{
"lowlevel": {
    "average_loudness": 0.911741375923,
    "barkbands_crest": {
        "dmean": 2.64462423325,
        "dmean2": 3.99716496468,
        "dvar": 9.87005805969,
        "dvar2": 19.0275974274,
        "max": 25.6342353821,
        "mean": 8.9898891449,
        "median": 6.70622777939,
        "min": 1.77710354328,
        "var": 33.2354316711
    },
    "barkbands_flatness_db": {
        "dmean": 0.0304164607078,
        "dmean2": 0.0433163382113,
        "dvar": 0.00173142063431,
        "dvar2": 0.00299908523448,
        "max": 0.491735398769,
        "mean": 0.117350906134,
        "median": 0.0914251282811,
        "min": 0.0111039662734,
        "var": 0.00817233044654
    },
    "barkbands_kurtosis": {
        "dmean": 7.72458696365,
        "dmean2": 11.1355476379,
        "dvar": 360.829528809,
        "dvar2": 688.657226562,
        "max": 257.722473145,
        "mean": 11.0825624466,
        "median": 0.70996761322,
        "min": -1.85915660858,
        "var": 862.801391602
    },
    "barkbands_skewness": {
        "dmean": 0.878477632999,
        "dmean2": 1.27595591545,
        "dvar": 1.72085392475,
        "dvar2": 3.15318369865,
        "max": 12.6547393799,
        "mean": 1.72110652924,
        "median": 0.902613580227,
        "min": -3.48700165749,
        "var": 6.09364700317
    },
    "barkbands_spread": {
        "dmean": 7.6155166626,
        "dmean2": 11.5638160706,
        "dvar": 95.8084487915,
        "dvar2": 194.630874634,
        "max": 110.281600952,
        "mean": 27.3191585541,
        "median": 24.805524826,
        "min": 0.333194673061,
        "var": 351.479980469
    },
    "dissonance": {
        "dmean": 0.0141291581094,
        "dmean2": 0.0241159126163,
        "dvar": 0.000329668750055,
        "dvar2": 0.000869192648679,
        "max": 0.500000178814,
        "mean": 0.48100733757,
        "median": 0.486800044775,
        "min": 0.167646482587,
        "var": 0.00044442867511
    },
    "dynamic_complexity": 3.38575339317,
    "erbbands_crest": {
        "dmean": 2.16322422028,
        "dmean2": 3.48159527779,
        "dvar": 5.58877372742,
        "dvar2": 13.0221128464,
        "max": 30.0599689484,
        "mean": 7.22980928421,
        "median": 6.20485973358,
        "min": 2.12380218506,
        "var": 15.7412929535
    },
    "erbbands_flatness_db": {
        "dmean": 0.0174069497734,
        "dmean2": 0.0264839250594,
        "dvar": 0.000530067132786,
        "dvar2": 0.00116805860307,
        "max": 0.430692076683,
        "mean": 0.137575462461,
        "median": 0.104453124106,
        "min": 0.0433848835528,
        "var": 0.00579627137631
    },
    "erbbands_kurtosis": {
        "dmean": 1.32573902607,
        "dmean2": 2.18785333633,
        "dvar": 12.0784196854,
        "dvar2": 30.5943222046,
        "max": 74.0747756958,
        "mean": 1.0678088665,
        "median": 0.169386148453,
        "min": -1.78224253654,
        "var": 17.1174411774
    },
    "erbbands_skewness": {
        "dmean": 0.432461231947,
        "dmean2": 0.657962858677,
        "dvar": 0.284340471029,
        "dvar2": 0.646009743214,
        "max": 6.87172365189,
        "mean": 0.320565730333,
        "median": 0.15192078054,
        "min": -3.48073458672,
        "var": 0.819984734058
    },
    "erbbands_spread": {
        "dmean": 9.28039073944,
        "dmean2": 14.0439777374,
        "dvar": 123.533348083,
        "dvar2": 246.349975586,
        "max": 145.87020874,
        "mean": 40.4053688049,
        "median": 38.0890235901,
        "min": 1.52620625496,
        "var": 544.498352051
    },
    "hfc": {
        "dmean": 13.0353546143,
        "dmean2": 19.532491684,
        "dvar": 346.853027344,
        "dvar2": 771.098571777,
        "max": 159.713027954,
        "mean": 28.6076469421,
        "median": 18.1995239258,
        "min": 1.15681751296e-16,
        "var": 820.036804199
    },
    "melbands_crest": {
        "dmean": 3.65078449249,
        "dmean2": 5.77178144455,
        "dvar": 16.0230255127,
        "dvar2": 34.7530670166,
        "max": 39.3554725647,
        "mean": 13.4296512604,
        "median": 11.036863327,
        "min": 1.65092623234,
        "var": 58.0504112244
    },
    "melbands_flatness_db": {
        "dmean": 0.0387828722596,
        "dmean2": 0.0540539100766,
        "dvar": 0.00265276920982,
        "dvar2": 0.00458728475496,
        "max": 0.649387538433,
        "mean": 0.182381600142,
        "median": 0.156245216727,
        "min": 0.00249294540845,
        "var": 0.0116831269115
    },
    "melbands_kurtosis": {
        "dmean": 19.0750808716,
        "dmean2": 27.0753726959,
        "dvar": 1968.82458496,
        "dvar2": 3668.00708008,
        "max": 943.512512207,
        "mean": 31.0318717957,
        "median": 4.38527584076,
        "min": -1.77006816864,
        "var": 5247.84814453
    },
    "melbands_skewness": {
        "dmean": 1.15566194057,
        "dmean2": 1.65993118286,
        "dvar": 2.88369512558,
        "dvar2": 5.32976531982,
        "max": 25.8628921509,
        "mean": 3.0037958622,
        "median": 1.86560344696,
        "min": -2.08113360405,
        "var": 11.318189621
    },
    "melbands_spread": {
        "dmean": 10.0449151993,
        "dmean2": 15.6535625458,
        "dvar": 229.199478149,
        "dvar2": 479.786834717,
        "max": 201.676803589,
        "mean": 29.8872623444,
        "median": 25.2202682495,
        "min": 0.197041139007,
        "var": 584.197937012
    },
    "pitch_salience": {
        "dmean": 0.0855681076646,
        "dmean2": 0.134326711297,
        "dvar": 0.0121849458665,
        "dvar2": 0.0227347873151,
        "max": 0.973458528519,
        "mean": 0.632867753506,
        "median": 0.704255580902,
        "min": 0.0217142347246,
        "var": 0.0366672426462
    },
    "silence_rate_20dB": {
        "dmean": 0,
        "dmean2": 0,
        "dvar": 0,
        "dvar2": 0,
        "max": 1,
        "mean": 1,
        "median": 1,
        "min": 1,
        "var": 0
    },
    "silence_rate_30dB": {
        "dmean": 0.000462962954771,
        "dmean2": 0.000926033128053,
        "dvar": 0.000462764379336,
        "dvar2": 0.00138825480826,
        "max": 1,
        "mean": 0.999768555164,
        "median": 1,
        "min": 0,
        "var": 0.000231368394452
    },
    "silence_rate_60dB": {
        "dmean": 0.0465277768672,
        "dmean2": 0.0929505750537,
        "dvar": 0.044364657253,
        "dvar2": 0.0982128977776,
        "max": 1,
        "mean": 0.0936234220862,
        "median": 0,
        "min": 0,
        "var": 0.0848640725017
    },
    "spectral_centroid": {
        "dmean": 333.529418945,
        "dmean2": 506.498321533,
        "dvar": 170205.21875,
        "dvar2": 330282.15625,
        "max": 11376.0195312,
        "mean": 1602.49560547,
        "median": 1529.59130859,
        "min": 139.038284302,
        "var": 599144.25
    },
    "spectral_complexity": {
        "dmean": 7.64490747452,
        "dmean2": 11.4356985092,
        "dvar": 75.444480896,
        "dvar2": 143.41973877,
        "max": 64,
        "mean": 23.7915744781,
        "median": 22,
        "min": 0,
        "var": 292.673156738
    },
    "spectral_decrease": {
        "dmean": 2.17691664695e-09,
        "dmean2": 3.45785622358e-09,
        "dvar": 8.96706549245e-18,
        "dvar2": 1.82503836398e-17,
        "max": -1.4153922773e-28,
        "mean": -6.59154864024e-09,
        "median": -5.38558619922e-09,
        "min": -3.22215427673e-08,
        "var": 3.22521459691e-17
    },
    "spectral_energy": {
        "dmean": 0.00899085216224,
        "dmean2": 0.0143078351393,
        "dvar": 0.000144412842928,
        "dvar2": 0.000305271096295,
        "max": 0.125836551189,
        "mean": 0.0274728834629,
        "median": 0.0231800600886,
        "min": 1.10268765585e-20,
        "var": 0.000506819516886
    },
    "spectral_energyband_high": {
        "dmean": 0.000891509989742,
        "dmean2": 0.00130246591289,
        "dvar": 2.23414372158e-06,
        "dvar2": 4.9334112191e-06,
        "max": 0.0159083623439,
        "mean": 0.00174575787969,
        "median": 0.000820136221591,
        "min": 7.97401221928e-21,
        "var": 4.93097559229e-06
    },
    "spectral_energyband_low": {
        "dmean": 0.00573739642277,
        "dmean2": 0.0089305350557,
        "dvar": 0.000134116387926,
        "dvar2": 0.000227545504458,
        "max": 0.112333141267,
        "mean": 0.0122594852,
        "median": 0.00549538061023,
        "min": 8.21696262213e-23,
        "var": 0.000354412361048
    },
    "spectral_energyband_middle_high": {
        "dmean": 0.00294956192374,
        "dmean2": 0.00484830513597,
        "dvar": 1.66068966791e-05,
        "dvar2": 3.89870619983e-05,
        "max": 0.0344860889018,
        "mean": 0.00588917266577,
        "median": 0.00404974678531,
        "min": 1.69877129204e-21,
        "var": 3.39113903465e-05
    },
    "spectral_energyband_middle_low": {
        "dmean": 0.00538732809946,
        "dmean2": 0.00866541359574,
        "dvar": 0.000110912173113,
        "dvar2": 0.000250646000495,
        "max": 0.0811417624354,
        "mean": 0.00858077500015,
        "median": 0.0051034130156,
        "min": 4.26798942786e-22,
        "var": 0.000129953346914
    },
    "spectral_entropy": {
        "dmean": 0.181522667408,
        "dmean2": 0.258947044611,
        "dvar": 0.0839206278324,
        "dvar2": 0.161291450262,
        "max": 9.78923511505,
        "mean": 7.86896419525,
        "median": 8.05572605133,
        "min": 4.18032455444,
        "var": 0.305286049843
    },
    "spectral_flux": {
        "dmean": 0.0337470397353,
        "dmean2": 0.0457305274904,
        "dvar": 0.00107665301766,
        "dvar2": 0.00215631723404,
        "max": 0.339861750603,
        "mean": 0.0985847562551,
        "median": 0.0855005532503,
        "min": 1.05008939044e-10,
        "var": 0.00435863109306
    },
    "spectral_kurtosis": {
        "dmean": 2.08344101906,
        "dmean2": 3.49069905281,
        "dvar": 27.666097641,
        "dvar2": 64.0397644043,
        "max": 95.8290023804,
        "mean": 5.40883827209,
        "median": 3.58835506439,
        "min": -1.19027268887,
        "var": 57.6035728455
    },
    "spectral_rms": {
        "dmean": 0.000935887102969,
        "dmean2": 0.00148488441482,
        "dvar": 1.33550372539e-06,
        "dvar2": 2.85554392576e-06,
        "max": 0.0110800433904,
        "mean": 0.00463865231723,
        "median": 0.00475549092516,
        "min": 3.27992797852e-12,
        "var": 5.28585223947e-06
    },
    "spectral_rolloff": {
        "dmean": 780.851318359,
        "dmean2": 1233.30395508,
        "dvar": 2038913.875,
        "dvar2": 3952654,
        "max": 17915.625,
        "mean": 2097.76733398,
        "median": 1593.45703125,
        "min": 21.533203125,
        "var": 4468641
    },
    "spectral_skewness": {
        "dmean": 0.250941723585,
        "dmean2": 0.405322760344,
        "dvar": 0.192660197616,
        "dvar2": 0.432377934456,
        "max": 8.46720314026,
        "mean": 1.66511726379,
        "median": 1.56627380848,
        "min": -0.776322960854,
        "var": 0.526267230511
    },
    "spectral_spread": {
        "dmean": 526189.25,
        "dmean2": 794974.125,
        "dvar": 621881655296,
        "dvar2": 1.20840323072e+12,
        "max": 40028600,
        "mean": 5297523,
        "median": 5652398,
        "min": 956348.0625,
        "var": 3.81049031885e+12
    },
    "spectral_strongpeak": {
        "dmean": 0.317589223385,
        "dmean2": 0.526811420918,
        "dvar": 0.222556591034,
        "dvar2": 0.58184248209,
        "max": 8.21753120422,
        "mean": 0.489736557007,
        "median": 0.309729099274,
        "min": 0,
        "var": 0.32653978467
    },
    "zerocrossingrate": {
        "dmean": 0.0192846786231,
        "dmean2": 0.0216089468449,
        "dvar": 0.000574411824346,
        "dvar2": 0.000618627702352,
        "max": 0.5908203125,
        "mean": 0.0806607156992,
        "median": 0.07275390625,
        "min": 0.00146484375,
        "var": 0.00327082118019
    },
    "barkbands": {
        "dmean": [0.000367298227502, 0.00468313787133, 0.00315277418122, 0.00202591274865, 0.00243314099498, 0.00119114783593, 0.000925482483581, 0.000566384172998, 0.000661654630676, 0.000430027517723, 0.000377992168069, 0.000548839045223, 0.000551958743017, 0.000714018475264, 0.000324360356899, 0.000314282864565, 0.000235691943089, 0.000269080570433, 0.000252034544246, 0.000260570319369, 0.000182881543878, 0.000116236173199, 0.000143667086377, 0.000152180160512, 0.000106147024781, 0.000153530418174, 3.32383642672e-05],
        "dmean2": [0.00060684455093, 0.00699967518449, 0.00537026347592, 0.00366674573161, 0.0043396553956, 0.00212881760672, 0.00161653116811, 0.000965336337686, 0.00109811301809, 0.000727683131117, 0.000653858180158, 0.000939926598221, 0.000934028474148, 0.00125325575937, 0.000534558144864, 0.000517838459928, 0.000377312826458, 0.000435068068327, 0.000414237147197, 0.000424045167165, 0.000293855875498, 0.000171378735104, 0.000227227210416, 0.000243965681875, 0.00015009593335, 0.000219763649511, 5.07241747982e-05],
        "dvar": [6.29185137768e-07, 0.000110761873657, 7.28617887944e-05, 3.13181626552e-05, 4.11224973504e-05, 1.06250581666e-05, 6.47351816951e-06, 1.43126396779e-06, 1.09713937491e-06, 5.06823141677e-07, 4.12615861478e-07, 9.75590751295e-07, 9.81495304586e-07, 1.80755955626e-06, 2.4579020419e-07, 2.2656092824e-07, 1.49147126649e-07, 2.07944566455e-07, 1.8625897269e-07, 1.93640659063e-07, 1.34388997708e-07, 3.87315246542e-08, 5.93871014587e-08, 6.77018476836e-08, 3.11482715176e-08, 7.28061735344e-08, 5.10164710477e-09],
        "dvar2": [1.42398425851e-06, 0.000174485816387, 0.000187791476492, 8.87105416041e-05, 0.000118902993563, 3.04486075038e-05, 1.72779582499e-05, 3.84799022868e-06, 2.80276822195e-06, 1.29449904307e-06, 1.08792016817e-06, 2.64997242994e-06, 2.55258805737e-06, 4.98247709402e-06, 6.07212371051e-07, 5.42964926353e-07, 3.59397915872e-07, 4.87165152663e-07, 4.49503090749e-07, 4.34545114558e-07, 3.20743168913e-07, 7.93307819436e-08, 1.41637372053e-07, 1.59804258715e-07, 5.65726985258e-08, 1.48931675881e-07, 1.18249534609e-08],
        "max": [0.0126532781869, 0.0860899090767, 0.0802951529622, 0.0451894551516, 0.0506452210248, 0.031749509275, 0.0361375026405, 0.0204572547227, 0.0166727080941, 0.0139095168561, 0.015696875751, 0.0118372393772, 0.0164638180286, 0.0149539625272, 0.00618307897821, 0.00526064261794, 0.00577204534784, 0.00821450632066, 0.0143373794854, 0.00783722288907, 0.0110371494666, 0.00238463073038, 0.00255760224536, 0.00304271117784, 0.00189958838746, 0.00289463810623, 0.000753921049181],
        "mean": [0.000487481156597, 0.00766929239035, 0.00322081637569, 0.00206264224835, 0.00254155392759, 0.00114671664778, 0.00087784929201, 0.000669097411446, 0.00103396247141, 0.000658243487123, 0.000482552539324, 0.000737327383831, 0.00076337356586, 0.000896056939382, 0.00051662948681, 0.000500340131111, 0.000390238157706, 0.000456586451037, 0.000397677707952, 0.000438757939264, 0.000282360706478, 0.00021421276324, 0.000256008905126, 0.000271443306701, 0.000192140578292, 0.000264807458734, 4.46812191512e-05],
        "median": [6.64314939058e-05, 0.00219082459807, 0.00105382339098, 0.000627968169283, 0.000854483339936, 0.00031646763091, 0.000260664819507, 0.000268045027042, 0.000528800999746, 0.000365339306882, 0.000223929338972, 0.000416735303588, 0.000384265498724, 0.000371088943211, 0.000230278208619, 0.000213032311876, 0.000136974660563, 0.000132251894684, 0.000138662027894, 0.000155985428137, 0.000122290570289, 8.04058217909e-05, 0.000103052894701, 9.28841764107e-05, 7.51200059312e-05, 8.42371446197e-05, 1.10264090836e-05],
        "min": [6.51344652739e-23, 3.63215668353e-23, 4.45624527688e-24, 4.9104799058e-23, 2.36793103672e-23, 3.65631602207e-23, 1.38690481406e-22, 6.54087111899e-23, 6.73690431611e-23, 1.32242660533e-22, 6.54465007827e-23, 1.15534977835e-22, 1.2307329478e-22, 1.47452656092e-22, 5.32790596935e-23, 1.49627867463e-22, 2.34299160941e-22, 2.96731152837e-22, 2.91930284207e-22, 2.63568222931e-22, 4.12113053791e-22, 7.30830328036e-22, 8.56078013772e-22, 6.2986062552e-22, 1.26371710289e-21, 1.94077372389e-21, 2.24776133068e-21],
        "var": [1.11488782295e-06, 0.000218489367398, 5.84902154515e-05, 2.02315804927e-05, 2.79922296613e-05, 7.51574907554e-06, 5.2959835557e-06, 1.33080425258e-06, 1.96198811864e-06, 8.63487741753e-07, 5.28605767158e-07, 1.04524326616e-06, 1.2318557765e-06, 1.75619027232e-06, 4.35881048588e-07, 4.11386452015e-07, 2.8823779985e-07, 4.70477317549e-07, 3.82891101935e-07, 4.04862589676e-07, 2.13382378433e-07, 9.32679213861e-08, 1.19059528458e-07, 1.39000064792e-07, 7.40845962355e-08, 1.521976003e-07, 7.05600555762e-09]
    },
    "erbbands": {
        "dmean": [0.151356622577, 1.11438322067, 3.27408266068, 5.18971395493, 7.07203388214, 8.22566318512, 10.58984375, 10.0891361237, 12.3962640762, 13.7844772339, 11.3210802078, 14.1702194214, 15.1186695099, 13.5117759705, 16.7010307312, 21.9439277649, 25.4807834625, 35.910118103, 21.1734580994, 16.4596862793, 15.6832971573, 12.9777297974, 14.355471611, 12.8507223129, 13.0641651154, 11.8783531189, 9.26329994202, 6.02475547791, 4.26315069199, 4.00355052948, 4.13894701004, 3.24669933319, 2.50141906738, 1.33829939365, 0.710377216339, 0.523285806179, 0.317576497793, 0.0831917822361, 0.00493835890666, 8.70692092576e-05],
        "dmean2": [0.227194458246, 1.60680902004, 5.29001998901, 9.12863826752, 12.7027349472, 14.9149303436, 18.7115592957, 17.9304504395, 21.7735424042, 23.9033946991, 18.8629837036, 23.5253543854, 25.3005466461, 22.8388252258, 29.0671310425, 37.5376281738, 43.4052734375, 62.9214248657, 35.7050743103, 27.3401508331, 25.5467605591, 20.6044006348, 22.9187374115, 20.9286766052, 21.7065830231, 19.1610355377, 15.2912721634, 9.3697681427, 6.40481948853, 6.10420799255, 6.61361885071, 5.18973875046, 3.91000556946, 1.97087407112, 1.013671875, 0.750360310078, 0.462195962667, 0.124501697719, 0.00728626549244, 0.000126386701595],
        "dvar": [0.133410051465, 6.30223464966, 65.4552154541, 210.355224609, 352.46194458, 504.147094727, 726.748779297, 789.425048828, 1179.2434082, 1106.94287109, 447.106384277, 546.800598145, 542.068664551, 738.719177246, 758.501159668, 1604.4720459, 2089.51049805, 4355.79638672, 1092.82067871, 610.094116211, 537.705627441, 463.040466309, 610.307678223, 470.641052246, 476.608459473, 411.084594727, 330.628082275, 130.447845459, 53.1778793335, 48.128162384, 49.5122261047, 28.6225528717, 19.2342147827, 4.845495224, 1.44747781754, 0.749578356743, 0.344436913729, 0.0267244707793, 0.000104084618215, 2.68969415629e-08],
        "dvar2": [0.281154304743, 9.60826873779, 156.612640381, 564.096618652, 1017.70703125, 1475.4552002, 2032.59265137, 2215.74707031, 3186.55224609, 3005.06811523, 1176.96337891, 1391.58850098, 1408.85083008, 1873.41052246, 2062.25976562, 4319.3828125, 5391.93652344, 11989.8652344, 2760.02783203, 1468.16516113, 1244.27832031, 1087.75720215, 1395.171875, 1111.49389648, 1171.91638184, 917.759277344, 784.014648438, 301.425506592, 112.782859802, 111.710868835, 116.54019928, 65.940788269, 44.0333175659, 9.25620555878, 2.81618309021, 1.48406136036, 0.733158648014, 0.0602997168899, 0.000228703778703, 5.84169974616e-08],
        "max": [3.36419129372, 20.2922000885, 61.7137565613, 151.29095459, 140.401733398, 175.394851685, 236.726394653, 273.645935059, 482.12588501, 395.223632812, 361.981872559, 383.154998779, 282.981140137, 848.508544922, 308.524688721, 674.095031738, 724.142028809, 716.239868164, 437.725708008, 280.320495605, 269.386322021, 361.647247314, 450.644256592, 691.308044434, 418.859558105, 364.557006836, 538.373596191, 214.556991577, 92.5201568604, 75.3858337402, 76.1920547485, 56.2917976379, 46.8861961365, 24.8084888458, 11.6149816513, 8.11195087433, 6.55685329437, 1.77983307838, 0.128182351589, 0.00193372904323],
        "mean": [0.211013481021, 1.70733594894, 3.9288547039, 5.39621114731, 7.82110452652, 7.79175949097, 10.2883815765, 9.64149188995, 11.8260316849, 14.2762594223, 14.3113279343, 21.6364746094, 25.6613426208, 19.4646549225, 22.2184123993, 30.6745319366, 36.1515235901, 46.1748657227, 32.3437156677, 26.9330711365, 26.340631485, 22.7712993622, 25.18699646, 21.6479759216, 20.4900493622, 20.1920051575, 14.026216507, 10.0048027039, 7.74493503571, 6.90082550049, 7.439037323, 5.98489379883, 4.38698339462, 2.44715452194, 1.22108256817, 0.880940616131, 0.5268856287, 0.131325393915, 0.00706501118839, 0.000156517096912],
        "median": [0.0354108698666, 0.49177518487, 1.56002509594, 1.7419372797, 2.50074458122, 2.41193771362, 2.50850915909, 2.59820532799, 3.39614248276, 4.91165876389, 7.07345104218, 11.7724437714, 13.3950576782, 11.165345192, 11.6176309586, 17.3797893524, 18.5530090332, 20.9170913696, 14.8768033981, 12.1779680252, 11.4184846878, 7.9948143959, 7.33435869217, 7.09362792969, 7.34248256683, 7.22624731064, 5.83336544037, 4.24532175064, 2.95828294754, 2.73717570305, 2.86885046959, 2.16677355766, 1.45854353905, 0.929662168026, 0.486733675003, 0.316042095423, 0.158665642142, 0.0351836569607, 0.00186036480591, 8.54823811096e-05],
        "min": [1.35854459556e-21, 7.59463843291e-21, 6.37566299621e-21, 8.31004901169e-20, 1.09870924022e-19, 6.41237907175e-20, 1.63917780797e-19, 3.95981052752e-19, 1.61134287017e-18, 2.16302787778e-18, 9.5194912403e-19, 9.28412940471e-19, 4.3255209833e-18, 3.24851528215e-18, 3.05524101651e-18, 5.50912462282e-18, 5.78387431764e-18, 6.56796130182e-18, 4.78090045413e-18, 4.09087507253e-18, 9.82922261003e-18, 1.48311333161e-17, 1.61874001552e-17, 1.63322477522e-17, 1.17321350656e-17, 1.40030394962e-17, 1.72425451271e-17, 1.62578875239e-17, 2.15064626614e-17, 3.12615111588e-17, 2.16851601435e-17, 1.22702317705e-17, 1.35373682442e-17, 1.28256628723e-17, 9.79984777211e-18, 6.72792521099e-18, 3.86483225372e-18, 1.2146522774e-18, 3.33414455387e-19, 3.02542149147e-20],
        "var": [0.222973585129, 11.6898803711, 65.3168487549, 157.344146729, 230.555847168, 336.457427979, 580.292114258, 590.046386719, 965.712524414, 881.144470215, 464.085845947, 859.955444336, 1320.95947266, 906.567749023, 858.442260742, 1824.87109375, 2704.03881836, 4388.64794922, 1684.97729492, 1106.59338379, 1104.28942871, 962.843017578, 1432.03674316, 1046.47167969, 861.837036133, 861.680297852, 561.872741699, 221.963806152, 121.97870636, 94.4087753296, 101.719657898, 65.5946731567, 38.2511558533, 11.6598300934, 3.14092588425, 1.61372482777, 0.65495043993, 0.0455205962062, 0.000160159921506, 4.74012544771e-08]
    },
    "gfcc": {
        "mean": [-3.45199942589, 63.0619926453, -110.051643372, 20.9892635345, -46.2539138794, 16.1694221497, -31.3644256592, 6.62089729309, -25.334695816, 2.53477239609, -19.0775241852, -1.03922736645, -15.2925262451],
        "cov": [[15445.5986328, -3354.64526367, 1510.71508789, 763.175720215, -128.450454712, 333.081207275, -669.19329834, 662.942443848, -296.449005127, 507.243225098, -300.58190918, 294.63885498, -639.458129883], [-3354.64526367, 2296.81445312, -834.644897461, -166.442840576, 110.207275391, -154.576507568, 146.296218872, -479.509185791, 133.570953369, -337.520294189, 212.080001831, -236.944458008, 252.8097229], [1510.71508789, -834.644897461, 2595.01757812, 654.052429199, 361.195953369, 305.486724854, -165.335479736, 499.761413574, -88.1872329712, 293.269805908, -181.047195435, 301.684570312, -144.507888794], [763.175720215, -166.442840576, 654.052429199, 607.431030273, 152.213943481, 130.522735596, -0.77863317728, 78.2460098267, 32.9299430847, 34.0909423828, 13.7956609726, 50.4729003906, -7.73218870163], [-128.450454712, 110.207275391, 361.195953369, 152.213943481, 377.98638916, 90.1899337769, 36.8910675049, 95.290397644, 5.02061367035, 32.651260376, -18.6023311615, 32.6006622314, 3.35907626152], [333.081207275, -154.576507568, 305.486724854, 130.522735596, 90.1899337769, 260.942504883, 43.9075012207, 108.790267944, 32.5243415833, 11.4387931824, -21.7095222473, 23.9888038635, -14.0566616058], [-669.19329834, 146.296218872, -165.335479736, -0.77863317728, 36.8910675049, 43.9075012207, 196.251617432, 24.2651672363, 53.0889015198, -34.5107192993, 7.45868492126, -23.1399040222, 45.9736099243], [662.942443848, -479.509185791, 499.761413574, 78.2460098267, 95.290397644, 108.790267944, 24.2651672363, 331.193908691, 32.2597198486, 138.669708252, -67.1604766846, 98.6474304199, -68.5812454224], [-296.449005127, 133.570953369, -88.1872329712, 32.9299430847, 5.02061367035, 32.5243415833, 53.0889015198, 32.2597198486, 140.121658325, 14.1004304886, 43.4295692444, -22.8904018402, 27.6749210358], [507.243225098, -337.520294189, 293.269805908, 34.0909423828, 32.651260376, 11.4387931824, -34.5107192993, 138.669708252, 14.1004304886, 177.323699951, 0.962821662426, 81.8771591187, -44.0926856995], [-300.58190918, 212.080001831, -181.047195435, 13.7956609726, -18.6023311615, -21.7095222473, 7.45868492126, -67.1604766846, 43.4295692444, 0.962821662426, 124.385375977, -3.84662175179, 38.3480453491], [294.63885498, -236.944458008, 301.684570312, 50.4729003906, 32.6006622314, 23.9888038635, -23.1399040222, 98.6474304199, -22.8904018402, 81.8771591187, -3.84662175179, 133.880889893, 1.64249682426], [-639.458129883, 252.8097229, -144.507888794, -7.73218870163, 3.35907626152, -14.0566616058, 45.9736099243, -68.5812454224, 27.6749210358, -44.0926856995, 38.3480453491, 1.64249682426, 101.406478882]],
        "icov": [[0.000131182459882, 6.95180569892e-05, 0.00011798646301, -0.000227732030908, 4.87745346618e-05, -0.000154057488544, 0.00036193462438, -0.00010197917436, 0.000128522442537, -9.44330095081e-05, 0.000119060605357, -0.000114375005069, 0.000429348787293], [6.95180569892e-05, 0.00150753057096, -0.00047862433712, 0.000678900862113, -0.000963117985521, 0.000707260274794, -0.000227766591706, 0.000996176502667, -0.00117778056301, 0.00181812630035, -0.00181491451804, 0.00132216722704, -0.00126643874682], [0.00011798646301, -0.00047862433712, 0.00149601220619, -0.00142012292054, 3.16607547575e-05, -0.000964136852417, 0.00135989696719, -0.00109789788257, 0.00103351415601, -0.0013671182096, 0.00192145630717, -0.00167631893419, 0.000891132745892], [-0.000227732030908, 0.000678900862113, -0.00142012292054, 0.00360480858944, -0.00100870197639, 0.000324131222442, -0.00123373710085, 0.00137045572046, -0.00180372910108, 0.00188280350994, -0.00247568567283, 0.000990582397208, -0.0010818411829], [4.87745346618e-05, -0.000963117985521, 3.16607547575e-05, -0.00100870197639, 0.00410033529624, -0.00099332164973, -0.000238616485149, -0.00137417705264, 0.00156208046246, -0.00155790511053, 0.00107041397132, -0.000102450205304, 7.5331525295e-05], [-0.000154057488544, 0.000707260274794, -0.000964136852417, 0.000324131222442, -0.00099332164973, 0.00617164047435, -0.00170514639467, -0.000546438328456, -0.00193484290503, 0.00290456810035, -0.0014640071895, 0.000741514144465, -0.000459422211861], [0.00036193462438, -0.000227766591706, 0.00135989696719, -0.00123373710085, -0.000238616485149, -0.00170514639467, 0.00905414484441, -0.00319470278919, -0.000137347655254, 0.000173367341631, 0.00153953488916, 0.000426265032729, -0.00227607274428], [-0.00010197917436, 0.000996176502667, -0.00109789788257, 0.00137045572046, -0.00137417705264, -0.000546438328456, -0.00319470278919, 0.0102566620335, -0.00496013695374, -0.00172747788019, 0.00227032462135, -0.00350240198895, 0.00356881693006], [0.000128522442537, -0.00117778056301, 0.00103351415601, -0.00180372910108, 0.00156208046246, -0.00193484290503, -0.000137347655254, -0.00496013695374, 0.0137477582321, -0.00427736341953, -0.00235283444636, 0.00452077900991, -0.00332549447194], [-9.44330095081e-05, 0.00181812630035, -0.0013671182096, 0.00188280350994, -0.00155790511053, 0.00290456810035, 0.000173367341631, -0.00172747788019, -0.00427736341953, 0.0151674738154, -0.00560058886185, -0.0032371156849, 0.00220726104453], [0.000119060605357, -0.00181491451804, 0.00192145630717, -0.00247568567283, 0.00107041397132, -0.0014640071895, 0.00153953488916, 0.00227032462135, -0.00235283444636, -0.00560058886185, 0.0160506181419, -0.00479942653328, 0.000638787751086], [-0.000114375005069, 0.00132216722704, -0.00167631893419, 0.000990582397208, -0.000102450205304, 0.000741514144465, 0.000426265032729, -0.00350240198895, 0.00452077900991, -0.0032371156849, -0.00479942653328, 0.0187478177249, -0.00991647969931], [0.000429348787293, -0.00126643874682, 0.000891132745892, -0.0010818411829, 7.5331525295e-05, -0.000459422211861, -0.00227607274428, 0.00356881693006, -0.00332549447194, 0.00220726104453, 0.000638787751086, -0.00991647969931, 0.0220790617168]]
    },
    "melbands": {
        "dmean": [0.00130870973226, 0.0014654629631, 0.000923563726246, 0.000512804894242, 0.000384696642868, 0.000224506264203, 0.000190205682884, 0.000147203492816, 9.00743834791e-05, 9.6020354249e-05, 7.6009244367e-05, 5.53708268853e-05, 5.39802204003e-05, 5.97641628701e-05, 6.21369981673e-05, 5.50242548343e-05, 7.20956595615e-05, 3.77591168217e-05, 2.40036733885e-05, 2.35425741266e-05, 1.81283921847e-05, 1.38803043228e-05, 1.49120796777e-05, 1.23064664876e-05, 1.09509101094e-05, 9.252140444e-06, 1.0675111298e-05, 7.92436185293e-06, 6.50500032862e-06, 4.91075388709e-06, 3.26824056174e-06, 2.50945799962e-06, 2.35786660596e-06, 2.35819402405e-06, 2.47563252742e-06, 2.45997762249e-06, 1.95710003936e-06, 1.93496794054e-06, 1.51344204369e-06, 1.05812534912e-06],
        "dmean2": [0.00189783773385, 0.00210883514956, 0.00159620051272, 0.000934050942305, 0.000678470765706, 0.000398978794692, 0.000332989380695, 0.000254227255937, 0.000149452709593, 0.000159483548487, 0.000127641586005, 9.3671020295e-05, 9.37164513743e-05, 0.000103624384792, 0.000105268452899, 9.41272737691e-05, 0.000126460596221, 6.44842148176e-05, 3.97633411922e-05, 3.94340750063e-05, 2.9408131013e-05, 2.23726947297e-05, 2.38263201027e-05, 1.97454537556e-05, 1.79655780812e-05, 1.53868804773e-05, 1.77491056093e-05, 1.29320351334e-05, 1.08332587843e-05, 8.1503567344e-06, 5.10849122293e-06, 3.86568308386e-06, 3.54906887878e-06, 3.7763616092e-06, 4.02774503527e-06, 3.92338142774e-06, 3.16984414894e-06, 3.11708458867e-06, 2.30572459259e-06, 1.5789646568e-06],
        "dvar": [8.86081306817e-06, 1.00104043668e-05, 5.70165366298e-06, 2.09354220715e-06, 9.61728801485e-07, 3.88169155485e-07, 2.8162247645e-07, 1.1648710796e-07, 2.60469690261e-08, 2.49280489584e-08, 1.38365763291e-08, 1.23618066894e-08, 7.59748797208e-09, 1.22577219486e-08, 1.34154412024e-08, 8.71871552732e-09, 1.90251974175e-08, 3.64546903775e-09, 1.36988020927e-09, 1.38645461778e-09, 7.16951775726e-10, 5.10498032735e-10, 6.79337974763e-10, 4.4413789313e-10, 3.57585960842e-10, 2.66969502061e-10, 3.28006427575e-10, 1.86715018446e-10, 1.57148433155e-10, 1.07565449603e-10, 3.608331689e-11, 1.8337062771e-11, 1.63086922439e-11, 1.70849254882e-11, 1.82237940016e-11, 1.80453273851e-11, 1.04342558899e-11, 1.17595698804e-11, 6.67188353176e-12, 3.01241605445e-12],
        "dvar2": [1.60067593242e-05, 1.96785131266e-05, 1.50688292706e-05, 6.16868373982e-06, 2.66260349235e-06, 1.09790050828e-06, 7.54069276354e-07, 3.14985953764e-07, 6.78668001797e-08, 6.37721200292e-08, 3.60916594389e-08, 3.13344976632e-08, 2.03848067315e-08, 3.40354624484e-08, 3.51853941538e-08, 2.30237695575e-08, 5.26780681298e-08, 9.38704580733e-09, 3.39329897514e-09, 3.46299611209e-09, 1.66681057845e-09, 1.23804955177e-09, 1.62086599698e-09, 1.03549879782e-09, 8.64208093976e-10, 6.58093413097e-10, 7.92166165997e-10, 4.37061720149e-10, 3.74526770708e-10, 2.74101796816e-10, 8.09893957454e-11, 3.97535580843e-11, 3.49536025124e-11, 4.26660720643e-11, 4.58767225597e-11, 4.09777489718e-11, 2.4685090777e-11, 2.80862416657e-11, 1.36520334967e-11, 6.13206360689e-12],
        "max": [0.0253358520567, 0.0278568156064, 0.0229565910995, 0.0114936903119, 0.0103359920904, 0.00604846933857, 0.00782781466842, 0.00441706646234, 0.00257105031051, 0.00274898088537, 0.00149837951176, 0.00345240393654, 0.00155191670638, 0.00137279217597, 0.00321918586269, 0.00125762342941, 0.00158946542069, 0.000777512905188, 0.000501747941598, 0.000465630640974, 0.000327846501023, 0.000335445714882, 0.000432302884292, 0.000473658030387, 0.000669695378747, 0.000526552321389, 0.000287864590064, 0.000303114764392, 0.000389889959479, 0.000345834967447, 7.98405017122e-05, 5.89931878494e-05, 5.47086019651e-05, 4.91983628308e-05, 5.20796747878e-05, 6.2748498749e-05, 3.84215636586e-05, 3.51865346602e-05, 2.76296304946e-05, 1.97636654775e-05],
        "mean": [0.00200443342328, 0.00222238339484, 0.00106328784022, 0.000536181149073, 0.000377921416657, 0.000216131666093, 0.000181964263902, 0.000157831498655, 0.000114860238682, 0.000147607002873, 0.000127448802232, 7.7266835433e-05, 7.02286051819e-05, 7.70334227127e-05, 8.67026828928e-05, 7.44681019569e-05, 8.88370923349e-05, 5.38985368621e-05, 3.78536642529e-05, 3.54989279003e-05, 2.94431738439e-05, 2.26881184062e-05, 2.45354312938e-05, 2.0489012968e-05, 1.72644922714e-05, 1.42292456076e-05, 1.56099431479e-05, 1.28940182549e-05, 9.4146689662e-06, 6.8376712079e-06, 5.36265088158e-06, 4.38289544036e-06, 3.98021029469e-06, 3.74621936317e-06, 4.14817623096e-06, 4.3561099119e-06, 3.46355250258e-06, 3.20482899951e-06, 2.6249590519e-06, 1.84700695627e-06],
        "median": [0.000532953243237, 0.000872433942277, 0.000385684514185, 0.000184783188161, 9.45249339566e-05, 5.89821975154e-05, 5.18086271768e-05, 5.54757280042e-05, 5.95720557612e-05, 7.24258497939e-05, 6.46151893307e-05, 4.3561180064e-05, 3.4437784052e-05, 4.34864232375e-05, 4.24705904152e-05, 3.86802930734e-05, 3.69118679373e-05, 2.35015104408e-05, 1.70080074895e-05, 1.48242961586e-05, 1.23600448205e-05, 8.06548632681e-06, 7.01666658642e-06, 5.94506855123e-06, 5.6705030147e-06, 5.0297812777e-06, 5.14260227646e-06, 4.50309426014e-06, 3.62446962754e-06, 2.93243670058e-06, 2.15303725781e-06, 1.64930588653e-06, 1.4047619743e-06, 1.52055690705e-06, 1.58746058787e-06, 1.59571607128e-06, 1.17155809676e-06, 1.01414411802e-06, 8.76876811162e-07, 7.18880812656e-07],
        "min": [1.46863291799e-23, 5.37501066838e-24, 1.67400307279e-23, 5.41617224712e-24, 5.35358481176e-24, 8.91823740545e-24, 2.63493836503e-23, 2.23582838953e-23, 6.86449956986e-24, 7.93016466698e-24, 2.2208419256e-23, 1.36968467469e-23, 8.57402347149e-24, 1.36263352038e-23, 1.39905475506e-23, 1.15705021536e-23, 1.24371329112e-23, 9.03680004406e-24, 4.1919816068e-24, 7.87513136364e-24, 1.14202351952e-23, 1.45510000916e-23, 1.5767164861e-23, 1.38596013735e-23, 1.3823165466e-23, 8.80992838089e-24, 7.99998516797e-24, 9.41603309134e-24, 9.49374930113e-24, 1.05463248292e-23, 9.20961501371e-24, 1.23254104855e-23, 1.37556011072e-23, 1.81355461796e-23, 1.33900713627e-23, 9.89937921202e-24, 6.2534534347e-24, 9.79473444636e-24, 8.87889139008e-24, 1.13408331897e-23],
        "var": [1.66485006048e-05, 1.60769996e-05, 4.4896696636e-06, 1.27876387523e-06, 7.96446045115e-07, 2.83257548972e-07, 2.34601543525e-07, 9.66914939227e-08, 2.86413825989e-08, 4.23549195716e-08, 3.30681650951e-08, 1.49236321079e-08, 9.37038002746e-09, 1.15714664517e-08, 1.91659381699e-08, 1.01345341008e-08, 1.8191574469e-08, 5.05843056331e-09, 2.33241292946e-09, 2.18440732169e-09, 1.46838141646e-09, 9.73606750776e-10, 1.38047340226e-09, 1.00986941032e-09, 7.37692795738e-10, 5.08489750306e-10, 5.52827950084e-10, 3.65150160109e-10, 2.64766097935e-10, 1.41288300504e-10, 6.34888738804e-11, 4.05528111092e-11, 3.43969019934e-11, 2.8548188119e-11, 3.26674312601e-11, 3.78809379697e-11, 2.28462544022e-11, 2.14392947839e-11, 1.44382171149e-11, 6.75630688549e-12]
    },
    "mfcc": {
        "mean": [-650.261169434, 104.460594177, -4.13459300995, 13.0061616898, 6.2433924675, 9.08010959625, 5.85747051239, 3.73814201355, 0.408089220524, 4.72159147263, -1.95820593834, -0.0876954644918, -4.26932001114],
        "cov": [[13637.1494141, -2233.07421875, 244.447219849, 331.341583252, 243.262786865, -162.761581421, -120.052368164, -51.6528587341, -219.167755127, 240.017440796, 42.5644950867, 127.9478302, 28.3450222015], [-2233.07421875, 1572.53771973, -421.340057373, -117.994400024, -49.6535682678, 69.1360702515, -26.0612449646, -71.8741989136, -61.7569961548, -132.414886475, -53.9499053955, -85.7291870117, -40.8446884155], [244.447219849, -421.340057373, 1658.35705566, 494.241088867, 492.063537598, 139.982940674, 89.5335235596, 189.391082764, 126.297554016, 87.2687530518, 79.7022705078, 12.6483917236, 117.55909729], [331.341583252, -117.994400024, 494.241088867, 503.498596191, 259.474365234, 73.0017318726, 77.6050186157, 44.7884063721, 52.1122703552, 10.9013261795, 17.9672718048, 32.8714790344, 36.7586135864], [243.262786865, -49.6535682678, 492.063537598, 259.474365234, 440.989685059, 98.6554794312, 89.9349212646, 85.9536895752, 66.6403656006, 51.8411331177, 48.8281822205, 19.9524650574, 37.735874176], [-162.761581421, 69.1360702515, 139.982940674, 73.0017318726, 98.6554794312, 208.198822021, 52.1192550659, 60.5518264771, 16.107219696, 9.09394645691, -17.4721374512, -14.5189657211, 10.1003141403], [-120.052368164, -26.0612449646, 89.5335235596, 77.6050186157, 89.9349212646, 52.1192550659, 145.248397827, 69.1060028076, 53.5197105408, 18.6830921173, 13.0409078598, 6.38779163361, 2.05046534538], [-51.6528587341, -71.8741989136, 189.391082764, 44.7884063721, 85.9536895752, 60.5518264771, 69.1060028076, 180.684707642, 96.3326950073, 50.5223312378, 33.1723899841, 9.27150058746, 9.83019161224], [-219.167755127, -61.7569961548, 126.297554016, 52.1122703552, 66.6403656006, 16.107219696, 53.5197105408, 96.3326950073, 162.678115845, 58.6093177795, 43.282333374, 20.9004573822, 9.15869426727], [240.017440796, -132.414886475, 87.2687530518, 10.9013261795, 51.8411331177, 9.09394645691, 18.6830921173, 50.5223312378, 58.6093177795, 130.077819824, 54.7085952759, 31.2010154724, 25.5228614807], [42.5644950867, -53.9499053955, 79.7022705078, 17.9672718048, 48.8281822205, -17.4721374512, 13.0409078598, 33.1723899841, 43.282333374, 54.7085952759, 95.2741775513, 40.8403625488, 33.4668273926], [127.9478302, -85.7291870117, 12.6483917236, 32.8714790344, 19.9524650574, -14.5189657211, 6.38779163361, 9.27150058746, 20.9004573822, 31.2010154724, 40.8403625488, 75.6835479736, 34.3478279114], [28.3450222015, -40.8446884155, 117.55909729, 36.7586135864, 37.735874176, 10.1003141403, 2.05046534538, 9.83019161224, 9.15869426727, 25.5228614807, 33.4668273926, 34.3478279114, 81.4737930298]],
