{
"lowlevel": {
    "average_loudness": 0.885590016842,
    "barkbands_crest": {
        "dmean": 3.01482987404,
        "dmean2": 4.9010477066,
        "dvar": 8.54381084442,
        "dvar2": 23.5951290131,
        "max": 25.8296127319,
        "mean": 12.6761083603,
        "median": 12.3106489182,
        "min": 2.60252690315,
        "var": 21.091884613
    },
    "barkbands_flatness_db": {
        "dmean": 0.0345317833126,
        "dmean2": 0.0538375712931,
        "dvar": 0.00125152035616,
        "dvar2": 0.00315986410715,
        "max": 0.401681303978,
        "mean": 0.136067822576,
        "median": 0.125302881002,
        "min": 0.021362606436,
        "var": 0.00384589051828
    },
    "barkbands_kurtosis": {
        "dmean": 5.96815443039,
        "dmean2": 9.61591529846,
        "dvar": 93.0320358276,
        "dvar2": 239.219329834,
        "max": 175.961624146,
        "mean": 8.22898578644,
        "median": 4.17408370972,
        "min": -1.90442323685,
        "var": 157.116195679
    },
    "barkbands_skewness": {
        "dmean": 0.787589848042,
        "dmean2": 1.2726585865,
        "dvar": 0.855778038502,
        "dvar2": 2.29921913147,
        "max": 12.2162780762,
        "mean": 2.32269477844,
        "median": 2.01157855988,
        "min": -2.21537446976,
        "var": 1.88679087162
    },
    "barkbands_spread": {
        "dmean": 11.0288610458,
        "dmean2": 17.9155216217,
        "dvar": 160.51461792,
        "dvar2": 443.199737549,
        "max": 121.160568237,
        "mean": 25.8510189056,
        "median": 21.8711242676,
        "min": 0.439510643482,
        "var": 281.792999268
    },
    "dissonance": {
        "dmean": 0.0234401784837,
        "dmean2": 0.0397845208645,
        "dvar": 0.000485953059979,
        "dvar2": 0.00136562041007,
        "max": 0.5,
        "mean": 0.45386043191,
        "median": 0.46171849966,
        "min": 0.226510047913,
        "var": 0.00112393463496
    },
    "dynamic_complexity": 3.27356791496,
    "erbbands_crest": {
        "dmean": 2.91565537453,
        "dmean2": 4.78505849838,
        "dvar": 7.66110181808,
        "dvar2": 20.2825260162,
        "max": 28.2377147675,
        "mean": 8.95292186737,
        "median": 8.12350082397,
        "min": 2.04703092575,
        "var": 18.7207679749
    },
    "erbbands_flatness_db": {
        "dmean": 0.0174982268363,
        "dmean2": 0.0268203299493,
        "dvar": 0.00031901805778,
        "dvar2": 0.000626995635685,
        "max": 0.417369455099,
        "mean": 0.121653296053,
        "median": 0.101822733879,
        "min": 0.0384782627225,
        "var": 0.00348439929076
    },
    "erbbands_kurtosis": {
        "dmean": 1.0394153595,
        "dmean2": 1.70415818691,
        "dvar": 2.15724682808,
        "dvar2": 5.32307386398,
        "max": 29.091091156,
        "mean": 0.428484708071,
        "median": -0.0905292034149,
        "min": -1.79855775833,
        "var": 4.41877555847
    },
    "erbbands_skewness": {
        "dmean": 0.441211074591,
        "dmean2": 0.706836700439,
        "dvar": 0.178664460778,
        "dvar2": 0.473272562027,
        "max": 4.78305101395,
        "mean": 0.783298492432,
        "median": 0.800310015678,
        "min": -2.21141624451,
        "var": 0.457273244858
    },
    "erbbands_spread": {
        "dmean": 11.7717866898,
        "dmean2": 18.344455719,
        "dvar": 148.55406189,
        "dvar2": 352.586883545,
        "max": 182.995513916,
        "mean": 57.3585243225,
        "median": 53.8591079712,
        "min": 2.45412158966,
        "var": 761.414611816
    },
    "hfc": {
        "dmean": 17.921415329,
        "dmean2": 30.260383606,
        "dvar": 889.118347168,
        "dvar2": 2451.41381836,
        "max": 219.585266113,
        "mean": 32.1964530945,
        "median": 23.0680675507,
        "min": 1.09879191796e-16,
        "var": 1037.96923828
    },
    "melbands_crest": {
        "dmean": 3.21054315567,
        "dmean2": 5.42558574677,
        "dvar": 10.875213623,
        "dvar2": 30.510187149,
        "max": 39.1717338562,
        "mean": 15.8672294617,
        "median": 15.3846035004,
        "min": 1.69981908798,
        "var": 26.1896953583
    },
    "melbands_flatness_db": {
        "dmean": 0.0413482226431,
        "dmean2": 0.0650964900851,
        "dvar": 0.00189134932589,
        "dvar2": 0.00490828137845,
        "max": 0.511795520782,
        "mean": 0.213347539306,
        "median": 0.202863782644,
        "min": 0.00260087219067,
        "var": 0.00536798965186
    },
    "melbands_kurtosis": {
        "dmean": 16.1536655426,
        "dmean2": 26.6090164185,
        "dvar": 939.554626465,
        "dvar2": 2452.72851562,
        "max": 479.257598877,
        "mean": 30.7593631744,
        "median": 16.9255752563,
        "min": -1.53253686428,
        "var": 1609.80517578
    },
    "melbands_skewness": {
        "dmean": 0.994020223618,
        "dmean2": 1.62784051895,
        "dvar": 1.66302955151,
        "dvar2": 4.38004779816,
        "max": 17.0205402374,
        "mean": 3.97192835808,
        "median": 3.41402029991,
        "min": -0.445419073105,
        "var": 4.86784887314
    },
    "melbands_spread": {
        "dmean": 7.32514953613,
        "dmean2": 12.2233800888,
        "dvar": 92.3123092651,
        "dvar2": 247.874420166,
        "max": 170.680557251,
        "mean": 17.4967269897,
        "median": 14.8251628876,
        "min": 0.632486522198,
        "var": 233.290664673
    },
    "pitch_salience": {
        "dmean": 0.0876869633794,
        "dmean2": 0.14563678205,
        "dvar": 0.00840897019953,
        "dvar2": 0.0220691598952,
        "max": 0.931708097458,
        "mean": 0.502484977245,
        "median": 0.502757549286,
        "min": 0.0547856986523,
        "var": 0.0170070789754
    },
    "silence_rate_20dB": {
        "dmean": 0,
        "dmean2": 0,
        "dvar": 0,
        "dvar2": 0,
        "max": 1,
        "mean": 1,
        "median": 1,
        "min": 1,
        "var": 0
    },
    "silence_rate_30dB": {
        "dmean": 0.0337234996259,
        "dmean2": 0.0674525201321,
        "dvar": 0.032586697489,
        "dvar2": 0.0869755968451,
        "max": 1,
        "mean": 0.977819621563,
        "median": 1,
        "min": 0,
        "var": 0.0216857660562
    },
    "silence_rate_60dB": {
        "dmean": 0.0219366457313,
        "dmean2": 0.0438768826425,
        "dvar": 0.0214588977396,
        "dvar2": 0.0476811937988,
        "max": 1,
        "mean": 0.0844655409455,
        "median": 0,
        "min": 0,
        "var": 0.0773343518376
    },
    "spectral_centroid": {
        "dmean": 350.754974365,
        "dmean2": 568.106323242,
        "dvar": 149856.6875,
        "dvar2": 408593.8125,
        "max": 11627.3828125,
        "mean": 1201.06323242,
        "median": 1144.43652344,
        "min": 209.496109009,
        "var": 812830.1875
    },
    "spectral_complexity": {
        "dmean": 4.61258888245,
        "dmean2": 7.81172227859,
        "dvar": 36.2450828552,
        "dvar2": 94.1216049194,
        "max": 52,
        "mean": 15.6392211914,
        "median": 14,
        "min": 0,
        "var": 76.4684371948
    },
    "spectral_decrease": {
        "dmean": 2.64729815846e-09,
        "dmean2": 4.26562296596e-09,
        "dvar": 1.6407466594e-17,
        "dvar2": 3.80934903141e-17,
        "max": 1.91602344224e-28,
        "mean": -9.09579167541e-09,
        "median": -9.30589294512e-09,
        "min": -4.38128608948e-08,
        "var": 5.20157043383e-17
    },
    "spectral_energy": {
        "dmean": 0.0107332933694,
        "dmean2": 0.0170794911683,
        "dvar": 0.000246368086664,
        "dvar2": 0.000551642267965,
        "max": 0.167955294251,
        "mean": 0.0372500568628,
        "median": 0.0382909104228,
        "min": 1.01626642654e-20,
        "var": 0.000840438238811
    },
    "spectral_energyband_high": {
        "dmean": 0.00159058778081,
        "dmean2": 0.00273023312911,
        "dvar": 6.91599962011e-06,
        "dvar2": 1.96352757484e-05,
        "max": 0.0179137513041,
        "mean": 0.00228378386237,
        "median": 0.00129086663947,
        "min": 7.01251896256e-21,
        "var": 7.52273490434e-06
    },
    "spectral_energyband_low": {
        "dmean": 0.00558074004948,
        "dmean2": 0.00939360074699,
        "dvar": 0.000177417023224,
        "dvar2": 0.000467037956696,
        "max": 0.157515048981,
        "mean": 0.0179280973971,
        "median": 0.014196283184,
        "min": 1.62469516413e-23,
        "var": 0.000445302925073
    },
    "spectral_energyband_middle_high": {
        "dmean": 0.00187542219646,
        "dmean2": 0.00323719461448,
        "dvar": 1.26590912259e-05,
        "dvar2": 3.48728608515e-05,
        "max": 0.0349619016051,
        "mean": 0.00330481049605,
        "median": 0.00204864097759,
        "min": 1.21606717791e-21,
        "var": 1.51622989506e-05
    },
    "spectral_energyband_middle_low": {
        "dmean": 0.00811794679612,
        "dmean2": 0.0135935684666,
        "dvar": 0.000213501960388,
        "dvar2": 0.000540431239642,
        "max": 0.115484118462,
        "mean": 0.0148076834157,
        "median": 0.0110211372375,
        "min": 1.65116879969e-22,
        "var": 0.000227056036238
    },
    "spectral_entropy": {
        "dmean": 0.32473757863,
        "dmean2": 0.51198977232,
        "dvar": 0.093299664557,
        "dvar2": 0.254576951265,
        "max": 9.81931495667,
        "mean": 7.61499929428,
        "median": 7.7908873558,
        "min": 4.84842157364,
        "var": 0.547575592995
    },
    "spectral_flux": {
        "dmean": 0.0337764881551,
        "dmean2": 0.0487653762102,
        "dvar": 0.00153574824799,
        "dvar2": 0.00285923457704,
        "max": 0.394499272108,
        "mean": 0.091986477375,
        "median": 0.0778003111482,
        "min": 6.31326727007e-11,
        "var": 0.0044551868923
    },
    "spectral_kurtosis": {
        "dmean": 1.93911457062,
        "dmean2": 2.96104717255,
        "dvar": 31.0409698486,
        "dvar2": 66.7372741699,
        "max": 136.859069824,
        "mean": 4.3810005188,
        "median": 2.17799758911,
        "min": -1.39153134823,
        "var": 82.6712112427
    },
    "spectral_rms": {
        "dmean": 0.000789057987276,
        "dmean2": 0.00125045946334,
        "dvar": 8.95014920843e-07,
        "dvar2": 2.00966019293e-06,
        "max": 0.0128007354215,
        "mean": 0.0054573956877,
        "median": 0.00611203629524,
        "min": 3.14877659537e-12,
        "var": 6.55809026284e-06
    },
    "spectral_rolloff": {
        "dmean": 932.190002441,
        "dmean2": 1668.43200684,
        "dvar": 2548369.25,
        "dvar2": 6465458,
        "max": 19595.2148438,
        "mean": 1442.88513184,
        "median": 732.12890625,
        "min": 21.533203125,
        "var": 4554873
    },
    "spectral_skewness": {
        "dmean": 0.276613712311,
        "dmean2": 0.419251322746,
        "dvar": 0.149633795023,
        "dvar2": 0.307904928923,
        "max": 9.52833461761,
        "mean": 1.61003875732,
        "median": 1.45518815517,
        "min": -0.0784027799964,
        "var": 0.73459649086
    },
    "spectral_spread": {
        "dmean": 744397.8125,
        "dmean2": 1138749.125,
        "dvar": 618580606976,
        "dvar2": 1.32785242112e+12,
        "max": 42549880,
        "mean": 7413226.5,
        "median": 7613588,
        "min": 513995.59375,
        "var": 1.10419697992e+13
    },
    "spectral_strongpeak": {
        "dmean": 0.3082292974,
        "dmean2": 0.529294967651,
        "dvar": 0.233763203025,
        "dvar2": 0.606955647469,
        "max": 5.11595582962,
        "mean": 0.765919029713,
        "median": 0.517049431801,
        "min": 0,
        "var": 0.497931748629
    },
    "zerocrossingrate": {
        "dmean": 0.0151231298223,
        "dmean2": 0.0199877154082,
        "dvar": 0.000229259792832,
        "dvar2": 0.000391232897528,
        "max": 0.72509765625,
        "mean": 0.0707995444536,
        "median": 0.06298828125,
        "min": 0.00732421875,
        "var": 0.00267051625997
    },
    "barkbands": {
        "dmean": [0.000152825479745, 0.00445330608636, 0.00221869954839, 0.00161516526714, 0.0044670808129, 0.0017142589204, 0.00160478067119, 0.00114320300054, 0.000800413719844, 0.00045991706429, 0.000322833831888, 0.000351414695615, 0.000364957551938, 0.000234463150264, 0.000228123710258, 0.000190222490346, 0.000171576073626, 0.000161167714396, 0.000156286318088, 0.000154624765855, 0.000141060751048, 0.000202835784876, 0.00025655340869, 0.000357435405022, 0.000392021232983, 0.000225818672334, 6.22474981355e-05],
        "dmean2": [0.000251507823123, 0.00736041320488, 0.00389939942397, 0.00298935361207, 0.00764870969579, 0.00305412732996, 0.00271340389736, 0.00185934454203, 0.00131929037161, 0.000752235355321, 0.000530145596713, 0.000573815545067, 0.000637628952973, 0.000420362048317, 0.000390723987948, 0.000334433862008, 0.000294484663755, 0.000282831344521, 0.000274280231679, 0.000272188219242, 0.000247739546467, 0.000349833251676, 0.000441696989583, 0.000617287470959, 0.000688757922035, 0.000367062137229, 0.000109065542347],
        "dvar": [1.00597368657e-07, 0.000111962661322, 7.85837110016e-05, 3.74611081497e-05, 0.000139187919558, 9.81033463177e-06, 8.46970397106e-06, 4.61461149825e-06, 2.60445608546e-06, 9.04684725356e-07, 4.83166047616e-07, 5.66013852676e-07, 7.21801825421e-07, 4.19234027049e-07, 1.80998426913e-07, 1.42379050772e-07, 8.49767545219e-08, 8.83065425228e-08, 9.00427039596e-08, 8.61966427124e-08, 4.5660840442e-08, 1.01816752363e-07, 1.45110192307e-07, 3.4579747421e-07, 5.87923750572e-07, 1.33815888148e-07, 2.20946319018e-08],
        "dvar2": [2.62240803295e-07, 0.000285534013528, 0.000217204360524, 0.000109475447971, 0.000364416860975, 2.79415507976e-05, 2.25356252486e-05, 1.14897648018e-05, 6.40754706183e-06, 2.06147365134e-06, 1.12468478619e-06, 1.34437539145e-06, 1.96169889932e-06, 1.16776834602e-06, 4.5955511041e-07, 3.9041663058e-07, 2.25553279165e-07, 2.47161608513e-07, 2.53346797763e-07, 2.46105770429e-07, 1.30420204414e-07, 2.82319746248e-07, 4.07437340755e-07, 9.69533289208e-07, 1.67536848039e-06, 3.4121322301e-07, 6.00022076469e-08],
        "max": [0.00745344627649, 0.109087608755, 0.11115899682, 0.0683399960399, 0.101986475289, 0.0347588174045, 0.0486002415419, 0.0322397574782, 0.0381099395454, 0.0186377316713, 0.0188058484346, 0.0139887733385, 0.00994085241109, 0.0085735404864, 0.00585027644411, 0.00498887244612, 0.00410320516676, 0.00350104086101, 0.003318981966, 0.00324075203389, 0.00201057828963, 0.00317688472569, 0.00415965402499, 0.00687271775678, 0.00679139513522, 0.00279356958345, 0.00168994651176],
        "mean": [0.000171427236637, 0.0140624651685, 0.00281518464908, 0.00168318767101, 0.00447351532057, 0.00232512853108, 0.00264281942509, 0.00200197799131, 0.00129290577024, 0.000642993720248, 0.0004446322273, 0.00047520105727, 0.000389721186366, 0.000229215947911, 0.000331914168783, 0.000228552584304, 0.000236063991906, 0.000212449260289, 0.000219343884964, 0.000217994180275, 0.000201957926038, 0.000284061650746, 0.00035744253546, 0.000473148946185, 0.000481186929392, 0.000304023822537, 5.13319610036e-05],
        "median": [3.06089132209e-05, 0.0087659638375, 0.000698997522704, 0.000617703131866, 0.00151717569679, 0.00119967316277, 0.00126230367459, 0.000862621353008, 0.000297691032756, 0.000208568468224, 0.000131592794787, 0.000138960574986, 7.92776700109e-05, 5.37783635082e-05, 0.000104904735053, 7.20350071788e-05, 0.000106169463834, 9.39895980991e-05, 0.000122904617456, 0.000133005290991, 0.000123997466289, 0.000169537262991, 0.000183958414709, 0.000222738133743, 0.000216140208067, 0.000154657696839, 1.21129069157e-05],
        "min": [3.77107091784e-25, 1.76319622268e-24, 1.767111931e-24, 1.15320173772e-24, 9.93997872736e-24, 1.24636638812e-23, 1.04903480483e-23, 7.02342900985e-24, 1.00496729917e-23, 1.06715817415e-23, 1.84543690476e-23, 2.03548548751e-23, 3.38345723911e-23, 2.34586312622e-23, 4.60032472587e-23, 7.10472049505e-23, 7.56602552649e-23, 7.91389299086e-23, 1.59409654335e-22, 1.71024552003e-22, 2.03003395379e-22, 3.55167318123e-22, 3.84678718183e-22, 6.26286744831e-22, 8.85094160645e-22, 1.30541611364e-21, 2.09755655977e-21],
        "var": [1.48599113459e-07, 0.000280659092823, 6.19107377133e-05, 2.21977024921e-05, 0.00011432840256, 1.00507731986e-05, 1.54952631419e-05, 9.98115137918e-06, 6.76268382449e-06, 2.11751853385e-06, 1.34242657168e-06, 8.49719356211e-07, 6.45960938073e-07, 3.3064065974e-07, 3.3697514823e-07, 1.70898914575e-07, 1.1415717438e-07, 9.52650367481e-08, 8.63630020831e-08, 7.82004647704e-08, 5.43345706205e-08, 1.13888397379e-07, 1.98880357516e-07, 4.30675868301e-07, 5.21425647548e-07, 1.61757085948e-07, 1.54681920606e-08]
    },
    "erbbands": {
        "dmean": [0.0976286008954, 1.13694250584, 2.39234781265, 4.31781768799, 8.62109565735, 19.4751491547, 14.8423557281, 12.4707899094, 19.6304340363, 22.6578350067, 25.1066551208, 19.6400489807, 16.3002243042, 13.1620168686, 9.99009418488, 15.9489040375, 16.0252304077, 13.3980264664, 12.0754356384, 9.87749290466, 10.7326211929, 7.7365064621, 8.44050693512, 8.17259693146, 7.55410814285, 7.59657669067, 6.3321480751, 5.46081352234, 8.28895282745, 6.42238807678, 7.87908935547, 7.03228139877, 6.0876584053, 4.95556879044, 2.59983611107, 1.03928661346, 0.423709660769, 0.128051966429, 0.0076873707585, 0.000137032082421],
        "dmean2": [0.149442344904, 1.87118470669, 3.95536422729, 7.92888689041, 15.3384780884, 33.4994697571, 26.6698493958, 22.0231761932, 33.7837944031, 37.4798278809, 41.4867286682, 32.4586715698, 26.4170417786, 21.5376377106, 16.5825634003, 26.1624488831, 27.8870429993, 23.6299095154, 21.1844615936, 17.043346405, 18.7884521484, 13.3537845612, 14.7064056396, 14.4374446869, 13.0960855484, 13.4816646576, 11.2375841141, 9.43230724335, 14.5014371872, 10.8437137604, 13.6361494064, 12.1319923401, 10.6138858795, 8.81229972839, 4.54207992554, 1.73108994961, 0.692767620087, 0.216085478663, 0.0133922090754, 0.000231121637626],
        "dvar": [0.0518619976938, 7.58952617645, 66.2569198608, 301.126373291, 406.367370605, 3452.88232422, 735.812805176, 709.260314941, 1412.17651367, 1624.13085938, 2605.41625977, 1757.81652832, 1160.13781738, 750.453979492, 523.841430664, 1147.19470215, 1312.75268555, 1015.54638672, 816.904541016, 301.999664307, 394.907867432, 199.769332886, 244.963684082, 272.658233643, 217.28024292, 247.957443237, 112.975082397, 57.2607192993, 198.216812134, 81.1276779175, 151.906570435, 131.459640503, 105.687004089, 101.357452393, 22.2454204559, 2.78073191643, 0.498634546995, 0.0706910789013, 0.000286993163172, 7.42454844271e-08],
        "dvar2": [0.118023663759, 19.3450336456, 176.029800415, 867.923522949, 1129.43969727, 8972.72851562, 2131.86865234, 1976.55603027, 3872.80834961, 4136.18408203, 6825.9921875, 4464.54833984, 2685.66015625, 1790.94763184, 1160.83435059, 2740.48339844, 3584.22265625, 2785.34155273, 2282.65209961, 802.380981445, 1090.12341309, 548.263977051, 678.127563477, 769.263977051, 608.559936523, 714.948913574, 325.922485352, 159.224487305, 554.842468262, 223.46836853, 425.612487793, 364.507110596, 300.112548828, 290.992706299, 62.9105949402, 7.43316459656, 1.26067721844, 0.186642333865, 0.000771568447817, 1.97316282424e-07],
        "max": [2.8544178009, 28.0666885376, 112.637741089, 177.8150177, 163.522567749, 541.252380371, 267.884460449, 305.680633545, 720.641479492, 642.598144531, 808.272094727, 1039.35583496, 628.352111816, 695.227783203, 912.041564941, 699.316467285, 428.713043213, 454.564971924, 321.481506348, 221.657318115, 177.234664917, 205.566665649, 232.883499146, 206.122207642, 167.265716553, 182.150161743, 103.44543457, 74.7475509644, 150.691635132, 72.6555175781, 152.033874512, 150.677505493, 124.64440918, 93.3907012939, 37.1306877136, 14.8853178024, 5.87230873108, 2.79647874832, 0.16267581284, 0.00247855810449],
        "mean": [0.260205209255, 3.57084417343, 4.7073392868, 4.63654851913, 9.79155445099, 17.0466251373, 17.3274707794, 16.8935623169, 30.8999958038, 43.6855316162, 43.1253204346, 32.5974159241, 25.422624588, 18.4989452362, 13.7292966843, 22.2982902527, 18.5987892151, 14.7534122467, 15.3906593323, 14.2255334854, 14.1482000351, 10.7820863724, 11.3753538132, 11.26861763, 11.2117853165, 10.4195699692, 8.75055217743, 8.19682693481, 10.7270975113, 9.55561161041, 10.577047348, 9.53762340546, 7.87108421326, 5.81035518646, 3.21596431732, 1.44792068005, 0.535719573498, 0.127710133791, 0.00672135315835, 0.000171710649738],
        "median": [0.123656995595, 2.03813958168, 2.22489356995, 1.81436300278, 3.95665597916, 4.16388130188, 8.31027984619, 8.02724552155, 14.4598846436, 24.4088687897, 16.4554290771, 8.84025478363, 7.8727517128, 6.59510326385, 4.70018291473, 6.9786529541, 5.19258117676, 4.51384592056, 4.7318611145, 6.25890350342, 6.311378479, 5.3389172554, 5.35874414444, 6.1907043457, 6.36657047272, 5.91719913483, 5.40062618256, 5.15346431732, 5.82919692993, 5.84858036041, 4.97451114655, 4.62747764587, 3.57141208649, 2.46874523163, 1.5219950676, 0.805222690105, 0.236423939466, 0.0421177074313, 0.00195519975387, 9.46771033341e-05],
        "min": [1.08034816514e-22, 4.74299526929e-22, 2.58109270126e-21, 6.70155761727e-21, 1.53180698566e-20, 3.30235283638e-20, 3.49827411875e-20, 1.01558010897e-19, 1.53324388885e-19, 2.05085086469e-19, 2.33398367313e-19, 2.45794108231e-19, 4.37442938119e-19, 8.52686416548e-19, 8.65719525979e-19, 9.22859973622e-19, 1.73385400576e-18, 1.72814718331e-18, 2.19638310881e-18, 3.38236447899e-18, 4.42858934199e-18, 4.83566436017e-18, 4.54104950935e-18, 7.03619019628e-18, 8.68963076936e-18, 6.99590071018e-18, 8.9422616546e-18, 8.81865688285e-18, 1.25219817084e-17, 1.04912814287e-17, 1.04956646588e-17, 1.20239081374e-17, 1.04878486292e-17, 8.17326161761e-18, 5.25827010794e-18, 4.10026894916e-18, 2.29560197571e-18, 8.8297135993e-19, 2.58997358374e-19, 2.86062998822e-20],
        "var": [0.131683900952, 18.2339305878, 75.2938613892, 182.367202759, 322.303955078, 2675.3684082, 644.937988281, 665.881774902, 2201.01782227, 3499.87158203, 5361.01611328, 4040.58398438, 3193.28466797, 1469.26342773, 1609.46008301, 1773.95336914, 1218.33569336, 896.590454102, 841.34588623, 441.674499512, 421.90335083, 226.128372192, 280.181762695, 265.50177002, 219.569717407, 209.732009888, 109.058876038, 79.452003479, 189.982772827, 119.222267151, 192.570861816, 168.760131836, 125.706344604, 86.2437515259, 20.8447952271, 3.26649641991, 0.577728152275, 0.0588927417994, 0.000211370599573, 6.564194166e-08]
    },
    "gfcc": {
        "mean": [7.907807827, 54.0453338623, -80.7035140991, 19.1951675415, -69.9353790283, 8.982670784, -45.466999054, 11.8950090408, -24.3943538666, 8.47939109802, -19.0128116608, 2.57321858406, -16.8369903564],
        "cov": [[24330.2617188, -1842.55297852, 325.756317139, 1267.59289551, 16.7340431213, 1464.17529297, 170.597488403, 1194.1081543, 256.240722656, 1055.2791748, 46.2617645264, 609.748413086, -314.54675293], [-1842.55297852, 1587.9161377, -42.623260498, -80.5271835327, 89.3083648682, -157.717849731, 38.4995651245, -207.463623047, -10.132897377, -213.604553223, 64.4474945068, -97.7689285278, 98.2965774536], [325.756317139, -42.623260498, 882.221679688, 522.715026855, 380.694519043, 385.443756104, 188.136657715, 169.196685791, 72.5318222046, 90.2618255615, 47.4388008118, 113.50629425, 46.8247795105], [1267.59289551, -80.5271835327, 522.715026855, 580.610656738, 281.327850342, 357.984283447, 115.28956604, 160.396835327, 57.059803009, 93.2760391235, 43.1618270874, 100.242835999, 19.0824756622], [16.7340431213, 89.3083648682, 380.694519043, 281.327850342, 388.637481689, 266.695800781, 198.868377686, 116.702697754, 76.4697723389, 66.1782684326, 74.5498352051, 74.1649017334, 34.2806777954], [1464.17529297, -157.717849731, 385.443756104, 357.984283447, 266.695800781, 423.467407227, 203.166946411, 234.018356323, 95.6364364624, 132.324737549, 62.9903717041, 109.189743042, 19.8610305786], [170.597488403, 38.4995651245, 188.136657715, 115.28956604, 198.868377686, 203.166946411, 234.226196289, 156.143508911, 103.798957825, 74.2572784424, 58.9771881104, 47.2049865723, 27.0085926056], [1194.1081543, -207.463623047, 169.196685791, 160.396835327, 116.702697754, 234.018356323, 156.143508911, 252.130447388, 120.347602844, 124.883934021, 26.9055500031, 66.4539413452, 4.05319452286], [256.240722656, -10.132897377, 72.5318222046, 57.059803009, 76.4697723389, 95.6364364624, 103.798957825, 120.347602844, 146.958251953, 91.3440475464, 37.0644378662, 12.6822080612, 9.36705303192], [1055.2791748, -213.604553223, 90.2618255615, 93.2760391235, 66.1782684326, 132.324737549, 74.2572784424, 124.883934021, 91.3440475464, 180.616149902, 64.6275558472, 60.2221603394, -28.7105522156], [46.2617645264, 64.4474945068, 47.4388008118, 43.1618270874, 74.5498352051, 62.9903717041, 58.9771881104, 26.9055500031, 37.0644378662, 64.6275558472, 113.547935486, 61.1805686951, 11.683968544], [609.748413086, -97.7689285278, 113.50629425, 100.242835999, 74.1649017334, 109.189743042, 47.2049865723, 66.4539413452, 12.6822080612, 60.2221603394, 61.1805686951, 132.116638184, 40.6128959656], [-314.54675293, 98.2965774536, 46.8247795105, 19.0824756622, 34.2806777954, 19.8610305786, 27.0085926056, 4.05319452286, 9.36705303192, -28.7105522156, 11.683968544, 40.6128959656, 99.3596191406]],
        "icov": [[0.0001096394044, -0.000107071442471, 0.000185562603292, -0.000142197648529, 0.000190549748368, -0.000391136156395, 0.000232804042753, -0.000284066307358, 0.00024392301566, -0.000575693382416, 0.000482881179778, -0.000432820117567, 0.000284408160951], [-0.000107071442471, 0.00124419515487, -0.000140410003951, -0.00012326099386, -0.000361324666301, 0.000633384741377, -0.000790207181126, 0.00106279295869, -0.000991098349914, 0.00209235423245, -0.00206097634509, 0.00144761789124, -0.000961820420343], [0.000185562603292, -0.000140410003951, 0.0033117805142, -0.00209972448647, -0.000992007320747, -0.000973270914983, -0.000140641248436, 9.72663401626e-05, 0.000410367996665, -0.00122697884217, 0.00186965742614, -0.00120126479305, 1.78770878847e-05], [-0.000142197648529, -0.00012326099386, -0.00209972448647, 0.00607633963227, -0.00161912315525, -0.00335979741067, 0.00332006090321, -0.000162871874636, -0.000736667541787, 0.000896150828339, -0.000433563633123, 0.000158965747687, 0.000143102326547], [0.000190549748368, -0.000361324666301, -0.000992007320747, -0.00161912315525, 0.00849756132811, -0.00243250490166, -0.0047599109821, 0.00258020684123, -0.000441016571131, -0.000469957507448, -0.000146780148498, -0.00139877968468, 0.000976989045739], [-0.000391136156395, 0.000633384741377, -0.000973270914983, -0.00335979741067, -0.00243250490166, 0.013486802578, -0.00441723596305, -0.00489848712459, 0.00238289730623, 0.000593371572904, -0.00244722352363, 0.000979771488346, -0.00138288096059], [0.000232804042753, -0.000790207181126, -0.000140641248436, 0.00332006090321, -0.0047599109821, -0.00441723596305, 0.0163265485317, -0.00689863739535, -0.00198456528597, 0.000460650859168, -0.00227152649313, 0.001102441689, -0.000547271221876], [-0.000284066307358, 0.00106279295869, 9.72663401626e-05, -0.000162871874636, 0.00258020684123, -0.00489848712459, -0.00689863739535, 0.0185414049774, -0.00851887371391, -0.000425688573159, 0.00455650547519, -0.00346951931715, 0.000805004674476], [0.00024392301566, -0.000991098349914, 0.000410367996665, -0.000736667541787, -0.000441016571131, 0.00238289730623, -0.00198456528597, -0.00851887371391, 0.0193663928658, -0.00941975787282, -0.00112516607624, 0.00598917063326, -0.00459979940206], [-0.000575693382416, 0.00209235423245, -0.00122697884217, 0.000896150828339, -0.000469957507448, 0.000593371572904, 0.000460650859168, -0.000425688573159, -0.00941975787282, 0.0207466073334, -0.00949440244585, -0.00128210440744, 0.00497276522219], [0.000482881179778, -0.00206097634509, 0.00186965742614, -0.000433563633123, -0.000146780148498, -0.00244722352363, -0.00227152649313, 0.00455650547519, -0.00112516607624, -0.00949440244585, 0.0222063139081, -0.0111974850297, 0.00306941219606], [-0.000432820117567, 0.00144761789124, -0.00120126479305, 0.000158965747687, -0.00139877968468, 0.000979771488346, 0.001102441689, -0.00346951931715, 0.00598917063326, -0.00128210440744, -0.0111974850297, 0.0212853215635, -0.010456780903], [0.000284408160951, -0.000961820420343, 1.78770878847e-05, 0.000143102326547, 0.000976989045739, -0.00138288096059, -0.000547271221876, 0.000805004674476, -0.00459979940206, 0.00497276522219, 0.00306941219606, -0.010456780903, 0.0177194904536]]
    },
    "melbands": {
        "dmean": [0.0010820425814, 0.00125002732966, 0.000780427828431, 0.00110531365499, 0.000547312549315, 0.000293062330456, 0.00031728221802, 0.000236496969592, 0.000199138637981, 0.000122234589071, 8.03970033303e-05, 5.22875088791e-05, 3.51433227479e-05, 3.86790852644e-05, 3.38147110597e-05, 3.98463889724e-05, 2.42829555646e-05, 1.93709638552e-05, 1.75898585439e-05, 1.41153577715e-05, 1.33041276058e-05, 9.3417138487e-06, 7.71705163061e-06, 7.40331279303e-06, 7.01917815604e-06, 6.1173004724e-06, 4.88208661409e-06, 5.50743789063e-06, 4.21135109718e-06, 3.46003230334e-06, 3.21863262798e-06, 5.27378961124e-06, 3.55593556378e-06, 3.91795720134e-06, 4.89739386467e-06, 4.36435902884e-06, 4.47137699666e-06, 4.47680668003e-06, 4.27094028055e-06, 4.18066792918e-06],
        "dmean2": [0.00173840776552, 0.00203771120869, 0.00142273784149, 0.00188518525101, 0.000968905631453, 0.000517797656357, 0.000542611291166, 0.000388775020838, 0.00032910014852, 0.000201595219551, 0.000129849024233, 8.56581391417e-05, 5.83822111366e-05, 6.32858864265e-05, 5.70497795707e-05, 6.93377078278e-05, 4.27261002187e-05, 3.43065985362e-05, 2.94365454465e-05, 2.47767147812e-05, 2.31164322031e-05, 1.60182589752e-05, 1.32559280246e-05, 1.2914508261e-05, 1.2323820556e-05, 1.05704248199e-05, 8.50429387356e-06, 9.73194255494e-06, 7.41975736673e-06, 6.05977857049e-06, 5.5125574363e-06, 9.2865075203e-06, 6.10643746768e-06, 6.72377927913e-06, 8.52390076034e-06, 7.58353417041e-06, 7.68861355027e-06, 7.78310004534e-06, 7.59114118409e-06, 7.43645659895e-06],
        "dvar": [6.30890053799e-06, 1.17689378385e-05, 8.06382013252e-06, 9.13061285246e-06, 1.27748489831e-06, 3.61433848184e-07, 3.43852917695e-07, 1.73233019041e-07, 1.65482006764e-07, 7.53328350811e-08, 2.87995067794e-08, 1.16967164843e-08, 5.57888935049e-09, 7.01189861729e-09, 4.62136773294e-09, 8.91878926268e-09, 3.42236194939e-09, 2.86843659936e-09, 1.21365850703e-09, 7.64841689982e-10, 5.85777926165e-10, 2.9204622054e-10, 1.99254487909e-10, 1.81726619863e-10, 2.00949021312e-10, 1.28253546672e-10, 1.00569989836e-10, 1.18425269591e-10, 4.66721522541e-11, 3.02170406752e-11, 1.99271380646e-11, 9.00194502274e-11, 2.54367742147e-11, 3.07724748461e-11, 6.00762634084e-11, 5.30165321366e-11, 5.50526117749e-11, 5.46981522576e-11, 7.29360113971e-11, 6.86311146803e-11],
        "dvar2": [1.54676254169e-05, 3.04632412735e-05, 2.30864752666e-05, 2.37881940848e-05, 3.49588026438e-06, 1.00767363165e-06, 9.37217748742e-07, 4.35916689412e-07, 4.37043979673e-07, 1.88214855257e-07, 6.60046524104e-08, 2.79454663854e-08, 1.31384583213e-08, 1.65056022183e-08, 1.17400134059e-08, 2.38665105456e-08, 9.16113940264e-09, 8.19058509904e-09, 2.91439516964e-09, 2.06684602766e-09, 1.5958445676e-09, 7.8369472023e-10, 5.34067734481e-10, 5.08955599887e-10, 5.60209489908e-10, 3.49764855967e-10, 2.85058920912e-10, 3.39166222885e-10, 1.33619337817e-10, 8.69105620804e-11, 5.38847751141e-11, 2.537724475e-10, 6.84270209939e-11, 8.61049634371e-11, 1.67649755189e-10, 1.48860548888e-10, 1.50092813178e-10, 1.5126171149e-10, 2.11214989942e-10, 1.95883559373e-10],
        "max": [0.0295579303056, 0.0453010313213, 0.0306604281068, 0.0267942547798, 0.011359105818, 0.00693430937827, 0.0106431664899, 0.00752713391557, 0.00574560044333, 0.00714176427573, 0.00326218362898, 0.00260350201279, 0.00250356202014, 0.0016590594314, 0.00110438966658, 0.00122455041856, 0.000993128400296, 0.000668373890221, 0.000642617873382, 0.000482906965772, 0.000217041320866, 0.000246937386692, 0.000216441025259, 0.000154167137225, 0.000185692566447, 0.000113996225991, 0.000116378047096, 0.000133524983539, 6.97919822414e-05, 6.64535036776e-05, 5.05845418957e-05, 0.000105453298602, 4.50973420811e-05, 4.79140289826e-05, 8.60443396959e-05, 7.62103591114e-05, 0.000128471452626, 0.000125667836983, 8.56157421367e-05, 7.50835679355e-05],
        "mean": [0.00330632179976, 0.00348817836493, 0.000899335427675, 0.00104466581251, 0.000610722694546, 0.000400610937504, 0.000518259010278, 0.000465457938844, 0.000336901779519, 0.000196153807337, 0.000119959651784, 6.99026495568e-05, 4.67478676001e-05, 5.29515273229e-05, 4.43786739197e-05, 4.22264565714e-05, 2.53850485024e-05, 2.1670552087e-05, 2.55942777585e-05, 1.76309076778e-05, 1.68587630469e-05, 1.23537247418e-05, 9.68166568782e-06, 9.91929573502e-06, 8.85379267856e-06, 8.64265348355e-06, 6.60352543491e-06, 7.18686851542e-06, 5.50856930204e-06, 4.89318335894e-06, 4.65175389763e-06, 6.44935244054e-06, 5.01371005157e-06, 5.42312091056e-06, 6.24600124866e-06, 5.7689494497e-06, 5.8876521507e-06, 5.66923517908e-06, 5.10340214532e-06, 4.78659012515e-06],
        "median": [0.00200690608472, 0.00233025895432, 0.000408787833294, 0.000295938516501, 0.000283954839688, 0.00018930301303, 0.000245137664024, 0.000266472925432, 0.000108640946564, 4.54090913991e-05, 3.39816469932e-05, 2.3184085876e-05, 1.40467182064e-05, 1.67270445672e-05, 1.37422757689e-05, 8.03369039204e-06, 6.38070287096e-06, 5.44560043636e-06, 8.32496334624e-06, 5.4275342336e-06, 6.89522630637e-06, 5.41644385521e-06, 4.1221369429e-06, 3.98248084821e-06, 4.02968589697e-06, 4.30918862548e-06, 3.72568047169e-06, 3.85028579331e-06, 3.26594818034e-06, 2.76218634099e-06, 2.81198185803e-06, 3.43499550581e-06, 2.97448923448e-06, 3.19556966133e-06, 2.92952790915e-06, 2.72421766567e-06, 2.77093909062e-06, 2.50121115641e-06, 2.25665689868e-06, 1.96783958017e-06],
        "min": [1.48605173591e-24, 1.36906721354e-24, 1.40063072165e-24, 2.15991299141e-24, 1.01502998915e-24, 2.54323845184e-24, 2.19221092902e-24, 1.60734541098e-24, 1.94980146702e-24, 1.52730087822e-24, 2.01879465015e-24, 2.49433558382e-24, 2.33146519196e-24, 2.20134869932e-24, 3.87304080408e-24, 3.70871318891e-24, 2.11800021987e-24, 3.40367448193e-24, 3.80985146785e-24, 3.36993884532e-24, 4.89728518164e-24, 3.78641480479e-24, 3.83839521641e-24, 4.20458405419e-24, 4.67604243546e-24, 5.12509519487e-24, 5.14257556367e-24, 3.10093274069e-24, 5.28240037026e-24, 4.77852217236e-24, 4.63914741092e-24, 6.00252111949e-24, 6.14114015218e-24, 5.09523325973e-24, 5.03745905918e-24, 5.71886843164e-24, 6.69963789586e-24, 6.09367084164e-24, 4.36939208564e-24, 6.31258487044e-24],
        "var": [1.65854398801e-05, 2.14504707401e-05, 5.05363641423e-06, 7.47392914491e-06, 1.04366017695e-06, 3.59762253765e-07, 5.81525057441e-07, 3.98656879952e-07, 3.70887789813e-07, 1.74324597424e-07, 7.89188447925e-08, 2.17347952969e-08, 1.5917088092e-08, 1.14107203686e-08, 6.62639632054e-09, 8.36347346933e-09, 3.38680572476e-09, 2.30967489578e-09, 2.43739717298e-09, 1.0925668148e-09, 6.3878136114e-10, 3.4887803757e-10, 2.32768332387e-10, 2.2896172458e-10, 2.03026012668e-10, 1.51782073021e-10, 8.91176507589e-11, 1.05739979273e-10, 4.52929221906e-11, 3.7693934779e-11, 2.90225950911e-11, 7.96274574055e-11, 3.51258293285e-11, 4.22966453528e-11, 7.19181728059e-11, 6.27080193327e-11, 7.12299039196e-11, 6.91880094883e-11, 6.46669245929e-11, 5.8912465184e-11]
    },
    "mfcc": {
        "mean": [-644.731445312, 96.8252182007, 33.639503479, 11.8566474915, 0.571457266808, -5.06172895432, -7.58168029785, -3.11728429794, -3.16691184044, 0.803467214108, 0.0164737496525, 1.10531949997, 1.76718473434],
        "cov": [[12385.75, -915.194458008, 649.489440918, 370.392333984, 671.804382324, 742.269470215, 720.628295898, 688.979125977, 615.690734863, 627.054992676, 586.64666748, 588.052246094, 453.512756348], [-915.194458008, 1263.17529297, -83.3086166382, -2.66752791405, -50.2958641052, -55.9753875732, -41.9671516418, -61.1009254456, -65.5959396362, -99.286781311, -68.0809860229, -67.989402771, -56.2213783264], [649.489440918, -83.3086166382, 538.155090332, 270.062011719, 251.414077759, 212.681350708, 148.737258911, 138.587509155, 102.93346405, 77.4668502808, 51.827583313, 64.1628265381, 51.4270591736], [370.392333984, -2.66752791405, 270.062011719, 315.168304443, 236.617492676, 198.52154541, 133.865493774, 116.79271698, 72.6147079468, 32.2693748474, 32.7155380249, 66.6519699097, 55.4495162964], [671.804382324, -50.2958641052, 251.414077759, 236.617492676, 303.487762451, 230.54914856, 171.037094116, 147.945266724, 105.60610199, 63.3576126099, 56.7110824585, 87.594871521, 60.3141174316], [742.269470215, -55.9753875732, 212.681350708, 198.52154541, 230.54914856, 264.54208374, 189.204147339, 143.785797119, 102.234527588, 76.363494873, 81.2895507812, 94.1232910156, 68.4013442993], [720.628295898, -41.9671516418, 148.737258911, 133.865493774, 171.037094116, 189.204147339, 233.027648926, 157.734725952, 107.551467896, 76.5644836426, 78.0743942261, 95.8651885986, 77.1323699951], [688.979125977, -61.1009254456, 138.587509155, 116.79271698, 147.945266724, 143.785797119, 157.734725952, 202.906585693, 137.105331421, 81.2746353149, 61.5933418274, 79.2420501709, 62.4487342834], [615.690734863, -65.5959396362, 102.93346405, 72.6147079468, 105.60610199, 102.234527588, 107.551467896, 137.105331421, 180.780776978, 111.281280518, 58.7407569885, 58.8464431763, 47.7770614624], [627.054992676, -99.286781311, 77.4668502808, 32.2693748474, 63.3576126099, 76.363494873, 76.5644836426, 81.2746353149, 111.281280518, 183.108581543, 118.905960083, 37.1308517456, 20.5022373199], [586.64666748, -68.0809860229, 51.827583313, 32.7155380249, 56.7110824585, 81.2895507812, 78.0743942261, 61.5933418274, 58.7407569885, 118.905960083, 165.081344604, 87.7061538696, 30.7038326263], [588.052246094, -67.989402771, 64.1628265381, 66.6519699097, 87.594871521, 94.1232910156, 95.8651885986, 79.2420501709, 58.8464431763, 37.1308517456, 87.7061538696, 171.199478149, 99.6408081055], [453.512756348, -56.2213783264, 51.4270591736, 55.4495162964, 60.3141174316, 68.4013442993, 77.1323699951, 62.4487342834, 47.7770614624, 20.5022373199, 30.7038326263, 99.6408081055, 144.426727295]],
