{
"lowlevel": {
    "average_loudness": 0.71485877037,
    "barkbands_crest": {
        "dmean": 2.60012555122,
        "dmean2": 4.00850582123,
        "dvar": 6.01130771637,
        "dvar2": 13.2725067139,
        "max": 26.6168842316,
        "mean": 12.2733049393,
        "median": 11.6262626648,
        "min": 2.94740533829,
        "var": 20.7380542755
    },
    "barkbands_flatness_db": {
        "dmean": 0.0255526285619,
        "dmean2": 0.038004014641,
        "dvar": 0.000945154519286,
        "dvar2": 0.00200967397541,
        "max": 0.530545413494,
        "mean": 0.223246470094,
        "median": 0.210785537958,
        "min": 0.0401393026114,
        "var": 0.00885614287108
    },
    "barkbands_kurtosis": {
        "dmean": 4.7078742981,
        "dmean2": 7.15816736221,
        "dvar": 572.836425781,
        "dvar2": 1005.79406738,
        "max": 1016.76019287,
        "mean": 7.277364254,
        "median": 1.58514308929,
        "min": -1.91505038738,
        "var": 1349.12097168
    },
    "barkbands_skewness": {
        "dmean": 0.593289256096,
        "dmean2": 0.87889701128,
        "dvar": 0.734898507595,
        "dvar2": 1.37936830521,
        "max": 26.9111404419,
        "mean": 1.22032046318,
        "median": 1.02505135536,
        "min": -3.30701351166,
        "var": 4.02154922485
    },
    "barkbands_spread": {
        "dmean": 3.79658126831,
        "dmean2": 6.20056056976,
        "dvar": 37.9385604858,
        "dvar2": 108.182891846,
        "max": 73.1279067993,
        "mean": 13.4931192398,
        "median": 11.293762207,
        "min": 0.152070567012,
        "var": 110.945762634
    },
    "dissonance": {
        "dmean": 0.0325323417783,
        "dmean2": 0.054977979511,
        "dvar": 0.00123754970264,
        "dvar2": 0.00335268839262,
        "max": 0.500000059605,
        "mean": 0.4370008111,
        "median": 0.450147926807,
        "min": 0.146955817938,
        "var": 0.00249279499985
    },
    "dynamic_complexity": 7.86458206177,
    "erbbands_crest": {
        "dmean": 3.10753774643,
        "dmean2": 4.81615114212,
        "dvar": 7.83421993256,
        "dvar2": 17.6554450989,
        "max": 32.8196640015,
        "mean": 12.718501091,
        "median": 11.4873428345,
        "min": 2.56349515915,
        "var": 35.2665061951
    },
    "erbbands_flatness_db": {
        "dmean": 0.0206902995706,
        "dmean2": 0.0296992063522,
        "dvar": 0.000591553980485,
        "dvar2": 0.00113853183575,
        "max": 0.537489831448,
        "mean": 0.249146476388,
        "median": 0.22913429141,
        "min": 0.0595587678254,
        "var": 0.00949353631586
    },
    "erbbands_kurtosis": {
        "dmean": 1.40649044514,
        "dmean2": 2.19052219391,
        "dvar": 6.37157583237,
        "dvar2": 16.2173461914,
        "max": 86.20753479,
        "mean": 1.44159686565,
        "median": 0.624286174774,
        "min": -1.83940434456,
        "var": 9.96443462372
    },
    "erbbands_skewness": {
        "dmean": 0.441112905741,
        "dmean2": 0.672288298607,
        "dvar": 0.194096028805,
        "dvar2": 0.474760949612,
        "max": 7.6544675827,
        "mean": 0.191230610013,
        "median": 0.249916091561,
        "min": -4.32876634598,
        "var": 0.751344919205
    },
    "erbbands_spread": {
        "dmean": 5.45775508881,
        "dmean2": 8.41244983673,
        "dvar": 67.7687683105,
        "dvar2": 150.47064209,
        "max": 135.27444458,
        "mean": 22.8225345612,
        "median": 20.016582489,
        "min": 1.12230908871,
        "var": 289.957794189
    },
    "hfc": {
        "dmean": 4.79372358322,
        "dmean2": 8.12490081787,
        "dvar": 209.759033203,
        "dvar2": 598.11517334,
        "max": 223.604400635,
        "mean": 14.3395032883,
        "median": 7.28395938873,
        "min": 1.25294450282e-16,
        "var": 351.644866943
    },
    "melbands_crest": {
        "dmean": 3.26096773148,
        "dmean2": 5.08822822571,
        "dvar": 9.84881496429,
        "dvar2": 21.8694324493,
        "max": 38.4791641235,
        "mean": 17.1806812286,
        "median": 16.2963352203,
        "min": 1.88060295582,
        "var": 37.8421859741
    },
    "melbands_flatness_db": {
        "dmean": 0.0274548120797,
        "dmean2": 0.0408428348601,
        "dvar": 0.00122345075943,
        "dvar2": 0.00262957415543,
        "max": 0.648045539856,
        "mean": 0.276240587234,
        "median": 0.267642527819,
        "min": 0.0067656734027,
        "var": 0.0107269920409
    },
    "melbands_kurtosis": {
        "dmean": 7.00058698654,
        "dmean2": 10.8491573334,
        "dvar": 458.112335205,
        "dvar2": 956.967956543,
        "max": 613.241455078,
        "mean": 13.0496349335,
        "median": 3.69832515717,
        "min": -1.79281938076,
        "var": 1446.32165527
    },
    "melbands_skewness": {
        "dmean": 0.694911003113,
        "dmean2": 1.03510272503,
        "dvar": 0.784235060215,
        "dvar2": 1.6831548214,
        "max": 18.6439418793,
        "mean": 1.91222882271,
        "median": 1.62694203854,
        "min": -2.50229239464,
        "var": 5.14753341675
    },
    "melbands_spread": {
        "dmean": 4.84346961975,
        "dmean2": 7.76261329651,
        "dvar": 60.9921684265,
        "dvar2": 162.141052246,
        "max": 162.620346069,
        "mean": 16.9911365509,
        "median": 13.7027025223,
        "min": 0.183869674802,
        "var": 210.637451172
    },
    "pitch_salience": {
        "dmean": 0.0660071372986,
        "dmean2": 0.104785308242,
        "dvar": 0.00413084821776,
        "dvar2": 0.0100934943184,
        "max": 0.866457879543,
        "mean": 0.472035229206,
        "median": 0.478331506252,
        "min": 0.0191932655871,
        "var": 0.0127540463582
    },
    "silence_rate_20dB": {
        "dmean": 0,
        "dmean2": 0,
        "dvar": 0,
        "dvar2": 0,
        "max": 1,
        "mean": 1,
        "median": 1,
        "min": 1,
        "var": 0
    },
    "silence_rate_30dB": {
        "dmean": 0.0272493567318,
        "dmean2": 0.0545057207346,
        "dvar": 0.0265084393322,
        "dvar2": 0.0618148222566,
        "max": 1,
        "mean": 0.97224009037,
        "median": 1,
        "min": 0,
        "var": 0.0269924309105
    },
    "silence_rate_60dB": {
        "dmean": 0.0321336761117,
        "dmean2": 0.0642756149173,
        "dvar": 0.0311046969146,
        "dvar2": 0.0706802457571,
        "max": 1,
        "mean": 0.31666880846,
        "median": 0,
        "min": 0,
        "var": 0.216364309192
    },
    "spectral_centroid": {
        "dmean": 184.419235229,
        "dmean2": 305.210571289,
        "dvar": 91330.3203125,
        "dvar2": 240914.46875,
        "max": 11271.9501953,
        "mean": 1129.89294434,
        "median": 1043.08996582,
        "min": 126.67691803,
        "var": 293558.34375
    },
    "spectral_complexity": {
        "dmean": 2.26529574394,
        "dmean2": 3.90667176247,
        "dvar": 16.4965934753,
        "dvar2": 43.7128562927,
        "max": 53,
        "mean": 12.0738983154,
        "median": 10,
        "min": 0,
        "var": 104.163482666
    },
    "spectral_decrease": {
        "dmean": 2.09398232087e-09,
        "dmean2": 3.18979287428e-09,
        "dvar": 1.8939699714e-17,
        "dvar2": 4.40899971985e-17,
        "max": 5.96271040418e-29,
        "mean": -7.22775483908e-09,
        "median": -4.07812805747e-09,
        "min": -6.57314274122e-08,
        "var": 6.66692949165e-17
    },
    "spectral_energy": {
        "dmean": 0.00819797813892,
        "dmean2": 0.0125029366463,
        "dvar": 0.000287828006549,
        "dvar2": 0.000675566901919,
        "max": 0.249299228191,
        "mean": 0.0285797994584,
        "median": 0.0167567022145,
        "min": 1.11395282182e-20,
        "var": 0.0010165872518
    },
    "spectral_energyband_high": {
        "dmean": 0.000324022956192,
        "dmean2": 0.000587746675592,
        "dvar": 2.10326834349e-06,
        "dvar2": 6.15417775407e-06,
        "max": 0.0230743866414,
        "mean": 0.000462209369289,
        "median": 1.65062228916e-05,
        "min": 8.53221857667e-21,
        "var": 1.67183998201e-06
    },
    "spectral_energyband_low": {
        "dmean": 0.00572894420475,
        "dmean2": 0.00860368460417,
        "dvar": 0.000198032066692,
        "dvar2": 0.000428416009527,
        "max": 0.248141214252,
        "mean": 0.0152302309871,
        "median": 0.00117893854622,
        "min": 1.39735362385e-22,
        "var": 0.000595802499447
    },
    "spectral_energyband_middle_high": {
        "dmean": 0.00139001943171,
        "dmean2": 0.00214052130468,
        "dvar": 4.41447446065e-06,
        "dvar2": 1.05286335383e-05,
        "max": 0.0404866822064,
        "mean": 0.00437132176012,
        "median": 0.00260521145537,
        "min": 1.48087432898e-21,
        "var": 2.43812264671e-05
    },
    "spectral_energyband_middle_low": {
        "dmean": 0.00316484365612,
        "dmean2": 0.00508116558194,
        "dvar": 8.24743474368e-05,
        "dvar2": 0.000224318107939,
        "max": 0.173276856542,
        "mean": 0.00942334253341,
        "median": 0.00427279807627,
        "min": 1.91474818027e-22,
        "var": 0.000166114405147
    },
    "spectral_entropy": {
        "dmean": 0.187455952168,
        "dmean2": 0.28829562664,
        "dvar": 0.063090197742,
        "dvar2": 0.141281917691,
        "max": 9.79929351807,
        "mean": 6.953166008,
        "median": 7.06005144119,
        "min": 4.36014461517,
        "var": 0.517532527447
    },
    "spectral_flux": {
        "dmean": 0.0234244801104,
        "dmean2": 0.0377231277525,
        "dvar": 0.00156035390683,
        "dvar2": 0.00324979843572,
        "max": 0.400220483541,
        "mean": 0.0589275658131,
        "median": 0.0451773703098,
        "min": 1.05543962459e-10,
        "var": 0.00349345477298
    },
    "spectral_kurtosis": {
        "dmean": 5.64883232117,
        "dmean2": 9.69714641571,
        "dvar": 59.5018081665,
        "dvar2": 169.21635437,
        "max": 110.749847412,
        "mean": 13.7324876785,
        "median": 7.2833404541,
        "min": -1.21322441101,
        "var": 208.403884888
    },
    "spectral_rms": {
        "dmean": 0.000630104448646,
        "dmean2": 0.000924117281102,
        "dvar": 1.08681047095e-06,
        "dvar2": 2.29084525927e-06,
        "max": 0.0155954724178,
        "mean": 0.00422644987702,
        "median": 0.00404326617718,
        "min": 3.29663943713e-12,
        "var": 1.00197294159e-05
    },
    "spectral_rolloff": {
        "dmean": 315.536956787,
        "dmean2": 553.434753418,
        "dvar": 540063.5625,
        "dvar2": 1433734.75,
        "max": 18647.7539062,
        "mean": 1336.13293457,
        "median": 1076.66015625,
        "min": 43.06640625,
        "var": 3312476
    },
    "spectral_skewness": {
        "dmean": 0.446520000696,
        "dmean2": 0.760057926178,
        "dvar": 0.270610839128,
        "dvar2": 0.754536092281,
        "max": 8.25825023651,
        "mean": 2.3752219677,
        "median": 2.00134348869,
        "min": -0.0105522777885,
        "var": 1.51884412766
    },
    "spectral_spread": {
        "dmean": 383892.9375,
        "dmean2": 601973.3125,
        "dvar": 572496347136,
        "dvar2": 1.03175369523e+12,
        "max": 40766524,
        "mean": 3091941.25,
        "median": 2802882.25,
        "min": 730845.875,
        "var": 3.12903021363e+12
    },
    "spectral_strongpeak": {
        "dmean": 0.328657746315,
        "dmean2": 0.528122782707,
        "dvar": 0.31649774313,
        "dvar2": 0.733946740627,
        "max": 8.32006549835,
        "mean": 0.807546913624,
        "median": 0.471079736948,
        "min": 0,
        "var": 0.809749960899
    },
    "zerocrossingrate": {
        "dmean": 0.00610232306644,
        "dmean2": 0.00730632944033,
        "dvar": 9.83385834843e-05,
        "dvar2": 0.000140101270517,
        "max": 0.78564453125,
        "mean": 0.0500266440213,
        "median": 0.04296875,
        "min": 0.0009765625,
        "var": 0.00369554804638
    },
    "barkbands": {
        "dmean": [0.000367658794858, 0.00455668428913, 0.0016756746918, 0.00101527024526, 0.00109737832099, 0.000407760584494, 0.000692168541718, 0.0009079175652, 0.000562473083846, 0.00054739281768, 0.00047632821952, 0.0003147739626, 0.000325538392644, 0.000168974904227, 0.000291461736197, 0.000122705940157, 0.00016680979752, 0.00012369491742, 0.000141954689752, 0.000107140571345, 9.76322698989e-05, 6.36579716229e-05, 4.57624664705e-05, 3.97298390453e-05, 4.01069883083e-05, 2.04466832656e-05, 7.33430226774e-07],
        "dmean2": [0.000531636527739, 0.00612071761861, 0.00294405547902, 0.00177482655272, 0.0019379153382, 0.000614519231021, 0.00109297025483, 0.00125175027642, 0.000818896805868, 0.000725795456674, 0.00065186212305, 0.000495404703543, 0.000502948067151, 0.000274038786301, 0.000478840520373, 0.00020857634081, 0.000286807538942, 0.000220590736717, 0.000262884161202, 0.000196919005248, 0.000177079607965, 0.000114916052553, 8.15900784801e-05, 7.18350420357e-05, 7.42867923691e-05, 3.75276067643e-05, 1.24690859593e-06],
        "dvar": [1.10654355012e-06, 0.000143412325997, 4.26391598012e-05, 1.70111379703e-05, 2.91410560749e-05, 1.80363531399e-06, 2.27410737352e-06, 3.99478085455e-06, 2.88534897663e-06, 1.79877372375e-06, 8.55863447669e-07, 4.2103152964e-07, 3.20013498367e-07, 2.0068156914e-07, 4.53042559911e-07, 1.09918715907e-07, 1.68782648302e-07, 8.91810572057e-08, 1.59414227596e-07, 1.06277290968e-07, 1.61685179023e-07, 6.18221278614e-08, 3.5268637788e-08, 4.23212895839e-08, 5.69479610135e-08, 1.51589532038e-08, 1.27283131951e-11],
        "dvar2": [2.30568275583e-06, 0.000247339135967, 0.000122491997899, 4.76412569697e-05, 8.36399776745e-05, 4.82153927805e-06, 5.54036478206e-06, 7.99460212875e-06, 5.6586413848e-06, 3.00466717817e-06, 1.51961580741e-06, 9.6492431112e-07, 7.76182503159e-07, 4.78621757338e-07, 1.12952807285e-06, 2.96417397294e-07, 4.68742967996e-07, 2.5962040695e-07, 4.67795643999e-07, 3.08219171075e-07, 4.79047400859e-07, 1.79795094368e-07, 1.00905729994e-07, 1.24037683236e-07, 1.68190524619e-07, 4.41941914175e-08, 3.33947418329e-11],
        "max": [0.0230501182377, 0.219833493233, 0.0789751410484, 0.0796573236585, 0.0923381596804, 0.0347676724195, 0.0321983397007, 0.0575985610485, 0.0462220497429, 0.0580463968217, 0.0162916313857, 0.0150425201282, 0.01044758223, 0.0111134080216, 0.0126074897125, 0.00919680856168, 0.0111176753417, 0.00446805357933, 0.00580090237781, 0.00457064295188, 0.00710151670501, 0.00399975897744, 0.00339598604478, 0.00372737483121, 0.00394093152136, 0.0021977587603, 0.000115108116006],
        "mean": [0.000944850035012, 0.0106086637825, 0.00293567939661, 0.0014536267845, 0.00156697782222, 0.00112541089766, 0.0015777364606, 0.00216957880184, 0.0011628610082, 0.00108452339191, 0.000839948246721, 0.000523057824466, 0.000549817981664, 0.000255061197095, 0.000468243961222, 0.000170583138242, 0.000237857006141, 0.000189225116628, 0.000179649810889, 0.000153025743202, 0.000145333455293, 8.81535816006e-05, 5.80147025175e-05, 4.42013151769e-05, 3.23141612171e-05, 1.48575645653e-05, 5.88348427755e-07],
        "median": [4.79613072457e-06, 0.000260830798652, 0.000128774059704, 0.000117413561384, 0.000135796843097, 0.000125808088342, 0.000261761015281, 0.000273418263532, 0.000122226309031, 0.00024241412757, 0.000224477174925, 0.000122093246318, 0.000205041316804, 1.70032617461e-05, 9.33518531383e-05, 2.22351663979e-05, 2.11630958802e-05, 1.79780345206e-05, 1.07596924863e-05, 7.3606352089e-06, 6.41255701339e-06, 2.50964535553e-06, 1.69305212694e-06, 8.34297622987e-07, 8.05335531595e-08, 1.14560387843e-08, 7.16121995037e-10],
        "min": [1.23491118114e-23, 8.96265011664e-23, 2.36503575943e-23, 3.49345663482e-23, 1.68196851689e-23, 3.70647179842e-23, 4.43600657704e-23, 1.74318175655e-23, 2.9053147605e-23, 7.557372669e-23, 6.46171302923e-23, 7.24210472377e-23, 8.36890480554e-23, 7.59677090696e-23, 2.16465401389e-22, 1.66787106764e-22, 1.95634109237e-22, 2.12689345117e-22, 1.34599019611e-22, 4.54956808995e-22, 5.09383263719e-22, 4.26660608138e-22, 7.3480093634e-22, 8.51409370852e-22, 1.26710296963e-21, 1.85108844312e-21, 2.78101595453e-21],
        "var": [4.20330798079e-06, 0.000416039867559, 4.02504119847e-05, 1.46849670273e-05, 2.07580724236e-05, 5.20248386238e-06, 9.69788197835e-06, 2.07859247894e-05, 9.67702271737e-06, 5.78217895963e-06, 2.40505391957e-06, 1.0638468666e-06, 6.83296718762e-07, 4.14480496147e-07, 8.76313720255e-07, 1.99724169647e-07, 2.56222307371e-07, 1.32421590138e-07, 1.46070661344e-07, 1.12016309117e-07, 1.41007404864e-07, 5.33799529023e-08, 3.03919627243e-08, 2.91315771506e-08, 3.28979297137e-08, 8.71990391005e-09, 1.01563948224e-11]
    },
    "erbbands": {
        "dmean": [0.205415949225, 0.848906576633, 1.93619680405, 2.52056217194, 4.19106769562, 3.32413005829, 2.72158145905, 3.55202174187, 8.45818328857, 12.1065292358, 20.5136966705, 14.015996933, 11.6417131424, 23.4337654114, 10.6211957932, 15.1405181885, 14.7953529358, 10.9766950607, 11.2995538712, 9.64270019531, 7.1783490181, 7.1200966835, 6.30938100815, 9.05083179474, 6.2811384201, 4.37419319153, 3.99991583824, 3.4605307579, 2.56543827057, 1.52515041828, 1.38423478603, 0.908490359783, 0.692457139492, 0.500642299652, 0.243108332157, 0.110709063709, 0.0311141200364, 0.00471546594054, 0.000130965301651, 1.28312358356e-05],
        "dmean2": [0.276257365942, 1.2328286171, 3.34684562683, 4.36125421524, 7.50480890274, 5.79593706131, 4.43732357025, 5.2269525528, 13.1947059631, 17.7961921692, 28.5500736237, 20.2297725677, 15.7907400131, 30.8693161011, 15.191576004, 23.8271369934, 22.9944286346, 17.4606895447, 18.5111312866, 15.838517189, 12.2241859436, 12.4137783051, 11.1788282394, 16.7543411255, 11.5924091339, 8.00436496735, 7.34147357941, 6.28284168243, 4.64755439758, 2.68692851067, 2.45814704895, 1.63843870163, 1.26348638535, 0.929136097431, 0.445357322693, 0.204444855452, 0.0565606169403, 0.00847801752388, 0.000229384910199, 2.03399849852e-05],
        "dvar": [0.381968617439, 4.68173217773, 54.0843734741, 71.8445510864, 468.225067139, 262.896850586, 147.81968689, 123.099372864, 360.906524658, 754.830566406, 2329.63964844, 1908.22131348, 1421.86865234, 2133.6262207, 557.633605957, 962.651123047, 635.972229004, 550.09387207, 561.765563965, 526.832763672, 293.984802246, 323.914367676, 241.588623047, 722.290039062, 280.66583252, 162.7447052, 206.925125122, 222.849884033, 97.1977233887, 38.5371170044, 36.2786827087, 20.4578800201, 13.6707553864, 8.82729053497, 1.92999231815, 0.433736354113, 0.0323628112674, 0.000757199246436, 4.40179945826e-07, 1.17310638981e-09],
        "dvar2": [0.650999486446, 9.36566925049, 152.750900269, 200.188430786, 1353.02624512, 729.787109375, 351.690246582, 319.613006592, 863.655456543, 1538.29724121, 4694.35253906, 3793.00048828, 2534.80737305, 3638.87329102, 1066.74072266, 2228.64355469, 1535.4005127, 1325.76428223, 1351.76599121, 1337.49060059, 809.072692871, 903.450561523, 696.46496582, 2129.45361328, 827.79473877, 470.328674316, 612.449279785, 654.22442627, 282.162597656, 109.763328552, 103.977333069, 58.9988441467, 40.6208534241, 26.3082389832, 5.64365100861, 1.26842725277, 0.0938223972917, 0.00218818197027, 1.22085134535e-06, 3.10374259627e-09],
        "max": [11.2999753952, 37.0033226013, 93.953414917, 130.1771698, 446.439910889, 439.099487305, 445.627288818, 375.055603027, 392.856109619, 685.020935059, 1580.61425781, 1305.55871582, 2270.52441406, 1003.77874756, 579.893554688, 760.7265625, 439.752868652, 615.283447266, 494.573516846, 451.026824951, 392.406341553, 284.911865234, 297.636505127, 374.77230835, 220.331787109, 201.361541748, 232.734725952, 270.975189209, 153.73097229, 174.556838989, 94.967338562, 90.8468933105, 56.6241111755, 51.4097824097, 21.8102874756, 11.5830602646, 3.23578238487, 0.475720196962, 0.0129252271727, 0.000519606284797],
        "mean": [0.412314742804, 1.93626916409, 3.59200429916, 4.2608423233, 5.34826660156, 5.06321144104, 5.41248369217, 10.1992683411, 20.655544281, 30.8397083282, 48.7160682678, 29.924911499, 24.4784736633, 48.1842498779, 20.7054595947, 25.8617668152, 26.9207172394, 18.6173324585, 19.5226287842, 16.3194103241, 11.1155643463, 10.6895046234, 10.1646156311, 11.0810375214, 8.97315120697, 6.59357786179, 6.15396308899, 5.18293952942, 3.45635175705, 2.20509648323, 1.65149629116, 1.07194209099, 0.68027639389, 0.417338728905, 0.194876417518, 0.0821446925402, 0.0228376165032, 0.00340295629576, 0.00011214461847, 3.59311197826e-05],
        "median": [0.00762472907081, 0.0575193315744, 0.183871284127, 0.43413567543, 0.597901284695, 0.418474406004, 0.500123500824, 1.11856937408, 3.62989878654, 5.230676651, 7.05682325363, 4.53145456314, 6.4483704567, 12.8022661209, 6.50219392776, 7.48265504837, 11.6747350693, 6.26408004761, 4.77379465103, 3.12461948395, 1.49317383766, 1.11533856392, 1.1996178627, 0.58706921339, 0.578549563885, 0.330407112837, 0.28330925107, 0.204844012856, 0.103698223829, 0.0636425614357, 0.0451852642, 0.0202494133264, 0.0136526357383, 0.00247314292938, 0.000404088525102, 9.35342250159e-05, 3.03612650896e-05, 4.66512938146e-06, 1.45296244227e-05, 2.28067183343e-05],
        "min": [3.84240742609e-21, 1.52936163297e-20, 2.66637986918e-20, 7.31297519485e-20, 6.57277197747e-20, 5.99256681631e-20, 1.53418080014e-19, 3.81319793382e-19, 6.15525308027e-19, 6.02784968835e-19, 2.20651281429e-19, 7.39911248471e-19, 1.38288913007e-18, 3.29719341363e-18, 2.73576297763e-18, 3.49416352225e-18, 3.75141793352e-18, 3.12416914977e-18, 8.66675426234e-18, 1.07911253018e-17, 9.66360947086e-18, 1.18163577684e-17, 1.09503939656e-17, 1.01202867881e-17, 7.33247222962e-18, 2.21677935612e-17, 1.81741705269e-17, 2.17196055986e-17, 1.53150174308e-17, 1.70906598774e-17, 2.32350153701e-17, 1.58650048571e-17, 1.57063847028e-17, 9.54518450411e-18, 1.21873127043e-17, 6.95165399204e-18, 3.67765699753e-18, 1.19416022189e-18, 4.40555980655e-19, 4.08202710926e-20],
        "var": [0.842008650303, 12.8697032928, 52.2077560425, 73.0339584351, 303.838287354, 215.446182251, 195.421936035, 454.308929443, 1569.12854004, 3913.99682617, 11381.1611328, 5848.64453125, 5271.89111328, 7433.98974609, 1598.37634277, 2315.30981445, 1433.95629883, 1191.55249023, 1267.58166504, 1062.62438965, 526.614624023, 484.246124268, 365.59967041, 623.96270752, 326.033966064, 184.566925049, 200.549835205, 193.742233276, 82.9216690063, 35.4586181641, 29.6410274506, 15.0258951187, 8.60896492004, 5.09628152847, 1.14012169838, 0.249157443643, 0.0190552230924, 0.000452402542578, 3.05832429603e-07, 1.98158289777e-09]
    },
    "gfcc": {
        "mean": [-146.222625732, 122.320289612, -150.03868103, 2.02866435051, -58.2739601135, 12.3793115616, -20.4107704163, 0.702553629875, -10.6776313782, 0.289697378874, -5.494992733, -7.9815864563, -7.62878131866],
        "cov": [[45123.703125, 1639.18395996, 1776.98730469, 6208.31494141, -519.558227539, 560.336608887, -363.982818604, 972.800170898, -273.264343262, 76.9710540771, -339.359161377, -438.358154297, -801.645507812], [1639.18395996, 2907.46557617, 217.975219727, 108.428718567, 609.323669434, 102.617225647, 495.891357422, -303.131195068, 302.642211914, -282.315673828, 409.823394775, -155.864105225, 216.858581543], [1776.98730469, 217.975219727, 1973.91271973, 1424.38513184, 655.354919434, 434.810119629, 143.694580078, 256.509490967, -2.06428909302, 120.045303345, -11.4445991516, 144.130584717, -27.1619548798], [6208.31494141, 108.428718567, 1424.38513184, 2084.49169922, 502.770385742, 388.474365234, 96.5020523071, 358.871948242, 29.6062755585, 91.0761108398, -54.4791374207, 30.928855896, -96.7666625977], [-519.558227539, 609.323669434, 655.354919434, 502.770385742, 712.332519531, 298.659606934, 265.472473145, 98.3662033081, 157.45173645, 21.8413639069, 92.7068862915, 46.5774116516, 68.6264648438], [560.336608887, 102.617225647, 434.810119629, 388.474365234, 298.659606934, 329.213745117, 136.514831543, 140.606262207, 85.7642364502, 87.6122894287, 46.4018096924, 44.7173309326, -7.3864774704], [-363.982818604, 495.891357422, 143.694580078, 96.5020523071, 265.472473145, 136.514831543, 291.895233154, 32.4265632629, 145.645614624, -49.4411392212, 121.488754272, -16.3572273254, 76.5099029541], [972.800170898, -303.131195068, 256.509490967, 358.871948242, 98.3662033081, 140.606262207, 32.4265632629, 286.831787109, 52.0746917725, 106.636123657, -56.7921295166, 60.6277427673, -41.7957305908], [-273.264343262, 302.642211914, -2.06428909302, 29.6062755585, 157.45173645, 85.7642364502, 145.645614624, 52.0746917725, 229.755249023, 21.2923984528, 93.1815032959, -21.9218883514, 69.5050582886], [76.9710540771, -282.315673828, 120.045303345, 91.0761108398, 21.8413639069, 87.6122894287, -49.4411392212, 106.636123657, 21.2923984528, 191.408569336, 2.90905308723, 64.8874130249, -53.5017738342], [-339.359161377, 409.823394775, -11.4445991516, -54.4791374207, 92.7068862915, 46.4018096924, 121.488754272, -56.7921295166, 93.1815032959, 2.90905308723, 236.099075317, 25.9773693085, 59.6727371216], [-438.358154297, -155.864105225, 144.130584717, 30.928855896, 46.5774116516, 44.7173309326, -16.3572273254, 60.6277427673, -21.9218883514, 64.8874130249, 25.9773693085, 141.72052002, 31.5120639801], [-801.645507812, 216.858581543, -27.1619548798, -96.7666625977, 68.6264648438, -7.3864774704, 76.5099029541, -41.7957305908, 69.5050582886, -53.5017738342, 59.6727371216, 31.5120639801, 179.3306427]],
        "icov": [[9.77087111096e-05, -0.000219904133701, 0.000168355865753, -0.000412344175857, 0.000393982947571, -0.000195890301256, 0.000157388989464, -0.000239186789258, 0.000159935589181, -5.78449253226e-05, 8.58338098624e-05, 4.33126588177e-05, 0.000108549254946], [-0.000219904133701, 0.00134739163332, -0.000453344051493, 0.00086160824867, -0.00139310571831, 0.000647231412586, -0.000736018118914, 0.00122753495816, -0.000766752811614, 0.000810057332274, -0.00108352955431, 0.000481016730191, -0.000241354311584], [0.000168355865753, -0.000453344051493, 0.00173401739448, -0.00147824885789, 6.95492635714e-05, -0.000844349851832, 0.000103825477709, -3.4233853512e-05, 0.000883981003426, -0.000436897738837, 0.000570440897718, -0.000951127673034, 0.000156467678607], [-0.000412344175857, 0.00086160824867, -0.00147824885789, 0.00299608544447, -0.00183089752682, 0.00054251588881, 6.36714612483e-05, -0.000371904257918, -0.000475442648167, 0.000775899505243, -0.000810721539892, 0.000918356177863, -0.000359089695849], [0.000393982947571, -0.00139310571831, 6.95492635714e-05, -0.00183089752682, 0.00552995875478, -0.00237746117637, -0.00120581162628, -0.00025850176462, -0.000383527425583, -0.000539270869922, 0.00162157486193, -0.00127483624965, 0.000380663172109], [-0.000195890301256, 0.000647231412586, -0.000844349851832, 0.00054251588881, -0.00237746117637, 0.00790117029101, -0.00263779028319, -0.000509337929543, -0.000321456114762, -0.00231687841006, -0.000657293887343, 9.41360849538e-05, 0.000383985170629], [0.000157388989464, -0.000736018118914, 0.000103825477709, 6.36714612483e-05, -0.00120581162628, -0.00263779028319, 0.0107014281675, -0.00339560071006, -0.00166972633451, 0.00404059933499, -0.00322950072587, 0.00213780882768, -0.00080899061868], [-0.000239186789258, 0.00122753495816, -3.4233853512e-05, -0.000371904257918, -0.00025850176462, -0.000509337929543, -0.00339560071006, 0.00998756941408, -0.00374113582075, -0.00171193387359, 0.00334838940762, -0.00448099523783, 0.00170737458393], [0.000159935589181, -0.000766752811614, 0.000883981003426, -0.000475442648167, -0.000383527425583, -0.000321456114762, -0.00166972633451, -0.00374113582075, 0.0108129996806, -0.00371356541291, -0.00210765120573, 0.00514167174697, -0.00400751829147], [-5.78449253226e-05, 0.000810057332274, -0.000436897738837, 0.000775899505243, -0.000539270869922, -0.00231687841006, 0.00404059933499, -0.00171193387359, -0.00371356541291, 0.0120224561542, -0.00235522701405, -0.00333096063696, 0.00349753419869], [8.58338098624e-05, -0.00108352955431, 0.000570440897718, -0.000810721539892, 0.00162157486193, -0.000657293887343, -0.00322950072587, 0.00334838940762, -0.00210765120573, -0.00235522701405, 0.00922539643943, -0.00455403747037, 0.000698205316439], [4.33126588177e-05, 0.000481016730191, -0.000951127673034, 0.000918356177863, -0.00127483624965, 9.41360849538e-05, 0.00213780882768, -0.00448099523783, 0.00514167174697, -0.00333096063696, -0.00455403747037, 0.0154591510072, -0.00568898301572], [0.000108549254946, -0.000241354311584, 0.000156467678607, -0.000359089695849, 0.000380663172109, 0.000383985170629, -0.00080899061868, 0.00170737458393, -0.00400751829147, 0.00349753419869, 0.000698205316439, -0.00568898301572, 0.0101605849341]]
    },
    "melbands": {
        "dmean": [0.0014711022377, 0.00098113110289, 0.000489919737447, 0.00027364451671, 9.83703575912e-05, 8.09227349237e-05, 0.000137239811011, 0.000140162592288, 0.0001655058295, 8.73954486451e-05, 5.74316327402e-05, 9.45117863012e-05, 4.12860645156e-05, 3.51721646439e-05, 2.9819779229e-05, 3.9349150029e-05, 2.04414300242e-05, 1.50815549205e-05, 2.38986904151e-05, 1.00785673567e-05, 9.03370073502e-06, 8.38392588776e-06, 6.79065351505e-06, 5.78905473958e-06, 8.13556653156e-06, 4.49121444035e-06, 4.52483254776e-06, 2.94800543088e-06, 2.50784842137e-06, 2.82522751149e-06, 1.95825418814e-06, 1.4145256273e-06, 1.38040115871e-06, 7.34962554816e-07, 8.57850693592e-07, 6.54414861856e-07, 5.45702789623e-07, 4.94310938848e-07, 4.50121575568e-07, 4.07010588788e-07],
        "dmean2": [0.0019515043823, 0.00159877410624, 0.000852213008329, 0.000484267249703, 0.000162547003129, 0.000120151671581, 0.000215510663111, 0.000202576353331, 0.000231872647419, 0.00012626114767, 7.78777539381e-05, 0.000124162150314, 5.78368599236e-05, 5.44178583368e-05, 4.70018676424e-05, 6.02876607445e-05, 3.31021401507e-05, 2.45469145739e-05, 3.92392248614e-05, 1.70107068698e-05, 1.53701294039e-05, 1.45095809785e-05, 1.18101088447e-05, 1.03704833236e-05, 1.50877604028e-05, 8.28521206131e-06, 8.3314926087e-06, 5.36924653716e-06, 4.57560008726e-06, 5.17688977197e-06, 3.54330495611e-06, 2.56294060819e-06, 2.47015532295e-06, 1.29442764774e-06, 1.52628228989e-06, 1.16476348921e-06, 9.93287244455e-07, 9.02571173356e-07, 8.28707925393e-07, 7.5782145359e-07],
        "dvar": [1.69926042872e-05, 9.75333568931e-06, 3.28903274749e-06, 1.91835579244e-06, 1.73074212739e-07, 5.8950231363e-08, 9.27591301547e-08, 1.0541425155e-07, 1.5650317664e-07, 8.31504749499e-08, 3.51068401017e-08, 3.65243408851e-08, 6.46487174905e-09, 4.8986064094e-09, 4.37468594683e-09, 5.1042507998e-09, 2.82470713486e-09, 1.04798669742e-09, 4.33740154904e-09, 8.29699642324e-10, 5.38956546059e-10, 4.99116248331e-10, 2.18015883124e-10, 2.26382315671e-10, 6.2315458349e-10, 1.31027966255e-10, 2.02446087672e-10, 6.45729303361e-11, 6.53785914295e-11, 1.13828529935e-10, 6.87226733853e-11, 2.24780732222e-11, 3.58193474881e-11, 9.58587376143e-12, 1.27981791831e-11, 8.81186703466e-12, 8.05071113941e-12, 6.73900692194e-12, 6.26604801032e-12, 5.96834213995e-12],
        "dvar2": [2.8118976843e-05, 2.64338268607e-05, 9.25743461266e-06, 5.49387050341e-06, 4.19211716007e-07, 1.55418831582e-07, 2.2467548888e-07, 2.0956207436e-07, 3.2110091297e-07, 1.62238166013e-07, 6.28320577789e-08, 6.16108195572e-08, 1.21882628434e-08, 1.12752536197e-08, 9.79628023146e-09, 1.21263479258e-08, 6.77925671155e-09, 2.47909426321e-09, 1.0935718997e-08, 2.20722373712e-09, 1.46322109984e-09, 1.38110123338e-09, 6.11563799602e-10, 6.57882526234e-10, 1.83706283519e-09, 3.89713844529e-10, 5.96715565848e-10, 1.87402662832e-10, 1.94771740403e-10, 3.35845573574e-10, 2.02506011959e-10, 6.53623336011e-11, 1.03408656638e-10, 2.7070840361e-11, 3.65173724592e-11, 2.54177460329e-11, 2.33186230741e-11, 2.00016097435e-11, 1.87710003791e-11, 1.7730069149e-11],
        "max": [0.0772253796458, 0.0441326647997, 0.0346209146082, 0.025025293231, 0.0127898603678, 0.00736481696367, 0.00615260191262, 0.00848266854882, 0.0116587048396, 0.00897499360144, 0.0112079652026, 0.00441942270845, 0.0015553770354, 0.00153324042913, 0.00195380696096, 0.00141968985554, 0.00137725973036, 0.000741823751014, 0.00138392532244, 0.000855415943079, 0.000697821262293, 0.000468317652121, 0.000237237225519, 0.000221741051064, 0.000360430363799, 0.000137712791911, 0.000216565633309, 0.000157032962306, 0.000121226039482, 0.000190695383935, 0.000144618694321, 7.07293656887e-05, 9.41029720707e-05, 0.000104867758637, 5.64468391531e-05, 5.93397526245e-05, 6.02382788202e-05, 3.86898609577e-05, 4.23190249421e-05, 4.28571183875e-05],
        "mean": [0.00325087853707, 0.0021276162006, 0.000791831640527, 0.000378273020033, 0.000193850457435, 0.000230146688409, 0.000329106347635, 0.000356175907655, 0.000380773097277, 0.000174908476765, 0.000114840928291, 0.00019142209203, 7.54884895287e-05, 6.01964966336e-05, 5.34079226782e-05, 6.40696162009e-05, 3.07456648443e-05, 2.49685617746e-05, 3.65522464563e-05, 1.48159588207e-05, 1.27224757307e-05, 1.16844566946e-05, 1.02083622551e-05, 8.63925288286e-06, 9.05145225261e-06, 6.12740677752e-06, 5.86392479818e-06, 4.18161971538e-06, 3.81398763238e-06, 3.76462958229e-06, 2.75434740615e-06, 1.94771860151e-06, 1.60234162649e-06, 1.08710344193e-06, 1.01641899164e-06, 7.45635531985e-07, 6.1199028778e-07, 4.89422916417e-07, 3.98513350319e-07, 3.29393685661e-07],
        "median": [8.19259876153e-05, 0.000115404523967, 0.000104045306216, 3.62736100215e-05, 1.56415353558e-05, 2.34599756368e-05, 5.49871656403e-05, 6.04687375017e-05, 4.73170257465e-05, 2.2669615646e-05, 2.52884456131e-05, 4.55681947642e-05, 2.12028462556e-05, 1.62503692991e-05, 1.46425190906e-05, 2.12291179196e-05, 3.98880365537e-06, 5.85264115216e-06, 5.97354710408e-06, 2.00111230697e-06, 1.35851098548e-06, 1.03010916064e-06, 1.33913738409e-06, 6.73511578952e-07, 3.81350957923e-07, 4.38306926753e-07, 2.93633490855e-07, 2.03305262403e-07, 1.66960305137e-07, 1.79184411309e-07, 8.69969198902e-08, 5.50231078478e-08, 4.31252829003e-08, 2.80129093255e-08, 2.44953870521e-08, 1.82283077521e-08, 6.01890093321e-09, 1.18323741916e-08, 2.86703683017e-09, 1.04637176701e-09],
        "min": [2.94392035102e-23, 1.57053008111e-23, 1.3208471638e-23, 4.28333485506e-24, 4.99891294877e-24, 7.85980064081e-24, 9.92204949671e-24, 6.33040997145e-24, 1.97893173367e-24, 4.62609452395e-24, 6.39064147372e-24, 1.29857525386e-23, 8.49183520921e-24, 8.98461689518e-24, 1.18935793485e-23, 5.15686065137e-24, 5.34819018646e-24, 1.28521447448e-23, 1.64279715532e-23, 1.29210075687e-23, 1.08551378412e-23, 1.261175595e-23, 1.18439923409e-23, 7.53324614707e-24, 8.49219019662e-24, 3.90820546222e-24, 9.01316419362e-24, 1.61480979036e-23, 1.18624146096e-23, 1.12638182772e-23, 1.25118632825e-23, 8.45745270666e-24, 9.0279916232e-24, 8.74420916773e-24, 1.45072545989e-23, 1.08356711207e-23, 9.04484879188e-24, 1.11948702564e-23, 1.0262518708e-23, 7.00752320742e-24],
        "var": [4.41432057414e-05, 1.35931195473e-05, 2.8530741929e-06, 1.33765092869e-06, 2.23258325605e-07, 2.23515613129e-07, 3.99483923275e-07, 5.45494799553e-07, 7.4457801702e-07, 2.44924791559e-07, 1.26520632193e-07, 1.25752990243e-07, 1.86619573128e-08, 1.20620100574e-08, 1.11462306052e-08, 1.0522388294e-08, 5.66037217098e-09, 2.34054020609e-09, 7.51628181916e-09, 1.59568580571e-09, 8.60977011907e-10, 7.28566817987e-10, 3.51228102158e-10, 3.2264232952e-10, 4.99275398802e-10, 1.62372587598e-10, 1.89124757521e-10, 7.61883403588e-11, 7.15706036103e-11, 9.6709640296e-11, 5.86745235731e-11, 2.22609257416e-11, 2.61177520583e-11, 8.83268892055e-12, 1.09117142405e-11, 6.74567606634e-12, 5.61314840095e-12, 4.27984384044e-12, 3.75682471243e-12, 3.42152781801e-12]
    },
    "mfcc": {
        "mean": [-760.48425293, 139.048599243, -18.262758255, -3.85926938057, -13.1049375534, 3.76450252533, 0.0431132428348, 2.03631281853, 1.23122251034, 4.14018011093, 2.53641271591, 5.51411390305, -0.0492525584996],
        "cov": [[27372.1640625, 981.356262207, 757.898803711, 4261.71777344, 858.226196289, 780.800720215, 105.664894104, 502.151275635, 161.549438477, 500.979736328, 249.823440552, 236.735244751, 14.0252847672], [981.356262207, 2627.03588867, 23.1387290955, 73.353012085, 158.157363892, 238.65637207, 229.357086182, 168.332870483, 66.4195556641, 41.7184028625, -24.4099445343, 116.483772278, 31.9927024841], [757.898803711, 23.1387290955, 1094.4005127, 718.742736816, 472.858398438, 377.893127441, 252.894134521, 175.442123413, 38.5625648499, 68.1440887451, 72.14402771, 20.352640152, 96.2455368042], [4261.71777344, 73.353012085, 718.742736816, 1582.57727051, 633.574157715, 468.874816895, 276.123504639, 303.915130615, 119.308586121, 167.733352661, 98.5683288574, 36.3918609619, 116.285133362], [858.226196289, 158.157363892, 472.858398438, 633.574157715, 523.682373047, 346.617462158, 238.951705933, 212.186950684, 107.74029541, 126.700149536, 78.5704574585, 29.3716678619, 134.510070801], [780.800720215, 238.65637207, 377.893127441, 468.874816895, 346.617462158, 363.883361816, 225.089035034, 169.254776001, 73.0839233398, 116.192512512, 71.9298782349, 42.803981781, 115.902046204], [105.664894104, 229.357086182, 252.894134521, 276.123504639, 238.951705933, 225.089035034, 247.707885742, 166.109176636, 55.2671966553, 78.3365707397, 47.4099006653, 26.2968235016, 76.4675140381], [502.151275635, 168.332870483, 175.442123413, 303.915130615, 212.186950684, 169.254776001, 166.109176636, 228.726577759, 111.974975586, 96.6625518799, 52.5353012085, 21.2546596527, 77.5383453369], [161.549438477, 66.4195556641, 38.5625648499, 119.308586121, 107.74029541, 73.0839233398, 55.2671966553, 111.974975586, 170.374862671, 92.1488494873, 28.8355941772, -3.51154327393, 49.759437561], [500.979736328, 41.7184028625, 68.1440887451, 167.733352661, 126.700149536, 116.192512512, 78.3365707397, 96.6625518799, 92.1488494873, 164.78565979, 84.3258590698, 35.5358848572, 56.0983886719], [249.823440552, -24.4099445343, 72.14402771, 98.5683288574, 78.5704574585, 71.9298782349, 47.4099006653, 52.5353012085, 28.8355941772, 84.3258590698, 145.54083252, 74.0270385742, 48.6522293091], [236.735244751, 116.483772278, 20.352640152, 36.3918609619, 29.3716678619, 42.803981781, 26.2968235016, 21.2546596527, -3.51154327393, 35.5358848572, 74.0270385742, 129.924743652, 60.5894813538], [14.0252847672, 31.9927024841, 96.2455368042, 116.285133362, 134.510070801, 115.902046204, 76.4675140381, 77.5383453369, 49.759437561, 56.0983886719, 48.6522293091, 60.5894813538, 198.996536255]],
