{
"lowlevel": {
    "average_loudness": 0.919748008251,
    "barkbands_crest": {
        "dmean": 2.45567417145,
        "dmean2": 3.61306762695,
        "dvar": 7.16076087952,
        "dvar2": 13.8494577408,
        "max": 26.2043476105,
        "mean": 12.6670093536,
        "median": 11.452047348,
        "min": 2.11698150635,
        "var": 32.400806427
    },
    "barkbands_flatness_db": {
        "dmean": 0.0305940322578,
        "dmean2": 0.0416199415922,
        "dvar": 0.00132595573086,
        "dvar2": 0.00254093762487,
        "max": 0.596753537655,
        "mean": 0.153159871697,
        "median": 0.131191000342,
        "min": 0.0105452118441,
        "var": 0.00720855314285
    },
    "barkbands_kurtosis": {
        "dmean": 14.0100364685,
        "dmean2": 20.2210617065,
        "dvar": 4122.66113281,
        "dvar2": 9368.4609375,
        "max": 1612.4017334,
        "mean": 20.4689941406,
        "median": 4.84114313126,
        "min": -1.94249081612,
        "var": 6285.63623047
    },
    "barkbands_skewness": {
        "dmean": 0.92544400692,
        "dmean2": 1.28672671318,
        "dvar": 2.4462749958,
        "dvar2": 4.4022436142,
        "max": 33.6124305725,
        "mean": 2.81176495552,
        "median": 2.12477707863,
        "min": -3.33551025391,
        "var": 8.41466712952
    },
    "barkbands_spread": {
        "dmean": 8.34097766876,
        "dmean2": 12.8523569107,
        "dvar": 116.344940186,
        "dvar2": 258.85458374,
        "max": 117.253547668,
        "mean": 24.674993515,
        "median": 22.9821910858,
        "min": 0.0679361447692,
        "var": 313.684143066
    },
    "dissonance": {
        "dmean": 0.0198910590261,
        "dmean2": 0.0325381979346,
        "dvar": 0.000491812708788,
        "dvar2": 0.00124910799786,
        "max": 0.500000119209,
        "mean": 0.453376471996,
        "median": 0.46886408329,
        "min": 0.201458051801,
        "var": 0.001978257671
    },
    "dynamic_complexity": 3.17065000534,
    "erbbands_crest": {
        "dmean": 2.12799191475,
        "dmean2": 3.46399903297,
        "dvar": 5.45597076416,
        "dvar2": 14.3609056473,
        "max": 30.6785926819,
        "mean": 7.58711194992,
        "median": 6.56593608856,
        "min": 2.03329229355,
        "var": 15.6075115204
    },
    "erbbands_flatness_db": {
        "dmean": 0.0156568977982,
        "dmean2": 0.0232910569757,
        "dvar": 0.000418625713792,
        "dvar2": 0.000845277798362,
        "max": 0.402790367603,
        "mean": 0.119154401124,
        "median": 0.0987613797188,
        "min": 0.0401706919074,
        "var": 0.00378999253735
    },
    "erbbands_kurtosis": {
        "dmean": 1.0972225666,
        "dmean2": 1.66795742512,
        "dvar": 5.37532424927,
        "dvar2": 11.0671329498,
        "max": 58.6678657532,
        "mean": 0.769618928432,
        "median": -0.4485861063,
        "min": -1.88963484764,
        "var": 14.1374015808
    },
    "erbbands_skewness": {
        "dmean": 0.390433371067,
        "dmean2": 0.59096300602,
        "dvar": 0.211384892464,
        "dvar2": 0.462852329016,
        "max": 6.77574157715,
        "mean": 0.440055310726,
        "median": 0.388650327921,
        "min": -3.87036156654,
        "var": 0.958944380283
    },
    "erbbands_spread": {
        "dmean": 12.241645813,
        "dmean2": 18.390296936,
        "dvar": 255.577331543,
        "dvar2": 553.702575684,
        "max": 212.154449463,
        "mean": 59.2911491394,
        "median": 57.8813323975,
        "min": 2.54643130302,
        "var": 939.289306641
    },
    "hfc": {
        "dmean": 13.250202179,
        "dmean2": 19.815782547,
        "dvar": 419.410308838,
        "dvar2": 990.200805664,
        "max": 199.424453735,
        "mean": 32.3318786621,
        "median": 22.0287456512,
        "min": 1.14996938393e-16,
        "var": 936.268737793
    },
    "melbands_crest": {
        "dmean": 3.10403847694,
        "dmean2": 4.50975513458,
        "dvar": 11.329164505,
        "dvar2": 22.9293422699,
        "max": 37.4895744324,
        "mean": 18.5860137939,
        "median": 17.0867424011,
        "min": 1.92465353012,
        "var": 70.1294021606
    },
    "melbands_flatness_db": {
        "dmean": 0.0358317568898,
        "dmean2": 0.0494341813028,
        "dvar": 0.0019569688011,
        "dvar2": 0.00382066005841,
        "max": 0.739086568356,
        "mean": 0.235491380095,
        "median": 0.207533448935,
        "min": 0.00678050657734,
        "var": 0.0105117671192
    },
    "melbands_kurtosis": {
        "dmean": 32.8500137329,
        "dmean2": 44.9484672546,
        "dvar": 8110.03125,
        "dvar2": 13833.0800781,
        "max": 1969.49072266,
        "mean": 63.945022583,
        "median": 19.7944087982,
        "min": -1.83642327785,
        "var": 22970.4160156
    },
    "melbands_skewness": {
        "dmean": 1.33332550526,
        "dmean2": 1.87890100479,
        "dvar": 4.42745304108,
        "dvar2": 7.95264911652,
        "max": 33.1233940125,
        "mean": 5.02801704407,
        "median": 3.73162698746,
        "min": -1.63537025452,
        "var": 19.1790180206
    },
    "melbands_spread": {
        "dmean": 6.93448972702,
        "dmean2": 10.8539485931,
        "dvar": 148.976638794,
        "dvar2": 312.74432373,
        "max": 261.436096191,
        "mean": 18.2525730133,
        "median": 13.4771614075,
        "min": 0.112228065729,
        "var": 439.171386719
    },
    "pitch_salience": {
        "dmean": 0.079180598259,
        "dmean2": 0.116131491959,
        "dvar": 0.00746312132105,
        "dvar2": 0.0152740469202,
        "max": 0.955756604671,
        "mean": 0.495158731937,
        "median": 0.526410937309,
        "min": 0.0164767093956,
        "var": 0.0331014730036
    },
    "silence_rate_20dB": {
        "dmean": 0,
        "dmean2": 0,
        "dvar": 0,
        "dvar2": 0,
        "max": 1,
        "mean": 1,
        "median": 1,
        "min": 1,
        "var": 0
    },
    "silence_rate_30dB": {
        "dmean": 0.0663245767355,
        "dmean2": 0.132659316063,
        "dvar": 0.0619220510125,
        "dvar2": 0.125314161181,
        "max": 1,
        "mean": 0.87042427063,
        "median": 1,
        "min": 0,
        "var": 0.11281042546
    },
    "silence_rate_60dB": {
        "dmean": 0.0196063406765,
        "dmean2": 0.0392156876624,
        "dvar": 0.0192191302776,
        "dvar2": 0.0462484657764,
        "max": 1,
        "mean": 0.0410476326942,
        "median": 0,
        "min": 0,
        "var": 0.0393569581211
    },
    "spectral_centroid": {
        "dmean": 334.394012451,
        "dmean2": 508.270690918,
        "dvar": 185317.09375,
        "dvar2": 410190.90625,
        "max": 11332.2646484,
        "mean": 1387.70373535,
        "median": 1309.62609863,
        "min": 74.6812438965,
        "var": 681219.125
    },
    "spectral_complexity": {
        "dmean": 4.21000242233,
        "dmean2": 6.36688089371,
        "dvar": 32.3611869812,
        "dvar2": 68.3374099731,
        "max": 60,
        "mean": 18.0847759247,
        "median": 15,
        "min": 0,
        "var": 156.769515991
    },
    "spectral_decrease": {
        "dmean": 3.58404306233e-09,
        "dmean2": 5.01325869706e-09,
        "dvar": 3.29161238468e-17,
        "dvar2": 5.79694790722e-17,
        "max": 1.42053688757e-29,
        "mean": -1.33927624546e-08,
        "median": -1.09739444198e-08,
        "min": -7.68636070347e-08,
        "var": 1.36559512024e-16
    },
    "spectral_energy": {
        "dmean": 0.0137873869389,
        "dmean2": 0.0192488599569,
        "dvar": 0.000468546204502,
        "dvar2": 0.000807259522844,
        "max": 0.291672796011,
        "mean": 0.0534800291061,
        "median": 0.044322617352,
        "min": 1.03769517039e-20,
        "var": 0.00205030618235
    },
    "spectral_energyband_high": {
        "dmean": 0.00117918907199,
        "dmean2": 0.00179165496957,
        "dvar": 3.49636320607e-06,
        "dvar2": 8.10386336525e-06,
        "max": 0.0191022437066,
        "mean": 0.00242422125302,
        "median": 0.00120876717847,
        "min": 7.37246208247e-21,
        "var": 7.8528710219e-06
    },
    "spectral_energyband_low": {
        "dmean": 0.0125574413687,
        "dmean2": 0.0171242635697,
        "dvar": 0.000549989752471,
        "dvar2": 0.000975719944108,
        "max": 0.290544271469,
        "mean": 0.0355762131512,
        "median": 0.0236392952502,
        "min": 5.1039622423e-23,
        "var": 0.00183834589552
    },
    "spectral_energyband_middle_high": {
        "dmean": 0.00150311621837,
        "dmean2": 0.00248881825246,
        "dvar": 6.73000886309e-06,
        "dvar2": 1.77851670742e-05,
        "max": 0.0246380604804,
        "mean": 0.0032379149925,
        "median": 0.00231055403128,
        "min": 1.55999589133e-21,
        "var": 1.09910324682e-05
    },
    "spectral_energyband_middle_low": {
        "dmean": 0.00593430642039,
        "dmean2": 0.00966043397784,
        "dvar": 0.000146877966472,
        "dvar2": 0.000386263127439,
        "max": 0.130574226379,
        "mean": 0.0136617142707,
        "median": 0.0103006027639,
        "min": 2.69858915334e-22,
        "var": 0.000190665115952
    },
    "spectral_entropy": {
        "dmean": 0.225087031722,
        "dmean2": 0.335538476706,
        "dvar": 0.0811906978488,
        "dvar2": 0.174317345023,
        "max": 9.80318260193,
        "mean": 7.66700744629,
        "median": 7.87084293365,
        "min": 4.80403661728,
        "var": 0.553588449955
    },
    "spectral_flux": {
        "dmean": 0.0398622341454,
        "dmean2": 0.0607194192708,
        "dvar": 0.00300562987104,
        "dvar2": 0.00620430521667,
        "max": 0.497522175312,
        "mean": 0.0944795161486,
        "median": 0.0767006278038,
        "min": 6.61132398827e-11,
        "var": 0.00584863033146
    },
    "spectral_kurtosis": {
        "dmean": 1.92633414268,
        "dmean2": 3.05582952499,
        "dvar": 37.0002784729,
        "dvar2": 95.8217163086,
        "max": 207.583175659,
        "mean": 5.23357915878,
        "median": 1.97709655762,
        "min": -1.43524634838,
        "var": 200.077468872
    },
    "spectral_rms": {
        "dmean": 0.000903558335267,
        "dmean2": 0.00123103300575,
        "dvar": 1.36699884479e-06,
        "dvar2": 2.15712202589e-06,
        "max": 0.016868872568,
        "mean": 0.00650179479271,
        "median": 0.00657583307475,
        "min": 3.18180052618e-12,
        "var": 9.90213084151e-06
    },
    "spectral_rolloff": {
        "dmean": 725.698120117,
        "dmean2": 1220.9161377,
        "dvar": 2142884,
        "dvar2": 4682324.5,
        "max": 19207.6171875,
        "mean": 1353.31506348,
        "median": 581.396484375,
        "min": 43.06640625,
        "var": 4543463
    },
    "spectral_skewness": {
        "dmean": 0.240819454193,
        "dmean2": 0.358415573835,
        "dvar": 0.168815866113,
        "dvar2": 0.370472490788,
        "max": 11.7979040146,
        "mean": 1.59124827385,
        "median": 1.28957819939,
        "min": -0.209627464414,
        "var": 1.22539401054
    },
    "spectral_spread": {
        "dmean": 823092.9375,
        "dmean2": 1140248.5,
        "dvar": 1.10939445658e+12,
        "dvar2": 1.95152065331e+12,
        "max": 41213984,
        "mean": 6833878.5,
        "median": 6784569,
        "min": 386569.625,
        "var": 5.49007969485e+12
    },
    "spectral_strongpeak": {
        "dmean": 0.242463648319,
        "dmean2": 0.397955983877,
        "dvar": 0.139789268374,
        "dvar2": 0.372250288725,
        "max": 5.30464363098,
        "mean": 0.641675889492,
        "median": 0.491513073444,
        "min": 0,
        "var": 0.29055967927
    },
    "zerocrossingrate": {
        "dmean": 0.0150018678978,
        "dmean2": 0.017421759665,
        "dvar": 0.000347925466485,
        "dvar2": 0.000385807739804,
        "max": 0.82763671875,
        "mean": 0.0618038512766,
        "median": 0.05419921875,
        "min": 0.00146484375,
        "var": 0.00273000122979
    },
    "barkbands": {
        "dmean": [0.00101524183992, 0.0117361461744, 0.00413084682077, 0.00235408404842, 0.00288626994006, 0.00097319559427, 0.00105127133429, 0.000575732265133, 0.00034468981903, 0.000443693774287, 0.000221082314965, 0.000237190222833, 0.000226085365284, 0.00019607001741, 0.000192137638805, 0.000124689540826, 0.000218053741264, 0.000199218120542, 0.000216668311623, 0.000190296195797, 0.000161428150022, 0.000165440971614, 0.000197385874344, 0.000265467067948, 0.000254772254266, 0.000191182014532, 3.47450077243e-05],
        "dmean2": [0.00151204096619, 0.0154481362551, 0.0073017841205, 0.0039346027188, 0.00494679808617, 0.00156537035946, 0.00172306352761, 0.000885199289769, 0.00054717058083, 0.000732165935915, 0.000356768432539, 0.000392998656025, 0.000372529495507, 0.000331110262778, 0.000326056790072, 0.000207885401323, 0.000372337352019, 0.000327490270138, 0.000367127213394, 0.000325150613207, 0.000262250658125, 0.000262949644821, 0.000309655151796, 0.000421015283791, 0.000381512683816, 0.000293499440886, 5.6695243984e-05],
        "dvar": [3.48510457115e-06, 0.000553060672246, 0.000164125667652, 4.152872134e-05, 5.53823738301e-05, 2.52182871918e-06, 3.70516204384e-06, 1.19816127153e-06, 4.79311552226e-07, 7.39010374673e-07, 2.7403217473e-07, 3.90303682707e-07, 3.44221973592e-07, 2.05838503575e-07, 2.02430399554e-07, 6.21082492103e-08, 2.20580147925e-07, 1.63569438882e-07, 2.87036129976e-07, 1.6033322936e-07, 8.53322816852e-08, 7.16104295861e-08, 9.01252192875e-08, 1.93929309944e-07, 2.04799405878e-07, 1.63251030472e-07, 6.6480216887e-09],
        "dvar2": [8.06913976703e-06, 0.000999613548629, 0.000470038881758, 0.000108064254164, 0.000155329340487, 6.37336415821e-06, 1.03072243292e-05, 2.60468959823e-06, 1.0576185332e-06, 1.99363830689e-06, 7.81219341661e-07, 1.12284180886e-06, 9.46672059854e-07, 5.51107348201e-07, 5.51890252609e-07, 1.62820512628e-07, 6.11208804457e-07, 4.19005488084e-07, 7.76764466082e-07, 4.35391086739e-07, 2.04249815283e-07, 1.67708137155e-07, 2.19162359372e-07, 4.7125311653e-07, 4.53142547485e-07, 3.78854934979e-07, 1.65140594532e-08],
        "max": [0.0598772317171, 0.281897038221, 0.130215659738, 0.10530179739, 0.109761536121, 0.0318405106664, 0.0509409978986, 0.0311094932258, 0.0190298259258, 0.0179815217853, 0.0106254676357, 0.0119373202324, 0.0119473831728, 0.00849280133843, 0.00674737012014, 0.00527193071321, 0.00533600710332, 0.00853545311838, 0.00923000834882, 0.00467613572255, 0.00367376487702, 0.00557858124375, 0.00601635267958, 0.00901528727263, 0.00548590952531, 0.0036034276709, 0.00101524335332],
        "mean": [0.00256917229854, 0.0266120266169, 0.00514971138909, 0.00303883780725, 0.00454607000574, 0.00203836429864, 0.001914531691, 0.00118163158186, 0.000562321161851, 0.000641550170258, 0.000362670922186, 0.000345610285876, 0.000339590769727, 0.000262217305135, 0.000267078808974, 0.000185933109606, 0.00030319756479, 0.000291865202598, 0.000303520995658, 0.000301219610265, 0.000310938456096, 0.000345217209542, 0.00041049454012, 0.000477114139358, 0.00041642319411, 0.000266715098405, 3.59561308869e-05],
        "median": [0.000359415047569, 0.0128138996661, 0.00121765444055, 0.000968205626123, 0.00245799170807, 0.00127618247643, 0.000921679311432, 0.000377305666916, 0.000210999744013, 0.000289563409751, 0.000140459422255, 0.00012350162433, 0.000118644449685, 8.11905629234e-05, 9.30088281166e-05, 6.91144960001e-05, 0.00013032060815, 0.000132067332743, 0.000133278721478, 0.000141192314913, 0.000153642031364, 0.000154378809384, 0.000190306862351, 0.000220093876123, 0.000175153967575, 9.8199765489e-05, 8.72736018209e-06],
        "min": [2.74928201775e-24, 7.7682888315e-24, 3.41093578879e-23, 5.139681233e-24, 1.47728593326e-23, 4.65243971717e-23, 1.09337438861e-23, 3.79692479863e-23, 6.45423904546e-23, 9.89693468984e-23, 3.45020749346e-23, 8.86163111348e-23, 1.55887737492e-22, 7.63099926609e-23, 8.66999786694e-23, 1.6961645422e-22, 9.72737124708e-23, 2.09560003326e-22, 2.27463737995e-22, 3.33566362785e-22, 3.5287245233e-22, 4.16413418575e-22, 5.12835369528e-22, 9.92931875529e-22, 1.14103123348e-21, 1.57674528899e-21, 2.29799962819e-21],
        "var": [1.99885125767e-05, 0.00132771930657, 0.000141233656905, 4.02482401114e-05, 5.11664511578e-05, 6.10197594142e-06, 8.40495613375e-06, 4.51618871011e-06, 1.14597946776e-06, 1.00174383988e-06, 3.634818313e-07, 4.28996258961e-07, 4.45227726686e-07, 2.37699737227e-07, 2.25618222771e-07, 9.07617874191e-08, 2.59747622522e-07, 2.0756307606e-07, 2.85413364054e-07, 1.85495750316e-07, 1.55827081016e-07, 1.72043868929e-07, 2.5217059374e-07, 3.84252132335e-07, 3.57686957386e-07, 1.92190753978e-07, 6.1451297384e-09]
    },
    "erbbands": {
        "dmean": [0.510426580906, 2.08892703056, 4.62067079544, 5.99572610855, 10.688586235, 8.81797790527, 7.31869840622, 8.47892093658, 13.4451274872, 13.5650720596, 11.5524396896, 8.75389003754, 15.2231140137, 9.5635433197, 7.64464235306, 10.4797258377, 10.8354854584, 10.9990463257, 7.69697666168, 8.86868000031, 8.5878944397, 10.1101074219, 10.5492525101, 11.4357481003, 10.4032478333, 8.6201543808, 8.02892398834, 5.40432596207, 5.90525817871, 5.64462614059, 5.73984909058, 4.98972845078, 4.79031848907, 3.02609944344, 1.83503222466, 0.77202886343, 0.381463289261, 0.0933433920145, 0.00411669863388, 8.52418088471e-05],
        "dmean2": [0.691155612469, 2.9992313385, 7.93118095398, 10.1176586151, 18.1984710693, 14.8758878708, 11.9501857758, 13.6131830215, 22.1283721924, 21.5460205078, 17.4343967438, 13.6144676208, 24.989030838, 15.5625419617, 12.4161272049, 17.0691547394, 17.9294090271, 18.3656616211, 12.9232931137, 15.1336898804, 14.4639225006, 17.1638755798, 17.1633529663, 19.1994113922, 17.7485790253, 14.6856641769, 13.1963157654, 8.6871509552, 9.34864997864, 9.04665088654, 9.00775718689, 7.74728441238, 7.69482803345, 4.61667346954, 2.78379678726, 1.17335796356, 0.594548285007, 0.146344050765, 0.00654212245718, 0.000127730512759],
        "dvar": [1.13633716106, 19.535572052, 178.263687134, 291.981170654, 866.388244629, 463.885040283, 228.818466187, 227.345428467, 586.210754395, 586.635986328, 543.100158691, 343.917175293, 1039.27392578, 484.930084229, 462.526428223, 746.295654297, 782.537658691, 599.252685547, 242.311706543, 460.153289795, 262.803314209, 563.59954834, 508.929382324, 817.599853516, 650.190307617, 318.506652832, 236.953430176, 64.0362243652, 98.7891235352, 79.1339874268, 77.7209625244, 62.2336120605, 73.2896499634, 27.7292194366, 11.4937438965, 2.29884552956, 0.696321368217, 0.0423770993948, 9.19905069168e-05, 3.02983167444e-08],
        "dvar2": [2.00211882591, 36.7539863586, 506.705657959, 794.688110352, 2375.74389648, 1287.09423828, 600.934875488, 557.540283203, 1592.62792969, 1476.34802246, 1152.02929688, 739.223144531, 2812.67163086, 1354.97595215, 1330.49060059, 2140.61035156, 2179.88769531, 1618.76123047, 643.553466797, 1274.35986328, 695.546691895, 1578.66931152, 1298.92626953, 2187.21411133, 1781.70263672, 854.565917969, 569.093811035, 164.581253052, 229.109603882, 197.708129883, 188.325195312, 148.153701782, 179.844406128, 60.6667480469, 26.1728229523, 5.15820980072, 1.65496408939, 0.102410070598, 0.000221898633754, 7.20773698504e-08],
        "max": [12.0388402939, 53.4725189209, 131.382873535, 210.593170166, 431.381774902, 549.131652832, 298.882965088, 321.003051758, 578.065307617, 435.992919922, 842.776794434, 554.110656738, 656.413879395, 357.898956299, 511.361206055, 551.808959961, 583.099182129, 493.805755615, 335.462615967, 363.04510498, 340.199890137, 260.448608398, 510.069122314, 555.132873535, 308.678466797, 188.299041748, 195.390518188, 119.559280396, 199.807556152, 161.287811279, 223.534301758, 184.515487671, 142.346343994, 68.8995895386, 37.9776077271, 15.4376010895, 7.93891572952, 1.98832345009, 0.101346991956, 0.00176247104537],
        "mean": [1.15835797787, 4.36322116852, 6.63555860519, 7.86391067505, 14.3337440491, 14.1641559601, 14.7612457275, 16.7435512543, 24.9544086456, 28.4383811951, 23.3388137817, 15.6943016052, 21.6444396973, 16.2381458282, 12.7890491486, 15.9510202408, 16.4756546021, 15.8249816895, 11.9470300674, 12.6188993454, 13.1989097595, 14.6779556274, 16.2449436188, 15.7310028076, 15.3968353271, 13.8412685394, 13.6968393326, 11.6420907974, 12.2738227844, 11.9027500153, 11.7428684235, 9.90371704102, 7.82296657562, 5.0890879631, 2.76373910904, 1.1562833786, 0.502024292946, 0.111803852022, 0.00452502537519, 0.000155627349159],
        "median": [0.271476864815, 1.55040788651, 1.66558051109, 2.80854463577, 5.57252073288, 7.87499380112, 8.34176635742, 9.34574127197, 12.8100528717, 12.4104232788, 9.07825469971, 6.49600696564, 9.21722793579, 7.73277521133, 5.842710495, 6.27089214325, 6.48463344574, 6.54992103577, 4.87746143341, 4.90838432312, 6.20050621033, 6.46199703217, 7.13986253738, 6.58821964264, 7.28702926636, 6.64932727814, 6.22138547897, 6.17084789276, 5.7380232811, 5.41751384735, 5.05993938446, 4.57852888107, 3.50242781639, 2.28970837593, 1.02532029152, 0.433428883553, 0.171903789043, 0.0371030941606, 0.00131393224001, 9.83366917353e-05],
        "min": [9.57329156616e-23, 2.79812482033e-21, 3.18166169201e-20, 3.54835893549e-20, 2.79946450557e-20, 6.85603286965e-20, 1.36721594446e-19, 4.37052974159e-19, 1.81085953185e-19, 4.21222236499e-19, 8.16517530674e-19, 1.12361164181e-18, 2.12256571774e-18, 3.39050517699e-18, 1.66756747378e-18, 3.30775423531e-18, 7.02224558551e-18, 4.6653114761e-18, 5.88704855544e-18, 7.2504994581e-18, 6.17531644942e-18, 6.2194510846e-18, 7.76006587649e-18, 1.22101172467e-17, 1.30531516028e-17, 1.63365110411e-17, 1.15551655638e-17, 1.50013257271e-17, 1.51879029318e-17, 1.34068225999e-17, 1.56420598296e-17, 1.81403768901e-17, 1.65076795253e-17, 8.72978542502e-18, 8.32993872462e-18, 5.75933269605e-18, 2.98940178245e-18, 8.73061115806e-19, 3.18851035974e-19, 3.77239660387e-20],
        "var": [2.72564435005, 41.5108795166, 190.771331787, 248.17678833, 801.109680176, 466.004089355, 419.146087646, 560.376953125, 1351.88391113, 1907.74438477, 1796.01757812, 868.563354492, 1364.90356445, 623.949768066, 521.538757324, 851.574279785, 960.459594727, 710.347045898, 342.802276611, 480.62411499, 383.437591553, 605.332275391, 690.22644043, 829.151123047, 627.400268555, 377.304718018, 346.343963623, 183.207763672, 229.427536011, 199.759765625, 210.249069214, 157.4712677, 116.646621704, 52.0544776917, 17.7603340149, 3.11409592628, 0.763577401638, 0.0438670068979, 9.02589163161e-05, 3.82430123125e-08]
    },
    "gfcc": {
        "mean": [14.2142114639, 62.2491874695, -75.7198181152, 33.2961425781, -59.3535766602, 18.8167896271, -37.1496200562, 13.9606218338, -22.6814041138, 8.01114749908, -13.6640939713, 5.42361831665, -12.6347751617],
        "cov": [[14638.1816406, -2347.64550781, 502.136901855, 1196.82446289, -287.594268799, 693.871948242, -61.6749382019, 438.7137146, -180.910583496, 444.969055176, -231.089736938, 343.540252686, -342.059570312], [-2347.64550781, 2730.00708008, 54.7696914673, -426.751739502, 39.4797210693, -410.970489502, 25.9662513733, -236.736160278, 87.1850814819, -322.87109375, 137.468093872, -260.203155518, 107.24546051], [502.136901855, 54.7696914673, 957.424743652, 316.569061279, 172.549682617, 204.024139404, 102.176513672, 61.7477836609, 46.8505592346, 58.5017623901, -31.0019931793, 52.2683486938, -8.46047306061], [1196.82446289, -426.751739502, 316.569061279, 660.076599121, 223.392410278, 289.096588135, 127.959350586, 136.672729492, 73.0185089111, 76.4816207886, 21.2708358765, 45.0511512756, 17.7229804993], [-287.594268799, 39.4797210693, 172.549682617, 223.392410278, 459.350128174, 169.188110352, 168.713775635, 90.7272186279, 100.39528656, 53.8963241577, 16.1826705933, 27.3047008514, 59.0653114319], [693.871948242, -410.970489502, 204.024139404, 289.096588135, 169.188110352, 341.498626709, 144.445556641, 138.842071533, 68.2975769043, 105.201637268, 15.7126483917, 59.489440918, 29.9239654541], [-61.6749382019, 25.9662513733, 102.176513672, 127.959350586, 168.713775635, 144.445556641, 215.268417358, 100.62223053, 86.2613143921, 49.8987464905, 30.1487922668, 32.3702697754, 52.2107887268], [438.7137146, -236.736160278, 61.7477836609, 136.672729492, 90.7272186279, 138.842071533, 100.62223053, 191.666137695, 75.0855407715, 61.2254676819, 33.4506263733, 40.1437034607, 16.7186927795], [-180.910583496, 87.1850814819, 46.8505592346, 73.0185089111, 100.39528656, 68.2975769043, 86.2613143921, 75.0855407715, 143.562606812, 64.6821746826, 52.1396217346, 28.9988288879, 54.6041679382], [444.969055176, -322.87109375, 58.5017623901, 76.4816207886, 53.8963241577, 105.201637268, 49.8987464905, 61.2254676819, 64.6821746826, 168.622207642, 28.5750141144, 81.4791564941, 12.8359642029], [-231.089736938, 137.468093872, -31.0019931793, 21.2708358765, 16.1826705933, 15.7126483917, 30.1487922668, 33.4506263733, 52.1396217346, 28.5750141144, 123.607055664, 17.3705978394, 26.4201068878], [343.540252686, -260.203155518, 52.2683486938, 45.0511512756, 27.3047008514, 59.489440918, 32.3702697754, 40.1437034607, 28.9988288879, 81.4791564941, 17.3705978394, 143.311386108, 29.6590652466], [-342.059570312, 107.24546051, -8.46047306061, 17.7229804993, 59.0653114319, 29.9239654541, 52.2107887268, 16.7186927795, 54.6041679382, 12.8359642029, 26.4201068878, 29.6590652466, 122.842765808]],
        "icov": [[0.000138726274599, -0.000144709832966, 9.46352083702e-05, -0.000329452683218, 0.000228753648116, -0.000184273041668, 0.000201109607588, -0.000418496318161, 0.000422820012318, -0.000488662859425, 0.000474342727102, -0.000352842354914, 0.000319339713315], [-0.000144709832966, 0.00140584271867, -0.00068687874591, 0.000948829052504, -0.000530694727786, 0.00116463110317, -0.00110322516412, 0.00171527091879, -0.00199310388416, 0.00239795539528, -0.00220471643843, 0.00173498003278, -0.000916911289096], [9.46352083702e-05, -0.00068687874591, 0.0016901944764, -0.000951172842178, 0.000150491323438, -0.000994801521301, 0.00036480158451, -0.000489017635118, 0.000645091815386, -0.00105448265094, 0.00162043969613, -0.00128344388213, 0.000983093050309], [-0.000329452683218, 0.000948829052504, -0.000951172842178, 0.00379163073376, -0.00127464754041, -0.000948607455939, -0.000450331746833, 0.00116489280481, -0.00188664754387, 0.00244988081977, -0.00229812017642, 0.00150592648424, -0.000768150493968], [0.000228753648116, -0.000530694727786, 0.000150491323438, -0.00127464754041, 0.00395710580051, -0.000873007345945, -0.00127785617951, -0.000673411996104, -5.59076434001e-05, -0.00115601799916, 0.00170707050711, -0.000655156152789, 0.000175998167833], [-0.000184273041668, 0.00116463110317, -0.000994801521301, -0.000948607455939, -0.000873007345945, 0.00833144132048, -0.00315541680902, -0.000855583930388, -8.17311156425e-05, -0.000646920292638, -0.00138379540294, 0.00176892790478, -0.00163925299421], [0.000201109607588, -0.00110322516412, 0.00036480158451, -0.000450331746833, -0.00127785617951, -0.00315541680902, 0.0102702714503, -0.00345241720788, -0.000400940043619, -0.00130617199466, 0.0015738310758, -0.00152848672587, -0.000553657999262], [-0.000418496318161, 0.00171527091879, -0.000489017635118, 0.00116489280481, -0.000673411996104, -0.000855583930388, -0.00345241720788, 0.0118559608236, -0.00592859601602, 0.00373963895254, -0.00379081303254, 0.00135215918999, 0.000254803075222], [0.000422820012318, -0.00199310388416, 0.000645091815386, -0.00188664754387, -5.59076434001e-05, -8.17311156425e-05, -0.000400940043619, -0.00592859601602, 0.0175613053143, -0.00811028946191, 0.000357626355253, -0.000936464348342, -0.00255135493353], [-0.000488662859425, 0.00239795539528, -0.00105448265094, 0.00244988081977, -0.00115601799916, -0.000646920292638, -0.00130617199466, 0.00373963895254, -0.00811028946191, 0.0156658366323, -0.00473059574142, -0.00188236602116, 0.000319372949889], [0.000474342727102, -0.00220471643843, 0.00162043969613, -0.00229812017642, 0.00170707050711, -0.00138379540294, 0.0015738310758, -0.00379081303254, 0.000357626355253, -0.00473059574142, 0.013987374492, -0.00337855122052, 0.00119482493028], [-0.000352842354914, 0.00173498003278, -0.00128344388213, 0.00150592648424, -0.000655156152789, 0.00176892790478, -0.00152848672587, 0.00135215918999, -0.000936464348342, -0.00188236602116, -0.00337855122052, 0.0128681091592, -0.00422040838748], [0.000319339713315, -0.000916911289096, 0.000983093050309, -0.000768150493968, 0.000175998167833, -0.00163925299421, -0.000553657999262, 0.000254803075222, -0.00255135493353, 0.000319372949889, 0.00119482493028, -0.00422040838748, 0.0123867671937]]
    },
    "melbands": {
        "dmean": [0.00379442772828, 0.00225720880553, 0.0011814708123, 0.000703967351001, 0.000268210336799, 0.000189378813957, 0.000215915715671, 0.000139030089485, 8.73829121701e-05, 5.67530150875e-05, 7.53677959437e-05, 3.85132407246e-05, 2.56867351709e-05, 2.79720534309e-05, 2.18158984353e-05, 2.52932586591e-05, 2.18521818169e-05, 1.1610411093e-05, 1.48904255184e-05, 1.03484908323e-05, 1.15918510346e-05, 1.11002955236e-05, 1.2530334061e-05, 8.03902275948e-06, 1.00817787825e-05, 8.26906762086e-06, 6.84289807396e-06, 6.02926184001e-06, 4.99481348015e-06, 4.84701195091e-06, 3.23121412293e-06, 3.79635298486e-06, 3.37509186465e-06, 3.40356587003e-06, 3.71725627701e-06, 3.17870490107e-06, 3.23118138112e-06, 3.61538491234e-06, 3.0357509786e-06, 2.58875547843e-06],
        "dmean2": [0.00509477499872, 0.00357493315823, 0.00199167663231, 0.0011987775797, 0.000441248499556, 0.000304685643641, 0.000354024232365, 0.00021991498943, 0.000132113942527, 8.88752838364e-05, 0.00012418962433, 6.28402340226e-05, 4.16370203311e-05, 4.57065689261e-05, 3.6376175558e-05, 4.18544659624e-05, 3.65821397281e-05, 1.94590702449e-05, 2.53454272752e-05, 1.74292836164e-05, 1.96239543584e-05, 1.89101083379e-05, 2.09818281292e-05, 1.30723128677e-05, 1.70293660631e-05, 1.39738467624e-05, 1.18464959087e-05, 1.02545827758e-05, 8.24082690087e-06, 8.01711303211e-06, 5.3149174164e-06, 6.12498888586e-06, 5.47569288756e-06, 5.52766096007e-06, 5.98658652962e-06, 4.94488176628e-06, 5.09367418999e-06, 5.98092901782e-06, 4.76356672152e-06, 3.98836573368e-06],
        "dvar": [6.12674557487e-05, 2.97288261208e-05, 9.94795482256e-06, 3.30137095261e-06, 3.46374889659e-07, 1.07252901671e-07, 1.51047970576e-07, 6.11724857436e-08, 3.08764214196e-08, 1.46603573725e-08, 2.55472674127e-08, 8.10848810318e-09, 4.30791624595e-09, 4.62180516081e-09, 4.01915656312e-09, 5.09337150234e-09, 2.74949063517e-09, 5.52563550471e-10, 1.41575695611e-09, 5.26047760907e-10, 4.84716100591e-10, 6.37460417785e-10, 7.66488428283e-10, 2.34419816891e-10, 6.61265708857e-10, 3.79186543276e-10, 2.57366045142e-10, 1.68117936239e-10, 7.55681975328e-11, 8.95666041334e-11, 2.70342723901e-11, 4.9242682848e-11, 3.52459797459e-11, 2.76507618885e-11, 3.48887030377e-11, 2.63366203845e-11, 2.78629463252e-11, 4.07521863477e-11, 2.9386090783e-11, 2.06214351151e-11],
        "dvar2": [0.000110140630568, 7.89809419075e-05, 2.65822982328e-05, 9.18953082873e-06, 9.15748444186e-07, 2.6527919772e-07, 4.19625308723e-07, 1.49076356593e-07, 6.5523096282e-08, 3.15600132694e-08, 6.92055408535e-08, 2.26377885326e-08, 1.23273711239e-08, 1.31633539624e-08, 1.17590088777e-08, 1.41497311645e-08, 7.47231609921e-09, 1.46194134576e-09, 3.86369558569e-09, 1.40893785527e-09, 1.27959109975e-09, 1.76884373815e-09, 2.04815475691e-09, 5.93838644924e-10, 1.76556902431e-09, 9.86180359597e-10, 7.14378334266e-10, 4.38231034794e-10, 1.85982326761e-10, 2.16372100792e-10, 7.25442414473e-11, 1.1684452017e-10, 8.67107011193e-11, 7.23831689031e-11, 8.91665213887e-11, 5.94115798225e-11, 6.89318602198e-11, 1.03455341516e-10, 6.72018482528e-11, 4.63306892851e-11],
        "max": [0.091574691236, 0.0554163493216, 0.0352432951331, 0.027930740267, 0.0146397836506, 0.00672541139647, 0.0101043758914, 0.0042889257893, 0.00607161736116, 0.00375611451454, 0.00326251448132, 0.00161761825439, 0.00151236180682, 0.00156395544764, 0.00137381465174, 0.00151597394142, 0.00107195670716, 0.000526189687662, 0.000573525787331, 0.000413283531088, 0.000413003755966, 0.000329057715135, 0.000554164405912, 0.000219826295506, 0.000531652243808, 0.000286218448309, 0.000197762346943, 0.000134540823638, 0.000100830206065, 0.000141727650771, 7.1696282248e-05, 0.0001150809112, 0.000102684025478, 7.72249622969e-05, 0.000125779100927, 9.3596012448e-05, 0.000149241939653, 0.000116574279673, 8.10803248896e-05, 7.09584710421e-05],
        "mean": [0.00856418721378, 0.00420104665682, 0.00161192275118, 0.00104215135798, 0.000534459424671, 0.000377725285944, 0.000403902406106, 0.000299705861835, 0.000168757760548, 9.51040783548e-05, 0.000104431310319, 6.25151369604e-05, 4.18561685365e-05, 4.24687459599e-05, 3.21494881064e-05, 3.71277346858e-05, 2.89802974294e-05, 1.72626751009e-05, 1.98737398023e-05, 1.48436038216e-05, 1.64415396284e-05, 1.51828735397e-05, 1.70352868736e-05, 1.2271819287e-05, 1.27053217511e-05, 1.14201411634e-05, 9.91350043478e-06, 9.15357213671e-06, 8.33006561152e-06, 7.90065678302e-06, 6.53867800793e-06, 7.09456526238e-06, 6.50344327369e-06, 6.65375000608e-06, 6.95566541253e-06, 6.3078682615e-06, 5.94413631916e-06, 5.55647693545e-06, 4.86744829686e-06, 4.13097404817e-06],
        "median": [0.00421613175422, 0.00146091380157, 0.000664692139253, 0.00052821735153, 0.000321934872773, 0.000219066307181, 0.000206238299143, 0.000129890657263, 6.47556953481e-05, 3.58923134627e-05, 4.34488501924e-05, 2.73940095212e-05, 1.86443467101e-05, 1.6573449102e-05, 1.39211006172e-05, 1.21014254546e-05, 8.83821394382e-06, 6.63471882945e-06, 6.45444697511e-06, 5.25073210156e-06, 7.10950234861e-06, 6.24413996775e-06, 6.62085858494e-06, 5.2182294894e-06, 4.60215414932e-06, 4.69146834803e-06, 4.44415945822e-06, 4.13981388192e-06, 3.72148815586e-06, 3.52165716322e-06, 3.359690254e-06, 3.05870366901e-06, 2.99794010061e-06, 2.94890332952e-06, 2.93972607324e-06, 2.84083762381e-06, 2.66421147899e-06, 2.5170054414e-06, 2.05991273106e-06, 1.8178669734e-06],
        "min": [1.83195116981e-24, 1.27001983016e-23, 5.94205138123e-24, 3.77450103296e-24, 4.27383263103e-24, 9.53308190587e-24, 2.59479425909e-24, 6.19940029105e-24, 6.59522308315e-24, 8.42920675309e-24, 1.05916346331e-23, 1.44333903969e-23, 5.18192157904e-24, 9.16082554444e-24, 1.17994784977e-23, 1.58130718326e-23, 7.44420662784e-24, 9.32313840886e-24, 6.62292669485e-24, 1.33497589927e-23, 5.81697906243e-24, 6.10223156018e-24, 6.29381431963e-24, 8.87013345631e-24, 8.98391796442e-24, 9.73396217994e-24, 9.14182346296e-24, 1.08066378839e-23, 7.21048686314e-24, 6.36524804118e-24, 9.67809110633e-24, 7.73133779784e-24, 8.93757948599e-24, 6.84492714194e-24, 7.72964805778e-24, 9.25041884403e-24, 1.21464550226e-23, 1.28237733624e-23, 9.1603159403e-24, 6.58898319339e-24],
        "var": [0.000142133460031, 4.67515346827e-05, 9.11780352908e-06, 3.05775506604e-06, 5.11604582698e-07, 2.5956603622e-07, 3.48458286226e-07, 2.21102155251e-07, 9.86438308814e-08, 3.58233087638e-08, 3.30695044681e-08, 1.01190318347e-08, 4.98883290234e-09, 5.5317355141e-09, 3.7206340231e-09, 6.27929885866e-09, 3.09842884683e-09, 7.6809925087e-10, 1.46814904678e-09, 6.71193989277e-10, 6.70494437749e-10, 7.02008395859e-10, 8.95448215577e-10, 3.28793908766e-10, 6.53011367202e-10, 4.1030820408e-10, 2.57935200976e-10, 1.95507721124e-10, 1.20431498107e-10, 1.27551996743e-10, 6.44141337491e-11, 9.11229425249e-11, 6.7640552881e-11, 6.63081325958e-11, 7.71776323405e-11, 6.82865153312e-11, 6.12662975907e-11, 6.02598457244e-11, 4.98850787067e-11, 3.65833266458e-11]
    },
    "mfcc": {
        "mean": [-641.578674316, 98.3044052124, 37.4839859009, 21.7350292206, 8.23007202148, 4.9183216095, 2.20957589149, 4.56440877914, 0.0244638286531, 2.51186108589, 1.30080807209, 4.08215761185, 1.8736487627],
        "cov": [[11234.2451172, -1449.67675781, -172.159683228, 361.46270752, 261.774078369, 255.886734009, 165.382400513, 164.476150513, 35.8963050842, 62.4477882385, 128.128585815, 115.446342468, 34.254234314], [-1449.67675781, 2382.46679688, 140.663726807, -86.888961792, -102.667503357, -213.146682739, -116.84299469, -75.8965606689, -106.246734619, -89.1783981323, -76.1415252686, -74.2516784668, 6.77869987488], [-172.159683228, 140.663726807, 648.876159668, 146.41192627, 122.865036011, 113.766159058, 53.3678588867, 53.9333343506, 19.1165103912, 20.1967582703, 18.5193061829, 16.2760848999, 17.8078575134], [361.46270752, -86.888961792, 146.41192627, 334.675567627, 186.900436401, 143.581207275, 91.494934082, 88.3881835938, 73.8136672974, 48.5715103149, 34.2844276428, 34.0042915344, 16.9415092468], [261.774078369, -102.667503357, 122.865036011, 186.900436401, 293.414489746, 162.522460938, 114.148971558, 95.3795852661, 95.7877578735, 74.7182769775, 51.7497901917, 34.6136665344, 15.5493984222], [255.886734009, -213.146682739, 113.766159058, 143.581207275, 162.522460938, 289.02746582, 119.588027954, 73.644569397, 116.562553406, 82.4124832153, 30.1062679291, 42.578414917, 24.9711341858], [165.382400513, -116.84299469, 53.3678588867, 91.494934082, 114.148971558, 119.588027954, 190.911193848, 107.898788452, 80.7467575073, 74.2092132568, 60.155506134, 27.9700374603, 1.94810271263], [164.476150513, -75.8965606689, 53.9333343506, 88.3881835938, 95.3795852661, 73.644569397, 107.898788452, 170.364883423, 88.8231582642, 41.3013916016, 53.1176986694, 43.3019104004, 21.7932415009], [35.8963050842, -106.246734619, 19.1165103912, 73.8136672974, 95.7877578735, 116.562553406, 80.7467575073, 88.8231582642, 190.13067627, 88.3335342407, 9.25170707703, 37.0912475586, 20.7766742706], [62.4477882385, -89.1783981323, 20.1967582703, 48.5715103149, 74.7182769775, 82.4124832153, 74.2092132568, 41.3013916016, 88.3335342407, 147.132415771, 53.4241752625, 21.3075027466, 9.81167411804], [128.128585815, -76.1415252686, 18.5193061829, 34.2844276428, 51.7497901917, 30.1062679291, 60.155506134, 53.1176986694, 9.25170707703, 53.4241752625, 137.989120483, 47.4840812683, 8.56889724731], [115.446342468, -74.2516784668, 16.2760848999, 34.0042915344, 34.6136665344, 42.578414917, 27.9700374603, 43.3019104004, 37.0912475586, 21.3075027466, 47.4840812683, 110.607597351, 43.7162742615], [34.254234314, 6.77869987488, 17.8078575134, 16.9415092468, 15.5493984222, 24.9711341858, 1.94810271263, 21.7932415009, 20.7766742706, 9.81167411804, 8.56889724731, 43.7162742615, 111.345283508]],
