{
"lowlevel": {
    "average_loudness": 0.906308531761,
    "barkbands_crest": {
        "dmean": 3.73838543892,
        "dmean2": 5.75113010406,
        "dvar": 12.7053947449,
        "dvar2": 23.8674144745,
        "max": 26.4639587402,
        "mean": 12.0119314194,
        "median": 10.6198749542,
        "min": 2.06084895134,
        "var": 40.0380439758
    },
    "barkbands_flatness_db": {
        "dmean": 0.0344389975071,
        "dmean2": 0.0503794848919,
        "dvar": 0.00140282406937,
        "dvar2": 0.00307310419157,
        "max": 0.486579149961,
        "mean": 0.124800696969,
        "median": 0.101344496012,
        "min": 0.0135817192495,
        "var": 0.00625533144921
    },
    "barkbands_kurtosis": {
        "dmean": 7.8002371788,
        "dmean2": 13.2883815765,
        "dvar": 734.071533203,
        "dvar2": 2009.99829102,
        "max": 703.231323242,
        "mean": 6.79377269745,
        "median": 0.101054668427,
        "min": -1.91574752331,
        "var": 716.831970215
    },
    "barkbands_skewness": {
        "dmean": 1.03117966652,
        "dmean2": 1.56229817867,
        "dvar": 2.57366466522,
        "dvar2": 6.2590842247,
        "max": 21.6405754089,
        "mean": 1.46408331394,
        "median": 0.94719004631,
        "min": -5.50519561768,
        "var": 4.88705635071
    },
    "barkbands_spread": {
        "dmean": 13.4945392609,
        "dmean2": 21.0864944458,
        "dvar": 269.258605957,
        "dvar2": 575.29510498,
        "max": 140.441452026,
        "mean": 39.8133201599,
        "median": 38.5258216858,
        "min": 0.173808604479,
        "var": 629.135009766
    },
    "dissonance": {
        "dmean": 0.0143957473338,
        "dmean2": 0.0246816072613,
        "dvar": 0.000433248496847,
        "dvar2": 0.00120224012062,
        "max": 0.5,
        "mean": 0.477312833071,
        "median": 0.48614487052,
        "min": 0.107867717743,
        "var": 0.000825931900181
    },
    "dynamic_complexity": 3.09668159485,
    "erbbands_crest": {
        "dmean": 2.3902323246,
        "dmean2": 3.87670636177,
        "dvar": 6.81923246384,
        "dvar2": 15.3256645203,
        "max": 31.5653858185,
        "mean": 7.17902994156,
        "median": 5.60364675522,
        "min": 2.1770336628,
        "var": 21.2633953094
    },
    "erbbands_flatness_db": {
        "dmean": 0.0163834597915,
        "dmean2": 0.0248554889113,
        "dvar": 0.00028158974601,
        "dvar2": 0.000588973402046,
        "max": 0.519185245037,
        "mean": 0.14120811224,
        "median": 0.116119027138,
        "min": 0.0476486869156,
        "var": 0.00526306638494
    },
    "erbbands_kurtosis": {
        "dmean": 1.27044487,
        "dmean2": 2.04429626465,
        "dvar": 20.2562847137,
        "dvar2": 53.7190437317,
        "max": 210.483108521,
        "mean": 0.797523140907,
        "median": -0.241911172867,
        "min": -1.87409901619,
        "var": 32.4261474609
    },
    "erbbands_skewness": {
        "dmean": 0.406049787998,
        "dmean2": 0.639184594154,
        "dvar": 0.161301761866,
        "dvar2": 0.371371865273,
        "max": 9.73714065552,
        "mean": -0.105243735015,
        "median": -0.210073426366,
        "min": -3.6075630188,
        "var": 0.936675786972
    },
    "erbbands_spread": {
        "dmean": 11.100944519,
        "dmean2": 17.3239212036,
        "dvar": 200.164154053,
        "dvar2": 432.876403809,
        "max": 176.154083252,
        "mean": 47.1393165588,
        "median": 43.7659263611,
        "min": 0.393920958042,
        "var": 736.999938965
    },
    "hfc": {
        "dmean": 37.9170265198,
        "dmean2": 59.0773200989,
        "dvar": 3722.53344727,
        "dvar2": 8856.19140625,
        "max": 511.830200195,
        "mean": 52.0171127319,
        "median": 29.4798431396,
        "min": 1.11202482252e-16,
        "var": 4436.98095703
    },
    "melbands_crest": {
        "dmean": 4.6296787262,
        "dmean2": 7.07451868057,
        "dvar": 16.6069087982,
        "dvar2": 37.8221664429,
        "max": 37.1054878235,
        "mean": 19.1312065125,
        "median": 18.8491344452,
        "min": 1.63682723045,
        "var": 72.0999755859
    },
    "melbands_flatness_db": {
        "dmean": 0.0454119741917,
        "dmean2": 0.0650291964412,
        "dvar": 0.00231263483874,
        "dvar2": 0.00507829524577,
        "max": 0.582293510437,
        "mean": 0.172055512667,
        "median": 0.149815112352,
        "min": 0.00314265908673,
        "var": 0.0094607649371
    },
    "melbands_kurtosis": {
        "dmean": 30.490322113,
        "dmean2": 50.3766212463,
        "dvar": 8584.78320312,
        "dvar2": 22198.9628906,
        "max": 1315.90576172,
        "mean": 36.9071540833,
        "median": 6.26967906952,
        "min": -1.87207460403,
        "var": 11679.7861328
    },
    "melbands_skewness": {
        "dmean": 1.63886713982,
        "dmean2": 2.46908712387,
        "dvar": 7.07545423508,
        "dvar2": 16.485452652,
        "max": 30.8746032715,
        "mean": 3.62974786758,
        "median": 2.27474617958,
        "min": -4.37861204147,
        "var": 17.115852356
    },
    "melbands_spread": {
        "dmean": 18.6303939819,
        "dmean2": 28.7000541687,
        "dvar": 530.277099609,
        "dvar2": 1126.75720215,
        "max": 242.770751953,
        "mean": 40.3285102844,
        "median": 32.4767951965,
        "min": 0.384231716394,
        "var": 1151.30493164
    },
    "pitch_salience": {
        "dmean": 0.112180195749,
        "dmean2": 0.169170111418,
        "dvar": 0.0120481317863,
        "dvar2": 0.0241070277989,
        "max": 0.990476965904,
        "mean": 0.481912821531,
        "median": 0.521802723408,
        "min": 0.031045589596,
        "var": 0.0374008379877
    },
    "silence_rate_20dB": {
        "dmean": 0,
        "dmean2": 0,
        "dvar": 0,
        "dvar2": 0,
        "max": 1,
        "mean": 1,
        "median": 1,
        "min": 1,
        "var": 0
    },
    "silence_rate_30dB": {
        "dmean": 0.000680272118188,
        "dmean2": 0.00136065995321,
        "dvar": 0.000679821649101,
        "dvar2": 0.001699021901,
        "max": 1,
        "mean": 0.999489843845,
        "median": 1,
        "min": 0,
        "var": 0.000509918259922
    },
    "silence_rate_60dB": {
        "dmean": 0.0365646257997,
        "dmean2": 0.0731354728341,
        "dvar": 0.0352317728102,
        "dvar2": 0.0820805951953,
        "max": 1,
        "mean": 0.0824759826064,
        "median": 0,
        "min": 0,
        "var": 0.0756693407893
    },
    "spectral_centroid": {
        "dmean": 393.632598877,
        "dmean2": 617.225097656,
        "dvar": 187121.15625,
        "dvar2": 409689.34375,
        "max": 11155.2285156,
        "mean": 2321.65698242,
        "median": 2361.36035156,
        "min": 349.111846924,
        "var": 840362.6875
    },
    "spectral_complexity": {
        "dmean": 9.05680274963,
        "dmean2": 13.5343141556,
        "dvar": 86.9582366943,
        "dvar2": 180.223678589,
        "max": 63,
        "mean": 24.6741771698,
        "median": 24,
        "min": 0,
        "var": 246.310928345
    },
    "spectral_decrease": {
        "dmean": 2.40237230109e-09,
        "dmean2": 3.7623832938e-09,
        "dvar": 8.35512968299e-18,
        "dvar2": 2.29711033956e-17,
        "max": 3.75327394233e-29,
        "mean": -7.3494508257e-09,
        "median": -7.00116142838e-09,
        "min": -2.88545578542e-08,
        "var": 2.83423609986e-17
    },
    "spectral_energy": {
        "dmean": 0.0108349816874,
        "dmean2": 0.0169118717313,
        "dvar": 0.000146322563523,
        "dvar2": 0.000369500136003,
        "max": 0.11745955795,
        "mean": 0.0324565656483,
        "median": 0.0309404432774,
        "min": 1.02938951771e-20,
        "var": 0.000532129430212
    },
    "spectral_energyband_high": {
        "dmean": 0.00404230272397,
        "dmean2": 0.0063118217513,
        "dvar": 4.43239805463e-05,
        "dvar2": 0.000104768572783,
        "max": 0.0554851442575,
        "mean": 0.00499684363604,
        "median": 0.0024952031672,
        "min": 7.49788495843e-21,
        "var": 5.24996066815e-05
    },
    "spectral_energyband_low": {
        "dmean": 0.00736180925742,
        "dmean2": 0.0111051313579,
        "dvar": 0.0001379015157,
        "dvar2": 0.000360478821676,
        "max": 0.0974791869521,
        "mean": 0.0170590672642,
        "median": 0.0107456725091,
        "min": 2.97563981693e-23,
        "var": 0.000361564860214
    },
    "spectral_energyband_middle_high": {
        "dmean": 0.00311107351445,
        "dmean2": 0.00498414458707,
        "dvar": 1.61011230375e-05,
        "dvar2": 3.90861023334e-05,
        "max": 0.0434080399573,
        "mean": 0.00573338242248,
        "median": 0.00396934011951,
        "min": 1.51516546882e-21,
        "var": 3.16275982186e-05
    },
    "spectral_energyband_middle_low": {
        "dmean": 0.00369042158127,
        "dmean2": 0.00580281158909,
        "dvar": 3.35325021297e-05,
        "dvar2": 8.00034977146e-05,
        "max": 0.0600287280977,
        "mean": 0.00527700735256,
        "median": 0.00284995231777,
        "min": 2.16706022898e-22,
        "var": 4.23514102295e-05
    },
    "spectral_entropy": {
        "dmean": 0.146209925413,
        "dmean2": 0.223064675927,
        "dvar": 0.0244428440928,
        "dvar2": 0.0538325570524,
        "max": 9.81434059143,
        "mean": 8.09403800964,
        "median": 8.22703933716,
        "min": 4.62325572968,
        "var": 0.276792943478
    },
    "spectral_flux": {
        "dmean": 0.0304950643331,
        "dmean2": 0.0449980162084,
        "dvar": 0.000994916656055,
        "dvar2": 0.00234787282534,
        "max": 0.298738688231,
        "mean": 0.101935014129,
        "median": 0.0968254283071,
        "min": 6.20224011039e-11,
        "var": 0.0029837358743
    },
    "spectral_kurtosis": {
        "dmean": 1.78665149212,
        "dmean2": 3.02997732162,
        "dvar": 47.696975708,
        "dvar2": 146.101165771,
        "max": 255.197967529,
        "mean": 3.94059848785,
        "median": 1.74110555649,
        "min": -1.23935163021,
        "var": 120.409454346
    },
    "spectral_rms": {
        "dmean": 0.000908199057449,
        "dmean2": 0.00139085389674,
        "dvar": 7.95291612121e-07,
        "dvar2": 1.94794120034e-06,
        "max": 0.0107048908249,
        "mean": 0.00515512237325,
        "median": 0.00549416057765,
        "min": 3.16904163501e-12,
        "var": 5.08962784806e-06
    },
    "spectral_rolloff": {
        "dmean": 1649.65881348,
        "dmean2": 2645.94262695,
        "dvar": 4679439.5,
        "dvar2": 9690276,
        "max": 18970.7519531,
        "mean": 3294.78491211,
        "median": 2411.71875,
        "min": 64.599609375,
        "var": 8925439
    },
    "spectral_skewness": {
        "dmean": 0.213740900159,
        "dmean2": 0.349946975708,
        "dvar": 0.144008770585,
        "dvar2": 0.427666246891,
        "max": 11.8289051056,
        "mean": 1.25189507008,
        "median": 1.072904706,
        "min": -0.0544241257012,
        "var": 0.60443341732
    },
    "spectral_spread": {
        "dmean": 725239.6875,
        "dmean2": 1084568.25,
        "dvar": 871965720576,
        "dvar2": 1.70846008115e+12,
        "max": 41933324,
        "mean": 5931754,
        "median": 6000608.5,
        "min": 313890.84375,
        "var": 4.66347884544e+12
    },
    "spectral_strongpeak": {
        "dmean": 0.337673276663,
        "dmean2": 0.559871554375,
        "dvar": 0.426912277937,
        "dvar2": 1.04678189754,
        "max": 9.22445392609,
        "mean": 0.641679763794,
        "median": 0.399725496769,
        "min": 0,
        "var": 0.652936756611
    },
    "zerocrossingrate": {
        "dmean": 0.0259014107287,
        "dmean2": 0.0303360968828,
        "dvar": 0.000780995760579,
        "dvar2": 0.00108496961184,
        "max": 0.8486328125,
        "mean": 0.104991845787,
        "median": 0.09521484375,
        "min": 0.001953125,
        "var": 0.00435098400339
    },
    "barkbands": {
        "dmean": [0.000566803151742, 0.00678787566721, 0.00191548583098, 0.00102466286626, 0.00148489349522, 0.000540915469173, 0.000467804900836, 0.000558616302442, 0.000758281850722, 0.000684823782649, 0.000565823633224, 0.00047078388161, 0.000362797203707, 0.000282921624603, 0.000356979318894, 0.000391356326872, 0.000334027776262, 0.000336888828315, 0.000394188828068, 0.000431695079897, 0.000473882741062, 0.000832120480482, 0.000834472419228, 0.000737600319553, 0.000810002384242, 0.000343259715009, 2.77000617643e-05],
        "dmean2": [0.000927009154111, 0.0098078455776, 0.00290877558291, 0.00176015915349, 0.00270581361838, 0.000904021144379, 0.000784541771282, 0.000902532890905, 0.00124317337759, 0.00113038672134, 0.000933869276196, 0.000784238800406, 0.000619302445557, 0.000467623962322, 0.000588325667195, 0.000650254660286, 0.000554782396648, 0.000556833751034, 0.000646681059152, 0.000692266097758, 0.000764353608247, 0.00135662464891, 0.00130446907133, 0.00118471228052, 0.00129783398006, 0.000517778506037, 4.73225336464e-05],
        "dvar": [1.45699925724e-06, 0.00013004936045, 2.34641720454e-05, 6.18716694589e-06, 1.70977436937e-05, 1.34072854507e-06, 1.00292425032e-06, 1.4084457689e-06, 1.60610511557e-06, 1.69275483586e-06, 1.30130183607e-06, 6.57853263419e-07, 3.05895781594e-07, 1.87483550462e-07, 3.36154954539e-07, 3.61494841172e-07, 2.83161114112e-07, 2.60433552057e-07, 3.48810544892e-07, 3.58981424142e-07, 4.35752696148e-07, 1.53414259785e-06, 1.69763188751e-06, 1.72630655015e-06, 4.09639460486e-06, 4.42926847199e-07, 3.82866183202e-09],
        "dvar2": [3.41092663803e-06, 0.000319455342833, 4.8470996262e-05, 1.61579628184e-05, 4.82462564833e-05, 3.54103781319e-06, 2.43040994974e-06, 3.1867166399e-06, 3.63179174201e-06, 3.86133569918e-06, 2.83929398393e-06, 1.51910808199e-06, 7.99477447799e-07, 4.51332624607e-07, 8.07803985481e-07, 9.15029772841e-07, 7.35691742193e-07, 6.59869613173e-07, 8.89104398993e-07, 8.85056863353e-07, 1.07542211936e-06, 3.71569944946e-06, 3.91717503589e-06, 4.07728111895e-06, 1.03960637716e-05, 1.00541672055e-06, 9.89528103901e-09],
        "max": [0.0112081645057, 0.0931664705276, 0.0396916605532, 0.0388979837298, 0.0441007353365, 0.0264185033739, 0.0168121419847, 0.0210588425398, 0.0274790469557, 0.0285297632217, 0.0189624447376, 0.0162382610142, 0.0114336395636, 0.00893555209041, 0.0109510505572, 0.0120013430715, 0.00901195965707, 0.0104423761368, 0.0107578989118, 0.00684193335474, 0.00887709204108, 0.0089169498533, 0.0112249786034, 0.0115330116823, 0.0194438267499, 0.00598699133843, 0.000612326140981],
        "mean": [0.00121620320715, 0.0134905353189, 0.00193416292313, 0.000885951332748, 0.00110619410407, 0.000620563456323, 0.000592416618019, 0.000752323016059, 0.00097762234509, 0.000939336954616, 0.000777201668825, 0.0006317589432, 0.000432710599853, 0.000382175843697, 0.000474754167954, 0.000503494637087, 0.000442815478891, 0.000452736014267, 0.000570373260416, 0.000648121698759, 0.000717036251444, 0.000918573758099, 0.000918371079024, 0.000845007831231, 0.000829401891679, 0.000374296214432, 2.24305167649e-05],
        "median": [0.000113770947792, 0.00573617126793, 0.000292334472761, 0.000132726563606, 0.000222005750402, 0.000211607533856, 0.000195269982214, 0.000177503039595, 0.000362907012459, 0.000324444088619, 0.000261704495642, 0.000272311997833, 0.000208749086596, 0.000189692174899, 0.000228742181207, 0.000272330769803, 0.000238223772612, 0.000251898076385, 0.000311237759888, 0.000369135319488, 0.000395471754018, 0.000396842107875, 0.00037107951357, 0.000331120885676, 0.00020318251336, 8.53118690429e-05, 1.86075271813e-06],
        "min": [2.00329156121e-24, 1.26447839784e-23, 4.9340094178e-24, 5.1872211466e-24, 1.50481497004e-23, 1.91862805063e-23, 3.04279870124e-23, 2.57502090829e-23, 4.61234412617e-23, 1.48693243995e-23, 4.92574972857e-23, 3.90100111112e-23, 6.4555693805e-23, 7.42524477826e-23, 6.31414239741e-23, 5.59615969789e-23, 1.19826721947e-22, 1.55379900396e-22, 2.21055637847e-22, 1.92178330493e-22, 3.74053784154e-22, 4.30715479409e-22, 5.47654856847e-22, 6.62353919802e-22, 1.09953669548e-21, 1.5502738938e-21, 2.06529974705e-21],
        "var": [3.79094717573e-06, 0.000299503764836, 2.67276827799e-05, 4.85858345201e-06, 1.05351127786e-05, 1.45730052736e-06, 1.6526522586e-06, 2.52226755038e-06, 2.97696783491e-06, 3.34681908498e-06, 2.55605937127e-06, 1.2614135585e-06, 3.88135049434e-07, 3.06891877244e-07, 5.7708859913e-07, 5.43835824374e-07, 3.8505976363e-07, 3.68963611663e-07, 6.01829128755e-07, 6.0314653183e-07, 7.82420784162e-07, 1.70597627402e-06, 2.04883190236e-06, 1.97288227355e-06, 3.63739809472e-06, 5.16275179052e-07, 3.16177328763e-09]
    },
    "erbbands": {
        "dmean": [0.277492940426, 1.23993253708, 2.05841612816, 2.65531373024, 3.62402939796, 5.79703426361, 4.19729852676, 4.97271633148, 7.13056993484, 9.14689731598, 10.1598558426, 18.4665412903, 21.5429515839, 18.1449298859, 24.2672481537, 16.3529491425, 16.3573932648, 13.3364858627, 18.0304603577, 18.7647399902, 20.6969738007, 18.163684845, 17.0692596436, 19.6413059235, 19.5801906586, 20.7315998077, 20.5451316833, 20.0278778076, 25.2481021881, 30.2355289459, 23.6988582611, 19.3210067749, 10.296289444, 8.41486263275, 5.93097019196, 2.25746059418, 0.470050752163, 0.0787129029632, 0.00382628221996, 0.000104753067717],
        "dmean2": [0.423736661673, 1.72199332714, 2.85029459, 4.1915307045, 6.24643421173, 10.730304718, 7.43440485001, 8.22631168365, 11.907242775, 14.9540300369, 16.308057785, 30.3305454254, 34.9171028137, 30.3256340027, 40.5339584351, 26.6280117035, 27.6921882629, 21.9075317383, 29.8512973785, 30.9571075439, 34.2341461182, 29.9086780548, 28.0104808807, 32.4935073853, 31.8069992065, 33.4743690491, 33.5227050781, 32.1521911621, 40.7469024658, 48.383266449, 37.401309967, 30.9602050781, 16.5210132599, 13.6901292801, 9.38046169281, 3.4111123085, 0.717594444752, 0.127303466201, 0.00634631002322, 0.000165904231835],
        "dvar": [0.291167497635, 4.45464420319, 21.6609306335, 35.9597740173, 90.0302047729, 290.497406006, 97.3078308105, 110.484420776, 253.195999146, 372.699310303, 464.095733643, 1011.27185059, 1567.20336914, 1275.20141602, 2108.34350586, 788.280883789, 609.138549805, 367.467254639, 848.403686523, 882.601867676, 971.459838867, 805.205383301, 622.075317383, 951.562011719, 773.256225586, 880.088439941, 878.234191895, 732.595825195, 1316.10742188, 2272.65869141, 1324.79418945, 1089.37670898, 405.298950195, 420.649200439, 221.773986816, 21.635848999, 0.814525783062, 0.0241693891585, 6.81350866216e-05, 3.8529993418e-08],
        "dvar2": [0.728922069073, 8.92518234253, 40.5697097778, 84.3297348022, 240.125610352, 831.198913574, 265.383300781, 291.581207275, 607.933166504, 874.99395752, 1064.65429688, 2341.60058594, 3609.51464844, 2913.15209961, 4886.16308594, 1689.44299316, 1583.87243652, 890.836608887, 2068.07666016, 2146.91040039, 2465.2331543, 2060.67504883, 1569.15515137, 2455.90893555, 1942.49157715, 2175.17480469, 2216.85766602, 1812.34545898, 3180.66699219, 5466.69628906, 3027.40917969, 2508.06884766, 988.884033203, 1090.85864258, 558.536621094, 49.7767028809, 1.84647929668, 0.0597510933876, 0.000171078543644, 9.25438143895e-08],
        "max": [4.45661258698, 23.9983711243, 39.6227874756, 109.954086304, 85.1162185669, 196.875061035, 117.869026184, 286.952301025, 290.045135498, 470.545562744, 377.058532715, 730.698181152, 530.754455566, 686.211242676, 1013.74841309, 823.7265625, 509.532409668, 477.498565674, 506.053131104, 636.60534668, 750.316345215, 521.059814453, 407.569274902, 694.195861816, 447.550567627, 386.969787598, 397.869018555, 372.070098877, 328.738220215, 433.781005859, 351.638549805, 280.605621338, 172.25402832, 204.251113892, 132.424942017, 46.1873664856, 8.15441131592, 1.38854110241, 0.0828176438808, 0.00179896212649],
        "mean": [0.535402834415, 2.3957669735, 2.73148751259, 2.66616010666, 3.06059551239, 4.0621714592, 3.68613553047, 6.01996660233, 9.16345500946, 12.3445501328, 13.83943367, 24.1110973358, 30.7672119141, 25.630569458, 33.0026893616, 23.8560581207, 20.6545143127, 18.8851013184, 23.9586029053, 26.5758991241, 26.9065589905, 25.1676692963, 23.8835773468, 28.1076564789, 28.918712616, 30.8067207336, 30.3382492065, 28.4756126404, 30.1543521881, 31.8102684021, 26.0233726501, 20.901632309, 12.101729393, 8.99843597412, 5.95082998276, 2.39910101891, 0.521516025066, 0.076689183712, 0.00335283018649, 0.000132363609737],
        "median": [0.185835048556, 0.954114317894, 0.727179169655, 0.569044351578, 0.54543864727, 0.712257683277, 0.901400208473, 2.20754981041, 2.95454668999, 3.5810213089, 4.15495967865, 9.35168361664, 11.5603694916, 9.3112821579, 13.5477895737, 10.7064781189, 10.3558177948, 9.94003486633, 11.8962659836, 15.7892313004, 14.6009941101, 14.0966262817, 14.0766048431, 15.1205720901, 16.4590320587, 17.2026596069, 16.5015487671, 15.5420999527, 14.6099023819, 11.3304481506, 10.74077034, 7.69505739212, 4.46079730988, 2.57618737221, 1.26119732857, 0.504064261913, 0.124344237149, 0.0167219899595, 0.000452423555544, 6.89449734637e-05],
        "min": [3.90755118099e-22, 2.328831695e-21, 6.34525764635e-21, 1.06225362963e-20, 4.38731233149e-20, 4.03120784661e-20, 7.06428722109e-20, 1.35677020429e-19, 2.6217355098e-19, 5.2883088617e-19, 7.60140260544e-19, 8.2660132763e-19, 5.59542034362e-19, 1.13114353487e-18, 2.45605681658e-18, 1.94091168534e-18, 2.92002676486e-18, 3.58404620838e-18, 3.77667754789e-18, 4.07807858845e-18, 4.96517768304e-18, 6.09158054243e-18, 8.95657436074e-18, 6.74183590735e-18, 9.33496151451e-18, 8.70792883169e-18, 1.25643474178e-17, 1.46178249428e-17, 1.43250873784e-17, 1.22482990765e-17, 1.45104866778e-17, 1.24968511342e-17, 1.27249221999e-17, 9.71989166692e-18, 8.13851837753e-18, 5.09199977378e-18, 2.54573208717e-18, 1.06557489227e-18, 2.93180209447e-19, 2.62231876907e-20],
        "var": [0.546986699104, 12.5239877701, 35.0857620239, 36.4645347595, 65.4200286865, 170.81439209, 74.772895813, 130.942993164, 412.941558838, 616.471374512, 783.284606934, 1854.29431152, 3091.00512695, 2405.76513672, 3713.93457031, 1806.69433594, 859.371154785, 631.43536377, 1359.77233887, 1429.53930664, 1471.80932617, 1170.60839844, 932.628662109, 1587.6105957, 1331.53613281, 1409.86206055, 1475.80480957, 1200.41003418, 1606.98754883, 2556.46557617, 1598.27526855, 1224.7220459, 440.382080078, 369.131744385, 201.676620483, 24.4862651825, 0.929199337959, 0.022879652679, 6.11165451119e-05, 4.17526848651e-08]
    },
    "gfcc": {
        "mean": [6.35651063919, 35.2086868286, -118.142280579, 33.6991691589, -58.6267585754, 26.766866684, -28.3485431671, 20.910243988, -20.1050643921, 10.4218597412, -15.7840337753, 5.73914766312, -8.18086624146],
        "cov": [[22239.5898438, -2793.16430664, 1283.01135254, 2621.70361328, -24.2667179108, 1720.90270996, -548.839904785, 557.665283203, -240.619720459, 701.901672363, -335.003540039, 573.791137695, -561.444763184], [-2793.16430664, 2704.4855957, -870.346252441, -695.30480957, 243.142944336, -512.226379395, 297.416931152, -284.246948242, 198.760910034, -278.937835693, 204.350616455, -226.830291748, 174.428192139], [1283.01135254, -870.346252441, 1612.6072998, 948.856262207, 452.886566162, 610.035644531, 64.3513793945, 277.297790527, 77.2350006104, 209.70513916, -78.958404541, 169.051132202, -153.570404053], [2621.70361328, -695.30480957, 948.856262207, 1494.71228027, 487.054382324, 704.919189453, 174.417724609, 237.120407104, 227.292663574, 126.969566345, -69.2112426758, 122.533607483, -168.590606689], [-24.2667179108, 243.142944336, 452.886566162, 487.054382324, 580.361938477, 253.943832397, 218.969512939, 82.0321884155, 147.138046265, 37.0899124146, 22.3148918152, 21.6112613678, -23.7029342651], [1720.90270996, -512.226379395, 610.035644531, 704.919189453, 253.943832397, 624.583618164, 158.511962891, 199.463623047, 130.676132202, 117.872215271, -18.2249851227, 112.98084259, -90.7864456177], [-548.839904785, 297.416931152, 64.3513793945, 174.417724609, 218.969512939, 158.511962891, 274.378631592, 79.6286849976, 150.860443115, 0.577301502228, 44.1822319031, -3.31263279915, 18.0611495972], [557.665283203, -284.246948242, 277.297790527, 237.120407104, 82.0321884155, 199.463623047, 79.6286849976, 228.411071777, 79.2355117798, 133.573684692, 22.552816391, 65.2963562012, -2.34872341156], [-240.619720459, 198.760910034, 77.2350006104, 227.292663574, 147.138046265, 130.676132202, 150.860443115, 79.2355117798, 245.985183716, 38.8576087952, 67.4814376831, 20.3548488617, 10.440032959], [701.901672363, -278.937835693, 209.70513916, 126.969566345, 37.0899124146, 117.872215271, 0.577301502228, 133.573684692, 38.8576087952, 195.359527588, 52.247631073, 73.6259689331, 10.6877288818], [-335.003540039, 204.350616455, -78.958404541, -69.2112426758, 22.3148918152, -18.2249851227, 44.1822319031, 22.552816391, 67.4814376831, 52.247631073, 132.907394409, 30.2901096344, 61.8055381775], [573.791137695, -226.830291748, 169.051132202, 122.533607483, 21.6112613678, 112.98084259, -3.31263279915, 65.2963562012, 20.3548488617, 73.6259689331, 30.2901096344, 119.959091187, 19.7640514374], [-561.444763184, 174.428192139, -153.570404053, -168.590606689, -23.7029342651, -90.7864456177, 18.0611495972, -2.34872341156, 10.440032959, 10.6877288818, 61.8055381775, 19.7640514374, 124.828346252]],
        "icov": [[0.000127048464492, -0.000156319074449, 0.000217884778976, -0.000232195379795, 6.96950519341e-05, -0.000366037507774, 0.000456949142972, -0.000122759127407, 0.000310571136652, -0.00046992249554, 0.000354006799171, -0.000470622559078, 0.000336406636052], [-0.000156319074449, 0.00128222932108, -0.000171164152562, 0.000599032151513, -0.000784231408034, 0.0009219525964, -0.00128602981567, 0.000771582243033, -0.00102385366336, 0.00138964504004, -0.00167756527662, 0.00146374478936, -0.000608629197814], [0.000217884778976, -0.000171164152562, 0.00196000817232, -0.000561665161513, -0.000964276783634, -0.0010854061693, 0.00147052796092, -0.000933817063924, 0.000749459781218, -0.00118436734192, 0.0012038302375, -0.0017421930097, 0.00138756993692], [-0.000232195379795, 0.000599032151513, -0.000561665161513, 0.00257913675159, -0.00123884994537, -0.000635646167211, -0.000200164038688, 0.000148679115227, -0.00201045209542, 0.00129256362561, -8.51287477417e-05, 0.000665649189614, 0.00023938639788], [6.96950519341e-05, -0.000784231408034, -0.000964276783634, -0.00123884994537, 0.00441359868273, -7.58597707318e-06, -0.00215518753976, 0.000885185494553, 0.000670660811011, -0.00117910432164, 0.000274426332908, 8.41557775857e-05, -0.000393454014556], [-0.000366037507774, 0.0009219525964, -0.0010854061693, -0.000635646167211, -7.58597707318e-06, 0.00644214823842, -0.0041392436251, -0.000278791267192, -0.00076568685472, 0.0013095975155, -0.00136715709232, -0.00083410483785, 0.000909972470254], [0.000456949142972, -0.00128602981567, 0.00147052796092, -0.000200164038688, -0.00215518753976, -0.0041392436251, 0.0116983791813, -0.00389661057852, -0.00163227738813, 0.000690604560077, 0.00118838832714, -0.000155199144501, -0.00028099337942], [-0.000122759127407, 0.000771582243033, -0.000933817063924, 0.000148679115227, 0.000885185494553, -0.000278791267192, -0.00389661057852, 0.0112382601947, -0.00155195069965, -0.00527809094638, 0.000739077047911, 0.0006899634609, -0.00173123634886], [0.000310571136652, -0.00102385366336, 0.000749459781218, -0.00201045209542, 0.000670660811011, -0.00076568685472, -0.00163227738813, -0.00155195069965, 0.00918562430888, -0.00151031452697, -0.00207354431041, -0.00136541668326, 0.00141565303784], [-0.00046992249554, 0.00138964504004, -0.00118436734192, 0.00129256362561, -0.00117910432164, 0.0013095975155, 0.000690604560077, -0.00527809094638, -0.00151031452697, 0.0142442379147, -0.00675875321031, 0.000490546575747, -0.00106194266118], [0.000354006799171, -0.00167756527662, 0.0012038302375, -8.51287477417e-05, 0.000274426332908, -0.00136715709232, 0.00118838832714, 0.000739077047911, -0.00207354431041, -0.00675875321031, 0.016996499151, -0.00495687033981, -0.00267629907466], [-0.000470622559078, 0.00146374478936, -0.0017421930097, 0.000665649189614, 8.41557775857e-05, -0.00083410483785, -0.000155199144501, 0.0006899634609, -0.00136541668326, 0.000490546575747, -0.00495687033981, 0.0177316144109, -0.0062426161021], [0.000336406636052, -0.000608629197814, 0.00138756993692, 0.00023938639788, -0.000393454014556, 0.000909972470254, -0.00028099337942, -0.00173123634886, 0.00141565303784, -0.00106194266118, -0.00267629907466, -0.0062426161021, 0.0152861084789]]
    },
    "melbands": {
        "dmean": [0.00213483232073, 0.00103262846824, 0.000437931797933, 0.000339784251992, 0.000174686894752, 0.000112040077511, 0.000101843681477, 0.000111020563054, 8.13387378003e-05, 0.00012346864969, 0.00011007682042, 7.65042786952e-05, 7.36859146855e-05, 6.22158113401e-05, 3.41145969287e-05, 3.90810382669e-05, 2.52220070251e-05, 3.02508960885e-05, 2.72792494798e-05, 2.79643190879e-05, 2.48911128438e-05, 1.99145106308e-05, 1.66851696122e-05, 1.63746281032e-05, 1.67375001183e-05, 1.60221225087e-05, 1.34493393489e-05, 1.48680492202e-05, 1.34530228024e-05, 1.21954171846e-05, 1.21615248645e-05, 1.39690455399e-05, 1.73374337464e-05, 1.65445890161e-05, 1.37316292239e-05, 1.41827604239e-05, 1.06553043224e-05, 7.51518473407e-06, 6.66122559778e-06, 7.4434601629e-06],
        "dmean2": [0.00314830988646, 0.0014291658299, 0.000670895329677, 0.000612000701949, 0.000312735239277, 0.000185198441613, 0.000170041821548, 0.000181026494829, 0.000130641128635, 0.000202913652174, 0.000178764443262, 0.0001281965815, 0.000122687997646, 0.000103820158984, 5.61046217626e-05, 6.67734275339e-05, 4.16650327679e-05, 5.02493530803e-05, 4.49526269222e-05, 4.6725392167e-05, 4.15329704992e-05, 3.2945714338e-05, 2.76732916973e-05, 2.71193421213e-05, 2.79560863419e-05, 2.63882448053e-05, 2.18634340854e-05, 2.42076093855e-05, 2.20418442041e-05, 1.99423011509e-05, 1.98546640604e-05, 2.26049924095e-05, 2.87616312562e-05, 2.64554855676e-05, 2.1778192604e-05, 2.29432207561e-05, 1.70744060597e-05, 1.21777984532e-05, 1.09504098873e-05, 1.22535066112e-05],
        "dvar": [1.40818738146e-05, 3.44872046298e-06, 8.67923006354e-07, 9.32690113586e-07, 1.79355424734e-07, 5.33283674997e-08, 4.91400200531e-08, 5.64371482881e-08, 3.02774232352e-08, 4.65111646974e-08, 4.19579393451e-08, 2.20487628155e-08, 1.85344450898e-08, 1.24580941119e-08, 3.46569706267e-09, 3.93574195456e-09, 1.45151368702e-09, 2.44369635638e-09, 2.06227235289e-09, 2.14068207605e-09, 1.55825718995e-09, 1.01287378484e-09, 6.48484543841e-10, 7.22131521247e-10, 7.46321393574e-10, 5.96000526709e-10, 3.85121434743e-10, 4.8327286617e-10, 3.94738880471e-10, 3.10846653973e-10, 2.79139572568e-10, 3.99228566872e-10, 7.85177534102e-10, 7.18508696984e-10, 4.34490055046e-10, 6.34376717823e-10, 3.28384541781e-10, 2.19129395185e-10, 2.15674353377e-10, 3.57318424848e-10],
        "dvar2": [3.59489531547e-05, 5.44147360415e-06, 1.82513099389e-06, 2.5983724754e-06, 4.99633131312e-07, 1.40236807056e-07, 1.19035817647e-07, 1.30057500769e-07, 6.82208423086e-08, 1.06299168579e-07, 9.63423474332e-08, 5.03449157918e-08, 4.2639570097e-08, 2.90001125336e-08, 7.44411821074e-09, 1.02123509649e-08, 3.53171625278e-09, 6.00499827641e-09, 5.03234520721e-09, 5.35068522822e-09, 3.99599375811e-09, 2.60036614463e-09, 1.65193969615e-09, 1.87873183677e-09, 1.94368188211e-09, 1.51369716761e-09, 9.70117541854e-10, 1.21403187503e-09, 1.00857666663e-09, 7.72397756865e-10, 7.05090263953e-10, 9.89716197886e-10, 1.9162409437e-09, 1.7342790537e-09, 1.01445762901e-09, 1.47967460506e-09, 7.61727458887e-10, 5.3642557063e-10, 5.64183921803e-10, 9.30275356748e-10],
        "max": [0.0300614442676, 0.0179002434015, 0.0174703095108, 0.00987457577139, 0.00553996255621, 0.00588655518368, 0.00394635973498, 0.00551365222782, 0.00317769567482, 0.00512742996216, 0.00309622497298, 0.0029229093343, 0.002607740229, 0.00219280971214, 0.00247759209014, 0.00155416259076, 0.001088353456, 0.000792204402387, 0.000999346142635, 0.000929267378524, 0.00118929788005, 0.000502430018969, 0.000382756756153, 0.000727196631487, 0.000662664417177, 0.000394694710849, 0.000251555931754, 0.000346211338183, 0.000319384213071, 0.000289926916594, 0.000230242309044, 0.000218452230911, 0.000191661893041, 0.000242272173637, 0.000235318817431, 0.000216858519707, 0.000177349123987, 0.000128029714688, 0.000141605909448, 0.000214008163312],
        "mean": [0.00421153753996, 0.00205364613794, 0.0004842657072, 0.000255544000538, 0.000145364218042, 0.000136492657475, 0.000130975342472, 0.000149184474139, 0.00010682278662, 0.000158970826305, 0.000154612323968, 0.000104093553091, 0.000100816818303, 8.38531050249e-05, 4.55149820482e-05, 4.5987773774e-05, 3.39246216754e-05, 3.81471618311e-05, 3.62913342542e-05, 3.64769548469e-05, 3.03580673062e-05, 2.66058814304e-05, 2.21147474804e-05, 2.10847229027e-05, 2.27739183174e-05, 2.20310012082e-05, 1.95701923076e-05, 2.08516830753e-05, 1.89716320165e-05, 1.75648310687e-05, 1.61278057931e-05, 1.6690701159e-05, 1.81574032467e-05, 1.71363626578e-05, 1.50052783283e-05, 1.46877964653e-05, 1.17178960863e-05, 8.51196909935e-06, 7.63970183471e-06, 7.62210811445e-06],
        "median": [0.00177421362605, 0.000748510588892, 9.84986399999e-05, 4.43356912001e-05, 3.33858261001e-05, 4.95837484777e-05, 4.17978444602e-05, 3.88854459743e-05, 2.95752906823e-05, 5.99029517616e-05, 5.51275261387e-05, 3.43011779478e-05, 3.89757296944e-05, 3.60869889846e-05, 1.84240889212e-05, 2.15126001422e-05, 1.64491175383e-05, 1.82233361556e-05, 1.78813952516e-05, 2.08928213397e-05, 1.51511503645e-05, 1.43055849549e-05, 1.25058850244e-05, 1.09302200144e-05, 1.16645123853e-05, 1.17865210996e-05, 1.09552065624e-05, 1.12131529022e-05, 9.96739436232e-06, 9.31736576604e-06, 8.33735975903e-06, 8.3121649368e-06, 6.69842211209e-06, 5.75705598749e-06, 6.04515753366e-06, 5.19169407198e-06, 4.30883483205e-06, 3.00622377836e-06, 2.45458477366e-06, 1.97069289243e-06],
        "min": [3.60835548784e-24, 4.10415693336e-24, 4.15528616407e-24, 3.17802121442e-24, 2.61180249463e-24, 3.57574989448e-24, 4.98609119805e-24, 5.5670659555e-24, 6.69119392873e-24, 4.845270849e-24, 2.42321977321e-24, 4.12878832626e-24, 9.02066389425e-24, 3.74371613057e-24, 5.59482123759e-24, 4.16968090344e-24, 6.1957742919e-24, 5.35592141776e-24, 5.33563507072e-24, 5.62091162874e-24, 5.679555154e-24, 5.60986560391e-24, 4.97280717484e-24, 7.631446708e-24, 4.42836298818e-24, 5.13709929126e-24, 6.77978064181e-24, 4.87232404488e-24, 5.95761797347e-24, 8.43289546668e-24, 6.83058722841e-24, 7.46109298437e-24, 8.73035992568e-24, 5.29967169091e-24, 7.10539323563e-24, 9.95487084353e-24, 6.12041480405e-24, 8.22747845354e-24, 8.27174853868e-24, 7.33147682676e-24],
        "var": [2.94339461107e-05, 1.05145609268e-05, 1.04890909824e-06, 5.90511149312e-07, 1.24986200944e-07, 6.41648654209e-08, 8.0656946011e-08, 9.81392318522e-08, 5.20163112583e-08, 8.55584119108e-08, 8.21260286443e-08, 4.13932390586e-08, 3.35743024493e-08, 2.21916369725e-08, 8.2542319646e-09, 4.88007012578e-09, 2.3914878966e-09, 3.64769259242e-09, 3.43130035496e-09, 2.93699242704e-09, 2.2175650205e-09, 1.44731071572e-09, 8.74825656361e-10, 9.45429956545e-10, 1.19710352742e-09, 9.48603084971e-10, 6.01594996041e-10, 7.20214943239e-10, 6.30046126382e-10, 5.15495535147e-10, 4.03209993172e-10, 4.83116102679e-10, 8.14541378791e-10, 7.98503096977e-10, 5.18275866668e-10, 6.62478794045e-10, 3.7694938837e-10, 2.28333740804e-10, 2.08225450771e-10, 2.99308772211e-10]
    },
    "mfcc": {
        "mean": [-627.467773438, 67.0034103394, -0.762239634991, 12.9731178284, 1.00772726536, 7.84087228775, 6.45299005508, 8.96852016449, 7.92382717133, 7.52808761597, 1.19608640671, 3.03080892563, 3.15916538239],
        "cov": [[11863.0722656, -1799.82702637, 1244.51416016, 886.174072266, 441.308746338, 906.842285156, 172.509963989, 528.11505127, 159.291809082, 228.317001343, 157.364059448, 124.88646698, 167.024688721], [-1799.82702637, 2072.1640625, -667.715332031, -450.566955566, -259.682434082, -371.218353271, -37.8428535461, -201.008071899, -92.0762023926, -98.1077804565, -87.2169723511, -53.1530189514, -39.1662216187], [1244.51416016, -667.715332031, 980.042175293, 487.330474854, 467.209533691, 458.448242188, 137.777511597, 292.026672363, 121.101295471, 181.905288696, 138.831619263, 88.6045608521, 101.093261719], [886.174072266, -450.566955566, 487.330474854, 730.69329834, 433.230865479, 402.136383057, 142.942001343, 271.442657471, 159.986663818, 151.445159912, 123.531196594, 80.2470169067, 77.6509475708], [441.308746338, -259.682434082, 467.209533691, 433.230865479, 490.755096436, 360.517303467, 151.910293579, 230.924667358, 123.589996338, 138.472351074, 107.970314026, 59.8823623657, 87.1643371582], [906.842285156, -371.218353271, 458.448242188, 402.136383057, 360.517303467, 534.446289062, 148.487564087, 331.037963867, 129.190841675, 166.501647949, 112.189422607, 66.7115249634, 80.606842041], [172.509963989, -37.8428535461, 137.777511597, 142.942001343, 151.910293579, 148.487564087, 210.160293579, 100.398765564, 91.7240982056, 65.9171600342, 56.0541343689, 39.9103355408, 50.1348266602], [528.11505127, -201.008071899, 292.026672363, 271.442657471, 230.924667358, 331.037963867, 100.398765564, 334.033172607, 119.284301758, 145.543746948, 92.4175949097, 58.6185684204, 58.5843696594], [159.291809082, -92.0762023926, 121.101295471, 159.986663818, 123.589996338, 129.190841675, 91.7240982056, 119.284301758, 153.755767822, 96.102722168, 74.1178665161, 45.7322807312, 45.1855125427], [228.317001343, -98.1077804565, 181.905288696, 151.445159912, 138.472351074, 166.501647949, 65.9171600342, 145.543746948, 96.102722168, 175.378433228, 93.407951355, 69.4898757935, 54.3443069458], [157.364059448, -87.2169723511, 138.831619263, 123.531196594, 107.970314026, 112.189422607, 56.0541343689, 92.4175949097, 74.1178665161, 93.407951355, 123.514404297, 68.3725814819, 56.5035552979], [124.88646698, -53.1530189514, 88.6045608521, 80.2470169067, 59.8823623657, 66.7115249634, 39.9103355408, 58.6185684204, 45.7322807312, 69.4898757935, 68.3725814819, 97.5195236206, 61.5959396362], [167.024688721, -39.1662216187, 101.093261719, 77.6509475708, 87.1643371582, 80.606842041, 50.1348266602, 58.5843696594, 45.1855125427, 54.3443069458, 56.5035552979, 61.5959396362, 111.147293091]],
