{
"lowlevel": {
    "average_loudness": 0.944167733192,
    "barkbands_crest": {
        "dmean": 2.75119876862,
        "dmean2": 4.29470252991,
        "dvar": 9.38721656799,
        "dvar2": 17.560344696,
        "max": 24.9893932343,
        "mean": 10.5754308701,
        "median": 9.06770801544,
        "min": 2.3842420578,
        "var": 24.3180484772
    },
    "barkbands_flatness_db": {
        "dmean": 0.0265578255057,
        "dmean2": 0.0422296822071,
        "dvar": 0.00128047913313,
        "dvar2": 0.00256236083806,
        "max": 0.815734863281,
        "mean": 0.0933048054576,
        "median": 0.079586841166,
        "min": 0.0127685880288,
        "var": 0.0029992882628
    },
    "barkbands_kurtosis": {
        "dmean": 5.69665336609,
        "dmean2": 9.22075271606,
        "dvar": 846.185180664,
        "dvar2": 1888.74462891,
        "max": 744.922302246,
        "mean": 7.18728494644,
        "median": 1.99334740639,
        "min": -1.75054931641,
        "var": 1178.6730957
    },
    "barkbands_skewness": {
        "dmean": 0.616841375828,
        "dmean2": 0.968091368675,
        "dvar": 0.995995759964,
        "dvar2": 2.12478971481,
        "max": 19.1010093689,
        "mean": 1.99167001247,
        "median": 1.65542340279,
        "min": -1.77337288857,
        "var": 2.20278811455
    },
    "barkbands_spread": {
        "dmean": 8.56061458588,
        "dmean2": 13.4579868317,
        "dvar": 95.0791397095,
        "dvar2": 228.567550659,
        "max": 102.30682373,
        "mean": 31.5482254028,
        "median": 28.6296043396,
        "min": 0.208013221622,
        "var": 189.433410645
    },
    "dissonance": {
        "dmean": 0.0149372313172,
        "dmean2": 0.0249901469797,
        "dvar": 0.000298157567158,
        "dvar2": 0.000788785982877,
        "max": 0.500000119209,
        "mean": 0.473715424538,
        "median": 0.479076355696,
        "min": 0.22398942709,
        "var": 0.00053387117805
    },
    "dynamic_complexity": 1.82631361485,
    "erbbands_crest": {
        "dmean": 2.31552886963,
        "dmean2": 3.80216169357,
        "dvar": 5.97158002853,
        "dvar2": 14.6416130066,
        "max": 26.0772209167,
        "mean": 7.22653436661,
        "median": 5.87902927399,
        "min": 1.95613288879,
        "var": 18.022567749
    },
    "erbbands_flatness_db": {
        "dmean": 0.0143252052367,
        "dmean2": 0.0230262763798,
        "dvar": 0.000311877724016,
        "dvar2": 0.000722150842194,
        "max": 0.426646173,
        "mean": 0.100515134633,
        "median": 0.083330988884,
        "min": 0.0377937331796,
        "var": 0.00192214269191
    },
    "erbbands_kurtosis": {
        "dmean": 0.654863119125,
        "dmean2": 1.01808750629,
        "dvar": 53.9969749451,
        "dvar2": 121.686035156,
        "max": 451.273864746,
        "mean": -0.0421975925565,
        "median": -0.362269997597,
        "min": -1.58260178566,
        "var": 53.3192672729
    },
    "erbbands_skewness": {
        "dmean": 0.270176053047,
        "dmean2": 0.425183683634,
        "dvar": 0.16075219214,
        "dvar2": 0.343143939972,
        "max": 15.977309227,
        "mean": 0.465314775705,
        "median": 0.48235052824,
        "min": -1.37341403961,
        "var": 0.417054772377
    },
    "erbbands_spread": {
        "dmean": 8.2737569809,
        "dmean2": 13.137588501,
        "dvar": 74.5223999023,
        "dvar2": 172.217971802,
        "max": 117.821853638,
        "mean": 54.8599319458,
        "median": 53.6669464111,
        "min": 0.871299266815,
        "var": 263.208221436
    },
    "hfc": {
        "dmean": 15.9873590469,
        "dmean2": 24.0003681183,
        "dvar": 353.123382568,
        "dvar2": 841.068664551,
        "max": 154.84703064,
        "mean": 46.0662727356,
        "median": 43.6483535767,
        "min": 1.18361101797e-16,
        "var": 770.054748535
    },
    "melbands_crest": {
        "dmean": 3.74356198311,
        "dmean2": 5.54450559616,
        "dvar": 15.477560997,
        "dvar2": 29.856552124,
        "max": 38.4118270874,
        "mean": 16.8801956177,
        "median": 15.6327896118,
        "min": 2.03149247169,
        "var": 44.8792266846
    },
    "melbands_flatness_db": {
        "dmean": 0.0309763047844,
        "dmean2": 0.0489444993436,
        "dvar": 0.00162166939117,
        "dvar2": 0.00323057873175,
        "max": 0.954510033131,
        "mean": 0.169405534863,
        "median": 0.15565431118,
        "min": 0.00529711134732,
        "var": 0.00465814955533
    },
    "melbands_kurtosis": {
        "dmean": 14.7243709564,
        "dmean2": 24.0812492371,
        "dvar": 4237.23144531,
        "dvar2": 11194.1220703,
        "max": 2353.25244141,
        "mean": 25.5033760071,
        "median": 12.5763292313,
        "min": -1.21441757679,
        "var": 3743.6081543
    },
    "melbands_skewness": {
        "dmean": 0.926265597343,
        "dmean2": 1.47370111942,
        "dvar": 1.85507035255,
        "dvar2": 4.02730989456,
        "max": 28.6842842102,
        "mean": 3.6734559536,
        "median": 3.09083890915,
        "min": -0.206930741668,
        "var": 4.50955247879
    },
    "melbands_spread": {
        "dmean": 6.8527970314,
        "dmean2": 11.0396718979,
        "dvar": 61.1504173279,
        "dvar2": 148.202056885,
        "max": 133.529556274,
        "mean": 22.2394351959,
        "median": 21.17237854,
        "min": 0.0386725775898,
        "var": 133.976531982
    },
    "pitch_salience": {
        "dmean": 0.0851605162024,
        "dmean2": 0.13342833519,
        "dvar": 0.00888428837061,
        "dvar2": 0.0175889916718,
        "max": 0.966001212597,
        "mean": 0.564110517502,
        "median": 0.59623670578,
        "min": 0.0177002865821,
        "var": 0.0217909123749
    },
    "silence_rate_20dB": {
        "dmean": 0,
        "dmean2": 0,
        "dvar": 0,
        "dvar2": 0,
        "max": 1,
        "mean": 1,
        "median": 1,
        "min": 1,
        "var": 0
    },
    "silence_rate_30dB": {
        "dmean": 0.0721482783556,
        "dmean2": 0.14431451261,
        "dvar": 0.0669452473521,
        "dvar2": 0.125717520714,
        "max": 1,
        "mean": 0.86106967926,
        "median": 1,
        "min": 0,
        "var": 0.119620896876
    },
    "silence_rate_60dB": {
        "dmean": 0.00845876336098,
        "dmean2": 0.0167952235788,
        "dvar": 0.00838656816632,
        "dvar2": 0.0167597681284,
        "max": 1,
        "mean": 0.0359452739358,
        "median": 0,
        "min": 0,
        "var": 0.0346488021314
    },
    "spectral_centroid": {
        "dmean": 290.821838379,
        "dmean2": 444.742828369,
        "dvar": 89132.453125,
        "dvar2": 206282.421875,
        "max": 11300.1669922,
        "mean": 1575.30603027,
        "median": 1510.69384766,
        "min": 40.9632987976,
        "var": 260398.234375
    },
    "spectral_complexity": {
        "dmean": 5.85321569443,
        "dmean2": 9.11657142639,
        "dvar": 33.4386520386,
        "dvar2": 68.8292617798,
        "max": 59,
        "mean": 27.5097007751,
        "median": 29,
        "min": 0,
        "var": 146.762420654
    },
    "spectral_decrease": {
        "dmean": 3.73296282774e-09,
        "dmean2": 5.98488414383e-09,
        "dvar": 3.42554252115e-17,
        "dvar2": 7.14486849388e-17,
        "max": 1.61921837851e-29,
        "mean": -1.34178597122e-08,
        "median": -1.19975265278e-08,
        "min": -5.76888261605e-08,
        "var": 1.1305110519e-16
    },
    "spectral_energy": {
        "dmean": 0.0144851850346,
        "dmean2": 0.0232072882354,
        "dvar": 0.000492419756483,
        "dvar2": 0.00102774228435,
        "max": 0.218773707747,
        "mean": 0.0548203736544,
        "median": 0.0507361590862,
        "min": 1.06745864748e-20,
        "var": 0.00167907425202
    },
    "spectral_energyband_high": {
        "dmean": 0.00136101816315,
        "dmean2": 0.00205419305712,
        "dvar": 2.99807948068e-06,
        "dvar2": 7.48118554839e-06,
        "max": 0.015532865189,
        "mean": 0.00328683527187,
        "median": 0.00276893633418,
        "min": 7.43422840198e-21,
        "var": 5.97117514189e-06
    },
    "spectral_energyband_low": {
        "dmean": 0.011904203333,
        "dmean2": 0.0185325648636,
        "dvar": 0.000515608699061,
        "dvar2": 0.001014073845,
        "max": 0.217622533441,
        "mean": 0.0313021093607,
        "median": 0.0189204066992,
        "min": 2.5275400015e-23,
        "var": 0.00153939600568
    },
    "spectral_energyband_middle_high": {
        "dmean": 0.00234424881637,
        "dmean2": 0.00367708457634,
        "dvar": 8.11910649645e-06,
        "dvar2": 1.76011562871e-05,
        "max": 0.0390784367919,
        "mean": 0.00638084951788,
        "median": 0.00574174243957,
        "min": 1.52741172027e-21,
        "var": 1.66876325238e-05
    },
    "spectral_energyband_middle_low": {
        "dmean": 0.00762998359278,
        "dmean2": 0.0122852930799,
        "dvar": 0.000143977042171,
        "dvar2": 0.000375299656298,
        "max": 0.0962301269174,
        "mean": 0.0162324700505,
        "median": 0.0141425076872,
        "min": 3.42538071549e-22,
        "var": 0.000174677799805
    },
    "spectral_entropy": {
        "dmean": 0.15687070787,
        "dmean2": 0.250236451626,
        "dvar": 0.0365571603179,
        "dvar2": 0.0832224488258,
        "max": 9.78998470306,
        "mean": 8.05810546875,
        "median": 8.1203250885,
        "min": 3.66538691521,
        "var": 0.106540419161
    },
    "spectral_flux": {
        "dmean": 0.0475439578295,
        "dmean2": 0.0714756473899,
        "dvar": 0.00235838792287,
        "dvar2": 0.00499973958358,
        "max": 0.43743249774,
        "mean": 0.122817084193,
        "median": 0.108910679817,
        "min": 6.80455136681e-11,
        "var": 0.00518968002871
    },
    "spectral_kurtosis": {
        "dmean": 0.523031651974,
        "dmean2": 0.845248103142,
        "dvar": 0.481397300959,
        "dvar2": 1.19557523727,
        "max": 24.6233539581,
        "mean": 2.38470077515,
        "median": 2.39949822426,
        "min": -1.19674122334,
        "var": 0.820325493813
    },
    "spectral_rms": {
        "dmean": 0.000935150077567,
        "dmean2": 0.00146029272582,
        "dvar": 1.56347925895e-06,
        "dvar2": 3.08520975523e-06,
        "max": 0.0146095091477,
        "mean": 0.00674018869177,
        "median": 0.00703553063795,
        "min": 3.22710868444e-12,
        "var": 8.0530426203e-06
    },
    "spectral_rolloff": {
        "dmean": 870.765075684,
        "dmean2": 1439.74035645,
        "dvar": 1623801.25,
        "dvar2": 4049462.25,
        "max": 19056.8847656,
        "mean": 1787.38134766,
        "median": 1421.19140625,
        "min": 21.533203125,
        "var": 2659762.25
    },
    "spectral_skewness": {
        "dmean": 0.11283531785,
        "dmean2": 0.180749922991,
        "dvar": 0.0166261307895,
        "dvar2": 0.0395267978311,
        "max": 4.28634929657,
        "mean": 1.39136302471,
        "median": 1.41848468781,
        "min": -0.0138039113954,
        "var": 0.0408660471439
    },
    "spectral_spread": {
        "dmean": 561052.25,
        "dmean2": 869225.5625,
        "dvar": 395839930368,
        "dvar2": 736818167808,
        "max": 40334036,
        "mean": 7206152,
        "median": 6995619,
        "min": 2695076.25,
        "var": 1.06914342502e+12
    },
    "spectral_strongpeak": {
        "dmean": 0.305262297392,
        "dmean2": 0.50374686718,
        "dvar": 0.174839451909,
        "dvar2": 0.427909433842,
        "max": 4.92204046249,
        "mean": 0.708744525909,
        "median": 0.473985552788,
        "min": 0,
        "var": 0.453218609095
    },
    "zerocrossingrate": {
        "dmean": 0.0183803047985,
        "dmean2": 0.0218438133597,
        "dvar": 0.000254603597568,
        "dvar2": 0.000380437966669,
        "max": 0.5078125,
        "mean": 0.0792616531253,
        "median": 0.0791015625,
        "min": 0.00146484375,
        "var": 0.00137470802292
    },
    "barkbands": {
        "dmean": [0.00159228825942, 0.0107178855687, 0.00446272781119, 0.00318955397233, 0.00257332017645, 0.00171353004407, 0.00176567700692, 0.00122968561482, 0.000804914394394, 0.000887813745067, 0.000699088326655, 0.000596346682869, 0.000461817195173, 0.000509256904479, 0.000378977594664, 0.000261271343334, 0.000289204879664, 0.000222065820708, 0.000200738446438, 0.000225598181714, 0.000220262634684, 0.000186343226233, 0.000214270097786, 0.000265799521003, 0.000285125715891, 0.000278347491985, 5.45181537746e-05],
        "dmean2": [0.00241697649471, 0.0169127117842, 0.00791152380407, 0.00546794012189, 0.00427499227226, 0.00279433117248, 0.00290656159632, 0.00205533020198, 0.00135117245372, 0.00145378825255, 0.00115177582484, 0.00100178993307, 0.000775805383455, 0.00090385240037, 0.000629101297818, 0.000422137731221, 0.000495396147016, 0.000373276445316, 0.000325148459524, 0.000370268477127, 0.000361369835446, 0.000294868950732, 0.000342961924616, 0.000432573084254, 0.000448653183412, 0.000420399272116, 8.48435010994e-05],
        "dvar": [9.00291433936e-06, 0.000504816591274, 0.000112660898594, 5.24539827893e-05, 3.07001864712e-05, 8.7902371888e-06, 9.87737075775e-06, 4.68892449135e-06, 2.28055819207e-06, 2.33079458667e-06, 1.5565326521e-06, 9.09894424694e-07, 6.24718666131e-07, 8.1245337924e-07, 2.62100201098e-07, 1.10425773414e-07, 1.49375154024e-07, 8.00086041863e-08, 7.41648449321e-08, 6.74061624295e-08, 6.4070128758e-08, 4.29067519292e-08, 7.32413525384e-08, 1.39512948749e-07, 1.63409467291e-07, 1.24771176502e-07, 6.89678447685e-09],
        "dvar2": [1.92857842194e-05, 0.000996040878817, 0.000319582264638, 0.000143780765939, 8.07369215181e-05, 2.23603565246e-05, 2.50675875577e-05, 1.24710541058e-05, 5.50908998775e-06, 5.57744260732e-06, 3.80600454264e-06, 2.1602270408e-06, 1.55829184223e-06, 2.23445999836e-06, 6.31343880286e-07, 2.7463838137e-07, 4.12786249626e-07, 1.93555791839e-07, 1.80928282134e-07, 1.74402146058e-07, 1.6749389431e-07, 1.06964677116e-07, 1.96557508048e-07, 3.67468686591e-07, 4.07629642041e-07, 2.75190700449e-07, 1.68133738043e-08],
        "max": [0.0277167446911, 0.192856550217, 0.0965307056904, 0.062864869833, 0.071948133409, 0.0367024987936, 0.0496917553246, 0.0373905412853, 0.0258601792157, 0.0197243280709, 0.0226205438375, 0.0219558048993, 0.0219153296202, 0.0132036684081, 0.00648177554831, 0.00548502150923, 0.0047965887934, 0.00401982758194, 0.00377351790667, 0.00296908896416, 0.00288288365118, 0.00249641970731, 0.00371944485232, 0.00353598431684, 0.00345325889066, 0.00279431557283, 0.000994289643131],
        "mean": [0.00235936022364, 0.0215455181897, 0.00526890018955, 0.00391408102587, 0.00383884459734, 0.00262917811051, 0.00251450389624, 0.00166793854441, 0.00109773164149, 0.00126516155433, 0.000950299378019, 0.000866063928697, 0.000621176674031, 0.000564950460102, 0.000611517869402, 0.000461452931631, 0.000416734226746, 0.000358305114787, 0.000384866725653, 0.000459788629087, 0.000430654472439, 0.000429991981946, 0.000484839343699, 0.000510268611833, 0.000556148414034, 0.000527552794665, 8.45670510898e-05],
        "median": [0.00120928836986, 0.012717794627, 0.00117866625078, 0.00153296068311, 0.00162735488266, 0.00118724838831, 0.00136356800795, 0.00079234840814, 0.000551824225113, 0.000631001137663, 0.000541772460565, 0.00052733218763, 0.000366083870176, 0.000304826302454, 0.000423164921813, 0.000360217760317, 0.000307630194584, 0.000261708744802, 0.000288453244139, 0.000367558852304, 0.00034950915142, 0.000340006779879, 0.000383514765417, 0.000399762124289, 0.000427163060522, 0.000380209181458, 4.8022793635e-05],
        "min": [1.66410346007e-24, 1.0229856711e-23, 9.1628481838e-24, 2.06437767594e-23, 2.2476477347e-23, 3.66301250452e-23, 2.5666533029e-23, 2.94115618241e-23, 1.0316007895e-22, 6.19833067454e-23, 2.07876996984e-23, 5.85855881634e-23, 6.3482445388e-23, 6.85649941588e-23, 9.51251709093e-23, 1.30401976673e-22, 1.21784384413e-22, 1.9056680757e-22, 2.7690666177e-22, 2.53708168435e-22, 3.65926850756e-22, 4.63112848205e-22, 5.6766461032e-22, 7.93593515294e-22, 1.19837185398e-21, 1.70152405056e-21, 2.27500538041e-21],
        "var": [1.31671567942e-05, 0.00107727083378, 9.19223530218e-05, 4.44580073236e-05, 3.41860359185e-05, 1.26772501972e-05, 1.32255672725e-05, 6.70060171615e-06, 3.09794563691e-06, 3.71342866856e-06, 2.00783870241e-06, 1.23492679904e-06, 7.55330347602e-07, 6.86970395236e-07, 4.09613448937e-07, 1.88473435969e-07, 1.61571151125e-07, 1.2124534976e-07, 1.43943708508e-07, 1.45196182189e-07, 1.18227355017e-07, 1.20054323816e-07, 1.64549717852e-07, 2.05529133268e-07, 2.30190991601e-07, 2.08388300393e-07, 9.12046704826e-09]
    },
    "erbbands": {
        "dmean": [0.555100858212, 1.97859680653, 4.55870008469, 8.51790714264, 9.38768672943, 7.8006439209, 10.6207942963, 16.0850811005, 24.0335197449, 25.1135139465, 26.0388412476, 18.9543762207, 27.2904338837, 27.9390163422, 23.9746208191, 24.6860027313, 20.6855583191, 24.471540451, 22.2639141083, 15.5381937027, 13.5500097275, 14.3000068665, 11.4736738205, 11.1605472565, 9.90146827698, 10.8063249588, 9.99587726593, 7.99464845657, 7.27863693237, 6.33593034744, 5.99139356613, 4.94858646393, 4.75261259079, 3.53868317604, 2.0180876255, 1.04746246338, 0.56038326025, 0.141553893685, 0.00819754507393, 0.000138544593938],
        "dmean2": [0.745140433311, 3.29951167107, 7.79817962646, 14.7420520782, 15.7627344131, 13.2145767212, 17.5717735291, 26.6202926636, 39.39427948, 41.4257278442, 43.3323860168, 31.7376937866, 44.9217453003, 45.6653404236, 39.0074272156, 41.2593040466, 34.6413650513, 42.6346321106, 38.2548065186, 25.2450504303, 21.7543773651, 24.5722026825, 19.1438884735, 18.6049766541, 15.8299245834, 17.7392845154, 16.4792022705, 12.9121770859, 11.801861763, 10.0796031952, 9.48811626434, 7.96383476257, 7.67575740814, 5.6081571579, 3.23162484169, 1.58419656754, 0.864671826363, 0.221162170172, 0.012501930818, 0.000210769445403],
        "dvar": [1.38969755173, 16.8673381805, 108.511764526, 408.792358398, 380.330078125, 347.903686523, 452.051025391, 932.812438965, 1770.1171875, 2034.48730469, 2270.78833008, 1508.59594727, 2658.21191406, 3211.65234375, 1524.58093262, 1755.93994141, 1327.8067627, 1935.12902832, 1144.27575684, 352.890258789, 303.328460693, 417.065948486, 231.851394653, 269.349334717, 181.360122681, 160.329116821, 154.632049561, 81.8557510376, 77.3985366821, 52.1693344116, 54.561214447, 39.5262184143, 48.0267562866, 26.267124176, 7.92632722855, 1.73467206955, 0.497534751892, 0.0412642359734, 0.00012022601004, 3.35320784473e-08],
        "dvar2": [2.43318510056, 41.1759185791, 297.04586792, 1140.23339844, 998.98614502, 952.306396484, 1161.91064453, 2396.92358398, 4481.63916016, 5372.01513672, 6075.15283203, 3649.83081055, 6260.2421875, 7746.06103516, 3781.38867188, 4150.27587891, 3339.11181641, 5188.85107422, 2989.02954102, 850.949401855, 750.529785156, 1183.50598145, 554.337280273, 719.882385254, 408.889984131, 419.95513916, 408.550231934, 213.530044556, 203.504653931, 129.914260864, 142.46031189, 104.117172241, 126.011138916, 65.9934310913, 19.9811401367, 3.78935289383, 1.11881411076, 0.0997468903661, 0.000270839926088, 7.59737943667e-08],
        "max": [10.8105287552, 37.4792747498, 92.5773468018, 188.760467529, 226.028640747, 259.806121826, 343.938995361, 403.671081543, 662.581420898, 888.557067871, 814.933776855, 684.470214844, 747.339477539, 1107.24169922, 752.528869629, 1054.26721191, 914.845458984, 787.444580078, 405.689025879, 212.2290802, 320.982971191, 259.821777344, 227.255554199, 206.048721313, 182.307022095, 158.643981934, 161.640029907, 100.892059326, 110.131401062, 96.2704544067, 113.799942017, 72.5836791992, 75.4627456665, 43.0969429016, 27.1063251495, 12.06042099, 5.7715754509, 1.9613558054, 0.0956897884607, 0.00161937496159],
        "mean": [0.97936719656, 3.37646627426, 6.01010799408, 10.7740411758, 13.713385582, 10.313791275, 15.2760925293, 22.6586933136, 36.3031311035, 35.3602294922, 35.7541007996, 27.2434158325, 38.5548362732, 40.3990211487, 36.0795135498, 36.4544296265, 29.1076984406, 29.8806190491, 32.0000419617, 28.392911911, 26.4941005707, 22.215467453, 19.8284568787, 18.9466743469, 20.2391490936, 21.8134155273, 18.298116684, 17.1997947693, 15.8017721176, 14.7985639572, 13.3953771591, 10.4141759872, 8.57254600525, 6.46950674057, 3.85481405258, 2.09077119827, 0.987819969654, 0.231595650315, 0.0138236703351, 0.000304072134895],
        "median": [0.631658792496, 1.52387571335, 1.81957435608, 4.55800962448, 5.63922548294, 4.56940555573, 5.66428470612, 9.84076881409, 18.6964492798, 19.3258285522, 17.1383056641, 14.4208526611, 17.8416023254, 22.1972045898, 23.0733070374, 22.4817886353, 18.1680793762, 17.007976532, 20.2208042145, 22.0504989624, 21.4137210846, 17.1879615784, 14.8355045319, 13.8739337921, 15.2413806915, 17.1492652893, 14.3576154709, 14.272649765, 12.5047702789, 11.6223125458, 10.3072910309, 8.45585727692, 6.38448047638, 4.9290266037, 2.97078800201, 1.62715983391, 0.669034063816, 0.144817769527, 0.00848261266947, 0.000237789339735],
        "min": [1.92353672184e-22, 2.65979905772e-21, 9.21890126972e-21, 4.23612956491e-20, 7.76000880103e-20, 9.4070882518e-20, 2.42046592316e-19, 2.37474015438e-19, 3.41550733139e-19, 4.42189300474e-19, 7.28258651784e-19, 2.79527283244e-18, 2.43152987744e-18, 1.47596256201e-18, 1.24293854562e-18, 3.25729022088e-18, 2.89271801732e-18, 3.22018103744e-18, 3.99039041249e-18, 6.67251982638e-18, 8.7375129463e-18, 7.41706137343e-18, 9.76922885456e-18, 1.18004709375e-17, 1.77882063987e-17, 1.12335461611e-17, 1.62028171474e-17, 1.49379570748e-17, 1.79281206906e-17, 1.55467156835e-17, 1.6834836075e-17, 1.82131340424e-17, 1.19178271869e-17, 8.70069927314e-18, 1.02376587539e-17, 5.80199991281e-18, 3.61532232093e-18, 1.17594942711e-18, 3.12935298727e-19, 3.45087828524e-20],
        "var": [2.57798695564, 28.8942050934, 104.197624207, 327.970245361, 466.896331787, 290.134155273, 570.355773926, 1189.51806641, 2510.9140625, 2521.68066406, 3340.50732422, 2044.67663574, 4302.01953125, 4435.93945312, 1959.82641602, 2339.57543945, 1539.06652832, 1756.08374023, 1337.46936035, 633.649719238, 525.789855957, 427.36541748, 352.133880615, 370.439208984, 399.071777344, 340.028656006, 236.640167236, 180.325408936, 168.659942627, 141.558486938, 138.171661377, 76.9926223755, 63.5747528076, 34.6194572449, 11.1386890411, 3.02798295021, 0.793293237686, 0.0549850352108, 0.000195012922632, 5.83066750437e-08]
    },
    "gfcc": {
        "mean": [70.8165130615, 29.4678707123, -91.839805603, 16.607749939, -57.4428329468, 18.7416324615, -34.8079185486, 15.3187894821, -21.8245353699, 14.4917440414, -17.0842342377, 9.14316749573, -13.9084644318],
        "cov": [[4835.86474609, 1029.33117676, 1167.32446289, 905.536865234, 497.997161865, 268.751983643, 14.9000139236, -97.393371582, -284.317169189, -189.982955933, -165.961410522, -41.8033447266, -25.3137111664], [1029.33117676, 992.47442627, 755.036315918, 528.224975586, 321.27746582, 116.180076599, 60.1048583984, -32.9458770752, -45.0902748108, -66.279548645, -54.6838035583, -60.6226005554, -20.7280445099], [1167.32446289, 755.036315918, 974.202514648, 699.886657715, 465.798797607, 213.786697388, 122.024200439, -3.01980543137, -54.3028373718, -68.3218460083, -27.9793739319, -25.8795661926, -9.08707427979], [905.536865234, 528.224975586, 699.886657715, 677.21270752, 445.344207764, 238.424118042, 122.812965393, 31.0671901703, -19.7164402008, -28.7512779236, -5.44166755676, -24.7679481506, -34.9736022949], [497.997161865, 321.27746582, 465.798797607, 445.344207764, 397.24987793, 220.318954468, 112.82610321, 16.0485496521, -23.0859222412, -27.770734787, -0.06502635777, -8.49170684814, -20.1694068909], [268.751983643, 116.180076599, 213.786697388, 238.424118042, 220.318954468, 204.916275024, 133.364654541, 58.1902008057, 5.46783161163, -17.0793819427, -12.1417665482, -5.72991609573, -7.47505426407], [14.9000139236, 60.1048583984, 122.024200439, 122.812965393, 112.82610321, 133.364654541, 156.317367554, 105.442474365, 53.1360359192, 2.40242123604, -12.5538730621, -11.6281881332, -1.53182816505], [-97.393371582, -32.9458770752, -3.01980543137, 31.0671901703, 16.0485496521, 58.1902008057, 105.442474365, 138.996109009, 97.1248397827, 32.4733314514, -6.96864891052, -12.6547012329, -12.3430557251], [-284.317169189, -45.0902748108, -54.3028373718, -19.7164402008, -23.0859222412, 5.46783161163, 53.1360359192, 97.1248397827, 129.078720093, 79.588760376, 25.5542564392, -7.93538951874, -11.8881530762], [-189.982955933, -66.279548645, -68.3218460083, -28.7512779236, -27.770734787, -17.0793819427, 2.40242123604, 32.4733314514, 79.588760376, 117.802810669, 72.1218414307, 6.45324230194, -13.4285964966], [-165.961410522, -54.6838035583, -27.9793739319, -5.44166755676, -0.06502635777, -12.1417665482, -12.5538730621, -6.96864891052, 25.5542564392, 72.1218414307, 119.051048279, 70.8662567139, -1.2246260643], [-41.8033447266, -60.6226005554, -25.8795661926, -24.7679481506, -8.49170684814, -5.72991609573, -11.6281881332, -12.6547012329, -7.93538951874, 6.45324230194, 70.8662567139, 121.113426208, 53.7786064148], [-25.3137111664, -20.7280445099, -9.08707427979, -34.9736022949, -20.1694068909, -7.47505426407, -1.53182816505, -12.3430557251, -11.8881530762, -13.4285964966, -1.2246260643, 53.7786064148, 104.487670898]],
        "icov": [[0.000447278580396, -0.000178242800757, -0.000405243539717, -0.00028680198011, 0.000607685884461, -0.000853288453072, 0.00107994966675, -0.00112098723184, 0.00175592326559, -0.00124472135212, 0.00124712090474, -0.000792200269643, 0.000343594234437], [-0.000178242800757, 0.00284131430089, -0.00186740374193, -0.000474995787954, 0.000196705223061, 0.00122158683371, -0.00123003893532, 0.00236666831188, -0.00220528640784, 0.00114937603939, 1.72853197e-05, 0.00082308310084, 5.93615222897e-05], [-0.000405243539717, -0.00186740374193, 0.00707874307409, -0.00465894863009, -0.00239277910441, 0.00484892865643, -0.00505162077025, 0.00244796811603, -0.00061464717146, 0.00167498411611, -0.000988852116279, 0.00037596092443, -0.00137205375358], [-0.00028680198011, -0.000474995787954, -0.00465894863009, 0.0116686057299, -0.00606608903036, -0.00381562183611, 0.0054980176501, -0.00491775153205, 0.00025702099083, -0.000315107085044, -0.00192237005103, 0.00131866917945, 0.000680036551785], [0.000607685884461, 0.000196705223061, -0.00239277910441, -0.00606608903036, 0.0173972398043, -0.012617610395, 0.00242742244154, 0.00358194415458, -0.000596792146098, 0.000307675567456, -0.000492341991048, -0.000451698957477, 0.00106036127545], [-0.000853288453072, 0.00122158683371, 0.00484892865643, -0.00381562183611, -0.012617610395, 0.0322966948152, -0.0241179987788, 0.00573573261499, 0.00217636115849, -0.00157786509953, 0.00354021391831, -0.00273199798539, 0.000871512515005], [0.00107994966675, -0.00123003893532, -0.00505162077025, 0.0054980176501, 0.00242742244154, -0.0241179987788, 0.0411347821355, -0.0258010365069, 0.00407372135669, 0.00227379961871, -0.00481450604275, 0.0048619126901, -0.00408616196364], [-0.00112098723184, 0.00236666831188, 0.00244796811603, -0.00491775153205, 0.00358194415458, 0.00573573261499, -0.0258010365069, 0.0425307676196, -0.0270784180611, 0.00652880221605, 0.00437693297863, -0.00377181614749, 0.0042632240802], [0.00175592326559, -0.00220528640784, -0.00061464717146, 0.00025702099083, -0.000596792146098, 0.00217636115849, 0.00407372135669, -0.0270784180611, 0.042744114995, -0.0254695955664, 0.0095421904698, -0.00488447165117, 0.00113770284224], [-0.00124472135212, 0.00114937603939, 0.00167498411611, -0.000315107085044, 0.000307675567456, -0.00157786509953, 0.00227379961871, 0.00652880221605, -0.0254695955664, 0.0394952483475, -0.0293518602848, 0.0175702422857, -0.00649141985923], [0.00124712090474, 1.72853197e-05, -0.000988852116279, -0.00192237005103, -0.000492341991048, 0.00354021391831, -0.00481450604275, 0.00437693297863, 0.0095421904698, -0.0293518602848, 0.0427542887628, -0.0284842718393, 0.012655842118], [-0.000792200269643, 0.00082308310084, 0.00037596092443, 0.00131866917945, -0.000451698957477, -0.00273199798539, 0.0048619126901, -0.00377181614749, -0.00488447165117, 0.0175702422857, -0.0284842718393, 0.0305315442383, -0.0145572032779], [0.000343594234437, 5.93615222897e-05, -0.00137205375358, 0.000680036551785, 0.00106036127545, 0.000871512515005, -0.00408616196364, 0.0042632240802, 0.00113770284224, -0.00649141985923, 0.012655842118, -0.0145572032779, 0.0174204874784]]
    },
    "melbands": {
        "dmean": [0.00367619888857, 0.00202653137967, 0.00144756445661, 0.000578167033382, 0.000365239422536, 0.0003582816571, 0.000367262022337, 0.000264488480752, 0.000200089474674, 0.00012218633492, 0.00013648730237, 0.000113509842777, 8.63060340635e-05, 7.3368937592e-05, 4.86145218019e-05, 4.9896640121e-05, 4.96005850437e-05, 3.93018381146e-05, 2.60845754383e-05, 2.04059779207e-05, 1.75514323928e-05, 1.67515154317e-05, 1.29310037664e-05, 1.09602033262e-05, 9.87357725535e-06, 8.5381043391e-06, 7.68416521169e-06, 8.05097533885e-06, 6.85293161951e-06, 5.69361782254e-06, 4.97682867717e-06, 4.59996590507e-06, 3.80294818569e-06, 4.11522933064e-06, 3.9184101297e-06, 3.15322040478e-06, 3.3283281482e-06, 3.62667037734e-06, 3.36110497301e-06, 3.0042160688e-06],
        "dmean2": [0.00547310709953, 0.00324464845471, 0.00250732898712, 0.000958880642429, 0.000612525385804, 0.000593282398768, 0.00060112553183, 0.00043427356286, 0.000337289791787, 0.000203738498385, 0.000224818315473, 0.000185864962987, 0.000140914868098, 0.000122581870528, 8.06219031801e-05, 8.55164616951e-05, 8.73862736626e-05, 6.86535422574e-05, 4.30791733379e-05, 3.34462529281e-05, 2.86754784611e-05, 2.89581275865e-05, 2.16258322325e-05, 1.87593050214e-05, 1.66113059095e-05, 1.40326465043e-05, 1.26272607304e-05, 1.33465564431e-05, 1.13877777039e-05, 9.39979781833e-06, 8.03883449407e-06, 7.59890190238e-06, 6.00554085395e-06, 6.69730025038e-06, 6.26957580607e-06, 5.12805081598e-06, 5.4369670579e-06, 5.95520396018e-06, 5.41545114174e-06, 4.76419700135e-06],
        "dvar": [6.13012525719e-05, 1.82233379746e-05, 1.13790320029e-05, 1.5876486259e-06, 5.99708812388e-07, 4.24958813028e-07, 4.03811611704e-07, 2.18927283413e-07, 1.32709061518e-07, 6.55884164757e-08, 6.59610606135e-08, 5.30773860419e-08, 2.0906004039e-08, 1.37749358586e-08, 5.15137843493e-09, 8.29140933689e-09, 8.42174774363e-09, 3.94238819368e-09, 1.21324728042e-09, 6.97118862636e-10, 6.02770167113e-10, 5.61988622305e-10, 3.37111449866e-10, 2.05469988246e-10, 2.38891767479e-10, 1.83990003788e-10, 1.02402350488e-10, 9.14461978363e-11, 7.21939175108e-11, 4.72496590465e-11, 3.27411639467e-11, 3.20531517994e-11, 1.76599568302e-11, 2.46111794139e-11, 2.36133404496e-11, 1.52808061343e-11, 1.8169339297e-11, 2.63430961073e-11, 2.52864361394e-11, 1.73513408502e-11],
        "dvar2": [0.000114733418741, 4.4305845222e-05, 3.16423429467e-05, 4.1592843445e-06, 1.61517311881e-06, 1.09610027721e-06, 1.00782165191e-06, 5.76720424306e-07, 3.61413299288e-07, 1.58525622851e-07, 1.55532575263e-07, 1.28212434447e-07, 5.14087936665e-08, 3.36840528803e-08, 1.2677735306e-08, 2.10590016536e-08, 2.2606508665e-08, 1.0616169277e-08, 2.9458675499e-09, 1.72427139233e-09, 1.5119393515e-09, 1.57431978565e-09, 8.59689597288e-10, 5.42087152944e-10, 6.49370945904e-10, 4.60898902377e-10, 2.53462584254e-10, 2.4416454969e-10, 1.95466504094e-10, 1.21811408182e-10, 8.45149575324e-11, 8.66124741372e-11, 4.20227810882e-11, 6.56382517783e-11, 6.14638825946e-11, 4.06107439344e-11, 4.79101099071e-11, 6.95940596818e-11, 6.61307675287e-11, 4.31677332768e-11],
        "max": [0.0695233419538, 0.0392488613725, 0.0317268110812, 0.0174360387027, 0.0125811686739, 0.00903464015573, 0.0105651495978, 0.0101782092825, 0.00574336526915, 0.00464261975139, 0.00367005961016, 0.00448989961296, 0.00255286856554, 0.00272091757506, 0.00114728405606, 0.00260171270929, 0.0016854160931, 0.000666709092911, 0.000612480856944, 0.000300293642795, 0.000468973448733, 0.000270330288913, 0.00035483733518, 0.000179708426003, 0.000197387009393, 0.000190606442629, 0.000139435069286, 0.000127389270347, 0.000107413376099, 8.17320251372e-05, 8.00735215307e-05, 6.09303242527e-05, 5.29416101926e-05, 5.22407499375e-05, 7.02854667907e-05, 5.74619407416e-05, 5.10917489009e-05, 6.30088616163e-05, 4.60255760117e-05, 3.60823978554e-05],
        "mean": [0.00706286355853, 0.00355288316496, 0.00197754264809, 0.000843871966936, 0.000514274695888, 0.000519157212693, 0.000562278321013, 0.000376547424821, 0.000267876021098, 0.000170639978023, 0.000187929661479, 0.000158921655384, 0.000123115445604, 0.000105936778709, 6.9241032179e-05, 6.25482643954e-05, 5.47222225578e-05, 5.05961688759e-05, 4.27069389843e-05, 3.39322032232e-05, 3.11546427838e-05, 2.34475464822e-05, 2.00851518457e-05, 1.61913994816e-05, 1.49871639223e-05, 1.49875204443e-05, 1.41524960782e-05, 1.47536129589e-05, 1.16586334116e-05, 9.99896292342e-06, 1.00946008388e-05, 8.96949950402e-06, 8.02906652098e-06, 8.51269578561e-06, 8.08024469734e-06, 6.46859098197e-06, 6.43528665023e-06, 6.2137214627e-06, 5.53660083824e-06, 5.39920893061e-06],
        "median": [0.00444029876962, 0.00127516081557, 0.000991495093331, 0.000341718201526, 0.000195382977836, 0.000233647384448, 0.000297735270578, 0.00020417853375, 0.000126977698528, 8.36594699649e-05, 8.41151631903e-05, 8.2971448137e-05, 7.48539096094e-05, 6.54579926049e-05, 4.55013505416e-05, 3.45591106452e-05, 2.78877814708e-05, 2.98851500702e-05, 3.08305643557e-05, 2.44993971137e-05, 2.38556549448e-05, 1.68644019141e-05, 1.47103255586e-05, 1.10533410407e-05, 1.04077807919e-05, 1.05997878563e-05, 1.0342700989e-05, 1.12986044769e-05, 8.97792233445e-06, 7.83676659921e-06, 8.17622276372e-06, 7.02850456946e-06, 6.14733880866e-06, 6.59088800603e-06, 6.03446414971e-06, 5.19628065376e-06, 5.04077706864e-06, 4.59745933767e-06, 4.05204536946e-06, 4.14626993006e-06],
        "min": [2.44023905281e-24, 4.58841339952e-24, 1.1886317095e-23, 5.70826811323e-24, 7.28881286242e-24, 5.64219312381e-24, 5.59513402094e-24, 5.0127878288e-24, 5.35317618181e-24, 1.87004747173e-23, 1.13274343872e-23, 6.31904879669e-24, 3.45783412181e-24, 6.77836700306e-24, 7.04062223328e-24, 6.64703033981e-24, 6.01585207992e-24, 6.38128440009e-24, 7.90431132853e-24, 6.63258077461e-24, 1.04577160281e-23, 6.89244496743e-24, 8.12934652352e-24, 8.92392193714e-24, 9.38055328326e-24, 1.12732136106e-23, 8.55734852967e-24, 7.76732721006e-24, 9.634321159e-24, 1.14531969593e-23, 7.60021728248e-24, 1.20314588241e-23, 6.7428950836e-24, 8.43917558835e-24, 9.27256138078e-24, 1.01009663055e-23, 1.11540687927e-23, 8.45596175955e-24, 6.29351691907e-24, 7.76637821039e-24],
        "var": [0.000123143312521, 2.73870718956e-05, 9.36388187256e-06, 1.76655134965e-06, 6.14007433342e-07, 5.65789491702e-07, 5.90375975662e-07, 2.83813193391e-07, 1.93599291265e-07, 8.85715536469e-08, 1.05814088158e-07, 7.34439993266e-08, 2.65005191125e-08, 1.83225719042e-08, 6.36276142885e-09, 9.49996614708e-09, 7.35755234516e-09, 4.02792110776e-09, 1.87201831814e-09, 1.14733678114e-09, 9.20448606223e-10, 5.64997548747e-10, 4.33872326955e-10, 2.74280348433e-10, 2.89427815048e-10, 2.83333884132e-10, 1.91896915025e-10, 1.73228542621e-10, 1.03562991516e-10, 7.66803703867e-11, 7.00340618831e-11, 6.04680958083e-11, 4.79367795458e-11, 5.0601214191e-11, 5.63155008737e-11, 3.10509881696e-11, 3.28075414058e-11, 3.49802582733e-11, 3.03777315802e-11, 2.38207856218e-11]
    },
    "mfcc": {
        "mean": [-586.456298828, 80.1323547363, 14.4371776581, 7.42052650452, 1.9709430933, 4.82665729523, 0.820653736591, 1.62721312046, 3.11498808861, 3.66350507736, 1.33789563179, 4.42749547958, 6.08366060257],
        "cov": [[4200.86572266, 647.946777344, 773.254211426, 685.992736816, 502.603210449, 365.285217285, 307.115844727, 134.339889526, 2.49198818207, -69.6576309204, -152.010360718, -213.308807373, -119.030532837], [647.946777344, 629.97442627, 400.702697754, 321.697113037, 206.751190186, 141.64364624, 93.7837753296, 42.3595924377, 32.5009803772, 3.7161257267, -26.4484710693, -63.6922721863, -49.1763801575], [773.254211426, 400.702697754, 572.801513672, 467.625213623, 315.903656006, 220.391876221, 183.61151123, 115.189476013, 59.6814308167, 24.5358009338, 1.95954191685, -25.0006198883, -18.6595745087], [685.992736816, 321.697113037, 467.625213623, 519.680603027, 371.345001221, 253.703903198, 194.513870239, 121.719184875, 44.6994514465, 31.7383117676, 37.6225662231, -11.0791215897, -4.57051420212], [502.603210449, 206.751190186, 315.903656006, 371.345001221, 348.020874023, 245.303451538, 178.9581604, 106.157287598, 23.4410705566, 9.36929130554, 22.9464302063, -5.98745059967, -5.02536296844], [365.285217285, 141.64364624, 220.391876221, 253.703903198, 245.303451538, 241.428833008, 174.733062744, 95.8190307617, 36.0089225769, 19.3000183105, 8.4076757431, -3.48578095436, -0.741241931915], [307.115844727, 93.7837753296, 183.61151123, 194.513870239, 178.9581604, 174.733062744, 190.031906128, 116.078826904, 45.7595291138, 24.2587547302, 12.077293396, -3.39615821838, -8.26566982269], [134.339889526, 42.3595924377, 115.189476013, 121.719184875, 106.157287598, 95.8190307617, 116.078826904, 173.56791687, 87.7637252808, 16.1028270721, 19.4988822937, 21.0386867523, 13.8981580734], [2.49198818207, 32.5009803772, 59.6814308167, 44.6994514465, 23.4410705566, 36.0089225769, 45.7595291138, 87.7637252808, 155.717910767, 86.3986129761, 15.8941993713, -2.53296780586, -12.6460599899], [-69.6576309204, 3.7161257267, 24.5358009338, 31.7383117676, 9.36929130554, 19.3000183105, 24.2587547302, 16.1028270721, 86.3986129761, 148.231704712, 82.2226409912, 6.81596946716, -15.6626930237], [-152.010360718, -26.4484710693, 1.95954191685, 37.6225662231, 22.9464302063, 8.4076757431, 12.077293396, 19.4988822937, 15.8941993713, 82.2226409912, 149.427627563, 72.9157791138, 16.7075977325], [-213.308807373, -63.6922721863, -25.0006198883, -11.0791215897, -5.98745059967, -3.48578095436, -3.39615821838, 21.0386867523, -2.53296780586, 6.81596946716, 72.9157791138, 134.219161987, 66.3626708984], [-119.030532837, -49.1763801575, -18.6595745087, -4.57051420212, -5.02536296844, -0.741241931915, -8.26566982269, 13.8981580734, -12.6460599899, -15.6626930237, 16.7075977325, 66.3626708984, 119.181243896]],
