{
"lowlevel": {
    "average_loudness": 0.92994260788,
    "barkbands_crest": {
        "dmean": 2.9651081562,
        "dmean2": 4.54911661148,
        "dvar": 8.31878566742,
        "dvar2": 20.3560695648,
        "max": 26.5182209015,
        "mean": 13.0034713745,
        "median": 12.5253067017,
        "min": 2.14978861809,
        "var": 31.2461662292
    },
    "barkbands_flatness_db": {
        "dmean": 0.0332869179547,
        "dmean2": 0.0490578450263,
        "dvar": 0.00143620406743,
        "dvar2": 0.0030800011009,
        "max": 0.785973370075,
        "mean": 0.160164609551,
        "median": 0.141489177942,
        "min": 0.0122182704508,
        "var": 0.00976571440697
    },
    "barkbands_kurtosis": {
        "dmean": 7.61018133163,
        "dmean2": 11.8365468979,
        "dvar": 890.584594727,
        "dvar2": 2094.75097656,
        "max": 1174.39306641,
        "mean": 10.749915123,
        "median": 3.68954896927,
        "min": -1.86375570297,
        "var": 1478.63427734
    },
    "barkbands_skewness": {
        "dmean": 0.85102468729,
        "dmean2": 1.32127213478,
        "dvar": 1.30943715572,
        "dvar2": 3.03434634209,
        "max": 28.1266555786,
        "mean": 2.22276759148,
        "median": 1.93710029125,
        "min": -2.96001577377,
        "var": 4.16002988815
    },
    "barkbands_spread": {
        "dmean": 9.75397205353,
        "dmean2": 15.3917388916,
        "dvar": 150.14414978,
        "dvar2": 353.910095215,
        "max": 107.742881775,
        "mean": 27.4238243103,
        "median": 23.1118049622,
        "min": 0.0795290321112,
        "var": 403.633148193
    },
    "dissonance": {
        "dmean": 0.0178583990782,
        "dmean2": 0.0297954976559,
        "dvar": 0.000401070923544,
        "dvar2": 0.00105461513158,
        "max": 0.500000238419,
        "mean": 0.469911307096,
        "median": 0.476663053036,
        "min": 0.201102823019,
        "var": 0.000732743588742
    },
    "dynamic_complexity": 3.21985149384,
    "erbbands_crest": {
        "dmean": 2.55774497986,
        "dmean2": 4.14464426041,
        "dvar": 6.27692890167,
        "dvar2": 15.0108203888,
        "max": 30.2030410767,
        "mean": 7.84253454208,
        "median": 6.72801017761,
        "min": 2.22656083107,
        "var": 18.1866092682
    },
    "erbbands_flatness_db": {
        "dmean": 0.0161260198802,
        "dmean2": 0.0242867060006,
        "dvar": 0.000333250558469,
        "dvar2": 0.000684872386046,
        "max": 0.591386675835,
        "mean": 0.138274863362,
        "median": 0.10861813277,
        "min": 0.0501599162817,
        "var": 0.00583193870261
    },
    "erbbands_kurtosis": {
        "dmean": 1.1736177206,
        "dmean2": 1.86616683006,
        "dvar": 9.13178253174,
        "dvar2": 22.1142082214,
        "max": 124.401489258,
        "mean": 0.618787527084,
        "median": -0.419388413429,
        "min": -1.89168095589,
        "var": 15.980638504
    },
    "erbbands_skewness": {
        "dmean": 0.442894399166,
        "dmean2": 0.681902110577,
        "dvar": 0.226925715804,
        "dvar2": 0.528828978539,
        "max": 8.11315917969,
        "mean": 0.382530808449,
        "median": 0.314597040415,
        "min": -3.89988040924,
        "var": 0.635560750961
    },
    "erbbands_spread": {
        "dmean": 12.2438468933,
        "dmean2": 18.8510379791,
        "dvar": 185.301681519,
        "dvar2": 427.912200928,
        "max": 211.780960083,
        "mean": 54.7795791626,
        "median": 53.9776229858,
        "min": 0.530964255333,
        "var": 876.887939453
    },
    "hfc": {
        "dmean": 16.52693367,
        "dmean2": 26.8758621216,
        "dvar": 838.16418457,
        "dvar2": 2164.04833984,
        "max": 235.322723389,
        "mean": 29.6794872284,
        "median": 20.9929656982,
        "min": 1.21097494672e-16,
        "var": 1043.47131348
    },
    "melbands_crest": {
        "dmean": 3.92890071869,
        "dmean2": 6.41153669357,
        "dvar": 14.4440736771,
        "dvar2": 39.150592804,
        "max": 34.756477356,
        "mean": 18.8686237335,
        "median": 18.8036651611,
        "min": 1.01817810535,
        "var": 49.8538093567
    },
    "melbands_flatness_db": {
        "dmean": 0.0415319949389,
        "dmean2": 0.0627852529287,
        "dvar": 0.00239765830338,
        "dvar2": 0.00542765762657,
        "max": 0.963388621807,
        "mean": 0.234374329448,
        "median": 0.217922210693,
        "min": 1.67829307429e-06,
        "var": 0.0146337272599
    },
    "melbands_kurtosis": {
        "dmean": 18.5457038879,
        "dmean2": 29.2144908905,
        "dvar": 1477.91113281,
        "dvar2": 3436.80419922,
        "max": 833.397033691,
        "mean": 33.3876419067,
        "median": 15.6571493149,
        "min": -1.5956941843,
        "var": 3289.18383789
    },
    "melbands_skewness": {
        "dmean": 1.20741701126,
        "dmean2": 1.8975673914,
        "dvar": 2.27013993263,
        "dvar2": 5.51231718063,
        "max": 23.4359989166,
        "mean": 3.96568226814,
        "median": 3.31533098221,
        "min": -3.37595677376,
        "var": 7.91561412811
    },
    "melbands_spread": {
        "dmean": 9.88693523407,
        "dmean2": 16.4359836578,
        "dvar": 211.134765625,
        "dvar2": 548.457641602,
        "max": 176.942932129,
        "mean": 21.5916633606,
        "median": 14.6988487244,
        "min": 0.170542642474,
        "var": 519.08984375
    },
    "pitch_salience": {
        "dmean": 0.0914241671562,
        "dmean2": 0.148703947663,
        "dvar": 0.0100562237203,
        "dvar2": 0.0258485302329,
        "max": 0.99599313736,
        "mean": 0.485857605934,
        "median": 0.49614584446,
        "min": 0.0478583052754,
        "var": 0.0270377844572
    },
    "silence_rate_20dB": {
        "dmean": 0,
        "dmean2": 0,
        "dvar": 0,
        "dvar2": 0,
        "max": 1,
        "mean": 1,
        "median": 1,
        "min": 1,
        "var": 0
    },
    "silence_rate_30dB": {
        "dmean": 0.0538763403893,
        "dmean2": 0.107764109969,
        "dvar": 0.0509707778692,
        "dvar2": 0.11905567348,
        "max": 1,
        "mean": 0.943902432919,
        "median": 1,
        "min": 0,
        "var": 0.0529480502009
    },
    "silence_rate_60dB": {
        "dmean": 0.00848446320742,
        "dmean2": 0.0169707257301,
        "dvar": 0.0084125706926,
        "dvar2": 0.0200774334371,
        "max": 1,
        "mean": 0.0536585375667,
        "median": 0,
        "min": 0,
        "var": 0.0507785603404
    },
    "spectral_centroid": {
        "dmean": 404.987548828,
        "dmean2": 639.012329102,
        "dvar": 235298.640625,
        "dvar2": 576844.0625,
        "max": 11622.7988281,
        "mean": 1449.62084961,
        "median": 1338.10095215,
        "min": 82.6253814697,
        "var": 676117.3125
    },
    "spectral_complexity": {
        "dmean": 6.28635072708,
        "dmean2": 9.75880336761,
        "dvar": 55.2666969299,
        "dvar2": 120.651237488,
        "max": 59,
        "mean": 18.7750797272,
        "median": 16,
        "min": 0,
        "var": 142.390411377
    },
    "spectral_decrease": {
        "dmean": 2.58534971209e-09,
        "dmean2": 3.82440568103e-09,
        "dvar": 1.47187111991e-17,
        "dvar2": 2.86156945602e-17,
        "max": 1.39378888037e-28,
        "mean": -9.60711155074e-09,
        "median": -8.15519030084e-09,
        "min": -4.60664608681e-08,
        "var": 6.11470834692e-17
    },
    "spectral_energy": {
        "dmean": 0.0103651983663,
        "dmean2": 0.015252458863,
        "dvar": 0.000222010916332,
        "dvar2": 0.000424932251917,
        "max": 0.177453428507,
        "mean": 0.0389515273273,
        "median": 0.0337065421045,
        "min": 1.06232988535e-20,
        "var": 0.000939561054111
    },
    "spectral_energyband_high": {
        "dmean": 0.00154685589951,
        "dmean2": 0.00256092194468,
        "dvar": 8.39234871819e-06,
        "dvar2": 2.1841866328e-05,
        "max": 0.0250911805779,
        "mean": 0.00237003737129,
        "median": 0.00129819870926,
        "min": 7.48004402971e-21,
        "var": 1.00480147012e-05
    },
    "spectral_energyband_low": {
        "dmean": 0.00884677190334,
        "dmean2": 0.0137148480862,
        "dvar": 0.000231297672144,
        "dvar2": 0.000513129343744,
        "max": 0.163314625621,
        "mean": 0.0245565641671,
        "median": 0.017905421555,
        "min": 1.9493955192e-23,
        "var": 0.000722006952856
    },
    "spectral_energyband_middle_high": {
        "dmean": 0.00221936381422,
        "dmean2": 0.00377462524921,
        "dvar": 1.37990982694e-05,
        "dvar2": 3.70113630197e-05,
        "max": 0.033489253372,
        "mean": 0.00358058558777,
        "median": 0.00239597004838,
        "min": 1.28968766607e-21,
        "var": 1.55777070177e-05
    },
    "spectral_energyband_middle_low": {
        "dmean": 0.0063456306234,
        "dmean2": 0.0110097490251,
        "dvar": 0.000212123966776,
        "dvar2": 0.000585564295761,
        "max": 0.132905289531,
        "mean": 0.00970677658916,
        "median": 0.00643257796764,
        "min": 2.06215447658e-22,
        "var": 0.000169248334714
    },
    "spectral_entropy": {
        "dmean": 0.205667287111,
        "dmean2": 0.308402180672,
        "dvar": 0.0672478675842,
        "dvar2": 0.14429718256,
        "max": 9.79908275604,
        "mean": 7.80305767059,
        "median": 8.02436256409,
        "min": 2.99589180946,
        "var": 0.510566413403
    },
    "spectral_flux": {
        "dmean": 0.0336602479219,
        "dmean2": 0.0468548685312,
        "dvar": 0.00182369549293,
        "dvar2": 0.00254868366756,
        "max": 0.436885863543,
        "mean": 0.0940426811576,
        "median": 0.0751223266125,
        "min": 6.92545881753e-11,
        "var": 0.00513893319294
    },
    "spectral_kurtosis": {
        "dmean": 3.49720191956,
        "dmean2": 5.91445398331,
        "dvar": 293.223144531,
        "dvar2": 842.095153809,
        "max": 818.826477051,
        "mean": 7.28322076797,
        "median": 1.7919447422,
        "min": -1.63244605064,
        "var": 653.598815918
    },
    "spectral_rms": {
        "dmean": 0.000750981387682,
        "dmean2": 0.00109729694668,
        "dvar": 7.698315585e-07,
        "dvar2": 1.45246144712e-06,
        "max": 0.0131577085704,
        "mean": 0.00564564205706,
        "median": 0.00573449488729,
        "min": 3.21934688109e-12,
        "var": 6.12819667367e-06
    },
    "spectral_rolloff": {
        "dmean": 1028.55554199,
        "dmean2": 1784.88928223,
        "dvar": 3057482.5,
        "dvar2": 7524872.5,
        "max": 19573.6816406,
        "mean": 1779.05712891,
        "median": 775.1953125,
        "min": 64.599609375,
        "var": 7718069
    },
    "spectral_skewness": {
        "dmean": 0.314547508955,
        "dmean2": 0.502607762814,
        "dvar": 0.358414053917,
        "dvar2": 0.967301726341,
        "max": 26.4034557343,
        "mean": 1.62010598183,
        "median": 1.23447680473,
        "min": -0.124989241362,
        "var": 2.14757657051
    },
    "spectral_spread": {
        "dmean": 805819.5625,
        "dmean2": 1211245.75,
        "dvar": 1.2397632553e+12,
        "dvar2": 2.4757665792e+12,
        "max": 42079204,
        "mean": 6395403,
        "median": 6864271,
        "min": 188485.734375,
        "var": 8.04453928141e+12
    },
    "spectral_strongpeak": {
        "dmean": 0.202839672565,
        "dmean2": 0.33588513732,
        "dvar": 0.112921021879,
        "dvar2": 0.279715657234,
        "max": 6.79778575897,
        "mean": 0.471644848585,
        "median": 0.33299767971,
        "min": 0,
        "var": 0.233670338988
    },
    "zerocrossingrate": {
        "dmean": 0.0154738910496,
        "dmean2": 0.0193116571754,
        "dvar": 0.000306277390337,
        "dvar2": 0.000428029132308,
        "max": 0.82421875,
        "mean": 0.0779817253351,
        "median": 0.0595703125,
        "min": 0.001953125,
        "var": 0.00775708351284
    },
    "barkbands": {
        "dmean": [0.000686276878696, 0.00719001283869, 0.00398700963706, 0.00240041548386, 0.00235309218988, 0.00151143118273, 0.00107763963751, 0.000441066018539, 0.000358560879249, 0.000602881715167, 0.000340810569469, 0.000339479040122, 0.000293552147923, 0.000189132682863, 0.000214334984776, 0.000221153139137, 0.000218646571739, 0.000263205729425, 0.000237542510149, 0.00023089874594, 0.000253695325227, 0.000297675374895, 0.000271978991805, 0.000353057141183, 0.000307242473355, 0.0001258997072, 1.49957359099e-05],
        "dmean2": [0.00109818240162, 0.0104844002053, 0.00700350757688, 0.00444840500131, 0.00425544148311, 0.00247770687565, 0.00179021060467, 0.00074321340071, 0.000625429442152, 0.00101647060364, 0.000566360831726, 0.000586339563597, 0.000498348672409, 0.000325499917381, 0.000366726017091, 0.00037825977779, 0.000372597394744, 0.000466354744276, 0.000415573857026, 0.000389367924072, 0.000429279840318, 0.000513561302796, 0.000458358961623, 0.000572871998884, 0.000497755710967, 0.000199530375539, 2.57654010056e-05],
        "dvar": [8.16896374545e-07, 0.000137351133162, 0.000158636583365, 6.64631297695e-05, 4.15681788581e-05, 8.91401759873e-06, 3.05334287987e-06, 6.85241616338e-07, 4.98239842273e-07, 1.07788764581e-06, 3.76831053472e-07, 3.51451348024e-07, 2.75130844329e-07, 1.10003171017e-07, 1.46905492215e-07, 2.25916423346e-07, 2.32881333773e-07, 4.18859798401e-07, 2.92319782602e-07, 1.63317565693e-07, 2.35370819723e-07, 4.70944968356e-07, 3.30978878083e-07, 4.5078866151e-07, 3.35293151466e-07, 5.42022107197e-08, 1.51964907324e-09],
        "dvar2": [2.05640117201e-06, 0.000277977320366, 0.000435883062892, 0.000192641731701, 0.000122667464893, 2.36848827626e-05, 7.69842426962e-06, 1.75993454832e-06, 1.34423987674e-06, 2.78422294286e-06, 9.78557068265e-07, 9.54628262662e-07, 7.2509317306e-07, 2.98840490132e-07, 3.87809620861e-07, 5.74547470933e-07, 6.15346891664e-07, 1.17382251119e-06, 8.16655131075e-07, 4.30497578918e-07, 6.32345063423e-07, 1.31881529342e-06, 8.65064805566e-07, 1.15022953651e-06, 8.69015025273e-07, 1.31715552243e-07, 4.03808986249e-09],
        "max": [0.0135672055185, 0.149080380797, 0.115348115563, 0.0860406607389, 0.0596052519977, 0.0422153584659, 0.0270429421216, 0.0149564575404, 0.0129102747887, 0.0152330575511, 0.0142971295863, 0.00736754387617, 0.00894803740084, 0.00497530587018, 0.00480996910483, 0.00984662398696, 0.00797890964895, 0.0068787029013, 0.00587976071984, 0.00419351924211, 0.00476786168292, 0.00712351733819, 0.00642431294546, 0.00918823387474, 0.00547364167869, 0.00201177201234, 0.000399561220547],
        "mean": [0.00114365923218, 0.0185588151217, 0.00374877429567, 0.0019341079751, 0.00258132442832, 0.0021891137585, 0.00164596713148, 0.000609648472164, 0.000412800727645, 0.000866031623445, 0.000484401884023, 0.000425342732342, 0.000400981953135, 0.00022290792549, 0.000242276655626, 0.000232626523939, 0.000238874883507, 0.000250594574027, 0.000254815473454, 0.000308031158056, 0.000329754373524, 0.000341622799169, 0.000314942764817, 0.000529812590685, 0.000509758014232, 0.000163856515428, 1.06278439489e-05],
        "median": [0.000736762187444, 0.0126534644514, 0.00138942571357, 0.000518343236763, 0.0010095408652, 0.000931891496293, 0.000783320632763, 0.000245646224357, 0.000187489145901, 0.000397129915655, 0.000197799527086, 0.000200715090614, 0.000165586840012, 9.86311279121e-05, 0.00010189065506, 8.21625144454e-05, 8.98528815014e-05, 7.67534802435e-05, 9.84688667813e-05, 0.000150546286022, 0.000131079359562, 0.000127897190396, 9.50867834035e-05, 0.000238485372392, 0.000258657441009, 6.5585016273e-05, 2.53945586337e-07],
        "min": [1.26921191826e-24, 2.07668106616e-24, 4.60972842118e-24, 7.43926835857e-24, 2.23587793e-23, 1.43256288418e-23, 4.48637881683e-23, 1.15930359654e-23, 3.17678357055e-23, 5.26949050377e-23, 3.1746621658e-23, 3.05919123085e-23, 3.42084482839e-23, 7.90150156376e-23, 4.70929039826e-23, 1.08330405851e-22, 1.3218473921e-22, 1.93229976743e-22, 2.15440664763e-22, 1.69969964879e-22, 3.82466525013e-22, 4.17455118867e-22, 4.65990764248e-22, 7.30877432499e-22, 1.35140471017e-21, 1.58230977498e-21, 2.06697995767e-21],
        "var": [1.94408858079e-06, 0.000505456642713, 0.000105849074316, 3.89589149563e-05, 2.80379899777e-05, 1.05708768388e-05, 5.1885317589e-06, 1.15986824767e-06, 5.13989391493e-07, 1.77033791715e-06, 7.09266601007e-07, 3.89967652836e-07, 4.37720217406e-07, 1.19650493957e-07, 1.48084239981e-07, 2.32085980656e-07, 2.23941825084e-07, 2.90500537403e-07, 2.23781327691e-07, 2.05154165656e-07, 2.5647003099e-07, 3.83168213602e-07, 3.27792150756e-07, 6.2717271021e-07, 4.90887941851e-07, 6.59962537952e-08, 1.0847901466e-09]
    },
    "erbbands": {
        "dmean": [0.29007846117, 1.49842739105, 3.98315215111, 6.81196403503, 7.90920877457, 7.54236936569, 9.47400856018, 12.5947952271, 17.9006481171, 10.4198303223, 9.99794864655, 7.97865962982, 16.5412883759, 18.070766449, 11.9433040619, 14.370549202, 13.3570165634, 9.96126651764, 10.7284049988, 10.43638134, 12.4789447784, 11.8212175369, 12.0682859421, 15.4774751663, 11.3297901154, 11.0293807983, 10.6653051376, 10.4560709, 11.4121141434, 7.72153711319, 7.55588054657, 6.52239942551, 6.59756374359, 4.21461009979, 1.90679764748, 0.668595373631, 0.202355593443, 0.042079359293, 0.00195630057715, 4.99286943523e-05],
        "dmean2": [0.384109318256, 2.17110943794, 6.56739091873, 12.329126358, 14.4399375916, 13.628911972, 15.9984750748, 20.8962497711, 28.9789028168, 17.8006458282, 16.7969837189, 13.8322029114, 28.4235916138, 29.8512382507, 20.20154953, 24.5933647156, 22.6222076416, 16.9599380493, 18.4642944336, 17.7117080688, 21.3396911621, 20.1441898346, 20.9469776154, 27.7129440308, 19.5155925751, 18.7000713348, 18.1474132538, 17.8253383636, 19.8729324341, 12.8818445206, 12.6004095078, 10.5563211441, 10.7019710541, 6.88807106018, 3.05178785324, 1.04420351982, 0.325810998678, 0.0697116479278, 0.00326586398296, 7.88489123806e-05],
        "dvar": [0.1464651227, 8.30233478546, 126.375320435, 501.55291748, 618.76776123, 393.618499756, 451.749664307, 652.672180176, 876.465148926, 347.977172852, 381.59765625, 253.593780518, 964.75970459, 1026.45019531, 468.019683838, 575.43536377, 565.307250977, 293.724334717, 383.113616943, 352.042327881, 743.789428711, 666.704833984, 663.620666504, 1911.9987793, 481.57333374, 377.057952881, 390.783050537, 473.182037354, 755.691162109, 222.857147217, 240.887954712, 156.572097778, 163.382919312, 65.4208679199, 12.0517921448, 1.38508665562, 0.166490927339, 0.00925836339593, 2.2331454602e-05, 9.28579257931e-09],
        "dvar2": [0.206098780036, 16.8118438721, 326.191741943, 1416.77319336, 1804.0333252, 1156.87976074, 1217.2755127, 1735.3671875, 2117.99414062, 926.29473877, 975.376220703, 672.369934082, 2564.44384766, 2534.24511719, 1227.96447754, 1531.9786377, 1473.97619629, 777.581787109, 1029.54162598, 916.551574707, 1873.86914062, 1762.97705078, 1810.53649902, 5466.89794922, 1301.58093262, 1001.85681152, 1047.48803711, 1310.32324219, 2138.79711914, 576.963684082, 620.577453613, 388.740112305, 422.316589355, 170.267654419, 30.7675476074, 3.32956933975, 0.415110945702, 0.0238600261509, 5.74467594561e-05, 2.32636683251e-08],
        "max": [6.62265062332, 39.2574043274, 102.364822388, 201.627670288, 245.827331543, 200.005950928, 280.474822998, 360.326171875, 501.757904053, 236.017929077, 410.011810303, 369.315246582, 437.765899658, 611.152404785, 704.94720459, 370.205688477, 432.198242188, 323.11895752, 398.547912598, 194.088928223, 614.170532227, 420.324157715, 283.229492188, 450.784057617, 218.273986816, 249.384155273, 230.778686523, 196.855529785, 283.051757812, 184.731063843, 191.465820312, 137.366409302, 228.555786133, 76.6687850952, 41.4079246521, 12.5031337738, 4.48949193954, 0.82902097702, 0.0525988414884, 0.00091115856776],
        "mean": [0.745644330978, 3.27803087234, 4.74364852905, 5.80786037445, 7.10267591476, 8.20132827759, 13.663766861, 16.8252716064, 27.908208847, 15.2311658859, 14.1091747284, 9.95222663879, 21.4751319885, 28.3432197571, 16.5102577209, 19.5378704071, 19.0111045837, 13.0161409378, 12.430480957, 11.7445678711, 13.6575098038, 13.1271209717, 12.6207790375, 14.235127449, 13.3415641785, 14.5866346359, 14.0692367554, 12.8350887299, 12.5243463516, 9.57346534729, 8.88894748688, 8.91924762726, 9.83520412445, 6.19590044022, 3.45564222336, 1.07045698166, 0.226389765739, 0.0355524457991, 0.00158346432727, 8.91829913598e-05],
        "median": [0.538465619087, 1.93108248711, 2.32271742821, 1.81214058399, 2.26400852203, 3.10093402863, 3.7781689167, 7.66644954681, 13.4421672821, 7.04148674011, 6.30782985687, 4.94810962677, 9.19997787476, 12.9577541351, 8.01211452484, 9.56934356689, 8.30017089844, 6.49201202393, 5.47473239899, 4.93839073181, 5.12143135071, 4.8673415184, 4.44555187225, 4.31174564362, 5.65207576752, 7.04026126862, 6.1667509079, 4.71405315399, 4.62941503525, 3.30944490433, 2.68095493317, 3.73241662979, 3.87924337387, 2.54354548454, 1.67204558849, 0.501739382744, 0.0742519050837, 0.00568781420588, 0.000218816843699, 6.05037348578e-05],
        "min": [8.14349316613e-23, 4.92748370795e-22, 8.38260793793e-21, 2.76043095106e-20, 4.88499653302e-20, 9.34632343476e-20, 4.45203630636e-20, 1.49767538101e-19, 5.54162361851e-19, 5.67020677678e-19, 4.37852702715e-19, 7.39291483397e-19, 1.60774287675e-18, 1.7787195584e-18, 1.86048512118e-18, 1.44334538289e-18, 2.07279798259e-18, 3.93767501923e-18, 3.63905702784e-18, 2.9753539809e-18, 6.53730929704e-18, 8.34508522882e-18, 9.32327924272e-18, 9.32050322458e-18, 1.05398857343e-17, 8.99055411313e-18, 1.40922823581e-17, 1.47960873279e-17, 1.34416725463e-17, 1.67082824043e-17, 1.3068655449e-17, 1.23532153567e-17, 1.50774875549e-17, 1.33970924743e-17, 9.85361616629e-18, 4.8220911535e-18, 2.70207790834e-18, 1.19631699194e-18, 2.5677805864e-19, 3.01953429195e-20],
        "var": [0.845711410046, 21.3108005524, 106.773841858, 315.591552734, 373.410614014, 288.949676514, 645.749938965, 680.537902832, 1482.12695312, 503.67868042, 630.074523926, 284.401275635, 1227.91516113, 2271.87353516, 662.109069824, 757.754577637, 935.234680176, 360.22958374, 384.010559082, 348.804992676, 813.652404785, 654.424316406, 544.020019531, 1206.4654541, 452.359710693, 469.852081299, 439.645782471, 445.466369629, 574.966003418, 245.122528076, 254.650985718, 199.375854492, 232.17616272, 84.7797546387, 21.7962341309, 2.2874648571, 0.165864959359, 0.00749629689381, 1.77120109583e-05, 1.05944986117e-08]
    },
    "gfcc": {
        "mean": [-23.7563381195, 80.8457489014, -92.0247268677, 34.1245231628, -58.7825164795, 24.6502990723, -31.6197013855, 14.1013259888, -23.0199127197, 10.7143230438, -7.34629154205, 3.75053262711, -3.72452020645],
        "cov": [[37407.109375, -2531.3137207, 847.294616699, 2220.6394043, -1957.5838623, 1569.66467285, -1396.93200684, 1651.85986328, -684.903015137, 1011.0579834, -595.803771973, 691.715576172, -311.614532471], [-2531.3137207, 3679.39208984, -528.752563477, -316.714691162, 582.557312012, -646.917724609, 517.728942871, -599.307312012, 372.459472656, -430.128753662, 310.655517578, -315.173950195, 216.28086853], [847.294616699, -528.752563477, 1938.29504395, 522.530883789, 240.070053101, 525.498168945, -93.3935699463, 305.314971924, -9.61940860748, 230.639541626, -43.2768707275, 184.471618652, -2.41988968849], [2220.6394043, -316.714691162, 522.530883789, 712.517944336, 18.0621242523, 194.98487854, -31.6089286804, 186.640808105, 51.7057762146, 67.5085296631, -4.96295118332, 63.6104888916, 4.62076711655], [-1957.5838623, 582.557312012, 240.070053101, 18.0621242523, 560.948730469, -67.2832107544, 193.959976196, -74.1351623535, 145.173355103, -74.9385528564, 49.4695930481, -6.9457321167, 35.1136856079], [1569.66467285, -646.917724609, 525.498168945, 194.98487854, -67.2832107544, 553.858337402, -48.4485702515, 251.681808472, -36.5335502625, 195.191741943, -7.39523410797, 97.1674118042, -21.5466537476], [-1396.93200684, 517.728942871, -93.3935699463, -31.6089286804, 193.959976196, -48.4485702515, 327.303039551, -79.9797592163, 138.551177979, -34.12449646, 100.805046082, -28.1637363434, 29.1691646576], [1651.85986328, -599.307312012, 305.314971924, 186.640808105, -74.1351623535, 251.681808472, -79.9797592163, 320.732177734, -19.1193561554, 158.065109253, -18.0043182373, 100.199401855, -9.39772033691], [-684.903015137, 372.459472656, -9.61940860748, 51.7057762146, 145.173355103, -36.5335502625, 138.551177979, -19.1193561554, 205.659515381, -21.0485973358, 86.7165222168, -9.48500728607, 36.0216369629], [1011.0579834, -430.128753662, 230.639541626, 67.5085296631, -74.9385528564, 195.191741943, -34.12449646, 158.065109253, -21.0485973358, 208.5415802, 7.85609054565, 85.6576080322, -4.2369890213], [-595.803771973, 310.655517578, -43.2768707275, -4.96295118332, 49.4695930481, -7.39523410797, 100.805046082, -18.0043182373, 86.7165222168, 7.85609054565, 144.706497192, -3.77679514885, 54.5017356873], [691.715576172, -315.173950195, 184.471618652, 63.6104888916, -6.9457321167, 97.1674118042, -28.1637363434, 100.199401855, -9.48500728607, 85.6576080322, -3.77679514885, 130.986907959, -0.559804975986], [-311.614532471, 216.28086853, -2.41988968849, 4.62076711655, 35.1136856079, -21.5466537476, 29.1691646576, -9.39772033691, 36.0216369629, -4.2369890213, 54.5017356873, -0.559804975986, 105.691261292]],
        "icov": [[0.000105191080365, -0.00026371027343, 0.000165250923601, -0.000352736242348, 0.000260162574705, -0.000194639607798, 0.000290291500278, -0.000325780652929, 0.000163743490702, -0.000325042026816, 0.000482259580167, -0.000541982881259, 0.000313395896228], [-0.00026371027343, 0.00142413889989, -0.00054979918059, 0.000999969663098, -0.000882104621269, 0.000783452298492, -0.00106231728569, 0.00132107746322, -0.000788628822193, 0.00130956992507, -0.00199276651256, 0.00226359115914, -0.00152379251085], [0.000165250923601, -0.00054979918059, 0.00130697234999, -0.00107496185228, -0.00030204912764, -0.00102482712828, 0.000927205721382, -0.000438017799752, 0.000520545640029, -0.00107671855949, 0.0010862700874, -0.00146027852315, 0.000497333006933], [-0.000352736242348, 0.000999969663098, -0.00107496185228, 0.00323294638656, -0.000591934192926, 0.000628061126918, -0.00102026830427, 0.000192502688151, -0.00146064709406, 0.00188055448234, -0.00154603365809, 0.00196333182976, -0.00124798936304], [0.000260162574705, -0.000882104621269, -0.00030204912764, -0.000591934192926, 0.00384997320361, -0.000203602845431, -0.000648067099974, -0.000869052717462, -0.00085193203995, 0.000273184792604, 0.00209273491055, -0.00208037416451, 0.000583236338571], [-0.000194639607798, 0.000783452298492, -0.00102482712828, 0.000628061126918, -0.000203602845431, 0.00420225737616, -0.00120731629431, -0.00085271865828, 8.5831823526e-05, -0.000720693264157, -0.00161733513232, 0.00174562772736, -0.000261178909568], [0.000290291500278, -0.00106231728569, 0.000927205721382, -0.00102026830427, -0.000648067099974, -0.00120731629431, 0.00660516042262, -4.9096539442e-05, -0.00135684548877, -0.00170927087311, -0.000590485229623, -0.00156969891395, 0.00192757148761], [-0.000325780652929, 0.00132107746322, -0.000438017799752, 0.000192502688151, -0.000869052717462, -0.00085271865828, -4.9096539442e-05, 0.00842029415071, -0.00155450240709, -0.00146544980817, -0.00132493139245, 0.000357729411917, -0.00164902198594], [0.000163743490702, -0.000788628822193, 0.000520545640029, -0.00146064709406, -0.00085193203995, 8.5831823526e-05, -0.00135684548877, -0.00155450240709, 0.00939715001732, -0.000455272471299, -0.00238248496316, -0.00108494923916, 0.000710983818863], [-0.000325042026816, 0.00130956992507, -0.00107671855949, 0.00188055448234, 0.000273184792604, -0.000720693264157, -0.00170927087311, -0.00146544980817, -0.000455272471299, 0.0117467371747, -0.00345444912091, -0.00104631204158, -0.00123940827325], [0.000482259580167, -0.00199276651256, 0.0010862700874, -0.00154603365809, 0.00209273491055, -0.00161733513232, -0.000590485229623, -0.00132493139245, -0.00238248496316, -0.00345444912091, 0.0154345389456, -0.00340334163047, -0.00269123632461], [-0.000541982881259, 0.00226359115914, -0.00146027852315, 0.00196333182976, -0.00208037416451, 0.00174562772736, -0.00156969891395, 0.000357729411917, -0.00108494923916, -0.00104631204158, -0.00340334163047, 0.0155258104205, -0.00267220241949], [0.000313395896228, -0.00152379251085, 0.000497333006933, -0.00124798936304, 0.000583236338571, -0.000261178909568, 0.00192757148761, -0.00164902198594, 0.000710983818863, -0.00123940827325, -0.00269123632461, -0.00267220241949, 0.0137256877497]]
    },
    "melbands": {
        "dmean": [0.00217157509178, 0.00181289517786, 0.00117419206072, 0.000550044467673, 0.000321975676343, 0.000293851218885, 0.000265160342678, 0.000105076462205, 7.92329083197e-05, 5.16035106557e-05, 8.33470767247e-05, 7.47928352212e-05, 4.04619495384e-05, 3.96196410293e-05, 3.27294583258e-05, 2.76885639323e-05, 1.86052438949e-05, 1.70875337062e-05, 1.60195886565e-05, 1.45534922922e-05, 1.51592630573e-05, 1.28643605422e-05, 1.09910151878e-05, 1.23624358821e-05, 1.30468315547e-05, 8.15835119283e-06, 8.35986065795e-06, 7.28431541575e-06, 6.85690292812e-06, 6.48018567517e-06, 6.44026158625e-06, 7.07755134499e-06, 4.97160408486e-06, 4.45765226686e-06, 4.49659501101e-06, 4.43659064331e-06, 4.09142148783e-06, 4.63690093966e-06, 5.09734218213e-06, 3.24860457113e-06],
        "dmean2": [0.00303343916312, 0.002750730142, 0.00209761364385, 0.00100690813269, 0.000552785873879, 0.000483530078782, 0.000431011168985, 0.000179709444637, 0.000133562774863, 8.94939003047e-05, 0.000143354132888, 0.000123871097458, 6.8085748353e-05, 6.77713251207e-05, 5.58020110475e-05, 4.69053484267e-05, 3.18902348226e-05, 2.96069956676e-05, 2.74507547147e-05, 2.50253706326e-05, 2.60489650827e-05, 2.19957128138e-05, 1.88127378351e-05, 2.18537697947e-05, 2.35189727391e-05, 1.40652264236e-05, 1.43304660014e-05, 1.23465069919e-05, 1.16928722491e-05, 1.1100411939e-05, 1.10889131975e-05, 1.24660782603e-05, 8.38949563331e-06, 7.53951417209e-06, 7.53475933379e-06, 7.36164520276e-06, 6.57850250718e-06, 7.49272930989e-06, 8.45784870762e-06, 5.3284952628e-06],
        "dvar": [9.40443078434e-06, 1.83159136213e-05, 1.38242930916e-05, 2.56734938375e-06, 5.32136425591e-07, 3.37974000786e-07, 1.83168211265e-07, 3.55625147108e-08, 2.3846236985e-08, 1.08102815588e-08, 2.44776590108e-08, 1.79443411241e-08, 4.76031702945e-09, 4.79195527703e-09, 2.90506285694e-09, 2.61797961087e-09, 1.12729725554e-09, 1.02902253385e-09, 8.31917867927e-10, 8.98748298006e-10, 1.26329546823e-09, 8.99980923119e-10, 4.91980955974e-10, 8.98360164037e-10, 1.45819478714e-09, 2.51468956769e-10, 2.46400844173e-10, 1.6005539949e-10, 1.45587084055e-10, 1.77551362501e-10, 1.94899540951e-10, 3.07662478827e-10, 1.03692464337e-10, 8.86306097958e-11, 8.96925173022e-11, 7.57102158744e-11, 6.10375153198e-11, 8.28845256318e-11, 1.06545522405e-10, 3.65805129243e-11],
        "dvar2": [1.65334331541e-05, 4.22812154284e-05, 3.85735147574e-05, 7.53262611397e-06, 1.48901688135e-06, 8.87223620794e-07, 4.46504230922e-07, 9.51334726551e-08, 6.13266095684e-08, 2.85832211233e-08, 6.52902230058e-08, 4.41997407563e-08, 1.250395254e-08, 1.29004353866e-08, 7.76049358109e-09, 6.90779877743e-09, 3.01253555435e-09, 2.79196399333e-09, 2.21076379425e-09, 2.38114061801e-09, 3.1967621883e-09, 2.37188046981e-09, 1.32230848493e-09, 2.51609577617e-09, 4.18448919959e-09, 6.80354106386e-10, 6.57123910841e-10, 4.25882273891e-10, 3.88134496765e-10, 4.82793027778e-10, 5.4862692167e-10, 8.76966110841e-10, 2.78379930219e-10, 2.34669172983e-10, 2.34382430131e-10, 1.90755911067e-10, 1.53583631923e-10, 2.12608597394e-10, 2.78799927589e-10, 9.49927844718e-11],
        "max": [0.0477231778204, 0.0449215099216, 0.0339055508375, 0.015622173436, 0.00924606062472, 0.00791342649609, 0.00678374944255, 0.00259626680054, 0.00312386220321, 0.00253201718442, 0.00215726951137, 0.00262437202036, 0.00199484685436, 0.000850146694575, 0.000794071238488, 0.000968468608335, 0.000570754578803, 0.000795637839474, 0.000326029025018, 0.000375421193894, 0.000972919573542, 0.000558226485737, 0.000267332710791, 0.000376759242499, 0.000404946826166, 0.000167463032994, 0.000175385648618, 0.000175058245077, 0.000128561354359, 0.000141519936733, 0.000143581157317, 0.00017694325652, 0.000102147874713, 0.000141355019878, 0.000119412390632, 0.000101650308352, 0.000106934174255, 0.000208601573831, 0.000118913660117, 6.67665080982e-05],
        "mean": [0.00573939597234, 0.00312047335319, 0.00105312850792, 0.000532123143785, 0.000452037784271, 0.000405684142606, 0.000417186936829, 0.000150335385115, 0.000108381864266, 6.15939643467e-05, 0.000106415391201, 0.000114294729428, 5.56804734515e-05, 5.0487487897e-05, 4.66140772915e-05, 3.66846616089e-05, 2.267734817e-05, 1.91634735529e-05, 1.77278361662e-05, 1.51474159793e-05, 1.62491269293e-05, 1.3819168089e-05, 1.19293299576e-05, 1.15685297715e-05, 1.1501928384e-05, 9.40571590036e-06, 9.76468527369e-06, 9.6317671705e-06, 8.93784999789e-06, 7.96542917669e-06, 7.41623898648e-06, 7.3938076639e-06, 5.93587947151e-06, 5.15417696079e-06, 5.02360398968e-06, 5.19764353157e-06, 5.63763660466e-06, 6.79374215906e-06, 6.88949876348e-06, 4.671903298e-06],
        "median": [0.00401478866115, 0.00187200203072, 0.000351801048964, 0.00018895296671, 0.000135411828524, 0.000181315132068, 0.000202935872949, 6.9121721026e-05, 4.69777878607e-05, 2.92177446681e-05, 4.39571049355e-05, 4.87445686304e-05, 2.49717268161e-05, 2.41984525928e-05, 2.19293324335e-05, 1.53852524818e-05, 1.02426511148e-05, 8.07236392575e-06, 7.40639325159e-06, 5.52613346372e-06, 5.81320091442e-06, 4.85155760543e-06, 4.30267482443e-06, 3.37860478794e-06, 3.23587642015e-06, 3.84641043638e-06, 4.08115647588e-06, 4.60501723865e-06, 4.03032299801e-06, 2.84675707007e-06, 2.60245087702e-06, 2.64659183813e-06, 2.05192168323e-06, 1.57924898758e-06, 1.31074966703e-06, 1.5858822735e-06, 2.23255756282e-06, 2.57935857917e-06, 2.32021830016e-06, 1.91459048438e-06],
        "min": [5.49820076506e-25, 3.2764335845e-24, 4.35588165935e-24, 5.89154850608e-24, 1.99650420198e-24, 3.0390663242e-24, 9.99569676196e-24, 7.41456044616e-24, 3.96462479416e-24, 4.50357377575e-24, 7.70936171074e-24, 6.90604414057e-24, 6.28527726691e-24, 3.43736436461e-24, 3.40279766303e-24, 7.04235220525e-24, 7.70965753358e-24, 5.55312993875e-24, 2.91468721692e-24, 5.62049234917e-24, 7.67560635261e-24, 7.8617380832e-24, 7.64060301652e-24, 1.01782612635e-23, 5.90112488303e-24, 6.38553754366e-24, 6.64949553014e-24, 5.76700196307e-24, 7.06385418694e-24, 9.5753080524e-24, 6.63108824978e-24, 7.84838187921e-24, 6.12730037646e-24, 1.00092770024e-23, 7.05382066509e-24, 7.49482152124e-24, 7.49596615841e-24, 9.80711561826e-24, 8.31901945071e-24, 1.14282090013e-23],
        "var": [4.74720654893e-05, 2.53052076005e-05, 9.05946126295e-06, 1.5974770804e-06, 6.62130673845e-07, 3.80986818982e-07, 3.14974329285e-07, 5.16662446159e-08, 3.77217901359e-08, 1.22538246217e-08, 3.06087777346e-08, 3.94430692552e-08, 7.31716598423e-09, 5.35518074329e-09, 4.81708184452e-09, 3.70012775974e-09, 1.29548105576e-09, 9.93230053759e-10, 8.16182010865e-10, 8.09002309587e-10, 1.36306987919e-09, 8.65093441327e-10, 4.53358184327e-10, 6.2818428237e-10, 8.98021768059e-10, 2.35069214094e-10, 2.53474241596e-10, 2.06056796626e-10, 1.70733691074e-10, 1.77326361928e-10, 1.67875574553e-10, 2.23243548647e-10, 1.03047279043e-10, 8.56962001361e-11, 9.01385632801e-11, 8.41543501551e-11, 7.99654370498e-11, 1.20138232695e-10, 1.30053467995e-10, 4.83310266808e-11]
    },
    "mfcc": {
        "mean": [-656.548278809, 106.596572876, 25.6059989929, 17.0012512207, 5.91917657852, 8.04633522034, 9.65261936188, 1.68510234356, 2.93793869019, 2.00689768791, 0.901858866215, 5.73079204559, 4.65552949905],
        "cov": [[16656.6386719, -1780.45837402, 489.180175781, 177.451339722, 7.5829539299, 24.4334869385, 115.169174194, 95.3812026978, 213.637359619, 92.2045898438, 73.7467422485, 188.093902588, 151.762863159], [-1780.45837402, 2747.51733398, -257.170043945, 109.872413635, 63.6007118225, 93.9415130615, 44.2339820862, 13.4177188873, -64.3127822876, 12.3735771179, 0.306640923023, -23.9078788757, -34.4836120605], [489.180175781, -257.170043945, 1293.05639648, 199.220169067, 310.994537354, 256.022186279, 139.577804565, 90.2333831787, 100.098175049, 61.6768341064, 71.4381027222, 69.6365432739, 69.802734375], [177.451339722, 109.872413635, 199.220169067, 490.140991211, 153.474075317, 71.7566375732, 15.504152298, 88.6197891235, 34.1316833496, 25.4902324677, 27.339515686, 4.77683496475, -4.32655954361], [7.5829539299, 63.6007118225, 310.994537354, 153.474075317, 365.275115967, 91.8568267822, 48.8375587463, 82.0372390747, 68.2798233032, 38.3418312073, 17.8290214539, 12.2640361786, 10.8213920593], [24.4334869385, 93.9415130615, 256.022186279, 71.7566375732, 91.8568267822, 270.743133545, 88.8112182617, 79.0726547241, 40.6835365295, 56.9368438721, 44.8433837891, 31.4829444885, 45.7670211792], [115.169174194, 44.2339820862, 139.577804565, 15.504152298, 48.8375587463, 88.8112182617, 175.903244019, 38.9919013977, 49.5551872253, 34.0143547058, 39.0200920105, 40.1878929138, 38.6407203674], [95.3812026978, 13.4177188873, 90.2333831787, 88.6197891235, 82.0372390747, 79.0726547241, 38.9919013977, 164.764190674, 41.3922424316, 50.4725341797, 40.479724884, 27.3723220825, 27.3091964722], [213.637359619, -64.3127822876, 100.098175049, 34.1316833496, 68.2798233032, 40.6835365295, 49.5551872253, 41.3922424316, 119.116264343, 38.9766540527, 33.0633010864, 35.8355560303, 33.3425369263], [92.2045898438, 12.3735771179, 61.6768341064, 25.4902324677, 38.3418312073, 56.9368438721, 34.0143547058, 50.4725341797, 38.9766540527, 102.563804626, 42.7590065002, 36.3032264709, 30.9778709412], [73.7467422485, 0.306640923023, 71.4381027222, 27.339515686, 17.8290214539, 44.8433837891, 39.0200920105, 40.479724884, 33.0633010864, 42.7590065002, 93.4720611572, 47.3177566528, 34.7800254822], [188.093902588, -23.9078788757, 69.6365432739, 4.77683496475, 12.2640361786, 31.4829444885, 40.1878929138, 27.3723220825, 35.8355560303, 36.3032264709, 47.3177566528, 99.5299377441, 51.9097709656], [151.762863159, -34.4836120605, 69.802734375, -4.32655954361, 10.8213920593, 45.7670211792, 38.6407203674, 27.3091964722, 33.3425369263, 30.9778709412, 34.7800254822, 51.9097709656, 87.5118408203]],
