{
"lowlevel": {
    "average_loudness": 0.898562014103,
    "barkbands_crest": {
        "dmean": 3.42841172218,
        "dmean2": 5.24069452286,
        "dvar": 9.26887512207,
        "dvar2": 19.6929512024,
        "max": 26.6114692688,
        "mean": 12.4408330917,
        "median": 11.7713899612,
        "min": 1.88591206074,
        "var": 36.0798149109
    },
    "barkbands_flatness_db": {
        "dmean": 0.0384626351297,
        "dmean2": 0.0558697618544,
        "dvar": 0.00189951329958,
        "dvar2": 0.00384685932659,
        "max": 0.524237453938,
        "mean": 0.139585465193,
        "median": 0.119672968984,
        "min": 0.013813233003,
        "var": 0.00688175950199
    },
    "barkbands_kurtosis": {
        "dmean": 8.65046024323,
        "dmean2": 13.1579437256,
        "dvar": 473.325775146,
        "dvar2": 979.895874023,
        "max": 874.774230957,
        "mean": 10.1138858795,
        "median": 1.69214391708,
        "min": -1.89184224606,
        "var": 789.499572754
    },
    "barkbands_skewness": {
        "dmean": 1.01095104218,
        "dmean2": 1.53268182278,
        "dvar": 1.53225874901,
        "dvar2": 3.34764719009,
        "max": 25.5635051727,
        "mean": 2.13245248795,
        "median": 1.48743653297,
        "min": -2.57666420937,
        "var": 4.5821518898
    },
    "barkbands_spread": {
        "dmean": 11.9082336426,
        "dmean2": 18.8947582245,
        "dvar": 208.628555298,
        "dvar2": 481.928955078,
        "max": 114.069641113,
        "mean": 30.1005382538,
        "median": 24.6907711029,
        "min": 0.13022904098,
        "var": 490.745574951
    },
    "dissonance": {
        "dmean": 0.0160134211183,
        "dmean2": 0.0268116928637,
        "dvar": 0.000244251685217,
        "dvar2": 0.00065666512819,
        "max": 0.500000059605,
        "mean": 0.473237812519,
        "median": 0.47867834568,
        "min": 0.29861202836,
        "var": 0.000438283634139
    },
    "dynamic_complexity": 3.86048030853,
    "erbbands_crest": {
        "dmean": 2.5567548275,
        "dmean2": 4.2045750618,
        "dvar": 6.6465086937,
        "dvar2": 16.653213501,
        "max": 31.5818881989,
        "mean": 7.02498435974,
        "median": 5.97404432297,
        "min": 2.12024664879,
        "var": 13.975976944
    },
    "erbbands_flatness_db": {
        "dmean": 0.0181276481599,
        "dmean2": 0.0280412081629,
        "dvar": 0.000418304785853,
        "dvar2": 0.000871614145581,
        "max": 0.392249643803,
        "mean": 0.131382003427,
        "median": 0.115618467331,
        "min": 0.0419364646077,
        "var": 0.00330413994379
    },
    "erbbands_kurtosis": {
        "dmean": 0.777954757214,
        "dmean2": 1.26606869698,
        "dvar": 1.32897078991,
        "dvar2": 3.53160858154,
        "max": 38.2655525208,
        "mean": -0.0478037707508,
        "median": -0.420392274857,
        "min": -1.83880460262,
        "var": 2.37480592728
    },
    "erbbands_skewness": {
        "dmean": 0.405549019575,
        "dmean2": 0.636318802834,
        "dvar": 0.140575245023,
        "dvar2": 0.351949691772,
        "max": 5.78689908981,
        "mean": 0.139500543475,
        "median": 0.115683309734,
        "min": -2.19463300705,
        "var": 0.419497549534
    },
    "erbbands_spread": {
        "dmean": 11.2796678543,
        "dmean2": 16.9074935913,
        "dvar": 144.447784424,
        "dvar2": 297.766540527,
        "max": 172.714294434,
        "mean": 49.0669822693,
        "median": 46.1795310974,
        "min": 2.48929738998,
        "var": 540.47467041
    },
    "hfc": {
        "dmean": 21.1711673737,
        "dmean2": 34.5002975464,
        "dvar": 1386.3503418,
        "dvar2": 3430.17480469,
        "max": 404.870239258,
        "mean": 35.2779769897,
        "median": 19.6169509888,
        "min": 1.19012020147e-16,
        "var": 1991.59875488
    },
    "melbands_crest": {
        "dmean": 4.3675994873,
        "dmean2": 6.86867523193,
        "dvar": 15.3826637268,
        "dvar2": 36.3207969666,
        "max": 37.0247688293,
        "mean": 19.7281703949,
        "median": 19.9018115997,
        "min": 1.84668123722,
        "var": 70.8001327515
    },
    "melbands_flatness_db": {
        "dmean": 0.0485902614892,
        "dmean2": 0.0723920166492,
        "dvar": 0.00289413938299,
        "dvar2": 0.00623011169955,
        "max": 0.645688831806,
        "mean": 0.207655116916,
        "median": 0.18854726851,
        "min": 0.00586403161287,
        "var": 0.0106858182698
    },
    "melbands_kurtosis": {
        "dmean": 20.3541507721,
        "dmean2": 31.2484512329,
        "dvar": 1343.64355469,
        "dvar2": 2978.03955078,
        "max": 680.958557129,
        "mean": 31.9060840607,
        "median": 10.6932382584,
        "min": -1.69194769859,
        "var": 2803.04541016
    },
    "melbands_skewness": {
        "dmean": 1.33075845242,
        "dmean2": 2.02555418015,
        "dvar": 2.52449345589,
        "dvar2": 5.26764154434,
        "max": 23.2561779022,
        "mean": 3.91496920586,
        "median": 2.97226333618,
        "min": -1.38943934441,
        "var": 8.96936511993
    },
    "melbands_spread": {
        "dmean": 12.3525514603,
        "dmean2": 20.1308574677,
        "dvar": 266.64276123,
        "dvar2": 649.381408691,
        "max": 191.659469604,
        "mean": 26.2792072296,
        "median": 20.6911296844,
        "min": 0.25620418787,
        "var": 523.121948242
    },
    "pitch_salience": {
        "dmean": 0.0964197516441,
        "dmean2": 0.149597913027,
        "dvar": 0.00948179885745,
        "dvar2": 0.0204124115407,
        "max": 0.905602872372,
        "mean": 0.469481468201,
        "median": 0.492751717567,
        "min": 0.0409968234599,
        "var": 0.0321306884289
    },
    "silence_rate_20dB": {
        "dmean": 0,
        "dmean2": 0,
        "dvar": 0,
        "dvar2": 0,
        "max": 1,
        "mean": 1,
        "median": 1,
        "min": 1,
        "var": 0
    },
    "silence_rate_30dB": {
        "dmean": 0.0482187233865,
        "dmean2": 0.096445441246,
        "dvar": 0.0458899065852,
        "dvar2": 0.101383373141,
        "max": 1,
        "mean": 0.949714183807,
        "median": 1,
        "min": 0,
        "var": 0.0477572195232
    },
    "silence_rate_60dB": {
        "dmean": 0.00679370341823,
        "dmean2": 0.0135885328054,
        "dvar": 0.00674718990922,
        "dvar2": 0.0165512226522,
        "max": 1,
        "mean": 0.116477504373,
        "median": 0,
        "min": 0,
        "var": 0.102896891534
    },
    "spectral_centroid": {
        "dmean": 507.195495605,
        "dmean2": 799.151184082,
        "dvar": 342765.8125,
        "dvar2": 815535.1875,
        "max": 11002.4775391,
        "mean": 1694.27856445,
        "median": 1677.26843262,
        "min": 106.305679321,
        "var": 742201.5
    },
    "spectral_complexity": {
        "dmean": 6.95741510391,
        "dmean2": 11.094042778,
        "dvar": 65.0869216919,
        "dvar2": 149.475448608,
        "max": 62,
        "mean": 21.7518024445,
        "median": 18,
        "min": 0,
        "var": 223.75088501
    },
    "spectral_decrease": {
        "dmean": 3.13036840893e-09,
        "dmean2": 4.27354462929e-09,
        "dvar": 1.5287090159e-17,
        "dvar2": 2.55901507752e-17,
        "max": -4.12051959285e-30,
        "mean": -9.5291534663e-09,
        "median": -7.57447349287e-09,
        "min": -4.13237017938e-08,
        "var": 6.45393511612e-17
    },
    "spectral_energy": {
        "dmean": 0.0128163602203,
        "dmean2": 0.0174470786005,
        "dvar": 0.00022480203188,
        "dvar2": 0.000372959009837,
        "max": 0.160135582089,
        "mean": 0.0391650050879,
        "median": 0.0317341983318,
        "min": 1.10372114694e-20,
        "var": 0.000997361843474
    },
    "spectral_energyband_high": {
        "dmean": 0.0021771164611,
        "dmean2": 0.00360864191316,
        "dvar": 1.64775974554e-05,
        "dvar2": 4.11123401136e-05,
        "max": 0.0433933958411,
        "mean": 0.00302351335995,
        "median": 0.00104387337342,
        "min": 7.81406990082e-21,
        "var": 2.15826112253e-05
    },
    "spectral_energyband_low": {
        "dmean": 0.0105012254789,
        "dmean2": 0.0149975754321,
        "dvar": 0.000255649123574,
        "dvar2": 0.000457889022073,
        "max": 0.150099471211,
        "mean": 0.0251034852117,
        "median": 0.0151228150353,
        "min": 4.73144224356e-23,
        "var": 0.000835635757539
    },
    "spectral_energyband_middle_high": {
        "dmean": 0.0021153241396,
        "dmean2": 0.00343889021315,
        "dvar": 7.99883127911e-06,
        "dvar2": 1.98859579541e-05,
        "max": 0.0265754144639,
        "mean": 0.00432292278856,
        "median": 0.00290858815424,
        "min": 1.84436780259e-21,
        "var": 1.84766668099e-05
    },
    "spectral_energyband_middle_low": {
        "dmean": 0.00545485271141,
        "dmean2": 0.00943831820041,
        "dvar": 0.000167009580764,
        "dvar2": 0.000464270007797,
        "max": 0.109152041376,
        "mean": 0.00783784873784,
        "median": 0.00456145545468,
        "min": 1.87426813001e-22,
        "var": 0.000128273692098
    },
    "spectral_entropy": {
        "dmean": 0.230291426182,
        "dmean2": 0.348161190748,
        "dvar": 0.0825130417943,
        "dvar2": 0.177476108074,
        "max": 9.79745960236,
        "mean": 7.91598129272,
        "median": 8.04779434204,
        "min": 5.20224094391,
        "var": 0.276521205902
    },
    "spectral_flux": {
        "dmean": 0.0333892963827,
        "dmean2": 0.0477104820311,
        "dvar": 0.00156763312407,
        "dvar2": 0.00231415824965,
        "max": 0.392081946135,
        "mean": 0.104532882571,
        "median": 0.0927712470293,
        "min": 1.06335010241e-10,
        "var": 0.00511375116184
    },
    "spectral_kurtosis": {
        "dmean": 1.90849161148,
        "dmean2": 3.20606637001,
        "dvar": 17.6532058716,
        "dvar2": 53.6318702698,
        "max": 99.8851394653,
        "mean": 3.82598042488,
        "median": 2.02417039871,
        "min": -1.28032660484,
        "var": 41.1082382202
    },
    "spectral_rms": {
        "dmean": 0.000987132894807,
        "dmean2": 0.00133232516237,
        "dvar": 1.02684430203e-06,
        "dvar2": 1.67235543813e-06,
        "max": 0.0124991936609,
        "mean": 0.00556607590988,
        "median": 0.00556418858469,
        "min": 3.28146472668e-12,
        "var": 7.22837285139e-06
    },
    "spectral_rolloff": {
        "dmean": 1144.71240234,
        "dmean2": 1930.77575684,
        "dvar": 3066954.5,
        "dvar2": 7092766.5,
        "max": 18798.4863281,
        "mean": 1961.11645508,
        "median": 1033.59375,
        "min": 64.599609375,
        "var": 5515311
    },
    "spectral_skewness": {
        "dmean": 0.275541603565,
        "dmean2": 0.438660144806,
        "dvar": 0.126077711582,
        "dvar2": 0.330780148506,
        "max": 7.72283029556,
        "mean": 1.36567902565,
        "median": 1.18253028393,
        "min": 0.0033383902628,
        "var": 0.377955049276
    },
    "spectral_spread": {
        "dmean": 748753.8125,
        "dmean2": 1118651.25,
        "dvar": 1.06084879565e+12,
        "dvar2": 1.74582071296e+12,
        "max": 52271812,
        "mean": 5670787.5,
        "median": 5825188.5,
        "min": 725010.25,
        "var": 4.7914156032e+12
    },
    "spectral_strongpeak": {
        "dmean": 0.264670968056,
        "dmean2": 0.437303900719,
        "dvar": 0.223097518086,
        "dvar2": 0.560769021511,
        "max": 7.64517498016,
        "mean": 0.493663758039,
        "median": 0.266663074493,
        "min": 0,
        "var": 0.387343585491
    },
    "zerocrossingrate": {
        "dmean": 0.0173421967775,
        "dmean2": 0.0209589134902,
        "dvar": 0.000348478351953,
        "dvar2": 0.000457253423519,
        "max": 0.68896484375,
        "mean": 0.0704926252365,
        "median": 0.05908203125,
        "min": 0.001953125,
        "var": 0.00264868186787
    },
    "barkbands": {
        "dmean": [0.00117927708197, 0.00931984931231, 0.00409801444039, 0.00251799682155, 0.0016171017196, 0.000733212393243, 0.000709139509127, 0.000719271658454, 0.000648981542327, 0.000434571527876, 0.000459900504211, 0.000309578201268, 0.000294351222692, 0.000257837440586, 0.000239316446823, 0.000276632781606, 0.000231036508922, 0.000231803773204, 0.00027419521939, 0.000350515329046, 0.000384135521017, 0.000367758038919, 0.000374548399122, 0.000398310046876, 0.000414426845964, 0.000188782301848, 2.85067872028e-05],
        "dmean2": [0.00143809430301, 0.01308924146, 0.00728985015303, 0.00469464436173, 0.00299394130707, 0.00120248855092, 0.00114533107262, 0.00114393315744, 0.00101433985401, 0.000700273609255, 0.000737442693207, 0.00050392083358, 0.000488399760798, 0.000427061546361, 0.000417521339841, 0.000477181863971, 0.000395011884393, 0.00039821327664, 0.000476947665447, 0.000609580019955, 0.000665889470838, 0.000610699469689, 0.000621794897597, 0.000653249560855, 0.000684793863911, 0.000307282840367, 4.99088127981e-05],
        "dvar": [2.43723957283e-06, 0.00021970095986, 0.000175076900632, 8.09794073575e-05, 2.26271840802e-05, 1.99056876227e-06, 2.08140818359e-06, 2.23917982112e-06, 1.51513495439e-06, 6.54837833736e-07, 6.79873835452e-07, 3.21318566421e-07, 2.32480118711e-07, 1.54599064217e-07, 1.51524119474e-07, 1.67660786587e-07, 1.23091069781e-07, 1.72939181198e-07, 2.09569989806e-07, 3.37208746259e-07, 4.62806042378e-07, 4.49175615813e-07, 5.08364678353e-07, 6.93428546583e-07, 7.66656967244e-07, 1.97256397882e-07, 6.50751585951e-09],
        "dvar2": [3.8249490899e-06, 0.000361005601007, 0.00048042400158, 0.000231810176047, 6.59349389025e-05, 5.1141514632e-06, 4.73875479656e-06, 5.1529468692e-06, 3.42250814356e-06, 1.55701332005e-06, 1.61099342222e-06, 7.07723302185e-07, 5.86860664953e-07, 3.96310099404e-07, 4.01441383246e-07, 4.44584884463e-07, 3.19503243418e-07, 4.71230890753e-07, 5.59874365536e-07, 8.87002158834e-07, 1.21932100683e-06, 1.15605041628e-06, 1.26161864955e-06, 1.74052206603e-06, 1.90480875517e-06, 4.77873129512e-07, 1.70175340486e-08],
        "max": [0.0186974611133, 0.14585326612, 0.102976880968, 0.0861157849431, 0.0393364131451, 0.0231401715428, 0.0386118963361, 0.0367031246424, 0.0376340970397, 0.018539397046, 0.0176070872694, 0.0192812923342, 0.00899910368025, 0.00670323241502, 0.00756038911641, 0.00742373522371, 0.00489245029166, 0.00642215227708, 0.00586658483371, 0.00612338772044, 0.00877393595874, 0.0091155320406, 0.00834278017282, 0.0118614295498, 0.011450109072, 0.00639512296766, 0.000850696524139],
        "mean": [0.00214364891872, 0.0187079887837, 0.00327916187234, 0.00183406134602, 0.00145785568748, 0.00105427054223, 0.00106883910485, 0.00113885244355, 0.001007718849, 0.000613676616922, 0.000719672709238, 0.000513319741003, 0.00039779098006, 0.000358778226655, 0.000293772231089, 0.000345563632436, 0.000302815518808, 0.0003208713606, 0.00037209133734, 0.000473050778965, 0.00047554372577, 0.000479130219901, 0.000521390931681, 0.000561603344977, 0.000500971626025, 0.000201345581445, 2.12089380511e-05],
        "median": [0.000800605048425, 0.0101441079751, 0.000679743592627, 0.000359981670044, 0.000529171084054, 0.000458995898953, 0.000348089524778, 0.000285226793494, 0.000375592324417, 0.000286550319288, 0.000300072715618, 0.000213507475564, 0.00017951085465, 0.000166844009073, 0.000135355629027, 0.000161829768331, 0.000132878980367, 0.000133666966576, 0.000171200692421, 0.00019908710965, 0.000182713163667, 0.000166522266227, 0.000169946841197, 0.000165631034179, 0.000125941311126, 2.78200950561e-05, 2.92252622103e-07],
        "min": [2.41433246626e-24, 6.93891045247e-24, 2.39903834657e-23, 1.46831074719e-23, 4.17508515284e-23, 3.86734483391e-23, 2.53720228541e-23, 1.02979227854e-23, 4.26421349781e-23, 6.20272242098e-23, 5.10642096397e-23, 5.23966146413e-23, 8.80868213843e-23, 1.58297600272e-22, 1.77345713369e-22, 1.48717206434e-22, 1.37728184697e-22, 1.35102098298e-22, 3.39129132209e-22, 3.67531330728e-22, 4.19765812365e-22, 5.5788874306e-22, 4.48400049586e-22, 8.24769752652e-22, 1.28524581119e-21, 1.75674098178e-21, 2.34371892654e-21],
        "var": [8.12017606222e-06, 0.000578312610742, 0.000114015456347, 4.66247875011e-05, 1.31283732117e-05, 2.88900037049e-06, 4.3541440391e-06, 6.08232858212e-06, 4.19627212978e-06, 9.35358855259e-07, 1.51242932134e-06, 1.03091656456e-06, 3.84515175256e-07, 2.58268869402e-07, 1.81343239092e-07, 2.13901998336e-07, 1.69629046809e-07, 2.17792702983e-07, 2.66762242518e-07, 4.39473353708e-07, 5.18341721545e-07, 5.54663586172e-07, 6.88297063789e-07, 9.0919604645e-07, 9.41742939631e-07, 2.29326261092e-07, 5.14664044715e-09]
    },
    "erbbands": {
        "dmean": [0.409060299397, 1.88594472408, 4.15621471405, 7.02719402313, 6.81144094467, 5.03776884079, 4.28036117554, 7.23743200302, 9.58177566528, 14.5882873535, 11.2101707458, 16.8905773163, 14.6907405853, 11.6056699753, 18.6719379425, 11.6461963654, 13.6401481628, 12.6054115295, 12.2514734268, 12.892127037, 13.730386734, 12.6343021393, 13.1587123871, 12.2968177795, 15.1413784027, 16.9518604279, 15.0430860519, 15.4662151337, 12.9257745743, 13.0674114227, 10.742682457, 8.42765808105, 6.49579668045, 4.71316194534, 2.92807507515, 1.1340187788, 0.302051216364, 0.0604069903493, 0.00459271017462, 9.20414822758e-05],
        "dmean2": [0.5353500247, 2.64275479317, 6.88312244415, 12.6913347244, 12.7490701675, 9.18611526489, 7.47401380539, 11.6895208359, 15.6193704605, 23.2566127777, 17.7130241394, 26.5872344971, 23.5373401642, 18.6894321442, 29.8822002411, 19.0150928497, 22.5706062317, 20.8102493286, 20.7684364319, 22.1543941498, 23.7476043701, 21.5971221924, 22.6379871368, 21.0153274536, 26.4378604889, 29.7307167053, 26.0178604126, 26.825958252, 21.5183677673, 22.0899925232, 17.6698970795, 13.7265024185, 10.7066345215, 7.79714870453, 4.87023258209, 1.8592209816, 0.495612233877, 0.101405516267, 0.00804485008121, 0.00015072315],
        "dvar": [0.297735631466, 13.00578022, 146.079498291, 577.360656738, 506.322570801, 196.42401123, 81.3227233887, 204.651947021, 398.340606689, 790.975646973, 599.183227539, 1140.21826172, 755.730957031, 601.25189209, 1094.43823242, 391.313903809, 483.944824219, 352.441558838, 356.239227295, 385.511260986, 425.761688232, 368.932922363, 532.19909668, 456.977172852, 650.181396484, 821.488586426, 655.26550293, 773.742675781, 531.121582031, 626.201599121, 447.550842285, 312.378356934, 177.479064941, 93.0562057495, 42.6645126343, 6.94422388077, 0.554887592793, 0.0214699078351, 0.000177675567102, 4.39920668782e-08],
        "dvar2": [0.506072342396, 21.2413005829, 376.352966309, 1599.26708984, 1464.93981934, 571.160705566, 231.620758057, 510.93572998, 944.227416992, 1790.37805176, 1400.73059082, 2618.49194336, 1808.63183594, 1428.94311523, 2616.60473633, 939.301940918, 1216.17590332, 908.423339844, 892.379577637, 1018.32324219, 1122.2064209, 960.074829102, 1443.75720215, 1226.80957031, 1728.04272461, 2189.22631836, 1705.85168457, 2046.26635742, 1346.68212891, 1645.54064941, 1108.64038086, 785.428039551, 446.165466309, 233.755599976, 105.163131714, 16.4880161285, 1.41297841072, 0.0541487261653, 0.000467346806545, 1.10569537526e-07],
        "max": [6.06617927551, 32.7546539307, 94.6821670532, 208.647109985, 182.348800659, 129.236312866, 121.975265503, 237.776626587, 712.949890137, 655.08203125, 646.557250977, 1105.47741699, 706.924682617, 677.952697754, 753.894836426, 594.527587891, 438.18762207, 363.648986816, 564.47088623, 243.356719971, 292.324798584, 270.448272705, 330.338867188, 321.446166992, 388.282897949, 289.638671875, 261.0831604, 350.400939941, 318.522674561, 318.390716553, 291.694366455, 265.337310791, 207.829727173, 130.267227173, 90.3219528198, 36.4175033569, 13.79824543, 1.4966083765, 0.145523101091, 0.0022928584367],
        "mean": [0.814362347126, 3.05739998817, 4.0049996376, 5.54009532928, 5.22457170486, 4.79369735718, 5.17757940292, 10.6014928818, 14.471786499, 22.99609375, 19.6827373505, 25.5543766022, 21.8780212402, 18.7050895691, 29.4869861603, 20.0623779297, 19.9755344391, 18.4795360565, 17.096830368, 16.8119831085, 18.0729179382, 17.0669136047, 18.028465271, 17.4555473328, 20.2687530518, 22.7033195496, 19.273191452, 18.7143497467, 16.8412342072, 16.1518955231, 15.27064991, 12.0663738251, 8.98141479492, 6.026491642, 3.30454874039, 1.20410478115, 0.316873222589, 0.0548646859825, 0.00348956603557, 0.000119878452097],
        "median": [0.42772731185, 1.34859037399, 1.17839097977, 1.24720239639, 1.31083130836, 1.75827741623, 2.47323942184, 4.44955968857, 5.06220960617, 6.76964759827, 5.93762159348, 9.96191120148, 11.0722694397, 8.99704170227, 12.9948072433, 9.76589775085, 9.44138431549, 9.82615089417, 8.66691875458, 8.69539356232, 8.54556846619, 7.71985149384, 7.62005996704, 7.72674322128, 9.21959209442, 9.3672580719, 7.85642385483, 6.68880224228, 5.82483053207, 5.3813328743, 4.85841274261, 3.82390427589, 2.53475213051, 1.62414860725, 0.756639480591, 0.191956073046, 0.0448614172637, 0.00406299717724, 0.000127530074678, 5.32377162017e-05],
        "min": [2.20775636401e-22, 2.31622324911e-21, 2.40690300454e-20, 3.50028552473e-20, 8.65452256168e-20, 1.30642101287e-19, 3.3999423772e-19, 2.54043425384e-19, 2.5652331286e-19, 3.61071652758e-19, 2.23017431571e-19, 6.74772481293e-19, 1.65952748502e-18, 2.31762876145e-18, 2.43551192491e-18, 2.32804958281e-18, 4.04383910136e-18, 8.39988925312e-18, 5.90904742383e-18, 1.24336280656e-17, 6.46449837798e-18, 6.8122918432e-18, 7.39384985826e-18, 1.07203649634e-17, 2.28219660399e-17, 1.69064616442e-17, 1.51952218258e-17, 1.39943375561e-17, 1.93403578786e-17, 2.00061969127e-17, 1.20670456064e-17, 1.62523487225e-17, 1.63436314118e-17, 1.2799794453e-17, 8.56809643068e-18, 6.47332025922e-18, 3.55270971164e-18, 1.2240855485e-18, 3.20832753927e-19, 3.31358213631e-20],
        "var": [0.94951325655, 26.1719779968, 117.877815247, 363.418945312, 287.891387939, 119.827529907, 67.2648162842, 314.388153076, 771.875, 1963.53076172, 1743.57751465, 2918.95263672, 1088.00634766, 1261.18444824, 2368.73046875, 1145.07958984, 890.1484375, 588.779724121, 545.892822266, 478.752716064, 557.067993164, 506.32409668, 667.206359863, 607.279663086, 801.508422852, 1020.17059326, 798.406433105, 841.524230957, 676.738647461, 683.139099121, 616.810791016, 414.923950195, 232.314575195, 120.885887146, 49.0208969116, 8.22285842896, 0.580568015575, 0.0207118820399, 0.00013723129814, 4.41371987847e-08]
    },
    "gfcc": {
        "mean": [-2.64952230453, 77.704826355, -107.945800781, 37.2947425842, -56.3824920654, 26.5799598694, -28.7233448029, 18.1446266174, -18.2482013702, 7.29917907715, -8.84501171112, 2.50392222404, -6.30215883255],
        "cov": [[18656.2910156, -5189.97998047, 1408.46813965, 826.13494873, -1267.65026855, 1464.83398438, -404.280456543, 1237.49975586, -71.2204971313, 1303.45922852, -370.309448242, 729.960632324, -481.377990723], [-5189.97998047, 3481.67724609, -789.469848633, -395.998962402, 664.7578125, -534.190551758, 402.622009277, -464.21081543, 252.119857788, -562.356933594, 290.429992676, -330.797515869, 278.980743408], [1408.46813965, -789.469848633, 1169.90197754, 294.934417725, 19.109462738, 403.866943359, 12.0999498367, 213.752624512, 34.940662384, 163.852752686, -52.7363548279, 137.28767395, -87.9507141113], [826.13494873, -395.998962402, 294.934417725, 462.390045166, -22.6740036011, 196.393966675, 45.2468605042, 58.5960388184, 51.3736801147, 31.2080993652, -2.23128938675, 41.7572975159, -21.5754528046], [-1267.65026855, 664.7578125, 19.109462738, -22.6740036011, 325.230163574, -72.1179351807, 150.545822144, -86.4452285767, 76.0493011475, -97.3641357422, 48.2174797058, -53.0209541321, 47.1549415588], [1464.83398438, -534.190551758, 403.866943359, 196.393966675, -72.1179351807, 404.846099854, 33.8711204529, 209.717437744, 60.7467269897, 127.764381409, 18.3882656097, 90.7987136841, -23.0705890656], [-404.280456543, 402.622009277, 12.0999498367, 45.2468605042, 150.545822144, 33.8711204529, 226.76651001, 5.14205884933, 120.404937744, -32.2401161194, 64.4488143921, -12.1794881821, 42.7704048157], [1237.49975586, -464.21081543, 213.752624512, 58.5960388184, -86.4452285767, 209.717437744, 5.14205884933, 240.928604126, 33.0760307312, 155.140869141, 17.8178024292, 78.5625534058, -19.5756568909], [-71.2204971313, 252.119857788, 34.940662384, 51.3736801147, 76.0493011475, 60.7467269897, 120.404937744, 33.0760307312, 168.974319458, 10.0371131897, 82.9159698486, 11.9691877365, 43.9685058594], [1303.45922852, -562.356933594, 163.852752686, 31.2080993652, -97.3641357422, 127.764381409, -32.2401161194, 155.140869141, 10.0371131897, 235.227264404, -6.48592090607, 100.706100464, -36.8198814392], [-370.309448242, 290.429992676, -52.7363548279, -2.23128938675, 48.2174797058, 18.3882656097, 64.4488143921, 17.8178024292, 82.9159698486, -6.48592090607, 143.470611572, 11.148519516, 61.3488616943], [729.960632324, -330.797515869, 137.28767395, 41.7572975159, -53.0209541321, 90.7987136841, -12.1794881821, 78.5625534058, 11.9691877365, 100.706100464, 11.148519516, 111.038269043, 5.53772592545], [-481.377990723, 278.980743408, -87.9507141113, -21.5754528046, 47.1549415588, -23.0705890656, 42.7704048157, -19.5756568909, 43.9685058594, -36.8198814392, 61.3488616943, 5.53772592545, 99.2286682129]],
        "icov": [[0.000150392035721, -3.63930994354e-05, 8.56735859998e-05, -0.000122771161841, 0.000276157195913, -0.000242038076976, 2.19606226892e-05, -0.0002217196743, -9.82814817689e-05, -0.000314782373607, 0.000367478001863, -0.000426733196946, 0.000363793078577], [-3.63930994354e-05, 0.00152444536798, 4.05632199545e-05, 0.000839220767375, -0.00120949221309, 0.000428034458309, -0.000766498618759, 0.000708750099875, -0.000851894437801, 0.00130572915077, -0.00155703234486, 0.00203511165455, -0.00138854805846], [8.56735859998e-05, 4.05632199545e-05, 0.00182655628305, -0.000493709405418, -0.00112785992678, -0.00142254889943, 0.000591794552747, -0.000457672780612, -0.000213107894524, 8.29216442071e-05, 0.000822298170533, -0.00170550274197, 0.00138503615744], [-0.000122771161841, 0.000839220767375, -0.000493709405418, 0.00360943539999, -0.000239248052821, -0.000963940285146, -0.00100273825228, 0.00156771461479, -0.00100798544008, 0.00126479857136, -0.000879423110746, 0.00109377456829, -0.000578150618821], [0.000276157195913, -0.00120949221309, -0.00112785992678, -0.000239248052821, 0.0076573677361, 0.000345077947713, -0.00308304396458, 0.000670742185321, 0.000162894939422, -0.00122780760285, 0.00114818115253, -0.000410781562096, 0.000376302137738], [-0.000242038076976, 0.000428034458309, -0.00142254889943, -0.000963940285146, 0.000345077947713, 0.00743713928387, -0.000945192412473, -0.00384248001501, -0.000817536667455, 0.00166775030084, -0.00131246342789, 0.000436376663856, -0.000865362002514], [2.19606226892e-05, -0.000766498618759, 0.000591794552747, -0.00100273825228, -0.00308304396458, -0.000945192412473, 0.0101229008287, -0.00155675970018, -0.00443560862914, 0.000210698097362, 0.00100480625406, -0.00111506890971, 0.000627636967693], [-0.0002217196743, 0.000708750099875, -0.000457672780612, 0.00156771461479, 0.000670742185321, -0.00384248001501, -0.00155675970018, 0.0123602561653, -0.000127663093735, -0.00418986845762, -0.00242716888897, 0.00221687275916, -0.00135697156657], [-9.82814817689e-05, -0.000851894437801, -0.000213107894524, -0.00100798544008, 0.000162894939422, -0.000817536667455, -0.00443560862914, -0.000127663093735, 0.0131828589365, -0.00205984455533, -0.00379183795303, -1.48883855218e-05, -0.00113106693607], [-0.000314782373607, 0.00130572915077, 8.29216442071e-05, 0.00126479857136, -0.00122780760285, 0.00166775030084, 0.000210698097362, -0.00418986845762, -0.00205984455533, 0.0127015477046, -0.0015105745988, -0.00482871895656, 0.00203339499421], [0.000367478001863, -0.00155703234486, 0.000822298170533, -0.000879423110746, 0.00114818115253, -0.00131246342789, 0.00100480625406, -0.00242716888897, -0.00379183795303, -0.0015105745988, 0.0145892184228, -0.00384022505023, -0.00275070732459], [-0.000426733196946, 0.00203511165455, -0.00170550274197, 0.00109377456829, -0.000410781562096, 0.000436376663856, -0.00111506890971, 0.00221687275916, -1.48883855218e-05, -0.00482871895656, -0.00384022505023, 0.022519081831, -0.00851872004569], [0.000363793078577, -0.00138854805846, 0.00138503615744, -0.000578150618821, 0.000376302137738, -0.000865362002514, 0.000627636967693, -0.00135697156657, -0.00113106693607, 0.00203339499421, -0.00275070732459, -0.00851872004569, 0.0193618666381]]
    },
    "melbands": {
        "dmean": [0.00298748165369, 0.0019904228393, 0.00118452869356, 0.000412976369262, 0.000162352196639, 0.000157789880177, 0.00014288231614, 0.000167816950125, 8.71988668223e-05, 0.000109976572276, 7.31668769731e-05, 4.72803185403e-05, 5.76253987674e-05, 3.8087109715e-05, 3.06979563902e-05, 3.4082266211e-05, 2.47955758823e-05, 2.06174881896e-05, 1.86253419088e-05, 2.07281173061e-05, 1.58537113748e-05, 1.38097730087e-05, 1.24973375932e-05, 1.11571625894e-05, 1.0037395441e-05, 1.15585389722e-05, 1.12239667942e-05, 1.19516671475e-05, 9.37591357797e-06, 1.03521124402e-05, 8.56794940773e-06, 7.38490325602e-06, 7.59905651648e-06, 7.39142296879e-06, 6.5340400397e-06, 5.58128840566e-06, 5.16323643751e-06, 4.67436984763e-06, 4.44456691184e-06, 3.83481437893e-06],
        "dmean2": [0.00402083154768, 0.00287359789945, 0.00211566011421, 0.00076917046681, 0.000285084854113, 0.000256354978774, 0.000231407684623, 0.000267334049568, 0.000137626455398, 0.000173048014403, 0.000117591909657, 7.62163326726e-05, 9.24255946302e-05, 6.12017392996e-05, 5.03700684931e-05, 5.69122530578e-05, 4.11271357734e-05, 3.47321947629e-05, 3.26489498548e-05, 3.56278032996e-05, 2.74792728305e-05, 2.36414343817e-05, 2.12834438571e-05, 1.93950800167e-05, 1.71085830516e-05, 2.03174386115e-05, 1.94646090677e-05, 2.1050516807e-05, 1.62367668963e-05, 1.80682091013e-05, 1.47878618009e-05, 1.24276130009e-05, 1.26787608679e-05, 1.26528884721e-05, 1.08067561087e-05, 9.14763859328e-06, 8.46025432111e-06, 7.74402633397e-06, 7.37697791919e-06, 6.34415437162e-06],
        "dvar": [1.79522703547e-05, 2.11715650948e-05, 1.53537239385e-05, 1.62968888162e-06, 1.2572367325e-07, 9.26177037286e-08, 8.69105392098e-08, 1.07903666446e-07, 3.89969976311e-08, 4.78445230101e-08, 1.92612610306e-08, 9.40632283175e-09, 1.02265467206e-08, 4.59375382178e-09, 3.3944322908e-09, 3.57681972929e-09, 1.5450078994e-09, 1.05821240659e-09, 9.63048196745e-10, 9.98229277016e-10, 6.16877826598e-10, 4.52061249545e-10, 3.65080882192e-10, 5.3227633412e-10, 2.99898106348e-10, 3.82809034472e-10, 3.51141810073e-10, 4.10837336373e-10, 2.4049340297e-10, 3.67260138967e-10, 2.22948992601e-10, 1.68143790558e-10, 2.09083486635e-10, 2.00215635737e-10, 1.6335829911e-10, 1.39763173257e-10, 1.1350743262e-10, 9.46329334339e-11, 7.52053141984e-11, 6.46741271648e-11],
        "dvar2": [2.90091429633e-05, 4.61585950688e-05, 4.20042597398e-05, 4.74607395518e-06, 3.60686328804e-07, 2.33444623632e-07, 2.02592048026e-07, 2.43507457753e-07, 8.94634339943e-08, 1.08738547056e-07, 4.61144011865e-08, 2.22660467841e-08, 2.45200357796e-08, 9.78767378257e-09, 7.79205144852e-09, 9.08921471421e-09, 4.0082794861e-09, 2.65535504695e-09, 2.58376919859e-09, 2.66702371299e-09, 1.63108504481e-09, 1.18336129784e-09, 9.41828282031e-10, 1.49074086409e-09, 8.02849065007e-10, 1.02737596208e-09, 9.2030089105e-10, 1.10646791729e-09, 6.24342577638e-10, 9.92463111693e-10, 5.80027192942e-10, 4.26122692687e-10, 5.44787992496e-10, 5.28384447307e-10, 4.0545836133e-10, 3.55009383002e-10, 2.85341333894e-10, 2.40935549289e-10, 1.86514539924e-10, 1.63920779728e-10],
        "max": [0.0473124198616, 0.0417099818587, 0.0342733450234, 0.00952718406916, 0.00445071188733, 0.00529908575118, 0.00930883456022, 0.00837240740657, 0.00439524604008, 0.0071772118099, 0.00352726434357, 0.00260866270401, 0.00219355430454, 0.00259049749002, 0.00172098877374, 0.00117004604544, 0.00082051102072, 0.00103422591928, 0.000537613464985, 0.000599919003434, 0.000349460198777, 0.000347728579072, 0.000265415001195, 0.000373343907995, 0.000286586204311, 0.000273777637631, 0.000276995851891, 0.000198693043785, 0.000175414359546, 0.00019877453451, 0.000229508717894, 0.000183013267815, 0.000186586767086, 0.000188106016139, 0.000196071254322, 0.000164412675076, 0.000170199506101, 0.000170701299794, 0.000109398308268, 0.000122558194562],
        "mean": [0.00609176047146, 0.00277429935522, 0.000970553723164, 0.00034853364923, 0.00019424756465, 0.000233338811086, 0.000218842818867, 0.000264149712166, 0.000150764171849, 0.000162427488249, 0.000104941485915, 7.13729605195e-05, 9.07864305191e-05, 6.49170251563e-05, 4.64690456283e-05, 4.36704940512e-05, 3.38742647727e-05, 2.80264212051e-05, 2.21576428885e-05, 2.57147494267e-05, 1.98140278371e-05, 1.8025009922e-05, 1.64439607033e-05, 1.47811715578e-05, 1.37567803904e-05, 1.46836891872e-05, 1.47254395415e-05, 1.52652100951e-05, 1.16971978059e-05, 1.20810827866e-05, 1.02132162283e-05, 9.43076065596e-06, 9.38048287935e-06, 8.73950284586e-06, 8.97623340279e-06, 7.93822709966e-06, 7.19712670616e-06, 6.4015771386e-06, 5.76547563469e-06, 4.78759648104e-06],
        "median": [0.00329776317813, 0.00107045320328, 0.000237992411712, 0.000113326452265, 9.55391660682e-05, 9.98080140562e-05, 7.35033972887e-05, 6.94833579473e-05, 4.19942407461e-05, 6.14874516032e-05, 5.04635245306e-05, 3.16162550007e-05, 4.03124395234e-05, 2.87814218609e-05, 2.05991927942e-05, 1.75603963726e-05, 1.60927866091e-05, 1.31399137899e-05, 9.85865335679e-06, 1.22407445815e-05, 8.45749946166e-06, 8.0008585428e-06, 6.69913697493e-06, 6.10974575466e-06, 5.9443959799e-06, 6.28702355243e-06, 6.5696854108e-06, 5.95697292738e-06, 4.44768420493e-06, 4.56852876596e-06, 3.42386147167e-06, 3.24141819874e-06, 3.01851764561e-06, 2.90167417916e-06, 2.80129029306e-06, 2.45841306423e-06, 2.21426898861e-06, 1.75249567747e-06, 1.55685529535e-06, 1.25587973798e-06],
        "min": [3.65069089161e-24, 9.10544908662e-24, 8.11290192909e-24, 7.44118607943e-24, 1.12978694582e-23, 5.76766973382e-24, 4.43265478594e-24, 3.29058239648e-24, 1.80767279216e-24, 5.52127849641e-24, 7.5359353739e-24, 9.79810998217e-24, 7.66809166363e-24, 6.63890349477e-24, 6.68707291936e-24, 9.5497907687e-24, 1.6866133299e-23, 6.43808120197e-24, 1.27900006493e-23, 1.34379378647e-23, 5.68660678163e-24, 7.6391223246e-24, 4.71892806971e-24, 8.06614062121e-24, 8.27272830393e-24, 1.39267129261e-23, 1.84770093556e-23, 8.89881722769e-24, 9.31690325226e-24, 7.2439290435e-24, 9.18594524225e-24, 1.0234138648e-23, 1.1267602443e-23, 1.10666030509e-23, 6.02012928375e-24, 8.51183125544e-24, 8.39437459982e-24, 1.04885218353e-23, 1.06221682833e-23, 1.15064726805e-23],
        "var": [5.42155685253e-05, 2.93218909064e-05, 9.97969527816e-06, 9.27917028548e-07, 9.68869500184e-08, 1.48716310377e-07, 1.77460023565e-07, 2.82605583379e-07, 1.18793096249e-07, 1.22346122566e-07, 2.71760534076e-08, 1.8916793465e-08, 2.16456399471e-08, 1.42924942992e-08, 8.8423766087e-09, 5.57337687113e-09, 2.41922726296e-09, 1.63875091275e-09, 1.08954056888e-09, 1.26553401092e-09, 7.62490792727e-10, 6.09513051142e-10, 5.20236298485e-10, 5.4290189011e-10, 3.97647165196e-10, 4.52242493454e-10, 4.46645442853e-10, 4.88506790575e-10, 3.00704683376e-10, 3.70015768025e-10, 2.55839682772e-10, 2.15866727271e-10, 2.35498232026e-10, 2.09835857023e-10, 2.21284199298e-10, 1.82281259531e-10, 1.51497661638e-10, 1.20877433063e-10, 1.00028950401e-10, 8.22269752287e-11]
    },
    "mfcc": {
        "mean": [-639.974853516, 101.646385193, 11.8959026337, 16.6442451477, 6.31580781937, 8.27619934082, 8.28864097595, 8.97092056274, 4.70987129211, 7.10694789886, 2.01437401772, 5.30099391937, 3.6013045311],
        "cov": [[12398.8027344, -3367.88989258, 1124.8215332, 160.857635498, -228.800628662, 242.686843872, -59.5811157227, 5.97208070755, 227.519104004, 326.328460693, 299.509277344, 309.900634766, 293.673065186], [-3367.88989258, 2371.20458984, -450.502227783, -64.3090133667, 129.653564453, -45.0404968262, 71.7149734497, 78.0939788818, -25.8096084595, -51.6905517578, -65.7136993408, -55.8565406799, -64.6330032349], [1124.8215332, -450.502227783, 784.664733887, 103.604103088, 144.961593628, 184.360107422, 66.5887145996, 144.78024292, 70.8601303101, 102.982086182, 85.0515823364, 48.869354248, 55.1481971741], [160.857635498, -64.3090133667, 103.604103088, 277.620513916, 48.1979217529, 94.962890625, 35.6226196289, 50.7674560547, 31.7704944611, 18.8299045563, 20.6301231384, 5.70488834381, 6.18005514145], [-228.800628662, 129.653564453, 144.961593628, 48.1979217529, 163.6537323, 65.2183151245, 40.7595405579, 58.3560523987, 12.6988449097, 26.2683181763, 9.55416870117, 0.681735992432, 5.36897182465], [242.686843872, -45.0404968262, 184.360107422, 94.962890625, 65.2183151245, 196.513916016, 41.305267334, 99.9392089844, 50.7299537659, 54.1749687195, 37.0402603149, 14.8347501755, 23.2738037109], [-59.5811157227, 71.7149734497, 66.5887145996, 35.6226196289, 40.7595405579, 41.305267334, 118.4324646, 57.7379188538, 37.4285087585, 34.5522346497, 19.801733017, 30.4953708649, 17.1593761444], [5.97208070755, 78.0939788818, 144.78024292, 50.7674560547, 58.3560523987, 99.9392089844, 57.7379188538, 164.95640564, 49.4825325012, 60.7817573547, 32.8342781067, 24.479057312, 26.3921775818], [227.519104004, -25.8096084595, 70.8601303101, 31.7704944611, 12.6988449097, 50.7299537659, 37.4285087585, 49.4825325012, 93.9854202271, 53.705783844, 36.7629928589, 25.9323139191, 21.5818729401], [326.328460693, -51.6905517578, 102.982086182, 18.8299045563, 26.2683181763, 54.1749687195, 34.5522346497, 60.7817573547, 53.705783844, 106.314277649, 58.9140930176, 44.3683319092, 30.5919551849], [299.509277344, -65.7136993408, 85.0515823364, 20.6301231384, 9.55416870117, 37.0402603149, 19.801733017, 32.8342781067, 36.7629928589, 58.9140930176, 91.231048584, 51.3340606689, 34.3928527832], [309.900634766, -55.8565406799, 48.869354248, 5.70488834381, 0.681735992432, 14.8347501755, 30.4953708649, 24.479057312, 25.9323139191, 44.3683319092, 51.3340606689, 82.5818634033, 52.818195343], [293.673065186, -64.6330032349, 55.1481971741, 6.18005514145, 5.36897182465, 23.2738037109, 17.1593761444, 26.3921775818, 21.5818729401, 30.5919551849, 34.3928527832, 52.818195343, 79.266242981]],
