{
"lowlevel": {
    "average_loudness": 0.587181448936,
    "barkbands_crest": {
        "dmean": 2.05695366859,
        "dmean2": 3.24029684067,
        "dvar": 3.8288602829,
        "dvar2": 9.01730537415,
        "max": 26.2500553131,
        "mean": 11.7459669113,
        "median": 11.1919116974,
        "min": 3.54572486877,
        "var": 21.8903179169
    },
    "barkbands_flatness_db": {
        "dmean": 0.0172093119472,
        "dmean2": 0.0267423149198,
        "dvar": 0.00032879007631,
        "dvar2": 0.000724766287021,
        "max": 0.44423687458,
        "mean": 0.217350259423,
        "median": 0.20848736167,
        "min": 0.0511668398976,
        "var": 0.00601852685213
    },
    "barkbands_kurtosis": {
        "dmean": 3.62127971649,
        "dmean2": 5.48849534988,
        "dvar": 38.8309783936,
        "dvar2": 89.9805526733,
        "max": 140.417175293,
        "mean": 10.4840745926,
        "median": 4.09978342056,
        "min": -1.79911804199,
        "var": 201.340057373
    },
    "barkbands_skewness": {
        "dmean": 0.412171423435,
        "dmean2": 0.62053745985,
        "dvar": 0.199827209115,
        "dvar2": 0.442561805248,
        "max": 9.79937267303,
        "mean": 2.15527772903,
        "median": 1.79890525341,
        "min": -2.21932625771,
        "var": 2.03690648079
    },
    "barkbands_spread": {
        "dmean": 2.00285243988,
        "dmean2": 2.98236989975,
        "dvar": 10.4936647415,
        "dvar2": 19.4393043518,
        "max": 123.24105072,
        "mean": 11.9969921112,
        "median": 11.1115341187,
        "min": 0.574253737926,
        "var": 76.955406189
    },
    "dissonance": {
        "dmean": 0.0297365579754,
        "dmean2": 0.0504977032542,
        "dvar": 0.00103058689274,
        "dvar2": 0.00263022910804,
        "max": 0.5,
        "mean": 0.438142001629,
        "median": 0.448256254196,
        "min": 0,
        "var": 0.00196775794029
    },
    "dynamic_complexity": 6.98959589005,
    "erbbands_crest": {
        "dmean": 2.29963374138,
        "dmean2": 3.54624223709,
        "dvar": 5.16397953033,
        "dvar2": 10.6894617081,
        "max": 31.0498886108,
        "mean": 11.0824737549,
        "median": 10.5084705353,
        "min": 2.84329223633,
        "var": 21.9786682129
    },
    "erbbands_flatness_db": {
        "dmean": 0.0133421868086,
        "dmean2": 0.0200282409787,
        "dvar": 0.000232513295487,
        "dvar2": 0.000478801230201,
        "max": 0.474574118853,
        "mean": 0.228460639715,
        "median": 0.211193934083,
        "min": 0.0888130888343,
        "var": 0.00504476670176
    },
    "erbbands_kurtosis": {
        "dmean": 1.4716309309,
        "dmean2": 2.26385569572,
        "dvar": 5.07277917862,
        "dvar2": 11.7113838196,
        "max": 43.0991630554,
        "mean": 2.88065767288,
        "median": 0.658808231354,
        "min": -1.7399314642,
        "var": 25.0749588013
    },
    "erbbands_skewness": {
        "dmean": 0.310938179493,
        "dmean2": 0.469813972712,
        "dvar": 0.0924865752459,
        "dvar2": 0.201514109969,
        "max": 5.5792798996,
        "mean": 1.07680404186,
        "median": 0.935739278793,
        "min": -2.1728105545,
        "var": 0.869541168213
    },
    "erbbands_spread": {
        "dmean": 3.40315914154,
        "dmean2": 5.16471338272,
        "dvar": 16.5355072021,
        "dvar2": 31.9492683411,
        "max": 83.8726577759,
        "mean": 25.3684444427,
        "median": 23.3790283203,
        "min": 1.5548081398,
        "var": 255.093353271
    },
    "hfc": {
        "dmean": 2.70850276947,
        "dmean2": 4.11545991898,
        "dvar": 47.4643478394,
        "dvar2": 108.248313904,
        "max": 137.059814453,
        "mean": 11.8413848877,
        "median": 6.96998739243,
        "min": 1.19184245768e-16,
        "var": 175.718276978
    },
    "melbands_crest": {
        "dmean": 2.47717618942,
        "dmean2": 3.93502402306,
        "dvar": 5.81713724136,
        "dvar2": 13.6146688461,
        "max": 33.3717346191,
        "mean": 14.3835020065,
        "median": 13.2076072693,
        "min": 1.62287199497,
        "var": 35.2003707886
    },
    "melbands_flatness_db": {
        "dmean": 0.0162955224514,
        "dmean2": 0.0248333252966,
        "dvar": 0.000344715663232,
        "dvar2": 0.000708797830157,
        "max": 0.502220451832,
        "mean": 0.275355190039,
        "median": 0.265074819326,
        "min": 0.00446451967582,
        "var": 0.00807248242199
    },
    "melbands_kurtosis": {
        "dmean": 3.74606585503,
        "dmean2": 5.68405342102,
        "dvar": 30.0649051666,
        "dvar2": 64.8224945068,
        "max": 128.522491455,
        "mean": 12.061835289,
        "median": 8.08250904083,
        "min": -1.70620203018,
        "var": 163.435287476
    },
    "melbands_skewness": {
        "dmean": 0.422336250544,
        "dmean2": 0.64352619648,
        "dvar": 0.163654759526,
        "dvar2": 0.349757671356,
        "max": 9.15155696869,
        "mean": 2.42871642113,
        "median": 2.13823604584,
        "min": -0.489294528961,
        "var": 1.70532202721
    },
    "melbands_spread": {
        "dmean": 2.40844345093,
        "dmean2": 3.67565131187,
        "dvar": 21.2518901825,
        "dvar2": 39.8714370728,
        "max": 192.400512695,
        "mean": 13.760058403,
        "median": 12.1727991104,
        "min": 0.905408799648,
        "var": 224.885299683
    },
    "pitch_salience": {
        "dmean": 0.057718615979,
        "dmean2": 0.0924342349172,
        "dvar": 0.00317525397986,
        "dvar2": 0.00795368663967,
        "max": 0.973195433617,
        "mean": 0.551047861576,
        "median": 0.577476799488,
        "min": 0.107542566955,
        "var": 0.0166576299816
    },
    "silence_rate_20dB": {
        "dmean": 0,
        "dmean2": 0,
        "dvar": 0,
        "dvar2": 0,
        "max": 1,
        "mean": 1,
        "median": 1,
        "min": 1,
        "var": 0
    },
    "silence_rate_30dB": {
        "dmean": 0.00784593448043,
        "dmean2": 0.0156974662095,
        "dvar": 0.00778422597796,
        "dvar2": 0.0197327043861,
        "max": 1,
        "mean": 0.9942958951,
        "median": 1,
        "min": 0,
        "var": 0.00567150069401
    },
    "silence_rate_60dB": {
        "dmean": 0.0285306703299,
        "dmean2": 0.0570816993713,
        "dvar": 0.0277180392295,
        "dvar2": 0.0631038919091,
        "max": 1,
        "mean": 0.342959016562,
        "median": 0,
        "min": 0,
        "var": 0.225334182382
    },
    "spectral_centroid": {
        "dmean": 92.8800354004,
        "dmean2": 137.364608765,
        "dvar": 39517.1875,
        "dvar2": 54130.0078125,
        "max": 11639.2773438,
        "mean": 873.483337402,
        "median": 719.329345703,
        "min": 340.808349609,
        "var": 315080.4375
    },
    "spectral_complexity": {
        "dmean": 1.56134092808,
        "dmean2": 2.59364962578,
        "dvar": 2.82613277435,
        "dvar2": 7.29575681686,
        "max": 38,
        "mean": 12.7668447495,
        "median": 10,
        "min": 0,
        "var": 99.0261230469
    },
    "spectral_decrease": {
        "dmean": 1.23847743172e-09,
        "dmean2": 1.84037796114e-09,
        "dvar": 7.36412346858e-18,
        "dvar2": 1.62376662666e-17,
        "max": 1.71710801037e-24,
        "mean": -5.19285858758e-09,
        "median": -2.06191197449e-09,
        "min": -4.47956125527e-08,
        "var": 3.49590118056e-17
    },
    "spectral_energy": {
        "dmean": 0.00490218540654,
        "dmean2": 0.00728758377954,
        "dvar": 0.000117149684229,
        "dvar2": 0.000258547923295,
        "max": 0.178997844458,
        "mean": 0.0206730589271,
        "median": 0.00840676017106,
        "min": 1.08148331705e-20,
        "var": 0.000550306984223
    },
    "spectral_energyband_high": {
        "dmean": 4.12376903114e-05,
        "dmean2": 6.31892253296e-05,
        "dvar": 1.09647464441e-08,
        "dvar2": 2.12274358091e-08,
        "max": 0.00317686866038,
        "mean": 0.000220906818868,
        "median": 7.48096426832e-05,
        "min": 7.9403199574e-21,
        "var": 1.38077069778e-07
    },
    "spectral_energyband_low": {
        "dmean": 0.000496762862895,
        "dmean2": 0.000795096799266,
        "dvar": 1.18194918741e-06,
        "dvar2": 3.22607570524e-06,
        "max": 0.0186368636787,
        "mean": 0.00337712746114,
        "median": 1.744652036e-05,
        "min": 2.52846580866e-23,
        "var": 1.89904549188e-05
    },
    "spectral_energyband_middle_high": {
        "dmean": 0.000983751146123,
        "dmean2": 0.00155529170297,
        "dvar": 7.73822284827e-06,
        "dvar2": 2.01753027795e-05,
        "max": 0.0488730818033,
        "mean": 0.00309263379313,
        "median": 0.00114136957563,
        "min": 1.51993225866e-21,
        "var": 1.63499353221e-05
    },
    "spectral_energyband_middle_low": {
        "dmean": 0.00445255963132,
        "dmean2": 0.00660162884742,
        "dvar": 8.57824197738e-05,
        "dvar2": 0.000183234718861,
        "max": 0.144648745656,
        "mean": 0.014848924242,
        "median": 0.00682862102985,
        "min": 3.77240428801e-22,
        "var": 0.000324537686538
    },
    "spectral_entropy": {
        "dmean": 0.139491841197,
        "dmean2": 0.22037358582,
        "dvar": 0.0328186713159,
        "dvar2": 0.0770693123341,
        "max": 9.80150794983,
        "mean": 6.61060810089,
        "median": 6.62882947922,
        "min": 4.51516580582,
        "var": 0.531476199627
    },
    "spectral_flux": {
        "dmean": 0.0139524145052,
        "dmean2": 0.0231073778123,
        "dvar": 0.000642956816591,
        "dvar2": 0.00161906599533,
        "max": 0.392469465733,
        "mean": 0.0469538979232,
        "median": 0.0324653126299,
        "min": 1.03994389489e-10,
        "var": 0.00176770216785
    },
    "spectral_kurtosis": {
        "dmean": 4.2899518013,
        "dmean2": 7.31392908096,
        "dvar": 45.1434745789,
        "dvar2": 124.147384644,
        "max": 124.515174866,
        "mean": 19.0081043243,
        "median": 10.9510688782,
        "min": -1.2252497673,
        "var": 448.093139648
    },
    "spectral_rms": {
        "dmean": 0.000419502001023,
        "dmean2": 0.000614864868112,
        "dvar": 4.60099414568e-07,
        "dvar2": 9.92417540147e-07,
        "max": 0.0132148424163,
        "mean": 0.00365450675599,
        "median": 0.00286386394873,
        "min": 3.24823891742e-12,
        "var": 6.81344727127e-06
    },
    "spectral_rolloff": {
        "dmean": 163.686737061,
        "dmean2": 279.333374023,
        "dvar": 240119.859375,
        "dvar2": 486325.65625,
        "max": 18906.1523438,
        "mean": 1089.01867676,
        "median": 732.12890625,
        "min": 258.3984375,
        "var": 3296338.5
    },
    "spectral_skewness": {
        "dmean": 0.319873988628,
        "dmean2": 0.542600750923,
        "dvar": 0.169193968177,
        "dvar2": 0.437160968781,
        "max": 9.11667633057,
        "mean": 3.06666016579,
        "median": 2.54254508018,
        "min": -0.0571680963039,
        "var": 3.13348269463
    },
    "spectral_spread": {
        "dmean": 284205.78125,
        "dmean2": 468372.5,
        "dvar": 850073419776,
        "dvar2": 1.53209680691e+12,
        "max": 41948180,
        "mean": 3325464,
        "median": 2908296.5,
        "min": 684672.4375,
        "var": 3.06648370381e+12
    },
    "spectral_strongpeak": {
        "dmean": 0.343476325274,
        "dmean2": 0.555331408978,
        "dvar": 0.321538537741,
        "dvar2": 0.684293270111,
        "max": 9.77021121979,
        "mean": 0.861361384392,
        "median": 0.555094242096,
        "min": 0,
        "var": 0.861024022102
    },
    "zerocrossingrate": {
        "dmean": 0.00434437952936,
        "dmean2": 0.00576461059973,
        "dvar": 0.000127755600261,
        "dvar2": 0.000234431165154,
        "max": 0.505859375,
        "mean": 0.0426287800074,
        "median": 0.03515625,
        "min": 0.013671875,
        "var": 0.00237504555844
    },
    "barkbands": {
        "dmean": [7.04436297383e-06, 0.00028704261058, 9.7775424365e-05, 0.000539468892384, 0.00137347518466, 0.00118375755847, 0.00185160408728, 0.00136489106808, 0.000638149154838, 0.000553570047487, 0.000411388464272, 0.000210475394852, 0.000226048345212, 0.00014212471433, 0.000118213814858, 8.79363942659e-05, 7.47818048694e-05, 4.99625894008e-05, 3.65925152437e-05, 4.34128414781e-05, 1.40610382005e-05, 8.60570617078e-06, 5.83681867283e-06, 4.75048591397e-06, 2.93408857033e-06, 1.7968462771e-06, 1.02914299305e-07],
        "dmean2": [1.16714754768e-05, 0.000461200019345, 0.000157444694196, 0.000871274969541, 0.00190376630053, 0.00175124558154, 0.00294818123803, 0.00187174964231, 0.000987351639196, 0.000827718002256, 0.000648835848551, 0.000349945359631, 0.000375023286324, 0.00024435823434, 0.000199508140213, 0.000147357641254, 0.000127095874632, 7.93324506958e-05, 6.20771243121e-05, 6.45344334771e-05, 2.48692540481e-05, 1.47908058352e-05, 9.48199158302e-06, 7.61738192523e-06, 4.74548050988e-06, 2.83944405055e-06, 1.74716447532e-07],
        "dvar": [3.17000453665e-10, 6.23388814347e-07, 5.42474758447e-08, 1.32546688292e-06, 8.11639165477e-06, 1.21886423585e-05, 2.96708985843e-05, 2.35501775023e-05, 9.00436498341e-06, 1.6663191218e-06, 1.09798349968e-06, 1.23402594454e-06, 9.48169997628e-07, 1.15965669067e-07, 6.18509261585e-08, 5.26065910833e-08, 2.34557777645e-08, 1.07680167005e-08, 6.83329437479e-09, 1.21746195347e-08, 1.0440459608e-09, 4.00407401679e-10, 1.68704744619e-10, 1.33195593444e-10, 4.48304657286e-11, 1.77393273681e-11, 3.6419183099e-13],
        "dvar2": [8.45307823738e-10, 1.69507052306e-06, 1.49157870055e-07, 4.12914778281e-06, 1.94294098037e-05, 2.92409768008e-05, 6.33076997474e-05, 4.21314362029e-05, 2.08042874874e-05, 4.03360900236e-06, 2.58538170783e-06, 3.34589753948e-06, 2.52025370173e-06, 3.28568290797e-07, 1.72134534182e-07, 1.36743082635e-07, 6.53871765621e-08, 2.62451731459e-08, 1.85414741338e-08, 2.22030376307e-08, 3.30497207379e-09, 1.19720655611e-09, 4.46495840301e-10, 3.31355998195e-10, 1.09547364235e-10, 4.05387182156e-11, 1.03834508266e-12],
        "max": [0.000321892614011, 0.0134288761765, 0.00569679867476, 0.014101728797, 0.0607308223844, 0.0717532858253, 0.0922754108906, 0.113373652101, 0.117258526385, 0.0209005009383, 0.0190437268466, 0.0345760211349, 0.0299918409437, 0.00577971804887, 0.00508294114843, 0.00620654318482, 0.00188429129776, 0.00237684231251, 0.00191990763415, 0.00287808454596, 0.000500775233377, 0.000337820616551, 0.000310303876176, 0.000285902584437, 0.000200831666007, 0.000169093022123, 1.25444803416e-05],
        "mean": [1.18435455079e-05, 0.00229571899399, 0.000413569709053, 0.00118289049715, 0.00382489315234, 0.00276723387651, 0.00322065199725, 0.00230111414567, 0.00110506347846, 0.000986122642644, 0.0006099671009, 0.000330765673425, 0.000334085343638, 0.000211106409552, 0.000237920423388, 0.000162468335475, 0.00016086177493, 0.00013938669872, 0.000100346143881, 0.000130605461891, 4.83876829094e-05, 3.1402661989e-05, 2.36983341892e-05, 2.01319271582e-05, 1.42596036312e-05, 8.43513771542e-06, 1.61927175668e-07],
        "median": [8.71396252933e-07, 5.53140523607e-07, 3.43062151842e-06, 2.52512581937e-05, 0.000607576337643, 0.00127292517573, 0.00104704906698, 0.000381501973607, 0.000223105904297, 0.000167057878571, 0.000153506174684, 5.49786273041e-05, 0.000122345198179, 1.69662162079e-05, 8.1431651779e-05, 3.14498938678e-05, 3.51982780558e-05, 3.19102800859e-05, 1.67017678905e-05, 1.82920521183e-05, 1.51451076817e-05, 5.15050396643e-06, 9.15697455639e-06, 5.45450438949e-06, 6.76184708936e-06, 4.66926758236e-06, 6.01662664135e-10],
        "min": [7.8959580804e-24, 1.12031170083e-23, 7.55484436979e-24, 5.86994239474e-24, 7.45049211376e-23, 4.75755827269e-23, 4.61953159565e-23, 2.42969663679e-23, 1.10096558133e-22, 9.06330561271e-23, 1.1749818126e-22, 1.47845193278e-22, 6.94509922404e-23, 1.18547580834e-22, 1.06149350598e-22, 1.26818213135e-22, 1.1106965908e-22, 2.78465147996e-22, 1.6419946629e-22, 3.34280856195e-22, 6.88431263191e-22, 5.21460080468e-22, 5.72964039041e-22, 8.74601023184e-22, 1.05378801364e-21, 2.02746148468e-21, 2.4526492832e-21],
        "var": [5.59900903419e-10, 9.19185549719e-06, 4.15169409962e-07, 4.09544099966e-06, 3.44363215845e-05, 2.25876265176e-05, 5.88069524383e-05, 4.7587818699e-05, 1.46614247569e-05, 2.94240930998e-06, 1.54575138822e-06, 1.02332091956e-06, 8.34530794691e-07, 1.53132106107e-07, 1.19245839869e-07, 8.82067681118e-08, 6.36192609704e-08, 6.15755126887e-08, 3.34381589084e-08, 9.35089232712e-08, 6.38627462024e-09, 3.07678549305e-09, 1.66498825838e-09, 1.36349764812e-09, 5.75147041104e-10, 2.3347393463e-10, 7.16755159998e-13]
    },
    "erbbands": {
        "dmean": [0.00391142023727, 0.0769856274128, 0.129094704986, 1.01470839977, 1.81593799591, 5.17889547348, 9.30889415741, 11.4682216644, 22.6122512817, 27.928314209, 23.4711437225, 18.2377300262, 15.296336174, 18.3849220276, 14.3790493011, 9.37870979309, 10.5659217834, 8.26085281372, 5.6063952446, 4.54537010193, 3.54943180084, 3.4455883503, 3.25353717804, 1.79417693615, 2.09523582458, 1.76638925076, 0.832967698574, 0.475769728422, 0.356214523315, 0.222833916545, 0.170478150249, 0.110016651452, 0.0680468603969, 0.0385426543653, 0.0245626419783, 0.0115885743871, 0.00276403781027, 0.000507343444042, 1.08448448373e-05, 5.59458476346e-06],
        "dmean2": [0.00643706368282, 0.124084047973, 0.213059723377, 1.61982786655, 2.60624909401, 6.5928311348, 14.1563367844, 17.1712646484, 35.8367195129, 40.1136360168, 33.2845153809, 27.9737815857, 21.8207473755, 28.346414566, 23.4500904083, 15.3558683395, 17.5365447998, 14.0452566147, 9.50110912323, 7.66852426529, 5.83078813553, 5.86106109619, 5.22494983673, 2.9209291935, 3.47275733948, 2.65810084343, 1.3651766777, 0.83118724823, 0.609223246574, 0.376047462225, 0.276602625847, 0.180180281401, 0.110292762518, 0.0632709935308, 0.0392214097083, 0.0182462353259, 0.00442443229258, 0.000825649301987, 1.74572815013e-05, 8.30401950225e-06],
        "dvar": [0.000108971871668, 0.045735642314, 0.0998516455293, 4.78087472916, 13.310297966, 106.695678711, 479.76675415, 1437.21826172, 4607.00976562, 7488.87744141, 9342.0625, 8183.87304688, 989.689208984, 2352.29321289, 1666.80908203, 2174.90014648, 2131.3347168, 403.880889893, 215.744735718, 89.1488876343, 54.8404273987, 53.7608757019, 46.6684188843, 20.410402298, 26.8738098145, 21.7231349945, 4.05948495865, 1.15811276436, 0.748975098133, 0.30644929409, 0.139531850815, 0.0813456997275, 0.0281225908548, 0.00732778245583, 0.0034089256078, 0.000728130922653, 4.96133725392e-05, 3.03346450892e-06, 1.19638088325e-09, 1.52139398302e-10],
        "dvar2": [0.000303764507407, 0.123364962637, 0.25870397687, 14.6666040421, 33.1805686951, 222.269866943, 1257.30541992, 3463.5390625, 9919.48242188, 13618.4873047, 16935.7539062, 18943.7890625, 2130.59521484, 5609.98388672, 4188.60986328, 5770.18408203, 5658.52685547, 1122.47570801, 611.763183594, 236.460083008, 144.018936157, 152.58605957, 111.442741394, 44.2377700806, 67.5009307861, 42.3603973389, 9.99836158752, 3.73207044601, 2.20698428154, 0.898487508297, 0.376678466797, 0.219097614288, 0.0719165056944, 0.0181517452002, 0.00888835266232, 0.00170015706681, 0.000110479806608, 7.88217766967e-06, 3.10898773392e-09, 3.36353750408e-10],
        "max": [0.189424321055, 3.75895571709, 6.6906952858, 28.8731803894, 73.4959411621, 221.103408813, 527.596191406, 819.374145508, 1254.95300293, 2312.00732422, 2823.05249023, 3563.03125, 570.075500488, 703.013977051, 846.909484863, 1477.98510742, 1447.31481934, 326.050506592, 373.095977783, 224.140731812, 167.680969238, 129.107437134, 162.411239624, 114.292236328, 120.298988342, 137.974380493, 53.6907310486, 17.7398529053, 16.1186580658, 11.8430328369, 7.51141738892, 6.38072729111, 4.42236852646, 2.46099376678, 1.57079875469, 0.928655207157, 0.306051343679, 0.0637211352587, 0.00123573036399, 0.000205292715691],
        "mean": [0.0310297124088, 0.615662097931, 0.759784519672, 2.58255839348, 5.46582841873, 15.4143810272, 20.4879779816, 25.1823215485, 39.5927047729, 52.1604957581, 40.9920883179, 32.4634666443, 28.3832778931, 30.1030578613, 22.5491847992, 15.6610994339, 16.589673996, 13.6489582062, 11.3521881104, 10.2707624435, 8.0676612854, 8.06533718109, 9.00598239899, 5.6263422966, 5.85491514206, 5.45394849777, 2.88649988174, 1.63825392723, 1.24454903603, 0.830276310444, 0.674006938934, 0.454065620899, 0.300789773464, 0.182499468327, 0.10034006834, 0.0478330291808, 0.01255779434, 0.00175115838647, 4.54487126262e-05, 2.52022400673e-05],
        "median": [3.9359278162e-05, 0.000450710766017, 0.00636684242636, 0.0634870454669, 0.593352615833, 1.68843078613, 7.65439796448, 10.2306785583, 13.4565696716, 17.2971096039, 9.13876152039, 7.16317796707, 3.8704791069, 7.56776428223, 5.77475738525, 3.05655097961, 6.65084791183, 3.09113526344, 4.33521747589, 3.21474289894, 2.28452563286, 2.20476198196, 2.47271466255, 1.25022006035, 1.05986607075, 0.815786063671, 0.556394815445, 0.428764313459, 0.165523082018, 0.116442121565, 0.292874187231, 0.126077592373, 0.0892934203148, 0.0772665739059, 0.041645038873, 0.022450171411, 0.00673990044743, 0.00066401809454, 2.97954975395e-05, 1.25334563563e-05],
        "min": [2.62601824146e-22, 2.6310268645e-21, 1.11710467075e-20, 1.46005956883e-20, 8.02646177091e-20, 3.35430372088e-19, 2.58266104863e-19, 5.10309795267e-19, 4.46417744368e-19, 7.58805914818e-19, 9.52598150619e-19, 3.10150708932e-18, 3.43958552505e-18, 1.54420930525e-18, 6.94921050051e-18, 6.06201379861e-18, 3.49620128169e-18, 4.70985184336e-18, 6.86215759925e-18, 6.03711111268e-18, 6.41894926396e-18, 7.43411866484e-18, 1.50112287334e-17, 1.00330622468e-17, 1.19263777529e-17, 1.42186011094e-17, 2.57533138054e-17, 2.42557711352e-17, 1.61787577721e-17, 2.01277246339e-17, 1.68479535051e-17, 2.19691891505e-17, 1.16432627806e-17, 1.04994523188e-17, 8.4563840346e-18, 6.88564952865e-18, 4.00500173083e-18, 1.14780936306e-18, 3.58557075395e-19, 3.61011184563e-20],
        "var": [0.00199369946495, 0.654042541981, 1.0583794117, 19.2582893372, 85.0021896362, 600.336547852, 1017.78369141, 2451.48925781, 8454.57617188, 15901.5390625, 19337.4511719, 12889.2792969, 2399.44897461, 3460.65209961, 2221.41625977, 1928.63452148, 1893.33935547, 545.755187988, 298.785705566, 223.645782471, 143.304794312, 170.336578369, 264.563903809, 123.58065033, 142.607345581, 167.266159058, 31.9296131134, 6.75406980515, 4.79690170288, 2.37990140915, 1.21378707886, 0.696473836899, 0.310099601746, 0.0902640596032, 0.0289843007922, 0.00743127381429, 0.000605304550845, 1.80334936886e-05, 7.65121122015e-09, 7.63312801855e-10]
    },
    "gfcc": {
        "mean": [-114.193092346, 96.1152038574, -127.751396179, -21.7714996338, -82.62840271, -14.4601297379, -54.3404350281, 5.01328849792, -29.8116340637, 8.3061580658, -11.4828233719, 6.5065202713, -5.82906341553],
        "cov": [[30455.9003906, 1719.76391602, -429.159057617, 4946.10791016, 1542.27392578, 2228.15185547, 964.609191895, 704.909179688, 108.711616516, -254.887496948, -688.240966797, -529.00390625, -702.151550293], [1719.76391602, 2732.39990234, 996.351928711, 89.6079711914, 953.351013184, 315.152893066, 506.87121582, 126.394042969, 22.0909137726, -140.185638428, -131.730392456, -182.226806641, 52.4519119263], [-429.159057617, 996.351928711, 983.358154297, 137.642211914, 664.376220703, 248.549972534, 276.775146484, 168.495269775, -86.1249389648, -33.2088356018, -145.093978882, -88.3873214722, -59.8157653809], [4946.10791016, 89.6079711914, 137.642211914, 1711.86767578, 487.081817627, 622.45489502, 364.578155518, 135.784286499, 20.8156337738, -237.722869873, -194.193511963, -215.266921997, -142.426818848], [1542.27392578, 953.351013184, 664.376220703, 487.081817627, 1029.20910645, 457.648895264, 474.01071167, 255.590835571, 3.71427464485, 17.191576004, -174.052276611, -70.6131134033, -144.212646484], [2228.15185547, 315.152893066, 248.549972534, 622.45489502, 457.648895264, 552.832092285, 239.436630249, 176.838256836, 65.3700561523, -26.5816917419, -76.5494155884, -95.2509689331, -45.2276573181], [964.609191895, 506.87121582, 276.775146484, 364.578155518, 474.01071167, 239.436630249, 426.879852295, 118.172286987, 32.9005508423, 17.3574886322, -90.8547363281, -81.1469802856, -87.4822387695], [704.909179688, 126.394042969, 168.495269775, 135.784286499, 255.590835571, 176.838256836, 118.172286987, 204.146713257, -4.1059346199, 29.1863250732, -35.0398406982, -26.0369319916, -54.4474639893], [108.711616516, 22.0909137726, -86.1249389648, 20.8156337738, 3.71427464485, 65.3700561523, 32.9005508423, -4.1059346199, 172.742782593, 8.82651901245, 24.1959457397, 3.14265084267, 6.07198619843], [-254.887496948, -140.185638428, -33.2088356018, -237.722869873, 17.191576004, -26.5816917419, 17.3574886322, 29.1863250732, 8.82651901245, 241.839004517, 25.8295707703, 35.1816558838, -17.7061748505], [-688.240966797, -131.730392456, -145.093978882, -194.193511963, -174.052276611, -76.5494155884, -90.8547363281, -35.0398406982, 24.1959457397, 25.8295707703, 142.768875122, 38.8784103394, 54.5999183655], [-529.00390625, -182.226806641, -88.3873214722, -215.266921997, -70.6131134033, -95.2509689331, -81.1469802856, -26.0369319916, 3.14265084267, 35.1816558838, 38.8784103394, 133.305786133, 13.0369377136], [-702.151550293, 52.4519119263, -59.8157653809, -142.426818848, -144.212646484, -45.2276573181, -87.4822387695, -54.4474639893, 6.07198619843, -17.7061748505, 54.5999183655, 13.0369377136, 160.508834839]],
        "icov": [[0.000196491280803, -0.000524942413904, 0.000594950397499, -0.000632622977719, 0.000372072914615, -0.000436584668932, 0.000455856788903, -0.000454028631793, 0.000317869213177, -0.00061675615143, 0.000514967716299, -0.000562938861549, 0.000787668279372], [-0.000524942413904, 0.00240287510678, -0.002025968628, 0.00210536294617, -0.00187014497351, 0.00126703921705, -0.00173629261553, 0.00173036113847, -0.00115107861347, 0.00243276520632, -0.00159120711032, 0.00259720860049, -0.00300880102441], [0.000594950397499, -0.002025968628, 0.00437545357272, -0.00142084399704, -3.46371234627e-05, -0.00171392597258, 0.00161365058739, -0.00168305728585, 0.00221122032963, -0.00145276717376, 0.00238612131216, -0.000995919224806, 0.00245428201742], [-0.000632622977719, 0.00210536294617, -0.00142084399704, 0.00400679791346, -0.00151317473501, -0.000465970340883, -0.00234379549511, 0.00223619374447, -0.000412510766182, 0.00374383758754, -0.000872086209711, 0.00324068125337, -0.00197720527649], [0.000372072914615, -0.00187014497351, -3.46371234627e-05, -0.00151317473501, 0.00574070028961, -0.00246835453436, -0.00123344443273, -0.00239613442682, 0.000889466784429, -0.00196224381216, 0.00237104971893, -0.00398858962581, 0.00312771997415], [-0.000436584668932, 0.00126703921705, -0.00171392597258, -0.000465970340883, -0.00246835453436, 0.00696022156626, -0.000306694797473, -0.00146526645403, -0.00290721887723, 0.000447824568255, -0.00192378996871, 0.00217283400707, -0.00365951191634], [0.000455856788903, -0.00173629261553, 0.00161365058739, -0.00234379549511, -0.00123344443273, -0.000306694797473, 0.00719051249325, -0.00129851105157, -0.000348070985638, -0.00284918211401, 0.00115643790923, 0.000134102199809, 0.00266167661175], [-0.000454028631793, 0.00173036113847, -0.00168305728585, 0.00223619374447, -0.00239613442682, -0.00146526645403, -0.00129851105157, 0.00995438545942, 0.000244371418376, 0.00124960835092, -0.00204787403345, 0.0022015911527, -0.000444912700914], [0.000317869213177, -0.00115107861347, 0.00221122032963, -0.000412510766182, 0.000889466784429, -0.00290721887723, -0.000348070985638, 0.000244371418376, 0.00804409012198, -0.000769779260736, -9.66150946624e-06, -0.00144494255073, 0.00182927376591], [-0.00061675615143, 0.00243276520632, -0.00145276717376, 0.00374383758754, -0.00196224381216, 0.000447824568255, -0.00284918211401, 0.00124960835092, -0.000769779260736, 0.00837184395641, -0.00201809010468, 0.00234648329206, -0.00202962080948], [0.000514967716299, -0.00159120711032, 0.00238612131216, -0.000872086209711, 0.00237104971893, -0.00192378996871, 0.00115643790923, -0.00204787403345, -9.66150946624e-06, -0.00201809010468, 0.0124263903126, -0.00288297887892, 0.000196816617972], [-0.000562938861549, 0.00259720860049, -0.000995919224806, 0.00324068125337, -0.00398858962581, 0.00217283400707, 0.000134102199809, 0.0022015911527, -0.00144494255073, 0.00234648329206, -0.00288297887892, 0.0138707235456, -0.0027907458134], [0.000787668279372, -0.00300880102441, 0.00245428201742, -0.00197720527649, 0.00312771997415, -0.00365951191634, 0.00266167661175, -0.000444912700914, 0.00182927376591, -0.00202962080948, 0.000196816617972, -0.0027907458134, 0.0127646606416]]
    },
    "melbands": {
        "dmean": [6.02284162596e-05, 7.97298780526e-05, 0.000186099525308, 0.00022524324595, 0.000320122751873, 0.000241414047196, 0.000371467962395, 0.000305966968881, 0.00016601421521, 0.000116998839076, 7.43120690458e-05, 7.68482932472e-05, 4.70307531941e-05, 3.1704428693e-05, 1.7076761651e-05, 2.56452440226e-05, 1.68572660186e-05, 8.58783459989e-06, 8.99372207641e-06, 8.28077645565e-06, 3.78760023523e-06, 3.95250481233e-06, 3.79619064006e-06, 2.12370309782e-06, 1.6165698753e-06, 1.56224314196e-06, 1.50001312704e-06, 1.37394579269e-06, 7.35080163849e-07, 4.04482165095e-07, 2.84610877088e-07, 2.49248870432e-07, 1.57216135221e-07, 1.36513818916e-07, 1.19328376513e-07, 8.40102671873e-08, 7.91827261537e-08, 5.35353379405e-08, 5.12239388684e-08, 3.37122401106e-08],
        "dmean2": [9.7287047538e-05, 0.000129750929773, 0.000297415652312, 0.000280906941043, 0.00048000033712, 0.000359013589332, 0.000593738630414, 0.000431136490079, 0.000238905893639, 0.000181315946975, 0.000106350569695, 0.000119152959087, 7.62273557484e-05, 5.24879142176e-05, 2.7828857128e-05, 4.30478321505e-05, 2.89283161692e-05, 1.47044765981e-05, 1.5158453607e-05, 1.39069088618e-05, 6.31253578831e-06, 6.70262170388e-06, 6.26518612989e-06, 3.38387326337e-06, 2.63292622549e-06, 2.69924544227e-06, 2.36985283664e-06, 2.04897969525e-06, 1.17225374652e-06, 7.04165813659e-07, 4.98402016547e-07, 4.28675889452e-07, 2.70167845429e-07, 2.29116210448e-07, 1.98390068817e-07, 1.34240522698e-07, 1.30289393496e-07, 8.78038903807e-08, 8.27122406122e-08, 5.52113768038e-08],
        "dvar": [2.57549306326e-08, 4.52574724363e-08, 1.47799170236e-07, 2.05229810035e-07, 5.69931614791e-07, 5.93797551574e-07, 1.20531763059e-06, 9.39152016599e-07, 4.666630673e-07, 3.56031733872e-07, 2.21553371205e-08, 4.19901802218e-08, 1.63616729054e-08, 2.31983552368e-08, 2.8087512316e-09, 1.58470001566e-08, 1.59217283802e-09, 6.06071137721e-10, 3.2292776786e-10, 5.10670061793e-10, 5.76959938159e-11, 7.157782006e-11, 5.89680804186e-11, 1.80027086988e-11, 1.7797400706e-11, 1.69839038666e-11, 1.70810362382e-11, 1.83325438163e-11, 3.84067474005e-12, 8.02985824534e-13, 4.7875408065e-13, 3.74059832588e-13, 1.56388031865e-13, 1.27745185849e-13, 7.25131963481e-14, 4.31104669107e-14, 4.28568008718e-14, 1.94631704959e-14, 1.3704567029e-14, 5.68631216942e-15],
        "dvar2": [7.08672160954e-08, 1.1710586989e-07, 4.54027883734e-07, 4.15755494032e-07, 1.47941636897e-06, 1.43649879192e-06, 2.59539797298e-06, 1.66866357176e-06, 8.4616760887e-07, 8.34134198158e-07, 4.76500190416e-08, 1.01376606665e-07, 4.10036946619e-08, 6.33056558286e-08, 7.22124626762e-09, 4.27961275307e-08, 4.45341896693e-09, 1.73281577975e-09, 8.69984972951e-10, 1.34307454047e-09, 1.55875937158e-10, 1.98301139398e-10, 1.59799215527e-10, 4.53112859733e-11, 3.86738106817e-11, 4.68331727566e-11, 3.41108877255e-11, 3.319771541e-11, 8.62195991685e-12, 2.46610002384e-12, 1.51544196029e-12, 1.11045168286e-12, 4.78792786668e-13, 3.75292218092e-13, 2.00900087581e-13, 1.09861372658e-13, 1.1905977777e-13, 5.02807837683e-14, 3.4403124067e-14, 1.36847735631e-14],
        "max": [0.00238924473524, 0.00444894749671, 0.00494001060724, 0.0100634358823, 0.0185857191682, 0.0163445286453, 0.0183617994189, 0.0274067558348, 0.0198152456433, 0.0233364477754, 0.00175197748467, 0.00278768478893, 0.00274715875275, 0.00462001143023, 0.00112165231258, 0.00378844048828, 0.000715511967428, 0.000634482072201, 0.000213576655369, 0.000618070363998, 9.47192675085e-05, 0.00016358110588, 0.000129499181639, 8.55657999637e-05, 0.000104617502075, 0.000110264059913, 0.000122493482195, 0.000128694955492, 5.59406580578e-05, 1.22069795907e-05, 1.03005986603e-05, 1.00755296444e-05, 7.66934044805e-06, 6.87443844072e-06, 4.9176610446e-06, 3.93574873669e-06, 4.43314365839e-06, 3.49127799382e-06, 2.56457792602e-06, 2.0765901354e-06],
        "mean": [0.00049436633708, 0.00059022573987, 0.000489664322231, 0.000727455480956, 0.000764775148127, 0.000532313250005, 0.000647720182315, 0.000562889035791, 0.000285726098809, 0.000200808150112, 0.000135024209158, 0.000119151343824, 7.12987093721e-05, 4.91432765557e-05, 3.01378822769e-05, 3.64233892469e-05, 2.48478663707e-05, 1.58092316269e-05, 1.74552296812e-05, 1.45460562635e-05, 8.11974132375e-06, 8.51435561344e-06, 8.99562837731e-06, 6.05645391261e-06, 4.32773913417e-06, 3.95869756176e-06, 3.89895330954e-06, 3.92995571019e-06, 2.21093478103e-06, 1.20060644804e-06, 8.38688436033e-07, 7.44241447137e-07, 5.24983249761e-07, 4.21594137379e-07, 3.96251721213e-07, 3.31146480903e-07, 2.64255589855e-07, 2.06479739973e-07, 2.06842074135e-07, 1.34810889563e-07],
        "median": [2.19718572225e-07, 1.18005152672e-06, 1.92352672457e-05, 4.89670055686e-05, 0.000281398242805, 0.000225278228754, 0.000207856079214, 0.000171225896338, 5.92404321651e-05, 3.9745853428e-05, 1.7678255972e-05, 2.6453528335e-05, 1.72849104274e-05, 1.15496914077e-05, 8.1906628111e-06, 1.30843181978e-05, 2.33802370531e-06, 4.87015904582e-06, 4.78353649669e-06, 2.65217249762e-06, 1.8577973151e-06, 1.69661700511e-06, 2.49152299148e-06, 1.38735038036e-06, 5.79378422572e-07, 4.96167785968e-07, 4.59105848449e-07, 3.99209426405e-07, 2.66647987246e-07, 4.8358759841e-07, 1.81248807962e-07, 8.10352602798e-08, 7.20489339301e-08, 4.88675340193e-08, 1.18880151945e-07, 6.54526033372e-08, 3.41234311918e-08, 3.90654975035e-08, 7.27998425987e-08, 4.89291664962e-08],
        "min": [2.74843773937e-24, 5.12086492826e-24, 3.11017286569e-24, 1.5728520143e-23, 1.15299468145e-23, 1.03246493929e-23, 7.98130651946e-24, 7.42872365485e-24, 9.91390608559e-24, 1.81158167683e-23, 1.65478168797e-23, 5.01856071291e-24, 1.8422833544e-23, 1.95831737827e-23, 1.04800234367e-23, 6.69275508446e-24, 8.7274963606e-24, 1.18335951541e-23, 7.99129349852e-24, 7.6956939067e-24, 7.81673356855e-24, 7.13341909701e-24, 9.75802559299e-24, 1.45307042782e-23, 7.15909967492e-24, 6.50682096353e-24, 1.25346621515e-23, 7.61267497389e-24, 1.48972595419e-23, 1.65411888704e-23, 1.31404079302e-23, 7.40229918111e-24, 1.25998473058e-23, 1.03708671756e-23, 9.42549705562e-24, 9.90941746704e-24, 1.52827790217e-23, 8.37832680242e-24, 5.80087920021e-24, 9.92386229907e-24],
        "var": [4.49941353509e-07, 5.81823542234e-07, 6.15586998265e-07, 1.35028574277e-06, 1.39597284488e-06, 1.00783199741e-06, 2.29740908253e-06, 1.98018074116e-06, 9.82472101896e-07, 5.52172537027e-07, 5.34517567985e-08, 5.84917181357e-08, 2.12050892401e-08, 1.89385023219e-08, 3.25946714064e-09, 1.29721611231e-08, 2.12217932116e-09, 6.96646851317e-10, 7.2015760022e-10, 7.81674613926e-10, 1.4951283267e-10, 2.21887105911e-10, 2.28634430832e-10, 1.04326790262e-10, 9.32696767042e-11, 6.9984427975e-11, 1.11660534985e-10, 1.38319800058e-10, 2.74594721961e-11, 3.48630195893e-12, 2.14058545195e-12, 1.77331988069e-12, 9.52766294679e-13, 7.06083303804e-13, 4.4088539243e-13, 3.563091662e-13, 2.57688239236e-13, 1.72434576383e-13, 1.12509712647e-13, 5.71980884965e-14]
    },
    "mfcc": {
        "mean": [-753.44128418, 137.848800659, -7.52452087402, -12.5623636246, -22.6969604492, -25.3336277008, -20.2288913727, -15.9995708466, -13.0104780197, -10.1405725479, -7.14042186737, 0.538950800896, 0.645558834076],
        "cov": [[21136.2617188, 1342.64465332, -911.550292969, 3097.40625, 2205.42651367, 2083.77905273, 1646.35986328, 1380.89038086, 1097.19543457, 933.640136719, 330.851654053, 85.2509613037, -422.207824707], [1342.64465332, 2759.20947266, 410.185852051, 436.020599365, 743.143676758, 560.565612793, 631.076599121, 432.809906006, 453.652069092, 240.929046631, 146.626800537, 90.6469345093, -72.8162689209], [-911.550292969, 410.185852051, 535.19909668, 69.3168487549, 85.7141342163, 89.6985702515, 99.7842178345, 60.7152709961, 77.188835144, 13.1203289032, -17.51745224, -40.5638580322, -71.9494552612], [3097.40625, 436.020599365, 69.3168487549, 899.155334473, 539.733459473, 510.680175781, 461.495147705, 370.220855713, 253.726699829, 189.656982422, 37.5527496338, -16.1245326996, -134.839599609], [2205.42651367, 743.143676758, 85.7141342163, 539.733459473, 671.897216797, 463.625366211, 428.57220459, 364.676544189, 288.958190918, 172.250442505, 80.1554031372, 38.3059577942, -79.2162399292], [2083.77905273, 560.565612793, 89.6985702515, 510.680175781, 463.625366211, 552.823913574, 396.275421143, 292.59487915, 279.739624023, 211.05166626, 89.5251846313, 42.8224258423, -60.2302055359], [1646.35986328, 631.076599121, 99.7842178345, 461.495147705, 428.57220459, 396.275421143, 485.332519531, 282.812438965, 248.728240967, 181.111999512, 91.8252868652, 17.0477981567, -49.9022483826], [1380.89038086, 432.809906006, 60.7152709961, 370.220855713, 364.676544189, 292.59487915, 282.812438965, 351.787567139, 187.873825073, 114.829673767, 59.2435188293, 30.1526279449, -58.4682922363], [1097.19543457, 453.652069092, 77.188835144, 253.726699829, 288.958190918, 279.739624023, 248.728240967, 187.873825073, 269.982757568, 148.131515503, 59.1972465515, 40.6642341614, -28.8916397095], [933.640136719, 240.929046631, 13.1203289032, 189.656982422, 172.250442505, 211.05166626, 181.111999512, 114.829673767, 148.131515503, 199.433105469, 85.5000305176, 18.6412906647, -1.79197490215], [330.851654053, 146.626800537, -17.51745224, 37.5527496338, 80.1554031372, 89.5251846313, 91.8252868652, 59.2435188293, 59.1972465515, 85.5000305176, 159.707946777, 20.7405929565, 17.1379089355], [85.2509613037, 90.6469345093, -40.5638580322, -16.1245326996, 38.3059577942, 42.8224258423, 17.0477981567, 30.1526279449, 40.6642341614, 18.6412906647, 20.7405929565, 146.183410645, 38.1712608337], [-422.207824707, -72.8162689209, -71.9494552612, -134.839599609, -79.2162399292, -60.2302055359, -49.9022483826, -58.4682922363, -28.8916397095, -1.79197490215, 17.1379089355, 38.1712608337, 143.698043823]],
