{
"lowlevel": {
    "average_loudness": 0.905978679657,
    "barkbands_crest": {
        "dmean": 3.17126202583,
        "dmean2": 4.9174656868,
        "dvar": 8.77747058868,
        "dvar2": 19.1217193604,
        "max": 26.7539463043,
        "mean": 11.0684309006,
        "median": 9.15972423553,
        "min": 1.76392638683,
        "var": 43.0011024475
    },
    "barkbands_flatness_db": {
        "dmean": 0.0338594689965,
        "dmean2": 0.0522190853953,
        "dvar": 0.00183589092921,
        "dvar2": 0.00374107435346,
        "max": 0.563909649849,
        "mean": 0.131532922387,
        "median": 0.109041407704,
        "min": 0.0102883838117,
        "var": 0.0076228431426
    },
    "barkbands_kurtosis": {
        "dmean": 9.56566905975,
        "dmean2": 15.7421998978,
        "dvar": 1713.31274414,
        "dvar2": 4336.82666016,
        "max": 1914.4161377,
        "mean": 10.5064868927,
        "median": 0.515810847282,
        "min": -1.91228580475,
        "var": 1749.22924805
    },
    "barkbands_skewness": {
        "dmean": 1.0017209053,
        "dmean2": 1.60607612133,
        "dvar": 2.37689208984,
        "dvar2": 5.72811460495,
        "max": 39.0852050781,
        "mean": 1.85594785213,
        "median": 1.06862366199,
        "min": -1.9880040884,
        "var": 5.64618301392
    },
    "barkbands_spread": {
        "dmean": 10.0426425934,
        "dmean2": 15.9077539444,
        "dvar": 153.615661621,
        "dvar2": 334.525177002,
        "max": 100.083900452,
        "mean": 30.8960762024,
        "median": 28.3410129547,
        "min": 0.0990611538291,
        "var": 440.670776367
    },
    "dissonance": {
        "dmean": 0.0141175724566,
        "dmean2": 0.0237507708371,
        "dvar": 0.000221888054512,
        "dvar2": 0.000604039931204,
        "max": 0.500000178814,
        "mean": 0.476834535599,
        "median": 0.483379989862,
        "min": 0.259495526552,
        "var": 0.000523880706169
    },
    "dynamic_complexity": 3.77124357224,
    "erbbands_crest": {
        "dmean": 2.19900465012,
        "dmean2": 3.68145728111,
        "dvar": 5.04248952866,
        "dvar2": 12.676574707,
        "max": 31.4471282959,
        "mean": 6.59527492523,
        "median": 5.63064241409,
        "min": 2.20752882957,
        "var": 12.006896019
    },
    "erbbands_flatness_db": {
        "dmean": 0.0166800562292,
        "dmean2": 0.0256225541234,
        "dvar": 0.000324529362842,
        "dvar2": 0.000695606810041,
        "max": 0.492621362209,
        "mean": 0.138482272625,
        "median": 0.119127355516,
        "min": 0.0595548860729,
        "var": 0.0036672372371
    },
    "erbbands_kurtosis": {
        "dmean": 0.854537844658,
        "dmean2": 1.38801133633,
        "dvar": 1.55162882805,
        "dvar2": 3.69803142548,
        "max": 25.7225055695,
        "mean": 0.107653871179,
        "median": -0.383447885513,
        "min": -1.80865561962,
        "var": 3.13987898827
    },
    "erbbands_skewness": {
        "dmean": 0.439402669668,
        "dmean2": 0.690926730633,
        "dvar": 0.207827076316,
        "dvar2": 0.496539771557,
        "max": 4.33886575699,
        "mean": 0.122564591467,
        "median": 0.0860729813576,
        "min": -2.65047430992,
        "var": 0.537847042084
    },
    "erbbands_spread": {
        "dmean": 11.9269399643,
        "dmean2": 18.8356304169,
        "dvar": 183.899978638,
        "dvar2": 447.458740234,
        "max": 149.87802124,
        "mean": 47.6061859131,
        "median": 45.6197814941,
        "min": 1.99193012714,
        "var": 517.546691895
    },
    "hfc": {
        "dmean": 18.1389141083,
        "dmean2": 29.7174110413,
        "dvar": 806.841003418,
        "dvar2": 2133.97119141,
        "max": 221.246658325,
        "mean": 32.613948822,
        "median": 19.1543560028,
        "min": 1.21512183474e-16,
        "var": 1268.94335938
    },
    "melbands_crest": {
        "dmean": 4.08506965637,
        "dmean2": 6.35521125793,
        "dvar": 15.0111503601,
        "dvar2": 31.9900798798,
        "max": 37.225856781,
        "mean": 16.0681686401,
        "median": 13.9466094971,
        "min": 2.23947715759,
        "var": 71.6788024902
    },
    "melbands_flatness_db": {
        "dmean": 0.0444072969258,
        "dmean2": 0.0686009079218,
        "dvar": 0.00304144411348,
        "dvar2": 0.00640338100493,
        "max": 0.704638302326,
        "mean": 0.183310389519,
        "median": 0.159455478191,
        "min": 0.00527689885348,
        "var": 0.0124691845849
    },
    "melbands_kurtosis": {
        "dmean": 21.7283992767,
        "dmean2": 36.5261535645,
        "dvar": 2326.85083008,
        "dvar2": 6073.65039062,
        "max": 819.149536133,
        "mean": 30.9290676117,
        "median": 6.57701730728,
        "min": -1.71769678593,
        "var": 3628.55908203
    },
    "melbands_skewness": {
        "dmean": 1.31022119522,
        "dmean2": 2.12267327309,
        "dvar": 3.35969853401,
        "dvar2": 8.05695056915,
        "max": 23.0675621033,
        "mean": 3.53497242928,
        "median": 2.32438087463,
        "min": -1.17086219788,
        "var": 9.77504920959
    },
    "melbands_spread": {
        "dmean": 13.8490524292,
        "dmean2": 22.9328708649,
        "dvar": 356.615905762,
        "dvar2": 849.09777832,
        "max": 187.086624146,
        "mean": 33.0770606995,
        "median": 27.0017738342,
        "min": 0.268168181181,
        "var": 774.73840332
    },
    "pitch_salience": {
        "dmean": 0.0915785208344,
        "dmean2": 0.140720069408,
        "dvar": 0.00870659481734,
        "dvar2": 0.0178053658456,
        "max": 0.909524440765,
        "mean": 0.530870676041,
        "median": 0.594734072685,
        "min": 0.0315681919456,
        "var": 0.0389544181526
    },
    "silence_rate_20dB": {
        "dmean": 0,
        "dmean2": 0,
        "dvar": 0,
        "dvar2": 0,
        "max": 1,
        "mean": 1,
        "median": 1,
        "min": 1,
        "var": 0
    },
    "silence_rate_30dB": {
        "dmean": 0.0460119135678,
        "dmean2": 0.0920345708728,
        "dvar": 0.0438933260739,
        "dvar2": 0.119311578572,
        "max": 1,
        "mean": 0.970574498177,
        "median": 1,
        "min": 0,
        "var": 0.0285596363246
    },
    "silence_rate_60dB": {
        "dmean": 0.0140137802809,
        "dmean2": 0.0280308332294,
        "dvar": 0.0138176856562,
        "dvar2": 0.0323852151632,
        "max": 1,
        "mean": 0.0890938788652,
        "median": 0,
        "min": 0,
        "var": 0.0811535418034
    },
    "spectral_centroid": {
        "dmean": 451.318634033,
        "dmean2": 730.507202148,
        "dvar": 294872.4375,
        "dvar2": 694877.625,
        "max": 11107.0439453,
        "mean": 1786.83007812,
        "median": 1834.93676758,
        "min": 95.8874511719,
        "var": 785799.5625
    },
    "spectral_complexity": {
        "dmean": 6.76141548157,
        "dmean2": 10.8133611679,
        "dvar": 60.8222389221,
        "dvar2": 139.588684082,
        "max": 64,
        "mean": 22.8475017548,
        "median": 20,
        "min": 0,
        "var": 230.414489746
    },
    "spectral_decrease": {
        "dmean": 3.41794015313e-09,
        "dmean2": 5.26908428e-09,
        "dvar": 2.73227268903e-17,
        "dvar2": 6.46280249229e-17,
        "max": -3.47868989719e-29,
        "mean": -8.43846237331e-09,
        "median": -5.25965759834e-09,
        "min": -4.9275332259e-08,
        "var": 7.24151693839e-17
    },
    "spectral_energy": {
        "dmean": 0.0136856827885,
        "dmean2": 0.020955786109,
        "dvar": 0.000388073560316,
        "dvar2": 0.000896191049833,
        "max": 0.189066693187,
        "mean": 0.0348069369793,
        "median": 0.023712195456,
        "min": 1.11527986509e-20,
        "var": 0.00110394821968
    },
    "spectral_energyband_high": {
        "dmean": 0.00177066004835,
        "dmean2": 0.00293315341696,
        "dvar": 8.07749893283e-06,
        "dvar2": 2.14777701331e-05,
        "max": 0.0224703829736,
        "mean": 0.00282275862992,
        "median": 0.00126298598479,
        "min": 8.16022721572e-21,
        "var": 1.32358327392e-05
    },
    "spectral_energyband_low": {
        "dmean": 0.0103289093822,
        "dmean2": 0.016621561721,
        "dvar": 0.000356883509085,
        "dvar2": 0.000910063623451,
        "max": 0.165776446462,
        "mean": 0.0211793594062,
        "median": 0.00591364037246,
        "min": 5.32817102661e-23,
        "var": 0.000882262713276
    },
    "spectral_energyband_middle_high": {
        "dmean": 0.00266526686028,
        "dmean2": 0.00455544469878,
        "dvar": 1.65715027833e-05,
        "dvar2": 4.47098027507e-05,
        "max": 0.0345287136734,
        "mean": 0.00477426638827,
        "median": 0.0032577815,
        "min": 1.52696834258e-21,
        "var": 2.59942808043e-05
    },
    "spectral_energyband_middle_low": {
        "dmean": 0.00636170245707,
        "dmean2": 0.0110156778246,
        "dvar": 0.000246845011134,
        "dvar2": 0.000670694222208,
        "max": 0.112473256886,
        "mean": 0.0075544831343,
        "median": 0.00402241572738,
        "min": 4.82762527695e-22,
        "var": 0.000171637075255
    },
    "spectral_entropy": {
        "dmean": 0.208409845829,
        "dmean2": 0.318475604057,
        "dvar": 0.078441940248,
        "dvar2": 0.168485894799,
        "max": 9.7956571579,
        "mean": 7.9308514595,
        "median": 8.12100791931,
        "min": 4.86040401459,
        "var": 0.335037618876
    },
    "spectral_flux": {
        "dmean": 0.0325511805713,
        "dmean2": 0.04604530707,
        "dvar": 0.00157933554146,
        "dvar2": 0.00255018216558,
        "max": 0.381517380476,
        "mean": 0.103638611734,
        "median": 0.0915306210518,
        "min": 1.0560681496e-10,
        "var": 0.00504525424913
    },
    "spectral_kurtosis": {
        "dmean": 1.74184918404,
        "dmean2": 2.84440493584,
        "dvar": 16.7707920074,
        "dvar2": 46.6456298828,
        "max": 100.762878418,
        "mean": 3.63835835457,
        "median": 1.87869548798,
        "min": -1.17149877548,
        "var": 42.348487854
    },
    "spectral_rms": {
        "dmean": 0.00102477730252,
        "dmean2": 0.00151721807197,
        "dvar": 1.44871432894e-06,
        "dvar2": 2.94576761917e-06,
        "max": 0.0135814324021,
        "mean": 0.00511683290824,
        "median": 0.00480976607651,
        "min": 3.29860249358e-12,
        "var": 7.77600598667e-06
    },
    "spectral_rolloff": {
        "dmean": 1127.28991699,
        "dmean2": 1891.73681641,
        "dvar": 2667022.5,
        "dvar2": 5862273,
        "max": 18518.5546875,
        "mean": 2487.53735352,
        "median": 1679.58984375,
        "min": 64.599609375,
        "var": 5930205
    },
    "spectral_skewness": {
        "dmean": 0.238003194332,
        "dmean2": 0.371937215328,
        "dvar": 0.106957152486,
        "dvar2": 0.259586036205,
        "max": 8.09121513367,
        "mean": 1.32849550247,
        "median": 1.13669586182,
        "min": -0.0333302021027,
        "var": 0.499718695879
    },
    "spectral_spread": {
        "dmean": 733905.6875,
        "dmean2": 1064210.625,
        "dvar": 797462429696,
        "dvar2": 1.4408178729e+12,
        "max": 40339212,
        "mean": 5426487.5,
        "median": 5585645.5,
        "min": 644311.625,
        "var": 3.54900246528e+12
    },
    "spectral_strongpeak": {
        "dmean": 0.293694734573,
        "dmean2": 0.499416261911,
        "dvar": 0.198267415166,
        "dvar2": 0.524897038937,
        "max": 5.30349588394,
        "mean": 0.530965030193,
        "median": 0.38048428297,
        "min": 0,
        "var": 0.289261072874
    },
    "zerocrossingrate": {
        "dmean": 0.017307953909,
        "dmean2": 0.020991018042,
        "dvar": 0.000369366607629,
        "dvar2": 0.000452372594737,
        "max": 0.77392578125,
        "mean": 0.0842517763376,
        "median": 0.07568359375,
        "min": 0.001953125,
        "var": 0.00374573469162
    },
    "barkbands": {
        "dmean": [0.00059095711913, 0.00709724333137, 0.00479578366503, 0.00350741692819, 0.00192622165196, 0.000796755484771, 0.000552841112949, 0.000417381699663, 0.000618695048615, 0.000397979951231, 0.000372401787899, 0.000395486771595, 0.000421994336648, 0.000378086755518, 0.000415172748035, 0.000398861040594, 0.000340616505127, 0.000280967011349, 0.000303887907648, 0.000337101198966, 0.000300785410218, 0.000365718529793, 0.000442636606749, 0.00034084089566, 0.00023347682145, 7.2863396781e-05, 7.25898053133e-06],
        "dmean2": [0.000655708659906, 0.00976374465972, 0.00805912166834, 0.00649928022176, 0.00341193121858, 0.00136924744584, 0.000925155240111, 0.000691698282026, 0.00101745757274, 0.000651716487482, 0.000609005335718, 0.000671328278258, 0.000720395124517, 0.000654795090668, 0.000720335636288, 0.000709386658855, 0.000607049965765, 0.00049604504602, 0.000540642184205, 0.000601844629273, 0.000525593117345, 0.00062029302353, 0.000742429925594, 0.000557914667297, 0.000377726653824, 0.000120879725728, 1.30679945869e-05],
        "dvar": [1.65985966305e-06, 0.000149622923345, 0.000196079025045, 0.000137126800837, 2.13600578718e-05, 3.33794787366e-06, 1.24969812987e-06, 4.73616097452e-07, 1.03568891063e-06, 5.44722524864e-07, 4.56619687839e-07, 5.04151103087e-07, 5.66122025702e-07, 4.31477275242e-07, 4.3098060587e-07, 5.48960258584e-07, 3.8125364199e-07, 2.53593753996e-07, 3.05497735553e-07, 3.62091867601e-07, 2.31575810972e-07, 3.33143276521e-07, 4.55230917851e-07, 3.21735200259e-07, 2.1349521262e-07, 1.90854230198e-08, 4.02388095067e-10],
        "dvar2": [2.08340611607e-06, 0.000320440885844, 0.000497619796079, 0.00039051118074, 5.88261937082e-05, 9.40872541833e-06, 3.25276869262e-06, 1.19658204767e-06, 2.59587818618e-06, 1.306967647e-06, 1.13008536573e-06, 1.34454933232e-06, 1.51266056037e-06, 1.14149338515e-06, 1.17353181395e-06, 1.52099414663e-06, 1.05489596081e-06, 7.07717276782e-07, 8.56701205976e-07, 1.02243166111e-06, 6.41164604076e-07, 8.88575186764e-07, 1.19544540667e-06, 8.23997822863e-07, 5.36031961929e-07, 5.01504970885e-08, 1.13284293057e-09],
        "max": [0.020133651793, 0.139480605721, 0.106374874711, 0.0877226293087, 0.0421033613384, 0.0254486389458, 0.0210880562663, 0.0116736069322, 0.0165915060788, 0.0179003421217, 0.0164585132152, 0.0143443876877, 0.0140542620793, 0.0119453277439, 0.00683372328058, 0.00717469444498, 0.00638674385846, 0.0052602449432, 0.00562783330679, 0.00550327263772, 0.00519470358267, 0.00494186487049, 0.00576290022582, 0.00554124126211, 0.00470783794299, 0.00140526646283, 0.000272361445241],
        "mean": [0.00100739090703, 0.014813917689, 0.00393848353997, 0.00244705635123, 0.00183583167382, 0.000964815961197, 0.000649855239317, 0.000533580838237, 0.000934176554438, 0.00058709847508, 0.000538989494089, 0.000526967982296, 0.000533574842848, 0.000452692242106, 0.000512909202371, 0.000405522267101, 0.000372691138182, 0.000343780848198, 0.000379503675504, 0.000450833555078, 0.000455458066426, 0.000548543757759, 0.000649923575111, 0.000520011817571, 0.000305783032672, 9.20615784707e-05, 5.47121089767e-06],
        "median": [6.18255144218e-05, 0.00298592192121, 0.000545420043636, 0.000331705348799, 0.000776181637775, 0.000501402537338, 0.000307161652017, 0.000243858783506, 0.000465873978101, 0.000234486185946, 0.000227388110943, 0.000248647062108, 0.00023113253701, 0.000188887846889, 0.000236466585193, 0.000173092121258, 0.000157091039, 0.000158631592058, 0.000178047601366, 0.000181449839147, 0.000200278358534, 0.000246484240051, 0.000268739880994, 0.000183366326382, 8.1843281805e-05, 2.28598546528e-05, 4.24814174949e-07],
        "min": [2.42706724506e-24, 2.71447952565e-23, 7.67825140322e-24, 2.99094750503e-23, 3.38105847087e-23, 1.432677553e-22, 7.91029515404e-23, 4.19387802841e-23, 1.16355431042e-22, 7.79832234389e-23, 6.98689244371e-23, 5.91211363656e-23, 6.72410709896e-23, 1.75548877553e-22, 5.82452546362e-23, 2.89212412264e-22, 1.66917136285e-22, 2.13131485877e-22, 2.89781225153e-22, 2.87665840993e-22, 5.30280075503e-22, 5.54466626587e-22, 6.05786509202e-22, 8.88599580829e-22, 1.17245238375e-21, 1.98417808783e-21, 2.44863838619e-21],
        "var": [5.43133046449e-06, 0.000572901801206, 0.000151808970259, 7.9319877841e-05, 1.45212625284e-05, 2.62067442236e-06, 1.24217353914e-06, 6.52952905966e-07, 1.76577736966e-06, 1.06153527213e-06, 7.85430586348e-07, 7.07580340986e-07, 7.00598207004e-07, 5.23991332102e-07, 5.40845917385e-07, 4.27474390108e-07, 3.30730898668e-07, 2.50442809602e-07, 2.98933485965e-07, 4.16888866539e-07, 3.58266532885e-07, 5.24834717908e-07, 7.33596209557e-07, 5.32347655735e-07, 2.68997183639e-07, 2.28099885646e-08, 2.56157539624e-10]
    },
    "erbbands": {
        "dmean": [0.281700432301, 1.49435818195, 4.4119720459, 9.39120578766, 8.28440475464, 6.13822174072, 7.25427913666, 5.8352022171, 7.06883621216, 8.17998981476, 11.0549592972, 12.9890193939, 13.1431970596, 13.7902803421, 12.1158885956, 15.4262237549, 18.7155780792, 17.8624649048, 19.8946857452, 19.975856781, 22.0668334961, 19.7416248322, 15.4831008911, 14.3797445297, 16.4269275665, 15.3150491714, 12.6327514648, 12.8730421066, 13.0765352249, 12.4659433365, 12.3469142914, 8.40626525879, 5.17374944687, 3.11016368866, 1.39128351212, 0.441635012627, 0.116922549903, 0.0192112307996, 0.0011409757426, 3.67873362848e-05],
        "dmean2": [0.343600302935, 2.10684466362, 7.00919961929, 16.6206111908, 15.260181427, 10.4853553772, 12.4436244965, 9.9679813385, 11.8723726273, 13.7187805176, 17.9149703979, 21.5732059479, 21.5151176453, 22.5844593048, 19.8315219879, 26.1889781952, 31.8620605469, 30.9246082306, 34.5157966614, 34.6131515503, 39.3425598145, 35.2319335938, 27.2872810364, 25.3356113434, 29.431930542, 27.3323574066, 22.2682361603, 22.3691921234, 22.4038143158, 20.7173271179, 20.721326828, 13.9430084229, 8.44888877869, 5.05395364761, 2.28506088257, 0.727174222469, 0.1971090734, 0.0329664312303, 0.00205349479802, 5.96015452174e-05],
        "dvar": [0.267734408379, 6.86612987518, 130.52255249, 897.375488281, 684.444091797, 169.106018066, 332.002807617, 142.399612427, 184.826095581, 263.806610107, 363.480804443, 473.154663086, 453.430786133, 722.805236816, 381.500671387, 846.150146484, 1133.21313477, 910.842651367, 1143.63513184, 947.113220215, 1700.82263184, 1297.81262207, 760.67401123, 694.702087402, 941.724304199, 745.110107422, 433.972839355, 423.5703125, 446.253692627, 336.948120117, 354.194671631, 176.80607605, 83.9296646118, 40.5097923279, 7.15773105621, 0.646163702011, 0.0600755363703, 0.00200403458439, 1.04601176645e-05, 4.2212584539e-09],
        "dvar2": [0.471688121557, 14.5738372803, 315.030822754, 2439.20605469, 1945.77734375, 449.014770508, 910.447387695, 392.928344727, 489.555175781, 695.238647461, 878.442443848, 1220.51147461, 1131.86291504, 1719.00073242, 950.233520508, 2267.59838867, 3032.16967773, 2422.40258789, 3087.02294922, 2534.1472168, 4721.50878906, 3579.47485352, 2122.88598633, 1936.99597168, 2662.99829102, 2105.91040039, 1239.05078125, 1147.62426758, 1210.79785156, 860.396484375, 928.645324707, 460.873168945, 214.775680542, 103.083442688, 17.7333583832, 1.66252851486, 0.162504777312, 0.00551128247753, 2.95406898658e-05, 1.11137792302e-08],
        "max": [5.94400262833, 28.2738704681, 86.6394119263, 236.136703491, 222.065597534, 135.715316772, 266.080108643, 159.977127075, 175.774215698, 293.08694458, 419.605621338, 349.984191895, 322.271240234, 925.648254395, 508.802947998, 656.59753418, 690.610107422, 566.140197754, 423.809783936, 311.593719482, 418.97064209, 383.220794678, 306.170837402, 333.060913086, 255.419403076, 267.271057129, 263.540618896, 195.512557983, 193.143692017, 155.593673706, 178.806808472, 122.460510254, 87.7410354614, 70.0403747559, 24.8457202911, 6.98076963425, 2.90996170044, 0.512105464935, 0.039801273495, 0.000724543409888],
        "mean": [0.55692499876, 2.782330513, 4.5554895401, 7.21524715424, 6.27394199371, 6.45395278931, 8.01359081268, 7.15467739105, 8.66403865814, 9.78566646576, 15.2687978745, 19.202955246, 20.2799568176, 21.7536087036, 18.5549602509, 20.8928356171, 24.9162483215, 22.5013046265, 25.4980335236, 24.8900718689, 22.7474308014, 22.0214176178, 18.9914016724, 18.6555995941, 20.2138900757, 20.6279716492, 18.9460048676, 18.6704597473, 19.1035366058, 19.2125415802, 18.1075820923, 12.556889534, 7.93241882324, 4.22288417816, 1.73708474636, 0.567107975483, 0.13993512094, 0.0194409787655, 0.000929230242036, 6.92669345881e-05],
        "median": [0.077335357666, 0.641569972038, 1.07711207867, 1.15084004402, 1.41795921326, 2.89315986633, 3.79909396172, 3.73964309692, 4.15145969391, 4.90565681458, 7.36211442947, 9.54982566833, 9.85439872742, 9.46663093567, 9.04578113556, 10.0448112488, 11.4576358795, 11.2416305542, 11.3242702484, 12.5145807266, 10.2685070038, 9.46829986572, 8.95286750793, 8.74863433838, 9.40046977997, 8.39438438416, 7.6674413681, 8.3810300827, 8.42311286926, 8.70804977417, 7.26093769073, 4.80409049988, 2.64848136902, 1.16998362541, 0.40875056386, 0.144831448793, 0.0298960059881, 0.0039849691093, 0.0001322565804, 5.01663453178e-05],
        "min": [7.07382352707e-22, 6.04425276067e-21, 8.2501120215e-21, 6.87213316479e-20, 8.38745114504e-20, 1.46369260424e-19, 7.04815319249e-19, 9.44077363129e-19, 1.354911607e-18, 7.14403324825e-19, 1.32964030871e-18, 2.8996475161e-18, 2.57942956417e-18, 2.02166539944e-18, 3.12228400515e-18, 2.59097349e-18, 3.74611074271e-18, 7.97756143803e-18, 4.59165104255e-18, 6.73349130933e-18, 1.63363141721e-17, 1.06179409785e-17, 1.11786064792e-17, 1.54599957224e-17, 1.06598120339e-17, 1.58247922988e-17, 2.52735556676e-17, 1.39206374179e-17, 2.12942511297e-17, 1.82822714524e-17, 1.92820598434e-17, 1.75500429024e-17, 1.5670433779e-17, 1.24737248186e-17, 8.73901758783e-18, 6.50879886287e-18, 3.82846401732e-18, 1.49694368806e-18, 3.35126176418e-19, 3.47415211037e-20],
        "var": [1.08370637894, 20.7531070709, 127.083007812, 587.900268555, 398.31060791, 137.545547485, 246.106552124, 125.967201233, 192.743881226, 255.40763855, 564.517883301, 749.126403809, 940.249328613, 1452.3494873, 752.413635254, 1105.40991211, 1427.05566406, 1007.20715332, 1407.37585449, 1126.94714355, 1308.21057129, 1135.93652344, 743.663146973, 714.136413574, 867.916137695, 875.310852051, 660.814697266, 612.78137207, 666.394165039, 602.805358887, 578.65032959, 294.891296387, 135.318878174, 51.2082023621, 8.7823343277, 0.826294064522, 0.0615713447332, 0.00158641696908, 6.69467544867e-06, 5.58099433334e-09]
    },
    "gfcc": {
        "mean": [-11.5183229446, 70.5506973267, -116.731277466, 40.2019348145, -62.7629966736, 26.1776924133, -35.0574874878, 10.3175706863, -18.0448741913, 2.30621647835, -12.3782215118, -0.0230844784528, -7.28604984283],
        "cov": [[24487.3320312, -3465.70410156, 1192.04748535, 1599.7869873, -911.174194336, 1533.80212402, -813.077453613, 827.146911621, -664.993469238, 563.881225586, -828.435119629, 343.886688232, -725.104187012], [-3465.70410156, 2828.61767578, -39.6951179504, -186.823104858, 415.157958984, -446.352478027, 270.865783691, -255.044082642, 372.083892822, -251.381118774, 395.90411377, -244.020004272, 288.043121338], [1192.04748535, -39.6951179504, 1491.33081055, 410.305755615, 274.763824463, 297.089141846, 61.6069641113, 244.734832764, 40.7221221924, 147.972015381, -91.2168960571, 73.3404693604, -116.081871033], [1599.7869873, -186.823104858, 410.305755615, 560.135864258, 168.931259155, 220.611251831, 73.1115570068, 131.382110596, 24.9679164886, 67.431137085, -26.180437088, 45.9075126648, -45.8022918701], [-911.174194336, 415.157958984, 274.763824463, 168.931259155, 494.060852051, 81.9918746948, 257.57913208, 67.5235137939, 111.549247742, 48.2164344788, 63.1451873779, 3.02250432968, 40.1863021851], [1533.80212402, -446.352478027, 297.089141846, 220.611251831, 81.9918746948, 399.502563477, 83.7046203613, 171.345077515, -21.677230835, 115.07913208, -63.5795516968, 57.3279342651, -63.4413757324], [-813.077453613, 270.865783691, 61.6069641113, 73.1115570068, 257.57913208, 83.7046203613, 328.167816162, 69.3583374023, 91.5235366821, 48.72397995, 66.1518707275, 19.1188373566, 38.9099502563], [827.146911621, -255.044082642, 244.734832764, 131.382110596, 67.5235137939, 171.345077515, 69.3583374023, 209.645263672, 37.4314231873, 100.625053406, -27.3729305267, 54.3007087708, -35.2529907227], [-664.993469238, 372.083892822, 40.7221221924, 24.9679164886, 111.549247742, -21.677230835, 91.5235366821, 37.4314231873, 171.624771118, 23.0328083038, 99.9417419434, -10.2661409378, 67.1451416016], [563.881225586, -251.381118774, 147.972015381, 67.431137085, 48.2164344788, 115.07913208, 48.72397995, 100.625053406, 23.0328083038, 147.300674438, -4.17226886749, 59.8036117554, -25.8724918365], [-828.435119629, 395.90411377, -91.2168960571, -26.180437088, 63.1451873779, -63.5795516968, 66.1518707275, -27.3729305267, 99.9417419434, -4.17226886749, 154.562149048, -1.18229687214, 87.1453857422], [343.886688232, -244.020004272, 73.3404693604, 45.9075126648, 3.02250432968, 57.3279342651, 19.1188373566, 54.3007087708, -10.2661409378, 59.8036117554, -1.18229687214, 103.743560791, 0.965519607067], [-725.104187012, 288.043121338, -116.081871033, -45.8022918701, 40.1863021851, -63.4413757324, 38.9099502563, -35.2529907227, 67.1451416016, -25.8724918365, 87.1453857422, 0.965519607067, 120.228401184]],
        "icov": [[0.00012107713701, -0.000199967049411, 0.000129164429381, -0.000339071062626, 0.000249682983849, -0.000323212443618, 0.000346338609233, -0.000287330709398, 0.000317460478982, -0.000419421150582, 0.000425052363425, -0.000278716674075, 0.000181091018021], [-0.000199967049411, 0.00181884563062, -0.000775366905145, 0.000825805705972, -0.000878601858858, 0.0011586981127, -0.00122677080799, 0.00116195483133, -0.00168085761834, 0.00219766958617, -0.00277997390367, 0.00267091928981, -0.000949595472775], [0.000129164429381, -0.000775366905145, 0.00145388417877, -0.000819708569907, -0.000228773540584, -0.000742120377254, 0.001173063647, -0.00108070741408, 0.000282873894321, -0.00108658627141, 0.00160866649821, -0.00148897850886, 0.00117056956515], [-0.000339071062626, 0.000825805705972, -0.000819708569907, 0.00375928962603, -0.00149952096399, -0.00010742493032, -0.000713592278771, 0.000618133519311, -0.00150246848352, 0.00222112145275, -0.00182277290151, 0.000442498450866, 0.000108723135781], [0.000249682983849, -0.000878601858858, -0.000228773540584, -0.00149952096399, 0.00501334248111, -0.000657094293274, -0.00211775233038, -0.00021066921181, 0.000385241874028, -0.00180193630513, 0.00167248013895, -0.000251790101174, -0.000393333262764], [-0.000323212443618, 0.0011586981127, -0.000742120377254, -0.00010742493032, -0.000657094293274, 0.00625428324565, -0.00220931880176, -0.00152432010509, 0.000498496170621, -9.09172667889e-05, -0.00137609580997, 0.00223253853619, -0.00101331819315], [0.000346338609233, -0.00122677080799, 0.001173063647, -0.000713592278771, -0.00211775233038, -0.00220931880176, 0.00746123539284, -0.00204261834733, 0.000485317403218, -0.00176907784771, 0.000987595296465, -0.00250131241046, 0.00106957228854], [-0.000287330709398, 0.00116195483133, -0.00108070741408, 0.000618133519311, -0.00021066921181, -0.00152432010509, -0.00204261834733, 0.0121242087334, -0.00559991504997, -0.00112937041558, 0.000716646376532, -0.000844953523483, 0.000529228476807], [0.000317460478982, -0.00168085761834, 0.000282873894321, -0.00150246848352, 0.000385241874028, 0.000498496170621, 0.000485317403218, -0.00559991504997, 0.0157868824899, -0.00452655414119, -0.00381940766238, 0.00217044074088, -0.00306216976605], [-0.000419421150582, 0.00219766958617, -0.00108658627141, 0.00222112145275, -0.00180193630513, -9.09172667889e-05, -0.00176907784771, -0.00112937041558, -0.00452655414119, 0.0162526071072, -0.00488433009014, -0.00253000250086, 0.00238412315957], [0.000425052363425, -0.00277997390367, 0.00160866649821, -0.00182277290151, 0.00167248013895, -0.00137609580997, 0.000987595296465, 0.000716646376532, -0.00381940766238, -0.00488433009014, 0.0198331046849, -0.00541777536273, -0.00456226477399], [-0.000278716674075, 0.00267091928981, -0.00148897850886, 0.000442498450866, -0.000251790101174, 0.00223253853619, -0.00250131241046, -0.000844953523483, 0.00217044074088, -0.00253000250086, -0.00541777536273, 0.0190418437123, -0.00550755951554], [0.000181091018021, -0.000949595472775, 0.00117056956515, 0.000108723135781, -0.000393333262764, -0.00101331819315, 0.00106957228854, 0.000529228476807, -0.00306216976605, 0.00238412315957, -0.00456226477399, -0.00550755951554, 0.0178364440799]]
    },
    "melbands": {
        "dmean": [0.00216945074499, 0.00185799389146, 0.00156555208378, 0.00047057584743, 0.000255792052485, 0.000135682348628, 0.000109386841359, 8.7158579845e-05, 0.000100592442323, 8.38229243527e-05, 6.71759698889e-05, 5.60511070944e-05, 4.37164053437e-05, 4.15536705987e-05, 4.58237118437e-05, 4.388457819e-05, 3.37691235472e-05, 3.30163020408e-05, 3.44552790921e-05, 2.63547972281e-05, 2.56111070485e-05, 2.23130628001e-05, 1.48594772327e-05, 1.38228424476e-05, 1.17448880701e-05, 1.25410060718e-05, 1.23405843624e-05, 1.0184851817e-05, 8.51724871609e-06, 7.48272168494e-06, 8.00544876256e-06, 8.01683199825e-06, 6.88622094458e-06, 7.54944267101e-06, 7.58358100938e-06, 6.67780614094e-06, 4.99296629641e-06, 4.0249428821e-06, 2.96143753076e-06, 2.57140300164e-06],
        "dmean2": [0.00282216700725, 0.00296009681188, 0.00274523021653, 0.000842817884404, 0.000434357440099, 0.000232087884797, 0.000182917399798, 0.000145731100929, 0.00016322240117, 0.00013975262118, 0.000110113251139, 9.19047379284e-05, 7.13120825822e-05, 7.09781670594e-05, 7.79907059041e-05, 7.49818864278e-05, 5.84651897952e-05, 5.72392527829e-05, 5.96898244112e-05, 4.66322271677e-05, 4.58141694253e-05, 3.99063828809e-05, 2.61424065684e-05, 2.46139807132e-05, 2.06809854717e-05, 2.2509118935e-05, 2.21848240471e-05, 1.81359337148e-05, 1.50078467414e-05, 1.30744483613e-05, 1.40117263072e-05, 1.39316434797e-05, 1.1508096577e-05, 1.27040075313e-05, 1.27441489894e-05, 1.14117046905e-05, 8.200465345e-06, 6.61089870846e-06, 4.85604186906e-06, 4.23952860729e-06],
        "dvar": [1.45609365063e-05, 1.66609661392e-05, 2.37893818849e-05, 1.42094870625e-06, 3.94117108726e-07, 8.11224936115e-08, 4.53574067194e-08, 2.68214339627e-08, 3.29682201539e-08, 1.9417170094e-08, 1.20282415139e-08, 1.18163816509e-08, 5.62193847031e-09, 7.19304082963e-09, 7.05167213511e-09, 5.73917624536e-09, 3.49863849003e-09, 3.48920314863e-09, 3.09942960186e-09, 2.29113394923e-09, 2.32903585307e-09, 1.71806824323e-09, 6.79044376284e-10, 6.5672361993e-10, 4.65736338384e-10, 5.53204204667e-10, 5.31389543479e-10, 3.23848142747e-10, 2.04769159962e-10, 1.51573739671e-10, 1.66408872793e-10, 1.79853160143e-10, 1.0541779949e-10, 1.29572866325e-10, 1.3439137303e-10, 1.1100293601e-10, 6.38277902754e-11, 5.09179018393e-11, 3.12617154385e-11, 2.83522805927e-11],
        "dvar2": [2.95095233014e-05, 3.99685741286e-05, 6.36176700937e-05, 3.96272980652e-06, 1.06142420009e-06, 2.25250232688e-07, 1.19199228266e-07, 7.10003433824e-08, 7.92342973455e-08, 5.00877099796e-08, 2.99259426129e-08, 2.81123462287e-08, 1.37904851982e-08, 2.06103631939e-08, 1.86898869714e-08, 1.51876431431e-08, 9.34698007882e-09, 9.45085965043e-09, 8.45772252234e-09, 6.33616403789e-09, 6.46241327118e-09, 4.75050088156e-09, 1.88139104296e-09, 1.84805304393e-09, 1.29472899069e-09, 1.55918622458e-09, 1.50530810039e-09, 9.1279850345e-10, 5.87091486537e-10, 4.22200496786e-10, 4.52115372918e-10, 4.94584762034e-10, 2.76471123772e-10, 3.35371730387e-10, 3.52905482615e-10, 2.99626157219e-10, 1.62776458978e-10, 1.29623090039e-10, 7.92946819317e-11, 7.30848020991e-11],
        "max": [0.0431447438896, 0.0343700759113, 0.0368277654052, 0.00992062594742, 0.00843513011932, 0.00393767375499, 0.00346543686464, 0.00284634600393, 0.00397888338193, 0.00221074861474, 0.00179220712744, 0.00362774101086, 0.00184788927436, 0.00172912981361, 0.00138171087019, 0.00123088457622, 0.00116653740406, 0.000776618777309, 0.000717712158803, 0.000556561397389, 0.000557824387215, 0.000443660741439, 0.000239091154072, 0.000324411608744, 0.000311111944029, 0.000244699884206, 0.00020050589228, 0.000172348314663, 0.000179810202098, 0.000134547459311, 0.000126242186525, 0.000129025109345, 9.61474725045e-05, 0.000101746845758, 0.000116101815365, 0.000106535575469, 7.45021461626e-05, 8.08949625934e-05, 5.65039081266e-05, 5.84464323765e-05],
        "mean": [0.00449584098533, 0.00286767305806, 0.00124462600797, 0.000425577105489, 0.000289230345516, 0.000167755279108, 0.000134512549266, 0.000105465522211, 0.000136934846523, 0.000123028396047, 0.000100163226307, 8.64495959831e-05, 6.61578305881e-05, 5.35083454452e-05, 5.76918246225e-05, 5.45636503375e-05, 3.99772907258e-05, 3.98323500121e-05, 4.21295044362e-05, 2.80929252767e-05, 2.53258513112e-05, 2.36563373619e-05, 1.75203003892e-05, 1.63964996318e-05, 1.47758337334e-05, 1.49102124851e-05, 1.45778431033e-05, 1.34973934109e-05, 1.21600824059e-05, 1.09029260784e-05, 1.07860205389e-05, 1.08626772999e-05, 1.04320070022e-05, 1.08265994641e-05, 1.05886201709e-05, 9.39368419495e-06, 7.21013429938e-06, 5.9717658587e-06, 4.30559748565e-06, 3.28807641381e-06],
        "median": [0.000817307969555, 0.000773417414166, 0.00021444336744, 0.000155116140377, 0.00014543774887, 8.84810797288e-05, 6.5485110099e-05, 5.05952120875e-05, 6.36644545011e-05, 6.02885193075e-05, 4.58730573882e-05, 3.62904684152e-05, 3.02227072098e-05, 2.47491952905e-05, 2.50755547313e-05, 2.31269095821e-05, 1.83849042514e-05, 1.59319879458e-05, 1.8462404114e-05, 1.24397884065e-05, 1.07758460217e-05, 9.46873115026e-06, 7.77864352131e-06, 7.44122826291e-06, 6.67441145197e-06, 6.69017572363e-06, 6.27896270089e-06, 5.12699989486e-06, 4.51641199106e-06, 4.74417765872e-06, 4.46177728008e-06, 4.48111859441e-06, 4.66010169475e-06, 4.6709419621e-06, 4.13065845351e-06, 3.45364924215e-06, 2.61396940004e-06, 1.95586744667e-06, 1.32456284518e-06, 8.36293224893e-07],
        "min": [6.94009532155e-24, 5.92641458036e-24, 1.19610600881e-23, 7.2939041707e-24, 2.0113917822e-23, 2.54564940798e-23, 1.94055365063e-23, 7.35851108998e-24, 1.17843197466e-23, 1.889206221e-23, 1.25770295041e-23, 7.67793191456e-24, 1.06039905614e-23, 6.20989963526e-24, 8.60739149892e-24, 7.48712539425e-24, 1.6205285586e-23, 7.90110697553e-24, 5.84649744864e-24, 1.51864701492e-23, 1.79675550944e-23, 1.07123950382e-23, 1.19801237007e-23, 8.59830776559e-24, 1.35585657411e-23, 8.93062725483e-24, 5.57131712692e-24, 1.11721518512e-23, 1.7326219067e-23, 1.29924405014e-23, 5.28427943693e-24, 1.03361099641e-23, 1.33979331505e-23, 9.06649513512e-24, 1.13863338978e-23, 1.02101123114e-23, 1.08443154585e-23, 1.04818875151e-23, 1.18630030998e-23, 9.57110579036e-24],
        "var": [5.86088426644e-05, 2.52579575317e-05, 1.61502575793e-05, 9.13805706659e-07, 3.03917460087e-07, 7.04484293124e-08, 4.70004373199e-08, 2.76890421702e-08, 4.99121028952e-08, 3.10005212611e-08, 2.43579751924e-08, 2.38145609899e-08, 1.08714246494e-08, 8.23476664635e-09, 8.62505267207e-09, 7.57550466801e-09, 3.67583385952e-09, 4.23448032194e-09, 4.00049371407e-09, 1.90708671077e-09, 1.76077463721e-09, 1.44861445062e-09, 6.54057252802e-10, 6.19175155592e-10, 4.76004402561e-10, 5.06819530788e-10, 4.85459727972e-10, 3.99409227914e-10, 3.01896480037e-10, 2.16675441478e-10, 2.19592816153e-10, 2.34987973524e-10, 1.88064466777e-10, 2.0270750356e-10, 2.05873068593e-10, 1.7310829159e-10, 1.03583933098e-10, 7.99750959901e-11, 4.55348710127e-11, 3.34120647816e-11]
    },
    "mfcc": {
        "mean": [-640.953674316, 90.9921875, 8.86540317535, 15.0334377289, 4.50704908371, 10.6353092194, 0.932224035263, 7.02152824402, 0.947400152683, 5.97474527359, -0.773979067802, 1.07808113098, -0.867258429527],
        "cov": [[14432.734375, -2222.20336914, 620.17010498, 81.9724884033, -96.4972000122, 410.209747314, 11.0801563263, 294.128662109, 100.926391602, 188.73085022, 99.9183197021, 0.987753093243, -71.6620864868], [-2222.20336914, 2419.43432617, 9.17973041534, 171.434463501, 151.365997314, -90.4383850098, 9.07947635651, -47.5510406494, 8.22567844391, 38.0092315674, 34.4622383118, 47.4122200012, 25.8160037994], [620.17010498, 9.17973041534, 836.992980957, 262.140197754, 203.279907227, 144.710540771, 53.1422958374, 120.57383728, 80.7724075317, 49.1411590576, 98.3302764893, 44.2558174133, 14.8847532272], [81.9724884033, 171.434463501, 262.140197754, 442.003234863, 198.223922729, 127.514625549, 96.177947998, 105.166091919, 81.3629074097, 53.4546928406, 74.4039154053, 54.7473220825, 36.8055839539], [-96.4972000122, 151.365997314, 203.279907227, 198.223922729, 278.263946533, 116.175292969, 85.9541015625, 76.6064453125, 76.2604598999, 58.71068573, 51.349319458, 43.3440132141, 27.1100692749], [410.209747314, -90.4383850098, 144.710540771, 127.514625549, 116.175292969, 246.749847412, 155.568618774, 105.233436584, 86.9463806152, 67.1180267334, 60.0453796387, 45.2328681946, 31.0209693909], [11.0801563263, 9.07947635651, 53.1422958374, 96.177947998, 85.9541015625, 155.568618774, 229.004364014, 107.866996765, 99.1691665649, 63.7400436401, 58.4963340759, 53.6149864197, 30.1662521362], [294.128662109, -47.5510406494, 120.57383728, 105.166091919, 76.6064453125, 105.233436584, 107.866996765, 158.043945312, 87.4561538696, 54.764919281, 59.0084075928, 37.2253227234, 27.0577449799], [100.926391602, 8.22567844391, 80.7724075317, 81.3629074097, 76.2604598999, 86.9463806152, 99.1691665649, 87.4561538696, 130.320785522, 75.49949646, 55.8348808289, 43.4571342468, 30.0296154022], [188.73085022, 38.0092315674, 49.1411590576, 53.4546928406, 58.71068573, 67.1180267334, 63.7400436401, 54.764919281, 75.49949646, 106.934188843, 64.3992156982, 36.7203521729, 24.7922363281], [99.9183197021, 34.4622383118, 98.3302764893, 74.4039154053, 51.349319458, 60.0453796387, 58.4963340759, 59.0084075928, 55.8348808289, 64.3992156982, 105.569641113, 55.9098167419, 25.2225589752], [0.987753093243, 47.4122200012, 44.2558174133, 54.7473220825, 43.3440132141, 45.2328681946, 53.6149864197, 37.2253227234, 43.4571342468, 36.7203521729, 55.9098167419, 83.5677642822, 45.7144851685], [-71.6620864868, 25.8160037994, 14.8847532272, 36.8055839539, 27.1100692749, 31.0209693909, 30.1662521362, 27.0577449799, 30.0296154022, 24.7922363281, 25.2225589752, 45.7144851685, 76.0382385254]],
