{
"lowlevel": {
    "average_loudness": 0.892155647278,
    "barkbands_crest": {
        "dmean": 2.57546448708,
        "dmean2": 4.03252506256,
        "dvar": 5.62583255768,
        "dvar2": 13.2956380844,
        "max": 26.6103343964,
        "mean": 11.1449747086,
        "median": 10.254781723,
        "min": 2.52280902863,
        "var": 17.6661758423
    },
    "barkbands_flatness_db": {
        "dmean": 0.0340177342296,
        "dmean2": 0.04911788553,
        "dvar": 0.00142495171167,
        "dvar2": 0.00327058555558,
        "max": 0.662723004818,
        "mean": 0.237922400236,
        "median": 0.208697035909,
        "min": 0.0351508893073,
        "var": 0.0130558330566
    },
    "barkbands_kurtosis": {
        "dmean": 4.23734664917,
        "dmean2": 6.63782215118,
        "dvar": 160.837371826,
        "dvar2": 354.639892578,
        "max": 531.938781738,
        "mean": 6.06759738922,
        "median": 3.29661011696,
        "min": -1.91235232353,
        "var": 276.487518311
    },
    "barkbands_skewness": {
        "dmean": 0.617765426636,
        "dmean2": 0.935191094875,
        "dvar": 0.540002524853,
        "dvar2": 1.22025680542,
        "max": 19.1403770447,
        "mean": 1.56196784973,
        "median": 1.49134063721,
        "min": -6.02914714813,
        "var": 1.74584698677
    },
    "barkbands_spread": {
        "dmean": 5.4082531929,
        "dmean2": 8.27949333191,
        "dvar": 75.0051422119,
        "dvar2": 173.129730225,
        "max": 139.19543457,
        "mean": 14.2824687958,
        "median": 9.98660850525,
        "min": 0.113075383008,
        "var": 179.474105835
    },
    "dissonance": {
        "dmean": 0.0348085314035,
        "dmean2": 0.0565403476357,
        "dvar": 0.00145004270598,
        "dvar2": 0.0035590112675,
        "max": 0.500000059605,
        "mean": 0.412974327803,
        "median": 0.441015005112,
        "min": 0.057670738548,
        "var": 0.00642692483962
    },
    "dynamic_complexity": 3.96903538704,
    "erbbands_crest": {
        "dmean": 2.85119533539,
        "dmean2": 4.61291074753,
        "dvar": 6.90213775635,
        "dvar2": 17.0255088806,
        "max": 31.8322372437,
        "mean": 10.2377462387,
        "median": 9.30212020874,
        "min": 2.50696396828,
        "var": 21.9549598694
    },
    "erbbands_flatness_db": {
        "dmean": 0.0268641225994,
        "dmean2": 0.0374650023878,
        "dvar": 0.0010369742522,
        "dvar2": 0.00203637848608,
        "max": 0.540767729282,
        "mean": 0.222762435675,
        "median": 0.196331053972,
        "min": 0.0417475663126,
        "var": 0.0118714254349
    },
    "erbbands_kurtosis": {
        "dmean": 1.77134740353,
        "dmean2": 2.79485416412,
        "dvar": 15.842045784,
        "dvar2": 40.9176712036,
        "max": 158.926712036,
        "mean": 1.8460855484,
        "median": 0.654175281525,
        "min": -1.87575268745,
        "var": 25.2479190826
    },
    "erbbands_skewness": {
        "dmean": 0.464834749699,
        "dmean2": 0.693990588188,
        "dvar": 0.233781978488,
        "dvar2": 0.515023827553,
        "max": 9.19645214081,
        "mean": 0.669827878475,
        "median": 0.637246847153,
        "min": -3.02714371681,
        "var": 0.773431718349
    },
    "erbbands_spread": {
        "dmean": 8.91891860962,
        "dmean2": 13.0546178818,
        "dvar": 151.766220093,
        "dvar2": 316.825653076,
        "max": 169.169509888,
        "mean": 30.1584625244,
        "median": 24.6973457336,
        "min": 0.597885668278,
        "var": 551.077758789
    },
    "hfc": {
        "dmean": 6.64271402359,
        "dmean2": 9.92007732391,
        "dvar": 232.699172974,
        "dvar2": 507.430419922,
        "max": 449.761779785,
        "mean": 18.5432243347,
        "median": 14.0265197754,
        "min": 1.12532721026e-16,
        "var": 485.070343018
    },
    "melbands_crest": {
        "dmean": 3.21553277969,
        "dmean2": 5.14276266098,
        "dvar": 8.79719161987,
        "dvar2": 21.5155563354,
        "max": 34.7314033508,
        "mean": 15.5332241058,
        "median": 14.742685318,
        "min": 1.7966221571,
        "var": 27.9526576996
    },
    "melbands_flatness_db": {
        "dmean": 0.0396187081933,
        "dmean2": 0.0560684837401,
        "dvar": 0.0020484875422,
        "dvar2": 0.00471129873767,
        "max": 0.830537378788,
        "mean": 0.317271918058,
        "median": 0.28441426158,
        "min": 0.00363652803935,
        "var": 0.0180470626801
    },
    "melbands_kurtosis": {
        "dmean": 8.38519763947,
        "dmean2": 13.2851324081,
        "dvar": 305.984985352,
        "dvar2": 731.321838379,
        "max": 585.956726074,
        "mean": 14.1655139923,
        "median": 8.53854179382,
        "min": -1.78750908375,
        "var": 473.235229492
    },
    "melbands_skewness": {
        "dmean": 0.790613591671,
        "dmean2": 1.20798540115,
        "dvar": 0.959364593029,
        "dvar2": 2.26577782631,
        "max": 19.2888298035,
        "mean": 2.45969629288,
        "median": 2.31610631943,
        "min": -3.61377906799,
        "var": 3.23521113396
    },
    "melbands_spread": {
        "dmean": 4.76999139786,
        "dmean2": 7.46651983261,
        "dvar": 73.2003707886,
        "dvar2": 181.792236328,
        "max": 209.174560547,
        "mean": 12.9007310867,
        "median": 9.03059387207,
        "min": 0.235394090414,
        "var": 230.709793091
    },
    "pitch_salience": {
        "dmean": 0.0755974203348,
        "dmean2": 0.121070764959,
        "dvar": 0.0054104574956,
        "dvar2": 0.0139980036765,
        "max": 0.90428674221,
        "mean": 0.542346477509,
        "median": 0.551388859749,
        "min": 0.0719268992543,
        "var": 0.0171177685261
    },
    "silence_rate_20dB": {
        "dmean": 0,
        "dmean2": 0,
        "dvar": 0,
        "dvar2": 0,
        "max": 1,
        "mean": 1,
        "median": 1,
        "min": 1,
        "var": 0
    },
    "silence_rate_30dB": {
        "dmean": 0.0273516476154,
        "dmean2": 0.0547097995877,
        "dvar": 0.0266031697392,
        "dvar2": 0.0705064237118,
        "max": 1,
        "mean": 0.980261564255,
        "median": 1,
        "min": 0,
        "var": 0.0193501189351
    },
    "silence_rate_60dB": {
        "dmean": 0.0171245094389,
        "dmean2": 0.03425309062,
        "dvar": 0.0168297253549,
        "dvar2": 0.0366484671831,
        "max": 1,
        "mean": 0.0946492254734,
        "median": 0,
        "min": 0,
        "var": 0.0856959298253
    },
    "spectral_centroid": {
        "dmean": 214.154205322,
        "dmean2": 323.095031738,
        "dvar": 126358.585938,
        "dvar2": 290064.4375,
        "max": 11696.1953125,
        "mean": 854.420654297,
        "median": 601.621704102,
        "min": 99.349861145,
        "var": 826881.1875
    },
    "spectral_complexity": {
        "dmean": 3.19824004173,
        "dmean2": 4.91650819778,
        "dvar": 18.7529697418,
        "dvar2": 41.8066673279,
        "max": 59,
        "mean": 14.7544593811,
        "median": 14,
        "min": 0,
        "var": 91.7706298828
    },
    "spectral_decrease": {
        "dmean": 2.97604607624e-09,
        "dmean2": 4.66147787037e-09,
        "dvar": 1.68603165465e-17,
        "dvar2": 4.13107993805e-17,
        "max": 1.71867039157e-28,
        "mean": -1.08706235125e-08,
        "median": -1.04916217936e-08,
        "min": -5.07950410622e-08,
        "var": 6.48438727407e-17
    },
    "spectral_energy": {
        "dmean": 0.0113756051287,
        "dmean2": 0.0177633594722,
        "dvar": 0.000241746485699,
        "dvar2": 0.000585836882237,
        "max": 0.193640038371,
        "mean": 0.0427101142704,
        "median": 0.0416121482849,
        "min": 1.02514843993e-20,
        "var": 0.000980445067398
    },
    "spectral_energyband_high": {
        "dmean": 0.000636324752122,
        "dmean2": 0.000931302201934,
        "dvar": 4.04486354455e-06,
        "dvar2": 8.52768516779e-06,
        "max": 0.0578929670155,
        "mean": 0.000858617946506,
        "median": 4.98213048559e-05,
        "min": 7.38499903863e-21,
        "var": 6.7087116804e-06
    },
    "spectral_energyband_low": {
        "dmean": 0.00900993309915,
        "dmean2": 0.0142308687791,
        "dvar": 0.00024426705204,
        "dvar2": 0.000597934122197,
        "max": 0.17098583281,
        "mean": 0.0208927132189,
        "median": 0.011944363825,
        "min": 1.81695997271e-23,
        "var": 0.000636871962342
    },
    "spectral_energyband_middle_high": {
        "dmean": 0.00117682758719,
        "dmean2": 0.00180666928645,
        "dvar": 3.19463060805e-06,
        "dvar2": 7.52736377763e-06,
        "max": 0.0266464538872,
        "mean": 0.00328370626085,
        "median": 0.0019473079592,
        "min": 1.04615295079e-21,
        "var": 1.35986747409e-05
    },
    "spectral_energyband_middle_low": {
        "dmean": 0.00617274083197,
        "dmean2": 0.00982455629855,
        "dvar": 7.55249202484e-05,
        "dvar2": 0.000194589621969,
        "max": 0.109169073403,
        "mean": 0.0182318482548,
        "median": 0.0146318841726,
        "min": 1.22578609573e-22,
        "var": 0.000223290320719
    },
    "spectral_entropy": {
        "dmean": 0.302408427,
        "dmean2": 0.424249798059,
        "dvar": 0.132012858987,
        "dvar2": 0.277689784765,
        "max": 9.81843566895,
        "mean": 6.7698392868,
        "median": 6.86829614639,
        "min": 3.6316549778,
        "var": 1.0511046648
    },
    "spectral_flux": {
        "dmean": 0.0299240574241,
        "dmean2": 0.0476864464581,
        "dvar": 0.00131728220731,
        "dvar2": 0.00292439805344,
        "max": 0.374941259623,
        "mean": 0.0896461904049,
        "median": 0.0830120816827,
        "min": 6.35743402366e-11,
        "var": 0.0037189188879
    },
    "spectral_kurtosis": {
        "dmean": 14.6950712204,
        "dmean2": 23.9764518738,
        "dvar": 1254.51867676,
        "dvar2": 3349.74511719,
        "max": 670.578979492,
        "mean": 37.1119689941,
        "median": 8.5027923584,
        "min": -1.29917311668,
        "var": 5702.68017578
    },
    "spectral_rms": {
        "dmean": 0.000791424885392,
        "dmean2": 0.00120900152251,
        "dvar": 8.76359479207e-07,
        "dvar2": 1.9982799131e-06,
        "max": 0.0137447118759,
        "mean": 0.00584512716159,
        "median": 0.0063715944998,
        "min": 3.16250671484e-12,
        "var": 7.50292701923e-06
    },
    "spectral_rolloff": {
        "dmean": 334.12210083,
        "dmean2": 574.779724121,
        "dvar": 734841.125,
        "dvar2": 1651327.375,
        "max": 19616.7480469,
        "mean": 878.852172852,
        "median": 495.263671875,
        "min": 21.533203125,
        "var": 2934403.25
    },
    "spectral_skewness": {
        "dmean": 0.777920544147,
        "dmean2": 1.2053527832,
        "dvar": 1.52941811085,
        "dvar2": 3.67348623276,
        "max": 21.3559703827,
        "mean": 3.48853969574,
        "median": 2.27065038681,
        "min": -0.197942018509,
        "var": 11.4592666626
    },
    "spectral_spread": {
        "dmean": 850290.75,
        "dmean2": 1266913.125,
        "dvar": 1.7354447913e+12,
        "dvar2": 3.68871001293e+12,
        "max": 51392900,
        "mean": 3766615,
        "median": 3052497,
        "min": 144583.21875,
        "var": 1.1831448961e+13
    },
    "spectral_strongpeak": {
        "dmean": 0.347784370184,
        "dmean2": 0.597964823246,
        "dvar": 0.263192802668,
        "dvar2": 0.676782548428,
        "max": 9.54024982452,
        "mean": 0.591570854187,
        "median": 0.444444954395,
        "min": 0,
        "var": 0.372485667467
    },
    "zerocrossingrate": {
        "dmean": 0.00865498650819,
        "dmean2": 0.010419937782,
        "dvar": 0.000160436611623,
        "dvar2": 0.000188639445696,
        "max": 0.8369140625,
        "mean": 0.0365357473493,
        "median": 0.0263671875,
        "min": 0.001953125,
        "var": 0.00255119125359
    },
    "barkbands": {
        "dmean": [0.00172294059303, 0.00648365635425, 0.00389015185647, 0.00284404424019, 0.0030949912034, 0.00142747384962, 0.00124468351714, 0.000830851844512, 0.000529016542714, 0.000448466453236, 0.000314635544783, 0.000347121531377, 0.000231825411902, 0.000169099585037, 0.000151137282955, 0.000125626975205, 0.000166530822753, 0.000151659231051, 8.19059569039e-05, 8.70054063853e-05, 0.000112508590973, 0.000153028973727, 0.000127859035274, 0.00013798866712, 7.83026698628e-05, 4.03275626013e-05, 2.38315589485e-08],
        "dmean2": [0.00259006326087, 0.0101434793323, 0.0066550062038, 0.00477230548859, 0.00496403034776, 0.00213607377373, 0.00193490588572, 0.0011789201526, 0.000797042855993, 0.000698446296155, 0.000472077081213, 0.000538217427675, 0.000353848561645, 0.000266066374024, 0.000239817789407, 0.000202078241273, 0.000260063010501, 0.000242931913817, 0.00012827917817, 0.00013690929336, 0.000167231279192, 0.000222764414502, 0.000188992256881, 0.0002146068, 0.000128180850879, 6.93157708156e-05, 4.26543920184e-08],
        "dvar": [5.71170858166e-06, 0.000154379071319, 0.000100191937236, 5.47218078282e-05, 2.65725848294e-05, 6.68022084938e-06, 3.90415789298e-06, 1.97876352104e-06, 1.28574606606e-06, 7.8170813822e-07, 3.36448380267e-07, 4.92786114137e-07, 3.32142121806e-07, 2.16809837639e-07, 1.40740397114e-07, 2.39449548189e-07, 2.18783114292e-07, 2.55603168853e-07, 3.31408962495e-08, 7.66280905395e-08, 1.08325856729e-07, 3.73839725398e-07, 2.57427359429e-07, 4.00327877514e-07, 5.43792211261e-08, 1.30654811414e-08, 1.24113543946e-14],
        "dvar2": [1.40742949952e-05, 0.000371968344552, 0.000279917643638, 0.000142256438266, 6.84727638145e-05, 1.57333706738e-05, 9.92589866655e-06, 3.87950967706e-06, 2.94890810437e-06, 1.89210322787e-06, 7.52280925553e-07, 1.08011033717e-06, 7.27154599645e-07, 5.09112453528e-07, 3.37076585311e-07, 5.84403039738e-07, 5.13455859164e-07, 6.4667483457e-07, 8.12575606801e-08, 1.93764321921e-07, 2.3961266038e-07, 8.22383299237e-07, 5.1837156434e-07, 8.94827905995e-07, 1.25881982171e-07, 3.61307215258e-08, 3.41722499906e-14],
        "max": [0.0336001142859, 0.159545809031, 0.0929086729884, 0.0753085911274, 0.0996436774731, 0.100925840437, 0.0353665314615, 0.0319522619247, 0.0227926764637, 0.017481142655, 0.0179332606494, 0.019182421267, 0.0133561231196, 0.013967724517, 0.00626674899831, 0.0199662037194, 0.0136930570006, 0.0152310021222, 0.00407086592168, 0.00735682342201, 0.00631517823786, 0.0159915871918, 0.0140041206032, 0.0228454433382, 0.00782316923141, 0.0015029294882, 3.0488097309e-06],
        "mean": [0.00298198126256, 0.0123614668846, 0.00521511491388, 0.003253351897, 0.00666387751698, 0.00309475953691, 0.00230118376203, 0.00155296176672, 0.000898467318621, 0.000771377817728, 0.000509655335918, 0.000536034756806, 0.000373654416762, 0.000240723733441, 0.000209237769013, 0.000173923443072, 0.000298825179925, 0.00022891741537, 0.000139127936563, 0.000118675277918, 0.000158344075317, 0.000193709100131, 0.00016028835671, 0.000156695401529, 8.2606326032e-05, 3.51830567524e-05, 1.71807066351e-08],
        "median": [0.00193676934578, 0.00395425315946, 0.0010169215966, 0.000925780390389, 0.00342951901257, 0.00165713147726, 0.00124023656826, 0.000758834765293, 0.000348395871697, 0.00023642386077, 0.000207484146813, 0.000202050810913, 9.52120753936e-05, 4.65663033538e-05, 5.28520104126e-05, 3.11380099447e-05, 8.45151516842e-05, 3.24689026456e-05, 3.27890447807e-05, 1.56044152391e-05, 6.62787169858e-06, 7.33882825443e-06, 7.24350002201e-06, 4.39923041995e-06, 3.14291446557e-06, 9.39712947456e-07, 9.64468171993e-10],
        "min": [2.85085801588e-25, 3.43319247371e-24, 1.27391175432e-24, 1.01406511366e-24, 9.73605187248e-24, 5.4793907712e-24, 9.10509804352e-24, 5.99640863076e-24, 2.26222698864e-23, 1.48782227505e-23, 1.04907913881e-23, 2.25122758549e-23, 2.76506538897e-23, 2.78685278054e-23, 5.12746714184e-23, 4.13566198687e-23, 7.79549569749e-23, 7.70607736725e-23, 1.40459107555e-22, 1.95085301861e-22, 2.24063987308e-22, 2.71840710633e-22, 3.33778307622e-22, 5.19283026318e-22, 9.80204986908e-22, 1.25884580476e-21, 2.09349396397e-21],
        "var": [1.17129884529e-05, 0.000317671074299, 9.68348686001e-05, 5.03401497554e-05, 7.50449180487e-05, 1.81933282875e-05, 8.53977508086e-06, 5.70576457903e-06, 2.66177630692e-06, 1.91295498553e-06, 7.01622582255e-07, 1.06097354546e-06, 7.24807023289e-07, 3.98082676156e-07, 2.18675438646e-07, 3.67261293377e-07, 5.20185494679e-07, 3.49497355501e-07, 6.32045669136e-08, 9.23566076949e-08, 1.87119709949e-07, 5.30349723249e-07, 4.28618704973e-07, 4.83170424559e-07, 6.83786467448e-08, 1.06998694349e-08, 8.59170167059e-15]
    },
    "erbbands": {
        "dmean": [0.221420839429, 1.44200766087, 3.47979187965, 8.55875968933, 8.00350379944, 12.6186475754, 13.5424690247, 11.0595092773, 15.191327095, 16.0599269867, 19.0910263062, 13.2550487518, 15.2943220139, 12.1264467239, 9.96257400513, 15.9589281082, 10.519903183, 9.40296459198, 6.99580621719, 7.01468276978, 6.95284366608, 8.19325256348, 8.82673454285, 4.84186506271, 3.85732078552, 4.19003915787, 4.17413473129, 5.03222799301, 5.39905118942, 4.7488026619, 3.49043250084, 2.9900894165, 2.18335795403, 1.01731204987, 0.482624471188, 0.192510783672, 0.0799291953444, 0.00571953086182, 0.000114398062578, 1.60075596796e-05],
        "dmean2": [0.349412530661, 2.25773334503, 5.76159572601, 14.5408372879, 13.0369510651, 20.3580780029, 21.1876621246, 16.3175773621, 23.3351783752, 24.4384555817, 26.9450588226, 19.7707252502, 23.4350337982, 18.6381893158, 14.9952726364, 24.5865402222, 15.8646364212, 14.4555931091, 11.0237808228, 11.1566171646, 11.1661376953, 12.7691898346, 14.0662069321, 7.6777100563, 5.9575715065, 6.58764791489, 6.5082359314, 7.44902801514, 7.81374883652, 6.7776017189, 5.28173875809, 4.60628795624, 3.44015097618, 1.60414278507, 0.818259060383, 0.326920241117, 0.139996439219, 0.00972035247833, 0.000192451159819, 2.50322500506e-05],
        "dvar": [0.168966457248, 8.5194606781, 53.5570297241, 628.837585449, 202.162139893, 609.620361328, 594.518493652, 629.681884766, 561.60168457, 715.422302246, 1064.35864258, 887.515380859, 1033.14172363, 488.987945557, 482.11227417, 1097.11218262, 627.887695312, 629.576599121, 291.629333496, 406.77456665, 361.272827148, 455.914733887, 961.952941895, 118.559623718, 83.1364059448, 228.101837158, 126.025169373, 270.00881958, 430.798034668, 368.186767578, 197.69493103, 221.205871582, 85.2364883423, 12.583524704, 1.78319442272, 0.244650363922, 0.0633458122611, 0.000313305790769, 1.11457715946e-07, 6.22359830338e-10],
        "dvar2": [0.404859721661, 21.4068107605, 149.627960205, 1654.35998535, 569.167541504, 1540.04748535, 1386.57556152, 1425.03710938, 1389.17028809, 1602.18188477, 2056.02709961, 2027.48571777, 2428.01049805, 1190.34460449, 1004.84838867, 2416.1574707, 1369.45324707, 1458.01330566, 718.454101562, 988.307983398, 892.30267334, 1060.31445312, 2421.60913086, 296.247955322, 198.526443481, 587.814025879, 308.743652344, 587.131530762, 947.111022949, 738.518493652, 420.050354004, 472.989013672, 204.560333252, 26.7188472748, 4.62478208542, 0.656675457954, 0.179207846522, 0.000854609068483, 3.04594664158e-07, 1.4781639246e-09],
        "max": [5.1701426506, 38.928527832, 71.1575698853, 231.767425537, 236.6978302, 586.06262207, 602.05670166, 1073.98010254, 416.913146973, 565.732543945, 833.578918457, 662.954956055, 655.288757324, 456.886901855, 863.872497559, 924.643981934, 562.112854004, 765.059692383, 458.001831055, 565.278991699, 566.320678711, 500.495605469, 939.044067383, 287.380157471, 245.828048706, 467.955291748, 187.424438477, 342.578277588, 479.577606201, 533.351745605, 434.103179932, 502.122131348, 383.31048584, 139.225280762, 30.8491783142, 5.8965139389, 3.22829556465, 0.268538475037, 0.00491864420474, 0.000371125584934],
        "mean": [0.410952746868, 2.5347006321, 6.00609207153, 9.61309432983, 13.8151960373, 25.389585495, 27.374464035, 23.5447883606, 30.8445510864, 32.018535614, 35.5374946594, 23.6351203918, 26.9962177277, 21.0071353912, 17.5355396271, 25.2533683777, 18.2014808655, 15.1496601105, 10.4712171555, 10.2628602982, 11.3633680344, 14.9958610535, 13.8940343857, 8.39923477173, 6.45129394531, 5.73979854584, 5.9725522995, 6.64430475235, 6.80582857132, 6.11015462875, 4.26726007462, 3.47835922241, 2.42776083946, 1.14326548576, 0.464541584253, 0.176526233554, 0.0658833757043, 0.0050185918808, 0.000121731667605, 5.47864146938e-05],
        "median": [0.106919139624, 0.776878833771, 1.4615983963, 2.96765327454, 7.32413768768, 9.98223972321, 13.2431774139, 11.2408981323, 16.351108551, 17.7960109711, 17.6291007996, 11.0436382294, 9.62194633484, 9.30886459351, 7.58867788315, 10.0266342163, 5.61860942841, 3.66681027412, 3.03449606895, 2.39647626877, 2.92356872559, 4.30115509033, 2.32154154778, 1.54205882549, 1.67943048477, 0.81392878294, 0.386668801308, 0.234785676003, 0.267265617847, 0.210384130478, 0.202746942639, 0.127532377839, 0.0693885236979, 0.0390908196568, 0.0172935649753, 0.00647103413939, 0.00143207912333, 0.000114912858407, 3.00495976262e-05, 5.07272379764e-05],
        "min": [7.89470158275e-23, 5.76301084754e-22, 2.00784219843e-21, 4.70555100824e-21, 9.77680066555e-21, 3.46800124704e-20, 5.31935715061e-20, 4.54415902344e-20, 8.28911617232e-20, 2.02449029878e-19, 3.09056803931e-19, 5.31142390692e-19, 5.17225904067e-19, 1.00837876503e-18, 1.07811650132e-18, 1.23086460381e-18, 1.345115824e-18, 1.83838409598e-18, 2.49540703909e-18, 3.09662568973e-18, 2.9177848986e-18, 5.31312334949e-18, 4.99135712225e-18, 6.53192311048e-18, 6.07082409931e-18, 1.01657502889e-17, 1.04367387935e-17, 1.01992329057e-17, 9.81269388703e-18, 9.29764905144e-18, 1.04495253514e-17, 1.10056405316e-17, 8.39335618064e-18, 9.14825278819e-18, 7.05006366951e-18, 4.53644666283e-18, 2.01324015131e-18, 8.73524440347e-19, 2.73211345677e-19, 2.89232457661e-20],
        "var": [0.370533287525, 15.0458335876, 90.1830978394, 512.572631836, 346.155700684, 1695.8951416, 1632.38134766, 1508.15625, 1475.18847656, 1849.71020508, 2926.07714844, 1728.10620117, 2477.00585938, 1059.02368164, 1038.61950684, 2417.92138672, 1394.29125977, 1288.0670166, 467.753051758, 669.945983887, 688.86328125, 1074.88244629, 1368.11804199, 235.218078613, 154.837234497, 248.172805786, 211.215652466, 425.443572998, 610.0703125, 627.635253906, 299.506561279, 277.310821533, 96.724029541, 17.3579921722, 1.79764831066, 0.226975634694, 0.0459172204137, 0.000262207118794, 9.82555832252e-08, 1.99408534129e-09]
    },
    "gfcc": {
        "mean": [-75.9936904907, 145.695877075, -96.6083984375, 10.8617591858, -59.297454834, 4.49612474442, -34.0249061584, 3.93785667419, -18.2172145844, -2.36617207527, -6.14384031296, -1.00274479389, -6.35998106003],
        "cov": [[28547.5820312, -4798.79150391, -1220.42736816, 4022.86303711, -627.001464844, 2145.0378418, -873.252624512, 1232.47875977, -988.878234863, 217.840606689, -988.617492676, 358.191741943, -733.325683594], [-4798.79150391, 3894.12280273, 112.038009644, -1748.00756836, 477.915649414, -1007.75610352, 352.802947998, -535.423828125, 484.586334229, -223.28137207, 546.230102539, -261.389953613, 301.099060059], [-1220.42736816, 112.038009644, 1557.03686523, -8.62694168091, 92.3276519775, 300.670288086, 161.942779541, 65.0052566528, 14.152472496, 177.372299194, -133.78453064, 26.5962123871, -32.8535995483], [4022.86303711, -1748.00756836, -8.62694168091, 1675.96960449, 4.26391839981, 557.209960938, -143.668411255, 327.826416016, -194.430603027, 14.3050422668, -247.911407471, 70.7073059082, -176.301116943], [-627.001464844, 477.915649414, 92.3276519775, 4.26391839981, 542.483398438, -35.3730010986, 94.3993759155, 56.4603500366, 104.695083618, 36.6067428589, 61.6447677612, -0.872749149799, 28.9987564087], [2145.0378418, -1007.75610352, 300.670288086, 557.209960938, -35.3730010986, 682.456665039, 25.1143779755, 242.700332642, -135.861801147, 118.298690796, -212.927307129, 82.3106613159, -82.0650558472], [-873.252624512, 352.802947998, 161.942779541, -143.668411255, 94.3993759155, 25.1143779755, 288.018218994, 0.899792253971, 70.2315979004, 30.8309555054, 29.8766021729, -27.2000293732, 48.4889526367], [1232.47875977, -535.423828125, 65.0052566528, 327.826416016, 56.4603500366, 242.700332642, 0.899792253971, 256.012512207, -41.3246650696, 97.9289627075, -88.4646530151, 70.5637512207, -43.5360031128], [-988.878234863, 484.586334229, 14.152472496, -194.430603027, 104.695083618, -135.861801147, 70.2315979004, -41.3246650696, 204.476089478, 18.0277004242, 113.698158264, -22.0580692291, 73.6036605835], [217.840606689, -223.28137207, 177.372299194, 14.3050422668, 36.6067428589, 118.298690796, 30.8309555054, 97.9289627075, 18.0277004242, 195.26524353, -30.0811195374, 63.6315765381, -7.02340888977], [-988.617492676, 546.230102539, -133.78453064, -247.911407471, 61.6447677612, -212.927307129, 29.8766021729, -88.4646530151, 113.698158264, -30.0811195374, 222.792633057, 2.01955461502, 69.872177124], [358.191741943, -261.389953613, 26.5962123871, 70.7073059082, -0.872749149799, 82.3106613159, -27.2000293732, 70.5637512207, -22.0580692291, 63.6315765381, 2.01955461502, 128.220458984, 14.6858491898], [-733.325683594, 301.099060059, -32.8535995483, -176.301116943, 28.9987564087, -82.0650558472, 48.4889526367, -43.5360031128, 73.6036605835, -7.02340888977, 69.872177124, 14.6858491898, 120.795341492]],
        "icov": [[0.000106461986434, -0.000248313881457, 0.000182092422619, -0.000263421592535, 0.000213473264012, -0.000267865456408, 0.000231808429817, -0.000207101984415, 0.000182644216693, -0.00024776297505, 0.000255002640188, -0.000241922098212, 0.000285620917566], [-0.000248313881457, 0.00196345173754, -0.000782394432463, 0.0014206871856, -0.0013703139266, 0.00114278262481, -0.00102336052805, 0.000771176302806, -0.00096584437415, 0.00161743396893, -0.00180332758464, 0.0018936941633, -0.00125143153127], [0.000182092422619, -0.000782394432463, 0.00126211461611, -0.000572068267502, 0.000449465558631, -0.000947659602389, 0.000163482676726, 6.29367277725e-05, 0.000147363098222, -0.00124984642025, 0.00127752160188, -0.000925358268432, 0.000980427372269], [-0.000263421592535, 0.0014206871856, -0.000572068267502, 0.00223441724665, -0.001178207458, 0.000348851870513, -0.000472164625535, -0.000192796709598, -0.000853898352943, 0.00195791875012, -0.00108573865145, 0.00122336123604, -0.000281560845906], [0.000213473264012, -0.0013703139266, 0.000449465558631, -0.001178207458, 0.00326223857701, -0.00054839416407, 0.000263429188635, -0.0015177547466, -0.000140265663504, -0.00113564741332, 0.000818597094622, -0.00115506199654, 0.000992186833173], [-0.000267865456408, 0.00114278262481, -0.000947659602389, 0.000348851870513, -0.00054839416407, 0.00433235242963, -0.00160781526938, -0.000822016270831, 0.000125910024508, 0.00048822388635, 0.000350053160219, 0.000307004171191, -0.0010873680003], [0.000231808429817, -0.00102336052805, 0.000163482676726, -0.000472164625535, 0.000263429188635, -0.00160781526938, 0.00547231920063, -0.00103435048368, 0.000122366051073, -0.00127469119616, 0.000399228476454, 0.0010087126866, -0.00091377121862], [-0.000207101984415, 0.000771176302806, 6.29367277725e-05, -0.000192796709598, -0.0015177547466, -0.000822016270831, -0.00103435048368, 0.00919067952782, -0.00120124942623, -0.00172884180211, 0.000651062873658, -0.00194148882292, 0.000580595107749], [0.000182644216693, -0.00096584437415, 0.000147363098222, -0.000853898352943, -0.000140265663504, 0.000125910024508, 0.000122366051073, -0.00120124942623, 0.0102773793042, -0.00306303310208, -0.00268870405853, 0.00226488313638, -0.00321321794763], [-0.00024776297505, 0.00161743396893, -0.00124984642025, 0.00195791875012, -0.00113564741332, 0.00048822388635, -0.00127469119616, -0.00172884180211, -0.00306303310208, 0.0101082194597, -0.000587906688452, -0.00206473097205, 0.000519952387549], [0.000255002640188, -0.00180332758464, 0.00127752160188, -0.00108573865145, 0.000818597094622, 0.000350053160219, 0.000399228476454, 0.000651062873658, -0.00268870405853, -0.000587906688452, 0.0110125532374, -0.00497904419899, 0.000761036062613], [-0.000241922098212, 0.0018936941633, -0.000925358268432, 0.00122336123604, -0.00115506199654, 0.000307004171191, 0.0010087126866, -0.00194148882292, 0.00226488313638, -0.00206473097205, -0.00497904419899, 0.0150788798928, -0.00572720495984], [0.000285620917566, -0.00125143153127, 0.000980427372269, -0.000281560845906, 0.000992186833173, -0.0010873680003, -0.00091377121862, 0.000580595107749, -0.00321321794763, 0.000519952387549, 0.000761036062613, -0.00572720495984, 0.0148308426142]]
    },
    "melbands": {
        "dmean": [0.00185222830623, 0.00164219073486, 0.00137921713758, 0.000690797518473, 0.000483610172523, 0.000249553995673, 0.00025016287691, 0.000164428245625, 0.000150811800268, 8.42484369059e-05, 7.54340289859e-05, 4.81609349663e-05, 3.41717241099e-05, 4.12931731262e-05, 2.75574329862e-05, 2.48604610533e-05, 1.89995607798e-05, 1.11426707008e-05, 1.13503656394e-05, 1.02010289993e-05, 8.62759407028e-06, 9.67809683061e-06, 8.43942962092e-06, 7.20903835827e-06, 3.8958191908e-06, 3.32802937919e-06, 2.33702076002e-06, 3.13081477543e-06, 2.63881202045e-06, 3.03331671603e-06, 3.00324950331e-06, 3.14764338327e-06, 3.07571303892e-06, 2.64940945272e-06, 2.09953191188e-06, 1.86047134321e-06, 1.94339554582e-06, 1.63745710324e-06, 1.29560396545e-06, 7.16920567356e-07],
        "dmean2": [0.00289808074012, 0.00265448912978, 0.00232509640045, 0.0011144207092, 0.000762808835134, 0.000367239030311, 0.000385473278584, 0.000248280877713, 0.000214825908188, 0.000126870188979, 0.000115920345706, 7.46440564399e-05, 5.16975087521e-05, 6.42793966108e-05, 4.16512339143e-05, 3.82836333301e-05, 2.96459402307e-05, 1.78046848305e-05, 1.79177077371e-05, 1.61678926816e-05, 1.39896346809e-05, 1.51339545482e-05, 1.3327441593e-05, 1.1612891285e-05, 6.27747203907e-06, 5.24009419678e-06, 3.58566012437e-06, 5.04548006575e-06, 4.21808363171e-06, 4.70867189506e-06, 4.39702762378e-06, 4.66431674795e-06, 4.57236410512e-06, 3.83705446438e-06, 3.28239616465e-06, 2.80096242022e-06, 3.06567881125e-06, 2.59386320067e-06, 2.08471965379e-06, 1.13168584903e-06],
        "dvar": [1.2011320905e-05, 8.85850022314e-06, 1.29967502289e-05, 1.51126039327e-06, 7.10130223069e-07, 2.66372126134e-07, 1.50641568553e-07, 7.77900410753e-08, 6.72490259035e-08, 3.75151287813e-08, 2.53682408413e-08, 8.331960899e-09, 4.67151828332e-09, 7.22533588515e-09, 2.93819057973e-09, 4.74776085113e-09, 3.03224956255e-09, 7.94611321187e-10, 8.46659686804e-10, 2.15549555982e-09, 5.0826526321e-10, 6.70221600441e-10, 6.78374967311e-10, 6.17104589651e-10, 7.58867066408e-11, 6.76835046343e-11, 3.26242990956e-11, 1.64214336573e-10, 5.39927061394e-11, 9.34506846906e-11, 1.04106626098e-10, 1.53684481807e-10, 2.01735558814e-10, 1.20807183701e-10, 6.76110972764e-11, 1.0608446066e-10, 8.5413148776e-11, 5.44893540011e-11, 2.10765137981e-11, 6.80541083556e-12],
        "dvar2": [2.80873646261e-05, 2.33389546338e-05, 3.42642088071e-05, 3.88319676858e-06, 1.70233681729e-06, 6.09177163824e-07, 3.80468605954e-07, 1.67223234371e-07, 1.33640597255e-07, 8.5368974112e-08, 5.98183333977e-08, 2.03391401499e-08, 1.0245072346e-08, 1.60694160201e-08, 6.12928285904e-09, 1.03694794973e-08, 7.04643143834e-09, 1.97038518834e-09, 1.90670879086e-09, 5.1910507004e-09, 1.26262256206e-09, 1.57575141824e-09, 1.58518542737e-09, 1.62199609299e-09, 1.89091978187e-10, 1.68663111255e-10, 7.31849511548e-11, 4.25349727662e-10, 1.37955424862e-10, 2.24522622716e-10, 2.28494639876e-10, 3.48795409222e-10, 4.63228067016e-10, 2.39128300494e-10, 1.53744114662e-10, 2.15873666165e-10, 1.9238162452e-10, 1.33211081055e-10, 4.91606755304e-11, 1.4331670399e-11],
        "max": [0.0438748262823, 0.0301611032337, 0.0327948257327, 0.026369843632, 0.0167943760753, 0.0219036825001, 0.00704827485606, 0.00712741212919, 0.00606030365452, 0.00443584751338, 0.00329529028386, 0.00171635637525, 0.00256328238174, 0.00246843625791, 0.00119629641995, 0.00183261220809, 0.00175496668089, 0.000809850986116, 0.000579733517952, 0.00194764183834, 0.000431410328019, 0.000572834396735, 0.000679395685438, 0.000721034011804, 0.000257633480942, 0.000164361641509, 0.000210581361898, 0.000434738874901, 0.000163508055266, 0.000241614121478, 0.00020110172045, 0.000317110680044, 0.000536243082024, 0.000340725324349, 0.000219751294935, 0.000351916853106, 0.000295453181025, 0.000285163871013, 0.000201490198378, 9.97248571366e-05],
        "mean": [0.00358572299592, 0.00329776806757, 0.0017411976587, 0.00139999738894, 0.00101710029412, 0.000536427600309, 0.000496181892231, 0.00033607633668, 0.000270701333648, 0.000142669785419, 0.000129870648379, 7.99855188234e-05, 5.71295640839e-05, 6.47818014841e-05, 4.64540171379e-05, 3.82986072509e-05, 2.76731789199e-05, 1.54074059537e-05, 1.57459035108e-05, 1.39282092277e-05, 1.36473399834e-05, 1.68114547705e-05, 1.33649691634e-05, 1.07384748844e-05, 6.28702264294e-06, 5.24205097463e-06, 3.59258910976e-06, 3.921147254e-06, 3.62214109373e-06, 3.91127787225e-06, 3.79672201234e-06, 3.86582723877e-06, 3.73499960915e-06, 3.26846929966e-06, 2.4567316359e-06, 2.22798757932e-06, 2.12697159441e-06, 1.78436857823e-06, 1.39863595905e-06, 8.04758030881e-07],
        "median": [0.00118305766955, 0.00111026014201, 0.000658732897136, 0.000682673766278, 0.000517383101396, 0.000271958968369, 0.000268342730124, 0.000186350313015, 0.000127418607008, 5.63964713365e-05, 4.17912924604e-05, 3.18724487443e-05, 2.38324773818e-05, 2.6801477361e-05, 1.74668148247e-05, 9.48737215367e-06, 5.38274434803e-06, 4.24636436946e-06, 3.80655956178e-06, 2.46096715273e-06, 3.42907765116e-06, 4.52138056062e-06, 2.81499069388e-06, 1.51073732013e-06, 1.01293699117e-06, 1.26867530525e-06, 7.58828491598e-07, 4.39059675728e-07, 2.27225257277e-07, 1.46181463379e-07, 1.18249943171e-07, 1.322186165e-07, 1.57231369258e-07, 9.72533484855e-08, 1.1078051898e-07, 1.07247679182e-07, 5.73456340192e-08, 4.46289902811e-08, 4.7219327115e-08, 2.6251356644e-08],
        "min": [1.66010709072e-24, 1.36573516369e-24, 7.30039787646e-25, 1.09309872117e-24, 2.60082431185e-24, 1.08722466565e-24, 1.46624422744e-24, 2.0050659066e-24, 2.781668505e-24, 2.82997282481e-24, 1.89465496215e-24, 3.80495579707e-24, 3.30866131349e-24, 3.41997905355e-24, 2.16759334118e-24, 2.11935686341e-24, 2.92446495062e-24, 3.82548195783e-24, 4.45738044772e-24, 2.63447415983e-24, 3.16334682386e-24, 4.05296419934e-24, 4.22281620743e-24, 4.17797340927e-24, 4.45201461584e-24, 3.65032880446e-24, 5.28912540947e-24, 5.12259095592e-24, 4.65523228478e-24, 3.74722261729e-24, 5.06488656957e-24, 5.42324320184e-24, 3.8373330152e-24, 5.65466067599e-24, 5.87090638277e-24, 4.36048702932e-24, 5.59827250405e-24, 5.34496492865e-24, 6.50590233501e-24, 6.43904558443e-24],
        "var": [2.58323707385e-05, 2.12811191886e-05, 1.14212743938e-05, 3.95900315198e-06, 1.95748248188e-06, 6.65064760597e-07, 3.72835415874e-07, 2.15899817135e-07, 1.79609557449e-07, 7.31393399178e-08, 6.06217014365e-08, 1.75218985987e-08, 9.70572955339e-09, 1.5120653174e-08, 6.97672675187e-09, 9.95479076948e-09, 5.65836755229e-09, 1.15798914901e-09, 1.39702316382e-09, 3.23509419253e-09, 9.97066984532e-10, 1.4815694227e-09, 1.25729437972e-09, 7.64867280623e-10, 1.44412107272e-10, 1.14494420889e-10, 5.68738597884e-11, 1.5868888148e-10, 7.98276306169e-11, 1.30374960827e-10, 1.56674312413e-10, 2.01610408923e-10, 2.62103339033e-10, 2.05754302485e-10, 9.988366384e-11, 1.38844200026e-10, 9.9160117617e-11, 5.88387949474e-11, 2.57120002373e-11, 9.28303527797e-12]
    },
    "mfcc": {
        "mean": [-711.379577637, 166.761886597, 23.2763347626, 11.577539444, -0.187965318561, -1.10169386864, -2.6230070591, 2.88795518875, -4.96246480942, -2.05314946175, 0.297502577305, 3.76755094528, 2.11193370819],
        "cov": [[18034.7929688, -3320.36669922, -1416.47143555, 1735.15905762, 1012.07019043, 660.801147461, 501.305206299, 758.42956543, 263.09564209, 85.371131897, -7.95048093796, -61.8267593384, -404.737854004], [-3320.36669922, 3364.40991211, 152.528411865, -541.910095215, -172.988433838, -287.048553467, -156.184417725, -187.329849243, -213.346893311, 12.1791725159, 33.550453186, 33.60105896, 153.837860107], [-1416.47143555, 152.528411865, 1265.86157227, -128.662506104, -91.4262924194, 185.732406616, 75.6835174561, -51.0981330872, 149.212799072, 19.9727916718, 62.6872253418, 29.3841400146, 26.2159442902], [1735.15905762, -541.910095215, -128.662506104, 759.453979492, 299.124359131, 74.2694549561, 77.0661239624, 118.526847839, 25.9191188812, 18.3607559204, -5.96613359451, -1.24957942963, -49.4592514038], [1012.07019043, -172.988433838, -91.4262924194, 299.124359131, 439.694458008, 109.697174072, 56.7792167664, 94.4110412598, 51.1974754333, 29.5351295471, 14.8250904083, 11.6582689285, -7.53642463684], [660.801147461, -287.048553467, 185.732406616, 74.2694549561, 109.697174072, 270.385864258, 135.204650879, 69.9949569702, 123.282073975, 26.9141521454, 35.3875961304, -5.8044424057, -41.4100456238], [501.305206299, -156.184417725, 75.6835174561, 77.0661239624, 56.7792167664, 135.204650879, 216.790512085, 88.8569946289, 99.007270813, 23.0017814636, 26.7966651917, -1.78700017929, -39.3470954895], [758.42956543, -187.329849243, -51.0981330872, 118.526847839, 94.4110412598, 69.9949569702, 88.8569946289, 155.326095581, 55.7531242371, 8.26067447662, 2.84348607063, -0.825650990009, -14.3028383255], [263.09564209, -213.346893311, 149.212799072, 25.9191188812, 51.1974754333, 123.282073975, 99.007270813, 55.7531242371, 226.139038086, 45.0144309998, 31.0511322021, 18.1605510712, -27.3661880493], [85.371131897, 12.1791725159, 19.9727916718, 18.3607559204, 29.5351295471, 26.9141521454, 23.0017814636, 8.26067447662, 45.0144309998, 97.023765564, 45.4403915405, 8.52213001251, -2.81205630302], [-7.95048093796, 33.550453186, 62.6872253418, -5.96613359451, 14.8250904083, 35.3875961304, 26.7966651917, 2.84348607063, 31.0511322021, 45.4403915405, 104.876144409, 43.1081390381, 11.837802887], [-61.8267593384, 33.60105896, 29.3841400146, -1.24957942963, 11.6582689285, -5.8044424057, -1.78700017929, -0.825650990009, 18.1605510712, 8.52213001251, 43.1081390381, 96.3737258911, 53.0805435181], [-404.737854004, 153.837860107, 26.2159442902, -49.4592514038, -7.53642463684, -41.4100456238, -39.3470954895, -14.3028383255, -27.3661880493, -2.81205630302, 11.837802887, 53.0805435181, 117.341255188]],
