{
"lowlevel": {
    "average_loudness": 0.941741585732,
    "barkbands_crest": {
        "dmean": 3.15818214417,
        "dmean2": 4.62591505051,
        "dvar": 9.2826461792,
        "dvar2": 21.5830821991,
        "max": 26.5298709869,
        "mean": 15.7837629318,
        "median": 15.8778486252,
        "min": 2.01494479179,
        "var": 34.4348831177
    },
    "barkbands_flatness_db": {
        "dmean": 0.0282831005752,
        "dmean2": 0.0438056774437,
        "dvar": 0.00091026496375,
        "dvar2": 0.00211139395833,
        "max": 0.418035715818,
        "mean": 0.118779927492,
        "median": 0.103378333151,
        "min": 0.0145470481366,
        "var": 0.00333844916895
    },
    "barkbands_kurtosis": {
        "dmean": 6.58811807632,
        "dmean2": 10.2602787018,
        "dvar": 267.962524414,
        "dvar2": 620.415161133,
        "max": 392.078887939,
        "mean": 10.6667537689,
        "median": 4.43278646469,
        "min": -1.88218021393,
        "var": 426.364379883
    },
    "barkbands_skewness": {
        "dmean": 0.792331337929,
        "dmean2": 1.20915031433,
        "dvar": 1.17093539238,
        "dvar2": 2.54281115532,
        "max": 18.4412097931,
        "mean": 2.66585874557,
        "median": 2.28131341934,
        "min": -2.32326316833,
        "var": 3.705047369
    },
    "barkbands_spread": {
        "dmean": 9.67405700684,
        "dmean2": 15.0257825851,
        "dvar": 122.423362732,
        "dvar2": 287.475219727,
        "max": 116.396018982,
        "mean": 31.8650989532,
        "median": 29.9455814362,
        "min": 0.506561875343,
        "var": 314.291320801
    },
    "dissonance": {
        "dmean": 0.0129940742627,
        "dmean2": 0.0220353808254,
        "dvar": 0.000133293375256,
        "dvar2": 0.000365994405001,
        "max": 0.500000059605,
        "mean": 0.477987498045,
        "median": 0.48008286953,
        "min": 0.312851905823,
        "var": 0.00020728285017
    },
    "dynamic_complexity": 3.21559453011,
    "erbbands_crest": {
        "dmean": 1.96334195137,
        "dmean2": 3.31390833855,
        "dvar": 3.74276018143,
        "dvar2": 9.99116897583,
        "max": 29.8796482086,
        "mean": 5.69098091125,
        "median": 5.0460858345,
        "min": 1.96746611595,
        "var": 7.04730129242
    },
    "erbbands_flatness_db": {
        "dmean": 0.011525483802,
        "dmean2": 0.0180653557181,
        "dvar": 0.000147495404235,
        "dvar2": 0.000343898573192,
        "max": 0.293938606977,
        "mean": 0.0785000622272,
        "median": 0.0718710720539,
        "min": 0.0341389849782,
        "var": 0.000709957152139
    },
    "erbbands_kurtosis": {
        "dmean": 0.382821828127,
        "dmean2": 0.606214940548,
        "dvar": 0.472709774971,
        "dvar2": 1.13261854649,
        "max": 33.5965042114,
        "mean": -0.574262738228,
        "median": -0.739469766617,
        "min": -1.7548199892,
        "var": 0.752411365509
    },
    "erbbands_skewness": {
        "dmean": 0.251898646355,
        "dmean2": 0.397337734699,
        "dvar": 0.0686243474483,
        "dvar2": 0.176904961467,
        "max": 3.32503294945,
        "mean": 0.11561563611,
        "median": 0.126537248492,
        "min": -1.66737401485,
        "var": 0.159665539861
    },
    "erbbands_spread": {
        "dmean": 10.8223247528,
        "dmean2": 15.6760854721,
        "dvar": 109.062271118,
        "dvar2": 202.325195312,
        "max": 167.785095215,
        "mean": 65.4094772339,
        "median": 63.6992034912,
        "min": 4.54302120209,
        "var": 371.101837158
    },
    "hfc": {
        "dmean": 20.193025589,
        "dmean2": 30.9243907928,
        "dvar": 800.073486328,
        "dvar2": 1954.27807617,
        "max": 267.082763672,
        "mean": 51.3020324707,
        "median": 41.7037162781,
        "min": 1.08182174521e-16,
        "var": 1821.8079834
    },
    "melbands_crest": {
        "dmean": 3.86836051941,
        "dmean2": 6.24096536636,
        "dvar": 15.1518650055,
        "dvar2": 41.3427391052,
        "max": 37.5701560974,
        "mean": 22.6797161102,
        "median": 23.7704277039,
        "min": 1.39730620384,
        "var": 43.8109893799
    },
    "melbands_flatness_db": {
        "dmean": 0.0323494784534,
        "dmean2": 0.050471726805,
        "dvar": 0.0013514602324,
        "dvar2": 0.00314448587596,
        "max": 0.533338487148,
        "mean": 0.203925356269,
        "median": 0.195433363318,
        "min": 0.000594798708335,
        "var": 0.0056872353889
    },
    "melbands_kurtosis": {
        "dmean": 24.5864219666,
        "dmean2": 38.3660240173,
        "dvar": 2540.29394531,
        "dvar2": 5234.6015625,
        "max": 717.407165527,
        "mean": 51.3383903503,
        "median": 26.3403568268,
        "min": -1.58064997196,
        "var": 6210.03076172
    },
    "melbands_skewness": {
        "dmean": 1.28844130039,
        "dmean2": 1.98754048347,
        "dvar": 2.95718216896,
        "dvar2": 5.88882493973,
        "max": 22.8685359955,
        "mean": 5.34246015549,
        "median": 4.58799982071,
        "min": -0.48057487607,
        "var": 10.5382843018
    },
    "melbands_spread": {
        "dmean": 6.43459129333,
        "dmean2": 10.218085289,
        "dvar": 74.2436218262,
        "dvar2": 155.759735107,
        "max": 189.020263672,
        "mean": 19.7731266022,
        "median": 15.0564966202,
        "min": 0.469114780426,
        "var": 358.63482666
    },
    "pitch_salience": {
        "dmean": 0.10160741955,
        "dmean2": 0.15850956738,
        "dvar": 0.0112427370623,
        "dvar2": 0.0268892943859,
        "max": 0.985130667686,
        "mean": 0.397223114967,
        "median": 0.391918033361,
        "min": 0.0403671003878,
        "var": 0.0308594666421
    },
    "silence_rate_20dB": {
        "dmean": 0,
        "dmean2": 0,
        "dvar": 0,
        "dvar2": 0,
        "max": 1,
        "mean": 1,
        "median": 1,
        "min": 1,
        "var": 0
    },
    "silence_rate_30dB": {
        "dmean": 0.0918143242598,
        "dmean2": 0.183642089367,
        "dvar": 0.0833800137043,
        "dvar2": 0.171866372228,
        "max": 1,
        "mean": 0.799838960171,
        "median": 1,
        "min": 0,
        "var": 0.160083577037
    },
    "silence_rate_60dB": {
        "dmean": 0.00863962527364,
        "dmean2": 0.0172805152833,
        "dvar": 0.00856656953692,
        "dvar2": 0.0203546248376,
        "max": 1,
        "mean": 0.0398272201419,
        "median": 0,
        "min": 0,
        "var": 0.0382417999208
    },
    "spectral_centroid": {
        "dmean": 316.863891602,
        "dmean2": 493.368377686,
        "dvar": 110264.4375,
        "dvar2": 258656.59375,
        "max": 11242.2617188,
        "mean": 1792.96716309,
        "median": 1792.05249023,
        "min": 216.147506714,
        "var": 403369.5
    },
    "spectral_complexity": {
        "dmean": 5.73261070251,
        "dmean2": 9.33074569702,
        "dvar": 31.8796844482,
        "dvar2": 76.7989959717,
        "max": 58,
        "mean": 24.5483570099,
        "median": 26,
        "min": 0,
        "var": 164.709075928
    },
    "spectral_decrease": {
        "dmean": 3.62943519683e-09,
        "dmean2": 5.41137223919e-09,
        "dvar": 2.27101196406e-17,
        "dvar2": 4.8824061032e-17,
        "max": 1.04256786977e-28,
        "mean": -1.67614384594e-08,
        "median": -1.70246430287e-08,
        "min": -5.09607573917e-08,
        "var": 1.08987299189e-16
    },
    "spectral_energy": {
        "dmean": 0.0139545779675,
        "dmean2": 0.0206123646349,
        "dvar": 0.000316937163007,
        "dvar2": 0.000666444655508,
        "max": 0.19945192337,
        "mean": 0.0679148510098,
        "median": 0.0710137337446,
        "min": 1.00959776753e-20,
        "var": 0.00167181715369
    },
    "spectral_energyband_high": {
        "dmean": 0.00178930792026,
        "dmean2": 0.00279458123259,
        "dvar": 6.80999528413e-06,
        "dvar2": 1.66151257872e-05,
        "max": 0.0256341788918,
        "mean": 0.00398378632963,
        "median": 0.00293914647773,
        "min": 7.2794115337e-21,
        "var": 1.41990021802e-05
    },
    "spectral_energyband_low": {
        "dmean": 0.0137935513631,
        "dmean2": 0.0215100478381,
        "dvar": 0.000418203155277,
        "dvar2": 0.000940096389968,
        "max": 0.171652764082,
        "mean": 0.0492748059332,
        "median": 0.0454216040671,
        "min": 1.86207950328e-23,
        "var": 0.00133056286722
    },
    "spectral_energyband_middle_high": {
        "dmean": 0.00194819027092,
        "dmean2": 0.00328010483645,
        "dvar": 7.3059272836e-06,
        "dvar2": 1.96073833649e-05,
        "max": 0.0302324164659,
        "mean": 0.00523491157219,
        "median": 0.00432028342038,
        "min": 1.26868493235e-21,
        "var": 1.7032985852e-05
    },
    "spectral_energyband_middle_low": {
        "dmean": 0.00749975349754,
        "dmean2": 0.0128123862669,
        "dvar": 0.00021735849441,
        "dvar2": 0.000593228440266,
        "max": 0.115155339241,
        "mean": 0.0107636917382,
        "median": 0.00785110332072,
        "min": 2.01507096635e-22,
        "var": 0.000174244167283
    },
    "spectral_entropy": {
        "dmean": 0.141535207629,
        "dmean2": 0.223287180066,
        "dvar": 0.0257771424949,
        "dvar2": 0.0686509311199,
        "max": 9.81112289429,
        "mean": 8.19926738739,
        "median": 8.22929668427,
        "min": 5.43468475342,
        "var": 0.0632778182626
    },
    "spectral_flux": {
        "dmean": 0.0435190312564,
        "dmean2": 0.0658594295382,
        "dvar": 0.00216075335629,
        "dvar2": 0.00342232710682,
        "max": 0.409370094538,
        "mean": 0.122655533254,
        "median": 0.107174322009,
        "min": 6.36686120492e-11,
        "var": 0.00585252000019
    },
    "spectral_kurtosis": {
        "dmean": 0.41487288475,
        "dmean2": 0.642098665237,
        "dvar": 0.259902507067,
        "dvar2": 0.558343648911,
        "max": 28.7344512939,
        "mean": 1.91434371471,
        "median": 1.91263914108,
        "min": -1.2453712225,
        "var": 0.816556334496
    },
    "spectral_rms": {
        "dmean": 0.000832218618598,
        "dmean2": 0.00120679417159,
        "dvar": 9.38499795211e-07,
        "dvar2": 1.861462124e-06,
        "max": 0.0139494528994,
        "mean": 0.00761647801846,
        "median": 0.0083235623315,
        "min": 3.13842875299e-12,
        "var": 8.24770177132e-06
    },
    "spectral_rolloff": {
        "dmean": 842.204711914,
        "dmean2": 1383.5480957,
        "dvar": 2092770.625,
        "dvar2": 4781717,
        "max": 19444.4824219,
        "mean": 1646.73901367,
        "median": 645.99609375,
        "min": 21.533203125,
        "var": 6656698.5
    },
    "spectral_skewness": {
        "dmean": 0.0984132066369,
        "dmean2": 0.153384417295,
        "dvar": 0.00994895584881,
        "dvar2": 0.0208244677633,
        "max": 4.50612735748,
        "mean": 1.26293516159,
        "median": 1.28057491779,
        "min": -0.0284547097981,
        "var": 0.0385862737894
    },
    "spectral_spread": {
        "dmean": 624909.0625,
        "dmean2": 909689.6875,
        "dvar": 522634526720,
        "dvar2": 919646699520,
        "max": 42437940,
        "mean": 7726721,
        "median": 7546234.5,
        "min": 2306273.75,
        "var": 2.54078117478e+12
    },
    "spectral_strongpeak": {
        "dmean": 0.17685854435,
        "dmean2": 0.293159455061,
        "dvar": 0.0967568829656,
        "dvar2": 0.250666409731,
        "max": 7.58291292191,
        "mean": 0.563676118851,
        "median": 0.52872979641,
        "min": 0,
        "var": 0.136662870646
    },
    "zerocrossingrate": {
        "dmean": 0.0170297827572,
        "dmean2": 0.020009662956,
        "dvar": 0.000339085498126,
        "dvar2": 0.000383447651984,
        "max": 0.87158203125,
        "mean": 0.0776223093271,
        "median": 0.06298828125,
        "min": 0.00341796875,
        "var": 0.00385523191653
    },
    "barkbands": {
        "dmean": [0.00104098930024, 0.012837022543, 0.00627023354173, 0.00329672684893, 0.00272870273329, 0.00145967106801, 0.00104183889925, 0.000884093053173, 0.000718867930118, 0.000455847242847, 0.000529288197868, 0.000462256954052, 0.000385283841752, 0.000352947419742, 0.000286940135993, 0.00032689073123, 0.000205168980756, 0.000258338463027, 0.000224211296882, 0.000229257027968, 0.000247492076596, 0.000224629955483, 0.000215070976992, 0.000382068537874, 0.000391992507502, 0.000388289801776, 9.61545301834e-05],
        "dmean2": [0.00172243092675, 0.0194155890495, 0.0109065752476, 0.00615401146933, 0.00467442767695, 0.00248861592263, 0.00174485030584, 0.00147018046118, 0.00119483703747, 0.000742641743273, 0.000866784132086, 0.000763653835747, 0.000645609747153, 0.000583886750974, 0.000469774473459, 0.000544094713405, 0.000345354608726, 0.000442024203949, 0.000379758392228, 0.000395289622247, 0.000422838609666, 0.000373150483938, 0.000351013324689, 0.000628679234069, 0.000605752691627, 0.000580636784434, 0.00014481706603],
        "dvar": [2.73299679066e-06, 0.000340504251653, 0.000296992569929, 0.0001086746488, 2.30066689255e-05, 6.59373836243e-06, 4.0950149014e-06, 3.47727404915e-06, 1.47145703977e-06, 6.31842624443e-07, 6.71716861689e-07, 7.08025766016e-07, 3.21654482605e-07, 3.50633058588e-07, 2.44406663796e-07, 3.49668454191e-07, 8.02006283607e-08, 1.61410170563e-07, 1.04331689954e-07, 1.04729508621e-07, 9.19559681734e-08, 8.84908430976e-08, 7.02768687688e-08, 3.27743890693e-07, 3.82927453302e-07, 4.25579116836e-07, 2.71559645881e-08],
        "dvar2": [6.51963046039e-06, 0.000681689474732, 0.000798290420789, 0.000311141775455, 6.16928009549e-05, 1.67506968864e-05, 9.77164472715e-06, 8.22275433165e-06, 3.65810956282e-06, 1.47252558236e-06, 1.66838310633e-06, 1.67211771895e-06, 8.26043731195e-07, 8.37423669964e-07, 5.84021847772e-07, 8.44649093779e-07, 2.11852722032e-07, 4.39540087882e-07, 2.85202759187e-07, 2.98282373024e-07, 2.49299574762e-07, 2.25601780812e-07, 1.73251677893e-07, 8.32200043988e-07, 9.08981462544e-07, 9.75207058218e-07, 5.79402943401e-08],
        "max": [0.0307354554534, 0.15135641396, 0.118815742433, 0.0863960906863, 0.0445729643106, 0.0237596537918, 0.0258953236043, 0.0246260687709, 0.0338562503457, 0.0216172337532, 0.0138366399333, 0.0149267818779, 0.011098141782, 0.00966371502727, 0.00860482826829, 0.00710621662438, 0.00375905493274, 0.00601621670648, 0.00344322691672, 0.0032407566905, 0.00302681862377, 0.00383656728081, 0.00377758126706, 0.0068790144287, 0.00581018719822, 0.00709723075852, 0.00169927545357],
        "mean": [0.00194487732369, 0.0403328798711, 0.00574719160795, 0.00237452611327, 0.00317270099185, 0.00158719543833, 0.00126101449132, 0.00115066510625, 0.00106600415893, 0.000666238483973, 0.000772884930484, 0.000599263876211, 0.00054234766867, 0.000476020359201, 0.000453907356132, 0.000428352475865, 0.00032488515717, 0.00043117578025, 0.00041188657633, 0.000430110609159, 0.000477002933621, 0.000500616093632, 0.000520985689946, 0.000697387265973, 0.000730134488549, 0.000674900074955, 0.000139667914482],
        "median": [0.000792475475464, 0.0358036383986, 0.00160167599097, 0.000360354606528, 0.00150262459647, 0.000619057216682, 0.000446915481007, 0.000421500502853, 0.000505291216541, 0.00034988700645, 0.000402654550271, 0.00028292342904, 0.000306393805658, 0.000236993204453, 0.000284169829683, 0.000225731055252, 0.000226108473726, 0.000298235798255, 0.000301460444462, 0.000325025001075, 0.000369953893824, 0.000356360105798, 0.000376846903237, 0.000467822799692, 0.000477120018331, 0.000396429153625, 5.9711139329e-05],
        "min": [5.40507327001e-25, 7.07223977836e-24, 1.39416363995e-24, 3.37231647209e-24, 1.55728510651e-23, 1.25693349549e-23, 7.14614894543e-24, 7.9156015058e-24, 3.30285237844e-23, 2.24184645161e-23, 3.39799373678e-23, 2.87093809552e-23, 3.61044470706e-23, 5.06866765877e-23, 8.24441498163e-23, 3.58932816281e-23, 1.09716819426e-22, 1.31790434975e-22, 1.99058333546e-22, 2.1665937282e-22, 3.17805048116e-22, 3.77369827233e-22, 4.14820954532e-22, 7.05699415785e-22, 1.03555823329e-21, 1.37204373483e-21, 2.10507408865e-21],
        "var": [6.72936403134e-06, 0.00101474893745, 0.000210733589483, 6.25185930403e-05, 2.05548221857e-05, 6.75353157931e-06, 5.19164586876e-06, 4.87825263917e-06, 2.78530728792e-06, 1.04013520286e-06, 1.07426649265e-06, 9.48379067722e-07, 5.14785369887e-07, 4.84786255583e-07, 3.52796973857e-07, 4.29396493473e-07, 1.18592495824e-07, 2.27816286724e-07, 1.56800879836e-07, 1.62497840961e-07, 1.71032269236e-07, 2.10597434602e-07, 2.40130191287e-07, 5.57407361157e-07, 6.4481815798e-07, 6.82296047216e-07, 4.34541611583e-08]
    },
    "erbbands": {
        "dmean": [0.542730987072, 2.85568761826, 6.501745224, 9.7260799408, 8.35682106018, 10.2319574356, 11.5933532715, 12.742395401, 13.1823234558, 16.2625846863, 16.8305511475, 17.3170833588, 14.0012159348, 18.9462680817, 17.2773017883, 15.3041067123, 17.3902206421, 14.6825418472, 15.9242763519, 13.7452440262, 16.1050605774, 11.34141922, 14.0739297867, 12.3515729904, 10.4161043167, 11.4460992813, 11.3425626755, 8.52430438995, 8.16642189026, 7.64169740677, 6.28781843185, 6.31766986847, 7.2373790741, 4.5885386467, 2.81662797928, 1.51647686958, 0.810770690441, 0.206998497248, 0.0133248977363, 0.0002185467456],
        "dmean2": [0.710939347744, 3.98245453835, 10.2932653427, 17.8194465637, 14.9456300735, 17.4355583191, 19.4937782288, 21.7134246826, 22.2342967987, 26.8790359497, 27.9485397339, 28.7518348694, 23.0980796814, 30.8111495972, 28.6675567627, 25.2472133636, 28.9552116394, 24.4677886963, 26.0855102539, 23.0643482208, 26.7659511566, 19.0797748566, 23.961687088, 21.0012798309, 17.7321376801, 19.9855709076, 19.7135829926, 14.2763957977, 13.6642694473, 12.5758829117, 10.3201265335, 10.2550754547, 11.9025087357, 7.23883962631, 4.36288404465, 2.29807662964, 1.24199771881, 0.311306476593, 0.0199114978313, 0.00032063270919],
        "dvar": [0.496689319611, 18.4524269104, 246.952011108, 916.553039551, 437.453613281, 301.393890381, 401.506958008, 555.252929688, 738.730285645, 864.284912109, 1142.09399414, 876.213500977, 605.266357422, 1007.33642578, 874.176818848, 594.091796875, 637.70300293, 528.766357422, 583.217102051, 395.778411865, 1086.52160645, 264.925415039, 504.619354248, 377.505065918, 243.962036133, 303.792877197, 227.447891235, 105.696815491, 113.771461487, 96.2912826538, 65.0082778931, 75.4823455811, 128.25869751, 50.3408126831, 20.3632240295, 5.96449708939, 1.98012709618, 0.126144260168, 0.000527524738573, 1.31975980366e-07],
        "dvar2": [1.02352976799, 33.9367599487, 615.10144043, 2580.7277832, 1228.11645508, 781.926635742, 998.070678711, 1411.57727051, 1794.79772949, 2067.61987305, 2698.89428711, 2209.66088867, 1490.89648438, 2502.11132812, 2199.45654297, 1451.74267578, 1620.07495117, 1410.89770508, 1377.86804199, 988.367736816, 2567.77880859, 706.860656738, 1326.84436035, 1046.75439453, 671.696228027, 892.914428711, 626.237243652, 276.777679443, 298.176971436, 241.207733154, 161.613006592, 185.941970825, 329.093017578, 123.18157959, 47.3194160461, 13.198890686, 4.7394118309, 0.284878671169, 0.00113592483103, 2.84716776378e-07],
        "max": [6.9915728569, 34.1504364014, 124.328186035, 236.096130371, 156.615570068, 192.877700806, 305.014221191, 280.095092773, 457.379089355, 542.056274414, 480.520233154, 744.875671387, 636.171569824, 653.019836426, 410.320892334, 410.305877686, 472.608032227, 345.76965332, 403.373687744, 275.86239624, 487.416595459, 232.091918945, 403.772766113, 206.433303833, 176.372192383, 188.004516602, 153.61088562, 124.782981873, 136.690612793, 126.803413391, 144.142242432, 122.431495667, 139.104827881, 69.2578582764, 44.4927825928, 28.5981616974, 15.5105724335, 4.14208078384, 0.275290310383, 0.0040058195591],
        "mean": [1.53593420982, 7.48079156876, 7.94018316269, 7.5624833107, 8.00422477722, 11.6127443314, 13.1717224121, 13.8867330551, 15.5823898315, 22.245426178, 23.6708049774, 25.7612743378, 21.1794147491, 30.653717041, 25.2558460236, 22.2318229675, 25.8885231018, 22.6870632172, 25.6048431396, 22.8050346375, 22.9425029755, 19.4846115112, 23.8365898132, 21.6833286285, 19.9518280029, 20.6491508484, 19.9805850983, 18.0282936096, 17.5515785217, 16.9399375916, 14.9332103729, 13.3684234619, 12.0318155289, 8.3977432251, 5.06674051285, 2.77880048752, 1.27967894077, 0.326563686132, 0.0197632685304, 0.000413090427173],
        "median": [1.37457633018, 5.48454809189, 3.47642326355, 2.18152928352, 2.59063601494, 4.94766998291, 5.75489187241, 5.32434225082, 5.97064065933, 9.92818832397, 10.0146970749, 12.7230396271, 11.6394519806, 16.5476417542, 14.0878076553, 12.5026597977, 15.4527044296, 14.3924751282, 16.3711509705, 15.7529983521, 14.076792717, 14.531545639, 16.3571910858, 15.3667030334, 15.0922842026, 15.6872749329, 15.431511879, 13.9748735428, 12.6528701782, 11.7146501541, 10.646900177, 9.44150447845, 7.65914964676, 5.43975925446, 3.21098256111, 1.77828478813, 0.704972267151, 0.160492405295, 0.00863049458712, 0.00025760565768],
        "min": [1.70159076926e-22, 1.84722880546e-21, 2.88501553925e-21, 1.16957974866e-20, 2.02925111094e-20, 4.66109780513e-20, 6.53314614872e-20, 6.93120613899e-20, 9.29247203818e-20, 1.78324875999e-19, 1.89406420795e-19, 8.2689445976e-19, 4.97381013991e-19, 7.18649036115e-19, 1.38875197945e-18, 1.10848168122e-18, 1.58158091173e-18, 2.53181353259e-18, 3.15761661143e-18, 3.60042769323e-18, 2.50463630677e-18, 7.71273377466e-18, 6.51524549497e-18, 9.65401003986e-18, 9.48355127667e-18, 1.08004261206e-17, 1.3825674602e-17, 1.25943988895e-17, 1.29986834139e-17, 1.23573487782e-17, 1.12782387296e-17, 1.2328636512e-17, 1.23693420699e-17, 1.02786678871e-17, 7.87447653574e-18, 4.29939158852e-18, 2.73787766486e-18, 1.05915297219e-18, 2.76731903912e-19, 2.87548918933e-20],
        "var": [1.63541185856, 50.684513092, 235.468383789, 553.044189453, 284.352539062, 307.323791504, 442.959777832, 566.580322266, 904.881530762, 1249.45117188, 1706.65002441, 1593.59533691, 961.570739746, 1700.82946777, 1212.35424805, 873.445129395, 1068.28344727, 723.365844727, 888.558532715, 599.755737305, 1263.65161133, 391.910522461, 778.227294922, 491.116729736, 358.124542236, 397.564361572, 329.234680176, 243.672180176, 257.197998047, 249.016708374, 215.972915649, 179.178741455, 184.971115112, 83.7817611694, 33.6554222107, 10.3913860321, 2.76748156548, 0.196706473827, 0.000843544956297, 2.28382234013e-07]
    },
    "gfcc": {
        "mean": [60.6765632629, 32.5682067871, -77.8410491943, 30.5138893127, -46.2299118042, 28.2753257751, -26.3973045349, 21.7431106567, -19.3862342834, 15.1501560211, -15.3101472855, 10.1453475952, -11.3471679688],
        "cov": [[13871.1269531, 143.294815063, 682.705505371, 821.678405762, 263.998901367, 196.206253052, -144.349899292, 188.715209961, -9.54924678802, 112.613807678, 11.5163660049, 181.16947937, -48.975643158], [143.294815063, 717.652160645, 273.695587158, 253.632873535, 194.324172974, 114.306541443, 103.964538574, 46.189743042, 27.2093257904, 2.77061843872, 33.5397949219, -1.59257304668, 8.67838001251], [682.705505371, 273.695587158, 514.845153809, 278.24206543, 218.808120728, 107.220001221, 77.4365234375, 40.7259941101, 23.527009964, 1.60404074192, 4.49543952942, -0.0550168044865, -4.38944339752], [821.678405762, 253.632873535, 278.24206543, 306.291656494, 197.738189697, 145.087966919, 90.5773849487, 74.183883667, 37.9625205994, 13.4457788467, 8.66659450531, 10.4032745361, 3.99357295036], [263.998901367, 194.324172974, 218.808120728, 197.738189697, 233.05279541, 149.958435059, 127.760360718, 77.7437362671, 56.1963424683, 16.7502880096, 9.41403579712, 10.1151733398, 14.342294693], [196.206253052, 114.306541443, 107.220001221, 145.087966919, 149.958435059, 174.304870605, 135.567306519, 91.6957473755, 61.7841835022, 28.262468338, 8.42007446289, 7.58115148544, 8.43647956848], [-144.349899292, 103.964538574, 77.4365234375, 90.5773849487, 127.760360718, 135.567306519, 159.014755249, 100.829200745, 76.9305801392, 36.5693244934, 21.4431552887, 3.50899147987, 2.80791902542], [188.715209961, 46.189743042, 40.7259941101, 74.183883667, 77.7437362671, 91.6957473755, 100.829200745, 105.261711121, 75.1762390137, 42.4108543396, 18.4195842743, 6.32267141342, -5.31400156021], [-9.54924678802, 27.2093257904, 23.527009964, 37.9625205994, 56.1963424683, 61.7841835022, 76.9305801392, 75.1762390137, 100.662231445, 63.8850364685, 32.408870697, 8.02894115448, -0.204977661371], [112.613807678, 2.77061843872, 1.60404074192, 13.4457788467, 16.7502880096, 28.262468338, 36.5693244934, 42.4108543396, 63.8850364685, 82.5383377075, 47.0998268127, 9.87619781494, -7.11482858658], [11.5163660049, 33.5397949219, 4.49543952942, 8.66659450531, 9.41403579712, 8.42007446289, 21.4431552887, 18.4195842743, 32.408870697, 47.0998268127, 72.6851196289, 33.4202957153, 2.01340270042], [181.16947937, -1.59257304668, -0.0550168044865, 10.4032745361, 10.1151733398, 7.58115148544, 3.50899147987, 6.32267141342, 8.02894115448, 9.87619781494, 33.4202957153, 69.144203186, 40.9136352539], [-48.975643158, 8.67838001251, -4.38944339752, 3.99357295036, 14.342294693, 8.43647956848, 2.80791902542, -5.31400156021, -0.204977661371, -7.11482858658, 2.01340270042, 40.9136352539, 79.4981079102]],
        "icov": [[0.000123122721561, 3.80228848371e-05, -5.50037620997e-05, -0.00032531764009, 1.44566420204e-05, -0.000143396886415, 0.000704297795892, -0.000661015568767, 0.000394349015551, -0.000450353312772, 0.000329202361172, -0.000523112190422, 0.000250146928011], [3.80228848371e-05, 0.00231714779511, -0.000104587590613, -0.00199002050795, -0.00038274313556, 0.00100897834636, -0.00147288804874, 0.000973219575826, 8.52505036164e-05, 0.000907558540348, -0.00194033922162, 0.00134949944913, -0.000620212289505], [-5.50037620997e-05, -0.000104587590613, 0.00477159814909, -0.00363513850607, -0.0029522604309, 0.00294696795754, -0.00181875412818, 0.00255020800978, -0.000416290917201, -0.000156037829584, 0.000355124589987, 7.74767468101e-05, 0.000814285478555], [-0.00032531764009, -0.00199002050795, -0.00363513850607, 0.014930143021, -0.00481033138931, -0.00829019770026, 0.00835572369397, -0.00617092009634, 0.00147839763667, 0.00114501034841, -0.00173601321876, 0.000952444388531, -0.000233837214182], [1.44566420204e-05, -0.00038274313556, -0.0029522604309, -0.00481033138931, 0.0181152466685, -0.00510648172349, -0.0072810286656, 0.00419388106093, -0.00355747737922, 0.00222428352572, 0.000863243127242, -0.000908986723516, -0.00142359756865], [-0.000143396886415, 0.00100897834636, 0.00294696795754, -0.00829019770026, -0.00510648172349, 0.0295806974173, -0.0200889762491, 0.000604290049523, 0.00279035745189, -0.00441732443869, 0.00600627809763, -0.00218056864105, -0.000505290809087], [0.000704297795892, -0.00147288804874, -0.00181875412818, 0.00835572369397, -0.0072810286656, -0.0200889762491, 0.042271707207, -0.0229151342064, -0.0015531439567, 0.00401932187378, -0.00732387509197, 0.00375706912018, -0.000897222606], [-0.000661015568767, 0.000973219575826, 0.00255020800978, -0.00617092009634, 0.00419388106093, 0.000604290049523, -0.0229151342064, 0.0448295623064, -0.0189457945526, 0.000793311512098, 0.00464535690844, -0.0039724605158, 0.00487149041146], [0.000394349015551, 8.52505036164e-05, -0.000416290917201, 0.00147839763667, -0.00355747737922, 0.00279035745189, -0.0015531439567, -0.0189457945526, 0.0380268134177, -0.0215171482414, 0.00228700623848, -0.00018487770285, -0.00251993187703], [-0.000450353312772, 0.000907558540348, -0.000156037829584, 0.00114501034841, 0.00222428352572, -0.00441732443869, 0.00401932187378, 0.000793311512098, -0.0215171482414, 0.0391122736037, -0.0213740803301, 0.0087274806574, -0.000969416461885], [0.000329202361172, -0.00194033922162, 0.000355124589987, -0.00173601321876, 0.000863243127242, 0.00600627809763, -0.00732387509197, 0.00464535690844, 0.00228700623848, -0.0213740803301, 0.0377428643405, -0.0221734009683, 0.00884612090886], [-0.000523112190422, 0.00134949944913, 7.74767468101e-05, 0.000952444388531, -0.000908986723516, -0.00218056864105, 0.00375706912018, -0.0039724605158, -0.00018487770285, 0.0087274806574, -0.0221734009683, 0.0363334715366, -0.0178728085011], [0.000250146928011, -0.000620212289505, 0.000814285478555, -0.000233837214182, -0.00142359756865, -0.000505290809087, -0.000897222606, 0.00487149041146, -0.00251993187703, -0.000969416461885, 0.00884612090886, -0.0178728085011, 0.0224061384797]]
    },
    "melbands": {
        "dmean": [0.00402249023318, 0.00306035508402, 0.00162221386563, 0.000631632923614, 0.000412687339121, 0.000279032654362, 0.000207036107895, 0.000188372054254, 0.000128812520416, 0.000114008922537, 7.17567381798e-05, 7.63236748753e-05, 5.66358758078e-05, 5.52153032913e-05, 3.58529396181e-05, 4.56186353404e-05, 2.93150023936e-05, 2.86394551949e-05, 2.44177754212e-05, 2.31908634305e-05, 1.81646428246e-05, 1.33858084155e-05, 1.32022260004e-05, 1.08649046524e-05, 1.10444834718e-05, 8.55210601003e-06, 8.21969570097e-06, 8.44338319439e-06, 7.29687781131e-06, 6.64100707581e-06, 4.99837551615e-06, 5.2822588259e-06, 4.89521926283e-06, 4.46516878583e-06, 3.98089969167e-06, 3.91698631574e-06, 4.06321760238e-06, 5.43220949112e-06, 4.66120718556e-06, 3.80093774766e-06],
        "dmean2": [0.00554304430261, 0.00430593080819, 0.00293358368799, 0.00109450379387, 0.000691330991685, 0.000475993118016, 0.000348914851202, 0.000310883682687, 0.000213071863982, 0.000189308266272, 0.000117842166219, 0.000123805279145, 9.36549622566e-05, 9.11473107408e-05, 5.91634598095e-05, 7.59949689382e-05, 4.89050144097e-05, 4.69066471851e-05, 3.9555663534e-05, 3.92941692553e-05, 3.01956133626e-05, 2.25473813771e-05, 2.25135481742e-05, 1.85382396012e-05, 1.87970872503e-05, 1.43842871694e-05, 1.40379752338e-05, 1.47211276271e-05, 1.26571767396e-05, 1.13494379548e-05, 8.32281511975e-06, 8.91535182745e-06, 8.12051985122e-06, 7.37186155675e-06, 6.58136968923e-06, 6.42232043901e-06, 6.62216780256e-06, 9.05492925085e-06, 7.60928151067e-06, 6.02603267907e-06],
        "dvar": [2.63368237938e-05, 3.41189443134e-05, 2.34901272052e-05, 1.49919264913e-06, 4.55160517276e-07, 2.51230261483e-07, 1.64062100794e-07, 1.18794311277e-07, 6.05419216981e-08, 3.99010815499e-08, 1.65843889732e-08, 1.56797295148e-08, 7.40066585792e-09, 1.24522960832e-08, 4.25891810707e-09, 5.48373613185e-09, 2.24100538126e-09, 2.38809816366e-09, 2.30726149297e-09, 1.56874624402e-09, 1.53490498089e-09, 3.97042509981e-10, 3.96365162914e-10, 2.67509431273e-10, 2.98099767093e-10, 1.3247782038e-10, 1.65799707297e-10, 1.52266602105e-10, 9.31854662878e-11, 7.02325350654e-11, 3.57899508641e-11, 5.13809238212e-11, 4.54483707613e-11, 3.22215032433e-11, 2.63241720089e-11, 2.80404865993e-11, 2.97219505951e-11, 7.50174922182e-11, 4.87166001983e-11, 3.51567247536e-11],
        "dvar2": [5.4247542721e-05, 7.46891455492e-05, 6.54472169117e-05, 4.08658343076e-06, 1.14029649012e-06, 6.39448614947e-07, 3.98405575197e-07, 2.83988953242e-07, 1.42825342664e-07, 1.00013878068e-07, 4.03330169263e-08, 3.87242486966e-08, 1.89737381362e-08, 2.98116020758e-08, 9.83975745328e-09, 1.38110642922e-08, 5.76867353885e-09, 5.48760903385e-09, 5.46350431563e-09, 3.90818977181e-09, 3.56281604219e-09, 1.04405006862e-09, 1.04676078916e-09, 7.14990566753e-10, 8.18887679888e-10, 3.50481033085e-10, 4.48463377545e-10, 4.45136316696e-10, 2.57300264428e-10, 1.89238791304e-10, 9.32562638223e-11, 1.35961505943e-10, 1.17745868611e-10, 8.11761838304e-11, 6.74096264919e-11, 7.14008782654e-11, 7.33041891077e-11, 1.93522906033e-10, 1.23465529467e-10, 8.57411641686e-11],
        "max": [0.0510242655873, 0.0507843978703, 0.0378739833832, 0.0118056870997, 0.0105116246268, 0.00552004529163, 0.0062345797196, 0.00557460961863, 0.00421341462061, 0.00489899422973, 0.00325201591477, 0.00248916400596, 0.0010833775159, 0.00216270773672, 0.00164139352273, 0.00152394594625, 0.000640740210656, 0.000910498958547, 0.000910379050765, 0.000592721276917, 0.000602818152402, 0.000290869007586, 0.000338513869792, 0.000216337066377, 0.000182116185897, 0.000115161499707, 0.000194572363398, 0.000132433007821, 0.000105270650238, 0.000101321144029, 6.26744513283e-05, 8.93124379218e-05, 0.000113475107355, 6.5214568167e-05, 8.75334735611e-05, 7.84954463597e-05, 7.07042854629e-05, 0.000113721755042, 7.36794027034e-05, 7.00099772075e-05],
        "mean": [0.0123398620635, 0.00614285282791, 0.00134304387029, 0.000693900045007, 0.000485288153868, 0.000304490677081, 0.000246828654781, 0.000257147621596, 0.000180971153895, 0.00016337420675, 0.000102879734186, 0.000121692857647, 8.47202827572e-05, 7.24112178432e-05, 4.96911779919e-05, 6.04092929279e-05, 4.03152043873e-05, 4.15401555074e-05, 3.63933540939e-05, 3.10494542646e-05, 2.45296323556e-05, 1.99203332159e-05, 2.18302957364e-05, 1.80927927431e-05, 1.76250578079e-05, 1.52076718223e-05, 1.34729934871e-05, 1.38517989399e-05, 1.21692955872e-05, 1.17270765259e-05, 9.99909934762e-06, 1.00031229522e-05, 9.70251039689e-06, 9.16581211641e-06, 8.70502208272e-06, 8.11920654087e-06, 8.10307847132e-06, 8.45370050229e-06, 8.0094250734e-06, 6.75033606967e-06],
        "median": [0.0116791650653, 0.00393750937656, 0.00043344029109, 0.000296773534501, 0.00024616799783, 0.000116467883345, 9.22936378629e-05, 0.000109775704914, 7.50792532926e-05, 7.50266844989e-05, 5.17055013916e-05, 6.50767979096e-05, 4.92301915074e-05, 3.56780583388e-05, 2.59055159404e-05, 2.99063322018e-05, 2.17583201447e-05, 2.40522858803e-05, 2.08994952118e-05, 1.67551079358e-05, 1.43060560731e-05, 1.33051935336e-05, 1.45938975038e-05, 1.28201672851e-05, 1.14625836432e-05, 1.08941358121e-05, 9.3515491244e-06, 9.83779318631e-06, 9.0851326604e-06, 8.66668506205e-06, 7.47599733586e-06, 6.84504311721e-06, 6.71334373692e-06, 6.25801612841e-06, 6.08187610851e-06, 5.61837623536e-06, 5.50758431928e-06, 5.17679427503e-06, 5.10775907969e-06, 4.26258748121e-06],
        "min": [1.84074894106e-24, 2.13371137087e-24, 1.99932792959e-24, 2.28153147995e-24, 2.01539959003e-24, 1.68994989598e-24, 1.44204039715e-24, 2.27366160635e-24, 1.65998797273e-24, 4.40600351469e-24, 2.37066546528e-24, 2.34800583021e-24, 5.27605201212e-24, 3.29520650189e-24, 2.72946662067e-24, 3.82606374274e-24, 4.38895583609e-24, 4.14790558144e-24, 6.23180709146e-24, 3.71844576033e-24, 2.33851622795e-24, 6.07967605475e-24, 4.11014241547e-24, 6.6469640755e-24, 6.16613087123e-24, 7.1046532841e-24, 6.50432106332e-24, 6.27958681877e-24, 7.43074234991e-24, 7.54228807077e-24, 6.91220041108e-24, 6.78639602936e-24, 6.8497163165e-24, 6.81247024886e-24, 6.25609651317e-24, 6.02693951995e-24, 7.42250821978e-24, 8.60368148608e-24, 6.40963527216e-24, 8.21703393516e-24],
        "var": [9.17436045711e-05, 5.76867932978e-05, 1.46231814142e-05, 1.19230730888e-06, 5.10313384439e-07, 2.56650167785e-07, 2.01500597541e-07, 1.78279037755e-07, 9.9898485928e-08, 7.17127903727e-08, 2.60856651835e-08, 2.70088289511e-08, 1.11315472395e-08, 1.54758126314e-08, 6.4524154908e-09, 8.20952461567e-09, 2.98825875156e-09, 3.35259198181e-09, 3.07903458285e-09, 2.00700056574e-09, 1.75105996369e-09, 5.38932176664e-10, 6.37077113286e-10, 3.68069463796e-10, 3.78129860756e-10, 2.22105514536e-10, 2.14418025002e-10, 2.05872055514e-10, 1.32015107179e-10, 1.19541571086e-10, 8.10462114087e-11, 9.73454303277e-11, 9.02804081493e-11, 7.74888694877e-11, 7.95299728851e-11, 6.72857672357e-11, 6.97384719417e-11, 1.00218978949e-10, 7.68372726556e-11, 5.71030861485e-11]
    },
    "mfcc": {
        "mean": [-595.625915527, 78.1982955933, 24.1107444763, 17.8109741211, 10.9747314453, 11.9685382843, 10.5629653931, 9.93494415283, 8.73467350006, 8.22337722778, 6.12915325165, 4.52499437332, 3.51612472534],
        "cov": [[8258.37011719, 597.418334961, 490.162017822, 391.715637207, 330.660339355, 122.787368774, 66.7472610474, 48.3498001099, -9.05481910706, 6.85524272919, -0.407850474119, 34.7939033508, 16.2895851135], [597.418334961, 549.581542969, 189.307128906, 197.661880493, 140.396209717, 114.728683472, 105.011207581, 76.5296707153, 43.5545043945, 39.9918518066, 40.3692207336, 13.4234237671, 22.6557159424], [490.162017822, 189.307128906, 296.165435791, 185.48274231, 146.3387146, 97.7761688232, 75.5124588013, 55.2592697144, 32.5211296082, 29.2116451263, 18.1584377289, 10.4259557724, 6.794090271], [391.715637207, 197.661880493, 185.48274231, 205.882003784, 151.529342651, 102.389892578, 83.673789978, 67.0622406006, 43.8537139893, 33.3647384644, 23.4611854553, 13.4928693771, 14.4171133041], [330.660339355, 140.396209717, 146.3387146, 151.529342651, 161.694824219, 108.321998596, 81.5531921387, 69.3406829834, 53.895160675, 35.6376991272, 15.805727005, 6.77638149261, 9.15601921082], [122.787368774, 114.728683472, 97.7761688232, 102.389892578, 108.321998596, 134.379852295, 97.6590270996, 82.4091567993, 69.7925338745, 56.7360610962, 32.3176422119, 13.6953372955, 16.9599323273], [66.7472610474, 105.011207581, 75.5124588013, 83.673789978, 81.5531921387, 97.6590270996, 121.991096497, 91.4964370728, 61.8216667175, 53.4249839783, 34.8634643555, 16.9728374481, 16.3775348663], [48.3498001099, 76.5296707153, 55.2592697144, 67.0622406006, 69.3406829834, 82.4091567993, 91.4964370728, 123.345321655, 80.5030136108, 47.9524345398, 33.8654594421, 19.5921459198, 26.0268630981], [-9.05481910706, 43.5545043945, 32.5211296082, 43.8537139893, 53.895160675, 69.7925338745, 61.8216667175, 80.5030136108, 110.494911194, 69.2835845947, 29.2247486115, 12.1538925171, 11.0676412582], [6.85524272919, 39.9918518066, 29.2116451263, 33.3647384644, 35.6376991272, 56.7360610962, 53.4249839783, 47.9524345398, 69.2835845947, 112.18145752, 69.0810470581, 31.3590984344, 21.5588245392], [-0.407850474119, 40.3692207336, 18.1584377289, 23.4611854553, 15.805727005, 32.3176422119, 34.8634643555, 33.8654594421, 29.2247486115, 69.0810470581, 98.8494415283, 57.4211845398, 34.131439209], [34.7939033508, 13.4234237671, 10.4259557724, 13.4928693771, 6.77638149261, 13.6953372955, 16.9728374481, 19.5921459198, 12.1538925171, 31.3590984344, 57.4211845398, 80.7433013916, 45.4354667664], [16.2895851135, 22.6557159424, 6.794090271, 14.4171133041, 9.15601921082, 16.9599323273, 16.3775348663, 26.0268630981, 11.0676412582, 21.5588245392, 34.131439209, 45.4354667664, 78.2462005615]],
