{
"lowlevel": {
    "average_loudness": 0.924914717674,
    "barkbands_crest": {
        "dmean": 3.39173078537,
        "dmean2": 5.11705541611,
        "dvar": 12.6307258606,
        "dvar2": 30.1340084076,
        "max": 26.2238750458,
        "mean": 9.33110141754,
        "median": 7.58112716675,
        "min": 1.87222576141,
        "var": 32.0891914368
    },
    "barkbands_flatness_db": {
        "dmean": 0.0257899537683,
        "dmean2": 0.0363379344344,
        "dvar": 0.000890009338036,
        "dvar2": 0.00170588912442,
        "max": 0.543601214886,
        "mean": 0.0947056114674,
        "median": 0.0719329789281,
        "min": 0.0128394868225,
        "var": 0.00439336523414
    },
    "barkbands_kurtosis": {
        "dmean": 2.94450116158,
        "dmean2": 4.32775259018,
        "dvar": 103.750427246,
        "dvar2": 212.277999878,
        "max": 288.814056396,
        "mean": 2.6342420578,
        "median": -0.644038677216,
        "min": -1.83879327774,
        "var": 200.15524292
    },
    "barkbands_skewness": {
        "dmean": 0.662744879723,
        "dmean2": 0.953390061855,
        "dvar": 0.73277837038,
        "dvar2": 1.43320798874,
        "max": 14.610159874,
        "mean": 0.819955587387,
        "median": 0.405964612961,
        "min": -2.23604226112,
        "var": 2.55869603157
    },
    "barkbands_spread": {
        "dmean": 9.32099819183,
        "dmean2": 14.9168577194,
        "dvar": 108.777282715,
        "dvar2": 243.85697937,
        "max": 121.152740479,
        "mean": 40.2684402466,
        "median": 42.5698356628,
        "min": 0.682566821575,
        "var": 389.318328857
    },
    "dissonance": {
        "dmean": 0.0116091193631,
        "dmean2": 0.019731445238,
        "dvar": 0.000190324673895,
        "dvar2": 0.000537649204489,
        "max": 0.500000119209,
        "mean": 0.481779873371,
        "median": 0.486420691013,
        "min": 0.201107770205,
        "var": 0.000334739481332
    },
    "dynamic_complexity": 3.54768848419,
    "erbbands_crest": {
        "dmean": 2.18605804443,
        "dmean2": 3.50344181061,
        "dvar": 4.94848871231,
        "dvar2": 11.7477550507,
        "max": 28.775100708,
        "mean": 6.69466209412,
        "median": 5.47739076614,
        "min": 2.11997151375,
        "var": 14.3606557846
    },
    "erbbands_flatness_db": {
        "dmean": 0.0150927817449,
        "dmean2": 0.0221943389624,
        "dvar": 0.00023804709781,
        "dvar2": 0.000478747213492,
        "max": 0.399494946003,
        "mean": 0.134058505297,
        "median": 0.115204133093,
        "min": 0.0563004463911,
        "var": 0.00340744224377
    },
    "erbbands_kurtosis": {
        "dmean": 0.608455181122,
        "dmean2": 0.936845600605,
        "dvar": 0.922240078449,
        "dvar2": 2.21036529541,
        "max": 45.396900177,
        "mean": 0.0212316159159,
        "median": -0.304721593857,
        "min": -1.67644655704,
        "var": 2.75853300095
    },
    "erbbands_skewness": {
        "dmean": 0.268128454685,
        "dmean2": 0.423915892839,
        "dvar": 0.058879815042,
        "dvar2": 0.146746754646,
        "max": 6.10730600357,
        "mean": -0.0788887664676,
        "median": -0.120923131704,
        "min": -2.01185417175,
        "var": 0.252682328224
    },
    "erbbands_spread": {
        "dmean": 9.48939800262,
        "dmean2": 14.5007362366,
        "dvar": 144.738372803,
        "dvar2": 317.484008789,
        "max": 135.799163818,
        "mean": 40.882183075,
        "median": 38.9702568054,
        "min": 2.00526380539,
        "var": 348.544036865
    },
    "hfc": {
        "dmean": 20.4290657043,
        "dmean2": 32.9039611816,
        "dvar": 980.143554688,
        "dvar2": 2399.99633789,
        "max": 227.16078186,
        "mean": 40.8289871216,
        "median": 29.7039966583,
        "min": 1.07081084629e-16,
        "var": 1583.25036621
    },
    "melbands_crest": {
        "dmean": 4.44524002075,
        "dmean2": 7.05246305466,
        "dvar": 20.3675136566,
        "dvar2": 50.5078392029,
        "max": 39.801322937,
        "mean": 14.6630840302,
        "median": 13.5808086395,
        "min": 1.57891011238,
        "var": 49.5176582336
    },
    "melbands_flatness_db": {
        "dmean": 0.0386036708951,
        "dmean2": 0.0543046034873,
        "dvar": 0.00183900317643,
        "dvar2": 0.00397268775851,
        "max": 0.695159614086,
        "mean": 0.131639242172,
        "median": 0.110236793756,
        "min": 0.00291385292076,
        "var": 0.0075480574742
    },
    "melbands_kurtosis": {
        "dmean": 8.15128135681,
        "dmean2": 12.3469543457,
        "dvar": 544.859680176,
        "dvar2": 1281.35632324,
        "max": 1023.20471191,
        "mean": 11.5646696091,
        "median": 2.26847934723,
        "min": -1.46278750896,
        "var": 1000.77905273
    },
    "melbands_skewness": {
        "dmean": 0.901590168476,
        "dmean2": 1.35156977177,
        "dvar": 1.40217483044,
        "dvar2": 3.08705019951,
        "max": 29.0078144073,
        "mean": 2.25033664703,
        "median": 1.56123030186,
        "min": -0.982272744179,
        "var": 4.57456159592
    },
    "melbands_spread": {
        "dmean": 17.8134708405,
        "dmean2": 27.2510318756,
        "dvar": 403.40435791,
        "dvar2": 953.479370117,
        "max": 158.389450073,
        "mean": 50.5744743347,
        "median": 47.0842208862,
        "min": 0.539103925228,
        "var": 982.890136719
    },
    "pitch_salience": {
        "dmean": 0.101785816252,
        "dmean2": 0.150408953428,
        "dvar": 0.0104170320556,
        "dvar2": 0.0244448166341,
        "max": 0.943282663822,
        "mean": 0.558164834976,
        "median": 0.577575087547,
        "min": 0.0163125116378,
        "var": 0.0252430234104
    },
    "silence_rate_20dB": {
        "dmean": 0,
        "dmean2": 0,
        "dvar": 0,
        "dvar2": 0,
        "max": 1,
        "mean": 1,
        "median": 1,
        "min": 1,
        "var": 0
    },
    "silence_rate_30dB": {
        "dmean": 0,
        "dmean2": 0,
        "dvar": 0,
        "dvar2": 0,
        "max": 1,
        "mean": 1,
        "median": 1,
        "min": 1,
        "var": 0
    },
    "silence_rate_60dB": {
        "dmean": 0.0225204732269,
        "dmean2": 0.045046068728,
        "dvar": 0.0220100302249,
        "dvar2": 0.0491533018649,
        "max": 1,
        "mean": 0.114750370383,
        "median": 0,
        "min": 0,
        "var": 0.101597011089
    },
    "spectral_centroid": {
        "dmean": 384.035614014,
        "dmean2": 589.21673584,
        "dvar": 206668.28125,
        "dvar2": 484756.84375,
        "max": 11663.6523438,
        "mean": 2350.75024414,
        "median": 2416.85327148,
        "min": 169.286132812,
        "var": 1228908.625
    },
    "spectral_complexity": {
        "dmean": 6.83848953247,
        "dmean2": 10.4390850067,
        "dvar": 60.0260124207,
        "dvar2": 124.071937561,
        "max": 62,
        "mean": 26.5988845825,
        "median": 27,
        "min": 0,
        "var": 236.084732056
    },
    "spectral_decrease": {
        "dmean": 2.07278505471e-09,
        "dmean2": 3.14224024578e-09,
        "dvar": 1.05389146243e-17,
        "dvar2": 2.59584000034e-17,
        "max": 2.86523077461e-28,
        "mean": -5.15460696349e-09,
        "median": -3.95228472172e-09,
        "min": -2.54265657418e-08,
        "var": 2.142834207e-17
    },
    "spectral_energy": {
        "dmean": 0.00891152583063,
        "dmean2": 0.0137396976352,
        "dvar": 0.000177585301572,
        "dvar2": 0.000433424749644,
        "max": 0.107002325356,
        "mean": 0.0231580398977,
        "median": 0.0183742716908,
        "min": 1.00773475323e-20,
        "var": 0.000382284953957
    },
    "spectral_energyband_high": {
        "dmean": 0.00203885673545,
        "dmean2": 0.00330864684656,
        "dvar": 9.88256033452e-06,
        "dvar2": 2.387965651e-05,
        "max": 0.0219780765474,
        "mean": 0.00360088422894,
        "median": 0.00219601276331,
        "min": 7.09685018757e-21,
        "var": 1.61334955919e-05
    },
    "spectral_energyband_low": {
        "dmean": 0.00444922456518,
        "dmean2": 0.00671852007508,
        "dvar": 7.96361564426e-05,
        "dvar2": 0.000166038807947,
        "max": 0.0949351042509,
        "mean": 0.00829445570707,
        "median": 0.00434146029875,
        "min": 1.27327119926e-23,
        "var": 0.000181773037184
    },
    "spectral_energyband_middle_high": {
        "dmean": 0.00237781810574,
        "dmean2": 0.00384738622233,
        "dvar": 9.98658470053e-06,
        "dvar2": 2.49565855484e-05,
        "max": 0.0384139940143,
        "mean": 0.0062842881307,
        "median": 0.00520353903994,
        "min": 1.11473987528e-21,
        "var": 2.81044722215e-05
    },
    "spectral_energyband_middle_low": {
        "dmean": 0.00464385049418,
        "dmean2": 0.00761518161744,
        "dvar": 0.000122361409012,
        "dvar2": 0.000300105835777,
        "max": 0.0892303064466,
        "mean": 0.00551022263244,
        "median": 0.00264418567531,
        "min": 1.46585817864e-22,
        "var": 0.000107464373286
    },
    "spectral_entropy": {
        "dmean": 0.155685380101,
        "dmean2": 0.233500912786,
        "dvar": 0.0319888927042,
        "dvar2": 0.0671084150672,
        "max": 9.8202047348,
        "mean": 8.09343910217,
        "median": 8.20271778107,
        "min": 4.76146793365,
        "var": 0.215193033218
    },
    "spectral_flux": {
        "dmean": 0.0272547490895,
        "dmean2": 0.0371184684336,
        "dvar": 0.00103503302671,
        "dvar2": 0.00171802192926,
        "max": 0.303267389536,
        "mean": 0.0924260616302,
        "median": 0.0830640494823,
        "min": 6.33507135639e-11,
        "var": 0.00342683959752
    },
    "spectral_kurtosis": {
        "dmean": 1.32166671753,
        "dmean2": 2.16655516624,
        "dvar": 12.4901180267,
        "dvar2": 34.7842826843,
        "max": 193.133529663,
        "mean": 3.42260122299,
        "median": 1.98197793961,
        "min": -1.26967287064,
        "var": 84.5797653198
    },
    "spectral_rms": {
        "dmean": 0.000838025065605,
        "dmean2": 0.00127701787278,
        "dvar": 1.15046043447e-06,
        "dvar2": 2.65728613158e-06,
        "max": 0.0102172652259,
        "mean": 0.00428705476224,
        "median": 0.00423392467201,
        "min": 3.13553154795e-12,
        "var": 4.21436925535e-06
    },
    "spectral_rolloff": {
        "dmean": 1529.22412109,
        "dmean2": 2435.37255859,
        "dvar": 3559361.5,
        "dvar2": 8279489.5,
        "max": 19832.0800781,
        "mean": 3846.20458984,
        "median": 3337.64648438,
        "min": 21.533203125,
        "var": 8600844
    },
    "spectral_skewness": {
        "dmean": 0.168055951595,
        "dmean2": 0.272900462151,
        "dvar": 0.0629556849599,
        "dvar2": 0.167809560895,
        "max": 11.3890218735,
        "mean": 1.26379811764,
        "median": 1.14722406864,
        "min": -0.0808425843716,
        "var": 0.425839960575
    },
    "spectral_spread": {
        "dmean": 756472.9375,
        "dmean2": 1069043.125,
        "dvar": 1.09603586048e+12,
        "dvar2": 2.1076967424e+12,
        "max": 42746576,
        "mean": 5802830,
        "median": 5700227,
        "min": 490021.5,
        "var": 1.34485754511e+13
    },
    "spectral_strongpeak": {
        "dmean": 0.458247840405,
        "dmean2": 0.79023373127,
        "dvar": 0.707046866417,
        "dvar2": 1.73587703705,
        "max": 8.2772769928,
        "mean": 0.670209228992,
        "median": 0.282425731421,
        "min": 0,
        "var": 0.981883585453
    },
    "zerocrossingrate": {
        "dmean": 0.0234453864396,
        "dmean2": 0.0269162338227,
        "dvar": 0.000496778055094,
        "dvar2": 0.000657066353597,
        "max": 0.86767578125,
        "mean": 0.111744880676,
        "median": 0.10693359375,
        "min": 0.0029296875,
        "var": 0.00501631759107
    },
    "barkbands": {
        "dmean": [0.000113157482701, 0.00383100169711, 0.0016848295927, 0.00120087130927, 0.00284384074621, 0.000613279989921, 0.000386295665521, 0.00041267494089, 0.000432800326962, 0.000554291589651, 0.000366797059542, 0.000348044355633, 0.000522443733644, 0.000360703532351, 0.000417809991632, 0.000367756380001, 0.000334223703248, 0.000265165697783, 0.000304242945276, 0.000354503194103, 0.000348881847458, 0.00035299215233, 0.000364962412277, 0.000429309002357, 0.000375356292352, 0.000207446864806, 2.35702227656e-05],
        "dmean2": [0.000189719095943, 0.0054581114091, 0.00269250757992, 0.00215608254075, 0.00491650495678, 0.00113367754966, 0.00065273582004, 0.00068458262831, 0.000715786241926, 0.00092259090161, 0.00059435761068, 0.000580817228183, 0.000808631943073, 0.000609808892477, 0.00067683274392, 0.000605375622399, 0.000553962716367, 0.000427839579061, 0.000504420895595, 0.000596837955527, 0.00057900196407, 0.000578937469982, 0.000590965675656, 0.000688387022819, 0.000602869840804, 0.000330465089064, 4.04344755225e-05],
        "dvar": [3.74754094423e-08, 6.93390029483e-05, 2.80036838376e-05, 1.14108961498e-05, 7.79100955697e-05, 4.25385678682e-06, 4.93657353218e-07, 4.74319818977e-07, 4.05771970691e-07, 7.02901218119e-07, 3.42860857927e-07, 4.24093798301e-07, 1.11722670226e-06, 3.39117519843e-07, 5.36560946784e-07, 3.08205784449e-07, 2.55758379808e-07, 1.19163132695e-07, 1.58112285931e-07, 2.40318968281e-07, 2.31152412766e-07, 2.51960699416e-07, 2.78571576473e-07, 4.28159950161e-07, 3.93056808434e-07, 1.25592777067e-07, 2.56581267344e-09],
        "dvar2": [1.03105357141e-07, 0.000146553153172, 6.76730996929e-05, 3.19336577377e-05, 0.000205329066375, 1.2403744222e-05, 1.31946717374e-06, 1.20132222037e-06, 1.00900660982e-06, 1.82808901172e-06, 8.07744697795e-07, 1.12451755285e-06, 1.93548294192e-06, 8.90886781235e-07, 1.34601623358e-06, 7.6461435583e-07, 6.12884434759e-07, 2.871412903e-07, 4.0013694047e-07, 6.54957830193e-07, 5.86926432788e-07, 6.12234657638e-07, 6.55956682749e-07, 1.02210651676e-06, 9.70073074313e-07, 3.08316458586e-07, 6.7691590111e-09],
        "max": [0.00299096340314, 0.0876435637474, 0.0423978604376, 0.028964754194, 0.0735719799995, 0.0220220442861, 0.0066319508478, 0.00976767390966, 0.0117435688153, 0.0122687695548, 0.0119305355474, 0.00996416714042, 0.0209927745163, 0.00927395932376, 0.0148018347099, 0.0109836868942, 0.00786192342639, 0.00532488524914, 0.00464804004878, 0.00525400042534, 0.00521532166749, 0.00580271333456, 0.00399723416194, 0.0055253021419, 0.00541956815869, 0.00271568796597, 0.000500933267176],
        "mean": [0.000170878163772, 0.00611922238022, 0.00157163478434, 0.000950966088567, 0.00232084421441, 0.000514038605615, 0.000453977001598, 0.000476908579003, 0.000607321388088, 0.000784885603935, 0.000590180687141, 0.000528462172952, 0.000821853638627, 0.000490184058435, 0.000686669140123, 0.000596104364377, 0.000557335733902, 0.000481300055981, 0.000559970387258, 0.000610234390479, 0.00061285099946, 0.00062367686769, 0.000649577646982, 0.000661925063469, 0.000480398273794, 0.000218203203985, 1.83900592674e-05],
        "median": [5.98334227107e-05, 0.00321893743239, 0.000362477207091, 0.000177313617314, 0.000326338922605, 0.000144088058732, 0.000178271686309, 0.000183413561899, 0.000287350383587, 0.000375103001716, 0.000256208411884, 0.000236857769778, 0.000365645857528, 0.000268688978394, 0.000385714694858, 0.0003614181187, 0.000359239726095, 0.000349421112332, 0.000384269835195, 0.000397954048822, 0.000420678465161, 0.000392194662709, 0.000359634141205, 0.000306077388814, 0.000193092506379, 6.93888869137e-05, 1.83183533409e-06],
        "min": [7.38855653389e-25, 6.385197446e-25, 2.20251404409e-24, 1.0763738839e-24, 7.01138389269e-24, 8.03251148082e-24, 6.36812738348e-24, 1.00080755673e-23, 2.43045331217e-23, 1.6779757763e-23, 1.07212413243e-23, 2.80993327291e-23, 2.4122984673e-23, 4.09451153107e-23, 4.09356268917e-23, 5.35352438501e-23, 7.4171157244e-23, 1.05087587996e-22, 8.23644496214e-23, 1.72911040282e-22, 2.51864127183e-22, 2.73287216476e-22, 4.4110370468e-22, 5.57203481679e-22, 8.93030328543e-22, 1.31091284594e-21, 1.85652913474e-21],
        "var": [7.23596045304e-08, 0.000121373159345, 2.44530147029e-05, 7.24447500033e-06, 5.7102930441e-05, 2.4159064651e-06, 5.23122878349e-07, 5.30871091087e-07, 7.39193069421e-07, 1.25268104512e-06, 9.25292454212e-07, 7.40489269901e-07, 2.53183770837e-06, 4.44906248731e-07, 1.03939237306e-06, 6.50464130558e-07, 4.73208103813e-07, 2.48799210567e-07, 3.27208567796e-07, 4.12808219608e-07, 4.29097809729e-07, 4.82798952817e-07, 5.56433292331e-07, 6.70852671192e-07, 4.61385127437e-07, 1.24564039083e-07, 1.92740490235e-09]
    },
    "erbbands": {
        "dmean": [0.11420122534, 0.858084499836, 1.70454072952, 3.0142018795, 8.31483840942, 9.57295513153, 7.1539516449, 4.43187904358, 5.40718221664, 6.81366729736, 8.50679016113, 10.1295080185, 12.4154853821, 16.8286380768, 16.0291652679, 14.0080366135, 24.076341629, 18.164352417, 20.790512085, 20.414730072, 16.9682922363, 17.5679759979, 15.0129737854, 15.4656715393, 13.9875020981, 17.4603710175, 14.7862825394, 14.3908157349, 13.2109060287, 11.2941131592, 10.3452539444, 8.86209011078, 7.35535240173, 4.84831809998, 2.48775005341, 0.999589920044, 0.385361075401, 0.0681661292911, 0.00314931222238, 7.56272202125e-05],
        "dmean2": [0.174959912896, 1.17881405354, 2.43621778488, 5.21811437607, 14.3872385025, 17.448425293, 13.4017086029, 8.10574245453, 9.21088790894, 11.5040903091, 13.9638385773, 16.7779502869, 21.0788726807, 27.6039676666, 25.964466095, 23.415473938, 36.9952583313, 30.7211704254, 33.8370933533, 33.4461364746, 28.1549720764, 28.8224601746, 24.5541419983, 25.3207969666, 22.8083591461, 29.7345237732, 24.7996196747, 24.0072650909, 21.7135982513, 18.1138134003, 16.8924636841, 14.1735544205, 11.9234704971, 7.98921060562, 3.9733569622, 1.57709503174, 0.626199543476, 0.113455317914, 0.0053299930878, 0.00012332618644],
        "dvar": [0.0613681338727, 3.80736398697, 22.4603290558, 80.9425964355, 579.526916504, 1101.59692383, 711.753723145, 195.950927734, 116.485725403, 144.32963562, 196.280838013, 239.273605347, 349.612945557, 736.082641602, 657.824829102, 680.579711914, 2661.0234375, 882.355834961, 1704.55664062, 976.823242188, 538.368469238, 769.418273926, 377.621643066, 409.434234619, 317.844177246, 628.237182617, 443.266082764, 421.464996338, 356.048095703, 250.174621582, 226.436035156, 162.691818237, 137.452178955, 70.8061599731, 17.017156601, 2.6347424984, 0.518104553223, 0.017202636227, 4.04954371334e-05, 1.7570132016e-08],
        "dvar2": [0.142496645451, 7.56793451309, 47.8779449463, 215.834228516, 1530.04040527, 3116.16357422, 2073.22705078, 568.37286377, 314.603393555, 384.000823975, 488.413543701, 605.977233887, 909.809448242, 1903.72412109, 1614.01916504, 1829.46887207, 4448.53857422, 2333.90820312, 4243.11767578, 2256.47680664, 1397.60021973, 1822.22253418, 920.659667969, 1043.66748047, 793.001403809, 1731.41430664, 1197.27392578, 1052.68310547, 877.261657715, 612.221618652, 529.048828125, 382.120727539, 336.85067749, 180.899902344, 40.9795532227, 6.24654483795, 1.32730340958, 0.0445800572634, 0.000104806553281, 4.49488233301e-08],
        "max": [2.72843694687, 22.0223083496, 41.8556442261, 78.0665893555, 223.264419556, 271.73348999, 273.4737854, 146.737350464, 104.728622437, 293.233459473, 158.214187622, 314.586853027, 342.619934082, 476.124023438, 597.200622559, 416.558563232, 1055.6998291, 486.694335938, 887.999816895, 538.793823242, 405.83782959, 500.223632812, 237.268188477, 255.680130005, 225.110290527, 216.06187439, 245.383377075, 180.867919922, 215.380661011, 155.247055054, 126.324562073, 125.533226013, 98.6959381104, 74.8264694214, 40.7298583984, 12.4945402145, 6.0200920105, 1.19480955601, 0.0550450086594, 0.000993052031845],
        "mean": [0.185865342617, 1.31333076954, 2.05057406425, 2.58366751671, 6.73075485229, 7.01273155212, 5.31766033173, 3.91271066666, 6.09276533127, 8.17087268829, 10.8493242264, 14.4877519608, 16.5404701233, 26.2931747437, 27.5210723877, 24.0884399414, 39.517162323, 27.0905780792, 33.9531478882, 35.0194587708, 29.9202232361, 30.6513023376, 27.7911815643, 27.6137142181, 27.8619480133, 30.3233261108, 24.9831066132, 23.9985256195, 22.5914497375, 20.0694503784, 18.4853572845, 14.2575798035, 10.635892868, 6.24897766113, 3.05940103531, 1.16313993931, 0.367446869612, 0.0603229142725, 0.00263604265638, 9.49622990447e-05],
        "median": [0.0713066607714, 0.588459730148, 0.53817152977, 0.536970257759, 0.906779110432, 1.06042063236, 1.11363124847, 1.23327982426, 2.2867398262, 3.86282992363, 4.75029706955, 7.4249920845, 8.3196516037, 13.5520963669, 13.6562957764, 12.5982074738, 18.2499656677, 15.6703176498, 18.9026317596, 21.314825058, 19.9718418121, 20.6731758118, 20.533208847, 19.8983802795, 19.7047328949, 20.0116443634, 16.9829864502, 15.1938705444, 14.0356178284, 12.663277626, 9.75590419769, 7.13536882401, 4.55442905426, 2.48650932312, 1.17247474194, 0.411929398775, 0.102497316897, 0.0146933626384, 0.000456102919998, 4.91933787998e-05],
        "min": [3.97953631631e-23, 4.95738721606e-22, 2.84574364525e-21, 5.72990070189e-21, 9.53785855962e-21, 1.93076443458e-20, 4.70334831674e-20, 5.3443415594e-20, 1.20446117961e-19, 1.75824761372e-19, 2.92584484309e-19, 4.63758862127e-19, 4.93883125675e-19, 5.24821490042e-19, 6.95988113041e-19, 1.44683546469e-18, 1.66212173022e-18, 1.87902430666e-18, 2.39950103053e-18, 3.47892809613e-18, 3.8212799537e-18, 4.7172699991e-18, 5.72666361134e-18, 6.46922571518e-18, 6.20535468619e-18, 8.22491821969e-18, 7.84312639052e-18, 9.45520958734e-18, 8.92828561097e-18, 1.12600482008e-17, 1.20778088805e-17, 9.17277538463e-18, 9.80667035781e-18, 8.70522312391e-18, 6.39484935682e-18, 4.19104829907e-18, 2.33689110958e-18, 9.7289592208e-19, 2.50699599456e-19, 2.68934398626e-20],
        "var": [0.090281419456, 6.82683515549, 27.6881160736, 57.9643783569, 423.806762695, 668.713806152, 397.692596436, 114.413742065, 113.673408508, 148.270233154, 236.852966309, 417.725189209, 528.088806152, 1428.16821289, 1672.14807129, 1226.27722168, 6064.39941406, 1248.94543457, 3183.83251953, 2196.69360352, 1151.70202637, 1441.69750977, 799.233764648, 804.101806641, 759.535461426, 1026.5333252, 715.23248291, 733.463623047, 644.973083496, 506.459564209, 458.706848145, 290.895629883, 190.500259399, 78.9732818604, 19.8176441193, 2.98119044304, 0.448458492756, 0.0139304818586, 3.22813139064e-05, 1.70038703118e-08]
    },
    "gfcc": {
        "mean": [1.96325421333, 42.8336601257, -125.343856812, 34.9570045471, -56.2196426392, 28.7892131805, -31.0478286743, 15.0602397919, -22.9138870239, 5.8330578804, -17.3909053802, 1.93444669247, -11.7182788849],
        "cov": [[29622.5351562, -2931.6315918, -274.987792969, 1622.05444336, -938.358459473, 1168.8482666, -997.703918457, 733.691040039, -734.445068359, 526.170410156, -546.262939453, 466.483428955, -431.543670654], [-2931.6315918, 2362.06079102, -516.833251953, -175.054611206, 286.715148926, -276.046966553, 314.267669678, -261.470062256, 166.405059814, -237.740844727, 150.131820679, -185.187484741, 152.82800293], [-274.987792969, -516.833251953, 1495.91247559, 325.074432373, 332.254730225, 318.078186035, 21.4698295593, 207.845458984, -26.9876174927, 183.945739746, -41.1893730164, 171.821640015, -41.1952972412], [1622.05444336, -175.054611206, 325.074432373, 526.79083252, 146.898147583, 259.444366455, 30.8688793182, 130.995742798, 4.99739313126, 59.8249053955, -10.1670312881, 58.3181228638, -9.65456867218], [-938.358459473, 286.715148926, 332.254730225, 146.898147583, 381.135223389, 127.984016418, 169.529052734, 51.1949081421, 73.0817871094, 43.4018516541, 54.2022209167, 30.4545688629, 24.0891799927], [1168.8482666, -276.046966553, 318.078186035, 259.444366455, 127.984016418, 333.271972656, 62.6048736572, 169.61946106, 11.117480278, 110.410263062, -6.23926639557, 72.3774185181, -22.504283905], [-997.703918457, 314.267669678, 21.4698295593, 30.8688793182, 169.529052734, 62.6048736572, 203.83732605, 39.1351776123, 98.1068725586, 7.43676280975, 61.7727203369, -5.17801094055, 36.4297294617], [733.691040039, -261.470062256, 207.845458984, 130.995742798, 51.1949081421, 169.61946106, 39.1351776123, 193.279464722, 58.4788513184, 120.274749756, 5.79065465927, 67.1156692505, -13.6720457077], [-734.445068359, 166.405059814, -26.9876174927, 4.99739313126, 73.0817871094, 11.117480278, 98.1068725586, 58.4788513184, 138.158721924, 45.966381073, 65.3507461548, 3.66508364677, 29.9144039154], [526.170410156, -237.740844727, 183.945739746, 59.8249053955, 43.4018516541, 110.410263062, 7.43676280975, 120.274749756, 45.966381073, 152.888046265, 37.074382782, 66.6766204834, -15.535826683], [-546.262939453, 150.131820679, -41.1893730164, -10.1670312881, 54.2022209167, -6.23926639557, 61.7727203369, 5.79065465927, 65.3507461548, 37.074382782, 96.917755127, 21.5169487, 34.5903244019], [466.483428955, -185.187484741, 171.821640015, 58.3181228638, 30.4545688629, 72.3774185181, -5.17801094055, 67.1156692505, 3.66508364677, 66.6766204834, 21.5169487, 99.4375152588, 19.9234981537], [-431.543670654, 152.82800293, -41.1952972412, -9.65456867218, 24.0891799927, -22.504283905, 36.4297294617, -13.6720457077, 29.9144039154, -15.535826683, 34.5903244019, 19.9234981537, 78.339515686]],
        "icov": [[0.000109948116005, -0.00010624868446, 0.000226527394261, -0.000320383784128, 0.000167186401086, -0.000165391422343, 0.000251736404607, -0.000187119250768, 0.000468332436867, -0.000446993566584, 0.00046529705287, -0.000591213523876, 0.000321363477269], [-0.00010624868446, 0.00109180319123, -0.000124974758364, 0.000286277499981, -0.000823704758659, 0.000476115761558, -0.00086442171596, 0.000664361577947, -0.000791885016952, 0.00113540631719, -0.0011566998437, 0.00176011305302, -0.00124702625908], [0.000226527394261, -0.000124974758364, 0.00181543768849, -0.00081229605712, -0.00102554808836, -0.000320633320371, 0.000791373662651, -0.000472776067909, 0.0012945443159, -0.00164768053219, 0.0022298078984, -0.00267255865037, 0.000992988236248], [-0.000320383784128, 0.000286277499981, -0.00081229605712, 0.00444863317534, -0.00147264718544, -0.00223653297871, 0.00111626205035, -0.000675955670886, -0.00180165062193, 0.0034247150179, -0.00222204276361, 0.00190845143516, -0.00116605579387], [0.000167186401086, -0.000823704758659, -0.00102554808836, -0.00147264718544, 0.00719481520355, -0.00102402176708, -0.00417729606852, 0.00215665413998, 0.000247841817327, -0.00220167660154, 0.000697212235536, -0.00174278998747, 0.00122359930538], [-0.000165391422343, 0.000476115761558, -0.000320633320371, -0.00223653297871, -0.00102402176708, 0.010000997223, -0.00435093417764, -0.00467145442963, 0.00391871854663, -0.00198729848489, 0.000217745924601, 0.000637388147879, -3.70438501704e-05], [0.000251736404607, -0.00086442171596, 0.000791373662651, 0.00111626205035, -0.00417729606852, -0.00435093417764, 0.0159072447568, -0.00388002279215, -0.00445408234373, 0.00475070858374, -0.00349091831595, 0.000906569708604, -0.000459195143776], [-0.000187119250768, 0.000664361577947, -0.000472776067909, -0.000675955670886, 0.00215665413998, -0.00467145442963, -0.00388002279215, 0.0219966378063, -0.0102895321324, -0.00861032959074, 0.00832458585501, -0.00477744825184, 0.000740265648346], [0.000468332436867, -0.000791885016952, 0.0012945443159, -0.00180165062193, 0.000247841817327, 0.00391871854663, -0.00445408234373, -0.0102895321324, 0.0229791291058, -0.00569768249989, -0.00541787128896, 0.00358255556785, -0.00251512299292], [-0.000446993566584, 0.00113540631719, -0.00164768053219, 0.0034247150179, -0.00220167660154, -0.00198729848489, 0.00475070858374, -0.00861032959074, -0.00569768249989, 0.0250775143504, -0.0130880726501, -0.0014595297398, 0.00457159662619], [0.00046529705287, -0.0011566998437, 0.0022298078984, -0.00222204276361, 0.000697212235536, 0.000217745924601, -0.00349091831595, 0.00832458585501, -0.00541787128896, -0.0130880726501, 0.0283144079149, -0.00983265507966, -0.00188533426262], [-0.000591213523876, 0.00176011305302, -0.00267255865037, 0.00190845143516, -0.00174278998747, 0.000637388147879, 0.000906569708604, -0.00477744825184, 0.00358255556785, -0.0014595297398, -0.00983265507966, 0.0285206008703, -0.0129663590342], [0.000321363477269, -0.00124702625908, 0.000992988236248, -0.00116605579387, 0.00122359930538, -3.70438501704e-05, -0.000459195143776, 0.000740265648346, -0.00251512299292, 0.00457159662619, -0.00188533426262, -0.0129663590342, 0.0232993941754]]
    },
    "melbands": {
        "dmean": [0.00104917411227, 0.00080156076001, 0.000639477046207, 0.000680302386172, 0.00028282040148, 0.000101784011349, 8.07046890259e-05, 7.90979393059e-05, 7.12758628651e-05, 6.154532457e-05, 6.37268676655e-05, 7.30145256966e-05, 5.35598519491e-05, 4.08051855629e-05, 5.25260729773e-05, 4.23304263677e-05, 3.63291692338e-05, 3.42473249475e-05, 2.73553469015e-05, 3.04270688503e-05, 1.92892184714e-05, 1.98460402316e-05, 1.85789085663e-05, 1.25632759591e-05, 1.37563765747e-05, 1.21649045468e-05, 1.09313486973e-05, 1.26119148263e-05, 1.03471493276e-05, 8.3634913608e-06, 9.08749370865e-06, 8.02080376161e-06, 7.0964247243e-06, 6.439230674e-06, 6.43334988126e-06, 6.06882849752e-06, 5.3993480833e-06, 5.25070345248e-06, 4.9873383432e-06, 3.9441770241e-06],
        "dmean2": [0.00155232253019, 0.0011382997036, 0.00108333432581, 0.0011864642147, 0.000533468963113, 0.000186583129107, 0.00013697790564, 0.00013321422739, 0.000117062219942, 0.000101800069388, 0.000108195592475, 0.000120061195048, 8.68478964549e-05, 6.85584454914e-05, 8.37628904264e-05, 6.6689302912e-05, 6.15656099399e-05, 5.59584514122e-05, 4.48425198556e-05, 5.01892864122e-05, 3.22344421875e-05, 3.24606298818e-05, 3.09882016154e-05, 2.01873135666e-05, 2.26672364079e-05, 2.02370683837e-05, 1.79265407496e-05, 2.1661802748e-05, 1.75328859768e-05, 1.3796665371e-05, 1.52245283971e-05, 1.32721534101e-05, 1.15003640531e-05, 1.03820466393e-05, 1.06339457489e-05, 9.8186028481e-06, 8.74189481692e-06, 8.51558343129e-06, 8.32417936181e-06, 6.54229279462e-06],
        "dvar": [5.25359428138e-06, 3.75421927856e-06, 2.51216920333e-06, 4.44449005954e-06, 1.12997349788e-06, 1.04785264909e-07, 2.44373765668e-08, 1.84029449457e-08, 1.23843379995e-08, 8.28243784667e-09, 9.25394072482e-09, 1.45832439458e-08, 7.13612813286e-09, 5.38005018313e-09, 1.15915019805e-08, 5.3079243223e-09, 3.849265795e-09, 4.10448564026e-09, 1.6706070971e-09, 2.472377858e-09, 6.81743328457e-10, 1.13069797969e-09, 6.57912002655e-10, 2.89537671616e-10, 3.33843480638e-10, 2.74960637592e-10, 1.98516786343e-10, 3.34313882133e-10, 2.1997180466e-10, 1.3538638266e-10, 1.69274691486e-10, 1.3790230069e-10, 9.35551774939e-11, 8.27598614639e-11, 8.80221243116e-11, 7.88579965216e-11, 5.95548471649e-11, 6.47601625103e-11, 7.1906786081e-11, 4.91264598446e-11],
        "dvar2": [1.16944829642e-05, 6.45215914119e-06, 6.4544747147e-06, 1.19183723655e-05, 3.29628051077e-06, 3.04441982735e-07, 6.55771756897e-08, 4.82674948898e-08, 3.07618286399e-08, 2.11239061798e-08, 2.41891306985e-08, 3.78051616678e-08, 1.73076628585e-08, 1.44081209186e-08, 2.25625740313e-08, 1.00968344796e-08, 1.01723776069e-08, 1.01076551573e-08, 4.202223014e-09, 5.88496762433e-09, 1.77017944747e-09, 2.66726574161e-09, 1.5949515042e-09, 6.94368063048e-10, 8.52092951753e-10, 6.81778966616e-10, 5.14484399528e-10, 9.19196718741e-10, 5.91191096078e-10, 3.40401706822e-10, 4.3244555159e-10, 3.45100226173e-10, 2.35854835662e-10, 2.04336908505e-10, 2.14854647962e-10, 1.91051202636e-10, 1.40309611152e-10, 1.56148663444e-10, 1.83289203259e-10, 1.26815447032e-10],
        "max": [0.024291805923, 0.0185479205102, 0.0120270252228, 0.0177741311491, 0.0102833723649, 0.00345499208197, 0.00149860908277, 0.0032102081459, 0.00136093806941, 0.0017553709913, 0.00171621737536, 0.00208229664713, 0.00162510143127, 0.00133011001162, 0.00190565676894, 0.00136038765777, 0.00109821441583, 0.00132595619652, 0.000660682853777, 0.00107204506639, 0.000515595718753, 0.000576679594815, 0.000382168480428, 0.000314936885843, 0.000237610453041, 0.000216296073631, 0.000193319981918, 0.000166479323525, 0.000179871334694, 0.000107881889562, 0.000118834461318, 0.000139615192893, 9.7568736237e-05, 7.9909194028e-05, 8.73490353115e-05, 9.33384071686e-05, 7.40595569368e-05, 6.22420775471e-05, 7.20155148883e-05, 6.41244405415e-05],
        "mean": [0.00169559300411, 0.00133635452949, 0.000565081310924, 0.00054399878718, 0.00020424190734, 8.8751934527e-05, 9.28316731006e-05, 9.38293669606e-05, 9.40262252698e-05, 8.71284646564e-05, 8.26484465506e-05, 0.000108209904283, 8.90841838554e-05, 6.23273663223e-05, 8.84691253304e-05, 6.67718049954e-05, 4.87679390062e-05, 5.25603172719e-05, 4.43251119577e-05, 4.92212529934e-05, 3.11469084409e-05, 3.15220386256e-05, 2.9551647458e-05, 2.27508771786e-05, 2.19265784835e-05, 2.1506963094e-05, 1.92147199414e-05, 2.01040293177e-05, 1.62152391567e-05, 1.362981493e-05, 1.41239434015e-05, 1.30007683765e-05, 1.1595900105e-05, 1.09449219963e-05, 1.08985987026e-05, 9.67596224655e-06, 8.27158237371e-06, 7.68692279962e-06, 6.34266507404e-06, 4.94277765029e-06],
        "median": [0.000805250369012, 0.000445582380053, 0.000112119771075, 7.62485869927e-05, 4.26815786341e-05, 2.7721402148e-05, 3.54542462446e-05, 4.4770182285e-05, 4.13518355344e-05, 4.30071959272e-05, 3.9853144699e-05, 5.1211220125e-05, 4.12631525251e-05, 2.98584818665e-05, 3.87065629184e-05, 3.25731634803e-05, 2.45163264481e-05, 2.73189816653e-05, 2.64594673354e-05, 2.73494370049e-05, 2.03411655093e-05, 1.94860658667e-05, 1.94113745238e-05, 1.57340655278e-05, 1.47459268192e-05, 1.45407648233e-05, 1.25555961858e-05, 1.24550961118e-05, 1.05329199869e-05, 8.57954091771e-06, 8.1976841102e-06, 7.39302868169e-06, 7.21912465451e-06, 6.35377364233e-06, 5.6274338931e-06, 4.66863730253e-06, 3.95240613216e-06, 3.31210389959e-06, 2.4905311875e-06, 1.87871546586e-06],
        "min": [8.04104458923e-25, 1.4944679943e-24, 9.6144976761e-25, 1.21325998641e-24, 1.74142681714e-24, 1.12930004115e-24, 1.73040031662e-24, 1.97053273161e-24, 1.74903045019e-24, 3.29355797982e-24, 2.01186904305e-24, 2.0077379757e-24, 1.62647578097e-24, 3.37067327482e-24, 3.3634741302e-24, 3.17368760704e-24, 3.54547380737e-24, 3.44094263768e-24, 4.10629356312e-24, 3.35935035982e-24, 3.35091664788e-24, 4.43603071618e-24, 4.47063764966e-24, 5.31984010325e-24, 4.62842718565e-24, 3.99181170197e-24, 4.41991902105e-24, 5.01390485585e-24, 3.89374248638e-24, 2.94833213452e-24, 4.53665978541e-24, 4.53898021976e-24, 5.44100913829e-24, 5.77695778212e-24, 5.14428423639e-24, 5.25829199213e-24, 5.22480326898e-24, 6.28386047272e-24, 5.99666895486e-24, 6.6213134743e-24],
        "var": [8.46857255965e-06, 7.58789974498e-06, 1.96264113583e-06, 3.13151917908e-06, 6.23043774794e-07, 6.08193175822e-08, 2.48742004771e-08, 1.93960918438e-08, 1.60873838695e-08, 1.47580898613e-08, 1.36705970988e-08, 2.75321312415e-08, 1.88528908041e-08, 8.89674378612e-09, 2.73239955106e-08, 1.21504957207e-08, 4.97470198368e-09, 7.80423548008e-09, 3.17530024496e-09, 5.57498935905e-09, 1.28444033187e-09, 1.99810545887e-09, 1.18292864393e-09, 6.41388664402e-10, 5.91926618831e-10, 5.46801215418e-10, 4.20231877074e-10, 4.9525578083e-10, 3.35236283178e-10, 2.42851849741e-10, 2.76103001573e-10, 2.34400721055e-10, 1.712921055e-10, 1.57208288054e-10, 1.6607640263e-10, 1.38720812615e-10, 1.00789765423e-10, 9.74752362159e-11, 7.9049794488e-11, 5.32289594346e-11]
    },
    "mfcc": {
        "mean": [-625.102722168, 71.9173049927, -7.35713577271, 11.7721099854, 2.50108265877, 11.1855173111, 5.83778429031, 8.85046863556, 4.36826610565, 6.31526279449, 0.61934787035, 1.46339917183, 0.160498708487],
        "cov": [[12825.1738281, -1811.2565918, 1005.9720459, 478.452728271, 531.288208008, 302.64364624, 169.428878784, 147.129302979, 43.2906188965, -15.8253526688, 14.5319337845, 78.2181472778, 54.8387184143], [-1811.2565918, 1572.90856934, -386.696105957, 85.0979614258, -64.3813858032, 30.2762699127, 34.7392120361, 19.2740764618, 6.54941749573, 5.02801609039, -13.5841054916, -27.372926712, -21.7545852661], [1005.9720459, -386.696105957, 750.812072754, 182.517044067, 285.566467285, 154.979522705, 126.603187561, 87.8880615234, 69.3759307861, 32.3253593445, 48.4740715027, 23.6368255615, 37.2535743713], [478.452728271, 85.0979614258, 182.517044067, 274.39855957, 166.862045288, 131.729370117, 85.2685775757, 86.2583847046, 47.4210319519, 27.080493927, 30.4828186035, 25.8155422211, 21.442243576], [531.288208008, -64.3813858032, 285.566467285, 166.862045288, 253.14050293, 153.894454956, 118.038719177, 81.6266174316, 61.9171104431, 40.3188819885, 45.957244873, 37.8460273743, 42.6099739075], [302.64364624, 30.2762699127, 154.979522705, 131.729370117, 153.894454956, 192.79977417, 128.723617554, 95.7940750122, 58.9818496704, 39.5248794556, 43.3703384399, 32.3367156982, 28.5931568146], [169.428878784, 34.7392120361, 126.603187561, 85.2685775757, 118.038719177, 128.723617554, 146.421798706, 84.3372879028, 57.7284126282, 40.1729507446, 37.3285942078, 34.7590293884, 33.9482269287], [147.129302979, 19.2740764618, 87.8880615234, 86.2583847046, 81.6266174316, 95.7940750122, 84.3372879028, 120.891151428, 74.0407104492, 43.7526741028, 34.8653144836, 27.7770404816, 29.7118091583], [43.2906188965, 6.54941749573, 69.3759307861, 47.4210319519, 61.9171104431, 58.9818496704, 57.7284126282, 74.0407104492, 98.2632217407, 63.6337852478, 43.2915649414, 25.950088501, 31.718170166], [-15.8253526688, 5.02801609039, 32.3253593445, 27.080493927, 40.3188819885, 39.5248794556, 40.1729507446, 43.7526741028, 63.6337852478, 101.98601532, 63.9392547607, 38.954372406, 25.1331615448], [14.5319337845, -13.5841054916, 48.4740715027, 30.4828186035, 45.957244873, 43.3703384399, 37.3285942078, 34.8653144836, 43.2915649414, 63.9392547607, 95.2699508667, 60.4125404358, 29.6953582764], [78.2181472778, -27.372926712, 23.6368255615, 25.8155422211, 37.8460273743, 32.3367156982, 34.7590293884, 27.7770404816, 25.950088501, 38.954372406, 60.4125404358, 90.968536377, 53.9996261597], [54.8387184143, -21.7545852661, 37.2535743713, 21.442243576, 42.6099739075, 28.5931568146, 33.9482269287, 29.7118091583, 31.718170166, 25.1331615448, 29.6953582764, 53.9996261597, 81.6068954468]],
