{
"lowlevel": {
    "average_loudness": 0.822966575623,
    "barkbands_crest": {
        "dmean": 2.9759054184,
        "dmean2": 4.80582666397,
        "dvar": 9.27811431885,
        "dvar2": 22.0149097443,
        "max": 26.796628952,
        "mean": 11.0617456436,
        "median": 10.2548589706,
        "min": 1.70087563992,
        "var": 26.956489563
    },
    "barkbands_flatness_db": {
        "dmean": 0.0269361827523,
        "dmean2": 0.038902323693,
        "dvar": 0.00110615231097,
        "dvar2": 0.00191757408902,
        "max": 0.89064592123,
        "mean": 0.125165045261,
        "median": 0.0967559069395,
        "min": 0.0157721247524,
        "var": 0.00912524946034
    },
    "barkbands_kurtosis": {
        "dmean": 9.98862552643,
        "dmean2": 15.3306798935,
        "dvar": 5719.82421875,
        "dvar2": 13242.7070312,
        "max": 2639.43554688,
        "mean": 9.1489944458,
        "median": 0.663266181946,
        "min": -1.88073074818,
        "var": 5450.66357422
    },
    "barkbands_skewness": {
        "dmean": 0.737820029259,
        "dmean2": 1.11803221703,
        "dvar": 1.87157344818,
        "dvar2": 3.48540472984,
        "max": 32.5004730225,
        "mean": 1.50710427761,
        "median": 1.14945483208,
        "min": -2.23928761482,
        "var": 3.79344296455
    },
    "barkbands_spread": {
        "dmean": 7.65820407867,
        "dmean2": 12.396853447,
        "dvar": 95.3285751343,
        "dvar2": 233.874542236,
        "max": 97.2740402222,
        "mean": 30.4819488525,
        "median": 30.6620025635,
        "min": 0.0096275806427,
        "var": 318.040496826
    },
    "dissonance": {
        "dmean": 0.0173718221486,
        "dmean2": 0.0298714060336,
        "dvar": 0.000436089467257,
        "dvar2": 0.00128964812029,
        "max": 0.500000119209,
        "mean": 0.472335547209,
        "median": 0.479967772961,
        "min": 0.228059694171,
        "var": 0.000755650864448
    },
    "dynamic_complexity": 6.4278011322,
    "erbbands_crest": {
        "dmean": 2.31397533417,
        "dmean2": 3.8396487236,
        "dvar": 5.98314237595,
        "dvar2": 15.3702230453,
        "max": 30.0152111053,
        "mean": 7.43815755844,
        "median": 6.01537895203,
        "min": 2.29454302788,
        "var": 20.5072574615
    },
    "erbbands_flatness_db": {
        "dmean": 0.0164521094412,
        "dmean2": 0.023895053193,
        "dvar": 0.000348490051692,
        "dvar2": 0.000676493509673,
        "max": 0.549152553082,
        "mean": 0.143381208181,
        "median": 0.123497962952,
        "min": 0.0545099452138,
        "var": 0.00371828046627
    },
    "erbbands_kurtosis": {
        "dmean": 1.34275448322,
        "dmean2": 2.1661605835,
        "dvar": 29.6539573669,
        "dvar2": 59.4879112244,
        "max": 179.441757202,
        "mean": 0.921977460384,
        "median": -0.312235593796,
        "min": -1.59848546982,
        "var": 44.0404396057
    },
    "erbbands_skewness": {
        "dmean": 0.374959200621,
        "dmean2": 0.604740679264,
        "dvar": 0.220447301865,
        "dvar2": 0.503133118153,
        "max": 9.04508781433,
        "mean": 0.300033152103,
        "median": 0.174351468682,
        "min": -2.86740732193,
        "var": 0.670115292072
    },
    "erbbands_spread": {
        "dmean": 7.10501194,
        "dmean2": 11.1948709488,
        "dvar": 63.6032524109,
        "dvar2": 149.415634155,
        "max": 112.654060364,
        "mean": 38.0684661865,
        "median": 38.3806686401,
        "min": 0.474221348763,
        "var": 300.156494141
    },
    "hfc": {
        "dmean": 15.1745834351,
        "dmean2": 25.5283031464,
        "dvar": 1261.50927734,
        "dvar2": 3420.56005859,
        "max": 314.150482178,
        "mean": 26.1056499481,
        "median": 13.2392730713,
        "min": 1.08025685184e-16,
        "var": 1417.71520996
    },
    "melbands_crest": {
        "dmean": 3.8985517025,
        "dmean2": 6.39588212967,
        "dvar": 13.3220357895,
        "dvar2": 37.0194168091,
        "max": 34.3555488586,
        "mean": 17.6436576843,
        "median": 17.3992424011,
        "min": 2.47511172295,
        "var": 43.4533691406
    },
    "melbands_flatness_db": {
        "dmean": 0.0351326204836,
        "dmean2": 0.0527978688478,
        "dvar": 0.00183277355973,
        "dvar2": 0.00361327477731,
        "max": 1,
        "mean": 0.192740693688,
        "median": 0.163504719734,
        "min": 0.00510543258861,
        "var": 0.0134160481393
    },
    "melbands_kurtosis": {
        "dmean": 6.58046340942,
        "dmean2": 10.5484514236,
        "dvar": 147.89012146,
        "dvar2": 352.75881958,
        "max": 222.43800354,
        "mean": 10.5579109192,
        "median": 6.02722787857,
        "min": -1.61210036278,
        "var": 229.504867554
    },
    "melbands_skewness": {
        "dmean": 0.773450613022,
        "dmean2": 1.2324193716,
        "dvar": 0.856739342213,
        "dvar2": 2.02700138092,
        "max": 12.5771856308,
        "mean": 2.47176408768,
        "median": 2.23119306564,
        "min": -2.04954576492,
        "var": 1.92197859287
    },
    "melbands_spread": {
        "dmean": 11.0521116257,
        "dmean2": 19.0765171051,
        "dvar": 290.27746582,
        "dvar2": 800.417358398,
        "max": 147.218048096,
        "mean": 28.9669761658,
        "median": 26.2530975342,
        "min": 0.169254526496,
        "var": 417.317169189
    },
    "pitch_salience": {
        "dmean": 0.0915319472551,
        "dmean2": 0.147354751825,
        "dvar": 0.00829838216305,
        "dvar2": 0.0201829988509,
        "max": 0.928074121475,
        "mean": 0.506404399872,
        "median": 0.519515872002,
        "min": 0.0167112890631,
        "var": 0.0222441311926
    },
    "silence_rate_20dB": {
        "dmean": 0,
        "dmean2": 0,
        "dvar": 0,
        "dvar2": 0,
        "max": 1,
        "mean": 1,
        "median": 1,
        "min": 1,
        "var": 0
    },
    "silence_rate_30dB": {
        "dmean": 0.00183178135194,
        "dmean2": 0.00366412219591,
        "dvar": 0.0018285139231,
        "dvar2": 0.00517752207816,
        "max": 1,
        "mean": 0.998931646347,
        "median": 1,
        "min": 0,
        "var": 0.00106721871998
    },
    "silence_rate_60dB": {
        "dmean": 0.0100747980177,
        "dmean2": 0.0201526712626,
        "dvar": 0.00997450295836,
        "dvar2": 0.0218825247139,
        "max": 1,
        "mean": 0.192918196321,
        "median": 0,
        "min": 0,
        "var": 0.155710250139
    },
    "spectral_centroid": {
        "dmean": 329.030334473,
        "dmean2": 534.344482422,
        "dvar": 202333.734375,
        "dvar2": 499148.8125,
        "max": 11121.2001953,
        "mean": 1682.65649414,
        "median": 1755.00976562,
        "min": 64.3039855957,
        "var": 585292.75
    },
    "spectral_complexity": {
        "dmean": 4.46893596649,
        "dmean2": 6.91572523117,
        "dvar": 34.5051460266,
        "dvar2": 72.3551559448,
        "max": 62,
        "mean": 21.3252449036,
        "median": 21,
        "min": 0,
        "var": 207.822265625
    },
    "spectral_decrease": {
        "dmean": 1.96025884414e-09,
        "dmean2": 2.89536550291e-09,
        "dvar": 1.06197045275e-17,
        "dvar2": 2.18757458654e-17,
        "max": 3.07853822894e-29,
        "mean": -5.67913316374e-09,
        "median": -4.56491111578e-09,
        "min": -5.0018243769e-08,
        "var": 2.86671021809e-17
    },
    "spectral_energy": {
        "dmean": 0.00828024372458,
        "dmean2": 0.0121622905135,
        "dvar": 0.000182336516446,
        "dvar2": 0.000373185612261,
        "max": 0.190513655543,
        "mean": 0.0238022319973,
        "median": 0.0186278522015,
        "min": 9.76411345979e-21,
        "var": 0.000505703617819
    },
    "spectral_energyband_high": {
        "dmean": 0.0015525779454,
        "dmean2": 0.00266982894391,
        "dvar": 1.534333569e-05,
        "dvar2": 4.22858320235e-05,
        "max": 0.035699762404,
        "mean": 0.00211679795757,
        "median": 0.000669984729029,
        "min": 7.11875593352e-21,
        "var": 1.51430549522e-05
    },
    "spectral_energyband_low": {
        "dmean": 0.00544886291027,
        "dmean2": 0.00817765388638,
        "dvar": 0.000102560094092,
        "dvar2": 0.000224884264753,
        "max": 0.183916121721,
        "mean": 0.011671628803,
        "median": 0.00828996859491,
        "min": 4.61232203807e-23,
        "var": 0.000211339036468
    },
    "spectral_energyband_middle_high": {
        "dmean": 0.00190516910516,
        "dmean2": 0.0032560012769,
        "dvar": 1.2646977666e-05,
        "dvar2": 3.46819870174e-05,
        "max": 0.0329743586481,
        "mean": 0.00459898635745,
        "median": 0.00347899040207,
        "min": 1.39103395185e-21,
        "var": 2.13629045902e-05
    },
    "spectral_energyband_middle_low": {
        "dmean": 0.00339798093773,
        "dmean2": 0.00562494806945,
        "dvar": 7.53789936425e-05,
        "dvar2": 0.000189506230527,
        "max": 0.0899027064443,
        "mean": 0.00636522239074,
        "median": 0.00449055060744,
        "min": 2.54055822592e-22,
        "var": 8.08273471193e-05
    },
    "spectral_entropy": {
        "dmean": 0.172068044543,
        "dmean2": 0.250285893679,
        "dvar": 0.0442268513143,
        "dvar2": 0.085016682744,
        "max": 9.80417442322,
        "mean": 7.69538450241,
        "median": 7.84189128876,
        "min": 2.94641804695,
        "var": 0.457591980696
    },
    "spectral_flux": {
        "dmean": 0.0242851935327,
        "dmean2": 0.0350015833974,
        "dvar": 0.00111798360012,
        "dvar2": 0.0018531413516,
        "max": 0.328656584024,
        "mean": 0.0747506991029,
        "median": 0.0613880082965,
        "min": 1.08681563749e-10,
        "var": 0.00375647447072
    },
    "spectral_kurtosis": {
        "dmean": 2.78483247757,
        "dmean2": 4.28881454468,
        "dvar": 181.908538818,
        "dvar2": 404.548980713,
        "max": 805.793762207,
        "mean": 6.83240461349,
        "median": 2.95785069466,
        "min": -1.19356298447,
        "var": 437.354980469
    },
    "spectral_rms": {
        "dmean": 0.000705750717316,
        "dmean2": 0.00101691437885,
        "dvar": 8.76418994267e-07,
        "dvar2": 1.66556344539e-06,
        "max": 0.0136333042756,
        "mean": 0.00416146358475,
        "median": 0.00426304060966,
        "min": 3.08641610533e-12,
        "var": 5.90386025578e-06
    },
    "spectral_rolloff": {
        "dmean": 877.903381348,
        "dmean2": 1526.96875,
        "dvar": 1855370.75,
        "dvar2": 5043055.5,
        "max": 18776.953125,
        "mean": 1874.18395996,
        "median": 1313.52539062,
        "min": 64.599609375,
        "var": 3574615.75
    },
    "spectral_skewness": {
        "dmean": 0.244889348745,
        "dmean2": 0.382580846548,
        "dvar": 0.202689453959,
        "dvar2": 0.370426923037,
        "max": 23.8512401581,
        "mean": 1.65942049026,
        "median": 1.33093166351,
        "min": -0.0326784178615,
        "var": 1.59801971912
    },
    "spectral_spread": {
        "dmean": 541189.1875,
        "dmean2": 775716.1875,
        "dvar": 761284329472,
        "dvar2": 1.20708648141e+12,
        "max": 40312612,
        "mean": 4615930,
        "median": 4556584,
        "min": 138491.5625,
        "var": 3.14026360832e+12
    },
    "spectral_strongpeak": {
        "dmean": 0.148888275027,
        "dmean2": 0.253352969885,
        "dvar": 0.112515874207,
        "dvar2": 0.302495092154,
        "max": 6.16121149063,
        "mean": 0.266757726669,
        "median": 0.179886817932,
        "min": 0,
        "var": 0.120951704681
    },
    "zerocrossingrate": {
        "dmean": 0.0113559113815,
        "dmean2": 0.0144600579515,
        "dvar": 0.000175043212948,
        "dvar2": 0.000267255498329,
        "max": 0.72900390625,
        "mean": 0.0647116452456,
        "median": 0.05419921875,
        "min": 0.00244140625,
        "var": 0.002254369203
    },
    "barkbands": {
        "dmean": [0.000375348026864, 0.0039576459676, 0.00180301850196, 0.00161389179993, 0.000996722024865, 0.000667550892103, 0.000663340266328, 0.000459332921309, 0.000417825271143, 0.000510796147864, 0.000289638235699, 0.000271139724646, 0.000225615600357, 0.000271897384664, 0.000332819152391, 0.000242953698034, 0.000283388479147, 0.000263008725597, 0.00032648089109, 0.000332224561134, 0.000372750218958, 0.000297773163766, 0.000307837937726, 0.000191488623386, 0.000196418171981, 0.00010396669677, 1.19602673294e-05],
        "dmean2": [0.0006034199032, 0.00592476828024, 0.00296303629875, 0.00294673559256, 0.00182265986223, 0.00109643756878, 0.00107058288995, 0.000728557584807, 0.000699092750438, 0.000817729334813, 0.000479011330754, 0.000456239678897, 0.000385532825021, 0.000469448015792, 0.000580044928938, 0.000419097952545, 0.000495299464092, 0.000459402304841, 0.00057875708444, 0.000581056752708, 0.000655268609989, 0.000502194452565, 0.000544334703591, 0.000333181960741, 0.000338557583746, 0.000173671040102, 2.13558687392e-05],
        "dvar": [3.8761706378e-07, 7.58462265367e-05, 3.03474826069e-05, 3.41639206454e-05, 1.13847827379e-05, 2.53617281487e-06, 1.71796000359e-06, 7.42364079542e-07, 8.00569409876e-07, 5.13335464802e-07, 2.41730333528e-07, 1.65293855048e-07, 1.26273931755e-07, 1.92865613258e-07, 3.29247740183e-07, 2.57902371459e-07, 3.36033025405e-07, 3.37192773259e-07, 5.86758176269e-07, 6.29146370557e-07, 8.9029180117e-07, 7.21545347915e-07, 6.43478813345e-07, 2.04433248996e-07, 2.14140584376e-07, 7.3691722946e-08, 2.04924699432e-09],
        "dvar2": [9.97144866233e-07, 0.000160540846991, 7.77446621214e-05, 9.59691751632e-05, 3.33014977514e-05, 6.72434225635e-06, 4.12195595345e-06, 1.84915518275e-06, 2.11318638321e-06, 1.23966481169e-06, 6.11655707417e-07, 4.4906150265e-07, 3.42051322377e-07, 5.25494272097e-07, 8.94196091394e-07, 6.95755204561e-07, 9.34161050736e-07, 9.31042734464e-07, 1.63848130796e-06, 1.71148224126e-06, 2.50023595072e-06, 1.96494511329e-06, 1.82473411314e-06, 5.57791679512e-07, 5.76170123168e-07, 1.93079401356e-07, 5.74548497667e-09],
        "max": [0.00897996593267, 0.173448711634, 0.0554415434599, 0.0518117807806, 0.0354030095041, 0.0290818922222, 0.0255469083786, 0.0134012615308, 0.0127247497439, 0.0139533504844, 0.0087955025956, 0.00521896127611, 0.00606406433508, 0.00841263122857, 0.00825055129826, 0.00696708913893, 0.0076871002093, 0.00631651747972, 0.00828261859715, 0.00904883630574, 0.0122269745916, 0.0116717871279, 0.00914287380874, 0.00498847104609, 0.00416874466464, 0.00349075300619, 0.000688613916282],
        "mean": [0.000724456389435, 0.00831783656031, 0.00187814910896, 0.00126633234322, 0.00111053290311, 0.00109561812133, 0.00111049227417, 0.000782371324021, 0.00060585612664, 0.000911888957489, 0.000474002328701, 0.000424210913479, 0.00037955265725, 0.000395558803575, 0.000496713852044, 0.000319608428981, 0.000404999067541, 0.000351997994585, 0.00043886754429, 0.000444590375992, 0.000492047634907, 0.000420172233135, 0.000375269446522, 0.000258630345343, 0.000209189747693, 0.000104705395643, 8.55352845974e-06],
        "median": [0.000448158098152, 0.00623067002743, 0.000520985282492, 0.000284989946522, 0.000580705120228, 0.000573247962166, 0.000557613908313, 0.000311821873765, 0.000269436452072, 0.000606695655733, 0.000236600055359, 0.000263863184955, 0.000231563841226, 0.000213549792534, 0.000287853588816, 0.000149540108396, 0.000218055705773, 0.000150773179485, 0.000165690275026, 0.000145278288983, 0.000161192641826, 0.000127874722239, 9.63292113738e-05, 7.11789180059e-05, 3.52939678123e-05, 1.21494431369e-05, 2.49932782026e-07],
        "min": [5.55042296255e-24, 9.90574531952e-24, 2.30573534969e-23, 2.85912600787e-23, 2.80910560004e-23, 3.6336245959e-23, 2.93723806807e-23, 3.07694817428e-23, 3.70476501897e-23, 5.47040895871e-23, 8.41019694077e-23, 4.85505043653e-23, 9.24897885734e-23, 5.80681395857e-23, 7.01588907732e-23, 1.05085303455e-22, 1.72446104597e-22, 1.59664967589e-22, 2.5675872511e-22, 2.81619581875e-22, 3.68460444791e-22, 5.56733295336e-22, 6.4520734014e-22, 7.47673581213e-22, 9.70505708575e-22, 1.64894749359e-21, 2.23486813755e-21],
        "var": [7.36863739803e-07, 0.000132399378344, 2.53587586485e-05, 2.12415852729e-05, 6.85020495439e-06, 3.38412496603e-06, 2.94195274364e-06, 1.51730841935e-06, 1.20422623695e-06, 1.1813723404e-06, 4.97634403018e-07, 2.90872719688e-07, 2.64650907411e-07, 3.14997947726e-07, 4.90932620778e-07, 2.66935757054e-07, 3.57717539146e-07, 3.26267809214e-07, 5.50308357106e-07, 6.23464416094e-07, 8.35194100546e-07, 7.37318032407e-07, 5.87202350744e-07, 2.23185850245e-07, 1.85067051461e-07, 6.2946980961e-08, 1.27523847038e-09]
    },
    "erbbands": {
        "dmean": [0.143536731601, 0.900028824806, 1.69768476486, 4.3455786705, 3.90417027473, 3.28666853905, 3.64675426483, 6.52436494827, 9.56880760193, 8.67156600952, 9.35038852692, 10.5600376129, 15.3361997604, 14.6471042633, 10.0132961273, 12.1671171188, 10.218829155, 14.2108888626, 16.0703907013, 12.868265152, 13.4287128448, 14.4182415009, 14.381102562, 13.8670482635, 17.3306121826, 16.1243438721, 17.8388690948, 12.3286314011, 11.0533304214, 9.95007324219, 7.95938253403, 4.5903134346, 3.20055937767, 2.39556050301, 1.34531533718, 0.48369127512, 0.193913072348, 0.0363429524004, 0.00160935125314, 4.35089641542e-05],
        "dmean2": [0.215932220221, 1.31372916698, 2.59685564041, 7.77007341385, 7.21433925629, 5.95996141434, 6.32423114777, 10.5934314728, 15.1236534119, 13.9195051193, 15.238658905, 17.4986991882, 25.3477954865, 23.264749527, 16.6407794952, 20.2866859436, 17.3939533234, 24.5750789642, 27.9188499451, 22.4202308655, 23.0513076782, 25.3776321411, 25.2881774902, 24.3084049225, 30.6281795502, 28.2550506592, 31.5701694489, 21.2588291168, 18.9594802856, 16.9643974304, 14.0794153214, 8.02772808075, 5.55828714371, 4.14043569565, 2.32763743401, 0.793523550034, 0.329277664423, 0.0628370270133, 0.00285557494499, 7.17403745512e-05],
        "dvar": [0.0729735419154, 4.4020242691, 18.2845458984, 213.874465942, 238.767456055, 100.374961853, 88.9529495239, 252.110458374, 393.402832031, 241.877380371, 397.937866211, 518.717163086, 530.040405273, 552.997009277, 294.961334229, 350.286834717, 243.612030029, 524.03527832, 689.822021484, 638.925842285, 740.255249023, 1169.83752441, 1019.1137085, 898.881774902, 1765.27722168, 1369.27685547, 2439.14575195, 822.784667969, 994.463684082, 696.058776855, 413.576904297, 128.016281128, 57.2678031921, 32.0622749329, 10.103222847, 1.29037642479, 0.312766492367, 0.0133755197749, 3.16028636007e-05, 1.40011993111e-08],
        "dvar2": [0.180757418275, 9.3482170105, 40.2463264465, 589.96105957, 687.054931641, 294.465332031, 256.674804688, 632.339904785, 957.490661621, 597.497253418, 1033.70849609, 1327.83972168, 1322.39196777, 1339.32873535, 750.267883301, 940.316772461, 664.345825195, 1449.92614746, 1858.49890137, 1739.57910156, 2008.96972656, 3271.6796875, 2837.40771484, 2467.70556641, 4917.58789062, 3731.67993164, 6857.09619141, 2284.35449219, 2731.26416016, 1886.47692871, 1170.88745117, 353.622253418, 157.072525024, 87.2391433716, 27.1371173859, 3.2315568924, 0.85194760561, 0.0372110158205, 8.72771634022e-05, 3.75660214047e-08],
        "max": [6.10141181946, 34.4682312012, 49.3686103821, 108.787750244, 168.149673462, 109.849479675, 121.521118164, 331.239624023, 417.639129639, 245.208282471, 348.74407959, 366.049591064, 416.315887451, 543.948669434, 333.395477295, 257.580810547, 248.597900391, 455.216186523, 328.57611084, 276.294525146, 340.082214355, 433.241668701, 343.256286621, 314.730804443, 420.196899414, 371.871368408, 603.683776855, 307.926544189, 402.972045898, 260.420043945, 226.633758545, 139.72946167, 82.0461654663, 66.9471054077, 24.3368244171, 12.4629964828, 7.47436666489, 1.7182559967, 0.0824554562569, 0.00161593721714],
        "mean": [0.325398534536, 1.48643004894, 2.31341123581, 3.67137527466, 3.3003513813, 3.84565663338, 5.15920114517, 10.5481948853, 16.7482357025, 15.9595079422, 14.7355031967, 16.1922988892, 24.4935626984, 27.6609363556, 17.8538742065, 19.6486167908, 18.2147750854, 23.0389690399, 25.1585464478, 18.8533363342, 19.8973484039, 19.7444477081, 20.3549556732, 19.9796504974, 22.7210464478, 22.0363025665, 21.8793716431, 16.9304580688, 15.161567688, 13.3556480408, 10.0325117111, 6.02223396301, 4.10214519501, 2.67596793175, 1.34304976463, 0.535646319389, 0.177963852882, 0.0298147741705, 0.00121161958668, 5.95296332904e-05],
        "median": [0.289293825626, 0.829401195049, 0.905877709389, 0.902256608009, 1.10158324242, 1.94530630112, 2.79151058197, 5.43935680389, 8.65240097046, 7.4011592865, 6.09216737747, 7.44657182693, 15.2705039978, 17.281211853, 9.97440338135, 12.6329622269, 12.0605869293, 13.731344223, 15.5621976852, 10.5154628754, 11.2054109573, 10.5101623535, 9.63733482361, 8.47791576385, 8.48692512512, 7.54080200195, 7.08845424652, 5.07318115234, 4.39273071289, 3.84097504616, 2.73559594154, 1.74302983284, 1.02577638626, 0.49477955699, 0.216082692146, 0.0712726935744, 0.0191099494696, 0.0023496854119, 6.98132353136e-05, 2.71452408924e-05],
        "min": [1.50690494656e-22, 3.27682651927e-21, 1.94366796746e-20, 6.2889217191e-20, 9.02751768692e-20, 8.76273911155e-20, 1.18824663014e-19, 3.03052739304e-19, 3.80354551156e-19, 4.57101660858e-19, 8.34208959423e-19, 1.02565929181e-18, 1.60237344059e-18, 3.53577525655e-18, 2.75089645373e-18, 2.69750091121e-18, 4.50797469256e-18, 2.90436782227e-18, 4.14755845119e-18, 4.04486066942e-18, 5.6545814384e-18, 8.84587277936e-18, 9.96120341266e-18, 8.575924868e-18, 1.37848424855e-17, 1.62412975895e-17, 1.16316557822e-17, 1.74999720055e-17, 1.87797428359e-17, 1.58869896634e-17, 1.83354674376e-17, 1.55052689717e-17, 1.32197606674e-17, 8.87136731302e-18, 8.2989343409e-18, 4.98679356681e-18, 2.53333719928e-18, 1.37668620605e-18, 3.07176079562e-19, 3.16963816944e-20],
        "var": [0.136403605342, 6.98843574524, 23.2236537933, 145.748153687, 137.560623169, 64.8378829956, 83.3599777222, 337.952850342, 646.68927002, 515.746704102, 671.879333496, 850.041870117, 931.445800781, 1403.96032715, 643.602233887, 635.580688477, 505.116577148, 904.683044434, 1079.96118164, 739.738830566, 814.750793457, 1032.48937988, 1020.13665771, 966.897766113, 1608.41418457, 1402.61523438, 2037.47094727, 904.801757812, 990.390136719, 710.468017578, 392.093475342, 131.838882446, 58.9452781677, 28.5539703369, 8.36713600159, 1.29784309864, 0.232450440526, 0.00896021351218, 2.0685918571e-05, 1.20802594594e-08]
    },
    "gfcc": {
        "mean": [-64.1255264282, 86.693687439, -114.873046875, 31.8087272644, -59.177936554, 21.0863056183, -26.4401798248, 15.0712499619, -17.5876846313, 12.01471138, -8.50133514404, 4.61510562897, -5.81693220139],
        "cov": [[55634.765625, -6295.80175781, -2528.25341797, 3613.78710938, -328.557922363, 2287.41064453, -1000.23419189, 1175.76428223, -307.258758545, 571.428344727, -1266.0333252, 1044.91186523, -806.402282715], [-6295.80175781, 2565.48413086, 4.72036218643, -394.420837402, 254.673217773, -287.869567871, 392.422943115, -265.090057373, 105.925300598, -189.058105469, 296.194488525, -267.115661621, 249.247390747], [-2528.25341797, 4.72036218643, 880.57019043, -76.8065414429, 201.038223267, -9.81014823914, 118.841323853, 26.340473175, 45.0061340332, 43.6789932251, 34.8427391052, 21.2422618866, -44.5705566406], [3613.78710938, -394.420837402, -76.8065414429, 417.930419922, 47.0978965759, 173.348922729, -21.8105869293, 59.3011741638, -2.82039117813, 26.7416858673, -57.858417511, 68.4462738037, -40.3695220947], [-328.557922363, 254.673217773, 201.038223267, 47.0978965759, 265.693847656, 52.113193512, 123.213317871, 12.2700080872, 40.3692245483, 0.743468105793, 31.4393215179, 4.06530380249, 27.8743343353], [2287.41064453, -287.869567871, -9.81014823914, 173.348922729, 52.113193512, 208.870651245, 2.87753391266, 94.5550079346, 15.6040344238, 46.1859321594, -35.2694664001, 64.5177230835, -23.4907550812], [-1000.23419189, 392.422943115, 118.841323853, -21.8105869293, 123.213317871, 2.87753391266, 176.602096558, 6.37429285049, 58.2728729248, -6.18643093109, 73.2607727051, -24.7599220276, 51.3170280457], [1175.76428223, -265.090057373, 26.340473175, 59.3011741638, 12.2700080872, 94.5550079346, 6.37429285049, 126.866188049, 23.6599845886, 57.6618461609, -12.7764358521, 46.354549408, -17.2576770782], [-307.258758545, 105.925300598, 45.0061340332, -2.82039117813, 40.3692245483, 15.6040344238, 58.2728729248, 23.6599845886, 108.874343872, 26.4759235382, 51.2823524475, 16.1417236328, 15.3390665054], [571.428344727, -189.058105469, 43.6789932251, 26.7416858673, 0.743468105793, 46.1859321594, -6.18643093109, 57.6618461609, 26.4759235382, 91.4706039429, 18.442609787, 53.6057853699, -9.32308387756], [-1266.0333252, 296.194488525, 34.8427391052, -57.858417511, 31.4393215179, -35.2694664001, 73.2607727051, -12.7764358521, 51.2823524475, 18.442609787, 128.484832764, 1.28172981739, 60.7979125977], [1044.91186523, -267.115661621, 21.2422618866, 68.4462738037, 4.06530380249, 64.5177230835, -24.7599220276, 46.354549408, 16.1417236328, 53.6057853699, 1.28172981739, 113.349586487, -7.67555999756], [-806.402282715, 249.247390747, -44.5705566406, -40.3695220947, 27.8743343353, -23.4907550812, 51.3170280457, -17.2576770782, 15.3390665054, -9.32308387756, 60.7979125977, -7.67555999756, 106.464073181]],
        "icov": [[0.000122928802739, -0.000100608966022, 0.000282846129267, -0.000659676326904, 6.01525971433e-05, -0.000404333026381, 0.000130711414386, -0.00041676487308, 0.000155646936037, -0.000318988371873, 0.000653610622976, -0.000453460321296, 0.000343095191056], [-0.000100608966022, 0.00164284766652, 0.00017575561651, 0.00121156137902, -0.000889833434485, 0.000299162347801, -0.00198962818831, 0.00216001016088, -0.000472520943731, 0.00126455374993, -0.00223423051648, 0.0020138756372, -0.000867163238581], [0.000282846129267, 0.00017575561651, 0.00248378375545, -0.000839512737002, -0.00138187326957, -0.000381613790523, -0.00103774061427, -0.000579291605391, 0.000518635089975, -0.00125192699488, 0.00099628942553, -0.0012123810593, 0.00229560770094], [-0.000659676326904, 0.00121156137902, -0.000839512737002, 0.00788938906044, -0.00136593391653, -0.000858075218275, -0.00162024446763, 0.00385586451739, -0.00082992418902, 0.00236857240088, -0.0036200156901, 0.00190159934573, -0.00108735950198], [6.01525971433e-05, -0.000889833434485, -0.00138187326957, -0.00136593391653, 0.00765350135043, -0.00196620891802, -0.00311193126254, 0.00011723699572, -1.39104167829e-05, -0.000204597876291, 0.00224070390686, -0.00143660139292, -0.000875353813171], [-0.000404333026381, 0.000299162347801, -0.000381613790523, -0.000858075218275, -0.00196620891802, 0.0129308206961, -0.00103857764043, -0.00442648632452, -0.000698932213709, 0.000393595633795, -8.1527956354e-05, -0.000836003862787, -0.000975648756139], [0.000130711414386, -0.00198962818831, -0.00103774061427, -0.00162024446763, -0.00311193126254, -0.00103857764043, 0.0162178166211, -0.00507166236639, -0.00283951126039, 0.00116882438306, -0.00212491909042, 0.00136380805634, -0.00163119437639], [-0.00041676487308, 0.00216001016088, -0.000579291605391, 0.00385586451739, 0.00011723699572, -0.00442648632452, -0.00507166236639, 0.0194742307067, -0.00222502439283, -0.00505462940782, -0.00126489636023, 0.00276904529892, -0.00160017970484], [0.000155646936037, -0.000472520943731, 0.000518635089975, -0.00082992418902, -1.39104167829e-05, -0.000698932213709, -0.00283951126039, -0.00222502439283, 0.0139221632853, -0.00230227434076, -0.00302800000645, -0.0021526706405, 0.002411541529], [-0.000318988371873, 0.00126455374993, -0.00125192699488, 0.00236857240088, -0.000204597876291, 0.000393595633795, 0.00116882438306, -0.00505462940782, -0.00230227434076, 0.0230126287788, -0.00828282162547, -0.00359224248677, 0.000573016994167], [0.000653610622976, -0.00223423051648, 0.00099628942553, -0.0036200156901, 0.00224070390686, -8.1527956354e-05, -0.00212491909042, -0.00126489636023, -0.00302800000645, -0.00828282162547, 0.0223302692175, -0.00544657791033, -0.00399342179298], [-0.000453460321296, 0.0020138756372, -0.0012123810593, 0.00190159934573, -0.00143660139292, -0.000836003862787, 0.00136380805634, 0.00276904529892, -0.0021526706405, -0.00359224248677, -0.00544657791033, 0.0183484759182, -0.00352403661236], [0.000343095191056, -0.000867163238581, 0.00229560770094, -0.00108735950198, -0.000875353813171, -0.000975648756139, -0.00163119437639, -0.00160017970484, 0.002411541529, 0.000573016994167, -0.00399342179298, -0.00352403661236, 0.0168404169381]]
    },
    "melbands": {
        "dmean": [0.00113847164903, 0.000919700367376, 0.000717188580893, 0.00024202161876, 0.000130914020701, 0.000141091179103, 0.000147598693729, 9.41735343076e-05, 7.31024483684e-05, 6.95722483215e-05, 7.60716284276e-05, 6.11644645687e-05, 3.31625524268e-05, 3.36357188644e-05, 2.02513947443e-05, 2.49849945249e-05, 3.00813499052e-05, 2.40003791987e-05, 2.44683578785e-05, 1.61173138622e-05, 1.73396456375e-05, 1.58981893037e-05, 1.52632237587e-05, 1.18670259326e-05, 1.13315027193e-05, 1.47802938955e-05, 1.06773350126e-05, 1.0802153156e-05, 1.25183969431e-05, 8.94673848961e-06, 6.78391234032e-06, 6.65135439704e-06, 5.91226762481e-06, 5.86444230066e-06, 4.85837063025e-06, 3.86141755371e-06, 2.62609819401e-06, 2.19631488108e-06, 2.3093789423e-06, 1.9546432668e-06],
        "dmean2": [0.00170790357515, 0.0013354762923, 0.00127594184596, 0.000444824487204, 0.00022994018218, 0.000228563774726, 0.000235473620705, 0.00015072277165, 0.000120999909996, 0.000114559523354, 0.000125705206301, 9.69397951849e-05, 5.53117679374e-05, 5.64645051782e-05, 3.37719357049e-05, 4.27402883361e-05, 5.20387329743e-05, 4.15907561546e-05, 4.31095249951e-05, 2.785410652e-05, 2.98700961139e-05, 2.8043785278e-05, 2.68107360171e-05, 2.07212051464e-05, 1.98450998141e-05, 2.63793353952e-05, 1.85558637895e-05, 1.88772173715e-05, 2.20962829189e-05, 1.57166541612e-05, 1.16315331979e-05, 1.14817721624e-05, 9.92846162262e-06, 1.01815912785e-05, 8.54879453982e-06, 6.84879933033e-06, 4.59098191641e-06, 3.78393610845e-06, 4.05407217841e-06, 3.36732364303e-06],
        "dvar": [5.40185192222e-06, 3.70969405594e-06, 5.84903773415e-06, 7.87893611687e-07, 1.15442048809e-07, 1.13571793747e-07, 8.7446345276e-08, 2.8655067652e-08, 2.65103885511e-08, 2.15859721209e-08, 1.29396529047e-08, 9.67324886858e-09, 2.9520099698e-09, 2.45268538812e-09, 7.67242991362e-10, 1.90722837523e-09, 2.52714338345e-09, 1.5115779739e-09, 2.39190023343e-09, 9.93427451412e-10, 1.19208765081e-09, 1.41822109612e-09, 1.10420950161e-09, 6.71199151814e-10, 5.7051202651e-10, 1.28205457361e-09, 7.10109471225e-10, 6.05742622728e-10, 1.21544641019e-09, 4.82975881511e-10, 2.35876262966e-10, 3.69097225006e-10, 2.87039086944e-10, 2.28811400382e-10, 1.41180886426e-10, 1.04357279762e-10, 4.01729344235e-11, 2.47235374534e-11, 3.17219236989e-11, 2.11357077673e-11],
        "dvar2": [1.17609097288e-05, 7.19975787433e-06, 1.59901737788e-05, 2.29893703363e-06, 3.36353394914e-07, 2.87912371277e-07, 2.11647176229e-07, 7.07296194946e-08, 7.08734972932e-08, 5.412469406e-08, 3.2276762596e-08, 2.32091252883e-08, 7.64237118034e-09, 6.61330279428e-09, 2.03547978472e-09, 5.16366549519e-09, 6.97385660331e-09, 4.05921030122e-09, 6.52317000416e-09, 2.66225907986e-09, 3.2551614737e-09, 3.97786825701e-09, 3.1058544625e-09, 1.83159787337e-09, 1.56429857956e-09, 3.59540419659e-09, 1.95147387139e-09, 1.64913338541e-09, 3.40388428555e-09, 1.36715150312e-09, 6.46173281549e-10, 1.03054598188e-09, 7.65464636121e-10, 6.34244601283e-10, 4.01847805032e-10, 2.94129359757e-10, 1.1079553941e-10, 6.73728434153e-11, 8.79873465753e-11, 5.73469570442e-11],
        "max": [0.0530445277691, 0.0206270422786, 0.0194749440998, 0.00909207761288, 0.0041037471965, 0.00664554024115, 0.00602768128738, 0.00307622528635, 0.00252463575453, 0.00248370273039, 0.00204256991856, 0.00237873801962, 0.000861768145114, 0.00073496683035, 0.000389690045267, 0.000835167476907, 0.00103515456431, 0.000506989250425, 0.000869885552675, 0.00034265188151, 0.000456847861642, 0.000509043224156, 0.000374708237359, 0.000291709613521, 0.000255096878391, 0.000350113841705, 0.000316837598803, 0.000269233103609, 0.000420019292505, 0.000263972760877, 0.000188876743778, 0.000249295611866, 0.000206290016649, 0.000158095746883, 0.00012123745546, 0.000136262664455, 7.228335744e-05, 5.09398378199e-05, 5.97197540628e-05, 6.17256446276e-05],
        "mean": [0.0025450324174, 0.00150431285147, 0.000626412278507, 0.000241680943873, 0.000186270131962, 0.000230771969655, 0.000257553969277, 0.000172853135155, 0.000106806110125, 0.000105274884845, 0.00011957960669, 0.000110985194624, 5.59109430469e-05, 5.60174776183e-05, 3.52776150976e-05, 4.11582441302e-05, 4.37887138105e-05, 3.65941486962e-05, 3.41557642969e-05, 2.18358982238e-05, 2.46507279371e-05, 2.07238645089e-05, 2.10397247429e-05, 1.59338724188e-05, 1.56788028107e-05, 1.77982910827e-05, 1.40586498674e-05, 1.44781897689e-05, 1.43484048749e-05, 1.14383865366e-05, 9.23232255445e-06, 8.58327348396e-06, 8.12243160908e-06, 7.22933009456e-06, 5.99930990575e-06, 4.75415026813e-06, 3.27462248606e-06, 2.85714281745e-06, 2.66543634098e-06, 2.11021711038e-06],
        "median": [0.00207639671862, 0.000746682868339, 0.000178663685801, 0.000106470499304, 0.000107532592665, 0.000118866737466, 0.000132768880576, 7.73680803832e-05, 4.16847906308e-05, 4.65435259684e-05, 7.41387484595e-05, 6.6490349127e-05, 2.97175974993e-05, 3.51614326064e-05, 2.50794546446e-05, 2.32499587582e-05, 2.3830551072e-05, 2.20697202167e-05, 1.83981828741e-05, 1.03717411548e-05, 1.33742241815e-05, 1.04163682408e-05, 9.91433444142e-06, 6.38762594463e-06, 5.98688438913e-06, 6.05210288995e-06, 4.95344829687e-06, 4.40993198936e-06, 4.35882066085e-06, 3.19650280289e-06, 2.32956108448e-06, 2.18274203689e-06, 2.22506650971e-06, 1.80698498298e-06, 1.47735238443e-06, 1.0868834579e-06, 8.7131491e-07, 7.01450858287e-07, 5.15327087669e-07, 3.55876579761e-07],
        "min": [2.57508989418e-24, 8.6693005139e-24, 1.28122078726e-23, 7.04789474197e-24, 4.08352979841e-24, 7.81831839011e-24, 6.27562358158e-24, 5.29566388309e-24, 6.95753782502e-24, 5.9563490907e-24, 6.90985828305e-24, 1.38800786248e-23, 1.02905098595e-23, 5.94663505752e-24, 8.17901715041e-24, 8.02961320585e-24, 4.70869102174e-24, 6.71190231635e-24, 5.75279339487e-24, 7.58264225037e-24, 5.91004887202e-24, 8.65176886914e-24, 9.5327947605e-24, 7.7728531807e-24, 5.7987031274e-24, 9.83953622375e-24, 8.32957204304e-24, 1.08062260985e-23, 7.39475767085e-24, 6.27886382775e-24, 1.05406024322e-23, 1.10178333032e-23, 9.4163991228e-24, 8.77963691099e-24, 9.34392094941e-24, 1.13908327716e-23, 8.58884380131e-24, 9.93046822029e-24, 7.90889618811e-24, 7.2391872006e-24],
        "var": [1.01160994745e-05, 7.05953607394e-06, 4.04007914767e-06, 4.5597710141e-07, 1.00092364619e-07, 1.56381261718e-07, 1.49571064867e-07, 6.22517219995e-08, 3.91512209319e-08, 3.81374150038e-08, 2.2486075224e-08, 2.42457538491e-08, 6.09099704008e-09, 4.78910688884e-09, 1.50861834136e-09, 4.06426892141e-09, 4.03097288881e-09, 2.31199948075e-09, 3.12119130541e-09, 1.20072007892e-09, 1.31513389068e-09, 1.24800048074e-09, 1.10054332314e-09, 6.94448776262e-10, 6.3489541402e-10, 1.11992892737e-09, 6.48793962998e-10, 6.30691943115e-10, 9.89155757303e-10, 4.64307897685e-10, 2.75062694843e-10, 3.45286910175e-10, 2.97836089125e-10, 2.18219484149e-10, 1.36688479979e-10, 9.70778249454e-11, 4.0534575696e-11, 2.72772238824e-11, 2.86767068425e-11, 1.85994327578e-11]
    },
    "mfcc": {
        "mean": [-680.866821289, 100.333106995, 5.10666179657, 17.3919525146, -0.891652107239, 8.87965106964, 4.07578659058, 5.95570707321, 3.85889339447, 6.66506004333, 3.65605950356, 4.5313706398, 4.23451519012],
        "cov": [[31303.8320312, -371.966217041, -1387.80810547, 969.24017334, 259.733642578, 729.349853516, 8.06869983673, 416.816711426, 253.57359314, 305.026367188, -29.3016281128, -47.6719932556, 56.7624511719], [-371.966217041, 1536.94311523, -210.973510742, 60.0832138062, -55.9732284546, 102.001930237, 111.973922729, 38.1738967896, 11.8324270248, 27.5689296722, -1.05191481113, -3.32224297523, -23.3951644897], [-1387.80810547, -210.973510742, 491.880462646, 8.31230354309, 50.2303237915, -12.6021137238, 17.3500213623, 3.49292230606, 9.01455688477, -0.35972070694, 27.5887145996, 34.8780021667, 31.9512424469], [969.24017334, 60.0832138062, 8.31230354309, 250.43838501, 75.3973999023, 110.042694092, 34.5443878174, 53.6270599365, 22.1122894287, 27.0694026947, 6.87168884277, 6.97218799591, 26.0012931824], [259.733642578, -55.9732284546, 50.2303237915, 75.3973999023, 139.057006836, 68.2960205078, 41.4160690308, 39.4219093323, 38.5736999512, 19.5062904358, 15.6310071945, 10.7827301025, 13.2600021362], [729.349853516, 102.001930237, -12.6021137238, 110.042694092, 68.2960205078, 133.516311646, 53.7947273254, 51.7778625488, 31.3381519318, 23.3487205505, 9.42519664764, 7.01388883591, 10.7043046951], [8.06869983673, 111.973922729, 17.3500213623, 34.5443878174, 41.4160690308, 53.7947273254, 101.524040222, 43.0249404907, 32.2377891541, 21.0233058929, 13.2295608521, 11.3858299255, 7.4663643837], [416.816711426, 38.1738967896, 3.49292230606, 53.6270599365, 39.4219093323, 51.7778625488, 43.0249404907, 80.7251205444, 37.191570282, 27.2061710358, 16.852388382, 9.66199970245, 12.7328529358], [253.57359314, 11.8324270248, 9.01455688477, 22.1122894287, 38.5736999512, 31.3381519318, 32.2377891541, 37.191570282, 73.1207199097, 31.5421772003, 19.6164417267, 6.95118713379, 3.68628358841], [305.026367188, 27.5689296722, -0.35972070694, 27.0694026947, 19.5062904358, 23.3487205505, 21.0233058929, 27.2061710358, 31.5421772003, 71.7012863159, 30.6456127167, 16.8671283722, 8.40201473236], [-29.3016281128, -1.05191481113, 27.5887145996, 6.87168884277, 15.6310071945, 9.42519664764, 13.2295608521, 16.852388382, 19.6164417267, 30.6456127167, 58.7342376709, 30.4226760864, 16.2818717957], [-47.6719932556, -3.32224297523, 34.8780021667, 6.97218799591, 10.7827301025, 7.01388883591, 11.3858299255, 9.66199970245, 6.95118713379, 16.8671283722, 30.4226760864, 68.4920501709, 37.8956375122], [56.7624511719, -23.3951644897, 31.9512424469, 26.0012931824, 13.2600021362, 10.7043046951, 7.4663643837, 12.7328529358, 3.68628358841, 8.40201473236, 16.2818717957, 37.8956375122, 69.748626709]],
