{
"lowlevel": {
    "average_loudness": 0.87348741293,
    "barkbands_crest": {
        "dmean": 2.69759654999,
        "dmean2": 3.96923708916,
        "dvar": 6.08573484421,
        "dvar2": 12.0843811035,
        "max": 26.2634563446,
        "mean": 9.4804019928,
        "median": 8.14674377441,
        "min": 1.952080369,
        "var": 26.3199214935
    },
    "barkbands_flatness_db": {
        "dmean": 0.0248983390629,
        "dmean2": 0.0366916880012,
        "dvar": 0.000662823033053,
        "dvar2": 0.00119296391495,
        "max": 0.413748472929,
        "mean": 0.114010691643,
        "median": 0.0956493467093,
        "min": 0.0123655516654,
        "var": 0.00481104338542
    },
    "barkbands_kurtosis": {
        "dmean": 1.79819381237,
        "dmean2": 2.65748739243,
        "dvar": 50.0849380493,
        "dvar2": 122.57913208,
        "max": 364.46762085,
        "mean": 1.45917677879,
        "median": -0.253523588181,
        "min": -1.77138769627,
        "var": 60.6365966797
    },
    "barkbands_skewness": {
        "dmean": 0.478979974985,
        "dmean2": 0.697187006474,
        "dvar": 0.353677481413,
        "dvar2": 0.675467431545,
        "max": 18.4448223114,
        "mean": 0.958634734154,
        "median": 0.772067666054,
        "min": -2.29876232147,
        "var": 1.31866800785
    },
    "barkbands_spread": {
        "dmean": 7.49638366699,
        "dmean2": 11.4502696991,
        "dvar": 64.1871414185,
        "dvar2": 134.843673706,
        "max": 95.776008606,
        "mean": 37.4439239502,
        "median": 36.5712509155,
        "min": 0.986136317253,
        "var": 368.402496338
    },
    "dissonance": {
        "dmean": 0.0159590151161,
        "dmean2": 0.0269642397761,
        "dvar": 0.00023594252707,
        "dvar2": 0.000666330452077,
        "max": 0.500000059605,
        "mean": 0.47045353055,
        "median": 0.476245850325,
        "min": 0.313919782639,
        "var": 0.000571678043343
    },
    "dynamic_complexity": 3.609582901,
    "erbbands_crest": {
        "dmean": 2.202013731,
        "dmean2": 3.65863871574,
        "dvar": 4.21389627457,
        "dvar2": 10.9516782761,
        "max": 26.9466094971,
        "mean": 7.43180799484,
        "median": 6.77116012573,
        "min": 2.15020537376,
        "var": 11.0813388824
    },
    "erbbands_flatness_db": {
        "dmean": 0.0155001701787,
        "dmean2": 0.0238008275628,
        "dvar": 0.00027517878334,
        "dvar2": 0.000542966357898,
        "max": 0.364249557257,
        "mean": 0.143773540854,
        "median": 0.118947066367,
        "min": 0.0599533393979,
        "var": 0.00394186377525
    },
    "erbbands_kurtosis": {
        "dmean": 0.551375031471,
        "dmean2": 0.868042171001,
        "dvar": 0.703798472881,
        "dvar2": 1.64975774288,
        "max": 47.1351242065,
        "mean": -0.124948173761,
        "median": -0.376093387604,
        "min": -1.77162468433,
        "var": 1.33421623707
    },
    "erbbands_skewness": {
        "dmean": 0.266695648432,
        "dmean2": 0.416689872742,
        "dvar": 0.0539803393185,
        "dvar2": 0.121038615704,
        "max": 5.32437324524,
        "mean": 0.139007419348,
        "median": 0.113675035536,
        "min": -1.84812474251,
        "var": 0.242147535086
    },
    "erbbands_spread": {
        "dmean": 7.86201953888,
        "dmean2": 11.5304470062,
        "dvar": 54.1090126038,
        "dvar2": 102.815635681,
        "max": 122.135253906,
        "mean": 42.4037055969,
        "median": 42.2013549805,
        "min": 5.1462635994,
        "var": 275.929443359
    },
    "hfc": {
        "dmean": 22.7599086761,
        "dmean2": 35.4401817322,
        "dvar": 1369.38317871,
        "dvar2": 2961.10839844,
        "max": 305.31539917,
        "mean": 49.9776725769,
        "median": 37.186290741,
        "min": 1.15915042699e-16,
        "var": 2791.66381836
    },
    "melbands_crest": {
        "dmean": 4.11083841324,
        "dmean2": 6.25561666489,
        "dvar": 13.0882415771,
        "dvar2": 28.5661678314,
        "max": 34.1261062622,
        "mean": 14.9649457932,
        "median": 13.9039583206,
        "min": 1.80463647842,
        "var": 46.2593345642
    },
    "melbands_flatness_db": {
        "dmean": 0.0307264178991,
        "dmean2": 0.0452825315297,
        "dvar": 0.00102285388857,
        "dvar2": 0.00188627501484,
        "max": 0.520725607872,
        "mean": 0.146273910999,
        "median": 0.135098129511,
        "min": 0.00553745497018,
        "var": 0.00502012437209
    },
    "melbands_kurtosis": {
        "dmean": 5.76872301102,
        "dmean2": 8.27878379822,
        "dvar": 323.143188477,
        "dvar2": 724.872070312,
        "max": 863.09576416,
        "mean": 9.65560436249,
        "median": 3.60659575462,
        "min": -1.43947792053,
        "var": 541.215820312
    },
    "melbands_skewness": {
        "dmean": 0.659632027149,
        "dmean2": 0.936579108238,
        "dvar": 0.720908224583,
        "dvar2": 1.26773917675,
        "max": 21.0218677521,
        "mean": 2.24995207787,
        "median": 1.79260659218,
        "min": -0.800799071789,
        "var": 3.10500717163
    },
    "melbands_spread": {
        "dmean": 12.1666908264,
        "dmean2": 18.6568927765,
        "dvar": 185.576477051,
        "dvar2": 397.423522949,
        "max": 165.680252075,
        "mean": 41.2472305298,
        "median": 36.1783218384,
        "min": 0.522880136967,
        "var": 660.230773926
    },
    "pitch_salience": {
        "dmean": 0.0878701880574,
        "dmean2": 0.133962512016,
        "dvar": 0.00717648118734,
        "dvar2": 0.01519714389,
        "max": 0.933876276016,
        "mean": 0.534887433052,
        "median": 0.549500346184,
        "min": 0.0565249621868,
        "var": 0.0237454343587
    },
    "silence_rate_20dB": {
        "dmean": 0,
        "dmean2": 0,
        "dvar": 0,
        "dvar2": 0,
        "max": 1,
        "mean": 1,
        "median": 1,
        "min": 1,
        "var": 0
    },
    "silence_rate_30dB": {
        "dmean": 0.000291417760309,
        "dmean2": 0.000582920445595,
        "dvar": 0.000291356234811,
        "dvar2": 0.000874134362675,
        "max": 1,
        "mean": 0.999854326248,
        "median": 1,
        "min": 0,
        "var": 0.000145651923958
    },
    "silence_rate_60dB": {
        "dmean": 0.038467142731,
        "dmean2": 0.0769454985857,
        "dvar": 0.0369877777994,
        "dvar2": 0.0812255889177,
        "max": 1,
        "mean": 0.156177163124,
        "median": 0,
        "min": 0,
        "var": 0.13180243969
    },
    "spectral_centroid": {
        "dmean": 314.347503662,
        "dmean2": 487.581970215,
        "dvar": 110374.179688,
        "dvar2": 261991.578125,
        "max": 11755.7265625,
        "mean": 2080.73291016,
        "median": 2108.2434082,
        "min": 186.32333374,
        "var": 428656.53125
    },
    "spectral_complexity": {
        "dmean": 6.73932695389,
        "dmean2": 10.4788694382,
        "dvar": 55.2041320801,
        "dvar2": 117.916488647,
        "max": 61,
        "mean": 22.2601985931,
        "median": 20,
        "min": 0,
        "var": 185.906738281
    },
    "spectral_decrease": {
        "dmean": 1.84059301134e-09,
        "dmean2": 2.3324380205e-09,
        "dvar": 4.88631056113e-18,
        "dvar2": 7.221874873e-18,
        "max": 3.74503728163e-29,
        "mean": -6.59995347263e-09,
        "median": -5.5609734595e-09,
        "min": -2.77807519211e-08,
        "var": 3.34523254809e-17
    },
    "spectral_energy": {
        "dmean": 0.008021408692,
        "dmean2": 0.0105643188581,
        "dvar": 9.10723611014e-05,
        "dvar2": 0.000157079193741,
        "max": 0.109062314034,
        "mean": 0.0294428952038,
        "median": 0.0254875700921,
        "min": 1.03803735175e-20,
        "var": 0.000596738245804
    },
    "spectral_energyband_high": {
        "dmean": 0.0023580363486,
        "dmean2": 0.00369170075282,
        "dvar": 1.63244330906e-05,
        "dvar2": 3.5363715142e-05,
        "max": 0.0339548736811,
        "mean": 0.00418196991086,
        "median": 0.00218377378769,
        "min": 7.36835525997e-21,
        "var": 2.91358101094e-05
    },
    "spectral_energyband_low": {
        "dmean": 0.0054292306304,
        "dmean2": 0.00730773992836,
        "dvar": 0.000112733549031,
        "dvar2": 0.00019588523719,
        "max": 0.0943907797337,
        "mean": 0.0117285279557,
        "median": 0.00362301710993,
        "min": 5.18482963588e-23,
        "var": 0.00033271801658
    },
    "spectral_energyband_middle_high": {
        "dmean": 0.0021215241868,
        "dmean2": 0.00348672410473,
        "dvar": 7.13217923476e-06,
        "dvar2": 1.80283532245e-05,
        "max": 0.0292595885694,
        "mean": 0.00720890099183,
        "median": 0.00737188616768,
        "min": 1.48135476421e-21,
        "var": 2.79053565464e-05
    },
    "spectral_energyband_middle_low": {
        "dmean": 0.004361809697,
        "dmean2": 0.00707972794771,
        "dvar": 6.28793495707e-05,
        "dvar2": 0.00015533491387,
        "max": 0.0688897296786,
        "mean": 0.00701902387664,
        "median": 0.00479526724666,
        "min": 2.59963444139e-22,
        "var": 6.95818089298e-05
    },
    "spectral_entropy": {
        "dmean": 0.189025834203,
        "dmean2": 0.297634154558,
        "dvar": 0.0394032225013,
        "dvar2": 0.0864096209407,
        "max": 9.80183792114,
        "mean": 7.90856981277,
        "median": 8.05039405823,
        "min": 5.2291431427,
        "var": 0.284816741943
    },
    "spectral_flux": {
        "dmean": 0.0281885191798,
        "dmean2": 0.0372217968106,
        "dvar": 0.000890838040505,
        "dvar2": 0.00130861252546,
        "max": 0.324825793505,
        "mean": 0.0975602269173,
        "median": 0.0915809348226,
        "min": 6.9580306794e-11,
        "var": 0.00434714602306
    },
    "spectral_kurtosis": {
        "dmean": 0.987548530102,
        "dmean2": 1.59584343433,
        "dvar": 1.92816329002,
        "dvar2": 5.02528190613,
        "max": 27.5647830963,
        "mean": 3.18727827072,
        "median": 2.26952910423,
        "min": -1.21293187141,
        "var": 9.52005958557
    },
    "spectral_rms": {
        "dmean": 0.000699320225976,
        "dmean2": 0.00095053750556,
        "dvar": 5.40357405043e-07,
        "dvar2": 9.74709678303e-07,
        "max": 0.0103151472285,
        "mean": 0.00477058952674,
        "median": 0.00498657394201,
        "min": 3.18232528003e-12,
        "var": 5.96631070948e-06
    },
    "spectral_rolloff": {
        "dmean": 1227.42004395,
        "dmean2": 1987.39221191,
        "dvar": 2337333.5,
        "dvar2": 4930877,
        "max": 18949.21875,
        "mean": 3540.88452148,
        "median": 2627.05078125,
        "min": 64.599609375,
        "var": 7936745.5
    },
    "spectral_skewness": {
        "dmean": 0.157003074884,
        "dmean2": 0.247765660286,
        "dvar": 0.0253955032676,
        "dvar2": 0.0601082667708,
        "max": 4.14024066925,
        "mean": 1.37245023251,
        "median": 1.28942751884,
        "min": -0.0746430829167,
        "var": 0.184476539493
    },
    "spectral_spread": {
        "dmean": 628701.3125,
        "dmean2": 918976.75,
        "dvar": 635706212352,
        "dvar2": 996372316160,
        "max": 40752440,
        "mean": 6104596.5,
        "median": 6479056,
        "min": 1478367.25,
        "var": 3.61599152947e+12
    },
    "spectral_strongpeak": {
        "dmean": 0.442021161318,
        "dmean2": 0.748207807541,
        "dvar": 0.46503674984,
        "dvar2": 1.20897328854,
        "max": 7.97583293915,
        "mean": 0.763380587101,
        "median": 0.459090977907,
        "min": 0,
        "var": 0.676105260849
    },
    "zerocrossingrate": {
        "dmean": 0.0188065469265,
        "dmean2": 0.0230102725327,
        "dvar": 0.000406795181334,
        "dvar2": 0.00050164986169,
        "max": 0.73291015625,
        "mean": 0.110619105399,
        "median": 0.09375,
        "min": 0.00537109375,
        "var": 0.00530111836269
    },
    "barkbands": {
        "dmean": [0.000160315292305, 0.00426161848009, 0.00322271999903, 0.00165321468376, 0.00153441017028, 0.00061360973632, 0.000922135834116, 0.000641275953967, 0.000797442509793, 0.000579259649385, 0.000535733241122, 0.000326134177158, 0.000586719659623, 0.000251090939855, 0.00043711613398, 0.000320366059896, 0.000326095614582, 0.0002319636842, 0.000298827479128, 0.000280523003312, 0.000378697004635, 0.00041495313053, 0.000462767406134, 0.000476718094433, 0.000429407169577, 0.000234711435041, 5.59926738788e-05],
        "dmean2": [0.000214247134863, 0.00557647831738, 0.0055094640702, 0.00301462085918, 0.00265609449707, 0.00101968960371, 0.00147412612569, 0.00109015661292, 0.00130129081663, 0.000943781808019, 0.000884304288775, 0.000550975324586, 0.000954934221227, 0.000411906337831, 0.000725429330487, 0.000511962629389, 0.000541411340237, 0.000389215332689, 0.000499180459883, 0.000456993788248, 0.00064254750032, 0.000675170915201, 0.000733244640287, 0.000745666096918, 0.000674548151437, 0.000361689046258, 9.40007957979e-05],
        "dvar": [9.05293262576e-08, 6.45594627713e-05, 9.9201402918e-05, 2.85104179056e-05, 1.50993309944e-05, 1.71910653535e-06, 2.39143923864e-06, 1.42867054365e-06, 1.62969342909e-06, 9.19597084703e-07, 6.8748937565e-07, 4.44995890803e-07, 7.36045933536e-07, 1.98544185537e-07, 3.23773662103e-07, 1.8351396136e-07, 1.79880217388e-07, 1.17641626218e-07, 2.09089535019e-07, 1.81282629796e-07, 5.33060415364e-07, 5.3653775467e-07, 7.4281444995e-07, 6.25191091785e-07, 5.24043230143e-07, 1.67292597553e-07, 1.18215455203e-08],
        "dvar2": [1.63021624644e-07, 0.000114805639896, 0.000256345927482, 8.01759379101e-05, 4.2144980398e-05, 4.4592679842e-06, 5.49568767383e-06, 3.58148577106e-06, 4.05739865528e-06, 2.21781738219e-06, 1.69254519733e-06, 1.05253548099e-06, 1.79265407496e-06, 4.56901545931e-07, 8.33586796034e-07, 4.38797286506e-07, 4.54472314004e-07, 3.00630375705e-07, 5.41580618574e-07, 4.42950522483e-07, 1.4284273675e-06, 1.32642685458e-06, 1.51208337229e-06, 1.22641017697e-06, 1.11692600058e-06, 3.7944019482e-07, 3.0378291882e-08],
        "max": [0.00337371882051, 0.0766029506922, 0.0733968019485, 0.0418724641204, 0.0311838220805, 0.0233226753771, 0.0233391541988, 0.0165484119207, 0.0166820660233, 0.0146352602169, 0.0111879222095, 0.00900052022189, 0.0133891440928, 0.00760125368834, 0.00761872390285, 0.00494509516284, 0.00502259097993, 0.0042178304866, 0.00585246086121, 0.00626838207245, 0.00907923281193, 0.00652238214388, 0.00769407395273, 0.00774618657306, 0.00592730334029, 0.00352542381734, 0.000950466550421],
        "mean": [0.000266361719696, 0.00834878254682, 0.00250807730481, 0.00115832942538, 0.00144430901855, 0.000703237485141, 0.00138773699291, 0.000844240596052, 0.00134426809382, 0.00098695862107, 0.00075320265023, 0.000501383910887, 0.00121687736828, 0.000429492938565, 0.000870015472174, 0.000570595089812, 0.000681511242874, 0.000388170330552, 0.000584915222134, 0.000532242760528, 0.00058050948428, 0.000682252866682, 0.000745660508983, 0.000808531185612, 0.00067035050597, 0.000370254012523, 6.46392072667e-05],
        "median": [2.23185852519e-05, 0.00136291689705, 9.20123711694e-05, 6.73340109643e-05, 0.00024832363124, 0.000192518054973, 0.000601417094003, 0.000179269132786, 0.000507994554937, 0.000335554243065, 0.000302195316181, 9.77216550382e-05, 0.000566375209019, 0.000153948945808, 0.000456954119727, 0.000316074554576, 0.000370378955267, 0.00022389543301, 0.000351365684764, 0.000347897061147, 0.000322410458466, 0.000299238425214, 0.000337300647516, 0.000357291457476, 0.000310463947244, 0.000208981626201, 2.38784814428e-05],
        "min": [1.44858804127e-24, 1.79951715369e-23, 9.26153073874e-24, 1.02052734387e-23, 3.25047737859e-23, 1.23264470487e-23, 1.6627668536e-23, 2.27783207729e-23, 4.95493947533e-23, 5.23111210519e-23, 5.60009011846e-23, 9.09008333836e-23, 7.74315067435e-23, 1.02479525491e-22, 1.02694922384e-22, 8.50749693808e-23, 1.06732022196e-22, 2.03238021544e-22, 1.98346945093e-22, 2.47641992157e-22, 3.56964936488e-22, 4.11402599349e-22, 4.36277390553e-22, 6.91308977286e-22, 1.17894764987e-21, 1.47707527584e-21, 2.29497302764e-21],
        "var": [2.35510057678e-07, 0.000188738340512, 7.2490722232e-05, 1.72319923877e-05, 1.07994264908e-05, 1.95103643819e-06, 4.06459639635e-06, 2.37289577854e-06, 3.86048986911e-06, 2.28019075621e-06, 1.26010161239e-06, 1.12673671993e-06, 2.4141124868e-06, 5.83234736951e-07, 9.81913444775e-07, 4.27001026537e-07, 6.14917610164e-07, 2.07345323133e-07, 4.3989734877e-07, 3.42042454804e-07, 6.10125027833e-07, 8.93931201063e-07, 1.23362303839e-06, 1.26113286569e-06, 8.93141987035e-07, 2.4910119123e-07, 1.21251915175e-08]
    },
    "erbbands": {
        "dmean": [0.117026031017, 1.08918082714, 3.34326767921, 4.38037252426, 5.99084424973, 4.61198329926, 4.06303453445, 5.70294809341, 10.3701152802, 17.0863418579, 12.3935098648, 19.8256435394, 11.2930593491, 22.4597110748, 19.8121337891, 13.9041643143, 27.3501968384, 13.8021192551, 18.3608436584, 21.0138053894, 14.3961963654, 15.8460416794, 12.8503751755, 13.5287866592, 15.149553299, 13.8712806702, 13.4849462509, 16.1026535034, 15.1198730469, 13.1502046585, 14.1678962708, 9.77026081085, 8.45544624329, 5.14547681808, 2.81755876541, 1.14884698391, 0.41089823842, 0.118444025517, 0.0071174968034, 0.000124314465211],
        "dmean2": [0.139885440469, 1.33239686489, 5.25072002411, 7.53185415268, 10.8856811523, 7.88229656219, 6.76842927933, 9.41066551208, 16.3671360016, 28.150686264, 20.7808494568, 32.0629615784, 18.8475723267, 36.8020973206, 32.695438385, 22.6884784698, 44.657497406, 22.3736591339, 30.4324989319, 34.9320526123, 23.9448356628, 26.080696106, 21.361825943, 22.9579753876, 25.1012191772, 22.7330570221, 22.3063659668, 27.5143470764, 25.6769542694, 20.7903900146, 22.3334140778, 15.2744932175, 13.2637224197, 8.0878944397, 4.43219566345, 1.79202282429, 0.635523974895, 0.1926651299, 0.0117842722684, 0.000199253772735],
        "dvar": [0.0306325796992, 4.69082355499, 90.908821106, 174.206207275, 347.428405762, 115.363937378, 71.9743804932, 150.304428101, 365.56137085, 1053.01843262, 520.473327637, 1019.81262207, 438.139312744, 1226.85095215, 963.960754395, 652.086791992, 1667.54504395, 530.078674316, 773.939697266, 915.869567871, 426.650878906, 438.314727783, 326.698669434, 447.667236328, 583.432312012, 439.36730957, 548.086853027, 1001.0100708, 752.320617676, 549.14074707, 696.666259766, 273.437103271, 210.822875977, 73.783706665, 21.8665332794, 3.94761824608, 0.507311344147, 0.0532373078167, 0.00017554355145, 4.9818460468e-08],
        "dvar2": [0.0426938347518, 8.09750080109, 214.662719727, 457.05960083, 987.650756836, 315.237243652, 196.273498535, 382.362243652, 826.746337891, 2635.14941406, 1250.1517334, 2480.21557617, 1058.57958984, 3018.93798828, 2411.27416992, 1464.76184082, 4141.67041016, 1211.36364746, 2047.0435791, 2373.45874023, 1100.80310059, 1096.99084473, 827.023071289, 1170.54748535, 1477.25109863, 1090.0847168, 1418.16259766, 2700.29785156, 1965.91906738, 1227.69311523, 1378.81726074, 560.280761719, 405.843048096, 160.29296875, 48.1128349304, 8.81964206696, 1.12210071087, 0.13442067802, 0.000434271496488, 1.20123104352e-07],
        "max": [2.25698542595, 20.9668540955, 72.7985229492, 96.1351318359, 149.432662964, 77.3534698486, 113.660331726, 227.382110596, 355.150970459, 530.013427734, 294.007751465, 480.393737793, 333.252502441, 512.469177246, 468.183532715, 337.312774658, 645.264709473, 386.456298828, 486.63861084, 386.636016846, 209.770828247, 247.854919434, 218.556610107, 363.808227539, 319.225280762, 328.335144043, 269.042724609, 350.769500732, 245.985671997, 237.480941772, 278.476806641, 185.854934692, 126.096824646, 78.6447296143, 37.4932060242, 17.4886856079, 6.19445180893, 2.22606682777, 0.126379311085, 0.00191784685012],
        "mean": [0.263301789761, 1.76251637936, 3.14655470848, 3.44467902184, 4.45351219177, 4.64838218689, 4.69893693924, 6.83235454559, 15.9003753662, 22.9707012177, 19.9743595123, 34.6626167297, 18.3429775238, 37.2029762268, 31.1028575897, 27.5011787415, 58.516746521, 27.6128673553, 36.576751709, 44.4001693726, 27.5598773956, 33.7333030701, 26.8149356842, 26.5651569366, 28.6731548309, 27.1120548248, 23.8019142151, 23.0129432678, 23.9073543549, 21.9858570099, 22.662437439, 17.4119701385, 13.1007661819, 7.99470806122, 4.3379778862, 1.82430374622, 0.646874845028, 0.154405087233, 0.00875704549253, 0.000198078065296],
        "median": [0.0436296500266, 0.211335375905, 0.325065970421, 0.482021510601, 0.52328813076, 0.895192503929, 1.09305787086, 2.27537488937, 6.66599559784, 9.46626472473, 6.72485208511, 14.1483020782, 8.1405878067, 17.4324111938, 14.1194067001, 10.3187685013, 27.3492164612, 13.9166145325, 18.16015625, 24.5383682251, 18.0810108185, 21.0155296326, 18.4926891327, 17.9776821136, 18.4796600342, 18.3524551392, 13.5497531891, 12.0084314346, 10.988615036, 10.2422657013, 9.72855091095, 7.77914810181, 5.43167114258, 3.56294584274, 2.12111282349, 1.01868188381, 0.369162738323, 0.0796057358384, 0.00371786346659, 0.000124195968965],
        "min": [4.70031297183e-22, 4.17799516605e-21, 1.83463247647e-20, 1.47092099958e-20, 2.73913460458e-20, 1.16216329898e-19, 1.77028606431e-19, 9.74367773658e-20, 1.99420230517e-19, 2.41381203061e-19, 8.69750635597e-19, 8.78206075819e-19, 1.23071643509e-18, 1.67108330157e-18, 2.35804170425e-18, 3.65958765064e-18, 4.08990975276e-18, 6.09721901907e-18, 3.58133760546e-18, 6.93742069524e-18, 5.34924467248e-18, 6.48869589244e-18, 1.05699909727e-17, 1.23211149587e-17, 9.09571854748e-18, 1.10268453066e-17, 1.52096064967e-17, 1.30069064163e-17, 1.36751732255e-17, 1.61530258376e-17, 1.15824459804e-17, 1.2840436318e-17, 1.32679886059e-17, 1.1730708179e-17, 8.45620949949e-18, 5.26372660485e-18, 2.84456307757e-18, 1.26007938228e-18, 3.15432040009e-19, 3.45511403159e-20],
        "var": [0.15102660656, 11.4524011612, 85.1016159058, 125.180633545, 209.193618774, 93.8742141724, 72.3348999023, 181.013565063, 647.644836426, 1416.48730469, 1172.35864258, 2575.44995117, 963.314880371, 2520.7434082, 1973.4654541, 2217.6953125, 5447.71972656, 1644.25097656, 2434.1315918, 2889.95214844, 844.968994141, 1366.61950684, 771.750732422, 853.101135254, 1174.71362305, 853.372680664, 886.629882812, 1049.5916748, 1077.1015625, 945.154785156, 1190.47045898, 575.029174805, 377.743591309, 126.242233276, 36.4597930908, 6.10005235672, 0.774269998074, 0.0563096888363, 0.000202423951123, 6.7045178298e-08]
    },
    "gfcc": {
        "mean": [9.98818874359, 20.0057506561, -130.276748657, 9.25372982025, -67.5478286743, 14.276881218, -40.1540794373, 13.0077428818, -23.286239624, 9.67013454437, -16.9952526093, 4.95514535904, -14.171336174],
        "cov": [[25198.7382812, -289.860168457, 2430.85717773, 2237.33813477, 1091.24035645, 1703.31591797, 495.712219238, 975.498840332, 148.860061646, 483.49508667, -272.532836914, 135.751907349, -485.579376221], [-289.860168457, 1154.11157227, -50.3747787476, 207.955993652, 121.004562378, 65.3431243896, 37.328338623, -46.5854949951, 36.1029815674, -66.8828430176, 32.4943847656, -37.624874115, 74.0116577148], [2430.85717773, -50.3747787476, 1938.33251953, 1276.80712891, 913.107910156, 858.890869141, 537.44708252, 462.193328857, 233.49621582, 203.440460205, 17.2991657257, 42.5898895264, -62.7073516846], [2237.33813477, 207.955993652, 1276.80712891, 1190.84973145, 730.905456543, 730.58807373, 454.416717529, 388.647918701, 232.00680542, 127.997077942, 33.2465629578, 4.59338951111, -36.5583877563], [1091.24035645, 121.004562378, 913.107910156, 730.905456543, 761.819946289, 516.93359375, 415.698852539, 336.306488037, 217.953643799, 142.638870239, 43.3710975647, 34.7348098755, -55.7410202026], [1703.31591797, 65.3431243896, 858.890869141, 730.58807373, 516.93359375, 626.463439941, 368.961212158, 315.012939453, 205.32333374, 131.183624268, 42.8543701172, 8.70295143127, -17.4389152527], [495.712219238, 37.328338623, 537.44708252, 454.416717529, 415.698852539, 368.961212158, 400.001312256, 276.381835938, 201.072525024, 136.90032959, 55.3868598938, 33.3586578369, -21.4930114746], [975.498840332, -46.5854949951, 462.193328857, 388.647918701, 336.306488037, 315.012939453, 276.381835938, 316.248748779, 184.831069946, 154.599624634, 68.3556060791, 54.685295105, -9.44627475739], [148.860061646, 36.1029815674, 233.49621582, 232.00680542, 217.953643799, 205.32333374, 201.072525024, 184.831069946, 216.548828125, 120.764923096, 101.049697876, 51.601764679, 22.0551948547], [483.49508667, -66.8828430176, 203.440460205, 127.997077942, 142.638870239, 131.183624268, 136.90032959, 154.599624634, 120.764923096, 174.308761597, 73.5331344604, 76.9775161743, 19.7289237976], [-272.532836914, 32.4943847656, 17.2991657257, 33.2465629578, 43.3710975647, 42.8543701172, 55.3868598938, 68.3556060791, 101.049697876, 73.5331344604, 137.996002197, 66.0483169556, 48.0936775208], [135.751907349, -37.624874115, 42.5898895264, 4.59338951111, 34.7348098755, 8.70295143127, 33.3586578369, 54.685295105, 51.601764679, 76.9775161743, 66.0483169556, 131.72605896, 62.8045539856], [-485.579376221, 74.0116577148, -62.7073516846, -36.5583877563, -55.7410202026, -17.4389152527, -21.4930114746, -9.44627475739, 22.0551948547, 19.7289237976, 48.0936775208, 62.8045539856, 157.313827515]],
        "icov": [[7.79759357101e-05, -2.1357620426e-05, 6.62578822812e-05, -0.000136974311317, 0.000100270917756, -0.000299051491311, 0.000298858329188, -0.000221389447688, 0.000152647669893, -0.000214088227949, 0.000278407504084, -0.000322470994433, 0.000324305292452], [-2.1357620426e-05, 0.00121559470426, 0.000506288604811, -0.000728435465135, -0.000574385456275, 0.000231860525673, -0.000248834956437, 0.000903919455595, -0.000109639920993, 0.000283103145193, -0.000512671540491, 0.000602692074608, -0.000866847636644], [6.62578822812e-05, 0.000506288604811, 0.00257465732284, -0.00204044883139, -0.00101125636138, -0.00112092588097, 0.000271904835245, 0.000390237080865, 0.00142137322109, -0.00126649974845, 0.000448695849627, -0.000713976100087, 0.000203861898626], [-0.000136974311317, -0.000728435465135, -0.00204044883139, 0.00546372216195, -0.00073593534762, -0.00205409922637, -0.000230083765928, -0.00105459219776, -0.000773706880864, 0.00219827797264, -0.000440981704742, 0.000718621886335, -0.000526243355125], [0.000100270917756, -0.000574385456275, -0.00101125636138, -0.00073593534762, 0.00535003608093, -0.000598270969931, -0.00165304006077, -0.00125300709624, -0.000702456978615, 0.000328090216499, 0.000859168882016, -0.00164017267525, 0.00198336527683], [-0.000299051491311, 0.000231860525673, -0.00112092588097, -0.00205409922637, -0.000598270969931, 0.00920163653791, -0.00280315522105, -0.000563280540518, -0.00182802951895, 0.000445097364718, -0.000951364985667, 0.00339277996682, -0.00242826994509], [0.000298858329188, -0.000248834956437, 0.000271904835245, -0.000230083765928, -0.00165304006077, -0.00280315522105, 0.0108148101717, -0.00390380504541, -0.00285857683048, -0.00141464639455, 0.00239801243879, -0.00101912149694, 0.00169309671037], [-0.000221389447688, 0.000903919455595, 0.000390237080865, -0.00105459219776, -0.00125300709624, -0.000563280540518, -0.00390380504541, 0.0140558797866, -0.00324937398545, -0.0041520241648, -0.000614509393927, 4.30672371294e-05, -0.000246972282184], [0.000152647669893, -0.000109639920993, 0.00142137322109, -0.000773706880864, -0.000702456978615, -0.00182802951895, -0.00285857683048, -0.00324937398545, 0.0165956951678, -0.00345872621983, -0.00669977115467, 0.00077055033762, -0.000280000327621], [-0.000214088227949, 0.000283103145193, -0.00126649974845, 0.00219827797264, 0.000328090216499, 0.000445097364718, -0.00141464639455, -0.0041520241648, -0.00345872621983, 0.0156047679484, -0.00230746157467, -0.00387019338086, -0.000286570517346], [0.000278407504084, -0.000512671540491, 0.000448695849627, -0.000440981704742, 0.000859168882016, -0.000951364985667, 0.00239801243879, -0.000614509393927, -0.00669977115467, -0.00230746157467, 0.0158885326236, -0.00510967848822, 7.78384710429e-05], [-0.000322470994433, 0.000602692074608, -0.000713976100087, 0.000718621886335, -0.00164017267525, 0.00339277996682, -0.00101912149694, 4.30672371294e-05, 0.00077055033762, -0.00387019338086, -0.00510967848822, 0.0162738598883, -0.00629579881206], [0.000324305292452, -0.000866847636644, 0.000203861898626, -0.000526243355125, 0.00198336527683, -0.00242826994509, 0.00169309671037, -0.000246972282184, -0.000280000327621, -0.000286570517346, 7.78384710429e-05, -0.00629579881206, 0.010939492844]]
    },
    "melbands": {
        "dmean": [0.00102119939402, 0.00147091329563, 0.000766583019868, 0.000393620692194, 0.000150363543071, 0.000123312071082, 0.000165933248354, 0.000178024245542, 0.000108235894004, 0.000120596057968, 5.79380393901e-05, 9.49401946855e-05, 7.26412617951e-05, 3.94159396819e-05, 5.83625369472e-05, 4.85884593218e-05, 2.66845290753e-05, 2.93753328151e-05, 2.69750125881e-05, 2.7384772693e-05, 1.71613319253e-05, 1.6755579054e-05, 1.84903183253e-05, 1.11258032121e-05, 1.18348343676e-05, 1.31494343805e-05, 1.0444407053e-05, 9.26219945541e-06, 8.54793142935e-06, 9.17885063245e-06, 9.82235087577e-06, 9.04185617401e-06, 8.09543871583e-06, 7.25917061573e-06, 8.85037479748e-06, 6.89941180099e-06, 5.93329150433e-06, 6.35068181509e-06, 5.39246366316e-06, 4.18352374254e-06],
        "dmean2": [0.00136309070513, 0.00204027979635, 0.00127752532717, 0.000693164474797, 0.000250835291808, 0.000203900737688, 0.000262846850092, 0.000295300822472, 0.000179235110409, 0.000195842789253, 9.6297590062e-05, 0.000155394649482, 0.00011968043691, 6.63292958052e-05, 9.43483537412e-05, 7.84952790127e-05, 4.35201800428e-05, 4.8447134759e-05, 4.47596321465e-05, 4.46428275609e-05, 2.85957321466e-05, 2.71935077762e-05, 3.04591976601e-05, 1.86750949069e-05, 2.0011117158e-05, 2.18352543015e-05, 1.68408114405e-05, 1.53545643116e-05, 1.4038451809e-05, 1.56182723003e-05, 1.67781290656e-05, 1.54818426381e-05, 1.31673759824e-05, 1.16082437671e-05, 1.4103176909e-05, 1.0839477909e-05, 9.34783292905e-06, 9.934319678e-06, 8.5612437033e-06, 6.60237719785e-06],
        "dvar": [3.10689824801e-06, 1.31033129946e-05, 4.80458129459e-06, 1.13908924959e-06, 9.16411195817e-08, 6.86433878627e-08, 8.59443503032e-08, 1.09574045837e-07, 3.57730947087e-08, 3.80221898411e-08, 1.11609255171e-08, 2.33658461468e-08, 1.2506376379e-08, 5.96042548651e-09, 7.99417687602e-09, 5.47165379672e-09, 2.47610132398e-09, 1.95601934649e-09, 1.34254574125e-09, 1.38142330908e-09, 7.05800695666e-10, 5.57267676449e-10, 6.37631614175e-10, 2.95985125298e-10, 3.5477207283e-10, 4.27495011612e-10, 3.02841557387e-10, 1.90439705672e-10, 2.05235536899e-10, 2.80893558413e-10, 3.54052565044e-10, 2.76497658103e-10, 2.13893153189e-10, 1.6657544788e-10, 2.72278921631e-10, 1.64636082545e-10, 9.52647058461e-11, 1.16888068669e-10, 8.79140926724e-11, 4.87612103472e-11],
        "dvar2": [4.41775091531e-06, 2.64924165094e-05, 1.20122313092e-05, 3.19858213516e-06, 2.46400475135e-07, 1.75519446088e-07, 1.9333418777e-07, 2.77211029243e-07, 8.63821512098e-08, 9.36608230973e-08, 2.67997695147e-08, 5.74044243251e-08, 3.07513765563e-08, 1.47737848621e-08, 1.90179871851e-08, 1.24397372403e-08, 5.53831869254e-09, 5.13623898968e-09, 3.42016348576e-09, 3.41989325747e-09, 1.77859738049e-09, 1.37502698117e-09, 1.59779911524e-09, 7.83240416968e-10, 9.13326803076e-10, 1.10409525966e-09, 7.48597517308e-10, 4.8082338111e-10, 5.26800714162e-10, 7.42341632609e-10, 9.53134016157e-10, 7.31378790864e-10, 5.15694043024e-10, 3.86664866792e-10, 5.43242451023e-10, 3.51704471102e-10, 2.004566374e-10, 2.31176341958e-10, 1.78996387157e-10, 1.11232897892e-10],
        "max": [0.016330929473, 0.0292680449784, 0.0161046404392, 0.00876150839031, 0.00397431477904, 0.00482163811103, 0.0053578922525, 0.00496587017551, 0.00230811326765, 0.00262354197912, 0.00166696228553, 0.00230142357759, 0.00149492872879, 0.0010349227814, 0.00140885368455, 0.0012707154965, 0.000885907269549, 0.000809319375549, 0.000418591749622, 0.000484983815113, 0.000309773575282, 0.000294893514365, 0.000363483472029, 0.00019959313795, 0.000332659343258, 0.000374633353204, 0.00027288479032, 0.000191152663319, 0.000154384833877, 0.00018080350128, 0.000195460394025, 0.000168234299053, 0.000147304308484, 0.000123853504192, 0.00017946412845, 0.000126004553749, 0.000109408421849, 0.000102384707134, 8.20130444481e-05, 7.68883401179e-05],
        "mean": [0.00233858847059, 0.00191960053053, 0.000640617450699, 0.000341625855071, 0.000175369495992, 0.000144477846334, 0.00025546195684, 0.000234987179283, 0.00017917212972, 0.000203678297112, 8.88617578312e-05, 0.000154985304107, 0.00010603114788, 6.06927169429e-05, 0.000117329866043, 0.000100328783446, 4.56975285488e-05, 5.4153129895e-05, 5.40122855455e-05, 5.53595200472e-05, 2.72303987003e-05, 3.08144881274e-05, 3.91511639464e-05, 1.82751846296e-05, 2.09319987334e-05, 2.42448277277e-05, 1.74930009962e-05, 1.72562540683e-05, 1.52423544932e-05, 1.28856281663e-05, 1.3692651919e-05, 1.34672482091e-05, 1.29971886054e-05, 1.16839855764e-05, 1.3691870663e-05, 1.10562805276e-05, 1.03548654806e-05, 9.44545172388e-06, 8.04212868388e-06, 6.36525328446e-06],
        "median": [0.00040451384848, 0.000414854410337, 9.26727880142e-05, 6.05408204137e-05, 4.36175905634e-05, 4.32827000623e-05, 0.000108526110125, 8.9602501248e-05, 5.58958126931e-05, 7.93726649135e-05, 3.17560370604e-05, 6.59332290525e-05, 4.45501354989e-05, 1.44788737089e-05, 4.52409221907e-05, 5.06396572746e-05, 1.49861298269e-05, 2.23510069191e-05, 2.82864530163e-05, 3.00266874547e-05, 1.30848729896e-05, 1.74977794813e-05, 1.89823440451e-05, 9.80226832326e-06, 1.03216170828e-05, 1.34189140226e-05, 1.05105254988e-05, 1.11863682832e-05, 8.01074202172e-06, 6.8138028837e-06, 6.46172384222e-06, 6.00220846536e-06, 5.66417884329e-06, 5.68532595935e-06, 5.69476833334e-06, 4.88941805088e-06, 4.59742386738e-06, 3.93468098991e-06, 3.24571510646e-06, 2.852864327e-06],
        "min": [7.12001240592e-24, 1.22549730953e-23, 3.57779225536e-24, 2.85132768394e-24, 8.68745851421e-24, 2.25522711028e-24, 3.16878779474e-24, 2.88739105187e-24, 8.50388821499e-24, 5.85885140485e-24, 6.26940420221e-24, 6.6674429046e-24, 8.20543767985e-24, 9.83386589156e-24, 1.14924719772e-23, 7.3040094789e-24, 1.14536119001e-23, 5.92096749581e-24, 8.26585495886e-24, 7.7615574814e-24, 6.09177560332e-24, 6.05383454922e-24, 9.71041625964e-24, 4.96518204533e-24, 9.58695321709e-24, 7.95624125306e-24, 6.17677970459e-24, 7.34371442598e-24, 8.94316698778e-24, 9.23887859785e-24, 7.47638110872e-24, 6.47085008955e-24, 8.62221025102e-24, 7.70687995434e-24, 6.04714224773e-24, 8.16931021698e-24, 7.52076715641e-24, 8.54901105876e-24, 9.97618744291e-24, 1.01830898811e-23],
        "var": [1.26412560348e-05, 1.92792504095e-05, 3.8228554331e-06, 7.62969193602e-07, 9.6235204694e-08, 8.20091656806e-08, 1.53369725808e-07, 1.47788782101e-07, 8.76563888141e-08, 9.07105786041e-08, 2.50069334129e-08, 4.89552576255e-08, 2.39459190254e-08, 1.35659865563e-08, 2.57846011209e-08, 1.85147115417e-08, 7.56884421804e-09, 6.15937212345e-09, 3.92900556534e-09, 4.13411349598e-09, 1.22862486851e-09, 1.32500921346e-09, 2.45496267759e-09, 5.04386921119e-10, 6.80901668382e-10, 9.78383374317e-10, 4.61968463483e-10, 3.62451957336e-10, 4.0109576771e-10, 3.13310599687e-10, 3.92867599563e-10, 3.68510527649e-10, 3.44178546774e-10, 2.6843557932e-10, 4.5065229326e-10, 2.73152778174e-10, 2.01545127809e-10, 2.01167207892e-10, 1.46656672917e-10, 7.98931754087e-11]
    },
    "mfcc": {
        "mean": [-628.369445801, 65.2894210815, -13.8380069733, -2.93982577324, -8.19638347626, -3.79805755615, -6.31873512268, -1.38700866699, -1.75618910789, 2.45351648331, -0.91218650341, 1.62811946869, 0.660065293312],
        "cov": [[12689.2597656, -821.837402344, 2359.97753906, 1366.5559082, 1510.33496094, 1251.71582031, 1091.5592041, 987.137695312, 782.21270752, 766.108825684, 603.422973633, 381.519592285, 392.363098145], [-821.837402344, 840.054931641, -205.75227356, 3.32432746887, -41.4018821716, -31.4649620056, -57.2843055725, -52.2061958313, -41.2099075317, -75.1931152344, -42.9742355347, -15.9880332947, -27.9900684357], [2359.97753906, -205.75227356, 1248.33947754, 694.411743164, 701.589538574, 612.759460449, 518.810302734, 430.703338623, 360.25088501, 311.688079834, 225.343566895, 135.031768799, 121.709274292], [1366.5559082, 3.32432746887, 694.411743164, 656.635498047, 544.028625488, 448.394836426, 401.029754639, 359.521820068, 294.000976562, 251.133483887, 202.609161377, 133.018722534, 119.703712463], [1510.33496094, -41.4018821716, 701.589538574, 544.028625488, 647.528869629, 464.863189697, 404.918884277, 358.34777832, 282.192016602, 258.563812256, 195.887161255, 147.870574951, 115.923629761], [1251.71582031, -31.4649620056, 612.759460449, 448.394836426, 464.863189697, 488.864105225, 364.850402832, 326.375579834, 272.272064209, 238.907699585, 176.428710938, 118.913543701, 108.201423645], [1091.5592041, -57.2843055725, 518.810302734, 401.029754639, 404.918884277, 364.850402832, 388.071716309, 304.92755127, 260.230316162, 234.110107422, 179.983566284, 118.757957458, 101.374168396], [987.137695312, -52.2061958313, 430.703338623, 359.521820068, 358.34777832, 326.375579834, 304.92755127, 345.169616699, 236.681274414, 233.916748047, 170.871780396, 135.52003479, 113.589759827], [782.21270752, -41.2099075317, 360.25088501, 294.000976562, 282.192016602, 272.272064209, 260.230316162, 236.681274414, 294.290649414, 179.884460449, 162.959823608, 91.0270233154, 100.17816925], [766.108825684, -75.1931152344, 311.688079834, 251.133483887, 258.563812256, 238.907699585, 234.110107422, 233.916748047, 179.884460449, 293.674804688, 152.146331787, 121.490722656, 102.7188797], [603.422973633, -42.9742355347, 225.343566895, 202.609161377, 195.887161255, 176.428710938, 179.983566284, 170.871780396, 162.959823608, 152.146331787, 208.926834106, 112.861221313, 108.495780945], [381.519592285, -15.9880332947, 135.031768799, 133.018722534, 147.870574951, 118.913543701, 118.757957458, 135.52003479, 91.0270233154, 121.490722656, 112.861221313, 161.798538208, 94.0286254883], [392.363098145, -27.9900684357, 121.709274292, 119.703712463, 115.923629761, 108.201423645, 101.374168396, 113.589759827, 100.17816925, 102.7188797, 108.495780945, 94.0286254883, 156.622207642]],
