{
"lowlevel": {
    "average_loudness": 0.815384507179,
    "barkbands_crest": {
        "dmean": 3.10391640663,
        "dmean2": 4.69279098511,
        "dvar": 9.83541870117,
        "dvar2": 22.1401615143,
        "max": 26.8407382965,
        "mean": 12.8201494217,
        "median": 12.080745697,
        "min": 2.02082824707,
        "var": 31.2752475739
    },
    "barkbands_flatness_db": {
        "dmean": 0.0484673045576,
        "dmean2": 0.068890966475,
        "dvar": 0.00295462156646,
        "dvar2": 0.00595872849226,
        "max": 0.746824264526,
        "mean": 0.197470501065,
        "median": 0.159071534872,
        "min": 0.0114910090342,
        "var": 0.0176490917802
    },
    "barkbands_kurtosis": {
        "dmean": 22.0440158844,
        "dmean2": 32.7706680298,
        "dvar": 46533.9101562,
        "dvar2": 98538.375,
        "max": 8550.37792969,
        "mean": 29.625995636,
        "median": 4.23075485229,
        "min": -1.91821503639,
        "var": 77845.15625
    },
    "barkbands_skewness": {
        "dmean": 1.12596797943,
        "dmean2": 1.64943802357,
        "dvar": 4.47193574905,
        "dvar2": 8.91692638397,
        "max": 75.7743606567,
        "mean": 2.43580365181,
        "median": 1.82666373253,
        "min": -4.40328550339,
        "var": 12.0244636536
    },
    "barkbands_spread": {
        "dmean": 9.82028198242,
        "dmean2": 14.914484024,
        "dvar": 151.008361816,
        "dvar2": 315.32510376,
        "max": 119.001464844,
        "mean": 21.6172389984,
        "median": 17.787437439,
        "min": 0.0160832423717,
        "var": 357.895233154
    },
    "dissonance": {
        "dmean": 0.0288495235145,
        "dmean2": 0.0476368069649,
        "dvar": 0.000941526785027,
        "dvar2": 0.00242292764597,
        "max": 0.500000119209,
        "mean": 0.440726369619,
        "median": 0.457191377878,
        "min": 0.153956025839,
        "var": 0.00283148419112
    },
    "dynamic_complexity": 3.80878853798,
    "erbbands_crest": {
        "dmean": 3.50308704376,
        "dmean2": 5.52117109299,
        "dvar": 12.4199409485,
        "dvar2": 28.7695541382,
        "max": 32.5650177002,
        "mean": 11.2043600082,
        "median": 9.99819374084,
        "min": 2.20187473297,
        "var": 34.0838470459
    },
    "erbbands_flatness_db": {
        "dmean": 0.0327758714557,
        "dmean2": 0.048352625221,
        "dvar": 0.00177864881698,
        "dvar2": 0.00343076651916,
        "max": 0.578284502029,
        "mean": 0.181484639645,
        "median": 0.13843922317,
        "min": 0.0510105974972,
        "var": 0.0123496446759
    },
    "erbbands_kurtosis": {
        "dmean": 3.18628382683,
        "dmean2": 4.7426366806,
        "dvar": 101.222541809,
        "dvar2": 187.751205444,
        "max": 398.357543945,
        "mean": 3.10676574707,
        "median": -0.0445399284363,
        "min": -1.85528206825,
        "var": 235.817886353
    },
    "erbbands_skewness": {
        "dmean": 0.619411408901,
        "dmean2": 0.931408882141,
        "dvar": 0.569933235645,
        "dvar2": 1.19832313061,
        "max": 17.5349235535,
        "mean": 0.774975597858,
        "median": 0.634033679962,
        "min": -3.74995756149,
        "var": 1.86049342155
    },
    "erbbands_spread": {
        "dmean": 13.9714298248,
        "dmean2": 20.8348789215,
        "dvar": 312.055053711,
        "dvar2": 626.217407227,
        "max": 182.000366211,
        "mean": 45.0459098816,
        "median": 45.4593963623,
        "min": 0.705953896046,
        "var": 943.339111328
    },
    "hfc": {
        "dmean": 14.5416030884,
        "dmean2": 22.145401001,
        "dvar": 436.562591553,
        "dvar2": 1020.23815918,
        "max": 168.64503479,
        "mean": 22.6530799866,
        "median": 13.7967672348,
        "min": 1.47863756794e-08,
        "var": 670.43548584
    },
    "melbands_crest": {
        "dmean": 3.70815086365,
        "dmean2": 5.89970111847,
        "dvar": 14.0937366486,
        "dvar2": 33.9082145691,
        "max": 35.4141311646,
        "mean": 16.8541164398,
        "median": 15.750787735,
        "min": 1.80369508266,
        "var": 43.373878479
    },
    "melbands_flatness_db": {
        "dmean": 0.0569118335843,
        "dmean2": 0.0791995823383,
        "dvar": 0.00400765053928,
        "dvar2": 0.00785897672176,
        "max": 0.880816400051,
        "mean": 0.27066770196,
        "median": 0.233050271869,
        "min": 0.00434870831668,
        "var": 0.0255132094026
    },
    "melbands_kurtosis": {
        "dmean": 24.0372657776,
        "dmean2": 35.3779182434,
        "dvar": 5825.23779297,
        "dvar2": 11448.4667969,
        "max": 1972.48449707,
        "mean": 38.0856781006,
        "median": 11.9060993195,
        "min": -1.84242677689,
        "var": 13087.8769531
    },
    "melbands_skewness": {
        "dmean": 1.30409085751,
        "dmean2": 1.93650770187,
        "dvar": 3.68837881088,
        "dvar2": 7.43448972702,
        "max": 31.7383136749,
        "mean": 3.54330635071,
        "median": 2.77702283859,
        "min": -2.62134289742,
        "var": 11.9752082825
    },
    "melbands_spread": {
        "dmean": 10.9192619324,
        "dmean2": 17.0483570099,
        "dvar": 332.451782227,
        "dvar2": 761.177978516,
        "max": 259.015106201,
        "mean": 22.0344543457,
        "median": 12.5484933853,
        "min": 0.158511087298,
        "var": 786.403625488
    },
    "pitch_salience": {
        "dmean": 0.0857481360435,
        "dmean2": 0.133000910282,
        "dvar": 0.00880763214082,
        "dvar2": 0.0204817429185,
        "max": 0.905583679676,
        "mean": 0.507720947266,
        "median": 0.524898529053,
        "min": 0.0111116822809,
        "var": 0.0280821956694
    },
    "silence_rate_20dB": {
        "dmean": 0,
        "dmean2": 0,
        "dvar": 0,
        "dvar2": 0,
        "max": 1,
        "mean": 1,
        "median": 1,
        "min": 1,
        "var": 0
    },
    "silence_rate_30dB": {
        "dmean": 0.0521518401802,
        "dmean2": 0.104315713048,
        "dvar": 0.0494296625257,
        "dvar2": 0.103121235967,
        "max": 1,
        "mean": 0.916589736938,
        "median": 1,
        "min": 0,
        "var": 0.0764541178942
    },
    "silence_rate_60dB": {
        "dmean": 0.0572285689414,
        "dmean2": 0.11435495317,
        "dvar": 0.053951472044,
        "dvar2": 0.119506835938,
        "max": 1,
        "mean": 0.156091377139,
        "median": 0,
        "min": 0,
        "var": 0.13171954453
    },
    "spectral_centroid": {
        "dmean": 377.720489502,
        "dmean2": 585.045654297,
        "dvar": 227245.515625,
        "dvar2": 480121.65625,
        "max": 5963.68457031,
        "mean": 1282.96838379,
        "median": 1122.02197266,
        "min": 59.2368736267,
        "var": 835982.875
    },
    "spectral_complexity": {
        "dmean": 5.66747426987,
        "dmean2": 8.80383110046,
        "dvar": 60.9927101135,
        "dvar2": 133.491912842,
        "max": 54,
        "mean": 13.5148820877,
        "median": 10,
        "min": 0,
        "var": 113.328788757
    },
    "spectral_decrease": {
        "dmean": 3.86002918518e-09,
        "dmean2": 5.96338622927e-09,
        "dvar": 3.67037474757e-17,
        "dvar2": 8.32816359502e-17,
        "max": -6.57143401283e-19,
        "mean": -9.40530764382e-09,
        "median": -3.95855970226e-09,
        "min": -5.48370842068e-08,
        "var": 1.14688274293e-16
    },
    "spectral_energy": {
        "dmean": 0.015450110659,
        "dmean2": 0.0238096415997,
        "dvar": 0.000553014921024,
        "dvar2": 0.00125384842977,
        "max": 0.209028482437,
        "mean": 0.0375524684787,
        "median": 0.0171430781484,
        "min": 3.8213776761e-12,
        "var": 0.00172768090852
    },
    "spectral_energyband_high": {
        "dmean": 0.00119307392742,
        "dmean2": 0.00185563939158,
        "dvar": 3.44469685842e-06,
        "dvar2": 8.01369151304e-06,
        "max": 0.0144869992509,
        "mean": 0.00151464273222,
        "median": 0.000592381926253,
        "min": 1.1865167052e-12,
        "var": 4.66699930257e-06
    },
    "spectral_energyband_low": {
        "dmean": 0.0103713525459,
        "dmean2": 0.0152262253687,
        "dvar": 0.000396881456254,
        "dvar2": 0.000887552741915,
        "max": 0.199897393584,
        "mean": 0.0221066009253,
        "median": 0.000766635057516,
        "min": 1.46689220016e-13,
        "var": 0.00119940040167
    },
    "spectral_energyband_middle_high": {
        "dmean": 0.00209399568848,
        "dmean2": 0.00333779375069,
        "dvar": 1.27154380607e-05,
        "dvar2": 3.07477530441e-05,
        "max": 0.0422970503569,
        "mean": 0.00292548467405,
        "median": 0.00154621317051,
        "min": 4.14230363335e-13,
        "var": 1.62644082593e-05
    },
    "spectral_energyband_middle_low": {
        "dmean": 0.00687901256606,
        "dmean2": 0.0113798193634,
        "dvar": 0.000179842769285,
        "dvar2": 0.000466775643872,
        "max": 0.115650288761,
        "mean": 0.0116540109739,
        "median": 0.0073374453932,
        "min": 2.6239858268e-13,
        "var": 0.00019181627431
    },
    "spectral_entropy": {
        "dmean": 0.391619473696,
        "dmean2": 0.568997561932,
        "dvar": 0.256415307522,
        "dvar2": 0.476703763008,
        "max": 8.9117975235,
        "mean": 7.26538562775,
        "median": 7.6883020401,
        "min": 3.57172560692,
        "var": 1.20944929123
    },
    "spectral_flux": {
        "dmean": 0.0444222539663,
        "dmean2": 0.0679150819778,
        "dvar": 0.00280747329816,
        "dvar2": 0.00595666188747,
        "max": 0.396257519722,
        "mean": 0.0932892262936,
        "median": 0.0705984085798,
        "min": 6.52974222248e-06,
        "var": 0.00641959905624
    },
    "spectral_kurtosis": {
        "dmean": 13.7407112122,
        "dmean2": 22.747505188,
        "dvar": 2579.0456543,
        "dvar2": 7181.23632812,
        "max": 1198.81274414,
        "mean": 30.0571327209,
        "median": 2.69120192528,
        "min": -0.816392421722,
        "var": 9118.47949219
    },
    "spectral_rms": {
        "dmean": 0.001210236107,
        "dmean2": 0.00180925626773,
        "dvar": 2.57423039329e-06,
        "dvar2": 5.4629490478e-06,
        "max": 0.0142804142088,
        "mean": 0.00504347728565,
        "median": 0.00408961530775,
        "min": 6.10587704841e-08,
        "var": 1.11997551357e-05
    },
    "spectral_rolloff": {
        "dmean": 956.786132812,
        "dmean2": 1573.2467041,
        "dvar": 2895670,
        "dvar2": 6039816,
        "max": 16343.7011719,
        "mean": 1868.59008789,
        "median": 581.396484375,
        "min": 21.533203125,
        "var": 7406131.5
    },
    "spectral_skewness": {
        "dmean": 0.697921454906,
        "dmean2": 1.077221632,
        "dvar": 1.9562472105,
        "dvar2": 4.60636997223,
        "max": 26.6039733887,
        "mean": 2.70379590988,
        "median": 1.43034017086,
        "min": 0.115260437131,
        "var": 12.7674512863
    },
    "spectral_spread": {
        "dmean": 1029256,
        "dmean2": 1490211.75,
        "dvar": 1.71537635738e+12,
        "dvar2": 3.05924040294e+12,
        "max": 16193923,
        "mean": 5830689.5,
        "median": 6413081,
        "min": 85064.421875,
        "var": 6.89505671578e+12
    },
    "spectral_strongpeak": {
        "dmean": 0.426674813032,
        "dmean2": 0.719221651554,
        "dvar": 0.43983745575,
        "dvar2": 1.0754404068,
        "max": 7.8089261055,
        "mean": 0.771453917027,
        "median": 0.509875893593,
        "min": 0,
        "var": 0.758582472801
    },
    "zerocrossingrate": {
        "dmean": 0.0212303474545,
        "dmean2": 0.0233107246459,
        "dvar": 0.000668708467856,
        "dvar2": 0.000761720410082,
        "max": 0.53662109375,
        "mean": 0.0703062489629,
        "median": 0.04931640625,
        "min": 0.00244140625,
        "var": 0.0050307624042
    },
    "barkbands": {
        "dmean": [0.00137894367799, 0.0089253783226, 0.0031759319827, 0.00184907927178, 0.00149587460328, 0.00234747165814, 0.00115170306526, 0.00102622201666, 0.00044134791824, 0.000707314233296, 0.000306191737764, 0.00040728886961, 0.00022006839572, 0.000146574995597, 0.00022521201754, 0.000146369144204, 0.000177985813934, 0.000130480664666, 0.000226867836318, 0.000164669967489, 0.000225820258493, 0.000205843825825, 0.000202685419936, 0.000186402001418, 0.000202412469662, 0.000132255096105, 2.07211614907e-05],
        "dmean2": [0.00251893582754, 0.0123821031302, 0.00501600885764, 0.00339442654513, 0.00260539446026, 0.00387783488259, 0.001806621789, 0.00167109607719, 0.000697958806995, 0.00108941213693, 0.000499322835822, 0.000685646897182, 0.000371160393115, 0.000239627654082, 0.000370653317077, 0.000239246626734, 0.000304523273371, 0.000218486849917, 0.00036592464312, 0.000270203483524, 0.000357524841093, 0.000326223671436, 0.000318670237903, 0.000290099356789, 0.000319891725667, 0.000203634263016, 3.40119295288e-05],
        "dvar": [1.83665233635e-05, 0.000341852632118, 0.000100482662674, 5.06470896653e-05, 2.40991739702e-05, 2.73084879154e-05, 5.58092961001e-06, 8.83737266122e-06, 2.11627207136e-06, 5.82628990742e-06, 8.58513260482e-07, 8.80692596184e-07, 3.30018423256e-07, 1.08037987445e-07, 2.19101565335e-07, 9.00585845898e-08, 1.25636475445e-07, 5.25243351035e-08, 1.98326645773e-07, 8.64621299002e-08, 1.32487372184e-07, 1.05904746306e-07, 1.03949808761e-07, 8.05106381563e-08, 1.12475305514e-07, 4.75885002515e-08, 2.16076889714e-09],
        "dvar2": [5.22118025401e-05, 0.000713811663445, 0.000242371490458, 0.000142255012179, 6.82214449625e-05, 6.88397412887e-05, 1.11295257739e-05, 1.92778425117e-05, 3.72367526325e-06, 1.29857025968e-05, 1.99932742362e-06, 2.27384452955e-06, 7.88824706888e-07, 2.33635361724e-07, 5.27052293364e-07, 2.1451774046e-07, 3.33553714427e-07, 1.33107093347e-07, 4.97871326388e-07, 2.20880195911e-07, 3.16973483905e-07, 2.45643690278e-07, 2.40260021656e-07, 1.8718390038e-07, 2.68198988351e-07, 1.09803167447e-07, 5.77869485596e-09],
        "max": [0.0506562702358, 0.197665318847, 0.0974500477314, 0.069628931582, 0.0790639668703, 0.0552128218114, 0.0379489026964, 0.0580743178725, 0.0470945872366, 0.0356279797852, 0.0254865773022, 0.0109794940799, 0.0160332974046, 0.00786983128637, 0.0101526966318, 0.00416312785819, 0.00370760378428, 0.0023302459158, 0.00501358928159, 0.0026103456039, 0.00308684655465, 0.00268226559274, 0.0023237594869, 0.00227164686657, 0.00262259412557, 0.00186736241449, 0.000545796996448],
        "mean": [0.00132305989973, 0.0172438807786, 0.00301530142315, 0.00149012182374, 0.00212887255475, 0.00355040491559, 0.00214812299237, 0.00147209479474, 0.000553494028281, 0.00070862454595, 0.000337471050443, 0.000417485309299, 0.000261653825874, 0.000188881720533, 0.00031361557194, 0.000149152328959, 0.000194140025997, 0.000170313112903, 0.000270974065643, 0.000204531985219, 0.000276720995316, 0.000248662894592, 0.000250688550295, 0.000230950347031, 0.000231185651501, 0.000150515668793, 2.1413758077e-05],
        "median": [7.4450741522e-05, 7.41116818972e-05, 0.00010366764036, 0.000230017321883, 0.00103952514473, 0.00141215487383, 0.000496369844768, 0.000257785752183, 8.60930449562e-05, 6.19437123532e-05, 4.07106053899e-05, 6.63994869683e-05, 2.86094164039e-05, 2.74835601886e-05, 6.71147572575e-05, 2.57897336269e-05, 4.63889009552e-05, 4.91773389513e-05, 8.75804253155e-05, 8.1173813669e-05, 0.000114591755846, 7.63276912039e-05, 7.78788817115e-05, 7.75547669036e-05, 7.36846486689e-05, 4.9227513955e-05, 3.82903090212e-06],
        "min": [3.53340513925e-15, 1.84026801637e-14, 9.88590448652e-15, 6.13379798139e-15, 5.97518453986e-14, 1.62711657976e-14, 1.73353508875e-14, 1.15060337221e-14, 1.81412502208e-14, 6.43005156634e-15, 1.96141947763e-14, 3.25794045333e-14, 1.97162385295e-14, 1.33719016152e-14, 2.99071104524e-14, 3.501784637e-14, 8.29957101851e-14, 4.56748557704e-14, 8.26707612415e-14, 1.22114110815e-13, 9.93170389679e-14, 1.51551785444e-13, 9.12212606884e-14, 1.25612018074e-13, 1.13572291762e-13, 1.6996237859e-13, 3.66593664062e-13],
        "var": [1.52571492436e-05, 0.000900542014278, 9.51968831941e-05, 3.41591658071e-05, 1.78516584128e-05, 3.07760055875e-05, 1.53593500727e-05, 1.41475620694e-05, 3.49353217644e-06, 6.36954609945e-06, 9.93127514448e-07, 8.52268726703e-07, 4.68424588007e-07, 2.37759280708e-07, 5.18618151091e-07, 1.01026969901e-07, 1.22965786886e-07, 7.45530783774e-08, 2.36015793575e-07, 9.72452198766e-08, 1.68037999515e-07, 1.42390007341e-07, 1.42883777698e-07, 1.13194786877e-07, 1.33342950903e-07, 5.8314252982e-08, 1.95247706891e-09]
    },
    "erbbands": {
        "dmean": [0.273750692606, 2.03384709358, 3.58111977577, 5.45399475098, 4.91282224655, 4.96701049805, 10.5409374237, 22.4444389343, 19.0106639862, 15.7835941315, 21.9566192627, 11.7690038681, 18.2360038757, 20.0063419342, 11.5545110703, 17.3586711884, 10.4855718613, 7.77119827271, 11.2991170883, 8.54488945007, 9.41615962982, 8.26242733002, 7.10208702087, 7.68966960907, 13.185918808, 7.73610639572, 9.56314945221, 8.00728321075, 6.87574100494, 7.47492742538, 5.5870923996, 3.61787939072, 3.42410540581, 2.22889208794, 1.45671033859, 0.659989893436, 0.231402635574, 0.0445869974792, 0.00279556214809, 6.31324364804e-05],
        "dmean2": [0.391576051712, 2.82971262932, 5.21805953979, 9.65682029724, 8.8593082428, 8.66159439087, 17.9020843506, 37.419303894, 29.639289856, 25.19688797, 35.9423942566, 18.2406692505, 27.4404201508, 31.5213336945, 18.7782840729, 28.8239917755, 17.7852916718, 12.421875, 18.698923111, 14.0945968628, 15.4940357208, 14.2418813705, 11.8006944656, 12.4651145935, 21.5257320404, 12.7292356491, 15.5866031647, 12.5046367645, 10.76445961, 11.950843811, 8.95519733429, 5.66283893585, 5.37214612961, 3.47997951508, 2.33149290085, 1.03314363956, 0.355091392994, 0.0708267614245, 0.00455076247454, 9.74127324298e-05],
        "dvar": [0.331304192543, 19.7086448669, 97.8680648804, 381.483032227, 356.644927979, 287.063812256, 402.055358887, 3472.31982422, 1401.18896484, 1171.00671387, 5024.74853516, 1714.76257324, 5775.56152344, 4900.61230469, 639.286193848, 1610.73181152, 661.59387207, 272.200775146, 600.381530762, 276.47756958, 330.110931396, 287.789855957, 148.532302856, 223.158813477, 650.862121582, 211.207015991, 243.695129395, 169.125930786, 111.760604858, 163.521118164, 87.3665618896, 30.9175071716, 28.7645187378, 12.4591684341, 6.42758655548, 1.16838753223, 0.153722599149, 0.00843937229365, 3.10791292577e-05, 1.02203907559e-08],
        "dvar2": [0.770589113235, 37.5690612793, 215.378433228, 1049.75634766, 1023.64849854, 817.587036133, 987.523742676, 8893.77636719, 2968.94555664, 2426.91259766, 11006.6425781, 2840.35522461, 12814.2587891, 11147.9794922, 1420.17370605, 4072.94726562, 1633.21472168, 583.28503418, 1491.80212402, 635.413635254, 833.138427734, 775.159423828, 372.743774414, 562.539123535, 1668.5279541, 545.038879395, 604.568847656, 390.687286377, 246.388504028, 395.532043457, 209.820251465, 69.7866744995, 68.757019043, 28.6040649414, 15.7747449875, 2.68325233459, 0.355894505978, 0.0220332983881, 8.05501185823e-05, 2.54045087189e-08],
        "max": [6.93111562729, 48.053604126, 104.037536621, 189.863250732, 247.679168701, 333.991973877, 266.798095703, 629.334533691, 591.372314453, 649.544799805, 1490.82141113, 1434.90356445, 1452.51599121, 1343.78991699, 506.356323242, 504.535583496, 677.139770508, 412.595672607, 571.376464844, 362.973236084, 203.786270142, 165.6328125, 130.291046143, 174.710510254, 278.877166748, 136.912780762, 143.399154663, 114.298805237, 85.2574081421, 122.188026428, 89.3266830444, 46.4300956726, 44.7428131104, 30.164937973, 20.5263576508, 8.86496543884, 3.61212062836, 1.13578677177, 0.0648519396782, 0.0011394264875],
        "mean": [0.519307255745, 3.70140504837, 4.39537858963, 4.69362449646, 4.77235841751, 7.09220409393, 16.980556488, 31.3456249237, 35.3502578735, 27.9053497314, 30.3394165039, 15.9854040146, 20.0609741211, 20.3496551514, 12.5744895935, 18.8673686981, 12.6967983246, 11.3647689819, 15.8980178833, 10.5025548935, 10.5664806366, 8.91140365601, 9.40687847137, 9.62928295135, 15.7364730835, 9.62155342102, 11.1939487457, 10.094127655, 8.72578907013, 8.50437355042, 6.78737401962, 4.7253704071, 4.02809906006, 2.6900062561, 1.59839773178, 0.750321507454, 0.257436275482, 0.0492992699146, 0.00312101305462, 0.000100334764284],
        "median": [0.00284374249168, 0.021652251482, 0.162116348743, 0.750419080257, 1.60954892635, 3.41849255562, 7.48118495941, 9.1219997406, 7.13740921021, 7.24498271942, 5.85902309418, 2.85462808609, 1.72603607178, 2.53504514694, 2.35675811768, 3.36009979248, 2.35402750969, 2.82835054398, 3.99238538742, 3.22580575943, 2.80197048187, 2.62314510345, 2.75757026672, 3.18868017197, 5.29531669617, 4.01640081406, 4.62834262848, 3.8789305687, 2.85096788406, 2.50623178482, 2.02092027664, 1.55660903454, 1.3199224472, 0.858692586422, 0.510491132736, 0.250865280628, 0.0785485804081, 0.012829571031, 0.000647519016638, 5.93251570535e-05],
        "min": [1.20748018789e-12, 4.03609133962e-12, 1.77599965984e-11, 3.74921656221e-11, 1.8903066612e-10, 2.26065999254e-10, 2.50161058535e-10, 1.06219429086e-10, 2.11073644674e-10, 2.55743093369e-10, 2.72916106381e-10, 3.46405071294e-10, 3.91734117366e-10, 2.9117949718e-10, 8.5769485958e-10, 1.6081208587e-09, 9.75999059349e-10, 7.12309267126e-10, 1.4279356586e-09, 1.50344148242e-09, 2.51814058494e-09, 4.38571268191e-09, 2.27781038475e-09, 2.52880139051e-09, 5.26436449988e-09, 6.33457242216e-09, 5.26492849318e-09, 3.23616178299e-09, 5.58646018334e-09, 3.17421067209e-09, 3.6451994756e-09, 3.79468012568e-09, 1.2948520034e-09, 9.98556903831e-10, 1.05697495201e-09, 6.38941233255e-10, 2.93973179133e-10, 1.46466352935e-10, 5.07150953177e-11, 6.01215214766e-12],
        "var": [0.852657556534, 48.8265914917, 126.101707458, 280.751312256, 218.139343262, 219.908660889, 695.588012695, 3478.14086914, 3624.9765625, 2812.90698242, 7398.66015625, 2970.82055664, 6464.50390625, 5090.15185547, 929.587890625, 1715.84667969, 893.586181641, 650.83581543, 1241.17199707, 434.691802979, 363.405700684, 254.143600464, 217.615310669, 268.227905273, 721.528198242, 226.743865967, 280.49786377, 228.211730957, 167.546066284, 186.94720459, 111.714630127, 46.2890853882, 36.799785614, 16.7593040466, 6.90816116333, 1.41411554813, 0.184214606881, 0.00838140398264, 3.34062933689e-05, 1.53685633109e-08]
    },
    "gfcc": {
        "mean": [-59.0453834534, 69.7905349731, -85.7031784058, 12.5788640976, -69.1667404175, -0.418623864651, -42.9432258606, 4.97443771362, -23.636598587, 10.8651647568, -11.8002729416, 3.26538205147, -10.598236084],
        "cov": [[28248.9003906, -5907.15917969, -1135.54821777, 3558.31884766, 53.295589447, 2115.36767578, 376.57824707, 1844.33117676, 178.219482422, 1581.15649414, 36.9564247131, 1119.70654297, -410.821380615], [-5907.15917969, 6546.58154297, 1107.04333496, -1698.91015625, 522.555297852, -1106.62145996, -36.9348640442, -1070.69641113, -47.2487220764, -968.639465332, 0.857929170132, -690.874938965, 266.40020752], [-1135.54821777, 1107.04333496, 1575.29833984, 243.300994873, 240.951690674, 144.896789551, 243.341415405, 33.0235595703, 116.377410889, -134.533828735, -12.0780172348, 10.8259439468, 24.3771457672], [3558.31884766, -1698.91015625, 243.300994873, 1501.76525879, 298.706268311, 666.168029785, 304.192993164, 572.228942871, 182.996841431, 404.780609131, 79.1583862305, 279.06652832, -52.7067451477], [53.295589447, 522.555297852, 240.951690674, 298.706268311, 573.286254883, 233.947418213, 262.538085938, 146.860992432, 186.152023315, 69.3017349243, 106.909622192, 11.9899301529, 55.099571228], [2115.36767578, -1106.62145996, 144.896789551, 666.168029785, 233.947418213, 745.465637207, 336.212585449, 447.944030762, 192.021331787, 320.675140381, 93.8963928223, 222.768768311, -19.5036334991], [376.57824707, -36.9348640442, 243.341415405, 304.192993164, 262.538085938, 336.212585449, 398.846740723, 292.021972656, 197.067276001, 120.729667664, 103.906761169, 88.3262481689, 27.8589191437], [1844.33117676, -1070.69641113, 33.0235595703, 572.228942871, 146.860992432, 447.944030762, 292.021972656, 540.960876465, 211.837921143, 300.368621826, 77.5848617554, 194.931625366, -35.0007553101], [178.219482422, -47.2487220764, 116.377410889, 182.996841431, 186.152023315, 192.021331787, 197.067276001, 211.837921143, 289.749725342, 168.001983643, 114.496902466, 60.608997345, 1.22528600693], [1581.15649414, -968.639465332, -134.533828735, 404.780609131, 69.3017349243, 320.675140381, 120.729667664, 300.368621826, 168.001983643, 371.027313232, 135.434997559, 162.55682373, -30.7586612701], [36.9564247131, 0.857929170132, -12.0780172348, 79.1583862305, 106.909622192, 93.8963928223, 103.906761169, 77.5848617554, 114.496902466, 135.434997559, 191.691223145, 106.569915771, 39.0158500671], [1119.70654297, -690.874938965, 10.8259439468, 279.06652832, 11.9899301529, 222.768768311, 88.3262481689, 194.931625366, 60.608997345, 162.55682373, 106.569915771, 259.919769287, 38.0485076904], [-410.821380615, 266.40020752, 24.3771457672, -52.7067451477, 55.099571228, -19.5036334991, 27.8589191437, -35.0007553101, 1.22528600693, -30.7586612701, 39.0158500671, 38.0485076904, 126.202667236]],
        "icov": [[9.820543346e-05, -0.000191073297174, 0.000172454718268, -0.000223910770728, 0.000140064206789, -0.000164466851857, 0.000105216313386, -0.000148343824549, 0.000192127452465, -0.000416107825004, 0.000490573584102, -0.000524425588083, 0.000348422821844], [-0.000191073297174, 0.00126438459847, -0.000812353275251, 0.000904714455828, -0.00107829994522, 0.00080282415729, -0.000531093450263, 0.000822350208182, -0.000705761893187, 0.0018154385034, -0.00205555511639, 0.00225010700524, -0.00140963948797], [0.000172454718268, -0.000812353275251, 0.00143634504639, -0.000894686323591, 0.000630631286185, -0.00063410110306, -0.000198916037334, -5.60920670978e-05, -7.23993289284e-05, -0.000452537206002, 0.00172467343509, -0.0019646002911, 0.00122962915339], [-0.000223910770728, 0.000904714455828, -0.000894686323591, 0.00231997598894, -0.00146715831943, 0.000274232355878, -0.000185040116776, -0.000189276324818, 8.63795503392e-05, 0.000458559108665, -0.000979600357823, 0.00115938240197, -0.000761399511248], [0.000140064206789, -0.00107829994522, 0.000630631286185, -0.00146715831943, 0.00435360288247, -0.00135801651049, -0.000464341486804, -0.000409019063227, -0.000595830730163, -0.00049671693705, 5.02682305523e-05, -2.7890146157e-05, -0.000246410199907], [-0.000164466851857, 0.00080282415729, -0.00063410110306, 0.000274232355878, -0.00135801651049, 0.00488257128745, -0.00296437600628, 0.000551687495317, 0.000130534172058, -0.00138250365853, 0.000811902107671, -0.000408163497923, -0.000304357236018], [0.000105216313386, -0.000531093450263, -0.000198916037334, -0.000185040116776, -0.000464341486804, -0.00296437600628, 0.00928367860615, -0.00487336888909, -0.00112277758308, 0.0029082512483, -0.00322665646672, 0.00130292156246, -0.000907152949367], [-0.000148343824549, 0.000822350208182, -5.60920670978e-05, -0.000189276324818, -0.000409019063227, 0.000551687495317, -0.00487336888909, 0.00894323177636, -0.0024935558904, -0.00219800323248, 0.00301928538829, -0.00185099442024, 0.000646046246402], [0.000192127452465, -0.000705761893187, -7.23993289284e-05, 8.63795503392e-05, -0.000595830730163, 0.000130534172058, -0.00112277758308, -0.0024935558904, 0.0086705069989, -0.0038929018192, -0.000841628876515, -5.03059054608e-05, 0.00124425604008], [-0.000416107825004, 0.0018154385034, -0.000452537206002, 0.000458559108665, -0.00049671693705, -0.00138250365853, 0.0029082512483, -0.00219800323248, -0.0038929018192, 0.0139719145373, -0.00958403199911, 0.00426320778206, -0.00103546259925], [0.000490573584102, -0.00205555511639, 0.00172467343509, -0.000979600357823, 5.02682305523e-05, 0.000811902107671, -0.00322665646672, 0.00301928538829, -0.000841628876515, -0.00958403199911, 0.0181980580091, -0.0100143346936, 0.00191243982408], [-0.000524425588083, 0.00225010700524, -0.0019646002911, 0.00115938240197, -2.7890146157e-05, -0.000408163497923, 0.00130292156246, -0.00185099442024, -5.03059054608e-05, 0.00426320778206, -0.0100143346936, 0.0146573670208, -0.00672857975587], [0.000348422821844, -0.00140963948797, 0.00122962915339, -0.000761399511248, -0.000246410199907, -0.000304357236018, -0.000907152949367, 0.000646046246402, 0.00124425604008, -0.00103546259925, 0.00191243982408, -0.00672857975587, 0.0130909308791]]
    },
    "melbands": {
        "dmean": [0.00253555900417, 0.0019375088159, 0.000906647648662, 0.000335758522851, 0.000330549693899, 0.000483553274535, 0.000287541653961, 0.000179647700861, 0.000161484655109, 7.29187013349e-05, 9.10539893084e-05, 8.32071527839e-05, 3.66889216821e-05, 4.71389394079e-05, 3.03221313516e-05, 2.3640008294e-05, 1.4417991224e-05, 1.80432525667e-05, 1.59989376698e-05, 9.85615861282e-06, 1.24950083773e-05, 9.91698925645e-06, 7.22609456716e-06, 6.23353798801e-06, 6.16366423856e-06, 1.07713694888e-05, 7.21813648852e-06, 5.04741728946e-06, 5.69364055991e-06, 5.6195790421e-06, 4.85751024826e-06, 3.96301948058e-06, 4.17956789533e-06, 4.17587261836e-06, 3.46159458786e-06, 2.48353285315e-06, 2.17880096898e-06, 2.53757866631e-06, 2.29638158089e-06, 1.68128030964e-06],
        "dmean2": [0.00355173437856, 0.00274164788425, 0.00159170175903, 0.000593830773141, 0.000562014174648, 0.000798841530923, 0.000445899844635, 0.000287660775939, 0.000263610010734, 0.000112160036224, 0.000137536626426, 0.000131348686409, 6.02986183367e-05, 7.82750867074e-05, 5.20512112416e-05, 3.86609935958e-05, 2.31007506954e-05, 2.98830291285e-05, 2.57002375292e-05, 1.64069097082e-05, 2.08248711715e-05, 1.70499261003e-05, 1.22276178445e-05, 1.02628246168e-05, 1.00655170172e-05, 1.76497687789e-05, 1.1716319932e-05, 8.39710810396e-06, 9.42115184444e-06, 8.85090776137e-06, 7.68671452533e-06, 6.28053339824e-06, 6.7170371949e-06, 6.65113020659e-06, 5.54444841327e-06, 3.95913093598e-06, 3.40707924806e-06, 4.00750286644e-06, 3.67267875845e-06, 2.6295635962e-06],
        "dvar": [2.6627592888e-05, 1.93238101929e-05, 1.02814256024e-05, 1.50113214659e-06, 4.38730296537e-07, 1.43269141972e-06, 3.14809994961e-07, 1.65384292927e-07, 2.60500542026e-07, 7.52392992354e-08, 1.39877059269e-07, 9.16385261007e-08, 7.67327890117e-09, 1.11123279467e-08, 4.93562479775e-09, 4.94241536586e-09, 1.16692255858e-09, 1.56763046988e-09, 1.40541556171e-09, 4.43529352134e-10, 6.26442231422e-10, 4.31604418871e-10, 1.8382807776e-10, 1.27156188356e-10, 1.64948540937e-10, 4.90710527767e-10, 1.66941530044e-10, 9.85203515991e-11, 9.37883520846e-11, 8.046686234e-11, 6.38958885801e-11, 3.7280040166e-11, 4.8344550585e-11, 5.33135272041e-11, 3.40483995165e-11, 1.57325801692e-11, 1.08743023267e-11, 1.65073857361e-11, 1.41439143383e-11, 6.90044722751e-12],
        "dvar2": [6.02075706411e-05, 3.71385867766e-05, 2.81598677248e-05, 4.28673638453e-06, 1.11456029117e-06, 3.62991795555e-06, 6.55592828025e-07, 3.50217192135e-07, 5.65558309518e-07, 1.25552034547e-07, 3.10565383188e-07, 2.0768860054e-07, 1.78515442428e-08, 2.83227787889e-08, 1.33558506477e-08, 1.13556311021e-08, 2.39930275647e-09, 3.78325282213e-09, 2.86678281114e-09, 1.07796249704e-09, 1.6267341918e-09, 1.15811082946e-09, 4.84931261813e-10, 2.97384283865e-10, 4.12200024114e-10, 1.24949761648e-09, 4.19389190043e-10, 2.61366067678e-10, 2.39199104968e-10, 1.88708007554e-10, 1.49306206287e-10, 8.53343437579e-11, 1.14704273857e-10, 1.29510777103e-10, 8.18906401023e-11, 3.70442496123e-11, 2.45500651058e-11, 4.01104566228e-11, 3.42860080604e-11, 1.5430257766e-11],
        "max": [0.0526275597513, 0.0431528352201, 0.0305873099715, 0.0190938618034, 0.0097242705524, 0.0125500177965, 0.00891294423491, 0.0077832499519, 0.0105110919103, 0.00942242331803, 0.00708806002513, 0.00540195917711, 0.00161796109751, 0.00143289938569, 0.000882904569153, 0.00223510363139, 0.000946169020608, 0.000866441929247, 0.00112944445573, 0.000358853430953, 0.000278352643363, 0.000205798613024, 0.000136169895995, 0.000185521843378, 0.000157909758855, 0.000257006409811, 0.000146637758007, 0.000106920437247, 8.06718089734e-05, 0.000109701053589, 7.51040206524e-05, 6.17251935182e-05, 5.8204135712e-05, 6.9401532528e-05, 5.34051687282e-05, 3.22629784932e-05, 2.65796534222e-05, 3.30251677951e-05, 3.5739823943e-05, 2.15361214941e-05],
        "mean": [0.00485780695453, 0.00332159083337, 0.000806864234619, 0.000396472925786, 0.000533660990186, 0.000700308708474, 0.000540168723091, 0.000303478183923, 0.000217422129936, 9.49585737544e-05, 9.77122981567e-05, 8.21908106445e-05, 3.91151043004e-05, 5.07321274199e-05, 3.00240790239e-05, 2.93608336506e-05, 1.99449186766e-05, 2.33969076362e-05, 2.09691424971e-05, 1.06445868369e-05, 1.35917434818e-05, 1.02196327134e-05, 8.06895241112e-06, 8.23503887659e-06, 7.08375955583e-06, 1.20912236525e-05, 8.70919393492e-06, 5.99900067755e-06, 6.14638111074e-06, 7.26763983039e-06, 5.64899664823e-06, 5.05674142914e-06, 4.52449603472e-06, 4.78386937175e-06, 4.08371670346e-06, 3.16755381391e-06, 2.7870194117e-06, 2.9442558116e-06, 2.56608996096e-06, 2.11372389458e-06],
        "median": [3.95643437514e-05, 7.46188743506e-05, 0.000151480096974, 0.000170886400156, 0.000243989838054, 0.0002128634369, 0.000110253087769, 7.06023711246e-05, 4.08227278967e-05, 1.40481843118e-05, 7.32974058337e-06, 8.77420825418e-06, 5.42850739293e-06, 8.58668863657e-06, 5.77820219405e-06, 2.84006841866e-06, 3.27289853885e-06, 4.6986478992e-06, 4.39558061771e-06, 1.72866202774e-06, 2.94335904982e-06, 2.40496638071e-06, 1.86571446648e-06, 2.38848451772e-06, 1.9388628516e-06, 3.17291005558e-06, 2.92505910693e-06, 2.15826503336e-06, 2.2812091629e-06, 3.07807499667e-06, 1.63188224178e-06, 1.61937452958e-06, 1.2724788121e-06, 1.39608550853e-06, 1.20357594824e-06, 9.31181034503e-07, 9.18379441828e-07, 9.48667775447e-07, 7.77271111474e-07, 6.81499841448e-07],
        "min": [1.57521277245e-14, 1.26956923435e-14, 1.38886586287e-14, 1.70338732269e-14, 1.05650114579e-14, 2.57119561644e-15, 3.33029955575e-15, 2.66406452054e-15, 2.14777633985e-15, 2.48985906593e-15, 1.89192537945e-15, 9.16506060193e-16, 2.8842511587e-15, 3.02528023859e-15, 4.2623756697e-15, 1.41340015101e-15, 1.25368192441e-15, 1.97210996516e-15, 2.28638608189e-15, 2.77613756737e-15, 3.13850334441e-15, 5.29086128547e-15, 2.96999693922e-15, 1.52053637219e-15, 1.83020018276e-15, 4.06505468596e-15, 3.15137803345e-15, 4.52757194461e-15, 3.33265494262e-15, 2.43583953972e-15, 1.63685845392e-15, 3.04672520699e-15, 3.18581352264e-15, 1.0089657415e-15, 1.9872445381e-15, 1.7598281561e-15, 2.7218065448e-15, 6.86280705184e-16, 8.87212008047e-16, 7.41951733884e-16],
        "var": [6.83895777911e-05, 4.28815583291e-05, 7.49430591895e-06, 9.97613710751e-07, 6.50979302463e-07, 1.54940528319e-06, 8.37798609155e-07, 3.59749662948e-07, 3.88084885117e-07, 1.27663298599e-07, 1.5653692742e-07, 9.49587928289e-08, 9.93771109847e-09, 1.16809006911e-08, 4.08838207733e-09, 7.57017293296e-09, 2.96984459247e-09, 2.8798474716e-09, 3.02335778635e-09, 5.01580110779e-10, 6.5923727588e-10, 3.81059572785e-10, 1.95653701573e-10, 2.19265883228e-10, 1.82089357481e-10, 5.4938442684e-10, 1.88968576897e-10, 1.00459217334e-10, 9.66908081379e-11, 1.14028828047e-10, 8.14848952202e-11, 5.5643996355e-11, 5.55146692505e-11, 6.07138575526e-11, 4.24780731423e-11, 2.24939233906e-11, 1.62007698923e-11, 2.01903545965e-11, 1.66789585615e-11, 1.00067116052e-11]
    },
    "mfcc": {
        "mean": [-706.557556152, 104.866661072, 29.4372367859, 14.2630596161, -5.85408830643, -6.95871353149, -8.24119567871, -10.0613183975, -6.70725536346, -1.92917358875, -1.96501433849, 1.54155826569, 2.91743302345],
        "cov": [[19853.3730469, -3709.11401367, -1102.11535645, 1015.87548828, 806.207336426, 1072.60876465, 882.165649414, 942.26373291, 836.326965332, 837.633361816, 887.776000977, 912.497192383, 831.21081543], [-3709.11401367, 4113.0703125, 748.918334961, -213.902206421, -130.285705566, -290.17880249, -265.589538574, -356.023742676, -314.679962158, -379.277679443, -417.316253662, -397.790924072, -395.050537109], [-1102.11535645, 748.918334961, 1092.41748047, 250.823410034, 53.4204292297, 95.4987564087, 14.7268342972, 118.727394104, 34.0859107971, -50.3222694397, -31.0664405823, -97.4398422241, -64.3184509277], [1015.87548828, -213.902206421, 250.823410034, 614.14050293, 343.494018555, 213.210540771, 197.067626953, 225.767959595, 189.104660034, 148.123199463, 140.073181152, 143.500762939, 116.798362732], [806.207336426, -130.285705566, 53.4204292297, 343.494018555, 386.211669922, 271.27822876, 208.894439697, 189.074264526, 176.291152954, 159.975738525, 142.636962891, 138.816833496, 122.930671692], [1072.60876465, -290.17880249, 95.4987564087, 213.210540771, 271.27822876, 398.985839844, 245.356292725, 229.971801758, 177.522293091, 184.109191895, 181.072937012, 112.541656494, 133.212768555], [882.165649414, -265.589538574, 14.7268342972, 197.067626953, 208.894439697, 245.356292725, 328.334716797, 243.039108276, 193.629821777, 166.294204712, 141.991882324, 155.228057861, 114.344047546], [942.26373291, -356.023742676, 118.727394104, 225.767959595, 189.074264526, 229.971801758, 243.039108276, 364.109161377, 252.870773315, 170.163024902, 176.691467285, 159.895370483, 143.924972534], [836.326965332, -314.679962158, 34.0859107971, 189.104660034, 176.291152954, 177.522293091, 193.629821777, 252.870773315, 275.073608398, 208.769515991, 158.326171875, 136.813461304, 115.138137817], [837.633361816, -379.277679443, -50.3222694397, 148.123199463, 159.975738525, 184.109191895, 166.294204712, 170.163024902, 208.769515991, 296.776641846, 231.895355225, 117.637374878, 100.059638977], [887.776000977, -417.316253662, -31.0664405823, 140.073181152, 142.636962891, 181.072937012, 141.991882324, 176.691467285, 158.326171875, 231.895355225, 296.618621826, 193.716171265, 126.093315125], [912.497192383, -397.790924072, -97.4398422241, 143.500762939, 138.816833496, 112.541656494, 155.228057861, 159.895370483, 136.813461304, 117.637374878, 193.716171265, 310.887084961, 193.592971802], [831.21081543, -395.050537109, -64.3184509277, 116.798362732, 122.930671692, 133.212768555, 114.344047546, 143.924972534, 115.138137817, 100.059638977, 126.093315125, 193.592971802, 237.115036011]],
