{
"lowlevel": {
    "average_loudness": 0.793426036835,
    "barkbands_crest": {
        "dmean": 3.57676649094,
        "dmean2": 5.49776744843,
        "dvar": 9.52379512787,
        "dvar2": 22.9423999786,
        "max": 26.0611820221,
        "mean": 10.8347616196,
        "median": 9.88004493713,
        "min": 1.97808408737,
        "var": 28.2998352051
    },
    "barkbands_flatness_db": {
        "dmean": 0.0403251722455,
        "dmean2": 0.0581778138876,
        "dvar": 0.0018163836794,
        "dvar2": 0.00392833212391,
        "max": 0.588948130608,
        "mean": 0.140188619494,
        "median": 0.114072151482,
        "min": 0.0130938254297,
        "var": 0.00961785018444
    },
    "barkbands_kurtosis": {
        "dmean": 6.00125837326,
        "dmean2": 9.12725734711,
        "dvar": 173.661087036,
        "dvar2": 394.477233887,
        "max": 280.828674316,
        "mean": 5.84095239639,
        "median": 1.11524820328,
        "min": -1.8912115097,
        "var": 225.694168091
    },
    "barkbands_skewness": {
        "dmean": 0.949245870113,
        "dmean2": 1.37122440338,
        "dvar": 1.06214809418,
        "dvar2": 2.36186265945,
        "max": 12.9920110703,
        "mean": 1.49647915363,
        "median": 1.16872537136,
        "min": -3.93987154961,
        "var": 2.70441198349
    },
    "barkbands_spread": {
        "dmean": 10.6574811935,
        "dmean2": 16.177822113,
        "dvar": 149.995407104,
        "dvar2": 303.181427002,
        "max": 106.088363647,
        "mean": 28.0648899078,
        "median": 25.4141197205,
        "min": 0.140046089888,
        "var": 387.955871582
    },
    "dissonance": {
        "dmean": 0.0245793778449,
        "dmean2": 0.0402035117149,
        "dvar": 0.000937708944548,
        "dvar2": 0.00232446799055,
        "max": 0.500000119209,
        "mean": 0.456782132387,
        "median": 0.473876595497,
        "min": 0.0960550680757,
        "var": 0.00271322624758
    },
    "dynamic_complexity": 4.57671880722,
    "erbbands_crest": {
        "dmean": 3.3155477047,
        "dmean2": 5.33513832092,
        "dvar": 10.1438865662,
        "dvar2": 23.9223937988,
        "max": 31.8802604675,
        "mean": 9.44342327118,
        "median": 7.80427122116,
        "min": 2.22488188744,
        "var": 32.1589698792
    },
    "erbbands_flatness_db": {
        "dmean": 0.0264440421015,
        "dmean2": 0.0399840958416,
        "dvar": 0.000952593400143,
        "dvar2": 0.00215372839011,
        "max": 0.594621121883,
        "mean": 0.162550747395,
        "median": 0.131989002228,
        "min": 0.0412585064769,
        "var": 0.00890410877764
    },
    "erbbands_kurtosis": {
        "dmean": 2.34120154381,
        "dmean2": 3.64905333519,
        "dvar": 29.5354290009,
        "dvar2": 65.3206939697,
        "max": 112.12046814,
        "mean": 1.83703303337,
        "median": -0.16906952858,
        "min": -1.84140348434,
        "var": 42.7541160583
    },
    "erbbands_skewness": {
        "dmean": 0.59354019165,
        "dmean2": 0.8982629776,
        "dvar": 0.431925266981,
        "dvar2": 0.949412941933,
        "max": 9.3822927475,
        "mean": 0.500104129314,
        "median": 0.343164145947,
        "min": -3.37564921379,
        "var": 1.07022202015
    },
    "erbbands_spread": {
        "dmean": 11.6026096344,
        "dmean2": 18.226108551,
        "dvar": 157.719284058,
        "dvar2": 378.34765625,
        "max": 137.714660645,
        "mean": 41.2370910645,
        "median": 41.5639953613,
        "min": 0.463850647211,
        "var": 551.439086914
    },
    "hfc": {
        "dmean": 21.9559822083,
        "dmean2": 34.1364593506,
        "dvar": 1281.84265137,
        "dvar2": 3136.54345703,
        "max": 275.631896973,
        "mean": 34.8477554321,
        "median": 19.4085044861,
        "min": 1.08175007828e-16,
        "var": 1921.49133301
    },
    "melbands_crest": {
        "dmean": 4.56526231766,
        "dmean2": 7.25658369064,
        "dvar": 15.2284622192,
        "dvar2": 38.2666473389,
        "max": 32.9278831482,
        "mean": 15.5519294739,
        "median": 14.9906177521,
        "min": 1.83419179916,
        "var": 40.2155418396
    },
    "melbands_flatness_db": {
        "dmean": 0.0544911287725,
        "dmean2": 0.0770409852266,
        "dvar": 0.00289333984256,
        "dvar2": 0.00631883647293,
        "max": 0.653461158276,
        "mean": 0.190571710467,
        "median": 0.167682617903,
        "min": 0.0052939876914,
        "var": 0.0121803069487
    },
    "melbands_kurtosis": {
        "dmean": 13.4367694855,
        "dmean2": 20.0972385406,
        "dvar": 770.195617676,
        "dvar2": 1726.07751465,
        "max": 656.044372559,
        "mean": 17.5724582672,
        "median": 6.64477825165,
        "min": -1.80845355988,
        "var": 1201.7578125
    },
    "melbands_skewness": {
        "dmean": 1.13329267502,
        "dmean2": 1.66965675354,
        "dvar": 1.56189370155,
        "dvar2": 3.58581066132,
        "max": 18.9596385956,
        "mean": 2.67470788956,
        "median": 2.17993998528,
        "min": -2.67389941216,
        "var": 4.88165903091
    },
    "melbands_spread": {
        "dmean": 15.2053489685,
        "dmean2": 23.6199378967,
        "dvar": 401.858215332,
        "dvar2": 950.031555176,
        "max": 197.193115234,
        "mean": 29.7973937988,
        "median": 23.1052627563,
        "min": 0.300159364939,
        "var": 649.084716797
    },
    "pitch_salience": {
        "dmean": 0.101429268718,
        "dmean2": 0.153097957373,
        "dvar": 0.00749853998423,
        "dvar2": 0.0181175097823,
        "max": 0.914732158184,
        "mean": 0.540873408318,
        "median": 0.562784850597,
        "min": 0.0802449733019,
        "var": 0.0252396911383
    },
    "silence_rate_20dB": {
        "dmean": 0,
        "dmean2": 0,
        "dvar": 0,
        "dvar2": 0,
        "max": 1,
        "mean": 1,
        "median": 1,
        "min": 1,
        "var": 0
    },
    "silence_rate_30dB": {
        "dmean": 0.00122574053239,
        "dmean2": 0.00245164800435,
        "dvar": 0.00122430489864,
        "dvar2": 0.00367145054042,
        "max": 1,
        "mean": 0.999387145042,
        "median": 1,
        "min": 0,
        "var": 0.000612491508946
    },
    "silence_rate_60dB": {
        "dmean": 0.0700034052134,
        "dmean2": 0.14001634717,
        "dvar": 0.0650896951556,
        "dvar2": 0.149282336235,
        "max": 1,
        "mean": 0.176971271634,
        "median": 0,
        "min": 0,
        "var": 0.145688027143
    },
    "spectral_centroid": {
        "dmean": 463.913085938,
        "dmean2": 698.573730469,
        "dvar": 259622.921875,
        "dvar2": 537090.25,
        "max": 11259.7597656,
        "mean": 1599.31433105,
        "median": 1577.37866211,
        "min": 146.581451416,
        "var": 655875.375
    },
    "spectral_complexity": {
        "dmean": 7.02349328995,
        "dmean2": 10.6239442825,
        "dvar": 61.164478302,
        "dvar2": 125.971939087,
        "max": 64,
        "mean": 20.4584636688,
        "median": 17,
        "min": 0,
        "var": 226.834472656
    },
    "spectral_decrease": {
        "dmean": 1.92764293416e-09,
        "dmean2": 2.73789213523e-09,
        "dvar": 5.39790522638e-18,
        "dvar2": 1.17272058963e-17,
        "max": 7.71870050325e-29,
        "mean": -6.52704468251e-09,
        "median": -5.11967934713e-09,
        "min": -3.44487496307e-08,
        "var": 3.88557769533e-17
    },
    "spectral_energy": {
        "dmean": 0.00784918200225,
        "dmean2": 0.0117460638285,
        "dvar": 8.45841059345e-05,
        "dvar2": 0.000196026201593,
        "max": 0.131322562695,
        "mean": 0.0277954041958,
        "median": 0.0224852729589,
        "min": 1.00903732035e-20,
        "var": 0.000640344398562
    },
    "spectral_energyband_high": {
        "dmean": 0.00213170680217,
        "dmean2": 0.00334375048988,
        "dvar": 1.4388724594e-05,
        "dvar2": 3.52302595275e-05,
        "max": 0.0281968917698,
        "mean": 0.00274913036264,
        "median": 0.00113889551722,
        "min": 7.2954090775e-21,
        "var": 1.7854383259e-05
    },
    "spectral_energyband_low": {
        "dmean": 0.00621806411073,
        "dmean2": 0.00855479575694,
        "dvar": 0.00011647172505,
        "dvar2": 0.000210478756344,
        "max": 0.129756763577,
        "mean": 0.0129946889356,
        "median": 0.00295352656394,
        "min": 1.91363566551e-23,
        "var": 0.000414977781475
    },
    "spectral_energyband_middle_high": {
        "dmean": 0.00308555597439,
        "dmean2": 0.00486302049831,
        "dvar": 1.75016011781e-05,
        "dvar2": 4.19787393184e-05,
        "max": 0.05294951424,
        "mean": 0.00583303067833,
        "median": 0.00314578879625,
        "min": 1.34055745621e-21,
        "var": 5.07706863573e-05
    },
    "spectral_energyband_middle_low": {
        "dmean": 0.0040967296809,
        "dmean2": 0.00635907519609,
        "dvar": 4.59095645056e-05,
        "dvar2": 0.000103965285234,
        "max": 0.0649799108505,
        "mean": 0.00709513900802,
        "median": 0.00477607361972,
        "min": 2.31020528801e-22,
        "var": 6.57760028844e-05
    },
    "spectral_entropy": {
        "dmean": 0.299815446138,
        "dmean2": 0.43845692277,
        "dvar": 0.119798161089,
        "dvar2": 0.249559640884,
        "max": 9.80621623993,
        "mean": 7.75216293335,
        "median": 7.98896217346,
        "min": 4.12215518951,
        "var": 0.584784328938
    },
    "spectral_flux": {
        "dmean": 0.0270720124245,
        "dmean2": 0.0417456664145,
        "dvar": 0.000838043459225,
        "dvar2": 0.00172033335548,
        "max": 0.305015146732,
        "mean": 0.0926994010806,
        "median": 0.0850351899862,
        "min": 6.62974536381e-11,
        "var": 0.00358514348045
    },
    "spectral_kurtosis": {
        "dmean": 4.3711066246,
        "dmean2": 6.94184398651,
        "dvar": 202.815933228,
        "dvar2": 511.688446045,
        "max": 312.502227783,
        "mean": 7.58294343948,
        "median": 2.25619578362,
        "min": -1.21323728561,
        "var": 438.576263428
    },
    "spectral_rms": {
        "dmean": 0.000763337011449,
        "dmean2": 0.00112825946417,
        "dvar": 5.6083410982e-07,
        "dvar2": 1.31643685108e-06,
        "max": 0.011318991892,
        "mean": 0.00452513573691,
        "median": 0.0046836794354,
        "min": 3.13755727128e-12,
        "var": 6.64051958665e-06
    },
    "spectral_rolloff": {
        "dmean": 1490.80200195,
        "dmean2": 2415.00561523,
        "dvar": 4715051,
        "dvar2": 10403929,
        "max": 19186.0839844,
        "mean": 2478.48583984,
        "median": 1335.05859375,
        "min": 64.599609375,
        "var": 6893894
    },
    "spectral_skewness": {
        "dmean": 0.408737033606,
        "dmean2": 0.627646923065,
        "dvar": 0.569256782532,
        "dvar2": 1.37987434864,
        "max": 13.7256669998,
        "mean": 1.72114384174,
        "median": 1.29561161995,
        "min": -0.0889057144523,
        "var": 1.84131586552
    },
    "spectral_spread": {
        "dmean": 1144237.5,
        "dmean2": 1681418.5,
        "dvar": 1.90659913318e+12,
        "dvar2": 3.86080335462e+12,
        "max": 41213260,
        "mean": 5772039.5,
        "median": 6054854,
        "min": 315789.4375,
        "var": 5.17142898278e+12
    },
    "spectral_strongpeak": {
        "dmean": 0.48639446497,
        "dmean2": 0.805523991585,
        "dvar": 0.706701338291,
        "dvar2": 1.71491754055,
        "max": 13.0081653595,
        "mean": 0.828814446926,
        "median": 0.444106996059,
        "min": 0,
        "var": 1.49591386318
    },
    "zerocrossingrate": {
        "dmean": 0.0252646394074,
        "dmean2": 0.0315317511559,
        "dvar": 0.000648842018563,
        "dvar2": 0.000918326666579,
        "max": 0.810546875,
        "mean": 0.08650264889,
        "median": 0.078125,
        "min": 0.00390625,
        "var": 0.0030817205552
    },
    "barkbands": {
        "dmean": [0.000161470030434, 0.0042891013436, 0.00322129786946, 0.00162553845439, 0.00136358337477, 0.00051470840117, 0.000960012315772, 0.000714236637577, 0.000684811733663, 0.000652151415125, 0.000790143560153, 0.000338464858942, 0.00060334027512, 0.000477898342069, 0.000370097404812, 0.000302118744003, 0.00027263208176, 0.000285636167973, 0.000314625620376, 0.000298354047118, 0.000340401224094, 0.000328691356117, 0.000374476629077, 0.000414763286244, 0.000381134886993, 0.000225065188715, 2.29420620599e-05],
        "dmean2": [0.000266340503003, 0.00566894235089, 0.0047596343793, 0.00286082760431, 0.00240065157413, 0.000806582218502, 0.00150481355377, 0.001150102471, 0.00109694944695, 0.00104269653093, 0.00125369208399, 0.000575291051064, 0.000963922473602, 0.000769536301959, 0.000607863184996, 0.000508337747306, 0.000449264422059, 0.000462826079456, 0.000525309762452, 0.000495505402796, 0.000555920531042, 0.000521334586665, 0.000588112510741, 0.000650473346468, 0.000624109292403, 0.000362412305549, 3.61071906809e-05],
        "dvar": [1.02044545258e-07, 5.66678354517e-05, 7.43753407733e-05, 3.23725871567e-05, 1.2106675058e-05, 6.74644184073e-07, 2.54948054135e-06, 1.51279323291e-06, 1.84899181477e-06, 1.38093184887e-06, 2.70576083494e-06, 5.60714056519e-07, 1.92317907022e-06, 1.67379766935e-06, 5.94335801907e-07, 3.0068133583e-07, 2.21323176675e-07, 2.47764404548e-07, 4.74089347335e-07, 3.26588008193e-07, 4.21742385015e-07, 3.11433893785e-07, 4.4087798301e-07, 5.35140713964e-07, 5.41086535577e-07, 2.39362947241e-07, 7.0975665345e-09],
        "dvar2": [2.66487518275e-07, 0.000100650686363, 0.000132489236421, 8.76177582541e-05, 3.41041704814e-05, 1.63454319591e-06, 5.91003163208e-06, 3.64254901797e-06, 4.35733136328e-06, 3.31259411723e-06, 6.36370441498e-06, 1.46526440403e-06, 4.35121228293e-06, 3.64663401342e-06, 1.43606371239e-06, 7.65668687563e-07, 5.66934375001e-07, 6.03336616223e-07, 1.26867178096e-06, 8.65591971433e-07, 1.08025562895e-06, 7.58150463298e-07, 1.06323739146e-06, 1.24438201965e-06, 1.38242216963e-06, 5.82575921726e-07, 1.70951270917e-08],
        "max": [0.00532837957144, 0.0960153117776, 0.0815559625626, 0.0509054102004, 0.0378158129752, 0.0224773678929, 0.0326776839793, 0.0288315210491, 0.0251699127257, 0.022716447711, 0.0256702397019, 0.0234974250197, 0.0445974878967, 0.0417011529207, 0.0224385671318, 0.00596004910767, 0.00627645617351, 0.00754197640345, 0.0106914881617, 0.00732775218785, 0.00714381597936, 0.00524214329198, 0.00601185020059, 0.00874276831746, 0.00591668114066, 0.00566265964881, 0.00120489159599],
        "mean": [0.000218324392335, 0.00824726931751, 0.00379148358479, 0.00125198008027, 0.00140294805169, 0.000812346232124, 0.00145069463179, 0.00102032895666, 0.000852342171129, 0.000952064408921, 0.000928148976527, 0.000418954907218, 0.000854088750202, 0.000730411906261, 0.000522761489265, 0.000349692476448, 0.00034951523412, 0.000346331857145, 0.000379054283258, 0.000372305425117, 0.000421622418799, 0.000427978142397, 0.000461783114588, 0.000560184125789, 0.000421450298745, 0.000225265102927, 2.60888573393e-05],
        "median": [3.15671495628e-05, 0.0012903107563, 0.000406814971939, 0.000174667336978, 0.00051049265312, 0.000423367659096, 0.000710637716111, 0.00043783095316, 0.000306611706037, 0.000348344212398, 0.000274481106317, 0.000162817450473, 0.000227254175115, 0.000105892766442, 0.000116216811875, 0.000124321726616, 0.000139268697239, 0.000132601344376, 0.000141207478009, 0.000144389865454, 0.000161175485118, 0.000152924039867, 0.000147354541696, 0.000166996440385, 0.000139622658025, 6.06047578913e-05, 6.82270524521e-07],
        "min": [6.90114294777e-24, 9.61902751263e-24, 5.75782751074e-24, 3.96980248271e-24, 2.32785500947e-23, 1.46552701483e-23, 2.56334324254e-23, 2.59751212156e-23, 2.90891922375e-23, 3.09405351861e-23, 1.33850605182e-23, 6.41634342976e-23, 8.2566574718e-23, 6.33756336214e-23, 8.34391684751e-23, 1.29690903764e-22, 1.4133844134e-22, 2.01721313392e-22, 2.5675481236e-22, 3.19095977967e-22, 4.13343146689e-22, 5.50026639734e-22, 5.26608704228e-22, 6.21076122915e-22, 1.13188307231e-21, 1.46237575533e-21, 1.91762498559e-21],
        "var": [1.67557487885e-07, 0.000200206544832, 9.99699623208e-05, 2.15449126699e-05, 8.87169244379e-06, 1.37796803301e-06, 4.38898405264e-06, 2.69799875241e-06, 2.70252053269e-06, 2.5834904136e-06, 3.64742027159e-06, 6.76069248584e-07, 4.79721575175e-06, 5.94723496761e-06, 1.88087540209e-06, 3.35557786002e-07, 2.95261855854e-07, 3.008135252e-07, 4.57829457901e-07, 3.51866304982e-07, 4.56084535472e-07, 4.08440570254e-07, 5.46376384136e-07, 8.43520922444e-07, 5.65729408208e-07, 2.44979617037e-07, 7.99832555742e-09]
    },
    "erbbands": {
        "dmean": [0.134308129549, 0.982538402081, 3.49439191818, 4.59206295013, 4.9927983284, 4.24425554276, 2.90182471275, 4.52839899063, 12.2470026016, 19.1982631683, 10.8013658524, 16.1025066376, 16.2956676483, 23.4755764008, 27.7130737305, 15.4621181488, 25.9819984436, 26.0638618469, 18.6025657654, 17.9088134766, 14.3355932236, 15.0906515121, 15.9174604416, 14.6024208069, 15.3703451157, 14.0412063599, 13.840385437, 13.5217962265, 12.9879703522, 10.6548271179, 10.3246192932, 8.42289638519, 7.23370075226, 5.4591884613, 2.07885479927, 1.28508651257, 0.341828495264, 0.0509731061757, 0.00373413553461, 7.70290062064e-05],
        "dmean2": [0.178375050426, 1.27146673203, 5.09180593491, 7.44874715805, 8.61188602448, 7.35757637024, 4.86526823044, 7.06457090378, 18.8243808746, 31.2659912109, 17.1945152283, 25.7142963409, 25.985080719, 37.7227897644, 44.4207344055, 25.9947280884, 41.4294815063, 41.1459617615, 29.9328136444, 29.968536377, 24.0225734711, 24.7761936188, 25.7650241852, 23.9232063293, 25.4796218872, 23.2320747375, 22.8858261108, 21.8560295105, 20.8372783661, 16.8554821014, 16.1818466187, 13.1157903671, 11.5546979904, 9.03874874115, 3.3626563549, 2.12298417091, 0.536810696125, 0.0782759636641, 0.00591813167557, 0.000120855700516],
        "dvar": [0.0559810586274, 3.46399664879, 81.5691604614, 212.105941772, 208.796203613, 103.003181458, 37.7825622559, 48.2678184509, 490.373565674, 1117.81079102, 290.094268799, 1051.47998047, 1291.14318848, 1577.828125, 2941.08227539, 1104.05053711, 3587.12963867, 4501.60302734, 1766.57080078, 1153.96801758, 631.482116699, 675.986022949, 792.694030762, 703.480773926, 1094.60498047, 736.268737793, 757.945251465, 596.601501465, 536.026611328, 339.767547607, 328.39440918, 221.932052612, 172.73248291, 107.224632263, 18.0207595825, 7.37486505508, 0.646169543266, 0.0252570193261, 0.000180119284778, 4.69028975658e-08],
        "dvar2": [0.0976077839732, 6.05016803741, 143.637527466, 533.322265625, 556.902099609, 288.361206055, 107.675933838, 114.313941956, 1101.92993164, 2858.4206543, 686.574279785, 2480.58813477, 3065.57666016, 3866.17578125, 7101.44384766, 2887.78564453, 8166.79003906, 9783.45117188, 4237.54931641, 2850.70922852, 1640.46801758, 1747.35510254, 1952.20947266, 1792.68896484, 2915.12084961, 1955.84863281, 2001.71032715, 1501.12756348, 1332.03601074, 815.952575684, 777.602111816, 514.248168945, 413.787841797, 275.773254395, 45.0627670288, 18.6889076233, 1.52218866348, 0.0603774599731, 0.000427629129263, 1.11497790556e-07],
        "max": [3.65852642059, 21.5843009949, 86.7982711792, 124.223594666, 128.431472778, 144.743179321, 126.782592773, 209.251663208, 504.746154785, 732.41784668, 426.579071045, 714.552001953, 833.636291504, 676.764160156, 918.745178223, 1005.50952148, 2124.65209961, 2309.21264648, 1315.23852539, 784.09185791, 298.945220947, 356.401519775, 406.216003418, 436.432189941, 735.305847168, 297.157867432, 242.281433105, 254.721679688, 249.844284058, 167.026107788, 176.392501831, 171.366622925, 134.777389526, 82.1724472046, 42.6077423096, 29.5811252594, 9.54001140594, 2.12757134438, 0.216188818216, 0.0032217844855],
        "mean": [0.234569832683, 1.86372518539, 4.51826190948, 4.32745885849, 4.65099287033, 4.60604047775, 3.95312643051, 7.44964838028, 18.1896038055, 28.1243782043, 16.307100296, 20.8516807556, 22.0830726624, 33.1648597717, 35.4174079895, 21.1426753998, 39.0480728149, 42.8273239136, 29.6568336487, 22.5941982269, 17.935174942, 19.5503921509, 19.3709316254, 18.8839626312, 18.8643703461, 17.8129005432, 16.7952194214, 16.7275333405, 16.0824375153, 13.3831338882, 13.0598144531, 11.8977308273, 9.04699134827, 5.87071275711, 2.37896633148, 1.22787392139, 0.359391838312, 0.0605760551989, 0.00421838089824, 0.000115742783237],
        "median": [0.0239382386208, 0.253370046616, 0.562738180161, 0.839344739914, 1.42103719711, 1.68874692917, 2.01517152786, 4.09222793579, 8.84407043457, 12.623664856, 7.80161094666, 7.73269319534, 9.19863128662, 12.8288383484, 12.1920547485, 8.9649515152, 11.526014328, 6.62807893753, 6.49340724945, 6.79008102417, 7.36574363708, 8.45816421509, 8.1027545929, 7.939702034, 7.15057659149, 7.0092382431, 6.18754291534, 6.25858449936, 5.49409389496, 4.34388971329, 4.19328832626, 3.22837162018, 2.67594337463, 1.90916800499, 0.706636548042, 0.367758274078, 0.081590116024, 0.00673490297049, 0.000232960170251, 5.41228582733e-05],
        "min": [3.29974735881e-22, 1.01057822697e-21, 6.63210918094e-21, 1.78956211908e-20, 6.529112997e-20, 1.01112050687e-19, 3.27133000912e-20, 1.87417956151e-19, 2.20894343282e-19, 5.27660684097e-19, 4.44748907482e-19, 7.5381351793e-19, 1.49240412085e-18, 6.7087935574e-19, 1.20115113884e-18, 2.49180818304e-18, 3.78391041516e-18, 3.66386169286e-18, 3.54771850383e-18, 4.91821615812e-18, 7.52253186461e-18, 7.37623918302e-18, 1.04529531878e-17, 9.24771960248e-18, 1.08026289025e-17, 1.25257867392e-17, 1.76555630244e-17, 1.52216502464e-17, 1.94638278199e-17, 1.41262017263e-17, 1.47958093952e-17, 1.46002920226e-17, 9.63215840961e-18, 1.16830327972e-17, 8.78045850934e-18, 5.29266965449e-18, 2.3867068212e-18, 1.04615868855e-18, 2.34488487962e-19, 2.90652106388e-20],
        "var": [0.15586681664, 11.8602981567, 121.929626465, 181.020111084, 155.861740112, 83.6699905396, 39.6325492859, 109.578079224, 806.020446777, 1808.51574707, 579.729919434, 1637.50402832, 1805.33959961, 2824.65332031, 4246.67285156, 1449.16882324, 9976.17089844, 18347.1699219, 6800.86328125, 2082.72070312, 755.008422852, 884.571899414, 933.502990723, 863.615356445, 1102.3671875, 795.164733887, 759.657043457, 687.755187988, 636.47052002, 427.312255859, 430.557159424, 386.4190979, 229.499069214, 106.355178833, 20.219165802, 6.80086803436, 0.707872867584, 0.0286271963269, 0.000204962241696, 5.75819427695e-08]
    },
    "gfcc": {
        "mean": [-23.7338962555, 57.274471283, -116.984115601, 11.2625255585, -73.5134429932, 14.7776117325, -37.7025337219, 13.1468629837, -24.0186367035, 8.47319984436, -12.4835958481, 4.1131644249, -13.2498722076],
        "cov": [[24652.3710938, -3608.83203125, 3067.70556641, 3937.47045898, 881.990234375, 2542.52075195, -135.575241089, 888.246520996, -292.675567627, 597.651367188, -825.655700684, -10.3063840866, -559.792175293], [-3608.83203125, 2611.33789062, 23.8152923584, -443.805084229, 104.928283691, -357.99697876, 309.212677002, -242.54649353, 196.955322266, -219.31729126, 275.270080566, -107.09047699, 166.134658813], [3067.70556641, 23.8152923584, 1699.45849609, 899.406860352, 377.013366699, 553.067871094, 166.565536499, 214.209625244, 10.460896492, 133.695007324, -97.6570205688, 30.5450496674, -92.2361221313], [3937.47045898, -443.805084229, 899.406860352, 1478.89941406, 534.586425781, 636.505126953, 177.385467529, 268.848968506, 62.2617683411, 120.41153717, -117.099441528, -44.580368042, -119.490852356], [881.990234375, 104.928283691, 377.013366699, 534.586425781, 638.99621582, 393.127349854, 249.908325195, 176.336227417, 110.817268372, 71.8839492798, 33.0775413513, 20.2718486786, -23.7986183167], [2542.52075195, -357.99697876, 553.067871094, 636.505126953, 393.127349854, 707.944824219, 165.997756958, 220.111282349, 43.2903060913, 153.145462036, -30.7542285919, 36.73072052, -66.159614563], [-135.575241089, 309.212677002, 166.565536499, 177.385467529, 249.908325195, 165.997756958, 307.069793701, 110.412498474, 144.753067017, 21.1150341034, 62.5298080444, 31.1395130157, 25.2396774292], [888.246520996, -242.54649353, 214.209625244, 268.848968506, 176.336227417, 220.111282349, 110.412498474, 283.288665771, 84.6776275635, 91.7411117554, -21.5463199615, 39.8345031738, -6.50767803192], [-292.675567627, 196.955322266, 10.460896492, 62.2617683411, 110.817268372, 43.2903060913, 144.753067017, 84.6776275635, 221.123458862, 58.2642745972, 69.8283309937, 13.5749855042, 31.2137947083], [597.651367188, -219.31729126, 133.695007324, 120.41153717, 71.8839492798, 153.145462036, 21.1150341034, 91.7411117554, 58.2642745972, 170.061798096, 29.0731658936, 46.1827926636, -15.3511018753], [-825.655700684, 275.270080566, -97.6570205688, -117.099441528, 33.0775413513, -30.7542285919, 62.5298080444, -21.5463199615, 69.8283309937, 29.0731658936, 146.698150635, 49.0857925415, 45.1416130066], [-10.3063840866, -107.09047699, 30.5450496674, -44.580368042, 20.2718486786, 36.73072052, 31.1395130157, 39.8345031738, 13.5749855042, 46.1827926636, 49.0857925415, 137.968841553, 41.1811256409], [-559.792175293, 166.134658813, -92.2361221313, -119.490852356, -23.7986183167, -66.159614563, 25.2396774292, -6.50767803192, 31.2137947083, -15.3511018753, 45.1416130066, 41.1811256409, 105.050247192]],
        "icov": [[0.00011863875261, 1.640899427e-05, -2.87272505375e-05, -0.000207062272239, 0.000126585713588, -0.000276121485513, 0.000163282282301, 1.88566855286e-06, -4.86828639623e-06, -6.61533413222e-05, 0.000339534453815, -0.000137839044328, 6.10795759712e-05], [1.640899427e-05, 0.00109820463695, -0.000511194288265, 0.000294413650408, -0.000239141852944, 0.000307929352857, -0.000816006213427, 0.000579806801397, -0.000295751699014, 0.00103258492891, -0.00183113839012, 0.00167162867729, -0.00102123559918], [-2.87272505375e-05, -0.000511194288265, 0.00121055194177, -0.000519555353094, 0.000119426200399, -0.000318143225741, -4.07168554375e-05, -0.000182682255399, 0.000408234482165, -0.000797538494226, 0.00122708361596, -0.00110012700316, 0.000618555292021], [-0.000207062272239, 0.000294413650408, -0.000519555353094, 0.00205434719101, -0.00099313154351, -6.13066440565e-05, -0.00027978932485, -0.00013711565407, -0.000417726289015, 0.000514195242431, -0.000444943085313, 0.00128625135403, -7.07725257598e-06], [0.000126585713588, -0.000239141852944, 0.000119426200399, -0.00099313154351, 0.00366498576477, -0.00131132721435, -0.00129318470135, -0.000543994421605, 0.000149708081153, 9.46578293224e-05, -0.000322959356708, -0.000362512480933, 0.000559623236768], [-0.000276121485513, 0.000307929352857, -0.000318143225741, -6.13066440565e-05, -0.00131132721435, 0.0043250573799, -0.00160351092927, -0.000465863296995, 0.00111386692151, -0.00157166772988, -0.00101887516212, 0.000543946283869, 0.000139714160468], [0.000163282282301, -0.000816006213427, -4.07168554375e-05, -0.00027978932485, -0.00129318470135, -0.00160351092927, 0.00844543613493, -0.00146843236871, -0.00354061741382, 0.00215747207403, 0.000155701578478, -0.00215487647802, 0.000528801057953], [1.88566855286e-06, 0.000579806801397, -0.000182682255399, -0.00013711565407, -0.000543994421605, -0.000465863296995, -0.00146843236871, 0.00682825641707, -0.00180952309165, -0.001527393586, 0.00210624583997, -0.000697167997714, -0.00118141039275], [-4.86828639623e-06, -0.000295751699014, 0.000408234482165, -0.000417726289015, 0.000149708081153, 0.00111386692151, -0.00354061741382, -0.00180952309165, 0.00922760553658, -0.00350166857243, -0.00202270853333, 0.00193237746134, -0.00134277890902], [-6.61533413222e-05, 0.00103258492891, -0.000797538494226, 0.000514195242431, 9.46578293224e-05, -0.00157166772988, 0.00215747207403, -0.001527393586, -0.00350166857243, 0.0120590506122, -0.00481090182438, -0.000948062224779, 0.00155936647207], [0.000339534453815, -0.00183113839012, 0.00122708361596, -0.000444943085313, -0.000322959356708, -0.00101887516212, 0.000155701578478, 0.00210624583997, -0.00202270853333, -0.00481090182438, 0.0167988669127, -0.00623722886667, -0.000220908259507], [-0.000137839044328, 0.00167162867729, -0.00110012700316, 0.00128625135403, -0.000362512480933, 0.000543946283869, -0.00215487647802, -0.000697167997714, 0.00193237746134, -0.000948062224779, -0.00623722886667, 0.0138053894043, -0.00559041975066], [6.10795759712e-05, -0.00102123559918, 0.000618555292021, -7.07725257598e-06, 0.000559623236768, 0.000139714160468, 0.000528801057953, -0.00118141039275, -0.00134277890902, 0.00155936647207, -0.000220908259507, -0.00559041975066, 0.0149226859212]]
    },
    "melbands": {
        "dmean": [0.00116595544387, 0.00150687992573, 0.000723473029211, 0.000353131996235, 0.00010886930977, 0.000104221515357, 0.000187898258446, 0.000205917473068, 9.65896178968e-05, 9.58654782153e-05, 8.11902136775e-05, 9.56990406848e-05, 0.00010787017527, 4.24153149652e-05, 5.85137568123e-05, 5.28005439264e-05, 5.11469224875e-05, 2.98515788018e-05, 2.53875750786e-05, 2.47264943027e-05, 1.59238716151e-05, 1.59771352628e-05, 1.64679040608e-05, 1.41981772686e-05, 1.20169188449e-05, 1.31043552756e-05, 9.80632285064e-06, 9.69359734881e-06, 8.7359767349e-06, 9.64018454397e-06, 7.39743563827e-06, 7.90503327153e-06, 5.71060581933e-06, 6.4477462729e-06, 6.22203560852e-06, 5.66076596442e-06, 5.28178543391e-06, 4.8954916565e-06, 5.6418175518e-06, 4.4049729695e-06],
        "dmean2": [0.00150295021012, 0.00207982980646, 0.00110666744877, 0.000612545525655, 0.00018486357294, 0.000161668038345, 0.000288924347842, 0.000334293348715, 0.000154042805661, 0.000153527929797, 0.00012980432075, 0.00015408694162, 0.00017158157425, 7.06378050381e-05, 9.72973866737e-05, 8.27376279631e-05, 8.14015074866e-05, 4.80713533761e-05, 4.20315336669e-05, 4.1748957301e-05, 2.67291725322e-05, 2.63653219008e-05, 2.7120939194e-05, 2.31935900956e-05, 1.98805191758e-05, 2.19015983021e-05, 1.61798652698e-05, 1.62255455507e-05, 1.44715713759e-05, 1.63679524121e-05, 1.17712488645e-05, 1.28666260935e-05, 9.01274142961e-06, 1.03243692138e-05, 9.88077044894e-06, 8.81587220647e-06, 8.33586909721e-06, 7.7901631812e-06, 9.31118211156e-06, 7.35908679417e-06],
        "dvar": [3.84686336474e-06, 1.15275870485e-05, 4.34399953519e-06, 8.1038439248e-07, 5.53680727933e-08, 2.67087880701e-08, 1.09857950292e-07, 1.28021369505e-07, 2.78543499377e-08, 3.553327943e-08, 3.14844044169e-08, 2.76615654826e-08, 4.84948934343e-08, 7.54352491583e-09, 1.8198702989e-08, 1.42321043839e-08, 1.9111588756e-08, 5.10716624547e-09, 2.55137377891e-09, 2.11073136747e-09, 7.84294018619e-10, 7.83234532786e-10, 9.22372012102e-10, 6.37253694258e-10, 4.71743200059e-10, 8.57445281444e-10, 3.45612455321e-10, 3.64607122272e-10, 2.7278129755e-10, 4.52776260929e-10, 1.50750911754e-10, 2.01424932289e-10, 9.06889979779e-11, 1.30826169342e-10, 1.20722834507e-10, 9.95390853076e-11, 9.0304166922e-11, 7.90913584625e-11, 1.04835674863e-10, 7.32760657707e-11],
        "dvar2": [6.47038314128e-06, 1.97916215257e-05, 9.91726756183e-06, 2.24426594286e-06, 1.57728322847e-07, 6.27683505172e-08, 2.46272009008e-07, 3.24250578387e-07, 6.47968647627e-08, 8.4736022643e-08, 7.4578458964e-08, 6.81439900063e-08, 1.14246851979e-07, 1.88171274118e-08, 4.45989911668e-08, 3.11071985948e-08, 4.12490734902e-08, 1.20220304822e-08, 5.99207083951e-09, 5.39287947632e-09, 2.02991179421e-09, 2.01443062231e-09, 2.36625963268e-09, 1.54836721222e-09, 1.2144558692e-09, 2.2777488784e-09, 9.04851138461e-10, 9.820182445e-10, 7.16445569537e-10, 1.22779608702e-09, 3.6429120831e-10, 5.09875086596e-10, 2.13775719349e-10, 3.23912507927e-10, 2.92677271307e-10, 2.29768357118e-10, 2.16099152461e-10, 1.88289758785e-10, 2.67010996646e-10, 1.89058657618e-10],
        "max": [0.0299631170928, 0.0386933684349, 0.0190106444061, 0.0100117530674, 0.00469345971942, 0.00570207973942, 0.00762299774215, 0.00805526319891, 0.0035830126144, 0.00391947757453, 0.00411988981068, 0.00313124945387, 0.00337368808687, 0.0030470713973, 0.00455625494942, 0.00351190543734, 0.00529206544161, 0.00217303261161, 0.00145698187407, 0.000731445965357, 0.000469950085972, 0.000378626718884, 0.000441613723524, 0.000571910524741, 0.00036004462163, 0.000517342996318, 0.000425576698035, 0.000202542447369, 0.000162616895977, 0.000252276397077, 0.000123005185742, 0.000154597350047, 8.56678379932e-05, 0.000106351930299, 0.000121349192341, 0.000139626965392, 0.000144038102007, 9.15186537895e-05, 9.10534290597e-05, 7.18128721928e-05],
        "mean": [0.00221054116264, 0.00243608653545, 0.000770749873482, 0.000359619181836, 0.00014511909103, 0.000169054910657, 0.000281508895569, 0.000298444967484, 0.000136282978929, 0.00012220449571, 0.000107925916382, 0.000132799817948, 0.000129999578348, 5.49365722691e-05, 7.66843149904e-05, 8.01756323199e-05, 7.95203086454e-05, 4.59771435999e-05, 3.27268935507e-05, 2.8336457035e-05, 1.90532373381e-05, 1.97729859792e-05, 1.96420005523e-05, 1.64919583767e-05, 1.49437591972e-05, 1.48508479469e-05, 1.21738439702e-05, 1.16894425446e-05, 1.04026776171e-05, 1.0434192518e-05, 9.39009714784e-06, 9.33611863729e-06, 7.55874634706e-06, 7.50882554712e-06, 7.46154864828e-06, 7.5357888818e-06, 7.23710991224e-06, 6.26881274002e-06, 6.0617599047e-06, 4.62484149466e-06],
        "median": [0.000337167701218, 0.00038140383549, 0.000175112261786, 0.000118929303426, 7.35866560717e-05, 9.04618209461e-05, 0.000139232724905, 0.000130810702103, 5.92660871916e-05, 4.56588859379e-05, 4.23407254857e-05, 4.65366174467e-05, 4.05470746045e-05, 2.11498918361e-05, 2.50310567935e-05, 1.83365464181e-05, 1.0265111996e-05, 9.37755430641e-06, 8.07222750154e-06, 8.68779534358e-06, 7.37661775929e-06, 7.65157346905e-06, 7.4633649092e-06, 5.94802895648e-06, 5.86910573475e-06, 5.03952014697e-06, 4.57162332168e-06, 4.21878121415e-06, 3.45912349076e-06, 3.32771423928e-06, 3.30367674906e-06, 2.88625687972e-06, 2.37533413383e-06, 2.1588891741e-06, 2.28537010116e-06, 1.95276879822e-06, 1.77053982497e-06, 1.6393015585e-06, 1.88726210126e-06, 1.4202055354e-06],
        "min": [2.93323452009e-24, 3.15653500995e-24, 4.22258349346e-24, 6.08030517132e-24, 1.66943260992e-24, 4.06545620621e-24, 4.70123234188e-24, 6.39599783926e-24, 3.50007998987e-24, 4.86115732434e-24, 7.30137152803e-24, 2.44547472264e-24, 2.52836980428e-24, 6.08681682367e-24, 5.67281354871e-24, 6.90428419189e-24, 7.31704698308e-24, 5.87444008519e-24, 6.85213575289e-24, 5.660743188e-24, 7.92448329074e-24, 6.61272514563e-24, 6.48538090742e-24, 6.7818711232e-24, 5.91226912104e-24, 9.71196558246e-24, 6.42259428468e-24, 7.57794695026e-24, 1.03586019662e-23, 1.07759764383e-23, 7.58883796392e-24, 1.06087750028e-23, 1.03796109098e-23, 7.01833060182e-24, 6.97946105844e-24, 1.12146753983e-23, 7.25064540524e-24, 6.34192576294e-24, 6.74817650736e-24, 9.49093780087e-24],
        "var": [1.37148063004e-05, 2.45608498517e-05, 4.5879028221e-06, 6.15136968918e-07, 5.41405746901e-08, 5.88249697842e-08, 1.84159318906e-07, 2.10678607004e-07, 4.98315948505e-08, 5.37233830755e-08, 4.4572907143e-08, 4.98048002839e-08, 6.7157174044e-08, 1.01667296803e-08, 3.49374786879e-08, 4.28024407029e-08, 7.35123748541e-08, 1.82021260287e-08, 5.4299462704e-09, 2.74480127516e-09, 9.32648624996e-10, 1.02058272944e-09, 1.04512021259e-09, 7.55394746754e-10, 5.65218372106e-10, 8.10164935139e-10, 3.94995286479e-10, 3.69201780259e-10, 2.85108631148e-10, 3.85288939642e-10, 1.99973537729e-10, 2.26127783165e-10, 1.28609470296e-10, 1.48007495149e-10, 1.46324424799e-10, 1.59669069633e-10, 1.54462831414e-10, 1.12437760491e-10, 1.10488430904e-10, 7.02703381594e-11]
    },
    "mfcc": {
        "mean": [-662.16394043, 92.9155197144, 7.05853271484, -0.946574747562, -9.56496715546, -4.29223918915, -2.06711411476, -1.02551615238, -2.21020722389, -1.28878164291, 1.74368238449, 3.77772307396, 3.22925710678],
        "cov": [[17729.2148438, -2889.57568359, 815.761108398, 1819.08349609, 1757.70373535, 1538.95483398, 903.009277344, 834.056091309, 688.41986084, 866.923950195, 322.314880371, 53.3536109924, -265.38973999], [-2889.57568359, 1997.97460938, 123.916656494, -132.717025757, -194.394378662, -128.138763428, 14.6617336273, -15.9161834717, -44.2633590698, -83.8779296875, -2.10286688805, 52.5755195618, 80.9543075562], [815.761108398, 123.916656494, 900.761230469, 381.46383667, 270.976867676, 242.642044067, 171.369155884, 137.626480103, 111.711975098, 85.1885681152, 63.7823257446, 44.307636261, -0.707152962685], [1819.08349609, -132.717025757, 381.46383667, 831.579101562, 446.768798828, 356.432098389, 235.496002197, 240.263504028, 166.27520752, 197.026550293, 78.5134124756, 46.4525527954, -14.8636808395], [1757.70373535, -194.394378662, 270.976867676, 446.768798828, 543.300048828, 402.003265381, 274.260040283, 212.956863403, 162.066650391, 181.429962158, 107.960533142, 53.9291419983, 2.36000204086], [1538.95483398, -128.138763428, 242.642044067, 356.432098389, 402.003265381, 527.518981934, 285.300506592, 225.129074097, 140.032821655, 165.670715332, 127.06312561, 75.1193161011, 22.4258174896], [903.009277344, 14.6617336273, 171.369155884, 235.496002197, 274.260040283, 285.300506592, 294.516693115, 188.38458252, 120.345573425, 100.782150269, 75.2209091187, 51.0320549011, 31.906414032], [834.056091309, -15.9161834717, 137.626480103, 240.263504028, 212.956863403, 225.129074097, 188.38458252, 280.333221436, 157.773544312, 119.885452271, 72.5291366577, 54.7888259888, 50.2461166382], [688.41986084, -44.2633590698, 111.711975098, 166.27520752, 162.066650391, 140.032821655, 120.345573425, 157.773544312, 195.511932373, 134.634429932, 71.8223342896, 26.2087364197, 34.6752243042], [866.923950195, -83.8779296875, 85.1885681152, 197.026550293, 181.429962158, 165.670715332, 100.782150269, 119.885452271, 134.634429932, 197.123504639, 98.2553482056, 42.7630500793, 13.5725898743], [322.314880371, -2.10286688805, 63.7823257446, 78.5134124756, 107.960533142, 127.06312561, 75.2209091187, 72.5291366577, 71.8223342896, 98.2553482056, 150.476165771, 70.3122711182, 43.0477638245], [53.3536109924, 52.5755195618, 44.307636261, 46.4525527954, 53.9291419983, 75.1193161011, 51.0320549011, 54.7888259888, 26.2087364197, 42.7630500793, 70.3122711182, 104.735374451, 53.2837409973], [-265.38973999, 80.9543075562, -0.707152962685, -14.8636808395, 2.36000204086, 22.4258174896, 31.906414032, 50.2461166382, 34.6752243042, 13.5725898743, 43.0477638245, 53.2837409973, 126.610725403]],
