{
"lowlevel": {
    "average_loudness": 0.920982182026,
    "barkbands_crest": {
        "dmean": 3.21521472931,
        "dmean2": 5.17432308197,
        "dvar": 8.7180929184,
        "dvar2": 21.3848056793,
        "max": 26.0915679932,
        "mean": 10.4918909073,
        "median": 9.35935878754,
        "min": 1.88994765282,
        "var": 30.8360862732
    },
    "barkbands_flatness_db": {
        "dmean": 0.0326003991067,
        "dmean2": 0.0490953363478,
        "dvar": 0.00163059693296,
        "dvar2": 0.00344615755603,
        "max": 0.644595503807,
        "mean": 0.126551151276,
        "median": 0.0835646241903,
        "min": 0.0111224167049,
        "var": 0.011203485541
    },
    "barkbands_kurtosis": {
        "dmean": 5.2257771492,
        "dmean2": 8.00536155701,
        "dvar": 212.679626465,
        "dvar2": 487.859832764,
        "max": 371.646026611,
        "mean": 6.50196695328,
        "median": 0.00247693061829,
        "min": -1.86043787003,
        "var": 433.478424072
    },
    "barkbands_skewness": {
        "dmean": 0.802982985973,
        "dmean2": 1.21119868755,
        "dvar": 0.837098181248,
        "dvar2": 1.95986247063,
        "max": 16.0157032013,
        "mean": 1.48933768272,
        "median": 1.02152955532,
        "min": -2.26471304893,
        "var": 3.14574503899
    },
    "barkbands_spread": {
        "dmean": 9.93369102478,
        "dmean2": 15.332449913,
        "dvar": 120.935203552,
        "dvar2": 256.650939941,
        "max": 98.8561019897,
        "mean": 36.5518226624,
        "median": 37.6844215393,
        "min": 0.170211941004,
        "var": 535.090576172
    },
    "dissonance": {
        "dmean": 0.0154615035281,
        "dmean2": 0.0258824061602,
        "dvar": 0.000506066367961,
        "dvar2": 0.00131144293118,
        "max": 0.5,
        "mean": 0.475072562695,
        "median": 0.48654922843,
        "min": 0.0851076617837,
        "var": 0.00105533981696
    },
    "dynamic_complexity": 3.530356884,
    "erbbands_crest": {
        "dmean": 2.19427919388,
        "dmean2": 3.61187601089,
        "dvar": 6.87012624741,
        "dvar2": 16.1832580566,
        "max": 27.4070358276,
        "mean": 6.67642641068,
        "median": 4.97442913055,
        "min": 2.04315042496,
        "var": 20.1420555115
    },
    "erbbands_flatness_db": {
        "dmean": 0.0192201994359,
        "dmean2": 0.0295854527503,
        "dvar": 0.000594044278841,
        "dvar2": 0.00119061442092,
        "max": 0.522167265415,
        "mean": 0.14260174334,
        "median": 0.106449715793,
        "min": 0.0521810241044,
        "var": 0.00677677197382
    },
    "erbbands_kurtosis": {
        "dmean": 1.15662491322,
        "dmean2": 1.84556794167,
        "dvar": 9.08482170105,
        "dvar2": 18.8674468994,
        "max": 66.6727676392,
        "mean": 0.489269703627,
        "median": -0.259824514389,
        "min": -1.7322845459,
        "var": 13.8651666641
    },
    "erbbands_skewness": {
        "dmean": 0.416251242161,
        "dmean2": 0.643545567989,
        "dvar": 0.253059864044,
        "dvar2": 0.577302575111,
        "max": 7.16490125656,
        "mean": 0.00548987835646,
        "median": -0.238552823663,
        "min": -2.37508797646,
        "var": 0.877878010273
    },
    "erbbands_spread": {
        "dmean": 10.9702663422,
        "dmean2": 17.1657009125,
        "dvar": 115.518173218,
        "dvar2": 256.7940979,
        "max": 151.166503906,
        "mean": 47.1727981567,
        "median": 47.0360145569,
        "min": 1.14501523972,
        "var": 439.671264648
    },
    "hfc": {
        "dmean": 23.7351016998,
        "dmean2": 36.5080604553,
        "dvar": 1020.58837891,
        "dvar2": 2384.6262207,
        "max": 283.182769775,
        "mean": 44.3927116394,
        "median": 31.1964378357,
        "min": 1.05950355201e-16,
        "var": 2049.70336914
    },
    "melbands_crest": {
        "dmean": 4.23765993118,
        "dmean2": 6.77483987808,
        "dvar": 14.1401500702,
        "dvar2": 36.1676826477,
        "max": 33.7371559143,
        "mean": 16.3224925995,
        "median": 15.9278392792,
        "min": 1.71865999699,
        "var": 42.771030426
    },
    "melbands_flatness_db": {
        "dmean": 0.0442751906812,
        "dmean2": 0.0662854835391,
        "dvar": 0.00248396769166,
        "dvar2": 0.00537377037108,
        "max": 0.830963969231,
        "mean": 0.180732056499,
        "median": 0.142650738358,
        "min": 0.00323478854261,
        "var": 0.0156278517097
    },
    "melbands_kurtosis": {
        "dmean": 12.5958204269,
        "dmean2": 19.4658489227,
        "dvar": 635.597900391,
        "dvar2": 1569.37280273,
        "max": 592.168945312,
        "mean": 19.8077602386,
        "median": 7.48246192932,
        "min": -1.73438251019,
        "var": 1269.95031738
    },
    "melbands_skewness": {
        "dmean": 1.08435511589,
        "dmean2": 1.6574010849,
        "dvar": 1.36493360996,
        "dvar2": 3.28287410736,
        "max": 19.3486652374,
        "mean": 3.08822226524,
        "median": 2.62360930443,
        "min": -1.76366686821,
        "var": 4.59699630737
    },
    "melbands_spread": {
        "dmean": 15.2823915482,
        "dmean2": 23.7787818909,
        "dvar": 278.419555664,
        "dvar2": 619.046325684,
        "max": 155.047866821,
        "mean": 36.1359863281,
        "median": 30.6562099457,
        "min": 0.261198669672,
        "var": 781.632080078
    },
    "pitch_salience": {
        "dmean": 0.0910648033023,
        "dmean2": 0.142359972,
        "dvar": 0.00910339690745,
        "dvar2": 0.0234538894147,
        "max": 0.959074139595,
        "mean": 0.54776763916,
        "median": 0.575440168381,
        "min": 0.0813391730189,
        "var": 0.0261851493269
    },
    "silence_rate_20dB": {
        "dmean": 0,
        "dmean2": 0,
        "dvar": 0,
        "dvar2": 0,
        "max": 1,
        "mean": 1,
        "median": 1,
        "min": 1,
        "var": 0
    },
    "silence_rate_30dB": {
        "dmean": 0,
        "dmean2": 0,
        "dvar": 0,
        "dvar2": 0,
        "max": 1,
        "mean": 1,
        "median": 1,
        "min": 1,
        "var": 0
    },
    "silence_rate_60dB": {
        "dmean": 0.00947867333889,
        "dmean2": 0.0189589504153,
        "dvar": 0.00939023960382,
        "dvar2": 0.0213097780943,
        "max": 1,
        "mean": 0.0943555906415,
        "median": 0,
        "min": 0,
        "var": 0.0854546204209
    },
    "spectral_centroid": {
        "dmean": 402.714202881,
        "dmean2": 625.224914551,
        "dvar": 182249.296875,
        "dvar2": 379978.9375,
        "max": 11657.9150391,
        "mean": 1878.41674805,
        "median": 2046.80810547,
        "min": 115.169425964,
        "var": 1003578.6875
    },
    "spectral_complexity": {
        "dmean": 7.37745428085,
        "dmean2": 11.1835803986,
        "dvar": 58.9883575439,
        "dvar2": 120.930046082,
        "max": 62,
        "mean": 27.8768730164,
        "median": 30,
        "min": 0,
        "var": 321.143737793
    },
    "spectral_decrease": {
        "dmean": 1.86471127428e-09,
        "dmean2": 2.95382607263e-09,
        "dvar": 3.91174538857e-18,
        "dvar2": 9.57382728718e-18,
        "max": 2.023817019e-28,
        "mean": -6.99093982703e-09,
        "median": -7.43122408053e-09,
        "min": -2.15784101698e-08,
        "var": 1.89940090843e-17
    },
    "spectral_energy": {
        "dmean": 0.00821381341666,
        "dmean2": 0.0131098646671,
        "dvar": 7.57202287787e-05,
        "dvar2": 0.000188104007975,
        "max": 0.0830103456974,
        "mean": 0.0304119121283,
        "median": 0.0325722880661,
        "min": 9.88940789658e-21,
        "var": 0.000345380482031
    },
    "spectral_energyband_high": {
        "dmean": 0.00226412597112,
        "dmean2": 0.00346585828811,
        "dvar": 1.10880191642e-05,
        "dvar2": 2.5382527383e-05,
        "max": 0.0286968816072,
        "mean": 0.00388021604158,
        "median": 0.0023093612399,
        "min": 7.10330768934e-21,
        "var": 2.1295654733e-05
    },
    "spectral_energyband_low": {
        "dmean": 0.00506472028792,
        "dmean2": 0.00725381588563,
        "dvar": 4.53771390312e-05,
        "dvar2": 8.19152992335e-05,
        "max": 0.0718708336353,
        "mean": 0.01319074817,
        "median": 0.00769585371017,
        "min": 1.70938506211e-23,
        "var": 0.000205143020139
    },
    "spectral_energyband_middle_high": {
        "dmean": 0.00315745687112,
        "dmean2": 0.00531202275306,
        "dvar": 1.68156348082e-05,
        "dvar2": 4.31464613939e-05,
        "max": 0.0343971215189,
        "mean": 0.00573838409036,
        "median": 0.00446955021471,
        "min": 1.07252478542e-21,
        "var": 2.83365025098e-05
    },
    "spectral_energyband_middle_low": {
        "dmean": 0.00436841370538,
        "dmean2": 0.00676883105189,
        "dvar": 3.20136932714e-05,
        "dvar2": 6.93777328706e-05,
        "max": 0.064200937748,
        "mean": 0.00927936565131,
        "median": 0.00796565506607,
        "min": 1.62369031311e-22,
        "var": 5.92559699726e-05
    },
    "spectral_entropy": {
        "dmean": 0.239570304751,
        "dmean2": 0.367558658123,
        "dvar": 0.127118065953,
        "dvar2": 0.274348258972,
        "max": 9.81935310364,
        "mean": 7.86040353775,
        "median": 8.17680644989,
        "min": 4.16504859924,
        "var": 0.609031319618
    },
    "spectral_flux": {
        "dmean": 0.0246453359723,
        "dmean2": 0.0377281680703,
        "dvar": 0.000678263080772,
        "dvar2": 0.00128763110843,
        "max": 0.292521685362,
        "mean": 0.102037571371,
        "median": 0.105230621994,
        "min": 6.26071416931e-11,
        "var": 0.00252806465141
    },
    "spectral_kurtosis": {
        "dmean": 3.63625788689,
        "dmean2": 6.08274507523,
        "dvar": 188.771820068,
        "dvar2": 543.191345215,
        "max": 537.785400391,
        "mean": 7.32456016541,
        "median": 2.03190755844,
        "min": -1.24497377872,
        "var": 1002.00036621
    },
    "spectral_rms": {
        "dmean": 0.000757389061619,
        "dmean2": 0.00119355355855,
        "dvar": 6.21737910933e-07,
        "dvar2": 1.51075437316e-06,
        "max": 0.00899920519441,
        "mean": 0.00503840856254,
        "median": 0.00563718378544,
        "min": 3.10615552376e-12,
        "var": 4.28448856837e-06
    },
    "spectral_rolloff": {
        "dmean": 1302.93115234,
        "dmean2": 2034.87060547,
        "dvar": 2569617,
        "dvar2": 5169008,
        "max": 19875.1464844,
        "mean": 2949.90869141,
        "median": 2347.11914062,
        "min": 64.599609375,
        "var": 7030262
    },
    "spectral_skewness": {
        "dmean": 0.331543534994,
        "dmean2": 0.533392727375,
        "dvar": 0.446352034807,
        "dvar2": 1.15386581421,
        "max": 20.8072357178,
        "mean": 1.46116578579,
        "median": 1.15161049366,
        "min": -0.0862574800849,
        "var": 2.15276479721
    },
    "spectral_spread": {
        "dmean": 728740.9375,
        "dmean2": 1071235,
        "dvar": 778955915264,
        "dvar2": 1.3016203264e+12,
        "max": 41859428,
        "mean": 5446349.5,
        "median": 5802766.5,
        "min": 185785.34375,
        "var": 7.60971316429e+12
    },
    "spectral_strongpeak": {
        "dmean": 0.26251244545,
        "dmean2": 0.441687315702,
        "dvar": 0.207075089216,
        "dvar2": 0.592369794846,
        "max": 6.69501018524,
        "mean": 0.530880093575,
        "median": 0.435588806868,
        "min": 0,
        "var": 0.232471391559
    },
    "zerocrossingrate": {
        "dmean": 0.0200589541346,
        "dmean2": 0.0236217789352,
        "dvar": 0.000375845498638,
        "dvar2": 0.000525292067323,
        "max": 0.80859375,
        "mean": 0.091701425612,
        "median": 0.08837890625,
        "min": 0.00244140625,
        "var": 0.00392645830289
    },
    "barkbands": {
        "dmean": [0.000136486749398, 0.00347019871697, 0.00270982133225, 0.00275783170946, 0.00231954618357, 0.00110763451084, 0.000419349438744, 0.000321366649587, 0.000532116333488, 0.000318613369018, 0.000344351865351, 0.000519161811098, 0.000548631884158, 0.000471142906463, 0.00051298935432, 0.000361244980013, 0.000418700685259, 0.000393814116251, 0.00037676433567, 0.000358149613021, 0.000362875900464, 0.000400207180064, 0.000481220107758, 0.000469749764306, 0.000429578387411, 0.000201464368729, 1.9276068997e-05],
        "dmean2": [0.000192095874809, 0.00457704020664, 0.00384610076435, 0.00452864309773, 0.00389857077971, 0.00178538064938, 0.000737026624847, 0.000547701725736, 0.000899307837244, 0.000540238339454, 0.000584200199228, 0.000885941728484, 0.000959261553362, 0.000828107818961, 0.000888462353032, 0.000624568550847, 0.000708033563569, 0.00066499406239, 0.000618626887444, 0.000590983370785, 0.00059002864873, 0.0006469762302, 0.000760714407079, 0.000730121973902, 0.000659532728605, 0.000301438994939, 3.13431555696e-05],
        "dvar": [4.17387902019e-08, 2.47693897109e-05, 3.30688708345e-05, 2.17275555769e-05, 1.88370813703e-05, 2.96495454677e-06, 5.18763556556e-07, 2.52934341916e-07, 5.10149732236e-07, 2.62379671767e-07, 2.42022593966e-07, 5.71756970658e-07, 7.63825198646e-07, 6.25093093731e-07, 6.13459178567e-07, 2.48508513323e-07, 4.01178709808e-07, 3.33234567051e-07, 2.62710187826e-07, 2.21393079869e-07, 2.70964136462e-07, 3.76430563165e-07, 5.32624824245e-07, 5.38172855613e-07, 5.30836643975e-07, 1.24923587919e-07, 1.68328739836e-09],
        "dvar2": [8.29246005196e-08, 3.82364596589e-05, 5.8397588873e-05, 5.37857267773e-05, 4.72460960736e-05, 6.95904964232e-06, 1.47195635236e-06, 6.95219569025e-07, 1.37058589189e-06, 6.87188673965e-07, 6.45297177471e-07, 1.51894710143e-06, 2.10571511161e-06, 1.7099246179e-06, 1.68438430137e-06, 6.86152361595e-07, 1.07663447579e-06, 8.62329443407e-07, 6.52706432902e-07, 5.60357307222e-07, 6.81614380937e-07, 9.40994368648e-07, 1.26429642933e-06, 1.21722428048e-06, 1.25522706185e-06, 2.73564069175e-07, 4.03653643843e-09],
        "max": [0.00317208934575, 0.0642001330853, 0.0553877465427, 0.062107115984, 0.0542641989887, 0.0187750011683, 0.00943335797638, 0.00602422747761, 0.00971526373178, 0.0086761880666, 0.00921372603625, 0.00830189231783, 0.00862819328904, 0.0104722101241, 0.00910582859069, 0.0056070513092, 0.00874537881464, 0.0107091013342, 0.00773151172325, 0.00579856568947, 0.00526806572452, 0.00876457989216, 0.00686722667888, 0.00687978183851, 0.00700121652335, 0.00387557246722, 0.000592120690271],
        "mean": [0.000240997818764, 0.00796719733626, 0.00337373255752, 0.00328428391367, 0.00265009421855, 0.00160613865592, 0.000495479383972, 0.000388622982427, 0.000745816272683, 0.00040711753536, 0.00042502611177, 0.000627433764748, 0.000616307079326, 0.000518650107551, 0.000589894014411, 0.000473392836284, 0.00060132908402, 0.000604358327109, 0.000607833266258, 0.000616018718574, 0.000629480113275, 0.000672364607453, 0.000712972134352, 0.000708682520781, 0.00055903440807, 0.000271464261459, 1.82317617146e-05],
        "median": [5.66645394429e-05, 0.00244849734008, 0.000730321160518, 0.00154879270121, 0.00138797727413, 0.000719417119399, 0.000278417079244, 0.000237523592659, 0.000498304783832, 0.000196505730855, 0.000230642443057, 0.000355975615093, 0.000333134899847, 0.000275880447589, 0.000312059069984, 0.000279152707662, 0.000344478787156, 0.000390219473047, 0.000386329367757, 0.000411571760196, 0.00040573743172, 0.000400379154598, 0.000379196600989, 0.000331150105922, 0.000217871536734, 9.9236756796e-05, 2.87077250505e-06],
        "min": [4.35081194614e-25, 2.62858334102e-24, 7.20713824721e-25, 9.44742975536e-25, 1.64829393811e-23, 1.67797419858e-23, 1.77803236917e-23, 7.74543395336e-24, 2.4256608244e-23, 1.62887407589e-23, 1.62871930138e-23, 2.41794529143e-23, 3.63903618171e-23, 3.78030917915e-23, 4.19094851455e-23, 8.33794801036e-23, 9.46589414926e-23, 1.13545533741e-22, 1.13019395072e-22, 1.79378929777e-22, 2.55467971965e-22, 3.22910555895e-22, 4.43888825437e-22, 6.42226329442e-22, 9.47796208027e-22, 1.3902393859e-21, 2.16760114775e-21],
        "var": [1.35085372222e-07, 0.000114089241833, 5.31223777216e-05, 2.2638203518e-05, 1.6936506654e-05, 5.53415156901e-06, 4.91334162689e-07, 2.43709422421e-07, 6.57260159187e-07, 3.84560195243e-07, 3.22342884829e-07, 6.2336624751e-07, 6.6253511477e-07, 5.25811799434e-07, 6.3340661427e-07, 3.21584678886e-07, 5.68168900372e-07, 5.47862214262e-07, 4.9921976597e-07, 4.38406402736e-07, 5.11170128448e-07, 6.94104471677e-07, 8.76176500242e-07, 9.18803209515e-07, 7.27347696738e-07, 1.89862618072e-07, 1.70483305251e-09]
    },
    "erbbands": {
        "dmean": [0.0950141847134, 0.857031106949, 2.66835594177, 6.23163461685, 8.50201892853, 8.01717853546, 9.01375198364, 7.61203336716, 6.0934882164, 5.75388526917, 8.80106544495, 11.7648382187, 9.93172645569, 13.1437549591, 11.886844635, 21.7288646698, 24.9202651978, 25.2136688232, 21.2043933868, 25.4433021545, 19.4643783569, 24.2938861847, 21.6113624573, 20.8640384674, 17.5122852325, 17.1790981293, 15.2771425247, 14.3418931961, 14.4692640305, 14.1642303467, 13.7711668015, 10.2826910019, 7.65301084518, 5.4747543335, 2.65179610252, 1.03571712971, 0.351813018322, 0.0593592785299, 0.00295021850616, 7.12465916877e-05],
        "dmean2": [0.125813350081, 1.06441938877, 3.53726649284, 9.69715976715, 13.7619495392, 14.0784626007, 14.9777679443, 12.7513723373, 10.7711372375, 9.95436191559, 14.8662509918, 19.8656959534, 16.9383831024, 22.1658649445, 19.9591999054, 37.0100784302, 43.1652412415, 44.3257064819, 36.9659118652, 44.144618988, 33.3399505615, 41.0464477539, 36.4563522339, 34.3885536194, 28.730047226, 28.3977622986, 25.1149959564, 23.1578102112, 23.5716590881, 22.9909172058, 21.5665493011, 16.0007038116, 11.9147520065, 8.59047794342, 4.0389714241, 1.57104313374, 0.529833316803, 0.0908413976431, 0.00479296362028, 0.000109861546662],
        "dvar": [0.0179450809956, 1.60648727417, 26.596282959, 117.374153137, 171.533126831, 341.2137146, 216.618225098, 151.713027954, 122.07220459, 92.3385238647, 168.593170166, 271.279846191, 227.611602783, 374.679626465, 292.105285645, 1003.55584717, 1514.53381348, 1777.4251709, 1077.18713379, 1502.77404785, 725.188964844, 1471.37878418, 992.440917969, 838.997192383, 556.095947266, 517.404907227, 476.539916992, 419.584289551, 461.022247314, 467.020233154, 459.279327393, 250.241638184, 148.340209961, 84.4005813599, 22.3485527039, 3.43143868446, 0.396429002285, 0.0119288722053, 3.9130114601e-05, 1.48554004653e-08],
        "dvar2": [0.0325109288096, 2.29369544983, 39.4289245605, 257.972503662, 417.41784668, 916.187927246, 528.675109863, 380.142059326, 344.628082275, 260.062683105, 454.868591309, 728.580200195, 624.070007324, 1004.6005249, 733.445129395, 2655.54101562, 4132.94335938, 4880.60546875, 2925.56274414, 4210.35791016, 1990.04638672, 3956.30810547, 2599.83959961, 2104.77294922, 1385.81213379, 1316.83166504, 1225.19750977, 1034.68481445, 1151.7644043, 1155.86181641, 1053.6192627, 564.394104004, 341.622802734, 204.096466064, 50.6913986206, 7.88418340683, 0.858540296555, 0.0266324058175, 9.47807347984e-05, 3.430945128e-08],
        "max": [2.58103704453, 16.5027370453, 50.1350669861, 149.667953491, 199.81552124, 215.547470093, 159.570556641, 166.513244629, 155.005111694, 102.767944336, 156.95765686, 235.784042358, 187.975906372, 308.20098877, 398.789764404, 346.904327393, 392.594085693, 522.775390625, 498.062561035, 384.347930908, 303.425750732, 482.674163818, 573.690490723, 409.374725342, 318.20980835, 250.242263794, 224.445510864, 233.910629272, 243.708755493, 329.257659912, 233.345703125, 192.493896484, 109.78086853, 109.322372437, 52.6966972351, 20.4339294434, 7.34417819977, 1.23249876499, 0.107272692025, 0.00164331274573],
        "mean": [0.212578967214, 1.83248960972, 4.00589179993, 7.87159585953, 11.2622470856, 7.72227907181, 12.0361537933, 10.3459968567, 7.26861715317, 6.97594690323, 11.2603263855, 16.2029781342, 13.2996063232, 17.0988388062, 15.610326767, 26.6065273285, 29.609998703, 28.3484287262, 24.9771709442, 30.9246883392, 27.5020809174, 35.35912323, 33.4574432373, 33.4595909119, 29.6736049652, 29.10206604, 26.0906867981, 24.5263385773, 24.072057724, 21.7166881561, 20.7841873169, 16.2304210663, 10.8902444839, 7.06736850739, 3.46235918999, 1.40451490879, 0.458233833313, 0.0693414658308, 0.00290552293882, 0.000112172761874],
        "median": [0.0796059072018, 0.412522256374, 1.1292989254, 4.10968446732, 5.50864028931, 3.53051137924, 5.08369588852, 5.28980731964, 4.00634050369, 4.21976423264, 7.02475690842, 10.4649105072, 8.23774528503, 9.41764354706, 8.30367088318, 15.6005420685, 17.2216625214, 15.7178916931, 14.1950769424, 17.1838283539, 17.0470561981, 20.5411052704, 22.0076274872, 21.4236049652, 19.9224624634, 18.9759712219, 16.9583683014, 15.3691997528, 14.8379125595, 12.1426877975, 10.5924987793, 7.72904253006, 4.91388511658, 2.83895087242, 1.243896842, 0.530540883541, 0.155396744609, 0.0212842412293, 0.000620506936684, 6.63149476168e-05],
        "min": [4.39870765572e-23, 2.73296758537e-22, 2.04876421274e-21, 7.01441243068e-21, 1.6122480384e-20, 5.37762297748e-20, 8.03760996837e-20, 1.67215879147e-19, 1.82135361039e-19, 3.24800067241e-19, 1.71025498232e-19, 5.19686766389e-19, 7.69901043471e-19, 7.74505854543e-19, 1.11112938297e-18, 1.46459296449e-18, 1.88327870334e-18, 2.25475662425e-18, 2.35901322788e-18, 3.48739056739e-18, 4.55451021946e-18, 5.48358707577e-18, 4.75021081263e-18, 7.02156150715e-18, 7.36712034394e-18, 8.58637629504e-18, 1.04274313572e-17, 1.0994513298e-17, 9.50133648702e-18, 1.3411851858e-17, 1.13587581448e-17, 1.1433859527e-17, 1.10652206967e-17, 8.97418338162e-18, 6.0694935793e-18, 4.49051373701e-18, 2.5989646751e-18, 1.02963048254e-18, 2.44611110708e-19, 2.74227756779e-20],
        "var": [0.0785961225629, 7.20680427551, 58.2125816345, 143.512298584, 216.506576538, 247.36730957, 317.417816162, 227.974334717, 115.550079346, 82.987663269, 183.034423828, 344.753143311, 265.973754883, 517.527282715, 464.52243042, 1086.47607422, 1371.3729248, 1485.71838379, 1015.02832031, 1659.76831055, 1013.30413818, 2001.23706055, 1611.20861816, 1579.18200684, 1059.0435791, 1011.85852051, 876.685058594, 801.493164062, 832.562316895, 785.292602539, 788.946350098, 490.217437744, 226.361984253, 109.621200562, 32.0976257324, 4.94250059128, 0.587954163551, 0.0151449935511, 3.95199167542e-05, 2.07127062168e-08]
    },
    "gfcc": {
        "mean": [-1.82693731785, 67.3984222412, -116.968605042, 39.6543540955, -55.0224533081, 17.6131362915, -32.8950157166, 5.28309297562, -23.5155544281, 0.178162798285, -16.6683006287, -0.50543987751, -12.0642614365],
        "cov": [[29478.6699219, -6303.73681641, 2122.04296875, 2145.58398438, -897.2265625, 1769.10888672, -2162.50024414, 1046.94995117, -1627.31188965, 869.952697754, -827.848754883, 886.224975586, -915.160522461], [-6303.73681641, 4130.85449219, -627.244018555, -340.877746582, 537.063049316, -768.875427246, 776.249328613, -682.842102051, 571.911254883, -529.348327637, 356.741241455, -437.571289062, 366.668701172], [2122.04296875, -627.244018555, 1869.2142334, 369.082672119, 290.386291504, 476.063293457, -192.232971191, 301.545654297, -202.694076538, 226.222564697, -102.067176819, 164.74369812, -128.489532471], [2145.58398438, -340.877746582, 369.082672119, 662.450378418, 87.2734985352, 207.741455078, -59.3934707642, 85.8133544922, -65.8876113892, 17.5972518921, -34.7009124756, 17.9429016113, -50.1569023132], [-897.2265625, 537.063049316, 290.386291504, 87.2734985352, 415.425933838, 47.8318481445, 196.47164917, 2.86467766762, 87.0927734375, -21.511724472, 27.5063552856, -48.2000045776, 13.0578556061], [1769.10888672, -768.875427246, 476.063293457, 207.741455078, 47.8318481445, 390.872772217, -96.0023727417, 238.038803101, -124.57006073, 132.811859131, -98.2025146484, 79.9484786987, -101.996009827], [-2162.50024414, 776.249328613, -192.232971191, -59.3934707642, 196.47164917, -96.0023727417, 374.734344482, -58.7742729187, 199.932235718, -92.8979949951, 80.9905319214, -107.706108093, 76.3466033936], [1046.94995117, -682.842102051, 301.545654297, 85.8133544922, 2.86467766762, 238.038803101, -58.7742729187, 278.937316895, -61.7565689087, 151.231903076, -64.1178894043, 96.7297286987, -71.0015792847], [-1627.31188965, 571.911254883, -202.694076538, -65.8876113892, 87.0927734375, -124.57006073, 199.932235718, -61.7565689087, 210.67590332, -43.6762962341, 94.0929870605, -55.9018058777, 88.0107345581], [869.952697754, -529.348327637, 226.222564697, 17.5972518921, -21.511724472, 132.811859131, -92.8979949951, 151.231903076, -43.6762962341, 190.049972534, -3.01280474663, 121.313812256, -30.7475662231], [-827.848754883, 356.741241455, -102.067176819, -34.7009124756, 27.5063552856, -98.2025146484, 80.9905319214, -64.1178894043, 94.0929870605, -3.01280474663, 130.294830322, 15.6598234177, 88.13722229], [886.224975586, -437.571289062, 164.74369812, 17.9429016113, -48.2000045776, 79.9484786987, -107.706108093, 96.7297286987, -55.9018058777, 121.313812256, 15.6598234177, 159.319076538, 9.82268047333], [-915.160522461, 366.668701172, -128.489532471, -50.1569023132, 13.0578556061, -101.996009827, 76.3466033936, -71.0015792847, 88.0107345581, -30.7475662231, 88.13722229, 9.82268047333, 137.505981445]],
        "icov": [[0.000133909023134, -0.00015439845447, 0.000120689095638, -0.000370002089767, 0.00015065993648, -0.000305148918414, 0.000391504872823, 1.7794116502e-05, 0.000341703154845, -0.000250901473919, 0.000322830135701, -0.000544258859009, 0.000389052904211], [-0.00015439845447, 0.00148167356383, -0.000501073605847, 0.000719329575077, -0.00104788329918, 0.00121543428395, -0.00102284515742, 0.000866313814186, -0.000974490016233, 0.00146696600132, -0.00167111773044, 0.00200574402697, -0.00128849677276], [0.000120689095638, -0.000501073605847, 0.00125480932184, -0.000561524066143, -0.000618773512542, -0.00113317242358, 0.00104187673423, -0.000365261046682, 0.000887435977347, -0.000884256442077, 0.000531688914634, -0.00107442424633, 0.000528456293978], [-0.000370002089767, 0.000719329575077, -0.000561524066143, 0.0031101105269, -0.000913238734938, -0.000271334982244, -0.000595253950451, 0.000103015830973, -0.00127357977908, 0.00210296269506, -0.00210162671283, 0.00187936343718, -0.00100354023743], [0.00015065993648, -0.00104788329918, -0.000618773512542, -0.000913238734938, 0.005395735614, -0.00142657768447, -0.00197775871493, 0.000518884393387, 0.000210833008168, -0.0013660521945, 0.00135749019682, -0.00138706131838, 0.00146967126057], [-0.000305148918414, 0.00121543428395, -0.00113317242358, -0.000271334982244, -0.00142657768447, 0.00963681563735, -0.00212797452696, -0.00404575327411, 0.00142021244392, -0.000136383983772, 0.000215770065552, 0.00265061133541, -0.00132081122138], [0.000391504872823, -0.00102284515742, 0.00104187673423, -0.000595253950451, -0.00197775871493, -0.00212797452696, 0.0100279282779, -0.00267846183851, -0.00375641603023, 0.00143014080822, -0.000707249389961, 0.000485210824991, 0.000890896539204], [1.7794116502e-05, 0.000866313814186, -0.000365261046682, 0.000103015830973, 0.000518884393387, -0.00404575327411, -0.00267846183851, 0.0127674099058, -0.00250387517735, -0.00455367332324, 0.00361666898243, -0.00255600153469, 0.00098277698271], [0.000341703154845, -0.000974490016233, 0.000887435977347, -0.00127357977908, 0.000210833008168, 0.00142021244392, -0.00375641603023, -0.00250387517735, 0.0162417292595, -0.0042650247924, -0.0031359733548, 0.00238596275449, -0.00244598183781], [-0.000250901473919, 0.00146696600132, -0.000884256442077, 0.00210296269506, -0.0013660521945, -0.000136383983772, 0.00143014080822, -0.00455367332324, -0.0042650247924, 0.0185857601464, -0.00618171086535, -0.00570612819865, 0.0024980774615], [0.000322830135701, -0.00167111773044, 0.000531688914634, -0.00210162671283, 0.00135749019682, 0.000215770065552, -0.000707249389961, 0.00361666898243, -0.0031359733548, -0.00618171086535, 0.0223294273019, -0.00737869134173, -0.00453426130116], [-0.000544258859009, 0.00200574402697, -0.00107442424633, 0.00187936343718, -0.00138706131838, 0.00265061133541, 0.000485210824991, -0.00255600153469, 0.00238596275449, -0.00570612819865, -0.00737869134173, 0.0222705360502, -0.00844498816878], [0.000389052904211, -0.00128849677276, 0.000528456293978, -0.00100354023743, 0.00146967126057, -0.00132081122138, 0.000890896539204, 0.00098277698271, -0.00244598183781, 0.0024980774615, -0.00453426130116, -0.00844498816878, 0.0179525986314]]
    },
    "melbands": {
        "dmean": [0.000879438419361, 0.00117437622976, 0.00103831314482, 0.000573163793888, 0.000300390849588, 0.000178961112397, 9.07304565771e-05, 6.14227101323e-05, 8.1511978351e-05, 7.51765037421e-05, 4.99911620864e-05, 5.26529402123e-05, 4.18234994868e-05, 4.27297200076e-05, 7.72263811086e-05, 4.95403946843e-05, 4.84303745907e-05, 3.23423009831e-05, 4.32331180491e-05, 2.733087058e-05, 2.24512004934e-05, 2.71747139777e-05, 2.19030061999e-05, 1.94335880224e-05, 1.7729573301e-05, 1.43599318108e-05, 1.32705672513e-05, 1.14860549729e-05, 1.01125697256e-05, 9.18685145734e-06, 8.61137414176e-06, 8.31250599731e-06, 8.3737731984e-06, 8.47815681482e-06, 8.57612121763e-06, 7.11094025974e-06, 6.38333540337e-06, 5.67165170651e-06, 5.14021667186e-06, 4.6185004976e-06],
        "dmean2": [0.00115866889246, 0.00148972740863, 0.00158671254758, 0.000949661480263, 0.000509136239998, 0.000295682315482, 0.00016015136498, 0.000106007515569, 0.000137857379741, 0.000127415114548, 8.54227400851e-05, 8.88474460226e-05, 7.07106373738e-05, 7.27379447198e-05, 0.000132576868054, 8.75512851053e-05, 8.52482626215e-05, 5.66083363083e-05, 7.48835154809e-05, 4.7514517064e-05, 3.82997095585e-05, 4.60427509097e-05, 3.67428147001e-05, 3.3091786463e-05, 2.92500062642e-05, 2.3796745154e-05, 2.21454793063e-05, 1.9126204279e-05, 1.67267098732e-05, 1.52053735292e-05, 1.39837593451e-05, 1.36345925057e-05, 1.36727367135e-05, 1.39483472594e-05, 1.35444379339e-05, 1.11250528789e-05, 1.00860161183e-05, 8.90679893928e-06, 8.17018553789e-06, 7.32455646357e-06],
        "dvar": [1.45823514686e-06, 3.81361110158e-06, 2.44118473347e-06, 1.13365422294e-06, 2.69950334086e-07, 8.03197082178e-08, 2.62614303637e-08, 1.05954862661e-08, 1.378575476e-08, 1.08167048651e-08, 5.81451775616e-09, 6.05798655684e-09, 3.47997741734e-09, 4.05847799811e-09, 1.30421993205e-08, 7.1607546559e-09, 6.56488685635e-09, 2.94063906559e-09, 4.88015095002e-09, 1.58977075948e-09, 1.00174690765e-09, 1.98901095594e-09, 1.04833641767e-09, 8.99124885656e-10, 6.23838425362e-10, 4.0244685362e-10, 3.18388815312e-10, 2.38568609312e-10, 2.10530065603e-10, 1.84125339975e-10, 1.60723157006e-10, 1.49427234475e-10, 1.81719306269e-10, 1.69486036317e-10, 1.8491976006e-10, 1.19206464144e-10, 1.00196552444e-10, 7.98166671645e-11, 7.50398979066e-11, 6.32674676537e-11],
        "dvar2": [2.40940266849e-06, 5.6176736507e-06, 4.99027237311e-06, 2.83074223262e-06, 7.0022986165e-07, 1.98222451786e-07, 7.45540233993e-08, 2.96822175727e-08, 3.687183181e-08, 2.92661788137e-08, 1.58962532026e-08, 1.61139972477e-08, 9.02852459461e-09, 1.05630828529e-08, 3.48283002438e-08, 2.00256984328e-08, 1.79742727369e-08, 8.03507749225e-09, 1.33824205051e-08, 4.49007098169e-09, 2.72880584795e-09, 5.41856248759e-09, 2.75051492693e-09, 2.36624986272e-09, 1.57878476958e-09, 1.01362762628e-09, 8.14191603027e-10, 6.198327962e-10, 5.47293599329e-10, 4.83300621745e-10, 3.9694289522e-10, 3.78846676252e-10, 4.60352783671e-10, 4.2994299787e-10, 4.31782748445e-10, 2.75214795398e-10, 2.34481795092e-10, 1.84711024254e-10, 1.83987811098e-10, 1.54758039717e-10],
        "max": [0.0191329549998, 0.0204388909042, 0.0227859001607, 0.0146095855162, 0.00612996378914, 0.00368649279699, 0.00216802465729, 0.00120050623082, 0.00159697281197, 0.00139932474121, 0.000910530681722, 0.00137614435516, 0.00118455628399, 0.0009648387786, 0.00113404751755, 0.000850795477163, 0.00107897166163, 0.00079867686145, 0.00075190939242, 0.000483976997202, 0.000358179298928, 0.000568792165723, 0.000455242116004, 0.000676029885653, 0.000385087216273, 0.000302066706354, 0.000217595676077, 0.000201096117962, 0.000152413005708, 0.000148324223119, 0.000171043531736, 0.000164469529409, 0.000229325902183, 0.000184286298463, 0.000152589476784, 0.000165548204677, 0.000116110837553, 7.86615200923e-05, 8.89999209903e-05, 9.61273835856e-05],
        "mean": [0.00209386600181, 0.00226787780412, 0.00152356771287, 0.000679900287651, 0.000385395716876, 0.000252827099757, 0.000107706960989, 7.37030495657e-05, 0.000101851037471, 0.000102949546999, 6.49595094728e-05, 6.77504867781e-05, 5.35465696885e-05, 5.22197478858e-05, 8.93498799996e-05, 5.52099118067e-05, 5.24316747033e-05, 3.60664198524e-05, 4.91288665216e-05, 3.3702381188e-05, 3.06267284031e-05, 3.73282709916e-05, 3.13693926728e-05, 2.88882256427e-05, 2.69999854936e-05, 2.23229562835e-05, 2.12230061152e-05, 1.8436470782e-05, 1.62472297234e-05, 1.48928274939e-05, 1.39317171488e-05, 1.33805369842e-05, 1.30614089358e-05, 1.18690732052e-05, 1.22887995531e-05, 1.07202931758e-05, 9.6730173027e-06, 7.93816980149e-06, 6.55275425743e-06, 5.77766832066e-06],
        "median": [0.000732282584067, 0.000722913071513, 0.000884484557901, 0.000351361813955, 0.000181682247785, 0.000125766557176, 6.04486958764e-05, 4.39183859271e-05, 6.09203307249e-05, 6.71548259561e-05, 3.82324979e-05, 3.63657090929e-05, 2.89385479846e-05, 2.85195565084e-05, 4.91631762998e-05, 2.90022253466e-05, 2.73487912636e-05, 1.92236948351e-05, 2.53858415817e-05, 1.91718245333e-05, 1.8406957679e-05, 2.06344921025e-05, 1.89522634173e-05, 1.82850253623e-05, 1.64883640537e-05, 1.41261907629e-05, 1.35743175633e-05, 1.18937741718e-05, 1.03605461845e-05, 9.40578684094e-06, 8.3127988546e-06, 8.28005158837e-06, 7.24626261217e-06, 6.49111643725e-06, 6.13932343185e-06, 5.28006012246e-06, 4.39996983914e-06, 3.59821524398e-06, 2.65417861556e-06, 2.19047160499e-06],
        "min": [8.91290450852e-25, 1.80426353254e-24, 1.5405650813e-24, 2.26919606198e-24, 2.50605273206e-24, 3.48108027496e-24, 3.57434848308e-24, 3.40863247272e-24, 1.24503737443e-24, 3.45850938674e-24, 3.46852003163e-24, 2.46664557997e-24, 3.21189805714e-24, 3.76059775394e-24, 4.13325288455e-24, 3.22805609784e-24, 3.39778524084e-24, 3.62431572168e-24, 3.89160743434e-24, 5.23477131538e-24, 4.84526690469e-24, 5.29486516142e-24, 4.65575648285e-24, 4.80844839966e-24, 5.17556967103e-24, 4.7525702263e-24, 4.08241119364e-24, 5.44256556086e-24, 6.26909772974e-24, 5.61107729426e-24, 5.73125197013e-24, 3.78857983354e-24, 5.49348140469e-24, 7.59681965856e-24, 5.02261821897e-24, 6.0487751898e-24, 6.44138100714e-24, 7.69147586744e-24, 5.7407636605e-24, 8.32397270833e-24],
        "var": [7.3028281804e-06, 1.24374546431e-05, 3.78034405912e-06, 1.06511151898e-06, 3.11052360757e-07, 1.31655326641e-07, 2.45145130862e-08, 9.4650145499e-09, 1.57338391205e-08, 1.34959510234e-08, 6.91604418179e-09, 8.69915606216e-09, 5.23993559653e-09, 4.74105732451e-09, 1.28877708505e-08, 5.82960613116e-09, 5.48338130457e-09, 2.52837395465e-09, 4.95735630324e-09, 1.86207282926e-09, 1.34250699446e-09, 2.46890774491e-09, 1.57365376285e-09, 1.37513156417e-09, 1.10747289117e-09, 6.93428703347e-10, 5.50735179683e-10, 4.35385089093e-10, 3.6089584099e-10, 3.07373876351e-10, 2.83698176062e-10, 2.59547799919e-10, 3.03959690751e-10, 2.44308157038e-10, 2.90438451067e-10, 2.23871421401e-10, 1.7970092081e-10, 1.20059115427e-10, 9.56209833536e-11, 7.80317824245e-11]
    },
    "mfcc": {
        "mean": [-632.329956055, 89.5501708984, 2.34879875183, 22.0336818695, 4.76352119446, 10.3615188599, 2.98135375977, 5.05300998688, -1.28666555882, 1.4726947546, -0.771961450577, -1.59501111507, -4.89998292923],
        "cov": [[17410.96875, -3552.75390625, 971.938659668, 340.490600586, 640.404663086, 407.810882568, 128.389984131, 208.856826782, -190.030532837, -104.093933105, -78.1093978882, 217.267028809, 240.054824829], [-3552.75390625, 2584.09448242, -313.981811523, 259.086914062, -83.0178604126, 65.1672439575, 57.7640762329, -8.35048389435, 66.4551391602, 7.41239786148, 8.11507797241, -74.6478805542, -51.7074241638], [971.938659668, -313.981811523, 941.28302002, 142.317077637, 333.829864502, 148.421585083, 160.225906372, 88.7623977661, 68.8240280151, 53.5656166077, 44.427318573, 57.3662834167, 58.9077148438], [340.490600586, 259.086914062, 142.317077637, 483.226135254, 159.045944214, 166.239044189, 79.4569625854, 89.431098938, 31.1324577332, 23.7494525909, 8.59811782837, 22.0062561035, 21.9222488403], [640.404663086, -83.0178604126, 333.829864502, 159.045944214, 328.926147461, 134.098861694, 121.962982178, 68.4046173096, 61.3706474304, 32.064781189, 32.8923721313, 39.7719764709, 46.501789093], [407.810882568, 65.1672439575, 148.421585083, 166.239044189, 134.098861694, 197.79006958, 97.4034042358, 80.624130249, 39.5063171387, 35.9302597046, 13.2230863571, 16.9329280853, 20.2760543823], [128.389984131, 57.7640762329, 160.225906372, 79.4569625854, 121.962982178, 97.4034042358, 160.633636475, 76.1689529419, 66.5501098633, 39.6802406311, 34.003742218, 19.7928543091, 20.1340084076], [208.856826782, -8.35048389435, 88.7623977661, 89.431098938, 68.4046173096, 80.624130249, 76.1689529419, 124.758392334, 62.1362457275, 40.1626014709, 22.3602256775, 19.2681846619, 11.6046199799], [-190.030532837, 66.4551391602, 68.8240280151, 31.1324577332, 61.3706474304, 39.5063171387, 66.5501098633, 62.1362457275, 113.910758972, 55.2063293457, 33.7993469238, 16.7550640106, 14.1809997559], [-104.093933105, 7.41239786148, 53.5656166077, 23.7494525909, 32.064781189, 35.9302597046, 39.6802406311, 40.1626014709, 55.2063293457, 82.8156738281, 39.8766708374, 15.608338356, 8.4981508255], [-78.1093978882, 8.11507797241, 44.427318573, 8.59811782837, 32.8923721313, 13.2230863571, 34.003742218, 22.3602256775, 33.7993469238, 39.8766708374, 71.1254196167, 35.8767051697, 18.9479370117], [217.267028809, -74.6478805542, 57.3662834167, 22.0062561035, 39.7719764709, 16.9329280853, 19.7928543091, 19.2681846619, 16.7550640106, 15.608338356, 35.8767051697, 64.6414031982, 41.8100395203], [240.054824829, -51.7074241638, 58.9077148438, 21.9222488403, 46.501789093, 20.2760543823, 20.1340084076, 11.6046199799, 14.1809997559, 8.4981508255, 18.9479370117, 41.8100395203, 70.0132293701]],
