{
"lowlevel": {
    "average_loudness": 0.59320884943,
    "barkbands_crest": {
        "dmean": 2.69754886627,
        "dmean2": 4.2302069664,
        "dvar": 8.38245296478,
        "dvar2": 20.1529083252,
        "max": 26.6852931976,
        "mean": 14.4114875793,
        "median": 14.0074682236,
        "min": 2.07952475548,
        "var": 28.2987232208
    },
    "barkbands_flatness_db": {
        "dmean": 0.0392058975995,
        "dmean2": 0.0591479688883,
        "dvar": 0.0023207818158,
        "dvar2": 0.00505654374138,
        "max": 0.581572115421,
        "mean": 0.257975548506,
        "median": 0.277535378933,
        "min": 0.0127584347501,
        "var": 0.0187007188797
    },
    "barkbands_kurtosis": {
        "dmean": 8.68301200867,
        "dmean2": 14.0463294983,
        "dvar": 922.26965332,
        "dvar2": 2239.24780273,
        "max": 868.163696289,
        "mean": 11.1880960464,
        "median": 2.07659006119,
        "min": -1.97972452641,
        "var": 1358.5300293
    },
    "barkbands_skewness": {
        "dmean": 0.779086649418,
        "dmean2": 1.2353978157,
        "dvar": 1.36674749851,
        "dvar2": 3.41192793846,
        "max": 24.8121299744,
        "mean": 1.7584092617,
        "median": 1.33604598045,
        "min": -3.91163110733,
        "var": 4.48824167252
    },
    "barkbands_spread": {
        "dmean": 4.63578939438,
        "dmean2": 7.61547470093,
        "dvar": 53.8456611633,
        "dvar2": 140.426040649,
        "max": 104.36882019,
        "mean": 15.6373214722,
        "median": 7.6729927063,
        "min": 0.084606140852,
        "var": 268.333404541
    },
    "dissonance": {
        "dmean": 0.040848467499,
        "dmean2": 0.0679891109467,
        "dvar": 0.00213257968426,
        "dvar2": 0.00575348781422,
        "max": 0.500000238419,
        "mean": 0.398731142282,
        "median": 0.430389106274,
        "min": 0.0621396228671,
        "var": 0.00862599164248
    },
    "dynamic_complexity": 6.79593849182,
    "erbbands_crest": {
        "dmean": 2.56489872932,
        "dmean2": 4.11991119385,
        "dvar": 6.99114704132,
        "dvar2": 17.2185611725,
        "max": 33.4238128662,
        "mean": 12.1224937439,
        "median": 11.465057373,
        "min": 2.25266098976,
        "var": 38.246963501
    },
    "erbbands_flatness_db": {
        "dmean": 0.027951689437,
        "dmean2": 0.0422796607018,
        "dvar": 0.00108437833842,
        "dvar2": 0.00230579497293,
        "max": 0.592799961567,
        "mean": 0.260051697493,
        "median": 0.24706402421,
        "min": 0.0513166338205,
        "var": 0.0192689299583
    },
    "erbbands_kurtosis": {
        "dmean": 2.80648350716,
        "dmean2": 4.57644462585,
        "dvar": 60.1170883179,
        "dvar2": 160.301818848,
        "max": 190.779067993,
        "mean": 4.0347661972,
        "median": 0.311990141869,
        "min": -1.8314166069,
        "var": 164.440460205
    },
    "erbbands_skewness": {
        "dmean": 0.477127403021,
        "dmean2": 0.762489795685,
        "dvar": 0.329704046249,
        "dvar2": 0.860041499138,
        "max": 9.83714771271,
        "mean": 0.48371732235,
        "median": 0.246387675405,
        "min": -4.19756412506,
        "var": 1.7299040556
    },
    "erbbands_spread": {
        "dmean": 7.25198316574,
        "dmean2": 11.5737485886,
        "dvar": 142.004486084,
        "dvar2": 332.397155762,
        "max": 159.357818604,
        "mean": 24.9164485931,
        "median": 17.27318573,
        "min": 0.341044723988,
        "var": 438.970611572
    },
    "hfc": {
        "dmean": 6.47149085999,
        "dmean2": 10.7682113647,
        "dvar": 231.626327515,
        "dvar2": 621.057128906,
        "max": 200.873580933,
        "mean": 19.1544342041,
        "median": 6.85622262955,
        "min": 1.12739079428e-16,
        "var": 695.820556641
    },
    "melbands_crest": {
        "dmean": 3.17055916786,
        "dmean2": 5.1986374855,
        "dvar": 12.0758867264,
        "dvar2": 32.1707229614,
        "max": 36.940574646,
        "mean": 18.2803611755,
        "median": 17.8283557892,
        "min": 1.67247438431,
        "var": 36.3503456116
    },
    "melbands_flatness_db": {
        "dmean": 0.0433892570436,
        "dmean2": 0.0651726722717,
        "dvar": 0.00299333455041,
        "dvar2": 0.00658942898735,
        "max": 0.689798653126,
        "mean": 0.318543761969,
        "median": 0.345645725727,
        "min": 0.00696200598031,
        "var": 0.0197333935648
    },
    "melbands_kurtosis": {
        "dmean": 12.1499662399,
        "dmean2": 20.0119934082,
        "dvar": 1389.31860352,
        "dvar2": 3594.38330078,
        "max": 994.235473633,
        "mean": 17.2804985046,
        "median": 6.12156677246,
        "min": -1.92531847954,
        "var": 1968.859375
    },
    "melbands_skewness": {
        "dmean": 0.858457267284,
        "dmean2": 1.38678622246,
        "dvar": 1.51189422607,
        "dvar2": 3.87056016922,
        "max": 24.1349010468,
        "mean": 2.40383601189,
        "median": 2.05823564529,
        "min": -3.50370764732,
        "var": 5.0046210289
    },
    "melbands_spread": {
        "dmean": 5.55972766876,
        "dmean2": 9.27954864502,
        "dvar": 91.4937438965,
        "dvar2": 254.809539795,
        "max": 170.561416626,
        "mean": 16.4702472687,
        "median": 9.55140686035,
        "min": 0.258272886276,
        "var": 339.920043945
    },
    "pitch_salience": {
        "dmean": 0.0762668326497,
        "dmean2": 0.123313553631,
        "dvar": 0.00767427776009,
        "dvar2": 0.0193390194327,
        "max": 0.942696690559,
        "mean": 0.451271086931,
        "median": 0.459994077682,
        "min": 0.043906506151,
        "var": 0.0216339454055
    },
    "silence_rate_20dB": {
        "dmean": 0,
        "dmean2": 0,
        "dvar": 0,
        "dvar2": 0,
        "max": 1,
        "mean": 1,
        "median": 1,
        "min": 1,
        "var": 0
    },
    "silence_rate_30dB": {
        "dmean": 0.0374430119991,
        "dmean2": 0.0748932883143,
        "dvar": 0.0360421948135,
        "dvar2": 0.0892730355263,
        "max": 1,
        "mean": 0.964597463608,
        "median": 1,
        "min": 0,
        "var": 0.0341479107738
    },
    "silence_rate_60dB": {
        "dmean": 0.0108642932028,
        "dmean2": 0.0217306949198,
        "dvar": 0.0107435649261,
        "dvar2": 0.0257161464542,
        "max": 1,
        "mean": 0.264791458845,
        "median": 0,
        "min": 0,
        "var": 0.194664716721
    },
    "spectral_centroid": {
        "dmean": 211.09967041,
        "dmean2": 345.6199646,
        "dvar": 123141.335938,
        "dvar2": 293779.75,
        "max": 11404.9121094,
        "mean": 1161.94714355,
        "median": 792.004821777,
        "min": 108.55947113,
        "var": 666332.5625
    },
    "spectral_complexity": {
        "dmean": 3.27907657623,
        "dmean2": 5.38630199432,
        "dvar": 32.5009803772,
        "dvar2": 77.5808181763,
        "max": 60,
        "mean": 14.2089233398,
        "median": 8,
        "min": 0,
        "var": 213.923065186
    },
    "spectral_decrease": {
        "dmean": 2.69833866362e-09,
        "dmean2": 4.4283186007e-09,
        "dvar": 2.36914155818e-17,
        "dvar2": 6.30577449527e-17,
        "max": 9.81034408044e-29,
        "mean": -7.67838415072e-09,
        "median": -4.93847851502e-09,
        "min": -5.16269338391e-08,
        "var": 7.31789284046e-17
    },
    "spectral_energy": {
        "dmean": 0.0104502402246,
        "dmean2": 0.0171604119241,
        "dvar": 0.000352469651261,
        "dvar2": 0.000938466226216,
        "max": 0.196393564343,
        "mean": 0.030717279762,
        "median": 0.0194014571607,
        "min": 1.06783879514e-20,
        "var": 0.00114036293235
    },
    "spectral_energyband_high": {
        "dmean": 0.000517581647728,
        "dmean2": 0.000881544139702,
        "dvar": 1.97015197045e-06,
        "dvar2": 5.34444006917e-06,
        "max": 0.0193160492927,
        "mean": 0.00110036483966,
        "median": 6.5541071308e-06,
        "min": 7.36260376978e-21,
        "var": 4.45107798441e-06
    },
    "spectral_energyband_low": {
        "dmean": 0.00863430742174,
        "dmean2": 0.013934770599,
        "dvar": 0.000312117801514,
        "dvar2": 0.000821216439363,
        "max": 0.194984018803,
        "mean": 0.0178154129535,
        "median": 0.00043856940465,
        "min": 5.00330106644e-23,
        "var": 0.000721413642168
    },
    "spectral_energyband_middle_high": {
        "dmean": 0.00133732310496,
        "dmean2": 0.00218593282625,
        "dvar": 5.28094096808e-06,
        "dvar2": 1.41028485814e-05,
        "max": 0.0315939113498,
        "mean": 0.00428414810449,
        "median": 0.00181500834879,
        "min": 1.7586411142e-21,
        "var": 2.81327211269e-05
    },
    "spectral_energyband_middle_low": {
        "dmean": 0.00408171629533,
        "dmean2": 0.0070575363934,
        "dvar": 0.000127804698423,
        "dvar2": 0.00035162011045,
        "max": 0.12679079175,
        "mean": 0.00820664409548,
        "median": 0.00598697084934,
        "min": 1.31108745557e-22,
        "var": 0.00012164794316
    },
    "spectral_entropy": {
        "dmean": 0.293446213007,
        "dmean2": 0.446681946516,
        "dvar": 0.158275395632,
        "dvar2": 0.342784672976,
        "max": 9.80137062073,
        "mean": 6.7255821228,
        "median": 6.77037143707,
        "min": 3.95155882835,
        "var": 1.4615983963
    },
    "spectral_flux": {
        "dmean": 0.0252557955682,
        "dmean2": 0.0393887385726,
        "dvar": 0.00157431606203,
        "dvar2": 0.0033021515701,
        "max": 0.425236433744,
        "mean": 0.0674585103989,
        "median": 0.0356479734182,
        "min": 1.03336283974e-10,
        "var": 0.00534399691969
    },
    "spectral_kurtosis": {
        "dmean": 10.2237005234,
        "dmean2": 17.1885890961,
        "dvar": 221.631195068,
        "dvar2": 573.775878906,
        "max": 186.693267822,
        "mean": 21.77069664,
        "median": 7.48534011841,
        "min": -1.20377910137,
        "var": 758.291137695
    },
    "spectral_rms": {
        "dmean": 0.000714271329343,
        "dmean2": 0.0011534683872,
        "dvar": 1.1971492313e-06,
        "dvar2": 3.13660439133e-06,
        "max": 0.0138420909643,
        "mean": 0.00449507078156,
        "median": 0.00435066130012,
        "min": 3.2276833116e-12,
        "var": 9.7623669717e-06
    },
    "spectral_rolloff": {
        "dmean": 418.942443848,
        "dmean2": 730.835632324,
        "dvar": 941484,
        "dvar2": 2415139,
        "max": 19638.28125,
        "mean": 1380.53942871,
        "median": 818.26171875,
        "min": 64.599609375,
        "var": 4237700.5
    },
    "spectral_skewness": {
        "dmean": 0.716323375702,
        "dmean2": 1.17946386337,
        "dvar": 0.713176846504,
        "dvar2": 1.82510399818,
        "max": 11.1089277267,
        "mean": 3.01557517052,
        "median": 2.27549862862,
        "min": -0.0505291186273,
        "var": 4.19996786118
    },
    "spectral_spread": {
        "dmean": 815315.4375,
        "dmean2": 1300368.625,
        "dvar": 1.2618310615e+12,
        "dvar2": 2.75498296934e+12,
        "max": 41195500,
        "mean": 3760174,
        "median": 3484300,
        "min": 462809.96875,
        "var": 5.17330488525e+12
    },
    "spectral_strongpeak": {
        "dmean": 0.204761520028,
        "dmean2": 0.346992462873,
        "dvar": 0.129851549864,
        "dvar2": 0.349431335926,
        "max": 6.5889005661,
        "mean": 0.641185700893,
        "median": 0.460476517677,
        "min": 0,
        "var": 0.333963781595
    },
    "zerocrossingrate": {
        "dmean": 0.00784352421761,
        "dmean2": 0.0101155880839,
        "dvar": 0.000137105453177,
        "dvar2": 0.000210113241337,
        "max": 0.79541015625,
        "mean": 0.0519904904068,
        "median": 0.0322265625,
        "min": 0.001953125,
        "var": 0.00486229732633
    },
    "barkbands": {
        "dmean": [0.00037154511665, 0.00767589407042, 0.00239206245169, 0.00133319501765, 0.00143539987039, 0.000830935896374, 0.000721662887372, 0.000493455154356, 0.000459570786916, 0.000405458296882, 0.000262252200628, 0.000360680976883, 0.000221786496695, 0.000187756610103, 0.000187650613952, 0.000183217955055, 0.000189530241187, 0.000177826863364, 0.000164748998941, 0.000151404950884, 0.000149753919686, 0.000107233492599, 9.59560857154e-05, 7.43924756534e-05, 6.92367248121e-05, 4.20576507167e-05, 8.52902576298e-06],
        "dmean2": [0.000566740869544, 0.0120635004714, 0.00429606204852, 0.002400937723, 0.00259710336104, 0.0013974319445, 0.00120624189731, 0.000813714752439, 0.000735041568987, 0.000649371882901, 0.000412935245549, 0.000575468700845, 0.000345918611856, 0.000302393018501, 0.000306393310893, 0.00031011988176, 0.000318588106893, 0.000308795657475, 0.000281333108433, 0.000259018968791, 0.000257450767094, 0.000178474452696, 0.000164270648384, 0.000124417128973, 0.00011900143727, 7.08337975084e-05, 1.49941288328e-05],
        "dvar": [1.13463192974e-06, 0.000280031585135, 7.82322822488e-05, 2.52155841736e-05, 2.80307158391e-05, 4.70599115943e-06, 1.82496387424e-06, 1.24753148611e-06, 9.01451301161e-07, 6.60376599626e-07, 3.19083767408e-07, 5.65199570701e-07, 2.60999769353e-07, 2.2686451473e-07, 2.1140826334e-07, 1.9395235995e-07, 2.00823237151e-07, 1.84795823088e-07, 1.52709219492e-07, 1.18999210486e-07, 1.157347711e-07, 8.03608557476e-08, 7.82555815704e-08, 4.75153107971e-08, 3.79105777881e-08, 1.46278198443e-08, 1.03910613447e-09],
        "dvar2": [2.71185808742e-06, 0.000683595309965, 0.000217019143747, 6.99267402524e-05, 7.99822810222e-05, 1.32668155857e-05, 4.93935795021e-06, 3.15533566209e-06, 2.19962430492e-06, 1.62305855156e-06, 7.27289091174e-07, 1.33793014356e-06, 6.10931920164e-07, 5.25021334852e-07, 4.96473262501e-07, 5.15133933732e-07, 5.24190397755e-07, 5.10490281158e-07, 4.12098899005e-07, 3.29571605562e-07, 3.19495086387e-07, 2.08120752632e-07, 2.1246704307e-07, 1.27630116253e-07, 1.05720879162e-07, 3.90865935174e-08, 2.89247847896e-09],
        "max": [0.0297919139266, 0.176694437861, 0.0813441202044, 0.056734316051, 0.0762451291084, 0.0443263016641, 0.0262012705207, 0.0251460094005, 0.0180565342307, 0.0159301161766, 0.00922780949622, 0.0232649650425, 0.0117184994742, 0.0104836411774, 0.0097750434652, 0.00667700869963, 0.00939939823002, 0.00644261436537, 0.00519843585789, 0.00544982869178, 0.00484434375539, 0.00411006156355, 0.00473245698959, 0.00367754674517, 0.00254624802619, 0.00206137145869, 0.000486130826175],
        "mean": [0.000727540347725, 0.0144526408985, 0.00212074909359, 0.00113025913015, 0.00148860609625, 0.00187113089487, 0.00149267504457, 0.000912906369194, 0.000957467360422, 0.000843837682623, 0.000519122404512, 0.000788720033597, 0.000404853519285, 0.000321818515658, 0.000302587955957, 0.000267027702648, 0.000311198004056, 0.000276649108855, 0.000288515031571, 0.000261188601144, 0.000275886268355, 0.00020931797917, 0.000171236650203, 0.000145917219925, 0.00010784339247, 6.02349791734e-05, 7.44653152651e-06],
        "median": [3.0104642974e-06, 8.56908081914e-05, 5.14007188031e-05, 3.02097287204e-05, 0.000323678192217, 0.00064418988768, 0.000479497859487, 0.000216307409573, 0.000265022012172, 0.000180130897206, 9.36970172916e-05, 0.00023189271451, 4.35530419054e-05, 3.31417686539e-05, 2.46554682235e-05, 8.99897349882e-06, 1.15972525236e-05, 5.31747355126e-06, 3.04773948301e-06, 2.06902495847e-06, 1.61898810802e-06, 1.1319366422e-06, 7.24362905657e-07, 2.3186741771e-07, 3.19156129081e-07, 2.84541776807e-08, 1.43732481472e-09],
        "min": [3.42661518814e-23, 1.4460306331e-23, 1.1539794954e-23, 1.14292199265e-24, 1.36597545072e-23, 1.80542256643e-23, 2.43695605038e-23, 4.11548387155e-23, 2.75733896972e-23, 9.42641639411e-23, 2.63089497958e-23, 6.21254847241e-23, 6.38928171417e-23, 1.13676598247e-22, 5.40445703159e-23, 1.89628277663e-22, 2.00921711357e-22, 2.66889365208e-22, 3.46179857384e-22, 1.8286556876e-22, 3.87370665002e-22, 4.30730978948e-22, 6.01732041828e-22, 1.0460957994e-21, 9.73294716839e-22, 1.58426594808e-21, 2.3785328098e-21],
        "var": [2.4680828119e-06, 0.000551992445253, 5.36212974112e-05, 1.80374991032e-05, 1.89660240721e-05, 9.47102853388e-06, 5.24362894794e-06, 3.72777503799e-06, 2.71832959697e-06, 2.24280029215e-06, 1.02193746443e-06, 1.79431242486e-06, 7.404370308e-07, 5.06094977482e-07, 4.69709476647e-07, 3.62917148777e-07, 4.45582571729e-07, 3.5152726241e-07, 3.59111055559e-07, 2.74739875294e-07, 2.98068840721e-07, 1.81455163784e-07, 1.28559108248e-07, 9.07917865334e-08, 5.44352971588e-08, 1.8001363955e-08, 8.08295985699e-10]
    },
    "erbbands": {
        "dmean": [0.291983246803, 1.53193736076, 2.62728476524, 3.49547076225, 5.29020452499, 4.24385261536, 4.79402542114, 7.50889825821, 10.0332689285, 10.2476644516, 10.6242389679, 9.28587150574, 13.3585777283, 11.1604423523, 9.82944297791, 12.5021677017, 9.7166852951, 8.73566436768, 9.5460100174, 7.89650058746, 11.2764692307, 10.1609535217, 9.70987892151, 8.62704753876, 7.52972841263, 7.17650079727, 6.13929748535, 5.72262954712, 3.91532087326, 3.18398785591, 2.78624796867, 1.71547067165, 1.26484835148, 0.940412282944, 0.404414445162, 0.196762651205, 0.0778419822454, 0.0169747974724, 0.00131370034069, 2.8938473406e-05],
        "dmean2": [0.447790801525, 2.45411682129, 4.51091814041, 6.29253721237, 9.57232666016, 7.63788843155, 8.4548034668, 12.5485143661, 16.6839923859, 17.1092147827, 17.4925727844, 14.8377304077, 21.3018417358, 17.7101459503, 15.750585556, 20.1742305756, 15.1716594696, 14.0647134781, 15.4206542969, 13.4091815948, 18.8772773743, 17.1168136597, 16.7225914001, 14.8341007233, 12.8714408875, 12.4654693604, 10.5733346939, 9.8795671463, 6.50446653366, 5.37946271896, 4.73897790909, 2.81367897987, 2.16320896149, 1.6323029995, 0.682820439339, 0.332974523306, 0.131257414818, 0.029126862064, 0.00232179672457, 4.93142288178e-05],
        "dvar": [0.409917384386, 12.276011467, 77.9637985229, 147.141662598, 511.036529541, 213.252426147, 200.539627075, 376.078552246, 411.151519775, 454.157958984, 589.954284668, 351.659210205, 683.384887695, 523.953796387, 438.865203857, 649.224304199, 501.17791748, 452.966247559, 567.935119629, 337.82925415, 728.733215332, 596.892211914, 529.324401855, 462.996032715, 288.347167969, 316.196838379, 200.457809448, 189.14654541, 102.478492737, 81.5595855713, 62.047252655, 22.3339347839, 14.4500207901, 7.88766431808, 1.03792512417, 0.317664951086, 0.0539854168892, 0.00300644780509, 2.76767968899e-05, 7.0617187653e-09],
        "dvar2": [0.948450028896, 30.2995090485, 210.0625, 414.505493164, 1420.01538086, 610.148986816, 585.140991211, 1040.91088867, 1129.74572754, 1201.43200684, 1506.05786133, 866.294128418, 1670.8581543, 1259.60046387, 1031.90734863, 1592.01098633, 1170.41162109, 1104.10131836, 1333.86914062, 860.702270508, 1890.52966309, 1553.70251465, 1459.34118652, 1269.61755371, 778.945983887, 880.419189453, 552.441772461, 521.15637207, 265.049316406, 218.505020142, 167.163604736, 58.745349884, 39.3167915344, 22.2886009216, 2.75419664383, 0.852323532104, 0.145663425326, 0.00827138964087, 7.76748056524e-05, 1.94944629328e-08],
        "max": [6.23804616928, 47.1530303955, 83.0573577881, 132.866104126, 318.347869873, 205.559646606, 282.244781494, 419.78213501, 342.409179688, 341.876525879, 685.029907227, 371.913879395, 486.883300781, 426.802337646, 566.18182373, 570.229248047, 594.627563477, 525.831054688, 682.516601562, 282.528198242, 452.08770752, 541.403076172, 394.629852295, 323.463623047, 268.010498047, 331.091339111, 221.79901123, 205.330154419, 169.377182007, 184.372360229, 110.68611908, 91.5492553711, 66.937713623, 39.9942932129, 15.8045473099, 10.7780485153, 3.97824001312, 0.967810988426, 0.0839264690876, 0.00139975605998],
        "mean": [0.490953296423, 2.89588665962, 3.14494299889, 3.14114952087, 4.39064741135, 4.80162191391, 7.50316953659, 17.6740188599, 22.9923782349, 19.9119663239, 21.2985744476, 20.1005840302, 29.6132545471, 23.7785358429, 21.2314376831, 29.0908851624, 20.0928783417, 16.84009552, 17.2899436951, 12.9658784866, 17.766740799, 17.4589042664, 16.1894989014, 14.4315681458, 14.21002388, 12.1498670578, 11.2638225555, 10.183347702, 7.85333013535, 5.73126506805, 4.9223484993, 3.38152360916, 2.248295784, 1.38456571102, 0.656135976315, 0.293786764145, 0.104988433421, 0.0198953207582, 0.00119196646847, 5.87833565078e-05],
        "median": [0.00258298311383, 0.0250998176634, 0.0889007300138, 0.170324355364, 0.314863532782, 1.01723408699, 2.72963738441, 5.36123800278, 8.26883506775, 7.13190126419, 6.19480609894, 6.81750535965, 9.06936645508, 7.91053676605, 7.8625869751, 9.59664821625, 4.38886928558, 3.27844810486, 1.76861798763, 1.40986931324, 0.886477828026, 0.641409277916, 0.33749371767, 0.205885529518, 0.135526448488, 0.0985287576914, 0.0746700540185, 0.0575369410217, 0.0403972938657, 0.0338888838887, 0.0174041949213, 0.00705159083009, 0.00325421546586, 0.00483650295064, 0.00125423097052, 0.000138628704008, 4.99559537275e-05, 8.96606616152e-06, 1.03611400846e-05, 2.2433749109e-05],
        "min": [8.78815383197e-22, 1.95694352967e-21, 1.23634396774e-20, 1.56841554387e-20, 1.81861150666e-20, 5.89243337198e-20, 7.63505089104e-20, 1.23156672506e-19, 2.05717104156e-19, 6.7739908993e-19, 7.56118043116e-19, 7.16842990645e-19, 1.17023205812e-18, 3.35968835647e-18, 2.65957447333e-18, 2.56171032147e-18, 2.63299405832e-18, 6.40756725873e-18, 2.69362474286e-18, 5.32693354341e-18, 1.09274488026e-17, 1.18536230822e-17, 1.3994982757e-17, 1.92067251963e-17, 1.30416728175e-17, 1.00351533594e-17, 1.48878018055e-17, 1.63742966515e-17, 1.81572861162e-17, 1.20046058778e-17, 1.78546256931e-17, 1.84024872652e-17, 1.95059792895e-17, 8.10970933115e-18, 7.78476962548e-18, 4.72600668073e-18, 3.031105127e-18, 1.3138587366e-18, 3.13053714802e-19, 3.42400622444e-20],
        "var": [0.729257822037, 24.1106567383, 65.6778335571, 103.651893616, 345.051757812, 157.434402466, 215.408905029, 973.194152832, 1382.25244141, 1078.67919922, 2030.85864258, 1120.58911133, 2333.87573242, 1644.98681641, 1324.30334473, 2376.22290039, 1525.04736328, 1172.7520752, 1570.03515625, 634.666259766, 1523.47229004, 1356.63293457, 1140.67834473, 910.243164062, 777.327575684, 619.492675781, 518.72052002, 427.410522461, 257.070678711, 139.254394531, 106.266197205, 48.2139511108, 23.0284233093, 9.89385128021, 1.79952335358, 0.40406537056, 0.0612609684467, 0.00283865537494, 2.06504464586e-05, 8.84087913988e-09]
    },
    "gfcc": {
        "mean": [-146.689361572, 109.739013672, -125.454483032, -8.97361850739, -72.2061080933, 1.18153977394, -31.7115268707, 0.487298071384, -15.2999792099, 1.85127818584, -6.49456167221, 1.44452607632, 1.99502420425],
        "cov": [[52758.21875, -697.67956543, 2987.79443359, 7248.51660156, 2837.015625, 3191.07495117, 1355.51123047, 2145.78491211, 82.1386871338, 1773.09924316, 88.4658203125, 976.231079102, -2521.52075195], [-697.67956543, 3946.16577148, -565.382446289, -1525.83825684, -363.763885498, -975.674560547, 39.2418136597, -1072.38708496, 32.1583251953, -461.95324707, 448.383270264, -279.268920898, 255.283096313], [2987.79443359, -565.382446289, 1940.30541992, 1678.00061035, 553.258728027, 601.980285645, 244.165557861, 530.776245117, 54.4283447266, 343.166503906, -12.4651460648, 198.588272095, -203.926208496], [7248.51660156, -1525.83825684, 1678.00061035, 3222.38305664, 1134.86950684, 1038.38476562, 515.943725586, 859.138977051, 226.332839966, 547.371459961, -66.5118865967, 256.594268799, -560.586425781], [2837.015625, -363.763885498, 553.258728027, 1134.86950684, 996.932312012, 566.565124512, 251.832107544, 243.750152588, 100.302688599, 272.913909912, 76.4902267456, 137.881347656, -232.480117798], [3191.07495117, -975.674560547, 601.980285645, 1038.38476562, 566.565124512, 935.298950195, 301.053894043, 491.326324463, 9.07437801361, 308.273803711, -7.63757324219, 225.394195557, -157.441757202], [1355.51123047, 39.2418136597, 244.165557861, 515.943725586, 251.832107544, 301.053894043, 489.267883301, 193.726531982, 167.867828369, 66.8257369995, 48.9889831543, 88.5726852417, -99.6729354858], [2145.78491211, -1072.38708496, 530.776245117, 859.138977051, 243.750152588, 491.326324463, 193.726531982, 674.935791016, 133.969863892, 253.557830811, -129.562698364, 110.543266296, -126.743927002], [82.1386871338, 32.1583251953, 54.4283447266, 226.332839966, 100.302688599, 9.07437801361, 167.867828369, 133.969863892, 276.65536499, 93.7095184326, 47.0517349243, -6.42991256714, -46.8467521667], [1773.09924316, -461.95324707, 343.166503906, 547.371459961, 272.913909912, 308.273803711, 66.8257369995, 253.557830811, 93.7095184326, 301.094177246, 52.5547523499, 81.5115280151, -111.677467346], [88.4658203125, 448.383270264, -12.4651460648, -66.5118865967, 76.4902267456, -7.63757324219, 48.9889831543, -129.562698364, 47.0517349243, 52.5547523499, 221.511734009, 15.5789051056, 15.8679656982], [976.231079102, -279.268920898, 198.588272095, 256.594268799, 137.881347656, 225.394195557, 88.5726852417, 110.543266296, -6.42991256714, 81.5115280151, 15.5789051056, 192.387115479, -10.8230113983], [-2521.52075195, 255.283096313, -203.926208496, -560.586425781, -232.480117798, -157.441757202, -99.6729354858, -126.743927002, -46.8467521667, -111.677467346, 15.8679656982, -10.8230113983, 298.114349365]],
        "icov": [[8.84649634827e-05, -0.000278630905086, 0.000177183988853, -0.000175125140231, 0.000113979585876, -0.000134336209157, 0.000142435557791, -0.000334790704073, 0.00032639541314, -0.000351229275111, 0.000215998807107, -0.000424506899435, 0.000594778801315], [-0.000278630905086, 0.001688158256, -0.000876103003975, 0.000791445199866, -0.000537323474418, 0.000812603917439, -0.0010669688927, 0.00174811307807, -0.00115256174468, 0.00164778204635, -0.00179046823177, 0.00193358538672, -0.00191509944852], [0.000177183988853, -0.000876103003975, 0.00153384648729, -0.00101638864726, 0.000335342279868, -0.000186213772395, 0.000403419428039, -0.0012598464964, 0.00126392929815, -0.00128525460605, 0.000607011199463, -0.00130063528195, 0.000786906457506], [-0.000175125140231, 0.000791445199866, -0.00101638864726, 0.00162997981533, -0.000833381782286, 0.00023381524079, -0.000650078582112, 0.000514490529895, -0.000911615905352, 0.000718931551091, -0.000392031070078, 0.000928857596591, -0.000133542969706], [0.000113979585876, -0.000537323474418, 0.000335342279868, -0.000833381782286, 0.00244694831781, -0.00133170839399, 0.000378327415092, 0.000319277460221, -0.00012180108024, -0.000966246647295, 0.000245712697506, -0.000694903428666, 0.0011341823265], [-0.000134336209157, 0.000812603917439, -0.000186213772395, 0.00023381524079, -0.00133170839399, 0.00454669073224, -0.00230919895694, -0.00102680560667, 0.00237339478917, -0.00121199770365, -0.00109452486504, -0.000375027622795, -0.00140213500708], [0.000142435557791, -0.0010669688927, 0.000403419428039, -0.000650078582112, 0.000378327415092, -0.00230919895694, 0.00529552996159, -0.00132286420558, -0.00256519764662, 0.00226106191985, -0.000208217796171, -0.00198804913089, 0.0018383783754], [-0.000334790704073, 0.00174811307807, -0.0012598464964, 0.000514490529895, 0.000319277460221, -0.00102680560667, -0.00132286420558, 0.00709236087278, -0.00352254626341, -0.000612756703049, 0.0019104067469, 0.00219120993279, -0.00274851266295], [0.00032639541314, -0.00115256174468, 0.00126392929815, -0.000911615905352, -0.00012180108024, 0.00237339478917, -0.00256519764662, -0.00352254626341, 0.00913389772177, -0.00429301150143, -0.000352803792339, -0.000668000429869, 0.00152288365643], [-0.000351229275111, 0.00164778204635, -0.00128525460605, 0.000718931551091, -0.000966246647295, -0.00121199770365, 0.00226106191985, -0.000612756703049, -0.00429301150143, 0.0119518609717, -0.00557676656172, 0.0011723942589, -0.000665129511617], [0.000215998807107, -0.00179046823177, 0.000607011199463, -0.000392031070078, 0.000245712697506, -0.00109452486504, -0.000208217796171, 0.0019104067469, -0.000352803792339, -0.00557676656172, 0.0105159310624, -0.00216055870987, 0.000611648021732], [-0.000424506899435, 0.00193358538672, -0.00130063528195, 0.000928857596591, -0.000694903428666, -0.000375027622795, -0.00198804913089, 0.00219120993279, -0.000668000429869, 0.0011723942589, -0.00216055870987, 0.0102846911177, -0.00403986033052], [0.000594778801315, -0.00191509944852, 0.000786906457506, -0.000133542969706, 0.0011341823265, -0.00140213500708, 0.0018383783754, -0.00274851266295, 0.00152288365643, -0.000665129511617, 0.000611648021732, -0.00403986033052, 0.00971332192421]]
    },
    "melbands": {
        "dmean": [0.00235708896071, 0.00140467844903, 0.000671007321216, 0.000349818437826, 0.000162997632287, 0.00017093551287, 0.000149275088916, 0.000110171953565, 8.55738690007e-05, 6.22636216576e-05, 6.85047198203e-05, 4.67594363727e-05, 3.212964657e-05, 4.13758207287e-05, 2.78723382507e-05, 2.36738778767e-05, 1.62651140272e-05, 1.63848599186e-05, 1.43346869663e-05, 1.02300955405e-05, 1.41587743201e-05, 1.16414821605e-05, 9.98078121484e-06, 8.68389179232e-06, 7.41990652386e-06, 6.46687431072e-06, 5.58734700462e-06, 4.91820719617e-06, 4.37089147454e-06, 3.54489384335e-06, 3.48327512256e-06, 2.54733549809e-06, 2.0499621769e-06, 1.86939519153e-06, 1.85090084415e-06, 1.22311109862e-06, 1.08201845705e-06, 9.41535347465e-07, 9.12636039629e-07, 7.80947345902e-07],
        "dmean2": [0.00365531118587, 0.00231182086281, 0.00120201078244, 0.000633531890344, 0.000287407397991, 0.00028601125814, 0.000247386866249, 0.000182478004717, 0.000140887146699, 9.91566193989e-05, 0.000109542983409, 7.44160861359e-05, 5.13413760928e-05, 6.59615470795e-05, 4.46018166258e-05, 3.72724316549e-05, 2.62151643255e-05, 2.64095160674e-05, 2.38113389059e-05, 1.73026910488e-05, 2.36452760873e-05, 1.95150532818e-05, 1.70668117789e-05, 1.48473618538e-05, 1.27750599859e-05, 1.1043408449e-05, 9.50154935708e-06, 8.58679231897e-06, 7.463098882e-06, 6.11481664237e-06, 5.99961185799e-06, 4.23309074904e-06, 3.39527650794e-06, 3.17125818583e-06, 3.1866829886e-06, 1.99464807338e-06, 1.77476022145e-06, 1.60166155183e-06, 1.58679404194e-06, 1.35789105116e-06],
        "dvar": [2.61092100118e-05, 1.31744463943e-05, 5.4961819842e-06, 1.8782262714e-06, 2.28755808962e-07, 1.818280424e-07, 8.40588754158e-08, 5.24901331289e-08, 3.75850071066e-08, 1.61816977595e-08, 1.79531891575e-08, 9.26568421988e-09, 4.5971071394e-09, 7.86597631475e-09, 4.83859174949e-09, 3.7022018784e-09, 1.52919887864e-09, 1.90881799256e-09, 1.34254718454e-09, 6.41954267522e-10, 1.15204168427e-09, 8.40921665635e-10, 5.94442051138e-10, 4.7322262775e-10, 3.59637652991e-10, 2.38411845821e-10, 1.58604809841e-10, 1.57037702286e-10, 1.06240849451e-10, 6.91864343594e-11, 8.17995185476e-11, 4.68023710065e-11, 2.69912286965e-11, 3.03412399372e-11, 2.97532380678e-11, 8.91545951648e-12, 9.89033334398e-12, 7.27756310076e-12, 8.03281573203e-12, 5.23431124833e-12],
        "dvar2": [6.22234074399e-05, 3.4372551454e-05, 1.51807253133e-05, 5.31238310941e-06, 6.62140450913e-07, 5.0479559377e-07, 2.28325461649e-07, 1.37188465033e-07, 9.4526889427e-08, 3.95874621972e-08, 4.38838796413e-08, 2.241989705e-08, 1.07597264432e-08, 1.85116206808e-08, 1.17526326449e-08, 8.70357830252e-09, 3.67952979197e-09, 4.47136860871e-09, 3.32087468635e-09, 1.69765934643e-09, 2.99434455009e-09, 2.20161799902e-09, 1.6305429229e-09, 1.27142218975e-09, 9.87129045171e-10, 6.51066311974e-10, 4.25472657106e-10, 4.36845837282e-10, 2.88533308357e-10, 1.89935525641e-10, 2.27362476068e-10, 1.21089888117e-10, 6.91558407762e-11, 8.28110219286e-11, 8.24932969157e-11, 2.22034717001e-11, 2.64661279004e-11, 1.95064936426e-11, 2.26364985784e-11, 1.47595963229e-11],
        "max": [0.0497826822102, 0.0434457398951, 0.024481959641, 0.0195535551757, 0.00906955450773, 0.00907462090254, 0.00512892287225, 0.00444658240303, 0.00509526766837, 0.00253588729538, 0.00252395658754, 0.00187567796092, 0.00123561103828, 0.00312758027576, 0.00221013487317, 0.00146567530464, 0.000896144250873, 0.00111934542656, 0.000867046357598, 0.000535476836376, 0.000559692212846, 0.000736895482987, 0.000376376177883, 0.000402985024266, 0.000276275677606, 0.000326808309183, 0.000228862889344, 0.000226439282415, 0.000193126557861, 0.000127130173496, 0.00014770468988, 0.000147579587065, 9.36341020861e-05, 0.000117415118439, 8.18197004264e-05, 4.38269962615e-05, 6.64473627694e-05, 4.59356378997e-05, 5.33418351552e-05, 3.0197767046e-05],
        "mean": [0.00423828233033, 0.0024505991023, 0.00060077937087, 0.000322297215462, 0.000255197664956, 0.000403259473387, 0.00034610403236, 0.000211753605981, 0.000171009378391, 0.000130698492285, 0.000148215098307, 9.58451128099e-05, 6.567958917e-05, 8.79947911017e-05, 5.6128243159e-05, 4.41979573225e-05, 2.88059254672e-05, 2.79084906651e-05, 2.22851776925e-05, 1.51218455358e-05, 2.14778465306e-05, 1.87581317732e-05, 1.5334922864e-05, 1.30662374431e-05, 1.1422780517e-05, 1.12624402391e-05, 9.66048173723e-06, 7.41205076338e-06, 7.7732020145e-06, 5.55057886231e-06, 5.88674174651e-06, 4.6336745072e-06, 3.70282941731e-06, 3.00446504298e-06, 2.98005898003e-06, 2.26075030696e-06, 2.0008969841e-06, 1.62622393418e-06, 1.3717578895e-06, 1.08764936613e-06],
        "median": [2.40960944211e-05, 5.17263106303e-05, 2.80294625554e-05, 4.25044636359e-05, 8.8649794634e-05, 0.000121747434605, 0.000125803708215, 6.32690207567e-05, 4.29627179983e-05, 4.22174925916e-05, 3.97766852984e-05, 2.53978796536e-05, 1.74982706085e-05, 2.71540484391e-05, 1.16143874038e-05, 3.4695362956e-06, 3.92454467146e-06, 2.07894368032e-06, 1.8616037778e-06, 9.06988532279e-07, 7.77471086622e-07, 7.06608602741e-07, 2.89457403824e-07, 2.17647539102e-07, 1.45925980632e-07, 1.01555698961e-07, 7.6169442309e-08, 6.01893361818e-08, 4.59519071683e-08, 3.93555872336e-08, 3.01857809859e-08, 2.29708128074e-08, 2.11901678426e-08, 1.76896364223e-08, 9.70559810298e-09, 5.92015636514e-09, 3.45345996244e-09, 1.97905425381e-09, 3.33937966168e-09, 4.07182554341e-09],
        "min": [7.83723527462e-24, 5.78351361067e-24, 2.63582449249e-24, 3.9764273366e-24, 2.0597024129e-24, 2.86882166059e-24, 3.86972206625e-24, 8.59438002715e-24, 5.05813668123e-24, 4.65688179293e-24, 6.22683332346e-24, 1.4382654019e-23, 5.44788406108e-24, 8.65694458554e-24, 4.38942441947e-24, 7.15339621057e-24, 1.24417019936e-23, 3.41614755613e-24, 4.84240255075e-24, 1.20151727907e-23, 1.21348682336e-23, 1.18026860061e-23, 8.80183782344e-24, 1.6458751328e-23, 1.54703622563e-23, 1.08870362208e-23, 6.92506515472e-24, 5.80759556196e-24, 9.88455888219e-24, 9.37697264361e-24, 8.86085724093e-24, 1.01582186745e-23, 7.46387056362e-24, 6.3456061935e-24, 9.61600696423e-24, 1.12538399756e-23, 1.02007240778e-23, 1.36413409159e-23, 9.98636217087e-24, 5.75866409773e-24],
        "var": [4.91864739161e-05, 1.95854991034e-05, 3.97466465074e-06, 1.23065092339e-06, 2.44135151206e-07, 4.60342988617e-07, 2.74398473721e-07, 1.29817564698e-07, 1.37009280365e-07, 5.04275092794e-08, 6.14061903548e-08, 2.89038659673e-08, 1.33736168806e-08, 2.34595880499e-08, 1.42643346024e-08, 1.10266897835e-08, 3.72288266881e-09, 4.85246154369e-09, 2.54076737427e-09, 1.12725262458e-09, 2.33121610904e-09, 1.73770231537e-09, 1.13763254372e-09, 9.15740760998e-10, 6.35742458677e-10, 5.66407754032e-10, 4.01373295711e-10, 2.63227328823e-10, 2.87047413616e-10, 1.30048014024e-10, 1.64096000677e-10, 1.00936134451e-10, 6.04361283241e-11, 4.33178805326e-11, 4.24791486708e-11, 2.14447990615e-11, 1.81636459345e-11, 1.20917754975e-11, 9.96368352407e-12, 6.36619403027e-12]
    },
    "mfcc": {
        "mean": [-769.669311523, 135.451156616, 3.12212157249, -4.90853500366, -17.0290431976, -8.68372058868, -8.78159618378, -3.26565909386, -3.30149078369, -5.25641918182, -3.18417978287, 3.38676309586, 5.54485797882],
        "cov": [[32955.65625, -1520.14941406, 254.221923828, 4203.05371094, 2881.78833008, 3144.90039062, 2029.95495605, 1669.46435547, 1075.52282715, 1776.64599609, 1415.11975098, 701.499450684, -10.4307460785], [-1520.14941406, 3485.9152832, -353.73260498, -769.65802002, -445.596221924, -370.982696533, -395.993835449, -505.036560059, -398.914550781, -370.680725098, -237.997329712, -188.351272583, -60.612651825], [254.221923828, -353.73260498, 1200.77844238, 721.915588379, 249.273010254, 182.283279419, 190.215484619, 176.658050537, 140.696411133, 127.963912964, 66.1405258179, 87.3766937256, 63.1739692688], [4203.05371094, -769.65802002, 721.915588379, 1711.11547852, 857.361022949, 767.047851562, 473.36618042, 378.913604736, 314.314422607, 495.832336426, 382.684783936, 175.362594604, 22.8835678101], [2881.78833008, -445.596221924, 249.273010254, 857.361022949, 804.295349121, 572.698486328, 348.240386963, 187.565505981, 139.093978882, 282.942596436, 231.403610229, 96.4961700439, 12.7618341446], [3144.90039062, -370.982696533, 182.283279419, 767.047851562, 572.698486328, 781.319885254, 484.616210938, 318.212097168, 155.965332031, 257.860961914, 243.764434814, 161.445053101, 77.9558486938], [2029.95495605, -395.993835449, 190.215484619, 473.36618042, 348.240386963, 484.616210938, 466.348815918, 325.309295654, 168.640991211, 162.264801025, 158.552902222, 137.523605347, 82.5101547241], [1669.46435547, -505.036560059, 176.658050537, 378.913604736, 187.565505981, 318.212097168, 325.309295654, 430.851745605, 269.956359863, 196.711929321, 133.867874146, 110.615951538, 67.204750061], [1075.52282715, -398.914550781, 140.696411133, 314.314422607, 139.093978882, 155.965332031, 168.640991211, 269.956359863, 347.021453857, 263.531921387, 153.497146606, 72.3244552612, 24.3578147888], [1776.64599609, -370.680725098, 127.963912964, 495.832336426, 282.942596436, 257.860961914, 162.264801025, 196.711929321, 263.531921387, 398.264709473, 265.390686035, 91.0326538086, -12.4680576324], [1415.11975098, -237.997329712, 66.1405258179, 382.684783936, 231.403610229, 243.764434814, 158.552902222, 133.867874146, 153.497146606, 265.390686035, 289.358459473, 147.911407471, 28.3547267914], [701.499450684, -188.351272583, 87.3766937256, 175.362594604, 96.4961700439, 161.445053101, 137.523605347, 110.615951538, 72.3244552612, 91.0326538086, 147.911407471, 210.365188599, 114.48588562], [-10.4307460785, -60.612651825, 63.1739692688, 22.8835678101, 12.7618341446, 77.9558486938, 82.5101547241, 67.204750061, 24.3578147888, -12.4680576324, 28.3547267914, 114.48588562, 168.816879272]],
