{
"lowlevel": {
    "average_loudness": 0.865587115288,
    "barkbands_crest": {
        "dmean": 3.60581159592,
        "dmean2": 5.69327878952,
        "dvar": 11.6803741455,
        "dvar2": 25.8289470673,
        "max": 26.5866680145,
        "mean": 10.6748495102,
        "median": 9.24967765808,
        "min": 1.90983057022,
        "var": 34.0682296753
    },
    "barkbands_flatness_db": {
        "dmean": 0.0345917679369,
        "dmean2": 0.0536655709147,
        "dvar": 0.00141367700417,
        "dvar2": 0.00330844055861,
        "max": 0.626432418823,
        "mean": 0.11499197036,
        "median": 0.103143461049,
        "min": 0.0165537465364,
        "var": 0.00374808139168
    },
    "barkbands_kurtosis": {
        "dmean": 4.82239580154,
        "dmean2": 8.11631774902,
        "dvar": 395.804260254,
        "dvar2": 1050.5645752,
        "max": 825.954101562,
        "mean": 4.19775915146,
        "median": 0.359267234802,
        "min": -1.88803124428,
        "var": 395.238067627
    },
    "barkbands_skewness": {
        "dmean": 0.843766212463,
        "dmean2": 1.32859110832,
        "dvar": 1.16346788406,
        "dvar2": 2.91576623917,
        "max": 20.9058055878,
        "mean": 1.25821137428,
        "median": 0.922310054302,
        "min": -4.63910293579,
        "var": 2.67432594299
    },
    "barkbands_spread": {
        "dmean": 11.1626930237,
        "dmean2": 17.5752983093,
        "dvar": 139.369781494,
        "dvar2": 318.977478027,
        "max": 111.005752563,
        "mean": 31.495223999,
        "median": 28.4375896454,
        "min": 0.10229023546,
        "var": 325.117218018
    },
    "dissonance": {
        "dmean": 0.0145051460713,
        "dmean2": 0.0245579387993,
        "dvar": 0.000252224621363,
        "dvar2": 0.000679655000567,
        "max": 0.500000178814,
        "mean": 0.479032307863,
        "median": 0.484899461269,
        "min": 0.221314072609,
        "var": 0.000402556644985
    },
    "dynamic_complexity": 2.51422286034,
    "erbbands_crest": {
        "dmean": 2.43449449539,
        "dmean2": 4.05208921432,
        "dvar": 6.45490026474,
        "dvar2": 16.2995758057,
        "max": 28.9020843506,
        "mean": 6.88122463226,
        "median": 5.83813858032,
        "min": 2.10378432274,
        "var": 12.1867380142
    },
    "erbbands_flatness_db": {
        "dmean": 0.0207053404301,
        "dmean2": 0.0316183194518,
        "dvar": 0.000504381314386,
        "dvar2": 0.00111359998118,
        "max": 0.537378668785,
        "mean": 0.142783120275,
        "median": 0.131537213922,
        "min": 0.0558018423617,
        "var": 0.00251802802086
    },
    "erbbands_kurtosis": {
        "dmean": 1.06435501575,
        "dmean2": 1.73002064228,
        "dvar": 7.20760250092,
        "dvar2": 19.8526210785,
        "max": 125.147079468,
        "mean": 0.416030168533,
        "median": -0.0827295780182,
        "min": -1.81553387642,
        "var": 7.07438898087
    },
    "erbbands_skewness": {
        "dmean": 0.431478917599,
        "dmean2": 0.667227745056,
        "dvar": 0.199182912707,
        "dvar2": 0.48012945056,
        "max": 8.40247344971,
        "mean": 0.0663625970483,
        "median": 0.0725784748793,
        "min": -3.57054948807,
        "var": 0.555074989796
    },
    "erbbands_spread": {
        "dmean": 11.1060581207,
        "dmean2": 17.3064556122,
        "dvar": 153.482437134,
        "dvar2": 360.238372803,
        "max": 155.077896118,
        "mean": 40.2295265198,
        "median": 37.5178413391,
        "min": 0.39930203557,
        "var": 356.31350708
    },
    "hfc": {
        "dmean": 27.1519966125,
        "dmean2": 42.7374229431,
        "dvar": 1527.87072754,
        "dvar2": 3363.38891602,
        "max": 257.399261475,
        "mean": 40.204120636,
        "median": 25.4567317963,
        "min": 1.0396978703e-16,
        "var": 1990.52868652
    },
    "melbands_crest": {
        "dmean": 4.51769113541,
        "dmean2": 7.10918283463,
        "dvar": 18.4724636078,
        "dvar2": 44.0860290527,
        "max": 39.4962387085,
        "mean": 16.3577957153,
        "median": 15.1239728928,
        "min": 1.64147937298,
        "var": 67.4583282471
    },
    "melbands_flatness_db": {
        "dmean": 0.0470921248198,
        "dmean2": 0.0726533681154,
        "dvar": 0.0025961024221,
        "dvar2": 0.00610507559031,
        "max": 0.786685705185,
        "mean": 0.159047454596,
        "median": 0.149132102728,
        "min": 0.00358298840001,
        "var": 0.00727880001068
    },
    "melbands_kurtosis": {
        "dmean": 14.3782138824,
        "dmean2": 23.9254550934,
        "dvar": 3383.84082031,
        "dvar2": 9189.16015625,
        "max": 2485.29052734,
        "mean": 17.8123817444,
        "median": 4.46280765533,
        "min": -1.87505245209,
        "var": 3340.90649414
    },
    "melbands_skewness": {
        "dmean": 1.16809785366,
        "dmean2": 1.85406148434,
        "dvar": 2.73282790184,
        "dvar2": 6.81096458435,
        "max": 43.6657867432,
        "mean": 2.73662471771,
        "median": 1.90461230278,
        "min": -3.57237243652,
        "var": 6.66106081009
    },
    "melbands_spread": {
        "dmean": 17.5110092163,
        "dmean2": 27.7849769592,
        "dvar": 447.920684814,
        "dvar2": 996.04498291,
        "max": 200.867736816,
        "mean": 37.5825538635,
        "median": 29.11951828,
        "min": 0.0730078816414,
        "var": 904.456787109
    },
    "pitch_salience": {
        "dmean": 0.104743018746,
        "dmean2": 0.165003553033,
        "dvar": 0.010231424123,
        "dvar2": 0.0239930860698,
        "max": 0.97693246603,
        "mean": 0.531250834465,
        "median": 0.561555624008,
        "min": 0.0241504814476,
        "var": 0.032099429518
    },
    "silence_rate_20dB": {
        "dmean": 0,
        "dmean2": 0,
        "dvar": 0,
        "dvar2": 0,
        "max": 1,
        "mean": 1,
        "median": 1,
        "min": 1,
        "var": 0
    },
    "silence_rate_30dB": {
        "dmean": 0.00293457624502,
        "dmean2": 0.00586965912953,
        "dvar": 0.00292608886957,
        "dvar2": 0.00773716112599,
        "max": 1,
        "mean": 0.99801504612,
        "median": 1,
        "min": 0,
        "var": 0.00198093685322
    },
    "silence_rate_60dB": {
        "dmean": 0.0200241673738,
        "dmean2": 0.0400517918169,
        "dvar": 0.0196203906089,
        "dvar2": 0.0477794334292,
        "max": 1,
        "mean": 0.0439285412431,
        "median": 0,
        "min": 0,
        "var": 0.0419924259186
    },
    "spectral_centroid": {
        "dmean": 489.980651855,
        "dmean2": 760.807250977,
        "dvar": 264165.78125,
        "dvar2": 615386,
        "max": 11986.8544922,
        "mean": 2058.26000977,
        "median": 1980.16967773,
        "min": 81.4866027832,
        "var": 1368590.125
    },
    "spectral_complexity": {
        "dmean": 8.12083530426,
        "dmean2": 12.1103153229,
        "dvar": 60.3429336548,
        "dvar2": 127.407424927,
        "max": 63,
        "mean": 26.6907749176,
        "median": 26,
        "min": 0,
        "var": 196.940490723
    },
    "spectral_decrease": {
        "dmean": 2.94952373636e-09,
        "dmean2": 4.56964110995e-09,
        "dvar": 1.272711671e-17,
        "dvar2": 3.06103446544e-17,
        "max": 1.38499556573e-28,
        "mean": -7.9138890996e-09,
        "median": -6.31280228092e-09,
        "min": -3.70965231866e-08,
        "var": 3.82468198212e-17
    },
    "spectral_energy": {
        "dmean": 0.0125023126602,
        "dmean2": 0.0191479101777,
        "dvar": 0.000194357140572,
        "dvar2": 0.000442770309746,
        "max": 0.143583744764,
        "mean": 0.033515561372,
        "median": 0.0280981790274,
        "min": 1.00240541595e-20,
        "var": 0.000611868803389
    },
    "spectral_energyband_high": {
        "dmean": 0.00284018018283,
        "dmean2": 0.00452160229906,
        "dvar": 2.07855755434e-05,
        "dvar2": 4.43503267888e-05,
        "max": 0.0298767276108,
        "mean": 0.00333465775475,
        "median": 0.00139104726259,
        "min": 6.99385569999e-21,
        "var": 2.52983445534e-05
    },
    "spectral_energyband_low": {
        "dmean": 0.00858627259731,
        "dmean2": 0.0141301611438,
        "dvar": 0.00020501059771,
        "dvar2": 0.000537505373359,
        "max": 0.135864928365,
        "mean": 0.0165590159595,
        "median": 0.00646879523993,
        "min": 1.76830098104e-23,
        "var": 0.000470687693451
    },
    "spectral_energyband_middle_high": {
        "dmean": 0.00394277693704,
        "dmean2": 0.00649664271623,
        "dvar": 2.34292729147e-05,
        "dvar2": 5.9549602156e-05,
        "max": 0.0412902571261,
        "mean": 0.00742349773645,
        "median": 0.00587831437588,
        "min": 1.20446766619e-21,
        "var": 4.13837915403e-05
    },
    "spectral_energyband_middle_low": {
        "dmean": 0.00502951396629,
        "dmean2": 0.00842795986682,
        "dvar": 0.000100887780718,
        "dvar2": 0.000262254150584,
        "max": 0.129554599524,
        "mean": 0.00734031060711,
        "median": 0.00447364477441,
        "min": 1.72739876399e-22,
        "var": 9.12713949219e-05
    },
    "spectral_entropy": {
        "dmean": 0.21644577384,
        "dmean2": 0.335597038269,
        "dvar": 0.0678850859404,
        "dvar2": 0.158019080758,
        "max": 9.82290267944,
        "mean": 8.03096389771,
        "median": 8.10330295563,
        "min": 4.15052747726,
        "var": 0.197483956814
    },
    "spectral_flux": {
        "dmean": 0.0347040854394,
        "dmean2": 0.0504582077265,
        "dvar": 0.00120314373635,
        "dvar2": 0.00229512271471,
        "max": 0.383341342211,
        "mean": 0.109068140388,
        "median": 0.0988763570786,
        "min": 6.3125067673e-11,
        "var": 0.00363555108197
    },
    "spectral_kurtosis": {
        "dmean": 1.60231518745,
        "dmean2": 2.60784101486,
        "dvar": 16.3705558777,
        "dvar2": 43.6687927246,
        "max": 130.999679565,
        "mean": 3.25092530251,
        "median": 2.31634187698,
        "min": -1.26632976532,
        "var": 29.8448314667
    },
    "spectral_rms": {
        "dmean": 0.00103392219171,
        "dmean2": 0.00154496007599,
        "dvar": 9.7403176369e-07,
        "dvar2": 2.02268961402e-06,
        "max": 0.0118356114253,
        "mean": 0.00526609458029,
        "median": 0.00523572880775,
        "min": 3.12722959507e-12,
        "var": 4.96619622936e-06
    },
    "spectral_rolloff": {
        "dmean": 1326.24768066,
        "dmean2": 2173.07543945,
        "dvar": 2825649,
        "dvar2": 5607959.5,
        "max": 19530.6152344,
        "mean": 2672.83935547,
        "median": 1722.65625,
        "min": 43.06640625,
        "var": 7622130.5
    },
    "spectral_skewness": {
        "dmean": 0.248497486115,
        "dmean2": 0.38301718235,
        "dvar": 0.117152035236,
        "dvar2": 0.290613085032,
        "max": 9.54986381531,
        "mean": 1.29121184349,
        "median": 1.21858179569,
        "min": -0.0959037169814,
        "var": 0.304067283869
    },
    "spectral_spread": {
        "dmean": 761149.5,
        "dmean2": 1129109.75,
        "dvar": 756888567808,
        "dvar2": 1.47794296832e+12,
        "max": 42774812,
        "mean": 5556179.5,
        "median": 5316828,
        "min": 586277.3125,
        "var": 1.32420793795e+13
    },
    "spectral_strongpeak": {
        "dmean": 0.421836525202,
        "dmean2": 0.716280400753,
        "dvar": 0.436867207289,
        "dvar2": 1.11729943752,
        "max": 6.51783227921,
        "mean": 0.75563031435,
        "median": 0.440334737301,
        "min": 0,
        "var": 0.763249695301
    },
    "zerocrossingrate": {
        "dmean": 0.0219323243946,
        "dmean2": 0.0266146361828,
        "dvar": 0.000525466632098,
        "dvar2": 0.000713126675691,
        "max": 0.703125,
        "mean": 0.0884106382728,
        "median": 0.0751953125,
        "min": 0.0009765625,
        "var": 0.00411317450926
    },
    "barkbands": {
        "dmean": [0.00046752783237, 0.00646270345896, 0.00322502129711, 0.00237000035122, 0.00159829622135, 0.000753175932914, 0.000532015459612, 0.000509749806952, 0.000983604928479, 0.000622689491138, 0.000775996653829, 0.000923740502913, 0.000623129773885, 0.00046037347056, 0.000486908567837, 0.000457084766822, 0.000455723522464, 0.000373397575459, 0.000328892201651, 0.000409354572184, 0.000486035685753, 0.000658354663756, 0.000662796024699, 0.000470087776193, 0.000318875390803, 0.000138956296723, 1.23082627397e-05],
        "dmean2": [0.000618561462034, 0.0095138316974, 0.00538673903793, 0.00434793997556, 0.00272911204956, 0.00126174278557, 0.000880634528585, 0.000841895351186, 0.00155208818614, 0.00100786960684, 0.00125987397041, 0.00154449534602, 0.0010469261324, 0.000799881818239, 0.000844344554935, 0.000783641065937, 0.000803298025858, 0.00063306937227, 0.000550819211639, 0.000689734704792, 0.000776173837949, 0.00106137467083, 0.00105211453047, 0.000750406994484, 0.000505931442603, 0.000221483060159, 2.15480158658e-05],
        "dvar": [9.28401505007e-07, 0.00011985283345, 8.96409910638e-05, 5.81981075811e-05, 2.21940517804e-05, 5.76669981456e-06, 1.05923936644e-06, 9.03935870156e-07, 2.16143598664e-06, 1.09305210572e-06, 1.57291458436e-06, 2.16651619667e-06, 8.75780358456e-07, 4.7593545105e-07, 5.43265173292e-07, 4.30232034887e-07, 6.71684233566e-07, 2.76892194506e-07, 2.29896954806e-07, 4.50924943607e-07, 5.38666711236e-07, 1.25494568692e-06, 1.2641230569e-06, 5.57760188258e-07, 3.2702922681e-07, 8.47598329301e-08, 1.16290366226e-09],
        "dvar2": [1.36148446472e-06, 0.000256982020801, 0.000226909120101, 0.000165500823641, 5.44265676581e-05, 1.59354985954e-05, 2.64931077254e-06, 2.16314856516e-06, 5.00247233504e-06, 2.58712884715e-06, 3.61619868272e-06, 5.31741170562e-06, 2.15200816456e-06, 1.28337364913e-06, 1.47036371345e-06, 1.13836586024e-06, 1.8918792648e-06, 7.47439628412e-07, 5.99527311351e-07, 1.19094022466e-06, 1.28409055833e-06, 2.70842724603e-06, 2.64615277956e-06, 1.19289677514e-06, 7.3773423992e-07, 2.01178579573e-07, 3.18652282338e-09],
        "max": [0.0247227977961, 0.124149553478, 0.100169889629, 0.063203766942, 0.119847543538, 0.0600693635643, 0.0210380852222, 0.0217648539692, 0.0249828658998, 0.0178615748882, 0.0190244819969, 0.0221205465496, 0.0169818419963, 0.0114266201854, 0.00941477157176, 0.00695753796026, 0.00844569504261, 0.00561609026045, 0.0102721257135, 0.00738977314904, 0.00665983976796, 0.00941813457757, 0.00877909734845, 0.00594263151288, 0.0054691825062, 0.00288222264498, 0.000523163529579],
        "mean": [0.00106589251664, 0.0116255078465, 0.00282899918966, 0.00170366303064, 0.00152571266517, 0.000922545150388, 0.000720283598639, 0.000672457856126, 0.00159226241522, 0.000890554918442, 0.00107480539009, 0.00115676410496, 0.000843554793391, 0.000601308071055, 0.000598109909333, 0.000593153468799, 0.000549068034161, 0.00052821188001, 0.00045264462824, 0.000516131985933, 0.000588440976571, 0.000710570020601, 0.000720568175893, 0.000546033552382, 0.000341994717019, 0.000136302274768, 9.93588582787e-06],
        "median": [0.000109575703391, 0.00386612652801, 0.00038530328311, 0.00024798780214, 0.00040778296534, 0.000352569390088, 0.000334310112521, 0.000300494721159, 0.000769830250647, 0.000389887019992, 0.000441458716523, 0.00052167288959, 0.000469744147267, 0.000352528819349, 0.000338746438501, 0.000348788278643, 0.000303068198264, 0.000348097179085, 0.000283950212179, 0.000303282780806, 0.00029211587389, 0.000258014944848, 0.000229862082051, 0.000195009881281, 0.000102106401755, 3.00830761262e-05, 9.13312021567e-07],
        "min": [5.63423982816e-25, 3.057132225e-24, 5.80333462839e-25, 1.86120272382e-24, 8.02065963458e-24, 4.97291051561e-24, 8.0850456728e-24, 1.17355476322e-23, 1.3370196801e-23, 1.66010050374e-23, 8.46659639341e-24, 2.17151255993e-23, 2.44648328131e-23, 2.93975926752e-23, 6.19574825949e-23, 5.87614157928e-23, 8.74412302412e-23, 1.06437909607e-22, 1.28140773152e-22, 1.72586382999e-22, 2.60250690483e-22, 3.71076761937e-22, 3.54340364702e-22, 6.06131639003e-22, 8.05390784981e-22, 1.18918845282e-21, 1.8668254735e-21],
        "var": [6.77204980093e-06, 0.00029481301317, 7.19982926967e-05, 3.48068715539e-05, 1.98980687856e-05, 4.88134537591e-06, 1.4561342141e-06, 1.46476918417e-06, 4.91040145789e-06, 2.11683959606e-06, 3.23831272908e-06, 3.39768894264e-06, 1.39102303365e-06, 5.81860490456e-07, 5.9574477973e-07, 5.21017398114e-07, 5.94418736455e-07, 3.48922526427e-07, 2.77332759424e-07, 4.36538755366e-07, 6.38351536963e-07, 1.42817714277e-06, 1.51843585172e-06, 7.07085405338e-07, 3.67432960502e-07, 8.67802256721e-08, 9.0343971193e-10]
    },
    "erbbands": {
        "dmean": [0.240676656365, 1.34446287155, 2.91551494598, 6.81177663803, 5.5352230072, 5.926445961, 5.58978700638, 6.49218559265, 5.90533208847, 8.69086170197, 15.0374641418, 19.4886741638, 20.3707027435, 28.9891281128, 24.9608821869, 32.9609222412, 28.3626270294, 24.4116687775, 23.1334724426, 25.4138374329, 25.6059989929, 24.5875644684, 20.5945034027, 18.4286651611, 16.2839412689, 18.3013763428, 18.7620487213, 22.3155403137, 25.3889884949, 19.4353103638, 18.4170608521, 11.8266563416, 7.2701010704, 4.18585968018, 1.99313151836, 0.784811496735, 0.213993415236, 0.0353896617889, 0.00205931183882, 5.67701281398e-05],
        "dmean2": [0.352195382118, 1.96562230587, 4.5175652504, 12.1559791565, 9.88335895538, 10.1064720154, 9.41370582581, 11.0804834366, 9.86652755737, 14.5021934509, 23.8776321411, 30.7264842987, 33.0069847107, 46.6278648376, 41.4994392395, 55.1623764038, 47.3392601013, 41.9667015076, 40.2274513245, 43.7656440735, 44.199180603, 42.9542388916, 35.1641120911, 30.9665107727, 26.9181213379, 30.9750843048, 30.4181194305, 36.0121994019, 41.1893081665, 30.9930896759, 29.0793075562, 19.0889530182, 11.5467290878, 6.58693265915, 3.2154686451, 1.25482821465, 0.340256720781, 0.0581095740199, 0.00359953939915, 9.06565328478e-05],
        "dvar": [0.186126038432, 5.75315904617, 57.9300575256, 466.675598145, 245.500015259, 405.511260986, 454.903015137, 369.772613525, 170.320968628, 247.584777832, 712.579101562, 968.792236328, 1020.15386963, 2304.85131836, 1414.94250488, 2552.69384766, 1731.63354492, 1283.63012695, 1129.01281738, 1518.5135498, 1401.67370605, 1653.88549805, 897.988708496, 775.739257812, 531.101867676, 925.922851562, 773.14239502, 1301.69543457, 2031.69458008, 1012.43096924, 1031.20874023, 361.63772583, 143.846115112, 55.3253135681, 13.4588527679, 2.50323081017, 0.201234325767, 0.00685162236914, 3.53148279828e-05, 1.19598251302e-08],
        "dvar2": [0.403892666101, 11.7690382004, 140.207183838, 1288.10400391, 672.764160156, 1005.09521484, 1197.69958496, 1018.7432251, 453.508239746, 621.804138184, 1566.64306641, 2184.12939453, 2492.55444336, 5309.06298828, 3509.05419922, 6301.70117188, 4135.82958984, 3393.14086914, 3074.80957031, 4101.92089844, 3758.5144043, 4599.10742188, 2456.15039062, 2065.38842773, 1324.9095459, 2473.30957031, 1905.28308105, 3178.16113281, 4538.35058594, 2087.85107422, 2155.87451172, 774.219787598, 314.860626221, 120.761039734, 32.1863555908, 5.84853935242, 0.475926995277, 0.0174436625093, 9.69137254287e-05, 3.00623419491e-08],
        "max": [6.45265674591, 29.8838672638, 90.9348068237, 161.857711792, 184.879760742, 602.285461426, 659.960083008, 420.222351074, 300.245239258, 293.287841797, 581.569213867, 542.92199707, 565.884277344, 765.39642334, 541.432678223, 710.640319824, 852.520080566, 582.592773438, 503.551696777, 659.391296387, 414.123443604, 397.835754395, 280.813018799, 799.092651367, 231.843093872, 309.106323242, 242.082611084, 337.686523438, 351.555908203, 245.942199707, 270.808990479, 144.599182129, 111.506690979, 73.2672348022, 30.2643890381, 16.6711978912, 4.44941234589, 0.959597110748, 0.0805312916636, 0.00124349340331],
        "mean": [0.44596901536, 2.15409111977, 3.25902843475, 5.28960561752, 4.54437637329, 5.74610090256, 6.19805049896, 7.66392230988, 8.01397132874, 12.054854393, 22.4208259583, 30.736246109, 32.3230628967, 44.1568336487, 33.6849784851, 41.6256637573, 40.2784881592, 34.0329322815, 29.6695346832, 31.6007804871, 34.1418190002, 31.8803920746, 29.3652992249, 25.6423492432, 23.0774917603, 23.2140674591, 22.8696899414, 24.9517402649, 26.648229599, 21.7903575897, 20.2001190186, 13.226143837, 8.38752937317, 4.65224742889, 2.0246925354, 0.777075707912, 0.211168214679, 0.0333226174116, 0.00165906047914, 8.32070145407e-05],
        "median": [0.134099021554, 0.494823932648, 0.646571457386, 1.02007830143, 1.07670307159, 1.4595618248, 2.27523112297, 2.88016366959, 4.00866937637, 5.97270107269, 10.0909900665, 15.5370969772, 15.6680707932, 20.1762466431, 16.9658031464, 20.7744998932, 23.6034507751, 21.4719333649, 18.6126995087, 17.8986721039, 20.7534198761, 19.0784988403, 19.4721317291, 16.5799102783, 14.5664510727, 13.6481189728, 12.4417295456, 10.9137048721, 9.41318511963, 7.77829408646, 6.30799055099, 4.51197862625, 2.91991424561, 1.44575178623, 0.578774929047, 0.184556886554, 0.0441396534443, 0.00583782885224, 0.000193502477487, 5.28795681021e-05],
        "min": [1.23316099856e-22, 6.56627723641e-22, 1.59793129087e-21, 6.05452224029e-21, 1.26018058266e-20, 2.47582168985e-20, 1.30656182745e-20, 5.76356444866e-20, 1.05979911657e-19, 2.45542619476e-19, 3.64137494301e-19, 3.85976510038e-19, 3.38364252474e-19, 8.39382767359e-19, 5.45061462258e-19, 1.2236674087e-18, 1.63042623709e-18, 1.72793211635e-18, 1.78389874301e-18, 3.64680150632e-18, 3.39417972007e-18, 5.14560810851e-18, 5.55427172706e-18, 4.1659810042e-18, 7.13130686774e-18, 8.53542527803e-18, 8.45978540127e-18, 9.55165801958e-18, 1.27867382342e-17, 9.10285463463e-18, 1.04925097919e-17, 1.1699999926e-17, 9.74409662601e-18, 7.70195395692e-18, 6.88831470458e-18, 4.20319337842e-18, 2.42110905608e-18, 1.01469790793e-18, 2.53625414831e-19, 2.50758623317e-20],
        "var": [0.515705406666, 12.0571155548, 59.6268005371, 302.278900146, 168.765579224, 346.312591553, 352.129638672, 340.487670898, 183.692687988, 356.175231934, 1462.98693848, 1928.05200195, 2148.47680664, 5025.86230469, 2262.82495117, 3527.69873047, 2927.37353516, 1663.98168945, 1267.77246094, 1570.86962891, 1728.49414062, 1651.28369141, 1095.14904785, 882.924743652, 693.417602539, 886.485046387, 880.772705078, 1392.35437012, 2177.01757812, 1253.28039551, 1245.43908691, 436.32800293, 177.482696533, 65.9423065186, 13.7795619965, 2.59851121902, 0.210072800517, 0.00641529308632, 2.63350138994e-05, 1.24547492319e-08]
    },
    "gfcc": {
        "mean": [15.7074480057, 55.2964134216, -127.705513, 33.167263031, -63.0536956787, 28.4148082733, -32.453289032, 13.4210157394, -21.8323688507, 2.52544331551, -15.5809688568, 0.649797856808, -11.0055465698],
        "cov": [[18748.7773438, -1649.13452148, -760.665527344, 823.412231445, -714.723937988, 754.996704102, -533.535400391, 478.090026855, -433.972808838, 377.637054443, -473.325469971, 367.212249756, -324.199890137], [-1649.13452148, 2383.3762207, -205.336959839, -106.217353821, 286.411712646, -116.83000946, 263.019195557, -92.7969970703, 235.912689209, -161.016494751, 263.188446045, -189.515411377, 174.102630615], [-760.665527344, -205.336959839, 1212.15429688, 445.419525146, 401.731140137, 337.066375732, 195.667297363, 170.034698486, 92.032989502, 173.810638428, 42.46459198, 119.791870117, 1.82586276531], [823.412231445, -106.217353821, 445.419525146, 694.017883301, 340.11932373, 320.185211182, 141.020462036, 150.863067627, 102.928268433, 126.439865112, 42.6272850037, 63.1026191711, 18.360212326], [-714.723937988, 286.411712646, 401.731140137, 340.11932373, 600.49206543, 267.201202393, 270.701599121, 113.998649597, 145.071472168, 91.0756225586, 94.0176849365, 37.9244766235, 48.1264457703], [754.996704102, -116.83000946, 337.066375732, 320.185211182, 267.201202393, 436.188110352, 212.633087158, 180.354568481, 94.2482070923, 133.155258179, 57.2815742493, 83.2370758057, 25.1167850494], [-533.535400391, 263.019195557, 195.667297363, 141.020462036, 270.701599121, 212.633087158, 325.921112061, 135.416229248, 155.619827271, 74.9516906738, 107.429298401, 32.920879364, 61.7045211792], [478.090026855, -92.7969970703, 170.034698486, 150.863067627, 113.998649597, 180.354568481, 135.416229248, 209.582962036, 110.04927063, 109.392021179, 33.1338996887, 61.6702690125, 16.4689617157], [-433.972808838, 235.912689209, 92.032989502, 102.928268433, 145.071472168, 94.2482070923, 155.619827271, 110.04927063, 197.515823364, 84.9422454834, 97.5017929077, 22.0092506409, 60.7603302002], [377.637054443, -161.016494751, 173.810638428, 126.439865112, 91.0756225586, 133.155258179, 74.9516906738, 109.392021179, 84.9422454834, 158.047241211, 61.4248352051, 82.2983093262, 16.383146286], [-473.325469971, 263.188446045, 42.46459198, 42.6272850037, 94.0176849365, 57.2815742493, 107.429298401, 33.1338996887, 97.5017929077, 61.4248352051, 155.044662476, 49.3695640564, 72.4430084229], [367.212249756, -189.515411377, 119.791870117, 63.1026191711, 37.9244766235, 83.2370758057, 32.920879364, 61.6702690125, 22.0092506409, 82.2983093262, 49.3695640564, 124.67440033, 42.219543457], [-324.199890137, 174.102630615, 1.82586276531, 18.360212326, 48.1264457703, 25.1167850494, 61.7045211792, 16.4689617157, 60.7603302002, 16.383146286, 72.4430084229, 42.219543457, 103.164421082]],
        "icov": [[0.000175269509782, -0.000263484049356, 0.000328826485202, -0.000326812325511, 0.000314019736834, -0.00042746856343, 0.000212021870539, -0.000291157542961, 0.000478090049, -0.000661944097374, 0.000892331183422, -0.000965258164797, 0.000517012842465], [-0.000263484049356, 0.00146975822281, -0.000529959972482, 0.000639417266939, -0.000890104391146, 0.000816156796645, -0.000364210165571, 0.000343282998074, -0.00126971758436, 0.00231799320318, -0.00331998686306, 0.00344298244454, -0.00173124740832], [0.000328826485202, -0.000529959972482, 0.00196081562899, -0.00101588305552, 7.74809668656e-05, -0.000948190747295, 0.000161435615155, -0.000422016513767, 0.00104142737109, -0.00185143493582, 0.00216067535803, -0.00269561144523, 0.0015059125144], [-0.000326812325511, 0.000639417266939, -0.00101588305552, 0.00341043691151, -0.0016650299076, -0.000625077460427, 0.000871973868925, 9.98788091238e-05, -0.00145844754297, 0.00115039094817, -0.00182407023385, 0.00251490925439, -0.0013757108245], [0.000314019736834, -0.000890104391146, 7.74809668656e-05, -0.0016650299076, 0.00445120269433, -0.00130206078757, -0.00184195383918, 0.000748626713175, 0.000331140734488, -0.00153714022599, 0.00228746421635, -0.00229862565175, 0.0013901439961], [-0.00042746856343, 0.000816156796645, -0.000948190747295, -0.000625077460427, -0.00130206078757, 0.00717805977911, -0.0031646003481, -0.00164328934625, 0.00113385601435, 3.80717283406e-05, -0.00227802689187, 0.00217883661389, -0.00154360255692], [0.000212021870539, -0.000364210165571, 0.000161435615155, 0.000871973868925, -0.00184195383918, -0.0031646003481, 0.00944367796183, -0.00316633982584, -0.00217264099047, 0.00151083956007, -0.00180859200191, 0.00011705885845, -0.000128544401377], [-0.000291157542961, 0.000343282998074, -0.000422016513767, 9.98788091238e-05, 0.000748626713175, -0.00164328934625, -0.00316633982584, 0.0135074760765, -0.00644644023851, -0.00214084982872, 0.00319356005639, -0.00233957334422, 0.0011353926966], [0.000478090049, -0.00126971758436, 0.00104142737109, -0.00145844754297, 0.000331140734488, 0.00113385601435, -0.00217264099047, -0.00644644023851, 0.0172554198653, -0.00842704810202, -0.000800460984465, 0.00345563376322, -0.00389227783307], [-0.000661944097374, 0.00231799320318, -0.00185143493582, 0.00115039094817, -0.00153714022599, 3.80717283406e-05, 0.00151083956007, -0.00214084982872, -0.00842704810202, 0.0224326774478, -0.00968034844846, -0.0028479162138, 0.00334577192552], [0.000892331183422, -0.00331998686306, 0.00216067535803, -0.00182407023385, 0.00228746421635, -0.00227802689187, -0.00180859200191, 0.00319356005639, -0.000800460984465, -0.00968034844846, 0.0230870973319, -0.0114578465, -0.000761238276027], [-0.000965258164797, 0.00344298244454, -0.00269561144523, 0.00251490925439, -0.00229862565175, 0.00217883661389, 0.00011705885845, -0.00233957334422, 0.00345563376322, -0.0028479162138, -0.0114578465, 0.0281492210925, -0.0134554989636], [0.000517012842465, -0.00173124740832, 0.0015059125144, -0.0013757108245, 0.0013901439961, -0.00154360255692, -0.000128544401377, 0.0011353926966, -0.00389227783307, 0.00334577192552, -0.000761238276027, -0.0134554989636, 0.0218830574304]]
    },
    "melbands": {
        "dmean": [0.00193320284598, 0.00134154828265, 0.00109576433897, 0.000399921642384, 0.000203485149541, 0.000141929122037, 9.74213617155e-05, 9.29106172407e-05, 0.000139390947879, 0.000131918306579, 0.000105054845335, 0.00011534432997, 8.71626834851e-05, 9.57326847129e-05, 8.61492881086e-05, 6.83461476001e-05, 4.40331095888e-05, 3.7990288547e-05, 4.05606224376e-05, 3.19316495734e-05, 3.13957789331e-05, 2.77300041489e-05, 2.15130912693e-05, 1.75754867087e-05, 1.54166846187e-05, 1.2502874597e-05, 1.24349626276e-05, 1.27975008581e-05, 1.29128065964e-05, 1.01695331978e-05, 1.43436964208e-05, 1.50812475113e-05, 1.2531359971e-05, 1.08669773908e-05, 1.10649161797e-05, 9.45781812334e-06, 6.53664346828e-06, 5.19532295584e-06, 4.55198369309e-06, 3.27381758325e-06],
        "dmean2": [0.00283539877273, 0.00210377946496, 0.001922524767, 0.000689232314471, 0.00033977907151, 0.000240785069764, 0.000161741307238, 0.000155178480782, 0.000219037872739, 0.000208882032894, 0.000170767787495, 0.000185981611139, 0.000143320023199, 0.000160229916219, 0.000144731369801, 0.000114878581371, 7.64608121244e-05, 6.62521269987e-05, 7.02007164364e-05, 5.49478572793e-05, 5.4637217545e-05, 4.87678371428e-05, 3.72883114323e-05, 2.97778788081e-05, 2.60300967057e-05, 2.0977046006e-05, 2.05564556381e-05, 2.20118381549e-05, 2.1525165721e-05, 1.61367752298e-05, 2.3775106456e-05, 2.48887317866e-05, 1.98645702767e-05, 1.73627013282e-05, 1.74607484951e-05, 1.53567052621e-05, 1.05890239865e-05, 8.30247063277e-06, 7.24378833183e-06, 5.16097225045e-06],
        "dvar": [1.09598322524e-05, 8.40383381728e-06, 1.10541732283e-05, 1.3854144072e-06, 5.43665407804e-07, 1.81555989798e-07, 4.08659772688e-08, 2.6904459105e-08, 5.92161022439e-08, 4.50364474602e-08, 2.78739111792e-08, 3.50785143155e-08, 1.68884302099e-08, 2.85798655852e-08, 2.1497164937e-08, 1.1523315635e-08, 4.40507808008e-09, 3.32099303613e-09, 4.00872446349e-09, 2.33793939763e-09, 2.27917995588e-09, 2.24242246993e-09, 1.21285581578e-09, 6.01749539086e-10, 5.66937496949e-10, 3.49802242727e-10, 3.09458098036e-10, 5.19063847459e-10, 4.18931861423e-10, 2.07535835739e-10, 6.25542062593e-10, 7.43671402237e-10, 4.68904914896e-10, 3.20732301828e-10, 3.92746279942e-10, 2.56759447037e-10, 1.05680610096e-10, 7.03366254129e-11, 6.833714844e-11, 3.40784449271e-11],
        "dvar2": [2.35599327425e-05, 2.01778839255e-05, 2.99418625218e-05, 3.40886981576e-06, 1.40245333569e-06, 5.02416810377e-07, 1.06752906959e-07, 6.87529535526e-08, 1.27316553744e-07, 1.0337469547e-07, 6.8163238609e-08, 8.10989249089e-08, 4.04201543347e-08, 7.01109215129e-08, 5.30012549405e-08, 2.88191550624e-08, 1.17432739088e-08, 9.1273593128e-09, 1.08449036418e-08, 6.26662055581e-09, 6.19732798413e-09, 6.25459195547e-09, 3.39538663852e-09, 1.61941238197e-09, 1.51506629464e-09, 9.04418706593e-10, 7.58291707204e-10, 1.41706857359e-09, 1.08396303045e-09, 4.54332765853e-10, 1.59041990688e-09, 1.77544012825e-09, 9.49053724497e-10, 7.21256721015e-10, 8.36982205765e-10, 5.45324840839e-10, 2.32300290115e-10, 1.59212809603e-10, 1.51011259053e-10, 7.50768475166e-11],
        "max": [0.0440316349268, 0.0350387580693, 0.0252418480814, 0.0297190770507, 0.0197664629668, 0.00973352137953, 0.00458369404078, 0.00372935784981, 0.00480287661776, 0.00406649149954, 0.00278858770616, 0.00292888260446, 0.00237896316685, 0.00303514907137, 0.00253848126158, 0.00197535846382, 0.000981473946013, 0.00106962339487, 0.000972668465693, 0.000699777388945, 0.000533749524038, 0.000513539765961, 0.00033456957317, 0.000310130562866, 0.000733254652005, 0.000245934934355, 0.000193358311662, 0.000243197297095, 0.000181574388989, 0.000138061499456, 0.000285359623376, 0.00022610698943, 0.000187353114597, 0.000147644619574, 0.000176959802047, 0.000118180061691, 8.89172806637e-05, 9.82878045761e-05, 7.57994566811e-05, 5.97505677433e-05],
        "mean": [0.00360313616693, 0.00212840200402, 0.000885457906406, 0.000366836378817, 0.000223620372708, 0.000171117062564, 0.000134821268148, 0.000128214931465, 0.000204357609618, 0.000204330135603, 0.000160032112035, 0.000174387474544, 0.000121839751955, 0.000115675480629, 0.000102549216535, 9.21763858059e-05, 5.71235541429e-05, 4.56614034192e-05, 4.89589328936e-05, 3.80375531677e-05, 3.95653478336e-05, 3.37533492711e-05, 2.73842379102e-05, 2.47992538789e-05, 2.02961346076e-05, 1.70228340721e-05, 1.65074470715e-05, 1.51163449118e-05, 1.47481978274e-05, 1.29609097712e-05, 1.4906283468e-05, 1.51124031618e-05, 1.36708949867e-05, 1.16356859508e-05, 1.19716360132e-05, 1.02183994386e-05, 7.2543434726e-06, 6.00572275289e-06, 4.96823759022e-06, 3.59458499588e-06],
        "median": [0.00125092430972, 0.000545978953596, 0.000184996300959, 9.24916093936e-05, 8.13324149931e-05, 6.53018141747e-05, 6.73386457493e-05, 6.31534639979e-05, 8.35031169117e-05, 9.97658935376e-05, 7.1415270213e-05, 7.75168882683e-05, 5.91987118241e-05, 4.79103073303e-05, 4.89662816108e-05, 4.73758445878e-05, 3.41413797287e-05, 2.62111916527e-05, 2.71532826446e-05, 2.06314525713e-05, 2.26703868975e-05, 1.85271528608e-05, 1.66112677107e-05, 1.62988981174e-05, 1.24309917737e-05, 1.03580960058e-05, 9.74509930529e-06, 8.27526218927e-06, 7.74577438278e-06, 6.54344876239e-06, 5.98778342464e-06, 5.33588035978e-06, 4.54903874925e-06, 4.08252844863e-06, 3.66818835573e-06, 3.25068344864e-06, 2.53530197369e-06, 2.14403712562e-06, 1.56263081408e-06, 1.07848393327e-06],
        "min": [2.18423416476e-24, 1.34601600764e-24, 2.09919338146e-24, 1.55481269811e-24, 4.4197214114e-25, 1.11204538518e-24, 2.23978160819e-24, 2.74498805063e-24, 1.99315430415e-24, 2.45425809718e-24, 1.51203789881e-24, 2.58102784743e-24, 1.51314043054e-24, 1.78975145012e-24, 3.16301924937e-24, 3.23809159185e-24, 2.40059011486e-24, 2.55463413926e-24, 4.85854501145e-24, 3.75379540636e-24, 4.03839078298e-24, 4.79540774004e-24, 4.4566898e-24, 4.11895951381e-24, 2.64828198669e-24, 4.03469615293e-24, 3.81777123691e-24, 5.37858144726e-24, 3.61976281096e-24, 3.65129121476e-24, 4.95869405881e-24, 6.55025446168e-24, 6.08107509957e-24, 3.59567652094e-24, 6.17651740834e-24, 5.82713288557e-24, 6.05478749319e-24, 5.94507035191e-24, 5.73023276184e-24, 6.18700097534e-24],
        "var": [2.92728873319e-05, 1.3237834537e-05, 7.52280629968e-06, 1.22439985262e-06, 4.31501234743e-07, 1.61966156043e-07, 4.92819616227e-08, 3.87857248541e-08, 1.28316827386e-07, 8.85676243456e-08, 5.75476377662e-08, 7.69673178524e-08, 3.14219228414e-08, 4.6801371667e-08, 2.79074079401e-08, 1.84530986047e-08, 5.21450882474e-09, 3.5452685232e-09, 4.30369295756e-09, 2.40115816119e-09, 2.65718380632e-09, 2.13853068587e-09, 1.2068429589e-09, 7.76001818359e-10, 6.15432704798e-10, 4.29767915699e-10, 3.95576182921e-10, 4.45717657227e-10, 4.12601064426e-10, 2.85812901124e-10, 5.84638504275e-10, 7.24746707093e-10, 5.74340242032e-10, 3.64316687929e-10, 4.63587168653e-10, 3.00603431036e-10, 1.27015994944e-10, 8.59392695896e-11, 7.82108544595e-11, 4.04123193243e-11]
    },
    "mfcc": {
        "mean": [-613.339172363, 82.5501327515, -4.94256830215, 8.42555809021, -1.3442902565, 9.40853786469, 3.43350362778, 9.24174880981, 2.02479147911, 4.2524766922, 0.0667706355453, 1.96103835106, -1.8169656992],
        "cov": [[8196.92480469, -1443.40612793, 204.927108765, 105.212608337, 97.7396621704, 186.548446655, 8.68200302124, 120.305335999, 112.410118103, 7.5965013504, 44.8508529663, 31.4863090515, 18.8663578033], [-1443.40612793, 1970.63647461, -179.573318481, -6.65481901169, 9.40654373169, -39.4965133667, 73.2450408936, 31.093957901, 2.20378017426, 54.5467338562, 19.0526428223, 37.533241272, 1.43227732182], [204.927108765, -179.573318481, 750.027282715, 216.603591919, 220.390853882, 206.211746216, 149.897445679, 113.883201599, 99.2216262817, 89.2684936523, 84.649269104, 66.3710861206, 78.5201568604], [105.212608337, -6.65481901169, 216.603591919, 436.49597168, 272.562713623, 203.058670044, 128.454483032, 103.73690033, 100.685752869, 87.2285232544, 76.6794433594, 66.0905151367, 57.4771766663], [97.7396621704, 9.40654373169, 220.390853882, 272.562713623, 377.417144775, 252.698867798, 173.101150513, 124.408226013, 115.990066528, 93.684425354, 82.0472183228, 74.6551132202, 64.0234451294], [186.548446655, -39.4965133667, 206.211746216, 203.058670044, 252.698867798, 332.190185547, 221.518692017, 152.15222168, 127.50617981, 103.471153259, 96.6265029907, 84.9137496948, 74.9152297974], [8.68200302124, 73.2450408936, 149.897445679, 128.454483032, 173.101150513, 221.518692017, 253.567733765, 157.727905273, 112.827484131, 93.98046875, 85.9356994629, 74.0743103027, 62.3676528931], [120.305335999, 31.093957901, 113.883201599, 103.73690033, 124.408226013, 152.15222168, 157.727905273, 178.516738892, 128.331832886, 94.1943283081, 79.0935897827, 68.6850280762, 54.1756439209], [112.410118103, 2.20378017426, 99.2216262817, 100.685752869, 115.990066528, 127.50617981, 112.827484131, 128.331832886, 163.08454895, 112.303749084, 82.3916015625, 63.835193634, 49.0587120056], [7.5965013504, 54.5467338562, 89.2684936523, 87.2285232544, 93.684425354, 103.471153259, 93.98046875, 94.1943283081, 112.303749084, 141.344909668, 98.2772598267, 63.6941070557, 42.2357139587], [44.8508529663, 19.0526428223, 84.649269104, 76.6794433594, 82.0472183228, 96.6265029907, 85.9356994629, 79.0935897827, 82.3916015625, 98.2772598267, 125.184631348, 84.1366729736, 53.2342643738], [31.4863090515, 37.533241272, 66.3710861206, 66.0905151367, 74.6551132202, 84.9137496948, 74.0743103027, 68.6850280762, 63.835193634, 63.6941070557, 84.1366729736, 111.543243408, 72.8731155396], [18.8663578033, 1.43227732182, 78.5201568604, 57.4771766663, 64.0234451294, 74.9152297974, 62.3676528931, 54.1756439209, 49.0587120056, 42.2357139587, 53.2342643738, 72.8731155396, 102.577682495]],
