{
"lowlevel": {
    "average_loudness": 0.948368966579,
    "barkbands_crest": {
        "dmean": 3.64599871635,
        "dmean2": 5.79561662674,
        "dvar": 12.3377685547,
        "dvar2": 27.7982368469,
        "max": 26.7752571106,
        "mean": 13.66289711,
        "median": 13.6384906769,
        "min": 1.81433796883,
        "var": 36.8727836609
    },
    "barkbands_flatness_db": {
        "dmean": 0.0326684974134,
        "dmean2": 0.0513711869717,
        "dvar": 0.00126187480055,
        "dvar2": 0.00266443169676,
        "max": 0.605072975159,
        "mean": 0.119746774435,
        "median": 0.0964686945081,
        "min": 0.0188497882336,
        "var": 0.00679510785267
    },
    "barkbands_kurtosis": {
        "dmean": 7.38718795776,
        "dmean2": 12.1227273941,
        "dvar": 821.927001953,
        "dvar2": 2094.29003906,
        "max": 755.059631348,
        "mean": 7.75387048721,
        "median": 0.485080957413,
        "min": -1.86554992199,
        "var": 1064.31152344
    },
    "barkbands_skewness": {
        "dmean": 0.973132014275,
        "dmean2": 1.55051660538,
        "dvar": 1.93113720417,
        "dvar2": 4.4395737648,
        "max": 24.7507362366,
        "mean": 1.83498978615,
        "median": 1.37352752686,
        "min": -2.01155185699,
        "var": 4.31024074554
    },
    "barkbands_spread": {
        "dmean": 12.3488759995,
        "dmean2": 20.0355911255,
        "dvar": 162.089035034,
        "dvar2": 374.969116211,
        "max": 117.475212097,
        "mean": 42.3082008362,
        "median": 43.2855834961,
        "min": 0.215933337808,
        "var": 429.156829834
    },
    "dissonance": {
        "dmean": 0.0112497992814,
        "dmean2": 0.0190996993333,
        "dvar": 0.00013329074136,
        "dvar2": 0.000364235689631,
        "max": 0.500000059605,
        "mean": 0.48102325201,
        "median": 0.484794229269,
        "min": 0.31120288372,
        "var": 0.000270744872978
    },
    "dynamic_complexity": 2.35151362419,
    "erbbands_crest": {
        "dmean": 1.76895391941,
        "dmean2": 2.95659804344,
        "dvar": 3.68787765503,
        "dvar2": 9.1247587204,
        "max": 25.8520965576,
        "mean": 5.64401054382,
        "median": 4.85469675064,
        "min": 2.0578122139,
        "var": 7.11782217026
    },
    "erbbands_flatness_db": {
        "dmean": 0.0125353895128,
        "dmean2": 0.0194454528391,
        "dvar": 0.000211795791984,
        "dvar2": 0.0004646339803,
        "max": 0.406760752201,
        "mean": 0.110653832555,
        "median": 0.100229382515,
        "min": 0.0322166532278,
        "var": 0.00167693023104
    },
    "erbbands_kurtosis": {
        "dmean": 0.601870119572,
        "dmean2": 0.967704713345,
        "dvar": 1.15060722828,
        "dvar2": 3.10868406296,
        "max": 42.2227859497,
        "mean": -0.195636764169,
        "median": -0.46551656723,
        "min": -1.86447811127,
        "var": 3.59354496002
    },
    "erbbands_skewness": {
        "dmean": 0.306492716074,
        "dmean2": 0.485345512629,
        "dvar": 0.093516856432,
        "dvar2": 0.233538597822,
        "max": 5.63513708115,
        "mean": -0.272923409939,
        "median": -0.29418477416,
        "min": -3.22478985786,
        "var": 0.317759126425
    },
    "erbbands_spread": {
        "dmean": 11.1212806702,
        "dmean2": 17.5092201233,
        "dvar": 152.352966309,
        "dvar2": 343.142120361,
        "max": 201.725158691,
        "mean": 54.1315116882,
        "median": 51.0680274963,
        "min": 4.82249403,
        "var": 374.107269287
    },
    "hfc": {
        "dmean": 25.260559082,
        "dmean2": 41.9592933655,
        "dvar": 1284.16430664,
        "dvar2": 3314.12158203,
        "max": 240.618850708,
        "mean": 48.7745170593,
        "median": 40.403301239,
        "min": 1.1511737589e-16,
        "var": 1470.31640625
    },
    "melbands_crest": {
        "dmean": 4.3949432373,
        "dmean2": 7.15452194214,
        "dvar": 19.879108429,
        "dvar2": 49.567779541,
        "max": 36.7467079163,
        "mean": 21.1144733429,
        "median": 21.7729492188,
        "min": 1.89825582504,
        "var": 46.5891151428
    },
    "melbands_flatness_db": {
        "dmean": 0.0450109802186,
        "dmean2": 0.0711859017611,
        "dvar": 0.00222889147699,
        "dvar2": 0.00502057373524,
        "max": 0.776986181736,
        "mean": 0.182440534234,
        "median": 0.162448212504,
        "min": 0.00561334844679,
        "var": 0.0113881966099
    },
    "melbands_kurtosis": {
        "dmean": 21.493522644,
        "dmean2": 34.7796134949,
        "dvar": 2356.70678711,
        "dvar2": 5172.50390625,
        "max": 834.549133301,
        "mean": 31.9682350159,
        "median": 13.463060379,
        "min": -1.78901779652,
        "var": 3931.61572266
    },
    "melbands_skewness": {
        "dmean": 1.48935437202,
        "dmean2": 2.38113570213,
        "dvar": 3.2620139122,
        "dvar2": 7.15627384186,
        "max": 22.9231204987,
        "mean": 4.17079973221,
        "median": 3.50584030151,
        "min": -0.912280321121,
        "var": 8.0937166214
    },
    "melbands_spread": {
        "dmean": 16.4689712524,
        "dmean2": 27.3669719696,
        "dvar": 359.152008057,
        "dvar2": 904.755004883,
        "max": 196.870803833,
        "mean": 34.3458480835,
        "median": 28.7666416168,
        "min": 0.338716685772,
        "var": 659.581420898
    },
    "pitch_salience": {
        "dmean": 0.109774082899,
        "dmean2": 0.172519475222,
        "dvar": 0.0114904707298,
        "dvar2": 0.0263346098363,
        "max": 0.977822244167,
        "mean": 0.416176199913,
        "median": 0.4017098248,
        "min": 0.0215564258397,
        "var": 0.0304471701384
    },
    "silence_rate_20dB": {
        "dmean": 0,
        "dmean2": 0,
        "dvar": 0,
        "dvar2": 0,
        "max": 1,
        "mean": 1,
        "median": 1,
        "min": 1,
        "var": 0
    },
    "silence_rate_30dB": {
        "dmean": 0.00432014558464,
        "dmean2": 0.0086412737146,
        "dvar": 0.00430183857679,
        "dvar2": 0.0122064426541,
        "max": 1,
        "mean": 0.997499167919,
        "median": 1,
        "min": 0,
        "var": 0.00249453727156
    },
    "silence_rate_60dB": {
        "dmean": 0.00181900861207,
        "dmean2": 0.0036384309642,
        "dvar": 0.00181546073873,
        "dvar2": 0.00453415792435,
        "max": 1,
        "mean": 0.0261452775449,
        "median": 0,
        "min": 0,
        "var": 0.0254617016762
    },
    "spectral_centroid": {
        "dmean": 409.613128662,
        "dmean2": 647.00567627,
        "dvar": 194009.28125,
        "dvar2": 433162.3125,
        "max": 11092.4462891,
        "mean": 2282.04101562,
        "median": 2420.15063477,
        "min": 104.012969971,
        "var": 543618.8125
    },
    "spectral_complexity": {
        "dmean": 7.17030477524,
        "dmean2": 11.4137582779,
        "dvar": 53.8494720459,
        "dvar2": 113.741653442,
        "max": 60,
        "mean": 27.6985340118,
        "median": 28,
        "min": 0,
        "var": 186.714385986
    },
    "spectral_decrease": {
        "dmean": 3.30709837293e-09,
        "dmean2": 5.19392928666e-09,
        "dvar": 1.22271505498e-17,
        "dvar2": 3.47302566616e-17,
        "max": -7.44832461504e-29,
        "mean": -1.00327355312e-08,
        "median": -8.4253253263e-09,
        "min": -3.37589014521e-08,
        "var": 3.8261199529e-17
    },
    "spectral_energy": {
        "dmean": 0.0130287762731,
        "dmean2": 0.0206186715513,
        "dvar": 0.000183195574209,
        "dvar2": 0.000501198170241,
        "max": 0.130099654198,
        "mean": 0.0422897860408,
        "median": 0.0370609536767,
        "min": 1.07226049556e-20,
        "var": 0.000588217400946
    },
    "spectral_energyband_high": {
        "dmean": 0.00265529402532,
        "dmean2": 0.00448258779943,
        "dvar": 1.48153203554e-05,
        "dvar2": 3.84943778045e-05,
        "max": 0.0271515697241,
        "mean": 0.0043440614827,
        "median": 0.0032816096209,
        "min": 7.61014160705e-21,
        "var": 1.5959598386e-05
    },
    "spectral_energyband_low": {
        "dmean": 0.0114326430485,
        "dmean2": 0.0182835906744,
        "dvar": 0.000182128409506,
        "dvar2": 0.000455751200207,
        "max": 0.123293936253,
        "mean": 0.0258974842727,
        "median": 0.0186094194651,
        "min": 3.52088343523e-23,
        "var": 0.000523553229868
    },
    "spectral_energyband_middle_high": {
        "dmean": 0.00281440280378,
        "dmean2": 0.00474919984117,
        "dvar": 1.5079228433e-05,
        "dvar2": 3.79005359719e-05,
        "max": 0.0358826369047,
        "mean": 0.00614498089999,
        "median": 0.00508139375597,
        "min": 1.79039810464e-21,
        "var": 2.24426603381e-05
    },
    "spectral_energyband_middle_low": {
        "dmean": 0.0059299855493,
        "dmean2": 0.00947479344904,
        "dvar": 0.000127780236653,
        "dvar2": 0.000293596938718,
        "max": 0.0828519910574,
        "mean": 0.00730752106756,
        "median": 0.00365333259106,
        "min": 2.86084130702e-22,
        "var": 0.000124094629427
    },
    "spectral_entropy": {
        "dmean": 0.17245182395,
        "dmean2": 0.278862804174,
        "dvar": 0.0367375947535,
        "dvar2": 0.0893564969301,
        "max": 9.79946327209,
        "mean": 8.08979415894,
        "median": 8.22117900848,
        "min": 4.98176813126,
        "var": 0.249237239361
    },
    "spectral_flux": {
        "dmean": 0.03444994241,
        "dmean2": 0.0483217351139,
        "dvar": 0.00111749209464,
        "dvar2": 0.00194983533584,
        "max": 0.342976987362,
        "mean": 0.117774441838,
        "median": 0.106970958412,
        "min": 1.03550008845e-10,
        "var": 0.00405730959028
    },
    "spectral_kurtosis": {
        "dmean": 1.27233278751,
        "dmean2": 2.14511394501,
        "dvar": 43.2354049683,
        "dvar2": 119.045318604,
        "max": 326.990112305,
        "mean": 3.61265063286,
        "median": 1.69144058228,
        "min": -1.1609518528,
        "var": 234.454238892
    },
    "spectral_rms": {
        "dmean": 0.000968556443695,
        "dmean2": 0.0015249052085,
        "dvar": 8.71174165695e-07,
        "dvar2": 2.1864102564e-06,
        "max": 0.011266165413,
        "mean": 0.00610296661034,
        "median": 0.00601307116449,
        "min": 3.23435896121e-12,
        "var": 4.01212446377e-06
    },
    "spectral_rolloff": {
        "dmean": 1624.17993164,
        "dmean2": 2745.32128906,
        "dvar": 3500133.25,
        "dvar2": 8614513,
        "max": 18884.6191406,
        "mean": 2766.62573242,
        "median": 2217.91992188,
        "min": 64.599609375,
        "var": 6290682
    },
    "spectral_skewness": {
        "dmean": 0.167370796204,
        "dmean2": 0.269497990608,
        "dvar": 0.101141810417,
        "dvar2": 0.28012445569,
        "max": 13.0568571091,
        "mean": 1.21949446201,
        "median": 1.10316228867,
        "min": -0.0646973326802,
        "var": 0.673023283482
    },
    "spectral_spread": {
        "dmean": 620182.3125,
        "dmean2": 916888.625,
        "dvar": 616575270912,
        "dvar2": 1.11595657626e+12,
        "max": 39949684,
        "mean": 6223414.5,
        "median": 6390429.5,
        "min": 238256.28125,
        "var": 2.32470426419e+12
    },
    "spectral_strongpeak": {
        "dmean": 0.19195266068,
        "dmean2": 0.317552059889,
        "dvar": 0.103087551892,
        "dvar2": 0.271374464035,
        "max": 6.41866159439,
        "mean": 0.497974604368,
        "median": 0.421367108822,
        "min": 0,
        "var": 0.144665762782
    },
    "zerocrossingrate": {
        "dmean": 0.0198420044035,
        "dmean2": 0.0250952132046,
        "dvar": 0.000349529087543,
        "dvar2": 0.000547650852241,
        "max": 0.7392578125,
        "mean": 0.0896366015077,
        "median": 0.0888671875,
        "min": 0.00146484375,
        "var": 0.00263147521764
    },
    "barkbands": {
        "dmean": [0.000445138546638, 0.00972421001643, 0.00284046214074, 0.00337395817041, 0.00251403241418, 0.000685738748871, 0.00050369813107, 0.000544719456229, 0.000607341295108, 0.000493928673677, 0.00053374550771, 0.000448978942586, 0.000405142636737, 0.000563888519537, 0.000375590840122, 0.000312501681037, 0.000393947557313, 0.00040130407433, 0.000385243678465, 0.000365892250556, 0.000357226643246, 0.00050501676742, 0.000619095284492, 0.000647385953926, 0.000345532374922, 0.000216450862354, 2.69809352176e-05],
        "dmean2": [0.000674201524816, 0.0143714984879, 0.0041570183821, 0.00635588355362, 0.00445081992075, 0.00119223282672, 0.000827971496619, 0.000884626584593, 0.00104355299845, 0.000837567204144, 0.000933671894018, 0.000772071245592, 0.000693381822202, 0.000989129650407, 0.000644113402814, 0.000526814546902, 0.000671698304359, 0.000667251646519, 0.000640420825221, 0.000617495505139, 0.000605757522862, 0.000871872936841, 0.00105528207496, 0.00110003305599, 0.000569111958612, 0.000349603273207, 4.543124669e-05],
        "dvar": [6.32142700852e-07, 0.000174914661329, 3.152710633e-05, 9.7048956377e-05, 3.90626810258e-05, 2.74204717243e-06, 8.72290286225e-07, 9.58293185249e-07, 1.32886441406e-06, 6.82840834543e-07, 9.25591280065e-07, 5.51714890662e-07, 3.91937135191e-07, 9.99271946966e-07, 2.74708838788e-07, 1.81318725367e-07, 3.8230592736e-07, 4.88794682951e-07, 2.55012821526e-07, 2.29406026619e-07, 2.06459660035e-07, 8.59515921547e-07, 7.26178427612e-07, 7.94537868387e-07, 2.55768782154e-07, 1.21861887692e-07, 3.76554698533e-09],
        "dvar2": [1.34664992402e-06, 0.000346393324435, 5.36770676263e-05, 0.000275800790405, 0.00010393125558, 7.5220978033e-06, 2.14141937249e-06, 2.135902605e-06, 3.53606674253e-06, 1.80898439339e-06, 2.56776343122e-06, 1.4680960021e-06, 1.0313532357e-06, 2.62953790298e-06, 7.14044347205e-07, 4.66049158376e-07, 9.59007934398e-07, 1.1559466202e-06, 6.48753143651e-07, 5.93851154918e-07, 5.38977474207e-07, 2.38294865085e-06, 1.90103173736e-06, 2.06142226489e-06, 6.6052115244e-07, 3.08103608404e-07, 1.01236832251e-08],
        "max": [0.0207033753395, 0.115055561066, 0.0504302456975, 0.0670300796628, 0.0608324222267, 0.0247569624335, 0.0166271794587, 0.0176647026092, 0.0201389268041, 0.00975436903536, 0.0114075960591, 0.0109602622688, 0.011084436439, 0.012513840571, 0.00839272793382, 0.00574001576751, 0.0133161656559, 0.0161440689117, 0.00648413039744, 0.00517002958804, 0.00467185024172, 0.0107841445133, 0.00663737999275, 0.00684355152771, 0.00390553567559, 0.00290256296284, 0.00062122521922],
        "mean": [0.000768224475905, 0.0199730936438, 0.00387933501042, 0.00211529782973, 0.00199687271379, 0.00074658653466, 0.00073510967195, 0.000765910197515, 0.00070281221997, 0.000575557351112, 0.000573655823246, 0.000586629961617, 0.000571410520934, 0.000647614418995, 0.000567490293179, 0.000481980736367, 0.000615425989963, 0.000675612478517, 0.000698969641235, 0.000680212222505, 0.000662336300593, 0.000738518778235, 0.000837814761326, 0.000869727751706, 0.000519205874298, 0.000279494852293, 2.49374625128e-05],
        "median": [0.000129074323922, 0.0130938990042, 0.000693922396749, 0.000180591989192, 0.000399587384891, 0.000270459597232, 0.000293962715659, 0.000290844996925, 0.000277969433228, 0.000253441103268, 0.000232863996644, 0.000292932119919, 0.000319782993756, 0.00030183425406, 0.000371591362637, 0.000316801277222, 0.00043207037379, 0.0004709304485, 0.000549741787836, 0.000548792479094, 0.000543512345757, 0.000539093802217, 0.000581728760153, 0.000559305946808, 0.000345624313923, 0.000145932339365, 6.73619524605e-06],
        "min": [1.80048997696e-23, 1.09421121226e-23, 5.43404546865e-24, 9.30522495542e-24, 3.8938325743e-23, 5.28101102843e-23, 5.44702522821e-23, 7.67488391379e-23, 4.24523760651e-23, 1.32996445527e-22, 2.94384935354e-23, 1.00081079106e-22, 6.66684589466e-23, 2.07647488947e-22, 2.12439232034e-22, 1.66998243808e-22, 1.77770890464e-22, 1.6118166312e-22, 3.97615658376e-22, 3.40644552941e-22, 3.41346677012e-22, 4.68011156933e-22, 6.88677084871e-22, 1.12852699296e-21, 1.23356196709e-21, 1.69173601591e-21, 2.0060692935e-21],
        "var": [1.83651161478e-06, 0.000475712673506, 4.85718665004e-05, 5.54880789423e-05, 2.73860514426e-05, 2.26109432333e-06, 1.47013861351e-06, 1.63141760368e-06, 1.31531464831e-06, 7.47179683458e-07, 8.47334717946e-07, 6.89942908139e-07, 5.65680807085e-07, 9.81188691185e-07, 4.12708970998e-07, 2.82331654944e-07, 4.98871315813e-07, 7.23711139017e-07, 4.15629727968e-07, 3.45605911889e-07, 3.02111317296e-07, 7.0388733775e-07, 7.44911972106e-07, 8.47820899708e-07, 2.92236052246e-07, 1.2535123517e-07, 2.80590373158e-09]
    },
    "erbbands": {
        "dmean": [0.295859754086, 2.20056176186, 3.41925644875, 8.51915073395, 8.00280570984, 10.1378545761, 6.5361533165, 5.53856658936, 6.59415626526, 8.50950050354, 12.969628334, 14.2996501923, 14.6877660751, 17.2573070526, 19.8219337463, 18.5902194977, 17.9711647034, 25.4912776947, 23.3698005676, 15.4299840927, 17.171295166, 20.8859291077, 22.1727027893, 19.6103477478, 18.2334918976, 17.3232765198, 15.0192222595, 15.3168144226, 17.8606128693, 19.2177276611, 16.8601665497, 14.4982233047, 10.0547294617, 4.75657081604, 2.16604351997, 1.07118153572, 0.377160876989, 0.0751492455602, 0.00334944366477, 7.89736150182e-05],
        "dmean2": [0.430679827929, 3.11808419228, 4.10428667068, 15.3066282272, 14.0557584763, 18.473115921, 11.7776451111, 9.57865715027, 10.9858112335, 13.762878418, 21.3939571381, 24.4441776276, 24.7242641449, 29.7797851562, 34.5388908386, 31.9206180573, 30.4923496246, 44.2815437317, 40.3641891479, 26.0423355103, 29.1687507629, 35.521320343, 36.8256835938, 32.2482376099, 30.4132461548, 29.32380867, 25.4704971313, 26.1379432678, 30.7369003296, 33.166229248, 28.7843017578, 24.515537262, 17.2494277954, 8.03482151031, 3.4981470108, 1.75070214272, 0.607886493206, 0.1219631657, 0.00554656423628, 0.000127426916151],
        "dvar": [0.158541187644, 10.3531599045, 28.1740779877, 543.753051758, 418.0625, 751.249511719, 284.596405029, 202.135864258, 193.505310059, 198.498092651, 615.871032715, 785.603637695, 675.148132324, 951.948120117, 1447.87927246, 888.48046875, 766.411010742, 1829.68896484, 1371.18493652, 443.887512207, 549.212036133, 1195.21728516, 1751.48339844, 700.406799316, 512.073608398, 569.972290039, 331.745513916, 458.546966553, 1109.67712402, 819.237609863, 583.390869141, 383.977722168, 204.706512451, 53.149723053, 9.62152767181, 2.85817432404, 0.373056352139, 0.0222304333001, 4.92977524118e-05, 1.85052630997e-08],
        "dvar2": [0.418301254511, 18.1203975677, 46.6939353943, 1505.48352051, 1114.23913574, 2082.51904297, 789.498596191, 552.603210449, 504.297943115, 453.705657959, 1437.92236328, 2088.16748047, 1764.54541016, 2551.95532227, 4059.47558594, 2364.52124023, 2000.78540039, 4796.66308594, 3497.18481445, 1158.80407715, 1437.77416992, 3059.01220703, 4076.71166992, 1694.77575684, 1317.75524902, 1496.80041504, 847.082519531, 1225.71875, 3095.54638672, 2165.58032227, 1549.69274902, 988.501525879, 537.401184082, 140.659225464, 24.1949367523, 7.27470350266, 0.934368252754, 0.0586647577584, 0.000130869797431, 4.85375046821e-08],
        "max": [3.39505958557, 30.367143631, 58.5535469055, 168.591384888, 147.27293396, 319.88772583, 215.410720825, 273.425445557, 257.009979248, 212.50302124, 474.149353027, 492.391021729, 557.84375, 348.270141602, 557.383300781, 400.037353516, 460.501922607, 669.913879395, 513.700256348, 266.22869873, 361.823913574, 631.325256348, 1097.64489746, 305.429656982, 302.998199463, 253.691070557, 179.750747681, 223.198577881, 425.194610596, 262.007293701, 202.605728149, 175.61505127, 98.8641891479, 59.2921485901, 25.4748764038, 15.0254173279, 4.86535024643, 1.40549731255, 0.0722077041864, 0.00130479887594],
        "mean": [0.560909807682, 4.40694332123, 5.74792528152, 6.27487516403, 6.0052318573, 7.45474290848, 5.76281356812, 6.17165231705, 9.29158973694, 13.4142723083, 17.194688797, 17.4514331818, 18.7355823517, 19.4441375732, 22.9323310852, 25.5960960388, 26.7763271332, 33.5845222473, 32.8370246887, 25.7045154572, 28.9099559784, 33.4551696777, 37.0227279663, 35.3384056091, 34.5605888367, 32.043548584, 27.8553333282, 26.5611972809, 26.5870285034, 26.1242904663, 22.9425754547, 19.9379901886, 13.0857543945, 6.79233264923, 3.31079983711, 1.44136440754, 0.473111271858, 0.0824596658349, 0.00340959057212, 0.00013438424503],
        "median": [0.372886776924, 2.12353110313, 1.95885324478, 1.12094640732, 0.805295348167, 1.340934515, 1.58248662949, 2.23241138458, 3.61663389206, 5.75064134598, 7.58898544312, 7.75476646423, 8.98026657104, 9.16457653046, 9.64268493652, 13.4951782227, 15.92441082, 19.0917835236, 18.4096088409, 18.4868526459, 21.6568870544, 23.2358989716, 25.7835922241, 26.2628650665, 27.802438736, 25.9637527466, 23.2851524353, 21.2290325165, 19.755115509, 18.0784626007, 15.9179210663, 12.7514028549, 8.51289176941, 4.34078741074, 2.16161417961, 0.814280211926, 0.233187511563, 0.0350277200341, 0.00116344797425, 9.88064421108e-05],
        "min": [6.50423414663e-22, 1.33640095441e-21, 5.27720430124e-21, 2.42629360444e-20, 4.24290501423e-20, 2.09239756192e-19, 1.97956250079e-19, 5.36895380154e-19, 5.94036810074e-19, 1.40379053658e-18, 1.11212716958e-18, 1.18959614946e-18, 2.7345523988e-18, 3.50472289636e-18, 1.52323552043e-18, 4.68743152645e-18, 3.31276839738e-18, 9.82952370377e-18, 7.51842822159e-18, 1.28101085681e-17, 1.0154355876e-17, 8.31905716366e-18, 9.78354404224e-18, 1.62121543622e-17, 1.87106534024e-17, 1.79976303318e-17, 1.57892202237e-17, 1.3061166983e-17, 1.81510011979e-17, 1.91112238858e-17, 2.0265221904e-17, 2.02389886981e-17, 1.93310008115e-17, 1.2533063447e-17, 1.01150664512e-17, 5.83062532509e-18, 3.13601809845e-18, 1.28774216312e-18, 2.45577361061e-19, 3.36113823607e-20],
        "var": [0.34416437149, 30.2767734528, 67.2429275513, 347.471588135, 287.931610107, 476.588500977, 197.112625122, 167.476867676, 258.392791748, 414.216064453, 886.644348145, 820.800109863, 821.053222656, 898.829956055, 1361.35314941, 1216.16674805, 1117.11120605, 1979.34179688, 1795.59838867, 625.37878418, 774.21081543, 1490.37219238, 2498.85424805, 1173.23937988, 872.554748535, 783.238891602, 511.538604736, 560.620788574, 904.578735352, 777.528320312, 580.116943359, 439.01763916, 202.244644165, 53.8692092896, 11.9724645615, 3.00748443604, 0.385570496321, 0.018393183127, 4.01267097914e-05, 1.78145498353e-08]
    },
    "gfcc": {
        "mean": [37.6805458069, 35.2788543701, -102.392623901, 45.52784729, -50.0739097595, 31.2273006439, -29.6224040985, 21.5615196228, -18.4437198639, 11.921251297, -13.9559965134, 4.57282161713, -14.7002239227],
        "cov": [[21628.5917969, -2849.27246094, -1486.3034668, 375.636199951, -1532.74182129, 641.268798828, -642.113647461, 537.668884277, -400.175140381, 380.936889648, -342.432922363, 345.812438965, -378.424041748], [-2849.27246094, 2138.88330078, 306.748657227, 22.8900432587, 645.014892578, -223.819076538, 328.453308105, -106.109710693, 219.515228271, -109.22869873, 202.450927734, -105.903694153, 170.491226196], [-1486.3034668, 306.748657227, 807.86541748, 196.830978394, 275.389709473, 102.142044067, 70.4148788452, 28.4995994568, 53.0327796936, 25.1542568207, -13.6609764099, -16.0742435455, -17.4638843536], [375.636199951, 22.8900432587, 196.830978394, 406.893432617, 125.676383972, 155.626556396, 85.1905822754, 95.975112915, 67.2259216309, 65.8091430664, 21.0790424347, 8.49749279022, -8.74635219574], [-1532.74182129, 645.014892578, 275.389709473, 125.676383972, 428.578460693, 44.9568481445, 203.947723389, 26.1386470795, 113.229187012, 8.25353431702, 75.8217391968, -32.7975349426, 45.9987716675], [641.268798828, -223.819076538, 102.142044067, 155.626556396, 44.9568481445, 297.007141113, 71.6291885376, 120.977844238, 35.5443763733, 83.7171020508, 9.36848545074, 34.0727615356, -12.1117868423], [-642.113647461, 328.453308105, 70.4148788452, 85.1905822754, 203.947723389, 71.6291885376, 230.234283447, 80.5157089233, 120.597732544, 38.6661605835, 66.6588134766, -5.16020774841, 39.2028541565], [537.668884277, -106.109710693, 28.4995994568, 95.975112915, 26.1386470795, 120.977844238, 80.5157089233, 181.907714844, 98.4572219849, 100.459495544, 41.5345878601, 42.8101730347, 5.83960056305], [-400.175140381, 219.515228271, 53.0327796936, 67.2259216309, 113.229187012, 35.5443763733, 120.597732544, 98.4572219849, 190.055587769, 107.001968384, 96.5461807251, 16.9653511047, 37.7338905334], [380.936889648, -109.22869873, 25.1542568207, 65.8091430664, 8.25353431702, 83.7171020508, 38.6661605835, 100.459495544, 107.001968384, 167.960845947, 81.6603240967, 57.7895545959, -1.01487207413], [-342.432922363, 202.450927734, -13.6609764099, 21.0790424347, 75.8217391968, 9.36848545074, 66.6588134766, 41.5345878601, 96.5461807251, 81.6603240967, 152.158630371, 66.8446273804, 55.6942977905], [345.812438965, -105.903694153, -16.0742435455, 8.49749279022, -32.7975349426, 34.0727615356, -5.16020774841, 42.8101730347, 16.9653511047, 57.7895545959, 66.8446273804, 115.815605164, 51.8588447571], [-378.424041748, 170.491226196, -17.4638843536, -8.74635219574, 45.9987716675, -12.1117868423, 39.2028541565, 5.83960056305, 37.7338905334, -1.01487207413, 55.6942977905, 51.8588447571, 112.986167908]],
        "icov": [[0.000124932324979, -0.000218578454223, 0.00027050281642, -0.000201348710107, 0.00034251564648, -0.000227220079978, 0.000196413107915, -0.000373989052605, 0.0002889665775, -0.000380060751922, 0.000611892028246, -0.000613469572272, 0.000441895681433], [-0.000218578454223, 0.00207995646633, -0.00075164437294, 0.000389438064303, -0.00204217829742, 0.00137232569978, -0.000857003789861, 0.00121271889657, -0.00133268011268, 0.00211619026959, -0.00320863118395, 0.00284063094296, -0.00200157659128], [0.00027050281642, -0.00075164437294, 0.00261139939539, -0.00090405944502, -0.000841973174829, -0.000963193015195, 0.00151941156946, -0.000534052611329, -1.41358868859e-05, -0.00118442857638, 0.00312195695005, -0.00279398541898, 0.00185135623906], [-0.000201348710107, 0.000389438064303, -0.00090405944502, 0.00389675004408, -0.00116458069533, -0.00086762313731, -0.000274000747595, -0.00014364355593, -0.000699231808539, 0.000477228604723, -0.000945251667872, 0.00111150986049, -0.000422911834903], [0.00034251564648, -0.00204217829742, -0.000841973174829, -0.00116458069533, 0.00879398360848, -0.00148525193799, -0.00350548001006, -0.000379311764846, 0.00154545775149, -0.00127823418006, 0.000404705031542, -0.000227382901357, 0.0008822028758], [-0.000227220079978, 0.00137232569978, -0.000963193015195, -0.00086762313731, -0.00148525193799, 0.00712596578524, -0.00242699659429, -0.00187029468361, 0.00201930943877, -0.00117122021038, -0.0012206149986, 0.00162549037486, -0.00156983418856], [0.000196413107915, -0.000857003789861, 0.00151941156946, -0.000274000747595, -0.00350548001006, -0.00242699659429, 0.0121482908726, -0.0034181913361, -0.00369041482918, 0.0016485931119, 0.000816455751192, -0.000538868072908, 0.000385383988032], [-0.000373989052605, 0.00121271889657, -0.000534052611329, -0.00014364355593, -0.000379311764846, -0.00187029468361, -0.0034181913361, 0.0145351663232, -0.00666063698009, -0.00062317942502, 0.000846106209792, -0.00211528688669, -1.48377175719e-05], [0.0002889665775, -0.00133268011268, -1.41358868859e-05, -0.000699231808539, 0.00154545775149, 0.00201930943877, -0.00369041482918, -0.00666063698009, 0.0201732330024, -0.0110174668953, -0.00309153972194, 0.00624709529802, -0.00404513068497], [-0.000380060751922, 0.00211619026959, -0.00118442857638, 0.000477228604723, -0.00127823418006, -0.00117122021038, 0.0016485931119, -0.00062317942502, -0.0110174668953, 0.0208989791572, -0.00829718541354, -0.00289664790034, 0.00452939420938], [0.000611892028246, -0.00320863118395, 0.00312195695005, -0.000945251667872, 0.000404705031542, -0.0012206149986, 0.000816455751192, 0.000846106209792, -0.00309153972194, -0.00829718541354, 0.0236726291478, -0.0142547953874, 0.0025095641613], [-0.000613469572272, 0.00284063094296, -0.00279398541898, 0.00111150986049, -0.000227382901357, 0.00162549037486, -0.000538868072908, -0.00211528688669, 0.00624709529802, -0.00289664790034, -0.0142547953874, 0.0278280358762, -0.0139821348712], [0.000441895681433, -0.00200157659128, 0.00185135623906, -0.000422911834903, 0.0008822028758, -0.00156983418856, 0.000385383988032, -1.48377175719e-05, -0.00404513068497, 0.00452939420938, 0.0025095641613, -0.0139821348712, 0.0195161681622]]
    },
    "melbands": {
        "dmean": [0.00266449898481, 0.00204502162524, 0.00142110977322, 0.000614578719251, 0.000274359073956, 0.000125359190861, 0.000102970079752, 9.44877465372e-05, 0.000108640619146, 9.06103523448e-05, 7.32511034585e-05, 6.90841043252e-05, 6.9371315476e-05, 5.47564595763e-05, 3.90384775528e-05, 4.43728640676e-05, 5.29014687345e-05, 4.26250298915e-05, 2.64933332801e-05, 2.16101179831e-05, 2.21633799811e-05, 2.22637900151e-05, 2.42259775405e-05, 1.87572441064e-05, 1.69155791809e-05, 1.55734360305e-05, 1.16084793262e-05, 1.3348304492e-05, 1.03176562334e-05, 9.2569298431e-06, 9.63112324825e-06, 1.05719364001e-05, 1.04603459476e-05, 1.1390601685e-05, 9.57422071224e-06, 1.04980999822e-05, 8.75159184943e-06, 7.7112672443e-06, 5.42478983334e-06, 3.7409736251e-06],
        "dmean2": [0.00391430500895, 0.00247764866799, 0.00252278498374, 0.00106690265238, 0.000499285408296, 0.000216987216845, 0.000170368890394, 0.000151903470396, 0.000181874318514, 0.000154493565788, 0.000123501100461, 0.000119348776934, 0.000121113400382, 9.40316604101e-05, 6.68220600346e-05, 7.58844762458e-05, 9.24030027818e-05, 7.43372438592e-05, 4.56482957816e-05, 3.60936646757e-05, 3.77804717573e-05, 3.76987736672e-05, 4.08183041145e-05, 3.09705574182e-05, 2.79042760667e-05, 2.60095694102e-05, 1.93857922568e-05, 2.27721648116e-05, 1.75374825631e-05, 1.56242913363e-05, 1.66257359524e-05, 1.83270640264e-05, 1.81354680535e-05, 1.9582483219e-05, 1.62784563145e-05, 1.8208160327e-05, 1.4667594769e-05, 1.32701516122e-05, 9.30462010729e-06, 6.32853971183e-06],
        "dvar": [1.18770267363e-05, 7.30712736186e-06, 1.45192889249e-05, 2.35957850236e-06, 4.91716718898e-07, 9.73951372885e-08, 4.26702833067e-08, 2.41752999841e-08, 4.21268637751e-08, 3.12403898306e-08, 1.71554646045e-08, 1.55284158865e-08, 1.78975909648e-08, 9.16836029319e-09, 3.37443362142e-09, 5.00662578062e-09, 8.9789597979e-09, 5.17224840735e-09, 1.36292044317e-09, 1.02871355878e-09, 1.00677721715e-09, 1.28123656129e-09, 2.21338947171e-09, 1.12130971175e-09, 5.23964316379e-10, 4.27350904664e-10, 2.04833122686e-10, 3.46127182471e-10, 1.69017230767e-10, 1.20045751117e-10, 2.07982076006e-10, 4.3626349755e-10, 3.17745108003e-10, 2.65448718562e-10, 1.88337623275e-10, 2.45650028097e-10, 1.34127375873e-10, 1.15473179629e-10, 6.99107369218e-11, 3.35364444548e-11],
        "dvar2": [2.6823967346e-05, 1.29529253172e-05, 3.98893789679e-05, 6.15170347373e-06, 1.37981464832e-06, 2.66521880121e-07, 1.0911404047e-07, 5.44769456212e-08, 1.03399081297e-07, 8.20297998416e-08, 4.48755486104e-08, 4.13702565538e-08, 5.00699925965e-08, 2.46168223583e-08, 8.77308803382e-09, 1.32321718027e-08, 2.36181278979e-08, 1.33900073251e-08, 3.69317509907e-09, 2.57426435724e-09, 2.64938626593e-09, 3.25469229345e-09, 5.66267432944e-09, 2.575632152e-09, 1.29295008033e-09, 1.10761844141e-09, 5.37192568206e-10, 9.2316992939e-10, 4.34460717402e-10, 3.11074860315e-10, 5.66408087099e-10, 1.23201326918e-09, 8.64325166994e-10, 6.97338409239e-10, 4.99737640158e-10, 6.64885424495e-10, 3.41545736138e-10, 3.04067188095e-10, 1.87054163825e-10, 8.90411841481e-11],
        "max": [0.0304900705814, 0.0291863903403, 0.0266550835222, 0.0157756265253, 0.00834622327238, 0.00548465922475, 0.0039020748809, 0.00246914266609, 0.0040323198773, 0.00306982826442, 0.00270971725695, 0.00138031551614, 0.00180439965334, 0.00158516364172, 0.000848105177283, 0.0013509375276, 0.00149232230615, 0.000933173927478, 0.000393279100535, 0.00046176975593, 0.000481983326608, 0.000661889265757, 0.000872595934197, 0.000975858827587, 0.000285405054456, 0.000269246549578, 0.00019961813814, 0.000213140301639, 0.000119397285744, 0.000112775058369, 0.000170316852746, 0.000309529103106, 0.000170190178324, 0.000139114548801, 0.000143641795148, 0.000125962047605, 0.000119274998724, 8.78450300661e-05, 6.01194697083e-05, 4.91161699756e-05],
        "mean": [0.00540135707706, 0.00416783383116, 0.00107124319766, 0.000486535427626, 0.00022897576855, 0.000140183212352, 0.000148753693793, 0.000149085331941, 0.000134901638376, 0.000109126434836, 9.07280482352e-05, 7.49801693019e-05, 7.54076390876e-05, 7.02438192093e-05, 5.36390361958e-05, 6.23157757218e-05, 6.34988900856e-05, 5.33047714271e-05, 3.91442918044e-05, 3.35897057084e-05, 3.43527935911e-05, 3.41702434525e-05, 3.55599586328e-05, 3.1070496334e-05, 2.79384930764e-05, 2.69353004114e-05, 2.07180310099e-05, 2.22831968131e-05, 1.75124077941e-05, 1.64178345585e-05, 1.50992937051e-05, 1.51109534272e-05, 1.40860702231e-05, 1.47735227074e-05, 1.28025767481e-05, 1.35553882501e-05, 1.17130966828e-05, 9.71984809439e-06, 7.00060081726e-06, 5.3148405641e-06],
        "median": [0.00384894036688, 0.0021846157033, 0.000189030688489, 8.52080338518e-05, 6.19791680947e-05, 5.06937212776e-05, 5.65089321753e-05, 6.51074224152e-05, 5.82682550885e-05, 4.28198836744e-05, 4.16920192947e-05, 3.28850837832e-05, 2.95733188977e-05, 3.59141267836e-05, 3.00071333186e-05, 3.39224388881e-05, 3.01006584777e-05, 2.68252624664e-05, 2.74452722806e-05, 2.08034252864e-05, 2.44672555709e-05, 2.39002220042e-05, 2.20566635107e-05, 2.07336997846e-05, 1.98129910132e-05, 2.0179508283e-05, 1.61751613632e-05, 1.7235543055e-05, 1.40115780596e-05, 1.33770927278e-05, 1.1421243471e-05, 1.09867369247e-05, 9.76115188678e-06, 9.91614888335e-06, 8.80974039319e-06, 8.6290838226e-06, 7.31109093977e-06, 6.21550998403e-06, 4.35651827502e-06, 3.34923765877e-06],
        "min": [5.61615400862e-24, 2.50324478167e-24, 4.20187707799e-24, 8.58063175929e-24, 7.96485324756e-24, 1.124930087e-23, 1.0565195171e-23, 1.80347423777e-23, 7.43227274006e-24, 7.35585972848e-24, 1.46867062554e-23, 1.61049440566e-23, 4.00768910541e-24, 1.08973750318e-23, 1.00988095597e-23, 6.56835960832e-24, 2.01797529977e-23, 1.02369217493e-23, 1.92339198164e-23, 1.37051771181e-23, 1.21172048491e-23, 8.15038544386e-24, 1.07134079356e-23, 7.21206931812e-24, 1.34364264072e-23, 1.54936005209e-23, 9.64724270063e-24, 1.27030176904e-23, 1.04127462233e-23, 7.18442605428e-24, 7.64926628698e-24, 1.09110712349e-23, 8.39661969795e-24, 1.13155265319e-23, 1.01070066134e-23, 1.30412867686e-23, 1.1516474648e-23, 1.43478179214e-23, 1.13141980901e-23, 1.03336345186e-23],
        "var": [3.13888813253e-05, 2.48679698416e-05, 9.55296400207e-06, 1.72230238604e-06, 3.18432768154e-07, 8.19765944016e-08, 6.27915852647e-08, 5.06071806683e-08, 5.37532365286e-08, 3.44035804289e-08, 2.04298533646e-08, 1.45899798909e-08, 1.59777151509e-08, 1.03969091114e-08, 4.55649695752e-09, 7.54884510457e-09, 9.2610985547e-09, 5.86904569388e-09, 1.69867764299e-09, 1.75292869109e-09, 1.33426492077e-09, 1.59618263051e-09, 2.73884182e-09, 1.59477009376e-09, 8.49490366939e-10, 6.80603184922e-10, 3.41859845987e-10, 4.38143576975e-10, 2.41447806193e-10, 1.96112348583e-10, 2.21636403674e-10, 3.37434413744e-10, 2.69402805619e-10, 2.58979560019e-10, 1.90455956561e-10, 2.29992136447e-10, 1.61430077639e-10, 1.14829014353e-10, 6.38461020164e-11, 3.48206637135e-11]
    },
    "mfcc": {
        "mean": [-599.860900879, 64.4417724609, 11.2650222778, 21.7548141479, 11.0017843246, 13.0027303696, 8.30105495453, 11.3593111038, 5.65524673462, 10.2104253769, 6.561378479, 7.06664228439, 2.35621833801],
        "cov": [[10375.2119141, -1084.61828613, -234.102478027, -224.791549683, -268.942749023, -58.3678436279, -122.864753723, 15.5964717865, -108.66532135, -7.23493719101, -60.4039344788, -11.5922813416, -41.3517189026], [-1084.61828613, 1257.78393555, 128.890411377, 249.130371094, 168.42300415, 66.7543563843, 109.659759521, 55.4915237427, 63.0161781311, 31.5639533997, 52.4372634888, 32.4711074829, 35.1811523438], [-234.102478027, 128.890411377, 496.599090576, 156.321777344, 154.845504761, 115.723220825, 39.7581863403, 39.4480705261, 63.3775291443, 42.2119789124, 37.7475814819, 35.0186500549, 25.7356987], [-224.791549683, 249.130371094, 156.321777344, 318.012390137, 159.058364868, 78.8065414429, 79.4613418579, 59.0844726562, 69.6143188477, 49.1912002563, 50.8267593384, 52.4886245728, 47.9251327515], [-268.942749023, 168.42300415, 154.845504761, 159.058364868, 207.107192993, 114.225082397, 83.1163024902, 59.204574585, 59.3178253174, 53.3208312988, 43.838054657, 40.2313194275, 33.7710456848], [-58.3678436279, 66.7543563843, 115.723220825, 78.8065414429, 114.225082397, 181.02935791, 104.270179749, 63.8585929871, 64.5401916504, 56.8206367493, 45.8029174805, 36.9881896973, 33.3540687561], [-122.864753723, 109.659759521, 39.7581863403, 79.4613418579, 83.1163024902, 104.270179749, 146.107543945, 89.2336959839, 57.6841659546, 50.2146911621, 34.6936683655, 26.0071086884, 25.3763217926], [15.5964717865, 55.4915237427, 39.4480705261, 59.0844726562, 59.204574585, 63.8585929871, 89.2336959839, 118.003829956, 74.0904693604, 48.2236862183, 31.5088634491, 33.3540496826, 28.138343811], [-108.66532135, 63.0161781311, 63.3775291443, 69.6143188477, 59.3178253174, 64.5401916504, 57.6841659546, 74.0904693604, 130.182449341, 87.5315322876, 52.2661209106, 42.0176353455, 36.125667572], [-7.23493719101, 31.5639533997, 42.2119789124, 49.1912002563, 53.3208312988, 56.8206367493, 50.2146911621, 48.2236862183, 87.5315322876, 133.712844849, 87.1717376709, 56.87266922, 41.6480560303], [-60.4039344788, 52.4372634888, 37.7475814819, 50.8267593384, 43.838054657, 45.8029174805, 34.6936683655, 31.5088634491, 52.2661209106, 87.1717376709, 127.483047485, 89.3937149048, 57.910533905], [-11.5922813416, 32.4711074829, 35.0186500549, 52.4886245728, 40.2313194275, 36.9881896973, 26.0071086884, 33.3540496826, 42.0176353455, 56.87266922, 89.3937149048, 132.922821045, 88.4645004272], [-41.3517189026, 35.1811523438, 25.7356987, 47.9251327515, 33.7710456848, 33.3540687561, 25.3763217926, 28.138343811, 36.125667572, 41.6480560303, 57.910533905, 88.4645004272, 114.274635315]],
