{
"lowlevel": {
    "average_loudness": 0.889560163021,
    "barkbands_crest": {
        "dmean": 3.15053629875,
        "dmean2": 5.04551362991,
        "dvar": 10.6933469772,
        "dvar2": 27.8993549347,
        "max": 26.4964790344,
        "mean": 11.6369466782,
        "median": 10.9261341095,
        "min": 1.97938907146,
        "var": 25.7532463074
    },
    "barkbands_flatness_db": {
        "dmean": 0.026820609346,
        "dmean2": 0.0420554131269,
        "dvar": 0.00112026929855,
        "dvar2": 0.00287217623554,
        "max": 0.636980950832,
        "mean": 0.112617596984,
        "median": 0.0923555344343,
        "min": 0.00879822205752,
        "var": 0.00531674269587
    },
    "barkbands_kurtosis": {
        "dmean": 4.01177406311,
        "dmean2": 6.57288169861,
        "dvar": 184.00491333,
        "dvar2": 425.745880127,
        "max": 793.588134766,
        "mean": 4.32570743561,
        "median": 0.900236368179,
        "min": -1.90481972694,
        "var": 320.297149658
    },
    "barkbands_skewness": {
        "dmean": 0.7121052742,
        "dmean2": 1.1369048357,
        "dvar": 1.15494847298,
        "dvar2": 2.91411542892,
        "max": 23.7115402222,
        "mean": 1.43305003643,
        "median": 1.23244690895,
        "min": -4.59935712814,
        "var": 2.2700278759
    },
    "barkbands_spread": {
        "dmean": 9.91687011719,
        "dmean2": 15.8793401718,
        "dvar": 145.403366089,
        "dvar2": 362.5262146,
        "max": 114.967506409,
        "mean": 36.0638122559,
        "median": 33.7527008057,
        "min": 0.344161838293,
        "var": 450.505340576
    },
    "dissonance": {
        "dmean": 0.0146557372063,
        "dmean2": 0.024583959952,
        "dvar": 0.000374187744455,
        "dvar2": 0.000972527021077,
        "max": 0.500000119209,
        "mean": 0.475173175335,
        "median": 0.484869450331,
        "min": 0.160964697599,
        "var": 0.000961896264926
    },
    "dynamic_complexity": 3.00757193565,
    "erbbands_crest": {
        "dmean": 2.59296774864,
        "dmean2": 4.13401937485,
        "dvar": 7.98072242737,
        "dvar2": 17.1336154938,
        "max": 29.617729187,
        "mean": 8.10934066772,
        "median": 6.50740814209,
        "min": 1.90945768356,
        "var": 24.3834133148
    },
    "erbbands_flatness_db": {
        "dmean": 0.0167577508837,
        "dmean2": 0.0245839226991,
        "dvar": 0.000380928860977,
        "dvar2": 0.000719379284419,
        "max": 0.445723831654,
        "mean": 0.131701722741,
        "median": 0.109795615077,
        "min": 0.0235353522003,
        "var": 0.00476663373411
    },
    "erbbands_kurtosis": {
        "dmean": 1.23521363735,
        "dmean2": 1.94807839394,
        "dvar": 18.9251155853,
        "dvar2": 47.7901496887,
        "max": 235.558822632,
        "mean": 0.986230015755,
        "median": -0.439999222755,
        "min": -1.86439573765,
        "var": 70.1083297729
    },
    "erbbands_skewness": {
        "dmean": 0.428066045046,
        "dmean2": 0.648732662201,
        "dvar": 0.246222540736,
        "dvar2": 0.530595362186,
        "max": 13.8511362076,
        "mean": 0.164245843887,
        "median": 0.0150759620592,
        "min": -4.67907953262,
        "var": 1.15228426456
    },
    "erbbands_spread": {
        "dmean": 9.96049118042,
        "dmean2": 15.5798864365,
        "dvar": 162.195007324,
        "dvar2": 376.958740234,
        "max": 154.659072876,
        "mean": 47.0271987915,
        "median": 45.1743774414,
        "min": 1.21427810192,
        "var": 560.396728516
    },
    "hfc": {
        "dmean": 12.7195901871,
        "dmean2": 20.0659980774,
        "dvar": 380.811431885,
        "dvar2": 959.66784668,
        "max": 234.831863403,
        "mean": 35.2048454285,
        "median": 30.8630924225,
        "min": 1.07805575731e-16,
        "var": 698.534057617
    },
    "melbands_crest": {
        "dmean": 4.10459280014,
        "dmean2": 6.77517557144,
        "dvar": 17.7735118866,
        "dvar2": 48.3023262024,
        "max": 36.8554458618,
        "mean": 18.0177974701,
        "median": 17.5380592346,
        "min": 1.00091981888,
        "var": 57.9625778198
    },
    "melbands_flatness_db": {
        "dmean": 0.0336499400437,
        "dmean2": 0.0530419275165,
        "dvar": 0.00186713412404,
        "dvar2": 0.0046867551282,
        "max": 0.810135245323,
        "mean": 0.175715059042,
        "median": 0.157819330692,
        "min": -3.19259555681e-07,
        "var": 0.00802640896291
    },
    "melbands_kurtosis": {
        "dmean": 15.0164546967,
        "dmean2": 25.4355983734,
        "dvar": 2250.98950195,
        "dvar2": 6013.50732422,
        "max": 898.87713623,
        "mean": 20.918264389,
        "median": 7.90521860123,
        "min": -1.87331020832,
        "var": 2328.16577148
    },
    "melbands_skewness": {
        "dmean": 1.14519691467,
        "dmean2": 1.85552692413,
        "dvar": 3.99222898483,
        "dvar2": 10.5243415833,
        "max": 25.3506717682,
        "mean": 3.14590215683,
        "median": 2.48101997375,
        "min": -2.75388050079,
        "var": 6.79656839371
    },
    "melbands_spread": {
        "dmean": 12.418050766,
        "dmean2": 19.959854126,
        "dvar": 312.749755859,
        "dvar2": 734.138793945,
        "max": 199.056762695,
        "mean": 33.3778915405,
        "median": 26.581199646,
        "min": 0.281589031219,
        "var": 730.051269531
    },
    "pitch_salience": {
        "dmean": 0.0923471748829,
        "dmean2": 0.151532575488,
        "dvar": 0.0105070769787,
        "dvar2": 0.0283801034093,
        "max": 0.997744739056,
        "mean": 0.527933001518,
        "median": 0.541966319084,
        "min": 0.0368308909237,
        "var": 0.0255255568773
    },
    "silence_rate_20dB": {
        "dmean": 0,
        "dmean2": 0,
        "dvar": 0,
        "dvar2": 0,
        "max": 1,
        "mean": 1,
        "median": 1,
        "min": 1,
        "var": 0
    },
    "silence_rate_30dB": {
        "dmean": 0.000501043861732,
        "dmean2": 0.00100217142608,
        "dvar": 0.000500870810356,
        "dvar2": 0.00116815092042,
        "max": 1,
        "mean": 0.999582469463,
        "median": 1,
        "min": 0,
        "var": 0.000417246366851
    },
    "silence_rate_60dB": {
        "dmean": 0.0153653444722,
        "dmean2": 0.0307332556695,
        "dvar": 0.015126824379,
        "dvar2": 0.0329637974501,
        "max": 1,
        "mean": 0.069973282516,
        "median": 0,
        "min": 0,
        "var": 0.0650670453906
    },
    "spectral_centroid": {
        "dmean": 365.541168213,
        "dmean2": 568.354370117,
        "dvar": 219183.859375,
        "dvar2": 458091.75,
        "max": 11552.3466797,
        "mean": 1996.98901367,
        "median": 2029.75097656,
        "min": 122.449958801,
        "var": 915276.5
    },
    "spectral_complexity": {
        "dmean": 5.80509376526,
        "dmean2": 9.28511810303,
        "dvar": 43.651512146,
        "dvar2": 107.538414001,
        "max": 62,
        "mean": 24.3347530365,
        "median": 24,
        "min": 0,
        "var": 161.617950439
    },
    "spectral_decrease": {
        "dmean": 1.98183425226e-09,
        "dmean2": 2.9702280635e-09,
        "dvar": 6.52944280942e-18,
        "dvar2": 1.46924664126e-17,
        "max": 1.17854357941e-28,
        "mean": -7.26301152554e-09,
        "median": -6.40864561419e-09,
        "min": -3.5529755138e-08,
        "var": 2.37085150594e-17
    },
    "spectral_energy": {
        "dmean": 0.00774134136736,
        "dmean2": 0.0114952577278,
        "dvar": 9.3277580163e-05,
        "dvar2": 0.000205867690966,
        "max": 0.139720126987,
        "mean": 0.0306055452675,
        "median": 0.0278068631887,
        "min": 9.91583647871e-21,
        "var": 0.000371145113604
    },
    "spectral_energyband_high": {
        "dmean": 0.00115229166113,
        "dmean2": 0.00182119198143,
        "dvar": 3.85909152101e-06,
        "dvar2": 9.18012119655e-06,
        "max": 0.0405431203544,
        "mean": 0.00270400685258,
        "median": 0.00206355284899,
        "min": 6.73281518935e-21,
        "var": 8.47802130011e-06
    },
    "spectral_energyband_low": {
        "dmean": 0.00472543900833,
        "dmean2": 0.00736766634509,
        "dvar": 7.42930715205e-05,
        "dvar2": 0.000183110227226,
        "max": 0.126159563661,
        "mean": 0.0123386764899,
        "median": 0.00576168298721,
        "min": 1.48552069447e-23,
        "var": 0.000247546820901
    },
    "spectral_energyband_middle_high": {
        "dmean": 0.00217113434337,
        "dmean2": 0.00337115768343,
        "dvar": 1.00212273537e-05,
        "dvar2": 2.20313304453e-05,
        "max": 0.0703299120069,
        "mean": 0.00535325380042,
        "median": 0.00418322719634,
        "min": 1.3691688985e-21,
        "var": 2.82232613245e-05
    },
    "spectral_energyband_middle_low": {
        "dmean": 0.00579613167793,
        "dmean2": 0.00885505788028,
        "dvar": 0.000114442620543,
        "dvar2": 0.000247618969297,
        "max": 0.130708321929,
        "mean": 0.0107263252139,
        "median": 0.0057715754956,
        "min": 1.79142082179e-22,
        "var": 0.000213839492062
    },
    "spectral_entropy": {
        "dmean": 0.145326346159,
        "dmean2": 0.21686026454,
        "dvar": 0.032650180161,
        "dvar2": 0.064896389842,
        "max": 9.83123207092,
        "mean": 7.92630577087,
        "median": 8.11576366425,
        "min": 3.97726011276,
        "var": 0.401423364878
    },
    "spectral_flux": {
        "dmean": 0.0273091290146,
        "dmean2": 0.0419060327113,
        "dvar": 0.00108946498949,
        "dvar2": 0.00230463175103,
        "max": 0.346770346165,
        "mean": 0.0930491387844,
        "median": 0.0821426063776,
        "min": 6.58582910429e-11,
        "var": 0.00275791110471
    },
    "spectral_kurtosis": {
        "dmean": 1.42573785782,
        "dmean2": 2.35978269577,
        "dvar": 14.7960529327,
        "dvar2": 40.5271835327,
        "max": 148.980148315,
        "mean": 4.64824199677,
        "median": 2.2578792572,
        "min": -1.32091498375,
        "var": 103.622200012
    },
    "spectral_rms": {
        "dmean": 0.000682856945787,
        "dmean2": 0.00100167852361,
        "dvar": 5.84294980399e-07,
        "dvar2": 1.18507659863e-06,
        "max": 0.0116752861068,
        "mean": 0.00511292088777,
        "median": 0.0052085169591,
        "min": 3.11030324759e-12,
        "var": 3.71709370484e-06
    },
    "spectral_rolloff": {
        "dmean": 1095.2869873,
        "dmean2": 1801.98779297,
        "dvar": 2421761.5,
        "dvar2": 5770921,
        "max": 19659.8144531,
        "mean": 2452.45996094,
        "median": 1830.32226562,
        "min": 64.599609375,
        "var": 5269976.5
    },
    "spectral_skewness": {
        "dmean": 0.178735643625,
        "dmean2": 0.284663200378,
        "dvar": 0.086454346776,
        "dvar2": 0.216710552573,
        "max": 10.2559070587,
        "mean": 1.44755423069,
        "median": 1.23748898506,
        "min": -0.0734495520592,
        "var": 0.695977985859
    },
    "spectral_spread": {
        "dmean": 512480.4375,
        "dmean2": 775490.375,
        "dvar": 667286634496,
        "dvar2": 1.35624589312e+12,
        "max": 50951588,
        "mean": 5955427.5,
        "median": 6393870,
        "min": 645958.6875,
        "var": 5.92320816742e+12
    },
    "spectral_strongpeak": {
        "dmean": 0.500746130943,
        "dmean2": 0.818129241467,
        "dvar": 0.793438255787,
        "dvar2": 1.79771459103,
        "max": 12.432674408,
        "mean": 0.875000476837,
        "median": 0.385053426027,
        "min": 0,
        "var": 1.41591596603
    },
    "zerocrossingrate": {
        "dmean": 0.0170008726418,
        "dmean2": 0.0205313004553,
        "dvar": 0.000376004667487,
        "dvar2": 0.000442017539172,
        "max": 0.86083984375,
        "mean": 0.0911106094718,
        "median": 0.08447265625,
        "min": 0.00390625,
        "var": 0.0031362217851
    },
    "barkbands": {
        "dmean": [0.000594576180447, 0.00410751998425, 0.00135688716546, 0.00130475568585, 0.00275480747223, 0.00115980301052, 0.00118903897237, 0.000829235301353, 0.00073617749149, 0.000446032121545, 0.00044628008618, 0.000326470617438, 0.000415428570705, 0.000295649602776, 0.000271953991614, 0.000285387854092, 0.000241771311266, 0.000288943236228, 0.000304304208839, 0.000276165577816, 0.000261720560957, 0.000226270538406, 0.000184905118658, 0.00022560513753, 0.000187971498235, 0.000136661124998, 3.64887346223e-05],
        "dmean2": [0.000949408160523, 0.00621393229812, 0.0023045418784, 0.00225858343765, 0.0043951519765, 0.0018462712178, 0.00189037597738, 0.00132055615541, 0.00111785659101, 0.00067939015571, 0.000686289276928, 0.000530863646418, 0.000662763253786, 0.000473123014672, 0.00044282968156, 0.000461796997115, 0.000400252145482, 0.000478428322822, 0.00051629380323, 0.000456944835605, 0.000426634709584, 0.00036020114203, 0.000300351908663, 0.000363627681509, 0.000312618067255, 0.000223789684242, 5.87401846133e-05],
        "dvar": [1.58071691203e-06, 6.25876273261e-05, 2.41291072598e-05, 1.88854701264e-05, 5.38270105608e-05, 1.23431091197e-05, 1.6107223928e-05, 4.54833661934e-06, 2.51552341979e-06, 1.27396981497e-06, 1.29533827931e-06, 1.12189457013e-06, 1.40533768445e-06, 5.85542295539e-07, 3.21409231674e-07, 3.29504558749e-07, 2.33350689882e-07, 3.12146909209e-07, 3.75699841015e-07, 2.84530898398e-07, 2.91896952831e-07, 1.69830300933e-07, 1.09816667759e-07, 2.06285420745e-07, 1.24080685282e-07, 8.88512374786e-08, 3.57397045292e-09],
        "dvar2": [3.92206356992e-06, 0.000141712778714, 6.47887136438e-05, 5.25857067259e-05, 0.000113808833703, 2.78205061477e-05, 3.56998898496e-05, 1.06267416413e-05, 4.98621875522e-06, 2.47082266469e-06, 2.70368900601e-06, 2.68885401056e-06, 2.96854204862e-06, 1.20895106193e-06, 7.06295622876e-07, 8.07435299066e-07, 5.79477102747e-07, 7.96932965841e-07, 8.82258120782e-07, 7.36213735308e-07, 6.843212077e-07, 3.73849445623e-07, 2.57006831816e-07, 4.72393850259e-07, 3.18165263025e-07, 2.31548739293e-07, 8.99816221533e-09],
        "max": [0.0221633091569, 0.116194032133, 0.0644496679306, 0.0601131729782, 0.0806288272142, 0.113777659833, 0.102925658226, 0.0480092689395, 0.0326357632875, 0.0357830040157, 0.0327997915447, 0.0465018860996, 0.0328935012221, 0.0299027394503, 0.0168358385563, 0.0171942822635, 0.0133215663955, 0.014656917192, 0.0225788969547, 0.0127001777291, 0.0246743224561, 0.00909233186394, 0.00931779760867, 0.00962060224265, 0.00721351942047, 0.00434687593952, 0.000872276432347],
        "mean": [0.00130618538242, 0.00926009658724, 0.00137839990202, 0.0012139355531, 0.00369124137796, 0.0016392726684, 0.00155433977488, 0.00125779362861, 0.0011396270711, 0.00073875056114, 0.000727568054572, 0.000506371143274, 0.000616755394731, 0.0004522340314, 0.000429200212238, 0.000437218637671, 0.000388230808312, 0.000463747710455, 0.000491662882268, 0.000466780213173, 0.000507091055624, 0.00043072461267, 0.000390907021938, 0.000443762022769, 0.000374035065761, 0.000244040245889, 5.55358747079e-05],
        "median": [0.000150665204274, 0.00367059931159, 0.00027560084709, 0.000191554398043, 0.000680654891767, 0.000547776697204, 0.000434944930021, 0.000397424446419, 0.000362773251254, 0.000268022995442, 0.000227164578973, 0.00022833381081, 0.000234714141698, 0.000206309719943, 0.00019979281933, 0.000243444752414, 0.000215230189497, 0.000299050472677, 0.000332536699716, 0.000317835103488, 0.000363763829228, 0.000292274693493, 0.000277864513919, 0.000281024054857, 0.000228456774494, 0.000152187581989, 2.90654206765e-05],
        "min": [3.46435440232e-25, 4.27749412892e-24, 4.71244915509e-24, 6.55966931937e-25, 1.41855571218e-23, 6.27536365191e-24, 1.12676190091e-23, 1.56251509654e-23, 2.46456129113e-23, 1.75375470149e-23, 2.78580012455e-23, 2.37010624178e-23, 3.22201054397e-23, 3.48613537453e-23, 4.01786548997e-23, 6.38742568224e-23, 5.68833777912e-23, 1.44475797958e-22, 1.49540587892e-22, 2.58712550557e-22, 2.76488199459e-22, 3.68018455492e-22, 4.16410439836e-22, 6.27166533e-22, 1.03633654239e-21, 1.30680713416e-21, 2.05084145389e-21],
        "var": [5.16711224918e-06, 0.000172652929905, 1.84393393283e-05, 1.37250399348e-05, 9.44717976381e-05, 1.9329110728e-05, 2.31337035075e-05, 9.00336726772e-06, 5.9059952946e-06, 3.30927900904e-06, 3.05872094941e-06, 1.76254354756e-06, 2.63607921624e-06, 1.15367311082e-06, 9.49339550971e-07, 4.81239908368e-07, 3.34163246407e-07, 4.10762908132e-07, 4.88682417199e-07, 3.71552090428e-07, 5.74201180825e-07, 3.43258420799e-07, 2.6028013167e-07, 3.91613411921e-07, 2.11253151861e-07, 1.04719759975e-07, 5.44817480019e-09]
    },
    "erbbands": {
        "dmean": [0.178795367479, 0.74965441227, 1.41829884052, 2.94701862335, 8.22488975525, 8.90327548981, 7.44653987885, 10.8685626984, 15.9160871506, 18.1513004303, 14.9840135574, 17.3294029236, 14.5973711014, 14.4840526581, 16.3135795593, 12.7794923782, 18.0405025482, 15.4336986542, 14.4793787003, 13.992647171, 14.1366262436, 13.4265451431, 16.4043960571, 14.4314393997, 14.3946199417, 12.6036224365, 11.7417325974, 9.56722545624, 8.27614498138, 6.61279726028, 5.3207950592, 4.76002025604, 3.65551543236, 2.39378261566, 1.30047369003, 0.571318864822, 0.281708240509, 0.0661471933126, 0.00578510714695, 8.92859825399e-05],
        "dmean2": [0.274940788746, 1.10717082024, 2.24284505844, 5.04020547867, 13.6682729721, 14.4084281921, 12.0151042938, 17.1499557495, 25.5728664398, 27.9691562653, 23.5005836487, 26.181427002, 22.1031551361, 21.8990726471, 25.2700767517, 20.6706695557, 28.4347343445, 24.4759273529, 23.0302505493, 22.8111591339, 23.0447483063, 22.1042156219, 27.2341480255, 24.5935993195, 24.0178508759, 21.0912818909, 19.0880565643, 15.6247596741, 13.1653814316, 10.7487812042, 8.61222934723, 7.62007713318, 6.05114221573, 4.03199052811, 2.14462471008, 0.917994379997, 0.469385743141, 0.106610819697, 0.00936986971647, 0.000142512581078],
        "dvar": [0.120211593807, 2.58964014053, 20.3453521729, 101.644683838, 625.338378906, 557.793151855, 416.284301758, 1303.82543945, 3091.49731445, 3129.02685547, 1629.98730469, 1574.01904297, 1199.52062988, 1241.70227051, 1758.52880859, 1862.07116699, 2556.609375, 1472.41491699, 1001.64367676, 1028.58972168, 768.454772949, 793.433227539, 933.174804688, 1030.07824707, 813.704711914, 572.905090332, 778.36315918, 301.487548828, 237.827636719, 145.817962646, 84.9251098633, 85.2285385132, 54.9383468628, 22.7407646179, 5.06584405899, 0.968408823013, 0.516075491905, 0.0163446534425, 9.26448919927e-05, 2.23077254446e-08],
        "dvar2": [0.300551325083, 5.15328931808, 51.0342636108, 276.076904297, 1320.24609375, 1260.32006836, 969.512451172, 2886.04077148, 7033.20117188, 6792.79394531, 3695.35424805, 3066.46069336, 2390.79663086, 2430.77368164, 3889.30493164, 4774.171875, 5207.32226562, 3374.50341797, 2016.32397461, 2595.27734375, 1865.39099121, 1998.41027832, 2433.0559082, 2229.51953125, 1998.53662109, 1514.34692383, 1923.73291016, 678.148010254, 511.887542725, 334.944854736, 198.70463562, 182.645294189, 135.260025024, 59.9490966797, 12.7182540894, 2.41082787514, 1.36923146248, 0.0418727919459, 0.000234674909734, 5.61939010879e-08],
        "max": [5.4434838295, 24.3613014221, 63.286491394, 131.740753174, 262.11114502, 302.741851807, 495.985565186, 1283.17492676, 1824.78686523, 2166.51635742, 1322.22619629, 1022.51123047, 855.46875, 1329.84887695, 1179.43847656, 2030.58984375, 1409.30578613, 1151.45727539, 1137.85717773, 1166.41088867, 700.717895508, 768.052368164, 683.902404785, 1610.96228027, 698.096984863, 419.834014893, 1529.73071289, 625.326538086, 365.695251465, 282.807098389, 266.826965332, 287.785614014, 151.953125, 78.2797698975, 55.7437705994, 15.3438816071, 10.4792451859, 1.65382409096, 0.150173768401, 0.00236538145691],
        "mean": [0.408863842487, 1.48570024967, 1.81997275352, 2.97884821892, 10.4063091278, 10.651925087, 9.93584823608, 15.4334840775, 20.3802833557, 27.84116745, 23.7128887177, 27.4759693146, 25.0657939911, 24.9205856323, 27.8145484924, 20.8735599518, 28.0850639343, 25.0630435944, 23.2680511475, 22.948387146, 23.0800800323, 22.8174037933, 26.5981369019, 23.5936603546, 23.9146518707, 21.6914691925, 22.0249004364, 18.2832717896, 15.5130081177, 13.4027938843, 11.0722408295, 9.6140794754, 6.8525094986, 4.43831539154, 2.5331158638, 1.11887490749, 0.441554099321, 0.110853493214, 0.00881077442318, 0.000179620008566],
        "median": [0.123074859381, 0.508548557758, 0.469457387924, 0.613780736923, 1.2449862957, 2.25370454788, 3.19041776657, 5.10656881332, 6.3219537735, 8.09895515442, 9.13439941406, 8.83118724823, 9.33899211884, 9.92199325562, 10.6961612701, 10.3063735962, 11.6610374451, 12.1805400848, 11.7929735184, 12.6416854858, 13.8337450027, 13.6544628143, 16.883266449, 16.6207199097, 15.9672679901, 15.2826843262, 15.0913085938, 13.1175146103, 10.5434703827, 9.21343040466, 7.87630414963, 6.28873348236, 4.37244987488, 2.75745177269, 1.50841522217, 0.691048145294, 0.267669647932, 0.073390699923, 0.00422719493508, 0.000122160097817],
        "min": [7.0842164224e-23, 1.09884492127e-21, 5.2013541009e-21, 3.61089459759e-21, 9.66715238236e-21, 6.9289572417e-20, 2.59907273203e-20, 7.97070656645e-20, 2.03602765886e-19, 3.14772725362e-19, 5.82814967691e-19, 5.90134068546e-19, 6.23491522615e-19, 1.00880734799e-18, 1.04093152746e-18, 1.89553731322e-18, 2.38231139022e-18, 2.23882615963e-18, 2.18255843923e-18, 4.06302596926e-18, 5.09878100045e-18, 3.55162279632e-18, 6.63260670746e-18, 8.06430125143e-18, 8.24829351662e-18, 1.17114274261e-17, 9.12087062837e-18, 1.13445322926e-17, 1.3211551727e-17, 1.24828643372e-17, 1.1617296754e-17, 1.27175387857e-17, 1.00867131814e-17, 1.00932454267e-17, 6.40729304836e-18, 4.53324092437e-18, 2.18075249716e-18, 9.69631350395e-19, 2.82932759976e-19, 2.77063984616e-20],
        "var": [0.352245599031, 6.47547245026, 21.4741306305, 74.1499176025, 1079.29321289, 718.286804199, 582.860107422, 2008.19543457, 3995.06689453, 5385.625, 2866.42578125, 3601.24487305, 3224.54907227, 3217.22119141, 3706.09277344, 2644.96166992, 4999.83056641, 2945.3293457, 2384.59814453, 2249.37890625, 1121.0723877, 1101.73327637, 1264.14709473, 1375.68701172, 1101.05187988, 729.587280273, 1338.52941895, 582.946899414, 454.188842773, 334.111053467, 198.974136353, 195.3046875, 88.2924804688, 33.1375160217, 9.54120254517, 1.72612607479, 0.479568749666, 0.0207100827247, 0.000142492106534, 3.67626036279e-08]
    },
    "gfcc": {
        "mean": [18.026845932, 42.4979324341, -102.996513367, 29.4031181335, -54.3239135742, 13.9678144455, -33.4615478516, 14.7036848068, -21.0350475311, 9.47221183777, -14.1092224121, 5.98122930527, -11.7923307419],
        "cov": [[20119.6015625, -3489.06884766, -508.99130249, 354.863830566, -790.978210449, 1009.63116455, 72.561416626, 697.669311523, -186.483718872, 760.65411377, -138.117874146, 555.626037598, -111.86227417], [-3489.06884766, 2711.82275391, -358.860839844, -244.89503479, 66.9132537842, -638.008911133, -219.93637085, -349.875823975, 80.2574005127, -319.922698975, 109.206604004, -198.041885376, 81.4647445679], [-508.99130249, -358.860839844, 1270.42895508, 488.562866211, 211.637802124, 232.254547119, 161.029754639, 72.0490112305, -29.3418865204, 83.0967712402, 1.19860947132, -11.0486898422, -28.7567882538], [354.863830566, -244.89503479, 488.562866211, 683.481933594, 217.091125488, 196.894866943, 78.7288131714, 47.1198272705, 10.3833522797, 87.9115524292, 26.1422100067, -2.34514784813, -6.37724351883], [-790.978210449, 66.9132537842, 211.637802124, 217.091125488, 400.163635254, 146.065475464, 104.767456055, 61.6366691589, 75.6314315796, 31.2489070892, 32.315448761, -21.4338855743, -1.7564278841], [1009.63116455, -638.008911133, 232.254547119, 196.894866943, 146.065475464, 477.770721436, 245.588287354, 190.664474487, 45.7120285034, 130.563308716, 3.14440608025, 74.5427780151, -16.5173912048], [72.561416626, -219.93637085, 161.029754639, 78.7288131714, 104.767456055, 245.588287354, 323.336212158, 191.350982666, 102.39151001, 65.4517059326, 26.4608039856, 44.4856262207, 12.3685817719], [697.669311523, -349.875823975, 72.0490112305, 47.1198272705, 61.6366691589, 190.664474487, 191.350982666, 258.243438721, 103.655014038, 94.7690887451, 12.8372812271, 54.0601730347, 5.51999521255], [-186.483718872, 80.2574005127, -29.3418865204, 10.3833522797, 75.6314315796, 45.7120285034, 102.39151001, 103.655014038, 169.07963562, 64.6919021606, 47.138256073, 17.5752067566, 21.1767196655], [760.65411377, -319.922698975, 83.0967712402, 87.9115524292, 31.2489070892, 130.563308716, 65.4517059326, 94.7690887451, 64.6919021606, 179.909393311, 67.4362716675, 61.449962616, -1.38924515247], [-138.117874146, 109.206604004, 1.19860947132, 26.1422100067, 32.315448761, 3.14440608025, 26.4608039856, 12.8372812271, 47.138256073, 67.4362716675, 135.291778564, 53.2178077698, 29.2445049286], [555.626037598, -198.041885376, -11.0486898422, -2.34514784813, -21.4338855743, 74.5427780151, 44.4856262207, 54.0601730347, 17.5752067566, 61.449962616, 53.2178077698, 125.881919861, 40.0200843811], [-111.86227417, 81.4647445679, -28.7567882538, -6.37724351883, -1.7564278841, -16.5173912048, 12.3685817719, 5.51999521255, 21.1767196655, -1.38924515247, 29.2445049286, 40.0200843811, 89.3732147217]],
        "icov": [[0.000106002764369, -2.01529692276e-05, 0.000102496422187, -0.000125641017803, 0.000227423486649, -0.00015569102834, 0.000176301633473, -0.00030029163463, 0.000258891232079, -0.000404280930525, 0.000293817342026, -0.000294256809866, 0.000112898131192], [-2.01529692276e-05, 0.000998878036626, 1.1661393728e-05, 9.50335597736e-05, -0.000314290373353, 0.000708594569005, -0.000254894519458, 0.000863146211486, -0.0011612304952, 0.00160111964215, -0.00153527990915, 0.00110090011731, -0.000508992408868], [0.000102496422187, 1.1661393728e-05, 0.00131560582668, -0.00082605384523, -4.25980542786e-05, 3.71982446268e-06, -0.000532671750989, -0.000206463504583, 0.001033579465, -0.000812330341432, 0.000396310148062, -4.59595430584e-05, 0.000201714778086], [-0.000125641017803, 9.50335597736e-05, -0.00082605384523, 0.0025905193761, -0.00108746660408, -0.000402790436056, 0.000208741883398, 0.000580015534069, -0.00016222053091, -0.000124496989883, -0.000646413885988, 0.000982324243523, -0.000677200499922], [0.000227423486649, -0.000314290373353, -4.25980542786e-05, -0.00108746660408, 0.00447212858126, -0.00182357849553, 0.000648946850561, -0.000760544557124, -0.000981305260211, 1.95602751774e-05, -0.000347686640453, 0.000607338326517, 0.000262491696049], [-0.00015569102834, 0.000708594569005, 3.71982446268e-06, -0.000402790436056, -0.00182357849553, 0.00641659507528, -0.00380140449852, 0.000214742540265, 0.00101205497049, -0.00124209595378, 0.000944078376051, -0.00124796433374, 0.000785345269833], [0.000176301633473, -0.000254894519458, -0.000532671750989, 0.000208741883398, 0.000648946850561, -0.00380140449852, 0.00869332905859, -0.00427562370896, -0.0020413340535, 0.00186613632832, -0.00109049293678, -0.000133259003633, -0.000403110258048], [-0.00030029163463, 0.000863146211486, -0.000206463504583, 0.000580015534069, -0.000760544557124, 0.000214742540265, -0.00427562370896, 0.010984425433, -0.00478851329535, -8.57766935951e-05, 0.000741192954592, -0.000321493193042, -0.000214928470086], [0.000258891232079, -0.0011612304952, 0.001033579465, -0.00016222053091, -0.000981305260211, 0.00101205497049, -0.0020413340535, -0.00478851329535, 0.0135275218636, -0.00612271763384, 0.000778822344728, 0.000293832708849, -0.00123738043476], [-0.000404280930525, 0.00160111964215, -0.000812330341432, -0.000124496989883, 1.95602751774e-05, -0.00124209595378, 0.00186613632832, -8.57766935951e-05, -0.00612271763384, 0.0160120464861, -0.00835338979959, 0.000432148721302, 0.00152168096974], [0.000293817342026, -0.00153527990915, 0.000396310148062, -0.000646413885988, -0.000347686640453, 0.000944078376051, -0.00109049293678, 0.000741192954592, 0.000778822344728, -0.00835338979959, 0.0159335937351, -0.00690808519721, -0.000313446071232], [-0.000294256809866, 0.00110090011731, -4.59595430584e-05, 0.000982324243523, 0.000607338326517, -0.00124796433374, -0.000133259003633, -0.000321493193042, 0.000293832708849, 0.000432148721302, -0.00690808519721, 0.0168628897518, -0.00685030920431], [0.000112898131192, -0.000508992408868, 0.000201714778086, -0.000677200499922, 0.000262491696049, 0.000785345269833, -0.000403110258048, -0.000214928470086, -0.00123738043476, 0.00152168096974, -0.000313446071232, -0.00685030920431, 0.0155171249062]]
    },
    "melbands": {
        "dmean": [0.00132327480242, 0.000715203641448, 0.000635640346445, 0.000668180466164, 0.000273504323559, 0.000237128158915, 0.000243739967118, 0.000197720291908, 0.000116725692351, 0.000112574824016, 7.4093004514e-05, 6.05507848377e-05, 5.62928580621e-05, 4.0548366087e-05, 3.15863653668e-05, 4.75100641779e-05, 2.79719588434e-05, 2.43828399107e-05, 2.01453858608e-05, 2.11526858038e-05, 1.65928049682e-05, 1.5048331079e-05, 1.54301669681e-05, 1.35319296533e-05, 1.23277122839e-05, 1.23195832202e-05, 1.0023503819e-05, 8.62887645781e-06, 7.87942190072e-06, 7.51785364628e-06, 5.58033070774e-06, 5.20909770785e-06, 4.3929221647e-06, 3.77791570827e-06, 3.43761485055e-06, 2.933179303e-06, 3.1093798043e-06, 2.78003903986e-06, 2.36651908381e-06, 2.04393472814e-06],
        "dmean2": [0.00200804229826, 0.00106969231274, 0.00105063174851, 0.00107196287718, 0.00044212321518, 0.000374637340428, 0.000388846994611, 0.000304913002765, 0.00018232986622, 0.000169956445461, 0.000112947673188, 9.18812220334e-05, 8.72844684636e-05, 6.43438397674e-05, 5.17283442605e-05, 7.49661485315e-05, 4.49784893135e-05, 3.87076943298e-05, 3.27126872435e-05, 3.43407700711e-05, 2.72632169072e-05, 2.48647538683e-05, 2.58173949987e-05, 2.26447918976e-05, 2.11264068639e-05, 2.08571127587e-05, 1.67860689544e-05, 1.44271307363e-05, 1.27657331177e-05, 1.23474837892e-05, 9.21086666494e-06, 8.40059874463e-06, 7.0169198807e-06, 6.22809784545e-06, 5.61041724723e-06, 4.74155194752e-06, 4.98400595461e-06, 4.61152467324e-06, 3.99361260861e-06, 3.44879254044e-06],
        "dvar": [6.21242361376e-06, 3.24312236444e-06, 3.56789951184e-06, 3.60234389518e-06, 4.71889364917e-07, 5.62745299248e-07, 6.6134100507e-07, 3.20984611335e-07, 9.79483942842e-08, 6.74316567029e-08, 3.25498596965e-08, 2.10698676284e-08, 2.14625881512e-08, 1.54739829838e-08, 1.15771054965e-08, 2.30567831494e-08, 5.14515852146e-09, 3.58104457199e-09, 2.09885686608e-09, 1.89089921498e-09, 1.22647891843e-09, 1.11317521867e-09, 9.84647807734e-10, 6.51773912619e-10, 7.85856824059e-10, 5.73338598819e-10, 4.93991902939e-10, 2.49743004055e-10, 4.3838802033e-10, 2.24990345798e-10, 9.82593173493e-11, 8.84441131443e-11, 9.39372329922e-11, 4.60956446624e-11, 3.13487499848e-11, 3.83262692416e-11, 3.44256602391e-11, 2.98149109568e-11, 2.4233167556e-11, 1.45784946615e-11],
        "dvar2": [1.48029494085e-05, 7.13984263712e-06, 8.94534878171e-06, 7.72814291849e-06, 1.05705339593e-06, 1.23201573388e-06, 1.4971882365e-06, 7.01279304849e-07, 2.19526370415e-07, 1.30113349428e-07, 6.5039948538e-08, 4.16799359471e-08, 4.65001832595e-08, 3.10930978742e-08, 3.04260936446e-08, 4.67600003162e-08, 1.15872342832e-08, 6.9484302756e-09, 4.66244109987e-09, 4.68932670472e-09, 3.00982083701e-09, 2.78493472727e-09, 2.62402033435e-09, 1.65932656504e-09, 1.67551650332e-09, 1.40094880141e-09, 1.31427424499e-09, 6.48812281678e-10, 1.10507480944e-09, 5.2733534206e-10, 2.23826679413e-10, 1.9893893477e-10, 2.14464487835e-10, 1.09638881307e-10, 7.69430907877e-11, 8.32635488335e-11, 7.47903544651e-11, 7.36167168891e-11, 6.28908938816e-11, 3.84755387273e-11],
        "max": [0.0397053621709, 0.0267848130316, 0.0236893277615, 0.0215001776814, 0.01515871007, 0.025700122118, 0.0240681022406, 0.0205574184656, 0.010094053112, 0.00622438220307, 0.00478393724188, 0.00491707678884, 0.00405202200636, 0.00653380574659, 0.00642629899085, 0.00453285314143, 0.00229168660007, 0.0026961453259, 0.0016032801941, 0.00139918050263, 0.00103835924529, 0.00104609760456, 0.000758274050895, 0.000732563261408, 0.00144687644206, 0.000706542341504, 0.000422751792939, 0.000364734703908, 0.00130720937159, 0.00066458620131, 0.000307158537908, 0.000234206032474, 0.000288256938802, 0.00017124103033, 0.000136587885208, 0.000256424798863, 0.000164420096553, 0.000115198192361, 9.02952233446e-05, 6.19146740064e-05],
        "mean": [0.00304837152362, 0.00130110059399, 0.000715514004696, 0.000848603085615, 0.000364551728126, 0.000338500394719, 0.000317206780892, 0.000305688590743, 0.00018091777747, 0.000175039094756, 0.000122835641378, 9.94835936581e-05, 9.3133203336e-05, 6.54793766444e-05, 4.75309825561e-05, 6.94448826835e-05, 4.2848791054e-05, 3.69257104467e-05, 3.22790874634e-05, 3.14771314152e-05, 2.55808790826e-05, 2.3402260922e-05, 2.44966759055e-05, 2.11346887227e-05, 1.87718669622e-05, 1.90087321243e-05, 1.52483444253e-05, 1.42239177876e-05, 1.35387599585e-05, 1.31868473545e-05, 9.76090177573e-06, 8.88721478987e-06, 7.97622760729e-06, 7.24747451386e-06, 6.61991680317e-06, 5.72595763515e-06, 5.92670403421e-06, 4.94034520671e-06, 4.10725715483e-06, 3.6613323573e-06],
        "median": [0.00119829422329, 0.000430683954619, 0.000129847292555, 0.000135186346597, 0.000115878181532, 0.000112434499897, 9.4968600024e-05, 9.016864351e-05, 6.70311856084e-05, 5.13574959768e-05, 4.28677230957e-05, 3.6733057641e-05, 3.27066227328e-05, 2.67265786533e-05, 2.43339927692e-05, 2.2923852157e-05, 1.9889574105e-05, 1.73974567588e-05, 1.44061150422e-05, 1.63383265317e-05, 1.46259208123e-05, 1.23906147564e-05, 1.42481721923e-05, 1.34953734232e-05, 1.23763466036e-05, 1.23685822473e-05, 9.13573239814e-06, 9.74792055786e-06, 8.57860231918e-06, 9.01213024918e-06, 6.57826331008e-06, 5.77145328862e-06, 5.16383624927e-06, 4.82549421577e-06, 4.57561600342e-06, 3.9284259401e-06, 3.67949814972e-06, 3.09081929117e-06, 2.59145599557e-06, 2.19259209189e-06],
        "min": [1.29151557985e-24, 1.96678367016e-24, 7.12375811472e-25, 3.53442265494e-24, 1.70512186056e-24, 1.48665501729e-24, 2.71699256039e-24, 3.97445360661e-24, 4.57878535217e-24, 3.19067572663e-24, 2.74702350898e-24, 3.67291901977e-24, 4.43765221977e-24, 2.67071640197e-24, 5.00866326956e-24, 6.23922080625e-24, 3.56901105019e-24, 2.57551804844e-24, 3.87291853064e-24, 3.71262633343e-24, 5.54085762965e-24, 1.72852499703e-24, 5.85778328718e-24, 6.32164375464e-24, 6.0756445811e-24, 5.5526940931e-24, 5.08089926265e-24, 5.62181802992e-24, 4.02584710573e-24, 5.57813525172e-24, 6.51896113843e-24, 7.5662307881e-24, 6.30745293582e-24, 7.22493248404e-24, 5.70621589159e-24, 7.42562422035e-24, 7.06616870484e-24, 5.8681362977e-24, 6.99357062459e-24, 8.20397118743e-24],
        "var": [1.80364331754e-05, 6.2485851231e-06, 3.54502367372e-06, 6.05913373875e-06, 6.77671152971e-07, 8.9815875981e-07, 9.18172759157e-07, 5.97494192789e-07, 1.72893223294e-07, 1.54792928697e-07, 8.5105178016e-08, 5.27966896868e-08, 4.63438780685e-08, 2.93711845956e-08, 1.37876234874e-08, 4.4172136171e-08, 9.87178339074e-09, 7.66439711697e-09, 6.52526255251e-09, 3.01797409286e-09, 1.64244606804e-09, 1.44687439807e-09, 1.34143907093e-09, 8.42606817653e-10, 1.050483589e-09, 7.23334614428e-10, 5.89071735835e-10, 3.29283933453e-10, 6.38764208194e-10, 4.00240479648e-10, 1.77560952053e-10, 1.51879203658e-10, 1.68427424785e-10, 9.79232667175e-11, 6.62380428285e-11, 8.53738676976e-11, 7.46011030728e-11, 4.68451250013e-11, 3.29911931107e-11, 2.24549944611e-11]
    },
    "mfcc": {
        "mean": [-624.317749023, 80.2610092163, 5.92295646667, 19.516910553, 3.74999713898, 3.6863899231, 1.63675606251, 4.05429363251, 1.50977945328, 3.444242239, 2.75348806381, 3.48448419571, 0.831790208817],
        "cov": [[10135.1103516, -1113.76391602, 236.201477051, -114.269241333, -292.952758789, 118.454689026, 320.816192627, 149.175170898, 158.396835327, 251.578079224, 136.087738037, 180.052902222, 130.067810059], [-1113.76391602, 1878.43652344, -354.475463867, 12.6652030945, -83.157371521, -285.98223877, -333.967132568, -190.400985718, -174.744949341, -198.124420166, -133.296020508, -64.8897628784, 49.5608558655], [236.201477051, -354.475463867, 742.690917969, 266.416046143, 158.689346313, 210.645141602, 189.622146606, 86.8994750977, 62.4059333801, 65.0153121948, 59.8911743164, 12.330496788, 8.49687194824], [-114.269241333, 12.6652030945, 266.416046143, 459.831817627, 208.542694092, 112.978050232, 46.1113395691, -7.48035478592, -3.09038043022, 35.4582633972, 22.1093444824, -14.4228811264, 23.721200943], [-292.952758789, -83.157371521, 158.689346313, 208.542694092, 324.79864502, 148.18157959, 78.5423965454, 23.0500469208, 23.9360809326, 53.4966125488, 46.1374168396, 4.28379392624, -4.00197601318], [118.454689026, -285.98223877, 210.645141602, 112.978050232, 148.18157959, 283.807800293, 169.143692017, 89.9712142944, 75.1366043091, 72.2353897095, 76.850982666, 41.0329017639, -3.55349946022], [320.816192627, -333.967132568, 189.622146606, 46.1113395691, 78.5423965454, 169.143692017, 251.736938477, 140.924438477, 104.402153015, 95.6398773193, 76.5551757812, 58.0135383606, 6.48854780197], [149.175170898, -190.400985718, 86.8994750977, -7.48035478592, 23.0500469208, 89.9712142944, 140.924438477, 200.745056152, 133.044219971, 85.6834869385, 63.8049316406, 46.4145088196, 9.67912960052], [158.396835327, -174.744949341, 62.4059333801, -3.09038043022, 23.9360809326, 75.1366043091, 104.402153015, 133.044219971, 176.425216675, 111.561408997, 66.1492233276, 42.4787940979, 3.32494354248], [251.578079224, -198.124420166, 65.0153121948, 35.4582633972, 53.4966125488, 72.2353897095, 95.6398773193, 85.6834869385, 111.561408997, 164.498580933, 91.3154678345, 46.0601768494, 12.9386224747], [136.087738037, -133.296020508, 59.8911743164, 22.1093444824, 46.1374168396, 76.850982666, 76.5551757812, 63.8049316406, 66.1492233276, 91.3154678345, 141.146987915, 79.214553833, 13.4345188141], [180.052902222, -64.8897628784, 12.330496788, -14.4228811264, 4.28379392624, 41.0329017639, 58.0135383606, 46.4145088196, 42.4787940979, 46.0601768494, 79.214553833, 123.040794373, 52.1361694336], [130.067810059, 49.5608558655, 8.49687194824, 23.721200943, -4.00197601318, -3.55349946022, 6.48854780197, 9.67912960052, 3.32494354248, 12.9386224747, 13.4345188141, 52.1361694336, 123.935264587]],
