{
"lowlevel": {
    "average_loudness": 0.932705700397,
    "barkbands_crest": {
        "dmean": 2.83070707321,
        "dmean2": 4.41611480713,
        "dvar": 10.2443323135,
        "dvar2": 23.3648948669,
        "max": 26.8138179779,
        "mean": 11.8509988785,
        "median": 10.920124054,
        "min": 1.84299731255,
        "var": 31.2318630219
    },
    "barkbands_flatness_db": {
        "dmean": 0.0254538469017,
        "dmean2": 0.0368827991188,
        "dvar": 0.00110681611113,
        "dvar2": 0.00220018951222,
        "max": 0.407980650663,
        "mean": 0.115002669394,
        "median": 0.0944193154573,
        "min": 0.0150397354737,
        "var": 0.00446948362514
    },
    "barkbands_kurtosis": {
        "dmean": 3.87270307541,
        "dmean2": 5.71378803253,
        "dvar": 172.158889771,
        "dvar2": 393.210021973,
        "max": 469.06072998,
        "mean": 3.67515325546,
        "median": 0.402500629425,
        "min": -1.8486508131,
        "var": 191.232727051
    },
    "barkbands_skewness": {
        "dmean": 0.696013331413,
        "dmean2": 0.998395562172,
        "dvar": 1.02332031727,
        "dvar2": 2.30912590027,
        "max": 20.3750152588,
        "mean": 1.33810687065,
        "median": 1.0818965435,
        "min": -4.78741550446,
        "var": 2.51391434669
    },
    "barkbands_spread": {
        "dmean": 9.747838974,
        "dmean2": 14.5552768707,
        "dvar": 148.575515747,
        "dvar2": 327.049591064,
        "max": 108.960189819,
        "mean": 37.4748954773,
        "median": 34.7077713013,
        "min": 0.7063382864,
        "var": 464.226135254
    },
    "dissonance": {
        "dmean": 0.0113500785083,
        "dmean2": 0.0192520674318,
        "dvar": 0.000254523882177,
        "dvar2": 0.000725819903892,
        "max": 0.500000178814,
        "mean": 0.482770144939,
        "median": 0.488202929497,
        "min": 0.180527955294,
        "var": 0.00041600165423
    },
    "dynamic_complexity": 3.28876471519,
    "erbbands_crest": {
        "dmean": 2.49980688095,
        "dmean2": 3.96532320976,
        "dvar": 7.94272279739,
        "dvar2": 18.7899894714,
        "max": 30.7498245239,
        "mean": 7.94422769547,
        "median": 5.90801954269,
        "min": 2.17974233627,
        "var": 25.7146530151
    },
    "erbbands_flatness_db": {
        "dmean": 0.0144447879866,
        "dmean2": 0.0218465477228,
        "dvar": 0.000291184172966,
        "dvar2": 0.00058279489167,
        "max": 0.494638621807,
        "mean": 0.133740127087,
        "median": 0.110403776169,
        "min": 0.0434459857643,
        "var": 0.00485557178035
    },
    "erbbands_kurtosis": {
        "dmean": 0.866693794727,
        "dmean2": 1.43707621098,
        "dvar": 1.95863318443,
        "dvar2": 5.25422763824,
        "max": 36.5233726501,
        "mean": 0.225505977869,
        "median": -0.305573225021,
        "min": -1.82217431068,
        "var": 4.6506934166
    },
    "erbbands_skewness": {
        "dmean": 0.368082374334,
        "dmean2": 0.549997627735,
        "dvar": 0.141313835979,
        "dvar2": 0.334250688553,
        "max": 3.31373977661,
        "mean": -0.108276970685,
        "median": -0.078322738409,
        "min": -4.80275774002,
        "var": 0.564757943153
    },
    "erbbands_spread": {
        "dmean": 11.1738481522,
        "dmean2": 16.8108577728,
        "dvar": 236.477798462,
        "dvar2": 461.860137939,
        "max": 175.762161255,
        "mean": 48.9365310669,
        "median": 43.7152633667,
        "min": 0.918790221214,
        "var": 823.311706543
    },
    "hfc": {
        "dmean": 11.9819831848,
        "dmean2": 18.3895835876,
        "dvar": 285.303894043,
        "dvar2": 675.51550293,
        "max": 162.31741333,
        "mean": 39.4215545654,
        "median": 32.8385658264,
        "min": 1.12202748754e-16,
        "var": 852.142700195
    },
    "melbands_crest": {
        "dmean": 3.48302435875,
        "dmean2": 5.57175540924,
        "dvar": 15.0849657059,
        "dvar2": 35.9255485535,
        "max": 39.6832351685,
        "mean": 20.1546039581,
        "median": 20.3312606812,
        "min": 1.71227550507,
        "var": 74.2941894531
    },
    "melbands_flatness_db": {
        "dmean": 0.0320095196366,
        "dmean2": 0.0464405305684,
        "dvar": 0.00171847781166,
        "dvar2": 0.00367224239744,
        "max": 0.491458058357,
        "mean": 0.169685736299,
        "median": 0.1541480124,
        "min": 0.00309453089722,
        "var": 0.00577969150618
    },
    "melbands_kurtosis": {
        "dmean": 16.9879932404,
        "dmean2": 24.09425354,
        "dvar": 1980.43078613,
        "dvar2": 4156.34570312,
        "max": 1087.62731934,
        "mean": 24.1201171875,
        "median": 7.1190495491,
        "min": -1.71311593056,
        "var": 2871.87158203
    },
    "melbands_skewness": {
        "dmean": 1.17664897442,
        "dmean2": 1.67111623287,
        "dvar": 3.64748716354,
        "dvar2": 7.47713041306,
        "max": 26.2407684326,
        "mean": 3.32584404945,
        "median": 2.55226039886,
        "min": -3.67187619209,
        "var": 9.61557674408
    },
    "melbands_spread": {
        "dmean": 12.2450056076,
        "dmean2": 19.1666717529,
        "dvar": 280.91619873,
        "dvar2": 667.310668945,
        "max": 215.780990601,
        "mean": 35.7235908508,
        "median": 29.5892944336,
        "min": 0.344426482916,
        "var": 697.32232666
    },
    "pitch_salience": {
        "dmean": 0.084584608674,
        "dmean2": 0.131045505404,
        "dvar": 0.00841432530433,
        "dvar2": 0.0189956817776,
        "max": 0.961394786835,
        "mean": 0.493345558643,
        "median": 0.515266656876,
        "min": 0.0227320455015,
        "var": 0.0284387674183
    },
    "silence_rate_20dB": {
        "dmean": 0,
        "dmean2": 0,
        "dvar": 0,
        "dvar2": 0,
        "max": 1,
        "mean": 1,
        "median": 1,
        "min": 1,
        "var": 0
    },
    "silence_rate_30dB": {
        "dmean": 0.00486568687484,
        "dmean2": 0.00973236002028,
        "dvar": 0.00484159775078,
        "dvar2": 0.0128808245063,
        "max": 1,
        "mean": 0.996452450752,
        "median": 1,
        "min": 0,
        "var": 0.00353499175981
    },
    "silence_rate_60dB": {
        "dmean": 0.0054738977924,
        "dmean2": 0.01094890479,
        "dvar": 0.00544436229393,
        "dvar2": 0.0134664801881,
        "max": 1,
        "mean": 0.0614230707288,
        "median": 0,
        "min": 0,
        "var": 0.057652965188
    },
    "spectral_centroid": {
        "dmean": 391.637817383,
        "dmean2": 589.105224609,
        "dvar": 216336.171875,
        "dvar2": 488490.09375,
        "max": 11500.4140625,
        "mean": 2123.86474609,
        "median": 2115.59863281,
        "min": 209.079162598,
        "var": 811363.4375
    },
    "spectral_complexity": {
        "dmean": 5.97222518921,
        "dmean2": 9.11841011047,
        "dvar": 44.4356803894,
        "dvar2": 94.2102432251,
        "max": 59,
        "mean": 24.8128929138,
        "median": 26,
        "min": 0,
        "var": 147.911804199
    },
    "spectral_decrease": {
        "dmean": 2.18531703844e-09,
        "dmean2": 3.11569881006e-09,
        "dvar": 9.13037658797e-18,
        "dvar2": 1.83326748758e-17,
        "max": 1.86026897405e-28,
        "mean": -8.15240941421e-09,
        "median": -7.42593497804e-09,
        "min": -3.94453572028e-08,
        "var": 2.93258191899e-17
    },
    "spectral_energy": {
        "dmean": 0.00840428285301,
        "dmean2": 0.0119307432324,
        "dvar": 0.000123158170027,
        "dvar2": 0.000242274603806,
        "max": 0.149994656444,
        "mean": 0.0343446135521,
        "median": 0.0325546488166,
        "min": 1.02778855164e-20,
        "var": 0.000450698746135
    },
    "spectral_energyband_high": {
        "dmean": 0.00122090103105,
        "dmean2": 0.00182789994869,
        "dvar": 3.37138544637e-06,
        "dvar2": 7.98180644779e-06,
        "max": 0.0220872443169,
        "mean": 0.00323920510709,
        "median": 0.00227644480765,
        "min": 7.23468804286e-21,
        "var": 1.14311642392e-05
    },
    "spectral_energyband_low": {
        "dmean": 0.00539473118261,
        "dmean2": 0.00770712085068,
        "dvar": 8.92857788131e-05,
        "dvar2": 0.000161004209076,
        "max": 0.145657241344,
        "mean": 0.0151779903099,
        "median": 0.00997084565461,
        "min": 1.61177520023e-23,
        "var": 0.000322806125041
    },
    "spectral_energyband_middle_high": {
        "dmean": 0.00251961569302,
        "dmean2": 0.00402574893087,
        "dvar": 1.48647277456e-05,
        "dvar2": 3.64986917702e-05,
        "max": 0.0966018140316,
        "mean": 0.00702430121601,
        "median": 0.00416292529553,
        "min": 1.22771172413e-21,
        "var": 7.2159768024e-05
    },
    "spectral_energyband_middle_low": {
        "dmean": 0.00522765051574,
        "dmean2": 0.00767628988251,
        "dvar": 0.00014202746388,
        "dvar2": 0.000303386012092,
        "max": 0.124239817262,
        "mean": 0.00936053972691,
        "median": 0.00488538248464,
        "min": 1.77517293771e-22,
        "var": 0.000261876790319
    },
    "spectral_entropy": {
        "dmean": 0.129626736045,
        "dmean2": 0.190711468458,
        "dvar": 0.0258408226073,
        "dvar2": 0.0523813143373,
        "max": 9.81641387939,
        "mean": 8.04782104492,
        "median": 8.14771556854,
        "min": 5.04189443588,
        "var": 0.20753069222
    },
    "spectral_flux": {
        "dmean": 0.0248988736421,
        "dmean2": 0.0365054905415,
        "dvar": 0.000980747281574,
        "dvar2": 0.00186540896539,
        "max": 0.361611098051,
        "mean": 0.0931590944529,
        "median": 0.0814602077007,
        "min": 6.53524803718e-11,
        "var": 0.00287781236693
    },
    "spectral_kurtosis": {
        "dmean": 1.2276391983,
        "dmean2": 2.07669663429,
        "dvar": 19.1091461182,
        "dvar2": 58.1619148254,
        "max": 104.677940369,
        "mean": 3.60585641861,
        "median": 2.18278503418,
        "min": -1.27200996876,
        "var": 61.8340835571
    },
    "spectral_rms": {
        "dmean": 0.000677123258356,
        "dmean2": 0.000968749809545,
        "dvar": 5.91643242842e-07,
        "dvar2": 1.13312455596e-06,
        "max": 0.012096952647,
        "mean": 0.00543003063649,
        "median": 0.00563565734774,
        "min": 3.16657637611e-12,
        "var": 4.02176556236e-06
    },
    "spectral_rolloff": {
        "dmean": 1038.20361328,
        "dmean2": 1701.45239258,
        "dvar": 2411206.5,
        "dvar2": 5101566.5,
        "max": 19444.4824219,
        "mean": 2582.69384766,
        "median": 1916.45507812,
        "min": 21.533203125,
        "var": 5986391
    },
    "spectral_skewness": {
        "dmean": 0.159574940801,
        "dmean2": 0.251214981079,
        "dvar": 0.0769634544849,
        "dvar2": 0.225740730762,
        "max": 7.25650215149,
        "mean": 1.27469241619,
        "median": 1.21090173721,
        "min": -0.0917884111404,
        "var": 0.418645083904
    },
    "spectral_spread": {
        "dmean": 544990,
        "dmean2": 793715,
        "dvar": 745630400512,
        "dvar2": 1.59579255603e+12,
        "max": 42372668,
        "mean": 5991414,
        "median": 5953260,
        "min": 617372.5625,
        "var": 6.23901356851e+12
    },
    "spectral_strongpeak": {
        "dmean": 0.521106719971,
        "dmean2": 0.819920837879,
        "dvar": 1.07810354233,
        "dvar2": 2.55954837799,
        "max": 12.9782438278,
        "mean": 0.971934497356,
        "median": 0.277736723423,
        "min": 0,
        "var": 2.49668979645
    },
    "zerocrossingrate": {
        "dmean": 0.0170038677752,
        "dmean2": 0.0198709778488,
        "dvar": 0.000378405908123,
        "dvar2": 0.00046980814659,
        "max": 0.83154296875,
        "mean": 0.0902131050825,
        "median": 0.08056640625,
        "min": 0,
        "var": 0.00310247484595
    },
    "barkbands": {
        "dmean": [0.000929156725761, 0.00469948491082, 0.00169496575836, 0.00144920242019, 0.00319156912155, 0.000509280303959, 0.000495903252158, 0.000363519822713, 0.000440814212197, 0.000437451555626, 0.00079631182598, 0.000492576626129, 0.000514380342793, 0.000469373597298, 0.000396598537918, 0.000376146956114, 0.000267970230198, 0.000284095352981, 0.00027272728039, 0.000266185670625, 0.000328826950863, 0.00029080233071, 0.000270856457064, 0.000226111340453, 0.000182796036825, 0.000105636201624, 2.44234161073e-05],
        "dmean2": [0.00146357552148, 0.00690466165543, 0.00290345749818, 0.00260484917089, 0.0042833792977, 0.000787548488006, 0.000800026231445, 0.000581128988415, 0.000709303887561, 0.000672180671245, 0.00121322076302, 0.000812066718936, 0.000842338835355, 0.000760711671319, 0.000648051209282, 0.000625441491138, 0.000443570694188, 0.000475535664009, 0.000459742266685, 0.000444765406428, 0.000539041182492, 0.000474106811453, 0.000433754321421, 0.000336781289661, 0.000281956134131, 0.000159789124154, 3.94560374843e-05],
        "dvar": [3.28363285007e-06, 9.36925207498e-05, 4.4973596232e-05, 3.42857638316e-05, 0.000113578433229, 8.86286954938e-07, 1.37851759519e-06, 1.10741450499e-06, 1.46294314618e-06, 1.93963978745e-06, 6.33047147858e-06, 2.12836198443e-06, 2.2924402856e-06, 1.40716338137e-06, 1.50581479375e-06, 6.98614655903e-07, 2.16588603053e-07, 2.4637995466e-07, 2.25899469797e-07, 1.58444422027e-07, 2.7997845109e-07, 1.85416240583e-07, 1.72634926798e-07, 1.37319744908e-07, 1.25025820807e-07, 5.19538758681e-08, 2.440065483e-09],
        "dvar2": [7.5086995821e-06, 0.00018444682064, 0.000121004872199, 9.60365869105e-05, 0.000218763860175, 2.17151159632e-06, 3.34435139848e-06, 2.81951406578e-06, 3.32677404913e-06, 4.18228000854e-06, 1.36109283631e-05, 5.66447306483e-06, 5.56879103897e-06, 3.49736069438e-06, 3.60854528481e-06, 1.64620701071e-06, 5.21305423717e-07, 6.19904653831e-07, 6.08096627275e-07, 4.26357814831e-07, 7.78019455083e-07, 4.91238552058e-07, 4.42465591277e-07, 3.07906105945e-07, 2.62383991867e-07, 1.16019620577e-07, 6.25355633943e-09],
        "max": [0.073909573257, 0.142672926188, 0.0911132991314, 0.0745438933372, 0.122807554901, 0.0230324305594, 0.0392803661525, 0.04564768821, 0.0313760340214, 0.0385519191623, 0.0782528817654, 0.0408675931394, 0.0491533465683, 0.0309433713555, 0.0582429505885, 0.0380963720381, 0.0113359391689, 0.00956940278411, 0.00757247535512, 0.00593323726207, 0.00729489279911, 0.00615330180153, 0.00456659961492, 0.00656677037477, 0.00625223107636, 0.00234696851112, 0.000616795849055],
        "mean": [0.00244658743031, 0.0108210723847, 0.00155341555364, 0.00112901604734, 0.00505525898188, 0.00101549411193, 0.000771338120103, 0.000553881109226, 0.000657763681374, 0.000671798654366, 0.00146080879495, 0.000690671498887, 0.000799338216893, 0.000721580989193, 0.000626189867035, 0.000551241508219, 0.000429532607086, 0.000479469628772, 0.000459106842754, 0.000504334573634, 0.000648546149023, 0.000577694969252, 0.000556343176868, 0.000528648612089, 0.000397039751988, 0.000206812284887, 3.17098783853e-05],
        "median": [0.000888539245352, 0.00566368317232, 0.000274547783192, 0.000208934841794, 0.00103045383003, 0.00047500085202, 0.000341484206729, 0.000196932305698, 0.000218206288991, 0.000182777788723, 0.000214040730498, 0.000269437703537, 0.000311918673106, 0.000294381461572, 0.000291960313916, 0.00024835584918, 0.000263885594904, 0.000276042788755, 0.000297920691082, 0.000361440557754, 0.0004270398058, 0.000372856215108, 0.000356094358722, 0.000286832568236, 0.000200640803087, 0.000109994129161, 7.04739341018e-06],
        "min": [3.31833723484e-25, 7.04332250416e-24, 7.7309448465e-25, 3.14778378149e-24, 1.93565797986e-23, 1.22868549088e-23, 1.49237589574e-23, 1.54373799819e-23, 1.24764347504e-23, 2.90456408046e-23, 2.18930894641e-23, 2.7538534667e-23, 3.20135974319e-23, 5.28220946592e-23, 5.96750050735e-23, 4.70046430691e-23, 9.24901167395e-23, 1.28539015381e-22, 1.78860768069e-22, 2.31594011747e-22, 2.84232112488e-22, 3.58856460856e-22, 3.86197168141e-22, 6.72057085641e-22, 8.85382341e-22, 1.22614086856e-21, 1.91904387499e-21],
        "var": [2.06015411095e-05, 0.000210509664612, 3.3262433135e-05, 2.15780892177e-05, 0.000237557003857, 2.07487232728e-06, 2.08617962016e-06, 1.25888618641e-06, 2.99334374176e-06, 4.18501304011e-06, 2.40297031269e-05, 3.46906540472e-06, 4.47171896667e-06, 2.99914904645e-06, 2.46782178692e-06, 1.39061990012e-06, 4.19659983208e-07, 5.05996808897e-07, 3.26163700493e-07, 2.83965988501e-07, 5.68139000734e-07, 4.29469793062e-07, 4.46369057272e-07, 5.33828767857e-07, 2.99908606394e-07, 9.32102324214e-08, 3.15682791019e-09]
    },
    "erbbands": {
        "dmean": [0.206783473492, 0.853084087372, 1.69649446011, 3.53010773659, 6.57190752029, 15.6331586838, 5.37059164047, 4.78009557724, 6.83546638489, 7.37259960175, 7.70374917984, 11.1519021988, 11.6448249817, 19.89402771, 29.0481681824, 19.1799144745, 22.813911438, 22.8882808685, 19.6822910309, 20.4454727173, 16.495349884, 14.6484441757, 15.1178617477, 15.2409105301, 12.9190511703, 12.1023349762, 15.8930559158, 10.6056156158, 11.7036266327, 9.05274009705, 7.36476755142, 5.1000919342, 3.95663380623, 2.28431034088, 1.21864259243, 0.577647984028, 0.181147903204, 0.0435866117477, 0.00376447662711, 5.86760434089e-05],
        "dmean2": [0.300224512815, 1.25138068199, 2.75398039818, 6.00355863571, 9.42522335052, 22.1909255981, 8.72846317291, 7.4320397377, 11.1626739502, 11.4808540344, 12.4387636185, 17.7940540314, 17.6201038361, 29.3134727478, 44.0792274475, 31.2767066956, 37.3038749695, 37.5924339294, 32.1978378296, 33.345741272, 27.5316371918, 24.1862258911, 24.5176944733, 25.8624458313, 21.8168811798, 20.1239566803, 26.104391098, 17.1541824341, 19.3165416718, 14.3248348236, 11.7567481995, 7.81952857971, 6.08292818069, 3.54811096191, 1.87950146198, 0.873496055603, 0.275269210339, 0.0682721585035, 0.00606899010018, 9.2113892606e-05],
        "dvar": [0.127178326249, 4.95266389847, 39.4334602356, 178.745452881, 261.150268555, 3563.43554688, 179.739929199, 82.5166549683, 211.036590576, 363.696289062, 611.867004395, 965.851074219, 1500.76123047, 4039.36181641, 9381.94824219, 2479.59667969, 4450.48291016, 3610.93603516, 2493.08520508, 2527.09912109, 1320.32141113, 718.135559082, 780.670898438, 862.519287109, 455.696258545, 345.063476562, 864.695495605, 233.456436157, 319.145172119, 180.068405151, 123.880653381, 70.3544998169, 51.6086349487, 17.0351314545, 5.95311117172, 1.58569204807, 0.151763811707, 0.00773672573268, 5.94830235059e-05, 1.20265548631e-08],
        "dvar2": [0.271326452494, 9.62135505676, 98.6758270264, 462.682342529, 524.066162109, 8041.05517578, 494.661132812, 208.366638184, 563.716491699, 803.387756348, 1606.38098145, 2159.15234375, 3369.32324219, 7628.77441406, 19813.4277344, 6602.91503906, 10617.5478516, 9436.70410156, 6596.01806641, 5993.40136719, 3178.12744141, 1701.1472168, 1810.41503906, 2260.24804688, 1213.04699707, 923.28112793, 2421.02416992, 605.460144043, 853.549499512, 452.92276001, 315.574798584, 156.327926636, 131.646575928, 35.7334480286, 12.824930191, 3.58978796005, 0.354787796736, 0.0193196944892, 0.000152144042659, 2.95144122475e-08],
        "max": [6.01601600647, 31.9673309326, 94.8342132568, 185.84262085, 178.145767212, 679.203857422, 218.9790802, 210.638961792, 374.262481689, 493.290496826, 1071.21838379, 901.069091797, 1498.62243652, 1638.8815918, 3995.62817383, 1418.76171875, 2521.94482422, 1864.68249512, 2141.85546875, 2604.63427734, 2187.69897461, 736.67388916, 660.761535645, 584.489807129, 373.120544434, 303.605926514, 434.357177734, 195.643035889, 227.127319336, 167.63885498, 145.087722778, 179.052825928, 137.037719727, 72.4672698975, 53.9037017822, 14.1847143173, 5.01320075989, 1.03220570087, 0.0841558426619, 0.0012587888632],
        "mean": [0.554550290108, 1.45271980762, 1.82900679111, 3.26301455498, 8.71096420288, 22.6179141998, 8.32448482513, 9.18460845947, 10.8390846252, 12.1875257492, 11.0699052811, 16.98021698, 19.2794761658, 32.9320755005, 55.8725166321, 29.8289165497, 36.8955230713, 37.3995399475, 33.2329025269, 34.1694107056, 26.0163955688, 25.0066490173, 26.4423122406, 25.2224330902, 23.135345459, 22.9947624207, 28.8314666748, 22.0851764679, 21.6722679138, 17.9687767029, 15.5226507187, 11.9240655899, 8.37512874603, 5.07184410095, 2.51753234863, 1.07347345352, 0.342576771975, 0.0735931769013, 0.00507433246821, 0.000133916342747],
        "median": [0.285455107689, 0.611167252064, 0.486453652382, 0.76570212841, 2.06634473801, 3.27273082733, 4.12999105453, 4.11595106125, 4.79978656769, 5.29425048828, 4.47594118118, 5.5447845459, 6.16383314133, 7.68340110779, 10.0337047577, 12.7587604523, 15.7174949646, 15.9124069214, 17.1278915405, 15.3683023453, 14.5825948715, 15.696767807, 15.8144264221, 15.0669870377, 15.8449707031, 16.8206977844, 16.3745193481, 16.2893028259, 14.2825050354, 11.5995864868, 9.75323104858, 6.68108606339, 4.3692317009, 2.59476804733, 1.29648542404, 0.551979660988, 0.175718426704, 0.0332637950778, 0.00117777520791, 8.33210360724e-05],
        "min": [2.39085893183e-22, 1.02141851372e-21, 1.52777744881e-21, 6.70805227755e-21, 1.82895514173e-20, 4.33065692188e-20, 5.73413685214e-20, 1.24006471338e-19, 1.79093740379e-19, 4.28900204493e-19, 3.75875368139e-19, 3.95829135863e-19, 6.25438602379e-19, 1.05838617576e-18, 6.33502579376e-19, 1.18902498125e-18, 1.35264130641e-18, 3.32279072448e-18, 3.00223693722e-18, 3.52793317075e-18, 3.26319753122e-18, 5.54092889019e-18, 7.04859955983e-18, 8.62039409773e-18, 7.98830485983e-18, 1.08925781767e-17, 1.00276855729e-17, 1.04124626969e-17, 1.19352285855e-17, 1.09740124537e-17, 1.28205715756e-17, 1.13003343781e-17, 1.18489883892e-17, 8.63486231382e-18, 7.16887162089e-18, 4.24726721581e-18, 2.42411234209e-18, 9.61755143397e-19, 2.52830985401e-19, 2.66726795743e-20],
        "var": [0.487183094025, 7.58522796631, 35.181842804, 139.078598022, 490.046234131, 5892.42041016, 187.316131592, 176.453933716, 307.084442139, 582.823181152, 589.078674316, 2174.36328125, 3393.93896484, 9808.19335938, 46512.9023438, 4354.890625, 8569.4765625, 7278.06201172, 4311.42529297, 4996.54589844, 2148.84155273, 1516.6472168, 1701.24938965, 1499.15991211, 696.950317383, 567.157104492, 1799.9675293, 449.86730957, 610.994384766, 425.965545654, 357.197998047, 271.363220215, 141.116378784, 46.8900718689, 12.9389705658, 2.71295022964, 0.260608702898, 0.0118182254955, 7.84652584116e-05, 2.11347597201e-08]
    },
    "gfcc": {
        "mean": [18.0543556213, 37.3749313354, -111.284446716, 36.0218658447, -53.2488899231, 23.8984470367, -35.1451873779, 8.80296516418, -22.5693836212, 11.6155014038, -12.1224212646, 8.81256484985, -8.73673439026],
        "cov": [[20356.1757812, -2695.47607422, 1422.22546387, 1032.83178711, -735.100280762, 751.172912598, -605.321105957, 656.028259277, -346.876586914, 446.2159729, -463.939849854, 477.018249512, -168.723114014], [-2695.47607422, 2520.16210938, -366.904602051, -263.618377686, 317.020568848, -261.371704102, 89.143157959, -274.124847412, 180.516769409, -90.1461029053, 122.374595642, -254.11114502, 14.5438375473], [1422.22546387, -366.904602051, 1612.14819336, 762.659118652, 161.313095093, 205.068603516, -134.67956543, 49.9078102112, -63.5964660645, 113.730667114, -75.1383514404, 71.8527908325, -13.6943950653], [1032.83178711, -263.618377686, 762.659118652, 864.68371582, 100.347244263, 144.502044678, -43.6668663025, 75.3193817139, -11.8191204071, 46.2789802551, -37.5074005127, 38.3917999268, 11.1358146667], [-735.100280762, 317.020568848, 161.313095093, 100.347244263, 397.8828125, 102.480789185, 105.321357727, -25.7620220184, 69.776725769, 15.7167224884, 30.326210022, -26.8733406067, 22.4269599915], [751.172912598, -261.371704102, 205.068603516, 144.502044678, 102.480789185, 304.846252441, 100.362083435, 134.988632202, 44.4547271729, 88.5136566162, 0.5629144907, 38.5203170776, 2.01908135414], [-605.321105957, 89.143157959, -134.67956543, -43.6668663025, 105.321357727, 100.362083435, 290.122894287, 131.027679443, 119.582931519, 46.8915061951, 61.3248405457, 27.3206634521, 32.7297554016], [656.028259277, -274.124847412, 49.9078102112, 75.3193817139, -25.7620220184, 134.988632202, 131.027679443, 286.536224365, 113.572906494, 94.8497695923, -0.537366628647, 58.7037124634, -0.079737007618], [-346.876586914, 180.516769409, -63.5964660645, -11.8191204071, 69.776725769, 44.4547271729, 119.582931519, 113.572906494, 197.444656372, 102.061408997, 57.6856613159, -7.05870962143, 17.4185390472], [446.2159729, -90.1461029053, 113.730667114, 46.2789802551, 15.7167224884, 88.5136566162, 46.8915061951, 94.8497695923, 102.061408997, 180.449401855, 69.0560836792, 42.9682006836, 0.267484217882], [-463.939849854, 122.374595642, -75.1383514404, -37.5074005127, 30.326210022, 0.5629144907, 61.3248405457, -0.537366628647, 57.6856613159, 69.0560836792, 129.225280762, 38.1214370728, 23.4364833832], [477.018249512, -254.11114502, 71.8527908325, 38.3917999268, -26.8733406067, 38.5203170776, 27.3206634521, 58.7037124634, -7.05870962143, 42.9682006836, 38.1214370728, 130.37878418, 42.5402183533], [-168.723114014, 14.5438375473, -13.6943950653, 11.1358146667, 22.4269599915, 2.01908135414, 32.7297554016, -0.079737007618, 17.4185390472, 0.267484217882, 23.4364833832, 42.5402183533, 79.8354187012]],
        "icov": [[9.9514159956e-05, -4.53171414847e-05, 5.27994343429e-05, -7.51338666305e-05, 0.000111320565338, -0.000206618991797, 0.000215146355913, -0.000110352659249, 0.0001923507225, -0.000385695602745, 0.000499131041579, -0.000433956447523, 0.000167778853211], [-4.53171414847e-05, 0.000824864138849, -0.000112706991786, 0.000143680823385, -0.000443021242972, 0.000582867185585, -0.000246937794145, 0.000501179718412, -0.000931254005991, 0.000693288689945, -0.00108208507299, 0.00151099113282, -0.000360582314897], [5.27994343429e-05, -0.000112706991786, 0.00141452462412, -0.00102158251684, -0.00048262506607, -0.000293813965982, 0.000617961050011, 1.52425045599e-05, 0.000751099258196, -0.00148943869863, 0.00133502844255, -0.00103189027868, 0.000405975850299], [-7.51338666305e-05, 0.000143680823385, -0.00102158251684, 0.00217268895358, -0.000253494567005, -0.000114501664939, 0.000173055392224, -0.000495302781928, -0.000303828535834, 0.000944575411268, -0.000864323810674, 0.000827472831588, -0.000784650910646], [0.000111320565338, -0.000443021242972, -0.00048262506607, -0.000253494567005, 0.00447193114087, -0.00204358343035, -0.0011909015011, 0.00185831228737, -0.00147318758536, 0.000556684972253, 0.000479904556414, -0.000372954178602, -6.85188424541e-05], [-0.000206618991797, 0.000582867185585, -0.000293813965982, -0.000114501664939, -0.00204358343035, 0.00674167927355, -0.00198086630553, -0.00169796298724, 0.00157614063937, -0.00195768033154, -0.000203889503609, 0.00184847915079, -0.000625743472483], [0.000215146355913, -0.000246937794145, 0.000617961050011, 0.000173055392224, -0.0011909015011, -0.00198086630553, 0.0077601429075, -0.00325468485244, -0.00137090950739, 0.00137463968713, -0.00159469305072, -0.00129135965835, -0.000767728488427], [-0.000110352659249, 0.000501179718412, 1.52425045599e-05, -0.000495302781928, 0.00185831228737, -0.00169796298724, -0.00325468485244, 0.0100198984146, -0.00607644580305, -0.000144405115861, 0.00350384996273, -0.00366718741134, 0.00286412611604], [0.0001923507225, -0.000931254005991, 0.000751099258196, -0.000303828535834, -0.00147318758536, 0.00157614063937, -0.00137090950739, -0.00607644580305, 0.0158901643008, -0.00834200810641, -0.000326798908645, 0.00442928448319, -0.00402586720884], [-0.000385695602745, 0.000693288689945, -0.00148943869863, 0.000944575411268, 0.000556684972253, -0.00195768033154, 0.00137463968713, -0.000144405115861, -0.00834200810641, 0.0163097400218, -0.00876362528652, -0.000305376714095, 0.00250155595131], [0.000499131041579, -0.00108208507299, 0.00133502844255, -0.000864323810674, 0.000479904556414, -0.000203889503609, -0.00159469305072, 0.00350384996273, -0.000326798908645, -0.00876362528652, 0.0188659895211, -0.00855418480933, 0.00124960963149], [-0.000433956447523, 0.00151099113282, -0.00103189027868, 0.000827472831588, -0.000372954178602, 0.00184847915079, -0.00129135965835, -0.00366718741134, 0.00442928448319, -0.000305376714095, -0.00855418480933, 0.019921110943, -0.00997016951442], [0.000167778853211, -0.000360582314897, 0.000405975850299, -0.000784650910646, -6.85188424541e-05, -0.000625743472483, -0.000767728488427, 0.00286412611604, -0.00402586720884, 0.00250155595131, 0.00124960963149, -0.00997016951442, 0.0192935429513]]
    },
    "melbands": {
        "dmean": [0.00153107300866, 0.000839906162582, 0.000611225434113, 0.000838348001707, 0.0002917269303, 0.000104133825516, 0.000102915873867, 8.11164718471e-05, 6.43565654173e-05, 7.23297562217e-05, 6.0029393353e-05, 7.89199402789e-05, 9.76992814685e-05, 6.15682656644e-05, 5.16098989465e-05, 5.73770375922e-05, 4.39125869889e-05, 3.42365783581e-05, 3.2672603993e-05, 2.97789065371e-05, 1.88741068996e-05, 1.7027668946e-05, 1.42339758895e-05, 1.37574215842e-05, 1.3319971913e-05, 1.034809884e-05, 9.22060371522e-06, 8.7794915089e-06, 1.16926612463e-05, 8.13718361314e-06, 6.5061708483e-06, 7.45097850086e-06, 5.47720355826e-06, 5.45929697182e-06, 4.66138226329e-06, 3.80670439881e-06, 3.20751109939e-06, 3.09592383019e-06, 2.4644318728e-06, 1.9340018298e-06],
        "dmean2": [0.00223401119001, 0.00122694275342, 0.00102647324093, 0.00108699186239, 0.000476656219689, 0.000162871481734, 0.000166558238561, 0.000126682789414, 0.000104925435153, 0.000114979244245, 9.03927939362e-05, 0.000116797826195, 0.00015060477017, 9.69845132204e-05, 8.44818350743e-05, 9.38115917961e-05, 7.24419369362e-05, 5.5461172451e-05, 5.11444850417e-05, 4.89087469759e-05, 3.18382080877e-05, 2.81728807749e-05, 2.29465858865e-05, 2.30606747209e-05, 2.26672582357e-05, 1.76126704901e-05, 1.56488240464e-05, 1.45944868564e-05, 1.95943557628e-05, 1.32156792461e-05, 1.06027509901e-05, 1.2404244444e-05, 8.72923101269e-06, 8.82068798091e-06, 7.53977701606e-06, 6.08192704021e-06, 4.98752979183e-06, 4.8308534133e-06, 3.91912908526e-06, 3.07693903778e-06],
        "dvar": [7.90050853539e-06, 6.40711323285e-06, 4.57007899968e-06, 7.57955012887e-06, 9.48573699588e-07, 3.75278652598e-08, 5.23917869089e-08, 4.43987850929e-08, 4.51068942198e-08, 4.04278246435e-08, 4.13001366439e-08, 6.07535994845e-08, 1.03280406449e-07, 3.64139793874e-08, 2.22824301233e-08, 2.86421428797e-08, 1.33990480933e-08, 7.18190129589e-09, 1.16327534272e-08, 4.81486672754e-09, 1.81342496575e-09, 1.08117947928e-09, 7.3294864622e-10, 5.79726378014e-10, 6.77402967053e-10, 3.20409476728e-10, 2.11900691438e-10, 1.76387501827e-10, 5.84717385621e-10, 1.444039055e-10, 8.83013245856e-11, 1.28851040948e-10, 6.15345968624e-11, 7.27950963397e-11, 5.04941678747e-11, 3.70074249023e-11, 2.87767830398e-11, 3.32775786094e-11, 1.78769429815e-11, 1.29622215739e-11],
        "dvar2": [1.60602485266e-05, 1.3195943211e-05, 1.17331146612e-05, 1.32072054839e-05, 2.62106095761e-06, 9.38578210707e-08, 1.35160789227e-07, 1.01554299192e-07, 1.1853915538e-07, 8.85256739025e-08, 9.05340939994e-08, 1.17192307414e-07, 2.30227371389e-07, 8.86229187813e-08, 5.85988502166e-08, 6.69066153591e-08, 3.47859447913e-08, 1.76895813553e-08, 2.58928309904e-08, 1.12473141911e-08, 4.47971082451e-09, 2.47781839491e-09, 1.66640323762e-09, 1.49071488487e-09, 1.74621894722e-09, 8.51398618273e-10, 5.63809221532e-10, 4.5844927854e-10, 1.6211787468e-09, 3.7426697852e-10, 2.28545002368e-10, 3.50751844236e-10, 1.59107019226e-10, 1.86142781744e-10, 1.33318495132e-10, 8.67934127347e-11, 6.60742016656e-11, 8.6042055425e-11, 4.54516632664e-11, 2.74752668533e-11],
        "max": [0.0398352555931, 0.0378528647125, 0.0289692915976, 0.031562961638, 0.010605731979, 0.00459725176916, 0.00692429626361, 0.00546025391668, 0.00851661711931, 0.00614534690976, 0.00746254250407, 0.00611240044236, 0.0123726800084, 0.00692355446517, 0.00469700805843, 0.00531396362931, 0.00325072952546, 0.00241661840118, 0.00479692639783, 0.00312777538784, 0.00225379713811, 0.000887243484613, 0.000770228740294, 0.000448181614047, 0.000546332099475, 0.000276275270153, 0.000312121934257, 0.000216419968638, 0.000387763750041, 0.000185011609574, 0.000137011244078, 0.00013386507635, 0.000111468034447, 0.000100462879345, 9.03981781448e-05, 8.94604963833e-05, 0.000108581087261, 0.000108933338197, 6.57275813865e-05, 7.00412638253e-05],
        "mean": [0.00388288591057, 0.001257161377, 0.000600588857196, 0.00131239288021, 0.00040275696665, 0.000201830131118, 0.000164546465385, 0.00013149586448, 8.65347756189e-05, 0.000107444000605, 9.45260107983e-05, 0.000124384139781, 0.000182107323781, 0.000101255405752, 7.22583863535e-05, 8.59844876686e-05, 6.75466435496e-05, 5.25240902789e-05, 5.07122495037e-05, 4.53692919109e-05, 2.64534392045e-05, 2.66733950411e-05, 2.35639072343e-05, 2.21185073315e-05, 2.02257542696e-05, 1.6751975636e-05, 1.55670404638e-05, 1.50989817485e-05, 1.94709391508e-05, 1.41184964377e-05, 1.25176457004e-05, 1.25952219605e-05, 1.03837164716e-05, 9.87652583717e-06, 9.03380441741e-06, 8.1137086454e-06, 6.94036316418e-06, 6.02513318881e-06, 5.00121905134e-06, 4.00568751502e-06],
        "median": [0.00213974225335, 0.000506606826093, 0.000175148292328, 0.000208170778933, 0.000151617365191, 9.01140010683e-05, 7.39365059417e-05, 5.39618413313e-05, 3.43893334502e-05, 3.18394595524e-05, 2.74629310297e-05, 2.72086326731e-05, 3.03798369714e-05, 2.99674193229e-05, 3.18514576065e-05, 3.12110205414e-05, 2.68400835921e-05, 2.58943837252e-05, 2.07000903174e-05, 1.82664462045e-05, 1.50992054841e-05, 1.55546040332e-05, 1.36848011607e-05, 1.26680533867e-05, 1.09523307401e-05, 1.08055428427e-05, 1.04688861029e-05, 1.06436591523e-05, 9.66804873315e-06, 9.16755925573e-06, 8.58612293086e-06, 8.04286901257e-06, 6.40849702904e-06, 6.11809173279e-06, 5.53098197997e-06, 4.75045817439e-06, 3.80957044399e-06, 3.12844986183e-06, 2.56352836914e-06, 2.05799187825e-06],
        "min": [2.38701342425e-24, 1.87109385628e-24, 1.13002066559e-24, 3.54091971336e-24, 1.59225272692e-24, 2.89468426816e-24, 2.50268133777e-24, 4.39559962264e-24, 3.23745734768e-24, 2.32081024493e-24, 2.56483628013e-24, 3.32737861619e-24, 2.00739166576e-24, 2.77314644064e-24, 2.69913886317e-24, 2.93414664051e-24, 5.563067614e-24, 4.08393763949e-24, 5.36988425578e-24, 2.73547754356e-24, 3.14787568379e-24, 4.41939442855e-24, 4.30749253699e-24, 5.99395172347e-24, 6.60336846643e-24, 6.25279394699e-24, 4.94663474215e-24, 7.57527586724e-24, 5.45406754728e-24, 5.43094682301e-24, 5.4138328801e-24, 6.21071689516e-24, 6.63359524974e-24, 5.62282067213e-24, 6.95474841286e-24, 5.39513845437e-24, 6.96486555397e-24, 7.02637146103e-24, 5.77491266023e-24, 6.75239139118e-24],
        "var": [2.33724967984e-05, 8.9051482064e-06, 3.64674247066e-06, 1.75294426299e-05, 8.78755031408e-07, 8.28987083423e-08, 7.69758656816e-08, 6.77729730114e-08, 4.10317184674e-08, 9.40071274158e-08, 9.24575616068e-08, 1.43585594969e-07, 4.14105187474e-07, 1.08644663044e-07, 3.43461614705e-08, 5.35829371984e-08, 2.62034749454e-08, 1.33583988315e-08, 2.11905319958e-08, 1.15967138115e-08, 2.35056241138e-09, 2.2472435024e-09, 1.43221812188e-09, 1.07820341544e-09, 1.19213927618e-09, 4.6166548362e-10, 3.48387457771e-10, 2.85437173897e-10, 1.18328280507e-09, 2.63319338556e-10, 1.76274245201e-10, 2.20922516392e-10, 1.47261688954e-10, 1.4039525098e-10, 1.27032606656e-10, 1.18156831541e-10, 9.46096950782e-11, 7.79456429956e-11, 4.64533411737e-11, 3.14587939032e-11]
    },
    "mfcc": {
        "mean": [-620.260681152, 69.0966339111, 3.56680655479, 16.889755249, 7.798579216, 14.4811630249, 3.55464959145, 2.30272388458, -0.580785751343, 1.67473161221, 1.32047963142, 3.58192682266, 2.19885158539],
        "cov": [[10697.1074219, -476.673858643, 722.837402344, 535.962219238, 6.33120965958, 106.583717346, -5.83864498138, 169.836151123, 165.727706909, 119.458274841, -22.205657959, 42.555973053, 60.6537361145], [-476.673858643, 1897.99938965, -301.449493408, -188.366744995, 45.8489837646, 21.9697284698, -59.8198432922, -124.513595581, -24.7226219177, 46.9698486328, 67.616859436, -7.53762054443, -51.7667999268], [722.837402344, -301.449493408, 1104.54602051, 537.33782959, 279.711639404, 163.203369141, 53.2397117615, 11.8978672028, 28.2275505066, 14.3595933914, -7.93506717682, -8.09218406677, 3.02328014374], [535.962219238, -188.366744995, 537.33782959, 550.327880859, 226.093811035, 110.738761902, 39.8065223694, 36.3209953308, 44.4809150696, 10.5197477341, 1.80729579926, -5.48858594894, 14.9691791534], [6.33120965958, 45.8489837646, 279.711639404, 226.093811035, 336.649658203, 167.047958374, 52.3186759949, 6.37921714783, 26.433965683, 13.095454216, 11.8506355286, -3.00559329987, -11.0957374573], [106.583717346, 21.9697284698, 163.203369141, 110.738761902, 167.047958374, 238.664474487, 105.643508911, 26.1197185516, 42.8751335144, 36.1521873474, 28.58801651, 25.5435276031, 15.055524826], [-5.83864498138, -59.8198432922, 53.2397117615, 39.8065223694, 52.3186759949, 105.643508911, 155.568740845, 83.9084243774, 55.4257736206, 31.7475166321, 30.6940975189, 28.5698394775, 19.399055481], [169.836151123, -124.513595581, 11.8978672028, 36.3209953308, 6.37921714783, 26.1197185516, 83.9084243774, 171.344848633, 111.442054749, 50.4346046448, 31.5854034424, 25.8712882996, 22.2909088135], [165.727706909, -24.7226219177, 28.2275505066, 44.4809150696, 26.433965683, 42.8751335144, 55.4257736206, 111.442054749, 172.603485107, 111.169059753, 61.2793769836, 42.6827697754, 30.0561923981], [119.458274841, 46.9698486328, 14.3595933914, 10.5197477341, 13.095454216, 36.1521873474, 31.7475166321, 50.4346046448, 111.169059753, 152.982345581, 90.5955886841, 62.278213501, 35.7583198547], [-22.205657959, 67.616859436, -7.93506717682, 1.80729579926, 11.8506355286, 28.58801651, 30.6940975189, 31.5854034424, 61.2793769836, 90.5955886841, 119.767105103, 76.4697647095, 41.5918197632], [42.555973053, -7.53762054443, -8.09218406677, -5.48858594894, -3.00559329987, 25.5435276031, 28.5698394775, 25.8712882996, 42.6827697754, 62.278213501, 76.4697647095, 110.287902832, 74.3179702759], [60.6537361145, -51.7667999268, 3.02328014374, 14.9691791534, -11.0957374573, 15.055524826, 19.399055481, 22.2909088135, 30.0561923981, 35.7583198547, 41.5918197632, 74.3179702759, 105.674087524]],
