{
"lowlevel": {
    "average_loudness": 0.908992469311,
    "barkbands_crest": {
        "dmean": 2.77882194519,
        "dmean2": 4.4021987915,
        "dvar": 7.27261400223,
        "dvar2": 18.0478839874,
        "max": 26.1271686554,
        "mean": 10.2231664658,
        "median": 9.73130989075,
        "min": 1.77735006809,
        "var": 19.9589729309
    },
    "barkbands_flatness_db": {
        "dmean": 0.020916422829,
        "dmean2": 0.031288549304,
        "dvar": 0.000511790451128,
        "dvar2": 0.00113784160931,
        "max": 0.33643758297,
        "mean": 0.0978033021092,
        "median": 0.0827924311161,
        "min": 0.0124162631109,
        "var": 0.00273821619339
    },
    "barkbands_kurtosis": {
        "dmean": 2.24349784851,
        "dmean2": 3.5378639698,
        "dvar": 43.762348175,
        "dvar2": 101.397689819,
        "max": 201.50289917,
        "mean": 1.5267624855,
        "median": -0.500146269798,
        "min": -1.92882037163,
        "var": 63.7360305786
    },
    "barkbands_skewness": {
        "dmean": 0.583374202251,
        "dmean2": 0.874818384647,
        "dvar": 0.51826184988,
        "dvar2": 1.14762413502,
        "max": 12.5562362671,
        "mean": 0.969617426395,
        "median": 0.814314603806,
        "min": -4.71234416962,
        "var": 1.43976175785
    },
    "barkbands_spread": {
        "dmean": 8.85284614563,
        "dmean2": 13.7651529312,
        "dvar": 104.299057007,
        "dvar2": 239.017242432,
        "max": 118.203872681,
        "mean": 43.7628669739,
        "median": 44.4098854065,
        "min": 0.809160113335,
        "var": 490.132324219
    },
    "dissonance": {
        "dmean": 0.0110486159101,
        "dmean2": 0.0187339428812,
        "dvar": 0.000176517278305,
        "dvar2": 0.000480114569655,
        "max": 0.5,
        "mean": 0.482630968094,
        "median": 0.487761855125,
        "min": 0.271697372198,
        "var": 0.000331784656737
    },
    "dynamic_complexity": 4.33866786957,
    "erbbands_crest": {
        "dmean": 1.89924347401,
        "dmean2": 3.13225483894,
        "dvar": 3.68724036217,
        "dvar2": 9.39437961578,
        "max": 25.0898742676,
        "mean": 6.50100708008,
        "median": 5.65275669098,
        "min": 2.08845305443,
        "var": 9.77806186676
    },
    "erbbands_flatness_db": {
        "dmean": 0.0161489620805,
        "dmean2": 0.0241199247539,
        "dvar": 0.000308050221065,
        "dvar2": 0.000633604766335,
        "max": 0.405235439539,
        "mean": 0.128587037325,
        "median": 0.111500859261,
        "min": 0.0394357666373,
        "var": 0.00287227425724
    },
    "erbbands_kurtosis": {
        "dmean": 0.927931964397,
        "dmean2": 1.49559831619,
        "dvar": 2.65886306763,
        "dvar2": 6.20406198502,
        "max": 36.6237945557,
        "mean": 0.356579303741,
        "median": -0.262385606766,
        "min": -1.86061823368,
        "var": 5.44692897797
    },
    "erbbands_skewness": {
        "dmean": 0.366362333298,
        "dmean2": 0.567167043686,
        "dvar": 0.145916000009,
        "dvar2": 0.333648562431,
        "max": 4.65950965881,
        "mean": -0.295733094215,
        "median": -0.256591200829,
        "min": -4.60418605804,
        "var": 0.494387477636
    },
    "erbbands_spread": {
        "dmean": 9.1546087265,
        "dmean2": 14.3026294708,
        "dvar": 118.579017639,
        "dvar2": 288.835876465,
        "max": 157.534088135,
        "mean": 40.8609848022,
        "median": 39.2044525146,
        "min": 2.02231240273,
        "var": 298.855255127
    },
    "hfc": {
        "dmean": 14.7333908081,
        "dmean2": 22.2174797058,
        "dvar": 585.69934082,
        "dvar2": 1381.55969238,
        "max": 276.379089355,
        "mean": 43.5086860657,
        "median": 36.11378479,
        "min": 1.14355244761e-16,
        "var": 1629.18383789
    },
    "melbands_crest": {
        "dmean": 3.87135004997,
        "dmean2": 6.04371213913,
        "dvar": 15.1519727707,
        "dvar2": 36.2282333374,
        "max": 37.3751106262,
        "mean": 18.5123710632,
        "median": 19.275384903,
        "min": 1.76096785069,
        "var": 58.7117538452
    },
    "melbands_flatness_db": {
        "dmean": 0.0285079888999,
        "dmean2": 0.0428282506764,
        "dvar": 0.000946757441852,
        "dvar2": 0.00212086061947,
        "max": 0.464602917433,
        "mean": 0.152602821589,
        "median": 0.141977205873,
        "min": 0.00642150826752,
        "var": 0.00412706565112
    },
    "melbands_kurtosis": {
        "dmean": 7.92832708359,
        "dmean2": 12.4393148422,
        "dvar": 438.731414795,
        "dvar2": 1049.14880371,
        "max": 456.560882568,
        "mean": 11.3949337006,
        "median": 5.06155920029,
        "min": -1.83384442329,
        "var": 601.012817383
    },
    "melbands_skewness": {
        "dmean": 0.868035912514,
        "dmean2": 1.31395256519,
        "dvar": 1.32476115227,
        "dvar2": 2.99617314339,
        "max": 18.5390491486,
        "mean": 2.55642008781,
        "median": 2.25126314163,
        "min": -3.41928911209,
        "var": 3.49837207794
    },
    "melbands_spread": {
        "dmean": 14.0882644653,
        "dmean2": 21.9993877411,
        "dvar": 319.016326904,
        "dvar2": 765.008361816,
        "max": 238.948318481,
        "mean": 42.2596740723,
        "median": 39.1072807312,
        "min": 0.681472659111,
        "var": 658.347045898
    },
    "pitch_salience": {
        "dmean": 0.0823214575648,
        "dmean2": 0.129276737571,
        "dvar": 0.00677932379767,
        "dvar2": 0.016447018832,
        "max": 0.904355287552,
        "mean": 0.529416799545,
        "median": 0.52507853508,
        "min": 0.0622672922909,
        "var": 0.0182379595935
    },
    "silence_rate_20dB": {
        "dmean": 0,
        "dmean2": 0,
        "dvar": 0,
        "dvar2": 0,
        "max": 1,
        "mean": 1,
        "median": 1,
        "min": 1,
        "var": 0
    },
    "silence_rate_30dB": {
        "dmean": 0.0036531270016,
        "dmean2": 0.00730688916519,
        "dvar": 0.00363922351971,
        "dvar2": 0.0105590075254,
        "max": 1,
        "mean": 0.997999668121,
        "median": 1,
        "min": 0,
        "var": 0.00199625641108
    },
    "silence_rate_60dB": {
        "dmean": 0.02235365659,
        "dmean2": 0.044711202383,
        "dvar": 0.0218568276614,
        "dvar2": 0.0481181517243,
        "max": 1,
        "mean": 0.14315533638,
        "median": 0,
        "min": 0,
        "var": 0.122672900558
    },
    "spectral_centroid": {
        "dmean": 337.743682861,
        "dmean2": 524.607055664,
        "dvar": 153738.671875,
        "dvar2": 334909.09375,
        "max": 10770.0400391,
        "mean": 2344.27734375,
        "median": 2461.07543945,
        "min": 186.703796387,
        "var": 592612.1875
    },
    "spectral_complexity": {
        "dmean": 5.38627481461,
        "dmean2": 7.95311403275,
        "dvar": 36.0581092834,
        "dvar2": 70.1187286377,
        "max": 65,
        "mean": 27.0200901031,
        "median": 29,
        "min": 0,
        "var": 263.132751465
    },
    "spectral_decrease": {
        "dmean": 1.59728885674e-09,
        "dmean2": 2.4473563176e-09,
        "dvar": 8.03339364784e-18,
        "dvar2": 1.87028464718e-17,
        "max": -1.08723343518e-28,
        "mean": -6.16502315864e-09,
        "median": -6.2578213722e-09,
        "min": -4.1411201579e-08,
        "var": 2.29138856583e-17
    },
    "spectral_energy": {
        "dmean": 0.00673797912896,
        "dmean2": 0.0101476972923,
        "dvar": 0.000129006104544,
        "dvar2": 0.000292575452477,
        "max": 0.163125738502,
        "mean": 0.0272146109492,
        "median": 0.0277961026877,
        "min": 1.07827072204e-20,
        "var": 0.000423859339207
    },
    "spectral_energyband_high": {
        "dmean": 0.00143732444849,
        "dmean2": 0.00219427142292,
        "dvar": 7.13420558895e-06,
        "dvar2": 1.69140876096e-05,
        "max": 0.0360012277961,
        "mean": 0.00355101912282,
        "median": 0.00233272369951,
        "min": 7.63666712441e-21,
        "var": 1.63519362104e-05
    },
    "spectral_energyband_low": {
        "dmean": 0.00429700920358,
        "dmean2": 0.00676144752651,
        "dvar": 7.71452832851e-05,
        "dvar2": 0.000184677148354,
        "max": 0.123704902828,
        "mean": 0.0129882264882,
        "median": 0.0122473780066,
        "min": 5.25175754171e-23,
        "var": 0.000174441680429
    },
    "spectral_energyband_middle_high": {
        "dmean": 0.00234760949388,
        "dmean2": 0.00355667504482,
        "dvar": 1.08656204247e-05,
        "dvar2": 2.39491182583e-05,
        "max": 0.0570199117064,
        "mean": 0.00634183036163,
        "median": 0.00528864841908,
        "min": 1.75663475693e-21,
        "var": 3.29219037667e-05
    },
    "spectral_energyband_middle_low": {
        "dmean": 0.00304629374295,
        "dmean2": 0.00510578369722,
        "dvar": 5.66462658753e-05,
        "dvar2": 0.00015117249859,
        "max": 0.139581426978,
        "mean": 0.00488884793594,
        "median": 0.00334801571444,
        "min": 3.75957778834e-22,
        "var": 4.96670254506e-05
    },
    "spectral_entropy": {
        "dmean": 0.128271445632,
        "dmean2": 0.189496561885,
        "dvar": 0.020425722003,
        "dvar2": 0.0431909672916,
        "max": 9.795378685,
        "mean": 8.03217792511,
        "median": 8.16532325745,
        "min": 5.88928413391,
        "var": 0.183496251702
    },
    "spectral_flux": {
        "dmean": 0.0205516908318,
        "dmean2": 0.0301473196596,
        "dvar": 0.000829263473861,
        "dvar2": 0.00143696705345,
        "max": 0.375029295683,
        "mean": 0.0868744328618,
        "median": 0.0815204381943,
        "min": 1.03839811749e-10,
        "var": 0.00291053508408
    },
    "spectral_kurtosis": {
        "dmean": 1.14119207859,
        "dmean2": 1.8037238121,
        "dvar": 3.07649517059,
        "dvar2": 8.13323974609,
        "max": 45.1957244873,
        "mean": 3.76141023636,
        "median": 2.81729221344,
        "min": -1.19943141937,
        "var": 11.5075139999
    },
    "spectral_rms": {
        "dmean": 0.000604972941801,
        "dmean2": 0.000892537645996,
        "dvar": 6.43630414743e-07,
        "dvar2": 1.38635903113e-06,
        "max": 0.0126153500751,
        "mean": 0.00464249961078,
        "median": 0.00520750880241,
        "min": 3.24341096515e-12,
        "var": 4.99812813359e-06
    },
    "spectral_rolloff": {
        "dmean": 1037.05322266,
        "dmean2": 1673.65258789,
        "dvar": 1868708,
        "dvar2": 4202979,
        "max": 18669.2871094,
        "mean": 3202.01123047,
        "median": 2906.98242188,
        "min": 43.06640625,
        "var": 4630458.5
    },
    "spectral_skewness": {
        "dmean": 0.175606444478,
        "dmean2": 0.266755521297,
        "dvar": 0.0366128347814,
        "dvar2": 0.0835472717881,
        "max": 4.59240436554,
        "mean": 1.38544166088,
        "median": 1.29780960083,
        "min": 0.0233299825341,
        "var": 0.200897812843
    },
    "spectral_spread": {
        "dmean": 584457.9375,
        "dmean2": 862859.5,
        "dvar": 506462076928,
        "dvar2": 932226203648,
        "max": 40273968,
        "mean": 5436113,
        "median": 5685562,
        "min": 1093298.125,
        "var": 2.80187423949e+12
    },
    "spectral_strongpeak": {
        "dmean": 0.232257604599,
        "dmean2": 0.396972477436,
        "dvar": 0.340941727161,
        "dvar2": 0.935885131359,
        "max": 15.9039335251,
        "mean": 0.443254053593,
        "median": 0.286104500294,
        "min": 0,
        "var": 0.380394458771
    },
    "zerocrossingrate": {
        "dmean": 0.0170385818928,
        "dmean2": 0.019891217351,
        "dvar": 0.000321170693496,
        "dvar2": 0.000421644130256,
        "max": 0.4873046875,
        "mean": 0.106187880039,
        "median": 0.103515625,
        "min": 0.00244140625,
        "var": 0.00266320537776
    },
    "barkbands": {
        "dmean": [0.000407628162066, 0.00348629057407, 0.00165478547569, 0.00130475091282, 0.00102374108974, 0.000536023173481, 0.000357309181709, 0.000347465800587, 0.00053908402333, 0.000339574238751, 0.000424509111326, 0.000406556442613, 0.00036766147241, 0.000332145747961, 0.000351441645762, 0.000356983771781, 0.00047886162065, 0.000505867763422, 0.000356274831574, 0.000282921508187, 0.000326157081872, 0.000307610054733, 0.000273799203569, 0.000289086339762, 0.000237194093643, 0.000151031345013, 5.86781789025e-05],
        "dmean2": [0.00056288583437, 0.00541083002463, 0.00286733359098, 0.00234744069166, 0.00177760049701, 0.000859597465023, 0.000584784778766, 0.00057850999292, 0.000872173055541, 0.000554825004656, 0.000694959482644, 0.000667227024678, 0.000607850612141, 0.000551568053197, 0.000582238892093, 0.00057588040363, 0.000777848472353, 0.000814325932879, 0.000566882023122, 0.00047124127741, 0.000525459472556, 0.000488650228363, 0.00043423534953, 0.000459270289866, 0.000372839160264, 0.000237501299125, 9.73526039161e-05],
        "dvar": [5.61247077258e-07, 4.29669962614e-05, 3.37172314175e-05, 2.01407583518e-05, 9.13052917895e-06, 1.93308164853e-06, 5.54260111585e-07, 5.55966096272e-07, 8.12408529782e-07, 4.41653924099e-07, 5.60891635359e-07, 5.05029106534e-07, 5.10806273724e-07, 4.07652777312e-07, 3.47868962081e-07, 4.27491443133e-07, 6.95820119745e-07, 6.82352492731e-07, 2.86616682388e-07, 1.89589172805e-07, 2.96045016057e-07, 3.4692672557e-07, 3.02128199792e-07, 3.87741124541e-07, 2.31549762475e-07, 7.41363450629e-08, 1.46016017055e-08],
        "dvar2": [9.48691649683e-07, 9.8885888292e-05, 9.1507587058e-05, 5.54790603928e-05, 2.45265109697e-05, 4.67035533802e-06, 1.42169176343e-06, 1.43452132306e-06, 1.97006215785e-06, 1.07766970814e-06, 1.40376823765e-06, 1.27378609704e-06, 1.31234139644e-06, 1.03416357433e-06, 8.86434690983e-07, 1.01785906281e-06, 1.67719872479e-06, 1.64169193795e-06, 6.80310222378e-07, 4.92932201723e-07, 7.27560177438e-07, 8.72615316894e-07, 7.28331656319e-07, 9.52234984197e-07, 5.54962412025e-07, 1.7786079809e-07, 4.02040818415e-08],
        "max": [0.0103004910052, 0.0766395479441, 0.0740205347538, 0.0749999657273, 0.0681931376457, 0.0314151495695, 0.0126803331077, 0.0106347724795, 0.0148094613105, 0.0162594690919, 0.0142032122239, 0.0113362204283, 0.014589721337, 0.0139443995431, 0.00969483703375, 0.0332776047289, 0.0163288451731, 0.0124960048124, 0.00972527824342, 0.00692588090897, 0.00863226875663, 0.0144326081499, 0.0111744720489, 0.0131396902725, 0.00864815991372, 0.00328977848403, 0.00143076432869],
        "mean": [0.00134588079527, 0.00959801208228, 0.00155358260963, 0.00110196019523, 0.00111992913298, 0.000815487408545, 0.000511438003741, 0.000441808137111, 0.000792884500697, 0.000466932571726, 0.000595598074142, 0.000602278334554, 0.000527955242433, 0.000468539743451, 0.000544986920431, 0.000590559327975, 0.000781120790634, 0.000879127415828, 0.000649548601359, 0.000569024472497, 0.0006402443978, 0.000589445582591, 0.000521617184859, 0.000544349197298, 0.000517452019267, 0.000352039991412, 9.28474619286e-05],
        "median": [0.000235401734244, 0.00708511285484, 0.000210762125789, 0.000205187563552, 0.000364706618711, 0.000336163298925, 0.0001863995858, 0.000170038882061, 0.000378953409381, 0.000223975395784, 0.000272099627182, 0.000261892098933, 0.00022647305741, 0.000212658807868, 0.000300246669212, 0.000309725350235, 0.000459774804767, 0.000537118932698, 0.000462603784399, 0.000409493397456, 0.000434156681877, 0.000370974041289, 0.000285238056676, 0.000276139820926, 0.000257083622273, 0.000157822796609, 1.54652825586e-05],
        "min": [9.20431465729e-24, 3.74560497912e-23, 2.82932339507e-24, 4.63475187796e-24, 4.42730954333e-23, 1.10961768152e-22, 5.74402631032e-23, 3.91867411975e-23, 9.46850370113e-23, 5.29781313462e-23, 9.90343111717e-23, 2.6914738173e-23, 7.55219458601e-23, 1.63890863904e-22, 1.45802106643e-22, 1.27587737481e-22, 1.67093664423e-22, 3.33568861896e-22, 3.01823559213e-22, 4.40775891953e-22, 3.86585944038e-22, 4.28530650246e-22, 9.04448793535e-22, 9.91561554717e-22, 1.28595030816e-21, 1.54358314164e-21, 2.18120338167e-21],
        "var": [3.46337924384e-06, 0.000108120380901, 2.63907786575e-05, 1.39648955155e-05, 7.30921283321e-06, 2.55198051491e-06, 8.14415272998e-07, 7.12896735422e-07, 1.42468422837e-06, 6.5035675334e-07, 8.94355025594e-07, 8.61165290189e-07, 7.88103648119e-07, 5.86518240198e-07, 5.80168375564e-07, 1.00774207112e-06, 1.14780266358e-06, 1.27377086301e-06, 5.29617295797e-07, 3.74957608074e-07, 5.65364018712e-07, 5.61604053928e-07, 5.20839535056e-07, 6.26122186986e-07, 4.64501596298e-07, 1.90199472172e-07, 2.21418066104e-08]
    },
    "erbbands": {
        "dmean": [0.13222810626, 0.739333212376, 1.68812227249, 3.36432170868, 4.18910837173, 2.95949721336, 4.06637239456, 4.271692276, 4.22812795639, 5.828083992, 9.15345668793, 11.2946825027, 10.4674186707, 13.8498411179, 14.2956609726, 15.3715724945, 15.779296875, 16.2200698853, 14.9633150101, 17.946182251, 20.0324954987, 26.8254737854, 26.2293567657, 23.5729999542, 14.8635826111, 12.6386785507, 13.321764946, 13.1160469055, 11.2086772919, 9.59638977051, 7.77389669418, 6.47624969482, 4.60193538666, 2.94630503654, 1.68936371803, 0.736954450607, 0.280498385429, 0.0843527168036, 0.00941396038979, 0.000134062793222],
        "dmean2": [0.200513735414, 1.16028285027, 2.79804039001, 6.03534984589, 7.29940652847, 5.10533332825, 6.57770347595, 7.01672935486, 6.96337461472, 9.64434051514, 15.0178604126, 18.3815898895, 17.0596790314, 22.3026847839, 23.3330230713, 24.906578064, 25.7445831299, 26.7974758148, 24.2530059814, 29.2961158752, 32.1001777649, 43.2342376709, 41.9315376282, 37.2150802612, 24.133272171, 20.9394741058, 21.8393306732, 20.9375591278, 17.8177642822, 15.3091268539, 12.3894805908, 10.2047624588, 7.49144935608, 4.67851305008, 2.66073107719, 1.16023290157, 0.446648895741, 0.13677482307, 0.0156069602817, 0.000218004002818],
        "dvar": [0.0516076423228, 2.72305011749, 31.4904613495, 131.270462036, 227.55267334, 64.1896972656, 91.336807251, 137.440643311, 78.4987258911, 173.398803711, 290.031036377, 418.729766846, 408.284912109, 527.941772461, 804.079223633, 746.91595459, 909.092346191, 1019.92944336, 723.565673828, 985.712646484, 1436.67248535, 2204.29199219, 1839.97790527, 1544.84741211, 450.04498291, 402.990203857, 513.860412598, 495.610198975, 418.87121582, 358.92376709, 254.069473267, 187.276290894, 112.047683716, 35.5010070801, 11.143491745, 1.75435733795, 0.268356382847, 0.0273691210896, 0.00036248730612, 6.65715234049e-08],
        "dvar2": [0.116125360131, 6.11779642105, 82.2537765503, 371.973388672, 585.891784668, 175.905105591, 219.097076416, 354.315124512, 204.036193848, 459.046875, 744.680175781, 1010.62902832, 1004.64929199, 1263.81970215, 2031.97949219, 1890.72949219, 2320.89257812, 2617.69848633, 1758.41052246, 2468.1184082, 3472.0390625, 5350.77929688, 4411.33837891, 3580.97485352, 1148.08007812, 1050.31054688, 1308.5501709, 1205.2265625, 1036.0703125, 891.83404541, 622.89251709, 445.055328369, 286.580627441, 85.3195343018, 27.0627250671, 4.25221443176, 0.660489022732, 0.0718955397606, 0.0010004498763, 1.78923045269e-07],
        "max": [2.6892721653, 20.5136451721, 75.1670608521, 122.869361877, 394.043548584, 122.734176636, 179.48298645, 302.538208008, 180.450637817, 244.14074707, 250.777481079, 343.641662598, 741.522033691, 537.106811523, 690.167602539, 542.897094727, 621.609558105, 778.866882324, 787.344299316, 1097.56555176, 1724.7286377, 1049.70727539, 710.278015137, 738.590515137, 364.821563721, 373.610656738, 534.305969238, 404.750091553, 378.925048828, 484.78012085, 403.741668701, 259.613250732, 354.33996582, 116.134384155, 57.1724777222, 22.8507804871, 7.11023664474, 1.93674862385, 0.242918610573, 0.00325586181134],
        "mean": [0.424714148045, 1.55668663979, 1.92419314384, 2.94991755486, 4.0144200325, 3.34240865707, 5.58560276031, 6.30015611649, 6.23747730255, 8.32457447052, 12.6862230301, 16.5060806274, 15.3665218353, 21.3924999237, 21.5761947632, 23.8466281891, 24.2766151428, 24.3703098297, 25.0226421356, 30.7313117981, 34.8275642395, 45.9959449768, 46.884349823, 42.7502593994, 29.4444694519, 25.6708049774, 25.4408054352, 25.2678966522, 21.3273353577, 18.0396366119, 14.5473794937, 11.7077913284, 8.75686645508, 6.01222848892, 3.55878543854, 1.66484642029, 0.618092060089, 0.167724475265, 0.0149587122723, 0.000268170580966],
        "median": [0.337525606155, 0.645018935204, 0.403632044792, 0.661493301392, 0.993238151073, 1.06140184402, 2.12263441086, 2.46198034286, 2.7037062645, 3.30951499939, 5.62759923935, 7.9878988266, 7.94217395782, 11.542766571, 9.93656539917, 10.5298976898, 11.308391571, 12.0398578644, 14.1037902832, 17.2859191895, 20.0087928772, 28.0743293762, 29.5412864685, 27.383731842, 22.9003276825, 18.5412025452, 18.360496521, 16.0721969604, 13.3394498825, 10.4597187042, 7.9372677803, 5.86974525452, 4.57467937469, 2.98651838303, 1.73632597923, 0.778628706932, 0.263802289963, 0.0535663738847, 0.00274252239615, 0.000101113560959],
        "min": [1.79350245532e-21, 5.43269042649e-21, 4.93210963879e-21, 1.25629251066e-20, 4.16228430819e-20, 1.2700599626e-19, 6.7061098733e-19, 7.80435860656e-19, 8.28073450627e-19, 1.04553096186e-18, 9.45801931308e-19, 2.70418163543e-18, 1.95364344253e-18, 1.75918899695e-18, 3.79987624176e-18, 1.44736351612e-18, 3.04813656902e-18, 8.59773017613e-18, 8.44105720503e-18, 6.98317122774e-18, 7.11310310399e-18, 9.85256233819e-18, 1.75652481364e-17, 1.63443460959e-17, 1.63066547841e-17, 2.21480471056e-17, 1.58259586234e-17, 1.5898671108e-17, 1.49991353529e-17, 2.67735170139e-17, 2.08523861357e-17, 1.91112983321e-17, 1.64526753232e-17, 1.42529737726e-17, 1.0251485905e-17, 5.51203588498e-18, 2.8040976088e-18, 1.16067191819e-18, 2.69247237687e-19, 3.37461837199e-20],
        "var": [0.185830622911, 5.2374997139, 28.0395793915, 85.4732818604, 183.837493896, 53.651184082, 128.633758545, 161.438568115, 105.541389465, 230.146118164, 416.113800049, 707.940490723, 587.474914551, 946.860778809, 1258.33349609, 1312.70556641, 1488.51293945, 1383.84631348, 1280.5279541, 1966.14538574, 3098.98461914, 3718.44677734, 3456.64746094, 2945.20898438, 863.500976562, 760.269348145, 877.704040527, 944.584350586, 719.250061035, 598.461669922, 416.514923096, 315.249053955, 159.666900635, 67.6111679077, 21.9592914581, 4.25786352158, 0.626225650311, 0.0544922538102, 0.000565192429349, 1.28524959564e-07]
    },
    "gfcc": {
        "mean": [10.1178216934, 32.2711524963, -114.681419373, 31.6013298035, -49.8720359802, 17.8868465424, -31.4908733368, 19.2037506104, -22.6976909637, 7.24846363068, -15.735162735, 8.16021060944, -11.3054456711],
        "cov": [[17056.9902344, -3424.33007812, 1670.92626953, 1010.60424805, 687.72277832, 1000.01959229, 514.261962891, 729.219482422, 293.7862854, 523.139587402, 21.9068431854, 534.081237793, 11.5551586151], [-3424.33007812, 2058.28393555, -234.691116333, -86.6787261963, -0.722599685192, -297.543670654, -118.995414734, -108.434188843, -8.75098896027, -182.667999268, 83.7540893555, -134.066131592, 26.0465450287], [1670.92626953, -234.691116333, 1354.25195312, 588.5625, 359.909088135, 422.700195312, 269.241271973, 163.846588135, 65.2183151245, 95.51171875, -76.7901000977, 21.5559024811, -93.8026733398], [1010.60424805, -86.6787261963, 588.5625, 580.512939453, 229.938919067, 224.048446655, 127.343032837, 118.392784119, 54.9459533691, 64.3148727417, -18.4776000977, 22.3240280151, -29.9360733032], [687.72277832, -0.722599685192, 359.909088135, 229.938919067, 464.059875488, 294.370880127, 167.4480896, 140.463363647, 55.3724060059, 22.5269832611, -5.99947690964, 6.04548597336, -41.1340026855], [1000.01959229, -297.543670654, 422.700195312, 224.048446655, 294.370880127, 466.306549072, 272.334625244, 143.798568726, 49.1424942017, 70.4305648804, -30.596364975, 12.6546936035, -40.9551582336], [514.261962891, -118.995414734, 269.241271973, 127.343032837, 167.4480896, 272.334625244, 312.390197754, 136.326004028, 77.1422195435, 69.9710693359, 7.63814878464, 30.4500389099, 3.77576208115], [729.219482422, -108.434188843, 163.846588135, 118.392784119, 140.463363647, 143.798568726, 136.326004028, 216.641143799, 84.2553253174, 45.8377494812, 20.9587402344, 33.4283485413, -7.79841423035], [293.7862854, -8.75098896027, 65.2183151245, 54.9459533691, 55.3724060059, 49.1424942017, 77.1422195435, 84.2553253174, 145.24269104, 86.0642929077, 39.7231483459, 32.478302002, 34.3632049561], [523.139587402, -182.667999268, 95.51171875, 64.3148727417, 22.5269832611, 70.4305648804, 69.9710693359, 45.8377494812, 86.0642929077, 145.9584198, 50.3609733582, 54.7916946411, 36.7307701111], [21.9068431854, 83.7540893555, -76.7901000977, -18.4776000977, -5.99947690964, -30.596364975, 7.63814878464, 20.9587402344, 39.7231483459, 50.3609733582, 117.648353577, 68.2211914062, 54.1513824463], [534.081237793, -134.066131592, 21.5559024811, 22.3240280151, 6.04548597336, 12.6546936035, 30.4500389099, 33.4283485413, 32.478302002, 54.7916946411, 68.2211914062, 124.872268677, 70.0267181396], [11.5551586151, 26.0465450287, -93.8026733398, -29.9360733032, -41.1340026855, -40.9551582336, 3.77576208115, -7.79841423035, 34.3632049561, 36.7307701111, 54.1513824463, 70.0267181396, 118.053283691]],
        "icov": [[0.000119151969557, 0.000159864648595, -6.19151833234e-05, -5.59048676223e-05, -5.3430605476e-05, -2.95441896014e-05, 0.000124864687677, -0.000207109915209, -3.25334694935e-05, -1.50062496687e-05, 6.71743373459e-06, -0.000290083466098, 2.62802186626e-05], [0.000159864648595, 0.00111724389717, -0.000231573052588, -0.000193622792722, -0.000440013740445, 0.00065286050085, -0.000228097414947, 0.000159658462508, -0.000668942055199, 0.0015291585587, -0.00181599578355, 0.00145453156438, -0.00071509112604], [-6.19151833234e-05, -0.000231573052588, 0.00176876049954, -0.00123297446407, -0.000169253733475, -0.000385435589124, -0.000519881781656, 0.000330854876665, 8.15411549411e-05, -0.000735359673854, 0.00137363839895, -0.00112727330998, 0.00123935344163], [-5.59048676223e-05, -0.000193622792722, -0.00123297446407, 0.00339969946072, -0.000498421140946, -0.000291172997095, 0.000619216822088, -0.00065898016328, 0.000132400629809, -0.000697140698321, 0.000243368427618, 6.72663081787e-05, -0.000380590296118], [-5.3430605476e-05, -0.000440013740445, -0.000169253733475, -0.000498421140946, 0.00454556476325, -0.0028198629152, 0.000666530162562, -0.000883147702552, -0.000995067297481, 0.001347548794, -0.000603121705353, -0.00041567106382, 0.000760941940825], [-2.95441896014e-05, 0.00065286050085, -0.000385435589124, -0.000291172997095, -0.0028198629152, 0.00772601226345, -0.00466866698116, -7.38937160349e-05, 0.00173575303052, -0.00148267846089, 0.000691348628607, 0.00111002090853, 0.000301472115098], [0.000124864687677, -0.000228097414947, -0.000519881781656, 0.000619216822088, 0.000666530162562, -0.00466866698116, 0.00839366391301, -0.00245218444616, -0.00128044351004, -0.000547746603843, 0.000180623173947, -0.000586109701544, -0.00122786918655], [-0.000207109915209, 0.000159658462508, 0.000330854876665, -0.00065898016328, -0.000883147702552, -7.38937160349e-05, -0.00245218444616, 0.00933287944645, -0.00459376256913, 0.00248405477032, -0.0014603366144, -0.00115352997091, 0.00236081145704], [-3.25334694935e-05, -0.000668942055199, 8.15411549411e-05, 0.000132400629809, -0.000995067297481, 0.00173575303052, -0.00128044351004, -0.00459376256913, 0.0151376575232, -0.00859589222819, 0.000667595595587, 0.00190965458751, -0.00292870588601], [-1.50062496687e-05, 0.0015291585587, -0.000735359673854, -0.000697140698321, 0.001347548794, -0.00148267846089, -0.000547746603843, 0.00248405477032, -0.00859589222819, 0.0170241110027, -0.00657405983657, 0.000424354861025, -0.000991126522422], [6.71743373459e-06, -0.00181599578355, 0.00137363839895, 0.000243368427618, -0.000603121705353, 0.000691348628607, 0.000180623173947, -0.0014603366144, 0.000667595595587, -0.00657405983657, 0.0193453989923, -0.0100443381816, 0.00041604906437], [-0.000290083466098, 0.00145453156438, -0.00112727330998, 6.72663081787e-05, -0.00041567106382, 0.00111002090853, -0.000586109701544, -0.00115352997091, 0.00190965458751, 0.000424354861025, -0.0100443381816, 0.0217475891113, -0.00996911898255], [2.62802186626e-05, -0.00071509112604, 0.00123935344163, -0.000380590296118, 0.000760941940825, 0.000301472115098, -0.00122786918655, 0.00236081145704, -0.00292870588601, -0.000991126522422, 0.00041604906437, -0.00996911898255, 0.0169626548886]]
    },
    "melbands": {
        "dmean": [0.00104542251211, 0.000821780820843, 0.000607205496635, 0.000253413571045, 0.000131782624521, 9.6037532785e-05, 6.71667075949e-05, 6.47905108053e-05, 8.18540502223e-05, 7.34633795219e-05, 5.40738292329e-05, 5.61101951462e-05, 5.06154065079e-05, 4.51094056189e-05, 4.31350672443e-05, 3.71680034732e-05, 3.16544537782e-05, 2.48406886385e-05, 3.01050549751e-05, 2.44030525209e-05, 2.46118524956e-05, 3.03620035993e-05, 2.59120752162e-05, 2.44894308707e-05, 2.02626943064e-05, 1.28391729959e-05, 1.08665572043e-05, 8.87117130333e-06, 8.92574371392e-06, 8.45568047225e-06, 7.91967522673e-06, 7.03485147824e-06, 5.99459644945e-06, 5.50707227376e-06, 4.64589584226e-06, 4.74709258924e-06, 3.94513244828e-06, 3.64120091945e-06, 2.86976091957e-06, 2.62779531113e-06],
        "dmean2": [0.0015930251684, 0.00128140405286, 0.00107059348375, 0.000440754956799, 0.0002153270907, 0.000156646696269, 0.000110360997496, 0.000107347252197, 0.000133537425427, 0.000119442855066, 8.82744789124e-05, 9.05444758246e-05, 8.29306081869e-05, 7.42493211874e-05, 7.06907667336e-05, 6.14805467194e-05, 5.28565142304e-05, 4.048640767e-05, 5.01107970194e-05, 3.98922347813e-05, 3.97670228267e-05, 4.93703410029e-05, 4.1817962483e-05, 3.95162423956e-05, 3.22500673064e-05, 2.08319470403e-05, 1.80623610504e-05, 1.4853922039e-05, 1.48761109813e-05, 1.38290834002e-05, 1.27678540593e-05, 1.13676469482e-05, 9.57799420576e-06, 8.86788984644e-06, 7.49391574573e-06, 7.65868207964e-06, 6.22627658231e-06, 6.00595467404e-06, 4.67637437396e-06, 4.1869202505e-06],
        "dvar": [3.28099190483e-06, 5.38103631698e-06, 4.13661018683e-06, 6.29800808838e-07, 9.0699188604e-08, 6.66163089136e-08, 1.88369604359e-08, 2.09314876543e-08, 2.16066720071e-08, 1.81172428171e-08, 1.08677564725e-08, 8.87175399811e-09, 9.657624922e-09, 7.11651892971e-09, 6.2966614145e-09, 5.63795499176e-09, 3.95885990656e-09, 2.37961983451e-09, 2.61568944282e-09, 2.34183272774e-09, 2.18328288781e-09, 3.01620106669e-09, 2.15963447125e-09, 1.6107238876e-09, 1.19387388864e-09, 3.85326381913e-10, 2.608584182e-10, 2.09818121211e-10, 2.3466686927e-10, 2.00199384848e-10, 1.93547886052e-10, 1.56716001287e-10, 1.67490882275e-10, 1.12328785162e-10, 8.7633872381e-11, 1.05951497575e-10, 6.7299020523e-11, 6.94159174586e-11, 3.79222278579e-11, 2.99176620977e-11],
        "dvar2": [7.66260382079e-06, 1.3102657249e-05, 1.13426494863e-05, 1.6780218175e-06, 2.23030994562e-07, 1.69258768778e-07, 4.87761617762e-08, 5.5232330709e-08, 5.48760823449e-08, 4.33626219376e-08, 2.66937618676e-08, 2.13310258346e-08, 2.44455442555e-08, 1.7858360124e-08, 1.60357167545e-08, 1.43703733357e-08, 1.02416102266e-08, 5.84362380707e-09, 6.7268044468e-09, 5.9670477448e-09, 5.30296562218e-09, 7.50506767844e-09, 5.28319876736e-09, 3.92272747618e-09, 2.79794565294e-09, 9.80437953046e-10, 6.78773481866e-10, 5.60021973239e-10, 6.16562634281e-10, 4.98750152289e-10, 4.81984230305e-10, 3.97038735223e-10, 4.39332542568e-10, 2.77533496185e-10, 2.18592519086e-10, 2.62936700191e-10, 1.58254909177e-10, 1.80355036461e-10, 9.61024523849e-11, 7.34593497143e-11],
        "max": [0.0196081586182, 0.0313838198781, 0.0313904806972, 0.0184675715864, 0.00481319334358, 0.00644242065027, 0.00232281349599, 0.0025637075305, 0.00207422743551, 0.00228551402688, 0.00363044021651, 0.0023095025681, 0.00222395942546, 0.00158926495351, 0.00178947951645, 0.00165341095999, 0.00142657675315, 0.00156815862283, 0.000963930040598, 0.00252788746729, 0.00179580471013, 0.00141918135341, 0.000892620068043, 0.0006770552136, 0.00068947050022, 0.000397537660319, 0.000224854433327, 0.000269582204055, 0.00031645069248, 0.000228582051932, 0.000329513248289, 0.000256775092566, 0.000506297044922, 0.000202307623113, 0.000257713254541, 0.000154611334438, 0.000188284786418, 0.000245713687036, 0.000169702398125, 0.000125803839182],
        "mean": [0.00319555983879, 0.00135731697083, 0.00055835058447, 0.000264067930402, 0.00018005783204, 0.000144432342495, 0.000100082863355, 9.09486116143e-05, 0.00011147758778, 0.000106268860691, 7.59768590797e-05, 8.45143586048e-05, 7.42124175304e-05, 6.51408772683e-05, 6.06900466664e-05, 5.23557864653e-05, 4.41471202066e-05, 3.78452095902e-05, 4.54229739262e-05, 3.89642555092e-05, 3.9978465793e-05, 4.7776295105e-05, 4.349835217e-05, 4.11085129599e-05, 3.44604668499e-05, 2.25469029829e-05, 1.97319750441e-05, 1.62902506418e-05, 1.57765025506e-05, 1.52905449795e-05, 1.42361086546e-05, 1.22575647765e-05, 1.07922314783e-05, 9.67891355685e-06, 8.34137426864e-06, 7.93507115304e-06, 6.79130198478e-06, 6.32839100945e-06, 5.36182233191e-06, 5.01038994116e-06],
        "median": [0.00266620656475, 0.00046382076107, 0.000136478935019, 7.6922486187e-05, 7.19999952707e-05, 5.96945901634e-05, 4.20168980781e-05, 3.54702060577e-05, 4.66506717203e-05, 4.91239188705e-05, 3.61759957741e-05, 4.3799103878e-05, 3.42689090758e-05, 2.56001494563e-05, 2.49838813033e-05, 2.2162525056e-05, 2.0562652935e-05, 1.80602946784e-05, 2.43024333031e-05, 1.96744076675e-05, 2.11899459828e-05, 2.71084754786e-05, 2.64581904048e-05, 2.47523603321e-05, 2.05693650059e-05, 1.60032177519e-05, 1.3236027371e-05, 1.09977063403e-05, 1.08038311737e-05, 9.87417843135e-06, 8.52481207403e-06, 7.37559957997e-06, 6.25580469205e-06, 5.27041265741e-06, 4.41200609202e-06, 3.85100111089e-06, 3.26463873535e-06, 3.2048014873e-06, 2.70728673968e-06, 2.37910307987e-06],
        "min": [1.32308744988e-23, 4.16968287559e-24, 2.62687821818e-24, 4.70800313503e-24, 1.93681650098e-23, 1.81313604836e-23, 1.37880374899e-23, 1.11430349952e-23, 7.34736290767e-24, 1.68651282902e-23, 9.36694701037e-24, 6.26174988484e-24, 1.2714436452e-23, 4.1088616998e-24, 5.46354649992e-24, 7.37440348178e-24, 1.73461441158e-23, 1.45423920414e-23, 8.84430851686e-24, 7.67337939827e-24, 8.81986013968e-24, 8.85583693013e-24, 1.21857970936e-23, 1.80989509222e-23, 1.24993472154e-23, 1.1826041811e-23, 1.41388912661e-23, 1.41285650768e-23, 1.00892469879e-23, 7.35508348935e-24, 1.09233041009e-23, 7.6380770839e-24, 9.44383097191e-24, 1.85127715758e-23, 1.07872674044e-23, 1.47345506693e-23, 1.0296166781e-23, 9.995673885e-24, 1.34316080448e-23, 1.11080498029e-23],
        "var": [1.01456935226e-05, 6.65607194605e-06, 2.92225013254e-06, 4.99305429003e-07, 1.19394954368e-07, 7.92781236214e-08, 2.66652389058e-08, 2.72598761342e-08, 3.26428128972e-08, 3.09875431981e-08, 1.5655741592e-08, 1.55529367163e-08, 1.48367051978e-08, 1.16648344317e-08, 9.9404839915e-09, 8.36438562857e-09, 5.03229369286e-09, 3.86404064301e-09, 4.27972146611e-09, 4.6299382106e-09, 4.28974633593e-09, 4.58598758968e-09, 3.49559226009e-09, 2.91901391947e-09, 2.13984163722e-09, 6.22280060814e-10, 4.98133423399e-10, 3.47096573705e-10, 3.62190333281e-10, 3.50107248748e-10, 3.32222915844e-10, 2.48511128342e-10, 2.28231003541e-10, 1.86227422372e-10, 1.40086928169e-10, 1.52403117903e-10, 1.13690744319e-10, 9.05367031345e-11, 5.95481094989e-11, 5.09643126312e-11]
    },
    "mfcc": {
        "mean": [-633.944824219, 70.6343154907, -5.43964862823, 18.8377323151, 5.73667955399, 3.31125116348, 5.38190841675, 9.56301403046, 4.07500648499, 2.25032329559, 3.08737874031, 3.19031572342, 0.0461394563317],
        "cov": [[14207.25, -1808.51416016, 429.433502197, 475.569885254, 515.253417969, 610.23034668, 426.774627686, 552.567504883, 506.953765869, 328.626251221, 301.388397217, 252.495407104, 244.88394165], [-1808.51416016, 1307.64245605, -140.16217041, 40.2323532104, 48.8179779053, -186.792053223, -57.3349723816, -33.1074447632, -107.881721497, -52.3747215271, -22.8619060516, -18.8881511688, -52.3628158569], [429.433502197, -140.16217041, 1018.65814209, 350.494781494, 211.923828125, 310.97555542, 209.79876709, 148.378158569, 162.620117188, 92.4677658081, 86.8782348633, 65.6068344116, 14.9198694229], [475.569885254, 40.2323532104, 350.494781494, 434.50982666, 191.622940063, 105.258239746, 67.1259689331, 83.9297561646, 68.3160858154, 46.7400131226, 54.0752487183, 34.786075592, 24.9409160614], [515.253417969, 48.8179779053, 211.923828125, 191.622940063, 396.325836182, 179.424789429, 158.374298096, 146.196807861, 95.8196258545, 59.3753433228, 74.4854507446, 40.3619537354, -9.25019073486], [610.23034668, -186.792053223, 310.97555542, 105.258239746, 179.424789429, 376.265899658, 227.075363159, 134.475372314, 153.918273926, 95.6646270752, 73.3611907959, 53.8526687622, 34.5225563049], [426.774627686, -57.3349723816, 209.79876709, 67.1259689331, 158.374298096, 227.075363159, 291.99005127, 187.672454834, 133.32371521, 75.7549972534, 79.7159118652, 57.8908348083, 10.5299968719], [552.567504883, -33.1074447632, 148.378158569, 83.9297561646, 146.196807861, 134.475372314, 187.672454834, 230.487472534, 130.055923462, 72.7032623291, 74.8579483032, 50.7716026306, 17.6831455231], [506.953765869, -107.881721497, 162.620117188, 68.3160858154, 95.8196258545, 153.918273926, 133.32371521, 130.055923462, 185.729064941, 107.254508972, 69.3851242065, 46.1656455994, 29.6913051605], [328.626251221, -52.3747215271, 92.4677658081, 46.7400131226, 59.3753433228, 95.6646270752, 75.7549972534, 72.7032623291, 107.254508972, 138.510452271, 75.3379745483, 40.9414863586, 26.2422161102], [301.388397217, -22.8619060516, 86.8782348633, 54.0752487183, 74.4854507446, 73.3611907959, 79.7159118652, 74.8579483032, 69.3851242065, 75.3379745483, 115.908737183, 58.0401725769, 16.7654132843], [252.495407104, -18.8881511688, 65.6068344116, 34.786075592, 40.3619537354, 53.8526687622, 57.8908348083, 50.7716026306, 46.1656455994, 40.9414863586, 58.0401725769, 91.2620391846, 44.9906845093], [244.88394165, -52.3628158569, 14.9198694229, 24.9409160614, -9.25019073486, 34.5225563049, 10.5299968719, 17.6831455231, 29.6913051605, 26.2422161102, 16.7654132843, 44.9906845093, 107.838264465]],
