{
"lowlevel": {
    "average_loudness": 0.918632626534,
    "barkbands_crest": {
        "dmean": 2.67146229744,
        "dmean2": 4.16349506378,
        "dvar": 9.34926986694,
        "dvar2": 20.4337596893,
        "max": 25.927696228,
        "mean": 9.34237957001,
        "median": 8.14838790894,
        "min": 2.3100912571,
        "var": 19.8813838959
    },
    "barkbands_flatness_db": {
        "dmean": 0.0227001421154,
        "dmean2": 0.0346322134137,
        "dvar": 0.00066773936851,
        "dvar2": 0.00148263771553,
        "max": 0.400230705738,
        "mean": 0.124700531363,
        "median": 0.105165407062,
        "min": 0.0134270573035,
        "var": 0.00452799815685
    },
    "barkbands_kurtosis": {
        "dmean": 3.0168132782,
        "dmean2": 4.98534250259,
        "dvar": 50.7650680542,
        "dvar2": 132.934616089,
        "max": 171.402435303,
        "mean": 3.20347332954,
        "median": 0.41158080101,
        "min": -1.93778181076,
        "var": 67.0815887451
    },
    "barkbands_skewness": {
        "dmean": 0.615790188313,
        "dmean2": 0.949989974499,
        "dvar": 0.667171597481,
        "dvar2": 1.53016209602,
        "max": 11.2580661774,
        "mean": 1.29074883461,
        "median": 1.05233633518,
        "min": -4.63194274902,
        "var": 1.69591641426
    },
    "barkbands_spread": {
        "dmean": 6.57402324677,
        "dmean2": 10.2742576599,
        "dvar": 70.7635116577,
        "dvar2": 158.176727295,
        "max": 101.385780334,
        "mean": 28.8689193726,
        "median": 29.000038147,
        "min": 1.1088347435,
        "var": 256.648101807
    },
    "dissonance": {
        "dmean": 0.0146775627509,
        "dmean2": 0.0248091053218,
        "dvar": 0.000279231957393,
        "dvar2": 0.000787688652053,
        "max": 0.499999940395,
        "mean": 0.471485555172,
        "median": 0.479447931051,
        "min": 0.199789941311,
        "var": 0.000709394516889
    },
    "dynamic_complexity": 3.81830883026,
    "erbbands_crest": {
        "dmean": 2.58482551575,
        "dmean2": 4.19548845291,
        "dvar": 6.71123361588,
        "dvar2": 16.4074821472,
        "max": 31.6320590973,
        "mean": 8.63741970062,
        "median": 7.64943218231,
        "min": 2.32824683189,
        "var": 18.4117794037
    },
    "erbbands_flatness_db": {
        "dmean": 0.0161538384855,
        "dmean2": 0.0229978784919,
        "dvar": 0.000326364446664,
        "dvar2": 0.000600657425821,
        "max": 0.495481073856,
        "mean": 0.149968087673,
        "median": 0.127176985145,
        "min": 0.0484981350601,
        "var": 0.0048952260986
    },
    "erbbands_kurtosis": {
        "dmean": 0.760425567627,
        "dmean2": 1.19175493717,
        "dvar": 1.49108040333,
        "dvar2": 3.30522084236,
        "max": 45.9877090454,
        "mean": 0.206235155463,
        "median": -0.316108226776,
        "min": -1.75685966015,
        "var": 3.49477982521
    },
    "erbbands_skewness": {
        "dmean": 0.335297614336,
        "dmean2": 0.519994139671,
        "dvar": 0.116434141994,
        "dvar2": 0.261774808168,
        "max": 6.3354716301,
        "mean": 0.0300165601075,
        "median": -0.0437066033483,
        "min": -2.97433257103,
        "var": 0.538822174072
    },
    "erbbands_spread": {
        "dmean": 8.90692996979,
        "dmean2": 13.3749332428,
        "dvar": 109.003562927,
        "dvar2": 223.900527954,
        "max": 148.874389648,
        "mean": 42.0245170593,
        "median": 39.4477462769,
        "min": 3.03816461563,
        "var": 440.036560059
    },
    "hfc": {
        "dmean": 5.8344335556,
        "dmean2": 8.88455963135,
        "dvar": 78.6647262573,
        "dvar2": 181.136734009,
        "max": 123.824279785,
        "mean": 24.1377429962,
        "median": 22.6887359619,
        "min": 1.1071605373e-16,
        "var": 338.833190918
    },
    "melbands_crest": {
        "dmean": 3.38944840431,
        "dmean2": 5.39949369431,
        "dvar": 15.7776851654,
        "dvar2": 33.4985771179,
        "max": 32.8086051941,
        "mean": 13.8660402298,
        "median": 12.4549617767,
        "min": 1.64733684063,
        "var": 34.477809906
    },
    "melbands_flatness_db": {
        "dmean": 0.0279677305371,
        "dmean2": 0.0422404296696,
        "dvar": 0.00124431739096,
        "dvar2": 0.00270818336867,
        "max": 0.517338573933,
        "mean": 0.179424911737,
        "median": 0.160132005811,
        "min": 0.00223871087655,
        "var": 0.00637369416654
    },
    "melbands_kurtosis": {
        "dmean": 9.20481681824,
        "dmean2": 14.9627056122,
        "dvar": 418.571594238,
        "dvar2": 1061.78442383,
        "max": 385.532043457,
        "mean": 13.1873674393,
        "median": 5.69655323029,
        "min": -1.70477390289,
        "var": 499.507537842
    },
    "melbands_skewness": {
        "dmean": 0.897710323334,
        "dmean2": 1.38486111164,
        "dvar": 1.598133564,
        "dvar2": 3.55861735344,
        "max": 15.4395666122,
        "mean": 2.61143422127,
        "median": 2.23361563683,
        "min": -2.40167760849,
        "var": 3.60720157623
    },
    "melbands_spread": {
        "dmean": 9.37149906158,
        "dmean2": 14.5906448364,
        "dvar": 160.427658081,
        "dvar2": 345.630004883,
        "max": 201.140472412,
        "mean": 31.4185791016,
        "median": 27.7413101196,
        "min": 0.76798671484,
        "var": 499.711883545
    },
    "pitch_salience": {
        "dmean": 0.0797468423843,
        "dmean2": 0.125547558069,
        "dvar": 0.00844087544829,
        "dvar2": 0.0192656833678,
        "max": 0.94848293066,
        "mean": 0.551723003387,
        "median": 0.563973784447,
        "min": 0.0974812433124,
        "var": 0.0168547295034
    },
    "silence_rate_20dB": {
        "dmean": 0,
        "dmean2": 0,
        "dvar": 0,
        "dvar2": 0,
        "max": 1,
        "mean": 1,
        "median": 1,
        "min": 1,
        "var": 0
    },
    "silence_rate_30dB": {
        "dmean": 0.0305399466306,
        "dmean2": 0.0610873550177,
        "dvar": 0.0296057965606,
        "dvar2": 0.0725025236607,
        "max": 1,
        "mean": 0.976181745529,
        "median": 1,
        "min": 0,
        "var": 0.0232496578246
    },
    "silence_rate_60dB": {
        "dmean": 0.0180796477944,
        "dmean2": 0.036163713783,
        "dvar": 0.0177505761385,
        "dvar2": 0.0392577834427,
        "max": 1,
        "mean": 0.0949065610766,
        "median": 0,
        "min": 0,
        "var": 0.0859124884009
    },
    "spectral_centroid": {
        "dmean": 291.775695801,
        "dmean2": 448.300598145,
        "dvar": 138457.734375,
        "dvar2": 293333.09375,
        "max": 11301.5986328,
        "mean": 1682.15808105,
        "median": 1747.43701172,
        "min": 193.928100586,
        "var": 590292.9375
    },
    "spectral_complexity": {
        "dmean": 3.85023212433,
        "dmean2": 6.08332300186,
        "dvar": 23.6964225769,
        "dvar2": 53.332118988,
        "max": 57,
        "mean": 19.3716869354,
        "median": 20,
        "min": 0,
        "var": 114.537338257
    },
    "spectral_decrease": {
        "dmean": 2.71952527164e-09,
        "dmean2": 4.1653467342e-09,
        "dvar": 3.00088553089e-17,
        "dvar2": 6.38844821965e-17,
        "max": 1.06273693037e-28,
        "mean": -6.41470920826e-09,
        "median": -4.42660841316e-09,
        "min": -4.547700172e-08,
        "var": 5.09291231944e-17
    },
    "spectral_energy": {
        "dmean": 0.0105693340302,
        "dmean2": 0.0160231757909,
        "dvar": 0.000428871251643,
        "dvar2": 0.000904903805349,
        "max": 0.17437812686,
        "mean": 0.0264000128955,
        "median": 0.0190263781697,
        "min": 1.02277045723e-20,
        "var": 0.000770342361648
    },
    "spectral_energyband_high": {
        "dmean": 0.000414286012528,
        "dmean2": 0.000641612859908,
        "dvar": 6.22671961992e-07,
        "dvar2": 1.51321069097e-06,
        "max": 0.0123884091154,
        "mean": 0.00124358560424,
        "median": 0.000877102196682,
        "min": 6.98511779697e-21,
        "var": 1.88242222521e-06
    },
    "spectral_energyband_low": {
        "dmean": 0.00646466948092,
        "dmean2": 0.0102802598849,
        "dvar": 0.000301592110191,
        "dvar2": 0.000674104725476,
        "max": 0.156031876802,
        "mean": 0.011410578154,
        "median": 0.00499442545697,
        "min": 1.94786512905e-23,
        "var": 0.000454923982034
    },
    "spectral_energyband_middle_high": {
        "dmean": 0.00172398122959,
        "dmean2": 0.00268949521706,
        "dvar": 5.56224858883e-06,
        "dvar2": 1.28999745357e-05,
        "max": 0.0288364626467,
        "mean": 0.00548260798678,
        "median": 0.00431558536366,
        "min": 1.39770339846e-21,
        "var": 2.43528429564e-05
    },
    "spectral_energyband_middle_low": {
        "dmean": 0.00604653963819,
        "dmean2": 0.00971533171833,
        "dvar": 0.000233779384871,
        "dvar2": 0.000526834686752,
        "max": 0.15874055028,
        "mean": 0.0102814920247,
        "median": 0.00632798671722,
        "min": 2.6611464069e-22,
        "var": 0.000253874633927
    },
    "spectral_entropy": {
        "dmean": 0.158867642283,
        "dmean2": 0.228940337896,
        "dvar": 0.0326383300126,
        "dvar2": 0.0649574324489,
        "max": 9.81400585175,
        "mean": 7.65920162201,
        "median": 7.81996583939,
        "min": 5.44329166412,
        "var": 0.311331301928
    },
    "spectral_flux": {
        "dmean": 0.03150305897,
        "dmean2": 0.0486866720021,
        "dvar": 0.00202886317857,
        "dvar2": 0.00412977999076,
        "max": 0.381275296211,
        "mean": 0.081551708281,
        "median": 0.0615115687251,
        "min": 6.485043752e-11,
        "var": 0.00461741117761
    },
    "spectral_kurtosis": {
        "dmean": 1.88662457466,
        "dmean2": 3.09391736984,
        "dvar": 15.0337209702,
        "dvar2": 41.2065010071,
        "max": 81.9459075928,
        "mean": 5.31807327271,
        "median": 3.3810749054,
        "min": -1.23364949226,
        "var": 41.5293769836
    },
    "spectral_rms": {
        "dmean": 0.00083717238158,
        "dmean2": 0.0012202381622,
        "dvar": 1.7402372805e-06,
        "dvar2": 3.31269643539e-06,
        "max": 0.0130431978032,
        "mean": 0.00449430430308,
        "median": 0.00430840114132,
        "min": 3.15883669048e-12,
        "var": 5.55720544071e-06
    },
    "spectral_rolloff": {
        "dmean": 712.077331543,
        "dmean2": 1156.25610352,
        "dvar": 1354004.375,
        "dvar2": 2701028,
        "max": 19509.0820312,
        "mean": 2210.28735352,
        "median": 1959.52148438,
        "min": 86.1328125,
        "var": 3948015.5
    },
    "spectral_skewness": {
        "dmean": 0.212458372116,
        "dmean2": 0.334701895714,
        "dvar": 0.100406192243,
        "dvar2": 0.252545386553,
        "max": 6.85575294495,
        "mean": 1.60577559471,
        "median": 1.4422031641,
        "min": -0.0169186219573,
        "var": 0.397748827934
    },
    "spectral_spread": {
        "dmean": 509371.40625,
        "dmean2": 725560.125,
        "dvar": 601949077504,
        "dvar2": 930576924672,
        "max": 41829060,
        "mean": 5170373,
        "median": 5348762,
        "min": 814408.6875,
        "var": 4.26421151334e+12
    },
    "spectral_strongpeak": {
        "dmean": 0.552356779575,
        "dmean2": 0.945132791996,
        "dvar": 1.19322156906,
        "dvar2": 2.87865066528,
        "max": 13.455529213,
        "mean": 0.967407643795,
        "median": 0.463528603315,
        "min": 0,
        "var": 2.12110304832
    },
    "zerocrossingrate": {
        "dmean": 0.0137161938474,
        "dmean2": 0.0154620809481,
        "dvar": 0.000327165122144,
        "dvar2": 0.000359896366717,
        "max": 0.67578125,
        "mean": 0.084525257349,
        "median": 0.07861328125,
        "min": 0.0048828125,
        "var": 0.00267215282656
    },
    "barkbands": {
        "dmean": [0.000197735324036, 0.00436183391139, 0.00255834800191, 0.00354088749737, 0.00253845425323, 0.000479182170238, 0.000390148663428, 0.000359949510312, 0.000347541819792, 0.000432151718996, 0.000205045216717, 0.000343032850651, 0.000307930866256, 0.000241604429903, 0.00029519610689, 0.000292049575364, 0.000402483972721, 0.000319434737321, 0.000283504516119, 0.00013403853518, 9.53770068008e-05, 9.01273524505e-05, 8.35376267787e-05, 7.88356992416e-05, 8.45231625135e-05, 4.25816288043e-05, 1.2589986909e-05],
        "dmean2": [0.000312536518322, 0.00673549389467, 0.00437804777175, 0.00597964739427, 0.00434312457219, 0.000789112120401, 0.000614439195488, 0.000540233624633, 0.000552280631382, 0.000633330957498, 0.000320990540786, 0.000539921515156, 0.000471528212074, 0.000379598641302, 0.000463256117655, 0.000463635835331, 0.000650131027214, 0.000519823748618, 0.000453788874438, 0.000226518575801, 0.000161664342158, 0.000145377183799, 0.000134690737468, 0.000118393043522, 0.000130691347294, 6.51536029181e-05, 2.12333197851e-05],
        "dvar": [9.39808558087e-07, 0.000195848668227, 8.41098590172e-05, 0.000128372586914, 6.54506293358e-05, 7.39266283745e-07, 4.71214207209e-07, 9.01212274584e-07, 9.55795371738e-07, 9.16682381558e-07, 2.50487261155e-07, 6.14523571585e-07, 4.19068157953e-07, 3.83776239232e-07, 5.42982036222e-07, 4.59305567801e-07, 4.60818398551e-07, 3.05484775254e-07, 2.35095640733e-07, 6.01564167368e-08, 2.82091470183e-08, 2.70430700056e-08, 2.11180495313e-08, 3.12853281059e-08, 3.22242925677e-08, 6.94873225626e-09, 7.67307606342e-10],
        "dvar2": [2.31388094107e-06, 0.000424793310231, 0.000221036665607, 0.000306541274767, 0.000176761750481, 1.98983161681e-06, 1.14405031582e-06, 1.9695694391e-06, 2.39613291342e-06, 1.93365099221e-06, 5.72787996589e-07, 1.42429257721e-06, 8.57548684507e-07, 8.99140104593e-07, 1.21495725125e-06, 1.03017544006e-06, 1.13363432774e-06, 7.26142161511e-07, 5.39875713912e-07, 1.65475412928e-07, 7.74646622403e-08, 6.65160655444e-08, 5.08429280899e-08, 6.68366837431e-08, 7.06408584961e-08, 1.6029407135e-08, 2.07850003875e-09],
        "max": [0.0223988704383, 0.136482194066, 0.0967252701521, 0.0898184850812, 0.103973507881, 0.0138669842854, 0.0114944214001, 0.0246781520545, 0.0250683091581, 0.0267084464431, 0.0151974074543, 0.0202077049762, 0.0177932158113, 0.0146919107065, 0.0170951765031, 0.0227230992168, 0.0103369252756, 0.0123274251819, 0.00953508913517, 0.00437272386625, 0.00260057952255, 0.00445265928283, 0.0041874893941, 0.00528885796666, 0.00375700066797, 0.00160402664915, 0.000329769187374],
        "mean": [0.000171308493009, 0.00603753142059, 0.00335834803991, 0.00371099519543, 0.00318726012483, 0.00101269909646, 0.000779400812462, 0.000652485643514, 0.000591726566199, 0.000861977576278, 0.00032697894494, 0.000554993050173, 0.000518296961673, 0.000371899950551, 0.000466022174805, 0.000518177112099, 0.000736980291549, 0.000585916102864, 0.000594449054915, 0.000244785856921, 0.000192662497284, 0.000204944910365, 0.000193650004803, 0.00019641367544, 0.000202794719371, 0.000113349953608, 1.38909363159e-05],
        "median": [9.06105015019e-06, 0.0019311264623, 0.000932110764552, 0.000814569590148, 0.0014384961687, 0.000640909012873, 0.000372948532458, 0.000217130669625, 0.000227038210141, 0.000288673501927, 0.000121219003631, 0.000183761469088, 0.000162837517564, 0.000115470626042, 0.00017414271133, 0.000211864869925, 0.000367485859897, 0.000313589873258, 0.000318404752761, 0.000175252076588, 0.000142855700688, 0.000130636370159, 0.000123474688735, 0.000110235851025, 9.95368900476e-05, 7.05447164364e-05, 1.43324155033e-06],
        "min": [2.80696056891e-24, 1.05363772932e-23, 4.05129418081e-24, 3.23129851338e-24, 4.50707947361e-23, 1.90632907803e-23, 2.80222578632e-23, 4.50278586148e-23, 3.84214262126e-23, 3.38211743775e-23, 5.9368939664e-23, 6.87359687159e-23, 4.47650543374e-23, 7.52040854024e-23, 8.32656821848e-23, 8.36867698251e-23, 9.55720132805e-23, 1.25995841418e-22, 2.09105354387e-22, 2.4070726109e-22, 3.65274103066e-22, 4.12120121985e-22, 4.70007568247e-22, 7.68109294331e-22, 1.09676919472e-21, 1.39322882795e-21, 2.10997941508e-21],
        "var": [8.5351848611e-07, 0.000237467087572, 7.14604757377e-05, 0.000112307934614, 4.91029277327e-05, 1.52410109422e-06, 1.30807154619e-06, 2.08199003282e-06, 1.65400876995e-06, 2.73311479759e-06, 6.17032299033e-07, 1.45282274389e-06, 1.15087152608e-06, 6.90976150963e-07, 1.17926890653e-06, 1.18545926853e-06, 1.11156180083e-06, 6.6066496629e-07, 7.6896282053e-07, 8.31058741824e-08, 4.59389184471e-08, 6.55507221836e-08, 5.55123307322e-08, 7.74759101319e-08, 9.07079638068e-08, 2.30961632042e-08, 9.80078573853e-10]
    },
    "erbbands": {
        "dmean": [0.1126370579, 1.044511199, 2.85390806198, 7.17118835449, 12.5518989563, 6.54537200928, 4.18464040756, 4.25063705444, 6.20983505249, 4.56364917755, 8.32027626038, 9.0341091156, 11.0776395798, 10.6833763123, 9.28203582764, 15.9739751816, 13.1406707764, 13.6385793686, 15.3802709579, 12.8614187241, 16.043182373, 17.7748088837, 18.0065345764, 14.9572658539, 12.450797081, 6.4121928215, 4.69632959366, 3.39529633522, 3.33778882027, 3.10354614258, 2.30371904373, 1.63732409477, 1.49885201454, 1.12424182892, 0.515641093254, 0.219545930624, 0.0787513330579, 0.0195081494749, 0.00202721287496, 3.36019365932e-05],
        "dmean2": [0.175086602569, 1.63703107834, 4.66931200027, 12.1239967346, 21.0235366821, 11.2765274048, 6.84196281433, 7.06864118576, 9.75497722626, 7.10225296021, 12.4980516434, 14.1624584198, 16.7603206635, 15.5434808731, 14.7102022171, 25.0455513, 20.064907074, 21.3577747345, 24.3362636566, 20.2593917847, 25.3027153015, 28.7374629974, 29.0141010284, 23.8813610077, 20.3416690826, 10.9292087555, 8.09604454041, 5.70951795578, 5.39522027969, 5.04668903351, 3.71836256981, 2.56954073906, 2.25719547272, 1.78583598137, 0.786015152931, 0.333039194345, 0.123609274626, 0.0314929001033, 0.00347822485492, 5.45964503544e-05],
        "dvar": [0.165766239166, 11.0438623428, 94.1383590698, 450.095153809, 1613.84960938, 379.238311768, 79.1928405762, 60.4397354126, 120.033866882, 113.471176147, 535.93536377, 560.69152832, 967.250183105, 610.827026367, 418.599731445, 1405.05505371, 740.59564209, 1081.05273438, 1550.59448242, 1268.05053711, 1320.5682373, 853.422424316, 986.087402344, 672.515686035, 458.096343994, 127.279434204, 79.5342788696, 44.9366760254, 38.2369384766, 32.2226371765, 15.0153427124, 11.7079591751, 11.7659244537, 6.39335489273, 1.07931792736, 0.174381688237, 0.0271091796458, 0.00153643649537, 2.61164495896e-05, 4.96493601787e-09],
        "dvar2": [0.407936245203, 22.8582782745, 238.184799194, 1137.6328125, 3949.13549805, 1037.91113281, 210.331954956, 163.045913696, 291.821624756, 263.805297852, 1156.72387695, 1349.68029785, 2113.27832031, 1213.66516113, 1001.94232178, 3186.25952148, 1532.18566895, 2510.57202148, 3558.67431641, 2909.6862793, 2970.74462891, 2138.47265625, 2318.41894531, 1543.75256348, 1111.14379883, 354.209838867, 223.012908936, 120.873954773, 96.212387085, 77.8211669922, 36.359046936, 26.3956775665, 25.5863056183, 14.4119634628, 2.28673934937, 0.368793606758, 0.0694959387183, 0.00402462249622, 7.32019034331e-05, 1.31492878808e-08],
        "max": [5.0488576889, 29.7795333862, 95.1170806885, 173.602371216, 487.794647217, 235.19682312, 198.8230896, 118.873329163, 214.071517944, 316.591430664, 689.37298584, 592.10534668, 1075.15917969, 594.120849609, 458.313751221, 1026.17907715, 735.182312012, 799.06439209, 1101.13220215, 1092.53894043, 1480.32324219, 451.382873535, 656.090820312, 527.25604248, 461.474121094, 165.177001953, 165.775924683, 124.371154785, 135.272201538, 147.501678467, 115.619239807, 94.5799560547, 96.1807632446, 52.7348670959, 25.5133419037, 11.406334877, 2.48360085487, 0.636704862118, 0.0631938055158, 0.000957803218625],
        "mean": [0.139437705278, 1.47619760036, 3.64473485947, 9.03071880341, 13.2638816833, 8.68514060974, 7.49600362778, 8.55957508087, 13.2550506592, 8.70299243927, 15.228392601, 16.6124191284, 21.6498165131, 21.6028594971, 16.532245636, 27.2387619019, 23.752779007, 23.3996067047, 25.3793907166, 23.3804111481, 31.617647171, 35.1282348633, 34.9226608276, 31.5517711639, 24.9192695618, 12.1150255203, 8.88994979858, 7.06111431122, 7.2753033638, 6.75929880142, 5.37624835968, 3.88430213928, 3.48272395134, 2.46724176407, 1.31307399273, 0.575371325016, 0.193295687437, 0.0370764061809, 0.00228024576791, 7.51108236727e-05],
        "median": [0.0385873913765, 0.513001680374, 0.990261912346, 2.844165802, 3.73062801361, 4.16288471222, 4.02534484863, 4.986743927, 6.82639503479, 4.57444763184, 5.19656801224, 7.14039230347, 8.21172714233, 7.46632766724, 7.92675828934, 9.79067516327, 9.24022483826, 8.54085254669, 10.3287963867, 10.6215629578, 15.7809076309, 19.1587028503, 19.7955303192, 17.6903457642, 13.8983125687, 9.02996635437, 6.41936445236, 5.12008714676, 4.65224027634, 4.16556358337, 3.48158693314, 2.38804769516, 1.78535246849, 1.17420589924, 0.66806012392, 0.327808439732, 0.120253577828, 0.0195844769478, 0.00046096422011, 4.702597289e-05],
        "min": [4.28114687046e-22, 2.02010208139e-21, 5.05992883437e-21, 1.03815238155e-20, 5.71487065245e-20, 2.01921301572e-19, 1.1847029367e-19, 1.75043192015e-19, 3.13853314111e-19, 5.41472635772e-19, 8.34963968527e-19, 1.04488379643e-18, 1.00696893908e-18, 1.80543604462e-18, 2.03120858216e-18, 1.87915830992e-18, 1.74361008409e-18, 3.81281169218e-18, 4.97254703512e-18, 3.61524125723e-18, 6.30121499302e-18, 5.35247522636e-18, 7.11958406409e-18, 9.4054927238e-18, 9.72465622725e-18, 1.1489743022e-17, 9.65886724441e-18, 1.91889755547e-17, 1.43458843534e-17, 1.22256301919e-17, 1.36453401295e-17, 1.41942604927e-17, 1.25038515637e-17, 9.48958307769e-18, 8.98699723649e-18, 4.7555750789e-18, 2.73633269827e-18, 1.13338105843e-18, 2.65781480168e-19, 2.93286741262e-20],
        "var": [0.154492542148, 14.3162069321, 88.8564987183, 394.853546143, 1373.67907715, 295.936309814, 130.763153076, 124.259185791, 356.91027832, 216.226760864, 1302.78918457, 1127.79040527, 2485.09887695, 2022.31066895, 977.425170898, 3472.03173828, 2129.76953125, 2224.15258789, 3548.93334961, 2446.45727539, 3548.35595703, 2196.79174805, 2289.7421875, 1993.79321289, 1341.2635498, 183.962356567, 107.747528076, 68.6607666016, 82.9344406128, 78.3470230103, 40.9055709839, 26.4149246216, 28.5244140625, 15.5295085907, 3.44086813927, 0.627360641956, 0.0701492279768, 0.00322774122469, 2.75416023214e-05, 8.7480529487e-09]
    },
    "gfcc": {
        "mean": [-11.2571296692, 64.339805603, -117.408454895, 26.6117401123, -51.2593383789, 10.7143888474, -43.1438331604, 13.2246408463, -28.2482395172, -1.46428465843, -17.7821483612, 3.14870524406, -15.6794471741],
        "cov": [[22594.8183594, -2439.52978516, 3156.92773438, 2541.77783203, -251.461730957, 1098.60351562, -199.573806763, 655.907226562, -727.692749023, 520.583984375, -587.033325195, 366.152618408, -628.296142578], [-2439.52978516, 3034.07885742, 53.0628585815, 51.2981109619, 422.369903564, -457.324066162, 146.280715942, -122.706466675, 243.835174561, -367.683441162, 163.385620117, -252.427246094, 191.74798584], [3156.92773438, 53.0628585815, 1604.64599609, 625.667236328, -2.7999920845, 325.286834717, -15.5339384079, 44.5595169067, -115.646453857, 76.9060058594, -160.426177979, 25.483707428, -119.39630127], [2541.77783203, 51.2981109619, 625.667236328, 653.108337402, 116.032287598, 133.911117554, 35.0702476501, 80.2384719849, -32.0749130249, 78.7670822144, -53.6229438782, 29.3759365082, -48.4509353638], [-251.461730957, 422.369903564, -2.7999920845, 116.032287598, 344.274047852, 12.968082428, 133.049865723, 43.117641449, 77.4294281006, -3.6622698307, 53.7428588867, -13.7427663803, 35.785736084], [1098.60351562, -457.324066162, 325.286834717, 133.911117554, 12.968082428, 408.74206543, 96.36302948, 54.991355896, -72.5130233765, 94.8806991577, -35.9068565369, 45.7509346008, -60.0651321411], [-199.573806763, 146.280715942, -15.5339384079, 35.0702476501, 133.049865723, 96.36302948, 240.140258789, 60.0699272156, 43.7989730835, 34.8045578003, 50.6435089111, -0.257271945477, 21.292547226], [655.907226562, -122.706466675, 44.5595169067, 80.2384719849, 43.117641449, 54.991355896, 60.0699272156, 195.717330933, 50.5625572205, 73.5458145142, 15.4737377167, 41.194896698, -11.7085485458], [-727.692749023, 243.835174561, -115.646453857, -32.0749130249, 77.4294281006, -72.5130233765, 43.7989730835, 50.5625572205, 159.371994019, 24.7481956482, 41.9143180847, -9.23931121826, 46.2147331238], [520.583984375, -367.683441162, 76.9060058594, 78.7670822144, -3.6622698307, 94.8806991577, 34.8045578003, 73.5458145142, 24.7481956482, 169.651519775, 20.1707057953, 59.519077301, -16.9690933228], [-587.033325195, 163.385620117, -160.426177979, -53.6229438782, 53.7428588867, -35.9068565369, 50.6435089111, 15.4737377167, 41.9143180847, 20.1707057953, 127.421607971, 25.7432899475, 40.4846229553], [366.152618408, -252.427246094, 25.483707428, 29.3759365082, -13.7427663803, 45.7509346008, -0.257271945477, 41.194896698, -9.23931121826, 59.519077301, 25.7432899475, 113.715484619, 17.6395835876], [-628.296142578, 191.74798584, -119.39630127, -48.4509353638, 35.785736084, -60.0651321411, 21.292547226, -11.7085485458, 46.2147331238, -16.9690933228, 40.4846229553, 17.6395835876, 98.2116394043]],
        "icov": [[0.000141997428727, -2.33106657106e-05, 2.61844320448e-07, -0.000425729784183, 9.6877469332e-05, -3.71499118046e-05, 9.57371594268e-05, -0.000390994449845, 0.000469603488455, -9.75195362116e-05, 0.00027597870212, -0.000252292316873, 0.000312547228532], [-2.33106657106e-05, 0.00130474253092, -0.000645002932288, -0.000144393416122, -0.000639347941615, 0.000842312525492, -0.000477838999359, 0.000258888845565, -0.00124814081937, 0.0023772616405, -0.00195842888206, 0.00192756450269, -0.00121012795717], [2.61844320448e-07, -0.000645002932288, 0.00156761426479, -0.000964522594586, 0.000499287561979, -0.00107443227898, 0.000397491996409, 9.52096597757e-05, 0.000460355629912, -0.000981356017292, 0.00164007162675, -0.00103571650106, 0.000900806800928], [-0.000425729784183, -0.000144393416122, -0.000964522594586, 0.004300320521, -0.00145340966992, 0.000417682196712, -0.000139495925396, 0.000447361759143, -0.000370388734154, -0.00112451275345, 1.13299056466e-05, 0.000314791162964, -0.000705328478944], [9.6877469332e-05, -0.000639347941615, 0.000499287561979, -0.00145340966992, 0.00510278251022, -0.00071316579124, -0.00161313882563, -0.000329073227476, -0.000911541690584, 0.000157720278366, -0.000108195992652, -0.000640879792627, 0.000388907443266], [-3.71499118046e-05, 0.000842312525492, -0.00107443227898, 0.000417682196712, -0.00071316579124, 0.00512255635113, -0.00250105536543, 1.24980906548e-05, 0.00122023303993, -0.000338624522556, -0.000200986367417, 0.000230543795624, 0.000362896040315], [9.57371594268e-05, -0.000477838999359, 0.000397491996409, -0.000139495925396, -0.00161313882563, -0.00250105536543, 0.0073200459592, -0.00167298689485, 0.000410615524743, -0.00126491964329, -0.00109811360016, 0.0010994093027, -0.000925049709622], [-0.000390994449845, 0.000258888845565, 9.52096597757e-05, 0.000447361759143, -0.000329073227476, 1.24980906548e-05, -0.00167298689485, 0.00880093779415, -0.00446330942214, -0.000496784574352, -0.000657167576719, -0.00172096909955, 0.00146356667392], [0.000469603488455, -0.00124814081937, 0.000460355629912, -0.000370388734154, -0.000911541690584, 0.00122023303993, 0.000410615524743, -0.00446330942214, 0.0139367254451, -0.00583859719336, 0.00222381018102, 0.000775537046138, -0.00234756967984], [-9.75195362116e-05, 0.0023772616405, -0.000981356017292, -0.00112451275345, 0.000157720278366, -0.000338624522556, -0.00126491964329, -0.000496784574352, -0.00583859719336, 0.0147325722501, -0.00524881668389, -0.000642330327537, 0.000509381992742], [0.00027597870212, -0.00195842888206, 0.00164007162675, 1.13299056466e-05, -0.000108195992652, -0.000200986367417, -0.00109811360016, -0.000657167576719, 0.00222381018102, -0.00524881668389, 0.0153603227809, -0.00592120643705, 0.00044318192522], [-0.000252292316873, 0.00192756450269, -0.00103571650106, 0.000314791162964, -0.000640879792627, 0.000230543795624, 0.0010994093027, -0.00172096909955, 0.000775537046138, -0.000642330327537, -0.00592120643705, 0.0174280852079, -0.00771552463993], [0.000312547228532, -0.00121012795717, 0.000900806800928, -0.000705328478944, 0.000388907443266, 0.000362896040315, -0.000925049709622, 0.00146356667392, -0.00234756967984, 0.000509381992742, 0.00044318192522, -0.00771552463993, 0.0181424170732]]
    },
    "melbands": {
        "dmean": [0.00113558245357, 0.00137574051041, 0.00145627511665, 0.000689637439791, 0.000155699759489, 9.38752345974e-05, 9.11759634619e-05, 5.25358736922e-05, 6.63785758661e-05, 5.70569209231e-05, 5.62670138606e-05, 4.59631010017e-05, 2.80343847407e-05, 4.09360909543e-05, 3.17742924381e-05, 3.0216822779e-05, 2.74251360679e-05, 2.48869819188e-05, 1.6557143681e-05, 2.30817586271e-05, 2.03129511647e-05, 2.00435133593e-05, 2.30998139159e-05, 1.37431361509e-05, 1.31265323944e-05, 1.20925060401e-05, 5.54533517061e-06, 4.47619504484e-06, 3.35335175805e-06, 2.7687065085e-06, 2.00136264539e-06, 2.1053515411e-06, 1.97427357307e-06, 1.80291101515e-06, 1.52674920173e-06, 1.23423751575e-06, 1.0500945109e-06, 1.12976226774e-06, 1.09170184714e-06, 1.02719138795e-06],
        "dmean2": [0.00170210201759, 0.00209149066359, 0.00243504717946, 0.00114481814671, 0.000259783351794, 0.000155602348968, 0.00014295821893, 8.11353456811e-05, 0.000100480974652, 8.996710676e-05, 8.51031581988e-05, 6.69189976179e-05, 4.41938973381e-05, 6.38427518425e-05, 4.94519481435e-05, 4.57389251096e-05, 4.30244399467e-05, 3.94846902054e-05, 2.63315923803e-05, 3.6409990571e-05, 3.21586157952e-05, 3.25592482113e-05, 3.74666342395e-05, 2.24115265155e-05, 2.09525569517e-05, 1.95812135644e-05, 9.36122069106e-06, 7.68860627431e-06, 5.7592342273e-06, 4.73700310977e-06, 3.37612959811e-06, 3.44494083038e-06, 3.21475295095e-06, 2.93684092867e-06, 2.49494610216e-06, 2.01309603653e-06, 1.66618451658e-06, 1.75141815362e-06, 1.68963447322e-06, 1.68207316165e-06],
        "dvar": [1.39577678056e-05, 1.77681304194e-05, 1.86494708032e-05, 4.6811987886e-06, 1.22247598711e-07, 2.80587180157e-08, 2.52414817936e-08, 1.66585589767e-08, 3.37415393403e-08, 2.41139233026e-08, 2.43398936561e-08, 1.18845697727e-08, 4.57048265901e-09, 8.21658474592e-09, 4.26924762209e-09, 4.24547419442e-09, 5.09910158542e-09, 4.03352906631e-09, 1.77126502354e-09, 2.85252843568e-09, 2.03897854156e-09, 1.16859499855e-09, 1.75548442449e-09, 5.14838283117e-10, 5.78195602507e-10, 5.0584081368e-10, 8.95438376225e-11, 6.68810701265e-11, 4.27243240786e-11, 2.52325296074e-11, 1.46597855383e-11, 1.51177681484e-11, 1.40359937215e-11, 1.14862104203e-11, 6.26795013461e-12, 4.9707529759e-12, 5.02489846607e-12, 6.79423878269e-12, 6.43252898863e-12, 5.14117828171e-12],
        "dvar2": [3.24176689901e-05, 4.08279411204e-05, 4.47814309155e-05, 1.20737249745e-05, 3.33740700853e-07, 7.52822515437e-08, 6.07235506322e-08, 3.83868261622e-08, 7.49001785039e-08, 5.90504640741e-08, 5.31567430073e-08, 2.39000925717e-08, 1.05143520557e-08, 1.88176869642e-08, 9.90385728983e-09, 8.49341752485e-09, 1.18091625367e-08, 9.3821865832e-09, 4.00522459643e-09, 6.43725961424e-09, 4.641095952e-09, 2.91171842193e-09, 4.22711732284e-09, 1.22769117095e-09, 1.30011346133e-09, 1.15253639965e-09, 2.3799348603e-10, 1.86240259326e-10, 1.19294768508e-10, 6.86904075287e-11, 4.00400962386e-11, 3.92228020896e-11, 3.50644444036e-11, 2.83837241905e-11, 1.56461215511e-11, 1.20531779002e-11, 1.15501662054e-11, 1.58291504904e-11, 1.38982471365e-11, 1.24281505226e-11],
        "max": [0.0420027971268, 0.0389257594943, 0.0310538709164, 0.0276365298778, 0.0069072721526, 0.00262746377848, 0.00272520957515, 0.00426925811917, 0.00545173324645, 0.00324241444468, 0.00529191736132, 0.00248654885218, 0.00213578296825, 0.00228736363351, 0.00142439221963, 0.00247595622204, 0.00180687790271, 0.00184117804747, 0.00107886793558, 0.00147559004836, 0.0015794406645, 0.000586476759054, 0.000883245898876, 0.000373839982785, 0.000504006922711, 0.00054769392591, 0.000272784440313, 0.00013824281632, 0.00014142767759, 7.14791822247e-05, 7.02322940924e-05, 7.14687412255e-05, 0.00013583501277, 9.73050482571e-05, 6.76068084431e-05, 4.15080976381e-05, 6.41453661956e-05, 7.6817254012e-05, 6.95453345543e-05, 4.55831032014e-05],
        "mean": [0.00151542108506, 0.00199709925801, 0.0017346435925, 0.000819923472591, 0.000268240895821, 0.000192756313481, 0.000194501670194, 9.76218652795e-05, 0.000119489937788, 0.000101534795249, 0.000106998020783, 8.94253244041e-05, 4.58621725556e-05, 6.90199885867e-05, 5.31998230144e-05, 5.13199738634e-05, 4.25103717134e-05, 3.92694710172e-05, 2.68854455499e-05, 4.01191646233e-05, 3.67951506632e-05, 3.62546925317e-05, 3.98669762944e-05, 2.53550479101e-05, 2.51909186773e-05, 2.26670599659e-05, 1.01140376501e-05, 7.56862891649e-06, 5.71162854612e-06, 4.88505338581e-06, 3.79738321499e-06, 4.13503857999e-06, 4.00009366786e-06, 3.59300133823e-06, 3.22824621435e-06, 2.63007382273e-06, 2.24873451771e-06, 2.4088860755e-06, 2.35366587731e-06, 2.01909688258e-06],
        "median": [0.000460665120045, 0.00069033598993, 0.000551639765035, 0.00031257950468, 0.000149162879097, 0.000112545392767, 9.82325145742e-05, 4.87532815896e-05, 3.95830029447e-05, 4.07078914577e-05, 3.73388102162e-05, 2.65525577561e-05, 1.8180020561e-05, 2.69860338449e-05, 2.01707043743e-05, 1.55988036568e-05, 1.23807540149e-05, 1.50394462253e-05, 1.10601667984e-05, 1.56643509399e-05, 1.67516209331e-05, 1.85396620509e-05, 1.85142107512e-05, 1.41291848195e-05, 1.25636688608e-05, 1.05936851469e-05, 6.7320315793e-06, 5.12944916409e-06, 3.8865841816e-06, 3.32264471581e-06, 2.65782978204e-06, 2.5480471777e-06, 2.40851113631e-06, 2.12462941818e-06, 2.04829439099e-06, 1.64562163718e-06, 1.29416457639e-06, 1.24615382902e-06, 1.10866653813e-06, 9.28658664634e-07],
        "min": [3.57941928098e-24, 2.45853806202e-24, 2.05471917856e-24, 1.01422584407e-23, 5.15381446498e-24, 4.10588611646e-24, 4.36611397415e-24, 6.94285160155e-24, 6.27375555896e-24, 6.69518714263e-24, 4.70933788768e-24, 6.72379597222e-24, 6.41061306525e-24, 8.36792646025e-24, 3.09378349152e-24, 5.30218697391e-24, 6.16412913668e-24, 7.88437208029e-24, 4.80442165917e-24, 4.7987773594e-24, 6.55103898385e-24, 4.95746698567e-24, 7.03730034001e-24, 5.3568286078e-24, 4.92922773742e-24, 5.36553211017e-24, 8.07483229066e-24, 7.1475965052e-24, 5.98080535649e-24, 6.45534384516e-24, 1.08569238223e-23, 7.36554615153e-24, 7.20894700666e-24, 6.68871532777e-24, 6.53500893583e-24, 6.01001450923e-24, 9.35489716004e-24, 9.52029525946e-24, 6.36899907478e-24, 8.28106183053e-24],
        "var": [1.51064796228e-05, 2.25082349061e-05, 1.67455800693e-05, 3.79845118914e-06, 1.62815879889e-07, 6.15073787458e-08, 7.51138315991e-08, 3.16935810929e-08, 8.24011294753e-08, 4.55794015863e-08, 6.21220834773e-08, 3.90370225034e-08, 1.15686686897e-08, 1.91662881122e-08, 1.00408872328e-08, 1.2136101013e-08, 9.60978141507e-09, 9.09818442807e-09, 3.317214059e-09, 6.95105484283e-09, 5.02146946246e-09, 2.75491540691e-09, 3.8257361723e-09, 1.15420806246e-09, 1.6480830034e-09, 1.5885014415e-09, 1.47848441823e-10, 8.70847352563e-11, 5.27314233945e-11, 3.56540283408e-11, 2.1452110921e-11, 2.79748238463e-11, 3.11423872801e-11, 2.40458469108e-11, 1.55029010462e-11, 1.1323128199e-11, 1.00116980678e-11, 1.38366167482e-11, 1.56969957865e-11, 1.07361784393e-11]
    },
    "mfcc": {
        "mean": [-650.268554688, 97.2858810425, -3.50718569756, 18.5602436066, 11.5282697678, -2.31988167763, -0.381200820208, 6.75603866577, -3.42932486534, -3.0868844986, -1.17633473873, -2.67497825623, -1.20690119267],
        "cov": [[13044.2392578, -1012.11895752, 842.897644043, 1056.5357666, 270.202545166, 470.687774658, 456.049682617, 284.658447266, 172.508956909, 178.465377808, 215.354446411, 152.85774231, -48.7355079651], [-1012.11895752, 2347.95874023, 80.5443344116, 364.429504395, 251.613754272, -152.531234741, -31.0447788239, 122.095840454, 22.3601531982, 16.7044830322, -27.3872852325, -106.664916992, -26.9391860962], [842.897644043, 80.5443344116, 904.424316406, 193.947433472, 90.2232971191, 229.843170166, 84.8216171265, 18.184551239, 52.1817359924, 33.9940910339, 21.4577045441, -16.4785022736, -39.3733444214], [1056.5357666, 364.429504395, 193.947433472, 551.409973145, 175.255462646, 56.2524757385, 52.6596260071, 57.7647209167, 78.3877868652, 49.0442276001, 34.2008514404, 36.0347671509, 28.4994049072], [270.202545166, 251.613754272, 90.2232971191, 175.255462646, 210.327636719, 57.4140434265, 28.4224815369, 43.3474273682, 35.8289489746, 25.7609767914, 15.3799753189, -3.61788868904, 3.79220604897], [470.687774658, -152.531234741, 229.843170166, 56.2524757385, 57.4140434265, 299.219726562, 145.131546021, 31.3500003815, 38.0250549316, 35.4435119629, 25.368850708, 23.5692882538, -20.2890968323], [456.049682617, -31.0447788239, 84.8216171265, 52.6596260071, 28.4224815369, 145.131546021, 227.84437561, 77.3197479248, 30.1439361572, 46.5072174072, 35.8031044006, 45.9974746704, 6.13327312469], [284.658447266, 122.095840454, 18.184551239, 57.7647209167, 43.3474273682, 31.3500003815, 77.3197479248, 128.612045288, 46.9132156372, 30.6604213715, 26.1435852051, 19.1315059662, 9.24991130829], [172.508956909, 22.3601531982, 52.1817359924, 78.3877868652, 35.8289489746, 38.0250549316, 30.1439361572, 46.9132156372, 120.994697571, 63.4235839844, 29.7958469391, 25.0644454956, 4.64579534531], [178.465377808, 16.7044830322, 33.9940910339, 49.0442276001, 25.7609767914, 35.4435119629, 46.5072174072, 30.6604213715, 63.4235839844, 109.060653687, 59.8909988403, 21.7810630798, 2.9851539135], [215.354446411, -27.3872852325, 21.4577045441, 34.2008514404, 15.3799753189, 25.368850708, 35.8031044006, 26.1435852051, 29.7958469391, 59.8909988403, 102.673522949, 44.18699646, 9.85536956787], [152.85774231, -106.664916992, -16.4785022736, 36.0347671509, -3.61788868904, 23.5692882538, 45.9974746704, 19.1315059662, 25.0644454956, 21.7810630798, 44.18699646, 108.955535889, 48.5098152161], [-48.7355079651, -26.9391860962, -39.3733444214, 28.4994049072, 3.79220604897, -20.2890968323, 6.13327312469, 9.24991130829, 4.64579534531, 2.9851539135, 9.85536956787, 48.5098152161, 91.5563964844]],
