{
"lowlevel": {
    "average_loudness": 0.828851342201,
    "barkbands_crest": {
        "dmean": 3.47026991844,
        "dmean2": 5.67647504807,
        "dvar": 10.8284664154,
        "dvar2": 28.9352626801,
        "max": 25.8749980927,
        "mean": 11.3671350479,
        "median": 10.6103601456,
        "min": 1.84266376495,
        "var": 26.646736145
    },
    "barkbands_flatness_db": {
        "dmean": 0.0259360875934,
        "dmean2": 0.0417947843671,
        "dvar": 0.000697669165675,
        "dvar2": 0.00181897543371,
        "max": 0.326717823744,
        "mean": 0.112043812871,
        "median": 0.104700148106,
        "min": 0.00868500769138,
        "var": 0.00266513088718
    },
    "barkbands_kurtosis": {
        "dmean": 2.91638183594,
        "dmean2": 4.81217288971,
        "dvar": 23.5905895233,
        "dvar2": 60.1587409973,
        "max": 117.87828064,
        "mean": 3.04999494553,
        "median": 1.17245721817,
        "min": -1.95608747005,
        "var": 39.7533836365
    },
    "barkbands_skewness": {
        "dmean": 0.644661724567,
        "dmean2": 1.03654658794,
        "dvar": 0.474827528,
        "dvar2": 1.23403215408,
        "max": 10.1898384094,
        "mean": 1.54442989826,
        "median": 1.40577220917,
        "min": -4.25026941299,
        "var": 1.30842137337
    },
    "barkbands_spread": {
        "dmean": 8.9269323349,
        "dmean2": 14.3962850571,
        "dvar": 92.4203720093,
        "dvar2": 236.921218872,
        "max": 148.16897583,
        "mean": 31.8481178284,
        "median": 30.7353439331,
        "min": 1.60097062588,
        "var": 282.935668945
    },
    "dissonance": {
        "dmean": 0.0113085508347,
        "dmean2": 0.0193124916404,
        "dvar": 0.000138772942591,
        "dvar2": 0.000394040485844,
        "max": 0.500000238419,
        "mean": 0.479680240154,
        "median": 0.484618633986,
        "min": 0.361836761236,
        "var": 0.000314226810588
    },
    "dynamic_complexity": 5.02520513535,
    "erbbands_crest": {
        "dmean": 2.08731269836,
        "dmean2": 3.45661377907,
        "dvar": 4.74856758118,
        "dvar2": 12.2406663895,
        "max": 27.4474048615,
        "mean": 6.3100528717,
        "median": 5.30570220947,
        "min": 2.18889546394,
        "var": 10.5980091095
    },
    "erbbands_flatness_db": {
        "dmean": 0.0122292228043,
        "dmean2": 0.0191332940012,
        "dvar": 0.000132046858198,
        "dvar2": 0.00030717876507,
        "max": 0.347588658333,
        "mean": 0.127440825105,
        "median": 0.112268969417,
        "min": 0.0372778922319,
        "var": 0.00249376799911
    },
    "erbbands_kurtosis": {
        "dmean": 0.570912897587,
        "dmean2": 0.916992723942,
        "dvar": 0.403775304556,
        "dvar2": 1.00081837177,
        "max": 11.2741231918,
        "mean": -0.274638622999,
        "median": -0.501334190369,
        "min": -1.7755740881,
        "var": 0.906433403492
    },
    "erbbands_skewness": {
        "dmean": 0.323692023754,
        "dmean2": 0.520073950291,
        "dvar": 0.0814206302166,
        "dvar2": 0.209107816219,
        "max": 2.2052397728,
        "mean": -0.0877134501934,
        "median": -0.0856221467257,
        "min": -2.8606698513,
        "var": 0.292357563972
    },
    "erbbands_spread": {
        "dmean": 10.0747613907,
        "dmean2": 15.7623500824,
        "dvar": 154.759994507,
        "dvar2": 349.918426514,
        "max": 142.546905518,
        "mean": 47.7916488647,
        "median": 43.9685592651,
        "min": 4.234354496,
        "var": 429.197174072
    },
    "hfc": {
        "dmean": 11.0605611801,
        "dmean2": 18.2258110046,
        "dvar": 406.35748291,
        "dvar2": 1081.82470703,
        "max": 183.72958374,
        "mean": 31.3483123779,
        "median": 26.2329044342,
        "min": 1.05932024879e-16,
        "var": 908.768554688
    },
    "melbands_crest": {
        "dmean": 4.09660577774,
        "dmean2": 6.72594070435,
        "dvar": 15.896987915,
        "dvar2": 42.6600646973,
        "max": 37.4672737122,
        "mean": 17.5038166046,
        "median": 16.8110237122,
        "min": 1.53500652313,
        "var": 55.6622581482
    },
    "melbands_flatness_db": {
        "dmean": 0.0328923203051,
        "dmean2": 0.0530372299254,
        "dvar": 0.00110018579289,
        "dvar2": 0.00288221030496,
        "max": 0.427436709404,
        "mean": 0.175728306174,
        "median": 0.171841621399,
        "min": 0.00302369194105,
        "var": 0.00445673987269
    },
    "melbands_kurtosis": {
        "dmean": 11.7332859039,
        "dmean2": 19.2976112366,
        "dvar": 421.512756348,
        "dvar2": 1067.12060547,
        "max": 472.254089355,
        "mean": 18.4533519745,
        "median": 9.63591194153,
        "min": -1.52652394772,
        "var": 672.600158691
    },
    "melbands_skewness": {
        "dmean": 1.06612181664,
        "dmean2": 1.71766614914,
        "dvar": 1.74507522583,
        "dvar2": 4.47222709656,
        "max": 19.6854362488,
        "mean": 3.3382768631,
        "median": 2.88349294662,
        "min": -1.52199113369,
        "var": 4.56601905823
    },
    "melbands_spread": {
        "dmean": 10.7423295975,
        "dmean2": 17.674861908,
        "dvar": 154.356613159,
        "dvar2": 387.351104736,
        "max": 199.31477356,
        "mean": 27.6242046356,
        "median": 22.9517326355,
        "min": 1.24255347252,
        "var": 373.110351562
    },
    "pitch_salience": {
        "dmean": 0.10012331605,
        "dmean2": 0.165268525481,
        "dvar": 0.0106454119086,
        "dvar2": 0.0291501693428,
        "max": 0.920390427113,
        "mean": 0.520028591156,
        "median": 0.537152707577,
        "min": 0.0502011962235,
        "var": 0.022699739784
    },
    "silence_rate_20dB": {
        "dmean": 0,
        "dmean2": 0,
        "dvar": 0,
        "dvar2": 0,
        "max": 1,
        "mean": 1,
        "median": 1,
        "min": 1,
        "var": 0
    },
    "silence_rate_30dB": {
        "dmean": 0.01387732476,
        "dmean2": 0.0277572162449,
        "dvar": 0.0136851640418,
        "dvar2": 0.0330870486796,
        "max": 1,
        "mean": 0.989176690578,
        "median": 1,
        "min": 0,
        "var": 0.0107058333233
    },
    "silence_rate_60dB": {
        "dmean": 0.0334906093776,
        "dmean2": 0.0669874176383,
        "dvar": 0.0323702730238,
        "dvar2": 0.0748995840549,
        "max": 1,
        "mean": 0.147733584046,
        "median": 0,
        "min": 0,
        "var": 0.12590713799
    },
    "spectral_centroid": {
        "dmean": 347.818359375,
        "dmean2": 556.485473633,
        "dvar": 145202.546875,
        "dvar2": 352990.9375,
        "max": 11614.3808594,
        "mean": 1926.20922852,
        "median": 1974.68615723,
        "min": 241.239425659,
        "var": 948444.6875
    },
    "spectral_complexity": {
        "dmean": 5.11795711517,
        "dmean2": 8.12805366516,
        "dvar": 36.553024292,
        "dvar2": 85.4043731689,
        "max": 64,
        "mean": 25.9439411163,
        "median": 28,
        "min": 0,
        "var": 255.43927002
    },
    "spectral_decrease": {
        "dmean": 2.95146374008e-09,
        "dmean2": 4.72919792216e-09,
        "dvar": 1.81950502199e-17,
        "dvar2": 4.64054080819e-17,
        "max": 1.76563847249e-19,
        "mean": -8.1006836794e-09,
        "median": -6.70051658602e-09,
        "min": -4.61339553226e-08,
        "var": 5.16185749262e-17
    },
    "spectral_energy": {
        "dmean": 0.0115771200508,
        "dmean2": 0.01849617064,
        "dvar": 0.00027290469734,
        "dvar2": 0.000689390697517,
        "max": 0.182426542044,
        "mean": 0.0334172770381,
        "median": 0.028695596382,
        "min": 1.00893804253e-20,
        "var": 0.000845970236696
    },
    "spectral_energyband_high": {
        "dmean": 0.00109010771848,
        "dmean2": 0.00182092899922,
        "dvar": 3.98642168875e-06,
        "dvar2": 1.06793295345e-05,
        "max": 0.0167399942875,
        "mean": 0.00258701550774,
        "median": 0.00189946882892,
        "min": 7.09242751779e-21,
        "var": 7.98751625553e-06
    },
    "spectral_energyband_low": {
        "dmean": 0.00856112223119,
        "dmean2": 0.0139871891588,
        "dvar": 0.000180134709808,
        "dvar2": 0.000474132277304,
        "max": 0.12860019505,
        "mean": 0.0182847082615,
        "median": 0.00805711839348,
        "min": 1.46739850844e-23,
        "var": 0.000431936205132
    },
    "spectral_energyband_middle_high": {
        "dmean": 0.00195913133211,
        "dmean2": 0.0032878764905,
        "dvar": 1.08273125079e-05,
        "dvar2": 2.99880157399e-05,
        "max": 0.0320400968194,
        "mean": 0.00476643489674,
        "median": 0.00379663216881,
        "min": 1.30514641156e-21,
        "var": 2.0084582502e-05
    },
    "spectral_energyband_middle_low": {
        "dmean": 0.00615001562983,
        "dmean2": 0.0097814342007,
        "dvar": 0.000189197220607,
        "dvar2": 0.00043853619718,
        "max": 0.169061288238,
        "mean": 0.00912351720035,
        "median": 0.00447768904269,
        "min": 1.92563004314e-22,
        "var": 0.000240514607867
    },
    "spectral_entropy": {
        "dmean": 0.109618663788,
        "dmean2": 0.173809707165,
        "dvar": 0.0120300129056,
        "dvar2": 0.0309405717999,
        "max": 9.81821632385,
        "mean": 7.96486330032,
        "median": 8.1244392395,
        "min": 6.04751348495,
        "var": 0.221291124821
    },
    "spectral_flux": {
        "dmean": 0.0287846960127,
        "dmean2": 0.0447326637805,
        "dvar": 0.00152857997455,
        "dvar2": 0.00328980851918,
        "max": 0.407685160637,
        "mean": 0.0924586430192,
        "median": 0.081361323595,
        "min": 6.36592584202e-11,
        "var": 0.00443264795467
    },
    "spectral_kurtosis": {
        "dmean": 1.02366805077,
        "dmean2": 1.7493275404,
        "dvar": 2.33279919624,
        "dvar2": 7.09655666351,
        "max": 22.3871231079,
        "mean": 3.13199067116,
        "median": 2.3197722435,
        "min": -1.26986443996,
        "var": 6.123462677
    },
    "spectral_rms": {
        "dmean": 0.000862833170686,
        "dmean2": 0.0013641162077,
        "dvar": 1.01889656889e-06,
        "dvar2": 2.54680639955e-06,
        "max": 0.0133408065885,
        "mean": 0.00501054385677,
        "median": 0.00529109686613,
        "min": 3.13740309774e-12,
        "var": 7.49662967792e-06
    },
    "spectral_rolloff": {
        "dmean": 944.414489746,
        "dmean2": 1585.46520996,
        "dvar": 1322358.625,
        "dvar2": 3234926,
        "max": 19401.4160156,
        "mean": 1927.29455566,
        "median": 1442.72460938,
        "min": 21.533203125,
        "var": 3778848.75
    },
    "spectral_skewness": {
        "dmean": 0.1537720263,
        "dmean2": 0.25479605794,
        "dvar": 0.0271268431097,
        "dvar2": 0.0770764946938,
        "max": 3.08598804474,
        "mean": 1.26384210587,
        "median": 1.17304348946,
        "min": -0.0832657366991,
        "var": 0.130821764469
    },
    "spectral_spread": {
        "dmean": 416578.90625,
        "dmean2": 644226.5625,
        "dvar": 353599619072,
        "dvar2": 767300141056,
        "max": 43469296,
        "mean": 5279888.5,
        "median": 5417738,
        "min": 1894488.375,
        "var": 7.63027678822e+12
    },
    "spectral_strongpeak": {
        "dmean": 0.261052101851,
        "dmean2": 0.43201559782,
        "dvar": 0.166064858437,
        "dvar2": 0.418700188398,
        "max": 5.03714466095,
        "mean": 0.491359531879,
        "median": 0.3656437397,
        "min": 0,
        "var": 0.254817038774
    },
    "zerocrossingrate": {
        "dmean": 0.0129498653114,
        "dmean2": 0.0166452042758,
        "dvar": 0.000175076784217,
        "dvar2": 0.000267213326879,
        "max": 0.849609375,
        "mean": 0.0769846066833,
        "median": 0.0732421875,
        "min": 0.00390625,
        "var": 0.00237024598755
    },
    "barkbands": {
        "dmean": [0.000843782792799, 0.00742939859629, 0.00255962368101, 0.00272225541994, 0.00313830119558, 0.000382316648029, 0.000677342875861, 0.000483558367705, 0.000373763119569, 0.000405000086175, 0.00031559180934, 0.0003992204729, 0.00028772855876, 0.000262748799287, 0.000277711689705, 0.000229536104598, 0.000279839325231, 0.000235757994233, 0.00031899480382, 0.000258342188317, 0.000307145848637, 0.000278400781099, 0.000189303493244, 0.000153448068886, 0.000142406381201, 7.42566189729e-05, 2.10906255234e-05],
        "dmean2": [0.00141331308987, 0.012291315943, 0.0044571608305, 0.00453349296004, 0.00504564121366, 0.000635338539723, 0.0011095458176, 0.000782417773735, 0.000629874353763, 0.000672860012855, 0.000537283078302, 0.000665835570544, 0.000493066443596, 0.000450783700217, 0.000476388901006, 0.000387023057556, 0.000481087365188, 0.00040678496589, 0.000565436726902, 0.000439173716586, 0.000535420316737, 0.000478994974401, 0.000310559611535, 0.000246685085585, 0.000235493891523, 0.000119961579912, 3.54131771019e-05],
        "dvar": [3.28261489813e-06, 0.000148238410475, 4.242891373e-05, 5.88161601627e-05, 9.39711389947e-05, 6.32866147043e-07, 2.27589225688e-06, 9.98223185888e-07, 4.80792607505e-07, 4.89867090891e-07, 3.68910008319e-07, 5.39426082469e-07, 2.98941870369e-07, 2.12678045841e-07, 2.63488345809e-07, 1.58434772857e-07, 2.05845012147e-07, 1.52607682935e-07, 4.61161846488e-07, 1.52018088784e-07, 3.0609956525e-07, 2.62781895799e-07, 9.5342265638e-08, 6.86485748247e-08, 7.21227308986e-08, 2.19640412524e-08, 2.20417550878e-09],
        "dvar2": [8.83495977178e-06, 0.000404047983466, 0.000117265852168, 0.000137428782182, 0.000224170857109, 1.60273566507e-06, 5.77737500862e-06, 2.47700154432e-06, 1.19739127058e-06, 1.28636895624e-06, 1.00987756468e-06, 1.37919869303e-06, 8.20633772491e-07, 5.85963107369e-07, 7.16507599918e-07, 4.20741258722e-07, 5.71264138216e-07, 4.15612049665e-07, 1.32021966692e-06, 4.15954445998e-07, 8.78538116922e-07, 7.15653584393e-07, 2.44259069859e-07, 1.66559814829e-07, 1.86930591894e-07, 5.57386279354e-08, 5.78725289913e-09],
        "max": [0.0264284145087, 0.110127180815, 0.0662095397711, 0.110755525529, 0.142741724849, 0.0205676965415, 0.024126380682, 0.0192683208734, 0.0145740350708, 0.0107087399811, 0.0108841406181, 0.0134166302159, 0.00967478286475, 0.00600785436109, 0.0106425452977, 0.00750369532034, 0.00790661759675, 0.00877109356225, 0.00701743690297, 0.00400073174387, 0.00487694749609, 0.00726235378534, 0.00361952697858, 0.00319059914909, 0.00250175548717, 0.0017551103374, 0.000639930076431],
        "mean": [0.00115299678873, 0.0131371766329, 0.00275718979537, 0.00264928140678, 0.00361023750156, 0.000560758111533, 0.000882275518961, 0.000701631768607, 0.000527556810994, 0.000608555099461, 0.000425094825914, 0.000620884180535, 0.000392607296817, 0.000378133147024, 0.000408324616728, 0.000389558670577, 0.000481102673803, 0.000430001644418, 0.000486489734612, 0.000510904239491, 0.000546605326235, 0.000524237751961, 0.00041291033267, 0.000357923709089, 0.000286240770947, 0.000151132277097, 2.74234662356e-05],
        "median": [0.000134337024065, 0.00397192686796, 0.000705017417204, 0.000381702266168, 0.000913376687095, 0.000249700940913, 0.000334650219884, 0.000188964506378, 0.000232717982726, 0.000246624316787, 0.000192248116946, 0.000246380222961, 0.000199460875592, 0.000192983134184, 0.000221935712034, 0.000223534792894, 0.000312789808959, 0.000315869227052, 0.000319520884659, 0.000392229267163, 0.000394426577259, 0.000370925379684, 0.000280590960756, 0.000228317367146, 0.000136689501232, 5.15790234203e-05, 2.07476864489e-06],
        "min": [2.62262083448e-25, 2.16602587456e-24, 4.3375625342e-25, 6.09616768501e-25, 9.64000016866e-24, 1.16507371963e-23, 1.34316601096e-23, 1.30489245199e-23, 2.07862292616e-23, 1.80194968518e-23, 2.53478742441e-23, 2.98796781962e-23, 3.31106946918e-23, 4.78027620459e-23, 5.27519491475e-23, 6.55039298566e-23, 5.89162975875e-23, 9.55780023125e-23, 1.58826326406e-22, 1.76582865941e-22, 2.29803259627e-22, 3.32572473775e-22, 4.06462335842e-22, 5.93548032766e-22, 8.38624169632e-22, 1.41590783429e-21, 2.0602336697e-21],
        "var": [4.72242709293e-06, 0.000279533065623, 3.55527263309e-05, 6.03410298936e-05, 0.000106155930553, 9.06156685687e-07, 3.09126426146e-06, 2.10421558222e-06, 7.9429850075e-07, 9.13606072572e-07, 4.85693647079e-07, 1.13943872293e-06, 3.25129803969e-07, 2.80347251191e-07, 3.29415968281e-07, 2.65267260602e-07, 3.23035578731e-07, 2.36801596998e-07, 4.35180453451e-07, 2.95083452784e-07, 4.0555664782e-07, 3.7789709495e-07, 2.28243166589e-07, 1.83888644756e-07, 1.4122565517e-07, 4.68551597521e-08, 2.74576339443e-09]
    },
    "erbbands": {
        "dmean": [0.283407092094, 1.49627399445, 2.67254471779, 6.55254173279, 13.0381946564, 7.93639564514, 2.97968101501, 3.30949497223, 8.47201919556, 8.82166385651, 11.6515169144, 9.07492637634, 9.96924972534, 14.9322280884, 11.2102460861, 16.6867694855, 12.9103860855, 13.1018152237, 14.3173103333, 12.192155838, 12.8563652039, 14.9156084061, 13.1226005554, 13.5316362381, 15.6862363815, 12.3245630264, 13.5758829117, 11.5420799255, 10.7231426239, 7.23040246964, 5.08633327484, 3.63676977158, 2.47651028633, 1.77137506008, 0.95624268055, 0.376631349325, 0.13545575738, 0.0366898328066, 0.00308681558818, 5.34277678526e-05],
        "dmean2": [0.460262686014, 2.48615837097, 4.48273611069, 10.9959888458, 20.6177101135, 13.2986354828, 5.05986499786, 5.53483915329, 13.9642972946, 14.5815048218, 18.8269920349, 15.2662115097, 16.5978164673, 24.9825820923, 18.7972431183, 27.9161815643, 22.076713562, 22.1273174286, 24.6433162689, 20.3532581329, 21.7002601624, 25.50897789, 22.6351490021, 23.7231235504, 27.6345672607, 21.0212421417, 23.8076286316, 20.0661849976, 18.5781917572, 12.1386966705, 8.29168701172, 5.85184144974, 3.99911022186, 2.95212888718, 1.56592190266, 0.609429240227, 0.220570579171, 0.0610327608883, 0.00515825953335, 8.70631629368e-05],
        "dvar": [0.240056499839, 6.52687454224, 38.0090484619, 326.444854736, 1602.94567871, 424.144470215, 37.9101486206, 54.1852607727, 389.741241455, 489.917510986, 620.095336914, 278.986999512, 338.266174316, 741.65838623, 406.892181396, 939.924316406, 632.330993652, 505.248535156, 752.683532715, 451.446350098, 512.216491699, 609.750366211, 469.302978516, 676.886779785, 937.881835938, 356.094512939, 629.761962891, 408.682800293, 406.363342285, 145.387023926, 68.5619125366, 37.0797348022, 18.493227005, 11.407790184, 3.18770861626, 0.510592877865, 0.0834784060717, 0.00680824834853, 4.59532820969e-05, 1.15706422221e-08],
        "dvar2": [0.621742069721, 17.5734806061, 101.686981201, 782.145935059, 3528.3527832, 1113.67907715, 101.462783813, 135.270721436, 998.515197754, 1258.44445801, 1506.7545166, 717.319274902, 863.129455566, 1970.68579102, 1107.48571777, 2491.94042969, 1738.06201172, 1383.20092773, 2070.61206055, 1192.0201416, 1363.83349609, 1668.96020508, 1282.81811523, 1885.9942627, 2676.37695312, 969.477355957, 1804.48681641, 1164.81750488, 1119.32104492, 390.517028809, 167.478149414, 91.364906311, 45.1167869568, 29.9939994812, 8.12185955048, 1.29837274551, 0.217104554176, 0.0176529604942, 0.000118761701742, 2.9237481769e-08],
        "max": [4.72686576843, 21.5838756561, 63.677482605, 236.543304443, 558.305297852, 275.446746826, 187.271224976, 190.212493896, 418.23059082, 583.973022461, 534.995849609, 351.61126709, 342.282989502, 467.96194458, 333.457702637, 642.137756348, 385.190979004, 299.646789551, 487.066589355, 408.609039307, 477.335357666, 446.82043457, 408.459564209, 625.970092773, 306.239349365, 242.590393066, 222.780212402, 183.946807861, 307.672973633, 128.328826904, 115.686203003, 71.9284973145, 55.9339485168, 34.177947998, 16.1738777161, 8.24746227264, 3.20332503319, 1.0363919735, 0.0777331218123, 0.00118270830717],
        "mean": [0.522791683674, 2.35320210457, 3.42524385452, 6.63262748718, 14.0453081131, 9.21612071991, 4.27196550369, 4.63467931747, 11.1742420197, 12.1054782867, 17.6873474121, 13.4076795578, 15.3997831345, 22.1582756042, 17.7062168121, 25.8810100555, 18.7458362579, 19.9026050568, 21.1765098572, 20.5586509705, 22.9256916046, 26.6096668243, 24.3150043488, 23.2849807739, 25.0624389648, 24.1161994934, 23.514881134, 21.0008621216, 19.2226219177, 14.7476501465, 11.4592590332, 8.14041996002, 5.62557983398, 3.46605706215, 1.88534832001, 0.774339556694, 0.254525542259, 0.0599043406546, 0.00413006125018, 0.000112875022751],
        "median": [0.0944499894977, 0.862471342087, 1.27082526684, 1.27816474438, 2.58528470993, 2.80448102951, 1.7431602478, 2.06193304062, 4.22567653656, 4.90698480606, 4.92711353302, 6.06303977966, 7.05220985413, 9.16801929474, 9.20448875427, 10.6389532089, 10.3234443665, 10.6026964188, 11.3316545486, 12.1666507721, 14.1280708313, 17.7782173157, 18.0245895386, 16.9470405579, 17.3951034546, 18.5358867645, 16.6391067505, 15.2146396637, 13.3206605911, 10.2943572998, 7.72560882568, 5.3553686142, 3.45264625549, 1.78001785278, 0.804436206818, 0.29822987318, 0.0774901807308, 0.0125830061734, 0.000387061096262, 5.95911988057e-05],
        "min": [3.12270841767e-23, 2.54853443009e-22, 1.65212252621e-21, 4.5101194911e-21, 2.42090691382e-20, 2.40618826879e-20, 5.69441085698e-20, 1.17544652715e-19, 2.11036793148e-19, 1.29004878211e-19, 3.38967629032e-19, 3.18419557887e-19, 6.80029575977e-19, 9.8921940089e-19, 8.50294106819e-19, 1.21930020526e-18, 1.49301044424e-18, 2.78637981367e-18, 2.29170616182e-18, 2.67837711584e-18, 4.04024996468e-18, 4.33206770426e-18, 6.13409473078e-18, 6.85138481254e-18, 8.11884967692e-18, 7.65947740528e-18, 9.98427347995e-18, 9.39736236556e-18, 9.19107344696e-18, 1.14551892062e-17, 1.29726321876e-17, 1.21756395315e-17, 9.56441976207e-18, 8.86185887188e-18, 6.56345482184e-18, 4.53880454117e-18, 2.61277342146e-18, 1.02235087956e-18, 2.64675617237e-19, 2.73790837394e-20],
        "var": [0.552412331104, 9.91393280029, 39.1116447449, 323.343475342, 1984.73950195, 434.385345459, 54.0629577637, 74.9439849854, 512.518981934, 577.771606445, 1405.00195312, 447.791259766, 635.188049316, 1252.26269531, 653.488464355, 1845.35876465, 688.981811523, 707.227050781, 879.265136719, 728.006652832, 847.571716309, 987.391967773, 746.606323242, 803.744750977, 997.144470215, 667.298400879, 785.859741211, 575.628112793, 535.26751709, 280.261444092, 180.691772461, 93.6197814941, 47.892791748, 20.537153244, 6.49759912491, 1.17171263695, 0.146655574441, 0.00980494450778, 6.05850000284e-05, 2.12971311697e-08]
    },
    "gfcc": {
        "mean": [-9.44265651703, 62.8040351868, -115.183479309, 41.778793335, -51.9165229797, 21.9118442535, -30.071855545, 11.8692865372, -22.2927474976, 3.67178177834, -17.2627658844, 1.15807139874, -12.1389513016],
        "cov": [[28140.3691406, -2884.68579102, 1636.24108887, 1436.37451172, 24.2944545746, 1237.51806641, 25.81798172, 772.085998535, -424.588500977, 502.689239502, -448.443572998, 583.72833252, -373.152557373], [-2884.68579102, 2637.17773438, -626.178344727, -294.90020752, 13.6536235809, -534.606750488, -67.7101364136, -306.317382812, 174.701568604, -203.745285034, 228.483505249, -223.834091187, 174.164474487], [1636.24108887, -626.178344727, 1076.77331543, 358.867828369, 331.478668213, 272.627868652, 75.3640213013, 134.444152832, -29.3639221191, 88.8633880615, -41.9816932678, 128.587677002, -58.3442153931], [1436.37451172, -294.90020752, 358.867828369, 365.019683838, 201.403137207, 207.613357544, 70.8512496948, 103.597312927, 10.4130401611, 55.6659889221, -25.3027629852, 50.2923965454, -18.9056301117], [24.2944545746, 13.6536235809, 331.478668213, 201.403137207, 437.692901611, 203.61869812, 164.917297363, 75.1802902222, 50.5453910828, 28.2150993347, 21.1573181152, 28.2219600677, 19.4198360443], [1237.51806641, -534.606750488, 272.627868652, 207.613357544, 203.61869812, 349.579589844, 152.609786987, 167.277404785, 1.3231087923, 81.1361083984, -26.9049949646, 84.2608337402, -27.2682857513], [25.81798172, -67.7101364136, 75.3640213013, 70.8512496948, 164.917297363, 152.609786987, 226.54977417, 124.065536499, 54.3398208618, 35.0285797119, 30.3308849335, 34.1338768005, 19.8069381714], [772.085998535, -306.317382812, 134.444152832, 103.597312927, 75.1802902222, 167.277404785, 124.065536499, 193.220703125, 54.6146659851, 85.1680984497, 4.37955188751, 63.8135185242, -8.02671051025], [-424.588500977, 174.701568604, -29.3639221191, 10.4130401611, 50.5453910828, 1.3231087923, 54.3398208618, 54.6146659851, 135.901611328, 53.9416275024, 56.204158783, 2.43333101273, 33.4345474243], [502.689239502, -203.745285034, 88.8633880615, 55.6659889221, 28.2150993347, 81.1361083984, 35.0285797119, 85.1680984497, 53.9416275024, 111.298942566, 31.2698326111, 51.6609764099, -3.60535407066], [-448.443572998, 228.483505249, -41.9816932678, -25.3027629852, 21.1573181152, -26.9049949646, 30.3308849335, 4.37955188751, 56.204158783, 31.2698326111, 93.6028900146, 20.5401744843, 35.7151069641], [583.72833252, -223.834091187, 128.587677002, 50.2923965454, 28.2219600677, 84.2608337402, 34.1338768005, 63.8135185242, 2.43333101273, 51.6609764099, 20.5401744843, 92.0121612549, 12.9326601028], [-373.152557373, 174.164474487, -58.3442153931, -18.9056301117, 19.4198360443, -27.2682857513, 19.8069381714, -8.02671051025, 33.4345474243, -3.60535407066, 35.7151069641, 12.9326601028, 66.9003295898]],
        "icov": [[7.42755291867e-05, -0.000128500862047, 2.22204780584e-05, -0.000238844018895, 0.000136174770887, -9.66835941654e-05, 2.38691591221e-05, -0.000115781760542, 0.000300354207866, -0.000406179984566, 0.000525239214767, -0.000497616303619, 0.000244605937041], [-0.000128500862047, 0.00155488424934, 8.02202339401e-05, 0.00023164410959, -0.000786278047599, 0.00109370634891, 0.000230645338888, 0.00022933362925, -0.00142049975693, 0.0028172316961, -0.00405001826584, 0.00293012964539, -0.0015385216102], [2.22204780584e-05, 8.02202339401e-05, 0.00210547540337, -0.00117222114932, -0.00157089647837, 0.000883884320501, 0.000469716789667, -0.000195330867427, 0.000277719635051, -0.000188479592907, 0.00075326935621, -0.00297852791846, 0.00209849653766], [-0.000238844018895, 0.00023164410959, -0.00117222114932, 0.00633385917172, -0.00143486855086, -0.00197456171736, 0.00124944583513, -0.000651325739454, -0.00115710473619, 0.000726502737962, -0.000653082912322, 0.00247304630466, -0.0015160079347], [0.000136174770887, -0.000786278047599, -0.00157089647837, -0.00143486855086, 0.0065332534723, -0.00353050651029, -0.00285969744436, 0.0024116046261, -0.000775155320298, -0.000533242186066, 0.000731551786885, 0.00117782142479, -0.00142803462222], [-9.66835941654e-05, 0.00109370634891, 0.000883884320501, -0.00197456171736, -0.00353050651029, 0.0112928738818, -0.00288508972153, -0.00292910565622, 0.00175652652979, -0.00118802872021, 0.00106392195448, -0.00293908803724, 0.00201508379541], [2.38691591221e-05, 0.000230645338888, 0.000469716789667, 0.00124944583513, -0.00285969744436, -0.00288508972153, 0.0117276385427, -0.00707868114114, -0.000399423239287, 0.0043206717819, -0.00445055915043, 0.00200045155361, -0.00195017247461], [-0.000115781760542, 0.00022933362925, -0.000195330867427, -0.000651325739454, 0.0024116046261, -0.00292910565622, -0.00707868114114, 0.0178158339113, -0.00624815281481, -0.00441192556173, 0.00399907166138, -0.00444674538448, 0.00235166680068], [0.000300354207866, -0.00142049975693, 0.000277719635051, -0.00115710473619, -0.000775155320298, 0.00175652652979, -0.000399423239287, -0.00624815281481, 0.0192098096013, -0.0110721495003, -0.00117830990348, 0.00464987428859, -0.00486882403493], [-0.000406179984566, 0.0028172316961, -0.000188479592907, 0.000726502737962, -0.000533242186066, -0.00118802872021, 0.0043206717819, -0.00441192556173, -0.0110721495003, 0.0286986716092, -0.0139887584373, -0.00112386071123, 0.00306848506443], [0.000525239214767, -0.00405001826584, 0.00075326935621, -0.000653082912322, 0.000731551786885, 0.00106392195448, -0.00445055915043, 0.00399907166138, -0.00117830990348, -0.0139887584373, 0.0330351442099, -0.0158634744585, 0.00122998934239], [-0.000497616303619, 0.00293012964539, -0.00297852791846, 0.00247304630466, 0.00117782142479, -0.00293908803724, 0.00200045155361, -0.00444674538448, 0.00464987428859, -0.00112386071123, -0.0158634744585, 0.0348815843463, -0.01562673226], [0.000244605937041, -0.0015385216102, 0.00209849653766, -0.0015160079347, -0.00142803462222, 0.00201508379541, -0.00195017247461, 0.00235166680068, -0.00486882403493, 0.00306848506443, 0.00122998934239, -0.01562673226, 0.0287772025913]]
    },
    "melbands": {
        "dmean": [0.00226675253361, 0.00139200885314, 0.00129635585472, 0.000821288209409, 0.000123597958009, 7.69442340243e-05, 0.000134045723826, 9.11989627639e-05, 9.27244473132e-05, 5.66558119317e-05, 5.01963149873e-05, 6.12643634668e-05, 3.9389840822e-05, 4.6353918151e-05, 3.3469961636e-05, 2.93771954603e-05, 2.5086246751e-05, 2.38495231315e-05, 2.00023405341e-05, 1.64827124536e-05, 1.62891938089e-05, 1.69267859746e-05, 1.4552319044e-05, 1.11188282972e-05, 1.15255788842e-05, 1.34856582008e-05, 9.38501580094e-06, 8.6065965661e-06, 9.45519514062e-06, 7.27803808331e-06, 7.12392011337e-06, 6.31958118902e-06, 5.63751200389e-06, 4.06066828873e-06, 3.14826661452e-06, 2.82194446299e-06, 2.20020342567e-06, 1.89268041595e-06, 1.65330391155e-06, 1.58328441557e-06],
        "dmean2": [0.00372045650147, 0.00226631760597, 0.00211628177203, 0.00132241239771, 0.000211011050851, 0.000128236162709, 0.000220011555939, 0.000150760723045, 0.000150235064211, 9.5322386187e-05, 8.36106191855e-05, 0.000102522666566, 6.65530387778e-05, 7.73476203904e-05, 5.65240152355e-05, 5.01554568473e-05, 4.25648504461e-05, 4.10979446315e-05, 3.40427541232e-05, 2.77143317362e-05, 2.77318667941e-05, 2.90670141112e-05, 2.48537035077e-05, 1.91818362509e-05, 2.02573937713e-05, 2.40253593802e-05, 1.5971096218e-05, 1.47879654833e-05, 1.6616371795e-05, 1.26161694425e-05, 1.2442966181e-05, 1.0956897313e-05, 9.73287751549e-06, 6.85497479935e-06, 5.17390071764e-06, 4.61974013888e-06, 3.60139370059e-06, 3.07902837449e-06, 2.72714487437e-06, 2.67046289082e-06],
        "dvar": [1.41034433909e-05, 6.89127682563e-06, 1.05395520222e-05, 6.09925609751e-06, 6.48182734153e-08, 2.93870279222e-08, 8.99556695799e-08, 4.65824818718e-08, 3.76929669699e-08, 1.21366658945e-08, 8.71845262651e-09, 1.26223032026e-08, 5.0540189811e-09, 8.40088709708e-09, 3.64586627555e-09, 2.95164981345e-09, 1.87677895447e-09, 2.06418415694e-09, 1.36700917253e-09, 8.29189050755e-10, 8.07594602303e-10, 8.19046053202e-10, 5.43102618433e-10, 3.33108568507e-10, 4.87764661994e-10, 8.41528458029e-10, 2.16128892561e-10, 1.72694233913e-10, 2.93741198032e-10, 1.54767629268e-10, 1.65041355582e-10, 1.20594478847e-10, 1.31296473693e-10, 4.45983805442e-11, 2.55832039581e-11, 2.13487907907e-11, 1.34901360915e-11, 1.04170500351e-11, 8.65721470206e-12, 9.66875798175e-12],
        "dvar2": [3.82054640795e-05, 1.74967608473e-05, 2.47838925134e-05, 1.46927941387e-05, 1.69035402564e-07, 7.30091258561e-08, 2.30215263741e-07, 1.20315121421e-07, 9.18142077921e-08, 3.04113534355e-08, 2.23097913477e-08, 3.33836247535e-08, 1.37937279376e-08, 2.1106966841e-08, 9.88874848673e-09, 8.08779088146e-09, 5.1311017657e-09, 5.67927216366e-09, 3.6813638804e-09, 2.25768181927e-09, 2.1585400134e-09, 2.26880403353e-09, 1.50624956952e-09, 9.02812102854e-10, 1.36118272209e-09, 2.42327136135e-09, 5.88849302652e-10, 4.72730354861e-10, 8.39025793287e-10, 4.43398401329e-10, 4.71049255157e-10, 3.32116500967e-10, 3.60233287644e-10, 1.25009808061e-10, 6.34104782571e-11, 5.35130724455e-11, 3.36743063989e-11, 2.54833446012e-11, 2.21234020686e-11, 2.61178145083e-11],
        "max": [0.0348852090538, 0.0256549175829, 0.039284016937, 0.0362215526402, 0.00725111970678, 0.00453752093017, 0.00573377078399, 0.00573547650129, 0.00429729931056, 0.00233314256184, 0.00167617632542, 0.00175753468648, 0.00112434255425, 0.00204918440431, 0.00099658453837, 0.000821389548946, 0.000553530000616, 0.0008202335448, 0.000788780860603, 0.000401533296099, 0.000545118004084, 0.000570711912587, 0.000409369036788, 0.000460491282865, 0.000528379052412, 0.000299166131299, 0.000215098014451, 0.000153826273163, 0.000219861176447, 0.000139951414894, 0.000122387675219, 0.00015909220383, 0.000165737321367, 7.93432191131e-05, 7.11860848241e-05, 6.247607962e-05, 4.66976998723e-05, 4.58069152955e-05, 3.45480184478e-05, 3.36064003932e-05],
        "mean": [0.00409543234855, 0.00223863474093, 0.00136913266033, 0.000917592435144, 0.000170838553458, 0.000108895721496, 0.000178260961547, 0.000127961582621, 0.000138905452332, 8.05855670478e-05, 7.51085754018e-05, 8.90848095878e-05, 5.70742813579e-05, 7.12676337571e-05, 4.95621170558e-05, 3.96944924432e-05, 3.64362822438e-05, 3.32300514856e-05, 2.97549559036e-05, 2.68436360784e-05, 2.69546562777e-05, 2.78922379948e-05, 2.46597701334e-05, 1.98891757464e-05, 1.84745385923e-05, 1.88423728105e-05, 1.67779780895e-05, 1.57848971867e-05, 1.52654902195e-05, 1.26200557133e-05, 1.20967997645e-05, 1.09879028969e-05, 9.58769123827e-06, 7.74003638071e-06, 6.72666556056e-06, 5.69389067095e-06, 4.68594635095e-06, 4.09009362556e-06, 3.31780393026e-06, 2.7993914955e-06],
        "median": [0.00101617351174, 0.00107940775342, 0.000282764522126, 0.000229445635341, 6.63631290081e-05, 4.72000829177e-05, 6.89393782523e-05, 5.13359991601e-05, 3.82189973607e-05, 3.55238371412e-05, 3.25487199007e-05, 3.50171103491e-05, 2.84065863525e-05, 2.75080110441e-05, 2.4166318326e-05, 1.97266126634e-05, 1.82067651622e-05, 1.69477025338e-05, 1.67239049915e-05, 1.52465190695e-05, 1.58163857122e-05, 1.75617551577e-05, 1.67790130945e-05, 1.4202816601e-05, 1.25629976537e-05, 1.17091021821e-05, 1.20995809993e-05, 1.16986593639e-05, 1.01840341813e-05, 8.81879532244e-06, 8.39793301566e-06, 7.46579598854e-06, 6.30018485026e-06, 5.19261993759e-06, 4.41989323008e-06, 3.65022788174e-06, 2.99641897072e-06, 2.4731511985e-06, 1.87724072021e-06, 1.31655269797e-06],
        "min": [8.68216959627e-25, 1.55614113987e-24, 9.2934549535e-25, 1.35454674947e-24, 2.47159154063e-24, 2.49558790051e-24, 3.51377934835e-24, 1.29529175839e-24, 3.1355621567e-24, 2.19300156486e-24, 3.24734690242e-24, 3.61553254436e-24, 3.87015278431e-24, 2.19996148741e-24, 2.46106715008e-24, 3.13328392641e-24, 3.50698488937e-24, 3.33943872171e-24, 3.98065996978e-24, 3.44669106709e-24, 4.39596210422e-24, 3.56139065385e-24, 4.48393153364e-24, 4.86568223049e-24, 4.6949313154e-24, 5.94786883597e-24, 5.73264549292e-24, 3.75447224901e-24, 5.5495907143e-24, 5.58905387551e-24, 5.14327567772e-24, 4.91381891736e-24, 5.19278222155e-24, 6.19155270276e-24, 7.02723605258e-24, 6.01680817934e-24, 7.18272763675e-24, 6.14409443627e-24, 7.31452341704e-24, 6.15901416257e-24],
        "var": [2.9069971788e-05, 1.00330653368e-05, 1.1382019693e-05, 6.75833325658e-06, 9.62504316249e-08, 4.21695389718e-08, 1.23101443705e-07, 5.74925422825e-08, 8.46008560984e-08, 1.93625648848e-08, 1.59385642462e-08, 2.13530793047e-08, 6.90994994557e-09, 1.8090311471e-08, 5.25045873445e-09, 3.34710703598e-09, 2.61060240092e-09, 2.35689379124e-09, 1.73809877602e-09, 1.28723198767e-09, 1.25725629907e-09, 1.19401744048e-09, 8.45916225956e-10, 5.22052456819e-10, 5.52868473225e-10, 7.3462808059e-10, 3.59820367946e-10, 3.01525415747e-10, 3.65893204624e-10, 2.17754869691e-10, 2.08690009718e-10, 1.70732858407e-10, 1.54576518252e-10, 8.16810785675e-11, 6.44102063352e-11, 4.78560940875e-11, 3.22166703037e-11, 2.64858100729e-11, 1.80071704076e-11, 1.4739546389e-11]
    },
    "mfcc": {
        "mean": [-643.528930664, 89.3691329956, -0.312565237284, 24.6255874634, 5.47711515427, 11.9969816208, 5.41763687134, 8.43451499939, 4.04770374298, 3.51945328712, 0.945029199123, 1.92025744915, -0.604607701302],
        "cov": [[17348.9746094, -1579.88977051, 1160.8729248, 478.079925537, 380.749755859, 628.320983887, 505.941986084, 514.668579102, 281.185882568, 121.886260986, 92.584236145, 268.564178467, 242.376541138], [-1579.88977051, 2335.33300781, -438.201690674, 130.986083984, -62.8920860291, -179.541885376, -189.706420898, -179.316955566, -131.811904907, -78.1599960327, -52.672328949, -33.1709938049, 24.2654495239], [1160.8729248, -438.201690674, 556.023010254, 156.166656494, 194.009368896, 114.945152283, 93.3871688843, 81.7923965454, 41.0361785889, 18.21692276, 33.9301528931, 33.119846344, 28.0313796997], [478.079925537, 130.986083984, 156.166656494, 241.709960938, 155.511901855, 89.5601501465, 62.4189109802, 48.1552505493, 43.0682258606, 25.1563358307, 28.9046878815, 15.6314716339, 12.0453691483], [380.749755859, -62.8920860291, 194.009368896, 155.511901855, 297.374237061, 173.102600098, 122.171005249, 84.4109115601, 67.7596511841, 41.4862480164, 45.1661911011, 15.9186515808, 16.20728302], [628.320983887, -179.541885376, 114.945152283, 89.5601501465, 173.102600098, 209.780899048, 150.646530151, 108.818206787, 74.8441619873, 43.8581008911, 41.9229011536, 22.0081329346, 13.5703868866], [505.941986084, -189.706420898, 93.3871688843, 62.4189109802, 122.171005249, 150.646530151, 226.359649658, 148.218200684, 93.5556716919, 45.6848640442, 51.6975975037, 30.8377952576, 20.163236618], [514.668579102, -179.316955566, 81.7923965454, 48.1552505493, 84.4109115601, 108.818206787, 148.218200684, 161.920974731, 102.325386047, 53.8102493286, 50.0400352478, 37.3446388245, 21.2993984222], [281.185882568, -131.811904907, 41.0361785889, 43.0682258606, 67.7596511841, 74.8441619873, 93.5556716919, 102.325386047, 122.397773743, 72.1166534424, 54.2469062805, 30.9555721283, 15.424413681], [121.886260986, -78.1599960327, 18.21692276, 25.1563358307, 41.4862480164, 43.8581008911, 45.6848640442, 53.8102493286, 72.1166534424, 94.401008606, 61.3151473999, 30.9641132355, 11.2351207733], [92.584236145, -52.672328949, 33.9301528931, 28.9046878815, 45.1661911011, 41.9229011536, 51.6975975037, 50.0400352478, 54.2469062805, 61.3151473999, 88.1982879639, 46.7571792603, 20.9059123993], [268.564178467, -33.1709938049, 33.119846344, 15.6314716339, 15.9186515808, 22.0081329346, 30.8377952576, 37.3446388245, 30.9555721283, 30.9641132355, 46.7571792603, 74.0439224243, 46.5533714294], [242.376541138, 24.2654495239, 28.0313796997, 12.0453691483, 16.20728302, 13.5703868866, 20.163236618, 21.2993984222, 15.424413681, 11.2351207733, 20.9059123993, 46.5533714294, 75.4377746582]],
