{
"lowlevel": {
    "average_loudness": 0.92710018158,
    "barkbands_crest": {
        "dmean": 2.88006711006,
        "dmean2": 4.36790943146,
        "dvar": 10.1557998657,
        "dvar2": 21.9952449799,
        "max": 26.3391361237,
        "mean": 12.0356683731,
        "median": 10.9794101715,
        "min": 1.87813794613,
        "var": 35.1230278015
    },
    "barkbands_flatness_db": {
        "dmean": 0.0270046703517,
        "dmean2": 0.0390591695905,
        "dvar": 0.0012545370264,
        "dvar2": 0.00256994785741,
        "max": 0.645605266094,
        "mean": 0.124038822949,
        "median": 0.108380459249,
        "min": 0.0126112215221,
        "var": 0.00507828081027
    },
    "barkbands_kurtosis": {
        "dmean": 6.21464443207,
        "dmean2": 9.43017578125,
        "dvar": 515.735534668,
        "dvar2": 1039.56396484,
        "max": 1392.40698242,
        "mean": 7.63732481003,
        "median": 0.901216983795,
        "min": -1.93225038052,
        "var": 1094.35229492
    },
    "barkbands_skewness": {
        "dmean": 0.805200874805,
        "dmean2": 1.15530502796,
        "dvar": 1.50780367851,
        "dvar2": 2.89581823349,
        "max": 32.3856201172,
        "mean": 1.45714271069,
        "median": 1.06363654137,
        "min": -5.95820045471,
        "var": 4.70465898514
    },
    "barkbands_spread": {
        "dmean": 8.87325286865,
        "dmean2": 13.648267746,
        "dvar": 130.181564331,
        "dvar2": 292.568511963,
        "max": 122.769943237,
        "mean": 33.3864631653,
        "median": 29.0950107574,
        "min": 0.118742950261,
        "var": 455.345275879
    },
    "dissonance": {
        "dmean": 0.0130786104128,
        "dmean2": 0.0218297205865,
        "dvar": 0.000266356684733,
        "dvar2": 0.00070751295425,
        "max": 0.500000178814,
        "mean": 0.4742667377,
        "median": 0.484334617853,
        "min": 0.205557107925,
        "var": 0.000838625070173
    },
    "dynamic_complexity": 2.88075947762,
    "erbbands_crest": {
        "dmean": 2.37942433357,
        "dmean2": 3.79574370384,
        "dvar": 6.1851606369,
        "dvar2": 14.5844430923,
        "max": 30.2594032288,
        "mean": 8.72939109802,
        "median": 7.08906888962,
        "min": 2.42797112465,
        "var": 24.3904380798
    },
    "erbbands_flatness_db": {
        "dmean": 0.0165444035083,
        "dmean2": 0.023593807593,
        "dvar": 0.000410037202528,
        "dvar2": 0.000773404142819,
        "max": 0.460582137108,
        "mean": 0.139781743288,
        "median": 0.128625556827,
        "min": 0.0457762852311,
        "var": 0.00341687072068
    },
    "erbbands_kurtosis": {
        "dmean": 1.08106517792,
        "dmean2": 1.68458759785,
        "dvar": 4.85207891464,
        "dvar2": 10.7885189056,
        "max": 104.284133911,
        "mean": 0.893218576908,
        "median": -0.0308327674866,
        "min": -1.84358632565,
        "var": 18.2714176178
    },
    "erbbands_skewness": {
        "dmean": 0.392739772797,
        "dmean2": 0.593495965004,
        "dvar": 0.189771801233,
        "dvar2": 0.431921303272,
        "max": 7.02674531937,
        "mean": 0.0821745991707,
        "median": -0.0378885492682,
        "min": -5.67831468582,
        "var": 1.08480226994
    },
    "erbbands_spread": {
        "dmean": 10.3849782944,
        "dmean2": 15.2521133423,
        "dvar": 166.011230469,
        "dvar2": 334.722869873,
        "max": 166.257446289,
        "mean": 45.9952201843,
        "median": 40.7699356079,
        "min": 1.50531113148,
        "var": 645.458251953
    },
    "hfc": {
        "dmean": 13.1193141937,
        "dmean2": 20.1946601868,
        "dvar": 583.47076416,
        "dvar2": 1429.38244629,
        "max": 281.839447021,
        "mean": 33.5353469849,
        "median": 27.7001647949,
        "min": 1.09546354169e-16,
        "var": 972.739990234
    },
    "melbands_crest": {
        "dmean": 3.36477589607,
        "dmean2": 5.28084516525,
        "dvar": 14.3358631134,
        "dvar2": 33.6733665466,
        "max": 39.9192390442,
        "mean": 16.3086204529,
        "median": 15.6302061081,
        "min": 1.29321086407,
        "var": 49.8926734924
    },
    "melbands_flatness_db": {
        "dmean": 0.0335263833404,
        "dmean2": 0.0478898137808,
        "dvar": 0.00202330504544,
        "dvar2": 0.00404713023454,
        "max": 0.791980147362,
        "mean": 0.172178313136,
        "median": 0.156151011586,
        "min": 0.00227996404283,
        "var": 0.00783563964069
    },
    "melbands_kurtosis": {
        "dmean": 23.9176235199,
        "dmean2": 33.3277854919,
        "dvar": 37739.0078125,
        "dvar2": 59163.2265625,
        "max": 16633.8652344,
        "mean": 32.7827720642,
        "median": 6.1685552597,
        "min": -1.91326344013,
        "var": 73674.6015625
    },
    "melbands_skewness": {
        "dmean": 1.20095431805,
        "dmean2": 1.70997822285,
        "dvar": 4.40303325653,
        "dvar2": 7.51257514954,
        "max": 112.330612183,
        "mean": 3.17607688904,
        "median": 2.14729809761,
        "min": -3.89500665665,
        "var": 14.5983104706
    },
    "melbands_spread": {
        "dmean": 13.8211812973,
        "dmean2": 21.6953239441,
        "dvar": 529.273925781,
        "dvar2": 1210.86328125,
        "max": 289.529083252,
        "mean": 39.3833045959,
        "median": 28.3337497711,
        "min": 0.0326209738851,
        "var": 1364.05627441
    },
    "pitch_salience": {
        "dmean": 0.0882618874311,
        "dmean2": 0.137534603477,
        "dvar": 0.0114877270535,
        "dvar2": 0.024082519114,
        "max": 0.994490563869,
        "mean": 0.506402850151,
        "median": 0.528758883476,
        "min": 0.00968189630657,
        "var": 0.0306572411209
    },
    "silence_rate_20dB": {
        "dmean": 0,
        "dmean2": 0,
        "dvar": 0,
        "dvar2": 0,
        "max": 1,
        "mean": 1,
        "median": 1,
        "min": 1,
        "var": 0
    },
    "silence_rate_30dB": {
        "dmean": 0.0458799786866,
        "dmean2": 0.0917683765292,
        "dvar": 0.0437754429877,
        "dvar2": 0.101701810956,
        "max": 1,
        "mean": 0.959537565708,
        "median": 1,
        "min": 0,
        "var": 0.0388278886676
    },
    "silence_rate_60dB": {
        "dmean": 0.0304643046111,
        "dmean2": 0.0609342008829,
        "dvar": 0.029536454007,
        "dvar2": 0.0691571459174,
        "max": 1,
        "mean": 0.0784475654364,
        "median": 0,
        "min": 0,
        "var": 0.0723015889525
    },
    "spectral_centroid": {
        "dmean": 341.532104492,
        "dmean2": 508.414001465,
        "dvar": 195497.078125,
        "dvar2": 417145.53125,
        "max": 11504.4267578,
        "mean": 1995.3215332,
        "median": 1917.64221191,
        "min": 100.579803467,
        "var": 951709.125
    },
    "spectral_complexity": {
        "dmean": 4.67204999924,
        "dmean2": 7.25484085083,
        "dvar": 36.0215568542,
        "dvar2": 78.2086791992,
        "max": 59,
        "mean": 19.4000358582,
        "median": 18,
        "min": 0,
        "var": 136.164459229
    },
    "spectral_decrease": {
        "dmean": 2.88571100349e-09,
        "dmean2": 4.13446077374e-09,
        "dvar": 2.96637621748e-17,
        "dvar2": 5.5698960935e-17,
        "max": 5.06801844481e-29,
        "mean": -7.09433223278e-09,
        "median": -4.89928320135e-09,
        "min": -5.64572602002e-08,
        "var": 6.36714931149e-17
    },
    "spectral_energy": {
        "dmean": 0.0113884564489,
        "dmean2": 0.0161932520568,
        "dvar": 0.000419751275331,
        "dvar2": 0.00077970320126,
        "max": 0.21555569768,
        "mean": 0.0298174768686,
        "median": 0.0222461465746,
        "min": 1.04112570811e-20,
        "var": 0.000938522978686
    },
    "spectral_energyband_high": {
        "dmean": 0.00132290972397,
        "dmean2": 0.00206765928306,
        "dvar": 7.43929604141e-06,
        "dvar2": 1.83018855751e-05,
        "max": 0.0326051153243,
        "mean": 0.00260480679572,
        "median": 0.00154379359446,
        "min": 7.14381207438e-21,
        "var": 1.19188989629e-05
    },
    "spectral_energyband_low": {
        "dmean": 0.00761037087068,
        "dmean2": 0.0114266239107,
        "dvar": 0.000439901748905,
        "dvar2": 0.000897088029888,
        "max": 0.210596010089,
        "mean": 0.0126954428852,
        "median": 0.00193370168563,
        "min": 3.00186944203e-23,
        "var": 0.000792705686763
    },
    "spectral_energyband_middle_high": {
        "dmean": 0.00202207337134,
        "dmean2": 0.00309619912878,
        "dvar": 8.9491259132e-06,
        "dvar2": 1.97149456653e-05,
        "max": 0.0513550192118,
        "mean": 0.0053898813203,
        "median": 0.00364235742018,
        "min": 1.53890884416e-21,
        "var": 3.66250897059e-05
    },
    "spectral_energyband_middle_low": {
        "dmean": 0.00496375374496,
        "dmean2": 0.00735542364419,
        "dvar": 0.000124676589621,
        "dvar2": 0.000249656150118,
        "max": 0.140286773443,
        "mean": 0.00989801436663,
        "median": 0.00440889270976,
        "min": 1.97538204893e-22,
        "var": 0.000254444894381
    },
    "spectral_entropy": {
        "dmean": 0.172354921699,
        "dmean2": 0.250696063042,
        "dvar": 0.0482968464494,
        "dvar2": 0.105599433184,
        "max": 9.81262683868,
        "mean": 7.82284355164,
        "median": 7.96607398987,
        "min": 4.76570081711,
        "var": 0.313203513622
    },
    "spectral_flux": {
        "dmean": 0.0310039110482,
        "dmean2": 0.0457150414586,
        "dvar": 0.00188396300655,
        "dvar2": 0.00356366438791,
        "max": 0.463516920805,
        "mean": 0.0850140526891,
        "median": 0.0652600824833,
        "min": 6.49070172609e-11,
        "var": 0.00439477199689
    },
    "spectral_kurtosis": {
        "dmean": 1.05624473095,
        "dmean2": 1.72967112064,
        "dvar": 6.91243505478,
        "dvar2": 16.4139461517,
        "max": 92.7070541382,
        "mean": 3.23740506172,
        "median": 2.58808135986,
        "min": -1.25622534752,
        "var": 13.1052703857
    },
    "spectral_rms": {
        "dmean": 0.00091106002219,
        "dmean2": 0.00127267336939,
        "dvar": 1.62552839811e-06,
        "dvar2": 2.81210668618e-06,
        "max": 0.0145016629249,
        "mean": 0.00481806881726,
        "median": 0.00465870788321,
        "min": 3.18705565411e-12,
        "var": 5.87638533034e-06
    },
    "spectral_rolloff": {
        "dmean": 1028.07800293,
        "dmean2": 1631.0123291,
        "dvar": 2473382.5,
        "dvar2": 4988455.5,
        "max": 19379.8828125,
        "mean": 2965.09057617,
        "median": 2217.91992188,
        "min": 21.533203125,
        "var": 8062327.5
    },
    "spectral_skewness": {
        "dmean": 0.172018289566,
        "dmean2": 0.271708607674,
        "dvar": 0.0676752179861,
        "dvar2": 0.162811756134,
        "max": 7.43355941772,
        "mean": 1.3599357605,
        "median": 1.31895089149,
        "min": -0.235054209828,
        "var": 0.207831501961
    },
    "spectral_spread": {
        "dmean": 604642.9375,
        "dmean2": 898783.6875,
        "dvar": 793458966528,
        "dvar2": 1.61485330842e+12,
        "max": 42088996,
        "mean": 6001549,
        "median": 6103291.5,
        "min": 778074,
        "var": 3.96828658893e+12
    },
    "spectral_strongpeak": {
        "dmean": 0.59920924902,
        "dmean2": 0.992160320282,
        "dvar": 1.41996192932,
        "dvar2": 3.64942860603,
        "max": 17.6722316742,
        "mean": 1.2745552063,
        "median": 0.661631941795,
        "min": 0,
        "var": 2.74451255798
    },
    "zerocrossingrate": {
        "dmean": 0.0200275965035,
        "dmean2": 0.0222158785909,
        "dvar": 0.000618237769231,
        "dvar2": 0.000704788602889,
        "max": 0.728515625,
        "mean": 0.0997003167868,
        "median": 0.0830078125,
        "min": 0.0009765625,
        "var": 0.00497937574983
    },
    "barkbands": {
        "dmean": [0.000261610170128, 0.00625717127696, 0.0024883931037, 0.00138226244599, 0.00292206625454, 0.000697699375451, 0.000363547325833, 0.000298320519505, 0.000554023776203, 0.000504001625814, 0.000253957783571, 0.000393721740693, 0.000245095608989, 0.000260024302406, 0.000262223853497, 0.000312274496537, 0.000345126813045, 0.000243181770202, 0.000275463069556, 0.000278327817796, 0.000279863685137, 0.000248833093792, 0.000251584511716, 0.000357530079782, 0.000186432764167, 0.000127747742226, 3.82142243325e-05],
        "dmean2": [0.000419667863753, 0.00988452602178, 0.00428305985406, 0.0023336939048, 0.0043286443688, 0.00109375023749, 0.000531736994162, 0.000406007224228, 0.000773400708567, 0.000694800226483, 0.00040040598833, 0.000604062108323, 0.000383201288059, 0.000420353229856, 0.000421980017563, 0.000515002175234, 0.000564035610296, 0.000389645138057, 0.00044248602353, 0.000448007776868, 0.000448748614872, 0.000401182041969, 0.000403908779845, 0.000577445840463, 0.000291715696221, 0.000192456442164, 6.00828607276e-05],
        "dvar": [5.43883857063e-07, 0.000365474610589, 9.52523914748e-05, 2.01488910534e-05, 8.54504251038e-05, 6.30075464869e-06, 1.40021381867e-06, 6.89446721935e-07, 3.40883548233e-06, 2.91969240607e-06, 7.89109947164e-07, 9.66772518041e-07, 3.41415358207e-07, 2.32220799035e-07, 3.3131851751e-07, 3.59837173391e-07, 6.31139641882e-07, 2.56058598325e-07, 3.95467225189e-07, 4.56434804619e-07, 3.38775066666e-07, 2.79503524325e-07, 2.59749839415e-07, 1.21631296679e-06, 1.80706763331e-07, 8.21866237288e-08, 5.31188648623e-09],
        "dvar2": [1.26243219256e-06, 0.000878568505868, 0.000255929830018, 5.52291494387e-05, 0.000172228668816, 1.47913870023e-05, 2.76669766208e-06, 1.20247364066e-06, 6.03838770985e-06, 4.55333974969e-06, 1.59021431045e-06, 1.9989449811e-06, 6.49950834486e-07, 5.46472165297e-07, 7.59929321248e-07, 8.98239306935e-07, 1.42042370044e-06, 6.28509553735e-07, 8.21905359771e-07, 1.09219615751e-06, 8.15027931367e-07, 7.35157755116e-07, 6.47109743568e-07, 3.10069685838e-06, 4.30296068998e-07, 1.88077549979e-07, 1.23815233621e-08],
        "max": [0.0136400246993, 0.193304941058, 0.106612898409, 0.0722868144512, 0.128416091204, 0.0645159855485, 0.0491843633354, 0.0307040344924, 0.0721098259091, 0.0461567044258, 0.0380864776671, 0.0436075925827, 0.0302944779396, 0.0179143473506, 0.0281388964504, 0.0206530615687, 0.0244241487235, 0.0195016115904, 0.0315775237978, 0.0244671572, 0.0153784230351, 0.0102495439351, 0.0118085052818, 0.0168222542852, 0.00493009248748, 0.00360436458141, 0.000859211257193],
        "mean": [0.000389614753658, 0.0093716038391, 0.00222795177251, 0.00155792455189, 0.00450732931495, 0.00121748214588, 0.00075246556662, 0.0005778617342, 0.00120232009795, 0.00116845278535, 0.000402314326493, 0.000607067428064, 0.000405379571021, 0.00039904366713, 0.000403311889386, 0.000448432081612, 0.000516250380315, 0.000402649719035, 0.000437128765043, 0.000467996578664, 0.000476929038996, 0.000426501210313, 0.000406703475164, 0.000464993325295, 0.000299583130982, 0.000224062692723, 5.60655207664e-05],
        "median": [7.2937727964e-05, 0.000831779267173, 0.000164309953107, 0.000128211424453, 0.000923393759876, 0.00031437954749, 0.000139596086228, 0.000110798609967, 0.000157168906298, 8.92484458745e-05, 7.80079208198e-05, 0.000192021383555, 0.000162386277225, 0.000192621882888, 0.000185544660781, 0.000220943504246, 0.000203093368327, 0.000219570283662, 0.000237893953454, 0.000241367684794, 0.000241438727244, 0.00021860828565, 0.000187565863598, 0.000174394619535, 0.000151807471411, 0.000115464885312, 1.02120511656e-05],
        "min": [5.72633381682e-24, 7.27170720255e-24, 7.70226679437e-25, 4.4001647607e-24, 7.41385678223e-24, 1.49619666465e-23, 1.62586141609e-23, 2.41367250522e-23, 2.9870394881e-23, 3.85507489139e-23, 2.85348028814e-23, 2.17904649712e-23, 4.52712884683e-23, 6.23848874333e-23, 4.74148286517e-23, 7.93342455578e-23, 1.16707490198e-22, 1.52294734815e-22, 2.18369345583e-22, 1.76814235689e-22, 3.7278196367e-22, 3.82627073984e-22, 4.96768759378e-22, 6.03820440634e-22, 9.91162706643e-22, 1.41255740949e-21, 1.88025140648e-21],
        "var": [8.09225639387e-07, 0.000537857122254, 7.00363525539e-05, 2.0094721549e-05, 0.000148818522575, 1.3134144865e-05, 5.95533356318e-06, 2.42452506427e-06, 1.62468422786e-05, 1.64197499544e-05, 2.26050838137e-06, 2.03027320822e-06, 9.04618161712e-07, 4.65695137564e-07, 5.7198212744e-07, 5.15311512572e-07, 1.20793242786e-06, 4.36406793369e-07, 7.96360268396e-07, 7.94981758645e-07, 6.27317376711e-07, 4.33695760194e-07, 3.90843837295e-07, 1.15169223136e-06, 2.22475179612e-07, 1.16087875313e-07, 9.89628468062e-09]
    },
    "erbbands": {
        "dmean": [0.151906907558, 1.5475962162, 2.89620399475, 3.98481988907, 8.89310932159, 9.39833927155, 7.143907547, 4.83461904526, 5.54769992828, 4.56635046005, 7.37262916565, 12.014538765, 12.7719697952, 11.2019224167, 12.7256765366, 12.2920866013, 11.5796957016, 10.7416725159, 12.039349556, 14.139872551, 19.7026481628, 19.3295783997, 13.320306778, 13.5369796753, 12.6073560715, 13.8320436478, 11.8682336807, 10.3470888138, 9.21965885162, 8.36505794525, 7.3371295929, 8.83115577698, 4.62533807755, 2.28562617302, 1.21095943451, 0.576742529869, 0.245103806257, 0.0637739300728, 0.00631649652496, 9.78014213615e-05],
        "dmean2": [0.231403127313, 2.39130282402, 4.60358428955, 6.87809658051, 12.5729532242, 15.3445014954, 11.1240434647, 7.60309410095, 8.10584449768, 6.53306722641, 9.87949085236, 16.8167896271, 17.7620811462, 16.3558769226, 19.8428916931, 18.9631118774, 18.0331821442, 17.1127243042, 19.4103221893, 22.6889362335, 32.7942771912, 31.1915836334, 21.2776870728, 21.6609268188, 20.2522621155, 22.2460289001, 18.9777851105, 16.8404045105, 14.776673317, 13.6048355103, 11.7114133835, 14.1911907196, 7.48207998276, 3.6060552597, 1.92170763016, 0.884080290794, 0.373251259327, 0.0975527390838, 0.00993370264769, 0.00015122059267],
        "dvar": [0.164421334863, 25.4710216522, 109.835884094, 205.236541748, 1023.81030273, 829.055786133, 720.373535156, 213.872756958, 354.261505127, 182.173522949, 460.10736084, 1801.67419434, 1496.95214844, 1266.60766602, 1013.10974121, 939.265258789, 757.191894531, 529.896850586, 617.946777344, 725.407348633, 1616.95556641, 1837.24865723, 847.950927734, 727.309509277, 815.838317871, 1087.24865723, 677.67590332, 503.607757568, 371.487243652, 319.160980225, 215.907180786, 692.741638184, 172.555923462, 29.175031662, 6.68699884415, 1.53941738605, 0.310267716646, 0.0167131498456, 0.00015666987747, 3.40816157518e-08],
        "dvar2": [0.400638818741, 59.9313392639, 270.190795898, 585.315490723, 1666.70202637, 2184.90942383, 1600.53222656, 497.769622803, 652.96887207, 366.490905762, 747.719421387, 3161.03027344, 2563.72021484, 2519.59912109, 2215.78637695, 1971.56445312, 1518.47070312, 1125.45227051, 1397.5958252, 1715.48376465, 4094.40209961, 4074.0246582, 1943.34460449, 1716.60424805, 1863.64343262, 2618.14306641, 1595.53564453, 1273.15625, 948.369750977, 829.597045898, 532.892089844, 1769.17993164, 432.835784912, 68.6479797363, 16.3690948486, 3.59925532341, 0.712581455708, 0.0382729843259, 0.000369864748791, 7.89911993593e-08],
        "max": [5.33238983154, 49.4886665344, 104.232299805, 169.167617798, 484.040039062, 503.279266357, 719.922424316, 526.533874512, 879.685119629, 977.361755371, 1268.48168945, 1316.90722656, 1124.00927734, 1236.16333008, 1186.45861816, 1580.8302002, 1322.31518555, 1233.31335449, 1245.43762207, 716.704589844, 1427.04089355, 1560.30090332, 1296.61401367, 986.82800293, 1314.21948242, 1210.91882324, 760.25994873, 543.059020996, 371.243560791, 373.494232178, 263.41595459, 377.816650391, 180.521942139, 66.1242980957, 31.7452068329, 18.8897724152, 7.53502988815, 1.95114386082, 0.183540463448, 0.0025957741309],
        "mean": [0.253576338291, 2.12195777893, 2.94706106186, 4.34351968765, 12.3856315613, 12.7542963028, 13.0169019699, 9.2467918396, 11.3830623627, 9.75121688843, 15.9067716599, 26.7746963501, 32.1821327209, 24.927312851, 21.3459644318, 20.6158847809, 19.8376255035, 17.9693546295, 19.239818573, 23.3456115723, 28.5322360992, 31.3392658234, 22.9351444244, 22.6955356598, 21.1562004089, 23.0829753876, 20.4160346985, 17.1313228607, 15.658741951, 13.6574954987, 11.7094278336, 11.1503639221, 6.32005310059, 3.5065164566, 1.97876167297, 0.994567573071, 0.405590236187, 0.107424393296, 0.00908438116312, 0.000179147114977],
        "median": [0.0297748707235, 0.159330487251, 0.299988120794, 0.465121179819, 1.2838075161, 2.93171858788, 3.55895400047, 2.49389600754, 2.20439577103, 2.41004633904, 3.38925027847, 3.81439590454, 3.56313443184, 3.88456106186, 6.72122049332, 7.97980213165, 8.41854000092, 8.73074245453, 10.3203163147, 11.8089971542, 14.8965892792, 13.9986381531, 13.5616798401, 13.4744215012, 11.5505208969, 11.6259336472, 10.6450052261, 8.77934074402, 8.22125530243, 6.48265123367, 5.29872941971, 3.90549230576, 2.60721302032, 1.66184532642, 1.04480719566, 0.52966272831, 0.193461745977, 0.0417011268437, 0.00173557025846, 8.8592627435e-05],
        "min": [2.66713493402e-22, 1.06135825105e-21, 1.88599704017e-21, 1.47548729505e-20, 1.82595305771e-20, 2.67601684643e-20, 1.2744078307e-19, 1.74315376474e-19, 2.71258630744e-19, 3.16831035069e-19, 5.86247974029e-19, 6.79961023384e-19, 1.08425356108e-18, 1.15657365184e-18, 1.96970584246e-18, 1.34161168013e-18, 2.05044321974e-18, 3.7974852762e-18, 2.74835597527e-18, 3.01328310712e-18, 3.93767501923e-18, 7.4048687312e-18, 8.50461610893e-18, 1.00861705509e-17, 1.23828011257e-17, 8.10783328552e-18, 1.14035557652e-17, 1.12716518904e-17, 1.014715196e-17, 1.67194129466e-17, 1.29035311736e-17, 1.31062516351e-17, 9.52752916111e-18, 9.65964479419e-18, 7.69865764218e-18, 5.49107181954e-18, 2.49151432712e-18, 1.04491833122e-18, 2.57135788405e-19, 2.55883572667e-20],
        "var": [0.308144032955, 33.4748420715, 98.6314086914, 160.457763672, 1997.64733887, 1018.86743164, 1162.01086426, 666.453979492, 1475.24816895, 867.360290527, 1784.97900391, 8751.27441406, 9377.74707031, 5542.52685547, 2940.58886719, 2019.62670898, 1911.33081055, 1265.80407715, 1071.68725586, 1405.37878418, 2205.53735352, 4018.43432617, 1621.92749023, 1342.05786133, 1534.91699219, 1866.86743164, 1328.50598145, 784.505065918, 588.189025879, 459.729980469, 326.792572021, 664.04498291, 173.015228271, 35.1968994141, 8.40839958191, 2.15097618103, 0.423170268536, 0.028179930523, 0.000271012540907, 5.98206284508e-08]
    },
    "gfcc": {
        "mean": [5.61742830276, 27.9369468689, -107.420585632, 35.3217773438, -51.9772415161, 17.2372264862, -36.9704399109, 8.9413766861, -25.5020637512, 6.03861570358, -16.7764968872, 7.72789096832, -10.0064268112],
        "cov": [[14199.3632812, -407.746276855, 647.444030762, 110.928161621, -56.2552642822, 25.7095279694, -435.657958984, 55.1981201172, -419.197937012, 14.4391841888, -516.197631836, 131.622558594, -316.297302246], [-407.746276855, 2779.81982422, 196.451141357, 21.1976566315, -19.9812660217, -226.785598755, -13.0740098953, -119.555206299, 146.732269287, -43.1800689697, 125.058105469, -56.725982666, 145.605758667], [647.444030762, 196.451141357, 1257.49902344, 441.773223877, 371.429748535, 73.1975784302, -30.9426555634, -72.6677017212, -65.104133606, 2.38534426689, -30.1294021606, -32.7799720764, -80.5109100342], [110.928161621, 21.1976566315, 441.773223877, 589.140441895, 313.297119141, 166.591308594, -12.2910728455, -56.9018745422, -65.3506011963, -6.02597236633, 7.38487768173, -44.1007614136, -48.8489532471], [-56.2552642822, -19.9812660217, 371.429748535, 313.297119141, 535.593383789, 257.609985352, 84.2921295166, 8.37065124512, -23.4456672668, 29.5678768158, 29.7791862488, -8.05936145782, -41.9902992249], [25.7095279694, -226.785598755, 73.1975784302, 166.591308594, 257.609985352, 399.202056885, 172.672149658, 139.097671509, 29.0162353516, 53.9285354614, 27.6479949951, 32.3531303406, -16.6047687531], [-435.657958984, -13.0740098953, -30.9426555634, -12.2910728455, 84.2921295166, 172.672149658, 282.577667236, 199.447219849, 125.111083984, 56.722442627, 46.2919311523, 32.2997741699, 38.6566619873], [55.1981201172, -119.555206299, -72.6677017212, -56.9018745422, 8.37065124512, 139.097671509, 199.447219849, 303.001800537, 169.308868408, 87.9182510376, 5.22714042664, 33.9929924011, 20.3343544006], [-419.197937012, 146.732269287, -65.104133606, -65.3506011963, -23.4456672668, 29.0162353516, 125.111083984, 169.308868408, 257.065917969, 126.632881165, 67.2257385254, -5.30050039291, 23.1785411835], [14.4391841888, -43.1800689697, 2.38534426689, -6.02597236633, 29.5678768158, 53.9285354614, 56.722442627, 87.9182510376, 126.632881165, 206.390731812, 110.594169617, 27.1417140961, -19.9385662079], [-516.197631836, 125.058105469, -30.1294021606, 7.38487768173, 29.7791862488, 27.6479949951, 46.2919311523, 5.22714042664, 67.2257385254, 110.594169617, 186.171081543, 66.3465805054, 24.2214565277], [131.622558594, -56.725982666, -32.7799720764, -44.1007614136, -8.05936145782, 32.3531303406, 32.2997741699, 33.9929924011, -5.30050039291, 27.1417140961, 66.3465805054, 141.231506348, 67.3791885376], [-316.297302246, 145.605758667, -80.5109100342, -48.8489532471, -41.9902992249, -16.6047687531, 38.6566619873, 20.3343544006, 23.1785411835, -19.9385662079, 24.2214565277, 67.3791885376, 136.384765625]],
        "icov": [[0.000116604533105, -6.09569651715e-05, -2.32494003285e-05, -2.510084596e-05, 4.83153635287e-05, -3.60622943845e-05, 0.000178572547156, -0.000151155996718, 0.0002058356622, -0.00033956792322, 0.000581984291784, -0.00051209324738, 0.000360204925528], [-6.09569651715e-05, 0.000530312187038, -0.000123986610561, 3.7347759644e-05, -8.52205994306e-05, 0.000230419609579, -9.31563336053e-05, 0.000269325362751, -0.000564637768548, 0.000619848142378, -0.000905525987037, 0.000840837310534, -0.000847295101266], [-2.32494003285e-05, -0.000123986610561, 0.00131584808696, -0.000783422845416, -0.000693166395649, 0.00058956805151, -0.000259879423538, 0.00021206929523, -9.4684677606e-05, -0.000310635077767, 0.000742919160984, -0.00075379566988, 0.000686175830197], [-2.510084596e-05, 3.7347759644e-05, -0.000783422845416, 0.00323628634214, -0.000916549703106, -0.00109621882439, 0.000810875149909, -5.64350229979e-05, 0.000462099444121, 0.000368421606254, -0.00114585948177, 0.00171653192956, -0.000707690604031], [4.83153635287e-05, -8.52205994306e-05, -0.000693166395649, -0.000916549703106, 0.00406437087804, -0.00214185914956, -0.000637391291093, 0.000862364948262, 0.000203452640562, -0.000330140115693, -1.93499236048e-05, 1.31427632368e-05, 0.000422323006205], [-3.60622943845e-05, 0.000230419609579, 0.00058956805151, -0.00109621882439, -0.00214185914956, 0.0060266489163, -0.00241426099092, -0.00149679521564, 0.00106821127702, -0.000455553061329, 0.000102302401501, -0.000985099002719, 0.000827898504212], [0.000178572547156, -9.31563336053e-05, -0.000259879423538, 0.000810875149909, -0.000637391291093, -0.00241426099092, 0.00960362236947, -0.0053294817917, -0.000468232115963, 0.00151782413013, -0.00220478652045, 0.00108722958248, -0.00161109538749], [-0.000151155996718, 0.000269325362751, 0.00021206929523, -5.64350229979e-05, 0.000862364948262, -0.00149679521564, -0.0053294817917, 0.0115169528872, -0.00571253430098, -0.00151619012468, 0.00457742065191, -0.00341515010223, 0.000967076746747], [0.0002058356622, -0.000564637768548, -9.4684677606e-05, 0.000462099444121, 0.000203452640562, 0.00106821127702, -0.000468232115963, -0.00571253430098, 0.0116007141769, -0.00495514366776, -0.00139199232217, 0.00396864535287, -0.00204247888178], [-0.00033956792322, 0.000619848142378, -0.000310635077767, 0.000368421606254, -0.000330140115693, -0.000455553061329, 0.00151782413013, -0.00151619012468, -0.00495514366776, 0.0127966152504, -0.0080341687426, 0.000986532308161, 0.00179041991942], [0.000581984291784, -0.000905525987037, 0.000742919160984, -0.00114585948177, -1.93499236048e-05, 0.000102302401501, -0.00220478652045, 0.00457742065191, -0.00139199232217, -0.0080341687426, 0.0163876675069, -0.00939214229584, 0.00308525841683], [-0.00051209324738, 0.000840837310534, -0.00075379566988, 0.00171653192956, 1.31427632368e-05, -0.000985099002719, 0.00108722958248, -0.00341515010223, 0.00396864535287, 0.000986532308161, -0.00939214229584, 0.0180010944605, -0.00958579778671], [0.000360204925528, -0.000847295101266, 0.000686175830197, -0.000707690604031, 0.000422323006205, 0.000827898504212, -0.00161109538749, 0.000967076746747, -0.00204247888178, 0.00179041991942, 0.00308525841683, -0.00958579778671, 0.0145636992529]]
    },
    "melbands": {
        "dmean": [0.00154947431292, 0.00166074582376, 0.000816496787593, 0.000701219076291, 0.000260966538917, 0.000114209738967, 7.8750832472e-05, 5.50594231754e-05, 6.95342823747e-05, 7.39940296626e-05, 6.87356223352e-05, 5.27412630618e-05, 4.08771193179e-05, 4.4539465307e-05, 3.20430081047e-05, 2.28564858844e-05, 2.13759649341e-05, 2.14500123548e-05, 2.01782277145e-05, 1.79203452717e-05, 2.44285238296e-05, 2.22915114136e-05, 1.51636368173e-05, 1.24531088659e-05, 1.17313102237e-05, 1.0803600162e-05, 9.29922134674e-06, 1.00288007161e-05, 8.30351746117e-06, 6.89417993271e-06, 6.17008436166e-06, 5.53285235583e-06, 5.26494568476e-06, 5.03081901115e-06, 4.46773356089e-06, 4.02236855734e-06, 6.69308656143e-06, 3.55132465302e-06, 2.50553307524e-06, 1.8469056613e-06],
        "dmean2": [0.00240783859044, 0.00247201509774, 0.00129817822017, 0.00105037121102, 0.000410286447732, 0.00017890293384, 0.000115764298243, 7.62765848776e-05, 9.33039773372e-05, 0.000105013241409, 9.47958687902e-05, 7.53228523536e-05, 6.37486737105e-05, 6.87891588314e-05, 4.97113469464e-05, 3.56251694029e-05, 3.43461833836e-05, 3.4636734199e-05, 3.25531473209e-05, 2.90066000161e-05, 4.09677631978e-05, 3.62406135537e-05, 2.43162503466e-05, 2.01088623726e-05, 1.87521418411e-05, 1.73425851244e-05, 1.49995657921e-05, 1.61102125276e-05, 1.31152564791e-05, 1.11838189696e-05, 1.00835823105e-05, 8.94801269169e-06, 8.5636293079e-06, 8.25622828415e-06, 7.17515376891e-06, 6.46250100544e-06, 1.09766651804e-05, 5.7599545471e-06, 4.05762602895e-06, 2.93602579404e-06],
        "dvar": [1.87884106708e-05, 2.9484697734e-05, 6.18684316578e-06, 5.75087824473e-06, 6.6373570462e-07, 1.25173116317e-07, 6.75418334595e-08, 2.34566090995e-08, 4.86599809335e-08, 6.45890310125e-08, 4.53637589715e-08, 2.88228942935e-08, 1.67978928545e-08, 1.1864559113e-08, 1.09629656464e-08, 2.99575231288e-09, 2.00993754973e-09, 1.73831649075e-09, 2.17950990589e-09, 9.37208533003e-10, 2.65016053547e-09, 2.63269783751e-09, 1.63054370006e-09, 7.43433037353e-10, 5.70729408178e-10, 7.14133918667e-10, 3.74096170708e-10, 6.61636356813e-10, 3.69739544537e-10, 2.16861098523e-10, 1.72379763241e-10, 1.29326091503e-10, 1.46601702999e-10, 1.15973376735e-10, 7.57992765776e-11, 7.13974643296e-11, 5.16005183027e-10, 1.01766983729e-10, 4.20327765649e-11, 1.74947469705e-11],
        "dvar2": [4.4911630539e-05, 6.52003800496e-05, 1.5812815036e-05, 1.20149443319e-05, 1.51261372139e-06, 2.96046664516e-07, 1.32243798134e-07, 4.43683525475e-08, 7.59131566497e-08, 1.18858743292e-07, 7.53489146632e-08, 5.36399866746e-08, 3.39168053642e-08, 2.49449172429e-08, 2.24851408603e-08, 5.66162761118e-09, 4.39366321103e-09, 3.99294108888e-09, 5.13902964627e-09, 2.23912444142e-09, 6.77589895304e-09, 6.06121197677e-09, 3.3733498217e-09, 1.85689374987e-09, 1.32140665077e-09, 1.4977460383e-09, 9.24262277824e-10, 1.5275509746e-09, 8.57926008013e-10, 5.28517563048e-10, 4.3618972323e-10, 3.25885873842e-10, 3.85959736393e-10, 2.94238133858e-10, 1.85144205522e-10, 1.80463588517e-10, 1.34496791482e-09, 2.54803816935e-10, 1.06302078251e-10, 4.09957102987e-11],
        "max": [0.04560469836, 0.0523701123893, 0.0286908373237, 0.0336772613227, 0.0196799729019, 0.0110271833837, 0.0112848933786, 0.00890119932592, 0.0143975997344, 0.0071512083523, 0.00617583468556, 0.00547848828137, 0.00569371879101, 0.0041703665629, 0.0066494224593, 0.00289333588444, 0.00236775842495, 0.00160356378183, 0.00203474774025, 0.000665798957925, 0.00178567727562, 0.00212859991007, 0.00130054575857, 0.000916090561077, 0.00090052827727, 0.00128406530712, 0.000547224888578, 0.00106642383616, 0.000573687837459, 0.000403947837185, 0.000280249281786, 0.000230539502809, 0.000328248424921, 0.000344029453117, 0.000187015757547, 0.000158467897563, 0.000287898699753, 0.000145986879943, 8.89489238034e-05, 5.46359406144e-05],
        "mean": [0.00252653332427, 0.00207091588527, 0.000964772945736, 0.000983545207419, 0.000475485692732, 0.000216603293666, 0.00016165166744, 0.00011450277816, 0.000151486223331, 0.000158850030857, 0.00017043799744, 0.000118875119369, 6.78358628647e-05, 6.71868619975e-05, 5.05753414473e-05, 3.79219236493e-05, 3.3516476833e-05, 3.20409380947e-05, 3.05929061142e-05, 2.85401911242e-05, 3.22471059917e-05, 3.36546327162e-05, 2.33771006606e-05, 1.93343494175e-05, 1.81970954145e-05, 1.64573175425e-05, 1.46368120113e-05, 1.54370336531e-05, 1.33946905407e-05, 1.05239869299e-05, 9.61760451901e-06, 8.83111169969e-06, 8.19748402137e-06, 7.46502291804e-06, 6.8581080086e-06, 6.01649026066e-06, 7.43772352507e-06, 4.65175526188e-06, 3.4474903714e-06, 2.76422883871e-06],
        "median": [0.000276188366115, 0.00019748332852, 0.000103954531369, 0.00015572020493, 0.000134582864121, 5.64051588299e-05, 3.11568874167e-05, 2.46478084591e-05, 2.82723522105e-05, 2.10727557715e-05, 1.57638223754e-05, 1.45937474372e-05, 1.79218423e-05, 1.86154866242e-05, 1.67700818565e-05, 1.54872450366e-05, 1.56438818522e-05, 1.54641675181e-05, 1.35530044645e-05, 1.50792366185e-05, 1.369153415e-05, 1.21221173686e-05, 1.18572124848e-05, 9.88872034213e-06, 1.00055322036e-05, 8.54250265547e-06, 7.27676842871e-06, 6.85841587256e-06, 6.89715079716e-06, 4.92592971568e-06, 4.75232536701e-06, 4.44588567916e-06, 3.98019710701e-06, 3.33990169565e-06, 2.99750513477e-06, 2.57689225691e-06, 2.19191701945e-06, 1.80261838523e-06, 1.55715633809e-06, 1.29279123939e-06],
        "min": [3.7111207924e-24, 1.16416394607e-24, 4.50446361085e-24, 1.54185565774e-24, 4.19964617935e-24, 3.86265663355e-24, 4.21595508971e-24, 3.77490966291e-24, 5.14396435329e-24, 3.91871782264e-24, 5.05670844856e-24, 4.20626984994e-24, 5.27897395291e-24, 2.32266840679e-24, 4.40299953236e-24, 4.19302290319e-24, 6.56212563502e-24, 4.342808262e-24, 4.15430955427e-24, 4.41150463621e-24, 4.02619972655e-24, 7.19154000192e-24, 7.98578093852e-24, 5.44035675032e-24, 6.79134297609e-24, 8.51907142083e-24, 7.35487996323e-24, 4.49524024915e-24, 6.22129867534e-24, 4.7461899193e-24, 5.24592107542e-24, 4.78407733086e-24, 8.51141315916e-24, 1.06718538985e-23, 6.10404239039e-24, 7.8960085675e-24, 6.48563373734e-24, 6.87877243022e-24, 6.73096277355e-24, 7.37869567396e-24],
        "var": [3.2976608054e-05, 3.57018543582e-05, 6.78019569023e-06, 9.11218558031e-06, 1.1922890053e-06, 3.59527376759e-07, 2.72775793064e-07, 1.03840854138e-07, 2.03438546009e-07, 2.93773751991e-07, 2.86864974441e-07, 1.40922324476e-07, 5.03287971299e-08, 2.67131525788e-08, 1.90979232428e-08, 7.64198038183e-09, 4.46362591333e-09, 3.09561176692e-09, 3.74378306134e-09, 1.73424041794e-09, 3.42110673124e-09, 5.52414869404e-09, 2.95515500959e-09, 1.13230325116e-09, 9.93851334563e-10, 1.35728772666e-09, 6.32522978439e-10, 1.08975128921e-09, 6.76013744982e-10, 3.54416329618e-10, 2.66172639485e-10, 2.0218889063e-10, 1.95778712686e-10, 1.54688983844e-10, 1.16418361062e-10, 9.77360206655e-11, 4.37307523526e-10, 1.03204576829e-10, 4.22159980584e-11, 2.13984628628e-11]
    },
    "mfcc": {
        "mean": [-640.458374023, 66.592880249, 2.94985437393, 21.2141418457, 7.25382423401, 9.82727336884, 2.41656541824, 3.98557138443, -0.888247728348, 0.48485916853, -2.83934283257, 0.707297027111, -0.611895859241],
        "cov": [[8480.109375, -48.4081268311, 288.803863525, 185.144744873, 165.285568237, 23.9707794189, -92.9158706665, 12.7794265747, -43.123714447, -106.282211304, -50.3579711914, -213.55355835, -189.772521973], [-48.4081268311, 2225.89355469, 246.398483276, 133.724716187, -15.8722009659, -91.5131759644, -131.077850342, -70.5150756836, -1.38706505299, -50.9568557739, 0.912991464138, 27.1770401001, 25.5770015717], [288.803863525, 246.398483276, 735.192993164, 324.667602539, 207.289932251, 97.3449707031, 31.7331428528, 1.13778185844, -11.5643634796, 21.5043354034, 5.31696796417, -46.6159515381, -63.4070854187], [185.144744873, 133.724716187, 324.667602539, 441.546020508, 260.44229126, 132.646987915, 56.0131492615, -31.2682781219, -50.5086784363, -8.21851158142, 4.26543426514, -36.0446739197, -38.2322921753], [165.285568237, -15.8722009659, 207.289932251, 260.44229126, 463.117492676, 264.355895996, 155.622207642, 31.5200042725, -21.9761486053, 17.333568573, 23.2343578339, -2.48054337502, -17.9304332733], [23.9707794189, -91.5131759644, 97.3449707031, 132.646987915, 264.355895996, 298.269897461, 180.570281982, 55.5531387329, -1.04405367374, 24.8949546814, 30.9175643921, 23.3241958618, 15.2368221283], [-92.9158706665, -131.077850342, 31.7331428528, 56.0131492615, 155.622207642, 180.570281982, 253.029525757, 125.18032074, 49.9633712769, 40.9976730347, 31.2077789307, 33.545539856, 22.9268760681], [12.7794265747, -70.5150756836, 1.13778185844, -31.2682781219, 31.5200042725, 55.5531387329, 125.18032074, 221.248764038, 143.549682617, 61.6991996765, 20.0835666656, 32.1059150696, 20.4885597229], [-43.123714447, -1.38706505299, -11.5643634796, -50.5086784363, -21.9761486053, -1.04405367374, 49.9633712769, 143.549682617, 224.484680176, 135.331558228, 51.0663146973, 40.0273666382, 24.5808429718], [-106.282211304, -50.9568557739, 21.5043354034, -8.21851158142, 17.333568573, 24.8949546814, 40.9976730347, 61.6991996765, 135.331558228, 211.675552368, 130.716491699, 63.7021408081, 35.0028800964], [-50.3579711914, 0.912991464138, 5.31696796417, 4.26543426514, 23.2343578339, 30.9175643921, 31.2077789307, 20.0835666656, 51.0663146973, 130.716491699, 189.055465698, 112.391822815, 49.7651100159], [-213.55355835, 27.1770401001, -46.6159515381, -36.0446739197, -2.48054337502, 23.3241958618, 33.545539856, 32.1059150696, 40.0273666382, 63.7021408081, 112.391822815, 174.390106201, 102.076629639], [-189.772521973, 25.5770015717, -63.4070854187, -38.2322921753, -17.9304332733, 15.2368221283, 22.9268760681, 20.4885597229, 24.5808429718, 35.0028800964, 49.7651100159, 102.076629639, 148.294189453]],
