{
"lowlevel": {
    "average_loudness": 0.891321361065,
    "barkbands_crest": {
        "dmean": 2.74428510666,
        "dmean2": 4.27073812485,
        "dvar": 7.40876674652,
        "dvar2": 17.9246616364,
        "max": 25.1545944214,
        "mean": 10.685084343,
        "median": 9.90207481384,
        "min": 1.93640482426,
        "var": 23.5569438934
    },
    "barkbands_flatness_db": {
        "dmean": 0.0223217643797,
        "dmean2": 0.0341415666044,
        "dvar": 0.00062028481625,
        "dvar2": 0.00145601481199,
        "max": 0.365019828081,
        "mean": 0.107843510807,
        "median": 0.0963694006205,
        "min": 0.00801098253578,
        "var": 0.00334541243501
    },
    "barkbands_kurtosis": {
        "dmean": 2.39117908478,
        "dmean2": 3.82536315918,
        "dvar": 27.0804290771,
        "dvar2": 69.1688919067,
        "max": 168.998092651,
        "mean": 2.79559350014,
        "median": 0.581806898117,
        "min": -1.87243878841,
        "var": 62.2507896423
    },
    "barkbands_skewness": {
        "dmean": 0.538151860237,
        "dmean2": 0.840783417225,
        "dvar": 0.42244553566,
        "dvar2": 1.04590463638,
        "max": 11.3591508865,
        "mean": 1.1840672493,
        "median": 1.05344510078,
        "min": -5.83498096466,
        "var": 1.34235453606
    },
    "barkbands_spread": {
        "dmean": 8.07998085022,
        "dmean2": 12.6321697235,
        "dvar": 92.9683227539,
        "dvar2": 236.535446167,
        "max": 111.971092224,
        "mean": 35.5961151123,
        "median": 31.097278595,
        "min": 0.837923765182,
        "var": 494.068084717
    },
    "dissonance": {
        "dmean": 0.0165624115616,
        "dmean2": 0.0277734212577,
        "dvar": 0.000457159883808,
        "dvar2": 0.0012239117641,
        "max": 0.500000059605,
        "mean": 0.472355484962,
        "median": 0.48136818409,
        "min": 0.21192881465,
        "var": 0.000830556906294
    },
    "dynamic_complexity": 2.90214753151,
    "erbbands_crest": {
        "dmean": 2.53904390335,
        "dmean2": 4.10195827484,
        "dvar": 6.36326313019,
        "dvar2": 15.7329740524,
        "max": 29.2449569702,
        "mean": 8.08427906036,
        "median": 6.94782924652,
        "min": 2.07351779938,
        "var": 17.8523921967
    },
    "erbbands_flatness_db": {
        "dmean": 0.0175764579326,
        "dmean2": 0.0257877651602,
        "dvar": 0.000411166955018,
        "dvar2": 0.000822416797746,
        "max": 0.428034603596,
        "mean": 0.139664977789,
        "median": 0.122389733791,
        "min": 0.0381977036595,
        "var": 0.00401680544019
    },
    "erbbands_kurtosis": {
        "dmean": 1.33433783054,
        "dmean2": 2.07891321182,
        "dvar": 6.9424405098,
        "dvar2": 15.4477586746,
        "max": 63.3007659912,
        "mean": 1.31525325775,
        "median": 0.0897337198257,
        "min": -1.78820300102,
        "var": 18.0453739166
    },
    "erbbands_skewness": {
        "dmean": 0.375431060791,
        "dmean2": 0.564568996429,
        "dvar": 0.169923350215,
        "dvar2": 0.35362303257,
        "max": 7.01544523239,
        "mean": 0.293324053288,
        "median": 0.182885318995,
        "min": -4.61293029785,
        "var": 0.984344899654
    },
    "erbbands_spread": {
        "dmean": 9.12818431854,
        "dmean2": 13.8796815872,
        "dvar": 108.89239502,
        "dvar2": 246.421203613,
        "max": 145.12677002,
        "mean": 40.6489677429,
        "median": 38.5183792114,
        "min": 1.89578330517,
        "var": 435.672454834
    },
    "hfc": {
        "dmean": 13.9152259827,
        "dmean2": 21.4307765961,
        "dvar": 410.887115479,
        "dvar2": 964.82208252,
        "max": 298.834533691,
        "mean": 44.105670929,
        "median": 41.641494751,
        "min": 1.04648717024e-16,
        "var": 969.637695312
    },
    "melbands_crest": {
        "dmean": 3.27532148361,
        "dmean2": 5.15675020218,
        "dvar": 11.0560436249,
        "dvar2": 27.4459896088,
        "max": 37.2632598877,
        "mean": 15.4216747284,
        "median": 14.5426959991,
        "min": 1.64001500607,
        "var": 48.1729011536
    },
    "melbands_flatness_db": {
        "dmean": 0.0271249823272,
        "dmean2": 0.041669331491,
        "dvar": 0.000962836842518,
        "dvar2": 0.00229849340394,
        "max": 0.451440244913,
        "mean": 0.157651618123,
        "median": 0.144230470061,
        "min": 0.00249211024493,
        "var": 0.00425998354331
    },
    "melbands_kurtosis": {
        "dmean": 7.14414358139,
        "dmean2": 11.5984840393,
        "dvar": 254.41305542,
        "dvar2": 615.635681152,
        "max": 644.757751465,
        "mean": 12.0181655884,
        "median": 6.0293636322,
        "min": -1.85977458954,
        "var": 510.340820312
    },
    "melbands_skewness": {
        "dmean": 0.794417977333,
        "dmean2": 1.24497449398,
        "dvar": 0.990034639835,
        "dvar2": 2.51889705658,
        "max": 22.5714435577,
        "mean": 2.46865391731,
        "median": 2.1311943531,
        "min": -2.90601158142,
        "var": 3.34642338753
    },
    "melbands_spread": {
        "dmean": 10.3538970947,
        "dmean2": 16.2223091125,
        "dvar": 207.508468628,
        "dvar2": 483.44342041,
        "max": 266.397460938,
        "mean": 34.0235214233,
        "median": 29.3644886017,
        "min": 0.941385924816,
        "var": 617.988769531
    },
    "pitch_salience": {
        "dmean": 0.0772785693407,
        "dmean2": 0.123195186257,
        "dvar": 0.00643872376531,
        "dvar2": 0.0166269820184,
        "max": 0.956404566765,
        "mean": 0.554332494736,
        "median": 0.569449782372,
        "min": 0.0428918488324,
        "var": 0.0195388179272
    },
    "silence_rate_20dB": {
        "dmean": 0,
        "dmean2": 0,
        "dvar": 0,
        "dvar2": 0,
        "max": 1,
        "mean": 1,
        "median": 1,
        "min": 1,
        "var": 0
    },
    "silence_rate_30dB": {
        "dmean": 0.00275576999411,
        "dmean2": 0.00551191950217,
        "dvar": 0.00274820183404,
        "dvar2": 0.00713521707803,
        "max": 1,
        "mean": 0.997657775879,
        "median": 1,
        "min": 0,
        "var": 0.00233666552231
    },
    "silence_rate_60dB": {
        "dmean": 0.00413365475833,
        "dmean2": 0.00826787948608,
        "dvar": 0.00411545950919,
        "dvar2": 0.0110910013318,
        "max": 1,
        "mean": 0.0527004674077,
        "median": 0,
        "min": 0,
        "var": 0.0499231033027
    },
    "spectral_centroid": {
        "dmean": 301.111755371,
        "dmean2": 463.652862549,
        "dvar": 135592.703125,
        "dvar2": 302436.25,
        "max": 11616.5625,
        "mean": 1896.8112793,
        "median": 1768.06628418,
        "min": 196.49961853,
        "var": 918728.6875
    },
    "spectral_complexity": {
        "dmean": 5.03933858871,
        "dmean2": 7.80253553391,
        "dvar": 29.1996078491,
        "dvar2": 66.4013214111,
        "max": 66,
        "mean": 24.8988704681,
        "median": 25,
        "min": 0,
        "var": 125.278320312
    },
    "spectral_decrease": {
        "dmean": 2.11519357585e-09,
        "dmean2": 3.29075167116e-09,
        "dvar": 8.04763356208e-18,
        "dvar2": 1.98367059508e-17,
        "max": 1.87030607833e-28,
        "mean": -7.48617345891e-09,
        "median": -6.9791332713e-09,
        "min": -3.63184753382e-08,
        "var": 2.28163345943e-17
    },
    "spectral_energy": {
        "dmean": 0.0085800010711,
        "dmean2": 0.0132592115551,
        "dvar": 0.000119795186038,
        "dvar2": 0.000289795250865,
        "max": 0.14217813313,
        "mean": 0.0322550684214,
        "median": 0.0310747865587,
        "min": 1.00285648788e-20,
        "var": 0.000362232152838
    },
    "spectral_energyband_high": {
        "dmean": 0.00127027265262,
        "dmean2": 0.0019627881702,
        "dvar": 5.20243338542e-06,
        "dvar2": 1.17642521218e-05,
        "max": 0.0376389212906,
        "mean": 0.00306715187617,
        "median": 0.00222251145169,
        "min": 7.07040787295e-21,
        "var": 1.20341228467e-05
    },
    "spectral_energyband_low": {
        "dmean": 0.00408270675689,
        "dmean2": 0.00659493962303,
        "dvar": 8.73221797519e-05,
        "dvar2": 0.000240016452153,
        "max": 0.132347494364,
        "mean": 0.0099374903366,
        "median": 0.0036739539355,
        "min": 2.05615301214e-23,
        "var": 0.000239296481595
    },
    "spectral_energyband_middle_high": {
        "dmean": 0.0031729079783,
        "dmean2": 0.00492973159999,
        "dvar": 2.00923022931e-05,
        "dvar2": 4.7469358833e-05,
        "max": 0.075028590858,
        "mean": 0.00833520106971,
        "median": 0.00613565510139,
        "min": 1.12645490149e-21,
        "var": 5.82055945415e-05
    },
    "spectral_energyband_middle_low": {
        "dmean": 0.0054915305227,
        "dmean2": 0.00861613079906,
        "dvar": 8.99902443052e-05,
        "dvar2": 0.000223530558287,
        "max": 0.104221209884,
        "mean": 0.0113828387111,
        "median": 0.00756007619202,
        "min": 1.73370813661e-22,
        "var": 0.000151388594531
    },
    "spectral_entropy": {
        "dmean": 0.150488346815,
        "dmean2": 0.227748766541,
        "dvar": 0.0324732884765,
        "dvar2": 0.0728574320674,
        "max": 9.81551742554,
        "mean": 7.96990537643,
        "median": 8.06127166748,
        "min": 5.46723937988,
        "var": 0.22084967792
    },
    "spectral_flux": {
        "dmean": 0.0252539366484,
        "dmean2": 0.0380863919854,
        "dvar": 0.000966790190432,
        "dvar2": 0.001888684812,
        "max": 0.372506409883,
        "mean": 0.0953710824251,
        "median": 0.0863561183214,
        "min": 6.35408670124e-11,
        "var": 0.00263897213154
    },
    "spectral_kurtosis": {
        "dmean": 1.01239132881,
        "dmean2": 1.6327804327,
        "dvar": 4.52147197723,
        "dvar2": 12.4492998123,
        "max": 64.3815460205,
        "mean": 3.47548413277,
        "median": 2.55224180222,
        "min": -1.25504291058,
        "var": 18.1855354309
    },
    "spectral_rms": {
        "dmean": 0.000717415998224,
        "dmean2": 0.00110183423385,
        "dvar": 6.48661398372e-07,
        "dvar2": 1.51904851009e-06,
        "max": 0.0117775369436,
        "mean": 0.00529598863795,
        "median": 0.00550607498735,
        "min": 3.12793324228e-12,
        "var": 3.42077350979e-06
    },
    "spectral_rolloff": {
        "dmean": 982.266418457,
        "dmean2": 1598.52807617,
        "dvar": 2078431.125,
        "dvar2": 4949945.5,
        "max": 19745.9472656,
        "mean": 2754.87719727,
        "median": 1959.52148438,
        "min": 43.06640625,
        "var": 5855683.5
    },
    "spectral_skewness": {
        "dmean": 0.168327957392,
        "dmean2": 0.261239558458,
        "dvar": 0.0456205606461,
        "dvar2": 0.107811048627,
        "max": 6.31042480469,
        "mean": 1.47602236271,
        "median": 1.37689185143,
        "min": -0.303341448307,
        "var": 0.293143361807
    },
    "spectral_spread": {
        "dmean": 582029.1875,
        "dmean2": 890253.125,
        "dvar": 541318479872,
        "dvar2": 1.14302307533e+12,
        "max": 41928336,
        "mean": 6284255.5,
        "median": 6289489,
        "min": 1005944.625,
        "var": 6.21009489101e+12
    },
    "spectral_strongpeak": {
        "dmean": 0.639860212803,
        "dmean2": 1.0635021925,
        "dvar": 1.22530198097,
        "dvar2": 2.99565267563,
        "max": 16.685043335,
        "mean": 1.27207791805,
        "median": 0.506617903709,
        "min": 0,
        "var": 2.65935707092
    },
    "zerocrossingrate": {
        "dmean": 0.0162334758788,
        "dmean2": 0.0195572897792,
        "dvar": 0.000331097457092,
        "dvar2": 0.000404647988034,
        "max": 0.68701171875,
        "mean": 0.103760302067,
        "median": 0.09375,
        "min": 0.00927734375,
        "var": 0.00347771379165
    },
    "barkbands": {
        "dmean": [0.00030877723475, 0.00311707239598, 0.00138736399822, 0.00113202561624, 0.00195582420565, 0.00112149980851, 0.00113816186786, 0.000941316480748, 0.00138366024476, 0.000572247430682, 0.000892567215487, 0.000963036960457, 0.000650242669508, 0.000482318602735, 0.000574277481064, 0.000378657161491, 0.000317595840897, 0.000316479505273, 0.000211699065403, 0.00021351374744, 0.000243739632424, 0.000224239891395, 0.000298725848552, 0.000270395859843, 0.000232600301388, 0.000130237691337, 5.39472421224e-05],
        "dmean2": [0.000474604516057, 0.00474022747949, 0.00247516576201, 0.00205041421577, 0.00309084984474, 0.00174612051342, 0.00169147457927, 0.00147136405576, 0.00210723211057, 0.00091085548047, 0.00136787095107, 0.00148279347923, 0.00102822191548, 0.000763528631069, 0.000956193776801, 0.000619023339823, 0.000513186911121, 0.000534075661562, 0.0003496731224, 0.000349646114046, 0.000405368948122, 0.000359082594514, 0.000476384739159, 0.000426172075095, 0.000370163354091, 0.000207373333978, 8.62598244566e-05],
        "dvar": [7.20878347238e-07, 5.09971650899e-05, 3.74664741685e-05, 1.83367956197e-05, 4.3047399231e-05, 6.95435619491e-06, 8.91858053365e-06, 5.16183081345e-06, 7.78183584771e-06, 2.03660420084e-06, 4.19891875936e-06, 4.50157085652e-06, 3.16005048262e-06, 1.02701710603e-06, 2.11470296563e-06, 5.83960400036e-07, 3.65164595451e-07, 2.26119709623e-07, 1.14490070757e-07, 1.19857219261e-07, 2.04796961611e-07, 2.02577936648e-07, 4.20502857423e-07, 3.31966703015e-07, 1.76760849513e-07, 5.37597237837e-08, 9.92624471507e-09],
        "dvar2": [1.49742743361e-06, 0.000123582387459, 0.000106642459286, 5.4012190958e-05, 9.95274313027e-05, 1.66188256117e-05, 1.81341056305e-05, 1.09377324407e-05, 1.68361111719e-05, 4.8036786211e-06, 9.3509315775e-06, 9.60784382187e-06, 7.41430039852e-06, 2.37255039792e-06, 5.53375093659e-06, 1.46698403114e-06, 9.07407923023e-07, 6.17856983354e-07, 2.90488486598e-07, 3.10026479156e-07, 5.34796697593e-07, 4.32673260775e-07, 9.06800039502e-07, 6.60950036036e-07, 4.14769544932e-07, 1.32223235028e-07, 2.40359785408e-08],
        "max": [0.0353016667068, 0.120951838791, 0.0773857831955, 0.0564709752798, 0.0954329892993, 0.0606038235128, 0.0703453421593, 0.0826781615615, 0.0661055296659, 0.0408908613026, 0.0413391701877, 0.0438568554819, 0.0461706444621, 0.0389575362206, 0.039422146976, 0.018279761076, 0.0149444844574, 0.00742814736441, 0.00741987908259, 0.00848845671862, 0.0186819992959, 0.0166768040508, 0.0182555709034, 0.0208965670317, 0.00975555274636, 0.00664337351918, 0.0013561922824],
        "mean": [0.000640881422441, 0.00764158600941, 0.00125439174008, 0.0010497730691, 0.00246376078576, 0.0018238798948, 0.00211167847738, 0.00140838208608, 0.00239308550954, 0.000846777867991, 0.00139910448343, 0.00149781990331, 0.000944743107539, 0.000734508445021, 0.000756102905143, 0.00058169249678, 0.00054471893236, 0.000513957289513, 0.000381665915484, 0.000410412350902, 0.000465086835902, 0.000426646176493, 0.00054162502056, 0.000536813167855, 0.000476985995192, 0.000298184284475, 0.000110774613859],
        "median": [3.47971836163e-05, 0.0018326647114, 0.000200670547201, 0.000202097755391, 0.000663438288029, 0.00075494707562, 0.000395119946916, 0.000421557633672, 0.000800364883617, 0.000252896163147, 0.000322257867083, 0.000486393400934, 0.000347514724126, 0.000332781113684, 0.000334715994541, 0.000280522857793, 0.000326097069774, 0.000350724265445, 0.00025369215291, 0.000265928800218, 0.000280246546026, 0.000269316165941, 0.000328559661284, 0.000346024287865, 0.000326491426677, 0.000175738416146, 2.54548322118e-05],
        "min": [6.43655179789e-25, 2.53964578206e-24, 3.45271283681e-24, 1.60594449262e-24, 1.12568865565e-23, 7.16686601053e-24, 1.04862483382e-23, 1.80430916815e-23, 2.69166850817e-23, 1.80349411706e-23, 1.60252044186e-23, 2.69931162371e-23, 3.40242208636e-23, 5.5778290948e-23, 4.72687537001e-23, 6.59818281038e-23, 6.03160586886e-23, 8.08877020068e-23, 1.7010369258e-22, 2.0693834717e-22, 2.45006363697e-22, 2.46568914134e-22, 3.38114669707e-22, 5.61594899945e-22, 8.77602885053e-22, 1.34094014841e-21, 1.82396657216e-21],
        "var": [3.1150138966e-06, 0.000159093586262, 2.49824388447e-05, 1.12002971946e-05, 5.04819836351e-05, 1.20107561088e-05, 2.86780868919e-05, 1.21617895275e-05, 2.24511677516e-05, 4.01334000344e-06, 9.93805406324e-06, 9.80766253633e-06, 4.83078838442e-06, 1.87042667221e-06, 2.31555668506e-06, 1.02137948943e-06, 6.84128053763e-07, 3.15224752967e-07, 1.95927555069e-07, 2.38105101857e-07, 3.54668060254e-07, 3.78023827352e-07, 8.27887788546e-07, 7.84663598097e-07, 3.45749867847e-07, 1.18550616435e-07, 2.63121648914e-08]
    },
    "erbbands": {
        "dmean": [0.11612983048, 0.665299355984, 1.57440805435, 2.56388449669, 6.17188024521, 6.30377626419, 7.3556394577, 9.24024581909, 13.1707134247, 17.4892292023, 26.2900428772, 25.6208019257, 18.1464061737, 32.9263038635, 29.4964103699, 33.6125640869, 28.0824069977, 23.4532337189, 22.8467903137, 26.0524845123, 19.485458374, 18.6853618622, 19.3774852753, 10.7948350906, 11.1301279068, 8.98309898376, 9.12099266052, 10.3283891678, 8.281665802, 8.42046356201, 8.87603759766, 6.36522769928, 4.41258096695, 2.83450436592, 1.6797529459, 0.690764009953, 0.236532405019, 0.0717858821154, 0.00908124167472, 0.000128326995764],
        "dmean2": [0.160825267434, 1.0783932209, 2.78907012939, 4.51084184647, 9.86487770081, 10.4151973724, 11.3433980942, 14.7515420914, 19.9147834778, 26.4328079224, 41.0318489075, 39.1892776489, 27.106136322, 50.9629478455, 45.2290000916, 51.6837043762, 44.0767784119, 36.8716621399, 36.7294425964, 42.8975563049, 32.0769081116, 30.2610816956, 32.9354515076, 17.6227092743, 18.4348258972, 14.6902751923, 15.1186189651, 17.2706851959, 13.4305896759, 13.1467151642, 14.3863706589, 10.1121730804, 7.07146072388, 4.47932052612, 2.71784472466, 1.11582899094, 0.376689195633, 0.114167876542, 0.0146471830085, 0.00020408949058],
        "dvar": [0.0846521556377, 2.70856404305, 42.6502494812, 96.5927810669, 414.752471924, 435.131774902, 433.559631348, 453.346618652, 1116.34875488, 2424.90063477, 3250.94116211, 2670.91064453, 1801.67980957, 6757.28613281, 4991.37646484, 5175.58349609, 6073.95068359, 2441.18066406, 2147.03613281, 3983.9140625, 1621.66638184, 1199.33007812, 974.096740723, 275.457000732, 332.939331055, 242.154785156, 233.915206909, 434.876220703, 272.84173584, 402.997344971, 360.739013672, 259.122772217, 71.8506622314, 27.2750301361, 9.36211872101, 1.51311457157, 0.204267561436, 0.0158005058765, 0.000301662221318, 5.63473960824e-08],
        "dvar2": [0.151562899351, 7.44960594177, 121.519012451, 272.989929199, 945.252624512, 1111.0723877, 1035.05859375, 1092.87145996, 2263.9699707, 5348.22314453, 7506.30175781, 5711.13232422, 3597.22949219, 16088.7353516, 10764.3876953, 11194.4365234, 14200.9921875, 5852.87792969, 5304.06494141, 10197.3769531, 4281.46240234, 2978.74707031, 2723.10205078, 704.07989502, 864.884033203, 638.548461914, 598.288818359, 1154.82788086, 615.478210449, 791.90435791, 829.422973633, 508.96963501, 159.061126709, 61.7380905151, 23.3380508423, 3.81478333473, 0.493572682142, 0.0383417867124, 0.000731173262466, 1.3551513689e-07],
        "max": [6.01981592178, 31.072479248, 81.5593338013, 123.224403381, 275.594696045, 315.305236816, 754.571533203, 635.067871094, 1217.12304688, 1624.7298584, 1467.75585938, 1634.68505859, 1502.20996094, 1279.00524902, 1910.62390137, 1632.3918457, 2443.46655273, 2229.265625, 866.490844727, 2313.42260742, 651.177368164, 834.696899414, 523.758422852, 319.713775635, 435.33013916, 504.103759766, 440.790130615, 824.710876465, 546.022033691, 663.768005371, 541.053771973, 619.838195801, 230.151367188, 127.407554626, 55.6775932312, 20.2659454346, 19.6996841431, 1.67702591419, 0.235475763679, 0.00328730000183],
        "mean": [0.277456641197, 1.45383524895, 1.79420435429, 2.55215549469, 6.58201980591, 7.85637044907, 11.3513317108, 15.4591197968, 25.2697124481, 29.5071601868, 41.4235610962, 44.307964325, 35.3255844116, 50.3032455444, 49.2693824768, 54.9081687927, 44.6363105774, 37.4904174805, 36.1999435425, 38.9342918396, 31.0673274994, 32.9714851379, 30.7448616028, 20.8659706116, 20.525812149, 17.570558548, 17.7376613617, 18.5212059021, 15.4222192764, 15.9623537064, 15.3895816803, 12.3156385422, 8.32804489136, 5.67364358902, 3.20910358429, 1.39528405666, 0.532618880272, 0.171301543713, 0.0180929731578, 0.000305118359393],
        "median": [0.0485862120986, 0.302350997925, 0.35663831234, 0.653308033943, 0.983850717545, 2.33807754517, 4.58648872375, 6.29141807556, 6.42383670807, 7.88165330887, 13.8076400757, 16.2549343109, 11.2232074738, 13.7388744354, 14.520734787, 19.6265106201, 18.2331523895, 17.8803215027, 18.5048599243, 18.0781478882, 17.4970550537, 20.7901000977, 20.3831233978, 15.1216688156, 13.255191803, 11.736284256, 11.2291526794, 10.6345081329, 9.65913581848, 9.71755886078, 9.28153705597, 7.53448390961, 5.46735620499, 3.84887814522, 2.14368534088, 0.882099747658, 0.307755589485, 0.0668745189905, 0.00387895852327, 0.000125907201436],
        "min": [1.0713620928e-22, 7.24544583369e-22, 4.05765048435e-21, 1.03055064019e-20, 1.79785718966e-20, 4.59139039018e-20, 5.61327930229e-20, 5.0903350728e-20, 1.63107402291e-19, 2.83454142256e-19, 2.91241789229e-19, 6.89510771857e-19, 8.09963571886e-19, 6.60002706166e-19, 9.20479554614e-19, 1.08675681641e-18, 1.96275338942e-18, 2.87826944676e-18, 2.8925523744e-18, 3.45720137017e-18, 3.59477350015e-18, 3.92062186372e-18, 4.29628138942e-18, 6.16472316091e-18, 8.98732314565e-18, 9.18065179842e-18, 9.10331289269e-18, 1.09668854655e-17, 8.31035439644e-18, 1.30686058182e-17, 1.04496916147e-17, 1.0427237797e-17, 1.08620568665e-17, 8.15324467397e-18, 6.67260130367e-18, 4.64195272278e-18, 2.3471768937e-18, 9.91820263531e-19, 2.6135823524e-19, 2.82847334191e-20],
        "var": [0.289356738329, 6.14803934097, 31.3170127869, 64.6577911377, 485.002655029, 420.817077637, 603.598815918, 961.758789062, 3780.57543945, 5153.84082031, 7280.89404297, 8288.0546875, 6048.64501953, 11772.34375, 11733.0898438, 11418.7578125, 9624.41015625, 4233.39892578, 3306.04638672, 5304.05273438, 2099.83251953, 2165.59472656, 1246.32006836, 440.226928711, 607.20489502, 414.287841797, 445.800750732, 675.329833984, 475.962158203, 828.491638184, 631.944946289, 606.833984375, 138.625244141, 55.4959983826, 15.6866521835, 2.65629172325, 0.431823939085, 0.0488059781492, 0.000741731317248, 1.45564882814e-07]
    },
    "gfcc": {
        "mean": [28.0885009766, 27.9899673462, -115.986289978, 12.3180503845, -62.3692321777, 15.1434354782, -39.7148895264, 12.0479536057, -20.9944934845, 7.63238525391, -14.0663719177, 8.07671928406, -11.8420906067],
        "cov": [[20009.5, -1433.88146973, 794.312011719, 737.825927734, 434.259735107, 1086.34265137, 364.016082764, 795.702880859, -126.439300537, 561.022583008, -212.407043457, 274.785217285, -242.836532593], [-1433.88146973, 1972.86767578, -40.7417602539, 1.7641838789, 77.4885559082, -129.65461731, 20.5333003998, -208.158996582, -14.3821058273, -159.738067627, 56.2624168396, -126.823440552, 52.2319450378], [794.312011719, -40.7417602539, 1754.41796875, 883.685974121, 794.172424316, 356.269439697, 399.391326904, 162.295425415, 12.7666788101, 104.50630188, -31.3321895599, -23.7291812897, -68.758934021], [737.825927734, 1.7641838789, 883.685974121, 1185.18103027, 732.145935059, 294.928741455, 305.579406738, 104.176849365, 39.363571167, 62.4883613586, -7.66283082962, -66.6537628174, -34.4068374634], [434.259735107, 77.4885559082, 794.172424316, 732.145935059, 760.871459961, 349.865722656, 361.5597229, 150.347351074, 71.6390457153, 76.6456832886, 0.504834651947, -44.8348426819, -32.8086433411], [1086.34265137, -129.65461731, 356.269439697, 294.928741455, 349.865722656, 389.31817627, 272.469909668, 201.88848877, 32.3966064453, 80.5083465576, -4.76546096802, 6.49520254135, -41.390422821], [364.016082764, 20.5333003998, 399.391326904, 305.579406738, 361.5597229, 272.469909668, 448.668640137, 203.234237671, 69.2817764282, 57.7897872925, 16.5004806519, -27.8435554504, -24.5969295502], [795.702880859, -208.158996582, 162.295425415, 104.176849365, 150.347351074, 201.88848877, 203.234237671, 275.985321045, 108.499885559, 95.7066650391, 4.50782346725, 22.4927997589, -27.4752693176], [-126.439300537, -14.3821058273, 12.7666788101, 39.363571167, 71.6390457153, 32.3966064453, 69.2817764282, 108.499885559, 176.283157349, 69.2445907593, 27.0414161682, -1.69235432148, 3.28585004807], [561.022583008, -159.738067627, 104.50630188, 62.4883613586, 76.6456832886, 80.5083465576, 57.7897872925, 95.7066650391, 69.2445907593, 142.040756226, 46.3866157532, 38.5467033386, -6.40178823471], [-212.407043457, 56.2624168396, -31.3321895599, -7.66283082962, 0.504834651947, -4.76546096802, 16.5004806519, 4.50782346725, 27.0414161682, 46.3866157532, 107.603919983, 57.5878334045, 30.9095649719], [274.785217285, -126.823440552, -23.7291812897, -66.6537628174, -44.8348426819, 6.49520254135, -27.8435554504, 22.4927997589, -1.69235432148, 38.5467033386, 57.5878334045, 122.372146606, 57.5261573792], [-242.836532593, 52.2319450378, -68.758934021, -34.4068374634, -32.8086433411, -41.390422821, -24.5969295502, -27.4752693176, 3.28585004807, -6.40178823471, 30.9095649719, 57.5261573792, 103.696044922]],
        "icov": [[8.46028051456e-05, -3.68385044567e-05, 3.0626761145e-05, -9.76331648417e-05, 0.000109586209874, -0.000164085882716, 2.4152928745e-05, -0.000111063243821, 0.000198174369871, -0.000386407482438, 0.000443631492089, -0.000377638498321, 0.000197197165107], [-3.68385044567e-05, 0.000776962202508, -8.19201231934e-05, 0.000248856842518, -0.000306387373712, 2.69260071946e-05, -2.74680787697e-05, 0.000378673197702, -0.000262580229901, 0.00102758395951, -0.00147752463818, 0.00155971758068, -0.000794834981207], [3.0626761145e-05, -8.19201231934e-05, 0.0012937169522, -0.000373800110538, -0.00101859460119, 0.000471953710075, -0.00044407180394, -1.49857851284e-05, 0.000625932880212, -0.000820885645226, 0.00119153026026, -0.00132583256345, 0.00091343006352], [-9.76331648417e-05, 0.000248856842518, -0.000373800110538, 0.00242313463241, -0.00225000595674, 0.000370176188881, 0.000350472779246, 1.14898521133e-05, 0.000152372260345, 0.000543821661267, -0.00127058115322, 0.0017923793057, -0.000862649583723], [0.000109586209874, -0.000306387373712, -0.00101859460119, -0.00225000595674, 0.0065647456795, -0.00332343555056, -0.00131293223239, 0.00156735931523, -0.00172760291025, -0.000618239922915, 0.000661639554892, 3.54087278538e-05, -0.000356965698302], [-0.000164085882716, 2.69260071946e-05, 0.000471953710075, 0.000370176188881, -0.00332343555056, 0.00851712469012, -0.00177399953827, -0.00351410778239, 0.00256952852942, -0.000777810753789, 0.000691764289513, -0.00150336243678, 0.00153252924792], [2.4152928745e-05, -2.74680787697e-05, -0.00044407180394, 0.000350472779246, -0.00131293223239, -0.00177399953827, 0.00605740724131, -0.00350697874092, 0.000606992573012, 0.00132605014369, -0.00297959218733, 0.00344172702171, -0.00168218417093], [-0.000111063243821, 0.000378673197702, -1.49857851284e-05, 1.14898521133e-05, 0.00156735931523, -0.00351410778239, -0.00350697874092, 0.011816737242, -0.00583128537983, -0.00156989716925, 0.00286261551082, -0.00348633597605, 0.00210402812809], [0.000198174369871, -0.000262580229901, 0.000625932880212, 0.000152372260345, -0.00172760291025, 0.00256952852942, 0.000606992573012, -0.00583128537983, 0.011235492304, -0.00445828586817, -0.00085684057558, 0.00270787719637, -0.00173816259485], [-0.000386407482438, 0.00102758395951, -0.000820885645226, 0.000543821661267, -0.000618239922915, -0.000777810753789, 0.00132605014369, -0.00156989716925, -0.00445828586817, 0.0159907862544, -0.00810249242932, 0.000877303711604, 0.000663118436933], [0.000443631492089, -0.00147752463818, 0.00119153026026, -0.00127058115322, 0.000661639554892, 0.000691764289513, -0.00297959218733, 0.00286261551082, -0.00085684057558, -0.00810249242932, 0.0213024709374, -0.0128892948851, 0.00301635777578], [-0.000377638498321, 0.00155971758068, -0.00132583256345, 0.0017923793057, 3.54087278538e-05, -0.00150336243678, 0.00344172702171, -0.00348633597605, 0.00270787719637, 0.000877303711604, -0.0128892948851, 0.0245580840856, -0.0124640287831], [0.000197197165107, -0.000794834981207, 0.00091343006352, -0.000862649583723, -0.000356965698302, 0.00153252924792, -0.00168218417093, 0.00210402812809, -0.00173816259485, 0.000663118436933, 0.00301635777578, -0.0124640287831, 0.0175938289613]]
    },
    "melbands": {
        "dmean": [0.000932938593905, 0.000821540888865, 0.00053570070304, 0.000479633221403, 0.0002379615471, 0.000209899284528, 0.00021349855524, 0.000192471139599, 0.000241751360591, 0.00016596110072, 9.30693786358e-05, 0.000130681481096, 9.89502295852e-05, 0.000112280300527, 8.35498140077e-05, 6.48605273454e-05, 4.42535965703e-05, 3.65397208952e-05, 5.37652376806e-05, 2.66029855993e-05, 2.33480513998e-05, 2.12428803934e-05, 1.81981795322e-05, 1.45019603224e-05, 9.21078117244e-06, 9.147342098e-06, 8.36177514429e-06, 6.36763388684e-06, 6.46604985377e-06, 6.11025734543e-06, 6.27513190921e-06, 4.96165557706e-06, 4.57564919998e-06, 5.16770887771e-06, 5.56333770874e-06, 4.63024935016e-06, 3.94537164539e-06, 3.36616517416e-06, 2.67594100478e-06, 2.4476858016e-06],
        "dmean2": [0.00132530205883, 0.00140028377064, 0.000909937079996, 0.000772308383603, 0.000369257788407, 0.000330744718667, 0.000320194842061, 0.000291198375635, 0.000378593656933, 0.000251648423728, 0.000139670446515, 0.000203054456506, 0.000150891704834, 0.000175191409653, 0.000128396670334, 0.000103150530776, 6.99773954693e-05, 5.81676213187e-05, 9.01543535292e-05, 4.30402142229e-05, 3.89865454054e-05, 3.4597418562e-05, 3.05230496451e-05, 2.44611474045e-05, 1.51393714987e-05, 1.52310685735e-05, 1.3863879758e-05, 1.05018807517e-05, 1.07137057057e-05, 1.03830079752e-05, 1.0456934433e-05, 8.19200795377e-06, 7.41937174098e-06, 8.12456892163e-06, 9.15603050089e-06, 7.38992503102e-06, 6.3803431658e-06, 5.48009711565e-06, 4.23203346145e-06, 3.90567038266e-06],
        "dvar": [4.62578373117e-06, 7.39061260902e-06, 3.34688343173e-06, 3.01612067233e-06, 3.93094524043e-07, 2.19314031824e-07, 2.70901267641e-07, 2.52735048889e-07, 2.91388658979e-07, 1.12688617548e-07, 4.97640932906e-08, 1.03108646954e-07, 5.30005479504e-08, 7.48536308492e-08, 4.22518162679e-08, 3.42397363795e-08, 9.41249300723e-09, 6.21855811289e-09, 2.092807172e-08, 3.33081118242e-09, 2.59497157096e-09, 1.53895474142e-09, 1.0564885633e-09, 4.72346717295e-10, 2.07868167124e-10, 2.690843659e-10, 1.9783458205e-10, 1.20958590366e-10, 1.3772946672e-10, 1.11760781185e-10, 1.85930257302e-10, 9.34839358702e-11, 9.57194948303e-11, 1.63155711164e-10, 1.39181971504e-10, 1.32019908894e-10, 9.32671925802e-11, 4.1113088628e-11, 2.72292379616e-11, 1.92936361332e-11],
        "dvar2": [9.78623211267e-06, 2.12097984331e-05, 9.22015988181e-06, 7.20060097592e-06, 8.92394780294e-07, 5.25384336925e-07, 5.51304253804e-07, 5.4733828847e-07, 6.87513079356e-07, 2.30888048236e-07, 1.00339157427e-07, 2.47635000505e-07, 1.15682318835e-07, 1.65028325227e-07, 8.5104730374e-08, 7.9987017898e-08, 2.26200729259e-08, 1.45838932042e-08, 5.54399299801e-08, 7.88651988159e-09, 6.94432022996e-09, 3.84750364901e-09, 2.83598011741e-09, 1.28903954177e-09, 5.34242816652e-10, 6.77324363263e-10, 5.22071552655e-10, 3.16723813842e-10, 3.45477257913e-10, 3.08173375707e-10, 4.92924201456e-10, 2.15968465334e-10, 2.00405705919e-10, 3.25527577116e-10, 3.33126720653e-10, 2.64554711471e-10, 1.93367238888e-10, 9.64543375725e-11, 5.75565220484e-11, 4.57858820302e-11],
        "max": [0.0413006097078, 0.0334083214402, 0.0213767439127, 0.0257593300194, 0.0237287580967, 0.0124874813482, 0.0159498862922, 0.0144475065172, 0.0135636013001, 0.0117080323398, 0.00748282670975, 0.00470704119653, 0.00565033219755, 0.00552272051573, 0.00806416850537, 0.0056739137508, 0.00503360293806, 0.00184834678657, 0.00363469636068, 0.00184353347868, 0.000800860521849, 0.000872021308169, 0.0011205751216, 0.000442184362328, 0.000287625589408, 0.000439634022769, 0.000387709180359, 0.000333912263159, 0.000385950901546, 0.000183260286576, 0.000706033140887, 0.000308666116325, 0.000384147570003, 0.000454280525446, 0.000298373604892, 0.000428055296652, 0.000345021486282, 0.000144523772178, 0.000178991787834, 0.000113066766062],
        "mean": [0.00229388242587, 0.00130469060969, 0.000555612612516, 0.000554068887141, 0.000374866212951, 0.000355864234734, 0.000409917178331, 0.000318140606396, 0.000365965679521, 0.00029046626878, 0.000173041727976, 0.000194956082851, 0.000164613040397, 0.000166410420206, 0.000126660917886, 9.29263769649e-05, 6.62745223963e-05, 5.49678443349e-05, 6.83936668793e-05, 4.11107612308e-05, 3.35763506882e-05, 3.45320986526e-05, 2.91721371468e-05, 2.33519531321e-05, 1.60116396728e-05, 1.5474144675e-05, 1.41120617627e-05, 1.11362533062e-05, 1.13488395073e-05, 1.08336635094e-05, 1.04241107692e-05, 8.56656606629e-06, 8.25256029202e-06, 9.19673402677e-06, 8.95243283594e-06, 8.33877311379e-06, 7.18735782357e-06, 5.89956016483e-06, 5.11616326548e-06, 4.66817391498e-06],
        "median": [0.000566396163777, 0.000283233908704, 0.000131161621539, 0.000114440568723, 0.000163060496561, 0.000141392942169, 9.74890135694e-05, 7.9011762864e-05, 0.00010548516002, 0.000101130688563, 4.8679219617e-05, 5.08622106281e-05, 4.61966556031e-05, 4.72043502668e-05, 4.48736536782e-05, 3.3696374885e-05, 3.00687315757e-05, 2.53496000369e-05, 2.67081650236e-05, 1.83565862244e-05, 1.83598713193e-05, 2.02244737011e-05, 1.83969659702e-05, 1.56420792337e-05, 1.10040182335e-05, 9.54117786023e-06, 8.37944935483e-06, 6.95506560078e-06, 6.80806533637e-06, 6.1624295995e-06, 5.66399285162e-06, 5.19344484928e-06, 4.9704030971e-06, 5.37705363968e-06, 5.179159416e-06, 4.73254931421e-06, 4.33342938777e-06, 3.73966577172e-06, 3.36088442054e-06, 3.10065070153e-06],
        "min": [1.54028188023e-24, 2.79690180351e-24, 1.98449517521e-24, 2.29972951496e-24, 2.24897538761e-24, 1.11962988835e-24, 2.53644714831e-24, 3.26347713578e-24, 2.27293545988e-24, 2.93401726732e-24, 3.25916620815e-24, 2.8797339735e-24, 2.66443904132e-24, 3.70714098913e-24, 1.76926946557e-24, 2.91666922994e-24, 5.57807214285e-24, 4.16698654901e-24, 2.64356085139e-24, 4.19740660324e-24, 3.60781630141e-24, 3.75394962866e-24, 3.40487710038e-24, 3.07093078274e-24, 5.08237482698e-24, 5.23799775648e-24, 5.17489480052e-24, 5.2183610364e-24, 5.24591476453e-24, 5.18097257937e-24, 5.65154704199e-24, 4.20772490388e-24, 5.56257260378e-24, 5.83324261328e-24, 5.54231110586e-24, 5.90110555594e-24, 6.27072041663e-24, 7.05011144111e-24, 6.42593156074e-24, 6.75235747016e-24],
        "var": [1.56667210831e-05, 7.85777683632e-06, 2.4883606784e-06, 3.22455412061e-06, 5.98433530286e-07, 4.60798702306e-07, 9.21660443964e-07, 5.63582261748e-07, 6.22540994755e-07, 3.8613831066e-07, 1.62442759688e-07, 1.75461707386e-07, 1.27897791913e-07, 1.41863580438e-07, 9.68142614965e-08, 5.46469500762e-08, 1.56932618012e-08, 1.06098685393e-08, 2.24653344816e-08, 6.73414923824e-09, 2.82066059398e-09, 2.59934207492e-09, 1.45756362535e-09, 6.63316679361e-10, 3.05181629967e-10, 4.38433983563e-10, 3.43686828996e-10, 1.90036750225e-10, 2.30609489837e-10, 1.82832055051e-10, 2.63894461838e-10, 1.50102971719e-10, 1.7878533376e-10, 3.21181664598e-10, 2.10909387177e-10, 2.93695456843e-10, 2.09038827914e-10, 6.9110529799e-11, 5.80015653562e-11, 3.59767320102e-11]
    },
    "mfcc": {
        "mean": [-612.220336914, 72.6969146729, -3.94681310654, 0.551162719727, -1.25206983089, -0.314495742321, -3.97619080544, 2.72730708122, -2.13656711578, 0.963843762875, 1.24685323238, 3.04551458359, 0.710511863232],
        "cov": [[9161.64941406, 94.6547012329, 829.799255371, 370.81729126, 471.522247314, 459.468994141, 446.189331055, 276.520843506, 308.608001709, 228.374954224, 202.483093262, 181.686553955, 103.376731873], [94.6547012329, 1431.69262695, -27.5454940796, -106.401245117, -64.1962738037, -26.7624340057, 10.3565359116, -37.5095291138, -65.5693817139, -59.2769813538, -66.1702880859, -41.6885147095, 7.34760379791], [829.799255371, -27.5454940796, 843.573913574, 535.55078125, 400.567260742, 303.549743652, 337.525878906, 145.928848267, 162.815429688, 94.3664627075, 88.8127059937, 49.9963111877, 3.3302230835], [370.81729126, -106.401245117, 535.55078125, 924.331665039, 528.746887207, 410.781219482, 353.122711182, 151.169891357, 181.904800415, 128.99508667, 110.51612854, 52.2056274414, -27.0840015411], [471.522247314, -64.1962738037, 400.567260742, 528.746887207, 530.327087402, 330.761535645, 256.551147461, 133.746322632, 152.683502197, 111.893615723, 90.1170196533, 55.4438476562, 5.92209911346], [459.468994141, -26.7624340057, 303.549743652, 410.781219482, 330.761535645, 365.090515137, 309.411956787, 143.162246704, 143.321838379, 102.603988647, 86.224609375, 49.3535232544, 0.168393313885], [446.189331055, 10.3565359116, 337.525878906, 353.122711182, 256.551147461, 309.411956787, 450.060302734, 217.783401489, 185.070617676, 118.717674255, 112.512496948, 73.659362793, 11.1100091934], [276.520843506, -37.5095291138, 145.928848267, 151.169891357, 133.746322632, 143.162246704, 217.783401489, 222.228897095, 158.663604736, 100.491348267, 83.4028701782, 59.8723983765, 23.1233081818], [308.608001709, -65.5693817139, 162.815429688, 181.904800415, 152.683502197, 143.321838379, 185.070617676, 158.663604736, 218.723876953, 142.664245605, 97.2833633423, 59.3035812378, 18.363948822], [228.374954224, -59.2769813538, 94.3664627075, 128.99508667, 111.893615723, 102.603988647, 118.717674255, 100.491348267, 142.664245605, 163.841674805, 110.039474487, 55.6606674194, 6.93325805664], [202.483093262, -66.1702880859, 88.8127059937, 110.51612854, 90.1170196533, 86.224609375, 112.512496948, 83.4028701782, 97.2833633423, 110.039474487, 148.89805603, 86.3926849365, 17.6888561249], [181.686553955, -41.6885147095, 49.9963111877, 52.2056274414, 55.4438476562, 49.3535232544, 73.659362793, 59.8723983765, 59.3035812378, 55.6606674194, 86.3926849365, 119.403114319, 61.9655456543], [103.376731873, 7.34760379791, 3.3302230835, -27.0840015411, 5.92209911346, 0.168393313885, 11.1100091934, 23.1233081818, 18.363948822, 6.93325805664, 17.6888561249, 61.9655456543, 110.112182617]],
