{
"lowlevel": {
    "average_loudness": 0.931344091892,
    "barkbands_crest": {
        "dmean": 3.10822582245,
        "dmean2": 4.85259342194,
        "dvar": 12.0033922195,
        "dvar2": 26.6457748413,
        "max": 26.410654068,
        "mean": 10.3343906403,
        "median": 9.09720802307,
        "min": 2.05375742912,
        "var": 29.2850570679
    },
    "barkbands_flatness_db": {
        "dmean": 0.0322891846299,
        "dmean2": 0.0475705638528,
        "dvar": 0.00210494943894,
        "dvar2": 0.00429994007573,
        "max": 0.834344565868,
        "mean": 0.14441908896,
        "median": 0.0868353396654,
        "min": 0.012395247817,
        "var": 0.0192949697375
    },
    "barkbands_kurtosis": {
        "dmean": 9.21473407745,
        "dmean2": 14.9865159988,
        "dvar": 3074.60668945,
        "dvar2": 8184.60253906,
        "max": 2172.2331543,
        "mean": 7.83011579514,
        "median": 0.0831909179688,
        "min": -1.9074395895,
        "var": 2264.73217773
    },
    "barkbands_skewness": {
        "dmean": 0.93655782938,
        "dmean2": 1.38343000412,
        "dvar": 3.23645591736,
        "dvar2": 7.04377365112,
        "max": 35.9009666443,
        "mean": 1.32928860188,
        "median": 0.851128160954,
        "min": -2.54027485847,
        "var": 5.258228302
    },
    "barkbands_spread": {
        "dmean": 8.76769542694,
        "dmean2": 13.6178340912,
        "dvar": 129.790008545,
        "dvar2": 315.477966309,
        "max": 105.909332275,
        "mean": 33.2757492065,
        "median": 33.8349609375,
        "min": 0.0879420265555,
        "var": 445.393218994
    },
    "dissonance": {
        "dmean": 0.0205443333834,
        "dmean2": 0.0337002165616,
        "dvar": 0.00105863506906,
        "dvar2": 0.00283243600279,
        "max": 0.500000119209,
        "mean": 0.451138794422,
        "median": 0.477888017893,
        "min": 0.0293759889901,
        "var": 0.00591663923115
    },
    "dynamic_complexity": 2.48873281479,
    "erbbands_crest": {
        "dmean": 2.71498060226,
        "dmean2": 4.29451370239,
        "dvar": 8.45213413239,
        "dvar2": 19.1817855835,
        "max": 33.6504592896,
        "mean": 8.6606836319,
        "median": 6.88179779053,
        "min": 2.25143957138,
        "var": 25.4979839325
    },
    "erbbands_flatness_db": {
        "dmean": 0.0203633159399,
        "dmean2": 0.029757797718,
        "dvar": 0.000543803791516,
        "dvar2": 0.00112038722727,
        "max": 0.607557594776,
        "mean": 0.16466422379,
        "median": 0.127729579806,
        "min": 0.0429552383721,
        "var": 0.0111978594214
    },
    "erbbands_kurtosis": {
        "dmean": 1.17085373402,
        "dmean2": 1.8836761713,
        "dvar": 5.43083238602,
        "dvar2": 13.4739437103,
        "max": 77.8814315796,
        "mean": 0.504663407803,
        "median": -0.359294891357,
        "min": -1.83859908581,
        "var": 10.1741037369
    },
    "erbbands_skewness": {
        "dmean": 0.470863640308,
        "dmean2": 0.696248948574,
        "dvar": 0.277920484543,
        "dvar2": 0.642278432846,
        "max": 7.11621952057,
        "mean": 0.208934903145,
        "median": 0.205773994327,
        "min": -2.71241617203,
        "var": 0.726285934448
    },
    "erbbands_spread": {
        "dmean": 12.4322986603,
        "dmean2": 19.2139492035,
        "dvar": 324.121765137,
        "dvar2": 762.891723633,
        "max": 180.277252197,
        "mean": 44.1894760132,
        "median": 42.0065460205,
        "min": 0.411235570908,
        "var": 741.552856445
    },
    "hfc": {
        "dmean": 14.8173141479,
        "dmean2": 22.2149982452,
        "dvar": 501.847503662,
        "dvar2": 1152.62536621,
        "max": 204.289291382,
        "mean": 38.6525497437,
        "median": 28.9775466919,
        "min": 1.1256643029e-16,
        "var": 1240.6505127
    },
    "melbands_crest": {
        "dmean": 3.95827150345,
        "dmean2": 6.2269692421,
        "dvar": 18.7620887756,
        "dvar2": 40.7777938843,
        "max": 37.2946891785,
        "mean": 15.797036171,
        "median": 14.6116580963,
        "min": 1.79254794121,
        "var": 50.4294548035
    },
    "melbands_flatness_db": {
        "dmean": 0.0421321280301,
        "dmean2": 0.0618101134896,
        "dvar": 0.0033957362175,
        "dvar2": 0.00692735472694,
        "max": 1,
        "mean": 0.198027163744,
        "median": 0.12941083312,
        "min": 0.00318492646329,
        "var": 0.0287827122957
    },
    "melbands_kurtosis": {
        "dmean": 30.8819351196,
        "dmean2": 47.9843673706,
        "dvar": 13268.0283203,
        "dvar2": 30244.9003906,
        "max": 2386.71386719,
        "mean": 31.2599658966,
        "median": 4.58539438248,
        "min": -1.79938971996,
        "var": 14675.9443359
    },
    "melbands_skewness": {
        "dmean": 1.41366457939,
        "dmean2": 2.12266302109,
        "dvar": 7.81249046326,
        "dvar2": 16.643119812,
        "max": 31.4596672058,
        "mean": 2.88807010651,
        "median": 1.97817838192,
        "min": -2.03365421295,
        "var": 13.2449979782
    },
    "melbands_spread": {
        "dmean": 15.7161655426,
        "dmean2": 25.1509170532,
        "dvar": 614.369567871,
        "dvar2": 1509.10974121,
        "max": 207.105178833,
        "mean": 39.0325164795,
        "median": 34.0532569885,
        "min": 0.0961889103055,
        "var": 1085.67346191
    },
    "pitch_salience": {
        "dmean": 0.0928154662251,
        "dmean2": 0.143947839737,
        "dvar": 0.0122293280438,
        "dvar2": 0.026798279956,
        "max": 0.952698111534,
        "mean": 0.54412984848,
        "median": 0.569443166256,
        "min": 0.0170811284333,
        "var": 0.0254274886101
    },
    "silence_rate_20dB": {
        "dmean": 0,
        "dmean2": 0,
        "dvar": 0,
        "dvar2": 0,
        "max": 1,
        "mean": 1,
        "median": 1,
        "min": 1,
        "var": 0
    },
    "silence_rate_30dB": {
        "dmean": 0.0231292508543,
        "dmean2": 0.0462624356151,
        "dvar": 0.0225949380547,
        "dvar2": 0.0466711930931,
        "max": 1,
        "mean": 0.972196221352,
        "median": 1,
        "min": 0,
        "var": 0.0270305946469
    },
    "silence_rate_60dB": {
        "dmean": 0.0224489793181,
        "dmean2": 0.0449017770588,
        "dvar": 0.0219448860735,
        "dvar2": 0.05325878039,
        "max": 1,
        "mean": 0.0488904006779,
        "median": 0,
        "min": 0,
        "var": 0.0464906655252
    },
    "spectral_centroid": {
        "dmean": 398.679260254,
        "dmean2": 624.310119629,
        "dvar": 286098.0625,
        "dvar2": 632288.625,
        "max": 11571.8134766,
        "mean": 1837.48681641,
        "median": 1952.05639648,
        "min": 79.2288742065,
        "var": 978527.5625
    },
    "spectral_complexity": {
        "dmean": 6.10238075256,
        "dmean2": 9.36746311188,
        "dvar": 57.7011260986,
        "dvar2": 122.59161377,
        "max": 67,
        "mean": 23.1183567047,
        "median": 23,
        "min": 0,
        "var": 193.32723999
    },
    "spectral_decrease": {
        "dmean": 2.44621212175e-09,
        "dmean2": 3.52583784391e-09,
        "dvar": 1.4810862428e-17,
        "dvar2": 2.56149959721e-17,
        "max": 1.27422113089e-28,
        "mean": -6.70420829962e-09,
        "median": -5.1534581047e-09,
        "min": -4.49582877593e-08,
        "var": 3.93643408288e-17
    },
    "spectral_energy": {
        "dmean": 0.00969994720072,
        "dmean2": 0.0140000944957,
        "dvar": 0.000213290462852,
        "dvar2": 0.000371522764908,
        "max": 0.171654820442,
        "mean": 0.0288091823459,
        "median": 0.022922726348,
        "min": 1.03516079885e-20,
        "var": 0.000596547441091
    },
    "spectral_energyband_high": {
        "dmean": 0.00155550672207,
        "dmean2": 0.00233773281798,
        "dvar": 7.42204611015e-06,
        "dvar2": 1.71318388311e-05,
        "max": 0.0285334903747,
        "mean": 0.00313313445076,
        "median": 0.00190437689889,
        "min": 7.48050770322e-21,
        "var": 1.53377768584e-05
    },
    "spectral_energyband_low": {
        "dmean": 0.00547278532758,
        "dmean2": 0.00826052669436,
        "dvar": 0.000254800339462,
        "dvar2": 0.000476215878734,
        "max": 0.168994948268,
        "mean": 0.00975714344531,
        "median": 0.00309099536389,
        "min": 1.76502231735e-23,
        "var": 0.000499044603202
    },
    "spectral_energyband_middle_high": {
        "dmean": 0.0028401252348,
        "dmean2": 0.00410329736769,
        "dvar": 2.09767949855e-05,
        "dvar2": 3.87321015296e-05,
        "max": 0.0542086958885,
        "mean": 0.00631876289845,
        "median": 0.00434800703079,
        "min": 1.26948353727e-21,
        "var": 5.45389993931e-05
    },
    "spectral_energyband_middle_low": {
        "dmean": 0.0060653318651,
        "dmean2": 0.00964708440006,
        "dvar": 0.000164593424415,
        "dvar2": 0.000425435689976,
        "max": 0.112879194319,
        "mean": 0.0105869229883,
        "median": 0.00672297179699,
        "min": 2.46557705999e-22,
        "var": 0.000169542283402
    },
    "spectral_entropy": {
        "dmean": 0.198333218694,
        "dmean2": 0.291112452745,
        "dvar": 0.08875246346,
        "dvar2": 0.19773581624,
        "max": 9.82282161713,
        "mean": 7.66771125793,
        "median": 8.04828357697,
        "min": 2.87339997292,
        "var": 1.17333638668
    },
    "spectral_flux": {
        "dmean": 0.033507630229,
        "dmean2": 0.0519279278815,
        "dvar": 0.00178844248876,
        "dvar2": 0.00399705674499,
        "max": 0.448152452707,
        "mean": 0.0940596163273,
        "median": 0.0782680884004,
        "min": 6.31518518035e-11,
        "var": 0.00433146115392
    },
    "spectral_kurtosis": {
        "dmean": 12.7924041748,
        "dmean2": 20.3168334961,
        "dvar": 4040.49902344,
        "dvar2": 10766.0703125,
        "max": 2039.43994141,
        "mean": 25.9564247131,
        "median": 2.36306381226,
        "min": -1.23723006248,
        "var": 9798.66113281
    },
    "spectral_rms": {
        "dmean": 0.000861714070197,
        "dmean2": 0.00123773247469,
        "dvar": 1.1610106867e-06,
        "dvar2": 2.09202971746e-06,
        "max": 0.0129409469664,
        "mean": 0.00489618862048,
        "median": 0.00472902040929,
        "min": 3.17791279403e-12,
        "var": 4.13383168052e-06
    },
    "spectral_rolloff": {
        "dmean": 1061.19384766,
        "dmean2": 1675.04443359,
        "dvar": 2365545.25,
        "dvar2": 5114482,
        "max": 19207.6171875,
        "mean": 2953.93139648,
        "median": 2411.71875,
        "min": 21.533203125,
        "var": 6295594
    },
    "spectral_skewness": {
        "dmean": 0.493593007326,
        "dmean2": 0.754512906075,
        "dvar": 1.89020824432,
        "dvar2": 4.44442224503,
        "max": 37.1460647583,
        "mean": 2.27237820625,
        "median": 1.27667510509,
        "min": -0.0480621233582,
        "var": 11.6142749786
    },
    "spectral_spread": {
        "dmean": 716200.75,
        "dmean2": 1073553.25,
        "dvar": 1.03702213427e+12,
        "dvar2": 2.31709186458e+12,
        "max": 41853420,
        "mean": 5652947.5,
        "median": 5986237,
        "min": 68733.34375,
        "var": 6.67023153562e+12
    },
    "spectral_strongpeak": {
        "dmean": 0.521034479141,
        "dmean2": 0.859504282475,
        "dvar": 0.660639464855,
        "dvar2": 1.59461653233,
        "max": 10.0759077072,
        "mean": 0.927131474018,
        "median": 0.57452070713,
        "min": 0,
        "var": 1.09390795231
    },
    "zerocrossingrate": {
        "dmean": 0.0192120820284,
        "dmean2": 0.0213281624019,
        "dvar": 0.000498425913975,
        "dvar2": 0.000618626538198,
        "max": 0.71728515625,
        "mean": 0.100185960531,
        "median": 0.09912109375,
        "min": 0.0029296875,
        "var": 0.00391772994772
    },
    "barkbands": {
        "dmean": [0.000347882742062, 0.0041497410275, 0.00225441530347, 0.00141433766112, 0.00351674854755, 0.00092501391191, 0.000557644234505, 0.000493499683216, 0.000489986268803, 0.000888312933967, 0.000355154392309, 0.000621385697741, 0.000408441061154, 0.000456429086626, 0.000424115598435, 0.00029339955654, 0.000327309506247, 0.000288136390736, 0.000271676341072, 0.000300219864585, 0.0003286441206, 0.000384670624044, 0.000349837297108, 0.000277100189123, 0.000224893447012, 9.91437918856e-05, 2.56055973296e-05],
        "dmean2": [0.000551199598704, 0.00629983609542, 0.00385584169999, 0.00255076540634, 0.00573002966121, 0.00147830939386, 0.000888207985554, 0.00073782808613, 0.000746918143705, 0.00128194992431, 0.000528149364982, 0.000919132085983, 0.000599229999352, 0.000709255051333, 0.000640610407572, 0.00046324939467, 0.000541692657862, 0.000479662616272, 0.000461440213257, 0.000501386413816, 0.000541248824447, 0.000630385708064, 0.000540416687727, 0.000399102689698, 0.000331834191456, 0.000145852420246, 4.06799590564e-05],
        "dvar": [1.02861861251e-06, 0.000168345461134, 0.000108667278255, 3.48005814885e-05, 8.7241147412e-05, 6.83236248733e-06, 1.51673441451e-06, 1.80781262316e-06, 1.3034116364e-06, 4.92952631248e-06, 8.94097865967e-07, 2.08908454624e-06, 7.49251569232e-07, 9.93299750007e-07, 9.36893343351e-07, 3.67117308997e-07, 2.45326305048e-07, 2.36461985992e-07, 1.9708276966e-07, 2.37606485598e-07, 2.82024217313e-07, 5.2206030432e-07, 5.40284645467e-07, 2.42630704861e-07, 1.59635206387e-07, 2.65772985841e-08, 2.25794982711e-09],
        "dvar2": [2.40183840106e-06, 0.000342726823874, 0.000290048192255, 0.000100730845588, 0.00021987000946, 1.87159239431e-05, 3.43470878761e-06, 3.99720056521e-06, 2.77693152384e-06, 1.00209754237e-05, 1.84650036772e-06, 4.37845847046e-06, 1.45162607623e-06, 1.93077630684e-06, 1.72035151991e-06, 7.15256362582e-07, 6.12356700458e-07, 5.75696219585e-07, 5.63648256957e-07, 6.50816843972e-07, 7.46252226236e-07, 1.34275126129e-06, 1.31718911689e-06, 4.91822845561e-07, 3.36493172881e-07, 5.80490251423e-08, 5.34140376374e-09],
        "max": [0.0261798799038, 0.151729166508, 0.108892939985, 0.0635560303926, 0.0962025746703, 0.0454819835722, 0.0313655920327, 0.0323905982077, 0.0302867535502, 0.0442459769547, 0.0348400957882, 0.0503768250346, 0.0211061351001, 0.0156089365482, 0.0141605250537, 0.0104950489476, 0.00979769974947, 0.0127097303048, 0.00927753373981, 0.00612248992547, 0.00682248268276, 0.00765752512962, 0.00884601660073, 0.00655692303553, 0.0046716472134, 0.00183990038931, 0.000709081476089],
        "mean": [0.000493155908771, 0.00658270157874, 0.00210910127498, 0.00129735586233, 0.00440337089822, 0.00157701747958, 0.000854937417898, 0.000829724653158, 0.000731306266971, 0.00133930670563, 0.000571023207158, 0.000924093881622, 0.000647767097689, 0.000675985997077, 0.000595433695707, 0.000456108537037, 0.000495644053444, 0.000437111884821, 0.000426876940764, 0.000477232271805, 0.000559472653549, 0.000592330587097, 0.000550944532733, 0.00052041298477, 0.000418923678808, 0.000207027318538, 3.4728058381e-05],
        "median": [7.58773821872e-05, 0.00133939203806, 0.000194062449737, 0.000214963045437, 0.000968400854617, 0.000542361813132, 0.000302738451865, 0.000228515636991, 0.000238707085373, 0.000300623039948, 0.00017313194985, 0.000258474290604, 0.000209516350878, 0.000242413632805, 0.000242143054493, 0.000209695048397, 0.00030154720298, 0.00027605437208, 0.00030480575515, 0.000313989265123, 0.000355238007614, 0.000325145811075, 0.000273862213362, 0.000251918943832, 0.000196039938601, 0.000126374390675, 5.77553191761e-06],
        "min": [4.12572379886e-25, 3.57710949625e-24, 6.24793860672e-25, 2.42599735246e-24, 9.75406945555e-24, 1.12170230483e-23, 1.63729769041e-23, 1.01886765941e-23, 1.76023519383e-23, 4.12776643584e-23, 3.49366236974e-23, 4.48112721201e-23, 2.83270326962e-23, 4.88517040806e-23, 5.72067602752e-23, 8.72466087896e-23, 8.99874460514e-23, 1.22960809526e-22, 2.01604915388e-22, 2.33164665363e-22, 3.63738184573e-22, 3.39138699514e-22, 6.28716083009e-22, 7.39135102237e-22, 1.01632163923e-21, 1.23896762067e-21, 2.21953560981e-21],
        "var": [1.4982765606e-06, 0.000282523134956, 7.78058820288e-05, 2.12330978684e-05, 9.30545502342e-05, 9.48611159401e-06, 2.84717566501e-06, 4.57796568298e-06, 2.82017799691e-06, 1.00078777905e-05, 1.92153311218e-06, 3.9326237129e-06, 1.57322403993e-06, 1.89412958207e-06, 1.61324487635e-06, 7.48654429117e-07, 4.41081027702e-07, 3.62579982038e-07, 2.50563601867e-07, 3.11824067012e-07, 4.34385754033e-07, 6.70626775445e-07, 7.7128936482e-07, 6.5475876454e-07, 3.89803233247e-07, 6.53702301179e-08, 3.66797592299e-09]
    },
    "erbbands": {
        "dmean": [0.148826271296, 0.931026697159, 2.49600863457, 3.58792424202, 8.60203361511, 12.5391569138, 10.1721277237, 6.82969331741, 8.13385868073, 9.2318353653, 10.2033367157, 11.1299238205, 32.0641670227, 14.6235733032, 14.3431587219, 27.3432159424, 17.6783294678, 24.9335670471, 22.8438796997, 17.4878330231, 17.5070171356, 15.2868185043, 15.3963956833, 14.4916601181, 13.4402570724, 14.2725353241, 13.0843029022, 13.9242734909, 13.3561286926, 12.0872516632, 9.34520530701, 6.64403820038, 4.69004058838, 2.84093594551, 1.5131957531, 0.547858059406, 0.164367780089, 0.0444640554488, 0.00410311669111, 6.57872442389e-05],
        "dmean2": [0.215026825666, 1.45682179928, 4.14057016373, 6.20574522018, 14.9427881241, 20.5723152161, 16.7659778595, 10.7708034515, 12.811999321, 14.3230009079, 15.2313671112, 16.9002895355, 46.1588401794, 20.9277763367, 21.2319126129, 40.664855957, 25.8985900879, 38.0155563354, 33.5650405884, 27.2301883698, 26.9977169037, 25.3043308258, 25.5985584259, 24.6426467896, 22.6608257294, 23.898897171, 21.3475112915, 23.2562408447, 21.9953098297, 19.3467311859, 14.3559389114, 9.79729366302, 6.76269054413, 4.2421541214, 2.29394888878, 0.827481627464, 0.243224412203, 0.0670969337225, 0.00650116754696, 9.95644149953e-05],
        "dvar": [0.211387768388, 10.8900156021, 126.124992371, 219.362442017, 771.731262207, 1138.23303223, 1681.93676758, 270.11227417, 264.750396729, 598.624633789, 759.179443359, 741.213012695, 6651.34277344, 1436.65783691, 1102.7479248, 4289.82324219, 1330.57995605, 2846.71557617, 3612.64331055, 1181.12072754, 1134.3536377, 539.820556641, 744.732116699, 539.661254883, 409.096466064, 596.07434082, 472.569763184, 507.122924805, 623.487121582, 641.207458496, 360.46786499, 153.673446655, 80.0511245728, 27.2339839935, 7.34957838058, 0.943432450294, 0.0679207593203, 0.00530483014882, 6.1633742007e-05, 1.20755885291e-08],
        "dvar2": [0.357419520617, 24.9776554108, 317.812744141, 606.608032227, 2129.8203125, 2695.76367188, 4293.44482422, 677.724365234, 620.623046875, 1380.72167969, 1668.96899414, 1579.45129395, 13489.0957031, 2676.66235352, 2469.22021484, 9090.31054688, 2470.30541992, 5524.20556641, 6463.71826172, 2146.44433594, 2391.6652832, 1356.71166992, 1830.62316895, 1591.83337402, 1091.09155273, 1672.1307373, 1246.4876709, 1365.31750488, 1608.22473145, 1585.77844238, 864.877807617, 337.310394287, 165.270355225, 58.2937469482, 16.2825756073, 2.1192920208, 0.148955568671, 0.0120172742754, 0.000147363345604, 2.7248171719e-08],
        "max": [6.66966295242, 36.9112548828, 113.055625916, 181.405838013, 260.778167725, 404.893432617, 710.617553711, 481.83203125, 403.67565918, 581.228088379, 717.735351562, 886.28314209, 1754.22216797, 1247.1081543, 727.320678711, 2597.33447266, 849.183227539, 879.76751709, 937.106811523, 635.274108887, 638.528198242, 457.189849854, 877.400756836, 357.669219971, 259.993591309, 310.019256592, 239.342819214, 272.458618164, 265.625061035, 324.655517578, 220.459487915, 157.804916382, 120.931190491, 63.2907218933, 30.7182407379, 10.6882247925, 3.21605849266, 0.776462316513, 0.139328375459, 0.00175164022949],
        "mean": [0.239956438541, 1.26160669327, 2.51290011406, 3.61787509918, 10.0309486389, 15.2919111252, 13.5682468414, 11.8104190826, 13.5922956467, 14.8662519455, 16.9935569763, 17.6653137207, 47.4230384827, 25.1410274506, 24.797492981, 39.7223472595, 29.5816173553, 38.7368621826, 31.887046814, 27.7754211426, 28.431224823, 24.7199954987, 24.0532455444, 22.9278926849, 21.4472446442, 22.4466609955, 22.0570907593, 22.8847694397, 20.4699954987, 18.8516693115, 15.1269130707, 11.3578834534, 8.62811565399, 5.25846290588, 2.67697501183, 1.03060340881, 0.345608890057, 0.0826539173722, 0.00572174414992, 0.000137090421049],
        "median": [0.0387249998748, 0.234954252839, 0.311199307442, 0.676081717014, 1.54429554939, 3.22699594498, 3.71254968643, 4.17645072937, 5.09337282181, 4.50731897354, 5.87911653519, 6.62712192535, 10.2450819016, 7.98476743698, 8.28959560394, 12.3732242584, 11.4790859222, 14.5650568008, 12.7460756302, 13.5736217499, 15.7508010864, 16.2471351624, 15.5493087769, 15.6983671188, 15.4258127213, 14.6326055527, 14.5150604248, 13.4228744507, 11.3859834671, 10.0421915054, 7.55374765396, 5.59260892868, 3.93769145012, 2.44365048409, 1.27140367031, 0.573729634285, 0.217471405864, 0.0429690144956, 0.0012077660067, 7.32281041564e-05],
        "min": [1.39939557452e-22, 7.57142991789e-22, 2.0952355669e-21, 1.2711120491e-20, 3.01528077414e-20, 2.4850227817e-20, 9.01639275392e-20, 1.22641235587e-19, 1.75082108278e-19, 3.68184527146e-19, 2.2916945813e-19, 4.90305621224e-19, 1.11258770239e-18, 1.80113325787e-18, 2.06389462407e-18, 2.34688489895e-18, 1.67482577686e-18, 2.02448505135e-18, 2.82632870815e-18, 4.80814075247e-18, 5.73066675192e-18, 4.78604055445e-18, 7.21772904377e-18, 6.9127314219e-18, 8.92350202549e-18, 1.03833070618e-17, 1.19579934231e-17, 1.31247391218e-17, 1.29261355382e-17, 1.44622372327e-17, 1.52508976985e-17, 1.43659567181e-17, 1.25433510923e-17, 1.01949299122e-17, 7.50528432166e-18, 3.88221421352e-18, 2.59051006206e-18, 1.07265431754e-18, 2.93876307781e-19, 3.14226527663e-20],
        "var": [0.367502123117, 13.801615715, 101.784942627, 150.277130127, 657.182006836, 1381.78881836, 1566.59741211, 626.048217773, 588.271606445, 1289.59448242, 1731.55297852, 1573.53674316, 13662.2558594, 3706.59375, 2545.89599609, 7305.70751953, 2942.56738281, 5568.26269531, 5705.29052734, 2586.68579102, 2198.41894531, 942.279296875, 1129.60961914, 708.995056152, 575.272033691, 718.562683105, 679.098449707, 785.697387695, 782.565002441, 811.075256348, 563.15234375, 319.571350098, 204.951446533, 63.6894721985, 16.2815227509, 1.97661566734, 0.172757029533, 0.0115381982177, 9.81880293693e-05, 2.59215475751e-08]
    },
    "gfcc": {
        "mean": [-4.11969709396, 50.020160675, -107.614486694, 19.8866271973, -57.3829345703, 13.1722202301, -37.071018219, 4.51580810547, -26.0282688141, 4.94519472122, -16.6414718628, 4.97098779678, -10.1551475525],
        "cov": [[24242.5898438, -7914.93115234, -1604.88354492, 3442.26586914, -687.051635742, 1875.49829102, -587.695678711, 1441.2064209, -474.025543213, 912.16003418, -676.143554688, 757.417236328, -463.464630127], [-7914.93115234, 6547.04492188, 918.90826416, -1683.5670166, 776.143188477, -1054.703125, 416.539672852, -752.116760254, 345.947631836, -540.203979492, 384.284698486, -513.970703125, 229.750228882], [-1604.88354492, 918.90826416, 2031.16271973, 384.092315674, 409.528656006, 64.0970840454, 72.7242965698, -17.1549472809, 50.1691970825, -81.7582626343, -31.4327354431, -114.641815186, -26.5318470001], [3442.26586914, -1683.5670166, 384.092315674, 1439.58654785, 205.002929688, 585.14654541, -17.3924446106, 339.822387695, -34.9386940002, 178.856628418, -164.717544556, 86.9698791504, -106.582939148], [-687.051635742, 776.143188477, 409.528656006, 205.002929688, 637.791137695, 189.695755005, 241.805618286, 19.6918678284, 143.977310181, -41.914100647, 38.44947052, -85.284286499, 44.5768585205], [1875.49829102, -1054.703125, 64.0970840454, 585.14654541, 189.695755005, 637.09942627, 198.071807861, 308.349700928, 45.124004364, 164.638122559, -51.1073608398, 107.156944275, -17.7123794556], [-587.695678711, 416.539672852, 72.7242965698, -17.3924446106, 241.805618286, 198.071807861, 379.157440186, 141.417266846, 168.9972229, 24.1219139099, 66.088973999, -11.9403581619, 54.0097007751], [1441.2064209, -752.116760254, -17.1549472809, 339.822387695, 19.6918678284, 308.349700928, 141.417266846, 341.105499268, 99.1142120361, 165.163665771, -37.422832489, 93.7256393433, -26.3155422211], [-474.025543213, 345.947631836, 50.1691970825, -34.9386940002, 143.977310181, 45.124004364, 168.9972229, 99.1142120361, 205.565582275, 81.3524475098, 64.3312530518, -16.801776886, 27.1813678741], [912.16003418, -540.203979492, -81.7582626343, 178.856628418, -41.914100647, 164.638122559, 24.1219139099, 165.163665771, 81.3524475098, 211.844711304, 41.9151916504, 88.9729614258, -28.5051498413], [-676.143554688, 384.284698486, -31.4327354431, -164.717544556, 38.44947052, -51.1073608398, 66.088973999, -37.422832489, 64.3312530518, 41.9151916504, 136.524047852, 29.2605476379, 37.9419212341], [757.417236328, -513.970703125, -114.641815186, 86.9698791504, -85.284286499, 107.156944275, -11.9403581619, 93.7256393433, -16.801776886, 88.9729614258, 29.2605476379, 136.721008301, 21.9687595367], [-463.464630127, 229.750228882, -26.5318470001, -106.582939148, 44.5768585205, -17.7123794556, 54.0097007751, -26.3155422211, 27.1813678741, -28.5051498413, 37.9419212341, 21.9687595367, 90.439125061]],
        "icov": [[0.000118281495816, -5.87768045079e-05, 0.000122769357404, -0.000178845395567, 1.20140011859e-05, -0.000112965899461, 0.000181727184099, -0.000250289187534, 0.000208818091778, -0.000172920408659, 0.000334654410835, -0.000341032282449, 0.00019648882153], [-5.87768045079e-05, 0.000787744822446, -0.000284593028482, 0.000457950751297, -0.000573267578147, 0.000756466411985, -0.000491718936246, 0.000262542045675, -0.000452397594927, 0.000717101444025, -0.00146662641782, 0.00144248374272, -0.000418533862103], [0.000122769357404, -0.000284593028482, 0.000809831311926, -0.00050419109175, -0.000145554062328, -0.000202999202884, 0.000369157845853, -0.000349065754563, 0.000217396824155, -4.7266119509e-05, 0.000563781999517, -0.000557785562705, 0.00052419694839], [-0.000178845395567, 0.000457950751297, -0.00050419109175, 0.00218165409751, -0.00105061323848, -0.000472105311928, 0.000515800667927, -0.000474184751511, 0.000133962807013, -8.60961517901e-05, -0.000211790640606, 0.00109170575161, 7.89292826084e-05], [1.20140011859e-05, -0.000573267578147, -0.000145554062328, -0.00105061323848, 0.00420242873952, -0.00218871398829, -0.000149012936163, 0.00101897655986, -0.00225988193415, 0.00165608047973, -0.000746144913137, 0.00084555830108, -0.000568674062379], [-0.000112965899461, 0.000756466411985, -0.000202999202884, -0.000472105311928, -0.00218871398829, 0.00674585439265, -0.00430094497278, -0.000544822367374, 0.00317109981552, -0.00342911062762, 0.00171932252124, -0.000656637770589, -0.000902295229025], [0.000181727184099, -0.000491718936246, 0.000369157845853, 0.000515800667927, -0.000149012936163, -0.00430094497278, 0.010322323069, -0.00577344931662, -0.0034405970946, 0.00536043616012, -0.0053761205636, 0.00272786826827, -0.00140022579581], [-0.000250289187534, 0.000262542045675, -0.000349065754563, -0.000474184751511, 0.00101897655986, -0.000544822367374, -0.00577344931662, 0.0150865260512, -0.0066189612262, -0.00365541572683, 0.00877913832664, -0.00832442101091, 0.00379407638684], [0.000208818091778, -0.000452397594927, 0.000217396824155, 0.000133962807013, -0.00225988193415, 0.00317109981552, -0.0034405970946, -0.0066189612262, 0.0193573329598, -0.0109634054825, -0.00161027407739, 0.00845953635871, -0.00634798686951], [-0.000172920408659, 0.000717101444025, -4.7266119509e-05, -8.60961517901e-05, 0.00165608047973, -0.00342911062762, 0.00536043616012, -0.00365541572683, -0.0109634054825, 0.0214448571205, -0.010887705721, -0.00372605398297, 0.00695107271895], [0.000334654410835, -0.00146662641782, 0.000563781999517, -0.000211790640606, -0.000746144913137, 0.00171932252124, -0.0053761205636, 0.00877913832664, -0.00161027407739, -0.010887705721, 0.0254910811782, -0.013878762722, 0.00155552267097], [-0.000341032282449, 0.00144248374272, -0.000557785562705, 0.00109170575161, 0.00084555830108, -0.000656637770589, 0.00272786826827, -0.00832442101091, 0.00845953635871, -0.00372605398297, -0.013878762722, 0.0291112791747, -0.0138516426086], [0.00019648882153, -0.000418533862103, 0.00052419694839, 7.89292826084e-05, -0.000568674062379, -0.000902295229025, -0.00140022579581, 0.00379407638684, -0.00634798686951, 0.00695107271895, 0.00155552267097, -0.0138516426086, 0.022228801623]]
    },
    "melbands": {
        "dmean": [0.00116858212277, 0.00120744726155, 0.000716871232726, 0.000806869298685, 0.000388526619645, 0.000159750023158, 0.000123339923448, 0.00010141916573, 8.00423222245e-05, 7.64816650189e-05, 0.000159516042913, 5.75769045099e-05, 4.44421748398e-05, 6.83848047629e-05, 5.28165255673e-05, 4.40522453573e-05, 4.9017398851e-05, 3.78294353141e-05, 2.72459474218e-05, 2.23475180974e-05, 2.27014406846e-05, 1.80530532816e-05, 1.50751648107e-05, 1.36360449687e-05, 1.23868421724e-05, 1.07048217615e-05, 9.99089570541e-06, 1.00262759588e-05, 8.70924395713e-06, 8.41853761813e-06, 8.69238920131e-06, 8.27153144201e-06, 7.1852327892e-06, 6.7973323894e-06, 5.48768093722e-06, 5.60660646443e-06, 3.69770987163e-06, 3.66427093468e-06, 2.73670593742e-06, 2.41024054048e-06],
        "dmean2": [0.00171868887264, 0.00190602103248, 0.001214253949, 0.00133111060131, 0.000639664824121, 0.000252262747381, 0.000193548374227, 0.000155754358275, 0.000119858770631, 0.000116131916002, 0.000229403114645, 8.34210295579e-05, 6.63629543851e-05, 0.000102586491266, 7.56683948566e-05, 6.52182861813e-05, 7.56750669098e-05, 5.60699954804e-05, 4.20335891249e-05, 3.56151831511e-05, 3.52966308128e-05, 2.99462481053e-05, 2.53944890574e-05, 2.26483025472e-05, 2.12586455746e-05, 1.81136656465e-05, 1.66902955243e-05, 1.68893147929e-05, 1.42758408401e-05, 1.40065412779e-05, 1.4663809452e-05, 1.37568385981e-05, 1.17907111417e-05, 1.0940507309e-05, 8.58249222802e-06, 8.85106146598e-06, 5.49777996639e-06, 5.38654921911e-06, 4.11847759096e-06, 3.704169103e-06],
        "dvar": [1.20277336464e-05, 2.35235584114e-05, 7.0434070949e-06, 4.84462589156e-06, 2.04793445846e-06, 1.45816656527e-07, 6.11187616073e-08, 7.46379740235e-08, 4.64812472956e-08, 3.48138726736e-08, 1.65503521998e-07, 2.48341027742e-08, 1.11183640072e-08, 2.64488608792e-08, 1.55652930545e-08, 9.19405263033e-09, 1.1603531469e-08, 1.04794466438e-08, 3.0049562838e-09, 1.92140792166e-09, 1.83527326669e-09, 7.95955967803e-10, 6.5528094062e-10, 5.90611226592e-10, 4.09409284252e-10, 3.04883257529e-10, 2.21872367701e-10, 3.2298058672e-10, 2.14206985483e-10, 1.68662583899e-10, 2.04321809472e-10, 2.19954096603e-10, 2.1870145972e-10, 1.95004193349e-10, 1.08879787131e-10, 1.65607652591e-10, 4.13081790995e-11, 5.00393233793e-11, 2.9845605154e-11, 1.90061005129e-11],
        "dvar2": [2.10070338653e-05, 5.40644068678e-05, 1.89483143913e-05, 1.26948480101e-05, 4.97645487485e-06, 3.75475906367e-07, 1.39878892469e-07, 1.68942420942e-07, 1.01957247978e-07, 7.32024645345e-08, 3.35746221936e-07, 4.72252636996e-08, 2.45697986401e-08, 5.81071439854e-08, 2.93528330531e-08, 1.91571469799e-08, 2.36469546167e-08, 1.91257996107e-08, 5.41963185441e-09, 3.6813001536e-09, 4.02937816446e-09, 2.00952543494e-09, 1.61657309761e-09, 1.44946699088e-09, 1.22135601632e-09, 8.2084644637e-10, 5.62486279776e-10, 9.28510546228e-10, 5.7086596561e-10, 4.50901982418e-10, 5.55119783474e-10, 5.7384735852e-10, 5.60546664641e-10, 4.82536843815e-10, 2.64096355895e-10, 4.19479589953e-10, 8.21839332699e-11, 1.04132223677e-10, 6.58022941691e-11, 4.23093643453e-11],
        "max": [0.0450199581683, 0.0492978431284, 0.0288117434829, 0.0193322282284, 0.0238878838718, 0.00945922918618, 0.00634578429163, 0.00739714456722, 0.00585650047287, 0.00597070669755, 0.00864393822849, 0.00552835455164, 0.00264496402815, 0.00544928619638, 0.0053854030557, 0.00285955914296, 0.00195094884839, 0.00159319059458, 0.000874747696798, 0.000828548334539, 0.000846202252433, 0.000559026142582, 0.000711222179234, 0.000474674307043, 0.000336375436746, 0.000383460108424, 0.00027872910141, 0.000266151793767, 0.00018417663523, 0.000163535980391, 0.000178809015779, 0.000203979740036, 0.000164545344887, 0.000188283345778, 0.000137492155773, 0.00014634411491, 9.07981011551e-05, 0.00010937811021, 7.56219451432e-05, 5.59055042686e-05],
        "mean": [0.00194890296552, 0.00145621330012, 0.000790142512415, 0.000963245693129, 0.000517633976415, 0.000278794119367, 0.000206626340514, 0.00016628249432, 0.000130844957312, 0.000117745388707, 0.000233945305808, 9.56460062298e-05, 7.44829667383e-05, 0.000102242964203, 7.84093354014e-05, 6.83570397086e-05, 7.2861519584e-05, 5.02105540363e-05, 4.05997816415e-05, 3.40689293807e-05, 3.45378975908e-05, 2.71059489023e-05, 2.25487547141e-05, 2.03034687729e-05, 1.83267402463e-05, 1.55737598106e-05, 1.54599965754e-05, 1.46187912833e-05, 1.36660337375e-05, 1.34226720547e-05, 1.33708026624e-05, 1.20066169984e-05, 1.04975088107e-05, 1.03000866147e-05, 8.77764523466e-06, 7.96444419393e-06, 6.51510936223e-06, 6.34480875306e-06, 5.05589787281e-06, 4.21034201281e-06],
        "median": [0.000387139298255, 0.000270368473139, 0.000153373053763, 0.000174067972694, 0.000146443941048, 9.79758333415e-05, 7.60454422561e-05, 4.79288282804e-05, 4.23796627729e-05, 3.91849789594e-05, 4.88269106427e-05, 2.73126279353e-05, 2.27697983064e-05, 3.09158713208e-05, 2.54231490544e-05, 2.14767951547e-05, 2.52018799074e-05, 1.80048064067e-05, 1.69880750036e-05, 1.61318112077e-05, 1.73112093762e-05, 1.6338448404e-05, 1.34520478241e-05, 1.21698840303e-05, 1.16156497825e-05, 1.03369566204e-05, 1.01331770566e-05, 8.92887601367e-06, 8.67104336066e-06, 7.84510120866e-06, 7.23917810319e-06, 6.34827438262e-06, 5.65568507227e-06, 5.21231322637e-06, 4.32725755672e-06, 3.67197776541e-06, 3.15511078952e-06, 2.74897092822e-06, 2.36360369854e-06, 1.90967443814e-06],
        "min": [2.2187667481e-24, 1.23251203819e-24, 2.04738218049e-24, 1.72621895939e-24, 2.87007318842e-24, 2.97625741614e-24, 2.76700575014e-24, 3.73774445352e-24, 2.28724638278e-24, 2.8076443141e-24, 6.02557281843e-24, 6.2869946171e-24, 5.62934297409e-24, 5.39244133894e-24, 3.42872515441e-24, 3.96111317984e-24, 3.13607077477e-24, 4.31758877329e-24, 4.63967437e-24, 5.43196405915e-24, 6.24437719556e-24, 3.42910380764e-24, 7.21202514191e-24, 6.39181056558e-24, 5.05155442584e-24, 5.9858970592e-24, 4.65899594016e-24, 7.51213701811e-24, 5.42215694038e-24, 7.35254020179e-24, 7.92583460947e-24, 6.5290479084e-24, 6.71082709894e-24, 8.28288488808e-24, 8.09257377242e-24, 8.3552494655e-24, 7.96847017481e-24, 8.03638636559e-24, 6.00503561362e-24, 8.92292008379e-24],
        "var": [2.29987144849e-05, 2.423618389e-05, 5.22263007952e-06, 4.91199261887e-06, 2.06503591471e-06, 3.06454353449e-07, 1.36914735549e-07, 1.77663082468e-07, 1.08664579557e-07, 7.3737645323e-08, 3.38205381922e-07, 6.10990653627e-08, 2.48117189017e-08, 4.75898040975e-08, 3.21121795821e-08, 1.77923844547e-08, 2.18246949402e-08, 1.59968944757e-08, 6.06569638961e-09, 4.01778521564e-09, 3.38477068595e-09, 1.3617328376e-09, 1.00270847181e-09, 8.95678309298e-10, 5.14007059138e-10, 3.98671179402e-10, 3.36470129536e-10, 3.51127155129e-10, 2.90327983876e-10, 2.59988836016e-10, 3.06556419138e-10, 2.77022460526e-10, 2.51522441763e-10, 2.48993242691e-10, 1.79940964906e-10, 2.02185448939e-10, 1.03854022604e-10, 1.21155710464e-10, 6.48452264107e-11, 4.11545207635e-11]
    },
    "mfcc": {
        "mean": [-641.291625977, 81.227104187, 5.86495304108, 11.7120742798, 1.35830152035, 6.56322145462, -0.723251581192, -0.126826837659, -2.44818663597, -1.91627514362, -2.29659175873, -1.23480677605, -2.57638549805],
        "cov": [[15059.5878906, -4001.32519531, -1224.24645996, 515.651611328, 197.882949829, 416.718353271, 210.89453125, 382.318481445, 352.656097412, 307.285430908, 223.519561768, 226.240661621, 91.068321228], [-4001.32519531, 4039.67456055, 523.866821289, -175.667678833, -30.7389640808, -185.111694336, -105.653686523, -157.48059082, -129.665145874, -121.619750977, -59.4902915955, -35.1211471558, 3.20105862617], [-1224.24645996, 523.866821289, 1329.92614746, 421.584655762, 270.903991699, 126.896224976, 90.6137008667, 42.3504333496, 38.1701545715, 16.54429245, -0.631797194481, -12.3478822708, -20.6742458344], [515.651611328, -175.667678833, 421.584655762, 595.951904297, 338.73135376, 183.570175171, 101.623764038, 86.0050125122, 92.1619262695, 84.0089035034, 53.5854263306, 32.0815467834, -0.133238002658], [197.882949829, -30.7389640808, 270.903991699, 338.73135376, 442.407867432, 264.270721436, 145.203353882, 101.258506775, 101.889358521, 73.0759658813, 43.401386261, 21.8489761353, -11.0335569382], [416.718353271, -185.111694336, 126.896224976, 183.570175171, 264.270721436, 336.496582031, 222.504165649, 161.837875366, 141.094955444, 107.786148071, 76.0524902344, 53.3081474304, 16.898809433], [210.89453125, -105.653686523, 90.6137008667, 101.623764038, 145.203353882, 222.504165649, 243.458267212, 181.583358765, 132.419052124, 88.1691894531, 65.0593185425, 47.0776634216, 24.0935668945], [382.318481445, -157.48059082, 42.3504333496, 86.0050125122, 101.258506775, 161.837875366, 181.583358765, 220.734329224, 172.778427124, 110.031295776, 69.7074966431, 45.7022285461, 21.1876926422], [352.656097412, -129.665145874, 38.1701545715, 92.1619262695, 101.889358521, 141.094955444, 132.419052124, 172.778427124, 217.226974487, 155.916122437, 94.6994552612, 55.0227355957, 27.9025173187], [307.285430908, -121.619750977, 16.54429245, 84.0089035034, 73.0759658813, 107.786148071, 88.1691894531, 110.031295776, 155.916122437, 174.392166138, 117.935775757, 63.7036361694, 34.9991531372], [223.519561768, -59.4902915955, -0.631797194481, 53.5854263306, 43.401386261, 76.0524902344, 65.0593185425, 69.7074966431, 94.6994552612, 117.935775757, 137.361679077, 90.9546585083, 52.5894355774], [226.240661621, -35.1211471558, -12.3478822708, 32.0815467834, 21.8489761353, 53.3081474304, 47.0776634216, 45.7022285461, 55.0227355957, 63.7036361694, 90.9546585083, 111.487594604, 78.5113372803], [91.068321228, 3.20105862617, -20.6742458344, -0.133238002658, -11.0335569382, 16.898809433, 24.0935668945, 21.1876926422, 27.9025173187, 34.9991531372, 52.5894355774, 78.5113372803, 106.853134155]],
