{
"lowlevel": {
    "average_loudness": 0.877595663071,
    "barkbands_crest": {
        "dmean": 2.65283608437,
        "dmean2": 3.82161879539,
        "dvar": 9.32104206085,
        "dvar2": 15.0747184753,
        "max": 25.9389228821,
        "mean": 11.6057710648,
        "median": 9.17424297333,
        "min": 1.93610858917,
        "var": 47.5430374146
    },
    "barkbands_flatness_db": {
        "dmean": 0.0346319191158,
        "dmean2": 0.0505286119878,
        "dvar": 0.00199134484865,
        "dvar2": 0.00379985105246,
        "max": 0.617131650448,
        "mean": 0.142234697938,
        "median": 0.0956036373973,
        "min": 0.00923216342926,
        "var": 0.0116369370371
    },
    "barkbands_kurtosis": {
        "dmean": 10.4299345016,
        "dmean2": 14.5576887131,
        "dvar": 849.069580078,
        "dvar2": 1482.8762207,
        "max": 722.717224121,
        "mean": 18.0468196869,
        "median": 0.886698722839,
        "min": -1.83231973648,
        "var": 2603.29736328
    },
    "barkbands_skewness": {
        "dmean": 0.91096508503,
        "dmean2": 1.28015649319,
        "dvar": 1.87144577503,
        "dvar2": 2.79072976112,
        "max": 21.1127548218,
        "mean": 2.31129527092,
        "median": 1.12360358238,
        "min": -3.05081486702,
        "var": 10.6461820602
    },
    "barkbands_spread": {
        "dmean": 7.79080867767,
        "dmean2": 12.167263031,
        "dvar": 100.456886292,
        "dvar2": 224.934829712,
        "max": 133.133514404,
        "mean": 28.1218261719,
        "median": 28.3300228119,
        "min": 0.108541585505,
        "var": 375.653442383
    },
    "dissonance": {
        "dmean": 0.016686335206,
        "dmean2": 0.0274314638227,
        "dvar": 0.000457035144791,
        "dvar2": 0.00113422400318,
        "max": 0.500000059605,
        "mean": 0.466572254896,
        "median": 0.480899959803,
        "min": 0.132524520159,
        "var": 0.00203869654797
    },
    "dynamic_complexity": 2.69510650635,
    "erbbands_crest": {
        "dmean": 2.61861228943,
        "dmean2": 4.18079853058,
        "dvar": 6.60177612305,
        "dvar2": 15.5729885101,
        "max": 29.0315704346,
        "mean": 8.18980789185,
        "median": 7.1844124794,
        "min": 1.9394556284,
        "var": 17.1894798279
    },
    "erbbands_flatness_db": {
        "dmean": 0.0219280514866,
        "dmean2": 0.0334988646209,
        "dvar": 0.000965522893239,
        "dvar2": 0.00221804459579,
        "max": 0.554795622826,
        "mean": 0.141885638237,
        "median": 0.113612912595,
        "min": 0.0343081392348,
        "var": 0.00808131042868
    },
    "erbbands_kurtosis": {
        "dmean": 0.906138956547,
        "dmean2": 1.47482419014,
        "dvar": 2.01919269562,
        "dvar2": 4.99534416199,
        "max": 36.6701202393,
        "mean": 0.295081347227,
        "median": -0.319526910782,
        "min": -1.84637701511,
        "var": 4.21793842316
    },
    "erbbands_skewness": {
        "dmean": 0.373476624489,
        "dmean2": 0.588397324085,
        "dvar": 0.150999173522,
        "dvar2": 0.381855756044,
        "max": 4.46249103546,
        "mean": 0.220858171582,
        "median": 0.0993844717741,
        "min": -3.26659464836,
        "var": 0.481898903847
    },
    "erbbands_spread": {
        "dmean": 10.5376186371,
        "dmean2": 16.3149185181,
        "dvar": 140.894744873,
        "dvar2": 324.227996826,
        "max": 227.124404907,
        "mean": 46.3817558289,
        "median": 42.6406326294,
        "min": 1.46357417107,
        "var": 682.832824707
    },
    "hfc": {
        "dmean": 14.1289997101,
        "dmean2": 20.7153396606,
        "dvar": 482.446044922,
        "dvar2": 1086.29602051,
        "max": 286.484954834,
        "mean": 39.1155586243,
        "median": 33.4363594055,
        "min": 1.0812998935e-16,
        "var": 1071.96765137
    },
    "melbands_crest": {
        "dmean": 3.41486954689,
        "dmean2": 5.30170726776,
        "dvar": 16.1889781952,
        "dvar2": 30.3374080658,
        "max": 39.2972869873,
        "mean": 17.1872291565,
        "median": 14.7178974152,
        "min": 1.60091364384,
        "var": 86.2761611938
    },
    "melbands_flatness_db": {
        "dmean": 0.0398775786161,
        "dmean2": 0.0572417490184,
        "dvar": 0.00283777527511,
        "dvar2": 0.00498372176662,
        "max": 0.757667541504,
        "mean": 0.199182614684,
        "median": 0.149972498417,
        "min": 0.00213171797805,
        "var": 0.0168715678155
    },
    "melbands_kurtosis": {
        "dmean": 31.4917564392,
        "dmean2": 44.0504150391,
        "dvar": 6312.38525391,
        "dvar2": 10360.0634766,
        "max": 2053.76049805,
        "mean": 61.3811340332,
        "median": 5.57876682281,
        "min": -1.76312661171,
        "var": 24800.6386719
    },
    "melbands_skewness": {
        "dmean": 1.33575975895,
        "dmean2": 1.88380229473,
        "dvar": 4.4359498024,
        "dvar2": 6.90897846222,
        "max": 31.6887302399,
        "mean": 4.15281534195,
        "median": 2.07746958733,
        "min": -2.14439272881,
        "var": 25.2541465759
    },
    "melbands_spread": {
        "dmean": 9.66623592377,
        "dmean2": 15.1327371597,
        "dvar": 171.874511719,
        "dvar2": 368.457489014,
        "max": 211.782348633,
        "mean": 31.5202465057,
        "median": 26.7223873138,
        "min": 0.179832875729,
        "var": 746.614868164
    },
    "pitch_salience": {
        "dmean": 0.0820798426867,
        "dmean2": 0.127414777875,
        "dvar": 0.0101040927693,
        "dvar2": 0.0178296659142,
        "max": 0.950449883938,
        "mean": 0.492611467838,
        "median": 0.547169566154,
        "min": 0.0430109277368,
        "var": 0.0427277982235
    },
    "silence_rate_20dB": {
        "dmean": 0,
        "dmean2": 0,
        "dvar": 0,
        "dvar2": 0,
        "max": 1,
        "mean": 1,
        "median": 1,
        "min": 1,
        "var": 0
    },
    "silence_rate_30dB": {
        "dmean": 0.059564512223,
        "dmean2": 0.119139745831,
        "dvar": 0.0560127533972,
        "dvar2": 0.107650563121,
        "max": 1,
        "mean": 0.842015266418,
        "median": 1,
        "min": 0,
        "var": 0.133014664054
    },
    "silence_rate_60dB": {
        "dmean": 0.0163757428527,
        "dmean2": 0.03275443241,
        "dvar": 0.0161101706326,
        "dvar2": 0.0343767479062,
        "max": 1,
        "mean": 0.0763832628727,
        "median": 0,
        "min": 0,
        "var": 0.070544205606
    },
    "spectral_centroid": {
        "dmean": 339.444152832,
        "dmean2": 532.73815918,
        "dvar": 154168.703125,
        "dvar2": 348147,
        "max": 11819.5400391,
        "mean": 1834.42480469,
        "median": 1888.75610352,
        "min": 95.5769500732,
        "var": 1225008.875
    },
    "spectral_complexity": {
        "dmean": 5.55263614655,
        "dmean2": 8.08098602295,
        "dvar": 38.5178375244,
        "dvar2": 69.2375946045,
        "max": 63,
        "mean": 23.8377876282,
        "median": 24,
        "min": 0,
        "var": 197.899185181
    },
    "spectral_decrease": {
        "dmean": 4.26858726144e-09,
        "dmean2": 6.52350085062e-09,
        "dvar": 4.56259193948e-17,
        "dvar2": 8.96636255437e-17,
        "max": 2.2513662809e-11,
        "mean": -1.31551942673e-08,
        "median": -7.87869414154e-09,
        "min": -7.26674755924e-08,
        "var": 1.99843752263e-16
    },
    "spectral_energy": {
        "dmean": 0.0166815966368,
        "dmean2": 0.0252661071718,
        "dvar": 0.000638030527625,
        "dvar2": 0.00126075884327,
        "max": 0.275655061007,
        "mean": 0.0531986914575,
        "median": 0.0344853624701,
        "min": 1.00093692802e-20,
        "var": 0.00282996334136
    },
    "spectral_energyband_high": {
        "dmean": 0.0012986198999,
        "dmean2": 0.00194916129112,
        "dvar": 5.22139725945e-06,
        "dvar2": 1.17829404189e-05,
        "max": 0.0332894138992,
        "mean": 0.00285096187145,
        "median": 0.00210107723251,
        "min": 6.96933270288e-21,
        "var": 1.1184612049e-05
    },
    "spectral_energyband_low": {
        "dmean": 0.0133114727214,
        "dmean2": 0.0204507317394,
        "dvar": 0.000722039141692,
        "dvar2": 0.0013423737837,
        "max": 0.27379822731,
        "mean": 0.0340188704431,
        "median": 0.00775682739913,
        "min": 1.65608851494e-23,
        "var": 0.00316619873047
    },
    "spectral_energyband_middle_high": {
        "dmean": 0.00281527126208,
        "dmean2": 0.00436302181333,
        "dvar": 1.46983920786e-05,
        "dvar2": 3.38207137247e-05,
        "max": 0.0521000437438,
        "mean": 0.00669158017263,
        "median": 0.00557206943631,
        "min": 1.25508491986e-21,
        "var": 3.66760505131e-05
    },
    "spectral_energyband_middle_low": {
        "dmean": 0.00594010436907,
        "dmean2": 0.0097736492753,
        "dvar": 0.000177832218469,
        "dvar2": 0.00048079964472,
        "max": 0.193407088518,
        "mean": 0.00993345677853,
        "median": 0.00654935697094,
        "min": 1.5057144608e-22,
        "var": 0.000168681915966
    },
    "spectral_entropy": {
        "dmean": 0.214933425188,
        "dmean2": 0.340979486704,
        "dvar": 0.109635233879,
        "dvar2": 0.262916296721,
        "max": 9.82884597778,
        "mean": 7.80021572113,
        "median": 8.06679821014,
        "min": 4.36428499222,
        "var": 0.564186930656
    },
    "spectral_flux": {
        "dmean": 0.0406789071858,
        "dmean2": 0.0656207427382,
        "dvar": 0.00309824710712,
        "dvar2": 0.00621573906392,
        "max": 0.484770715237,
        "mean": 0.107712030411,
        "median": 0.0872637033463,
        "min": 6.37713562512e-11,
        "var": 0.00626371288672
    },
    "spectral_kurtosis": {
        "dmean": 4.50278234482,
        "dmean2": 7.14706993103,
        "dvar": 309.446899414,
        "dvar2": 690.750671387,
        "max": 371.604614258,
        "mean": 7.79492092133,
        "median": 2.42935800552,
        "min": -1.26847982407,
        "var": 548.509460449
    },
    "spectral_rms": {
        "dmean": 0.00108338042628,
        "dmean2": 0.00160624471027,
        "dvar": 1.89099898762e-06,
        "dvar2": 3.52170764018e-06,
        "max": 0.0163991395384,
        "mean": 0.00636379932985,
        "median": 0.00580036686733,
        "min": 3.12493802536e-12,
        "var": 1.14030990517e-05
    },
    "spectral_rolloff": {
        "dmean": 807.661499023,
        "dmean2": 1320.83972168,
        "dvar": 1684138.5,
        "dvar2": 3640452.5,
        "max": 19767.4804688,
        "mean": 2298.81665039,
        "median": 1658.05664062,
        "min": 21.533203125,
        "var": 6251915
    },
    "spectral_skewness": {
        "dmean": 0.350056707859,
        "dmean2": 0.547566056252,
        "dvar": 0.755438327789,
        "dvar2": 1.68186640739,
        "max": 15.2728404999,
        "mean": 1.66449689865,
        "median": 1.30652630329,
        "min": -0.161716431379,
        "var": 1.91507971287
    },
    "spectral_spread": {
        "dmean": 554098.625,
        "dmean2": 849625.3125,
        "dvar": 598391980032,
        "dvar2": 1.34830751744e+12,
        "max": 42652784,
        "mean": 5983609.5,
        "median": 6016525,
        "min": 237786.4375,
        "var": 1.2072200962e+13
    },
    "spectral_strongpeak": {
        "dmean": 0.591099143028,
        "dmean2": 1.00802063942,
        "dvar": 1.51412034035,
        "dvar2": 4.011531353,
        "max": 20.2526035309,
        "mean": 1.04113864899,
        "median": 0.58564722538,
        "min": 0,
        "var": 2.11626458168
    },
    "zerocrossingrate": {
        "dmean": 0.0151088209823,
        "dmean2": 0.0167015213519,
        "dvar": 0.000357461394742,
        "dvar2": 0.000384421029594,
        "max": 0.6953125,
        "mean": 0.0847980007529,
        "median": 0.0810546875,
        "min": 0.001953125,
        "var": 0.00428611645475
    },
    "barkbands": {
        "dmean": [0.00144772289786, 0.0108641721308, 0.00442652124912, 0.00184294581413, 0.00252103270032, 0.00119753344916, 0.000580970314331, 0.000706075516064, 0.000637717894278, 0.000358880031854, 0.000535719213076, 0.000521993555594, 0.00059974391479, 0.000600926170591, 0.000533274316695, 0.000472131010611, 0.000334211741574, 0.000314841949148, 0.000261455075815, 0.000318035803502, 0.000361052254448, 0.000267692230409, 0.00027009419864, 0.000218406115891, 0.000169722843566, 0.000111786299385, 5.5953503761e-05],
        "dmean2": [0.0024070055224, 0.0133390240371, 0.00795201677829, 0.00346905412152, 0.00432568462566, 0.00184364768211, 0.000891176401637, 0.000951873196755, 0.000904866261408, 0.000560819520615, 0.000842498673592, 0.000809359014966, 0.000937319884542, 0.00095541216433, 0.000862857967149, 0.000778264307883, 0.000554112484679, 0.000527701689862, 0.000433995388448, 0.00052499899175, 0.000584867724683, 0.000416092749219, 0.00041732788668, 0.000344990578014, 0.000266380026005, 0.000174828266609, 8.57674531289e-05],
        "dvar": [9.22845629248e-06, 0.000521366018802, 0.000226819945965, 4.59164766653e-05, 5.49800934095e-05, 6.22149309493e-06, 1.56393377893e-06, 3.38178938364e-06, 2.07518360185e-06, 7.46140528918e-07, 1.65773371918e-06, 1.13483133646e-06, 1.37959557378e-06, 1.31932756631e-06, 7.83417647199e-07, 7.82776282904e-07, 3.10394455028e-07, 2.41008791591e-07, 1.73842281015e-07, 2.62156305553e-07, 3.82181809755e-07, 1.88589780237e-07, 3.13074934866e-07, 1.88877876894e-07, 1.3082332373e-07, 5.82717234465e-08, 1.42684175586e-08],
        "dvar2": [2.16929602175e-05, 0.000628715497442, 0.000623757776339, 0.000133721114253, 0.000140021467814, 1.36668695632e-05, 3.98358315579e-06, 5.24858933204e-06, 4.3885265768e-06, 1.51779670432e-06, 3.63909475709e-06, 2.45109458774e-06, 3.07334494209e-06, 3.01281488646e-06, 1.91051390175e-06, 1.92596417037e-06, 8.02817737622e-07, 6.58481667415e-07, 4.59430395949e-07, 6.86273665451e-07, 9.02524163848e-07, 4.31105064536e-07, 7.12356438726e-07, 4.49066646979e-07, 3.16760122132e-07, 1.41536133924e-07, 3.29738405469e-08],
        "max": [0.16732057929, 0.259779393673, 0.141358926892, 0.0762803554535, 0.188713356853, 0.0645958185196, 0.0437636747956, 0.0434221178293, 0.0358727201819, 0.0230400189757, 0.0433465130627, 0.0173415187746, 0.0342942886055, 0.0390089228749, 0.0181467514485, 0.0181125532836, 0.0112226782367, 0.00879360921681, 0.00702814664692, 0.00898895505816, 0.0135004036129, 0.00723114283755, 0.0104036591947, 0.006250155624, 0.00542614655569, 0.00396087672561, 0.00163140823133],
        "mean": [0.00286298710853, 0.0277034156024, 0.00320699834265, 0.00143347785342, 0.00303368829191, 0.00200826278888, 0.00100530148484, 0.00124904734548, 0.00110411562491, 0.000515938038006, 0.000779372756369, 0.000748271821067, 0.000848310824949, 0.000828712945804, 0.000767750781961, 0.000662438571453, 0.000492512015626, 0.000457885384094, 0.000396595656639, 0.000490161939524, 0.000617907498963, 0.000490750418976, 0.000482388888486, 0.000394549744669, 0.00032024612301, 0.000213594990782, 8.39701315272e-05],
        "median": [0.000199613990844, 0.0042269625701, 0.000319905288052, 0.000301432650303, 0.00105514645111, 0.000858059735037, 0.000474374450278, 0.000281534681562, 0.000356228090823, 0.000183223251952, 0.000197170564206, 0.000300636922475, 0.000404311926104, 0.000358761986718, 0.000385724270018, 0.000339542864822, 0.000277089886367, 0.000301138119539, 0.000261669076281, 0.000314738921588, 0.000392033340177, 0.000324670050759, 0.000295503094094, 0.00026572556817, 0.000210138823604, 0.00015293963952, 6.48339528198e-06],
        "min": [6.9398046263e-25, 2.0119345185e-24, 1.68015224354e-24, 1.08305553577e-24, 9.94927150883e-24, 9.51687554743e-24, 5.5672343773e-24, 7.61991119498e-24, 1.85007793124e-23, 1.18707725909e-23, 1.17762599547e-23, 1.5112504973e-23, 1.70834818333e-23, 2.76416072329e-23, 3.14007440164e-23, 5.99704934359e-23, 5.34477497094e-23, 8.0946065092e-23, 1.35282526565e-22, 1.98197642122e-22, 2.24250385673e-22, 3.32567197873e-22, 4.14963580584e-22, 6.13940882338e-22, 9.6741731182e-22, 1.30279088552e-21, 2.00075239624e-21],
        "var": [7.00484597473e-05, 0.00264996336773, 0.000143914643559, 2.57970241364e-05, 5.13025770488e-05, 1.63837448781e-05, 2.75732759292e-06, 1.13755559141e-05, 5.76472575631e-06, 1.53918472279e-06, 3.68086398339e-06, 1.92928268916e-06, 2.09404402085e-06, 1.92838501789e-06, 1.31817489546e-06, 1.09753841571e-06, 4.48349339877e-07, 3.08192539933e-07, 2.35785066138e-07, 3.78134615175e-07, 6.55536496197e-07, 3.67698248738e-07, 5.42136660897e-07, 2.94010050084e-07, 1.9957042241e-07, 8.50780565997e-08, 2.42588917843e-08]
    },
    "erbbands": {
        "dmean": [0.538843393326, 1.71214902401, 4.7918214798, 5.37117385864, 7.57000303268, 8.85951137543, 8.586977005, 10.7762956619, 8.67585754395, 8.51466846466, 17.9844608307, 12.4860944748, 13.0014295578, 13.7286205292, 20.1855182648, 22.4458122253, 22.127374649, 35.1257019043, 22.8396320343, 28.1227111816, 26.3594226837, 19.0472812653, 16.1244087219, 12.4687623978, 15.3959684372, 14.0170326233, 14.2592744827, 14.1223278046, 10.0599966049, 8.89926433563, 7.21993017197, 5.01362037659, 3.67097568512, 2.22136449814, 1.09665834904, 0.509441494942, 0.206335052848, 0.0763695389032, 0.0094387140125, 0.00013639088138],
        "dmean2": [0.755508840084, 2.31711649895, 8.55816841125, 9.67054653168, 13.9169988632, 14.6293344498, 13.5572004318, 16.5383625031, 13.3098049164, 12.7342271805, 23.8909225464, 17.5753192902, 19.2999229431, 20.9764671326, 32.1512908936, 34.4352874756, 34.9192848206, 54.7843284607, 37.1560516357, 45.3331336975, 43.5158042908, 31.477684021, 26.828168869, 20.4721069336, 25.8657112122, 23.0717010498, 22.7946090698, 23.0098419189, 15.59034729, 13.7387466431, 11.2315940857, 8.02933597565, 5.78714704514, 3.54499030113, 1.71765100956, 0.807070672512, 0.323676645756, 0.117811813951, 0.0144685134292, 0.000207289733225],
        "dvar": [1.64683043957, 12.6467590332, 262.132324219, 330.777160645, 708.033813477, 822.023864746, 380.889648438, 584.609436035, 367.252868652, 305.708190918, 2426.73071289, 1065.16174316, 703.408081055, 859.296813965, 2247.7355957, 2285.88256836, 1342.7598877, 4521.86376953, 1780.14538574, 3115.56567383, 2779.86450195, 1042.90893555, 629.558776855, 361.089080811, 635.72064209, 478.088806152, 587.187927246, 581.309448242, 274.138305664, 358.237579346, 217.944351196, 88.2612609863, 64.240196228, 25.2511386871, 4.9486541748, 1.21935212612, 0.18635840714, 0.0252859666944, 0.000406471255701, 7.47773825083e-08],
        "dvar2": [2.27397084236, 18.2144412994, 714.743347168, 922.89263916, 2033.93212891, 1846.12133789, 855.529541016, 1318.71875, 944.037719727, 744.947570801, 3764.86889648, 2222.96777344, 1484.99157715, 1814.97131348, 5027.49267578, 4665.40429688, 3018.54125977, 10293.1542969, 4186.89990234, 7705.54980469, 6914.58886719, 2709.25708008, 1686.34631348, 941.711975098, 1741.70751953, 1244.70349121, 1344.71228027, 1413.34008789, 626.44354248, 814.760742188, 502.042572021, 215.719940186, 153.259597778, 63.3115653992, 11.522851944, 2.91251945496, 0.458514809608, 0.0607877410948, 0.000923300394788, 1.68946201029e-07],
        "max": [12.7053022385, 39.1382141113, 144.373336792, 198.417251587, 339.455169678, 996.37298584, 666.218200684, 589.673217773, 826.404846191, 456.147247314, 1199.64282227, 981.236633301, 603.01965332, 744.550476074, 1893.34887695, 857.329528809, 693.535095215, 1227.84936523, 1515.01184082, 1465.50756836, 1249.08984375, 504.227172852, 435.351501465, 244.911254883, 457.214874268, 506.974884033, 452.373565674, 544.538574219, 307.328399658, 414.242828369, 235.930633545, 166.445022583, 128.484375, 92.9230651855, 34.1312675476, 17.6504859924, 7.42414951324, 2.39430999756, 0.302333116531, 0.00419332413003],
        "mean": [1.27441370487, 4.34294366837, 3.98066091537, 4.43351411819, 6.55173587799, 11.1969175339, 14.1701755524, 17.2922458649, 15.1466598511, 14.7985363007, 32.8465538025, 22.978181839, 22.3029899597, 22.1354637146, 30.4985370636, 33.6297302246, 35.0224151611, 50.8633041382, 33.6685295105, 42.0935173035, 37.5264205933, 28.7777614594, 24.7858982086, 20.6504955292, 23.4176521301, 22.7932853699, 24.8056335449, 23.1055030823, 18.365436554, 15.8853549957, 12.8495292664, 8.92344856262, 6.33243656158, 3.93642377853, 2.0478348732, 0.949711799622, 0.38594737649, 0.128586366773, 0.0141625255346, 0.000267749739578],
        "median": [0.170450329781, 0.565569519997, 0.675493955612, 0.944696605206, 1.64551067352, 3.39968252182, 5.28491735458, 6.87419509888, 7.24938201904, 7.10323238373, 7.35279560089, 7.60566091537, 9.31063461304, 9.20546150208, 11.0333490372, 14.307759285, 19.3972644806, 22.442817688, 19.4474639893, 20.1657676697, 20.3831310272, 17.3407688141, 17.338104248, 15.2530479431, 15.7884492874, 15.6560697556, 15.2313728333, 14.2163047791, 12.0302648544, 10.2121219635, 8.02477931976, 6.06922626495, 4.02524471283, 2.52912664413, 1.33167159557, 0.632495880127, 0.273813039064, 0.0516419783235, 0.00128747406416, 0.000104012928205],
        "min": [8.5722176111e-23, 4.23166168898e-22, 4.31039333947e-21, 7.58173554627e-21, 9.81615313696e-21, 2.70426086382e-20, 4.34648967579e-20, 8.50077682767e-20, 9.0117217684e-20, 1.57429673341e-19, 2.55490888058e-19, 4.46258615497e-19, 3.885743483e-19, 8.62953485709e-19, 1.03597237289e-18, 8.59718330634e-19, 1.07471203272e-18, 1.36517185192e-18, 2.20284814568e-18, 2.37858721631e-18, 3.57905500056e-18, 3.15239958331e-18, 5.60468755822e-18, 6.85527380219e-18, 6.96769219693e-18, 8.73481054724e-18, 8.79267927571e-18, 8.74665742797e-18, 1.09576260057e-17, 1.03908666654e-17, 1.16440717632e-17, 1.03547395522e-17, 9.48575819454e-18, 9.12512233672e-18, 7.07565167458e-18, 4.63403867227e-18, 2.50492768114e-18, 1.01111249356e-18, 2.53562936846e-19, 2.68654805116e-20],
        "var": [6.35393381119, 60.8506469727, 175.660934448, 208.241592407, 418.439941406, 937.965698242, 1071.1060791, 1218.36584473, 653.297363281, 504.680755615, 8343.85351562, 3179.77392578, 1561.82275391, 1917.15307617, 4304.60351562, 4082.2644043, 2419.63183594, 7395.421875, 2450.32128906, 5500.06494141, 3770.27270508, 1487.85644531, 827.051269531, 536.199890137, 791.497802734, 724.912231445, 1169.48901367, 912.657409668, 541.142456055, 601.840087891, 351.9190979, 138.714828491, 90.6468811035, 34.4553642273, 7.85416126251, 1.71483933926, 0.280650258064, 0.0414453707635, 0.000693951151334, 1.39397769772e-07]
    },
    "gfcc": {
        "mean": [11.1325683594, 47.854549408, -110.828292847, 22.1445426941, -54.7210350037, 14.2842102051, -35.3931427002, 6.05866384506, -19.0030345917, 11.2451524734, -13.8544368744, 6.29014015198, -8.44134616852],
        "cov": [[26926.5859375, -3858.35058594, 1706.80236816, 3119.33349609, 786.433166504, 2404.98779297, -255.361816406, 978.185974121, -866.023742676, 621.828735352, -340.053771973, 771.760314941, -687.03894043], [-3858.35058594, 2798.90844727, -425.96496582, -839.021850586, -250.615097046, -846.601379395, 8.72210979462, -412.33682251, 298.84286499, -241.962936401, 95.7096328735, -305.610443115, 262.141967773], [1706.80236816, -425.96496582, 1911.58947754, 829.570922852, 906.571289062, 568.578796387, 375.427246094, 303.552886963, 65.8125534058, 105.36743927, 27.9754104614, 147.047164917, -94.0077667236], [3119.33349609, -839.021850586, 829.570922852, 1022.38616943, 554.727661133, 700.868652344, 142.535705566, 293.08203125, -90.0130081177, 139.695724487, 4.80976200104, 180.470275879, -111.028465271], [786.433166504, -250.615097046, 906.571289062, 554.727661133, 734.65802002, 452.013397217, 300.277252197, 202.255691528, 79.2303314209, 77.9719924927, 60.1470108032, 100.107162476, -35.8459281921], [2404.98779297, -846.601379395, 568.578796387, 700.868652344, 452.013397217, 756.461242676, 232.372802734, 322.360534668, -45.5576057434, 159.039596558, 17.9440002441, 168.660232544, -108.747177124], [-255.361816406, 8.72210979462, 375.427246094, 142.535705566, 300.277252197, 232.372802734, 348.530029297, 190.840454102, 153.330780029, 59.1638641357, 58.1905136108, 18.191942215, 4.45801591873], [978.185974121, -412.33682251, 303.552886963, 293.08203125, 202.255691528, 322.360534668, 190.840454102, 290.445770264, 81.2312927246, 119.570587158, 15.6749973297, 69.7850646973, -58.2890853882], [-866.023742676, 298.84286499, 65.8125534058, -90.0130081177, 79.2303314209, -45.5576057434, 153.330780029, 81.2312927246, 220.771118164, 55.4626426697, 67.1526260376, -39.820400238, 40.9917373657], [621.828735352, -241.962936401, 105.36743927, 139.695724487, 77.9719924927, 159.039596558, 59.1638641357, 119.570587158, 55.4626426697, 139.052978516, 54.8724479675, 60.6923599243, -24.7770996094], [-340.053771973, 95.7096328735, 27.9754104614, 4.80976200104, 60.1470108032, 17.9440002441, 58.1905136108, 15.6749973297, 67.1526260376, 54.8724479675, 118.245475769, 52.9278793335, 47.4918327332], [771.760314941, -305.610443115, 147.047164917, 180.470275879, 100.107162476, 168.660232544, 18.191942215, 69.7850646973, -39.820400238, 60.6923599243, 52.9278793335, 150.448516846, 26.829044342], [-687.03894043, 262.141967773, -94.0077667236, -111.028465271, -35.8459281921, -108.747177124, 4.45801591873, -58.2890853882, 40.9917373657, -24.7770996094, 47.4918327332, 26.829044342, 129.057220459]],
        "icov": [[8.50675714901e-05, -6.33485979051e-05, 1.47900277625e-06, -0.000181681432878, 8.83582179085e-05, -6.71965972288e-05, 8.08776458143e-05, -4.64052827738e-05, 0.000116879367852, -0.000277468672721, 0.000363477884093, -0.000344136584317, 0.000217867083848], [-6.33485979051e-05, 0.00101905793417, -0.000114935915917, 7.32204134692e-05, 9.11477036425e-06, 0.00024793954799, -0.000169770952198, 0.000779161578976, -0.00105921772774, 0.00114463525824, -0.00125961285084, 0.00170857924968, -0.00119413342327], [1.47900277625e-06, -0.000114935915917, 0.00154243980069, -0.000730190891773, -0.00151879736222, 0.00104695360642, -0.000838655978441, -2.44055809162e-05, 6.79958902765e-05, -0.000294651050353, 0.00108493934385, -0.00134946615435, 0.00101809855551], [-0.000181681432878, 7.32204134692e-05, -0.000730190891773, 0.00479615340009, -0.00171426753514, -0.00277768727392, 0.00269370875321, -0.00206986209378, 0.00127003376838, 0.000447561236797, -0.00153042073362, 0.00189418590162, -0.00151431176346], [8.83582179085e-05, 9.11477036425e-06, -0.00151879736222, -0.00171426753514, 0.00594882294536, -0.00163829466328, -0.00210546143353, 0.00275071524084, -0.00265448540449, 0.00161994702648, -0.000473147025332, -0.00141934119165, 0.00108098308556], [-6.71965972288e-05, 0.00024793954799, 0.00104695360642, -0.00277768727392, -0.00163829466328, 0.00820617191494, -0.00420895824209, -0.00205851253122, 0.00378191587515, -0.00294192600995, 0.000857538543642, -0.00186890678015, 0.00149390520528], [8.08776458143e-05, -0.000169770952198, -0.000838655978441, 0.00269370875321, -0.00210546143353, -0.00420895824209, 0.0115618864074, -0.00568524887785, -0.00301061337814, 0.00386244989932, -0.00345106818713, 0.00346890301444, -0.00237000640482], [-4.64052827738e-05, 0.000779161578976, -2.44055809162e-05, -0.00206986209378, 0.00275071524084, -0.00205851253122, -0.00568524887785, 0.0166258532554, -0.00884974654764, -0.00272582494654, 0.00622321199626, -0.0064439792186, 0.00444389414042], [0.000116879367852, -0.00105921772774, 6.79958902765e-05, 0.00127003376838, -0.00265448540449, 0.00378191587515, -0.00301061337814, -0.00884974654764, 0.020641637966, -0.00932425260544, -0.00467339623719, 0.00962089374661, -0.00615439936519], [-0.000277468672721, 0.00114463525824, -0.000294651050353, 0.000447561236797, 0.00161994702648, -0.00294192600995, 0.00386244989932, -0.00272582494654, -0.00932425260544, 0.0226452238858, -0.00937498826534, -0.00254834885709, 0.00426358869299], [0.000363477884093, -0.00125961285084, 0.00108493934385, -0.00153042073362, -0.000473147025332, 0.000857538543642, -0.00345106818713, 0.00622321199626, -0.00467339623719, -0.00937498826534, 0.0235405638814, -0.0127055617049, 0.0011514055077], [-0.000344136584317, 0.00170857924968, -0.00134946615435, 0.00189418590162, -0.00141934119165, -0.00186890678015, 0.00346890301444, -0.0064439792186, 0.00962089374661, -0.00254834885709, -0.0127055617049, 0.0271081384271, -0.0141601087525], [0.000217867083848, -0.00119413342327, 0.00101809855551, -0.00151431176346, 0.00108098308556, 0.00149390520528, -0.00237000640482, 0.00444389414042, -0.00615439936519, 0.00426358869299, 0.0011514055077, -0.0141601087525, 0.0197140052915]]
    },
    "melbands": {
        "dmean": [0.00374262360856, 0.00221730209887, 0.00100109225605, 0.000589656294324, 0.000314275792334, 0.000232785518165, 0.000130247557536, 9.49583190959e-05, 0.000139089272125, 8.53735546116e-05, 6.66788837407e-05, 5.58155115868e-05, 7.89396071923e-05, 5.07163713337e-05, 5.92042451899e-05, 6.70087683829e-05, 6.23499145149e-05, 3.84213417419e-05, 3.80302044505e-05, 3.327082959e-05, 3.13935197482e-05, 2.16790704144e-05, 1.54237350216e-05, 1.81699142559e-05, 9.64654464042e-06, 1.19175811051e-05, 1.16681576401e-05, 9.50465982896e-06, 1.01296363937e-05, 9.20891852729e-06, 8.4839275587e-06, 6.3111815507e-06, 5.0218168326e-06, 5.56787699679e-06, 4.65034554509e-06, 3.66436324839e-06, 3.26051281263e-06, 2.83132862933e-06, 2.25761095862e-06, 1.87902855942e-06],
        "dmean2": [0.00494755152613, 0.0038122497499, 0.00178512989078, 0.00103859545197, 0.000491984246764, 0.000357840035576, 0.000199310437893, 0.000139670417411, 0.000185958619113, 0.000122000885312, 9.89055188256e-05, 8.5256229795e-05, 0.000124378275359, 7.89258410805e-05, 9.30688693188e-05, 0.000105101498775, 9.78452444542e-05, 6.28177731414e-05, 6.19074053247e-05, 5.40307009942e-05, 5.20310350112e-05, 3.59350269719e-05, 2.57616720774e-05, 3.07035043079e-05, 1.58463699336e-05, 1.99723817786e-05, 1.98488196475e-05, 1.56580008479e-05, 1.62656324392e-05, 1.49718316607e-05, 1.40331248986e-05, 9.8769151009e-06, 7.97276788944e-06, 8.73726639838e-06, 7.35889807402e-06, 5.80927053306e-06, 5.36062771062e-06, 4.47670572612e-06, 3.64464654012e-06, 3.05223898067e-06],
        "dvar": [6.97744690115e-05, 3.92303518311e-05, 1.12780608106e-05, 3.53888935933e-06, 5.88005946156e-07, 2.56796710119e-07, 7.40978478575e-08, 3.46345849778e-08, 1.4216170996e-07, 4.54485942214e-08, 1.80943082739e-08, 1.59903343899e-08, 3.85158003269e-08, 1.0280590601e-08, 1.46674139501e-08, 1.67687534969e-08, 1.36267006567e-08, 6.75267797234e-09, 4.17899270744e-09, 3.68999697464e-09, 4.32993552124e-09, 1.73136993631e-09, 7.10919212388e-10, 9.61698498614e-10, 2.45568093638e-10, 3.61691787631e-10, 4.60007726355e-10, 2.375687147e-10, 2.94758023545e-10, 3.26957266816e-10, 2.07147424214e-10, 1.29248584058e-10, 5.46571919668e-11, 1.80607778733e-10, 9.79415298863e-11, 5.02070711395e-11, 3.81197226562e-11, 3.55813434272e-11, 2.80876537306e-11, 1.76204537072e-11],
        "dvar2": [8.8523782324e-05, 0.000104306905996, 3.12806478178e-05, 9.48936849454e-06, 1.26443353565e-06, 5.79084883157e-07, 1.90453846471e-07, 8.04456092851e-08, 2.27689412213e-07, 9.81765850838e-08, 3.77222839631e-08, 3.31245573193e-08, 8.38351823518e-08, 2.14848707714e-08, 3.30217915234e-08, 3.75777702288e-08, 3.12604697683e-08, 1.57288546632e-08, 1.0409356932e-08, 8.91073526077e-09, 1.07603321808e-08, 4.5029566742e-09, 1.86206017272e-09, 2.6731372671e-09, 6.37135288972e-10, 9.84035963825e-10, 1.2753968992e-09, 6.20758722203e-10, 6.9666195035e-10, 7.4710809761e-10, 5.22063114961e-10, 3.04430730624e-10, 1.24055654638e-10, 4.23411805617e-10, 2.28075516806e-10, 1.20592133501e-10, 9.71113953141e-11, 8.41079358938e-11, 7.14686226866e-11, 4.52182666311e-11],
        "max": [0.0888886898756, 0.0621230006218, 0.0360840968788, 0.0433285981417, 0.0293526314199, 0.0115506313741, 0.0107051236555, 0.00431831553578, 0.00914601422846, 0.00531314825639, 0.00291909137741, 0.00336313573644, 0.00713465362787, 0.00179901707452, 0.00163026899099, 0.00352356629446, 0.00202158442698, 0.00356126762927, 0.00123548414558, 0.0014028174337, 0.00161295558792, 0.00067396601662, 0.000412704888731, 0.000711104599759, 0.000220525238547, 0.000443313678261, 0.000360789970728, 0.000309614260914, 0.000363053608453, 0.000593975069933, 0.0001623925491, 0.000224425908527, 0.000118893382023, 0.000328173307935, 0.000151926389663, 0.000132909204694, 9.11205788725e-05, 0.000107095467683, 7.82603747211e-05, 6.67830609018e-05],
        "mean": [0.00930930580944, 0.00319852610119, 0.000849672360346, 0.000612767413259, 0.000517590262461, 0.000380613782909, 0.000229968762142, 0.000166640282259, 0.00025458264281, 0.000147997430759, 0.000112072033517, 8.6309366452e-05, 0.000115339593322, 7.57893358241e-05, 8.3445571363e-05, 9.65380313573e-05, 8.81214436959e-05, 5.13672785019e-05, 5.40798537259e-05, 4.91972677992e-05, 4.12683511968e-05, 2.99802941299e-05, 2.20018282562e-05, 2.50751545536e-05, 1.48983463077e-05, 1.70868479472e-05, 1.64409429999e-05, 1.44861423905e-05, 1.59501632879e-05, 1.45798439917e-05, 1.28103947645e-05, 1.05067829281e-05, 8.98625512491e-06, 8.99187398318e-06, 7.69103462517e-06, 6.06423509453e-06, 5.26655958311e-06, 4.64785262011e-06, 3.67709185412e-06, 3.18416527989e-06],
        "median": [0.00148913415615, 0.000573802564759, 0.000196502151084, 0.000183788361028, 0.000192063685972, 0.000155438217917, 0.000113514899567, 7.38681992516e-05, 5.48473763047e-05, 4.77581488667e-05, 4.4338801672e-05, 3.35432341672e-05, 3.22876148857e-05, 3.12235861202e-05, 3.49579750036e-05, 4.53301217931e-05, 3.72645554307e-05, 2.476163354e-05, 2.62441644736e-05, 2.4939301511e-05, 1.93529340322e-05, 1.53806849994e-05, 1.2357308151e-05, 1.52176162374e-05, 9.76648243523e-06, 1.08968661152e-05, 1.01310897662e-05, 8.81271353137e-06, 8.74447505339e-06, 7.62348463468e-06, 7.69018151914e-06, 6.29255146123e-06, 6.03396392762e-06, 5.13700433658e-06, 4.52944595963e-06, 3.75248396267e-06, 3.41007171301e-06, 2.80249014395e-06, 2.33772584579e-06, 1.94750350602e-06],
        "min": [5.94319868081e-25, 1.70349148228e-24, 1.43317616437e-24, 2.05753738414e-24, 1.20434566096e-24, 1.80723024119e-24, 1.22142104829e-24, 1.68004633896e-24, 1.72003350104e-24, 3.01771028177e-24, 1.86031939682e-24, 2.95508695324e-24, 2.8237076915e-24, 2.17617437289e-24, 2.47916756355e-24, 1.80515001499e-24, 2.2670890145e-24, 2.84236602685e-24, 2.50163589985e-24, 1.89276702079e-24, 3.79103240209e-24, 2.87703685806e-24, 3.3091626346e-24, 3.71384551796e-24, 4.23486526889e-24, 5.25609028134e-24, 5.8979627341e-24, 4.71900458922e-24, 4.55181814213e-24, 5.65721658532e-24, 4.80339850658e-24, 5.15997783523e-24, 5.18719156431e-24, 5.72128510703e-24, 5.22239448221e-24, 6.07946148459e-24, 5.95347842587e-24, 5.67730611156e-24, 6.78599686574e-24, 5.95321297418e-24],
        "var": [0.000309887342155, 4.25527214247e-05, 7.20006210031e-06, 2.62363073489e-06, 1.32663524255e-06, 5.65121126783e-07, 1.36478291779e-07, 6.64293438035e-08, 4.89025694606e-07, 1.16450827647e-07, 4.12980405429e-08, 3.45654456169e-08, 8.17945746689e-08, 1.92419609135e-08, 2.1853855614e-08, 2.69046491752e-08, 2.20315552468e-08, 8.61303739441e-09, 6.73923228334e-09, 6.29652863182e-09, 5.67080915559e-09, 2.28613461495e-09, 9.33653820923e-10, 1.15595411021e-09, 3.47211898122e-10, 4.60640275923e-10, 5.06295394498e-10, 3.60151297674e-10, 5.5065935145e-10, 5.66497404542e-10, 2.74656158927e-10, 2.26245619461e-10, 1.09664409498e-10, 2.74445521864e-10, 1.44587661288e-10, 7.44666134311e-11, 5.27573783271e-11, 5.17602870287e-11, 3.25291633907e-11, 2.36428498307e-11]
    },
    "mfcc": {
        "mean": [-628.862915039, 84.7332000732, 2.68229913712, 11.0801334381, 2.48724603653, 8.61374187469, -2.42959904671, -1.79476368427, -3.24106840708e-05, 2.81887292862, 1.45696210861, 2.73062968254, 1.20215046406],
        "cov": [[15141.7753906, -2088.875, 440.460510254, 1540.90087891, 1164.69189453, 1335.65014648, 1033.30029297, 761.986083984, 140.037918091, 27.1699428558, 75.7366027832, 182.084197998, 95.5082015991], [-2088.875, 1909.47399902, 107.555458069, -215.418304443, -197.142547607, -292.292297363, -295.122192383, -232.834640503, -42.991558075, 6.60845470428, -30.9102878571, -76.3026657104, -76.053024292], [440.460510254, 107.555458069, 725.855773926, 382.600860596, 341.819000244, 216.741500854, 214.124938965, 200.674331665, 136.085906982, 100.572814941, 84.2462768555, 37.6924476624, 40.1718177795], [1540.90087891, -215.418304443, 382.600860596, 586.005371094, 461.561859131, 366.393432617, 320.98449707, 250.153335571, 118.169563293, 74.2571640015, 66.6531524658, 57.1539878845, 57.0032501221], [1164.69189453, -197.142547607, 341.819000244, 461.561859131, 534.792907715, 396.188232422, 331.854614258, 259.669128418, 117.505249023, 79.4376068115, 73.5699996948, 57.2305297852, 66.6588821411], [1335.65014648, -292.292297363, 216.741500854, 366.393432617, 396.188232422, 460.250579834, 375.152099609, 274.253112793, 125.724876404, 69.6246032715, 79.3034591675, 89.6504592896, 81.772277832], [1033.30029297, -295.122192383, 214.124938965, 320.98449707, 331.854614258, 375.152099609, 400.712127686, 301.72454834, 144.751174927, 89.9426803589, 95.0751342773, 93.2314224243, 79.8940887451], [761.986083984, -232.834640503, 200.674331665, 250.153335571, 259.669128418, 274.253112793, 301.72454834, 302.618438721, 165.489593506, 105.523200989, 102.667427063, 82.8837966919, 67.7007904053], [140.037918091, -42.991558075, 136.085906982, 118.169563293, 117.505249023, 125.724876404, 144.751174927, 165.489593506, 175.108810425, 124.767272949, 95.9938735962, 67.4576797485, 44.0889587402], [27.1699428558, 6.60845470428, 100.572814941, 74.2571640015, 79.4376068115, 69.6246032715, 89.9426803589, 105.523200989, 124.767272949, 163.330978394, 122.862380981, 72.0385513306, 31.928527832], [75.7366027832, -30.9102878571, 84.2462768555, 66.6531524658, 73.5699996948, 79.3034591675, 95.0751342773, 102.667427063, 95.9938735962, 122.862380981, 153.890853882, 100.076370239, 43.7325515747], [182.084197998, -76.3026657104, 37.6924476624, 57.1539878845, 57.2305297852, 89.6504592896, 93.2314224243, 82.8837966919, 67.4576797485, 72.0385513306, 100.076370239, 131.474273682, 78.4984283447], [95.5082015991, -76.053024292, 40.1718177795, 57.0032501221, 66.6588821411, 81.772277832, 79.8940887451, 67.7007904053, 44.0889587402, 31.928527832, 43.7325515747, 78.4984283447, 118.123260498]],
