{
"lowlevel": {
    "average_loudness": 0.832928478718,
    "barkbands_crest": {
        "dmean": 3.12046527863,
        "dmean2": 4.74927902222,
        "dvar": 11.4803848267,
        "dvar2": 25.2316875458,
        "max": 26.5249652863,
        "mean": 13.1270303726,
        "median": 12.4640665054,
        "min": 2.02846837044,
        "var": 34.6053009033
    },
    "barkbands_flatness_db": {
        "dmean": 0.0340954475105,
        "dmean2": 0.0497801080346,
        "dvar": 0.00181572744623,
        "dvar2": 0.00393625348806,
        "max": 0.698173224926,
        "mean": 0.166133761406,
        "median": 0.121074698865,
        "min": 0.0166026670486,
        "var": 0.0150065366179
    },
    "barkbands_kurtosis": {
        "dmean": 9.14897251129,
        "dmean2": 13.8708839417,
        "dvar": 1153.45617676,
        "dvar2": 2633.03613281,
        "max": 930.981750488,
        "mean": 9.98650932312,
        "median": 1.59747028351,
        "min": -1.91696810722,
        "var": 1279.82678223
    },
    "barkbands_skewness": {
        "dmean": 0.936888515949,
        "dmean2": 1.35377693176,
        "dvar": 2.43444681168,
        "dvar2": 5.10951662064,
        "max": 28.452627182,
        "mean": 1.86283552647,
        "median": 1.41284692287,
        "min": -3.53037166595,
        "var": 5.38030290604
    },
    "barkbands_spread": {
        "dmean": 9.28415584564,
        "dmean2": 14.0205545425,
        "dvar": 166.061676025,
        "dvar2": 370.465576172,
        "max": 116.248100281,
        "mean": 30.4029102325,
        "median": 25.792755127,
        "min": 0.105925783515,
        "var": 528.991027832
    },
    "dissonance": {
        "dmean": 0.0167260598391,
        "dmean2": 0.0276716407388,
        "dvar": 0.000777585315518,
        "dvar2": 0.00205123866908,
        "max": 0.500000178814,
        "mean": 0.464100658894,
        "median": 0.484440803528,
        "min": 0.0416440740228,
        "var": 0.00373811041936
    },
    "dynamic_complexity": 2.97264289856,
    "erbbands_crest": {
        "dmean": 2.31296825409,
        "dmean2": 3.59115600586,
        "dvar": 6.34045743942,
        "dvar2": 13.5840797424,
        "max": 33.4170188904,
        "mean": 8.21189689636,
        "median": 6.46407747269,
        "min": 2.06128120422,
        "var": 27.2288074493
    },
    "erbbands_flatness_db": {
        "dmean": 0.0178910959512,
        "dmean2": 0.0253163427114,
        "dvar": 0.000441532291006,
        "dvar2": 0.000835627666675,
        "max": 0.645218849182,
        "mean": 0.16193331778,
        "median": 0.119307883084,
        "min": 0.0414214618504,
        "var": 0.0131445340812
    },
    "erbbands_kurtosis": {
        "dmean": 1.36888670921,
        "dmean2": 2.07608485222,
        "dvar": 13.6287145615,
        "dvar2": 26.541934967,
        "max": 187.323577881,
        "mean": 1.17911303043,
        "median": -0.0862240791321,
        "min": -1.78568160534,
        "var": 32.9027328491
    },
    "erbbands_skewness": {
        "dmean": 0.399169206619,
        "dmean2": 0.602012336254,
        "dvar": 0.200779259205,
        "dvar2": 0.430908173323,
        "max": 8.0002746582,
        "mean": -0.0827286466956,
        "median": -0.157640278339,
        "min": -3.42684030533,
        "var": 0.91839247942
    },
    "erbbands_spread": {
        "dmean": 10.765501976,
        "dmean2": 15.9602546692,
        "dvar": 214.123275757,
        "dvar2": 466.220001221,
        "max": 192.495986938,
        "mean": 45.284866333,
        "median": 41.5446891785,
        "min": 0.319084078074,
        "var": 874.573852539
    },
    "hfc": {
        "dmean": 15.4937019348,
        "dmean2": 23.7163829803,
        "dvar": 726.657958984,
        "dvar2": 1777.17321777,
        "max": 259.833862305,
        "mean": 34.5594367981,
        "median": 23.8122024536,
        "min": 1.03372119259e-16,
        "var": 1227.09265137
    },
    "melbands_crest": {
        "dmean": 3.64005923271,
        "dmean2": 5.5237121582,
        "dvar": 15.8948192596,
        "dvar2": 35.2256774902,
        "max": 39.5886268616,
        "mean": 19.759803772,
        "median": 19.6642894745,
        "min": 1.67633974552,
        "var": 65.3818206787
    },
    "melbands_flatness_db": {
        "dmean": 0.0421991050243,
        "dmean2": 0.0609850622714,
        "dvar": 0.00271586421877,
        "dvar2": 0.00589134031907,
        "max": 0.842425584793,
        "mean": 0.23265491426,
        "median": 0.194034352899,
        "min": 0.00316064828075,
        "var": 0.0191961657256
    },
    "melbands_kurtosis": {
        "dmean": 29.9490222931,
        "dmean2": 46.6026115417,
        "dvar": 10372.3242188,
        "dvar2": 24562.0117188,
        "max": 1734.66577148,
        "mean": 37.5636138916,
        "median": 10.8025770187,
        "min": -1.846570611,
        "var": 11380.46875
    },
    "melbands_skewness": {
        "dmean": 1.4652518034,
        "dmean2": 2.16357636452,
        "dvar": 6.47765350342,
        "dvar2": 14.5335273743,
        "max": 33.0914993286,
        "mean": 3.82034301758,
        "median": 2.92924141884,
        "min": -4.09715747833,
        "var": 14.4843425751
    },
    "melbands_spread": {
        "dmean": 10.6581335068,
        "dmean2": 16.4348125458,
        "dvar": 270.88961792,
        "dvar2": 604.078491211,
        "max": 205.472564697,
        "mean": 27.2881679535,
        "median": 20.0365829468,
        "min": 0.166217848659,
        "var": 675.672058105
    },
    "pitch_salience": {
        "dmean": 0.0967700257897,
        "dmean2": 0.149910911918,
        "dvar": 0.012204582803,
        "dvar2": 0.0285558663309,
        "max": 0.923558712006,
        "mean": 0.480620115995,
        "median": 0.494043707848,
        "min": 0.0309409182519,
        "var": 0.0304120779037
    },
    "silence_rate_20dB": {
        "dmean": 0,
        "dmean2": 0,
        "dvar": 0,
        "dvar2": 0,
        "max": 1,
        "mean": 1,
        "median": 1,
        "min": 1,
        "var": 0
    },
    "silence_rate_30dB": {
        "dmean": 0.0238836966455,
        "dmean2": 0.0477709360421,
        "dvar": 0.0233143400401,
        "dvar2": 0.0600253492594,
        "max": 1,
        "mean": 0.981458127499,
        "median": 1,
        "min": 0,
        "var": 0.0181996840984
    },
    "silence_rate_60dB": {
        "dmean": 0.0134994806722,
        "dmean2": 0.0270009636879,
        "dvar": 0.0133180869743,
        "dvar2": 0.0293904393911,
        "max": 1,
        "mean": 0.0611881613731,
        "median": 0,
        "min": 0,
        "var": 0.0574377439916
    },
    "spectral_centroid": {
        "dmean": 348.358184814,
        "dmean2": 529.893615723,
        "dvar": 215308.078125,
        "dvar2": 484409.625,
        "max": 11720.8623047,
        "mean": 1807.83618164,
        "median": 1755.02160645,
        "min": 138.380111694,
        "var": 985581.125
    },
    "spectral_complexity": {
        "dmean": 6.62008619308,
        "dmean2": 9.63207435608,
        "dvar": 64.3581237793,
        "dvar2": 126.775047302,
        "max": 68,
        "mean": 22.0456123352,
        "median": 21,
        "min": 0,
        "var": 219.887786865
    },
    "spectral_decrease": {
        "dmean": 2.89371659967e-09,
        "dmean2": 4.23556123508e-09,
        "dvar": 1.6915583792e-17,
        "dvar2": 3.34930459281e-17,
        "max": 1.07993801255e-28,
        "mean": -8.93494433996e-09,
        "median": -7.79498776637e-09,
        "min": -4.36793108349e-08,
        "var": 4.51473391621e-17
    },
    "spectral_energy": {
        "dmean": 0.0114618092775,
        "dmean2": 0.0166759882122,
        "dvar": 0.000246010429692,
        "dvar2": 0.000482500938233,
        "max": 0.16921132803,
        "mean": 0.0368570871651,
        "median": 0.0329547934234,
        "min": 9.83192449856e-21,
        "var": 0.000699242693372
    },
    "spectral_energyband_high": {
        "dmean": 0.00148403691128,
        "dmean2": 0.00229250988923,
        "dvar": 8.46008515509e-06,
        "dvar2": 2.06375807466e-05,
        "max": 0.0280590187758,
        "mean": 0.00271038687788,
        "median": 0.00123195885681,
        "min": 6.7741334264e-21,
        "var": 1.33318080771e-05
    },
    "spectral_energyband_low": {
        "dmean": 0.00811797287315,
        "dmean2": 0.0121073257178,
        "dvar": 0.000216088417801,
        "dvar2": 0.000467670208309,
        "max": 0.161828696728,
        "mean": 0.0189334079623,
        "median": 0.0131678553298,
        "min": 1.89119131058e-23,
        "var": 0.000505025789607
    },
    "spectral_energyband_middle_high": {
        "dmean": 0.00212902156636,
        "dmean2": 0.00335543206893,
        "dvar": 9.64264654613e-06,
        "dvar2": 2.25512922043e-05,
        "max": 0.0515373833477,
        "mean": 0.00472227251157,
        "median": 0.0032911261078,
        "min": 1.27627051785e-21,
        "var": 2.3506114303e-05
    },
    "spectral_energyband_middle_low": {
        "dmean": 0.00668562110513,
        "dmean2": 0.01040752884,
        "dvar": 0.00017923701671,
        "dvar2": 0.000376971845981,
        "max": 0.161562651396,
        "mean": 0.0115069700405,
        "median": 0.00613303668797,
        "min": 2.17190572821e-22,
        "var": 0.000289194606012
    },
    "spectral_entropy": {
        "dmean": 0.197934627533,
        "dmean2": 0.284944266081,
        "dvar": 0.0635092929006,
        "dvar2": 0.132209539413,
        "max": 9.82538604736,
        "mean": 7.62778377533,
        "median": 7.94119930267,
        "min": 3.38610625267,
        "var": 0.952355027199
    },
    "spectral_flux": {
        "dmean": 0.03367645666,
        "dmean2": 0.0507688634098,
        "dvar": 0.00170097104274,
        "dvar2": 0.00360589311458,
        "max": 0.414803445339,
        "mean": 0.0926246196032,
        "median": 0.0783578827977,
        "min": 6.42818021035e-11,
        "var": 0.00395794631913
    },
    "spectral_kurtosis": {
        "dmean": 8.89405822754,
        "dmean2": 14.760512352,
        "dvar": 1448.44177246,
        "dvar2": 4123.19970703,
        "max": 1026.6138916,
        "mean": 19.1838226318,
        "median": 2.7470126152,
        "min": -1.23752772808,
        "var": 4443.83203125
    },
    "spectral_rms": {
        "dmean": 0.000892077339813,
        "dmean2": 0.00129407993518,
        "dvar": 1.23143797737e-06,
        "dvar2": 2.39220639742e-06,
        "max": 0.0128485104069,
        "mean": 0.0055429385975,
        "median": 0.00567018706352,
        "min": 3.09711501237e-12,
        "var": 5.23388189322e-06
    },
    "spectral_rolloff": {
        "dmean": 955.092834473,
        "dmean2": 1535.2442627,
        "dvar": 2442572.25,
        "dvar2": 5423695.5,
        "max": 19293.75,
        "mean": 2018.73352051,
        "median": 1248.92578125,
        "min": 21.533203125,
        "var": 5231377.5
    },
    "spectral_skewness": {
        "dmean": 0.433214813471,
        "dmean2": 0.694712281227,
        "dvar": 1.06330573559,
        "dvar2": 2.73329544067,
        "max": 23.4857368469,
        "mean": 2.12813830376,
        "median": 1.32072722912,
        "min": -0.0575921908021,
        "var": 7.93305873871
    },
    "spectral_spread": {
        "dmean": 604140.5,
        "dmean2": 861837.6875,
        "dvar": 574375329792,
        "dvar2": 1.09065319219e+12,
        "max": 42354852,
        "mean": 5268859.5,
        "median": 5376306,
        "min": 95911.3125,
        "var": 7.59604759757e+12
    },
    "spectral_strongpeak": {
        "dmean": 0.354419797659,
        "dmean2": 0.576050639153,
        "dvar": 0.481845289469,
        "dvar2": 1.13582038879,
        "max": 12.0121355057,
        "mean": 0.721279859543,
        "median": 0.386900812387,
        "min": 0,
        "var": 0.862231016159
    },
    "zerocrossingrate": {
        "dmean": 0.0161831434816,
        "dmean2": 0.0183295439929,
        "dvar": 0.000373603397748,
        "dvar2": 0.000475940963952,
        "max": 0.7880859375,
        "mean": 0.0731397345662,
        "median": 0.06298828125,
        "min": 0.00146484375,
        "var": 0.00296421558596
    },
    "barkbands": {
        "dmean": [0.000768681813497, 0.00695931632072, 0.00194330618251, 0.00169929757249, 0.00412186980247, 0.000655208190437, 0.000643350358587, 0.000387354550185, 0.000498088076711, 0.000300178362522, 0.00024416911765, 0.000305067544105, 0.000256091327174, 0.00041813988355, 0.000254403450526, 0.00029225758044, 0.000387580890674, 0.000289602699922, 0.000298552651657, 0.000322908774251, 0.000284928712063, 0.000283527799184, 0.000314215518301, 0.000257435516687, 0.000211801816477, 0.000152610315126, 1.53667078848e-05],
        "dmean2": [0.00124401564244, 0.0102234454826, 0.00342677999288, 0.00292752170935, 0.00636549899355, 0.000996974413283, 0.000962185848039, 0.000605452049058, 0.000743177719414, 0.000454363034805, 0.000367026630556, 0.000484460411826, 0.000411029584939, 0.000652476912364, 0.000414052454289, 0.000478157569887, 0.000633879681118, 0.000462434167275, 0.000492037506774, 0.000535850471351, 0.000463887758087, 0.000462658295874, 0.000500142632518, 0.00041190648335, 0.000327048299368, 0.000226708638365, 2.45148803515e-05],
        "dvar": [2.59573062067e-06, 0.000160327428603, 3.82646794606e-05, 1.79971357284e-05, 0.000124130761833, 1.89539980511e-06, 3.08174844577e-06, 7.85915347024e-07, 1.50329640292e-06, 4.82195957829e-07, 3.84905519013e-07, 3.88489922898e-07, 3.38922347964e-07, 7.94416905592e-07, 2.05555338084e-07, 2.59575074324e-07, 5.96306051648e-07, 2.23395176135e-07, 2.45502747021e-07, 3.34083239295e-07, 2.20544507101e-07, 3.13756373771e-07, 4.39359780557e-07, 3.13194476576e-07, 1.94919451246e-07, 1.32535063813e-07, 1.04506903131e-09],
        "dvar2": [6.57138389215e-06, 0.000333522271831, 0.000110919208964, 5.01396607433e-05, 0.000228036209592, 4.39752102466e-06, 5.84402096138e-06, 1.73283501681e-06, 3.03563660964e-06, 1.01146679299e-06, 7.31040870505e-07, 8.7181967956e-07, 7.5790592291e-07, 1.6832594838e-06, 4.90189222546e-07, 6.16907584572e-07, 1.51412405103e-06, 5.32821616162e-07, 6.21090407549e-07, 8.48447598401e-07, 5.45399132079e-07, 7.73179920088e-07, 1.09244604118e-06, 7.97207064807e-07, 4.72724480005e-07, 2.95839782893e-07, 2.47671927411e-09],
        "max": [0.0246717762202, 0.140639781952, 0.0895674750209, 0.0494010783732, 0.155370488763, 0.0614310540259, 0.0836502760649, 0.0247003100812, 0.0402551405132, 0.0232250094414, 0.0240066424012, 0.0187433809042, 0.0142089873552, 0.0356309637427, 0.0124783720821, 0.0103019447997, 0.0119915949181, 0.00819162093103, 0.00682230200619, 0.00854375772178, 0.00476879486814, 0.00538720469922, 0.0067323455587, 0.00625938456506, 0.00461041321978, 0.0055588753894, 0.000687269726768],
        "mean": [0.00130019232165, 0.0148714054376, 0.00181506283116, 0.00204945309088, 0.00540868844837, 0.00122251291759, 0.0012901709415, 0.000615310156718, 0.000816063897219, 0.000449635903351, 0.000387835985748, 0.000454402295873, 0.000356939359335, 0.000686723797116, 0.000366333581042, 0.000421483069658, 0.000527237250935, 0.000457213172922, 0.000441668380518, 0.000459247385152, 0.000481360155391, 0.000426407146733, 0.000484146788949, 0.000391135108657, 0.000363821658539, 0.000290769763524, 2.18823552132e-05],
        "median": [0.000504768802784, 0.00854730140418, 0.000280599895632, 0.00039397153887, 0.00127911474556, 0.000548842130229, 0.000292116659693, 0.000136291855597, 0.000170809114934, 9.0769448434e-05, 9.75955044851e-05, 0.00016312430671, 0.000160558091011, 0.000259455002379, 0.000189109036, 0.000194559921511, 0.000235074490774, 0.000251999561442, 0.000218814893742, 0.000255972059676, 0.000264774716925, 0.000196271488676, 0.000179879905772, 0.000145191545016, 0.000101256999187, 5.36077131983e-05, 2.95319682664e-06],
        "min": [1.71754405323e-24, 2.77410451221e-24, 2.1414532518e-24, 2.06805073064e-24, 1.40056495037e-23, 1.10911571355e-23, 1.17544716165e-23, 1.95331994443e-23, 3.3069434111e-23, 2.81025071053e-23, 2.38280059147e-23, 2.41216625421e-23, 4.21333070725e-23, 4.22639014176e-23, 6.4336743883e-23, 7.69261624476e-23, 5.49647607846e-23, 1.21309098873e-22, 1.66807339469e-22, 1.68064367233e-22, 2.66443286454e-22, 3.96611899138e-22, 4.26353293173e-22, 6.01113574878e-22, 9.08356494915e-22, 1.51117082866e-21, 2.02161629043e-21],
        "var": [4.9887808018e-06, 0.000371063011698, 2.74478952633e-05, 1.7950169422e-05, 0.000203285409953, 7.31349518901e-06, 1.19734095279e-05, 2.0924612727e-06, 4.10841812482e-06, 1.15284387903e-06, 1.10600979042e-06, 7.73951853716e-07, 5.5802559018e-07, 1.96431665245e-06, 3.36542910873e-07, 4.44259825372e-07, 8.11373354281e-07, 4.10663602679e-07, 3.83466812082e-07, 4.22565818781e-07, 3.69384594023e-07, 4.1201334966e-07, 5.87503109273e-07, 3.79361978275e-07, 3.2078551726e-07, 3.05839648718e-07, 1.74371184158e-09]
    },
    "erbbands": {
        "dmean": [0.284915804863, 1.3492231369, 2.28466677666, 4.08525323868, 12.6793718338, 13.1595840454, 6.02723264694, 5.37774085999, 8.46754169464, 8.83379268646, 10.8868703842, 9.47445487976, 9.41911220551, 8.2360906601, 9.5738992691, 11.546626091, 11.180273056, 15.7334070206, 15.9301290512, 14.8584337234, 16.9729633331, 21.6560058594, 15.7557287216, 16.4065227509, 13.8339309692, 15.8519296646, 11.9985494614, 11.0597476959, 9.7690372467, 11.497130394, 8.50719451904, 6.29227590561, 3.79463505745, 2.45604205132, 1.48505830765, 0.819225668907, 0.275681585073, 0.0314886793494, 0.00255882763304, 5.37854830327e-05],
        "dmean2": [0.416035830975, 1.9885071516, 3.84538602829, 6.90337848663, 20.1283378601, 21.5124263763, 9.36881732941, 8.24975681305, 12.472823143, 13.694519043, 16.3971118927, 14.4186563492, 14.2098693848, 12.5584287643, 14.6434192657, 18.2822227478, 17.7724895477, 25.0787677765, 24.7204532623, 24.1728572845, 27.576915741, 35.4864654541, 25.1384868622, 25.7408790588, 22.8791770935, 26.3749580383, 19.5991287231, 17.9043064117, 16.0026397705, 18.7257938385, 13.6752557755, 10.1373252869, 6.02325534821, 3.83794927597, 2.2797794342, 1.21626961231, 0.420260459185, 0.0482503324747, 0.0041064391844, 8.18855623947e-05],
        "dvar": [0.254977881908, 8.60840797424, 51.0551376343, 106.935638428, 1142.83752441, 1223.80187988, 194.19178772, 118.173500061, 726.10925293, 595.534179688, 719.481750488, 465.048980713, 417.260559082, 356.736328125, 618.024719238, 498.674041748, 606.187072754, 925.694824219, 1009.89379883, 732.860900879, 836.264892578, 1713.39489746, 714.20111084, 711.079284668, 564.065612793, 942.364807129, 384.042755127, 346.771728516, 335.953826904, 627.247802734, 330.797149658, 195.986190796, 63.254108429, 24.6541633606, 9.65897655487, 3.52249908447, 0.468589693308, 0.00445593800396, 3.08844828396e-05, 1.00844186335e-08],
        "dvar2": [0.542686879635, 18.6035766602, 143.751876831, 299.58581543, 2102.22363281, 2821.53222656, 437.371490479, 291.303161621, 1318.27966309, 1255.24829102, 1474.74279785, 991.562438965, 909.613098145, 725.333557129, 1196.14758301, 1147.92651367, 1307.27038574, 2207.71557617, 2051.69555664, 1677.95910645, 2000.92480469, 4400.65820312, 1705.10986328, 1620.88574219, 1450.92138672, 2423.42358398, 958.612792969, 848.518005371, 825.825744629, 1596.68737793, 839.730041504, 505.312927246, 157.586639404, 59.4839324951, 23.1188678741, 7.46089458466, 1.11638271809, 0.0103902425617, 7.3684961535e-05, 2.28521823686e-08],
        "max": [7.25281476974, 38.3625984192, 99.8447265625, 145.182983398, 470.090332031, 532.472412109, 818.831054688, 449.199432373, 1519.63818359, 793.613891602, 1105.30517578, 584.470581055, 520.963500977, 772.081481934, 1032.53845215, 471.864654541, 739.432739258, 629.092834473, 1516.828125, 467.953643799, 657.590393066, 510.93182373, 513.533813477, 474.007263184, 305.397766113, 512.095153809, 258.031524658, 220.588668823, 179.013259888, 258.728118896, 198.16027832, 162.861984253, 85.8558959961, 52.843208313, 33.0578384399, 31.1288700104, 11.113111496, 1.01704537868, 0.123682290316, 0.00173418351915],
        "mean": [0.646052122116, 2.46171975136, 2.38819646835, 5.14435195923, 14.8687944412, 17.1636638641, 10.1395378113, 10.0408878326, 17.1274662018, 16.5523395538, 18.1049041748, 14.8910484314, 14.9815788269, 13.3389167786, 15.4390602112, 17.1688499451, 17.1270217896, 26.1483573914, 27.4461326599, 22.1878910065, 25.2682514191, 30.8017292023, 24.9563484192, 25.5652561188, 20.8943462372, 21.7157325745, 19.4915847778, 18.4873027802, 15.0239200592, 15.7908172607, 13.2808790207, 9.20750617981, 5.9552063942, 4.03802776337, 2.60223031044, 1.57813870907, 0.484068661928, 0.0558448918164, 0.00374257913791, 0.000121822333313],
        "median": [0.371299058199, 1.2356235981, 0.611487746239, 1.17440104485, 2.97337245941, 4.39597511292, 4.28514480591, 4.41725349426, 4.70083761215, 3.76019644737, 3.95954298973, 3.66406416893, 3.92556214333, 4.06408929825, 4.81745147705, 6.88436222076, 8.61297512054, 11.9747047424, 13.2409133911, 12.1195211411, 11.9685850143, 14.5400352478, 13.3268709183, 13.4008817673, 11.4460086823, 11.5787372589, 10.8850450516, 10.0241289139, 7.26083469391, 5.88630962372, 5.1573638916, 3.32716608047, 2.16653871536, 1.25131094456, 0.658985793591, 0.27728074789, 0.0875617563725, 0.0141497775912, 0.000549729156774, 7.04206322553e-05],
        "min": [1.70755427372e-23, 9.77138097656e-22, 2.11013410755e-21, 8.48088733446e-21, 1.95958457035e-20, 5.51252805745e-20, 9.06367711192e-20, 8.95937286785e-20, 2.06733230915e-19, 3.23407663776e-19, 4.66330876844e-19, 6.97080043148e-19, 9.40495464281e-19, 7.06890818803e-19, 7.63644869703e-19, 1.10379146375e-18, 1.76332738156e-18, 1.68475907864e-18, 2.80247281928e-18, 3.4466699134e-18, 4.84780654438e-18, 3.12317549906e-18, 6.10043302934e-18, 7.2683549788e-18, 9.68849850832e-18, 9.42503982886e-18, 1.17427817073e-17, 1.15048903533e-17, 1.18441684078e-17, 1.15925177315e-17, 1.21210919332e-17, 1.0882462585e-17, 1.03260190141e-17, 8.69455414837e-18, 6.80259728643e-18, 3.9191250804e-18, 2.67393639672e-18, 1.10249299699e-18, 2.55181884401e-19, 2.9188922608e-20],
        "var": [0.667965173721, 14.2419672012, 40.3012695312, 105.100059509, 1660.89416504, 1775.46569824, 606.539672852, 383.237823486, 2786.48608398, 2112.97680664, 2032.01086426, 1112.05993652, 930.631591797, 853.069946289, 1711.81469727, 922.717224121, 1144.5958252, 1891.45471191, 2703.96435547, 1102.25585938, 1533.79260254, 2422.93383789, 1258.35559082, 1383.59375, 767.658508301, 1118.71105957, 596.51159668, 585.917907715, 469.973510742, 712.143310547, 436.548217773, 227.352020264, 82.8418731689, 37.6408004761, 17.4809093475, 8.99722099304, 0.894233286381, 0.00826990138739, 5.09301025886e-05, 2.18194262658e-08]
    },
    "gfcc": {
        "mean": [-11.8269348145, 63.7437591553, -104.150863647, 35.9355163574, -46.8536148071, 16.2803478241, -35.6695823669, 5.86328840256, -21.5506629944, 8.15539264679, -12.6634616852, 5.2568321228, -8.64975643158],
        "cov": [[21801.6074219, -5405.6015625, 1699.74108887, 3716.65283203, -191.654312134, 1451.43481445, -626.929077148, 1779.52453613, -376.632141113, 974.424804688, -646.947509766, 779.607421875, -618.465698242], [-5405.6015625, 4921.25390625, -115.250717163, -1715.90429688, -403.313446045, -1375.37695312, 150.238830566, -837.882263184, 236.081069946, -607.447143555, 244.111923218, -507.99331665, 243.312820435], [1699.74108887, -115.250717163, 1967.53808594, 691.850830078, 145.308700562, 127.402778625, -2.54238033295, 220.591567993, -49.2415084839, 124.616661072, -89.8439865112, 72.0531845093, -110.443473816], [3716.65283203, -1715.90429688, 691.850830078, 1479.90197754, 343.354003906, 649.625305176, -62.6303482056, 432.315765381, -73.9222793579, 315.44140625, -76.9770050049, 233.003890991, -112.755615234], [-191.654312134, -403.313446045, 145.308700562, 343.354003906, 541.997619629, 413.139068604, 140.845550537, 103.967338562, 36.0410385132, 143.40574646, 72.9612045288, 79.8495941162, 27.8577919006], [1451.43481445, -1375.37695312, 127.402778625, 649.625305176, 413.139068604, 788.097290039, 170.691558838, 349.979431152, -0.650982320309, 275.826171875, -7.31698465347, 187.269546509, -31.915309906], [-626.929077148, 150.238830566, -2.54238033295, -62.6303482056, 140.845550537, 170.691558838, 285.69644165, 106.406959534, 118.482398987, 43.0580711365, 82.557472229, 20.7415027618, 62.2184295654], [1779.52453613, -837.882263184, 220.591567993, 432.315765381, 103.967338562, 349.979431152, 106.406959534, 410.824432373, 80.8600692749, 206.280426025, -27.0519580841, 145.357116699, -33.1863670349], [-376.632141113, 236.081069946, -49.2415084839, -73.9222793579, 36.0410385132, -0.650982320309, 118.482398987, 80.8600692749, 198.061477661, 65.5566329956, 78.8341293335, 0.561627209187, 43.6074523926], [974.424804688, -607.447143555, 124.616661072, 315.44140625, 143.40574646, 275.826171875, 43.0580711365, 206.280426025, 65.5566329956, 241.856201172, 57.7828216553, 107.408462524, -29.8531951904], [-646.947509766, 244.111923218, -89.8439865112, -76.9770050049, 72.9612045288, -7.31698465347, 82.557472229, -27.0519580841, 78.8341293335, 57.7828216553, 163.316619873, 34.7385635376, 46.2186203003], [779.607421875, -507.99331665, 72.0531845093, 233.003890991, 79.8495941162, 187.269546509, 20.7415027618, 145.357116699, 0.561627209187, 107.408462524, 34.7385635376, 153.248336792, 23.1981067657], [-618.465698242, 243.312820435, -110.443473816, -112.755615234, 27.8577919006, -31.915309906, 62.2184295654, -33.1863670349, 43.6074523926, -29.8531951904, 46.2186203003, 23.1981067657, 108.535270691]],
        "icov": [[0.000168086349731, -0.000148713210365, 8.68217684911e-05, -0.000305953290081, 0.000233176615438, -1.02308822534e-05, 0.000184405420441, -0.000458495022031, 0.000250422483077, -0.000345709442627, 0.000509259756655, -0.000566671660636, 0.000461476913188], [-0.000148713210365, 0.00116053642705, -0.000443161843577, 0.000510576355737, -0.000340785714798, 0.000911554321647, -0.000601956911851, 0.000600255385507, -0.000707593222614, 0.00119101721793, -0.00187853630632, 0.00244671152905, -0.0015965863131], [8.68217684911e-05, -0.000443161843577, 0.000932316994295, -0.000672396970913, -0.000212665574509, 0.000622539024334, -0.000668667838909, -0.000173847292899, 0.000567232840694, -0.00106577924453, 0.00167288049124, -0.00156869494822, 0.00140804087278], [-0.000305953290081, 0.000510576355737, -0.000672396970913, 0.00250013335608, -0.00089480105089, -0.000852766039316, 0.00128884520382, -0.000366606051102, -0.000314069911838, 0.000978657626547, -0.0017043070402, 0.00129884132184, -0.00100338459015], [0.000233176615438, -0.000340785714798, -0.000212665574509, -0.00089480105089, 0.00464549893513, -0.0030578575097, 0.000402063858928, 0.000545760558452, -7.66812008806e-05, -0.000405512109865, -0.00110484438483, 0.000565897207707, -0.000939668738283], [-1.02308822534e-05, 0.000911554321647, 0.000622539024334, -0.000852766039316, -0.0030578575097, 0.00811779499054, -0.0056812656112, 0.000617246201728, 0.00209784600884, -0.00426403526217, 0.00389422429726, -0.00212544039823, 0.00104348850437], [0.000184405420441, -0.000601956911851, -0.000668667838909, 0.00128884520382, 0.000402063858928, -0.0056812656112, 0.0124088730663, -0.00626778881997, -0.00181696517393, 0.00534561183304, -0.00687845936045, 0.00479000620544, -0.00363926170394], [-0.000458495022031, 0.000600255385507, -0.000173847292899, -0.000366606051102, 0.000545760558452, 0.000617246201728, -0.00626778881997, 0.013570071198, -0.00577618693933, -0.00412098038942, 0.00717386556789, -0.00726394215599, 0.00295261340216], [0.000250422483077, -0.000707593222614, 0.000567232840694, -0.000314069911838, -7.66812008806e-05, 0.00209784600884, -0.00181696517393, -0.00577618693933, 0.0132544403896, -0.00529156439006, -0.00214412342757, 0.00449134083465, -0.00365161290392], [-0.000345709442627, 0.00119101721793, -0.00106577924453, 0.000978657626547, -0.000405512109865, -0.00426403526217, 0.00534561183304, -0.00412098038942, -0.00529156439006, 0.0186905749142, -0.0117232846096, 0.00267622899264, 0.00150522403419], [0.000509259756655, -0.00187853630632, 0.00167288049124, -0.0017043070402, -0.00110484438483, 0.00389422429726, -0.00687845936045, 0.00717386556789, -0.00214412342757, -0.0117232846096, 0.0231842305511, -0.0149434721097, 0.00556837394834], [-0.000566671660636, 0.00244671152905, -0.00156869494822, 0.00129884132184, 0.000565897207707, -0.00212544039823, 0.00479000620544, -0.00726394215599, 0.00449134083465, 0.00267622899264, -0.0149434721097, 0.0286716744304, -0.0155313266441], [0.000461476913188, -0.0015965863131, 0.00140804087278, -0.00100338459015, -0.000939668738283, 0.00104348850437, -0.00363926170394, 0.00295261340216, -0.00365161290392, 0.00150522403419, 0.00556837394834, -0.0155313266441, 0.0221794564277]]
    },
    "melbands": {
        "dmean": [0.00217141117901, 0.00129733933136, 0.000884336826857, 0.00106262927875, 0.000255506776739, 0.000125449281768, 0.000124251906527, 9.00552404346e-05, 0.000100014665804, 5.75372141611e-05, 4.85403252242e-05, 3.49369183823e-05, 3.37057645083e-05, 3.1392366509e-05, 3.31448063662e-05, 2.51107339864e-05, 3.29059112119e-05, 3.12455194944e-05, 2.13815128518e-05, 1.98072593776e-05, 2.13398016058e-05, 2.55766663031e-05, 1.57425147336e-05, 1.41617310874e-05, 1.42063208841e-05, 1.07934711195e-05, 1.06534143924e-05, 1.10960054371e-05, 8.03554303275e-06, 7.52517371438e-06, 6.35863762e-06, 5.4238435041e-06, 6.3096026679e-06, 6.75038836562e-06, 5.09887240696e-06, 4.40007625002e-06, 3.82543612432e-06, 2.71675617114e-06, 2.51145365837e-06, 1.99925125344e-06],
        "dmean2": [0.00315652228892, 0.00199751462787, 0.00145606219303, 0.00164290471002, 0.0004088691785, 0.000190044214833, 0.000184765536687, 0.000139803436468, 0.000149158964632, 8.77483544173e-05, 7.30046303943e-05, 5.30331417394e-05, 5.10177233082e-05, 4.92044309794e-05, 5.34134123882e-05, 4.03455051128e-05, 5.28001692146e-05, 4.80982525914e-05, 3.46601118508e-05, 3.28444984916e-05, 3.48202229361e-05, 4.20888318331e-05, 2.53148773481e-05, 2.2862743208e-05, 2.23442584684e-05, 1.80337065103e-05, 1.76852772711e-05, 1.86163269973e-05, 1.33306302814e-05, 1.23172949316e-05, 1.03188222056e-05, 8.94598269952e-06, 1.04367973108e-05, 1.10742557808e-05, 8.24939434096e-06, 7.13885447112e-06, 6.23731921223e-06, 4.34871844845e-06, 4.05953551308e-06, 3.12975225825e-06],
        "dvar": [1.39990897878e-05, 1.22000110423e-05, 3.99553573516e-06, 8.88944578037e-06, 3.23179477846e-07, 6.36291090927e-08, 1.30394553821e-07, 5.8490261523e-08, 7.16415229363e-08, 1.6133293812e-08, 1.12292806165e-08, 6.35659747061e-09, 8.10228151238e-09, 5.40144773353e-09, 5.67208235935e-09, 3.2300806474e-09, 4.22779944387e-09, 4.97842833624e-09, 1.51640056067e-09, 1.31010224891e-09, 1.5489589611e-09, 2.62477017898e-09, 7.66557317622e-10, 5.84820858407e-10, 5.76722447576e-10, 3.2244848458e-10, 3.67943453483e-10, 4.54056597876e-10, 1.70836511604e-10, 1.63403943154e-10, 1.1748860218e-10, 9.70565502967e-11, 1.69261632488e-10, 2.13732642695e-10, 1.08120110087e-10, 9.82452522114e-11, 6.90207752063e-11, 2.96195810934e-11, 3.11975306699e-11, 1.48744887934e-11],
        "dvar2": [2.9052624086e-05, 3.11496551149e-05, 1.0710909919e-05, 1.65266428667e-05, 7.98127018697e-07, 1.51999614673e-07, 2.42503631398e-07, 1.24107614852e-07, 1.42077325904e-07, 3.49413120659e-08, 2.41880524499e-08, 1.2932297011e-08, 1.54411008424e-08, 1.16967715513e-08, 1.31628050681e-08, 7.4365842373e-09, 1.00175974183e-08, 9.72999814053e-09, 3.61678553773e-09, 3.03873903817e-09, 3.80335540839e-09, 6.73090738701e-09, 1.83985249258e-09, 1.42114431334e-09, 1.31244182189e-09, 8.34466884481e-10, 9.23523424401e-10, 1.18081622258e-09, 4.28689111986e-10, 4.07209127529e-10, 2.91869445279e-10, 2.41377556831e-10, 4.20709078686e-10, 5.47447809307e-10, 2.73079087121e-10, 2.53441545528e-10, 1.7765124094e-10, 7.33304666989e-11, 7.97880719827e-11, 3.53219987981e-11],
        "max": [0.0466549284756, 0.0409262664616, 0.0231225863099, 0.0414966605604, 0.0342445485294, 0.00953755062073, 0.0194788277149, 0.00835840404034, 0.0114539563656, 0.00314298016019, 0.00296177505516, 0.00293512805365, 0.00353061733767, 0.00260499981232, 0.00201631337404, 0.00128351023886, 0.00149306294043, 0.00341495405883, 0.0010032573482, 0.00067600433249, 0.000907113077119, 0.000698420684785, 0.000637472316157, 0.000470818427857, 0.000463316449896, 0.000211642531212, 0.00028162196395, 0.000330778915668, 0.000199443224119, 0.000151073458255, 0.000193201267393, 0.000108354215627, 0.000135647205752, 0.000160125418915, 0.000121646546177, 0.000129426523927, 8.81323212525e-05, 5.80346677452e-05, 8.17303880467e-05, 3.96673967771e-05],
        "mean": [0.00484756706282, 0.00188167707529, 0.00108309579082, 0.00134499766864, 0.000394674396375, 0.000241545232711, 0.000253208359936, 0.000162731230375, 0.000163907330716, 8.93365431693e-05, 7.61900155339e-05, 5.55740080017e-05, 5.45056209376e-05, 4.43817771156e-05, 4.70378363389e-05, 3.63672952517e-05, 5.29134595126e-05, 5.14255007147e-05, 3.00312422041e-05, 2.77623385045e-05, 2.94214369205e-05, 3.40477236023e-05, 2.29817796935e-05, 2.14678129851e-05, 2.08560504689e-05, 1.57256035891e-05, 1.474106557e-05, 1.43470251714e-05, 1.21186703836e-05, 1.18557600217e-05, 1.00680517789e-05, 8.31242414279e-06, 8.34612637846e-06, 8.99233691598e-06, 7.8952361946e-06, 6.48872128295e-06, 5.29457429366e-06, 4.18408717451e-06, 3.71557621293e-06, 3.2894333799e-06],
        "median": [0.00294768926688, 0.000867665279657, 0.000267829775112, 0.000282325490844, 0.000170721701579, 0.000104605103843, 7.17777147656e-05, 3.09025781462e-05, 3.00745123241e-05, 2.11325259443e-05, 1.7509688405e-05, 1.513906318e-05, 1.4393872334e-05, 1.53970722749e-05, 1.78555037564e-05, 1.57398771989e-05, 2.21125083044e-05, 1.96005948965e-05, 1.43594033943e-05, 1.32691520776e-05, 1.20713457363e-05, 1.42722456076e-05, 1.06903535197e-05, 1.17997333291e-05, 1.01190107671e-05, 7.92663740867e-06, 7.7448958109e-06, 6.90268325343e-06, 6.68711891194e-06, 5.89990258959e-06, 5.22349409948e-06, 4.03402873417e-06, 3.32180479745e-06, 3.09462780024e-06, 3.03700358018e-06, 2.36860546465e-06, 1.87011914932e-06, 1.55747738972e-06, 1.20435117879e-06, 9.69858888311e-07],
        "min": [4.17216847769e-25, 1.4012659519e-24, 2.45401019764e-24, 2.04587959768e-24, 3.16826044123e-24, 2.08216207173e-24, 2.93068768266e-24, 3.77048612539e-24, 3.62506119523e-24, 4.07811545158e-24, 4.87976813081e-24, 2.51215851547e-24, 2.98842677889e-24, 2.0506928325e-24, 3.0706207604e-24, 4.07570982025e-24, 1.89380042858e-24, 4.18408668686e-24, 5.17772760003e-24, 4.23448227693e-24, 5.17366181093e-24, 3.20985490739e-24, 3.70522405713e-24, 4.69989601151e-24, 5.21005669765e-24, 5.97242370937e-24, 5.87548374817e-24, 5.01720268886e-24, 6.69531020493e-24, 5.34884967418e-24, 7.27164724912e-24, 6.32497550867e-24, 6.13012213192e-24, 5.4314272393e-24, 6.69460732987e-24, 5.98312579084e-24, 6.06922088674e-24, 6.70938742779e-24, 6.22843076679e-24, 5.30824621452e-24],
        "var": [3.62516293535e-05, 1.33396933961e-05, 4.01061925004e-06, 1.42020708154e-05, 7.29041914838e-07, 2.28989080142e-07, 5.04053616623e-07, 2.03199377324e-07, 2.08878844887e-07, 3.71819375289e-08, 2.60343249181e-08, 1.52304515666e-08, 2.34050450132e-08, 1.07356177281e-08, 9.20339715549e-09, 5.46383605027e-09, 8.62836024851e-09, 1.33633228927e-08, 2.41895259379e-09, 1.87022641818e-09, 2.58107335505e-09, 3.49698892066e-09, 1.25850851962e-09, 9.49420209118e-10, 1.0571202802e-09, 4.47823833571e-10, 4.66020111389e-10, 5.29656263293e-10, 2.41577285953e-10, 2.56126175824e-10, 1.90077190099e-10, 1.40639513924e-10, 1.95933338998e-10, 2.38952524434e-10, 1.50219517381e-10, 1.16334199218e-10, 7.74319011687e-11, 4.0001054552e-11, 3.65166369365e-11, 2.48296418148e-11]
    },
    "mfcc": {
        "mean": [-653.072631836, 93.5413284302, 8.17599964142, 24.2855930328, 10.9313211441, 12.5536832809, 2.20836949348, 1.73385858536, -1.78283405304, 1.48034894466, 0.676403105259, 1.93261229992, -0.59666454792],
        "cov": [[14660.6552734, -3842.40209961, 155.808731079, 1604.12390137, 886.207580566, 515.434997559, 388.246765137, 701.487182617, 552.48034668, 516.763427734, 340.679656982, 241.045639038, 103.223152161], [-3842.40209961, 3780.95410156, 228.551834106, -509.315155029, -704.88671875, -650.929321289, -485.189758301, -409.733428955, -270.687927246, -274.693145752, -201.585876465, -166.011749268, -114.778038025], [155.808731079, 228.551834106, 1275.21838379, 368.120849609, 116.982452393, 0.89982521534, 30.398223877, 27.1065979004, 28.960931778, 34.2134780884, 11.0924701691, -48.1977119446, -42.3253555298], [1604.12390137, -509.315155029, 368.120849609, 673.734741211, 357.214172363, 178.149902344, 114.488616943, 113.170387268, 79.1429214478, 86.9192886353, 65.5850601196, 49.7243499756, 29.8782424927], [886.207580566, -704.88671875, 116.982452393, 357.214172363, 523.580444336, 359.090820312, 239.408538818, 128.975097656, 93.9009628296, 103.733551025, 91.6629867554, 77.2627563477, 58.3632278442], [515.434997559, -650.929321289, 0.89982521534, 178.149902344, 359.090820312, 424.723327637, 294.185577393, 152.504547119, 101.190574646, 114.404045105, 97.9017486572, 80.2060317993, 63.7427406311], [388.246765137, -485.189758301, 30.398223877, 114.488616943, 239.408538818, 294.185577393, 308.729278564, 171.902557373, 107.671264648, 106.844345093, 94.3329086304, 77.946685791, 65.0920410156], [701.487182617, -409.733428955, 27.1065979004, 113.170387268, 128.975097656, 152.504547119, 171.902557373, 220.722488403, 155.680740356, 105.446983337, 72.2203903198, 61.9270706177, 55.4246864319], [552.48034668, -270.687927246, 28.960931778, 79.1429214478, 93.9009628296, 101.190574646, 107.671264648, 155.680740356, 193.057037354, 128.022842407, 78.2168273926, 61.8867759705, 36.8132476807], [516.763427734, -274.693145752, 34.2134780884, 86.9192886353, 103.733551025, 114.404045105, 106.844345093, 105.446983337, 128.022842407, 164.824035645, 115.796211243, 72.1861495972, 42.559211731], [340.679656982, -201.585876465, 11.0924701691, 65.5850601196, 91.6629867554, 97.9017486572, 94.3329086304, 72.2203903198, 78.2168273926, 115.796211243, 143.804473877, 99.0592651367, 54.9780769348], [241.045639038, -166.011749268, -48.1977119446, 49.7243499756, 77.2627563477, 80.2060317993, 77.946685791, 61.9270706177, 61.8867759705, 72.1861495972, 99.0592651367, 130.662033081, 88.1304779053], [103.223152161, -114.778038025, -42.3253555298, 29.8782424927, 58.3632278442, 63.7427406311, 65.0920410156, 55.4246864319, 36.8132476807, 42.559211731, 54.9780769348, 88.1304779053, 123.064834595]],
