{
"lowlevel": {
    "average_loudness": 0.919700145721,
    "barkbands_crest": {
        "dmean": 2.62097835541,
        "dmean2": 3.94441056252,
        "dvar": 8.12381744385,
        "dvar2": 17.3207588196,
        "max": 26.1038570404,
        "mean": 13.7414121628,
        "median": 14.0400972366,
        "min": 1.82882356644,
        "var": 28.2946472168
    },
    "barkbands_flatness_db": {
        "dmean": 0.0256594326347,
        "dmean2": 0.0396763756871,
        "dvar": 0.0010428292444,
        "dvar2": 0.00259835412726,
        "max": 0.365330994129,
        "mean": 0.125513717532,
        "median": 0.117456391454,
        "min": 0.0116582103074,
        "var": 0.00271024391986
    },
    "barkbands_kurtosis": {
        "dmean": 5.46239757538,
        "dmean2": 8.70722770691,
        "dvar": 183.095840454,
        "dvar2": 444.796386719,
        "max": 289.810882568,
        "mean": 6.81661176682,
        "median": 2.59245538712,
        "min": -1.84917342663,
        "var": 232.702285767
    },
    "barkbands_skewness": {
        "dmean": 0.736308991909,
        "dmean2": 1.1157501936,
        "dvar": 1.11791491508,
        "dvar2": 2.57751536369,
        "max": 13.8814439774,
        "mean": 2.07024383545,
        "median": 1.86583077908,
        "min": -2.88653087616,
        "var": 2.55503964424
    },
    "barkbands_spread": {
        "dmean": 8.26582336426,
        "dmean2": 12.8346891403,
        "dvar": 100.065841675,
        "dvar2": 254.342697144,
        "max": 105.685768127,
        "mean": 31.2665538788,
        "median": 30.5876121521,
        "min": 0.822877943516,
        "var": 261.920410156
    },
    "dissonance": {
        "dmean": 0.0122246965766,
        "dmean2": 0.0207986086607,
        "dvar": 0.000169876104337,
        "dvar2": 0.000468082464067,
        "max": 0.500000119209,
        "mean": 0.47831556201,
        "median": 0.483137011528,
        "min": 0.282124727964,
        "var": 0.000395958457375
    },
    "dynamic_complexity": 3.42266726494,
    "erbbands_crest": {
        "dmean": 2.42182183266,
        "dmean2": 4.03418397903,
        "dvar": 6.66214799881,
        "dvar2": 18.2303314209,
        "max": 29.3665599823,
        "mean": 7.41170787811,
        "median": 6.36555147171,
        "min": 2.1639559269,
        "var": 13.9124565125
    },
    "erbbands_flatness_db": {
        "dmean": 0.0141460886225,
        "dmean2": 0.0218094736338,
        "dvar": 0.000228573844652,
        "dvar2": 0.000525230483618,
        "max": 0.374891787767,
        "mean": 0.114227123559,
        "median": 0.0982927158475,
        "min": 0.0432097278535,
        "var": 0.00262934155762
    },
    "erbbands_kurtosis": {
        "dmean": 0.723623931408,
        "dmean2": 1.21340560913,
        "dvar": 2.0296163559,
        "dvar2": 5.6476111412,
        "max": 27.1736507416,
        "mean": 0.00559133430943,
        "median": -0.402196645737,
        "min": -1.8287088871,
        "var": 2.85263466835
    },
    "erbbands_skewness": {
        "dmean": 0.36516854167,
        "dmean2": 0.590525686741,
        "dvar": 0.197539925575,
        "dvar2": 0.526327669621,
        "max": 4.97767353058,
        "mean": 0.0822004526854,
        "median": 0.0140241282061,
        "min": -2.87865447998,
        "var": 0.412122309208
    },
    "erbbands_spread": {
        "dmean": 10.1134204865,
        "dmean2": 15.12890625,
        "dvar": 139.292602539,
        "dvar2": 327.588745117,
        "max": 145.706192017,
        "mean": 51.0315818787,
        "median": 50.5984954834,
        "min": 3.68745279312,
        "var": 453.051849365
    },
    "hfc": {
        "dmean": 8.54842472076,
        "dmean2": 13.5119476318,
        "dvar": 177.531906128,
        "dvar2": 462.623413086,
        "max": 146.760055542,
        "mean": 29.959066391,
        "median": 26.7040023804,
        "min": 1.08543169375e-16,
        "var": 456.497314453
    },
    "melbands_crest": {
        "dmean": 3.3367972374,
        "dmean2": 5.36541175842,
        "dvar": 14.5770750046,
        "dvar2": 34.3033752441,
        "max": 36.2157363892,
        "mean": 21.1829299927,
        "median": 22.2688732147,
        "min": 1.47250819206,
        "var": 58.7889328003
    },
    "melbands_flatness_db": {
        "dmean": 0.0309373363853,
        "dmean2": 0.0473219379783,
        "dvar": 0.00167679355945,
        "dvar2": 0.00404919497669,
        "max": 0.487962692976,
        "mean": 0.198480978608,
        "median": 0.194784373045,
        "min": 0.0027410001494,
        "var": 0.00429828464985
    },
    "melbands_kurtosis": {
        "dmean": 18.7757644653,
        "dmean2": 29.4635639191,
        "dvar": 1597.41186523,
        "dvar2": 3817.44311523,
        "max": 669.421875,
        "mean": 30.2061901093,
        "median": 17.5510387421,
        "min": -1.71351861954,
        "var": 2110.45629883
    },
    "melbands_skewness": {
        "dmean": 1.19954264164,
        "dmean2": 1.79765534401,
        "dvar": 2.83075356483,
        "dvar2": 6.37302923203,
        "max": 22.8540802002,
        "mean": 4.10481643677,
        "median": 3.85348653793,
        "min": -1.25367963314,
        "var": 6.69473934174
    },
    "melbands_spread": {
        "dmean": 8.00826358795,
        "dmean2": 12.4553623199,
        "dvar": 130.727539062,
        "dvar2": 305.861328125,
        "max": 197.534347534,
        "mean": 23.4866466522,
        "median": 19.2993526459,
        "min": 0.50032043457,
        "var": 331.418365479
    },
    "pitch_salience": {
        "dmean": 0.0876094549894,
        "dmean2": 0.136089712381,
        "dvar": 0.0102992625907,
        "dvar2": 0.0251828674227,
        "max": 0.930543839931,
        "mean": 0.43807926774,
        "median": 0.419740527868,
        "min": 0.0524242669344,
        "var": 0.0251272302121
    },
    "silence_rate_20dB": {
        "dmean": 0,
        "dmean2": 0,
        "dvar": 0,
        "dvar2": 0,
        "max": 1,
        "mean": 1,
        "median": 1,
        "min": 1,
        "var": 0
    },
    "silence_rate_30dB": {
        "dmean": 0.0617555566132,
        "dmean2": 0.123520486057,
        "dvar": 0.0579336881638,
        "dvar2": 0.121767602861,
        "max": 1,
        "mean": 0.937111198902,
        "median": 1,
        "min": 0,
        "var": 0.0589402578771
    },
    "silence_rate_60dB": {
        "dmean": 0.0116834836081,
        "dmean2": 0.0233687404543,
        "dvar": 0.0115477684885,
        "dvar2": 0.0246463064104,
        "max": 1,
        "mean": 0.0915642529726,
        "median": 0,
        "min": 0,
        "var": 0.0831712335348
    },
    "spectral_centroid": {
        "dmean": 342.711700439,
        "dmean2": 523.74609375,
        "dvar": 159645.484375,
        "dvar2": 352836.75,
        "max": 11870.2626953,
        "mean": 1861.66345215,
        "median": 1910.18713379,
        "min": 156.659698486,
        "var": 594499.3125
    },
    "spectral_complexity": {
        "dmean": 4.77429628372,
        "dmean2": 7.69772386551,
        "dvar": 31.6430606842,
        "dvar2": 77.3824615479,
        "max": 59,
        "mean": 21.4397659302,
        "median": 21,
        "min": 0,
        "var": 116.631454468
    },
    "spectral_decrease": {
        "dmean": 3.37263306172e-09,
        "dmean2": 4.93854113159e-09,
        "dvar": 3.70615262517e-17,
        "dvar2": 7.93368645485e-17,
        "max": 1.04902033693e-28,
        "mean": -1.08657252085e-08,
        "median": -1.00850066076e-08,
        "min": -5.99042238036e-08,
        "var": 7.71755541045e-17
    },
    "spectral_energy": {
        "dmean": 0.0129135604948,
        "dmean2": 0.0187773648649,
        "dvar": 0.000524455856066,
        "dvar2": 0.001105327392,
        "max": 0.229875057936,
        "mean": 0.0437272451818,
        "median": 0.0411643534899,
        "min": 1.02470746542e-20,
        "var": 0.00115248339716
    },
    "spectral_energyband_high": {
        "dmean": 0.000783974712249,
        "dmean2": 0.00124983640853,
        "dvar": 1.63793538377e-06,
        "dvar2": 4.45430214313e-06,
        "max": 0.01329480391,
        "mean": 0.00207346095704,
        "median": 0.00167279562447,
        "min": 7.53888452092e-21,
        "var": 3.60812259714e-06
    },
    "spectral_energyband_low": {
        "dmean": 0.0101544512436,
        "dmean2": 0.0152831831947,
        "dvar": 0.00039529800415,
        "dvar2": 0.000889089715201,
        "max": 0.187231108546,
        "mean": 0.0278993379325,
        "median": 0.0261684712023,
        "min": 2.50042590555e-23,
        "var": 0.000733412860427
    },
    "spectral_energyband_middle_high": {
        "dmean": 0.00163905671798,
        "dmean2": 0.00265681673773,
        "dvar": 6.28401767244e-06,
        "dvar2": 1.62163014465e-05,
        "max": 0.0233831275254,
        "mean": 0.00452655553818,
        "median": 0.00365649349988,
        "min": 1.26495787381e-21,
        "var": 1.31060505737e-05
    },
    "spectral_energyband_middle_low": {
        "dmean": 0.00906683225185,
        "dmean2": 0.0154255833477,
        "dvar": 0.000599804800004,
        "dvar2": 0.00157254154328,
        "max": 0.195549115539,
        "mean": 0.0109889963642,
        "median": 0.00487131625414,
        "min": 2.23514990605e-22,
        "var": 0.000500895082951
    },
    "spectral_entropy": {
        "dmean": 0.165414452553,
        "dmean2": 0.267998039722,
        "dvar": 0.0542662963271,
        "dvar2": 0.148728564382,
        "max": 9.81712341309,
        "mean": 7.96892261505,
        "median": 8.05925559998,
        "min": 5.68304872513,
        "var": 0.173650860786
    },
    "spectral_flux": {
        "dmean": 0.0362535342574,
        "dmean2": 0.0499207824469,
        "dvar": 0.00272539607249,
        "dvar2": 0.00417978037149,
        "max": 0.495256364346,
        "mean": 0.0991879850626,
        "median": 0.0725147500634,
        "min": 6.48475301235e-11,
        "var": 0.0074152094312
    },
    "spectral_kurtosis": {
        "dmean": 0.861884236336,
        "dmean2": 1.43020939827,
        "dvar": 2.14213132858,
        "dvar2": 6.51428079605,
        "max": 42.5222244263,
        "mean": 3.11097025871,
        "median": 2.34268808365,
        "min": -1.24089336395,
        "var": 10.5025062561
    },
    "spectral_rms": {
        "dmean": 0.000861681415699,
        "dmean2": 0.00123130797874,
        "dvar": 1.70804435129e-06,
        "dvar2": 3.34385072165e-06,
        "max": 0.0149755915627,
        "mean": 0.00596889015287,
        "median": 0.00633721891791,
        "min": 3.16182626955e-12,
        "var": 7.03307205185e-06
    },
    "spectral_rolloff": {
        "dmean": 698.41027832,
        "dmean2": 1145.36804199,
        "dvar": 1283007.375,
        "dvar2": 2907038.5,
        "max": 19164.5507812,
        "mean": 1536.31738281,
        "median": 990.52734375,
        "min": 43.06640625,
        "var": 3292235.25
    },
    "spectral_skewness": {
        "dmean": 0.147802084684,
        "dmean2": 0.23672375083,
        "dvar": 0.0278811696917,
        "dvar2": 0.0752367302775,
        "max": 4.54031801224,
        "mean": 1.36168920994,
        "median": 1.29848432541,
        "min": -0.10048532486,
        "var": 0.171480223536
    },
    "spectral_spread": {
        "dmean": 535445.25,
        "dmean2": 801676.9375,
        "dvar": 482231910400,
        "dvar2": 939707793408,
        "max": 41883380,
        "mean": 6225164.5,
        "median": 6386099,
        "min": 1113832,
        "var": 4.49878373171e+12
    },
    "spectral_strongpeak": {
        "dmean": 0.222043514252,
        "dmean2": 0.366121679544,
        "dvar": 0.192253947258,
        "dvar2": 0.492390632629,
        "max": 6.69761419296,
        "mean": 0.570957183838,
        "median": 0.458879709244,
        "min": 0,
        "var": 0.282099574804
    },
    "zerocrossingrate": {
        "dmean": 0.0142159815878,
        "dmean2": 0.0168607067317,
        "dvar": 0.000258410349488,
        "dvar2": 0.000304497720208,
        "max": 0.84033203125,
        "mean": 0.072854064405,
        "median": 0.0654296875,
        "min": 0.00390625,
        "var": 0.00211275392212
    },
    "barkbands": {
        "dmean": [0.000688095402438, 0.00774373859167, 0.00421096151695, 0.00473401788622, 0.0042020464316, 0.00071569631109, 0.000551625911612, 0.000419097108534, 0.000509330828208, 0.000318889622577, 0.000324084190652, 0.000302268803352, 0.00027303371462, 0.000341088540154, 0.000253947684541, 0.000236197200138, 0.000253993552178, 0.000231987520237, 0.00019626559515, 0.000190355465747, 0.000166413505212, 0.00015061844897, 0.000151482629008, 0.000137899711262, 0.000164495999343, 0.000117189294542, 2.82234504994e-05],
        "dmean2": [0.00109832850285, 0.0109959784895, 0.00758241955191, 0.00815309118479, 0.00765214394778, 0.00120782328304, 0.000949844077695, 0.000695237831678, 0.000809051853139, 0.000506501295604, 0.000526044517756, 0.000481405237224, 0.000436661357526, 0.000571018783376, 0.000424302357715, 0.000387895270251, 0.000425855192589, 0.000385580118746, 0.000327759451466, 0.000318772246828, 0.000275577564025, 0.000256167753832, 0.000251708959695, 0.000231546233408, 0.000260738946963, 0.000187611003639, 4.58929025626e-05],
        "dvar": [2.73013210972e-06, 0.000228011107538, 0.00019000004977, 0.000200995564228, 0.000168694110471, 2.51806113738e-06, 1.61817479238e-06, 7.39492520552e-07, 9.85185579339e-07, 3.5950080246e-07, 5.59214811346e-07, 3.38059351179e-07, 2.86179130171e-07, 5.55021699711e-07, 2.23935899157e-07, 1.23971204857e-07, 1.51047274244e-07, 1.3433799495e-07, 8.9610971088e-08, 8.21080590185e-08, 5.398428371e-08, 5.95077800369e-08, 5.96217901716e-08, 5.50551604306e-08, 7.22684987409e-08, 3.08250811543e-08, 3.83213061284e-09],
        "dvar2": [6.78209835314e-06, 0.000459175760625, 0.000541074783541, 0.000527820840944, 0.000477426685393, 6.86632893121e-06, 4.51903815701e-06, 1.82116889391e-06, 2.31191506828e-06, 8.44308658543e-07, 1.30501234707e-06, 7.18689534551e-07, 6.35348101241e-07, 1.45295314269e-06, 5.71559553464e-07, 3.02485716475e-07, 4.01982447329e-07, 3.62298749224e-07, 2.4330705628e-07, 2.22984766651e-07, 1.43330936453e-07, 1.71495457835e-07, 1.56644532012e-07, 1.58948495255e-07, 1.80137064376e-07, 7.63746896837e-08, 9.2574357069e-09],
        "max": [0.0482537634671, 0.143053561449, 0.116867527366, 0.118980206549, 0.11950942874, 0.0277216136456, 0.0189999677241, 0.0159022845328, 0.0143087757751, 0.0160739459097, 0.0164957344532, 0.0139425033703, 0.0112673714757, 0.0128420842811, 0.00938697345555, 0.0063380561769, 0.0065510943532, 0.00586798181757, 0.00579590536654, 0.00493456842378, 0.00411612493917, 0.00283164298162, 0.00304905115627, 0.00266389083117, 0.00315839191899, 0.00189387053251, 0.000853533099871],
        "mean": [0.00180199125316, 0.0201375316828, 0.00424478389323, 0.00408212607726, 0.00351495202631, 0.00104463042226, 0.000758006935939, 0.000652963004541, 0.000851684773806, 0.000565587426536, 0.00053602468688, 0.000507781747729, 0.000428731989814, 0.000462091062218, 0.000374365597963, 0.000374554860173, 0.000403123849537, 0.000383962673368, 0.000351915659849, 0.000354754622094, 0.000346991844708, 0.000294784200378, 0.000285702291876, 0.000303878274281, 0.00037510402035, 0.000256535800872, 3.26698718709e-05],
        "median": [0.000293586170301, 0.0170187838376, 0.000639462552499, 0.000404310703743, 0.000752677442506, 0.000386617030017, 0.000269892887445, 0.000182453266461, 0.00030775135383, 0.000210626487387, 0.000157591799507, 0.000208919911529, 0.000202748095035, 0.000205794916837, 0.000200274793315, 0.000234701525187, 0.000253775157034, 0.000253738398897, 0.000249999982771, 0.000257687584963, 0.00027810910251, 0.000229238183238, 0.000202480267035, 0.000217762484681, 0.000238958775299, 0.00017129041953, 3.48173989551e-06],
        "min": [4.57473257927e-25, 3.61437922971e-24, 3.28845345811e-24, 2.97249238025e-24, 2.2347697382e-23, 1.55588787608e-23, 1.0305201605e-23, 1.75157287e-23, 2.3175595858e-23, 1.97375049525e-23, 2.13734888739e-23, 3.66550625161e-23, 4.89586925521e-23, 4.16188025237e-23, 4.93325873776e-23, 5.64531078099e-23, 5.53193127407e-23, 9.27892149294e-23, 1.52318703565e-22, 1.72879978095e-22, 1.95914905854e-22, 3.24220393164e-22, 4.2763601887e-22, 6.24705186001e-22, 9.3302893383e-22, 1.54096205346e-21, 1.98223372872e-21],
        "var": [1.10520213639e-05, 0.000472848507343, 0.000130781540065, 0.000161098127137, 0.000108359941805, 3.97617895942e-06, 1.96705468625e-06, 1.84388625257e-06, 2.31207627621e-06, 1.19765309137e-06, 1.80480878953e-06, 8.50661024288e-07, 5.35240417321e-07, 6.67407505262e-07, 3.0034581755e-07, 2.10725346506e-07, 2.24479805411e-07, 1.92695452483e-07, 1.33985622597e-07, 1.32524363039e-07, 9.89136239582e-08, 8.46930916509e-08, 9.8452886732e-08, 1.04177594551e-07, 1.87576517874e-07, 7.93827084067e-08, 5.71431701957e-09]
    },
    "erbbands": {
        "dmean": [0.274954468012, 1.76324987411, 4.44961929321, 10.2542629242, 18.7702713013, 10.920255661, 6.54114866257, 5.95019960403, 7.88257598877, 7.18325138092, 9.19551181793, 10.7904214859, 9.96636772156, 11.234787941, 12.3824195862, 10.5516347885, 11.8096618652, 14.9449644089, 15.9216079712, 11.8130016327, 13.4156198502, 13.126033783, 12.5565671921, 10.2693529129, 9.20189666748, 9.09640216827, 7.60632610321, 6.10423326492, 5.37616682053, 4.94954156876, 4.24130678177, 3.14384555817, 2.37325191498, 1.81660461426, 1.2788015604, 0.621833205223, 0.201215326786, 0.0476509295404, 0.00452222675085, 7.07653307472e-05],
        "dmean2": [0.366052389145, 2.56780004501, 7.74670505524, 17.785654068, 33.8315505981, 19.9881877899, 11.458978653, 9.96608066559, 13.6592245102, 11.9564905167, 15.2114391327, 17.2392978668, 15.6681413651, 18.1095981598, 19.6662330627, 16.8254814148, 18.8402614594, 24.6858692169, 26.720117569, 19.7066783905, 22.0040054321, 21.9731330872, 20.9103832245, 17.0212440491, 15.3757896423, 15.2712860107, 12.6825122833, 10.1786575317, 9.12700271606, 8.35393238068, 7.03673696518, 5.25688409805, 4.01747941971, 2.89612460136, 2.05148100853, 1.00574743748, 0.323975682259, 0.0763917416334, 0.0074148317799, 0.000111849280074],
        "dvar": [0.223616197705, 15.1820640564, 192.537063599, 882.628723145, 3659.34033203, 1139.7166748, 323.628845215, 171.495635986, 366.779327393, 203.529342651, 337.000457764, 532.974609375, 328.465515137, 397.182281494, 596.796142578, 380.364776611, 501.276031494, 941.730041504, 1263.98852539, 461.756378174, 379.598052979, 374.954772949, 412.411071777, 249.376754761, 179.753097534, 193.461151123, 125.429710388, 82.6353530884, 72.6466445923, 63.8220062256, 47.1891746521, 25.040813446, 18.0824279785, 8.4554901123, 4.50969743729, 0.942014098167, 0.0835511907935, 0.00591020891443, 0.000108603169792, 1.8119303391e-08],
        "dvar2": [0.371999561787, 33.299243927, 525.739685059, 2396.27954102, 10042.0849609, 3269.19848633, 892.315307617, 460.526855469, 1023.94482422, 524.704956055, 855.626953125, 1220.42370605, 780.130126953, 997.334838867, 1341.37536621, 842.275817871, 1096.14587402, 2339.12817383, 3393.42553711, 1218.23071289, 952.819030762, 1007.21716309, 1134.67370605, 661.25402832, 484.4972229, 526.285644531, 334.146972656, 223.460037231, 206.100494385, 181.911819458, 124.099983215, 68.4184341431, 54.1608772278, 21.232257843, 11.4115400314, 2.43208122253, 0.201094850898, 0.0146422469988, 0.000267002789769, 4.35187104131e-08],
        "max": [5.09551668167, 33.9145965576, 121.96572876, 267.945373535, 576.557067871, 332.514190674, 352.364807129, 325.209625244, 326.430480957, 234.135803223, 387.064727783, 420.580657959, 358.07131958, 481.490234375, 524.820678711, 456.142089844, 384.839447021, 605.80090332, 953.019897461, 510.966491699, 363.963562012, 283.066833496, 360.031219482, 230.89956665, 246.808288574, 246.117523193, 242.722473145, 116.450935364, 87.6388015747, 95.4890975952, 95.9853515625, 58.2643127441, 51.8522453308, 37.7578430176, 27.0385704041, 10.4970912933, 3.09089446068, 1.14243340492, 0.14688308537, 0.00192051078193],
        "mean": [0.773152589798, 3.72143912315, 5.14267730713, 9.84677124023, 15.3089733124, 9.50315093994, 7.4002699852, 9.40791320801, 11.0340185165, 11.0215215683, 15.1975040436, 18.1364212036, 17.9477653503, 20.7911434174, 23.0916309357, 18.3636951447, 19.6666412354, 22.01811409, 22.4386005402, 19.0200042725, 22.3030357361, 22.3562412262, 21.8547763824, 18.98960495, 17.723690033, 17.1080245972, 14.9694328308, 12.2451648712, 10.6249885559, 9.44023036957, 7.99511241913, 6.53742074966, 5.00520944595, 4.11420822144, 2.65822052956, 1.29531955719, 0.431354671717, 0.0820585116744, 0.00548319425434, 0.000150873282109],
        "median": [0.695283174515, 1.90386867523, 1.38585531712, 1.4968495369, 1.79800760746, 2.49853610992, 2.63134384155, 3.59978914261, 3.74025344849, 4.93092155457, 5.16143226624, 6.7654094696, 8.25637817383, 8.92272758484, 9.97707748413, 8.97207069397, 9.80686187744, 10.362288475, 11.7373313904, 10.9398698807, 14.4316778183, 15.1079540253, 15.2059593201, 13.4864635468, 13.158747673, 12.812081337, 11.2962627411, 9.44073104858, 8.2935256958, 6.95905303955, 5.6492767334, 4.59768867493, 3.546220541, 2.68055391312, 1.62533640862, 0.821957468987, 0.292424529791, 0.0471129342914, 0.00118529004976, 0.000100254452263],
        "min": [1.13285411591e-22, 8.89103644014e-22, 5.07632583209e-21, 1.07636085571e-20, 1.70365052674e-20, 1.04304392703e-19, 7.49597145703e-20, 1.24035500208e-19, 1.69613681872e-19, 1.9872910819e-19, 5.55282002509e-19, 6.64443580381e-19, 4.45749020541e-19, 1.16778329331e-18, 1.77640758859e-18, 1.87980289041e-18, 2.30642149813e-18, 3.0653615713e-18, 3.65535827617e-18, 3.98137207586e-18, 3.74451262977e-18, 4.58187873079e-18, 6.24970314755e-18, 6.37975537859e-18, 7.58515770879e-18, 8.18958685418e-18, 8.38251680589e-18, 9.7569948533e-18, 1.0333575309e-17, 1.33024952723e-17, 1.17367416344e-17, 1.11367453499e-17, 9.58255404264e-18, 9.10800217958e-18, 6.72596479294e-18, 5.02950090183e-18, 2.54539128876e-18, 1.03370848296e-18, 2.77750628535e-19, 2.90645547104e-20],
        "var": [0.647567629814, 24.8935050964, 146.12550354, 661.643310547, 2662.30126953, 691.971496582, 262.536651611, 373.273864746, 473.734436035, 297.562194824, 907.719543457, 1218.28686523, 841.207702637, 1126.80932617, 1899.86120605, 856.284179688, 956.655944824, 1415.09130859, 1326.63537598, 693.633911133, 676.73223877, 581.219482422, 557.682495117, 398.517059326, 299.568115234, 295.737030029, 216.01802063, 136.783447266, 106.22240448, 100.223876953, 77.1287689209, 49.0894508362, 30.9757976532, 22.6951942444, 10.1920423508, 2.18997836113, 0.216714739799, 0.0116228433326, 0.000151492931764, 3.31774785423e-08]
    },
    "gfcc": {
        "mean": [19.4912128448, 46.6520309448, -98.8152999878, 37.0893630981, -45.5360145569, 25.8528079987, -30.1918067932, 19.5076560974, -23.8291435242, 10.0011110306, -16.7338790894, 7.47062063217, -11.51512146],
        "cov": [[17102.8183594, -1762.17687988, 1950.7734375, 649.538757324, -142.176605225, 660.81854248, -322.888366699, 865.942565918, -143.17918396, 533.776184082, -445.93572998, 390.873352051, -278.843322754], [-1762.17687988, 1591.2220459, -290.503417969, -94.0224151611, -69.5203475952, -371.904632568, -58.7247772217, -231.867996216, 30.9300136566, -196.84312439, 119.636772156, -129.7162323, 44.0234107971], [1950.7734375, -290.503417969, 991.43927002, 384.096313477, 124.132064819, 181.774749756, -62.3814315796, 81.410949707, -30.6884822845, 73.2561721802, -92.3757781982, 64.9359207153, -68.3771514893], [649.538757324, -94.0224151611, 384.096313477, 604.863586426, 207.498336792, 189.747817993, 48.6299972534, 34.3499984741, -23.7827224731, 18.3147239685, -31.775592804, 12.4982423782, -2.00928020477], [-142.176605225, -69.5203475952, 124.132064819, 207.498336792, 324.527160645, 188.719497681, 133.880844116, 47.431427002, 11.7942209244, 2.71558117867, 7.84515953064, 2.86759519577, 7.11277246475], [660.81854248, -371.904632568, 181.774749756, 189.747817993, 188.719497681, 398.776977539, 148.60458374, 158.486495972, 30.1581420898, 93.7265777588, -22.4550609589, 67.6724853516, 12.5892658234], [-322.888366699, -58.7247772217, -62.3814315796, 48.6299972534, 133.880844116, 148.60458374, 276.491027832, 152.785888672, 81.2903594971, 28.7850551605, 47.6794281006, 20.6951808929, 45.9748878479], [865.942565918, -231.867996216, 81.410949707, 34.3499984741, 47.431427002, 158.486495972, 152.785888672, 284.201324463, 107.577865601, 109.513618469, 7.07407808304, 73.8321762085, 31.6074790955], [-143.17918396, 30.9300136566, -30.6884822845, -23.7827224731, 11.7942209244, 30.1581420898, 81.2903594971, 107.577865601, 156.294570923, 83.8797912598, 45.544670105, 20.770275116, 33.4331359863], [533.776184082, -196.84312439, 73.2561721802, 18.3147239685, 2.71558117867, 93.7265777588, 28.7850551605, 109.513618469, 83.8797912598, 173.087554932, 52.0636367798, 76.9794540405, 22.2790031433], [-445.93572998, 119.636772156, -92.3757781982, -31.775592804, 7.84515953064, -22.4550609589, 47.6794281006, 7.07407808304, 45.544670105, 52.0636367798, 144.802215576, 60.3932418823, 55.4274253845], [390.873352051, -129.7162323, 64.9359207153, 12.4982423782, 2.86759519577, 67.6724853516, 20.6951808929, 73.8321762085, 20.770275116, 76.9794540405, 60.3932418823, 145.074127197, 71.5815505981], [-278.843322754, 44.0234107971, -68.3771514893, -2.00928020477, 7.11277246475, 12.5892658234, 45.9748878479, 31.6074790955, 33.4331359863, 22.2790031433, 55.4274253845, 71.5815505981, 117.735359192]],
        "icov": [[0.00013066525571, -3.70945381292e-05, -0.000105671635538, -5.02775219502e-05, 8.6516047304e-05, -1.79457958893e-06, 0.000222761475015, -0.000533932063263, 0.000395592680434, -0.000297383608995, 0.000283012224827, -0.000245587783866, 0.000272442121059], [-3.70945381292e-05, 0.00119740143418, -4.44705037808e-05, -0.00013596721692, -2.91666619887e-05, 0.000496031425428, 0.000247495278018, 0.000385669787647, -0.00120669382159, 0.00164316501468, -0.00156541040633, 0.00102182815317, -0.000667759857606], [-0.000105671635538, -4.44705037808e-05, 0.00191744242329, -0.000942734768614, -0.000445094803581, 4.42589989689e-05, 0.000482397445012, 8.38772830321e-05, -0.000407410843764, -0.000141666547279, 0.000914652075153, -0.00156235799659, 0.00133691960946], [-5.02775219502e-05, -0.00013596721692, -0.000942734768614, 0.00287749874406, -0.00116666499525, -0.000662781123538, -5.27381016582e-05, 0.000307444221107, 0.000558165891562, -0.000272091536317, -0.000119171592814, 0.00107262458187, -0.00119028345216], [8.6516047304e-05, -2.91666619887e-05, -0.000445094803581, -0.00116666499525, 0.00602943589911, -0.00226259161718, -0.00189316261094, 0.000720680516679, -0.000121110388136, 0.00106372160371, -0.0010629723547, 0.000618389633019, 0.000318428938044], [-1.79457958893e-06, 0.000496031425428, 4.42589989689e-05, -0.000662781123538, -0.00226259161718, 0.00634949235246, -0.00221167807467, -0.000522427959368, 0.0010600698879, -0.00256841280498, 0.00255089532584, -0.00191558129154, 0.000435045774793], [0.000222761475015, 0.000247495278018, 0.000482397445012, -5.27381016582e-05, -0.00189316261094, -0.00221167807467, 0.0100122354925, -0.00572093669325, -0.0011428380385, 0.0032809281256, -0.00388376438059, 0.00270187808201, -0.0014193165116], [-0.000533932063263, 0.000385669787647, 8.38772830321e-05, 0.000307444221107, 0.000720680516679, -0.000522427959368, -0.00572093669325, 0.0118430266157, -0.00545007130131, -0.00106682162732, 0.00269870716147, -0.00306689436547, 5.57579332963e-05], [0.000395592680434, -0.00120669382159, -0.000407410843764, 0.000558165891562, -0.000121110388136, 0.0010600698879, -0.0011428380385, -0.00545007130131, 0.0155328195542, -0.00836025364697, 0.000363681465387, 0.00358934001997, -0.00221790070646], [-0.000297383608995, 0.00164316501468, -0.000141666547279, -0.000272091536317, 0.00106372160371, -0.00256841280498, 0.0032809281256, -0.00106682162732, -0.00836025364697, 0.0170679204166, -0.00716342683882, -0.00204209238291, 0.00156820111442], [0.000283012224827, -0.00156541040633, 0.000914652075153, -0.000119171592814, -0.0010629723547, 0.00255089532584, -0.00388376438059, 0.00269870716147, 0.000363681465387, -0.00716342683882, 0.016834449023, -0.00812087673694, 0.000632651965134], [-0.000245587783866, 0.00102182815317, -0.00156235799659, 0.00107262458187, 0.000618389633019, -0.00191558129154, 0.00270187808201, -0.00306689436547, 0.00358934001997, -0.00204209238291, -0.00812087673694, 0.0206484142691, -0.0112806977704], [0.000272442121059, -0.000667759857606, 0.00133691960946, -0.00119028345216, 0.000318428938044, 0.000435045774793, -0.0014193165116, 5.57579332963e-05, -0.00221790070646, 0.00156820111442, 0.000632651965134, -0.0112806977704, 0.0175119396299]]
    },
    "melbands": {
        "dmean": [0.00222227326594, 0.00216188863851, 0.00206910725683, 0.0010879249312, 0.000257820443949, 0.00013343381579, 0.000118485062558, 8.11968347989e-05, 7.53294516471e-05, 7.09254745743e-05, 5.11320504302e-05, 4.70099766972e-05, 4.6238044888e-05, 3.62522732757e-05, 2.77500457742e-05, 2.72988363577e-05, 2.89153431368e-05, 2.88392857328e-05, 1.72678555828e-05, 1.5614559743e-05, 1.63412532856e-05, 1.41281443575e-05, 1.49374309331e-05, 1.17725048767e-05, 8.75396017364e-06, 7.95860432845e-06, 7.00333430359e-06, 6.48180548524e-06, 5.79708830628e-06, 4.04394813813e-06, 3.80053234039e-06, 3.27931752508e-06, 3.24759912473e-06, 2.94334017781e-06, 2.67180917035e-06, 2.2692361199e-06, 1.96150222109e-06, 1.84340183296e-06, 1.5910690081e-06, 1.65155756804e-06],
        "dmean2": [0.00304580014199, 0.00345883425325, 0.00355449691415, 0.00196792790666, 0.00045700580813, 0.000224169692956, 0.000205319171073, 0.000134076282848, 0.000123842895846, 0.000112752706627, 8.04724331829e-05, 7.54499924369e-05, 7.36464571673e-05, 5.71956443309e-05, 4.45411387773e-05, 4.37140224676e-05, 4.82578543597e-05, 4.86843964609e-05, 2.87384773401e-05, 2.59010703303e-05, 2.68641051662e-05, 2.37311760429e-05, 2.52313475357e-05, 1.94360836758e-05, 1.46052170749e-05, 1.3322295672e-05, 1.18013540487e-05, 1.09081865958e-05, 9.69478332991e-06, 6.69500741424e-06, 6.39823065285e-06, 5.55691394766e-06, 5.58292458663e-06, 4.96103029946e-06, 4.45388377557e-06, 3.83772157875e-06, 3.27681959789e-06, 3.17009721584e-06, 2.60326487478e-06, 2.65098015007e-06],
        "dvar": [1.55737816385e-05, 3.33547395712e-05, 3.54036383214e-05, 1.15540697152e-05, 5.2661977179e-07, 8.63195879219e-08, 8.09262061807e-08, 2.49812934783e-08, 2.15870841203e-08, 2.12299209323e-08, 8.75704042613e-09, 7.07808478495e-09, 1.10656062091e-08, 5.74368286266e-09, 2.85864842908e-09, 2.84140488915e-09, 3.76217812459e-09, 4.67188066011e-09, 1.10919751162e-09, 7.03298919102e-10, 6.0947247249e-10, 4.9499249144e-10, 6.4601757277e-10, 3.32025185124e-10, 1.95432239836e-10, 1.40329234344e-10, 1.16273476958e-10, 1.02171486549e-10, 7.26449664312e-11, 3.67195336637e-11, 3.33664693097e-11, 2.56260290765e-11, 2.76468084537e-11, 2.20001395573e-11, 1.78296197251e-11, 1.35726221928e-11, 9.06760170422e-12, 1.09444562787e-11, 6.70515032386e-12, 6.61141670924e-12],
        "dvar2": [2.76404625765e-05, 8.40648644953e-05, 9.42020196817e-05, 3.21639308822e-05, 1.48094522956e-06, 2.337161078e-07, 2.2697791735e-07, 6.32330312555e-08, 5.49226335522e-08, 4.92045870715e-08, 2.05854284729e-08, 1.74749441584e-08, 2.48712375139e-08, 1.24009291724e-08, 6.34482777429e-09, 6.30766106013e-09, 9.55750323328e-09, 1.27555059848e-08, 2.87005907929e-09, 1.76286030218e-09, 1.5504045825e-09, 1.31878763465e-09, 1.7788951423e-09, 8.74805061724e-10, 5.22396348401e-10, 3.80276476974e-10, 3.1593364036e-10, 2.81155321247e-10, 1.9243337479e-10, 9.54690423938e-11, 9.26769841425e-11, 7.22779544549e-11, 8.05696273587e-11, 6.07627351212e-11, 4.62809790491e-11, 3.76232447974e-11, 2.43241659453e-11, 3.33929828233e-11, 1.81467306459e-11, 1.63646440149e-11],
        "max": [0.0428162887692, 0.0535907261074, 0.0461082458496, 0.0311132781208, 0.0119935646653, 0.0065623819828, 0.00445861788467, 0.00243693520315, 0.00288336863741, 0.00245705409907, 0.00200561666861, 0.00213777436875, 0.00243605626747, 0.00189688126557, 0.00174832181074, 0.00133664172608, 0.00111311965156, 0.00199382402934, 0.000654864765238, 0.000568940246012, 0.000454757828265, 0.000357270939276, 0.000398150383262, 0.000335422257194, 0.000213762832573, 0.000241020548856, 0.00015940333833, 0.000201234564884, 0.000237981250393, 8.76956910361e-05, 8.06616662885e-05, 6.05518034718e-05, 6.14646123722e-05, 5.57086532353e-05, 5.55530386919e-05, 6.06179783063e-05, 4.21206204919e-05, 4.1137336666e-05, 3.74011979147e-05, 3.84920167562e-05],
        "mean": [0.00623352592811, 0.00348596018739, 0.00195800489746, 0.000902388012037, 0.000282626744593, 0.000207424076507, 0.000165847159224, 0.000127721039462, 0.000122781755636, 0.000116796720249, 9.07487192308e-05, 8.56268088683e-05, 8.28108095448e-05, 6.01574902248e-05, 4.22509328928e-05, 4.38120077888e-05, 4.00866738346e-05, 3.80468190997e-05, 2.56265593634e-05, 2.46991203312e-05, 2.53441503446e-05, 2.22087328439e-05, 2.25274270633e-05, 1.8986302166e-05, 1.46859792949e-05, 1.39905887409e-05, 1.1983594959e-05, 1.09916163638e-05, 1.02135372799e-05, 7.34796321922e-06, 6.94932350598e-06, 5.97352709519e-06, 5.69578060094e-06, 5.17120179211e-06, 4.72880492453e-06, 4.14405121774e-06, 3.88193575418e-06, 3.5037944599e-06, 3.36568950843e-06, 3.4853753732e-06],
        "median": [0.00542681291699, 0.00144344894215, 0.000296781159705, 0.000158780720085, 0.000102860067273, 7.80049012974e-05, 5.84370645811e-05, 5.21500878676e-05, 4.15017202613e-05, 4.1750332457e-05, 3.87489053537e-05, 3.43295541825e-05, 2.86605463771e-05, 2.36840405705e-05, 1.78877580765e-05, 2.08703186217e-05, 1.80513870873e-05, 1.77068413905e-05, 1.40744714372e-05, 1.47481323438e-05, 1.51217809616e-05, 1.35438631332e-05, 1.35123682412e-05, 1.22144301713e-05, 9.62305421126e-06, 1.00875813587e-05, 8.15660132503e-06, 7.69238795328e-06, 7.23613356968e-06, 5.25996210854e-06, 5.09705751028e-06, 4.45672958449e-06, 4.11996825278e-06, 3.56349573849e-06, 3.29016484102e-06, 2.76953687717e-06, 2.68038911599e-06, 2.43453041548e-06, 2.24421091843e-06, 2.17038132178e-06],
        "min": [9.86935496875e-25, 2.21229434159e-24, 1.85885862364e-24, 3.70896720212e-24, 3.5455688651e-24, 3.00219555713e-24, 2.51659408312e-24, 2.39977798255e-24, 3.97000600883e-24, 3.8475846571e-24, 1.60838473522e-24, 4.08048637303e-24, 3.90257378422e-24, 4.34638061861e-24, 4.00795495153e-24, 5.19565406967e-24, 5.17346104583e-24, 3.18466362046e-24, 5.19035450211e-24, 3.42379319603e-24, 3.09280175412e-24, 3.69032641893e-24, 5.63006517625e-24, 2.57970966086e-24, 5.03170471331e-24, 5.43411054967e-24, 5.06675380333e-24, 5.03707172848e-24, 3.67991976587e-24, 4.14317793803e-24, 5.94020860215e-24, 5.37307953688e-24, 6.44684268562e-24, 6.71625130652e-24, 6.05105578668e-24, 7.35257964483e-24, 6.2021727427e-24, 5.24168094805e-24, 8.88029319591e-24, 6.9361675831e-24],
        "var": [3.98767697334e-05, 3.44015243172e-05, 2.79626001429e-05, 7.79625224823e-06, 3.90718042809e-07, 1.69433761243e-07, 9.94404558696e-08, 4.27575983508e-08, 5.4190618215e-08, 4.68730441128e-08, 2.35421069306e-08, 2.10872830309e-08, 3.81194560362e-08, 1.32494193394e-08, 6.29627194826e-09, 5.802609504e-09, 4.99616703564e-09, 4.67033967055e-09, 1.4237172552e-09, 1.09847320129e-09, 1.01054586921e-09, 7.3192396588e-10, 8.25014223604e-10, 5.09288111683e-10, 2.86578372144e-10, 2.11612116718e-10, 1.74739875347e-10, 1.4506630619e-10, 1.19482992944e-10, 5.97008623093e-11, 4.99751004468e-11, 3.68960903496e-11, 3.60009903833e-11, 3.4719359332e-11, 2.79117371577e-11, 2.31515709381e-11, 1.74411422804e-11, 1.60688094775e-11, 1.50383698549e-11, 1.73653938451e-11]
    },
    "mfcc": {
        "mean": [-627.28704834, 83.2272644043, 9.02616977692, 21.427526474, 11.8318872452, 10.3552312851, 10.0364894867, 9.91941642761, 6.25225400925, 5.05559301376, 3.27500963211, 2.80000758171, 1.72088718414],
        "cov": [[10583.7666016, -312.079650879, 904.422119141, 594.230651855, 344.164886475, 286.193450928, 115.87323761, 236.497787476, 292.634918213, 201.602233887, 116.535354614, 51.3681144714, 82.2026596069], [-312.079650879, 1243.17687988, -99.568359375, -20.835723877, -91.594833374, -223.619918823, -160.468841553, -87.0032424927, -137.491714478, -60.5378570557, -54.4398841858, -28.0548877716, -21.8076248169], [904.422119141, -99.568359375, 637.488952637, 256.188232422, 159.865692139, 127.442901611, 2.89878606796, 18.9409179688, 18.593421936, -5.07662439346, -7.86977291107, 5.86254119873, 9.30055236816], [594.230651855, -20.835723877, 256.188232422, 417.556610107, 171.050521851, 110.200881958, 61.7847213745, 37.5530204773, 24.2758750916, -7.61711359024, -6.57125139236, 1.27130615711, 2.21794891357], [344.164886475, -91.594833374, 159.865692139, 171.050521851, 248.011993408, 178.144546509, 84.5405349731, 49.6125068665, 34.019985199, 2.23332834244, 3.97814178467, 8.90132713318, 2.85919928551], [286.193450928, -223.619918823, 127.442901611, 110.200881958, 178.144546509, 279.864257812, 141.280776978, 72.9602432251, 72.1318740845, 17.2060699463, 22.4939861298, 27.0378665924, 13.4373588562], [115.87323761, -160.468841553, 2.89878606796, 61.7847213745, 84.5405349731, 141.280776978, 229.153671265, 136.537963867, 85.6056747437, 42.653881073, 37.4097862244, 29.4308185577, 24.1218776703], [236.497787476, -87.0032424927, 18.9409179688, 37.5530204773, 49.6125068665, 72.9602432251, 136.537963867, 181.299957275, 123.741516113, 60.8955841064, 37.6567764282, 23.4844779968, 31.5486812592], [292.634918213, -137.491714478, 18.593421936, 24.2758750916, 34.019985199, 72.1318740845, 85.6056747437, 123.741516113, 184.772644043, 101.885681152, 55.4760322571, 33.389087677, 31.553609848], [201.602233887, -60.5378570557, -5.07662439346, -7.61711359024, 2.23332834244, 17.2060699463, 42.653881073, 60.8955841064, 101.885681152, 136.261795044, 82.0673141479, 37.5233192444, 20.3551063538], [116.535354614, -54.4398841858, -7.86977291107, -6.57125139236, 3.97814178467, 22.4939861298, 37.4097862244, 37.6567764282, 55.4760322571, 82.0673141479, 116.016548157, 67.0724945068, 25.8462963104], [51.3681144714, -28.0548877716, 5.86254119873, 1.27130615711, 8.90132713318, 27.0378665924, 29.4308185577, 23.4844779968, 33.389087677, 37.5233192444, 67.0724945068, 101.758514404, 53.699634552], [82.2026596069, -21.8076248169, 9.30055236816, 2.21794891357, 2.85919928551, 13.4373588562, 24.1218776703, 31.5486812592, 31.553609848, 20.3551063538, 25.8462963104, 53.699634552, 96.7443695068]],
