{
"lowlevel": {
    "average_loudness": 0.874250650406,
    "barkbands_crest": {
        "dmean": 3.08742952347,
        "dmean2": 4.87433338165,
        "dvar": 8.72444725037,
        "dvar2": 21.2158164978,
        "max": 26.6013393402,
        "mean": 11.6039953232,
        "median": 11.1030426025,
        "min": 1.80206084251,
        "var": 24.9725036621
    },
    "barkbands_flatness_db": {
        "dmean": 0.0290710814297,
        "dmean2": 0.0437151044607,
        "dvar": 0.00135890813544,
        "dvar2": 0.00307045341469,
        "max": 0.498655468225,
        "mean": 0.133878037333,
        "median": 0.123619943857,
        "min": 0.00784047599882,
        "var": 0.00527405366302
    },
    "barkbands_kurtosis": {
        "dmean": 9.24907493591,
        "dmean2": 14.7418966293,
        "dvar": 1373.35705566,
        "dvar2": 3041.99145508,
        "max": 655.756835938,
        "mean": 9.38749027252,
        "median": 1.70129346848,
        "min": -1.88413834572,
        "var": 1500.69812012
    },
    "barkbands_skewness": {
        "dmean": 0.937166631222,
        "dmean2": 1.42465436459,
        "dvar": 2.6966085434,
        "dvar2": 5.82600355148,
        "max": 24.0118331909,
        "mean": 1.94649755955,
        "median": 1.59079408646,
        "min": -2.82764434814,
        "var": 4.86299657822
    },
    "barkbands_spread": {
        "dmean": 9.48538017273,
        "dmean2": 14.7407588959,
        "dvar": 129.469741821,
        "dvar2": 301.879730225,
        "max": 106.471710205,
        "mean": 32.4246940613,
        "median": 27.8400039673,
        "min": 0.292364865541,
        "var": 443.663909912
    },
    "dissonance": {
        "dmean": 0.0126628885046,
        "dmean2": 0.0213273297995,
        "dvar": 0.000220491929213,
        "dvar2": 0.000603922351729,
        "max": 0.500000059605,
        "mean": 0.478537350893,
        "median": 0.486013740301,
        "min": 0.28776884079,
        "var": 0.000537125393748
    },
    "dynamic_complexity": 3.63747596741,
    "erbbands_crest": {
        "dmean": 2.51690793037,
        "dmean2": 4.15377044678,
        "dvar": 7.11070156097,
        "dvar2": 18.21667099,
        "max": 32.8161697388,
        "mean": 7.4031124115,
        "median": 5.99045467377,
        "min": 2.18890213966,
        "var": 17.8552894592
    },
    "erbbands_flatness_db": {
        "dmean": 0.0156165268272,
        "dmean2": 0.0248621739447,
        "dvar": 0.000288810959319,
        "dvar2": 0.000695263093803,
        "max": 0.381588459015,
        "mean": 0.134318634868,
        "median": 0.115000970662,
        "min": 0.042279522866,
        "var": 0.0033230825793
    },
    "erbbands_kurtosis": {
        "dmean": 0.916158795357,
        "dmean2": 1.52630412579,
        "dvar": 2.27880191803,
        "dvar2": 5.98026943207,
        "max": 20.9044475555,
        "mean": -0.0108675379306,
        "median": -0.518110513687,
        "min": -1.83925116062,
        "var": 3.09320807457
    },
    "erbbands_skewness": {
        "dmean": 0.425604701042,
        "dmean2": 0.666424572468,
        "dvar": 0.209507033229,
        "dvar2": 0.52290648222,
        "max": 4.18001890182,
        "mean": -0.053301166743,
        "median": -0.142731979489,
        "min": -2.65665411949,
        "var": 0.586531281471
    },
    "erbbands_spread": {
        "dmean": 11.3826255798,
        "dmean2": 18.048210144,
        "dvar": 216.571411133,
        "dvar2": 521.05847168,
        "max": 188.761322021,
        "mean": 47.7845649719,
        "median": 46.4632225037,
        "min": 3.68416190147,
        "var": 469.005126953
    },
    "hfc": {
        "dmean": 14.5286130905,
        "dmean2": 21.6003170013,
        "dvar": 684.543518066,
        "dvar2": 1661.99169922,
        "max": 327.282806396,
        "mean": 36.2323875427,
        "median": 17.9787330627,
        "min": 1.16387382681e-16,
        "var": 1670.18225098
    },
    "melbands_crest": {
        "dmean": 4.22542190552,
        "dmean2": 6.74320602417,
        "dvar": 17.1893081665,
        "dvar2": 41.8738632202,
        "max": 38.7525787354,
        "mean": 19.3392620087,
        "median": 18.9490184784,
        "min": 2.04309487343,
        "var": 56.8716888428
    },
    "melbands_flatness_db": {
        "dmean": 0.0374965146184,
        "dmean2": 0.0563272759318,
        "dvar": 0.00213530939072,
        "dvar2": 0.00483127729967,
        "max": 0.630024015903,
        "mean": 0.202468469739,
        "median": 0.195293650031,
        "min": 0.0050479597412,
        "var": 0.00781971681863
    },
    "melbands_kurtosis": {
        "dmean": 27.3415298462,
        "dmean2": 43.427444458,
        "dvar": 9341.58789062,
        "dvar2": 22886.9609375,
        "max": 1528.19641113,
        "mean": 33.2600975037,
        "median": 12.5515613556,
        "min": -1.75119781494,
        "var": 9471.33789062
    },
    "melbands_skewness": {
        "dmean": 1.42830228806,
        "dmean2": 2.19774007797,
        "dvar": 6.01262998581,
        "dvar2": 15.0083818436,
        "max": 34.711139679,
        "mean": 3.80723619461,
        "median": 3.28476762772,
        "min": -1.5965218544,
        "var": 9.84401512146
    },
    "melbands_spread": {
        "dmean": 12.1196374893,
        "dmean2": 19.2666950226,
        "dvar": 331.679534912,
        "dvar2": 835.970092773,
        "max": 218.110565186,
        "mean": 28.6249427795,
        "median": 20.5956058502,
        "min": 0.301109433174,
        "var": 650.435852051
    },
    "pitch_salience": {
        "dmean": 0.0967876166105,
        "dmean2": 0.15415263176,
        "dvar": 0.0106726102531,
        "dvar2": 0.0256118830293,
        "max": 0.968184530735,
        "mean": 0.497268378735,
        "median": 0.505355834961,
        "min": 0.0351486057043,
        "var": 0.023976597935
    },
    "silence_rate_20dB": {
        "dmean": 0,
        "dmean2": 0,
        "dvar": 0,
        "dvar2": 0,
        "max": 1,
        "mean": 1,
        "median": 1,
        "min": 1,
        "var": 0
    },
    "silence_rate_30dB": {
        "dmean": 0.0267082899809,
        "dmean2": 0.0534212142229,
        "dvar": 0.0259951259941,
        "dvar2": 0.0557776726782,
        "max": 1,
        "mean": 0.965403616428,
        "median": 1,
        "min": 0,
        "var": 0.033396307379
    },
    "silence_rate_60dB": {
        "dmean": 0.0176899060607,
        "dmean2": 0.0353828817606,
        "dvar": 0.0173791553825,
        "dvar2": 0.0365583710372,
        "max": 1,
        "mean": 0.0965056791902,
        "median": 0,
        "min": 0,
        "var": 0.0871952623129
    },
    "spectral_centroid": {
        "dmean": 370.269592285,
        "dmean2": 572.623413086,
        "dvar": 186984.25,
        "dvar2": 404736.6875,
        "max": 11255.1113281,
        "mean": 1935.91784668,
        "median": 1983.30700684,
        "min": 129.775680542,
        "var": 723997.3125
    },
    "spectral_complexity": {
        "dmean": 5.70586204529,
        "dmean2": 8.57878780365,
        "dvar": 47.4577522278,
        "dvar2": 100.889190674,
        "max": 67,
        "mean": 23.5392360687,
        "median": 22,
        "min": 0,
        "var": 225.240737915
    },
    "spectral_decrease": {
        "dmean": 3.23814375314e-09,
        "dmean2": 4.91311613615e-09,
        "dvar": 2.95602487929e-17,
        "dvar2": 6.39256228514e-17,
        "max": -2.26956143684e-29,
        "mean": -9.25371157479e-09,
        "median": -7.89123522082e-09,
        "min": -6.61114114564e-08,
        "var": 7.14332729096e-17
    },
    "spectral_energy": {
        "dmean": 0.0125244082883,
        "dmean2": 0.0189920458943,
        "dvar": 0.000421974225901,
        "dvar2": 0.000913101190235,
        "max": 0.253261566162,
        "mean": 0.0382120646536,
        "median": 0.0324062481523,
        "min": 1.06423450102e-20,
        "var": 0.00111846684013
    },
    "spectral_energyband_high": {
        "dmean": 0.00143654143903,
        "dmean2": 0.00218278681859,
        "dvar": 7.91698766989e-06,
        "dvar2": 1.9672952476e-05,
        "max": 0.0400882214308,
        "mean": 0.00292773800902,
        "median": 0.00105501792859,
        "min": 7.98176057518e-21,
        "var": 1.63970144058e-05
    },
    "spectral_energyband_low": {
        "dmean": 0.0106670800596,
        "dmean2": 0.0165432710201,
        "dvar": 0.000382625265047,
        "dvar2": 0.000869560113642,
        "max": 0.237066432834,
        "mean": 0.0235896874219,
        "median": 0.0188996102661,
        "min": 5.6451088326e-23,
        "var": 0.00075532309711
    },
    "spectral_energyband_middle_high": {
        "dmean": 0.00244072265923,
        "dmean2": 0.0038206926547,
        "dvar": 1.63114254974e-05,
        "dvar2": 4.21855183959e-05,
        "max": 0.0508727245033,
        "mean": 0.00514252437279,
        "median": 0.00312124565244,
        "min": 1.4638425065e-21,
        "var": 3.20463223034e-05
    },
    "spectral_energyband_middle_low": {
        "dmean": 0.00530272023752,
        "dmean2": 0.00831380765885,
        "dvar": 0.000233630096773,
        "dvar2": 0.000562121742405,
        "max": 0.221195355058,
        "mean": 0.00815677642822,
        "median": 0.00478118192405,
        "min": 2.43176635537e-22,
        "var": 0.000263595866272
    },
    "spectral_entropy": {
        "dmean": 0.148727163672,
        "dmean2": 0.22771447897,
        "dvar": 0.0400970354676,
        "dvar2": 0.0922209694982,
        "max": 9.80094146729,
        "mean": 7.85671615601,
        "median": 8.0235042572,
        "min": 5.39410018921,
        "var": 0.321319818497
    },
    "spectral_flux": {
        "dmean": 0.0275581795722,
        "dmean2": 0.0428405068815,
        "dvar": 0.00182236731052,
        "dvar2": 0.00368437753059,
        "max": 0.517000615597,
        "mean": 0.0968689918518,
        "median": 0.0842181220651,
        "min": 1.03161743037e-10,
        "var": 0.00487241335213
    },
    "spectral_kurtosis": {
        "dmean": 1.39374673367,
        "dmean2": 2.40772151947,
        "dvar": 5.43963670731,
        "dvar2": 16.3127861023,
        "max": 46.5496559143,
        "mean": 3.82955360413,
        "median": 2.59599018097,
        "min": -1.20702552795,
        "var": 15.6442089081
    },
    "spectral_rms": {
        "dmean": 0.000924384279642,
        "dmean2": 0.0013968340354,
        "dvar": 1.40469944654e-06,
        "dvar2": 3.08855805997e-06,
        "max": 0.0157189201564,
        "mean": 0.00550154550001,
        "median": 0.00562279764563,
        "min": 3.22223150939e-12,
        "var": 7.01294220562e-06
    },
    "spectral_rolloff": {
        "dmean": 991.09173584,
        "dmean2": 1620.6640625,
        "dvar": 2322221.25,
        "dvar2": 5373537,
        "max": 18260.15625,
        "mean": 1942.46643066,
        "median": 1141.25976562,
        "min": 21.533203125,
        "var": 4667572
    },
    "spectral_skewness": {
        "dmean": 0.194460406899,
        "dmean2": 0.322846353054,
        "dvar": 0.0506333634257,
        "dvar2": 0.1383600384,
        "max": 4.91841125488,
        "mean": 1.33573305607,
        "median": 1.20782566071,
        "min": -0.345239967108,
        "var": 0.232052534819
    },
    "spectral_spread": {
        "dmean": 528996.5,
        "dmean2": 850058.375,
        "dvar": 521054912512,
        "dvar2": 1.16944037478e+12,
        "max": 40783384,
        "mean": 5161476,
        "median": 5234350.5,
        "min": 1164395.625,
        "var": 3.21240511283e+12
    },
    "spectral_strongpeak": {
        "dmean": 0.241934001446,
        "dmean2": 0.398811072111,
        "dvar": 0.183205887675,
        "dvar2": 0.463895022869,
        "max": 7.62371969223,
        "mean": 0.456413805485,
        "median": 0.304196923971,
        "min": 0,
        "var": 0.296497881413
    },
    "zerocrossingrate": {
        "dmean": 0.0157391950488,
        "dmean2": 0.0188874769956,
        "dvar": 0.000376594543923,
        "dvar2": 0.000531850324478,
        "max": 0.8408203125,
        "mean": 0.0766227319837,
        "median": 0.064453125,
        "min": 0.0029296875,
        "var": 0.00255027133971
    },
    "barkbands": {
        "dmean": [0.00162185716908, 0.00747423293069, 0.00323192891665, 0.00257022795267, 0.00181649590377, 0.000890222378075, 0.000551477365661, 0.000530365039594, 0.000520187430084, 0.000518703192938, 0.000378941593226, 0.000453774933703, 0.000387344014598, 0.00025769934291, 0.000344860949554, 0.000297007587506, 0.000338574755006, 0.00033965826151, 0.000304392538965, 0.000319738901453, 0.000348899659002, 0.000279506901279, 0.00025629272568, 0.000251808902249, 0.000212910410482, 0.000143717814353, 4.77211506222e-05],
        "dmean2": [0.00251317210495, 0.0116415321827, 0.00555723020807, 0.00394619163126, 0.003197157057, 0.00152283615898, 0.000925356638618, 0.000883202767, 0.000861428095959, 0.000863438472152, 0.000630271155387, 0.000770944228861, 0.0006527104415, 0.000426207552664, 0.000580363499466, 0.000498262816109, 0.000557213963475, 0.000564371410292, 0.000507230230141, 0.000531539262738, 0.000574516132474, 0.000448091042927, 0.000410386914155, 0.000397904805141, 0.000328829803038, 0.000218386863708, 7.51961924834e-05],
        "dvar": [1.63346812769e-05, 0.000207678094739, 0.00010296444816, 0.000108143831312, 4.54165783594e-05, 5.87031991017e-06, 1.70466228155e-06, 1.50689800194e-06, 1.72487898453e-06, 1.69088036728e-06, 8.98738903743e-07, 1.40280951655e-06, 7.50330286792e-07, 3.2648088677e-07, 4.37250889718e-07, 2.88815130034e-07, 3.41884287991e-07, 3.81587256015e-07, 2.66272706995e-07, 3.67891971109e-07, 5.03964542986e-07, 3.13631289828e-07, 2.77988391417e-07, 2.59252942669e-07, 2.26096560141e-07, 1.19751902616e-07, 1.24538814816e-08],
        "dvar2": [4.18899471697e-05, 0.000483436218929, 0.00028247848968, 0.000227537791943, 0.000131900931592, 1.59648989211e-05, 4.55612598671e-06, 3.92487572753e-06, 4.54229711977e-06, 4.54701466879e-06, 2.28764110943e-06, 4.12821509599e-06, 2.0297957235e-06, 8.24875030503e-07, 1.13906605748e-06, 7.72293788032e-07, 9.02964984562e-07, 1.03759100512e-06, 7.38149196877e-07, 1.00726413166e-06, 1.3888079593e-06, 8.16153487904e-07, 7.08808499894e-07, 6.66297239604e-07, 5.54037967504e-07, 2.89706662215e-07, 3.02635427829e-08],
        "max": [0.182664215565, 0.217255890369, 0.133526712656, 0.15835288167, 0.0953819975257, 0.0522991418839, 0.0198526214808, 0.0288975425065, 0.0185964200646, 0.0280313827097, 0.0172030441463, 0.0206280816346, 0.0161283891648, 0.0159919615835, 0.0122148310766, 0.00865011289716, 0.0100174611434, 0.0130269518122, 0.0086123906076, 0.0114635685459, 0.0156713016331, 0.00928929448128, 0.00965110212564, 0.00653984909877, 0.00710888113827, 0.00678144115955, 0.00145165715367],
        "mean": [0.00320396758616, 0.0150216594338, 0.00384048651904, 0.00293377484195, 0.00194597057998, 0.00120273709763, 0.000666172534693, 0.000634559022728, 0.000629028421827, 0.000668011489324, 0.00047484919196, 0.000533297425136, 0.000503667397425, 0.000366726511857, 0.000479699578136, 0.00042366865091, 0.000502406735905, 0.000516444968525, 0.000510633573867, 0.000506987038534, 0.000566897389945, 0.000475041189929, 0.000441258569481, 0.000445617653895, 0.000385157356504, 0.000263962370809, 6.93406909704e-05],
        "median": [0.000368649081793, 0.00940034911036, 0.00112468586303, 0.000414307112806, 0.000689775915816, 0.000354677584255, 0.000204338692129, 0.000190275954083, 0.000162324373377, 0.000181113515282, 0.000129854888655, 0.000153181434143, 0.000143359982758, 0.000115858412755, 0.000220852118218, 0.000227912285482, 0.000309336726787, 0.000334403273882, 0.000358415301889, 0.000288797687972, 0.000283845001832, 0.000174543893081, 0.000131383247208, 0.000102018158941, 7.99562985776e-05, 4.00599128625e-05, 3.38048607773e-06],
        "min": [4.91129811233e-24, 7.89833491831e-24, 3.88522326193e-23, 1.87509491935e-23, 2.65951706203e-23, 1.00313138318e-23, 3.5866614974e-23, 7.81965440494e-23, 4.76034831594e-23, 8.47893070698e-23, 2.82246511725e-23, 1.15017232646e-22, 1.29782739795e-22, 1.3930321807e-22, 1.21009887087e-22, 1.32927745208e-22, 2.11543767622e-22, 1.56933754431e-22, 2.19284752399e-22, 3.36335453889e-22, 3.23102103944e-22, 6.33366752523e-22, 6.70330022995e-22, 1.0653290613e-21, 1.25907077527e-21, 1.65300271827e-21, 2.50048984746e-21],
        "var": [3.50712798536e-05, 0.000406797160394, 8.07815376902e-05, 0.000137035298394, 2.76559294434e-05, 8.53895289765e-06, 1.90929699784e-06, 1.6292727878e-06, 2.0692648377e-06, 2.74452781923e-06, 1.06102822883e-06, 1.31792978664e-06, 9.99548433356e-07, 5.46295268578e-07, 6.20616617653e-07, 3.63238143564e-07, 4.45697764917e-07, 4.65946072836e-07, 3.60590007631e-07, 4.60033021454e-07, 6.55234316582e-07, 5.00426438066e-07, 4.60223105847e-07, 4.9492598464e-07, 4.4335465077e-07, 2.23438945568e-07, 1.99045135929e-08]
    },
    "erbbands": {
        "dmean": [0.294966578484, 1.54376459122, 3.43310165405, 7.00372600555, 6.61194801331, 5.90607452393, 6.57674503326, 7.5470790863, 7.57361602783, 7.77605295181, 12.8454866409, 12.3715248108, 12.2517223358, 18.7970638275, 14.7514257431, 18.6311321259, 17.5191707611, 13.5544757843, 16.6653633118, 16.6505451202, 16.3984127045, 17.4699325562, 18.6048717499, 15.3940353394, 15.7861070633, 14.9480981827, 15.4243202209, 12.6199121475, 10.0227327347, 8.48450946808, 7.36543273926, 5.90097999573, 3.97954511642, 2.52833628654, 1.51096236706, 0.669574916363, 0.262101441622, 0.0774224102497, 0.00781670771539, 0.000118678697618],
        "dmean2": [0.452376335859, 2.42917561531, 5.81200408936, 10.9272041321, 11.1862459183, 10.3512973785, 11.1781749725, 12.9380502701, 12.6740550995, 13.2362556458, 21.2629089355, 20.3423023224, 20.6523342133, 31.0461120605, 24.1359729767, 31.4922275543, 29.1962299347, 22.4501132965, 27.7772064209, 28.1300373077, 27.1717510223, 28.7611865997, 30.8540725708, 25.5945205688, 26.2606697083, 24.8257274628, 25.4908180237, 20.7246398926, 16.2240943909, 13.6495885849, 11.8154716492, 9.5046453476, 6.2653222084, 3.96532034874, 2.34777855873, 1.02886033058, 0.404508858919, 0.119883865118, 0.0123988846317, 0.0001835693256],
        "dvar": [0.268672257662, 12.8455524445, 108.645530701, 710.34362793, 680.623657227, 425.487823486, 331.42767334, 438.88848877, 321.661560059, 377.673553467, 892.368896484, 931.589294434, 1133.34729004, 2533.81323242, 1203.5871582, 2382.14916992, 1506.61877441, 926.528503418, 1030.30749512, 902.357116699, 837.519714355, 1022.24462891, 1167.56884766, 833.456787109, 626.393005371, 823.629272461, 1127.46899414, 618.507141113, 426.673309326, 280.221130371, 244.002563477, 146.892211914, 64.6018066406, 30.0708847046, 12.564620018, 2.51032018661, 0.405699819326, 0.033728890121, 0.000363132799976, 7.48272341866e-08],
        "dvar2": [0.615182161331, 29.0774536133, 292.963500977, 1472.09277344, 1892.76208496, 1222.87219238, 914.85723877, 1154.92333984, 861.649536133, 1026.83422852, 2305.57373047, 2433.2109375, 3217.26538086, 6448.63330078, 3112.55371094, 6975.22705078, 4054.6105957, 2412.71142578, 2518.10742188, 2409.37402344, 2250.84985352, 2713.45092773, 3184.38500977, 2316.19677734, 1711.14086914, 2266.12524414, 3063.21630859, 1695.08044434, 1131.7409668, 722.834106445, 625.226074219, 386.709838867, 163.058746338, 74.7028961182, 31.0211467743, 6.10871219635, 0.996180832386, 0.0804183408618, 0.000885566230863, 1.79635406994e-07],
        "max": [7.14617586136, 55.6842536926, 145.686508179, 367.212371826, 418.371398926, 289.219360352, 217.479782104, 661.496643066, 290.859191895, 286.391693115, 748.543273926, 579.489624023, 897.483581543, 1348.28955078, 619.261352539, 935.090087891, 782.824035645, 848.330749512, 804.01361084, 542.673583984, 490.056884766, 576.574829102, 779.041137695, 548.38861084, 441.351745605, 582.024658203, 952.567810059, 383.61138916, 375.180450439, 263.957244873, 275.900024414, 181.426757812, 118.153190613, 100.566833496, 54.128364563, 29.4292945862, 10.9007291794, 2.67450404167, 0.298885405064, 0.00423366576433],
        "mean": [0.648886144161, 2.5081346035, 4.44372224808, 8.46744632721, 6.95916414261, 6.3689455986, 8.45397949219, 10.0459785461, 9.63095569611, 9.09931182861, 15.931968689, 15.5315761566, 15.1069889069, 25.4344387054, 19.7633991241, 22.8998165131, 23.6466770172, 19.4958953857, 24.735294342, 23.2907905579, 24.7588787079, 26.9895973206, 29.0688781738, 25.4257736206, 26.093120575, 24.1028213501, 24.3764629364, 20.6773300171, 16.9655952454, 14.5052042007, 12.5190877914, 9.98416042328, 7.00025463104, 4.50637102127, 2.6548500061, 1.21711099148, 0.459498435259, 0.130006223917, 0.0109589993954, 0.000218725428567],
        "median": [0.275458365679, 1.286708951, 1.76784598827, 1.7358212471, 1.96017563343, 2.09216880798, 2.55841398239, 2.6723177433, 3.2052116394, 3.60200643539, 5.3144068718, 4.66370725632, 4.53588008881, 6.94418001175, 5.94247913361, 7.28226852417, 6.87986946106, 6.61242198944, 11.2947616577, 11.4997148514, 15.3054418564, 16.8704967499, 19.2061691284, 17.2049179077, 17.742099762, 14.3444747925, 12.6312761307, 9.51142692566, 6.5113401413, 4.95615911484, 3.50849056244, 2.32956218719, 1.58100831509, 0.993950009346, 0.50208491087, 0.199574515224, 0.0661048814654, 0.0127440709621, 0.00048604310723, 5.54712823941e-05],
        "min": [1.17202983198e-22, 2.95179139057e-21, 3.55550015374e-20, 5.57599478242e-20, 7.72464295243e-20, 9.12257754141e-20, 9.33969500387e-20, 1.02316981421e-19, 4.8463038674e-19, 1.16861926272e-18, 1.23408440435e-18, 7.09925227483e-19, 2.56485133305e-18, 2.00500908383e-18, 1.67709276872e-18, 5.65201883287e-18, 6.22250834414e-18, 4.35666929645e-18, 8.15920533747e-18, 8.59727936269e-18, 5.53204000733e-18, 1.21322605259e-17, 8.31475830602e-18, 9.00371538385e-18, 1.30141161225e-17, 1.68738012449e-17, 1.51749211592e-17, 1.37502481379e-17, 2.39531322188e-17, 2.19210621281e-17, 1.85179782223e-17, 2.49610352516e-17, 1.45616875034e-17, 1.35383625153e-17, 9.30157071472e-18, 6.89480186854e-18, 2.55694224563e-18, 1.60194702899e-18, 3.3025405676e-19, 3.07867932133e-20],
        "var": [0.74612569809, 18.4396533966, 88.9424514771, 912.332458496, 506.35269165, 275.19039917, 331.085479736, 864.841247559, 384.570922852, 330.628204346, 1012.13519287, 1202.39331055, 1062.6940918, 4985.96533203, 1577.31677246, 2238.84887695, 2119.14379883, 1340.0859375, 1873.46740723, 1139.93115234, 1073.5012207, 1320.83374023, 1422.8840332, 1030.57946777, 911.720703125, 1008.11022949, 1371.45751953, 846.875061035, 642.27935791, 460.822296143, 389.621734619, 252.39630127, 126.008148193, 57.805770874, 23.1476325989, 4.81935548782, 0.697773754597, 0.0597705431283, 0.000542696274351, 1.30438735368e-07]
    },
    "gfcc": {
        "mean": [2.06627845764, 60.1600456238, -108.251655579, 45.6265830994, -43.7681694031, 19.2959136963, -25.8422374725, 15.4727706909, -18.7564792633, 6.35131645203, -13.5486345291, 3.89441394806, -10.0177946091],
        "cov": [[17038.9765625, -5141.56689453, 1702.65466309, 829.286499023, -35.6793556213, 1577.06799316, -96.9761352539, 835.475402832, -500.53515625, 475.578216553, -569.24597168, 456.894561768, -335.958190918], [-5141.56689453, 3822.68481445, -524.931213379, -33.1421279907, -26.3457202911, -925.440917969, -150.746688843, -520.739135742, 208.988723755, -254.678741455, 349.651092529, -236.265289307, 205.937637329], [1702.65466309, -524.931213379, 1352.50354004, 499.229217529, 260.887542725, 272.983917236, 31.2784671783, 79.3486938477, -98.8739776611, 49.2604751587, -118.258407593, 61.6339645386, -44.1379928589], [829.286499023, -33.1421279907, 499.229217529, 666.013916016, 161.024002075, 110.444351196, 5.56667518616, 51.9176254272, -31.8350028992, -9.84280109406, -60.9108886719, -13.7753400803, -3.96658730507], [-35.6793556213, -26.3457202911, 260.887542725, 161.024002075, 317.627685547, 159.55632019, 100.690826416, -7.15704679489, -20.9426593781, -33.3096084595, -22.2951431274, 1.07185697556, -3.01385760307], [1577.06799316, -925.440917969, 272.983917236, 110.444351196, 159.55632019, 475.484680176, 159.492050171, 168.693984985, -54.6060905457, 46.1942367554, -93.0363006592, 59.788105011, -41.8207855225], [-96.9761352539, -150.746688843, 31.2784671783, 5.56667518616, 100.690826416, 159.492050171, 236.938568115, 96.8382415771, 44.0868644714, -10.0114803314, -17.2883491516, 1.00976610184, 10.6884021759], [835.475402832, -520.739135742, 79.3486938477, 51.9176254272, -7.15704679489, 168.693984985, 96.8382415771, 245.663040161, 54.2606658936, 74.9342880249, -49.7895584106, 43.999256134, -9.02788162231], [-500.53515625, 208.988723755, -98.8739776611, -31.8350028992, -20.9426593781, -54.6060905457, 44.0868644714, 54.2606658936, 149.190261841, 43.5665435791, 54.5219841003, -7.42241621017, 31.7223129272], [475.578216553, -254.678741455, 49.2604751587, -9.84280109406, -33.3096084595, 46.1942367554, -10.0114803314, 74.9342880249, 43.5665435791, 132.552062988, 28.9624633789, 43.5273284912, -5.80273246765], [-569.24597168, 349.651092529, -118.258407593, -60.9108886719, -22.2951431274, -93.0363006592, -17.2883491516, -49.7895584106, 54.5219841003, 28.9624633789, 135.039459229, 26.2694721222, 46.7629241943], [456.894561768, -236.265289307, 61.6339645386, -13.7753400803, 1.07185697556, 59.788105011, 1.00976610184, 43.999256134, -7.42241621017, 43.5273284912, 26.2694721222, 111.274894714, 43.9038772583], [-335.958190918, 205.937637329, -44.1379928589, -3.96658730507, -3.01385760307, -41.8207855225, 10.6884021759, -9.02788162231, 31.7223129272, -5.80273246765, 46.7629241943, 43.9038772583, 111.230239868]],
        "icov": [[0.000150318839587, 2.27471809922e-05, -3.88359767385e-05, -0.000121442812087, 0.000224727831664, -0.000367672386346, 0.000251863704761, -0.000141978685861, 0.00021848018514, -0.000198313151486, 0.000200935188332, -0.000349392037606, 0.000205066040508], [2.27471809922e-05, 0.00113452586811, -0.000121062468679, -0.000210111960769, -0.000370194553398, 0.00128879083786, -9.62001286098e-05, 0.000548857671674, -0.000696377072018, 0.00126661057584, -0.00195998535492, 0.00184521591291, -0.00119866302703], [-3.88359767385e-05, -0.000121062468679, 0.00135832710657, -0.00073965563206, -0.000700085714925, -3.37908531947e-05, -8.48117124406e-05, 0.000268979289103, 0.000340748927556, -0.000959942641202, 0.00107808609027, -0.00104860635474, 0.000431172898971], [-0.000121442812087, -0.000210111960769, -0.00073965563206, 0.0025346300099, -0.000924265012145, -3.47103059539e-06, 0.000711103552021, -0.00109125126619, 0.000181714247447, 0.000358634046279, -4.28021303378e-05, 0.00147273449693, -0.000960587582085], [0.000224727831664, -0.000370194553398, -0.000700085714925, -0.000924265012145, 0.00620322488248, -0.0029154594522, -0.00135387200862, 0.00185850530397, -0.000481401832076, 0.00068049953552, 0.000390669913031, -0.00142781273462, 0.000978376949206], [-0.000367672386346, 0.00128879083786, -3.37908531947e-05, -3.47103059539e-06, -0.0029154594522, 0.00814383942634, -0.00347093492746, -0.00114707706962, 0.00160990469158, 3.36654670718e-06, -0.00129868846852, 0.0010581004899, -0.000617412035353], [0.000251863704761, -9.62001286098e-05, -8.48117124406e-05, 0.000711103552021, -0.00135387200862, -0.00347093492746, 0.0089470827952, -0.00310764298774, -0.0021710882429, 0.00269765104167, -0.000665896048304, 0.0012673746096, -0.000983515288681], [-0.000141978685861, 0.000548857671674, 0.000268979289103, -0.00109125126619, 0.00185850530397, -0.00114707706962, -0.00310764298774, 0.0113986795768, -0.00577621161938, -0.00249306182377, 0.00438239565119, -0.00298702064902, 0.000319534970913], [0.00021848018514, -0.000696377072018, 0.000340748927556, 0.000181714247447, -0.000481401832076, 0.00160990469158, -0.0021710882429, -0.00577621161938, 0.0154425790533, -0.00554683571681, -0.00322254537605, 0.00381788564846, -0.00242271483876], [-0.000198313151486, 0.00126661057584, -0.000959942641202, 0.000358634046279, 0.00068049953552, 3.36654670718e-06, 0.00269765104167, -0.00249306182377, -0.00554683571681, 0.0166488103569, -0.00711141387001, -0.000990549684502, 0.00207715528086], [0.000200935188332, -0.00195998535492, 0.00107808609027, -4.28021303378e-05, 0.000390669913031, -0.00129868846852, -0.000665896048304, 0.00438239565119, -0.00322254537605, -0.00711141387001, 0.0193167738616, -0.00881690811366, 0.000511104590259], [-0.000349392037606, 0.00184521591291, -0.00104860635474, 0.00147273449693, -0.00142781273462, 0.0010581004899, 0.0012673746096, -0.00298702064902, 0.00381788564846, -0.000990549684502, -0.00881690811366, 0.0229051634669, -0.0113149862736], [0.000205066040508, -0.00119866302703, 0.000431172898971, -0.000960587582085, 0.000978376949206, -0.000617412035353, -0.000983515288681, 0.000319534970913, -0.00242271483876, 0.00207715528086, 0.000511104590259, -0.0113149862736, 0.0169312544167]]
    },
    "melbands": {
        "dmean": [0.00230412767269, 0.00176295533311, 0.00113400875125, 0.000450892170193, 0.000227582582738, 0.000165832418134, 0.000117292292998, 8.93649485079e-05, 0.000102655016235, 7.80917980592e-05, 6.17035548203e-05, 7.79330293881e-05, 4.98681947647e-05, 5.02269467688e-05, 4.60360170109e-05, 3.68010587408e-05, 2.51926594501e-05, 2.6675315894e-05, 2.51840392593e-05, 2.21624904952e-05, 2.02862338483e-05, 1.9460436306e-05, 1.92552051885e-05, 1.62033247761e-05, 1.29521740746e-05, 1.28623796627e-05, 1.1051659385e-05, 1.06200868686e-05, 1.03734782897e-05, 9.15072268981e-06, 7.34790364731e-06, 6.23298637947e-06, 5.34503533345e-06, 4.80163134853e-06, 4.57138230558e-06, 4.11926794186e-06, 3.67584107153e-06, 3.06214724333e-06, 2.41907855525e-06, 2.21410959966e-06],
        "dmean2": [0.00357208005153, 0.00285759498365, 0.00176441448275, 0.000784684321843, 0.00039090833161, 0.000284476467641, 0.000196659253561, 0.000151650339831, 0.000170050334418, 0.000128284620587, 0.000104514147097, 0.000128952786326, 8.21048743092e-05, 8.50581564009e-05, 7.78899266152e-05, 6.17248006165e-05, 4.19379757659e-05, 4.44779216195e-05, 4.25275429734e-05, 3.7449724914e-05, 3.3839725802e-05, 3.23765452777e-05, 3.19169776049e-05, 2.71145145234e-05, 2.17686483666e-05, 2.1638461476e-05, 1.8421882487e-05, 1.7854035832e-05, 1.72252111952e-05, 1.53178880282e-05, 1.21667053463e-05, 1.03072161437e-05, 8.64142748469e-06, 7.8365110312e-06, 7.42533029552e-06, 6.65585594106e-06, 5.992356364e-06, 4.89368767376e-06, 3.85945941161e-06, 3.52194933839e-06],
        "dvar": [1.63760178111e-05, 2.16876651393e-05, 1.72716590896e-05, 2.91380729323e-06, 4.30079268199e-07, 2.08190471085e-07, 7.74527464387e-08, 4.74540833295e-08, 5.66606033203e-08, 3.91030212654e-08, 2.93631607917e-08, 4.3565886898e-08, 1.49449679299e-08, 1.51784291802e-08, 1.52004773213e-08, 6.91487800353e-09, 3.26612448198e-09, 2.71276001662e-09, 2.64055333155e-09, 1.53874613051e-09, 1.30970878587e-09, 1.37666644751e-09, 1.23498600235e-09, 9.03870589486e-10, 6.12339179362e-10, 4.29690144577e-10, 3.9679584618e-10, 4.44164455216e-10, 4.93065921425e-10, 4.02265276644e-10, 1.97419358638e-10, 1.75364889277e-10, 1.1203345196e-10, 9.1376760325e-11, 9.54211432092e-11, 7.23817186743e-11, 5.70062885785e-11, 3.75734027225e-11, 2.61074148411e-11, 2.42820468593e-11],
        "dvar2": [3.7876470742e-05, 5.34481878276e-05, 3.76518510166e-05, 8.38571486383e-06, 1.20555887406e-06, 5.56114684969e-07, 2.07799701002e-07, 1.28727648985e-07, 1.47640804471e-07, 1.02068582919e-07, 8.36303613028e-08, 1.11047960161e-07, 3.80159264068e-08, 4.36995684083e-08, 4.39078604586e-08, 1.83978148272e-08, 8.48454106972e-09, 6.52175735638e-09, 7.0196315427e-09, 4.11699829783e-09, 3.54769214006e-09, 3.66977026545e-09, 3.35545347063e-09, 2.43121078825e-09, 1.72088199246e-09, 1.17752452233e-09, 1.08524766951e-09, 1.2327709964e-09, 1.32255661978e-09, 1.13291909187e-09, 5.34594202239e-10, 4.76383099635e-10, 2.90720059137e-10, 2.39582492734e-10, 2.48792458857e-10, 1.89799287398e-10, 1.51377688162e-10, 9.60062584987e-11, 6.69224259342e-11, 6.15370115975e-11],
        "max": [0.0571007058024, 0.0658724159002, 0.0580166690052, 0.0246044192463, 0.00763567583635, 0.0127468658611, 0.00441708043218, 0.00337028922513, 0.00533161219209, 0.00332055101171, 0.00456462102011, 0.00559825822711, 0.00248628109694, 0.00216500647366, 0.00235232361592, 0.0015740172239, 0.00159828795586, 0.00141769705806, 0.000982618890703, 0.000619369733613, 0.000668913824484, 0.000653219292872, 0.000661233323626, 0.000543497502804, 0.000513098144438, 0.000378710828954, 0.000362902443158, 0.000493598403409, 0.000559012289159, 0.000449115788797, 0.000219516135985, 0.000261124630924, 0.000163534990861, 0.000168918923009, 0.000196609806153, 0.000135514870635, 0.000107777159428, 7.32002954464e-05, 0.000116563140182, 8.7733125838e-05],
        "mean": [0.00501336576417, 0.00268173147924, 0.00139601877891, 0.000471036677482, 0.000286010705167, 0.000220561894821, 0.000147587445099, 0.000104351791379, 0.000126673199702, 9.51826295932e-05, 7.3572009569e-05, 0.000103362384834, 6.47258202662e-05, 6.06617795711e-05, 5.6454067817e-05, 4.81300048705e-05, 3.42576677212e-05, 3.86648753192e-05, 3.384314914e-05, 3.02014923363e-05, 2.90502503049e-05, 2.78123006865e-05, 2.84298366751e-05, 2.39959299506e-05, 1.98056732188e-05, 2.01257480512e-05, 1.66981008078e-05, 1.58295097208e-05, 1.54165973072e-05, 1.35894606501e-05, 1.14550939543e-05, 9.73192891252e-06, 8.72101645655e-06, 7.7389904618e-06, 7.28387249183e-06, 6.62878164803e-06, 5.92935521126e-06, 5.08081075168e-06, 4.15369186157e-06, 3.69187114302e-06],
        "median": [0.00278469827026, 0.00143128295895, 0.000329732691171, 0.00014990362979, 9.61109399213e-05, 6.09853996139e-05, 4.74992702948e-05, 4.05015962315e-05, 4.25486250606e-05, 2.4600100005e-05, 2.0980129193e-05, 2.70085365628e-05, 1.81573868758e-05, 1.89763050003e-05, 1.58351958817e-05, 1.41184718814e-05, 1.03697129816e-05, 1.69773284142e-05, 1.49247807713e-05, 1.43676788866e-05, 1.76259127329e-05, 1.60789131769e-05, 1.72256768565e-05, 1.50023415699e-05, 1.22969204313e-05, 1.35971804411e-05, 9.6408311947e-06, 9.02581086848e-06, 7.73019837652e-06, 6.55721896692e-06, 4.89880676469e-06, 3.70856014342e-06, 2.90061325359e-06, 2.61079503616e-06, 2.05475566872e-06, 1.60693730322e-06, 1.31271531245e-06, 1.15124430522e-06, 9.11872916731e-07, 7.82264805821e-07],
        "min": [1.82877008821e-24, 1.35613157103e-23, 1.08358068048e-23, 6.24108606786e-24, 3.36604621118e-24, 2.75546195408e-24, 6.57387098503e-24, 1.43535371629e-23, 9.34368350227e-24, 5.28526038547e-24, 1.3220965617e-23, 8.69834873901e-24, 4.5652260165e-24, 8.93104692883e-24, 2.20728866416e-23, 8.21431788706e-24, 8.30485703088e-24, 1.46410832738e-23, 9.92059878151e-24, 1.22628269944e-23, 4.85692311343e-24, 1.26662220624e-23, 9.041399892e-24, 8.2271786864e-24, 6.52793876997e-24, 1.05530861561e-23, 8.44265288722e-24, 1.18715014984e-23, 1.05753541217e-23, 6.27217823158e-24, 8.49519891211e-24, 1.34624745943e-23, 1.21230660856e-23, 1.33018530476e-23, 1.02673607362e-23, 1.34988331934e-23, 1.48290609389e-23, 9.06070568494e-24, 1.18887475755e-23, 1.09258213561e-23],
        "var": [4.05640203098e-05, 2.32013808272e-05, 2.14672800212e-05, 1.85242242878e-06, 3.73573783463e-07, 3.65389553281e-07, 9.13002295988e-08, 4.16974614836e-08, 6.3941989481e-08, 4.90876530534e-08, 2.67929571862e-08, 8.58736441955e-08, 1.8486348452e-08, 1.50919632347e-08, 1.48733390049e-08, 9.36210842184e-09, 4.70132555108e-09, 5.09607067656e-09, 3.20489812466e-09, 1.94911109475e-09, 1.60017821216e-09, 1.64603874975e-09, 1.56500234993e-09, 1.06306108361e-09, 7.20314974334e-10, 5.75955338977e-10, 5.10135433895e-10, 4.90929685792e-10, 5.9536892083e-10, 4.41720188205e-10, 2.73327832589e-10, 2.30022279002e-10, 1.77945991275e-10, 1.37708608405e-10, 1.37791666965e-10, 1.17479109774e-10, 9.31703325602e-11, 6.82643247485e-11, 4.76878710132e-11, 4.22227808272e-11]
    },
    "mfcc": {
        "mean": [-639.524108887, 87.3004989624, 2.59082150459, 31.4554004669, 10.2757139206, 11.3929901123, 8.02686882019, 10.3560009003, 5.96675443649, 5.62767410278, 2.78755998611, 4.71202135086, 2.18529510498],
        "cov": [[11978.8027344, -2298.86279297, 387.377807617, 89.6900177002, 287.246185303, 537.339111328, 458.359161377, 421.95324707, 354.86227417, 216.735168457, 22.7367191315, -17.8106498718, 49.308265686], [-2298.86279297, 2309.04931641, -155.545944214, 240.011886597, -79.7984161377, -254.911834717, -304.217254639, -283.140350342, -282.399291992, -156.100997925, -53.1233253479, 4.84098863602, -6.73506450653], [387.377807617, -155.545944214, 842.306518555, 343.89666748, 238.786468506, 145.403701782, 101.166610718, 52.8153495789, 68.4100952148, 11.7771816254, -30.2449359894, -8.29492378235, 1.30480289459], [89.6900177002, 240.011886597, 343.89666748, 577.471923828, 197.83821106, 58.7131614685, 2.73821997643, -7.0014872551, 10.0673379898, -21.2619285583, -18.213634491, 5.50120401382, 3.09882736206], [287.246185303, -79.7984161377, 238.786468506, 197.83821106, 268.923461914, 156.011550903, 95.3683547974, 52.9939613342, 28.560716629, -3.5193169117, -18.5205974579, -12.6893091202, -1.70820140839], [537.339111328, -254.911834717, 145.403701782, 58.7131614685, 156.011550903, 260.859100342, 177.373596191, 101.804260254, 60.6208152771, 18.6227264404, -3.04120898247, -9.40810108185, -1.3798776865], [458.359161377, -304.217254639, 101.166610718, 2.73821997643, 95.3683547974, 177.373596191, 229.177093506, 143.757919312, 91.0591278076, 37.3267288208, 6.44101333618, -8.15744686127, -4.53385782242], [421.95324707, -283.140350342, 52.8153495789, -7.0014872551, 52.9939613342, 101.804260254, 143.757919312, 193.36026001, 123.388450623, 58.1750679016, 16.4898948669, -8.78230476379, -2.61604142189], [354.86227417, -282.399291992, 68.4100952148, 10.0673379898, 28.560716629, 60.6208152771, 91.0591278076, 123.388450623, 170.830856323, 88.2111434937, 30.0510311127, 2.30474925041, 3.68589520454], [216.735168457, -156.100997925, 11.7771816254, -21.2619285583, -3.5193169117, 18.6227264404, 37.3267288208, 58.1750679016, 88.2111434937, 116.928611755, 55.9567680359, 16.8981380463, 8.92543888092], [22.7367191315, -53.1233253479, -30.2449359894, -18.213634491, -18.5205974579, -3.04120898247, 6.44101333618, 16.4898948669, 30.0510311127, 55.9567680359, 97.0788421631, 50.4516334534, 15.383723259], [-17.8106498718, 4.84098863602, -8.29492378235, 5.50120401382, -12.6893091202, -9.40810108185, -8.15744686127, -8.78230476379, 2.30474925041, 16.8981380463, 50.4516334534, 95.7360153198, 41.3671531677], [49.308265686, -6.73506450653, 1.30480289459, 3.09882736206, -1.70820140839, -1.3798776865, -4.53385782242, -2.61604142189, 3.68589520454, 8.92543888092, 15.383723259, 41.3671531677, 76.2273483276]],
