{
"lowlevel": {
    "average_loudness": 0.937706708908,
    "barkbands_crest": {
        "dmean": 3.23589468002,
        "dmean2": 4.86018705368,
        "dvar": 10.1788549423,
        "dvar2": 23.2433891296,
        "max": 26.6011943817,
        "mean": 11.7901592255,
        "median": 11.3508796692,
        "min": 1.85743951797,
        "var": 32.7805023193
    },
    "barkbands_flatness_db": {
        "dmean": 0.0347731336951,
        "dmean2": 0.0509591288865,
        "dvar": 0.00234498200007,
        "dvar2": 0.00451898900792,
        "max": 0.764059662819,
        "mean": 0.134902656078,
        "median": 0.109562076628,
        "min": 0.0138206016272,
        "var": 0.00782555434853
    },
    "barkbands_kurtosis": {
        "dmean": 17.8671245575,
        "dmean2": 29.0084533691,
        "dvar": 27643.4355469,
        "dvar2": 70814.3671875,
        "max": 5410.98535156,
        "mean": 15.9466352463,
        "median": 0.932762265205,
        "min": -1.90299594402,
        "var": 21285.4667969
    },
    "barkbands_skewness": {
        "dmean": 1.00216412544,
        "dmean2": 1.50350403786,
        "dvar": 4.61433649063,
        "dvar2": 10.100066185,
        "max": 53.6648597717,
        "mean": 1.79027211666,
        "median": 1.35635137558,
        "min": -4.9815568924,
        "var": 7.88957881927
    },
    "barkbands_spread": {
        "dmean": 9.51845836639,
        "dmean2": 14.6195659637,
        "dvar": 110.393692017,
        "dvar2": 260.107574463,
        "max": 115.19039917,
        "mean": 31.8597393036,
        "median": 30.3457489014,
        "min": 0.0217046886683,
        "var": 346.26651001
    },
    "dissonance": {
        "dmean": 0.0131061477587,
        "dmean2": 0.021904302761,
        "dvar": 0.000302155822283,
        "dvar2": 0.000789138954133,
        "max": 0.500000119209,
        "mean": 0.479838818312,
        "median": 0.48562669754,
        "min": 0.152311533689,
        "var": 0.000468233367428
    },
    "dynamic_complexity": 3.16239476204,
    "erbbands_crest": {
        "dmean": 2.58429408073,
        "dmean2": 4.17269563675,
        "dvar": 9.44246006012,
        "dvar2": 22.2224082947,
        "max": 30.4046115875,
        "mean": 7.43292284012,
        "median": 5.80316019058,
        "min": 1.94291746616,
        "var": 22.6471652985
    },
    "erbbands_flatness_db": {
        "dmean": 0.0199634786695,
        "dmean2": 0.0291655808687,
        "dvar": 0.000667088781483,
        "dvar2": 0.00140601815656,
        "max": 0.514460682869,
        "mean": 0.142480328679,
        "median": 0.119405865669,
        "min": 0.0540249757469,
        "var": 0.0048882747069
    },
    "erbbands_kurtosis": {
        "dmean": 2.41921567917,
        "dmean2": 3.93680286407,
        "dvar": 347.376464844,
        "dvar2": 766.792907715,
        "max": 483.183197021,
        "mean": 1.39590132236,
        "median": -0.339349031448,
        "min": -1.90029740334,
        "var": 375.380432129
    },
    "erbbands_skewness": {
        "dmean": 0.487520158291,
        "dmean2": 0.747066378593,
        "dvar": 0.828252196312,
        "dvar2": 1.72083353996,
        "max": 17.9228744507,
        "mean": -0.128385081887,
        "median": -0.292013049126,
        "min": -3.37085294724,
        "var": 1.39878547192
    },
    "erbbands_spread": {
        "dmean": 11.8917369843,
        "dmean2": 17.9207286835,
        "dvar": 186.878372192,
        "dvar2": 420.666534424,
        "max": 212.249343872,
        "mean": 46.9410018921,
        "median": 44.3952636719,
        "min": 0.649557948112,
        "var": 503.770141602
    },
    "hfc": {
        "dmean": 20.6492290497,
        "dmean2": 31.6357841492,
        "dvar": 1323.25805664,
        "dvar2": 3221.21582031,
        "max": 343.143249512,
        "mean": 37.8274383545,
        "median": 29.2057266235,
        "min": 1.0764933124e-16,
        "var": 1643.44555664
    },
    "melbands_crest": {
        "dmean": 4.46162796021,
        "dmean2": 7.06387662888,
        "dvar": 23.6015968323,
        "dvar2": 53.532749176,
        "max": 39.9476661682,
        "mean": 19.0707492828,
        "median": 18.8795185089,
        "min": 1.2671226263,
        "var": 81.5279312134
    },
    "melbands_flatness_db": {
        "dmean": 0.0442763455212,
        "dmean2": 0.0654269307852,
        "dvar": 0.00370522052981,
        "dvar2": 0.00731122121215,
        "max": 0.911862671375,
        "mean": 0.185130417347,
        "median": 0.171231538057,
        "min": 0.000535385741387,
        "var": 0.0112081170082
    },
    "melbands_kurtosis": {
        "dmean": 36.9695320129,
        "dmean2": 57.798664093,
        "dvar": 312695.90625,
        "dvar2": 785639.4375,
        "max": 44854.5546875,
        "mean": 43.8448066711,
        "median": 10.740737915,
        "min": -1.80647146702,
        "var": 239844.640625
    },
    "melbands_skewness": {
        "dmean": 1.50725030899,
        "dmean2": 2.26843881607,
        "dvar": 11.5305490494,
        "dvar2": 24.1690692902,
        "max": 201.604736328,
        "mean": 3.82793426514,
        "median": 3.11950516701,
        "min": -4.91158008575,
        "var": 19.7525539398
    },
    "melbands_spread": {
        "dmean": 13.9965753555,
        "dmean2": 22.3727626801,
        "dvar": 340.464172363,
        "dvar2": 820.808166504,
        "max": 213.579238892,
        "mean": 32.7729225159,
        "median": 25.5332717896,
        "min": 0.0236515067518,
        "var": 761.389953613
    },
    "pitch_salience": {
        "dmean": 0.104017339647,
        "dmean2": 0.160241156816,
        "dvar": 0.0144175514579,
        "dvar2": 0.0322899669409,
        "max": 0.992309808731,
        "mean": 0.486839622259,
        "median": 0.507167577744,
        "min": 0.00309388199821,
        "var": 0.0372332446277
    },
    "silence_rate_20dB": {
        "dmean": 0,
        "dmean2": 0,
        "dvar": 0,
        "dvar2": 0,
        "max": 1,
        "mean": 1,
        "median": 1,
        "min": 1,
        "var": 0
    },
    "silence_rate_30dB": {
        "dmean": 0.0202541314065,
        "dmean2": 0.0405121333897,
        "dvar": 0.0198449008167,
        "dvar2": 0.0558820553124,
        "max": 1,
        "mean": 0.988249897957,
        "median": 1,
        "min": 0,
        "var": 0.0116116218269
    },
    "silence_rate_60dB": {
        "dmean": 0.0267507396638,
        "dmean2": 0.0535065941513,
        "dvar": 0.0260361358523,
        "dvar2": 0.0581012815237,
        "max": 1,
        "mean": 0.0873137190938,
        "median": 0,
        "min": 0,
        "var": 0.079695828259
    },
    "spectral_centroid": {
        "dmean": 425.880249023,
        "dmean2": 650.550415039,
        "dvar": 242200.328125,
        "dvar2": 544907.1875,
        "max": 11410.9638672,
        "mean": 2233.69067383,
        "median": 2315.96630859,
        "min": 57.0191040039,
        "var": 903600
    },
    "spectral_complexity": {
        "dmean": 7.67956447601,
        "dmean2": 11.5440473557,
        "dvar": 80.2380752563,
        "dvar2": 173.206100464,
        "max": 69,
        "mean": 24.4897785187,
        "median": 24,
        "min": 0,
        "var": 244.747299194
    },
    "spectral_decrease": {
        "dmean": 3.29842220204e-09,
        "dmean2": 4.88781237706e-09,
        "dvar": 1.73222423247e-17,
        "dvar2": 3.58766032591e-17,
        "max": 1.27645773741e-28,
        "mean": -9.18912590464e-09,
        "median": -9.04845087746e-09,
        "min": -4.01581985443e-08,
        "var": 4.91101728797e-17
    },
    "spectral_energy": {
        "dmean": 0.0136593040079,
        "dmean2": 0.0201261471957,
        "dvar": 0.000274057820207,
        "dvar2": 0.000574665842578,
        "max": 0.155996471643,
        "mean": 0.0381129309535,
        "median": 0.0371534191072,
        "min": 1.02183721332e-20,
        "var": 0.000770503422245
    },
    "spectral_energyband_high": {
        "dmean": 0.00205244030803,
        "dmean2": 0.00318377208896,
        "dvar": 1.70589501067e-05,
        "dvar2": 4.17515257141e-05,
        "max": 0.0414980426431,
        "mean": 0.00305374246091,
        "median": 0.00188879237976,
        "min": 7.15068316646e-21,
        "var": 1.91807812371e-05
    },
    "spectral_energyband_low": {
        "dmean": 0.00980519596487,
        "dmean2": 0.014953118749,
        "dvar": 0.000240438501351,
        "dvar2": 0.000481443159515,
        "max": 0.123203881085,
        "mean": 0.0221851561219,
        "median": 0.0187994092703,
        "min": 2.61503777098e-23,
        "var": 0.000540370761883
    },
    "spectral_energyband_middle_high": {
        "dmean": 0.00290493061766,
        "dmean2": 0.0047791195102,
        "dvar": 1.68661426869e-05,
        "dvar2": 4.32372326031e-05,
        "max": 0.0619150213897,
        "mean": 0.00569948134944,
        "median": 0.00451063923538,
        "min": 1.33040318815e-21,
        "var": 2.57780866377e-05
    },
    "spectral_energyband_middle_low": {
        "dmean": 0.00602236296982,
        "dmean2": 0.0104156518355,
        "dvar": 0.000151992499013,
        "dvar2": 0.000416865252191,
        "max": 0.135404497385,
        "mean": 0.00872861873358,
        "median": 0.00474555697292,
        "min": 2.10061113017e-22,
        "var": 0.000144192264997
    },
    "spectral_entropy": {
        "dmean": 0.204872563481,
        "dmean2": 0.305601358414,
        "dvar": 0.123406566679,
        "dvar2": 0.256396055222,
        "max": 9.81485557556,
        "mean": 7.95659971237,
        "median": 8.08869552612,
        "min": 3.09124827385,
        "var": 0.324860036373
    },
    "spectral_flux": {
        "dmean": 0.036656819284,
        "dmean2": 0.048042897135,
        "dvar": 0.00153812684584,
        "dvar2": 0.00246042059734,
        "max": 0.369273394346,
        "mean": 0.109725117683,
        "median": 0.0941125452518,
        "min": 6.36681263266e-11,
        "var": 0.0052938060835
    },
    "spectral_kurtosis": {
        "dmean": 1.37234771252,
        "dmean2": 2.25702309608,
        "dvar": 14.5871534348,
        "dvar2": 39.1689033508,
        "max": 117.320205688,
        "mean": 3.26591014862,
        "median": 2.45764613152,
        "min": -1.26502919197,
        "var": 18.3045501709
    },
    "spectral_rms": {
        "dmean": 0.00110424903687,
        "dmean2": 0.00160984962713,
        "dvar": 1.53991936713e-06,
        "dvar2": 3.22624850924e-06,
        "max": 0.0123365996405,
        "mean": 0.00554911512882,
        "median": 0.00602056784555,
        "min": 3.15739513528e-12,
        "var": 6.39078552922e-06
    },
    "spectral_rolloff": {
        "dmean": 1084.84631348,
        "dmean2": 1748.68444824,
        "dvar": 2230604.75,
        "dvar2": 4855923,
        "max": 19638.28125,
        "mean": 2518.29736328,
        "median": 1851.85546875,
        "min": 43.06640625,
        "var": 6298241.5
    },
    "spectral_skewness": {
        "dmean": 0.20488448441,
        "dmean2": 0.325571775436,
        "dvar": 0.132253468037,
        "dvar2": 0.317684739828,
        "max": 9.85127925873,
        "mean": 1.24371087551,
        "median": 1.17544007301,
        "min": -0.0458896569908,
        "var": 0.232119008899
    },
    "spectral_spread": {
        "dmean": 626810.375,
        "dmean2": 921547.0625,
        "dvar": 965521113088,
        "dvar2": 1.8687941673e+12,
        "max": 43111924,
        "mean": 5454215,
        "median": 5417362,
        "min": 947686.125,
        "var": 5.31935579341e+12
    },
    "spectral_strongpeak": {
        "dmean": 0.323295474052,
        "dmean2": 0.540517926216,
        "dvar": 0.324414670467,
        "dvar2": 0.86032140255,
        "max": 9.52813816071,
        "mean": 0.603822171688,
        "median": 0.418539643288,
        "min": 0,
        "var": 0.40869140625
    },
    "zerocrossingrate": {
        "dmean": 0.0179076101631,
        "dmean2": 0.0203477889299,
        "dvar": 0.000431511289207,
        "dvar2": 0.000496460532304,
        "max": 0.74365234375,
        "mean": 0.0906387194991,
        "median": 0.07861328125,
        "min": 0.001953125,
        "var": 0.00402314867824
    },
    "barkbands": {
        "dmean": [0.000899119651876, 0.00761675089598, 0.00436489470303, 0.00279897288419, 0.00236186943948, 0.000729146588128, 0.000662322388962, 0.00046374584781, 0.000555087346584, 0.000576951075345, 0.000456725538243, 0.000368354812963, 0.000386359693948, 0.000479307025671, 0.00044227487524, 0.00036268887925, 0.000357737269951, 0.000398651958676, 0.000367222732166, 0.000411613465985, 0.000367634056602, 0.000443541794084, 0.000496576365549, 0.000342122744769, 0.000248179625487, 0.000128295680042, 2.4706187105e-05],
        "dmean2": [0.00124824268278, 0.0114763593301, 0.00765980919823, 0.0051425145939, 0.00417938595638, 0.00127715559211, 0.00111462152563, 0.000795928353909, 0.000948594009969, 0.000972084642854, 0.000803637842182, 0.000625853717793, 0.000663911399897, 0.000810892961454, 0.000743786396924, 0.000594818848185, 0.000595432182308, 0.0006565763033, 0.000614848686382, 0.000675861141644, 0.000617683748715, 0.000713056593668, 0.000782463815995, 0.000533454644028, 0.000376975454856, 0.00019015117141, 4.03346057283e-05],
        "dvar": [6.21261551714e-06, 0.000168916754774, 0.000131697932375, 6.13866432104e-05, 3.24473003275e-05, 2.62761295744e-06, 2.15287923311e-06, 1.47185824062e-06, 1.58338377787e-06, 1.0754225741e-06, 1.60129900451e-06, 5.17022158419e-07, 7.45889053633e-07, 6.32821240742e-07, 6.19591901341e-07, 4.80205301301e-07, 3.8224590071e-07, 3.45225657838e-07, 3.05111598209e-07, 3.58025914693e-07, 3.81857745424e-07, 7.68558606978e-07, 1.3553279814e-06, 5.31235173185e-07, 2.85064629679e-07, 7.6824356654e-08, 3.61699314944e-09],
        "dvar2": [1.72905711224e-05, 0.000347180815879, 0.000356691511115, 0.000175991473952, 9.17241195566e-05, 7.29259500076e-06, 5.55874794372e-06, 3.9550600377e-06, 4.18710851591e-06, 2.80143490272e-06, 4.51850519312e-06, 1.34708500354e-06, 1.92264701582e-06, 1.64517621215e-06, 1.56327473633e-06, 1.16064893518e-06, 9.76971023192e-07, 8.68684253419e-07, 7.98198868779e-07, 8.96503138392e-07, 1.00919498891e-06, 1.93878713617e-06, 3.21578022522e-06, 1.30034516133e-06, 7.00047394275e-07, 1.83313886737e-07, 9.19527920473e-09],
        "max": [0.108804166317, 0.103708341718, 0.0836509615183, 0.0736073851585, 0.0870296061039, 0.0191541891545, 0.0267218723893, 0.0245248209685, 0.0205225329846, 0.0191879794002, 0.0425375029445, 0.0154035026208, 0.0243417471647, 0.0135054504499, 0.0160657670349, 0.0140793519095, 0.0160612072796, 0.0130744166672, 0.00842498242855, 0.00720943231136, 0.00776177365333, 0.0112099042162, 0.0125195374712, 0.00905912742019, 0.00581240747124, 0.00306076789275, 0.000657480733935],
        "mean": [0.00171384436544, 0.0146829886362, 0.00449052080512, 0.0025363820605, 0.00304579990916, 0.000837127154227, 0.000754412205424, 0.000500050198752, 0.000586015055887, 0.000767781049944, 0.000454773369711, 0.000422838085797, 0.000432356551755, 0.000638935889583, 0.000602115527727, 0.00048230230459, 0.000519820488989, 0.000645123363938, 0.000572112039663, 0.000631383270957, 0.000547885196283, 0.000613078474998, 0.000598142622039, 0.000473452120787, 0.000350787886418, 0.000185953293112, 2.6901208912e-05],
        "median": [0.000198438981897, 0.00767997698858, 0.000420326279709, 0.000173441250809, 0.000546177616343, 0.000252366822679, 0.000270833901595, 0.000124051686726, 0.000172544721863, 0.000339905265719, 0.000161163523444, 0.000147890270455, 0.000186315272003, 0.000349684152752, 0.000289051997242, 0.00023300430621, 0.000292922195513, 0.000436118745711, 0.000380606856197, 0.000390295288526, 0.000366357591702, 0.000340700091328, 0.000257092062384, 0.000211871607462, 0.000152475200593, 7.47849553591e-05, 6.13942802374e-06],
        "min": [1.72375179691e-25, 3.43589432231e-24, 3.34646195035e-24, 1.94450564655e-24, 1.02382580797e-23, 1.00710716326e-23, 1.03973697465e-23, 1.4715689005e-23, 2.39896703354e-23, 4.15297748374e-23, 2.99441281321e-23, 2.57705112072e-23, 2.46851001328e-23, 3.78076103868e-23, 7.15760068142e-23, 8.7105377444e-23, 5.89422227123e-23, 1.00862146065e-22, 1.71227459649e-22, 2.41650991168e-22, 2.72149060583e-22, 3.53821786476e-22, 4.51054156324e-22, 6.58177324138e-22, 9.36344320577e-22, 1.3402502927e-21, 2.10396660367e-21],
        "var": [1.09509392132e-05, 0.00032606816967, 0.00010764371109, 4.17454357375e-05, 3.64375882782e-05, 2.41975249082e-06, 2.06273284675e-06, 1.3908429537e-06, 1.5223176888e-06, 1.29357647438e-06, 1.14553404273e-06, 6.45699230972e-07, 6.99138979599e-07, 7.50917592995e-07, 8.43112616167e-07, 6.83990435846e-07, 5.14002465479e-07, 5.854631695e-07, 4.14946867977e-07, 5.16745160439e-07, 4.23481395728e-07, 8.20349555397e-07, 1.37210145112e-06, 6.15663850567e-07, 3.36023106229e-07, 9.67598907664e-08, 3.45201622842e-09]
    },
    "erbbands": {
        "dmean": [0.235113739967, 1.7952902317, 4.52038908005, 7.60411834717, 9.44725513458, 7.03722190857, 5.65824222565, 6.44012069702, 9.3463306427, 8.81028652191, 10.7132024765, 12.6836500168, 19.3982334137, 15.967587471, 14.8578538895, 14.7274808884, 17.3335933685, 24.1172580719, 19.2804489136, 22.8771286011, 19.0459594727, 18.3733234406, 21.6963825226, 19.8104534149, 19.3797225952, 19.1115264893, 15.5116033554, 13.7847700119, 15.172867775, 16.9503116608, 14.2077693939, 8.33167552948, 4.85653495789, 3.00962162018, 1.78593170643, 0.663691103458, 0.219873934984, 0.0495890974998, 0.00400297390297, 7.7412223618e-05],
        "dmean2": [0.346123605967, 2.69285559654, 7.52712631226, 13.6307525635, 17.1211395264, 12.4146280289, 9.87915039062, 11.2180290222, 15.9700937271, 14.7990751266, 18.1598510742, 21.6007404327, 32.1231193542, 27.4354724884, 26.0441608429, 25.1064224243, 29.6935501099, 40.6028137207, 32.2582969666, 37.9876937866, 31.0741233826, 30.0968971252, 35.6398391724, 33.1522445679, 31.8102359772, 31.2916679382, 26.0206832886, 23.0218658447, 24.329788208, 27.5667819977, 22.4898777008, 13.1588726044, 7.49141931534, 4.56934547424, 2.79038095474, 0.997869610786, 0.330809563398, 0.0770971029997, 0.00646277749911, 0.000118780131743],
        "dvar": [0.135596349835, 11.9577388763, 121.874130249, 415.092102051, 635.903564453, 293.529296875, 172.09236145, 214.669265747, 502.798858643, 458.380065918, 636.372131348, 858.54284668, 1124.04150391, 1059.07067871, 1794.37426758, 850.077941895, 1557.15661621, 1523.35192871, 1278.87475586, 1616.51745605, 1098.33569336, 1184.24279785, 1072.52038574, 914.786743164, 844.016235352, 792.728027344, 637.176574707, 584.750366211, 777.950012207, 1607.37268066, 1120.10791016, 319.835021973, 103.115852356, 39.8098449707, 15.5662183762, 1.88039922714, 0.253059864044, 0.0131723498926, 0.000102006568341, 2.88680865879e-08],
        "dvar2": [0.262518703938, 24.0591640472, 309.363830566, 1166.96520996, 1810.22741699, 813.229248047, 472.093383789, 586.245544434, 1336.95178223, 1200.35913086, 1632.2409668, 2276.83496094, 2797.54663086, 2765.18188477, 5123.06152344, 2280.77490234, 4011.75732422, 3957.52636719, 3189.4230957, 3994.02490234, 2608.77441406, 3068.19873047, 2705.95727539, 2444.8112793, 2145.2590332, 1976.11486816, 1655.92663574, 1530.58129883, 1934.140625, 4202.30859375, 2570.25195312, 781.144958496, 249.328994751, 95.6948852539, 39.5983467102, 4.48159646988, 0.619180738926, 0.0328528098762, 0.000254249403952, 7.06484186708e-08],
        "max": [3.41426849365, 27.0360469818, 76.7590332031, 150.555892944, 322.102111816, 451.513916016, 271.350891113, 225.247329712, 387.561401367, 451.715454102, 360.322357178, 503.70993042, 512.994262695, 711.58416748, 1342.0246582, 723.307128906, 1205.37573242, 700.899353027, 791.752258301, 739.589172363, 838.330627441, 1116.19262695, 824.56817627, 392.681793213, 548.236755371, 345.833587646, 303.472442627, 307.787200928, 322.970123291, 476.544677734, 352.956207275, 203.994018555, 120.860496521, 74.1139221191, 36.0329704285, 15.3146333694, 5.39435625076, 1.17912662029, 0.123507864773, 0.00197536032647],
        "mean": [0.574986100197, 2.67654490471, 5.08159780502, 7.71040916443, 10.4842853546, 8.72820663452, 6.94349145889, 7.23848438263, 10.4072742462, 10.4805727005, 11.7506637573, 14.2557992935, 27.0566749573, 18.4328174591, 15.9526729584, 17.1248874664, 20.1922492981, 32.5874404907, 26.8867015839, 32.4928398132, 28.141336441, 28.4989757538, 35.2800102234, 32.2017745972, 30.6692295074, 29.0050182343, 23.3202190399, 20.2528648376, 21.6020584106, 20.1397953033, 17.1356124878, 11.2025289536, 6.87060880661, 4.27744579315, 2.38426399231, 0.964483916759, 0.307777374983, 0.0632728263736, 0.0044152061455, 0.000127112492919],
        "median": [0.193980365992, 1.16418612003, 0.797531723976, 0.878246665001, 1.06957042217, 1.59994065762, 1.61430096626, 2.18664264679, 3.87707042694, 3.8135933876, 3.68927598, 5.13017511368, 11.6841554642, 8.02742004395, 6.28915119171, 7.02092266083, 9.35269451141, 19.0327529907, 15.0952453613, 16.4742012024, 15.7082881927, 17.2315559387, 24.2339553833, 22.448179245, 19.6764469147, 18.1279754639, 15.4837932587, 12.9967002869, 12.3980617523, 9.24073600769, 7.17994308472, 5.09973716736, 3.00053572655, 1.84704375267, 0.98922586441, 0.397048652172, 0.119227975607, 0.0235034991056, 0.000965610728599, 7.88875040598e-05],
        "min": [1.28787273063e-22, 5.85101894691e-22, 4.8410446466e-21, 8.71896994804e-21, 2.71626144505e-20, 4.71361408051e-20, 4.07526813893e-20, 1.05597476333e-19, 1.96204837304e-19, 2.82475329097e-19, 3.11680517437e-19, 6.92239072011e-19, 1.20351915014e-18, 8.07014000918e-19, 1.26112462838e-18, 1.45307602543e-18, 1.37607005989e-18, 2.42460534174e-18, 3.41416088815e-18, 4.82205765268e-18, 5.34885052092e-18, 4.44559079871e-18, 7.05308536029e-18, 6.73882414274e-18, 6.61272376708e-18, 1.00266772397e-17, 9.48089519972e-18, 1.10264085552e-17, 1.33709684562e-17, 1.208124168e-17, 1.32441401616e-17, 1.2334278711e-17, 1.10450044026e-17, 8.80291811734e-18, 7.12887247519e-18, 4.36167870224e-18, 2.6473479167e-18, 1.08743882682e-18, 2.73393971646e-19, 2.84472776406e-20],
        "var": [0.479109734297, 17.2073097229, 113.570594788, 312.519042969, 578.075500488, 352.907440186, 204.259124756, 200.543899536, 442.209442139, 470.438293457, 631.175598145, 840.45880127, 1567.97595215, 1081.38867188, 1333.92285156, 944.862365723, 1471.29858398, 1778.69177246, 1514.39416504, 2498.86743164, 1701.96508789, 1515.28540039, 1812.51342773, 1235.10522461, 1225.08825684, 1120.78271484, 751.374694824, 630.214599609, 883.210083008, 1450.8996582, 1172.27404785, 357.532562256, 125.940040588, 49.614402771, 16.48295784, 2.44645166397, 0.292858093977, 0.0137136094272, 0.000100094497611, 3.17333075373e-08]
    },
    "gfcc": {
        "mean": [5.00748920441, 31.6699981689, -119.81438446, 40.0467033386, -53.2117881775, 20.7952442169, -30.6402931213, 15.142490387, -20.6142616272, 8.29921245575, -15.9041795731, 4.33671045303, -10.1428594589],
        "cov": [[19393.7265625, 975.226257324, 1977.1114502, 882.908447266, 507.46975708, 533.427124023, -714.6484375, 225.567230225, -336.946929932, 212.151260376, -406.311706543, 149.811569214, -632.572143555], [975.226257324, 2587.03149414, 577.531738281, 476.553649902, 556.790222168, -144.209655762, 77.4694900513, -149.706054688, 95.1090316772, -184.24168396, 64.8562927246, -182.742431641, 14.4215421677], [1977.1114502, 577.531738281, 2197.61938477, 1059.7208252, 844.921081543, 537.467590332, 93.8308563232, 115.571388245, -2.78397202492, 50.4375228882, -85.3333129883, 18.8854465485, -173.83770752], [882.908447266, 476.553649902, 1059.7208252, 921.918579102, 609.023193359, 361.88482666, 145.598510742, 101.299369812, 29.2950992584, 43.7617492676, 7.8869600296, 16.652053833, -48.8082046509], [507.46975708, 556.790222168, 844.921081543, 609.023193359, 719.240844727, 374.144134521, 220.773666382, 122.257484436, 74.0750808716, 42.4590988159, 30.2313346863, 0.618289291859, -45.4922370911], [533.427124023, -144.209655762, 537.467590332, 361.88482666, 374.144134521, 496.270050049, 231.469741821, 179.212661743, 60.6644859314, 96.9813079834, 19.6964931488, 59.4655990601, -37.8353919983], [-714.6484375, 77.4694900513, 93.8308563232, 145.598510742, 220.773666382, 231.469741821, 356.303375244, 158.461349487, 112.593948364, 52.7071685791, 75.884437561, 26.007938385, 41.5879135132], [225.567230225, -149.706054688, 115.571388245, 101.299369812, 122.257484436, 179.212661743, 158.461349487, 265.272674561, 137.396453857, 133.077865601, 57.4417877197, 72.9753570557, 18.8655490875], [-336.946929932, 95.1090316772, -2.78397202492, 29.2950992584, 74.0750808716, 60.6644859314, 112.593948364, 137.396453857, 219.946685791, 130.728637695, 102.748626709, 43.7553367615, 53.4338760376], [212.151260376, -184.24168396, 50.4375228882, 43.7617492676, 42.4590988159, 96.9813079834, 52.7071685791, 133.077865601, 130.728637695, 213.097763062, 104.72353363, 93.9572372437, 27.1113433838], [-406.311706543, 64.8562927246, -85.3333129883, 7.8869600296, 30.2313346863, 19.6964931488, 75.884437561, 57.4417877197, 102.748626709, 104.72353363, 168.338928223, 83.603012085, 61.5467796326], [149.811569214, -182.742431641, 18.8854465485, 16.652053833, 0.618289291859, 59.4655990601, 26.007938385, 72.9753570557, 43.7553367615, 93.9572372437, 83.603012085, 139.935134888, 50.94581604], [-632.572143555, 14.4215421677, -173.83770752, -48.8082046509, -45.4922370911, -37.8353919983, 41.5879135132, 18.8655490875, 53.4338760376, 27.1113433838, 61.5467796326, 50.94581604, 122.871536255]],
        "icov": [[0.000114228088933, -0.000193374376977, 4.33144850831e-05, -2.54348396993e-05, 0.000114677146485, -0.000229024881264, 0.000312596122967, -0.000254767655861, 0.000254105427302, -0.000336494005751, 0.000445035460871, -0.00051540316781, 0.000521718990058], [-0.000193374376977, 0.0012087126961, -0.000238843582338, -8.97099889698e-05, -0.00102020904887, 0.00124517222866, -0.000533883809112, 0.000725145335309, -0.00118447944988, 0.00156323274132, -0.00174798304215, 0.00180431711487, -0.00113826373126], [4.33144850831e-05, -0.000238843582338, 0.00146959070116, -0.00103045674041, -0.000537132495083, -0.000545868475456, 0.000559183536097, 0.000145837795571, -0.000210005498957, -0.000375460222131, 0.00139641494025, -0.0014057761291, 0.00139982521068], [-2.54348396993e-05, -8.97099889698e-05, -0.00103045674041, 0.00341594591737, -0.00150234322064, -0.00041575281648, 0.000167463585967, -0.000285903050099, 0.0008214894915, -0.00021025876049, -0.000620132836048, 0.000627985456958, -0.00117902457714], [0.000114677146485, -0.00102020904887, -0.000537132495083, -0.00150234322064, 0.0055629578419, -0.00236075208522, -0.000624151551165, -0.000418436975451, 0.000183044598089, -0.000377618795028, -6.43796665827e-05, -2.28256103583e-05, 0.00100705842488], [-0.000229024881264, 0.00124517222866, -0.000545868475456, -0.00041575281648, -0.00236075208522, 0.00709382956848, -0.00349073624238, -0.000131104345201, -0.000122439218103, -0.000174517859705, 0.000134648827952, -0.000373512943042, 0.000428468018072], [0.000312596122967, -0.000533883809112, 0.000559183536097, 0.000167463585967, -0.000624151551165, -0.00349073624238, 0.00765669206157, -0.00336694391444, -0.000107622217911, 0.00153196556494, -0.00163811433595, 0.000933382310905, -0.000708613661118], [-0.000254767655861, 0.000725145335309, 0.000145837795571, -0.000285903050099, -0.000418436975451, -0.000131104345201, -0.00336694391444, 0.0101842023432, -0.00482600834221, -0.00172080984339, 0.00234165042639, -0.00224162242375, 0.000311582960421], [0.000254105427302, -0.00118447944988, -0.000210005498957, 0.0008214894915, 0.000183044598089, -0.000122439218103, -0.000107622217911, -0.00482600834221, 0.0130581697449, -0.00632464140654, -0.00208260212094, 0.00289207254536, -0.00215521384962], [-0.000336494005751, 0.00156323274132, -0.000375460222131, -0.00021025876049, -0.000377618795028, -0.000174517859705, 0.00153196556494, -0.00172080984339, -0.00632464140654, 0.0148942470551, -0.00659794732928, -0.000988048966974, 0.000200250331545], [0.000445035460871, -0.00174798304215, 0.00139641494025, -0.000620132836048, -6.43796665827e-05, 0.000134648827952, -0.00163811433595, 0.00234165042639, -0.00208260212094, -0.00659794732928, 0.0181345045567, -0.0103279715404, 0.00199826504104], [-0.00051540316781, 0.00180431711487, -0.0014057761291, 0.000627985456958, -2.28256103583e-05, -0.000373512943042, 0.000933382310905, -0.00224162242375, 0.00289207254536, -0.000988048966974, -0.0103279715404, 0.0205632094294, -0.00909224897623], [0.000521718990058, -0.00113826373126, 0.00139982521068, -0.00117902457714, 0.00100705842488, 0.000428468018072, -0.000708613661118, 0.000311582960421, -0.00215521384962, 0.000200250331545, 0.00199826504104, -0.00909224897623, 0.0168290454894]]
    },
    "melbands": {
        "dmean": [0.00207431707531, 0.00215769512579, 0.00135230703745, 0.000597978651058, 0.000211794598727, 0.000145219630213, 0.000139446681715, 9.62242338574e-05, 8.9777946414e-05, 8.06391763035e-05, 9.74588401732e-05, 6.37086195638e-05, 5.54849830223e-05, 4.39265968453e-05, 3.36137600243e-05, 4.13865236624e-05, 4.91509345011e-05, 3.13340569846e-05, 3.74194823962e-05, 2.65188882622e-05, 2.37543663388e-05, 2.02456903935e-05, 2.15661038965e-05, 1.84916516446e-05, 1.70422663359e-05, 1.36602147904e-05, 1.709168464e-05, 1.22740011648e-05, 9.19821377465e-06, 1.08475087472e-05, 7.57543875807e-06, 8.67398739501e-06, 9.43226132222e-06, 9.87665953289e-06, 8.94195363799e-06, 6.17721252638e-06, 4.86634098706e-06, 3.58067768502e-06, 2.90621869681e-06, 2.49197341873e-06],
        "dmean2": [0.00311760162003, 0.00328825274482, 0.00240899552591, 0.00106664688792, 0.00037017086288, 0.000252879224718, 0.00023699401936, 0.000162116688443, 0.000152063119458, 0.000136945440318, 0.000161692834808, 0.000109831140435, 9.82565543381e-05, 7.49959726818e-05, 5.76902057219e-05, 7.12519395165e-05, 8.26323230285e-05, 5.3023257351e-05, 6.27111076028e-05, 4.31763583038e-05, 3.90896348108e-05, 3.35634722433e-05, 3.55416013917e-05, 3.07381305902e-05, 2.86504855467e-05, 2.30175319302e-05, 2.80595868389e-05, 2.03204745048e-05, 1.54994013428e-05, 1.86897486856e-05, 1.26167988128e-05, 1.4018370166e-05, 1.53745077114e-05, 1.62584874488e-05, 1.42663857332e-05, 9.75182956608e-06, 7.7479344327e-06, 5.64138599657e-06, 4.464538506e-06, 3.87611089536e-06],
        "dvar": [1.07463465611e-05, 1.99801943381e-05, 1.24852595036e-05, 2.28602993957e-06, 2.29686420994e-07, 1.05095594449e-07, 1.0179733323e-07, 5.87531054919e-08, 4.63743852208e-08, 3.3535133781e-08, 2.877867189e-08, 1.69250959914e-08, 2.79782650381e-08, 7.80989850568e-09, 5.54760015703e-09, 8.16576317675e-09, 6.55043663755e-09, 3.67705843551e-09, 4.42758230079e-09, 2.83995049699e-09, 1.6428665095e-09, 1.58432045261e-09, 1.19662668663e-09, 8.07902467148e-10, 7.13859027446e-10, 4.52668513784e-10, 6.70904443112e-10, 3.45942413604e-10, 2.27012880716e-10, 3.87381959843e-10, 1.71157032991e-10, 2.21788740151e-10, 4.13349438011e-10, 5.9465959934e-10, 4.56945370431e-10, 1.75762127075e-10, 1.07402843563e-10, 5.45940445629e-11, 3.64480563786e-11, 2.80153938242e-11],
        "dvar2": [2.18159857468e-05, 4.31528605986e-05, 3.48851790477e-05, 6.49241701467e-06, 6.33334479971e-07, 2.88292199002e-07, 2.70350739129e-07, 1.57898668363e-07, 1.18573446173e-07, 8.90756552963e-08, 7.19939450278e-08, 4.4380506381e-08, 8.0331616914e-08, 2.01502903252e-08, 1.46757495045e-08, 2.0979808113e-08, 1.7101420724e-08, 9.23498966188e-09, 1.14037712606e-08, 6.74827882463e-09, 4.04731581582e-09, 4.14139478266e-09, 2.97816571404e-09, 2.09272377205e-09, 1.92340721128e-09, 1.17988208093e-09, 1.69237690528e-09, 8.76750450018e-10, 5.90524740218e-10, 1.05879593981e-09, 4.40005476499e-10, 5.48311451798e-10, 1.06796005372e-09, 1.55925072853e-09, 1.04309128002e-09, 4.17629125726e-10, 2.66771688073e-10, 1.33457161988e-10, 8.59654084029e-11, 6.84586831667e-11],
        "max": [0.0236771591008, 0.0327016115189, 0.026042714715, 0.0234554409981, 0.00828506331891, 0.00458976486698, 0.00551914656535, 0.0048454538919, 0.00298541923985, 0.0033125737682, 0.00261306995526, 0.00243801809847, 0.00576226739213, 0.00191084912512, 0.00187006697524, 0.00210582255386, 0.00153641472571, 0.00156555266585, 0.00142737745773, 0.00123482290655, 0.000894397904631, 0.00131867767777, 0.000754469365347, 0.000584376743063, 0.000369972985936, 0.000379197619623, 0.000393379334128, 0.000209356527193, 0.000257320760284, 0.000313347874908, 0.000215530206333, 0.000155367495609, 0.000257982406765, 0.000288196286419, 0.000227368611377, 0.00014985872258, 0.000116789859021, 9.06658315216e-05, 9.59625904215e-05, 5.51236116735e-05],
        "mean": [0.00457113096491, 0.00300281308591, 0.001425470924, 0.000725790800061, 0.000263768422883, 0.000164376106113, 0.000159822971909, 0.00011340517085, 9.46586078499e-05, 9.04886401258e-05, 0.000133148641908, 7.07512517693e-05, 5.62234818062e-05, 4.97575674672e-05, 3.80103119824e-05, 4.66396450065e-05, 6.46215630695e-05, 4.04694692406e-05, 5.05129100929e-05, 3.55351548933e-05, 3.31473456754e-05, 2.88382670988e-05, 3.25901382894e-05, 2.93323610094e-05, 2.59472599282e-05, 2.01317179744e-05, 2.52556947089e-05, 1.73327771336e-05, 1.35199152282e-05, 1.44240693771e-05, 1.08096573967e-05, 1.24066973513e-05, 1.16355167847e-05, 1.10988112283e-05, 1.02907060864e-05, 7.97791381046e-06, 6.45582622383e-06, 4.92318440592e-06, 4.08544701713e-06, 3.43075112141e-06],
        "median": [0.00207652756944, 0.000870668445714, 0.000166991492733, 0.000101092795376, 5.91520874877e-05, 5.07651166117e-05, 6.10350762145e-05, 3.80122255592e-05, 2.85603546217e-05, 3.15888391924e-05, 5.54195285076e-05, 2.88082719635e-05, 2.14572028199e-05, 1.69785125763e-05, 1.55444795382e-05, 2.04900352401e-05, 3.62030623364e-05, 2.1624204237e-05, 2.36656414927e-05, 1.69590148289e-05, 1.79249582288e-05, 1.60171875905e-05, 1.9993265596e-05, 1.95627071662e-05, 1.71415849763e-05, 1.27317071019e-05, 1.38914338095e-05, 1.03769561974e-05, 8.85971712705e-06, 8.8162450993e-06, 6.35215019429e-06, 7.08806146577e-06, 5.24711822436e-06, 4.65811717731e-06, 3.94012840843e-06, 3.62688774658e-06, 2.74041622106e-06, 2.07598645829e-06, 1.77002721102e-06, 1.42853241414e-06],
        "min": [1.1759741799e-24, 2.4966745564e-24, 2.22852594358e-24, 2.50505896454e-24, 2.23206674575e-24, 2.33734240292e-24, 2.93386758096e-24, 3.26176530761e-24, 2.25190008941e-24, 3.57080491989e-24, 5.55844725568e-24, 2.52098626343e-24, 3.94997683044e-24, 2.97826033398e-24, 3.21587588825e-24, 2.958332327e-24, 4.6478264586e-24, 3.31990218696e-24, 6.27555573955e-24, 5.49989208284e-24, 6.47094948602e-24, 3.68095751239e-24, 7.20027821417e-24, 5.40962312388e-24, 4.40951236799e-24, 3.99836910824e-24, 5.64917809269e-24, 4.62636037008e-24, 4.79585029101e-24, 5.31286223411e-24, 5.6577033125e-24, 7.0898242768e-24, 6.0713172846e-24, 6.91904693487e-24, 6.35421266597e-24, 6.49871620659e-24, 7.59921464027e-24, 6.69442746958e-24, 7.00392600169e-24, 6.44591537962e-24],
        "var": [2.80441709037e-05, 2.56229432125e-05, 9.58553391683e-06, 2.34858521253e-06, 2.76905325336e-07, 9.65805782016e-08, 9.17821481039e-08, 5.85438790779e-08, 4.49261818858e-08, 3.3402304922e-08, 3.92590457921e-08, 1.69570100184e-08, 1.89269080408e-08, 9.60609458645e-09, 5.5003614996e-09, 7.59479323875e-09, 7.638680799e-09, 4.02575661695e-09, 6.22177376286e-09, 4.08508693539e-09, 2.39159514415e-09, 1.88141835444e-09, 1.83791881714e-09, 1.28329857851e-09, 8.98603469413e-10, 5.97782601197e-10, 9.61509871722e-10, 4.50089882031e-10, 2.70064054453e-10, 3.68078456603e-10, 1.90751067719e-10, 2.63759569741e-10, 4.05186106889e-10, 5.136310266e-10, 4.71698236026e-10, 1.92474161609e-10, 1.20346801968e-10, 6.60555776744e-11, 4.56837866147e-11, 3.34920459422e-11]
    },
    "mfcc": {
        "mean": [-633.112792969, 66.0463562012, -5.97036123276, 23.0281028748, 4.49755954742, 9.35911083221, 3.65756058693, 7.46373224258, 3.86917948723, 7.29505109787, 2.78210759163, -0.635097324848, -1.87407422066],
        "cov": [[12419.8808594, 294.253143311, 1065.2142334, 411.263977051, 692.194580078, 328.22845459, 31.3117980957, 86.1856079102, -108.800064087, -56.5590667725, 68.4331359863, 162.130081177, 172.346542358], [294.253143311, 1752.57019043, 197.643951416, 487.834381104, 286.275756836, 100.971710205, 60.0820007324, 32.6928710938, 8.90253829956, -25.1439609528, 10.3287754059, 19.379442215, 2.65386605263], [1065.2142334, 197.643951416, 1239.10681152, 603.13671875, 633.951599121, 440.958587646, 245.72795105, 181.028717041, 93.3664016724, 55.2330360413, 71.3290710449, 85.9509506226, 44.918964386], [411.263977051, 487.834381104, 603.13671875, 710.112426758, 498.943572998, 313.783874512, 217.228027344, 136.941970825, 89.7180557251, 47.1313247681, 56.1632766724, 64.4134368896, 39.3857040405], [692.194580078, 286.275756836, 633.951599121, 498.943572998, 635.716369629, 385.373626709, 241.193344116, 170.861831665, 108.361122131, 74.3985290527, 88.2739105225, 98.6831970215, 63.8528709412], [328.22845459, 100.971710205, 440.958587646, 313.783874512, 385.373626709, 440.602020264, 285.614074707, 188.436126709, 105.862831116, 77.6234512329, 90.2304534912, 85.3061981201, 57.1874923706], [31.3117980957, 60.0820007324, 245.72795105, 217.228027344, 241.193344116, 285.614074707, 334.296325684, 210.548248291, 116.590797424, 80.0163345337, 87.2190246582, 75.7025680542, 46.0334663391], [86.1856079102, 32.6928710938, 181.028717041, 136.941970825, 170.861831665, 188.436126709, 210.548248291, 234.731674194, 132.690856934, 83.4727859497, 77.2590255737, 72.6374893188, 48.4435920715], [-108.800064087, 8.90253829956, 93.3664016724, 89.7180557251, 108.361122131, 105.862831116, 116.590797424, 132.690856934, 182.466766357, 122.642723083, 75.6701202393, 59.6339454651, 40.030254364], [-56.5590667725, -25.1439609528, 55.2330360413, 47.1313247681, 74.3985290527, 77.6234512329, 80.0163345337, 83.4727859497, 122.642723083, 159.376098633, 105.730674744, 66.2598495483, 46.8311958313], [68.4331359863, 10.3287754059, 71.3290710449, 56.1632766724, 88.2739105225, 90.2304534912, 87.2190246582, 77.2590255737, 75.6701202393, 105.730674744, 154.926528931, 108.355392456, 70.5274887085], [162.130081177, 19.379442215, 85.9509506226, 64.4134368896, 98.6831970215, 85.3061981201, 75.7025680542, 72.6374893188, 59.6339454651, 66.2598495483, 108.355392456, 164.042785645, 118.191711426], [172.346542358, 2.65386605263, 44.918964386, 39.3857040405, 63.8528709412, 57.1874923706, 46.0334663391, 48.4435920715, 40.030254364, 46.8311958313, 70.5274887085, 118.191711426, 143.570465088]],
