{
"lowlevel": {
    "average_loudness": 0.834147572517,
    "barkbands_crest": {
        "dmean": 2.92852258682,
        "dmean2": 4.64765644073,
        "dvar": 9.42149066925,
        "dvar2": 22.1553401947,
        "max": 25.7999477386,
        "mean": 11.6292409897,
        "median": 11.2663402557,
        "min": 2.0851495266,
        "var": 30.6281871796
    },
    "barkbands_flatness_db": {
        "dmean": 0.0276231132448,
        "dmean2": 0.042346470058,
        "dvar": 0.00101060594898,
        "dvar2": 0.00235249684192,
        "max": 0.380048811436,
        "mean": 0.119555823505,
        "median": 0.112786434591,
        "min": 0.0103649338707,
        "var": 0.00323392008431
    },
    "barkbands_kurtosis": {
        "dmean": 4.67245960236,
        "dmean2": 7.57650089264,
        "dvar": 155.329879761,
        "dvar2": 405.086853027,
        "max": 305.042388916,
        "mean": 5.1257481575,
        "median": 1.25854492188,
        "min": -1.95162653923,
        "var": 184.734405518
    },
    "barkbands_skewness": {
        "dmean": 0.770135819912,
        "dmean2": 1.18575060368,
        "dvar": 1.08280146122,
        "dvar2": 2.62395191193,
        "max": 16.6533470154,
        "mean": 1.67480313778,
        "median": 1.34179711342,
        "min": -2.35825657845,
        "var": 2.62715291977
    },
    "barkbands_spread": {
        "dmean": 9.15845298767,
        "dmean2": 14.5221357346,
        "dvar": 131.817749023,
        "dvar2": 330.394775391,
        "max": 117.232269287,
        "mean": 33.1459121704,
        "median": 31.7842445374,
        "min": 1.21511912346,
        "var": 346.911437988
    },
    "dissonance": {
        "dmean": 0.0100895157084,
        "dmean2": 0.0170936658978,
        "dvar": 0.000164896264323,
        "dvar2": 0.000466999073979,
        "max": 0.500000119209,
        "mean": 0.480220556259,
        "median": 0.489920884371,
        "min": 0.317727982998,
        "var": 0.00064072891837
    },
    "dynamic_complexity": 3.70502710342,
    "erbbands_crest": {
        "dmean": 1.93103933334,
        "dmean2": 3.17262887955,
        "dvar": 4.35230064392,
        "dvar2": 10.9383049011,
        "max": 30.0614299774,
        "mean": 6.7963347435,
        "median": 5.38707828522,
        "min": 2.21984791756,
        "var": 15.8699159622
    },
    "erbbands_flatness_db": {
        "dmean": 0.0134337190539,
        "dmean2": 0.0208491701633,
        "dvar": 0.000173167107278,
        "dvar2": 0.000418799114414,
        "max": 0.273676663637,
        "mean": 0.126275092363,
        "median": 0.118057504296,
        "min": 0.0297244358808,
        "var": 0.00158815493342
    },
    "erbbands_kurtosis": {
        "dmean": 0.80034917593,
        "dmean2": 1.31053566933,
        "dvar": 1.99524843693,
        "dvar2": 5.49870586395,
        "max": 36.2839393616,
        "mean": 0.322406113148,
        "median": -0.0799205303192,
        "min": -1.89547300339,
        "var": 3.70951128006
    },
    "erbbands_skewness": {
        "dmean": 0.330820888281,
        "dmean2": 0.527666091919,
        "dvar": 0.121426954865,
        "dvar2": 0.320289641619,
        "max": 4.86974477768,
        "mean": -0.142255753279,
        "median": -0.297002673149,
        "min": -4.45584344864,
        "var": 0.61679905653
    },
    "erbbands_spread": {
        "dmean": 10.8663234711,
        "dmean2": 16.9515533447,
        "dvar": 215.26083374,
        "dvar2": 465.920593262,
        "max": 177.320526123,
        "mean": 45.8937072754,
        "median": 41.2020683289,
        "min": 5.27755117416,
        "var": 550.144470215
    },
    "hfc": {
        "dmean": 12.9641981125,
        "dmean2": 20.8179206848,
        "dvar": 522.495605469,
        "dvar2": 1442.59655762,
        "max": 229.417663574,
        "mean": 38.9225997925,
        "median": 27.0630397797,
        "min": 1.13864931799e-16,
        "var": 1328.28051758
    },
    "melbands_crest": {
        "dmean": 3.91670179367,
        "dmean2": 6.35421943665,
        "dvar": 18.6382083893,
        "dvar2": 45.2619743347,
        "max": 37.4908065796,
        "mean": 19.2602138519,
        "median": 17.9331111908,
        "min": 1.94819962978,
        "var": 81.6454315186
    },
    "melbands_flatness_db": {
        "dmean": 0.0365420803428,
        "dmean2": 0.0560355149209,
        "dvar": 0.00179221620783,
        "dvar2": 0.00414588162675,
        "max": 0.486095935106,
        "mean": 0.185751900077,
        "median": 0.183539584279,
        "min": 0.00384415336885,
        "var": 0.00599572202191
    },
    "melbands_kurtosis": {
        "dmean": 20.9513263702,
        "dmean2": 33.1942672729,
        "dvar": 3017.70214844,
        "dvar2": 6958.55859375,
        "max": 852.346374512,
        "mean": 28.5143966675,
        "median": 9.45289802551,
        "min": -1.86497318745,
        "var": 3695.81005859
    },
    "melbands_skewness": {
        "dmean": 1.34757292271,
        "dmean2": 2.06342720985,
        "dvar": 4.1024928093,
        "dvar2": 9.13443851471,
        "max": 25.2630252838,
        "mean": 3.72853851318,
        "median": 2.94580459595,
        "min": -0.681342601776,
        "var": 9.58563137054
    },
    "melbands_spread": {
        "dmean": 12.1247406006,
        "dmean2": 19.7061214447,
        "dvar": 318.365783691,
        "dvar2": 809.834594727,
        "max": 209.058547974,
        "mean": 30.5277061462,
        "median": 23.62150383,
        "min": 0.541096925735,
        "var": 587.27935791
    },
    "pitch_salience": {
        "dmean": 0.0942479223013,
        "dmean2": 0.149959534407,
        "dvar": 0.0104634901509,
        "dvar2": 0.0242424272001,
        "max": 0.949585139751,
        "mean": 0.487676143646,
        "median": 0.499618947506,
        "min": 0.0395975075662,
        "var": 0.0300958026201
    },
    "silence_rate_20dB": {
        "dmean": 0,
        "dmean2": 0,
        "dvar": 0,
        "dvar2": 0,
        "max": 1,
        "mean": 1,
        "median": 1,
        "min": 1,
        "var": 0
    },
    "silence_rate_30dB": {
        "dmean": 0.0460012666881,
        "dmean2": 0.0920122414827,
        "dvar": 0.0438844375312,
        "dvar2": 0.100009433925,
        "max": 1,
        "mean": 0.951577186584,
        "median": 1,
        "min": 0,
        "var": 0.0460806526244
    },
    "silence_rate_60dB": {
        "dmean": 0.00717450957745,
        "dmean2": 0.0143505325541,
        "dvar": 0.00712231732905,
        "dvar2": 0.0170983485878,
        "max": 1,
        "mean": 0.0705770626664,
        "median": 0,
        "min": 0,
        "var": 0.0655936300755
    },
    "spectral_centroid": {
        "dmean": 346.322113037,
        "dmean2": 540.981140137,
        "dvar": 189140.6875,
        "dvar2": 423812.3125,
        "max": 11468.5898438,
        "mean": 2074.25561523,
        "median": 2225.29394531,
        "min": 195.739318848,
        "var": 855358
    },
    "spectral_complexity": {
        "dmean": 5.48069190979,
        "dmean2": 8.4893951416,
        "dvar": 44.0474052429,
        "dvar2": 96.3100280762,
        "max": 63,
        "mean": 28.7356262207,
        "median": 31,
        "min": 0,
        "var": 248.509567261
    },
    "spectral_decrease": {
        "dmean": 3.41076522581e-09,
        "dmean2": 5.22577581208e-09,
        "dvar": 2.99853005138e-17,
        "dvar2": 6.62943372535e-17,
        "max": 1.74686528373e-28,
        "mean": -1.05254631677e-08,
        "median": -6.66673916072e-09,
        "min": -5.39116946641e-08,
        "var": 8.67479528508e-17
    },
    "spectral_energy": {
        "dmean": 0.013087105006,
        "dmean2": 0.0199858509004,
        "dvar": 0.000427389633842,
        "dvar2": 0.000939717399888,
        "max": 0.212080419064,
        "mean": 0.0432558618486,
        "median": 0.0290070120245,
        "min": 1.03829350309e-20,
        "var": 0.00137108308263
    },
    "spectral_energyband_high": {
        "dmean": 0.00132459786255,
        "dmean2": 0.00216695130803,
        "dvar": 5.87232898397e-06,
        "dvar2": 1.61482694239e-05,
        "max": 0.0288985148072,
        "mean": 0.00316273304634,
        "median": 0.00169943831861,
        "min": 7.31809111306e-21,
        "var": 1.3494459381e-05
    },
    "spectral_energyband_low": {
        "dmean": 0.0110133010894,
        "dmean2": 0.0173529908061,
        "dvar": 0.000363970233593,
        "dvar2": 0.00082675088197,
        "max": 0.170256569982,
        "mean": 0.0269494298846,
        "median": 0.0118338763714,
        "min": 3.44181117353e-23,
        "var": 0.00095650635194
    },
    "spectral_energyband_middle_high": {
        "dmean": 0.00224016117863,
        "dmean2": 0.00365418219008,
        "dvar": 1.09210777737e-05,
        "dvar2": 3.10065188387e-05,
        "max": 0.0406101420522,
        "mean": 0.00586564932019,
        "median": 0.00494085159153,
        "min": 1.07366054318e-21,
        "var": 2.36692212638e-05
    },
    "spectral_energyband_middle_low": {
        "dmean": 0.00551820779219,
        "dmean2": 0.00850282981992,
        "dvar": 0.000240407302044,
        "dvar2": 0.000457357731648,
        "max": 0.201464548707,
        "mean": 0.00847589969635,
        "median": 0.00442388094962,
        "min": 1.95871512194e-22,
        "var": 0.000334159733029
    },
    "spectral_entropy": {
        "dmean": 0.118180446327,
        "dmean2": 0.187302410603,
        "dvar": 0.0188162848353,
        "dvar2": 0.048335403204,
        "max": 9.81518268585,
        "mean": 7.98626899719,
        "median": 8.0640745163,
        "min": 6.4921002388,
        "var": 0.168483763933
    },
    "spectral_flux": {
        "dmean": 0.0288695450872,
        "dmean2": 0.0439634211361,
        "dvar": 0.0016502608778,
        "dvar2": 0.00359360338189,
        "max": 0.428094863892,
        "mean": 0.100409068167,
        "median": 0.08519218117,
        "min": 6.61213653275e-11,
        "var": 0.00505848927423
    },
    "spectral_kurtosis": {
        "dmean": 0.90132445097,
        "dmean2": 1.56470167637,
        "dvar": 1.03919756413,
        "dvar2": 3.30924654007,
        "max": 13.9410419464,
        "mean": 2.93417906761,
        "median": 2.63777685165,
        "min": -1.27280759811,
        "var": 2.82447600365
    },
    "spectral_rms": {
        "dmean": 0.000919797457755,
        "dmean2": 0.00139634823427,
        "dvar": 1.56729856826e-06,
        "dvar2": 3.46005094798e-06,
        "max": 0.0143842874095,
        "mean": 0.00580743327737,
        "median": 0.00531972991303,
        "min": 3.18271776122e-12,
        "var": 8.47466981213e-06
    },
    "spectral_rolloff": {
        "dmean": 913.963684082,
        "dmean2": 1518.97387695,
        "dvar": 2167244.5,
        "dvar2": 5255270.5,
        "max": 19164.5507812,
        "mean": 1989.81774902,
        "median": 1335.05859375,
        "min": 43.06640625,
        "var": 4159871.5
    },
    "spectral_skewness": {
        "dmean": 0.145965993404,
        "dmean2": 0.244509860873,
        "dvar": 0.0184765011072,
        "dvar2": 0.0515742450953,
        "max": 2.63302969933,
        "mean": 1.23957765102,
        "median": 1.2066757679,
        "min": -0.323775351048,
        "var": 0.100997395813
    },
    "spectral_spread": {
        "dmean": 531456.9375,
        "dmean2": 821949.125,
        "dvar": 568060215296,
        "dvar2": 1.23367391232e+12,
        "max": 42181768,
        "mean": 5265028,
        "median": 4964956.5,
        "min": 1928941.375,
        "var": 3.4840140841e+12
    },
    "spectral_strongpeak": {
        "dmean": 0.292973935604,
        "dmean2": 0.490777879953,
        "dvar": 0.316282838583,
        "dvar2": 0.832285225391,
        "max": 8.01116371155,
        "mean": 0.544603586197,
        "median": 0.330833405256,
        "min": 0,
        "var": 0.455136746168
    },
    "zerocrossingrate": {
        "dmean": 0.015396005474,
        "dmean2": 0.0190695021302,
        "dvar": 0.000354001706,
        "dvar2": 0.000503737770487,
        "max": 0.68408203125,
        "mean": 0.0771338567138,
        "median": 0.06884765625,
        "min": 0.00390625,
        "var": 0.00230805343017
    },
    "barkbands": {
        "dmean": [0.00139489362482, 0.00857708603144, 0.00326581462286, 0.00328985601664, 0.00252827443182, 0.000455244560726, 0.000232554608374, 0.000347036693711, 0.000435043330071, 0.000390066503314, 0.000382078986149, 0.000405569764553, 0.000406919483794, 0.000341384264175, 0.00030809501186, 0.000350859743776, 0.00033071427606, 0.000314432196319, 0.000328602443915, 0.000316527381074, 0.000314839504426, 0.000318278413033, 0.000276243779808, 0.000228068398428, 0.000196729553863, 0.000113763926493, 2.59454991465e-05],
        "dmean2": [0.00231480202638, 0.0131867099553, 0.00555244553834, 0.00539866881445, 0.00416635116562, 0.000788132892922, 0.000392112357076, 0.000533824029844, 0.000707740487996, 0.000648215587717, 0.000633303890936, 0.000696488190442, 0.000692010682542, 0.000574311998207, 0.000515928666573, 0.000593885895796, 0.000556571409106, 0.00052886235062, 0.000557484279852, 0.000537514395546, 0.000532068195753, 0.000537741696462, 0.000464440032374, 0.000379105302272, 0.000312083138851, 0.000179832131835, 4.29329120379e-05],
        "dvar": [1.16963074106e-05, 0.000237110143644, 0.000122662488138, 0.000115757538879, 8.80298975972e-05, 1.13569365112e-06, 1.29666162252e-07, 4.24053297365e-07, 4.77324704207e-07, 4.17309450995e-07, 5.00162855133e-07, 4.94269329465e-07, 4.70551469789e-07, 3.32497933186e-07, 2.66998426923e-07, 2.87217574169e-07, 2.66270262728e-07, 2.15113061586e-07, 2.4908456453e-07, 2.38657349882e-07, 3.41766309475e-07, 3.39617031386e-07, 2.72425666026e-07, 2.01193472549e-07, 1.39390010645e-07, 4.64296547875e-08, 2.85254508903e-09],
        "dvar2": [3.23550775647e-05, 0.000526280142367, 0.000328952562995, 0.000255929859122, 0.000225280571613, 3.30303691953e-06, 3.3268636912e-07, 9.09365382995e-07, 1.14966007914e-06, 1.0758354847e-06, 1.30019896005e-06, 1.34535719098e-06, 1.27116732074e-06, 9.24450034745e-07, 7.02475574599e-07, 7.80509196829e-07, 7.29895305085e-07, 6.07506763117e-07, 7.22380775642e-07, 6.6387735842e-07, 9.57644942901e-07, 9.52894311013e-07, 7.73753868089e-07, 5.68906216358e-07, 3.44124970297e-07, 1.13713518601e-07, 7.41519290415e-09],
        "max": [0.0607039481401, 0.134988442063, 0.11667855829, 0.126313239336, 0.133076131344, 0.0122567042708, 0.0060738697648, 0.0154125625268, 0.0136034591123, 0.0129007874057, 0.0142387943342, 0.00976734794676, 0.00938476249576, 0.0118459165096, 0.0126873850822, 0.00785759557039, 0.00856878701597, 0.00606727832928, 0.00644657528028, 0.00815157406032, 0.0126024568453, 0.00850934162736, 0.00775565439835, 0.00444255163893, 0.00477920938283, 0.00223765103146, 0.00072673073737],
        "mean": [0.00328308274038, 0.0191601011902, 0.00342512968928, 0.00320777460001, 0.00257170386612, 0.000578181119636, 0.000351212423993, 0.000869990326464, 0.000708232808392, 0.000586501206271, 0.000558566185646, 0.000533560989425, 0.000606315559708, 0.000519205932505, 0.00048230329412, 0.00057317444589, 0.000578294391744, 0.000582163222134, 0.000619847734924, 0.000643244246021, 0.00063591793878, 0.000586546957493, 0.000476634071674, 0.000413160742028, 0.000424037250923, 0.000243852686253, 3.71264432033e-05],
        "median": [0.000175516877789, 0.00543126184493, 0.000739079958294, 0.000588132883422, 0.000684281054419, 0.000250938086538, 0.000170613886439, 0.000196319204406, 0.000343167572282, 0.00032672091038, 0.000268506468274, 0.000294019060675, 0.00031041103648, 0.000293669087114, 0.000263298861682, 0.000339047255693, 0.000378946628189, 0.000403861340601, 0.000466933386633, 0.00046903983457, 0.000395538605517, 0.000300972198602, 0.000184934891877, 0.000146697435412, 0.00012794205395, 5.93187505729e-05, 2.69414863396e-06],
        "min": [2.01442731896e-24, 1.04672715002e-23, 3.29622768233e-24, 1.01348510368e-24, 1.50885472673e-23, 2.32122005817e-23, 6.21862838118e-24, 1.29969693518e-23, 5.06580030715e-23, 1.13658795234e-23, 2.14419241352e-23, 1.92412830441e-23, 4.41285792709e-23, 4.46844548409e-23, 4.72595082503e-23, 8.36184481599e-23, 9.75498327203e-23, 8.59652083787e-23, 1.02168228356e-22, 2.33743424211e-22, 3.60876525375e-22, 4.08116621336e-22, 4.01034316482e-22, 6.71852814842e-22, 9.60252788727e-22, 1.39651190295e-21, 2.06203161623e-21],
        "var": [2.84208617813e-05, 0.000601174426265, 9.57385127549e-05, 0.000120773715025, 7.80246409704e-05, 1.02816613889e-06, 2.41342490881e-07, 3.47717718796e-06, 1.18442790153e-06, 7.28113548121e-07, 9.91575575426e-07, 5.42890688848e-07, 6.41309895855e-07, 4.6809444143e-07, 4.43689543772e-07, 4.81005372421e-07, 4.68097226758e-07, 3.88255642747e-07, 3.97720043566e-07, 4.89808769544e-07, 5.7279515886e-07, 5.41002407317e-07, 4.49144778258e-07, 3.70136234551e-07, 3.83809407367e-07, 1.21248746154e-07, 4.4993595516e-09]
    },
    "erbbands": {
        "dmean": [0.375788599253, 1.52495324612, 3.39518499374, 6.96713542938, 11.4380016327, 7.41705608368, 4.37975502014, 3.87362480164, 3.25130867958, 6.19952487946, 5.50963163376, 10.7102909088, 11.1474151611, 11.3467102051, 17.3485736847, 15.356013298, 18.018321991, 16.5107975006, 16.7985305786, 15.6101646423, 17.5834980011, 17.8206005096, 16.4317302704, 17.5136241913, 15.3554944992, 14.6436223984, 13.7635450363, 12.3442869186, 12.004357338, 9.33602714539, 7.63699388504, 5.30107498169, 3.75904345512, 2.39419007301, 1.38964629173, 0.623382627964, 0.19072277844, 0.0433468148112, 0.00419213343412, 6.81315359543e-05],
        "dmean2": [0.580235779285, 2.29416704178, 5.48432445526, 11.5372190475, 17.643655777, 13.1302967072, 7.82570886612, 6.58244419098, 5.60141372681, 9.53872871399, 8.92765045166, 17.2280101776, 18.3578109741, 19.0206413269, 28.6518344879, 26.1270236969, 30.5861949921, 27.6356372833, 27.9808120728, 26.1410522461, 29.4399471283, 29.8200206757, 27.5723724365, 29.4123363495, 26.0011005402, 24.8016052246, 23.2584590912, 20.7809944153, 20.3084278107, 15.6973218918, 12.9123783112, 8.85523033142, 6.23244142532, 3.8656244278, 2.20257043839, 0.99956703186, 0.302896142006, 0.070017658174, 0.00687381159514, 0.000109186687041],
        "dvar": [0.517680644989, 9.66087532043, 119.842597961, 374.098846436, 1804.25744629, 810.79095459, 189.490280151, 69.9959411621, 31.0015296936, 126.490478516, 86.5640335083, 311.000823975, 372.85357666, 414.285705566, 1077.67675781, 635.387695312, 925.544189453, 749.906616211, 783.18371582, 605.876464844, 697.952453613, 776.880187988, 545.829345703, 768.871887207, 598.090942383, 516.21661377, 621.601928711, 543.855712891, 461.338623047, 309.705230713, 219.74848938, 111.274871826, 54.2527313232, 20.8731479645, 6.98717403412, 1.40997314453, 0.129546403885, 0.00709255831316, 8.18198968773e-05, 1.78266787998e-08],
        "dvar2": [1.14724588394, 19.7895565033, 299.247619629, 924.97845459, 3594.88745117, 2323.65966797, 555.200866699, 203.725738525, 85.5071258545, 262.870422363, 209.990539551, 726.336181641, 923.40802002, 1136.05249023, 2818.68725586, 1717.00048828, 2486.42871094, 2080.88012695, 2085.30175781, 1619.05505371, 1917.47131348, 2129.28125, 1528.42956543, 2190.99389648, 1718.93896484, 1439.83361816, 1748.5690918, 1519.30456543, 1292.66931152, 869.612426758, 625.395141602, 306.783966064, 157.942138672, 53.7136039734, 17.3351135254, 3.56449627876, 0.315925002098, 0.018157845363, 0.000213398918277, 4.61314648703e-08],
        "max": [5.76975011826, 35.6173439026, 121.833953857, 189.70173645, 594.941040039, 390.193389893, 190.984588623, 116.86832428, 124.702598572, 292.114135742, 149.160247803, 399.4246521, 498.454681396, 413.458190918, 761.484130859, 333.311157227, 425.83026123, 671.731140137, 355.284851074, 449.033294678, 458.608001709, 436.696411133, 346.593139648, 372.611297607, 368.533660889, 330.176696777, 432.86895752, 572.770385742, 270.3621521, 226.280670166, 198.952926636, 171.915161133, 71.2077255249, 70.298210144, 30.6337547302, 14.604929924, 3.899974823, 1.07065474987, 0.183125168085, 0.00258092163131],
        "mean": [0.92600029707, 2.75930047035, 4.07699394226, 7.48863363266, 11.8554229736, 7.01812744141, 4.75298595428, 5.28370857239, 4.87881374359, 15.7264890671, 10.9553050995, 17.7136974335, 18.4690952301, 17.33162117, 26.0697975159, 22.1182880402, 27.5714378357, 27.1107654572, 26.8270797729, 26.9719924927, 31.2459945679, 32.9929885864, 31.9260578156, 32.3965682983, 30.8871746063, 29.859828949, 26.8769607544, 24.6016082764, 21.922082901, 16.7397060394, 13.0805921555, 9.23815822601, 6.74473237991, 4.84104013443, 2.92232203484, 1.29358494282, 0.399189293385, 0.081515006721, 0.00607536593452, 0.00015972595429],
        "median": [0.134996697307, 0.993224382401, 1.18157970905, 1.70916187763, 2.18559384346, 2.02875566483, 1.84491586685, 2.35359859467, 2.56905388832, 3.76598119736, 4.60256433487, 8.18751716614, 10.4164590836, 10.4508180618, 12.5590677261, 13.0838956833, 15.0332202911, 16.2308044434, 15.7216691971, 16.4615097046, 19.2793827057, 22.0992259979, 23.1887817383, 23.2970638275, 23.6553173065, 21.2853164673, 17.4043140411, 15.0178442001, 11.5146274567, 6.97472238541, 5.07121896744, 3.34903764725, 2.3149626255, 1.54495251179, 0.817997276783, 0.331633538008, 0.091505177319, 0.0138060534373, 0.000510216515977, 7.1300259151e-05],
        "min": [2.78528130651e-22, 2.42647919501e-21, 8.04019474622e-21, 6.1988874715e-21, 3.27464939444e-20, 5.79165563151e-20, 1.48423124036e-19, 1.20761920009e-19, 1.67926440218e-19, 2.16034140195e-19, 5.32385384659e-19, 1.01022896127e-18, 8.32437655539e-19, 1.33104568857e-18, 1.40558665588e-18, 1.2784163221e-18, 2.78627062583e-18, 2.52774545834e-18, 2.20648567242e-18, 4.97525977393e-18, 4.29640050343e-18, 6.27479443066e-18, 4.87779515031e-18, 6.43985211804e-18, 7.97748781896e-18, 1.0937947379e-17, 1.44302451953e-17, 1.2759798616e-17, 1.59261781721e-17, 9.8826030565e-18, 1.07609522346e-17, 1.42812716214e-17, 1.05549205691e-17, 9.40054866528e-18, 7.18785541595e-18, 4.69035767787e-18, 2.47916927687e-18, 1.08576244192e-18, 3.04159429416e-19, 3.13579064964e-20],
        "var": [1.71719110012, 18.3260555267, 111.21962738, 360.969085693, 2217.24658203, 524.705444336, 127.604995728, 77.034942627, 48.9277114868, 1066.67333984, 277.083251953, 827.320983887, 760.414245605, 536.079589844, 2362.80273438, 764.674438477, 1264.74938965, 1109.86474609, 1202.57739258, 1075.66601562, 1316.83068848, 1454.53051758, 1050.57910156, 1201.23742676, 1039.87011719, 1063.86755371, 1029.63110352, 858.147644043, 740.741455078, 515.780761719, 349.006164551, 187.966918945, 99.7205505371, 50.4071502686, 18.9182701111, 3.54950499535, 0.324273705482, 0.0151791609824, 0.00012348301243, 3.95256805064e-08]
    },
    "gfcc": {
        "mean": [15.5184087753, 56.158416748, -111.147102356, 47.5793457031, -46.6166381836, 26.0737514496, -25.7764644623, 14.9586076736, -21.6800880432, 5.38136196136, -18.517332077, 3.49522542953, -12.2080411911],
        "cov": [[16327.5732422, -3384.60083008, -277.912841797, -271.773193359, 455.683258057, 520.067077637, -98.7381896973, 538.597106934, -563.298095703, 486.814788818, -115.475578308, 303.426025391, -175.604904175], [-3384.60083008, 2815.20043945, -415.053161621, 66.9541244507, -319.184631348, -546.989501953, 7.89123153687, -172.65020752, 348.532409668, -314.919281006, 46.5280075073, -212.382385254, 96.9250488281], [-277.912841797, -415.053161621, 884.610107422, 245.962631226, 175.187744141, 213.033981323, 41.3042106628, 6.72322893143, -8.26005077362, 80.4177474976, 10.6235284805, 64.0377807617, -8.42835712433], [-271.773193359, 66.9541244507, 245.962631226, 346.498901367, 136.133178711, 85.3983612061, 59.1955833435, -5.62757444382, 8.68566608429, 13.6646547318, 25.9074687958, -7.47972345352, 20.6330013275], [455.683258057, -319.184631348, 175.187744141, 136.133178711, 317.72833252, 190.020172119, 86.034286499, 61.8154335022, -29.8488807678, 75.3777770996, 32.7462692261, 49.3213500977, 20.6271381378], [520.067077637, -546.989501953, 213.033981323, 85.3983612061, 190.020172119, 371.228942871, 147.859008789, 105.974502563, 4.72626829147, 108.096305847, 30.1602916718, 86.5258865356, 16.9439792633], [-98.7381896973, 7.89123153687, 41.3042106628, 59.1955833435, 86.034286499, 147.859008789, 230.676300049, 111.895492554, 116.605957031, 54.7063674927, 56.5420188904, 33.3888473511, 29.5936183929], [538.597106934, -172.65020752, 6.72322893143, -5.62757444382, 61.8154335022, 105.974502563, 111.895492554, 190.420623779, 85.2767486572, 91.7695617676, 43.2241783142, 42.5281791687, 2.95171880722], [-563.298095703, 348.532409668, -8.26005077362, 8.68566608429, -29.8488807678, 4.72626829147, 116.605957031, 85.2767486572, 232.333938599, 46.312084198, 64.5838699341, 1.11489999294, 23.102355957], [486.814788818, -314.919281006, 80.4177474976, 13.6646547318, 75.3777770996, 108.096305847, 54.7063674927, 91.7695617676, 46.312084198, 151.239212036, 63.0679397583, 66.1634979248, 12.4841327667], [-115.475578308, 46.5280075073, 10.6235284805, 25.9074687958, 32.7462692261, 30.1602916718, 56.5420188904, 43.2241783142, 64.5838699341, 63.0679397583, 99.1478118896, 48.6289863586, 31.5936584473], [303.426025391, -212.382385254, 64.0377807617, -7.47972345352, 49.3213500977, 86.5258865356, 33.3888473511, 42.5281791687, 1.11489999294, 66.1634979248, 48.6289863586, 104.80065918, 41.3561592102], [-175.604904175, 96.9250488281, -8.42835712433, 20.6330013275, 20.6271381378, 16.9439792633, 29.5936183929, 2.95171880722, 23.102355957, 12.4841327667, 31.5936584473, 41.3561592102, 76.9674072266]],
        "icov": [[0.000104705679405, 4.49430517619e-05, 0.000101892481325, -3.52019887941e-05, -6.37521516182e-05, 5.35862345714e-05, 5.99031482125e-05, -0.000300744606648, 0.000216128944885, -0.000223277878831, 0.000261708424659, -0.0002472360502, 0.000193440384464], [4.49430517619e-05, 0.00136619166005, 0.000193337720702, -0.000450866093161, -4.27648228651e-05, 0.00107598362956, 5.72434910282e-05, 0.000234327890212, -0.00205243239179, 0.00249427603558, -0.00124414323363, 0.00117984053213, -0.00164404988755], [0.000101892481325, 0.000193337720702, 0.00192068866454, -0.00133721868042, -0.000293149874778, -0.000430793734267, 0.000461002346128, 0.000486037170049, -0.000714131921995, -0.000396068266127, 0.00110134156421, -0.00180072826333, 0.0013293933589], [-3.52019887941e-05, -0.000450866093161, -0.00133721868042, 0.00497109303251, -0.00140198308509, -0.000576747581363, -0.000645712018013, 0.000470947095891, 0.00099858827889, -0.000340004829923, -0.00165059114806, 0.00306087755598, -0.00147040677257], [-6.37521516182e-05, -4.27648228651e-05, -0.000293149874778, -0.00140198308509, 0.00583477318287, -0.0017452754546, -0.000864733068738, -0.000658679520711, 0.00202112039551, -0.00107931578532, -0.00103583710734, 0.000993188237771, -0.00110967352521], [5.35862345714e-05, 0.00107598362956, -0.000430793734267, -0.000576747581363, -0.0017452754546, 0.00754209933802, -0.0037082019262, -0.000190409540664, -0.000391905021388, -0.000280036911136, 0.00197968562134, -0.00257827620953, -0.000149031591718], [5.99031482125e-05, 5.72434910282e-05, 0.000461002346128, -0.000645712018013, -0.000864733068738, -0.0037082019262, 0.0106771290302, -0.00342933670618, -0.00380267831497, 0.00288649601862, -0.00238096271642, 0.000997131806798, -0.00152276339941], [-0.000300744606648, 0.000234327890212, 0.000486037170049, 0.000470947095891, -0.000658679520711, -0.000190409540664, -0.00342933670618, 0.0118430992588, -0.00355512253009, -0.00316268485039, 0.000746211095247, -0.00125590502284, 0.00197714706883], [0.000216128944885, -0.00205243239179, -0.000714131921995, 0.00099858827889, 0.00202112039551, -0.000391905021388, -0.00380267831497, -0.00355512253009, 0.0128690674901, -0.00610453775153, -0.00140892609488, 0.00189879676327, 0.000560394255444], [-0.000223277878831, 0.00249427603558, -0.000396068266127, -0.000340004829923, -0.00107931578532, -0.000280036911136, 0.00288649601862, -0.00316268485039, -0.00610453775153, 0.0207753311843, -0.00937775336206, -0.0011635167757, -0.00130320643075], [0.000261708424659, -0.00124414323363, 0.00110134156421, -0.00165059114806, -0.00103583710734, 0.00197968562134, -0.00238096271642, 0.000746211095247, -0.00140892609488, -0.00937775336206, 0.0235799271613, -0.0102520426735, 0.00122906512115], [-0.0002472360502, 0.00117984053213, -0.00180072826333, 0.00306087755598, 0.000993188237771, -0.00257827620953, 0.000997131806798, -0.00125590502284, 0.00189879676327, -0.0011635167757, -0.0102520426735, 0.0266583785415, -0.0135984318331], [0.000193440384464, -0.00164404988755, 0.0013293933589, -0.00147040677257, -0.00110967352521, -0.000149031591718, -0.00152276339941, 0.00197714706883, 0.000560394255444, -0.00130320643075, 0.00122906512115, -0.0135984318331, 0.0237292144448]]
    },
    "melbands": {
        "dmean": [0.00276247388683, 0.00167244323529, 0.0013958500931, 0.000649359601084, 0.000179591152119, 8.49861098686e-05, 4.77260109619e-05, 7.45880388422e-05, 4.39681134594e-05, 7.13885528967e-05, 5.65178124816e-05, 4.71488128824e-05, 5.34162318218e-05, 4.84491101815e-05, 4.27280101576e-05, 4.06015642511e-05, 3.20379440382e-05, 2.86463400698e-05, 2.35089064518e-05, 2.52992922469e-05, 2.09021491173e-05, 2.00267659238e-05, 1.77896490641e-05, 1.50430787471e-05, 1.54295830725e-05, 1.26790801005e-05, 1.16145965876e-05, 1.04053642644e-05, 9.56295843935e-06, 8.0099734987e-06, 7.72421299189e-06, 7.32950366e-06, 6.32325418337e-06, 5.38628546565e-06, 4.82113591715e-06, 4.077488029e-06, 3.07259642796e-06, 2.84362727143e-06, 2.36743312598e-06, 2.05368019124e-06],
        "dmean2": [0.00427864026278, 0.00252479501069, 0.00223579490557, 0.0010299308924, 0.000321446219459, 0.000145508209243, 8.1880025391e-05, 0.000113944632176, 7.23229459254e-05, 0.000114645597932, 9.31708636926e-05, 7.8959223174e-05, 8.86983834789e-05, 8.2533370005e-05, 7.33946726541e-05, 6.83711623424e-05, 5.38885433343e-05, 4.77254325233e-05, 3.94686758227e-05, 4.29643623647e-05, 3.49475594703e-05, 3.34548749379e-05, 3.01922118524e-05, 2.54284277617e-05, 2.60019696725e-05, 2.16708413063e-05, 1.9771143343e-05, 1.76472112798e-05, 1.63318582054e-05, 1.35639656946e-05, 1.30534754135e-05, 1.24357984532e-05, 1.08343401735e-05, 9.08297351998e-06, 8.1930656961e-06, 6.93695346854e-06, 5.1127012739e-06, 4.79429900224e-06, 3.88164335163e-06, 3.35204185831e-06],
        "dvar": [2.50345419772e-05, 1.87026907952e-05, 1.77764868567e-05, 5.47933086636e-06, 3.54535131919e-07, 3.36001129142e-08, 6.33722452292e-09, 1.96936120744e-08, 5.40857492126e-09, 1.40137412785e-08, 9.64847135521e-09, 7.14105752309e-09, 9.33874044762e-09, 7.47818607039e-09, 4.87640239299e-09, 4.52741133472e-09, 2.93746915681e-09, 2.34210806305e-09, 1.71327252385e-09, 1.63527513752e-09, 9.9245478502e-10, 9.81293601932e-10, 7.13241576911e-10, 5.14043752009e-10, 6.04982564045e-10, 3.96703531136e-10, 3.63065272291e-10, 2.61368870991e-10, 3.04796798911e-10, 2.26742194465e-10, 2.0326476613e-10, 1.62604041343e-10, 1.45991357892e-10, 9.8882554922e-11, 8.83359219106e-11, 6.46798656301e-11, 3.74411820991e-11, 3.21469517672e-11, 2.0480266788e-11, 1.53313767931e-11],
        "dvar2": [5.71033997403e-05, 4.05317477998e-05, 3.86871506635e-05, 1.29145146275e-05, 1.04143055069e-06, 9.78740501978e-08, 1.73075740406e-08, 4.11132781153e-08, 1.34804354346e-08, 3.23657616264e-08, 2.39093669308e-08, 1.95717841933e-08, 2.42894415692e-08, 2.05383496876e-08, 1.34977256039e-08, 1.2146843531e-08, 8.19163314958e-09, 6.24113694059e-09, 4.46848602564e-09, 4.37600133907e-09, 2.70285749338e-09, 2.61148724867e-09, 2.04022776451e-09, 1.45228296056e-09, 1.71485559086e-09, 1.14424303366e-09, 1.0031564468e-09, 7.17106540815e-10, 8.65281679641e-10, 6.2852228977e-10, 5.64958080318e-10, 4.51931381207e-10, 4.13556744405e-10, 2.76385275777e-10, 2.53198434441e-10, 1.81934398102e-10, 1.01826311272e-10, 9.66608182384e-11, 5.44932363122e-11, 3.9668424795e-11],
        "max": [0.0431333035231, 0.0478717945516, 0.0469629727304, 0.0333790928125, 0.00792929902673, 0.00242854375392, 0.00171900936402, 0.0036409299355, 0.000962416699622, 0.00269202142954, 0.00244061672129, 0.001701056608, 0.00195566331968, 0.00129819801077, 0.000751882791519, 0.00090512924362, 0.00126455910504, 0.000729286286514, 0.00131516333204, 0.000702850811649, 0.00062933342997, 0.000533472339157, 0.000440509436885, 0.000283342145849, 0.000332691648509, 0.000346247776179, 0.000499747227877, 0.000281821296085, 0.000312173506245, 0.000335958378855, 0.000308278395096, 0.000151239932165, 0.000173142834683, 0.000124401820358, 0.000108202351839, 0.000150808729813, 9.88502506516e-05, 5.68206378375e-05, 5.03200462845e-05, 6.5627929871e-05],
        "mean": [0.0065593267791, 0.00263682799414, 0.00152964598965, 0.000678130600136, 0.000192125662579, 0.000115027658467, 6.9740563049e-05, 0.000192487976165, 7.7735632658e-05, 0.00011749487021, 9.13667390705e-05, 6.93267575116e-05, 7.88959368947e-05, 6.65132320137e-05, 5.80119449296e-05, 6.04458946327e-05, 4.91910941491e-05, 4.31485896115e-05, 3.66438398487e-05, 3.92481342715e-05, 3.53845680365e-05, 3.4301483538e-05, 3.12808988383e-05, 2.6870313377e-05, 2.61964996753e-05, 2.30048353842e-05, 2.14102237805e-05, 1.94961903617e-05, 1.71314914041e-05, 1.48243552758e-05, 1.41433101817e-05, 1.27569401229e-05, 1.0441583072e-05, 8.95595167094e-06, 7.78701632953e-06, 6.48569221084e-06, 5.26047597305e-06, 4.80088556287e-06, 4.27533086622e-06, 4.01564466301e-06],
        "median": [0.00140542874578, 0.00107355357613, 0.000337892910466, 0.000162014883244, 7.29093226255e-05, 5.17143380421e-05, 3.46986780642e-05, 4.16351613239e-05, 3.53016876034e-05, 5.17149019288e-05, 5.03081246279e-05, 3.89034939872e-05, 3.8278158172e-05, 3.48515495716e-05, 3.05097328237e-05, 3.09941533487e-05, 2.77579074464e-05, 2.40975059569e-05, 1.91326525965e-05, 2.32145503105e-05, 2.11242459045e-05, 2.19145840674e-05, 2.17709402932e-05, 1.8411763449e-05, 1.80727529369e-05, 1.68937876879e-05, 1.45951098602e-05, 1.30340513351e-05, 1.10335786303e-05, 8.84174187377e-06, 8.28698830446e-06, 6.61773265165e-06, 4.50794505014e-06, 3.44931504515e-06, 2.94138203571e-06, 2.36716277868e-06, 1.86002694136e-06, 1.6355313619e-06, 1.41526720654e-06, 1.23624431581e-06],
        "min": [3.78679976891e-24, 4.32985161606e-24, 1.6250384764e-24, 3.05505712639e-24, 6.6780988377e-24, 3.3011710792e-24, 2.55257856496e-24, 2.67709946999e-24, 4.12649589647e-24, 7.09758587925e-24, 3.33401924729e-24, 5.0957483859e-24, 3.79493016383e-24, 2.74558009074e-24, 5.63723828846e-24, 5.6014606854e-24, 4.42302003327e-24, 3.20080253129e-24, 3.78186149964e-24, 6.03967528483e-24, 4.95425079976e-24, 5.3198148597e-24, 3.68661088407e-24, 4.46574710648e-24, 3.74915808752e-24, 5.15274555846e-24, 3.68721909583e-24, 8.29174064061e-24, 8.20571614775e-24, 8.49354940396e-24, 6.78450276318e-24, 7.34979733242e-24, 6.37158377754e-24, 5.02337789203e-24, 5.80237448606e-24, 6.92464074755e-24, 7.80929224363e-24, 7.58982167347e-24, 7.91236402065e-24, 7.99848869884e-24],
        "var": [7.34054774512e-05, 2.63537567662e-05, 1.96873061213e-05, 5.71337932342e-06, 2.26686481142e-07, 3.55782567851e-08, 9.94555282574e-09, 1.73692527028e-07, 1.20271925752e-08, 3.85782712442e-08, 1.95637426259e-08, 9.25075305247e-09, 1.89602804568e-08, 9.49681577822e-09, 5.94853677427e-09, 6.39998187779e-09, 4.13595913074e-09, 3.41633876744e-09, 3.00184810342e-09, 2.50857090656e-09, 1.89058591005e-09, 1.77373338239e-09, 1.18169340979e-09, 8.65345961554e-10, 8.75663486166e-10, 6.18254170082e-10, 6.71055433443e-10, 5.03762587201e-10, 4.45754100298e-10, 3.48109735482e-10, 3.04023112241e-10, 2.54776061359e-10, 2.06818312476e-10, 1.61506502616e-10, 1.31766084155e-10, 9.34140473308e-11, 6.43922137833e-11, 5.27619892221e-11, 4.12171928532e-11, 3.5690575495e-11]
    },
    "mfcc": {
        "mean": [-624.330383301, 84.4793395996, -0.277756810188, 29.1748008728, 8.15268230438, 16.4739742279, 9.01191234589, 12.7237710953, 7.26440954208, 4.37589693069, 3.62164545059, 1.61348760128, -0.553701639175],
        "cov": [[12017.2226562, -1770.08105469, -689.473754883, -296.691436768, 81.5392684937, 125.991783142, 485.130187988, 9.12348747253, 5.8892660141, 78.0228500366, 14.8879976273, 98.8755111694, 102.614189148], [-1770.08105469, 1893.00317383, -115.522605896, 259.269989014, -251.463500977, -234.985702515, -387.162139893, 24.6025333405, -9.52975273132, -32.4965782166, -9.77426052094, -35.7582588196, -64.0322494507], [-689.473754883, -115.522605896, 628.748779297, 113.566696167, 145.960037231, 129.173751831, 40.6877441406, 29.934928894, 22.2380371094, 20.5707435608, 30.5171642303, 25.4270915985, 2.03489112854], [-296.691436768, 259.269989014, 113.566696167, 310.913604736, 78.6337509155, 17.2571258545, 7.67513990402, -7.31177854538, 1.99395680428, 3.5996389389, 8.3596124649, -3.14418077469, -5.65569257736], [81.5392684937, -251.463500977, 145.960037231, 78.6337509155, 246.088684082, 137.006500244, 126.635986328, 12.8747758865, 14.669752121, 8.05965709686, 6.4710149765, 11.0014610291, 20.5043563843], [125.991783142, -234.985702515, 129.173751831, 17.2571258545, 137.006500244, 236.997543335, 152.304992676, 62.5181655884, 53.0445785522, 29.1647701263, 30.5724277496, 24.0116558075, 29.6526966095], [485.130187988, -387.162139893, 40.6877441406, 7.67513990402, 126.635986328, 152.304992676, 245.43208313, 70.6153717041, 49.3810157776, 34.7593841553, 23.6578540802, 26.1542873383, 40.9639930725], [9.12348747253, 24.6025333405, 29.934928894, -7.31177854538, 12.8747758865, 62.5181655884, 70.6153717041, 139.767547607, 80.6747894287, 58.0254554749, 53.3488693237, 38.0690956116, 27.6577224731], [5.8892660141, -9.52975273132, 22.2380371094, 1.99395680428, 14.669752121, 53.0445785522, 49.3810157776, 80.6747894287, 112.012130737, 74.5855636597, 57.787776947, 42.3529396057, 28.5001049042], [78.0228500366, -32.4965782166, 20.5707435608, 3.5996389389, 8.05965709686, 29.1647701263, 34.7593841553, 58.0254554749, 74.5855636597, 110.845985413, 75.0046920776, 54.6224937439, 31.5211677551], [14.8879976273, -9.77426052094, 30.5171642303, 8.3596124649, 6.4710149765, 30.5724277496, 23.6578540802, 53.3488693237, 57.787776947, 75.0046920776, 104.017112732, 69.9162139893, 38.7404022217], [98.8755111694, -35.7582588196, 25.4270915985, -3.14418077469, 11.0014610291, 24.0116558075, 26.1542873383, 38.0690956116, 42.3529396057, 54.6224937439, 69.9162139893, 98.7338180542, 58.6142730713], [102.614189148, -64.0322494507, 2.03489112854, -5.65569257736, 20.5043563843, 29.6526966095, 40.9639930725, 27.6577224731, 28.5001049042, 31.5211677551, 38.7404022217, 58.6142730713, 83.1462783813]],
