{
"lowlevel": {
    "average_loudness": 0.878410935402,
    "barkbands_crest": {
        "dmean": 2.73107981682,
        "dmean2": 4.22267723083,
        "dvar": 8.86166095734,
        "dvar2": 20.915725708,
        "max": 25.5777416229,
        "mean": 10.5277118683,
        "median": 9.57102489471,
        "min": 3.01136183739,
        "var": 18.6867713928
    },
    "barkbands_flatness_db": {
        "dmean": 0.0214672982693,
        "dmean2": 0.0329766348004,
        "dvar": 0.000626175780781,
        "dvar2": 0.00133416685276,
        "max": 0.360261499882,
        "mean": 0.116150692105,
        "median": 0.112826533616,
        "min": 0.0220331382006,
        "var": 0.00230882666074
    },
    "barkbands_kurtosis": {
        "dmean": 3.40491247177,
        "dmean2": 5.43780899048,
        "dvar": 59.5628738403,
        "dvar2": 135.262466431,
        "max": 144.476547241,
        "mean": 4.72032165527,
        "median": 2.73148584366,
        "min": -1.56619393826,
        "var": 68.2072601318
    },
    "barkbands_skewness": {
        "dmean": 0.550840973854,
        "dmean2": 0.845641970634,
        "dvar": 0.632271468639,
        "dvar2": 1.29765379429,
        "max": 11.1595802307,
        "mean": 1.77702522278,
        "median": 1.59042370319,
        "min": -2.12804889679,
        "var": 1.21398472786
    },
    "barkbands_spread": {
        "dmean": 5.72270441055,
        "dmean2": 8.89124774933,
        "dvar": 51.6963310242,
        "dvar2": 118.128265381,
        "max": 88.8376922607,
        "mean": 22.5442295074,
        "median": 16.4710063934,
        "min": 1.58687245846,
        "var": 215.47567749
    },
    "dissonance": {
        "dmean": 0.0178574174643,
        "dmean2": 0.0295330286026,
        "dvar": 0.000275751634035,
        "dvar2": 0.000740016170312,
        "max": 0.499999940395,
        "mean": 0.456389635801,
        "median": 0.463750898838,
        "min": 0.297495931387,
        "var": 0.000905857770704
    },
    "dynamic_complexity": 2.30676937103,
    "erbbands_crest": {
        "dmean": 2.49249100685,
        "dmean2": 4.06730985641,
        "dvar": 6.46648025513,
        "dvar2": 16.8919219971,
        "max": 26.3246059418,
        "mean": 8.50752735138,
        "median": 7.73203325272,
        "min": 2.25280332565,
        "var": 15.4351224899
    },
    "erbbands_flatness_db": {
        "dmean": 0.0123473806307,
        "dmean2": 0.0183582026511,
        "dvar": 0.000153185799718,
        "dvar2": 0.000310793664539,
        "max": 0.388228863478,
        "mean": 0.137140184641,
        "median": 0.133464157581,
        "min": 0.0492043979466,
        "var": 0.00226870831102
    },
    "erbbands_kurtosis": {
        "dmean": 0.594734728336,
        "dmean2": 0.913639068604,
        "dvar": 0.587890982628,
        "dvar2": 1.24900007248,
        "max": 19.3356380463,
        "mean": 0.238972648978,
        "median": -0.172184705734,
        "min": -1.73523426056,
        "var": 2.63266468048
    },
    "erbbands_skewness": {
        "dmean": 0.275330066681,
        "dmean2": 0.425258785486,
        "dvar": 0.0691921412945,
        "dvar2": 0.170803323388,
        "max": 3.72008800507,
        "mean": 0.548602104187,
        "median": 0.565606176853,
        "min": -1.05724084377,
        "var": 0.33185300231
    },
    "erbbands_spread": {
        "dmean": 8.02472019196,
        "dmean2": 11.8088531494,
        "dvar": 92.6679458618,
        "dvar2": 180.023590088,
        "max": 127.060768127,
        "mean": 44.1811408997,
        "median": 38.9664459229,
        "min": 3.22137856483,
        "var": 496.037322998
    },
    "hfc": {
        "dmean": 7.00308132172,
        "dmean2": 11.0954694748,
        "dvar": 115.371246338,
        "dvar2": 289.873626709,
        "max": 134.928497314,
        "mean": 26.0825386047,
        "median": 20.257478714,
        "min": 1.01597935959e-16,
        "var": 406.615478516
    },
    "melbands_crest": {
        "dmean": 3.27679538727,
        "dmean2": 5.07917261124,
        "dvar": 11.3183813095,
        "dvar2": 25.5386295319,
        "max": 31.6513786316,
        "mean": 14.3483610153,
        "median": 13.3149518967,
        "min": 1.63751542568,
        "var": 28.6377010345
    },
    "melbands_flatness_db": {
        "dmean": 0.0253584086895,
        "dmean2": 0.0386471860111,
        "dvar": 0.00092019623844,
        "dvar2": 0.00188771018293,
        "max": 0.440567076206,
        "mean": 0.182481363416,
        "median": 0.180069699883,
        "min": 0.00198050239123,
        "var": 0.00294061168097
    },
    "melbands_kurtosis": {
        "dmean": 10.8462820053,
        "dmean2": 17.1329269409,
        "dvar": 798.88861084,
        "dvar2": 1735.68457031,
        "max": 462.211334229,
        "mean": 16.2843475342,
        "median": 8.72334766388,
        "min": -1.37924575806,
        "var": 883.609558105
    },
    "melbands_skewness": {
        "dmean": 0.85200303793,
        "dmean2": 1.2774258852,
        "dvar": 1.87496948242,
        "dvar2": 3.60795307159,
        "max": 17.0259246826,
        "mean": 2.88295435905,
        "median": 2.47863674164,
        "min": -0.429582536221,
        "var": 3.50190925598
    },
    "melbands_spread": {
        "dmean": 5.62833213806,
        "dmean2": 8.70842647552,
        "dvar": 51.7106666565,
        "dvar2": 114.763023376,
        "max": 168.202987671,
        "mean": 20.6556606293,
        "median": 16.9644794464,
        "min": 0.967901945114,
        "var": 214.28692627
    },
    "pitch_salience": {
        "dmean": 0.075247079134,
        "dmean2": 0.118859760463,
        "dvar": 0.00685030641034,
        "dvar2": 0.0157312955707,
        "max": 0.951340556145,
        "mean": 0.534898161888,
        "median": 0.548117816448,
        "min": 0.0877792686224,
        "var": 0.0142568927258
    },
    "silence_rate_20dB": {
        "dmean": 0,
        "dmean2": 0,
        "dvar": 0,
        "dvar2": 0,
        "max": 1,
        "mean": 1,
        "median": 1,
        "min": 1,
        "var": 0
    },
    "silence_rate_30dB": {
        "dmean": 0.0373352840543,
        "dmean2": 0.0746796801686,
        "dvar": 0.0359413102269,
        "dvar2": 0.0869139432907,
        "max": 1,
        "mean": 0.970355033875,
        "median": 1,
        "min": 0,
        "var": 0.0287680178881
    },
    "silence_rate_60dB": {
        "dmean": 0.00658857962117,
        "dmean2": 0.0131787676364,
        "dvar": 0.00654541188851,
        "dvar2": 0.0149583974853,
        "max": 1,
        "mean": 0.0283030383289,
        "median": 0,
        "min": 0,
        "var": 0.0275020711124
    },
    "spectral_centroid": {
        "dmean": 225.893264771,
        "dmean2": 348.692504883,
        "dvar": 79912.6953125,
        "dvar2": 176702.625,
        "max": 11597.2666016,
        "mean": 1276.04528809,
        "median": 1073.29321289,
        "min": 253.013137817,
        "var": 806344.25
    },
    "spectral_complexity": {
        "dmean": 3.49341130257,
        "dmean2": 5.561439991,
        "dvar": 14.6247720718,
        "dvar2": 34.068523407,
        "max": 53,
        "mean": 20.6042461395,
        "median": 19,
        "min": 0,
        "var": 72.7490158081
    },
    "spectral_decrease": {
        "dmean": 3.13022630039e-09,
        "dmean2": 4.9114432521e-09,
        "dvar": 3.03908936379e-17,
        "dvar2": 6.03226292439e-17,
        "max": 1.7252446738e-28,
        "mean": -8.4938927003e-09,
        "median": -6.96856616855e-09,
        "min": -5.48655947341e-08,
        "var": 5.44200305201e-17
    },
    "spectral_energy": {
        "dmean": 0.0121396575123,
        "dmean2": 0.0190281830728,
        "dvar": 0.000444418052211,
        "dvar2": 0.000882440363057,
        "max": 0.209486827254,
        "mean": 0.034423686564,
        "median": 0.0290394183248,
        "min": 9.76716934285e-21,
        "var": 0.000829196593259
    },
    "spectral_energyband_high": {
        "dmean": 0.00058290612651,
        "dmean2": 0.000942873710301,
        "dvar": 1.01421949239e-06,
        "dvar2": 2.54391216004e-06,
        "max": 0.0116801466793,
        "mean": 0.0015850525815,
        "median": 0.000557906285394,
        "min": 7.10900828854e-21,
        "var": 3.77415267394e-06
    },
    "spectral_energyband_low": {
        "dmean": 0.00730591407046,
        "dmean2": 0.0113870948553,
        "dvar": 0.000398391566705,
        "dvar2": 0.000752697174903,
        "max": 0.200729086995,
        "mean": 0.011689344421,
        "median": 0.00364145287313,
        "min": 1.57257181091e-23,
        "var": 0.000601368839853
    },
    "spectral_energyband_middle_high": {
        "dmean": 0.00153216172475,
        "dmean2": 0.00242549483664,
        "dvar": 4.23014080297e-06,
        "dvar2": 1.05681019704e-05,
        "max": 0.0263690762222,
        "mean": 0.00475532142445,
        "median": 0.00405599549413,
        "min": 1.28842235842e-21,
        "var": 1.10944065455e-05
    },
    "spectral_energyband_middle_low": {
        "dmean": 0.00797378085554,
        "dmean2": 0.0131764793769,
        "dvar": 0.000222003407544,
        "dvar2": 0.000594456039835,
        "max": 0.137385219336,
        "mean": 0.017509020865,
        "median": 0.0140140214935,
        "min": 1.87525868687e-22,
        "var": 0.000234491206356
    },
    "spectral_entropy": {
        "dmean": 0.148225516081,
        "dmean2": 0.225993335247,
        "dvar": 0.0227726455778,
        "dvar2": 0.0542503334582,
        "max": 9.81669521332,
        "mean": 7.62821531296,
        "median": 7.66979551315,
        "min": 5.07537126541,
        "var": 0.231693312526
    },
    "spectral_flux": {
        "dmean": 0.0304294098169,
        "dmean2": 0.0460693798959,
        "dvar": 0.0017491527833,
        "dvar2": 0.00319193536416,
        "max": 0.427181452513,
        "mean": 0.0911308601499,
        "median": 0.0772706568241,
        "min": 6.39382227718e-11,
        "var": 0.00486149825156
    },
    "spectral_kurtosis": {
        "dmean": 0.942125320435,
        "dmean2": 1.54217278957,
        "dvar": 1.43735015392,
        "dvar2": 3.49246120453,
        "max": 56.2973442078,
        "mean": 3.94951891899,
        "median": 3.5166425705,
        "min": -1.26889359951,
        "var": 7.19512033463
    },
    "spectral_rms": {
        "dmean": 0.000866465561558,
        "dmean2": 0.00133637967519,
        "dvar": 1.42429121297e-06,
        "dvar2": 2.77591038866e-06,
        "max": 0.0142960622907,
        "mean": 0.00537170469761,
        "median": 0.00532270036638,
        "min": 3.08689900898e-12,
        "var": 4.72874671686e-06
    },
    "spectral_rolloff": {
        "dmean": 509.777954102,
        "dmean2": 837.263000488,
        "dvar": 696493.1875,
        "dvar2": 1525387.25,
        "max": 19487.5488281,
        "mean": 1466.26525879,
        "median": 1033.59375,
        "min": 86.1328125,
        "var": 3005251.5
    },
    "spectral_skewness": {
        "dmean": 0.141608968377,
        "dmean2": 0.223853543401,
        "dvar": 0.0188473649323,
        "dvar2": 0.0442668385804,
        "max": 5.95574235916,
        "mean": 1.54195570946,
        "median": 1.54237031937,
        "min": -0.0681578889489,
        "var": 0.207371860743
    },
    "spectral_spread": {
        "dmean": 457791.28125,
        "dmean2": 688144.75,
        "dvar": 503044210688,
        "dvar2": 965019828224,
        "max": 42289364,
        "mean": 5521233.5,
        "median": 5255827.5,
        "min": 1420247.75,
        "var": 8.65399000269e+12
    },
    "spectral_strongpeak": {
        "dmean": 0.455478876829,
        "dmean2": 0.769668757915,
        "dvar": 0.339783936739,
        "dvar2": 0.840199768543,
        "max": 6.09330224991,
        "mean": 0.939889490604,
        "median": 0.761060893536,
        "min": 0,
        "var": 0.581877052784
    },
    "zerocrossingrate": {
        "dmean": 0.0102524170652,
        "dmean2": 0.0127865932882,
        "dvar": 0.000139787109219,
        "dvar2": 0.00020249793306,
        "max": 0.61328125,
        "mean": 0.0606966279447,
        "median": 0.04833984375,
        "min": 0.00732421875,
        "var": 0.00206935661845
    },
    "barkbands": {
        "dmean": [0.00029942652327, 0.00549723766744, 0.0035233728122, 0.00171604356728, 0.00515985768288, 0.00144285534043, 0.000762480776757, 0.00112815003376, 0.000677040719893, 0.000479702750454, 0.000573753553908, 0.000287984497845, 0.000258581538219, 0.000297084014164, 0.000174779284862, 0.000187811470823, 0.000171195220901, 0.000137074981467, 0.000152232954861, 0.000117436233268, 0.000126822065795, 0.000158867493155, 0.00011863365944, 0.00010702938016, 8.22033980512e-05, 4.55729641544e-05, 1.12184416139e-05],
        "dmean2": [0.000496287248097, 0.00909015629441, 0.00598010327667, 0.00315356324427, 0.00840606633574, 0.00231705256738, 0.00122422224376, 0.00160786195192, 0.000955667113885, 0.000706841121428, 0.000881443032995, 0.000460780749563, 0.000429729610914, 0.000485621625558, 0.000287157774437, 0.000313091877615, 0.000279641768429, 0.000228396122111, 0.000260419823462, 0.000194062420633, 0.000211030928767, 0.00027190943365, 0.00019217353838, 0.000175040389877, 0.000130946064019, 7.15986971045e-05, 1.76599533006e-05],
        "dvar": [6.39176278128e-07, 0.000254782935372, 0.000154946508701, 4.43845783593e-05, 0.000168067897903, 8.12400230643e-06, 2.75804177363e-06, 3.50712980435e-06, 1.80156689567e-06, 8.93101343991e-07, 9.21952278077e-07, 2.97427789064e-07, 3.08680085936e-07, 5.01497140704e-07, 9.85545938192e-08, 1.06507052067e-07, 8.72913759054e-08, 5.70101263975e-08, 6.76381546327e-08, 3.36424292868e-08, 4.39734648694e-08, 7.99273820462e-08, 4.22883275064e-08, 3.72981361352e-08, 2.15472439891e-08, 6.97447211095e-09, 4.40010750058e-10],
        "dvar2": [1.79690584901e-06, 0.000641041493509, 0.000407568382798, 0.000128581144963, 0.000438914983533, 2.04515199584e-05, 6.64083609081e-06, 6.82895733917e-06, 3.04671016238e-06, 2.12438544622e-06, 2.23186566473e-06, 7.12701137218e-07, 8.30275268981e-07, 1.26005193124e-06, 2.57178697893e-07, 2.94357761277e-07, 2.25388689046e-07, 1.47585481614e-07, 1.89119845118e-07, 9.02882391074e-08, 1.16200780553e-07, 2.27227062055e-07, 1.01711741252e-07, 9.33002226589e-08, 5.39368905095e-08, 1.63616764581e-08, 1.04231467901e-09],
        "max": [0.0155451865867, 0.157134145498, 0.11986130476, 0.0719550475478, 0.129470989108, 0.0507410168648, 0.0307856500149, 0.0375042408705, 0.0337250307202, 0.0221132431179, 0.0156659856439, 0.0104836560786, 0.0080491034314, 0.0180790610611, 0.00654368987307, 0.00461026281118, 0.00559086631984, 0.00717636756599, 0.00327638164163, 0.00294055184349, 0.00402826350182, 0.00334762549028, 0.00231557362713, 0.0021276876796, 0.00174360896926, 0.000793882005382, 0.000211447360925],
        "mean": [0.000412902096286, 0.00707786763087, 0.00339982355945, 0.00153155589942, 0.00768734887242, 0.00278424657881, 0.00128291279543, 0.00213961792178, 0.00141090177931, 0.00104661413934, 0.00101812125649, 0.00050134625053, 0.000394494243665, 0.000445041543571, 0.000308167946059, 0.000333858159138, 0.000336506374879, 0.000285841961158, 0.000311487761792, 0.000286986527499, 0.000321680272464, 0.000336736033205, 0.000265955139184, 0.000231093916227, 0.000161246192874, 9.15697091841e-05, 1.97832523554e-05],
        "median": [5.39362117706e-05, 0.00167332438286, 0.000340856262483, 0.000320354563883, 0.00423114141449, 0.00133447989356, 0.000624268141109, 0.0012725063134, 0.000559752632398, 0.000429743377026, 0.000454612658359, 0.000260756554781, 0.000189072816283, 0.00024435116211, 0.000174262939254, 0.000177473993972, 0.000186281307833, 0.000148872160935, 0.000154151042807, 0.000141415584949, 0.000123345977045, 0.000101809884654, 6.70978042763e-05, 6.40042417217e-05, 4.59717557533e-05, 2.48300912062e-05, 4.94203095514e-06],
        "min": [5.26593003924e-25, 1.62874888367e-24, 1.53499089154e-24, 1.94883669014e-24, 8.75867214357e-24, 8.28955076273e-24, 5.09488892195e-24, 6.13011621546e-24, 1.81205925323e-23, 3.16920703487e-23, 1.23274047259e-23, 1.59018076403e-23, 3.4104621567e-23, 3.47858881557e-23, 3.55974303896e-23, 7.24799783027e-23, 1.05198602814e-22, 9.33456647902e-23, 1.03183870994e-22, 1.64513180495e-22, 2.75271359424e-22, 3.38245052637e-22, 4.54679634827e-22, 5.97171996656e-22, 8.47608904068e-22, 1.35469192512e-21, 2.00747889327e-21],
        "var": [8.94606841939e-07, 0.000255296210526, 0.000118880110676, 2.62945977738e-05, 0.000158657712745, 1.68010519701e-05, 4.4202843128e-06, 8.07758169685e-06, 6.3806437538e-06, 2.93491007142e-06, 2.05212768378e-06, 5.18129297689e-07, 3.74607026288e-07, 6.10516451616e-07, 1.67707725041e-07, 2.16308848167e-07, 1.84507811696e-07, 1.28060449356e-07, 1.33349857379e-07, 1.05157418773e-07, 1.55947603275e-07, 1.94276353227e-07, 1.3921285813e-07, 1.01592675605e-07, 4.93568848015e-08, 1.48200633987e-08, 7.72799713111e-10]
    },
    "erbbands": {
        "dmean": [0.121916852891, 1.36982417107, 3.83401536942, 5.12834596634, 7.24315643311, 25.0156345367, 17.5959892273, 9.45658969879, 9.57757663727, 21.7599239349, 17.9332447052, 14.311914444, 16.168636322, 12.8908405304, 22.9175415039, 12.5841226578, 11.9949045181, 15.3812913895, 9.37793445587, 8.33749389648, 8.1987323761, 7.74733400345, 7.30895185471, 7.04133987427, 7.67988967896, 5.41007614136, 4.89081382751, 5.32764291763, 5.33011960983, 5.03532838821, 3.38777685165, 2.42559409142, 1.782969594, 1.04583096504, 0.534898042679, 0.237935140729, 0.0768254250288, 0.019174490124, 0.00194648443721, 3.88299158658e-05],
        "dmean2": [0.200187057257, 2.25041747093, 6.2094335556, 9.25165367126, 12.0517683029, 41.6582603455, 28.3729743958, 14.7809276581, 15.2292194366, 32.35754776, 25.5801868439, 20.5747032166, 23.2703304291, 19.8086471558, 35.7924575806, 19.9772624969, 19.8121013641, 25.1918411255, 15.3587846756, 13.6814661026, 13.6345319748, 12.6536502838, 12.1999883652, 11.9372663498, 13.3195934296, 8.99972915649, 8.06243801117, 9.02495861053, 9.18263626099, 8.5258846283, 5.41859960556, 3.93512415886, 2.96654224396, 1.70138525963, 0.849709272385, 0.375867515802, 0.121468655765, 0.0302950646728, 0.00306799542159, 5.94998637098e-05],
        "dvar": [0.0633814930916, 19.0803451538, 169.515457153, 386.54876709, 297.015106201, 4994.24121094, 1135.640625, 300.464385986, 415.527832031, 1669.43115234, 918.177429199, 699.807128906, 1077.5970459, 592.392333984, 1902.3671875, 553.126708984, 640.713012695, 862.156066895, 397.801574707, 161.140930176, 160.722839355, 182.626541138, 142.216827393, 157.102371216, 201.058364868, 77.9751586914, 64.6488342285, 82.4360046387, 88.2484970093, 82.6186676025, 33.8478240967, 18.1787281036, 10.93105793, 3.75713038445, 0.859550237656, 0.181966423988, 0.0207608174533, 0.00127123284619, 1.37855395224e-05, 4.17435108702e-09],
        "dvar2": [0.165007665753, 46.4731254578, 407.928283691, 1099.83935547, 802.297485352, 13209.1992188, 2931.82373047, 742.722351074, 1038.8104248, 3687.24633789, 1639.70532227, 1364.9777832, 2360.90209961, 1552.97497559, 4597.88378906, 1326.49536133, 1713.51867676, 2215.90844727, 921.877258301, 430.674682617, 431.334594727, 456.086364746, 384.064056396, 424.605407715, 565.500793457, 206.223205566, 168.565734863, 221.402786255, 249.829727173, 226.145477295, 79.5813446045, 44.7398872375, 28.8441982269, 9.75301837921, 2.04714131355, 0.424437075853, 0.0502020269632, 0.00300013576634, 3.27574271068e-05, 9.36557409403e-09],
        "max": [3.12327361107, 43.5953865051, 127.538909912, 197.733657837, 197.248977661, 704.445495605, 470.886444092, 498.885223389, 371.351806641, 686.248657227, 772.697021484, 707.062805176, 865.993530273, 550.906188965, 766.244689941, 485.252319336, 340.709472656, 674.121948242, 520.386413574, 184.457565308, 197.821929932, 282.449401855, 285.393829346, 276.804626465, 193.460540771, 166.267303467, 154.963729858, 125.513244629, 97.6063461304, 114.414749146, 63.2193527222, 48.2174186707, 35.4101333618, 23.0394172668, 10.7604789734, 4.33766078949, 1.40992867947, 0.316308706999, 0.0384632088244, 0.000628135807347],
        "mean": [0.206208795309, 1.55517625809, 3.94554305077, 4.87095069885, 9.46521186829, 33.5442810059, 30.7823867798, 19.7385692596, 18.1883411407, 39.1878089905, 38.1014480591, 31.4706439972, 37.5700187683, 27.3037834167, 37.2430381775, 23.6584224701, 19.4808578491, 25.1001930237, 16.8116359711, 17.1971073151, 16.8578891754, 16.3548488617, 16.5452346802, 15.0751104355, 16.5027389526, 13.6382789612, 13.1530885696, 12.0987186432, 11.6863632202, 10.4501876831, 7.59186601639, 5.31567239761, 3.50363993645, 2.00595355034, 1.05161952972, 0.463233739138, 0.152533426881, 0.0380571447313, 0.00324876816012, 9.33994160732e-05],
        "median": [0.0545182302594, 0.283289283514, 0.449172228575, 1.10404002666, 3.55612778664, 16.2741527557, 16.3384361267, 9.97713661194, 8.55429935455, 20.4142112732, 20.6412467957, 14.5997190475, 14.8008890152, 15.2339372635, 15.3687582016, 13.1592235565, 10.3632287979, 15.1656913757, 10.3311948776, 10.8111181259, 9.98008346558, 10.0440864563, 9.30647850037, 8.1904964447, 7.49172449112, 6.77236461639, 5.30335092545, 4.67609548569, 3.66103553772, 2.75245761871, 1.93267977238, 1.46127319336, 0.952193617821, 0.56474506855, 0.301283299923, 0.122858308256, 0.0430354960263, 0.0102654369548, 0.000807357137091, 5.44614485989e-05],
        "min": [6.68640270314e-23, 6.58485648845e-22, 2.27661793832e-21, 6.08510570863e-21, 1.32662903524e-20, 2.42980088255e-20, 6.31578570196e-20, 5.8925949307e-20, 7.21200358392e-20, 2.40251145097e-19, 2.55894086908e-19, 4.69438542706e-19, 8.32327020132e-19, 8.94508564921e-19, 1.04321713089e-18, 1.22370959491e-18, 1.66233338505e-18, 1.81632794533e-18, 1.43170457353e-18, 3.19481244203e-18, 4.25673512511e-18, 5.91473429055e-18, 5.30101507969e-18, 6.48506498314e-18, 6.85391226291e-18, 8.28050392967e-18, 7.84989686383e-18, 1.148281373e-17, 1.11166986278e-17, 1.23663642197e-17, 1.13963617754e-17, 1.28043811695e-17, 1.00641485214e-17, 8.26491322949e-18, 6.4995476749e-18, 4.20437872823e-18, 2.57376937403e-18, 1.05061005762e-18, 2.85493064918e-19, 2.88479594057e-20],
        "var": [0.114971458912, 17.9367809296, 153.695449829, 240.773574829, 276.058166504, 4199.39599609, 1906.53125, 680.061523438, 830.201965332, 3370.78076172, 3051.66918945, 2203.27270508, 4094.74975586, 1452.40881348, 3431.1862793, 1010.68884277, 766.267150879, 1159.76745605, 580.408630371, 337.664611816, 355.543823242, 372.143310547, 396.204986572, 355.846923828, 413.334259033, 245.863128662, 258.258544922, 223.615615845, 224.051879883, 205.341217041, 115.232131958, 53.6381721497, 24.6326122284, 7.94854354858, 2.10480880737, 0.405419379473, 0.04055891186, 0.00250136666, 2.21997415792e-05, 8.8499536588e-09]
    },
    "gfcc": {
        "mean": [25.0638484955, 64.6523208618, -110.865562439, 14.8864603043, -68.6659851074, 2.86633682251, -41.7874107361, 2.42342591286, -27.9529685974, 3.14010977745, -19.234910965, 5.04883909225, -11.4801940918],
        "cov": [[13188.5234375, -268.113830566, 524.623413086, 1372.78222656, 95.8028030396, 725.106262207, 40.1142234802, 474.525085449, -0.89801377058, 258.463317871, -167.878585815, -12.3365783691, -236.771072388], [-268.113830566, 702.421508789, -194.976608276, -162.74041748, 2.86533641815, -85.4321212769, 24.2317829132, -42.1312522888, -39.8506813049, -59.0778770447, 10.4747486115, -30.3063430786, 13.2883415222], [524.623413086, -194.976608276, 838.148010254, 683.271118164, 376.069610596, 336.711395264, 195.36315918, 212.749420166, 166.690460205, 137.990127563, 48.8437995911, -15.7507257462, -46.3978157043], [1372.78222656, -162.74041748, 683.271118164, 830.267822266, 375.147369385, 368.442199707, 191.710296631, 245.647232056, 174.543518066, 149.070999146, 44.6597900391, -14.1091356277, -49.0893669128], [95.8028030396, 2.86533641815, 376.069610596, 375.147369385, 311.635864258, 210.353607178, 157.503494263, 133.679763794, 97.4764938354, 69.2501449585, 34.1014823914, -15.892824173, -25.9599761963], [725.106262207, -85.4321212769, 336.711395264, 368.442199707, 210.353607178, 279.596618652, 156.889144897, 155.285675049, 99.8173751831, 89.4678115845, 38.6295433044, 10.6150064468, -19.8470554352], [40.1142234802, 24.2317829132, 195.36315918, 191.710296631, 157.503494263, 156.889144897, 173.381347656, 123.893409729, 78.7518157959, 46.4705963135, 29.4750881195, 3.33255696297, -7.05635738373], [474.525085449, -42.1312522888, 212.749420166, 245.647232056, 133.679763794, 155.285675049, 123.893409729, 165.648620605, 106.143623352, 76.49269104, 27.695022583, 6.29390907288, -10.8404855728], [-0.89801377058, -39.8506813049, 166.690460205, 174.543518066, 97.4764938354, 99.8173751831, 78.7518157959, 106.143623352, 142.722061157, 97.064414978, 56.0415077209, 20.4006786346, 7.18546628952], [258.463317871, -59.0778770447, 137.990127563, 149.070999146, 69.2501449585, 89.4678115845, 46.4705963135, 76.49269104, 97.064414978, 112.012001038, 59.5678329468, 23.0179347992, -0.37493827939], [-167.878585815, 10.4747486115, 48.8437995911, 44.6597900391, 34.1014823914, 38.6295433044, 29.4750881195, 27.695022583, 56.0415077209, 59.5678329468, 82.5536804199, 49.6509132385, 26.2378387451], [-12.3365783691, -30.3063430786, -15.7507257462, -14.1091356277, -15.892824173, 10.6150064468, 3.33255696297, 6.29390907288, 20.4006786346, 23.0179347992, 49.6509132385, 79.3790130615, 49.8719139099], [-236.771072388, 13.2883415222, -46.3978157043, -49.0893669128, -25.9599761963, -19.8470554352, -7.05635738373, -10.8404855728, 7.18546628952, -0.37493827939, 26.2378387451, 49.8719139099, 76.8846893311]],
        "icov": [[0.00022385311604, -0.000231992526096, 0.000249362841714, -0.000564263144042, 0.00056380382739, -0.000669639382977, 0.00061805662699, -0.000731555046514, 0.000962405232713, -0.00106778170448, 0.0012581043411, -0.000968099047896, 0.000594233046286], [-0.000231992526096, 0.00225078896619, 0.000466707191663, 0.000510452722665, -0.00139508978464, 0.00148368824739, -0.00168225599919, 0.000644405838102, -0.000655956333503, 0.00230992399156, -0.00381415919401, 0.00333578255959, -0.0014370623976], [0.000249362841714, 0.000466707191663, 0.00475050415844, -0.0030254854355, -0.00144888018258, -0.00107307033613, 0.000107887659397, 0.000137784067192, 0.000402076373575, -0.001309554209, 0.000900603248738, -0.000274729391094, 0.000712366134394], [-0.000564263144042, 0.000510452722665, -0.0030254854355, 0.00730656832457, -0.00378752523102, -0.00158850103617, 0.00217584799975, -0.00144783977885, -0.00258028367534, 0.00222144043073, -0.00235611083917, 0.00259854807518, -0.00130949448794], [0.00056380382739, -0.00139508978464, -0.00144888018258, -0.00378752523102, 0.0132684316486, -0.00341192656197, -0.00373203982599, 0.000329497619532, 0.00136226892937, -0.000973642570898, 0.000570841424633, 0.000623071857262, 0.00125698023476], [-0.000669639382977, 0.00148368824739, -0.00107307033613, -0.00158850103617, -0.00341192656197, 0.0176005028188, -0.00939796026796, -0.000316681282129, 0.00134779862128, -0.00172564550303, -0.00257634115405, -0.000696074101143, -0.00029988726601], [0.00061805662699, -0.00168225599919, 0.000107887659397, 0.00217584799975, -0.00373203982599, -0.00939796026796, 0.0236697532237, -0.0132480757311, 0.000245633156737, 0.00406004814431, -0.000592432043049, -0.00123947102111, 0.00126977742184], [-0.000731555046514, 0.000644405838102, 0.000137784067192, -0.00144783977885, 0.000329497619532, -0.000316681282129, -0.0132480757311, 0.0280797872692, -0.0126775242388, -0.000983526930213, 0.00419431785122, -0.000523134891409, -0.000344747793861], [0.000962405232713, -0.000655956333503, 0.000402076373575, -0.00258028367534, 0.00136226892937, 0.00134779862128, 0.000245633156737, -0.0126775242388, 0.0298209711909, -0.0191010478884, 0.000813371036202, -0.000830130826216, -0.00190396630205], [-0.00106778170448, 0.00230992399156, -0.001309554209, 0.00222144043073, -0.000973642570898, -0.00172564550303, 0.00406004814431, -0.000983526930213, -0.0191010478884, 0.039813362062, -0.0240242518485, 0.00852804910392, 0.00104634719901], [0.0012581043411, -0.00381415919401, 0.000900603248738, -0.00235611083917, 0.000570841424633, -0.00257634115405, -0.000592432043049, 0.00419431785122, 0.000813371036202, -0.0240242518485, 0.047297924757, -0.0273429490626, 0.00503955641761], [-0.000968099047896, 0.00333578255959, -0.000274729391094, 0.00259854807518, 0.000623071857262, -0.000696074101143, -0.00123947102111, -0.000523134891409, -0.000830130826216, 0.00852804910392, -0.0273429490626, 0.0417596511543, -0.0198588203639], [0.000594233046286, -0.0014370623976, 0.000712366134394, -0.00130949448794, 0.00125698023476, -0.00029988726601, 0.00126977742184, -0.000344747793861, -0.00190396630205, 0.00104634719901, 0.00503955641761, -0.0198588203639, 0.0264384094626]]
    },
    "melbands": {
        "dmean": [0.00129986123648, 0.00180596567225, 0.000877245853189, 0.00114375853445, 0.000743458804209, 0.000228909979342, 0.000145891171996, 0.000251806923188, 0.000148982740939, 8.98440775927e-05, 8.02261129138e-05, 5.07640215801e-05, 6.98356088833e-05, 4.16813054471e-05, 2.92194035865e-05, 2.77220788121e-05, 3.26968365698e-05, 1.56881578732e-05, 1.42360859172e-05, 1.64062803378e-05, 9.34634408623e-06, 8.61997159518e-06, 8.48025683808e-06, 6.7224787017e-06, 6.09240487393e-06, 6.44860074317e-06, 4.91568835059e-06, 3.98054362449e-06, 3.28031455865e-06, 3.61632987733e-06, 3.31829596689e-06, 3.27084399032e-06, 3.30826946993e-06, 2.62008029495e-06, 2.1158105028e-06, 1.89355887414e-06, 1.48526578414e-06, 1.34420974973e-06, 1.11332997221e-06, 8.71049792295e-07],
        "dmean2": [0.00215164804831, 0.00285359914415, 0.00156378629617, 0.00186727091204, 0.00121203460731, 0.000360229547368, 0.000232228034292, 0.000370118243154, 0.000210191952647, 0.000129650608869, 0.000115823051601, 7.84517324064e-05, 0.000108788939542, 6.54820687487e-05, 4.69413935207e-05, 4.60163573734e-05, 5.35570979991e-05, 2.54437491094e-05, 2.32413658523e-05, 2.71592325589e-05, 1.55226625793e-05, 1.40573201861e-05, 1.40130214277e-05, 1.12884990813e-05, 1.03204711195e-05, 1.11653926069e-05, 8.32759451441e-06, 6.56546808386e-06, 5.38528684046e-06, 6.12637495578e-06, 5.67115375816e-06, 5.66731887375e-06, 5.6475778365e-06, 4.43632870883e-06, 3.43134865943e-06, 3.03298406834e-06, 2.44747479883e-06, 2.25986627811e-06, 1.83786892194e-06, 1.43445640788e-06],
        "dvar": [1.06648358269e-05, 3.41220838891e-05, 1.00536153695e-05, 9.1583633548e-06, 2.3172449346e-06, 1.68899546793e-07, 9.33807910997e-08, 2.18259060603e-07, 8.4771585307e-08, 2.79590679497e-08, 2.70718327755e-08, 9.93327375909e-09, 1.628609958e-08, 4.78635708845e-09, 4.21839985165e-09, 4.0968410886e-09, 4.58432580785e-09, 1.80441239728e-09, 7.50006168282e-10, 9.25990895073e-10, 2.37040304052e-10, 1.97586683126e-10, 2.10961748071e-10, 2.00296126907e-10, 1.19842483159e-10, 1.50084861206e-10, 6.86592033228e-11, 4.28365364014e-11, 2.81896259807e-11, 3.96549321158e-11, 3.3935382282e-11, 3.13540339525e-11, 3.66617569636e-11, 2.15873395548e-11, 1.39632160001e-11, 9.9632160161e-12, 6.97568565411e-12, 6.38130347175e-12, 3.93829283421e-12, 2.68270822223e-12],
        "dvar2": [2.75309157587e-05, 7.34097193344e-05, 2.8314152587e-05, 2.33721457334e-05, 6.18216881776e-06, 4.20234073317e-07, 2.23034817282e-07, 4.58754499277e-07, 1.36773309123e-07, 5.64362281352e-08, 5.97395626301e-08, 2.66590731712e-08, 4.04219662187e-08, 1.15975016257e-08, 1.00082520049e-08, 1.08655466846e-08, 1.18746985578e-08, 4.08281808362e-09, 1.94884708371e-09, 2.56287924216e-09, 6.19061524265e-10, 5.12947850861e-10, 5.3726750826e-10, 5.09673026006e-10, 3.22491255922e-10, 4.23282298101e-10, 1.89833301856e-10, 1.12776302186e-10, 7.34285687809e-11, 1.09188172392e-10, 9.31545535154e-11, 8.87088111301e-11, 1.03773878379e-10, 5.82158279916e-11, 3.37015970686e-11, 2.49994625695e-11, 1.75425732968e-11, 1.71510999847e-11, 1.03241252353e-11, 7.01497844188e-12],
        "max": [0.0310564525425, 0.0521826483309, 0.0322161577642, 0.030770752579, 0.0145788649097, 0.0103732356802, 0.00517928693444, 0.00842638872564, 0.0081794038415, 0.00486308755353, 0.00427529029548, 0.00229129078798, 0.00209083477966, 0.0013341656886, 0.00191959715448, 0.00105912657455, 0.00153612275608, 0.00129230157472, 0.000521864916664, 0.000483117677504, 0.000333164818585, 0.000242131820414, 0.000291771168122, 0.00052630295977, 0.000247980409767, 0.000166838581208, 0.000108790787635, 0.000149586689076, 8.56836559251e-05, 0.00016708811745, 9.30298265303e-05, 5.83645814913e-05, 7.50046528992e-05, 5.35939252586e-05, 4.4531578169e-05, 3.55277406925e-05, 3.2396059396e-05, 2.60757296928e-05, 2.52995105257e-05, 2.09323188756e-05],
        "mean": [0.00189616088755, 0.00212940946221, 0.000902756291907, 0.00154775835108, 0.00125269766431, 0.000465368415462, 0.000272275181487, 0.000453532324173, 0.000310904782964, 0.000192655701539, 0.000181062889169, 0.000100323435618, 0.000117211799079, 7.3953102401e-05, 4.8162695748e-05, 4.18474191974e-05, 4.938424172e-05, 2.53201360465e-05, 2.43051363213e-05, 2.85710375465e-05, 1.76478406502e-05, 1.72779291461e-05, 1.64080629474e-05, 1.34806405185e-05, 1.1727652236e-05, 1.20753993542e-05, 1.02668172985e-05, 8.99323913472e-06, 8.12322650745e-06, 7.9509400166e-06, 6.65394281896e-06, 6.72961095916e-06, 6.34376738162e-06, 5.35830213266e-06, 4.51980758953e-06, 3.76713910555e-06, 3.03873275698e-06, 2.50194989349e-06, 2.09936774809e-06, 1.56268663432e-06],
        "median": [0.000518210697919, 0.000311137904646, 0.000256118917605, 0.000743240932934, 0.000691477674991, 0.000233202954405, 0.000123674210045, 0.00023145628802, 0.000146709382534, 8.65836336743e-05, 6.57218697597e-05, 5.12839833391e-05, 5.09105921083e-05, 3.91278408642e-05, 2.61017339653e-05, 1.69194590853e-05, 2.74986578006e-05, 1.42323715409e-05, 1.2888938727e-05, 1.45876574607e-05, 9.75646707957e-06, 9.92926652543e-06, 8.53630717756e-06, 7.15372334525e-06, 5.95344636167e-06, 5.38873518963e-06, 4.91804166813e-06, 4.30914087701e-06, 3.52495408151e-06, 2.78379047813e-06, 2.49962158705e-06, 2.09874247048e-06, 1.81605821581e-06, 1.3846629372e-06, 1.12571763111e-06, 9.41943312682e-07, 8.55928931287e-07, 6.52689323033e-07, 5.55736392016e-07, 4.33452299831e-07],
        "min": [1.18567184422e-24, 9.49922734848e-25, 1.0387721386e-24, 1.29594276586e-24, 1.98766304339e-24, 1.28629578585e-24, 9.81814014663e-25, 2.60890027536e-24, 2.01095002009e-24, 2.9113738039e-24, 4.26781914435e-24, 3.62851482828e-24, 2.23174074898e-24, 2.05423757898e-24, 3.75093026355e-24, 2.92301029111e-24, 2.47972785201e-24, 1.82284574281e-24, 3.40417738076e-24, 5.536080288e-24, 4.44570609519e-24, 4.96348481109e-24, 5.60951811068e-24, 4.60663214213e-24, 4.11305646766e-24, 3.88535137294e-24, 4.5817530469e-24, 4.32745781764e-24, 4.56243266004e-24, 5.63043712417e-24, 6.64378812149e-24, 4.78071520568e-24, 5.05136667694e-24, 5.58710065591e-24, 5.3758153065e-24, 6.39837467717e-24, 7.57799822622e-24, 5.76664342579e-24, 6.4352061984e-24, 6.70379282625e-24],
        "var": [1.27117273223e-05, 3.72415524907e-05, 6.5440135586e-06, 8.67293874762e-06, 2.79035998574e-06, 3.78676531909e-07, 1.89616898183e-07, 4.63193430278e-07, 3.04892068925e-07, 8.43468441758e-08, 1.01675574626e-07, 2.27478107462e-08, 3.08964551721e-08, 9.31789667646e-09, 5.70300962011e-09, 5.36818367536e-09, 5.8166933492e-09, 2.37796737856e-09, 1.30103450235e-09, 1.83843429369e-09, 5.19523923881e-10, 4.61919308359e-10, 4.36367331158e-10, 3.56065094076e-10, 2.67744493243e-10, 2.79250400581e-10, 1.54792262341e-10, 1.24333404683e-10, 1.02403516222e-10, 1.03769909332e-10, 7.7523577835e-11, 7.54089291011e-11, 8.1236316285e-11, 5.43576572642e-11, 4.2536529854e-11, 2.92200603991e-11, 1.78486479069e-11, 1.30318230165e-11, 9.08341978023e-12, 4.98335357355e-12]
    },
    "mfcc": {
        "mean": [-619.236938477, 104.406341553, 3.05622315407, 11.9726638794, -8.53044891357, -2.42098426819, -8.44199180603, -3.871758461, -6.18235731125, -4.62759828568, -5.74598312378, -3.81282424927, -3.80767679214],
        "cov": [[6052.87646484, -425.264038086, 949.429748535, 782.132995605, 568.987609863, 510.537445068, 363.718933105, 371.421112061, 323.914703369, 359.21887207, 307.483917236, 209.267196655, 69.7101669312], [-425.264038086, 802.510803223, -311.335021973, -174.072540283, -166.541259766, -124.462181091, -42.5158920288, -66.6786499023, -73.6324920654, -96.8770675659, -83.6771011353, -58.1054191589, -28.3585548401], [949.429748535, -311.335021973, 600.968200684, 412.558074951, 334.152435303, 260.176849365, 184.107192993, 168.212966919, 164.569702148, 184.057388306, 162.002655029, 123.406219482, 77.5581741333], [782.132995605, -174.072540283, 412.558074951, 448.917327881, 313.286102295, 221.56552124, 174.121337891, 154.463226318, 152.152679443, 162.80947876, 143.117843628, 102.148712158, 55.4696998596], [568.987609863, -166.541259766, 334.152435303, 313.286102295, 300.396606445, 204.143722534, 149.695510864, 124.414115906, 121.625396729, 134.305496216, 120.548583984, 90.17993927, 55.2061386108], [510.537445068, -124.462181091, 260.176849365, 221.56552124, 204.143722534, 207.221847534, 146.879730225, 116.339385986, 101.334312439, 109.553634644, 96.8895645142, 75.7254562378, 50.3945388794], [363.718933105, -42.5158920288, 184.107192993, 174.121337891, 149.695510864, 146.879730225, 178.237167358, 126.907562256, 97.5784912109, 87.347946167, 76.5041351318, 55.5919303894, 39.8158988953], [371.421112061, -66.6786499023, 168.212966919, 154.463226318, 124.414115906, 116.339385986, 126.907562256, 151.102371216, 108.770553589, 84.2584228516, 73.3575286865, 56.1812324524, 33.4121017456], [323.914703369, -73.6324920654, 164.569702148, 152.152679443, 121.625396729, 101.334312439, 97.5784912109, 108.770553589, 132.915252686, 105.299545288, 77.6271133423, 58.5095672607, 33.372051239], [359.21887207, -96.8770675659, 184.057388306, 162.80947876, 134.305496216, 109.553634644, 87.347946167, 84.2584228516, 105.299545288, 140.876922607, 103.602386475, 65.4051055908, 35.4960975647], [307.483917236, -83.6771011353, 162.002655029, 143.117843628, 120.548583984, 96.8895645142, 76.5041351318, 73.3575286865, 77.6271133423, 103.602386475, 120.958351135, 83.4197769165, 40.8002357483], [209.267196655, -58.1054191589, 123.406219482, 102.148712158, 90.17993927, 75.7254562378, 55.5919303894, 56.1812324524, 58.5095672607, 65.4051055908, 83.4197769165, 101.40599823, 60.9385375977], [69.7101669312, -28.3585548401, 77.5581741333, 55.4696998596, 55.2061386108, 50.3945388794, 39.8158988953, 33.4121017456, 33.372051239, 35.4960975647, 40.8002357483, 60.9385375977, 80.294052124]],
