{
"lowlevel": {
    "average_loudness": 0.799713492393,
    "barkbands_crest": {
        "dmean": 2.9407787323,
        "dmean2": 4.46500492096,
        "dvar": 8.36877346039,
        "dvar2": 18.8394546509,
        "max": 25.9929294586,
        "mean": 9.96331310272,
        "median": 9.22867965698,
        "min": 2.0559990406,
        "var": 21.9813232422
    },
    "barkbands_flatness_db": {
        "dmean": 0.0250547993928,
        "dmean2": 0.036259971559,
        "dvar": 0.000911539245863,
        "dvar2": 0.00181415246334,
        "max": 0.340362221003,
        "mean": 0.101521454751,
        "median": 0.0847185850143,
        "min": 0.0135163450614,
        "var": 0.00333471898921
    },
    "barkbands_kurtosis": {
        "dmean": 2.74769020081,
        "dmean2": 4.21956920624,
        "dvar": 59.1620788574,
        "dvar2": 108.959564209,
        "max": 122.440628052,
        "mean": 1.9541965723,
        "median": -0.488264083862,
        "min": -1.85223042965,
        "var": 88.6438446045
    },
    "barkbands_skewness": {
        "dmean": 0.636777818203,
        "dmean2": 0.948373317719,
        "dvar": 0.785279452801,
        "dvar2": 1.545388937,
        "max": 10.0436344147,
        "mean": 1.01698744297,
        "median": 0.713652789593,
        "min": -2.05201244354,
        "var": 1.76103568077
    },
    "barkbands_spread": {
        "dmean": 9.03404712677,
        "dmean2": 13.8154678345,
        "dvar": 103.354141235,
        "dvar2": 242.97013855,
        "max": 113.551971436,
        "mean": 40.7412261963,
        "median": 39.2059593201,
        "min": 1.58330714703,
        "var": 402.931610107
    },
    "dissonance": {
        "dmean": 0.0131454011425,
        "dmean2": 0.0218368917704,
        "dvar": 0.000233181446674,
        "dvar2": 0.000610197370406,
        "max": 0.5,
        "mean": 0.476661920547,
        "median": 0.484166026115,
        "min": 0.256268918514,
        "var": 0.000573223805986
    },
    "dynamic_complexity": 3.81668686867,
    "erbbands_crest": {
        "dmean": 2.84092402458,
        "dmean2": 4.53012228012,
        "dvar": 9.15406131744,
        "dvar2": 21.3746395111,
        "max": 29.1470756531,
        "mean": 8.15548229218,
        "median": 6.61743116379,
        "min": 2.42012691498,
        "var": 21.3690090179
    },
    "erbbands_flatness_db": {
        "dmean": 0.0172630697489,
        "dmean2": 0.0251971725374,
        "dvar": 0.000347049848642,
        "dvar2": 0.000674025563058,
        "max": 0.428030788898,
        "mean": 0.137438058853,
        "median": 0.126950830221,
        "min": 0.0394690111279,
        "var": 0.00242976658046
    },
    "erbbands_kurtosis": {
        "dmean": 0.894670069218,
        "dmean2": 1.39504289627,
        "dvar": 1.60710632801,
        "dvar2": 3.73947262764,
        "max": 19.8040714264,
        "mean": 0.237932130694,
        "median": -0.215608358383,
        "min": -1.81199550629,
        "var": 2.68498754501
    },
    "erbbands_skewness": {
        "dmean": 0.397773146629,
        "dmean2": 0.610683202744,
        "dvar": 0.163924947381,
        "dvar2": 0.393492341042,
        "max": 3.62080216408,
        "mean": 0.130456522107,
        "median": 0.0875600501895,
        "min": -1.91050374508,
        "var": 0.42648857832
    },
    "erbbands_spread": {
        "dmean": 11.1704511642,
        "dmean2": 16.0336837769,
        "dvar": 193.741714478,
        "dvar2": 377.469451904,
        "max": 174.654022217,
        "mean": 43.3461036682,
        "median": 39.0237312317,
        "min": 4.32792282104,
        "var": 519.447570801
    },
    "hfc": {
        "dmean": 14.0850143433,
        "dmean2": 22.6169548035,
        "dvar": 475.082733154,
        "dvar2": 1226.76733398,
        "max": 187.310089111,
        "mean": 39.772354126,
        "median": 34.8999595642,
        "min": 1.08336169081e-16,
        "var": 1052.18994141
    },
    "melbands_crest": {
        "dmean": 4.0760474205,
        "dmean2": 6.40722942352,
        "dvar": 16.2030944824,
        "dvar2": 38.6734275818,
        "max": 36.5285415649,
        "mean": 16.7534370422,
        "median": 15.7442092896,
        "min": 1.81900727749,
        "var": 55.0533943176
    },
    "melbands_flatness_db": {
        "dmean": 0.0327689424157,
        "dmean2": 0.048047401011,
        "dvar": 0.00158461020328,
        "dvar2": 0.00339308218099,
        "max": 0.435743778944,
        "mean": 0.146237507463,
        "median": 0.133503109217,
        "min": 0.00397052569315,
        "var": 0.00420704530552
    },
    "melbands_kurtosis": {
        "dmean": 14.3383245468,
        "dmean2": 21.2168769836,
        "dvar": 2637.28881836,
        "dvar2": 4357.52929688,
        "max": 720.611694336,
        "mean": 16.8616161346,
        "median": 4.16117191315,
        "min": -1.64843714237,
        "var": 4011.31274414
    },
    "melbands_skewness": {
        "dmean": 1.05214345455,
        "dmean2": 1.52868032455,
        "dvar": 3.24172520638,
        "dvar2": 5.55070877075,
        "max": 22.2940120697,
        "mean": 2.58143401146,
        "median": 2.03396606445,
        "min": -1.28669238091,
        "var": 7.11547231674
    },
    "melbands_spread": {
        "dmean": 14.5237588882,
        "dmean2": 23.1870708466,
        "dvar": 333.892700195,
        "dvar2": 862.485839844,
        "max": 201.750717163,
        "mean": 42.8845672607,
        "median": 40.8677406311,
        "min": 0.91835385561,
        "var": 602.300842285
    },
    "pitch_salience": {
        "dmean": 0.0906855687499,
        "dmean2": 0.140419572592,
        "dvar": 0.00935876648873,
        "dvar2": 0.0218544565141,
        "max": 0.929121017456,
        "mean": 0.518884181976,
        "median": 0.525457680225,
        "min": 0.0323775336146,
        "var": 0.0194640886039
    },
    "silence_rate_20dB": {
        "dmean": 0,
        "dmean2": 0,
        "dvar": 0,
        "dvar2": 0,
        "max": 1,
        "mean": 1,
        "median": 1,
        "min": 1,
        "var": 0
    },
    "silence_rate_30dB": {
        "dmean": 0.0460216812789,
        "dmean2": 0.0920527800918,
        "dvar": 0.0439009107649,
        "dvar2": 0.100359007716,
        "max": 1,
        "mean": 0.95735758543,
        "median": 1,
        "min": 0,
        "var": 0.0408255979419
    },
    "silence_rate_60dB": {
        "dmean": 0.0355901010334,
        "dmean2": 0.0711874812841,
        "dvar": 0.034328494221,
        "dvar2": 0.0773689970374,
        "max": 1,
        "mean": 0.140914201736,
        "median": 0,
        "min": 0,
        "var": 0.121044740081
    },
    "spectral_centroid": {
        "dmean": 374.335693359,
        "dmean2": 580.433898926,
        "dvar": 192065.796875,
        "dvar2": 415888.78125,
        "max": 11618.0800781,
        "mean": 2148.53588867,
        "median": 2235.19165039,
        "min": 229.168289185,
        "var": 630976.3125
    },
    "spectral_complexity": {
        "dmean": 5.41051340103,
        "dmean2": 8.5038356781,
        "dvar": 43.7946968079,
        "dvar2": 94.464302063,
        "max": 62,
        "mean": 23.9860935211,
        "median": 25,
        "min": 0,
        "var": 226.119384766
    },
    "spectral_decrease": {
        "dmean": 2.70758038212e-09,
        "dmean2": 3.75813868914e-09,
        "dvar": 2.63745396803e-17,
        "dvar2": 4.99647298618e-17,
        "max": 8.59699978953e-29,
        "mean": -6.91324464341e-09,
        "median": -5.25317123135e-09,
        "min": -5.17092324515e-08,
        "var": 5.97768488583e-17
    },
    "spectral_energy": {
        "dmean": 0.0108151240274,
        "dmean2": 0.0150065030903,
        "dvar": 0.000382076948881,
        "dvar2": 0.000713933608495,
        "max": 0.203203558922,
        "mean": 0.0296996701509,
        "median": 0.0239211227745,
        "min": 1.01979729222e-20,
        "var": 0.000946350861341
    },
    "spectral_energyband_high": {
        "dmean": 0.00136618316174,
        "dmean2": 0.00221450463869,
        "dvar": 4.84549764224e-06,
        "dvar2": 1.25426140585e-05,
        "max": 0.018856793642,
        "mean": 0.00301642133854,
        "median": 0.00219635129906,
        "min": 6.99367556202e-21,
        "var": 8.79398612597e-06
    },
    "spectral_energyband_low": {
        "dmean": 0.00634291954339,
        "dmean2": 0.00904796458781,
        "dvar": 0.000238523309235,
        "dvar2": 0.000478943635244,
        "max": 0.152346417308,
        "mean": 0.0121514815837,
        "median": 0.00340273184702,
        "min": 3.32617489333e-23,
        "var": 0.000470867642434
    },
    "spectral_energyband_middle_high": {
        "dmean": 0.00262887915596,
        "dmean2": 0.00416373088956,
        "dvar": 1.25340038721e-05,
        "dvar2": 3.06888105115e-05,
        "max": 0.0433257631958,
        "mean": 0.00701934471726,
        "median": 0.00667889788747,
        "min": 1.22569617821e-21,
        "var": 3.16492223646e-05
    },
    "spectral_energyband_middle_low": {
        "dmean": 0.00654906127602,
        "dmean2": 0.010432026349,
        "dvar": 0.000329001981299,
        "dvar2": 0.000715677568223,
        "max": 0.193388834596,
        "mean": 0.00862713716924,
        "median": 0.00348541559651,
        "min": 2.31663179071e-22,
        "var": 0.000397084892029
    },
    "spectral_entropy": {
        "dmean": 0.172256559134,
        "dmean2": 0.264286667109,
        "dvar": 0.0439639873803,
        "dvar2": 0.10297909379,
        "max": 9.80992794037,
        "mean": 7.96835851669,
        "median": 8.10335636139,
        "min": 5.98013544083,
        "var": 0.177788317204
    },
    "spectral_flux": {
        "dmean": 0.030538732186,
        "dmean2": 0.0447809249163,
        "dvar": 0.00193181936629,
        "dvar2": 0.00345360254869,
        "max": 0.418045431376,
        "mean": 0.0957578569651,
        "median": 0.081833280623,
        "min": 6.49489420579e-11,
        "var": 0.00551749579608
    },
    "spectral_kurtosis": {
        "dmean": 0.767700612545,
        "dmean2": 1.21626853943,
        "dvar": 0.8272793293,
        "dvar2": 2.15864491463,
        "max": 19.6700191498,
        "mean": 2.69004511833,
        "median": 2.6067943573,
        "min": -1.29194331169,
        "var": 2.19409584999
    },
    "spectral_rms": {
        "dmean": 0.000873977085575,
        "dmean2": 0.00121209525969,
        "dvar": 1.50302741986e-06,
        "dvar2": 2.78488482763e-06,
        "max": 0.0140800345689,
        "mean": 0.00471951905638,
        "median": 0.00483090896159,
        "min": 3.15424184168e-12,
        "var": 6.70143481329e-06
    },
    "spectral_rolloff": {
        "dmean": 1160.46618652,
        "dmean2": 1889.11132812,
        "dvar": 2276423.75,
        "dvar2": 5088205,
        "max": 19422.9492188,
        "mean": 3163.96289062,
        "median": 2993.11523438,
        "min": 64.599609375,
        "var": 4258888
    },
    "spectral_skewness": {
        "dmean": 0.153047949076,
        "dmean2": 0.239543780684,
        "dvar": 0.0243921540678,
        "dvar2": 0.0582491755486,
        "max": 2.82793569565,
        "mean": 1.31894052029,
        "median": 1.32429802418,
        "min": -0.0930633470416,
        "var": 0.0708031356335
    },
    "spectral_spread": {
        "dmean": 587301.375,
        "dmean2": 846115.25,
        "dvar": 665162153984,
        "dvar2": 1.2662013952e+12,
        "max": 49791248,
        "mean": 6077447.5,
        "median": 5888878,
        "min": 2075533.25,
        "var": 3.69480774451e+12
    },
    "spectral_strongpeak": {
        "dmean": 0.559159696102,
        "dmean2": 0.905203223228,
        "dvar": 1.11878883839,
        "dvar2": 2.65913081169,
        "max": 12.6734809875,
        "mean": 0.928683102131,
        "median": 0.377420783043,
        "min": 0,
        "var": 1.87914156914
    },
    "zerocrossingrate": {
        "dmean": 0.017739020288,
        "dmean2": 0.0208479668945,
        "dvar": 0.00031978962943,
        "dvar2": 0.000444516015705,
        "max": 0.677734375,
        "mean": 0.109216019511,
        "median": 0.109375,
        "min": 0.00634765625,
        "var": 0.00197918503545
    },
    "barkbands": {
        "dmean": [0.000488827936351, 0.00424749823287, 0.00314969196916, 0.00338204274885, 0.00281575298868, 0.00058389257174, 0.000549969612621, 0.000479704322061, 0.000403669604566, 0.000475110777188, 0.000530945777427, 0.000380233803298, 0.000453370797914, 0.000525227631442, 0.000639192003291, 0.000392761139665, 0.000365010084352, 0.000366465916159, 0.000323016138282, 0.000305644643959, 0.000307395792333, 0.000236208812566, 0.000308299728204, 0.000254513259279, 0.000220006273594, 0.000126244762214, 2.80574113276e-05],
        "dmean2": [0.000789833022282, 0.00584969064221, 0.00559266796336, 0.00575461052358, 0.00475161522627, 0.000998231698759, 0.000860557192937, 0.000766796525568, 0.00066515308572, 0.000738156377338, 0.000802974391263, 0.000609098409768, 0.00075908069266, 0.00086217711214, 0.000955644180067, 0.000656678923406, 0.000605670909863, 0.000613139360212, 0.000536974577699, 0.000509332225192, 0.000517552427482, 0.000392198708141, 0.000516744796187, 0.00042035972001, 0.000351841503289, 0.000199648653506, 4.56273264717e-05],
        "dvar": [1.34597871693e-06, 0.000116003669973, 0.000147205893882, 0.000140538773849, 0.000119378666568, 1.81328357485e-06, 1.29566262785e-06, 1.33420383008e-06, 6.87607041527e-07, 8.62640433752e-07, 1.51501728851e-06, 6.66043490583e-07, 7.23679988823e-07, 8.94159882137e-07, 2.3524403332e-06, 4.03555219464e-07, 2.50085435027e-07, 3.30305368834e-07, 2.08547206171e-07, 1.71856584075e-07, 1.94271592591e-07, 1.39714131819e-07, 3.52318949126e-07, 1.86165237892e-07, 1.22171755379e-07, 4.34769873436e-08, 2.27446572687e-09],
        "dvar2": [3.73341185878e-06, 0.000202675233595, 0.000396355550038, 0.0003337423841, 0.000314958248055, 4.84559313918e-06, 2.92430900117e-06, 3.0511650948e-06, 1.73063813236e-06, 1.9311428332e-06, 3.11685880661e-06, 1.53706798756e-06, 1.97563826987e-06, 2.23035567615e-06, 4.1082748794e-06, 1.07531752747e-06, 6.76074080275e-07, 9.16233545922e-07, 5.67925894757e-07, 4.65831476504e-07, 5.32296837719e-07, 3.76159533744e-07, 9.2850564215e-07, 4.95516246701e-07, 2.84510889514e-07, 1.06117838072e-07, 5.33848476536e-09],
        "max": [0.0241738967597, 0.10752145946, 0.113311722875, 0.116938211024, 0.138705536723, 0.0132328588516, 0.0280735883862, 0.0282169021666, 0.0161060094833, 0.0170269012451, 0.0287761166692, 0.0214311573654, 0.0119154481217, 0.0160708334297, 0.0329957865179, 0.00901749171317, 0.00575631996617, 0.0110345501453, 0.00549119897187, 0.00583709822968, 0.00437497394159, 0.00454189069569, 0.00469668628648, 0.00423389719799, 0.00388886104338, 0.00216244859621, 0.00056415272411],
        "mean": [0.000903182721231, 0.00795745104551, 0.00230717635714, 0.00272733275779, 0.00269110244699, 0.000828651187476, 0.000927933026105, 0.000696933420841, 0.000517920416314, 0.000718671246432, 0.000852103345096, 0.000545498507563, 0.000667939661071, 0.000790685706306, 0.000907128327526, 0.000595354475081, 0.000594326178543, 0.000628961599432, 0.000575205718633, 0.000581594649702, 0.000548825017177, 0.000426641781814, 0.000460685609141, 0.00045182852773, 0.000475332053611, 0.000276767153991, 4.44699144282e-05],
        "median": [3.94129128836e-05, 0.00188137730584, 0.000132280620164, 0.000121822282381, 0.000363935658243, 0.000207607183256, 0.000246213981882, 0.000137492650538, 0.000130576489028, 0.000292400392937, 0.000281230401015, 0.000202103561605, 0.000323519285303, 0.000282411696389, 0.00033219344914, 0.000285050249659, 0.000373846589355, 0.000365365238395, 0.000370450812625, 0.000438249408035, 0.000404293823522, 0.000285580783384, 0.000265718117589, 0.0003126282827, 0.000265794311417, 0.000123356381664, 1.21525681607e-05],
        "min": [2.12611740137e-24, 7.84929853558e-24, 3.90373419861e-24, 2.54946769198e-24, 2.4218802874e-23, 2.27373852028e-23, 1.39231772515e-23, 2.48558553866e-23, 3.79168865548e-23, 3.131015123e-23, 3.39717584579e-23, 2.0810529333e-23, 2.59071040507e-23, 2.78833426132e-23, 5.3637057394e-23, 8.33846424093e-23, 1.08908445257e-22, 1.23832696464e-22, 1.40015502669e-22, 2.63978405359e-22, 2.35233980046e-22, 3.55857401021e-22, 4.87241793511e-22, 6.65448475982e-22, 9.23147397074e-22, 1.35221523004e-21, 2.02108960903e-21],
        "var": [2.6116290428e-06, 0.000224480812903, 0.000101191864815, 0.000129849184304, 9.86855447991e-05, 2.59860189544e-06, 3.1411927921e-06, 2.41559177994e-06, 1.02830540527e-06, 1.67876021351e-06, 3.0887806588e-06, 1.05909577996e-06, 9.99640974442e-07, 1.83734334769e-06, 4.29104557043e-06, 6.52401126899e-07, 4.28969912036e-07, 5.46722674244e-07, 3.91160739355e-07, 3.35007285912e-07, 3.16054098448e-07, 2.11061902178e-07, 3.99410794216e-07, 2.81055719142e-07, 3.24701971977e-07, 1.01697395394e-07, 4.77381334463e-09]
    },
    "erbbands": {
        "dmean": [0.143848657608, 0.963847100735, 3.15981817245, 7.43134689331, 11.9948692322, 8.12525367737, 5.45507955551, 4.8338727951, 7.66842746735, 8.85357570648, 8.90297222137, 9.38325977325, 12.3937368393, 20.7047100067, 17.3194103241, 14.8882570267, 20.5355110168, 23.8518600464, 26.9275188446, 25.5863056183, 20.3184375763, 18.5662975311, 18.889087677, 18.2860221863, 15.2929058075, 14.1478013992, 13.5351486206, 11.0401058197, 9.34370422363, 8.11187458038, 8.24939155579, 6.27304267883, 4.12117862701, 2.60285568237, 1.60498249531, 0.681698024273, 0.217192396522, 0.0502105019987, 0.00433857552707, 7.0720569056e-05],
        "dmean2": [0.194748789072, 1.33431494236, 5.29436969757, 12.8900642395, 18.8933811188, 14.6333007812, 9.60690975189, 8.1316614151, 12.1359806061, 13.9050512314, 14.328997612, 15.4505615234, 19.67486763, 31.3771038055, 27.5001277924, 23.6854228973, 33.8134384155, 39.0297050476, 42.1417121887, 40.0535926819, 33.7332420349, 30.9665317535, 31.5726032257, 30.4457168579, 25.6686439514, 23.6734161377, 22.8351993561, 18.4456996918, 15.7215261459, 13.2747182846, 13.8659257889, 10.3861484528, 6.82058095932, 4.23618459702, 2.53557825089, 1.09128606319, 0.344579994678, 0.0798757597804, 0.00704466225579, 0.000111611632747],
        "dvar": [0.0885571986437, 8.02660274506, 134.384292603, 571.498840332, 2108.11035156, 1121.85839844, 259.356872559, 116.792480469, 227.636657715, 452.50604248, 390.134643555, 350.774688721, 725.258666992, 2169.93310547, 2310.68603516, 967.11114502, 1263.77258301, 2033.44348145, 2532.96142578, 2628.07617188, 946.73614502, 646.621826172, 910.221191406, 741.429199219, 471.154388428, 388.724853516, 420.512298584, 252.947402954, 228.237472534, 194.614349365, 239.231201172, 136.046264648, 46.9997596741, 16.7720508575, 6.59192037582, 1.31942653656, 0.126170247793, 0.00621062191203, 5.73617107875e-05, 1.31756330291e-08],
        "dvar2": [0.168354779482, 14.1324701309, 339.795593262, 1503.92150879, 4498.86914062, 3222.65380859, 739.790893555, 309.180206299, 546.311828613, 1044.7109375, 911.888305664, 885.115600586, 1558.23266602, 4225.97021484, 5075.17138672, 2204.98828125, 3389.90063477, 5054.24462891, 5587.21826172, 5033.671875, 2514.06835938, 1767.98974609, 2517.06445312, 1963.56530762, 1271.39465332, 1055.7532959, 1170.22009277, 686.294189453, 624.280090332, 501.741729736, 629.325622559, 354.174377441, 126.634994507, 40.8797035217, 15.4489650726, 3.2206530571, 0.306499242783, 0.014738490805, 0.000135027090437, 3.00957303523e-08],
        "max": [3.47619485855, 29.1785202026, 118.527198792, 204.07043457, 567.624145508, 412.799530029, 190.544555664, 133.180358887, 237.167098999, 515.836853027, 397.184967041, 368.9972229, 669.497558594, 1017.9463501, 1412.859375, 803.034912109, 518.405639648, 852.766113281, 775.194274902, 1097.23901367, 437.219940186, 311.834472656, 559.049194336, 380.079742432, 251.871246338, 233.899917603, 223.312271118, 164.795776367, 184.86958313, 227.727264404, 128.153900146, 109.018615723, 71.385887146, 41.4580421448, 30.8281898499, 16.2939243317, 3.69925427437, 0.899092793465, 0.105779439211, 0.00155506073497],
        "mean": [0.307311594486, 1.45665681362, 2.6950776577, 5.92259740829, 11.0251045227, 7.64791250229, 6.83324432373, 7.1753077507, 12.9804010391, 14.3112516403, 12.9399499893, 12.5550098419, 19.7710456848, 30.5981788635, 25.8744354248, 23.3011474609, 32.0999565125, 38.4994773865, 43.5431976318, 40.2149772644, 33.5158004761, 32.2423248291, 33.6723213196, 32.7484474182, 28.1582050323, 27.1164493561, 24.3039836884, 19.5986385345, 16.0753040314, 14.1818342209, 12.4480695724, 10.0216703415, 7.37189722061, 5.33758401871, 3.35396885872, 1.42555761337, 0.463870197535, 0.100772872567, 0.00700021116063, 0.0001614739449],
        "median": [0.0453295558691, 0.372795403004, 0.276474297047, 0.396620213985, 0.606846272945, 1.13971495628, 1.70983624458, 1.73974204063, 3.1679110527, 4.27352046967, 3.22811388969, 3.49086070061, 7.35190677643, 11.3147773743, 9.98403930664, 10.0172157288, 17.8236160278, 17.324754715, 20.2943840027, 21.3842639923, 20.145362854, 21.6359786987, 20.7909355164, 19.8366641998, 19.5904808044, 20.3366584778, 18.5923614502, 13.9863777161, 10.8409566879, 8.87103652954, 7.3601975441, 6.50488567352, 5.02808666229, 3.20604228973, 1.59676015377, 0.630708098412, 0.216417849064, 0.043947301805, 0.00205314066261, 9.26866268856e-05],
        "min": [3.57525292788e-22, 1.53239631145e-21, 6.54896460468e-21, 1.11042050211e-20, 2.89110448521e-20, 6.44628572205e-20, 1.21455885769e-19, 1.56838355525e-19, 1.38003065236e-19, 3.41169713069e-19, 5.05691439112e-19, 8.24512076198e-19, 1.32814373219e-18, 1.2080007113e-18, 1.62510157209e-18, 1.00133325417e-18, 1.45589691811e-18, 2.31196650336e-18, 1.92034342582e-18, 3.97646565406e-18, 5.2174491583e-18, 6.59485211635e-18, 7.4602617081e-18, 5.82956198441e-18, 7.45678093208e-18, 1.30120175653e-17, 1.32528569909e-17, 1.0689196798e-17, 1.24430546159e-17, 1.36138311656e-17, 1.35579385716e-17, 1.38246464165e-17, 1.06371845082e-17, 9.47619267794e-18, 6.86155251663e-18, 5.45976592849e-18, 2.47714516591e-18, 1.09692927679e-18, 2.65944150405e-19, 2.78617242398e-20],
        "var": [0.221455872059, 13.2703886032, 110.966064453, 436.961761475, 2400.86621094, 741.797912598, 229.931182861, 174.733688354, 550.938537598, 894.51763916, 727.758117676, 557.216674805, 1718.83239746, 4294.16259766, 3129.89404297, 1613.10510254, 1849.49121094, 4000.36474609, 5070.33789062, 4601.73242188, 1631.42724609, 1155.18310547, 1527.5, 1409.60107422, 878.343383789, 730.979980469, 625.739868164, 424.482330322, 311.848632812, 284.444152832, 279.627349854, 164.968002319, 77.1122207642, 39.5080451965, 17.55560112, 2.99823880196, 0.281088680029, 0.0148419989273, 0.000117055584269, 3.39671011318e-08]
    },
    "gfcc": {
        "mean": [14.5106163025, 20.7003116608, -120.064231873, 27.2617111206, -56.2618637085, 20.7764358521, -38.7581176758, 12.5115613937, -25.3208446503, 10.3717556, -16.2581424713, 6.48793315887, -10.6274909973],
        "cov": [[14356.8173828, -1088.03308105, 1774.03625488, 1106.62597656, 1492.9140625, 1085.69445801, 740.512878418, 737.021118164, -116.659851074, 353.59387207, -298.566955566, 116.33808136, -372.548553467], [-1088.03308105, 1101.2824707, 57.7977981567, -16.9101753235, -189.504547119, -268.748260498, -120.276618958, -181.544769287, -45.5418815613, -95.0660705566, 55.1674423218, -36.7129554749, 40.2953300476], [1774.03625488, 57.7977981567, 1235.92077637, 587.566833496, 526.729614258, 364.454772949, 224.491668701, 181.334365845, 2.90166807175, 64.9858703613, -33.2158622742, 29.578332901, -102.238609314], [1106.62597656, -16.9101753235, 587.566833496, 650.417114258, 568.688293457, 340.447418213, 206.190505981, 185.433044434, 8.21548652649, 71.723777771, -61.7171134949, -2.90295624733, -59.2618370056], [1492.9140625, -189.504547119, 526.729614258, 568.688293457, 897.738891602, 571.21105957, 391.170379639, 296.549407959, 61.901550293, 141.882705688, -54.2059516907, -0.186715006828, -73.8271026611], [1085.69445801, -268.748260498, 364.454772949, 340.447418213, 571.21105957, 621.590576172, 322.861694336, 229.515625, 71.282875061, 103.151306152, -28.9029903412, 21.6829204559, -34.006729126], [740.512878418, -120.276618958, 224.491668701, 206.190505981, 391.170379639, 322.861694336, 344.3230896, 246.498855591, 88.7398147583, 101.536468506, 7.59190034866, 21.5080738068, -31.0008792877], [737.021118164, -181.544769287, 181.334365845, 185.433044434, 296.549407959, 229.515625, 246.498855591, 316.930328369, 130.848892212, 126.560905457, 22.481300354, 34.8684272766, -18.6335849762], [-116.659851074, -45.5418815613, 2.90166807175, 8.21548652649, 61.901550293, 71.282875061, 88.7398147583, 130.848892212, 177.068267822, 112.172744751, 63.1934394836, 40.1972846985, 46.0335845947], [353.59387207, -95.0660705566, 64.9858703613, 71.723777771, 141.882705688, 103.151306152, 101.536468506, 126.560905457, 112.172744751, 176.726791382, 83.2981185913, 44.4715042114, 2.89510297775], [-298.566955566, 55.1674423218, -33.2158622742, -61.7171134949, -54.2059516907, -28.9029903412, 7.59190034866, 22.481300354, 63.1934394836, 83.2981185913, 156.972183228, 88.9296951294, 47.4937362671], [116.33808136, -36.7129554749, 29.578332901, -2.90295624733, -0.186715006828, 21.6829204559, 21.5080738068, 34.8684272766, 40.1972846985, 44.4715042114, 88.9296951294, 125.733627319, 72.713722229], [-372.548553467, 40.2953300476, -102.238609314, -59.2618370056, -73.8271026611, -34.006729126, -31.0008792877, -18.6335849762, 46.0335845947, 2.89510297775, 47.4937362671, 72.713722229, 145.462585449]],
        "icov": [[0.000128789062728, 1.46079864862e-05, -0.000118386589747, 9.93875946733e-05, -3.64327170246e-05, -1.66037534655e-05, 1.98600682779e-05, -0.000198404610273, 0.000410403852584, -0.000493209750857, 0.000599723251071, -0.000516387808602, 0.000181785566383], [1.46079864862e-05, 0.0014450554736, -0.000280829088297, -0.000486108358018, -6.48957575322e-05, 0.000822267495096, -0.000774463987909, 0.000941235048231, -0.000454917171737, 0.00113824545406, -0.00183955859393, 0.00167588656768, -0.000759310554713], [-0.000118386589747, -0.000280829088297, 0.00173238047864, -0.00139112141915, 0.000204143274459, -0.000361388141755, -7.37964364816e-05, 0.000246931333095, -0.000598747225013, 0.000649054185487, -0.000261619192315, -0.000951258523855, 0.00119797454681], [9.93875946733e-05, -0.000486108358018, -0.00139112141915, 0.00525348260999, -0.00275949179195, -3.9985152398e-05, 0.00173532695044, -0.00169389066286, 0.00147539493628, -0.0012955769198, 0.0020015812479, -0.000810462341178, -0.000394809700083], [-3.64327170246e-05, -6.48957575322e-05, 0.000204143274459, -0.00275949179195, 0.00544680841267, -0.00212538661435, -0.0024764991831, 0.000153463392053, 0.000943670864217, -0.00185700692236, 0.000882385880686, 0.000423290330218, -5.80201958655e-05], [-1.66037534655e-05, 0.000822267495096, -0.000361388141755, -3.9985152398e-05, -0.00212538661435, 0.00505275838077, -0.00257752579637, 0.00115040875971, -0.000873653101735, 0.000637522607576, -8.93981778063e-05, 2.85874994006e-05, -0.000561316148378], [1.98600682779e-05, -0.000774463987909, -7.37964364816e-05, 0.00173532695044, -0.0024764991831, -0.00257752579637, 0.0110892886296, -0.00606723222882, 0.000306092231767, 0.000416190217948, -0.00037661875831, -0.000455603498267, 0.000892721465789], [-0.000198404610273, 0.000941235048231, 0.000246931333095, -0.00169389066286, 0.000153463392053, 0.00115040875971, -0.00606723222882, 0.0114081408828, -0.00590889807791, -4.62569914816e-05, 0.00013059763296, -0.00107123632915, 0.0015934627736], [0.000410403852584, -0.000454917171737, -0.000598747225013, 0.00147539493628, 0.000943670864217, -0.000873653101735, 0.000306092231767, -0.00590889807791, 0.016012955457, -0.00867587700486, 0.00131703855004, 0.00134200707544, -0.0050553213805], [-0.000493209750857, 0.00113824545406, 0.000649054185487, -0.0012955769198, -0.00185700692236, 0.000637522607576, 0.000416190217948, -4.62569914816e-05, -0.00867587700486, 0.0182274375111, -0.0109216282144, 0.00339214480482, 0.0018922900781], [0.000599723251071, -0.00183955859393, -0.000261619192315, 0.0020015812479, 0.000882385880686, -8.93981778063e-05, -0.00037661875831, 0.00013059763296, 0.00131703855004, -0.0109216282144, 0.0218617003411, -0.0147346863523, 0.0030687933322], [-0.000516387808602, 0.00167588656768, -0.000951258523855, -0.000810462341178, 0.000423290330218, 2.85874994006e-05, -0.000455603498267, -0.00107123632915, 0.00134200707544, 0.00339214480482, -0.0147346863523, 0.0244894269854, -0.0107214339077], [0.000181785566383, -0.000759310554713, 0.00119797454681, -0.000394809700083, -5.80201958655e-05, -0.000561316148378, 0.000892721465789, 0.0015934627736, -0.0050553213805, 0.0018922900781, 0.0030687933322, -0.0107214339077, 0.0143850110471]]
    },
    "melbands": {
        "dmean": [0.00118513067719, 0.0013954808237, 0.00148893659934, 0.000709495681804, 0.000215420179302, 0.000112323679787, 0.000113070767839, 0.000102649268229, 7.26145080989e-05, 5.86868154642e-05, 6.37422563159e-05, 8.42066874611e-05, 5.8480502048e-05, 3.95705101255e-05, 4.86077478854e-05, 5.00224086863e-05, 4.9312991905e-05, 4.10730026488e-05, 5.76066158828e-05, 2.98721552099e-05, 2.49067979894e-05, 2.16991811612e-05, 1.90753780771e-05, 1.66449808603e-05, 1.59361006808e-05, 1.27378225443e-05, 1.07278028736e-05, 1.0633661077e-05, 9.20369438973e-06, 8.08227287052e-06, 6.37999573883e-06, 5.79488505537e-06, 4.72012243335e-06, 5.00917622048e-06, 4.97116889164e-06, 5.34234186489e-06, 3.28637133862e-06, 2.99790144709e-06, 2.81491179521e-06, 2.15990621655e-06],
        "dmean2": [0.00163288821932, 0.00208596978337, 0.00248532718979, 0.00116394332144, 0.000384708138881, 0.000189654689166, 0.000177874811925, 0.000161647170899, 0.000116984730994, 9.69656102825e-05, 0.000100922428828, 0.000127914085169, 9.07171779545e-05, 6.51152731734e-05, 7.63674615882e-05, 8.31470097182e-05, 8.09886332718e-05, 6.61977537675e-05, 8.47738410812e-05, 5.02575021528e-05, 4.12399567722e-05, 3.61906204489e-05, 3.2079678931e-05, 2.79012310784e-05, 2.64975788014e-05, 2.14226947719e-05, 1.80014467333e-05, 1.76812118298e-05, 1.56565129146e-05, 1.34995971166e-05, 1.07076584754e-05, 9.87760540738e-06, 7.67586789152e-06, 8.38279720483e-06, 8.41475866764e-06, 9.02445026441e-06, 5.430856163e-06, 5.02864713781e-06, 4.71440262118e-06, 3.520429118e-06],
        "dvar": [7.16561453373e-06, 2.04060652322e-05, 2.34292565437e-05, 7.41027133699e-06, 4.74323826438e-07, 5.76275596131e-08, 5.02454149398e-08, 6.16022575173e-08, 2.65572310809e-08, 1.37055113925e-08, 1.98109759708e-08, 3.27602762695e-08, 1.98358112158e-08, 6.58414878174e-09, 1.12359019866e-08, 9.53378709312e-09, 9.64454827113e-09, 6.36636166007e-09, 2.51871767887e-08, 2.54953813617e-09, 1.50031498336e-09, 9.02918850798e-10, 8.72319827483e-10, 6.72455369166e-10, 5.64217561561e-10, 3.7460304303e-10, 2.30084118424e-10, 2.20554741137e-10, 2.063443999e-10, 1.24371568599e-10, 9.2435094301e-11, 8.81644410256e-11, 5.15183555538e-11, 8.14633568935e-11, 8.31549065716e-11, 1.32518440665e-10, 2.80790408286e-11, 2.40052769329e-11, 2.25661000303e-11, 1.08779634606e-11],
        "dvar2": [1.23751087813e-05, 4.49735562142e-05, 5.53778118046e-05, 1.8416565581e-05, 1.37493975672e-06, 1.52916598495e-07, 1.16884137924e-07, 1.41331426562e-07, 6.20274960283e-08, 3.46655539829e-08, 4.29078248487e-08, 6.49116529416e-08, 4.28376800699e-08, 1.64676325909e-08, 2.48041231998e-08, 2.57819365856e-08, 2.36032153822e-08, 1.61144591004e-08, 4.2627583241e-08, 6.82480871816e-09, 3.94875510068e-09, 2.44263054228e-09, 2.40106201588e-09, 1.86009441183e-09, 1.48114831511e-09, 1.00918551293e-09, 6.11959316554e-10, 5.94137739007e-10, 5.76725722734e-10, 3.35812017083e-10, 2.50745035846e-10, 2.43464498562e-10, 1.34088962156e-10, 2.18639967242e-10, 2.219330969e-10, 3.50514395286e-10, 7.12558553828e-11, 6.65301910785e-11, 5.7607463938e-11, 2.6470596548e-11],
        "max": [0.0281597524881, 0.0472888201475, 0.0452911555767, 0.0343593582511, 0.00835517141968, 0.00269116903655, 0.00448684347793, 0.00625862320885, 0.0035147133749, 0.0023455535993, 0.00330552109517, 0.00389193696901, 0.0039999303408, 0.00153116614092, 0.0028185902629, 0.00162164063659, 0.00195043627173, 0.00158305605873, 0.00355823920108, 0.000843404384796, 0.000631046714261, 0.00038976650103, 0.000546311261132, 0.000396715971874, 0.000348167814082, 0.00027173163835, 0.000225810697884, 0.000187972764252, 0.000242418318521, 0.000147246857523, 0.000117862793559, 0.000122764729895, 8.60918153194e-05, 0.000114647620649, 9.00364175322e-05, 0.000122433208162, 5.05058342242e-05, 5.19037130289e-05, 4.5253582357e-05, 3.56495038432e-05],
        "mean": [0.00244918023236, 0.00160836672876, 0.0012603441719, 0.000677940959577, 0.000253843463724, 0.000168641869095, 0.000191057057236, 0.000160297466209, 0.000101054996776, 7.73867359385e-05, 9.75086004473e-05, 0.000119682423247, 9.07639332581e-05, 5.65808077226e-05, 7.00922028045e-05, 7.16187132639e-05, 7.33550477889e-05, 6.44889951218e-05, 7.95522937551e-05, 4.26628321293e-05, 3.76744719688e-05, 3.42786988767e-05, 3.15787619911e-05, 2.77950857708e-05, 2.64181417151e-05, 2.13071707549e-05, 1.84305608855e-05, 1.83674255823e-05, 1.53993023559e-05, 1.36775779538e-05, 1.03929623947e-05, 9.26271695789e-06, 7.93518483988e-06, 7.9392330008e-06, 7.26275948182e-06, 7.05104002918e-06, 5.63865160075e-06, 5.17418129675e-06, 4.83621352032e-06, 4.37123026131e-06],
        "median": [0.000535548257176, 0.000306246220134, 7.67887177062e-05, 6.53821916785e-05, 6.27130575594e-05, 4.17006122007e-05, 4.7162102419e-05, 3.78525473934e-05, 2.26616703003e-05, 1.95535540115e-05, 3.10333780362e-05, 4.37289199908e-05, 3.43689134752e-05, 2.26297779591e-05, 2.72397774097e-05, 3.10115756292e-05, 2.65395028691e-05, 2.84483958239e-05, 2.5590074074e-05, 2.02084429475e-05, 2.01249767997e-05, 2.16992484638e-05, 1.73138614628e-05, 1.63714812516e-05, 1.42964927363e-05, 1.28285755636e-05, 1.20363665701e-05, 1.26500008264e-05, 1.09838538265e-05, 9.69103166426e-06, 6.41829274173e-06, 6.02703630648e-06, 4.95357789987e-06, 4.69756514576e-06, 4.18677382186e-06, 3.84906888939e-06, 3.75026775146e-06, 3.45332910001e-06, 3.00373267237e-06, 2.49029358201e-06],
        "min": [3.01261246538e-24, 3.1311841759e-24, 1.74332915521e-24, 3.38766967745e-24, 4.28342833508e-24, 4.48915615941e-24, 2.23638122326e-24, 4.17096004139e-24, 4.12845897683e-24, 5.31461232203e-24, 6.65518952816e-24, 4.2340156657e-24, 4.96305330417e-24, 3.97566569139e-24, 3.08159322395e-24, 1.87636640536e-24, 3.21285652314e-24, 2.22708311698e-24, 4.47275653006e-24, 5.86175717399e-24, 5.6582046336e-24, 5.40417682819e-24, 7.40621508664e-24, 6.30781502297e-24, 4.12788231951e-24, 5.34189625973e-24, 5.13908524859e-24, 7.25175375482e-24, 8.17401261683e-24, 5.03843527455e-24, 6.21357454379e-24, 5.87896933008e-24, 7.8689719377e-24, 7.1965405912e-24, 7.49935747144e-24, 7.04746165733e-24, 8.20830361152e-24, 7.6653700935e-24, 6.39292877591e-24, 8.07587910908e-24],
        "var": [1.60409435921e-05, 2.46021845669e-05, 2.21459085878e-05, 7.04018384567e-06, 3.47856911276e-07, 8.95348790664e-08, 1.2233304858e-07, 1.18465926846e-07, 4.80710440343e-08, 2.18286491105e-08, 4.4760952278e-08, 6.24462188625e-08, 3.25824913716e-08, 9.2204972546e-09, 1.80874408784e-08, 1.33755824194e-08, 1.86178255035e-08, 1.2817404027e-08, 4.4852821901e-08, 3.68064423384e-09, 2.4300128576e-09, 1.491477164e-09, 1.42670841807e-09, 1.08322883996e-09, 1.04914665844e-09, 6.5960614748e-10, 4.16286449756e-10, 3.87570586735e-10, 2.81413670145e-10, 2.10411146839e-10, 1.4324666453e-10, 1.12101335159e-10, 8.21646223281e-11, 1.0396521144e-10, 9.94204232829e-11, 1.22113666401e-10, 4.47075397536e-11, 3.83573520168e-11, 3.6201857484e-11, 2.74308735448e-11]
    },
    "mfcc": {
        "mean": [-629.487243652, 60.3322219849, -6.65529680252, 10.8323364258, 4.29157733917, 6.30805492401, 1.93331634998, 1.37257659435, 0.336138159037, 1.99567508698, -1.72204327583, 1.95149242878, 0.308290451765],
        "cov": [[10548.8339844, -290.763427734, 574.131713867, 798.936584473, 956.203186035, 844.812438965, 1040.51672363, 669.002685547, 591.893737793, 414.220306396, 473.498809814, 101.049789429, 78.8486557007], [-290.763427734, 833.253601074, 152.110900879, 77.051864624, -109.884231567, -116.430267334, -96.5198059082, -111.323707581, -117.708068848, -83.9901275635, -92.1208724976, -8.40411090851, -5.41454648972], [574.131713867, 152.110900879, 744.735961914, 256.160797119, 222.378143311, 161.770126343, 120.611808777, 95.970741272, 23.4720420837, 16.752986908, 36.5187416077, 5.50802326202, 35.9811668396], [798.936584473, 77.051864624, 256.160797119, 503.598999023, 320.385009766, 180.621887207, 211.280715942, 131.238967896, 126.844291687, 78.8785247803, 126.314598083, 27.2547035217, 2.21841049194], [956.203186035, -109.884231567, 222.378143311, 320.385009766, 531.147033691, 401.783050537, 352.176635742, 232.593292236, 210.773040771, 156.678390503, 150.751525879, 43.6381721497, 46.1068229675], [844.812438965, -116.430267334, 161.770126343, 180.621887207, 401.783050537, 473.937713623, 353.472106934, 223.352035522, 187.424453735, 142.339187622, 112.318954468, 34.1011734009, 35.05311203], [1040.51672363, -96.5198059082, 120.611808777, 211.280715942, 352.176635742, 353.472106934, 436.356323242, 271.072021484, 212.631103516, 160.938751221, 172.843200684, 60.2447471619, 48.5644607544], [669.002685547, -111.323707581, 95.970741272, 131.238967896, 232.593292236, 223.352035522, 271.072021484, 266.53225708, 191.534851074, 119.407691956, 131.467132568, 40.0668411255, 34.8205718994], [591.893737793, -117.708068848, 23.4720420837, 126.844291687, 210.773040771, 187.424453735, 212.631103516, 191.534851074, 261.287628174, 170.51322937, 130.720474243, 55.4877967834, 32.4995002747], [414.220306396, -83.9901275635, 16.752986908, 78.8785247803, 156.678390503, 142.339187622, 160.938751221, 119.407691956, 170.51322937, 189.512176514, 131.500656128, 59.361782074, 43.3756256104], [473.498809814, -92.1208724976, 36.5187416077, 126.314598083, 150.751525879, 112.318954468, 172.843200684, 131.467132568, 130.720474243, 131.500656128, 207.680389404, 94.4091339111, 56.6672363281], [101.049789429, -8.40411090851, 5.50802326202, 27.2547035217, 43.6381721497, 34.1011734009, 60.2447471619, 40.0668411255, 55.4877967834, 59.361782074, 94.4091339111, 130.93460083, 89.3831863403], [78.8486557007, -5.41454648972, 35.9811668396, 2.21841049194, 46.1068229675, 35.05311203, 48.5644607544, 34.8205718994, 32.4995002747, 43.3756256104, 56.6672363281, 89.3831863403, 133.842224121]],
