{
"lowlevel": {
    "average_loudness": 0.806191623211,
    "barkbands_crest": {
        "dmean": 2.81305837631,
        "dmean2": 4.3260140419,
        "dvar": 7.94430160522,
        "dvar2": 17.9311199188,
        "max": 24.9870567322,
        "mean": 12.0245923996,
        "median": 11.6900815964,
        "min": 1.98085153103,
        "var": 21.2681655884
    },
    "barkbands_flatness_db": {
        "dmean": 0.0229641143233,
        "dmean2": 0.0341743119061,
        "dvar": 0.000618857913651,
        "dvar2": 0.00133218592964,
        "max": 0.489245057106,
        "mean": 0.139771834016,
        "median": 0.115432389081,
        "min": 0.0117222061381,
        "var": 0.00775267416611
    },
    "barkbands_kurtosis": {
        "dmean": 3.21419930458,
        "dmean2": 4.98982429504,
        "dvar": 30.7672786713,
        "dvar2": 71.8167266846,
        "max": 114.313034058,
        "mean": 5.0732717514,
        "median": 2.13521051407,
        "min": -1.85504829884,
        "var": 67.1734466553
    },
    "barkbands_skewness": {
        "dmean": 0.555658042431,
        "dmean2": 0.820880353451,
        "dvar": 0.43982475996,
        "dvar2": 0.940468132496,
        "max": 8.83270168304,
        "mean": 1.70304739475,
        "median": 1.52870106697,
        "min": -2.09011745453,
        "var": 1.25296854973
    },
    "barkbands_spread": {
        "dmean": 6.42446994781,
        "dmean2": 9.55854225159,
        "dvar": 74.1485214233,
        "dvar2": 151.766372681,
        "max": 108.091552734,
        "mean": 27.0239524841,
        "median": 23.7537021637,
        "min": 0.267443716526,
        "var": 355.528930664
    },
    "dissonance": {
        "dmean": 0.0179374888539,
        "dmean2": 0.03044927679,
        "dvar": 0.00042506493628,
        "dvar2": 0.00119260954671,
        "max": 0.500000119209,
        "mean": 0.45855268836,
        "median": 0.475472360849,
        "min": 0.184689030051,
        "var": 0.00236557214521
    },
    "dynamic_complexity": 4.9873585701,
    "erbbands_crest": {
        "dmean": 2.18822574615,
        "dmean2": 3.52280163765,
        "dvar": 4.67969894409,
        "dvar2": 11.2881631851,
        "max": 28.3472480774,
        "mean": 8.14715480804,
        "median": 6.96491479874,
        "min": 2.21687340736,
        "var": 18.2232589722
    },
    "erbbands_flatness_db": {
        "dmean": 0.0149574913085,
        "dmean2": 0.021709356457,
        "dvar": 0.000259682943579,
        "dvar2": 0.000515669642482,
        "max": 0.462320834398,
        "mean": 0.13961315155,
        "median": 0.115026317537,
        "min": 0.0504870600998,
        "var": 0.00485608913004
    },
    "erbbands_kurtosis": {
        "dmean": 0.841356933117,
        "dmean2": 1.32986688614,
        "dvar": 1.82015144825,
        "dvar2": 4.28873682022,
        "max": 25.5560569763,
        "mean": 0.793424606323,
        "median": -0.1526658535,
        "min": -1.87506043911,
        "var": 8.19443416595
    },
    "erbbands_skewness": {
        "dmean": 0.334788650274,
        "dmean2": 0.507063150406,
        "dvar": 0.104009978473,
        "dvar2": 0.236815214157,
        "max": 4.38535118103,
        "mean": 0.481633991003,
        "median": 0.363663226366,
        "min": -2.03194308281,
        "var": 0.556827127934
    },
    "erbbands_spread": {
        "dmean": 8.43529605865,
        "dmean2": 12.5567522049,
        "dvar": 137.819976807,
        "dvar2": 288.789703369,
        "max": 169.717590332,
        "mean": 41.5531730652,
        "median": 40.5181541443,
        "min": 2.2836420536,
        "var": 501.435455322
    },
    "hfc": {
        "dmean": 8.04994678497,
        "dmean2": 12.3496007919,
        "dvar": 241.364868164,
        "dvar2": 575.49432373,
        "max": 219.968826294,
        "mean": 30.9544887543,
        "median": 20.1048603058,
        "min": 1.11860534208e-16,
        "var": 1018.06066895
    },
    "melbands_crest": {
        "dmean": 3.61738681793,
        "dmean2": 5.69262123108,
        "dvar": 14.4363222122,
        "dvar2": 34.6413879395,
        "max": 35.4553871155,
        "mean": 17.7042999268,
        "median": 17.074174881,
        "min": 1.00108063221,
        "var": 42.1099128723
    },
    "melbands_flatness_db": {
        "dmean": 0.0281494837254,
        "dmean2": 0.0413374826312,
        "dvar": 0.000963679631241,
        "dvar2": 0.00200952962041,
        "max": 0.614338636398,
        "mean": 0.219789415598,
        "median": 0.197914168239,
        "min": -6.90292125682e-08,
        "var": 0.0108733242378
    },
    "melbands_kurtosis": {
        "dmean": 10.2849054337,
        "dmean2": 16.1468067169,
        "dvar": 537.020141602,
        "dvar2": 1325.57348633,
        "max": 362.140411377,
        "mean": 17.1362133026,
        "median": 9.92613220215,
        "min": -1.72928750515,
        "var": 600.418334961
    },
    "melbands_skewness": {
        "dmean": 0.884374797344,
        "dmean2": 1.30974900723,
        "dvar": 1.62122249603,
        "dvar2": 3.52906179428,
        "max": 16.0688381195,
        "mean": 3.02857089043,
        "median": 2.70468521118,
        "min": -1.34357404709,
        "var": 3.36756658554
    },
    "melbands_spread": {
        "dmean": 6.97100782394,
        "dmean2": 10.4654598236,
        "dvar": 103.458366394,
        "dvar2": 226.036773682,
        "max": 188.544754028,
        "mean": 22.6850032806,
        "median": 17.8020496368,
        "min": 0.569279491901,
        "var": 372.3125
    },
    "pitch_salience": {
        "dmean": 0.0814099609852,
        "dmean2": 0.130489125848,
        "dvar": 0.00866062752903,
        "dvar2": 0.0226047858596,
        "max": 0.997745811939,
        "mean": 0.505147278309,
        "median": 0.505569934845,
        "min": 0.116297625005,
        "var": 0.0161031931639
    },
    "silence_rate_20dB": {
        "dmean": 0,
        "dmean2": 0,
        "dvar": 0,
        "dvar2": 0,
        "max": 1,
        "mean": 1,
        "median": 1,
        "min": 1,
        "var": 0
    },
    "silence_rate_30dB": {
        "dmean": 0.0469483584166,
        "dmean2": 0.0939051955938,
        "dvar": 0.044739920646,
        "dvar2": 0.0921231731772,
        "max": 1,
        "mean": 0.948451757431,
        "median": 1,
        "min": 0,
        "var": 0.0488914735615
    },
    "silence_rate_60dB": {
        "dmean": 0.022029614076,
        "dmean2": 0.0440632067621,
        "dvar": 0.0215470697731,
        "dvar2": 0.05134184286,
        "max": 1,
        "mean": 0.127471342683,
        "median": 0,
        "min": 0,
        "var": 0.111210823059
    },
    "spectral_centroid": {
        "dmean": 253.148208618,
        "dmean2": 383.464569092,
        "dvar": 128672.101562,
        "dvar2": 248471.75,
        "max": 11453.0214844,
        "mean": 1433.72058105,
        "median": 1360.82800293,
        "min": 147.383285522,
        "var": 893106.25
    },
    "spectral_complexity": {
        "dmean": 3.83748650551,
        "dmean2": 5.86221218109,
        "dvar": 23.2746810913,
        "dvar2": 46.7139968872,
        "max": 64,
        "mean": 21.4563503265,
        "median": 19,
        "min": 0,
        "var": 208.656051636
    },
    "spectral_decrease": {
        "dmean": 3.19683568506e-09,
        "dmean2": 4.74443195841e-09,
        "dvar": 4.72131830373e-17,
        "dvar2": 1.0492064107e-16,
        "max": 1.29570800906e-28,
        "mean": -8.9292875316e-09,
        "median": -6.27656593366e-09,
        "min": -6.72040414429e-08,
        "var": 9.06711447646e-17
    },
    "spectral_energy": {
        "dmean": 0.0123833687976,
        "dmean2": 0.0183842219412,
        "dvar": 0.000697302108165,
        "dvar2": 0.00154784705956,
        "max": 0.263328105211,
        "mean": 0.0365087650716,
        "median": 0.025795571506,
        "min": 1.03435704425e-20,
        "var": 0.00144153356086
    },
    "spectral_energyband_high": {
        "dmean": 0.000708643114194,
        "dmean2": 0.0010620423127,
        "dvar": 1.92442553271e-06,
        "dvar2": 4.35538413512e-06,
        "max": 0.0234630089253,
        "mean": 0.00217559654266,
        "median": 0.00116677873302,
        "min": 7.29035390536e-21,
        "var": 7.09715186531e-06
    },
    "spectral_energyband_low": {
        "dmean": 0.00890202820301,
        "dmean2": 0.0136436950415,
        "dvar": 0.000404837774113,
        "dvar2": 0.000998372444883,
        "max": 0.2093860358,
        "mean": 0.0197175554931,
        "median": 0.0107136527076,
        "min": 1.32138098597e-23,
        "var": 0.000630296126474
    },
    "spectral_energyband_middle_high": {
        "dmean": 0.00185611029156,
        "dmean2": 0.00294510019012,
        "dvar": 1.2000939023e-05,
        "dvar2": 3.09061870212e-05,
        "max": 0.0489341020584,
        "mean": 0.00554408086464,
        "median": 0.00355285033584,
        "min": 1.30691426778e-21,
        "var": 3.55840238626e-05
    },
    "spectral_energyband_middle_low": {
        "dmean": 0.00669716577977,
        "dmean2": 0.0103500317782,
        "dvar": 0.000401504541514,
        "dvar2": 0.000830634206068,
        "max": 0.23734754324,
        "mean": 0.0108454599977,
        "median": 0.00597679940984,
        "min": 1.93308320097e-22,
        "var": 0.000541738700122
    },
    "spectral_entropy": {
        "dmean": 0.148866564035,
        "dmean2": 0.224178671837,
        "dvar": 0.0288157574832,
        "dvar2": 0.0608456134796,
        "max": 9.81633281708,
        "mean": 7.61676025391,
        "median": 7.97411489487,
        "min": 4.22931957245,
        "var": 0.735828340054
    },
    "spectral_flux": {
        "dmean": 0.0291479770094,
        "dmean2": 0.0432570800185,
        "dvar": 0.0023028482683,
        "dvar2": 0.00454558804631,
        "max": 0.49089589715,
        "mean": 0.0858281552792,
        "median": 0.0689412727952,
        "min": 6.53566645248e-11,
        "var": 0.00585421081632
    },
    "spectral_kurtosis": {
        "dmean": 2.81205058098,
        "dmean2": 4.64359426498,
        "dvar": 52.2332649231,
        "dvar2": 139.351776123,
        "max": 145.688446045,
        "mean": 7.96723985672,
        "median": 2.72206687927,
        "min": -1.27427709103,
        "var": 226.814910889
    },
    "spectral_rms": {
        "dmean": 0.000814410683233,
        "dmean2": 0.0011861147359,
        "dvar": 1.71650776792e-06,
        "dvar2": 3.662713425e-06,
        "max": 0.016028271988,
        "mean": 0.00523037509993,
        "median": 0.00501661375165,
        "min": 3.17667875512e-12,
        "var": 8.26155610412e-06
    },
    "spectral_rolloff": {
        "dmean": 579.715515137,
        "dmean2": 928.048828125,
        "dvar": 997844,
        "dvar2": 2028737.125,
        "max": 19186.0839844,
        "mean": 1487.73815918,
        "median": 882.861328125,
        "min": 64.599609375,
        "var": 3324388.5
    },
    "spectral_skewness": {
        "dmean": 0.260705828667,
        "dmean2": 0.425660759211,
        "dvar": 0.186534762383,
        "dvar2": 0.504558801651,
        "max": 10.0122528076,
        "mean": 1.89417684078,
        "median": 1.41648817062,
        "min": -0.0350678637624,
        "var": 1.54094564915
    },
    "spectral_spread": {
        "dmean": 524727.5,
        "dmean2": 798745.5,
        "dvar": 674183774208,
        "dvar2": 1.20333441434e+12,
        "max": 43105300,
        "mean": 5484790.5,
        "median": 5993454.5,
        "min": 589895.125,
        "var": 7.27755102618e+12
    },
    "spectral_strongpeak": {
        "dmean": 0.288672536612,
        "dmean2": 0.479506969452,
        "dvar": 0.345356523991,
        "dvar2": 0.872858643532,
        "max": 9.48675251007,
        "mean": 0.552677929401,
        "median": 0.343140035868,
        "min": 0,
        "var": 0.509111583233
    },
    "zerocrossingrate": {
        "dmean": 0.0124039128423,
        "dmean2": 0.0145864048973,
        "dvar": 0.00024663383374,
        "dvar2": 0.000322371430229,
        "max": 0.771484375,
        "mean": 0.0674889609218,
        "median": 0.05908203125,
        "min": 0.00390625,
        "var": 0.0026997779496
    },
    "barkbands": {
        "dmean": [0.000642171246, 0.00596575858071, 0.00349069503136, 0.00363592337817, 0.0021264962852, 0.000937359814998, 0.000598480226472, 0.000488223508, 0.000699665513821, 0.000636259443127, 0.000445661280537, 0.000525003299117, 0.000308932183543, 0.000290903932182, 0.000241710979026, 0.000241213710979, 0.000202742041438, 0.000155845700647, 0.000171428793692, 0.000151176573127, 0.000161803895026, 0.000143537297845, 0.000149129875354, 0.000154285269673, 0.000141295007779, 7.21981923562e-05, 2.00247031898e-05],
        "dmean2": [0.000993574503809, 0.00907583162189, 0.00614947127178, 0.00549748307094, 0.00355148385279, 0.00164855539333, 0.00096033886075, 0.000800401321612, 0.00112470751628, 0.00103919010144, 0.000716106966138, 0.000848429393955, 0.000497680215631, 0.000476755754789, 0.000400528835598, 0.000396789429942, 0.000332341063768, 0.000254900864093, 0.000286522699753, 0.000245254021138, 0.000262877147179, 0.00023028315627, 0.000238264037762, 0.00024470849894, 0.00021614630532, 0.000106546882307, 3.05496978399e-05],
        "dvar": [2.33517926063e-06, 0.000147773433127, 0.000158238894073, 0.000244738534093, 3.51791095454e-05, 7.44689896237e-06, 1.8610060124e-06, 1.6851553255e-06, 1.96063024305e-06, 2.58461614067e-06, 1.32510490403e-06, 1.1985864603e-06, 4.27852455687e-07, 3.00273370613e-07, 2.01593010729e-07, 2.30632792864e-07, 1.24113853417e-07, 7.32806242354e-08, 1.13907127286e-07, 7.94104408897e-08, 9.47663991724e-08, 6.91825050581e-08, 8.34160758245e-08, 7.50855022602e-08, 8.54928927652e-08, 2.28194867447e-08, 1.51923273961e-09],
        "dvar2": [5.72430099055e-06, 0.000361650047125, 0.000450257328339, 0.000477537192637, 9.6825453511e-05, 2.10567231989e-05, 4.33162085756e-06, 4.27080613008e-06, 4.9391956054e-06, 6.33265426586e-06, 3.18806542055e-06, 2.87352509076e-06, 1.02360604615e-06, 7.65840468375e-07, 5.04643708155e-07, 5.95364667788e-07, 3.12860152007e-07, 1.83040285151e-07, 3.03718849182e-07, 2.07663305218e-07, 2.42844720333e-07, 1.70853638792e-07, 2.01808433076e-07, 1.81828056611e-07, 2.07146470643e-07, 4.775901985e-08, 3.26684257423e-09],
        "max": [0.0393129065633, 0.134118124843, 0.122705072165, 0.212463080883, 0.0729768872261, 0.0324789360166, 0.0382423736155, 0.0352059490979, 0.0276668500155, 0.0303556937724, 0.0409651212394, 0.0285843405873, 0.0182426162064, 0.0153204360977, 0.00930884294212, 0.0181579682976, 0.00614477321506, 0.00570320757106, 0.00629902072251, 0.00606266455725, 0.00590101350099, 0.00326621765271, 0.00506384624168, 0.00503683742136, 0.00418608309701, 0.00231820554473, 0.000733580614906],
        "mean": [0.00115987705067, 0.0135137578472, 0.00336582586169, 0.00386119331233, 0.0027249304112, 0.00118413369637, 0.001002806006, 0.000721391232219, 0.00115536700469, 0.0010101434309, 0.000722376222257, 0.000888805254363, 0.000553965277504, 0.000483089883346, 0.000407191808335, 0.000426022073952, 0.000371232803445, 0.000300743733533, 0.000324143678881, 0.000317306083161, 0.000345122913131, 0.000334192358423, 0.000356981880032, 0.000392079818994, 0.000353778188583, 0.000188405843801, 4.39843570348e-05],
        "median": [0.000215174775803, 0.00697014853358, 0.00090630131308, 0.000495394226164, 0.000873522600159, 0.0004074149183, 0.000285801215796, 0.000242640991928, 0.000529026321601, 0.000269510317594, 0.000240054825554, 0.000375777599402, 0.000239258093643, 0.00022557626653, 0.000202079711016, 0.000183396725333, 0.000177029694896, 0.000173901353264, 0.000177968948265, 0.000147410464706, 0.000165500183357, 0.000165219389601, 0.000163544493262, 0.000194238455151, 0.000166827026987, 7.05285565346e-05, 3.32293507199e-06],
        "min": [1.41509635989e-24, 1.79490389512e-24, 4.37211168362e-24, 4.00317563774e-24, 1.19880422865e-23, 7.29998234398e-24, 1.18618237528e-23, 8.00220107826e-24, 2.28896116917e-23, 7.73300702752e-24, 2.05043187731e-23, 3.91808594506e-23, 2.64792143781e-23, 4.70702983845e-23, 6.66241565182e-23, 5.41586332919e-23, 7.92469470546e-23, 1.56337224125e-22, 1.429802439e-22, 2.13446373907e-22, 2.32554831708e-22, 3.47316751099e-22, 4.02667523613e-22, 6.8335902641e-22, 8.35046249976e-22, 1.40979000971e-21, 2.02107163562e-21],
        "var": [6.83000371282e-06, 0.000294638215564, 0.000105808270746, 0.000325433386024, 3.21952866216e-05, 6.45827094559e-06, 4.29405554314e-06, 2.33920172832e-06, 3.42038492818e-06, 5.0013377404e-06, 2.84242673843e-06, 2.68326630248e-06, 1.01012562936e-06, 5.37306220849e-07, 3.86593569601e-07, 4.15058025283e-07, 2.49960265819e-07, 1.54672449071e-07, 1.85273648867e-07, 1.85076018511e-07, 2.10293507052e-07, 1.91648666714e-07, 2.25200480486e-07, 2.432382189e-07, 2.30336368645e-07, 7.20941102372e-08, 4.58474147536e-09]
    },
    "erbbands": {
        "dmean": [0.198816329241, 1.37791895866, 3.92473697662, 7.85401773453, 10.2431964874, 5.91530323029, 5.76264619827, 8.58075428009, 8.880443573, 8.8837556839, 11.4832487106, 14.7971315384, 18.6529369354, 17.1205158234, 18.2085952759, 18.0373687744, 14.3168325424, 12.5398521423, 12.8478765488, 12.5326929092, 13.766125679, 11.4718103409, 8.30643749237, 8.63670825958, 8.25603485107, 6.8154335022, 6.48630285263, 6.58911037445, 5.30358123779, 4.68139696121, 4.37176561356, 3.4990029335, 2.69511437416, 1.74730098248, 1.01037633419, 0.422079890966, 0.11485670507, 0.0301196258515, 0.00335161411203, 5.41856097698e-05],
        "dmean2": [0.290725469589, 2.14721441269, 6.81904649734, 12.4237260818, 15.754240036, 9.9284286499, 9.96434783936, 15.0842027664, 14.6458911896, 14.1662826538, 18.9052181244, 23.7607727051, 31.1879291534, 28.1027431488, 29.0666313171, 29.0525684357, 22.6366558075, 20.540096283, 21.1794567108, 20.6822090149, 22.7038440704, 18.6561660767, 13.4324903488, 14.3743505478, 13.7065544128, 11.2476177216, 10.5308904648, 10.8098907471, 8.61325454712, 7.46032524109, 6.99183320999, 5.56493663788, 4.34768915176, 2.69436526299, 1.57433271408, 0.641379714012, 0.169605135918, 0.0439401380718, 0.0051762140356, 8.13608130557e-05],
        "dvar": [0.122678756714, 11.6297922134, 189.267791748, 817.667541504, 1187.02099609, 270.580474854, 278.571746826, 671.248718262, 434.358886719, 439.46875, 1038.98095703, 887.747924805, 2109.52148438, 1815.25744629, 1711.41333008, 1443.11950684, 901.063842773, 627.492797852, 805.530090332, 528.37890625, 888.084350586, 406.99508667, 207.228820801, 276.846099854, 255.55947876, 171.251449585, 146.228088379, 181.1121521, 100.575752258, 72.3487091064, 72.7767486572, 38.2478294373, 25.6627426147, 12.3785066605, 4.52013397217, 0.749383628368, 0.0561097562313, 0.00363179156557, 4.34034736827e-05, 9.81809034073e-09],
        "dvar2": [0.2791852355, 28.0376968384, 519.648132324, 1742.59228516, 2429.47045898, 740.723999023, 772.703918457, 1904.36572266, 1040.84399414, 1031.25817871, 2787.79907227, 2202.16113281, 5539.86328125, 4671.77197266, 4029.22680664, 3502.0012207, 2065.37841797, 1558.08410645, 1966.18615723, 1359.01281738, 2288.38256836, 1004.7364502, 509.41494751, 745.581298828, 671.406860352, 454.951660156, 364.062408447, 479.23046875, 257.00177002, 172.316101074, 173.899093628, 91.2706298828, 65.3605804443, 30.0832500458, 11.139799118, 1.74778020382, 0.106394827366, 0.0071568293497, 9.57406227826e-05, 2.05145429533e-08],
        "max": [3.81258964539, 38.0830497742, 138.086273193, 351.984069824, 429.961120605, 180.879104614, 180.720489502, 322.174468994, 504.330169678, 504.280181885, 775.503479004, 808.950378418, 801.563964844, 580.727905273, 1365.54638672, 946.827758789, 905.737915039, 695.395324707, 1286.6394043, 462.067138672, 1243.9576416, 396.212005615, 392.728820801, 301.00994873, 259.222503662, 335.81729126, 316.644470215, 153.431732178, 115.808105469, 132.501556396, 147.586135864, 113.720054626, 103.703636169, 48.9673309326, 33.4746742249, 13.2912950516, 3.78807735443, 1.08639705181, 0.115697383881, 0.00181460112799],
        "mean": [0.515630185604, 2.52052259445, 4.17300844193, 8.54926013947, 12.1155452728, 7.67233037949, 7.67446422577, 10.9481935501, 14.1531000137, 14.8177852631, 17.8969631195, 24.4644966125, 30.2759437561, 29.3112983704, 33.0783958435, 32.3387832642, 27.6980991364, 22.5306301117, 22.5448570251, 22.5675506592, 25.05950737, 22.0463695526, 16.9211044312, 17.1674137115, 16.1515827179, 14.418504715, 14.1451377869, 13.1955413818, 11.6237020493, 11.4431152344, 10.1847991943, 8.29895973206, 6.48783445358, 4.14524364471, 2.42479300499, 1.0294213295, 0.300934046507, 0.0758996084332, 0.00700454879552, 0.000155837929924],
        "median": [0.239809796214, 1.17702817917, 1.37455642223, 1.77396309376, 2.74557924271, 2.41895008087, 2.78704214096, 3.50652241707, 4.4291677475, 4.47522068024, 7.58486318588, 11.5111637115, 11.2388076782, 10.6672925949, 14.5789518356, 15.0802755356, 12.9747238159, 10.2982606888, 11.4104127884, 12.8555421829, 11.2368268967, 11.1310348511, 9.90115356445, 9.93465709686, 8.47134494781, 6.76209545135, 6.90406036377, 5.97301721573, 5.81196689606, 5.08705997467, 4.65955257416, 4.03719758987, 3.10734772682, 1.96397769451, 1.07138228416, 0.41359102726, 0.101764217019, 0.0160485412925, 0.000534746039193, 5.54002908757e-05],
        "min": [6.22049451054e-23, 4.1758423962e-22, 3.18522212294e-21, 1.91329686805e-20, 1.79812876986e-20, 4.72224907062e-20, 4.88837149455e-20, 7.34648699565e-20, 1.91469448017e-19, 2.94250865503e-19, 3.12988134889e-19, 4.94922736608e-19, 6.543011053e-19, 8.33026608135e-19, 1.31249719731e-18, 1.84961555434e-18, 2.06749244614e-18, 3.11414475472e-18, 3.30864242049e-18, 4.67738665868e-18, 3.89829832694e-18, 4.91451493847e-18, 9.2340446526e-18, 8.20723557973e-18, 6.77605057903e-18, 8.46663445675e-18, 1.02652659068e-17, 1.10861458847e-17, 1.23893871377e-17, 1.33193275706e-17, 9.62322734054e-18, 1.27456579635e-17, 1.17338556013e-17, 8.48425257661e-18, 6.53241900526e-18, 4.1815282774e-18, 2.70515026393e-18, 1.00389286117e-18, 2.98260106534e-19, 2.7557221608e-20],
        "var": [0.42054438591, 15.194355011, 134.012969971, 993.488037109, 1576.64257812, 275.295379639, 265.346496582, 590.12298584, 918.277038574, 1050.69396973, 1188.71374512, 1537.3458252, 3477.99267578, 3141.59179688, 3785.99560547, 3120.14086914, 2398.94799805, 1248.05041504, 1347.40270996, 989.383056641, 1582.59545898, 854.670288086, 456.266235352, 472.575561523, 473.246063232, 365.814086914, 344.854797363, 344.899139404, 243.614715576, 226.008483887, 187.055297852, 111.540725708, 78.2613296509, 32.1961174011, 11.1517829895, 2.09878492355, 0.187397673726, 0.01215971075, 0.000123400430311, 3.8801967861e-08]
    },
    "gfcc": {
        "mean": [-16.1852397919, 80.2184295654, -96.7421875, 28.5809078217, -49.1527481079, 23.5247421265, -29.9309768677, 15.2460613251, -20.0195789337, 2.88351225853, -14.128276825, 1.9382994175, -8.54331970215],
        "cov": [[27267.8515625, -6241.42236328, -104.02620697, 1167.56604004, 232.9662323, 2139.74316406, 365.882415771, 1453.80847168, -88.7874755859, 1124.06420898, -293.935852051, 877.108642578, -538.317321777], [-6241.42236328, 4191.77880859, 192.487197876, -241.155014038, 34.9567604065, -949.434997559, -136.20135498, -565.783203125, 141.982894897, -555.533996582, 172.711532593, -456.693481445, 286.490997314], [-104.02620697, 192.487197876, 639.366638184, 126.511474609, 48.8234939575, -78.1579055786, -85.5308685303, -40.0868415833, -23.0554237366, -28.9158802032, -21.3155479431, -4.94963884354, -17.366394043], [1167.56604004, -241.155014038, 126.511474609, 355.955047607, 59.6618652344, 126.052131653, -9.56315422058, 42.8702507019, -17.1191711426, 21.8802223206, -25.8224430084, 32.6529464722, -9.43564319611], [232.9662323, 34.9567604065, 48.8234939575, 59.6618652344, 263.772033691, 97.0161743164, 121.870437622, 30.6689853668, 40.9788322449, 15.8908987045, 14.4596481323, -12.0174913406, -0.936740934849], [2139.74316406, -949.434997559, -78.1579055786, 126.052131653, 97.0161743164, 470.386047363, 146.041122437, 196.535690308, -6.955555439, 160.528060913, -8.50107479095, 105.445266724, -57.7801818848], [365.882415771, -136.20135498, -85.5308685303, -9.56315422058, 121.870437622, 146.041122437, 237.536407471, 72.0363464355, 74.8174972534, 56.612285614, 7.6177687645, -5.69958019257, -1.19572937489], [1453.80847168, -565.783203125, -40.0868415833, 42.8702507019, 30.6689853668, 196.535690308, 72.0363464355, 240.738540649, 35.108341217, 123.666183472, 9.80812358856, 88.5952377319, -19.3973083496], [-88.7874755859, 141.982894897, -23.0554237366, -17.1191711426, 40.9788322449, -6.955555439, 74.8174972534, 35.108341217, 121.509422302, 33.1158256531, 29.1731586456, -13.663933754, 16.5207862854], [1124.06420898, -555.533996582, -28.9158802032, 21.8802223206, 15.8908987045, 160.528060913, 56.612285614, 123.666183472, 33.1158256531, 169.968933105, 21.3816986084, 79.760269165, -30.3124656677], [-293.935852051, 172.711532593, -21.3155479431, -25.8224430084, 14.4596481323, -8.50107479095, 7.6177687645, 9.80812358856, 29.1731586456, 21.3816986084, 98.3217773438, 20.0302734375, 34.7365036011], [877.108642578, -456.693481445, -4.94963884354, 32.6529464722, -12.0174913406, 105.445266724, -5.69958019257, 88.5952377319, -13.663933754, 79.760269165, 20.0302734375, 127.472595215, 1.22320592403], [-538.317321777, 286.490997314, -17.366394043, -9.43564319611, -0.936740934849, -57.7801818848, -1.19572937489, -19.3973083496, 16.5207862854, -30.3124656677, 34.7365036011, 1.22320592403, 100.931419373]],
        "icov": [[8.76391932252e-05, -5.895223876e-05, 4.13102206949e-05, -0.000170105762663, 5.71910368308e-06, -0.000166612750036, 3.8050879084e-05, -0.000245080533205, 6.6549575422e-05, -0.000267829047516, 0.000345926411683, -0.000340963131748, 0.000277734681731], [-5.895223876e-05, 0.00140553072561, -0.00032165099401, 0.000149077473907, -0.000271926342975, 0.00104476872366, 6.74933326081e-05, 0.000578636769205, -0.00120132195298, 0.0023825513199, -0.00272187334485, 0.00292717432603, -0.00182434439193], [4.13102206949e-05, -0.00032165099401, 0.00202952045947, -0.000787770666648, -0.000715499860235, 0.000339771708241, 0.000701382406987, -0.000152639811859, 0.000291778938845, -0.000788216420915, 0.00096290523652, -0.00100325210951, 0.000972008274402], [-0.000170105762663, 0.000149077473907, -0.000787770666648, 0.00412897253409, -0.000778766639996, -0.00121163344011, 0.00118335639127, 0.000524586823303, -0.000668706838042, 0.000987080973573, 0.000385671883123, 0.000496981258038, -0.00139882299118], [5.71910368308e-06, -0.000271926342975, -0.000715499860235, -0.000778766639996, 0.00588878476992, -0.00097226066282, -0.00293406494893, 4.49843792012e-05, -0.000173887790879, 0.000555463077035, -0.000890959927347, 0.000123343706946, 0.000578814768232], [-0.000166612750036, 0.00104476872366, 0.000339771708241, -0.00121163344011, -0.00097226066282, 0.00696552032605, -0.00296283117495, -0.00133038300555, 0.00225411402062, -0.000422247569077, -0.00227264291607, 0.00101410609204, 5.28529271833e-05], [3.8050879084e-05, 6.74933326081e-05, 0.000701382406987, 0.00118335639127, -0.00293406494893, -0.00296283117495, 0.00939460936934, -0.000210830097785, -0.00444632768631, -0.000483657146106, 0.00140225281939, 0.00206341268495, -0.00133498001378], [-0.000245080533205, 0.000578636769205, -0.000152639811859, 0.000524586823303, 4.49843792012e-05, -0.00133038300555, -0.000210830097785, 0.00939928274602, -0.00297007896006, -0.00103824073449, -0.000805629766546, -0.00134677137248, -0.00141617655754], [6.6549575422e-05, -0.00120132195298, 0.000291778938845, -0.000668706838042, -0.000173887790879, 0.00225411402062, -0.00444632768631, -0.00297007896006, 0.0152029590681, -0.005943832919, -0.00042622856563, 0.000818193191662, 0.000281082844594], [-0.000267829047516, 0.0023825513199, -0.000788216420915, 0.000987080973573, 0.000555463077035, -0.000422247569077, -0.000483657146106, -0.00103824073449, -0.005943832919, 0.0185381025076, -0.00729545904323, 0.000103215170384, 0.000373511225916], [0.000345926411683, -0.00272187334485, 0.00096290523652, 0.000385671883123, -0.000890959927347, -0.00227264291607, 0.00140225281939, -0.000805629766546, -0.00042622856563, -0.00729545904323, 0.0197984892875, -0.00836170185357, -0.000508572091348], [-0.000340963131748, 0.00292717432603, -0.00100325210951, 0.000496981258038, 0.000123343706946, 0.00101410609204, 0.00206341268495, -0.00134677137248, 0.000818193191662, 0.000103215170384, -0.00836170185357, 0.022120853886, -0.00739933317527], [0.000277734681731, -0.00182434439193, 0.000972008274402, -0.00139882299118, 0.000578814768232, 5.28529271833e-05, -0.00133498001378, -0.00141617655754, 0.000281082844594, 0.000373511225916, -0.000508572091348, -0.00739933317527, 0.0166823584586]]
    },
    "melbands": {
        "dmean": [0.00161567493342, 0.00188206590246, 0.0014880389208, 0.000557160354219, 0.000207052245969, 0.000189147947822, 0.000130191532662, 9.86657032627e-05, 9.91329434328e-05, 9.46282816585e-05, 9.69746397459e-05, 7.4273761129e-05, 6.38370911474e-05, 6.1444567109e-05, 4.4078737119e-05, 2.93774210149e-05, 2.39977744059e-05, 2.37873300648e-05, 1.83219035534e-05, 1.55947145686e-05, 1.69686481968e-05, 1.35541422424e-05, 9.17394754651e-06, 7.9912115325e-06, 7.61703722674e-06, 6.73448994348e-06, 6.08705568084e-06, 4.78516722069e-06, 4.77272169519e-06, 3.90826699004e-06, 3.84920622309e-06, 3.27918678522e-06, 3.09736606141e-06, 2.79929872704e-06, 2.66318374997e-06, 2.6723157589e-06, 2.16134935727e-06, 2.04901630241e-06, 1.85311569112e-06, 1.5014446717e-06],
        "dmean2": [0.00241361837834, 0.00307478592731, 0.00231361668557, 0.000874781457242, 0.000355832919013, 0.000330902665155, 0.000214008541661, 0.000157276721438, 0.000162497686688, 0.000152998356498, 0.000161424119142, 0.000120639502711, 0.000102042438812, 9.93005451164e-05, 6.90594315529e-05, 4.77170506201e-05, 3.9393788029e-05, 3.93450463889e-05, 3.02704884234e-05, 2.55800805462e-05, 2.81679367617e-05, 2.21993468585e-05, 1.49176557898e-05, 1.30748212541e-05, 1.28151750687e-05, 1.12324423753e-05, 1.00405150079e-05, 7.95834785094e-06, 7.83110135671e-06, 6.42232180326e-06, 6.35528249404e-06, 5.42696488992e-06, 4.98001236338e-06, 4.5100537136e-06, 4.28816838394e-06, 4.40439998783e-06, 3.41680265592e-06, 3.34303672389e-06, 2.97510086966e-06, 2.33450646192e-06],
        "dvar": [8.21719368105e-06, 3.54212643288e-05, 3.04817785945e-05, 2.43178237724e-06, 3.59427531293e-07, 3.09301270818e-07, 9.00614836041e-08, 5.10114617214e-08, 6.92297632554e-08, 3.53132314501e-08, 5.59067991901e-08, 3.36583028115e-08, 2.64592152632e-08, 1.98382537064e-08, 9.09418940154e-09, 4.25643698065e-09, 2.16141171627e-09, 3.06650704829e-09, 1.19754417494e-09, 7.88089482562e-10, 1.39005640332e-09, 6.4040106551e-10, 2.85438367387e-10, 1.9959085773e-10, 2.23396606769e-10, 1.62345206722e-10, 1.52237847328e-10, 8.93998833296e-11, 8.50363737759e-11, 5.9866549218e-11, 5.80339595824e-11, 4.1428648706e-11, 3.05930385192e-11, 2.62872536239e-11, 2.84147705365e-11, 2.61243752325e-11, 1.35215632094e-11, 1.42549175589e-11, 1.30276917726e-11, 9.10579511099e-12],
        "dvar2": [1.94749736693e-05, 9.17770084925e-05, 6.27214758424e-05, 5.87233716942e-06, 9.89181216937e-07, 8.76458557286e-07, 2.18495088689e-07, 1.19682354693e-07, 1.86610279229e-07, 8.8724533498e-08, 1.45020905506e-07, 8.39854479295e-08, 6.19672633206e-08, 4.82721347339e-08, 1.92934965781e-08, 1.07600799382e-08, 5.41343636584e-09, 7.43239159107e-09, 3.01051228391e-09, 2.05032124612e-09, 3.60880636485e-09, 1.5863743652e-09, 6.88417434169e-10, 4.96659935401e-10, 6.05842098711e-10, 4.28444529854e-10, 3.97985977507e-10, 2.39161274118e-10, 2.13533093985e-10, 1.53223184141e-10, 1.53669063585e-10, 1.09335263065e-10, 7.35739663638e-11, 6.47730966086e-11, 6.76127764887e-11, 6.88450477182e-11, 3.22081007698e-11, 3.71724630244e-11, 3.28532721861e-11, 2.21279470441e-11],
        "max": [0.0279504656792, 0.0591924600303, 0.0694116801023, 0.0210959874094, 0.00693841092288, 0.00686079170555, 0.00818359665573, 0.00636527454481, 0.00533326948062, 0.00456077838317, 0.00391037808731, 0.00275792065077, 0.00603470858186, 0.00428705476224, 0.00347451632842, 0.00201674643904, 0.00116588000674, 0.0026889804285, 0.00071470515104, 0.0004912057193, 0.00148155377246, 0.000565565133002, 0.000425340636866, 0.000298369122902, 0.000264445523499, 0.000240779772867, 0.000243728529313, 0.000258587708231, 0.000239896122366, 0.000110338463855, 0.000104653816379, 7.70578335505e-05, 9.74706708803e-05, 8.33065569168e-05, 0.000129386025947, 6.36669428786e-05, 6.93806359777e-05, 6.31119546597e-05, 6.82284298819e-05, 4.13111520174e-05],
        "mean": [0.00414979597554, 0.00256453477778, 0.00166983390227, 0.000713863119017, 0.000278969819192, 0.000246942596277, 0.000208657758776, 0.000162957279827, 0.000155263755005, 0.000153464148752, 0.000155124551384, 0.000124266676721, 0.000110862063593, 9.82716737781e-05, 7.79914844315e-05, 5.16348882229e-05, 4.0516089939e-05, 3.80759265681e-05, 3.05899120576e-05, 2.76439150184e-05, 2.83937515633e-05, 2.34642047872e-05, 1.67228245118e-05, 1.47430573634e-05, 1.37451070259e-05, 1.24040334413e-05, 1.08793201434e-05, 9.18176647247e-06, 9.60815668805e-06, 7.46189880374e-06, 7.43706550566e-06, 6.37341099718e-06, 6.71090219839e-06, 6.29920305073e-06, 5.92355036133e-06, 5.49703918296e-06, 4.80835888084e-06, 4.50085872217e-06, 4.2271753955e-06, 3.22779646922e-06],
        "median": [0.00210873177275, 0.00115115765948, 0.000372320879251, 0.000203783944016, 9.49113382376e-05, 8.00218476797e-05, 6.46717526251e-05, 4.85890814161e-05, 6.23068044661e-05, 7.1897637099e-05, 5.18554079463e-05, 4.08717605751e-05, 4.29759274994e-05, 3.88167609344e-05, 2.8974522138e-05, 2.27212494792e-05, 1.72543932422e-05, 1.77348447323e-05, 1.52699522005e-05, 1.43112501974e-05, 1.11082672447e-05, 1.06973984657e-05, 8.64145567903e-06, 8.10179062682e-06, 7.56525514589e-06, 6.84855331201e-06, 4.63967535325e-06, 4.11068867834e-06, 4.32366960013e-06, 3.58332545147e-06, 3.21716538565e-06, 3.10089353661e-06, 2.94039114124e-06, 2.71642193184e-06, 2.61258287537e-06, 2.49317849921e-06, 2.30923046729e-06, 2.11501014746e-06, 1.88894136954e-06, 1.50742994265e-06],
        "min": [6.17939053836e-25, 1.26824378871e-24, 3.12542095534e-24, 2.75738874684e-24, 1.97227631143e-24, 1.65077131634e-24, 3.31995859052e-24, 2.78499868131e-24, 2.80645609236e-24, 3.07759527688e-24, 3.08696733887e-24, 2.74659338257e-24, 3.18827226467e-24, 3.99119717932e-24, 3.11118694638e-24, 3.93747969598e-24, 5.03316095054e-24, 4.53457088173e-24, 4.88307188028e-24, 4.67418545689e-24, 4.07250743941e-24, 5.01798208343e-24, 5.72454546915e-24, 6.74298501374e-24, 5.28403843993e-24, 5.17595108527e-24, 4.5580607929e-24, 4.94460381975e-24, 6.73487789022e-24, 3.86678316495e-24, 6.63738967069e-24, 5.92259688801e-24, 6.90946148601e-24, 5.90221666653e-24, 5.2839279994e-24, 4.00707616049e-24, 8.02087420474e-24, 7.19536361073e-24, 7.50590107265e-24, 6.91199846269e-24],
        "var": [2.4704815587e-05, 3.01870695694e-05, 3.85895691579e-05, 2.87192369797e-06, 3.54654702051e-07, 2.77423026773e-07, 1.82257352321e-07, 1.14826946174e-07, 8.27598611863e-08, 6.00497642722e-08, 9.73674616489e-08, 6.25569640533e-08, 5.84670800663e-08, 3.71351482897e-08, 2.64282480344e-08, 8.20739654017e-09, 4.18605994312e-09, 4.69650718316e-09, 2.24718044173e-09, 1.44117251466e-09, 2.30965402359e-09, 1.1806714495e-09, 5.96880711523e-10, 4.37168051759e-10, 3.44014233766e-10, 2.75311856646e-10, 2.9580896066e-10, 1.69070549227e-10, 1.86161544513e-10, 1.12609678526e-10, 1.13524391276e-10, 8.23541512762e-11, 8.5164354735e-11, 7.42774036722e-11, 6.98725105552e-11, 5.67059142698e-11, 3.84142891108e-11, 4.00370535336e-11, 3.58505308773e-11, 2.08491713477e-11]
    },
    "mfcc": {
        "mean": [-659.954650879, 112.230522156, 14.7739448547, 14.9168577194, 10.3180646896, 8.2314786911, 7.56790542603, 10.2279109955, 4.97700548172, 5.17098808289, 0.301170498133, 2.17651152611, -0.108993418515],
        "cov": [[19659.109375, -4316.44726562, -825.189208984, -225.341033936, 78.4326858521, 868.169494629, 739.524475098, 756.411499023, 580.536682129, 531.713317871, 521.403137207, 509.124053955, 482.916992188], [-4316.44726562, 3093.97070312, 379.842681885, 276.010955811, 86.8076629639, -333.784881592, -244.469024658, -201.740356445, -176.688400269, -113.184997559, -154.974578857, -142.769058228, -244.203796387], [-825.189208984, 379.842681885, 544.103759766, 158.531066895, 88.0256881714, -74.7553939819, -99.7089233398, -71.7149658203, -69.9373779297, -85.4021072388, -38.6094436646, -56.240447998, -50.4026260376], [-225.341033936, 276.010955811, 158.531066895, 286.501678467, 91.6054992676, -9.61464500427, -43.8447952271, -21.7009525299, -16.5488605499, -33.2844352722, -36.360660553, -29.8500366211, -24.3626194], [78.4326858521, 86.8076629639, 88.0256881714, 91.6054992676, 176.308303833, 31.9254951477, 30.1010284424, 23.0836601257, -7.94159126282, -5.15148305893, -0.209497913718, -4.07625770569, -9.03441143036], [868.169494629, -333.784881592, -74.7553939819, -9.61464500427, 31.9254951477, 237.569335938, 121.609840393, 70.3399124146, 58.8152351379, 56.0256195068, 41.8730888367, 39.6441917419, 37.8510932922], [739.524475098, -244.469024658, -99.7089233398, -43.8447952271, 30.1010284424, 121.609840393, 176.531814575, 83.6763687134, 59.8530845642, 62.4750022888, 38.4873390198, 40.6461830139, 31.146440506], [756.411499023, -201.740356445, -71.7149658203, -21.7009525299, 23.0836601257, 70.3399124146, 83.6763687134, 127.583786011, 65.404006958, 47.3112030029, 38.5983772278, 32.4492645264, 25.5530872345], [580.536682129, -176.688400269, -69.9373779297, -16.5488605499, -7.94159126282, 58.8152351379, 59.8530845642, 65.404006958, 121.897674561, 74.6640472412, 41.1242446899, 30.7484512329, 31.6912574768], [531.713317871, -113.184997559, -85.4021072388, -33.2844352722, -5.15148305893, 56.0256195068, 62.4750022888, 47.3112030029, 74.6640472412, 119.654151917, 61.9062767029, 40.3704795837, 22.6514453888], [521.403137207, -154.974578857, -38.6094436646, -36.360660553, -0.209497913718, 41.8730888367, 38.4873390198, 38.5983772278, 41.1242446899, 61.9062767029, 102.329833984, 56.0922660828, 27.2470493317], [509.124053955, -142.769058228, -56.240447998, -29.8500366211, -4.07625770569, 39.6441917419, 40.6461830139, 32.4492645264, 30.7484512329, 40.3704795837, 56.0922660828, 95.9101333618, 45.9076004028], [482.916992188, -244.203796387, -50.4026260376, -24.3626194, -9.03441143036, 37.8510932922, 31.146440506, 25.5530872345, 31.6912574768, 22.6514453888, 27.2470493317, 45.9076004028, 92.3918380737]],
