{
"lowlevel": {
    "average_loudness": 0.831180989742,
    "barkbands_crest": {
        "dmean": 2.88613319397,
        "dmean2": 4.37414169312,
        "dvar": 7.37332105637,
        "dvar2": 16.2202777863,
        "max": 26.8390102386,
        "mean": 11.9390468597,
        "median": 10.826051712,
        "min": 2.06617569923,
        "var": 29.8928279877
    },
    "barkbands_flatness_db": {
        "dmean": 0.0261928420514,
        "dmean2": 0.0392895117402,
        "dvar": 0.000737960916013,
        "dvar2": 0.00160563143436,
        "max": 0.606367230415,
        "mean": 0.16406878829,
        "median": 0.154795393348,
        "min": 0.0163144133985,
        "var": 0.00558425020427
    },
    "barkbands_kurtosis": {
        "dmean": 7.2531003952,
        "dmean2": 10.9969377518,
        "dvar": 1227.65966797,
        "dvar2": 2486.84716797,
        "max": 2025.05065918,
        "mean": 12.9648647308,
        "median": 2.80516004562,
        "min": -1.89400315285,
        "var": 3525.9284668
    },
    "barkbands_skewness": {
        "dmean": 0.737881600857,
        "dmean2": 1.11563944817,
        "dvar": 1.00490474701,
        "dvar2": 2.05977535248,
        "max": 37.7622413635,
        "mean": 2.05599474907,
        "median": 1.59620559216,
        "min": -4.66869688034,
        "var": 5.82256412506
    },
    "barkbands_spread": {
        "dmean": 6.62863016129,
        "dmean2": 10.2310905457,
        "dvar": 81.3694229126,
        "dvar2": 181.163925171,
        "max": 102.22026062,
        "mean": 19.8138542175,
        "median": 16.7463874817,
        "min": 0.057247903198,
        "var": 210.577789307
    },
    "dissonance": {
        "dmean": 0.0204291362315,
        "dmean2": 0.0336247161031,
        "dvar": 0.000504398427438,
        "dvar2": 0.00126442010514,
        "max": 0.500000059605,
        "mean": 0.45427107811,
        "median": 0.467066496611,
        "min": 0.127695456147,
        "var": 0.001821691636
    },
    "dynamic_complexity": 4.02982997894,
    "erbbands_crest": {
        "dmean": 2.77646970749,
        "dmean2": 4.42047739029,
        "dvar": 7.09567403793,
        "dvar2": 17.090839386,
        "max": 30.6030197144,
        "mean": 10.2101154327,
        "median": 8.84139060974,
        "min": 2.26838517189,
        "var": 29.4072666168
    },
    "erbbands_flatness_db": {
        "dmean": 0.0201833322644,
        "dmean2": 0.0280646048486,
        "dvar": 0.000382142898161,
        "dvar2": 0.000711106171366,
        "max": 0.536924123764,
        "mean": 0.173503279686,
        "median": 0.159720659256,
        "min": 0.0580624490976,
        "var": 0.00437718071043
    },
    "erbbands_kurtosis": {
        "dmean": 1.65916931629,
        "dmean2": 2.51767635345,
        "dvar": 29.7724990845,
        "dvar2": 55.2961006165,
        "max": 251.773147583,
        "mean": 2.35825943947,
        "median": -0.281924247742,
        "min": -1.87702870369,
        "var": 175.029556274
    },
    "erbbands_skewness": {
        "dmean": 0.445124417543,
        "dmean2": 0.679167926311,
        "dvar": 0.208008050919,
        "dvar2": 0.442640185356,
        "max": 11.1792850494,
        "mean": 0.507280409336,
        "median": 0.314497232437,
        "min": -4.27743387222,
        "var": 1.79995822906
    },
    "erbbands_spread": {
        "dmean": 9.46125411987,
        "dmean2": 14.376531601,
        "dvar": 123.82559967,
        "dvar2": 285.119445801,
        "max": 144.680908203,
        "mean": 39.2931594849,
        "median": 37.6117973328,
        "min": 0.497439205647,
        "var": 453.151123047
    },
    "hfc": {
        "dmean": 7.26615428925,
        "dmean2": 10.710849762,
        "dvar": 102.566299438,
        "dvar2": 239.375167847,
        "max": 107.735435486,
        "mean": 19.7860965729,
        "median": 16.3321456909,
        "min": 1.11167767136e-16,
        "var": 274.774353027
    },
    "melbands_crest": {
        "dmean": 3.37385725975,
        "dmean2": 5.30753135681,
        "dvar": 11.0890254974,
        "dvar2": 24.6186580658,
        "max": 35.2901077271,
        "mean": 16.0336723328,
        "median": 14.4631748199,
        "min": 1.59010016918,
        "var": 45.6713180542
    },
    "melbands_flatness_db": {
        "dmean": 0.0308412462473,
        "dmean2": 0.0456212088466,
        "dvar": 0.00120493909344,
        "dvar2": 0.0025215735659,
        "max": 0.672671973705,
        "mean": 0.22293458879,
        "median": 0.216603130102,
        "min": 0.00297970231622,
        "var": 0.00816775392741
    },
    "melbands_kurtosis": {
        "dmean": 11.3587198257,
        "dmean2": 17.8434181213,
        "dvar": 570.31036377,
        "dvar2": 1304.14538574,
        "max": 578.540527344,
        "mean": 21.9135398865,
        "median": 9.01002120972,
        "min": -1.88715302944,
        "var": 1722.32922363
    },
    "melbands_skewness": {
        "dmean": 0.918825149536,
        "dmean2": 1.39994168282,
        "dvar": 1.35014486313,
        "dvar2": 3.03256511688,
        "max": 21.1158561707,
        "mean": 3.05319857597,
        "median": 2.57437038422,
        "min": -1.69650816917,
        "var": 5.17579126358
    },
    "melbands_spread": {
        "dmean": 8.28918647766,
        "dmean2": 12.9374475479,
        "dvar": 197.801635742,
        "dvar2": 431.562164307,
        "max": 250.721481323,
        "mean": 21.9114284515,
        "median": 15.9007482529,
        "min": 0.230145648122,
        "var": 486.093811035
    },
    "pitch_salience": {
        "dmean": 0.0757344141603,
        "dmean2": 0.116687975824,
        "dvar": 0.00581821845844,
        "dvar2": 0.0125471800566,
        "max": 0.925685226917,
        "mean": 0.521316587925,
        "median": 0.546489357948,
        "min": 0.0287833586335,
        "var": 0.0226798020303
    },
    "silence_rate_20dB": {
        "dmean": 0,
        "dmean2": 0,
        "dvar": 0,
        "dvar2": 0,
        "max": 1,
        "mean": 1,
        "median": 1,
        "min": 1,
        "var": 0
    },
    "silence_rate_30dB": {
        "dmean": 0.0630769208074,
        "dmean2": 0.126162663102,
        "dvar": 0.0590906590223,
        "dvar2": 0.114983722568,
        "max": 1,
        "mean": 0.92308229208,
        "median": 1,
        "min": 0,
        "var": 0.0710032135248
    },
    "silence_rate_60dB": {
        "dmean": 0.0313286706805,
        "dmean2": 0.0626617223024,
        "dvar": 0.030343875289,
        "dvar2": 0.0693553313613,
        "max": 1,
        "mean": 0.108453951776,
        "median": 0,
        "min": 0,
        "var": 0.096674785018
    },
    "spectral_centroid": {
        "dmean": 309.261138916,
        "dmean2": 481.992736816,
        "dvar": 154364.421875,
        "dvar2": 359569.875,
        "max": 11304.4667969,
        "mean": 1369.03771973,
        "median": 1293.0748291,
        "min": 147.098434448,
        "var": 560504.25
    },
    "spectral_complexity": {
        "dmean": 4.07426595688,
        "dmean2": 6.21665859222,
        "dvar": 26.9779262543,
        "dvar2": 56.9469642639,
        "max": 56,
        "mean": 16.9367179871,
        "median": 15,
        "min": 0,
        "var": 111.271308899
    },
    "spectral_decrease": {
        "dmean": 3.62645957708e-09,
        "dmean2": 5.40032640828e-09,
        "dvar": 4.87857360998e-17,
        "dvar2": 1.10455624186e-16,
        "max": 1.46330676616e-28,
        "mean": -8.87515128056e-09,
        "median": -5.31689181571e-09,
        "min": -6.5736578847e-08,
        "var": 1.02250257207e-16
    },
    "spectral_energy": {
        "dmean": 0.0141163216904,
        "dmean2": 0.0209089331329,
        "dvar": 0.00070451782085,
        "dvar2": 0.00158655887935,
        "max": 0.250443994999,
        "mean": 0.0352915413678,
        "median": 0.0219201818109,
        "min": 1.03093151485e-20,
        "var": 0.00151829700917
    },
    "spectral_energyband_high": {
        "dmean": 0.000540541193914,
        "dmean2": 0.000816699990537,
        "dvar": 1.20819436233e-06,
        "dvar2": 2.74832859759e-06,
        "max": 0.0125610157847,
        "mean": 0.00073645071825,
        "median": 0.000240455614403,
        "min": 7.48015065846e-21,
        "var": 1.62799619829e-06
    },
    "spectral_energyband_low": {
        "dmean": 0.0107947671786,
        "dmean2": 0.0162581205368,
        "dvar": 0.000695189111866,
        "dvar2": 0.00160128378775,
        "max": 0.242653891444,
        "mean": 0.0186181087047,
        "median": 0.00258852913976,
        "min": 3.49906985348e-23,
        "var": 0.00118504371494
    },
    "spectral_energyband_middle_high": {
        "dmean": 0.00167992478237,
        "dmean2": 0.00257476675324,
        "dvar": 6.17603109276e-06,
        "dvar2": 1.46955535456e-05,
        "max": 0.042747516185,
        "mean": 0.00477213226259,
        "median": 0.00309438351542,
        "min": 1.25902402422e-21,
        "var": 2.80819622276e-05
    },
    "spectral_energyband_middle_low": {
        "dmean": 0.00473991595209,
        "dmean2": 0.00757461879402,
        "dvar": 7.95004598331e-05,
        "dvar2": 0.000211038961424,
        "max": 0.193754419684,
        "mean": 0.0122424280271,
        "median": 0.00870720762759,
        "min": 2.20489955158e-22,
        "var": 0.000159117917065
    },
    "spectral_entropy": {
        "dmean": 0.20519259572,
        "dmean2": 0.288921445608,
        "dvar": 0.0471293404698,
        "dvar2": 0.0865547582507,
        "max": 9.80503368378,
        "mean": 7.39992523193,
        "median": 7.51629781723,
        "min": 3.26528000832,
        "var": 0.462960749865
    },
    "spectral_flux": {
        "dmean": 0.0341849699616,
        "dmean2": 0.0519744977355,
        "dvar": 0.00245162192732,
        "dvar2": 0.00433630309999,
        "max": 0.432294130325,
        "mean": 0.0876264199615,
        "median": 0.0707054212689,
        "min": 6.44076805778e-11,
        "var": 0.00512660155073
    },
    "spectral_kurtosis": {
        "dmean": 1.90445506573,
        "dmean2": 3.08908081055,
        "dvar": 6.87375068665,
        "dvar2": 18.9586658478,
        "max": 76.7474594116,
        "mean": 5.72080564499,
        "median": 4.18360471725,
        "min": -1.25529789925,
        "var": 34.5098381042
    },
    "spectral_rms": {
        "dmean": 0.00100277538877,
        "dmean2": 0.00142180244438,
        "dvar": 2.12244776776e-06,
        "dvar2": 4.23160963692e-06,
        "max": 0.0156312379986,
        "mean": 0.00507085770369,
        "median": 0.00462445057929,
        "min": 3.17141430305e-12,
        "var": 8.7171965788e-06
    },
    "spectral_rolloff": {
        "dmean": 608.409851074,
        "dmean2": 1010.88397217,
        "dvar": 1295169.5,
        "dvar2": 2753479.25,
        "max": 19229.1503906,
        "mean": 1502.73913574,
        "median": 861.328125,
        "min": 64.599609375,
        "var": 2955649.75
    },
    "spectral_skewness": {
        "dmean": 0.250232040882,
        "dmean2": 0.389266729355,
        "dvar": 0.0651538148522,
        "dvar2": 0.1555891186,
        "max": 7.501060009,
        "mean": 1.67544651031,
        "median": 1.51851522923,
        "min": -0.0969266667962,
        "var": 0.549690485001
    },
    "spectral_spread": {
        "dmean": 591608.8125,
        "dmean2": 863325.9375,
        "dvar": 572796895232,
        "dvar2": 1.06116730061e+12,
        "max": 41834828,
        "mean": 4501074.5,
        "median": 4281651,
        "min": 1195303.5,
        "var": 2.88297425306e+12
    },
    "spectral_strongpeak": {
        "dmean": 0.449857413769,
        "dmean2": 0.745800077915,
        "dvar": 0.540105879307,
        "dvar2": 1.33170962334,
        "max": 10.5118494034,
        "mean": 0.974591553211,
        "median": 0.589317500591,
        "min": 0,
        "var": 1.15657496452
    },
    "zerocrossingrate": {
        "dmean": 0.0128733813763,
        "dmean2": 0.0144218662754,
        "dvar": 0.000307346403133,
        "dvar2": 0.000344597618096,
        "max": 0.63134765625,
        "mean": 0.0581386573613,
        "median": 0.046875,
        "min": 0.001953125,
        "var": 0.00198796042241
    },
    "barkbands": {
        "dmean": [0.000252872414421, 0.00779232708737, 0.00408909656107, 0.00131310231518, 0.00198187376373, 0.000707619008608, 0.00106975261588, 0.00103074475192, 0.000852480181493, 0.000341231818311, 0.000364068895578, 0.000359461846529, 0.000337838166161, 0.000200336959097, 0.000217300621443, 0.000251678720815, 0.000266293733148, 0.000256317609455, 0.000283908389974, 0.000122760131489, 0.000133313704282, 0.000126370185171, 0.00010758384451, 7.6083400927e-05, 6.15270255366e-05, 2.38167085627e-05, 2.40968120124e-06],
        "dmean2": [0.000350352202076, 0.011294528842, 0.00760030187666, 0.00225020409562, 0.00324258836918, 0.00109943712596, 0.00164477643557, 0.00158459937666, 0.00126247049775, 0.000524384900928, 0.00056093983585, 0.000554112717509, 0.000519638531841, 0.000318779377267, 0.0003469499934, 0.00040598254418, 0.00042656774167, 0.000419526681071, 0.000465940975118, 0.000210053069168, 0.00021195631416, 0.000199886169867, 0.000163534306921, 0.000114559588837, 9.06861605472e-05, 3.3958509448e-05, 3.78731942874e-06],
        "dvar": [3.36480866281e-07, 0.000343369290931, 0.000198147885385, 1.20944559967e-05, 3.03468677885e-05, 2.25683447752e-06, 6.2529634306e-06, 9.72169073066e-06, 4.42681312052e-06, 7.54391805913e-07, 1.30562045797e-06, 1.15825639568e-06, 1.06595371108e-06, 2.5892109079e-07, 2.92264275004e-07, 2.50984498962e-07, 2.57567421613e-07, 2.27120509066e-07, 2.53811037965e-07, 6.52983800364e-08, 7.24095130522e-08, 6.98073492345e-08, 6.61461356799e-08, 2.82359220449e-08, 2.05247800977e-08, 2.78585399194e-09, 3.57705046139e-11],
        "dvar2": [7.00871339632e-07, 0.000670483743306, 0.000571291428059, 3.41907325492e-05, 8.19270062493e-05, 4.83247231386e-06, 1.41250120578e-05, 2.28310600505e-05, 9.32973034651e-06, 1.6227230617e-06, 2.98842974189e-06, 2.62169510279e-06, 2.310117452e-06, 6.31535044704e-07, 6.96896734098e-07, 6.32827720892e-07, 6.14240661889e-07, 5.92094067997e-07, 6.7496102929e-07, 1.82598654419e-07, 1.72011084487e-07, 1.61393074904e-07, 1.36988163035e-07, 6.34101482433e-08, 4.74289656438e-08, 6.02529492966e-09, 8.43820985308e-11],
        "max": [0.0321949832141, 0.162118762732, 0.123415239155, 0.066947683692, 0.139174610376, 0.050783790648, 0.0640343725681, 0.0616593360901, 0.053944144398, 0.0222616177052, 0.0316531509161, 0.0366906411946, 0.0294408667833, 0.0206267870963, 0.0134186241776, 0.00805764924735, 0.0116054499522, 0.00875156838447, 0.00705672381446, 0.00370945595205, 0.00556564889848, 0.00425140885636, 0.00676099862903, 0.00315719842911, 0.00379882240668, 0.000868158705998, 9.28537338041e-05],
        "mean": [0.0004043901572, 0.0136830545962, 0.00350056798197, 0.00195076956879, 0.00370717002079, 0.00138019677252, 0.00185420108028, 0.00160259474069, 0.00164452206809, 0.000541369256098, 0.000589260773268, 0.000612580857705, 0.00058290240122, 0.000310481875204, 0.000333096308168, 0.00038924952969, 0.000445097190095, 0.000428024970461, 0.000485414027935, 0.000171762338141, 0.000173237232957, 0.000153968707309, 0.000135416266858, 9.95908121695e-05, 7.95186497271e-05, 3.06980073219e-05, 2.27429814004e-06],
        "median": [6.43302746539e-06, 0.000808702781796, 0.000345456413925, 0.000500593974721, 0.00165961426683, 0.000455671921372, 0.000536796171218, 0.000282982859062, 0.000420399941504, 0.000174194559804, 7.87075987319e-05, 0.000119473406812, 0.0001075615437, 9.02308092918e-05, 7.56779336371e-05, 0.000133248919155, 0.00019524662639, 0.000198815556359, 0.000242411595536, 8.02429713076e-05, 5.67030110687e-05, 3.82888974855e-05, 3.48593021045e-05, 3.45155858668e-05, 2.34492072195e-05, 6.56496240481e-06, 1.9942760332e-07],
        "min": [4.6348457524e-24, 1.45111215951e-23, 3.44424599272e-24, 1.96612142143e-24, 1.74929653297e-23, 1.26520620091e-23, 2.10171588253e-23, 1.10695991446e-23, 3.18395620944e-23, 4.27536388893e-23, 3.47850929839e-23, 4.4514669886e-23, 7.49407446996e-23, 4.68414940121e-23, 3.60607757309e-23, 9.66826789479e-23, 1.01713787677e-22, 1.3023061084e-22, 2.22149970938e-22, 2.67635185862e-22, 3.03234421165e-22, 4.48255000154e-22, 4.69142774746e-22, 7.95132059117e-22, 1.10627652111e-21, 1.33073811955e-21, 2.03296881928e-21],
        "var": [8.25465519938e-07, 0.000740491610486, 0.000118213618407, 1.40629499583e-05, 5.05252755829e-05, 7.22231516193e-06, 1.36390253829e-05, 1.95725897356e-05, 1.29048894451e-05, 1.51013182403e-06, 3.05765502162e-06, 2.53440271081e-06, 3.4728625451e-06, 4.90385332341e-07, 5.91905916281e-07, 4.5990276476e-07, 4.83616815927e-07, 4.25346456723e-07, 4.5773700208e-07, 7.03653810774e-08, 8.49336174724e-08, 9.80552457008e-08, 1.01047760381e-07, 3.69620494212e-08, 2.64931916405e-08, 3.71867048266e-09, 3.61699628582e-11]
    },
    "erbbands": {
        "dmean": [0.217266947031, 2.01081871986, 4.93450069427, 4.31970024109, 6.15175962448, 6.69915056229, 5.06083250046, 6.73037624359, 10.6018772125, 23.1343021393, 18.1853618622, 19.3003025055, 12.0156173706, 10.4157800674, 15.6754932404, 11.2985191345, 15.8041267395, 9.98267745972, 9.57377624512, 12.7967414856, 14.4004087448, 14.9657888412, 13.5725383759, 13.3400440216, 12.6868562698, 5.7792506218, 4.84125852585, 5.33166599274, 4.37835454941, 4.49460077286, 2.66923475266, 1.77990782261, 1.16074883938, 0.733810663223, 0.440194159746, 0.149100482464, 0.0341773480177, 0.0057079535909, 0.000354465708369, 2.18703371502e-05],
        "dmean2": [0.256169855595, 2.97781133652, 8.80956459045, 7.67372560501, 10.1920681, 10.9940347672, 8.01852703094, 10.3934860229, 16.6640625, 35.6059455872, 27.521478653, 28.5579433441, 18.4924030304, 15.8994531631, 23.7225608826, 17.350353241, 24.171836853, 15.5393877029, 14.7806510925, 20.5943603516, 23.2032165527, 23.810382843, 21.9687480927, 22.2134170532, 20.6525268555, 9.89290332794, 7.81178951263, 8.47565555573, 6.83622503281, 7.14421224594, 4.00838470459, 2.66095256805, 1.76406681538, 1.10264897346, 0.644506394863, 0.213908657432, 0.0491049364209, 0.00829653348774, 0.00056087016128, 3.15419529215e-05],
        "dvar": [0.192702144384, 25.6744785309, 271.806854248, 132.425430298, 530.120605469, 228.497848511, 105.331718445, 222.386520386, 593.048400879, 3645.34887695, 2800.62524414, 3140.72827148, 548.716674805, 706.673095703, 1718.52978516, 1597.49865723, 2500.75488281, 683.82409668, 663.241882324, 956.016113281, 868.856994629, 742.758605957, 599.254516602, 629.05871582, 519.82989502, 164.398971558, 80.9871673584, 133.543289185, 82.0925064087, 113.175674438, 48.2158508301, 18.0309486389, 6.30099916458, 3.00327825546, 1.06279695034, 0.113950394094, 0.00539069529623, 0.000157155809575, 8.43549344154e-07, 1.15092180231e-09],
        "dvar2": [0.299954414368, 54.4933776855, 761.166503906, 374.477874756, 1473.73144531, 603.620605469, 232.066467285, 478.908325195, 1394.26403809, 8488.78515625, 6590.25292969, 6632.78515625, 1281.94128418, 1514.70678711, 4007.85986328, 3705.37280273, 5382.27294922, 1676.4128418, 1510.79003906, 2294.10864258, 2170.37646484, 1786.79455566, 1534.72558594, 1705.41210938, 1343.05517578, 462.762390137, 197.997589111, 323.870025635, 181.418014526, 278.805084229, 91.749458313, 38.2721214294, 14.3905706406, 7.09301614761, 2.42776608467, 0.251415878534, 0.0117762116715, 0.000339835736668, 2.05714172807e-06, 2.57846277663e-09],
        "max": [6.32545900345, 45.2761497498, 139.84463501, 136.357254028, 559.892456055, 432.777618408, 341.337158203, 459.944152832, 592.519348145, 1196.88000488, 1229.72583008, 1457.43310547, 546.456481934, 883.12890625, 1217.43884277, 1675.42004395, 1486.12158203, 1162.36303711, 859.562927246, 753.724182129, 646.128173828, 561.700622559, 476.967651367, 339.887695312, 398.686828613, 213.222091675, 133.89630127, 271.40814209, 179.513076782, 185.398574829, 218.185760498, 112.838500977, 69.0367965698, 50.1340484619, 27.7655277252, 6.21352481842, 1.4663015604, 0.1597584337, 0.0153458416462, 0.000301096588373],
        "mean": [0.433389753103, 2.87265348434, 4.34642362595, 5.83664941788, 9.85953140259, 12.0715236664, 10.117184639, 13.2877597809, 18.7061920166, 41.1495933533, 31.4316902161, 36.711894989, 23.1981773376, 19.0829524994, 28.6714286804, 20.215587616, 28.4023323059, 17.6087837219, 15.8965139389, 19.2661914825, 23.7705287933, 27.1940593719, 24.4219112396, 21.6499938965, 22.7471637726, 8.34537029266, 6.52211999893, 6.62902402878, 5.58807039261, 5.11523294449, 3.47740030289, 2.30325627327, 1.5216435194, 0.941261470318, 0.5570089221, 0.189830049872, 0.044481176883, 0.00696375546977, 0.00035908530117, 4.9355396186e-05],
        "median": [0.0134483501315, 0.215829133987, 0.569156527519, 1.3010532856, 3.31537652016, 5.18423080444, 4.10593318939, 4.26044654846, 7.55606889725, 9.05477046967, 8.43354797363, 8.93446731567, 9.46416854858, 6.52179574966, 5.49571323395, 5.17945575714, 5.75255298615, 5.11097383499, 4.50692272186, 5.45798301697, 8.91578483582, 12.4715595245, 12.490111351, 11.5444555283, 11.0761175156, 4.03702497482, 2.42812776566, 1.8776153326, 1.39222586155, 1.30584907532, 0.891038537025, 0.687511563301, 0.533142268658, 0.286405801773, 0.148962408304, 0.0431323908269, 0.00978308357298, 0.00137937581167, 6.25290849712e-05, 3.35565855494e-05],
        "min": [2.79689182442e-22, 3.05259494004e-21, 9.86766774831e-21, 7.49985759032e-21, 4.48429118037e-20, 3.54976740435e-20, 6.89884140506e-20, 1.51617501691e-19, 2.11934219489e-19, 3.4102888557e-19, 2.99534636762e-19, 8.52920353565e-19, 1.29973473104e-18, 2.34779190249e-18, 1.09532981968e-18, 2.26215327329e-18, 3.20089077197e-18, 2.6829013802e-18, 2.49637277245e-18, 3.92134316522e-18, 6.63364275118e-18, 6.8054870419e-18, 8.34392304006e-18, 8.63165202587e-18, 9.32943346648e-18, 1.0931870083e-17, 1.2417911634e-17, 1.37477963746e-17, 1.36687145993e-17, 1.36579703503e-17, 1.47015025336e-17, 1.52033315045e-17, 1.21901821939e-17, 1.08264856186e-17, 9.00468070363e-18, 4.38935368399e-18, 2.35842655003e-18, 1.05675931829e-18, 2.83980927059e-19, 3.20468219308e-20],
        "var": [0.72203630209, 39.7862739563, 176.624343872, 128.240737915, 599.391418457, 545.066650391, 384.560211182, 678.352050781, 1052.73608398, 8546.59179688, 6025.47460938, 8732.125, 1490.39599609, 1665.68615723, 4204.03271484, 2524.89306641, 8198.07324219, 1646.87548828, 1500.25695801, 1603.86291504, 1699.62011719, 1609.66601562, 1194.35705566, 874.750488281, 1109.79138184, 169.073684692, 99.1462478638, 151.176177979, 133.245407104, 117.220870972, 83.4897766113, 26.3022594452, 8.04362106323, 3.75264930725, 1.3568969965, 0.148329555988, 0.0072687282227, 0.000203611067263, 8.12560301711e-07, 2.46690046168e-09]
    },
    "gfcc": {
        "mean": [-28.0999031067, 85.9831771851, -117.38256073, 28.8064289093, -65.2473297119, 4.08072519302, -42.3197059631, 14.4407014847, -25.5344753265, -2.82403731346, -12.5989274979, 0.522045433521, -13.2879104614],
        "cov": [[16589.5761719, -1024.2734375, 111.253120422, 1725.91259766, 1093.82580566, 1055.70117188, 513.901855469, 1043.13415527, -165.066680908, 277.028808594, -912.920410156, -148.235824585, -436.492156982], [-1024.2734375, 2043.42114258, 234.328231812, -6.47759580612, 381.928405762, -84.0965805054, 260.677490234, 39.1487731934, 175.08102417, -229.706939697, 296.130187988, -122.038574219, 100.16985321], [111.253120422, 234.328231812, 1100.55432129, 491.917755127, 169.107696533, 205.422180176, 185.102615356, 3.91502165794, 102.200416565, 95.2548980713, 1.83567261696, 105.296401978, 13.1455812454], [1725.91259766, -6.47759580612, 491.917755127, 772.231689453, 410.951263428, 208.353500366, 104.104774475, 94.087890625, 127.692192078, 109.345184326, -149.551239014, 33.2435836792, 2.8254301548], [1093.82580566, 381.928405762, 169.107696533, 410.951263428, 644.309509277, 237.938232422, 181.93208313, 155.57762146, 132.261016846, 76.8397369385, -29.799741745, -24.9493770599, 32.8637123108], [1055.70117188, -84.0965805054, 205.422180176, 208.353500366, 237.938232422, 435.274902344, 264.976074219, 100.610740662, 0.561571836472, 96.8297958374, -31.371553421, 19.2697505951, -30.8491897583], [513.901855469, 260.677490234, 185.102615356, 104.104774475, 181.93208313, 264.976074219, 381.421325684, 156.903060913, 25.9224262238, 47.4142951965, 69.5587615967, 27.0022354126, -1.40175426006], [1043.13415527, 39.1487731934, 3.91502165794, 94.087890625, 155.57762146, 100.610740662, 156.903060913, 273.133300781, 55.4903717041, 45.141242981, 3.11233949661, -8.24558639526, -24.3090820312], [-165.066680908, 175.08102417, 102.200416565, 127.692192078, 132.261016846, 0.561571836472, 25.9224262238, 55.4903717041, 207.742889404, 78.3942489624, 45.0170936584, 19.4218101501, 46.1723251343], [277.028808594, -229.706939697, 95.2548980713, 109.345184326, 76.8397369385, 96.8297958374, 47.4142951965, 45.141242981, 78.3942489624, 183.204544067, 17.7461910248, 63.2754669189, 10.3612966537], [-912.920410156, 296.130187988, 1.83567261696, -149.551239014, -29.799741745, -31.371553421, 69.5587615967, 3.11233949661, 45.0170936584, 17.7461910248, 238.927749634, 56.4174385071, 48.1378479004], [-148.235824585, -122.038574219, 105.296401978, 33.2435836792, -24.9493770599, 19.2697505951, 27.0022354126, -8.24558639526, 19.4218101501, 63.2754669189, 56.4174385071, 146.591094971, 60.7431869507], [-436.492156982, 100.16985321, 13.1455812454, 2.8254301548, 32.8637123108, -30.8491897583, -1.40175426006, -24.3090820312, 46.1723251343, 10.3612966537, 48.1378479004, 60.7431869507, 115.339599609]],
        "icov": [[0.000173507141881, -0.000166163139511, 0.000195499989786, -0.000382951868232, 0.00013189195306, -0.00028613730683, 0.000225568321184, -0.000630366906989, 0.000432019500295, -0.000301697611576, 0.000489167345222, -0.000292908982374, 0.000348063185811], [-0.000166163139511, 0.00209664762951, -0.000744911318179, 0.000597749021836, -0.00149547657929, 0.00140855042264, -0.00179209350608, 0.00132612430025, -0.00172095920425, 0.00321812578477, -0.0025816517882, 0.0021858594846, -0.000992774614133], [0.000195499989786, -0.000744911318179, 0.00200034864247, -0.00171010091435, 0.000977031537332, -0.000825535098556, 8.70846815815e-06, -0.000218901201151, 0.000364918436389, -0.000901104242075, 0.000752686988562, -0.00162978924345, 0.00113452947699], [-0.000382951868232, 0.000597749021836, -0.00171010091435, 0.00464228261262, -0.00231911591254, 0.000780717702582, -0.000445043609943, 0.00134842749685, -0.00208538142033, 0.000738070288207, 0.0011243079789, -0.000443085591542, -0.000206186072319], [0.00013189195306, -0.00149547657929, 0.000977031537332, -0.00231911591254, 0.00473529007286, -0.00237876758911, 0.00115443568211, -0.00184222694952, 0.000496488763019, -0.00220062746666, 0.00107863557059, 0.000545176560991, -0.00135467946529], [-0.00028613730683, 0.00140855042264, -0.000825535098556, 0.000780717702582, -0.00237876758911, 0.00717429909855, -0.00519335828722, 0.0024549192749, 2.14137889998e-05, -0.00028777497937, -0.000575205602217, 0.00120550161228, 0.000442215037765], [0.000225568321184, -0.00179209350608, 8.70846815815e-06, -0.000445043609943, 0.00115443568211, -0.00519335828722, 0.00872632022947, -0.00441389158368, 0.00203522946686, -0.00148134352639, -9.99472104013e-05, -0.00181844679173, 0.00019548315322], [-0.000630366906989, 0.00132612430025, -0.000218901201151, 0.00134842749685, -0.00184222694952, 0.0024549192749, -0.00441389158368, 0.00865399744362, -0.00343795400113, 0.0016335202381, -0.00184094137512, 0.00109826598782, 0.000825889408588], [0.000432019500295, -0.00172095920425, 0.000364918436389, -0.00208538142033, 0.000496488763019, 2.14137889998e-05, 0.00203522946686, -0.00343795400113, 0.010723865591, -0.00642434041947, 0.000707478087861, 0.000659928249661, -0.00205518351868], [-0.000301697611576, 0.00321812578477, -0.000901104242075, 0.000738070288207, -0.00220062746666, -0.00028777497937, -0.00148134352639, 0.0016335202381, -0.00642434041947, 0.0145721267909, -0.00430844351649, -0.00119475857355, 0.000714426336344], [0.000489167345222, -0.0025816517882, 0.000752686988562, 0.0011243079789, 0.00107863557059, -0.000575205602217, -9.99472104013e-05, -0.00184094137512, 0.000707478087861, -0.00430844351649, 0.0112495878711, -0.00541595323011, 0.00139060989022], [-0.000292908982374, 0.0021858594846, -0.00162978924345, -0.000443085591542, 0.000545176560991, 0.00120550161228, -0.00181844679173, 0.00109826598782, 0.000659928249661, -0.00119475857355, -0.00541595323011, 0.016113370657, -0.00881629996002], [0.000348063185811, -0.000992774614133, 0.00113452947699, -0.000206186072319, -0.00135467946529, 0.000442215037765, 0.00019548315322, 0.000825889408588, -0.00205518351868, 0.000714426336344, 0.00139060989022, -0.00881629996002, 0.0162271521986]]
    },
    "melbands": {
        "dmean": [0.00201355805621, 0.00258024246432, 0.000796362874098, 0.000473595631775, 0.000196720982785, 0.000146338279592, 0.000175737906829, 0.00025872734841, 0.000144889141666, 0.000118698575534, 6.14522214164e-05, 4.42525015387e-05, 5.69493095099e-05, 4.09874337493e-05, 3.28912828991e-05, 3.3310145227e-05, 1.78387654159e-05, 1.69829800143e-05, 1.53551609401e-05, 1.57326703629e-05, 1.78414356924e-05, 1.66358422575e-05, 1.5988265659e-05, 1.20642516777e-05, 1.14434988063e-05, 1.18002271847e-05, 6.50981110084e-06, 3.54239114131e-06, 2.68382382274e-06, 3.70368047697e-06, 2.94144388135e-06, 2.73023260888e-06, 2.25118060371e-06, 2.6165998861e-06, 1.64220091392e-06, 1.25130418382e-06, 1.04514333543e-06, 8.02034662684e-07, 7.71894406171e-07, 5.84857275499e-07],
        "dmean2": [0.00271356338635, 0.00420269789174, 0.001398102846, 0.000781142676715, 0.000313478434691, 0.000226987540373, 0.000274596735835, 0.000396536430344, 0.000218286018935, 0.000176225585165, 9.46958971326e-05, 6.77477000863e-05, 8.64675603225e-05, 6.19753991487e-05, 5.11865582666e-05, 5.04901690874e-05, 2.81979591819e-05, 2.62646371993e-05, 2.4558215955e-05, 2.53197958955e-05, 2.89137151412e-05, 2.66520673904e-05, 2.55202921835e-05, 2.00167432922e-05, 1.92447114387e-05, 1.91932304006e-05, 1.08210060716e-05, 6.13576548858e-06, 4.36288200945e-06, 5.95687470195e-06, 4.71103658128e-06, 4.34341791333e-06, 3.56923874278e-06, 4.17501451011e-06, 2.51078085967e-06, 1.85603857972e-06, 1.60585705089e-06, 1.2430643892e-06, 1.16775697734e-06, 8.93083324627e-07],
        "dvar": [1.93685827981e-05, 5.75724516239e-05, 4.41826841779e-06, 2.02859882847e-06, 1.54293232413e-07, 1.04100486453e-07, 1.50504121166e-07, 4.46757127293e-07, 1.51842513674e-07, 9.95027207296e-08, 1.49990064813e-08, 1.34513600258e-08, 2.91608941438e-08, 1.33177113781e-08, 9.94047866243e-09, 1.33360185117e-08, 2.27124319352e-09, 2.14394058062e-09, 1.30750799077e-09, 1.11958597948e-09, 1.36863798073e-09, 1.05585540311e-09, 9.65723057078e-10, 7.29701632451e-10, 4.83651452221e-10, 4.42003073031e-10, 1.5347857707e-10, 7.00534491527e-11, 2.43818021328e-11, 6.18421147625e-11, 3.92077446898e-11, 3.38379498033e-11, 2.39880598024e-11, 3.88315941902e-11, 1.83763768091e-11, 1.16300623645e-11, 5.92812127512e-12, 2.73427981645e-12, 3.22918731685e-12, 1.94452049948e-12],
        "dvar2": [3.30903712893e-05, 0.00014942503185, 1.24817779579e-05, 5.5081645769e-06, 3.50732904053e-07, 2.25899725592e-07, 3.49129550159e-07, 1.05041112874e-06, 3.56045234184e-07, 2.11540367445e-07, 3.46472361912e-08, 2.83473866602e-08, 6.66656347903e-08, 2.87329093851e-08, 2.24317258102e-08, 2.80506355921e-08, 5.52462831038e-09, 4.88329021664e-09, 3.10851633323e-09, 2.75013189999e-09, 3.41883277244e-09, 2.54401366639e-09, 2.35971642226e-09, 1.93661198189e-09, 1.3144375588e-09, 1.14374854032e-09, 4.10787626137e-10, 1.97469943175e-10, 6.23886844964e-11, 1.44827441706e-10, 9.60949653184e-11, 7.61055246601e-11, 5.7962107336e-11, 9.51103848457e-11, 3.65933845725e-11, 2.09033641091e-11, 1.35421040701e-11, 6.33936392963e-12, 7.50124354992e-12, 4.6882948912e-12],
        "max": [0.0405177399516, 0.0629357844591, 0.0329671353102, 0.0354339145124, 0.0132723385468, 0.0098361549899, 0.00779445329681, 0.0119362464175, 0.00820129644126, 0.00786113366485, 0.00280159129761, 0.00354811386205, 0.0051624099724, 0.00344659853727, 0.00363426515833, 0.00372380623594, 0.00203977688216, 0.00144477805588, 0.000821634428576, 0.000742952397559, 0.00110308721196, 0.000743126089219, 0.000731430773158, 0.000688087195158, 0.000306636618916, 0.000359383993782, 0.000290741038043, 0.000168519763974, 9.0450506832e-05, 0.000159414092195, 0.000131599721499, 0.000137910930789, 8.09509656392e-05, 0.000108297193947, 0.000121610435599, 0.000126080602058, 5.86938949709e-05, 4.49404979008e-05, 4.73666041216e-05, 4.36865702795e-05],
        "mean": [0.0038582670968, 0.00287556927651, 0.00112314894795, 0.00082164874766, 0.000401769124437, 0.000287105562165, 0.00031069185934, 0.000452719599707, 0.000250156299444, 0.000224037794396, 0.000113620691991, 7.65826262068e-05, 9.84362413874e-05, 7.24464043742e-05, 5.25704999745e-05, 5.86507012486e-05, 2.82443124888e-05, 2.57138817688e-05, 2.26809952437e-05, 2.41696507146e-05, 2.73745754384e-05, 2.71771750704e-05, 2.69430784101e-05, 1.89260117622e-05, 1.68253245647e-05, 1.99403566512e-05, 1.0415568795e-05, 4.3101808842e-06, 3.67227016795e-06, 4.3928703235e-06, 3.58747070095e-06, 3.32572449224e-06, 2.6849279493e-06, 2.91556739285e-06, 2.08257438317e-06, 1.63485447047e-06, 1.3066514839e-06, 1.04892092168e-06, 9.56505800787e-07, 7.33374179163e-07],
        "median": [0.000190187885892, 0.000398369971663, 0.0003065947094, 0.000348980596755, 0.000169578561326, 9.0923254902e-05, 0.00012468083878, 9.38534576562e-05, 5.56842860533e-05, 5.43782225577e-05, 4.23455094278e-05, 2.49421809713e-05, 1.65020956047e-05, 1.29051040858e-05, 1.04174177977e-05, 1.11043582365e-05, 7.72637213231e-06, 6.26085147815e-06, 5.6661765484e-06, 7.58512851462e-06, 9.52818209043e-06, 1.05822418845e-05, 1.29321806526e-05, 8.48712170409e-06, 8.35021364765e-06, 9.31013528316e-06, 4.78393576486e-06, 1.57274359935e-06, 1.3875313698e-06, 1.3028027297e-06, 9.19502781471e-07, 7.5710818237e-07, 6.98926669429e-07, 7.2864708045e-07, 5.38483845958e-07, 3.70020302398e-07, 4.16440286699e-07, 3.78591550998e-07, 2.85591113425e-07, 2.11133951211e-07],
        "min": [3.20889446924e-24, 8.53656362254e-24, 2.44827675658e-24, 3.59689452218e-24, 3.29584607087e-24, 3.56289422274e-24, 3.91576432742e-24, 4.2077536973e-24, 2.09500926322e-24, 4.19570700242e-24, 6.25350155522e-24, 9.10021105021e-24, 4.18316253631e-24, 3.39147908677e-24, 7.31348054293e-24, 5.83195203684e-24, 3.81159997805e-24, 4.55604643658e-24, 3.50559609975e-24, 5.71476398835e-24, 8.63170103657e-24, 5.15600513172e-24, 6.97838899647e-24, 7.40362367857e-24, 6.47616701205e-24, 7.54486843479e-24, 6.10876411734e-24, 5.82886009652e-24, 7.74354305377e-24, 7.34814782427e-24, 7.48300201829e-24, 8.15907632445e-24, 6.86330365673e-24, 7.88416066557e-24, 7.92863979885e-24, 6.90043139523e-24, 8.22827283648e-24, 7.23379770289e-24, 7.92645070983e-24, 9.30041763707e-24],
        "var": [5.60314219911e-05, 5.15651336173e-05, 4.39201267e-06, 2.99258363157e-06, 5.75313379159e-07, 3.13971099786e-07, 2.78883760529e-07, 9.97366100819e-07, 3.378402198e-07, 2.767071976e-07, 4.00581292581e-08, 3.01656264412e-08, 6.86095589231e-08, 3.88830443399e-08, 1.99309493354e-08, 4.51881803087e-08, 4.68861172109e-09, 4.55105020336e-09, 2.31576291476e-09, 1.97528726709e-09, 2.5318165342e-09, 2.03432182211e-09, 1.81707926483e-09, 1.14153753117e-09, 6.07011552134e-10, 8.75867323114e-10, 2.61552945968e-10, 6.24555338002e-11, 3.1123919414e-11, 6.59678492387e-11, 4.69895754251e-11, 5.44956232917e-11, 2.84649300658e-11, 3.97896021687e-11, 3.02083566495e-11, 2.06594533148e-11, 7.44783575091e-12, 3.49901141047e-12, 3.91476217762e-12, 2.3845831993e-12]
    },
    "mfcc": {
        "mean": [-666.977539062, 114.263282776, 1.31590092182, 21.8997478485, 0.750153720379, -9.96178913116, -3.46255135536, 6.6422328949, -6.28855276108, -2.05628967285, 0.778695762157, -1.70780515671, -2.02510499954],
        "cov": [[11069.4267578, -573.225952148, -315.946563721, 783.963256836, 591.474243164, 570.196899414, 517.015869141, 499.184295654, 648.431945801, 451.881256104, 268.416809082, 49.0910148621, -94.779006958], [-573.225952148, 1868.92285156, 19.1728649139, 111.427963257, 152.086578369, -111.818382263, 213.073043823, 214.496780396, -22.7583522797, 63.7453193665, 74.5984649658, 27.825668335, 74.1253585815], [-315.946563721, 19.1728649139, 932.241882324, 277.320831299, 14.8414211273, 236.351104736, 53.5236625671, 70.2248382568, 51.0872039795, -17.9404182434, 45.0480804443, 43.834728241, 60.8156433105], [783.963256836, 111.427963257, 277.320831299, 603.525390625, 331.439788818, 204.135223389, 13.8920640945, 84.2277832031, 179.972839355, 89.6000900269, 30.0710792542, 37.8214912415, 71.9000854492], [591.474243164, 152.086578369, 14.8414211273, 331.439788818, 454.106903076, 196.517288208, 38.8797988892, 61.6993217468, 157.557342529, 116.108703613, 42.4213256836, 33.7537078857, 32.5737800598], [570.196899414, -111.818382263, 236.351104736, 204.135223389, 196.517288208, 464.349304199, 178.316452026, 80.181098938, 163.237503052, 84.3546447754, 60.7372932434, 65.5043487549, 12.506483078], [517.015869141, 213.073043823, 53.5236625671, 13.8920640945, 38.8797988892, 178.316452026, 379.007507324, 191.340713501, 84.7232589722, 76.6326599121, 98.9913635254, 62.516872406, 25.825504303], [499.184295654, 214.496780396, 70.2248382568, 84.2277832031, 61.6993217468, 80.181098938, 191.340713501, 215.578018188, 101.667404175, 69.6874313354, 72.2996292114, 41.6762313843, 36.4222831726], [648.431945801, -22.7583522797, 51.0872039795, 179.972839355, 157.557342529, 163.237503052, 84.7232589722, 101.667404175, 219.349563599, 112.239562988, 49.2946052551, 30.5986175537, 22.121181488], [451.881256104, 63.7453193665, -17.9404182434, 89.6000900269, 116.108703613, 84.3546447754, 76.6326599121, 69.6874313354, 112.239562988, 164.800415039, 91.3819732666, 34.4869537354, 18.1873970032], [268.416809082, 74.5984649658, 45.0480804443, 30.0710792542, 42.4213256836, 60.7372932434, 98.9913635254, 72.2996292114, 49.2946052551, 91.3819732666, 142.302474976, 60.3961715698, 34.7388114929], [49.0910148621, 27.825668335, 43.834728241, 37.8214912415, 33.7537078857, 65.5043487549, 62.516872406, 41.6762313843, 30.5986175537, 34.4869537354, 60.3961715698, 110.54850769, 58.9717407227], [-94.779006958, 74.1253585815, 60.8156433105, 71.9000854492, 32.5737800598, 12.506483078, 25.825504303, 36.4222831726, 22.121181488, 18.1873970032, 34.7388114929, 58.9717407227, 114.538673401]],
