{
"lowlevel": {
    "average_loudness": 0.910400211811,
    "barkbands_crest": {
        "dmean": 3.18693733215,
        "dmean2": 5.24996042252,
        "dvar": 8.62572860718,
        "dvar2": 22.8389472961,
        "max": 26.885766983,
        "mean": 10.5617008209,
        "median": 10.2307949066,
        "min": 1.9947232008,
        "var": 21.4268665314
    },
    "barkbands_flatness_db": {
        "dmean": 0.021589577198,
        "dmean2": 0.0345308594406,
        "dvar": 0.000551066943444,
        "dvar2": 0.00129931617994,
        "max": 0.489082604647,
        "mean": 0.0926335602999,
        "median": 0.0834159180522,
        "min": 0.0111908940598,
        "var": 0.00232648663223
    },
    "barkbands_kurtosis": {
        "dmean": 2.99055290222,
        "dmean2": 4.90535783768,
        "dvar": 171.622650146,
        "dvar2": 416.090545654,
        "max": 885.435974121,
        "mean": 2.56413245201,
        "median": -0.369321107864,
        "min": -1.93997919559,
        "var": 221.196060181
    },
    "barkbands_skewness": {
        "dmean": 0.637447953224,
        "dmean2": 1.00988912582,
        "dvar": 0.632011473179,
        "dvar2": 1.47897422314,
        "max": 29.519826889,
        "mean": 1.16310203075,
        "median": 0.962005853653,
        "min": -4.97180366516,
        "var": 1.91645729542
    },
    "barkbands_spread": {
        "dmean": 8.89467048645,
        "dmean2": 14.3938856125,
        "dvar": 103.022994995,
        "dvar2": 265.945648193,
        "max": 121.891334534,
        "mean": 44.8717155457,
        "median": 43.0571861267,
        "min": 0.613437473774,
        "var": 398.494934082
    },
    "dissonance": {
        "dmean": 0.00778667628765,
        "dmean2": 0.0133612388745,
        "dvar": 6.92973189871e-05,
        "dvar2": 0.000193202416995,
        "max": 0.500000178814,
        "mean": 0.487957924604,
        "median": 0.491005629301,
        "min": 0.337945908308,
        "var": 0.000119263168017
    },
    "dynamic_complexity": 3.1098241806,
    "erbbands_crest": {
        "dmean": 1.71689689159,
        "dmean2": 2.82542109489,
        "dvar": 3.46009516716,
        "dvar2": 8.73763847351,
        "max": 30.3692760468,
        "mean": 6.17008304596,
        "median": 5.12967300415,
        "min": 2.03388047218,
        "var": 10.8676872253
    },
    "erbbands_flatness_db": {
        "dmean": 0.012802541256,
        "dmean2": 0.0198815632612,
        "dvar": 0.000184359319974,
        "dvar2": 0.000397338881157,
        "max": 0.336160480976,
        "mean": 0.115297161043,
        "median": 0.111064404249,
        "min": 0.0390514358878,
        "var": 0.00116946338676
    },
    "erbbands_kurtosis": {
        "dmean": 0.806569039822,
        "dmean2": 1.28161597252,
        "dvar": 2.52511048317,
        "dvar2": 5.43474531174,
        "max": 64.4393997192,
        "mean": 0.363453030586,
        "median": -0.110937356949,
        "min": -1.86808884144,
        "var": 5.40907335281
    },
    "erbbands_skewness": {
        "dmean": 0.318106323481,
        "dmean2": 0.498629301786,
        "dvar": 0.130992054939,
        "dvar2": 0.292956650257,
        "max": 6.13751029968,
        "mean": -0.413003474474,
        "median": -0.432808607817,
        "min": -5.63770055771,
        "var": 0.374294221401
    },
    "erbbands_spread": {
        "dmean": 9.03690242767,
        "dmean2": 14.1067152023,
        "dvar": 151.211776733,
        "dvar2": 349.754852295,
        "max": 169.293792725,
        "mean": 43.1811141968,
        "median": 40.1645240784,
        "min": 2.65105891228,
        "var": 330.947906494
    },
    "hfc": {
        "dmean": 12.8844814301,
        "dmean2": 19.9423179626,
        "dvar": 609.707458496,
        "dvar2": 1508.52160645,
        "max": 459.172241211,
        "mean": 44.8256797791,
        "median": 35.5617980957,
        "min": 1.05011333152e-16,
        "var": 1522.77819824
    },
    "melbands_crest": {
        "dmean": 4.33647871017,
        "dmean2": 7.1517367363,
        "dvar": 17.7385425568,
        "dvar2": 45.0098648071,
        "max": 39.9264411926,
        "mean": 18.1265563965,
        "median": 17.8785400391,
        "min": 1.51568043232,
        "var": 53.0277938843
    },
    "melbands_flatness_db": {
        "dmean": 0.0319692417979,
        "dmean2": 0.0512086600065,
        "dvar": 0.00114187563304,
        "dvar2": 0.00268912920728,
        "max": 0.523963391781,
        "mean": 0.155575573444,
        "median": 0.148491442204,
        "min": 0.00225815945305,
        "var": 0.00431977631524
    },
    "melbands_kurtosis": {
        "dmean": 10.6376085281,
        "dmean2": 17.3558616638,
        "dvar": 905.481079102,
        "dvar2": 2270.68334961,
        "max": 1442.65100098,
        "mean": 14.9641208649,
        "median": 6.85444355011,
        "min": -1.88852119446,
        "var": 1140.27355957
    },
    "melbands_skewness": {
        "dmean": 1.01768386364,
        "dmean2": 1.61647439003,
        "dvar": 1.70626473427,
        "dvar2": 4.03564691544,
        "max": 37.0060119629,
        "mean": 2.95920848846,
        "median": 2.62954640388,
        "min": -2.76660490036,
        "var": 3.85101795197
    },
    "melbands_spread": {
        "dmean": 14.6421327591,
        "dmean2": 23.8451213837,
        "dvar": 326.873840332,
        "dvar2": 832.393859863,
        "max": 237.459182739,
        "mean": 41.997833252,
        "median": 36.8138237,
        "min": 0.375158846378,
        "var": 780.085144043
    },
    "pitch_salience": {
        "dmean": 0.0940589979291,
        "dmean2": 0.154153764248,
        "dvar": 0.00800758041441,
        "dvar2": 0.0200820192695,
        "max": 0.927753984928,
        "mean": 0.532181918621,
        "median": 0.532904982567,
        "min": 0.00676693348214,
        "var": 0.0192986372858
    },
    "silence_rate_20dB": {
        "dmean": 0,
        "dmean2": 0,
        "dvar": 0,
        "dvar2": 0,
        "max": 1,
        "mean": 1,
        "median": 1,
        "min": 1,
        "var": 0
    },
    "silence_rate_30dB": {
        "dmean": 0.00491400482133,
        "dmean2": 0.00982881523669,
        "dvar": 0.00488919019699,
        "dvar2": 0.0144821852446,
        "max": 1,
        "mean": 0.99746131897,
        "median": 1,
        "min": 0,
        "var": 0.00253184558824
    },
    "silence_rate_60dB": {
        "dmean": 0.00720720738173,
        "dmean2": 0.0144155947492,
        "dvar": 0.00715662399307,
        "dvar2": 0.0171616394073,
        "max": 1,
        "mean": 0.061911392957,
        "median": 0,
        "min": 0,
        "var": 0.0580886602402
    },
    "spectral_centroid": {
        "dmean": 299.919342041,
        "dmean2": 471.484588623,
        "dvar": 146085.28125,
        "dvar2": 317979.375,
        "max": 11647.4990234,
        "mean": 2406.12719727,
        "median": 2348.30932617,
        "min": 156.073577881,
        "var": 1239833.5
    },
    "spectral_complexity": {
        "dmean": 4.63210487366,
        "dmean2": 7.06642627716,
        "dvar": 25.5467472076,
        "dvar2": 55.1558418274,
        "max": 65,
        "mean": 32.0301361084,
        "median": 34,
        "min": 0,
        "var": 243.931213379
    },
    "spectral_decrease": {
        "dmean": 2.3597230836e-09,
        "dmean2": 3.76203912467e-09,
        "dvar": 9.14077176673e-18,
        "dvar2": 2.21173752485e-17,
        "max": 2.40428784989e-28,
        "mean": -7.83843923102e-09,
        "median": -7.72392461101e-09,
        "min": -3.93608097227e-08,
        "var": 2.55446161369e-17
    },
    "spectral_energy": {
        "dmean": 0.0091265020892,
        "dmean2": 0.0143589703366,
        "dvar": 0.000128208019305,
        "dvar2": 0.00030602098559,
        "max": 0.1544816643,
        "mean": 0.0336499363184,
        "median": 0.0332202427089,
        "min": 1.00288976897e-20,
        "var": 0.000440962583525
    },
    "spectral_energyband_high": {
        "dmean": 0.00130200793501,
        "dmean2": 0.00201994134113,
        "dvar": 7.15547776053e-06,
        "dvar2": 1.76334087882e-05,
        "max": 0.0463810898364,
        "mean": 0.00353175983764,
        "median": 0.00194368709344,
        "min": 7.04443165521e-21,
        "var": 1.63635759236e-05
    },
    "spectral_energyband_low": {
        "dmean": 0.00812354404479,
        "dmean2": 0.0133339548483,
        "dvar": 0.000114983820822,
        "dvar2": 0.000285131856799,
        "max": 0.11615973711,
        "mean": 0.0172767266631,
        "median": 0.0145889893174,
        "min": 1.0840625956e-23,
        "var": 0.000229895056691
    },
    "spectral_energyband_middle_high": {
        "dmean": 0.00203448417597,
        "dmean2": 0.00318430946209,
        "dvar": 8.28131578601e-06,
        "dvar2": 2.02499340958e-05,
        "max": 0.0475141443312,
        "mean": 0.00715293129906,
        "median": 0.00679996889085,
        "min": 1.22745373506e-21,
        "var": 2.90580846922e-05
    },
    "spectral_energyband_middle_low": {
        "dmean": 0.00347860739566,
        "dmean2": 0.00574842048809,
        "dvar": 7.85624215496e-05,
        "dvar2": 0.000188202655409,
        "max": 0.148973986506,
        "mean": 0.00635712360963,
        "median": 0.00462638027966,
        "min": 1.65143663374e-22,
        "var": 8.29467462609e-05
    },
    "spectral_entropy": {
        "dmean": 0.103044390678,
        "dmean2": 0.16025865078,
        "dvar": 0.0177572518587,
        "dvar2": 0.0400613322854,
        "max": 9.82785415649,
        "mean": 8.08092880249,
        "median": 8.13578033447,
        "min": 5.50076580048,
        "var": 0.147018149495
    },
    "spectral_flux": {
        "dmean": 0.0216696355492,
        "dmean2": 0.0321830622852,
        "dvar": 0.000723316450603,
        "dvar2": 0.0013965369435,
        "max": 0.370487868786,
        "mean": 0.100393079221,
        "median": 0.0932491272688,
        "min": 6.23460449933e-11,
        "var": 0.0029575068038
    },
    "spectral_kurtosis": {
        "dmean": 0.778031885624,
        "dmean2": 1.25190722942,
        "dvar": 0.824361622334,
        "dvar2": 1.96901535988,
        "max": 26.1939582825,
        "mean": 3.03501558304,
        "median": 2.82511997223,
        "min": -1.31307733059,
        "var": 2.93321371078
    },
    "spectral_rms": {
        "dmean": 0.00074997509364,
        "dmean2": 0.00118032982573,
        "dvar": 6.54504447084e-07,
        "dvar2": 1.56122587214e-06,
        "max": 0.0122765554115,
        "mean": 0.00534875923768,
        "median": 0.00569297745824,
        "min": 3.12798506714e-12,
        "var": 4.21995355282e-06
    },
    "spectral_rolloff": {
        "dmean": 1030.38000488,
        "dmean2": 1709.19030762,
        "dvar": 2053600.25,
        "dvar2": 5039904,
        "max": 19681.3476562,
        "mean": 3026.80371094,
        "median": 2497.8515625,
        "min": 21.533203125,
        "var": 6601155.5
    },
    "spectral_skewness": {
        "dmean": 0.138967171311,
        "dmean2": 0.215879961848,
        "dvar": 0.0211247205734,
        "dvar2": 0.0450751744211,
        "max": 4.26947784424,
        "mean": 1.28060185909,
        "median": 1.27038705349,
        "min": -0.0730147585273,
        "var": 0.103698447347
    },
    "spectral_spread": {
        "dmean": 526390.875,
        "dmean2": 798404.25,
        "dvar": 549190402048,
        "dvar2": 1.08334835302e+12,
        "max": 42561112,
        "mean": 5721314,
        "median": 5308626.5,
        "min": 1727329,
        "var": 1.34509620101e+13
    },
    "spectral_strongpeak": {
        "dmean": 0.266070008278,
        "dmean2": 0.466152012348,
        "dvar": 0.632680773735,
        "dvar2": 1.67811083794,
        "max": 17.5792293549,
        "mean": 0.396896034479,
        "median": 0.256626188755,
        "min": 0,
        "var": 0.664261221886
    },
    "zerocrossingrate": {
        "dmean": 0.0159065313637,
        "dmean2": 0.0197700113058,
        "dvar": 0.000320518447552,
        "dvar2": 0.000457982008811,
        "max": 0.82568359375,
        "mean": 0.101687818766,
        "median": 0.09130859375,
        "min": 0,
        "var": 0.00394089473411
    },
    "barkbands": {
        "dmean": [0.00112224172335, 0.00663522770628, 0.00257821241394, 0.00190001435112, 0.00167452194728, 0.000469269260066, 0.000379332603188, 0.000369780813344, 0.000360656122211, 0.000358140241588, 0.00031449040398, 0.000374512950657, 0.000332455325406, 0.000369100423995, 0.000398567470256, 0.000351268972736, 0.000448958366178, 0.000393746246118, 0.000402295641834, 0.000339958874974, 0.000318556063576, 0.000273294601357, 0.000267326075118, 0.000242205162067, 0.000220151618123, 0.000154515582835, 3.73977309209e-05],
        "dmean2": [0.00187108991668, 0.010711918585, 0.00445691915229, 0.00336167542264, 0.00295130116865, 0.000809787656181, 0.000636807875708, 0.000634567055386, 0.000592740543652, 0.000584323599469, 0.000521820853464, 0.000624788866844, 0.000553660560399, 0.000611234456301, 0.000649987254292, 0.000555218954105, 0.000706729362719, 0.000647259817924, 0.000667028303724, 0.000550154247321, 0.000523108348716, 0.000441645417595, 0.000426514598075, 0.000387803971535, 0.000348335859599, 0.000250798766501, 6.07712136116e-05],
        "dvar": [7.50901472202e-06, 7.59674003348e-05, 4.55902554677e-05, 3.34802098223e-05, 3.31273440679e-05, 6.60728744606e-07, 3.42336875292e-07, 4.82231826027e-07, 3.32477668508e-07, 3.60203245009e-07, 2.23734190286e-07, 3.7221153093e-07, 2.83614696173e-07, 4.40698869397e-07, 6.57032728668e-07, 5.22797563463e-07, 3.77511639726e-07, 2.81142746417e-07, 4.36872767295e-07, 3.68806752249e-07, 3.16149453283e-07, 2.53202159683e-07, 3.33060853563e-07, 2.68010182936e-07, 2.31687963037e-07, 1.36581448373e-07, 8.21424883668e-09],
        "dvar2": [2.07891916943e-05, 0.000185365410289, 0.00012148742826, 8.86200359673e-05, 9.21645478229e-05, 1.84190560049e-06, 9.29405985062e-07, 1.35032985327e-06, 8.5917014303e-07, 9.26773623178e-07, 5.79240520437e-07, 9.91087290458e-07, 7.37850257337e-07, 1.16288265417e-06, 1.60821002737e-06, 1.10296650746e-06, 8.33090894048e-07, 7.20970206203e-07, 1.21148048038e-06, 9.27677206164e-07, 8.22449010229e-07, 6.39555992166e-07, 8.27849248708e-07, 6.74619798247e-07, 5.69801443362e-07, 3.5857121361e-07, 2.11891233448e-08],
        "max": [0.0725912079215, 0.0800714120269, 0.0777745991945, 0.0757981538773, 0.116289123893, 0.0176250282675, 0.00998551491648, 0.00910676363856, 0.00995901226997, 0.0112777501345, 0.00873623136431, 0.0106797218323, 0.00977253820747, 0.0142446849495, 0.0332158282399, 0.0433890372515, 0.0131834568456, 0.00991403404623, 0.0148865394294, 0.0144607964903, 0.0154692847282, 0.0104089304805, 0.0137074673548, 0.0106011833996, 0.0090360250324, 0.00880143139511, 0.00128835230134],
        "mean": [0.001535090385, 0.0124891018495, 0.00267495843582, 0.0018191721756, 0.00189915520605, 0.000710460357368, 0.000647343462333, 0.000516623491421, 0.000613532378338, 0.000587305868976, 0.000501034606714, 0.000608968664892, 0.000536279869266, 0.000599880178925, 0.000718791561667, 0.000705803744495, 0.000960230594501, 0.000803645292763, 0.000826110481285, 0.000719637377188, 0.000690333137754, 0.000590157287661, 0.000542196910828, 0.000495535030495, 0.000483180047013, 0.000317365658702, 5.80318956054e-05],
        "median": [0.000668029359076, 0.00886404141784, 0.000875197700225, 0.000480456103105, 0.000910486094654, 0.000397654686822, 0.000335119839292, 0.000263536028797, 0.000355464988388, 0.000331880699378, 0.000311074079946, 0.000349115172867, 0.000316372636007, 0.000357481476385, 0.000422784360126, 0.000392030575313, 0.000648092303891, 0.000651299022138, 0.000627929053735, 0.000488596386276, 0.000408329273341, 0.00031291533378, 0.000286996306386, 0.000231534460909, 0.000189175916603, 8.25719034765e-05, 4.261250524e-06],
        "min": [1.56756004939e-25, 1.50990284677e-24, 1.00240219961e-24, 7.83276706784e-25, 8.71658641428e-24, 8.05443155879e-24, 6.38274142618e-24, 8.75764977984e-24, 1.41451390444e-23, 1.3447112317e-23, 1.34888525252e-23, 2.75827834529e-23, 3.26786829056e-23, 3.42094611813e-23, 4.41245655466e-23, 5.86622465107e-23, 7.54032948691e-23, 8.74784707869e-23, 1.35289203483e-22, 1.67539263549e-22, 2.68191503194e-22, 2.80909304138e-22, 4.3546969796e-22, 6.0623225979e-22, 8.62831773837e-22, 1.29881997429e-21, 1.98646878844e-21],
        "var": [7.58173200666e-06, 0.000154771929374, 3.65343439626e-05, 2.58487198153e-05, 2.30757086683e-05, 9.16633837278e-07, 7.84263079368e-07, 5.81937399602e-07, 6.54726079574e-07, 7.09961454959e-07, 3.90014719187e-07, 6.55398935123e-07, 4.52324798061e-07, 6.49546677778e-07, 1.89903289538e-06, 2.58524050878e-06, 1.36987137012e-06, 5.78344213409e-07, 7.04917283656e-07, 7.09916719188e-07, 6.21573178705e-07, 5.03491833115e-07, 5.40767587154e-07, 4.95878737183e-07, 4.83151609387e-07, 2.35874395571e-07, 1.28138175626e-08]
    },
    "erbbands": {
        "dmean": [0.25687789917, 1.37938857079, 2.84187746048, 4.53858947754, 6.28347396851, 5.45362854004, 4.2833943367, 3.77340650558, 4.86402177811, 6.80782318115, 8.46990776062, 7.6885008812, 9.64277076721, 11.373705864, 11.1040067673, 14.827791214, 14.8985080719, 16.4594745636, 18.4047393799, 20.6031150818, 19.1179218292, 25.485080719, 20.4529132843, 21.4851531982, 18.5246944427, 15.2575378418, 14.1173601151, 11.8621826172, 10.1302404404, 8.96856689453, 7.42639923096, 5.38946247101, 4.09027957916, 2.67063188553, 1.55442965031, 0.761690974236, 0.27814412117, 0.063093662262, 0.00622852193192, 9.65433646343e-05],
        "dmean2": [0.411384254694, 2.20511221886, 4.76039600372, 7.89679431915, 10.7150182724, 9.75081729889, 7.54334163666, 6.51311969757, 8.14364910126, 11.5708942413, 14.296631813, 12.800661087, 15.816573143, 18.6864509583, 18.571805954, 24.6960754395, 24.6771278381, 27.0406494141, 30.1397209167, 32.8667793274, 30.4105529785, 39.7393188477, 33.3461952209, 35.4781341553, 30.7688846588, 24.7418556213, 23.3805618286, 19.5646247864, 16.5186920166, 14.451675415, 11.8274469376, 8.64029121399, 6.57066822052, 4.24441576004, 2.47662496567, 1.24606668949, 0.45268407464, 0.101936683059, 0.0101401628926, 0.000155185349286],
        "dvar": [0.110578738153, 4.06551551819, 44.3972549438, 159.297622681, 455.62109375, 332.91027832, 89.0791244507, 46.2502059937, 63.1855392456, 129.440460205, 235.871871948, 165.875854492, 240.351989746, 321.461273193, 304.266448975, 592.462768555, 546.741577148, 834.023071289, 1494.52185059, 2255.41479492, 1147.61682129, 1372.81640625, 795.162902832, 870.415649414, 1157.02661133, 819.227172852, 655.173400879, 443.885345459, 349.185333252, 312.203186035, 252.204879761, 131.496902466, 77.1299209595, 31.6841907501, 11.8422517776, 3.23341083527, 0.440331310034, 0.0250833891332, 0.000241233239649, 5.19704848045e-08],
        "dvar2": [0.273428052664, 9.39523887634, 112.718299866, 433.728179932, 1126.77612305, 959.359558105, 254.825073242, 128.045761108, 166.582183838, 354.530578613, 651.185668945, 441.174224854, 606.437194824, 847.842590332, 783.405700684, 1567.01635742, 1393.39208984, 2173.71166992, 3975.12792969, 5053.29882812, 2570.56347656, 2908.49951172, 2043.03796387, 2308.79980469, 3249.99633789, 2044.0982666, 1676.0279541, 1164.68737793, 883.582275391, 776.60760498, 633.044189453, 333.056915283, 189.131484985, 76.9942245483, 30.0405387878, 8.46160793304, 1.16564691067, 0.0657825022936, 0.000628115376458, 1.33646153699e-07],
        "max": [3.19204711914, 19.7703399658, 72.8616790771, 133.445266724, 437.714996338, 377.00213623, 148.779769897, 194.89680481, 143.980545044, 257.679901123, 195.956497192, 230.703231812, 406.175354004, 278.721588135, 275.88949585, 402.753631592, 483.322570801, 710.871948242, 864.568664551, 2440.48803711, 1790.2175293, 909.026428223, 538.055786133, 578.142089844, 772.596801758, 736.216430664, 584.333557129, 567.372558594, 405.394226074, 308.678039551, 347.780914307, 185.633514404, 254.385070801, 96.4626846313, 66.6357116699, 29.9873218536, 17.92619133, 4.21874094009, 0.24677297473, 0.00433032680303],
        "mean": [0.49650812149, 2.24327015877, 3.36625814438, 4.75651693344, 6.69002485275, 5.97181034088, 5.64362430573, 5.70719718933, 8.30340766907, 10.4467182159, 13.0155715942, 12.7687149048, 16.9620094299, 19.7012386322, 18.9532108307, 25.1238365173, 25.9470806122, 28.368265152, 32.7200431824, 42.4769477844, 41.2833099365, 56.656047821, 44.1800422668, 45.2030906677, 39.1802177429, 32.6005744934, 29.5371761322, 25.7175941467, 21.4845600128, 18.4176998138, 14.8849830627, 10.7848043442, 8.19822883606, 5.66499137878, 3.26956748962, 1.57521045208, 0.536385953426, 0.120366185904, 0.00933652278036, 0.000203328643693],
        "median": [0.311791390181, 1.44169020653, 1.44641005993, 1.65218114853, 2.49909377098, 2.74706125259, 2.9515953064, 3.17720103264, 4.23334741592, 5.61863279343, 6.88583230972, 7.65361070633, 10.3132915497, 13.1263360977, 12.2591810226, 14.997838974, 16.4929141998, 17.3251781464, 19.6325054169, 24.2777404785, 28.0714035034, 38.2517776489, 36.7672462463, 37.9662399292, 29.4529190063, 21.6517448425, 17.2257556915, 15.1961250305, 11.8877401352, 10.143248558, 7.3121099472, 5.06421804428, 3.81571674347, 2.44316530228, 1.05817615986, 0.437805771828, 0.134924665093, 0.0200703982264, 0.000775267137215, 6.85132690705e-05],
        "min": [4.44525297348e-23, 3.01807731508e-22, 2.34999002995e-21, 4.57759691113e-21, 1.37917536053e-20, 2.00073987544e-20, 3.92241647084e-20, 8.22384322093e-20, 7.86554412249e-20, 1.41265310476e-19, 1.77824509277e-19, 3.9705930853e-19, 4.62616525701e-19, 6.5021628064e-19, 7.35125853531e-19, 1.50774397852e-18, 1.62011336281e-18, 1.9884429309e-18, 2.84658325942e-18, 2.25198660317e-18, 3.9804489423e-18, 5.45658790057e-18, 5.03982287511e-18, 6.48944035499e-18, 8.40036488197e-18, 8.14499933763e-18, 9.97251593472e-18, 9.23314633445e-18, 1.01715910112e-17, 1.06004328736e-17, 1.15808429044e-17, 1.04442586924e-17, 9.26150953048e-18, 8.61093115152e-18, 6.24691761684e-18, 3.77699766678e-18, 2.01034956866e-18, 9.77948134466e-19, 2.54473869495e-19, 2.84382335839e-20],
        "var": [0.260924428701, 7.01604795456, 41.6746711731, 118.92440033, 394.129241943, 213.003417969, 78.6124191284, 61.4571495056, 146.648086548, 243.729141235, 330.424835205, 266.081451416, 526.624450684, 523.084899902, 521.087768555, 1049.53283691, 949.495483398, 1290.3416748, 2205.36523438, 11953.5517578, 4214.37744141, 5223.69677734, 1658.23327637, 1738.81750488, 1643.80908203, 1538.30273438, 1235.42797852, 854.357055664, 658.345458984, 549.319763184, 422.248718262, 234.337356567, 143.407363892, 65.3573074341, 23.6627902985, 5.76312208176, 0.703709185123, 0.0408514887094, 0.000351121620042, 9.0287102239e-08]
    },
    "gfcc": {
        "mean": [27.3061447144, 44.5016479492, -105.87575531, 46.9943580627, -43.3887443542, 24.5844402313, -30.2517948151, 20.2948875427, -21.4831104279, 7.7909989357, -15.3667354584, 6.69153213501, -12.430229187],
        "cov": [[25790.4589844, -1360.93713379, -1685.37084961, 362.611175537, -473.817077637, 632.744567871, -216.544143677, 441.575561523, -350.986236572, 421.308807373, -394.067108154, 284.246765137, -179.558441162], [-1360.93713379, 1888.1427002, -256.834075928, 98.6260681152, -99.4380493164, -304.398925781, -150.718917847, -46.9562721252, 77.8769378662, -172.24005127, 99.1548919678, -70.0900726318, 20.0280208588], [-1685.37084961, -256.834075928, 708.274719238, 33.6378631592, 29.1051197052, -20.9499607086, -1.05072557926, -75.0015792847, 10.7197055817, 1.80049049854, 5.47240924835, -5.16076421738, 6.11001729965], [362.611175537, 98.6260681152, 33.6378631592, 274.385925293, -10.1307458878, 10.0226917267, -33.8380126953, -15.718996048, -16.0219688416, -25.7513027191, 1.99857127666, -16.0919475555, -4.39037561417], [-473.817077637, -99.4380493164, 29.1051197052, -10.1307458878, 258.630371094, 76.4928665161, 59.4331741333, 9.32287406921, 25.1176242828, 23.5336933136, 9.87461662292, 4.75104236603, 11.622508049], [632.744567871, -304.398925781, -20.9499607086, 10.0226917267, 76.4928665161, 205.134277344, 81.6561050415, 45.4057540894, -5.70601511002, 50.2803611755, -9.519115448, 15.3103322983, 4.77873086929], [-216.544143677, -150.718917847, -1.05072557926, -33.8380126953, 59.4331741333, 81.6561050415, 231.189025879, 63.8115844727, 28.9372615814, 45.4666366577, 9.06504631042, 35.4982299805, 31.4153118134], [441.575561523, -46.9562721252, -75.0015792847, -15.718996048, 9.32287406921, 45.4057540894, 63.8115844727, 153.588928223, 51.4375495911, 34.2637939453, 11.9221105576, 25.2475910187, 12.541806221], [-350.986236572, 77.8769378662, 10.7197055817, -16.0219688416, 25.1176242828, -5.70601511002, 28.9372615814, 51.4375495911, 127.158035278, 45.0595474243, 35.5157394409, 14.4714536667, 25.1443138123], [421.308807373, -172.24005127, 1.80049049854, -25.7513027191, 23.5336933136, 50.2803611755, 45.4666366577, 34.2637939453, 45.0595474243, 120.414115906, 30.3689365387, 32.6423492432, 19.51080513], [-394.067108154, 99.1548919678, 5.47240924835, 1.99857127666, 9.87461662292, -9.519115448, 9.06504631042, 11.9221105576, 35.5157394409, 30.3689365387, 98.4682235718, 26.565656662, 21.1324996948], [284.246765137, -70.0900726318, -5.16076421738, -16.0919475555, 4.75104236603, 15.3103322983, 35.4982299805, 25.2475910187, 14.4714536667, 32.6423492432, 26.565656662, 87.4940109253, 35.5976409912], [-179.558441162, 20.0280208588, 6.11001729965, -4.39037561417, 11.622508049, 4.77873086929, 31.4153118134, 12.541806221, 25.1443138123, 19.51080513, 21.1324996948, 35.5976409912, 77.063117981]],
        "icov": [[8.77612619661e-05, -8.88819158718e-06, 0.000170371582499, -0.000158785594977, 0.000144289631862, -0.000188166697626, 0.000211713617318, -0.000195231070393, 0.000249725271715, -0.000459692178993, 0.000439814990386, -0.00041006502579, 0.000223331604502], [-8.88819158718e-06, 0.00107051932719, 0.000468795595225, -0.000325863657054, 4.53439561454e-08, 0.00112815643661, 1.55700345204e-05, 0.000206284981687, -0.000956843898166, 0.00150021864101, -0.00126447819639, 0.000799005210865, -0.000554503349122], [0.000170371582499, 0.000468795595225, 0.00209133210592, -0.000672515074257, 0.000135820126161, 0.00025564810494, 0.000219520137762, 0.000673203612678, -0.000367894914234, -0.000353285606252, 0.000355085998308, -0.000501950620674, 0.000179592650966], [-0.000158785594977, -0.000325863657054, -0.000672515074257, 0.00430452311411, -5.25929935975e-05, -0.000826714094728, 0.000191498780623, 0.000304873246932, -3.25317159877e-06, 0.00128735369071, -0.00104380014818, 0.00106401671655, -0.000585350964684], [0.000144289631862, 4.53439561454e-08, 0.000135820126161, -5.25929935975e-05, 0.00489575974643, -0.00213377154432, -0.000335759687005, 0.000450892170193, -0.000745241006371, -0.000327524612658, 0.000254795362707, -0.000250376207987, 0.000151728047058], [-0.000188166697626, 0.00112815643661, 0.00025564810494, -0.000826714094728, -0.00213377154432, 0.00905757583678, -0.00202687527053, -0.001058207592, 0.000792366801761, -0.000627654895652, -0.000883503525984, 0.00168269290589, -0.000674994371366], [0.000211713617318, 1.55700345204e-05, 0.000219520137762, 0.000191498780623, -0.000335759687005, -0.00202687527053, 0.00654459837824, -0.00213156756945, 0.000495310348924, -0.00149505573791, 0.00128777523059, -0.00182004983071, -0.000957461248618], [-0.000195231070393, 0.000206284981687, 0.000673203612678, 0.000304873246932, 0.000450892170193, -0.001058207592, -0.00213156756945, 0.0100531633943, -0.00466013234109, 0.00140107609332, -0.000865241687279, -0.000622616906185, 0.000376599142328], [0.000249725271715, -0.000956843898166, -0.000367894914234, -3.25317159877e-06, -0.000745241006371, 0.000792366801761, 0.000495310348924, -0.00466013234109, 0.0135948732495, -0.00614676438272, -7.36755609978e-05, 9.112375119e-05, -0.0014221270103], [-0.000459692178993, 0.00150021864101, -0.000353285606252, 0.00128735369071, -0.000327524612658, -0.000627654895652, -0.00149505573791, 0.00140107609332, -0.00614676438272, 0.0168140847236, -0.00616822671145, 0.000550971017219, -0.00170430645812], [0.000439814990386, -0.00126447819639, 0.000355085998308, -0.00104380014818, 0.000254795362707, -0.000883503525984, 0.00128777523059, -0.000865241687279, -7.36755609978e-05, -0.00616822671145, 0.0163907818496, -0.00565220881253, 0.000599877326749], [-0.00041006502579, 0.000799005210865, -0.000501950620674, 0.00106401671655, -0.000250376207987, 0.00168269290589, -0.00182004983071, -0.000622616906185, 9.112375119e-05, 0.000550971017219, -0.00565220881253, 0.0187856573611, -0.00758288335055], [0.000223331604502, -0.000554503349122, 0.000179592650966, -0.000585350964684, 0.000151728047058, -0.000674994371366, -0.000957461248618, 0.000376599142328, -0.0014221270103, -0.00170430645812, 0.000599877326749, -0.00758288335055, 0.0181750226766]]
    },
    "melbands": {
        "dmean": [0.00200924440287, 0.00145389547106, 0.000826990755741, 0.000417198316427, 0.00016127138224, 8.52489320096e-05, 7.32524058549e-05, 7.51474435674e-05, 7.19120071153e-05, 4.83669246023e-05, 5.02821130794e-05, 4.78405963804e-05, 4.05650062021e-05, 3.64740517398e-05, 4.3563060899e-05, 3.2515352359e-05, 3.30023976858e-05, 3.20751641993e-05, 3.13868440571e-05, 2.62335142907e-05, 2.39987330133e-05, 3.03474898828e-05, 2.10873149626e-05, 1.98850448214e-05, 1.89023376151e-05, 1.63062850334e-05, 1.36723392643e-05, 1.05837516458e-05, 9.78309344646e-06, 8.37021798361e-06, 7.07753724782e-06, 6.23577489023e-06, 5.6460585256e-06, 5.31353998667e-06, 4.65007315142e-06, 4.15246495322e-06, 3.3265350794e-06, 3.09340452986e-06, 2.73453338195e-06, 2.27914370043e-06],
        "dmean2": [0.00325387809426, 0.00232617580332, 0.00141702382825, 0.000725517515093, 0.000285517715383, 0.000146647100337, 0.000122519471915, 0.000128001905978, 0.000120429649542, 8.04402297945e-05, 8.23867012514e-05, 7.85647062003e-05, 6.77700954839e-05, 6.17328623775e-05, 7.25668214727e-05, 5.40014989383e-05, 5.4614371038e-05, 5.31188416062e-05, 5.1433693443e-05, 4.15007052652e-05, 3.90226850868e-05, 4.74688713439e-05, 3.39872567565e-05, 3.27288362314e-05, 3.14343051286e-05, 2.73666100838e-05, 2.26503143494e-05, 1.73198422999e-05, 1.62549695233e-05, 1.38594050441e-05, 1.17958306873e-05, 1.02680251075e-05, 9.14636893867e-06, 8.67909966473e-06, 7.56010285841e-06, 6.695477623e-06, 5.40803966942e-06, 5.03373757965e-06, 4.4382750275e-06, 3.65437745131e-06],
        "dvar": [6.592610589e-06, 7.24940582586e-06, 5.50780987396e-06, 2.01690045287e-06, 1.58337670086e-07, 2.18016023013e-08, 1.35191049466e-08, 1.64256661606e-08, 1.59147326428e-08, 6.42021147357e-09, 6.53002407702e-09, 5.85772585993e-09, 3.93998744741e-09, 3.6413778659e-09, 5.51446310837e-09, 2.88435519913e-09, 3.45878814478e-09, 4.76185979537e-09, 4.13925649312e-09, 3.92786869696e-09, 1.781860548e-09, 2.13971484975e-09, 9.28424559454e-10, 7.73818897848e-10, 6.80492051597e-10, 9.27354970592e-10, 5.43217193449e-10, 4.23436757879e-10, 3.06955738605e-10, 2.13106102209e-10, 1.56286220077e-10, 1.26179025561e-10, 1.17276618972e-10, 1.15113044097e-10, 9.62336807464e-11, 8.31221758091e-11, 4.89933163483e-11, 4.51587343908e-11, 3.15869691514e-11, 2.31655944427e-11],
        "dvar2": [1.64676239365e-05, 1.69443319464e-05, 1.41712835102e-05, 5.39662369192e-06, 4.55546540934e-07, 6.0259104373e-08, 3.61857388498e-08, 4.51576056548e-08, 4.29561346493e-08, 1.71616481026e-08, 1.64319153839e-08, 1.54701123023e-08, 1.02112336364e-08, 9.51723322373e-09, 1.44685392556e-08, 7.50876782973e-09, 9.12351705296e-09, 1.28588046877e-08, 1.00623962496e-08, 8.39620195592e-09, 4.2722474447e-09, 4.52438131404e-09, 2.31423480379e-09, 2.03703653945e-09, 1.80686610118e-09, 2.62401766982e-09, 1.44040124272e-09, 1.07465225607e-09, 7.93147270084e-10, 5.6670612647e-10, 4.13968526125e-10, 3.2236530112e-10, 3.00406227671e-10, 2.8875504765e-10, 2.46408754512e-10, 2.09929088002e-10, 1.28554528134e-10, 1.11427755911e-10, 7.84826717504e-11, 5.64175650641e-11],
        "max": [0.023995552212, 0.0291912555695, 0.0276215188205, 0.028929149732, 0.0071796788834, 0.00392069807276, 0.00189916510135, 0.00239765108563, 0.00173242599703, 0.00145648792386, 0.00206060614437, 0.00132319959812, 0.00117247214075, 0.000923229381442, 0.00154183222912, 0.000931393471546, 0.00139441562351, 0.00148915778846, 0.00269432854839, 0.00396389700472, 0.00175743584987, 0.00118895724881, 0.000614758289885, 0.000596806057729, 0.000515092222486, 0.000742628297303, 0.000446479709353, 0.000583457760513, 0.000362657330697, 0.000377550459234, 0.000287451752229, 0.000335215969244, 0.000233076658333, 0.000228652643273, 0.000215567153646, 0.000153899920406, 0.000113221132779, 0.000191784987692, 0.00014170591021, 8.75413679751e-05],
        "mean": [0.0039204233326, 0.00217845919542, 0.0009075475391, 0.000465472374344, 0.0002086963068, 0.000134057176183, 0.000126353566884, 0.000112514353532, 0.000110804910946, 7.91507845861e-05, 8.61351727508e-05, 8.07809556136e-05, 6.59332072246e-05, 5.8350051404e-05, 7.17662187526e-05, 5.17898624821e-05, 5.29417775397e-05, 5.16775980941e-05, 5.59655454708e-05, 5.27042866452e-05, 4.59779439552e-05, 6.28234993201e-05, 4.19582393079e-05, 3.81994759664e-05, 3.65016130672e-05, 3.10980467475e-05, 2.57305109699e-05, 2.04770894925e-05, 1.89402744581e-05, 1.62776013894e-05, 1.42694016176e-05, 1.22848960018e-05, 1.08832764454e-05, 1.00627212305e-05, 8.72733107826e-06, 7.57890757086e-06, 6.21143681201e-06, 5.78177969146e-06, 5.30825900569e-06, 4.60945966552e-06],
        "median": [0.00271857297048, 0.00133086333517, 0.000340046128258, 0.000210397076444, 0.000109145119495, 7.58026435506e-05, 6.69026048854e-05, 5.92611286265e-05, 5.63125322515e-05, 4.66097189928e-05, 5.03368173668e-05, 5.16946493008e-05, 4.12068111473e-05, 3.37683704856e-05, 4.04426173191e-05, 2.96648486255e-05, 3.12081247102e-05, 2.81607790384e-05, 3.21837833326e-05, 2.76831597148e-05, 2.87388957076e-05, 3.83774568036e-05, 3.18903657899e-05, 3.0162935218e-05, 2.94472283713e-05, 2.22820199269e-05, 1.75684162969e-05, 1.23198478832e-05, 1.09129341581e-05, 9.29429552343e-06, 8.16175179352e-06, 6.70811186865e-06, 5.39908660357e-06, 5.80451933274e-06, 4.29952524428e-06, 3.3606645502e-06, 2.85232567876e-06, 2.66222764367e-06, 2.33931791627e-06, 1.84838859241e-06],
        "min": [7.93955960593e-25, 1.13266837861e-24, 9.11005563987e-25, 1.18381279489e-24, 1.67319015162e-24, 1.64332801927e-24, 1.26625013999e-24, 1.62955539533e-24, 1.60150498066e-24, 2.07510058334e-24, 2.21906888183e-24, 1.94166831109e-24, 1.87858290729e-24, 2.75186987595e-24, 2.56333488062e-24, 3.32810200164e-24, 2.28476009042e-24, 3.95819912766e-24, 3.62564692445e-24, 4.3113847767e-24, 4.02669986436e-24, 4.50531952493e-24, 4.24004690175e-24, 4.09456044044e-24, 4.83935360335e-24, 4.27693640426e-24, 4.80124531074e-24, 4.98308879344e-24, 5.61475338608e-24, 3.58761436249e-24, 4.37950804346e-24, 5.23181032597e-24, 5.13783648178e-24, 5.59776053332e-24, 5.91268997834e-24, 5.21058207901e-24, 5.80288132919e-24, 5.00667021248e-24, 6.91096742148e-24, 6.24818778816e-24],
        "var": [1.44689820445e-05, 9.58033524512e-06, 4.54423070551e-06, 1.53302494255e-06, 1.23020427623e-07, 3.18008659406e-08, 2.99482287858e-08, 2.7211095599e-08, 2.48939997505e-08, 1.05422959251e-08, 1.43920626527e-08, 9.64783541946e-09, 6.92754165144e-09, 5.89379478555e-09, 9.9246220131e-09, 4.4317141068e-09, 4.99179986235e-09, 6.21898443853e-09, 1.25403056828e-08, 2.21586322624e-08, 4.8867656588e-09, 8.16108247648e-09, 1.89839832743e-09, 1.42266554093e-09, 1.28247046316e-09, 1.26246813004e-09, 8.72014016551e-10, 7.37113037275e-10, 5.52487833261e-10, 3.76550929326e-10, 2.81664802593e-10, 2.23221024997e-10, 2.03915537234e-10, 1.78096079551e-10, 1.50131435062e-10, 1.27631044622e-10, 8.25684104422e-11, 7.65973048877e-11, 6.16863921055e-11, 4.53948302559e-11]
    },
    "mfcc": {
        "mean": [-609.269897461, 76.2395706177, 1.56859993935, 28.8236370087, 13.651099205, 10.6440982819, 9.1062335968, 12.3912992477, 5.33217382431, 5.46254587173, 4.53401136398, 3.27249836922, 1.31539082527],
        "cov": [[12058.21875, -444.278961182, -603.294189453, -86.3812026978, -166.487167358, 235.697479248, 133.569229126, 124.735687256, 219.413497925, 88.3980102539, 76.915512085, 42.7620353699, 112.080223083], [-444.278961182, 1366.44750977, -88.3974533081, 160.692276001, 14.6247816086, -186.195480347, -137.802871704, 2.01091647148, -80.1650619507, -60.8450508118, -5.80888319016, 27.0477523804, -4.865858078], [-603.294189453, -88.3974533081, 539.453430176, 97.7755355835, 29.8499412537, -4.78759908676, -39.5698051453, -45.893699646, -37.8858985901, -25.7915382385, -30.7788314819, 7.10145235062, -29.2588253021], [-86.3812026978, 160.692276001, 97.7755355835, 236.56918335, 29.840927124, -6.3101568222, -23.7277393341, 2.13377189636, -25.622220993, -20.0309047699, -13.0006847382, -6.64499950409, -8.10097789764], [-166.487167358, 14.6247816086, 29.8499412537, 29.840927124, 224.636001587, 32.4825973511, -6.72221517563, -13.3907899857, -14.7509508133, 7.14043903351, 2.02444982529, 2.93329453468, -14.0342235565], [235.697479248, -186.195480347, -4.78759908676, -6.3101568222, 32.4825973511, 185.040802002, 78.300819397, 5.39076900482, 28.507188797, 24.256729126, 3.86540770531, -14.3745622635, 19.0243301392], [133.569229126, -137.802871704, -39.5698051453, -23.7277393341, -6.72221517563, 78.300819397, 161.050506592, 49.754032135, 37.3194503784, 25.8965454102, 17.7008647919, -4.54918718338, 10.8723220825], [124.735687256, 2.01091647148, -45.893699646, 2.13377189636, -13.3907899857, 5.39076900482, 49.754032135, 117.517944336, 47.7454299927, 13.3127241135, 16.4779224396, 7.54375314713, 9.85488796234], [219.413497925, -80.1650619507, -37.8858985901, -25.622220993, -14.7509508133, 28.507188797, 37.3194503784, 47.7454299927, 122.715759277, 48.6736488342, 14.6285867691, 14.5252037048, 17.2892513275], [88.3980102539, -60.8450508118, -25.7915382385, -20.0309047699, 7.14043903351, 24.256729126, 25.8965454102, 13.3127241135, 48.6736488342, 98.1240692139, 34.0851554871, 10.8026580811, 17.07513237], [76.915512085, -5.80888319016, -30.7788314819, -13.0006847382, 2.02444982529, 3.86540770531, 17.7008647919, 16.4779224396, 14.6285867691, 34.0851554871, 75.8819885254, 28.8932666779, 18.0875263214], [42.7620353699, 27.0477523804, 7.10145235062, -6.64499950409, 2.93329453468, -14.3745622635, -4.54918718338, 7.54375314713, 14.5252037048, 10.8026580811, 28.8932666779, 81.6621322632, 25.3834152222], [112.080223083, -4.865858078, -29.2588253021, -8.10097789764, -14.0342235565, 19.0243301392, 10.8723220825, 9.85488796234, 17.2892513275, 17.07513237, 18.0875263214, 25.3834152222, 70.6458435059]],
