{
"lowlevel": {
    "average_loudness": 0.918982803822,
    "barkbands_crest": {
        "dmean": 2.74265694618,
        "dmean2": 4.2591753006,
        "dvar": 6.97611141205,
        "dvar2": 16.8036708832,
        "max": 25.8268280029,
        "mean": 12.1438961029,
        "median": 11.670548439,
        "min": 3.05008649826,
        "var": 20.2273597717
    },
    "barkbands_flatness_db": {
        "dmean": 0.027953768149,
        "dmean2": 0.0409219935536,
        "dvar": 0.000726857979316,
        "dvar2": 0.00163342559244,
        "max": 0.413449317217,
        "mean": 0.142458751798,
        "median": 0.13556535542,
        "min": 0.0233138129115,
        "var": 0.00301545043476
    },
    "barkbands_kurtosis": {
        "dmean": 4.40744256973,
        "dmean2": 6.82409334183,
        "dvar": 71.1574935913,
        "dvar2": 170.688980103,
        "max": 200.130966187,
        "mean": 6.04061412811,
        "median": 2.83478021622,
        "min": -1.92871320248,
        "var": 114.750679016
    },
    "barkbands_skewness": {
        "dmean": 0.725199818611,
        "dmean2": 1.07523357868,
        "dvar": 0.637101173401,
        "dvar2": 1.39889240265,
        "max": 13.5575790405,
        "mean": 1.81516802311,
        "median": 1.67612290382,
        "min": -4.82329559326,
        "var": 2.1808784008
    },
    "barkbands_spread": {
        "dmean": 7.28687143326,
        "dmean2": 10.8669366837,
        "dvar": 71.7430038452,
        "dvar2": 153.295715332,
        "max": 109.703186035,
        "mean": 23.3992385864,
        "median": 21.4587650299,
        "min": 1.12536489964,
        "var": 204.053787231
    },
    "dissonance": {
        "dmean": 0.0222252681851,
        "dmean2": 0.0377489328384,
        "dvar": 0.00057104032021,
        "dvar2": 0.00161216396373,
        "max": 0.49999961257,
        "mean": 0.464041411877,
        "median": 0.472770303488,
        "min": 0.176993012428,
        "var": 0.00103956053499
    },
    "dynamic_complexity": 4.9167714119,
    "erbbands_crest": {
        "dmean": 3.0172226429,
        "dmean2": 4.93091392517,
        "dvar": 8.15955448151,
        "dvar2": 20.2111759186,
        "max": 28.6585903168,
        "mean": 9.10110855103,
        "median": 8.04703807831,
        "min": 1.9351234436,
        "var": 18.5455818176
    },
    "erbbands_flatness_db": {
        "dmean": 0.0219779759645,
        "dmean2": 0.032528527081,
        "dvar": 0.000441121956101,
        "dvar2": 0.000902043189853,
        "max": 0.440926462412,
        "mean": 0.143662407994,
        "median": 0.126877173781,
        "min": 0.0458861924708,
        "var": 0.00391850573942
    },
    "erbbands_kurtosis": {
        "dmean": 1.28837275505,
        "dmean2": 2.03635168076,
        "dvar": 3.34911251068,
        "dvar2": 7.87199544907,
        "max": 38.8136367798,
        "mean": 0.858563184738,
        "median": 0.0925478935242,
        "min": -1.80870735645,
        "var": 7.46265363693
    },
    "erbbands_skewness": {
        "dmean": 0.471488296986,
        "dmean2": 0.722255706787,
        "dvar": 0.190681636333,
        "dvar2": 0.43590849638,
        "max": 3.45836830139,
        "mean": 0.310950607061,
        "median": 0.402752280235,
        "min": -3.92776298523,
        "var": 0.70281791687
    },
    "erbbands_spread": {
        "dmean": 11.2647066116,
        "dmean2": 17.0687637329,
        "dvar": 134.679931641,
        "dvar2": 293.019165039,
        "max": 145.632019043,
        "mean": 41.0315704346,
        "median": 38.0558280945,
        "min": 1.01718783379,
        "var": 475.01852417
    },
    "hfc": {
        "dmean": 9.39878845215,
        "dmean2": 13.0992002487,
        "dvar": 169.672317505,
        "dvar2": 318.300201416,
        "max": 162.004013062,
        "mean": 25.0465145111,
        "median": 18.3267250061,
        "min": 1.11443357247e-16,
        "var": 593.031799316
    },
    "melbands_crest": {
        "dmean": 4.04256534576,
        "dmean2": 6.3197221756,
        "dvar": 15.3203830719,
        "dvar2": 36.5744400024,
        "max": 37.5588951111,
        "mean": 20.3784542084,
        "median": 21.0231018066,
        "min": 1.66445994377,
        "var": 55.7868270874
    },
    "melbands_flatness_db": {
        "dmean": 0.0329815298319,
        "dmean2": 0.0480870679021,
        "dvar": 0.00107377499808,
        "dvar2": 0.00235133687966,
        "max": 0.543807446957,
        "mean": 0.217422813177,
        "median": 0.213974684477,
        "min": 0.00304809072986,
        "var": 0.00428118975833
    },
    "melbands_kurtosis": {
        "dmean": 12.3530426025,
        "dmean2": 19.1659488678,
        "dvar": 560.743835449,
        "dvar2": 1330.39758301,
        "max": 899.091552734,
        "mean": 19.9496459961,
        "median": 10.2802333832,
        "min": -1.88547325134,
        "var": 956.14465332
    },
    "melbands_skewness": {
        "dmean": 1.10535764694,
        "dmean2": 1.66297352314,
        "dvar": 1.49011278152,
        "dvar2": 3.2775759697,
        "max": 26.3656177521,
        "mean": 3.14575862885,
        "median": 2.76820445061,
        "min": -3.5156288147,
        "var": 5.17048358917
    },
    "melbands_spread": {
        "dmean": 7.87218809128,
        "dmean2": 12.0524511337,
        "dvar": 129.189071655,
        "dvar2": 292.659545898,
        "max": 216.983291626,
        "mean": 21.4730529785,
        "median": 18.0172748566,
        "min": 0.700114905834,
        "var": 320.977081299
    },
    "pitch_salience": {
        "dmean": 0.0842346325517,
        "dmean2": 0.131802886724,
        "dvar": 0.0065946127288,
        "dvar2": 0.0158171392977,
        "max": 0.897587358952,
        "mean": 0.490971177816,
        "median": 0.483140349388,
        "min": 0.0451191365719,
        "var": 0.0181951429695
    },
    "silence_rate_20dB": {
        "dmean": 0,
        "dmean2": 0,
        "dvar": 0,
        "dvar2": 0,
        "max": 1,
        "mean": 1,
        "median": 1,
        "min": 1,
        "var": 0
    },
    "silence_rate_30dB": {
        "dmean": 0.0164138264954,
        "dmean2": 0.032831735909,
        "dvar": 0.0161439962685,
        "dvar2": 0.0426966026425,
        "max": 1,
        "mean": 0.988810122013,
        "median": 1,
        "min": 0,
        "var": 0.0110636698082
    },
    "silence_rate_60dB": {
        "dmean": 0.0315841846168,
        "dmean2": 0.0631762221456,
        "dvar": 0.0305833294988,
        "dvar2": 0.0703739821911,
        "max": 1,
        "mean": 0.140743508935,
        "median": 0,
        "min": 0,
        "var": 0.120959073305
    },
    "spectral_centroid": {
        "dmean": 347.768676758,
        "dmean2": 528.47265625,
        "dvar": 158211.6875,
        "dvar2": 319531.1875,
        "max": 11580.3642578,
        "mean": 1497.67114258,
        "median": 1351.9095459,
        "min": 203.518814087,
        "var": 807348
    },
    "spectral_complexity": {
        "dmean": 4.68341207504,
        "dmean2": 6.7404551506,
        "dvar": 27.6780128479,
        "dvar2": 52.5443458557,
        "max": 56,
        "mean": 17.3606872559,
        "median": 16,
        "min": 0,
        "var": 131.457458496
    },
    "spectral_decrease": {
        "dmean": 2.52130449852e-09,
        "dmean2": 3.71433350743e-09,
        "dvar": 1.26495362676e-17,
        "dvar2": 2.57697035621e-17,
        "max": 1.43838751972e-28,
        "mean": -9.88708404037e-09,
        "median": -1.07553752571e-08,
        "min": -4.71702357174e-08,
        "var": 5.03155702468e-17
    },
    "spectral_energy": {
        "dmean": 0.0100333644077,
        "dmean2": 0.014669418335,
        "dvar": 0.000194280291907,
        "dvar2": 0.00039033772191,
        "max": 0.183669418097,
        "mean": 0.0395879149437,
        "median": 0.0427309088409,
        "min": 1.01645448089e-20,
        "var": 0.000802381255198
    },
    "spectral_energyband_high": {
        "dmean": 0.000678822456393,
        "dmean2": 0.000922540784813,
        "dvar": 1.44787270528e-06,
        "dvar2": 2.62671665041e-06,
        "max": 0.0175375752151,
        "mean": 0.00145648012403,
        "median": 0.000481274240883,
        "min": 7.39092016547e-21,
        "var": 4.39361883764e-06
    },
    "spectral_energyband_low": {
        "dmean": 0.00629034964368,
        "dmean2": 0.00959961675107,
        "dvar": 0.000129382693558,
        "dvar2": 0.000319332000799,
        "max": 0.143511489034,
        "mean": 0.0227377451956,
        "median": 0.0252153836191,
        "min": 2.90838847813e-23,
        "var": 0.000362931779819
    },
    "spectral_energyband_middle_high": {
        "dmean": 0.00281559466384,
        "dmean2": 0.00418031588197,
        "dvar": 2.21573172894e-05,
        "dvar2": 4.3301461119e-05,
        "max": 0.0783128142357,
        "mean": 0.00560223031789,
        "median": 0.00298863020726,
        "min": 1.31315316042e-21,
        "var": 5.69889707549e-05
    },
    "spectral_energyband_middle_low": {
        "dmean": 0.00670252507553,
        "dmean2": 0.0104764159769,
        "dvar": 0.00014144454326,
        "dvar2": 0.000325912813423,
        "max": 0.131930947304,
        "mean": 0.0103053282946,
        "median": 0.00596485426649,
        "min": 1.87250726626e-22,
        "var": 0.000187492682016
    },
    "spectral_entropy": {
        "dmean": 0.18984079361,
        "dmean2": 0.281654775143,
        "dvar": 0.0398324690759,
        "dvar2": 0.0873565897346,
        "max": 9.81076908112,
        "mean": 7.75832223892,
        "median": 7.84835243225,
        "min": 4.90221977234,
        "var": 0.283440977335
    },
    "spectral_flux": {
        "dmean": 0.0299114063382,
        "dmean2": 0.0438388697803,
        "dvar": 0.00121228874195,
        "dvar2": 0.00228095939383,
        "max": 0.386139065027,
        "mean": 0.0937581509352,
        "median": 0.0817691460252,
        "min": 6.6319692793e-11,
        "var": 0.00434420956299
    },
    "spectral_kurtosis": {
        "dmean": 1.85869050026,
        "dmean2": 2.97012639046,
        "dvar": 10.9982919693,
        "dvar2": 29.4204292297,
        "max": 107.907089233,
        "mean": 4.77217149734,
        "median": 3.11077070236,
        "min": -1.29360640049,
        "var": 34.0921096802
    },
    "spectral_rms": {
        "dmean": 0.000789381563663,
        "dmean2": 0.00112659030128,
        "dvar": 9.33034982609e-07,
        "dvar2": 1.80799509053e-06,
        "max": 0.0133861750364,
        "mean": 0.0055582835339,
        "median": 0.00645667780191,
        "min": 3.14906802891e-12,
        "var": 7.72779822e-06
    },
    "spectral_rolloff": {
        "dmean": 541.148864746,
        "dmean2": 903.424926758,
        "dvar": 975040,
        "dvar2": 2238520,
        "max": 19724.4140625,
        "mean": 1263.58776855,
        "median": 861.328125,
        "min": 43.06640625,
        "var": 3179991.5
    },
    "spectral_skewness": {
        "dmean": 0.261912733316,
        "dmean2": 0.402903884649,
        "dvar": 0.0927105620503,
        "dvar2": 0.222001314163,
        "max": 7.98146915436,
        "mean": 1.58896553516,
        "median": 1.48939597607,
        "min": -0.0544595010579,
        "var": 0.419852435589
    },
    "spectral_spread": {
        "dmean": 697640.0625,
        "dmean2": 1018066.625,
        "dvar": 905392750592,
        "dvar2": 1.9200704512e+12,
        "max": 53039596,
        "mean": 5538908,
        "median": 5552819.5,
        "min": 798490.5625,
        "var": 8.05575799603e+12
    },
    "spectral_strongpeak": {
        "dmean": 0.27460989356,
        "dmean2": 0.465720355511,
        "dvar": 0.435726940632,
        "dvar2": 1.12078285217,
        "max": 11.5084371567,
        "mean": 0.510821819305,
        "median": 0.318239331245,
        "min": 0,
        "var": 0.495273441076
    },
    "zerocrossingrate": {
        "dmean": 0.012636478059,
        "dmean2": 0.0144862439483,
        "dvar": 0.000210489539313,
        "dvar2": 0.000251786783338,
        "max": 0.84814453125,
        "mean": 0.0571466945112,
        "median": 0.04833984375,
        "min": 0.00146484375,
        "var": 0.00281223212369
    },
    "barkbands": {
        "dmean": [0.000960193516221, 0.0044810930267, 0.00216181552969, 0.0015878273407, 0.00258216075599, 0.00168727582786, 0.000793464656454, 0.00099634937942, 0.00162895559333, 0.000819917186163, 0.000730783329345, 0.000807266682386, 0.000493415631354, 0.000319478946039, 0.000232792328461, 0.000219199515413, 0.000237342930632, 0.000223223105422, 0.000137766808621, 9.03021209524e-05, 0.000143248442328, 0.000146819045767, 0.000153644446982, 0.000139333336847, 0.00010188917804, 5.38390886504e-05, 1.46761922224e-05],
        "dmean2": [0.00148431258276, 0.0068333176896, 0.00384231726639, 0.00277936016209, 0.00445289816707, 0.00277544464916, 0.00136091315653, 0.00166429730598, 0.00262299738824, 0.0013095960021, 0.00115427724086, 0.00127690425143, 0.000784346659202, 0.000517089327332, 0.000372078473447, 0.000355799478712, 0.000368931359844, 0.000352119037416, 0.000217924491153, 0.000148005914525, 0.000221943555516, 0.000210964746657, 0.000226609859965, 0.000202208655537, 0.00015021188301, 7.6964533946e-05, 2.26981464948e-05],
        "dvar": [2.56307225754e-06, 6.27031040494e-05, 5.1853567129e-05, 2.47294483415e-05, 4.65945668111e-05, 2.31869398704e-05, 4.76483455714e-06, 5.18306478625e-06, 1.07959222078e-05, 4.6789255066e-06, 4.12581402998e-06, 4.21590084443e-06, 1.54750966885e-06, 5.98784026806e-07, 2.41674456447e-07, 2.08114983025e-07, 2.74872917316e-07, 1.81186820214e-07, 5.6049245245e-08, 2.57074717069e-08, 7.03525131485e-08, 7.78616140451e-08, 9.26311400917e-08, 8.48931662745e-08, 4.53836612735e-08, 1.12546807429e-08, 2.23002083466e-09],
        "dvar2": [6.21308618065e-06, 0.000153611879796, 0.000143059587572, 6.7453882366e-05, 0.000125566963106, 6.06915091339e-05, 1.1901968719e-05, 1.29407753775e-05, 2.41240577452e-05, 1.08285139504e-05, 9.84419239103e-06, 1.01088044175e-05, 3.54652547685e-06, 1.43553052112e-06, 5.83739733884e-07, 5.19158220413e-07, 6.21157482783e-07, 4.23038756026e-07, 1.32089724048e-07, 6.50794760304e-08, 1.50416113343e-07, 1.55266747015e-07, 1.84454904684e-07, 1.77259707357e-07, 9.10691042577e-08, 2.10612203233e-08, 4.81248374484e-09],
        "max": [0.0344592928886, 0.104214839637, 0.0929032415152, 0.0639401525259, 0.0754640996456, 0.0726748928428, 0.0376037843525, 0.0453194640577, 0.0950469970703, 0.0550211519003, 0.0495708324015, 0.031535487622, 0.0250250566751, 0.016874210909, 0.012892190367, 0.00799879059196, 0.0141250388697, 0.00685897096992, 0.00383999641053, 0.00248462613672, 0.00452768150717, 0.00599016342312, 0.00507696717978, 0.0069970972836, 0.00481123803183, 0.00141011539381, 0.000680460245349],
        "mean": [0.00377951632254, 0.0160031486303, 0.00255825347267, 0.00143386283889, 0.00241053430364, 0.00208714860491, 0.000859461841173, 0.00111821119208, 0.00215935823508, 0.00101534288842, 0.00091537553817, 0.00110272353049, 0.000635648146272, 0.000408852676628, 0.000330585375195, 0.000319396145642, 0.000348272849806, 0.000358419376425, 0.000219585155719, 0.000151420652401, 0.000244158261921, 0.000264992384473, 0.000276185368421, 0.000263424561126, 0.000200135313207, 0.000102839243482, 2.10295984289e-05],
        "median": [0.00164846912958, 0.0150161702186, 0.000538328662515, 0.000346181972418, 0.000575660378672, 0.00069723353954, 0.000168212514836, 0.000321289029671, 0.000682367826812, 0.00015826249728, 0.000201344984816, 0.000263009569608, 0.000169404680491, 0.000139842610224, 0.000135127906105, 0.000115691364044, 0.000115621129225, 0.000146245452925, 0.000113693844469, 6.85486302245e-05, 8.93160613487e-05, 8.26759060146e-05, 7.93189101387e-05, 7.70245169406e-05, 5.34396167495e-05, 2.30651075981e-05, 1.98562338483e-06],
        "min": [1.13594096807e-24, 4.95182741906e-24, 4.13670770089e-24, 4.56293516444e-25, 1.12633867703e-23, 1.36301091144e-23, 1.02737276326e-23, 8.16664938914e-24, 1.48831263099e-23, 1.28629552947e-23, 1.55365224427e-23, 4.46077807164e-23, 2.89395863445e-23, 3.25486628512e-23, 4.60956354925e-23, 5.50390841036e-23, 1.14118133162e-22, 9.32570851769e-23, 1.69165604435e-22, 1.79724930481e-22, 3.33566135593e-22, 2.90050851499e-22, 4.46734126815e-22, 6.85330345636e-22, 1.00260813174e-21, 1.417118111e-21, 2.113681533e-21],
        "var": [1.92687675735e-05, 0.00020876734925, 3.60000376531e-05, 1.8305157937e-05, 3.64942097804e-05, 2.30684963753e-05, 5.98952101427e-06, 5.82988877795e-06, 1.71740030055e-05, 8.10249093774e-06, 5.72706358071e-06, 7.43412692827e-06, 2.24940004045e-06, 7.1585770911e-07, 3.2559620422e-07, 3.1341485851e-07, 4.32630514524e-07, 3.24900582882e-07, 9.07813841877e-08, 4.21951789065e-08, 1.48262557786e-07, 1.88770613363e-07, 2.22593229182e-07, 1.86176407624e-07, 1.10862465874e-07, 3.02353768689e-08, 3.7694047883e-09]
    },
    "erbbands": {
        "dmean": [0.202382788062, 0.83297175169, 2.20891857147, 3.91660904884, 7.23819160461, 7.34464359283, 15.3572797775, 11.5696048737, 10.308180809, 14.2244710922, 26.9432868958, 34.2495651245, 27.1757411957, 29.7528247833, 27.0823783875, 28.6048488617, 21.5288925171, 17.6281909943, 11.8370904922, 11.5225076675, 11.7442598343, 13.232506752, 11.9676141739, 9.54773330688, 5.21322774887, 4.10889196396, 5.58505916595, 5.5969786644, 5.1977725029, 5.19979763031, 4.16934537888, 3.43976140022, 2.18384671211, 1.33308422565, 0.689044415951, 0.29999089241, 0.0873902589083, 0.0225702766329, 0.00234747375362, 4.40940020781e-05],
        "dmean2": [0.29035282135, 1.29065001011, 3.81009888649, 6.79570627213, 12.7152118683, 12.7140436172, 24.5170307159, 19.5670490265, 17.9184799194, 23.9412002563, 43.5645217896, 55.0247039795, 43.0735778809, 47.0723571777, 42.1931419373, 45.1946029663, 33.7111930847, 28.061914444, 18.4824314117, 18.6349964142, 18.6016864777, 20.5009250641, 18.7781829834, 14.6914386749, 8.36389350891, 6.71111917496, 8.72221565247, 8.53349208832, 7.59021615982, 7.46534013748, 6.19940757751, 5.1357460022, 3.18235588074, 1.98372232914, 1.01530659199, 0.44223561883, 0.123617731035, 0.0332675091922, 0.00365511584096, 6.34958050796e-05],
        "dvar": [0.1054841429, 3.64643549919, 52.7910003662, 155.437896729, 454.544525146, 367.05166626, 2717.94482422, 1112.54052734, 820.131896973, 1529.80627441, 2862.9375, 5783.74511719, 5095.99267578, 5663.68310547, 5159.12792969, 5127.30810547, 2991.45727539, 1724.38928223, 788.217102051, 493.438323975, 575.082580566, 909.117004395, 526.749816895, 313.781066895, 71.9514083862, 54.897857666, 109.410560608, 110.174491882, 94.9740905762, 118.382759094, 67.2335662842, 58.4181365967, 18.7618350983, 8.32557010651, 1.96542000771, 0.353401780128, 0.0328162126243, 0.00402830820531, 5.56186023459e-05, 1.18381118241e-08],
        "dvar2": [0.236411392689, 8.98325538635, 141.025360107, 427.561553955, 1245.77185059, 1010.06506348, 6561.03759766, 2949.24926758, 2209.34692383, 3881.69506836, 6992.91894531, 12859.4658203, 11713.0830078, 13633.0947266, 12151.7451172, 12409.3994141, 6943.32421875, 3969.96655273, 1808.92248535, 1224.41357422, 1369.96057129, 2119.87573242, 1219.45080566, 712.003356934, 178.794937134, 139.603668213, 248.727462769, 225.486831665, 191.603103638, 240.254989624, 134.530685425, 127.67351532, 38.5774345398, 17.4406642914, 4.01536273956, 0.760817229748, 0.0553258024156, 0.00817854050547, 0.000118826661492, 2.21064411221e-08],
        "max": [3.3913860321, 27.8152141571, 94.0845947266, 188.128677368, 300.657592773, 204.166137695, 860.890380859, 626.016662598, 366.798431396, 861.022460938, 927.495849609, 2877.42675781, 2817.52807617, 1571.17260742, 1571.45092773, 1508.2154541, 1255.63525391, 881.003173828, 867.829040527, 494.415771484, 427.47756958, 977.252685547, 413.576690674, 323.110687256, 115.297798157, 107.664085388, 197.5884552, 192.095504761, 150.164398193, 368.482757568, 134.029434204, 194.531204224, 95.308921814, 69.1990509033, 26.28657341, 7.91822195053, 2.71487045288, 1.0269292593, 0.109848722816, 0.00166326505132],
        "mean": [0.853221476078, 2.05346941948, 2.8802022934, 4.08527565002, 6.5158495903, 6.94712305069, 17.6709461212, 13.9896039963, 11.1687812805, 16.0533485413, 33.6160125732, 44.9437675476, 35.2008209229, 39.6681213379, 36.4458885193, 39.8243255615, 29.7696266174, 24.3276042938, 17.2566776276, 17.496931076, 18.1835479736, 20.3274974823, 19.5198707581, 15.7182254791, 8.70679092407, 6.97447681427, 9.15283107758, 9.86717510223, 9.24204826355, 9.16989994049, 7.55571556091, 6.00241518021, 4.13189935684, 2.48137879372, 1.30512404442, 0.55620020628, 0.164657592773, 0.0398588739336, 0.00324628106318, 0.00010414445569],
        "median": [0.825259149075, 1.22162806988, 1.1909866333, 1.92078506947, 1.75744640827, 1.6378620863, 4.91811037064, 4.96894788742, 2.84421277046, 4.02067279816, 12.2929725647, 14.6641769409, 7.414914608, 9.84498882294, 10.1245832443, 10.5041427612, 9.01453304291, 8.78907012939, 6.92087030411, 7.72886037827, 7.42216300964, 7.57889699936, 8.14808654785, 7.49156475067, 4.98564767838, 3.31648850441, 3.62626504898, 3.47985553741, 2.90195560455, 2.76496219635, 2.13266062737, 1.69607651234, 1.19268727303, 0.671363711357, 0.332057386637, 0.131204098463, 0.0366545133293, 0.00657380791381, 0.00030409541796, 6.21363797109e-05],
        "min": [2.0256140608e-22, 6.38035143007e-22, 4.6012963627e-21, 5.9786643659e-21, 1.69407881921e-20, 3.04261166169e-20, 6.80799629428e-20, 1.19108683232e-19, 1.26841490716e-19, 2.03399395778e-19, 3.40885705776e-19, 3.67375518658e-19, 3.78181237494e-19, 4.39670432111e-19, 1.10200992351e-18, 1.65703001995e-18, 1.72958306546e-18, 2.43482288346e-18, 3.17743234339e-18, 3.94912526686e-18, 4.6820407904e-18, 6.68549539506e-18, 5.06116992517e-18, 7.57546315201e-18, 8.08016161249e-18, 9.05233706026e-18, 9.78583285099e-18, 1.34452294229e-17, 1.2395085585e-17, 7.48714342364e-18, 1.49700632631e-17, 1.23970096071e-17, 1.17720324681e-17, 9.15078478804e-18, 6.36018345811e-18, 4.55659388742e-18, 2.51214379801e-18, 1.15077191042e-18, 2.48755802565e-19, 3.06558692632e-20],
        "var": [0.583467781544, 7.18228626251, 39.7973747253, 112.005599976, 325.017883301, 292.574279785, 2605.14819336, 1199.54968262, 784.651062012, 1753.76428223, 3773.76074219, 8823.46484375, 7653.60351562, 8711.55078125, 7399.69775391, 8794.91015625, 4497.73730469, 2354.30712891, 1055.05224609, 766.900634766, 934.557556152, 1362.82800293, 959.728759766, 569.069152832, 113.079338074, 89.1933441162, 195.378997803, 256.434112549, 222.691192627, 265.277435303, 165.359725952, 110.87979126, 43.642288208, 18.0528964996, 4.68143796921, 0.8470890522, 0.087696492672, 0.00842130370438, 9.21269165701e-05, 2.74141385148e-08]
    },
    "gfcc": {
        "mean": [-24.9001598358, 70.4855041504, -104.602592468, 26.4843025208, -53.2461929321, 23.6181793213, -30.7022171021, 17.3137989044, -19.4936523438, 4.84942436218, -13.7160205841, 6.29298067093, -10.3235092163],
        "cov": [[32014.9355469, -946.20715332, 1666.78271484, 1329.55163574, -609.487792969, 1559.54528809, 171.311477661, 1067.05163574, 277.511108398, 814.433837891, -151.832733154, 619.473510742, -7.580971241], [-946.20715332, 1735.54052734, -374.252960205, -291.977142334, 123.56388855, -232.007232666, -51.6001548767, -188.86769104, -63.0786933899, -235.193649292, 66.8476791382, -170.461212158, -20.5648193359], [1666.78271484, -374.252960205, 1293.34777832, 608.481262207, 146.564651489, 316.065704346, 186.622695923, 220.173080444, 98.9897689819, 188.150924683, -40.8997039795, 57.7665328979, -37.0105895996], [1329.55163574, -291.977142334, 608.481262207, 701.809570312, 150.174713135, 168.496994019, 60.2700653076, 167.17364502, 83.4276504517, 105.542541504, -16.0757312775, 40.2627563477, -24.728521347], [-609.487792969, 123.56388855, 146.564651489, 150.174713135, 420.753936768, 85.4817123413, 47.3992614746, 107.024971008, 51.7189559937, -27.4437198639, 32.6992607117, 2.56048965454, 2.44376158714], [1559.54528809, -232.007232666, 316.065704346, 168.496994019, 85.4817123413, 374.533050537, 183.51260376, 135.011734009, 48.3149261475, 104.936462402, -8.94663143158, 40.3638687134, -10.0090332031], [171.311477661, -51.6001548767, 186.622695923, 60.2700653076, 47.3992614746, 183.51260376, 278.620391846, 108.437835693, 54.5959091187, 45.4434738159, 5.07049226761, 11.6197519302, 8.6998052597], [1067.05163574, -188.86769104, 220.173080444, 167.17364502, 107.024971008, 135.011734009, 108.437835693, 291.858673096, 106.250450134, 70.1955337524, 2.85453510284, 35.8748664856, -14.5416765213], [277.511108398, -63.0786933899, 98.9897689819, 83.4276504517, 51.7189559937, 48.3149261475, 54.5959091187, 106.250450134, 171.978302002, 85.5255966187, 24.8639621735, 20.1421508789, 20.6283836365], [814.433837891, -235.193649292, 188.150924683, 105.542541504, -27.4437198639, 104.936462402, 45.4434738159, 70.1955337524, 85.5255966187, 175.2318573, 32.253200531, 48.9775314331, 14.2861337662], [-151.832733154, 66.8476791382, -40.8997039795, -16.0757312775, 32.6992607117, -8.94663143158, 5.07049226761, 2.85453510284, 24.8639621735, 32.253200531, 120.64100647, 64.4282455444, 27.0748786926], [619.473510742, -170.461212158, 57.7665328979, 40.2627563477, 2.56048965454, 40.3638687134, 11.6197519302, 35.8748664856, 20.1421508789, 48.9775314331, 64.4282455444, 144.285568237, 59.9059448242], [-7.580971241, -20.5648193359, -37.0105895996, -24.728521347, 2.44376158714, -10.0090332031, 8.6998052597, -14.5416765213, 20.6283836365, 14.2861337662, 27.0748786926, 59.9059448242, 115.74987793]],
        "icov": [[7.18939409126e-05, -0.000126671468024, 2.9555587389e-05, -8.82139211171e-05, 0.000233275641222, -0.000353468785761, 0.00025420988095, -0.000264848495135, 5.8106983488e-05, -0.000168154845596, 0.00030848372262, -0.000408575520851, 3.46369597537e-05], [-0.000126671468024, 0.00121557072271, -0.00016983608657, 0.000346312619513, -0.000599875114858, 0.000734832137823, -0.000552623649128, 0.00079564540647, -0.000420234398916, 0.00147443439346, -0.0020350671839, 0.00220602098852, -0.000327735790052], [2.9555587389e-05, -0.00016983608657, 0.00166797009297, -0.00113611447159, -0.000144886245835, -0.000360713282134, -0.000468806509161, -0.000133330540848, 0.000373768882127, -0.00130803952925, 0.0011974775698, -0.000859487743583, 0.000512279861141], [-8.82139211171e-05, 0.000346312619513, -0.00113611447159, 0.00282018212602, -0.000831881829072, 0.00031808053609, 0.000269364885753, -7.26480793674e-05, -0.000440560019342, 0.00016831351968, -0.000304340210278, 0.000427528197179, 0.000218337256229], [0.000233275641222, -0.000599875114858, -0.000144886245835, -0.000831881829072, 0.00430027442053, -0.00226680911146, 0.00140012893826, -0.00185748061631, -0.000740510062315, 0.00186207937077, -0.000879333121702, -0.000386475381674, -0.000632889859844], [-0.000353468785761, 0.000734832137823, -0.000360713282134, 0.00031808053609, -0.00226680911146, 0.00744433887303, -0.00427669845521, 0.000891496718396, 0.00110782950651, -0.00205534999259, 0.000188205522136, 0.000616095145233, 0.000878401391674], [0.00025420988095, -0.000552623649128, -0.000468806509161, 0.000269364885753, 0.00140012893826, -0.00427669845521, 0.00710160983726, -0.00222740834579, -0.000769323727582, 0.000767383200582, -0.000190719802049, -8.34870388644e-06, -0.00129552197177], [-0.000264848495135, 0.00079564540647, -0.000133330540848, -7.26480793674e-05, -0.00185748061631, 0.000891496718396, -0.00222740834579, 0.00723779108375, -0.00322233280167, 0.000857488776091, -0.000209955716855, -0.000217723485548, 0.00188909086864], [5.8106983488e-05, -0.000420234398916, 0.000373768882127, -0.000440560019342, -0.000740510062315, 0.00110782950651, -0.000769323727582, -0.00322233280167, 0.0105996914208, -0.005555447191, -4.6171277063e-05, 0.0010600197129, -0.00202220352367], [-0.000168154845596, 0.00147443439346, -0.00130803952925, 0.00016831351968, 0.00186207937077, -0.00205534999259, 0.000767383200582, 0.000857488776091, -0.005555447191, 0.0139859477058, -0.00570310791954, 0.0021115350537, -0.00079325819388], [0.00030848372262, -0.0020350671839, 0.0011974775698, -0.000304340210278, -0.000879333121702, 0.000188205522136, -0.000190719802049, -0.000209955716855, -4.6171277063e-05, -0.00570310791954, 0.0172181818634, -0.0107779959217, 0.00226206425577], [-0.000408575520851, 0.00220602098852, -0.000859487743583, 0.000427528197179, -0.000386475381674, 0.000616095145233, -8.34870388644e-06, -0.000217723485548, 0.0010600197129, 0.0021115350537, -0.0107779959217, 0.0183453261852, -0.00720661506057], [3.46369597537e-05, -0.000327735790052, 0.000512279861141, 0.000218337256229, -0.000632889859844, 0.000878401391674, -0.00129552197177, 0.00188909086864, -0.00202220352367, -0.00079325819388, 0.00226206425577, -0.00720661506057, 0.0128767564893]]
    },
    "melbands": {
        "dmean": [0.0014535211958, 0.00103387166746, 0.000740223971661, 0.000525091541931, 0.000477325054817, 0.000271318189334, 0.000159711227752, 0.000167158563272, 0.000243877468165, 0.000221375375986, 0.000137823793921, 0.000122736528283, 9.23361803871e-05, 9.86068189377e-05, 6.08337250014e-05, 4.73902218801e-05, 3.31063201884e-05, 2.03215386136e-05, 1.89719157788e-05, 1.49912038978e-05, 1.4196299162e-05, 1.47085384015e-05, 1.26913573695e-05, 1.03591637526e-05, 8.12347752799e-06, 4.81960751131e-06, 3.26081931235e-06, 2.72718648375e-06, 3.58978513759e-06, 3.73278521693e-06, 3.29808267452e-06, 2.99036719298e-06, 3.20878143611e-06, 2.955644959e-06, 2.48056880991e-06, 2.59312218986e-06, 2.03355170925e-06, 1.60645231517e-06, 1.38020845952e-06, 1.14130762086e-06],
        "dmean2": [0.0021552699618, 0.00167034275364, 0.00125603936613, 0.000919680634979, 0.000764375843573, 0.000456440349808, 0.000276641483651, 0.000280814332655, 0.00039481127169, 0.000355870579369, 0.000218754619709, 0.000195135522517, 0.00014456709323, 0.000157675371156, 9.57813826972e-05, 7.50569088268e-05, 5.32703852514e-05, 3.22088635585e-05, 3.05073044728e-05, 2.45126029768e-05, 2.27403270401e-05, 2.30481782637e-05, 2.02611336135e-05, 1.62478499988e-05, 1.26192990137e-05, 7.76182059781e-06, 5.36304060006e-06, 4.49049639428e-06, 5.72376893615e-06, 5.80945197726e-06, 5.08820903633e-06, 4.47077627541e-06, 4.83155963593e-06, 4.32646947957e-06, 3.72487011191e-06, 3.98692463932e-06, 3.08677113026e-06, 2.37823496718e-06, 2.05657647712e-06, 1.74228728156e-06],
        "dvar": [5.30263969267e-06, 9.11165079742e-06, 4.67931658932e-06, 2.21118693844e-06, 2.45796809395e-06, 5.94117011588e-07, 1.91319855958e-07, 1.96508608497e-07, 2.44433920216e-07, 2.48271817327e-07, 1.31973180828e-07, 9.79024861181e-08, 6.75659066474e-08, 7.46744319713e-08, 3.00392812846e-08, 1.35710696014e-08, 6.76963818336e-09, 2.61183541461e-09, 1.35779498756e-09, 1.07519237957e-09, 9.04827657244e-10, 1.25494070691e-09, 7.42332306736e-10, 3.67251923317e-10, 2.41832387449e-10, 6.70287367277e-11, 3.29200243454e-11, 2.44970467522e-11, 4.73060930706e-11, 5.24433170501e-11, 3.97597822721e-11, 3.17767930025e-11, 4.23107972269e-11, 3.86544511677e-11, 2.32405952122e-11, 3.41950877336e-11, 2.14732277098e-11, 9.67354755327e-12, 8.94033111432e-12, 6.17259455354e-12],
        "dvar2": [1.24456919366e-05, 2.29563866014e-05, 1.2270365005e-05, 6.22477091383e-06, 5.80412688578e-06, 1.58359307534e-06, 5.03882347402e-07, 4.99785187458e-07, 5.98817621267e-07, 5.51249456748e-07, 3.02201243585e-07, 2.34416432932e-07, 1.59768390517e-07, 1.84973231399e-07, 7.14208923114e-08, 3.03460758744e-08, 1.62849076446e-08, 6.08986328032e-09, 3.28690474838e-09, 2.76787770481e-09, 2.16984985535e-09, 2.94975732729e-09, 1.76611425484e-09, 8.46756331718e-10, 5.60767210445e-10, 1.65746763536e-10, 8.65303800834e-11, 6.2184979388e-11, 1.1250828047e-10, 1.15434127534e-10, 8.43100173009e-11, 6.74252390032e-11, 8.94342933044e-11, 8.02762439855e-11, 4.67216890176e-11, 7.82198888993e-11, 4.7745436077e-11, 2.04600086873e-11, 1.9473048174e-11, 1.33831626337e-11],
        "max": [0.0222643017769, 0.0395754314959, 0.0274439435452, 0.0197230968624, 0.025940336287, 0.0134625630453, 0.00603929767385, 0.00974170397967, 0.0113009866327, 0.0184371806681, 0.0136690763757, 0.00616221688688, 0.00728824501857, 0.00451261177659, 0.00424235640094, 0.00227940315381, 0.00192136678379, 0.00138413626701, 0.00066288158996, 0.000758708687499, 0.000635434291326, 0.00122175947763, 0.00061957287835, 0.000300677435007, 0.000299221923342, 0.00011998093396, 7.98672044766e-05, 7.85477895988e-05, 0.000120409269584, 0.000138596689794, 0.000141815369716, 9.440795111e-05, 0.000133371853735, 0.000204940020922, 8.95732300705e-05, 9.98915493255e-05, 0.000139819778269, 5.98354854446e-05, 7.55625296733e-05, 5.76960810577e-05],
        "mean": [0.00590087007731, 0.00183737347834, 0.000802630209364, 0.000473593128845, 0.000547779956833, 0.000331226765411, 0.000173898559297, 0.000186897144886, 0.000303700770019, 0.000286532915197, 0.000172798434505, 0.000159747083671, 0.000119640732009, 0.000127730876557, 8.11557474663e-05, 6.15093085798e-05, 4.2848609155e-05, 2.68860803772e-05, 2.70196287602e-05, 2.11710485019e-05, 2.08457877307e-05, 2.10645775951e-05, 1.90753416973e-05, 1.64650900842e-05, 1.25859960463e-05, 7.25660993339e-06, 4.99685938848e-06, 4.4291073209e-06, 5.55919541512e-06, 5.88654302192e-06, 5.58561805519e-06, 5.08163748236e-06, 5.29914495928e-06, 5.0401486078e-06, 4.38379038314e-06, 4.09593712902e-06, 3.47289847014e-06, 2.92733557217e-06, 2.45656769948e-06, 1.99666214939e-06],
        "median": [0.006118549034, 0.00136775826104, 0.000382845726563, 0.000111602072138, 0.000165113335242, 0.000120994263852, 4.14130336139e-05, 4.21142358391e-05, 0.000102346464701, 8.53973760968e-05, 2.95422250929e-05, 3.58868783223e-05, 3.17240846925e-05, 2.75811053143e-05, 2.03345462069e-05, 1.51615022332e-05, 1.45147614603e-05, 8.56105361891e-06, 1.10139544631e-05, 7.523694876e-06, 7.66908760852e-06, 6.58642011331e-06, 7.19317949915e-06, 6.66181313136e-06, 5.42547331861e-06, 3.74568458028e-06, 2.35373681789e-06, 1.92230277207e-06, 2.13069165511e-06, 2.06639947464e-06, 1.88289720882e-06, 1.60424860951e-06, 1.54994518198e-06, 1.44459852436e-06, 1.22415713122e-06, 1.06541176592e-06, 9.7926260878e-07, 8.45748900247e-07, 6.76979993841e-07, 5.22183654539e-07],
        "min": [1.97698600825e-24, 2.59236121484e-24, 1.01859800703e-24, 2.08761270615e-24, 2.83068832165e-24, 2.90351931308e-24, 1.99162884437e-24, 2.10682442742e-24, 2.76407552631e-24, 2.05574824761e-24, 1.66185461484e-24, 1.44906983807e-24, 3.12279779561e-24, 4.49097724481e-24, 3.89373578107e-24, 4.38484429306e-24, 3.94058938567e-24, 4.78091991508e-24, 4.00250905027e-24, 3.98226530173e-24, 4.78986480889e-24, 6.17881457129e-24, 4.45457131404e-24, 4.34824982452e-24, 5.96990211549e-24, 6.17162015984e-24, 3.91848392539e-24, 5.8548873788e-24, 5.24991350046e-24, 7.03493217957e-24, 6.60500969154e-24, 5.72752499679e-24, 4.15912555009e-24, 4.03734948658e-24, 7.53304656526e-24, 5.64457587817e-24, 6.78680150386e-24, 7.65434734007e-24, 6.9773492778e-24, 7.56516424816e-24],
        "var": [2.56776038441e-05, 9.08974652702e-06, 3.77168862542e-06, 1.57309159476e-06, 2.41262546297e-06, 6.06853006957e-07, 2.03832954071e-07, 2.16828922817e-07, 3.25982881577e-07, 3.79675753948e-07, 2.03143642352e-07, 1.51472150378e-07, 9.35186079687e-08, 1.15426587399e-07, 5.11125257674e-08, 2.06925623303e-08, 8.09413069902e-09, 3.26647797699e-09, 1.98795513384e-09, 1.54679324904e-09, 1.39381561848e-09, 1.74481773474e-09, 1.14381693006e-09, 6.85483059204e-10, 4.06225691973e-10, 9.72423044865e-11, 4.73843360382e-11, 3.95673979692e-11, 7.44768413607e-11, 9.9049199398e-11, 8.78924849568e-11, 6.93117577222e-11, 8.6601240068e-11, 8.39226257932e-11, 5.87143944575e-11, 5.68404802392e-11, 3.88430364262e-11, 2.19157868936e-11, 1.78187724992e-11, 1.24101328172e-11]
    },
    "mfcc": {
        "mean": [-662.973205566, 102.352622986, 9.14066505432, 12.3747215271, 6.14873409271, 7.13258218765, 4.71230268478, 11.6451778412, 3.77796530724, 2.84329915047, 4.70955085754, 3.78553247452, -1.32961916924],
        "cov": [[17332.3730469, 389.739746094, 1119.5579834, 651.215698242, 462.013275146, 568.905273438, 302.102783203, 637.065979004, 518.806884766, 441.746337891, 329.27331543, 321.232299805, 204.334335327], [389.739746094, 1580.83728027, -335.586547852, -78.4343948364, 93.3796234131, -127.59022522, 0.0228308755904, 22.0989894867, -119.248397827, -83.4070892334, -18.1581363678, -49.9454689026, -84.1117630005], [1119.5579834, -335.586547852, 948.375244141, 374.996337891, 80.9577484131, 225.231826782, 119.473114014, 79.6725921631, 151.287689209, 123.294807434, 62.9399337769, 94.1491622925, 69.4345474243], [651.215698242, -78.4343948364, 374.996337891, 519.94720459, 216.437988281, 68.2872619629, 39.2465744019, 79.8562698364, 84.0267715454, 60.92628479, 57.4372062683, 47.471862793, 36.858745575], [462.013275146, 93.3796234131, 80.9577484131, 216.437988281, 363.576080322, 45.6930656433, 44.7722549438, 78.232963562, 56.1602897644, 36.7811431885, 39.2971763611, 37.5360832214, 15.6188964844], [568.905273438, -127.59022522, 225.231826782, 68.2872619629, 45.6930656433, 265.605010986, 103.161476135, 41.045463562, 66.7853622437, 58.7129020691, 25.8089294434, 29.4632015228, 38.1423568726], [302.102783203, 0.0228308755904, 119.473114014, 39.2465744019, 44.7722549438, 103.161476135, 210.4715271, 109.922927856, 73.5797653198, 36.6064834595, 33.6888160706, 44.887714386, 6.34456253052], [637.065979004, 22.0989894867, 79.6725921631, 79.8562698364, 78.232963562, 41.045463562, 109.922927856, 196.525695801, 94.4918136597, 49.3457221985, 54.185005188, 46.9472808838, 17.8066692352], [518.806884766, -119.248397827, 151.287689209, 84.0267715454, 56.1602897644, 66.7853622437, 73.5797653198, 94.4918136597, 188.259811401, 113.390960693, 51.0151252747, 40.4760665894, 12.1764965057], [441.746337891, -83.4070892334, 123.294807434, 60.92628479, 36.7811431885, 58.7129020691, 36.6064834595, 49.3457221985, 113.390960693, 163.701217651, 76.7540512085, 35.105682373, 11.5431623459], [329.27331543, -18.1581363678, 62.9399337769, 57.4372062683, 39.2971763611, 25.8089294434, 33.6888160706, 54.185005188, 51.0151252747, 76.7540512085, 125.162231445, 67.2375640869, 16.8816986084], [321.232299805, -49.9454689026, 94.1491622925, 47.471862793, 37.5360832214, 29.4632015228, 44.887714386, 46.9472808838, 40.4760665894, 35.105682373, 67.2375640869, 126.40120697, 61.2704162598], [204.334335327, -84.1117630005, 69.4345474243, 36.858745575, 15.6188964844, 38.1423568726, 6.34456253052, 17.8066692352, 12.1764965057, 11.5431623459, 16.8816986084, 61.2704162598, 123.738891602]],
