{
"lowlevel": {
    "average_loudness": 0.94752651453,
    "barkbands_crest": {
        "dmean": 3.23868179321,
        "dmean2": 5.34920549393,
        "dvar": 9.54611682892,
        "dvar2": 23.4732913971,
        "max": 24.9224948883,
        "mean": 11.2425260544,
        "median": 11.7060670853,
        "min": 2.05554580688,
        "var": 22.3621997833
    },
    "barkbands_flatness_db": {
        "dmean": 0.0236711613834,
        "dmean2": 0.0377502329648,
        "dvar": 0.000655887764879,
        "dvar2": 0.00164767715614,
        "max": 0.31172528863,
        "mean": 0.0855515152216,
        "median": 0.0755514800549,
        "min": 0.00993765890598,
        "var": 0.0018256859621
    },
    "barkbands_kurtosis": {
        "dmean": 2.03810882568,
        "dmean2": 3.37682747841,
        "dvar": 14.5570135117,
        "dvar2": 37.5391769409,
        "max": 77.618927002,
        "mean": 1.17408406734,
        "median": -0.25408744812,
        "min": -1.84059989452,
        "var": 24.3762817383
    },
    "barkbands_skewness": {
        "dmean": 0.613545775414,
        "dmean2": 0.973842084408,
        "dvar": 0.443400174379,
        "dvar2": 1.11625683308,
        "max": 7.79444313049,
        "mean": 1.12603902817,
        "median": 1.02931904793,
        "min": -3.56060957909,
        "var": 1.10317623615
    },
    "barkbands_spread": {
        "dmean": 10.1387958527,
        "dmean2": 15.7958631516,
        "dvar": 98.6209335327,
        "dvar2": 253.822280884,
        "max": 98.3033905029,
        "mean": 47.364276886,
        "median": 47.5000610352,
        "min": 1.94263410568,
        "var": 379.697631836
    },
    "dissonance": {
        "dmean": 0.00742198340595,
        "dmean2": 0.0127286808565,
        "dvar": 6.62075181026e-05,
        "dvar2": 0.00018478835409,
        "max": 0.500000059605,
        "mean": 0.488973736763,
        "median": 0.491936206818,
        "min": 0.371754258871,
        "var": 0.000113452108053
    },
    "dynamic_complexity": 2.60946798325,
    "erbbands_crest": {
        "dmean": 1.64372932911,
        "dmean2": 2.82745218277,
        "dvar": 3.19890284538,
        "dvar2": 8.76614665985,
        "max": 21.189868927,
        "mean": 5.39937591553,
        "median": 4.69280052185,
        "min": 2.16865754128,
        "var": 5.5168428421
    },
    "erbbands_flatness_db": {
        "dmean": 0.0114315412939,
        "dmean2": 0.0178366880864,
        "dvar": 0.000114715432574,
        "dvar2": 0.00025839501177,
        "max": 0.312533915043,
        "mean": 0.107213705778,
        "median": 0.0976174548268,
        "min": 0.0548634529114,
        "var": 0.00125876523089
    },
    "erbbands_kurtosis": {
        "dmean": 0.635858774185,
        "dmean2": 1.01669490337,
        "dvar": 0.66317653656,
        "dvar2": 1.52454292774,
        "max": 16.8572311401,
        "mean": 0.119176201522,
        "median": -0.0733917951584,
        "min": -1.79915487766,
        "var": 1.35347414017
    },
    "erbbands_skewness": {
        "dmean": 0.288195252419,
        "dmean2": 0.463965147734,
        "dvar": 0.077450312674,
        "dvar2": 0.193267077208,
        "max": 2.41819024086,
        "mean": -0.370633482933,
        "median": -0.377378761768,
        "min": -3.06229281425,
        "var": 0.205940797925
    },
    "erbbands_spread": {
        "dmean": 11.2362012863,
        "dmean2": 16.9771671295,
        "dvar": 288.05859375,
        "dvar2": 576.641296387,
        "max": 163.820617676,
        "mean": 45.2515487671,
        "median": 41.0174560547,
        "min": 4.5115032196,
        "var": 484.750305176
    },
    "hfc": {
        "dmean": 17.7021903992,
        "dmean2": 27.9974365234,
        "dvar": 639.944946289,
        "dvar2": 1668.74487305,
        "max": 233.988586426,
        "mean": 52.4677696228,
        "median": 46.1665916443,
        "min": 1.11389213312e-16,
        "var": 1703.32104492
    },
    "melbands_crest": {
        "dmean": 4.40325880051,
        "dmean2": 7.19002246857,
        "dvar": 18.654253006,
        "dvar2": 46.2548789978,
        "max": 35.3911170959,
        "mean": 19.5140171051,
        "median": 19.6317634583,
        "min": 1.91716790199,
        "var": 59.3498458862
    },
    "melbands_flatness_db": {
        "dmean": 0.0340357460082,
        "dmean2": 0.0544613786042,
        "dvar": 0.00126321183052,
        "dvar2": 0.00327428570017,
        "max": 0.433890491724,
        "mean": 0.149845808744,
        "median": 0.146028339863,
        "min": 0.00459396652877,
        "var": 0.00318841659464
    },
    "melbands_kurtosis": {
        "dmean": 11.7301139832,
        "dmean2": 19.5957279205,
        "dvar": 652.778991699,
        "dvar2": 1697.53735352,
        "max": 308.982116699,
        "mean": 14.7010555267,
        "median": 7.89889955521,
        "min": -1.76501631737,
        "var": 642.706726074
    },
    "melbands_skewness": {
        "dmean": 1.13549625874,
        "dmean2": 1.82038521767,
        "dvar": 2.25432348251,
        "dvar2": 5.64370584488,
        "max": 15.9309339523,
        "mean": 3.10030579567,
        "median": 2.80150318146,
        "min": -2.27300548553,
        "var": 3.83247566223
    },
    "melbands_spread": {
        "dmean": 14.3600711823,
        "dmean2": 23.2102584839,
        "dvar": 244.864349365,
        "dvar2": 585.642333984,
        "max": 199.662368774,
        "mean": 39.4844055176,
        "median": 35.6965370178,
        "min": 1.20390713215,
        "var": 551.743041992
    },
    "pitch_salience": {
        "dmean": 0.104455947876,
        "dmean2": 0.171718403697,
        "dvar": 0.011105206795,
        "dvar2": 0.0278298389167,
        "max": 0.883737742901,
        "mean": 0.503884375095,
        "median": 0.491401225328,
        "min": 0.0847136154771,
        "var": 0.0222015250474
    },
    "silence_rate_20dB": {
        "dmean": 0,
        "dmean2": 0,
        "dvar": 0,
        "dvar2": 0,
        "max": 1,
        "mean": 1,
        "median": 1,
        "min": 1,
        "var": 0
    },
    "silence_rate_30dB": {
        "dmean": 0.0154128437862,
        "dmean2": 0.0308294594288,
        "dvar": 0.0151746897027,
        "dvar2": 0.0450466200709,
        "max": 1,
        "mean": 0.992172181606,
        "median": 1,
        "min": 0,
        "var": 0.00776634691283
    },
    "silence_rate_60dB": {
        "dmean": 0.00611620815471,
        "dmean2": 0.0122339120135,
        "dvar": 0.00607937853783,
        "dvar2": 0.0152662964538,
        "max": 1,
        "mean": 0.0304549895227,
        "median": 0,
        "min": 0,
        "var": 0.0295288488269
    },
    "spectral_centroid": {
        "dmean": 340.17010498,
        "dmean2": 522.097595215,
        "dvar": 183918.8125,
        "dvar2": 370509.3125,
        "max": 11655.2548828,
        "mean": 2417.41674805,
        "median": 2535.18969727,
        "min": 314.386505127,
        "var": 568827.5625
    },
    "spectral_complexity": {
        "dmean": 5.76269102097,
        "dmean2": 9.05407428741,
        "dvar": 36.3287963867,
        "dvar2": 84.8306732178,
        "max": 63,
        "mean": 35.1992416382,
        "median": 39,
        "min": 0,
        "var": 220.721893311
    },
    "spectral_decrease": {
        "dmean": 2.74912159703e-09,
        "dmean2": 4.14055989495e-09,
        "dvar": 1.33573299023e-17,
        "dvar2": 3.07335416261e-17,
        "max": 1.20170469255e-28,
        "mean": -8.56783621828e-09,
        "median": -8.25686630179e-09,
        "min": -3.95845454193e-08,
        "var": 3.16051219852e-17
    },
    "spectral_energy": {
        "dmean": 0.0106850294396,
        "dmean2": 0.0157750174403,
        "dvar": 0.000188409452676,
        "dvar2": 0.000418832991272,
        "max": 0.154686242342,
        "mean": 0.0370959453285,
        "median": 0.0368892066181,
        "min": 1.06275123047e-20,
        "var": 0.00054547743639
    },
    "spectral_energyband_high": {
        "dmean": 0.00168896082323,
        "dmean2": 0.00270676007494,
        "dvar": 6.53931783745e-06,
        "dvar2": 1.71375359059e-05,
        "max": 0.0258368104696,
        "mean": 0.00428254529834,
        "median": 0.00355812394992,
        "min": 7.3813987027e-21,
        "var": 1.63021104527e-05
    },
    "spectral_energyband_low": {
        "dmean": 0.00902133155614,
        "dmean2": 0.0147281782702,
        "dvar": 0.00018384870782,
        "dvar2": 0.000491131329909,
        "max": 0.123425558209,
        "mean": 0.0191981922835,
        "median": 0.0164076630026,
        "min": 2.80450906532e-23,
        "var": 0.000286179449176
    },
    "spectral_energyband_middle_high": {
        "dmean": 0.00213031726889,
        "dmean2": 0.00349498633295,
        "dvar": 5.91400657868e-06,
        "dvar2": 1.55839352374e-05,
        "max": 0.0249002482742,
        "mean": 0.00687105348334,
        "median": 0.00662873405963,
        "min": 1.31246653589e-21,
        "var": 1.83133379323e-05
    },
    "spectral_energyband_middle_low": {
        "dmean": 0.00624966993928,
        "dmean2": 0.0101395715028,
        "dvar": 0.000221319336561,
        "dvar2": 0.000534840160981,
        "max": 0.124846324325,
        "mean": 0.00816158670932,
        "median": 0.00395890697837,
        "min": 2.49771866114e-22,
        "var": 0.000218600369408
    },
    "spectral_entropy": {
        "dmean": 0.101324543357,
        "dmean2": 0.160881280899,
        "dvar": 0.0128054749221,
        "dvar2": 0.0337939485908,
        "max": 9.80691242218,
        "mean": 8.16726112366,
        "median": 8.23241043091,
        "min": 6.51066255569,
        "var": 0.0963962599635
    },
    "spectral_flux": {
        "dmean": 0.0302520096302,
        "dmean2": 0.0450461581349,
        "dvar": 0.00155566935427,
        "dvar2": 0.00266326009296,
        "max": 0.380304843187,
        "mean": 0.110089309514,
        "median": 0.0939125269651,
        "min": 6.61121157819e-11,
        "var": 0.00413254695013
    },
    "spectral_kurtosis": {
        "dmean": 0.737631440163,
        "dmean2": 1.1655857563,
        "dvar": 0.819389939308,
        "dvar2": 2.17968940735,
        "max": 25.1178474426,
        "mean": 2.9968328476,
        "median": 2.71268749237,
        "min": -1.23316407204,
        "var": 3.20250821114
    },
    "spectral_rms": {
        "dmean": 0.000831411278341,
        "dmean2": 0.0012283596443,
        "dvar": 7.7218419392e-07,
        "dvar2": 1.72762031525e-06,
        "max": 0.012284681201,
        "mean": 0.00566289527342,
        "median": 0.00599912228063,
        "min": 3.21998525933e-12,
        "var": 4.12287272411e-06
    },
    "spectral_rolloff": {
        "dmean": 1291.47412109,
        "dmean2": 2075.4765625,
        "dvar": 2487154.25,
        "dvar2": 5972888.5,
        "max": 19509.0820312,
        "mean": 3130.52856445,
        "median": 2713.18359375,
        "min": 64.599609375,
        "var": 5503388.5
    },
    "spectral_skewness": {
        "dmean": 0.120382219553,
        "dmean2": 0.188548877835,
        "dvar": 0.014010344632,
        "dvar2": 0.0321276113391,
        "max": 3.11799550056,
        "mean": 1.28908312321,
        "median": 1.27056443691,
        "min": -0.0666393637657,
        "var": 0.0728017985821
    },
    "spectral_spread": {
        "dmean": 637243.5625,
        "dmean2": 910591.75,
        "dvar": 721250156544,
        "dvar2": 1.21891284582e+12,
        "max": 42340096,
        "mean": 5768365.5,
        "median": 5756965,
        "min": 1752237.5,
        "var": 3.47997392077e+12
    },
    "spectral_strongpeak": {
        "dmean": 0.213990569115,
        "dmean2": 0.346578687429,
        "dvar": 0.137684673071,
        "dvar2": 0.368823319674,
        "max": 6.71185541153,
        "mean": 0.401577144861,
        "median": 0.284175515175,
        "min": 0,
        "var": 0.169371932745
    },
    "zerocrossingrate": {
        "dmean": 0.0183928832412,
        "dmean2": 0.0223745591938,
        "dvar": 0.000352512666723,
        "dvar2": 0.000474723958177,
        "max": 0.81689453125,
        "mean": 0.104956105351,
        "median": 0.09765625,
        "min": 0.0048828125,
        "var": 0.00259367842227
    },
    "barkbands": {
        "dmean": [0.000640606915113, 0.0063863680698, 0.0037140250206, 0.00378868356347, 0.00265241973102, 0.000561342691071, 0.000332205148879, 0.000279017986031, 0.000515293970238, 0.000359241996193, 0.00035499574733, 0.000343883410096, 0.000394475850044, 0.000346404936863, 0.000352203293005, 0.00041086456622, 0.000394101400161, 0.000397714436986, 0.000378474214813, 0.000320373015711, 0.000323643209413, 0.000286092312308, 0.00027874999796, 0.000282547960524, 0.000363131053746, 0.000280967418803, 6.18998456048e-05],
        "dmean2": [0.000964738719631, 0.0101251732558, 0.00652802735567, 0.00650563975796, 0.00456641009077, 0.00098962453194, 0.000556159939151, 0.000463010685053, 0.000880316307303, 0.000604841799941, 0.000591134012211, 0.000581665022764, 0.000672276946716, 0.000582060602028, 0.00059781310847, 0.000686299637891, 0.000658544537146, 0.000663790851831, 0.000638853525743, 0.000533222570084, 0.000548752839677, 0.000489008787554, 0.000462614611024, 0.000453508138889, 0.000568325805943, 0.000442152901087, 9.87556268228e-05],
        "dvar": [1.32601621772e-06, 6.22664301773e-05, 0.000121152312204, 0.000106960818812, 6.7507775384e-05, 1.50378980379e-06, 2.47229877459e-07, 1.71410334815e-07, 7.28551754037e-07, 3.59291647101e-07, 2.8123906759e-07, 2.59075648046e-07, 3.14940393764e-07, 2.1470545164e-07, 2.02118329184e-07, 2.63343650886e-07, 2.51528661011e-07, 2.32117628229e-07, 1.92120722886e-07, 1.44226589782e-07, 1.63076464332e-07, 1.92190640291e-07, 2.11482173995e-07, 2.09580093724e-07, 3.54426674676e-07, 2.10011378954e-07, 9.97866500541e-09],
        "dvar2": [2.5297429147e-06, 0.000144970807014, 0.000327600282617, 0.000277783750789, 0.000181881259778, 4.28084877058e-06, 6.27462725333e-07, 4.39945665676e-07, 1.96501241589e-06, 9.62294961937e-07, 7.01687724813e-07, 6.84325812017e-07, 8.62204501573e-07, 5.52480912575e-07, 5.32594526703e-07, 6.83414953073e-07, 6.62189165723e-07, 6.16756835825e-07, 5.31246655555e-07, 3.89767052411e-07, 4.68281683652e-07, 5.45087857518e-07, 5.67873655655e-07, 5.29512647063e-07, 8.26868756576e-07, 5.08410039401e-07, 2.52868694872e-08],
        "max": [0.0142224850133, 0.0558900982141, 0.0900948941708, 0.082136541605, 0.0933724790812, 0.0107937557623, 0.00942551251501, 0.00769301643595, 0.0115037467331, 0.0124836685136, 0.0108269238845, 0.0113244242966, 0.0113753825426, 0.0102703180164, 0.0115399733186, 0.0121970744804, 0.0096249114722, 0.00962987635285, 0.00692466180772, 0.00664576049894, 0.00589480716735, 0.00507089262828, 0.00505380379036, 0.0043259030208, 0.00603789417073, 0.0040846047923, 0.00125878630206],
        "mean": [0.00139806384686, 0.013289754279, 0.00320770358667, 0.00319136772305, 0.00246291514486, 0.00067060010042, 0.000505082891323, 0.000425664882641, 0.000716075475793, 0.000526795454789, 0.000565400521737, 0.000568479706999, 0.000620015605818, 0.000556026061531, 0.000615933735389, 0.000768053811044, 0.000741944706533, 0.00082116847625, 0.000808462849818, 0.000776175176725, 0.000758990878239, 0.000628093897831, 0.000543961243238, 0.00055175437592, 0.000712496112101, 0.00054542219732, 0.000119560223538],
        "median": [0.000234162187553, 0.0107395257801, 0.000842358800583, 0.000552431447431, 0.000677611096762, 0.00031557463808, 0.000259210704826, 0.000244806695264, 0.000417670817114, 0.000329103844706, 0.000328588532284, 0.000343388877809, 0.000402513454901, 0.000399399868911, 0.000461786985397, 0.000578685605433, 0.000607659458183, 0.000686711457092, 0.000712374749128, 0.00069298845483, 0.000682039593812, 0.000521891284734, 0.000389771274058, 0.000353904586518, 0.000392803049181, 0.000306038389681, 5.53610698262e-05],
        "min": [3.36952715853e-25, 1.66163097278e-24, 6.21564885354e-24, 1.00239480403e-24, 1.30351904516e-23, 1.91196122935e-23, 2.05404770016e-23, 2.357098241e-23, 3.56730158861e-23, 2.06576685999e-23, 4.72379565704e-23, 4.00564256356e-23, 4.4456073298e-23, 5.50660505248e-23, 4.45805082172e-23, 7.48951864046e-23, 1.06156911041e-22, 1.58802117842e-22, 2.38909011636e-22, 2.66983776081e-22, 3.51797127631e-22, 4.7436440285e-22, 4.85022279711e-22, 7.51129473554e-22, 9.24431485923e-22, 1.28261906846e-21, 2.26686059982e-21],
        "var": [4.86614953843e-06, 0.000138753035571, 8.22305955808e-05, 8.39552885736e-05, 5.1191640523e-05, 1.21302889511e-06, 5.7104955431e-07, 3.29027471935e-07, 9.08704123503e-07, 4.48707936584e-07, 6.20566652287e-07, 6.41179781269e-07, 5.84210852139e-07, 3.60791062803e-07, 3.64029773436e-07, 5.22619757248e-07, 4.54798936289e-07, 5.16441218679e-07, 3.88576637533e-07, 3.77380928285e-07, 3.63632892686e-07, 3.21449817875e-07, 3.4528554238e-07, 4.19698892529e-07, 8.66016137024e-07, 4.79502602957e-07, 2.18330864499e-08]
    },
    "erbbands": {
        "dmean": [0.244694650173, 1.36169421673, 3.82484912872, 8.39660930634, 12.4700078964, 7.51017427444, 5.05752849579, 4.64577627182, 4.48263120651, 5.64880800247, 5.95723772049, 11.781334877, 12.812087059, 10.4217023849, 14.166932106, 13.4074888229, 16.7834148407, 16.2426986694, 16.9308166504, 20.1082820892, 20.2943325043, 21.2725982666, 21.5100231171, 20.3556747437, 17.5584449768, 14.6914682388, 13.3889560699, 13.1720266342, 10.8670463562, 8.32804965973, 7.95497608185, 6.34251403809, 4.92083644867, 4.11345291138, 2.66913843155, 1.42796754837, 0.49065336585, 0.1096791327, 0.0100426534191, 0.000154758017743],
        "dmean2": [0.377457261086, 2.14492559433, 6.45202493668, 14.5299463272, 20.3259162903, 13.6973657608, 9.19815921783, 8.11354064941, 7.6145529747, 9.33801746368, 10.0194425583, 20.0721855164, 21.6610584259, 17.5527267456, 23.6220970154, 22.5958080292, 28.4623470306, 27.1929359436, 28.6519851685, 34.0363693237, 33.6999778748, 35.3849906921, 35.7260665894, 34.1695861816, 29.7990665436, 24.4391002655, 22.8535308838, 22.198841095, 18.555015564, 13.9653043747, 13.1752462387, 10.3710002899, 7.97502946854, 6.72254991531, 4.02116537094, 2.28405690193, 0.768294990063, 0.173674926162, 0.015965051949, 0.000242597801844],
        "dvar": [0.112069435418, 3.51751112938, 100.835975647, 521.203186035, 1253.9440918, 648.283447266, 190.335861206, 86.985748291, 48.0750236511, 75.5151443481, 81.8830490112, 375.023254395, 629.391113281, 236.162689209, 458.327514648, 407.668334961, 569.468322754, 454.853424072, 484.438537598, 722.04083252, 635.036132812, 734.959411621, 763.116577148, 583.244750977, 440.813476562, 304.521453857, 277.136932373, 285.262054443, 274.139770508, 169.117340088, 159.937408447, 110.736686707, 66.0238265991, 48.2518081665, 18.5927124023, 5.49995613098, 0.646264314651, 0.0300500690937, 0.00026704595075, 5.85283288501e-08],
        "dvar2": [0.229967862368, 8.07220172882, 259.973602295, 1421.24926758, 2967.77832031, 1865.02685547, 550.517700195, 244.307327271, 122.668754578, 196.032730103, 214.794540405, 1007.20092773, 1724.97644043, 591.388671875, 1171.67468262, 1079.58666992, 1551.00927734, 1154.08435059, 1289.74499512, 1929.69335938, 1647.69042969, 1924.97412109, 2063.73681641, 1566.31665039, 1218.97229004, 818.111694336, 808.008117676, 802.005737305, 771.390197754, 471.562011719, 425.767272949, 297.478302002, 163.137161255, 118.127250671, 42.9763832092, 13.4818286896, 1.55218362808, 0.0759436562657, 0.000672611524351, 1.45521369177e-07],
        "max": [2.65881061554, 14.3989601135, 84.8778991699, 189.784255981, 374.901550293, 316.163574219, 144.509765625, 101.875053406, 138.30255127, 222.674484253, 156.586166382, 264.025024414, 348.509094238, 275.112121582, 529.081604004, 438.183410645, 476.964752197, 533.733703613, 576.292419434, 808.570922852, 472.787384033, 642.334594727, 686.242919922, 431.839111328, 281.934570312, 356.928161621, 277.506378174, 170.062911987, 179.238769531, 172.252792358, 145.661499023, 96.7133102417, 83.4747543335, 71.3975524902, 53.2655258179, 22.4658069611, 7.10185098648, 1.83046877384, 0.210568189621, 0.00278808991425],
        "mean": [0.535173535347, 2.34232020378, 3.82226848602, 7.38070106506, 11.6037340164, 6.52113628387, 5.01964473724, 6.00145053864, 6.46504735947, 9.33975982666, 9.34223842621, 16.4725131989, 18.1249637604, 17.2138385773, 24.1177787781, 23.4446048737, 28.3115558624, 28.4336509705, 30.4006748199, 37.9014892578, 40.5893783569, 42.7880554199, 45.807220459, 42.9122161865, 39.2429847717, 36.6404647827, 31.7815647125, 29.3020896912, 23.4221725464, 18.0415802002, 15.2075777054, 11.5422973633, 9.44921112061, 7.61724996567, 5.18353462219, 2.68122720718, 0.933786213398, 0.223962917924, 0.019458014518, 0.000355325493729],
        "median": [0.267366945744, 1.6374335289, 1.29533588886, 1.9384329319, 2.1280477047, 2.01060700417, 2.04431629181, 2.75529026985, 3.58753418922, 4.95441627502, 6.03458309174, 9.47034835815, 10.662358284, 11.7839803696, 15.133143425, 15.3301486969, 19.2342033386, 21.4572563171, 23.1752166748, 29.200214386, 32.0474205017, 35.8297958374, 37.619758606, 38.2939376831, 35.3432159424, 32.9827919006, 29.3362579346, 25.5261688232, 19.6045913696, 13.9334068298, 10.7204399109, 7.51277732849, 5.72533655167, 4.38815975189, 2.77718758583, 1.44467103481, 0.51868802309, 0.122109204531, 0.00889324396849, 0.000218867819058],
        "min": [7.28829221422e-23, 8.16364509127e-22, 8.12626676637e-21, 1.78791858229e-20, 3.29779364949e-20, 4.52950790996e-20, 1.28817017739e-19, 1.06413696802e-19, 2.05125889737e-19, 2.99421855855e-19, 7.30733576177e-19, 8.35398445144e-19, 6.07813296381e-19, 1.14071215341e-18, 1.82216763366e-18, 1.66781800611e-18, 1.83846826161e-18, 2.22488051488e-18, 3.03079927697e-18, 3.29129685663e-18, 4.19627980286e-18, 6.36996238732e-18, 8.00732505083e-18, 9.38349799131e-18, 1.11600015328e-17, 1.2851226062e-17, 1.27186521708e-17, 1.40598452976e-17, 1.61459005038e-17, 1.35759975788e-17, 1.46113563904e-17, 1.39222404939e-17, 1.35548060387e-17, 9.38826503318e-18, 7.08368690705e-18, 4.85732532528e-18, 2.74334677628e-18, 1.04932565292e-18, 2.71885969691e-19, 3.28142032012e-20],
        "var": [0.336331009865, 6.21605539322, 80.4499664307, 357.336791992, 1239.78271484, 391.192260742, 120.336250305, 89.6820831299, 86.4971237183, 205.827529907, 124.429946899, 499.183685303, 650.052856445, 432.249328613, 1050.70288086, 910.21270752, 1115.77746582, 789.454101562, 831.302246094, 1283.2130127, 1331.74951172, 1409.02258301, 1770.39221191, 1154.56494141, 911.49822998, 832.941101074, 617.859069824, 598.645751953, 451.258331299, 299.370849609, 276.356079102, 177.854919434, 135.703948975, 97.6548995972, 48.3481941223, 12.4452495575, 1.42842757702, 0.0704536661506, 0.000584117136896, 1.48864216953e-07]
    },
    "gfcc": {
        "mean": [53.2816886902, 31.4818782806, -105.907188416, 41.355342865, -41.6528244019, 23.1923961639, -28.3743362427, 18.1792049408, -23.2360858917, 8.29466724396, -18.6111717224, 5.05037689209, -13.6920719147],
        "cov": [[11741.8369141, -1352.35400391, 1157.31713867, 103.072761536, 262.671783447, 616.724914551, 0.272070914507, 257.366241455, -180.604370117, 268.27154541, -245.608963013, 171.76751709, -63.2295684814], [-1352.35400391, 1871.11193848, -380.740081787, 176.088150024, -103.367614746, -209.428894043, -67.8589935303, -27.0647182465, 158.400405884, -161.763305664, 102.578788757, -125.01386261, 74.7403259277], [1157.31713867, -380.740081787, 678.166259766, 104.359237671, 117.627952576, 117.278953552, 11.0153017044, 24.0616416931, -35.0213623047, 63.9952735901, -33.1553611755, 30.7392234802, -27.0751552582], [103.072761536, 176.088150024, 104.359237671, 277.838226318, 59.1148071289, 70.6599578857, 47.8872032166, 14.2181625366, 45.4561653137, 11.4989023209, 1.5886490345, -15.392080307, 18.9910945892], [262.671783447, -103.367614746, 117.627952576, 59.1148071289, 229.300338745, 83.209526062, 89.322479248, 49.1453399658, 47.7221031189, 61.4309539795, 35.6443557739, 43.6358413696, 29.0644302368], [616.724914551, -209.428894043, 117.278953552, 70.6599578857, 83.209526062, 193.563186646, 114.385490417, 79.7596969604, 27.9394817352, 62.1179275513, -1.91500902176, 32.8178367615, 12.8847723007], [0.272070914507, -67.8589935303, 11.0153017044, 47.8872032166, 89.322479248, 114.385490417, 235.327682495, 118.374481201, 105.367988586, 82.7336273193, 60.0989151001, 60.1241531372, 50.0815467834], [257.366241455, -27.0647182465, 24.0616416931, 14.2181625366, 49.1453399658, 79.7596969604, 118.374481201, 156.717697144, 92.0195083618, 70.9861984253, 37.663898468, 45.3555374146, 27.5598640442], [-180.604370117, 158.400405884, -35.0213623047, 45.4561653137, 47.7221031189, 27.9394817352, 105.367988586, 92.0195083618, 157.668609619, 83.0768127441, 70.7898406982, 38.1346168518, 56.010017395], [268.27154541, -161.763305664, 63.9952735901, 11.4989023209, 61.4309539795, 62.1179275513, 82.7336273193, 70.9861984253, 83.0768127441, 141.928588867, 66.2666549683, 74.1317062378, 41.6998405457], [-245.608963013, 102.578788757, -33.1553611755, 1.5886490345, 35.6443557739, -1.91500902176, 60.0989151001, 37.663898468, 70.7898406982, 66.2666549683, 108.481628418, 61.6893920898, 47.1883277893], [171.76751709, -125.01386261, 30.7392234802, -15.392080307, 43.6358413696, 32.8178367615, 60.1241531372, 45.3555374146, 38.1346168518, 74.1317062378, 61.6893920898, 98.9985580444, 51.0903625488], [-63.2295684814, 74.7403259277, -27.0751552582, 18.9910945892, 29.0644302368, 12.8847723007, 50.0815467834, 27.5598640442, 56.010017395, 41.6998405457, 47.1883277893, 51.0903625488, 80.1762466431]],
        "icov": [[0.000145707410411, -9.31205941015e-05, -0.000126948129036, 6.05629393249e-05, -3.69098961528e-05, -0.000362456194125, 0.000228299148148, -0.000235979649005, 0.000300507294014, -0.000430304935435, 0.000619009835646, -0.00043790077325, 8.3231680037e-05], [-9.31205941015e-05, 0.00163164839614, 0.000272285804385, -0.000955629511736, 0.000275928876363, 0.00076941162115, 0.00074361654697, -0.000507397286128, -0.00198891293257, 0.00315710273571, -0.00343705201522, 0.00290091335773, -0.00186813366599], [-0.000126948129036, 0.000272285804385, 0.00227924576029, -0.00100918021053, -0.000750903389417, -6.54293762636e-05, 0.000463633215986, -0.000120364471513, 0.000405928381952, -0.000593185424805, 0.000156222551595, -0.000454365246696, 0.000911811599508], [6.05629393249e-05, -0.000955629511736, -0.00100918021053, 0.0056274770759, -0.000572811928578, -0.00256306049414, -0.00047329388326, 0.00170649960637, -0.00111036619637, -0.000685799343046, 0.00137783691753, 0.000910125556402, -0.000665085332002], [-3.69098961528e-05, 0.000275928876363, -0.000750903389417, -0.000572811928578, 0.0061766305007, -0.0011738560861, -0.00100395735353, 0.000539468135685, -0.000876578153111, 0.000402816978749, -0.00162391143385, -4.25795187766e-05, -0.00062721571885], [-0.000362456194125, 0.00076941162115, -6.54293762636e-05, -0.00256306049414, -0.0011738560861, 0.0126125598326, -0.00456585222855, -0.00306956470013, 0.00280288327485, -0.00195365888067, 0.0015144845238, 0.00171254226007, -0.00103688647505], [0.000228299148148, 0.00074361654697, 0.000463633215986, -0.00047329388326, -0.00100395735353, -0.00456585222855, 0.0110000856221, -0.00377503619529, -0.0036247370299, 0.00220959959552, -0.00261183595285, -0.000553480582312, -0.00144739437383], [-0.000235979649005, -0.000507397286128, -0.000120364471513, 0.00170649960637, 0.000539468135685, -0.00306956470013, -0.00377503619529, 0.0153328822926, -0.00769670633599, 1.21834200399e-05, 0.00213011284359, -0.00438968883827, 0.00414128554985], [0.000300507294014, -0.00198891293257, 0.000405928381952, -0.00111036619637, -0.000876578153111, 0.00280288327485, -0.0036247370299, -0.00769670633599, 0.0231883544475, -0.0122894607484, -0.000482630595798, 0.00534594710916, -0.00566149549559], [-0.000430304935435, 0.00315710273571, -0.000593185424805, -0.000685799343046, 0.000402816978749, -0.00195365888067, 0.00220959959552, 1.21834200399e-05, -0.0122894607484, 0.0252698473632, -0.010856856592, -0.00312012690119, -0.000716282869689], [0.000619009835646, -0.00343705201522, 0.000156222551595, 0.00137783691753, -0.00162391143385, 0.0015144845238, -0.00261183595285, 0.00213011284359, -0.000482630595798, -0.010856856592, 0.0300309769809, -0.0166806988418, 0.00360138318501], [-0.00043790077325, 0.00290091335773, -0.000454365246696, 0.000910125556402, -4.25795187766e-05, 0.00171254226007, -0.000553480582312, -0.00438968883827, 0.00534594710916, -0.00312012690119, -0.0166806988418, 0.0361187756062, -0.0171338077635], [8.3231680037e-05, -0.00186813366599, 0.000911811599508, -0.000665085332002, -0.00062721571885, -0.00103688647505, -0.00144739437383, 0.00414128554985, -0.00566149549559, -0.000716282869689, 0.00360138318501, -0.0171338077635, 0.0277457293123]]
    },
    "melbands": {
        "dmean": [0.00189766695257, 0.00179836223833, 0.0016220472753, 0.00068996445043, 0.000197560715606, 0.000102815567516, 6.77421048749e-05, 6.19761412963e-05, 5.2124622016e-05, 7.85685915616e-05, 6.43493549433e-05, 4.28082930739e-05, 4.7557947255e-05, 3.88715525332e-05, 3.93235095544e-05, 4.0155104216e-05, 3.17050325975e-05, 2.92601034744e-05, 2.83822246274e-05, 3.16382465826e-05, 2.42747701122e-05, 2.41090619966e-05, 2.26088686759e-05, 1.95415213966e-05, 1.79810758709e-05, 1.51666399688e-05, 1.23733261717e-05, 1.05800727397e-05, 9.1704823717e-06, 8.61177340994e-06, 8.14210761746e-06, 7.03463638274e-06, 5.21348420079e-06, 4.94370351589e-06, 4.77139474242e-06, 4.9932350521e-06, 3.52066876985e-06, 3.55972906618e-06, 3.67556026504e-06, 3.50871414412e-06],
        "dmean2": [0.00295433122665, 0.00287473737262, 0.00272491993383, 0.00115373719018, 0.000362854247214, 0.00017969084729, 0.00011478603119, 0.000102032616269, 8.75339028426e-05, 0.000133753055707, 0.000108949949208, 7.21582982806e-05, 7.9179299064e-05, 6.55773183098e-05, 6.67859130772e-05, 6.74320399412e-05, 5.3245385061e-05, 4.9703699915e-05, 4.82269824715e-05, 5.31402110937e-05, 4.0740287659e-05, 4.05039936595e-05, 3.80778546969e-05, 3.25789442286e-05, 3.0261982829e-05, 2.58396030404e-05, 2.1026660761e-05, 1.76396806637e-05, 1.56446421897e-05, 1.47465634655e-05, 1.37220649776e-05, 1.20852719192e-05, 8.98071357369e-06, 8.34215188661e-06, 7.9175351857e-06, 8.52077573654e-06, 5.65502568861e-06, 5.84015606364e-06, 5.92390006204e-06, 5.825288099e-06],
        "dvar": [5.49088190382e-06, 1.39617832247e-05, 1.80039514817e-05, 4.26021733801e-06, 3.32739375608e-07, 4.32717826016e-08, 1.02746406938e-08, 8.54501713832e-09, 6.15364292855e-09, 1.78057018019e-08, 1.56238240123e-08, 3.87573306782e-09, 5.18354870138e-09, 3.40241634866e-09, 3.48701600927e-09, 3.65987928852e-09, 1.92633176077e-09, 1.64776481348e-09, 1.39299716206e-09, 1.7860480872e-09, 9.91665083383e-10, 1.0025471564e-09, 8.06958888599e-10, 5.95700377914e-10, 4.73117045541e-10, 3.43379047418e-10, 2.46249576286e-10, 1.6547943571e-10, 1.27629809499e-10, 1.21205892545e-10, 1.14893913827e-10, 1.09800106507e-10, 6.32974506143e-11, 5.98035579391e-11, 5.40744046762e-11, 8.32012653218e-11, 2.87330541304e-11, 3.54212006948e-11, 3.7426214905e-11, 3.43614130205e-11],
        "dvar2": [1.22556239148e-05, 3.43884385074e-05, 4.59383445559e-05, 1.10434875751e-05, 9.68803192336e-07, 1.22147113757e-07, 2.6374662454e-08, 2.19949818359e-08, 1.60785855741e-08, 4.79749857618e-08, 4.27229451816e-08, 9.83737535876e-09, 1.32678641407e-08, 9.21207643501e-09, 9.26165544257e-09, 9.79802106116e-09, 4.84792384015e-09, 4.35582281355e-09, 3.67373176324e-09, 4.76909356451e-09, 2.61644106381e-09, 2.62236277138e-09, 2.17590989671e-09, 1.57604029827e-09, 1.28881627592e-09, 9.52780299102e-10, 6.86426582241e-10, 4.50466580704e-10, 3.68756386537e-10, 3.51899870354e-10, 3.21744852982e-10, 3.09242353946e-10, 1.78049477939e-10, 1.64672719905e-10, 1.40445113872e-10, 2.34547492539e-10, 7.37538641271e-11, 8.97698512747e-11, 8.7916798841e-11, 8.69149960336e-11],
        "max": [0.0177254471928, 0.0326847992837, 0.0332321375608, 0.0233151093125, 0.00653724279255, 0.00211401237175, 0.00183161103632, 0.00217745197006, 0.00127752870321, 0.00179006054532, 0.00181240658276, 0.00115201133303, 0.00147891824599, 0.00155570195056, 0.00132831360679, 0.00153554719873, 0.00121410680003, 0.00120461091865, 0.000887173751835, 0.00109579600394, 0.000558373169042, 0.000677040312439, 0.000526120711584, 0.000513649021741, 0.000404259539209, 0.000245821109274, 0.000211378443055, 0.000327915913658, 0.000203496150789, 0.000118897907669, 0.000107630199636, 0.000127734063426, 0.000120184195112, 9.31625982048e-05, 0.000103502417915, 9.19129597605e-05, 5.2127357776e-05, 7.68688987591e-05, 6.14131859038e-05, 5.58500505576e-05],
        "mean": [0.00416416395456, 0.00240247230977, 0.0014985188609, 0.000652376795188, 0.000191936866031, 0.000132074448629, 9.90926127997e-05, 0.000101211058791, 7.78559042374e-05, 0.000107637803012, 8.93753822311e-05, 6.74092880217e-05, 7.78042813181e-05, 6.57552373013e-05, 6.10173592577e-05, 6.32707960904e-05, 5.1277307648e-05, 4.79888840346e-05, 4.8014902859e-05, 5.55986662221e-05, 4.46142330475e-05, 4.37052294728e-05, 4.31658954767e-05, 3.87884501833e-05, 3.42284147337e-05, 2.98603335978e-05, 2.59762891801e-05, 2.40874469455e-05, 2.00518334168e-05, 1.80575061677e-05, 1.66431127582e-05, 1.38271752803e-05, 1.07770474642e-05, 9.72191810433e-06, 8.92480511538e-06, 7.91918955656e-06, 6.64443086862e-06, 6.52761264064e-06, 6.59724810248e-06, 6.33293666397e-06],
        "median": [0.00285331299528, 0.0011859589722, 0.000372292182874, 0.000158965704031, 7.71205232013e-05, 6.30602953606e-05, 5.45630391571e-05, 5.38763124496e-05, 4.74965563626e-05, 6.05224486208e-05, 5.16470972798e-05, 4.51496671303e-05, 4.81553652207e-05, 3.96629584429e-05, 3.84353115805e-05, 4.11778601119e-05, 3.70669149561e-05, 3.45876615029e-05, 3.47604946001e-05, 4.04709062423e-05, 3.42927014572e-05, 3.5432887671e-05, 3.30135917466e-05, 3.22377563862e-05, 2.88180799544e-05, 2.55234153883e-05, 2.26591873798e-05, 2.05759606615e-05, 1.78766622412e-05, 1.56611931743e-05, 1.37579972943e-05, 1.11884191938e-05, 8.57383929542e-06, 7.1427716648e-06, 6.20227274339e-06, 5.00944224768e-06, 4.21786171501e-06, 3.93406207877e-06, 3.75422132493e-06, 3.59816294804e-06],
        "min": [1.35361303398e-24, 4.12538044715e-24, 3.71963062941e-24, 3.03652402271e-24, 3.71233682148e-24, 2.69295774355e-24, 3.26013867643e-24, 3.06989954432e-24, 5.89040860207e-24, 4.66140788237e-24, 3.00446688489e-24, 4.18919771666e-24, 6.55365405775e-24, 4.83295041938e-24, 3.31077940502e-24, 4.65374409868e-24, 4.11935591642e-24, 5.0258320383e-24, 4.54291071922e-24, 3.81154199677e-24, 4.1012614194e-24, 5.31319907772e-24, 6.51726429863e-24, 7.39422834519e-24, 7.12926889978e-24, 7.67284376172e-24, 7.36875129339e-24, 8.21515407962e-24, 9.6235461079e-24, 6.38995003713e-24, 7.11580383299e-24, 7.6698618675e-24, 7.41163692764e-24, 6.962506071e-24, 7.48221789055e-24, 8.9281297212e-24, 7.61514884169e-24, 1.0129195693e-23, 6.57859783958e-24, 8.10273508974e-24],
        "var": [1.49803136082e-05, 1.48579711094e-05, 1.46065922308e-05, 3.61674142368e-06, 1.99230257181e-07, 4.18417833714e-08, 1.92388984743e-08, 2.25397869258e-08, 9.55282786208e-09, 2.28479954956e-08, 1.62489577349e-08, 6.80762513028e-09, 1.07321067588e-08, 9.22312626273e-09, 6.21085449737e-09, 6.80090872507e-09, 3.0833169351e-09, 2.59828669691e-09, 2.4073951721e-09, 3.06575120845e-09, 1.82485970779e-09, 1.68625780006e-09, 1.74359449101e-09, 1.17950615941e-09, 8.60053306351e-10, 6.05038852353e-10, 4.65545296757e-10, 4.1183700894e-10, 2.65394761723e-10, 2.27791341345e-10, 2.16961684729e-10, 1.68473762718e-10, 1.04817675373e-10, 9.89396620188e-11, 9.86975640105e-11, 9.48610773266e-11, 5.74352856941e-11, 6.78915326735e-11, 7.38283462143e-11, 6.7498437395e-11]
    },
    "mfcc": {
        "mean": [-591.85144043, 69.9106750488, -1.31797075272, 26.4495258331, 12.0816392899, 11.9917440414, 9.85145950317, 10.4051628113, 7.11905622482, 4.97573661804, 3.43758654594, 2.52404499054, 0.295106202364],
        "cov": [[6907.24414062, -523.125488281, 252.397445679, 3.54362344742, 143.4503479, 246.643676758, 230.386199951, 65.1487731934, 179.862365723, 88.9339599609, 45.2829971313, 5.55772638321, 84.983001709], [-523.125488281, 1205.90222168, -117.599609375, 162.25062561, 6.49637842178, -134.443328857, -133.156829834, 16.0834445953, -40.5326576233, 14.8790044785, -3.70957350731, 1.87790501118, -26.7504844666], [252.397445679, -117.599609375, 396.414764404, 80.0117034912, 52.3584861755, 52.6612548828, 25.7885150909, -6.13621854782, 2.60967040062, 11.6186332703, -1.88144421577, -10.1678934097, 4.18691682816], [3.54362344742, 162.25062561, 80.0117034912, 210.126434326, 66.3067626953, 51.4553108215, 5.85777044296, 20.6334781647, 26.876914978, 34.4332046509, 10.2756614685, 12.7238178253, 21.2015609741], [143.4503479, 6.49637842178, 52.3584861755, 66.3067626953, 151.412078857, 49.5993843079, 19.3103866577, -3.81269526482, 4.71342897415, 6.86562490463, 3.85280895233, -0.894452393055, 6.89143848419], [246.643676758, -134.443328857, 52.6612548828, 51.4553108215, 49.5993843079, 152.418411255, 78.3257980347, 30.1861686707, 51.5283126831, 36.4811706543, 19.7988319397, 20.2022819519, 35.27967453], [230.386199951, -133.156829834, 25.7885150909, 5.85777044296, 19.3103866577, 78.3257980347, 129.850891113, 66.2122116089, 53.8389663696, 31.2295360565, 33.8074302673, 31.2726306915, 36.0306358337], [65.1487731934, 16.0834445953, -6.13621854782, 20.6334781647, -3.81269526482, 30.1861686707, 66.2122116089, 109.401443481, 71.98462677, 47.0370750427, 35.6690330505, 32.5551300049, 26.6078681946], [179.862365723, -40.5326576233, 2.60967040062, 26.876914978, 4.71342897415, 51.5283126831, 53.8389663696, 71.98462677, 120.425865173, 79.1041488647, 45.5218963623, 37.0136375427, 41.5577316284], [88.9339599609, 14.8790044785, 11.6186332703, 34.4332046509, 6.86562490463, 36.4811706543, 31.2295360565, 47.0370750427, 79.1041488647, 102.996559143, 57.1002655029, 35.4962120056, 34.8902053833], [45.2829971313, -3.70957350731, -1.88144421577, 10.2756614685, 3.85280895233, 19.7988319397, 33.8074302673, 35.6690330505, 45.5218963623, 57.1002655029, 79.7541809082, 52.9790763855, 37.167678833], [5.55772638321, 1.87790501118, -10.1678934097, 12.7238178253, -0.894452393055, 20.2022819519, 31.2726306915, 32.5551300049, 37.0136375427, 35.4962120056, 52.9790763855, 77.1843261719, 52.6341819763], [84.983001709, -26.7504844666, 4.18691682816, 21.2015609741, 6.89143848419, 35.27967453, 36.0306358337, 26.6078681946, 41.5577316284, 34.8902053833, 37.167678833, 52.6341819763, 87.3344421387]],
