{
"lowlevel": {
    "average_loudness": 0.861725389957,
    "barkbands_crest": {
        "dmean": 2.8845500946,
        "dmean2": 4.62786817551,
        "dvar": 11.0163660049,
        "dvar2": 26.481842041,
        "max": 26.6572704315,
        "mean": 10.5805549622,
        "median": 9.60513305664,
        "min": 1.93297028542,
        "var": 27.8282089233
    },
    "barkbands_flatness_db": {
        "dmean": 0.0265755597502,
        "dmean2": 0.0403937287629,
        "dvar": 0.00124362832867,
        "dvar2": 0.0027955735568,
        "max": 0.42594447732,
        "mean": 0.110038399696,
        "median": 0.0966050475836,
        "min": 0.014785724692,
        "var": 0.00397114269435
    },
    "barkbands_kurtosis": {
        "dmean": 6.36453819275,
        "dmean2": 9.78464412689,
        "dvar": 388.469970703,
        "dvar2": 793.470397949,
        "max": 815.584777832,
        "mean": 7.13393640518,
        "median": 1.52341032028,
        "min": -1.86538922787,
        "var": 578.628295898
    },
    "barkbands_skewness": {
        "dmean": 0.803403615952,
        "dmean2": 1.22525596619,
        "dvar": 1.55046153069,
        "dvar2": 3.27691912651,
        "max": 26.487329483,
        "mean": 1.82900941372,
        "median": 1.45481395721,
        "min": -2.42127943039,
        "var": 3.38656210899
    },
    "barkbands_spread": {
        "dmean": 8.2411403656,
        "dmean2": 13.142156601,
        "dvar": 116.657096863,
        "dvar2": 279.322174072,
        "max": 112.05015564,
        "mean": 28.3285884857,
        "median": 26.8989715576,
        "min": 0.337957620621,
        "var": 238.203948975
    },
    "dissonance": {
        "dmean": 0.0128359580413,
        "dmean2": 0.0217901617289,
        "dvar": 0.000181061361218,
        "dvar2": 0.000503900984768,
        "max": 0.500000119209,
        "mean": 0.479926347733,
        "median": 0.48429697752,
        "min": 0.328067779541,
        "var": 0.000283924047835
    },
    "dynamic_complexity": 3.48140406609,
    "erbbands_crest": {
        "dmean": 2.59297251701,
        "dmean2": 4.22702550888,
        "dvar": 8.52679347992,
        "dvar2": 20.0862979889,
        "max": 30.2577075958,
        "mean": 7.4694647789,
        "median": 6.13300704956,
        "min": 2.12512683868,
        "var": 18.215839386
    },
    "erbbands_flatness_db": {
        "dmean": 0.0159432236105,
        "dmean2": 0.0240936428308,
        "dvar": 0.000281820219243,
        "dvar2": 0.00063020788366,
        "max": 0.365205228329,
        "mean": 0.12022741884,
        "median": 0.111070767045,
        "min": 0.0440204963088,
        "var": 0.00181906914804
    },
    "erbbands_kurtosis": {
        "dmean": 0.882851839066,
        "dmean2": 1.45982515812,
        "dvar": 3.01995325089,
        "dvar2": 7.94797515869,
        "max": 38.8906936646,
        "mean": 0.276828736067,
        "median": -0.308887600899,
        "min": -1.7652630806,
        "var": 4.94006252289
    },
    "erbbands_skewness": {
        "dmean": 0.38743814826,
        "dmean2": 0.605571329594,
        "dvar": 0.245857283473,
        "dvar2": 0.575078725815,
        "max": 5.73314094543,
        "mean": 0.184519991279,
        "median": 0.143653482199,
        "min": -2.40800523758,
        "var": 0.473920315504
    },
    "erbbands_spread": {
        "dmean": 9.47507286072,
        "dmean2": 14.6320352554,
        "dvar": 124.289588928,
        "dvar2": 300.791473389,
        "max": 129.385559082,
        "mean": 44.1246490479,
        "median": 41.7987594604,
        "min": 2.61235690117,
        "var": 351.93850708
    },
    "hfc": {
        "dmean": 7.47136545181,
        "dmean2": 11.7806072235,
        "dvar": 124.009521484,
        "dvar2": 316.203155518,
        "max": 150.301757812,
        "mean": 24.4770145416,
        "median": 21.8284759521,
        "min": 1.11882345306e-16,
        "var": 307.643005371
    },
    "melbands_crest": {
        "dmean": 3.86211109161,
        "dmean2": 6.20741558075,
        "dvar": 19.9344902039,
        "dvar2": 47.0131111145,
        "max": 36.7678375244,
        "mean": 16.4582538605,
        "median": 14.888376236,
        "min": 1.71959459782,
        "var": 61.1569747925
    },
    "melbands_flatness_db": {
        "dmean": 0.0329774692655,
        "dmean2": 0.0494789257646,
        "dvar": 0.00191477930639,
        "dvar2": 0.00416839309037,
        "max": 0.545386850834,
        "mean": 0.181011006236,
        "median": 0.174996450543,
        "min": 0.0046016392298,
        "var": 0.00722664454952
    },
    "melbands_kurtosis": {
        "dmean": 18.7636146545,
        "dmean2": 28.8494644165,
        "dvar": 2903.84570312,
        "dvar2": 6236.61816406,
        "max": 1119.25500488,
        "mean": 25.7208766937,
        "median": 8.10280227661,
        "min": -1.79038357735,
        "var": 4035.71508789
    },
    "melbands_skewness": {
        "dmean": 1.15408837795,
        "dmean2": 1.74774813652,
        "dvar": 3.48111891747,
        "dvar2": 7.52415275574,
        "max": 22.2782821655,
        "mean": 3.31043672562,
        "median": 2.60796999931,
        "min": -1.27826869488,
        "var": 7.54455280304
    },
    "melbands_spread": {
        "dmean": 9.74957752228,
        "dmean2": 15.4602708817,
        "dvar": 205.498901367,
        "dvar2": 474.584442139,
        "max": 196.589813232,
        "mean": 28.3022785187,
        "median": 23.1183128357,
        "min": 0.248207896948,
        "var": 538.677429199
    },
    "pitch_salience": {
        "dmean": 0.0886575356126,
        "dmean2": 0.139713168144,
        "dvar": 0.011270949617,
        "dvar2": 0.0272096712142,
        "max": 0.894363641739,
        "mean": 0.531950652599,
        "median": 0.558653652668,
        "min": 0.0287027768791,
        "var": 0.0272371750325
    },
    "silence_rate_20dB": {
        "dmean": 0,
        "dmean2": 0,
        "dvar": 0,
        "dvar2": 0,
        "max": 1,
        "mean": 1,
        "median": 1,
        "min": 1,
        "var": 0
    },
    "silence_rate_30dB": {
        "dmean": 0.0504836477339,
        "dmean2": 0.100976601243,
        "dvar": 0.047941673547,
        "dvar2": 0.103869445622,
        "max": 1,
        "mean": 0.932387590408,
        "median": 1,
        "min": 0,
        "var": 0.0630444735289
    },
    "silence_rate_60dB": {
        "dmean": 0.0149239981547,
        "dmean2": 0.0298507455736,
        "dvar": 0.0147045599297,
        "dvar2": 0.0302439294755,
        "max": 1,
        "mean": 0.0687177628279,
        "median": 0,
        "min": 0,
        "var": 0.0640028491616
    },
    "spectral_centroid": {
        "dmean": 334.736114502,
        "dmean2": 519.256774902,
        "dvar": 165208.171875,
        "dvar2": 333623.625,
        "max": 11504.6376953,
        "mean": 1677.60974121,
        "median": 1640.63476562,
        "min": 158.118118286,
        "var": 597837.25
    },
    "spectral_complexity": {
        "dmean": 5.55854463577,
        "dmean2": 8.87801742554,
        "dvar": 42.0144767761,
        "dvar2": 97.727897644,
        "max": 59,
        "mean": 22.3870677948,
        "median": 23,
        "min": 0,
        "var": 118.801673889
    },
    "spectral_decrease": {
        "dmean": 2.9569755533e-09,
        "dmean2": 4.50629666915e-09,
        "dvar": 2.96645231809e-17,
        "dvar2": 5.8619841557e-17,
        "max": 1.76966299797e-28,
        "mean": -9.63463353543e-09,
        "median": -7.67042429572e-09,
        "min": -4.90709091139e-08,
        "var": 8.22384420838e-17
    },
    "spectral_energy": {
        "dmean": 0.0113564282656,
        "dmean2": 0.0172504130751,
        "dvar": 0.000416260649217,
        "dvar2": 0.000814419705421,
        "max": 0.189174547791,
        "mean": 0.0385835729539,
        "median": 0.0318040139973,
        "min": 1.03163308357e-20,
        "var": 0.0012183355866
    },
    "spectral_energyband_high": {
        "dmean": 0.000631247297861,
        "dmean2": 0.000990604865365,
        "dvar": 1.15539762646e-06,
        "dvar2": 3.01016052617e-06,
        "max": 0.01813214086,
        "mean": 0.00137489440385,
        "median": 0.000955624855123,
        "min": 7.45155557399e-21,
        "var": 1.94652488972e-06
    },
    "spectral_energyband_low": {
        "dmean": 0.00763778015971,
        "dmean2": 0.0112149361521,
        "dvar": 0.000202912968234,
        "dvar2": 0.000368957204046,
        "max": 0.162938058376,
        "mean": 0.0217845067382,
        "median": 0.0135378204286,
        "min": 4.22449214242e-23,
        "var": 0.000738991308026
    },
    "spectral_energyband_middle_high": {
        "dmean": 0.00214255601168,
        "dmean2": 0.00334943528287,
        "dvar": 9.93678895611e-06,
        "dvar2": 2.3034564947e-05,
        "max": 0.0507139377296,
        "mean": 0.00520856445655,
        "median": 0.00397146260366,
        "min": 1.17026195052e-21,
        "var": 2.52973750321e-05
    },
    "spectral_energyband_middle_low": {
        "dmean": 0.00853714998811,
        "dmean2": 0.0136963957921,
        "dvar": 0.000480684480863,
        "dvar2": 0.00107847899199,
        "max": 0.184923171997,
        "mean": 0.0126234898344,
        "median": 0.00692550605163,
        "min": 1.35539038887e-22,
        "var": 0.00051036674995
    },
    "spectral_entropy": {
        "dmean": 0.164474353194,
        "dmean2": 0.248349964619,
        "dvar": 0.056783746928,
        "dvar2": 0.129505515099,
        "max": 9.81797409058,
        "mean": 7.91926193237,
        "median": 7.99930381775,
        "min": 5.37724208832,
        "var": 0.150738194585
    },
    "spectral_flux": {
        "dmean": 0.0317966639996,
        "dmean2": 0.0492101758718,
        "dvar": 0.00190806575119,
        "dvar2": 0.00402701972052,
        "max": 0.42726624012,
        "mean": 0.0965550392866,
        "median": 0.0768667012453,
        "min": 6.51805692753e-11,
        "var": 0.0049915490672
    },
    "spectral_kurtosis": {
        "dmean": 0.935118257999,
        "dmean2": 1.53112876415,
        "dvar": 2.79834508896,
        "dvar2": 7.92780733109,
        "max": 49.0429458618,
        "mean": 3.73683905602,
        "median": 3.16332960129,
        "min": -1.24104690552,
        "var": 11.4854440689
    },
    "spectral_rms": {
        "dmean": 0.000846238923259,
        "dmean2": 0.00128067820333,
        "dvar": 1.53142877934e-06,
        "dvar2": 2.85080727735e-06,
        "max": 0.0135853057727,
        "mean": 0.00547633320093,
        "median": 0.00557030551136,
        "min": 3.17249308421e-12,
        "var": 7.65213826526e-06
    },
    "spectral_rolloff": {
        "dmean": 761.898742676,
        "dmean2": 1259.24487305,
        "dvar": 1763884.625,
        "dvar2": 4060291.25,
        "max": 19573.6816406,
        "mean": 1740.57189941,
        "median": 1162.79296875,
        "min": 21.533203125,
        "var": 3789774.5
    },
    "spectral_skewness": {
        "dmean": 0.150492280722,
        "dmean2": 0.236826211214,
        "dvar": 0.0278944503516,
        "dvar2": 0.0693208575249,
        "max": 5.15434265137,
        "mean": 1.47756505013,
        "median": 1.43815052509,
        "min": -0.0663775056601,
        "var": 0.163862913847
    },
    "spectral_spread": {
        "dmean": 487673.5,
        "dmean2": 732341.625,
        "dvar": 362380034048,
        "dvar2": 776438153216,
        "max": 42324380,
        "mean": 5531425,
        "median": 5465679.5,
        "min": 1201464.5,
        "var": 2.95375549235e+12
    },
    "spectral_strongpeak": {
        "dmean": 0.36009645462,
        "dmean2": 0.621546208858,
        "dvar": 0.479201167822,
        "dvar2": 1.22041678429,
        "max": 9.8256855011,
        "mean": 0.53711104393,
        "median": 0.278561890125,
        "min": 0,
        "var": 0.621572196484
    },
    "zerocrossingrate": {
        "dmean": 0.0151696456596,
        "dmean2": 0.0183751471341,
        "dvar": 0.000358407531166,
        "dvar2": 0.000501696718857,
        "max": 0.77490234375,
        "mean": 0.0768694356084,
        "median": 0.068359375,
        "min": 0.00244140625,
        "var": 0.00243939622305
    },
    "barkbands": {
        "dmean": [0.0015675391769, 0.0050578918308, 0.0027007018216, 0.00602072477341, 0.00281102233566, 0.000810818106402, 0.000421996228397, 0.00039231358096, 0.000691101828124, 0.000330803799443, 0.000658724748064, 0.000522744376212, 0.000392513466068, 0.000256735947914, 0.000304031855194, 0.000249098724453, 0.000210600890568, 0.000286379392492, 0.000202153256396, 0.000146264093928, 0.000149869534653, 0.000115751492558, 0.000101810597698, 0.000101372352219, 0.000107816602394, 7.6658805483e-05, 1.96117816813e-05],
        "dmean2": [0.00271867588162, 0.00651953183115, 0.00436719413847, 0.0101786367595, 0.00489127216861, 0.00127148942556, 0.000685698585585, 0.000642423401587, 0.00107627117541, 0.000528305361513, 0.00102339650039, 0.000839869782794, 0.000635720964056, 0.0004210062325, 0.000514856132213, 0.000410553591792, 0.000350438611349, 0.000473802705528, 0.000348024710547, 0.000249564240221, 0.000254985265201, 0.000188689460629, 0.000163443924976, 0.000163048287504, 0.000173252061359, 0.000118985073641, 3.14209573844e-05],
        "dvar": [1.45372778206e-05, 0.000134955684189, 8.02957220003e-05, 0.000369490124285, 6.607510295e-05, 2.33306468544e-06, 6.55118924442e-07, 8.73895430686e-07, 9.4293903885e-07, 6.04284252859e-07, 2.36738992498e-06, 2.96995176541e-06, 8.74125021255e-07, 1.79160466018e-07, 3.02185753753e-07, 1.9517256078e-07, 9.92263906596e-08, 2.17161073124e-07, 1.01746884695e-07, 6.07421171139e-08, 6.32378203136e-08, 3.36904939502e-08, 2.76958544987e-08, 3.60276253275e-08, 3.85088725352e-08, 1.62679505422e-08, 1.17458742732e-09],
        "dvar2": [4.06013605243e-05, 0.000190801598364, 0.000197626839508, 0.000896834593732, 0.0001830207475, 5.52939218323e-06, 1.55870554863e-06, 2.10182611227e-06, 2.10532925848e-06, 1.48072513184e-06, 5.00864098285e-06, 6.56274869471e-06, 2.02684532269e-06, 4.44162395752e-07, 7.96222707322e-07, 4.85600423872e-07, 2.55315541153e-07, 5.23408118625e-07, 2.77622518752e-07, 1.66744769103e-07, 1.69810235207e-07, 8.73170833415e-08, 6.91883457193e-08, 9.53709928808e-08, 9.9862141667e-08, 4.21693080455e-08, 2.98268809651e-09],
        "max": [0.042438454926, 0.14434401691, 0.0936865359545, 0.152715981007, 0.118945077062, 0.0576422996819, 0.0151843661442, 0.0214826911688, 0.0166450329125, 0.0179082006216, 0.0358785577118, 0.0413964577019, 0.0234929490834, 0.00829180330038, 0.0134672056884, 0.00881533697248, 0.00684926472604, 0.00782787613571, 0.00411726720631, 0.00788623094559, 0.00497464602813, 0.00319464388303, 0.00220244540833, 0.00200337031856, 0.00237069209106, 0.00137270439882, 0.000388750020647],
        "mean": [0.00204504560679, 0.0131284072995, 0.00428184121847, 0.0056704073213, 0.00316534028389, 0.00137630465906, 0.000595226068981, 0.000508897064719, 0.00114152394235, 0.000468919723062, 0.00102545355912, 0.000749162631109, 0.000588297552895, 0.000395466806367, 0.00041292863898, 0.000384548096918, 0.000352276751073, 0.000462706695544, 0.000329292437527, 0.000268039148068, 0.000258765707258, 0.000232793783653, 0.000202098686714, 0.000174220869667, 0.000188079226064, 0.000149966639583, 2.748330553e-05],
        "median": [0.00037289064494, 0.00476933084428, 0.000617904006504, 0.000740498886444, 0.00125431839842, 0.000635204662103, 0.000242000271101, 0.000193745479919, 0.000604478176683, 0.00023004214745, 0.00035384792136, 0.000303643988445, 0.000299874140183, 0.000232426900766, 0.000237722080783, 0.000233376107644, 0.000240976718487, 0.000271112832706, 0.000246428215178, 0.000194778272999, 0.000179043097887, 0.000150108971866, 0.000125571881654, 9.6244380984e-05, 0.000106280014734, 7.94263323769e-05, 8.0927484305e-06],
        "min": [2.12188082388e-24, 9.57548239066e-24, 2.32704323216e-24, 1.95726349954e-24, 1.29162578372e-23, 9.95160101508e-24, 9.83988411141e-24, 1.17763522514e-23, 2.41292166741e-23, 2.02145638517e-23, 3.3343623229e-23, 4.58135135893e-23, 5.91200193385e-23, 8.17107868535e-23, 6.77926488455e-23, 9.30538998512e-23, 1.07179779646e-22, 7.73309364444e-23, 1.32816231831e-22, 1.97313587794e-22, 2.96416391025e-22, 3.77811690314e-22, 5.24137411271e-22, 6.06376854838e-22, 9.75798271051e-22, 1.57158954655e-21, 2.04413636339e-21],
        "var": [1.30692260427e-05, 0.000433872308349, 8.38657579152e-05, 0.000321414874634, 5.01175018144e-05, 4.86206545247e-06, 9.98008999886e-07, 1.1695832427e-06, 2.18139211938e-06, 8.16905355805e-07, 5.28316695636e-06, 6.17474506726e-06, 2.006943987e-06, 2.95098459446e-07, 3.48768395497e-07, 2.72695046988e-07, 1.54069965674e-07, 3.93735376747e-07, 1.12858529633e-07, 7.37847614118e-08, 7.41692218753e-08, 6.17967685912e-08, 5.21063050485e-08, 5.27536592188e-08, 5.70826053092e-08, 3.16150661206e-08, 1.9053774114e-09]
    },
    "erbbands": {
        "dmean": [0.196721971035, 1.08147287369, 2.95128512383, 11.9322109222, 15.4177827835, 8.00905895233, 5.58902025223, 6.60241603851, 4.90890407562, 8.42449951172, 9.38106632233, 15.7890701294, 11.882142067, 14.0906391144, 23.7717533112, 22.3458175659, 18.5356750488, 11.9905576706, 13.2813367844, 17.1513156891, 13.1557121277, 10.5326557159, 14.0469961166, 12.0019903183, 8.72475719452, 7.16374158859, 6.03636789322, 6.05554056168, 4.37041187286, 3.44738030434, 2.9356200695, 2.30569410324, 1.69340109825, 1.27236247063, 0.739192426205, 0.344219386578, 0.150434240699, 0.0363837517798, 0.0029473118484, 4.64192307845e-05],
        "dmean2": [0.279277920723, 1.38280272484, 4.65428256989, 19.6636238098, 25.0228919983, 13.8504180908, 9.20744132996, 10.4777288437, 8.10389041901, 13.406247139, 15.0401277542, 24.7811088562, 18.963716507, 21.9428787231, 37.1226463318, 35.893032074, 29.9136199951, 19.5071105957, 22.2156105042, 28.6165752411, 21.63189888, 17.4775981903, 23.158082962, 20.3362140656, 15.0305891037, 12.2141189575, 10.1696405411, 10.3475027084, 7.14219903946, 5.57142686844, 4.75322723389, 3.72393107414, 2.72145366669, 2.08061027527, 1.17960190773, 0.538456261158, 0.238893643022, 0.0574112609029, 0.00470812804997, 7.19959934941e-05],
        "dvar": [0.227372050285, 7.32522249222, 97.3743438721, 1257.75268555, 2148.41113281, 428.545654297, 140.398162842, 132.882049561, 105.528465271, 301.648284912, 511.890869141, 511.013946533, 523.026062012, 1056.56640625, 3022.91821289, 6328.18505859, 2018.56469727, 448.750244141, 604.358764648, 861.840698242, 573.665710449, 251.73638916, 484.971069336, 315.212249756, 204.520706177, 137.317489624, 114.712173462, 101.852836609, 49.9001960754, 28.2323150635, 25.1062736511, 17.2904243469, 10.2602624893, 5.82001638412, 1.59898126125, 0.309828817844, 0.0684877559543, 0.00395421218127, 2.78680236079e-05, 5.66121993728e-09],
        "dvar2": [0.352229088545, 10.4323863983, 240.993087769, 2996.70727539, 5234.69775391, 1209.81652832, 368.706939697, 315.885467529, 266.354003906, 719.238647461, 1226.34436035, 1183.78930664, 1326.27722168, 2439.6796875, 7298.29394531, 13765.0351562, 4487.77832031, 1121.90686035, 1602.75598145, 2158.08007812, 1443.97888184, 651.420776367, 1207.56921387, 847.216430664, 572.715393066, 375.660736084, 309.487060547, 278.695556641, 130.459472656, 72.075378418, 62.0477752686, 45.7830276489, 26.4604892731, 15.2651100159, 4.0628027916, 0.769181549549, 0.186862140894, 0.0101493773982, 6.91032910254e-05, 1.36198696765e-08],
        "max": [5.59993171692, 34.1596832275, 115.450164795, 277.396453857, 617.316589355, 241.75630188, 480.708892822, 227.739624023, 193.294219971, 286.424133301, 596.766479492, 486.576660156, 510.524658203, 757.466308594, 1197.64880371, 2027.05932617, 1278.54162598, 449.671447754, 411.769165039, 948.294616699, 526.164245605, 306.069458008, 334.316101074, 207.251052856, 145.912033081, 338.418487549, 313.349029541, 150.473815918, 126.157897949, 85.8180389404, 65.8238296509, 51.8760147095, 36.2793045044, 31.6831436157, 13.6215057373, 6.97358989716, 2.45249700546, 0.756298422813, 0.0561483874917, 0.000846955925226],
        "mean": [0.496559053659, 2.45616292953, 4.97033119202, 12.9186220169, 15.8181753159, 9.36552619934, 8.95353317261, 10.9357461929, 6.77202749252, 11.9054327011, 13.8689851761, 25.3687744141, 19.1428203583, 22.762336731, 37.9205360413, 34.1494178772, 29.2705764771, 19.8545742035, 19.3578414917, 24.9455051422, 21.3189411163, 18.9954891205, 23.7755222321, 20.8909072876, 14.8019151688, 12.9735126495, 10.8508653641, 10.0335817337, 8.51010704041, 6.94761896133, 5.55629968643, 3.92022442818, 2.85948896408, 2.07168245316, 1.33507025242, 0.682515501976, 0.274153292179, 0.0624490007758, 0.004105607979, 0.000114925845992],
        "median": [0.171448454261, 0.656520426273, 0.91801995039, 2.28631210327, 3.92407894135, 3.863925457, 4.72083568573, 5.00365257263, 3.18225097656, 4.39451599121, 7.26748371124, 14.3315162659, 9.34406280518, 10.6028118134, 15.7626647949, 15.0604896545, 15.3537998199, 12.0309410095, 11.2431974411, 14.8442115784, 13.1808204651, 13.5810508728, 14.9789590836, 14.8673000336, 10.9901599884, 9.42207717896, 7.71331119537, 6.58976888657, 5.42497348785, 4.43402242661, 3.33323907852, 2.21761584282, 1.48250281811, 1.13856840134, 0.762133359909, 0.376095116138, 0.136003270745, 0.029479034245, 0.00120208831504, 8.26157920528e-05],
        "min": [1.84244775302e-22, 1.9207010635e-21, 4.72878557461e-21, 2.12420126706e-20, 2.47614351481e-20, 5.25088275176e-20, 6.05790051377e-20, 9.45861578785e-20, 1.367374272e-19, 2.80459283149e-19, 4.16684969894e-19, 4.82465913571e-19, 7.86918009827e-19, 1.38120385296e-18, 1.38070103055e-18, 1.8767996044e-18, 2.75798291004e-18, 3.67007051054e-18, 3.08195067849e-18, 4.39303587849e-18, 3.82814017611e-18, 5.98792778064e-18, 5.35075096838e-18, 6.39617946324e-18, 1.0753919545e-17, 1.01877566019e-17, 1.21303298863e-17, 1.03836263535e-17, 1.16787786074e-17, 1.14944430622e-17, 1.67936507523e-17, 1.32311054495e-17, 1.01678091414e-17, 1.0989091129e-17, 7.59078584567e-18, 5.43344338703e-18, 2.88837345795e-18, 1.03922019417e-18, 2.64751666154e-19, 3.0122521945e-20],
        "var": [0.590928316116, 20.3616867065, 106.52230072, 1161.11975098, 2005.37072754, 328.415618896, 204.59085083, 275.665496826, 135.697479248, 471.639862061, 718.734130859, 1010.47851562, 863.903076172, 1747.1895752, 5704.0234375, 13708.9990234, 5320.14648438, 718.849914551, 738.646789551, 1231.82849121, 782.912475586, 394.2550354, 851.30480957, 450.681976318, 214.39289856, 170.94619751, 132.439819336, 120.328872681, 84.5610427856, 55.9220085144, 43.9905166626, 24.708360672, 15.6161270142, 7.61275100708, 2.71590065956, 0.664187431335, 0.115296669304, 0.00683848978952, 4.48763094028e-05, 1.31507036372e-08]
    },
    "gfcc": {
        "mean": [15.9567546844, 56.8474807739, -104.451385498, 31.6561069489, -46.2545928955, 22.0260334015, -28.9909114838, 13.9254560471, -27.0224208832, 4.83706140518, -19.1574954987, 6.69998884201, -13.3748216629],
        "cov": [[17778.6875, -1582.73828125, 706.381591797, 823.973999023, -29.9943237305, 316.895629883, -858.477294922, 20.7956066132, -551.817016602, 170.024353027, -479.525756836, 219.74659729, -436.364013672], [-1582.73828125, 1962.55969238, 57.7011642456, 25.2910804749, 40.1926460266, -173.795806885, 207.142349243, -13.5203170776, 133.913131714, -125.131111145, 159.077850342, -46.7996444702, 124.500526428], [706.381591797, 57.7011642456, 770.636901855, 218.282867432, 173.625823975, 64.6154098511, 17.5912723541, 61.2374267578, -20.2380409241, 1.47565186024, -48.6881866455, 7.1874961853, -80.0898284912], [823.973999023, 25.2910804749, 218.282867432, 407.02923584, 122.577484131, 87.6487884521, -28.9318351746, -28.5854701996, -19.7986450195, -10.0191545486, -24.1617774963, -38.2541122437, -36.9697799683], [-29.9943237305, 40.1926460266, 173.625823975, 122.577484131, 356.208374023, 143.613235474, 132.632202148, 43.866569519, 42.2447471619, 0.132081151009, -1.3896818161, -7.49167633057, -25.51679039], [316.895629883, -173.795806885, 64.6154098511, 87.6487884521, 143.613235474, 211.888916016, 93.3500747681, 67.0201034546, 8.78111457825, 19.974691391, -13.2983160019, 10.081404686, -19.6959190369], [-858.477294922, 207.142349243, 17.5912723541, -28.9318351746, 132.632202148, 93.3500747681, 277.258361816, 134.583847046, 114.027397156, 9.86696147919, 55.2647628784, 18.3751506805, 30.7043533325], [20.7956066132, -13.5203170776, 61.2374267578, -28.5854701996, 43.866569519, 67.0201034546, 134.583847046, 200.058685303, 96.9000778198, 55.5236930847, 19.3264026642, 46.1554946899, 8.79911518097], [-551.817016602, 133.913131714, -20.2380409241, -19.7986450195, 42.2447471619, 8.78111457825, 114.027397156, 96.9000778198, 149.14654541, 65.427734375, 56.9896888733, 17.6729297638, 36.5661964417], [170.024353027, -125.131111145, 1.47565186024, -10.0191545486, 0.132081151009, 19.974691391, 9.86696147919, 55.5236930847, 65.427734375, 134.321487427, 53.5988006592, 48.0603942871, 25.5525875092], [-479.525756836, 159.077850342, -48.6881866455, -24.1617774963, -1.3896818161, -13.2983160019, 55.2647628784, 19.3264026642, 56.9896888733, 53.5988006592, 114.88494873, 51.9709281921, 57.8083381653], [219.74659729, -46.7996444702, 7.1874961853, -38.2541122437, -7.49167633057, 10.081404686, 18.3751506805, 46.1554946899, 17.6729297638, 48.0603942871, 51.9709281921, 105.571784973, 46.0004653931], [-436.364013672, 124.500526428, -80.0898284912, -36.9697799683, -25.51679039, -19.6959190369, 30.7043533325, 8.79911518097, 36.5661964417, 25.5525875092, 57.8083381653, 46.0004653931, 103.26109314]],
        "icov": [[0.000126520200865, -9.37569202506e-05, 8.8783162937e-05, -0.000247084419243, -2.38742131842e-06, -0.000110131259135, 0.000310684787109, -0.000222917922656, 0.000367595697753, -0.000442962365923, 0.000628124631476, -0.000727104197722, 0.00048482164857], [-9.37569202506e-05, 0.00108206586447, -0.000365874584531, 1.1536016018e-06, -7.34102795832e-05, 0.000960098288488, -0.00065477960743, 0.000122247991385, -0.000888312468305, 0.00197883765213, -0.00217584776692, 0.00153953197878, -0.00127776712179], [8.8783162937e-05, -0.000365874584531, 0.00211247941479, -0.00112729426473, -0.000815725536086, 0.000631666916888, 0.000120997028716, -0.00106920686085, 0.00128403725103, -0.00115576467942, 0.00152946321759, -0.00179760530591, 0.00180107064079], [-0.000247084419243, 1.1536016018e-06, -0.00112729426473, 0.00429052254185, -0.000577032216825, -0.00189992238302, 0.00112379074562, 0.000957656477112, -0.00148120825179, 0.00117932702415, -0.00206346530467, 0.00293214828707, -0.00122283631936], [-2.38742131842e-06, -7.34102795832e-05, -0.000815725536086, -0.000577032216825, 0.00528153823689, -0.00269503169693, -0.00209628953598, 0.00215666927397, -0.00175534083974, 0.000227213109611, 0.000579970655963, -0.000659707817249, 0.00100433721673], [-0.000110131259135, 0.000960098288488, 0.000631666916888, -0.00189992238302, -0.00269503169693, 0.0105312988162, -0.00414613913745, -0.00203005946241, 0.00377405202016, -0.00164413731545, 0.000564935966395, 0.000384120678063, -0.000481651630253], [0.000310684787109, -0.00065477960743, 0.000120997028716, 0.00112379074562, -0.00209628953598, -0.00414613913745, 0.0121085541323, -0.00534930080175, -0.00361524499021, 0.0039217309095, -0.00314432801679, 0.000266006594757, 9.6624084108e-05], [-0.000222917922656, 0.000122247991385, -0.00106920686085, 0.000957656477112, 0.00215666927397, -0.00203005946241, -0.00534930080175, 0.0137527463958, -0.00715489406139, -0.00130274880212, 0.00420364923775, -0.00478175794706, 0.00162145926151], [0.000367595697753, -0.000888312468305, 0.00128403725103, -0.00148120825179, -0.00175534083974, 0.00377405202016, -0.00361524499021, -0.00715489406139, 0.0207649935037, -0.00963151454926, -0.000255217251834, 0.00300483382307, -0.00110471667722], [-0.000442962365923, 0.00197883765213, -0.00115576467942, 0.00117932702415, 0.000227213109611, -0.00164413731545, 0.0039217309095, -0.00130274880212, -0.00963151454926, 0.0192300975323, -0.0103696612641, 0.00126538833138, -0.00215092999861], [0.000628124631476, -0.00217584776692, 0.00152946321759, -0.00206346530467, 0.000579970655963, 0.000564935966395, -0.00314432801679, 0.00420364923775, -0.000255217251834, -0.0103696612641, 0.0259308815002, -0.0125530902296, 0.000284779962385], [-0.000727104197722, 0.00153953197878, -0.00179760530591, 0.00293214828707, -0.000659707817249, 0.000384120678063, 0.000266006594757, -0.00478175794706, 0.00300483382307, 0.00126538833138, -0.0125530902296, 0.0243779867887, -0.0102441171184], [0.00048482164857, -0.00127776712179, 0.00180107064079, -0.00122283631936, 0.00100433721673, -0.000481651630253, 9.6624084108e-05, 0.00162145926151, -0.00110471667722, -0.00215092999861, 0.000284779962385, -0.0102441171184, 0.0195496305823]]
    },
    "melbands": {
        "dmean": [0.00155435630586, 0.00137361884117, 0.0021838392131, 0.000786444812547, 0.000212016268051, 0.000148949751747, 7.63451098464e-05, 8.91715826583e-05, 8.76913836692e-05, 9.65875151451e-05, 5.94920020376e-05, 5.44938884559e-05, 9.62227932177e-05, 5.59515538043e-05, 5.55478945898e-05, 3.34651267622e-05, 2.29809738812e-05, 2.282017158e-05, 2.27422169701e-05, 1.98265242943e-05, 1.70534603967e-05, 1.20672075354e-05, 1.07256000774e-05, 1.76168741746e-05, 9.741114809e-06, 7.57267889639e-06, 5.53380323254e-06, 4.93327434015e-06, 4.07687412007e-06, 4.13404632127e-06, 3.4725835576e-06, 2.81473808172e-06, 2.19239518628e-06, 1.9636045181e-06, 1.77578033345e-06, 1.68140024925e-06, 1.37749600526e-06, 1.29193938392e-06, 1.05659364635e-06, 1.1444149095e-06],
        "dmean2": [0.00213829800487, 0.00196401122957, 0.00355907878838, 0.00130118487868, 0.000354486634023, 0.000234743230976, 0.000125150734675, 0.000142133430927, 0.000140041433042, 0.000151225016452, 9.50571920839e-05, 8.5420339019e-05, 0.000149011437315, 9.0100656962e-05, 9.0197827376e-05, 5.42975794815e-05, 3.75804884243e-05, 3.81727550121e-05, 3.84887098335e-05, 3.27936322719e-05, 2.83123608824e-05, 2.01535185624e-05, 1.79465005203e-05, 2.89906911348e-05, 1.66507907124e-05, 1.30432781589e-05, 9.54697134148e-06, 8.42390272737e-06, 6.92451294526e-06, 7.05065440343e-06, 5.95230221734e-06, 4.64846289105e-06, 3.58434886039e-06, 3.20264803122e-06, 2.90728735308e-06, 2.74253761745e-06, 2.24981818064e-06, 2.11635324376e-06, 1.70460589288e-06, 1.90566890979e-06],
        "dvar": [1.26555805764e-05, 1.57553713507e-05, 4.22228295065e-05, 4.79029813505e-06, 1.90546586509e-07, 6.86815866402e-08, 2.31084609226e-08, 3.17533661587e-08, 3.43201627118e-08, 1.86802395774e-08, 1.36047306754e-08, 1.7416928344e-08, 5.32712824963e-08, 3.49877495864e-08, 1.97805629654e-08, 8.09223354992e-09, 1.62212965282e-09, 1.73412495474e-09, 1.73426872863e-09, 1.17692755541e-09, 1.00539621073e-09, 3.61281615735e-10, 2.51707016341e-10, 1.05066766398e-09, 2.05935046793e-10, 1.5552054089e-10, 7.05615704755e-11, 6.87501722219e-11, 5.9178779932e-11, 5.07826315721e-11, 3.12355002974e-11, 2.03397056142e-11, 1.13408275826e-11, 8.98938735949e-12, 8.7797148024e-12, 9.01526596431e-12, 6.07495694374e-12, 6.38314227863e-12, 3.58096451797e-12, 4.77657496889e-12],
        "dvar2": [1.90126647794e-05, 3.37961064361e-05, 9.7902448033e-05, 1.23371783047e-05, 5.21008303167e-07, 1.61752424788e-07, 5.75502951961e-08, 7.55645928052e-08, 8.18479364284e-08, 4.28226627491e-08, 3.44951445186e-08, 4.11219680529e-08, 1.16825091823e-07, 7.55348423809e-08, 4.60700881888e-08, 2.04274428484e-08, 3.94234644929e-09, 4.56182025488e-09, 4.63500571257e-09, 2.86305978925e-09, 2.53642862269e-09, 9.49481271384e-10, 6.68497313061e-10, 2.45086906325e-09, 5.60732571486e-10, 4.30948193797e-10, 1.94364274675e-10, 1.8938171864e-10, 1.63097049755e-10, 1.35867428419e-10, 8.67767455115e-11, 5.3209641554e-11, 2.96644445119e-11, 2.3369563229e-11, 2.22296608204e-11, 2.31228074882e-11, 1.62290059863e-11, 1.69911619496e-11, 8.93346421144e-12, 1.2736403078e-11],
        "max": [0.0410149767995, 0.0504572317004, 0.051024723798, 0.0293030347675, 0.0125934602693, 0.00666476460174, 0.00308299460448, 0.00278865662403, 0.00466206483543, 0.00267671770416, 0.00262655713595, 0.00305725983344, 0.00557092670351, 0.00515007693321, 0.00327148311771, 0.00252770725638, 0.00100253906567, 0.000865612586495, 0.000945038278587, 0.000780713919085, 0.000606352346949, 0.000429858220741, 0.000333688629325, 0.000586083566304, 0.000197206871235, 0.00014796454343, 0.000118360330816, 0.000251463789027, 0.000271089666057, 0.000129778520204, 7.13456320227e-05, 7.60736656957e-05, 5.07749246026e-05, 4.81494425912e-05, 4.66130986752e-05, 4.7621626436e-05, 2.51182591455e-05, 2.87489310722e-05, 2.00845479412e-05, 2.97897822747e-05],
        "mean": [0.00403205025941, 0.00284430966713, 0.00241956161335, 0.000877536716871, 0.000331815215759, 0.000251228688285, 0.000105737555714, 0.000124416386825, 0.000128835614305, 0.000157919479534, 9.16759090615e-05, 8.41443252284e-05, 0.000150670137373, 8.19517226773e-05, 8.15094535938e-05, 5.07978438691e-05, 3.5758017475e-05, 3.14899989462e-05, 3.11098301609e-05, 2.89986946882e-05, 2.52893732977e-05, 1.9835681087e-05, 1.74486867763e-05, 2.66168608505e-05, 1.56966580107e-05, 1.16954033729e-05, 9.27872861212e-06, 8.40908705868e-06, 6.79897038935e-06, 6.39641393718e-06, 5.55151973458e-06, 5.00726855535e-06, 4.15557451561e-06, 3.73304874302e-06, 3.25689416059e-06, 2.77817684946e-06, 2.23572715186e-06, 2.06232948585e-06, 1.74894955762e-06, 1.75373759248e-06],
        "median": [0.00165307079442, 0.000666640815325, 0.000476881250506, 0.000297418970149, 0.000180079936399, 0.000115859453217, 4.72658866784e-05, 4.60890805698e-05, 6.76745912642e-05, 8.69672512636e-05, 4.09999920521e-05, 3.8751255488e-05, 5.28269629285e-05, 3.34852011292e-05, 3.94972776121e-05, 2.75482489087e-05, 2.07310476981e-05, 1.74813321792e-05, 1.75969271368e-05, 1.74970009539e-05, 1.47820155689e-05, 1.34155652631e-05, 1.26185295812e-05, 1.29361405925e-05, 1.12775142043e-05, 8.21230605652e-06, 6.89362605044e-06, 5.81715357839e-06, 4.62024399894e-06, 4.15239628637e-06, 3.58082934326e-06, 3.03348724628e-06, 2.66988945441e-06, 2.33890523305e-06, 1.96986388801e-06, 1.52606594384e-06, 1.23766653815e-06, 1.03362856407e-06, 9.27192672862e-07, 9.38471089285e-07],
        "min": [3.06513817711e-24, 2.88307578551e-24, 3.13660522804e-24, 2.92032047264e-24, 2.60104203746e-24, 2.15127831716e-24, 2.12579041852e-24, 2.16802563696e-24, 2.77736605762e-24, 3.34893542372e-24, 3.47849083904e-24, 5.31891871371e-24, 4.40243194694e-24, 5.19318809048e-24, 2.79713747571e-24, 3.89190325718e-24, 7.6448005454e-24, 4.08794110859e-24, 4.99525066202e-24, 6.49566370932e-24, 2.87983198946e-24, 5.37045105234e-24, 5.92770988997e-24, 3.65302631432e-24, 5.28157443289e-24, 4.75161373246e-24, 6.50883650315e-24, 6.22362778717e-24, 6.31201570729e-24, 5.58996145998e-24, 5.77024970341e-24, 6.00041328315e-24, 7.84657144343e-24, 4.77603213292e-24, 8.8307117103e-24, 8.09336578877e-24, 7.18459960368e-24, 6.49705644325e-24, 7.60025278122e-24, 7.83332252453e-24],
        "var": [3.76468597096e-05, 2.70738783001e-05, 4.0762086428e-05, 4.20947526436e-06, 2.35427279449e-07, 1.46882342733e-07, 3.10269783199e-08, 4.91131579849e-08, 5.11909519219e-08, 3.96544663772e-08, 2.18123812346e-08, 2.61129855517e-08, 1.14909290971e-07, 7.80972087e-08, 3.56155958059e-08, 1.42331533226e-08, 2.56105137098e-09, 2.20376428217e-09, 1.97772198618e-09, 1.71336123067e-09, 1.29905053381e-09, 5.06587605198e-10, 3.51148138344e-10, 1.96963712007e-09, 2.5935908976e-10, 1.57191620831e-10, 8.47532530268e-11, 8.27035592788e-11, 6.27953036791e-11, 5.41196878978e-11, 3.93708503299e-11, 3.21978867179e-11, 2.08477228536e-11, 1.67994663319e-11, 1.48766381158e-11, 1.30096497811e-11, 8.40350185272e-12, 8.96935043598e-12, 5.53810860018e-12, 5.72090855591e-12]
    },
    "mfcc": {
        "mean": [-626.972961426, 92.7381515503, 2.17032694817, 20.5586585999, 7.22976064682, 11.5123615265, 8.65066242218, 10.2879991531, 2.99156928062, 1.54853451252, 0.907676517963, -0.0524986460805, -0.808461785316],
        "cov": [[9415.48144531, 427.485107422, 90.7745437622, 225.680740356, 257.735961914, 55.168182373, -39.4131202698, -13.545419693, -91.8607788086, -112.044876099, -35.1189498901, -123.578697205, -85.9956359863], [427.485107422, 1238.86755371, 163.301834106, 154.57069397, -63.9226570129, -71.2164840698, -12.4010267258, 57.1869773865, -27.7369613647, -27.2092990875, 4.29149723053, -13.8997535706, 7.47398090363], [90.7745437622, 163.301834106, 506.505950928, 198.882492065, 97.1199569702, 16.1268100739, 34.8909187317, 38.4326095581, 11.2329216003, 8.17553138733, 13.5957956314, 1.4882837534, 4.21426582336], [225.680740356, 154.57069397, 198.882492065, 273.372741699, 129.336807251, 73.2989196777, 30.4004840851, 25.5814971924, 3.64106154442, 16.0547962189, 8.81663417816, -1.53883826733, -7.02039241791], [257.735961914, -63.9226570129, 97.1199569702, 129.336807251, 230.625244141, 127.107124329, 64.3575134277, 30.5953140259, 20.9117660522, 15.8320140839, 11.4623308182, 4.04572153091, -6.39307117462], [55.168182373, -71.2164840698, 16.1268100739, 73.2989196777, 127.107124329, 188.726318359, 93.5708389282, 42.7616920471, 23.5602912903, 20.3915309906, 14.214887619, 13.2519931793, -1.72925007343], [-39.4131202698, -12.4010267258, 34.8909187317, 30.4004840851, 64.3575134277, 93.5708389282, 148.721862793, 100.34475708, 56.0613822937, 33.4857139587, 29.0328426361, 26.7669124603, 13.8759460449], [-13.545419693, 57.1869773865, 38.4326095581, 25.5814971924, 30.5953140259, 42.7616920471, 100.34475708, 175.605773926, 91.392074585, 46.0631408691, 47.8080673218, 22.0336227417, 19.2864017487], [-91.8607788086, -27.7369613647, 11.2329216003, 3.64106154442, 20.9117660522, 23.5602912903, 56.0613822937, 91.392074585, 126.651390076, 77.0535736084, 46.749710083, 32.5647659302, 30.6817855835], [-112.044876099, -27.2092990875, 8.17553138733, 16.0547962189, 15.8320140839, 20.3915309906, 33.4857139587, 46.0631408691, 77.0535736084, 102.35295105, 58.2560920715, 36.2737731934, 25.7318382263], [-35.1189498901, 4.29149723053, 13.5957956314, 8.81663417816, 11.4623308182, 14.214887619, 29.0328426361, 47.8080673218, 46.749710083, 58.2560920715, 95.1701812744, 56.7874031067, 29.7805042267], [-123.578697205, -13.8997535706, 1.4882837534, -1.53883826733, 4.04572153091, 13.2519931793, 26.7669124603, 22.0336227417, 32.5647659302, 36.2737731934, 56.7874031067, 83.5153579712, 45.848991394], [-85.9956359863, 7.47398090363, 4.21426582336, -7.02039241791, -6.39307117462, -1.72925007343, 13.8759460449, 19.2864017487, 30.6817855835, 25.7318382263, 29.7805042267, 45.848991394, 71.1744384766]],
