{
"lowlevel": {
    "average_loudness": 0.857006430626,
    "barkbands_crest": {
        "dmean": 2.95168447495,
        "dmean2": 4.58933925629,
        "dvar": 11.4073343277,
        "dvar2": 27.0330677032,
        "max": 26.4551715851,
        "mean": 11.8021707535,
        "median": 10.7092990875,
        "min": 1.88430726528,
        "var": 36.1292877197
    },
    "barkbands_flatness_db": {
        "dmean": 0.0273417849094,
        "dmean2": 0.0418385006487,
        "dvar": 0.00115764583461,
        "dvar2": 0.00264728744514,
        "max": 0.512435555458,
        "mean": 0.11874627322,
        "median": 0.107759043574,
        "min": 0.00885864906013,
        "var": 0.0049561704509
    },
    "barkbands_kurtosis": {
        "dmean": 6.34106349945,
        "dmean2": 10.1037101746,
        "dvar": 442.3387146,
        "dvar2": 1019.21655273,
        "max": 527.677612305,
        "mean": 7.63084125519,
        "median": 1.27362179756,
        "min": -1.83991837502,
        "var": 613.877807617
    },
    "barkbands_skewness": {
        "dmean": 0.772163748741,
        "dmean2": 1.19532060623,
        "dvar": 1.5276747942,
        "dvar2": 3.27229142189,
        "max": 19.9284267426,
        "mean": 1.88618254662,
        "median": 1.41157031059,
        "min": -2.35984015465,
        "var": 3.96790647507
    },
    "barkbands_spread": {
        "dmean": 7.42269992828,
        "dmean2": 11.7216959,
        "dvar": 84.8993377686,
        "dvar2": 207.387130737,
        "max": 100.590377808,
        "mean": 28.9890003204,
        "median": 26.8536643982,
        "min": 0.279768079519,
        "var": 240.342422485
    },
    "dissonance": {
        "dmean": 0.012513124384,
        "dmean2": 0.0210682880133,
        "dvar": 0.000164121505804,
        "dvar2": 0.000443885364803,
        "max": 0.500000119209,
        "mean": 0.474694728851,
        "median": 0.480497926474,
        "min": 0.148048087955,
        "var": 0.000746053061448
    },
    "dynamic_complexity": 3.37884688377,
    "erbbands_crest": {
        "dmean": 2.41652417183,
        "dmean2": 3.97253036499,
        "dvar": 8.50215911865,
        "dvar2": 22.7960987091,
        "max": 28.5844535828,
        "mean": 7.56497955322,
        "median": 6.29033517838,
        "min": 2.12903666496,
        "var": 18.4448509216
    },
    "erbbands_flatness_db": {
        "dmean": 0.0143361389637,
        "dmean2": 0.0213468093425,
        "dvar": 0.000259375170572,
        "dvar2": 0.000524126226082,
        "max": 0.497771441936,
        "mean": 0.126256838441,
        "median": 0.104021206498,
        "min": 0.0502597801387,
        "var": 0.00403572618961
    },
    "erbbands_kurtosis": {
        "dmean": 0.728734374046,
        "dmean2": 1.196382761,
        "dvar": 5.32699203491,
        "dvar2": 12.3330364227,
        "max": 97.8470687866,
        "mean": -0.0769209936261,
        "median": -0.531547307968,
        "min": -1.82764029503,
        "var": 8.72888946533
    },
    "erbbands_skewness": {
        "dmean": 0.334697246552,
        "dmean2": 0.536484241486,
        "dvar": 0.224259957671,
        "dvar2": 0.564568758011,
        "max": 8.2393579483,
        "mean": 0.0962052419782,
        "median": 0.0308124739677,
        "min": -2.38415884972,
        "var": 0.478674799204
    },
    "erbbands_spread": {
        "dmean": 8.48003768921,
        "dmean2": 13.0143642426,
        "dvar": 114.772422791,
        "dvar2": 266.133850098,
        "max": 160.306884766,
        "mean": 46.9918708801,
        "median": 46.0825920105,
        "min": 1.42591011524,
        "var": 380.778900146
    },
    "hfc": {
        "dmean": 7.73421001434,
        "dmean2": 12.905207634,
        "dvar": 155.136611938,
        "dvar2": 444.56930542,
        "max": 153.472717285,
        "mean": 29.1412773132,
        "median": 29.3506240845,
        "min": 1.12267612949e-16,
        "var": 414.64276123
    },
    "melbands_crest": {
        "dmean": 3.48478150368,
        "dmean2": 5.47112703323,
        "dvar": 16.2816257477,
        "dvar2": 38.7047042847,
        "max": 38.4222717285,
        "mean": 16.8568592072,
        "median": 15.7846164703,
        "min": 1.94064688683,
        "var": 66.0624084473
    },
    "melbands_flatness_db": {
        "dmean": 0.0343096107244,
        "dmean2": 0.0532841235399,
        "dvar": 0.00196910486557,
        "dvar2": 0.00463499641046,
        "max": 0.611798286438,
        "mean": 0.184473380446,
        "median": 0.179129779339,
        "min": 0.00363773480058,
        "var": 0.00719293532893
    },
    "melbands_kurtosis": {
        "dmean": 20.1577529907,
        "dmean2": 31.9776344299,
        "dvar": 3228.49584961,
        "dvar2": 7196.39941406,
        "max": 858.919799805,
        "mean": 30.6910552979,
        "median": 9.16287231445,
        "min": -1.55372083187,
        "var": 6038.74853516
    },
    "melbands_skewness": {
        "dmean": 1.1706520319,
        "dmean2": 1.8036621809,
        "dvar": 3.35139322281,
        "dvar2": 7.41410732269,
        "max": 26.4430904388,
        "mean": 3.60154247284,
        "median": 2.7751955986,
        "min": -1.28644657135,
        "var": 10.0186166763
    },
    "melbands_spread": {
        "dmean": 9.39873790741,
        "dmean2": 15.4346466064,
        "dvar": 186.797927856,
        "dvar2": 468.862854004,
        "max": 187.782974243,
        "mean": 26.779548645,
        "median": 22.5933914185,
        "min": 0.358111798763,
        "var": 397.227264404
    },
    "pitch_salience": {
        "dmean": 0.0854940712452,
        "dmean2": 0.135134369135,
        "dvar": 0.00946271326393,
        "dvar2": 0.0227395948023,
        "max": 0.892842590809,
        "mean": 0.482411205769,
        "median": 0.496047973633,
        "min": 0.0304511971772,
        "var": 0.0274888314307
    },
    "silence_rate_20dB": {
        "dmean": 0,
        "dmean2": 0,
        "dvar": 0,
        "dvar2": 0,
        "max": 1,
        "mean": 1,
        "median": 1,
        "min": 1,
        "var": 0
    },
    "silence_rate_30dB": {
        "dmean": 0.0303925704211,
        "dmean2": 0.0607902742922,
        "dvar": 0.0294703077525,
        "dvar2": 0.0596315450966,
        "max": 1,
        "mean": 0.905875384808,
        "median": 1,
        "min": 0,
        "var": 0.0852601528168
    },
    "silence_rate_60dB": {
        "dmean": 0.0119881806895,
        "dmean2": 0.0239783860743,
        "dvar": 0.0118447644636,
        "dvar2": 0.0255978032947,
        "max": 1,
        "mean": 0.0691372603178,
        "median": 0,
        "min": 0,
        "var": 0.0643618777394
    },
    "spectral_centroid": {
        "dmean": 308.033752441,
        "dmean2": 495.015014648,
        "dvar": 165211.71875,
        "dvar2": 383948.90625,
        "max": 11804.4248047,
        "mean": 1775.39453125,
        "median": 1805.48803711,
        "min": 152.173065186,
        "var": 520032
    },
    "spectral_complexity": {
        "dmean": 5.36209392548,
        "dmean2": 8.80732822418,
        "dvar": 41.4994239807,
        "dvar2": 105.060829163,
        "max": 58,
        "mean": 23.1385269165,
        "median": 24,
        "min": 0,
        "var": 136.428421021
    },
    "spectral_decrease": {
        "dmean": 3.53677531706e-09,
        "dmean2": 5.56608359403e-09,
        "dvar": 3.25085620328e-17,
        "dvar2": 7.24548608184e-17,
        "max": 6.83931065914e-29,
        "mean": -1.06771524955e-08,
        "median": -7.50459427934e-09,
        "min": -5.35151336578e-08,
        "var": 1.07237322503e-16
    },
    "spectral_energy": {
        "dmean": 0.0134832365438,
        "dmean2": 0.0211919415742,
        "dvar": 0.000459909671918,
        "dvar2": 0.00102146179415,
        "max": 0.206444844604,
        "mean": 0.04294122383,
        "median": 0.0319846570492,
        "min": 1.03376218507e-20,
        "var": 0.00158706423827
    },
    "spectral_energyband_high": {
        "dmean": 0.000713916495442,
        "dmean2": 0.00120682828128,
        "dvar": 1.47893706526e-06,
        "dvar2": 4.24983727498e-06,
        "max": 0.0121183125302,
        "mean": 0.00189527112525,
        "median": 0.00183243537322,
        "min": 7.22201860856e-21,
        "var": 3.01567570204e-06
    },
    "spectral_energyband_low": {
        "dmean": 0.0107961250469,
        "dmean2": 0.0165970399976,
        "dvar": 0.000411421700846,
        "dvar2": 0.000872083008289,
        "max": 0.186344772577,
        "mean": 0.0260006617755,
        "median": 0.0107073169202,
        "min": 5.87904080088e-23,
        "var": 0.00132260634564
    },
    "spectral_energyband_middle_high": {
        "dmean": 0.0017155247042,
        "dmean2": 0.00284902239218,
        "dvar": 7.60111561249e-06,
        "dvar2": 2.16515782085e-05,
        "max": 0.031262382865,
        "mean": 0.00479501392692,
        "median": 0.00432346388698,
        "min": 1.46260991449e-21,
        "var": 1.22277688206e-05
    },
    "spectral_energyband_middle_low": {
        "dmean": 0.00664715096354,
        "dmean2": 0.0112664140761,
        "dvar": 0.000300238199998,
        "dvar2": 0.000816124491394,
        "max": 0.139484792948,
        "mean": 0.011436146684,
        "median": 0.0069394223392,
        "min": 1.56344860299e-22,
        "var": 0.000271860597422
    },
    "spectral_entropy": {
        "dmean": 0.164611950517,
        "dmean2": 0.253622710705,
        "dvar": 0.0508731715381,
        "dvar2": 0.123675778508,
        "max": 9.80443763733,
        "mean": 7.85035610199,
        "median": 8.03842735291,
        "min": 3.79515576363,
        "var": 0.313670277596
    },
    "spectral_flux": {
        "dmean": 0.0339984558523,
        "dmean2": 0.0486953817308,
        "dvar": 0.002023602603,
        "dvar2": 0.00339852203615,
        "max": 0.483724921942,
        "mean": 0.0943688452244,
        "median": 0.0754183679819,
        "min": 6.56816198652e-11,
        "var": 0.00570130581036
    },
    "spectral_kurtosis": {
        "dmean": 1.13203907013,
        "dmean2": 1.86075675488,
        "dvar": 6.38703680038,
        "dvar2": 15.8749923706,
        "max": 134.117172241,
        "mean": 3.99050211906,
        "median": 2.78766179085,
        "min": -1.20942473412,
        "var": 46.4322814941
    },
    "spectral_rms": {
        "dmean": 0.000951012072619,
        "dmean2": 0.00149594026152,
        "dvar": 1.76857486167e-06,
        "dvar2": 3.91742651118e-06,
        "max": 0.0141918854788,
        "mean": 0.00573251023889,
        "median": 0.00558610260487,
        "min": 3.17576520636e-12,
        "var": 9.03215186554e-06
    },
    "spectral_rolloff": {
        "dmean": 771.765869141,
        "dmean2": 1308.34460449,
        "dvar": 1418212.125,
        "dvar2": 3475252.75,
        "max": 19143.0175781,
        "mean": 1867.62719727,
        "median": 1464.2578125,
        "min": 43.06640625,
        "var": 3774804.25
    },
    "spectral_skewness": {
        "dmean": 0.15836776793,
        "dmean2": 0.26011544466,
        "dvar": 0.0401905141771,
        "dvar2": 0.103614374995,
        "max": 9.97442436218,
        "mean": 1.43881917,
        "median": 1.36770629883,
        "min": -0.0918584540486,
        "var": 0.314513027668
    },
    "spectral_spread": {
        "dmean": 474878.34375,
        "dmean2": 714383.75,
        "dvar": 384882409472,
        "dvar2": 810975428608,
        "max": 41199752,
        "mean": 5600530.5,
        "median": 6107637,
        "min": 810557.3125,
        "var": 3.44675083878e+12
    },
    "spectral_strongpeak": {
        "dmean": 0.351004391909,
        "dmean2": 0.595786869526,
        "dvar": 0.312320023775,
        "dvar2": 0.812264442444,
        "max": 6.24303674698,
        "mean": 0.665535449982,
        "median": 0.470295995474,
        "min": 0,
        "var": 0.440073341131
    },
    "zerocrossingrate": {
        "dmean": 0.0145475249738,
        "dmean2": 0.0186179690063,
        "dvar": 0.000290145981126,
        "dvar2": 0.000423376361141,
        "max": 0.64111328125,
        "mean": 0.0810875818133,
        "median": 0.068359375,
        "min": 0.0068359375,
        "var": 0.00266506941989
    },
    "barkbands": {
        "dmean": [0.000978072639555, 0.00897373817861, 0.00315959914587, 0.00245296233334, 0.00386836077087, 0.000574945355766, 0.000634431606159, 0.000421167380409, 0.000515662424732, 0.000320347870002, 0.000222206072067, 0.000351830007276, 0.000301438645693, 0.00033142886241, 0.000302008731524, 0.000305269204546, 0.000271386699751, 0.000239294036874, 0.000183980882866, 0.000196337365196, 0.000178914226126, 0.000181817551493, 0.000142152668559, 0.000109492822958, 9.94157744572e-05, 7.30552128516e-05, 2.54762435361e-05],
        "dmean2": [0.00130268454086, 0.0138504318893, 0.00550117716193, 0.00434314738959, 0.00635746167973, 0.000927323882934, 0.00101433345117, 0.000673711358104, 0.000770616345108, 0.000524585833773, 0.000364344363334, 0.000557450111955, 0.000481100345496, 0.000528382661287, 0.000500027497765, 0.000508283963427, 0.000463961740024, 0.000400926772272, 0.000323116284562, 0.000346307613654, 0.000304521730868, 0.000319440325256, 0.000236125240917, 0.000180880233529, 0.000163279953995, 0.00011705893121, 4.19103453169e-05],
        "dvar": [5.43605983694e-06, 0.000286791560939, 0.000173966473085, 9.2189256975e-05, 0.000137338793138, 1.02631861409e-06, 1.31587114538e-06, 6.06867160968e-07, 1.10839755507e-06, 4.29198877328e-07, 2.20244757543e-07, 4.23045463549e-07, 2.45991941483e-07, 2.49384299877e-07, 1.85831368071e-07, 1.66275398783e-07, 1.94046307911e-07, 1.36587459565e-07, 9.22773821799e-08, 1.34973106469e-07, 6.50353015885e-08, 1.05136528816e-07, 4.63556801833e-08, 3.02361904403e-08, 1.92053910553e-08, 1.13879741193e-08, 1.23185550649e-09],
        "dvar2": [1.05572462417e-05, 0.000598650076427, 0.000468412123155, 0.000269409880275, 0.000335797376465, 2.6296802389e-06, 3.01540330838e-06, 1.42458623031e-06, 2.36122059505e-06, 1.10698795197e-06, 5.15818783242e-07, 9.28443682824e-07, 5.62969489692e-07, 5.88006230373e-07, 4.7818434723e-07, 4.34605652799e-07, 5.44630211152e-07, 3.6955546534e-07, 2.67143548172e-07, 3.94664482428e-07, 1.88257430978e-07, 3.16682985613e-07, 1.24827948866e-07, 8.15294924905e-08, 5.08575688229e-08, 2.93333801693e-08, 3.36634786713e-09],
        "max": [0.0267642997205, 0.159237533808, 0.122235178947, 0.0925909280777, 0.0967765972018, 0.0267983078957, 0.0245036873966, 0.0154247283936, 0.0303767025471, 0.0118536418304, 0.0125623578206, 0.0261226650327, 0.0126034179702, 0.00867488887161, 0.0059549678117, 0.00893365032971, 0.00552434148267, 0.0043329950422, 0.0052058165893, 0.00506601203233, 0.0029660644941, 0.00381597783417, 0.00214977213182, 0.00203518546186, 0.00164197885897, 0.00130091933534, 0.000358034012606],
        "mean": [0.00170803396031, 0.0202202238142, 0.00292530818842, 0.00257027428597, 0.00460963044316, 0.00108455121517, 0.00123616843484, 0.00078762503108, 0.00107208732516, 0.000493540661409, 0.00032130361069, 0.000561387569178, 0.000525461218785, 0.000570519594476, 0.000476379791507, 0.000522095244378, 0.000451253872598, 0.000410028122133, 0.000323484156979, 0.000331378367264, 0.00037069854443, 0.000320022634696, 0.00027499726275, 0.000247295422014, 0.000265240232693, 0.000208489756915, 5.3734453104e-05],
        "median": [0.00011869892478, 0.00606865994632, 0.000778757035732, 0.000500981230289, 0.00123216642532, 0.000566057453398, 0.000456197274616, 0.000360628240742, 0.000461766670924, 0.000205409625778, 0.000107627580292, 0.000262125657173, 0.00030095220427, 0.000359477824531, 0.000316403311444, 0.000356808071956, 0.00032927384018, 0.000300650688587, 0.00025198754156, 0.000255914375884, 0.000300491432426, 0.000248463475145, 0.000204749550903, 0.000205380114494, 0.000253730569966, 0.00020217517158, 2.69614101853e-05],
        "min": [4.07646831001e-24, 2.54843045822e-23, 1.0786685225e-23, 5.31393035178e-24, 1.09243824738e-23, 2.49470287746e-23, 2.02128662231e-23, 8.66771490348e-24, 3.39089619744e-23, 4.29070534027e-23, 3.82418625379e-23, 3.80413088522e-23, 5.13308193822e-23, 5.18825802537e-23, 8.18598563211e-23, 1.20521588498e-22, 1.06135807434e-22, 1.28490509901e-22, 1.99807233913e-22, 2.74790949444e-22, 3.07395744482e-22, 4.5522585474e-22, 4.19117027913e-22, 6.40690209001e-22, 9.6500645192e-22, 1.47659534549e-21, 2.18214850015e-21],
        "var": [1.49760353452e-05, 0.000925554020796, 0.000117526957183, 6.44390238449e-05, 0.00013466431119, 2.08338133234e-06, 4.25632697443e-06, 1.779247782e-06, 4.16487591792e-06, 7.32352248178e-07, 4.48527231356e-07, 1.02474541563e-06, 5.49202638922e-07, 4.98726706155e-07, 2.83400623857e-07, 3.3327012261e-07, 2.38147421783e-07, 1.74319239932e-07, 1.03600420687e-07, 1.25325740896e-07, 1.21051343172e-07, 1.2245973835e-07, 8.72159873211e-08, 6.42704662823e-08, 6.46109441504e-08, 4.07450713169e-08, 3.7928931107e-09]
    },
    "erbbands": {
        "dmean": [0.324845016003, 2.00274300575, 3.5454351902, 6.2042093277, 10.7830305099, 15.3788108826, 5.29025125504, 5.42296648026, 8.15719032288, 9.28695487976, 8.56349372864, 9.88882064819, 11.4928159714, 9.41344928741, 11.0662565231, 10.7737188339, 12.6054239273, 16.4210529327, 15.404176712, 13.6275444031, 18.5806350708, 14.6363945007, 12.8405590057, 9.97405719757, 9.49556922913, 8.90689563751, 8.41699314117, 6.83998966217, 6.59482049942, 5.32396030426, 3.87539863586, 2.59396266937, 1.75834190845, 1.23863315582, 0.726855695248, 0.381322294474, 0.13437640667, 0.0378259308636, 0.0039970879443, 5.89243754803e-05],
        "dmean2": [0.443681806326, 3.01572203636, 5.92148208618, 10.9280824661, 18.270647049, 26.234205246, 8.72909927368, 8.58759880066, 13.1157693863, 14.7208280563, 13.5237226486, 15.1717395782, 18.0012435913, 15.2917156219, 17.9299583435, 17.3849487305, 20.1135826111, 26.1567993164, 25.5930500031, 22.3300933838, 31.1435451508, 24.8233680725, 21.2485523224, 17.4124832153, 16.7941474915, 15.5535507202, 14.4782905579, 11.8135976791, 11.6475315094, 9.03184604645, 6.45643043518, 4.28700304031, 2.93966412544, 2.03238296509, 1.20445287228, 0.632033884525, 0.217325523496, 0.0612948387861, 0.00652391929179, 9.61414552876e-05],
        "dvar": [0.368623107672, 16.7441196442, 174.880661011, 632.145446777, 1033.82019043, 3349.0690918, 127.889671326, 100.360099792, 258.841339111, 335.71762085, 230.334869385, 531.982177734, 504.819854736, 314.792388916, 405.529174805, 349.157318115, 488.642333984, 712.692077637, 552.370117188, 373.325927734, 676.779174805, 539.36114502, 378.731903076, 321.678497314, 300.728668213, 227.125808716, 160.813400269, 109.344734192, 152.565917969, 75.052154541, 34.8549003601, 16.7350978851, 7.86816978455, 3.22357988358, 0.994064927101, 0.306326568127, 0.0370022580028, 0.00273583899252, 3.09177303279e-05, 5.69478109114e-09],
        "dvar2": [0.641698181629, 35.6083526611, 449.696044922, 1820.00366211, 2751.13818359, 8501.62109375, 336.765045166, 253.538604736, 586.817321777, 790.279724121, 522.981811523, 1078.25134277, 1255.30908203, 810.89050293, 1015.0559082, 805.540893555, 1102.19592285, 1684.30041504, 1462.90563965, 927.496643066, 1760.98950195, 1507.30895996, 1010.00073242, 929.607971191, 885.244750977, 656.705200195, 468.110107422, 314.058074951, 464.062744141, 211.553482056, 95.1603240967, 43.5575828552, 21.9745483398, 8.321641922, 2.71352529526, 0.820858061314, 0.0970869362354, 0.00732764136046, 8.24373564683e-05, 1.52520307495e-08],
        "max": [7.76960372925, 38.2233963013, 130.172302246, 256.41027832, 333.240356445, 543.082519531, 213.407073975, 277.277832031, 452.989624023, 537.956054688, 422.556640625, 814.364074707, 561.388916016, 411.376434326, 659.966796875, 529.637878418, 624.362915039, 621.825439453, 395.513916016, 306.029083252, 584.993652344, 336.071166992, 223.385345459, 240.922912598, 239.85333252, 205.408737183, 152.639175415, 105.41809082, 155.78855896, 81.6881637573, 67.1408843994, 54.9524497986, 30.2597827911, 22.4813518524, 10.6583433151, 5.94898843765, 2.17489147186, 0.558562576771, 0.0634920522571, 0.000989686348476],
        "mean": [0.760843336582, 3.76316905022, 3.99399709702, 6.59266233444, 13.3134298325, 15.8104200363, 8.16583156586, 10.4984064102, 16.5382804871, 17.8124637604, 17.4740371704, 20.5468502045, 21.7186546326, 15.966504097, 18.9494152069, 18.5878219604, 23.3614082336, 29.5457572937, 25.1969127655, 23.7630004883, 31.9864730835, 26.562292099, 23.5831718445, 17.7388954163, 17.3619270325, 15.9188899994, 15.6886405945, 13.0171298981, 11.5950202942, 9.6887178421, 7.57496738434, 5.40794706345, 3.9613199234, 2.87024307251, 1.92239964008, 0.99035936594, 0.366278380156, 0.100650154054, 0.00808203686029, 0.000176560293767],
        "median": [0.173905193806, 0.974855065346, 1.22223269939, 1.73678827286, 2.7653260231, 3.58202266693, 4.30277442932, 5.05469799042, 7.37895536423, 7.83631944656, 9.15432739258, 9.29814338684, 10.5492658615, 8.1328163147, 9.98107433319, 10.7186365128, 13.9296112061, 18.4615631104, 16.6511974335, 16.552400589, 21.6881599426, 20.1907653809, 17.8080863953, 14.3128795624, 13.3975334167, 12.5995979309, 12.2239751816, 10.0043401718, 8.93753242493, 7.39284229279, 5.66278457642, 4.29805755615, 3.35182976723, 2.51854324341, 1.81313037872, 0.948434948921, 0.345686197281, 0.0757889300585, 0.00385437905788, 0.000155172601808],
        "min": [5.52632480807e-22, 3.17564371072e-21, 9.53675996037e-21, 1.80878825221e-20, 2.0436041486e-20, 3.90767294577e-20, 1.13092404767e-19, 1.45567476842e-19, 2.81701915225e-19, 4.54119157762e-19, 2.74308238868e-19, 8.19035313362e-19, 9.45729553005e-19, 1.27845199426e-18, 2.03582735191e-18, 1.5346284858e-18, 2.1314972004e-18, 2.31493380702e-18, 4.87528341638e-18, 4.65648876769e-18, 5.67843401855e-18, 7.99021151114e-18, 8.14201486998e-18, 6.48569694913e-18, 1.11897461205e-17, 1.4796252764e-17, 1.16183985585e-17, 1.58928858068e-17, 1.52657207751e-17, 1.44585926749e-17, 1.29406972257e-17, 9.61427311041e-18, 1.34139702676e-17, 9.25651087803e-18, 6.38175881003e-18, 5.06884367972e-18, 2.78176972932e-18, 1.23082097004e-18, 3.11115397982e-19, 3.03819173841e-20],
        "var": [1.69045388699, 38.1543655396, 139.305221558, 405.975738525, 1042.72973633, 2735.57446289, 150.855651855, 216.667755127, 885.161743164, 795.727661133, 771.488586426, 1906.35510254, 1221.82507324, 576.384216309, 850.315368652, 789.84777832, 1076.63952637, 1568.25268555, 835.043701172, 667.127868652, 1270.49328613, 693.161254883, 530.585144043, 315.391967773, 310.346862793, 248.489044189, 236.043457031, 171.344970703, 165.04397583, 113.739044189, 65.4625396729, 32.8555374146, 16.6273078918, 8.40609455109, 3.40969920158, 0.933314442635, 0.130401819944, 0.0107028679922, 9.06462446437e-05, 2.42787621119e-08]
    },
    "gfcc": {
        "mean": [14.8847398758, 54.7982406616, -109.033599854, 32.9532928467, -47.2925758362, 16.8125457764, -32.9491577148, 13.2318439484, -18.474105835, 8.9500875473, -15.5453901291, 4.46233510971, -10.9185819626],
        "cov": [[22921.4023438, -1259.55273438, 2532.31420898, 1548.65075684, 251.434295654, 831.533203125, -38.2556343079, 550.471130371, -533.389465332, 244.4868927, -733.421691895, 221.254776001, -451.157165527], [-1259.55273438, 2537.47924805, -561.20526123, 114.377555847, -76.767868042, -454.276275635, -103.88444519, -251.041381836, 208.395614624, -248.494216919, 272.167724609, -148.806671143, 237.711273193], [2532.31420898, -561.20526123, 1395.04528809, 357.579071045, 297.276794434, 344.287078857, 92.3356246948, 139.443969727, -145.134155273, 130.861541748, -148.764587402, 128.724731445, -100.818344116], [1548.65075684, 114.377555847, 357.579071045, 578.219360352, 176.882415771, 217.295532227, 71.9135513306, 82.8121948242, -8.12906932831, -26.0298175812, -53.3817596436, -35.0522422791, -21.1334629059], [251.434295654, -76.767868042, 297.276794434, 176.882415771, 297.340301514, 189.592376709, 111.353179932, 77.2492523193, 10.0338478088, 46.0038146973, -24.9180831909, 33.2304267883, -13.9477233887], [831.533203125, -454.276275635, 344.287078857, 217.295532227, 189.592376709, 342.930664062, 147.206054688, 167.610610962, -7.80827474594, 89.0090560913, -59.3791999817, 34.0703697205, -55.3639564514], [-38.2556343079, -103.88444519, 92.3356246948, 71.9135513306, 111.353179932, 147.206054688, 180.545349121, 124.051635742, 77.4183807373, 65.8516540527, 25.2848072052, 18.4072437286, -1.64888238907], [550.471130371, -251.041381836, 139.443969727, 82.8121948242, 77.2492523193, 167.610610962, 124.051635742, 188.509674072, 68.2154312134, 91.8749237061, -11.0120639801, 29.3983249664, -22.0020370483], [-533.389465332, 208.395614624, -145.134155273, -8.12906932831, 10.0338478088, -7.80827474594, 77.4183807373, 68.2154312134, 177.998840332, 75.1711120605, 106.698272705, 2.65387511253, 41.856338501], [244.4868927, -248.494216919, 130.861541748, -26.0298175812, 46.0038146973, 89.0090560913, 65.8516540527, 91.8749237061, 75.1711120605, 171.51499939, 62.8225097656, 73.089302063, -14.1874351501], [-733.421691895, 272.167724609, -148.764587402, -53.3817596436, -24.9180831909, -59.3791999817, 25.2848072052, -11.0120639801, 106.698272705, 62.8225097656, 170.057174683, 41.4586296082, 61.1871109009], [221.254776001, -148.806671143, 128.724731445, -35.0522422791, 33.2304267883, 34.0703697205, 18.4072437286, 29.3983249664, 2.65387511253, 73.089302063, 41.4586296082, 121.211479187, 35.4177055359], [-451.157165527, 237.711273193, -100.818344116, -21.1334629059, -13.9477233887, -55.3639564514, -1.64888238907, -22.0020370483, 41.856338501, -14.1874351501, 61.1871109009, 35.4177055359, 102.032104492]],
        "icov": [[9.6641604614e-05, -0.000125474194647, -5.74494652028e-06, -0.000276399950963, 0.000227743308642, 6.59007928334e-05, 6.45751715638e-05, -0.000266703078523, 0.000269215001026, -0.000422359560616, 0.000533419894055, -0.000463021919131, 0.000338818790624], [-0.000125474194647, 0.00145000824705, -0.000303788168821, -9.50268658926e-05, -0.0010130754672, 0.00121034786571, 0.000287745671812, 0.000344315572875, -0.00143598916475, 0.00241174479015, -0.00276593980379, 0.00217150314711, -0.00182634638622], [-5.74494652028e-06, -0.000303788168821, 0.00168016948737, -0.000750413048081, -0.000527581374627, -3.05877147184e-05, -0.000427775579737, 7.53837666707e-05, 0.00159656454343, -0.00196220120415, 0.00151512958109, -0.00179523741826, 0.000894504133612], [-0.000276399950963, -9.50268658926e-05, -0.000750413048081, 0.00430314755067, -0.00108282733709, -0.00305102579296, 0.00120715703815, 0.000101089543023, -0.00156593753491, 0.00308361346833, -0.00211135856807, 0.00261912960559, -0.0011850555893], [0.000227743308642, -0.0010130754672, -0.000527581374627, -0.00108282733709, 0.00762107176706, -0.003272828646, -0.00281040230766, 0.00247092056088, -0.000789654266555, -0.00156612391584, 0.00376342586242, -0.00350033165887, 0.00143933272921], [6.59007928334e-05, 0.00121034786571, -3.05877147184e-05, -0.00305102579296, -0.003272828646, 0.0131346434355, -0.00404385570437, -0.00562603678554, 0.004877936095, -0.00278554181568, -0.000572722055949, 0.00158042344265, -0.000383046455681], [6.45751715638e-05, 0.000287745671812, -0.000427775579737, 0.00120715703815, -0.00281040230766, -0.00404385570437, 0.0156350526959, -0.00632291426882, -0.00404729647562, 0.00359098054469, -0.00374716613442, 0.00140588032082, -0.000327987188939], [-0.000266703078523, 0.000344315572875, 7.53837666707e-05, 0.000101089543023, 0.00247092056088, -0.00562603678554, -0.00632291426882, 0.0197266899049, -0.0091590192169, -0.00201171939261, 0.0060545746237, -0.0028298094403, 0.000379632780096], [0.000269215001026, -0.00143598916475, 0.00159656454343, -0.00156593753491, -0.000789654266555, 0.004877936095, -0.00404729647562, -0.0091590192169, 0.0233722832054, -0.011616657488, -0.00437282770872, 0.0066076987423, -0.00458700582385], [-0.000422359560616, 0.00241174479015, -0.00196220120415, 0.00308361346833, -0.00156612391584, -0.00278554181568, 0.00359098054469, -0.00201171939261, -0.011616657488, 0.0252785217017, -0.0112388757989, -0.00499624852091, 0.00586665282026], [0.000533419894055, -0.00276593980379, 0.00151512958109, -0.00211135856807, 0.00376342586242, -0.000572722055949, -0.00374716613442, 0.0060545746237, -0.00437282770872, -0.0112388757989, 0.0235599782318, -0.00978117715567, 0.000808968674392], [-0.000463021919131, 0.00217150314711, -0.00179523741826, 0.00261912960559, -0.00350033165887, 0.00158042344265, 0.00140588032082, -0.0028298094403, 0.0066076987423, -0.00499624852091, -0.00978117715567, 0.0260470099747, -0.0151275526732], [0.000338818790624, -0.00182634638622, 0.000894504133612, -0.0011850555893, 0.00143933272921, -0.000383046455681, -0.000327987188939, 0.000379632780096, -0.00458700582385, 0.00586665282026, 0.000808968674392, -0.0151275526732, 0.0237213056535]]
    },
    "melbands": {
        "dmean": [0.00260685058311, 0.00202529784292, 0.00114742887672, 0.0010166146094, 0.000259802502114, 0.000116696726764, 0.000126540398924, 0.000100420809758, 6.83461912558e-05, 6.81049714331e-05, 5.9587204305e-05, 4.06241524615e-05, 3.50325972249e-05, 4.45496989414e-05, 2.59329772234e-05, 3.13771997753e-05, 3.01447416859e-05, 2.64739355771e-05, 2.1058764105e-05, 1.74452325155e-05, 2.29506003961e-05, 1.58276125148e-05, 1.54009212565e-05, 1.18755251606e-05, 8.37097741169e-06, 7.83287850936e-06, 7.16849763194e-06, 6.08141317571e-06, 6.58949647914e-06, 4.2120004764e-06, 4.33102923125e-06, 4.23673373007e-06, 3.3530766359e-06, 3.07989694193e-06, 2.39800965574e-06, 1.97566805582e-06, 1.59701619395e-06, 1.38085113122e-06, 1.15465570616e-06, 1.13901774057e-06],
        "dmean2": [0.00384782021865, 0.0031283935532, 0.00199263892137, 0.00168622739147, 0.000436510104919, 0.00018563879712, 0.000203560121008, 0.000159440911375, 0.000107225634565, 0.000103405414848, 9.31319445954e-05, 6.56585762044e-05, 5.68570394535e-05, 6.99903903296e-05, 4.22676494054e-05, 4.98637782584e-05, 4.8162182793e-05, 4.40144431195e-05, 3.47025488736e-05, 2.85365749733e-05, 3.85727616958e-05, 2.70342898148e-05, 2.56646490016e-05, 1.99523274205e-05, 1.46785860125e-05, 1.37478746183e-05, 1.26482473206e-05, 1.05991903183e-05, 1.14338909043e-05, 7.11577331458e-06, 7.48020102037e-06, 7.50261642679e-06, 5.79635798204e-06, 5.1993206398e-06, 4.02255454901e-06, 3.28050055032e-06, 2.66256279247e-06, 2.33244531955e-06, 1.91747562894e-06, 1.89371723991e-06],
        "dvar": [2.21231857722e-05, 3.00488554785e-05, 1.9314516976e-05, 1.02187323137e-05, 5.30723241354e-07, 4.62548506164e-08, 5.55762866838e-08, 3.47636799347e-08, 1.43605705105e-08, 2.11779624948e-08, 1.33644553202e-08, 6.01980731929e-09, 4.75262362798e-09, 7.33390415064e-09, 2.03845562652e-09, 2.45987252789e-09, 2.26406116077e-09, 1.72621883454e-09, 8.46500591845e-10, 5.16090614688e-10, 1.08250153286e-09, 6.28401164438e-10, 5.847347051e-10, 3.69001995626e-10, 2.14786882724e-10, 1.77715439587e-10, 1.92873106375e-10, 9.05671301843e-11, 1.00874204823e-10, 3.67158040082e-11, 4.14499962131e-11, 7.29285104528e-11, 3.03155799075e-11, 2.39578287764e-11, 1.31738812567e-11, 9.08782077369e-12, 6.1970849459e-12, 5.2562351173e-12, 2.49104599795e-12, 2.86432075974e-12],
        "dvar2": [4.23345663876e-05, 7.03823170625e-05, 5.48646967218e-05, 2.54323513218e-05, 1.36888820634e-06, 1.16875398248e-07, 1.27772537439e-07, 8.35895832552e-08, 3.16588426585e-08, 4.57312232527e-08, 3.29449569847e-08, 1.52922545738e-08, 1.13888569686e-08, 1.55992196937e-08, 4.76811878869e-09, 5.69206370926e-09, 5.40305888919e-09, 4.47720793773e-09, 2.16461515379e-09, 1.31214450416e-09, 2.82051448863e-09, 1.72486347427e-09, 1.56819091046e-09, 9.91726589739e-10, 6.17304485306e-10, 5.1184068095e-10, 5.67533464668e-10, 2.56874188587e-10, 2.8895924542e-10, 1.03922197237e-10, 1.17589285531e-10, 2.21220000651e-10, 8.64329996464e-11, 6.59588286767e-11, 3.65043203998e-11, 2.3898881138e-11, 1.63091051081e-11, 1.49473072808e-11, 6.6302011624e-12, 7.56243245109e-12],
        "max": [0.0500946938992, 0.0559490919113, 0.0430421866477, 0.0265971180052, 0.00778707489371, 0.00620748382062, 0.00576744228601, 0.00508236186579, 0.00317539158277, 0.00437570922077, 0.00285052810796, 0.00185323972255, 0.00183032418136, 0.00336378253996, 0.00120091880672, 0.00106872397009, 0.00105990178417, 0.000759760965593, 0.000408381427405, 0.000454685941804, 0.000696054776199, 0.00039044310688, 0.000369444052922, 0.000316639459925, 0.000228917633649, 0.000177914480446, 0.000210557656828, 0.000125539270812, 0.000127074425109, 6.4710402512e-05, 6.50321526336e-05, 0.000116491013614, 5.49901160412e-05, 5.12731567142e-05, 5.05440038978e-05, 2.8671543987e-05, 2.91030264634e-05, 2.62212779489e-05, 1.79633225343e-05, 2.02987557714e-05],
        "mean": [0.00621460424736, 0.00314144627191, 0.00131733459421, 0.00114876998123, 0.000346353190253, 0.000225049690926, 0.000257608684478, 0.000193698928342, 0.000135956259328, 0.000140023927088, 0.000110240922368, 6.65324114379e-05, 5.70726988371e-05, 7.03556943336e-05, 4.17420778831e-05, 5.76475395064e-05, 5.21530382684e-05, 4.0559691115e-05, 3.36362136295e-05, 3.05324065266e-05, 3.6654946598e-05, 2.61922177742e-05, 2.53515918303e-05, 1.94716340047e-05, 1.33940875457e-05, 1.33500770971e-05, 1.18462348837e-05, 9.83664995147e-06, 1.06890147435e-05, 7.77558489062e-06, 7.4538111221e-06, 6.82538347974e-06, 5.71550981476e-06, 5.25116865902e-06, 4.48887431048e-06, 3.67435177395e-06, 3.15247780236e-06, 2.81480561171e-06, 2.509435717e-06, 2.39741643782e-06],
        "median": [0.0017897314392, 0.000963314378168, 0.000341967941495, 0.000218521337956, 0.000162621203344, 0.000107135187136, 0.000122775411, 8.66702175699e-05, 6.67347558192e-05, 5.98560509388e-05, 5.09361379954e-05, 3.06972651742e-05, 2.6251993404e-05, 3.06205183733e-05, 2.18481109187e-05, 3.41395789292e-05, 3.24992979586e-05, 2.36097694142e-05, 2.2734840968e-05, 2.15210893657e-05, 2.30469631788e-05, 1.77683523361e-05, 1.81403484021e-05, 1.32985042001e-05, 1.01129298855e-05, 9.94562287815e-06, 8.66874233907e-06, 7.13206736691e-06, 7.42276870369e-06, 5.69778876525e-06, 5.23566586708e-06, 4.95853691973e-06, 4.17515911977e-06, 3.60874196303e-06, 3.17506464853e-06, 2.65538801614e-06, 2.4085561563e-06, 2.23416100198e-06, 2.05631977224e-06, 2.02431237994e-06],
        "min": [6.78524981446e-24, 5.11071938816e-24, 3.06367365684e-24, 2.21006521789e-24, 3.98908776526e-24, 3.92856635662e-24, 3.90698391111e-24, 4.57304362808e-24, 2.05014634911e-24, 5.67553551326e-24, 3.54123210228e-24, 5.46427343525e-24, 6.90349848643e-24, 3.77104937207e-24, 5.91890501898e-24, 3.06959760781e-24, 3.76908786943e-24, 7.17201175021e-24, 5.1698768563e-24, 5.94747479995e-24, 5.37526428716e-24, 6.45955517911e-24, 6.92858899638e-24, 4.51628548038e-24, 4.60165482425e-24, 9.05271057966e-24, 6.50445477525e-24, 9.60412198583e-24, 6.83731542307e-24, 7.48776989361e-24, 8.58755085829e-24, 9.52549306396e-24, 7.95357017003e-24, 8.21720038481e-24, 7.28381937289e-24, 5.46514078781e-24, 5.78913424462e-24, 1.04979850107e-23, 8.08486975682e-24, 7.42833711301e-24],
        "var": [9.08807487576e-05, 3.9060076233e-05, 1.36370263135e-05, 9.69606571743e-06, 4.72958248565e-07, 9.9934183595e-08, 1.85076359571e-07, 8.41630622972e-08, 4.90889533467e-08, 7.60379137432e-08, 3.26218767555e-08, 1.14829523667e-08, 1.02954542669e-08, 1.841891617e-08, 4.02797883936e-09, 5.91878457357e-09, 4.77738382187e-09, 2.7819908599e-09, 1.31785227175e-09, 1.01744446201e-09, 1.96018601351e-09, 8.69897875955e-10, 7.74915909219e-10, 4.84871476303e-10, 2.10014963753e-10, 1.96540089759e-10, 1.81866369187e-10, 1.0231614167e-10, 1.3637305174e-10, 6.12370223974e-11, 6.20299644982e-11, 6.83000808688e-11, 4.16401808867e-11, 3.66907476623e-11, 2.38873434921e-11, 1.65959815335e-11, 1.15838102999e-11, 9.35831707266e-12, 6.5139000964e-12, 6.3039577898e-12]
    },
    "mfcc": {
        "mean": [-625.255187988, 89.9703063965, 0.248484045267, 22.9907455444, 8.47542572021, 8.52531814575, 1.61376142502, 5.27070093155, 3.95475697517, 5.02235126495, 3.72310447693, 3.30253887177, 0.205998197198],
        "cov": [[11240.9755859, 385.679901123, 959.919067383, 379.436035156, 461.598571777, 405.298492432, 358.039398193, 227.858123779, 285.810821533, 112.388900757, 65.9128570557, 17.7324047089, 33.4682655334], [385.679901123, 1570.79187012, -192.070617676, 242.798294067, -36.8429031372, -142.771224976, -171.722763062, -58.4429359436, -86.175491333, -41.4466056824, -59.7873573303, 8.88394737244, 10.3369140625], [959.919067383, -192.070617676, 728.500732422, 195.345230103, 228.632247925, 182.766799927, 181.006668091, 81.9989242554, 80.4214248657, 19.4937877655, 12.9660263062, 2.33736491203, 26.5225772858], [379.436035156, 242.798294067, 195.345230103, 296.848999023, 160.877029419, 109.018447876, 60.7123718262, 61.3814544678, 35.1132011414, 14.3734951019, -2.39826345444, 3.5308701992, 0.363319575787], [461.598571777, -36.8429031372, 228.632247925, 160.877029419, 240.246292114, 163.158905029, 124.020469666, 78.7203369141, 68.3462295532, 24.8380336761, 19.5680770874, 7.68195056915, -1.41539478302], [405.298492432, -142.771224976, 182.766799927, 109.018447876, 163.158905029, 201.528915405, 145.885910034, 89.2502746582, 75.5242385864, 45.4191627502, 39.2626419067, 22.8426399231, 9.04411888123], [358.039398193, -171.722763062, 181.006668091, 60.7123718262, 124.020469666, 145.885910034, 184.858779907, 106.456588745, 83.6862564087, 51.1700515747, 41.8284645081, 19.131986618, 11.9352807999], [227.858123779, -58.4429359436, 81.9989242554, 61.3814544678, 78.7203369141, 89.2502746582, 106.456588745, 130.761962891, 91.7475967407, 55.1814575195, 31.4138584137, 15.1084156036, 7.54969835281], [285.810821533, -86.175491333, 80.4214248657, 35.1132011414, 68.3462295532, 75.5242385864, 83.6862564087, 91.7475967407, 124.766334534, 80.537109375, 47.2941055298, 24.3515701294, 13.8345108032], [112.388900757, -41.4466056824, 19.4937877655, 14.3734951019, 24.8380336761, 45.4191627502, 51.1700515747, 55.1814575195, 80.537109375, 129.497161865, 89.2209472656, 48.7096290588, 18.9081096649], [65.9128570557, -59.7873573303, 12.9660263062, -2.39826345444, 19.5680770874, 39.2626419067, 41.8284645081, 31.4138584137, 47.2941055298, 89.2209472656, 122.599067688, 72.5391998291, 25.3102359772], [17.7324047089, 8.88394737244, 2.33736491203, 3.5308701992, 7.68195056915, 22.8426399231, 19.131986618, 15.1084156036, 24.3515701294, 48.7096290588, 72.5391998291, 100.739067078, 60.8707084656], [33.4682655334, 10.3369140625, 26.5225772858, 0.363319575787, -1.41539478302, 9.04411888123, 11.9352807999, 7.54969835281, 13.8345108032, 18.9081096649, 25.3102359772, 60.8707084656, 102.018363953]],
