{
"lowlevel": {
    "average_loudness": 0.810490608215,
    "barkbands_crest": {
        "dmean": 2.8670501709,
        "dmean2": 4.42043495178,
        "dvar": 9.5863199234,
        "dvar2": 22.2637634277,
        "max": 26.3614234924,
        "mean": 13.3456058502,
        "median": 13.1612062454,
        "min": 1.67521429062,
        "var": 35.3161048889
    },
    "barkbands_flatness_db": {
        "dmean": 0.0243117008358,
        "dmean2": 0.0360330790281,
        "dvar": 0.000836436753161,
        "dvar2": 0.0017820141511,
        "max": 0.551938354969,
        "mean": 0.112887270749,
        "median": 0.0916416123509,
        "min": 0.0110775846988,
        "var": 0.00452188728377
    },
    "barkbands_kurtosis": {
        "dmean": 5.64821195602,
        "dmean2": 8.2632932663,
        "dvar": 335.559234619,
        "dvar2": 705.462219238,
        "max": 1196.75952148,
        "mean": 8.93301773071,
        "median": 1.09681510925,
        "min": -1.89809167385,
        "var": 930.913757324
    },
    "barkbands_skewness": {
        "dmean": 0.753953874111,
        "dmean2": 1.08596122265,
        "dvar": 0.961844027042,
        "dvar2": 1.96466243267,
        "max": 23.28931427,
        "mean": 2.00416779518,
        "median": 1.42846822739,
        "min": -2.0141954422,
        "var": 4.67259073257
    },
    "barkbands_spread": {
        "dmean": 10.021197319,
        "dmean2": 14.971321106,
        "dvar": 151.01373291,
        "dvar2": 306.479675293,
        "max": 122.746788025,
        "mean": 38.4395523071,
        "median": 33.9328651428,
        "min": 0.14800439775,
        "var": 596.493225098
    },
    "dissonance": {
        "dmean": 0.0101625015959,
        "dmean2": 0.0169518385082,
        "dvar": 0.000215679378016,
        "dvar2": 0.000593005854171,
        "max": 0.500000119209,
        "mean": 0.483811825514,
        "median": 0.489588558674,
        "min": 0.25531232357,
        "var": 0.000382598635042
    },
    "dynamic_complexity": 2.89078116417,
    "erbbands_crest": {
        "dmean": 2.27725601196,
        "dmean2": 3.65620684624,
        "dvar": 6.80739402771,
        "dvar2": 14.2730970383,
        "max": 29.8077163696,
        "mean": 6.77433633804,
        "median": 5.35669231415,
        "min": 1.97198009491,
        "var": 17.0796089172
    },
    "erbbands_flatness_db": {
        "dmean": 0.0127854719758,
        "dmean2": 0.019487792626,
        "dvar": 0.000180793940672,
        "dvar2": 0.000394586968469,
        "max": 0.387153536081,
        "mean": 0.104435369372,
        "median": 0.0946099758148,
        "min": 0.0360022597015,
        "var": 0.00211360352114
    },
    "erbbands_kurtosis": {
        "dmean": 0.76028239727,
        "dmean2": 1.241984725,
        "dvar": 1.72874128819,
        "dvar2": 4.05807352066,
        "max": 50.2791442871,
        "mean": 0.11686360091,
        "median": -0.241720199585,
        "min": -1.74521362782,
        "var": 4.3995923996
    },
    "erbbands_skewness": {
        "dmean": 0.365767091513,
        "dmean2": 0.560799717903,
        "dvar": 0.162443444133,
        "dvar2": 0.363944500685,
        "max": 6.31637716293,
        "mean": -0.0941574051976,
        "median": -0.208712667227,
        "min": -2.38278222084,
        "var": 0.542048752308
    },
    "erbbands_spread": {
        "dmean": 10.1419019699,
        "dmean2": 15.9663391113,
        "dvar": 141.684066772,
        "dvar2": 316.96472168,
        "max": 168.744308472,
        "mean": 52.2613220215,
        "median": 48.5431632996,
        "min": 1.87938344479,
        "var": 546.716552734
    },
    "hfc": {
        "dmean": 13.1599712372,
        "dmean2": 20.5523719788,
        "dvar": 484.103118896,
        "dvar2": 1196.52197266,
        "max": 241.749176025,
        "mean": 38.2895545959,
        "median": 33.1800117493,
        "min": 1.09601371606e-16,
        "var": 886.203369141
    },
    "melbands_crest": {
        "dmean": 3.31651258469,
        "dmean2": 5.2586555481,
        "dvar": 13.5043153763,
        "dvar2": 34.1076202393,
        "max": 39.8773040771,
        "mean": 20.4593830109,
        "median": 20.8833332062,
        "min": 1.57401371002,
        "var": 75.2896728516
    },
    "melbands_flatness_db": {
        "dmean": 0.0304919555783,
        "dmean2": 0.0451551452279,
        "dvar": 0.0012649805285,
        "dvar2": 0.00272588781081,
        "max": 0.625378191471,
        "mean": 0.182076662779,
        "median": 0.165891781449,
        "min": 0.00309171667323,
        "var": 0.0070643639192
    },
    "melbands_kurtosis": {
        "dmean": 22.772731781,
        "dmean2": 33.564201355,
        "dvar": 2775.18994141,
        "dvar2": 5953.50488281,
        "max": 2083.56958008,
        "mean": 43.9524002075,
        "median": 13.6132335663,
        "min": -1.62277197838,
        "var": 10021.359375
    },
    "melbands_skewness": {
        "dmean": 1.26052486897,
        "dmean2": 1.8521181345,
        "dvar": 3.16554665565,
        "dvar2": 6.40184593201,
        "max": 43.2138214111,
        "mean": 4.48680305481,
        "median": 3.47587943077,
        "min": -1.23262548447,
        "var": 16.0300941467
    },
    "melbands_spread": {
        "dmean": 10.3488006592,
        "dmean2": 16.3725166321,
        "dvar": 197.699691772,
        "dvar2": 469.110473633,
        "max": 185.866622925,
        "mean": 29.2264938354,
        "median": 24.6127815247,
        "min": 0.149657204747,
        "var": 525.393554688
    },
    "pitch_salience": {
        "dmean": 0.0867693424225,
        "dmean2": 0.135725542903,
        "dvar": 0.00974750891328,
        "dvar2": 0.0226788613945,
        "max": 0.970437288284,
        "mean": 0.455003738403,
        "median": 0.47458037734,
        "min": 0.0110599827021,
        "var": 0.0333310328424
    },
    "silence_rate_20dB": {
        "dmean": 0,
        "dmean2": 0,
        "dvar": 0,
        "dvar2": 0,
        "max": 1,
        "mean": 1,
        "median": 1,
        "min": 1,
        "var": 0
    },
    "silence_rate_30dB": {
        "dmean": 0.0502404235303,
        "dmean2": 0.10048917681,
        "dvar": 0.0477179698646,
        "dvar2": 0.101493880153,
        "max": 1,
        "mean": 0.907236993313,
        "median": 1,
        "min": 0,
        "var": 0.0841581821442
    },
    "silence_rate_60dB": {
        "dmean": 0.0126015590504,
        "dmean2": 0.025205206126,
        "dvar": 0.0124403554946,
        "dvar2": 0.0270615238696,
        "max": 1,
        "mean": 0.067396171391,
        "median": 0,
        "min": 0,
        "var": 0.0628484562039
    },
    "spectral_centroid": {
        "dmean": 360.013092041,
        "dmean2": 545.484008789,
        "dvar": 176378.484375,
        "dvar2": 349884.09375,
        "max": 11591.3955078,
        "mean": 2116.5703125,
        "median": 2129.53662109,
        "min": 122.194374084,
        "var": 794713.3125
    },
    "spectral_complexity": {
        "dmean": 5.43342733383,
        "dmean2": 8.40311717987,
        "dvar": 32.0672531128,
        "dvar2": 73.7282562256,
        "max": 64,
        "mean": 25.499130249,
        "median": 27,
        "min": 0,
        "var": 161.716491699
    },
    "spectral_decrease": {
        "dmean": 3.05866976191e-09,
        "dmean2": 4.46355219452e-09,
        "dvar": 2.28003468474e-17,
        "dvar2": 4.48006876197e-17,
        "max": 1.11667356143e-28,
        "mean": -1.04892192709e-08,
        "median": -7.69270247503e-09,
        "min": -7.46152437614e-08,
        "var": 9.67529869097e-17
    },
    "spectral_energy": {
        "dmean": 0.0118014095351,
        "dmean2": 0.0172700081021,
        "dvar": 0.000320376391755,
        "dvar2": 0.000621937972028,
        "max": 0.283025950193,
        "mean": 0.0430615767837,
        "median": 0.0337825603783,
        "min": 1.05264298645e-20,
        "var": 0.00140404573176
    },
    "spectral_energyband_high": {
        "dmean": 0.00128908955958,
        "dmean2": 0.00205083261244,
        "dvar": 5.44288650417e-06,
        "dvar2": 1.3815127204e-05,
        "max": 0.0249058194458,
        "mean": 0.00297945411876,
        "median": 0.00226260093041,
        "min": 7.38685696383e-21,
        "var": 8.82470612851e-06
    },
    "spectral_energyband_low": {
        "dmean": 0.00808307807893,
        "dmean2": 0.0118024097756,
        "dvar": 0.000235153376707,
        "dvar2": 0.000445872632554,
        "max": 0.279624074697,
        "mean": 0.0257602427155,
        "median": 0.0144503293559,
        "min": 2.55477495093e-23,
        "var": 0.00122108508367
    },
    "spectral_energyband_middle_high": {
        "dmean": 0.00161391531583,
        "dmean2": 0.00256038713269,
        "dvar": 5.55013548365e-06,
        "dvar2": 1.22077808555e-05,
        "max": 0.0474151521921,
        "mean": 0.00457593007013,
        "median": 0.00388430827297,
        "min": 1.33077780241e-21,
        "var": 1.5195279957e-05
    },
    "spectral_energyband_middle_low": {
        "dmean": 0.00659637432545,
        "dmean2": 0.00978193525225,
        "dvar": 0.000285450805677,
        "dvar2": 0.000566358095966,
        "max": 0.169123068452,
        "mean": 0.00990970805287,
        "median": 0.00375669472851,
        "min": 1.86321473723e-22,
        "var": 0.000418124487624
    },
    "spectral_entropy": {
        "dmean": 0.133720934391,
        "dmean2": 0.200789660215,
        "dvar": 0.0276355091482,
        "dvar2": 0.0607354342937,
        "max": 9.81787204742,
        "mean": 8.11046123505,
        "median": 8.21655654907,
        "min": 5.30732584,
        "var": 0.179022327065
    },
    "spectral_flux": {
        "dmean": 0.0310565829277,
        "dmean2": 0.0469504483044,
        "dvar": 0.00202422449365,
        "dvar2": 0.00398349016905,
        "max": 0.464430987835,
        "mean": 0.0927227213979,
        "median": 0.0757379829884,
        "min": 6.50051332207e-11,
        "var": 0.00412567332387
    },
    "spectral_kurtosis": {
        "dmean": 0.769178509712,
        "dmean2": 1.2776260376,
        "dvar": 3.89740467072,
        "dvar2": 11.5736904144,
        "max": 92.371421814,
        "mean": 2.88242721558,
        "median": 2.19462633133,
        "min": -1.25140011311,
        "var": 12.3078794479
    },
    "spectral_rms": {
        "dmean": 0.00083126797108,
        "dmean2": 0.00121315242723,
        "dvar": 1.05344815893e-06,
        "dvar2": 1.97245094569e-06,
        "max": 0.0166169460863,
        "mean": 0.00589051004499,
        "median": 0.0057409578003,
        "min": 3.20463534181e-12,
        "var": 7.31316004021e-06
    },
    "spectral_rolloff": {
        "dmean": 1071.23632812,
        "dmean2": 1710.90905762,
        "dvar": 2636617.75,
        "dvar2": 5574966.5,
        "max": 19164.5507812,
        "mean": 2432.43530273,
        "median": 1679.58984375,
        "min": 21.533203125,
        "var": 6639141
    },
    "spectral_skewness": {
        "dmean": 0.133125349879,
        "dmean2": 0.217325299978,
        "dvar": 0.0276494007558,
        "dvar2": 0.0759207680821,
        "max": 6.48784160614,
        "mean": 1.31368517876,
        "median": 1.24741280079,
        "min": -0.0710588246584,
        "var": 0.137913450599
    },
    "spectral_spread": {
        "dmean": 562922.9375,
        "dmean2": 869329.3125,
        "dvar": 536603754496,
        "dvar2": 1.09085766451e+12,
        "max": 42644088,
        "mean": 6419717,
        "median": 6544843.5,
        "min": 743033.5,
        "var": 4.59242261709e+12
    },
    "spectral_strongpeak": {
        "dmean": 0.34182408452,
        "dmean2": 0.545796096325,
        "dvar": 0.493319481611,
        "dvar2": 1.19192051888,
        "max": 13.463681221,
        "mean": 0.676777541637,
        "median": 0.395709455013,
        "min": 0,
        "var": 0.773016929626
    },
    "zerocrossingrate": {
        "dmean": 0.0179914757609,
        "dmean2": 0.0209972672164,
        "dvar": 0.000394079252146,
        "dvar2": 0.000497074332088,
        "max": 0.79736328125,
        "mean": 0.0931082293391,
        "median": 0.0869140625,
        "min": 0.0009765625,
        "var": 0.00339695834555
    },
    "barkbands": {
        "dmean": [0.00132022437174, 0.00697359023616, 0.00241243559867, 0.00178701546974, 0.00387290515937, 0.000753902655561, 0.00087184261065, 0.000353135954356, 0.000351159338607, 0.000315154000418, 0.000344727886841, 0.000311949232128, 0.000212705213926, 0.000273901736364, 0.000219113950152, 0.000221544440137, 0.000281648943201, 0.000297926424537, 0.000213133447687, 0.000233030106756, 0.000234301318415, 0.00024398646201, 0.000237794243731, 0.000249152712058, 0.000208882571314, 0.000159690709552, 9.19825179153e-05],
        "dmean2": [0.00194634753279, 0.00954930949956, 0.0041069672443, 0.00315231061541, 0.00546545302495, 0.00124606664758, 0.00133221317083, 0.000537462474313, 0.000563548295759, 0.000501051021274, 0.000535479572136, 0.000504140858538, 0.000335899647325, 0.000433284265455, 0.000351112859789, 0.000366566877346, 0.00047438943875, 0.000508916855324, 0.000354339077603, 0.000392376095988, 0.000392727641156, 0.000402035511797, 0.000395149661927, 0.000409397965996, 0.000337534380378, 0.000251741963439, 0.000138097777381],
        "dvar": [1.33571529659e-05, 0.000192811639863, 0.000100434328488, 4.10216853197e-05, 0.000197150744498, 3.35243112204e-06, 4.87200804855e-06, 2.509264732e-06, 1.30047635594e-06, 6.71151326515e-07, 5.40927601378e-07, 2.35997518416e-07, 1.47741445744e-07, 5.44590307072e-07, 2.09896384717e-07, 1.47526478145e-07, 3.39938367233e-07, 1.81458943871e-07, 8.69126921543e-08, 1.19678517763e-07, 1.22644067346e-07, 1.42382916124e-07, 1.74546215703e-07, 2.2651219922e-07, 1.8706602134e-07, 1.21233512118e-07, 3.31920659846e-08],
        "dvar2": [2.55276827374e-05, 0.000293940363917, 0.000271899421932, 0.000116619368782, 0.000365276529919, 9.09437676455e-06, 1.17199315355e-05, 4.73058798889e-06, 3.33163461619e-06, 1.70055545823e-06, 1.2221404404e-06, 6.2396213707e-07, 3.49487606854e-07, 1.1439485661e-06, 5.1348905572e-07, 3.63759340871e-07, 8.71627719334e-07, 4.79472419102e-07, 2.28361741961e-07, 3.25696049686e-07, 3.31944875143e-07, 3.79374256454e-07, 4.68775255058e-07, 5.78434310228e-07, 4.80017774862e-07, 3.08257284587e-07, 6.75791156368e-08],
        "max": [0.179248124361, 0.251988738775, 0.158847153187, 0.0816247910261, 0.160564750433, 0.0292414631695, 0.0587755739689, 0.0716191008687, 0.0383247621357, 0.042976859957, 0.0317246355116, 0.0102766640484, 0.00845388416201, 0.0321411974728, 0.0125118643045, 0.0127284601331, 0.007917849347, 0.00802016817033, 0.00471221283078, 0.00653971545398, 0.00688690692186, 0.00877463724464, 0.00492901680991, 0.00757902953774, 0.00719732558355, 0.00602334691212, 0.00278286193497],
        "mean": [0.00315423659049, 0.0199156291783, 0.00259162439033, 0.00172511313576, 0.00440226867795, 0.00106334139127, 0.00151596881915, 0.000547732692212, 0.000543824105989, 0.000483305193484, 0.000578076869715, 0.000514527782798, 0.000357425829861, 0.000442262215074, 0.000367547094356, 0.000369036191842, 0.000416961265728, 0.000474567932542, 0.000406544160796, 0.000437209499069, 0.000439300230937, 0.000459565751953, 0.00043431224185, 0.000470246945042, 0.000420077965828, 0.000344331812812, 0.000186576289707],
        "median": [0.000422765035182, 0.00996382720768, 0.000360662757885, 0.000298531202134, 0.000553003454115, 0.000323369167745, 0.000314099655952, 0.000165655641467, 0.000234174949583, 0.000253710750258, 0.000257546140347, 0.000311119132675, 0.000203099218197, 0.00019529783458, 0.000218640780076, 0.000252194993664, 0.000261583452811, 0.000351837050403, 0.000322395790135, 0.000323073472828, 0.000355185591616, 0.000353062845534, 0.00031263983692, 0.000325435074046, 0.000279263302218, 0.000205101459869, 3.8111487811e-05],
        "min": [4.05605949232e-25, 7.33688525712e-24, 2.10603931361e-24, 2.23784061593e-24, 1.87502573625e-24, 2.24938638414e-23, 1.35469978848e-23, 5.62565228835e-24, 1.40106966358e-23, 1.79965394217e-23, 3.92271687412e-23, 1.87981735627e-23, 3.19122130284e-23, 3.93228638799e-23, 6.32700587887e-23, 5.33845019975e-23, 9.30182370274e-23, 1.16013835337e-22, 1.23206782667e-22, 1.57238444067e-22, 2.01153522867e-22, 3.89813180312e-22, 3.78555239049e-22, 7.01244232314e-22, 9.16080919925e-22, 1.44918075033e-21, 1.84332372941e-21],
        "var": [0.000107700478111, 0.000904626271222, 7.89897603681e-05, 2.90731550194e-05, 0.000283401634078, 4.66448364023e-06, 9.72281213762e-06, 4.9868399401e-06, 1.42846704421e-06, 7.90605383827e-07, 1.24537507418e-06, 3.64002204378e-07, 2.60887446757e-07, 1.29163743168e-06, 3.86977689004e-07, 2.14361890016e-07, 3.96871257635e-07, 2.43761974161e-07, 1.35301561954e-07, 2.10228392916e-07, 1.69918791926e-07, 2.0888437291e-07, 2.27765582395e-07, 3.06630767e-07, 2.52242159604e-07, 1.81034209845e-07, 9.32899126838e-08]
    },
    "erbbands": {
        "dmean": [0.335179150105, 1.23503577709, 2.63679790497, 4.29204273224, 14.0288410187, 9.14017963409, 5.58020544052, 6.31197977066, 12.389550209, 9.23444652557, 8.44715213776, 7.7465968132, 7.89879226685, 12.1786851883, 11.3658599854, 12.3051509857, 9.77453422546, 10.2646055222, 12.5346059799, 13.0588264465, 11.5151815414, 15.9497566223, 17.3943328857, 11.5755624771, 10.7696838379, 10.4987611771, 8.80154514313, 10.4607791901, 8.36257171631, 8.27885341644, 6.69403839111, 5.75695037842, 4.00879716873, 2.61749625206, 1.39376342297, 0.757565975189, 0.290100723505, 0.107858337462, 0.0167819391936, 0.000224137140322],
        "dmean2": [0.448283284903, 1.86179888248, 4.46101617813, 7.37541007996, 21.4583797455, 13.645740509, 9.20155715942, 10.1954994202, 19.1273326874, 14.3336181641, 12.7017593384, 12.3709621429, 12.3982181549, 19.5371570587, 17.5914821625, 19.9968299866, 15.4698982239, 16.374420166, 20.0368709564, 21.0300636292, 19.1580581665, 26.6411514282, 29.817691803, 19.4215297699, 17.9664344788, 17.6718082428, 14.5322799683, 17.7905788422, 13.7855405807, 13.6992034912, 11.1765193939, 9.66063690186, 6.55661344528, 4.25836515427, 2.27824354172, 1.22492599487, 0.459924697876, 0.162286043167, 0.0253221690655, 0.000336598721333],
        "dvar": [0.496460884809, 7.35475683212, 109.750282288, 263.860748291, 2554.32348633, 1070.43395996, 271.23815918, 217.15234375, 1269.03027344, 665.743347168, 1683.96936035, 562.951049805, 443.080627441, 782.544250488, 467.832702637, 404.475952148, 290.477783203, 434.664886475, 902.342224121, 1224.22753906, 338.862609863, 1106.79907227, 664.263793945, 317.626525879, 239.410247803, 247.176544189, 167.655090332, 282.542480469, 156.427062988, 197.366516113, 134.097106934, 121.715736389, 58.1102485657, 30.12525177, 7.75238466263, 2.78868103027, 0.39944344759, 0.0432642810047, 0.0011219875887, 1.93673187709e-07],
        "dvar2": [0.66631346941, 15.0273332596, 293.525177002, 728.12902832, 4414.06298828, 2440.85058594, 734.792053223, 577.990112305, 3094.73779297, 1637.86962891, 3309.10766602, 1430.59631348, 1129.2635498, 2065.46728516, 1019.93658447, 1092.86645508, 704.230834961, 976.285888672, 1987.80908203, 3025.2890625, 840.274047852, 2775.33032227, 1759.62023926, 845.395629883, 650.538696289, 664.079650879, 441.437438965, 784.607727051, 427.490783691, 522.411132812, 364.248779297, 321.931762695, 144.801605225, 77.0052719116, 20.1149177551, 7.20702505112, 1.02325117588, 0.0889247357845, 0.00231626839377, 3.96409205905e-07],
        "max": [13.1335010529, 44.2530441284, 158.048980713, 224.702728271, 514.172058105, 416.948242188, 307.209899902, 327.135253906, 1044.05566406, 799.449951172, 1805.79162598, 831.410644531, 930.62310791, 752.234191895, 946.927185059, 382.949188232, 270.571105957, 699.957519531, 1223.49182129, 1356.1895752, 336.93069458, 521.846618652, 449.517913818, 316.096954346, 222.868499756, 374.802124023, 336.81817627, 286.582611084, 304.092651367, 156.606781006, 130.738555908, 164.774932861, 109.098175049, 81.8502502441, 48.4630393982, 28.2914447784, 11.3580713272, 2.98792529106, 0.523188889027, 0.00661432137713],
        "mean": [0.905656576157, 3.16935396194, 3.32418775558, 4.56629800797, 16.1966323853, 9.67132282257, 6.80697870255, 9.73411178589, 20.173204422, 16.3848609924, 13.045217514, 12.1421880722, 13.7546491623, 19.738155365, 21.0098381042, 20.3616065979, 17.2288227081, 18.2288532257, 21.2076702118, 23.2491664886, 20.1204776764, 24.8293952942, 27.1623668671, 21.6344566345, 20.7966480255, 20.0635948181, 17.3173503876, 18.0054798126, 16.0122776031, 14.902712822, 12.0778570175, 10.2644958496, 7.50870037079, 4.96906137466, 2.83612585068, 1.50366306305, 0.616531312466, 0.248909264803, 0.031781706959, 0.000489306694362],
        "median": [0.400689393282, 1.39998960495, 0.819125711918, 1.0747102499, 1.62903428078, 1.65973615646, 2.1925470829, 2.86506581306, 4.33079814911, 4.02747154236, 4.39735364914, 5.08400249481, 7.37104845047, 9.99228572845, 11.7133979797, 12.5681962967, 10.4820871353, 10.0976419449, 11.5324764252, 13.8610181808, 14.4658498764, 16.0370845795, 20.1503047943, 17.3636608124, 16.1740055084, 15.0047101974, 14.1610717773, 13.7914199829, 12.437789917, 10.8449211121, 8.63031291962, 7.09271812439, 5.19320869446, 3.37196183205, 1.87644088268, 0.933982074261, 0.356894254684, 0.0952068716288, 0.0058340318501, 0.000173105639988],
        "min": [1.68372452126e-22, 1.37805695015e-21, 2.9148198907e-21, 8.83068295158e-21, 1.80622318452e-20, 8.11696987021e-21, 5.05266313513e-20, 1.76036286964e-19, 1.88976105931e-19, 1.83406233577e-19, 2.93729483223e-19, 3.87253987097e-19, 5.51685317808e-19, 6.98175333677e-19, 2.02271095573e-18, 1.22210021163e-18, 1.98095487841e-18, 1.8717136844e-18, 3.01526709981e-18, 3.99249641433e-18, 3.64766094698e-18, 5.84364183921e-18, 6.15102380919e-18, 7.42650115858e-18, 8.73752204529e-18, 7.12740092088e-18, 9.66553845605e-18, 9.70728378003e-18, 1.22191368241e-17, 1.14713316359e-17, 1.15639857907e-17, 1.28614508415e-17, 1.15535782042e-17, 8.04451509117e-18, 7.19554405974e-18, 4.94682750833e-18, 2.50629108159e-18, 1.16909602894e-18, 2.5415496552e-19, 2.81664724409e-20],
        "var": [2.15015673637, 24.01263237, 93.1892776489, 191.377563477, 3861.78540039, 1196.79602051, 238.890167236, 398.681182861, 2021.00390625, 1271.48937988, 2904.79638672, 686.004577637, 549.234863281, 1079.68103027, 1116.67041016, 581.557067871, 506.472320557, 905.972229004, 1993.76989746, 2289.11010742, 490.467132568, 1405.59277344, 855.825195312, 419.15625, 371.233886719, 423.567779541, 255.019897461, 335.253692627, 235.916442871, 267.653808594, 173.259216309, 149.792053223, 80.716758728, 37.9786453247, 10.9483528137, 3.59815597534, 0.593327581882, 0.127614557743, 0.00287023955025, 5.117276487e-07]
    },
    "gfcc": {
        "mean": [30.6248168945, 30.7322387695, -92.9674606323, 35.2937850952, -45.1012649536, 23.3120250702, -28.1868209839, 17.4919776917, -19.6122226715, 10.8598384857, -12.1512212753, 10.5977487564, -11.1240177155],
        "cov": [[16015.6894531, -950.677246094, 948.088928223, 556.925720215, 13.1648569107, 303.221618652, -9.81158447266, 92.7108383179, -409.838592529, -132.571548462, -361.560394287, 198.302642822, -157.673568726], [-950.677246094, 1384.5838623, -411.359802246, -203.95425415, -155.190307617, -186.317626953, -167.743301392, -47.2382316589, 72.8802947998, 5.54769039154, 55.0071487427, -71.9671554565, 5.14862966537], [948.088928223, -411.359802246, 1043.79589844, 352.749572754, 340.977172852, 105.965003967, 182.991668701, -39.8404693604, -45.5642662048, -107.677230835, -72.3974914551, 10.0877408981, 5.41950654984], [556.925720215, -203.95425415, 352.749572754, 375.583282471, 211.708892822, 136.910354614, 98.8624420166, 13.56320858, -33.2470474243, -41.6026878357, -35.6398773193, 18.1228256226, 16.0126190186], [13.1648569107, -155.190307617, 340.977172852, 211.708892822, 359.035308838, 188.459793091, 214.217529297, 22.6895122528, 31.1457805634, -28.8743591309, 23.1313076019, 14.6278705597, 41.9566497803], [303.221618652, -186.317626953, 105.965003967, 136.910354614, 188.459793091, 279.458984375, 194.102096558, 74.6185836792, 21.5569095612, 46.635093689, 38.1434860229, 46.6862411499, 35.1279830933], [-9.81158447266, -167.743301392, 182.991668701, 98.8624420166, 214.217529297, 194.102096558, 289.373260498, 114.188980103, 67.3764343262, 19.9747333527, 55.489200592, 24.1860694885, 51.5831069946], [92.7108383179, -47.2382316589, -39.8404693604, 13.56320858, 22.6895122528, 74.6185836792, 114.188980103, 158.868560791, 73.7038803101, 58.0037994385, 42.44581604, 20.7257709503, 18.2457695007], [-409.838592529, 72.8802947998, -45.5642662048, -33.2470474243, 31.1457805634, 21.5569095612, 67.3764343262, 73.7038803101, 135.544845581, 82.8535385132, 68.2836303711, 9.35214328766, 24.7386360168], [-132.571548462, 5.54769039154, -107.677230835, -41.6026878357, -28.8743591309, 46.635093689, 19.9747333527, 58.0037994385, 82.8535385132, 146.525512695, 93.7067947388, 33.6284675598, 9.31928539276], [-361.560394287, 55.0071487427, -72.3974914551, -35.6398773193, 23.1313076019, 38.1434860229, 55.489200592, 42.44581604, 68.2836303711, 93.7067947388, 142.639007568, 46.9880409241, 31.9851989746], [198.302642822, -71.9671554565, 10.0877408981, 18.1228256226, 14.6278705597, 46.6862411499, 24.1860694885, 20.7257709503, 9.35214328766, 33.6284675598, 46.9880409241, 87.5801773071, 37.4188919067], [-157.673568726, 5.14862966537, 5.41950654984, 16.0126190186, 41.9566497803, 35.1279830933, 51.5831069946, 18.2457695007, 24.7386360168, 9.31928539276, 31.9851989746, 37.4188919067, 72.4671783447]],
        "icov": [[8.76289923326e-05, -1.81551422429e-05, -7.9809120507e-05, -2.88630344585e-05, 5.49749638594e-05, -6.26355322311e-05, 1.17036070151e-05, -0.000185488301213, 0.000265854119789, -0.000140706877573, 0.000268730043899, -0.000350491493009, 0.000230909368838], [-1.81551422429e-05, 0.00104838912375, 0.000266962248133, 5.163881724e-05, -2.04928765015e-05, -6.93739857525e-05, 0.000821340770926, 0.000136869653943, -0.0010498042684, 0.00106007105205, -0.00108748662751, 0.00120364769828, -0.000638439552858], [-7.9809120507e-05, 0.000266962248133, 0.00219623465091, -0.00122992019169, -0.00135180016514, 0.00174055341631, -0.00169952481519, 0.00133270793594, -0.000186795979971, -0.00022373131651, 0.000844188849442, -0.00087883049855, 0.000901763094589], [-2.88630344585e-05, 5.163881724e-05, -0.00122992019169, 0.00569915166125, -0.00276464130729, -0.00169609521981, 0.00258012651466, -0.00220847781748, 0.00156982103363, -0.000166226614965, 0.000801377289463, 0.00015707698185, -0.00104082468897], [5.49749638594e-05, -2.04928765015e-05, -0.00135180016514, -0.00276464130729, 0.0108690047637, -0.00430313870311, -0.00369859160855, 0.00397990969941, -0.00466464832425, 0.00499148387462, -0.00306968670338, 0.00145345693454, -0.000188381643966], [-6.26355322311e-05, -6.93739857525e-05, 0.00174055341631, -0.00169609521981, -0.00430313870311, 0.0125285657123, -0.00724304048344, 0.000267964089289, 0.00539123732597, -0.00814023800194, 0.00425831554458, -0.00394207239151, 0.00098213844467], [1.17036070151e-05, 0.000821340770926, -0.00169952481519, 0.00258012651466, -0.00369859160855, -0.00724304048344, 0.0165129583329, -0.00797771010548, -0.00275579094887, 0.00602201512083, -0.00522625120357, 0.00487334467471, -0.00461233081296], [-0.000185488301213, 0.000136869653943, 0.00133270793594, -0.00220847781748, 0.00397990969941, 0.000267964089289, -0.00797771010548, 0.0148501563817, -0.00606739986688, -0.0010122252861, 0.00127334764693, -0.00180640921462, 0.00205270037986], [0.000265854119789, -0.0010498042684, -0.000186795979971, 0.00156982103363, -0.00466464832425, 0.00539123732597, -0.00275579094887, -0.00606739986688, 0.021115468815, -0.0125977732241, 0.00206819362938, 0.00118001038209, -0.00321368849836], [-0.000140706877573, 0.00106007105205, -0.00022373131651, -0.000166226614965, 0.00499148387462, -0.00814023800194, 0.00602201512083, -0.0010122252861, -0.0125977732241, 0.0243340954185, -0.0124652124941, 0.00074644619599, 0.00298391352408], [0.000268730043899, -0.00108748662751, 0.000844188849442, 0.000801377289463, -0.00306968670338, 0.00425831554458, -0.00522625120357, 0.00127334764693, 0.00206819362938, -0.0124652124941, 0.0197088439018, -0.00842424761504, 8.22657093522e-05], [-0.000350491493009, 0.00120364769828, -0.00087883049855, 0.00015707698185, 0.00145345693454, -0.00394207239151, 0.00487334467471, -0.00180640921462, 0.00118001038209, 0.00074644619599, -0.00842424761504, 0.0232508815825, -0.0115481251851], [0.000230909368838, -0.000638439552858, 0.000901763094589, -0.00104082468897, -0.000188381643966, 0.00098213844467, -0.00461233081296, 0.00205270037986, -0.00321368849836, 0.00298391352408, 8.22657093522e-05, -0.0115481251851, 0.0235489271581]]
    },
    "melbands": {
        "dmean": [0.00236374721862, 0.00133763533086, 0.000989281455986, 0.000986947794445, 0.000188150093891, 0.000149724874063, 0.000178596514161, 9.29051238927e-05, 6.93438269082e-05, 4.77080830024e-05, 4.08696141676e-05, 4.98636472912e-05, 4.42333257524e-05, 3.04740133288e-05, 3.49957990693e-05, 2.08012152143e-05, 2.05936667044e-05, 2.38994925894e-05, 1.7278964151e-05, 1.75857912836e-05, 1.39938874781e-05, 1.78445679921e-05, 1.61744119396e-05, 1.41858836287e-05, 9.79040032689e-06, 8.84386099642e-06, 8.4180092017e-06, 7.42328984416e-06, 6.02827594776e-06, 5.80474534218e-06, 6.62095408188e-06, 4.95063068229e-06, 5.06966716785e-06, 4.6701525207e-06, 3.98752126785e-06, 4.03833837481e-06, 3.66918266081e-06, 3.05336811834e-06, 2.64925620286e-06, 2.19534422286e-06],
        "dmean2": [0.00318123749457, 0.00213744398206, 0.00161093357019, 0.00141656037886, 0.000304144952679, 0.000241280373302, 0.000275466998573, 0.000143200391904, 0.000105720224383, 7.64599317336e-05, 6.43210005364e-05, 8.01008936833e-05, 6.83827602188e-05, 4.82727882627e-05, 5.81804779358e-05, 3.28678579535e-05, 3.28316491505e-05, 3.8263231545e-05, 2.76699520327e-05, 2.88893970719e-05, 2.34430681303e-05, 2.99184484902e-05, 2.7729638532e-05, 2.4058344934e-05, 1.65232268046e-05, 1.46661459439e-05, 1.43314937304e-05, 1.25626957015e-05, 9.99190433504e-06, 9.74982958724e-06, 1.13829764814e-05, 8.24393464427e-06, 8.42319514049e-06, 7.77258355811e-06, 6.68320717523e-06, 6.90286196914e-06, 6.18383319306e-06, 5.01437625644e-06, 4.34729327026e-06, 3.59291652785e-06],
        "dvar": [2.25099574891e-05, 1.67629768839e-05, 1.01982404885e-05, 1.36658118208e-05, 2.78548384358e-07, 1.16776213588e-07, 2.35694429307e-07, 7.13892518434e-08, 1.01837215993e-07, 1.9855450617e-08, 1.24675940683e-08, 1.3498890894e-08, 9.64521440494e-09, 1.97375671362e-09, 4.815008392e-09, 1.67273639384e-09, 1.83327308889e-09, 4.48086812099e-09, 1.50291312728e-09, 1.44120015921e-09, 5.39609579242e-10, 1.30062494108e-09, 9.071954854e-10, 4.37676450638e-10, 2.32829339142e-10, 1.39837003088e-10, 1.87460186263e-10, 1.21677973253e-10, 8.14466202814e-11, 7.13857722934e-11, 1.22301141436e-10, 5.39401683042e-11, 5.76548600528e-11, 6.28953000792e-11, 4.16155859773e-11, 6.56786500186e-11, 4.69901305367e-11, 3.15730983025e-11, 2.95364635527e-11, 2.01223118029e-11],
        "dvar2": [3.11773037538e-05, 4.28856546932e-05, 2.5543560696e-05, 2.70129348792e-05, 7.05119816757e-07, 3.07616829787e-07, 5.76567288135e-07, 1.66009058944e-07, 2.13231416524e-07, 5.08153163992e-08, 3.17732471444e-08, 3.53540769993e-08, 2.06090327026e-08, 4.93676388658e-09, 1.31464688025e-08, 4.00912902876e-09, 4.02092137364e-09, 9.61087565088e-09, 3.64290997368e-09, 3.60584651027e-09, 1.36241218307e-09, 3.2753697532e-09, 2.43938291788e-09, 1.12968212562e-09, 6.20460516298e-10, 3.68792857364e-10, 5.21653442664e-10, 3.27217947182e-10, 2.12486209183e-10, 1.94337115844e-10, 3.42762318528e-10, 1.45956483011e-10, 1.55056661955e-10, 1.66260297196e-10, 1.13700306115e-10, 1.79785394905e-10, 1.23183449552e-10, 7.84160097966e-11, 7.53797996245e-11, 5.19328885451e-11],
        "max": [0.0890305489302, 0.0640101134777, 0.0394946709275, 0.0421514026821, 0.0120029654354, 0.00690685212612, 0.0143341980875, 0.00755570270121, 0.0124470796436, 0.00479544978589, 0.00520762661472, 0.0038295739796, 0.00456697726622, 0.000749553786591, 0.00165713601746, 0.00103787821718, 0.00152992282528, 0.00289456429891, 0.00137147225905, 0.00139136775397, 0.000424277881393, 0.000587684335187, 0.000456082139863, 0.000625607965048, 0.000283426576061, 0.000193863525055, 0.000260926870396, 0.000270377262495, 0.000218441840843, 0.00015495243133, 0.000188260644791, 0.000175557623152, 0.000147418424604, 8.66194459377e-05, 7.01693279552e-05, 0.000107019382995, 0.000101170247945, 7.15059650247e-05, 7.91822458268e-05, 7.34569694032e-05],
        "mean": [0.00675022229552, 0.00249758781865, 0.00112743966747, 0.00108140148222, 0.000233470316743, 0.000231825004448, 0.00029894101317, 0.000162630065461, 0.000101111552794, 7.50612307456e-05, 6.85906707076e-05, 7.87013341323e-05, 7.67133678892e-05, 5.35659928573e-05, 5.00161368109e-05, 3.51396447513e-05, 3.45188927895e-05, 3.73765142285e-05, 2.8737984394e-05, 2.9127993912e-05, 2.21739846893e-05, 2.6016125048e-05, 2.39589717239e-05, 2.23815459321e-05, 1.68819624378e-05, 1.60279541888e-05, 1.4554464542e-05, 1.30401267597e-05, 1.08597851067e-05, 1.04571945485e-05, 1.03354368548e-05, 8.89943203219e-06, 8.92095431482e-06, 7.99077042757e-06, 6.98038184055e-06, 6.53788401905e-06, 6.22091874902e-06, 5.36977859156e-06, 4.72089914183e-06, 4.00222006647e-06],
        "median": [0.00337066687644, 0.000987325794995, 0.000221744383452, 0.000126001556055, 7.62194540584e-05, 6.73324102536e-05, 6.54940449749e-05, 4.00700882892e-05, 3.37265701091e-05, 3.17137491948e-05, 3.61126403732e-05, 3.94203379983e-05, 3.71398491552e-05, 3.24564061884e-05, 2.71398494078e-05, 1.90050959645e-05, 1.76921894308e-05, 1.72434483829e-05, 1.67235448316e-05, 1.78923946805e-05, 1.50337609739e-05, 1.56406640599e-05, 1.69010072568e-05, 1.626548692e-05, 1.30785811052e-05, 1.23718309624e-05, 9.93305002339e-06, 9.5802179203e-06, 8.44489022711e-06, 8.23764548841e-06, 7.4548511293e-06, 6.63177615934e-06, 6.70059398544e-06, 5.57190332984e-06, 4.96663733429e-06, 4.44214674644e-06, 4.08960659115e-06, 3.64407242159e-06, 3.1790571029e-06, 2.68136386694e-06],
        "min": [2.98796687298e-24, 1.66842977049e-24, 2.96892554567e-24, 4.97108834553e-25, 1.62390764429e-24, 4.10983475972e-24, 2.79814189285e-24, 1.77987786981e-24, 3.05562628953e-24, 1.95160046432e-24, 2.75219449221e-24, 2.1146187676e-24, 6.66516151886e-24, 2.40569798922e-24, 3.86919668489e-24, 2.56466588618e-24, 3.33324419145e-24, 3.83101621151e-24, 4.81929208167e-24, 4.8045372273e-24, 4.08459357734e-24, 5.6368501689e-24, 6.02253333736e-24, 4.76354091491e-24, 5.81425591458e-24, 3.64493378473e-24, 5.83558947447e-24, 4.19095766534e-24, 4.68129506579e-24, 3.66563822804e-24, 5.28793856824e-24, 5.97023264821e-24, 7.32005254313e-24, 5.73057867735e-24, 5.95521668087e-24, 7.45132767523e-24, 6.8238700778e-24, 8.09655199797e-24, 6.35380166944e-24, 6.40551741824e-24],
        "var": [0.000106153493107, 2.2009584427e-05, 9.84704001894e-06, 1.82551139005e-05, 2.71262621254e-07, 2.08706509852e-07, 4.00666067435e-07, 1.44135839264e-07, 1.5770409334e-07, 2.4187505332e-08, 1.48690944002e-08, 1.79332193539e-08, 2.28411334291e-08, 3.7425089694e-09, 5.33344080011e-09, 2.97278113237e-09, 4.05660882663e-09, 1.00951957904e-08, 2.65886934692e-09, 2.50655207701e-09, 7.05676073132e-10, 1.68388658572e-09, 9.4647656379e-10, 6.0759242082e-10, 2.9362898224e-10, 2.18738430147e-10, 3.12222359078e-10, 1.84314230545e-10, 1.14842815813e-10, 1.02796084145e-10, 1.28543120592e-10, 7.91749305007e-11, 8.3769921555e-11, 8.40120265022e-11, 5.64087283828e-11, 6.74080929963e-11, 5.90494389496e-11, 4.33758688689e-11, 3.69826391733e-11, 2.48902131544e-11]
    },
    "mfcc": {
        "mean": [-618.422668457, 72.7233810425, 11.3968162537, 21.7095012665, 10.742389679, 11.2193727493, 8.57270812988, 10.1754827499, 4.31888532639, 4.33532094955, 3.73770809174, 5.04388570786, 4.86008310318],
        "cov": [[9603.11621094, -444.675109863, 390.280181885, 315.884552002, 74.8835906982, 134.207992554, 120.753494263, 221.513031006, 43.6079521179, -174.013656616, -130.978607178, -121.700248718, -131.574768066], [-444.675109863, 984.860961914, -135.989685059, -101.647521973, -89.0695877075, -163.160095215, -168.860244751, -115.139144897, -71.0200881958, -13.6267604828, 9.04823207855, 18.1580600739, 40.2987174988], [390.280181885, -135.989685059, 512.684509277, 242.151016235, 149.495819092, 118.349082947, 91.6025543213, 71.9866714478, 45.8102684021, -21.3681182861, -28.1519927979, -47.8372001648, -50.7236862183], [315.884552002, -101.647521973, 242.151016235, 301.502410889, 159.260620117, 95.6604309082, 80.7293548584, 80.8480834961, 42.6679191589, -6.82883501053, -14.6508131027, -35.2486343384, -40.7925987244], [74.8835906982, -89.0695877075, 149.495819092, 159.260620117, 189.345443726, 144.000854492, 95.782661438, 71.4678878784, 38.9823570251, 0.844212532043, -1.67257094383, -4.93803930283, -14.1777181625], [134.207992554, -163.160095215, 118.349082947, 95.6604309082, 144.000854492, 260.238494873, 173.044403076, 101.778800964, 71.1626052856, 20.7663192749, 14.0356960297, 18.5680618286, 12.1372337341], [120.753494263, -168.860244751, 91.6025543213, 80.7293548584, 95.782661438, 173.044403076, 246.450256348, 148.030532837, 86.0813522339, 59.9120445251, 27.7377071381, 34.7988739014, 18.0204792023], [221.513031006, -115.139144897, 71.9866714478, 80.8480834961, 71.4678878784, 101.778800964, 148.030532837, 167.601898193, 99.5183563232, 35.9651298523, 16.9315032959, 11.6443004608, 4.84119415283], [43.6079521179, -71.0200881958, 45.8102684021, 42.6679191589, 38.9823570251, 71.1626052856, 86.0813522339, 99.5183563232, 121.80695343, 62.0892524719, 29.4007568359, 10.4418735504, 3.19091653824], [-174.013656616, -13.6267604828, -21.3681182861, -6.82883501053, 0.844212532043, 20.7663192749, 59.9120445251, 35.9651298523, 62.0892524719, 124.966911316, 71.205696106, 40.6400299072, 25.2037162781], [-130.978607178, 9.04823207855, -28.1519927979, -14.6508131027, -1.67257094383, 14.0356960297, 27.7377071381, 16.9315032959, 29.4007568359, 71.205696106, 93.8610839844, 62.3753089905, 30.6253814697], [-121.700248718, 18.1580600739, -47.8372001648, -35.2486343384, -4.93803930283, 18.5680618286, 34.7988739014, 11.6443004608, 10.4418735504, 40.6400299072, 62.3753089905, 107.315505981, 67.6936416626], [-131.574768066, 40.2987174988, -50.7236862183, -40.7925987244, -14.1777181625, 12.1372337341, 18.0204792023, 4.84119415283, 3.19091653824, 25.2037162781, 30.6253814697, 67.6936416626, 98.9601516724]],
