{
"lowlevel": {
    "average_loudness": 0.958067774773,
    "barkbands_crest": {
        "dmean": 3.14926147461,
        "dmean2": 5.01748180389,
        "dvar": 11.8765001297,
        "dvar2": 28.2786083221,
        "max": 25.828125,
        "mean": 12.3004636765,
        "median": 12.2289638519,
        "min": 2.03955936432,
        "var": 27.6465034485
    },
    "barkbands_flatness_db": {
        "dmean": 0.0272752586752,
        "dmean2": 0.0423421598971,
        "dvar": 0.000922153703868,
        "dvar2": 0.00212624715641,
        "max": 0.708400845528,
        "mean": 0.108834147453,
        "median": 0.0955261737108,
        "min": 0.0148705691099,
        "var": 0.00578772695735
    },
    "barkbands_kurtosis": {
        "dmean": 3.63401222229,
        "dmean2": 5.96439313889,
        "dvar": 90.4587936401,
        "dvar2": 245.001281738,
        "max": 292.845397949,
        "mean": 4.5097117424,
        "median": 0.976902961731,
        "min": -1.89689612389,
        "var": 286.875
    },
    "barkbands_skewness": {
        "dmean": 0.719336211681,
        "dmean2": 1.11578094959,
        "dvar": 0.747449874878,
        "dvar2": 1.78052413464,
        "max": 13.471786499,
        "mean": 1.54135680199,
        "median": 1.45082235336,
        "min": -5.28339767456,
        "var": 1.91798126698
    },
    "barkbands_spread": {
        "dmean": 9.87264823914,
        "dmean2": 15.6795024872,
        "dvar": 111.06098938,
        "dvar2": 279.393890381,
        "max": 119.788085938,
        "mean": 37.842010498,
        "median": 37.9794998169,
        "min": 0.153263837099,
        "var": 250.226211548
    },
    "dissonance": {
        "dmean": 0.0108608137816,
        "dmean2": 0.0183629393578,
        "dvar": 0.000121415643662,
        "dvar2": 0.000330317387125,
        "max": 0.499999970198,
        "mean": 0.481049209833,
        "median": 0.485608965158,
        "min": 0.316601455212,
        "var": 0.000266300194198
    },
    "dynamic_complexity": 2.0801692009,
    "erbbands_crest": {
        "dmean": 2.3933300972,
        "dmean2": 3.92966961861,
        "dvar": 6.33501005173,
        "dvar2": 16.114938736,
        "max": 31.2611484528,
        "mean": 7.22436094284,
        "median": 5.92462062836,
        "min": 2.30491185188,
        "var": 16.4130058289
    },
    "erbbands_flatness_db": {
        "dmean": 0.0148082440719,
        "dmean2": 0.0230293050408,
        "dvar": 0.000232759542996,
        "dvar2": 0.000529560260475,
        "max": 0.469543457031,
        "mean": 0.112898088992,
        "median": 0.103169195354,
        "min": 0.0339220836759,
        "var": 0.00160170323215
    },
    "erbbands_kurtosis": {
        "dmean": 0.801029026508,
        "dmean2": 1.33227157593,
        "dvar": 4.58025407791,
        "dvar2": 12.9419145584,
        "max": 85.4808425903,
        "mean": 0.0459069162607,
        "median": -0.322035908699,
        "min": -1.85289168358,
        "var": 5.36915206909
    },
    "erbbands_skewness": {
        "dmean": 0.33605709672,
        "dmean2": 0.546652138233,
        "dvar": 0.136553660035,
        "dvar2": 0.35650280118,
        "max": 6.32193183899,
        "mean": -0.135753363371,
        "median": -0.171840682626,
        "min": -6.84955883026,
        "var": 0.392167150974
    },
    "erbbands_spread": {
        "dmean": 11.0445127487,
        "dmean2": 17.0135364532,
        "dvar": 177.523147583,
        "dvar2": 386.520965576,
        "max": 171.326538086,
        "mean": 47.865447998,
        "median": 44.5486831665,
        "min": 2.19412326813,
        "var": 384.164733887
    },
    "hfc": {
        "dmean": 14.3947973251,
        "dmean2": 22.5428333282,
        "dvar": 370.07635498,
        "dvar2": 917.823425293,
        "max": 229.507049561,
        "mean": 41.7625045776,
        "median": 37.5650901794,
        "min": 1.07486740619e-16,
        "var": 776.714355469
    },
    "melbands_crest": {
        "dmean": 3.91970252991,
        "dmean2": 6.34594726562,
        "dvar": 20.2008705139,
        "dvar2": 47.7332649231,
        "max": 39.4233894348,
        "mean": 20.1755638123,
        "median": 20.467590332,
        "min": 1.49726474285,
        "var": 67.8474884033
    },
    "melbands_flatness_db": {
        "dmean": 0.0364246852696,
        "dmean2": 0.0568465851247,
        "dvar": 0.0017452838365,
        "dvar2": 0.00400376273319,
        "max": 0.847544789314,
        "mean": 0.175053626299,
        "median": 0.167651847005,
        "min": 0.00333622423932,
        "var": 0.00851425807923
    },
    "melbands_kurtosis": {
        "dmean": 19.3920021057,
        "dmean2": 31.9296340942,
        "dvar": 5887.42675781,
        "dvar2": 16729.5683594,
        "max": 2288.08618164,
        "mean": 27.369058609,
        "median": 11.6023864746,
        "min": -1.94382238388,
        "var": 7505.96484375
    },
    "melbands_skewness": {
        "dmean": 1.30619740486,
        "dmean2": 2.04263138771,
        "dvar": 3.74053668976,
        "dvar2": 9.2717294693,
        "max": 38.549407959,
        "mean": 3.62590050697,
        "median": 3.23390698433,
        "min": -2.70646619797,
        "var": 7.46175050735
    },
    "melbands_spread": {
        "dmean": 13.5755357742,
        "dmean2": 22.0992412567,
        "dvar": 330.34286499,
        "dvar2": 804.959838867,
        "max": 247.112304688,
        "mean": 33.0806694031,
        "median": 27.1830711365,
        "min": 0.0443350858986,
        "var": 596.766845703
    },
    "pitch_salience": {
        "dmean": 0.0981172770262,
        "dmean2": 0.1581800282,
        "dvar": 0.0117468973622,
        "dvar2": 0.0277778953314,
        "max": 0.93152743578,
        "mean": 0.449964314699,
        "median": 0.435127228498,
        "min": 0.0336768627167,
        "var": 0.0261793006212
    },
    "silence_rate_20dB": {
        "dmean": 0,
        "dmean2": 0,
        "dvar": 0,
        "dvar2": 0,
        "max": 1,
        "mean": 1,
        "median": 1,
        "min": 1,
        "var": 0
    },
    "silence_rate_30dB": {
        "dmean": 0.0220689661801,
        "dmean2": 0.0441419892013,
        "dvar": 0.0215826090425,
        "dvar2": 0.0561745762825,
        "max": 1,
        "mean": 0.984920918941,
        "median": 1,
        "min": 0,
        "var": 0.0148525619879
    },
    "silence_rate_60dB": {
        "dmean": 0.0126896547154,
        "dmean2": 0.0253816451877,
        "dvar": 0.0125298099592,
        "dvar2": 0.0291484594345,
        "max": 1,
        "mean": 0.0373299010098,
        "median": 0,
        "min": 0,
        "var": 0.0359319075942
    },
    "spectral_centroid": {
        "dmean": 365.762451172,
        "dmean2": 568.564453125,
        "dvar": 161189.234375,
        "dvar2": 363609.125,
        "max": 11601.0380859,
        "mean": 2286.60693359,
        "median": 2313.00683594,
        "min": 72.3503494263,
        "var": 1007670.125
    },
    "spectral_complexity": {
        "dmean": 6.59806919098,
        "dmean2": 10.2405738831,
        "dvar": 45.3616485596,
        "dvar2": 97.1949005127,
        "max": 62,
        "mean": 28.1590652466,
        "median": 29,
        "min": 0,
        "var": 163.698638916
    },
    "spectral_decrease": {
        "dmean": 3.4186224962e-09,
        "dmean2": 5.41445110969e-09,
        "dvar": 2.39542356778e-17,
        "dvar2": 5.84247923686e-17,
        "max": 1.24658026724e-21,
        "mean": -1.04432116288e-08,
        "median": -1.08782352015e-08,
        "min": -4.78360782097e-08,
        "var": 3.80360542011e-17
    },
    "spectral_energy": {
        "dmean": 0.013241790235,
        "dmean2": 0.020863475278,
        "dvar": 0.00034485431388,
        "dvar2": 0.000832329329569,
        "max": 0.188471779227,
        "mean": 0.0432029552758,
        "median": 0.0445456467569,
        "min": 9.80094561527e-21,
        "var": 0.000593980192207
    },
    "spectral_energyband_high": {
        "dmean": 0.00138326804154,
        "dmean2": 0.00219641579315,
        "dvar": 3.86726833312e-06,
        "dvar2": 9.63217007666e-06,
        "max": 0.0266210269183,
        "mean": 0.00318746152334,
        "median": 0.00257578724995,
        "min": 7.07069140849e-21,
        "var": 7.19981198927e-06
    },
    "spectral_energyband_low": {
        "dmean": 0.0104774571955,
        "dmean2": 0.0170310474932,
        "dvar": 0.000245126895607,
        "dvar2": 0.000629607704468,
        "max": 0.125459298491,
        "mean": 0.0250299833715,
        "median": 0.0257051568478,
        "min": 2.10296417603e-23,
        "var": 0.0003673027677
    },
    "spectral_energyband_middle_high": {
        "dmean": 0.0026019338984,
        "dmean2": 0.00424043927342,
        "dvar": 1.12535553853e-05,
        "dvar2": 2.91803880828e-05,
        "max": 0.0464623048902,
        "mean": 0.00697767315432,
        "median": 0.00607920438051,
        "min": 1.1815998381e-21,
        "var": 2.47241150646e-05
    },
    "spectral_energyband_middle_low": {
        "dmean": 0.00620845099911,
        "dmean2": 0.0102284280583,
        "dvar": 0.000247935822699,
        "dvar2": 0.000597553502303,
        "max": 0.180234789848,
        "mean": 0.00901449471712,
        "median": 0.00525047536939,
        "min": 1.21964194213e-22,
        "var": 0.000249424512731
    },
    "spectral_entropy": {
        "dmean": 0.14691786468,
        "dmean2": 0.230295404792,
        "dvar": 0.0295751076192,
        "dvar2": 0.0730188339949,
        "max": 9.82486248016,
        "mean": 8.06182575226,
        "median": 8.1528263092,
        "min": 4.5717625618,
        "var": 0.207181558013
    },
    "spectral_flux": {
        "dmean": 0.0361128933728,
        "dmean2": 0.0554168857634,
        "dvar": 0.00197149324231,
        "dvar2": 0.00380576471798,
        "max": 0.406693696976,
        "mean": 0.109862454236,
        "median": 0.0899755805731,
        "min": 6.41810424251e-11,
        "var": 0.0044262856245
    },
    "spectral_kurtosis": {
        "dmean": 0.788285672665,
        "dmean2": 1.27538430691,
        "dvar": 2.89040875435,
        "dvar2": 7.67795181274,
        "max": 78.7057342529,
        "mean": 2.85003495216,
        "median": 2.31367945671,
        "min": -1.24713790417,
        "var": 16.9862651825
    },
    "spectral_rms": {
        "dmean": 0.000965376559179,
        "dmean2": 0.00149084883742,
        "dvar": 1.40468910104e-06,
        "dvar2": 3.27352631757e-06,
        "max": 0.0135600483045,
        "mean": 0.00616287207231,
        "median": 0.00659235659987,
        "min": 3.09223198262e-12,
        "var": 4.16842021878e-06
    },
    "spectral_rolloff": {
        "dmean": 1092.48266602,
        "dmean2": 1797.61010742,
        "dvar": 2006621.75,
        "dvar2": 4433883,
        "max": 19702.8808594,
        "mean": 2255.2980957,
        "median": 1765.72265625,
        "min": 43.06640625,
        "var": 5535423
    },
    "spectral_skewness": {
        "dmean": 0.135111168027,
        "dmean2": 0.214505717158,
        "dvar": 0.0258383825421,
        "dvar2": 0.0658470541239,
        "max": 7.02558326721,
        "mean": 1.25815212727,
        "median": 1.22248625755,
        "min": -0.0707270130515,
        "var": 0.204122960567
    },
    "spectral_spread": {
        "dmean": 577125.4375,
        "dmean2": 881433.875,
        "dvar": 492963954688,
        "dvar2": 1.04673083392e+12,
        "max": 42388552,
        "mean": 6161268.5,
        "median": 5948269,
        "min": 1036067.5625,
        "var": 1.00150563308e+13
    },
    "spectral_strongpeak": {
        "dmean": 0.361103773117,
        "dmean2": 0.621173620224,
        "dvar": 0.730986654758,
        "dvar2": 1.92279279232,
        "max": 15.0369224548,
        "mean": 0.580753326416,
        "median": 0.366691708565,
        "min": 0,
        "var": 0.828698396683
    },
    "zerocrossingrate": {
        "dmean": 0.0174925010651,
        "dmean2": 0.0219575688243,
        "dvar": 0.000351182505256,
        "dvar2": 0.000516999512911,
        "max": 0.64404296875,
        "mean": 0.0897028669715,
        "median": 0.08203125,
        "min": 0.0009765625,
        "var": 0.00301122060046
    },
    "barkbands": {
        "dmean": [0.00132440740708, 0.00799075234681, 0.00357382418588, 0.00309207150713, 0.00262694060802, 0.000624220992904, 0.00049699441297, 0.000426721235272, 0.000562281580642, 0.000479835172882, 0.000460370210931, 0.000423244171543, 0.000474293716252, 0.000391342211515, 0.000594541372266, 0.000350342597812, 0.000422248704126, 0.000367306958651, 0.000366592721548, 0.000368836190319, 0.000343354069628, 0.000306922127493, 0.000270590011496, 0.00024878786644, 0.000206302487641, 0.000127046310809, 2.91800315608e-05],
        "dmean2": [0.00213818135671, 0.0129242017865, 0.00634812936187, 0.00540397176519, 0.00435072137043, 0.00106776482426, 0.000795477244537, 0.000688400061335, 0.000919701356906, 0.000766324577853, 0.00074393505929, 0.000700828561094, 0.000787803670391, 0.000644628191367, 0.000976490671746, 0.000580117281061, 0.000701730838045, 0.000606176792644, 0.000603701162618, 0.000613043375779, 0.000569955212995, 0.000504414434545, 0.000441961601609, 0.000402914156439, 0.000323892803863, 0.000198678666493, 4.74836706417e-05],
        "dvar": [1.05109875221e-05, 0.00013433440472, 0.000108517961053, 9.76467345026e-05, 7.61952978792e-05, 3.1076463074e-06, 8.58187775066e-07, 7.34928335078e-07, 8.32446460208e-07, 6.78961896483e-07, 7.14467489615e-07, 5.65973437006e-07, 6.70016220283e-07, 6.49118476304e-07, 1.37949507462e-06, 3.1973522141e-07, 4.20206703211e-07, 2.76378756325e-07, 2.77974834262e-07, 3.42752429106e-07, 2.16793594632e-07, 2.35162417539e-07, 1.83907388873e-07, 1.4340172072e-07, 9.33176309559e-08, 3.54080817999e-08, 1.78289516484e-09],
        "dvar2": [2.3741460609e-05, 0.000335387565428, 0.000301168474834, 0.000257557723671, 0.000186049539479, 8.66714799486e-06, 2.09356244341e-06, 1.81880102446e-06, 2.04656043934e-06, 1.56180635713e-06, 1.66310201166e-06, 1.3270882846e-06, 1.65928884144e-06, 1.66593281392e-06, 3.53369796358e-06, 7.7593676906e-07, 1.03454101463e-06, 7.09948267286e-07, 7.14848397365e-07, 9.27619225877e-07, 5.70346912809e-07, 6.06495063948e-07, 4.71826837156e-07, 3.59834217534e-07, 2.1873005096e-07, 8.47367616075e-08, 4.48101378225e-09],
        "max": [0.0726843178272, 0.0932110697031, 0.0938437134027, 0.0945059731603, 0.125330999494, 0.0416688024998, 0.0163559298962, 0.0213976986706, 0.0151101667434, 0.0134692909196, 0.0147033995017, 0.0140358749777, 0.0134757170454, 0.0236027725041, 0.0216929353774, 0.0124781802297, 0.0228280872107, 0.0120532596484, 0.0121487965807, 0.0104791801423, 0.00730924867094, 0.0123005723581, 0.00868434086442, 0.00631320755929, 0.00634124362841, 0.0028702931013, 0.000608350732364],
        "mean": [0.00266578700393, 0.0179503858089, 0.00355194695294, 0.00280708866194, 0.00266475137323, 0.000911085982807, 0.000852785015013, 0.00064097403083, 0.000876096135471, 0.000761862844229, 0.000733439752366, 0.00060663401382, 0.000682119221892, 0.000569183321204, 0.000898473779671, 0.000522199727129, 0.000680573226418, 0.000646391185001, 0.000644873420242, 0.000651074340567, 0.000643063045572, 0.000560137152206, 0.000482554460177, 0.000472383806482, 0.000430724554462, 0.000248771888437, 4.77334651805e-05],
        "median": [0.000681579695083, 0.0167380273342, 0.000834333710372, 0.000409927131841, 0.000531445606612, 0.000400081451517, 0.000334805954481, 0.000257584091742, 0.000416598923039, 0.000312066287734, 0.000282890629023, 0.00029038998764, 0.000321868952597, 0.000285972026177, 0.000429387786426, 0.000338349607773, 0.000471886916785, 0.000472603976959, 0.000498771551065, 0.000500187743455, 0.000510147830937, 0.00042098184349, 0.000334877171554, 0.00033308568527, 0.00031179911457, 0.000185577751836, 2.52132940659e-05],
        "min": [3.23617022251e-25, 2.62258582878e-24, 1.80712749206e-24, 1.29553827743e-24, 8.25946045236e-24, 7.86144857124e-24, 6.70374155029e-24, 1.18763285382e-23, 1.28077437088e-23, 2.19754512758e-23, 2.29269800328e-23, 2.53181184107e-23, 3.18639631399e-23, 3.07913174127e-23, 5.96454764321e-23, 5.57212152838e-23, 7.15600781348e-23, 9.09880056691e-23, 1.13974535234e-22, 1.77559286415e-22, 2.41391134075e-22, 3.40431876041e-22, 4.22671445825e-22, 6.50105194485e-22, 9.15521421905e-22, 1.31212039635e-21, 1.77987417005e-21],
        "var": [2.52490008279e-05, 0.000233378159464, 7.43401469663e-05, 7.68311147112e-05, 7.11181855877e-05, 2.80870199276e-06, 1.88012518265e-06, 1.24931102619e-06, 1.73652983904e-06, 1.68680946899e-06, 1.93555183614e-06, 9.4604683909e-07, 1.08340941551e-06, 9.91036131381e-07, 2.41241423282e-06, 5.02091097587e-07, 6.79008223869e-07, 4.85330247102e-07, 3.80173275971e-07, 4.19972025156e-07, 3.27217691165e-07, 3.06204952949e-07, 2.68506965995e-07, 2.45471511562e-07, 2.19715403205e-07, 7.29304900915e-08, 3.379140745e-09]
    },
    "erbbands": {
        "dmean": [0.292517364025, 1.69451236725, 3.75486063957, 7.31095552444, 11.3563976288, 7.79346418381, 4.96733856201, 5.25165224075, 6.05053138733, 9.07513523102, 9.8643283844, 12.9225282669, 13.2112731934, 15.3835792542, 16.3887233734, 18.884645462, 21.922952652, 19.8084201813, 24.7130947113, 29.9614448547, 18.1640548706, 20.3655529022, 19.3735046387, 18.1720523834, 18.5721416473, 18.0996303558, 14.6387720108, 12.9932184219, 11.2525987625, 9.15535926819, 7.61004400253, 5.96159267426, 3.87816309929, 2.48928284645, 1.45128560066, 0.682575821877, 0.214647337794, 0.0487203337252, 0.00460027391091, 7.38307426218e-05],
        "dmean2": [0.469081073999, 2.72563958168, 6.43169403076, 12.9474430084, 18.6067733765, 13.6068458557, 8.66427230835, 8.9563999176, 9.95552158356, 14.3325538635, 15.8501787186, 21.101266861, 21.3481826782, 24.7387714386, 26.5781860352, 30.9676151276, 36.215587616, 32.3860435486, 40.500831604, 49.4179878235, 30.0719299316, 33.9400444031, 32.1042556763, 30.0387077332, 30.6378002167, 30.0895252228, 24.1891059875, 21.6590633392, 18.5582447052, 15.0630407333, 12.3996191025, 9.73820114136, 6.27377605438, 4.00988292694, 2.25837635994, 1.07875001431, 0.339226961136, 0.0773855149746, 0.00748325465247, 0.000116983341286],
        "dvar": [0.192781880498, 7.17276144028, 90.5691680908, 493.434448242, 1684.87866211, 721.868286133, 213.644729614, 191.484283447, 150.875610352, 278.061706543, 418.819213867, 477.212005615, 524.101928711, 723.120300293, 832.993408203, 1202.98242188, 1469.77709961, 1547.58056641, 3223.22753906, 3976.88525391, 763.682434082, 882.998779297, 768.561889648, 657.408752441, 862.678466797, 824.39642334, 428.671356201, 346.663909912, 303.547851562, 235.848327637, 144.791000366, 86.8933181763, 35.2345161438, 14.4800405502, 4.55706977844, 1.1871945858, 0.100700676441, 0.00468488316983, 4.64213408122e-05, 9.92858861792e-09],
        "dvar2": [0.474453419447, 17.474811554, 241.327346802, 1375.74743652, 3882.92407227, 1975.01745605, 576.179016113, 529.84564209, 379.794158936, 642.674255371, 1037.11425781, 1177.0859375, 1237.70935059, 1722.8548584, 1907.64501953, 2785.63500977, 3578.59912109, 4045.80029297, 8106.17236328, 9991.36425781, 1836.20031738, 2249.46191406, 1963.4666748, 1727.35058594, 2223.78881836, 2211.91918945, 1105.6940918, 907.609985352, 775.609130859, 624.048095703, 365.540771484, 222.545822144, 88.0014801025, 35.8439102173, 10.3572616577, 2.91574883461, 0.240525841713, 0.0113865304738, 0.000116483090096, 2.38739872316e-08],
        "max": [5.01547336578, 22.6126251221, 82.1582336426, 192.163192749, 607.296447754, 405.030273438, 212.591217041, 333.453674316, 248.702148438, 335.65234375, 576.708190918, 424.711212158, 445.054138184, 492.281860352, 616.1171875, 704.338623047, 669.52166748, 885.679748535, 1314.7635498, 1586.29760742, 923.734619141, 804.053161621, 658.98034668, 661.134765625, 853.112304688, 659.250671387, 338.400787354, 289.844024658, 312.57510376, 480.963745117, 255.597732544, 212.339981079, 68.5905761719, 76.4585342407, 41.8133964539, 25.191822052, 6.23404073715, 0.874993145466, 0.0990554913878, 0.00138060108293],
        "mean": [0.734470307827, 3.14852118492, 4.40989923477, 6.90088176727, 11.1633729935, 7.59731912613, 5.85168361664, 7.72149467468, 9.6528635025, 15.9678506851, 15.8990306854, 20.4195156097, 21.6304512024, 25.5910682678, 28.1847839355, 29.1573181152, 33.0556106567, 30.4856910706, 36.9257354736, 46.9534683228, 30.0146789551, 34.6386642456, 35.608997345, 33.6760139465, 33.2768173218, 32.5416984558, 26.9416694641, 23.9105510712, 20.1851921082, 16.4597873688, 13.6235370636, 10.6958808899, 7.30958938599, 4.94343137741, 2.96378588676, 1.31988584995, 0.411965340376, 0.0944614186883, 0.00745435850695, 0.000177107343916],
        "median": [0.55314540863, 2.23842334747, 1.65627622604, 1.63135290146, 1.59837675095, 1.78306221962, 2.23390817642, 3.43691825867, 4.2271156311, 6.28495693207, 7.6390376091, 10.0269851685, 10.0347995758, 12.3766784668, 13.5164031982, 15.4143066406, 16.5175876617, 16.0334587097, 18.3964042664, 23.1236972809, 21.3355903625, 25.6225013733, 26.6861209869, 26.0627975464, 25.4519176483, 25.0597476959, 20.5906944275, 18.5158538818, 15.066411972, 11.8436937332, 9.46821975708, 7.41360855103, 5.08092164993, 3.54669475555, 2.11682510376, 0.945510268211, 0.305469572544, 0.0646551996469, 0.00381014123559, 0.000134088651976],
        "min": [8.24151828439e-23, 3.24050907976e-22, 2.19770862373e-21, 7.67312527147e-21, 1.81810469698e-20, 2.35504007261e-20, 4.29471495491e-20, 5.89268992722e-20, 7.43865882657e-20, 1.58633285755e-19, 3.02851139879e-19, 3.66179622287e-19, 6.62310126485e-19, 8.55224671957e-19, 1.16190638186e-18, 1.44466845828e-18, 1.68786534864e-18, 1.38367867396e-18, 3.07675639783e-18, 2.6823254557e-18, 3.45053036532e-18, 4.17113392582e-18, 5.55434989563e-18, 6.22245788612e-18, 7.29804331817e-18, 8.51223857828e-18, 1.01251927963e-17, 1.08042079903e-17, 1.18520770816e-17, 1.17670396059e-17, 1.18056904472e-17, 1.0880218444e-17, 9.47159272655e-18, 9.01950047148e-18, 7.13370982741e-18, 4.55129786355e-18, 2.52616533657e-18, 9.18359594101e-19, 2.53367282781e-19, 2.62949633803e-20],
        "var": [0.479327857494, 10.5083961487, 72.4073562622, 332.690429688, 1676.80639648, 524.91986084, 173.591659546, 185.662460327, 258.697784424, 750.053405762, 723.523986816, 975.067199707, 1237.04406738, 1689.07214355, 2332.40136719, 2100.00830078, 2473.86083984, 2419.92651367, 5043.05419922, 7506.24853516, 1251.65783691, 1391.68237305, 1303.76696777, 1069.64697266, 1132.44885254, 1022.97064209, 667.238098145, 477.446716309, 405.265625, 291.280273438, 220.142700195, 134.217987061, 62.0295028687, 29.2425117493, 10.9360771179, 2.33884644508, 0.190872237086, 0.00978162512183, 8.44817914185e-05, 2.29417072006e-08]
    },
    "gfcc": {
        "mean": [42.9765777588, 35.5807151794, -102.166717529, 42.381187439, -45.4687919617, 27.0223083496, -27.059627533, 18.8491668701, -20.0412864685, 10.9064836502, -15.8488082886, 5.61109638214, -12.455581665],
        "cov": [[20083.9863281, -1092.40234375, -1133.1986084, 304.428924561, -809.48236084, 456.514709473, -253.107284546, 668.162414551, -564.589233398, 152.503494263, -353.672637939, 260.129547119, -492.268218994], [-1092.40234375, 1295.18017578, 177.44934082, 162.110122681, 106.684410095, -127.672668457, 54.9668273926, -81.348487854, 179.737411499, -30.9703083038, 97.3131408691, -37.046131134, 147.350585938], [-1133.1986084, 177.44934082, 777.604248047, 179.549957275, 299.213653564, 59.4705238342, 68.3819656372, -17.0607204437, 65.4545059204, 32.492515564, 28.6960430145, 6.36176204681, 39.1026916504], [304.428924561, 162.110122681, 179.549957275, 318.698516846, 87.4267120361, 86.2117233276, 30.6664505005, 21.1079978943, 30.3541469574, 15.7538824081, 29.0829048157, -3.20379209518, 12.3709888458], [-809.48236084, 106.684410095, 299.213653564, 87.4267120361, 385.64352417, 127.952392578, 109.422996521, -7.63387584686, 83.9004974365, 43.592086792, 34.5834960938, -0.364885270596, 46.5558433533], [456.514709473, -127.672668457, 59.4705238342, 86.2117233276, 127.952392578, 252.024917603, 120.401893616, 103.27911377, 32.6038627625, 45.5960998535, 11.2330379486, 16.123085022, -13.7331323624], [-253.107284546, 54.9668273926, 68.3819656372, 30.6664505005, 109.422996521, 120.401893616, 229.93196106, 141.18661499, 113.329910278, 68.7396774292, 53.3509063721, 22.8607349396, 36.6614837646], [668.162414551, -81.348487854, -17.0607204437, 21.1079978943, -7.63387584686, 103.27911377, 141.18661499, 241.761352539, 103.148635864, 94.3868865967, 34.962059021, 52.7521972656, -1.78699088097], [-564.589233398, 179.737411499, 65.4545059204, 30.3541469574, 83.9004974365, 32.6038627625, 113.329910278, 103.148635864, 217.933837891, 115.836578369, 91.1719284058, 30.0461406708, 62.9718742371], [152.503494263, -30.9703083038, 32.492515564, 15.7538824081, 43.592086792, 45.5960998535, 68.7396774292, 94.3868865967, 115.836578369, 159.733444214, 88.0322723389, 53.131072998, 27.3989849091], [-353.672637939, 97.3131408691, 28.6960430145, 29.0829048157, 34.5834960938, 11.2330379486, 53.3509063721, 34.962059021, 91.1719284058, 88.0322723389, 135.942153931, 68.7085418701, 49.4464836121], [260.129547119, -37.046131134, 6.36176204681, -3.20379209518, -0.364885270596, 16.123085022, 22.8607349396, 52.7521972656, 30.0461406708, 53.131072998, 68.7085418701, 111.96988678, 51.5260276794], [-492.268218994, 147.350585938, 39.1026916504, 12.3709888458, 46.5558433533, -13.7331323624, 36.6614837646, -1.78699088097, 62.9718742371, 27.3989849091, 49.4464836121, 51.5260276794, 120.943115234]],
        "icov": [[0.000122784767882, -0.000140673015267, 0.0001705759787, -0.000213476567296, 6.80723533151e-05, -0.0001740854932, 0.000171797713847, -0.000283395784209, 0.000437979353592, -0.000584962021094, 0.000711068161763, -0.000707625877112, 0.000450838822871], [-0.000140673015267, 0.0016112618614, -0.000243220900302, -0.000459045812022, -0.000140486197779, 0.00106918532401, -0.000446828373242, 0.000495108542964, -0.00177559105214, 0.00218472257257, -0.00199594767764, 0.00201272778213, -0.00170371087734], [0.0001705759787, -0.000243220900302, 0.00233677588403, -0.00127084809355, -0.0015663523227, 0.000569587165955, -3.03168144455e-05, -0.00023284816416, 0.000583341578022, -0.00105487788096, 0.00160974753089, -0.00174901867285, 0.00106072868221], [-0.000213476567296, -0.000459045812022, -0.00127084809355, 0.00498374085873, 0.000137965602335, -0.00195797719061, 0.00111785053741, -0.00050421449123, -1.57388967637e-05, 0.00110963720363, -0.00277924444526, 0.00260817422532, -0.00124835094903], [6.80723533151e-05, -0.000140486197779, -0.0015663523227, 0.000137965602335, 0.00581961032003, -0.00292320246808, -0.00167465757113, 0.00292115402408, -0.00131967943162, -0.00102113781031, 0.00114269659389, -0.000346991844708, -0.000481681607198], [-0.0001740854932, 0.00106918532401, 0.000569587165955, -0.00195797719061, -0.00292320246808, 0.00881877075881, -0.00325039098971, -0.00129221298266, 0.000457939808257, 0.000563380192034, -0.000310704199364, 8.47449337016e-05, 0.000822598696686], [0.000171797713847, -0.000446828373242, -3.03168144455e-05, 0.00111785053741, -0.00167465757113, -0.00325039098971, 0.0118102477863, -0.00706616370007, 5.31807199877e-06, 0.00113281176891, -0.00308888917789, 0.00349069316871, -0.00275347149], [-0.000283395784209, 0.000495108542964, -0.00023284816416, -0.00050421449123, 0.00292115402408, -0.00129221298266, -0.00706616370007, 0.0138749890029, -0.00593878421932, -0.00197676802054, 0.0046313223429, -0.00608329894021, 0.00368414819241], [0.000437979353592, -0.00177559105214, 0.000583341578022, -1.57388967637e-05, -0.00131967943162, 0.000457939808257, 5.31807199877e-06, -0.00593878421932, 0.0156093956903, -0.00808303616941, -0.00165768770967, 0.00297435349785, -0.00265606958419], [-0.000584962021094, 0.00218472257257, -0.00105487788096, 0.00110963720363, -0.00102113781031, 0.000563380192034, 0.00113281176891, -0.00197676802054, -0.00808303616941, 0.0191876310855, -0.0108528323472, 0.0033729984425, -0.0018688433338], [0.000711068161763, -0.00199594767764, 0.00160974753089, -0.00277924444526, 0.00114269659389, -0.000310704199364, -0.00308888917789, 0.0046313223429, -0.00165768770967, -0.0108528323472, 0.0249707419425, -0.0163331087679, 0.00569060258567], [-0.000707625877112, 0.00201272778213, -0.00174901867285, 0.00260817422532, -0.000346991844708, 8.47449337016e-05, 0.00349069316871, -0.00608329894021, 0.00297435349785, 0.0033729984425, -0.0163331087679, 0.0273014288396, -0.0133050652221], [0.000450838822871, -0.00170371087734, 0.00106072868221, -0.00124835094903, -0.000481681607198, 0.000822598696686, -0.00275347149, 0.00368414819241, -0.00265606958419, -0.0018688433338, 0.00569060258567, -0.0133050652221, 0.0182799417526]]
    },
    "melbands": {
        "dmean": [0.00236240704544, 0.00190639332868, 0.00143545283936, 0.000670712906867, 0.00020302007033, 0.000118432260933, 9.34628551477e-05, 9.54260976869e-05, 8.65333204274e-05, 7.8826873505e-05, 6.67005588184e-05, 6.36299810139e-05, 6.42593440716e-05, 4.5832406613e-05, 5.40337459825e-05, 4.17869559897e-05, 3.83887963835e-05, 3.95496972487e-05, 3.94648413931e-05, 3.29309150402e-05, 2.25958319788e-05, 2.27430682571e-05, 2.16277530853e-05, 2.00135946216e-05, 1.53432265506e-05, 1.52382644956e-05, 1.3618668163e-05, 1.21191551443e-05, 1.00125744211e-05, 9.06217610464e-06, 7.96881886345e-06, 6.8548984018e-06, 6.15448016106e-06, 5.17155740454e-06, 4.69495898869e-06, 4.28583734902e-06, 3.5989414755e-06, 2.86537397187e-06, 2.66400593318e-06, 2.08036317417e-06],
        "dmean2": [0.00381107581779, 0.00308484397829, 0.00247046211734, 0.00110116612632, 0.000357727491064, 0.000201890681637, 0.000152731925482, 0.00015154707944, 0.000138948307722, 0.000129090898554, 0.000107694148028, 0.000102088764834, 0.000103690879769, 7.53152125981e-05, 8.98583239177e-05, 6.89769876772e-05, 6.33136951365e-05, 6.52504677419e-05, 6.49989306112e-05, 5.44330505363e-05, 3.75612726202e-05, 3.78904114768e-05, 3.59970254067e-05, 3.29953873006e-05, 2.55393570114e-05, 2.51251694863e-05, 2.27517884923e-05, 2.02331939363e-05, 1.65759392985e-05, 1.5195963897e-05, 1.32563482111e-05, 1.14061758723e-05, 1.01710111267e-05, 8.58316525409e-06, 7.69747384766e-06, 7.1377940003e-06, 5.89674345974e-06, 4.6671052587e-06, 4.35090942119e-06, 3.36688822244e-06],
        "dvar": [1.15364464364e-05, 1.41526679727e-05, 1.84775708476e-05, 4.93580046168e-06, 4.04166797807e-07, 9.8048282382e-08, 3.4027650031e-08, 2.91369541827e-08, 2.7907626432e-08, 1.70259326637e-08, 1.34037456689e-08, 1.32062085711e-08, 1.42256348923e-08, 6.60814425402e-09, 7.65304974948e-09, 5.22012166826e-09, 6.50703047e-09, 8.13219269702e-09, 5.16235676429e-09, 3.97793931128e-09, 1.52309609369e-09, 1.36412270368e-09, 9.64377910861e-10, 1.02118480338e-09, 5.06228059471e-10, 5.48843581694e-10, 5.44041145467e-10, 3.60480784112e-10, 2.22163634711e-10, 1.74949749132e-10, 1.37097361241e-10, 1.15018057578e-10, 9.71509886427e-11, 7.45930053836e-11, 6.01930796873e-11, 5.14166001442e-11, 3.09789624509e-11, 1.83783370467e-11, 2.01329283106e-11, 1.01798465491e-11],
        "dvar2": [2.89661820716e-05, 3.55908778147e-05, 4.82198302052e-05, 1.18810130516e-05, 1.08516519504e-06, 2.71502273108e-07, 8.51480308484e-08, 6.88286974082e-08, 6.91732111591e-08, 4.23467056976e-08, 3.16209209927e-08, 3.09388958897e-08, 3.28131513072e-08, 1.53153365545e-08, 1.90140596601e-08, 1.31673729697e-08, 1.70811027544e-08, 2.05048902302e-08, 1.33054474105e-08, 9.86196724284e-09, 3.57429907893e-09, 3.44358652704e-09, 2.46345654986e-09, 2.55901633217e-09, 1.32354793791e-09, 1.3761531914e-09, 1.48562928626e-09, 9.65375224204e-10, 5.61822532941e-10, 4.73673766876e-10, 3.58375884524e-10, 2.97479929579e-10, 2.5472354781e-10, 1.98123933925e-10, 1.51633067214e-10, 1.38333303146e-10, 7.81426312546e-11, 4.62800978096e-11, 5.32452519575e-11, 2.54651456172e-11],
        "max": [0.0346323177218, 0.032207030803, 0.0391828045249, 0.0323046483099, 0.0088523728773, 0.00752682890743, 0.00379124120809, 0.00308746285737, 0.00446920795366, 0.00229263165966, 0.00221606297418, 0.0021808729507, 0.00214565126225, 0.00160627427977, 0.00150954874698, 0.001006989507, 0.00202874513343, 0.00222226744518, 0.00143824680708, 0.00149526854511, 0.00152654259, 0.00128589756787, 0.000524089264218, 0.00095492193941, 0.000607288850006, 0.000575835816562, 0.000493561441544, 0.000465802819235, 0.000303837383399, 0.000267725758022, 0.000195168031496, 0.000197683722945, 0.000283277884591, 0.00021514648688, 0.000227209471632, 0.000110280139779, 0.000143859215314, 6.12201620243e-05, 8.28161209938e-05, 7.3361385148e-05],
        "mean": [0.0057868026197, 0.00295857340097, 0.00139853428118, 0.000684012717102, 0.00022735184757, 0.000175852066604, 0.000154737441335, 0.000164092271007, 0.000137901399285, 0.000122396624647, 0.000106377192424, 0.00010165169806, 0.00010473166185, 6.73081158311e-05, 8.18601547508e-05, 6.13432130194e-05, 5.55359765713e-05, 5.54714424652e-05, 6.00769817538e-05, 5.0748421927e-05, 3.39098951372e-05, 3.58877841791e-05, 3.41276863765e-05, 3.37287492584e-05, 2.57756692008e-05, 2.53036378126e-05, 2.26121774176e-05, 2.05796441151e-05, 1.69461709447e-05, 1.5096995412e-05, 1.36273047247e-05, 1.1503983842e-05, 1.04011351141e-05, 8.65009315021e-06, 7.99517965788e-06, 7.09389451004e-06, 6.2487320065e-06, 5.11720509166e-06, 4.67598556497e-06, 3.99886948799e-06],
        "median": [0.00512043386698, 0.00180354388431, 0.000309146096697, 0.000125994061818, 8.46549664857e-05, 7.79649490141e-05, 6.79435615893e-05, 6.74378097756e-05, 6.42184604658e-05, 5.86420610489e-05, 4.58066788269e-05, 4.50626757811e-05, 4.17917544837e-05, 3.19183163811e-05, 4.13043781009e-05, 2.95444224321e-05, 2.65191902145e-05, 2.51976089203e-05, 3.04734785459e-05, 2.66750757874e-05, 2.14926894841e-05, 2.45782175625e-05, 2.29121251323e-05, 2.25778258027e-05, 1.90088976524e-05, 1.82061630767e-05, 1.69192535395e-05, 1.5368568711e-05, 1.21811262943e-05, 1.09694601633e-05, 1.02127833088e-05, 8.30019325804e-06, 7.55037945055e-06, 5.96093377681e-06, 5.41963345313e-06, 4.85636519443e-06, 4.24693644163e-06, 3.50618347511e-06, 3.24644565808e-06, 2.80749645754e-06],
        "min": [1.44266596385e-24, 7.79217721604e-25, 1.74194016837e-24, 1.68203722667e-24, 1.41722766484e-24, 1.45135142102e-24, 1.18089262903e-24, 1.88847009544e-24, 2.28584556303e-24, 2.04772237676e-24, 2.71503283269e-24, 2.34525053628e-24, 3.73851280404e-24, 3.32768942739e-24, 3.03750378796e-24, 2.96129430249e-24, 2.1372036581e-24, 3.01332559564e-24, 3.71572734565e-24, 2.46116240503e-24, 3.5780920225e-24, 3.91216238852e-24, 3.74288467117e-24, 2.76688663214e-24, 4.53040175184e-24, 3.07588778745e-24, 4.36224934458e-24, 4.86283996465e-24, 4.19872518424e-24, 6.30966056306e-24, 5.8913623349e-24, 6.49870319039e-24, 5.61974648118e-24, 5.82822506349e-24, 5.62817979869e-24, 4.93269083679e-24, 6.25459176099e-24, 6.24597385003e-24, 6.12334936662e-24, 6.97458510918e-24],
        "var": [2.43061367655e-05, 1.51155782078e-05, 1.47125301737e-05, 4.78870015286e-06, 3.09460972403e-07, 9.55988568307e-08, 6.11652879456e-08, 7.1543688307e-08, 4.98572312324e-08, 3.41058026265e-08, 3.17556754226e-08, 3.06253298277e-08, 3.94382588809e-08, 1.20282113159e-08, 1.3366948437e-08, 7.96866572728e-09, 9.85530768105e-09, 1.26243868692e-08, 9.10088537864e-09, 8.01951127727e-09, 2.41690134573e-09, 2.03727812398e-09, 1.50506118679e-09, 1.9402972562e-09, 7.79326214673e-10, 7.41787076208e-10, 6.16832696032e-10, 4.42614139784e-10, 3.39187899989e-10, 2.30206714802e-10, 1.79235112863e-10, 1.45526035666e-10, 1.21965035293e-10, 9.02772093192e-11, 8.47017456174e-11, 6.62279953101e-11, 4.85163124953e-11, 3.14427199555e-11, 2.95865623667e-11, 2.03598995302e-11]
    },
    "mfcc": {
        "mean": [-597.903808594, 70.0581512451, 5.74106645584, 24.9063968658, 10.0659656525, 13.4563398361, 9.27621269226, 10.6132888794, 7.07158041, 7.49225139618, 4.72922706604, 4.3849439621, 2.75574970245],
        "cov": [[8557.13867188, 49.9647712708, -147.836883545, -67.6413650513, -118.784721375, -105.66103363, 94.2885665894, 124.060577393, 57.0971488953, 15.7211036682, 63.7289352417, 56.0018501282, -6.9704208374], [49.9647712708, 847.06628418, 127.066726685, 170.302536011, 31.3101978302, -18.3002376556, -45.7163963318, 10.0675764084, 35.9952850342, 14.9657125473, -5.66489744186, 5.21790885925, 36.3299865723], [-147.836883545, 127.066726685, 435.093841553, 194.221832275, 138.312911987, 79.9081802368, 50.4521713257, 32.8497657776, 27.4582767487, 18.6235733032, 14.0613136292, 18.3123455048, 17.9407176971], [-67.6413650513, 170.302536011, 194.221832275, 264.181274414, 105.267692566, 53.8389816284, 22.4855194092, 9.49724006653, 21.3221988678, 16.0226249695, 9.45062351227, 18.5459918976, 23.5860481262], [-118.784721375, 31.3101978302, 138.312911987, 105.267692566, 248.685958862, 143.798141479, 67.8536148071, 26.6399230957, 23.8023700714, 14.3868207932, 24.3012561798, 12.4698734283, 9.6381893158], [-105.66103363, -18.3002376556, 79.9081802368, 53.8389816284, 143.798141479, 190.37789917, 101.593078613, 40.762714386, 32.2131538391, 30.4309387207, 29.5357208252, 15.444196701, 15.2965478897], [94.2885665894, -45.7163963318, 50.4521713257, 22.4855194092, 67.8536148071, 101.593078613, 164.829940796, 86.3712310791, 57.6155853271, 43.1763191223, 38.280582428, 27.3941841125, 17.4079856873], [124.060577393, 10.0675764084, 32.8497657776, 9.49724006653, 26.6399230957, 40.762714386, 86.3712310791, 141.225570679, 86.2822036743, 53.0617485046, 44.83959198, 33.1169471741, 24.0027999878], [57.0971488953, 35.9952850342, 27.4582767487, 21.3221988678, 23.8023700714, 32.2131538391, 57.6155853271, 86.2822036743, 145.90284729, 97.6229858398, 53.3380470276, 33.5376052856, 36.5298919678], [15.7211036682, 14.9657125473, 18.6235733032, 16.0226249695, 14.3868207932, 30.4309387207, 43.1763191223, 53.0617485046, 97.6229858398, 144.341278076, 86.6924591064, 44.8609619141, 35.851234436], [63.7289352417, -5.66489744186, 14.0613136292, 9.45062351227, 24.3012561798, 29.5357208252, 38.280582428, 44.83959198, 53.3380470276, 86.6924591064, 129.038192749, 85.1850967407, 41.432598114], [56.0018501282, 5.21790885925, 18.3123455048, 18.5459918976, 12.4698734283, 15.444196701, 27.3941841125, 33.1169471741, 33.5376052856, 44.8609619141, 85.1850967407, 131.843887329, 78.5876083374], [-6.9704208374, 36.3299865723, 17.9407176971, 23.5860481262, 9.6381893158, 15.2965478897, 17.4079856873, 24.0027999878, 36.5298919678, 35.851234436, 41.432598114, 78.5876083374, 126.125564575]],
