{
"lowlevel": {
    "average_loudness": 0.90233117342,
    "barkbands_crest": {
        "dmean": 2.49047875404,
        "dmean2": 3.98879003525,
        "dvar": 6.64446306229,
        "dvar2": 16.5216941833,
        "max": 26.8305778503,
        "mean": 10.9786653519,
        "median": 10.6540775299,
        "min": 2.01839160919,
        "var": 17.2909374237
    },
    "barkbands_flatness_db": {
        "dmean": 0.0205153096467,
        "dmean2": 0.0321601517498,
        "dvar": 0.000558053434361,
        "dvar2": 0.00125700631179,
        "max": 0.683239281178,
        "mean": 0.150233700871,
        "median": 0.0989318266511,
        "min": 0.0132402433082,
        "var": 0.0170747023076
    },
    "barkbands_kurtosis": {
        "dmean": 2.49337744713,
        "dmean2": 4.03664541245,
        "dvar": 382.778076172,
        "dvar2": 865.336120605,
        "max": 1912.66357422,
        "mean": 3.26383757591,
        "median": 0.686678647995,
        "min": -1.86503899097,
        "var": 490.108795166
    },
    "barkbands_skewness": {
        "dmean": 0.509285509586,
        "dmean2": 0.807116687298,
        "dvar": 0.460478246212,
        "dvar2": 1.04769575596,
        "max": 32.2490310669,
        "mean": 1.43180167675,
        "median": 1.25792169571,
        "min": -2.37507796288,
        "var": 1.28082668781
    },
    "barkbands_spread": {
        "dmean": 6.55468893051,
        "dmean2": 10.5950021744,
        "dvar": 73.916015625,
        "dvar2": 188.515563965,
        "max": 109.642837524,
        "mean": 34.7454719543,
        "median": 36.0898361206,
        "min": 0.092289224267,
        "var": 497.22467041
    },
    "dissonance": {
        "dmean": 0.0156755018979,
        "dmean2": 0.0264688953757,
        "dvar": 0.000482139119413,
        "dvar2": 0.00134267914109,
        "max": 0.500000119209,
        "mean": 0.465871155262,
        "median": 0.480808138847,
        "min": 0.116975069046,
        "var": 0.00195855437778
    },
    "dynamic_complexity": 3.30368709564,
    "erbbands_crest": {
        "dmean": 2.05060863495,
        "dmean2": 3.37850642204,
        "dvar": 4.4467086792,
        "dvar2": 11.4537811279,
        "max": 31.1451320648,
        "mean": 7.93118524551,
        "median": 6.6405711174,
        "min": 2.29161667824,
        "var": 17.8918857574
    },
    "erbbands_flatness_db": {
        "dmean": 0.0137129491195,
        "dmean2": 0.0209735985845,
        "dvar": 0.000208710334846,
        "dvar2": 0.000465114339022,
        "max": 0.580674529076,
        "mean": 0.155706197023,
        "median": 0.115256473422,
        "min": 0.027478273958,
        "var": 0.00926009565592
    },
    "erbbands_kurtosis": {
        "dmean": 0.912320911884,
        "dmean2": 1.48165941238,
        "dvar": 4.28298044205,
        "dvar2": 10.9043216705,
        "max": 106.001846313,
        "mean": 0.9526476264,
        "median": -0.353468418121,
        "min": -1.89356946945,
        "var": 19.8953399658
    },
    "erbbands_skewness": {
        "dmean": 0.322280794382,
        "dmean2": 0.508350253105,
        "dvar": 0.113450631499,
        "dvar2": 0.276103109121,
        "max": 7.06406545639,
        "mean": 0.153730928898,
        "median": -0.106762722135,
        "min": -2.38337397575,
        "var": 0.834119856358
    },
    "erbbands_spread": {
        "dmean": 8.02937698364,
        "dmean2": 12.5404500961,
        "dvar": 137.003143311,
        "dvar2": 295.979248047,
        "max": 185.278594971,
        "mean": 44.0695343018,
        "median": 42.2719230652,
        "min": 0.794166922569,
        "var": 630.021606445
    },
    "hfc": {
        "dmean": 9.37383651733,
        "dmean2": 15.1503305435,
        "dvar": 277.755767822,
        "dvar2": 748.793579102,
        "max": 280.612884521,
        "mean": 39.7014122009,
        "median": 31.3454418182,
        "min": 1.12208360347e-16,
        "var": 1244.68603516
    },
    "melbands_crest": {
        "dmean": 3.19357419014,
        "dmean2": 5.24300384521,
        "dvar": 13.220954895,
        "dvar2": 32.6608085632,
        "max": 39.8564033508,
        "mean": 17.6139621735,
        "median": 16.3388061523,
        "min": 1.80728256702,
        "var": 38.6471977234
    },
    "melbands_flatness_db": {
        "dmean": 0.0267607942224,
        "dmean2": 0.0424607098103,
        "dvar": 0.00105147203431,
        "dvar2": 0.00242631719448,
        "max": 0.842136919498,
        "mean": 0.221800863743,
        "median": 0.168381348252,
        "min": 0.0035192517098,
        "var": 0.0230441167951
    },
    "melbands_kurtosis": {
        "dmean": 8.30697631836,
        "dmean2": 13.4598398209,
        "dvar": 680.847106934,
        "dvar2": 1557.69311523,
        "max": 1536.66540527,
        "mean": 14.9304800034,
        "median": 8.60301589966,
        "min": -1.74570930004,
        "var": 965.034545898
    },
    "melbands_skewness": {
        "dmean": 0.800825238228,
        "dmean2": 1.26581227779,
        "dvar": 1.45395731926,
        "dvar2": 3.22696208954,
        "max": 30.3682727814,
        "mean": 2.96971178055,
        "median": 2.71451449394,
        "min": -2.34625577927,
        "var": 3.15276288986
    },
    "melbands_spread": {
        "dmean": 9.66019439697,
        "dmean2": 15.6729478836,
        "dvar": 227.656082153,
        "dvar2": 558.476257324,
        "max": 209.808059692,
        "mean": 29.2396831512,
        "median": 25.045135498,
        "min": 0.102943696082,
        "var": 552.758544922
    },
    "pitch_salience": {
        "dmean": 0.0717505216599,
        "dmean2": 0.116332314909,
        "dvar": 0.00602497905493,
        "dvar2": 0.0152972554788,
        "max": 0.86297672987,
        "mean": 0.520852148533,
        "median": 0.522737205029,
        "min": 0.0125198354945,
        "var": 0.0131283467636
    },
    "silence_rate_20dB": {
        "dmean": 0,
        "dmean2": 0,
        "dvar": 0,
        "dvar2": 0,
        "max": 1,
        "mean": 1,
        "median": 1,
        "min": 1,
        "var": 0
    },
    "silence_rate_30dB": {
        "dmean": 0.00695035466924,
        "dmean2": 0.0139016956091,
        "dvar": 0.00690138246864,
        "dvar2": 0.016545265913,
        "max": 1,
        "mean": 0.994468450546,
        "median": 1,
        "min": 0,
        "var": 0.00550086097792
    },
    "silence_rate_60dB": {
        "dmean": 0.00723404251039,
        "dmean2": 0.0144691113383,
        "dvar": 0.00718237785622,
        "dvar2": 0.017241191119,
        "max": 1,
        "mean": 0.0531877167523,
        "median": 0,
        "min": 0,
        "var": 0.0503633134067
    },
    "spectral_centroid": {
        "dmean": 259.488922119,
        "dmean2": 411.374206543,
        "dvar": 123566.21875,
        "dvar2": 268252.53125,
        "max": 11607.296875,
        "mean": 1826.43188477,
        "median": 1920.03173828,
        "min": 118.716690063,
        "var": 1061455.625
    },
    "spectral_complexity": {
        "dmean": 4.15574455261,
        "dmean2": 6.4556350708,
        "dvar": 27.5588874817,
        "dvar2": 58.535949707,
        "max": 64,
        "mean": 26.5604572296,
        "median": 26,
        "min": 0,
        "var": 272.914642334
    },
    "spectral_decrease": {
        "dmean": 2.18065254742e-09,
        "dmean2": 3.50414941508e-09,
        "dvar": 1.12655125559e-17,
        "dvar2": 2.75129800856e-17,
        "max": 1.93593202081e-28,
        "mean": -8.36858937703e-09,
        "median": -8.14701994756e-09,
        "min": -5.17412601653e-08,
        "var": 2.93486328312e-17
    },
    "spectral_energy": {
        "dmean": 0.00839943997562,
        "dmean2": 0.0134196868166,
        "dvar": 0.000159518836881,
        "dvar2": 0.000383385602618,
        "max": 0.203454375267,
        "mean": 0.0351860634983,
        "median": 0.0344167277217,
        "min": 1.03144680637e-20,
        "var": 0.000511055695824
    },
    "spectral_energyband_high": {
        "dmean": 0.00102082581725,
        "dmean2": 0.00165606359951,
        "dvar": 3.59364412361e-06,
        "dvar2": 9.65216622717e-06,
        "max": 0.032557617873,
        "mean": 0.00322978314944,
        "median": 0.0021021112334,
        "min": 7.35007569935e-21,
        "var": 1.24071302707e-05
    },
    "spectral_energyband_low": {
        "dmean": 0.00670026428998,
        "dmean2": 0.0110659301281,
        "dvar": 0.000105159910163,
        "dvar2": 0.000277515820926,
        "max": 0.101785957813,
        "mean": 0.0175815746188,
        "median": 0.0151389464736,
        "min": 2.32744164636e-23,
        "var": 0.000215543637751
    },
    "spectral_energyband_middle_high": {
        "dmean": 0.00183182291221,
        "dmean2": 0.00291085592471,
        "dvar": 6.43426801616e-06,
        "dvar2": 1.60738836712e-05,
        "max": 0.0402962826192,
        "mean": 0.00624958053231,
        "median": 0.00510245375335,
        "min": 1.25861972354e-21,
        "var": 3.04820659949e-05
    },
    "spectral_energyband_middle_low": {
        "dmean": 0.0038712315727,
        "dmean2": 0.00617686845362,
        "dvar": 0.000111127257696,
        "dvar2": 0.000252113008173,
        "max": 0.192547902465,
        "mean": 0.00948531087488,
        "median": 0.00712678162381,
        "min": 1.8437358051e-22,
        "var": 0.000135215159389
    },
    "spectral_entropy": {
        "dmean": 0.12576726079,
        "dmean2": 0.195177733898,
        "dvar": 0.0223711635917,
        "dvar2": 0.0524919331074,
        "max": 9.8149394989,
        "mean": 7.58264636993,
        "median": 7.95628595352,
        "min": 3.63875293732,
        "var": 1.0245616436
    },
    "spectral_flux": {
        "dmean": 0.0213192254305,
        "dmean2": 0.0330095924437,
        "dvar": 0.00076132355025,
        "dvar2": 0.0015914121177,
        "max": 0.422021538019,
        "mean": 0.0869360715151,
        "median": 0.0847441330552,
        "min": 6.63109914201e-11,
        "var": 0.00310887629166
    },
    "spectral_kurtosis": {
        "dmean": 4.19422483444,
        "dmean2": 7.09571838379,
        "dvar": 163.322540283,
        "dvar2": 452.348266602,
        "max": 395.001647949,
        "mean": 14.1167869568,
        "median": 2.64357423782,
        "min": -1.24028861523,
        "var": 1366.62634277
    },
    "spectral_rms": {
        "dmean": 0.000655769254081,
        "dmean2": 0.00103373802267,
        "dvar": 6.92588230322e-07,
        "dvar2": 1.63388369856e-06,
        "max": 0.0140887210146,
        "mean": 0.0054692258127,
        "median": 0.00579459220171,
        "min": 3.17220685483e-12,
        "var": 4.41540987595e-06
    },
    "spectral_rolloff": {
        "dmean": 792.637756348,
        "dmean2": 1329.06811523,
        "dvar": 1478080,
        "dvar2": 3555831.75,
        "max": 19315.2832031,
        "mean": 2143.06933594,
        "median": 1701.12304688,
        "min": 21.533203125,
        "var": 3878936.5
    },
    "spectral_skewness": {
        "dmean": 0.288426041603,
        "dmean2": 0.482489585876,
        "dvar": 0.30691114068,
        "dvar2": 0.864928126335,
        "max": 17.812915802,
        "mean": 1.98663699627,
        "median": 1.24456655979,
        "min": -0.0570081174374,
        "var": 5.12120628357
    },
    "spectral_spread": {
        "dmean": 499508,
        "dmean2": 760005.0625,
        "dvar": 476121268224,
        "dvar2": 910453833728,
        "max": 43488308,
        "mean": 5022211.5,
        "median": 5378277.5,
        "min": 344294.90625,
        "var": 5.9041120256e+12
    },
    "spectral_strongpeak": {
        "dmean": 0.240666151047,
        "dmean2": 0.418681591749,
        "dvar": 0.255435198545,
        "dvar2": 0.671549022198,
        "max": 9.16014957428,
        "mean": 0.480893671513,
        "median": 0.325881779194,
        "min": 0,
        "var": 0.314885765314
    },
    "zerocrossingrate": {
        "dmean": 0.011586740613,
        "dmean2": 0.0145393460989,
        "dvar": 0.000232756254263,
        "dvar2": 0.000333111762302,
        "max": 0.845703125,
        "mean": 0.077929392457,
        "median": 0.0791015625,
        "min": 0,
        "var": 0.00238302326761
    },
    "barkbands": {
        "dmean": [0.000770549173467, 0.00491503998637, 0.00233316211961, 0.00196256162599, 0.00169279635884, 0.000681353849359, 0.000513968348969, 0.000477127963677, 0.000342931423802, 0.00045935678645, 0.000392530346289, 0.000312362652039, 0.000351771013811, 0.000256685045315, 0.00032575885416, 0.00028366711922, 0.000356334232492, 0.000361783924745, 0.000345666368958, 0.000330490380293, 0.000324220542097, 0.000264780159341, 0.00020534923533, 0.000195606960915, 0.000156720241648, 7.48719248804e-05, 2.14759638766e-05],
        "dmean2": [0.0012833516812, 0.00778025202453, 0.00396070396528, 0.00331921246834, 0.00286718225107, 0.00111428904347, 0.000808866054285, 0.000747690210119, 0.000553834426682, 0.000726834521629, 0.000624787877314, 0.00051332055591, 0.000590446696151, 0.000427291553933, 0.000523228372913, 0.000465209246613, 0.00058804184664, 0.00059569865698, 0.000573445868213, 0.00055393652292, 0.00054011226166, 0.000442488468252, 0.000335836812155, 0.000319410581142, 0.000252213852946, 0.000120192235045, 3.5555807699e-05],
        "dvar": [3.85058046959e-06, 5.93403747189e-05, 3.50692498614e-05, 5.34090722795e-05, 4.33889545093e-05, 2.4898531592e-06, 9.04600199192e-07, 8.47483818234e-07, 4.64037839265e-07, 7.38155165436e-07, 6.81766607613e-07, 3.54168804506e-07, 5.99862119088e-07, 2.98522536468e-07, 3.96222162635e-07, 2.85711479364e-07, 3.233020891e-07, 3.50410289229e-07, 2.72829822734e-07, 2.53554162555e-07, 2.41321970407e-07, 2.08213933206e-07, 1.95013797111e-07, 1.31707750484e-07, 9.32739681048e-08, 2.91969488586e-08, 2.08838057958e-09],
        "dvar2": [1.00854977063e-05, 0.000143886747537, 9.50448593358e-05, 0.000132734930958, 0.000122832672787, 6.74956618241e-06, 2.20781134885e-06, 1.96400105779e-06, 1.12815394004e-06, 1.77888352937e-06, 1.67547489127e-06, 9.03081001979e-07, 1.58065381584e-06, 7.86744976722e-07, 9.1247028422e-07, 7.19400759408e-07, 8.38128016767e-07, 9.04591672679e-07, 7.30862780074e-07, 6.8708618528e-07, 6.64903154757e-07, 5.69270298456e-07, 5.15597150752e-07, 3.57922914418e-07, 2.44888155976e-07, 7.62988392466e-08, 5.47038059295e-09],
        "max": [0.0476032271981, 0.0740647539496, 0.0705661177635, 0.121033445001, 0.126748338342, 0.033408254385, 0.0191145502031, 0.0215734317899, 0.0126719372347, 0.0160610247403, 0.0184980854392, 0.0117672290653, 0.0139633733779, 0.0110864341259, 0.0161926299334, 0.0112581951544, 0.00920773576945, 0.0129085993394, 0.00819043628871, 0.00786154996604, 0.00702720228583, 0.00811437238008, 0.0104265213013, 0.00462040584534, 0.00481851911172, 0.00294311461039, 0.000700255041011],
        "mean": [0.0014051576145, 0.0115542244166, 0.00337982643396, 0.00266350642778, 0.00272407080047, 0.00135634106118, 0.00102852552664, 0.000910325092264, 0.000583497516345, 0.000815720646642, 0.000652448623441, 0.00049772503553, 0.000518154527526, 0.000399313226808, 0.000554903352167, 0.000484447140479, 0.000648658606224, 0.000715012953151, 0.000734351400752, 0.000692495552357, 0.000722646538634, 0.000610830436926, 0.000450614636065, 0.000474113505334, 0.000395903305616, 0.000177871217602, 3.52930837835e-05],
        "median": [0.000305436202325, 0.00776472361758, 0.00138180167414, 0.000820114917587, 0.000819827837404, 0.000693301088177, 0.000526057381649, 0.000337550212862, 0.000244045513682, 0.000321527564665, 0.000220240384806, 0.000226467935136, 0.000204335810849, 0.000179206981556, 0.000282022490865, 0.000267532654107, 0.000426400190918, 0.00042991223745, 0.000465070566861, 0.000421250762884, 0.000425898557296, 0.000325839035213, 0.000242416150286, 0.000226836011279, 0.000181112700375, 5.02481816511e-05, 3.13152440867e-06],
        "min": [8.64296912574e-25, 7.70310367718e-24, 3.81810965824e-24, 2.12535398123e-24, 7.92209935308e-24, 7.88111645133e-24, 9.97631839382e-24, 8.92327428233e-24, 2.70757636164e-23, 3.3123051409e-23, 1.20790153038e-23, 3.97231003487e-23, 3.74807064277e-23, 6.23517615862e-23, 4.89609991813e-23, 4.77529249693e-23, 7.00280408371e-23, 1.01454744688e-22, 1.71947241583e-22, 1.99060037486e-22, 3.12772367976e-22, 3.41602293189e-22, 5.02584065266e-22, 6.64528651545e-22, 8.69111056155e-22, 1.51852599104e-21, 2.18159273817e-21],
        "var": [9.20760612644e-06, 0.000140149320941, 3.31801347784e-05, 4.69795486424e-05, 3.78668228223e-05, 3.96096402255e-06, 2.18749528358e-06, 2.79294181382e-06, 9.89105160443e-07, 2.12714803638e-06, 1.66004383573e-06, 6.87515580466e-07, 8.81802463937e-07, 4.66024999923e-07, 7.83015536854e-07, 5.11029099926e-07, 6.16278384769e-07, 8.09168852811e-07, 6.75171747844e-07, 6.46308365049e-07, 6.58549765831e-07, 5.25782922978e-07, 3.73361586981e-07, 3.67080843944e-07, 2.84384185534e-07, 7.21719715102e-08, 4.21525214733e-09]
    },
    "erbbands": {
        "dmean": [0.187035515904, 1.01385378838, 2.39218091965, 4.76703453064, 6.38972854614, 5.41420173645, 4.98257017136, 5.78485822678, 7.26155996323, 9.0916929245, 9.42666149139, 7.89223480225, 10.0781974792, 15.1113481522, 15.3130636215, 14.3186178207, 16.2097377777, 13.0929403305, 15.2885656357, 16.1085109711, 15.6949148178, 17.0185451508, 17.6398143768, 18.8137874603, 16.7857913971, 16.3297786713, 13.8074388504, 12.0595445633, 10.1584625244, 7.97121620178, 5.58633852005, 4.32469892502, 3.32619023323, 2.13861751556, 0.993166804314, 0.398935377598, 0.126849636436, 0.0321461185813, 0.00338362320326, 5.20798421348e-05],
        "dmean2": [0.297376990318, 1.58417439461, 3.93950390816, 8.10205745697, 10.5398616791, 9.24890804291, 8.23132038116, 9.61807155609, 11.5829715729, 14.4937028885, 14.652261734, 12.5859107971, 16.2842350006, 23.6868724823, 24.5260486603, 23.3698253632, 27.0966892242, 21.8521308899, 24.6078739166, 26.0493354797, 25.8511543274, 27.7890739441, 28.8545818329, 31.280216217, 27.7440643311, 27.3325748444, 23.0500793457, 20.180021286, 16.9242572784, 13.3605966568, 9.15590286255, 7.15084695816, 5.3979268074, 3.47590065002, 1.60572576523, 0.648497641087, 0.203573837876, 0.0521024316549, 0.00562465330586, 8.45880203997e-05],
        "dvar": [0.102280110121, 2.66923213005, 29.1788368225, 218.432723999, 639.540893555, 375.634063721, 172.921005249, 220.120834351, 226.935546875, 295.865661621, 414.316314697, 240.834365845, 368.385467529, 893.067260742, 1091.49829102, 788.325317383, 1282.68408203, 734.836853027, 978.180297852, 1165.91967773, 791.680725098, 780.187988281, 827.220947266, 850.962524414, 646.307861328, 634.174987793, 437.865509033, 374.525085449, 301.082580566, 258.357696533, 127.780319214, 65.9921417236, 37.8169288635, 17.2868919373, 3.99314975739, 0.752044796944, 0.0789667367935, 0.00475490093231, 5.49508004042e-05, 1.14990159616e-08],
        "dvar2": [0.252145469189, 6.17859458923, 75.625328064, 563.920166016, 1643.07592773, 1069.27697754, 484.220214844, 604.749938965, 573.948730469, 699.514221191, 927.345825195, 577.609985352, 900.264587402, 2132.8515625, 2664.33105469, 1998.09765625, 3331.24536133, 1953.5682373, 2320.61669922, 2684.74243164, 2022.59619141, 1993.2454834, 2104.94946289, 2288.1015625, 1699.26074219, 1747.48498535, 1203.78833008, 1025.35461426, 817.37677002, 719.37713623, 332.719787598, 180.726791382, 98.9274597168, 45.8651771545, 10.5240268707, 1.99998998642, 0.204294592142, 0.0119749326259, 0.000144594305311, 2.97129627569e-08],
        "max": [4.68624162674, 16.3415927887, 67.511428833, 200.049041748, 485.375549316, 377.276245117, 237.132446289, 395.381835938, 278.250610352, 505.777770996, 489.707092285, 293.219360352, 447.069610596, 578.668762207, 998.130187988, 595.26159668, 696.873474121, 519.946228027, 792.358825684, 965.677124023, 709.516174316, 504.370269775, 581.311462402, 454.408447266, 405.815460205, 393.12902832, 281.15447998, 235.710021973, 273.515533447, 372.510620117, 230.056167603, 111.488815308, 98.0288696289, 63.4361190796, 31.2650566101, 14.0952358246, 4.65450048447, 1.11348927021, 0.129890725017, 0.00193481356837],
        "mean": [0.449988007545, 2.12211489677, 3.95644402504, 6.94742250443, 9.11390781403, 8.9050579071, 9.21426010132, 10.9780254364, 14.9661102295, 17.1886234283, 18.7543888092, 14.698184967, 17.7253017426, 27.6178417206, 27.7082042694, 24.4783992767, 25.1765079498, 21.8586578369, 25.8192539215, 28.7216472626, 28.6027545929, 33.5472335815, 37.1236152649, 40.7354316711, 35.3800697327, 34.2878303528, 30.2024345398, 26.5890312195, 22.9136676788, 17.3180103302, 12.2685565948, 9.66878414154, 7.93750953674, 5.11249256134, 2.42557144165, 0.950251221657, 0.295024245977, 0.0690085887909, 0.00549281667918, 0.000137790513691],
        "median": [0.233255892992, 1.41913127899, 2.09635829926, 2.8134458065, 3.02108931541, 2.60881853104, 3.71218252182, 5.7816734314, 7.4176864624, 8.72429275513, 7.30109357834, 7.02744102478, 8.44787120819, 11.2307062149, 11.7153568268, 12.2161111832, 10.8682231903, 10.9652147293, 12.9183359146, 14.514591217, 18.369512558, 22.8315143585, 24.193025589, 24.2643642426, 23.6072158813, 21.2216072083, 18.2567024231, 14.780913353, 11.9798583984, 9.30071640015, 6.36034679413, 4.69359111786, 3.72409105301, 2.54361796379, 0.888139367104, 0.275588303804, 0.0808327049017, 0.0150649761781, 0.000558297848329, 6.64445906295e-05],
        "min": [2.31648184403e-22, 1.84624047003e-21, 6.14333025725e-21, 1.13836603977e-20, 2.90808915275e-20, 2.64700316333e-20, 4.87494402676e-20, 1.11331363092e-19, 1.31374052732e-19, 1.67744240763e-19, 3.44410063872e-19, 5.49342121927e-19, 6.04620017325e-19, 7.74349052118e-19, 1.30210977337e-18, 1.7576256256e-18, 1.65722171906e-18, 1.99754398559e-18, 2.67051393693e-18, 2.96530373645e-18, 2.51122790228e-18, 4.41961319157e-18, 4.05794583953e-18, 8.42284268794e-18, 1.14618347753e-17, 1.05446718013e-17, 1.10495605134e-17, 1.10966006204e-17, 1.18158209282e-17, 1.37985852642e-17, 1.47199552787e-17, 1.18884134715e-17, 1.22253340612e-17, 7.9474793607e-18, 6.7445176269e-18, 5.51041088867e-18, 2.51140223059e-18, 9.58334854962e-19, 2.53399155084e-19, 3.15085664589e-20],
        "var": [0.288493216038, 5.66200256348, 33.3669128418, 191.884017944, 573.234313965, 390.077514648, 238.399932861, 306.534393311, 499.608001709, 775.845825195, 1296.99511719, 575.500915527, 856.90222168, 2571.77929688, 2747.29931641, 1583.70996094, 2002.1574707, 1204.390625, 1760.68774414, 2386.88110352, 1373.63232422, 1584.74304199, 1973.73388672, 2254.5847168, 1519.02148438, 1576.15454102, 1128.54162598, 970.468505859, 760.635559082, 478.882965088, 271.812164307, 159.225448608, 105.272499084, 45.7958106995, 11.9982404709, 2.01821732521, 0.197615727782, 0.011854570359, 0.000104147293314, 3.00105327256e-08]
    },
    "gfcc": {
        "mean": [-1.23792862892, 73.4997406006, -100.282485962, 39.448802948, -50.0489845276, 16.3234863281, -29.439239502, 13.0637321472, -19.7435436249, 5.43487548828, -12.2977838516, 3.15797615051, -8.88068962097],
        "cov": [[27508.0644531, -7900.1640625, -1327.70751953, 2812.0612793, -781.689453125, 1798.65246582, -486.762512207, 1575.60705566, -1201.95043945, 1125.01940918, -502.510864258, 1033.10961914, -831.775939941], [-7900.1640625, 4876.19873047, 779.56463623, -727.704772949, 415.259857178, -934.957458496, 49.8477096558, -769.421813965, 438.420288086, -569.244262695, 247.950866699, -446.210357666, 337.250305176], [-1327.70751953, 779.56463623, 1810.1036377, 457.812133789, 293.74697876, 202.649200439, 44.5844268799, -228.57333374, -94.2407455444, -226.407974243, 20.5149536133, -64.2205505371, 71.8386993408], [2812.0612793, -727.704772949, 457.812133789, 863.930053711, 43.2402915955, 341.369781494, -65.2227020264, 87.0207443237, -252.502853394, 13.3213596344, -64.038520813, 90.965675354, -69.0497970581], [-781.689453125, 415.259857178, 293.74697876, 43.2402915955, 508.067474365, 97.6262817383, 157.328445435, -29.7242660522, 103.438163757, -13.5414915085, 22.0754489899, -21.5282115936, 18.1131191254], [1798.65246582, -934.957458496, 202.649200439, 341.369781494, 97.6262817383, 486.661468506, 124.335029602, 179.709152222, -103.764183044, 95.0448074341, -47.0932235718, 107.816940308, -61.7383079529], [-486.762512207, 49.8477096558, 44.5844268799, -65.2227020264, 157.328445435, 124.335029602, 316.276123047, 101.683403015, 106.640922546, 29.3989620209, 22.7021541595, 23.5708694458, 21.0726261139], [1575.60705566, -769.421813965, -228.57333374, 87.0207443237, -29.7242660522, 179.709152222, 101.683403015, 302.282318115, 46.6672744751, 172.227142334, -9.16456317902, 102.477485657, -50.8813743591], [-1201.95043945, 438.420288086, -94.2407455444, -252.502853394, 103.438163757, -103.764183044, 106.640922546, 46.6672744751, 285.149139404, 72.5511856079, 74.8058013916, -18.1741428375, 63.8457107544], [1125.01940918, -569.244262695, -226.407974243, 13.3213596344, -13.5414915085, 95.0448074341, 29.3989620209, 172.227142334, 72.5511856079, 224.834869385, 43.1042060852, 90.7819290161, -29.9598007202], [-502.510864258, 247.950866699, 20.5149536133, -64.038520813, 22.0754489899, -47.0932235718, 22.7021541595, -9.16456317902, 74.8058013916, 43.1042060852, 119.582565308, 22.6238689423, 44.2707481384], [1033.10961914, -446.210357666, -64.2205505371, 90.965675354, -21.5282115936, 107.816940308, 23.5708694458, 102.477485657, -18.1741428375, 90.7819290161, 22.6238689423, 139.028701782, 9.76153373718], [-831.775939941, 337.250305176, 71.8386993408, -69.0497970581, 18.1131191254, -61.7383079529, 21.0726261139, -50.8813743591, 63.8457107544, -29.9598007202, 44.2707481384, 9.76153373718, 129.144088745]],
        "icov": [[0.000168863509316, -0.000102416779555, 9.7211166576e-05, -0.000318602193147, 7.85104566603e-05, -0.000122205063235, 0.000242410300416, -0.000416227965616, 0.000394190748921, -0.000550236727577, 0.000520156871062, -0.000659901590552, 0.000406693201512], [-0.000102416779555, 0.00123909744434, -0.000198897716473, -3.92987158193e-06, -0.000503001792822, 0.0012657805346, -0.000577663246077, 0.00120628776494, -0.00150936550926, 0.00219915993512, -0.0020575162489, 0.00154835241847, -0.000697063980624], [9.7211166576e-05, -0.000198897716473, 0.00108487950638, -0.000740448245779, -9.82875644695e-05, -0.000868055096362, 0.000161252202815, 0.000354900403181, -5.23964263266e-05, 0.000356196396751, -0.000156153968419, -0.000222748567467, 3.73554030375e-05], [-0.000318602193147, -3.92987158193e-06, -0.000740448245779, 0.00319727417082, -0.000566755537875, -0.000756670313422, 0.000601934734732, -0.000604197790381, 0.00131159694865, 0.000640613317955, -0.000714504858479, 0.000692067085765, -0.000846063136123], [7.85104566603e-05, -0.000503001792822, -9.82875644695e-05, -0.000566755537875, 0.00332009373233, -0.00127025763504, -0.000993183813989, 0.00107902218588, -0.00121383741498, -0.00107848178595, 0.00111817277502, -0.000714169291314, 0.00110569270328], [-0.000122205063235, 0.0012657805346, -0.000868055096362, -0.000756670313422, -0.00127025763504, 0.00678791757673, -0.00255725882016, -0.000369044166291, 0.000671289511956, 0.000370662484784, -0.000476634886581, 0.000262429908616, -0.00042155419942], [0.000242410300416, -0.000577663246077, 0.000161252202815, 0.000601934734732, -0.000993183813989, -0.00255725882016, 0.00646593607962, -0.00353564810939, -0.000363421306247, 0.000990823609754, 0.000246823503403, -0.00138415070251, 0.000200207039597], [-0.000416227965616, 0.00120628776494, 0.000354900403181, -0.000604197790381, 0.00107902218588, -0.000369044166291, -0.00353564810939, 0.0123750483617, -0.00523053761572, -0.00123820651788, 4.95573985972e-05, -0.000505167525262, 0.0010931964498], [0.000394190748921, -0.00150936550926, -5.23964263266e-05, 0.00131159694865, -0.00121383741498, 0.000671289511956, -0.000363421306247, -0.00523053761572, 0.012440145947, -0.00716969463974, 0.00126386864576, 0.000837988161948, -0.00260941963643], [-0.000550236727577, 0.00219915993512, 0.000356196396751, 0.000640613317955, -0.00107848178595, 0.000370662484784, 0.000990823609754, -0.00123820651788, -0.00716969463974, 0.0179406758398, -0.00898313708603, -0.000101030214864, 0.00133008032572], [0.000520156871062, -0.0020575162489, -0.000156153968419, -0.000714504858479, 0.00111817277502, -0.000476634886581, 0.000246823503403, 4.95573985972e-05, 0.00126386864576, -0.00898313708603, 0.0178010668606, -0.00645370548591, -0.000300598127069], [-0.000659901590552, 0.00154835241847, -0.000222748567467, 0.000692067085765, -0.000714169291314, 0.000262429908616, -0.00138415070251, -0.000505167525262, 0.000837988161948, -0.000101030214864, -0.00645370548591, 0.0185324307531, -0.00717342179269], [0.000406693201512, -0.000697063980624, 3.73554030375e-05, -0.000846063136123, 0.00110569270328, -0.00042155419942, 0.000200207039597, 0.0010931964498, -0.00260941963643, 0.00133008032572, -0.000300598127069, -0.00717342179269, 0.0139951426536]]
    },
    "melbands": {
        "dmean": [0.0014901451068, 0.00114946148824, 0.000853457255289, 0.000419236370362, 0.000181394119863, 0.000130113185151, 0.000108315776743, 9.88869651337e-05, 7.50446706661e-05, 4.86534045194e-05, 5.15824431204e-05, 6.38773926767e-05, 5.57686435059e-05, 3.8440037315e-05, 3.82049038308e-05, 2.96657271974e-05, 2.58283798757e-05, 2.50867979048e-05, 2.08736528293e-05, 2.27103955694e-05, 1.96294950001e-05, 1.84790369531e-05, 1.93174928427e-05, 2.05384039873e-05, 1.63460153999e-05, 1.45864732986e-05, 1.13029955173e-05, 1.16728806461e-05, 9.92269269773e-06, 8.43053294375e-06, 7.78201865614e-06, 6.29201304037e-06, 5.39294478585e-06, 4.59019156551e-06, 3.59115028914e-06, 3.10506993628e-06, 2.71295675702e-06, 2.61825289272e-06, 2.27113059736e-06, 1.83783595276e-06],
        "dmean2": [0.00235054595396, 0.00182687665801, 0.00143013673369, 0.000696235802025, 0.000302769069094, 0.000215076855966, 0.000171583888005, 0.000157589398441, 0.000117106828839, 7.78750327299e-05, 8.34870224935e-05, 0.000100336692412, 8.91519885045e-05, 6.27445697319e-05, 6.31162984064e-05, 5.00610185554e-05, 4.31214430137e-05, 4.05962782679e-05, 3.38862737408e-05, 3.67547036149e-05, 3.26429326378e-05, 3.03780343529e-05, 3.16060177283e-05, 3.40241022059e-05, 2.7276115361e-05, 2.4190863769e-05, 1.89038910321e-05, 1.96336950467e-05, 1.66074787558e-05, 1.41103328133e-05, 1.31502110889e-05, 1.05630924736e-05, 9.10062590265e-06, 7.74550426286e-06, 5.91238358538e-06, 5.18008846484e-06, 4.5081837925e-06, 4.28637395089e-06, 3.70521797777e-06, 3.02107991956e-06],
        "dvar": [5.71364853386e-06, 4.60833098259e-06, 7.6803526099e-06, 2.54604947258e-06, 2.59812992454e-07, 1.01405426278e-07, 4.72746357616e-08, 3.50165230145e-08, 2.55355097067e-08, 9.10680242328e-09, 9.39267241762e-09, 1.71402962934e-08, 1.3726142889e-08, 5.1809099233e-09, 5.08685138456e-09, 4.42169856285e-09, 2.89424084698e-09, 2.81884249276e-09, 1.88492976783e-09, 1.98075755797e-09, 1.22471488506e-09, 1.03281239117e-09, 1.08907594054e-09, 1.35596911477e-09, 6.8174688117e-10, 5.1039122928e-10, 3.13405773555e-10, 3.35343863789e-10, 2.29240265659e-10, 1.8097967569e-10, 1.59191354543e-10, 1.14456354117e-10, 8.85540529794e-11, 9.6337826605e-11, 5.13031908622e-11, 3.73000658138e-11, 2.4729844908e-11, 2.2789870685e-11, 1.67932161232e-11, 1.2792263776e-11],
        "dvar2": [1.4202739294e-05, 1.1373095731e-05, 1.90289829334e-05, 6.89088710715e-06, 7.4186408483e-07, 2.74883035445e-07, 1.18778871183e-07, 8.32841990928e-08, 5.8971536987e-08, 2.1915841586e-08, 2.29814300923e-08, 4.09084677244e-08, 3.38293020263e-08, 1.31589299457e-08, 1.30099468976e-08, 1.19542891142e-08, 7.60429230695e-09, 6.89146606447e-09, 4.4166794666e-09, 4.79841544276e-09, 3.18084492079e-09, 2.65393484966e-09, 2.74032929681e-09, 3.5880447502e-09, 1.84720572172e-09, 1.35311262195e-09, 8.3720663735e-10, 9.31830945738e-10, 6.25264229281e-10, 4.96827523566e-10, 4.41858050149e-10, 3.09922948416e-10, 2.46962478245e-10, 2.66414335037e-10, 1.33239003164e-10, 1.00284891502e-10, 6.84747120117e-11, 6.02505059732e-11, 4.39869217439e-11, 3.43481458553e-11],
        "max": [0.0307148993015, 0.0259779132903, 0.0428441949189, 0.0315491482615, 0.00978708826005, 0.00793304946274, 0.00400666007772, 0.00484343757853, 0.00367260188796, 0.00197390653193, 0.00220714672469, 0.00258017145097, 0.0025691865012, 0.00140690885019, 0.00135609915014, 0.00109719100874, 0.00118050188757, 0.00129600649234, 0.00128754589241, 0.00104302470572, 0.000895433418918, 0.000709066691343, 0.000631317787338, 0.000999012729153, 0.000395266310079, 0.000342581508448, 0.000343826657627, 0.000306738016661, 0.000218154134927, 0.00031878228765, 0.000159522489412, 0.000157730682986, 0.00018655587337, 0.000241690067924, 0.000146101563587, 0.000106981337012, 6.63491809973e-05, 6.84778788127e-05, 6.44242682029e-05, 5.49779178982e-05],
        "mean": [0.00359886721708, 0.00233312440105, 0.00128450139891, 0.000665158207994, 0.000332126830472, 0.000251186429523, 0.000226016985835, 0.00018672477745, 0.000146462843986, 8.57511695358e-05, 8.83171669557e-05, 0.000112514040666, 9.430290811e-05, 6.37882549199e-05, 6.12519943388e-05, 4.48319369752e-05, 4.02270015911e-05, 3.95049755753e-05, 3.6143908801e-05, 3.81757890864e-05, 3.28185778926e-05, 3.37739365932e-05, 3.45508597093e-05, 3.72674949176e-05, 3.19062855851e-05, 2.75937836705e-05, 2.23771803576e-05, 2.25449311984e-05, 1.95337743207e-05, 1.64020566444e-05, 1.53038854478e-05, 1.31579918161e-05, 1.11022673082e-05, 9.05183787836e-06, 7.2355633165e-06, 6.19588854534e-06, 5.7026968534e-06, 5.66052676731e-06, 5.08578523295e-06, 4.08472487834e-06],
        "median": [0.00220664404333, 0.0016392795369, 0.000541014538612, 0.00020223489264, 0.00013423319615, 0.000129985623062, 0.000113941001473, 9.24085616134e-05, 5.75651793042e-05, 3.77557116735e-05, 3.97647963837e-05, 4.13834495703e-05, 3.3684700611e-05, 2.96079069813e-05, 2.87080147245e-05, 1.94772746909e-05, 1.75736513484e-05, 1.8181384803e-05, 1.87857131095e-05, 1.85865792446e-05, 1.99580044864e-05, 2.15685104195e-05, 2.05874475796e-05, 2.13220009755e-05, 1.75159038918e-05, 1.73218450072e-05, 1.3418679373e-05, 1.3201791262e-05, 1.12820844151e-05, 8.8745064204e-06, 8.19596880319e-06, 6.72235591992e-06, 5.71277678318e-06, 4.6788736654e-06, 3.6099488625e-06, 2.95865470434e-06, 2.68176609097e-06, 2.55997542808e-06, 2.45829437517e-06, 1.95180723495e-06],
        "min": [2.53785033464e-24, 2.72762995527e-24, 2.747013451e-24, 3.14336694929e-24, 1.4779072401e-24, 3.15735463643e-24, 2.03568968416e-24, 1.48873977945e-24, 3.26254588548e-24, 3.37319920744e-24, 2.73306323476e-24, 3.00808144556e-24, 3.55543002085e-24, 4.29004766694e-24, 3.31781801645e-24, 2.8337846007e-24, 3.64886862292e-24, 3.45534211021e-24, 4.83809852565e-24, 4.43639714207e-24, 2.12714094839e-24, 4.03670735381e-24, 3.17817563394e-24, 4.04904868824e-24, 5.19373516552e-24, 7.84387196141e-24, 5.7623279622e-24, 5.61404262241e-24, 5.47813963781e-24, 5.44033900095e-24, 5.6693267835e-24, 5.6387166138e-24, 4.40075680081e-24, 7.58034982058e-24, 7.75983066488e-24, 8.09254142912e-24, 5.93540917241e-24, 6.92605517516e-24, 4.97667495985e-24, 6.47881403481e-24],
        "var": [1.48347071445e-05, 7.33971228328e-06, 7.08800962457e-06, 2.43579461312e-06, 3.06788024318e-07, 1.52094813188e-07, 1.0931248795e-07, 9.47096410187e-08, 7.3925406241e-08, 2.10589377048e-08, 2.18775948468e-08, 4.89523372948e-08, 3.32764358291e-08, 1.07207593913e-08, 9.11378084112e-09, 5.7400963982e-09, 4.85928142169e-09, 4.58761117983e-09, 3.65981400741e-09, 3.83046572239e-09, 1.97012872682e-09, 1.88043203231e-09, 2.1009716189e-09, 2.67228283946e-09, 1.56991686318e-09, 1.03747677116e-09, 6.88171908347e-10, 7.53632933836e-10, 5.22716758766e-10, 4.07956557424e-10, 3.56695950554e-10, 2.67545652299e-10, 1.86743828734e-10, 1.52968915312e-10, 1.02002031821e-10, 7.315982542e-11, 5.73445076146e-11, 5.70028642344e-11, 4.35417847611e-11, 3.13781604866e-11]
    },
    "mfcc": {
        "mean": [-638.37487793, 96.7901153564, 13.8851127625, 28.6016902924, 8.18140125275, 7.60282325745, 5.58977746964, 6.36411809921, 4.12823963165, 2.49934959412, 1.50370657444, 2.6434109211, 3.23557257652],
        "cov": [[19063.0019531, -4915.98535156, -1998.43725586, 237.819549561, -286.024658203, 290.513244629, 653.98059082, 548.741516113, 132.074768066, 28.4813728333, 446.634216309, 451.60043335, 196.093948364], [-4915.98535156, 3021.27514648, 413.081604004, 158.478240967, 127.22883606, -125.045280457, -319.795776367, -219.375778198, -114.692268372, -59.3546600342, -154.676895142, -115.465675354, -13.7897787094], [-1998.43725586, 413.081604004, 1144.91015625, 254.89175415, 284.381378174, 165.512664795, 70.4976043701, -14.4383611679, -27.6106300354, -87.5894851685, -123.042282104, -89.9759674072, -62.0874557495], [237.819549561, 158.478240967, 254.89175415, 432.783081055, 186.661590576, 126.721542358, 91.1856536865, 49.3237419128, -23.7870731354, -69.3032684326, -43.7873954773, -21.8798675537, -20.862493515], [-286.024658203, 127.22883606, 284.381378174, 186.661590576, 325.901794434, 174.938903809, 67.4958877563, 27.2617015839, 3.66570067406, -10.4206047058, -26.365568161, -22.7069129944, -3.29394078255], [290.513244629, -125.045280457, 165.512664795, 126.721542358, 174.938903809, 280.650756836, 169.651947021, 102.336196899, 39.2231903076, 3.51423215866, 10.5137653351, -5.10657405853, 4.38369750977], [653.98059082, -319.795776367, 70.4976043701, 91.1856536865, 67.4958877563, 169.651947021, 248.874755859, 144.35144043, 45.5250282288, 9.35308742523, 29.0960597992, 11.547337532, 2.89857769012], [548.741516113, -219.375778198, -14.4383611679, 49.3237419128, 27.2617015839, 102.336196899, 144.35144043, 191.030502319, 89.9009933472, 41.5040397644, 51.1220016479, 16.9124450684, 15.3341197968], [132.074768066, -114.692268372, -27.6106300354, -23.7870731354, 3.66570067406, 39.2231903076, 45.5250282288, 89.9009933472, 154.604232788, 92.6610794067, 51.7684631348, 31.9967861176, 31.3926334381], [28.4813728333, -59.3546600342, -87.5894851685, -69.3032684326, -10.4206047058, 3.51423215866, 9.35308742523, 41.5040397644, 92.6610794067, 152.682571411, 83.5051651001, 47.65675354, 40.055267334], [446.634216309, -154.676895142, -123.042282104, -43.7873954773, -26.365568161, 10.5137653351, 29.0960597992, 51.1220016479, 51.7684631348, 83.5051651001, 135.801696777, 68.6934967041, 43.8903312683], [451.60043335, -115.465675354, -89.9759674072, -21.8798675537, -22.7069129944, -5.10657405853, 11.547337532, 16.9124450684, 31.9967861176, 47.65675354, 68.6934967041, 119.374382019, 71.0584869385], [196.093948364, -13.7897787094, -62.0874557495, -20.862493515, -3.29394078255, 4.38369750977, 2.89857769012, 15.3341197968, 31.3926334381, 40.055267334, 43.8903312683, 71.0584869385, 110.632492065]],
