{
"lowlevel": {
    "average_loudness": 0.89505302906,
    "barkbands_crest": {
        "dmean": 2.5029592514,
        "dmean2": 3.99737930298,
        "dvar": 7.35865736008,
        "dvar2": 17.3346385956,
        "max": 26.1076698303,
        "mean": 9.29161834717,
        "median": 8.14784526825,
        "min": 2.13251185417,
        "var": 19.5355186462
    },
    "barkbands_flatness_db": {
        "dmean": 0.0203524902463,
        "dmean2": 0.0314168557525,
        "dvar": 0.000665689643938,
        "dvar2": 0.0014981823042,
        "max": 0.435030728579,
        "mean": 0.10423926264,
        "median": 0.0859991163015,
        "min": 0.0118840616196,
        "var": 0.00406242813915
    },
    "barkbands_kurtosis": {
        "dmean": 2.85226249695,
        "dmean2": 4.48381090164,
        "dvar": 107.690994263,
        "dvar2": 273.271057129,
        "max": 734.070129395,
        "mean": 3.57724952698,
        "median": 0.184246063232,
        "min": -1.93010795116,
        "var": 256.176696777
    },
    "barkbands_skewness": {
        "dmean": 0.529270768166,
        "dmean2": 0.810461044312,
        "dvar": 0.514963984489,
        "dvar2": 1.1732916832,
        "max": 19.9150695801,
        "mean": 1.23036122322,
        "median": 1.04458642006,
        "min": -2.5214111805,
        "var": 1.84493172169
    },
    "barkbands_spread": {
        "dmean": 6.78966140747,
        "dmean2": 10.719959259,
        "dvar": 68.4964828491,
        "dvar2": 168.716522217,
        "max": 107.51763916,
        "mean": 34.8793334961,
        "median": 36.2237091064,
        "min": 0.17716960609,
        "var": 268.653289795
    },
    "dissonance": {
        "dmean": 0.0134675996378,
        "dmean2": 0.0227523371577,
        "dvar": 0.00026619626442,
        "dvar2": 0.000723240897059,
        "max": 0.500000059605,
        "mean": 0.471867591143,
        "median": 0.480105131865,
        "min": 0.234396860003,
        "var": 0.000845950969961
    },
    "dynamic_complexity": 3.22123122215,
    "erbbands_crest": {
        "dmean": 2.13209056854,
        "dmean2": 3.45439052582,
        "dvar": 4.41763496399,
        "dvar2": 11.2275409698,
        "max": 30.2932262421,
        "mean": 7.64870548248,
        "median": 6.78103113174,
        "min": 2.34561276436,
        "var": 12.8015623093
    },
    "erbbands_flatness_db": {
        "dmean": 0.0143854357302,
        "dmean2": 0.0208436939865,
        "dvar": 0.00028283635038,
        "dvar2": 0.000563664245419,
        "max": 0.365325629711,
        "mean": 0.1335067451,
        "median": 0.117748729885,
        "min": 0.0471948124468,
        "var": 0.00310809211805
    },
    "erbbands_kurtosis": {
        "dmean": 0.856258928776,
        "dmean2": 1.32913255692,
        "dvar": 5.95512723923,
        "dvar2": 14.7461528778,
        "max": 139.577911377,
        "mean": 0.530608296394,
        "median": -0.27760887146,
        "min": -1.90892863274,
        "var": 19.3314971924
    },
    "erbbands_skewness": {
        "dmean": 0.298889607191,
        "dmean2": 0.467958658934,
        "dvar": 0.115923807025,
        "dvar2": 0.27569770813,
        "max": 10.1509132385,
        "mean": 0.059918679297,
        "median": -0.113884396851,
        "min": -3.59803318977,
        "var": 0.790048658848
    },
    "erbbands_spread": {
        "dmean": 8.76603603363,
        "dmean2": 13.3481855392,
        "dvar": 140.035461426,
        "dvar2": 293.630279541,
        "max": 159.584228516,
        "mean": 43.256313324,
        "median": 41.2076568604,
        "min": 1.9138879776,
        "var": 414.863525391
    },
    "hfc": {
        "dmean": 9.11604499817,
        "dmean2": 14.478972435,
        "dvar": 226.466629028,
        "dvar2": 550.669250488,
        "max": 210.042953491,
        "mean": 39.2797355652,
        "median": 38.3766288757,
        "min": 1.20186987194e-16,
        "var": 799.231689453
    },
    "melbands_crest": {
        "dmean": 3.37648797035,
        "dmean2": 5.44491481781,
        "dvar": 11.8935308456,
        "dvar2": 29.5161399841,
        "max": 38.1660614014,
        "mean": 14.66036129,
        "median": 13.5670833588,
        "min": 2.14515256882,
        "var": 35.8600540161
    },
    "melbands_flatness_db": {
        "dmean": 0.026528749615,
        "dmean2": 0.0406177788973,
        "dvar": 0.00112373067532,
        "dvar2": 0.00252204667777,
        "max": 0.514278948307,
        "mean": 0.163112446666,
        "median": 0.146135285497,
        "min": 0.00614718347788,
        "var": 0.00540609192103
    },
    "melbands_kurtosis": {
        "dmean": 9.07102108002,
        "dmean2": 14.5555696487,
        "dvar": 681.537719727,
        "dvar2": 1667.49975586,
        "max": 412.351654053,
        "mean": 13.4991044998,
        "median": 6.03443622589,
        "min": -1.83100616932,
        "var": 803.56652832
    },
    "melbands_skewness": {
        "dmean": 0.816703736782,
        "dmean2": 1.26043057442,
        "dvar": 1.69660007954,
        "dvar2": 3.82904291153,
        "max": 18.1675243378,
        "mean": 2.592212677,
        "median": 2.28810572624,
        "min": -1.2512075901,
        "var": 3.69643259048
    },
    "melbands_spread": {
        "dmean": 9.6732378006,
        "dmean2": 15.348238945,
        "dvar": 186.07963562,
        "dvar2": 427.265655518,
        "max": 242.611251831,
        "mean": 35.4729118347,
        "median": 33.0135650635,
        "min": 0.311775028706,
        "var": 495.99420166
    },
    "pitch_salience": {
        "dmean": 0.0709691122174,
        "dmean2": 0.113006263971,
        "dvar": 0.0062738279812,
        "dvar2": 0.0156804434955,
        "max": 0.901697933674,
        "mean": 0.542173743248,
        "median": 0.546525239944,
        "min": 0.0698515623808,
        "var": 0.0148082347587
    },
    "silence_rate_20dB": {
        "dmean": 0,
        "dmean2": 0,
        "dvar": 0,
        "dvar2": 0,
        "max": 1,
        "mean": 1,
        "median": 1,
        "min": 1,
        "var": 0
    },
    "silence_rate_30dB": {
        "dmean": 0.0219343248755,
        "dmean2": 0.0438714660704,
        "dvar": 0.0214573033154,
        "dvar2": 0.0477227680385,
        "max": 1,
        "mean": 0.979413866997,
        "median": 1,
        "min": 0,
        "var": 0.020164642483
    },
    "silence_rate_60dB": {
        "dmean": 0.0159055925906,
        "dmean2": 0.0318132266402,
        "dvar": 0.0156557410955,
        "dvar2": 0.0343965478241,
        "max": 1,
        "mean": 0.0750977993011,
        "median": 0,
        "min": 0,
        "var": 0.0694542601705
    },
    "spectral_centroid": {
        "dmean": 262.626312256,
        "dmean2": 415.535766602,
        "dvar": 119591.648438,
        "dvar2": 256308.40625,
        "max": 10772.046875,
        "mean": 1914.81530762,
        "median": 2039.18115234,
        "min": 219.140579224,
        "var": 594558.625
    },
    "spectral_complexity": {
        "dmean": 4.22396087646,
        "dmean2": 6.70014762878,
        "dvar": 24.0322399139,
        "dvar2": 56.6804046631,
        "max": 59,
        "mean": 25.5573654175,
        "median": 26,
        "min": 0,
        "var": 186.571807861
    },
    "spectral_decrease": {
        "dmean": 2.44250397685e-09,
        "dmean2": 3.73109543261e-09,
        "dvar": 1.54760546069e-17,
        "dvar2": 3.39704714166e-17,
        "max": 2.04235331231e-29,
        "mean": -8.33748181606e-09,
        "median": -7.40401739918e-09,
        "min": -4.61533176122e-08,
        "var": 4.0131478055e-17
    },
    "spectral_energy": {
        "dmean": 0.00950402673334,
        "dmean2": 0.0143523178995,
        "dvar": 0.000219694818952,
        "dvar2": 0.000470071769087,
        "max": 0.182753771544,
        "mean": 0.0350302420557,
        "median": 0.0319040119648,
        "min": 1.08242334643e-20,
        "var": 0.000646529719234
    },
    "spectral_energyband_high": {
        "dmean": 0.000899633567315,
        "dmean2": 0.00144087139051,
        "dvar": 2.62522689809e-06,
        "dvar2": 6.55591566101e-06,
        "max": 0.0231616236269,
        "mean": 0.0026674689725,
        "median": 0.00218275561929,
        "min": 7.96919211507e-21,
        "var": 6.69537894282e-06
    },
    "spectral_energyband_low": {
        "dmean": 0.0065354318358,
        "dmean2": 0.0101322326809,
        "dvar": 0.000161825286341,
        "dvar2": 0.000380842771847,
        "max": 0.165918901563,
        "mean": 0.014085968025,
        "median": 0.00763800088316,
        "min": 1.1163463495e-22,
        "var": 0.000349409063347
    },
    "spectral_energyband_middle_high": {
        "dmean": 0.00200746231712,
        "dmean2": 0.00319935381413,
        "dvar": 6.95727158018e-06,
        "dvar2": 1.74066717591e-05,
        "max": 0.0380800329149,
        "mean": 0.00743264798075,
        "median": 0.00709674274549,
        "min": 1.48595737e-21,
        "var": 3.10154682666e-05
    },
    "spectral_energyband_middle_low": {
        "dmean": 0.00522708287463,
        "dmean2": 0.00836008880287,
        "dvar": 0.000165773322806,
        "dvar2": 0.000380391429644,
        "max": 0.172417894006,
        "mean": 0.0120406579226,
        "median": 0.00933717284352,
        "min": 3.19247060607e-22,
        "var": 0.000201000628294
    },
    "spectral_entropy": {
        "dmean": 0.147905990481,
        "dmean2": 0.219428181648,
        "dvar": 0.0419977381825,
        "dvar2": 0.0879812389612,
        "max": 9.80614566803,
        "mean": 7.75542783737,
        "median": 7.96915960312,
        "min": 4.68938016891,
        "var": 0.36154577136
    },
    "spectral_flux": {
        "dmean": 0.0250221416354,
        "dmean2": 0.0383528508246,
        "dvar": 0.00116511934903,
        "dvar2": 0.00251765572466,
        "max": 0.406053453684,
        "mean": 0.0892691686749,
        "median": 0.082248494029,
        "min": 1.04039575566e-10,
        "var": 0.00335092353635
    },
    "spectral_kurtosis": {
        "dmean": 1.45315933228,
        "dmean2": 2.3911781311,
        "dvar": 15.1663751602,
        "dvar2": 39.1373596191,
        "max": 100.413642883,
        "mean": 4.21515846252,
        "median": 2.87525081635,
        "min": -1.19948709011,
        "var": 34.9488525391
    },
    "spectral_rms": {
        "dmean": 0.000732183514629,
        "dmean2": 0.00109129305929,
        "dvar": 8.89807608928e-07,
        "dvar2": 1.87241880667e-06,
        "max": 0.013352766633,
        "mean": 0.00539671583101,
        "median": 0.00557905621827,
        "min": 3.24965033181e-12,
        "var": 5.05140360474e-06
    },
    "spectral_rolloff": {
        "dmean": 748.381896973,
        "dmean2": 1248.27258301,
        "dvar": 1267776.25,
        "dvar2": 2932426.75,
        "max": 18669.2871094,
        "mean": 2311.53515625,
        "median": 2110.25390625,
        "min": 43.06640625,
        "var": 2850296
    },
    "spectral_skewness": {
        "dmean": 0.181045040488,
        "dmean2": 0.289579182863,
        "dvar": 0.093950457871,
        "dvar2": 0.22820417583,
        "max": 7.92217350006,
        "mean": 1.43822360039,
        "median": 1.31245446205,
        "min": 0.0386835373938,
        "var": 0.41280066967
    },
    "spectral_spread": {
        "dmean": 525684.6875,
        "dmean2": 756636.25,
        "dvar": 436627079168,
        "dvar2": 727477190656,
        "max": 40726620,
        "mean": 5377434,
        "median": 5661794.5,
        "min": 765164.4375,
        "var": 2.81496440013e+12
    },
    "spectral_strongpeak": {
        "dmean": 0.535773515701,
        "dmean2": 0.942359805107,
        "dvar": 1.15928888321,
        "dvar2": 2.93778014183,
        "max": 13.1756343842,
        "mean": 0.854283988476,
        "median": 0.39677926898,
        "min": 0,
        "var": 1.70093679428
    },
    "zerocrossingrate": {
        "dmean": 0.0123394047841,
        "dmean2": 0.014886142686,
        "dvar": 0.000208846962778,
        "dvar2": 0.000267696392257,
        "max": 0.8369140625,
        "mean": 0.0874332785606,
        "median": 0.0859375,
        "min": 0.0078125,
        "var": 0.00172235234641
    },
    "barkbands": {
        "dmean": [0.000676411611494, 0.00471500027925, 0.00234468374401, 0.00150242948439, 0.00320415641181, 0.000996459857561, 0.000399597745854, 0.000515016319696, 0.000495633226819, 0.000350132730091, 0.000520345580298, 0.000312950636726, 0.000463536038296, 0.000394139293348, 0.000353630224708, 0.000415301008616, 0.000398148724344, 0.000381508492865, 0.000374833412934, 0.000313472992275, 0.000231189434999, 0.000199539281311, 0.000207302626222, 0.00018435063248, 0.000139270719956, 7.20778116374e-05, 2.97262504318e-05],
        "dmean2": [0.00115554465447, 0.00729759223759, 0.00389784411527, 0.00256602675654, 0.00510278344154, 0.00157008075621, 0.000647746725008, 0.00077780947322, 0.000762833689805, 0.000514920626301, 0.000781965383794, 0.00048881751718, 0.000718805764336, 0.000619734404609, 0.00055171205895, 0.000651955255307, 0.000640139100142, 0.00061689002905, 0.000612881383859, 0.000515181513038, 0.000392054673284, 0.000338430516422, 0.00033784029074, 0.000294632947771, 0.000213580031414, 0.000111316010589, 4.77027861052e-05],
        "dvar": [3.75224635718e-06, 8.63813329488e-05, 6.74541297485e-05, 2.84761572402e-05, 0.000122213386931, 3.18730394611e-06, 5.94499738327e-07, 8.63245304572e-07, 7.87260091784e-07, 4.89769092837e-07, 8.6184633119e-07, 3.96772833255e-07, 8.7689522843e-07, 5.92644539665e-07, 4.5562561013e-07, 7.52676839966e-07, 3.31283786181e-07, 3.05742332785e-07, 2.93698462883e-07, 1.97434317784e-07, 1.14296362597e-07, 1.30738897042e-07, 1.88478253449e-07, 1.53572798922e-07, 7.75198003566e-08, 2.26902585609e-08, 2.79204703801e-09],
        "dvar2": [1.09579586933e-05, 0.000198370384169, 0.000177892565262, 8.12572689028e-05, 0.000267192343017, 7.72965904616e-06, 1.39582425618e-06, 2.01431180358e-06, 1.87375371752e-06, 9.57966904025e-07, 1.83848578672e-06, 9.15942109714e-07, 1.86380862033e-06, 1.30904345497e-06, 1.00134241166e-06, 1.67172595411e-06, 7.67995743445e-07, 7.4757093671e-07, 7.44076999126e-07, 5.19066020388e-07, 3.19616646038e-07, 3.58500841457e-07, 4.54931495142e-07, 3.722944939e-07, 1.74984279511e-07, 5.15603737483e-08, 6.77772504787e-09],
        "max": [0.0497525706887, 0.152669161558, 0.113477960229, 0.0771225988865, 0.159673914313, 0.0280437804759, 0.0172338094562, 0.0231915470213, 0.019658215344, 0.0227195844054, 0.0184872075915, 0.027098339051, 0.0197684075683, 0.0215990133584, 0.0199801400304, 0.0252727717161, 0.0154453981668, 0.00966575089842, 0.0102646797895, 0.0068385200575, 0.00517054507509, 0.00567678036168, 0.0102346260101, 0.0069555779919, 0.00729846348986, 0.00230312114581, 0.000593939737882],
        "mean": [0.0013976895716, 0.00878800451756, 0.00293733063154, 0.00204719509929, 0.00463966792449, 0.00207598600537, 0.000690383720212, 0.00109288212843, 0.00100655981805, 0.000694249232765, 0.000973409740254, 0.000562999572139, 0.000821985362563, 0.000656378979329, 0.00064977776492, 0.000677506905049, 0.000774619576987, 0.000748962571379, 0.000795199768618, 0.000683208170813, 0.000510458950885, 0.000411404791521, 0.000426488608355, 0.000394366739783, 0.000332452764269, 0.000190163118532, 5.08989796799e-05],
        "median": [0.000127831386635, 0.00341896014288, 0.000974792754278, 0.000589102215599, 0.00179589143954, 0.000964272127021, 0.000299510284094, 0.000470515107736, 0.000388697022572, 0.000232746999245, 0.000364526466001, 0.000272166158538, 0.000284039764665, 0.000281235523289, 0.000299728591926, 0.000334792712238, 0.000526659190655, 0.00050561723765, 0.000576414284296, 0.000515885243658, 0.000426364567829, 0.000324172346154, 0.00028286196175, 0.000248343887506, 0.000186403296539, 0.000101391560747, 9.85205133475e-06],
        "min": [5.48952148072e-23, 3.34062051423e-23, 3.06829784114e-23, 2.76841583901e-23, 1.57240078586e-23, 7.96181408204e-23, 1.03728285993e-22, 4.45904636418e-23, 3.71888657581e-23, 6.54335697747e-23, 7.00362576123e-23, 1.26756947041e-22, 1.25405420051e-22, 8.76498176864e-23, 9.10859948153e-23, 1.45853098611e-22, 1.87160998431e-22, 1.936728117e-22, 1.9430002554e-22, 3.50643977071e-22, 4.28545695401e-22, 5.00304320359e-22, 5.78440172606e-22, 8.73518579805e-22, 1.48101508701e-21, 1.63188234962e-21, 2.48054643404e-21],
        "var": [7.97225857241e-06, 0.000178601636435, 5.49634714844e-05, 2.41688703682e-05, 0.000132500877953, 9.11414008442e-06, 1.41031352996e-06, 2.71216572401e-06, 2.64392247118e-06, 1.89527861494e-06, 2.7615237741e-06, 9.58227815318e-07, 2.42683881879e-06, 1.33123103296e-06, 1.34340643854e-06, 1.38180030262e-06, 8.62540844082e-07, 7.46076864289e-07, 7.33236845463e-07, 5.12845360845e-07, 2.24703725848e-07, 1.97416582637e-07, 3.53801567599e-07, 3.07800547716e-07, 2.12416154e-07, 6.68102444479e-08, 6.12432193847e-09]
    },
    "erbbands": {
        "dmean": [0.17338848114, 1.00396609306, 2.48872995377, 4.08036470413, 8.5386838913, 11.1254148483, 8.82946014404, 8.06086826324, 5.36559295654, 9.51242637634, 9.01912403107, 12.0853900909, 12.8551893234, 10.4844884872, 20.9526958466, 12.5092945099, 20.7765140533, 21.6592197418, 16.048992157, 18.4354877472, 19.0221385956, 19.2076454163, 19.7281703949, 22.0869464874, 17.7347221375, 14.0929517746, 9.66170883179, 8.87976741791, 7.30904817581, 7.13648986816, 5.70326519012, 4.41019535065, 2.87668657303, 1.76101887226, 0.936119437218, 0.372432589531, 0.132043689489, 0.0390679910779, 0.00494694430381, 7.1618007496e-05],
        "dmean2": [0.265576928854, 1.53744018078, 4.04736089706, 6.87174463272, 13.8930454254, 17.7627849579, 14.2784500122, 12.5251588821, 8.74672412872, 14.384727478, 13.9859113693, 18.4470901489, 18.9973697662, 16.205165863, 31.5746059418, 19.4305095673, 32.080078125, 33.5165786743, 25.2519016266, 28.5796775818, 30.0448150635, 31.1575374603, 31.9245166779, 35.8254165649, 29.3377494812, 23.219543457, 16.2570209503, 15.1594219208, 12.5691213608, 11.871714592, 9.28419303894, 7.1472902298, 4.57804059982, 2.75816130638, 1.44972288609, 0.578901946545, 0.207805663347, 0.0615143477917, 0.00796466972679, 0.000112248439109],
        "dvar": [0.104545578361, 5.0427312851, 68.3231124878, 191.666000366, 1134.1541748, 1058.35498047, 318.812225342, 229.533905029, 102.3956604, 284.08984375, 272.58190918, 516.11706543, 694.527709961, 655.35736084, 1485.11328125, 605.78326416, 1669.01721191, 1558.14660645, 873.058349609, 1304.93505859, 1023.03289795, 806.981811523, 917.08972168, 1293.34667969, 662.053039551, 420.002166748, 196.030929565, 187.984466553, 192.644592285, 178.695373535, 143.916091919, 92.1384277344, 35.6143264771, 11.808054924, 3.66424298286, 0.537840485573, 0.0782286226749, 0.00462730415165, 8.35897953948e-05, 1.56159796205e-08],
        "dvar2": [0.26409676671, 11.0343170166, 172.123596191, 535.25579834, 2671.18457031, 2369.07592773, 828.860107422, 526.981384277, 252.864135742, 640.146362305, 651.540527344, 1201.47912598, 1367.94995117, 1403.44909668, 3141.31616211, 1415.11962891, 3568.12060547, 3378.32080078, 1978.76989746, 2904.95654297, 2375.58764648, 1928.43054199, 2247.88232422, 3175.88574219, 1699.44873047, 1094.14587402, 534.746337891, 529.853637695, 537.528564453, 451.984222412, 349.493774414, 225.901519775, 86.6767730713, 26.690290451, 8.53534793854, 1.19108641148, 0.187236472964, 0.0110388249159, 0.000205405944143, 3.62817935695e-08],
        "max": [6.31365823746, 27.1862831116, 111.115844727, 196.99987793, 463.476470947, 482.318817139, 269.806518555, 345.004211426, 228.670028687, 326.007904053, 600.676513672, 505.10949707, 901.991271973, 688.057006836, 946.395507812, 1031.85656738, 968.361816406, 1223.39111328, 1011.64050293, 1396.73168945, 792.040710449, 765.28112793, 667.768615723, 670.37689209, 387.580444336, 435.301757812, 240.952026367, 192.825469971, 247.452026367, 318.227539062, 301.344360352, 191.201660156, 120.127952576, 93.1998443604, 46.5780029297, 14.7593221664, 4.37276792526, 0.857040882111, 0.139033421874, 0.00179522833787],
        "mean": [0.335579365492, 1.6419813633, 3.33380246162, 5.81029081345, 10.5718173981, 16.6392364502, 16.1839675903, 17.365032196, 9.99899959564, 20.1783695221, 19.139125824, 25.4539813995, 27.4996376038, 19.20104599, 39.4216537476, 25.1996059418, 39.4860839844, 40.0692405701, 32.9561538696, 33.8855819702, 37.1084785461, 39.6202697754, 40.9481925964, 44.5386734009, 38.4566764832, 32.0654258728, 22.3770751953, 18.8137130737, 14.7095584869, 14.5222673416, 11.651971817, 8.92284393311, 6.11124706268, 4.01302814484, 2.20875740051, 0.932170212269, 0.329668939114, 0.0877395123243, 0.00835251249373, 0.000173007734702],
        "median": [0.103953801095, 0.528954923153, 1.24744331837, 2.25067305565, 3.11967563629, 6.20041465759, 7.81154632568, 7.4578576088, 5.03078365326, 8.87753772736, 9.75909519196, 10.1460514069, 9.26776695251, 8.95688247681, 14.7951364517, 13.6938533783, 15.7470769882, 21.5657958984, 17.9627933502, 20.3447608948, 24.017250061, 30.399679184, 28.6844787598, 31.0947055817, 28.6789093018, 24.2688484192, 18.9002304077, 15.2129154205, 11.5952606201, 10.3697080612, 7.74948215485, 5.55323457718, 3.77198195457, 2.32687091827, 1.1895326376, 0.493054449558, 0.171878993511, 0.0364776179194, 0.00178760138806, 8.6725311121e-05],
        "min": [1.33757447651e-21, 6.82009284139e-21, 2.5508364701e-20, 9.45497296198e-20, 4.85842949508e-20, 6.89691110155e-20, 1.03762679874e-19, 8.90784184213e-19, 1.65588096269e-18, 8.9756179196e-19, 1.39262153036e-18, 7.67593881646e-19, 1.05950803947e-18, 3.05909278303e-18, 2.74779225169e-18, 6.65035758982e-18, 5.22729632991e-18, 5.03665642772e-18, 3.56916150685e-18, 6.60979017104e-18, 9.36849210782e-18, 1.05470722795e-17, 9.18516903174e-18, 1.20101843839e-17, 1.02459909442e-17, 1.81160495083e-17, 2.14763747938e-17, 1.61137149062e-17, 1.53473304143e-17, 1.89687188642e-17, 1.43797160404e-17, 1.2729456804e-17, 1.82304700937e-17, 1.74877661284e-17, 1.0249832371e-17, 5.9559725528e-18, 2.91455537869e-18, 1.49962778575e-18, 3.48942419093e-19, 3.5808752115e-20],
        "var": [0.239347964525, 9.03232097626, 63.2439575195, 149.100540161, 1095.13623047, 1255.96252441, 639.616088867, 766.46697998, 222.218429565, 883.477966309, 847.273376465, 1851.55212402, 2825.07739258, 1588.31799316, 4946.94873047, 1518.83129883, 4721.12597656, 3766.1652832, 3395.28320312, 2505.3359375, 2164.36523438, 1836.66088867, 2325.87231445, 2874.00952148, 1615.79846191, 1263.04931641, 425.13104248, 337.899597168, 259.432830811, 329.52947998, 257.237548828, 167.805419922, 73.8040313721, 31.3021507263, 9.48461055756, 1.59989333153, 0.207669883966, 0.013584991917, 0.000172009808011, 4.21364028114e-08]
    },
    "gfcc": {
        "mean": [27.466463089, 55.147315979, -110.720115662, 35.3498764038, -52.4652709961, 14.8999528885, -36.8554382324, 11.2034959793, -24.8327007294, 4.97247648239, -15.289563179, 2.92994165421, -12.9583311081],
        "cov": [[18773.3457031, -2864.83666992, 1515.67993164, 1124.19396973, -0.402938008308, 790.180175781, 249.233123779, 504.615814209, -313.53213501, 499.800964355, -200.384933472, 603.042175293, -246.385299683], [-2864.83666992, 1816.94262695, -71.1119232178, -164.063705444, -145.852828979, -329.412506104, -110.329719543, -225.579238892, 35.682636261, -220.991592407, 43.6960372925, -176.721954346, 76.1982727051], [1515.67993164, -71.1119232178, 993.376037598, 60.1194839478, -111.550048828, 70.4732971191, -110.235305786, -105.35786438, -83.6303863525, -58.3572654724, -92.6597900391, 89.8716278076, 0.918554008007], [1124.19396973, -164.063705444, 60.1194839478, 368.83203125, 99.6252746582, 93.22240448, 63.4138793945, 76.7350616455, 19.7541465759, 70.5957107544, 25.703081131, 32.8179359436, -13.4046554565], [-0.402938008308, -145.852828979, -111.550048828, 99.6252746582, 399.782348633, 65.271522522, 167.455612183, 121.82673645, 46.4879074097, 115.629554749, 39.4361114502, 25.9037723541, 19.6149959564], [790.180175781, -329.412506104, 70.4732971191, 93.22240448, 65.271522522, 261.337249756, 105.963417053, 86.9893569946, 13.4749403, 59.0389595032, 25.1834506989, 71.699508667, -8.3136844635], [249.233123779, -110.329719543, -110.235305786, 63.4138793945, 167.455612183, 105.963417053, 248.99786377, 152.900665283, 61.6736373901, 90.3620147705, 51.0993309021, 32.9455986023, 8.19819831848], [504.615814209, -225.579238892, -105.35786438, 76.7350616455, 121.82673645, 86.9893569946, 152.900665283, 208.441619873, 80.9723129272, 112.974212646, 33.4924850464, 32.9721717834, -8.03842830658], [-313.53213501, 35.682636261, -83.6303863525, 19.7541465759, 46.4879074097, 13.4749403, 61.6736373901, 80.9723129272, 130.700637817, 67.5988235474, 41.9356117249, -10.6589765549, 3.98669338226], [499.800964355, -220.991592407, -58.3572654724, 70.5957107544, 115.629554749, 59.0389595032, 90.3620147705, 112.974212646, 67.5988235474, 172.204727173, 62.0086212158, 48.9990959167, -0.794367313385], [-200.384933472, 43.6960372925, -92.6597900391, 25.703081131, 39.4361114502, 25.1834506989, 51.0993309021, 33.4924850464, 41.9356117249, 62.0086212158, 118.645111084, 47.3757743835, 19.534866333], [603.042175293, -176.721954346, 89.8716278076, 32.8179359436, 25.9037723541, 71.699508667, 32.9455986023, 32.9721717834, -10.6589765549, 48.9990959167, 47.3757743835, 135.31161499, 47.2448730469], [-246.385299683, 76.1982727051, 0.918554008007, -13.4046554565, 19.6149959564, -8.3136844635, 8.19819831848, -8.03842830658, 3.98669338226, -0.794367313385, 19.534866333, 47.2448730469, 92.0700149536]],
        "icov": [[0.000130904169055, 4.10278989875e-05, -9.79696051218e-05, -0.0002849867451, 0.000185519689694, 4.72953132657e-07, -8.74561956152e-05, -0.000194782434846, 0.000384255719837, -0.000353464507498, 0.000399231503252, -0.000471479259431, 0.000364679057384], [4.10278989875e-05, 0.00123282673303, -0.000300615036394, -0.00011550229101, 0.000125664082589, 0.0010047822725, -0.000630365102552, 0.000602173036896, -0.000616604811512, 0.00129618414212, -0.00164204172324, 0.00157128321007, -0.00117167306598], [-9.79696051218e-05, -0.000300615036394, 0.00161949056201, -0.000131458058604, 9.26081702346e-06, -0.000543740810826, 0.000316212855978, 0.00105685414746, -0.000573633995373, -6.06421599514e-05, 0.00181791884825, -0.00191149488091, 0.000583833199926], [-0.0002849867451, -0.00011550229101, -0.000131458058604, 0.00394941167906, -0.000994414556772, -0.000776609173045, 0.000599717954174, -0.0004434689763, -0.000437744281953, 0.000245660863584, -0.00148063735105, 0.00134605693165, -0.000396617804654], [0.000185519689694, 0.000125664082589, 9.26081702346e-06, -0.000994414556772, 0.00431125797331, 0.000209455261938, -0.00236146454699, -0.000177592257387, 0.00124289363157, -0.00248529925011, 0.000999433454126, 0.000197584406123, -0.000845922040753], [4.72953132657e-07, 0.0010047822725, -0.000543740810826, -0.000776609173045, 0.000209455261938, 0.00683527020738, -0.00258149392903, -4.17658557126e-05, -0.000616980483755, 0.00142593856435, -0.00102845951915, -0.00171741691884, 0.000999361276627], [-8.74561956152e-05, -0.000630365102552, 0.000316212855978, 0.000599717954174, -0.00236146454699, -0.00258149392903, 0.0100023653358, -0.00570331793278, 0.000328035705024, 0.000568871095311, -0.00172125187237, 0.000663142825942, -0.000731148931663], [-0.000194782434846, 0.000602173036896, 0.00105685414746, -0.0004434689763, -0.000177592257387, -4.17658557126e-05, -0.00570331793278, 0.0145900901407, -0.00589301716536, -0.00269908201881, 0.00284754438326, -0.00201733200811, 0.00138389202766], [0.000384255719837, -0.000616604811512, -0.000573633995373, -0.000437744281953, 0.00124289363157, -0.000616980483755, 0.000328035705024, -0.00589301716536, 0.0152869867161, -0.00514515209943, -0.00221169902943, 0.0038055931218, -0.00157349300571], [-0.000353464507498, 0.00129618414212, -6.06421599514e-05, 0.000245660863584, -0.00248529925011, 0.00142593856435, 0.000568871095311, -0.00269908201881, -0.00514515209943, 0.0154174966738, -0.00625749304891, -0.000407764862757, 0.000282399036223], [0.000399231503252, -0.00164204172324, 0.00181791884825, -0.00148063735105, 0.000999433454126, -0.00102845951915, -0.00172125187237, 0.00284754438326, -0.00221169902943, -0.00625749304891, 0.0189129728824, -0.0105214705691, 0.00371765717864], [-0.000471479259431, 0.00157128321007, -0.00191149488091, 0.00134605693165, 0.000197584406123, -0.00171741691884, 0.000663142825942, -0.00201733200811, 0.0038055931218, -0.000407764862757, -0.0105214705691, 0.0220144409686, -0.0120118521154], [0.000364679057384, -0.00117167306598, 0.000583833199926, -0.000396617804654, -0.000845922040753, 0.000999361276627, -0.000731148931663, 0.00138389202766, -0.00157349300571, 0.000282399036223, 0.00371765717864, -0.0120118521154, 0.0186452623457]]
    },
    "melbands": {
        "dmean": [0.00138967100065, 0.0012317650253, 0.000773420906626, 0.00077485118527, 0.000334034062689, 0.00017870690499, 8.24006419862e-05, 0.000110406144813, 7.58019377827e-05, 7.86251112004e-05, 6.30883150734e-05, 3.96598006773e-05, 6.35830438114e-05, 3.83135484299e-05, 3.95542192564e-05, 5.48382995476e-05, 4.35897454736e-05, 2.51972960541e-05, 2.72703873634e-05, 3.53316027031e-05, 2.15337568079e-05, 2.28552435146e-05, 2.0543770006e-05, 1.68643637153e-05, 2.00138365472e-05, 1.39925687108e-05, 1.27651737785e-05, 1.0364420632e-05, 6.5783538048e-06, 6.505406418e-06, 5.62850073038e-06, 4.66281881017e-06, 4.03011290473e-06, 4.26104543294e-06, 3.54887470166e-06, 3.31916385221e-06, 2.73767432191e-06, 2.21934078581e-06, 1.86801901236e-06, 1.52548591359e-06],
        "dmean2": [0.00214126007631, 0.00191304530017, 0.00128030613996, 0.00124576850794, 0.000543355185073, 0.000278878898825, 0.00013341216254, 0.000166123951203, 0.000118132520583, 0.000119753596664, 9.33492119657e-05, 6.15651297267e-05, 9.63419370237e-05, 5.88226539548e-05, 6.17381156189e-05, 8.38771957206e-05, 6.77727657603e-05, 3.99721502617e-05, 4.29527353845e-05, 5.50238291908e-05, 3.42722778441e-05, 3.68541841453e-05, 3.32321105816e-05, 2.72054094239e-05, 3.24188222294e-05, 2.3131897251e-05, 2.10746184166e-05, 1.70514831552e-05, 1.09904149213e-05, 1.1085467122e-05, 9.64103401202e-06, 8.03891180112e-06, 6.84518863636e-06, 7.08793413651e-06, 5.85184261581e-06, 5.40023438589e-06, 4.45051728093e-06, 3.59757450497e-06, 2.99402449855e-06, 2.40847771238e-06],
        "dvar": [6.58585258861e-06, 1.14119793579e-05, 5.70519296161e-06, 8.74297802511e-06, 4.69249982871e-07, 1.02663591406e-07, 2.41610660368e-08, 4.00334307926e-08, 1.99789482735e-08, 2.24113705372e-08, 1.70414420353e-08, 9.65231006234e-09, 1.25513963667e-08, 3.67014552083e-09, 7.94305243801e-09, 1.49745567057e-08, 7.65114904766e-09, 2.43364550734e-09, 3.35077232627e-09, 6.41772901488e-09, 1.30390986897e-09, 1.2294925078e-09, 9.39318067772e-10, 6.99508617696e-10, 1.14400178219e-09, 4.764740269e-10, 3.98055921558e-10, 2.54421012036e-10, 9.41807257182e-11, 9.26195786732e-11, 7.85501802492e-11, 7.83155137962e-11, 5.17667922417e-11, 6.99571095497e-11, 5.1434988213e-11, 5.38616581891e-11, 3.52361126388e-11, 2.17362638305e-11, 1.31579261375e-11, 8.97416516099e-12],
        "dvar2": [1.56948699441e-05, 2.66288861894e-05, 1.54114986799e-05, 1.95978536794e-05, 1.24421387682e-06, 2.40729093548e-07, 5.81108778874e-08, 9.0795005292e-08, 4.7510795298e-08, 5.17695646352e-08, 3.34723253559e-08, 2.06737045261e-08, 2.72033435778e-08, 8.35471336558e-09, 1.80131749516e-08, 3.07572776137e-08, 1.62184203845e-08, 5.74640957041e-09, 7.41349559519e-09, 1.39408626865e-08, 2.98889490935e-09, 2.88136514648e-09, 2.29098073845e-09, 1.68565761349e-09, 2.79369438694e-09, 1.21080301341e-09, 1.02723352047e-09, 6.57881304988e-10, 2.55004323213e-10, 2.58377680362e-10, 2.22678167572e-10, 2.18456003287e-10, 1.41684788901e-10, 1.73820235982e-10, 1.28541233213e-10, 1.34384336992e-10, 8.73829342218e-11, 5.49723669363e-11, 3.11479765591e-11, 2.09352379182e-11],
        "max": [0.0491064190865, 0.0442775227129, 0.0324666276574, 0.0429227389395, 0.0106852957979, 0.0067161154002, 0.00373891787603, 0.00402318313718, 0.00426638824865, 0.00358007010072, 0.00444834446535, 0.0025660765823, 0.00248636608012, 0.00122269627172, 0.00360643025488, 0.00273464480415, 0.00265471846797, 0.00177059194539, 0.00194760982413, 0.00239537889138, 0.000964271137491, 0.000931781134568, 0.000644664512947, 0.000494785024785, 0.00065754307434, 0.000419613788836, 0.000368810753571, 0.000416691793362, 0.000150020292494, 0.000173043168616, 0.000148554318002, 0.000150597974425, 0.000137284616358, 0.000209091464058, 0.000191813363926, 0.000143391589518, 0.000122726894915, 9.23561819945e-05, 6.14879318164e-05, 0.000102472200524],
        "mean": [0.00274553522468, 0.00192137714475, 0.00110521295574, 0.00103603745811, 0.000616214703768, 0.000381847959943, 0.000150497027789, 0.000233943079365, 0.000149450846948, 0.00016409609816, 0.000130524320411, 6.66771593387e-05, 0.000118904739793, 7.43514028727e-05, 7.07198123564e-05, 9.41514299484e-05, 7.31944674044e-05, 4.83520125272e-05, 4.66628916911e-05, 5.5708540458e-05, 4.04763814004e-05, 4.30632280768e-05, 3.84426421078e-05, 3.39653997798e-05, 3.63852814189e-05, 2.71917069767e-05, 2.5302708309e-05, 2.1013103833e-05, 1.36332964757e-05, 1.28978763314e-05, 1.03805969047e-05, 8.49153457239e-06, 7.55871678848e-06, 8.18557509774e-06, 6.75125374983e-06, 6.12548319623e-06, 5.19668674315e-06, 4.35364881923e-06, 3.80296432922e-06, 3.25675432578e-06],
        "median": [0.00099176238291, 0.000734095927328, 0.000429045176134, 0.000362890539691, 0.000308720016619, 0.000171983396285, 7.04052945366e-05, 9.91163833532e-05, 7.0162503107e-05, 5.83071814617e-05, 4.05792270612e-05, 2.54627175309e-05, 4.62548960058e-05, 3.89364649891e-05, 3.03620217892e-05, 2.75138845609e-05, 3.12582378683e-05, 2.37071944866e-05, 2.1435547751e-05, 2.52542486123e-05, 2.35590923694e-05, 2.99072817143e-05, 2.5148226996e-05, 2.20205947699e-05, 2.23049628403e-05, 1.89696093003e-05, 1.73598673427e-05, 1.43949873745e-05, 1.10658493213e-05, 9.8917635114e-06, 7.79885249358e-06, 6.28037923889e-06, 5.69780968362e-06, 5.41892359252e-06, 4.43971975983e-06, 3.75824129151e-06, 3.10766154143e-06, 2.67051132141e-06, 2.23785650633e-06, 1.79571588887e-06],
        "min": [1.3642497386e-23, 1.23447517772e-23, 1.39715470468e-23, 3.53711109291e-24, 3.17826043649e-24, 2.04930633057e-23, 2.39400983162e-23, 8.6054264464e-24, 1.16397483639e-23, 4.41170816232e-24, 5.12750003734e-24, 1.21739065932e-23, 8.48183560838e-24, 1.21709428428e-23, 1.85037959165e-23, 1.05424049794e-23, 8.89153130837e-24, 5.29347400521e-24, 7.00524418827e-24, 1.11167966926e-23, 1.05741432202e-23, 1.3291523703e-23, 5.4223916265e-24, 9.8070966856e-24, 1.00349859793e-23, 6.44106861822e-24, 1.03608951849e-23, 1.14952274683e-23, 1.2366734964e-23, 1.01681654217e-23, 1.08367723705e-23, 9.34566985403e-24, 8.06030857254e-24, 1.16827326058e-23, 8.35636254824e-24, 7.34080352924e-24, 8.37357154889e-24, 1.27784501479e-23, 1.19359798333e-23, 1.58100205186e-23],
        "var": [1.53471173689e-05, 1.47527480294e-05, 5.02762259202e-06, 8.71168958838e-06, 8.50550691212e-07, 3.26124677485e-07, 5.5726101067e-08, 1.23883680203e-07, 5.69741338552e-08, 8.36406002236e-08, 6.84635352854e-08, 2.31514363236e-08, 4.07050677609e-08, 1.04006909751e-08, 1.89892706004e-08, 4.07371132383e-08, 1.79448811366e-08, 8.19337486746e-09, 7.25348670017e-09, 1.15680549584e-08, 3.19390935921e-09, 2.7504789557e-09, 2.11897477342e-09, 2.00366168102e-09, 2.43664510791e-09, 9.95698856698e-10, 8.89052109709e-10, 7.89784238009e-10, 1.820081863e-10, 1.68302774495e-10, 1.24087226605e-10, 9.83985254388e-11, 7.59594678823e-11, 1.32775151984e-10, 8.86533901845e-11, 8.1490141024e-11, 6.2717810112e-11, 4.02446652392e-11, 2.80924363633e-11, 2.26047860985e-11]
    },
    "mfcc": {
        "mean": [-615.192565918, 86.7005386353, 2.95800733566, 23.7242584229, 7.33312606812, 5.30783033371, 2.20191526413, 3.99463891983, -1.20670354366, 1.01145493984, -0.345360517502, 1.62358868122, -0.401224464178],
        "cov": [[12636.8642578, -1238.96533203, 120.6664505, 521.999450684, 257.062713623, 402.713165283, 517.448486328, 348.770782471, 154.743972778, 203.429458618, 267.579162598, 131.491409302, 76.567276001], [-1238.96533203, 1466.07495117, 158.281478882, 8.08291053772, -73.0503768921, -166.777435303, -177.601516724, -120.637580872, -104.208679199, -116.575256348, -126.039283752, -78.3017501831, -74.8239974976], [120.6664505, 158.281478882, 756.686645508, -60.836265564, 15.764837265, 42.2695159912, -124.484405518, -22.1953449249, -86.8467559814, -106.853485107, -116.115524292, -78.7719726562, -84.3728942871], [521.999450684, 8.08291053772, -60.836265564, 303.205810547, 85.6444320679, 20.1632900238, 61.3828086853, 8.24626541138, 42.5305938721, 48.0601844788, 48.2251663208, 26.7387275696, 44.2234382629], [257.062713623, -73.0503768921, 15.764837265, 85.6444320679, 175.88117981, 74.9063186646, 47.249671936, 17.3299865723, 26.2840251923, 24.7543048859, 21.6665859222, 6.35328435898, 12.7034645081], [402.713165283, -166.777435303, 42.2695159912, 20.1632900238, 74.9063186646, 164.392883301, 95.4620285034, 57.9077606201, 26.3226108551, 18.8813591003, 27.9866065979, 22.4457988739, 20.2622871399], [517.448486328, -177.601516724, -124.484405518, 61.3828086853, 47.249671936, 95.4620285034, 207.875946045, 96.7602386475, 70.2155685425, 63.0801925659, 72.4833679199, 48.7084197998, 52.2765388489], [348.770782471, -120.637580872, -22.1953449249, 8.24626541138, 17.3299865723, 57.9077606201, 96.7602386475, 138.37336731, 58.2782402039, 41.60338974, 39.8416099548, 32.7035217285, 29.8474369049], [154.743972778, -104.208679199, -86.8467559814, 42.5305938721, 26.2840251923, 26.3226108551, 70.2155685425, 58.2782402039, 142.846343994, 82.6744384766, 57.1172065735, 34.0370025635, 36.9950637817], [203.429458618, -116.575256348, -106.853485107, 48.0601844788, 24.7543048859, 18.8813591003, 63.0801925659, 41.60338974, 82.6744384766, 129.321685791, 86.8630447388, 49.2334327698, 44.1827049255], [267.579162598, -126.039283752, -116.115524292, 48.2251663208, 21.6665859222, 27.9866065979, 72.4833679199, 39.8416099548, 57.1172065735, 86.8630447388, 131.040344238, 78.7735748291, 52.3163528442], [131.491409302, -78.3017501831, -78.7719726562, 26.7387275696, 6.35328435898, 22.4457988739, 48.7084197998, 32.7035217285, 34.0370025635, 49.2334327698, 78.7735748291, 110.15145874, 73.7460479736], [76.567276001, -74.8239974976, -84.3728942871, 44.2234382629, 12.7034645081, 20.2622871399, 52.2765388489, 29.8474369049, 36.9950637817, 44.1827049255, 52.3163528442, 73.7460479736, 116.275627136]],
