{
"lowlevel": {
    "average_loudness": 0.906233608723,
    "barkbands_crest": {
        "dmean": 2.93578314781,
        "dmean2": 4.45320177078,
        "dvar": 8.39948272705,
        "dvar2": 19.4334945679,
        "max": 26.4716701508,
        "mean": 12.2279901505,
        "median": 11.8402967453,
        "min": 1.97655034065,
        "var": 29.6114997864
    },
    "barkbands_flatness_db": {
        "dmean": 0.0310864374042,
        "dmean2": 0.0451792180538,
        "dvar": 0.00148268381599,
        "dvar2": 0.00301035982557,
        "max": 0.542694807053,
        "mean": 0.124479442835,
        "median": 0.104992240667,
        "min": 0.0143150603399,
        "var": 0.00600736541674
    },
    "barkbands_kurtosis": {
        "dmean": 11.2685337067,
        "dmean2": 17.140296936,
        "dvar": 3332.14697266,
        "dvar2": 7376.84960938,
        "max": 1988.59680176,
        "mean": 11.6524305344,
        "median": 1.08051013947,
        "min": -1.94585299492,
        "var": 4115.51416016
    },
    "barkbands_skewness": {
        "dmean": 0.947543859482,
        "dmean2": 1.37392890453,
        "dvar": 2.68251180649,
        "dvar2": 5.34917020798,
        "max": 35.0764770508,
        "mean": 1.90472364426,
        "median": 1.37012577057,
        "min": -2.74127388,
        "var": 6.89055538177
    },
    "barkbands_spread": {
        "dmean": 10.5515203476,
        "dmean2": 15.6126775742,
        "dvar": 142.939407349,
        "dvar2": 292.288726807,
        "max": 116.898841858,
        "mean": 38.4641609192,
        "median": 36.1849708557,
        "min": 0.117852434516,
        "var": 515.689819336
    },
    "dissonance": {
        "dmean": 0.0125925727189,
        "dmean2": 0.0215613562614,
        "dvar": 0.000311139185214,
        "dvar2": 0.000877546379343,
        "max": 0.5,
        "mean": 0.480106472969,
        "median": 0.488454639912,
        "min": 0.279385328293,
        "var": 0.000649625086226
    },
    "dynamic_complexity": 3.56939053535,
    "erbbands_crest": {
        "dmean": 2.26830363274,
        "dmean2": 3.63402581215,
        "dvar": 6.94503736496,
        "dvar2": 15.163359642,
        "max": 30.9779224396,
        "mean": 7.6411113739,
        "median": 5.7746348381,
        "min": 2.18867874146,
        "var": 25.8154888153
    },
    "erbbands_flatness_db": {
        "dmean": 0.0164912827313,
        "dmean2": 0.0242965426296,
        "dvar": 0.000338546087733,
        "dvar2": 0.000648641958833,
        "max": 0.400854110718,
        "mean": 0.124181248248,
        "median": 0.106138281524,
        "min": 0.0490050502121,
        "var": 0.00272703869268
    },
    "erbbands_kurtosis": {
        "dmean": 1.13439893723,
        "dmean2": 1.80111074448,
        "dvar": 3.16631412506,
        "dvar2": 7.53405475616,
        "max": 29.9044647217,
        "mean": 0.587203383446,
        "median": -0.0245668888092,
        "min": -1.91082680225,
        "var": 5.35355758667
    },
    "erbbands_skewness": {
        "dmean": 0.433124959469,
        "dmean2": 0.651589870453,
        "dvar": 0.217963531613,
        "dvar2": 0.480613470078,
        "max": 5.42046165466,
        "mean": -0.187364578247,
        "median": -0.251271992922,
        "min": -4.09048128128,
        "var": 0.848797082901
    },
    "erbbands_spread": {
        "dmean": 12.6482954025,
        "dmean2": 19.3780136108,
        "dvar": 255.384490967,
        "dvar2": 578.242431641,
        "max": 199.268951416,
        "mean": 49.4236488342,
        "median": 45.7259368896,
        "min": 2.52152109146,
        "var": 701.125610352
    },
    "hfc": {
        "dmean": 19.3695011139,
        "dmean2": 27.8891181946,
        "dvar": 962.258728027,
        "dvar2": 2085.94042969,
        "max": 283.652709961,
        "mean": 38.776966095,
        "median": 21.9404296875,
        "min": 1.14021116733e-16,
        "var": 1890.48339844
    },
    "melbands_crest": {
        "dmean": 4.3362660408,
        "dmean2": 6.92562103271,
        "dvar": 20.0067100525,
        "dvar2": 48.6275558472,
        "max": 38.2177696228,
        "mean": 21.4541091919,
        "median": 21.6183509827,
        "min": 1.63749063015,
        "var": 70.8232574463
    },
    "melbands_flatness_db": {
        "dmean": 0.0394793152809,
        "dmean2": 0.0571905560791,
        "dvar": 0.0021344285924,
        "dvar2": 0.00434896955267,
        "max": 0.66713809967,
        "mean": 0.193325027823,
        "median": 0.179212033749,
        "min": 0.00379328802228,
        "var": 0.00892151612788
    },
    "melbands_kurtosis": {
        "dmean": 43.0204315186,
        "dmean2": 67.5003585815,
        "dvar": 32727.3203125,
        "dvar2": 75399.7109375,
        "max": 4582.10058594,
        "mean": 54.9567604065,
        "median": 10.6721906662,
        "min": -1.78214204311,
        "var": 41000.4921875
    },
    "melbands_skewness": {
        "dmean": 1.64362514019,
        "dmean2": 2.4756872654,
        "dvar": 10.2449436188,
        "dvar2": 22.4840869904,
        "max": 49.911945343,
        "mean": 4.31319665909,
        "median": 3.04023122787,
        "min": -2.11984825134,
        "var": 23.2139148712
    },
    "melbands_spread": {
        "dmean": 13.2461614609,
        "dmean2": 20.2504005432,
        "dvar": 317.77633667,
        "dvar2": 710.932556152,
        "max": 214.090057373,
        "mean": 33.9044761658,
        "median": 24.9533405304,
        "min": 0.0824131444097,
        "var": 901.364135742
    },
    "pitch_salience": {
        "dmean": 0.0989908054471,
        "dmean2": 0.155795186758,
        "dvar": 0.0131033649668,
        "dvar2": 0.0305831562728,
        "max": 0.886018574238,
        "mean": 0.465789437294,
        "median": 0.479662209749,
        "min": 0.0290532950312,
        "var": 0.0323505960405
    },
    "silence_rate_20dB": {
        "dmean": 0,
        "dmean2": 0,
        "dvar": 0,
        "dvar2": 0,
        "max": 1,
        "mean": 1,
        "median": 1,
        "min": 1,
        "var": 0
    },
    "silence_rate_30dB": {
        "dmean": 0.0176904182881,
        "dmean2": 0.03538518399,
        "dvar": 0.0173779856414,
        "dvar2": 0.0505962781608,
        "max": 1,
        "mean": 0.990541696548,
        "median": 1,
        "min": 0,
        "var": 0.00936850719154
    },
    "silence_rate_60dB": {
        "dmean": 0.0194103196263,
        "dmean2": 0.0388254076242,
        "dvar": 0.0190340988338,
        "dvar2": 0.0441957674921,
        "max": 1,
        "mean": 0.0857388526201,
        "median": 0,
        "min": 0,
        "var": 0.0783899277449
    },
    "spectral_centroid": {
        "dmean": 375.64642334,
        "dmean2": 548.872009277,
        "dvar": 173986,
        "dvar2": 328278.78125,
        "max": 11521.4199219,
        "mean": 2210.10107422,
        "median": 2241.44189453,
        "min": 112.975479126,
        "var": 995365.3125
    },
    "spectral_complexity": {
        "dmean": 6.67911529541,
        "dmean2": 9.4977273941,
        "dvar": 61.513923645,
        "dvar2": 105.405273438,
        "max": 64,
        "mean": 22.7691936493,
        "median": 21,
        "min": 0,
        "var": 259.379638672
    },
    "spectral_decrease": {
        "dmean": 2.26765450861e-09,
        "dmean2": 3.11546632936e-09,
        "dvar": 8.21403169565e-18,
        "dvar2": 1.49015611278e-17,
        "max": 1.65700957773e-28,
        "mean": -7.91178234039e-09,
        "median": -6.9741861175e-09,
        "min": -3.60562424362e-08,
        "var": 3.66236366877e-17
    },
    "spectral_energy": {
        "dmean": 0.0095932725817,
        "dmean2": 0.0132992537692,
        "dvar": 0.000139892770676,
        "dvar2": 0.000248921656748,
        "max": 0.138056769967,
        "mean": 0.03337816149,
        "median": 0.02916893363,
        "min": 1.04069264998e-20,
        "var": 0.000615812372416
    },
    "spectral_energyband_high": {
        "dmean": 0.00204021297395,
        "dmean2": 0.0029979753308,
        "dvar": 1.20961503853e-05,
        "dvar2": 2.73782043223e-05,
        "max": 0.0305837653577,
        "mean": 0.00376123795286,
        "median": 0.00160834589042,
        "min": 7.41681560385e-21,
        "var": 2.38499778789e-05
    },
    "spectral_energyband_low": {
        "dmean": 0.00779784843326,
        "dmean2": 0.0120224365965,
        "dvar": 0.000186380595551,
        "dvar2": 0.000445402547484,
        "max": 0.12076344341,
        "mean": 0.0200595036149,
        "median": 0.0154041387141,
        "min": 2.59573860448e-23,
        "var": 0.000408447143855
    },
    "spectral_energyband_middle_high": {
        "dmean": 0.00194807897788,
        "dmean2": 0.00297641265206,
        "dvar": 7.99540976004e-06,
        "dvar2": 1.83130941878e-05,
        "max": 0.0297070369124,
        "mean": 0.00382711389102,
        "median": 0.00275308894925,
        "min": 1.26844067577e-21,
        "var": 1.4527512576e-05
    },
    "spectral_energyband_middle_low": {
        "dmean": 0.00503930496052,
        "dmean2": 0.00834683701396,
        "dvar": 0.000145169207826,
        "dvar2": 0.000348139787093,
        "max": 0.0963824540377,
        "mean": 0.00653306720778,
        "median": 0.00357740814798,
        "min": 2.16882399575e-22,
        "var": 0.000125743157696
    },
    "spectral_entropy": {
        "dmean": 0.142166674137,
        "dmean2": 0.203039243817,
        "dvar": 0.0332335010171,
        "dvar2": 0.0595833845437,
        "max": 9.8176984787,
        "mean": 8.06420993805,
        "median": 8.22456169128,
        "min": 5.67855501175,
        "var": 0.241645753384
    },
    "spectral_flux": {
        "dmean": 0.0304693318903,
        "dmean2": 0.0419423058629,
        "dvar": 0.00144538329914,
        "dvar2": 0.0021772175096,
        "max": 0.393144220114,
        "mean": 0.0982568338513,
        "median": 0.0833425372839,
        "min": 6.64810220763e-11,
        "var": 0.00529141258448
    },
    "spectral_kurtosis": {
        "dmean": 0.991590559483,
        "dmean2": 1.58533918858,
        "dvar": 2.64412808418,
        "dvar2": 6.8446264267,
        "max": 31.5910491943,
        "mean": 2.90395450592,
        "median": 2.06066226959,
        "min": -1.23266088963,
        "var": 8.70939826965
    },
    "spectral_rms": {
        "dmean": 0.000784868083429,
        "dmean2": 0.00110370956827,
        "dvar": 7.45396846469e-07,
        "dvar2": 1.34981200972e-06,
        "max": 0.0116055822,
        "mean": 0.00523360585794,
        "median": 0.00533455656841,
        "min": 3.1863927729e-12,
        "var": 5.17341095474e-06
    },
    "spectral_rolloff": {
        "dmean": 1014.03131104,
        "dmean2": 1589.03540039,
        "dvar": 2136385,
        "dvar2": 4392498,
        "max": 19401.4160156,
        "mean": 2405.00048828,
        "median": 1442.72460938,
        "min": 43.06640625,
        "var": 5960416.5
    },
    "spectral_skewness": {
        "dmean": 0.17920011282,
        "dmean2": 0.278554350138,
        "dvar": 0.0401542857289,
        "dvar2": 0.0959830507636,
        "max": 4.10191011429,
        "mean": 1.24261283875,
        "median": 1.15035283566,
        "min": -0.121453225613,
        "var": 0.24963901937
    },
    "spectral_spread": {
        "dmean": 672986.8125,
        "dmean2": 981959.3125,
        "dvar": 811723587584,
        "dvar2": 1.48281281741e+12,
        "max": 41981400,
        "mean": 6059937.5,
        "median": 6079159.5,
        "min": 1616711,
        "var": 4.80230191923e+12
    },
    "spectral_strongpeak": {
        "dmean": 0.187404498458,
        "dmean2": 0.304556310177,
        "dvar": 0.219926148653,
        "dvar2": 0.506598711014,
        "max": 17.3586215973,
        "mean": 0.404013931751,
        "median": 0.260929137468,
        "min": 0,
        "var": 0.272441267967
    },
    "zerocrossingrate": {
        "dmean": 0.0190685223788,
        "dmean2": 0.0222617015243,
        "dvar": 0.000363168132026,
        "dvar2": 0.00049314124044,
        "max": 0.82080078125,
        "mean": 0.0890215709805,
        "median": 0.07763671875,
        "min": 0.00244140625,
        "var": 0.00307240546681
    },
    "barkbands": {
        "dmean": [0.000866020855028, 0.00565519044176, 0.00392571045086, 0.00209990958683, 0.00224333629012, 0.000961309415288, 0.000572302087676, 0.000568612478673, 0.000585724250413, 0.00033350821468, 0.000241830843152, 0.000200584472623, 0.000258894666331, 0.000230938778259, 0.000219552181079, 0.000251911726082, 0.000259138847468, 0.000298133381875, 0.000249414035352, 0.000374735653168, 0.000432503147749, 0.00043964778888, 0.000469151040306, 0.000417729752371, 0.0002861492394, 0.000147360085975, 3.98616539314e-05],
        "dmean2": [0.00129257596564, 0.00860101543367, 0.0066719208844, 0.00388638162985, 0.0040610129945, 0.0016702109715, 0.000979565666057, 0.000972965033725, 0.00104270200245, 0.000607019464951, 0.000397165684262, 0.000331963849021, 0.000435615802417, 0.000386068364605, 0.000355320313247, 0.000400009012083, 0.000411876448197, 0.000477267458336, 0.000381115853088, 0.000577497994527, 0.000669506553095, 0.000678250798956, 0.000750483712181, 0.000619257800281, 0.00041559615056, 0.000213591192733, 6.12962248852e-05],
        "dvar": [2.43618842433e-06, 8.82264212123e-05, 0.000139971336466, 5.64105539524e-05, 4.72388746857e-05, 5.6908784245e-06, 1.40173710861e-06, 1.38682457873e-06, 2.03252034225e-06, 9.15943132895e-07, 1.43428721344e-07, 1.37464681416e-07, 1.71615141653e-07, 1.89278324569e-07, 1.20555540661e-07, 2.09452977629e-07, 2.40800801521e-07, 2.9493358511e-07, 1.54828313725e-07, 3.80945408551e-07, 5.13490419962e-07, 5.83657481457e-07, 9.05147146568e-07, 5.48914215415e-07, 2.65507679842e-07, 6.64219470536e-08, 5.34357669224e-09],
        "dvar2": [4.60519368062e-06, 0.000182952600881, 0.000368859386072, 0.000163262477145, 0.000134971589432, 1.63239546964e-05, 3.77566016141e-06, 3.70609996025e-06, 5.76950105824e-06, 2.65148219114e-06, 3.65745222553e-07, 3.36474954565e-07, 4.51943208191e-07, 4.88665818921e-07, 2.94861536076e-07, 5.06110950482e-07, 5.78462163503e-07, 6.84520898631e-07, 3.3693424939e-07, 8.82347080733e-07, 1.2091594499e-06, 1.42458134178e-06, 2.3202801458e-06, 1.23854340472e-06, 5.83483767969e-07, 1.37759272434e-07, 1.15669100964e-08],
        "max": [0.0229373350739, 0.0731203556061, 0.090981066227, 0.0675823539495, 0.0583998970687, 0.0197171140462, 0.0128424502909, 0.0127957705408, 0.014814148657, 0.00793815217912, 0.00540059152991, 0.0111487274989, 0.00643936218694, 0.00771569740027, 0.00599898491055, 0.00859485194087, 0.00883046258241, 0.00938848592341, 0.00485366303474, 0.00711342832074, 0.00909385737032, 0.0137957250699, 0.0122520960867, 0.00775211630389, 0.00668203504756, 0.00256703374907, 0.00119625916705],
        "mean": [0.00224468810484, 0.0135167520493, 0.00354654924013, 0.00152687123045, 0.00183093652595, 0.000974231632426, 0.000634728232399, 0.000666363688651, 0.000828224408906, 0.000301389198285, 0.000388125743484, 0.000262647110503, 0.000355592812411, 0.000314660253935, 0.000335780117894, 0.000377024465706, 0.0003753308265, 0.000422319659265, 0.000427231250796, 0.000610391492955, 0.000722842873074, 0.000730067724362, 0.000687638821546, 0.000615285127424, 0.000417554896558, 0.000211050850339, 5.3822161135e-05],
        "median": [0.00103606900666, 0.0100114149973, 0.000374601571821, 0.000219654437387, 0.000339418998919, 0.000240611538175, 0.000236063540797, 0.00020231284725, 0.000176765272045, 9.28647641558e-05, 0.000175420122105, 0.000124551588669, 0.000188355421415, 0.000168906786712, 0.000179602822755, 0.00020258857694, 0.000186330857105, 0.000212428858504, 0.00021621878841, 0.000273074721918, 0.000292119570076, 0.000278066232568, 0.000238868698943, 0.000229689772823, 0.000180952934898, 7.88433826528e-05, 1.91296294361e-05],
        "min": [8.93311808314e-25, 2.63010130662e-24, 3.83967869311e-24, 3.57975139142e-24, 2.18083736915e-23, 6.40085722244e-24, 1.1128800789e-23, 2.02212391927e-23, 3.63525028046e-23, 1.5959601168e-23, 2.33649177421e-23, 3.01044656888e-23, 4.37889525631e-23, 2.0720643366e-23, 3.98889504654e-23, 6.53067335629e-23, 1.00988269147e-22, 1.06706564077e-22, 1.65318449707e-22, 1.62101285609e-22, 3.20881378455e-22, 3.54516085047e-22, 4.33383773022e-22, 7.29893792369e-22, 9.65782842512e-22, 1.4829411698e-21, 2.28712975601e-21],
        "var": [8.17478303361e-06, 0.000205082207685, 0.000106296109152, 3.15117358696e-05, 2.85644491669e-05, 4.23347728429e-06, 1.30420085043e-06, 1.45486478687e-06, 2.86137765215e-06, 5.59286775115e-07, 3.02421540255e-07, 2.07347468972e-07, 2.43173843728e-07, 2.20213152602e-07, 2.1512992987e-07, 2.95739738476e-07, 3.18434842939e-07, 3.85537134662e-07, 3.12341143172e-07, 6.51720142741e-07, 9.83588620329e-07, 1.13821567993e-06, 1.24145492464e-06, 8.8642383389e-07, 3.98992995088e-07, 1.07922808468e-07, 8.7013480865e-09]
    },
    "erbbands": {
        "dmean": [0.232950001955, 1.2275005579, 3.9505212307, 6.10180664062, 6.92600059509, 7.62565660477, 7.58647871017, 8.04615211487, 7.60897159576, 11.8802204132, 11.4620504379, 14.129940033, 9.78840732574, 9.72807693481, 9.74628448486, 8.49488067627, 11.1309423447, 12.0832490921, 10.7793912888, 12.503329277, 13.2229671478, 14.1668081284, 15.3497896194, 13.1681928635, 14.8376121521, 17.2000789642, 17.676071167, 17.5264034271, 16.4247283936, 14.1929693222, 13.1666488647, 10.4337263107, 5.8052072525, 3.67988395691, 1.87848675251, 0.702794075012, 0.263052016497, 0.0702307596803, 0.00642792554572, 0.00010719725833],
        "dmean2": [0.335605740547, 1.74024796486, 6.32651472092, 10.858590126, 12.5622854233, 13.9298315048, 13.9067020416, 13.6035118103, 13.1620063782, 19.9743862152, 19.6765346527, 24.725069046, 17.9208469391, 17.2479915619, 15.6953086853, 14.0513305664, 18.5917186737, 20.2636356354, 17.4716911316, 20.1882762909, 20.6565933228, 22.3011932373, 24.2562084198, 20.3268985748, 22.5692176819, 26.6789951324, 27.6334323883, 26.9139900208, 25.4637565613, 22.6329345703, 21.0575180054, 16.0397605896, 8.47951507568, 5.43435716629, 2.7468419075, 1.01334857941, 0.38937702775, 0.104653507471, 0.0099309720099, 0.000158430528245],
        "dvar": [0.127385824919, 5.66846609116, 122.250205994, 412.501342773, 488.756591797, 564.072631836, 623.655029297, 316.246856689, 245.487518311, 788.186828613, 575.58013916, 1096.18395996, 884.57623291, 540.872802734, 243.828231812, 234.807662964, 296.436889648, 527.954162598, 301.399810791, 366.794708252, 648.234436035, 718.473144531, 873.79284668, 452.169281006, 545.559448242, 773.588317871, 852.760925293, 880.975158691, 775.818237305, 988.794494629, 673.150268555, 380.933746338, 95.4361038208, 46.7620048523, 11.1373615265, 1.48797798157, 0.224482640624, 0.0161717254668, 0.000144002493471, 3.56078970754e-08],
        "dvar2": [0.272344946861, 10.6989355087, 302.585388184, 1152.11621094, 1399.71582031, 1625.89355469, 1815.23083496, 873.555358887, 662.403259277, 2050.9465332, 1582.51953125, 3001.78833008, 2588.52368164, 1543.52380371, 615.45135498, 572.253540039, 772.223510742, 1388.72351074, 762.946411133, 918.825378418, 1498.62487793, 1690.18969727, 2001.99560547, 1023.81518555, 1201.90515137, 1812.68200684, 2019.06835938, 2070.54077148, 1847.08337402, 2591.8737793, 1734.4909668, 922.757263184, 203.71546936, 106.94745636, 24.1066951752, 2.99592423439, 0.486188232899, 0.0349756032228, 0.000314362579957, 7.4051484944e-08],
        "max": [3.56834721565, 19.7217617035, 87.1476898193, 178.637115479, 203.609268188, 227.362426758, 207.621612549, 144.384292603, 154.945144653, 329.745452881, 211.433914185, 334.924743652, 247.388793945, 203.090911865, 278.857055664, 448.045318604, 304.591583252, 465.099029541, 299.022857666, 315.691955566, 423.984039307, 498.284637451, 615.534912109, 222.145172119, 297.247161865, 295.824157715, 313.462585449, 451.879058838, 358.688262939, 453.080444336, 312.261932373, 196.460525513, 103.45954895, 98.1554718018, 39.0415344238, 14.628657341, 5.03356695175, 1.95665919781, 0.173969894648, 0.00256274570711],
        "mean": [0.611574172974, 2.12849235535, 3.98279976845, 5.15877723694, 5.43249607086, 6.1388463974, 6.38077402115, 8.55556678772, 8.28330612183, 13.4996023178, 15.0056962967, 21.7772731781, 9.45800209045, 11.0596408844, 16.2191238403, 11.8522090912, 16.2402076721, 16.6794891357, 16.8042316437, 20.2467460632, 19.9248218536, 21.2399196625, 22.5733203888, 21.3599224091, 24.3294277191, 28.3613414764, 29.3179550171, 29.018075943, 27.0272865295, 21.7569217682, 19.2298030853, 14.8214550018, 8.99116802216, 5.24138259888, 2.67545199394, 1.0562787056, 0.35614669323, 0.0978973135352, 0.00861752685159, 0.000181739946129],
        "median": [0.463671416044, 1.06759750843, 0.648297011852, 0.82085108757, 1.09194815159, 1.03800165653, 1.34493744373, 2.22268509865, 2.72199964523, 4.1522231102, 4.81260251999, 4.24294424057, 3.66688036919, 5.18749189377, 7.79721355438, 5.97026968002, 9.02658557892, 9.16230678558, 9.49384117126, 12.2758903503, 9.49506664276, 11.1618995667, 11.3187303543, 10.9116134644, 11.89635849, 13.0125808716, 12.3128499985, 11.1861934662, 9.93055820465, 7.8489985466, 6.78949403763, 4.98874187469, 3.5578057766, 2.19223427773, 1.13584971428, 0.417388737202, 0.129290863872, 0.0376290418208, 0.00289193238132, 9.56622534432e-05],
        "min": [1.88279085702e-22, 6.47478956624e-22, 6.70158346667e-21, 1.70958393205e-20, 3.61968678433e-20, 7.16903995215e-20, 5.50764122949e-20, 1.07211900244e-19, 1.48658754188e-19, 3.33612384198e-19, 4.47058757643e-19, 6.50356125863e-19, 4.50217915499e-19, 1.08648074488e-18, 1.35258433435e-18, 1.89828913633e-18, 2.57222585501e-18, 1.96945210481e-18, 2.08695145646e-18, 2.79021131427e-18, 4.71911047596e-18, 6.1296693145e-18, 6.71684554027e-18, 7.90754804381e-18, 1.05942397724e-17, 6.87904738659e-18, 1.23685314329e-17, 1.18549573245e-17, 1.2815682111e-17, 1.33304738294e-17, 1.19955532132e-17, 1.39172476318e-17, 1.19095843321e-17, 9.50448060052e-18, 7.56525491607e-18, 4.41866027951e-18, 2.58028093981e-18, 1.01236722315e-18, 2.58899053128e-19, 2.83690541428e-20],
        "var": [0.373465955257, 10.8555955887, 108.97593689, 262.950469971, 287.560821533, 338.310760498, 380.541137695, 285.299102783, 232.603729248, 771.884460449, 710.834533691, 2125.83642578, 517.174804688, 385.754425049, 528.595581055, 356.015197754, 470.128356934, 603.579772949, 506.937713623, 663.029785156, 940.755493164, 976.834289551, 1140.15576172, 792.391601562, 1025.00231934, 1358.0045166, 1541.21716309, 1740.7220459, 1556.57897949, 1337.20397949, 907.734436035, 564.244567871, 169.794494629, 66.3778152466, 16.5253219604, 2.53207397461, 0.332455992699, 0.0259626358747, 0.000231940939557, 6.34205150618e-08]
    },
    "gfcc": {
        "mean": [7.73562335968, 33.6208267212, -96.0536651611, 44.9076004028, -47.5786781311, 27.203502655, -25.7639446259, 18.179069519, -14.0953969955, 12.6639299393, -13.7691202164, 5.47812128067, -12.0074634552],
        "cov": [[16581.0742188, -1479.45422363, 825.879577637, 436.783050537, -743.163696289, -127.279571533, -535.050292969, 24.7904548645, -468.955627441, 281.738922119, -231.829299927, 56.7716255188, -229.830230713], [-1479.45422363, 1908.56872559, -508.968475342, -493.998352051, -92.721824646, -242.704360962, -170.949432373, -280.640136719, 71.745880127, -195.954299927, 89.0570602417, 57.8824310303, 159.291534424], [825.879577637, -508.968475342, 1082.93395996, 481.087097168, 89.7064208984, 76.1490707397, 103.227325439, 113.56388092, -55.8226699829, 69.3218231201, -75.4993133545, -92.9771728516, -95.0254135132], [436.783050537, -493.998352051, 481.087097168, 774.843017578, 171.070343018, 219.603713989, 83.2035064697, 50.1086769104, -28.8278751373, 53.6504631042, 14.0401992798, -63.1927642822, -0.66409355402], [-743.163696289, -92.721824646, 89.7064208984, 171.070343018, 396.122314453, 169.792449951, 83.5898895264, 4.83285236359, -29.7518672943, 5.69115066528, 20.7732772827, 3.44549798965, -6.53148889542], [-127.279571533, -242.704360962, 76.1490707397, 219.603713989, 169.792449951, 291.327484131, 176.787033081, 135.258758545, 35.2963485718, 42.4913024902, 10.5608491898, -24.4432811737, -13.8407077789], [-535.050292969, -170.949432373, 103.227325439, 83.2035064697, 83.5898895264, 176.787033081, 290.601196289, 221.078887939, 103.689910889, 47.7440834045, 10.2400636673, -30.6530227661, -23.3882465363], [24.7904548645, -280.640136719, 113.56388092, 50.1086769104, 4.83285236359, 135.258758545, 221.078887939, 309.981567383, 151.317596436, 96.7783660889, 0.224139809608, -29.0271472931, -43.600189209], [-468.955627441, 71.745880127, -55.8226699829, -28.8278751373, -29.7518672943, 35.2963485718, 103.689910889, 151.317596436, 212.54548645, 85.9412231445, 58.9421463013, -6.5973200798, 7.13276386261], [281.738922119, -195.954299927, 69.3218231201, 53.6504631042, 5.69115066528, 42.4913024902, 47.7440834045, 96.7783660889, 85.9412231445, 170.91229248, 80.5931854248, 33.1699485779, -13.3265924454], [-231.829299927, 89.0570602417, -75.4993133545, 14.0401992798, 20.7732772827, 10.5608491898, 10.2400636673, 0.224139809608, 58.9421463013, 80.5931854248, 143.592956543, 84.269821167, 49.2625198364], [56.7716255188, 57.8824310303, -92.9771728516, -63.1927642822, 3.44549798965, -24.4432811737, -30.6530227661, -29.0271472931, -6.5973200798, 33.1699485779, 84.269821167, 129.974411011, 63.2273292542], [-229.830230713, 159.291534424, -95.0254135132, -0.66409355402, -6.53148889542, -13.8407077789, -23.3882465363, -43.600189209, 7.13276386261, -13.3265924454, 49.2625198364, 63.2273292542, 114.408981323]],
        "icov": [[0.000104387043393, -2.54133101407e-05, -1.97146455321e-05, -8.43117377372e-05, 0.000252934842138, -0.000154839770403, 0.000323034502799, -0.000243759772275, 0.000342093233485, -0.000326830195263, 0.000273602228845, -0.000259495252976, 0.000163269360201], [-2.54133101407e-05, 0.00116808048915, -0.000156588037498, 0.000732011161745, -0.000159707036801, 6.72867899993e-05, -6.63926330162e-05, 0.00111284130253, -0.00142294645775, 0.00177266076207, -0.00151369255036, 0.000900811573956, -0.000944496423472], [-1.97146455321e-05, -0.000156588037498, 0.00177811167669, -0.00130493869074, -0.00026574273943, 0.00134539650753, -0.000848008261528, -0.000559689942747, 0.000961610290688, -0.00121218059212, 0.00125588616356, -0.000177111505764, 0.000764606520534], [-8.43117377372e-05, 0.000732011161745, -0.00130493869074, 0.00337450904772, -0.000382270663977, -0.00209244666621, 0.000758650014177, 0.000799104338512, -0.000422288605478, 0.0011146820616, -0.00293386960402, 0.00315098674037, -0.00239008106291], [0.000252934842138, -0.000159707036801, -0.00026574273943, -0.000382270663977, 0.00447960523888, -0.00278526032344, -2.23640909098e-05, 0.000883454747964, 0.00102392036933, -0.000580386375077, 0.000293043791316, -0.00150358711835, 0.00133174774237], [-0.000154839770403, 6.72867899993e-05, 0.00134539650753, -0.00209244666621, -0.00278526032344, 0.00953178200871, -0.00421190820634, -0.00152157910634, 0.00111514190212, -0.000637678895146, 0.000190377279068, 0.000818281550892, -0.000424194906373], [0.000323034502799, -6.63926330162e-05, -0.000848008261528, 0.000758650014177, -2.23640909098e-05, -0.00421190820634, 0.0119908666238, -0.00755885383114, 0.000827845477033, 0.00201695319265, -0.00268120598048, 0.0014375213068, -0.000355365365976], [-0.000243759772275, 0.00111284130253, -0.000559689942747, 0.000799104338512, 0.000883454747964, -0.00152157910634, -0.00755885383114, 0.0147585654631, -0.00809095799923, -0.00161146465689, 0.00438938708976, -0.00270895264111, 0.00136997911613], [0.000342093233485, -0.00142294645775, 0.000961610290688, -0.000422288605478, 0.00102392036933, 0.00111514190212, 0.000827845477033, -0.00809095799923, 0.0148058217019, -0.00524188065901, -0.00366900721565, 0.00495307799429, -0.00194729364011], [-0.000326830195263, 0.00177266076207, -0.00121218059212, 0.0011146820616, -0.000580386375077, -0.000637678895146, 0.00201695319265, -0.00161146465689, -0.00524188065901, 0.0168731939048, -0.0106341615319, 0.000243278438575, 0.0022996282205], [0.000273602228845, -0.00151369255036, 0.00125588616356, -0.00293386960402, 0.000293043791316, 0.000190377279068, -0.00268120598048, 0.00438938708976, -0.00366900721565, -0.0106341615319, 0.0244376771152, -0.0132149755955, 0.000618401507381], [-0.000259495252976, 0.000900811573956, -0.000177111505764, 0.00315098674037, -0.00150358711835, 0.000818281550892, 0.0014375213068, -0.00270895264111, 0.00495307799429, 0.000243278438575, -0.0132149755955, 0.0220800023526, -0.00942231528461], [0.000163269360201, -0.000944496423472, 0.000764606520534, -0.00239008106291, 0.00133174774237, -0.000424194906373, -0.000355365365976, 0.00136997911613, -0.00194729364011, 0.0022996282205, 0.000618401507381, -0.00942231528461, 0.0168090909719]]
    },
    "melbands": {
        "dmean": [0.00171437754761, 0.00174644053914, 0.00103384954855, 0.000530711957254, 0.000279029045487, 0.000179176786332, 0.000114626083814, 0.000129308624309, 9.60304387263e-05, 8.59602005221e-05, 4.92405379191e-05, 4.10630855185e-05, 3.5118238884e-05, 2.26844495046e-05, 2.31179674302e-05, 2.66425031441e-05, 2.3150261768e-05, 1.78678837983e-05, 1.72346008185e-05, 1.78373047675e-05, 1.6510788555e-05, 1.57084123202e-05, 1.48627377712e-05, 1.41116297527e-05, 1.08942058432e-05, 1.02644316939e-05, 1.3087541447e-05, 1.16288920253e-05, 1.13429241537e-05, 1.17453191706e-05, 1.05051149148e-05, 1.00899133031e-05, 8.15799830889e-06, 8.51425375004e-06, 7.96079802967e-06, 7.29211751604e-06, 6.31179000266e-06, 4.42540749646e-06, 3.44145860254e-06, 3.08753192257e-06],
        "dmean2": [0.00252621527761, 0.00251893885434, 0.00181046291254, 0.000959701603279, 0.000512389640789, 0.000304896268062, 0.000197607369046, 0.000218135726755, 0.000165206671227, 0.000151245258166, 9.0411878773e-05, 7.34451386961e-05, 5.67124807276e-05, 3.72439899365e-05, 3.84947379644e-05, 4.49231047241e-05, 3.91762805521e-05, 2.94252822641e-05, 2.7958296414e-05, 2.89724794129e-05, 2.61359728029e-05, 2.5344423193e-05, 2.36103878706e-05, 2.2687294404e-05, 1.70027506101e-05, 1.59477785928e-05, 2.01929269679e-05, 1.83600332093e-05, 1.77956171683e-05, 1.87200203072e-05, 1.62971118698e-05, 1.57866379595e-05, 1.29432855829e-05, 1.36940625453e-05, 1.28238880279e-05, 1.17216268336e-05, 9.76142746367e-06, 6.64280014462e-06, 5.06236347064e-06, 4.6447812565e-06],
        "dvar": [6.52935841572e-06, 1.72953859874e-05, 1.10693963506e-05, 2.58579257206e-06, 8.42871600071e-07, 1.61190385484e-07, 5.32720783042e-08, 9.17973252967e-08, 4.28230002569e-08, 4.21883683543e-08, 2.28001049152e-08, 1.03829345122e-08, 3.06499048364e-09, 1.87655380124e-09, 1.63550262222e-09, 1.89097293379e-09, 2.08302197713e-09, 9.19275711109e-10, 6.83231582421e-10, 9.3907592813e-10, 1.09890418987e-09, 1.03418207331e-09, 7.75352948512e-10, 5.83168402457e-10, 3.10258346792e-10, 2.72320971328e-10, 4.65664728999e-10, 3.44116235507e-10, 3.3802852184e-10, 4.18156398396e-10, 3.21453835772e-10, 2.85656054366e-10, 2.64440219722e-10, 4.08099692928e-10, 2.38107172867e-10, 2.02969530072e-10, 1.47539258588e-10, 5.94936114262e-11, 3.46832111642e-11, 3.66258308404e-11],
        "dvar2": [1.36335665957e-05, 3.85409402952e-05, 3.02842126985e-05, 7.39996721677e-06, 2.45267324317e-06, 4.50985197631e-07, 1.44119724155e-07, 2.39566247728e-07, 1.18494831725e-07, 1.17093122753e-07, 6.65545698553e-08, 2.96778619457e-08, 7.69496999453e-09, 4.61740956581e-09, 4.1601322387e-09, 5.00078334298e-09, 5.48030332226e-09, 2.386407294e-09, 1.70048941595e-09, 2.36820585364e-09, 2.54301357749e-09, 2.57222065869e-09, 1.76712777744e-09, 1.37707989456e-09, 7.21081860888e-10, 6.15955120242e-10, 1.05938235961e-09, 8.35714442093e-10, 8.06289590649e-10, 1.03658659434e-09, 7.67736374474e-10, 6.69217570248e-10, 7.07275127354e-10, 1.05727193667e-09, 6.08561367965e-10, 5.23829146726e-10, 3.54285739634e-10, 1.30812180532e-10, 7.53073992055e-11, 8.71541727676e-11],
        "max": [0.0247224774212, 0.0343027673662, 0.0287480112165, 0.0128489304334, 0.00754456594586, 0.00328664039262, 0.002097456716, 0.00371090369299, 0.00232489407063, 0.00194353424013, 0.00125504448079, 0.000881637097336, 0.000803180853836, 0.000958131568041, 0.00132545712404, 0.000614916149061, 0.000903769512661, 0.00052663119277, 0.000347468070686, 0.000611461815424, 0.000648858956993, 0.000655627518427, 0.000466527562821, 0.000377544085495, 0.00018852930225, 0.000210105063161, 0.000297908147331, 0.000198859255761, 0.000199228175916, 0.000241856541834, 0.000266192859272, 0.000253283273196, 0.000427338498412, 0.00033129833173, 0.000189367419807, 0.000167883088579, 0.000131679073093, 8.14626837382e-05, 8.27521289466e-05, 9.41344114835e-05],
        "mean": [0.00450127664953, 0.00235569244251, 0.000910153030418, 0.000427085265983, 0.000233640123042, 0.000190732869669, 0.000125539532746, 0.000145001991768, 0.000130148910102, 0.000126672704937, 4.3159834604e-05, 4.26142869401e-05, 5.89034316363e-05, 3.02897988149e-05, 3.20417311741e-05, 3.64627776435e-05, 3.00553219859e-05, 2.61631194007e-05, 2.6472924219e-05, 2.6775212973e-05, 2.2877671654e-05, 2.19851153815e-05, 2.11685255636e-05, 1.96981018235e-05, 1.68327551364e-05, 1.64751727425e-05, 1.93952400878e-05, 1.85189892363e-05, 1.80745610123e-05, 1.78220743692e-05, 1.65323417605e-05, 1.60251292982e-05, 1.24420812426e-05, 1.20626136777e-05, 1.12339203042e-05, 1.01649557109e-05, 8.5354076873e-06, 6.67055519443e-06, 4.94632013215e-06, 4.24218933404e-06],
        "median": [0.00343893631361, 0.000647392007522, 0.00016363922623, 8.01388669061e-05, 4.81237002532e-05, 5.07134755026e-05, 4.50280967925e-05, 4.51088781119e-05, 3.63854742318e-05, 2.42539517785e-05, 1.44465548146e-05, 1.72112759174e-05, 2.55111390288e-05, 1.46393340401e-05, 1.65585315699e-05, 1.93223859242e-05, 1.54020744958e-05, 1.40983420351e-05, 1.45248995977e-05, 1.51119893417e-05, 9.89594809653e-06, 1.12176967377e-05, 1.0005983313e-05, 9.95582286123e-06, 8.1559701357e-06, 8.35437458591e-06, 8.36641993374e-06, 8.39168296807e-06, 7.2761085903e-06, 7.2507027653e-06, 6.05597961112e-06, 5.72666476728e-06, 4.78408674098e-06, 4.12402368966e-06, 3.92777792513e-06, 3.34889045916e-06, 2.86028534902e-06, 2.5287479275e-06, 1.98831253329e-06, 1.71214719558e-06],
        "min": [1.08242996907e-24, 4.39976046948e-24, 2.70506754731e-24, 4.95098018245e-24, 2.1957284598e-24, 2.43369742376e-24, 2.2351928043e-24, 3.03750339353e-24, 3.7640904356e-24, 4.20547783359e-24, 2.26484036649e-24, 4.1532000214e-24, 4.07781686773e-24, 4.56371140357e-24, 3.39213857448e-24, 6.2152208965e-24, 2.48979273108e-24, 3.13646264143e-24, 3.5381626445e-24, 3.71628783132e-24, 5.03419711934e-24, 5.23505885518e-24, 5.89429255873e-24, 4.4229348363e-24, 5.85196228256e-24, 6.36878923778e-24, 6.14168407178e-24, 3.60626776746e-24, 5.63043475759e-24, 7.33805356013e-24, 5.9679788726e-24, 6.01751065998e-24, 6.11060374097e-24, 7.62874170395e-24, 5.62043752333e-24, 8.28477657653e-24, 8.04852614606e-24, 7.19381744335e-24, 7.80071969218e-24, 6.57409383824e-24],
        "var": [1.89906877495e-05, 2.22335893341e-05, 7.37382561056e-06, 1.56336591317e-06, 5.00618966726e-07, 1.39755982786e-07, 5.04267312351e-08, 8.85408155682e-08, 5.69198057576e-08, 7.26987181565e-08, 1.31969777328e-08, 7.13971726185e-09, 7.52069162502e-09, 2.82924816908e-09, 2.18366724702e-09, 2.62178323496e-09, 2.22817986284e-09, 1.35070066243e-09, 1.23528565155e-09, 1.37994438099e-09, 1.47755929714e-09, 1.2175292996e-09, 1.03542274754e-09, 7.88532683593e-10, 5.21083509675e-10, 4.96211238765e-10, 7.45841166605e-10, 5.89951865138e-10, 6.08268380109e-10, 6.59815313497e-10, 6.1186267164e-10, 5.74952196963e-10, 3.86640774952e-10, 4.94304153165e-10, 3.16440124104e-10, 2.81304368688e-10, 2.04109437685e-10, 1.00608847642e-10, 5.49152529006e-11, 4.7248351065e-11]
    },
    "mfcc": {
        "mean": [-638.237915039, 68.3282165527, 13.5442037582, 26.9448490143, 10.4497270584, 15.5759572983, 6.12985134125, 9.56399917603, 8.33666038513, 9.21340656281, 7.10435676575, 8.04647636414, 4.69194793701],
        "cov": [[11164.4941406, -1099.59448242, 312.699707031, 218.327529907, -45.0136222839, 39.7762832642, 29.9569816589, -224.717514038, -234.876419067, 33.5234336853, -99.1403427124, -83.697265625, -261.776641846], [-1099.59448242, 1867.9309082, -430.633575439, -352.748474121, -149.568084717, -170.863723755, -292.526947021, -114.911247253, -138.149932861, -261.45791626, -167.897827148, -69.5424041748, 101.033615112], [312.699707031, -430.633575439, 756.38684082, 377.321533203, 93.0813140869, 84.4826278687, 116.180534363, 44.3821525574, 70.505317688, 146.607894897, 71.0832366943, 3.76168060303, -69.4025878906], [218.327529907, -352.748474121, 377.321533203, 416.720184326, 177.275848389, 137.352874756, 114.781692505, 21.0556049347, 29.1094398499, 52.4747772217, 24.8121109009, 4.73885536194, -25.0426959991], [-45.0136222839, -149.568084717, 93.0813140869, 177.275848389, 273.897369385, 163.584350586, 107.870834351, 19.7086296082, 9.69547367096, 11.1549978256, -0.433445036411, -1.71243309975, -11.550655365], [39.7762832642, -170.863723755, 84.4826278687, 137.352874756, 163.584350586, 221.687194824, 144.128540039, 42.8468322754, 18.4387569427, 20.460855484, 12.6565647125, -0.40281149745, -11.7846078873], [29.9569816589, -292.526947021, 116.180534363, 114.781692505, 107.870834351, 144.128540039, 251.098754883, 128.495040894, 85.5039978027, 82.8870315552, 60.7916984558, 20.5661239624, -11.8497428894], [-224.717514038, -114.911247253, 44.3821525574, 21.0556049347, 19.7086296082, 42.8468322754, 128.495040894, 184.15335083, 125.198295593, 91.0143203735, 71.765007019, 36.4872169495, 11.6361160278], [-234.876419067, -138.149932861, 70.505317688, 29.1094398499, 9.69547367096, 18.4387569427, 85.5039978027, 125.198295593, 171.958404541, 141.034118652, 92.5165863037, 44.701171875, 0.312080442905], [33.5234336853, -261.45791626, 146.607894897, 52.4747772217, 11.1549978256, 20.460855484, 82.8870315552, 91.0143203735, 141.034118652, 227.648635864, 147.523681641, 68.8145599365, -12.0828876495], [-99.1403427124, -167.897827148, 71.0832366943, 24.8121109009, -0.433445036411, 12.6565647125, 60.7916984558, 71.765007019, 92.5165863037, 147.523681641, 167.166000366, 98.8628997803, 34.9464607239], [-83.697265625, -69.5424041748, 3.76168060303, 4.73885536194, -1.71243309975, -0.40281149745, 20.5661239624, 36.4872169495, 44.701171875, 68.8145599365, 98.8628997803, 126.18094635, 81.6790771484], [-261.776641846, 101.033615112, -69.4025878906, -25.0426959991, -11.550655365, -11.7846078873, -11.8497428894, 11.6361160278, 0.312080442905, -12.0828876495, 34.9464607239, 81.6790771484, 130.82194519]],
