{
"lowlevel": {
    "average_loudness": 0.905828416348,
    "barkbands_crest": {
        "dmean": 3.30277967453,
        "dmean2": 4.90730285645,
        "dvar": 12.7729501724,
        "dvar2": 29.6673145294,
        "max": 26.0621604919,
        "mean": 12.736536026,
        "median": 12.4657316208,
        "min": 1.73015713692,
        "var": 38.2798423767
    },
    "barkbands_flatness_db": {
        "dmean": 0.0349227301776,
        "dmean2": 0.0510982014239,
        "dvar": 0.00158469297457,
        "dvar2": 0.00361668108962,
        "max": 0.521821081638,
        "mean": 0.141330316663,
        "median": 0.128299847245,
        "min": 0.0136902993545,
        "var": 0.00640430860221
    },
    "barkbands_kurtosis": {
        "dmean": 5.21060371399,
        "dmean2": 8.24587345123,
        "dvar": 144.299163818,
        "dvar2": 317.217010498,
        "max": 315.01751709,
        "mean": 5.35608577728,
        "median": 1.45246315002,
        "min": -1.86816394329,
        "var": 199.645050049
    },
    "barkbands_skewness": {
        "dmean": 0.921837508678,
        "dmean2": 1.35766410828,
        "dvar": 1.49268960953,
        "dvar2": 3.36261940002,
        "max": 15.2682962418,
        "mean": 1.53897964954,
        "median": 1.24646425247,
        "min": -8.6674823761,
        "var": 3.50914168358
    },
    "barkbands_spread": {
        "dmean": 10.9979362488,
        "dmean2": 17.164812088,
        "dvar": 157.609390259,
        "dvar2": 370.495147705,
        "max": 106.54776001,
        "mean": 30.684841156,
        "median": 28.0382156372,
        "min": 0.634927213192,
        "var": 323.573516846
    },
    "dissonance": {
        "dmean": 0.0142242815346,
        "dmean2": 0.0236963890493,
        "dvar": 0.000397204305045,
        "dvar2": 0.00106878066435,
        "max": 0.500000178814,
        "mean": 0.47713881731,
        "median": 0.486517041922,
        "min": 0.092872582376,
        "var": 0.000991028733552
    },
    "dynamic_complexity": 2.96152830124,
    "erbbands_crest": {
        "dmean": 2.55230021477,
        "dmean2": 4.13918972015,
        "dvar": 7.91796875,
        "dvar2": 17.992225647,
        "max": 27.7620391846,
        "mean": 7.50967979431,
        "median": 6.06060409546,
        "min": 2.19518566132,
        "var": 18.5367298126
    },
    "erbbands_flatness_db": {
        "dmean": 0.0197145156562,
        "dmean2": 0.0284917578101,
        "dvar": 0.000394905975554,
        "dvar2": 0.000809250981547,
        "max": 0.588284850121,
        "mean": 0.148052170873,
        "median": 0.123137459159,
        "min": 0.0480961725116,
        "var": 0.00665798131377
    },
    "erbbands_kurtosis": {
        "dmean": 1.10228133202,
        "dmean2": 1.78676939011,
        "dvar": 3.62738633156,
        "dvar2": 8.8159532547,
        "max": 63.1391220093,
        "mean": 0.512109518051,
        "median": -0.0781722068787,
        "min": -1.88028264046,
        "var": 7.54352998734
    },
    "erbbands_skewness": {
        "dmean": 0.441355824471,
        "dmean2": 0.676495015621,
        "dvar": 0.227642342448,
        "dvar2": 0.522401034832,
        "max": 6.19404840469,
        "mean": -0.25233733654,
        "median": -0.351677834988,
        "min": -5.78684616089,
        "var": 0.549531280994
    },
    "erbbands_spread": {
        "dmean": 13.1017408371,
        "dmean2": 19.6884174347,
        "dvar": 306.984436035,
        "dvar2": 707.824951172,
        "max": 183.642227173,
        "mean": 44.9445457458,
        "median": 41.2388381958,
        "min": 0.887004077435,
        "var": 721.649963379
    },
    "hfc": {
        "dmean": 10.3685150146,
        "dmean2": 15.7777252197,
        "dvar": 225.784164429,
        "dvar2": 562.131774902,
        "max": 160.853057861,
        "mean": 30.7756328583,
        "median": 29.2155418396,
        "min": 1.10863933771e-16,
        "var": 452.074676514
    },
    "melbands_crest": {
        "dmean": 4.29175519943,
        "dmean2": 6.71045732498,
        "dvar": 24.6360855103,
        "dvar2": 58.0094032288,
        "max": 38.1724777222,
        "mean": 19.9120025635,
        "median": 20.53723526,
        "min": 1.69012784958,
        "var": 91.7699737549
    },
    "melbands_flatness_db": {
        "dmean": 0.0440840758383,
        "dmean2": 0.0637089833617,
        "dvar": 0.0027378636878,
        "dvar2": 0.00620958162472,
        "max": 0.660612761974,
        "mean": 0.197766199708,
        "median": 0.198767468333,
        "min": 0.00313904113136,
        "var": 0.0102843781933
    },
    "melbands_kurtosis": {
        "dmean": 25.6521644592,
        "dmean2": 40.1459274292,
        "dvar": 4400.05664062,
        "dvar2": 9395.80664062,
        "max": 1545.16491699,
        "mean": 32.3566818237,
        "median": 8.45633125305,
        "min": -1.8315217495,
        "var": 5888.27099609
    },
    "melbands_skewness": {
        "dmean": 1.61480212212,
        "dmean2": 2.38821768761,
        "dvar": 6.05742359161,
        "dvar2": 12.9038877487,
        "max": 34.5935935974,
        "mean": 3.72434043884,
        "median": 2.84691596031,
        "min": -5.07771682739,
        "var": 13.363035202
    },
    "melbands_spread": {
        "dmean": 15.5279121399,
        "dmean2": 24.3284111023,
        "dvar": 457.908416748,
        "dvar2": 1075.11157227,
        "max": 230.471893311,
        "mean": 33.2412567139,
        "median": 21.7296047211,
        "min": 0.34440767765,
        "var": 905.445251465
    },
    "pitch_salience": {
        "dmean": 0.107232779264,
        "dmean2": 0.1610352844,
        "dvar": 0.0136666726321,
        "dvar2": 0.0292313285172,
        "max": 0.958380758762,
        "mean": 0.448122620583,
        "median": 0.444705992937,
        "min": 0.0491078086197,
        "var": 0.0363355092704
    },
    "silence_rate_20dB": {
        "dmean": 0,
        "dmean2": 0,
        "dvar": 0,
        "dvar2": 0,
        "max": 1,
        "mean": 1,
        "median": 1,
        "min": 1,
        "var": 0
    },
    "silence_rate_30dB": {
        "dmean": 0.0342904031277,
        "dmean2": 0.0685864314437,
        "dvar": 0.0331176482141,
        "dvar2": 0.0840622186661,
        "max": 1,
        "mean": 0.975801825523,
        "median": 1,
        "min": 0,
        "var": 0.0236109085381
    },
    "silence_rate_60dB": {
        "dmean": 0.0303527489305,
        "dmean2": 0.0607104748487,
        "dvar": 0.0294278822839,
        "dvar2": 0.0719460844994,
        "max": 1,
        "mean": 0.0949881076813,
        "median": 0,
        "min": 0,
        "var": 0.0859745293856
    },
    "spectral_centroid": {
        "dmean": 401.97366333,
        "dmean2": 619.856933594,
        "dvar": 260336.84375,
        "dvar2": 527115.875,
        "max": 11004.5166016,
        "mean": 2201.50024414,
        "median": 2364.48022461,
        "min": 166.69303894,
        "var": 809314.6875
    },
    "spectral_complexity": {
        "dmean": 6.4585723877,
        "dmean2": 9.89597225189,
        "dvar": 54.0630683899,
        "dvar2": 119.621131897,
        "max": 58,
        "mean": 22.9096050262,
        "median": 24,
        "min": 0,
        "var": 171.384689331
    },
    "spectral_decrease": {
        "dmean": 3.53457108027e-09,
        "dmean2": 4.9852539874e-09,
        "dvar": 2.89366803425e-17,
        "dvar2": 5.54763037664e-17,
        "max": 7.46754840515e-29,
        "mean": -9.7532284471e-09,
        "median": -7.07877534367e-09,
        "min": -4.37975948842e-08,
        "var": 7.03357299682e-17
    },
    "spectral_energy": {
        "dmean": 0.0136277507991,
        "dmean2": 0.0190887544304,
        "dvar": 0.000410289008869,
        "dvar2": 0.000776348460931,
        "max": 0.170060098171,
        "mean": 0.0396025069058,
        "median": 0.0308406744152,
        "min": 1.02003155236e-20,
        "var": 0.00105110637378
    },
    "spectral_energyband_high": {
        "dmean": 0.0010887410026,
        "dmean2": 0.00170920847449,
        "dvar": 2.91918399853e-06,
        "dvar2": 7.46942851038e-06,
        "max": 0.019826259464,
        "mean": 0.00232924008742,
        "median": 0.00192364014219,
        "min": 7.34371674839e-21,
        "var": 4.46547983302e-06
    },
    "spectral_energyband_low": {
        "dmean": 0.00890083983541,
        "dmean2": 0.0123940585181,
        "dvar": 0.000207641947782,
        "dvar2": 0.000424352125265,
        "max": 0.110620245337,
        "mean": 0.0236001703888,
        "median": 0.00665267184377,
        "min": 2.95427777917e-23,
        "var": 0.000717218092177
    },
    "spectral_energyband_middle_high": {
        "dmean": 0.00214740214869,
        "dmean2": 0.00315252249129,
        "dvar": 7.17787270332e-06,
        "dvar2": 1.56749101734e-05,
        "max": 0.0411487109959,
        "mean": 0.00518882879987,
        "median": 0.00411860598251,
        "min": 1.50338157822e-21,
        "var": 2.19519570237e-05
    },
    "spectral_energyband_middle_low": {
        "dmean": 0.00704648951069,
        "dmean2": 0.0110326055437,
        "dvar": 0.000376690935809,
        "dvar2": 0.000700501783285,
        "max": 0.166768193245,
        "mean": 0.00899815745652,
        "median": 0.00356663460843,
        "min": 2.4823892636e-22,
        "var": 0.000486303208163
    },
    "spectral_entropy": {
        "dmean": 0.196938306093,
        "dmean2": 0.290631383657,
        "dvar": 0.0549640022218,
        "dvar2": 0.127718359232,
        "max": 9.81761550903,
        "mean": 7.84496498108,
        "median": 8.09078788757,
        "min": 4.3872795105,
        "var": 0.435329794884
    },
    "spectral_flux": {
        "dmean": 0.0346514396369,
        "dmean2": 0.0518001839519,
        "dvar": 0.0019071722636,
        "dvar2": 0.00374741689302,
        "max": 0.379879236221,
        "mean": 0.0971018746495,
        "median": 0.0790640711784,
        "min": 6.59803392478e-11,
        "var": 0.00472797546536
    },
    "spectral_kurtosis": {
        "dmean": 3.06299948692,
        "dmean2": 5.05237817764,
        "dvar": 141.285415649,
        "dvar2": 370.83883667,
        "max": 374.887207031,
        "mean": 8.11296653748,
        "median": 2.37963151932,
        "min": -1.25453329086,
        "var": 712.296447754
    },
    "spectral_rms": {
        "dmean": 0.0010838357266,
        "dmean2": 0.00149392231833,
        "dvar": 1.98303769139e-06,
        "dvar2": 3.67269694834e-06,
        "max": 0.0128806950524,
        "mean": 0.00555707374588,
        "median": 0.00548529485241,
        "min": 3.15460418204e-12,
        "var": 7.75564694777e-06
    },
    "spectral_rolloff": {
        "dmean": 1064.94274902,
        "dmean2": 1722.04418945,
        "dvar": 2483139.25,
        "dvar2": 5265271.5,
        "max": 19422.9492188,
        "mean": 2179.28222656,
        "median": 1227.39257812,
        "min": 43.06640625,
        "var": 5482726
    },
    "spectral_skewness": {
        "dmean": 0.267648816109,
        "dmean2": 0.429859668016,
        "dvar": 0.326293438673,
        "dvar2": 0.874131500721,
        "max": 15.8426856995,
        "mean": 1.53010606766,
        "median": 1.19110190868,
        "min": -0.403252184391,
        "var": 2.00732040405
    },
    "spectral_spread": {
        "dmean": 649403.9375,
        "dmean2": 949162.8125,
        "dvar": 683867897856,
        "dvar2": 1.31928450662e+12,
        "max": 41740864,
        "mean": 5335191,
        "median": 5667571.5,
        "min": 198247.359375,
        "var": 4.23392024986e+12
    },
    "spectral_strongpeak": {
        "dmean": 0.517541825771,
        "dmean2": 0.818612575531,
        "dvar": 1.03291428089,
        "dvar2": 2.32470774651,
        "max": 13.817325592,
        "mean": 0.905830979347,
        "median": 0.469702392817,
        "min": 0,
        "var": 2.00970482826
    },
    "zerocrossingrate": {
        "dmean": 0.0198994837701,
        "dmean2": 0.0225932523608,
        "dvar": 0.000471623323392,
        "dvar2": 0.000616041885223,
        "max": 0.6787109375,
        "mean": 0.0834916457534,
        "median": 0.0693359375,
        "min": 0.0029296875,
        "var": 0.00302568473853
    },
    "barkbands": {
        "dmean": [0.00137346622068, 0.00719302194193, 0.00203379523009, 0.00234693055972, 0.00482945283875, 0.00046370466589, 0.000405773898819, 0.0003026581835, 0.000407083542086, 0.000437456124928, 0.000302176951664, 0.000343916675774, 0.000198112233193, 0.000227581753279, 0.000406736537116, 0.000340652244631, 0.000350506918039, 0.000345090578776, 0.000312483374728, 0.000342040148098, 0.000277224549791, 0.000236439358559, 0.000227165612159, 0.000208636105526, 0.000134357600473, 6.7679429776e-05, 1.23054696815e-05],
        "dmean2": [0.00189371744636, 0.00987706054002, 0.00359762110747, 0.00410855747759, 0.00752828316763, 0.000802519731224, 0.000653250084724, 0.000478246074636, 0.00063038629014, 0.000688233063556, 0.000461879913928, 0.000525865762029, 0.000313358410494, 0.000355153315468, 0.000537849322427, 0.000550004013348, 0.000571070995647, 0.000549952383153, 0.000503968796693, 0.000548293348402, 0.00044885231182, 0.000400767370593, 0.000361442303983, 0.000329966074787, 0.000207623583265, 0.000107220585051, 2.04454991035e-05],
        "dvar": [8.21074991109e-06, 0.000142388889799, 6.93999099894e-05, 5.68648792978e-05, 0.000289495306788, 2.34202957472e-06, 9.73177179731e-07, 3.86477438497e-07, 5.3217581808e-07, 1.44161685967e-06, 4.13723199699e-07, 3.52073556087e-07, 1.22927090729e-07, 2.44444890996e-07, 1.47863056554e-06, 6.73258114148e-07, 4.0900596332e-07, 2.36476537907e-07, 2.42634087044e-07, 2.27593105251e-07, 1.68583653704e-07, 1.45362221815e-07, 1.59375005637e-07, 1.35105281629e-07, 4.1592222999e-08, 9.93258097992e-09, 5.27681898177e-10],
        "dvar2": [1.48441631609e-05, 0.00025521274074, 0.000190475926502, 0.00015705129772, 0.000582862412557, 6.32700312053e-06, 2.51799838225e-06, 9.64014589044e-07, 1.16830176466e-06, 2.97813107863e-06, 7.93856486325e-07, 7.64278524912e-07, 2.87689630341e-07, 4.80298524508e-07, 1.73169883055e-06, 1.61192917858e-06, 9.84578718999e-07, 5.34327455171e-07, 6.27443171197e-07, 5.70766133023e-07, 4.21835068209e-07, 3.91258936361e-07, 4.09675493529e-07, 3.26817854557e-07, 9.9490208072e-08, 2.51204621549e-08, 1.33405730907e-09],
        "max": [0.0392339900136, 0.0870664343238, 0.0765813887119, 0.0577802918851, 0.153778880835, 0.0336599946022, 0.0283548273146, 0.0140307657421, 0.0215227380395, 0.0340644232929, 0.0191957633942, 0.0112956827506, 0.00696931453422, 0.0156627893448, 0.0367104336619, 0.0171021576971, 0.013265023008, 0.0104839066043, 0.00992771144956, 0.00638098549098, 0.00555317988619, 0.00434421049431, 0.00459586968645, 0.00538688432425, 0.00217088940553, 0.000898374884855, 0.000273299519904],
        "mean": [0.00294288550504, 0.0183940585703, 0.00180361384992, 0.0019233369967, 0.00465971790254, 0.000508881232236, 0.000674170616549, 0.000455219676951, 0.000696886272635, 0.000592192809563, 0.000446862628451, 0.000540940614883, 0.000316107936669, 0.000322495470755, 0.000654288975056, 0.000443245255155, 0.00051477010129, 0.000548624841031, 0.000526661577169, 0.000590359326452, 0.000488754187245, 0.000403217825806, 0.000379157718271, 0.00036656629527, 0.000263160065515, 0.000133103938424, 1.32032855618e-05],
        "median": [0.000203877309104, 0.00327593414113, 0.000368856999557, 0.000274927355349, 0.00055157893803, 0.000204099414987, 0.000223186973017, 0.000179021910299, 0.000292773824185, 0.000169249091414, 0.000164048949955, 0.000251174264122, 0.000164641678566, 0.000155633999384, 0.000188618010725, 0.000216825807001, 0.000310832692776, 0.000367422238924, 0.000386492611142, 0.000467457022751, 0.000382966129109, 0.000281266518869, 0.000255971186562, 0.000241650443058, 0.000201488001039, 0.000115920622193, 3.03273577629e-06],
        "min": [7.06807538164e-24, 1.31454708395e-23, 3.12758361751e-24, 4.72349084118e-24, 4.0042522751e-23, 1.90275806249e-23, 2.38947861458e-23, 1.04581065142e-23, 5.99733751448e-24, 3.78509788039e-23, 3.78042151294e-23, 7.3151526125e-23, 5.09572274792e-23, 7.15203195452e-23, 7.05218488311e-23, 7.93574885555e-23, 1.0701038281e-22, 1.86004869132e-22, 2.15040806947e-22, 2.57846747314e-22, 3.16253125213e-22, 3.73667507367e-22, 4.72297965932e-22, 7.83682393099e-22, 9.29574000744e-22, 1.45754686636e-21, 2.25241846254e-21],
        "var": [2.91005908366e-05, 0.000511804770213, 4.52076128568e-05, 3.85252096748e-05, 0.00032453154563, 1.75960428805e-06, 1.7594155679e-06, 6.55076917155e-07, 1.36764299441e-06, 2.62040020971e-06, 8.72974680988e-07, 8.02110832865e-07, 2.27625747584e-07, 4.42289717739e-07, 4.8451342991e-06, 7.52102891965e-07, 5.73479496779e-07, 4.36751719235e-07, 3.31974035817e-07, 3.47668617451e-07, 2.49637452043e-07, 1.94477465243e-07, 2.01918467724e-07, 2.05496789363e-07, 7.41757304468e-08, 1.64255311574e-08, 6.01369620767e-10]
    },
    "erbbands": {
        "dmean": [0.314055740833, 1.30928313732, 2.16119122505, 5.02138710022, 17.9527359009, 12.07417202, 4.54442644119, 3.70812916756, 4.87724971771, 5.94774007797, 8.11410331726, 8.03897380829, 11.3767700195, 14.679110527, 9.68433570862, 11.6953697205, 9.33373737335, 9.80482196808, 14.7768011093, 19.2383747101, 16.5928173065, 20.2783527374, 18.8124904633, 15.8569097519, 16.0124149323, 14.788403511, 11.8401689529, 11.2419157028, 8.51063346863, 7.13728475571, 6.4770617485, 4.9721455574, 3.21498465538, 1.73656368256, 0.859397530556, 0.376299142838, 0.112196296453, 0.0230301264673, 0.00174093001988, 3.55829361069e-05],
        "dmean2": [0.42003968358, 1.7814655304, 3.58012151718, 8.69934940338, 27.8164043427, 19.8105678558, 7.91456508636, 6.42267990112, 7.88185834885, 9.70512580872, 12.6208982468, 12.6516437531, 17.5449542999, 22.4527778625, 15.6058654785, 17.934709549, 14.5031299591, 15.6651067734, 20.9920196533, 27.1275978088, 27.1918067932, 33.072353363, 29.6010875702, 25.7907981873, 25.361831665, 23.76171875, 19.1616172791, 18.4546298981, 14.3275108337, 11.9637899399, 10.256893158, 7.85984992981, 5.12123012543, 2.7196598053, 1.33236813545, 0.595840334892, 0.177814632654, 0.0367109812796, 0.00291068246588, 5.38524618605e-05],
        "dvar": [0.257804483175, 6.69300794601, 60.8499145508, 291.836578369, 3907.40454102, 1761.58276367, 195.900772095, 108.655723572, 110.354499817, 249.545974731, 186.69581604, 240.902130127, 625.003295898, 990.45489502, 282.080047607, 397.710266113, 243.925674438, 298.941925049, 1016.14044189, 2342.34790039, 852.219116211, 1506.14733887, 769.882629395, 478.611022949, 571.479919434, 474.694702148, 315.656951904, 332.146484375, 184.8465271, 145.372283936, 126.77809906, 71.8098526001, 34.717376709, 7.46140289307, 1.55470836163, 0.310856223106, 0.025691960007, 0.00134142744355, 1.23381687445e-05, 2.87552137657e-09],
        "dvar2": [0.428490012884, 12.1808300018, 157.816070557, 824.216369629, 7318.65527344, 4176.10742188, 480.348968506, 303.141571045, 276.857269287, 691.666931152, 435.571380615, 547.530700684, 1266.12646484, 2028.09594727, 689.29510498, 892.163818359, 557.225463867, 683.523986816, 1569.79980469, 3815.22070312, 2168.51904297, 3641.62939453, 1714.32189941, 1225.7322998, 1425.9465332, 1198.26403809, 805.507019043, 864.155578613, 495.476043701, 386.08291626, 326.812408447, 174.229858398, 87.1956558228, 18.1040706635, 3.66225862503, 0.770806908607, 0.0650263205171, 0.00332447653636, 3.16171717714e-05, 7.02478697434e-09],
        "max": [3.94728469849, 22.4693946838, 72.7389831543, 151.556610107, 548.234924316, 381.457305908, 262.469055176, 203.453475952, 246.187057495, 461.507568359, 227.65977478, 565.185791016, 621.010498047, 657.153503418, 243.010360718, 407.01473999, 273.852172852, 375.679718018, 776.737121582, 1244.75878906, 634.068237305, 774.966430664, 673.191955566, 313.691040039, 501.156341553, 388.160980225, 301.84552002, 301.292724609, 153.083755493, 149.745803833, 132.487838745, 151.722259521, 85.849822998, 32.2788162231, 12.7122211456, 4.86370611191, 1.67887401581, 0.435135900974, 0.0446448139846, 0.000672377296723],
        "mean": [0.84056019783, 2.88096022606, 2.46923136711, 4.44766283035, 17.6012248993, 10.5799274445, 4.67975854874, 4.31945705414, 7.85913133621, 9.53232192993, 13.0508747101, 13.446562767, 17.0998706818, 22.5461463928, 14.4856929779, 19.1465682983, 16.2172718048, 15.3799533844, 23.9136829376, 30.5836048126, 24.8193264008, 30.540933609, 30.6250228882, 28.4906787872, 27.9387454987, 25.9085540771, 21.083940506, 18.5487880707, 14.630645752, 12.0528364182, 10.7139492035, 8.39594554901, 5.65426635742, 3.29082012177, 1.67442250252, 0.719178378582, 0.215884193778, 0.0389658622444, 0.00198331288993, 9.07822177396e-05],
        "median": [0.112501814961, 0.549570500851, 0.763731241226, 0.945223867893, 1.44578480721, 1.63924217224, 1.43442177773, 1.87786746025, 2.7953517437, 4.00983095169, 5.48006486893, 6.0381321907, 5.97547292709, 8.14066028595, 7.06831645966, 9.91617965698, 9.2100982666, 8.56773662567, 10.4927177429, 11.8346529007, 14.2917604446, 18.8524036407, 19.7334289551, 22.1153335571, 22.0967216492, 19.822353363, 16.5266799927, 14.0266599655, 10.5573768616, 8.21365737915, 7.22793292999, 5.51100349426, 3.71489405632, 2.38654398918, 1.327865839, 0.603832185268, 0.182569146156, 0.0270118359476, 0.0007054671878, 8.91298986971e-05],
        "min": [3.02481709022e-22, 2.0897486291e-21, 3.33442280644e-21, 1.32456253774e-20, 1.06209182858e-20, 1.1846539521e-19, 1.45030468603e-19, 1.90356683298e-19, 4.02335144025e-19, 2.92294014667e-19, 3.7657162157e-19, 2.07739702925e-19, 5.52506604758e-19, 2.05706128503e-18, 2.24994863694e-18, 2.51416335948e-18, 2.84319181891e-18, 5.41208103412e-18, 5.2596287521e-18, 3.8641332861e-18, 5.30083434072e-18, 6.65210376809e-18, 8.69644094735e-18, 9.26476117746e-18, 1.14141453314e-17, 1.20773100906e-17, 1.49898130274e-17, 1.24853508421e-17, 1.36037718222e-17, 1.30850253534e-17, 1.28977417365e-17, 1.46278735329e-17, 1.33858295831e-17, 1.07568030966e-17, 5.8548972858e-18, 4.58474739316e-18, 2.56438769832e-18, 1.0935369057e-18, 3.24215870933e-19, 2.89733354296e-20],
        "var": [1.07875907421, 19.4441776276, 49.1228065491, 183.952133179, 4768.89550781, 1552.93481445, 167.040130615, 87.0262298584, 206.515731812, 327.079162598, 394.577972412, 558.000061035, 1293.80578613, 2031.234375, 441.246795654, 853.126098633, 512.073181152, 580.185058594, 2867.50683594, 6171.68017578, 1270.30688477, 2095.68774414, 1443.24975586, 793.506835938, 819.352783203, 726.838378906, 474.029907227, 402.707092285, 253.596359253, 193.267181396, 160.126251221, 106.660125732, 49.4340858459, 12.9956588745, 2.80997633934, 0.493907511234, 0.0448664873838, 0.00208289711736, 1.33102312248e-05, 5.64020385951e-09]
    },
    "gfcc": {
        "mean": [1.78819668293, 47.4621505737, -114.455154419, 39.9430046082, -50.7622871399, 21.70170784, -27.7662410736, 19.6619148254, -21.4250183105, 6.77848720551, -15.1154708862, 3.83681941032, -10.9135322571],
        "cov": [[15050.8466797, -4713.77197266, 1507.31103516, 2139.67919922, -166.629470825, 1199.41271973, -368.778411865, 964.390625, -532.480957031, 715.733825684, -425.392456055, 583.173950195, -461.505004883], [-4713.77197266, 4573.86865234, -91.6877975464, -933.108520508, 365.569396973, -696.649108887, 355.845581055, -540.828735352, 318.943817139, -428.784698486, 203.529220581, -408.74987793, 187.117172241], [1507.31103516, -91.6877975464, 1553.58654785, 689.561950684, 136.943481445, 265.076904297, 16.0264053345, 117.04384613, -67.9383850098, 76.8440704346, -106.065567017, 19.6422977448, -162.808898926], [2139.67919922, -933.108520508, 689.561950684, 959.608032227, 87.6489639282, 362.605072021, 9.98715877533, 207.915664673, -98.1181945801, 107.455749512, -70.7213897705, 92.8870697021, -98.2239532471], [-166.629470825, 365.569396973, 136.943481445, 87.6489639282, 435.465545654, 161.749420166, 181.883956909, 63.6487388611, 116.568191528, 49.9835281372, 64.1999740601, 9.5433511734, 15.7479324341], [1199.41271973, -696.649108887, 265.076904297, 362.605072021, 161.749420166, 469.000152588, 130.944320679, 205.003707886, 11.2837362289, 127.785758972, -7.54099559784, 95.2400741577, -45.8350372314], [-368.778411865, 355.845581055, 16.0264053345, 9.98715877533, 181.883956909, 130.944320679, 341.367523193, 134.408172607, 152.326202393, 44.3794288635, 88.1660995483, 8.35761737823, 25.9905071259], [964.390625, -540.828735352, 117.04384613, 207.915664673, 63.6487388611, 205.003707886, 134.408172607, 331.048675537, 91.3305969238, 162.391983032, 49.2417030334, 115.986701965, -13.7066717148], [-532.480957031, 318.943817139, -67.9383850098, -98.1181945801, 116.568191528, 11.2837362289, 152.326202393, 91.3305969238, 241.229797363, 107.913574219, 114.632446289, 24.339427948, 52.1111602783], [715.733825684, -428.784698486, 76.8440704346, 107.455749512, 49.9835281372, 127.785758972, 44.3794288635, 162.391983032, 107.913574219, 256.567993164, 79.384262085, 111.200737, 10.3198461533], [-425.392456055, 203.529220581, -106.065567017, -70.7213897705, 64.1999740601, -7.54099559784, 88.1660995483, 49.2417030334, 114.632446289, 79.384262085, 165.025146484, 64.5361480713, 56.7136116028], [583.173950195, -408.74987793, 19.6422977448, 92.8870697021, 9.5433511734, 95.2400741577, 8.35761737823, 115.986701965, 24.339427948, 111.200737, 64.5361480713, 161.678039551, 46.2144699097], [-461.505004883, 187.117172241, -162.808898926, -98.2239532471, 15.7479324341, -45.8350372314, 25.9905071259, -13.7066717148, 52.1111602783, 10.3198461533, 56.7136116028, 46.2144699097, 118.253517151]],
        "icov": [[0.000183923606528, -0.000100710014522, 9.62661069934e-05, -0.000222703121835, 5.94893717789e-05, -0.00012463319581, 0.000172518761246, -0.000294661294902, 0.0003295566421, -0.000471377978101, 0.00059061171487, -0.000651695474517, 0.000563749519642], [-0.000100710014522, 0.0010957889026, -0.000653218710795, 0.000555413134862, -0.000657544762362, 0.000992247485556, -0.000954909599386, 0.000885505753104, -0.000776959292125, 0.00129602872767, -0.00159356731456, 0.00208133109845, -0.00160012731794], [9.62661069934e-05, -0.000653218710795, 0.00147983327042, -0.00107265438419, 0.000124803511426, -0.000415346585214, 0.000420579308411, -0.000229892335483, 0.00024510154617, -0.00100888707675, 0.0015851672506, -0.00177889713086, 0.00217405543663], [-0.000222703121835, 0.000555413134862, -0.00107265438419, 0.00267875147983, -0.000452330103144, -0.000451546162367, -0.000250894692726, -0.000182208910701, 0.000360046833521, 0.00088623870397, -0.00125711935107, 0.00143782480154, -0.00127553823404], [5.94893717789e-05, -0.000657544762362, 0.000124803511426, -0.000452330103144, 0.00396951660514, -0.00184788741171, -0.000438515067799, 0.000220130561502, -0.000677415519021, -0.000552454032004, 0.000230700927204, -0.000647753011435, 0.000435003370512], [-0.00012463319581, 0.000992247485556, -0.000415346585214, -0.000451546162367, -0.00184788741171, 0.00581650761887, -0.0026025113184, 0.000171720224898, 0.000206788419746, 4.20453106926e-05, 0.000242679132498, -0.000180051007192, -5.17341650266e-05], [0.000172518761246, -0.000954909599386, 0.000420579308411, -0.000250894692726, -0.000438515067799, -0.0026025113184, 0.0073953778483, -0.0034004629124, -0.0014847406419, 0.000745330413338, -0.000767756428104, 0.000602287298534, 0.000307111389702], [-0.000294661294902, 0.000885505753104, -0.000229892335483, -0.000182208910701, 0.000220130561502, 0.000171720224898, -0.0034004629124, 0.00855903234333, -0.00294590950944, -0.000289776129648, -0.000196724635316, -0.00222139619291, 0.00104365462903], [0.0003295566421, -0.000776959292125, 0.00024510154617, 0.000360046833521, -0.000677415519021, 0.000206788419746, -0.0014847406419, -0.00294590950944, 0.0118819680065, -0.00543568283319, -0.0018271637382, 0.00175969814882, -0.00126579904463], [-0.000471377978101, 0.00129602872767, -0.00100888707675, 0.00088623870397, -0.000552454032004, 4.20453106926e-05, 0.000745330413338, -0.000289776129648, -0.00543568283319, 0.0111372377723, -0.004367292393, -8.16335432319e-06, -0.00112966890447], [0.00059061171487, -0.00159356731456, 0.0015851672506, -0.00125711935107, 0.000230700927204, 0.000242679132498, -0.000767756428104, -0.000196724635316, -0.0018271637382, -0.004367292393, 0.0165110975504, -0.00985879544169, 0.00329463952221], [-0.000651695474517, 0.00208133109845, -0.00177889713086, 0.00143782480154, -0.000647753011435, -0.000180051007192, 0.000602287298534, -0.00222139619291, 0.00175969814882, -8.16335432319e-06, -0.00985879544169, 0.0220359563828, -0.0121233286336], [0.000563749519642, -0.00160012731794, 0.00217405543663, -0.00127553823404, 0.000435003370512, -5.17341650266e-05, 0.000307111389702, 0.00104365462903, -0.00126579904463, -0.00112966890447, 0.00329463952221, -0.0121233286336, 0.0189118739218]]
    },
    "melbands": {
        "dmean": [0.0023694592528, 0.00120952597354, 0.00123237294611, 0.00122483912855, 0.000190258695511, 8.45478134579e-05, 7.74988802732e-05, 6.40518846922e-05, 7.29185994714e-05, 5.26922376594e-05, 6.13359152339e-05, 6.30576905678e-05, 3.44964755641e-05, 3.2713796827e-05, 3.38644604199e-05, 2.06971017178e-05, 1.88920457731e-05, 2.01133661903e-05, 3.96447867388e-05, 2.43603099079e-05, 1.88414851436e-05, 2.22224007302e-05, 1.79650323844e-05, 1.80603219633e-05, 1.33749990709e-05, 1.29071213451e-05, 1.39648536788e-05, 1.01255764093e-05, 8.26972518553e-06, 6.53142660667e-06, 7.04950525687e-06, 5.3152957662e-06, 4.45098248747e-06, 4.14552414441e-06, 4.11808832723e-06, 3.48082221535e-06, 2.98843610835e-06, 2.47780985774e-06, 1.94626181838e-06, 1.40469239795e-06],
        "dmean2": [0.00319183338434, 0.00175629404839, 0.00199694349431, 0.0018971163081, 0.000338541751262, 0.000146243299241, 0.000125134873088, 0.000104117752926, 0.000113131922262, 8.28401316539e-05, 9.45678038988e-05, 9.64954160736e-05, 5.48229727428e-05, 5.07974509674e-05, 5.19314198755e-05, 3.24877000821e-05, 3.04283512378e-05, 3.08879971271e-05, 5.1147872e-05, 3.85664825444e-05, 3.13364871545e-05, 3.65638879885e-05, 2.91128144454e-05, 2.83708577626e-05, 2.20900292334e-05, 2.06786153285e-05, 2.26784468396e-05, 1.65801739058e-05, 1.36531307362e-05, 1.06465513454e-05, 1.17758572742e-05, 9.02815008885e-06, 7.56842382543e-06, 6.92475487085e-06, 6.68394659442e-06, 5.51368520973e-06, 4.78729180031e-06, 4.01683701057e-06, 3.14568069371e-06, 2.2242650175e-06],
        "dvar": [1.40110414577e-05, 9.87108614936e-06, 1.35721975312e-05, 1.91748858924e-05, 3.31956783839e-07, 6.07346422044e-08, 2.98751601235e-08, 2.63741206652e-08, 1.42483820298e-08, 1.16286393848e-08, 2.02511980518e-08, 2.02062420129e-08, 4.09049238925e-09, 3.49181084047e-09, 5.30511368169e-09, 1.70229219609e-09, 1.16169440734e-09, 2.04050665253e-09, 1.74464371838e-08, 6.31143315388e-09, 1.08843545288e-09, 1.70035141522e-09, 8.83372153204e-10, 8.73081884567e-10, 3.51620760286e-10, 5.32402510967e-10, 4.06411959641e-10, 2.44213343992e-10, 1.72143715949e-10, 9.74774289064e-11, 1.42026154726e-10, 7.23291912474e-11, 5.01254593388e-11, 5.18510616387e-11, 5.21437441836e-11, 3.36451699834e-11, 2.77096835061e-11, 2.23775581398e-11, 1.05420854338e-11, 4.54109796641e-12],
        "dvar2": [2.39214059548e-05, 2.23253719014e-05, 3.25066357618e-05, 3.91935536754e-05, 8.78781406755e-07, 1.69534771999e-07, 7.61282805684e-08, 7.30384357439e-08, 3.2407072581e-08, 2.61263686241e-08, 4.07148732506e-08, 4.21729282607e-08, 9.30891541628e-09, 7.41595274079e-09, 1.13684777148e-08, 3.81051901144e-09, 2.604250815e-09, 3.98710175986e-09, 2.0152992164e-08, 1.49031489372e-08, 2.84471179945e-09, 4.19708934274e-09, 2.1239392467e-09, 1.88912752108e-09, 9.24816057069e-10, 1.34645294914e-09, 9.88527704138e-10, 6.25255791586e-10, 4.55286947032e-10, 2.46072107135e-10, 3.78545750301e-10, 1.94540633602e-10, 1.35063571438e-10, 1.38246303294e-10, 1.37202166295e-10, 8.29278173908e-11, 6.62465499124e-11, 5.71331558452e-11, 2.6666932551e-11, 1.09366500231e-11],
        "max": [0.0263934303075, 0.0317920483649, 0.0262601096183, 0.0404224768281, 0.00848532654345, 0.00501886801794, 0.00454674940556, 0.00473950058222, 0.0017198252026, 0.00354562024586, 0.00371451419778, 0.00326369120739, 0.00159669399727, 0.00124345859513, 0.00169735727832, 0.00084349012468, 0.000677182921208, 0.00154155294877, 0.00400876766071, 0.00181160320062, 0.000640922924504, 0.000900269311387, 0.00066007731948, 0.000726269558072, 0.000269373849733, 0.000684705679305, 0.00034514858271, 0.000336511759087, 0.000227239128435, 0.00012650284043, 0.000236475665588, 9.87119419733e-05, 0.000100978388218, 9.50696703512e-05, 8.46909751999e-05, 0.00010547391139, 9.57292795647e-05, 6.88237050781e-05, 4.40731273557e-05, 2.60252181761e-05],
        "mean": [0.00627755746245, 0.00211762171239, 0.00116972089745, 0.00116410641931, 0.000181314666406, 9.88053579931e-05, 0.000127050036099, 0.000101367957541, 0.000114387010399, 8.65499314386e-05, 8.85056942934e-05, 9.45059873629e-05, 5.07355689479e-05, 4.89740232297e-05, 5.25686664332e-05, 3.2948970329e-05, 2.73205550911e-05, 2.93497632811e-05, 6.3929510361e-05, 3.04082604998e-05, 2.65532744379e-05, 3.15633769787e-05, 2.69185602519e-05, 2.76864593616e-05, 2.23419428949e-05, 2.07749217225e-05, 2.11741280509e-05, 1.62512296811e-05, 1.37517217809e-05, 1.09357079054e-05, 1.06240777313e-05, 8.50126252772e-06, 7.18591581972e-06, 6.52703238302e-06, 6.39184827378e-06, 5.6090734688e-06, 4.88306068291e-06, 4.11297560277e-06, 3.3147459817e-06, 2.59412240666e-06],
        "median": [0.00102087610867, 0.000605479406659, 0.000188299294678, 0.000120614844491, 5.37617888767e-05, 4.29720239481e-05, 4.48889950349e-05, 4.1414059524e-05, 4.40646981588e-05, 3.5699144064e-05, 2.71425469691e-05, 3.1382565794e-05, 2.27261534747e-05, 2.16542812268e-05, 2.19536013901e-05, 1.38883751788e-05, 1.38535560836e-05, 1.41879463627e-05, 1.58734073921e-05, 1.41115679071e-05, 1.38473269544e-05, 1.87445384654e-05, 1.54218942043e-05, 1.72967193066e-05, 1.66449644894e-05, 1.48723793245e-05, 1.52655575221e-05, 1.15850634756e-05, 1.02682788565e-05, 8.16295414552e-06, 7.56078406994e-06, 5.91690150031e-06, 4.68005009679e-06, 4.25478083343e-06, 4.12491908719e-06, 3.64017250831e-06, 3.05329831463e-06, 2.57283295468e-06, 2.25418057198e-06, 1.86268573543e-06],
        "min": [4.10126181383e-24, 2.24235526689e-24, 1.93914494227e-24, 3.30247388298e-24, 6.84827743421e-24, 3.58730591788e-24, 5.3985116236e-24, 3.44877326545e-24, 3.38950969552e-24, 7.90700085118e-25, 2.3586538747e-24, 8.16460545054e-24, 7.30511309531e-24, 7.56187469818e-24, 6.75131222946e-24, 8.57249939222e-24, 8.086434068e-24, 7.73624372381e-24, 4.72130096331e-24, 4.70247124793e-24, 7.04704198333e-24, 6.8542885543e-24, 5.06891764879e-24, 7.34997640385e-24, 7.26823779229e-24, 7.59162422064e-24, 8.34669426898e-24, 7.24754518189e-24, 6.64264900635e-24, 7.18814316686e-24, 7.37919817836e-24, 6.9303300124e-24, 7.66658415044e-24, 7.60875354633e-24, 7.04672801669e-24, 8.95415818677e-24, 8.91178452325e-24, 9.70642067916e-24, 7.3171132474e-24, 7.78606107884e-24],
        "var": [5.63364119444e-05, 1.51702379299e-05, 1.23631916722e-05, 2.1251193175e-05, 2.41297271941e-07, 4.66824587875e-08, 5.52315029267e-08, 3.54617846199e-08, 3.16035304593e-08, 2.66746642552e-08, 4.11217477847e-08, 3.89648526777e-08, 6.71439748245e-09, 7.6617823197e-09, 1.12758256066e-08, 3.45067396879e-09, 2.09277994934e-09, 3.79067310874e-09, 5.67478757318e-08, 6.18198647828e-09, 1.53663359814e-09, 2.32720442916e-09, 1.38733224908e-09, 1.52740586845e-09, 5.35620436892e-10, 6.57530585535e-10, 5.63497193351e-10, 3.4735406218e-10, 2.38057878965e-10, 1.37831870917e-10, 1.55180299166e-10, 9.50156758828e-11, 7.23012205661e-11, 6.34417518519e-11, 6.18074202929e-11, 4.54564094698e-11, 4.18068080155e-11, 2.93752799863e-11, 1.59005204836e-11, 7.96195834957e-12]
    },
    "mfcc": {
        "mean": [-637.560852051, 74.7456893921, 1.52406442165, 23.3122253418, 5.83380556107, 6.73477697372, 9.01877880096, 11.0769767761, 5.76678991318, 6.44244623184, 2.47609257698, 3.87643098831, 1.74251651764],
        "cov": [[10683.4580078, -2474.08081055, 421.157989502, 949.730041504, 408.242370605, 468.664031982, 358.915985107, 282.259002686, 197.019378662, 204.37298584, 170.777709961, 142.240539551, 6.24618339539], [-2474.08081055, 2901.82446289, 148.172943115, -235.215484619, -102.983398438, -166.112884521, -103.613189697, -113.873268127, -21.030380249, -66.9208297729, -52.0852737427, -22.5366668701, -2.39744925499], [421.157989502, 148.172943115, 1186.3079834, 393.629241943, 194.287567139, 163.241699219, 77.2129211426, 71.4436035156, 14.8495206833, 28.0242881775, 66.6936035156, 22.6824855804, -54.6206321716], [949.730041504, -235.215484619, 393.629241943, 562.777770996, 181.399673462, 119.158088684, 113.826774597, 80.2790603638, 47.2000427246, 44.6231994629, 57.1095962524, 36.0284156799, -7.49429988861], [408.242370605, -102.983398438, 194.287567139, 181.399673462, 306.930664062, 173.110992432, 90.4692993164, 74.3790512085, 42.9797134399, 41.145778656, 51.4365615845, 28.2905426025, 14.443230629], [468.664031982, -166.112884521, 163.241699219, 119.158088684, 173.110992432, 297.428619385, 145.20111084, 92.6076812744, 77.1140213013, 48.7505607605, 65.0690917969, 36.8172149658, 21.962015152], [358.915985107, -103.613189697, 77.2129211426, 113.826774597, 90.4692993164, 145.20111084, 222.475158691, 146.473266602, 84.4421615601, 68.4522781372, 68.5788269043, 56.3748054504, 29.2196941376], [282.259002686, -113.873268127, 71.4436035156, 80.2790603638, 74.3790512085, 92.6076812744, 146.473266602, 215.110198975, 93.6818466187, 72.844909668, 76.8077545166, 48.0366706848, 30.1115722656], [197.019378662, -21.030380249, 14.8495206833, 47.2000427246, 42.9797134399, 77.1140213013, 84.4421615601, 93.6818466187, 151.934524536, 96.3614959717, 69.3642730713, 63.0437355042, 50.3509979248], [204.37298584, -66.9208297729, 28.0242881775, 44.6231994629, 41.145778656, 48.7505607605, 68.4522781372, 72.844909668, 96.3614959717, 143.506713867, 102.331344604, 73.8600311279, 60.9374542236], [170.777709961, -52.0852737427, 66.6936035156, 57.1095962524, 51.4365615845, 65.0690917969, 68.5788269043, 76.8077545166, 69.3642730713, 102.331344604, 158.756057739, 101.888435364, 60.8600234985], [142.240539551, -22.5366668701, 22.6824855804, 36.0284156799, 28.2905426025, 36.8172149658, 56.3748054504, 48.0366706848, 63.0437355042, 73.8600311279, 101.888435364, 143.407562256, 90.0197219849], [6.24618339539, -2.39744925499, -54.6206321716, -7.49429988861, 14.443230629, 21.962015152, 29.2196941376, 30.1115722656, 50.3509979248, 60.9374542236, 60.8600234985, 90.0197219849, 136.791412354]],
