{
"lowlevel": {
    "average_loudness": 0.91249358654,
    "barkbands_crest": {
        "dmean": 2.20151758194,
        "dmean2": 2.98681330681,
        "dvar": 5.87999916077,
        "dvar2": 9.93573760986,
        "max": 26.5774250031,
        "mean": 12.5248069763,
        "median": 11.3808660507,
        "min": 2.17602181435,
        "var": 29.3617038727
    },
    "barkbands_flatness_db": {
        "dmean": 0.0200180504471,
        "dmean2": 0.0286924540997,
        "dvar": 0.000549928459805,
        "dvar2": 0.00118460250087,
        "max": 0.879329562187,
        "mean": 0.16968165338,
        "median": 0.121503449976,
        "min": 0.0120315812528,
        "var": 0.0166711583734
    },
    "barkbands_kurtosis": {
        "dmean": 3.18309903145,
        "dmean2": 4.62472200394,
        "dvar": 49.240940094,
        "dvar2": 103.940338135,
        "max": 267.004821777,
        "mean": 6.60692453384,
        "median": 2.70825767517,
        "min": -1.76362133026,
        "var": 149.331207275
    },
    "barkbands_skewness": {
        "dmean": 0.495422661304,
        "dmean2": 0.71512979269,
        "dvar": 0.37622743845,
        "dvar2": 0.745023727417,
        "max": 11.8998470306,
        "mean": 1.78740942478,
        "median": 1.60117065907,
        "min": -11.0575065613,
        "var": 2.25902318954
    },
    "barkbands_spread": {
        "dmean": 3.95919561386,
        "dmean2": 5.89528512955,
        "dvar": 27.1858615875,
        "dvar2": 59.4436073303,
        "max": 78.4409561157,
        "mean": 19.3118934631,
        "median": 18.8951587677,
        "min": 0.0454625561833,
        "var": 169.795623779
    },
    "dissonance": {
        "dmean": 0.0207915976644,
        "dmean2": 0.035039704293,
        "dvar": 0.000659461074974,
        "dvar2": 0.00183318322524,
        "max": 0.500000059605,
        "mean": 0.442957133055,
        "median": 0.46487519145,
        "min": 0.0110540688038,
        "var": 0.00380436051637
    },
    "dynamic_complexity": 4.52337312698,
    "erbbands_crest": {
        "dmean": 2.25748109818,
        "dmean2": 3.39836406708,
        "dvar": 5.87224960327,
        "dvar2": 12.4642858505,
        "max": 34.5290145874,
        "mean": 10.5513544083,
        "median": 8.72806835175,
        "min": 2.05151176453,
        "var": 39.9247741699
    },
    "erbbands_flatness_db": {
        "dmean": 0.0130389491096,
        "dmean2": 0.0194032359868,
        "dvar": 0.000206927288673,
        "dvar2": 0.000457568705315,
        "max": 0.711758077145,
        "mean": 0.179590597749,
        "median": 0.125259771943,
        "min": 0.0394925884902,
        "var": 0.0153085617349
    },
    "erbbands_kurtosis": {
        "dmean": 0.955294728279,
        "dmean2": 1.42919886112,
        "dvar": 5.21218299866,
        "dvar2": 10.3604202271,
        "max": 118.246833801,
        "mean": 1.28943777084,
        "median": -0.0233466625214,
        "min": -1.79117822647,
        "var": 22.1169586182
    },
    "erbbands_skewness": {
        "dmean": 0.277562856674,
        "dmean2": 0.410274267197,
        "dvar": 0.0985539332032,
        "dvar2": 0.200561866164,
        "max": 5.9235959053,
        "mean": 0.485627770424,
        "median": 0.378272950649,
        "min": -9.02501106262,
        "var": 0.771773576736
    },
    "erbbands_spread": {
        "dmean": 5.60763216019,
        "dmean2": 8.59640598297,
        "dvar": 40.8570098877,
        "dvar2": 98.0543289185,
        "max": 108.805961609,
        "mean": 33.7813186646,
        "median": 34.9458351135,
        "min": 0.215350568295,
        "var": 314.479949951
    },
    "hfc": {
        "dmean": 7.43669939041,
        "dmean2": 10.7842292786,
        "dvar": 156.660308838,
        "dvar2": 359.138031006,
        "max": 191.862045288,
        "mean": 27.1582679749,
        "median": 25.2711410522,
        "min": 1.10682086385e-16,
        "var": 481.471954346
    },
    "melbands_crest": {
        "dmean": 3.01771759987,
        "dmean2": 4.37222909927,
        "dvar": 11.4997024536,
        "dvar2": 22.0928955078,
        "max": 34.8677635193,
        "mean": 17.4955024719,
        "median": 15.7704439163,
        "min": 1.65491974354,
        "var": 55.6538162231
    },
    "melbands_flatness_db": {
        "dmean": 0.023887289688,
        "dmean2": 0.0343214310706,
        "dvar": 0.000923910818528,
        "dvar2": 0.00192457181402,
        "max": 1,
        "mean": 0.241710484028,
        "median": 0.197629779577,
        "min": 0.00258251628838,
        "var": 0.0196831151843
    },
    "melbands_kurtosis": {
        "dmean": 6.91930675507,
        "dmean2": 10.2204036713,
        "dvar": 212.685974121,
        "dvar2": 434.68081665,
        "max": 457.851898193,
        "mean": 15.4969587326,
        "median": 8.43869018555,
        "min": -1.85212218761,
        "var": 701.446289062
    },
    "melbands_skewness": {
        "dmean": 0.671919047832,
        "dmean2": 0.976961791515,
        "dvar": 0.728680491447,
        "dvar2": 1.46692025661,
        "max": 18.2967739105,
        "mean": 2.69548988342,
        "median": 2.41854262352,
        "min": -6.55414485931,
        "var": 3.96276211739
    },
    "melbands_spread": {
        "dmean": 4.75057172775,
        "dmean2": 7.30546236038,
        "dvar": 50.1362609863,
        "dvar2": 120.067565918,
        "max": 176.999191284,
        "mean": 18.8171062469,
        "median": 16.4116382599,
        "min": 0.158398643136,
        "var": 225.97857666
    },
    "pitch_salience": {
        "dmean": 0.0644162669778,
        "dmean2": 0.0942149311304,
        "dvar": 0.00545698683709,
        "dvar2": 0.0109256654978,
        "max": 0.923277080059,
        "mean": 0.484876960516,
        "median": 0.507189333439,
        "min": 0.0572255253792,
        "var": 0.0212772358209
    },
    "silence_rate_20dB": {
        "dmean": 0,
        "dmean2": 0,
        "dvar": 0,
        "dvar2": 0,
        "max": 1,
        "mean": 1,
        "median": 1,
        "min": 1,
        "var": 0
    },
    "silence_rate_30dB": {
        "dmean": 0.0238823071122,
        "dmean2": 0.047769177705,
        "dvar": 0.0233104415238,
        "dvar2": 0.0605789832771,
        "max": 1,
        "mean": 0.980227351189,
        "median": 1,
        "min": 0,
        "var": 0.0193830728531
    },
    "silence_rate_60dB": {
        "dmean": 0.0084065720439,
        "dmean2": 0.0168147515506,
        "dvar": 0.00833638943732,
        "dvar2": 0.0186368059367,
        "max": 1,
        "mean": 0.110039159656,
        "median": 0,
        "min": 0,
        "var": 0.0979257598519
    },
    "spectral_centroid": {
        "dmean": 172.569778442,
        "dmean2": 277.595977783,
        "dvar": 62433.5664062,
        "dvar2": 161029.296875,
        "max": 11535.9023438,
        "mean": 1229.51525879,
        "median": 1271.26757812,
        "min": 107.886352539,
        "var": 520341.25
    },
    "spectral_complexity": {
        "dmean": 3.26041269302,
        "dmean2": 4.91468429565,
        "dvar": 15.5696496964,
        "dvar2": 30.4881744385,
        "max": 59,
        "mean": 21.3326969147,
        "median": 23,
        "min": 0,
        "var": 155.179840088
    },
    "spectral_decrease": {
        "dmean": 2.54408072387e-09,
        "dmean2": 3.87957888037e-09,
        "dvar": 1.39757028313e-17,
        "dvar2": 3.32919947171e-17,
        "max": 9.79161320802e-29,
        "mean": -1.01046300216e-08,
        "median": -9.90751392038e-09,
        "min": -4.48324648517e-08,
        "var": 5.24960613549e-17
    },
    "spectral_energy": {
        "dmean": 0.00990471057594,
        "dmean2": 0.0150753268972,
        "dvar": 0.000201916845981,
        "dvar2": 0.000480892224004,
        "max": 0.171807914972,
        "mean": 0.0406005680561,
        "median": 0.0406122095883,
        "min": 1.03611294513e-20,
        "var": 0.000797849905211
    },
    "spectral_energyband_high": {
        "dmean": 0.000539463071618,
        "dmean2": 0.000819811655674,
        "dvar": 1.32574814415e-06,
        "dvar2": 3.10674658976e-06,
        "max": 0.0263229683042,
        "mean": 0.00127714977134,
        "median": 0.000917934812605,
        "min": 7.37425215301e-21,
        "var": 2.81617144537e-06
    },
    "spectral_energyband_low": {
        "dmean": 0.00766299525276,
        "dmean2": 0.0115923145786,
        "dvar": 0.000218463872443,
        "dvar2": 0.00051536684623,
        "max": 0.15964537859,
        "mean": 0.0185217875987,
        "median": 0.00722902966663,
        "min": 1.95780414536e-23,
        "var": 0.000649545923807
    },
    "spectral_energyband_middle_high": {
        "dmean": 0.00199167127721,
        "dmean2": 0.00292138033547,
        "dvar": 9.0348021331e-06,
        "dvar2": 2.00909507839e-05,
        "max": 0.0735483467579,
        "mean": 0.00667554698884,
        "median": 0.00533199310303,
        "min": 1.38386831804e-21,
        "var": 4.50227853435e-05
    },
    "spectral_energyband_middle_low": {
        "dmean": 0.00515136588365,
        "dmean2": 0.00843756552786,
        "dvar": 0.000104382226709,
        "dvar2": 0.000293235876597,
        "max": 0.116781853139,
        "mean": 0.0148765612394,
        "median": 0.0127901881933,
        "min": 2.19709374137e-22,
        "var": 0.00015882695152
    },
    "spectral_entropy": {
        "dmean": 0.13040228188,
        "dmean2": 0.200784102082,
        "dvar": 0.0291387662292,
        "dvar2": 0.0685274675488,
        "max": 9.81598567963,
        "mean": 7.29840040207,
        "median": 7.77433681488,
        "min": 2.51447749138,
        "var": 0.983987390995
    },
    "spectral_flux": {
        "dmean": 0.0275212470442,
        "dmean2": 0.0380121394992,
        "dvar": 0.0014144924935,
        "dvar2": 0.00204937811941,
        "max": 0.415490150452,
        "mean": 0.0811154395342,
        "median": 0.068206012249,
        "min": 6.49892639704e-11,
        "var": 0.004469063133
    },
    "spectral_kurtosis": {
        "dmean": 12.9583644867,
        "dmean2": 23.4741668701,
        "dvar": 6969.76220703,
        "dvar2": 21525.7421875,
        "max": 3152.84838867,
        "mean": 26.7012729645,
        "median": 3.73077344894,
        "min": -1.26982283592,
        "var": 10225.2695312
    },
    "spectral_rms": {
        "dmean": 0.000706905848347,
        "dmean2": 0.0010601595277,
        "dvar": 7.90894830516e-07,
        "dvar2": 1.78420066277e-06,
        "max": 0.0129467165098,
        "mean": 0.0057120253332,
        "median": 0.00629457458854,
        "min": 3.17937386488e-12,
        "var": 6.98304847901e-06
    },
    "spectral_rolloff": {
        "dmean": 343.971740723,
        "dmean2": 556.143432617,
        "dvar": 379060.34375,
        "dvar2": 907065,
        "max": 19078.4179688,
        "mean": 1180.1505127,
        "median": 925.927734375,
        "min": 43.06640625,
        "var": 2004845.625
    },
    "spectral_skewness": {
        "dmean": 0.456172376871,
        "dmean2": 0.802547335625,
        "dvar": 1.95889985561,
        "dvar2": 6.02687215805,
        "max": 44.4952850342,
        "mean": 2.63950681686,
        "median": 1.58865082264,
        "min": -0.0600234828889,
        "var": 10.7989559174
    },
    "spectral_spread": {
        "dmean": 380161.5625,
        "dmean2": 606358.125,
        "dvar": 382940413952,
        "dvar2": 812981944320,
        "max": 42862856,
        "mean": 4700094.5,
        "median": 5353020.5,
        "min": 48847.4804688,
        "var": 6.14376616755e+12
    },
    "spectral_strongpeak": {
        "dmean": 0.442134559155,
        "dmean2": 0.746291875839,
        "dvar": 0.861291348934,
        "dvar2": 2.0572142601,
        "max": 14.3372020721,
        "mean": 1.05581653118,
        "median": 0.569287657738,
        "min": 0,
        "var": 2.07214736938
    },
    "zerocrossingrate": {
        "dmean": 0.00856623891741,
        "dmean2": 0.0096100019291,
        "dvar": 0.000111422079499,
        "dvar2": 0.00013856208534,
        "max": 0.8017578125,
        "mean": 0.0545076988637,
        "median": 0.04833984375,
        "min": 0.00244140625,
        "var": 0.00206568441354
    },
    "barkbands": {
        "dmean": [0.000425256992457, 0.00561091350392, 0.00287908269092, 0.00163506180979, 0.00227621756494, 0.00146208354272, 0.000721185700968, 0.000870392366778, 0.000420592055889, 0.000322820793372, 0.000328662456013, 0.000674418406561, 0.000504314957652, 0.000417273928178, 0.000452148524346, 0.000240982510149, 0.000230887919315, 0.000193503889022, 0.000169565013493, 0.000124222657178, 0.00013739168935, 0.000115195020044, 8.87193309609e-05, 9.82468918664e-05, 8.59018691699e-05, 5.24617316842e-05, 2.41683337663e-05],
        "dmean2": [0.000587497255765, 0.00681922817603, 0.00523097719997, 0.00304535939358, 0.00377552956343, 0.00220910017379, 0.00101422914304, 0.0011917881202, 0.000590411480516, 0.000470560014946, 0.000461031595478, 0.000969373155385, 0.000774086860474, 0.000631060218439, 0.000699894444551, 0.000386732281186, 0.000371753092622, 0.00032353491406, 0.00028556608595, 0.000200904425583, 0.000225781739573, 0.000183367184945, 0.000140939519042, 0.000155498244567, 0.000137299357448, 8.30759163364e-05, 3.71539281332e-05],
        "dvar": [7.29784062514e-07, 9.79774267762e-05, 0.000115156413813, 3.55876145477e-05, 2.16555836232e-05, 5.81927861276e-06, 2.83773897536e-06, 2.18909758587e-06, 7.92489061041e-07, 4.88675084398e-07, 1.21176253742e-06, 2.26458951147e-06, 1.49232516833e-06, 8.16728061181e-07, 8.58783494095e-07, 1.94623837046e-07, 1.69393118199e-07, 9.56657899565e-08, 9.31935986159e-08, 5.71909382074e-08, 8.16434635453e-08, 6.3216063495e-08, 3.16830153224e-08, 4.73790962019e-08, 4.04461992787e-08, 1.57427528791e-08, 2.16533946329e-09],
        "dvar2": [1.3934479739e-06, 0.000131368797156, 0.000320741033647, 0.000104432074295, 6.02200307185e-05, 1.33446410473e-05, 5.09484743816e-06, 3.93983100366e-06, 1.39233304708e-06, 1.00981310425e-06, 2.22055723498e-06, 4.42747204943e-06, 3.1588397178e-06, 1.6268051013e-06, 2.04207663046e-06, 5.01117938256e-07, 3.89237214904e-07, 2.49830065968e-07, 2.43917526177e-07, 1.42340255138e-07, 2.17181764128e-07, 1.60116769621e-07, 7.09243224151e-08, 1.15434474424e-07, 1.00525561209e-07, 3.90528818173e-08, 4.66688954148e-09],
        "max": [0.0280155017972, 0.135578513145, 0.107165187597, 0.0632871687412, 0.0612471550703, 0.0492098890245, 0.0505025722086, 0.0364119410515, 0.0273701976985, 0.0229987818748, 0.066800519824, 0.0501794926822, 0.0438582524657, 0.0266590900719, 0.0350360386074, 0.0117025487125, 0.02397367917, 0.00764037715271, 0.00975156202912, 0.00390614569187, 0.00597066851333, 0.00573232071474, 0.00667365035042, 0.00630159536377, 0.00194215157535, 0.00118296733126, 0.00045921606943],
        "mean": [0.000870199175552, 0.0146945491433, 0.00227124802768, 0.00146100670099, 0.0046883514151, 0.00394243001938, 0.00167492078617, 0.00198260671459, 0.000983388512395, 0.000630825117696, 0.00070951593807, 0.00137106596958, 0.000866654561833, 0.000732227636036, 0.000808781245723, 0.000404219958, 0.000455238594441, 0.000340458936989, 0.000306126865325, 0.000240977256908, 0.00027117121499, 0.000233407146879, 0.0001881999342, 0.000187348181498, 0.000146693913848, 0.000103567443148, 3.53359719156e-05],
        "median": [0.000110080487502, 0.00335212098435, 0.000229871424381, 0.000179676731932, 0.00277054402977, 0.00254242587835, 0.000788387900684, 0.000856785220094, 0.000374550989363, 0.000309413066134, 0.000203400297323, 0.000600564642809, 0.000327518966515, 0.00030965055339, 0.000441382086137, 0.000236843814491, 0.00029498708318, 0.00021147262305, 0.000205976088182, 0.00015865790192, 0.000178718211828, 0.000153745684656, 0.000118338881293, 0.000115794959129, 8.80641382537e-05, 7.45804718463e-05, 3.0603457617e-06],
        "min": [7.86026380077e-25, 7.14283099647e-24, 2.9804093883e-24, 3.73824656348e-24, 4.35381050504e-24, 1.64012765002e-23, 1.36803642872e-23, 2.37112576562e-23, 2.39867436615e-23, 2.0777532859e-23, 1.54794530894e-23, 3.0565356095e-23, 4.26379571707e-23, 2.63115072828e-23, 4.1822625249e-23, 7.69859328607e-23, 1.1983015507e-22, 9.74165089164e-23, 1.08475909667e-22, 1.62174580253e-22, 2.82897587029e-22, 4.35541288665e-22, 4.00278145972e-22, 5.83405780636e-22, 1.04149238581e-21, 1.42121019126e-21, 2.12237662296e-21],
        "var": [3.33843718181e-06, 0.000478733680211, 7.12009423296e-05, 2.07551456697e-05, 3.48628454958e-05, 2.27757354878e-05, 9.23364586924e-06, 8.80061270436e-06, 3.76680327463e-06, 1.2527036688e-06, 7.08107472747e-06, 8.56777023728e-06, 4.24910922447e-06, 2.46887725552e-06, 2.06217214327e-06, 3.74282791427e-07, 4.78121364722e-07, 2.09023937714e-07, 1.73643812218e-07, 1.05623925606e-07, 1.3677143329e-07, 1.09681138838e-07, 7.98490802367e-08, 8.59328963543e-08, 4.9518519063e-08, 2.08917541045e-08, 3.66827701548e-09]
    },
    "erbbands": {
        "dmean": [0.269289284945, 0.968324244022, 3.11865472794, 4.21231031418, 6.78635787964, 7.45365095139, 12.5287361145, 11.7030754089, 11.5296154022, 8.69981098175, 22.2710552216, 8.92563724518, 8.59832286835, 12.7637262344, 14.1206874847, 28.8888549805, 21.2093009949, 23.9518795013, 22.7860527039, 16.397644043, 15.2379570007, 9.59010314941, 9.57118797302, 8.51817035675, 8.59974193573, 6.08677244186, 5.42797231674, 5.30346298218, 4.44794607162, 2.95393443108, 2.44913363457, 2.14018630981, 1.68274307251, 0.951495885849, 0.615287363529, 0.266722887754, 0.0916207656264, 0.0323114432395, 0.00416455650702, 6.34267125861e-05],
        "dmean2": [0.307235479355, 1.39026510715, 5.60241794586, 7.53958797455, 12.0305700302, 12.1748657227, 18.6617107391, 18.0999965668, 16.7783489227, 12.4658374786, 30.1667442322, 12.4486188889, 11.9823894501, 18.5166034698, 20.0387535095, 42.0869255066, 32.2836036682, 36.26304245, 35.8398284912, 25.561126709, 24.7723388672, 15.3433570862, 15.7508907318, 14.2769327164, 14.5415782928, 9.88630485535, 8.8731546402, 8.72932910919, 7.0978770256, 4.66879081726, 3.90565633774, 3.3819475174, 2.69910287857, 1.52430284023, 0.981476128101, 0.426378518343, 0.145747721195, 0.0497561059892, 0.00639766408131, 9.64248174569e-05],
        "dvar": [0.257318884134, 4.00855731964, 130.714599609, 217.159866333, 430.661743164, 216.573348999, 563.518371582, 462.1796875, 662.174560547, 247.772872925, 1443.69628906, 354.979522705, 257.428741455, 813.107299805, 1302.30627441, 4494.98876953, 3290.46875, 2867.35546875, 2288.20263672, 1866.12231445, 751.738220215, 235.591156006, 223.603530884, 258.286956787, 265.513153076, 128.087463379, 104.566848755, 163.185424805, 95.4835891724, 31.0322475433, 24.5279388428, 20.1852455139, 15.4384288788, 4.75593280792, 1.994754076, 0.415471553802, 0.0440490394831, 0.00408879155293, 6.68198554195e-05, 1.40029152718e-08],
        "dvar2": [0.283562481403, 7.7392539978, 361.639404297, 610.406188965, 1251.55908203, 593.104614258, 1163.04870605, 1100.54528809, 1269.91821289, 497.583343506, 2570.29736328, 644.179992676, 478.958618164, 1705.63806152, 2341.61181641, 8982.63476562, 6868.56835938, 5886.92382812, 5617.12548828, 4104.15136719, 1937.53295898, 588.391418457, 570.286132812, 672.95501709, 699.452758789, 319.662261963, 266.371704102, 431.518615723, 237.089111328, 71.9292755127, 56.3820877075, 48.7863388062, 38.6079864502, 11.868680954, 4.9158706665, 1.03486096859, 0.109422035515, 0.00921946950257, 0.000143632511026, 3.03091738374e-08],
        "max": [6.86028146744, 24.8095588684, 114.806350708, 158.898239136, 244.608047485, 259.890625, 661.750671387, 565.077636719, 784.21270752, 461.592987061, 962.096618652, 640.217041016, 435.766296387, 1004.38897705, 1706.28015137, 2238.20800781, 2298.70703125, 1729.90576172, 1917.40722656, 2600.24951172, 951.56817627, 549.993591309, 441.019470215, 578.695556641, 302.176025391, 221.325805664, 338.608703613, 148.326843262, 167.127319336, 247.596405029, 178.455932617, 118.102272034, 133.140838623, 39.9374008179, 12.9269952774, 6.33027696609, 2.10687994957, 0.611736655235, 0.0860390812159, 0.00127277662978],
        "mean": [0.635863125324, 2.46203255653, 2.7171022892, 4.05990457535, 8.46650218964, 15.6406335831, 31.5493507385, 29.5524711609, 27.5708007812, 21.6416511536, 51.4717140198, 23.177728653, 20.6170253754, 27.327255249, 34.5225372314, 58.0684700012, 40.2196083069, 44.7919197083, 39.8872261047, 31.250453949, 27.4671802521, 21.2532844543, 19.128534317, 16.2258338928, 15.5270452499, 12.1495800018, 11.0759515762, 9.62595844269, 8.74625205994, 6.69404888153, 5.06432723999, 4.09855890274, 2.96958255768, 1.68118655682, 1.01759564877, 0.470188766718, 0.184623986483, 0.0577769204974, 0.00604471750557, 0.000136257192935],
        "median": [0.112177655101, 0.599417865276, 0.709999263287, 0.65925937891, 2.40019369125, 8.04247093201, 16.4927692413, 17.0753974915, 13.9714927673, 13.0801868439, 22.2489147186, 11.6031179428, 11.2061481476, 14.0754642487, 15.458861351, 25.9225997925, 16.7012004852, 20.0919475555, 22.518163681, 16.6763401031, 17.2176113129, 14.8849153519, 13.0122261047, 11.2710018158, 10.6108016968, 8.40192604065, 6.97452783585, 6.32631158829, 5.75900602341, 4.53478145599, 3.06602525711, 2.47094678879, 1.77684390545, 1.01033174992, 0.625231921673, 0.304734915495, 0.133784979582, 0.0270771291107, 0.000663681537844, 8.09957709862e-05],
        "min": [1.61588765834e-22, 3.58846514898e-22, 2.30673288639e-21, 1.1672512837e-20, 8.61470318559e-21, 2.22780321541e-20, 6.37649171163e-20, 1.09920180042e-19, 1.7675580485e-19, 2.03279299493e-19, 6.39229822841e-19, 6.30462225336e-19, 8.5868471676e-19, 1.29509828031e-18, 1.18013764935e-18, 1.33442275682e-18, 2.43943069306e-18, 2.25514395157e-18, 3.58659102953e-18, 4.06377043181e-18, 5.32018664474e-18, 7.34016666368e-18, 5.85749959601e-18, 8.09072801764e-18, 7.89645555179e-18, 8.69978606574e-18, 1.07178437169e-17, 1.34277453063e-17, 1.41649534836e-17, 1.21048725758e-17, 1.27687900693e-17, 1.28839468454e-17, 9.24332810061e-18, 1.0442227964e-17, 7.49056877856e-18, 4.71198679652e-18, 2.5419890949e-18, 1.10527180686e-18, 2.71404576424e-19, 3.1581768712e-20],
        "var": [1.0743355751, 13.1423397064, 83.4689865112, 141.55821228, 317.302185059, 477.485015869, 2177.80517578, 1597.36682129, 2162.47363281, 853.551330566, 5998.35644531, 1841.37451172, 1023.6182251, 2569.40771484, 7905.38916016, 14748.7216797, 9315.38183594, 9879.015625, 4601.43212891, 4965.3203125, 1710.29174805, 696.577392578, 582.509033203, 511.010131836, 425.152923584, 245.570678711, 272.088867188, 196.974258423, 157.976623535, 84.4043045044, 58.7759094238, 40.5326309204, 23.6498584747, 6.49876117706, 2.40396022797, 0.497546434402, 0.0625160411, 0.00694490922615, 0.000111538181955, 2.70988902429e-08]
    },
    "gfcc": {
        "mean": [-35.9467926025, 94.3760604858, -109.375061035, 8.37504291534, -52.9460029602, 3.23210120201, -37.8440170288, 0.250090330839, -19.0723495483, 7.3024725914, -9.37404918671, 6.08901786804, -7.6888127327],
        "cov": [[49241.1914062, -8490.34960938, -681.938842773, 4972.515625, 272.282775879, 3609.54174805, 15.782377243, 2523.24853516, -527.800170898, 1780.02307129, -416.386932373, 1343.26623535, -544.081848145], [-8490.34960938, 4105.49316406, -501.385131836, -1653.04907227, -8.83538818359, -1285.22143555, -134.153121948, -855.632385254, 132.907943726, -631.847412109, 192.219894409, -426.312225342, 220.754196167], [-681.938842773, -501.385131836, 1496.39050293, 317.3515625, 43.5073738098, 313.396911621, 91.4592132568, 218.956481934, 47.2928848267, 155.57611084, -31.6417198181, 75.7036590576, -33.815486908], [4972.515625, -1653.04907227, 317.3515625, 1239.85961914, 69.1023330688, 615.11126709, 57.3953895569, 423.231262207, -31.7784175873, 302.320404053, -94.1830825806, 177.497940063, -96.7759933472], [272.282775879, -8.83538818359, 43.5073738098, 69.1023330688, 408.595184326, 170.273178101, 146.783950806, 84.5604782104, 74.7238998413, 35.3144683838, 22.3704509735, 23.1911067963, -2.99729752541], [3609.54174805, -1285.22143555, 313.396911621, 615.11126709, 170.273178101, 766.118286133, 166.264678955, 397.046417236, -23.4722366333, 271.15020752, -54.0606613159, 177.722015381, -91.7469482422], [15.782377243, -134.153121948, 91.4592132568, 57.3953895569, 146.783950806, 166.264678955, 215.064056396, 119.361366272, 60.2764930725, 52.2313232422, 27.9903697968, 27.7639083862, -4.71231222153], [2523.24853516, -855.632385254, 218.956481934, 423.231262207, 84.5604782104, 397.046417236, 119.361366272, 382.682952881, 60.5050048828, 206.309844971, -32.0303916931, 130.545059204, -45.4837417603], [-527.800170898, 132.907943726, 47.2928848267, -31.7784175873, 74.7238998413, -23.4722366333, 60.2764930725, 60.5050048828, 153.725341797, 52.1702041626, 38.9747467041, -3.91349458694, 19.2679424286], [1780.02307129, -631.847412109, 155.57611084, 302.320404053, 35.3144683838, 271.15020752, 52.2313232422, 206.309844971, 52.1702041626, 224.319351196, 25.0435619354, 104.22228241, -26.8173084259], [-416.386932373, 192.219894409, -31.6417198181, -94.1830825806, 22.3704509735, -54.0606613159, 27.9903697968, -32.0303916931, 38.9747467041, 25.0435619354, 116.38520813, 37.4202308655, 30.0560493469], [1343.26623535, -426.312225342, 75.7036590576, 177.497940063, 23.1911067963, 177.722015381, 27.7639083862, 130.545059204, -3.91349458694, 104.22228241, 37.4202308655, 149.809936523, 21.7435817719], [-544.081848145, 220.754196167, -33.815486908, -96.7759933472, -2.99729752541, -91.7469482422, -4.71231222153, -45.4837417603, 19.2679424286, -26.8173084259, 30.0560493469, 21.7435817719, 85.5615386963]],
        "icov": [[6.32509618299e-05, -6.03482149018e-05, 0.000111852845293, -0.000128456827952, -3.71365131286e-05, -4.56417801615e-05, 0.000144838224514, -0.00024895905517, 0.000290147523629, -0.00026550644543, 0.000138932737173, -0.00025742087746, 0.000150272462633], [-6.03482149018e-05, 0.00121443194803, -0.000204558804398, 0.000636726152152, -0.000272657314781, 0.00016818846052, 0.000298913219012, 0.000407416402595, -0.00107844977174, 0.00186108238995, -0.0019326339243, 0.00215827277862, -0.00151729781646], [0.000111852845293, -0.000204558804398, 0.00096205441514, -0.000310677831294, 7.47372178012e-05, -0.000290169293294, 7.43002165109e-05, -0.000457769958302, 0.00030904848245, -0.000766237848438, 0.000635650358163, -0.000654208182823, 0.000353288662154], [-0.000128456827952, 0.000636726152152, -0.000310677831294, 0.00223242677748, -0.000246043142397, -0.000177727342816, 0.000314003205858, -0.000192140170839, -0.000271118362434, -6.66117339279e-05, -1.56673086167e-05, 0.000955196504947, -0.000538505089935], [-3.71365131286e-05, -0.000272657314781, 7.47372178012e-05, -0.000246043142397, 0.00388231547549, -0.00143960374407, -0.00180154258851, 0.000928727618884, -0.00222150213085, 0.00131264678203, -1.2932613572e-05, -0.000564223970287, 0.00026499418891], [-4.56417801615e-05, 0.00016818846052, -0.000290169293294, -0.000177727342816, -0.00143960374407, 0.00605220114812, -0.00267049972899, -0.00126160657965, 0.00305958651006, -0.0035192493815, 0.00264030322433, -0.00261562480591, 0.00252687535249], [0.000144838224514, 0.000298913219012, 7.43002165109e-05, 0.000314003205858, -0.00180154258851, -0.00267049972899, 0.00985690858215, -0.00385437626392, -0.000947501743212, 0.00281172804534, -0.0049822977744, 0.00367329712026, -0.00198708055541], [-0.00024895905517, 0.000407416402595, -0.000457769958302, -0.000192140170839, 0.000928727618884, -0.00126160657965, -0.00385437626392, 0.0127493795007, -0.00655756611377, -0.0017908483278, 0.00562296342105, -0.00590712204576, 0.00265373126604], [0.000290147523629, -0.00107844977174, 0.00030904848245, -0.000271118362434, -0.00222150213085, 0.00305958651006, -0.000947501743212, -0.00655756611377, 0.0162342023104, -0.00796528346837, -0.00132209935691, 0.00376254599541, -0.00253630848601], [-0.00026550644543, 0.00186108238995, -0.000766237848438, -6.66117339279e-05, 0.00131264678203, -0.0035192493815, 0.00281172804534, -0.0017908483278, -0.00796528346837, 0.019394107163, -0.00925793591887, 0.00187414616812, -0.000744822609704], [0.000138932737173, -0.0019326339243, 0.000635650358163, -1.56673086167e-05, -1.2932613572e-05, 0.00264030322433, -0.0049822977744, 0.00562296342105, -0.00132209935691, -0.00925793591887, 0.022093757987, -0.0139688625932, 0.00483354972675], [-0.00025742087746, 0.00215827277862, -0.000654208182823, 0.000955196504947, -0.000564223970287, -0.00261562480591, 0.00367329712026, -0.00590712204576, 0.00376254599541, 0.00187414616812, -0.0139688625932, 0.0263239294291, -0.0141884749755], [0.000150272462633, -0.00151729781646, 0.000353288662154, -0.000538505089935, 0.00026499418891, 0.00252687535249, -0.00198708055541, 0.00265373126604, -0.00253630848601, -0.000744822609704, 0.00483354972675, -0.0141884749755, 0.0223539005965]]
    },
    "melbands": {
        "dmean": [0.00189924915321, 0.00144183193333, 0.000807397998869, 0.000502446724568, 0.000401513912948, 0.000261022913037, 0.000173274718691, 9.9605305877e-05, 0.000168886821484, 5.56601698918e-05, 4.42347954959e-05, 5.35493527423e-05, 5.0326478231e-05, 7.9528275819e-05, 5.66109993088e-05, 5.01853064634e-05, 4.28384737461e-05, 3.66955173376e-05, 2.64780337602e-05, 1.84602140507e-05, 1.97113004106e-05, 1.14251133709e-05, 9.91952583718e-06, 1.15823386295e-05, 7.11474422133e-06, 7.18709588909e-06, 5.48348452867e-06, 4.04765705753e-06, 3.75658805751e-06, 3.59348769052e-06, 3.22883056469e-06, 2.83286249214e-06, 2.07876723834e-06, 1.73958233063e-06, 1.55842849381e-06, 1.42824558225e-06, 1.34638025884e-06, 1.24888697428e-06, 1.12860686841e-06, 7.3126091138e-07],
        "dmean2": [0.00209091696888, 0.00246803811751, 0.00143268483225, 0.000858170969877, 0.00060793349985, 0.000402053759899, 0.000250279175816, 0.000143561919685, 0.000228905933909, 7.80944683356e-05, 6.17062542005e-05, 7.77400709921e-05, 7.06643186277e-05, 0.000114432288683, 8.5354935436e-05, 7.65915756347e-05, 6.48205968901e-05, 5.79934276175e-05, 4.09221829614e-05, 2.89188737952e-05, 3.2203111914e-05, 1.84091531992e-05, 1.62065207405e-05, 1.95398606593e-05, 1.20556514958e-05, 1.21886732813e-05, 9.29006273509e-06, 6.65281731926e-06, 6.18998683422e-06, 5.94499442741e-06, 5.38854965271e-06, 4.60830506199e-06, 3.32263175551e-06, 2.79028563455e-06, 2.5140627713e-06, 2.32256275012e-06, 2.14667534237e-06, 2.0098625555e-06, 1.84566192729e-06, 1.17373440389e-06],
        "dvar": [1.09577958938e-05, 2.03817417059e-05, 7.47690455682e-06, 1.48660956256e-06, 5.27335828338e-07, 2.11206639733e-07, 1.49073116518e-07, 2.82509606819e-08, 8.06244528917e-08, 1.46449066207e-08, 6.95710422605e-09, 1.45639535987e-08, 2.48441445194e-08, 3.21641628886e-08, 1.80044015252e-08, 1.0797762684e-08, 9.03947849906e-09, 5.79945247381e-09, 2.72873812435e-09, 1.78819270502e-09, 1.308848252e-09, 4.00579597271e-10, 2.46338560661e-10, 3.36015937297e-10, 1.98675742524e-10, 1.56395757456e-10, 1.38412267758e-10, 4.9249583578e-11, 5.30520696818e-11, 5.91875368161e-11, 5.92074861361e-11, 4.25537834137e-11, 1.40113068717e-11, 1.11888796839e-11, 9.6108399017e-12, 8.94002233354e-12, 7.81760073343e-12, 8.05751906169e-12, 7.24961106771e-12, 2.48982041581e-12],
        "dvar2": [1.22121300592e-05, 5.56204213353e-05, 2.10027774301e-05, 4.20334345108e-06, 1.14643398774e-06, 5.08279129008e-07, 2.80902781924e-07, 5.72758551698e-08, 1.44967728488e-07, 2.61046313454e-08, 1.28708350644e-08, 3.04765244152e-08, 4.47855050822e-08, 6.2159038805e-08, 3.84709863965e-08, 2.25322285274e-08, 1.84651689494e-08, 1.4342836252e-08, 6.3407772366e-09, 3.96632282573e-09, 3.28052496279e-09, 9.62990354125e-10, 6.42556230446e-10, 9.08360164864e-10, 5.21236387385e-10, 4.18918233436e-10, 3.69507646703e-10, 1.20683768534e-10, 1.35101624332e-10, 1.58221019619e-10, 1.57989663019e-10, 1.0746685486e-10, 3.50813857131e-11, 2.65989539422e-11, 2.26542361259e-11, 2.17642969619e-11, 1.90970277786e-11, 2.01468546707e-11, 1.88626059217e-11, 6.16752916099e-12],
        "max": [0.0470335930586, 0.0490550547838, 0.0280673727393, 0.0160161294043, 0.0182780977339, 0.0114168096334, 0.0118949310854, 0.00495711201802, 0.00713572697714, 0.00371724646538, 0.00229692575522, 0.00364838773385, 0.00881478656083, 0.00665648048744, 0.00362622179091, 0.00318466522731, 0.00293200858869, 0.00297498470172, 0.00228808051907, 0.00241575064138, 0.00166412058752, 0.000918394944165, 0.000389339460526, 0.000399443524657, 0.000532022095285, 0.000293431658065, 0.00013969669817, 0.000128191735712, 0.000291213247692, 0.000111305475002, 9.41399048315e-05, 9.30286259972e-05, 0.000120687684102, 0.000145316793351, 0.000100263299828, 0.00011370080756, 7.50292820157e-05, 0.000107195810415, 5.91794341744e-05, 3.02009830193e-05],
        "mean": [0.00476156547666, 0.00198727776296, 0.000820230983663, 0.000832493824419, 0.00103015929926, 0.000671856454574, 0.000418728333898, 0.000249356002314, 0.000391852663597, 0.000133934037876, 0.000102066122054, 0.000108132880996, 0.000115056674986, 0.000162390089827, 0.00010178667435, 9.17768411455e-05, 7.69975667936e-05, 6.02475665801e-05, 4.79619047837e-05, 3.30453476636e-05, 3.28527639795e-05, 2.26439206017e-05, 1.82670810318e-05, 1.87197874766e-05, 1.19803071357e-05, 1.23240588437e-05, 9.14632892091e-06, 7.61338242228e-06, 7.20806792742e-06, 6.02938553129e-06, 5.43844362255e-06, 5.0815024224e-06, 4.25160624218e-06, 3.54731287189e-06, 3.00719398183e-06, 2.60382012129e-06, 2.43303975367e-06, 2.15530440073e-06, 1.75592106189e-06, 1.28698741264e-06],
        "median": [0.00103926903103, 0.000689310894813, 0.000154032706632, 0.000366746302461, 0.000580657157116, 0.000400439370424, 0.000218714936636, 0.000155302259373, 0.000173628155608, 5.67261267861e-05, 5.330735803e-05, 5.30911638634e-05, 4.03621306759e-05, 6.86305793351e-05, 4.13016350649e-05, 3.8833139115e-05, 3.18018501275e-05, 3.11832445732e-05, 2.60345623246e-05, 1.75368404598e-05, 1.86424240383e-05, 1.4178795027e-05, 1.1734439795e-05, 1.07026871774e-05, 7.44454109736e-06, 7.94616607891e-06, 5.69453777644e-06, 4.93049174111e-06, 4.17606906922e-06, 3.67686766367e-06, 3.4037034311e-06, 3.25564224113e-06, 2.70408395409e-06, 2.26716360885e-06, 1.75108471012e-06, 1.44640705457e-06, 1.4604554508e-06, 1.28424960621e-06, 9.63701040746e-07, 7.67033839111e-07],
        "min": [2.15696915973e-24, 8.50031842217e-25, 3.23528285259e-24, 1.17013720084e-24, 2.72383099837e-24, 2.6020580903e-24, 3.13302143294e-24, 2.07890663999e-24, 4.1998359004e-24, 3.22134131382e-24, 3.57933487286e-24, 5.04821320547e-24, 2.53196385457e-24, 3.53708782151e-24, 4.82494111461e-24, 5.64379727246e-24, 2.49368004041e-24, 5.4046327898e-24, 4.31851213498e-24, 5.50426631656e-24, 5.56756767104e-24, 6.05868407163e-24, 4.02735935208e-24, 5.34841146194e-24, 5.55358668921e-24, 3.26857771318e-24, 5.25761593834e-24, 4.67680802497e-24, 5.96356322368e-24, 5.50195692626e-24, 7.65406571673e-24, 7.07255295614e-24, 5.48197941826e-24, 5.47791165701e-24, 7.19440751131e-24, 7.08191594623e-24, 7.50293811109e-24, 5.74043312778e-24, 6.50825156278e-24, 8.16947587777e-24],
        "var": [5.35413164471e-05, 1.71556566784e-05, 4.93740208185e-06, 1.80756251211e-06, 1.9690460249e-06, 7.48871343603e-07, 4.92676974773e-07, 9.83116237308e-08, 3.3927059917e-07, 6.94486317343e-08, 2.67100475071e-08, 4.09775999799e-08, 1.52522900976e-07, 1.29254871695e-07, 4.82780926347e-08, 3.57256091377e-08, 3.17426085417e-08, 1.11413225312e-08, 6.7199970033e-09, 4.67648808566e-09, 3.08603076427e-09, 1.08549391697e-09, 5.83412096411e-10, 6.42198738632e-10, 3.48134299166e-10, 2.72771277787e-10, 1.76960515685e-10, 9.76859773627e-11, 1.52003520881e-10, 7.78933792467e-11, 6.79734254994e-11, 6.06159775152e-11, 3.23333478047e-11, 2.70577692196e-11, 2.11078463735e-11, 1.84758701394e-11, 1.41461191719e-11, 1.23448846631e-11, 8.98710099395e-12, 3.5383291349e-12]
    },
    "mfcc": {
        "mean": [-660.829284668, 118.760772705, 2.53421831131, 10.1496238708, 1.82547724247, 2.67879962921, -5.82472991943, -4.7285194397, -5.99857378006, -2.23691725731, -0.35064548254, 2.65187096596, 2.4174683094],
        "cov": [[24924.4746094, -1319.23144531, -577.052062988, 1328.57043457, 883.179321289, 1260.98010254, 926.505187988, 1008.70043945, 754.677368164, 818.874938965, 685.065368652, 391.358520508, 127.123970032], [-1319.23144531, 2162.55078125, -158.019363403, -346.45211792, -262.967437744, -370.314849854, -323.214691162, -271.8855896, -211.647827148, -197.099822998, -152.760070801, -76.8519363403, -15.3057022095], [-577.052062988, -158.019363403, 756.112121582, 188.743240356, 57.0986862183, 80.3024597168, 64.2605361938, 43.9642524719, 35.9653511047, 30.6175785065, 31.5284805298, 17.1283493042, 8.16412448883], [1328.57043457, -346.45211792, 188.743240356, 462.973358154, 186.709609985, 119.342063904, 69.4759063721, 79.3638916016, 82.9947967529, 90.1588973999, 69.5330505371, 33.0171966553, 6.32912826538], [883.179321289, -262.967437744, 57.0986862183, 186.709609985, 265.679107666, 186.046951294, 114.242729187, 110.636741638, 103.701599121, 93.7506866455, 74.4954528809, 36.8538169861, 18.5206813812], [1260.98010254, -370.314849854, 80.3024597168, 119.342063904, 186.046951294, 298.182312012, 212.766189575, 147.587417603, 112.070228577, 104.267372131, 89.6505813599, 56.1644477844, 25.3438396454], [926.505187988, -323.214691162, 64.2605361938, 69.4759063721, 114.242729187, 212.766189575, 251.730804443, 174.575241089, 103.612472534, 86.7477722168, 77.7050323486, 56.9155654907, 31.7383041382], [1008.70043945, -271.8855896, 43.9642524719, 79.3638916016, 110.636741638, 147.587417603, 174.575241089, 217.141113281, 143.724594116, 94.7209243774, 77.4523696899, 50.7168197632, 36.8368339539], [754.677368164, -211.647827148, 35.9653511047, 82.9947967529, 103.701599121, 112.070228577, 103.612472534, 143.724594116, 170.909469604, 124.436042786, 73.0864334106, 39.6682777405, 27.3157901764], [818.874938965, -197.099822998, 30.6175785065, 90.1588973999, 93.7506866455, 104.267372131, 86.7477722168, 94.7209243774, 124.436042786, 166.023376465, 111.27986145, 43.5732536316, 16.6544628143], [685.065368652, -152.760070801, 31.5284805298, 69.5330505371, 74.4954528809, 89.6505813599, 77.7050323486, 77.4523696899, 73.0864334106, 111.27986145, 142.464233398, 77.7992782593, 23.1083965302], [391.358520508, -76.8519363403, 17.1283493042, 33.0171966553, 36.8538169861, 56.1644477844, 56.9155654907, 50.7168197632, 39.6682777405, 43.5732536316, 77.7992782593, 106.484008789, 58.7906112671], [127.123970032, -15.3057022095, 8.16412448883, 6.32912826538, 18.5206813812, 25.3438396454, 31.7383041382, 36.8368339539, 27.3157901764, 16.6544628143, 23.1083965302, 58.7906112671, 95.2037124634]],
