{
"lowlevel": {
    "average_loudness": 0.900445997715,
    "barkbands_crest": {
        "dmean": 2.84370684624,
        "dmean2": 4.51791858673,
        "dvar": 8.72919940948,
        "dvar2": 21.3138065338,
        "max": 26.9192237854,
        "mean": 11.5311002731,
        "median": 11.4172477722,
        "min": 2.0056886673,
        "var": 22.0061702728
    },
    "barkbands_flatness_db": {
        "dmean": 0.0218523107469,
        "dmean2": 0.0338018462062,
        "dvar": 0.000686865067109,
        "dvar2": 0.00154606171418,
        "max": 0.811603844166,
        "mean": 0.105723649263,
        "median": 0.0842500850558,
        "min": 0.0103284800425,
        "var": 0.00451314821839
    },
    "barkbands_kurtosis": {
        "dmean": 7.84973812103,
        "dmean2": 7.82141971588,
        "dvar": 76411.3046875,
        "dvar2": 52049.6523438,
        "max": 41803.5859375,
        "mean": 13.8496952057,
        "median": 0.138267040253,
        "min": -1.85852789879,
        "var": 347458.75
    },
    "barkbands_skewness": {
        "dmean": 0.546344637871,
        "dmean2": 0.844621777534,
        "dvar": 1.23169779778,
        "dvar2": 1.48160910606,
        "max": 167.202575684,
        "mean": 1.26043736935,
        "median": 1.07167506218,
        "min": -3.6965970993,
        "var": 8.09531593323
    },
    "barkbands_spread": {
        "dmean": 8.18282032013,
        "dmean2": 13.3044633865,
        "dvar": 106.173744202,
        "dvar2": 291.676422119,
        "max": 112.966308594,
        "mean": 40.7354393005,
        "median": 43.4044876099,
        "min": 0.00511740287766,
        "var": 495.572784424
    },
    "dissonance": {
        "dmean": 0.0138801252469,
        "dmean2": 0.0235618110746,
        "dvar": 0.00026216020342,
        "dvar2": 0.000715007714462,
        "max": 0.500000059605,
        "mean": 0.476872622967,
        "median": 0.484368592501,
        "min": 0.232152760029,
        "var": 0.00059236981906
    },
    "dynamic_complexity": 4.14156675339,
    "erbbands_crest": {
        "dmean": 2.1788892746,
        "dmean2": 3.49408459663,
        "dvar": 5.13238286972,
        "dvar2": 12.0664577484,
        "max": 33.5616416931,
        "mean": 7.58827972412,
        "median": 6.13297653198,
        "min": 2.13546204567,
        "var": 19.8869037628
    },
    "erbbands_flatness_db": {
        "dmean": 0.0142475385219,
        "dmean2": 0.0217810831964,
        "dvar": 0.000234015649767,
        "dvar2": 0.000512876140419,
        "max": 0.440634131432,
        "mean": 0.125687614083,
        "median": 0.105650819838,
        "min": 0.037644919008,
        "var": 0.00319295492955
    },
    "erbbands_kurtosis": {
        "dmean": 0.862653315067,
        "dmean2": 1.36770474911,
        "dvar": 2.98174262047,
        "dvar2": 6.9341506958,
        "max": 78.0624008179,
        "mean": 0.442148655653,
        "median": -0.238452672958,
        "min": -1.8831526041,
        "var": 7.00816822052
    },
    "erbbands_skewness": {
        "dmean": 0.319242954254,
        "dmean2": 0.502153992653,
        "dvar": 0.123185031116,
        "dvar2": 0.29531532526,
        "max": 6.69179582596,
        "mean": 0.135401234031,
        "median": -0.0602109655738,
        "min": -2.32149982452,
        "var": 0.653472900391
    },
    "erbbands_spread": {
        "dmean": 8.94806575775,
        "dmean2": 13.7569007874,
        "dvar": 183.558700562,
        "dvar2": 415.038818359,
        "max": 187.933853149,
        "mean": 42.2570877075,
        "median": 41.1338272095,
        "min": 1.64977884293,
        "var": 418.404205322
    },
    "hfc": {
        "dmean": 15.2232465744,
        "dmean2": 24.6205177307,
        "dvar": 643.527099609,
        "dvar2": 1762.18164062,
        "max": 281.1121521,
        "mean": 48.0878982544,
        "median": 43.7655410767,
        "min": 1.10024299127e-16,
        "var": 1851.19995117
    },
    "melbands_crest": {
        "dmean": 3.90561938286,
        "dmean2": 6.33612442017,
        "dvar": 19.146654129,
        "dvar2": 47.24243927,
        "max": 39.998626709,
        "mean": 18.6541576385,
        "median": 19.3867073059,
        "min": 1.57114231586,
        "var": 49.0300559998
    },
    "melbands_flatness_db": {
        "dmean": 0.0305679235607,
        "dmean2": 0.0478847324848,
        "dvar": 0.00140922272112,
        "dvar2": 0.00331120891497,
        "max": 0.813750088215,
        "mean": 0.16989505291,
        "median": 0.154027596116,
        "min": 0.00350333750248,
        "var": 0.00633678445593
    },
    "melbands_kurtosis": {
        "dmean": 48.2374305725,
        "dmean2": 54.8782958984,
        "dvar": 5026491.5,
        "dvar2": 8000686,
        "max": 290247,
        "mean": 60.777305603,
        "median": 7.06201076508,
        "min": -1.7198523283,
        "var": 9124137
    },
    "melbands_skewness": {
        "dmean": 0.928761303425,
        "dmean2": 1.42652988434,
        "dvar": 13.2013673782,
        "dvar2": 18.6959495544,
        "max": 495.463989258,
        "mean": 2.8030591011,
        "median": 2.46518754959,
        "min": -1.88149082661,
        "var": 42.3935470581
    },
    "melbands_spread": {
        "dmean": 12.1257734299,
        "dmean2": 19.7133769989,
        "dvar": 314.374969482,
        "dvar2": 779.877868652,
        "max": 231.951293945,
        "mean": 35.6332244873,
        "median": 32.2801895142,
        "min": 0.00262100808322,
        "var": 619.418273926
    },
    "pitch_salience": {
        "dmean": 0.0838339403272,
        "dmean2": 0.134733110666,
        "dvar": 0.00911239162087,
        "dvar2": 0.0229950547218,
        "max": 0.943106114864,
        "mean": 0.492374509573,
        "median": 0.482258975506,
        "min": 0.00103178108111,
        "var": 0.0177626386285
    },
    "silence_rate_20dB": {
        "dmean": 0,
        "dmean2": 0,
        "dvar": 0,
        "dvar2": 0,
        "max": 1,
        "mean": 1,
        "median": 1,
        "min": 1,
        "var": 0
    },
    "silence_rate_30dB": {
        "dmean": 0.0125339459628,
        "dmean2": 0.0250696372241,
        "dvar": 0.0123770060018,
        "dvar2": 0.0309918373823,
        "max": 1,
        "mean": 0.99073946476,
        "median": 1,
        "min": 0,
        "var": 0.00917402654886
    },
    "silence_rate_60dB": {
        "dmean": 0.011976881884,
        "dmean2": 0.0239554308355,
        "dvar": 0.0118321357295,
        "dvar2": 0.0288147050887,
        "max": 1,
        "mean": 0.0939284190536,
        "median": 0,
        "min": 0,
        "var": 0.0851106792688
    },
    "spectral_centroid": {
        "dmean": 297.480926514,
        "dmean2": 466.406585693,
        "dvar": 152887.640625,
        "dvar2": 351776.21875,
        "max": 11812.2539062,
        "mean": 2121.57446289,
        "median": 2348.35742188,
        "min": 86.2010650635,
        "var": 990650.3125
    },
    "spectral_complexity": {
        "dmean": 5.07555198669,
        "dmean2": 7.99094724655,
        "dvar": 38.1515960693,
        "dvar2": 85.1052398682,
        "max": 63,
        "mean": 26.9828720093,
        "median": 29,
        "min": 0,
        "var": 247.245285034
    },
    "spectral_decrease": {
        "dmean": 2.21739160366e-09,
        "dmean2": 3.47321593708e-09,
        "dvar": 1.40316202407e-17,
        "dvar2": 3.28364828974e-17,
        "max": 1.47417803884e-28,
        "mean": -7.48695683228e-09,
        "median": -7.03672142777e-09,
        "min": -5.28155901236e-08,
        "var": 3.14095599448e-17
    },
    "spectral_energy": {
        "dmean": 0.00859291292727,
        "dmean2": 0.0133393350989,
        "dvar": 0.00019191368483,
        "dvar2": 0.000433679786511,
        "max": 0.205179214478,
        "mean": 0.0326192267239,
        "median": 0.0317410603166,
        "min": 1.01762739715e-20,
        "var": 0.000558599596843
    },
    "spectral_energyband_high": {
        "dmean": 0.00155451369938,
        "dmean2": 0.00251334137283,
        "dvar": 7.23708353689e-06,
        "dvar2": 1.99691894522e-05,
        "max": 0.0289764236659,
        "mean": 0.00385799072683,
        "median": 0.00315809296444,
        "min": 7.13863007864e-21,
        "var": 1.67834641616e-05
    },
    "spectral_energyband_low": {
        "dmean": 0.0066754524596,
        "dmean2": 0.0106859290972,
        "dvar": 0.0001115427076,
        "dvar2": 0.000283970031887,
        "max": 0.096903949976,
        "mean": 0.0158499050885,
        "median": 0.0123865045607,
        "min": 1.83117161746e-23,
        "var": 0.000225213982048
    },
    "spectral_energyband_middle_high": {
        "dmean": 0.00199810019694,
        "dmean2": 0.00322763016447,
        "dvar": 7.55621795179e-06,
        "dvar2": 1.91367234947e-05,
        "max": 0.0365035235882,
        "mean": 0.00674843834713,
        "median": 0.00605556415394,
        "min": 1.1869048204e-21,
        "var": 3.19936661981e-05
    },
    "spectral_energyband_middle_low": {
        "dmean": 0.00426142243668,
        "dmean2": 0.00694385776296,
        "dvar": 0.000185584489373,
        "dvar2": 0.000436097267084,
        "max": 0.198176920414,
        "mean": 0.0070223021321,
        "median": 0.00453126803041,
        "min": 1.85110957197e-22,
        "var": 0.000174469125341
    },
    "spectral_entropy": {
        "dmean": 0.137221321464,
        "dmean2": 0.213657051325,
        "dvar": 0.0297125801444,
        "dvar2": 0.0772218778729,
        "max": 9.82262134552,
        "mean": 7.96439838409,
        "median": 8.13829612732,
        "min": 5.29291820526,
        "var": 0.284850358963
    },
    "spectral_flux": {
        "dmean": 0.0240957327187,
        "dmean2": 0.0352234616876,
        "dvar": 0.00106366176624,
        "dvar2": 0.00184007897042,
        "max": 0.426039040089,
        "mean": 0.0909904614091,
        "median": 0.0837821438909,
        "min": 6.49853781898e-11,
        "var": 0.0038826726377
    },
    "spectral_kurtosis": {
        "dmean": 1.02696788311,
        "dmean2": 1.70511579514,
        "dvar": 2.74539256096,
        "dvar2": 7.89617919922,
        "max": 51.4603767395,
        "mean": 3.45550274849,
        "median": 2.69282484055,
        "min": -1.26060152054,
        "var": 10.4675540924
    },
    "spectral_rms": {
        "dmean": 0.000686150044203,
        "dmean2": 0.0010494919261,
        "dvar": 8.15566068013e-07,
        "dvar2": 1.79168694103e-06,
        "max": 0.0141483154148,
        "mean": 0.00515202386305,
        "median": 0.00556478928775,
        "min": 3.15088428439e-12,
        "var": 5.28008786205e-06
    },
    "spectral_rolloff": {
        "dmean": 1156.24279785,
        "dmean2": 1902.85302734,
        "dvar": 2958303.25,
        "dvar2": 7266988.5,
        "max": 19487.5488281,
        "mean": 2820.66992188,
        "median": 2476.31835938,
        "min": 21.533203125,
        "var": 6391445
    },
    "spectral_skewness": {
        "dmean": 0.157488331199,
        "dmean2": 0.252887010574,
        "dvar": 0.0363321490586,
        "dvar2": 0.0945472493768,
        "max": 5.76826667786,
        "mean": 1.39072394371,
        "median": 1.31266081333,
        "min": -0.0786698833108,
        "var": 0.217088758945
    },
    "spectral_spread": {
        "dmean": 539472.25,
        "dmean2": 815812.25,
        "dvar": 562630754304,
        "dvar2": 1.08760825856e+12,
        "max": 41958108,
        "mean": 5893503,
        "median": 6081665,
        "min": 1590951.375,
        "var": 7.69639160218e+12
    },
    "spectral_strongpeak": {
        "dmean": 0.326387166977,
        "dmean2": 0.568145215511,
        "dvar": 0.619242668152,
        "dvar2": 1.63778722286,
        "max": 12.7216730118,
        "mean": 0.600475132465,
        "median": 0.357659518719,
        "min": 0,
        "var": 0.763303995132
    },
    "zerocrossingrate": {
        "dmean": 0.016676126048,
        "dmean2": 0.0209223423153,
        "dvar": 0.000405272381613,
        "dvar2": 0.000577747006901,
        "max": 0.84521484375,
        "mean": 0.0996899828315,
        "median": 0.099609375,
        "min": 0,
        "var": 0.00372532196343
    },
    "barkbands": {
        "dmean": [0.000712401641067, 0.00508760288358, 0.00185436510947, 0.00220927433111, 0.00161636446137, 0.000515636580531, 0.000563429610338, 0.000450382562121, 0.000512934697326, 0.000374466937501, 0.000485687080072, 0.000401900993893, 0.000296138954582, 0.000389433873352, 0.000389097142033, 0.000325479632011, 0.000364001636626, 0.000336200813763, 0.000323051674059, 0.000345685548382, 0.000348667817889, 0.000256861792877, 0.000283303234028, 0.000307024427457, 0.000278899533441, 0.00022307584004, 7.2797141911e-05],
        "dmean2": [0.00116765266284, 0.0077865049243, 0.0031969032716, 0.00386394001544, 0.00293450476602, 0.000894537835848, 0.000913722789846, 0.000722340075299, 0.000801071466412, 0.000608212780207, 0.00073855248047, 0.000646873086225, 0.000503470597323, 0.0006385059678, 0.000644202635158, 0.000536127772648, 0.000610550108831, 0.000550756114535, 0.000538667838555, 0.000582076783758, 0.000598104379606, 0.000433663313743, 0.000464385841042, 0.000510856451001, 0.000441761454567, 0.000364859442925, 0.000120096992759],
        "dvar": [3.19521768688e-06, 6.01649589953e-05, 4.12829249399e-05, 8.48351410241e-05, 6.97116629453e-05, 2.07172433875e-06, 1.08445738078e-06, 7.8101498957e-07, 7.97899303961e-07, 6.16292993527e-07, 8.95959203717e-07, 4.88382340791e-07, 4.13243071762e-07, 5.81271365263e-07, 6.16971419731e-07, 3.34696807158e-07, 3.49618829887e-07, 2.42153333829e-07, 2.47075803372e-07, 2.46235259738e-07, 3.89495681929e-07, 1.63590414104e-07, 2.35251292224e-07, 3.53587466861e-07, 2.57665760728e-07, 1.77182144512e-07, 2.09035757592e-08],
        "dvar2": [7.92531864136e-06, 0.000133307825308, 0.000111175861093, 0.000216157844989, 0.000201342365472, 5.81162157687e-06, 2.73065620604e-06, 1.70783471276e-06, 1.84871930742e-06, 1.50754158312e-06, 1.87549608199e-06, 1.17885781492e-06, 1.14918873351e-06, 1.34021286158e-06, 1.4037713072e-06, 8.30560907161e-07, 8.95901166587e-07, 6.13268639427e-07, 6.42224733838e-07, 6.54190273508e-07, 1.20760432765e-06, 4.5427987061e-07, 6.21274864443e-07, 9.94661718323e-07, 6.25220025086e-07, 4.74034749232e-07, 5.35351105668e-08],
        "max": [0.0329590477049, 0.0671330913901, 0.0687165185809, 0.109998226166, 0.122901238501, 0.0215722322464, 0.0285409558564, 0.0205508228391, 0.0173510555178, 0.0154901854694, 0.0249483250082, 0.0159078706056, 0.0108962962404, 0.0240746531636, 0.0225354544818, 0.0117472512648, 0.00913988240063, 0.0119118494913, 0.0113567057997, 0.00959238503128, 0.0145211946219, 0.00517313973978, 0.00792296603322, 0.00779834063724, 0.00803813897073, 0.00422075949609, 0.00316157122143],
        "mean": [0.00132954423316, 0.0119554195553, 0.0017719543539, 0.0018370768521, 0.00154690013733, 0.000726840808056, 0.00103920965921, 0.000847597548272, 0.000924494059291, 0.000606732501183, 0.00096451950958, 0.000658301287331, 0.000439968425781, 0.00061759975506, 0.000623777916189, 0.000552362122107, 0.000623782980256, 0.000675597519148, 0.00062543048989, 0.000717858609278, 0.000667274114676, 0.000533967511728, 0.000530997873284, 0.000597839942202, 0.000617951212917, 0.000451545784017, 0.00013453696738],
        "median": [0.000229052107898, 0.00804792717099, 0.000487827317556, 0.000196081789909, 0.000415873801103, 0.000320813705912, 0.000456489331555, 0.000320393708535, 0.000379942648578, 0.000248485710472, 0.000361002283171, 0.000306429341435, 0.000203187752049, 0.000288879789878, 0.000320014485624, 0.000337083707564, 0.000382562808227, 0.000477520166896, 0.000432725151768, 0.000524914590642, 0.000511875841767, 0.000403500220273, 0.000343848747434, 0.000355667900294, 0.000376154814148, 0.000277320476016, 4.87587458338e-05],
        "min": [7.94564961211e-25, 2.17183011589e-24, 2.25654135255e-24, 2.11460437089e-24, 7.43131111862e-24, 1.52667004587e-23, 9.48709210396e-24, 6.83620234033e-24, 1.43085310706e-23, 2.3032693705e-23, 1.42359889995e-23, 3.28410588789e-23, 4.63285419416e-23, 3.35097825792e-23, 4.30366853376e-23, 5.79282272156e-23, 8.14880440883e-23, 8.0731034231e-23, 1.11004909377e-22, 1.81773494967e-22, 2.28301697603e-22, 3.35396722033e-22, 4.24263430241e-22, 5.6620795657e-22, 9.21545441457e-22, 1.34276131901e-21, 1.96568224048e-21],
        "var": [7.79394304118e-06, 0.000149281040649, 2.95385125355e-05, 6.45035906928e-05, 4.06033177569e-05, 2.08774758903e-06, 2.33874197875e-06, 2.27222562899e-06, 2.15053410102e-06, 1.35588300054e-06, 3.55931297236e-06, 1.08440599433e-06, 5.0887223324e-07, 1.17626905194e-06, 1.35668085477e-06, 6.26823464245e-07, 6.76708509673e-07, 5.90502452269e-07, 5.59385512133e-07, 6.32816977486e-07, 5.54960138288e-07, 3.33409758468e-07, 4.34294776142e-07, 6.37471316622e-07, 6.61205888264e-07, 3.1122914379e-07, 3.80127680444e-08]
    },
    "erbbands": {
        "dmean": [0.200884148479, 1.01926708221, 1.94741499424, 5.0536403656, 6.63224887848, 4.93936872482, 3.96199917793, 4.38725471497, 7.1142411232, 8.63832855225, 11.4333124161, 9.19354629517, 11.7732067108, 15.3113059998, 13.8960390091, 13.9326219559, 13.1204309464, 14.8595581055, 17.0786323547, 20.7005691528, 18.3670444489, 22.616186142, 17.3763408661, 17.3024978638, 15.377705574, 14.8015565872, 15.244509697, 12.380730629, 10.2382993698, 8.21572875977, 7.86220836639, 6.97600603104, 4.94152069092, 3.28609061241, 2.05475783348, 1.08166491985, 0.412279576063, 0.10599976033, 0.0119995642453, 0.000169759063283],
        "dmean2": [0.306082397699, 1.52121865749, 3.14133262634, 8.8654718399, 11.3866233826, 8.99846935272, 7.103474617, 7.51234436035, 11.6871271133, 14.0840063095, 18.0837020874, 14.7217435837, 18.695608139, 23.3642215729, 21.5710487366, 22.7180576324, 22.0633811951, 24.7320098877, 28.2087898254, 33.8593063354, 30.1511440277, 37.9152107239, 28.6129379272, 28.6710529327, 25.9725990295, 24.9334106445, 26.0090808868, 21.1126823425, 17.1497249603, 13.7878980637, 12.8395118713, 11.7221870422, 8.14880561829, 5.18548536301, 3.31604743004, 1.78639352322, 0.67706400156, 0.173549845815, 0.0200156979263, 0.000280110631138],
        "dvar": [0.0993386432528, 2.87113213539, 32.0595245361, 344.454376221, 1006.95275879, 586.252441406, 223.340209961, 140.563339233, 261.083557129, 231.175125122, 445.593017578, 261.336456299, 486.778900146, 867.027587891, 561.589599609, 555.676757812, 734.268005371, 947.675354004, 992.473693848, 1983.10717773, 1214.7244873, 1452.08740234, 708.62298584, 669.300354004, 506.74017334, 480.94720459, 757.845581055, 403.706848145, 266.030944824, 183.75944519, 183.247161865, 183.366333008, 82.5629730225, 36.8232536316, 13.6993103027, 3.9820523262, 0.598078668118, 0.0448206402361, 0.000504220661242, 1.01703015787e-07],
        "dvar2": [0.234393253922, 5.84943914413, 80.2617340088, 904.120117188, 2643.14892578, 1710.40356445, 653.744689941, 383.185913086, 668.65814209, 561.029602051, 1004.89373779, 654.650268555, 1160.28808594, 1734.91210938, 1269.58898926, 1402.94665527, 2016.2869873, 2402.05664062, 2335.42651367, 4334.30664062, 2943.45605469, 3719.16748047, 1781.00537109, 1705.11401367, 1363.47229004, 1293.33874512, 2283.23925781, 1194.12121582, 731.771728516, 508.125488281, 477.915222168, 519.465759277, 221.522720337, 87.796257019, 34.7309532166, 10.7774972916, 1.5914940834, 0.113077148795, 0.00133182061836, 2.65736105121e-07],
        "max": [3.14299273491, 16.6077880859, 63.6853752136, 182.703216553, 491.009002686, 358.671417236, 198.015518188, 221.84413147, 305.105316162, 289.170928955, 437.047576904, 290.584686279, 451.951019287, 680.399536133, 765.88848877, 672.560546875, 510.233032227, 1394.61413574, 927.677612305, 1703.13598633, 784.924621582, 646.56036377, 739.720031738, 549.04876709, 397.599517822, 534.888305664, 560.674377441, 453.258514404, 227.060882568, 166.061462402, 185.96987915, 187.455154419, 137.613769531, 117.175727844, 42.169631958, 24.9409141541, 8.16922473907, 4.99811220169, 0.415480494499, 0.00573711469769],
        "mean": [0.480342000723, 2.12400007248, 2.3752720356, 4.36563014984, 6.0319237709, 4.87714719772, 4.67261791229, 6.52499103546, 12.2242660522, 16.8154735565, 22.5268859863, 16.3124790192, 20.7526988983, 31.5690021515, 27.5977706909, 24.190990448, 21.6427383423, 24.8593864441, 29.9341316223, 35.8798713684, 32.7771377563, 40.0331916809, 35.4807853699, 36.2463645935, 32.6885643005, 31.5968399048, 28.9921894073, 23.7328948975, 20.4226131439, 16.7750644684, 14.427359581, 12.8050918579, 9.69587516785, 6.98492527008, 4.36078453064, 2.10616779327, 0.802432119846, 0.225420758128, 0.0214056149125, 0.000366085470887],
        "median": [0.272254645824, 1.15147733688, 0.959767699242, 0.779777169228, 0.938245534897, 1.31226563454, 1.92721176147, 2.84338641167, 5.43075561523, 7.86714410782, 8.84071063995, 7.72694158554, 9.59565544128, 14.2565193176, 13.945646286, 12.7819757462, 11.0583171844, 13.1213188171, 16.7864837646, 20.6203117371, 20.924533844, 25.4172058105, 25.5273571014, 27.1669311523, 24.7534313202, 23.9249839783, 22.00340271, 17.6101722717, 14.9132499695, 11.9322128296, 9.24515342712, 7.58323478699, 5.61351585388, 4.13471984863, 2.6477689743, 1.28349733353, 0.464023262262, 0.119404897094, 0.00739290937781, 0.000196728622541],
        "min": [1.24461412294e-22, 4.029375791e-22, 1.56395993631e-21, 5.58066487937e-21, 1.37951915748e-20, 1.66776575156e-20, 4.76337836476e-20, 9.96130895574e-20, 1.25636715079e-19, 1.35250117685e-19, 3.20864833025e-19, 3.48018354951e-19, 5.74278980758e-19, 6.17123059079e-19, 6.82562196217e-19, 1.57408965391e-18, 2.12193602649e-18, 2.24148864722e-18, 2.86494873697e-18, 3.00947683553e-18, 3.82009501747e-18, 5.44754102621e-18, 4.25979817491e-18, 7.22709851857e-18, 6.44537685735e-18, 9.38802845953e-18, 8.75740581285e-18, 1.04605392612e-17, 9.34917247743e-18, 1.07464782282e-17, 1.2401534285e-17, 1.06932541189e-17, 1.00915794849e-17, 8.20795605405e-18, 6.2287949168e-18, 4.82744383924e-18, 2.55061720907e-18, 8.58813912032e-19, 2.44019728269e-19, 2.81591312129e-20],
        "var": [0.265379875898, 6.78006315231, 30.1073169708, 250.739364624, 731.904907227, 343.675109863, 142.150466919, 173.219833374, 417.016815186, 629.957092285, 1277.8416748, 564.792358398, 1139.9552002, 3279.46411133, 1931.68811035, 1200.56884766, 1057.32800293, 1496.77758789, 2312.43554688, 4354.69335938, 2252.74414062, 2805.25878906, 1700.90344238, 1678.93408203, 1260.38354492, 1138.5559082, 1073.18444824, 684.037658691, 510.892730713, 366.021362305, 333.048065186, 287.288024902, 172.781021118, 93.4454956055, 32.085773468, 7.13392877579, 1.00651681423, 0.0882265046239, 0.000888118695002, 1.98076918423e-07]
    },
    "gfcc": {
        "mean": [15.6820573807, 41.1875839233, -106.480018616, 30.4678192139, -48.8599853516, 19.2399082184, -24.5711727142, 19.8609409332, -16.6217193604, 11.3446292877, -13.6606311798, 7.43490600586, -10.6277179718],
        "cov": [[26521.125, -4200.37841797, 642.998474121, 1011.34509277, 417.503143311, 1074.69726562, -484.74911499, 881.331298828, -511.633544922, 309.573425293, -540.530822754, 288.414306641, -425.248077393], [-4200.37841797, 2995.03564453, -275.936584473, 100.764640808, -172.634613037, -395.056365967, 64.9094619751, -229.061706543, 209.375061035, -143.413345337, 199.525054932, -147.03086853, 100.061859131], [642.998474121, -275.936584473, 1112.53747559, 358.519927979, 301.657989502, 199.548599243, 0.754707455635, 76.0871429443, -35.5042266846, 43.725894928, -10.2139844894, 11.5835618973, -48.352394104], [1011.34509277, 100.764640808, 358.519927979, 519.580383301, 233.346389771, 159.277206421, 20.8382835388, 45.1229629517, -27.1924610138, 3.83986163139, -7.76330184937, -14.5346593857, -20.9907684326], [417.503143311, -172.634613037, 301.657989502, 233.346389771, 359.506225586, 168.472305298, 99.4098892212, 55.3520851135, -5.16470241547, 31.0643024445, 13.2872905731, 29.1785030365, 10.6301498413], [1074.69726562, -395.056365967, 199.548599243, 159.277206421, 168.472305298, 293.977539062, 59.2860527039, 93.2631149292, -32.9664993286, 29.9524879456, -20.5730705261, 34.5114898682, -4.39761734009], [-484.74911499, 64.9094619751, 0.754707455635, 20.8382835388, 99.4098892212, 59.2860527039, 201.896224976, 72.7837295532, 77.842880249, 23.7552337646, 44.2640571594, 20.8376216888, 36.8187828064], [881.331298828, -229.061706543, 76.0871429443, 45.1229629517, 55.3520851135, 93.2631149292, 72.7837295532, 176.022689819, 64.8213500977, 74.1260681152, 8.8209438324, 39.3892364502, 5.17489767075], [-511.633544922, 209.375061035, -35.5042266846, -27.1924610138, -5.16470241547, -32.9664993286, 77.842880249, 64.8213500977, 162.690231323, 70.3184356689, 70.3869628906, 6.04332065582, 24.3745212555], [309.573425293, -143.413345337, 43.725894928, 3.83986163139, 31.0643024445, 29.9524879456, 23.7552337646, 74.1260681152, 70.3184356689, 135.228881836, 65.4803009033, 49.6175880432, 11.222992897], [-540.530822754, 199.525054932, -10.2139844894, -7.76330184937, 13.2872905731, -20.5730705261, 44.2640571594, 8.8209438324, 70.3869628906, 65.4803009033, 127.974258423, 58.4424781799, 45.807220459], [288.414306641, -147.03086853, 11.5835618973, -14.5346593857, 29.1785030365, 34.5114898682, 20.8376216888, 39.3892364502, 6.04332065582, 49.6175880432, 58.4424781799, 118.145553589, 61.0148239136], [-425.248077393, 100.061859131, -48.352394104, -20.9907684326, 10.6301498413, -4.39761734009, 36.8187828064, 5.17489767075, 24.3745212555, 11.222992897, 45.807220459, 61.0148239136, 96.4888381958]],
        "icov": [[8.69245704962e-05, 2.40318640863e-05, 8.2576960267e-05, -0.000162917451235, -5.64313950235e-06, -7.73808424128e-05, 0.000263933703536, -0.000417075585574, 0.000135623602546, -7.85041120253e-05, 0.000260573637206, -0.000395013717934, 0.000383816397516], [2.40318640863e-05, 0.000847723742481, 5.80599589739e-05, -0.000663814658765, 0.000292311073281, 0.000587572751101, 1.20334516396e-05, 0.000263788213488, -0.000838766281959, 0.001353391679, -0.00175440404564, 0.00138174032327, -0.000899071106687], [8.2576960267e-05, 5.80599589739e-05, 0.0014492085902, -0.000662830017973, -0.000854790327139, -0.000219800334889, 0.00081271934323, -0.000677175296005, 9.54469651333e-05, -5.61223569093e-05, -2.84926090899e-06, -0.000484440708533, 0.000986211351119], [-0.000162917451235, -0.000663814658765, -0.000662830017973, 0.00405372073874, -0.00185269268695, -0.00107133248821, 0.000505992793478, -0.000344455533195, 0.000705299084075, -7.64114083722e-05, -0.000426211743616, 0.00128082872834, -0.000276100967312], [-5.64313950235e-06, 0.000292311073281, -0.000854790327139, -0.00185269268695, 0.00615472905338, -0.00126496632583, -0.00301510328427, 0.0015269939322, 0.000354366318788, -0.000848554132972, 1.70799321495e-05, -0.000205413787626, -0.000695530732628], [-7.73808424128e-05, 0.000587572751101, -0.000219800334889, -0.00107133248821, -0.00126496632583, 0.00695744808763, -0.00154909049161, -0.00192674726713, 0.00189057411626, 0.000111545712571, -0.000459121714812, 0.000450763065601, -0.00070031080395], [0.000263933703536, 1.20334516396e-05, 0.00081271934323, 0.000505992793478, -0.00301510328427, -0.00154909049161, 0.0103928837925, -0.00456968741491, -0.00293787522241, 0.00325783574954, -0.00199017091654, 0.000381436373573, -0.000724208948668], [-0.000417075585574, 0.000263788213488, -0.000677175296005, -0.000344455533195, 0.0015269939322, -0.00192674726713, -0.00456968741491, 0.0153913777322, -0.00637452444062, -0.00395218236372, 0.00478338683024, -0.00309363938868, -0.000108379506855], [0.000135623602546, -0.000838766281959, 9.54469651333e-05, 0.000705299084075, 0.000354366318788, 0.00189057411626, -0.00293787522241, -0.00637452444062, 0.0167214721441, -0.00626529101282, -0.00420160824433, 0.00548495259136, -0.00179022119846], [-7.85041120253e-05, 0.001353391679, -5.61223569093e-05, -7.64114083722e-05, -0.000848554132972, 0.000111545712571, 0.00325783574954, -0.00395218236372, -0.00626529101282, 0.01895461604, -0.00964957196265, -0.00105562445242, 0.00189974275418], [0.000260573637206, -0.00175440404564, -2.84926090899e-06, -0.000426211743616, 1.70799321495e-05, -0.000459121714812, -0.00199017091654, 0.00478338683024, -0.00420160824433, -0.00964957196265, 0.0242431648076, -0.0128093603998, 0.00212825415656], [-0.000395013717934, 0.00138174032327, -0.000484440708533, 0.00128082872834, -0.000205413787626, 0.000450763065601, 0.000381436373573, -0.00309363938868, 0.00548495259136, -0.00105562445242, -0.0128093603998, 0.0264834240079, -0.0150028923526], [0.000383816397516, -0.000899071106687, 0.000986211351119, -0.000276100967312, -0.000695530732628, -0.00070031080395, -0.000724208948668, -0.000108379506855, -0.00179022119846, 0.00189974275418, 0.00212825415656, -0.0150028923526, 0.0224568322301]]
    },
    "melbands": {
        "dmean": [0.00157640397083, 0.00100912235212, 0.000921615574043, 0.000409932312323, 0.000147246348206, 0.000100277342426, 0.000107277657662, 9.44443891058e-05, 9.99670373858e-05, 5.91982825426e-05, 6.20594946668e-05, 6.2308194174e-05, 5.80277664994e-05, 3.84982013202e-05, 4.51005980722e-05, 2.9497234209e-05, 2.9028258723e-05, 3.15256584145e-05, 3.38314966939e-05, 2.3108557798e-05, 2.25138828682e-05, 2.73444748018e-05, 1.54825738719e-05, 1.82517978828e-05, 1.51382391778e-05, 1.27544280986e-05, 1.387890552e-05, 1.01966497823e-05, 1.06767047328e-05, 8.72126656759e-06, 6.92453068041e-06, 6.43767043584e-06, 5.29148928763e-06, 5.09478650201e-06, 4.84528709421e-06, 4.65705898023e-06, 4.43362660008e-06, 3.71153123524e-06, 3.34668197866e-06, 2.77619619737e-06],
        "dmean2": [0.00239587505348, 0.00151614204515, 0.00158278271556, 0.000720511947293, 0.000267142517259, 0.000171660882188, 0.00017651716189, 0.000152731270646, 0.000157674658112, 9.48626111494e-05, 9.8594930023e-05, 9.57885931712e-05, 8.92672251211e-05, 6.19226630079e-05, 7.37504014978e-05, 5.00802780152e-05, 4.81954193674e-05, 5.17187399964e-05, 5.59891814191e-05, 3.7777426769e-05, 3.70253437723e-05, 4.58362774225e-05, 2.57651081483e-05, 3.00349638565e-05, 2.51828187174e-05, 2.14787887671e-05, 2.34437356994e-05, 1.71646825038e-05, 1.80220322363e-05, 1.50723753904e-05, 1.17688850878e-05, 1.08569529402e-05, 8.96789151739e-06, 8.62664728629e-06, 7.95937921794e-06, 7.86998043623e-06, 7.50379194869e-06, 6.19157208348e-06, 5.4436713981e-06, 4.42123200628e-06],
        "dvar": [5.59654927201e-06, 4.76340073874e-06, 1.22563096738e-05, 4.08953519582e-06, 3.63818401183e-07, 7.20119359698e-08, 5.17611020712e-08, 2.69508202422e-08, 3.45693571546e-08, 1.11937605851e-08, 1.38430582552e-08, 1.34734250423e-08, 1.17911289621e-08, 6.16367223927e-09, 7.19167303487e-09, 4.58731053143e-09, 3.22031268318e-09, 4.20846424376e-09, 4.91796026125e-09, 2.08970907245e-09, 2.12824380341e-09, 2.2902153507e-09, 6.48765707822e-10, 7.48144157736e-10, 5.53862122832e-10, 3.9961012277e-10, 4.95552376911e-10, 2.41007241941e-10, 3.0381647198e-10, 3.76929071289e-10, 1.11320765106e-10, 1.0458432731e-10, 7.00988780911e-11, 7.22634729833e-11, 6.87313539416e-11, 7.85287113114e-11, 7.87460305296e-11, 4.40072041308e-11, 4.34443904462e-11, 2.46006652549e-11],
        "dvar2": [1.30146690935e-05, 1.07665000542e-05, 3.09996103169e-05, 1.13427013275e-05, 1.0700968005e-06, 1.97979332484e-07, 1.33830411642e-07, 6.31146477303e-08, 7.82824400858e-08, 2.75011622364e-08, 3.29129044019e-08, 2.8038488864e-08, 2.59690118298e-08, 1.4587381969e-08, 1.74591630042e-08, 1.25511032678e-08, 8.0775945932e-09, 9.41142719313e-09, 1.13079554609e-08, 4.74828398822e-09, 5.1102473364e-09, 5.8169282724e-09, 1.63223923266e-09, 1.93644922319e-09, 1.40378542124e-09, 1.04973996162e-09, 1.30122990161e-09, 6.44731490418e-10, 8.64866400718e-10, 1.24074672758e-09, 3.16036391501e-10, 2.86511064873e-10, 1.98578584132e-10, 2.00381433668e-10, 1.76221495729e-10, 2.20520893213e-10, 2.21900678388e-10, 1.20373960799e-10, 1.11377733425e-10, 5.8420379645e-11],
        "max": [0.0219454076141, 0.0240344721824, 0.0391617044806, 0.0314774625003, 0.0091606862843, 0.00511152949184, 0.00533682480454, 0.00275151664391, 0.00319486530498, 0.00201068050228, 0.00240232539363, 0.0025224792771, 0.0036543069873, 0.00209620897658, 0.00183718872722, 0.00202217372134, 0.00236211623996, 0.00218274351209, 0.00199494417757, 0.00154745962936, 0.00113816908561, 0.000833585683722, 0.000804074457847, 0.000650819274597, 0.000499958696309, 0.000447291327873, 0.000615494966041, 0.000329082075041, 0.000363526574802, 0.000633830728475, 0.000197236673557, 0.000138639181387, 0.000118967538583, 0.000103544538433, 0.000101798250398, 0.000271619879641, 0.000123887250083, 8.0933663412e-05, 0.000178195667104, 0.000102308338683],
        "mean": [0.00380671583116, 0.00178096443415, 0.000829914410133, 0.000394468079321, 0.000169605729752, 0.000152087857714, 0.000190190505236, 0.000185710829101, 0.000189469195902, 0.000103094083897, 0.000105264211015, 0.000125087361084, 0.000114667520393, 6.14932869212e-05, 6.8985435064e-05, 4.31533881056e-05, 4.65939338028e-05, 4.90896927658e-05, 5.33104066562e-05, 3.86578103644e-05, 3.59308542102e-05, 4.40089461335e-05, 2.82221935777e-05, 3.42164166796e-05, 2.87838229269e-05, 2.41165435e-05, 2.55011655099e-05, 1.94073963939e-05, 1.91944909602e-05, 1.50361711349e-05, 1.26282857309e-05, 1.18058260341e-05, 9.84162670647e-06, 9.43620307226e-06, 8.28812608233e-06, 8.14154554973e-06, 7.66832272348e-06, 6.91045397616e-06, 6.20362561676e-06, 5.74477508053e-06],
        "median": [0.00247323000804, 0.000908072455786, 0.000145610800246, 8.62515735207e-05, 6.74422917655e-05, 6.88380459906e-05, 8.75594560057e-05, 7.80479167588e-05, 7.06351274857e-05, 4.51600717497e-05, 4.3550186092e-05, 5.54521830054e-05, 5.03224800923e-05, 2.61171226157e-05, 2.90290299745e-05, 1.92106508621e-05, 2.31559824897e-05, 2.27864293265e-05, 2.64710433839e-05, 2.27071668633e-05, 2.02098017326e-05, 2.48437136179e-05, 1.81216128112e-05, 2.29945544561e-05, 1.98572288355e-05, 1.6875392248e-05, 1.65611309058e-05, 1.31292226797e-05, 1.35801310535e-05, 1.05344006442e-05, 9.01837120182e-06, 8.12548751128e-06, 6.70690587867e-06, 6.16941360931e-06, 5.09293840878e-06, 4.79489153804e-06, 4.2938399929e-06, 3.84947361454e-06, 3.47510012944e-06, 3.29056956616e-06],
        "min": [1.50236222399e-24, 8.44699438321e-25, 1.27507473251e-24, 1.68362520368e-24, 1.51618099629e-24, 2.61432527181e-24, 2.07330848857e-24, 1.4644329042e-24, 2.66616842164e-24, 2.65923295378e-24, 2.67822497728e-24, 2.41542996899e-24, 2.18098169125e-24, 2.96229714191e-24, 3.21883944146e-24, 3.96435303158e-24, 3.26045579851e-24, 2.58568449335e-24, 3.51610136042e-24, 4.835326074e-24, 3.80696029263e-24, 4.71805006752e-24, 4.98994793902e-24, 3.52565880472e-24, 5.52828200353e-24, 3.87572253673e-24, 5.14280196675e-24, 4.6498392372e-24, 5.03468345209e-24, 5.00174495942e-24, 5.87702399909e-24, 4.01677717747e-24, 4.91063034158e-24, 5.19094220349e-24, 6.8052758374e-24, 6.56768670997e-24, 6.11119104792e-24, 6.43208309808e-24, 6.17939122862e-24, 6.03020816511e-24],
        "var": [1.46379306898e-05, 7.40920495446e-06, 9.58558666753e-06, 2.66569145424e-06, 2.17312333461e-07, 8.38477234311e-08, 8.575725019e-08, 7.81297231356e-08, 9.44309235251e-08, 2.58099603911e-08, 3.28903730917e-08, 4.83797677475e-08, 4.43590515431e-08, 1.245336545e-08, 1.56703237053e-08, 5.29098853619e-09, 5.38366018432e-09, 9.10087205597e-09, 1.06773496711e-08, 4.2602956718e-09, 3.51317197556e-09, 4.11642231413e-09, 1.33466127039e-09, 1.62955804406e-09, 1.26338017825e-09, 8.65083338297e-10, 1.19264731424e-09, 4.88882101468e-10, 4.81599593538e-10, 4.00412952795e-10, 1.95105889778e-10, 1.8657234091e-10, 1.26388927102e-10, 1.29535965288e-10, 1.19614915195e-10, 1.14627501935e-10, 1.12969626709e-10, 8.7957481576e-11, 8.37912933482e-11, 6.31917712601e-11]
    },
    "mfcc": {
        "mean": [-625.547485352, 79.4795150757, 1.29164886475, 19.8391551971, 3.50495386124, 6.63993120193, 6.23423051834, 9.68301773071, 7.21730232239, 7.78118133545, 4.1465883255, 5.08954715729, 4.89304065704],
        "cov": [[14388.2978516, -1781.81286621, 211.587234497, 293.646820068, 629.336425781, 292.114959717, 445.763458252, 211.744934082, 247.178421021, 139.557617188, 180.842056274, 71.9995803833, -31.321313858], [-1781.81286621, 1942.0838623, -56.7167549133, 184.402770996, -199.043609619, -141.26725769, -210.451553345, -57.607875824, -89.6925430298, -5.36911916733, -22.0334529877, 32.9704055786, 48.7762184143], [211.587234497, -56.7167549133, 595.125366211, 165.699447632, 222.516799927, 95.991027832, 78.9554901123, 32.7395858765, 15.4342803955, 19.796585083, 26.6936855316, 41.6004447937, 9.95737934113], [293.646820068, 184.402770996, 165.699447632, 343.06350708, 168.245254517, 84.8689346313, 62.2950134277, 35.1367149353, 17.8760719299, 14.0293703079, 22.8584709167, 32.1876716614, 15.9914274216], [629.336425781, -199.043609619, 222.516799927, 168.245254517, 310.119934082, 164.933547974, 140.125137329, 53.0082855225, 33.3087692261, 8.767578125, 27.7808895111, 22.4338951111, -0.200656086206], [292.114959717, -141.26725769, 95.991027832, 84.8689346313, 164.933547974, 194.287612915, 129.270401001, 61.9620323181, 28.3907985687, 11.2871875763, 12.1860017776, 1.48507165909, -0.753502011299], [445.763458252, -210.451553345, 78.9554901123, 62.2950134277, 140.125137329, 129.270401001, 185.64805603, 90.1219482422, 56.4148330688, 19.3528614044, 19.0432529449, 10.3205690384, 12.9900159836], [211.744934082, -57.607875824, 32.7395858765, 35.1367149353, 53.0082855225, 61.9620323181, 90.1219482422, 118.140708923, 69.8406066895, 30.4364490509, 17.2325935364, 6.94722175598, 14.6181631088], [247.178421021, -89.6925430298, 15.4342803955, 17.8760719299, 33.3087692261, 28.3907985687, 56.4148330688, 69.8406066895, 110.488418579, 60.6456947327, 33.1347579956, 16.4136543274, 13.945441246], [139.557617188, -5.36911916733, 19.796585083, 14.0293703079, 8.767578125, 11.2871875763, 19.3528614044, 30.4364490509, 60.6456947327, 100.720046997, 66.9316711426, 32.1137428284, 13.6668052673], [180.842056274, -22.0334529877, 26.6936855316, 22.8584709167, 27.7808895111, 12.1860017776, 19.0432529449, 17.2325935364, 33.1347579956, 66.9316711426, 108.083702087, 64.252204895, 20.6236343384], [71.9995803833, 32.9704055786, 41.6004447937, 32.1876716614, 22.4338951111, 1.48507165909, 10.3205690384, 6.94722175598, 16.4136543274, 32.1137428284, 64.252204895, 102.852737427, 55.9697608948], [-31.321313858, 48.7762184143, 9.95737934113, 15.9914274216, -0.200656086206, -0.753502011299, 12.9900159836, 14.6181631088, 13.945441246, 13.6668052673, 20.6236343384, 55.9697608948, 97.819770813]],
