{
"lowlevel": {
    "average_loudness": 0.605949282646,
    "barkbands_crest": {
        "dmean": 3.09955024719,
        "dmean2": 4.74419164658,
        "dvar": 12.3865413666,
        "dvar2": 24.374370575,
        "max": 26.8966560364,
        "mean": 10.7254390717,
        "median": 9.28061485291,
        "min": 1.88092267513,
        "var": 33.168838501
    },
    "barkbands_flatness_db": {
        "dmean": 0.0342524535954,
        "dmean2": 0.0482421964407,
        "dvar": 0.00204243208282,
        "dvar2": 0.00352391903289,
        "max": 0.730541884899,
        "mean": 0.129849880934,
        "median": 0.0893669351935,
        "min": 0.00822737626731,
        "var": 0.00997177883983
    },
    "barkbands_kurtosis": {
        "dmean": 8.94799137115,
        "dmean2": 12.7877264023,
        "dvar": 2823.92944336,
        "dvar2": 5631.54199219,
        "max": 4531.9921875,
        "mean": 10.2771520615,
        "median": 0.0812156200409,
        "min": -1.90603423119,
        "var": 6120.59814453
    },
    "barkbands_skewness": {
        "dmean": 0.93357527256,
        "dmean2": 1.28693497181,
        "dvar": 2.29635500908,
        "dvar2": 4.00307178497,
        "max": 64.4332046509,
        "mean": 1.44651436806,
        "median": 0.863252103329,
        "min": -8.24144363403,
        "var": 6.7281832695
    },
    "barkbands_spread": {
        "dmean": 11.0917625427,
        "dmean2": 16.9795894623,
        "dvar": 201.892883301,
        "dvar2": 442.441192627,
        "max": 148.026565552,
        "mean": 37.7207870483,
        "median": 35.9010124207,
        "min": 0.0233475752175,
        "var": 641.309631348
    },
    "dissonance": {
        "dmean": 0.0139902373776,
        "dmean2": 0.0233427044004,
        "dvar": 0.000424978148658,
        "dvar2": 0.0010844495846,
        "max": 0.500000178814,
        "mean": 0.477968215942,
        "median": 0.487009137869,
        "min": 0.171375319362,
        "var": 0.000914278090931
    },
    "dynamic_complexity": 3.22898983955,
    "erbbands_crest": {
        "dmean": 2.61149311066,
        "dmean2": 4.06948947906,
        "dvar": 8.01441383362,
        "dvar2": 17.3818130493,
        "max": 32.7376747131,
        "mean": 8.40155696869,
        "median": 6.61514997482,
        "min": 2.23243880272,
        "var": 26.7945709229
    },
    "erbbands_flatness_db": {
        "dmean": 0.0209712833166,
        "dmean2": 0.0300903972238,
        "dvar": 0.000787324330304,
        "dvar2": 0.00142247986514,
        "max": 0.481019437313,
        "mean": 0.141903489828,
        "median": 0.117567896843,
        "min": 0.0410112850368,
        "var": 0.00556999491528
    },
    "erbbands_kurtosis": {
        "dmean": 1.29632902145,
        "dmean2": 2.02783155441,
        "dvar": 6.98576545715,
        "dvar2": 14.8313760757,
        "max": 105.167366028,
        "mean": 0.911391794682,
        "median": -0.153450965881,
        "min": -1.90834736824,
        "var": 16.8042068481
    },
    "erbbands_skewness": {
        "dmean": 0.465531140566,
        "dmean2": 0.690193116665,
        "dvar": 0.284740626812,
        "dvar2": 0.612105071545,
        "max": 9.48381710052,
        "mean": 0.0220348648727,
        "median": -0.0938348174095,
        "min": -5.54504537582,
        "var": 0.97191131115
    },
    "erbbands_spread": {
        "dmean": 12.5156421661,
        "dmean2": 18.5528926849,
        "dvar": 280.639007568,
        "dvar2": 571.211547852,
        "max": 213.285461426,
        "mean": 46.8748779297,
        "median": 42.6361198425,
        "min": 0.94797706604,
        "var": 743.888916016
    },
    "hfc": {
        "dmean": 12.8138046265,
        "dmean2": 20.0431251526,
        "dvar": 423.926757812,
        "dvar2": 1069.61706543,
        "max": 202.72543335,
        "mean": 30.0811576843,
        "median": 22.7473583221,
        "min": 1.08836361889e-16,
        "var": 764.899353027
    },
    "melbands_crest": {
        "dmean": 4.07065439224,
        "dmean2": 6.41924667358,
        "dvar": 19.8306655884,
        "dvar2": 44.3984985352,
        "max": 39.9652633667,
        "mean": 17.0481548309,
        "median": 15.7195768356,
        "min": 1.67260479927,
        "var": 65.7824859619
    },
    "melbands_flatness_db": {
        "dmean": 0.0414738468826,
        "dmean2": 0.0581591501832,
        "dvar": 0.00287983799353,
        "dvar2": 0.00500992126763,
        "max": 0.753195643425,
        "mean": 0.180886298418,
        "median": 0.144283428788,
        "min": 0.00377058214508,
        "var": 0.0142112150788
    },
    "melbands_kurtosis": {
        "dmean": 27.9430961609,
        "dmean2": 40.5248832703,
        "dvar": 18734.1113281,
        "dvar2": 39708.1953125,
        "max": 9743.69042969,
        "mean": 35.8785552979,
        "median": 5.97385883331,
        "min": -1.90043056011,
        "var": 26440.7558594
    },
    "melbands_skewness": {
        "dmean": 1.41471552849,
        "dmean2": 1.96980297565,
        "dvar": 5.76181650162,
        "dvar2": 9.60128974915,
        "max": 73.9008865356,
        "mean": 3.33209967613,
        "median": 2.28594350815,
        "min": -4.58613109589,
        "var": 15.2196950912
    },
    "melbands_spread": {
        "dmean": 15.7258272171,
        "dmean2": 24.7710571289,
        "dvar": 549.743408203,
        "dvar2": 1267.90637207,
        "max": 271.20489502,
        "mean": 42.313243866,
        "median": 34.1321678162,
        "min": 0.0134889781475,
        "var": 1346.40930176
    },
    "pitch_salience": {
        "dmean": 0.0940768122673,
        "dmean2": 0.14393748343,
        "dvar": 0.0127849262208,
        "dvar2": 0.0246384534985,
        "max": 0.971873521805,
        "mean": 0.550896048546,
        "median": 0.59317111969,
        "min": 0.00386958452873,
        "var": 0.0341503955424
    },
    "silence_rate_20dB": {
        "dmean": 0,
        "dmean2": 0,
        "dvar": 0,
        "dvar2": 0,
        "max": 1,
        "mean": 1,
        "median": 1,
        "min": 1,
        "var": 0
    },
    "silence_rate_30dB": {
        "dmean": 0.022134244442,
        "dmean2": 0.0442724749446,
        "dvar": 0.0216430965811,
        "dvar2": 0.0516665764153,
        "max": 1,
        "mean": 0.982096254826,
        "median": 1,
        "min": 0,
        "var": 0.0175830684602
    },
    "silence_rate_60dB": {
        "dmean": 0.0448083505034,
        "dmean2": 0.0896247625351,
        "dvar": 0.0428056977689,
        "dvar2": 0.0907859429717,
        "max": 1,
        "mean": 0.125416100025,
        "median": 0,
        "min": 0,
        "var": 0.109697416425
    },
    "spectral_centroid": {
        "dmean": 441.859558105,
        "dmean2": 654.806884766,
        "dvar": 319155.15625,
        "dvar2": 605709.75,
        "max": 11386.1376953,
        "mean": 2104.70385742,
        "median": 2186.75854492,
        "min": 69.7276382446,
        "var": 1298559.375
    },
    "spectral_complexity": {
        "dmean": 5.85513782501,
        "dmean2": 8.86277294159,
        "dvar": 50.5590515137,
        "dvar2": 107.490722656,
        "max": 62,
        "mean": 18.263338089,
        "median": 17,
        "min": 0,
        "var": 162.536956787
    },
    "spectral_decrease": {
        "dmean": 2.50059595253e-09,
        "dmean2": 3.49952800072e-09,
        "dvar": 1.82172798717e-17,
        "dvar2": 2.75463932192e-17,
        "max": 8.16004707381e-14,
        "mean": -6.38398089947e-09,
        "median": -4.13053058423e-09,
        "min": -4.03166815488e-08,
        "var": 4.88805541591e-17
    },
    "spectral_energy": {
        "dmean": 0.0100624598563,
        "dmean2": 0.0141334598884,
        "dvar": 0.000268019910436,
        "dvar2": 0.000409337721067,
        "max": 0.153158172965,
        "mean": 0.0268230699003,
        "median": 0.0189298018813,
        "min": 9.92470928325e-21,
        "var": 0.000726544181816
    },
    "spectral_energyband_high": {
        "dmean": 0.00121341540944,
        "dmean2": 0.00193690182641,
        "dvar": 4.40791927758e-06,
        "dvar2": 1.12676661956e-05,
        "max": 0.0266807582229,
        "mean": 0.00244725681841,
        "median": 0.00164634303655,
        "min": 6.99091452361e-21,
        "var": 7.53424092181e-06
    },
    "spectral_energyband_low": {
        "dmean": 0.00566669041291,
        "dmean2": 0.00779058411717,
        "dvar": 0.000195347049157,
        "dvar2": 0.000293073593639,
        "max": 0.149983599782,
        "mean": 0.0116474973038,
        "median": 0.00450133252889,
        "min": 1.81812433141e-23,
        "var": 0.000476667715702
    },
    "spectral_energyband_middle_high": {
        "dmean": 0.00191533460747,
        "dmean2": 0.00294054322876,
        "dvar": 1.02661697383e-05,
        "dvar2": 2.17804881686e-05,
        "max": 0.0767212510109,
        "mean": 0.00429103942588,
        "median": 0.00265487912111,
        "min": 1.18631432331e-21,
        "var": 3.25083419739e-05
    },
    "spectral_energyband_middle_low": {
        "dmean": 0.00634063314646,
        "dmean2": 0.0100373579189,
        "dvar": 0.000211950085941,
        "dvar2": 0.000476049404824,
        "max": 0.112196788192,
        "mean": 0.00900494214147,
        "median": 0.00310836033896,
        "min": 1.94126766442e-22,
        "var": 0.000285350397462
    },
    "spectral_entropy": {
        "dmean": 0.21133248508,
        "dmean2": 0.30596062541,
        "dvar": 0.0874687805772,
        "dvar2": 0.169694051147,
        "max": 9.81662368774,
        "mean": 7.93168067932,
        "median": 8.12817287445,
        "min": 4.53159141541,
        "var": 0.524104773998
    },
    "spectral_flux": {
        "dmean": 0.0338710583746,
        "dmean2": 0.0504295155406,
        "dvar": 0.00198792736046,
        "dvar2": 0.00373868644238,
        "max": 0.421035438776,
        "mean": 0.0882825404406,
        "median": 0.0682504177094,
        "min": 6.50137443881e-11,
        "var": 0.00481494609267
    },
    "spectral_kurtosis": {
        "dmean": 2.18691849709,
        "dmean2": 3.41407680511,
        "dvar": 101.366981506,
        "dvar2": 216.404525757,
        "max": 347.202880859,
        "mean": 5.51250076294,
        "median": 2.1029343605,
        "min": -1.25509214401,
        "var": 436.968383789
    },
    "spectral_rms": {
        "dmean": 0.000920191290788,
        "dmean2": 0.00130246102344,
        "dvar": 1.62244100466e-06,
        "dvar2": 2.52085146712e-06,
        "max": 0.0122238537297,
        "mean": 0.00450147921219,
        "median": 0.00429745251313,
        "min": 3.11169449582e-12,
        "var": 5.90549552726e-06
    },
    "spectral_rolloff": {
        "dmean": 1264.0748291,
        "dmean2": 2054.54541016,
        "dvar": 3760213.5,
        "dvar2": 7559346,
        "max": 19487.5488281,
        "mean": 3468.65869141,
        "median": 2627.05078125,
        "min": 21.533203125,
        "var": 10814285
    },
    "spectral_skewness": {
        "dmean": 0.242669939995,
        "dmean2": 0.368632167578,
        "dvar": 0.241339832544,
        "dvar2": 0.464147299528,
        "max": 14.9244127274,
        "mean": 1.4301661253,
        "median": 1.19933176041,
        "min": -0.581193566322,
        "var": 1.47366905212
    },
    "spectral_spread": {
        "dmean": 721899.25,
        "dmean2": 1087765.5,
        "dvar": 1.05869128499e+12,
        "dvar2": 2.16732073984e+12,
        "max": 42619008,
        "mean": 6280551,
        "median": 6441958,
        "min": 297395.03125,
        "var": 7.4203749417e+12
    },
    "spectral_strongpeak": {
        "dmean": 0.463570147753,
        "dmean2": 0.733580887318,
        "dvar": 1.06451272964,
        "dvar2": 2.32726788521,
        "max": 23.768737793,
        "mean": 0.787786066532,
        "median": 0.223268389702,
        "min": 0,
        "var": 2.46991539001
    },
    "zerocrossingrate": {
        "dmean": 0.0233309157193,
        "dmean2": 0.0251959357411,
        "dvar": 0.000835040176753,
        "dvar2": 0.000856160011608,
        "max": 0.83837890625,
        "mean": 0.112738624215,
        "median": 0.10107421875,
        "min": 0,
        "var": 0.00738250091672
    },
    "barkbands": {
        "dmean": [0.000644821324386, 0.00468060607091, 0.00203851028346, 0.00191462482326, 0.00382162909955, 0.000652766961139, 0.000426668470027, 0.000328564347001, 0.000433125213021, 0.000229588680668, 0.00019955598691, 0.000276895210845, 0.000394351634895, 0.000288890470983, 0.000325221451931, 0.000313461612677, 0.000280487933196, 0.000254959129961, 0.000216097032535, 0.000242847832851, 0.000253935228102, 0.00023748150852, 0.000274637772236, 0.000235079351114, 0.000156083493493, 0.000117300340207, 3.09201896016e-05],
        "dmean2": [0.000960502715316, 0.00648000044748, 0.00363916275091, 0.0034027157817, 0.00585926603526, 0.00109729892574, 0.000688162283041, 0.000550083583221, 0.000697373528965, 0.000355937721906, 0.000313616910717, 0.000438719056547, 0.000603425723966, 0.000481452647364, 0.000499740126543, 0.000487355457153, 0.000430069834692, 0.000398942996981, 0.000345026113791, 0.0004032428551, 0.000414461508626, 0.000393690104829, 0.000457613437902, 0.000381350575481, 0.000249106466072, 0.000191500512301, 5.00805108459e-05],
        "dvar": [4.61864419776e-06, 0.00016188932932, 6.77782809362e-05, 4.1448729462e-05, 0.000112459551019, 2.82308064925e-06, 2.03613194572e-06, 8.48849253998e-07, 1.16204591905e-06, 7.01037379258e-07, 5.19083698691e-07, 7.74379998347e-07, 2.52902805187e-06, 5.06547621626e-07, 1.09476798116e-06, 8.61396642904e-07, 7.32033186068e-07, 4.49575651373e-07, 2.21789690613e-07, 2.01640602882e-07, 1.83143797017e-07, 1.51027350626e-07, 2.70322459528e-07, 1.90776347608e-07, 8.14867391341e-08, 6.896032545e-08, 3.85762444211e-09],
        "dvar2": [9.34262607188e-06, 0.000280288630165, 0.000191073937458, 0.000117945295642, 0.000206448734389, 7.49347645979e-06, 4.79990740132e-06, 1.93847404262e-06, 2.67199857262e-06, 1.41716407143e-06, 1.03744196167e-06, 1.69657403148e-06, 4.8897918532e-06, 1.23147992781e-06, 2.04939624382e-06, 1.75366108124e-06, 1.26408099277e-06, 9.53832795858e-07, 4.93063794238e-07, 5.00652106439e-07, 4.52261446071e-07, 3.90851511156e-07, 7.26400628537e-07, 4.93269681101e-07, 2.04052440722e-07, 1.81201471605e-07, 9.29168297858e-09],
        "max": [0.10621175915, 0.146188274026, 0.0855231806636, 0.060564674437, 0.10615055263, 0.0544925481081, 0.0621780343354, 0.0337407290936, 0.0271650720388, 0.0474696792662, 0.040189422667, 0.0429867319763, 0.0752748921514, 0.0208683703095, 0.0464798659086, 0.0366683490574, 0.0521322600543, 0.0345954596996, 0.0118263280019, 0.00821400247514, 0.00606623152271, 0.00660232268274, 0.0117522617802, 0.0061497814022, 0.00326377665624, 0.00261946185492, 0.000809333461802],
        "mean": [0.00143070879858, 0.00801232364029, 0.00171424739528, 0.00175569718704, 0.00475252233446, 0.000786953314673, 0.00058503379114, 0.000396944087697, 0.000588073162362, 0.000344921892975, 0.000308707152726, 0.00040903504123, 0.000625041080639, 0.000382300786441, 0.000510032230522, 0.00047342365724, 0.0004214279179, 0.000380317593226, 0.000327356770867, 0.000356794131221, 0.00040860453737, 0.000421386735979, 0.000469421240268, 0.000443663826445, 0.000304111308651, 0.00017591433425, 3.80824385502e-05],
        "median": [0.00031052477425, 0.00272432435304, 0.000241035304498, 0.000269209209364, 0.00070672261063, 0.000216030544834, 0.000134013447678, 0.000113445174065, 0.000129158550408, 7.30249084882e-05, 7.9028402979e-05, 0.000140382762766, 0.00016144986148, 0.00013128266437, 0.000177788984729, 0.000190420993022, 0.000169707811438, 0.000187490019016, 0.000159436080139, 0.000185947516002, 0.000227808879572, 0.000246351235546, 0.000261060369667, 0.000262862653472, 0.000175856766873, 0.000108197615191, 9.72294674284e-06],
        "min": [4.21336427328e-25, 3.46013010147e-24, 1.24988719267e-24, 1.87415365052e-24, 1.36288611364e-23, 1.88431733442e-23, 2.20309413296e-23, 1.68650967358e-23, 1.69083468238e-23, 2.18726658553e-23, 1.06437341627e-23, 3.24929755822e-23, 3.48800118834e-23, 5.83499017684e-23, 5.23405297864e-23, 7.2375305927e-23, 8.62391261285e-23, 1.02076367082e-22, 9.87000992052e-23, 1.91637424347e-22, 2.76466994878e-22, 3.22274872845e-22, 4.13662048443e-22, 6.79017842807e-22, 9.87582666529e-22, 1.33960011986e-21, 1.96688100613e-21],
        "var": [2.80225540337e-05, 0.000288813811494, 4.29618012276e-05, 2.96607704513e-05, 0.000177038178663, 3.56774330612e-06, 4.57474789073e-06, 1.48936567257e-06, 2.24224595513e-06, 1.91596541299e-06, 1.90858804672e-06, 1.84690611604e-06, 5.98497990723e-06, 1.01655132312e-06, 2.66482538791e-06, 1.42075703025e-06, 1.4859242583e-06, 7.69891755681e-07, 3.79082337076e-07, 3.04321133626e-07, 2.95289027008e-07, 2.75090911828e-07, 3.86821710663e-07, 3.33763665594e-07, 1.66608913332e-07, 6.60978471956e-08, 4.31067093132e-09]
    },
    "erbbands": {
        "dmean": [0.174108624458, 1.00014638901, 2.33455371857, 4.33234596252, 13.0989360809, 13.53977108, 5.79877233505, 5.27556037903, 6.05390357971, 6.06167888641, 8.24405956268, 10.6480617523, 7.18741989136, 7.32861089706, 8.02393245697, 12.4731254578, 17.7218494415, 14.1986064911, 13.9248170853, 17.9066791534, 15.637969017, 13.9011001587, 13.6376667023, 11.9860973358, 10.3369598389, 11.1270313263, 11.1479883194, 9.80637359619, 9.12873935699, 8.14043331146, 7.26622724533, 5.27139806747, 4.03040742874, 1.91463685036, 1.08305943012, 0.543790102005, 0.222720831633, 0.0519620105624, 0.00489754788578, 7.95491941972e-05],
        "dmean2": [0.252926468849, 1.43929982185, 4.01574850082, 7.54217910767, 20.4785919189, 22.5287475586, 9.61766815186, 8.82947921753, 9.75930595398, 10.1631040573, 13.282204628, 17.1004676819, 11.0907020569, 11.6801462173, 12.7726020813, 19.2905807495, 26.6341609955, 23.218170166, 22.0754108429, 26.9598617554, 24.1012554169, 21.3052330017, 21.0590839386, 19.1919708252, 16.6357498169, 18.2353096008, 18.239982605, 16.2601261139, 15.1591367722, 13.4229030609, 12.0650377274, 8.53273391724, 6.58354234695, 3.03950500488, 1.76783132553, 0.893527626991, 0.364937126637, 0.0837479233742, 0.00793827977031, 0.000126523911604],
        "dvar": [0.225928753614, 9.04790782928, 80.3192901611, 213.635894775, 1351.2175293, 1654.40234375, 215.885055542, 199.056488037, 465.31137085, 318.972900391, 575.461975098, 746.165466309, 512.666442871, 771.640014648, 545.241882324, 1588.78027344, 4960.75830078, 1401.23901367, 1616.94641113, 2855.6015625, 1055.0378418, 1279.78930664, 1206.45739746, 668.758850098, 541.532592773, 462.914611816, 371.79699707, 288.756896973, 234.894638062, 192.194488525, 176.656097412, 110.756523132, 57.8601493835, 11.5067043304, 4.51243305206, 1.42164433002, 0.252105176449, 0.0112539930269, 9.63368729572e-05, 2.3166407459e-08],
        "dvar2": [0.435704797506, 17.3398323059, 217.316116333, 598.23425293, 2724.48999023, 4173.75, 578.689086914, 518.327209473, 1092.98071289, 783.769897461, 1304.25683594, 1733.94641113, 1143.85192871, 1691.3470459, 1117.28344727, 3177.40600586, 8966.92089844, 3254.70166016, 3381.20898438, 4398.61816406, 2118.79980469, 2273.36669922, 2409.76147461, 1541.87390137, 1240.14294434, 1099.77490234, 923.624389648, 725.670288086, 607.88470459, 495.085662842, 468.09475708, 292.377593994, 148.919326782, 28.1425476074, 11.7466945648, 3.73053622246, 0.663458943367, 0.0282936152071, 0.000229178884183, 5.56787504991e-08],
        "max": [6.02260160446, 33.5464897156, 92.6395950317, 133.283111572, 367.116607666, 463.203308105, 465.984100342, 507.865112305, 1018.2746582, 1014.20703125, 921.140625, 546.203186035, 766.41229248, 1701.94335938, 1202.60400391, 2051.40576172, 3508.83325195, 1481.69055176, 2840.76269531, 3081.20629883, 1466.81213379, 1927.11486816, 1455.54528809, 742.147338867, 760.981262207, 519.722961426, 355.881896973, 277.488555908, 302.360809326, 185.158615112, 338.231628418, 229.508148193, 103.629096985, 52.0403251648, 24.6553077698, 11.5360717773, 4.90831708908, 0.977326095104, 0.12309063226, 0.00169242545962],
        "mean": [0.328072756529, 1.38295555115, 2.19836330414, 4.07516670227, 13.7545099258, 15.365029335, 7.07817554474, 6.52379083633, 8.45105552673, 7.38803958893, 10.8794412613, 14.4793167114, 11.3075885773, 10.6407413483, 12.8603229523, 20.4250469208, 28.672246933, 20.4230823517, 20.9814243317, 31.2720146179, 26.3042850494, 22.1046924591, 21.3479671478, 18.1843509674, 16.0971641541, 16.9290866852, 16.9051017761, 15.7177705765, 15.3867607117, 14.6345729828, 12.6876935959, 9.62574005127, 7.27428293228, 3.84254002571, 1.93163239956, 0.838206827641, 0.317795813084, 0.0743793919683, 0.00610515428707, 0.000132940811454],
        "median": [0.105056725442, 0.325030446053, 0.404343426228, 0.804047763348, 1.60701930523, 2.34611678123, 2.10440325737, 1.80590772629, 1.82122921944, 2.26981735229, 3.20853233337, 3.27719688416, 2.6463201046, 3.04410886765, 4.75018501282, 6.73738861084, 8.00123786926, 7.62204933167, 8.82574558258, 11.6219062805, 11.8494167328, 10.7224473953, 11.0012111664, 9.63414669037, 8.19963550568, 8.86358833313, 9.10681533813, 8.85691642761, 8.65056610107, 8.74869537354, 7.25414466858, 5.40044260025, 4.14266681671, 2.16448974609, 1.09501099586, 0.494624853134, 0.194858059287, 0.0420110709965, 0.00158775562886, 8.2392776676e-05],
        "min": [1.58869013247e-22, 5.55754956352e-22, 2.47921397855e-21, 4.00040861661e-21, 1.57101324643e-20, 2.26433503324e-20, 5.13603906347e-20, 1.96353510094e-19, 3.56671155297e-19, 3.40993265105e-19, 2.69080121354e-19, 3.7086464403e-19, 5.20761997788e-19, 8.47314498855e-19, 1.32026483685e-18, 1.66136589393e-18, 1.78721656444e-18, 2.31158496631e-18, 2.91393168451e-18, 3.12820641154e-18, 5.07210359851e-18, 6.075565085e-18, 5.57173350979e-18, 7.30417768959e-18, 6.07055485203e-18, 9.23929642231e-18, 1.11096593208e-17, 1.10968189961e-17, 1.08901297221e-17, 1.41334478285e-17, 1.22012639326e-17, 1.27701805599e-17, 1.15098956232e-17, 8.1633255241e-18, 6.29085951893e-18, 3.96708625309e-18, 2.19013479325e-18, 1.1043481563e-18, 2.33929081224e-19, 2.80611426221e-20],
        "var": [0.473057329655, 12.4497776031, 56.964427948, 145.795761108, 1701.3079834, 1813.14355469, 253.600631714, 280.917510986, 1108.12255859, 480.18145752, 1053.67456055, 1392.17773438, 1587.04333496, 1662.41796875, 1813.89929199, 4540.87353516, 12454.5410156, 3386.82104492, 3477.48730469, 11501.8525391, 3137.45361328, 2528.46557617, 2286.26489258, 1151.5793457, 843.202270508, 762.618347168, 542.244689941, 435.262207031, 393.039550781, 333.995574951, 273.675201416, 170.62361145, 97.5147781372, 26.1220302582, 7.37781572342, 1.48169839382, 0.230844840407, 0.012076777406, 0.000110068191134, 2.7528997748e-08]
    },
    "gfcc": {
        "mean": [-18.3502159119, 27.2798213959, -103.201965332, 35.8807640076, -50.2058410645, 22.133939743, -36.9515228271, 8.56295681, -20.6812210083, 7.49866724014, -17.1803264618, 5.0076675415, -11.3188991547],
        "cov": [[22476.4042969, -124.618141174, 502.583007812, 1096.3692627, -231.885391235, 598.613525391, -700.184204102, 118.45488739, -544.273193359, 216.154159546, -276.130249023, 338.862182617, -335.860321045], [-124.618141174, 5028.85791016, 1043.33666992, 210.48538208, 369.881835938, -578.576660156, -83.5363464355, -484.882263184, 69.2423934937, -268.703399658, 207.21182251, -222.950531006, 129.625839233], [502.583007812, 1043.33666992, 2102.40917969, 619.555908203, 396.008422852, 109.025611877, -19.891658783, -21.3022575378, 71.0591125488, 45.1087112427, 16.04164505, -9.33640575409, -61.039730072], [1096.3692627, 210.48538208, 619.555908203, 768.75769043, 264.184753418, 206.291641235, -34.725025177, -40.3080177307, -22.3720474243, 29.844669342, 21.6408195496, 22.6764507294, -15.298116684], [-231.885391235, 369.881835938, 396.008422852, 264.184753418, 411.069366455, 168.052230835, 92.9615631104, -9.94541454315, 75.7548065186, 39.9353179932, 83.9740829468, 10.0274524689, 24.1679077148], [598.613525391, -578.576660156, 109.025611877, 206.291641235, 168.052230835, 445.363311768, 139.285202026, 136.942214966, 26.3740444183, 100.548950195, 34.0519104004, 77.7426071167, -3.08063530922], [-700.184204102, -83.5363464355, -19.891658783, -34.725025177, 92.9615631104, 139.285202026, 267.86126709, 138.080184937, 98.8165588379, 22.9753322601, 42.7366294861, 11.6505355835, 39.0753669739], [118.45488739, -484.882263184, -21.3022575378, -40.3080177307, -9.94541454315, 136.942214966, 138.080184937, 292.008331299, 124.525253296, 93.2793197632, -17.1175785065, 50.6900482178, -0.646756291389], [-544.273193359, 69.2423934937, 71.0591125488, -22.3720474243, 75.7548065186, 26.3740444183, 98.8165588379, 124.525253296, 230.023757935, 102.229438782, 57.9847450256, -3.33187580109, 28.4951267242], [216.154159546, -268.703399658, 45.1087112427, 29.844669342, 39.9353179932, 100.548950195, 22.9753322601, 93.2793197632, 102.229438782, 204.340240479, 82.0542526245, 40.6155357361, -24.2152824402], [-276.130249023, 207.21182251, 16.04164505, 21.6408195496, 83.9740829468, 34.0519104004, 42.7366294861, -17.1175785065, 57.9847450256, 82.0542526245, 179.424255371, 68.3410263062, 29.0516376495], [338.862182617, -222.950531006, -9.33640575409, 22.6764507294, 10.0274524689, 77.7426071167, 11.6505355835, 50.6900482178, -3.33187580109, 40.6155357361, 68.3410263062, 143.581558228, 42.551574707], [-335.860321045, 129.625839233, -61.039730072, -15.298116684, 24.1679077148, -3.08063530922, 39.0753669739, -0.646756291389, 28.4951267242, -24.2152824402, 29.0516376495, 42.551574707, 104.68901062]],
        "icov": [[7.46687728679e-05, -7.66434968682e-05, 4.26454280387e-05, -8.57923514559e-05, 7.98547189333e-05, -0.000155330300913, 0.000167458420037, -8.73633180163e-05, 0.00011098588584, -0.000165963632753, 0.000283810775727, -0.000343692372553, 0.000253068486927], [-7.66434968682e-05, 0.000531755620614, -0.000256955187069, 6.06045759923e-05, -0.000306156754959, 0.000627450936008, -7.98322216724e-05, 0.00017408018175, -0.000179817085154, 0.000766517361626, -0.00128779909573, 0.00125084863976, -0.000850055832416], [4.26454280387e-05, -0.000256955187069, 0.000854441139381, -0.000503786082845, -0.000407865765737, -1.66854733834e-05, 4.56509478681e-05, -3.07854061248e-05, -0.000245483592153, -0.000337843055604, 0.000971161120106, -0.00101449992508, 0.00108750490472], [-8.57923514559e-05, 6.06045759923e-05, -0.000503786082845, 0.00239450740628, -0.000958205957431, -0.0008564600721, 0.00076087040361, 0.000169905382791, 0.000207810342545, 0.000221203736146, -0.000284292938886, 0.000526738294866, -0.00052165100351], [7.98547189333e-05, -0.000306156754959, -0.000407865765737, -0.000958205957431, 0.005171331577, -0.00194496987388, -0.000857829116285, 0.00125156692229, -0.001344071934, 0.000163364442415, -0.000759638962336, 9.09818336368e-05, -8.8249129476e-05], [-0.000155330300913, 0.000627450936008, -1.66854733834e-05, -0.0008564600721, -0.00194496987388, 0.00575439725071, -0.00268119527027, -0.000613234064076, 0.00150229677092, -0.00141571974382, -5.08350531163e-05, -0.000520742789377, -0.000305415393086], [0.000167458420037, -7.98322216724e-05, 4.56509478681e-05, 0.00076087040361, -0.000857829116285, -0.00268119527027, 0.00892978999764, -0.00463043386117, -0.000364591600373, 0.00290394085459, -0.00351610174403, 0.00323240971193, -0.00203580944799], [-8.73633180163e-05, 0.00017408018175, -3.07854061248e-05, 0.000169905382791, 0.00125156692229, -0.000613234064076, -0.00463043386117, 0.0104689085856, -0.00509635359049, -0.00219920254312, 0.00563640939072, -0.00557013601065, 0.00257544545457], [0.00011098588584, -0.000179817085154, -0.000245483592153, 0.000207810342545, -0.001344071934, 0.00150229677092, -0.000364591600373, -0.00509635359049, 0.011082184501, -0.00448497850448, -0.00217273226008, 0.00435213325545, -0.00429482059553], [-0.000165963632753, 0.000766517361626, -0.000337843055604, 0.000221203736146, 0.000163364442415, -0.00141571974382, 0.00290394085459, -0.00219920254312, -0.00448497850448, 0.0125548215583, -0.00726288277656, 0.00186377891805, 0.00255964952521], [0.000283810775727, -0.00128779909573, 0.000971161120106, -0.000284292938886, -0.000759638962336, -5.08350531163e-05, -0.00351610174403, 0.00563640939072, -0.00217273226008, -0.00726288277656, 0.0169495530427, -0.0112342853099, 0.00332496711053], [-0.000343692372553, 0.00125084863976, -0.00101449992508, 0.000526738294866, 9.09818336368e-05, -0.000520742789377, 0.00323240971193, -0.00557013601065, 0.00435213325545, 0.00186377891805, -0.0112342853099, 0.0194259099662, -0.00997493509203], [0.000253068486927, -0.000850055832416, 0.00108750490472, -0.00052165100351, -8.8249129476e-05, -0.000305415393086, -0.00203580944799, 0.00257544545457, -0.00429482059553, 0.00255964952521, 0.00332496711053, -0.00997493509203, 0.0176542960107]]
    },
    "melbands": {
        "dmean": [0.00139994011261, 0.00118525850121, 0.000989177729934, 0.0010036744643, 0.00025788412313, 0.000120105018141, 9.02865867829e-05, 6.5078616899e-05, 7.22840850358e-05, 6.38795318082e-05, 3.53498726327e-05, 2.96697671729e-05, 2.75901365967e-05, 3.08637172566e-05, 4.32832057413e-05, 3.2557760278e-05, 2.73510631814e-05, 2.32963975577e-05, 2.34200106206e-05, 2.40780245804e-05, 1.88941685337e-05, 1.54516656039e-05, 1.36237958941e-05, 1.33037174237e-05, 9.91757679003e-06, 8.75724163052e-06, 7.71342547523e-06, 7.6857595559e-06, 7.95384676167e-06, 6.23680625722e-06, 6.06426237937e-06, 5.46726323591e-06, 4.68055895908e-06, 5.19859759152e-06, 4.56658926851e-06, 3.86660849472e-06, 3.17199760502e-06, 3.16638556797e-06, 2.2300685032e-06, 1.53857172336e-06],
        "dmean2": [0.00196501216851, 0.00182263471652, 0.00166706799064, 0.00154765835032, 0.000431827211287, 0.000200794034754, 0.000145919868373, 0.000109644293843, 0.000115481503599, 0.000102928293927, 5.4598247516e-05, 4.7442932555e-05, 4.33046516264e-05, 4.92621693411e-05, 6.57316704746e-05, 5.0199458201e-05, 4.537906716e-05, 3.74231494789e-05, 3.61680395145e-05, 3.61773054465e-05, 2.93912471534e-05, 2.39533928834e-05, 2.05863016163e-05, 2.10697726288e-05, 1.6033056454e-05, 1.39868670885e-05, 1.27382418214e-05, 1.26393206301e-05, 1.31509859784e-05, 1.0324073628e-05, 1.01391060525e-05, 9.13467101782e-06, 7.77048535383e-06, 8.65252059157e-06, 7.62685158406e-06, 6.40748112346e-06, 5.17115631737e-06, 5.24566667082e-06, 3.59848422704e-06, 2.4613975711e-06],
        "dvar": [1.39039884743e-05, 1.54093686433e-05, 8.20572404336e-06, 8.31014949654e-06, 4.18001889102e-07, 9.94581625946e-08, 9.76419940457e-08, 3.32453815588e-08, 4.22718677839e-08, 2.62514721072e-08, 1.35235751486e-08, 1.38271243344e-08, 9.7691517098e-09, 1.07981987796e-08, 3.29324265635e-08, 9.91290161068e-09, 5.58347901247e-09, 4.18882883935e-09, 4.62737270723e-09, 5.21067411441e-09, 1.79473269579e-09, 1.52689860755e-09, 2.52721243932e-09, 1.94123206398e-09, 4.86510109976e-10, 4.80933848301e-10, 2.38885966564e-10, 2.41277747781e-10, 2.20510276705e-10, 1.25189372757e-10, 1.11460035646e-10, 8.23444923359e-11, 7.24166213106e-11, 8.26568882784e-11, 6.4970910596e-11, 6.15055575914e-11, 4.01309228903e-11, 3.85503851064e-11, 1.58956302981e-11, 7.45628038479e-12],
        "dvar2": [2.47979878623e-05, 3.61583952326e-05, 2.21063492063e-05, 1.61846855917e-05, 1.12125326268e-06, 2.58755790128e-07, 2.29810993346e-07, 8.21937291562e-08, 9.71506324277e-08, 6.16618436311e-08, 3.02023117627e-08, 2.97585991405e-08, 1.86059736507e-08, 2.42202382594e-08, 6.75441000908e-08, 1.77811276814e-08, 1.31839366091e-08, 9.02353303189e-09, 7.76236408484e-09, 8.8204812343e-09, 3.65578611827e-09, 2.92917889944e-09, 3.88111143224e-09, 4.03873645638e-09, 1.12419507037e-09, 1.05937425499e-09, 5.84927661862e-10, 5.65048174916e-10, 5.48329659456e-10, 3.20714760305e-10, 2.80368533945e-10, 2.10780129462e-10, 1.88800544643e-10, 2.17919751688e-10, 1.70670810817e-10, 1.69050981547e-10, 1.04971774328e-10, 1.0165662756e-10, 3.93041918456e-11, 1.84512717605e-11],
        "max": [0.0398106537759, 0.0393606945872, 0.025071086362, 0.0296717155725, 0.0163894891739, 0.0111269839108, 0.0146666094661, 0.00972255226225, 0.00683721434325, 0.00322097097524, 0.00384436175227, 0.00762785086408, 0.00588589347899, 0.00642477022484, 0.00765857938677, 0.00410134345293, 0.00255934358574, 0.00422251643613, 0.00389733724296, 0.00342264864594, 0.00175860035233, 0.00200295890681, 0.00365312653594, 0.00269529572688, 0.00078179303091, 0.000710535794497, 0.000515283783898, 0.000416231312556, 0.000349849782651, 0.00019921643252, 0.000162486874615, 0.00027311508893, 0.000214433923247, 0.000123032397823, 0.000190403778106, 0.000212501719943, 0.00011220289889, 7.65154400142e-05, 6.47951528663e-05, 4.46545091108e-05],
        "mean": [0.00256382045336, 0.00140849221498, 0.000961435493082, 0.00119803799316, 0.000305883120745, 0.000149682105985, 0.000124848214909, 7.82667339081e-05, 9.55558716669e-05, 8.5668216343e-05, 5.43701244169e-05, 4.18554045609e-05, 4.42529417342e-05, 4.4507363782e-05, 6.87563224346e-05, 5.08711927978e-05, 3.65778978448e-05, 3.24483044096e-05, 3.67995162378e-05, 3.86335668736e-05, 3.01964846585e-05, 2.32143302128e-05, 2.02614210139e-05, 1.90322170965e-05, 1.40729962368e-05, 1.24669040815e-05, 1.11630506581e-05, 1.09700304165e-05, 1.08986923806e-05, 9.37633558351e-06, 9.10404469323e-06, 8.64881440066e-06, 8.06725893199e-06, 8.49433854455e-06, 7.48601041778e-06, 6.5940512286e-06, 5.49870628674e-06, 5.21949959875e-06, 4.28563680543e-06, 2.89485228677e-06],
        "median": [0.000878081831615, 0.00030079233693, 0.000172604573891, 0.000158758295584, 8.37879561004e-05, 4.06320323236e-05, 2.75229904219e-05, 2.38116517721e-05, 2.55692884821e-05, 1.83441934496e-05, 1.1328463188e-05, 1.09958036774e-05, 1.27359471662e-05, 1.55433699547e-05, 1.68145143107e-05, 1.54020290211e-05, 1.17837107609e-05, 1.21482116811e-05, 1.3322382074e-05, 1.40111478686e-05, 1.16210976557e-05, 9.77821491688e-06, 8.79869548953e-06, 8.64910634846e-06, 6.69288237987e-06, 5.62353307032e-06, 5.70171869185e-06, 5.37342020834e-06, 5.34857554157e-06, 4.96873826705e-06, 4.92204571856e-06, 4.84645806864e-06, 4.2694464355e-06, 4.76000423077e-06, 4.15736849391e-06, 3.5797372675e-06, 2.93569223686e-06, 2.83525719169e-06, 2.38053871726e-06, 1.58213777013e-06],
        "min": [1.79904225943e-24, 1.95680102984e-24, 6.60275049252e-25, 3.05492459776e-24, 1.965071842e-24, 4.38787746324e-24, 5.73398221773e-24, 4.16561235332e-24, 1.78954910729e-24, 2.81634544989e-24, 2.41862505287e-24, 3.38721056041e-24, 2.44221120508e-24, 3.24530789419e-24, 4.88860889498e-24, 2.77729427128e-24, 2.70175216214e-24, 3.80342895679e-24, 4.31139345417e-24, 3.88316898924e-24, 5.59955558631e-24, 5.40374847672e-24, 4.97725635034e-24, 3.88814315168e-24, 5.76569324283e-24, 2.95829387003e-24, 5.15857011295e-24, 6.44157546135e-24, 5.03912947215e-24, 6.68228216709e-24, 5.24767392435e-24, 4.61934029688e-24, 7.77163991263e-24, 7.01776262197e-24, 5.58353224361e-24, 7.06596833417e-24, 7.16712712349e-24, 8.01865040585e-24, 6.9320371074e-24, 6.8045816398e-24],
        "var": [2.77805211226e-05, 1.57313988893e-05, 6.44113470116e-06, 1.2240826436e-05, 4.6110667995e-07, 1.45520786532e-07, 2.2844253067e-07, 4.83354369862e-08, 7.39301384556e-08, 4.74881964863e-08, 4.05558111538e-08, 2.98307938351e-08, 3.86566902932e-08, 2.43520776877e-08, 7.22157054156e-08, 2.62011408125e-08, 1.23712018407e-08, 8.53484571905e-09, 1.27281891693e-08, 1.38172318032e-08, 5.21622034455e-09, 3.0595448397e-09, 4.95281637924e-09, 3.11793080243e-09, 8.20563283987e-10, 6.95369872794e-10, 3.53983509171e-10, 3.77825243314e-10, 2.79546441551e-10, 1.83426010492e-10, 1.62105689983e-10, 1.33746111408e-10, 1.20984874896e-10, 1.26877092166e-10, 9.93625737244e-11, 8.28671922748e-11, 5.99885419117e-11, 5.45072806335e-11, 3.54653251211e-11, 1.557426757e-11]
    },
    "mfcc": {
        "mean": [-661.809265137, 65.1661376953, 7.57593917847, 18.5958957672, 11.281870842, 13.5051622391, 0.459694415331, 3.81883406639, 1.58503854275, 3.02183008194, 0.641189992428, 2.07959127426, -0.0987726226449],
        "cov": [[13519.2460938, -345.899719238, 331.071166992, 421.571716309, 336.502105713, 333.750183105, 67.5600204468, 35.9203872681, -195.791213989, -176.502166748, -70.2830734253, 83.8158187866, -2.80813694], [-345.899719238, 3981.75195312, 757.364746094, 523.178833008, 285.528594971, -62.0093650818, -123.149604797, -191.118408203, -149.704162598, -160.003463745, -90.0821838379, -22.3449554443, 32.2578353882], [331.071166992, 757.364746094, 1322.85266113, 492.306854248, 422.379669189, 174.65826416, 46.0252037048, 29.77709198, 28.0455780029, 46.5895080566, 17.0504283905, 41.2153434753, 19.3617744446], [421.571716309, 523.178833008, 492.306854248, 561.774414062, 292.889221191, 145.891296387, 24.0510120392, -12.0747776031, -31.0908622742, 9.44599342346, -14.8917655945, -9.85806179047, 9.88001441956], [336.502105713, 285.528594971, 422.379669189, 292.889221191, 420.242248535, 230.261611938, 80.4808120728, 28.0676574707, -0.424264550209, 34.5920753479, 27.7972564697, 41.3331108093, 59.6178016663], [333.750183105, -62.0093650818, 174.65826416, 145.891296387, 230.261611938, 321.672607422, 156.175384521, 58.0496406555, 6.75029325485, 39.4300498962, 30.3854999542, 24.4457054138, 40.0763015747], [67.5600204468, -123.149604797, 46.0252037048, 24.0510120392, 80.4808120728, 156.175384521, 214.596237183, 113.601478577, 40.2307434082, 35.8159980774, 32.6410598755, 23.0838871002, 24.6240673065], [35.9203872681, -191.118408203, 29.77709198, -12.0747776031, 28.0676574707, 58.0496406555, 113.601478577, 201.421478271, 115.604766846, 40.6322822571, 23.2492027283, 24.1006240845, 17.6137733459], [-195.791213989, -149.704162598, 28.0455780029, -31.0908622742, -0.424264550209, 6.75029325485, 40.2307434082, 115.604766846, 191.54838562, 118.909255981, 49.7185707092, 23.1273727417, 4.7496676445], [-176.502166748, -160.003463745, 46.5895080566, 9.44599342346, 34.5920753479, 39.4300498962, 35.8159980774, 40.6322822571, 118.909255981, 185.778717041, 99.7630157471, 47.4444046021, 25.1844272614], [-70.2830734253, -90.0821838379, 17.0504283905, -14.8917655945, 27.7972564697, 30.3854999542, 32.6410598755, 23.2492027283, 49.7185707092, 99.7630157471, 141.911437988, 96.3323974609, 45.1807365417], [83.8158187866, -22.3449554443, 41.2153434753, -9.85806179047, 41.3331108093, 24.4457054138, 23.0838871002, 24.1006240845, 23.1273727417, 47.4444046021, 96.3323974609, 171.849853516, 94.0592803955], [-2.80813694, 32.2578353882, 19.3617744446, 9.88001441956, 59.6178016663, 40.0763015747, 24.6240673065, 17.6137733459, 4.7496676445, 25.1844272614, 45.1807365417, 94.0592803955, 137.583908081]],
