{
"lowlevel": {
    "average_loudness": 0.897892713547,
    "barkbands_crest": {
        "dmean": 2.47504639626,
        "dmean2": 3.79466080666,
        "dvar": 7.91071224213,
        "dvar2": 17.9084682465,
        "max": 26.7904052734,
        "mean": 13.379160881,
        "median": 13.7498989105,
        "min": 2.24282097816,
        "var": 25.1609554291
    },
    "barkbands_flatness_db": {
        "dmean": 0.027393065393,
        "dmean2": 0.0388892069459,
        "dvar": 0.00166252162308,
        "dvar2": 0.00316019682214,
        "max": 0.61573690176,
        "mean": 0.132873207331,
        "median": 0.105422280729,
        "min": 0.0120119284838,
        "var": 0.00689892424271
    },
    "barkbands_kurtosis": {
        "dmean": 15.3333892822,
        "dmean2": 23.1702232361,
        "dvar": 17168.1386719,
        "dvar2": 44630.8164062,
        "max": 5882.33105469,
        "mean": 14.3842811584,
        "median": 1.09280443192,
        "min": -1.78033828735,
        "var": 13855.6708984
    },
    "barkbands_skewness": {
        "dmean": 0.831601560116,
        "dmean2": 1.18392157555,
        "dvar": 4.65710115433,
        "dvar2": 9.81195354462,
        "max": 65.2378463745,
        "mean": 1.88189017773,
        "median": 1.44627845287,
        "min": -2.0860145092,
        "var": 8.12797546387
    },
    "barkbands_spread": {
        "dmean": 7.06840991974,
        "dmean2": 10.8284568787,
        "dvar": 76.0958938599,
        "dvar2": 176.380477905,
        "max": 102.636016846,
        "mean": 34.0659141541,
        "median": 35.5851097107,
        "min": 0.0502125546336,
        "var": 349.953918457
    },
    "dissonance": {
        "dmean": 0.0165986660868,
        "dmean2": 0.0282585974783,
        "dvar": 0.000399253884098,
        "dvar2": 0.00114460173063,
        "max": 0.500000059605,
        "mean": 0.470628172159,
        "median": 0.480400323868,
        "min": 0.252866268158,
        "var": 0.000929822854232
    },
    "dynamic_complexity": 3.02715969086,
    "erbbands_crest": {
        "dmean": 2.91558408737,
        "dmean2": 4.63736391068,
        "dvar": 9.2153968811,
        "dvar2": 22.3551502228,
        "max": 31.4533290863,
        "mean": 9.16585636139,
        "median": 7.59683418274,
        "min": 2.36408782005,
        "var": 27.3454093933
    },
    "erbbands_flatness_db": {
        "dmean": 0.0156458150595,
        "dmean2": 0.0235499478877,
        "dvar": 0.000429039413575,
        "dvar2": 0.000905732740648,
        "max": 0.445178627968,
        "mean": 0.136153280735,
        "median": 0.106058746576,
        "min": 0.0269150752574,
        "var": 0.00562759535387
    },
    "erbbands_kurtosis": {
        "dmean": 1.31556963921,
        "dmean2": 2.16970610619,
        "dvar": 40.3935508728,
        "dvar2": 101.508071899,
        "max": 167.526489258,
        "mean": 0.613953888416,
        "median": -0.30039691925,
        "min": -1.82865524292,
        "var": 33.2336730957
    },
    "erbbands_skewness": {
        "dmean": 0.414351314306,
        "dmean2": 0.652176320553,
        "dvar": 0.491192936897,
        "dvar2": 1.12872564793,
        "max": 12.1973934174,
        "mean": 0.245276749134,
        "median": 0.179379507899,
        "min": -2.23158240318,
        "var": 0.73818230629
    },
    "erbbands_spread": {
        "dmean": 10.657330513,
        "dmean2": 16.0689430237,
        "dvar": 263.469421387,
        "dvar2": 582.104614258,
        "max": 197.278610229,
        "mean": 45.6990242004,
        "median": 44.1616630554,
        "min": 1.71815443039,
        "var": 617.822570801
    },
    "hfc": {
        "dmean": 10.7280635834,
        "dmean2": 16.3342685699,
        "dvar": 202.163208008,
        "dvar2": 516.435119629,
        "max": 180.412002563,
        "mean": 48.5852050781,
        "median": 50.0415840149,
        "min": 1.25258491086e-16,
        "var": 1261.59191895
    },
    "melbands_crest": {
        "dmean": 3.49975514412,
        "dmean2": 5.62217378616,
        "dvar": 17.646396637,
        "dvar2": 43.0489120483,
        "max": 39.7443237305,
        "mean": 21.6621627808,
        "median": 24.1242427826,
        "min": 1.00125861168,
        "var": 63.646484375
    },
    "melbands_flatness_db": {
        "dmean": 0.0341514199972,
        "dmean2": 0.0484420396388,
        "dvar": 0.00244736904278,
        "dvar2": 0.00482209399343,
        "max": 0.786902785301,
        "mean": 0.203472584486,
        "median": 0.182198941708,
        "min": 1.20801288972e-07,
        "var": 0.00866656471044
    },
    "melbands_kurtosis": {
        "dmean": 30.2379951477,
        "dmean2": 44.6474342346,
        "dvar": 44235.34375,
        "dvar2": 83431.8203125,
        "max": 13717.1748047,
        "mean": 40.3153877258,
        "median": 10.8739595413,
        "min": -1.61989116669,
        "var": 62074.8125
    },
    "melbands_skewness": {
        "dmean": 1.19599604607,
        "dmean2": 1.70066392422,
        "dvar": 5.30121088028,
        "dvar2": 8.8887834549,
        "max": 99.9824295044,
        "mean": 3.5392100811,
        "median": 3.02304697037,
        "min": -1.83238840103,
        "var": 13.6573762894
    },
    "melbands_spread": {
        "dmean": 8.10298061371,
        "dmean2": 12.5780477524,
        "dvar": 138.610595703,
        "dvar2": 322.063446045,
        "max": 150.624069214,
        "mean": 26.3122348785,
        "median": 24.0831737518,
        "min": 0.0292596183717,
        "var": 274.014160156
    },
    "pitch_salience": {
        "dmean": 0.0851140022278,
        "dmean2": 0.13414862752,
        "dvar": 0.0102926297113,
        "dvar2": 0.0247861724347,
        "max": 0.997659742832,
        "mean": 0.442420333624,
        "median": 0.435938805342,
        "min": 0.00339195947163,
        "var": 0.022891882807
    },
    "silence_rate_20dB": {
        "dmean": 0,
        "dmean2": 0,
        "dvar": 0,
        "dvar2": 0,
        "max": 1,
        "mean": 1,
        "median": 1,
        "min": 1,
        "var": 0
    },
    "silence_rate_30dB": {
        "dmean": 0.040840536356,
        "dmean2": 0.0816879943013,
        "dvar": 0.0391753353179,
        "dvar2": 0.0856860801578,
        "max": 1,
        "mean": 0.954248905182,
        "median": 1,
        "min": 0,
        "var": 0.0436613894999
    },
    "silence_rate_60dB": {
        "dmean": 0.0103372307494,
        "dmean2": 0.0206762142479,
        "dvar": 0.0102303177118,
        "dvar2": 0.0244853999466,
        "max": 1,
        "mean": 0.0463441498578,
        "median": 0,
        "min": 0,
        "var": 0.0441980622709
    },
    "spectral_centroid": {
        "dmean": 290.478240967,
        "dmean2": 447.830596924,
        "dvar": 148839.390625,
        "dvar2": 318485.75,
        "max": 11162.9638672,
        "mean": 1851.8182373,
        "median": 1975.35546875,
        "min": 78.5149307251,
        "var": 615729.375
    },
    "spectral_complexity": {
        "dmean": 5.07168292999,
        "dmean2": 8.01593112946,
        "dvar": 37.9283866882,
        "dvar2": 89.115234375,
        "max": 67,
        "mean": 27.3323726654,
        "median": 30,
        "min": 0,
        "var": 202.862838745
    },
    "spectral_decrease": {
        "dmean": 3.18325610316e-09,
        "dmean2": 4.53954385193e-09,
        "dvar": 2.6672531496e-17,
        "dvar2": 5.62858555058e-17,
        "max": 1.1553286606e-28,
        "mean": -1.28246400166e-08,
        "median": -1.45468543877e-08,
        "min": -6.09730719248e-08,
        "var": 7.69887634873e-17
    },
    "spectral_energy": {
        "dmean": 0.0121837127954,
        "dmean2": 0.0172990467399,
        "dvar": 0.000369956571376,
        "dvar2": 0.000775297405198,
        "max": 0.232608214021,
        "mean": 0.0528099089861,
        "median": 0.0601930506527,
        "min": 1.09252545122e-20,
        "var": 0.00120340567082
    },
    "spectral_energyband_high": {
        "dmean": 0.00106216594577,
        "dmean2": 0.00162880634889,
        "dvar": 2.15165050577e-06,
        "dvar2": 5.31632940692e-06,
        "max": 0.0168027319014,
        "mean": 0.00381020037457,
        "median": 0.0035442057997,
        "min": 8.23878029334e-21,
        "var": 1.15049642773e-05
    },
    "spectral_energyband_low": {
        "dmean": 0.010856824927,
        "dmean2": 0.0159252081066,
        "dvar": 0.000484705728013,
        "dvar2": 0.00110034423415,
        "max": 0.231465190649,
        "mean": 0.0322425551713,
        "median": 0.0369542166591,
        "min": 1.3628862083e-22,
        "var": 0.000940779864322
    },
    "spectral_energyband_middle_high": {
        "dmean": 0.00249063153751,
        "dmean2": 0.00384729844518,
        "dvar": 9.27625842451e-06,
        "dvar2": 2.30981149798e-05,
        "max": 0.0411850102246,
        "mean": 0.00777160283178,
        "median": 0.00696429004893,
        "min": 1.32295937043e-21,
        "var": 3.58801953553e-05
    },
    "spectral_energyband_middle_low": {
        "dmean": 0.0054066372104,
        "dmean2": 0.00845380593091,
        "dvar": 0.000132160625071,
        "dvar2": 0.000313196273055,
        "max": 0.137290641665,
        "mean": 0.0102255046368,
        "median": 0.00615820335224,
        "min": 2.27726498097e-22,
        "var": 0.000186687568203
    },
    "spectral_entropy": {
        "dmean": 0.171170651913,
        "dmean2": 0.260161042213,
        "dvar": 0.0909503474832,
        "dvar2": 0.203427270055,
        "max": 9.80993175507,
        "mean": 7.90634393692,
        "median": 8.16674423218,
        "min": 4.3414773941,
        "var": 0.425358295441
    },
    "spectral_flux": {
        "dmean": 0.0299116242677,
        "dmean2": 0.044164519757,
        "dvar": 0.00184860592708,
        "dvar2": 0.00341079966165,
        "max": 0.46598854661,
        "mean": 0.102868065238,
        "median": 0.0878897234797,
        "min": 1.04523945055e-10,
        "var": 0.00528397085145
    },
    "spectral_kurtosis": {
        "dmean": 1.81233417988,
        "dmean2": 3.08944511414,
        "dvar": 35.0563087463,
        "dvar2": 102.930549622,
        "max": 174.686309814,
        "mean": 5.0858707428,
        "median": 2.21521615982,
        "min": -1.22989368439,
        "var": 162.780853271
    },
    "spectral_rms": {
        "dmean": 0.000792766164523,
        "dmean2": 0.0011053258786,
        "dvar": 1.0975263649e-06,
        "dvar2": 2.15583463614e-06,
        "max": 0.0150643568486,
        "mean": 0.00664219865575,
        "median": 0.00766321923584,
        "min": 3.26477950577e-12,
        "var": 7.40321274861e-06
    },
    "spectral_rolloff": {
        "dmean": 776.558898926,
        "dmean2": 1224.29333496,
        "dvar": 1495624.25,
        "dvar2": 3138672.75,
        "max": 18626.2207031,
        "mean": 1867.31359863,
        "median": 1270.45898438,
        "min": 43.06640625,
        "var": 3267569.75
    },
    "spectral_skewness": {
        "dmean": 0.207612290978,
        "dmean2": 0.3406239748,
        "dvar": 0.133558556437,
        "dvar2": 0.379003852606,
        "max": 10.6561326981,
        "mean": 1.49577653408,
        "median": 1.26897668839,
        "min": -0.0303181298077,
        "var": 0.740800976753
    },
    "spectral_spread": {
        "dmean": 578850.25,
        "dmean2": 841927.5625,
        "dvar": 640836501504,
        "dvar2": 1.0887912489e+12,
        "max": 41381584,
        "mean": 6060585.5,
        "median": 6487600,
        "min": 425075.71875,
        "var": 4.58489384141e+12
    },
    "spectral_strongpeak": {
        "dmean": 0.285362422466,
        "dmean2": 0.478817909956,
        "dvar": 0.308013021946,
        "dvar2": 0.80237942934,
        "max": 5.90654039383,
        "mean": 0.702943861485,
        "median": 0.519655227661,
        "min": 0,
        "var": 0.452572137117
    },
    "zerocrossingrate": {
        "dmean": 0.0140877543017,
        "dmean2": 0.0169139541686,
        "dvar": 0.000259374559391,
        "dvar2": 0.000331678980729,
        "max": 0.5234375,
        "mean": 0.0775583684444,
        "median": 0.0732421875,
        "min": 0.00146484375,
        "var": 0.00174000544939
    },
    "barkbands": {
        "dmean": [0.000844796013553, 0.00812596268952, 0.00428643310443, 0.00226345285773, 0.00205020187423, 0.000635422708001, 0.000705918355379, 0.000660712714307, 0.000574686040636, 0.000795177416876, 0.000759931048378, 0.000609105685726, 0.000503853778355, 0.000396751944209, 0.000379251083359, 0.000264517730102, 0.000278061546851, 0.000264815695118, 0.000270816264674, 0.000252608879237, 0.000253157399129, 0.000244927505264, 0.00025013400591, 0.00026200839784, 0.000193919593585, 0.000120849748782, 3.59590485459e-05],
        "dmean2": [0.00121171725914, 0.0120027028024, 0.00757192680612, 0.00403458112851, 0.0032460661605, 0.000971324334387, 0.0011001751991, 0.000995188485831, 0.000938965531532, 0.00124320772011, 0.00118368619587, 0.000996620394289, 0.000841421599034, 0.000662844162434, 0.000607583904639, 0.000424699421274, 0.000457610440208, 0.000432439817814, 0.000452103937278, 0.000419840915129, 0.00042938630213, 0.000396662333515, 0.000405213795602, 0.000414614012698, 0.000301619525999, 0.000185782380868, 5.68770847167e-05],
        "dvar": [2.67506652563e-06, 0.000233361541177, 0.000295211764751, 5.43717796972e-05, 3.39433390764e-05, 3.19794798997e-06, 2.22044081966e-06, 2.48193873631e-06, 1.14121621664e-06, 2.0902543838e-06, 2.04236380341e-06, 1.17780029996e-06, 9.43520433339e-07, 4.74663920613e-07, 5.12867529778e-07, 3.3361345686e-07, 1.97059719653e-07, 2.05900377637e-07, 1.46481383467e-07, 1.14949820329e-07, 1.11778142298e-07, 1.03983424538e-07, 1.28290380985e-07, 1.61956080547e-07, 7.7322965808e-08, 2.73438285348e-08, 2.5904283163e-09],
        "dvar2": [4.98233839608e-06, 0.000543543486856, 0.000806292751804, 0.000141325494042, 7.6399781392e-05, 7.64736796555e-06, 5.01230761074e-06, 4.81173083244e-06, 2.69765405392e-06, 4.30862201029e-06, 4.67586050945e-06, 3.01400450553e-06, 2.59946637016e-06, 1.27733414956e-06, 9.96315861812e-07, 5.84786732816e-07, 5.03926571582e-07, 4.96494976687e-07, 3.9960588083e-07, 3.02364298932e-07, 3.03030958548e-07, 2.60621277448e-07, 3.25512104382e-07, 4.28626407256e-07, 1.8294683457e-07, 6.41766533249e-08, 6.49458842261e-09],
        "max": [0.0251530949026, 0.149348765612, 0.158505365252, 0.0676554888487, 0.070730984211, 0.0398579537868, 0.0277517922223, 0.0522424690425, 0.0253124572337, 0.0246797762811, 0.0264313034713, 0.0220090076327, 0.0155461942777, 0.0169018041342, 0.0307000037283, 0.0316773839295, 0.00817140378058, 0.0157490540296, 0.00470451032743, 0.00497651845217, 0.00707265082747, 0.00451394123957, 0.00484600290656, 0.00478009833023, 0.00373960682191, 0.00187418970745, 0.000619106634986],
        "mean": [0.00262890872546, 0.0253839157522, 0.00338785490021, 0.00207856646739, 0.00272605125792, 0.00122160115279, 0.00131928897463, 0.00125162524637, 0.00083614612231, 0.00142691028304, 0.001422253903, 0.00100410089362, 0.000730237457901, 0.000624066451564, 0.000653713417705, 0.000470167462481, 0.000493829662446, 0.000526096206158, 0.000546044902876, 0.000559236912522, 0.00059282471193, 0.000625470944215, 0.000636400829535, 0.000688064610586, 0.000543262227438, 0.00034930097172, 8.39656713651e-05],
        "median": [0.001282906509, 0.0301126372069, 0.000549270422198, 0.00027487645275, 0.000714276975486, 0.000521365553141, 0.00035898090573, 0.000259589927737, 0.00036037681275, 0.000663059297949, 0.000498196866829, 0.000471740961075, 0.000344650616171, 0.000354421878001, 0.00040108745452, 0.000250765646342, 0.000320165825542, 0.000371002475731, 0.000434744608356, 0.000482963165268, 0.000526640040334, 0.000524048751686, 0.000498895766214, 0.000500961090438, 0.000409931031754, 0.000265433773166, 4.0889459342e-05],
        "min": [1.26294485224e-23, 4.91950415901e-23, 6.17153969603e-23, 3.566507679e-23, 2.7746566754e-23, 1.1077758333e-23, 5.81843987505e-23, 4.69244506249e-23, 2.5963600691e-23, 8.47368320424e-23, 8.25929037395e-23, 1.40644281609e-22, 1.22928523027e-22, 7.7947731009e-23, 7.81957425667e-23, 1.63282241939e-22, 1.64746115343e-22, 1.37148252025e-22, 1.80243054323e-22, 2.23678164905e-22, 2.88405805144e-22, 6.20980298403e-22, 7.29311019798e-22, 1.0667327036e-21, 1.07526371049e-21, 1.95267959133e-21, 2.58007972813e-21],
        "var": [1.32159020723e-05, 0.000516547181178, 0.000196138338652, 4.39989744336e-05, 4.63455289719e-05, 5.64095807931e-06, 7.24317169443e-06, 1.17224062706e-05, 2.36592904912e-06, 5.54935695618e-06, 5.91736670685e-06, 3.12987981488e-06, 1.33618743803e-06, 7.8347403587e-07, 1.87539819763e-06, 1.36887069857e-06, 4.03694400575e-07, 4.82168275084e-07, 2.98941159826e-07, 2.86142324057e-07, 3.01781312828e-07, 3.64508395023e-07, 4.21543319362e-07, 5.63071978377e-07, 3.33006568098e-07, 1.21952481891e-07, 9.59098489517e-09]
    },
    "erbbands": {
        "dmean": [0.292644143105, 1.6966073513, 4.67663812637, 6.10033655167, 9.42024612427, 5.16202688217, 4.18450069427, 5.41275978088, 8.68946838379, 12.1509952545, 13.8204584122, 13.37383461, 26.408662796, 26.371717453, 23.9670639038, 27.3308029175, 22.7093200684, 20.3540267944, 16.9520149231, 17.3062000275, 14.2046556473, 12.6842193604, 14.0281600952, 14.5082359314, 13.2584733963, 11.6726789474, 10.0360860825, 10.0496225357, 9.04106330872, 8.25084114075, 7.3292298317, 5.63480854034, 4.53519201279, 2.63303852081, 1.30503094196, 0.632081568241, 0.219090789557, 0.0558970756829, 0.00579124130309, 8.38903724798e-05],
        "dmean2": [0.416541963816, 2.52654290199, 7.89981508255, 10.82762146, 14.4012050629, 8.52597522736, 6.70257663727, 8.32449817657, 13.249423027, 18.4428443909, 21.3850193024, 21.803527832, 41.3952827454, 41.4383811951, 37.7498626709, 44.633605957, 37.7401428223, 33.8006973267, 27.887922287, 27.1166534424, 23.2213115692, 20.7369880676, 22.9582691193, 24.0488567352, 22.145904541, 19.4075660706, 16.7038841248, 17.0350799561, 14.8087816238, 13.37362957, 11.8353624344, 9.08564662933, 7.15532827377, 4.10289955139, 2.09094381332, 0.990406990051, 0.345114558935, 0.0862088277936, 0.00925169605762, 0.000130009051645],
        "dvar": [0.227440312505, 16.4898681641, 316.373779297, 441.739746094, 1044.12573242, 161.018844604, 64.5527267456, 331.178405762, 373.614471436, 810.05847168, 1056.07702637, 703.655639648, 2799.9609375, 2161.32666016, 2353.65380859, 2598.30834961, 1877.98425293, 1249.62280273, 665.047851562, 1411.16467285, 628.448425293, 404.605957031, 670.854492188, 483.527862549, 324.237976074, 260.273651123, 165.201202393, 221.090515137, 141.308319092, 131.457336426, 104.629302979, 73.0638427734, 47.5178718567, 16.0974941254, 3.21483874321, 0.756295025349, 0.0923730432987, 0.00595241598785, 6.82855315972e-05, 1.24832304493e-08],
        "dvar2": [0.388995856047, 38.626739502, 830.302612305, 1222.25622559, 2216.86376953, 399.459838867, 166.134536743, 780.463195801, 866.522583008, 1696.34033203, 2143.69335938, 1600.91467285, 5801.66210938, 4808.36230469, 5467.33251953, 6751.31396484, 5131.69335938, 3417.80688477, 1703.15368652, 2165.60546875, 1305.98828125, 1019.56115723, 1604.63574219, 1231.0579834, 869.024291992, 686.178771973, 432.072998047, 617.650085449, 358.125610352, 324.478759766, 263.122497559, 201.398208618, 120.069503784, 38.2695732117, 7.84323120117, 1.85982465744, 0.221568033099, 0.0141472471878, 0.000171922671143, 3.03157712267e-08],
        "max": [3.83620119095, 42.3786621094, 164.29788208, 205.911636353, 436.33682251, 192.349868774, 202.000656128, 470.81829834, 372.005737305, 1012.62329102, 1275.58032227, 695.909423828, 954.806640625, 833.891906738, 1146.96435547, 1048.52648926, 737.797424316, 990.287109375, 686.12902832, 1746.19897461, 1887.05358887, 556.045471191, 975.419189453, 385.444824219, 239.315567017, 269.544647217, 217.240188599, 317.376983643, 177.630310059, 146.159286499, 123.582061768, 117.47114563, 85.5009307861, 55.3253250122, 24.2557525635, 10.7937097549, 3.59042811394, 0.930725574493, 0.0926905423403, 0.00144628470298],
        "mean": [1.18062877655, 3.84834694862, 4.38574266434, 5.49932909012, 10.4029407501, 7.06947994232, 7.86387062073, 9.72894096375, 16.5859241486, 24.6136474609, 25.2061252594, 21.66746521, 45.0612030029, 50.7433319092, 45.4367332458, 46.4345436096, 35.2060623169, 34.3929786682, 30.7703971863, 32.3348236084, 27.1568222046, 25.2152080536, 28.4185371399, 29.2922859192, 27.6113109589, 25.9126091003, 24.2968940735, 22.9872570038, 22.1466693878, 20.6518707275, 17.9765148163, 14.1706562042, 11.3388214111, 6.90079307556, 3.53348779678, 1.64564740658, 0.608743369579, 0.158285662532, 0.0130697563291, 0.000273132201983],
        "median": [1.16776061058, 3.16157865524, 0.994556903839, 1.03290987015, 1.35434174538, 2.36469745636, 3.38769245148, 3.53205418587, 5.28767681122, 5.88912963867, 7.12040996552, 9.77385997772, 18.7178077698, 23.4526386261, 18.8992538452, 22.7020835876, 18.1579055786, 22.4070053101, 20.9153690338, 19.0840911865, 17.6222801208, 17.7434425354, 20.2188892365, 21.5399684906, 22.9720230103, 22.2837276459, 21.0595149994, 19.9588241577, 18.8665237427, 16.4441242218, 14.0869884491, 10.6452541351, 7.89583826065, 4.97437238693, 2.76318573952, 1.24155390263, 0.465192764997, 0.101616717875, 0.00598276453093, 0.000205819509574],
        "min": [7.47505358203e-22, 1.37996328238e-20, 7.00355471579e-20, 1.04756472757e-19, 8.32605301784e-20, 1.10466080473e-19, 4.86985072676e-20, 1.77306267698e-19, 6.40440246571e-19, 1.0936435086e-18, 8.69772659281e-19, 8.44813518273e-19, 2.47144320315e-18, 1.66188205463e-18, 4.26721219474e-18, 6.51775226582e-18, 6.53343147433e-18, 4.47318099445e-18, 3.68077340049e-18, 5.055519868e-18, 1.05597802552e-17, 8.81802408968e-18, 8.89652766572e-18, 5.51830095094e-18, 1.10943705415e-17, 1.12634743829e-17, 7.77276392607e-18, 1.62744923475e-17, 1.91164285062e-17, 2.46116109998e-17, 2.17373602033e-17, 2.06056315415e-17, 1.74709875969e-17, 9.82644162881e-18, 9.96465441018e-18, 6.51455893506e-18, 3.52540447962e-18, 1.69087421812e-18, 3.79406447077e-19, 3.50263168037e-20],
        "var": [1.10697615147, 24.659444809, 240.585571289, 293.457519531, 1380.38562012, 222.07635498, 158.150665283, 542.807800293, 955.405639648, 3835.12695312, 3703.49194336, 1623.30090332, 7262.26220703, 5707.62402344, 6924.17236328, 6382.84765625, 2740.95458984, 2004.6295166, 1399.86743164, 6645.39111328, 2626.29003906, 986.157897949, 1485.68518066, 1071.08288574, 724.329040527, 622.722717285, 514.955200195, 485.888092041, 456.863861084, 430.540283203, 342.952972412, 224.009719849, 168.607849121, 61.7288131714, 12.6896390915, 2.83056378365, 0.37108746171, 0.027801360935, 0.000241098954575, 6.2930453737e-08]
    },
    "gfcc": {
        "mean": [33.2972297668, 46.6373710632, -104.974136353, 25.9063949585, -50.3142776489, 26.7555923462, -23.6482124329, 15.2502794266, -19.5191574097, 8.4735584259, -13.1399860382, 6.91499900818, -8.83525657654],
        "cov": [[16663.890625, -3865.76367188, 2126.70947266, 1961.28417969, 436.2996521, 1192.16821289, -45.0523910522, 1162.21203613, -140.179595947, 775.70300293, -33.0656890869, 710.74597168, -358.761993408], [-3865.76367188, 3495.81225586, -765.550842285, -616.264770508, 55.6751289368, -665.072937012, -5.37061500549, -668.88458252, 26.9972515106, -510.943878174, 0.0220944005996, -387.533599854, 153.848937988], [2126.70947266, -765.550842285, 1553.62597656, 710.452270508, 387.099822998, 359.128662109, 101.814964294, 384.490936279, 61.1394004822, 219.811035156, -22.2269496918, 146.294281006, -123.171272278], [1961.28417969, -616.264770508, 710.452270508, 844.182250977, 347.527099609, 388.422332764, 88.4059448242, 259.525054932, -8.37093067169, 96.2904815674, -19.4120864868, 99.1931686401, -60.9777793884], [436.2996521, 55.6751289368, 387.099822998, 347.527099609, 414.716583252, 244.762268066, 148.697937012, 112.397865295, 38.8238639832, 35.2821578979, 15.5307750702, 37.6105995178, -8.58958435059], [1192.16821289, -665.072937012, 359.128662109, 388.422332764, 244.762268066, 483.405517578, 194.473419189, 269.885070801, 17.2025794983, 134.41192627, 13.3229522705, 97.3552780151, -30.4681015015], [-45.0523910522, -5.37061500549, 101.814964294, 88.4059448242, 148.697937012, 194.473419189, 253.12828064, 179.35005188, 94.9808197021, 53.2185325623, 38.2736625671, 23.2933158875, 15.362994194], [1162.21203613, -668.88458252, 384.490936279, 259.525054932, 112.397865295, 269.885070801, 179.35005188, 406.658447266, 163.394958496, 218.549942017, 45.4204406738, 136.833740234, -18.7297897339], [-140.179595947, 26.9972515106, 61.1394004822, -8.37093067169, 38.8238639832, 17.2025794983, 94.9808197021, 163.394958496, 218.042877197, 149.198074341, 83.2423858643, 45.9040985107, 23.1582145691], [775.70300293, -510.943878174, 219.811035156, 96.2904815674, 35.2821578979, 134.41192627, 53.2185325623, 218.549942017, 149.198074341, 286.968841553, 127.031898499, 132.052139282, -5.30630064011], [-33.0656890869, 0.0220944005996, -22.2269496918, -19.4120864868, 15.5307750702, 13.3229522705, 38.2736625671, 45.4204406738, 83.2423858643, 127.031898499, 156.028076172, 90.7908096313, 30.2856903076], [710.74597168, -387.533599854, 146.294281006, 99.1931686401, 37.6105995178, 97.3552780151, 23.2933158875, 136.833740234, 45.9040985107, 132.052139282, 90.7908096313, 174.951507568, 36.2509651184], [-358.761993408, 153.848937988, -123.171272278, -60.9777793884, -8.58958435059, -30.4681015015, 15.362994194, -18.7297897339, 23.1582145691, -5.30630064011, 30.2856903076, 36.2509651184, 96.826171875]],
        "icov": [[0.000136781440233, -8.22975925985e-05, 5.66926064494e-05, -0.00020736544684, 6.7685781687e-05, -2.23851584451e-05, 0.000153057073476, -0.000299492588965, 0.00042893079808, -0.000433558539953, 0.000412456283811, -0.000547700677998, 0.000445534475148], [-8.22975925985e-05, 0.00122229137924, -0.000227563577937, 0.000285641435767, -0.000890458119102, 0.000861389620695, -0.000601749052294, 0.00117400754243, -0.00164661288727, 0.00214489782229, -0.00199441122822, 0.00210173707455, -0.00149369693827], [5.66926064494e-05, -0.000227563577937, 0.00157285691239, -0.000800294510555, -0.000856338650919, 0.000704122998286, 2.3314885766e-05, -0.000922425359022, 0.000920035352465, -0.00159130699467, 0.00168607814703, -0.00135362159926, 0.0017040700186], [-0.00020736544684, 0.000285641435767, -0.000800294510555, 0.003687717719, -0.00192541303113, -0.00154217251111, 0.00229142676108, -0.00167920824606, -0.000171067760675, 0.00242674350739, -0.0022493165452, 0.00194497290067, -0.0011130386265], [6.7685781687e-05, -0.000890458119102, -0.000856338650919, -0.00192541303113, 0.00691879494116, -0.00265566003509, -0.00252376915887, 0.00313259079121, -0.00177345273551, -0.000495233864058, 0.00167866039556, -0.00281817000359, 0.00107534555718], [-2.23851584451e-05, 0.000861389620695, 0.000704122998286, -0.00154217251111, -0.00265566003509, 0.00878084637225, -0.00514336163178, -0.00128705624957, 0.00428455509245, -0.00320847169496, 0.00119465624448, 0.000368193548638, -0.000144647303387], [0.000153057073476, -0.000601749052294, 2.3314885766e-05, 0.00229142676108, -0.00252376915887, -0.00514336163178, 0.0149385137483, -0.00943621993065, -0.00032765508513, 0.00548145594075, -0.00696215359494, 0.00562088238075, -0.00258992542513], [-0.000299492588965, 0.00117400754243, -0.000922425359022, -0.00167920824606, 0.00313259079121, -0.00128705624957, -0.00943621993065, 0.0188524294645, -0.0104863429442, -0.00267295097001, 0.00805961899459, -0.00785598065704, 0.00259273196571], [0.00042893079808, -0.00164661288727, 0.000920035352465, -0.000171067760675, -0.00177345273551, 0.00428455509245, -0.00032765508513, -0.0104863429442, 0.0190936140716, -0.00948388129473, -0.000810284458566, 0.00305890990421, -0.00149553176016], [-0.000433558539953, 0.00214489782229, -0.00159130699467, 0.00242674350739, -0.000495233864058, -0.00320847169496, 0.00548145594075, -0.00267295097001, -0.00948388129473, 0.0206451844424, -0.0142077663913, 0.004358895123, -0.00173908099532], [0.000412456283811, -0.00199441122822, 0.00168607814703, -0.0022493165452, 0.00167866039556, 0.00119465624448, -0.00696215359494, 0.00805961899459, -0.000810284458566, -0.0142077663913, 0.0259145442396, -0.0163984131068, 0.00606297468767], [-0.000547700677998, 0.00210173707455, -0.00135362159926, 0.00194497290067, -0.00281817000359, 0.000368193548638, 0.00562088238075, -0.00785598065704, 0.00305890990421, 0.004358895123, -0.0163984131068, 0.0256086420268, -0.0133627569303], [0.000445534475148, -0.00149369693827, 0.0017040700186, -0.0011130386265, 0.00107534555718, -0.000144647303387, -0.00258992542513, 0.00259273196571, -0.00149553176016, -0.00173908099532, 0.00606297468767, -0.0133627569303, 0.0201499611139]]
    },
    "melbands": {
        "dmean": [0.00230409461074, 0.00222375476733, 0.00118343916256, 0.000515299499966, 0.000148229242768, 0.000125480029965, 0.000139673895319, 0.000132267145091, 0.000108990388981, 8.84949113242e-05, 0.000132114844746, 0.000103506477899, 8.36535400595e-05, 7.44109565858e-05, 5.73280631215e-05, 4.94558407809e-05, 4.10889697378e-05, 2.72805082204e-05, 3.21108891512e-05, 2.05337128136e-05, 1.86673132703e-05, 1.53085420607e-05, 1.40100291901e-05, 1.23202917166e-05, 1.29125692183e-05, 1.08989015644e-05, 1.02168396552e-05, 8.39840049593e-06, 6.36172899249e-06, 7.09023061063e-06, 6.48450395602e-06, 5.97184498474e-06, 5.19443528901e-06, 5.02285774928e-06, 4.88762452733e-06, 3.86844067179e-06, 3.73911075258e-06, 3.47273407897e-06, 2.98196800941e-06, 2.20710967369e-06],
        "dmean2": [0.00335070397705, 0.00348135386594, 0.00200657686219, 0.000799991423264, 0.000238017280935, 0.000191693412489, 0.000211990685784, 0.000199356654775, 0.000170153551153, 0.000144532867125, 0.000207332603168, 0.000163910983247, 0.000131831155159, 0.000120744211017, 9.52267146204e-05, 8.23693990242e-05, 6.84462283971e-05, 4.53538559668e-05, 5.09582678205e-05, 3.31629817083e-05, 3.06977490254e-05, 2.52516201726e-05, 2.30012410611e-05, 2.02118735615e-05, 2.15594063775e-05, 1.83314878086e-05, 1.70177390828e-05, 1.40202555485e-05, 1.05439312392e-05, 1.19447913676e-05, 1.10613946163e-05, 9.86563554761e-06, 8.29472719488e-06, 8.27561962069e-06, 8.0448207882e-06, 6.20095852355e-06, 6.21007939117e-06, 5.53472136744e-06, 4.73981208415e-06, 3.51881817551e-06],
        "dvar": [1.38763443829e-05, 5.1779748901e-05, 1.38131172207e-05, 2.31636818171e-06, 7.8288877603e-08, 1.57832815262e-07, 8.92054359269e-08, 9.93090765178e-08, 6.1887661218e-08, 2.80769434369e-08, 6.98407376376e-08, 3.27861329197e-08, 2.5629516287e-08, 1.67572373755e-08, 1.01300123845e-08, 8.95706353532e-09, 5.54348833504e-09, 1.91545912465e-09, 4.51088055797e-09, 2.10437844927e-09, 1.34673505681e-09, 6.0295951565e-10, 7.2118222505e-10, 4.33625496621e-10, 3.90771692782e-10, 2.64374883097e-10, 2.17524470658e-10, 1.32777303041e-10, 6.78810826993e-11, 8.65618340895e-11, 9.66385305112e-11, 6.23050430693e-11, 5.20291865147e-11, 5.47507837678e-11, 4.66540556188e-11, 2.96281922607e-11, 3.70606462186e-11, 2.53795335442e-11, 2.11242828785e-11, 1.03886742958e-11],
        "dvar2": [2.76577302429e-05, 0.000126727449242, 3.52280258085e-05, 5.20585490449e-06, 1.95294902028e-07, 3.69431575109e-07, 2.01220245799e-07, 2.01812e-07, 1.26953452195e-07, 6.542953912e-08, 1.44372577893e-07, 7.29244362674e-08, 6.06396852731e-08, 4.22617105755e-08, 2.71394497986e-08, 2.42804869544e-08, 1.50796335419e-08, 4.98518071268e-09, 8.15386069775e-09, 3.77344289149e-09, 2.71428479692e-09, 1.53087065247e-09, 1.82548542949e-09, 1.06112918452e-09, 9.9622499139e-10, 7.27026661096e-10, 5.7025068001e-10, 3.45867279261e-10, 1.75526038149e-10, 2.30434379911e-10, 2.71780931094e-10, 1.61542640376e-10, 1.35841879412e-10, 1.42828304739e-10, 1.21517296225e-10, 7.37855471167e-11, 1.06720111914e-10, 6.27395843611e-11, 5.39517493181e-11, 2.4697875689e-11],
        "max": [0.0309480782598, 0.0701826065779, 0.0323878414929, 0.018521303311, 0.00551072554663, 0.00927734747529, 0.00528490403667, 0.0125252027065, 0.00959167722613, 0.00375287467614, 0.00474693579599, 0.00344499316998, 0.00314484816045, 0.00278820935637, 0.00197784835473, 0.00173742626794, 0.00212920247577, 0.00102781155147, 0.00310404645279, 0.00281338696368, 0.00302048423328, 0.000595996156335, 0.000713524699677, 0.000738798989914, 0.000342893385096, 0.000232282240177, 0.000264553178567, 0.000210566809983, 0.000152975379024, 0.000175923516508, 0.000201761969947, 0.000121409553685, 0.000152547043399, 0.000109553882794, 8.953006909e-05, 8.54000099935e-05, 7.71875347709e-05, 5.94809134782e-05, 5.50202748855e-05, 4.42623568233e-05],
        "mean": [0.00845395680517, 0.00318915350363, 0.0011544895824, 0.000636466196738, 0.000271849479759, 0.000228399541811, 0.000269867217867, 0.00027095049154, 0.000191428785911, 0.000135021939059, 0.00021936277335, 0.000191785016796, 0.000155827001436, 0.000128389758174, 9.10236485652e-05, 7.1704693255e-05, 6.42714148853e-05, 4.5737655455e-05, 5.32665908395e-05, 3.5032760934e-05, 3.26227418554e-05, 2.69960582955e-05, 2.58890213445e-05, 2.37835010921e-05, 2.37557887885e-05, 2.00242211577e-05, 1.91137205547e-05, 1.69729810295e-05, 1.43615807247e-05, 1.50291371028e-05, 1.30012185764e-05, 1.28834872157e-05, 1.15813872981e-05, 1.13042833618e-05, 1.07576361188e-05, 9.07965477381e-06, 8.46432521939e-06, 8.15933799458e-06, 6.90898104949e-06, 5.47223908143e-06],
        "median": [0.0101542528719, 0.00164705503266, 0.000188249905477, 0.000128454645164, 0.000118413481687, 8.39615095174e-05, 8.08700497146e-05, 6.27378685749e-05, 5.36590669071e-05, 5.93848599237e-05, 8.54154932313e-05, 8.22961155791e-05, 6.10800925642e-05, 5.68514406041e-05, 4.49094295618e-05, 3.46944725607e-05, 3.72847862309e-05, 2.85677033389e-05, 2.98515533359e-05, 1.74437191163e-05, 1.91975941561e-05, 1.75488858076e-05, 1.6307549231e-05, 1.6730695279e-05, 1.57806061907e-05, 1.53847176989e-05, 1.44696196003e-05, 1.33991024995e-05, 1.1866784007e-05, 1.260355657e-05, 1.03158681668e-05, 1.05918816189e-05, 8.83228040038e-06, 8.51052664075e-06, 8.0542786236e-06, 6.73601107337e-06, 6.06782032264e-06, 5.45012107978e-06, 4.65127322968e-06, 3.80194546779e-06],
        "min": [9.84511978123e-24, 3.07326924256e-23, 1.72195303628e-23, 7.02099695168e-24, 2.49271901061e-24, 3.83516877531e-24, 9.57533092937e-24, 1.13908264607e-23, 5.96299051067e-24, 4.9207553713e-24, 1.29405650082e-23, 7.14879320719e-24, 1.24811537163e-23, 1.4855137525e-23, 1.42248613275e-23, 1.39597993302e-23, 7.66885133668e-24, 5.30634821519e-24, 6.10306578059e-24, 7.92671655596e-24, 1.31705992148e-23, 9.30529437518e-24, 9.46397926829e-24, 5.8858213759e-24, 3.90936272117e-24, 8.40036363181e-24, 7.39220255038e-24, 7.61456981779e-24, 4.37900041147e-24, 6.33124971388e-24, 1.07480807389e-23, 9.67957810913e-24, 1.38007886375e-23, 1.26132500526e-23, 1.26340696696e-23, 1.31387308119e-23, 1.13217711548e-23, 1.32706204667e-23, 9.22251604495e-24, 7.84143595894e-24],
        "var": [5.05960015289e-05, 5.20976827829e-05, 1.17016661534e-05, 3.14173576044e-06, 1.8667896029e-07, 2.69026884325e-07, 2.61626695419e-07, 5.11458779329e-07, 2.07741393865e-07, 5.93966085205e-08, 1.79944549927e-07, 8.50854888768e-08, 7.13487509074e-08, 4.93608567353e-08, 1.97605629637e-08, 1.21258754149e-08, 8.66580140979e-09, 3.6001737147e-09, 1.7976981681e-08, 7.35045357914e-09, 5.81014036882e-09, 1.251745263e-09, 1.47007772622e-09, 9.55042378514e-10, 8.05147448713e-10, 4.69000949188e-10, 4.35099123397e-10, 3.06111719306e-10, 1.96442931366e-10, 2.15897549838e-10, 1.81012468903e-10, 1.69343858381e-10, 1.46453404959e-10, 1.44920395129e-10, 1.31181773777e-10, 9.44669897862e-11, 8.66314797676e-11, 8.92786955475e-11, 6.64786142801e-11, 3.9216137282e-11]
    },
    "mfcc": {
        "mean": [-612.711486816, 85.4216918945, 6.12202739716, 11.5115127563, 3.53761792183, 12.4586906433, 9.65038108826, 10.4003858566, 5.76249837875, 6.21450519562, 3.20451831818, 2.56459903717, 1.96320986748],
        "cov": [[11523.0390625, -2567.47436523, 642.473815918, 674.932128906, 575.523742676, 465.440002441, 464.797241211, 402.26449585, 232.100112915, 253.043762207, 321.869995117, 413.696716309, 400.346099854], [-2567.47436523, 2694.31665039, -372.92678833, -161.84664917, -197.622177124, -193.327972412, -270.250244141, -223.141586304, -179.353286743, -187.900466919, -195.328445435, -219.223846436, -166.629882812], [642.473815918, -372.92678833, 805.262329102, 316.967559814, 290.269134521, 131.011825562, 149.221740723, 127.517539978, 129.787765503, 106.069656372, 129.160919189, 107.442893982, 62.591381073], [674.932128906, -161.84664917, 316.967559814, 491.673858643, 288.761810303, 154.790985107, 117.458457947, 126.596633911, 92.2425842285, 52.3141098022, 49.9284324646, 58.9622459412, 48.5881347656], [575.523742676, -197.622177124, 290.269134521, 288.761810303, 353.884063721, 213.767715454, 163.209747314, 122.428688049, 81.7840499878, 54.9444198608, 66.0368652344, 59.5514335632, 50.2910041809], [465.440002441, -193.327972412, 131.011825562, 154.790985107, 213.767715454, 262.66506958, 207.120162964, 122.08895874, 61.7023086548, 52.9511909485, 34.2220458984, 27.821521759, 25.1257972717], [464.797241211, -270.250244141, 149.221740723, 117.458457947, 163.209747314, 207.120162964, 273.804321289, 176.906829834, 97.0786972046, 76.260635376, 49.6154136658, 44.8633117676, 42.7064437866], [402.26449585, -223.141586304, 127.517539978, 126.596633911, 122.428688049, 122.08895874, 176.906829834, 226.690139771, 151.502548218, 82.9908370972, 61.4243545532, 53.2514152527, 47.2729721069], [232.100112915, -179.353286743, 129.787765503, 92.2425842285, 81.7840499878, 61.7023086548, 97.0786972046, 151.502548218, 191.813247681, 129.333724976, 83.3796844482, 59.4192123413, 43.8463096619], [253.043762207, -187.900466919, 106.069656372, 52.3141098022, 54.9444198608, 52.9511909485, 76.260635376, 82.9908370972, 129.333724976, 178.949249268, 124.511260986, 68.281829834, 44.836353302], [321.869995117, -195.328445435, 129.160919189, 49.9284324646, 66.0368652344, 34.2220458984, 49.6154136658, 61.4243545532, 83.3796844482, 124.511260986, 177.975814819, 132.340209961, 75.5230712891], [413.696716309, -219.223846436, 107.442893982, 58.9622459412, 59.5514335632, 27.821521759, 44.8633117676, 53.2514152527, 59.4192123413, 68.281829834, 132.340209961, 184.142181396, 123.796134949], [400.346099854, -166.629882812, 62.591381073, 48.5881347656, 50.2910041809, 25.1257972717, 42.7064437866, 47.2729721069, 43.8463096619, 44.836353302, 75.5230712891, 123.796134949, 161.035919189]],
