{
"lowlevel": {
    "average_loudness": 0.796614050865,
    "barkbands_crest": {
        "dmean": 2.52382206917,
        "dmean2": 3.94371128082,
        "dvar": 6.94316387177,
        "dvar2": 16.4074401855,
        "max": 26.3562984467,
        "mean": 9.10166168213,
        "median": 8.06069278717,
        "min": 2.02810764313,
        "var": 20.1990795135
    },
    "barkbands_flatness_db": {
        "dmean": 0.0197644140571,
        "dmean2": 0.0305665265769,
        "dvar": 0.000560142740142,
        "dvar2": 0.00129958544858,
        "max": 0.765273213387,
        "mean": 0.11543828994,
        "median": 0.0778203383088,
        "min": 0.0133952368051,
        "var": 0.0105894971639
    },
    "barkbands_kurtosis": {
        "dmean": 2.44576096535,
        "dmean2": 4.15357637405,
        "dvar": 679.174499512,
        "dvar2": 2091.42553711,
        "max": 2278.03393555,
        "mean": 1.67873191833,
        "median": -0.761045217514,
        "min": -1.90990495682,
        "var": 618.800598145
    },
    "barkbands_skewness": {
        "dmean": 0.505796670914,
        "dmean2": 0.7811165452,
        "dvar": 0.662410914898,
        "dvar2": 1.66290700436,
        "max": 43.7888526917,
        "mean": 0.697203934193,
        "median": 0.509924352169,
        "min": -4.30849933624,
        "var": 1.76061534882
    },
    "barkbands_spread": {
        "dmean": 7.16273021698,
        "dmean2": 11.0224866867,
        "dvar": 64.2830963135,
        "dvar2": 150.609359741,
        "max": 118.613822937,
        "mean": 39.6469116211,
        "median": 42.3569755554,
        "min": 0.136306941509,
        "var": 373.066101074
    },
    "dissonance": {
        "dmean": 0.0128181800246,
        "dmean2": 0.021974908188,
        "dvar": 0.000265914917691,
        "dvar2": 0.000731680833269,
        "max": 0.500000119209,
        "mean": 0.477882742882,
        "median": 0.484014213085,
        "min": 0.109681807458,
        "var": 0.000524526869413
    },
    "dynamic_complexity": 3.89669656754,
    "erbbands_crest": {
        "dmean": 2.23747181892,
        "dmean2": 3.62415194511,
        "dvar": 5.04362535477,
        "dvar2": 12.6352348328,
        "max": 31.5917739868,
        "mean": 8.07547664642,
        "median": 6.67709922791,
        "min": 2.16006755829,
        "var": 21.8961200714
    },
    "erbbands_flatness_db": {
        "dmean": 0.015306041576,
        "dmean2": 0.022572003305,
        "dvar": 0.00027166493237,
        "dvar2": 0.000540404929779,
        "max": 0.641793310642,
        "mean": 0.156088918447,
        "median": 0.127215251327,
        "min": 0.0234665758908,
        "var": 0.00939880684018
    },
    "erbbands_kurtosis": {
        "dmean": 0.818369686604,
        "dmean2": 1.32814466953,
        "dvar": 4.43779277802,
        "dvar2": 11.5364837646,
        "max": 89.7571716309,
        "mean": 0.23353689909,
        "median": -0.304052352905,
        "min": -1.91789507866,
        "var": 8.94362354279
    },
    "erbbands_skewness": {
        "dmean": 0.328775018454,
        "dmean2": 0.519528508186,
        "dvar": 0.143144994974,
        "dvar2": 0.353560835123,
        "max": 6.28078699112,
        "mean": -0.218727588654,
        "median": -0.306968539953,
        "min": -4.04866743088,
        "var": 0.528314054012
    },
    "erbbands_spread": {
        "dmean": 8.140625,
        "dmean2": 12.6377983093,
        "dvar": 104.776054382,
        "dvar2": 247.49597168,
        "max": 170.920288086,
        "mean": 39.4159812927,
        "median": 38.5353622437,
        "min": 0.864217460155,
        "var": 327.660766602
    },
    "hfc": {
        "dmean": 11.6839542389,
        "dmean2": 19.1829051971,
        "dvar": 397.819763184,
        "dvar2": 1064.11315918,
        "max": 259.694702148,
        "mean": 38.5300559998,
        "median": 33.9616088867,
        "min": 1.06721486055e-16,
        "var": 1142.25219727
    },
    "melbands_crest": {
        "dmean": 3.32087397575,
        "dmean2": 5.45227956772,
        "dvar": 13.4387216568,
        "dvar2": 33.7358703613,
        "max": 39.9280700684,
        "mean": 14.2739143372,
        "median": 13.6399354935,
        "min": 1.55820512772,
        "var": 41.3789672852
    },
    "melbands_flatness_db": {
        "dmean": 0.0262995045632,
        "dmean2": 0.0400601886213,
        "dvar": 0.00104132760316,
        "dvar2": 0.00234758364968,
        "max": 0.853107213974,
        "mean": 0.160586476326,
        "median": 0.126900836825,
        "min": 0.0027324333787,
        "var": 0.0121631268412
    },
    "melbands_kurtosis": {
        "dmean": 11.9968900681,
        "dmean2": 20.8839187622,
        "dvar": 69721.0625,
        "dvar2": 201618.828125,
        "max": 20154.109375,
        "mean": 11.7862625122,
        "median": 2.77176618576,
        "min": -1.84295320511,
        "var": 39567.1953125
    },
    "melbands_skewness": {
        "dmean": 0.790071189404,
        "dmean2": 1.22777414322,
        "dvar": 4.21244812012,
        "dvar2": 10.8884410858,
        "max": 109.339454651,
        "mean": 2.09935832024,
        "median": 1.73049294949,
        "min": -3.3872396946,
        "var": 5.17309713364
    },
    "melbands_spread": {
        "dmean": 11.7730922699,
        "dmean2": 18.5946083069,
        "dvar": 181.275848389,
        "dvar2": 434.519836426,
        "max": 178.195007324,
        "mean": 46.0009841919,
        "median": 45.8955001831,
        "min": 0.00887726712972,
        "var": 717.062072754
    },
    "pitch_salience": {
        "dmean": 0.0796537920833,
        "dmean2": 0.125618234277,
        "dvar": 0.00707672536373,
        "dvar2": 0.0169696491212,
        "max": 0.939597129822,
        "mean": 0.540932357311,
        "median": 0.543044984341,
        "min": 0.00752080464736,
        "var": 0.016073634848
    },
    "silence_rate_20dB": {
        "dmean": 0,
        "dmean2": 0,
        "dvar": 0,
        "dvar2": 0,
        "max": 1,
        "mean": 1,
        "median": 1,
        "min": 1,
        "var": 0
    },
    "silence_rate_30dB": {
        "dmean": 0.00213447166607,
        "dmean2": 0.00426922831684,
        "dvar": 0.00212942995131,
        "dvar2": 0.00625031674281,
        "max": 1,
        "mean": 0.998866140842,
        "median": 1,
        "min": 0,
        "var": 0.00113294017501
    },
    "silence_rate_60dB": {
        "dmean": 0.00933831371367,
        "dmean2": 0.0186778735369,
        "dvar": 0.00925250072032,
        "dvar2": 0.0217935852706,
        "max": 1,
        "mean": 0.141199231148,
        "median": 0,
        "min": 0,
        "var": 0.121249429882
    },
    "spectral_centroid": {
        "dmean": 306.98828125,
        "dmean2": 486.432403564,
        "dvar": 130300.476562,
        "dvar2": 296328.90625,
        "max": 11897.9794922,
        "mean": 2466.7434082,
        "median": 2504.96459961,
        "min": 68.5913391113,
        "var": 2107812
    },
    "spectral_complexity": {
        "dmean": 4.35472249985,
        "dmean2": 7.06223726273,
        "dvar": 28.2851543427,
        "dvar2": 69.8961410522,
        "max": 62,
        "mean": 24.3815784454,
        "median": 26,
        "min": 0,
        "var": 195.375915527
    },
    "spectral_decrease": {
        "dmean": 1.49714929343e-09,
        "dmean2": 2.22413287787e-09,
        "dvar": 6.49881934237e-18,
        "dvar2": 1.34823698324e-17,
        "max": 1.95487582886e-28,
        "mean": -5.42544942306e-09,
        "median": -4.65857841192e-09,
        "min": -3.86228222737e-08,
        "var": 1.97129597311e-17
    },
    "spectral_energy": {
        "dmean": 0.00602590525523,
        "dmean2": 0.0089492155239,
        "dvar": 9.12771793082e-05,
        "dvar2": 0.000186529796338,
        "max": 0.150645568967,
        "mean": 0.0239716880023,
        "median": 0.0213590152562,
        "min": 9.95989757882e-21,
        "var": 0.000350389920641
    },
    "spectral_energyband_high": {
        "dmean": 0.00113830156624,
        "dmean2": 0.00185878551565,
        "dvar": 3.92550691686e-06,
        "dvar2": 1.04396558527e-05,
        "max": 0.0277033783495,
        "mean": 0.00301407277584,
        "median": 0.00241996208206,
        "min": 6.98100289654e-21,
        "var": 1.02069789136e-05
    },
    "spectral_energyband_low": {
        "dmean": 0.0044628828764,
        "dmean2": 0.00675066234544,
        "dvar": 8.67105918587e-05,
        "dvar2": 0.000189004393178,
        "max": 0.106601431966,
        "mean": 0.00912128761411,
        "median": 0.00386577658355,
        "min": 1.47028842148e-23,
        "var": 0.000156221780344
    },
    "spectral_energyband_middle_high": {
        "dmean": 0.00198626704514,
        "dmean2": 0.00317575805821,
        "dvar": 7.85438351159e-06,
        "dvar2": 1.98850812012e-05,
        "max": 0.0337460748851,
        "mean": 0.00652279751375,
        "median": 0.00558560620993,
        "min": 1.0249865379e-21,
        "var": 2.97929418593e-05
    },
    "spectral_energyband_middle_low": {
        "dmean": 0.00328709906898,
        "dmean2": 0.0054569831118,
        "dvar": 6.79283984937e-05,
        "dvar2": 0.000167641235748,
        "max": 0.14481253922,
        "mean": 0.00615361426026,
        "median": 0.00469069043174,
        "min": 1.25385818436e-22,
        "var": 6.75960254739e-05
    },
    "spectral_entropy": {
        "dmean": 0.147490829229,
        "dmean2": 0.227671742439,
        "dvar": 0.0326549857855,
        "dvar2": 0.0732451677322,
        "max": 9.83073711395,
        "mean": 7.76223134995,
        "median": 7.94979047775,
        "min": 3.79225611687,
        "var": 0.627592086792
    },
    "spectral_flux": {
        "dmean": 0.0206162557006,
        "dmean2": 0.0307868402451,
        "dvar": 0.000800319365226,
        "dvar2": 0.00147729739547,
        "max": 0.35576787591,
        "mean": 0.0795507133007,
        "median": 0.0736986622214,
        "min": 6.20954052066e-11,
        "var": 0.00316171185113
    },
    "spectral_kurtosis": {
        "dmean": 2.40782594681,
        "dmean2": 4.14546966553,
        "dvar": 111.148735046,
        "dvar2": 279.290924072,
        "max": 479.19619751,
        "mean": 5.8539056778,
        "median": 2.92908620834,
        "min": -1.32033109665,
        "var": 222.034667969
    },
    "spectral_rms": {
        "dmean": 0.000540484616067,
        "dmean2": 0.000799211731646,
        "dvar": 4.91250034429e-07,
        "dvar2": 1.00048384866e-06,
        "max": 0.0121231712401,
        "mean": 0.00434894999489,
        "median": 0.00456487294286,
        "min": 3.11720592915e-12,
        "var": 4.47375168733e-06
    },
    "spectral_rolloff": {
        "dmean": 882.18762207,
        "dmean2": 1448.890625,
        "dvar": 1552711.5,
        "dvar2": 3796328,
        "max": 19702.8808594,
        "mean": 3540.52441406,
        "median": 3316.11328125,
        "min": 21.533203125,
        "var": 8645923
    },
    "spectral_skewness": {
        "dmean": 0.240217089653,
        "dmean2": 0.402381718159,
        "dvar": 0.248720139265,
        "dvar2": 0.648963332176,
        "max": 19.0780944824,
        "mean": 1.39291632175,
        "median": 1.27546977997,
        "min": -0.149514779449,
        "var": 0.827710211277
    },
    "spectral_spread": {
        "dmean": 552942.625,
        "dmean2": 845223.875,
        "dvar": 539926396928,
        "dvar2": 1.1984872407e+12,
        "max": 48375248,
        "mean": 5720897.5,
        "median": 5183506,
        "min": 143819.09375,
        "var": 2.95566856684e+13
    },
    "spectral_strongpeak": {
        "dmean": 0.5729585886,
        "dmean2": 1.00422775745,
        "dvar": 1.68709015846,
        "dvar2": 4.38271856308,
        "max": 18.5261936188,
        "mean": 0.83150100708,
        "median": 0.355446904898,
        "min": 0,
        "var": 1.90188634396
    },
    "zerocrossingrate": {
        "dmean": 0.0139907300472,
        "dmean2": 0.017305565998,
        "dvar": 0.000225653144298,
        "dvar2": 0.000320337741869,
        "max": 0.765625,
        "mean": 0.11220112443,
        "median": 0.10693359375,
        "min": 0.0009765625,
        "var": 0.00541120674461
    },
    "barkbands": {
        "dmean": [0.000246441282798, 0.00307590188459, 0.00176538166124, 0.00152440043166, 0.00121186242905, 0.000379431323381, 0.00050389993703, 0.000513775332365, 0.000443762663053, 0.000325673143379, 0.000336985976901, 0.000241844405537, 0.000373677205062, 0.00034056516597, 0.000470938481158, 0.000371430127416, 0.000391577370465, 0.000269409152679, 0.000401733181207, 0.000391753885197, 0.000346022541635, 0.000248196942266, 0.000152931883349, 0.000160033581778, 0.000196178109036, 0.000178310103365, 4.7691159125e-05],
        "dmean2": [0.000418525218265, 0.00466007599607, 0.00297015649267, 0.00274483091198, 0.00205587479286, 0.000615192344412, 0.000839235726744, 0.00088713306468, 0.000715072848834, 0.000505945412442, 0.000527204480022, 0.000389607215766, 0.000594216980971, 0.000540320761502, 0.000745081633795, 0.000586832640693, 0.000623877567705, 0.000447931088274, 0.000661655620206, 0.00065477687167, 0.000579633400775, 0.00041886154213, 0.000248314929195, 0.000263409805484, 0.000316449411912, 0.000290834839689, 7.91356578702e-05],
        "dvar": [5.53528821001e-07, 3.90132991015e-05, 2.98002250929e-05, 3.71094211005e-05, 2.1072666641e-05, 4.73586453609e-07, 1.05245317172e-06, 1.49673121541e-06, 5.59334978334e-07, 3.54380546241e-07, 2.69933025265e-07, 2.42004119855e-07, 3.80195189109e-07, 3.93949591171e-07, 7.46942362184e-07, 5.3947331935e-07, 4.23969623853e-07, 2.16703980982e-07, 3.86780470762e-07, 3.41728451758e-07, 2.93327332201e-07, 2.01745223194e-07, 9.04952699443e-08, 1.12685121678e-07, 1.69180566445e-07, 1.59473401595e-07, 9.48553680047e-09],
        "dvar2": [1.53342739395e-06, 8.86868874659e-05, 7.58834066801e-05, 9.89303589449e-05, 5.57616986043e-05, 1.25852932342e-06, 2.87240050056e-06, 4.23876326749e-06, 1.3783084114e-06, 7.97182110546e-07, 6.19095601451e-07, 5.9721122625e-07, 9.1753435072e-07, 9.04101170818e-07, 1.63622166838e-06, 1.19622893635e-06, 9.78724301604e-07, 5.68420318814e-07, 9.98317091216e-07, 8.87594069354e-07, 8.07443541362e-07, 5.44098156752e-07, 2.21255831434e-07, 2.97259987292e-07, 4.36307033169e-07, 4.17169331968e-07, 2.48417872939e-08],
        "max": [0.0187576562166, 0.0711569339037, 0.0716953799129, 0.0793359875679, 0.0924322530627, 0.0141674820334, 0.0167316105217, 0.0140080442652, 0.0128216575831, 0.00977646838874, 0.0158048085868, 0.0144812865183, 0.0118800355121, 0.0192728321999, 0.0218734182417, 0.0184657927603, 0.0163166690618, 0.0128327384591, 0.00921525247395, 0.0098535483703, 0.00840214453638, 0.00850511156023, 0.00528344325721, 0.00563667761162, 0.0073218587786, 0.00541264889762, 0.00158475502394],
        "mean": [0.000402922625653, 0.00590328685939, 0.0021215765737, 0.00130791217089, 0.00148568639997, 0.000768742524087, 0.000860639789607, 0.000711002387106, 0.000781879061833, 0.000619034341071, 0.000566455244552, 0.000393829250243, 0.000616620818619, 0.000559084117413, 0.000754827400669, 0.000647045962978, 0.000722843571566, 0.000489223806653, 0.000797340762801, 0.000823121226858, 0.000766263983678, 0.000499086629134, 0.000334309355821, 0.000323120853864, 0.000374584575184, 0.000273315730738, 6.79365330143e-05],
        "median": [2.45663686655e-05, 0.00157031125855, 0.000663837301545, 0.000278550520306, 0.00056343030883, 0.000412666326156, 0.000427157239756, 0.000286279682769, 0.000373531365767, 0.00025886297226, 0.000280427571852, 0.00017583531735, 0.000323561805999, 0.000253731268458, 0.000302987318719, 0.000274794903817, 0.000396708957851, 0.000286880298518, 0.000478210771689, 0.000564993359149, 0.000557939929422, 0.000272637465969, 0.000190183214727, 0.000146238846355, 0.000169974329765, 5.5929802329e-05, 1.79991877758e-06],
        "min": [6.32336233743e-26, 2.55064191144e-24, 6.6140938193e-25, 7.21695710029e-25, 4.50886624356e-24, 5.27599758072e-24, 3.6515053905e-24, 5.743593699e-24, 1.48503270512e-23, 1.82285954788e-23, 6.72662640515e-24, 2.02457775e-23, 2.84585547417e-23, 1.16244491955e-23, 2.9352772754e-23, 5.10716343986e-23, 5.79439476357e-23, 6.74500497098e-23, 1.05974867188e-22, 1.69501646559e-22, 2.16185021291e-22, 2.58537562275e-22, 3.2691097683e-22, 5.34991531482e-22, 8.03874505969e-22, 1.15698303597e-21, 1.85316002973e-21],
        "var": [1.13460134799e-06, 7.41085168556e-05, 2.50301382039e-05, 2.5996907425e-05, 1.66196732607e-05, 1.24380733268e-06, 1.66699123838e-06, 1.56971952947e-06, 1.40900226597e-06, 1.06986897208e-06, 6.94815128099e-07, 4.8611514103e-07, 7.63778359669e-07, 8.32089881442e-07, 1.63680590504e-06, 1.31774083911e-06, 1.10778773887e-06, 3.95220126848e-07, 9.44289240579e-07, 9.13567987482e-07, 7.21563367279e-07, 4.35435879353e-07, 2.22419686224e-07, 2.44911632308e-07, 3.27569438241e-07, 2.25276949095e-07, 1.57289647973e-08]
    },
    "erbbands": {
        "dmean": [0.0802002847195, 0.747659087181, 1.77124190331, 4.14799880981, 4.01550102234, 4.53185129166, 3.12266159058, 3.30791068077, 5.35491418839, 10.708231926, 10.6723766327, 10.647310257, 9.75472831726, 10.0226993561, 11.3886356354, 10.8086986542, 17.0646057129, 16.805847168, 16.6141834259, 29.2650871277, 20.1742324829, 18.0107250214, 14.2315235138, 17.89311409, 19.5909824371, 20.2674751282, 14.402926445, 12.9335575104, 9.7541437149, 5.6726064682, 4.39146375656, 3.61574244499, 2.7057352066, 2.14110565186, 1.4727755785, 0.917722463608, 0.279045313597, 0.0797010883689, 0.0075334510766, 0.000113920905278],
        "dmean2": [0.123152755201, 1.13488185406, 2.8418598175, 7.4055390358, 6.90916872025, 7.60187244415, 5.1783413887, 5.39731836319, 9.13838386536, 17.9745426178, 17.968914032, 17.2569007874, 15.1601228714, 15.6992845535, 17.8961410522, 17.3563137054, 27.0136871338, 26.5463352203, 26.2783298492, 46.8869934082, 31.7726898193, 28.8261489868, 23.6160316467, 29.7328033447, 32.3414459229, 33.786857605, 24.0976696014, 21.948923111, 16.3666057587, 9.43971824646, 7.13844490051, 5.90282249451, 4.46536207199, 3.46505141258, 2.38709998131, 1.50239944458, 0.456550687551, 0.131104528904, 0.0124205583706, 0.000185536191566],
        "dvar": [0.0269403923303, 2.72957968712, 23.9126911163, 251.60635376, 242.838363647, 379.854980469, 67.7110443115, 38.464717865, 137.799636841, 512.343078613, 573.516601562, 338.8565979, 293.947296143, 335.497070312, 309.682403564, 443.944061279, 805.148681641, 929.672912598, 1123.62817383, 3432.77807617, 1531.53051758, 895.353942871, 524.607971191, 981.939819336, 959.079345703, 1064.2545166, 448.974212646, 554.316467285, 319.008209229, 119.674049377, 78.2282867432, 53.2110862732, 35.1166610718, 20.5190620422, 9.77480792999, 4.75406551361, 0.358379840851, 0.0288281757385, 0.000225183932343, 4.95364851361e-08],
        "dvar2": [0.0639945268631, 6.22679948807, 56.3258247375, 689.166137695, 643.207580566, 969.248840332, 181.032699585, 103.820228577, 377.21484375, 1405.34130859, 1561.60192871, 844.318054199, 666.754272461, 722.343444824, 719.881286621, 1099.13647461, 1939.35424805, 2160.94921875, 2428.98242188, 7733.08837891, 3301.45629883, 2118.18920898, 1387.79956055, 2535.57592773, 2476.68603516, 2709.51147461, 1218.70288086, 1543.63061523, 863.093322754, 314.448425293, 195.049682617, 139.496490479, 93.2553787231, 53.1751785278, 25.1984329224, 12.5163784027, 0.945599973202, 0.0754331946373, 0.000586785201449, 1.28831587176e-07],
        "max": [3.3867456913, 16.71443367, 62.6507835388, 178.336166382, 352.269195557, 375.043762207, 126.257637024, 153.014907837, 216.763183594, 295.806488037, 332.818206787, 303.885528564, 372.329071045, 371.824707031, 474.600463867, 738.832580566, 616.662719727, 1027.3614502, 646.210998535, 1584.69335938, 1019.17059326, 797.869995117, 360.454742432, 802.271789551, 471.903564453, 551.521606445, 348.308837891, 513.00994873, 346.658660889, 200.80607605, 146.654190063, 121.693405151, 112.180130005, 68.9213104248, 55.7697868347, 31.6314563751, 8.08215999603, 2.80971598625, 0.200121060014, 0.00287024048157],
        "mean": [0.184646740556, 1.25484144688, 2.42984509468, 3.84919500351, 4.319668293, 5.37226295471, 4.96583414078, 6.69557142258, 8.79632663727, 17.0863494873, 16.6441307068, 18.8466129303, 19.6179904938, 19.0651054382, 21.1930427551, 19.4146347046, 29.5807495117, 29.1522464752, 28.464263916, 47.2066497803, 38.8044242859, 36.2665100098, 28.9233474731, 34.9199752808, 40.6588401794, 42.6516647339, 32.2647171021, 27.3069553375, 19.5288696289, 11.8813304901, 9.28031635284, 7.25180959702, 5.25915241241, 4.15698480606, 2.61229038239, 1.37277281284, 0.444680929184, 0.122716382146, 0.0109285321087, 0.000201871866011],
        "median": [0.039731554687, 0.376216679811, 0.935776770115, 1.12039029598, 1.23178339005, 1.82037389278, 2.44256949425, 3.63798332214, 4.33745718002, 7.93225431442, 7.42999887466, 9.97158813477, 9.68040466309, 10.6917076111, 12.6624898911, 10.4826049805, 16.5640888214, 15.0524721146, 12.7649002075, 19.6334991455, 19.3468647003, 21.5604362488, 18.4505348206, 22.2694187164, 25.6574478149, 28.3350887299, 26.5177993774, 16.7324428558, 10.3784990311, 6.92053604126, 5.21347379684, 3.59843230247, 2.29380536079, 1.92876338959, 1.06974208355, 0.361902654171, 0.0849453285336, 0.0111750476062, 0.000361636688467, 4.81919923914e-05],
        "min": [9.96451987458e-23, 4.30645049907e-22, 1.41391470463e-21, 3.19190863419e-21, 9.32590726015e-21, 1.01675481853e-20, 2.72965240057e-20, 4.35807117372e-20, 8.3173340172e-20, 1.69946286026e-19, 1.3597307354e-19, 3.2611081247e-19, 4.1030060898e-19, 2.32534868301e-19, 6.20218679124e-19, 1.00435825367e-18, 1.39973021714e-18, 1.51551172146e-18, 1.44575320226e-18, 2.98473007314e-18, 3.28822263989e-18, 3.91141865223e-18, 4.09837925505e-18, 4.63290874355e-18, 7.06248957667e-18, 8.18540132028e-18, 8.74723893594e-18, 9.99505412487e-18, 7.53260692447e-18, 9.35023375016e-18, 1.03559042225e-17, 1.04744689828e-17, 8.34454342551e-18, 8.00529928551e-18, 5.82737036938e-18, 3.81100471613e-18, 2.18392452801e-18, 9.74097298522e-19, 2.50103486578e-19, 2.50313205944e-20],
        "var": [0.0824957415462, 4.15224742889, 24.9716854095, 165.539291382, 192.821182251, 307.130981445, 72.810005188, 98.4931182861, 209.120788574, 733.89263916, 799.57019043, 736.074035645, 935.539733887, 875.784118652, 795.206604004, 893.167297363, 1675.1015625, 2019.22766113, 2540.26489258, 7002.40283203, 3985.75439453, 2314.35473633, 1105.90466309, 1964.16442871, 2371.02392578, 2828.2109375, 1073.46166992, 1209.14562988, 687.575866699, 267.230255127, 176.994171143, 115.266319275, 70.0045166016, 41.2314338684, 17.2385826111, 6.05055713654, 0.565177679062, 0.0458403378725, 0.000399569689762, 9.65041095924e-08]
    },
    "gfcc": {
        "mean": [-30.7077541351, 50.927936554, -124.687843323, 30.4923858643, -47.330997467, 11.6631908417, -27.609664917, 15.7126026154, -19.7788543701, 10.0432395935, -15.6559228897, 1.00158953667, -10.8124523163],
        "cov": [[56565.1328125, -2891.54199219, 1216.24133301, 2991.78710938, -2519.8190918, 2205.14501953, -1324.73278809, 847.03729248, -1709.5111084, 1242.9967041, -1107.63696289, 831.343139648, -677.860412598], [-2891.54199219, 2503.703125, -500.57723999, 135.660812378, 397.388549805, -362.256103516, 103.141014099, -158.598617554, 148.98008728, -327.139984131, 134.740081787, -266.09197998, 57.503578186], [1216.24133301, -500.57723999, 2562.14160156, 799.16583252, 44.5329208374, 407.576812744, -48.869430542, -66.9905471802, -276.022064209, 68.4408035278, -52.836479187, 221.050704956, 34.4464378357], [2991.78710938, 135.660812378, 799.16583252, 880.770812988, -92.6205368042, 357.19934082, -65.7661972046, -24.0237960815, -200.543945312, 32.332069397, -34.8524055481, 75.0675354004, 45.6239585876], [-2519.8190918, 397.388549805, 44.5329208374, -92.6205368042, 738.742370605, -77.504234314, 195.155456543, 83.0487289429, 167.09022522, -69.8315200806, 72.4256591797, -114.139251709, -15.3620023727], [2205.14501953, -362.256103516, 407.576812744, 357.19934082, -77.504234314, 425.132568359, 31.4243755341, 71.2959213257, -82.1685791016, 99.5280914307, -48.6422462463, 89.7494354248, -3.55426216125], [-1324.73278809, 103.141014099, -48.869430542, -65.7661972046, 195.155456543, 31.4243755341, 237.902877808, 85.2939147949, 108.237319946, 9.2985906601, 57.6840362549, -16.814283371, 4.87671661377], [847.03729248, -158.598617554, -66.9905471802, -24.0237960815, 83.0487289429, 71.2959213257, 85.2939147949, 207.543212891, 68.3976211548, 78.7870101929, 12.9807243347, 23.8188610077, -18.1553115845], [-1709.5111084, 148.98008728, -276.022064209, -200.543945312, 167.09022522, -82.1685791016, 108.237319946, 68.3976211548, 234.366943359, 20.6851730347, 64.8716430664, -35.8901901245, 12.3190250397], [1242.9967041, -327.139984131, 68.4408035278, 32.332069397, -69.8315200806, 99.5280914307, 9.2985906601, 78.7870101929, 20.6851730347, 186.395233154, 27.0198421478, 79.8180847168, 3.4039273262], [-1107.63696289, 134.740081787, -52.836479187, -34.8524055481, 72.4256591797, -48.6422462463, 57.6840362549, 12.9807243347, 64.8716430664, 27.0198421478, 147.963546753, 35.8271522522, 52.1286468506], [831.343139648, -266.09197998, 221.050704956, 75.0675354004, -114.139251709, 89.7494354248, -16.814283371, 23.8188610077, -35.8901901245, 79.8180847168, 35.8271522522, 157.659545898, 52.2317314148], [-677.860412598, 57.503578186, 34.4464378357, 45.6239585876, -15.3620023727, -3.55426216125, 4.87671661377, -18.1553115845, 12.3190250397, 3.4039273262, 52.1286468506, 52.2317314148, 120.860641479]],
        "icov": [[6.79474251228e-05, -7.08930019755e-05, 7.90211342974e-05, -0.000142974749906, 3.06715264742e-05, -6.94495101925e-05, 0.000245875009568, -0.000333816802595, 0.000316882040352, -0.000355644064257, 0.000341795850545, -0.000326888693962, 0.000359627330909], [-7.08930019755e-05, 0.00097793363966, 9.82859564829e-05, -0.000699293741491, -0.000138646209962, 0.000777949986514, -0.000560373999178, 0.000674696115311, -0.000843421847094, 0.00136892823502, -0.00103814573959, 0.00101103074849, -0.000439468043623], [7.90211342974e-05, 9.82859564829e-05, 0.000844321970362, -0.000841100583784, -0.000417258357629, 4.84668598801e-05, 7.18061637599e-05, 0.000165212739375, 0.000595461810008, -0.000316180754453, 0.000678285956383, -0.00148512271699, 0.000741091265809], [-0.000142974749906, -0.000699293741491, -0.000841100583784, 0.00372416432947, 6.95381968399e-05, -0.00253368285485, 0.000531098572537, 0.000184093631105, 0.00101012352388, 4.7974899644e-05, -0.00107398233376, 0.00162636453751, -0.00203869282268], [3.06715264742e-05, -0.000138646209962, -0.000417258357629, 6.95381968399e-05, 0.00248745991848, 4.58881477243e-05, -0.000858470622916, -0.00112228409853, -0.000744012184441, 0.000608698290307, -0.000802720780484, 0.00164473406039, 0.000208352910704], [-6.94495101925e-05, 0.000777949986514, 4.84668598801e-05, -0.00253368285485, 4.58881477243e-05, 0.00616202922538, -0.00251547992229, -9.98178002192e-05, -0.000402185542043, -0.000534562102985, 0.00163579091895, -0.00121245894115, 0.000331026007188], [0.000245875009568, -0.000560373999178, 7.18061637599e-05, 0.000531098572537, -0.000858470622916, -0.00251547992229, 0.00852443650365, -0.00312180281617, -0.000409235741245, -0.000497138826177, -0.000967983505689, -0.00037920390605, 0.00106577994302], [-0.000333816802595, 0.000674696115311, 0.000165212739375, 0.000184093631105, -0.00112228409853, -9.98178002192e-05, -0.00312180281617, 0.00974598061293, -0.0029462671373, -0.000512660073582, -0.000632734328974, -0.000182868083357, -0.000198768262635], [0.000316882040352, -0.000843421847094, 0.000595461810008, 0.00101012352388, -0.000744012184441, -0.000402185542043, -0.000409235741245, -0.0029462671373, 0.0103376153857, -0.00397795578465, 0.000454009888927, -4.71461535199e-05, -2.20297151827e-05], [-0.000355644064257, 0.00136892823502, -0.000316180754453, 4.7974899644e-05, 0.000608698290307, -0.000534562102985, -0.000497138826177, -0.000512660073582, -0.00397795578465, 0.0123979579657, -0.00450171157718, -0.000693671405315, -0.000271573022474], [0.000341795850545, -0.00103814573959, 0.000678285956383, -0.00107398233376, -0.000802720780484, 0.00163579091895, -0.000967983505689, -0.000632734328974, 0.000454009888927, -0.00450171157718, 0.0139932800084, -0.00603536423296, -0.000833564845379], [-0.000326888693962, 0.00101103074849, -0.00148512271699, 0.00162636453751, 0.00164473406039, -0.00121245894115, -0.00037920390605, -0.000182868083357, -4.71461535199e-05, -0.000693671405315, -0.00603536423296, 0.0170009341091, -0.00706360070035], [0.000359627330909, -0.000439468043623, 0.000741091265809, -0.00203869282268, 0.000208352910704, 0.000331026007188, 0.00106577994302, -0.000198768262635, -2.20297151827e-05, -0.000271573022474, -0.000833564845379, -0.00706360070035, 0.014443882741]]
    },
    "melbands": {
        "dmean": [0.000767988327425, 0.000914684031159, 0.000691536988597, 0.000292805983918, 0.000131476219394, 7.42894335417e-05, 8.61634252942e-05, 0.000115271068353, 8.68548813742e-05, 6.33529780316e-05, 4.92731887789e-05, 4.13982706959e-05, 4.85170203319e-05, 2.64630925813e-05, 3.71326605091e-05, 3.33595198754e-05, 3.27156230924e-05, 2.78932147921e-05, 3.18899110425e-05, 3.31368682964e-05, 2.6393268854e-05, 2.09257505048e-05, 1.85905955732e-05, 1.43409824886e-05, 1.59602132044e-05, 1.6812748072e-05, 1.43338156704e-05, 1.38174737003e-05, 1.01799032564e-05, 9.19540070754e-06, 8.30994031276e-06, 6.31195280221e-06, 4.32810611528e-06, 3.04972104459e-06, 2.66960773843e-06, 2.55666145677e-06, 2.30013461078e-06, 2.05308401746e-06, 1.83095983175e-06, 1.86611350728e-06],
        "dmean2": [0.00116991403047, 0.00139017368201, 0.00121617747936, 0.000496433814988, 0.000218572211452, 0.00012053505634, 0.000146292193676, 0.000196499211597, 0.000144872785313, 0.000102645622974, 7.63606949477e-05, 6.46800472168e-05, 7.57103043725e-05, 4.26378828706e-05, 5.88354196225e-05, 5.26086259924e-05, 5.1678820455e-05, 4.4061052904e-05, 5.15290666954e-05, 5.24683055119e-05, 4.14255373471e-05, 3.32218478434e-05, 3.04584209516e-05, 2.38947250182e-05, 2.64474692813e-05, 2.77261424344e-05, 2.37565363932e-05, 2.31151680055e-05, 1.7082242266e-05, 1.5497484128e-05, 1.42348226291e-05, 1.06906873043e-05, 7.29489920559e-06, 5.12971837452e-06, 4.38419920101e-06, 4.16779130319e-06, 3.80646520171e-06, 3.42770022144e-06, 3.00863644043e-06, 3.02400530927e-06],
        "dvar": [2.18189256884e-06, 4.94039386467e-06, 6.5506651481e-06, 1.24835457882e-06, 1.75386020373e-07, 1.83027246692e-08, 3.46081456826e-08, 6.62444179511e-08, 3.26899396441e-08, 1.16215996826e-08, 7.51846140901e-09, 6.46001652171e-09, 5.70203351202e-09, 3.17528359162e-09, 3.53673179632e-09, 3.2555935725e-09, 3.63975405371e-09, 3.32625793575e-09, 3.60891205808e-09, 4.27742152809e-09, 2.84684831264e-09, 1.47120926552e-09, 1.04066844031e-09, 6.22984774878e-10, 8.55496007368e-10, 7.29096061303e-10, 5.32070887349e-10, 5.02599128982e-10, 2.43599529437e-10, 2.46725889719e-10, 2.6132784825e-10, 1.29004959493e-10, 6.97356686286e-11, 3.51690829237e-11, 2.83625553599e-11, 2.49619405007e-11, 2.33569344421e-11, 2.13173437236e-11, 1.42354366142e-11, 1.54272306735e-11],
        "dvar2": [4.81749157188e-06, 1.1104521036e-05, 1.74212527781e-05, 3.24212624037e-06, 4.60567889604e-07, 4.88767604168e-08, 9.5314632631e-08, 1.86649003808e-07, 8.79959429767e-08, 2.90057879937e-08, 1.69757949919e-08, 1.37517135457e-08, 1.30227739703e-08, 7.97273269626e-09, 8.58358450984e-09, 7.83923415071e-09, 8.36800495563e-09, 7.18511872222e-09, 8.49169623507e-09, 9.4968619635e-09, 6.08446892869e-09, 3.28565263885e-09, 2.64581889731e-09, 1.60656732362e-09, 2.18021312115e-09, 1.85217141624e-09, 1.3674391619e-09, 1.28796051602e-09, 6.60278554054e-10, 6.94328927686e-10, 7.28107574233e-10, 3.53146817345e-10, 1.90499532815e-10, 9.23139481523e-11, 7.1797630341e-11, 6.32213656426e-11, 6.25512419639e-11, 5.76761138849e-11, 3.71963328194e-11, 3.94907995194e-11],
        "max": [0.0238548777997, 0.0243029147387, 0.0300088003278, 0.0236580725759, 0.00830047018826, 0.00312400050461, 0.00340672046877, 0.00306266336702, 0.00252677989192, 0.00165116274729, 0.001863365178, 0.0016215776559, 0.00232196273282, 0.00146901642438, 0.000986220664345, 0.00110422284342, 0.0023603590671, 0.00110505591147, 0.00142106122803, 0.00153633765876, 0.00133673078381, 0.000882565567736, 0.000644276849926, 0.000609250681009, 0.000691913592163, 0.000570635078475, 0.000456621783087, 0.000376009469619, 0.000320581078995, 0.000314687960781, 0.000357496930519, 0.000197850866243, 0.000117197705549, 0.000128941086587, 9.12260875339e-05, 7.99530316726e-05, 9.13923795451e-05, 9.77090676315e-05, 6.78157011862e-05, 7.7639168012e-05],
        "mean": [0.00166921026539, 0.00144846958574, 0.000686947954819, 0.000345990905771, 0.000196765133296, 0.000151362182805, 0.000144390010973, 0.00017736472364, 0.000136841641506, 0.00011236260616, 9.64684586506e-05, 7.57700545364e-05, 8.34756210679e-05, 4.37280941696e-05, 6.29693895462e-05, 5.73106153752e-05, 5.34981227247e-05, 4.43758035544e-05, 5.05184216308e-05, 5.52509482077e-05, 4.5736964239e-05, 3.8161786506e-05, 3.23084786942e-05, 2.47847583523e-05, 2.77240578725e-05, 3.20111830661e-05, 2.73825153272e-05, 2.73311507044e-05, 2.03657873499e-05, 1.77147885552e-05, 1.54511599249e-05, 1.17362933452e-05, 7.95534288045e-06, 6.02654790782e-06, 5.31498881173e-06, 4.9385348575e-06, 4.23967549068e-06, 3.74779460799e-06, 3.3903406802e-06, 3.54270537173e-06],
        "median": [0.000426446087658, 0.000553810154088, 0.000221689682803, 0.00011383020319, 9.48593005887e-05, 8.23801237857e-05, 7.43377313484e-05, 8.59105057316e-05, 6.02832660661e-05, 5.67532042623e-05, 4.39652285422e-05, 3.7466732465e-05, 4.26517581218e-05, 2.04522184504e-05, 3.45081098203e-05, 3.04996428895e-05, 2.41435482167e-05, 1.67033740581e-05, 2.07707926165e-05, 2.31151971093e-05, 1.9275381419e-05, 1.97303215828e-05, 1.74241649802e-05, 1.43122861118e-05, 1.494388016e-05, 1.86746601685e-05, 1.60940126079e-05, 1.74368615262e-05, 1.5545887436e-05, 1.18179177662e-05, 7.96728090791e-06, 5.88532520851e-06, 4.33909508502e-06, 3.29832096213e-06, 2.91173569167e-06, 2.61667264567e-06, 1.83884128546e-06, 1.52854386215e-06, 1.48737490235e-06, 1.62610035659e-06],
        "min": [8.28456003422e-25, 4.90828071937e-25, 7.00267388222e-25, 8.32513115057e-25, 8.6021455739e-25, 8.64371262714e-25, 9.79575424629e-25, 1.72499977486e-24, 1.09173073775e-24, 2.07258648363e-24, 1.79760850473e-24, 5.63150395994e-25, 1.43864287184e-24, 1.76126627448e-24, 1.77172440071e-24, 2.37244691042e-24, 2.20396949246e-24, 1.66948309701e-24, 3.21389466409e-24, 3.19741575421e-24, 2.88791623602e-24, 2.87592811406e-24, 3.71381593568e-24, 3.05685868748e-24, 3.16325432992e-24, 3.91832496991e-24, 4.22167945886e-24, 4.26354470153e-24, 4.48337183683e-24, 4.55954187925e-24, 5.008785543e-24, 3.57117923439e-24, 4.63728806577e-24, 4.50252577404e-24, 4.81325847903e-24, 5.02493194801e-24, 5.51956587938e-24, 5.63242268707e-24, 6.15460758556e-24, 5.75198717903e-24],
        "var": [5.63510820939e-06, 6.38404389974e-06, 4.65199764221e-06, 1.0254038898e-06, 1.57719114213e-07, 4.85780233817e-08, 5.13870439534e-08, 7.756383269e-08, 4.83692623732e-08, 2.71565347987e-08, 2.41529996003e-08, 1.67364984094e-08, 1.47684069418e-08, 6.36186303637e-09, 7.39167127506e-09, 6.5120353554e-09, 7.93427368251e-09, 7.27574978043e-09, 7.03368119304e-09, 9.81313519333e-09, 7.06995351152e-09, 3.45582873429e-09, 2.46748155242e-09, 1.13742937291e-09, 1.62727131769e-09, 1.73547753946e-09, 1.20134613368e-09, 1.25792187777e-09, 5.20639698021e-10, 4.79872253045e-10, 4.91189644514e-10, 2.69771704975e-10, 1.23432000732e-10, 7.55506421313e-11, 6.07946540332e-11, 5.1990873412e-11, 4.49028314531e-11, 3.88951162944e-11, 2.81688023601e-11, 3.07109095099e-11]
    },
    "mfcc": {
        "mean": [-651.261779785, 80.1363143921, -10.5301837921, 21.6166286469, 2.80672025681, 4.14977264404, 4.09783840179, 2.98529338837, 5.80672597885, 6.23133802414, 2.94481492043, 4.90821647644, 1.54627490044],
        "cov": [[24119.9453125, -442.631011963, 1593.94067383, 1198.75695801, -347.433654785, 720.325256348, 544.532226562, -85.4746856689, 54.3978233337, -88.3085708618, -328.009918213, -242.089752197, 408.579681396], [-442.631011963, 1483.87194824, -93.7968826294, 280.527618408, 148.962356567, -59.6761703491, 4.74102735519, 58.7762947083, -50.5137863159, 62.7927055359, 14.608417511, -1.88071548939, -36.1249237061], [1593.94067383, -93.7968826294, 1131.64135742, 391.240447998, 91.6653137207, 259.245361328, 99.8514175415, 1.8671681881, -46.0373420715, -125.149658203, -117.845245361, -131.102935791, 9.96801567078], [1198.75695801, 280.527618408, 391.240447998, 496.558319092, 172.61088562, 146.818313599, 143.406982422, 26.8508338928, -19.0697803497, 13.8397083282, -77.5994796753, -60.659412384, 30.2749099731], [-347.433654785, 148.962356567, 91.6653137207, 172.61088562, 391.568847656, 84.3804244995, 98.4083480835, 89.4772262573, 33.7503166199, 81.695892334, 13.8355989456, -2.89911818504, -0.83755838871], [720.325256348, -59.6761703491, 259.245361328, 146.818313599, 84.3804244995, 258.666015625, 97.6824417114, 45.3548927307, 40.3894920349, -9.37371921539, -9.6043214798, -17.7881507874, 1.4546431303], [544.532226562, 4.74102735519, 99.8514175415, 143.406982422, 98.4083480835, 97.6824417114, 216.134185791, 80.4182510376, 32.5821151733, 42.9716148376, -1.11717522144, -0.363865286112, 32.4159584045], [-85.4746856689, 58.7762947083, 1.8671681881, 26.8508338928, 89.4772262573, 45.3548927307, 80.4182510376, 157.224517822, 64.871711731, 48.5071792603, 41.9271125793, 14.7331581116, -6.96918869019], [54.3978233337, -50.5137863159, -46.0373420715, -19.0697803497, 33.7503166199, 40.3894920349, 32.5821151733, 64.871711731, 136.219497681, 54.8854980469, 48.2197113037, 40.8246803284, 13.6089735031], [-88.3085708618, 62.7927055359, -125.149658203, 13.8397083282, 81.695892334, -9.37371921539, 42.9716148376, 48.5071792603, 54.8854980469, 148.338027954, 61.4470329285, 29.2916355133, 23.3043384552], [-328.009918213, 14.608417511, -117.845245361, -77.5994796753, 13.8355989456, -9.6043214798, -1.11717522144, 41.9271125793, 48.2197113037, 61.4470329285, 138.808578491, 75.548210144, -0.262729674578], [-242.089752197, -1.88071548939, -131.102935791, -60.659412384, -2.89911818504, -17.7881507874, -0.363865286112, 14.7331581116, 40.8246803284, 29.2916355133, 75.548210144, 124.123321533, 39.5775260925], [408.579681396, -36.1249237061, 9.96801567078, 30.2749099731, -0.83755838871, 1.4546431303, 32.4159584045, -6.96918869019, 13.6089735031, 23.3043384552, -0.262729674578, 39.5775260925, 111.902130127]],
