{
"lowlevel": {
    "average_loudness": 0.879884600639,
    "barkbands_crest": {
        "dmean": 2.87451267242,
        "dmean2": 4.41653680801,
        "dvar": 8.29365921021,
        "dvar2": 19.427192688,
        "max": 26.304649353,
        "mean": 11.8210926056,
        "median": 11.1589031219,
        "min": 1.68513226509,
        "var": 22.8441753387
    },
    "barkbands_flatness_db": {
        "dmean": 0.0272906757891,
        "dmean2": 0.0421683602035,
        "dvar": 0.00125642493367,
        "dvar2": 0.00281029730104,
        "max": 0.689028084278,
        "mean": 0.128953710198,
        "median": 0.0992810726166,
        "min": 0.00830176193267,
        "var": 0.00683177169412
    },
    "barkbands_kurtosis": {
        "dmean": 4.85031032562,
        "dmean2": 7.87085485458,
        "dvar": 160.03729248,
        "dvar2": 424.125549316,
        "max": 638.27911377,
        "mean": 6.56487512589,
        "median": 2.10348296165,
        "min": -1.88125741482,
        "var": 201.843994141
    },
    "barkbands_skewness": {
        "dmean": 0.744088947773,
        "dmean2": 1.14824807644,
        "dvar": 1.14116764069,
        "dvar2": 2.74072861671,
        "max": 18.0749320984,
        "mean": 1.89165771008,
        "median": 1.53300309181,
        "min": -2.5116186142,
        "var": 2.41920089722
    },
    "barkbands_spread": {
        "dmean": 8.56711483002,
        "dmean2": 14.1597757339,
        "dvar": 133.628799438,
        "dvar2": 356.447021484,
        "max": 103.092796326,
        "mean": 30.6864929199,
        "median": 29.762260437,
        "min": 0.141902729869,
        "var": 373.011138916
    },
    "dissonance": {
        "dmean": 0.0180643722415,
        "dmean2": 0.0305253975093,
        "dvar": 0.000410205859225,
        "dvar2": 0.00107316055801,
        "max": 0.500000178814,
        "mean": 0.468169242144,
        "median": 0.476737827063,
        "min": 0.210309922695,
        "var": 0.0010532141896
    },
    "dynamic_complexity": 3.92812395096,
    "erbbands_crest": {
        "dmean": 2.91864943504,
        "dmean2": 4.72174692154,
        "dvar": 7.82954549789,
        "dvar2": 19.2976284027,
        "max": 32.8233757019,
        "mean": 8.82037353516,
        "median": 7.49730110168,
        "min": 2.13491392136,
        "var": 23.0366077423
    },
    "erbbands_flatness_db": {
        "dmean": 0.0169909056276,
        "dmean2": 0.0266659464687,
        "dvar": 0.000394080678234,
        "dvar2": 0.000906984321773,
        "max": 0.483480274677,
        "mean": 0.123236455023,
        "median": 0.101936608553,
        "min": 0.0489844530821,
        "var": 0.00337705784477
    },
    "erbbands_kurtosis": {
        "dmean": 1.21977579594,
        "dmean2": 1.95376884937,
        "dvar": 7.23159599304,
        "dvar2": 15.5967512131,
        "max": 119.040168762,
        "mean": 0.876871645451,
        "median": -0.0944164991379,
        "min": -1.84827578068,
        "var": 18.8425216675
    },
    "erbbands_skewness": {
        "dmean": 0.450783938169,
        "dmean2": 0.702829778194,
        "dvar": 0.242083519697,
        "dvar2": 0.641078293324,
        "max": 6.25771284103,
        "mean": 0.355500400066,
        "median": 0.273642241955,
        "min": -2.72251820564,
        "var": 0.724695086479
    },
    "erbbands_spread": {
        "dmean": 10.5248594284,
        "dmean2": 16.4278621674,
        "dvar": 170.837188721,
        "dvar2": 377.958496094,
        "max": 175.550521851,
        "mean": 46.1926307678,
        "median": 43.7224807739,
        "min": 0.585293352604,
        "var": 564.701293945
    },
    "hfc": {
        "dmean": 8.9706401825,
        "dmean2": 14.6196565628,
        "dvar": 228.643112183,
        "dvar2": 619.037719727,
        "max": 168.52230835,
        "mean": 27.9929981232,
        "median": 28.8143157959,
        "min": 1.10953103841e-16,
        "var": 439.182769775
    },
    "melbands_crest": {
        "dmean": 3.6638572216,
        "dmean2": 5.74553442001,
        "dvar": 15.0413036346,
        "dvar2": 35.6074943542,
        "max": 39.6323318481,
        "mean": 18.3856105804,
        "median": 17.4141845703,
        "min": 2.10271120071,
        "var": 51.1652679443
    },
    "melbands_flatness_db": {
        "dmean": 0.0339640751481,
        "dmean2": 0.0520928315818,
        "dvar": 0.00190980371553,
        "dvar2": 0.00443010823801,
        "max": 0.826507389545,
        "mean": 0.212012097239,
        "median": 0.186873435974,
        "min": 0.00563870137557,
        "var": 0.00884414836764
    },
    "melbands_kurtosis": {
        "dmean": 18.7012615204,
        "dmean2": 29.2726631165,
        "dvar": 2246.53295898,
        "dvar2": 4942.97119141,
        "max": 1151.35437012,
        "mean": 28.1173667908,
        "median": 10.860660553,
        "min": -1.78423440456,
        "var": 3326.06347656
    },
    "melbands_skewness": {
        "dmean": 1.26808178425,
        "dmean2": 1.88302516937,
        "dvar": 3.73780727386,
        "dvar2": 7.89567089081,
        "max": 27.75041008,
        "mean": 3.60276389122,
        "median": 2.92319273949,
        "min": -2.34012126923,
        "var": 8.40966415405
    },
    "melbands_spread": {
        "dmean": 9.64033031464,
        "dmean2": 15.6070756912,
        "dvar": 268.840362549,
        "dvar2": 699.175109863,
        "max": 213.048919678,
        "mean": 24.2655963898,
        "median": 20.2669906616,
        "min": 0.0928651243448,
        "var": 429.895568848
    },
    "pitch_salience": {
        "dmean": 0.0922669395804,
        "dmean2": 0.141249909997,
        "dvar": 0.00978313107044,
        "dvar2": 0.0220970381051,
        "max": 0.990473270416,
        "mean": 0.476756811142,
        "median": 0.490133911371,
        "min": 0.0358172431588,
        "var": 0.0209652632475
    },
    "silence_rate_20dB": {
        "dmean": 0,
        "dmean2": 0,
        "dvar": 0,
        "dvar2": 0,
        "max": 1,
        "mean": 1,
        "median": 1,
        "min": 1,
        "var": 0
    },
    "silence_rate_30dB": {
        "dmean": 0.0417536534369,
        "dmean2": 0.0835142806172,
        "dvar": 0.0400083810091,
        "dvar2": 0.0807148516178,
        "max": 1,
        "mean": 0.951569795609,
        "median": 1,
        "min": 0,
        "var": 0.0460849478841
    },
    "silence_rate_60dB": {
        "dmean": 0.0153653444722,
        "dmean2": 0.0307332556695,
        "dvar": 0.0151269361377,
        "dvar2": 0.0403127968311,
        "max": 1,
        "mean": 0.0795758217573,
        "median": 0,
        "min": 0,
        "var": 0.0732462257147
    },
    "spectral_centroid": {
        "dmean": 326.110229492,
        "dmean2": 519.101989746,
        "dvar": 164151.953125,
        "dvar2": 393975.84375,
        "max": 11446.9013672,
        "mean": 1566.59118652,
        "median": 1505.73937988,
        "min": 89.8563690186,
        "var": 726766.125
    },
    "spectral_complexity": {
        "dmean": 5.37837171555,
        "dmean2": 8.66260242462,
        "dvar": 46.8117752075,
        "dvar2": 124.261253357,
        "max": 56,
        "mean": 18.3708248138,
        "median": 19,
        "min": 0,
        "var": 111.431907654
    },
    "spectral_decrease": {
        "dmean": 2.85585133319e-09,
        "dmean2": 4.2720582627e-09,
        "dvar": 2.79704572864e-17,
        "dvar2": 6.10854816746e-17,
        "max": 1.83928587229e-22,
        "mean": -8.88358986373e-09,
        "median": -6.96405200173e-09,
        "min": -5.91569744302e-08,
        "var": 6.87096715549e-17
    },
    "spectral_energy": {
        "dmean": 0.0111550008878,
        "dmean2": 0.0166368223727,
        "dvar": 0.000400395772886,
        "dvar2": 0.000863823632244,
        "max": 0.228354871273,
        "mean": 0.0360677093267,
        "median": 0.0293834358454,
        "min": 1.03944872867e-20,
        "var": 0.0010480012279
    },
    "spectral_energyband_high": {
        "dmean": 0.000775568012614,
        "dmean2": 0.00131283455994,
        "dvar": 1.9754056666e-06,
        "dvar2": 5.74079240323e-06,
        "max": 0.0169753246009,
        "mean": 0.00182086159475,
        "median": 0.00179089023732,
        "min": 7.25812617321e-21,
        "var": 2.63539891421e-06
    },
    "spectral_energyband_low": {
        "dmean": 0.00797322019935,
        "dmean2": 0.0118990363553,
        "dvar": 0.00025057073799,
        "dvar2": 0.000541267741937,
        "max": 0.153560638428,
        "mean": 0.0196196269244,
        "median": 0.0136570502073,
        "min": 3.98071235015e-23,
        "var": 0.00052039779257
    },
    "spectral_energyband_middle_high": {
        "dmean": 0.00237786606885,
        "dmean2": 0.00374441687018,
        "dvar": 1.43171937452e-05,
        "dvar2": 3.64678453479e-05,
        "max": 0.0380368307233,
        "mean": 0.00517558678985,
        "median": 0.00398455979303,
        "min": 1.30349346397e-21,
        "var": 2.79668020085e-05
    },
    "spectral_energyband_middle_low": {
        "dmean": 0.0073946188204,
        "dmean2": 0.0121805928648,
        "dvar": 0.000467176607344,
        "dvar2": 0.00118424347602,
        "max": 0.220318689942,
        "mean": 0.0121693657711,
        "median": 0.00602328497916,
        "min": 1.89078750846e-22,
        "var": 0.000526385672856
    },
    "spectral_entropy": {
        "dmean": 0.185784041882,
        "dmean2": 0.286394774914,
        "dvar": 0.0603777244687,
        "dvar2": 0.143611431122,
        "max": 9.81574344635,
        "mean": 7.77067947388,
        "median": 7.94087982178,
        "min": 3.31636810303,
        "var": 0.389086633921
    },
    "spectral_flux": {
        "dmean": 0.0292775090784,
        "dmean2": 0.0426293089986,
        "dvar": 0.00177605135832,
        "dvar2": 0.00316060730256,
        "max": 0.449119001627,
        "mean": 0.0899996981025,
        "median": 0.0699850916862,
        "min": 6.29006430275e-11,
        "var": 0.00522570358589
    },
    "spectral_kurtosis": {
        "dmean": 1.53639352322,
        "dmean2": 2.56186509132,
        "dvar": 12.5537643433,
        "dvar2": 34.4719848633,
        "max": 137.176376343,
        "mean": 4.60891294479,
        "median": 2.67838382721,
        "min": -1.22403085232,
        "var": 43.7787513733
    },
    "spectral_rms": {
        "dmean": 0.000853894336615,
        "dmean2": 0.00127718457952,
        "dvar": 1.4387965166e-06,
        "dvar2": 3.04831974063e-06,
        "max": 0.0149259921163,
        "mean": 0.00534969288856,
        "median": 0.00535413529724,
        "min": 3.18448782968e-12,
        "var": 6.56885458739e-06
    },
    "spectral_rolloff": {
        "dmean": 782.356811523,
        "dmean2": 1364.15637207,
        "dvar": 1929766.5,
        "dvar2": 5004066.5,
        "max": 19250.6835938,
        "mean": 1503.16052246,
        "median": 1033.59375,
        "min": 21.533203125,
        "var": 2687504.5
    },
    "spectral_skewness": {
        "dmean": 0.203336760402,
        "dmean2": 0.334044456482,
        "dvar": 0.0865016058087,
        "dvar2": 0.223991543055,
        "max": 9.61123943329,
        "mean": 1.59151160717,
        "median": 1.41737413406,
        "min": -0.0440010167658,
        "var": 0.474393039942
    },
    "spectral_spread": {
        "dmean": 533032.6875,
        "dmean2": 842004.375,
        "dvar": 377340952576,
        "dvar2": 822874275840,
        "max": 41766484,
        "mean": 6103741,
        "median": 6695870,
        "min": 806820.6875,
        "var": 4.06205995418e+12
    },
    "spectral_strongpeak": {
        "dmean": 0.348180830479,
        "dmean2": 0.594234228134,
        "dvar": 0.527712583542,
        "dvar2": 1.31120979786,
        "max": 9.84442710876,
        "mean": 0.620463848114,
        "median": 0.305596709251,
        "min": 0,
        "var": 0.783329844475
    },
    "zerocrossingrate": {
        "dmean": 0.0147849116474,
        "dmean2": 0.0190939418972,
        "dvar": 0.000328166817781,
        "dvar2": 0.000518984452356,
        "max": 0.51611328125,
        "mean": 0.0756136700511,
        "median": 0.07568359375,
        "min": 0.00048828125,
        "var": 0.00190326862503
    },
    "barkbands": {
        "dmean": [0.000430514308391, 0.00473338970914, 0.0037347485777, 0.00405982788652, 0.0033917168621, 0.000569468655158, 0.000572776771151, 0.000473151507322, 0.000529441807885, 0.000929772504605, 0.000468285317766, 0.0004398743622, 0.000271742697805, 0.000391668640077, 0.00021964222833, 0.000206059528864, 0.000265708426014, 0.000202495764825, 0.000203744217288, 0.000192364794202, 0.000180432572961, 0.000155143308803, 0.00014295373694, 0.00014049631136, 0.000129560619825, 0.000107796593511, 3.2210835343e-05],
        "dmean2": [0.000732302083634, 0.00683858571574, 0.00618246709928, 0.00696047442034, 0.00599322700873, 0.000971683650278, 0.000852556491736, 0.000762415875215, 0.000804813054856, 0.00153843895532, 0.000668548338581, 0.000663800456095, 0.000431939552072, 0.000633786083199, 0.000354212010279, 0.000336845259881, 0.000455515866634, 0.000343428750057, 0.000344622327248, 0.000332820432959, 0.000305159657728, 0.000266983261099, 0.000243915987085, 0.000243360831519, 0.000219810463022, 0.00018143519992, 5.38631102245e-05],
        "dvar": [5.2922081295e-07, 9.61940604611e-05, 0.00013660651166, 0.000201163376914, 0.000156404799782, 2.2517438083e-06, 1.32321281399e-06, 1.27322471144e-06, 1.21589027913e-06, 5.814688393e-06, 1.45468857227e-06, 1.20045592666e-06, 4.06103850992e-07, 5.93350364397e-07, 2.28037293937e-07, 1.22071270425e-07, 2.85624878416e-07, 9.24880012576e-08, 1.20710723195e-07, 1.29517943037e-07, 7.71850565684e-08, 6.250104434e-08, 4.96115539761e-08, 7.53423492483e-08, 4.26410622367e-08, 2.72512004074e-08, 2.01440242265e-09],
        "dvar2": [1.42218448218e-06, 0.000167419566424, 0.000361107144272, 0.000514167186338, 0.000446113786893, 6.21682693236e-06, 2.78197808257e-06, 3.00477745441e-06, 2.44760599344e-06, 1.66652207554e-05, 2.61280388258e-06, 2.49506479122e-06, 9.07735625333e-07, 1.46790193867e-06, 5.29289025053e-07, 2.99101145629e-07, 8.04905766927e-07, 2.41121199451e-07, 3.22218681958e-07, 3.66909347349e-07, 2.17400980773e-07, 1.83405560961e-07, 1.41673552889e-07, 2.2505905406e-07, 1.19748406746e-07, 7.54886642085e-08, 5.48173462178e-09],
        "max": [0.0104566067457, 0.105572074652, 0.113935247064, 0.133944228292, 0.114344343543, 0.0473167747259, 0.0260423533618, 0.0280582122505, 0.0309991966933, 0.0228364244103, 0.0315861217678, 0.0348800607026, 0.0223006885499, 0.0193512234837, 0.0198261886835, 0.00703667337075, 0.0078032258898, 0.00635358365253, 0.00520734721795, 0.00469821412116, 0.00335891242139, 0.00302149355412, 0.00251507409848, 0.00413838867098, 0.00206557847559, 0.00178927765228, 0.000596501340624],
        "mean": [0.000790637161117, 0.0109974807128, 0.00521380035207, 0.00461355503649, 0.00364171504043, 0.000882612599526, 0.00114933750592, 0.00079592235852, 0.000928842637222, 0.00107935944106, 0.00086778041441, 0.000692006084137, 0.000402390724048, 0.000514900137205, 0.000305263092741, 0.000283600209514, 0.000340800732374, 0.000314458768116, 0.000294913887046, 0.000280873675365, 0.000306835514493, 0.000268846837571, 0.00027357286308, 0.000262926478172, 0.000282598863123, 0.000222506074351, 6.01668143645e-05],
        "median": [0.000346280488884, 0.00721446145326, 0.00117041519843, 0.000537416432053, 0.00088348245481, 0.000295794452541, 0.000343276886269, 0.000201097980607, 0.000336711615091, 0.000270402932074, 0.000186367426068, 0.000237786312937, 0.000161781936185, 0.000226663425565, 0.000126155049657, 0.000142434073496, 0.000195293076104, 0.000214483443415, 0.000199478134164, 0.00020694154955, 0.000247754505835, 0.000208787998417, 0.000222008748096, 0.00021925472538, 0.000274020305369, 0.000227646989515, 4.31405642303e-05],
        "min": [5.57026833634e-24, 8.82830568454e-24, 2.08780558265e-24, 3.11442048723e-24, 7.58828102812e-24, 4.52711590952e-23, 1.95594748234e-23, 1.33373060345e-23, 3.9162674629e-23, 3.28126945962e-23, 1.78452816541e-23, 4.91287425642e-23, 7.86220493108e-23, 7.06243439508e-23, 5.51557534761e-23, 6.47963784226e-23, 1.20534197651e-22, 1.64672088636e-22, 1.84694930889e-22, 2.06262034628e-22, 2.61860799766e-22, 3.90748605263e-22, 6.11451212077e-22, 6.78390793051e-22, 8.81591668713e-22, 1.26980190891e-21, 2.21898247316e-21],
        "var": [1.45768922266e-06, 0.000213654580875, 0.000121803612274, 0.000229370591114, 0.00011011215247, 3.21973448081e-06, 5.55580436412e-06, 3.71909482055e-06, 3.57263866135e-06, 5.52883147975e-06, 5.74012437937e-06, 2.84821749119e-06, 8.74018212471e-07, 8.64223125063e-07, 3.83135528637e-07, 1.90255107668e-07, 2.67430010581e-07, 1.41422034972e-07, 1.41826234312e-07, 1.21839136114e-07, 9.53596028808e-08, 7.91475756046e-08, 7.8032599049e-08, 8.18240764033e-08, 6.50065814511e-08, 3.92968964036e-08, 4.08040046196e-09]
    },
    "erbbands": {
        "dmean": [0.146741941571, 1.09734535217, 3.59257340431, 9.70025348663, 13.7848262787, 9.4792804718, 5.72831726074, 4.82872915268, 6.93235015869, 9.68020915985, 10.1916246414, 9.82761573792, 26.0454673767, 21.1658916473, 16.6557693481, 15.0357904434, 12.3954916, 15.983250618, 15.5779485703, 10.6126880646, 10.9415340424, 16.3138656616, 11.8679609299, 10.2343616486, 9.51232719421, 7.92028713226, 7.0742354393, 7.627576828, 6.00329971313, 4.65532922745, 4.09736204147, 3.182762146, 2.30675435066, 1.56305813789, 0.964531600475, 0.517944276333, 0.196332082152, 0.0526661574841, 0.00525983190164, 7.59086251492e-05],
        "dmean2": [0.216258704662, 1.57229137421, 5.70436859131, 15.7199487686, 24.1263179779, 16.8781700134, 9.68038749695, 8.2795009613, 10.415854454, 15.2391338348, 16.3167819977, 15.4503059387, 42.0076675415, 33.2409210205, 24.3974189758, 22.7408084869, 19.3252067566, 25.8210506439, 25.105463028, 16.9790153503, 17.8118724823, 28.0664329529, 20.3093833923, 17.0457305908, 16.4593906403, 13.6234483719, 11.9727401733, 13.0064439774, 10.3307065964, 8.00618362427, 7.07631921768, 5.52820062637, 3.96805810928, 2.66825509071, 1.64238798618, 0.86872947216, 0.334224194288, 0.0889185145497, 0.00880228728056, 0.000125348771689],
        "dvar": [0.0791762918234, 6.12603330612, 110.113197327, 992.856811523, 2731.8137207, 1185.23461914, 306.189300537, 170.628341675, 243.053710938, 401.221588135, 579.897949219, 311.430450439, 3630.97949219, 2198.75634766, 2082.85620117, 1024.28613281, 710.884765625, 961.865356445, 911.141052246, 443.498840332, 350.831390381, 1129.85778809, 363.628967285, 266.8019104, 280.748321533, 202.507919312, 123.195831299, 147.534881592, 92.8387908936, 51.1957244873, 48.5982894897, 40.6084594727, 16.7872085571, 6.74114179611, 2.11830663681, 0.580574333668, 0.0941660106182, 0.00626336596906, 5.40851251571e-05, 1.09789537461e-08],
        "dvar2": [0.15550160408, 11.0031576157, 273.36315918, 2359.70996094, 7642.71044922, 3403.7043457, 784.729980469, 478.043762207, 493.935180664, 931.951782227, 1318.18151855, 702.822875977, 10004.28125, 5583.67041016, 4175.22265625, 2145.30859375, 1563.42907715, 2371.71411133, 2247.99755859, 1036.54724121, 836.006652832, 3179.9309082, 973.617248535, 680.56652832, 798.83203125, 570.898010254, 340.095855713, 419.008636475, 270.685150146, 146.991119385, 141.008621216, 121.627304077, 49.4646568298, 19.2401771545, 5.8861451149, 1.59867978096, 0.263797461987, 0.0172254238278, 0.000146878097439, 2.94426545366e-08],
        "max": [3.83984470367, 26.1017017365, 108.887657166, 292.343963623, 567.122253418, 323.489074707, 540.303161621, 453.600585938, 356.865570068, 440.561859131, 771.704589844, 395.474090576, 635.243164062, 1214.28442383, 1216.09484863, 877.34173584, 1024.94519043, 738.179931641, 737.222045898, 842.059570312, 476.744873047, 509.596038818, 433.387695312, 240.547317505, 168.038970947, 170.848602295, 166.496047974, 134.955154419, 117.894515991, 81.9141540527, 90.706451416, 108.816307068, 51.4173164368, 30.1807556152, 17.3233280182, 8.08219528198, 3.36602091789, 0.965452969074, 0.100215665996, 0.00153234379832],
        "mean": [0.368179798126, 2.27625274658, 5.78883886337, 12.153927803, 14.455493927, 9.96654415131, 8.66201496124, 7.52979803085, 14.1586847305, 17.8569812775, 17.3248538971, 16.9255256653, 35.0191802979, 32.1771011353, 31.7922229767, 24.6738166809, 19.8714942932, 22.787197113, 21.7051620483, 15.7388401031, 16.2063064575, 21.7054004669, 18.2800540924, 15.9491119385, 14.0150613785, 12.3177785873, 11.6599473953, 12.3621053696, 10.2710151672, 8.5779876709, 7.52776908875, 5.76043701172, 4.30249023438, 3.18855452538, 2.01844215393, 1.02465689182, 0.392781257629, 0.110858172178, 0.00919970776886, 0.000184614676982],
        "median": [0.239823669195, 1.26862406731, 1.67533183098, 2.03291940689, 2.27017140388, 2.67237615585, 2.52282142639, 2.57765746117, 4.28941774368, 5.23561620712, 5.66954851151, 7.67279624939, 11.0220031738, 11.6288232803, 9.37281513214, 10.1372480392, 9.09338188171, 10.9900150299, 11.3943605423, 8.50150489807, 9.5652256012, 13.3068199158, 12.740644455, 11.1999282837, 10.308139801, 9.65776634216, 8.96806144714, 9.87347316742, 7.82397794724, 6.93084859848, 5.97976160049, 4.58534669876, 3.71537923813, 2.98126602173, 1.91329860687, 1.00609374046, 0.393812596798, 0.0997756570578, 0.00623304955661, 0.000176803310751],
        "min": [4.70659811065e-22, 1.15057087161e-21, 3.29085890327e-21, 6.2820526465e-21, 2.39639409491e-20, 1.87772664768e-20, 2.60689692359e-19, 3.77087808122e-19, 2.55091747563e-19, 6.40401679275e-19, 6.81327163864e-19, 8.42525536699e-19, 9.36054745163e-19, 9.6884139291e-19, 1.00386390985e-18, 2.01549359809e-18, 3.27811800832e-18, 4.03164480477e-18, 2.97310446322e-18, 5.1042102004e-18, 5.55367078035e-18, 7.93569534569e-18, 7.89058256944e-18, 8.04393275602e-18, 9.81270050447e-18, 8.91606567178e-18, 1.05794878333e-17, 1.28350083589e-17, 1.25384252318e-17, 1.5167830567e-17, 1.74095413122e-17, 1.43033920853e-17, 1.11470900707e-17, 9.16750458976e-18, 6.85577383287e-18, 4.59574600017e-18, 2.49924453674e-18, 1.18961755276e-18, 3.31958695057e-19, 3.36490481591e-20],
        "var": [0.182815507054, 12.47356987, 124.880722046, 1180.43054199, 2116.20068359, 799.62109375, 548.026550293, 274.854003906, 1008.24969482, 1366.17822266, 1478.84216309, 765.904541016, 4275.40429688, 4232.16845703, 7678.4609375, 2605.3918457, 1707.34936523, 1629.33361816, 1283.79455566, 692.769226074, 594.776245117, 1048.34985352, 513.11126709, 375.415008545, 279.522338867, 204.137771606, 153.741363525, 166.432144165, 121.118331909, 73.8866043091, 64.4816436768, 43.3430671692, 19.9789199829, 9.15122795105, 3.35612392426, 0.862184405327, 0.128686830401, 0.0109327808022, 0.000100283978099, 2.55041907593e-08]
    },
    "gfcc": {
        "mean": [9.70106601715, 58.3849983215, -88.7311401367, 31.5655212402, -43.4239845276, 22.8052272797, -25.6403560638, 14.5352401733, -22.5387210846, 5.26042938232, -17.5159416199, 4.80535030365, -13.9843606949],
        "cov": [[16089.8154297, -4034.90576172, 520.920654297, 26.6617851257, -412.500762939, 697.204345703, -139.935546875, 920.387451172, -303.664642334, 473.650115967, -775.199890137, 337.175231934, -348.219909668], [-4034.90576172, 2949.35205078, -177.501968384, -316.233612061, -42.1547622681, -593.54888916, -3.42630052567, -575.08782959, 49.9584388733, -292.55065918, 266.248626709, -217.554595947, 138.024032593], [520.920654297, -177.501968384, 571.007141113, 167.063110352, 28.6525421143, 11.4350595474, -17.0755615234, 43.8731040955, -33.6156730652, -17.1902160645, -53.7969665527, -16.6677513123, -61.5123176575], [26.6617851257, -316.233612061, 167.063110352, 466.381072998, 133.496887207, 144.218429565, 6.0658454895, 57.4287796021, 26.7430515289, 21.5835285187, -9.11443996429, -12.7397060394, 4.61321640015], [-412.500762939, -42.1547622681, 28.6525421143, 133.496887207, 391.640991211, 171.206665039, 67.8004608154, 19.332906723, 43.0143051147, 22.4643268585, 36.0695915222, -9.06375694275, 39.4271736145], [697.204345703, -593.54888916, 11.4350595474, 144.218429565, 171.206665039, 337.860137939, 88.4823608398, 134.250350952, -0.834784388542, 68.3855667114, -53.8397064209, 31.893245697, -9.08952522278], [-139.935546875, -3.42630052567, -17.0755615234, 6.0658454895, 67.8004608154, 88.4823608398, 178.596328735, 86.5668716431, 50.0016441345, 9.11542034149, 34.389591217, 28.0018215179, 42.7028846741], [920.387451172, -575.08782959, 43.8731040955, 57.4287796021, 19.332906723, 134.250350952, 86.5668716431, 266.058624268, 50.3357429504, 85.354309082, -43.6489105225, 69.3831481934, -1.83553004265], [-303.664642334, 49.9584388733, -33.6156730652, 26.7430515289, 43.0143051147, -0.834784388542, 50.0016441345, 50.3357429504, 129.975631714, 57.9988212585, 58.265663147, 17.342830658, 31.84100914], [473.650115967, -292.55065918, -17.1902160645, 21.5835285187, 22.4643268585, 68.3855667114, 9.11542034149, 85.354309082, 57.9988212585, 149.024597168, 52.5993843079, 53.4622802734, -5.94385576248], [-775.199890137, 266.248626709, -53.7969665527, -9.11443996429, 36.0695915222, -53.8397064209, 34.389591217, -43.6489105225, 58.265663147, 52.5993843079, 174.112884521, 44.5367965698, 43.2769966125], [337.175231934, -217.554595947, -16.6677513123, -12.7397060394, -9.06375694275, 31.893245697, 28.0018215179, 69.3831481934, 17.342830658, 53.4622802734, 44.5367965698, 117.211830139, 45.3083839417], [-348.219909668, 138.024032593, -61.5123176575, 4.61321640015, 39.4271736145, -9.08952522278, 42.7028846741, -1.83553004265, 31.84100914, -5.94385576248, 43.2769966125, 45.3083839417, 124.82459259]],
        "icov": [[0.00014681299217, 3.04243917526e-06, -5.7988010667e-05, 1.30355720103e-05, 5.84721601626e-05, 3.21571460518e-05, -6.11744399066e-05, -9.08050933504e-05, 0.000333113654051, -0.000673255533911, 0.000790004036389, -0.000462680007331, 0.000157617891091], [3.04243917526e-06, 0.00150258943904, -9.14065822144e-05, 0.000541671819519, -0.000134641421027, 0.00124082819093, -0.000906574714463, 0.00156822882127, -0.000803699658718, 0.00151638151146, -0.00178840593435, 0.00233828509226, -0.00120344769675], [-5.7988010667e-05, -9.14065822144e-05, 0.0023400252685, -0.00108188576996, -0.000517258187756, 0.00103151099756, -0.000439969386207, -0.000390168017475, 0.000673496571835, 0.000143549172208, 0.000516139145475, -0.000682206533384, 0.00141941581387], [1.30355720103e-05, 0.000541671819519, -0.00108188576996, 0.00349981384352, -0.000113605325168, -0.00165557174478, 0.00149129284546, -0.00027862197021, -0.00135869253427, 0.00159482192248, -0.00200140709057, 0.00227104243822, -0.00153193518054], [5.84721601626e-05, -0.000134641421027, -0.000517258187756, -0.000113605325168, 0.00443203141913, -0.00329940649681, 0.000598870043177, 7.25846548448e-05, -0.00106885388959, 0.000614068878349, -0.00160489149857, 0.00162340106908, -0.00151361979079], [3.21571460518e-05, 0.00124082819093, 0.00103151099756, -0.00165557174478, -0.00329940649681, 0.00981992483139, -0.00553039321676, 0.00137235422153, 0.00286229746416, -0.00393276242539, 0.00379927852191, -0.000690188084263, 0.000972444540821], [-6.11744399066e-05, -0.000906574714463, -0.000439969386207, 0.00149129284546, 0.000598870043177, -0.00553039321676, 0.0125847058371, -0.00579790165648, -0.00283891707659, 0.00558120012283, -0.00525816064328, 0.00123767426703, -0.00205884035677], [-9.08050933504e-05, 0.00156822882127, -0.000390168017475, -0.00027862197021, 7.25846548448e-05, 0.00137235422153, -0.00579790165648, 0.0117666581646, -0.00360872317106, -0.00270086782984, 0.00421528285369, -0.00286559481174, 0.000434784102254], [0.000333113654051, -0.000803699658718, 0.000673496571835, -0.00135869253427, -0.00106885388959, 0.00286229746416, -0.00283891707659, -0.00360872317106, 0.0154531849548, -0.00803115498275, 0.000948759610765, 0.000988144311123, -0.00134768255521], [-0.000673255533911, 0.00151638151146, 0.000143549172208, 0.00159482192248, 0.000614068878349, -0.00393276242539, 0.00558120012283, -0.00270086782984, -0.00803115498275, 0.021362869069, -0.0128596173599, 0.00239471555687, 0.000682627374772], [0.000790004036389, -0.00178840593435, 0.000516139145475, -0.00200140709057, -0.00160489149857, 0.00379927852191, -0.00525816064328, 0.00421528285369, 0.000948759610765, -0.0128596173599, 0.0214518811554, -0.0117707420141, 0.00313480687328], [-0.000462680007331, 0.00233828509226, -0.000682206533384, 0.00227104243822, 0.00162340106908, -0.000690188084263, 0.00123767426703, -0.00286559481174, 0.000988144311123, 0.00239471555687, -0.0117707420141, 0.0230717733502, -0.00975655950606], [0.000157617891091, -0.00120344769675, 0.00141941581387, -0.00153193518054, -0.00151361979079, 0.000972444540821, -0.00205884035677, 0.000434784102254, -0.00134768255521, 0.000682627374772, 0.00313480687328, -0.00975655950606, 0.014628210105]]
    },
    "melbands": {
        "dmean": [0.00129269179888, 0.00157808023505, 0.001683520386, 0.000862793473061, 0.000229735305766, 0.000109342261567, 0.000105742852611, 0.00010655533697, 8.26976975077e-05, 6.87321880832e-05, 0.000140156203997, 9.67385058175e-05, 5.70819029235e-05, 4.89623853355e-05, 3.89084671042e-05, 3.04336244881e-05, 3.13748969347e-05, 2.97766564472e-05, 1.74503820745e-05, 1.44856430779e-05, 1.25037577163e-05, 1.8849494154e-05, 1.22651526908e-05, 9.49447075982e-06, 8.81017967913e-06, 8.46677357913e-06, 7.10764788892e-06, 5.43489704796e-06, 4.9940504141e-06, 4.27612985732e-06, 4.63757942271e-06, 3.76727143703e-06, 3.095011607e-06, 2.73670343631e-06, 2.61248305833e-06, 2.31768649428e-06, 1.96727569346e-06, 1.70891246398e-06, 1.55981899752e-06, 1.35455672989e-06],
        "dmean2": [0.00185221899301, 0.00234865746461, 0.00277073914185, 0.00150902755558, 0.000397932424676, 0.000185592696653, 0.000159161616466, 0.000168867190951, 0.000131846260047, 0.000106142950244, 0.0002267164964, 0.000153943765326, 8.20934656076e-05, 7.37221052987e-05, 5.88659131608e-05, 4.81313072669e-05, 5.11243197252e-05, 4.80807975691e-05, 2.78470015473e-05, 2.37625281443e-05, 2.04848784051e-05, 3.21800434904e-05, 2.15274212678e-05, 1.59466799232e-05, 1.46291458805e-05, 1.45203312059e-05, 1.24644793686e-05, 9.27446308197e-06, 8.47900901135e-06, 7.26135567675e-06, 7.97052871349e-06, 6.45579348202e-06, 5.37425739822e-06, 4.66367873742e-06, 4.52199674328e-06, 4.01964052799e-06, 3.42712201018e-06, 2.94852839033e-06, 2.66873144028e-06, 2.32822094404e-06],
        "dvar": [6.38621895632e-06, 1.54433473654e-05, 3.01061991195e-05, 1.02810299722e-05, 5.51952041405e-07, 8.03295776564e-08, 4.84890669838e-08, 4.8109637163e-08, 3.60346703587e-08, 1.94854514746e-08, 1.08710608515e-07, 4.85771884939e-08, 2.23519780462e-08, 2.21042437687e-08, 8.425000253e-09, 6.45722053605e-09, 3.6722949126e-09, 4.02485156314e-09, 1.97331040397e-09, 7.0778555239e-10, 5.17735743166e-10, 1.46517831201e-09, 4.66406968602e-10, 2.005026839e-10, 2.0970934711e-10, 2.2873607175e-10, 1.84978823925e-10, 1.00697533645e-10, 6.20038881349e-11, 5.02372275724e-11, 5.56922667705e-11, 3.77990520828e-11, 2.7574957942e-11, 1.57991588562e-11, 2.08453029144e-11, 1.58982861598e-11, 1.33284095566e-11, 8.83450864547e-12, 6.4880687628e-12, 4.64034409856e-12],
        "dvar2": [1.11883873615e-05, 3.41068334819e-05, 7.39261959097e-05, 2.89199488179e-05, 1.4838608422e-06, 2.23225939067e-07, 1.01431510302e-07, 1.15577257986e-07, 8.13046199255e-08, 4.12977776421e-08, 3.01019326798e-07, 1.30340609417e-07, 4.04086542005e-08, 4.65715821463e-08, 1.65477498371e-08, 1.40566953633e-08, 9.29085697265e-09, 9.86565584782e-09, 4.44218395401e-09, 1.79783099519e-09, 1.22413201797e-09, 4.04967614998e-09, 1.33551314452e-09, 5.04785546696e-10, 5.28400212474e-10, 6.29986507406e-10, 5.20901266565e-10, 2.80076850601e-10, 1.68339592266e-10, 1.41831560385e-10, 1.56756094216e-10, 1.07346229128e-10, 8.23225376756e-11, 4.3898950447e-11, 6.03534167087e-11, 4.6477748733e-11, 3.9762373949e-11, 2.60188294521e-11, 1.85434723132e-11, 1.32140201559e-11],
        "max": [0.0316741093993, 0.0423707850277, 0.0515877008438, 0.0301232524216, 0.0203520525247, 0.0095092151314, 0.00459738494828, 0.00463731074706, 0.00575213367119, 0.00369734875858, 0.0033025611192, 0.00454139849171, 0.00468804687262, 0.00500573217869, 0.00397881492972, 0.00299572455697, 0.00124544720165, 0.00174217729364, 0.00211197836325, 0.000812934653368, 0.000575255253352, 0.000543882139027, 0.000347206543665, 0.000225953466725, 0.00022925043595, 0.000177512061782, 0.000226059710258, 0.000161911011674, 0.000154034220031, 9.99363037408e-05, 0.00011415060726, 0.00010639498214, 8.66084155859e-05, 3.72858594346e-05, 6.16657416685e-05, 6.03399130341e-05, 5.74451842112e-05, 3.95687420678e-05, 2.79645737464e-05, 2.51133988058e-05],
        "mean": [0.00316460896283, 0.00303716701455, 0.00217514531687, 0.000904404034372, 0.0003178481129, 0.000175961788045, 0.000217011212953, 0.000192633655388, 0.000135755180963, 0.00011690123938, 0.000184336720849, 0.00013814601698, 0.000108865729999, 7.65524819144e-05, 5.79551415285e-05, 4.49884428235e-05, 4.19088537456e-05, 3.84449958801e-05, 2.44734037551e-05, 1.92879288079e-05, 1.73273565451e-05, 2.38655866269e-05, 1.64297143783e-05, 1.45264384628e-05, 1.27334378703e-05, 1.15588691187e-05, 9.34146191867e-06, 7.9288647612e-06, 7.5356688285e-06, 6.73946306051e-06, 7.06021774022e-06, 5.94469975113e-06, 4.91377568324e-06, 4.79915570395e-06, 4.40216763309e-06, 3.97350231651e-06, 3.34069295604e-06, 2.9856510082e-06, 2.83561348624e-06, 2.63403967438e-06],
        "median": [0.00215899804607, 0.00128728116397, 0.00039320421638, 0.000190639693756, 9.59641329246e-05, 6.08011177974e-05, 6.75877818139e-05, 5.21965048392e-05, 4.16681323259e-05, 4.48581158707e-05, 5.1836053899e-05, 4.34644389316e-05, 2.76357259281e-05, 2.32750171563e-05, 1.91682484001e-05, 1.43825018313e-05, 1.90288428712e-05, 1.66099234775e-05, 9.50153116719e-06, 9.57619886321e-06, 8.59792817209e-06, 1.24424432215e-05, 1.0186658983e-05, 9.53034668782e-06, 7.95985124569e-06, 7.50896242607e-06, 5.89086084801e-06, 5.58099281989e-06, 5.31589284947e-06, 5.17342050443e-06, 5.29462340637e-06, 4.11883547713e-06, 3.62638184015e-06, 3.74345472665e-06, 3.31264118358e-06, 2.9801326491e-06, 2.60130082097e-06, 2.4658465918e-06, 2.47567368206e-06, 2.39134897129e-06],
        "min": [4.2592363377e-24, 2.15863976991e-24, 1.79467137837e-24, 1.23625350686e-24, 7.90545833228e-24, 8.76916714905e-24, 3.96482358711e-24, 5.47094917066e-24, 5.33698481173e-24, 4.39914279139e-24, 4.31464908313e-24, 3.60824938605e-24, 2.90937147771e-24, 4.71883025096e-24, 6.47467369835e-24, 8.6833848365e-24, 6.81131220105e-24, 4.35197640344e-24, 6.85289463708e-24, 3.82944992818e-24, 6.83733514459e-24, 7.95897071179e-24, 8.24848503059e-24, 6.826517495e-24, 5.60046632623e-24, 6.71246714076e-24, 4.11581353652e-24, 6.04920985216e-24, 5.43085176527e-24, 6.72855990323e-24, 8.58927373051e-24, 6.91927254909e-24, 6.61638861567e-24, 9.21114303728e-24, 9.56719540685e-24, 9.92306397184e-24, 7.715706519e-24, 6.95749917084e-24, 7.15065886323e-24, 7.68378762906e-24],
        "var": [1.48457966134e-05, 2.45396640821e-05, 3.52319038939e-05, 7.49601804273e-06, 7.62830154599e-07, 1.29531684934e-07, 2.0837028103e-07, 1.64799246249e-07, 9.12440754064e-08, 5.15674365431e-08, 1.25094246073e-07, 7.54730820063e-08, 9.3618886865e-08, 4.51188704176e-08, 2.25115108776e-08, 1.5008284393e-08, 5.58442625476e-09, 5.44560752047e-09, 3.41924533132e-09, 9.30507948471e-10, 8.54269044392e-10, 1.4550892713e-09, 4.90500251527e-10, 3.16642378984e-10, 2.92120383438e-10, 2.38170899669e-10, 1.76371320326e-10, 1.0467315209e-10, 7.82057335558e-11, 5.52533019338e-11, 6.16213816085e-11, 4.96244954851e-11, 3.08004316496e-11, 2.44980181974e-11, 2.48507291134e-11, 2.0646239926e-11, 1.43860791335e-11, 1.03589428702e-11, 8.19356648502e-12, 6.43230564298e-12]
    },
    "mfcc": {
        "mean": [-643.332214355, 97.6948165894, 15.8569402695, 21.4611301422, 9.67850399017, 12.2829866409, 10.2487325668, 11.4791936874, 5.08583450317, 4.07627868652, 3.70522713661, 0.731130421162, -1.3621391058],
        "cov": [[12056.1611328, -2463.14477539, -142.829650879, -272.699188232, -137.329040527, -15.976351738, 150.615142822, 267.746368408, 491.583374023, 128.668212891, -0.765559434891, 92.9703826904, 2.12593197823], [-2463.14477539, 2198.42529297, -43.6930809021, -51.317073822, -199.320297241, -171.094909668, -150.196228027, -215.597427368, -273.215332031, -154.629577637, -108.169937134, -106.773361206, -12.8464870453], [-142.829650879, -43.6930809021, 481.051239014, 155.494613647, 14.3305301666, -8.88280105591, -7.4072265625, 3.79179668427, -26.1610965729, -26.9560222626, 1.19846713543, -13.6339597702, -40.1423530579], [-272.699188232, -51.317073822, 155.494613647, 261.931488037, 89.7727584839, 25.1453819275, -2.45387816429, 12.6870851517, -4.63611555099, 15.1659135818, 11.3101634979, 12.4591312408, -4.43366193771], [-137.329040527, -199.320297241, 14.3305301666, 89.7727584839, 322.060424805, 157.732009888, 80.7053451538, 26.2195949554, 46.703289032, 32.7857208252, 21.5006160736, 34.6749000549, -8.44195747375], [-15.976351738, -171.094909668, -8.88280105591, 25.1453819275, 157.732009888, 210.500076294, 99.3961410522, 30.1535224915, 39.6710395813, 26.1568012238, 16.7883815765, 16.8534259796, -1.85514104366], [150.615142822, -150.196228027, -7.4072265625, -2.45387816429, 80.7053451538, 99.3961410522, 162.626480103, 87.8268356323, 56.4536933899, 31.4863510132, 25.1174583435, 18.9622306824, -1.06523323059], [267.746368408, -215.597427368, 3.79179668427, 12.6870851517, 26.2195949554, 30.1535224915, 87.8268356323, 148.350067139, 104.117919922, 39.2640190125, 18.1673374176, 8.35215091705, -3.22760415077], [491.583374023, -273.215332031, -26.1610965729, -4.63611555099, 46.703289032, 39.6710395813, 56.4536933899, 104.117919922, 168.974136353, 66.7483978271, 15.0279607773, 11.1885347366, 2.91584777832], [128.668212891, -154.629577637, -26.9560222626, 15.1659135818, 32.7857208252, 26.1568012238, 31.4863510132, 39.2640190125, 66.7483978271, 111.658905029, 56.7840042114, 26.5670528412, 2.67628979683], [-0.765559434891, -108.169937134, 1.19846713543, 11.3101634979, 21.5006160736, 16.7883815765, 25.1174583435, 18.1673374176, 15.0279607773, 56.7840042114, 94.7886428833, 54.377620697, 14.7794494629], [92.9703826904, -106.773361206, -13.6339597702, 12.4591312408, 34.6749000549, 16.8534259796, 18.9622306824, 8.35215091705, 11.1885347366, 26.5670528412, 54.377620697, 96.0775604248, 50.45520401], [2.12593197823, -12.8464870453, -40.1423530579, -4.43366193771, -8.44195747375, -1.85514104366, -1.06523323059, -3.22760415077, 2.91584777832, 2.67628979683, 14.7794494629, 50.45520401, 107.958526611]],
