{
"lowlevel": {
    "average_loudness": 0.86378544569,
    "barkbands_crest": {
        "dmean": 2.60139513016,
        "dmean2": 4.04124212265,
        "dvar": 9.17388820648,
        "dvar2": 20.0448722839,
        "max": 25.8741855621,
        "mean": 9.82800006866,
        "median": 8.30904102325,
        "min": 2.09841561317,
        "var": 27.4963340759
    },
    "barkbands_flatness_db": {
        "dmean": 0.020893028006,
        "dmean2": 0.0316231623292,
        "dvar": 0.000538678141311,
        "dvar2": 0.0012777595548,
        "max": 0.305352240801,
        "mean": 0.0940226465464,
        "median": 0.0796293765306,
        "min": 0.0102267609909,
        "var": 0.00254953140393
    },
    "barkbands_kurtosis": {
        "dmean": 2.51226568222,
        "dmean2": 3.85372042656,
        "dvar": 28.5093307495,
        "dvar2": 60.7927474976,
        "max": 127.911056519,
        "mean": 2.86734724045,
        "median": 0.229127883911,
        "min": -1.89144921303,
        "var": 73.2148666382
    },
    "barkbands_skewness": {
        "dmean": 0.57075458765,
        "dmean2": 0.854505240917,
        "dvar": 0.480513066053,
        "dvar2": 1.06622755527,
        "max": 10.104101181,
        "mean": 1.12427043915,
        "median": 0.856191158295,
        "min": -4.53116703033,
        "var": 1.86741375923
    },
    "barkbands_spread": {
        "dmean": 8.24789810181,
        "dmean2": 12.5145368576,
        "dvar": 82.4004745483,
        "dvar2": 189.141464233,
        "max": 88.9564666748,
        "mean": 31.7709331512,
        "median": 31.4804096222,
        "min": 1.36739754677,
        "var": 264.164459229
    },
    "dissonance": {
        "dmean": 0.0156439635903,
        "dmean2": 0.0258991774172,
        "dvar": 0.000210492333281,
        "dvar2": 0.00056107918499,
        "max": 0.5,
        "mean": 0.467459887266,
        "median": 0.473272323608,
        "min": 0.321719616652,
        "var": 0.000552573997993
    },
    "dynamic_complexity": 2.29761338234,
    "erbbands_crest": {
        "dmean": 3.04143047333,
        "dmean2": 4.80073308945,
        "dvar": 8.35719871521,
        "dvar2": 21.0181217194,
        "max": 29.1229820251,
        "mean": 9.75841236115,
        "median": 8.69912815094,
        "min": 2.36693286896,
        "var": 23.7178916931
    },
    "erbbands_flatness_db": {
        "dmean": 0.0158009752631,
        "dmean2": 0.0223560109735,
        "dvar": 0.000210511178011,
        "dvar2": 0.000410423323046,
        "max": 0.374737292528,
        "mean": 0.136795088649,
        "median": 0.123630568385,
        "min": 0.0511440895498,
        "var": 0.00225737178698
    },
    "erbbands_kurtosis": {
        "dmean": 1.01888680458,
        "dmean2": 1.53234493732,
        "dvar": 2.14263653755,
        "dvar2": 4.66832780838,
        "max": 25.2219352722,
        "mean": 0.584976315498,
        "median": -0.0361880064011,
        "min": -1.8588796854,
        "var": 4.68831920624
    },
    "erbbands_skewness": {
        "dmean": 0.387117683887,
        "dmean2": 0.581248164177,
        "dvar": 0.161251798272,
        "dvar2": 0.355707973242,
        "max": 4.18975782394,
        "mean": 0.388297230005,
        "median": 0.296774625778,
        "min": -4.50903367996,
        "var": 0.63296854496
    },
    "erbbands_spread": {
        "dmean": 11.0070772171,
        "dmean2": 16.1469688416,
        "dvar": 162.841278076,
        "dvar2": 310.950927734,
        "max": 140.882919312,
        "mean": 41.0803489685,
        "median": 37.5818634033,
        "min": 2.41471624374,
        "var": 417.875579834
    },
    "hfc": {
        "dmean": 13.4671363831,
        "dmean2": 21.4110431671,
        "dvar": 350.653106689,
        "dvar2": 880.962341309,
        "max": 246.135574341,
        "mean": 34.4678649902,
        "median": 30.0065193176,
        "min": 1.09389500873e-16,
        "var": 581.794128418
    },
    "melbands_crest": {
        "dmean": 3.18399786949,
        "dmean2": 5.08848810196,
        "dvar": 12.6447172165,
        "dvar2": 28.5439567566,
        "max": 33.4676513672,
        "mean": 14.5229711533,
        "median": 13.3134250641,
        "min": 1.74344110489,
        "var": 44.0913009644
    },
    "melbands_flatness_db": {
        "dmean": 0.0281861871481,
        "dmean2": 0.04282130301,
        "dvar": 0.00101048790384,
        "dvar2": 0.00245666992851,
        "max": 0.378287404776,
        "mean": 0.14330253005,
        "median": 0.136824756861,
        "min": 0.00392590695992,
        "var": 0.00339227751829
    },
    "melbands_kurtosis": {
        "dmean": 7.25898599625,
        "dmean2": 11.3285636902,
        "dvar": 218.266448975,
        "dvar2": 519.826782227,
        "max": 283.713592529,
        "mean": 11.6511201859,
        "median": 3.85773682594,
        "min": -1.91705667973,
        "var": 529.216491699
    },
    "melbands_skewness": {
        "dmean": 0.77902585268,
        "dmean2": 1.16907739639,
        "dvar": 1.12697160244,
        "dvar2": 2.53495597839,
        "max": 13.93334198,
        "mean": 2.27670145035,
        "median": 1.75372457504,
        "min": -1.92049705982,
        "var": 3.69375777245
    },
    "melbands_spread": {
        "dmean": 12.3719139099,
        "dmean2": 19.1000728607,
        "dvar": 298.092285156,
        "dvar2": 615.674560547,
        "max": 270.241394043,
        "mean": 37.3717041016,
        "median": 32.6730079651,
        "min": 1.29889345169,
        "var": 771.70880127
    },
    "pitch_salience": {
        "dmean": 0.07472191751,
        "dmean2": 0.117217674851,
        "dvar": 0.00637303106487,
        "dvar2": 0.016066564247,
        "max": 0.922553360462,
        "mean": 0.526198625565,
        "median": 0.533965528011,
        "min": 0.0990846604109,
        "var": 0.0158904176205
    },
    "silence_rate_20dB": {
        "dmean": 0,
        "dmean2": 0,
        "dvar": 0,
        "dvar2": 0,
        "max": 1,
        "mean": 1,
        "median": 1,
        "min": 1,
        "var": 0
    },
    "silence_rate_30dB": {
        "dmean": 0,
        "dmean2": 0,
        "dvar": 0,
        "dvar2": 0,
        "max": 1,
        "mean": 1,
        "median": 1,
        "min": 1,
        "var": 0
    },
    "silence_rate_60dB": {
        "dmean": 0.00530562596396,
        "dmean2": 0.0106124253944,
        "dvar": 0.00527651002631,
        "dvar2": 0.0122703043744,
        "max": 1,
        "mean": 0.0393457114697,
        "median": 0,
        "min": 0,
        "var": 0.0377910546958
    },
    "spectral_centroid": {
        "dmean": 372.373748779,
        "dmean2": 581.975158691,
        "dvar": 193909.75,
        "dvar2": 436805.34375,
        "max": 11570.3125,
        "mean": 1690.28662109,
        "median": 1632.11633301,
        "min": 295.167053223,
        "var": 700376.3125
    },
    "spectral_complexity": {
        "dmean": 5.30474185944,
        "dmean2": 8.56267929077,
        "dvar": 35.7254867554,
        "dvar2": 84.4441680908,
        "max": 56,
        "mean": 22.6303043365,
        "median": 22,
        "min": 0,
        "var": 102.081924438
    },
    "spectral_decrease": {
        "dmean": 2.01710581571e-09,
        "dmean2": 3.11557757371e-09,
        "dvar": 8.73906142841e-18,
        "dvar2": 2.09484218048e-17,
        "max": 1.85503778721e-28,
        "mean": -6.52673337598e-09,
        "median": -5.97675597902e-09,
        "min": -3.24619087166e-08,
        "var": 1.84588513521e-17
    },
    "spectral_energy": {
        "dmean": 0.00825702399015,
        "dmean2": 0.012737759389,
        "dvar": 0.000130352040287,
        "dvar2": 0.000302911998006,
        "max": 0.127269729972,
        "mean": 0.0277597419918,
        "median": 0.0257853064686,
        "min": 9.92031569404e-21,
        "var": 0.000292238226393
    },
    "spectral_energyband_high": {
        "dmean": 0.00134149426594,
        "dmean2": 0.00214453297667,
        "dvar": 4.43572025688e-06,
        "dvar2": 1.09797492769e-05,
        "max": 0.024340832606,
        "mean": 0.00224503874779,
        "median": 0.00145855452865,
        "min": 7.29864994529e-21,
        "var": 6.33371564618e-06
    },
    "spectral_energyband_low": {
        "dmean": 0.00191360409372,
        "dmean2": 0.00315832858905,
        "dvar": 2.58613963524e-05,
        "dvar2": 7.08861916792e-05,
        "max": 0.071259200573,
        "mean": 0.00446063326672,
        "median": 0.00195672363043,
        "min": 2.18783772082e-23,
        "var": 3.86743195122e-05
    },
    "spectral_energyband_middle_high": {
        "dmean": 0.00250967917964,
        "dmean2": 0.00385030312464,
        "dvar": 9.0761559477e-06,
        "dvar2": 2.14782394323e-05,
        "max": 0.0531345270574,
        "mean": 0.00719099678099,
        "median": 0.00590829784051,
        "min": 1.10016344232e-21,
        "var": 3.14177232212e-05
    },
    "spectral_energyband_middle_low": {
        "dmean": 0.0067504029721,
        "dmean2": 0.01057032682,
        "dvar": 0.000147613405716,
        "dvar2": 0.000359644240234,
        "max": 0.122703917325,
        "mean": 0.0141572542489,
        "median": 0.00849744677544,
        "min": 2.15149808591e-22,
        "var": 0.000259617634583
    },
    "spectral_entropy": {
        "dmean": 0.190441399813,
        "dmean2": 0.274136424065,
        "dvar": 0.0403900109231,
        "dvar2": 0.0807123929262,
        "max": 9.81468868256,
        "mean": 7.87128543854,
        "median": 7.94480800629,
        "min": 5.99395608902,
        "var": 0.197193861008
    },
    "spectral_flux": {
        "dmean": 0.0267641041428,
        "dmean2": 0.0407113730907,
        "dvar": 0.00101405277383,
        "dvar2": 0.00222526770085,
        "max": 0.298946291208,
        "mean": 0.083108343184,
        "median": 0.0720411688089,
        "min": 6.29712879063e-11,
        "var": 0.00232494599186
    },
    "spectral_kurtosis": {
        "dmean": 1.03297436237,
        "dmean2": 1.60451698303,
        "dvar": 2.30214357376,
        "dvar2": 6.281727314,
        "max": 38.9293518066,
        "mean": 3.12385439873,
        "median": 2.6353328228,
        "min": -1.24868953228,
        "var": 7.07937192917
    },
    "spectral_rms": {
        "dmean": 0.000716168782674,
        "dmean2": 0.00108090299182,
        "dvar": 6.63713819904e-07,
        "dvar2": 1.48959009039e-06,
        "max": 0.0111429607496,
        "mean": 0.00492366589606,
        "median": 0.00501561537385,
        "min": 3.1110058106e-12,
        "var": 2.8401777854e-06
    },
    "spectral_rolloff": {
        "dmean": 1076.56323242,
        "dmean2": 1748.03430176,
        "dvar": 2235418,
        "dvar2": 4691696.5,
        "max": 19530.6152344,
        "mean": 2549.94506836,
        "median": 1787.25585938,
        "min": 86.1328125,
        "var": 5052026
    },
    "spectral_skewness": {
        "dmean": 0.191958069801,
        "dmean2": 0.286542713642,
        "dvar": 0.0409374311566,
        "dvar2": 0.0831606909633,
        "max": 3.89896655083,
        "mean": 1.41027998924,
        "median": 1.39898395538,
        "min": -0.316967010498,
        "var": 0.146125540137
    },
    "spectral_spread": {
        "dmean": 617526.0625,
        "dmean2": 876726.0625,
        "dvar": 630075686912,
        "dvar2": 1.1487599657e+12,
        "max": 42360864,
        "mean": 6141443.5,
        "median": 6111198,
        "min": 1308510.5,
        "var": 5.08353052672e+12
    },
    "spectral_strongpeak": {
        "dmean": 0.715716481209,
        "dmean2": 1.18192911148,
        "dvar": 1.13869917393,
        "dvar2": 2.74556684494,
        "max": 13.038520813,
        "mean": 1.41144883633,
        "median": 0.986408948898,
        "min": 0,
        "var": 2.13170933723
    },
    "zerocrossingrate": {
        "dmean": 0.0181502774358,
        "dmean2": 0.0206455085427,
        "dvar": 0.000431309541455,
        "dvar2": 0.000492049905006,
        "max": 0.70166015625,
        "mean": 0.0965357646346,
        "median": 0.0869140625,
        "min": 0.01171875,
        "var": 0.00291667156853
    },
    "barkbands": {
        "dmean": [0.000151909844135, 0.000917859491892, 0.00100118177943, 0.000736627553124, 0.00430577620864, 0.00128682516515, 0.000958284479566, 0.000864461879246, 0.000454812427051, 0.000341623934219, 0.000624544394668, 0.000520803499967, 0.000475920649478, 0.000671741843689, 0.000573739758693, 0.000310136616463, 0.000260601140326, 0.000260141969193, 0.00024883376318, 0.000239558386966, 0.000258824584307, 0.000242357695242, 0.000286817899905, 0.000264134461759, 0.000210951417102, 7.96000604169e-05, 2.61696877715e-05],
        "dmean2": [0.000243531714659, 0.00142917572521, 0.00176234904211, 0.00137559277937, 0.0067923036404, 0.00193275115453, 0.00142820610199, 0.00122740468942, 0.000656982825603, 0.000483067822643, 0.000887876085471, 0.000807612726931, 0.000733282417059, 0.0010062729707, 0.000914396776352, 0.000518346962053, 0.000435159803601, 0.000447980914032, 0.000432307570009, 0.000414748035837, 0.000444266857812, 0.000395748385927, 0.000463359145215, 0.000417466915678, 0.000330388313159, 0.000123170175357, 4.1595838411e-05],
        "dvar": [1.90332059447e-07, 3.05632056552e-06, 1.40307647598e-05, 7.59701470088e-06, 0.000132276414661, 8.70581152412e-06, 6.94100526744e-06, 3.27337988892e-06, 1.15093780551e-06, 8.46144132538e-07, 1.54697409016e-06, 8.55545806644e-07, 5.05689286001e-07, 1.13789974421e-06, 9.18403600281e-07, 2.27248577289e-07, 1.42312146068e-07, 1.48461452909e-07, 1.3849127356e-07, 1.7048382972e-07, 1.43568001931e-07, 1.33037758587e-07, 2.4611176741e-07, 1.79783640419e-07, 1.33840245553e-07, 3.12141317238e-08, 3.37888561575e-09],
        "dvar2": [4.72323392842e-07, 7.86036707723e-06, 3.89388515032e-05, 2.23709666898e-05, 0.000313310039928, 1.67669186339e-05, 1.51154208652e-05, 6.32235969533e-06, 2.29821671383e-06, 1.40743725296e-06, 2.8553777156e-06, 1.90771083908e-06, 1.07588527953e-06, 2.22667063099e-06, 2.24130371862e-06, 5.85212887927e-07, 3.64781271855e-07, 3.98864472118e-07, 3.87455258988e-07, 4.58938131942e-07, 3.87525375345e-07, 3.32386491664e-07, 6.1578060695e-07, 4.11616582596e-07, 2.99114617519e-07, 7.10270029458e-08, 7.5327717397e-09],
        "max": [0.0157909002155, 0.0329909212887, 0.0531839132309, 0.0285743512213, 0.120333045721, 0.0871671065688, 0.0637790337205, 0.0433916896582, 0.0336818769574, 0.0361328497529, 0.0471625812352, 0.0221082177013, 0.0139929521829, 0.0192413404584, 0.0275423489511, 0.00807630363852, 0.00547392014414, 0.00758307008073, 0.00407573953271, 0.0050407894887, 0.00303445151076, 0.00323907425627, 0.0102145755664, 0.00896286778152, 0.0119938775897, 0.00808701477945, 0.00163407158107],
        "mean": [0.000369032670278, 0.00283220573328, 0.00101269944571, 0.000639341713395, 0.00618748134002, 0.0029429201968, 0.00170428131241, 0.00165171804838, 0.000934998504817, 0.000645185995381, 0.0012614306761, 0.000820193788968, 0.00080306379823, 0.00107197754551, 0.000899152888451, 0.000421958422521, 0.000392241723603, 0.000388013810152, 0.00036713379086, 0.000334978947649, 0.000390267639887, 0.0003623526718, 0.000395966315409, 0.000405040220357, 0.000345376261976, 0.000141168115078, 3.9609734813e-05],
        "median": [5.13905688422e-05, 0.00110317510553, 0.000130692467792, 0.000134794740006, 0.00140959117562, 0.00085372274043, 0.000434944930021, 0.000444946344942, 0.000308745686198, 0.000198176581762, 0.000298913451843, 0.000305547349853, 0.000415837625042, 0.000470924773254, 0.000491022365168, 0.000247411953751, 0.000238193693804, 0.000237380168983, 0.000243315196713, 0.000209286605241, 0.000256889004959, 0.000213678940781, 0.00022147220443, 0.000223788025323, 0.000211479666177, 8.707291272e-05, 1.17167146527e-05],
        "min": [4.80096565955e-24, 3.89067066202e-24, 1.89972694334e-24, 1.08327799455e-24, 5.23446484292e-24, 1.30784231846e-23, 5.93731427149e-24, 6.69463967317e-24, 4.44722386357e-23, 2.17969762291e-23, 2.26288852739e-23, 2.45798203341e-23, 2.90337637148e-23, 5.50211801165e-23, 5.24619007698e-23, 7.00901652111e-23, 9.82164138743e-23, 9.08404634363e-23, 1.62969360771e-22, 1.92878384593e-22, 2.6326413914e-22, 4.04789395365e-22, 5.16144445388e-22, 7.25841495941e-22, 8.47778439742e-22, 1.47511819398e-21, 2.09252844871e-21],
        "var": [4.75221440865e-07, 1.22961728266e-05, 1.02006806628e-05, 4.34598541688e-06, 0.000190891543753, 3.53684117727e-05, 1.84089967661e-05, 1.07760033643e-05, 4.33352715845e-06, 3.3034025364e-06, 6.55968278807e-06, 2.17598426389e-06, 1.30469379656e-06, 2.73260639005e-06, 1.48688332047e-06, 2.84494888092e-07, 2.08906371313e-07, 2.15612388388e-07, 1.64794514035e-07, 1.80668479288e-07, 1.7677909625e-07, 1.79704798597e-07, 2.83172454374e-07, 3.17128098004e-07, 2.62053191591e-07, 5.42561870986e-08, 6.01992056204e-09]
    },
    "erbbands": {
        "dmean": [0.0348624326289, 0.200511097908, 0.999281406403, 1.78387725353, 5.6433801651, 20.3895206451, 14.9294176102, 9.54346561432, 11.8617563248, 14.0799026489, 20.2940406799, 10.2736063004, 8.75092315674, 15.9395275116, 23.0568656921, 19.527721405, 19.6665267944, 34.0579528809, 29.9475822449, 23.7961463928, 19.0148410797, 13.6487150192, 12.5898256302, 13.0618829727, 11.8040456772, 11.6617708206, 11.081486702, 9.5925693512, 8.79687690735, 8.7384185791, 8.24522590637, 5.61600589752, 4.681681633, 2.81351256371, 1.26558065414, 0.456120759249, 0.125130876899, 0.0377464666963, 0.00431980285794, 6.54027535347e-05],
        "dmean2": [0.0500570163131, 0.327325642109, 1.74189925194, 3.2122862339, 9.7723608017, 33.90234375, 23.2800521851, 14.480890274, 17.6516342163, 21.7925682068, 27.7117977142, 14.6726074219, 12.6125764847, 22.3064937592, 33.029750824, 30.3494224548, 30.2782039642, 51.385559082, 46.6542739868, 38.0032653809, 31.7905902863, 22.7595500946, 21.5440979004, 22.8720149994, 20.3393516541, 20.3126430511, 19.0317249298, 16.4790019989, 14.360417366, 14.1553030014, 13.3512716293, 8.86006164551, 7.47211742401, 4.46869182587, 1.96485567093, 0.716971993446, 0.192420303822, 0.0590751282871, 0.00680156517774, 0.000101520032331],
        "dvar": [0.00353733659722, 0.234073266387, 13.5394687653, 42.834728241, 223.344146729, 4619.50976562, 1121.09692383, 539.255310059, 1321.91772461, 817.094055176, 2030.92785645, 649.136169434, 625.336120605, 1004.32751465, 1594.01342773, 1148.08581543, 943.377258301, 2926.63671875, 2469.06396484, 2843.40307617, 908.448974609, 416.61026001, 332.36932373, 493.73348999, 311.198699951, 382.216308594, 272.277832031, 243.967803955, 170.20111084, 211.216903687, 198.860809326, 96.6399688721, 59.0820999146, 25.3391456604, 4.46209716797, 1.21358132362, 0.0587766654789, 0.00598874920979, 0.000101831399661, 1.92697466872e-08],
        "dvar2": [0.00695662992075, 0.651312470436, 37.8956565857, 121.258583069, 563.242492676, 11743.8642578, 2579.30371094, 1060.74389648, 2767.29907227, 1995.27990723, 3514.63305664, 1281.07629395, 1292.92883301, 1751.1072998, 3021.33496094, 2625.07006836, 2020.1574707, 6228.63671875, 5630.30029297, 6844.43896484, 2339.27954102, 1076.64025879, 910.702880859, 1364.87426758, 862.71472168, 1033.86755371, 741.565307617, 660.787353516, 421.062072754, 536.748901367, 503.167877197, 221.736999512, 139.400115967, 56.8256225586, 10.0457515717, 2.8027639389, 0.133845850825, 0.0131652224809, 0.00022161299421, 4.11727647531e-08],
        "max": [1.38743662834, 6.56662797928, 53.6431083679, 71.0703659058, 162.708557129, 685.503051758, 672.247375488, 653.533630371, 954.450439453, 483.213287354, 1138.85681152, 773.307983398, 1017.80938721, 1267.71899414, 1395.90539551, 706.901733398, 604.377746582, 870.449829102, 982.895996094, 2060.3125, 527.306884766, 329.630310059, 259.597381592, 409.511291504, 220.876693726, 240.69972229, 158.265869141, 168.362838745, 139.690414429, 192.702850342, 276.636566162, 226.908584595, 165.668563843, 180.974075317, 52.3682556152, 60.1464271545, 9.91874885559, 2.19835829735, 0.23462317884, 0.00353864370845],
        "mean": [0.126818433404, 0.456379681826, 1.10261380672, 1.75937116146, 6.62240409851, 24.7202014923, 33.4341697693, 21.272026062, 22.4083633423, 23.9944267273, 40.6228866577, 21.6373138428, 18.0646076202, 34.8086204529, 49.0980606079, 31.9233818054, 35.5338134766, 55.2472076416, 49.0385704041, 36.8199920654, 27.0662021637, 21.4808712006, 20.6064128876, 19.2663555145, 18.5804309845, 16.9672412872, 16.1120185852, 13.9712734222, 13.197470665, 12.3080892563, 10.9851226807, 8.62322998047, 6.78561353683, 4.39152812958, 2.10517311096, 0.746503770351, 0.23336827755, 0.069552205503, 0.00640672259033, 0.000135091017],
        "median": [0.0362656190991, 0.186905443668, 0.201910763979, 0.356939762831, 1.78698897362, 4.63900375366, 7.17256069183, 7.50937747955, 5.91581296921, 10.29429245, 11.1360282898, 8.31036567688, 7.51333808899, 14.3704910278, 18.9443588257, 15.4287834167, 20.0093154907, 25.3264274597, 25.9533119202, 19.717250824, 16.7772407532, 14.0916643143, 13.603758812, 12.9057855606, 12.5437335968, 11.1722593307, 10.6708526611, 8.69268608093, 7.87013578415, 7.09272193909, 5.94872665405, 4.7249879837, 3.66846942902, 2.55032968521, 1.31308472157, 0.444572925568, 0.15120986104, 0.0367039442062, 0.00173088232987, 7.72039493313e-05],
        "min": [1.22127671436e-22, 6.76059601791e-22, 2.58197016702e-21, 9.90607187007e-21, 1.02959800923e-20, 2.24325614478e-20, 1.00904434816e-19, 1.5445527403e-19, 6.92335244682e-20, 4.95614001106e-19, 4.28831910394e-19, 7.78510339286e-19, 5.37888617275e-19, 1.27045987858e-18, 1.34670090884e-18, 9.8267578186e-19, 1.2425896822e-18, 2.79870666595e-18, 3.78757772041e-18, 2.94351373117e-18, 4.28032300745e-18, 5.75611082756e-18, 5.67052286317e-18, 8.24795850847e-18, 7.69852115737e-18, 8.88082281461e-18, 9.75776909435e-18, 9.88602675705e-18, 1.45532237914e-17, 1.24407310655e-17, 1.37441311373e-17, 1.25541309101e-17, 1.19896951201e-17, 9.28598911352e-18, 6.21807506965e-18, 4.41525684488e-18, 2.88026667435e-18, 1.10377450655e-18, 2.76999987978e-19, 2.8241678022e-20],
        "var": [0.0268302187324, 0.429687559605, 10.0454483032, 27.8995361328, 237.251708984, 4553.82080078, 5399.53955078, 2003.92578125, 3815.56274414, 1436.80578613, 7306.95605469, 1870.8145752, 1902.31958008, 4612.29296875, 6604.26611328, 2387.26367188, 2452.21972656, 6096.43652344, 4676.63330078, 4054.15332031, 1138.50170898, 607.086914062, 514.373596191, 509.685943604, 410.3125, 410.98828125, 316.421844482, 280.803527832, 235.493453979, 252.449493408, 221.976791382, 154.273147583, 95.2554626465, 48.926399231, 8.37091255188, 2.07581830025, 0.104368813336, 0.0114018842578, 0.000184415868716, 3.74791540025e-08]
    },
    "gfcc": {
        "mean": [32.6153488159, 44.2639007568, -114.652664185, 18.4407978058, -60.9754142761, 15.5943870544, -45.0897865295, 6.04665517807, -26.3403148651, 9.93659210205, -12.3264188766, 6.2930393219, -7.87358570099],
        "cov": [[14194.1445312, -781.71484375, 390.701965332, 693.190917969, -62.0702362061, 591.487426758, 13.6616916656, 257.670013428, 50.118221283, 423.216217041, -110.993461609, 193.712814331, -265.789123535], [-781.71484375, 1063.95385742, -374.169250488, -200.441741943, 93.4814071655, -135.006072998, -30.2595748901, -50.2793693542, -28.5339870453, -100.615287781, 25.8491535187, -84.6721954346, 54.7679634094], [390.701965332, -374.169250488, 738.41607666, 200.865127563, 6.47873735428, 73.0207443237, 4.39269065857, 36.2311096191, 50.396812439, 61.7784690857, -56.3808097839, 37.9911766052, -39.4017066956], [693.190917969, -200.441741943, 200.865127563, 279.063690186, 46.9457244873, 78.3672943115, 15.0841817856, 0.632822990417, 22.4592609406, 36.0191230774, -35.8726234436, 19.3736896515, -45.5162353516], [-62.0702362061, 93.4814071655, 6.47873735428, 46.9457244873, 272.152740479, 117.464134216, 126.462669373, 34.5128364563, 61.6637077332, 22.8589267731, 9.353515625, -7.21081399918, -34.9638786316], [591.487426758, -135.006072998, 73.0207443237, 78.3672943115, 117.464134216, 215.284362793, 116.123939514, 69.2969360352, 47.4996452332, 59.2011795044, -2.35675883293, 25.0465869904, -46.755153656], [13.6616916656, -30.2595748901, 4.39269065857, 15.0841817856, 126.462669373, 116.123939514, 195.192352295, 91.5526657104, 62.7731971741, 39.7976226807, 10.0013895035, 10.5265769958, -37.1729812622], [257.670013428, -50.2793693542, 36.2311096191, 0.632822990417, 34.5128364563, 69.2969360352, 91.5526657104, 158.960266113, 81.0969390869, 79.8237686157, 22.5871639252, 33.4378585815, -10.8086004257], [50.118221283, -28.5339870453, 50.396812439, 22.4592609406, 61.6637077332, 47.4996452332, 62.7731971741, 81.0969390869, 146.09564209, 95.7863769531, 27.4115905762, 22.299665451, -13.5859956741], [423.216217041, -100.615287781, 61.7784690857, 36.0191230774, 22.8589267731, 59.2011795044, 39.7976226807, 79.8237686157, 95.7863769531, 161.972518921, 55.1536521912, 50.285774231, -9.08880805969], [-110.993461609, 25.8491535187, -56.3808097839, -35.8726234436, 9.353515625, -2.35675883293, 10.0013895035, 22.5871639252, 27.4115905762, 55.1536521912, 94.1220779419, 46.5087432861, 23.0245800018], [193.712814331, -84.6721954346, 37.9911766052, 19.3736896515, -7.21081399918, 25.0465869904, 10.5265769958, 33.4378585815, 22.299665451, 50.285774231, 46.5087432861, 93.1409072876, 36.5736236572], [-265.789123535, 54.7679634094, -39.4017066956, -45.5162353516, -34.9638786316, -46.755153656, -37.1729812622, -10.8086004257, -13.5859956741, -9.08880805969, 23.0245800018, 36.5736236572, 99.3992233276]],
        "icov": [[0.000108928463305, -4.22500816057e-05, 6.38656856609e-05, -0.000171701671206, 0.000100540462881, -0.000270417804131, 0.000205052827368, -0.000139736803249, 0.00021605117945, -0.000325100583723, 0.000310667295707, -0.000282246037386, 0.000262591056526], [-4.22500816057e-05, 0.00158370763529, 0.000428682455095, 0.000504863448441, -0.00120457913727, 0.000892687530722, 0.000338664860465, -0.000288570445264, -0.000230910416576, 0.000603860826232, -0.000604971311986, 0.00133293680847, -0.000819669570774], [6.38656856609e-05, 0.000428682455095, 0.00205617002212, -0.000909220718313, -0.000203675459488, 5.2341089031e-05, 0.000582366774324, -0.000345083593857, -0.000287034054054, -0.000518803135492, 0.00167603732552, -0.000992696732283, 0.000356893433491], [-0.000171701671206, 0.000504863448441, -0.000909220718313, 0.00609167432413, -0.00133352878038, -0.000310622155666, 0.00055272859754, 0.00144877587445, -0.000420338328695, -0.00060616992414, 0.00223021255806, -0.00197164295241, 0.00153679354116], [0.000100540462881, -0.00120457913727, -0.000203675459488, -0.00133352878038, 0.00761388288811, -0.00329275871627, -0.00340752885677, 0.00193747959565, -0.00218523782678, 0.000875306373928, -0.00150944944471, 0.000997247640043, 7.09437445039e-05], [-0.000270417804131, 0.000892687530722, 5.2341089031e-05, -0.000310622155666, -0.00329275871627, 0.010650367476, -0.00340274558403, -0.000900016748346, 0.00127370795235, -0.00145045330282, 0.00156300363597, -0.00189352559391, 0.00152073916979], [0.000205052827368, 0.000338664860465, 0.000582366774324, 0.00055272859754, -0.00340752885677, -0.00340274558403, 0.0121974712238, -0.00516576506197, -0.000689269450959, 0.00137638347223, 0.000186227858649, -0.000951418711338, 0.00238489615731], [-0.000139736803249, -0.000288570445264, -0.000345083593857, 0.00144877587445, 0.00193747959565, -0.000900016748346, -0.00516576506197, 0.0129343345761, -0.0038498386275, -0.00257675326429, 0.00115373020526, -0.00195977906696, -0.000263231922872], [0.00021605117945, -0.000230910416576, -0.000287034054054, -0.000420338328695, -0.00218523782678, 0.00127370795235, -0.000689269450959, -0.0038498386275, 0.0146957095712, -0.00780942244455, 0.00122012384236, 0.000421243836172, 0.000409675267292], [-0.000325100583723, 0.000603860826232, -0.000518803135492, -0.00060616992414, 0.000875306373928, -0.00145045330282, 0.00137638347223, -0.00257675326429, -0.00780942244455, 0.0166742112488, -0.00813731737435, -0.000563599751331, 0.000724447425455], [0.000310667295707, -0.000604971311986, 0.00167603732552, 0.00223021255806, -0.00150944944471, 0.00156300363597, 0.000186227858649, 0.00115373020526, 0.00122012384236, -0.00813731737435, 0.0223706383258, -0.0109871765599, 0.00153254892211], [-0.000282246037386, 0.00133293680847, -0.000992696732283, -0.00197164295241, 0.000997247640043, -0.00189352559391, -0.000951418711338, -0.00195977906696, 0.000421243836172, -0.000563599751331, -0.0109871765599, 0.0245054420084, -0.0103599093854], [0.000262591056526, -0.000819669570774, 0.000356893433491, 0.00153679354116, 7.09437445039e-05, 0.00152073916979, 0.00238489615731, -0.000263231922872, 0.000409675267292, 0.000724447425455, 0.00153254892211, -0.0103599093854, 0.0172421019524]]
    },
    "melbands": {
        "dmean": [0.000268159550615, 0.000424178666435, 0.00039443015703, 0.00091440952383, 0.000631768780295, 0.000218231449253, 0.000188952195458, 0.000154746114276, 0.000154593581101, 6.2351100496e-05, 4.50456755061e-05, 6.39158897684e-05, 9.46038053371e-05, 6.25697866781e-05, 4.38439237769e-05, 5.69648836972e-05, 6.16050456301e-05, 5.21929068782e-05, 3.34756769007e-05, 2.55027644016e-05, 2.30673649639e-05, 1.62088617799e-05, 1.17842282634e-05, 1.42916169352e-05, 1.09194979814e-05, 1.05151448224e-05, 7.71514896769e-06, 8.25529969006e-06, 7.80545451562e-06, 5.81743734074e-06, 5.83789187658e-06, 5.16768841408e-06, 4.9308441703e-06, 5.04779973198e-06, 5.04176659888e-06, 4.09616723118e-06, 3.45289413417e-06, 3.66850144928e-06, 2.78006541521e-06, 2.30494561038e-06],
        "dmean2": [0.000400889228331, 0.000731090316549, 0.000711915141437, 0.00144577526953, 0.00101540877949, 0.000330648064846, 0.000281529617496, 0.000239742526901, 0.000209508943954, 9.06531859073e-05, 6.48878631182e-05, 8.96027340787e-05, 0.000133994515636, 9.58325545071e-05, 6.89400112606e-05, 8.66841655807e-05, 9.30426176637e-05, 8.06132811704e-05, 5.31312507519e-05, 4.16866096202e-05, 3.87726031477e-05, 2.69750617008e-05, 2.03269028134e-05, 2.43616468651e-05, 1.9196239009e-05, 1.80471070053e-05, 1.32161567308e-05, 1.44886034832e-05, 1.34990323204e-05, 9.9772687463e-06, 1.01203822851e-05, 8.57037139212e-06, 8.03575312602e-06, 8.25654024084e-06, 8.2546239355e-06, 6.59584020468e-06, 5.52279834665e-06, 5.92040669289e-06, 4.49228627986e-06, 3.6835535866e-06],
        "dvar": [2.08240678035e-07, 2.1456057766e-06, 1.63069250902e-06, 7.56177178118e-06, 2.11184305954e-06, 2.81906039845e-07, 3.1879781659e-07, 8.59205826487e-08, 1.12235014171e-07, 2.33671819672e-08, 1.57145336743e-08, 1.82319492836e-08, 3.29451772529e-08, 1.3236663321e-08, 5.54887380488e-09, 7.4721846488e-09, 9.13248854317e-09, 8.3848146204e-09, 3.15117354432e-09, 2.48693265981e-09, 1.43180423073e-09, 7.24898696625e-10, 3.54460683027e-10, 4.65749494527e-10, 4.001745324e-10, 2.26371837941e-10, 1.53469320585e-10, 2.23597140803e-10, 1.57575660853e-10, 8.01158930863e-11, 8.93898774446e-11, 5.93998322751e-11, 6.19839318761e-11, 6.93800433771e-11, 6.50860407236e-11, 8.37939301279e-11, 3.30905094992e-11, 3.6664966202e-11, 2.51733980883e-11, 1.68492615693e-11],
        "dvar2": [4.64528170596e-07, 6.0351612774e-06, 4.62143316327e-06, 1.76256144186e-05, 5.22553955307e-06, 5.45713362499e-07, 6.68186942221e-07, 2.13524202763e-07, 1.89968218933e-07, 4.7406714998e-08, 3.24396296492e-08, 3.0953930974e-08, 6.04192749165e-08, 2.85593610982e-08, 1.32270301378e-08, 1.59186548387e-08, 1.95038332151e-08, 1.76214385306e-08, 7.47774464571e-09, 6.05763705863e-09, 3.66079877523e-09, 1.84570070338e-09, 9.53697121275e-10, 1.23447874145e-09, 1.10630493655e-09, 6.16956152832e-10, 4.09786649058e-10, 6.10119732514e-10, 4.39125624752e-10, 2.16359041794e-10, 2.43753212059e-10, 1.52200405057e-10, 1.48782083875e-10, 1.77472245233e-10, 1.65390048878e-10, 2.10825648606e-10, 7.57756635217e-11, 8.82347320208e-11, 5.96052998625e-11, 3.8049299822e-11],
        "max": [0.0105881150812, 0.0213152077049, 0.0134949777275, 0.0314863473177, 0.0237415060401, 0.0147121530026, 0.014685655944, 0.00427812803537, 0.00812883768231, 0.00424715178087, 0.00494266441092, 0.00573558127508, 0.00686040939763, 0.00313643948175, 0.00137793971226, 0.0017579679843, 0.00147853500675, 0.00150377862155, 0.00183920294512, 0.00180671364069, 0.000820089888293, 0.000467363366624, 0.000322316540405, 0.000375877832994, 0.000346661341609, 0.000206387267099, 0.000261201930698, 0.000184789532796, 0.000126830520458, 7.80712507549e-05, 9.5404968306e-05, 9.78599346126e-05, 0.00010274899978, 9.70234541455e-05, 9.89714244497e-05, 0.000290122959996, 0.000146222300828, 0.000130159198307, 0.00017698535521, 0.000142249351484],
        "mean": [0.000923404411878, 0.000582571083214, 0.000396658753743, 0.00107761344407, 0.00124439399224, 0.000481614755699, 0.000349998590536, 0.00026812122087, 0.000308758579195, 0.000127577819512, 8.95644770935e-05, 0.000135537717142, 0.000196483844775, 0.000100868688605, 6.51547088637e-05, 9.6933428722e-05, 9.72256602836e-05, 7.99844347057e-05, 5.40365035704e-05, 3.66631393263e-05, 3.0350045563e-05, 2.30245477724e-05, 1.75518925971e-05, 2.06969343708e-05, 1.42752842294e-05, 1.58353814186e-05, 1.1128476217e-05, 1.08643480417e-05, 1.05478038677e-05, 8.32814293972e-06, 7.96739186626e-06, 7.43093232813e-06, 7.06073342371e-06, 6.7620376285e-06, 6.38931169306e-06, 5.7645902416e-06, 5.11459757035e-06, 5.02084958498e-06, 4.07792367696e-06, 3.54853614226e-06],
        "median": [0.00032448550337, 0.000163469114341, 9.45562060224e-05, 0.000228497141507, 0.000272111385129, 0.000155306013767, 8.95119155757e-05, 0.000123725418234, 8.01967398729e-05, 4.43641620222e-05, 3.3541036828e-05, 5.31219120603e-05, 5.77093596803e-05, 3.62198588846e-05, 3.17805606755e-05, 4.93516636197e-05, 4.23827987106e-05, 3.68986584363e-05, 3.11190633511e-05, 1.90512146219e-05, 1.66230693139e-05, 1.26607374114e-05, 1.04330756585e-05, 1.22122673929e-05, 8.71756674314e-06, 9.95841855911e-06, 6.91189416102e-06, 6.53212009638e-06, 6.72986698191e-06, 5.08469020133e-06, 4.85428336106e-06, 4.31539592682e-06, 3.97116264139e-06, 3.7659847294e-06, 3.35822005582e-06, 3.02512557937e-06, 2.7494297683e-06, 2.60988304035e-06, 2.28014414461e-06, 2.06816230275e-06],
        "min": [1.95495430646e-24, 1.20717076908e-24, 2.75234536186e-24, 1.33649524537e-24, 4.16558592648e-24, 2.82818723815e-24, 8.82975955518e-25, 5.47227642913e-24, 4.28752843964e-24, 4.66224210278e-24, 2.32095204268e-24, 5.0637226053e-24, 6.06268754073e-24, 1.97715600777e-24, 1.52307021718e-24, 3.57716826638e-24, 5.02422552307e-24, 4.83906014709e-24, 3.87389711259e-24, 3.76718079819e-24, 3.98262620559e-24, 4.96305764291e-24, 5.79217609227e-24, 3.87087616976e-24, 5.81905337218e-24, 5.85926437353e-24, 4.24521472954e-24, 5.13290176239e-24, 4.87335035292e-24, 7.0097675167e-24, 4.55909617284e-24, 5.77575989684e-24, 6.96570411311e-24, 6.97797011133e-24, 7.29007740645e-24, 5.852413511e-24, 7.39522783195e-24, 7.93389597906e-24, 6.60055104971e-24, 6.49986478807e-24],
        "var": [1.31244314616e-06, 1.74319461621e-06, 1.0864231399e-06, 8.46071816341e-06, 6.84761243974e-06, 1.06257596144e-06, 9.14839745292e-07, 1.47560669461e-07, 4.13107471786e-07, 7.69321744087e-08, 4.9242586897e-08, 8.47015613203e-08, 1.40413703775e-07, 3.69134660616e-08, 1.03352153502e-08, 1.76728658374e-08, 1.93314555474e-08, 1.64330771213e-08, 5.43327516311e-09, 3.47923223565e-09, 1.74543957066e-09, 1.02423236559e-09, 4.63575677845e-10, 6.75290379171e-10, 3.71262909304e-10, 3.42575634527e-10, 1.84765702738e-10, 2.15806664206e-10, 1.66279434666e-10, 9.48928297051e-11, 9.63749427485e-11, 7.72338373811e-11, 8.17307194145e-11, 8.06559957711e-11, 7.19398984828e-11, 8.95199123163e-11, 5.58289837971e-11, 5.4792531623e-11, 4.13843438685e-11, 3.24197578505e-11]
    },
    "mfcc": {
        "mean": [-609.277160645, 84.4554214478, -0.443466871977, 5.85353183746, 3.75755739212, 3.81966567039, -2.25114297867, -5.60013008118, -5.93321275711, -0.366386771202, -1.62456250191, -1.08485841751, -0.662990748882],
        "cov": [[6790.91210938, -184.721176147, 416.959991455, 263.130828857, 171.532577515, 344.632385254, 86.7786178589, 129.548019409, 151.470901489, 153.788726807, 208.28805542, 139.062103271, 101.803916931], [-184.721176147, 1052.26147461, -350.098175049, -70.8055343628, 9.5182762146, -91.9064712524, 7.25205516815, -33.7347869873, -31.6299972534, -11.3034143448, -38.1375427246, -25.6847457886, -39.194152832], [416.959991455, -350.098175049, 589.712219238, 117.527191162, 59.2013435364, 33.6564292908, -43.7759742737, -6.98051214218, 36.7988052368, -3.25939226151, 31.6214179993, -5.17493009567, -10.4109678268], [263.130828857, -70.8055343628, 117.527191162, 176.1978302, 52.7719116211, 48.845413208, -9.0132894516, 7.43032407761, 15.0694932938, 7.09264039993, 16.41837883, 7.20494127274, -8.06409358978], [171.532577515, 9.5182762146, 59.2013435364, 52.7719116211, 135.715621948, 71.9951171875, 15.6008224487, 20.1868591309, 24.5242652893, 25.0492630005, 21.3961544037, 11.3746366501, 9.56911277771], [344.632385254, -91.9064712524, 33.6564292908, 48.845413208, 71.9951171875, 188.665039062, 59.4328422546, 61.7554931641, 35.0326309204, 50.7286453247, 44.3219871521, 23.552154541, 13.8044929504], [86.7786178589, 7.25205516815, -43.7759742737, -9.0132894516, 15.6008224487, 59.4328422546, 129.750854492, 68.9231185913, 31.4231719971, 22.5071544647, 15.9637069702, 16.4219264984, 26.6864204407], [129.548019409, -33.7347869873, -6.98051214218, 7.43032407761, 20.1868591309, 61.7554931641, 68.9231185913, 127.935035706, 60.2837142944, 35.303565979, 26.8034629822, 24.3114719391, 27.2217102051], [151.470901489, -31.6299972534, 36.7988052368, 15.0694932938, 24.5242652893, 35.0326309204, 31.4231719971, 60.2837142944, 118.71434021, 64.4886322021, 46.7201919556, 30.1103401184, 34.2319335938], [153.788726807, -11.3034143448, -3.25939226151, 7.09264039993, 25.0492630005, 50.7286453247, 22.5071544647, 35.303565979, 64.4886322021, 110.514633179, 69.9520950317, 38.2946624756, 26.7256069183], [208.28805542, -38.1375427246, 31.6214179993, 16.41837883, 21.3961544037, 44.3219871521, 15.9637069702, 26.8034629822, 46.7201919556, 69.9520950317, 117.795730591, 72.8646240234, 34.2779922485], [139.062103271, -25.6847457886, -5.17493009567, 7.20494127274, 11.3746366501, 23.552154541, 16.4219264984, 24.3114719391, 30.1103401184, 38.2946624756, 72.8646240234, 102.511856079, 61.6856842041], [101.803916931, -39.194152832, -10.4109678268, -8.06409358978, 9.56911277771, 13.8044929504, 26.6864204407, 27.2217102051, 34.2319335938, 26.7256069183, 34.2779922485, 61.6856842041, 103.927017212]],
