{
"lowlevel": {
    "average_loudness": 0.886779546738,
    "barkbands_crest": {
        "dmean": 2.91540241241,
        "dmean2": 4.12812900543,
        "dvar": 8.85256004333,
        "dvar2": 17.1371479034,
        "max": 26.9049091339,
        "mean": 12.683057785,
        "median": 12.3898839951,
        "min": 1.76858258247,
        "var": 36.5377426147
    },
    "barkbands_flatness_db": {
        "dmean": 0.023637894541,
        "dmean2": 0.0335760675371,
        "dvar": 0.000713986344635,
        "dvar2": 0.00147024332546,
        "max": 0.64820253849,
        "mean": 0.127792745829,
        "median": 0.0987153202295,
        "min": 0.00908949039876,
        "var": 0.00751039991155
    },
    "barkbands_kurtosis": {
        "dmean": 4.36333560944,
        "dmean2": 6.45409250259,
        "dvar": 5100.30175781,
        "dvar2": 9528.41601562,
        "max": 6596.52099609,
        "mean": 5.29727649689,
        "median": 1.20902585983,
        "min": -1.90112864971,
        "var": 6526.32910156
    },
    "barkbands_skewness": {
        "dmean": 0.641450881958,
        "dmean2": 0.881312787533,
        "dvar": 0.951759517193,
        "dvar2": 1.64923322201,
        "max": 68.9816589355,
        "mean": 1.53319084644,
        "median": 1.41307234764,
        "min": -3.99879813194,
        "var": 3.12761163712
    },
    "barkbands_spread": {
        "dmean": 8.3410692215,
        "dmean2": 12.3590230942,
        "dvar": 95.6478805542,
        "dvar2": 210.823455811,
        "max": 123.470741272,
        "mean": 34.3415412903,
        "median": 34.2243385315,
        "min": 0.0244205761701,
        "var": 406.661071777
    },
    "dissonance": {
        "dmean": 0.0146303623915,
        "dmean2": 0.0250265486538,
        "dvar": 0.000431818509242,
        "dvar2": 0.00121883070096,
        "max": 0.500000059605,
        "mean": 0.471404612064,
        "median": 0.484296739101,
        "min": 0.133802756667,
        "var": 0.00141928647645
    },
    "dynamic_complexity": 3.99412274361,
    "erbbands_crest": {
        "dmean": 2.07132267952,
        "dmean2": 3.41069078445,
        "dvar": 4.99777650833,
        "dvar2": 12.5788068771,
        "max": 30.3943881989,
        "mean": 7.19839477539,
        "median": 5.72274589539,
        "min": 2.18054986,
        "var": 18.4251022339
    },
    "erbbands_flatness_db": {
        "dmean": 0.0137935373932,
        "dmean2": 0.0204271189868,
        "dvar": 0.000233217113419,
        "dvar2": 0.000467084144475,
        "max": 0.43761408329,
        "mean": 0.132211983204,
        "median": 0.0997024700046,
        "min": 0.0438036061823,
        "var": 0.00598636642098
    },
    "erbbands_kurtosis": {
        "dmean": 0.686481416225,
        "dmean2": 1.10139703751,
        "dvar": 2.24832415581,
        "dvar2": 5.68608570099,
        "max": 61.4267349243,
        "mean": 0.035675957799,
        "median": -0.356972694397,
        "min": -1.89759016037,
        "var": 4.47726488113
    },
    "erbbands_skewness": {
        "dmean": 0.30275914073,
        "dmean2": 0.480524450541,
        "dvar": 0.0989196002483,
        "dvar2": 0.244979098439,
        "max": 4.73895215988,
        "mean": -0.0638208910823,
        "median": -0.148626506329,
        "min": -3.09295272827,
        "var": 0.353325098753
    },
    "erbbands_spread": {
        "dmean": 8.66598320007,
        "dmean2": 13.0663938522,
        "dvar": 120.600990295,
        "dvar2": 243.352584839,
        "max": 183.352935791,
        "mean": 45.3773117065,
        "median": 44.885307312,
        "min": 1.50446975231,
        "var": 489.482971191
    },
    "hfc": {
        "dmean": 15.0035905838,
        "dmean2": 22.6670608521,
        "dvar": 602.428955078,
        "dvar2": 1342.42944336,
        "max": 246.882400513,
        "mean": 46.5234107971,
        "median": 38.7364273071,
        "min": 1.0730339769e-16,
        "var": 1775.97399902
    },
    "melbands_crest": {
        "dmean": 3.60587048531,
        "dmean2": 5.46432685852,
        "dvar": 16.2840461731,
        "dvar2": 31.7136268616,
        "max": 39.9568328857,
        "mean": 18.6159610748,
        "median": 18.7739200592,
        "min": 1.59578049183,
        "var": 63.150478363
    },
    "melbands_flatness_db": {
        "dmean": 0.0303142238408,
        "dmean2": 0.0417972132564,
        "dvar": 0.00120795145631,
        "dvar2": 0.00238853413612,
        "max": 0.649894356728,
        "mean": 0.196883618832,
        "median": 0.175931215286,
        "min": 0.00279972306453,
        "var": 0.0123014012352
    },
    "melbands_kurtosis": {
        "dmean": 14.788977623,
        "dmean2": 20.8448162079,
        "dvar": 2867.47290039,
        "dvar2": 6407.91357422,
        "max": 3956.11425781,
        "mean": 23.5418510437,
        "median": 9.9559211731,
        "min": -1.76307928562,
        "var": 3603.88232422
    },
    "melbands_skewness": {
        "dmean": 1.0953181982,
        "dmean2": 1.49989902973,
        "dvar": 2.4120388031,
        "dvar2": 4.70505142212,
        "max": 57.2053985596,
        "mean": 3.43653321266,
        "median": 2.92843294144,
        "min": -2.14688515663,
        "var": 7.87120819092
    },
    "melbands_spread": {
        "dmean": 10.5468645096,
        "dmean2": 15.7089920044,
        "dvar": 196.36946106,
        "dvar2": 431.288330078,
        "max": 230.847351074,
        "mean": 30.9082584381,
        "median": 22.6970157623,
        "min": 0.0599823258817,
        "var": 654.943237305
    },
    "pitch_salience": {
        "dmean": 0.0830353423953,
        "dmean2": 0.12236019969,
        "dvar": 0.00885429885238,
        "dvar2": 0.0197364892811,
        "max": 0.932262897491,
        "mean": 0.453540235758,
        "median": 0.450164079666,
        "min": 0.006636810489,
        "var": 0.0299496389925
    },
    "silence_rate_20dB": {
        "dmean": 0,
        "dmean2": 0,
        "dvar": 0,
        "dvar2": 0,
        "max": 1,
        "mean": 1,
        "median": 1,
        "min": 1,
        "var": 0
    },
    "silence_rate_30dB": {
        "dmean": 0.0746425390244,
        "dmean2": 0.149297133088,
        "dvar": 0.0690683498979,
        "dvar2": 0.140755549073,
        "max": 1,
        "mean": 0.898626804352,
        "median": 1,
        "min": 0,
        "var": 0.0910895690322
    },
    "silence_rate_60dB": {
        "dmean": 0.0214880034328,
        "dmean2": 0.0429794788361,
        "dvar": 0.0210248604417,
        "dvar2": 0.0498547106981,
        "max": 1,
        "mean": 0.0951534733176,
        "median": 0,
        "min": 0,
        "var": 0.0860857069492
    },
    "spectral_centroid": {
        "dmean": 289.845794678,
        "dmean2": 441.084777832,
        "dvar": 133267.03125,
        "dvar2": 279292.125,
        "max": 11956.21875,
        "mean": 2052.79589844,
        "median": 2253.55175781,
        "min": 163.121261597,
        "var": 1283169.375
    },
    "spectral_complexity": {
        "dmean": 5.40576791763,
        "dmean2": 8.17595767975,
        "dvar": 41.9244537354,
        "dvar2": 85.3708267212,
        "max": 64,
        "mean": 25.2481422424,
        "median": 26,
        "min": 0,
        "var": 222.298522949
    },
    "spectral_decrease": {
        "dmean": 3.09840819668e-09,
        "dmean2": 4.21606571877e-09,
        "dvar": 2.09649803063e-17,
        "dvar2": 3.66754678249e-17,
        "max": 1.48636484205e-28,
        "mean": -1.1019713142e-08,
        "median": -6.16889028748e-09,
        "min": -4.61828904008e-08,
        "var": 1.07776472209e-16
    },
    "spectral_energy": {
        "dmean": 0.0120431520045,
        "dmean2": 0.0164736937732,
        "dvar": 0.000308979331749,
        "dvar2": 0.000532101024874,
        "max": 0.176229685545,
        "mean": 0.0458107106388,
        "median": 0.0284926369786,
        "min": 1.01139066535e-20,
        "var": 0.00171940517612
    },
    "spectral_energyband_high": {
        "dmean": 0.00145031744614,
        "dmean2": 0.00224132603034,
        "dvar": 5.87291742704e-06,
        "dvar2": 1.37068709591e-05,
        "max": 0.0278845019639,
        "mean": 0.00378810428083,
        "median": 0.00298528932035,
        "min": 7.11354566501e-21,
        "var": 1.44495452332e-05
    },
    "spectral_energyband_low": {
        "dmean": 0.0117167411372,
        "dmean2": 0.0158468745649,
        "dvar": 0.000366840249626,
        "dvar2": 0.000687664956786,
        "max": 0.166684642434,
        "mean": 0.0305550750345,
        "median": 0.011292193085,
        "min": 1.59521117226e-23,
        "var": 0.00131236598827
    },
    "spectral_energyband_middle_high": {
        "dmean": 0.00205330224708,
        "dmean2": 0.00321564613841,
        "dvar": 7.44102089811e-06,
        "dvar2": 1.7555514205e-05,
        "max": 0.0333747602999,
        "mean": 0.00609022332355,
        "median": 0.00532343331724,
        "min": 1.18737859133e-21,
        "var": 2.49586028076e-05
    },
    "spectral_energyband_middle_low": {
        "dmean": 0.00494140898809,
        "dmean2": 0.00842944160104,
        "dvar": 0.000166553465533,
        "dvar2": 0.000449502462288,
        "max": 0.10897385329,
        "mean": 0.00686505204067,
        "median": 0.00388169544749,
        "min": 1.77931843332e-22,
        "var": 0.000126846309286
    },
    "spectral_entropy": {
        "dmean": 0.123371481895,
        "dmean2": 0.188807711005,
        "dvar": 0.0200908817351,
        "dvar2": 0.0450416021049,
        "max": 9.81902503967,
        "mean": 7.85519170761,
        "median": 8.17936706543,
        "min": 4.43990516663,
        "var": 0.5994977355
    },
    "spectral_flux": {
        "dmean": 0.0339610949159,
        "dmean2": 0.0510963089764,
        "dvar": 0.00223263981752,
        "dvar2": 0.00415113149211,
        "max": 0.408733308315,
        "mean": 0.104160152376,
        "median": 0.084224589169,
        "min": 6.34613472883e-11,
        "var": 0.00728894723579
    },
    "spectral_kurtosis": {
        "dmean": 2.36972856522,
        "dmean2": 4.1066737175,
        "dvar": 45.3806800842,
        "dvar2": 137.235992432,
        "max": 173.761306763,
        "mean": 6.90608596802,
        "median": 2.36570501328,
        "min": -1.26492083073,
        "var": 227.43019104
    },
    "spectral_rms": {
        "dmean": 0.000859566731378,
        "dmean2": 0.00114519638009,
        "dvar": 1.25869962631e-06,
        "dvar2": 2.00749127544e-06,
        "max": 0.0131122618914,
        "mean": 0.00582468137145,
        "median": 0.00527235213667,
        "min": 3.14121406837e-12,
        "var": 1.07665091491e-05
    },
    "spectral_rolloff": {
        "dmean": 942.220031738,
        "dmean2": 1442.19677734,
        "dvar": 1848443.625,
        "dvar2": 3798900.75,
        "max": 19552.1484375,
        "mean": 2409.90893555,
        "median": 1464.2578125,
        "min": 21.533203125,
        "var": 6976290.5
    },
    "spectral_skewness": {
        "dmean": 0.215173497796,
        "dmean2": 0.365113735199,
        "dvar": 0.161287680268,
        "dvar2": 0.492772817612,
        "max": 10.3507032394,
        "mean": 1.61920690536,
        "median": 1.27523124218,
        "min": -0.102559611201,
        "var": 1.21411991119
    },
    "spectral_spread": {
        "dmean": 521121.3125,
        "dmean2": 791930.3125,
        "dvar": 480956579840,
        "dvar2": 916697645056,
        "max": 42354084,
        "mean": 5936676,
        "median": 6482917,
        "min": 476194.875,
        "var": 1.21799337574e+13
    },
    "spectral_strongpeak": {
        "dmean": 0.329671502113,
        "dmean2": 0.548645496368,
        "dvar": 0.358918637037,
        "dvar2": 0.918296158314,
        "max": 10.174706459,
        "mean": 0.675554156303,
        "median": 0.468817353249,
        "min": 0,
        "var": 0.534632265568
    },
    "zerocrossingrate": {
        "dmean": 0.0164566449821,
        "dmean2": 0.0175873171538,
        "dvar": 0.000324078806443,
        "dvar2": 0.000339228077792,
        "max": 0.8408203125,
        "mean": 0.091869212687,
        "median": 0.0830078125,
        "min": 0,
        "var": 0.00462267315015
    },
    "barkbands": {
        "dmean": [0.00106712733395, 0.0115355113521, 0.00490215327591, 0.00327587453648, 0.001555144554, 0.000283679226413, 0.000438583490904, 0.000255276099779, 0.000406390900025, 0.000455089320894, 0.000358174671419, 0.000455122877611, 0.000384508515708, 0.000464845943497, 0.000352379342075, 0.000298356375424, 0.000276931532426, 0.00024643188226, 0.000289973802865, 0.000306070549414, 0.000301456806483, 0.000291260308586, 0.000254427053733, 0.000269026379101, 0.000281060900306, 0.000196250577574, 7.14729249012e-05],
        "dmean2": [0.00163726485334, 0.0152866290882, 0.00839210208505, 0.00595297152176, 0.00278083630838, 0.000479310459923, 0.000685432634782, 0.000400978897233, 0.000628171255812, 0.000709473737516, 0.000570037344005, 0.0007268305053, 0.000637394201476, 0.00076311029261, 0.000581984000746, 0.00049599877093, 0.000458030437585, 0.000414843583712, 0.000493688858114, 0.000505859556142, 0.000498556124512, 0.000481881579617, 0.0004093759635, 0.000420597352786, 0.000431793188909, 0.00029740089667, 0.00011228457879],
        "dvar": [8.12608868728e-06, 0.000393338996219, 0.000242742069531, 0.000119861273561, 1.66978879861e-05, 3.48129333361e-07, 5.68567372738e-07, 2.94280766866e-07, 5.0373665772e-07, 6.91422997079e-07, 4.89209412535e-07, 5.72931583065e-07, 4.74430578379e-07, 5.9761009652e-07, 3.60354079021e-07, 2.63838131787e-07, 1.85369430028e-07, 1.37326196636e-07, 2.18115971506e-07, 2.2468945815e-07, 2.11906453274e-07, 2.1182442822e-07, 1.67891300862e-07, 2.28725070883e-07, 2.26600533892e-07, 1.13359973852e-07, 1.46886511843e-08],
        "dvar2": [1.89406982827e-05, 0.000663179089315, 0.000618073216174, 0.000333546922775, 4.73899126519e-05, 9.48632532527e-07, 1.38457335197e-06, 7.04119429429e-07, 1.17287470403e-06, 1.666735443e-06, 1.23100051042e-06, 1.50481025685e-06, 1.23303289001e-06, 1.49302081809e-06, 9.46087482134e-07, 7.02346426351e-07, 4.81634003791e-07, 3.75353124582e-07, 5.9971682731e-07, 5.96087431859e-07, 5.55289261683e-07, 5.43066221326e-07, 4.12037820752e-07, 5.42006603155e-07, 5.13638042321e-07, 2.47564514666e-07, 3.40402550592e-08],
        "max": [0.0595104768872, 0.145638346672, 0.10476963222, 0.0898800417781, 0.0527009479702, 0.0180892404169, 0.016186453402, 0.0169110819697, 0.0124050015584, 0.0132723134011, 0.0200858805329, 0.0172856673598, 0.0113931726664, 0.0193855483085, 0.0121021317318, 0.0116315800697, 0.00774786481634, 0.00986622925848, 0.00808409042656, 0.00856867432594, 0.00829068291932, 0.00616681948304, 0.00619642809033, 0.00658118724823, 0.00449024513364, 0.0030807023868, 0.00127577036619],
        "mean": [0.00191156112123, 0.0231387484819, 0.00408320687711, 0.00253867055289, 0.00177274749149, 0.000493255443871, 0.000872087606695, 0.000401281577069, 0.00069961353438, 0.000719667295925, 0.000575494486839, 0.000728589075152, 0.000561275170185, 0.000761696603149, 0.000558324914891, 0.000486793665914, 0.000467196223326, 0.000450883206213, 0.000500446534716, 0.000590119278058, 0.000645496242214, 0.000605185574386, 0.000518799584825, 0.000511697784532, 0.000601039733738, 0.000461551215267, 0.000155261979671],
        "median": [0.000106166611658, 0.00540653243661, 0.000306226138491, 0.00023206838523, 0.000626110238954, 0.000209634454222, 0.000363578641554, 0.000164424433024, 0.00030995690031, 0.000308098649839, 0.000252913858276, 0.000381153484341, 0.00028812000528, 0.000409954460338, 0.000313048250973, 0.000259711378021, 0.000297485152259, 0.000308665330522, 0.000355724885594, 0.000444197910838, 0.000504338298924, 0.000429884734331, 0.000367699598428, 0.000333154515829, 0.000350929156411, 0.000209924706724, 5.10812096763e-05],
        "min": [1.06061313327e-25, 2.07898118734e-24, 1.00342446473e-24, 8.01892936679e-25, 9.56793772497e-24, 5.74571652369e-24, 9.00082088704e-24, 9.42847737212e-24, 9.9785485036e-24, 1.81554254744e-23, 1.88885186468e-23, 1.38742315878e-23, 4.03411918006e-23, 3.5102316042e-23, 4.58576771782e-23, 4.88695765133e-23, 6.95117597737e-23, 7.51105264991e-23, 1.05391387797e-22, 1.45162334138e-22, 2.75633983005e-22, 3.4350941807e-22, 4.24766887582e-22, 5.61266986244e-22, 7.56339136216e-22, 1.33638742387e-21, 2.00718324083e-21],
        "var": [1.83018764801e-05, 0.000949971959926, 0.00018449423078, 7.5851668953e-05, 1.23823292597e-05, 6.64383094318e-07, 1.59337025707e-06, 5.16824457009e-07, 1.22061135244e-06, 1.31590684305e-06, 9.1254128165e-07, 9.95685581984e-07, 6.75558055718e-07, 1.11032829864e-06, 5.39344000572e-07, 4.28924010976e-07, 3.54692815563e-07, 2.52833359582e-07, 3.10889589628e-07, 4.00860272975e-07, 4.56055232689e-07, 4.19189802869e-07, 3.27669908984e-07, 3.93976563373e-07, 5.01367821926e-07, 3.08164942453e-07, 4.00388024957e-08]
    },
    "erbbands": {
        "dmean": [0.379650443792, 2.5414493084, 4.73082923889, 9.72517108917, 7.36178588867, 4.75525522232, 2.31359171867, 2.66214418411, 5.48067522049, 6.10813474655, 6.97912693024, 7.7125082016, 12.3397092819, 11.9469518661, 13.5576257706, 15.9950332642, 16.1908931732, 18.6647701263, 20.7191009521, 17.3629779816, 15.4923496246, 17.3278465271, 13.4360017776, 13.3544826508, 14.333357811, 13.967215538, 12.7754058838, 11.7434740067, 10.6293840408, 9.26851463318, 7.09331846237, 5.55436706543, 4.60575532913, 3.12191128731, 2.09010696411, 1.02774035931, 0.348799347878, 0.109707981348, 0.0112482123077, 0.000162812604685],
        "dmean2": [0.502749681473, 3.45513558388, 7.4633603096, 17.029050827, 13.2049865723, 8.27273082733, 3.94727230072, 4.41574525833, 8.41303920746, 9.67996788025, 10.669760704, 12.1252231598, 19.4018592834, 18.8049507141, 21.4788265228, 25.4431858063, 26.2888469696, 30.5159072876, 33.7523765564, 29.0074291229, 25.5551261902, 28.6404628754, 22.7001266479, 22.7032260895, 23.9713249207, 23.2511844635, 21.1641216278, 19.3615016937, 17.6003551483, 15.2219057083, 11.4045467377, 8.86155319214, 7.20996999741, 4.84817552567, 3.20764684677, 1.59042978287, 0.533372461796, 0.167245477438, 0.0177381727844, 0.000252134952461],
        "dvar": [0.431388825178, 22.5968952179, 165.731796265, 1004.99102783, 486.672515869, 133.370529175, 28.2198181152, 28.7825622559, 89.9750061035, 137.238433838, 197.265655518, 200.339889526, 437.851348877, 495.114257812, 590.097595215, 688.197814941, 739.925842285, 999.485168457, 1143.77319336, 885.731384277, 758.203552246, 758.631408691, 432.389282227, 392.629669189, 564.740356445, 476.801239014, 388.275695801, 313.288909912, 266.411132812, 244.14239502, 132.32232666, 92.4620742798, 69.9950485229, 27.4060306549, 12.7810602188, 3.04020476341, 0.350787848234, 0.0342248678207, 0.000391941313865, 8.12395057892e-08],
        "dvar2": [0.679384291172, 39.9149627686, 393.902282715, 2685.58544922, 1362.45568848, 364.941131592, 71.9117355347, 78.287689209, 208.871109009, 343.049285889, 455.296905518, 493.837646484, 1047.44250488, 1311.30847168, 1520.42053223, 1787.0189209, 1888.93896484, 2550.70141602, 2890.20874023, 2351.54370117, 2011.58972168, 1963.69763184, 1189.87915039, 1075.49938965, 1488.02514648, 1273.62426758, 1033.02380371, 804.44140625, 679.109619141, 637.321472168, 325.363189697, 223.42225647, 169.701568604, 62.9095687866, 29.0628223419, 6.96541166306, 0.767480373383, 0.0734860450029, 0.000943423830904, 1.8806943558e-07],
        "max": [7.26839208603, 37.0346832275, 104.96320343, 240.954940796, 222.938583374, 197.923782349, 144.850769043, 157.584625244, 208.148849487, 226.902175903, 311.193969727, 253.62298584, 320.924804688, 694.985778809, 567.025756836, 607.796386719, 461.744537354, 540.717468262, 796.152282715, 461.191955566, 774.925354004, 533.10546875, 518.949279785, 259.709442139, 578.514587402, 366.827514648, 355.346801758, 366.971893311, 197.155548096, 244.687545776, 166.682006836, 112.360992432, 137.15246582, 67.5626144409, 40.8775482178, 18.5672588348, 5.78385877609, 2.1273651123, 0.205034732819, 0.00296192755923],
        "mean": [0.779110074043, 4.6526350975, 5.41625499725, 7.88699579239, 6.7040438652, 5.86565732956, 3.53884291649, 4.98770236969, 10.8806934357, 11.0095968246, 11.9222841263, 13.4313526154, 21.0713214874, 21.0155830383, 23.2502632141, 26.6867046356, 26.5355491638, 32.3839645386, 36.2533454895, 28.832403183, 27.1059150696, 30.3241462708, 25.0421142578, 24.7354221344, 26.7537460327, 26.9296741486, 26.5021915436, 24.5740833282, 22.158449173, 18.4277992249, 14.1605224609, 10.4060258865, 8.68613910675, 6.5526509285, 4.31780052185, 2.18731641769, 0.794586837292, 0.262252867222, 0.0237407572567, 0.000409545231378],
        "median": [0.182031050324, 0.953156471252, 0.767888009548, 0.809077739716, 1.6543661356, 1.93993389606, 1.51287686825, 2.22348690033, 4.89543819427, 4.27820825577, 4.93015289307, 6.3884510994, 10.5152797699, 11.5972766876, 12.4901733398, 14.9628124237, 15.3616981506, 18.4975891113, 21.1632385254, 17.8989715576, 15.3603219986, 19.8919410706, 17.4081096649, 18.3708267212, 19.7903289795, 20.4648189545, 20.5192260742, 18.4514732361, 15.8660869598, 13.7050418854, 10.0270118713, 7.04422855377, 5.3618555069, 3.91060638428, 2.40957784653, 1.03598666191, 0.350552260876, 0.0972799509764, 0.00809390097857, 0.000195394735783],
        "min": [1.11799929708e-22, 5.35507964007e-22, 2.2577282916e-21, 5.08676656394e-21, 1.29821562354e-20, 2.05014582246e-20, 2.45428042036e-20, 7.67759834756e-20, 1.5759738421e-19, 1.73325370528e-19, 3.32217499191e-19, 3.42220154899e-19, 5.27178747992e-19, 4.24262332046e-19, 7.74777635073e-19, 1.3513191616e-18, 1.60717067456e-18, 2.0034060078e-18, 2.59930816185e-18, 3.26584967906e-18, 3.97220526031e-18, 3.53251037467e-18, 5.20872902029e-18, 5.88490491689e-18, 6.84557428233e-18, 8.19476500482e-18, 8.46953455197e-18, 8.24999171842e-18, 1.20350676311e-17, 9.95719241387e-18, 1.18004469493e-17, 1.17135044767e-17, 9.13051555431e-18, 7.51959537343e-18, 5.57635000479e-18, 4.05317797047e-18, 2.51546327381e-18, 9.95405677896e-19, 2.67181948643e-19, 2.40614545574e-20],
        "var": [1.15046012402, 51.0247268677, 164.483078003, 699.485351562, 317.475494385, 132.614624023, 44.4200057983, 66.1754302979, 263.952026367, 327.154937744, 424.990783691, 435.64352417, 883.866149902, 803.615844727, 1033.28320312, 1206.31359863, 1217.39099121, 1850.81433105, 2121.17504883, 1245.80493164, 1339.140625, 1472.83862305, 776.153503418, 642.804992676, 909.277770996, 824.159912109, 793.134155273, 689.12109375, 557.577514648, 413.17199707, 245.898590088, 154.753738403, 118.496994019, 59.9976844788, 27.1699638367, 7.11587047577, 0.946895420551, 0.107174195349, 0.00093265279429, 2.23735028726e-07]
    },
    "gfcc": {
        "mean": [5.21814060211, 49.4989089966, -103.194763184, 27.7556915283, -40.4683265686, 20.8566951752, -23.7597770691, 11.3305959702, -19.2301025391, 8.73241710663, -15.2944192886, 4.83400440216, -11.4024524689],
        "cov": [[31518.9765625, -7221.59472656, 194.380279541, 1470.36401367, -827.211730957, 1933.97705078, -330.801422119, 1574.75695801, -375.527984619, 1011.27764893, -670.438537598, 514.991088867, -330.625366211], [-7221.59472656, 5439.35058594, -201.815490723, -397.425323486, 459.328674316, -927.154846191, 154.30380249, -710.670471191, 199.071838379, -568.586975098, 242.258560181, -253.651016235, 293.281311035], [194.380279541, -201.815490723, 1120.97961426, 243.72102356, 217.459411621, 238.759613037, 98.8710403442, 59.3027954102, -22.8810310364, 84.7636108398, 9.37656402588, 56.6189498901, -70.1071548462], [1470.36401367, -397.425323486, 243.72102356, 516.303283691, 72.167137146, 281.218078613, 59.6038131714, 160.029067993, 23.4993610382, 65.2135391235, -17.4997520447, 25.552646637, -20.9719276428], [-827.211730957, 459.328674316, 217.459411621, 72.167137146, 368.269927979, 82.3684005737, 117.562255859, -12.9709978104, 32.9907836914, -10.0316267014, 29.5994243622, 6.9863448143, 23.2718391418], [1933.97705078, -927.154846191, 238.759613037, 281.218078613, 82.3684005737, 454.389923096, 112.342041016, 241.532089233, 2.83622026443, 152.607788086, -34.5508422852, 70.7092437744, -45.2332687378], [-330.801422119, 154.30380249, 98.8710403442, 59.6038131714, 117.562255859, 112.342041016, 244.314468384, 93.6611022949, 95.1263504028, 41.1868476868, 44.4656562805, 17.472278595, 28.5433769226], [1574.75695801, -710.670471191, 59.3027954102, 160.029067993, -12.9709978104, 241.532089233, 93.6611022949, 290.206054688, 84.1903457642, 144.505126953, -5.90150737762, 63.9096641541, -0.374338030815], [-375.527984619, 199.071838379, -22.8810310364, 23.4993610382, 32.9907836914, 2.83622026443, 95.1263504028, 84.1903457642, 178.512405396, 57.532043457, 60.1954269409, 7.77339839935, 49.6604690552], [1011.27764893, -568.586975098, 84.7636108398, 65.2135391235, -10.0316267014, 152.607788086, 41.1868476868, 144.505126953, 57.532043457, 196.195983887, 43.5743865967, 70.3124389648, -18.5122184753], [-670.438537598, 242.258560181, 9.37656402588, -17.4997520447, 29.5994243622, -34.5508422852, 44.4656562805, -5.90150737762, 60.1954269409, 43.5743865967, 117.27406311, 42.1880874634, 35.4913825989], [514.991088867, -253.651016235, 56.6189498901, 25.552646637, 6.9863448143, 70.7092437744, 17.472278595, 63.9096641541, 7.77339839935, 70.3124389648, 42.1880874634, 108.993873596, 30.7533321381], [-330.625366211, 293.281311035, -70.1071548462, -20.9719276428, 23.2718391418, -45.2332687378, 28.5433769226, -0.374338030815, 49.6604690552, -18.5122184753, 35.4913825989, 30.7533321381, 116.577590942]],
        "icov": [[8.16156316432e-05, -6.09710659774e-05, 4.40675939899e-05, -0.000114537622721, 0.000159189788974, -0.000122596335132, 0.000134375266498, -0.000267110415734, 0.000225050695008, -0.000380076118745, 0.000560452812351, -0.00031663061236, 3.43264073308e-05], [-6.09710659774e-05, 0.000828243501019, -9.93939684122e-05, -6.56385018374e-05, -0.000794091494754, 0.000879844999872, -0.000578193867113, 0.00102182582486, -0.000825517869089, 0.00149406155106, -0.00162937969435, 0.00124336429872, -0.000926439010072], [4.40675939899e-05, -9.93939684122e-05, 0.00127473683096, -0.000477160327137, -0.000437147042248, -0.000269470445346, -0.000183731885045, 0.000239314365899, 0.000288571114652, -0.000611995114014, 0.000546809867956, -0.00100712955464, 0.000963351048995], [-0.000114537622721, -6.56385018374e-05, -0.000477160327137, 0.00350086134858, -0.000135016540298, -0.00224505970255, 0.000803575559985, -0.00062402227195, -0.000804304087069, 0.00162302237004, -0.00148830912076, 0.0011339399498, -0.000105450126284], [0.000159189788974, -0.000794091494754, -0.000437147042248, -0.000135016540298, 0.00493525806814, -0.0022422100883, -0.000742336153053, 0.000431169784861, 0.000317395402817, -0.00102521362714, 0.00165238894988, -0.00135058793239, 4.52004896943e-05], [-0.000122596335132, 0.000879844999872, -0.000269470445346, -0.00224505970255, -0.0022422100883, 0.00905954744667, -0.00298748491332, -0.00241511710919, 0.00217086053453, -0.00147189584095, 0.000837989617139, -0.000125559483422, 0.000178915041033], [0.000134375266498, -0.000578193867113, -0.000183731885045, 0.000803575559985, -0.000742336153053, -0.00298748491332, 0.00805395934731, -0.0025076281745, -0.00201156968251, 0.000659289362375, -0.00109665188938, 0.000199893140234, 0.000121494791529], [-0.000267110415734, 0.00102182582486, 0.000239314365899, -0.00062402227195, 0.000431169784861, -0.00241511710919, -0.0025076281745, 0.0131161371246, -0.00624391715974, -0.00096071488224, 0.00142356881406, -0.00121542497072, -0.00126912945416], [0.000225050695008, -0.000825517869089, 0.000288571114652, -0.000804304087069, 0.000317395402817, 0.00217086053453, -0.00201156968251, -0.00624391715974, 0.014202860184, -0.00552345439792, -0.00171034527011, 0.00378337688744, -0.00340934400447], [-0.000380076118745, 0.00149406155106, -0.000611995114014, 0.00162302237004, -0.00102521362714, -0.00147189584095, 0.000659289362375, -0.00096071488224, -0.00552345439792, 0.0171517822891, -0.00942107010633, -0.00112513802014, 0.00279792118818], [0.000560452812351, -0.00162937969435, 0.000546809867956, -0.00148830912076, 0.00165238894988, 0.000837989617139, -0.00109665188938, 0.00142356881406, -0.00171034527011, -0.00942107010633, 0.0230593793094, -0.0107072852552, 0.00105493760202], [-0.00031663061236, 0.00124336429872, -0.00100712955464, 0.0011339399498, -0.00135058793239, -0.000125559483422, 0.000199893140234, -0.00121542497072, 0.00378337688744, -0.00112513802014, -0.0107072852552, 0.0216712318361, -0.00850709341466], [3.43264073308e-05, -0.000926439010072, 0.000963351048995, -0.000105450126284, 4.52004896943e-05, 0.000178915041033, 0.000121494791529, -0.00126912945416, -0.00340934400447, 0.00279792118818, 0.00105493760202, -0.00850709341466, 0.0154126230627]]
    },
    "melbands": {
        "dmean": [0.00332632102072, 0.0023695086129, 0.00152050156612, 0.000431272696005, 9.82588389888e-05, 6.00528364885e-05, 8.2570091763e-05, 6.28347406746e-05, 6.3055427745e-05, 5.05355747009e-05, 6.64288600092e-05, 5.32493068022e-05, 4.83106123284e-05, 4.28823477705e-05, 4.81270835735e-05, 4.30582804256e-05, 3.55766860594e-05, 3.97430994781e-05, 2.76348182524e-05, 2.20789497689e-05, 1.84846867342e-05, 2.08267192647e-05, 1.25767255668e-05, 1.24236958072e-05, 1.15337406896e-05, 1.23135650938e-05, 1.1184613868e-05, 9.74855993263e-06, 9.03141062736e-06, 7.69431335357e-06, 6.91972672939e-06, 6.67699487167e-06, 6.06632011113e-06, 5.27407974005e-06, 4.55820463685e-06, 3.61762681678e-06, 3.63947106052e-06, 3.59964587915e-06, 2.95893732982e-06, 2.68772373602e-06],
        "dmean2": [0.00436600716785, 0.00318710156716, 0.00260864919983, 0.000770534039475, 0.000167393125594, 9.88014944596e-05, 0.000128248502733, 9.86605664366e-05, 9.60612815106e-05, 7.95088271843e-05, 0.000104230639408, 8.34498059703e-05, 7.65974982642e-05, 6.88060536049e-05, 7.78579851612e-05, 7.02997131157e-05, 5.85380439588e-05, 6.50531801512e-05, 4.59222101199e-05, 3.70108100469e-05, 3.06831389025e-05, 3.46139568137e-05, 2.13547482417e-05, 2.07118828257e-05, 1.96975852305e-05, 2.09999416256e-05, 1.84792406799e-05, 1.63524091477e-05, 1.50609821503e-05, 1.27703733597e-05, 1.14234389912e-05, 1.10275213956e-05, 1.02389976746e-05, 8.60020463733e-06, 7.39470533517e-06, 5.90396621192e-06, 5.85238421991e-06, 5.75867579755e-06, 4.66953406431e-06, 4.20923061029e-06],
        "dvar": [3.095583088e-05, 2.3031650926e-05, 2.25610274356e-05, 1.36727442168e-06, 4.82315023476e-08, 1.35461899475e-08, 1.94345712856e-08, 1.35998030615e-08, 1.63618523175e-08, 8.34596036725e-09, 1.30562840539e-08, 9.1048093509e-09, 8.44252401322e-09, 7.40974837043e-09, 6.64847243925e-09, 6.66464439192e-09, 3.51503270934e-09, 4.8204000791e-09, 2.72321742933e-09, 1.44967282623e-09, 1.22325893859e-09, 1.18691168005e-09, 4.04088984496e-10, 3.8626796206e-10, 3.05252351174e-10, 4.26592067226e-10, 3.47420175961e-10, 2.31595229105e-10, 1.92382609843e-10, 1.52048415525e-10, 1.08550966826e-10, 1.05766929936e-10, 1.07455891407e-10, 7.48767783887e-11, 5.31682441129e-11, 3.78085202035e-11, 4.03821559525e-11, 4.32580880838e-11, 2.65656767418e-11, 2.04542771609e-11],
        "dvar2": [5.03341616422e-05, 4.46443300461e-05, 5.82846041652e-05, 3.87574209526e-06, 1.22311860196e-07, 3.65311159101e-08, 4.60309941275e-08, 3.33309486678e-08, 3.66328833934e-08, 2.02387226977e-08, 3.11049817014e-08, 2.37526762703e-08, 2.09185344602e-08, 1.96397635932e-08, 1.65890501336e-08, 1.69827618635e-08, 8.96953267215e-09, 1.2055277665e-08, 7.18763670804e-09, 3.84841047918e-09, 3.27459126481e-09, 3.07115399778e-09, 1.09522924063e-09, 1.05578479292e-09, 8.39432579003e-10, 1.17505472019e-09, 8.96620944157e-10, 6.21244333754e-10, 5.10214648308e-10, 3.9747669045e-10, 2.80759415716e-10, 2.68499417144e-10, 2.91007246078e-10, 1.92645885355e-10, 1.32639593753e-10, 9.61361615315e-11, 9.8256652814e-11, 1.07567295349e-10, 6.35671376648e-11, 4.80046211115e-11],
        "max": [0.0497017763555, 0.0464312471449, 0.0369395911694, 0.0145046450198, 0.00444130785763, 0.00352147989906, 0.00277910847217, 0.00221950164996, 0.00250147841871, 0.00163526309188, 0.00170782255009, 0.00262725073844, 0.00232656346634, 0.00229718675837, 0.00182226672769, 0.0013666797895, 0.000918961653952, 0.001848179847, 0.00125673727598, 0.000805086572655, 0.00112847785931, 0.000678171694744, 0.000566479575355, 0.000703432247974, 0.000230423858739, 0.000394909031456, 0.000462429248728, 0.00023591259378, 0.000218356348341, 0.000334274402121, 0.000140786723932, 0.000161238800501, 0.000176324814674, 0.000131722117658, 0.000108158121293, 0.000110121414764, 7.97544416855e-05, 0.000113079018774, 8.62540109665e-05, 5.87963077123e-05],
        "mean": [0.00682194158435, 0.00412921747193, 0.00131596019492, 0.00045935207163, 0.000146939943079, 0.000115558024845, 0.000164002878591, 0.000109584187157, 0.000105348270154, 8.53178207763e-05, 0.000110863686132, 9.11882525543e-05, 8.11059362604e-05, 6.77622738294e-05, 7.18529627193e-05, 6.31480725133e-05, 5.8893172536e-05, 6.4110790845e-05, 4.24293939432e-05, 3.40455771948e-05, 2.91621254291e-05, 3.33741154463e-05, 2.13525818253e-05, 2.19267512875e-05, 1.94546864805e-05, 2.05108899536e-05, 1.95970915229e-05, 1.70649745996e-05, 1.73753287527e-05, 1.47187856783e-05, 1.34629171953e-05, 1.29518102767e-05, 1.09985385279e-05, 9.99505755317e-06, 8.49700427352e-06, 6.79778213453e-06, 6.23907226327e-06, 6.15122235104e-06, 5.76644788453e-06, 5.42090538147e-06],
        "median": [0.00170373101719, 0.000866312591825, 0.000165406061569, 0.000147584680235, 6.12788717262e-05, 5.373753811e-05, 7.71224804339e-05, 3.96045434172e-05, 3.7436006096e-05, 3.83723490813e-05, 5.30270917807e-05, 4.89277517772e-05, 3.98575830332e-05, 3.02892221953e-05, 3.69731860701e-05, 2.77143772109e-05, 3.20286344504e-05, 3.29701397277e-05, 2.36050982494e-05, 1.96290475287e-05, 1.43302204378e-05, 1.94730237126e-05, 1.44839359564e-05, 1.45275371324e-05, 1.3482882423e-05, 1.43701772686e-05, 1.34822212203e-05, 1.21376469906e-05, 1.25633887365e-05, 1.09489774331e-05, 9.51865513343e-06, 8.42557255964e-06, 7.7535823948e-06, 7.0057785706e-06, 5.79698416914e-06, 4.69014594273e-06, 3.80152414436e-06, 3.5319176277e-06, 3.35176355293e-06, 3.06736683342e-06],
        "min": [1.12175685457e-24, 1.10252600342e-24, 1.24275155135e-24, 1.48632201938e-24, 7.60944153165e-25, 2.04974462169e-24, 2.52599020536e-24, 1.96355604577e-24, 2.33781887491e-24, 1.92061558568e-24, 2.11110735049e-24, 1.34666159168e-24, 2.94990532038e-24, 2.17369241927e-24, 2.87299907352e-24, 3.55644212939e-24, 3.17907079386e-24, 3.44193502469e-24, 2.74057378222e-24, 3.53974076074e-24, 4.19770794811e-24, 3.399346791e-24, 4.5538719415e-24, 3.80739850486e-24, 4.20385909101e-24, 3.99254494818e-24, 5.0955062056e-24, 4.19901114632e-24, 4.36692176772e-24, 5.95688354397e-24, 4.30822065561e-24, 5.83554253725e-24, 5.531347517e-24, 5.08257361992e-24, 5.56891189002e-24, 6.4984042121e-24, 6.42861960428e-24, 5.94258662335e-24, 5.95282327689e-24, 6.46439050202e-24],
        "var": [7.82224742579e-05, 4.61222844024e-05, 1.69184131664e-05, 9.54986262514e-07, 7.44131085639e-08, 3.08378496072e-08, 5.45862306467e-08, 3.12284846871e-08, 3.89605396833e-08, 1.83974080414e-08, 2.63024180214e-08, 1.54218433579e-08, 1.63928266517e-08, 1.17526157695e-08, 1.12128599739e-08, 1.02250679035e-08, 6.40698027965e-09, 8.43667535833e-09, 3.87759424569e-09, 1.97338412278e-09, 1.95252125579e-09, 2.20171902932e-09, 6.32969843206e-10, 6.82509715411e-10, 4.48856757318e-10, 5.82959236439e-10, 5.60463786492e-10, 3.64514779472e-10, 3.83016091066e-10, 2.82953521724e-10, 2.19529838752e-10, 2.16758819227e-10, 1.57973578663e-10, 1.30158300804e-10, 9.36849348099e-11, 6.24010357275e-11, 6.28831847704e-11, 6.57943977078e-11, 4.96768980118e-11, 4.29494009802e-11]
    },
    "mfcc": {
        "mean": [-634.646057129, 86.2189025879, 2.008923769, 17.3639507294, 8.20528316498, 13.8995075226, 9.11673927307, 7.7153377533, 6.09309196472, 4.87451028824, 3.59975242615, 2.43563771248, 1.9627263546],
        "cov": [[16481.4160156, -3894.31811523, 273.524261475, 239.683700562, 68.6140213013, 628.94543457, 501.96005249, 342.608947754, 496.413635254, 580.22076416, 410.219390869, 122.425041199, 194.593704224], [-3894.31811523, 3370.23217773, 111.385444641, 144.163696289, 177.333145142, -192.216064453, -175.970581055, -97.4923629761, -108.011238098, -230.538619995, -188.734603882, -88.1617889404, -90.9961395264], [273.524261475, 111.385444641, 751.660461426, 142.706542969, 139.458694458, 130.643096924, 107.966522217, 55.2846183777, 6.24226999283, -9.93345355988, 29.0388565063, 33.2281074524, 40.8716087341], [239.683700562, 144.163696289, 142.706542969, 293.821258545, 117.97000885, 82.3793106079, 50.4819488525, 52.3634567261, 50.3361854553, 27.6014766693, 22.7021903992, 19.6071300507, 14.8777770996], [68.6140213013, 177.333145142, 139.458694458, 117.97000885, 244.29826355, 120.701118469, 76.6888885498, 48.5624656677, 23.7151832581, 5.68246507645, -2.18672537804, 0.974714279175, 14.9026565552], [628.94543457, -192.216064453, 130.643096924, 82.3793106079, 120.701118469, 215.591018677, 141.408081055, 81.5578231812, 68.2442169189, 46.8801651001, 43.3135910034, 31.4322719574, 32.9166069031], [501.96005249, -175.970581055, 107.966522217, 50.4819488525, 76.6888885498, 141.408081055, 186.646652222, 102.161140442, 68.0191268921, 54.6447105408, 43.6599273682, 35.8003311157, 40.7210769653], [342.608947754, -97.4923629761, 55.2846183777, 52.3634567261, 48.5624656677, 81.5578231812, 102.161140442, 146.3019104, 98.0755615234, 59.1748924255, 43.4451599121, 27.9339790344, 25.1246967316], [496.413635254, -108.011238098, 6.24226999283, 50.3361854553, 23.7151832581, 68.2442169189, 68.0191268921, 98.0755615234, 164.206954956, 102.721969604, 66.0950622559, 42.0556144714, 31.810043335], [580.22076416, -230.538619995, -9.93345355988, 27.6014766693, 5.68246507645, 46.8801651001, 54.6447105408, 59.1748924255, 102.721969604, 142.715835571, 86.2812194824, 42.154335022, 35.6865844727], [410.219390869, -188.734603882, 29.0388565063, 22.7021903992, -2.18672537804, 43.3135910034, 43.6599273682, 43.4451599121, 66.0950622559, 86.2812194824, 122.503158569, 76.4174728394, 37.3024673462], [122.425041199, -88.1617889404, 33.2281074524, 19.6071300507, 0.974714279175, 31.4322719574, 35.8003311157, 27.9339790344, 42.0556144714, 42.154335022, 76.4174728394, 116.846542358, 66.4188156128], [194.593704224, -90.9961395264, 40.8716087341, 14.8777770996, 14.9026565552, 32.9166069031, 40.7210769653, 25.1246967316, 31.810043335, 35.6865844727, 37.3024673462, 66.4188156128, 99.4645080566]],
