{
"lowlevel": {
    "average_loudness": 0.968286156654,
    "barkbands_crest": {
        "dmean": 2.91457509995,
        "dmean2": 4.45755815506,
        "dvar": 9.53007030487,
        "dvar2": 20.8851413727,
        "max": 26.6689414978,
        "mean": 11.60384655,
        "median": 10.46007061,
        "min": 1.81317257881,
        "var": 32.2423019409
    },
    "barkbands_flatness_db": {
        "dmean": 0.0246508587152,
        "dmean2": 0.0358854047954,
        "dvar": 0.000864938192535,
        "dvar2": 0.00178357190453,
        "max": 0.468310892582,
        "mean": 0.108211994171,
        "median": 0.0933470278978,
        "min": 0.0126549685374,
        "var": 0.00472347857431
    },
    "barkbands_kurtosis": {
        "dmean": 3.92769694328,
        "dmean2": 5.77306938171,
        "dvar": 251.71987915,
        "dvar2": 613.673278809,
        "max": 923.28302002,
        "mean": 5.58061408997,
        "median": 0.58221912384,
        "min": -1.92313587666,
        "var": 508.622161865
    },
    "barkbands_skewness": {
        "dmean": 0.688813865185,
        "dmean2": 0.99562805891,
        "dvar": 0.92817491293,
        "dvar2": 1.93322741985,
        "max": 25.0208244324,
        "mean": 1.43763887882,
        "median": 1.13810181618,
        "min": -5.98286724091,
        "var": 3.59891557693
    },
    "barkbands_spread": {
        "dmean": 9.07429695129,
        "dmean2": 13.974697113,
        "dvar": 123.559112549,
        "dvar2": 280.369445801,
        "max": 124.208618164,
        "mean": 38.4877853394,
        "median": 35.7261505127,
        "min": 0.296632766724,
        "var": 519.885131836
    },
    "dissonance": {
        "dmean": 0.0124957077205,
        "dmean2": 0.02047197707,
        "dvar": 0.000219621273573,
        "dvar2": 0.000551042321604,
        "max": 0.500000059605,
        "mean": 0.475485682487,
        "median": 0.483506351709,
        "min": 0.19277203083,
        "var": 0.000685035716742
    },
    "dynamic_complexity": 2.29578447342,
    "erbbands_crest": {
        "dmean": 2.37920641899,
        "dmean2": 3.72484731674,
        "dvar": 6.56611013412,
        "dvar2": 14.3186855316,
        "max": 31.113489151,
        "mean": 8.23008537292,
        "median": 6.44498443604,
        "min": 2.04580974579,
        "var": 26.3867740631
    },
    "erbbands_flatness_db": {
        "dmean": 0.0148416087031,
        "dmean2": 0.0216841362417,
        "dvar": 0.000278283871012,
        "dvar2": 0.000556322396733,
        "max": 0.577231824398,
        "mean": 0.124660089612,
        "median": 0.11153510958,
        "min": 0.0419535785913,
        "var": 0.0037119560875
    },
    "erbbands_kurtosis": {
        "dmean": 1.11692214012,
        "dmean2": 1.74625861645,
        "dvar": 12.4105730057,
        "dvar2": 32.9963989258,
        "max": 226.55039978,
        "mean": 0.676224887371,
        "median": -0.238210439682,
        "min": -1.86014270782,
        "var": 16.443572998
    },
    "erbbands_skewness": {
        "dmean": 0.383509129286,
        "dmean2": 0.56201004982,
        "dvar": 0.219593942165,
        "dvar2": 0.479780882597,
        "max": 13.3871898651,
        "mean": 0.0888559818268,
        "median": -0.0354465730488,
        "min": -5.17283344269,
        "var": 1.00058817863
    },
    "erbbands_spread": {
        "dmean": 10.6856718063,
        "dmean2": 16.5672168732,
        "dvar": 184.378356934,
        "dvar2": 415.998779297,
        "max": 216.238647461,
        "mean": 49.7911643982,
        "median": 46.1764945984,
        "min": 1.44668507576,
        "var": 617.482543945
    },
    "hfc": {
        "dmean": 12.9916591644,
        "dmean2": 20.440946579,
        "dvar": 418.380371094,
        "dvar2": 1045.19909668,
        "max": 243.9581604,
        "mean": 36.6123199463,
        "median": 32.0476951599,
        "min": 1.09721511318e-16,
        "var": 697.545410156
    },
    "melbands_crest": {
        "dmean": 3.82038116455,
        "dmean2": 5.93215560913,
        "dvar": 15.8440074921,
        "dvar2": 36.5937080383,
        "max": 38.1120452881,
        "mean": 17.7970161438,
        "median": 17.3573665619,
        "min": 1.41325461864,
        "var": 63.7346305847
    },
    "melbands_flatness_db": {
        "dmean": 0.0322098881006,
        "dmean2": 0.0469614602625,
        "dvar": 0.00155226280913,
        "dvar2": 0.0032073284965,
        "max": 0.606500804424,
        "mean": 0.163390636444,
        "median": 0.149426043034,
        "min": 0.00177889864426,
        "var": 0.00702826119959
    },
    "melbands_kurtosis": {
        "dmean": 16.3881187439,
        "dmean2": 23.199464798,
        "dvar": 3719.89208984,
        "dvar2": 6648.85595703,
        "max": 2527.03393555,
        "mean": 29.2116451263,
        "median": 8.21162796021,
        "min": -1.89669656754,
        "var": 12234.8935547
    },
    "melbands_skewness": {
        "dmean": 1.10062289238,
        "dmean2": 1.62275612354,
        "dvar": 2.87789678574,
        "dvar2": 5.69958209991,
        "max": 41.8450317383,
        "mean": 3.31974196434,
        "median": 2.560536623,
        "min": -3.44493842125,
        "var": 10.4350318909
    },
    "melbands_spread": {
        "dmean": 13.4408521652,
        "dmean2": 20.9468803406,
        "dvar": 390.156860352,
        "dvar2": 895.553955078,
        "max": 268.497406006,
        "mean": 37.3254051208,
        "median": 29.660238266,
        "min": 0.258157074451,
        "var": 922.390808105
    },
    "pitch_salience": {
        "dmean": 0.0828577205539,
        "dmean2": 0.125464424491,
        "dvar": 0.00818902160972,
        "dvar2": 0.0174658112228,
        "max": 0.94260185957,
        "mean": 0.518269896507,
        "median": 0.541848897934,
        "min": 0.0267943665385,
        "var": 0.0298521183431
    },
    "silence_rate_20dB": {
        "dmean": 0,
        "dmean2": 0,
        "dvar": 0,
        "dvar2": 0,
        "max": 1,
        "mean": 1,
        "median": 1,
        "min": 1,
        "var": 0
    },
    "silence_rate_30dB": {
        "dmean": 0.00215982715599,
        "dmean2": 0.00431998772547,
        "dvar": 0.00215436215512,
        "dvar2": 0.00445601390675,
        "max": 1,
        "mean": 0.994292318821,
        "median": 1,
        "min": 0,
        "var": 0.00567321525887
    },
    "silence_rate_60dB": {
        "dmean": 0.00833076238632,
        "dmean2": 0.0166628099978,
        "dvar": 0.00826062820852,
        "dvar2": 0.017307959497,
        "max": 1,
        "mean": 0.0383339747787,
        "median": 0,
        "min": 0,
        "var": 0.0368602313101
    },
    "spectral_centroid": {
        "dmean": 357.54989624,
        "dmean2": 538.500793457,
        "dvar": 213038.65625,
        "dvar2": 440458.875,
        "max": 11436.6367188,
        "mean": 2034.49255371,
        "median": 2027.91821289,
        "min": 132.918777466,
        "var": 1028854
    },
    "spectral_complexity": {
        "dmean": 5.55538415909,
        "dmean2": 8.4293756485,
        "dvar": 42.9018669128,
        "dvar2": 94.4595489502,
        "max": 60,
        "mean": 22.5130729675,
        "median": 22,
        "min": 0,
        "var": 134.188568115
    },
    "spectral_decrease": {
        "dmean": 1.93578353347e-09,
        "dmean2": 2.80309508938e-09,
        "dvar": 6.17434699375e-18,
        "dvar2": 1.07116241459e-17,
        "max": 1.73688764254e-28,
        "mean": -6.93621426961e-09,
        "median": -5.87556403531e-09,
        "min": -3.62925689501e-08,
        "var": 2.4061648389e-17
    },
    "spectral_energy": {
        "dmean": 0.00776257412508,
        "dmean2": 0.0111500620842,
        "dvar": 8.92273237696e-05,
        "dvar2": 0.000154706198373,
        "max": 0.138268232346,
        "mean": 0.0294996723533,
        "median": 0.0258690919727,
        "min": 1.00826886633e-20,
        "var": 0.000357255950803
    },
    "spectral_energyband_high": {
        "dmean": 0.00128740968648,
        "dmean2": 0.00205995654687,
        "dvar": 4.96623670188e-06,
        "dvar2": 1.23249801618e-05,
        "max": 0.0353546515107,
        "mean": 0.00287827919237,
        "median": 0.00210121227428,
        "min": 6.88825123139e-21,
        "var": 9.21528408071e-06
    },
    "spectral_energyband_low": {
        "dmean": 0.00436432706192,
        "dmean2": 0.00646897731349,
        "dvar": 6.15225944784e-05,
        "dvar2": 0.000120570359286,
        "max": 0.135417461395,
        "mean": 0.0108747184277,
        "median": 0.00473350007087,
        "min": 2.41945990437e-23,
        "var": 0.000262521585682
    },
    "spectral_energyband_middle_high": {
        "dmean": 0.00197570584714,
        "dmean2": 0.00303338351659,
        "dvar": 8.44386886456e-06,
        "dvar2": 1.86852903425e-05,
        "max": 0.0643550977111,
        "mean": 0.00517207849771,
        "median": 0.00389400147833,
        "min": 1.23076528479e-21,
        "var": 2.85809346678e-05
    },
    "spectral_energyband_middle_low": {
        "dmean": 0.00546935712919,
        "dmean2": 0.00820348970592,
        "dvar": 0.000103525941086,
        "dvar2": 0.000205412812647,
        "max": 0.0982797816396,
        "mean": 0.011219592765,
        "median": 0.00584434345365,
        "min": 1.96371637386e-22,
        "var": 0.00022242864361
    },
    "spectral_entropy": {
        "dmean": 0.144988849759,
        "dmean2": 0.209676101804,
        "dvar": 0.0345861203969,
        "dvar2": 0.072112582624,
        "max": 9.82046127319,
        "mean": 8.02004814148,
        "median": 8.10388946533,
        "min": 4.70728445053,
        "var": 0.220724716783
    },
    "spectral_flux": {
        "dmean": 0.0267698261887,
        "dmean2": 0.0411946028471,
        "dvar": 0.000961493002251,
        "dvar2": 0.00200784858316,
        "max": 0.377308875322,
        "mean": 0.0887725502253,
        "median": 0.0770535096526,
        "min": 6.42536024387e-11,
        "var": 0.00232455506921
    },
    "spectral_kurtosis": {
        "dmean": 0.999251961708,
        "dmean2": 1.59236443043,
        "dvar": 9.41180229187,
        "dvar2": 26.9606018066,
        "max": 102.780685425,
        "mean": 3.06743764877,
        "median": 2.07387495041,
        "min": -1.26007211208,
        "var": 33.8813858032
    },
    "spectral_rms": {
        "dmean": 0.0007053243462,
        "dmean2": 0.00102036981843,
        "dvar": 6.2982644522e-07,
        "dvar2": 1.13805947421e-06,
        "max": 0.011614466086,
        "mean": 0.00507709477097,
        "median": 0.00502375746146,
        "min": 3.13636248049e-12,
        "var": 3.00331271319e-06
    },
    "spectral_rolloff": {
        "dmean": 1128.37268066,
        "dmean2": 1830.12121582,
        "dvar": 2659043.75,
        "dvar2": 5884694,
        "max": 19272.2167969,
        "mean": 3130.04980469,
        "median": 2325.5859375,
        "min": 43.06640625,
        "var": 8347275
    },
    "spectral_skewness": {
        "dmean": 0.155105367303,
        "dmean2": 0.236621320248,
        "dvar": 0.0550917834044,
        "dvar2": 0.142068818212,
        "max": 7.33444690704,
        "mean": 1.30252349377,
        "median": 1.21824014187,
        "min": -0.313889652491,
        "var": 0.228423386812
    },
    "spectral_spread": {
        "dmean": 590764.25,
        "dmean2": 887179.3125,
        "dvar": 626152439808,
        "dvar2": 1.24077709722e+12,
        "max": 42022012,
        "mean": 6550867,
        "median": 6611005,
        "min": 555387.125,
        "var": 5.83102994842e+12
    },
    "spectral_strongpeak": {
        "dmean": 0.466152846813,
        "dmean2": 0.776446938515,
        "dvar": 0.940538227558,
        "dvar2": 2.43013072014,
        "max": 19.5009078979,
        "mean": 0.968759357929,
        "median": 0.448727846146,
        "min": 0,
        "var": 1.8814214468
    },
    "zerocrossingrate": {
        "dmean": 0.0188970193267,
        "dmean2": 0.021449720487,
        "dvar": 0.000445177982328,
        "dvar2": 0.000491468643304,
        "max": 0.7138671875,
        "mean": 0.104914337397,
        "median": 0.08984375,
        "min": 0.00341796875,
        "var": 0.00444218423218
    },
    "barkbands": {
        "dmean": [0.000409189175116, 0.00367995491251, 0.00145901553333, 0.00147952476982, 0.00281906267628, 0.00129139772616, 0.000609132286627, 0.000721470278222, 0.000454632740002, 0.000249249831541, 0.000363815837773, 0.000453585060313, 0.000296996673569, 0.00023812019208, 0.0002575123508, 0.000306683505187, 0.000291751028271, 0.000331572373398, 0.000269924785243, 0.000273772835499, 0.000269931537332, 0.000281839864329, 0.000288498558803, 0.000248813157668, 0.000200706752366, 0.000128860585392, 3.23882413795e-05],
        "dmean2": [0.000607553869486, 0.00531913340092, 0.00244580674917, 0.00257255486213, 0.00406944658607, 0.00198363792151, 0.000960817269515, 0.00102585693821, 0.000694816058967, 0.000396094284952, 0.000556469953153, 0.000704349193256, 0.000468753627501, 0.000383621256333, 0.000411400716985, 0.000481739378301, 0.000455691450043, 0.000525379262399, 0.000435607362306, 0.000426129496191, 0.000434991554357, 0.000452214997495, 0.000476766494103, 0.000421370059485, 0.000339166872436, 0.000209087156691, 5.23883645656e-05],
        "dvar": [9.98650079964e-07, 5.34358623554e-05, 2.40346962528e-05, 2.05375545193e-05, 5.92329197389e-05, 1.28966248667e-05, 1.92801985577e-06, 4.63053629574e-06, 1.20518336644e-06, 4.80352753129e-07, 1.33757748699e-06, 1.94280028154e-06, 4.03032601071e-07, 1.63150005505e-07, 3.01105700373e-07, 6.31185002931e-07, 3.49602885308e-07, 3.66038619859e-07, 2.96228563457e-07, 4.24420164791e-07, 2.8919015449e-07, 4.27249034374e-07, 2.66445994157e-07, 1.98706459287e-07, 1.30563677203e-07, 6.24396250259e-08, 2.80022360855e-09],
        "dvar2": [2.04138154913e-06, 0.000100424738775, 6.19628990535e-05, 5.77253122174e-05, 9.86301529338e-05, 2.81087795884e-05, 4.18642730438e-06, 9.00369377632e-06, 2.47187358582e-06, 1.02699254967e-06, 2.84758675662e-06, 4.64547065349e-06, 9.34995966873e-07, 3.95996977431e-07, 6.73488841585e-07, 1.36046742227e-06, 7.85355155131e-07, 8.2651035882e-07, 6.4996703486e-07, 8.2987338601e-07, 6.92515982337e-07, 1.10195162506e-06, 6.7861884645e-07, 5.29516910319e-07, 3.53955442733e-07, 1.62076787547e-07, 6.82050993461e-09],
        "max": [0.0305679216981, 0.133813112974, 0.0804259926081, 0.0632965266705, 0.0937427952886, 0.0819790512323, 0.04375308007, 0.0762440338731, 0.051516033709, 0.0393116958439, 0.0533765926957, 0.0385841168463, 0.0209548715502, 0.00920858513564, 0.0182583145797, 0.0327678211033, 0.0170585289598, 0.013839257881, 0.0220104921609, 0.0289180502295, 0.0155500620604, 0.0208419524133, 0.0088512385264, 0.007383630611, 0.00350628932938, 0.00288843316957, 0.000714587396942],
        "mean": [0.000785439333413, 0.00800509285182, 0.00151200592518, 0.00144011084922, 0.00412880443037, 0.00214349525049, 0.00104864465538, 0.00148236565292, 0.000847916235216, 0.000428689701948, 0.000746924022678, 0.000660043326207, 0.000462528812932, 0.000381282850867, 0.000414031615946, 0.000466717552627, 0.000456211797427, 0.000517507840414, 0.000455734465504, 0.000476673274534, 0.000470139028039, 0.000505668518599, 0.000515986408573, 0.000446273101261, 0.000377969699912, 0.000270071468549, 5.33809070475e-05],
        "median": [6.16438192083e-05, 0.00238764612004, 0.000250095239608, 0.000246164330747, 0.000719315488823, 0.000510294164997, 0.000322894426063, 0.000278829073068, 0.000280886131804, 0.000155687346705, 0.00020932793268, 0.000229307566769, 0.000217468827032, 0.000187891084352, 0.000177141148015, 0.000233940416365, 0.000216801738134, 0.000280009844573, 0.000282601773506, 0.000292237702524, 0.000281113694655, 0.000312617135933, 0.000333318806952, 0.000291454169201, 0.000240304347244, 0.000193418556591, 2.59665666817e-05],
        "min": [2.76848032839e-24, 3.3456466626e-24, 2.74945320057e-24, 3.26776281986e-24, 1.40213762347e-23, 1.17053729137e-23, 7.13720168505e-24, 1.43480845564e-23, 2.05494826377e-23, 2.01233746865e-23, 2.21537338403e-23, 3.50194667143e-23, 4.43442254434e-23, 2.47416093949e-23, 5.78559423131e-23, 5.68298046694e-23, 7.75088719102e-23, 9.45177038361e-23, 1.4690829158e-22, 1.89307116611e-22, 2.4277114841e-22, 3.74225717966e-22, 4.40645786701e-22, 5.69111015188e-22, 1.02621892796e-21, 1.28505375827e-21, 1.95622095833e-21],
        "var": [3.24826714859e-06, 0.000201562914299, 2.2025198632e-05, 1.53304117703e-05, 0.000132463188493, 2.70245382126e-05, 6.62105821903e-06, 1.81713694474e-05, 7.05874708729e-06, 2.26446081797e-06, 7.89340265328e-06, 2.6408552003e-06, 6.86285090978e-07, 3.04876266455e-07, 6.72856174333e-07, 1.08555570932e-06, 5.93204163124e-07, 5.85936788866e-07, 5.17773457887e-07, 7.90607316503e-07, 6.4781539777e-07, 7.89702255588e-07, 3.77026651677e-07, 2.60964156951e-07, 1.66013848002e-07, 8.70896812444e-08, 5.06841457693e-09]
    },
    "erbbands": {
        "dmean": [0.146452724934, 0.737931132317, 1.48979485035, 3.40317082405, 9.25601673126, 9.17508792877, 5.87307167053, 13.3719854355, 8.38171482086, 13.2491550446, 11.9633302689, 11.7296915054, 6.98962068558, 8.62759780884, 16.014169693, 18.9058876038, 14.3697957993, 11.4987955093, 12.2679958344, 13.0937757492, 16.0429706573, 16.2318477631, 18.6618518829, 15.3048534393, 12.9721279144, 12.0652685165, 10.4479856491, 10.9120492935, 10.6324415207, 9.08614730835, 8.27785110474, 5.62343549728, 4.23107719421, 2.50073814392, 1.37883555889, 0.59005177021, 0.248367473483, 0.0617383606732, 0.0051924274303, 8.24888120405e-05],
        "dmean2": [0.198412388563, 1.06749391556, 2.34132266045, 5.74486780167, 13.2479438782, 14.2832927704, 9.27780628204, 20.2838459015, 13.437628746, 19.2656269073, 17.0498561859, 17.7019691467, 11.0638418198, 13.4217004776, 24.4812374115, 29.0188236237, 22.385477066, 18.4761829376, 19.7389507294, 20.6795806885, 25.1300411224, 24.9003486633, 29.5202236176, 24.6086330414, 20.6007499695, 18.8181610107, 16.8704624176, 17.400062561, 17.1165294647, 14.7368907928, 13.7963027954, 9.50578784943, 7.16113948822, 4.24649715424, 2.33522415161, 0.976558148861, 0.403251647949, 0.0999745056033, 0.00839201081544, 0.000131494773086],
        "dvar": [0.0876116380095, 2.64472222328, 20.4513721466, 112.894325256, 662.31842041, 643.548339844, 158.750396729, 1674.31628418, 337.748382568, 1328.66162109, 1468.63696289, 949.538391113, 300.361206055, 755.408508301, 2740.98632812, 3967.32666016, 944.609924316, 402.288696289, 451.982330322, 734.228942871, 2195.15478516, 1078.02392578, 1151.12182617, 817.705810547, 1072.58166504, 726.440856934, 412.895202637, 513.704528809, 721.115722656, 289.932495117, 217.11907959, 100.391693115, 56.2580184937, 21.8208866119, 5.57550287247, 1.10102748871, 0.244238227606, 0.0120770875365, 7.53481581341e-05, 1.74179746182e-08],
        "dvar2": [0.159471020103, 4.76776981354, 48.9489707947, 309.441864014, 1048.26733398, 1374.81896973, 375.721130371, 3538.28149414, 791.048339844, 2790.79174805, 2760.16845703, 1911.48779297, 592.092163086, 1564.63183594, 5882.02539062, 9456.28808594, 2167.04150391, 981.446350098, 1098.5970459, 1514.73730469, 4813.0625, 2425.31494141, 2628.32958984, 1881.55505371, 2100.50976562, 1422.88293457, 998.219482422, 1159.44702148, 1844.69445801, 705.314453125, 568.907958984, 261.061706543, 152.584106445, 59.4038505554, 15.1386642456, 2.92369604111, 0.62839370966, 0.0308154206723, 0.000184244156117, 4.32961577701e-08],
        "max": [5.853723526, 31.8994541168, 93.3356170654, 160.063400269, 328.983032227, 309.744903564, 338.392913818, 1057.64648438, 712.79888916, 1348.25085449, 1685.90539551, 1588.95532227, 1262.34814453, 1814.734375, 2732.0925293, 1954.8067627, 853.030090332, 469.149291992, 455.289276123, 1001.79577637, 2072.01489258, 852.440429688, 722.87902832, 812.858032227, 1488.15441895, 1094.53796387, 469.145507812, 829.391052246, 994.894897461, 382.16116333, 169.606994629, 177.179428101, 93.0099258423, 48.6472053528, 23.3751792908, 12.0774364471, 6.89102458954, 1.38332557678, 0.144949182868, 0.00187876587734],
        "mean": [0.310970276594, 1.4522382021, 1.94072031975, 3.57089519501, 12.1750688553, 12.1183042526, 9.6222486496, 22.2750244141, 15.303894043, 26.211359024, 23.8925933838, 22.496465683, 14.15858078, 18.001657486, 30.6211185455, 28.5276870728, 23.7241592407, 19.5114479065, 21.2974796295, 22.3041172028, 25.7073802948, 26.8176307678, 29.4520988464, 25.096824646, 22.543390274, 21.3095874786, 17.7971782684, 19.984588623, 18.5355434418, 16.2984161377, 14.5872144699, 9.83885383606, 7.38161468506, 4.49517679214, 2.58150362968, 1.17156207561, 0.498130261898, 0.121277011931, 0.00849689822644, 0.000178905480425],
        "median": [0.051710255444, 0.416742146015, 0.493764400482, 0.776569724083, 1.54358887672, 2.28684043884, 3.47614216805, 5.03404951096, 5.39064311981, 6.44345235825, 5.84751939774, 7.49437952042, 6.13215446472, 5.94323730469, 10.3881244659, 10.5701131821, 11.5386018753, 11.1702575684, 11.4996013641, 11.9013652802, 13.0727052689, 13.1652908325, 15.5759115219, 15.0953464508, 13.9310255051, 13.1640949249, 11.3044471741, 11.4933490753, 11.1208543777, 10.1874303818, 9.39678001404, 6.56388187408, 4.62353658676, 2.77726221085, 1.69386160374, 0.811956942081, 0.350292265415, 0.0901392176747, 0.00388358091004, 0.000132739631226],
        "min": [1.72221487499e-22, 9.4033391203e-22, 3.04225174926e-21, 7.84086118226e-21, 2.10637439395e-20, 3.30420106806e-20, 4.79833643916e-20, 7.86457864762e-20, 1.83692076178e-19, 2.62923829645e-19, 4.52617566456e-19, 4.42585778481e-19, 5.32364756843e-19, 7.4032344291e-19, 1.34360735675e-18, 1.6382466094e-18, 1.99590761555e-18, 1.35187016729e-18, 2.64839905646e-18, 3.57096724212e-18, 3.21649987692e-18, 5.00975196471e-18, 6.57532899954e-18, 8.07973975038e-18, 8.41383634543e-18, 8.60739826313e-18, 1.10184378428e-17, 9.82045780426e-18, 1.30502663968e-17, 1.32825188605e-17, 1.30497527177e-17, 9.37638258368e-18, 1.18294495559e-17, 1.07222029588e-17, 6.54265826047e-18, 4.4697142805e-18, 2.27889292734e-18, 9.25155399821e-19, 2.88928061658e-19, 2.81382093596e-20],
        "var": [0.334754765034, 8.41405487061, 24.833656311, 89.7369613647, 1436.32177734, 978.956176758, 299.5284729, 3612.13525391, 1125.78857422, 4362.14160156, 4749.80712891, 5617.08105469, 1996.53283691, 6038.71826172, 11323.9648438, 5305.12548828, 1653.36364746, 731.745239258, 945.390258789, 1699.21887207, 3598.3046875, 1930.94628906, 1892.58337402, 1277.17724609, 1949.24560547, 1422.34387207, 713.386291504, 1459.52734375, 1260.2565918, 493.144287109, 291.651763916, 129.898132324, 74.4644546509, 26.116859436, 7.45573854446, 1.56404221058, 0.326298952103, 0.0184287130833, 0.000131377295475, 2.9826576764e-08]
    },
    "gfcc": {
        "mean": [32.2286453247, 27.6314105988, -100.886482239, 31.2410945892, -55.8907699585, 16.6442508698, -37.3844490051, 12.5178451538, -23.0561141968, 9.19538593292, -14.4374876022, 8.38039970398, -14.6008205414],
        "cov": [[11105.4882812, -277.945526123, 1280.35913086, 380.596343994, -684.332763672, 275.483032227, -389.032501221, 117.663879395, -211.127334595, 345.457855225, -137.045013428, 267.179534912, -196.402999878], [-277.945526123, 1877.15136719, 183.403930664, 69.7593231201, -9.13145637512, -194.182769775, -25.8299789429, -95.6651992798, -34.3771247864, -170.591033936, 16.9124698639, -146.174728394, -52.7383995056], [1280.35913086, 183.403930664, 1511.32678223, 391.618255615, 34.8956832886, 174.147567749, 16.1805419922, 57.3142166138, -32.6645088196, 85.7160720825, -55.9585189819, 41.6588935852, -59.554977417], [380.596343994, 69.7593231201, 391.618255615, 657.440429688, 152.320510864, 155.265487671, 38.3154983521, 35.4003143311, -8.39599323273, -33.3217697144, -52.0552940369, -38.2942199707, -20.6355056763], [-684.332763672, -9.13145637512, 34.8956832886, 152.320510864, 381.759155273, 197.854095459, 139.376480103, 88.9836273193, 83.7766189575, 33.4174690247, 34.5514068604, 17.3560142517, 38.7198219299], [275.483032227, -194.182769775, 174.147567749, 155.265487671, 197.854095459, 371.376434326, 184.259185791, 149.955276489, 76.0446243286, 104.511207581, 35.2640686035, 68.9680786133, 28.694393158], [-389.032501221, -25.8299789429, 16.1805419922, 38.3154983521, 139.376480103, 184.259185791, 297.676177979, 170.110748291, 114.132514954, 68.9959030151, 57.6798248291, 31.6867313385, 37.7356109619], [117.663879395, -95.6651992798, 57.3142166138, 35.4003143311, 88.9836273193, 149.955276489, 170.110748291, 232.158096313, 127.411338806, 93.9765777588, 48.4651374817, 40.0145492554, 11.7181091309], [-211.127334595, -34.3771247864, -32.6645088196, -8.39599323273, 83.7766189575, 76.0446243286, 114.132514954, 127.411338806, 175.798675537, 104.440597534, 63.0481758118, 31.6982917786, 33.6683425903], [345.457855225, -170.591033936, 85.7160720825, -33.3217697144, 33.4174690247, 104.511207581, 68.9959030151, 93.9765777588, 104.440597534, 186.169616699, 87.8609008789, 80.9427719116, 26.0862598419], [-137.045013428, 16.9124698639, -55.9585189819, -52.0552940369, 34.5514068604, 35.2640686035, 57.6798248291, 48.4651374817, 63.0481758118, 87.8609008789, 143.732131958, 73.5967941284, 32.3399925232], [267.179534912, -146.174728394, 41.6588935852, -38.2942199707, 17.3560142517, 68.9680786133, 31.6867313385, 40.0145492554, 31.6982917786, 80.9427719116, 73.5967941284, 128.027389526, 51.6099433899], [-196.402999878, -52.7383995056, -59.554977417, -20.6355056763, 38.7198219299, 28.694393158, 37.7356109619, 11.7181091309, 33.6683425903, 26.0862598419, 32.3399925232, 51.6099433899, 86.8976745605]],
        "icov": [[0.000189469486941, -9.05817869352e-05, 6.63560240355e-06, -0.000148443839862, 0.000399249693146, -0.000247399089858, 0.000332716939738, -0.000321903033182, 0.000336500874255, -0.000575504498556, 0.000514664803632, -0.000607073015999, 0.00035667460179], [-9.05817869352e-05, 0.000804422190413, -0.000276192033198, 0.000106897416117, -0.000221323862206, 0.000354421092197, -0.000294092285912, 0.000388988119084, -0.000576866208576, 0.00128579896409, -0.00142418500036, 0.00124764407519, -0.000197040004423], [6.63560240355e-06, -0.000276192033198, 0.0010501134675, -0.000585797766689, 7.54800785217e-05, -8.89839357114e-05, -5.98283731961e-05, -0.000150380510604, 0.000642208615318, -0.00127322447952, 0.00119991111569, -0.00112230528612, 0.000823356211185], [-0.000148443839862, 0.000106897416117, -0.000585797766689, 0.00239805481397, -0.000869441486429, -0.000746794452425, 0.000194357024156, 0.000120782860904, -0.000465140619781, 0.00147277244832, -0.000591875344981, 0.00150079920422, -0.000502302718814], [0.000399249693146, -0.000221323862206, 7.54800785217e-05, -0.000869441486429, 0.00526036182418, -0.00275924149901, 0.000347393011907, -9.34139461606e-05, -0.00103348854464, 0.000156210793648, 6.46702756057e-05, -0.000369193701772, -0.000408998545026], [-0.000247399089858, 0.000354421092197, -8.89839357114e-05, -0.000746794452425, -0.00275924149901, 0.00720010185614, -0.00299779209308, -0.00107176578604, 0.00169377075508, -0.00203947094269, 0.00114017701708, -0.00155565107707, 0.000171449893969], [0.000332716939738, -0.000294092285912, -5.98283731961e-05, 0.000194357024156, 0.000347393011907, -0.00299779209308, 0.00837210938334, -0.00442578690127, -0.000528923701495, 0.000500361900777, -0.00102584715933, 0.00106483872514, -0.00182095437776], [-0.000321903033182, 0.000388988119084, -0.000150380510604, 0.000120782860904, -9.34139461606e-05, -0.00107176578604, -0.00442578690127, 0.0117810256779, -0.00643095606938, 0.00109987065662, -0.000336186698405, -0.000911240873393, 0.0029907238204], [0.000336500874255, -0.000576866208576, 0.000642208615318, -0.000465140619781, -0.00103348854464, 0.00169377075508, -0.000528923701495, -0.00643095606938, 0.015970479697, -0.00853588245809, 0.000559030799195, 0.00213693617843, -0.00336428824812], [-0.000575504498556, 0.00128579896409, -0.00127322447952, 0.00147277244832, 0.000156210793648, -0.00203947094269, 0.000500361900777, 0.00109987065662, -0.00853588245809, 0.0173396002501, -0.00739702582359, -0.000635497097392, 0.000427274906542], [0.000514664803632, -0.00142418500036, 0.00119991111569, -0.000591875344981, 6.46702756057e-05, 0.00114017701708, -0.00102584715933, -0.000336186698405, 0.000559030799195, -0.00739702582359, 0.0167382825166, -0.00965297501534, 0.00257385359146], [-0.000607073015999, 0.00124764407519, -0.00112230528612, 0.00150079920422, -0.000369193701772, -0.00155565107707, 0.00106483872514, -0.000911240873393, 0.00213693617843, -0.000635497097392, -0.00965297501534, 0.022001279518, -0.0108006233349], [0.00035667460179, -0.000197040004423, 0.000823356211185, -0.000502302718814, -0.000408998545026, 0.000171449893969, -0.00182095437776, 0.0029907238204, -0.00336428824812, 0.000427274906542, 0.00257385359146, -0.0108006233349, 0.0197844319046]]
    },
    "melbands": {
        "dmean": [0.00112601264846, 0.000737034366466, 0.00073662615614, 0.00073337397771, 0.000220094108954, 0.000277592946077, 0.000124916303321, 0.000153988294187, 9.08890651772e-05, 7.36292422516e-05, 3.49295005435e-05, 3.53989526047e-05, 4.76053064631e-05, 4.42329510406e-05, 5.1706974773e-05, 2.91212199954e-05, 2.2810547307e-05, 2.04128900805e-05, 2.06346467166e-05, 2.07146367757e-05, 2.00935028261e-05, 1.83579668374e-05, 1.79407670657e-05, 1.53977180162e-05, 1.30880225697e-05, 1.02568656075e-05, 1.04251521407e-05, 8.34422917251e-06, 6.8755311986e-06, 7.23807124814e-06, 6.36605955151e-06, 6.67193125992e-06, 5.57244038646e-06, 5.27305064679e-06, 5.05961725139e-06, 4.3547788664e-06, 3.4067247725e-06, 3.34795959134e-06, 2.32996217164e-06, 2.19198113882e-06],
        "dmean2": [0.00157865951769, 0.0010922732763, 0.00116898433771, 0.00105127610732, 0.000348402070813, 0.000423470890382, 0.000199715868803, 0.000221582988161, 0.000130439002533, 0.000111732799269, 5.55137194169e-05, 5.54818470846e-05, 7.28527447791e-05, 6.77054922562e-05, 8.01340138423e-05, 4.61349845864e-05, 3.69348163076e-05, 3.31331320922e-05, 3.29908179992e-05, 3.290587847e-05, 3.19360551657e-05, 2.85232472379e-05, 2.83595563815e-05, 2.4657620088e-05, 2.12474988075e-05, 1.68365950231e-05, 1.64870907611e-05, 1.3217412743e-05, 1.11482904686e-05, 1.18161851788e-05, 1.02118247014e-05, 1.07601226773e-05, 9.10821927391e-06, 8.62299566506e-06, 8.49907519296e-06, 7.29295152269e-06, 5.79250445298e-06, 5.69999974687e-06, 3.92934862248e-06, 3.74746878151e-06],
        "dvar": [4.74873104395e-06, 3.31851651936e-06, 3.8621656131e-06, 4.40611074737e-06, 1.85706767297e-07, 6.61831222715e-07, 7.47825765757e-08, 1.91652077319e-07, 7.71380257447e-08, 3.91036749647e-08, 7.59148477414e-09, 1.23955583575e-08, 2.17418687498e-08, 1.42389504632e-08, 3.07392582499e-08, 3.76924091938e-09, 1.84212445298e-09, 1.16478526824e-09, 2.31794983208e-09, 2.1865946831e-09, 4.03391009485e-09, 1.58415136564e-09, 1.25858290456e-09, 7.59819318574e-10, 6.24197582511e-10, 4.58280191573e-10, 1.09291209416e-09, 2.88317730801e-10, 1.88213986063e-10, 2.0704249426e-10, 1.82653059344e-10, 3.48904655167e-10, 1.1389091753e-10, 1.0574877779e-10, 7.38858349503e-11, 6.27105728457e-11, 3.67669991674e-11, 3.53109139151e-11, 1.70316451914e-11, 1.65005873548e-11],
        "dvar2": [8.74200304679e-06, 6.78928427078e-06, 9.6900466815e-06, 7.78087724029e-06, 4.38369312405e-07, 1.41620751037e-06, 1.72384517327e-07, 3.92951420736e-07, 1.47949123175e-07, 7.83761322509e-08, 1.47106637982e-08, 2.57610004439e-08, 4.626555139e-08, 3.28542704153e-08, 7.12759273824e-08, 8.69179039853e-09, 4.49269421665e-09, 2.88289969674e-09, 5.01769914507e-09, 4.82891149289e-09, 9.13611497566e-09, 3.56903173682e-09, 2.93864954592e-09, 1.77869763363e-09, 1.45866030365e-09, 1.06239184117e-09, 2.06521422186e-09, 6.33278929296e-10, 4.59432519806e-10, 4.92017593334e-10, 3.99863281375e-10, 8.98233820656e-10, 2.93251645189e-10, 2.62212696001e-10, 1.95439539552e-10, 1.6297939387e-10, 9.62295659823e-11, 9.6611010858e-11, 4.61192438406e-11, 4.52052111022e-11],
        "max": [0.0428841561079, 0.0382365174592, 0.0264276005328, 0.0258734021336, 0.00896917190403, 0.020339852199, 0.009202147834, 0.0153912389651, 0.0118483509868, 0.0103517947719, 0.00625241035596, 0.00712976325303, 0.00733287585899, 0.00341551424935, 0.0049240491353, 0.00148464925587, 0.00107372365892, 0.000628153095022, 0.00176121573895, 0.00163096468896, 0.00303455675021, 0.00120225641876, 0.000959224009421, 0.000631244620308, 0.000721034884918, 0.000953583512455, 0.00153720530216, 0.000592492229771, 0.000344049331034, 0.0003304623242, 0.000529061129782, 0.000751652172767, 0.000303298147628, 0.000287722272333, 0.000105929939309, 0.000134261295898, 0.000121059936646, 8.31373181427e-05, 5.52274395886e-05, 4.27421437053e-05],
        "mean": [0.00247948314063, 0.0013445635559, 0.000833372643683, 0.00101149745751, 0.000357984012226, 0.000467350881081, 0.000224686140427, 0.000314706092468, 0.000171972991666, 0.000139870258863, 6.67988424539e-05, 6.85133418301e-05, 9.23255211092e-05, 7.49090613681e-05, 7.2542570706e-05, 4.5939523261e-05, 3.54250223609e-05, 3.3110678487e-05, 3.25744658767e-05, 3.1209201552e-05, 2.95870213449e-05, 2.81114807876e-05, 2.73752702924e-05, 2.31435988098e-05, 2.01186612685e-05, 1.63453387358e-05, 1.65818182722e-05, 1.3720969946e-05, 1.0898270375e-05, 1.14170015877e-05, 1.14029280667e-05, 1.0700011444e-05, 9.41079724726e-06, 8.85276585905e-06, 8.58385374158e-06, 7.28572376829e-06, 5.52778374185e-06, 5.42438056073e-06, 4.1686048462e-06, 3.70154066331e-06],
        "median": [0.000629723886959, 0.000422434939537, 0.000170606494066, 0.000148572376929, 0.000130066822749, 0.000110671797302, 7.52822161303e-05, 6.61068261252e-05, 4.27965751442e-05, 4.36802401964e-05, 2.72522447631e-05, 2.04841653613e-05, 3.06576039293e-05, 2.88506234938e-05, 2.39500586758e-05, 2.0522831619e-05, 1.71654246515e-05, 1.74841970875e-05, 1.26582644953e-05, 1.62650558195e-05, 1.32158020278e-05, 1.26943486976e-05, 1.36816606755e-05, 1.24057251014e-05, 1.16796800285e-05, 9.82521669357e-06, 8.92475509318e-06, 8.35799983179e-06, 6.7763721745e-06, 6.50695483273e-06, 6.26261999059e-06, 6.14037526248e-06, 5.69861185795e-06, 5.35732306162e-06, 5.27437305209e-06, 4.72093370263e-06, 3.61169327334e-06, 3.36359426001e-06, 2.60346223513e-06, 2.23415531764e-06],
        "min": [1.49396085535e-24, 1.63598756994e-24, 2.76823163999e-24, 1.81607100536e-24, 2.47151462669e-24, 1.78635067075e-24, 2.88851281208e-24, 3.33040508105e-24, 3.66852388124e-24, 2.8544265268e-24, 2.7646401535e-24, 2.91099278408e-24, 4.00816597183e-24, 4.45526314505e-24, 3.42977512827e-24, 3.51805458002e-24, 2.10362993519e-24, 3.23617249048e-24, 4.79202865435e-24, 4.63332798402e-24, 2.90036189731e-24, 4.0338966424e-24, 6.73543482602e-24, 4.24533266425e-24, 5.16965439753e-24, 4.5399651126e-24, 6.0443571743e-24, 5.06521039697e-24, 6.85177918776e-24, 3.84641872068e-24, 5.56466269075e-24, 7.3927934072e-24, 5.51234346337e-24, 7.27995632104e-24, 6.89536138619e-24, 5.8619748996e-24, 5.22541108631e-24, 7.52806490864e-24, 7.99550522689e-24, 8.42458955021e-24],
        "var": [1.92672487174e-05, 7.25016661818e-06, 3.8585690163e-06, 9.13241365197e-06, 3.53122430852e-07, 1.42818066706e-06, 2.57273711668e-07, 6.89181661073e-07, 2.31771750236e-07, 2.49152805054e-07, 5.15064435547e-08, 8.83462689671e-08, 9.92662236854e-08, 3.00304705547e-08, 4.01473556622e-08, 7.3224519781e-09, 3.13698578225e-09, 2.18117501838e-09, 4.9235184818e-09, 3.63250673985e-09, 5.91660986871e-09, 2.6364228578e-09, 2.00032612696e-09, 1.12927622808e-09, 9.28872589956e-10, 7.16863179928e-10, 1.88520532518e-09, 5.00461172503e-10, 2.71934308405e-10, 3.8677422376e-10, 5.54340962022e-10, 5.2464715905e-10, 2.05248540386e-10, 1.53982146478e-10, 1.00797967195e-10, 8.2380650912e-11, 4.40840280946e-11, 4.42343002505e-11, 2.21612207751e-11, 1.93752999755e-11]
    },
    "mfcc": {
        "mean": [-614.709899902, 68.6262512207, 10.0658140182, 18.7014522552, 6.11597728729, 5.97730731964, 0.31909185648, 4.23458337784, -2.31532335281, 1.29462659359, 1.57502901554, 3.46991682053, 1.79021477699],
        "cov": [[5709.04785156, -6.95947313309, 277.091278076, -5.87113952637, -150.692687988, -23.7559146881, -65.2499542236, -45.4205436707, -37.7171325684, 11.7063150406, 60.706451416, 58.6054420471, 47.7462539673], [-6.95947313309, 1472.75891113, 225.015426636, 80.4208831787, -45.4870300293, -119.355407715, -45.5803718567, -35.9306526184, -87.4881973267, -49.0740852356, -30.9466304779, 19.2243270874, 5.47205781937], [277.091278076, 225.015426636, 814.866027832, 254.997024536, 107.338020325, 107.289642334, 79.3848724365, 53.1296844482, 41.8289680481, 50.6019210815, 38.7514648438, -13.4838590622, 5.47608470917], [-5.87113952637, 80.4208831787, 254.997024536, 432.058441162, 145.945556641, 80.9202346802, 45.0512924194, 54.8420829773, 19.1699123383, 22.5388870239, 10.8619804382, -33.7800559998, -45.9895477295], [-150.692687988, -45.4870300293, 107.338020325, 145.945556641, 295.199371338, 151.469528198, 76.7191925049, 61.7809791565, 53.5964012146, 35.3362159729, 31.3359298706, 8.99663639069, -0.364738702774], [-23.7559146881, -119.355407715, 107.289642334, 80.9202346802, 151.469528198, 249.670562744, 132.623077393, 84.3243865967, 87.0781707764, 40.6425094604, 49.984249115, 21.2732944489, 19.531583786], [-65.2499542236, -45.5803718567, 79.3848724365, 45.0512924194, 76.7191925049, 132.623077393, 207.699829102, 133.656967163, 87.1212615967, 69.3398284912, 70.9158325195, 33.5420913696, 35.722492218], [-45.4205436707, -35.9306526184, 53.1296844482, 54.8420829773, 61.7809791565, 84.3243865967, 133.656967163, 181.002838135, 112.119178772, 75.2691574097, 69.2916870117, 31.481552124, 23.9764194489], [-37.7171325684, -87.4881973267, 41.8289680481, 19.1699123383, 53.5964012146, 87.0781707764, 87.1212615967, 112.119178772, 177.265350342, 106.042457581, 76.0545806885, 30.1262645721, 26.0185222626], [11.7063150406, -49.0740852356, 50.6019210815, 22.5388870239, 35.3362159729, 40.6425094604, 69.3398284912, 75.2691574097, 106.042457581, 149.594467163, 95.333984375, 43.3297195435, 37.5518493652], [60.706451416, -30.9466304779, 38.7514648438, 10.8619804382, 31.3359298706, 49.984249115, 70.9158325195, 69.2916870117, 76.0545806885, 95.333984375, 135.643585205, 71.6526641846, 42.9940452576], [58.6054420471, 19.2243270874, -13.4838590622, -33.7800559998, 8.99663639069, 21.2732944489, 33.5420913696, 31.481552124, 30.1262645721, 43.3297195435, 71.6526641846, 115.288200378, 73.3950271606], [47.7462539673, 5.47205781937, 5.47608470917, -45.9895477295, -0.364738702774, 19.531583786, 35.722492218, 23.9764194489, 26.0185222626, 37.5518493652, 42.9940452576, 73.3950271606, 118.790519714]],
