{
"lowlevel": {
    "average_loudness": 0.945436477661,
    "barkbands_crest": {
        "dmean": 3.02883625031,
        "dmean2": 5.00837612152,
        "dvar": 8.67943191528,
        "dvar2": 23.40366745,
        "max": 26.0064601898,
        "mean": 11.3507461548,
        "median": 10.6425848007,
        "min": 2.09039592743,
        "var": 19.5460624695
    },
    "barkbands_flatness_db": {
        "dmean": 0.02721834369,
        "dmean2": 0.0414400920272,
        "dvar": 0.000750644830987,
        "dvar2": 0.00167106313165,
        "max": 0.53416210413,
        "mean": 0.139557614923,
        "median": 0.12484459579,
        "min": 0.0132614849135,
        "var": 0.00415875855833
    },
    "barkbands_kurtosis": {
        "dmean": 6.32221698761,
        "dmean2": 10.140039444,
        "dvar": 259.489471436,
        "dvar2": 623.021606445,
        "max": 601.186157227,
        "mean": 9.5059595108,
        "median": 3.60785055161,
        "min": -1.97542822361,
        "var": 441.581634521
    },
    "barkbands_skewness": {
        "dmean": 0.810764491558,
        "dmean2": 1.25857496262,
        "dvar": 0.883928656578,
        "dvar2": 2.03097462654,
        "max": 19.4298744202,
        "mean": 2.19802498817,
        "median": 1.96166825294,
        "min": -4.7650551796,
        "var": 2.95358562469
    },
    "barkbands_spread": {
        "dmean": 6.9235253334,
        "dmean2": 11.1298093796,
        "dvar": 73.3772277832,
        "dvar2": 173.702774048,
        "max": 120.482658386,
        "mean": 22.2954025269,
        "median": 21.3610706329,
        "min": 0.212372094393,
        "var": 200.379989624
    },
    "dissonance": {
        "dmean": 0.0184272322804,
        "dmean2": 0.0304966084659,
        "dvar": 0.000378447002731,
        "dvar2": 0.000953442475293,
        "max": 0.500000059605,
        "mean": 0.46643191576,
        "median": 0.474871575832,
        "min": 0.211852788925,
        "var": 0.000887203146704
    },
    "dynamic_complexity": 2.70508599281,
    "erbbands_crest": {
        "dmean": 2.79853963852,
        "dmean2": 4.42564916611,
        "dvar": 7.16009712219,
        "dvar2": 16.5330410004,
        "max": 33.5821876526,
        "mean": 8.84098911285,
        "median": 7.64307928085,
        "min": 2.13515353203,
        "var": 21.2713756561
    },
    "erbbands_flatness_db": {
        "dmean": 0.0194663349539,
        "dmean2": 0.0274532213807,
        "dvar": 0.000433387845987,
        "dvar2": 0.00079649098916,
        "max": 0.443998545408,
        "mean": 0.127599641681,
        "median": 0.119045041502,
        "min": 0.0449514873326,
        "var": 0.00184694607742
    },
    "erbbands_kurtosis": {
        "dmean": 1.27925384045,
        "dmean2": 1.94638752937,
        "dvar": 7.70985126495,
        "dvar2": 15.4495296478,
        "max": 111.796897888,
        "mean": 0.93585819006,
        "median": -0.136729001999,
        "min": -1.88185167313,
        "var": 17.6978626251
    },
    "erbbands_skewness": {
        "dmean": 0.409934222698,
        "dmean2": 0.616355895996,
        "dvar": 0.207200661302,
        "dvar2": 0.446110695601,
        "max": 8.80336093903,
        "mean": 0.338582903147,
        "median": 0.225892543793,
        "min": -5.43354988098,
        "var": 0.855896055698
    },
    "erbbands_spread": {
        "dmean": 11.4431695938,
        "dmean2": 17.1727676392,
        "dvar": 167.932861328,
        "dvar2": 361.868835449,
        "max": 182.693954468,
        "mean": 46.9390792847,
        "median": 43.9180984497,
        "min": 1.22698140144,
        "var": 545.259277344
    },
    "hfc": {
        "dmean": 7.60971975327,
        "dmean2": 11.363445282,
        "dvar": 104.498825073,
        "dvar2": 227.419830322,
        "max": 151.879608154,
        "mean": 25.9437637329,
        "median": 24.2087860107,
        "min": 1.1053165201e-16,
        "var": 322.304626465
    },
    "melbands_crest": {
        "dmean": 3.83823657036,
        "dmean2": 6.22132825851,
        "dvar": 14.5491609573,
        "dvar2": 36.5882225037,
        "max": 38.853061676,
        "mean": 16.6001243591,
        "median": 16.11977005,
        "min": 1.67307436466,
        "var": 33.0104484558
    },
    "melbands_flatness_db": {
        "dmean": 0.0331301130354,
        "dmean2": 0.0507347770035,
        "dvar": 0.00113812764175,
        "dvar2": 0.00250425841659,
        "max": 0.658956229687,
        "mean": 0.21890835464,
        "median": 0.205677524209,
        "min": 0.00387897598557,
        "var": 0.00641629938036
    },
    "melbands_kurtosis": {
        "dmean": 16.1536426544,
        "dmean2": 25.8907222748,
        "dvar": 1110.27355957,
        "dvar2": 2561.23632812,
        "max": 1023.61547852,
        "mean": 27.7912387848,
        "median": 15.0799674988,
        "min": -1.91864144802,
        "var": 2137.18554688
    },
    "melbands_skewness": {
        "dmean": 1.16696250439,
        "dmean2": 1.8141477108,
        "dvar": 1.69727993011,
        "dvar2": 3.82505106926,
        "max": 29.2486076355,
        "mean": 3.67076015472,
        "median": 3.34349298477,
        "min": -3.06300592422,
        "var": 5.44170618057
    },
    "melbands_spread": {
        "dmean": 7.95537424088,
        "dmean2": 12.7009067535,
        "dvar": 186.887390137,
        "dvar2": 418.458435059,
        "max": 261.670379639,
        "mean": 20.7871799469,
        "median": 16.0548057556,
        "min": 0.215890467167,
        "var": 472.66519165
    },
    "pitch_salience": {
        "dmean": 0.0861678346992,
        "dmean2": 0.140559569001,
        "dvar": 0.00642931461334,
        "dvar2": 0.0167316570878,
        "max": 0.889309227467,
        "mean": 0.503924310207,
        "median": 0.506217300892,
        "min": 0.0830223187804,
        "var": 0.0153221571818
    },
    "silence_rate_20dB": {
        "dmean": 0,
        "dmean2": 0,
        "dvar": 0,
        "dvar2": 0,
        "max": 1,
        "mean": 1,
        "median": 1,
        "min": 1,
        "var": 0
    },
    "silence_rate_30dB": {
        "dmean": 0.0743483826518,
        "dmean2": 0.148707360029,
        "dvar": 0.0688283890486,
        "dvar2": 0.144531488419,
        "max": 1,
        "mean": 0.912554323673,
        "median": 1,
        "min": 0,
        "var": 0.0797992572188
    },
    "silence_rate_60dB": {
        "dmean": 0.0190856009722,
        "dmean2": 0.038173917681,
        "dvar": 0.0187230650336,
        "dvar2": 0.0421363264322,
        "max": 1,
        "mean": 0.0572527237236,
        "median": 0,
        "min": 0,
        "var": 0.0539834797382
    },
    "spectral_centroid": {
        "dmean": 287.965759277,
        "dmean2": 454.456726074,
        "dvar": 126349.1875,
        "dvar2": 278521.59375,
        "max": 11628.6015625,
        "mean": 1329.78039551,
        "median": 1310.49414062,
        "min": 115.180900574,
        "var": 551379.125
    },
    "spectral_complexity": {
        "dmean": 4.57783794403,
        "dmean2": 6.97799301147,
        "dvar": 30.4705066681,
        "dvar2": 65.0740203857,
        "max": 61,
        "mean": 20.350566864,
        "median": 21,
        "min": 0,
        "var": 126.328781128
    },
    "spectral_decrease": {
        "dmean": 5.08130870713e-09,
        "dmean2": 8.25815149597e-09,
        "dvar": 5.2095722482e-17,
        "dvar2": 1.28354595032e-16,
        "max": 1.47476316043e-28,
        "mean": -1.30144961474e-08,
        "median": -1.1531843036e-08,
        "min": -5.99639804477e-08,
        "var": 9.74344513856e-17
    },
    "spectral_energy": {
        "dmean": 0.0195615254343,
        "dmean2": 0.031694944948,
        "dvar": 0.000758850364946,
        "dvar2": 0.00185547978617,
        "max": 0.231631815434,
        "mean": 0.051472812891,
        "median": 0.0459968522191,
        "min": 9.72892274084e-21,
        "var": 0.00145143468399
    },
    "spectral_energyband_high": {
        "dmean": 0.000523075985257,
        "dmean2": 0.000792789447587,
        "dvar": 8.7953600314e-07,
        "dvar2": 1.89951856555e-06,
        "max": 0.0154377715662,
        "mean": 0.00116945733316,
        "median": 0.000847753603011,
        "min": 6.92959329836e-21,
        "var": 1.94496783479e-06
    },
    "spectral_energyband_low": {
        "dmean": 0.0163067225367,
        "dmean2": 0.0271079298109,
        "dvar": 0.000664356397465,
        "dvar2": 0.00173296534922,
        "max": 0.207638263702,
        "mean": 0.0319375246763,
        "median": 0.0249737706035,
        "min": 2.47470162475e-23,
        "var": 0.00103880523238
    },
    "spectral_energyband_middle_high": {
        "dmean": 0.00226098159328,
        "dmean2": 0.0033894663211,
        "dvar": 1.01176010503e-05,
        "dvar2": 2.14844858419e-05,
        "max": 0.0717166140676,
        "mean": 0.00648453831673,
        "median": 0.00469099963084,
        "min": 1.20726475239e-21,
        "var": 4.32489941886e-05
    },
    "spectral_energyband_middle_low": {
        "dmean": 0.00760446069762,
        "dmean2": 0.0122333010659,
        "dvar": 0.000177152440301,
        "dvar2": 0.000434090005001,
        "max": 0.156539127231,
        "mean": 0.0148710506037,
        "median": 0.0115696126595,
        "min": 2.11163107525e-22,
        "var": 0.000225151641644
    },
    "spectral_entropy": {
        "dmean": 0.185058712959,
        "dmean2": 0.267106354237,
        "dvar": 0.0518671646714,
        "dvar2": 0.0970408767462,
        "max": 9.81228065491,
        "mean": 7.67636346817,
        "median": 7.78676843643,
        "min": 4.20940732956,
        "var": 0.239707782865
    },
    "spectral_flux": {
        "dmean": 0.0402082502842,
        "dmean2": 0.0627043694258,
        "dvar": 0.0021433243528,
        "dvar2": 0.00474014505744,
        "max": 0.438276618719,
        "mean": 0.113070428371,
        "median": 0.0974752381444,
        "min": 6.24649290626e-11,
        "var": 0.00475615309551
    },
    "spectral_kurtosis": {
        "dmean": 1.26880228519,
        "dmean2": 1.97205936909,
        "dvar": 10.885807991,
        "dvar2": 23.0595607758,
        "max": 150.015045166,
        "mean": 3.71212387085,
        "median": 3.0905418396,
        "min": -1.25840914249,
        "var": 19.3546447754
    },
    "spectral_rms": {
        "dmean": 0.00127207068726,
        "dmean2": 0.00198382907547,
        "dvar": 2.35490779232e-06,
        "dvar2": 5.20537378179e-06,
        "max": 0.0150327067822,
        "mean": 0.00652574002743,
        "median": 0.00669887894765,
        "min": 3.08084916086e-12,
        "var": 7.63224397815e-06
    },
    "spectral_rolloff": {
        "dmean": 517.759460449,
        "dmean2": 879.020019531,
        "dvar": 1092042.875,
        "dvar2": 2393265,
        "max": 19358.3496094,
        "mean": 1213.08825684,
        "median": 732.12890625,
        "min": 43.06640625,
        "var": 3141519.75
    },
    "spectral_skewness": {
        "dmean": 0.204098686576,
        "dmean2": 0.31244468689,
        "dvar": 0.0882744938135,
        "dvar2": 0.180218085647,
        "max": 10.2384901047,
        "mean": 1.49261701107,
        "median": 1.42670559883,
        "min": -0.170053362846,
        "var": 0.27468714118
    },
    "spectral_spread": {
        "dmean": 660581.5625,
        "dmean2": 959282.6875,
        "dvar": 740328931328,
        "dvar2": 1.44685504922e+12,
        "max": 41934592,
        "mean": 5545368,
        "median": 5313146.5,
        "min": 868724.625,
        "var": 3.35825417011e+12
    },
    "spectral_strongpeak": {
        "dmean": 0.493339598179,
        "dmean2": 0.850926101208,
        "dvar": 0.912181138992,
        "dvar2": 2.17413854599,
        "max": 15.360994339,
        "mean": 0.790292680264,
        "median": 0.459427177906,
        "min": 0,
        "var": 1.35254478455
    },
    "zerocrossingrate": {
        "dmean": 0.0118250157684,
        "dmean2": 0.0140464063734,
        "dvar": 0.000240470719291,
        "dvar2": 0.000266683055088,
        "max": 0.69287109375,
        "mean": 0.059458732605,
        "median": 0.05322265625,
        "min": 0.001953125,
        "var": 0.00217042560689
    },
    "barkbands": {
        "dmean": [0.00197407999076, 0.0117310807109, 0.00454223388806, 0.00441950373352, 0.00269967736676, 0.00118227524217, 0.00059954932658, 0.000738090602681, 0.000853158708196, 0.000535243598279, 0.0004749680229, 0.000668380409479, 0.000531912315637, 0.000507554155774, 0.000383121951018, 0.000258837739239, 0.000234713006648, 0.000199414658709, 0.000211447331822, 0.000194404172362, 0.000121808887343, 0.000102289224742, 0.000116265997349, 0.000112397719931, 7.26759390091e-05, 3.36128141498e-05, 1.35327336466e-05],
        "dmean2": [0.00280073052272, 0.0204211324453, 0.00746134342626, 0.00716813467443, 0.0045408392325, 0.00197138218209, 0.000967568310443, 0.00116615137085, 0.00130875292234, 0.000847387360409, 0.000716640381142, 0.000987824401818, 0.000794873165432, 0.000777056149673, 0.000607955735177, 0.000413216592278, 0.000380019686418, 0.000321773230098, 0.000348318251781, 0.000327286688844, 0.000202780691325, 0.000164722834597, 0.000181294599315, 0.000170557177626, 0.000106975967356, 4.77999528812e-05, 2.0667888748e-05],
        "dvar": [2.39459859586e-05, 0.000524303293787, 6.16056204308e-05, 0.000119730968436, 2.08161345654e-05, 4.11521341448e-06, 1.27334033095e-06, 3.29523368237e-06, 2.86537760985e-06, 1.53143628268e-06, 1.83044471669e-06, 3.34710716743e-06, 2.17331034946e-06, 1.38623613566e-06, 1.05251115201e-06, 2.90231071176e-07, 1.55243455424e-07, 1.11243387835e-07, 1.23375471617e-07, 1.16273746187e-07, 4.75368118202e-08, 3.94901142897e-08, 6.1175036592e-08, 7.19138668615e-08, 4.65177620868e-08, 3.56388074607e-09, 9.41492328543e-10],
        "dvar2": [4.8639576562e-05, 0.00147766270675, 0.000162929165526, 0.000294681638479, 5.51392040506e-05, 1.07138384919e-05, 3.07864434035e-06, 7.53825452193e-06, 6.41189990347e-06, 3.60076114703e-06, 3.79039920517e-06, 6.33465651845e-06, 4.31145008406e-06, 3.03920296574e-06, 2.5159336019e-06, 7.07895708274e-07, 3.76234766009e-07, 2.65333284233e-07, 3.1499070019e-07, 3.12107914624e-07, 1.30474575144e-07, 9.81548637924e-08, 1.37969337288e-07, 1.49888705891e-07, 1.03230270554e-07, 7.55777218586e-09, 2.11389816762e-09],
        "max": [0.0556688681245, 0.193909049034, 0.101321056485, 0.139402553439, 0.0925707668066, 0.0265393871814, 0.0296918302774, 0.0479200482368, 0.0325894393027, 0.0234026908875, 0.0356123521924, 0.0662998333573, 0.0403242781758, 0.0427971184254, 0.0243377424777, 0.0217057783157, 0.00772285694256, 0.00591290928423, 0.00665833102539, 0.00496887695044, 0.0054225102067, 0.00489048752934, 0.0058829174377, 0.00782068539411, 0.0075598936528, 0.00151828327216, 0.000524631352164],
        "mean": [0.0024486023467, 0.0178065989166, 0.00878525152802, 0.00539344409481, 0.00405558571219, 0.00174138729926, 0.000906850560568, 0.00112037803046, 0.00148277648259, 0.000807091477327, 0.000751292798668, 0.00117615435738, 0.00084380491171, 0.00074921612395, 0.000557504477911, 0.000411843764596, 0.000373547838535, 0.000340163562214, 0.000365082494682, 0.000324293680023, 0.000226542877499, 0.000194394320715, 0.000207399294595, 0.000202567593078, 0.00012484198669, 6.00265011599e-05, 1.6145670088e-05],
        "median": [0.000307524751406, 0.0107077565044, 0.00441337795928, 0.00220419978723, 0.00235859607346, 0.000861184438691, 0.000407071580412, 0.000396238057874, 0.000537457002793, 0.000234653896769, 0.000198772322619, 0.000304203393171, 0.000226265416131, 0.000278595718555, 0.000198725363589, 0.00020472680626, 0.000187805577298, 0.000211376667721, 0.000228889926802, 0.00021292763995, 0.000151676140376, 0.000129537700559, 0.000127128936583, 0.000109138178232, 6.54160103295e-05, 3.30791008309e-05, 1.76780258698e-06],
        "min": [1.11537812529e-24, 1.20201355147e-23, 4.11008660357e-25, 2.62070715653e-24, 7.50412140245e-24, 1.17222103609e-23, 1.62771602808e-23, 1.70082734123e-23, 1.37971567219e-23, 2.74097294584e-23, 2.13091856661e-23, 5.54157241651e-23, 4.37080880094e-23, 7.58096087224e-23, 7.08090509986e-23, 7.65039893347e-23, 9.22842492868e-23, 8.3141704805e-23, 1.45571734015e-22, 2.0574230782e-22, 3.38068398282e-22, 3.80371285205e-22, 4.4680728262e-22, 5.94922745956e-22, 9.02752023147e-22, 1.26376971045e-21, 2.05389269214e-21],
        "var": [4.01588222303e-05, 0.000589735864196, 0.000124860598589, 0.000125440812553, 2.75743768725e-05, 6.32588626104e-06, 2.21837376557e-06, 5.68801897316e-06, 6.80650464346e-06, 3.35093955073e-06, 4.54141354567e-06, 1.04727878352e-05, 5.3593521443e-06, 2.60149704445e-06, 1.73365526734e-06, 5.32807177933e-07, 2.86453257559e-07, 2.02306821961e-07, 2.04799249559e-07, 1.59082532036e-07, 8.38361202682e-08, 7.45514867617e-08, 1.10001245446e-07, 1.47765575775e-07, 7.67553132164e-08, 7.23009740966e-09, 1.35491928788e-09]
    },
    "erbbands": {
        "dmean": [0.462887644768, 2.3101439476, 4.50905752182, 11.3763561249, 10.6799526215, 8.70211696625, 9.57593822479, 10.2368955612, 8.46801757812, 10.8110713959, 15.7259645462, 17.741191864, 18.5166378021, 15.3442354202, 21.0655651093, 22.5561752319, 23.7477035522, 21.3445396423, 19.9064235687, 18.5428752899, 13.9638957977, 13.0048770905, 10.656627655, 10.3166475296, 10.1966514587, 8.92420101166, 5.98390865326, 4.37247371674, 3.82123756409, 3.61200141907, 3.18921923637, 2.57373905182, 1.79550302029, 0.950680434704, 0.463958889246, 0.174235135317, 0.0590006448328, 0.0189642012119, 0.00220402376726, 4.67613645014e-05],
        "dmean2": [0.813548564911, 3.94821357727, 7.43041086197, 18.4051856995, 17.6787033081, 14.7259788513, 15.7362222672, 16.9747333527, 13.8812580109, 17.3027019501, 24.6849365234, 27.5005817413, 28.4227275848, 23.6464328766, 31.2140254974, 33.307723999, 35.0094337463, 31.889087677, 31.2811813354, 29.1069011688, 22.2701969147, 20.741558075, 17.0682640076, 17.0589752197, 16.6318187714, 15.0188875198, 10.0062303543, 7.25019693375, 6.20780086517, 5.64618062973, 4.97287225723, 3.9606525898, 2.73353838921, 1.42771100998, 0.683177649975, 0.252720206976, 0.0847226977348, 0.0276911389083, 0.0033945965115, 7.08060833858e-05],
        "dvar": [0.957169532776, 20.89402771, 58.8614883423, 663.860534668, 460.285064697, 232.443832397, 274.932647705, 357.903137207, 291.10067749, 624.743469238, 1192.69311523, 1455.49047852, 1465.49963379, 1178.80090332, 3431.30273438, 4229.69482422, 4239.58984375, 3003.48632812, 1949.93066406, 2384.25024414, 588.263427734, 486.238525391, 315.255279541, 325.742706299, 282.17590332, 260.22668457, 130.446182251, 61.1488685608, 50.6841545105, 65.4531555176, 46.7645874023, 35.2400360107, 21.3825302124, 9.95373249054, 1.38460242748, 0.119412228465, 0.0106446724385, 0.00134980364237, 2.69000975095e-05, 6.0779452582e-09],
        "dvar2": [2.83878016472, 55.6014900208, 154.262283325, 1638.16308594, 1204.62768555, 597.351806641, 706.702636719, 933.099304199, 720.077758789, 1507.54003906, 2747.99462891, 3294.15966797, 3492.31567383, 2605.40380859, 6777.43505859, 7921.19775391, 8170.51074219, 5760.06396484, 4661.73583984, 5589.58251953, 1392.97155762, 1173.38500977, 741.889953613, 845.636901855, 713.621582031, 703.637634277, 361.33404541, 170.386184692, 134.43196106, 145.872787476, 106.14214325, 73.5951156616, 45.8665275574, 22.6968269348, 2.94952726364, 0.257731407881, 0.022937649861, 0.00295378407463, 6.1455888499e-05, 1.32287825139e-08],
        "max": [7.69458198547, 43.4852600098, 100.669570923, 299.541870117, 394.645385742, 257.473114014, 427.902435303, 289.007019043, 423.688568115, 660.915710449, 841.866394043, 913.704223633, 718.077880859, 841.06036377, 1821.41162109, 3376.31811523, 1978.10083008, 3081.01586914, 1019.66900635, 1561.7208252, 683.64465332, 536.333251953, 388.522674561, 340.719390869, 336.570129395, 255.689071655, 291.272460938, 155.880691528, 154.668762207, 259.436218262, 136.610397339, 162.344512939, 145.953308105, 122.954391479, 31.2673892975, 10.1249685287, 2.36430954933, 0.533188462257, 0.109168350697, 0.0014029800659],
        "mean": [0.595295131207, 3.73803043365, 9.16447639465, 16.4116840363, 14.2686214447, 12.5788946152, 14.6333751678, 14.9553661346, 12.7955989838, 17.4457855225, 25.6665287018, 30.2032241821, 32.3356933594, 25.8616733551, 38.2384338379, 40.9122657776, 40.5663642883, 34.9783821106, 31.2641735077, 29.4186248779, 23.4757614136, 22.2286262512, 19.41065979, 18.2825660706, 18.5591850281, 15.1638393402, 10.4551725388, 8.01900863647, 7.19218015671, 6.58527231216, 5.64077234268, 4.54672622681, 3.11624193192, 1.58956086636, 0.794512927532, 0.311941862106, 0.100884705782, 0.0273245442659, 0.00263220490888, 9.98931427603e-05],
        "median": [0.284749954939, 2.35010051727, 5.82978820801, 8.43030643463, 7.14663553238, 6.65111017227, 7.15539836884, 7.09712266922, 6.22948551178, 8.11894702911, 10.708231926, 12.042391777, 11.5695095062, 9.85564517975, 12.437505722, 12.6635923386, 12.2857942581, 13.0379829407, 14.0372896194, 11.8432226181, 12.5355863571, 11.9457855225, 12.4091310501, 11.9638938904, 12.4285821915, 10.2036094666, 6.77177190781, 5.32959032059, 4.8389134407, 4.17653465271, 3.45444273949, 2.53883051872, 1.60264027119, 0.825883507729, 0.415522128344, 0.173446625471, 0.0541385039687, 0.0097165023908, 0.00033931620419, 7.2510636528e-05],
        "min": [2.08467651853e-22, 1.75335935596e-21, 1.83721075159e-21, 1.09055184997e-20, 1.71344583153e-20, 2.13010720739e-20, 1.26168811932e-19, 1.11960705367e-19, 2.45564513913e-19, 3.42899270182e-19, 3.72264130229e-19, 6.0551580223e-19, 7.20741906462e-19, 1.30978538907e-18, 1.19933702836e-18, 2.64136843485e-18, 1.66751773954e-18, 3.84705572876e-18, 2.90547707147e-18, 5.37506180658e-18, 5.32586813478e-18, 6.0753599442e-18, 5.31281232958e-18, 4.90489358718e-18, 9.28840117219e-18, 9.83977826182e-18, 1.17099103769e-17, 1.19039454419e-17, 1.36192392725e-17, 1.29529792035e-17, 1.08583486158e-17, 1.41624322371e-17, 1.09331778555e-17, 9.60747285859e-18, 6.83037566576e-18, 4.77110911722e-18, 2.21542108419e-18, 1.08678959344e-18, 2.83257531764e-19, 2.66530404971e-20],
        "var": [0.946772277355, 24.3039112091, 111.186286926, 754.855957031, 502.086120605, 330.94039917, 453.60168457, 543.695068359, 443.180480957, 996.727294922, 2205.40722656, 3096.64257812, 3381.0168457, 2577.89697266, 9049.27246094, 11706.6708984, 11338.6533203, 7310.25634766, 3392.58081055, 4239.66455078, 1246.76647949, 938.309020996, 615.161621094, 520.899963379, 490.883880615, 352.163757324, 191.48789978, 103.852050781, 99.4309768677, 116.645500183, 81.5604629517, 70.8994445801, 39.6586685181, 14.4076690674, 2.68538570404, 0.242464378476, 0.0201536901295, 0.002214289736, 3.7085461372e-05, 1.05678985562e-08]
    },
    "gfcc": {
        "mean": [20.5773010254, 76.144821167, -93.1361923218, 40.3718452454, -49.6707420349, 22.3668308258, -34.0986785889, 12.1641778946, -24.230846405, 2.03073906898, -16.6553440094, -0.133249089122, -14.4662389755],
        "cov": [[12946.8330078, 281.897399902, -719.159973145, -1.27954304218, 49.0611343384, 298.61605835, 214.683288574, 337.395843506, 19.7483348846, 271.684997559, -56.5384292603, 104.048858643, -116.383422852], [281.897399902, 1187.05383301, 134.820755005, 30.6697273254, 125.476524353, -58.0532073975, 53.1314468384, 30.6806659698, 78.9135131836, -76.1747970581, 92.55493927, -28.2984981537, 80.028755188], [-719.159973145, 134.820755005, 939.525939941, 200.287994385, 53.2143363953, -8.5612039566, -1.13221466541, -52.1992416382, 57.8726501465, -32.4083366394, -4.75982475281, 31.3365745544, 8.23458766937], [-1.27954304218, 30.6697273254, 200.287994385, 388.036590576, 83.2813339233, 1.6583032608, -20.5454959869, -9.53631782532, 31.9927425385, 12.2537851334, -6.2572054863, -3.5981528759, 12.5523052216], [49.0611343384, 125.476524353, 53.2143363953, 83.2813339233, 301.730957031, 74.5522155762, 64.7395477295, 23.5739269257, 45.1623420715, 36.2207298279, 12.1848669052, 5.51211357117, 6.27910709381], [298.61605835, -58.0532073975, -8.5612039566, 1.6583032608, 74.5522155762, 265.655273438, 139.128753662, 43.2096557617, 3.75254034996, 37.7934150696, 13.4111938477, 16.8087692261, -2.9906244278], [214.683288574, 53.1314468384, -1.13221466541, -20.5454959869, 64.7395477295, 139.128753662, 217.477172852, 75.5507659912, 9.69150066376, 13.9629306793, 20.2545928955, 8.65053367615, 0.345220208168], [337.395843506, 30.6806659698, -52.1992416382, -9.53631782532, 23.5739269257, 43.2096557617, 75.5507659912, 150.939666748, 43.5619316101, 12.9084892273, 10.3467664719, 15.3546066284, 12.315290451], [19.7483348846, 78.9135131836, 57.8726501465, 31.9927425385, 45.1623420715, 3.75254034996, 9.69150066376, 43.5619316101, 132.540237427, 49.5783500671, 9.88438510895, -0.146848887205, 21.0499343872], [271.684997559, -76.1747970581, -32.4083366394, 12.2537851334, 36.2207298279, 37.7934150696, 13.9629306793, 12.9084892273, 49.5783500671, 128.176849365, 15.0334434509, 10.4391212463, -12.6392459869], [-56.5384292603, 92.55493927, -4.75982475281, -6.2572054863, 12.1848669052, 13.4111938477, 20.2545928955, 10.3467664719, 9.88438510895, 15.0334434509, 114.643157959, 37.4614830017, 12.864367485], [104.048858643, -28.2984981537, 31.3365745544, -3.5981528759, 5.51211357117, 16.8087692261, 8.65053367615, 15.3546066284, -0.146848887205, 10.4391212463, 37.4614830017, 98.3435821533, 37.048576355], [-116.383422852, 80.028755188, 8.23458766937, 12.5523052216, 6.27910709381, -2.9906244278, 0.345220208168, 12.315290451, 21.0499343872, -12.6392459869, 12.864367485, 37.048576355, 95.9451522827]],
        "icov": [[0.000101182173239, -0.000104351660411, 8.3956423623e-05, -5.91062598687e-05, 6.51975205983e-05, -9.26586217247e-05, 2.70594609901e-05, -0.000192488179891, 9.86313680187e-05, -0.000242225054535, 0.000239499087911, -0.000286756228888, 0.000252827070653], [-0.000104351660411, 0.00135525409132, -0.000219481182285, 0.000163686476299, -0.000593244796619, 0.00057934760116, -0.000436922593508, 0.000202048104256, -0.000712788954843, 0.00119021453429, -0.00151614123024, 0.00144554115832, -0.00126879429445], [8.3956423623e-05, -0.000219481182285, 0.00147666945122, -0.000734783010557, 0.00011442588584, -7.64405194786e-05, -0.000336106488248, 0.000763253076002, -0.00103057175875, 0.000615664350335, 0.00057815638138, -0.00135938846506, 0.000902280502487], [-5.91062598687e-05, 0.000163686476299, -0.000734783010557, 0.00320809241384, -0.000899325299542, -3.79670855182e-05, 0.000644215440843, -0.000108218540845, -3.11351905111e-05, -0.000183083597221, -0.000189227459487, 0.000881668587681, -0.000827994837891], [6.51975205983e-05, -0.000593244796619, 0.00011442588584, -0.000899325299542, 0.00434047728777, -0.000898913189303, -0.000712721608579, 0.000169357765117, -0.000726735102944, -0.000948852451984, 0.000571633805521, -0.000698279996868, 0.000577935948968], [-9.26586217247e-05, 0.00057934760116, -7.64405194786e-05, -3.79670855182e-05, -0.000898913189303, 0.00637109158561, -0.00391152966768, 0.000351829075953, 0.000447334226919, -0.000886679568794, -0.000362141232472, -3.68675900972e-05, -0.000509934034199], [2.70594609901e-05, -0.000436922593508, -0.000336106488248, 0.000644215440843, -0.000712721608579, -0.00391152966768, 0.00866198074073, -0.00352275767364, 0.00116894650273, -0.000103064063296, -0.000610960531048, 0.000620421546046, 0.000259864871623], [-0.000192488179891, 0.000202048104256, 0.000763253076002, -0.000108218540845, 0.000169357765117, 0.000351829075953, -0.00352275767364, 0.0101184211671, -0.00415978953242, 0.00166777300183, 5.73605793761e-05, -0.00151939783245, -2.82334476651e-05], [9.86313680187e-05, -0.000712788954843, -0.00103057175875, -3.11351905111e-05, -0.000726735102944, 0.000447334226919, 0.00116894650273, -0.00415978953242, 0.0126173915341, -0.00589870288968, 4.84607953695e-05, 0.00230142544024, -0.00304248835891], [-0.000242225054535, 0.00119021453429, 0.000615664350335, -0.000183083597221, -0.000948852451984, -0.000886679568794, -0.000103064063296, 0.00166777300183, -0.00589870288968, 0.0123724155128, -0.0020168570336, -0.000988728716038, 0.00208150781691], [0.000239499087911, -0.00151614123024, 0.00057815638138, -0.000189227459487, 0.000571633805521, -0.000362141232472, -0.000610960531048, 5.73605793761e-05, 4.84607953695e-05, -0.0020168570336, 0.0121491122991, -0.00591944577172, 0.00185689260252], [-0.000286756228888, 0.00144554115832, -0.00135938846506, 0.000881668587681, -0.000698279996868, -3.68675900972e-05, 0.000620421546046, -0.00151939783245, 0.00230142544024, -0.000988728716038, -0.00591944577172, 0.0168281905353, -0.00765449600294], [0.000252827070653, -0.00126879429445, 0.000902280502487, -0.000827994837891, 0.000577935948968, -0.000509934034199, 0.000259864871623, -2.82334476651e-05, -0.00304248835891, 0.00208150781691, 0.00185689260252, -0.00765449600294, 0.0154159488156]]
    },
    "melbands": {
        "dmean": [0.00363865774125, 0.00240860832855, 0.00187991210259, 0.000647632288747, 0.000346753222402, 0.000225915369811, 0.000126189086586, 0.000131710272399, 0.000128548650537, 0.000116293507745, 9.67479718383e-05, 6.60736695863e-05, 7.04234989826e-05, 7.70064580138e-05, 6.08693699178e-05, 5.2220915677e-05, 4.08529776905e-05, 3.74954543076e-05, 3.10088835249e-05, 1.89424790733e-05, 1.71860756382e-05, 1.43582255987e-05, 1.27310804601e-05, 9.59111093835e-06, 9.02954434423e-06, 8.28625525173e-06, 7.85437077866e-06, 5.96264817432e-06, 4.57577107227e-06, 2.80436756839e-06, 2.64114783022e-06, 2.48958895099e-06, 1.92955849343e-06, 2.29278703046e-06, 1.91692083717e-06, 1.83125041531e-06, 1.60328431775e-06, 1.38451900966e-06, 1.06015193069e-06, 7.70836095398e-07],
        "dmean2": [0.00632006814703, 0.00397075386718, 0.00303538516164, 0.00108914100565, 0.000569669471588, 0.00037509019603, 0.000205884076422, 0.000209171659662, 0.000201792965527, 0.000179305454367, 0.000148591730976, 0.0001020231648, 0.000105239349068, 0.00011214420374, 9.09057998797e-05, 7.73533101892e-05, 6.18014746578e-05, 5.9005094954e-05, 4.88513323944e-05, 3.01509735436e-05, 2.77034578176e-05, 2.31770645769e-05, 2.0517853045e-05, 1.54206463776e-05, 1.50817104441e-05, 1.3566828784e-05, 1.29777090478e-05, 1.01029891084e-05, 7.71023587731e-06, 4.68717280455e-06, 4.4164821702e-06, 4.11752671425e-06, 3.06997094413e-06, 3.62569153367e-06, 3.03533988699e-06, 2.90066873276e-06, 2.48347760134e-06, 2.14564738599e-06, 1.62043738783e-06, 1.17736169614e-06],
        "dvar": [5.26654075657e-05, 1.60784275067e-05, 1.66155787156e-05, 1.396606649e-06, 3.36010060664e-07, 1.64394876379e-07, 5.91400315386e-08, 9.94395250586e-08, 7.45305470673e-08, 5.77376262356e-08, 3.98404331747e-08, 2.23841407632e-08, 3.9992094969e-08, 4.87927280801e-08, 3.35915792959e-08, 2.42868019029e-08, 1.02029860116e-08, 7.84763365402e-09, 8.43924308214e-09, 2.3344013389e-09, 9.5927432664e-10, 6.77649991676e-10, 4.88118045983e-10, 2.84084783475e-10, 2.64414407036e-10, 2.02009936556e-10, 1.72998518289e-10, 1.33135502622e-10, 8.27984000806e-11, 2.39099400001e-11, 2.60406227831e-11, 2.58972166628e-11, 1.85948739045e-11, 2.55551586836e-11, 1.80371655112e-11, 1.54880257924e-11, 1.46069684126e-11, 1.29033953661e-11, 9.54436703282e-12, 7.29712297531e-12],
        "dvar2": [0.00015084358165, 4.15568611061e-05, 4.12601584685e-05, 3.67458824257e-06, 8.59522344854e-07, 4.28121211371e-07, 1.45953478636e-07, 2.35187428643e-07, 1.74197438696e-07, 1.29827014916e-07, 9.42325542042e-08, 5.02857488982e-08, 8.19912600036e-08, 8.85154491925e-08, 7.07712857206e-08, 4.90085341198e-08, 2.03959125145e-08, 1.85510273809e-08, 1.98649861005e-08, 5.48521716937e-09, 2.25779683838e-09, 1.64722546714e-09, 1.21078214121e-09, 6.70116184764e-10, 6.95193458355e-10, 5.1954124336e-10, 4.46460896031e-10, 3.60588059412e-10, 2.30209198926e-10, 6.45873979299e-11, 7.428826998e-11, 7.59193888311e-11, 4.2318350213e-11, 5.88879778274e-11, 4.18653271772e-11, 3.54246736112e-11, 3.0716949817e-11, 2.8875988406e-11, 2.06513729728e-11, 1.75247906464e-11],
        "max": [0.0577149763703, 0.0463392361999, 0.0487244538963, 0.0241915620863, 0.0151817956939, 0.00583844259381, 0.00660073431209, 0.00906158145517, 0.00715647311881, 0.0050013945438, 0.00353015470318, 0.00319217005745, 0.0047987755388, 0.00766329653561, 0.00540106324479, 0.00554557610303, 0.00516605889425, 0.00210732012056, 0.00204176944681, 0.00202421844006, 0.000872219447047, 0.000671182584483, 0.000473674066598, 0.000472985673696, 0.000295903009828, 0.000252424739301, 0.000222159666009, 0.000218840927118, 0.000280502921669, 0.000111751221993, 0.000122434445075, 0.000137198119774, 0.000154851921252, 0.000153158849571, 0.000100294251752, 9.7801173979e-05, 0.000103963182482, 0.000118965108413, 0.000110696106276, 0.000120279873954],
        "mean": [0.00532840425149, 0.00493332091719, 0.00280948425643, 0.000922493112739, 0.000539848289918, 0.000333761388902, 0.000192294246517, 0.000213181236177, 0.000208869503695, 0.0001968194847, 0.000164055876667, 0.000105584840639, 0.000119628261018, 0.000136825066875, 9.57351367106e-05, 8.33603553474e-05, 6.21756771579e-05, 5.31467667315e-05, 4.4777043513e-05, 2.98270624626e-05, 2.62405355897e-05, 2.22708658839e-05, 2.041434891e-05, 1.58827042469e-05, 1.45447111208e-05, 1.39936091728e-05, 1.30096805151e-05, 9.14767133509e-06, 7.17245120541e-06, 4.7996536523e-06, 4.49652043244e-06, 4.22767470809e-06, 3.50199388777e-06, 3.78197000828e-06, 3.22968617184e-06, 3.00325541502e-06, 2.71394696938e-06, 2.31413923757e-06, 1.68926271726e-06, 1.22269909753e-06],
        "median": [0.00291015184484, 0.00378313823603, 0.00154888699763, 0.000525248469785, 0.000273452926194, 0.000162129552336, 9.48872548179e-05, 9.35397474677e-05, 8.3640567027e-05, 7.16444847058e-05, 5.25858595211e-05, 3.53800933226e-05, 3.67719512724e-05, 3.39740690833e-05, 2.2483196517e-05, 2.23297993216e-05, 2.19984649448e-05, 2.09992722375e-05, 1.49365223479e-05, 1.34589636218e-05, 1.28670335471e-05, 1.06167954073e-05, 1.10970522655e-05, 9.5853501989e-06, 8.79795788933e-06, 8.76808098838e-06, 8.06625394034e-06, 5.45430202692e-06, 4.1165744733e-06, 3.15088982461e-06, 2.7927874271e-06, 2.62193407252e-06, 2.29518082051e-06, 2.2187423383e-06, 1.94310700863e-06, 1.71005376615e-06, 1.42463795783e-06, 1.16207320389e-06, 8.40563188831e-07, 6.19324623585e-07],
        "min": [2.57291599074e-24, 2.49528931665e-24, 2.33738342369e-24, 1.45768400194e-24, 3.28451388675e-24, 2.41429302321e-24, 3.7056524086e-24, 3.58147544693e-24, 2.9605924135e-24, 2.50071135487e-24, 3.09722055848e-24, 4.91234966392e-24, 3.34224824982e-24, 4.70600376707e-24, 4.29170111939e-24, 4.45745302292e-24, 6.78074068553e-24, 4.64021118985e-24, 6.53369193255e-24, 4.88888065756e-24, 5.73402797166e-24, 5.05549478606e-24, 5.91551922797e-24, 3.77010865544e-24, 3.64650440679e-24, 5.54771795851e-24, 6.36480194034e-24, 5.78245850921e-24, 5.97870185888e-24, 7.55804793393e-24, 6.55006868494e-24, 6.8877520339e-24, 6.19714454329e-24, 7.47706820657e-24, 6.13491801179e-24, 5.58950037078e-24, 7.56494573369e-24, 6.64349387638e-24, 7.66141158948e-24, 7.80063607292e-24],
        "var": [5.96521495027e-05, 2.51034980465e-05, 1.90133687283e-05, 1.71103908997e-06, 5.69280018681e-07, 2.5212852961e-07, 9.2140282959e-08, 1.60991689313e-07, 1.34963244136e-07, 1.27867522792e-07, 9.3316984362e-08, 4.77511967745e-08, 9.92101121255e-08, 1.63269447739e-07, 7.78116628908e-08, 5.81378678532e-08, 2.28928378476e-08, 1.21563683564e-08, 1.40585125763e-08, 4.18997192497e-09, 1.77944337043e-09, 1.1588816573e-09, 8.26923418629e-10, 5.00888552857e-10, 3.89910437271e-10, 3.19139520366e-10, 2.82960849196e-10, 1.62240748613e-10, 1.15246312493e-10, 3.6341783749e-11, 4.02293059976e-11, 4.57039996127e-11, 3.1734444933e-11, 4.32724411858e-11, 2.92504978572e-11, 2.61580687666e-11, 2.93290322584e-11, 2.25880945892e-11, 1.52941010551e-11, 9.36663854118e-12]
    },
    "mfcc": {
        "mean": [-627.21697998, 107.19657135, 17.3771877289, 25.9006290436, 12.2233600616, 10.5078744888, 6.30247879028, 9.01205158234, -0.16260881722, 5.77892446518, 0.0773050114512, -0.561588227749, -1.6060128212],
        "cov": [[9509.64160156, 404.519287109, -683.80871582, -143.156585693, -120.094146729, 128.137298584, 233.359451294, 125.026245117, 184.525360107, 221.299560547, 149.476333618, 177.039520264, 79.0826339722], [404.519287109, 1099.02246094, 98.4880599976, 63.3176307678, 85.2010650635, -43.8959732056, 27.6562995911, 69.583694458, 14.1926994324, 13.2997303009, 19.2142162323, -0.37944856286, 22.6287918091], [-683.80871582, 98.4880599976, 751.286499023, 172.690368652, 67.810798645, 56.2669792175, -36.2838172913, 26.8126888275, -0.667065858841, -35.2138252258, -21.7903461456, -5.57704162598, 0.828526258469], [-143.156585693, 63.3176307678, 172.690368652, 363.276763916, 138.581222534, 25.9113788605, -36.6779251099, -10.8880548477, 13.3829183578, -1.86471807957, -14.9111785889, 0.0650033205748, 25.0775489807], [-120.094146729, 85.2010650635, 67.810798645, 138.581222534, 224.472976685, 62.7717285156, -14.1900691986, 6.03771209717, 18.2921524048, 9.56757736206, 9.65027809143, 5.13726806641, 17.2698726654], [128.137298584, -43.8959732056, 56.2669792175, 25.9113788605, 62.7717285156, 217.95954895, 80.1429519653, 11.9685058594, 47.6271705627, 18.3699989319, 22.9266700745, 39.6533432007, 12.0913734436], [233.359451294, 27.6562995911, -36.2838172913, -36.6779251099, -14.1900691986, 80.1429519653, 196.422439575, 88.9762649536, 26.5428848267, 15.5291070938, 24.321849823, 31.0469493866, 14.9779481888], [125.026245117, 69.583694458, 26.8126888275, -10.8880548477, 6.03771209717, 11.9685058594, 88.9762649536, 150.231384277, 47.0679130554, 6.98342514038, 15.3360996246, 5.4053606987, 13.9163503647], [184.525360107, 14.1926994324, -0.667065858841, 13.3829183578, 18.2921524048, 47.6271705627, 26.5428848267, 47.0679130554, 142.894332886, 53.0402488708, 15.0546169281, 16.5952110291, 6.06692218781], [221.299560547, 13.2997303009, -35.2138252258, -1.86471807957, 9.56757736206, 18.3699989319, 15.5291070938, 6.98342514038, 53.0402488708, 106.286651611, 48.2342605591, 11.5468940735, -2.51868581772], [149.476333618, 19.2142162323, -21.7903461456, -14.9111785889, 9.65027809143, 22.9266700745, 24.321849823, 15.3360996246, 15.0546169281, 48.2342605591, 103.287712097, 41.0681037903, 6.24877023697], [177.039520264, -0.37944856286, -5.57704162598, 0.0650033205748, 5.13726806641, 39.6533432007, 31.0469493866, 5.4053606987, 16.5952110291, 11.5468940735, 41.0681037903, 99.4739074707, 44.8326911926], [79.0826339722, 22.6287918091, 0.828526258469, 25.0775489807, 17.2698726654, 12.0913734436, 14.9779481888, 13.9163503647, 6.06692218781, -2.51868581772, 6.24877023697, 44.8326911926, 92.623085022]],
