{
"lowlevel": {
    "average_loudness": 0.933496415615,
    "barkbands_crest": {
        "dmean": 3.14135193825,
        "dmean2": 4.7533197403,
        "dvar": 10.7935180664,
        "dvar2": 23.4713039398,
        "max": 26.8271808624,
        "mean": 14.3581800461,
        "median": 14.5303611755,
        "min": 1.86312747002,
        "var": 36.0473213196
    },
    "barkbands_flatness_db": {
        "dmean": 0.0357594564557,
        "dmean2": 0.0527047999203,
        "dvar": 0.00220623030327,
        "dvar2": 0.00422678003088,
        "max": 0.698650896549,
        "mean": 0.141018107533,
        "median": 0.111775353551,
        "min": 0.0140875717625,
        "var": 0.00981455668807
    },
    "barkbands_kurtosis": {
        "dmean": 26.9809951782,
        "dmean2": 40.0828437805,
        "dvar": 32710.1074219,
        "dvar2": 72571.375,
        "max": 6621.19140625,
        "mean": 33.2952613831,
        "median": 1.91891717911,
        "min": -1.81923604012,
        "var": 41054.125
    },
    "barkbands_skewness": {
        "dmean": 1.219227314,
        "dmean2": 1.7480148077,
        "dvar": 6.267973423,
        "dvar2": 12.5631790161,
        "max": 66.9774856567,
        "mean": 2.6990506649,
        "median": 1.66244018078,
        "min": -2.99865269661,
        "var": 16.2680912018
    },
    "barkbands_spread": {
        "dmean": 8.72193431854,
        "dmean2": 13.4407262802,
        "dvar": 89.9344177246,
        "dvar2": 212.907684326,
        "max": 107.547088623,
        "mean": 31.3168678284,
        "median": 32.6240005493,
        "min": 0.0330253951252,
        "var": 273.486572266
    },
    "dissonance": {
        "dmean": 0.0154810715467,
        "dmean2": 0.0256922245026,
        "dvar": 0.000278114719549,
        "dvar2": 0.000720008043572,
        "max": 0.500000178814,
        "mean": 0.475281149149,
        "median": 0.480880886316,
        "min": 0.229461893439,
        "var": 0.000443671073299
    },
    "dynamic_complexity": 3.69615745544,
    "erbbands_crest": {
        "dmean": 3.06414008141,
        "dmean2": 4.80628824234,
        "dvar": 10.2829227448,
        "dvar2": 23.8796520233,
        "max": 30.9214992523,
        "mean": 8.42754840851,
        "median": 6.85012292862,
        "min": 2.06023645401,
        "var": 24.8676834106
    },
    "erbbands_flatness_db": {
        "dmean": 0.0153287863359,
        "dmean2": 0.0230019334704,
        "dvar": 0.00033540657023,
        "dvar2": 0.000700250384398,
        "max": 0.409856021404,
        "mean": 0.120321653783,
        "median": 0.0989270582795,
        "min": 0.0518621206284,
        "var": 0.00298529188149
    },
    "erbbands_kurtosis": {
        "dmean": 1.11609864235,
        "dmean2": 1.81614565849,
        "dvar": 11.6073884964,
        "dvar2": 22.8905544281,
        "max": 116.527107239,
        "mean": 0.169476106763,
        "median": -0.539040803909,
        "min": -1.90230095387,
        "var": 17.1409816742
    },
    "erbbands_skewness": {
        "dmean": 0.473813325167,
        "dmean2": 0.708464860916,
        "dvar": 0.375795722008,
        "dvar2": 0.791361629963,
        "max": 9.94939517975,
        "mean": 0.233728528023,
        "median": 0.123827308416,
        "min": -3.1035490036,
        "var": 0.847434699535
    },
    "erbbands_spread": {
        "dmean": 12.944062233,
        "dmean2": 19.2632808685,
        "dvar": 353.901916504,
        "dvar2": 740.819396973,
        "max": 208.574661255,
        "mean": 55.8670272827,
        "median": 49.300453186,
        "min": 2.68619441986,
        "var": 850.844177246
    },
    "hfc": {
        "dmean": 11.5833053589,
        "dmean2": 18.3608283997,
        "dvar": 274.397735596,
        "dvar2": 739.433776855,
        "max": 177.455749512,
        "mean": 39.9469985962,
        "median": 38.3665542603,
        "min": 1.13251468187e-16,
        "var": 863.218811035
    },
    "melbands_crest": {
        "dmean": 4.21645545959,
        "dmean2": 6.83765888214,
        "dvar": 22.4754257202,
        "dvar2": 54.642375946,
        "max": 38.9217300415,
        "mean": 21.9161396027,
        "median": 22.1306114197,
        "min": 1.87506973743,
        "var": 69.7830047607
    },
    "melbands_flatness_db": {
        "dmean": 0.044259481132,
        "dmean2": 0.0652306601405,
        "dvar": 0.00330411456525,
        "dvar2": 0.00641582533717,
        "max": 0.83356231451,
        "mean": 0.205203771591,
        "median": 0.176960036159,
        "min": 0.00343654910102,
        "var": 0.0132676623762
    },
    "melbands_kurtosis": {
        "dmean": 53.4196014404,
        "dmean2": 77.681137085,
        "dvar": 21267.0488281,
        "dvar2": 39647.4023438,
        "max": 2600.6237793,
        "mean": 83.6112289429,
        "median": 13.8706417084,
        "min": -1.7964810133,
        "var": 51848.5234375
    },
    "melbands_skewness": {
        "dmean": 1.85673129559,
        "dmean2": 2.66506910324,
        "dvar": 8.86223602295,
        "dvar2": 15.8111467361,
        "max": 48.3091850281,
        "mean": 5.14232540131,
        "median": 3.42833781242,
        "min": -1.69797813892,
        "var": 29.5987987518
    },
    "melbands_spread": {
        "dmean": 9.63196086884,
        "dmean2": 15.4970207214,
        "dvar": 166.96472168,
        "dvar2": 401.220947266,
        "max": 256.602630615,
        "mean": 25.704416275,
        "median": 22.55626297,
        "min": 0.101107314229,
        "var": 431.567169189
    },
    "pitch_salience": {
        "dmean": 0.0999193713069,
        "dmean2": 0.157232135534,
        "dvar": 0.0138879418373,
        "dvar2": 0.0310130901635,
        "max": 0.994547188282,
        "mean": 0.407859146595,
        "median": 0.410756856203,
        "min": 0.00518575496972,
        "var": 0.0344779156148
    },
    "silence_rate_20dB": {
        "dmean": 0,
        "dmean2": 0,
        "dvar": 0,
        "dvar2": 0,
        "max": 1,
        "mean": 1,
        "median": 1,
        "min": 1,
        "var": 0
    },
    "silence_rate_30dB": {
        "dmean": 0.0738866403699,
        "dmean2": 0.147782623768,
        "dvar": 0.0684209913015,
        "dvar2": 0.160854116082,
        "max": 1,
        "mean": 0.927572906017,
        "median": 1,
        "min": 0,
        "var": 0.0671846792102
    },
    "silence_rate_60dB": {
        "dmean": 0.0264423079789,
        "dmean2": 0.0528879612684,
        "dvar": 0.025745600462,
        "dvar2": 0.0549075230956,
        "max": 1,
        "mean": 0.080270729959,
        "median": 0,
        "min": 0,
        "var": 0.0738407373428
    },
    "spectral_centroid": {
        "dmean": 386.617279053,
        "dmean2": 549.608459473,
        "dvar": 184856.34375,
        "dvar2": 322008.875,
        "max": 11588.3925781,
        "mean": 2056.22338867,
        "median": 2139.81933594,
        "min": 59.0163879395,
        "var": 717659.75
    },
    "spectral_complexity": {
        "dmean": 5.67649269104,
        "dmean2": 8.82039642334,
        "dvar": 48.7320861816,
        "dvar2": 105.062179565,
        "max": 61,
        "mean": 23.4894676208,
        "median": 26,
        "min": 0,
        "var": 230.212051392
    },
    "spectral_decrease": {
        "dmean": 3.93322796555e-09,
        "dmean2": 5.91150817186e-09,
        "dvar": 2.21728807219e-17,
        "dvar2": 5.30329710556e-17,
        "max": 2.15060387613e-28,
        "mean": -1.36403013329e-08,
        "median": -1.47446437282e-08,
        "min": -5.2730328548e-08,
        "var": 8.53282329869e-17
    },
    "spectral_energy": {
        "dmean": 0.0150000397116,
        "dmean2": 0.022642692551,
        "dvar": 0.000321566330967,
        "dvar2": 0.000766578770708,
        "max": 0.202405810356,
        "mean": 0.0551051869988,
        "median": 0.0594434961677,
        "min": 1.00883149455e-20,
        "var": 0.00132040900644
    },
    "spectral_energyband_high": {
        "dmean": 0.00113296031486,
        "dmean2": 0.00175867672078,
        "dvar": 2.53953089668e-06,
        "dvar2": 6.71275847708e-06,
        "max": 0.0195302981883,
        "mean": 0.00311719207093,
        "median": 0.00283787446097,
        "min": 7.52227628519e-21,
        "var": 6.67630774842e-06
    },
    "spectral_energyband_low": {
        "dmean": 0.0140667660162,
        "dmean2": 0.0224405713379,
        "dvar": 0.000360246252967,
        "dvar2": 0.000877667334862,
        "max": 0.19608810544,
        "mean": 0.0366190373898,
        "median": 0.0383210591972,
        "min": 1.74358801992e-23,
        "var": 0.000925609841943
    },
    "spectral_energyband_middle_high": {
        "dmean": 0.00236663268879,
        "dmean2": 0.00375119852833,
        "dvar": 1.06403722384e-05,
        "dvar2": 2.55286831816e-05,
        "max": 0.0749263837934,
        "mean": 0.0060676811263,
        "median": 0.00505300331861,
        "min": 1.15137412134e-21,
        "var": 3.11262410833e-05
    },
    "spectral_energyband_middle_low": {
        "dmean": 0.00591715238988,
        "dmean2": 0.00885298848152,
        "dvar": 0.000140715797897,
        "dvar2": 0.000318482867442,
        "max": 0.105713322759,
        "mean": 0.0100008919835,
        "median": 0.00565821444616,
        "min": 1.59257524087e-22,
        "var": 0.000196861001314
    },
    "spectral_entropy": {
        "dmean": 0.192762956023,
        "dmean2": 0.292481720448,
        "dvar": 0.0766750872135,
        "dvar2": 0.177240416408,
        "max": 9.82074642181,
        "mean": 8.01687335968,
        "median": 8.13710212708,
        "min": 4.35591220856,
        "var": 0.194433674216
    },
    "spectral_flux": {
        "dmean": 0.0382905974984,
        "dmean2": 0.0533378198743,
        "dvar": 0.0019858609885,
        "dvar2": 0.0034578894265,
        "max": 0.443691790104,
        "mean": 0.109287656844,
        "median": 0.089093953371,
        "min": 6.53092302461e-11,
        "var": 0.00598142063245
    },
    "spectral_kurtosis": {
        "dmean": 0.55057823658,
        "dmean2": 0.876782894135,
        "dvar": 0.774776637554,
        "dvar2": 1.87952017784,
        "max": 40.4368629456,
        "mean": 2.11075973511,
        "median": 2.1193356514,
        "min": -1.2577174902,
        "var": 1.89110100269
    },
    "spectral_rms": {
        "dmean": 0.00101021828596,
        "dmean2": 0.00150086183567,
        "dvar": 1.37755216656e-06,
        "dvar2": 2.89473405246e-06,
        "max": 0.0140523696318,
        "mean": 0.00669516157359,
        "median": 0.00761535624042,
        "min": 3.13723743164e-12,
        "var": 8.93585183803e-06
    },
    "spectral_rolloff": {
        "dmean": 827.293273926,
        "dmean2": 1390.77258301,
        "dvar": 1347665.75,
        "dvar2": 2949844.5,
        "max": 19530.6152344,
        "mean": 1886.60961914,
        "median": 1205.859375,
        "min": 21.533203125,
        "var": 4849119.5
    },
    "spectral_skewness": {
        "dmean": 0.13517343998,
        "dmean2": 0.209196090698,
        "dvar": 0.0266518201679,
        "dvar2": 0.0603421591222,
        "max": 4.96135997772,
        "mean": 1.21062517166,
        "median": 1.21990513802,
        "min": -0.0533035621047,
        "var": 0.0795955955982
    },
    "spectral_spread": {
        "dmean": 595064.4375,
        "dmean2": 860544.0625,
        "dvar": 578775613440,
        "dvar2": 995078569984,
        "max": 41407476,
        "mean": 6775873,
        "median": 6471841,
        "min": 2018688.5,
        "var": 3.15265620378e+12
    },
    "spectral_strongpeak": {
        "dmean": 0.28008839488,
        "dmean2": 0.471504986286,
        "dvar": 0.324347019196,
        "dvar2": 0.826229214668,
        "max": 12.9264411926,
        "mean": 0.630315244198,
        "median": 0.503863155842,
        "min": 0,
        "var": 0.46757376194
    },
    "zerocrossingrate": {
        "dmean": 0.0157751161605,
        "dmean2": 0.0196358449757,
        "dvar": 0.000321912171785,
        "dvar2": 0.000397183815949,
        "max": 0.7568359375,
        "mean": 0.0856804922223,
        "median": 0.076171875,
        "min": 0.001953125,
        "var": 0.00376457651146
    },
    "barkbands": {
        "dmean": [0.0013290689094, 0.0126800555736, 0.00300154020078, 0.00160340988077, 0.00227811234072, 0.00135024450719, 0.00112218118738, 0.00074900285108, 0.000508572731633, 0.000938365992624, 0.000571187702008, 0.000358061282896, 0.000285814836388, 0.000401440105634, 0.00043794393423, 0.000265806098469, 0.000347647146555, 0.000317261903547, 0.000249199889367, 0.000241457266384, 0.000299357576296, 0.000279525876977, 0.00019676037482, 0.000216877990169, 0.000177107751369, 9.67237647274e-05, 2.32322672673e-05],
        "dmean2": [0.00201936461963, 0.0194619186223, 0.00543813966215, 0.00254831346683, 0.00345238763839, 0.00238165282644, 0.00186675472651, 0.00109009514563, 0.000836045714095, 0.00139316997956, 0.000869230891112, 0.000568962423131, 0.000460590556031, 0.000690585700795, 0.000725397781935, 0.00043992488645, 0.000575522833969, 0.000524794566445, 0.000412911438616, 0.000401964061894, 0.000481624476379, 0.000463408912765, 0.000319704413414, 0.000351501279511, 0.000261375360424, 0.000140949676279, 3.61893398804e-05],
        "dvar": [6.8588292379e-06, 0.000286730326479, 7.86295277067e-05, 2.47366733674e-05, 3.64396400983e-05, 1.73089792952e-05, 4.48114224127e-06, 2.46514673563e-06, 8.55965538449e-07, 3.39998859999e-06, 1.33683579406e-06, 5.8520163293e-07, 5.08576476932e-07, 5.38387212146e-07, 6.0848361727e-07, 2.15830596062e-07, 2.58816527321e-07, 2.46008596605e-07, 1.151023028e-07, 1.05002463613e-07, 1.26909668552e-07, 1.71798248516e-07, 7.0474577285e-08, 9.09614783495e-08, 5.71074636468e-08, 1.79773707032e-08, 1.14488596381e-09],
        "dvar2": [1.75390141521e-05, 0.000653559109196, 0.000216755099245, 6.02397776674e-05, 8.10157871456e-05, 5.00899077451e-05, 1.08223712232e-05, 4.39029372501e-06, 2.08804976864e-06, 7.10183849151e-06, 2.78752258964e-06, 1.24960388348e-06, 7.92463993093e-07, 1.40026486406e-06, 1.38425332352e-06, 5.43086514426e-07, 6.59828344851e-07, 6.30083377473e-07, 2.87192392534e-07, 2.81274566305e-07, 3.19256685088e-07, 4.92281742481e-07, 1.8603817864e-07, 2.41837682324e-07, 1.31405968773e-07, 3.61536010018e-08, 2.79937650838e-09],
        "max": [0.0575555041432, 0.179150551558, 0.0563755407929, 0.073960930109, 0.0923967808485, 0.0436165295541, 0.0510598607361, 0.054390065372, 0.0267858244479, 0.0350562892854, 0.0323412492871, 0.0294161196798, 0.0699381455779, 0.0132910134271, 0.0434210263193, 0.0117823407054, 0.00813955254853, 0.013200960122, 0.00946525298059, 0.00355498190038, 0.00463022664189, 0.00515216682106, 0.00288239540532, 0.00385199300945, 0.00309771345928, 0.0016069044359, 0.000598008628003],
        "mean": [0.0028284182772, 0.0310962609947, 0.00238820095547, 0.00139161304105, 0.00255077704787, 0.00147315382492, 0.00162813824136, 0.00126949534751, 0.000761484610848, 0.00153215683531, 0.000858545128722, 0.000535744125955, 0.00041449101991, 0.000495527288876, 0.000633260817267, 0.000406289589591, 0.000545185350347, 0.000541326764505, 0.000480030779727, 0.000455136352684, 0.000674728886224, 0.000557620369364, 0.000388104992453, 0.000473468448035, 0.000423473335104, 0.000252731522778, 4.9654943723e-05],
        "median": [0.000658426200971, 0.0298119615763, 0.000273541721981, 0.000105187609734, 0.000464433454908, 0.000533799699042, 0.000643349601887, 0.000369206507457, 0.000288172421278, 0.00051273178542, 0.000236025603954, 0.000220067158807, 0.000168296057382, 0.000214551095269, 0.000300254760077, 0.000227106633247, 0.000343427498592, 0.000348057452356, 0.000362680846592, 0.000331118353643, 0.000564942252822, 0.000456368667074, 0.000308842863888, 0.000372536596842, 0.000327941495925, 0.00018394824292, 2.50494558713e-05],
        "min": [1.47567131248e-24, 5.32302907346e-24, 1.22477291828e-24, 3.31548811577e-24, 1.37473370003e-23, 1.50767743072e-23, 1.1707174672e-23, 7.29833599127e-24, 1.80080347029e-23, 1.42807773662e-23, 2.48651828779e-23, 1.34991881808e-23, 5.03575070201e-23, 5.36253128329e-23, 5.57092750852e-23, 6.46315885349e-23, 6.4814206679e-23, 1.12998808957e-22, 1.45730932456e-22, 1.96625726328e-22, 2.9298622186e-22, 4.40866869703e-22, 3.89981655758e-22, 5.55025973145e-22, 1.04259249967e-21, 1.38293269114e-21, 2.05233142913e-21],
        "var": [2.0552010028e-05, 0.000761743576732, 5.05572425027e-05, 2.343109918e-05, 4.38761962869e-05, 1.12989273475e-05, 8.65995662025e-06, 8.12352209323e-06, 1.74270815023e-06, 8.59013925947e-06, 3.05031289827e-06, 1.29669558646e-06, 1.4908009689e-06, 6.65854827275e-07, 1.07676896732e-06, 3.51794540165e-07, 4.3289364271e-07, 4.12857957599e-07, 2.69050133284e-07, 2.07381134487e-07, 3.6611345422e-07, 2.82292489828e-07, 1.32074120529e-07, 1.94762492356e-07, 1.67961829334e-07, 6.14280040168e-08, 3.78156395087e-09]
    },
    "erbbands": {
        "dmean": [0.577774465084, 2.37709856033, 3.88493227959, 3.87761545181, 8.81412029266, 8.22208595276, 11.2430934906, 10.442401886, 14.211730957, 15.4967384338, 16.0708122253, 11.9181499481, 29.5574512482, 26.5318241119, 14.7933197021, 16.3412513733, 13.5932579041, 19.6343574524, 22.2231693268, 16.0368347168, 15.7280054092, 14.4657049179, 17.8837509155, 13.4225349426, 12.5605392456, 11.095913887, 12.7411746979, 11.4308986664, 9.85630607605, 7.54189634323, 5.92489671707, 4.85305261612, 3.64486837387, 2.34492015839, 1.20184528828, 0.51729363203, 0.174293845892, 0.0383848771453, 0.00374914007261, 6.02177751716e-05],
        "dmean2": [0.833901822567, 3.65478181839, 6.7057299614, 6.54976224899, 13.2746887207, 14.5938014984, 20.6626396179, 18.1780071259, 24.0502662659, 24.2561817169, 23.5275497437, 19.0091342926, 44.1634178162, 39.8894577026, 22.9915599823, 25.7288150787, 21.8753204346, 33.0149917603, 37.4595375061, 26.711391449, 25.9605922699, 24.218208313, 29.5281734467, 21.9597702026, 20.918132782, 18.5853061676, 20.9127159119, 18.265417099, 16.2589702606, 12.546631813, 9.61605834961, 7.94306945801, 5.87546300888, 3.51044988632, 1.86134028435, 0.774797260761, 0.257349401712, 0.0585752241313, 0.00587028590962, 9.17332945392e-05],
        "dvar": [0.611676990986, 13.4046325684, 107.835212708, 132.558776855, 702.113464355, 714.978149414, 1773.2869873, 863.506286621, 713.919677734, 803.715698242, 1247.82592773, 438.259643555, 4599.29541016, 2667.10205078, 1237.43908691, 1212.76623535, 1186.21337891, 1185.15661621, 1774.34619141, 632.104980469, 533.408691406, 444.660675049, 878.165466309, 482.408996582, 293.946777344, 229.821685791, 252.105636597, 192.423370361, 203.082336426, 132.358520508, 65.1968612671, 46.0320243835, 24.7134799957, 10.697927475, 2.54945397377, 0.521473944187, 0.05683112517, 0.00261822971515, 3.25839719153e-05, 6.29314378386e-09],
        "dvar2": [1.35698437691, 30.6184501648, 287.741882324, 352.355133057, 1534.84423828, 2010.8815918, 5180.32910156, 2460.54492188, 1911.5057373, 1679.12756348, 2135.20605469, 1016.7947998, 9791.11523438, 5713.40234375, 2637.1105957, 2464.67578125, 1756.37231445, 2932.34106445, 4084.70947266, 1590.41650391, 1382.65319824, 1167.11499023, 2222.1003418, 1088.6105957, 765.688415527, 614.42401123, 662.596130371, 486.3543396, 575.88470459, 379.703308105, 168.439483643, 124.407958984, 63.8542785645, 24.5394477844, 6.31271409988, 1.13106656075, 0.121779292822, 0.00603147922084, 8.01199566922e-05, 1.50878669558e-08],
        "max": [10.1690835953, 28.3648033142, 69.1105499268, 103.432006836, 273.56741333, 448.215911865, 399.725494385, 312.755004883, 370.489776611, 659.221252441, 1482.12768555, 577.480224609, 1398.45666504, 1458.66699219, 1266.18212891, 1488.33239746, 3689.38012695, 747.825012207, 2596.33447266, 501.026977539, 459.288146973, 283.083679199, 852.709411621, 808.672119141, 289.324066162, 164.280410767, 229.235214233, 184.032485962, 178.113723755, 114.820983887, 92.9623718262, 79.0060043335, 64.9413299561, 44.699306488, 18.768781662, 9.35522079468, 3.0715098381, 0.877770841122, 0.0894088819623, 0.00141892302781],
        "mean": [1.27660393715, 5.33097410202, 4.30063581467, 3.27356171608, 8.32124519348, 7.44726896286, 9.42493724823, 11.7133789062, 20.1796855927, 25.4584922791, 27.7432918549, 19.874578476, 48.1876182556, 42.9472465515, 24.7625217438, 24.7630653381, 20.7104187012, 27.3251857758, 31.1008682251, 25.3987045288, 26.6559619904, 25.545091629, 30.5845222473, 25.3648281097, 24.0971717834, 20.9886016846, 27.0209579468, 25.4274272919, 19.8312911987, 14.3371534348, 11.5690441132, 10.0193023682, 7.7269282341, 5.24655056, 2.75058269501, 1.25772452354, 0.431201785803, 0.101214125752, 0.00759757356718, 0.000191889470443],
        "median": [0.798317849636, 3.70256590843, 1.01595711708, 0.529906570911, 0.765827953815, 1.36036360264, 2.371748209, 4.29863929749, 8.80737018585, 10.5132865906, 9.64421272278, 8.52268218994, 14.8356142044, 15.118642807, 9.97277927399, 10.7896165848, 9.44640827179, 13.117483139, 15.7108001709, 16.2153186798, 16.8908576965, 18.3310527802, 19.9665603638, 18.385559082, 18.3188915253, 15.8560733795, 22.0173206329, 20.7531337738, 15.8344593048, 11.9513616562, 8.89275550842, 7.84537315369, 5.94208574295, 4.01477956772, 2.06611323357, 0.930463075638, 0.298908412457, 0.0671805813909, 0.00387390842661, 0.000155970090418],
        "min": [1.10151462852e-22, 1.2839458694e-21, 2.61277113378e-21, 8.75089556539e-21, 2.16019218632e-20, 4.70648158643e-20, 7.82449076095e-20, 1.02396261513e-19, 1.47900824103e-19, 2.07363981981e-19, 5.01354220967e-19, 4.79532420926e-19, 3.36167157369e-19, 6.08930093605e-19, 1.00209002103e-18, 6.907376875e-19, 2.22196925272e-18, 2.5462896069e-18, 2.39367395671e-18, 4.01703927669e-18, 3.43752315698e-18, 3.75690255457e-18, 4.78701869553e-18, 5.81943026268e-18, 1.02813107292e-17, 9.64927856675e-18, 1.00218812465e-17, 1.45217611496e-17, 1.31349928526e-17, 1.47387604028e-17, 1.11355293944e-17, 1.20757682259e-17, 1.02590339281e-17, 9.80183879585e-18, 7.41560470837e-18, 4.50696635939e-18, 2.70402736625e-18, 1.07347570789e-18, 2.92890877178e-19, 2.97812356253e-20],
        "var": [1.80290710926, 29.9027557373, 85.0555343628, 100.998916626, 779.506469727, 483.691680908, 994.04309082, 624.039672852, 987.577392578, 2105.17138672, 4452.07958984, 1093.12060547, 11442.6650391, 5945.87988281, 3085.99462891, 2769.89916992, 3451.37597656, 1827.1932373, 2762.42773438, 1010.70977783, 1007.9440918, 737.533203125, 1425.67602539, 1126.5838623, 635.61706543, 424.519622803, 630.842346191, 540.762939453, 356.6328125, 186.942520142, 122.815254211, 88.9845123291, 53.7973709106, 27.547996521, 7.07177686691, 1.53109657764, 0.187236458063, 0.011007915251, 9.25515487324e-05, 2.64393431593e-08]
    },
    "gfcc": {
        "mean": [22.5412311554, 21.6229381561, -98.4129638672, 33.0014762878, -57.7685966492, 23.0424346924, -27.1307964325, 24.7671165466, -14.1205215454, 16.4674873352, -13.0919303894, 10.7779779434, -6.21104574203],
        "cov": [[21595.3671875, 2960.22387695, 946.941772461, 131.069564819, 653.460144043, 205.650588989, -207.296600342, -67.8492889404, -215.879623413, 489.123413086, 9.83235549927, 515.999755859, -305.933502197], [2960.22387695, 1690.46325684, 1001.16357422, 510.005889893, 521.909179688, 143.478347778, 135.350875854, -10.36901474, 65.8294067383, -5.26266050339, 41.6202354431, 11.0625762939, -18.4934673309], [946.941772461, 1001.16357422, 1915.61291504, 1171.05102539, 794.733642578, 522.047912598, 362.7003479, 157.927383423, 82.7099456787, -12.4133634567, 0.294756084681, -66.5644760132, -14.785697937], [131.069564819, 510.005889893, 1171.05102539, 1019.75585938, 597.911376953, 472.452789307, 320.977081299, 163.717468262, 63.6915893555, -7.97551965714, -11.6482448578, -59.2854728699, 16.4175186157], [653.460144043, 521.909179688, 794.733642578, 597.911376953, 608.714599609, 396.086212158, 334.152862549, 145.416061401, 95.9741363525, 7.32740736008, 23.8759994507, 4.51717281342, 41.2522392273], [205.650588989, 143.478347778, 522.047912598, 472.452789307, 396.086212158, 429.441741943, 307.72756958, 183.340667725, 70.9317016602, 18.0904693604, 3.43201804161, -1.40825545788, 41.7261695862], [-207.296600342, 135.350875854, 362.7003479, 320.977081299, 334.152862549, 307.72756958, 362.482543945, 211.167022705, 133.025054932, 20.2455940247, 34.1248168945, 13.5692281723, 69.1172790527], [-67.8492889404, -10.36901474, 157.927383423, 163.717468262, 145.416061401, 183.340667725, 211.167022705, 223.2550354, 129.923873901, 61.6602363586, 32.4791259766, 26.6004142761, 46.4794158936], [-215.879623413, 65.8294067383, 82.7099456787, 63.6915893555, 95.9741363525, 70.9317016602, 133.025054932, 129.923873901, 160.371673584, 80.2417678833, 59.0589904785, 16.7939662933, 35.6569213867], [489.123413086, -5.26266050339, -12.4133634567, -7.97551965714, 7.32740736008, 18.0904693604, 20.2455940247, 61.6602363586, 80.2417678833, 151.259552002, 84.7280502319, 53.1538009644, -9.98788738251], [9.83235549927, 41.6202354431, 0.294756084681, -11.6482448578, 23.8759994507, 3.43201804161, 34.1248168945, 32.4791259766, 59.0589904785, 84.7280502319, 113.758628845, 64.0061569214, 19.5431575775], [515.999755859, 11.0625762939, -66.5644760132, -59.2854728699, 4.51717281342, -1.40825545788, 13.5692281723, 26.6004142761, 16.7939662933, 53.1538009644, 64.0061569214, 108.202400208, 46.6521110535], [-305.933502197, -18.4934673309, -14.785697937, 16.4175186157, 41.2522392273, 41.7261695862, 69.1172790527, 46.4794158936, 35.6569213867, -9.98788738251, 19.5431575775, 46.6521110535, 106.525428772]],
        "icov": [[0.000147740516695, -0.000316371355439, 2.44832626777e-05, 0.000158176742843, -0.000110939203296, -0.000167837337358, 9.34795680223e-05, -0.00016228556342, 0.000493953120895, -0.000851740536746, 0.00103260530159, -0.00101457361598, 0.00047694137902], [-0.000316371355439, 0.00184904795606, -0.000574003148358, -0.000164364566444, -0.000958137097768, 0.0012065032497, 2.1567731892e-05, 0.000828676042147, -0.00183386891149, 0.00225539808162, -0.0021763748955, 0.00141074729618, -0.000512278871611], [2.44832626777e-05, -0.000574003148358, 0.00234947889112, -0.00207101833075, -0.000877326237969, 0.000165110890521, 0.000416749215219, -0.000344883505022, 1.18594125524e-05, 0.000259527150774, -0.000158819806529, -8.05478557595e-05, 0.000855880847666], [0.000158176742843, -0.000164364566444, -0.00207101833075, 0.00520236510783, -0.00162147136871, -0.00211775954813, 0.00115088804159, -0.00144554814324, 0.00219675549306, -0.00173473882023, 0.000342780636856, 0.00187440519221, -0.0011037933873], [-0.000110939203296, -0.000958137097768, -0.000877326237969, -0.00162147136871, 0.0100958878174, -0.00444867834449, -0.00467667356133, 0.00511352298781, -0.00381473475136, 0.00159833219368, 0.000313862517942, -0.0026853880845, 0.000824534508865], [-0.000167837337358, 0.0012065032497, 0.000165110890521, -0.00211775954813, -0.00444867834449, 0.0131697040051, -0.00546305673197, -0.0040568257682, 0.00606438657269, -0.00308152404614, 0.000702628749423, 0.00249871448614, -0.00158642895985], [9.34795680223e-05, 2.1567731892e-05, 0.000416749215219, 0.00115088804159, -0.00467667356133, -0.00546305673197, 0.016504380852, -0.00776129122823, -0.00379712390713, 0.00535190245137, -0.00400316016749, 0.00127761764452, -0.00127085659187], [-0.00016228556342, 0.000828676042147, -0.000344883505022, -0.00144554814324, 0.00511352298781, -0.0040568257682, -0.00776129122823, 0.0199973098934, -0.0120438989252, -0.000735460955184, 0.00512747559696, -0.00592540437356, 0.00138882535975], [0.000493953120895, -0.00183386891149, 1.18594125524e-05, 0.00219675549306, -0.00381473475136, 0.00606438657269, -0.00379712390713, -0.0120438989252, 0.0273872148246, -0.0137543603778, -0.00199104496278, 0.0092249494046, -0.0065477094613], [-0.000851740536746, 0.00225539808162, 0.000259527150774, -0.00173473882023, 0.00159833219368, -0.00308152404614, 0.00535190245137, -0.000735460955184, -0.0137543603778, 0.0259202811867, -0.0145254489034, -0.00232290104032, 0.00640166597441], [0.00103260530159, -0.0021763748955, -0.000158819806529, 0.000342780636856, 0.000313862517942, 0.000702628749423, -0.00400316016749, 0.00512747559696, -0.00199104496278, -0.0145254489034, 0.0301959216595, -0.0174697041512, 0.00389179214835], [-0.00101457361598, 0.00141074729618, -8.05478557595e-05, 0.00187440519221, -0.0026853880845, 0.00249871448614, 0.00127761764452, -0.00592540437356, 0.0092249494046, -0.00232290104032, -0.0174697041512, 0.033208206296, -0.0157952886075], [0.00047694137902, -0.000512278871611, 0.000855880847666, -0.0011037933873, 0.000824534508865, -0.00158642895985, -0.00127085659187, 0.00138882535975, -0.0065477094613, 0.00640166597441, 0.00389179214835, -0.0157952886075, 0.0204732231796]]
    },
    "melbands": {
        "dmean": [0.00418442999944, 0.0022809363436, 0.000855252379552, 0.000528144533746, 0.000396117306082, 0.000242375259404, 0.000227664029808, 0.000160770563525, 0.000124096754007, 7.92341234046e-05, 0.000146584556205, 0.000105216851807, 5.57472594664e-05, 4.34168432548e-05, 3.21538282151e-05, 3.14979915856e-05, 4.09661515732e-05, 3.47282402799e-05, 3.18565689668e-05, 2.06801269087e-05, 2.08214332815e-05, 1.64542034327e-05, 1.98266025109e-05, 1.35421469167e-05, 1.155368318e-05, 1.08313470264e-05, 6.91066406944e-06, 8.89963939699e-06, 8.57909344631e-06, 8.17771251604e-06, 7.51845800551e-06, 6.18798640062e-06, 6.07067022429e-06, 3.54391886503e-06, 3.59501518687e-06, 3.61119987247e-06, 3.07150753542e-06, 2.81155325865e-06, 2.39461519413e-06, 2.08988785744e-06],
        "dmean2": [0.00606409041211, 0.00363238411956, 0.0013554408215, 0.000804970914032, 0.000734441797249, 0.000421600299887, 0.00038149105967, 0.000245080824243, 0.000182605246664, 0.000127791397972, 0.000219202309381, 0.000158974668011, 8.64086759975e-05, 6.76103882142e-05, 5.28741002199e-05, 5.04670097143e-05, 6.91734967404e-05, 5.92352262174e-05, 5.25275354448e-05, 3.41674567608e-05, 3.45315784216e-05, 2.7455162126e-05, 3.3184660424e-05, 2.23781662498e-05, 1.89763122762e-05, 1.80447113962e-05, 1.13842752398e-05, 1.50766436491e-05, 1.41583177538e-05, 1.32373470478e-05, 1.21605980894e-05, 1.01017321867e-05, 1.03768034023e-05, 5.8929495026e-06, 5.86320174989e-06, 5.9529270402e-06, 5.09368783241e-06, 4.66250867248e-06, 3.6199880924e-06, 3.22787082041e-06],
        "dvar": [2.87218972517e-05, 2.12882550841e-05, 6.29642636341e-06, 1.87089074188e-06, 2.26439851758e-06, 4.63081590851e-07, 1.80011056727e-07, 8.92025653343e-08, 7.12445000772e-08, 2.13477182598e-08, 1.12599416013e-07, 4.33969482572e-08, 1.28190080773e-08, 8.8534273246e-09, 5.29297672358e-09, 8.03503663604e-09, 5.47316680866e-09, 4.64067717587e-09, 3.52698248385e-09, 1.57574586712e-09, 9.94202942195e-10, 5.57000168211e-10, 1.10422870847e-09, 4.16795681302e-10, 3.96246035983e-10, 2.63183030924e-10, 7.62544610788e-11, 1.59627408514e-10, 1.31359922939e-10, 1.04101505194e-10, 9.02434238448e-11, 6.69102481754e-11, 1.25734117562e-10, 2.59219624932e-11, 2.28115182993e-11, 2.35317980379e-11, 1.93859771985e-11, 1.53934278518e-11, 9.8629646117e-12, 8.95854484345e-12],
        "dvar2": [6.67602507747e-05, 5.38501190022e-05, 1.52151824295e-05, 4.03515696235e-06, 6.62071215629e-06, 1.3235780898e-06, 4.62364113218e-07, 1.80056517252e-07, 1.24246525957e-07, 4.97137087052e-08, 2.40409178787e-07, 9.30336412353e-08, 2.76431570967e-08, 1.92496862894e-08, 1.09931486136e-08, 1.25955423869e-08, 1.34640760763e-08, 1.10942481868e-08, 8.34945890205e-09, 3.82783493791e-09, 2.55840504337e-09, 1.45197787127e-09, 2.86688783824e-09, 1.07168340868e-09, 8.79968875545e-10, 6.83001266655e-10, 1.90856039306e-10, 4.31186530925e-10, 3.5724714853e-10, 2.60225452298e-10, 2.32288632773e-10, 1.80743642275e-10, 3.67877783791e-10, 7.28447649423e-11, 5.93712440322e-11, 6.03416622225e-11, 5.27885964108e-11, 4.06187687652e-11, 2.35659911724e-11, 2.12316848131e-11],
        "max": [0.0645016878843, 0.031701978296, 0.0275534894317, 0.0183879267424, 0.0138039654121, 0.00718493387103, 0.00786433089525, 0.00734920892864, 0.0110343722627, 0.00371349253692, 0.00693481042981, 0.00544180301949, 0.0035178810358, 0.00337821664289, 0.00506526278332, 0.00845696683973, 0.00165760505479, 0.00378775293939, 0.00178681721445, 0.000937530363444, 0.000475354900118, 0.000411685497966, 0.000792675942648, 0.000462977477582, 0.000755254295655, 0.000293059303658, 0.000188422840438, 0.000153055021656, 0.000171314546606, 0.000149903353304, 0.00015135348076, 0.000119812895718, 0.000150419175043, 7.03131881892e-05, 5.53700629098e-05, 5.2490595408e-05, 6.53683891869e-05, 5.02767943544e-05, 3.99936689064e-05, 4.19605021307e-05],
        "mean": [0.00985671207309, 0.0039299717173, 0.000765664153732, 0.000573434866965, 0.00032655702671, 0.000273963029031, 0.000332801108016, 0.000274436722975, 0.000206809520023, 0.00012685864931, 0.000234786246438, 0.0001649276237, 8.77608836163e-05, 6.81237943354e-05, 4.55520057585e-05, 4.52919521194e-05, 5.26692419953e-05, 4.50305342383e-05, 4.5918761316e-05, 2.99606199405e-05, 3.27875859512e-05, 2.68767416856e-05, 3.0500244975e-05, 2.34137023654e-05, 1.98347843252e-05, 1.87062560144e-05, 1.3092869267e-05, 1.46506663441e-05, 1.64020857483e-05, 1.64724751812e-05, 1.47935825225e-05, 1.18085899885e-05, 9.83561767498e-06, 6.64940216666e-06, 6.45603404337e-06, 6.66442656438e-06, 5.95559004068e-06, 5.53813470106e-06, 4.94072264701e-06, 4.26879523729e-06],
        "median": [0.00883199740201, 0.00200028438121, 9.58880555118e-05, 7.97035172582e-05, 7.88015677244e-05, 9.94914080366e-05, 0.00014140100393, 0.000112559297122, 6.88764703227e-05, 4.95226995554e-05, 6.62926613586e-05, 5.21374167874e-05, 3.06520050799e-05, 2.63249294221e-05, 2.12744635064e-05, 1.70650673681e-05, 2.12847171497e-05, 2.14524152398e-05, 2.19545599975e-05, 1.51612439367e-05, 1.91358903976e-05, 1.75447185029e-05, 1.78662467079e-05, 1.53397122631e-05, 1.29631489472e-05, 1.31624328787e-05, 9.5212180895e-06, 9.81448647508e-06, 1.25293172459e-05, 1.24957859953e-05, 1.10860710265e-05, 8.92321259016e-06, 7.2165171332e-06, 5.43628311789e-06, 4.64764434582e-06, 4.87547322336e-06, 4.5049810069e-06, 4.0871868805e-06, 3.6376850403e-06, 3.10540826831e-06],
        "min": [1.3798313192e-24, 2.81715482118e-24, 2.02203312138e-24, 2.0241135448e-24, 2.40067412854e-24, 2.37714714091e-24, 2.28773133502e-24, 2.03933185496e-24, 4.84917058288e-24, 2.53090954197e-24, 1.53181483892e-24, 2.05961504655e-24, 3.60987010078e-24, 2.07411884594e-24, 1.71910225074e-24, 3.85440357076e-24, 4.59930835748e-24, 3.61255853875e-24, 5.73469850343e-24, 4.97039168274e-24, 3.55451020903e-24, 2.62731859978e-24, 4.94348837043e-24, 4.43568756169e-24, 4.45286027473e-24, 5.98920080867e-24, 4.84901123298e-24, 6.24186822345e-24, 5.4477444327e-24, 5.56545904584e-24, 7.05167496342e-24, 6.79306979261e-24, 7.4830059626e-24, 6.99242914286e-24, 6.48741656299e-24, 6.38463627008e-24, 6.42070851269e-24, 5.91945958819e-24, 6.21273756237e-24, 7.57103021785e-24],
        "var": [8.32525256556e-05, 2.75193979178e-05, 5.88569537285e-06, 2.33083301282e-06, 1.25406472762e-06, 3.3534675481e-07, 2.95432840858e-07, 2.41953642899e-07, 2.48089776278e-07, 5.08072623973e-08, 2.78707261714e-07, 9.69826601249e-08, 3.09179668534e-08, 2.01950847156e-08, 1.07511022307e-08, 1.95517433355e-08, 8.30667978846e-09, 6.39057740059e-09, 5.87377524397e-09, 2.47792342201e-09, 1.79420078794e-09, 9.53696788208e-10, 1.57397428424e-09, 7.44499517591e-10, 8.85979178911e-10, 4.76127026694e-10, 1.88130608314e-10, 2.48230630495e-10, 2.65324789916e-10, 2.56805771093e-10, 2.12486334084e-10, 1.39865244386e-10, 1.22882773401e-10, 4.06300826317e-11, 4.16543154136e-11, 4.3525179988e-11, 3.51750920058e-11, 3.01958354154e-11, 2.49616473325e-11, 1.99987786748e-11]
    },
    "mfcc": {
        "mean": [-623.849060059, 63.7649154663, 14.026512146, 17.8099842072, 2.2900249958, 4.86198711395, 3.4974489212, 7.85476827621, 11.5766649246, 7.47540521622, 6.36756896973, 7.84895133972, 3.08832454681],
        "cov": [[14077.9326172, 1748.08654785, -173.274658203, 238.829360962, 243.008361816, 336.708343506, 98.3468475342, -58.2195663452, -135.178695679, -5.71280670166, 172.647750854, 175.814285278, 285.388336182], [1748.08654785, 1045.36535645, 351.371368408, 332.206878662, 259.02444458, 171.739883423, 106.136978149, 92.7728805542, 39.4900474548, 42.5388221741, 49.5006256104, 55.1824645996, 40.7831840515], [-173.274658203, 351.371368408, 1168.41210938, 758.913391113, 585.892700195, 464.740325928, 389.779602051, 279.637451172, 224.329956055, 158.120788574, 86.4584960938, 68.0023422241, 38.8398017883], [238.829360962, 332.206878662, 758.913391113, 669.041137695, 479.053161621, 391.502502441, 320.478179932, 235.888809204, 192.662185669, 128.059356689, 77.706413269, 64.361076355, 43.6323776245], [243.008361816, 259.02444458, 585.892700195, 479.053161621, 460.04486084, 369.238128662, 304.014648438, 219.649154663, 171.850830078, 111.45400238, 66.1477813721, 48.5141830444, 40.1152114868], [336.708343506, 171.739883423, 464.740325928, 391.502502441, 369.238128662, 395.516540527, 321.104034424, 222.040466309, 172.684555054, 104.781776428, 64.6771621704, 44.3056869507, 38.9152412415], [98.3468475342, 106.136978149, 389.779602051, 320.478179932, 304.014648438, 321.104034424, 351.673126221, 261.685119629, 202.985198975, 111.733940125, 68.0518112183, 52.7919273376, 41.4489326477], [-58.2195663452, 92.7728805542, 279.637451172, 235.888809204, 219.649154663, 222.040466309, 261.685119629, 271.129089355, 217.320510864, 110.153030396, 57.6372184753, 40.3678703308, 24.1332893372], [-135.178695679, 39.4900474548, 224.329956055, 192.662185669, 171.850830078, 172.684555054, 202.985198975, 217.320510864, 247.9793396, 135.296966553, 69.6112060547, 49.3465194702, 24.3489017487], [-5.71280670166, 42.5388221741, 158.120788574, 128.059356689, 111.45400238, 104.781776428, 111.733940125, 110.153030396, 135.296966553, 138.386322021, 85.9310760498, 51.8761940002, 31.7191390991], [172.647750854, 49.5006256104, 86.4584960938, 77.706413269, 66.1477813721, 64.6771621704, 68.0518112183, 57.6372184753, 69.6112060547, 85.9310760498, 118.396896362, 83.985458374, 55.4169921875], [175.814285278, 55.1824645996, 68.0023422241, 64.361076355, 48.5141830444, 44.3056869507, 52.7919273376, 40.3678703308, 49.3465194702, 51.8761940002, 83.985458374, 121.726676941, 89.7238845825], [285.388336182, 40.7831840515, 38.8398017883, 43.6323776245, 40.1152114868, 38.9152412415, 41.4489326477, 24.1332893372, 24.3489017487, 31.7191390991, 55.4169921875, 89.7238845825, 134.806137085]],
