{
"lowlevel": {
    "average_loudness": 0.855586230755,
    "barkbands_crest": {
        "dmean": 2.27731227875,
        "dmean2": 3.23408389091,
        "dvar": 6.15328931808,
        "dvar2": 11.6406269073,
        "max": 26.509098053,
        "mean": 12.424200058,
        "median": 11.5572757721,
        "min": 2.32822561264,
        "var": 31.388715744
    },
    "barkbands_flatness_db": {
        "dmean": 0.0239521283656,
        "dmean2": 0.0325722098351,
        "dvar": 0.000766388431657,
        "dvar2": 0.00132831302471,
        "max": 0.524566173553,
        "mean": 0.163854241371,
        "median": 0.151947215199,
        "min": 0.0252797268331,
        "var": 0.00626186002046
    },
    "barkbands_kurtosis": {
        "dmean": 5.07781982422,
        "dmean2": 7.26943731308,
        "dvar": 229.422912598,
        "dvar2": 463.222686768,
        "max": 642.52130127,
        "mean": 9.55916976929,
        "median": 3.24580764771,
        "min": -1.95950746536,
        "var": 515.328186035
    },
    "barkbands_skewness": {
        "dmean": 0.612635731697,
        "dmean2": 0.859573364258,
        "dvar": 0.694803833961,
        "dvar2": 1.23934745789,
        "max": 23.7231712341,
        "mean": 2.06542038918,
        "median": 1.63267362118,
        "min": -3.81430125237,
        "var": 3.45110535622
    },
    "barkbands_spread": {
        "dmean": 5.54230880737,
        "dmean2": 8.24129676819,
        "dvar": 59.1407318115,
        "dvar2": 128.683563232,
        "max": 101.253761292,
        "mean": 20.5117645264,
        "median": 17.8942642212,
        "min": 0.397130906582,
        "var": 202.081787109
    },
    "dissonance": {
        "dmean": 0.0223165694624,
        "dmean2": 0.0372130796313,
        "dvar": 0.000536860432476,
        "dvar2": 0.0014344722731,
        "max": 0.499993175268,
        "mean": 0.446993708611,
        "median": 0.458061993122,
        "min": 0.152376592159,
        "var": 0.00190660322551
    },
    "dynamic_complexity": 3.76143956184,
    "erbbands_crest": {
        "dmean": 2.3329615593,
        "dmean2": 3.66235971451,
        "dvar": 5.65349817276,
        "dvar2": 13.3655118942,
        "max": 34.2003097534,
        "mean": 9.72169876099,
        "median": 8.43450737,
        "min": 2.12729072571,
        "var": 27.8843307495
    },
    "erbbands_flatness_db": {
        "dmean": 0.0171159096062,
        "dmean2": 0.0246909093112,
        "dvar": 0.000380668992875,
        "dvar2": 0.000722327502444,
        "max": 0.569656550884,
        "mean": 0.155487045646,
        "median": 0.13875426352,
        "min": 0.040088031441,
        "var": 0.00492655998096
    },
    "erbbands_kurtosis": {
        "dmean": 1.29189014435,
        "dmean2": 1.99876856804,
        "dvar": 7.45636510849,
        "dvar2": 18.8351135254,
        "max": 84.8296890259,
        "mean": 1.65526604652,
        "median": 0.267778754234,
        "min": -1.86535143852,
        "var": 18.4430656433
    },
    "erbbands_skewness": {
        "dmean": 0.358478426933,
        "dmean2": 0.535046577454,
        "dvar": 0.16384960711,
        "dvar2": 0.355420231819,
        "max": 7.7792429924,
        "mean": 0.655690491199,
        "median": 0.557244062424,
        "min": -3.8483748436,
        "var": 0.812329769135
    },
    "erbbands_spread": {
        "dmean": 8.62156486511,
        "dmean2": 13.0366859436,
        "dvar": 126.51473999,
        "dvar2": 275.291290283,
        "max": 180.298919678,
        "mean": 39.6758384705,
        "median": 36.5201950073,
        "min": 0.820415556431,
        "var": 514.114318848
    },
    "hfc": {
        "dmean": 8.60318565369,
        "dmean2": 12.9465169907,
        "dvar": 231.87336731,
        "dvar2": 556.911071777,
        "max": 188.286468506,
        "mean": 23.3328762054,
        "median": 17.2673797607,
        "min": 1.11640146823e-16,
        "var": 500.140380859
    },
    "melbands_crest": {
        "dmean": 2.80352139473,
        "dmean2": 4.19595861435,
        "dvar": 9.73651790619,
        "dvar2": 21.5545444489,
        "max": 36.1582756042,
        "mean": 17.1476573944,
        "median": 16.2572784424,
        "min": 1.65280818939,
        "var": 52.7795829773
    },
    "melbands_flatness_db": {
        "dmean": 0.0268821064383,
        "dmean2": 0.0359699800611,
        "dvar": 0.00103978114203,
        "dvar2": 0.00171916303225,
        "max": 0.570223748684,
        "mean": 0.232852831483,
        "median": 0.226429730654,
        "min": 0.00336530688219,
        "var": 0.0094588464126
    },
    "melbands_kurtosis": {
        "dmean": 11.878821373,
        "dmean2": 17.4127178192,
        "dvar": 868.333984375,
        "dvar2": 1685.43701172,
        "max": 911.985656738,
        "mean": 25.1781425476,
        "median": 9.0860824585,
        "min": -1.82113480568,
        "var": 2488.83325195
    },
    "melbands_skewness": {
        "dmean": 0.832091331482,
        "dmean2": 1.18641364574,
        "dvar": 1.33630299568,
        "dvar2": 2.46267485619,
        "max": 20.8349132538,
        "mean": 3.17140889168,
        "median": 2.4433722496,
        "min": -3.06842064857,
        "var": 6.97058343887
    },
    "melbands_spread": {
        "dmean": 5.70128011703,
        "dmean2": 8.39756774902,
        "dvar": 95.252166748,
        "dvar2": 211.221359253,
        "max": 219.720474243,
        "mean": 20.2708091736,
        "median": 15.6495685577,
        "min": 0.315918236971,
        "var": 329.989776611
    },
    "pitch_salience": {
        "dmean": 0.0666003376245,
        "dmean2": 0.100091867149,
        "dvar": 0.00645592389628,
        "dvar2": 0.0141980489716,
        "max": 0.93872743845,
        "mean": 0.483287930489,
        "median": 0.478733539581,
        "min": 0.0250606611371,
        "var": 0.0246257036924
    },
    "silence_rate_20dB": {
        "dmean": 0,
        "dmean2": 0,
        "dvar": 0,
        "dvar2": 0,
        "max": 1,
        "mean": 1,
        "median": 1,
        "min": 1,
        "var": 0
    },
    "silence_rate_30dB": {
        "dmean": 0.0431776829064,
        "dmean2": 0.0863658413291,
        "dvar": 0.0413111634552,
        "dvar2": 0.0883616060019,
        "max": 1,
        "mean": 0.926146030426,
        "median": 1,
        "min": 0,
        "var": 0.0683997496963
    },
    "silence_rate_60dB": {
        "dmean": 0.0228016972542,
        "dmean2": 0.0456089265645,
        "dvar": 0.0222806911916,
        "dvar2": 0.0478923209012,
        "max": 1,
        "mean": 0.0804026201367,
        "median": 0,
        "min": 0,
        "var": 0.0739409178495
    },
    "spectral_centroid": {
        "dmean": 222.839569092,
        "dmean2": 323.089691162,
        "dvar": 100442.828125,
        "dvar2": 189417.78125,
        "max": 11291.4404297,
        "mean": 1330.12768555,
        "median": 1204.29150391,
        "min": 174.145065308,
        "var": 628923.4375
    },
    "spectral_complexity": {
        "dmean": 3.87046694756,
        "dmean2": 5.49393510818,
        "dvar": 27.095331192,
        "dvar2": 45.6990585327,
        "max": 62,
        "mean": 17.2292022705,
        "median": 14,
        "min": 0,
        "var": 135.140960693
    },
    "spectral_decrease": {
        "dmean": 2.64918131876e-09,
        "dmean2": 3.70691677354e-09,
        "dvar": 2.08040076504e-17,
        "dvar2": 4.0471303703e-17,
        "max": 1.02524672779e-11,
        "mean": -1.0354832547e-08,
        "median": -7.62452678771e-09,
        "min": -6.05104233387e-08,
        "var": 9.3330053978e-17
    },
    "spectral_energy": {
        "dmean": 0.0105317840353,
        "dmean2": 0.014792598784,
        "dvar": 0.000313181662932,
        "dvar2": 0.000618536723778,
        "max": 0.230470821261,
        "mean": 0.0411979332566,
        "median": 0.0314718186855,
        "min": 1.04554336957e-20,
        "var": 0.00138387479819
    },
    "spectral_energyband_high": {
        "dmean": 0.000628780748229,
        "dmean2": 0.000958115269896,
        "dvar": 1.48330741467e-06,
        "dvar2": 3.51245626007e-06,
        "max": 0.0141530930996,
        "mean": 0.00123982154764,
        "median": 0.000627855071798,
        "min": 7.31238243593e-21,
        "var": 2.80581048173e-06
    },
    "spectral_energyband_low": {
        "dmean": 0.00743559002876,
        "dmean2": 0.0101490169764,
        "dvar": 0.000292482523946,
        "dvar2": 0.000553592282813,
        "max": 0.223131507635,
        "mean": 0.0253963898867,
        "median": 0.0110469590873,
        "min": 2.66710243295e-23,
        "var": 0.00119718781207
    },
    "spectral_energyband_middle_high": {
        "dmean": 0.00192545901518,
        "dmean2": 0.00283641531132,
        "dvar": 1.47068776641e-05,
        "dvar2": 3.57045828423e-05,
        "max": 0.0859922021627,
        "mean": 0.00514985341579,
        "median": 0.00270229787566,
        "min": 1.21217704604e-21,
        "var": 3.84938248317e-05
    },
    "spectral_energyband_middle_low": {
        "dmean": 0.00435801316053,
        "dmean2": 0.00702700251713,
        "dvar": 8.12774742371e-05,
        "dvar2": 0.000218502595089,
        "max": 0.101198084652,
        "mean": 0.0103278439492,
        "median": 0.00725572369993,
        "min": 2.18301263732e-22,
        "var": 0.000109370164864
    },
    "spectral_entropy": {
        "dmean": 0.175187990069,
        "dmean2": 0.247583553195,
        "dvar": 0.0441759042442,
        "dvar2": 0.0839566513896,
        "max": 9.80836296082,
        "mean": 7.50766992569,
        "median": 7.59927368164,
        "min": 4.79730224609,
        "var": 0.397526472807
    },
    "spectral_flux": {
        "dmean": 0.0278464183211,
        "dmean2": 0.0404739715159,
        "dvar": 0.00157076201867,
        "dvar2": 0.00287289498374,
        "max": 0.415298819542,
        "mean": 0.0780152827501,
        "median": 0.0589970573783,
        "min": 6.57554011241e-11,
        "var": 0.00418989127502
    },
    "spectral_kurtosis": {
        "dmean": 1.78038585186,
        "dmean2": 2.92051506042,
        "dvar": 21.5511322021,
        "dvar2": 55.8616638184,
        "max": 136.498352051,
        "mean": 5.05042123795,
        "median": 3.06158804893,
        "min": -1.42578220367,
        "var": 67.5944290161
    },
    "spectral_rms": {
        "dmean": 0.000759732443839,
        "dmean2": 0.00103787693661,
        "dvar": 1.14670774565e-06,
        "dvar2": 2.06670415537e-06,
        "max": 0.014994985424,
        "mean": 0.00564756663516,
        "median": 0.00554113835096,
        "min": 3.1938100168e-12,
        "var": 8.29821328807e-06
    },
    "spectral_rolloff": {
        "dmean": 533.89074707,
        "dmean2": 889.55291748,
        "dvar": 1540976.25,
        "dvar2": 3694760.75,
        "max": 19358.3496094,
        "mean": 1440.0267334,
        "median": 796.728515625,
        "min": 64.599609375,
        "var": 3879460.25
    },
    "spectral_skewness": {
        "dmean": 0.227037295699,
        "dmean2": 0.353981643915,
        "dvar": 0.11391568929,
        "dvar2": 0.278230011463,
        "max": 8.99565982819,
        "mean": 1.69127750397,
        "median": 1.49555754662,
        "min": -0.153664171696,
        "var": 0.591745197773
    },
    "spectral_spread": {
        "dmean": 794098,
        "dmean2": 1184451.75,
        "dvar": 1.81111396762e+12,
        "dvar2": 3.9804445655e+12,
        "max": 52051440,
        "mean": 5800140.5,
        "median": 5655797,
        "min": 650731,
        "var": 6.27336963686e+12
    },
    "spectral_strongpeak": {
        "dmean": 0.370994240046,
        "dmean2": 0.620707631111,
        "dvar": 0.532071948051,
        "dvar2": 1.28144240379,
        "max": 10.0758190155,
        "mean": 0.85975420475,
        "median": 0.495208382607,
        "min": 0,
        "var": 1.10255229473
    },
    "zerocrossingrate": {
        "dmean": 0.0131689663976,
        "dmean2": 0.0153680071235,
        "dvar": 0.00034260074608,
        "dvar2": 0.000466916011646,
        "max": 0.74951171875,
        "mean": 0.0625816583633,
        "median": 0.05029296875,
        "min": 0.00146484375,
        "var": 0.00287974113598
    },
    "barkbands": {
        "dmean": [0.000537224696018, 0.00648731878027, 0.0027096287813, 0.0012844176963, 0.00104810309131, 0.00109174405225, 0.00102063838858, 0.000499311485328, 0.000971224915702, 0.00043965363875, 0.000489860540256, 0.00037990740384, 0.000332511001034, 0.000352481467417, 0.000342733837897, 0.000220689966227, 0.000221447102376, 0.000139865689562, 0.000140410615131, 0.000128155064886, 0.000137431678013, 0.000110083092295, 0.000120774871903, 0.00010098254279, 9.00923696463e-05, 0.00011255692516, 1.52460042955e-05],
        "dmean2": [0.000767810328398, 0.00818285997957, 0.00458775367588, 0.00223301490769, 0.00180811958853, 0.0017009783769, 0.00157856056467, 0.000797418993898, 0.00149016745854, 0.000674390117638, 0.000722126627807, 0.000586991431192, 0.00053603190463, 0.000559661537409, 0.000559921027161, 0.000352489500074, 0.000359944417141, 0.000218324639718, 0.000217960507143, 0.000197151035536, 0.0002104704472, 0.000173414562596, 0.000193399129785, 0.000155769885168, 0.000141215510666, 0.00019026955124, 2.59727967205e-05],
        "dvar": [2.06250660995e-06, 0.000250399520155, 0.000113099245937, 2.17829565372e-05, 1.00671777545e-05, 5.53804511583e-06, 4.10596476286e-06, 1.93304254026e-06, 5.39051552551e-06, 1.03493130155e-06, 1.46999650497e-06, 8.75710554737e-07, 6.98802693933e-07, 1.27623400203e-06, 2.48250603363e-06, 3.90497064018e-07, 3.35850273814e-07, 1.05001738859e-07, 8.46396233101e-08, 5.93968536577e-08, 7.32075164933e-08, 5.73077727495e-08, 7.73042643232e-08, 3.99211863567e-08, 3.29461471438e-08, 8.35984081959e-08, 1.40416167582e-09],
        "dvar2": [4.66196888738e-06, 0.000390910019632, 0.000309782801196, 6.23592713964e-05, 2.90688458335e-05, 1.3310882423e-05, 9.99538406177e-06, 4.36456093666e-06, 1.29434201881e-05, 2.40337499235e-06, 2.95640143122e-06, 2.19453590944e-06, 1.72988870872e-06, 3.23131644109e-06, 6.94425261827e-06, 9.38181472065e-07, 9.49202501488e-07, 2.39180593553e-07, 1.98837227572e-07, 1.33300204652e-07, 1.6454070817e-07, 1.32928079211e-07, 1.93063286247e-07, 9.31369257273e-08, 8.10514890759e-08, 2.3019860862e-07, 3.75960995669e-09],
        "max": [0.0551573112607, 0.221840560436, 0.123369529843, 0.0588200464845, 0.0504315346479, 0.0481236875057, 0.0324691422284, 0.0393937975168, 0.0410229377449, 0.0269948747009, 0.0292413309216, 0.0252402536571, 0.0184411313385, 0.0316116958857, 0.0486330240965, 0.0147632211447, 0.00965993385762, 0.00801685452461, 0.00685107242316, 0.00473392987624, 0.00413176370785, 0.00344635732472, 0.00392216118053, 0.00285616656765, 0.00387248187326, 0.00323485257104, 0.000705342157744],
        "mean": [0.00195462885313, 0.0193809624761, 0.00322376936674, 0.00150892091915, 0.00157399126329, 0.0020347959362, 0.0022345490288, 0.000900506449398, 0.00192789966241, 0.000800507259555, 0.000919799844269, 0.000653715978842, 0.00050127011491, 0.000557517982088, 0.000475282286061, 0.000337706471328, 0.000329697795678, 0.000250020064414, 0.00026839011116, 0.000262355897576, 0.000268724077614, 0.000184953576536, 0.000181215509656, 0.00018724038091, 0.000152493579662, 0.000112014036858, 1.50266669152e-05],
        "median": [6.81796082063e-05, 0.00706652039662, 0.000522241345607, 0.000276537670288, 0.000723288743757, 0.00079418043606, 0.000896093843039, 0.000228702207096, 0.000615592463873, 0.000204484254937, 0.000228665972827, 0.000225456722546, 0.000131503591547, 0.000138616975164, 0.0001218718171, 8.87982459972e-05, 0.000103580649011, 6.87286665197e-05, 9.26764041651e-05, 9.6830590337e-05, 0.000102710357169, 5.27591037098e-05, 4.19659991167e-05, 9.34105337365e-05, 7.87389726611e-05, 2.47510397458e-05, 1.19941114463e-06],
        "min": [1.65469905479e-24, 1.52970716036e-23, 4.07898319858e-24, 4.07840417467e-24, 6.37858215706e-24, 1.6434200399e-23, 2.46193044001e-23, 8.49232824728e-24, 3.1589824509e-23, 2.15969542357e-23, 2.16443016672e-23, 3.20114107095e-23, 4.05922578278e-23, 3.11071615419e-23, 6.74529274743e-23, 8.13050914672e-23, 9.81648917908e-23, 1.14164505562e-22, 1.89969267523e-22, 1.93775578188e-22, 2.38378745646e-22, 4.65779324282e-22, 4.44585446414e-22, 6.92665767556e-22, 8.87641739607e-22, 1.3464533395e-21, 2.15582089221e-21],
        "var": [2.31033009186e-05, 0.000898034020793, 8.26323448564e-05, 1.62125670613e-05, 8.08098866401e-06, 1.04910313894e-05, 1.13283076644e-05, 5.54664802621e-06, 1.3358947399e-05, 2.75111597148e-06, 5.19460672876e-06, 1.68965959801e-06, 1.20862944186e-06, 2.34640856434e-06, 2.10848043025e-06, 6.03980254255e-07, 3.91370434727e-07, 2.38354289195e-07, 2.26951613058e-07, 1.51348885424e-07, 1.71616036937e-07, 1.02737558905e-07, 1.08284872624e-07, 6.9027862537e-08, 4.96281877815e-08, 6.98315787417e-08, 1.96568894495e-09]
    },
    "erbbands": {
        "dmean": [0.256445586681, 1.38511657715, 2.88857865334, 3.9528234005, 2.9752869606, 4.04367399216, 5.74572610855, 10.1759252548, 14.0755720139, 11.3051595688, 16.1260108948, 20.2584266663, 15.3679885864, 19.7004375458, 12.2973146439, 13.7050447464, 14.8595142365, 15.3313694, 16.3612251282, 15.1636476517, 11.3750915527, 11.9243965149, 8.10357284546, 7.27385282516, 6.6129488945, 5.68070602417, 5.52701759338, 5.29841899872, 4.08656930923, 3.76870322227, 3.25733327866, 2.33318948746, 1.66137433052, 1.0461704731, 0.659477889538, 0.502236247063, 0.205063864589, 0.0383634418249, 0.00232567056082, 4.91580722155e-05],
        "dmean2": [0.310859501362, 1.72164642811, 4.63874053955, 6.75992012024, 5.02621269226, 6.99242448807, 9.43256092072, 15.8083314896, 21.770280838, 17.5071983337, 24.9233474731, 31.4452953339, 23.8559951782, 29.2174320221, 18.404088974, 21.357383728, 23.8983211517, 24.2298622131, 26.0480918884, 24.471780777, 18.1264057159, 19.3072299957, 12.4720506668, 11.1955337524, 10.1229009628, 8.76127719879, 8.48231887817, 8.27888965607, 6.43692684174, 5.99182271957, 5.22520112991, 3.64064264297, 2.56830453873, 1.63105595112, 1.05659353733, 0.843254864216, 0.34930896759, 0.0648377165198, 0.00392075022683, 8.01919377409e-05],
        "dvar": [0.411439865828, 11.68060112, 106.733886719, 220.805282593, 76.3130111694, 151.936340332, 192.325332642, 629.956481934, 799.821960449, 579.078857422, 1845.07006836, 3124.1887207, 1167.15307617, 2194.74194336, 757.171875, 993.471557617, 1369.23425293, 1741.13745117, 2992.66894531, 4600.69824219, 822.106567383, 1006.15637207, 366.97543335, 258.594238281, 157.505859375, 126.660324097, 113.6483078, 122.882369995, 75.712387085, 78.0778274536, 56.1851119995, 23.4572563171, 10.2255430222, 4.4907336235, 1.7847263813, 1.46228516102, 0.311692357063, 0.00926436670125, 3.44637628586e-05, 1.04636876941e-08],
        "dvar2": [0.635616660118, 19.8034152985, 277.917755127, 619.357788086, 213.425170898, 440.625244141, 520.009338379, 1468.80822754, 1995.57043457, 1354.60998535, 4281.75, 6980.58886719, 2850.56347656, 4612.76708984, 1641.10253906, 2538.45166016, 3425.11474609, 4314.99511719, 7854.42285156, 12457.8261719, 2099.74169922, 2856.86181641, 821.140563965, 595.104370117, 355.430053711, 285.526489258, 256.649749756, 290.163146973, 173.317306519, 191.546951294, 141.365905762, 55.3507347107, 23.8354873657, 10.6968717575, 4.57235908508, 3.99022912979, 0.865256667137, 0.0254768319428, 9.10265807761e-05, 2.79371832335e-08],
        "max": [8.28559398651, 51.3220787048, 115.509437561, 191.057952881, 121.664245605, 201.262161255, 207.939590454, 608.520507812, 487.676239014, 561.377868652, 1074.29577637, 1275.96154785, 571.395202637, 998.323608398, 745.467712402, 873.703186035, 770.866210938, 1048.04345703, 1342.80529785, 2070.53076172, 666.539367676, 559.506774902, 511.595275879, 466.119354248, 201.199310303, 167.154556274, 191.869049072, 190.757049561, 122.502296448, 129.43862915, 94.7700805664, 57.2906150818, 50.3548736572, 39.93384552, 31.3254756927, 12.5769004822, 6.30386590958, 0.990225672722, 0.107367649674, 0.00146144465543],
        "mean": [0.726258575916, 3.6228222847, 4.44398450851, 4.84981966019, 4.43490791321, 5.88368320465, 9.98342132568, 17.8989658356, 29.304315567, 23.7076816559, 33.7010688782, 37.9238014221, 29.0566997528, 40.3488540649, 22.7647304535, 23.8561687469, 24.0822677612, 25.0119285583, 27.1308860779, 22.5710296631, 18.3285140991, 18.9481716156, 14.7376813889, 14.1858386993, 13.2005290985, 11.6389551163, 11.2177963257, 9.77134895325, 6.98492336273, 5.72661828995, 4.9243273735, 3.9764881134, 3.08730340004, 1.87201941013, 1.00223624706, 0.540125906467, 0.193638667464, 0.0377962328494, 0.00235430966131, 9.03062536963e-05],
        "median": [0.182268232107, 1.20465230942, 1.32675397396, 1.09141099453, 1.72234594822, 2.60144424438, 3.48634386063, 7.00206136703, 13.2049484253, 8.25966453552, 9.01586532593, 11.8285369873, 10.0380268097, 11.7271499634, 8.51526832581, 9.03203487396, 8.19312667847, 8.08396911621, 7.79440689087, 7.02722024918, 6.25561094284, 6.33119869232, 4.29581403732, 4.51548528671, 5.29101657867, 4.10824108124, 4.61816215515, 3.29673671722, 2.10450148582, 1.14508318901, 1.2489989996, 1.51255500317, 1.68039226532, 0.991298556328, 0.46322453022, 0.147966533899, 0.0369532257318, 0.00559530965984, 0.000216971238842, 5.73475408601e-05],
        "min": [2.48118312683e-22, 2.12025717458e-21, 5.53614172134e-21, 9.48180495622e-21, 3.26004739481e-20, 2.23264092952e-20, 4.84801315859e-20, 1.74399606725e-19, 2.65853367333e-19, 4.67209135859e-19, 3.42500517428e-19, 6.39757512373e-19, 8.57154639422e-19, 6.75770009413e-19, 1.47851224285e-18, 1.87164089251e-18, 1.87628695921e-18, 2.29631438502e-18, 2.89116643328e-18, 4.52724427852e-18, 4.8696081302e-18, 5.47201854131e-18, 5.91016783997e-18, 7.09437490775e-18, 1.06229900889e-17, 1.03955427174e-17, 1.23369281705e-17, 1.23865184754e-17, 1.56849723055e-17, 1.46024890143e-17, 1.08617144137e-17, 1.23491232942e-17, 1.23788240413e-17, 9.12582461306e-18, 7.14643269242e-18, 3.82118565511e-18, 2.56273106235e-18, 1.1220804271e-18, 2.73535341983e-19, 2.96770528734e-20],
        "var": [1.46809399128, 35.837562561, 98.3976898193, 158.84538269, 69.6686935425, 121.287063599, 317.771636963, 1065.71313477, 1962.49328613, 1731.56689453, 5703.10498047, 6630.30419922, 2496.21020508, 7608.56494141, 2187.2043457, 1795.10180664, 2338.09155273, 2788.48706055, 4505.46289062, 4098.81347656, 1261.48120117, 1243.45373535, 846.471923828, 749.796386719, 380.286865234, 322.300323486, 273.614257812, 246.639724731, 138.852035522, 116.227233887, 76.8260116577, 39.2298965454, 17.8312664032, 7.44306182861, 2.3556163311, 1.29823744297, 0.247499972582, 0.00893716607243, 5.05143398186e-05, 1.50066288285e-08]
    },
    "gfcc": {
        "mean": [-15.5813579559, 74.4250640869, -103.906089783, 20.5085792542, -62.3464431763, 17.4695224762, -33.906627655, 15.4390296936, -21.356470108, 11.3169536591, -11.1820869446, 1.39462447166, -5.57253980637],
        "cov": [[20460.90625, -784.734619141, 667.348205566, 1428.0390625, 494.412780762, 1313.81872559, 107.076805115, 833.744140625, -296.723571777, 409.253570557, -528.572814941, 245.805419922, -509.692352295], [-784.734619141, 2795.70703125, 484.897125244, 117.468582153, 387.248260498, 104.973426819, 357.315917969, -189.205215454, 121.086326599, -93.1857299805, 248.766021729, -321.583862305, 112.62008667], [667.348205566, 484.897125244, 1961.47241211, 256.329437256, 385.350952148, 510.046020508, 279.330566406, 366.014709473, 118.47467041, 318.853210449, 155.204956055, 107.145362854, -87.5122299194], [1428.0390625, 117.468582153, 256.329437256, 875.489746094, 378.634277344, 297.475738525, 153.584518433, 196.015213013, 105.903572083, -42.4173774719, 9.39451599121, 29.694770813, -4.15217399597], [494.412780762, 387.248260498, 385.350952148, 378.634277344, 536.267883301, 262.751983643, 236.405258179, 124.600708008, 94.4349975586, 40.4715156555, 41.9786758423, 3.32316994667, -6.87680530548], [1313.81872559, 104.973426819, 510.046020508, 297.475738525, 262.751983643, 543.080749512, 209.456604004, 163.476730347, 39.2771110535, 151.177276611, 23.311882019, 8.99510097504, -47.5807495117], [107.076805115, 357.315917969, 279.330566406, 153.584518433, 236.405258179, 209.456604004, 303.800720215, 107.308296204, 81.143157959, 71.6081924438, 69.3354492188, -15.1821012497, 11.8628053665], [833.744140625, -189.205215454, 366.014709473, 196.015213013, 124.600708008, 163.476730347, 107.308296204, 370.368743896, 85.2282104492, 134.776916504, 50.2435760498, 87.1530532837, 17.3248462677], [-296.723571777, 121.086326599, 118.47467041, 105.903572083, 94.4349975586, 39.2771110535, 81.143157959, 85.2282104492, 210.002792358, 47.9026107788, 54.9904327393, 10.2274389267, 15.6110982895], [409.253570557, -93.1857299805, 318.853210449, -42.4173774719, 40.4715156555, 151.177276611, 71.6081924438, 134.776916504, 47.9026107788, 246.262039185, 84.6153488159, 48.3277931213, 18.9184799194], [-528.572814941, 248.766021729, 155.204956055, 9.39451599121, 41.9786758423, 23.311882019, 69.3354492188, 50.2435760498, 54.9904327393, 84.6153488159, 178.515319824, 33.5808372498, 65.6026611328], [245.805419922, -321.583862305, 107.145362854, 29.694770813, 3.32316994667, 8.99510097504, -15.1821012497, 87.1530532837, 10.2274389267, 48.3277931213, 33.5808372498, 159.961547852, 5.54782104492], [-509.692352295, 112.62008667, -87.5122299194, -4.15217399597, -6.87680530548, -47.5807495117, 11.8628053665, 17.3248462677, 15.6110982895, 18.9184799194, 65.6026611328, 5.54782104492, 172.196136475]],
        "icov": [[0.000105574305053, -0.000143678800669, 0.000114956572361, -0.000185471362784, 7.38560484024e-05, -0.000140133037348, 0.00012254306057, -0.000227179538342, 0.000254464132013, -0.000431247783126, 0.000533716054633, -0.000359341822332, 0.000271611177595], [-0.000143678800669, 0.00118480739184, -0.000531615747605, 0.000363856030162, -0.000491912418511, 0.000264652539045, -0.000697497685906, 0.00082709005801, -0.000485483149532, 0.00156618328765, -0.00227722921409, 0.00243279803544, -0.000782118877396], [0.000114956572361, -0.000531615747605, 0.00116305379197, -0.000142560820677, -0.000118687930808, -0.000581656815484, 0.000340605241945, -0.00085844763089, 0.000376077077817, -0.00130047707353, 0.000631429778878, -0.0012639806373, 0.0010819848394], [-0.000185471362784, 0.000363856030162, -0.000142560820677, 0.00266476674005, -0.00134220311884, -0.000971284345724, 0.000355587661033, -0.00054779695347, -0.00109415070619, 0.00274045066908, -0.0014039487578, 0.000595557095949, -0.000772722822148], [7.38560484024e-05, -0.000491912418511, -0.000118687930808, -0.00134220311884, 0.00416037021205, -0.000423553545261, -0.00180874252692, 2.00107224373e-05, -0.000147942118929, -0.000494010571856, 0.00125427276362, -0.00113206694368, 0.00024566668435], [-0.000140133037348, 0.000264652539045, -0.000581656815484, -0.000971284345724, -0.000423553545261, 0.00451078312472, -0.00192435143981, 0.000497270782944, 0.000650231260806, -0.00195554853417, 0.00025306417956, 0.00110009952914, 0.000429174513556], [0.00012254306057, -0.000697497685906, 0.000340605241945, 0.000355587661033, -0.00180874252692, -0.00192435143981, 0.00715684564784, -0.0014219210716, -0.000631999690086, -0.000430445623351, -0.000386096566217, -4.38168608525e-05, 0.000299719686154], [-0.000227179538342, 0.00082709005801, -0.00085844763089, -0.00054779695347, 2.00107224373e-05, 0.000497270782944, -0.0014219210716, 0.00571200624108, -0.00142292946111, -0.000600170576945, -0.000901475315914, -7.46840159991e-05, -0.00146060215775], [0.000254464132013, -0.000485483149532, 0.000376077077817, -0.00109415070619, -0.000147942118929, 0.000650231260806, -0.000631999690086, -0.00142292946111, 0.00684220949188, -0.00210869987495, 0.000371117581381, -0.000650017522275, 0.00108684867155], [-0.000431247783126, 0.00156618328765, -0.00130047707353, 0.00274045066908, -0.000494010571856, -0.00195554853417, -0.000430445623351, -0.000600170576945, -0.00210869987495, 0.0114700663835, -0.00626508984715, 0.00263870996423, -0.00213283160701], [0.000533716054633, -0.00227722921409, 0.000631429778878, -0.0014039487578, 0.00125427276362, 0.00025306417956, -0.000386096566217, -0.000901475315914, 0.000371117581381, -0.00626508984715, 0.014364220202, -0.00625726534054, -0.00102266436443], [-0.000359341822332, 0.00243279803544, -0.0012639806373, 0.000595557095949, -0.00113206694368, 0.00110009952914, -4.38168608525e-05, -7.46840159991e-05, -0.000650017522275, 0.00263870996423, -0.00625726534054, 0.0130311585963, -0.00128039193805], [0.000271611177595, -0.000782118877396, 0.0010819848394, -0.000772722822148, 0.00024566668435, 0.000429174513556, 0.000299719686154, -0.00146060215775, 0.00108684867155, -0.00213283160701, -0.00102266436443, -0.00128039193805, 0.00847541540861]]
    },
    "melbands": {
        "dmean": [0.00198448821902, 0.00140956940595, 0.000639006786514, 0.000238900902332, 0.000190721824765, 0.000227260403335, 0.000213549268665, 0.000109294545837, 0.000151958665811, 0.000131056425744, 7.67411474953e-05, 7.85191441537e-05, 5.02925759065e-05, 3.87216678064e-05, 3.67240427295e-05, 3.77193173335e-05, 2.89086310659e-05, 2.706601299e-05, 3.10393334075e-05, 1.62333126354e-05, 1.35978434628e-05, 1.36459402711e-05, 9.18021305552e-06, 7.06561650077e-06, 6.38817482468e-06, 5.47039553567e-06, 5.17272246725e-06, 4.02817886425e-06, 3.63047433893e-06, 3.62943455912e-06, 3.14860812978e-06, 2.49709228228e-06, 2.08239771382e-06, 2.3064862944e-06, 2.00441468223e-06, 1.73172065843e-06, 1.40462566378e-06, 1.25120732264e-06, 1.1063805232e-06, 8.67462347287e-07],
        "dmean2": [0.0024373002816, 0.0020101799164, 0.00108313316014, 0.000405540398788, 0.000320889026625, 0.000353590090526, 0.000330334587488, 0.00016992163728, 0.000233709331951, 0.000204219788429, 0.000119318763609, 0.000116430455819, 7.53723361413e-05, 5.90975832893e-05, 5.93856348132e-05, 6.01901447226e-05, 4.57954774902e-05, 4.26586411777e-05, 5.05744246766e-05, 2.57716765191e-05, 2.1994310373e-05, 2.22132912313e-05, 1.47308601299e-05, 1.11569497676e-05, 9.97349889076e-06, 8.56559654494e-06, 8.14901068225e-06, 6.32742376183e-06, 5.67365486859e-06, 5.65773416383e-06, 5.03853925693e-06, 3.99303871745e-06, 3.28323426402e-06, 3.72891895495e-06, 3.28075088873e-06, 2.74815215562e-06, 2.21538880396e-06, 1.95212533072e-06, 1.757221753e-06, 1.36597293476e-06],
        "dvar": [2.37243748415e-05, 1.60427825904e-05, 5.29080125489e-06, 4.85297050545e-07, 2.50917025824e-07, 2.73512313242e-07, 1.7529700358e-07, 5.52816352695e-08, 1.59024423851e-07, 1.28135482669e-07, 2.94776114629e-08, 3.3693549284e-08, 1.36014106644e-08, 1.20940750747e-08, 1.00526325042e-08, 9.93576598773e-09, 6.67002719723e-09, 8.61567972521e-09, 2.29275958219e-08, 3.22364024363e-09, 1.23441012967e-09, 1.25990606836e-09, 6.93805568552e-10, 2.92330104568e-10, 2.19194454254e-10, 1.18161494478e-10, 1.11483079712e-10, 6.4316107995e-11, 5.01061032943e-11, 5.29732195609e-11, 4.52369565418e-11, 2.77129239695e-11, 2.08195335971e-11, 3.10631971534e-11, 2.23961665186e-11, 1.39889818479e-11, 8.46543668498e-12, 5.71468003127e-12, 5.28221910656e-12, 2.99440940793e-12],
        "dvar2": [3.51446069544e-05, 3.7014568079e-05, 1.46487554957e-05, 1.38900190905e-06, 7.03089028775e-07, 6.49794571927e-07, 4.37463370417e-07, 1.28836390445e-07, 3.77827007014e-07, 2.85585656457e-07, 7.12379204515e-08, 7.17827219887e-08, 2.85310690629e-08, 2.85147034873e-08, 2.69796789354e-08, 2.42439206488e-08, 1.66149156655e-08, 2.17913243006e-08, 6.42718660515e-08, 7.38454497551e-09, 3.27726756844e-09, 3.56687879233e-09, 1.81302484137e-09, 7.21479154198e-10, 5.19588261305e-10, 2.7408514347e-10, 2.64305966002e-10, 1.51664986126e-10, 1.18094478641e-10, 1.22940657654e-10, 1.11544780357e-10, 6.48773951228e-11, 4.93991861306e-11, 7.8184791974e-11, 5.79966352721e-11, 3.35600575108e-11, 2.04191212549e-11, 1.34766755047e-11, 1.27975616215e-11, 7.16058505892e-12],
        "max": [0.0629745572805, 0.0472693815827, 0.0283927954733, 0.0108500858769, 0.00716545293108, 0.0117893675342, 0.00680514937267, 0.0052784238942, 0.00797750521451, 0.00812948588282, 0.00329660647549, 0.00369916320778, 0.00334361381829, 0.00361890043132, 0.00270827719942, 0.00229311781004, 0.00224120332859, 0.0023330214899, 0.00458082137629, 0.00150841684081, 0.000858850777149, 0.000539474189281, 0.00054727186216, 0.000291749485768, 0.000456524314359, 0.000228420365602, 0.000198319961783, 0.000146231759572, 0.000140457326779, 0.000110794280772, 0.000105959225039, 7.77059249231e-05, 6.35254546069e-05, 9.14376723813e-05, 5.77515929763e-05, 4.14666537836e-05, 4.0061018808e-05, 3.49868350895e-05, 7.12654727977e-05, 3.49370857293e-05],
        "mean": [0.00595910660923, 0.00323393545114, 0.000816381536424, 0.000371945468942, 0.000314715667628, 0.000416513648815, 0.000455587287433, 0.000218520537601, 0.000315316894557, 0.000238271633862, 0.000141133336001, 0.000160884228535, 9.22670369619e-05, 6.58549543004e-05, 5.66834351048e-05, 5.80048945267e-05, 4.48402061011e-05, 4.41456686531e-05, 4.26473270636e-05, 2.33941264014e-05, 2.01919156098e-05, 2.04613406822e-05, 1.4580557945e-05, 1.18673087854e-05, 1.14847889563e-05, 1.01979094325e-05, 9.02061947272e-06, 7.53859694669e-06, 6.86196426614e-06, 6.6981983764e-06, 5.26376152266e-06, 4.09445010519e-06, 3.16894056596e-06, 3.25637734022e-06, 2.8536744594e-06, 2.66308597929e-06, 2.32865409089e-06, 2.21516211241e-06, 1.89538536688e-06, 1.48582364545e-06],
        "median": [0.0019046565285, 0.00133495940827, 0.000240849825786, 0.000165126271895, 0.000121468896396, 0.000178034621058, 0.000212604325498, 6.50162546663e-05, 6.93395923008e-05, 7.06136997906e-05, 4.10327193094e-05, 4.53296015621e-05, 3.08607777697e-05, 1.71732426679e-05, 2.05391115742e-05, 1.29841646412e-05, 1.31718406919e-05, 9.80910226644e-06, 1.04579075924e-05, 5.27863676325e-06, 6.07464335189e-06, 6.57934515402e-06, 3.81963309337e-06, 3.16925252264e-06, 3.30725106323e-06, 3.81600148103e-06, 3.1757913348e-06, 2.34330900639e-06, 2.686354037e-06, 2.40051144829e-06, 1.66314930539e-06, 1.18401067084e-06, 6.72349528941e-07, 5.57406110602e-07, 6.57480768496e-07, 7.38923972676e-07, 9.06039531401e-07, 1.15840043691e-06, 9.86217855825e-07, 7.57654788686e-07],
        "min": [4.40195508052e-24, 3.2824370132e-24, 2.16491160853e-24, 1.79598483177e-24, 1.73210662276e-24, 3.70709286861e-24, 4.85664977312e-24, 5.71566802295e-24, 3.6820883445e-24, 4.65969132104e-24, 3.60181701423e-24, 2.19987727651e-24, 3.36565769719e-24, 4.32547501576e-24, 4.50492706663e-24, 2.62041744736e-24, 3.24549544587e-24, 4.31708074687e-24, 5.24100449982e-24, 6.19435552556e-24, 5.47161378597e-24, 5.07675103758e-24, 4.52054020167e-24, 4.95591726842e-24, 5.14435799488e-24, 5.74514381068e-24, 5.6107578056e-24, 6.60722639069e-24, 8.27482667394e-24, 5.49630789332e-24, 7.63936687148e-24, 8.01207682793e-24, 7.04789237538e-24, 6.28111444791e-24, 5.74875127159e-24, 7.12525990866e-24, 7.42597053029e-24, 7.20390539661e-24, 7.76407946971e-24, 7.07993827194e-24],
        "var": [8.77804122865e-05, 2.8883367122e-05, 3.90186642107e-06, 4.3162106067e-07, 3.00854992474e-07, 4.7008461479e-07, 4.26758901995e-07, 1.73630695599e-07, 5.20313221841e-07, 2.69063178848e-07, 6.74505855613e-08, 1.13886187592e-07, 4.39846417066e-08, 2.48456064611e-08, 1.34505633298e-08, 1.84873094611e-08, 1.05834931929e-08, 1.72709579971e-08, 1.93733598053e-08, 4.579701951e-09, 1.69963798591e-09, 1.50566581425e-09, 1.02167707627e-09, 5.60327506616e-10, 5.85088755223e-10, 2.72442374216e-10, 2.08682890412e-10, 1.5418369359e-10, 1.0715908022e-10, 1.15447533477e-10, 7.87591034057e-11, 4.90567308997e-11, 3.41958267258e-11, 4.22405790901e-11, 2.8051234946e-11, 2.10972992548e-11, 1.35887169572e-11, 9.68775493854e-12, 8.15103193275e-12, 4.92914606701e-12]
    },
    "mfcc": {
        "mean": [-659.741577148, 109.341178894, 12.446975708, 10.7364463806, 0.157054960728, 0.478367388248, 5.40361690521, -1.46989262104, 4.43239116669, 3.66026759148, 0.240970209241, 5.73173427582, 0.676379680634],
        "cov": [[11966.8525391, -393.356719971, -24.5552864075, 416.299224854, 221.739807129, 515.163513184, 246.973739624, 398.428710938, 191.280105591, 391.143188477, 141.061782837, -252.191467285, -3.23494005203], [-393.356719971, 2316.29077148, 567.463806152, 123.247642517, 166.246765137, 201.840179443, 338.925170898, -46.9097251892, 53.5105361938, 128.537658691, 117.33404541, 61.9787483215, 32.0848922729], [-24.5552864075, 567.463806152, 1284.85632324, 168.229125977, 291.399688721, 205.76890564, 307.889373779, 115.705284119, 128.451644897, 197.1459198, 195.453384399, 169.548370361, 143.289169312], [416.299224854, 123.247642517, 168.229125977, 537.972961426, 284.605438232, 126.550987244, 136.488525391, 214.940948486, 108.771606445, 76.3860473633, 55.1376037598, 76.3952865601, 29.7792282104], [221.739807129, 166.246765137, 291.399688721, 284.605438232, 385.544006348, 180.601547241, 155.085571289, 171.65435791, 115.181976318, 102.292312622, 82.031791687, 90.4856338501, 46.434715271], [515.163513184, 201.840179443, 205.76890564, 126.550987244, 180.601547241, 440.351989746, 175.736068726, 127.905654907, 56.3435745239, 121.565055847, 94.2123641968, -17.3947982788, 24.6198062897], [246.973739624, 338.925170898, 307.889373779, 136.488525391, 155.085571289, 175.736068726, 373.964569092, 73.3994064331, 125.275680542, 114.975410461, 90.4638290405, 79.6031341553, 61.6420593262], [398.428710938, -46.9097251892, 115.705284119, 214.940948486, 171.65435791, 127.905654907, 73.3994064331, 276.7472229, 85.3335189819, 62.7715568542, 64.1444702148, 41.8033103943, 40.7832984924], [191.280105591, 53.5105361938, 128.451644897, 108.771606445, 115.181976318, 56.3435745239, 125.275680542, 85.3335189819, 212.668930054, 96.5886535645, 61.1922187805, 75.1988601685, 32.5697479248], [391.143188477, 128.537658691, 197.1459198, 76.3860473633, 102.292312622, 121.565055847, 114.975410461, 62.7715568542, 96.5886535645, 191.135040283, 103.452766418, 43.3408813477, 36.6742591858], [141.061782837, 117.33404541, 195.453384399, 55.1376037598, 82.031791687, 94.2123641968, 90.4638290405, 64.1444702148, 61.1922187805, 103.452766418, 166.299209595, 80.5852966309, 64.5079193115], [-252.191467285, 61.9787483215, 169.548370361, 76.3952865601, 90.4856338501, -17.3947982788, 79.6031341553, 41.8033103943, 75.1988601685, 43.3408813477, 80.5852966309, 184.075302124, 69.4387741089], [-3.23494005203, 32.0848922729, 143.289169312, 29.7792282104, 46.434715271, 24.6198062897, 61.6420593262, 40.7832984924, 32.5697479248, 36.6742591858, 64.5079193115, 69.4387741089, 138.2915802]],
