{
"lowlevel": {
    "average_loudness": 0.579876601696,
    "barkbands_crest": {
        "dmean": 2.82414937019,
        "dmean2": 4.38280773163,
        "dvar": 7.59887313843,
        "dvar2": 17.4786472321,
        "max": 26.9140434265,
        "mean": 13.1527643204,
        "median": 12.1372423172,
        "min": 2.22834730148,
        "var": 33.1165771484
    },
    "barkbands_flatness_db": {
        "dmean": 0.0264412127435,
        "dmean2": 0.0382001027465,
        "dvar": 0.000748774560634,
        "dvar2": 0.00153043621685,
        "max": 0.572788059711,
        "mean": 0.177229091525,
        "median": 0.163527488708,
        "min": 0.0221573933959,
        "var": 0.00578186148778
    },
    "barkbands_kurtosis": {
        "dmean": 8.48572826385,
        "dmean2": 13.0476484299,
        "dvar": 770.12701416,
        "dvar2": 1912.10510254,
        "max": 1190.17028809,
        "mean": 13.5556621552,
        "median": 4.10698843002,
        "min": -1.89917719364,
        "var": 1531.1027832
    },
    "barkbands_skewness": {
        "dmean": 0.811509788036,
        "dmean2": 1.18050920963,
        "dvar": 1.17271506786,
        "dvar2": 2.52407765388,
        "max": 31.3878383636,
        "mean": 2.33327531815,
        "median": 1.80664610863,
        "min": -2.33335161209,
        "var": 4.97283363342
    },
    "barkbands_spread": {
        "dmean": 5.36188030243,
        "dmean2": 7.86496448517,
        "dvar": 43.3849105835,
        "dvar2": 84.7937927246,
        "max": 80.2613220215,
        "mean": 17.7660198212,
        "median": 14.4259090424,
        "min": 0.104806274176,
        "var": 178.745788574
    },
    "dissonance": {
        "dmean": 0.0272069033235,
        "dmean2": 0.0455685146153,
        "dvar": 0.000765625736676,
        "dvar2": 0.00205405964516,
        "max": 0.500000178814,
        "mean": 0.443410038948,
        "median": 0.456788122654,
        "min": 0.124733813107,
        "var": 0.0023229974322
    },
    "dynamic_complexity": 4.2362818718,
    "erbbands_crest": {
        "dmean": 3.02501106262,
        "dmean2": 4.8552107811,
        "dvar": 8.0572052002,
        "dvar2": 19.4236011505,
        "max": 32.1163749695,
        "mean": 10.4648447037,
        "median": 9.23786640167,
        "min": 2.53318548203,
        "var": 27.0818805695
    },
    "erbbands_flatness_db": {
        "dmean": 0.0200201775879,
        "dmean2": 0.028790473938,
        "dvar": 0.000366594438674,
        "dvar2": 0.00072157435352,
        "max": 0.538589298725,
        "mean": 0.185107007623,
        "median": 0.1736523211,
        "min": 0.0445985049009,
        "var": 0.00513163488358
    },
    "erbbands_kurtosis": {
        "dmean": 2.44991326332,
        "dmean2": 3.72671914101,
        "dvar": 31.9761791229,
        "dvar2": 73.0706939697,
        "max": 157.332855225,
        "mean": 3.71952033043,
        "median": 0.675453424454,
        "min": -1.85701453686,
        "var": 118.8854599
    },
    "erbbands_skewness": {
        "dmean": 0.485649049282,
        "dmean2": 0.717190027237,
        "dvar": 0.240468814969,
        "dvar2": 0.515716671944,
        "max": 9.41396999359,
        "mean": 0.96922904253,
        "median": 0.722782552242,
        "min": -3.87533116341,
        "var": 1.6654869318
    },
    "erbbands_spread": {
        "dmean": 8.96802616119,
        "dmean2": 13.2990818024,
        "dvar": 104.162078857,
        "dvar2": 204.143981934,
        "max": 148.276046753,
        "mean": 35.155330658,
        "median": 32.2413597107,
        "min": 0.586083352566,
        "var": 464.441497803
    },
    "hfc": {
        "dmean": 7.45651578903,
        "dmean2": 10.5941400528,
        "dvar": 148.807220459,
        "dvar2": 300.3359375,
        "max": 180.237014771,
        "mean": 21.4452342987,
        "median": 14.4787092209,
        "min": 1.10394770163e-16,
        "var": 483.185699463
    },
    "melbands_crest": {
        "dmean": 3.19765424728,
        "dmean2": 4.99731206894,
        "dvar": 10.4614124298,
        "dvar2": 24.8873958588,
        "max": 38.1622047424,
        "mean": 17.6979198456,
        "median": 15.8083457947,
        "min": 1.69472002983,
        "var": 68.0132675171
    },
    "melbands_flatness_db": {
        "dmean": 0.029822556302,
        "dmean2": 0.0420996397734,
        "dvar": 0.000971393659711,
        "dvar2": 0.0019224898424,
        "max": 0.607953310013,
        "mean": 0.22736556828,
        "median": 0.215624079108,
        "min": 0.00285693607293,
        "var": 0.00809950567782
    },
    "melbands_kurtosis": {
        "dmean": 14.8325252533,
        "dmean2": 23.1712265015,
        "dvar": 1784.31140137,
        "dvar2": 4499.35546875,
        "max": 1154.73815918,
        "mean": 25.6783409119,
        "median": 10.1143283844,
        "min": -1.65968132019,
        "var": 2539.6262207
    },
    "melbands_skewness": {
        "dmean": 1.01248776913,
        "dmean2": 1.50495970249,
        "dvar": 1.91578042507,
        "dvar2": 4.234167099,
        "max": 28.5672607422,
        "mean": 3.17092132568,
        "median": 2.48241090775,
        "min": -1.45925223827,
        "var": 6.5921459198
    },
    "melbands_spread": {
        "dmean": 6.51449346542,
        "dmean2": 9.41599273682,
        "dvar": 84.2438735962,
        "dvar2": 162.073501587,
        "max": 170.675369263,
        "mean": 19.1240196228,
        "median": 14.0671710968,
        "min": 0.265839844942,
        "var": 345.766082764
    },
    "pitch_salience": {
        "dmean": 0.0802358016372,
        "dmean2": 0.127502202988,
        "dvar": 0.00741517730057,
        "dvar2": 0.0175337903202,
        "max": 0.959381043911,
        "mean": 0.494459480047,
        "median": 0.528448998928,
        "min": 0.0255162455142,
        "var": 0.031335901469
    },
    "silence_rate_20dB": {
        "dmean": 0,
        "dmean2": 0,
        "dvar": 0,
        "dvar2": 0,
        "max": 1,
        "mean": 1,
        "median": 1,
        "min": 1,
        "var": 0
    },
    "silence_rate_30dB": {
        "dmean": 0.0363984666765,
        "dmean2": 0.0728068947792,
        "dvar": 0.035074736923,
        "dvar2": 0.0817436724901,
        "max": 1,
        "mean": 0.912436723709,
        "median": 1,
        "min": 0,
        "var": 0.0798935741186
    },
    "silence_rate_60dB": {
        "dmean": 0.0279146134853,
        "dmean2": 0.0558368675411,
        "dvar": 0.0271344911307,
        "dvar2": 0.0595586150885,
        "max": 1,
        "mean": 0.134628534317,
        "median": 0,
        "min": 0,
        "var": 0.116504557431
    },
    "spectral_centroid": {
        "dmean": 266.011016846,
        "dmean2": 381.48059082,
        "dvar": 98642.828125,
        "dvar2": 188117.921875,
        "max": 11664.2509766,
        "mean": 1360.46887207,
        "median": 1229.1048584,
        "min": 158.605514526,
        "var": 871692
    },
    "spectral_complexity": {
        "dmean": 3.53721952438,
        "dmean2": 5.30286026001,
        "dvar": 22.6853065491,
        "dvar2": 43.4256248474,
        "max": 64,
        "mean": 15.4736623764,
        "median": 13,
        "min": 0,
        "var": 114.861190796
    },
    "spectral_decrease": {
        "dmean": 2.61187826922e-09,
        "dmean2": 4.01883681889e-09,
        "dvar": 2.22554747061e-17,
        "dvar2": 4.87402246225e-17,
        "max": 1.75598733054e-28,
        "mean": -9.22366805156e-09,
        "median": -4.81601292179e-09,
        "min": -6.71255975249e-08,
        "var": 1.16071717324e-16
    },
    "spectral_energy": {
        "dmean": 0.0102916285396,
        "dmean2": 0.0158170349896,
        "dvar": 0.000327995890984,
        "dvar2": 0.000718176190276,
        "max": 0.25559464097,
        "mean": 0.0367575064301,
        "median": 0.0199483726174,
        "min": 1.03730565233e-20,
        "var": 0.00172941153869
    },
    "spectral_energyband_high": {
        "dmean": 0.000559786509257,
        "dmean2": 0.00078027631389,
        "dvar": 1.35065840823e-06,
        "dvar2": 2.58479099102e-06,
        "max": 0.0183976702392,
        "mean": 0.00112010410521,
        "median": 0.000419051764766,
        "min": 7.25697022061e-21,
        "var": 3.19530772686e-06
    },
    "spectral_energyband_low": {
        "dmean": 0.00655107200146,
        "dmean2": 0.0101087028161,
        "dvar": 0.000325598637573,
        "dvar2": 0.000723859411664,
        "max": 0.247402653098,
        "mean": 0.0204336959869,
        "median": 0.000435733090853,
        "min": 2.83992260908e-23,
        "var": 0.0014885913115
    },
    "spectral_energyband_middle_high": {
        "dmean": 0.00255027646199,
        "dmean2": 0.00385149358772,
        "dvar": 2.01074744837e-05,
        "dvar2": 4.64051227027e-05,
        "max": 0.0808848887682,
        "mean": 0.005792143289,
        "median": 0.00298458104953,
        "min": 1.17394811451e-21,
        "var": 5.68696887058e-05
    },
    "spectral_energyband_middle_low": {
        "dmean": 0.0048149432987,
        "dmean2": 0.00778222410008,
        "dvar": 0.000115184775495,
        "dvar2": 0.000316259742249,
        "max": 0.153143048286,
        "mean": 0.00973307155073,
        "median": 0.00651416135952,
        "min": 1.92404121416e-22,
        "var": 0.000129362582811
    },
    "spectral_entropy": {
        "dmean": 0.19490391016,
        "dmean2": 0.278668045998,
        "dvar": 0.041044626385,
        "dvar2": 0.0821595042944,
        "max": 9.8183555603,
        "mean": 7.45260429382,
        "median": 7.5801858902,
        "min": 4.13968324661,
        "var": 0.441394656897
    },
    "spectral_flux": {
        "dmean": 0.0280545111746,
        "dmean2": 0.0431467629969,
        "dvar": 0.00158850348089,
        "dvar2": 0.00283502694219,
        "max": 0.504927158356,
        "mean": 0.0812733769417,
        "median": 0.0679831802845,
        "min": 6.52832857218e-11,
        "var": 0.00428958097473
    },
    "spectral_kurtosis": {
        "dmean": 1.67028999329,
        "dmean2": 2.63330030441,
        "dvar": 9.3861322403,
        "dvar2": 24.2488574982,
        "max": 84.1650009155,
        "mean": 4.5484161377,
        "median": 3.02158403397,
        "min": -1.24635267258,
        "var": 32.4025001526
    },
    "spectral_rms": {
        "dmean": 0.000799428671598,
        "dmean2": 0.0011858404614,
        "dvar": 1.22475864828e-06,
        "dvar2": 2.49101253758e-06,
        "max": 0.0157911572605,
        "mean": 0.00507156504318,
        "median": 0.00441155629233,
        "min": 3.18120334762e-12,
        "var": 1.01401146821e-05
    },
    "spectral_rolloff": {
        "dmean": 481.786590576,
        "dmean2": 774.578186035,
        "dvar": 836072,
        "dvar2": 1690368.5,
        "max": 19509.0820312,
        "mean": 1424.13598633,
        "median": 925.927734375,
        "min": 43.06640625,
        "var": 3592351.25
    },
    "spectral_skewness": {
        "dmean": 0.249321654439,
        "dmean2": 0.36889988184,
        "dvar": 0.0825160592794,
        "dvar2": 0.18595071137,
        "max": 7.29489612579,
        "mean": 1.6132787466,
        "median": 1.45257472992,
        "min": -0.0565276518464,
        "var": 0.526211321354
    },
    "spectral_spread": {
        "dmean": 601912.1875,
        "dmean2": 859440.875,
        "dvar": 726959587328,
        "dvar2": 1.3594156073e+12,
        "max": 43104752,
        "mean": 5336390.5,
        "median": 5082320,
        "min": 1006796.875,
        "var": 7.7192322089e+12
    },
    "spectral_strongpeak": {
        "dmean": 0.457809865475,
        "dmean2": 0.73605877161,
        "dvar": 0.745589792728,
        "dvar2": 1.75499784946,
        "max": 18.2831707001,
        "mean": 1.05123984814,
        "median": 0.65436321497,
        "min": 0,
        "var": 1.5558013916
    },
    "zerocrossingrate": {
        "dmean": 0.0112360808998,
        "dmean2": 0.012661232613,
        "dvar": 0.000221501599299,
        "dvar2": 0.000249203527346,
        "max": 0.83154296875,
        "mean": 0.0600938685238,
        "median": 0.05029296875,
        "min": 0.00244140625,
        "var": 0.00265322928317
    },
    "barkbands": {
        "dmean": [0.000662699225359, 0.00587137881666, 0.0016177422367, 0.000737119233236, 0.00125797966029, 0.00124917086214, 0.00131641130429, 0.000833676429465, 0.00108439091127, 0.000684747821651, 0.000892129377462, 0.000652695656754, 0.000440217758296, 0.000453887565527, 0.000282875756966, 0.000214204337681, 0.00012605068332, 0.000102862271888, 0.000186540055438, 0.000192719060578, 0.000180882649147, 0.000147127313539, 0.000108404819912, 8.41811124701e-05, 4.93676525366e-05, 2.33084865613e-05, 3.07776281261e-06],
        "dmean2": [0.000855456106365, 0.0089848395437, 0.00298436474986, 0.001370323007, 0.00220524636097, 0.00200713914819, 0.001991862664, 0.00130188139156, 0.00169173523318, 0.00111422326881, 0.00142167590093, 0.00104139966425, 0.000703077064827, 0.000711881264579, 0.000450417457614, 0.000340222235536, 0.000201013215701, 0.000155448055011, 0.000291126256343, 0.000290006923024, 0.000263888388872, 0.000218431057874, 0.000158766197274, 0.000121023411339, 7.23506309441e-05, 3.57945355063e-05, 5.04477384311e-06],
        "dvar": [4.64000459033e-06, 0.000304225133732, 7.77407331043e-05, 1.67346588569e-05, 2.24235263886e-05, 1.02676640381e-05, 7.58195665185e-06, 5.04930267198e-06, 7.48578440835e-06, 3.38125141752e-06, 4.54999508293e-06, 2.81748225461e-06, 1.80479992196e-06, 2.40826375375e-06, 5.82062455123e-07, 5.4435417951e-07, 1.59890490181e-07, 4.52548825081e-08, 1.31238365952e-07, 2.03379457275e-07, 1.96503918914e-07, 1.27747654233e-07, 5.89136561757e-08, 3.13301065091e-08, 1.02140749192e-08, 3.04084135649e-09, 9.74269831477e-11],
        "dvar2": [6.39713198325e-06, 0.000688274449203, 0.000221395166591, 4.91882201459e-05, 6.52453381917e-05, 2.51510173257e-05, 1.62752567121e-05, 1.13446294563e-05, 1.76873654709e-05, 8.34880665934e-06, 1.06038687591e-05, 6.36908771412e-06, 4.39704490418e-06, 5.46042610949e-06, 1.4118471654e-06, 1.29811724037e-06, 3.85751263821e-07, 9.48505771703e-08, 3.10716018248e-07, 4.80441656237e-07, 3.99930712547e-07, 2.47906655204e-07, 1.25134988593e-07, 6.32665688727e-08, 2.09845580912e-08, 6.58752874472e-09, 2.29441354804e-10],
        "max": [0.0362155511975, 0.240945011377, 0.103225313127, 0.0663603171706, 0.0814699456096, 0.0541784651577, 0.0644990280271, 0.0742899999022, 0.0461128540337, 0.0552679933608, 0.0611682906747, 0.0447631217539, 0.0290074702352, 0.0353507883847, 0.0199926644564, 0.026295395568, 0.0158248990774, 0.00376247707754, 0.00604384252802, 0.0100639471784, 0.00874435529113, 0.0118110515177, 0.00398326618597, 0.00285781850107, 0.00158656365238, 0.000900509941857, 0.000167620572029],
        "mean": [0.00211369758472, 0.0168356802315, 0.00126049248502, 0.000609806273133, 0.00167665060144, 0.00193415500689, 0.00256139063276, 0.00126054312568, 0.00153341621626, 0.000848903728183, 0.00125696451869, 0.000939592893701, 0.000602582818829, 0.000670212204568, 0.000408627121942, 0.000302385393297, 0.00017712044064, 0.000169630002347, 0.000286907452391, 0.000320948311128, 0.000293301913189, 0.000244168797508, 0.000183726631803, 0.000148267747136, 8.2327365817e-05, 3.24430729961e-05, 3.37682467944e-06],
        "median": [1.55832958626e-06, 5.93492004555e-05, 8.29580385471e-05, 0.00010270778148, 0.000606729299761, 0.000590297975577, 0.000801450572908, 0.000316472433042, 0.000370674912119, 0.000193395389942, 0.000317891681334, 0.000202072536922, 0.000112120083941, 8.38916603243e-05, 7.7304073784e-05, 6.08765658399e-05, 4.39457944594e-05, 4.72903557238e-05, 0.000103272534034, 8.35331738926e-05, 7.64208452892e-05, 5.57779458177e-05, 3.56087912223e-05, 6.49001667625e-05, 3.58202705684e-05, 8.0861054812e-06, 3.04762096448e-07],
        "min": [6.99102635096e-25, 5.67831703681e-24, 8.6056323391e-25, 1.46155395632e-24, 1.40304702233e-23, 1.39205582333e-23, 5.01909279959e-24, 1.10745989451e-23, 1.86835678504e-23, 2.17895877579e-23, 1.35722682551e-23, 3.70213874324e-23, 3.45103232643e-23, 1.8638607512e-23, 5.67858745833e-23, 6.15067905825e-23, 8.84148613031e-23, 9.58619228186e-23, 1.7389730574e-22, 2.03691824824e-22, 2.62305490125e-22, 3.40141423766e-22, 4.33144110768e-22, 5.90873478753e-22, 9.53902824471e-22, 1.3559751052e-21, 2.0172251246e-21],
        "var": [3.02329499391e-05, 0.00112367828842, 4.62268399133e-05, 9.08979473024e-06, 1.53951077664e-05, 1.65311030287e-05, 2.12738959817e-05, 1.04331529656e-05, 1.14435169962e-05, 4.71620251119e-06, 7.93337403593e-06, 6.07423999099e-06, 2.82389328277e-06, 4.58769773104e-06, 1.01317357348e-06, 7.12528049007e-07, 2.30020944514e-07, 1.01327053414e-07, 2.43590790205e-07, 3.86778708616e-07, 4.36652953795e-07, 2.47770287842e-07, 1.22858253349e-07, 6.19409092906e-08, 1.94355909144e-08, 4.81321915657e-09, 1.19992571435e-10]
    },
    "erbbands": {
        "dmean": [0.274241387844, 1.10318160057, 1.89716684818, 2.12814617157, 2.89678454399, 4.64672708511, 7.27494287491, 11.8778800964, 14.7041625977, 20.1322097778, 17.0776138306, 24.8276824951, 19.5049304962, 33.548412323, 28.2900543213, 20.7010688782, 19.534860611, 15.3806018829, 21.168970108, 12.4189586639, 10.6292066574, 6.61769723892, 5.60210418701, 7.72175312042, 10.2120018005, 7.58075046539, 7.3269701004, 7.08257627487, 5.49014472961, 4.09479236603, 2.95101356506, 2.07936429977, 1.24374246597, 0.681349515915, 0.297010362148, 0.119483791292, 0.0411757081747, 0.00783323589712, 0.000470696541015, 1.82529911399e-05],
        "dmean2": [0.394679158926, 1.70613276958, 3.27408289909, 3.90395021439, 5.30725717545, 7.99782705307, 11.8222990036, 19.2097396851, 22.7366352081, 30.4868793488, 26.2580490112, 38.8835487366, 31.248167038, 53.84349823, 45.4521255493, 33.4711799622, 31.2533760071, 23.7219734192, 33.7304611206, 19.7379589081, 16.5670757294, 10.3681707382, 8.50605487823, 11.9524745941, 15.4625940323, 11.2598762512, 10.8113651276, 10.5174341202, 8.21432971954, 5.93633317947, 4.36232280731, 2.97797226906, 1.81972110271, 0.994759082794, 0.444473803043, 0.186134546995, 0.062836676836, 0.0121002560481, 0.000772640225478, 2.80690728687e-05],
        "dvar": [0.634811460972, 15.3349123001, 95.4133758545, 136.241836548, 209.808761597, 265.289581299, 297.469848633, 1254.85327148, 1034.9309082, 1842.22021484, 1639.63134766, 4300.36816406, 2251.20532227, 7296.89990234, 6220.25878906, 2580.52856445, 3117.03222656, 1471.8873291, 4174.88085938, 1016.87628174, 1139.96765137, 252.775741577, 141.822998047, 255.964096069, 451.082977295, 323.963806152, 301.0234375, 338.573242188, 168.464508057, 87.0740280151, 46.2196807861, 20.7240123749, 7.32576036453, 1.8501778841, 0.451750129461, 0.0793027281761, 0.00966100860387, 0.0004465218517, 2.22879816647e-06, 1.12478526493e-09],
        "dvar2": [1.39541518688, 34.7009963989, 257.834320068, 393.85256958, 614.887512207, 765.584777832, 756.058654785, 3173.53735352, 2380.56298828, 4198.41943359, 3737.10791016, 10017.0185547, 5448.59228516, 17609.28125, 15323.7822266, 6119.59521484, 7484.17773438, 3355.15869141, 9684.06152344, 2501.28173828, 2698.10986328, 587.657958984, 295.82913208, 605.00579834, 1009.45379639, 754.537902832, 610.776611328, 729.793395996, 346.736694336, 175.877288818, 98.6274490356, 42.5627212524, 15.1952676773, 3.74113512039, 0.992781937122, 0.175752699375, 0.0211538318545, 0.000985005754046, 5.31613659405e-06, 2.47725551183e-09],
        "max": [11.6880292892, 56.3519020081, 123.631202698, 175.302719116, 245.279067993, 277.026611328, 353.252624512, 630.395019531, 707.216552734, 851.950744629, 1424.70153809, 1356.94226074, 1125.29675293, 2611.29785156, 1459.45227051, 1033.86767578, 1060.8236084, 618.494567871, 1417.97607422, 762.630249023, 1048.10949707, 400.981689453, 254.699493408, 380.839202881, 534.825195312, 652.33605957, 336.970489502, 409.907623291, 395.922698975, 191.289154053, 97.4089813232, 73.3252716064, 51.2116546631, 20.2427005768, 10.6651906967, 3.96061563492, 1.86134088039, 0.446334570646, 0.0219541806728, 0.000478106434457],
        "mean": [0.796620190144, 2.52115654945, 1.864762187, 1.79453611374, 2.83185458183, 6.54537010193, 11.8631668091, 17.5549182892, 27.9993667603, 37.2414627075, 27.6723632812, 35.0495185852, 27.0839881897, 48.1620254517, 40.6635093689, 31.5972537994, 29.1775474548, 23.8123054504, 32.9771347046, 19.3607063293, 15.9965229034, 10.0139293671, 9.45907592773, 12.4147796631, 16.8742733002, 13.3800601959, 11.8821439743, 11.3762397766, 9.06888961792, 6.78143405914, 5.05637121201, 3.6227786541, 2.13624572754, 1.14727628231, 0.462010771036, 0.174275130033, 0.0537953339517, 0.00977056939155, 0.000531718309503, 5.410488302e-05],
        "median": [0.000644845771603, 0.0199019853026, 0.127234086394, 0.345642000437, 0.82707208395, 2.08668470383, 4.29204654694, 5.21659040451, 9.43677043915, 14.0247430801, 9.8212928772, 8.76833438873, 8.1328086853, 13.6274518967, 12.4980783463, 9.12199878693, 6.79092788696, 5.50398874283, 5.81256818771, 4.56380748749, 3.77104568481, 2.84549736977, 2.73823189735, 4.26002883911, 5.81267356873, 3.78764653206, 3.13989949226, 3.02723050117, 2.25173950195, 1.26808428764, 1.08159279823, 1.21347653866, 1.03812372684, 0.538887441158, 0.160225003958, 0.0443108826876, 0.0129164457321, 0.00176186324097, 7.83302966738e-05, 3.15135730489e-05],
        "min": [1.93186027724e-22, 7.76154463874e-22, 1.44137090115e-21, 7.72960700546e-21, 1.2410813539e-20, 2.50728718799e-20, 5.09882207513e-20, 1.16492634072e-19, 1.93990397256e-19, 3.34574963937e-19, 2.41487857661e-19, 5.33110098273e-19, 6.903451903e-19, 8.46924896787e-19, 8.46772488759e-19, 1.4997916709e-18, 1.99286648602e-18, 1.53654992297e-18, 2.6585049288e-18, 3.24154897382e-18, 4.02601294557e-18, 4.8902839232e-18, 5.2760420834e-18, 6.1964285802e-18, 8.34073591315e-18, 9.48962443672e-18, 9.56223600525e-18, 1.05494950915e-17, 1.15234034826e-17, 1.20277206129e-17, 1.20171120215e-17, 1.02083203119e-17, 1.12793761029e-17, 7.94688544502e-18, 6.90979451714e-18, 4.21583807485e-18, 2.48394541772e-18, 1.05687905268e-18, 2.51980126744e-19, 2.82561181398e-20],
        "var": [2.55422282219, 34.6471786499, 67.8255615234, 78.0324401855, 117.784355164, 212.5597229, 450.831329346, 1826.95800781, 2430.10375977, 4099.77392578, 3588.07470703, 6608.34765625, 3280.11694336, 12392.1806641, 8971.38769531, 5011.27001953, 5341.84667969, 2585.24902344, 7980.52246094, 1623.5369873, 1673.98974609, 415.717254639, 329.624267578, 471.098419189, 963.132568359, 583.456848145, 636.118164062, 663.473510742, 319.937133789, 186.365997314, 92.0603866577, 42.6922416687, 12.7949733734, 3.53295898438, 0.768878340721, 0.130680918694, 0.0145540311933, 0.000637576857116, 2.70164787253e-06, 3.77772968463e-09]
    },
    "gfcc": {
        "mean": [-47.0459289551, 70.0535202026, -124.58782196, 8.38942909241, -85.9015197754, 5.93658399582, -38.5853881836, 6.96219015121, -26.3416042328, 6.50255250931, -8.95865440369, -1.26204168797, -6.83480358124],
        "cov": [[26662.8554688, -1353.59179688, -312.497344971, 1994.13891602, 650.369689941, 2098.98730469, -76.9528579712, 637.74786377, -597.454223633, 435.643096924, -379.832611084, 551.280151367, -48.8669776917], [-1353.59179688, 1798.7701416, 589.854309082, 163.795196533, 399.501403809, 105.383125305, 299.431488037, 74.338684082, 108.402511597, -93.3270797729, 163.526535034, -205.559082031, 73.4912948608], [-312.497344971, 589.854309082, 1825.79345703, 617.712280273, 592.207397461, 503.899230957, 231.012023926, 372.424713135, -16.7456684113, 64.2722930908, 67.0487136841, 11.3218402863, 9.23473167419], [1994.13891602, 163.795196533, 617.712280273, 1048.99621582, 664.034362793, 627.377380371, 299.550598145, 291.244750977, 245.442016602, 128.039779663, 53.1017341614, 113.113967896, 62.9260139465], [650.369689941, 399.501403809, 592.207397461, 664.034362793, 941.158447266, 603.645019531, 382.458099365, 267.994659424, 260.889526367, 162.134674072, 91.7836990356, 82.1976394653, 52.6185684204], [2098.98730469, 105.383125305, 503.899230957, 627.377380371, 603.645019531, 799.572387695, 342.30090332, 261.13571167, 179.277389526, 158.985671997, 75.1538009644, 119.721565247, 35.2755279541], [-76.9528579712, 299.431488037, 231.012023926, 299.550598145, 382.458099365, 342.30090332, 430.540649414, 175.293579102, 219.531066895, 102.703384399, 114.725158691, 56.3429298401, 60.7993469238], [637.74786377, 74.338684082, 372.424713135, 291.244750977, 267.994659424, 261.13571167, 175.293579102, 282.879547119, 102.407302856, 82.8948135376, 68.7308502197, 52.517578125, 38.2676849365], [-597.454223633, 108.402511597, -16.7456684113, 245.442016602, 260.889526367, 179.277389526, 219.531066895, 102.407302856, 429.691375732, 127.853179932, 92.650932312, 69.6309661865, 57.8106613159], [435.643096924, -93.3270797729, 64.2722930908, 128.039779663, 162.134674072, 158.985671997, 102.703384399, 82.8948135376, 127.853179932, 178.773529053, 69.9927902222, 53.9322547913, 17.7437019348], [-379.832611084, 163.526535034, 67.0487136841, 53.1017341614, 91.7836990356, 75.1538009644, 114.725158691, 68.7308502197, 92.650932312, 69.9927902222, 182.086883545, 27.6536617279, 41.3145904541], [551.280151367, -205.559082031, 11.3218402863, 113.113967896, 82.1976394653, 119.721565247, 56.3429298401, 52.517578125, 69.6309661865, 53.9322547913, 27.6536617279, 150.226867676, 20.3078899384], [-48.8669776917, 73.4912948608, 9.23473167419, 62.9260139465, 52.6185684204, 35.2755279541, 60.7993469238, 38.2676849365, 57.8106613159, 17.7437019348, 41.3145904541, 20.3078899384, 112.375976562]],
        "icov": [[0.000112647867354, -0.000135893045808, 0.000227711891057, -0.000230592486332, 0.000172688480234, -0.000368446373614, 0.000249061617069, -0.000314972596243, 0.000431840773672, -0.000438715389464, 0.000360858946806, -0.000340366910677, 3.15277429763e-05], [-0.000135893045808, 0.00147035741247, -0.000632473092992, 0.000375091651222, -0.00075485126581, 0.000581828993745, -0.000963312690146, 0.000908051850274, -0.000846154405735, 0.00194915255997, -0.00163774436805, 0.00232880515978, -0.000487165234517], [0.000227711891057, -0.000632473092992, 0.0014988926705, -0.000736387097277, 0.000166638230439, -0.00085178000154, 0.000760944210924, -0.0017193328822, 0.00144988752436, -0.00108695111703, 0.000854944810271, -0.000853649224155, 0.000430655170931], [-0.000230592486332, 0.000375091651222, -0.000736387097277, 0.00286862882785, -0.00112731510308, -0.000305501336697, -0.000118821204524, 7.84094154369e-05, -0.00159264635295, 0.00147946365178, -0.000337607838446, 0.000483780779177, -0.000607629015576], [0.000172688480234, -0.00075485126581, 0.000166638230439, -0.00112731510308, 0.00337671884336, -0.00149488530587, -0.000285585527308, -0.000651679525618, 0.000339415651979, -0.00181434024125, 0.00125014130026, -0.00092427409254, 0.000270173710305], [-0.000368446373614, 0.000581828993745, -0.00085178000154, -0.000305501336697, -0.00149488530587, 0.0048791533336, -0.00220285053365, 0.000634392024949, -0.00070583919296, 0.000477093737572, -0.000962411228102, 0.000249814940616, 0.000440956588136], [0.000249061617069, -0.000963312690146, 0.000760944210924, -0.000118821204524, -0.000285585527308, -0.00220285053365, 0.00619010301307, -0.00197159382515, -0.000305953493807, -0.00101265811827, -0.000100042656413, -0.00132697424851, -0.000516296480782], [-0.000314972596243, 0.000908051850274, -0.0017193328822, 7.84094154369e-05, -0.000651679525618, 0.000634392024949, -0.00197159382515, 0.00818088464439, -0.0013944550883, 0.000784848409239, -0.00216123252176, 0.00110486021731, -0.00105824007187], [0.000431840773672, -0.000846154405735, 0.00144988752436, -0.00159264635295, 0.000339415651979, -0.00070583919296, -0.000305953493807, -0.0013944550883, 0.00593833532184, -0.00376146123745, 0.00126756692771, -0.0022683814168, -0.000300232233712], [-0.000438715389464, 0.00194915255997, -0.00108695111703, 0.00147946365178, -0.00181434024125, 0.000477093737572, -0.00101265811827, 0.000784848409239, -0.00376146123745, 0.0123765710741, -0.00483903987333, 0.00213356968015, 0.000150124687934], [0.000360858946806, -0.00163774436805, 0.000854944810271, -0.000337607838446, 0.00125014130026, -0.000962411228102, -0.000100042656413, -0.00216123252176, 0.00126756692771, -0.00483903987333, 0.0100938314572, -0.00304622086696, -0.00119488732889], [-0.000340366910677, 0.00232880515978, -0.000853649224155, 0.000483780779177, -0.00092427409254, 0.000249814940616, -0.00132697424851, 0.00110486021731, -0.0022683814168, 0.00213356968015, -0.00304622086696, 0.0122511340305, -0.00143963634036], [3.15277429763e-05, -0.000487165234517, 0.000430655170931, -0.000607629015576, 0.000270173710305, 0.000440956588136, -0.000516296480782, -0.00105824007187, -0.000300232233712, 0.000150124687934, -0.00119488732889, -0.00143963634036, 0.0107408417389]]
    },
    "melbands": {
        "dmean": [0.00191500515211, 0.0010405635694, 0.000384351413231, 0.000267328083282, 0.000244627415668, 0.000253761856584, 0.00024520495208, 0.000217903769226, 0.000139221330755, 0.000165154080605, 9.89419495454e-05, 0.000134114830871, 9.77781892288e-05, 7.6108299254e-05, 4.81476745335e-05, 4.65773664473e-05, 3.06206093228e-05, 4.10907305195e-05, 2.46259241976e-05, 1.61888619914e-05, 1.20597142086e-05, 7.7343911471e-06, 5.45655620954e-06, 4.73048839922e-06, 6.80211996951e-06, 7.68013705965e-06, 8.73876069818e-06, 4.76480090583e-06, 4.6608829507e-06, 4.67766949441e-06, 4.16157217842e-06, 3.53538348463e-06, 2.60690853793e-06, 2.29225292969e-06, 1.85522026186e-06, 1.55376983457e-06, 1.23667803109e-06, 9.46404895785e-07, 7.27697113234e-07, 5.66236451505e-07],
        "dmean2": [0.00284325424582, 0.0016757696867, 0.000701637705788, 0.00047454595915, 0.000401111261453, 0.000407955754781, 0.000376081181457, 0.00033137697028, 0.000215618478251, 0.000259596155956, 0.000159419898409, 0.000214710264117, 0.000157254442456, 0.000121171447972, 7.95692103566e-05, 7.24158671801e-05, 4.74253538414e-05, 6.5625870775e-05, 3.95128590753e-05, 2.59578191617e-05, 1.89610109373e-05, 1.22744822875e-05, 8.49616026244e-06, 7.24371921024e-06, 1.07262749225e-05, 1.19895466923e-05, 1.33476696647e-05, 7.28105169401e-06, 7.02749593984e-06, 7.02887427906e-06, 6.27246527074e-06, 5.37359710506e-06, 3.93214986616e-06, 3.40024621437e-06, 2.78967422673e-06, 2.31486023949e-06, 1.80996789823e-06, 1.40426891448e-06, 1.08299684598e-06, 8.42721760819e-07],
        "dvar": [3.01018353639e-05, 1.93013365788e-05, 4.30375166616e-06, 1.25190945255e-06, 3.55241979832e-07, 4.99856696479e-07, 2.6337514214e-07, 2.31506959381e-07, 1.09181122809e-07, 1.97746473418e-07, 6.18198612301e-08, 1.13275042679e-07, 6.22483824486e-08, 4.29364135357e-08, 2.72819207225e-08, 2.73719216182e-08, 6.79363365563e-09, 2.09037569476e-08, 5.42123990144e-09, 3.99246236071e-09, 1.75444081485e-09, 4.29549784631e-10, 1.72013667199e-10, 8.53673173817e-11, 2.21945073431e-10, 2.34090136164e-10, 5.01283514698e-10, 1.35798747247e-10, 1.11637199485e-10, 1.63247235174e-10, 1.25017163288e-10, 8.8513266161e-11, 4.05636114975e-11, 2.79807583353e-11, 1.83459133302e-11, 1.24400646034e-11, 7.12656409579e-12, 4.21430295175e-12, 1.97194170715e-12, 1.34883727451e-12],
        "dvar2": [6.71898087603e-05, 4.60482624476e-05, 1.2398927538e-05, 3.64556262866e-06, 9.52549896738e-07, 1.25145732e-06, 5.88819830227e-07, 5.26927237843e-07, 2.49610536684e-07, 4.65452245635e-07, 1.48840072711e-07, 2.75885156498e-07, 1.53346860543e-07, 9.71735971689e-08, 6.27742480219e-08, 6.59711361095e-08, 1.5590021718e-08, 4.79073172244e-08, 1.31383002255e-08, 9.78347713954e-09, 4.11391853916e-09, 1.02415187442e-09, 3.93532262333e-10, 1.85550630416e-10, 5.41683697897e-10, 5.56866441848e-10, 1.17342302541e-09, 3.27306431958e-10, 2.26000940184e-10, 3.68565011843e-10, 2.64540722661e-10, 1.86879567377e-10, 8.41464328771e-11, 6.04678598859e-11, 4.08398696805e-11, 2.72794824924e-11, 1.47170192699e-11, 8.92163946886e-12, 3.96376681477e-12, 2.90662155802e-12],
        "max": [0.0781500414014, 0.0586299523711, 0.0306070372462, 0.0194859337062, 0.0100516732782, 0.0125104282051, 0.0118708992377, 0.0107000190765, 0.00930205918849, 0.00902490038425, 0.00654374714941, 0.00974785070866, 0.00462252181023, 0.00630488106981, 0.00386311789043, 0.00384066393599, 0.00163926859386, 0.00325607392006, 0.00190702429973, 0.00259039225057, 0.00136957305949, 0.000629357644357, 0.000271484692348, 0.000135340262204, 0.0003801016137, 0.000222541420953, 0.000589042378124, 0.000457245740108, 0.000167864927789, 0.000372283335309, 0.000299472652841, 0.00033674298902, 0.000196784647414, 7.08934167051e-05, 5.63411231269e-05, 7.18284863979e-05, 4.02920413762e-05, 3.96094728785e-05, 2.32814254559e-05, 2.20621313929e-05],
        "mean": [0.00575867993757, 0.00172089610714, 0.000337177509209, 0.000324533379171, 0.00039900635602, 0.000386289466405, 0.000475285458378, 0.000394629110815, 0.00021652597934, 0.000227489741519, 0.000130778091261, 0.000188589096069, 0.000139777868753, 0.00011144427117, 6.71249945299e-05, 6.34072202956e-05, 4.42156342615e-05, 6.09672460996e-05, 3.51540220436e-05, 2.20857382374e-05, 1.70427356352e-05, 1.07635760287e-05, 8.25363713375e-06, 7.60942339184e-06, 1.01922487374e-05, 1.15332404675e-05, 1.33471348818e-05, 7.8083412518e-06, 7.28981194698e-06, 6.96191546012e-06, 6.39097424937e-06, 5.44118074686e-06, 4.14051555708e-06, 3.59295904673e-06, 2.9555637866e-06, 2.54836299973e-06, 2.06917684409e-06, 1.54647352701e-06, 1.20990500818e-06, 8.8816062771e-07],
        "median": [1.1096799426e-05, 5.70855481783e-05, 7.03915575286e-05, 0.000102699937997, 0.000162068128702, 0.000113993490231, 0.000160226481967, 0.000145741127199, 6.47485576337e-05, 5.13431550644e-05, 3.25689288729e-05, 4.96614884469e-05, 4.11126056861e-05, 2.40686349571e-05, 1.2825081285e-05, 1.00227480289e-05, 8.15439852886e-06, 8.03661714599e-06, 5.79161769565e-06, 4.22646553488e-06, 3.62335049431e-06, 2.59891430687e-06, 2.19987100536e-06, 2.13514636016e-06, 3.17235230796e-06, 4.23587243858e-06, 3.51535913978e-06, 2.03947888622e-06, 1.85604449143e-06, 1.67489645264e-06, 1.61715706781e-06, 1.24900043375e-06, 7.1527728096e-07, 5.21878860127e-07, 5.73045326746e-07, 6.06662638347e-07, 7.2690096431e-07, 7.09657967946e-07, 5.71482189571e-07, 3.85530654512e-07],
        "min": [2.19099292778e-24, 1.19183639776e-24, 1.72888018166e-24, 2.09543228988e-24, 1.94308194983e-24, 2.55563895084e-24, 3.17654032529e-24, 3.60720730079e-24, 1.75365080851e-24, 2.77499986934e-24, 3.6192102139e-24, 3.45813270566e-24, 2.38646989908e-24, 3.70406009286e-24, 3.35344415822e-24, 3.03673464858e-24, 2.3773672331e-24, 2.90989804236e-24, 3.86964002472e-24, 3.99641549421e-24, 4.3934464268e-24, 4.77318473948e-24, 4.1204993703e-24, 5.43209382677e-24, 3.83057129396e-24, 5.84701928013e-24, 5.91442152802e-24, 5.654963993e-24, 4.92881319101e-24, 4.95963122557e-24, 5.38347909019e-24, 5.35193530361e-24, 6.55559662773e-24, 5.11752686334e-24, 6.66559223691e-24, 5.33057847232e-24, 6.5839202841e-24, 7.80476733748e-24, 7.20925387355e-24, 6.53131312249e-24],
        "var": [0.000127306848299, 2.42903115577e-05, 2.47888169724e-06, 8.15417365629e-07, 4.43626902324e-07, 7.58916826271e-07, 6.7645675017e-07, 4.93834932058e-07, 2.2255893839e-07, 2.99482650234e-07, 8.99388936659e-08, 1.90047927617e-07, 8.84535467094e-08, 9.79507532861e-08, 4.44463594818e-08, 4.2196933947e-08, 1.14724789668e-08, 3.96413675219e-08, 9.47946254826e-09, 4.66113014852e-09, 2.53095855385e-09, 6.33242291936e-10, 3.19252513314e-10, 1.83973530854e-10, 3.64776653328e-10, 3.88765242221e-10, 9.54227918903e-10, 2.13145598393e-10, 2.19785203925e-10, 3.05579311854e-10, 2.37052655283e-10, 1.51438375728e-10, 7.6629397272e-11, 5.51331862109e-11, 3.34699178095e-11, 2.37607815368e-11, 1.41814320703e-11, 7.17052415708e-12, 3.71829737139e-12, 2.34436038291e-12]
    },
    "mfcc": {
        "mean": [-679.052062988, 101.429519653, 4.39851379395, -1.47769677639, -20.0068454742, -10.2427797318, -2.33693933487, -8.79696846008, -6.39371347427, 0.128335013986, -4.10613775253, -1.27638924122, 1.30418300629],
        "cov": [[14233.2734375, -491.208953857, -563.873535156, 754.510742188, 553.865600586, 1091.55297852, 381.595947266, 496.253997803, 209.016937256, 295.222229004, 5.36295938492, -52.9934806824, 20.0605125427], [-491.208953857, 1661.4831543, 479.997283936, 108.49344635, 248.644638062, 20.6818237305, 392.02532959, 32.5149154663, 76.4956359863, 43.029800415, 61.2195663452, -0.341535180807, -29.1777915955], [-563.873535156, 479.997283936, 1117.31506348, 309.481018066, 379.773376465, 120.24609375, 326.021850586, 174.84765625, 131.673599243, 84.267364502, 107.661560059, 40.2463378906, 37.4733657837], [754.510742188, 108.49344635, 309.481018066, 581.406738281, 442.466918945, 331.38092041, 250.009063721, 251.598373413, 203.962860107, 166.991516113, 124.368232727, 94.5930175781, 71.0824584961], [553.865600586, 248.644638062, 379.773376465, 442.466918945, 698.332519531, 439.468231201, 314.966705322, 306.479675293, 236.222427368, 224.026016235, 185.534484863, 99.3876571655, 81.1706848145], [1091.55297852, 20.6818237305, 120.24609375, 331.38092041, 439.468231201, 698.770507812, 248.137329102, 359.04864502, 236.53855896, 261.506347656, 217.90083313, 92.8298339844, 124.805099487], [381.595947266, 392.02532959, 326.021850586, 250.009063721, 314.966705322, 248.137329102, 481.382720947, 191.142852783, 146.939285278, 128.705718994, 118.907409668, 73.4930801392, 44.1082038879], [496.253997803, 32.5149154663, 174.84765625, 251.598373413, 306.479675293, 359.04864502, 191.142852783, 383.718231201, 192.586883545, 172.396575928, 165.871856689, 82.3297424316, 96.3937530518], [209.016937256, 76.4956359863, 131.673599243, 203.962860107, 236.222427368, 236.53855896, 146.939285278, 192.586883545, 259.985534668, 165.292053223, 109.707794189, 78.4427108765, 71.8452835083], [295.222229004, 43.029800415, 84.267364502, 166.991516113, 224.026016235, 261.506347656, 128.705718994, 172.396575928, 165.292053223, 252.241744995, 135.173461914, 81.6288909912, 76.6155548096], [5.36295938492, 61.2195663452, 107.661560059, 124.368232727, 185.534484863, 217.90083313, 118.907409668, 165.871856689, 109.707794189, 135.173461914, 240.026031494, 81.3409118652, 78.1304855347], [-52.9934806824, -0.341535180807, 40.2463378906, 94.5930175781, 99.3876571655, 92.8298339844, 73.4930801392, 82.3297424316, 78.4427108765, 81.6288909912, 81.3409118652, 167.573501587, 67.9769363403], [20.0605125427, -29.1777915955, 37.4733657837, 71.0824584961, 81.1706848145, 124.805099487, 44.1082038879, 96.3937530518, 71.8452835083, 76.6155548096, 78.1304855347, 67.9769363403, 139.885040283]],
