{
"lowlevel": {
    "average_loudness": 0.929042816162,
    "barkbands_crest": {
        "dmean": 2.87669801712,
        "dmean2": 4.17078828812,
        "dvar": 8.70759391785,
        "dvar2": 17.1396827698,
        "max": 26.8680095673,
        "mean": 13.4941902161,
        "median": 11.9399557114,
        "min": 1.89327275753,
        "var": 51.7395362854
    },
    "barkbands_flatness_db": {
        "dmean": 0.0369796194136,
        "dmean2": 0.0535391420126,
        "dvar": 0.00193084427156,
        "dvar2": 0.00381260085851,
        "max": 0.730553805828,
        "mean": 0.177709743381,
        "median": 0.134583577514,
        "min": 0.0156607907265,
        "var": 0.0184942204505
    },
    "barkbands_kurtosis": {
        "dmean": 38.79246521,
        "dmean2": 55.4484138489,
        "dvar": 53050.3476562,
        "dvar2": 112546.148438,
        "max": 8464.80566406,
        "mean": 48.3883323669,
        "median": 3.37332868576,
        "min": -1.89974176884,
        "var": 65160.5664062
    },
    "barkbands_skewness": {
        "dmean": 1.41727149487,
        "dmean2": 1.95648908615,
        "dvar": 7.63707542419,
        "dvar2": 13.7510843277,
        "max": 76.6886672974,
        "mean": 3.38930869102,
        "median": 1.82736611366,
        "min": -3.95792794228,
        "var": 23.3371086121
    },
    "barkbands_spread": {
        "dmean": 7.12937307358,
        "dmean2": 11.0277261734,
        "dvar": 82.1858520508,
        "dvar2": 185.598983765,
        "max": 132.18989563,
        "mean": 20.8811893463,
        "median": 18.7181968689,
        "min": 0.0130991889164,
        "var": 260.420898438
    },
    "dissonance": {
        "dmean": 0.0187113843858,
        "dmean2": 0.0312896110117,
        "dvar": 0.000602216576226,
        "dvar2": 0.00164792197756,
        "max": 0.500000238419,
        "mean": 0.465009689331,
        "median": 0.478751629591,
        "min": 0.13315948844,
        "var": 0.00215523480438
    },
    "dynamic_complexity": 4.39178180695,
    "erbbands_crest": {
        "dmean": 2.67301225662,
        "dmean2": 4.28264331818,
        "dvar": 7.83442831039,
        "dvar2": 17.0154895782,
        "max": 30.9753246307,
        "mean": 8.6852722168,
        "median": 7.08570432663,
        "min": 1.93570816517,
        "var": 26.3320407867
    },
    "erbbands_flatness_db": {
        "dmean": 0.0204769857228,
        "dmean2": 0.0303633902222,
        "dvar": 0.000450594583526,
        "dvar2": 0.00100581231527,
        "max": 0.575506269932,
        "mean": 0.14922735095,
        "median": 0.118318267167,
        "min": 0.0250152740628,
        "var": 0.00878274254501
    },
    "erbbands_kurtosis": {
        "dmean": 1.46310317516,
        "dmean2": 2.36380839348,
        "dvar": 17.9346179962,
        "dvar2": 42.9679527283,
        "max": 121.154174805,
        "mean": 0.986058115959,
        "median": -0.104348897934,
        "min": -1.87344455719,
        "var": 26.6145591736
    },
    "erbbands_skewness": {
        "dmean": 0.46328112483,
        "dmean2": 0.707785844803,
        "dvar": 0.33110961318,
        "dvar2": 0.734004557133,
        "max": 9.95149803162,
        "mean": 0.345484405756,
        "median": 0.244690611959,
        "min": -2.78905940056,
        "var": 1.07187211514
    },
    "erbbands_spread": {
        "dmean": 11.4072961807,
        "dmean2": 17.8349533081,
        "dvar": 181.065307617,
        "dvar2": 436.842498779,
        "max": 215.678497314,
        "mean": 44.8395767212,
        "median": 41.4636535645,
        "min": 0.96121442318,
        "var": 594.095581055
    },
    "hfc": {
        "dmean": 9.4074344635,
        "dmean2": 14.0760545731,
        "dvar": 173.883346558,
        "dvar2": 413.181915283,
        "max": 177.667312622,
        "mean": 24.0945148468,
        "median": 17.8983726501,
        "min": 1.1028102952e-16,
        "var": 497.728729248
    },
    "melbands_crest": {
        "dmean": 4.09594726562,
        "dmean2": 6.07127904892,
        "dvar": 15.8314886093,
        "dvar2": 36.185836792,
        "max": 39.4270706177,
        "mean": 19.5505599976,
        "median": 18.8845539093,
        "min": 1.69595706463,
        "var": 81.7914962769
    },
    "melbands_flatness_db": {
        "dmean": 0.0448064133525,
        "dmean2": 0.065710015595,
        "dvar": 0.0029852965381,
        "dvar2": 0.00602746056393,
        "max": 0.912432253361,
        "mean": 0.251494765282,
        "median": 0.204609155655,
        "min": 0.00350513542071,
        "var": 0.0266060903668
    },
    "melbands_kurtosis": {
        "dmean": 35.9566497803,
        "dmean2": 53.0611877441,
        "dvar": 8214.30761719,
        "dvar2": 17425.9550781,
        "max": 2129.24145508,
        "mean": 66.0442428589,
        "median": 11.4334745407,
        "min": -1.61527717113,
        "var": 19291.890625
    },
    "melbands_skewness": {
        "dmean": 1.57718729973,
        "dmean2": 2.33960747719,
        "dvar": 4.85226678848,
        "dvar2": 10.0930891037,
        "max": 36.7529258728,
        "mean": 4.81276655197,
        "median": 2.94105768204,
        "min": -1.39902293682,
        "var": 20.2735538483
    },
    "melbands_spread": {
        "dmean": 8.28269863129,
        "dmean2": 12.8137464523,
        "dvar": 151.722000122,
        "dvar2": 320.205352783,
        "max": 263.695373535,
        "mean": 21.2148609161,
        "median": 15.2241401672,
        "min": 0.133396863937,
        "var": 499.996276855
    },
    "pitch_salience": {
        "dmean": 0.093911215663,
        "dmean2": 0.142253533006,
        "dvar": 0.0121406987309,
        "dvar2": 0.0260375663638,
        "max": 0.95092266798,
        "mean": 0.445481777191,
        "median": 0.491081923246,
        "min": 0.00959010981023,
        "var": 0.051819652319
    },
    "silence_rate_20dB": {
        "dmean": 0,
        "dmean2": 0,
        "dvar": 0,
        "dvar2": 0,
        "max": 1,
        "mean": 1,
        "median": 1,
        "min": 1,
        "var": 0
    },
    "silence_rate_30dB": {
        "dmean": 0.0767307356,
        "dmean2": 0.153473466635,
        "dvar": 0.0708315074444,
        "dvar2": 0.151487797499,
        "max": 1,
        "mean": 0.860926628113,
        "median": 1,
        "min": 0,
        "var": 0.119721218944
    },
    "silence_rate_60dB": {
        "dmean": 0.0343803726137,
        "dmean2": 0.0687661170959,
        "dvar": 0.0331978350878,
        "dvar2": 0.0674653500319,
        "max": 1,
        "mean": 0.14813657105,
        "median": 0,
        "min": 0,
        "var": 0.126216560602
    },
    "spectral_centroid": {
        "dmean": 368.05645752,
        "dmean2": 559.043640137,
        "dvar": 168817.671875,
        "dvar2": 378043.96875,
        "max": 11493.3222656,
        "mean": 1489.85668945,
        "median": 1529.95910645,
        "min": 64.1382064819,
        "var": 782922.625
    },
    "spectral_complexity": {
        "dmean": 5.27816867828,
        "dmean2": 7.94795656204,
        "dvar": 38.0634346008,
        "dvar2": 78.2841262817,
        "max": 56,
        "mean": 18.1221961975,
        "median": 17,
        "min": 0,
        "var": 172.553512573
    },
    "spectral_decrease": {
        "dmean": 3.07672087807e-09,
        "dmean2": 4.57402737908e-09,
        "dvar": 2.2086802653e-17,
        "dvar2": 4.27664850574e-17,
        "max": 1.21160589839e-28,
        "mean": -1.21715668655e-08,
        "median": -9.71572866604e-09,
        "min": -4.99816330546e-08,
        "var": 1.18082719125e-16
    },
    "spectral_energy": {
        "dmean": 0.0118118738756,
        "dmean2": 0.0173637531698,
        "dvar": 0.000303202366922,
        "dvar2": 0.000579778687097,
        "max": 0.189682602882,
        "mean": 0.0481239296496,
        "median": 0.0401455610991,
        "min": 1.00568626952e-20,
        "var": 0.0017200311413
    },
    "spectral_energyband_high": {
        "dmean": 0.000637830467895,
        "dmean2": 0.000947878870647,
        "dvar": 8.99948986444e-07,
        "dvar2": 2.08204505725e-06,
        "max": 0.0199410822242,
        "mean": 0.00120667135343,
        "median": 0.000575020967517,
        "min": 6.9026283413e-21,
        "var": 2.27541272579e-06
    },
    "spectral_energyband_low": {
        "dmean": 0.0112436721101,
        "dmean2": 0.0172360185534,
        "dvar": 0.000443150347564,
        "dvar2": 0.000909531663638,
        "max": 0.188956663013,
        "mean": 0.0351452380419,
        "median": 0.0133481658995,
        "min": 2.24453567843e-23,
        "var": 0.00178174464963
    },
    "spectral_energyband_middle_high": {
        "dmean": 0.00261159334332,
        "dmean2": 0.0042280559428,
        "dvar": 1.82698895514e-05,
        "dvar2": 4.55469526059e-05,
        "max": 0.044760491699,
        "mean": 0.0052655916661,
        "median": 0.0028918327298,
        "min": 1.207219314e-21,
        "var": 4.07887491747e-05
    },
    "spectral_energyband_middle_low": {
        "dmean": 0.00590972322971,
        "dmean2": 0.0100633827969,
        "dvar": 0.000164609766216,
        "dvar2": 0.000446624646429,
        "max": 0.0972933396697,
        "mean": 0.0085463412106,
        "median": 0.00390041060746,
        "min": 2.47236378813e-22,
        "var": 0.000152501117554
    },
    "spectral_entropy": {
        "dmean": 0.257020205259,
        "dmean2": 0.40213483572,
        "dvar": 0.0973129719496,
        "dvar2": 0.239473164082,
        "max": 9.82083511353,
        "mean": 7.59966087341,
        "median": 7.89031600952,
        "min": 3.70984339714,
        "var": 0.853423655033
    },
    "spectral_flux": {
        "dmean": 0.0386033542454,
        "dmean2": 0.0526583343744,
        "dvar": 0.00194827863015,
        "dvar2": 0.00251281121746,
        "max": 0.428754389286,
        "mean": 0.0992323309183,
        "median": 0.0798462182283,
        "min": 6.3619838564e-11,
        "var": 0.0066641876474
    },
    "spectral_kurtosis": {
        "dmean": 6.27489566803,
        "dmean2": 10.5422182083,
        "dvar": 623.439147949,
        "dvar2": 1794.07580566,
        "max": 669.638244629,
        "mean": 17.9630241394,
        "median": 3.50555276871,
        "min": -1.33255791664,
        "var": 3604.484375
    },
    "spectral_rms": {
        "dmean": 0.000852364115417,
        "dmean2": 0.00117417494766,
        "dvar": 1.08715244096e-06,
        "dvar2": 1.79011067303e-06,
        "max": 0.0136035364121,
        "mean": 0.00597029132769,
        "median": 0.00625830655918,
        "min": 3.1323431262e-12,
        "var": 1.13058595161e-05
    },
    "spectral_rolloff": {
        "dmean": 586.327392578,
        "dmean2": 934.97467041,
        "dvar": 1225924.125,
        "dvar2": 2643988.25,
        "max": 19466.015625,
        "mean": 1474.82177734,
        "median": 861.328125,
        "min": 43.06640625,
        "var": 3990987
    },
    "spectral_skewness": {
        "dmean": 0.346626460552,
        "dmean2": 0.556544423103,
        "dvar": 0.489265739918,
        "dvar2": 1.31001162529,
        "max": 22.3821411133,
        "mean": 2.21524453163,
        "median": 1.54678630829,
        "min": -0.0716324821115,
        "var": 7.20057249069
    },
    "spectral_spread": {
        "dmean": 736258.3125,
        "dmean2": 1148934.125,
        "dvar": 859382480896,
        "dvar2": 1.99991335322e+12,
        "max": 51422236,
        "mean": 5440338,
        "median": 5631534.5,
        "min": 138969.453125,
        "var": 6.32888334746e+12
    },
    "spectral_strongpeak": {
        "dmean": 0.36235961318,
        "dmean2": 0.598803579807,
        "dvar": 0.644365131855,
        "dvar2": 1.57413911819,
        "max": 15.2670879364,
        "mean": 0.757681250572,
        "median": 0.611781716347,
        "min": 0,
        "var": 0.878252983093
    },
    "zerocrossingrate": {
        "dmean": 0.013733911328,
        "dmean2": 0.0155592570081,
        "dvar": 0.000292311131489,
        "dvar2": 0.000325570901623,
        "max": 0.77001953125,
        "mean": 0.0612535253167,
        "median": 0.0498046875,
        "min": 0.001953125,
        "var": 0.00318621168844
    },
    "barkbands": {
        "dmean": [0.000639437930658, 0.00913918949664, 0.00637655006722, 0.00373189593665, 0.00147066160571, 0.000557255989406, 0.000537486397661, 0.000569980416913, 0.000598672486376, 0.000766460900195, 0.000335850694682, 0.000390623463318, 0.000384052254958, 0.000326458452037, 0.000429773732321, 0.000249085278483, 0.0002437622461, 0.00027586746728, 0.000311224226607, 0.000137892973726, 0.000103242578916, 0.000111709006887, 9.72793714027e-05, 0.00012553849956, 0.000125671969727, 9.28320296225e-05, 1.34571446324e-05],
        "dmean2": [0.000686254934408, 0.0115168346092, 0.0108808223158, 0.00681250728667, 0.00250488403253, 0.000937825243454, 0.000880145176779, 0.000931254762691, 0.000974219758064, 0.00121829390991, 0.000552901939955, 0.000664660707116, 0.000623613363132, 0.000537513173185, 0.000747145269997, 0.000420298747486, 0.000391152541852, 0.000431859545643, 0.000497067405377, 0.000221549969865, 0.000163751887158, 0.000173202482983, 0.000147885148181, 0.000200319744181, 0.000189477636013, 0.000138321207487, 2.15258096432e-05],
        "dvar": [1.33249830014e-06, 0.000251616525929, 0.000295033300063, 0.000136282469612, 8.61379612616e-06, 1.31382876134e-06, 1.17800232147e-06, 2.43192630478e-06, 1.61389527875e-06, 2.35373340729e-06, 6.95813866969e-07, 8.49458899665e-07, 5.81317294746e-07, 3.38915924658e-07, 7.85621921295e-07, 2.29347094205e-07, 2.20278366214e-07, 4.14908271296e-07, 7.27197175365e-07, 4.34788027803e-08, 2.58095198546e-08, 3.4434997076e-08, 2.04229273493e-08, 4.32913687121e-08, 7.95674637288e-08, 3.07974232783e-08, 8.04526611997e-10],
        "dvar2": [1.24392909129e-06, 0.000316889840178, 0.000796003791038, 0.000384745915653, 2.3559501642e-05, 3.20582284985e-06, 2.7849171147e-06, 5.51959101358e-06, 3.85220573662e-06, 4.84789006805e-06, 1.73067189735e-06, 2.07979269362e-06, 1.33610330977e-06, 8.61405681007e-07, 2.17155684368e-06, 5.78216884151e-07, 5.10770121309e-07, 9.09732193577e-07, 1.70620057816e-06, 1.04388718114e-07, 6.30093239806e-08, 7.93312082692e-08, 4.83896798187e-08, 1.14094227399e-07, 1.72015163002e-07, 6.65368986574e-08, 1.97047733685e-09],
        "max": [0.0130156436935, 0.181852892041, 0.124683827162, 0.0883185267448, 0.0334621444345, 0.0197999347001, 0.0196101628244, 0.0286465771496, 0.0273340381682, 0.0248826444149, 0.0267070885748, 0.0355224125087, 0.01883007586, 0.0111358519644, 0.00830557383597, 0.00933283939958, 0.0122711993754, 0.0208936277777, 0.0219779778272, 0.00343079655431, 0.00252724066377, 0.00416430644691, 0.00275042746216, 0.00418799556792, 0.00691408943385, 0.00324790924788, 0.00143879652023],
        "mean": [0.0013898042962, 0.0256454255432, 0.00629397528246, 0.00286020431668, 0.00196585804224, 0.000774540065322, 0.000781043840107, 0.000792140781414, 0.000910779810511, 0.00122545193881, 0.000489723635837, 0.000513058388606, 0.00055723550031, 0.000466564699309, 0.000523544265889, 0.000329931412125, 0.000397614261601, 0.000422841490945, 0.000458197959233, 0.000223371462198, 0.00017985078739, 0.000185891723959, 0.0001720914006, 0.000204029798624, 0.000200473630684, 0.000142948367284, 1.70598614204e-05],
        "median": [6.30079593975e-05, 0.00443415995687, 0.000644195592031, 0.000219910143642, 0.000557206803933, 0.000196579567273, 0.000212689163163, 0.000163929827977, 0.000217634122237, 0.000282942433842, 0.000135193578899, 0.000150391453644, 0.000184593023732, 0.000155801564688, 0.000179142400157, 0.000134788278956, 0.000166388286743, 0.000163307980984, 0.000194811902475, 0.00011593272211, 8.26540199341e-05, 7.61897972552e-05, 7.30813480914e-05, 8.65012043505e-05, 7.41605108487e-05, 4.52104468422e-05, 2.49279582931e-06],
        "min": [1.95322670108e-24, 3.51926903139e-24, 8.205392912e-25, 3.39889871801e-24, 9.24821476666e-24, 9.68405962794e-24, 1.65582093333e-23, 2.07239060947e-23, 2.44451302231e-23, 2.70538963921e-23, 2.20404471035e-23, 2.73279940023e-23, 3.67992442015e-23, 4.83145655348e-23, 5.14591891395e-23, 5.172663823e-23, 8.45073744932e-23, 1.10134423456e-22, 1.52066507889e-22, 1.99734986876e-22, 2.49044725686e-22, 3.49857539546e-22, 4.41786744628e-22, 6.41712774682e-22, 9.50151128223e-22, 1.38913533404e-21, 2.00709236405e-21],
        "var": [6.661487987e-06, 0.00135352951474, 0.000230038698646, 8.44096284709e-05, 1.04857945189e-05, 2.36124105868e-06, 2.44591615228e-06, 4.06265917263e-06, 3.64703737432e-06, 6.20022638032e-06, 1.3878691334e-06, 1.80097981684e-06, 1.18837920127e-06, 5.86544274483e-07, 8.0006952885e-07, 3.05531898448e-07, 4.79423647448e-07, 7.48357649627e-07, 9.55193172558e-07, 7.95093839656e-08, 5.4193286303e-08, 6.87951455802e-08, 5.17709857206e-08, 7.2978465937e-08, 1.35382919098e-07, 5.963597971e-08, 1.4138478166e-09]
    },
    "erbbands": {
        "dmean": [0.342802554369, 2.12224960327, 6.30589389801, 11.3025274277, 6.92270708084, 4.62161254883, 5.16643571854, 4.17695760727, 7.55410957336, 8.51694011688, 12.3715839386, 14.1856994629, 20.0694770813, 20.9721927643, 14.6033401489, 15.9135971069, 17.7896575928, 17.2055511475, 23.3894634247, 14.280081749, 13.6424322128, 11.4575309753, 12.9188919067, 19.9317760468, 11.7148637772, 6.69530439377, 4.52638292313, 4.25059509277, 3.95344924927, 3.32194662094, 2.80566358566, 2.65744519234, 2.13084745407, 1.40135467052, 0.922165930271, 0.44253668189, 0.166946917772, 0.033205524087, 0.00164835271426, 3.47405693901e-05],
        "dmean2": [0.339104145765, 2.85695552826, 9.87726974487, 20.4753036499, 12.1732873917, 7.76357507706, 8.65949249268, 7.01352119446, 12.3072118759, 13.9336881638, 20.3733901978, 22.5487003326, 32.5770874023, 33.1943092346, 23.7501564026, 26.7914600372, 28.8290157318, 28.2103786469, 40.3614425659, 23.9600315094, 22.9102592468, 18.4093971252, 20.0681247711, 31.3348827362, 19.0875663757, 10.6884069443, 7.20073604584, 6.70540380478, 6.21831607819, 5.15579414368, 4.34937000275, 4.27810811996, 3.41432619095, 2.19861197472, 1.37853693962, 0.660489439964, 0.255143612623, 0.0515353046358, 0.00262034102343, 5.13731902174e-05],
        "dvar": [0.29905167222, 16.911781311, 228.432022095, 1227.97412109, 318.781311035, 88.9047775269, 159.246994019, 68.8617858887, 251.840988159, 458.125183105, 1208.8972168, 995.54876709, 1918.05334473, 2418.50073242, 1090.05749512, 1560.19165039, 1289.37890625, 938.839660645, 2491.27758789, 610.225952148, 693.429443359, 403.794891357, 696.148620605, 3054.54614258, 661.353881836, 101.20803833, 46.5724411011, 50.2518119812, 45.2703208923, 22.8246898651, 18.2995014191, 19.9757213593, 12.3673801422, 7.72309446335, 6.0890045166, 1.09366357327, 0.0816083997488, 0.00288153556176, 1.28290939756e-05, 2.83956502756e-09],
        "dvar2": [0.256452709436, 21.8520870209, 567.950439453, 3466.86962891, 887.653442383, 238.094650269, 352.921478271, 175.6040802, 579.321716309, 1095.23852539, 2721.67602539, 2329.5769043, 4158.14404297, 4808.15332031, 2519.19360352, 3598.03588867, 2937.43334961, 2365.40209961, 6772.43359375, 1570.08752441, 1734.84814453, 980.536865234, 1532.89611816, 7150.29345703, 1563.02380371, 237.518005371, 115.997756958, 120.710273743, 106.208312988, 54.3693313599, 44.2051849365, 53.0910072327, 32.3722763062, 18.7442836761, 12.5060853958, 2.29456925392, 0.191657990217, 0.00703591154888, 3.14578392135e-05, 6.47204201343e-09],
        "max": [6.92968225479, 35.3452568054, 117.734344482, 270.728027344, 142.704055786, 162.029953003, 285.086547852, 165.731445312, 295.991851807, 456.83013916, 781.172058105, 785.311096191, 1115.12109375, 1107.59777832, 863.575012207, 1655.08740234, 927.823120117, 523.08996582, 462.570159912, 390.894958496, 573.94708252, 537.559692383, 872.978027344, 1215.17346191, 686.717346191, 163.16734314, 98.807723999, 161.668823242, 135.798019409, 72.0906066895, 94.6106338501, 87.3233337402, 56.5410118103, 59.9230117798, 71.37550354, 23.114276886, 4.24189043045, 1.49803209305, 0.237282365561, 0.00307274935767],
        "mean": [0.997542202473, 4.68653106689, 7.57313013077, 9.25674152374, 6.8319067955, 6.42289876938, 7.06586551666, 6.12112236023, 11.4831094742, 12.3027763367, 18.5453910828, 23.2916297913, 30.2064838409, 32.7111968994, 22.9598045349, 22.9285793304, 26.8518276215, 25.382850647, 28.5048618317, 20.5674266815, 19.107755661, 19.1893939972, 21.6263980865, 29.5583343506, 18.0389461517, 11.1110601425, 7.92495822906, 6.8495926857, 6.52786159515, 5.84143590927, 4.89352035522, 4.10445737839, 3.42108869553, 2.30122613907, 1.39378583431, 0.669255375862, 0.249009147286, 0.0520043373108, 0.00233292905614, 0.00010217828094],
        "median": [0.0996705591679, 1.05312919617, 1.45354664326, 1.18313002586, 1.38404226303, 1.80938649178, 1.67054080963, 1.77071964741, 2.96374034882, 3.79180240631, 4.82434129715, 6.05817127228, 7.06276941299, 8.47941684723, 7.13689947128, 7.94457006454, 9.3423242569, 8.78792572021, 9.29547119141, 9.30331707001, 8.49212837219, 9.06241798401, 9.59744644165, 10.5880317688, 8.78683662415, 5.82272148132, 3.92175745964, 2.84293031693, 2.62439680099, 2.70680594444, 1.98798596859, 1.59976804256, 1.50865721703, 0.946788430214, 0.4504352808, 0.205925092101, 0.0778557807207, 0.0147271277383, 0.000523472263012, 9.11533425096e-05],
        "min": [1.3333945487e-22, 1.14706151343e-21, 8.53810537229e-22, 7.31418623896e-21, 1.17369141791e-20, 3.88563633726e-20, 3.75835392051e-20, 8.82723593487e-20, 1.73203426011e-19, 1.97722700803e-19, 6.21745085848e-19, 5.32955415499e-19, 7.13308447887e-19, 1.2724259835e-18, 1.26862157307e-18, 1.42944947238e-18, 1.3757027917e-18, 2.98619149449e-18, 3.23880376817e-18, 3.25095711932e-18, 3.58263586543e-18, 4.66943952095e-18, 6.34538685132e-18, 7.34765843849e-18, 9.26657849327e-18, 9.37372733392e-18, 9.97218340811e-18, 1.04011708543e-17, 1.26821387642e-17, 1.16717765235e-17, 1.30842899898e-17, 1.19104346738e-17, 9.20765097361e-18, 9.64448340074e-18, 6.97714025389e-18, 4.54591084981e-18, 2.40083299811e-18, 9.8612957111e-19, 2.32052596155e-19, 2.86449673447e-20],
        "var": [2.34737825394, 56.4738502502, 239.429092407, 772.073913574, 240.71496582, 120.459312439, 265.630615234, 133.178146362, 562.113830566, 695.080505371, 2138.9621582, 2430.64282227, 4347.51123047, 5786.54638672, 2700.95654297, 3479.55834961, 2771.71850586, 1701.7767334, 2575.37963867, 873.190002441, 977.369934082, 864.99395752, 1412.32629395, 4286.07177734, 947.671936035, 198.271591187, 95.9052429199, 95.8762207031, 87.8410491943, 54.4386444092, 44.3975067139, 32.6404190063, 20.3536338806, 12.721862793, 9.6463842392, 1.84750676155, 0.153321906924, 0.00677728140727, 2.53204907494e-05, 9.73270530835e-09]
    },
    "gfcc": {
        "mean": [-31.3808898926, 67.556930542, -100.051963806, 21.6280326843, -45.1688117981, 20.2353153229, -31.9615249634, 13.8175735474, -24.6358375549, 3.29058003426, -15.0175304413, 2.40043544769, -11.9297428131],
        "cov": [[31460.6132812, -5739.52099609, -1606.82531738, 3649.54492188, 281.979888916, 1899.4095459, -0.39124032855, 2098.87402344, -153.455596924, 1023.35687256, -829.862182617, 51.8397636414, -1410.70825195], [-5739.52099609, 3503.03271484, 716.573791504, -949.974975586, 335.101928711, -481.263671875, 157.569961548, -538.787841797, 167.429077148, -373.440093994, 362.401824951, -120.132156372, 437.72479248], [-1606.82531738, 716.573791504, 1607.48242188, 310.821716309, 543.166259766, 312.326751709, 316.526184082, 75.7587585449, 198.168411255, 98.1319274902, 119.984649658, 94.1337966919, 95.8006744385], [3649.54492188, -949.974975586, 310.821716309, 1285.95678711, 497.846374512, 622.9921875, 317.413391113, 515.119445801, 189.47644043, 249.736068726, 30.1229171753, 72.8875198364, -134.811752319], [281.979888916, 335.101928711, 543.166259766, 497.846374512, 700.837768555, 352.09552002, 390.604827881, 208.868255615, 222.550491333, 94.850402832, 166.340362549, 68.7782821655, 65.2223968506], [1899.4095459, -481.263671875, 312.326751709, 622.9921875, 352.09552002, 555.496887207, 287.245025635, 318.268798828, 128.853912354, 171.869232178, 42.6249351501, 66.5722122192, -34.6711158752], [-0.39124032855, 157.569961548, 316.526184082, 317.413391113, 390.604827881, 287.245025635, 384.134735107, 214.717376709, 198.434371948, 84.8800201416, 138.591842651, 56.0055122375, 61.3777656555], [2098.87402344, -538.787841797, 75.7587585449, 515.119445801, 208.868255615, 318.268798828, 214.717376709, 447.124633789, 148.654510498, 172.608810425, 42.0791244507, 45.6512107849, -92.1567153931], [-153.455596924, 167.429077148, 198.168411255, 189.47644043, 222.550491333, 128.853912354, 198.434371948, 148.654510498, 228.164474487, 98.4827346802, 125.141166687, 36.4264984131, 66.315284729], [1023.35687256, -373.440093994, 98.1319274902, 249.736068726, 94.850402832, 171.869232178, 84.8800201416, 172.608810425, 98.4827346802, 188.209350586, 35.3818092346, 70.0117874146, -30.2413005829], [-829.862182617, 362.401824951, 119.984649658, 30.1229171753, 166.340362549, 42.6249351501, 138.591842651, 42.0791244507, 125.141166687, 35.3818092346, 209.210266113, 57.7367935181, 111.658294678], [51.8397636414, -120.132156372, 94.1337966919, 72.8875198364, 68.7782821655, 66.5722122192, 56.0055122375, 45.6512107849, 36.4264984131, 70.0117874146, 57.7367935181, 119.653022766, 54.4030227661], [-1410.70825195, 437.72479248, 95.8006744385, -134.811752319, 65.2223968506, -34.6711158752, 61.3777656555, -92.1567153931, 66.315284729, -30.2413005829, 111.658294678, 54.4030227661, 196.936279297]],
        "icov": [[0.000118686220958, -0.000148942184751, 0.00021269035642, -0.000203501724172, -4.44366087322e-05, -0.000278274528682, 0.000303362379782, -0.000310055853333, 0.00015232921578, -0.00032452182495, 0.00042453489732, -0.000338206271408, 0.00041614798829], [-0.000148942184751, 0.0013831842225, -0.00073813891504, 0.000851391698234, -0.000684524187818, 0.000905633089133, -0.000433054636233, 0.000658174569253, -0.000643368402962, 0.00154925812967, -0.00188080326188, 0.00221822597086, -0.00146214605775], [0.00021269035642, -0.00073813891504, 0.00148852728307, -0.000491988437716, -0.000413719710195, -0.00105931516737, 0.000528322765604, -0.000165564822964, -3.34785581799e-05, -0.00109079491813, 0.00159531156532, -0.00174329150468, 0.00123254407663], [-0.000203501724172, 0.000851391698234, -0.000491988437716, 0.00309469760396, -0.00144557654858, -0.0010273703374, 0.000638931698631, -0.000544159556739, -0.00112626282498, 0.00118186906911, -0.00107229198329, 0.0010468858527, -0.000268698116997], [-4.44366087322e-05, -0.000684524187818, -0.000413719710195, -0.00144557654858, 0.005122452043, -0.000555752485525, -0.00312514323741, 0.00104053155519, -0.000607724010479, 0.000484860269353, -0.000548449053895, -0.00133895059116, 0.00104137836024], [-0.000278274528682, 0.000905633089133, -0.00105931516737, -0.0010273703374, -0.000555752485525, 0.00747443921864, -0.00414893589914, -0.000353861396434, 0.00274820369668, -0.00205915537663, -0.000487506302306, 0.00283803464845, -0.00331603363156], [0.000303362379782, -0.000433054636233, 0.000528322765604, 0.000638931698631, -0.00312514323741, -0.00414893589914, 0.0115643590689, -0.00308217620477, -0.00407082680613, 0.00238717696629, -3.35992917826e-05, -0.00205261120573, 0.000897493388038], [-0.000310055853333, 0.000658174569253, -0.000165564822964, -0.000544159556739, 0.00104053155519, -0.000353861396434, -0.00308217620477, 0.00821974966675, -0.0032291316893, -1.09554212031e-05, -0.00204293127172, -8.65675101522e-05, 0.0026921457611], [0.00015232921578, -0.000643368402962, -3.34785581799e-05, -0.00112626282498, -0.000607724010479, 0.00274820369668, -0.00407082680613, -0.0032291316893, 0.0159473847598, -0.00885069835931, -0.00165260070935, 0.00538485078141, -0.00507047632709], [-0.00032452182495, 0.00154925812967, -0.00109079491813, 0.00118186906911, 0.000484860269353, -0.00205915537663, 0.00238717696629, -1.09554212031e-05, -0.00885069835931, 0.0177446585149, -0.00281909480691, -0.00625432282686, 0.00333059905097], [0.00042453489732, -0.00188080326188, 0.00159531156532, -0.00107229198329, -0.000548449053895, -0.000487506302306, -3.35992917826e-05, -0.00204293127172, -0.00165260070935, -0.00281909480691, 0.0134584065527, -0.00506776524708, -0.00124538014643], [-0.000338206271408, 0.00221822597086, -0.00174329150468, 0.0010468858527, -0.00133895059116, 0.00283803464845, -0.00205261120573, -8.65675101522e-05, 0.00538485078141, -0.00625432282686, -0.00506776524708, 0.0205858126283, -0.00983321480453], [0.00041614798829, -0.00146214605775, 0.00123254407663, -0.000268698116997, 0.00104137836024, -0.00331603363156, 0.000897493388038, 0.0026921457611, -0.00507047632709, 0.00333059905097, -0.00124538014643, -0.00983321480453, 0.0162178631872]]
    },
    "melbands": {
        "dmean": [0.00272938096896, 0.00274406094104, 0.00177849922329, 0.000378828612156, 0.00018226809334, 9.66581792454e-05, 0.000114622314868, 9.86399099929e-05, 0.000103467144072, 8.66884656716e-05, 0.000101111945696, 8.93555697985e-05, 4.63166797999e-05, 4.71461717098e-05, 4.03377889597e-05, 3.41792110703e-05, 3.30940129061e-05, 3.73286529793e-05, 2.69094925898e-05, 1.74637552846e-05, 1.58885468409e-05, 1.16951796372e-05, 1.44839459608e-05, 1.38695604619e-05, 1.76447920239e-05, 1.01856958281e-05, 6.05578452451e-06, 4.27117174695e-06, 3.04431205222e-06, 2.55203917732e-06, 2.69063366432e-06, 2.44918419412e-06, 2.06290042115e-06, 1.85815156328e-06, 1.67383291227e-06, 1.75003822278e-06, 1.60167530794e-06, 1.5613013602e-06, 1.43068496072e-06, 1.19155015454e-06],
        "dmean2": [0.00288693420589, 0.00386694911867, 0.00317241577432, 0.000652520859148, 0.000303292705212, 0.000161693998962, 0.000186617980944, 0.000161720978213, 0.000169511171407, 0.000139190175105, 0.000164677956491, 0.000141071563121, 7.56435838412e-05, 7.8901030065e-05, 6.58179997117e-05, 5.63360408705e-05, 5.42403868167e-05, 6.42772356514e-05, 4.66902383778e-05, 2.89242616418e-05, 2.67672548944e-05, 1.90780720004e-05, 2.30894147535e-05, 2.14242827496e-05, 2.78673651337e-05, 1.6620306269e-05, 9.93844696495e-06, 6.8305730565e-06, 4.92298977406e-06, 4.07077186537e-06, 4.31174839832e-06, 3.89272827306e-06, 3.28731061927e-06, 2.90927960123e-06, 2.60827027887e-06, 2.82902487925e-06, 2.60656679529e-06, 2.54696556112e-06, 2.30542150348e-06, 1.88004344182e-06],
        "dvar": [1.79623966687e-05, 3.13120581268e-05, 2.8026624932e-05, 6.88389491188e-07, 1.65182115097e-07, 3.71506665431e-08, 5.69043514531e-08, 6.56930794207e-08, 7.5451346504e-08, 3.49937430144e-08, 4.7860282848e-08, 4.51345023578e-08, 1.22303038808e-08, 1.23208794278e-08, 6.73413191876e-09, 4.19684198505e-09, 3.55154416987e-09, 6.28855634233e-09, 2.833260071e-09, 1.03345876301e-09, 9.50064360516e-10, 4.04248884367e-10, 9.3969843018e-10, 1.44717560158e-09, 2.64944755024e-09, 6.72806976798e-10, 1.04104488918e-10, 4.18380781408e-11, 2.23869048299e-11, 1.69552167445e-11, 2.09488849878e-11, 1.96193044449e-11, 1.04829391695e-11, 7.3417834312e-12, 6.76628674964e-12, 8.58281501426e-12, 7.58681138746e-12, 6.57235117024e-12, 8.09950110453e-12, 5.7881269222e-12],
        "dvar2": [1.83810498129e-05, 6.70304725645e-05, 7.78640896897e-05, 1.92834181689e-06, 3.79078585411e-07, 9.27546537355e-08, 1.30514678176e-07, 1.56276314556e-07, 1.73619227439e-07, 8.30207511626e-08, 1.042370954e-07, 8.90727136493e-08, 2.89775670126e-08, 2.98679978528e-08, 1.54650159345e-08, 1.0055498656e-08, 8.90901041828e-09, 1.69686664719e-08, 7.85998466313e-09, 2.56721754965e-09, 2.34790120679e-09, 9.67115498796e-10, 2.23559615264e-09, 3.0128011197e-09, 6.22655571547e-09, 1.59077806483e-09, 2.47806913878e-10, 1.00560532124e-10, 5.71947940398e-11, 4.03128988524e-11, 5.15119578937e-11, 4.62501599519e-11, 2.56853722319e-11, 1.7748167519e-11, 1.61999910014e-11, 2.26012021598e-11, 2.02888608691e-11, 1.74269869369e-11, 2.14447123253e-11, 1.40181078551e-11],
        "max": [0.0567619726062, 0.0468920916319, 0.0403598211706, 0.00908520817757, 0.00787179544568, 0.00412846216932, 0.00448296964169, 0.00588471721858, 0.00582789350301, 0.00469683343545, 0.00545491464436, 0.00451855221763, 0.00389760546386, 0.00460336450487, 0.00195977743715, 0.00115622021258, 0.000928111956455, 0.000878550112247, 0.00047009633272, 0.00089879182633, 0.000667157350108, 0.000457975460449, 0.000785112788435, 0.00161354872398, 0.001175574027, 0.000753439264372, 0.000196989218239, 0.000116866336612, 8.51726945257e-05, 8.35257524159e-05, 0.000110620494524, 0.000107618347101, 5.52094352315e-05, 3.65238956874e-05, 6.58562494209e-05, 5.20150497323e-05, 6.49141002214e-05, 3.99611744797e-05, 6.2388528022e-05, 6.34447715129e-05],
        "mean": [0.00783078372478, 0.00474210456014, 0.00154564809054, 0.000461356772576, 0.000259585474851, 0.000140260133776, 0.000173513646587, 0.000139958414366, 0.000161308315, 0.000136042552185, 0.000148704610183, 0.00013524107635, 6.9819354394e-05, 6.51366499369e-05, 6.03057487751e-05, 4.88481964567e-05, 4.7644462029e-05, 4.43742173957e-05, 3.33980642608e-05, 2.49561890087e-05, 2.15894087887e-05, 1.86790148291e-05, 2.18104669329e-05, 2.14178271563e-05, 2.46083000093e-05, 1.45200338011e-05, 9.40396148508e-06, 6.7995383688e-06, 5.0684816415e-06, 4.19203297497e-06, 3.98600423068e-06, 3.78388062927e-06, 3.40064320881e-06, 3.1537324503e-06, 2.84926545646e-06, 2.61922104983e-06, 2.42616738433e-06, 2.43794966082e-06, 2.16594480662e-06, 1.87431510312e-06],
        "median": [0.00107160257176, 0.00176482542884, 0.00022984930547, 0.000126631508465, 6.73896356602e-05, 3.83082442568e-05, 4.52607309853e-05, 3.91893045162e-05, 4.10941029259e-05, 3.36921330018e-05, 3.26038461935e-05, 3.15356628562e-05, 2.12773120438e-05, 1.90921746253e-05, 2.09201225516e-05, 1.64489720191e-05, 1.47435630424e-05, 1.43024244608e-05, 1.2846626305e-05, 1.07017694972e-05, 9.09390109882e-06, 8.51329605212e-06, 8.44411079015e-06, 7.98845485406e-06, 8.0551035353e-06, 6.49159665045e-06, 4.78422316519e-06, 3.38408267453e-06, 2.47831303568e-06, 1.81719690318e-06, 1.52572386014e-06, 1.43164345445e-06, 1.43625982219e-06, 1.43726867918e-06, 1.13561634407e-06, 9.52681034505e-07, 9.31332976961e-07, 1.01731257018e-06, 9.78300477072e-07, 6.99424390405e-07],
        "min": [1.26713267813e-24, 5.98204071267e-25, 2.07495346078e-24, 1.59712068896e-24, 1.27493825957e-24, 2.07119434135e-24, 2.62530444067e-24, 2.46319431351e-24, 4.94838956324e-24, 3.26016904757e-24, 3.62549388544e-24, 4.56585197763e-24, 4.25253575317e-24, 2.06391138026e-24, 2.62007902604e-24, 4.4524634777e-24, 5.38953241435e-24, 3.82199006503e-24, 3.49622285447e-24, 3.30324144464e-24, 4.53406877176e-24, 4.17671123182e-24, 2.92347453575e-24, 5.28224733124e-24, 5.50348100553e-24, 6.43793407941e-24, 5.80036565176e-24, 5.83901194751e-24, 5.1306274764e-24, 6.25824655356e-24, 5.20728306271e-24, 6.6467581828e-24, 5.5848105927e-24, 6.55639495497e-24, 6.98936599597e-24, 7.12834987683e-24, 6.43799876601e-24, 6.07716432163e-24, 5.87304814013e-24, 7.3241956406e-24],
        "var": [0.000130074738991, 5.79169645789e-05, 1.85234948731e-05, 6.93416893682e-07, 2.76037638969e-07, 7.28537088435e-08, 1.27811802031e-07, 9.84771091339e-08, 1.38065857413e-07, 8.01822679364e-08, 1.08250603148e-07, 1.08290031164e-07, 2.73885092383e-08, 2.71407873953e-08, 1.39322349213e-08, 8.06295741285e-09, 6.52710152593e-09, 6.43551167911e-09, 2.93960478182e-09, 1.55287305237e-09, 1.38357714174e-09, 8.3231871395e-10, 1.76007086683e-09, 2.67959987532e-09, 3.5148204347e-09, 8.52796555595e-10, 1.69327885047e-10, 7.98791519041e-11, 4.18683941683e-11, 3.3921976339e-11, 3.65070196295e-11, 3.45145023672e-11, 2.0429057751e-11, 1.66632419668e-11, 1.63210556181e-11, 1.43526345323e-11, 1.16645139728e-11, 1.04823441593e-11, 1.04139787072e-11, 9.38429629144e-12]
    },
    "mfcc": {
        "mean": [-668.36706543, 98.6654891968, 5.64491415024, 14.6091194153, 10.6305885315, 6.2625041008, 8.16633033752, 7.7732591629, 1.80513966084, 3.64970564842, 2.32559585571, -1.70563924313, -0.865815579891],
        "cov": [[17834.2792969, -1338.57958984, -1067.14746094, 308.040618896, 462.911865234, 283.073028564, 400.801330566, 531.96661377, 441.9112854, 726.301757812, 563.19708252, 245.703918457, 70.9114379883], [-1338.57958984, 1670.7869873, 320.017700195, 35.2407226562, 120.537361145, 38.483795166, 94.4376068115, 23.7624359131, -12.5228500366, -31.2582702637, -5.44449949265, -3.81964111328, -1.11796295643], [-1067.14746094, 320.017700195, 968.959289551, 328.557312012, 278.823394775, 258.248565674, 169.786483765, 126.040718079, 119.896263123, 50.6843910217, 45.8833274841, 96.3994979858, 74.0883026123], [308.040618896, 35.2407226562, 328.557312012, 458.347991943, 317.227111816, 217.75831604, 206.147918701, 211.125091553, 165.796020508, 133.619766235, 150.99798584, 130.823181152, 102.996543884], [462.911865234, 120.537361145, 278.823394775, 317.227111816, 408.299377441, 290.656066895, 256.889251709, 222.942123413, 169.39112854, 151.157562256, 151.334533691, 133.166046143, 106.06918335], [283.073028564, 38.483795166, 258.248565674, 217.75831604, 290.656066895, 419.774871826, 256.120513916, 195.187927246, 176.375640869, 128.283187866, 91.1420822144, 131.559906006, 90.7127838135], [400.801330566, 94.4376068115, 169.786483765, 206.147918701, 256.889251709, 256.120513916, 328.787384033, 253.064926147, 164.089370728, 150.619308472, 152.549133301, 121.228607178, 95.3492965698], [531.96661377, 23.7624359131, 126.040718079, 211.125091553, 222.942123413, 195.187927246, 253.064926147, 281.239074707, 184.043548584, 158.207092285, 153.205825806, 119.017951965, 92.4803466797], [441.9112854, -12.5228500366, 119.896263123, 165.796020508, 169.39112854, 176.375640869, 164.089370728, 184.043548584, 212.602890015, 156.042678833, 123.625167847, 106.70905304, 81.3503952026], [726.301757812, -31.2582702637, 50.6843910217, 133.619766235, 151.157562256, 128.283187866, 150.619308472, 158.207092285, 156.042678833, 204.5128479, 152.655822754, 99.2344818115, 75.4357681274], [563.19708252, -5.44449949265, 45.8833274841, 150.99798584, 151.334533691, 91.1420822144, 152.549133301, 153.205825806, 123.625167847, 152.655822754, 199.939056396, 120.759223938, 88.9879989624], [245.703918457, -3.81964111328, 96.3994979858, 130.823181152, 133.166046143, 131.559906006, 121.228607178, 119.017951965, 106.70905304, 99.2344818115, 120.759223938, 152.171203613, 103.589790344], [70.9114379883, -1.11796295643, 74.0883026123, 102.996543884, 106.06918335, 90.7127838135, 95.3492965698, 92.4803466797, 81.3503952026, 75.4357681274, 88.9879989624, 103.589790344, 127.499855042]],
