{
"lowlevel": {
    "average_loudness": 0.724051713943,
    "barkbands_crest": {
        "dmean": 2.39862036705,
        "dmean2": 3.64515042305,
        "dvar": 6.77463197708,
        "dvar2": 14.8851118088,
        "max": 26.522195816,
        "mean": 15.6503534317,
        "median": 15.4124927521,
        "min": 3.01425051689,
        "var": 36.2804946899
    },
    "barkbands_flatness_db": {
        "dmean": 0.0283753052354,
        "dmean2": 0.0399904586375,
        "dvar": 0.000931381306145,
        "dvar2": 0.00186799222138,
        "max": 0.467251092196,
        "mean": 0.194095700979,
        "median": 0.184174925089,
        "min": 0.0329627469182,
        "var": 0.00547025166452
    },
    "barkbands_kurtosis": {
        "dmean": 9.23182296753,
        "dmean2": 13.9422798157,
        "dvar": 492.254302979,
        "dvar2": 1080.9777832,
        "max": 820.468994141,
        "mean": 16.9722328186,
        "median": 6.24995613098,
        "min": -1.88377165794,
        "var": 1026.57128906
    },
    "barkbands_skewness": {
        "dmean": 0.865457594395,
        "dmean2": 1.27053999901,
        "dvar": 1.21506226063,
        "dvar2": 2.55533480644,
        "max": 21.2504367828,
        "mean": 2.91544890404,
        "median": 2.33516168594,
        "min": -3.70088243484,
        "var": 5.89008235931
    },
    "barkbands_spread": {
        "dmean": 5.21835660934,
        "dmean2": 7.96823453903,
        "dvar": 53.8374099731,
        "dvar2": 119.226325989,
        "max": 99.7387237549,
        "mean": 15.3928747177,
        "median": 12.3089056015,
        "min": 0.184247165918,
        "var": 153.159164429
    },
    "dissonance": {
        "dmean": 0.022689551115,
        "dmean2": 0.0379962846637,
        "dvar": 0.00049500958994,
        "dvar2": 0.00135241355747,
        "max": 0.500000178814,
        "mean": 0.451010853052,
        "median": 0.462586194277,
        "min": 0.16357627511,
        "var": 0.00179968751036
    },
    "dynamic_complexity": 3.41199564934,
    "erbbands_crest": {
        "dmean": 2.85276913643,
        "dmean2": 4.57626867294,
        "dvar": 7.01199388504,
        "dvar2": 16.578371048,
        "max": 31.7894210815,
        "mean": 10.3122558594,
        "median": 8.90718173981,
        "min": 2.2527358532,
        "var": 29.61577034
    },
    "erbbands_flatness_db": {
        "dmean": 0.0183247234672,
        "dmean2": 0.0270222909749,
        "dvar": 0.000339154241374,
        "dvar2": 0.000693367037456,
        "max": 0.526529192924,
        "mean": 0.166821718216,
        "median": 0.14604280889,
        "min": 0.0469258390367,
        "var": 0.00617317203432
    },
    "erbbands_kurtosis": {
        "dmean": 1.03399646282,
        "dmean2": 1.5989677906,
        "dvar": 6.95315313339,
        "dvar2": 15.4139566422,
        "max": 163.669342041,
        "mean": 1.08058547974,
        "median": -0.0835134983063,
        "min": -1.83683371544,
        "var": 20.423406601
    },
    "erbbands_skewness": {
        "dmean": 0.342868924141,
        "dmean2": 0.514332175255,
        "dvar": 0.125319749117,
        "dvar2": 0.26366391778,
        "max": 9.18286323547,
        "mean": 0.495610535145,
        "median": 0.40159714222,
        "min": -3.49476528168,
        "var": 0.699933230877
    },
    "erbbands_spread": {
        "dmean": 9.61395931244,
        "dmean2": 14.7837533951,
        "dvar": 134.512771606,
        "dvar2": 314.808074951,
        "max": 177.582427979,
        "mean": 42.870677948,
        "median": 40.7557373047,
        "min": 0.808246016502,
        "var": 600.456787109
    },
    "hfc": {
        "dmean": 9.02594852448,
        "dmean2": 13.4817657471,
        "dvar": 204.730239868,
        "dvar2": 461.24609375,
        "max": 179.624008179,
        "mean": 24.9027442932,
        "median": 19.8129711151,
        "min": 1.1621207333e-16,
        "var": 455.86541748
    },
    "melbands_crest": {
        "dmean": 2.75386977196,
        "dmean2": 4.12563419342,
        "dvar": 8.44413566589,
        "dvar2": 18.7777938843,
        "max": 36.1687698364,
        "mean": 21.3828125,
        "median": 22.0737323761,
        "min": 1.8764796257,
        "var": 56.4795303345
    },
    "melbands_flatness_db": {
        "dmean": 0.0304782427847,
        "dmean2": 0.0428192093968,
        "dvar": 0.00113185634837,
        "dvar2": 0.00228662835434,
        "max": 0.585154354572,
        "mean": 0.263311713934,
        "median": 0.259213119745,
        "min": 0.00408859085292,
        "var": 0.00795669015497
    },
    "melbands_kurtosis": {
        "dmean": 21.3439464569,
        "dmean2": 32.165435791,
        "dvar": 1816.88842773,
        "dvar2": 3705.23046875,
        "max": 1448.28320312,
        "mean": 44.8337097168,
        "median": 17.5528335571,
        "min": -1.90939831734,
        "var": 5361.79199219
    },
    "melbands_skewness": {
        "dmean": 1.17830467224,
        "dmean2": 1.73414480686,
        "dvar": 2.02516508102,
        "dvar2": 4.16234874725,
        "max": 28.0923080444,
        "mean": 4.4324259758,
        "median": 3.55670809746,
        "min": -2.95462417603,
        "var": 11.6912126541
    },
    "melbands_spread": {
        "dmean": 5.30148506165,
        "dmean2": 7.91993141174,
        "dvar": 115.131027222,
        "dvar2": 232.949783325,
        "max": 249.545700073,
        "mean": 15.340681076,
        "median": 10.5891656876,
        "min": 0.224727988243,
        "var": 380.312561035
    },
    "pitch_salience": {
        "dmean": 0.0664693787694,
        "dmean2": 0.101471155882,
        "dvar": 0.00477620353922,
        "dvar2": 0.0106698833406,
        "max": 0.898369669914,
        "mean": 0.402115017176,
        "median": 0.399954795837,
        "min": 0.0376476384699,
        "var": 0.0277079604566
    },
    "silence_rate_20dB": {
        "dmean": 0,
        "dmean2": 0,
        "dvar": 0,
        "dvar2": 0,
        "max": 1,
        "mean": 1,
        "median": 1,
        "min": 1,
        "var": 0
    },
    "silence_rate_30dB": {
        "dmean": 0.0542016811669,
        "dmean2": 0.108414746821,
        "dvar": 0.0512621812522,
        "dvar2": 0.110111229122,
        "max": 1,
        "mean": 0.692889392376,
        "median": 1,
        "min": 0,
        "var": 0.212804302573
    },
    "silence_rate_60dB": {
        "dmean": 0.0193277318031,
        "dmean2": 0.0386595241725,
        "dvar": 0.0189527980983,
        "dvar2": 0.0415779016912,
        "max": 1,
        "mean": 0.0651192069054,
        "median": 0,
        "min": 0,
        "var": 0.0608800314367
    },
    "spectral_centroid": {
        "dmean": 245.127593994,
        "dmean2": 367.023712158,
        "dvar": 101888.421875,
        "dvar2": 208951.5,
        "max": 10935.7304688,
        "mean": 1231.01989746,
        "median": 1122.27392578,
        "min": 150.834732056,
        "var": 396348.96875
    },
    "spectral_complexity": {
        "dmean": 3.80420160294,
        "dmean2": 5.76615190506,
        "dvar": 25.0332450867,
        "dvar2": 50.8841896057,
        "max": 63,
        "mean": 16.4962711334,
        "median": 15,
        "min": 0,
        "var": 94.3848114014
    },
    "spectral_decrease": {
        "dmean": 3.78142850366e-09,
        "dmean2": 5.33609245679e-09,
        "dvar": 3.93294900552e-17,
        "dvar2": 8.18493495586e-17,
        "max": 9.96447324462e-29,
        "mean": -1.95559088922e-08,
        "median": -1.45265728335e-08,
        "min": -8.6066783922e-08,
        "var": 3.22154634868e-16
    },
    "spectral_energy": {
        "dmean": 0.0146620552987,
        "dmean2": 0.0206668358296,
        "dvar": 0.00056624924764,
        "dvar2": 0.00118027988356,
        "max": 0.326740950346,
        "mean": 0.0760674253106,
        "median": 0.0574704259634,
        "min": 1.03722955818e-20,
        "var": 0.00469454564154
    },
    "spectral_energyband_high": {
        "dmean": 0.000622586579993,
        "dmean2": 0.000983937410638,
        "dvar": 1.3168884152e-06,
        "dvar2": 3.05293428937e-06,
        "max": 0.0125683629885,
        "mean": 0.00102974381298,
        "median": 0.000530098972376,
        "min": 7.57223750951e-21,
        "var": 1.97088888854e-06
    },
    "spectral_energyband_low": {
        "dmean": 0.0126724680886,
        "dmean2": 0.0180172827095,
        "dvar": 0.000631555914879,
        "dvar2": 0.00130481726956,
        "max": 0.324876010418,
        "mean": 0.0580190420151,
        "median": 0.0373887531459,
        "min": 5.88236916281e-23,
        "var": 0.00455313967541
    },
    "spectral_energyband_middle_high": {
        "dmean": 0.00272746896371,
        "dmean2": 0.00406497251242,
        "dvar": 2.03188665182e-05,
        "dvar2": 4.48774771939e-05,
        "max": 0.0677910670638,
        "mean": 0.00624742498621,
        "median": 0.00363309704699,
        "min": 1.37845579822e-21,
        "var": 5.54913240194e-05
    },
    "spectral_energyband_middle_low": {
        "dmean": 0.00401487015188,
        "dmean2": 0.00597840920091,
        "dvar": 3.08147318719e-05,
        "dvar2": 7.24959681975e-05,
        "max": 0.0791445299983,
        "mean": 0.011590748094,
        "median": 0.00962139852345,
        "min": 1.51707494136e-22,
        "var": 8.14308150439e-05
    },
    "spectral_entropy": {
        "dmean": 0.190898925066,
        "dmean2": 0.280638486147,
        "dvar": 0.0439158119261,
        "dvar2": 0.0886759385467,
        "max": 9.80725193024,
        "mean": 7.49018192291,
        "median": 7.56265974045,
        "min": 4.81638479233,
        "var": 0.347860395908
    },
    "spectral_flux": {
        "dmean": 0.0323417745531,
        "dmean2": 0.0496871136129,
        "dvar": 0.0016876620939,
        "dvar2": 0.00346282613464,
        "max": 0.468023896217,
        "mean": 0.0913407057524,
        "median": 0.0732134655118,
        "min": 6.5091904089e-11,
        "var": 0.00454930448905
    },
    "spectral_kurtosis": {
        "dmean": 2.21832489967,
        "dmean2": 3.79947352409,
        "dvar": 45.3551826477,
        "dvar2": 139.353103638,
        "max": 257.105743408,
        "mean": 6.82259511948,
        "median": 3.07508516312,
        "min": -1.18989789486,
        "var": 420.142669678
    },
    "spectral_rms": {
        "dmean": 0.000788732781075,
        "dmean2": 0.0010901511414,
        "dvar": 1.05378319404e-06,
        "dvar2": 2.05716060009e-06,
        "max": 0.0178541783243,
        "mean": 0.00756870489568,
        "median": 0.00748790428042,
        "min": 3.18108668747e-12,
        "var": 1.69268096215e-05
    },
    "spectral_rolloff": {
        "dmean": 373.871337891,
        "dmean2": 614.652709961,
        "dvar": 1002538.0625,
        "dvar2": 2137978.75,
        "max": 18927.6855469,
        "mean": 1020.68835449,
        "median": 624.462890625,
        "min": 43.06640625,
        "var": 2979970.25
    },
    "spectral_skewness": {
        "dmean": 0.241657182574,
        "dmean2": 0.397321015596,
        "dvar": 0.145009845495,
        "dvar2": 0.433324486017,
        "max": 13.3051900864,
        "mean": 1.65852975845,
        "median": 1.43170785904,
        "min": -0.113329738379,
        "var": 1.41583657265
    },
    "spectral_spread": {
        "dmean": 748092.1875,
        "dmean2": 1144250.25,
        "dvar": 1.11079509197e+12,
        "dvar2": 2.3754899456e+12,
        "max": 40663224,
        "mean": 5204359.5,
        "median": 4951479,
        "min": 378280.125,
        "var": 4.63488575078e+12
    },
    "spectral_strongpeak": {
        "dmean": 0.340331703424,
        "dmean2": 0.544775307178,
        "dvar": 0.442532747984,
        "dvar2": 1.03994965553,
        "max": 10.7889499664,
        "mean": 1.05607831478,
        "median": 0.777928292751,
        "min": 0,
        "var": 1.16072297096
    },
    "zerocrossingrate": {
        "dmean": 0.0103061199188,
        "dmean2": 0.0121913347393,
        "dvar": 0.000247864809353,
        "dvar2": 0.00028130193823,
        "max": 0.63232421875,
        "mean": 0.046286560595,
        "median": 0.0361328125,
        "min": 0.00146484375,
        "var": 0.0021538103465
    },
    "barkbands": {
        "dmean": [0.00115233298857, 0.0131254866719, 0.00245090737008, 0.000603666820098, 0.0008485596627, 0.00142243260052, 0.000875315570738, 0.00077219173545, 0.00108243222348, 0.000741119496524, 0.00102855847217, 0.000636407756247, 0.000403250567615, 0.000368211971363, 0.000333701347699, 0.0002112374641, 0.000193675048649, 0.000195841857931, 0.000186640187167, 0.000192595573026, 0.000124262354802, 8.76157937455e-05, 0.000142571152537, 0.000111474044388, 9.2926697107e-05, 5.04144773004e-05, 4.12955114371e-06],
        "dmean2": [0.0016760926228, 0.0189642291516, 0.00411608023569, 0.000922676117625, 0.00126169715077, 0.00211793230847, 0.00131778756622, 0.00119115202688, 0.00163550151046, 0.0011545040179, 0.00156866724137, 0.000991441076621, 0.000648107437883, 0.00058130529942, 0.000524709234014, 0.0003428143973, 0.000297145626973, 0.00030984703335, 0.000297079357551, 0.000296543410514, 0.00020283604681, 0.00014068618475, 0.000230498975725, 0.000179643684532, 0.000152637687279, 8.30725257401e-05, 7.05364209352e-06],
        "dvar": [4.8081337809e-06, 0.000763876829296, 7.34236527933e-05, 1.77783704203e-06, 2.03010040423e-06, 5.76519732931e-06, 3.93897971662e-06, 3.42892190019e-06, 7.3008968684e-06, 2.51720280176e-06, 4.9272225624e-06, 2.4850310183e-06, 1.71338228938e-06, 1.04560558611e-06, 6.68151130867e-07, 2.89479572757e-07, 2.0440555204e-07, 1.55627745357e-07, 1.41092655781e-07, 1.17357174645e-07, 7.28826066165e-08, 3.90951484519e-08, 6.84909764459e-08, 4.1022442332e-08, 3.28946825334e-08, 1.06693818225e-08, 1.50846155011e-10],
        "dvar2": [9.69528082351e-06, 0.00160583248362, 0.000197490400751, 4.55403005617e-06, 4.4582643568e-06, 1.29616737468e-05, 7.97803477326e-06, 7.47446347305e-06, 1.54820827447e-05, 5.92786182096e-06, 1.10523760668e-05, 5.01366321259e-06, 3.74961564376e-06, 2.35959646488e-06, 1.55371742494e-06, 6.85237864673e-07, 4.40510774524e-07, 3.67694326542e-07, 3.32802642333e-07, 2.6095716521e-07, 1.70789732579e-07, 9.23436616063e-08, 1.66000788226e-07, 9.76178000656e-08, 8.20307946015e-08, 2.79177854168e-08, 3.84183046487e-10],
        "max": [0.0318271629512, 0.316618561745, 0.0879279598594, 0.0254112333059, 0.0279080457985, 0.0490763857961, 0.0704317688942, 0.0443667545915, 0.0670535713434, 0.0312118064612, 0.04353396222, 0.0461072698236, 0.0505781508982, 0.0333173014224, 0.0182749088854, 0.0140823274851, 0.0125025399029, 0.00903922971338, 0.00750802690163, 0.00743163470179, 0.00406064139679, 0.00305674830452, 0.00288116605952, 0.00255762250163, 0.00174432783388, 0.00131442991551, 0.000588828523178],
        "mean": [0.00357536133379, 0.0507195405662, 0.00320221553557, 0.00115906773135, 0.00196163845249, 0.00303181470372, 0.00171698443592, 0.00144712708425, 0.00163242907729, 0.00103703187779, 0.00167678017169, 0.00106707226951, 0.000527505064383, 0.000506160140503, 0.000471556588309, 0.000288867711788, 0.000287370930891, 0.000298800936434, 0.000289041752694, 0.000332325696945, 0.000175865818164, 0.000117252988275, 0.000201580798603, 0.000170955521753, 0.000114865193609, 5.43966234545e-05, 3.55650081474e-06],
        "median": [0.000485032360302, 0.0252836886793, 0.000920281629078, 0.000397192256059, 0.0010118134087, 0.00123841012828, 0.00042513164226, 0.000252710684435, 0.000366637366824, 0.000327938731061, 0.000345507782185, 0.00025193503825, 0.000113352893095, 0.000126132843434, 0.000144816876855, 0.000102459183836, 0.000107589403342, 0.000117366784252, 0.000117333394883, 0.000138497111038, 7.05310303601e-05, 3.8094651245e-05, 8.01104470156e-05, 7.84154253779e-05, 3.03140677715e-05, 8.92533080332e-06, 1.87372990013e-07],
        "min": [2.53399730132e-23, 2.55046556158e-23, 6.3488689222e-24, 5.15290609165e-24, 2.87368396256e-23, 1.45339070535e-23, 2.10456319708e-23, 2.03473543856e-23, 5.85695269553e-23, 8.00649327044e-23, 3.40841963805e-23, 6.21621699117e-23, 5.41106957924e-23, 8.82003163805e-23, 1.49440509842e-22, 1.0448258848e-22, 1.25794612468e-22, 2.17980266763e-22, 2.26735158685e-22, 2.81259810815e-22, 3.73788247262e-22, 2.98786230158e-22, 5.06603191672e-22, 7.92185682568e-22, 1.21697544081e-21, 1.35161695793e-21, 2.31590558429e-21],
        "var": [2.90155039693e-05, 0.00400783168152, 5.77482351218e-05, 3.85532848668e-06, 7.87404042057e-06, 1.78549944394e-05, 1.54953140736e-05, 1.47336641021e-05, 1.56839905685e-05, 3.93459549741e-06, 1.20822414829e-05, 8.45309205033e-06, 2.76006471722e-06, 1.85371732186e-06, 1.10918688279e-06, 4.41633574155e-07, 3.5642341345e-07, 2.83522155087e-07, 2.32616230278e-07, 2.69651764029e-07, 9.68660529566e-08, 4.96895573576e-08, 9.5130992861e-08, 6.29333456459e-08, 4.13227816409e-08, 1.14309886001e-08, 1.42175438089e-10]
    },
    "erbbands": {
        "dmean": [0.574480712414, 2.69832110405, 3.13714456558, 2.07344436646, 1.73654699326, 3.41094970703, 8.37563228607, 11.9059391022, 13.0103597641, 14.0235919952, 18.0727901459, 25.4039764404, 26.1988239288, 24.3557167053, 36.10364151, 27.9493408203, 17.6129455566, 21.3648109436, 15.9208145142, 13.3303756714, 10.637301445, 9.40603542328, 10.2438020706, 10.9281301498, 7.98642587662, 8.53151798248, 6.16590976715, 4.66464614868, 3.31185388565, 3.46681451797, 4.36201858521, 2.70431518555, 1.68888652325, 1.07950890064, 0.674251973629, 0.280102699995, 0.082290455699, 0.0124516282231, 0.000606517947745, 2.61826080532e-05],
        "dmean2": [0.796777009964, 3.88892579079, 4.92846441269, 3.17776584625, 2.62541913986, 5.14822673798, 12.7556314468, 17.4982509613, 19.789691925, 20.7736492157, 27.8586044312, 38.0565299988, 40.2016944885, 36.757232666, 55.106502533, 43.0611572266, 28.1581382751, 33.6118431091, 24.9382152557, 20.9613723755, 16.7597026825, 14.3478965759, 16.1770401001, 17.2213058472, 12.7126026154, 13.1656398773, 9.83226680756, 7.5961022377, 5.32205724716, 5.57413101196, 7.09665060043, 4.37931871414, 2.71115159988, 1.75308692455, 1.12409162521, 0.456683427095, 0.138174414635, 0.020762225613, 0.00104600796476, 3.99304954044e-05],
        "dvar": [1.49367916584, 34.6533432007, 94.8742294312, 28.7995758057, 10.8858327866, 39.9288482666, 268.456237793, 467.33682251, 822.91583252, 1130.19702148, 1860.15124512, 4640.77392578, 3445.70532227, 3355.84448242, 8115.49853516, 5398.67333984, 2516.04516602, 3231.63842773, 1770.68615723, 884.169311523, 698.89440918, 527.645996094, 475.857666016, 494.95904541, 244.46055603, 227.89414978, 130.908218384, 121.374343872, 58.6961135864, 49.6620597839, 63.7348022461, 24.2114620209, 9.81446170807, 4.40803527832, 1.91942417622, 0.312239676714, 0.0320783816278, 0.000928725930862, 3.06745641865e-06, 1.65790148277e-09],
        "dvar2": [2.78649902344, 77.1965332031, 235.333679199, 75.9292373657, 26.5881633759, 90.6035461426, 631.575866699, 980.841491699, 1834.10107422, 2344.61499023, 4034.47509766, 9887.78417969, 7989.29785156, 7174.26953125, 18666.9140625, 10611.7988281, 5638.39941406, 7283.31396484, 4083.12768555, 2111.84008789, 1613.44250488, 1104.75878906, 1112.66931152, 1133.34997559, 584.381469727, 509.84362793, 307.527893066, 285.598632812, 140.878585815, 116.404464722, 157.223175049, 58.8554344177, 23.282043457, 10.7085208893, 4.99243879318, 0.802085399628, 0.085829615593, 0.00238859001547, 8.15439852886e-06, 4.08439770894e-09],
        "max": [13.7012958527, 69.3766021729, 111.786338806, 82.9906463623, 79.7202148438, 131.086349487, 319.070861816, 433.762023926, 682.335327148, 810.124511719, 874.558532715, 1677.57751465, 1228.39318848, 1656.09094238, 2109.80297852, 2382.890625, 1515.02148438, 1684.1262207, 1176.80065918, 853.609313965, 896.944091797, 837.126647949, 570.172729492, 544.841674805, 473.252563477, 438.435638428, 165.035980225, 136.401657104, 102.799636841, 109.235351562, 98.533454895, 50.9371261597, 44.0868530273, 24.1706447601, 17.2337379456, 7.55930328369, 2.17185616493, 1.16500782967, 0.0693427845836, 0.00105742481537],
        "mean": [2.05617690086, 8.91335201263, 5.72296619415, 3.9462864399, 3.64235186577, 7.60514259338, 16.665102005, 24.9019432068, 25.1461105347, 30.2963867188, 30.9872741699, 39.8165359497, 39.183052063, 40.5390663147, 60.8245773315, 49.88904953, 26.4365234375, 31.0424022675, 23.7464313507, 20.0680789948, 16.3582229614, 14.8347730637, 15.8881912231, 17.729177475, 13.3656949997, 14.8567819595, 9.65669441223, 6.34323358536, 4.41664791107, 4.75005865097, 6.0865187645, 4.0393819809, 2.54982113838, 1.39105153084, 0.775335669518, 0.317206650972, 0.0845841392875, 0.0123700276017, 0.000563600158785, 9.89842883428e-05],
        "median": [1.03837072849, 2.31642270088, 1.98734521866, 1.69555103779, 1.87088513374, 3.4826977253, 6.93723678589, 8.74574661255, 7.79286146164, 6.52154827118, 7.47451925278, 9.77927780151, 12.9690389633, 11.8218069077, 13.5622882843, 12.4997358322, 7.97324895859, 9.20324993134, 7.5723490715, 8.13489818573, 7.25254917145, 6.0899553299, 6.35344171524, 6.69610977173, 5.97596216202, 6.38482475281, 4.63916778564, 2.36143279076, 1.43840539455, 1.63636922836, 2.4714179039, 1.77303493023, 1.12851440907, 0.391473591328, 0.176719784737, 0.0641883835196, 0.0113357296214, 0.00125596788712, 8.33623489598e-05, 7.60261682444e-05],
        "min": [8.24288661096e-22, 3.30429937654e-21, 6.99693339348e-21, 1.19801222429e-20, 2.27470677952e-20, 8.71425146425e-20, 1.14648809713e-19, 1.50905842021e-19, 3.12345131209e-19, 3.61455826454e-19, 4.7326978481e-19, 1.10758263929e-18, 1.30565982576e-18, 1.50070363753e-18, 1.3468053404e-18, 2.10439752276e-18, 2.38496374485e-18, 3.43276604128e-18, 8.57800605442e-18, 4.21658998203e-18, 6.2732736591e-18, 7.86467196393e-18, 1.0562811045e-17, 7.54821830417e-18, 1.23145479718e-17, 1.42229438077e-17, 1.21088107827e-17, 1.57060885721e-17, 1.15565022877e-17, 1.38128582656e-17, 1.26017789949e-17, 1.58043477027e-17, 1.30253864584e-17, 1.26497645694e-17, 9.36137918173e-18, 5.26011472071e-18, 2.5353799218e-18, 1.12718423487e-18, 2.9863148478e-19, 3.00706971409e-20],
        "var": [6.67289066315, 156.854293823, 116.347846985, 42.1305618286, 27.3613491058, 153.53918457, 726.711975098, 1560.0769043, 2342.07470703, 5690.71972656, 5168.50439453, 10287.4824219, 5625.06054688, 8306.58984375, 20632.578125, 18971.828125, 4483.65625, 5733.98291016, 2941.63232422, 1449.51208496, 1076.39794922, 1015.23492432, 849.989624023, 988.24029541, 419.295349121, 535.308959961, 205.598968506, 149.515625, 73.3779373169, 67.6750259399, 84.985534668, 34.7873306274, 15.35978508, 6.02583599091, 2.11443972588, 0.35458651185, 0.0315068662167, 0.000940586614888, 2.73928731076e-06, 7.58570273263e-09]
    },
    "gfcc": {
        "mean": [-11.1215190887, 87.2373199463, -114.114601135, 23.8476257324, -61.7121887207, 16.6421146393, -34.0325012207, 12.2848329544, -21.5712184906, 3.74647974968, -5.6843495369, 2.84608578682, -3.56554794312],
        "cov": [[16430.7128906, -457.949066162, 1158.85473633, 2448.67382812, 794.722717285, 1619.87609863, 607.08190918, 913.480895996, 271.697509766, 815.252624512, 386.057861328, 405.61529541, -170.148727417], [-457.949066162, 2413.37939453, -103.319763184, 28.2298984528, 749.158813477, -242.178894043, 432.852600098, -178.047134399, 167.173400879, -256.3409729, 140.864135742, -146.971557617, 195.295394897], [1158.85473633, -103.319763184, 1557.61499023, 801.132324219, 440.26550293, 667.992004395, 277.516082764, 288.003265381, 175.446212769, 221.759170532, -22.7395267487, 159.243240356, -83.7633743286], [2448.67382812, 28.2298984528, 801.132324219, 1421.98266602, 666.786376953, 577.561157227, 440.310516357, 295.592346191, 273.289855957, 223.449050903, 74.3651123047, 86.2003707886, 24.4271526337], [794.722717285, 749.158813477, 440.26550293, 666.786376953, 841.303527832, 292.721191406, 460.689758301, 131.897598267, 216.368179321, 64.103843689, 44.5796928406, 13.2391328812, 47.7309761047], [1619.87609863, -242.178894043, 667.992004395, 577.561157227, 292.721191406, 634.162963867, 311.616943359, 261.390350342, 142.415267944, 212.097885132, 58.0184822083, 96.2568664551, -76.9664611816], [607.08190918, 432.852600098, 277.516082764, 440.310516357, 460.689758301, 311.616943359, 496.045288086, 157.139953613, 183.097320557, 79.3390579224, 82.4312133789, 42.605304718, 11.9027309418], [913.480895996, -178.047134399, 288.003265381, 295.592346191, 131.897598267, 261.390350342, 157.139953613, 256.041107178, 94.9560928345, 114.076126099, 35.9416313171, 63.8786811829, -15.8862628937], [271.697509766, 167.173400879, 175.446212769, 273.289855957, 216.368179321, 142.415267944, 183.097320557, 94.9560928345, 191.415023804, 67.5029144287, 49.6712341309, 24.7049884796, 23.4507350922], [815.252624512, -256.3409729, 221.759170532, 223.449050903, 64.103843689, 212.097885132, 79.3390579224, 114.076126099, 67.5029144287, 183.187194824, 48.8108062744, 53.8578834534, -37.2230110168], [386.057861328, 140.864135742, -22.7395267487, 74.3651123047, 44.5796928406, 58.0184822083, 82.4312133789, 35.9416313171, 49.6712341309, 48.8108062744, 162.980728149, 36.0508804321, 38.8539848328], [405.61529541, -146.971557617, 159.243240356, 86.2003707886, 13.2391328812, 96.2568664551, 42.605304718, 63.8786811829, 24.7049884796, 53.8578834534, 36.0508804321, 142.204223633, 9.89124965668], [-170.148727417, 195.295394897, -83.7633743286, 24.4271526337, 47.7309761047, -76.9664611816, 11.9027309418, -15.8862628937, 23.4507350922, -37.2230110168, 38.8539848328, 9.89124965668, 131.009460449]],
        "icov": [[0.00014601147268, -0.000237523476244, 0.000238472697674, -0.000302461645333, 0.000105238825199, -0.000387578009395, 0.000368689507013, -0.000323748274241, 0.000344714411767, -0.000434111570939, 8.02120266599e-05, -0.000390258821426, 0.000234411214478], [-0.000237523476244, 0.00195312965661, -0.000900646904483, 0.000997450901195, -0.00147397432011, 0.0015199551126, -0.00163165992126, 0.00129101192579, -0.00100780802313, 0.00245287362486, -0.00193085987121, 0.00191846489906, -0.000941951351706], [0.000238472697674, -0.000900646904483, 0.00205536885187, -0.000889044487849, 0.000103389451397, -0.0022875382565, 0.00167252623942, -0.000801326707006, 0.000381032616133, -0.00110132410191, 0.00149403419346, -0.00206191162579, 0.000832983874716], [-0.000302461645333, 0.000997450901195, -0.000889044487849, 0.00249970052391, -0.0014710703399, 0.000393671856727, -0.000885361863766, 0.000581820844673, -0.00140424631536, 0.000816512620077, -0.000621103157755, 0.00144046125934, -0.0014371983707], [0.000105238825199, -0.00147397432011, 0.000103389451397, -0.0014710703399, 0.00457487767562, -0.000500064634252, -0.00150110060349, -0.000234258011915, -1.58032635227e-05, -0.0015172213316, 0.00206345436163, -0.000513323291671, -0.000179726514034], [-0.000387578009395, 0.0015199551126, -0.0022875382565, 0.000393671856727, -0.000500064634252, 0.00780724780634, -0.00389317027293, -0.000647387641948, -0.000182828691322, -0.00035844402737, -0.00192268821411, 0.00179667014163, 0.0011043716222], [0.000368689507013, -0.00163165992126, 0.00167252623942, -0.000885361863766, -0.00150110060349, -0.00389317027293, 0.00800045579672, -0.00211994466372, -0.00107817107346, -0.000531443569344, 3.7029672967e-05, -0.00247877184302, 0.0016395195853], [-0.000323748274241, 0.00129101192579, -0.000801326707006, 0.000581820844673, -0.000234258011915, -0.000647387641948, -0.00211994466372, 0.00884635094553, -0.00224079238251, 0.00029180207639, -0.000473306659842, 0.000420086085796, -0.00140280416235], [0.000344714411767, -0.00100780802313, 0.000381032616133, -0.00140424631536, -1.58032635227e-05, -0.000182828691322, -0.00107817107346, -0.00224079238251, 0.0110455583781, -0.00362686463632, -0.000109111591883, -0.000611027528066, -0.000749081315007], [-0.000434111570939, 0.00245287362486, -0.00110132410191, 0.000816512620077, -0.0015172213316, -0.00035844402737, -0.000531443569344, 0.00029180207639, -0.00362686463632, 0.0147646162659, -0.00478941015899, 0.00106945389416, 0.00153304170817], [8.02120266599e-05, -0.00193085987121, 0.00149403419346, -0.000621103157755, 0.00206345436163, -0.00192268821411, 3.7029672967e-05, -0.000473306659842, -0.000109111591883, -0.00478941015899, 0.0109830889851, -0.00300435558893, -0.00226027448662], [-0.000390258821426, 0.00191846489906, -0.00206191162579, 0.00144046125934, -0.000513323291671, 0.00179667014163, -0.00247877184302, 0.000420086085796, -0.000611027528066, 0.00106945389416, -0.00300435558893, 0.0116214593872, -0.00300808926113], [0.000234411214478, -0.000941951351706, 0.000832983874716, -0.0014371983707, -0.000179726514034, 0.0011043716222, 0.0016395195853, -0.00140280416235, -0.000749081315007, 0.00153304170817, -0.00226027448662, -0.00300808926113, 0.0120045309886]]
    },
    "melbands": {
        "dmean": [0.00423695473, 0.00191581808031, 0.000338775891578, 0.000162923810421, 0.00025614068727, 0.000270613265457, 0.000192055580555, 0.00015445779718, 0.000158852082677, 0.000164044700796, 0.000128840867546, 9.23139741644e-05, 0.000119773452752, 8.36108883959e-05, 5.06869400851e-05, 4.40127041657e-05, 4.30939653597e-05, 2.57869069173e-05, 2.37300610024e-05, 1.79295730049e-05, 1.25262859001e-05, 1.12789848572e-05, 9.2073041742e-06, 8.7489706857e-06, 9.67815594777e-06, 6.19490538156e-06, 5.94142102273e-06, 6.24310223429e-06, 4.73060299555e-06, 3.05252456201e-06, 2.71546150543e-06, 1.9042030317e-06, 1.70604187133e-06, 2.15049431063e-06, 2.74307240034e-06, 2.09369522963e-06, 1.62470996656e-06, 1.27613111545e-06, 1.06437823888e-06, 8.96635697245e-07],
        "dmean2": [0.00604711193591, 0.00276377168484, 0.000508468830958, 0.000244222523179, 0.000387881533243, 0.00039874605136, 0.00028933561407, 0.000230862264289, 0.000245335744694, 0.000246018840699, 0.00019841415633, 0.000140337564517, 0.000181859199074, 0.000130815620651, 7.86987220636e-05, 6.96124698152e-05, 6.82355312165e-05, 4.0949536924e-05, 3.72321956092e-05, 2.85943806375e-05, 1.9818171495e-05, 1.72200107045e-05, 1.47959590322e-05, 1.39407447932e-05, 1.53583478095e-05, 9.9996705103e-06, 9.46058662521e-06, 9.67760479398e-06, 7.51940478949e-06, 5.03043247591e-06, 4.45837940788e-06, 3.06574997921e-06, 2.78483048533e-06, 3.47230684383e-06, 4.45703471996e-06, 3.46722413269e-06, 2.63276751866e-06, 2.06192203223e-06, 1.71099782165e-06, 1.47710488818e-06],
        "dvar": [8.02067152108e-05, 1.94728181668e-05, 7.07497122221e-07, 7.94109524804e-08, 2.17543458803e-07, 2.1418438223e-07, 1.73852740204e-07, 1.39255178055e-07, 1.58334032108e-07, 1.99657961275e-07, 8.52741379731e-08, 5.01245267515e-08, 7.47898099007e-08, 3.55525742179e-08, 2.07287040865e-08, 2.4452152303e-08, 1.46793350808e-08, 4.89701879047e-09, 3.61581387054e-09, 1.94558369415e-09, 1.06205477746e-09, 8.39660119212e-10, 3.93492516348e-10, 3.30750066224e-10, 4.2233641584e-10, 1.58428006825e-10, 1.39152481204e-10, 1.39697794999e-10, 7.71930783183e-11, 4.95616152285e-11, 4.14428664997e-11, 1.9767944226e-11, 1.53837428907e-11, 1.8004934349e-11, 2.58513002671e-11, 1.57442392457e-11, 8.30954489245e-12, 5.70308600692e-12, 4.47897274825e-12, 3.10066620816e-12],
        "dvar2": [0.000162030599313, 4.10017055401e-05, 1.7872727085e-06, 1.79751083351e-07, 5.04196691509e-07, 4.59392850871e-07, 3.7439374978e-07, 2.90688376481e-07, 3.43063874197e-07, 4.18103667243e-07, 1.9758606129e-07, 1.0738298073e-07, 1.70738076122e-07, 8.03486130962e-08, 3.93668777576e-08, 5.21946965648e-08, 3.33009992914e-08, 1.13105391719e-08, 8.47538217386e-09, 4.52262938211e-09, 2.42028730391e-09, 1.76679082475e-09, 9.41909106267e-10, 7.91545551326e-10, 9.65602153791e-10, 3.93023086298e-10, 3.24211463232e-10, 3.1390504085e-10, 1.79850592752e-10, 1.18077575495e-10, 1.00063630992e-10, 4.87529287774e-11, 3.62320867753e-11, 4.25031329576e-11, 6.25084359274e-11, 4.09514332167e-11, 1.9772943699e-11, 1.38540845462e-11, 1.06968288394e-11, 7.65074201908e-12],
        "max": [0.101991146803, 0.0593228600919, 0.012741711922, 0.00536454515532, 0.00859109405428, 0.008848243393, 0.0128731634468, 0.00982174556702, 0.00930112134665, 0.012080210261, 0.00606217002496, 0.00624595023692, 0.00595261435956, 0.00485071213916, 0.00557127734646, 0.00625753728673, 0.00386137329042, 0.00197877804749, 0.00122160138562, 0.00123657274526, 0.00118187454063, 0.000993727939203, 0.000381447927793, 0.000392209651181, 0.000508268887643, 0.00034417869756, 0.000373077054974, 0.000403544458095, 0.000114787224447, 0.000120465098007, 7.16335780453e-05, 5.50954791834e-05, 6.95909620845e-05, 5.67837887502e-05, 6.77643693052e-05, 5.10350691911e-05, 3.75869276468e-05, 4.1958221118e-05, 3.19952596328e-05, 2.5113371521e-05],
        "mean": [0.0161292590201, 0.00597075978294, 0.000668779131956, 0.000370375229977, 0.000543184811249, 0.000573766999878, 0.000386803993024, 0.000327963090967, 0.000254363694694, 0.000253270030953, 0.00018394557992, 0.000145086640259, 0.000194402513443, 0.00014852458844, 7.76487941039e-05, 5.93004806433e-05, 5.84979607083e-05, 3.53035102307e-05, 3.30506736645e-05, 2.48455071414e-05, 1.79205453605e-05, 1.67538491951e-05, 1.35290010803e-05, 1.33594849103e-05, 1.47715973071e-05, 9.33598221309e-06, 9.56359690463e-06, 1.02758494904e-05, 6.9977363637e-06, 4.14690384787e-06, 3.48308935827e-06, 2.42064288614e-06, 2.21969776248e-06, 2.8650040349e-06, 3.75405579689e-06, 2.80031690636e-06, 2.39408723246e-06, 1.89418551599e-06, 1.40339909649e-06, 1.08399660803e-06],
        "median": [0.00938882585615, 0.00190102972556, 0.000299351842841, 0.000191551458556, 0.000247478077654, 0.000212390339584, 0.000110699918878, 6.06331777817e-05, 5.32413323526e-05, 5.87887006986e-05, 5.26012227056e-05, 3.34539145115e-05, 3.98781594413e-05, 3.38558420481e-05, 1.97925601242e-05, 1.11262743303e-05, 1.40882693813e-05, 1.02949734355e-05, 1.04417113107e-05, 8.81017786014e-06, 7.18379851605e-06, 6.48102786727e-06, 5.02993134432e-06, 5.19712966707e-06, 4.89316607855e-06, 3.8349830902e-06, 3.93227628592e-06, 3.94335074816e-06, 2.91036053568e-06, 1.59013120538e-06, 1.13935686841e-06, 7.55428402499e-07, 6.56361009987e-07, 8.75926559729e-07, 1.42918634083e-06, 1.14391252737e-06, 9.87223188531e-07, 8.204669939e-07, 4.51386085842e-07, 2.33831443097e-07],
        "min": [9.73413967364e-24, 3.76486864688e-24, 2.32774295178e-24, 3.41257953826e-24, 6.47129185165e-24, 3.31290696288e-24, 4.36758283316e-24, 4.21562179597e-24, 4.1490332581e-24, 7.94718828531e-24, 6.18752556784e-24, 5.35308033521e-24, 4.39449442851e-24, 6.8265253836e-24, 4.2978159747e-24, 4.45170459351e-24, 5.54026361738e-24, 1.28627091701e-23, 7.75880751228e-24, 6.39737164053e-24, 6.04961138236e-24, 7.52144478793e-24, 9.13132293545e-24, 8.48940236218e-24, 5.17091065852e-24, 7.65283824916e-24, 9.99388159302e-24, 9.66896635224e-24, 5.61361584866e-24, 1.05297611168e-23, 8.43727995559e-24, 6.36580458255e-24, 5.68190043747e-24, 7.98902946772e-24, 6.45467922985e-24, 8.92274180122e-24, 9.01563017281e-24, 8.13291375253e-24, 1.23381655775e-23, 9.63417127543e-24],
        "var": [0.000390987639548, 7.50226317905e-05, 1.09675806925e-06, 2.74382045973e-07, 6.50833442251e-07, 7.33378442419e-07, 5.96338054493e-07, 7.3153125868e-07, 3.85963602412e-07, 4.5777707669e-07, 1.37213135076e-07, 1.21393355812e-07, 1.81419011369e-07, 1.16773236414e-07, 5.13367837129e-08, 4.17680361409e-08, 2.59797179325e-08, 7.69947927637e-09, 5.86230175514e-09, 3.19243875779e-09, 1.56512092175e-09, 1.5333553316e-09, 6.37320973773e-10, 5.89156501363e-10, 8.10662981188e-10, 2.2856405657e-10, 2.66210692379e-10, 3.166342466e-10, 1.27544350081e-10, 6.22612100765e-11, 4.92494586779e-11, 2.31027887793e-11, 1.92821678763e-11, 2.53822518559e-11, 3.56052340389e-11, 1.85019013998e-11, 1.30589705716e-11, 9.09666612869e-12, 5.98629349216e-12, 4.15002624279e-12]
    },
    "mfcc": {
        "mean": [-651.142883301, 115.834274292, 4.92752695084, 12.6965274811, 0.851661741734, 0.941977977753, 3.0972135067, 4.36736679077, -4.27007102966, 5.81985187531, -6.52002096176, 4.06389951706, 1.69903850555],
        "cov": [[10456.6943359, -465.266479492, 678.34173584, 1139.86950684, 755.191894531, 947.874450684, 868.362670898, 690.140991211, 435.097961426, 703.65423584, 459.681671143, 535.219848633, 451.828399658], [-465.266479492, 1721.9642334, -154.091339111, 218.154602051, 116.612380981, 114.965805054, 136.842926025, 124.50970459, 90.7747344971, -26.9226837158, -11.1800518036, -20.0501785278, -3.98018813133], [678.34173584, -154.091339111, 1037.83752441, 292.736755371, 324.285339355, 396.602874756, 203.859832764, 244.785614014, 177.799835205, 118.270980835, 167.754928589, 126.404769897, 125.083938599], [1139.86950684, 218.154602051, 292.736755371, 946.39855957, 461.277008057, 498.550842285, 325.183105469, 326.128875732, 300.435668945, 209.823150635, 198.770751953, 107.339866638, 120.675666809], [755.191894531, 116.612380981, 324.285339355, 461.277008057, 442.320495605, 332.051727295, 219.017547607, 209.390670776, 191.453323364, 154.992324829, 126.520050049, 64.6270904541, 69.227394104], [947.874450684, 114.965805054, 396.602874756, 498.550842285, 332.051727295, 594.029907227, 315.959442139, 305.991821289, 251.563186646, 179.453918457, 241.999893188, 116.236984253, 147.767547607], [868.362670898, 136.842926025, 203.859832764, 325.183105469, 219.017547607, 315.959442139, 351.631713867, 234.083618164, 161.711456299, 159.065658569, 133.694244385, 118.386001587, 104.567443848], [690.140991211, 124.50970459, 244.785614014, 326.128875732, 209.390670776, 305.991821289, 234.083618164, 328.972015381, 195.410812378, 121.560134888, 143.426940918, 103.036422729, 122.812515259], [435.097961426, 90.7747344971, 177.799835205, 300.435668945, 191.453323364, 251.563186646, 161.711456299, 195.410812378, 242.289474487, 106.165077209, 128.890380859, 45.9569206238, 59.0026130676], [703.65423584, -26.9226837158, 118.270980835, 209.823150635, 154.992324829, 179.453918457, 159.065658569, 121.560134888, 106.165077209, 220.940963745, 100.690704346, 65.6007156372, 53.9461364746], [459.681671143, -11.1800518036, 167.754928589, 198.770751953, 126.520050049, 241.999893188, 133.694244385, 143.426940918, 128.890380859, 100.690704346, 206.618927002, 78.459602356, 74.1806259155], [535.219848633, -20.0501785278, 126.404769897, 107.339866638, 64.6270904541, 116.236984253, 118.386001587, 103.036422729, 45.9569206238, 65.6007156372, 78.459602356, 165.847549438, 103.363319397], [451.828399658, -3.98018813133, 125.083938599, 120.675666809, 69.227394104, 147.767547607, 104.567443848, 122.812515259, 59.0026130676, 53.9461364746, 74.1806259155, 103.363319397, 167.390228271]],
