{
"lowlevel": {
    "average_loudness": 0.733683824539,
    "barkbands_crest": {
        "dmean": 2.06083369255,
        "dmean2": 3.17359662056,
        "dvar": 5.19792413712,
        "dvar2": 11.875752449,
        "max": 26.6062049866,
        "mean": 12.8732967377,
        "median": 12.0379896164,
        "min": 2.29116201401,
        "var": 25.650598526
    },
    "barkbands_flatness_db": {
        "dmean": 0.0237969886512,
        "dmean2": 0.0357017405331,
        "dvar": 0.000740396906622,
        "dvar2": 0.00163016654551,
        "max": 0.566251933575,
        "mean": 0.186576977372,
        "median": 0.161500260234,
        "min": 0.0230189245194,
        "var": 0.00806867331266
    },
    "barkbands_kurtosis": {
        "dmean": 6.30293941498,
        "dmean2": 9.59895610809,
        "dvar": 247.999008179,
        "dvar2": 539.254760742,
        "max": 405.148956299,
        "mean": 13.2862205505,
        "median": 4.40180206299,
        "min": -1.91967272758,
        "var": 1017.09063721
    },
    "barkbands_skewness": {
        "dmean": 0.63271188736,
        "dmean2": 0.931870758533,
        "dvar": 0.705000579357,
        "dvar2": 1.44639027119,
        "max": 18.1918010712,
        "mean": 2.18629765511,
        "median": 1.78082358837,
        "min": -6.85000801086,
        "var": 4.58084917068
    },
    "barkbands_spread": {
        "dmean": 4.53649902344,
        "dmean2": 6.77072525024,
        "dvar": 43.5431442261,
        "dvar2": 98.4465332031,
        "max": 140.118774414,
        "mean": 16.0915679932,
        "median": 12.8865423203,
        "min": 0.162733316422,
        "var": 163.630966187
    },
    "dissonance": {
        "dmean": 0.0285520218313,
        "dmean2": 0.0481214635074,
        "dvar": 0.0011665772181,
        "dvar2": 0.00318549247459,
        "max": 0.499999910593,
        "mean": 0.441149532795,
        "median": 0.458655744791,
        "min": 0.144219115376,
        "var": 0.00281493808143
    },
    "dynamic_complexity": 4.41467666626,
    "erbbands_crest": {
        "dmean": 2.65670156479,
        "dmean2": 4.20520544052,
        "dvar": 8.75296974182,
        "dvar2": 20.0047664642,
        "max": 33.0900154114,
        "mean": 10.7744789124,
        "median": 8.87995243073,
        "min": 2.23369026184,
        "var": 43.1953964233
    },
    "erbbands_flatness_db": {
        "dmean": 0.0187710300088,
        "dmean2": 0.0283550228924,
        "dvar": 0.000519093475305,
        "dvar2": 0.00111374666449,
        "max": 0.527893424034,
        "mean": 0.166571885347,
        "median": 0.139565274119,
        "min": 0.043422088027,
        "var": 0.00708143459633
    },
    "erbbands_kurtosis": {
        "dmean": 2.02778291702,
        "dmean2": 3.16006374359,
        "dvar": 23.6940689087,
        "dvar2": 52.6493415833,
        "max": 145.242752075,
        "mean": 2.82764744759,
        "median": 0.336052179337,
        "min": -1.74951100349,
        "var": 60.7859954834
    },
    "erbbands_skewness": {
        "dmean": 0.389517188072,
        "dmean2": 0.587634623051,
        "dvar": 0.221556454897,
        "dvar2": 0.491318225861,
        "max": 9.66655349731,
        "mean": 0.638697862625,
        "median": 0.539102077484,
        "min": -4.51547336578,
        "var": 0.917546153069
    },
    "erbbands_spread": {
        "dmean": 7.20967912674,
        "dmean2": 11.0517568588,
        "dvar": 76.4436721802,
        "dvar2": 167.898788452,
        "max": 166.535263062,
        "mean": 35.8946838379,
        "median": 33.6583976746,
        "min": 0.400771170855,
        "var": 583.86895752
    },
    "hfc": {
        "dmean": 7.00256633759,
        "dmean2": 10.1009883881,
        "dvar": 150.396133423,
        "dvar2": 324.795715332,
        "max": 176.161727905,
        "mean": 24.1849441528,
        "median": 15.6920099258,
        "min": 1.05037227214e-16,
        "var": 624.523132324
    },
    "melbands_crest": {
        "dmean": 2.3003013134,
        "dmean2": 3.56425142288,
        "dvar": 7.45975399017,
        "dvar2": 17.8799419403,
        "max": 39.5646095276,
        "mean": 17.6004943848,
        "median": 16.277759552,
        "min": 1.63671267033,
        "var": 61.3949699402
    },
    "melbands_flatness_db": {
        "dmean": 0.0258686412126,
        "dmean2": 0.0380693264306,
        "dvar": 0.000941571488511,
        "dvar2": 0.00202953000553,
        "max": 0.700187087059,
        "mean": 0.262433111668,
        "median": 0.246060326695,
        "min": 0.00270899152383,
        "var": 0.0114453956485
    },
    "melbands_kurtosis": {
        "dmean": 14.5637588501,
        "dmean2": 22.1896038055,
        "dvar": 2186.78149414,
        "dvar2": 4951.03662109,
        "max": 2265.24072266,
        "mean": 34.9905662537,
        "median": 9.78756332397,
        "min": -1.93790888786,
        "var": 14052.2324219
    },
    "melbands_skewness": {
        "dmean": 0.80657595396,
        "dmean2": 1.19255578518,
        "dvar": 1.42808675766,
        "dvar2": 2.89762282372,
        "max": 38.8755493164,
        "mean": 3.33575320244,
        "median": 2.46542692184,
        "min": -6.10937166214,
        "var": 12.75187397
    },
    "melbands_spread": {
        "dmean": 3.95889306068,
        "dmean2": 5.88845872879,
        "dvar": 38.485786438,
        "dvar2": 76.350440979,
        "max": 284.07019043,
        "mean": 16.1362266541,
        "median": 11.6643123627,
        "min": 0.147815898061,
        "var": 376.672363281
    },
    "pitch_salience": {
        "dmean": 0.063363917172,
        "dmean2": 0.0994369983673,
        "dvar": 0.00527460081503,
        "dvar2": 0.0127501469105,
        "max": 0.89014083147,
        "mean": 0.461073994637,
        "median": 0.465841650963,
        "min": 0.0256018526852,
        "var": 0.0271657314152
    },
    "silence_rate_20dB": {
        "dmean": 0,
        "dmean2": 0,
        "dvar": 0,
        "dvar2": 0,
        "max": 1,
        "mean": 1,
        "median": 1,
        "min": 1,
        "var": 0
    },
    "silence_rate_30dB": {
        "dmean": 0.058565735817,
        "dmean2": 0.117143139243,
        "dvar": 0.0551303885877,
        "dvar2": 0.126926541328,
        "max": 1,
        "mean": 0.797928512096,
        "median": 1,
        "min": 0,
        "var": 0.161263406277
    },
    "silence_rate_60dB": {
        "dmean": 0.016932271421,
        "dmean2": 0.0338679142296,
        "dvar": 0.0166464373469,
        "dvar2": 0.0365089811385,
        "max": 1,
        "mean": 0.107359826565,
        "median": 0,
        "min": 0,
        "var": 0.0958424806595
    },
    "spectral_centroid": {
        "dmean": 162.930297852,
        "dmean2": 241.732620239,
        "dvar": 50854.9257812,
        "dvar2": 102346.507812,
        "max": 11588.2802734,
        "mean": 1182.5378418,
        "median": 957.736755371,
        "min": 92.2477493286,
        "var": 1595409.5
    },
    "spectral_complexity": {
        "dmean": 3.11553788185,
        "dmean2": 4.7329416275,
        "dvar": 16.1495513916,
        "dvar2": 31.9106674194,
        "max": 61,
        "mean": 17.0170307159,
        "median": 15,
        "min": 0,
        "var": 133.241210938
    },
    "spectral_decrease": {
        "dmean": 3.11812176079e-09,
        "dmean2": 4.61824800624e-09,
        "dvar": 3.66409016015e-17,
        "dvar2": 8.16133317687e-17,
        "max": 1.78185497711e-28,
        "mean": -1.44040166461e-08,
        "median": -6.74930999978e-09,
        "min": -8.29854513995e-08,
        "var": 2.46184408647e-16
    },
    "spectral_energy": {
        "dmean": 0.0119922524318,
        "dmean2": 0.0177115499973,
        "dvar": 0.000522764574271,
        "dvar2": 0.00116650597192,
        "max": 0.316043198109,
        "mean": 0.0565574653447,
        "median": 0.026969788596,
        "min": 1.01448079886e-20,
        "var": 0.0036536057014
    },
    "spectral_energyband_high": {
        "dmean": 0.000608541595284,
        "dmean2": 0.000882251595613,
        "dvar": 1.57294800829e-06,
        "dvar2": 3.43705482919e-06,
        "max": 0.0149207022041,
        "mean": 0.00129120063502,
        "median": 0.000468932877993,
        "min": 6.91383809263e-21,
        "var": 3.61049796993e-06
    },
    "spectral_energyband_low": {
        "dmean": 0.0103940395638,
        "dmean2": 0.0152297411114,
        "dvar": 0.000566873815842,
        "dvar2": 0.00123989954591,
        "max": 0.304214596748,
        "mean": 0.0393868014216,
        "median": 0.00768264755607,
        "min": 1.34615295389e-23,
        "var": 0.00305519602261
    },
    "spectral_energyband_middle_high": {
        "dmean": 0.00164637505077,
        "dmean2": 0.00250608194619,
        "dvar": 5.79299103265e-06,
        "dvar2": 1.22492783703e-05,
        "max": 0.0376058481634,
        "mean": 0.00500670401379,
        "median": 0.00355548970401,
        "min": 1.23021669198e-21,
        "var": 2.90262923954e-05
    },
    "spectral_energyband_middle_low": {
        "dmean": 0.00290144607425,
        "dmean2": 0.00435010064393,
        "dvar": 3.85400890082e-05,
        "dvar2": 9.56404910539e-05,
        "max": 0.137438118458,
        "mean": 0.0113778486848,
        "median": 0.00810491852462,
        "min": 1.45990701197e-22,
        "var": 0.000118962117995
    },
    "spectral_entropy": {
        "dmean": 0.186120316386,
        "dmean2": 0.277199596167,
        "dvar": 0.057407733053,
        "dvar2": 0.128772363067,
        "max": 9.82650566101,
        "mean": 7.30478382111,
        "median": 7.64952135086,
        "min": 4.5120844841,
        "var": 0.889494478703
    },
    "spectral_flux": {
        "dmean": 0.0242785755545,
        "dmean2": 0.0372029915452,
        "dvar": 0.0013706338359,
        "dvar2": 0.00280990055762,
        "max": 0.573522150517,
        "mean": 0.0721763968468,
        "median": 0.059498231858,
        "min": 6.48004566672e-11,
        "var": 0.0038588384632
    },
    "spectral_kurtosis": {
        "dmean": 2.9907772541,
        "dmean2": 4.7140879631,
        "dvar": 35.5721969604,
        "dvar2": 84.7568969727,
        "max": 158.177154541,
        "mean": 9.33459854126,
        "median": 3.53473424911,
        "min": -1.34341156483,
        "var": 176.254974365
    },
    "spectral_rms": {
        "dmean": 0.000698991992977,
        "dmean2": 0.0010177497752,
        "dvar": 1.10810378828e-06,
        "dvar2": 2.34345111494e-06,
        "max": 0.0175594650209,
        "mean": 0.00625951681286,
        "median": 0.005129521247,
        "min": 3.14600927774e-12,
        "var": 1.5996671209e-05
    },
    "spectral_rolloff": {
        "dmean": 268.452087402,
        "dmean2": 434.260345459,
        "dvar": 475235.90625,
        "dvar2": 1118439.375,
        "max": 19832.0800781,
        "mean": 1175.3359375,
        "median": 689.0625,
        "min": 21.533203125,
        "var": 5625872.5
    },
    "spectral_skewness": {
        "dmean": 0.293476104736,
        "dmean2": 0.450832515955,
        "dvar": 0.176344007254,
        "dvar2": 0.400404602289,
        "max": 10.4731502533,
        "mean": 2.2205581665,
        "median": 1.61985063553,
        "min": -0.0651135146618,
        "var": 1.81859898567
    },
    "spectral_spread": {
        "dmean": 687830.125,
        "dmean2": 1033530.6875,
        "dvar": 1.052000256e+12,
        "dvar2": 2.37061065933e+12,
        "max": 51238120,
        "mean": 5536725.5,
        "median": 5344424,
        "min": 577999.375,
        "var": 1.91973252137e+13
    },
    "spectral_strongpeak": {
        "dmean": 0.321123868227,
        "dmean2": 0.520508408546,
        "dvar": 0.292872369289,
        "dvar2": 0.678334712982,
        "max": 5.68589305878,
        "mean": 0.861299753189,
        "median": 0.68142592907,
        "min": 0,
        "var": 0.609353899956
    },
    "zerocrossingrate": {
        "dmean": 0.00904283300042,
        "dmean2": 0.0111550306901,
        "dvar": 0.000153256973135,
        "dvar2": 0.000188291684026,
        "max": 0.88232421875,
        "mean": 0.0530744343996,
        "median": 0.03857421875,
        "min": 0.0009765625,
        "var": 0.00459746224806
    },
    "barkbands": {
        "dmean": [0.000902422179934, 0.00904519669712, 0.00294497003779, 0.000920962309465, 0.00117232673801, 0.00072318315506, 0.000645322550554, 0.000404378050007, 0.000613027950749, 0.0004396471777, 0.000822281755973, 0.000352757779183, 0.000384329643566, 0.000129865133204, 0.000158777198521, 0.000117736315588, 9.92573914118e-05, 0.000152415770572, 0.000105666083982, 0.000109431741294, 0.000117758012493, 0.000119131378597, 9.96395028778e-05, 8.75335827004e-05, 0.000127258332213, 0.000103089034383, 6.48162085781e-06],
        "dmean2": [0.00122094037943, 0.0133447544649, 0.00494072027504, 0.00152267538942, 0.00178890489042, 0.00112202775199, 0.000887394300662, 0.000571184034925, 0.000882906897459, 0.000688966712914, 0.00128246203531, 0.000560943677556, 0.000589101517107, 0.000218582266825, 0.000241833855398, 0.000190726743313, 0.000157088012202, 0.000241034154897, 0.000166795216501, 0.000174892775249, 0.000179013601155, 0.000180750867003, 0.000153213535668, 0.000131807129947, 0.000209637946682, 0.000158691371325, 1.03596476038e-05],
        "dvar": [1.83123247552e-05, 0.000526717456523, 0.000114418682642, 1.265006631e-05, 6.94485834174e-06, 2.25055669034e-06, 2.40365625359e-06, 1.10745611437e-06, 1.86948409464e-06, 5.39461836979e-07, 2.1993835162e-06, 6.79907998347e-07, 1.1731781342e-06, 7.93644190367e-08, 7.70191874722e-08, 6.97736126654e-08, 3.681052263e-08, 9.77027525551e-08, 6.37801349512e-08, 4.59429969624e-08, 6.5076775968e-08, 7.92147361039e-08, 4.76088537482e-08, 3.00698843603e-08, 1.22031806882e-07, 7.00980109514e-08, 4.55856130621e-10],
        "dvar2": [3.63905492122e-05, 0.00112041993998, 0.000328826950863, 3.55218908226e-05, 1.66922091012e-05, 6.00203475187e-06, 4.28009343523e-06, 2.18912009586e-06, 3.56946452484e-06, 1.29534646476e-06, 5.06589685756e-06, 1.7104730432e-06, 2.57355213762e-06, 2.09499205539e-07, 1.63972444511e-07, 1.73428546191e-07, 8.21622592184e-08, 2.41655641275e-07, 1.4216637112e-07, 1.12709585665e-07, 1.33645770006e-07, 1.63936221043e-07, 1.07363973711e-07, 6.82385490336e-08, 3.30005775595e-07, 1.72259234432e-07, 1.14111964322e-09],
        "max": [0.165358006954, 0.28768107295, 0.186890035868, 0.086977481842, 0.0556900128722, 0.0261551551521, 0.0400890484452, 0.0398993380368, 0.0351867377758, 0.0116652781144, 0.0254666488618, 0.0162899121642, 0.029457192868, 0.00430298037827, 0.00530906394124, 0.00438710162416, 0.00386100029573, 0.00509027438238, 0.0048654852435, 0.00295007391833, 0.00361182983033, 0.0042252340354, 0.00315866200253, 0.00211226497777, 0.0047531183809, 0.00253443885595, 0.000325329951011],
        "mean": [0.00261999643408, 0.0293545611203, 0.00700332364067, 0.00142962718382, 0.00326029886492, 0.00203880295157, 0.00214345520362, 0.000825444876682, 0.00149142718874, 0.000800400797743, 0.00147792650387, 0.000647832290269, 0.00073005084414, 0.000193077052245, 0.000290693395073, 0.000207159129786, 0.000184276286745, 0.000271581840934, 0.000191500526853, 0.000227611555601, 0.000222022878006, 0.000220083311433, 0.000210217825952, 0.000174425906152, 0.000192644656636, 0.000142369783134, 6.63443961457e-06],
        "median": [1.92751103896e-05, 0.00315172621049, 0.00118907855358, 0.000457033514977, 0.00189103069715, 0.00121081259567, 0.00056190660689, 0.000261754583335, 0.000440519041149, 0.000397053256165, 0.000635185395367, 0.000209281715797, 0.000157714253874, 7.68968238845e-05, 0.000112687841465, 6.5903441282e-05, 7.38885355531e-05, 8.99294973351e-05, 7.38697344786e-05, 8.97344361874e-05, 8.5800063971e-05, 6.94306872902e-05, 6.35686446913e-05, 5.62683562748e-05, 3.70952075173e-05, 2.65481885435e-05, 1.87111794503e-07],
        "min": [1.46601738063e-25, 2.25983741063e-24, 1.10723343226e-24, 5.82910868631e-25, 9.18078293648e-24, 5.19730909985e-24, 6.99102497045e-24, 9.68762291265e-24, 1.6574969472e-23, 9.9168477479e-24, 1.34139486046e-23, 2.19360871166e-23, 3.62184469378e-23, 3.56226045188e-23, 4.02184923754e-23, 5.15697211741e-23, 7.78080963179e-23, 9.81296139312e-23, 1.33317783283e-22, 1.62379936524e-22, 2.40398911139e-22, 2.87271688219e-22, 3.90423493596e-22, 5.9606304755e-22, 8.90075116753e-22, 1.28504406475e-21, 1.97261472487e-21],
        "var": [0.000136212518555, 0.00222221482545, 0.000214688989217, 1.32847080749e-05, 1.77354577318e-05, 6.2091030486e-06, 1.44525365613e-05, 3.16316481985e-06, 7.33045953893e-06, 1.3516269064e-06, 5.23062226421e-06, 2.18377203964e-06, 4.35536776422e-06, 1.17628694341e-07, 2.2791796539e-07, 1.3819847311e-07, 8.664726181e-08, 1.98775708782e-07, 1.19890941619e-07, 1.09456891551e-07, 1.37202235351e-07, 1.63073082149e-07, 1.06126982757e-07, 6.67870097004e-08, 1.31019589844e-07, 8.41999110435e-08, 4.52793885719e-10]
    },
    "erbbands": {
        "dmean": [0.332161098719, 2.01023507118, 3.57560777664, 2.7384519577, 3.64824485779, 3.97080731392, 5.04078722, 6.61541700363, 7.34057044983, 8.36571025848, 9.92584514618, 14.7624425888, 10.4948148727, 34.7919464111, 13.6624031067, 12.6942453384, 17.3672847748, 8.01379776001, 6.3698849678, 6.89925670624, 5.66300725937, 5.52696275711, 8.88295078278, 5.43504428864, 5.06195878983, 5.00692844391, 5.09526872635, 4.55804920197, 4.37155485153, 3.47320127487, 2.77653050423, 1.96113848686, 1.47702038288, 1.62439417839, 0.837216854095, 0.399493604898, 0.193168237805, 0.0412639155984, 0.000808566866908, 3.22914238495e-05],
        "dmean2": [0.421599507332, 3.08625006676, 5.81808996201, 4.50597143173, 5.88964891434, 5.96218109131, 7.55642986298, 10.3113422394, 10.4951467514, 11.6923475266, 13.8359117508, 21.2770996094, 15.5917873383, 54.2118721008, 21.8524894714, 20.3387966156, 26.5311374664, 12.956609726, 10.158493042, 10.5312309265, 9.12285614014, 8.90978336334, 14.0921392441, 8.80391597748, 7.9464058876, 7.84790325165, 7.92627286911, 6.80921506882, 6.65540742874, 5.2395658493, 4.34883546829, 3.03274607658, 2.27268767357, 2.70617103577, 1.36766588688, 0.631320536137, 0.294907391071, 0.0643204078078, 0.00125490140636, 4.86106546305e-05],
        "dvar": [0.81251937151, 28.1852722168, 144.251495361, 128.000228882, 108.591636658, 68.0198898315, 117.076919556, 207.033721924, 430.322265625, 304.860046387, 553.353637695, 1345.08374023, 318.933349609, 4020.69091797, 605.734436035, 850.818237305, 2423.68823242, 312.912689209, 155.670959473, 166.614700317, 127.111877441, 139.230789185, 344.031890869, 131.014877319, 154.751922607, 101.243911743, 122.503448486, 96.979385376, 102.926620483, 62.7180023193, 40.3652610779, 17.1421871185, 8.73144817352, 18.7971096039, 6.34250497818, 1.04985630512, 0.236592248082, 0.0152672044933, 5.89830960962e-06, 4.71135086499e-09],
        "dvar2": [1.32125651836, 70.0173416138, 398.019195557, 365.419158936, 282.362915039, 163.722091675, 285.046051025, 590.220214844, 812.802062988, 567.030883789, 1100.1640625, 2478.59667969, 727.851928711, 9288.54003906, 1604.29943848, 2148.28051758, 5494.31054688, 750.459716797, 380.006347656, 359.542236328, 305.256866455, 326.974487305, 840.805175781, 314.418365479, 326.62512207, 237.3152771, 277.711761475, 191.962738037, 211.606781006, 129.664962769, 93.4570541382, 37.3022384644, 21.4765834808, 50.4505691528, 17.5697040558, 2.72701573372, 0.548810601234, 0.0378580950201, 1.45375306602e-05, 1.13094786869e-08],
        "max": [13.4555177689, 66.8558654785, 189.748672485, 280.12322998, 242.537261963, 165.912796021, 205.213531494, 285.219024658, 694.855163574, 488.325714111, 719.006774902, 1021.51782227, 464.456085205, 1111.20385742, 395.099060059, 613.970153809, 1452.95239258, 456.270843506, 201.873764038, 217.908660889, 223.133972168, 244.969741821, 295.113067627, 206.868148804, 217.432037354, 147.195999146, 164.275894165, 157.702285767, 162.128799438, 140.86946106, 97.1200027466, 62.4343833923, 34.9205055237, 41.5530509949, 46.7599754333, 11.4840984344, 4.97491121292, 1.41126728058, 0.0285195633769, 0.000863274908625],
        "mean": [1.01288235188, 5.77329921722, 10.175447464, 5.10695171356, 7.45808267593, 11.4265880585, 14.7211446762, 17.5735988617, 23.5145835876, 27.3144397736, 22.6690654755, 35.8302764893, 26.6047554016, 65.4560165405, 26.505405426, 24.5928249359, 33.7703742981, 15.4003820419, 12.227098465, 13.9470748901, 11.3889579773, 10.6543207169, 15.5411729813, 10.9599084854, 9.72615242004, 10.299405098, 9.74994087219, 8.36626338959, 8.01542949677, 6.94508838654, 5.84861660004, 3.95283818245, 2.77875232697, 2.37642049789, 1.26247549057, 0.570853769779, 0.265114724636, 0.0484879501164, 0.000977715360932, 9.5222319942e-05],
        "median": [0.050458997488, 0.743988752365, 2.08146452904, 2.00661754608, 3.22904777527, 6.62418842316, 8.86473751068, 9.09471511841, 7.86002635956, 7.89024782181, 8.11646652222, 10.0947284698, 12.0496807098, 30.9072208405, 14.5804004669, 9.21705055237, 8.13763713837, 6.07532119751, 5.70213317871, 5.84003210068, 4.53404331207, 4.89473104477, 4.98144483566, 4.13842916489, 4.26064443588, 3.93929076195, 3.67095327377, 3.03761339188, 2.44895553589, 2.18651127815, 1.77854537964, 1.26808178425, 0.886508524418, 0.470523476601, 0.238513231277, 0.117244571447, 0.0516176819801, 0.00499911047518, 0.000132630608277, 3.99517739424e-05],
        "min": [6.28506056682e-23, 3.77062285076e-22, 1.38546138793e-21, 3.08571447629e-21, 8.55749605297e-21, 3.31980343925e-20, 5.00876601712e-20, 6.05909410954e-20, 1.37462037417e-19, 1.6285914471e-19, 3.18353564384e-19, 2.97446987992e-19, 4.50820258081e-19, 5.29340119234e-19, 7.10484608372e-19, 1.45788101421e-18, 1.91934481202e-18, 1.80886201992e-18, 2.34680011293e-18, 2.33813229409e-18, 3.62423560562e-18, 4.53168996072e-18, 5.15126312877e-18, 5.53306116179e-18, 7.47416082393e-18, 8.64976479974e-18, 8.7635517648e-18, 9.4943228226e-18, 1.07654264545e-17, 1.13830425132e-17, 1.0720436101e-17, 9.52639261495e-18, 1.00233908511e-17, 7.90220032115e-18, 6.51574014898e-18, 4.08833645523e-18, 2.1713981184e-18, 9.42801437034e-19, 2.36269924809e-19, 2.64725584116e-20],
        "var": [4.7225356102, 74.9978179932, 348.925323486, 133.031188965, 171.710021973, 203.654174805, 322.470031738, 574.93182373, 1676.15612793, 2057.92919922, 1758.17028809, 5065.16503906, 1377.90100098, 9842.83007812, 1504.93640137, 2504.13549805, 8626.13574219, 976.802185059, 355.604980469, 486.13772583, 310.750213623, 292.71282959, 680.113586426, 297.032409668, 303.659606934, 240.930740356, 247.571029663, 208.518264771, 221.714172363, 132.312088013, 91.829826355, 37.2010307312, 17.2778148651, 20.2264022827, 6.1914806366, 1.18707680702, 0.311315536499, 0.0160062331706, 6.24224139756e-06, 1.24473391594e-08]
    },
    "gfcc": {
        "mean": [-37.6315689087, 89.7355422974, -89.6306610107, 12.3227243423, -63.1767921448, 19.1225376129, -33.2799530029, 8.70427703857, -29.5648403168, 3.13683772087, -16.1016635895, 7.25847482681, -10.413517952],
        "cov": [[33973.1367188, -1666.00354004, -1302.35766602, 2154.17089844, -351.01071167, 1215.22802734, -81.4649200439, 1784.75024414, 210.564590454, 1042.80932617, -566.320800781, 318.005645752, -499.020324707], [-1666.00354004, 2609.9375, 733.437133789, -301.705566406, 65.6259613037, -251.330581665, -89.4152297974, -522.85949707, -175.14302063, -334.957061768, 155.202545166, -90.4030990601, 106.091346741], [-1302.35766602, 733.437133789, 1456.94897461, 181.728897095, 325.261291504, 120.084114075, 124.422767639, 16.2907791138, 148.749038696, 65.8763046265, 99.1351242065, 29.5619087219, -68.2524414062], [2154.17089844, -301.705566406, 181.728897095, 951.176391602, 389.876281738, 292.020812988, 310.599731445, 360.574920654, 264.204986572, 182.77961731, 59.7442359924, -0.460530936718, 5.34721755981], [-351.01071167, 65.6259613037, 325.261291504, 389.876281738, 479.577545166, 218.16317749, 289.974487305, 161.984542847, 167.506332397, 64.3299713135, 73.2931213379, 7.03290605545, 63.3127365112], [1215.22802734, -251.330581665, 120.084114075, 292.020812988, 218.16317749, 338.738037109, 206.503158569, 230.074157715, 135.843032837, 138.219192505, 13.090089798, 42.5239524841, -12.5052242279], [-81.4649200439, -89.4152297974, 124.422767639, 310.599731445, 289.974487305, 206.503158569, 333.638519287, 207.765945435, 152.741333008, 59.4965019226, 46.0052185059, 15.1414012909, 85.0860061646], [1784.75024414, -522.85949707, 16.2907791138, 360.574920654, 161.984542847, 230.074157715, 207.765945435, 415.757507324, 222.075973511, 187.095718384, -22.5689811707, 54.984703064, -9.21653556824], [210.564590454, -175.14302063, 148.749038696, 264.204986572, 167.506332397, 135.843032837, 152.741333008, 222.075973511, 259.041107178, 151.391540527, 52.177280426, 8.45551586151, -5.23844528198], [1042.80932617, -334.957061768, 65.8763046265, 182.77961731, 64.3299713135, 138.219192505, 59.4965019226, 187.095718384, 151.391540527, 234.492782593, 46.6978263855, 28.8853931427, -59.5325202942], [-566.320800781, 155.202545166, 99.1351242065, 59.7442359924, 73.2931213379, 13.090089798, 46.0052185059, -22.5689811707, 52.177280426, 46.6978263855, 142.558074951, 26.4153633118, 7.38087272644], [318.005645752, -90.4030990601, 29.5619087219, -0.460530936718, 7.03290605545, 42.5239524841, 15.1414012909, 54.984703064, 8.45551586151, 28.8853931427, 26.4153633118, 90.4123153687, 16.6048946381], [-499.020324707, 106.091346741, -68.2524414062, 5.34721755981, 63.3127365112, -12.5052242279, 85.0860061646, -9.21653556824, -5.23844528198, -59.5325202942, 7.38087272644, 16.6048946381, 143.20489502]],
        "icov": [[0.000105262712168, -0.000196351364139, 0.000150161766214, -0.000301990687149, 0.000156113426783, -0.000240435387241, 0.00031199681689, -0.000499827903695, 0.000458775088191, -0.000449591927463, 0.000447685102699, -0.000318725506077, 0.000131317035994], [-0.000196351364139, 0.00119918922428, -0.000769186532125, 0.000625751388725, -0.000206855416764, 0.000167287871591, -0.000128231884446, 0.00112764025107, -0.00082791672321, 0.00187880080193, -0.00207393197343, 0.00169276865199, -0.00104638643097], [0.000150161766214, -0.000769186532125, 0.00150822883006, -0.000435997062596, -0.000673199596349, 3.77844407922e-05, -0.000144618024933, 9.09302470973e-05, -0.000179850059794, -0.00120070925914, 0.00174924579915, -0.00224603852257, 0.0018854662776], [-0.000301990687149, 0.000625751388725, -0.000435997062596, 0.00311293127015, -0.00155685003847, 0.00028918433236, -0.000677921227179, -0.000322008418152, -0.00117685832083, 0.00146014906932, -0.00244497717358, 0.00256321090274, -0.000351562397555], [0.000156113426783, -0.000206855416764, -0.000673199596349, -0.00155685003847, 0.00659041339532, -0.00205519772135, -0.00249753869139, 0.000196204331587, -0.000230598074268, 0.000172201718669, -0.000402793462854, 0.000502117560245, -0.00113640166819], [-0.000240435387241, 0.000167287871591, 3.77844407922e-05, 0.00028918433236, -0.00205519772135, 0.00876867305487, -0.00523279421031, 0.00141478946898, -0.000308490329189, -0.0023409742862, 0.00222451705486, -0.00341019406915, 0.00321623776108], [0.00031199681689, -0.000128231884446, -0.000144618024933, -0.000677921227179, -0.00249753869139, -0.00523279421031, 0.0145871937275, -0.00735084852204, 0.0016577487113, 0.00241118390113, -0.00433333124965, 0.00506414659321, -0.00665517151356], [-0.000499827903695, 0.00112764025107, 9.09302470973e-05, -0.000322008418152, 0.000196204331587, 0.00141478946898, -0.00735084852204, 0.0158455520868, -0.00859991833568, -0.00188014097512, 0.00647618249059, -0.00714166183025, 0.00230050296523], [0.000458775088191, -0.00082791672321, -0.000179850059794, -0.00117685832083, -0.000230598074268, -0.000308490329189, 0.0016577487113, -0.00859991833568, 0.0142678245902, -0.00504828430712, -0.00265528610907, 0.00400094408542, -0.00119697581977], [-0.000449591927463, 0.00187880080193, -0.00120070925914, 0.00146014906932, 0.000172201718669, -0.0023409742862, 0.00241118390113, -0.00188014097512, -0.00504828430712, 0.0149930054322, -0.00833763089031, 0.00368948327377, 0.000630560272839], [0.000447685102699, -0.00207393197343, 0.00174924579915, -0.00244497717358, -0.000402793462854, 0.00222451705486, -0.00433333124965, 0.00647618249059, -0.00265528610907, -0.00833763089031, 0.01896892488, -0.0118655739352, 0.00422023143619], [-0.000318725506077, 0.00169276865199, -0.00224603852257, 0.00256321090274, 0.000502117560245, -0.00341019406915, 0.00506414659321, -0.00714166183025, 0.00400094408542, 0.00368948327377, -0.0118655739352, 0.0230461880565, -0.00789976865053], [0.000131317035994, -0.00104638643097, 0.0018854662776, -0.000351562397555, -0.00113640166819, 0.00321623776108, -0.00665517151356, 0.00230050296523, -0.00119697581977, 0.000630560272839, 0.00422023143619, -0.00789976865053, 0.0149299185723]]
    },
    "melbands": {
        "dmean": [0.00263366498984, 0.00199577631429, 0.000489279162139, 0.000276160979411, 0.000165547287907, 0.000143983575981, 0.000121863478853, 8.88431459316e-05, 8.18056796561e-05, 9.8942356999e-05, 5.21638139617e-05, 0.000133455832838, 6.57039927319e-05, 3.75748022634e-05, 3.24971915688e-05, 4.63435862912e-05, 1.25822825794e-05, 1.02106941995e-05, 1.49624565893e-05, 9.52970458457e-06, 6.44541660222e-06, 6.39922654955e-06, 7.56109056965e-06, 6.62606862534e-06, 4.67952304462e-06, 4.26377528129e-06, 3.90477998735e-06, 3.64317361345e-06, 3.29286376655e-06, 3.0938144846e-06, 2.88140381599e-06, 2.93493758363e-06, 2.10916209653e-06, 2.04224465961e-06, 1.75859338469e-06, 1.51585027197e-06, 1.15445016036e-06, 1.06403660993e-06, 1.11461770302e-06, 1.52473501203e-06],
        "dmean2": [0.00364993675612, 0.00315059069544, 0.000795804371592, 0.00042295907042, 0.000249871256528, 0.000223026625463, 0.000171906212927, 0.000124095677165, 0.000114491725981, 0.000142578181112, 7.79023612267e-05, 0.000207868957659, 0.00010425101209, 5.89257178945e-05, 5.28664386366e-05, 7.06237988197e-05, 2.12888025999e-05, 1.68718161149e-05, 2.25996791414e-05, 1.53280943778e-05, 1.0543719327e-05, 1.03969077827e-05, 1.2100069398e-05, 1.05079889181e-05, 7.6855185398e-06, 6.74602824802e-06, 6.2463627728e-06, 5.77933906243e-06, 5.23192511537e-06, 4.83202347823e-06, 4.39176346845e-06, 4.56552288597e-06, 3.26232111547e-06, 3.15631018566e-06, 2.8001895771e-06, 2.4154996936e-06, 1.80248036941e-06, 1.65919300343e-06, 1.79075027518e-06, 2.57098213297e-06],
        "dvar": [4.60341798316e-05, 3.15572324325e-05, 3.3420346881e-06, 4.30261621887e-07, 1.21484518445e-07, 9.22496141698e-08, 9.48900620301e-08, 3.80015698909e-08, 3.83139386884e-08, 5.90746118689e-08, 8.67797567139e-09, 5.67799141038e-08, 1.23359669146e-08, 8.6505194119e-09, 8.11129918787e-09, 2.01478922435e-08, 7.73365538276e-10, 5.11360065403e-10, 7.07842895409e-10, 4.97529406562e-10, 1.43549533371e-10, 1.91854254705e-10, 2.19143717062e-10, 1.93312990615e-10, 9.21782372654e-11, 1.34773317506e-10, 6.35436217533e-11, 4.96568550168e-11, 4.77532006993e-11, 4.48300598033e-11, 4.29120801393e-11, 4.63045435328e-11, 2.23356506901e-11, 2.20638524812e-11, 1.6183965626e-11, 1.14042031027e-11, 5.23025112803e-12, 4.36848994478e-12, 5.70955782653e-12, 1.77773143428e-11],
        "dvar2": [8.5015053628e-05, 8.32768782857e-05, 9.44482144405e-06, 1.06552579382e-06, 2.91478897907e-07, 2.54878756323e-07, 1.76945306407e-07, 7.19913231251e-08, 7.6341059696e-08, 1.08531743592e-07, 1.98923846284e-08, 1.31968576511e-07, 3.06430507635e-08, 2.12471320538e-08, 2.04632755185e-08, 4.29272759561e-08, 2.08754058484e-09, 1.3154755063e-09, 1.46002465673e-09, 1.21976284628e-09, 3.47569334425e-10, 4.59367210937e-10, 5.30387456177e-10, 4.80471218367e-10, 2.28652694001e-10, 3.05887953855e-10, 1.49124865234e-10, 1.20230270184e-10, 1.13218996678e-10, 1.02302229188e-10, 9.08316200032e-11, 1.00659917901e-10, 4.85856042898e-11, 4.64878344153e-11, 3.7958813176e-11, 2.5420129543e-11, 1.22001679592e-11, 1.06684496307e-11, 1.48524890303e-11, 4.78602331377e-11],
        "max": [0.0953739210963, 0.0815378576517, 0.0450951382518, 0.0143926441669, 0.00655109062791, 0.00574644189328, 0.00894057564437, 0.00535314297304, 0.00583986891434, 0.00667919311672, 0.00231148302555, 0.00414284691215, 0.00166111683939, 0.00227896729484, 0.00193928740919, 0.00376423029229, 0.000503042072523, 0.0003918693983, 0.000581818516366, 0.000363293540431, 0.00021981363534, 0.000292976037599, 0.000230904435739, 0.000247111835051, 0.000174379514647, 0.00022866850486, 0.000116043680464, 0.000107366387965, 9.98743416858e-05, 0.000102273013908, 0.000112962574349, 0.00010882846982, 8.08203549241e-05, 8.2992730313e-05, 6.18683407083e-05, 5.62122659176e-05, 3.23460299114e-05, 2.75862130366e-05, 2.55368468061e-05, 4.03032609029e-05],
        "mean": [0.00849820487201, 0.00624600611627, 0.00099509966094, 0.000685750041157, 0.000512965489179, 0.000388151063817, 0.000411019049352, 0.000276443402981, 0.000175450462848, 0.000237357395235, 0.000121763856441, 0.000250582466833, 0.000121787859825, 6.96709757904e-05, 5.5756943766e-05, 8.5027924797e-05, 2.0065359422e-05, 1.65640885825e-05, 2.68372132268e-05, 1.59723731485e-05, 1.21631665024e-05, 1.10719111035e-05, 1.29586542243e-05, 1.1760524103e-05, 8.65986839926e-06, 7.32023363526e-06, 6.91775176165e-06, 6.91843433742e-06, 6.27989766144e-06, 5.18832803209e-06, 4.77745697935e-06, 4.79756863569e-06, 3.8648172449e-06, 3.88364423998e-06, 3.47796162714e-06, 2.86893873636e-06, 2.17426850213e-06, 1.94552785615e-06, 1.84835630535e-06, 2.06214394893e-06],
        "median": [0.000693497713655, 0.00132186734118, 0.000428378814831, 0.000367324944818, 0.000329972041072, 0.000209622987313, 0.000126312384964, 7.96086824266e-05, 5.88481234445e-05, 6.32806113572e-05, 4.42952987214e-05, 0.000118777301395, 6.07626243436e-05, 2.27012242249e-05, 1.57635822688e-05, 1.58488983288e-05, 8.60994077811e-06, 6.91002287567e-06, 9.45771353145e-06, 4.62093294118e-06, 4.77664070786e-06, 4.34888397649e-06, 4.40193525719e-06, 4.06324033975e-06, 3.05558614855e-06, 2.74925605481e-06, 2.93700668408e-06, 2.37741733145e-06, 2.1108933197e-06, 1.78063453404e-06, 1.5759399048e-06, 1.29870875298e-06, 1.16496187275e-06, 1.054250788e-06, 9.84392158898e-07, 8.24300514068e-07, 6.8773493922e-07, 6.64539072659e-07, 4.37646519913e-07, 3.52123947778e-07],
        "min": [1.23775175093e-24, 1.09997275649e-24, 4.91258740688e-25, 1.17162124542e-24, 1.76778995695e-24, 1.149741991e-24, 1.83273016996e-24, 1.73518929396e-24, 2.28916824516e-24, 2.22929863283e-24, 2.13088862934e-24, 1.72852006665e-24, 1.98719919317e-24, 2.89744823955e-24, 2.93596023173e-24, 3.35459589514e-24, 2.03565891858e-24, 2.56752550696e-24, 3.19040218911e-24, 2.09231057006e-24, 3.6115464302e-24, 3.90968220984e-24, 4.74108677811e-24, 3.91019536385e-24, 4.3933324364e-24, 4.82311884592e-24, 4.24268840249e-24, 4.96109298482e-24, 3.45108107803e-24, 4.68435426839e-24, 4.47469633902e-24, 5.32553922886e-24, 4.9951753258e-24, 6.09996200736e-24, 5.65725287292e-24, 5.0916735249e-24, 4.44057692158e-24, 5.88083971929e-24, 6.00946191216e-24, 6.02400416852e-24],
        "var": [0.00024038227275, 8.81077648955e-05, 3.76233583665e-06, 9.20508057334e-07, 3.68936525774e-07, 2.56418672961e-07, 4.72826201303e-07, 2.05151778232e-07, 1.11455641161e-07, 2.2984829684e-07, 3.39971215624e-08, 1.39909317909e-07, 2.83652372701e-08, 2.86488841539e-08, 2.04158538963e-08, 6.73949500651e-08, 1.33527677804e-09, 8.33106916787e-10, 2.19669704649e-09, 9.58503720838e-10, 3.53896550953e-10, 3.5825226119e-10, 4.49122489199e-10, 3.75565634148e-10, 1.91002491601e-10, 2.22846019415e-10, 1.20893045574e-10, 1.14337685153e-10, 9.9201057091e-11, 7.89329643314e-11, 7.82910611341e-11, 8.87672088612e-11, 4.7388828972e-11, 4.38176508966e-11, 3.54814580494e-11, 2.29501261745e-11, 1.0629405342e-11, 8.62750062364e-12, 8.81854745477e-12, 1.76323452367e-11]
    },
    "mfcc": {
        "mean": [-682.837280273, 129.169036865, 22.1096019745, 5.89953184128, -3.88425350189, 4.21739149094, 4.35072898865, 4.77984189987, -2.09394741058, -4.72872829437, -5.18475675583, 1.1751666069, 0.848501980305],
        "cov": [[19031.1738281, -2710.83984375, -427.323699951, 1236.81359863, 588.590881348, 322.509216309, 354.275878906, 756.81829834, 1043.91015625, 1355.1105957, 889.852294922, 157.434555054, 152.174346924], [-2710.83984375, 2789.61645508, 807.952087402, -92.9788970947, 44.1883964539, 15.5393209457, -29.5511512756, -167.670898438, -326.730865479, -435.755493164, -271.476715088, 11.5269784927, -56.4196205139], [-427.323699951, 807.952087402, 943.763122559, 206.731399536, 218.632888794, 145.69430542, 56.8747711182, 62.7987098694, 4.76986408234, -21.0847034454, 136.048095703, 140.308135986, 27.3030319214], [1236.81359863, -92.9788970947, 206.731399536, 602.670349121, 277.566864014, 188.880645752, 200.808929443, 187.872344971, 215.446395874, 191.357925415, 155.428482056, 105.952354431, 68.9723052979], [588.590881348, 44.1883964539, 218.632888794, 277.566864014, 287.930175781, 180.945785522, 134.757705688, 147.862915039, 138.188552856, 135.781707764, 152.613540649, 90.6668624878, 58.315700531], [322.509216309, 15.5393209457, 145.69430542, 188.880645752, 180.945785522, 244.897140503, 171.402297974, 121.508514404, 114.294212341, 107.722991943, 101.696678162, 71.1512985229, 51.8407325745], [354.275878906, -29.5511512756, 56.8747711182, 200.808929443, 134.757705688, 171.402297974, 245.360412598, 158.425857544, 138.794387817, 101.121406555, 53.8536491394, 51.5787582397, 61.2190971375], [756.81829834, -167.670898438, 62.7987098694, 187.872344971, 147.862915039, 121.508514404, 158.425857544, 241.449981689, 202.561355591, 144.913757324, 103.251403809, 45.3531417847, 58.7586975098], [1043.91015625, -326.730865479, 4.76986408234, 215.446395874, 138.188552856, 114.294212341, 138.794387817, 202.561355591, 299.085998535, 255.115341187, 114.957481384, 26.9957351685, 62.7997093201], [1355.1105957, -435.755493164, -21.0847034454, 191.357925415, 135.781707764, 107.722991943, 101.121406555, 144.913757324, 255.115341187, 345.500610352, 180.451202393, 44.2515487671, 64.3041305542], [889.852294922, -271.476715088, 136.048095703, 155.428482056, 152.613540649, 101.696678162, 53.8536491394, 103.251403809, 114.957481384, 180.451202393, 270.782348633, 148.037612915, 65.5217437744], [157.434555054, 11.5269784927, 140.308135986, 105.952354431, 90.6668624878, 71.1512985229, 51.5787582397, 45.3531417847, 26.9957351685, 44.2515487671, 148.037612915, 160.351074219, 65.1551132202], [152.174346924, -56.4196205139, 27.3030319214, 68.9723052979, 58.315700531, 51.8407325745, 61.2190971375, 58.7586975098, 62.7997093201, 64.3041305542, 65.5217437744, 65.1551132202, 107.298690796]],
