{
"lowlevel": {
    "average_loudness": 0.813357651234,
    "barkbands_crest": {
        "dmean": 2.28863477707,
        "dmean2": 3.5325949192,
        "dvar": 4.5169916153,
        "dvar2": 11.0817565918,
        "max": 25.1489162445,
        "mean": 12.0839300156,
        "median": 11.1053142548,
        "min": 2.58702683449,
        "var": 24.6252155304
    },
    "barkbands_flatness_db": {
        "dmean": 0.0237982645631,
        "dmean2": 0.0365884266794,
        "dvar": 0.000953605514951,
        "dvar2": 0.00212521082722,
        "max": 0.550521671772,
        "mean": 0.198098286986,
        "median": 0.177254572511,
        "min": 0.0379087552428,
        "var": 0.00772887794301
    },
    "barkbands_kurtosis": {
        "dmean": 2.55288648605,
        "dmean2": 3.97554373741,
        "dvar": 23.4533920288,
        "dvar2": 57.6303977966,
        "max": 127.508743286,
        "mean": 4.54622459412,
        "median": 1.94429111481,
        "min": -1.83115184307,
        "var": 61.2811012268
    },
    "barkbands_skewness": {
        "dmean": 0.450178325176,
        "dmean2": 0.680117428303,
        "dvar": 0.242763265967,
        "dvar2": 0.552809774876,
        "max": 9.77174854279,
        "mean": 1.45771384239,
        "median": 1.28854370117,
        "min": -4.68184947968,
        "var": 1.58148443699
    },
    "barkbands_spread": {
        "dmean": 3.12622094154,
        "dmean2": 4.86453056335,
        "dvar": 16.9346809387,
        "dvar2": 38.8372917175,
        "max": 78.8570098877,
        "mean": 13.7443552017,
        "median": 12.6732912064,
        "min": 0.326359629631,
        "var": 62.6939926147
    },
    "dissonance": {
        "dmean": 0.0287754908204,
        "dmean2": 0.0483201257885,
        "dvar": 0.000794168328866,
        "dvar2": 0.00213354709558,
        "max": 0.499999970198,
        "mean": 0.43520000577,
        "median": 0.44355687499,
        "min": 0.191255316138,
        "var": 0.00178759521805
    },
    "dynamic_complexity": 3.44819426537,
    "erbbands_crest": {
        "dmean": 2.6512556076,
        "dmean2": 4.19203138351,
        "dvar": 6.24208545685,
        "dvar2": 15.2646951675,
        "max": 32.0875778198,
        "mean": 12.0118980408,
        "median": 11.1816215515,
        "min": 2.60730290413,
        "var": 26.2510948181
    },
    "erbbands_flatness_db": {
        "dmean": 0.0178004037589,
        "dmean2": 0.0265834182501,
        "dvar": 0.000434417830547,
        "dvar2": 0.00092864484759,
        "max": 0.564730584621,
        "mean": 0.218039616942,
        "median": 0.206690073013,
        "min": 0.0497671924531,
        "var": 0.00613744882867
    },
    "erbbands_kurtosis": {
        "dmean": 1.12217307091,
        "dmean2": 1.76290941238,
        "dvar": 3.29646253586,
        "dvar2": 7.69965314865,
        "max": 58.4736289978,
        "mean": 1.52104532719,
        "median": 0.711350083351,
        "min": -1.86149549484,
        "var": 12.9937763214
    },
    "erbbands_skewness": {
        "dmean": 0.320868819952,
        "dmean2": 0.491841197014,
        "dvar": 0.0992888882756,
        "dvar2": 0.227680429816,
        "max": 5.74174594879,
        "mean": 0.539364337921,
        "median": 0.498511493206,
        "min": -3.01981639862,
        "var": 0.636698961258
    },
    "erbbands_spread": {
        "dmean": 4.95057058334,
        "dmean2": 7.45198297501,
        "dvar": 39.6877555847,
        "dvar2": 83.2219619751,
        "max": 126.866889954,
        "mean": 25.1069049835,
        "median": 22.479057312,
        "min": 0.575024366379,
        "var": 202.35925293
    },
    "hfc": {
        "dmean": 4.68099784851,
        "dmean2": 7.35855150223,
        "dvar": 53.809627533,
        "dvar2": 139.381240845,
        "max": 115.328491211,
        "mean": 20.1147079468,
        "median": 16.7951889038,
        "min": 1.14786411001e-16,
        "var": 235.177383423
    },
    "melbands_crest": {
        "dmean": 3.12901949883,
        "dmean2": 4.82333564758,
        "dvar": 9.45170688629,
        "dvar2": 21.4623413086,
        "max": 36.2066955566,
        "mean": 16.4153327942,
        "median": 15.2195043564,
        "min": 1.87576591969,
        "var": 46.7046356201
    },
    "melbands_flatness_db": {
        "dmean": 0.0267437770963,
        "dmean2": 0.0411680564284,
        "dvar": 0.00138849986251,
        "dvar2": 0.00317173311487,
        "max": 0.689447283745,
        "mean": 0.260727226734,
        "median": 0.235364079475,
        "min": 0.00564075820148,
        "var": 0.0117907747626
    },
    "melbands_kurtosis": {
        "dmean": 4.5406126976,
        "dmean2": 6.96450376511,
        "dvar": 72.9917144775,
        "dvar2": 175.355895996,
        "max": 269.930908203,
        "mean": 10.0395278931,
        "median": 5.05911064148,
        "min": -1.75706207752,
        "var": 226.054550171
    },
    "melbands_skewness": {
        "dmean": 0.545220971107,
        "dmean2": 0.814446747303,
        "dvar": 0.366874009371,
        "dvar2": 0.80024689436,
        "max": 13.1848363876,
        "mean": 2.11650490761,
        "median": 1.86381649971,
        "min": -4.03378772736,
        "var": 2.58039951324
    },
    "melbands_spread": {
        "dmean": 3.77987194061,
        "dmean2": 5.9180150032,
        "dvar": 26.9025402069,
        "dvar2": 61.5872421265,
        "max": 147.100463867,
        "mean": 16.7256774902,
        "median": 15.2414932251,
        "min": 0.609722673893,
        "var": 123.945877075
    },
    "pitch_salience": {
        "dmean": 0.0670292600989,
        "dmean2": 0.107774674892,
        "dvar": 0.00531039852649,
        "dvar2": 0.0127683812752,
        "max": 0.983356714249,
        "mean": 0.484120309353,
        "median": 0.497471690178,
        "min": 0.0980339795351,
        "var": 0.018154527992
    },
    "silence_rate_20dB": {
        "dmean": 0,
        "dmean2": 0,
        "dvar": 0,
        "dvar2": 0,
        "max": 1,
        "mean": 1,
        "median": 1,
        "min": 1,
        "var": 0
    },
    "silence_rate_30dB": {
        "dmean": 0.0327046774328,
        "dmean2": 0.0654164850712,
        "dvar": 0.0316340215504,
        "dvar2": 0.0726899132133,
        "max": 1,
        "mean": 0.958687603474,
        "median": 1,
        "min": 0,
        "var": 0.0396070107818
    },
    "silence_rate_60dB": {
        "dmean": 0.0113376211375,
        "dmean2": 0.0226777140051,
        "dvar": 0.011208887212,
        "dvar2": 0.0254340525717,
        "max": 1,
        "mean": 0.0694353580475,
        "median": 0,
        "min": 0,
        "var": 0.0646142959595
    },
    "spectral_centroid": {
        "dmean": 157.803985596,
        "dmean2": 245.894485474,
        "dvar": 47756.703125,
        "dvar2": 106270.507812,
        "max": 10655.3779297,
        "mean": 1030.73937988,
        "median": 919.872924805,
        "min": 185.208740234,
        "var": 243973.296875
    },
    "spectral_complexity": {
        "dmean": 2.96238970757,
        "dmean2": 4.87112951279,
        "dvar": 17.036365509,
        "dvar2": 42.3742141724,
        "max": 48,
        "mean": 15.1450843811,
        "median": 14,
        "min": 0,
        "var": 62.0370903015
    },
    "spectral_decrease": {
        "dmean": 2.15590767461e-09,
        "dmean2": 3.23717830319e-09,
        "dvar": 8.62360852159e-18,
        "dvar2": 1.87000919603e-17,
        "max": -1.16544593171e-28,
        "mean": -1.00604333753e-08,
        "median": -8.43219538638e-09,
        "min": -4.22924841814e-08,
        "var": 6.4045650067e-17
    },
    "spectral_energy": {
        "dmean": 0.00837961956859,
        "dmean2": 0.0125899137929,
        "dvar": 0.000126840168377,
        "dvar2": 0.000275405531283,
        "max": 0.161967992783,
        "mean": 0.0397948026657,
        "median": 0.0343974865973,
        "min": 1.08513220138e-20,
        "var": 0.000952236005105
    },
    "spectral_energyband_high": {
        "dmean": 0.000179493174073,
        "dmean2": 0.000293783494271,
        "dvar": 1.73991480779e-07,
        "dvar2": 4.10288720332e-07,
        "max": 0.0102893747389,
        "mean": 0.000372109410819,
        "median": 0.000169556238689,
        "min": 8.09800368505e-21,
        "var": 3.79534895956e-07
    },
    "spectral_energyband_low": {
        "dmean": 0.00658164545894,
        "dmean2": 0.0101335775107,
        "dvar": 0.000147531289258,
        "dvar2": 0.000354500924004,
        "max": 0.130955532193,
        "mean": 0.0176267530769,
        "median": 0.00340185593814,
        "min": 8.01141008269e-23,
        "var": 0.000668784428854
    },
    "spectral_energyband_middle_high": {
        "dmean": 0.00232980167493,
        "dmean2": 0.00360603420995,
        "dvar": 1.3067382497e-05,
        "dvar2": 3.15249308187e-05,
        "max": 0.0643195062876,
        "mean": 0.00788108538836,
        "median": 0.00457225274295,
        "min": 1.49486662623e-21,
        "var": 7.34255663701e-05
    },
    "spectral_energyband_middle_low": {
        "dmean": 0.00478514609858,
        "dmean2": 0.00750020239502,
        "dvar": 5.55512961e-05,
        "dvar2": 0.000135569280246,
        "max": 0.103432551026,
        "mean": 0.0152066387236,
        "median": 0.0124404542148,
        "min": 4.04994978827e-22,
        "var": 0.000153144035721
    },
    "spectral_entropy": {
        "dmean": 0.201668173075,
        "dmean2": 0.305209845304,
        "dvar": 0.0838615745306,
        "dvar2": 0.190974578261,
        "max": 9.78878307343,
        "mean": 7.03674268723,
        "median": 7.1536359787,
        "min": 4.26760864258,
        "var": 0.393394887447
    },
    "spectral_flux": {
        "dmean": 0.0287404023111,
        "dmean2": 0.0419604443014,
        "dvar": 0.00108522071969,
        "dvar2": 0.00222240085714,
        "max": 0.347378849983,
        "mean": 0.0789748653769,
        "median": 0.0645150467753,
        "min": 1.04169679827e-10,
        "var": 0.00321471318603
    },
    "spectral_kurtosis": {
        "dmean": 4.95777177811,
        "dmean2": 8.48402500153,
        "dvar": 225.334899902,
        "dvar2": 647.703186035,
        "max": 350.449493408,
        "mean": 16.2898426056,
        "median": 5.47144603729,
        "min": -1.17425787449,
        "var": 1901.89538574
    },
    "spectral_rms": {
        "dmean": 0.000597334059421,
        "dmean2": 0.000886018329766,
        "dvar": 4.51553916037e-07,
        "dvar2": 9.61515638664e-07,
        "max": 0.0125705031678,
        "mean": 0.00566038722172,
        "median": 0.00579297170043,
        "min": 3.2537141384e-12,
        "var": 6.7841137934e-06
    },
    "spectral_rolloff": {
        "dmean": 227.568664551,
        "dmean2": 388.482910156,
        "dvar": 258071.359375,
        "dvar2": 548078.25,
        "max": 18217.0898438,
        "mean": 1038.73657227,
        "median": 839.794921875,
        "min": 21.533203125,
        "var": 862007.125
    },
    "spectral_skewness": {
        "dmean": 0.391810983419,
        "dmean2": 0.651947319508,
        "dvar": 0.476645171642,
        "dvar2": 1.32690954208,
        "max": 15.3452577591,
        "mean": 2.33825159073,
        "median": 1.77967357635,
        "min": 0.0175090525299,
        "var": 3.91906690598
    },
    "spectral_spread": {
        "dmean": 406582.96875,
        "dmean2": 611798.0625,
        "dvar": 425887956992,
        "dvar2": 696386387968,
        "max": 39656416,
        "mean": 3722049.75,
        "median": 3587448.25,
        "min": 225681.6875,
        "var": 2.12812955648e+12
    },
    "spectral_strongpeak": {
        "dmean": 0.49621284008,
        "dmean2": 0.827437400818,
        "dvar": 0.724280893803,
        "dvar2": 1.69383013248,
        "max": 11.3821878433,
        "mean": 1.4122210741,
        "median": 0.765836179256,
        "min": 0,
        "var": 2.29123163223
    },
    "zerocrossingrate": {
        "dmean": 0.0055348300375,
        "dmean2": 0.00673446943983,
        "dvar": 7.95364321675e-05,
        "dvar2": 7.75718799559e-05,
        "max": 0.794921875,
        "mean": 0.0416314862669,
        "median": 0.037109375,
        "min": 0.00341796875,
        "var": 0.000905663997401
    },
    "barkbands": {
        "dmean": [0.00074006797513, 0.00495548825711, 0.00256271497346, 0.00152652477846, 0.00207358202897, 0.00135545455851, 0.00091114488896, 0.000717206916306, 0.000815034843981, 0.00104218313936, 0.000711833534297, 0.000463133910671, 0.000475005857879, 0.000607778492849, 0.000215184219996, 0.000198387482669, 0.000130807980895, 0.000129118561745, 0.00012489076471, 8.81716332515e-05, 5.24187562405e-05, 3.18133679684e-05, 2.94982201012e-05, 2.57658284681e-05, 1.79662529263e-05, 5.80171990805e-06, 2.33346867162e-07],
        "dmean2": [0.00101080362219, 0.00687469867989, 0.00405505578965, 0.00271449517459, 0.00356913497671, 0.00208314042538, 0.00148122920655, 0.0010746474145, 0.00123073370196, 0.00151442422066, 0.001087689423, 0.000739267445169, 0.000757086265367, 0.000964564504102, 0.000356109230779, 0.000335784308845, 0.000221315349336, 0.000219751324039, 0.000209899444599, 0.000146158752614, 9.12216419238e-05, 5.32362464583e-05, 4.98079280078e-05, 4.14850910602e-05, 2.80187778117e-05, 8.96966048458e-06, 3.87795893175e-07],
        "dvar": [2.83412555291e-06, 8.49731513881e-05, 6.01902684139e-05, 2.189217048e-05, 2.60754950432e-05, 5.66008566238e-06, 2.99268299386e-06, 2.61437412519e-06, 2.34714593716e-06, 4.72896635983e-06, 2.63684319179e-06, 1.48637900566e-06, 1.21050538837e-06, 1.58216255386e-06, 3.32220395194e-07, 2.32255914057e-07, 1.15252461796e-07, 7.81035751629e-08, 6.28962553151e-08, 2.99782882962e-08, 1.44688883097e-08, 1.00672385983e-08, 5.66378988154e-09, 5.80540149286e-09, 5.20083931477e-09, 5.12852094126e-10, 1.50301136554e-12],
        "dvar2": [5.50479126105e-06, 0.000179891823791, 0.000144338919199, 6.19233105681e-05, 7.12683613528e-05, 1.24303069242e-05, 8.15237763163e-06, 5.69441999687e-06, 5.21447873325e-06, 9.67691721598e-06, 5.69646454096e-06, 3.43344231624e-06, 2.83837448478e-06, 3.87529098589e-06, 8.52060452416e-07, 5.52226765649e-07, 2.92502676302e-07, 2.06640535794e-07, 1.62784203894e-07, 7.31257969733e-08, 3.89157577274e-08, 2.37522819191e-08, 1.40203182397e-08, 1.29562058859e-08, 1.07958193496e-08, 1.08505804342e-09, 3.98336051644e-12],
        "max": [0.0272691994905, 0.115605711937, 0.0883712992072, 0.0527760460973, 0.0861368328333, 0.037138544023, 0.0275435205549, 0.0472250282764, 0.0331156812608, 0.0586192160845, 0.032679092139, 0.0474977903068, 0.0327358059585, 0.0338586941361, 0.0149162802845, 0.0146804656833, 0.00835629180074, 0.00466711912304, 0.00601466326043, 0.00486023630947, 0.00203829677776, 0.00284961541183, 0.0016586179845, 0.00239326362498, 0.0021109636873, 0.000653723545838, 4.95246640639e-05],
        "mean": [0.00150380085688, 0.012846050784, 0.0026258896105, 0.00154980039224, 0.00326286954805, 0.00376237602904, 0.00176420912612, 0.0016178280348, 0.00190426933113, 0.00262477668002, 0.00153855641838, 0.000895940116607, 0.000870098709129, 0.00129539158661, 0.000354296440491, 0.000289128045551, 0.000190751758055, 0.000201305243536, 0.00024993965053, 0.000190323364222, 7.54505308578e-05, 4.47103302577e-05, 5.08371194883e-05, 4.96411412314e-05, 2.82885339402e-05, 7.97715802037e-06, 2.40377744376e-07],
        "median": [2.50766006502e-05, 0.00153827108443, 0.000293440942187, 0.000247872900218, 0.000899536011275, 0.00152341043577, 0.000670917041134, 0.000401772325858, 0.000671422458254, 0.000547125528101, 0.000303175474983, 0.000250672514085, 0.000234296370763, 0.00034360261634, 8.58598868945e-05, 7.19800736988e-05, 6.62529055262e-05, 7.04224366928e-05, 7.20767711755e-05, 6.94065674907e-05, 2.65156941168e-05, 9.86896247923e-06, 2.06455333682e-05, 1.96165892703e-05, 7.14402767699e-06, 1.51863218889e-06, 2.82573981991e-08],
        "min": [8.44247302693e-24, 6.44204514914e-23, 6.93183752559e-24, 1.01821795357e-23, 8.15978977026e-23, 9.53918500715e-23, 8.64303586337e-23, 6.7253421396e-23, 5.3268003019e-23, 7.2965544278e-23, 4.10925534139e-23, 4.51053499992e-23, 1.14730529038e-22, 2.01387543187e-22, 7.05359410424e-23, 8.57122932616e-23, 2.35535337534e-22, 2.34803451319e-22, 2.08872911788e-22, 3.28712129293e-22, 4.13249114469e-22, 7.42994487464e-22, 6.12615495043e-22, 1.17475762464e-21, 1.24106051282e-21, 1.63422909091e-21, 2.35294917974e-21],
        "var": [1.03779921119e-05, 0.000467587524327, 5.7920718973e-05, 1.49464531205e-05, 3.14768731187e-05, 2.87016337097e-05, 8.31036868476e-06, 1.17154158943e-05, 9.28529152588e-06, 2.36039850279e-05, 1.16496566989e-05, 6.09600010648e-06, 3.30889338329e-06, 5.1931588132e-06, 6.58376222873e-07, 5.41251552022e-07, 1.76219302261e-07, 1.4232050205e-07, 1.90300184499e-07, 9.14920121886e-08, 1.82767525558e-08, 1.7229918825e-08, 1.08387236963e-08, 1.4049017949e-08, 9.90482540431e-09, 8.72646066519e-10, 1.33057063631e-12]
    },
    "erbbands": {
        "dmean": [0.240332350135, 0.804262936115, 2.43452596664, 4.21511220932, 5.16656637192, 8.04864406586, 8.73651981354, 12.6710157394, 14.6548786163, 12.5129175186, 12.9541702271, 20.3248958588, 33.3474311829, 20.3569602966, 27.5168476105, 16.2858657837, 21.9924869537, 29.6659584045, 15.6703176498, 10.5748720169, 9.38460445404, 6.89839076996, 6.52758979797, 7.54137229919, 4.59277057648, 4.16348314285, 2.82374453545, 1.66148221493, 1.1650261879, 0.926990032196, 0.873564302921, 0.633647739887, 0.393800258636, 0.228938058019, 0.11639688164, 0.0397899597883, 0.00796292442828, 0.00080087519018, 3.81376594305e-05, 9.87698604149e-06],
        "dmean2": [0.326134175062, 1.07140231133, 3.6659257412, 7.37415933609, 8.88398838043, 13.8671197891, 14.4452934265, 19.1374855042, 24.0888881683, 18.7518405914, 19.8525276184, 30.5565471649, 48.3534011841, 31.2652225494, 41.9436683655, 25.7990131378, 34.7780380249, 47.1534309387, 25.1101093292, 17.536151886, 16.0420894623, 11.7631950378, 11.2146139145, 12.6337413788, 7.84073543549, 6.9712023735, 4.79333972931, 2.92578148842, 1.96169221401, 1.55337381363, 1.46380150318, 1.04390513897, 0.634915232658, 0.356883555651, 0.181910917163, 0.0614733956754, 0.0123561173677, 0.00124349747784, 6.11177456449e-05, 1.48260996866e-05],
        "dvar": [0.271493852139, 1.85010969639, 44.9428672791, 180.086135864, 188.283081055, 397.730895996, 344.051086426, 529.075378418, 887.394714355, 704.55480957, 833.621704102, 1608.26452637, 4755.61376953, 2210.68823242, 4638.56933594, 1676.37976074, 2493.81420898, 3997.13891602, 1037.00524902, 656.287963867, 570.955505371, 347.313781738, 230.946884155, 248.3724823, 91.7645950317, 70.9746856689, 33.779876709, 19.2304019928, 13.3886156082, 6.87292337418, 4.6558713913, 3.21211504936, 1.50214481354, 0.810380399227, 0.224984303117, 0.0237656030804, 0.00102578708902, 9.94517085928e-06, 3.25882041352e-08, 1.71754679923e-10],
        "dvar2": [0.490317165852, 3.85668373108, 96.6018371582, 497.644958496, 519.907165527, 1066.16601562, 926.809509277, 1104.60180664, 2550.33007812, 1417.84851074, 1958.71569824, 3585.99584961, 9852.28125, 5270.90087891, 10084.1611328, 3926.75488281, 5766.93115234, 10127.6132812, 2519.83203125, 1663.54150391, 1385.3260498, 884.112670898, 612.119445801, 653.918273926, 241.166290283, 179.479187012, 86.5213394165, 51.9858207703, 32.3093261719, 16.1091785431, 11.6060628891, 7.58898687363, 3.32680487633, 1.66672849655, 0.47260928154, 0.0498047955334, 0.00218650815077, 2.18924287765e-05, 8.26310326829e-08, 3.74828168503e-10],
        "max": [6.42292928696, 18.1429691315, 77.6913375854, 144.05531311, 129.902709961, 381.816955566, 390.812133789, 404.997192383, 511.926727295, 712.508544922, 690.547363281, 907.059020996, 1738.79211426, 1322.24206543, 1651.90344238, 1260.24951172, 1695.14428711, 1491.72766113, 823.431091309, 615.006408691, 959.159851074, 559.409179688, 270.523864746, 353.162078857, 188.842041016, 242.000213623, 146.81703186, 80.5701522827, 102.173027039, 76.5064926147, 52.4309959412, 58.1272850037, 37.0838775635, 26.7606067657, 17.8177165985, 4.27482223511, 0.930685520172, 0.103889778256, 0.00617290614173, 0.000190531442058],
        "mean": [0.57584643364, 2.04825615883, 3.14470410347, 4.23802900314, 6.41025066376, 12.9182863235, 17.0755710602, 35.9314346313, 32.4135856628, 30.5660247803, 29.6245193481, 49.12134552, 88.9361953735, 46.7763595581, 61.7102813721, 34.9582290649, 44.3706703186, 65.1892471313, 33.9713897705, 17.8786888123, 14.5992679596, 10.7690258026, 10.6711483002, 15.4330120087, 9.02651786804, 8.82172870636, 5.10622310638, 2.29969072342, 1.64131915569, 1.37394964695, 1.55200171471, 1.15290701389, 0.750746905804, 0.379532903433, 0.169766321778, 0.0563963502645, 0.0106765720993, 0.00109243101906, 5.95709170739e-05, 4.71016064694e-05],
        "median": [0.0287325829268, 0.339718580246, 0.738361239433, 0.90220707655, 1.55666351318, 2.93640613556, 6.44824886322, 14.3650484085, 11.990655899, 10.7522144318, 8.90759372711, 19.0210876465, 25.3140907288, 16.1353855133, 13.3418464661, 11.8382720947, 14.8860816956, 23.9278068542, 12.4036998749, 6.20398807526, 4.29829978943, 3.87429237366, 3.86149549484, 4.43422174454, 2.9652838707, 3.06066656113, 2.19188141823, 0.802247166634, 0.395478338003, 0.328229606152, 0.683568358421, 0.468596965075, 0.261858820915, 0.0990578532219, 0.0363089814782, 0.0114243421704, 0.00192940002307, 0.000218517583562, 3.01850141113e-05, 4.28914936492e-05],
        "min": [1.46729006847e-21, 1.55355618121e-20, 1.61042194027e-20, 2.07990816864e-20, 1.12554646896e-19, 3.21679709326e-19, 4.08985831246e-19, 8.1193712143e-19, 1.26553598259e-18, 1.38311215864e-18, 1.7703613119e-18, 1.25292923306e-18, 1.53231227669e-18, 1.99816499144e-18, 1.99496979953e-18, 2.04318016037e-18, 4.16312557672e-18, 1.11185300057e-17, 4.53399738104e-18, 5.1843362912e-18, 5.76359970724e-18, 1.43034450249e-17, 1.25122987321e-17, 1.09947325008e-17, 1.39181211345e-17, 1.44520496763e-17, 1.20681730535e-17, 1.93465038305e-17, 2.26658356993e-17, 2.76406785742e-17, 1.79655787374e-17, 2.3667743327e-17, 1.78185341487e-17, 1.21536472806e-17, 1.02651922878e-17, 6.9975980848e-18, 2.87772495513e-18, 1.21389840567e-18, 3.32379187152e-19, 3.26651685193e-20],
        "var": [1.27059626579, 11.216714859, 60.451839447, 124.966125488, 167.991531372, 546.702514648, 731.744750977, 2860.11523438, 3201.13208008, 3448.4309082, 3209.98681641, 6207.22705078, 23769.65625, 8289.87792969, 22195.8378906, 6268.74560547, 7236.14746094, 11615.5019531, 3404.54199219, 1401.4284668, 1355.42993164, 540.235534668, 438.38369751, 752.520690918, 225.833847046, 196.980239868, 63.2194595337, 21.828836441, 22.5471229553, 13.2401247025, 9.09689712524, 6.86622095108, 3.64101672173, 1.71235764027, 0.375048846006, 0.0419725105166, 0.00163887511007, 1.52087322931e-05, 3.22195887748e-08, 1.21661292152e-09]
    },
    "gfcc": {
        "mean": [-42.1513900757, 116.715133667, -131.856048584, 9.67576789856, -64.9243545532, 12.3578662872, -34.6210861206, 5.95074701309, -22.161447525, 2.30127048492, -2.63951134682, -6.8927731514, -3.58560109138],
        "cov": [[17693.7890625, -1714.50512695, -660.789733887, 2356.66137695, -143.893661499, 938.63482666, -466.430541992, 732.92401123, -161.296569824, 536.332336426, 120.945045471, 48.8818664551, -90.8493423462], [-1714.50512695, 2429.03833008, 880.359558105, -335.129943848, 677.129760742, -19.175699234, 526.716247559, -172.501602173, 223.137161255, -306.68170166, 54.3523674011, -140.915985107, 88.6386413574], [-660.789733887, 880.359558105, 1450.17993164, 375.974029541, 433.450683594, 406.066192627, 313.932250977, 114.414833069, 224.918792725, 0.665473520756, -20.606388092, -38.8720436096, 19.821395874], [2356.66137695, -335.129943848, 375.974029541, 1174.50500488, 149.915161133, 343.482299805, -22.1904697418, 252.328689575, 109.659812927, 96.8518218994, -38.8966522217, -21.728509903, 24.7333297729], [-143.893661499, 677.129760742, 433.450683594, 149.915161133, 439.111480713, 208.900039673, 250.809951782, 60.703163147, 117.769538879, -57.7287368774, 5.82965278625, -43.5671386719, 28.2730045319], [938.63482666, -19.175699234, 406.066192627, 343.482299805, 208.900039673, 504.259674072, 219.326004028, 212.460372925, 145.704788208, 84.9148635864, 3.16119718552, -46.0842628479, -49.4611663818], [-466.430541992, 526.716247559, 313.932250977, -22.1904697418, 250.809951782, 219.326004028, 359.989593506, 95.8138427734, 150.083099365, -18.0888633728, 35.6114273071, -58.0262107849, -13.2125597], [732.92401123, -172.501602173, 114.414833069, 252.328689575, 60.703163147, 212.460372925, 95.8138427734, 241.226806641, 110.114852905, 93.1927108765, 23.5286579132, -10.3293504715, -23.454120636], [-161.296569824, 223.137161255, 224.918792725, 109.659812927, 117.769538879, 145.704788208, 150.083099365, 110.114852905, 241.378005981, 52.2382965088, 29.4866008759, -13.5879545212, -9.85738372803], [536.332336426, -306.68170166, 0.665473520756, 96.8518218994, -57.7287368774, 84.9148635864, -18.0888633728, 93.1927108765, 52.2382965088, 179.300216675, 84.6944580078, 32.5100402832, -14.1902685165], [120.945045471, 54.3523674011, -20.606388092, -38.8966522217, 5.82965278625, 3.16119718552, 35.6114273071, 23.5286579132, 29.4866008759, 84.6944580078, 191.291519165, 35.8946342468, 21.2910003662], [48.8818664551, -140.915985107, -38.8720436096, -21.728509903, -43.5671386719, -46.0842628479, -58.0262107849, -10.3293504715, -13.5879545212, 32.5100402832, 35.8946342468, 140.190933228, 54.2745285034], [-90.8493423462, 88.6386413574, 19.821395874, 24.7333297729, 28.2730045319, -49.4611663818, -13.2125597, -23.454120636, -9.85738372803, -14.1902685165, 21.2910003662, 54.2745285034, 142.831420898]],
        "icov": [[0.000143121433211, -0.000335445976816, 0.000280010543065, -0.000288888433715, 0.000233749655308, -0.00050412438577, 0.000387504405808, -0.000306194910081, 0.000443596130935, -0.000461110757897, 0.000108704560262, -0.000239523680648, 0.000134710993734], [-0.000335445976816, 0.0031934864819, -0.00157798989676, 0.00107207242399, -0.00269795092754, 0.00278845918365, -0.0022868392989, 0.00199862965383, -0.00251824758016, 0.00364497723058, -0.00195122358855, 0.00207580556162, -0.000855124031659], [0.000280010543065, -0.00157798989676, 0.00208709854633, -0.000933908333536, 0.000607264984865, -0.0021402426064, 0.000976060109679, -0.000406732724514, 0.000955014082137, -0.00209736824036, 0.00116778188385, -0.001245554653, 0.000348369154381], [-0.000288888433715, 0.00107207242399, -0.000933908333536, 0.00224438519217, -0.00137024186552, 0.0004865618248, 0.000636511365883, -0.000538680586033, -0.00134257273749, 0.00137948151678, -0.000306448841002, 0.00127673521638, -0.00109302508645], [0.000233749655308, -0.00269795092754, 0.000607264984865, -0.00137024186552, 0.00764134665951, -0.00303643732332, -0.000634284806438, -0.00113277486525, 0.00168742344249, -0.000821681984235, 0.000913787051104, -0.00155361974612, -0.000343800988048], [-0.00050412438577, 0.00278845918365, -0.0021402426064, 0.0004865618248, -0.00303643732332, 0.00825122464448, -0.00453244242817, -0.000118995216326, -0.00185364158824, 0.00121050362941, -0.000437134469394, 0.00177817512304, 0.000563004345167], [0.000387504405808, -0.0022868392989, 0.000976060109679, 0.000636511365883, -0.000634284806438, -0.00453244242817, 0.010211716406, -0.00346878753044, -0.000383949227398, -0.00025179045042, -0.000657917407807, 0.00029935236671, 0.000283820874756], [-0.000306194910081, 0.00199862965383, -0.000406732724514, -0.000538680586033, -0.00113277486525, -0.000118995216326, -0.00346878753044, 0.0108849676326, -0.00336444121785, -0.000642619037535, -0.00053333217511, 0.000934325973503, -0.000207373203011], [0.000443596130935, -0.00251824758016, 0.000955014082137, -0.00134257273749, 0.00168742344249, -0.00185364158824, -0.000383949227398, -0.00336444121785, 0.00933845434338, -0.00487548392266, 0.00169439776801, -0.0019120570505, 0.00101507874206], [-0.000461110757897, 0.00364497723058, -0.00209736824036, 0.00137948151678, -0.000821681984235, 0.00121050362941, -0.00025179045042, -0.000642619037535, -0.00487548392266, 0.0166369620711, -0.00736029399559, 0.00100957136601, -2.01700004254e-05], [0.000108704560262, -0.00195122358855, 0.00116778188385, -0.000306448841002, 0.000913787051104, -0.000437134469394, -0.000657917407807, -0.00053333217511, 0.00169439776801, -0.00736029399559, 0.00941686239094, -0.00225150119513, -0.000472121551866], [-0.000239523680648, 0.00207580556162, -0.001245554653, 0.00127673521638, -0.00155361974612, 0.00177817512304, 0.00029935236671, 0.000934325973503, -0.0019120570505, 0.00100957136601, -0.00225150119513, 0.0113008180633, -0.00437461817637], [0.000134710993734, -0.000855124031659, 0.000348369154381, -0.00109302508645, -0.000343800988048, 0.000563004345167, 0.000283820874756, -0.000207373203011, 0.00101507874206, -2.01700004254e-05, -0.000472121551866, -0.00437461817637, 0.00981450639665]]
    },
    "melbands": {
        "dmean": [0.00167567306198, 0.000972348148935, 0.000724133627955, 0.000452943786513, 0.000319139100611, 0.000283663539449, 0.000207597535336, 0.000146765902173, 0.00010519924399, 0.000135269598104, 0.000169894017745, 8.72882155818e-05, 8.59885039972e-05, 5.88341426919e-05, 4.14271380578e-05, 5.79391780775e-05, 6.30894792266e-05, 3.01394957205e-05, 1.71596966538e-05, 1.5856765458e-05, 1.06468596641e-05, 8.02940940048e-06, 6.36883441985e-06, 5.52734809389e-06, 6.73388285577e-06, 4.06748722526e-06, 2.90416210191e-06, 3.15872443934e-06, 2.17376009459e-06, 1.27372391034e-06, 9.21722346447e-07, 7.0129527785e-07, 5.97641928834e-07, 5.20298101492e-07, 5.60164096441e-07, 4.62879711449e-07, 3.8850990336e-07, 3.03270894619e-07, 2.464374802e-07, 1.87627122727e-07],
        "dmean2": [0.00230167643167, 0.00143289950211, 0.00122856092639, 0.000784848933108, 0.000530097458977, 0.000432681787061, 0.000337255565682, 0.00021877681138, 0.000161914082128, 0.000203015108127, 0.000246391486144, 0.000133273249958, 0.000131614360726, 9.16297358344e-05, 6.40901562292e-05, 9.26437933231e-05, 9.98306641122e-05, 4.79837690364e-05, 2.83897334157e-05, 2.62832163571e-05, 1.81989453267e-05, 1.35944737849e-05, 1.09017237264e-05, 9.43848044699e-06, 1.12181987788e-05, 6.94552090863e-06, 4.90009369969e-06, 5.2660975598e-06, 3.63811022908e-06, 2.20471042667e-06, 1.62830076533e-06, 1.17594754556e-06, 1.01036982869e-06, 8.80228185451e-07, 9.49822322127e-07, 7.67168842231e-07, 6.3738133349e-07, 4.96544316775e-07, 3.85107938428e-07, 2.94865685646e-07],
        "dvar": [1.13647065518e-05, 5.14942757945e-06, 4.40202893515e-06, 1.33902165089e-06, 4.71846959726e-07, 2.49513675499e-07, 1.63313330859e-07, 1.04232064757e-07, 5.99820353386e-08, 7.12007164339e-08, 1.25147209928e-07, 3.98830692916e-08, 4.03265225657e-08, 2.2738829486e-08, 1.3444207525e-08, 2.02855616749e-08, 1.99301712911e-08, 4.1535388462e-09, 2.51005816132e-09, 1.49026913032e-09, 8.6022494683e-10, 4.6795517461e-10, 2.42610320722e-10, 1.67371033699e-10, 2.1321738819e-10, 8.14234374369e-11, 3.50637886781e-11, 3.99138222473e-11, 1.96207980419e-11, 9.289295895e-12, 6.59633719174e-12, 4.94080514349e-12, 3.66428979173e-12, 2.06296459949e-12, 1.86018149669e-12, 1.55093960678e-12, 1.23744688541e-12, 8.57367453942e-13, 7.09735818293e-13, 6.1036142503e-13],
        "dvar2": [2.23251827265e-05, 1.06998095362e-05, 1.18036832646e-05, 3.69136705558e-06, 1.25845770071e-06, 5.45938860341e-07, 4.52067752121e-07, 2.11449858512e-07, 1.40126928727e-07, 1.58472758471e-07, 2.58373063389e-07, 9.21525256103e-08, 8.85910012016e-08, 5.26672607748e-08, 2.67569966184e-08, 4.82067079588e-08, 5.0187615841e-08, 9.70883551332e-09, 6.4520366827e-09, 3.47309048188e-09, 2.07247574657e-09, 1.17542597877e-09, 6.40403341468e-10, 4.41898656556e-10, 5.57153212455e-10, 2.09560119258e-10, 9.01917290852e-11, 9.87435133659e-11, 4.90515406071e-11, 2.52668580503e-11, 1.76532226337e-11, 1.20619512642e-11, 8.6317541656e-12, 5.11011328738e-12, 4.80040226319e-12, 3.76411098471e-12, 2.9217797886e-12, 2.01502291415e-12, 1.4939073199e-12, 1.31737383589e-12],
        "max": [0.0402787998319, 0.0288207270205, 0.0233176983893, 0.0151513665915, 0.0127605712041, 0.00873423460871, 0.00686764437705, 0.00966909434646, 0.00698480010033, 0.00607774872333, 0.00853313971311, 0.00491526490077, 0.004837365821, 0.00681198015809, 0.00614889897406, 0.00428126007318, 0.00340904691257, 0.00184923980851, 0.00145282689482, 0.00125798594672, 0.00110188871622, 0.000670049048495, 0.000372371432604, 0.000322511536069, 0.000357350974809, 0.000251899182331, 0.000114756199764, 0.00018336714129, 0.000124542639242, 6.52124945191e-05, 5.15714127687e-05, 6.96591450833e-05, 4.71036255476e-05, 4.58917565993e-05, 3.23937274516e-05, 3.57845674444e-05, 3.59872938134e-05, 2.97469250654e-05, 2.33288283198e-05, 2.4778628358e-05],
        "mean": [0.00422289781272, 0.00198802095838, 0.000813015387394, 0.000668608117849, 0.000631881819572, 0.000802082533482, 0.000458586582681, 0.000354317569872, 0.000232575213886, 0.000320088001899, 0.000444812088972, 0.000190412669326, 0.000185173805221, 0.000119796590297, 8.48694035085e-05, 0.000104875645775, 0.000131695152959, 6.17599798716e-05, 2.66450751951e-05, 2.38949451159e-05, 1.48759900185e-05, 1.16969013106e-05, 9.51297624852e-06, 8.74299439602e-06, 1.34144429467e-05, 6.97708219377e-06, 5.62268587601e-06, 6.24218728262e-06, 3.85760313293e-06, 1.83061547432e-06, 1.13394264645e-06, 9.4975086995e-07, 7.93792594322e-07, 7.40506777674e-07, 9.33758997235e-07, 8.0915452827e-07, 6.61420870074e-07, 5.49517778836e-07, 4.26635978101e-07, 2.8110756034e-07],
        "median": [0.000384774291888, 0.000510566402227, 0.000177902707946, 0.000191521001398, 0.000242263573455, 0.000330422248226, 0.000165035453392, 9.60930774454e-05, 5.86533205933e-05, 0.000122113910038, 0.000112795314635, 5.00830246892e-05, 3.79556295229e-05, 3.19580649375e-05, 2.28853787121e-05, 2.25821313506e-05, 3.51949420292e-05, 1.89625316125e-05, 6.09240123595e-06, 6.50463744023e-06, 3.74009277948e-06, 4.05078071708e-06, 3.15183433486e-06, 3.11121334562e-06, 3.583106718e-06, 2.11412702811e-06, 1.63928143593e-06, 2.09819063457e-06, 1.60966919793e-06, 5.37719756721e-07, 3.38225220275e-07, 2.20743544332e-07, 1.46053082517e-07, 1.68451393279e-07, 3.82303824153e-07, 3.57697729214e-07, 2.24574037588e-07, 1.76537810148e-07, 1.17537332756e-07, 5.88161661597e-08],
        "min": [1.68166638316e-23, 1.32268134429e-23, 5.23812081878e-24, 1.59516336728e-23, 1.41753729275e-23, 2.01942096627e-23, 1.88722334022e-23, 1.36274427645e-23, 1.46870596651e-23, 7.41423937977e-24, 8.28201398564e-24, 8.84113887374e-24, 5.83720940034e-24, 5.0321306982e-24, 6.05798869075e-24, 1.38758645299e-23, 2.12816465319e-23, 7.63493110661e-24, 7.12650709776e-24, 6.21636316709e-24, 6.17632334856e-24, 1.7753915784e-23, 6.67629944598e-24, 1.43780675816e-23, 8.02746355989e-24, 9.25023346172e-24, 1.21472194288e-23, 9.04728637208e-24, 5.43765450729e-24, 1.19134744205e-23, 1.09914940264e-23, 1.14426341118e-23, 1.66924403272e-23, 1.38084942309e-23, 1.05479909035e-23, 9.73818337464e-24, 1.6115513215e-23, 1.30666762569e-23, 9.71439448519e-24, 1.05077455867e-23],
        "var": [5.7436980569e-05, 1.23282025015e-05, 3.46077240465e-06, 1.38229268032e-06, 9.29601753796e-07, 1.35273614887e-06, 6.0573825067e-07, 5.33882655418e-07, 2.42106665382e-07, 2.73098095249e-07, 6.29461567314e-07, 1.58197480005e-07, 1.75216968046e-07, 8.92014995202e-08, 8.05803423987e-08, 5.6041280061e-08, 5.90091815411e-08, 1.51795038761e-08, 4.50607018365e-09, 3.51942675003e-09, 1.82354820133e-09, 7.1282879599e-10, 4.19055790069e-10, 2.80116541074e-10, 6.33656016547e-10, 1.72094491435e-10, 9.46887013242e-11, 1.05749034529e-10, 4.06262315455e-11, 1.19713353813e-11, 7.53544449061e-12, 7.88774254246e-12, 6.27272365994e-12, 3.65649307707e-12, 3.26854927672e-12, 2.98354461796e-12, 2.58315547771e-12, 1.85339742685e-12, 1.73447204949e-12, 1.10709152349e-12]
    },
    "mfcc": {
        "mean": [-675.436401367, 140.298019409, -6.55589103699, 3.34388113022, -6.14892339706, -2.48156714439, 3.1075797081, -2.47817349434, -9.29635429382, 8.24995517731, -5.01783466339, 1.5319455862, -5.36495304108],
        "cov": [[10253.7207031, -239.258209229, -575.998657227, 905.412353516, 491.632232666, 167.404220581, 206.975341797, 101.7186203, 56.2922782898, 430.482788086, 73.8272247314, 184.41217041, 34.95728302], [-239.258209229, 1917.39038086, 597.374206543, 48.8002510071, 220.339660645, 282.003082275, 215.731063843, 238.677505493, 93.2870101929, 92.3406677246, 54.2750854492, 11.4971551895, -50.158870697], [-575.998657227, 597.374206543, 1030.45666504, 200.694610596, 304.088470459, 333.196380615, 182.863616943, 222.526321411, 195.213867188, 135.206039429, 103.68837738, 54.4364967346, -77.7873001099], [905.412353516, 48.8002510071, 200.694610596, 635.02911377, 328.859436035, 159.125259399, 89.6345672607, 131.913391113, 137.953292847, 140.749465942, 3.89473557472, 27.196023941, -3.30043125153], [491.632232666, 220.339660645, 304.088470459, 328.859436035, 378.969024658, 208.029525757, 131.275161743, 146.764785767, 130.157333374, 132.000701904, 39.2111358643, 42.0561332703, -30.5828990936], [167.404220581, 282.003082275, 333.196380615, 159.125259399, 208.029525757, 336.937225342, 157.517791748, 190.726348877, 150.571807861, 122.670814514, 109.177398682, 26.9947872162, -26.0191364288], [206.975341797, 215.731063843, 182.863616943, 89.6345672607, 131.275161743, 157.517791748, 294.455810547, 139.665542603, 71.6433181763, 152.943328857, 71.892250061, 49.7496490479, -24.5333652496], [101.7186203, 238.677505493, 222.526321411, 131.913391113, 146.764785767, 190.726348877, 139.665542603, 272.210479736, 166.163787842, 130.507949829, 96.0916595459, 39.457775116, 0.229656159878], [56.2922782898, 93.2870101929, 195.213867188, 137.953292847, 130.157333374, 150.571807861, 71.6433181763, 166.163787842, 237.991012573, 104.055755615, 83.4918518066, 7.86838340759, -4.52036809921], [430.482788086, 92.3406677246, 135.206039429, 140.749465942, 132.000701904, 122.670814514, 152.943328857, 130.507949829, 104.055755615, 297.198516846, 121.374198914, 75.1887893677, -35.4287528992], [73.8272247314, 54.2750854492, 103.68837738, 3.89473557472, 39.2111358643, 109.177398682, 71.892250061, 96.0916595459, 83.4918518066, 121.374198914, 201.70375061, 103.838142395, 11.4915895462], [184.41217041, 11.4971551895, 54.4364967346, 27.196023941, 42.0561332703, 26.9947872162, 49.7496490479, 39.457775116, 7.86838340759, 75.1887893677, 103.838142395, 199.854354858, 67.7445068359], [34.95728302, -50.158870697, -77.7873001099, -3.30043125153, -30.5828990936, -26.0191364288, -24.5333652496, 0.229656159878, -4.52036809921, -35.4287528992, 11.4915895462, 67.7445068359, 144.415328979]],
