{
"lowlevel": {
    "average_loudness": 0.902668118477,
    "barkbands_crest": {
        "dmean": 2.73787641525,
        "dmean2": 4.23137617111,
        "dvar": 7.47651147842,
        "dvar2": 17.634677887,
        "max": 25.5960140228,
        "mean": 12.4375400543,
        "median": 11.6362600327,
        "min": 2.07412862778,
        "var": 28.1634578705
    },
    "barkbands_flatness_db": {
        "dmean": 0.0244331210852,
        "dmean2": 0.0357701778412,
        "dvar": 0.00072670460213,
        "dvar2": 0.00160921562929,
        "max": 0.479254752398,
        "mean": 0.157472625375,
        "median": 0.153530299664,
        "min": 0.0146641405299,
        "var": 0.00454826606438
    },
    "barkbands_kurtosis": {
        "dmean": 3.60968565941,
        "dmean2": 5.48252773285,
        "dvar": 91.0287094116,
        "dvar2": 190.140029907,
        "max": 349.877410889,
        "mean": 5.62174844742,
        "median": 2.21501064301,
        "min": -1.88930106163,
        "var": 184.798995972
    },
    "barkbands_skewness": {
        "dmean": 0.581544280052,
        "dmean2": 0.867062568665,
        "dvar": 0.543797552586,
        "dvar2": 1.1061643362,
        "max": 16.8238811493,
        "mean": 1.68539714813,
        "median": 1.43239820004,
        "min": -2.44979405403,
        "var": 2.11377286911
    },
    "barkbands_spread": {
        "dmean": 5.65819978714,
        "dmean2": 8.60972976685,
        "dvar": 59.7111358643,
        "dvar2": 134.783874512,
        "max": 93.1100234985,
        "mean": 20.030632019,
        "median": 16.7881240845,
        "min": 0.3600936234,
        "var": 180.015777588
    },
    "dissonance": {
        "dmean": 0.0217201951891,
        "dmean2": 0.0363430380821,
        "dvar": 0.000434559304267,
        "dvar2": 0.00119485286996,
        "max": 0.500000119209,
        "mean": 0.45340308547,
        "median": 0.462072640657,
        "min": 0.221782773733,
        "var": 0.00130454811733
    },
    "dynamic_complexity": 2.9553501606,
    "erbbands_crest": {
        "dmean": 2.72919845581,
        "dmean2": 4.19275712967,
        "dvar": 7.86708021164,
        "dvar2": 18.6670398712,
        "max": 31.6964530945,
        "mean": 9.95494937897,
        "median": 8.58652591705,
        "min": 2.25389933586,
        "var": 27.6993465424
    },
    "erbbands_flatness_db": {
        "dmean": 0.0182290934026,
        "dmean2": 0.0260632373393,
        "dvar": 0.000396289804485,
        "dvar2": 0.000803960138001,
        "max": 0.394383341074,
        "mean": 0.164146110415,
        "median": 0.154877766967,
        "min": 0.0451005026698,
        "var": 0.00423168111593
    },
    "erbbands_kurtosis": {
        "dmean": 1.00419890881,
        "dmean2": 1.56093764305,
        "dvar": 2.59992671013,
        "dvar2": 6.18002223969,
        "max": 33.1824645996,
        "mean": 0.793835043907,
        "median": -0.0377056598663,
        "min": -1.76896822453,
        "var": 6.29655218124
    },
    "erbbands_skewness": {
        "dmean": 0.334143429995,
        "dmean2": 0.503280937672,
        "dvar": 0.104678928852,
        "dvar2": 0.24173361063,
        "max": 3.95213699341,
        "mean": 0.401740372181,
        "median": 0.337964296341,
        "min": -2.69553494453,
        "var": 0.505073189735
    },
    "erbbands_spread": {
        "dmean": 7.58540439606,
        "dmean2": 11.2971458435,
        "dvar": 80.819152832,
        "dvar2": 169.084152222,
        "max": 144.786331177,
        "mean": 35.8406143188,
        "median": 33.3456192017,
        "min": 2.2896130085,
        "var": 393.895751953
    },
    "hfc": {
        "dmean": 8.4067697525,
        "dmean2": 12.2432394028,
        "dvar": 221.501922607,
        "dvar2": 507.190002441,
        "max": 157.03578186,
        "mean": 24.8909435272,
        "median": 18.2328624725,
        "min": 1.07168249613e-16,
        "var": 525.76171875
    },
    "melbands_crest": {
        "dmean": 3.04663777351,
        "dmean2": 4.73159456253,
        "dvar": 10.7791490555,
        "dvar2": 25.2114181519,
        "max": 35.5498771667,
        "mean": 16.2914676666,
        "median": 15.2058172226,
        "min": 1.28883624077,
        "var": 48.9794960022
    },
    "melbands_flatness_db": {
        "dmean": 0.0284871794283,
        "dmean2": 0.0414771959186,
        "dvar": 0.00110106379725,
        "dvar2": 0.00239050900564,
        "max": 0.586497306824,
        "mean": 0.228453248739,
        "median": 0.225629046559,
        "min": 0.000416150374804,
        "var": 0.00663242209703
    },
    "melbands_kurtosis": {
        "dmean": 8.89869976044,
        "dmean2": 13.8021821976,
        "dvar": 530.985290527,
        "dvar2": 1107.94458008,
        "max": 640.257995605,
        "mean": 15.913643837,
        "median": 7.2274980545,
        "min": -1.80745518208,
        "var": 935.327697754
    },
    "melbands_skewness": {
        "dmean": 0.802218794823,
        "dmean2": 1.20233905315,
        "dvar": 1.13298094273,
        "dvar2": 2.36517119408,
        "max": 20.1465454102,
        "mean": 2.73104214668,
        "median": 2.25642633438,
        "min": -2.68382334709,
        "var": 4.27291870117
    },
    "melbands_spread": {
        "dmean": 6.25216197968,
        "dmean2": 9.68491649628,
        "dvar": 88.8937988281,
        "dvar2": 208.391921997,
        "max": 219.057632446,
        "mean": 19.8576889038,
        "median": 15.9095649719,
        "min": 0.382887125015,
        "var": 262.956085205
    },
    "pitch_salience": {
        "dmean": 0.0761163979769,
        "dmean2": 0.119573757052,
        "dvar": 0.00663015199825,
        "dvar2": 0.0163518451154,
        "max": 0.993030846119,
        "mean": 0.48962828517,
        "median": 0.493922382593,
        "min": 0.0406072288752,
        "var": 0.0217465348542
    },
    "silence_rate_20dB": {
        "dmean": 0,
        "dmean2": 0,
        "dvar": 0,
        "dvar2": 0,
        "max": 1,
        "mean": 1,
        "median": 1,
        "min": 1,
        "var": 0
    },
    "silence_rate_30dB": {
        "dmean": 0.0252154488117,
        "dmean2": 0.0504349209368,
        "dvar": 0.0245821289718,
        "dvar2": 0.0598621666431,
        "max": 1,
        "mean": 0.97542488575,
        "median": 1,
        "min": 0,
        "var": 0.0239743832499
    },
    "silence_rate_60dB": {
        "dmean": 0.0094158956781,
        "dmean2": 0.0188332926482,
        "dvar": 0.00932788383216,
        "dvar2": 0.0235849712044,
        "max": 1,
        "mean": 0.0507460311055,
        "median": 0,
        "min": 0,
        "var": 0.0481741912663
    },
    "spectral_centroid": {
        "dmean": 238.197677612,
        "dmean2": 369.424468994,
        "dvar": 108909.3125,
        "dvar2": 262610.28125,
        "max": 11600.9873047,
        "mean": 1269.3614502,
        "median": 1138.40246582,
        "min": 141.860290527,
        "var": 710575.5
    },
    "spectral_complexity": {
        "dmean": 3.83099269867,
        "dmean2": 5.98451852798,
        "dvar": 25.2031002045,
        "dvar2": 53.9464530945,
        "max": 59,
        "mean": 18.6442184448,
        "median": 18,
        "min": 0,
        "var": 93.4828872681
    },
    "spectral_decrease": {
        "dmean": 2.47831710709e-09,
        "dmean2": 3.56479157304e-09,
        "dvar": 1.07517316523e-17,
        "dvar2": 2.24700883704e-17,
        "max": 2.16422068232e-28,
        "mean": -9.91774040671e-09,
        "median": -8.57274695676e-09,
        "min": -4.00514075238e-08,
        "var": 5.47623178576e-17
    },
    "spectral_energy": {
        "dmean": 0.00969803798944,
        "dmean2": 0.0139389652759,
        "dvar": 0.000161251184181,
        "dvar2": 0.000334667944117,
        "max": 0.154309764504,
        "mean": 0.0396896786988,
        "median": 0.0351097099483,
        "min": 9.96733978095e-21,
        "var": 0.000834648206364
    },
    "spectral_energyband_high": {
        "dmean": 0.000615351134911,
        "dmean2": 0.000910539471079,
        "dvar": 1.59960166002e-06,
        "dvar2": 3.79577681997e-06,
        "max": 0.0158799719065,
        "mean": 0.00115321076009,
        "median": 0.000351038150256,
        "min": 7.14691400167e-21,
        "var": 2.93539051199e-06
    },
    "spectral_energyband_low": {
        "dmean": 0.00722294673324,
        "dmean2": 0.0107991229743,
        "dvar": 0.000156164445798,
        "dvar2": 0.00035036492045,
        "max": 0.139505699277,
        "mean": 0.0206631403416,
        "median": 0.00999557878822,
        "min": 1.99020266274e-23,
        "var": 0.000626679044217
    },
    "spectral_energyband_middle_high": {
        "dmean": 0.00268633244559,
        "dmean2": 0.00402926327661,
        "dvar": 2.42704700213e-05,
        "dvar2": 5.16877189511e-05,
        "max": 0.0964086130261,
        "mean": 0.00688106613234,
        "median": 0.00403526239097,
        "min": 1.2249151428e-21,
        "var": 7.10887106834e-05
    },
    "spectral_energyband_middle_low": {
        "dmean": 0.00436328398064,
        "dmean2": 0.00673029478639,
        "dvar": 5.07552285853e-05,
        "dvar2": 0.000117656723887,
        "max": 0.0728397741914,
        "mean": 0.0120309349149,
        "median": 0.00890864338726,
        "min": 1.60119300984e-22,
        "var": 0.000118253468827
    },
    "spectral_entropy": {
        "dmean": 0.171153619885,
        "dmean2": 0.250276178122,
        "dvar": 0.0378903970122,
        "dvar2": 0.085919059813,
        "max": 9.8203792572,
        "mean": 7.47016954422,
        "median": 7.53210401535,
        "min": 5.12824583054,
        "var": 0.341350674629
    },
    "spectral_flux": {
        "dmean": 0.0277209151536,
        "dmean2": 0.0425577834249,
        "dvar": 0.00113934406545,
        "dvar2": 0.0023347500246,
        "max": 0.368700712919,
        "mean": 0.0824616104364,
        "median": 0.0690885782242,
        "min": 6.42669181761e-11,
        "var": 0.00295009254478
    },
    "spectral_kurtosis": {
        "dmean": 2.30484557152,
        "dmean2": 3.93649053574,
        "dvar": 16.6099643707,
        "dvar2": 50.4282836914,
        "max": 87.0858001709,
        "mean": 6.49173927307,
        "median": 3.87596225739,
        "min": -1.27110564709,
        "var": 60.78698349
    },
    "spectral_rms": {
        "dmean": 0.000741076190025,
        "dmean2": 0.0010556577472,
        "dvar": 7.92461662513e-07,
        "dvar2": 1.53018652327e-06,
        "max": 0.0122697232291,
        "mean": 0.00571114430204,
        "median": 0.00585263827816,
        "min": 3.11837036228e-12,
        "var": 6.10424649494e-06
    },
    "spectral_rolloff": {
        "dmean": 500.293212891,
        "dmean2": 839.659912109,
        "dvar": 1017945.5625,
        "dvar2": 2362571.25,
        "max": 19401.4160156,
        "mean": 1261.09484863,
        "median": 861.328125,
        "min": 64.599609375,
        "var": 2842071.75
    },
    "spectral_skewness": {
        "dmean": 0.243583008647,
        "dmean2": 0.401140511036,
        "dvar": 0.0847253873944,
        "dvar2": 0.2435451895,
        "max": 7.54933929443,
        "mean": 1.77853751183,
        "median": 1.56514823437,
        "min": -0.0959828346968,
        "var": 0.584587693214
    },
    "spectral_spread": {
        "dmean": 561054.6875,
        "dmean2": 782479.0625,
        "dvar": 646699745280,
        "dvar2": 1.10704538419e+12,
        "max": 43139900,
        "mean": 4725090.5,
        "median": 4522511,
        "min": 815989.5625,
        "var": 8.45685614182e+12
    },
    "spectral_strongpeak": {
        "dmean": 0.521993398666,
        "dmean2": 0.867337822914,
        "dvar": 1.37972903252,
        "dvar2": 3.20986580849,
        "max": 18.0210514069,
        "mean": 1.08889806271,
        "median": 0.54866284132,
        "min": 0,
        "var": 2.59660983086
    },
    "zerocrossingrate": {
        "dmean": 0.0105727771297,
        "dmean2": 0.01202934701,
        "dvar": 0.000204111609492,
        "dvar2": 0.000244217779255,
        "max": 0.794921875,
        "mean": 0.0538300387561,
        "median": 0.04296875,
        "min": 0.0029296875,
        "var": 0.00210351264104
    },
    "barkbands": {
        "dmean": [0.000229391313042, 0.00635676737875, 0.00180405459832, 0.00146749988198, 0.0015804998111, 0.00137814355548, 0.00086575007299, 0.0006650891155, 0.00062043662183, 0.000612683943473, 0.00040109056863, 0.000766878190916, 0.000625178974587, 0.000565733178519, 0.00030822653207, 0.00028520275373, 0.000198818932404, 0.000182553572813, 0.00016787959612, 0.000130044296384, 0.000156811685883, 0.000129100357299, 9.79045653366e-05, 8.96926358109e-05, 7.87522294559e-05, 8.02275972092e-05, 1.67093148775e-05],
        "dmean2": [0.000312034884701, 0.00944283697754, 0.00300540192984, 0.00251799984835, 0.0025164745748, 0.00197995011695, 0.00132013042457, 0.00102682749275, 0.000908129673917, 0.000920306774788, 0.0006229308201, 0.00111381476745, 0.00100099341944, 0.000919504731428, 0.000475123699289, 0.000456696900073, 0.000323393323924, 0.000300530955428, 0.000276269944152, 0.000208864861634, 0.000254544662312, 0.000202768453164, 0.000152694861754, 0.000133985755383, 0.000112082110718, 0.000116797193186, 2.58279542322e-05],
        "dvar": [2.61684363068e-07, 0.000146290840348, 2.65094458882e-05, 2.50977627729e-05, 1.30605112645e-05, 6.47754814054e-06, 2.91545143227e-06, 2.42143687501e-06, 2.00910085368e-06, 2.92002573588e-06, 1.83149768418e-06, 6.08242453382e-06, 4.75296837976e-06, 3.40103360941e-06, 8.82695985638e-07, 8.34810293782e-07, 2.02502334901e-07, 1.97971885996e-07, 1.26227007513e-07, 7.28899607338e-08, 9.69260582906e-08, 9.17641358456e-08, 3.89811454227e-08, 3.26125615402e-08, 3.12967323168e-08, 5.7415778798e-08, 3.41606765097e-09],
        "dvar2": [3.8743101527e-07, 0.000318197446177, 7.15203568689e-05, 6.39701902401e-05, 3.20291983371e-05, 1.10633682198e-05, 6.05779587204e-06, 5.52360143047e-06, 3.49821425516e-06, 5.3290195865e-06, 4.00269800593e-06, 1.05621775219e-05, 1.15343691505e-05, 8.4928879005e-06, 2.04472098631e-06, 1.78369793957e-06, 5.12736221481e-07, 5.25743473645e-07, 3.28044137632e-07, 1.83066845238e-07, 2.47564798883e-07, 2.32748817552e-07, 9.9625530936e-08, 7.36013348046e-08, 6.66924577786e-08, 1.26305835124e-07, 8.28134716357e-09],
        "max": [0.00932459533215, 0.12902712822, 0.0758106559515, 0.0601499304175, 0.0459591522813, 0.0504793897271, 0.0458831973374, 0.0660795941949, 0.0606123954058, 0.065212726593, 0.049671202898, 0.0651555508375, 0.0606661252677, 0.0451594777405, 0.0401629880071, 0.0523345023394, 0.0134293735027, 0.00743277976289, 0.00560635235161, 0.0055732075125, 0.00414689444005, 0.00742489052936, 0.0024137753062, 0.00228398409672, 0.00281448964961, 0.00302315456793, 0.000775925291236],
        "mean": [0.000553559977561, 0.0163877140731, 0.0027510386426, 0.00168666383252, 0.00279700849205, 0.00314832362346, 0.00181776017416, 0.00115913315676, 0.00131358532235, 0.00120798824355, 0.000638796074782, 0.00131811329629, 0.000917176657822, 0.000890480470844, 0.000477492518257, 0.00052539416356, 0.00029675415135, 0.000263606896624, 0.000263606227236, 0.000227230411838, 0.000270647986326, 0.000210522761336, 0.000173186475877, 0.000148000282934, 0.000125716964249, 0.00010215772636, 1.7833948732e-05],
        "median": [4.0103081119e-05, 0.00460189115256, 0.00105478102341, 0.000507236865815, 0.00125067215413, 0.00129306246527, 0.000716306618415, 0.000472105428344, 0.000480139657157, 0.000287173490506, 0.000206519398489, 0.000305962166749, 0.000242303096456, 0.000254171085544, 0.000154986861162, 0.00015746364079, 0.000122546334751, 0.000108856074803, 0.000108984015242, 8.26609684736e-05, 8.4185419837e-05, 4.73439395137e-05, 3.61228121619e-05, 3.31869341608e-05, 2.26926003961e-05, 8.88095564733e-06, 2.85537879563e-07],
        "min": [2.18552163506e-25, 2.78922500361e-24, 1.61942297004e-24, 9.19092374342e-25, 1.25622131186e-23, 1.13531196983e-23, 7.40117189887e-24, 8.66608511685e-24, 1.38933109777e-23, 9.98937877497e-24, 2.0603529076e-23, 1.27761766508e-23, 4.65077585175e-23, 3.64761299302e-23, 6.15584578163e-23, 4.25046901649e-23, 5.7659724207e-23, 8.13694498953e-23, 1.42075489861e-22, 1.73158035787e-22, 2.55470471076e-22, 3.49583621796e-22, 4.18803149625e-22, 6.10930387175e-22, 9.74674529226e-22, 1.25596824213e-21, 2.02859279958e-21],
        "var": [1.37576569159e-06, 0.000518899585586, 3.57945828e-05, 2.36115338339e-05, 2.30520054174e-05, 3.03085143969e-05, 1.06841025627e-05, 5.80894220548e-06, 9.4430615718e-06, 1.29348918563e-05, 3.91801950173e-06, 1.75970180862e-05, 7.44029966881e-06, 6.29765736448e-06, 1.61688672051e-06, 3.23326480611e-06, 2.80961188537e-07, 2.24752497502e-07, 1.80875289857e-07, 1.22976913985e-07, 1.76006608399e-07, 1.31726295649e-07, 7.58627294317e-08, 6.10872632478e-08, 5.53414594151e-08, 7.17296799735e-08, 3.55517348893e-09]
    },
    "erbbands": {
        "dmean": [0.23585395515, 1.34970939159, 2.05637049675, 3.6322388649, 4.26961612701, 5.12439823151, 9.47300624847, 12.5898141861, 13.2625188828, 11.528131485, 12.8701276779, 13.2550754547, 17.2736988068, 14.8713645935, 21.4044151306, 22.9829959869, 27.9601612091, 22.8585319519, 20.4191913605, 17.1378211975, 15.5632095337, 11.7315044403, 9.04652118683, 9.2445526123, 6.97650909424, 6.33109378815, 6.48195552826, 5.89825725555, 4.7362446785, 3.78910088539, 2.73193717003, 2.14922833443, 1.35366284847, 0.908656954765, 0.551970481873, 0.328801542521, 0.141160830855, 0.0444248616695, 0.00207553454675, 4.39553332399e-05],
        "dmean2": [0.324131965637, 2.05694913864, 3.37527871132, 6.12860584259, 7.08668899536, 8.10618019104, 13.8889455795, 17.6921005249, 19.9556350708, 17.6921081543, 19.6070899963, 19.584482193, 25.8982524872, 22.435131073, 31.8135471344, 33.706905365, 44.4089546204, 37.1715812683, 32.3852233887, 26.5924930573, 24.6418476105, 19.0914974213, 14.8384647369, 15.3061685562, 11.5255937576, 10.1286897659, 10.6104135513, 9.42300319672, 7.50505018234, 5.96758270264, 4.20001363754, 3.28929901123, 1.99328446388, 1.32106506824, 0.804260253906, 0.487040609121, 0.206070393324, 0.0659103691578, 0.00313197914511, 6.37569319224e-05],
        "dvar": [0.2247094661, 7.15256404877, 33.8121948242, 114.593528748, 157.719116211, 120.439620972, 429.419128418, 635.36895752, 751.421813965, 580.53137207, 890.987365723, 978.33380127, 2015.2800293, 1234.6628418, 3429.62280273, 5277.21435547, 9583.08496094, 7246.21972656, 4858.61230469, 2551.7878418, 3114.53808594, 732.190063477, 458.436096191, 401.227905273, 273.230529785, 170.220031738, 179.967407227, 146.188354492, 125.280059814, 76.3854370117, 29.927778244, 19.8169193268, 7.15822601318, 4.02706098557, 1.59130036831, 0.805467128754, 0.172748714685, 0.0251420009881, 4.81679926452e-05, 1.45378127314e-08],
        "dvar2": [0.407853484154, 17.1109199524, 90.34375, 298.998809814, 389.915435791, 294.568969727, 772.908996582, 945.582702637, 1500.79748535, 1295.23022461, 1992.5682373, 1657.7154541, 3850.6628418, 2273.67675781, 6722.08691406, 8956.02929688, 22823.1621094, 18559.2597656, 11744.1357422, 6027.90527344, 6534.00927734, 1843.71557617, 1221.2010498, 1057.67175293, 724.589477539, 423.515075684, 467.086303711, 354.88269043, 323.476104736, 197.607391357, 72.644203186, 46.1527900696, 16.0181808472, 8.62613582611, 3.52750658989, 1.83189177513, 0.363323092461, 0.0593735016882, 0.00011038890807, 3.29253886378e-08],
        "max": [5.91357135773, 31.7795696259, 70.6597976685, 137.730926514, 146.36000061, 159.88331604, 373.803375244, 608.493164062, 818.893188477, 895.725158691, 1240.58911133, 1227.50073242, 1697.18481445, 2065.51904297, 1385.39758301, 2291.93603516, 2954.11035156, 2492.6640625, 2437.46508789, 1508.53466797, 3407.72265625, 775.94152832, 410.558288574, 311.266601562, 472.588256836, 216.238418579, 257.213897705, 204.19859314, 306.514831543, 146.297149658, 88.9037628174, 68.530960083, 33.8962287903, 41.7196006775, 23.1430721283, 12.6030187607, 5.36317253113, 2.07891321182, 0.0885815918446, 0.00152618112043],
        "mean": [0.593589782715, 3.17021036148, 3.41675853729, 5.09002447128, 5.33221435547, 9.10065460205, 19.8662662506, 29.5220489502, 29.0988388062, 23.3685913086, 25.3849906921, 28.8212947845, 35.2571105957, 29.8031768799, 40.2786560059, 40.8992652893, 44.2815475464, 37.1146812439, 32.8116531372, 29.3081970215, 29.4687080383, 18.7907505035, 14.4845018387, 14.9430761337, 11.6792793274, 11.2942123413, 11.0194387436, 9.69887542725, 7.73661279678, 6.40413761139, 4.70933532715, 3.41893005371, 2.27318716049, 1.46819698811, 0.842644631863, 0.437865942717, 0.180615887046, 0.0494826324284, 0.00236747553572, 8.93539690878e-05],
        "median": [0.112759433687, 1.08671891689, 1.69112753868, 1.89464831352, 2.06403398514, 4.06425762177, 8.52190208435, 10.8148450851, 11.6310358047, 11.3441781998, 12.2637739182, 11.903960228, 10.0957536697, 11.5760269165, 13.7804965973, 12.585688591, 13.2414216995, 11.5995922089, 10.9793319702, 10.1848802567, 9.49342250824, 8.18090343475, 7.09499979019, 6.83858680725, 5.40551233292, 4.10886001587, 3.64570569992, 2.67192745209, 1.82193112373, 1.33625590801, 0.970163047314, 0.783729434013, 0.498086988926, 0.266515135765, 0.145833045244, 0.0538094863296, 0.0134790977463, 0.00187246594578, 7.59619870223e-05, 5.19912136951e-05],
        "min": [6.52558867444e-23, 7.89849695034e-22, 2.14102110433e-21, 5.93743377445e-21, 1.75120048726e-20, 2.66238872272e-20, 4.98531544675e-20, 1.07967755916e-19, 1.03042612689e-19, 2.59931555478e-19, 2.39057730268e-19, 3.14571358581e-19, 4.75056650029e-19, 8.49695434851e-19, 1.23533251649e-18, 6.95979117452e-19, 2.42103026713e-18, 2.09068679731e-18, 3.1276025697e-18, 3.19586399539e-18, 1.9914679304e-18, 4.91616020071e-18, 5.83141238744e-18, 8.24712388323e-18, 8.4421590096e-18, 9.88702102815e-18, 9.72239802418e-18, 1.05965269268e-17, 1.20747086076e-17, 1.10977768713e-17, 1.19339092324e-17, 1.30644384823e-17, 1.11221348588e-17, 8.85508674421e-18, 7.26442338935e-18, 4.75546630465e-18, 2.61443274576e-18, 1.01803671907e-18, 2.48950448503e-19, 2.73102080287e-20],
        "var": [0.944925546646, 18.3904628754, 36.1130332947, 161.128311157, 144.570999146, 215.960403442, 1271.68908691, 3244.61474609, 2941.30175781, 1667.02990723, 2270.14526367, 5093.59277344, 7485.83056641, 5317.05810547, 9922.24414062, 13190.9042969, 16119.5380859, 11416.1513672, 8887.640625, 5291.01074219, 12876.625, 1125.45336914, 534.731994629, 539.754699707, 351.31137085, 303.79498291, 332.860473633, 259.617034912, 177.03187561, 113.500915527, 58.5724601746, 34.027256012, 14.4367446899, 7.35779237747, 2.61174321175, 1.03370940685, 0.227568879724, 0.0267262179404, 5.56796840101e-05, 1.944721717e-08]
    },
    "gfcc": {
        "mean": [-11.3857603073, 98.8884811401, -113.712356567, 22.9318943024, -53.7372436523, 12.2970943451, -32.7280654907, 7.7516913414, -20.0169258118, 7.87126159668, -10.0297727585, 3.60392999649, -7.49509811401],
        "cov": [[21595.8769531, -2635.86254883, 514.036865234, 1770.44946289, -275.651916504, 1167.71362305, -544.682434082, 552.900512695, -408.320343018, 524.311584473, -447.457183838, 578.263183594, -296.150939941], [-2635.86254883, 3025.59301758, -513.753540039, -260.056945801, 250.132965088, -465.152648926, 306.120849609, -226.635131836, 271.903503418, -289.220550537, 230.471313477, -353.88684082, 161.379730225], [514.036865234, -513.753540039, 876.396728516, 309.423522949, 189.892074585, 255.847213745, 49.6028900146, 139.950210571, 6.93762397766, 114.734848022, -23.7289581299, 115.279182434, -36.4870223999], [1770.44946289, -260.056945801, 309.423522949, 627.847900391, 144.370574951, 272.147277832, 98.1909713745, 68.1504669189, 96.8550415039, 97.6684494019, 26.0795211792, 102.433387756, -27.4120674133], [-275.651916504, 250.132965088, 189.892074585, 144.370574951, 353.235046387, 119.103408813, 176.527633667, 22.9638500214, 86.5102615356, 64.7422332764, 63.1711425781, 1.63534474373, 6.15571403503], [1167.71362305, -465.152648926, 255.847213745, 272.147277832, 119.103408813, 385.086547852, 85.024017334, 121.863220215, 47.4420585632, 147.174194336, 29.956697464, 98.3338623047, -28.4737815857], [-544.682434082, 306.120849609, 49.6028900146, 98.1909713745, 176.527633667, 85.024017334, 274.405212402, 35.9453392029, 127.062271118, 34.1528892517, 71.0527038574, -20.1421146393, 4.18084764481], [552.900512695, -226.635131836, 139.950210571, 68.1504669189, 22.9638500214, 121.863220215, 35.9453392029, 244.76789856, 46.9509353638, 54.5831336975, -24.6317596436, 45.069442749, 5.90396022797], [-408.320343018, 271.903503418, 6.93762397766, 96.8550415039, 86.5102615356, 47.4420585632, 127.062271118, 46.9509353638, 241.586013794, 42.3018035889, 58.3927154541, -14.8950557709, 16.3319416046], [524.311584473, -289.220550537, 114.734848022, 97.6684494019, 64.7422332764, 147.174194336, 34.1528892517, 54.5831336975, 42.3018035889, 189.130172729, 50.5624809265, 57.9434432983, -18.4568462372], [-447.457183838, 230.471313477, -23.7289581299, 26.0795211792, 63.1711425781, 29.956697464, 71.0527038574, -24.6317596436, 58.3927154541, 50.5624809265, 169.597625732, 37.7724533081, 32.2796554565], [578.263183594, -353.88684082, 115.279182434, 102.433387756, 1.63534474373, 98.3338623047, -20.1421146393, 45.069442749, -14.8950557709, 57.9434432983, 37.7724533081, 163.463928223, 29.2791996002], [-296.150939941, 161.379730225, -36.4870223999, -27.4120674133, 6.15571403503, -28.4737815857, 4.18084764481, 5.90396022797, 16.3319416046, -18.4568462372, 32.2796554565, 29.2791996002, 105.268096924]],
        "icov": [[0.000120016040455, -0.000162598036695, 0.000148701161379, -0.000345336156897, 0.000131202512421, -0.000253142527072, 0.000267821422312, -0.000187356010429, 0.000311095209327, -0.00037296602386, 0.000509019009769, -0.00044492163579, 0.000326256966218], [-0.000162598036695, 0.0014190414222, -6.61072699586e-05, 0.000314887438435, -0.000904933491256, 0.00114994752221, -0.000722018710803, 0.000339138525305, -0.00103069969919, 0.00179493101314, -0.00239091715775, 0.00276946765371, -0.00176269817166], [0.000148701161379, -6.61072699586e-05, 0.00200850982219, -0.000879192724824, -0.000872058270033, -0.00049022276653, 0.00056582049001, -0.00079034344526, 0.000611031020526, -0.000466534227598, 0.000985426828265, -0.00108441372868, 0.000750009377953], [-0.000345336156897, 0.000314887438435, -0.000879192724824, 0.00376400118694, -0.000565693888348, -0.000846726237796, -0.000839866697788, 0.0011159402784, -0.00186069949996, 0.00139647431206, -0.000875748868566, -0.000165727513377, -0.000155867950525], [0.000131202512421, -0.000904933491256, -0.000872058270033, -0.000565693888348, 0.00570743484423, -0.00118603941519, -0.00216503930278, 0.00039439680404, 0.000779082416557, -0.00190052972175, 0.00101322832052, -0.000687913852744, 0.000142683740705], [-0.000253142527072, 0.00114994752221, -0.00049022276653, -0.000846726237796, -0.00118603941519, 0.00706949131563, -0.00173412717413, -0.00107973685954, -0.0004430700792, -0.00096355646383, -0.00209145410918, 0.000975801085588, -0.000484764808789], [0.000267821422312, -0.000722018710803, 0.00056582049001, -0.000839866697788, -0.00216503930278, -0.00173412717413, 0.00787296425551, -0.00117643782869, -0.00125725218095, -0.000162163589266, -0.000207402466913, -0.000313627620926, 0.00156605418306], [-0.000187356010429, 0.000339138525305, -0.00079034344526, 0.0011159402784, 0.00039439680404, -0.00107973685954, -0.00117643782869, 0.0061419182457, -0.00180075573735, 4.55251029052e-05, 0.00113554368727, -7.90612029959e-05, -0.00168206647504], [0.000311095209327, -0.00103069969919, 0.000611031020526, -0.00186069949996, 0.000779082416557, -0.0004430700792, -0.00125725218095, -0.00180075573735, 0.00756271230057, -0.00272887083702, 0.000917456054594, -0.000625317858066, 0.000408899300965], [-0.00037296602386, 0.00179493101314, -0.000466534227598, 0.00139647431206, -0.00190052972175, -0.00096355646383, -0.000162163589266, 4.55251029052e-05, -0.00272887083702, 0.0114654218778, -0.00569645734504, 0.0022635080386, -0.000193795116502], [0.000509019009769, -0.00239091715775, 0.000985426828265, -0.000875748868566, 0.00101322832052, -0.00209145410918, -0.000207402466913, 0.00113554368727, 0.000917456054594, -0.00569645734504, 0.0138272698969, -0.00752865197137, 0.00124336150475], [-0.00044492163579, 0.00276946765371, -0.00108441372868, -0.000165727513377, -0.000687913852744, 0.000975801085588, -0.000313627620926, -7.90612029959e-05, -0.000625317858066, 0.0022635080386, -0.00752865197137, 0.01614369452, -0.0072830687277], [0.000326256966218, -0.00176269817166, 0.000750009377953, -0.000155867950525, 0.000142683740705, -0.000484764808789, 0.00156605418306, -0.00168206647504, 0.000408899300965, -0.000193795116502, 0.00124336150475, -0.0072830687277, 0.0147787621245]]
    },
    "melbands": {
        "dmean": [0.00191920821089, 0.00123326177709, 0.000639439444058, 0.00031588334241, 0.000321465078741, 0.000277015642496, 0.000187811077922, 0.000138059360324, 0.000102206213342, 8.26510367915e-05, 9.26486973185e-05, 6.84202750563e-05, 6.83137914166e-05, 8.80530715222e-05, 7.08309817128e-05, 5.36341030966e-05, 4.30196778325e-05, 3.95362876588e-05, 2.45059090958e-05, 1.93403939193e-05, 1.91099297808e-05, 1.30167445604e-05, 8.69809900905e-06, 1.03252386907e-05, 7.79909623816e-06, 6.45719819659e-06, 4.97628161611e-06, 4.27577833761e-06, 4.40784788225e-06, 3.83975338991e-06, 3.44183172274e-06, 2.64483583123e-06, 2.86290264739e-06, 2.1132054826e-06, 1.65414269304e-06, 1.52184384206e-06, 1.30292505673e-06, 9.98160544441e-07, 8.97532572708e-07, 7.44342003145e-07],
        "dmean2": [0.00270884484053, 0.00191749853548, 0.00107105157804, 0.000517962384038, 0.000470908766147, 0.000390307715861, 0.000283734989353, 0.000211718899664, 0.000154739478603, 0.000121830227727, 0.000138868344948, 0.000102672820503, 0.000102796177089, 0.00012909801444, 0.000108224994619, 8.62880115164e-05, 7.04204721842e-05, 6.32241280982e-05, 3.73744405806e-05, 3.04577315546e-05, 3.02325897792e-05, 2.12963677768e-05, 1.44231062222e-05, 1.66698409885e-05, 1.29969648697e-05, 1.06708985186e-05, 8.17913132778e-06, 6.80160246702e-06, 7.19413810657e-06, 6.37137600279e-06, 5.49927290194e-06, 4.25881762567e-06, 4.56762109025e-06, 3.39163489116e-06, 2.58333534475e-06, 2.40829172071e-06, 1.99927694666e-06, 1.51148105942e-06, 1.33461151108e-06, 1.10218888949e-06],
        "dvar": [1.32654904519e-05, 7.63467687648e-06, 3.6011897464e-06, 6.12150870438e-07, 5.10328163728e-07, 2.80603359215e-07, 1.36365571279e-07, 7.70714478904e-08, 5.20240526214e-08, 3.37133627681e-08, 5.89734021617e-08, 2.75071894151e-08, 4.15504288753e-08, 8.56520898651e-08, 1.12179584733e-07, 3.27374429787e-08, 2.30058017081e-08, 2.17648992162e-08, 5.41715428071e-09, 3.14110759625e-09, 6.23304607927e-09, 9.94086812867e-10, 4.36142150173e-10, 5.45493761273e-10, 2.82074835711e-10, 1.98513941396e-10, 1.40359196488e-10, 7.56637461019e-11, 9.35280811132e-11, 7.08901964908e-11, 4.66971496194e-11, 3.34294987525e-11, 5.45946760022e-11, 2.13976805025e-11, 1.11200796835e-11, 9.8366844184e-12, 7.43883513815e-12, 3.87801856599e-12, 3.4665261113e-12, 2.88247095463e-12],
        "dvar2": [2.65556336672e-05, 1.97607550945e-05, 9.087862054e-06, 1.63111735674e-06, 9.01613134374e-07, 4.33887805684e-07, 2.7852863127e-07, 1.74939032149e-07, 1.1230183361e-07, 5.8822539728e-08, 1.11458710705e-07, 4.95946501644e-08, 8.79291661704e-08, 1.55381130185e-07, 1.96974013988e-07, 8.34161895114e-08, 5.87660089479e-08, 5.27192547395e-08, 1.17289493673e-08, 7.12695635841e-09, 1.2668680327e-08, 2.49177545264e-09, 1.17155041224e-09, 1.39672695632e-09, 7.37996608269e-10, 5.22853538243e-10, 3.58751778284e-10, 1.83984494306e-10, 2.31960575747e-10, 1.91426971496e-10, 1.11617937115e-10, 8.54606663214e-11, 1.39313047209e-10, 5.70559224866e-11, 2.72984898575e-11, 2.42462508404e-11, 1.6833586608e-11, 9.01263525616e-12, 7.48737530309e-12, 6.3773396286e-12],
        "max": [0.0425272062421, 0.0337419845164, 0.0203134194016, 0.00978415738791, 0.0132993906736, 0.0120852394029, 0.0105658471584, 0.0086663858965, 0.0100583387539, 0.00660623982549, 0.00864916667342, 0.00899280142039, 0.00696512451395, 0.00916615128517, 0.0132261775434, 0.00469317799434, 0.00413127522916, 0.00429396796972, 0.00173600076232, 0.00183092267253, 0.00528055476025, 0.000976557494141, 0.000432109256508, 0.000388860993553, 0.000259189488133, 0.000267621508101, 0.000428896746598, 0.0001419011096, 0.000221072128625, 0.000137724549859, 0.000110779990791, 0.000138698174851, 0.000186200966709, 6.66492560413e-05, 6.32546871202e-05, 3.63270592061e-05, 4.69304468425e-05, 2.44350940193e-05, 2.78048719338e-05, 3.85060666304e-05],
        "mean": [0.00492860004306, 0.00264317588881, 0.000888878537808, 0.000469157734187, 0.000679390621372, 0.000655445212033, 0.000412286724895, 0.000265428447165, 0.000208638957702, 0.000173537657247, 0.00018524256302, 0.00013514093007, 0.000121430057334, 0.00015310618619, 0.000106927400338, 8.22646325105e-05, 6.7479275458e-05, 6.00394341745e-05, 3.81468998967e-05, 3.35973891197e-05, 3.31818337145e-05, 1.88622689166e-05, 1.2972364857e-05, 1.45719577631e-05, 1.17803174362e-05, 1.0034132174e-05, 7.73144620325e-06, 7.08116522219e-06, 7.19540912542e-06, 5.8053765315e-06, 5.41083818462e-06, 4.1404091462e-06, 4.29412921221e-06, 3.37052370014e-06, 2.76667833532e-06, 2.34201684179e-06, 1.98632415049e-06, 1.62383435054e-06, 1.39788210163e-06, 1.16580963549e-06],
        "median": [0.00121415220201, 0.00153308932204, 0.000352065777406, 0.000220579473535, 0.000299377396004, 0.000253613048699, 0.000172833431861, 0.000122529163491, 9.80902914307e-05, 6.44976680633e-05, 4.76802342746e-05, 4.54369874205e-05, 4.1299204895e-05, 3.13524506055e-05, 2.6878557037e-05, 2.26693937293e-05, 1.96820201381e-05, 1.60546624102e-05, 1.14462536658e-05, 1.07632367872e-05, 8.50316155265e-06, 7.2140287557e-06, 5.84513873036e-06, 5.37396135769e-06, 4.87315992359e-06, 4.16439024775e-06, 2.97116162074e-06, 2.20169499698e-06, 2.19718549488e-06, 1.64692926319e-06, 1.36737457979e-06, 9.99406893243e-07, 7.81884125445e-07, 6.77468847243e-07, 5.49966102881e-07, 4.70066481739e-07, 4.40556874537e-07, 3.56461072215e-07, 2.46512826152e-07, 2.00554666208e-07],
        "min": [1.00489598614e-24, 1.7370510057e-24, 1.3626086121e-24, 1.11786283992e-24, 2.95565907461e-24, 2.69202728211e-24, 1.58619782505e-24, 2.88205283013e-24, 1.8108582125e-24, 1.65396432946e-24, 1.11667629451e-24, 2.53999445858e-24, 3.55849553433e-24, 2.48778744666e-24, 2.24061819518e-24, 4.40477289167e-24, 3.267072961e-24, 3.81134280939e-24, 3.74213683104e-24, 4.72645459161e-24, 1.63223624051e-24, 4.20781246744e-24, 3.16544381336e-24, 4.89028404111e-24, 6.20342979255e-24, 5.51625621346e-24, 4.22234999063e-24, 5.50137040817e-24, 5.23571873733e-24, 5.76569639827e-24, 5.18492595579e-24, 5.85349740588e-24, 5.61372273931e-24, 5.29989178311e-24, 6.13782733081e-24, 6.43104535156e-24, 7.09282037052e-24, 7.39053095412e-24, 6.66002682323e-24, 6.64056089153e-24],
        "var": [5.25474424649e-05, 1.23937234093e-05, 4.32855176768e-06, 6.38020708266e-07, 1.50388098064e-06, 1.41413988786e-06, 5.25067036961e-07, 2.15084426713e-07, 1.57817112267e-07, 1.70889876472e-07, 2.26145914439e-07, 1.24770863863e-07, 9.94399442789e-08, 2.8226125437e-07, 1.99102444753e-07, 4.903177242e-08, 3.76125761647e-08, 3.99967206022e-08, 1.06905790886e-08, 7.36149097236e-09, 2.19620570618e-08, 1.43035383537e-09, 4.94413510133e-10, 7.17065851141e-10, 3.8129246982e-10, 2.66775490587e-10, 1.93928262338e-10, 1.34387931339e-10, 1.8550957992e-10, 9.55267046021e-11, 8.28217286419e-11, 5.09673657445e-11, 6.77584863218e-11, 3.19128473647e-11, 2.13217568601e-11, 1.59890364837e-11, 1.2709042152e-11, 7.33806852088e-12, 6.63342818175e-12, 4.87680989342e-12]
    },
    "mfcc": {
        "mean": [-649.657531738, 130.333572388, 0.0619818381965, 17.1004943848, 1.28697359562, 5.38376951218, 1.30361127853, 0.518542468548, -1.18101465702, 1.69375920296, 0.166741430759, 3.14435958862, 1.43383002281],
        "cov": [[10624.21875, -1583.65270996, 412.352630615, 453.462585449, 277.153015137, 529.726928711, 127.944122314, 263.579742432, 149.270767212, 140.717956543, 158.659103394, 101.118499756, 54.1199111938], [-1583.65270996, 2608.37670898, -403.715698242, 39.9249916077, -70.2902755737, -231.235900879, 9.43048381805, -73.3609542847, 16.1796417236, 14.43359375, -35.6138763428, 0.909920036793, 9.31741905212], [412.352630615, -403.715698242, 595.981506348, 134.285934448, 178.223495483, 141.796264648, 75.7875213623, 97.8540420532, 64.5883102417, 39.5396842957, 65.4406661987, 44.568069458, 26.9742279053], [453.462585449, 39.9249916077, 134.285934448, 317.446746826, 109.960952759, 147.737503052, 62.4112815857, 87.5253372192, 49.2999458313, 41.5909461975, 61.7228927612, 52.9159698486, 39.9486923218], [277.153015137, -70.2902755737, 178.223495483, 109.960952759, 231.410171509, 125.070381165, 82.5914611816, 63.7100105286, 49.6838951111, 40.8743286133, 46.7314720154, 45.7648963928, 40.1791496277], [529.726928711, -231.235900879, 141.796264648, 147.737503052, 125.070381165, 362.242889404, 105.178596497, 85.604095459, 23.036775589, 88.9085769653, 108.156219482, 77.6542053223, 91.1951370239], [127.944122314, 9.43048381805, 75.7875213623, 62.4112815857, 82.5914611816, 105.178596497, 202.994537354, 50.5867195129, 28.3893451691, 33.6818504333, 52.93227005, 43.1845817566, 25.8313598633], [263.579742432, -73.3609542847, 97.8540420532, 87.5253372192, 63.7100105286, 85.604095459, 50.5867195129, 188.479766846, 78.8140487671, 61.9735031128, 50.3260040283, 28.5339927673, 58.7006263733], [149.270767212, 16.1796417236, 64.5883102417, 49.2999458313, 49.6838951111, 23.036775589, 28.3893451691, 78.8140487671, 161.196975708, 77.8498001099, 48.6212310791, 14.7783021927, 8.26581096649], [140.717956543, 14.43359375, 39.5396842957, 41.5909461975, 40.8743286133, 88.9085769653, 33.6818504333, 61.9735031128, 77.8498001099, 159.202163696, 94.627532959, 50.9379844666, 33.2275390625], [158.659103394, -35.6138763428, 65.4406661987, 61.7228927612, 46.7314720154, 108.156219482, 52.93227005, 50.3260040283, 48.6212310791, 94.627532959, 147.572677612, 77.814163208, 41.7277412415], [101.118499756, 0.909920036793, 44.568069458, 52.9159698486, 45.7648963928, 77.6542053223, 43.1845817566, 28.5339927673, 14.7783021927, 50.9379844666, 77.814163208, 134.208251953, 60.8253517151], [54.1199111938, 9.31741905212, 26.9742279053, 39.9486923218, 40.1791496277, 91.1951370239, 25.8313598633, 58.7006263733, 8.26581096649, 33.2275390625, 41.7277412415, 60.8253517151, 146.173980713]],
