{
"lowlevel": {
    "average_loudness": 0.949928820133,
    "barkbands_crest": {
        "dmean": 2.78640246391,
        "dmean2": 4.33411359787,
        "dvar": 6.96905374527,
        "dvar2": 16.0295829773,
        "max": 26.4977035522,
        "mean": 12.1363344193,
        "median": 11.5063085556,
        "min": 2.30888414383,
        "var": 21.0574398041
    },
    "barkbands_flatness_db": {
        "dmean": 0.0220381878316,
        "dmean2": 0.0318689830601,
        "dvar": 0.000486567732878,
        "dvar2": 0.00101869727951,
        "max": 0.482114642859,
        "mean": 0.138316214085,
        "median": 0.131463974714,
        "min": 0.0203790701926,
        "var": 0.00323931733146
    },
    "barkbands_kurtosis": {
        "dmean": 3.63425850868,
        "dmean2": 5.65176534653,
        "dvar": 73.4353561401,
        "dvar2": 171.739883423,
        "max": 210.532608032,
        "mean": 5.67777109146,
        "median": 2.17316532135,
        "min": -1.95594620705,
        "var": 145.034194946
    },
    "barkbands_skewness": {
        "dmean": 0.602257430553,
        "dmean2": 0.89509832859,
        "dvar": 0.53973275423,
        "dvar2": 1.13240480423,
        "max": 12.1032218933,
        "mean": 1.63991236687,
        "median": 1.36328852177,
        "min": -6.15166139603,
        "var": 2.04633378983
    },
    "barkbands_spread": {
        "dmean": 6.84264326096,
        "dmean2": 10.1065206528,
        "dvar": 86.4698944092,
        "dvar2": 175.169464111,
        "max": 125.292900085,
        "mean": 24.6462135315,
        "median": 22.0838623047,
        "min": 0.752453804016,
        "var": 288.894622803
    },
    "dissonance": {
        "dmean": 0.0244955848902,
        "dmean2": 0.0413059592247,
        "dvar": 0.000584521505516,
        "dvar2": 0.00158744107466,
        "max": 0.500000059605,
        "mean": 0.453865200281,
        "median": 0.465199142694,
        "min": 0.11710986495,
        "var": 0.00160796265118
    },
    "dynamic_complexity": 2.86097574234,
    "erbbands_crest": {
        "dmean": 3.46875739098,
        "dmean2": 5.57559490204,
        "dvar": 10.28972435,
        "dvar2": 24.7584877014,
        "max": 32.0414505005,
        "mean": 11.3278093338,
        "median": 10.2118387222,
        "min": 2.20835804939,
        "var": 33.5331268311
    },
    "erbbands_flatness_db": {
        "dmean": 0.018764924258,
        "dmean2": 0.0274054966867,
        "dvar": 0.000301885302179,
        "dvar2": 0.000621345010586,
        "max": 0.380267560482,
        "mean": 0.154336795211,
        "median": 0.143077805638,
        "min": 0.04184820503,
        "var": 0.00320768170059
    },
    "erbbands_kurtosis": {
        "dmean": 1.42377269268,
        "dmean2": 2.22299599648,
        "dvar": 4.31550502777,
        "dvar2": 10.2258310318,
        "max": 42.5591773987,
        "mean": 1.8604029417,
        "median": 0.668640851974,
        "min": -1.80305361748,
        "var": 13.5267066956
    },
    "erbbands_skewness": {
        "dmean": 0.425530970097,
        "dmean2": 0.645855903625,
        "dvar": 0.185761719942,
        "dvar2": 0.402331113815,
        "max": 5.35751008987,
        "mean": 0.69340133667,
        "median": 0.666705846786,
        "min": -4.49663972855,
        "var": 0.804436743259
    },
    "erbbands_spread": {
        "dmean": 8.70759296417,
        "dmean2": 13.2770433426,
        "dvar": 104.7995224,
        "dvar2": 244.108123779,
        "max": 154.969573975,
        "mean": 34.899017334,
        "median": 32.1094512939,
        "min": 2.30487585068,
        "var": 367.384490967
    },
    "hfc": {
        "dmean": 10.3658084869,
        "dmean2": 14.5036325455,
        "dvar": 267.79284668,
        "dvar2": 561.670532227,
        "max": 496.162384033,
        "mean": 30.9803371429,
        "median": 26.2296104431,
        "min": 1.12211258788e-16,
        "var": 683.406066895
    },
    "melbands_crest": {
        "dmean": 3.58184957504,
        "dmean2": 5.493953228,
        "dvar": 11.9954624176,
        "dvar2": 27.3617153168,
        "max": 35.3002166748,
        "mean": 18.1955871582,
        "median": 17.9052696228,
        "min": 1.38292217255,
        "var": 41.8654174805
    },
    "melbands_flatness_db": {
        "dmean": 0.0263573937118,
        "dmean2": 0.0374226942658,
        "dvar": 0.000739699462429,
        "dvar2": 0.00150110421237,
        "max": 0.598801612854,
        "mean": 0.205739334226,
        "median": 0.202139288187,
        "min": 0.000776666915044,
        "var": 0.004511393141
    },
    "melbands_kurtosis": {
        "dmean": 8.42719459534,
        "dmean2": 13.113612175,
        "dvar": 343.402130127,
        "dvar2": 826.042114258,
        "max": 450.999542236,
        "mean": 15.0191574097,
        "median": 6.8872756958,
        "min": -1.85561990738,
        "var": 706.545959473
    },
    "melbands_skewness": {
        "dmean": 0.830828130245,
        "dmean2": 1.24875581264,
        "dvar": 0.924254238605,
        "dvar2": 1.99550843239,
        "max": 17.7389507294,
        "mean": 2.5870552063,
        "median": 2.15831565857,
        "min": -1.89518785477,
        "var": 3.70694041252
    },
    "melbands_spread": {
        "dmean": 7.56619262695,
        "dmean2": 11.2502717972,
        "dvar": 129.607620239,
        "dvar2": 258.603424072,
        "max": 240.274917603,
        "mean": 24.6289634705,
        "median": 20.2124710083,
        "min": 0.622632980347,
        "var": 436.271240234
    },
    "pitch_salience": {
        "dmean": 0.0762670487165,
        "dmean2": 0.122922174633,
        "dvar": 0.00659186253324,
        "dvar2": 0.016810324043,
        "max": 0.993290483952,
        "mean": 0.499709635973,
        "median": 0.499109506607,
        "min": 0.0731467753649,
        "var": 0.0153554230928
    },
    "silence_rate_20dB": {
        "dmean": 0,
        "dmean2": 0,
        "dvar": 0,
        "dvar2": 0,
        "max": 1,
        "mean": 1,
        "median": 1,
        "min": 1,
        "var": 0
    },
    "silence_rate_30dB": {
        "dmean": 0.0216836743057,
        "dmean2": 0.0433728806674,
        "dvar": 0.0212155487388,
        "dvar2": 0.0583349913359,
        "max": 1,
        "mean": 0.986481308937,
        "median": 1,
        "min": 0,
        "var": 0.01333623752
    },
    "silence_rate_60dB": {
        "dmean": 0.0117346942425,
        "dmean2": 0.0234723817557,
        "dvar": 0.01159663219,
        "dvar2": 0.0249609872699,
        "max": 1,
        "mean": 0.0491008795798,
        "median": 0,
        "min": 0,
        "var": 0.0466898232698
    },
    "spectral_centroid": {
        "dmean": 300.85043335,
        "dmean2": 445.145141602,
        "dvar": 153860.953125,
        "dvar2": 309934.3125,
        "max": 11505.6816406,
        "mean": 1501.04833984,
        "median": 1352.79748535,
        "min": 151.793228149,
        "var": 998525.75
    },
    "spectral_complexity": {
        "dmean": 4.08545923233,
        "dmean2": 5.84768486023,
        "dvar": 22.566778183,
        "dvar2": 39.8662986755,
        "max": 61,
        "mean": 19.0618534088,
        "median": 17,
        "min": 0,
        "var": 111.618408203
    },
    "spectral_decrease": {
        "dmean": 2.87246293418e-09,
        "dmean2": 4.22716084358e-09,
        "dvar": 1.4743817785e-17,
        "dvar2": 3.36809085714e-17,
        "max": 1.61443990557e-28,
        "mean": -1.00141175352e-08,
        "median": -9.07865960187e-09,
        "min": -4.01337132416e-08,
        "var": 4.67134600682e-17
    },
    "spectral_energy": {
        "dmean": 0.0114337773994,
        "dmean2": 0.0167812071741,
        "dvar": 0.000219646142796,
        "dvar2": 0.000499099376611,
        "max": 0.153587967157,
        "mean": 0.0406056195498,
        "median": 0.0373155623674,
        "min": 1.01829923905e-20,
        "var": 0.000722733442672
    },
    "spectral_energyband_high": {
        "dmean": 0.000743138079997,
        "dmean2": 0.00102532911114,
        "dvar": 2.55058034782e-06,
        "dvar2": 5.10056406711e-06,
        "max": 0.0436055921018,
        "mean": 0.00158189865761,
        "median": 0.000797759217676,
        "min": 6.96927615733e-21,
        "var": 5.55414044356e-06
    },
    "spectral_energyband_low": {
        "dmean": 0.00718287890777,
        "dmean2": 0.0108873834834,
        "dvar": 0.000166810394148,
        "dvar2": 0.000389179418562,
        "max": 0.126268044114,
        "mean": 0.0189796853811,
        "median": 0.0134859168902,
        "min": 1.82826419171e-23,
        "var": 0.000404530292144
    },
    "spectral_energyband_middle_high": {
        "dmean": 0.00304868002422,
        "dmean2": 0.00434908363968,
        "dvar": 1.59179617185e-05,
        "dvar2": 3.06436049868e-05,
        "max": 0.0551539845765,
        "mean": 0.00812037382275,
        "median": 0.00568168470636,
        "min": 1.22594104063e-21,
        "var": 6.45662294119e-05
    },
    "spectral_energyband_middle_low": {
        "dmean": 0.0067116250284,
        "dmean2": 0.0109513942152,
        "dvar": 0.000119591109979,
        "dvar2": 0.00032061728416,
        "max": 0.0971401259303,
        "mean": 0.0128357252106,
        "median": 0.00925620924681,
        "min": 1.73170001229e-22,
        "var": 0.000161287927767
    },
    "spectral_entropy": {
        "dmean": 0.171091243625,
        "dmean2": 0.244720757008,
        "dvar": 0.0323935896158,
        "dvar2": 0.0605591349304,
        "max": 9.82544708252,
        "mean": 7.64419317245,
        "median": 7.70031166077,
        "min": 5.21177339554,
        "var": 0.275113582611
    },
    "spectral_flux": {
        "dmean": 0.0314149670303,
        "dmean2": 0.0487738363445,
        "dvar": 0.00136773625854,
        "dvar2": 0.00247695902362,
        "max": 0.355254948139,
        "mean": 0.0979502573609,
        "median": 0.0893102586269,
        "min": 6.45277581368e-11,
        "var": 0.00352371740155
    },
    "spectral_kurtosis": {
        "dmean": 1.0546182394,
        "dmean2": 1.66551721096,
        "dvar": 2.8030154705,
        "dvar2": 7.39213705063,
        "max": 54.7385025024,
        "mean": 3.89893531799,
        "median": 3.23631906509,
        "min": -1.61280763149,
        "var": 13.1340112686
    },
    "spectral_rms": {
        "dmean": 0.000849205825943,
        "dmean2": 0.00122451141942,
        "dvar": 9.13773021693e-07,
        "dvar2": 1.92071047422e-06,
        "max": 0.012240992859,
        "mean": 0.00586949521676,
        "median": 0.00603369064629,
        "min": 3.15192425111e-12,
        "var": 5.16425370733e-06
    },
    "spectral_rolloff": {
        "dmean": 540.583984375,
        "dmean2": 891.799499512,
        "dvar": 1349765.75,
        "dvar2": 2836182.25,
        "max": 19530.6152344,
        "mean": 1595.28125,
        "median": 1055.12695312,
        "min": 64.599609375,
        "var": 4579498.5
    },
    "spectral_skewness": {
        "dmean": 0.178620710969,
        "dmean2": 0.2697237432,
        "dvar": 0.0426571331918,
        "dvar2": 0.0885982513428,
        "max": 5.69550848007,
        "mean": 1.6072101593,
        "median": 1.54022848606,
        "min": -0.716207146645,
        "var": 0.293011963367
    },
    "spectral_spread": {
        "dmean": 636878.125,
        "dmean2": 896326.9375,
        "dvar": 938750312448,
        "dvar2": 1.63194758758e+12,
        "max": 41961356,
        "mean": 5973258,
        "median": 5564283,
        "min": 1051363.5,
        "var": 9.71664313549e+12
    },
    "spectral_strongpeak": {
        "dmean": 0.576239645481,
        "dmean2": 0.985179483891,
        "dvar": 1.26284515858,
        "dvar2": 3.07992124557,
        "max": 17.0262775421,
        "mean": 1.05285394192,
        "median": 0.412634074688,
        "min": 0,
        "var": 2.12903022766
    },
    "zerocrossingrate": {
        "dmean": 0.0129665452987,
        "dmean2": 0.0143127012998,
        "dvar": 0.000303354725474,
        "dvar2": 0.000328517315211,
        "max": 0.8798828125,
        "mean": 0.0666833668947,
        "median": 0.0546875,
        "min": 0.001953125,
        "var": 0.00321936397813
    },
    "barkbands": {
        "dmean": [0.000557436782401, 0.00602642120793, 0.00207082019188, 0.00122139730956, 0.00143791281153, 0.00203461875208, 0.00094012072077, 0.00107614172157, 0.00195821980014, 0.000903969164938, 0.00135033961851, 0.000614385935478, 0.000564860994928, 0.000402259698603, 0.000480426475406, 0.000321644707583, 0.000195132408408, 0.000179915426997, 0.000240947018028, 0.000161092510098, 0.000173112202901, 7.84806688898e-05, 0.000132463872433, 0.000179371796548, 0.000193959858734, 6.85125414748e-05, 7.22142976883e-06],
        "dmean2": [0.000839164305944, 0.00886879861355, 0.00365957943723, 0.00228899810463, 0.00254331482574, 0.00322031788528, 0.00148500897922, 0.00168505730107, 0.00310954567976, 0.00135359924752, 0.00204640696757, 0.000944123836234, 0.000907193345483, 0.000630111026112, 0.000754453998525, 0.000510326353833, 0.000304413697449, 0.000283188303001, 0.000371873466065, 0.000241252142587, 0.000264333531959, 0.000118357565952, 0.000188527425053, 0.000258432293776, 0.000281473796349, 9.96597082121e-05, 1.08726044346e-05],
        "dvar": [8.74545207807e-07, 0.000114514419693, 4.45471196144e-05, 2.01035818463e-05, 1.64835983014e-05, 1.66590780282e-05, 4.1976409193e-06, 7.21532387615e-06, 1.86963115993e-05, 4.937547601e-06, 7.90952708485e-06, 1.69951840689e-06, 1.70619125583e-06, 1.14119188765e-06, 1.07153778117e-06, 6.7767297196e-07, 2.3652032155e-07, 1.42373494327e-07, 1.64100711686e-07, 7.46106181282e-08, 9.40881719202e-08, 4.79594248759e-08, 8.9722867358e-08, 2.5865955422e-07, 5.84753252042e-07, 1.1633964192e-07, 3.64347163551e-10],
        "dvar2": [1.96322389456e-06, 0.000245777249802, 0.000125850303448, 5.87854810874e-05, 4.67746831418e-05, 3.98356460209e-05, 9.51590482146e-06, 1.68152309925e-05, 4.59695074824e-05, 9.77796571533e-06, 1.64786724781e-05, 3.40367159879e-06, 4.24903737439e-06, 2.67119685304e-06, 2.56436510426e-06, 1.62791559433e-06, 5.65911477679e-07, 3.45942311242e-07, 3.92723791265e-07, 1.65522322959e-07, 2.14984694935e-07, 1.04114782573e-07, 1.62826992778e-07, 5.69250516946e-07, 1.31025637984e-06, 2.98483683991e-07, 8.03856314846e-10],
        "max": [0.0106312185526, 0.103140071034, 0.063218139112, 0.0491509027779, 0.0404721312225, 0.0750347301364, 0.0767574384809, 0.0524395518005, 0.0634606853127, 0.0474277734756, 0.0431869737804, 0.0364213548601, 0.0225196164101, 0.035223621875, 0.0225075017661, 0.0179151035845, 0.00924283545464, 0.00716079026461, 0.00626456970349, 0.0064050136134, 0.00455997884274, 0.00526977982372, 0.00783570855856, 0.0152350515127, 0.0336766131222, 0.0167182013392, 0.000242435649852],
        "mean": [0.00126583024394, 0.0149214556441, 0.00225111213513, 0.00106565363239, 0.00162807735614, 0.00321193179116, 0.00147728202865, 0.00184164941311, 0.00283393613063, 0.00165768153965, 0.00217645871453, 0.000969868153334, 0.000854377634823, 0.000600052822847, 0.000700789678376, 0.000446663267212, 0.000286093971226, 0.000290835043415, 0.000423844147008, 0.000312664749799, 0.000315103825415, 0.000122777273646, 0.000225070893066, 0.000303051492665, 0.000317723985063, 9.54800125328e-05, 1.00886736618e-05],
        "median": [0.000542020541616, 0.00980665534735, 0.000870475952979, 0.00034433635301, 0.000635298667476, 0.00106661010068, 0.000415767950471, 0.000328975671437, 0.00073982932372, 0.000313822063617, 0.000483461830299, 0.000311600568239, 0.000224052520934, 0.000167318270542, 0.000207271092222, 0.000138828225317, 8.64020039444e-05, 0.000101563622593, 0.000196648106794, 0.000155963149155, 0.000143032157212, 3.97300937038e-05, 8.42682129587e-05, 0.000120815006085, 0.000126359256683, 2.56630664808e-05, 1.23113613881e-06],
        "min": [1.30956491458e-24, 5.31022033894e-24, 4.22338872323e-25, 3.19474605169e-24, 1.1358140798e-23, 6.51111000027e-24, 1.1001160728e-23, 9.51300855127e-24, 1.85923534417e-23, 1.45645448333e-23, 2.19695679511e-23, 3.17670910208e-23, 3.21374265059e-23, 1.84025314198e-23, 5.9373306798e-23, 7.72515013067e-23, 7.75676578249e-23, 9.51509635055e-23, 1.17513592447e-22, 1.65780987255e-22, 2.62092939443e-22, 4.11845017788e-22, 3.84856432768e-22, 4.32524836024e-22, 9.16420395171e-22, 1.42817852149e-21, 1.82765515954e-21],
        "var": [2.4468747597e-06, 0.000279702740954, 3.05912108161e-05, 1.13708474601e-05, 1.17463414426e-05, 3.34967662639e-05, 1.24991047414e-05, 1.71100073203e-05, 3.00716892525e-05, 1.70138591784e-05, 2.04101434065e-05, 4.65200400868e-06, 3.0546243579e-06, 1.92809079635e-06, 1.78156869879e-06, 9.54427491706e-07, 3.89513530763e-07, 2.60802778485e-07, 3.28759682588e-07, 1.86527543633e-07, 1.98676502805e-07, 7.98236641231e-08, 1.95668647507e-07, 4.16553888272e-07, 8.61010732933e-07, 1.04905957699e-07, 5.98312455136e-10]
    },
    "erbbands": {
        "dmean": [0.27054297924, 1.15623545647, 2.31876063347, 3.36726903915, 4.19585990906, 4.76537227631, 9.66024684906, 20.0065670013, 14.7943496704, 15.9134149551, 22.2663440704, 52.1781997681, 30.2041015625, 28.5481414795, 60.3127059937, 24.5887317657, 25.1714839935, 20.7464504242, 28.1673545837, 15.589846611, 16.1499118805, 9.27628612518, 8.55730724335, 11.810341835, 11.4147415161, 7.48389339447, 8.46415901184, 4.95079803467, 2.7249212265, 2.81824755669, 4.2252831459, 3.79847192764, 3.05081367493, 2.61241483688, 1.21481728554, 0.413349717855, 0.106938831508, 0.0163431372494, 0.00127245194744, 3.33641619363e-05],
        "dmean2": [0.383085429668, 1.75850939751, 4.08281612396, 6.24504089355, 7.81380653381, 8.22325992584, 16.1590595245, 31.0253620148, 22.7781219482, 25.0004043579, 35.3932418823, 82.3844833374, 45.4112358093, 43.5842514038, 90.1414642334, 36.382648468, 39.8849449158, 32.0111160278, 44.5313186646, 24.3858108521, 25.3949184418, 14.158821106, 13.3048553467, 18.0328197479, 17.4557666779, 11.1616153717, 12.8672170639, 7.4766960144, 4.08465433121, 4.11991119385, 6.03998804092, 5.44220256805, 4.45335674286, 3.86704444885, 1.79126703739, 0.612958133221, 0.152762204409, 0.0232734587044, 0.00193757470697, 4.78952206322e-05],
        "dvar": [0.211446925998, 5.66958522797, 53.6242637634, 147.641174316, 214.472335815, 164.429092407, 431.66519165, 1840.92431641, 1045.51025391, 1745.63183594, 2773.37060547, 13704.9736328, 4120.49121094, 6623.86425781, 15782.9521484, 3179.95336914, 3293.60595703, 2603.89624023, 3651.33959961, 1453.52893066, 2397.40209961, 415.066192627, 349.138702393, 497.89276123, 426.423553467, 163.233230591, 230.5521698, 82.0915985107, 50.4563407898, 64.1735534668, 84.3456802368, 101.057296753, 92.4308624268, 108.864463806, 34.2573051453, 7.09849452972, 0.116307012737, 0.00182967272121, 1.24072930703e-05, 4.38722880247e-09],
        "dvar2": [0.41548115015, 13.7492256165, 148.896392822, 429.169830322, 623.991210938, 461.730834961, 1137.60559082, 4114.30224609, 2260.65136719, 4059.62207031, 6645.15722656, 33743.4101562, 8857.86621094, 13723.4199219, 33412.0429688, 5784.92919922, 8102.33398438, 5815.79296875, 8999.07714844, 3300.53125, 5800.75683594, 962.700134277, 848.438354492, 1149.14819336, 1025.04760742, 375.67678833, 535.584472656, 175.555984497, 108.552658081, 127.823905945, 155.566436768, 205.030227661, 211.042999268, 247.760910034, 84.0730819702, 19.2233295441, 0.243186861277, 0.00366624747403, 2.79941177723e-05, 9.43851929947e-09],
        "max": [4.27627658844, 23.6519927979, 61.1314430237, 125.020545959, 140.799118042, 130.600341797, 408.324554443, 928.688659668, 1378.11743164, 887.020690918, 1082.84594727, 1764.21008301, 1869.38757324, 1820.56774902, 2111.90014648, 1817.22375488, 1022.36248779, 1957.38476562, 1399.29907227, 1032.59924316, 1151.32910156, 394.309997559, 462.002044678, 398.756835938, 342.83001709, 285.183807373, 246.731384277, 122.537284851, 153.881378174, 221.533599854, 224.205459595, 417.304351807, 246.93421936, 316.495361328, 269.797790527, 137.599365234, 10.1745910645, 0.596348047256, 0.0472094230354, 0.00169282639399],
        "mean": [0.661455988884, 2.41506528854, 2.71425890923, 3.38241934776, 3.86781787872, 5.65083694458, 12.9706315994, 32.5381965637, 25.2792053223, 27.7497730255, 36.9314727783, 76.247795105, 57.3477783203, 46.3853111267, 102.407478333, 44.971446991, 40.2339134216, 35.1635742188, 43.0364875793, 25.0749645233, 23.160194397, 14.9485378265, 14.6952114105, 20.7361450195, 20.1949329376, 15.098698616, 16.1389694214, 8.87759494781, 4.44773244858, 4.43358421326, 7.22186899185, 6.62907171249, 4.91724348068, 4.20356178284, 1.84398090839, 0.54869633913, 0.156484097242, 0.0262184739113, 0.00171570607927, 8.35754690343e-05],
        "median": [0.431233018637, 1.31198191643, 1.2048766613, 1.32604539394, 1.40900838375, 2.22676730156, 4.68393564224, 9.69278049469, 7.88017511368, 7.32052898407, 10.4561357498, 21.4280490875, 15.6730899811, 17.1303749084, 23.7795066833, 17.1749267578, 13.1964969635, 12.1290502548, 15.5992441177, 9.57336997986, 7.22696113586, 4.96003103256, 5.38006687164, 9.34234714508, 8.86296367645, 7.94114112854, 7.55932664871, 3.92458128929, 1.60428726673, 1.44236540794, 2.79001688957, 2.84543633461, 1.72507679462, 1.58332979679, 0.71142488718, 0.155166745186, 0.041135057807, 0.00619574310258, 0.000234772029216, 5.84931949561e-05],
        "min": [9.33696019855e-23, 9.10561064533e-22, 6.7341614783e-22, 8.71971069474e-21, 2.81554832172e-20, 4.72512610819e-20, 6.2404192084e-20, 6.87716604183e-20, 2.18380050262e-19, 2.66560219016e-19, 4.44507680936e-19, 4.38648398765e-19, 6.95541487209e-19, 7.70964125654e-19, 1.2656634718e-18, 1.56137764565e-18, 1.77175883354e-18, 1.67860940438e-18, 1.98088560203e-18, 5.06022238978e-18, 4.99783642798e-18, 5.47848585293e-18, 5.37877129804e-18, 5.25660540696e-18, 9.21918600725e-18, 8.49657839492e-18, 1.10504505597e-17, 9.42008501699e-18, 1.3135763785e-17, 1.17845907241e-17, 1.13638635035e-17, 1.01086706907e-17, 7.25711938454e-18, 8.0804428539e-18, 6.37307300001e-18, 4.20925578513e-18, 2.53846778703e-18, 1.01301997205e-18, 2.5597039432e-19, 2.65339087174e-20],
        "var": [0.562734007835, 9.9512424469, 39.1046028137, 88.0161743164, 124.048843384, 129.849151611, 564.819091797, 4337.20556641, 3772.74975586, 3807.140625, 6175.91210938, 21773.9042969, 18794.4394531, 13341.6914062, 43890.3046875, 9979.45117188, 5977.73486328, 5075.828125, 6005.83251953, 2767.33691406, 3164.75073242, 803.149963379, 640.012573242, 996.99395752, 845.879211426, 405.31817627, 529.085693359, 167.373687744, 87.0372924805, 114.856468201, 187.401153564, 182.925857544, 143.028137207, 160.749755859, 37.9929771423, 5.50504732132, 0.166431412101, 0.00318649015389, 1.8431332137e-05, 8.36004510063e-09]
    },
    "gfcc": {
        "mean": [11.4939365387, 69.4578704834, -107.894256592, 18.3725891113, -62.3366127014, 25.0093231201, -32.7188148499, 20.5602207184, -26.1751823425, 11.9227752686, -6.41451883316, 0.739157736301, -3.9771399498],
        "cov": [[19332.8261719, -433.605102539, -240.797714233, 1278.7878418, -6.86046504974, 894.365234375, -95.3118133545, 620.248168945, -206.059753418, 350.902770996, -216.874847412, 115.813194275, -180.931838989], [-433.605102539, 1244.8190918, 165.943389893, 129.491729736, 233.399841309, 17.0553035736, 157.754257202, -75.2473831177, 36.6557044983, -58.111743927, 33.056022644, -90.862739563, 29.3634662628], [-240.797714233, 165.943389893, 1032.2520752, 380.185668945, 253.929534912, 187.523300171, 134.467437744, 28.7096672058, 44.6235733032, 29.8172550201, -43.4232902527, 63.9355583191, -30.5277194977], [1278.7878418, 129.491729736, 380.185668945, 871.747497559, 404.043151855, 245.101760864, 173.319137573, 157.971496582, 142.445892334, 51.1808624268, -40.9115943909, 34.5402183533, 51.6057014465], [-6.86046504974, 233.399841309, 253.929534912, 404.043151855, 532.342224121, 211.577697754, 251.260314941, 105.393463135, 127.833755493, 50.8941345215, -14.7348098755, 0.107874512672, 18.3595046997], [894.365234375, 17.0553035736, 187.523300171, 245.101760864, 211.577697754, 331.989746094, 193.110076904, 71.4271697998, 39.0095596313, 54.1005706787, 0.0670762360096, -11.8963184357, -20.5498447418], [-95.3118133545, 157.754257202, 134.467437744, 173.319137573, 251.260314941, 193.110076904, 333.87411499, 61.6578063965, 59.6958084106, 48.3013725281, 23.7623939514, -0.797057449818, -4.9212884903], [620.248168945, -75.2473831177, 28.7096672058, 157.971496582, 105.393463135, 71.4271697998, 61.6578063965, 179.326553345, 53.4852600098, 37.7029838562, 1.82854855061, 10.2946052551, 13.4485464096], [-206.059753418, 36.6557044983, 44.6235733032, 142.445892334, 127.833755493, 39.0095596313, 59.6958084106, 53.4852600098, 149.916671753, 33.0437660217, -12.4316749573, 5.38491678238, -1.06148147583], [350.902770996, -58.111743927, 29.8172550201, 51.1808624268, 50.8941345215, 54.1005706787, 48.3013725281, 37.7029838562, 33.0437660217, 98.8285522461, 27.7292518616, 10.1591320038, -5.6846075058], [-216.874847412, 33.056022644, -43.4232902527, -40.9115943909, -14.7348098755, 0.0670762360096, 23.7623939514, 1.82854855061, -12.4316749573, 27.7292518616, 112.793029785, 10.1293354034, 24.4516391754], [115.813194275, -90.862739563, 63.9355583191, 34.5402183533, 0.107874512672, -11.8963184357, -0.797057449818, 10.2946052551, 5.38491678238, 10.1591320038, 10.1293354034, 102.774635315, 24.8155269623], [-180.931838989, 29.3634662628, -30.5277194977, 51.6057014465, 18.3595046997, -20.5498447418, -4.9212884903, 13.4485464096, -1.06148147583, -5.6846075058, 24.4516391754, 24.8155269623, 119.800384521]],
        "icov": [[0.000126090337289, -0.000134447604069, 0.000185911863809, -0.000234603212448, 0.000196099645109, -0.000439234601799, 0.000287147820927, -0.000400198216084, 0.000516847707331, -0.000536500650924, 0.000398813630454, -0.000392827321775, 0.000302236556308], [-0.000134447604069, 0.00135358888656, -0.000410897482652, 0.000127217557747, -0.000688930682372, 0.000978977535851, -0.000844531401526, 0.00116578186862, -0.000750192790292, 0.0014817515621, -0.00116076075938, 0.001713752863, -0.000640792073682], [0.000185911863809, -0.000410897482652, 0.00165464391466, -0.000772761763074, 3.71303831344e-05, -0.00106335594319, 0.000505388423335, -0.000290860538371, 0.00111901632044, -0.000988173414953, 0.00101990962867, -0.00176480400842, 0.00112174940296], [-0.000234603212448, 0.000127217557747, -0.000772761763074, 0.00283940578811, -0.00135197141208, -0.000190115737496, 3.40886726917e-05, -0.000228690259974, -0.00180830142926, 0.00104141060729, -6.70383597026e-05, 0.000294957106235, -0.00161789730191], [0.000196099645109, -0.000688930682372, 3.71303831344e-05, -0.00135197141208, 0.0050062877126, -0.00131320871878, -0.00150772370398, -0.00117878976744, -0.0008139598649, -0.00115826411638, 0.00135128956754, -0.000396477698814, -0.00012106684153], [-0.000439234601799, 0.000978977535851, -0.00106335594319, -0.000190115737496, -0.00131320871878, 0.00761003838852, -0.00356398615986, 0.00111453968566, -0.000569994503167, 0.000685801845975, -0.00152228481602, 0.00297355488874, -0.00013502749789], [0.000287147820927, -0.000844531401526, 0.000505388423335, 3.40886726917e-05, -0.00150772370398, -0.00356398615986, 0.0068321232684, -0.00136452342849, 0.000844587571919, -0.00176956446376, -0.000165109406225, -0.00174242036883, 0.00112646259367], [-0.000400198216084, 0.00116578186862, -0.000290860538371, -0.000228690259974, -0.00117878976744, 0.00111453968566, -0.00136452342849, 0.00918938126415, -0.0028904879, 0.000633287592791, -0.00159547477961, 0.00156518351287, -0.00157568848226], [0.000516847707331, -0.000750192790292, 0.00111901632044, -0.00180830142926, -0.0008139598649, -0.000569994503167, 0.000844587571919, -0.0028904879, 0.0118583701551, -0.00471265614033, 0.00294198025949, -0.0020610683132, 0.00212261569686], [-0.000536500650924, 0.0014817515621, -0.000988173414953, 0.00104141060729, -0.00115826411638, 0.000685801845975, -0.00176956446376, 0.000633287592791, -0.00471265614033, 0.016604559496, -0.00597420614213, 0.00138789555058, -4.44914621767e-05], [0.000398813630454, -0.00116076075938, 0.00101990962867, -6.70383597026e-05, 0.00135128956754, -0.00152228481602, -0.000165109406225, -0.00159547477961, 0.00294198025949, -0.00597420614213, 0.0129253230989, -0.00258683855645, -0.00147996249143], [-0.000392827321775, 0.001713752863, -0.00176480400842, 0.000294957106235, -0.000396477698814, 0.00297355488874, -0.00174242036883, 0.00156518351287, -0.0020610683132, 0.00138789555058, -0.00258683855645, 0.0139512466267, -0.00358084007166], [0.000302236556308, -0.000640792073682, 0.00112174940296, -0.00161789730191, -0.00012106684153, -0.00013502749789, 0.00112646259367, -0.00157568848226, 0.00212261569686, -4.44914621767e-05, -0.00147996249143, -0.00358084007166, 0.0112225655466]]
    },
    "melbands": {
        "dmean": [0.00194970984012, 0.00125551095698, 0.000601454288699, 0.000315312063321, 0.000310160336085, 0.000422459008405, 0.000215249048779, 0.00018915507826, 0.000187097830349, 0.000340288301231, 0.000148062244989, 0.000113245136163, 0.000184778895346, 0.000102140198578, 4.61683412141e-05, 6.26470646239e-05, 3.96231953346e-05, 4.91612991027e-05, 2.41237594309e-05, 2.45494975388e-05, 1.87635814655e-05, 1.03445299828e-05, 1.02906478787e-05, 7.55790961193e-06, 1.05922981675e-05, 1.02297726698e-05, 5.5150726439e-06, 5.50941285837e-06, 5.82534994464e-06, 5.1825063565e-06, 2.45610681304e-06, 1.63317827173e-06, 1.54426629706e-06, 1.63914296536e-06, 2.48089395427e-06, 2.64478831014e-06, 2.41765610554e-06, 2.27553141485e-06, 2.09202789847e-06, 2.43242629949e-06],
        "dmean2": [0.00276947347447, 0.00203740643337, 0.00111654750071, 0.000566610600799, 0.000518410524819, 0.000657783413772, 0.000332451047143, 0.000295662641292, 0.000298773986287, 0.000536694948096, 0.000223634604481, 0.000173639127752, 0.000278102990706, 0.00015325313143, 7.06702048774e-05, 0.000100324548839, 6.10117713222e-05, 7.81645503594e-05, 3.80583442166e-05, 3.89259221265e-05, 2.97311526083e-05, 1.61392581504e-05, 1.6101725123e-05, 1.19110936794e-05, 1.64563571161e-05, 1.59114697453e-05, 8.48840045364e-06, 8.372468983e-06, 8.94978165888e-06, 8.07533433544e-06, 3.77851984013e-06, 2.49238814831e-06, 2.35872835219e-06, 2.43637055064e-06, 3.59662226401e-06, 3.86951614928e-06, 3.523968644e-06, 3.38182667292e-06, 3.19022797157e-06, 3.64105744666e-06],
        "dvar": [1.08943868327e-05, 1.07261976154e-05, 4.72999681733e-06, 9.7583972547e-07, 4.01475972467e-07, 7.58097485232e-07, 2.12713544556e-07, 2.59841016259e-07, 1.81996426818e-07, 6.08409152392e-07, 1.03460045864e-07, 1.16761960101e-07, 1.47288744756e-07, 3.66105759042e-08, 1.12122675588e-08, 2.20707736531e-08, 1.27020980401e-08, 1.11471534225e-08, 2.92705393257e-09, 2.7992437257e-09, 3.85005805015e-09, 5.63582847057e-10, 8.56978099595e-10, 1.96027791222e-10, 4.41332553835e-10, 3.50401319071e-10, 9.34110636064e-11, 8.86704806802e-11, 1.13317931427e-10, 1.0444693721e-10, 2.33967237945e-11, 1.7742364869e-11, 2.24933700138e-11, 2.04625587308e-11, 2.86382601661e-11, 3.55096473059e-11, 5.79797043709e-11, 5.06846058179e-11, 6.36773481166e-11, 1.14131891438e-10],
        "dvar2": [2.19475969061e-05, 2.91835676762e-05, 1.37151600939e-05, 2.80567496702e-06, 1.06435277303e-06, 1.71929082171e-06, 4.67973336526e-07, 5.95053904817e-07, 4.33805979583e-07, 1.49807328853e-06, 2.22323109256e-07, 2.39413395775e-07, 3.14649440725e-07, 7.46255111039e-08, 2.38522321894e-08, 5.58196013856e-08, 2.81716872053e-08, 2.78925345043e-08, 6.86534118444e-09, 6.66152999429e-09, 9.39672073486e-09, 1.35333833029e-09, 2.05936667719e-09, 4.74488559554e-10, 1.03974218124e-09, 8.59394055919e-10, 2.19479767694e-10, 2.06984082651e-10, 2.6014213006e-10, 2.5254551228e-10, 5.14624558245e-11, 3.95217331084e-11, 5.10238899742e-11, 4.00243865828e-11, 5.42395503511e-11, 6.91813412113e-11, 1.32199876046e-10, 1.18811474548e-10, 1.49121728854e-10, 2.60947291553e-10],
        "max": [0.0310809072107, 0.0310439597815, 0.0222659576684, 0.00949615240097, 0.0108828376979, 0.0180448312312, 0.017731167376, 0.011458594352, 0.00856448803097, 0.0121966758743, 0.00923134665936, 0.00710287690163, 0.00624998752028, 0.00438563805073, 0.00237671029754, 0.00270689977333, 0.00448290584609, 0.00215792004019, 0.0012124433415, 0.000713437504601, 0.00153263018001, 0.000473176391097, 0.000585411151405, 0.000246567971772, 0.000391655805288, 0.000289311952656, 0.000178704940481, 0.000177377689397, 0.000232243997743, 0.000160221839906, 8.51926961332e-05, 0.000121297729493, 9.92508139461e-05, 0.000134747446282, 0.000135513590067, 0.000147522470797, 0.000389755587094, 0.000179583046702, 0.000254543789197, 0.00035590925836],
        "mean": [0.004889852833, 0.00199409015477, 0.000608765461948, 0.000327461893903, 0.000427694001701, 0.000690324115567, 0.000359181925887, 0.000325550470734, 0.000291343632853, 0.000492740888149, 0.000271715107374, 0.000171298743226, 0.000302222499158, 0.000178197893547, 7.34895511414e-05, 9.22646431718e-05, 6.13865558989e-05, 7.12153414497e-05, 3.54792100552e-05, 3.55643387593e-05, 2.44809034484e-05, 1.50128480527e-05, 1.56142414198e-05, 1.24073640109e-05, 1.69405102497e-05, 1.65585315699e-05, 9.84296912065e-06, 1.02279364e-05, 1.06162569864e-05, 8.51367258292e-06, 3.97043459088e-06, 2.4976388886e-06, 2.21064124162e-06, 2.45096657636e-06, 4.03267267757e-06, 4.43760109192e-06, 3.946553079e-06, 3.41420195582e-06, 3.32635067934e-06, 3.71118539988e-06],
        "median": [0.00319908000529, 0.00111129204743, 0.000247439747909, 0.000128946208861, 0.000166338388226, 0.00021375430515, 0.000109499618702, 7.45079742046e-05, 7.54600041546e-05, 0.000122998346342, 6.35828182567e-05, 4.43236822321e-05, 6.50412475807e-05, 5.74193618377e-05, 2.38213324337e-05, 2.39937526203e-05, 1.56765381689e-05, 2.37561653194e-05, 1.24162443171e-05, 1.12721427286e-05, 6.80119546814e-06, 4.78460970044e-06, 4.403812909e-06, 4.74559965369e-06, 6.99903239365e-06, 6.65951529299e-06, 4.67501058665e-06, 4.98273493577e-06, 4.74297394248e-06, 3.48219532498e-06, 1.61108118846e-06, 8.33324179439e-07, 6.41192912099e-07, 7.53327299208e-07, 1.48437550251e-06, 1.7360689526e-06, 1.62965955042e-06, 1.1479017985e-06, 1.140166205e-06, 1.35429866077e-06],
        "min": [1.79722531555e-24, 4.63434137446e-25, 2.69784552572e-24, 2.5367903028e-24, 2.2941917114e-24, 1.29245600066e-24, 3.15417927407e-24, 2.35478056766e-24, 4.18815642027e-24, 2.70248205569e-24, 2.50592296444e-24, 2.48276220548e-24, 3.3857326295e-24, 3.4158103181e-24, 3.01317748701e-24, 2.85387570467e-24, 2.57083477846e-24, 2.4304664467e-24, 5.05571921699e-24, 4.17040902205e-24, 5.24423804067e-24, 4.80815691556e-24, 2.5751328871e-24, 5.87126807549e-24, 3.50766685962e-24, 5.75692820931e-24, 5.17903158711e-24, 4.85863178615e-24, 6.22162368604e-24, 4.62338951991e-24, 4.5599284211e-24, 6.57608137329e-24, 5.89641814444e-24, 5.68456875949e-24, 5.37014103001e-24, 5.66709982917e-24, 6.19837201086e-24, 4.7907392612e-24, 5.66917926652e-24, 6.50489101533e-24],
        "var": [2.90930129268e-05, 1.07620007839e-05, 2.81889310827e-06, 6.1855206468e-07, 5.25065843249e-07, 1.77135871127e-06, 6.94972300153e-07, 5.9018657339e-07, 3.91316319792e-07, 9.71015651885e-07, 4.57452983937e-07, 2.35777434909e-07, 3.80928582899e-07, 1.05878335432e-07, 2.3495136503e-08, 3.86412040143e-08, 2.39151205506e-08, 1.74635612638e-08, 4.74364147962e-09, 4.77734252158e-09, 4.67008787197e-09, 8.85210460488e-10, 1.40952183258e-09, 3.85999732178e-10, 7.71049057935e-10, 6.39629849086e-10, 1.91541546513e-10, 2.05000974529e-10, 2.55565402174e-10, 1.84634446621e-10, 4.20311355165e-11, 2.95489847868e-11, 3.268123272e-11, 3.64306154688e-11, 6.1426579101e-11, 7.34610428044e-11, 8.19536521979e-11, 6.95392493588e-11, 9.97468357911e-11, 1.55316898232e-10]
    },
    "mfcc": {
        "mean": [-630.750915527, 104.569702148, 9.4124917984, 4.84511709213, 1.57043457031, -1.03506791592, 12.734705925, 0.0272571053356, 0.885789215565, 9.60303688049, -2.9000184536, 4.54938077927, 1.9959102869],
        "cov": [[8428.75390625, 93.4236831665, 74.4850387573, 509.082244873, 401.718505859, 384.731689453, 371.404144287, 269.994506836, 296.925170898, 315.69128418, 78.4356460571, 152.661849976, 37.244430542], [93.4236831665, 1137.51477051, 156.808853149, 71.2231903076, 38.7743492126, 98.6437149048, 111.083656311, 15.4368143082, -7.51618623734, 16.1199417114, 28.2353382111, -16.1274719238, -5.7348742485], [74.4850387573, 156.808853149, 694.728088379, 180.356445312, 125.912078857, 167.362503052, 73.7618713379, 68.6360397339, 37.262298584, -12.0226039886, 41.8333129883, 4.96534061432, 28.9117259979], [509.082244873, 71.2231903076, 180.356445312, 572.065979004, 295.766906738, 218.279129028, 116.681869507, 159.923233032, 187.921905518, 88.5646820068, 34.8619804382, 69.1501846313, 64.9903335571], [401.718505859, 38.7743492126, 125.912078857, 295.766906738, 339.732116699, 157.65411377, 86.744392395, 109.488220215, 140.877914429, 79.4902496338, 31.2614898682, 43.850856781, 48.3695297241], [384.731689453, 98.6437149048, 167.362503052, 218.279129028, 157.65411377, 404.237670898, 175.287445068, 150.818878174, 120.931808472, 119.075721741, 94.0090026855, 8.13816738129, 34.9960670471], [371.404144287, 111.083656311, 73.7618713379, 116.681869507, 86.744392395, 175.287445068, 296.739929199, 94.1162796021, 77.6900405884, 96.3213119507, 47.0753555298, 40.5862808228, 18.2754383087], [269.994506836, 15.4368143082, 68.6360397339, 159.923233032, 109.488220215, 150.818878174, 94.1162796021, 185.820281982, 111.373222351, 55.8092193604, 59.2609138489, 34.3665809631, 30.1072177887], [296.925170898, -7.51618623734, 37.262298584, 187.921905518, 140.877914429, 120.931808472, 77.6900405884, 111.373222351, 182.445785522, 82.9674224854, 40.4615097046, 28.7361221313, 20.0046920776], [315.69128418, 16.1199417114, -12.0226039886, 88.5646820068, 79.4902496338, 119.075721741, 96.3213119507, 55.8092193604, 82.9674224854, 159.950668335, 50.4113960266, 28.0274391174, 33.3618736267], [78.4356460571, 28.2353382111, 41.8333129883, 34.8619804382, 31.2614898682, 94.0090026855, 47.0753555298, 59.2609138489, 40.4615097046, 50.4113960266, 123.254081726, 35.6020736694, 3.89548206329], [152.661849976, -16.1274719238, 4.96534061432, 69.1501846313, 43.850856781, 8.13816738129, 40.5862808228, 34.3665809631, 28.7361221313, 28.0274391174, 35.6020736694, 106.159248352, 52.0267295837], [37.244430542, -5.7348742485, 28.9117259979, 64.9903335571, 48.3695297241, 34.9960670471, 18.2754383087, 30.1072177887, 20.0046920776, 33.3618736267, 3.89548206329, 52.0267295837, 136.56803894]],
