{
"lowlevel": {
    "average_loudness": 0.921354055405,
    "barkbands_crest": {
        "dmean": 2.64619994164,
        "dmean2": 3.86819720268,
        "dvar": 9.24395465851,
        "dvar2": 17.5853118896,
        "max": 26.2240123749,
        "mean": 14.5962171555,
        "median": 12.9455852509,
        "min": 2.85477542877,
        "var": 42.5933609009
    },
    "barkbands_flatness_db": {
        "dmean": 0.0448821187019,
        "dmean2": 0.0620702430606,
        "dvar": 0.00277087721042,
        "dvar2": 0.00572971021757,
        "max": 0.583919584751,
        "mean": 0.269620269537,
        "median": 0.258998811245,
        "min": 0.030845714733,
        "var": 0.0120586473495
    },
    "barkbands_kurtosis": {
        "dmean": 14.7274847031,
        "dmean2": 20.6532745361,
        "dvar": 962.66027832,
        "dvar2": 1847.16040039,
        "max": 766.819458008,
        "mean": 27.4642848969,
        "median": 6.49545240402,
        "min": -1.94284617901,
        "var": 2771.26269531
    },
    "barkbands_skewness": {
        "dmean": 1.04152071476,
        "dmean2": 1.34799456596,
        "dvar": 1.58858776093,
        "dvar2": 2.39192676544,
        "max": 20.2286701202,
        "mean": 3.09393715858,
        "median": 1.98100566864,
        "min": -5.14733886719,
        "var": 10.0658445358
    },
    "barkbands_spread": {
        "dmean": 3.6500620842,
        "dmean2": 5.75531816483,
        "dvar": 31.4331531525,
        "dvar2": 73.3771972656,
        "max": 70.6605606079,
        "mean": 8.60346317291,
        "median": 6.23605918884,
        "min": 0.123773850501,
        "var": 70.7860336304
    },
    "dissonance": {
        "dmean": 0.0349161736667,
        "dmean2": 0.0584150403738,
        "dvar": 0.00113554159179,
        "dvar2": 0.00313525786623,
        "max": 0.500000059605,
        "mean": 0.43165948987,
        "median": 0.441888153553,
        "min": 0.22425031662,
        "var": 0.00205157371238
    },
    "dynamic_complexity": 3.86359095573,
    "erbbands_crest": {
        "dmean": 3.20114088058,
        "dmean2": 5.18110847473,
        "dvar": 11.1295385361,
        "dvar2": 26.8584632874,
        "max": 33.8525161743,
        "mean": 12.0569410324,
        "median": 10.0172624588,
        "min": 2.3390557766,
        "var": 45.0261383057
    },
    "erbbands_flatness_db": {
        "dmean": 0.0328127406538,
        "dmean2": 0.0498397797346,
        "dvar": 0.00139971554745,
        "dvar2": 0.00314740743488,
        "max": 0.547727704048,
        "mean": 0.237121105194,
        "median": 0.220687776804,
        "min": 0.0642267018557,
        "var": 0.00698030041531
    },
    "erbbands_kurtosis": {
        "dmean": 2.97929883003,
        "dmean2": 4.75315093994,
        "dvar": 37.3120613098,
        "dvar2": 97.5601196289,
        "max": 109.704528809,
        "mean": 3.83278059959,
        "median": 0.901538729668,
        "min": -1.88766109943,
        "var": 87.1125717163
    },
    "erbbands_skewness": {
        "dmean": 0.538645923138,
        "dmean2": 0.826776087284,
        "dvar": 0.318912625313,
        "dvar2": 0.764634668827,
        "max": 8.63255310059,
        "mean": 0.938603341579,
        "median": 0.746765911579,
        "min": -4.22052097321,
        "var": 1.47730946541
    },
    "erbbands_spread": {
        "dmean": 8.40667819977,
        "dmean2": 13.3727140427,
        "dvar": 103.26676178,
        "dvar2": 247.380661011,
        "max": 96.9543609619,
        "mean": 26.357793808,
        "median": 23.7826385498,
        "min": 0.407330304384,
        "var": 294.437530518
    },
    "hfc": {
        "dmean": 7.04646110535,
        "dmean2": 10.5904464722,
        "dvar": 112.111305237,
        "dvar2": 256.166564941,
        "max": 147.179138184,
        "mean": 13.3971252441,
        "median": 9.62236213684,
        "min": 1.17339513888e-16,
        "var": 180.893035889
    },
    "melbands_crest": {
        "dmean": 3.1197552681,
        "dmean2": 4.40189743042,
        "dvar": 13.2104282379,
        "dvar2": 23.7899074554,
        "max": 35.9690132141,
        "mean": 18.93633461,
        "median": 16.2578392029,
        "min": 2.23165178299,
        "var": 79.0360488892
    },
    "melbands_flatness_db": {
        "dmean": 0.0493035651743,
        "dmean2": 0.0675004348159,
        "dvar": 0.00364111643285,
        "dvar2": 0.00737488735467,
        "max": 0.699548006058,
        "mean": 0.34548830986,
        "median": 0.327650040388,
        "min": 0.00766939669847,
        "var": 0.016360251233
    },
    "melbands_kurtosis": {
        "dmean": 18.6734256744,
        "dmean2": 26.4918994904,
        "dvar": 1386.33740234,
        "dvar2": 2810.03393555,
        "max": 661.635559082,
        "mean": 39.7334671021,
        "median": 10.8244419098,
        "min": -1.82356929779,
        "var": 4548.97167969
    },
    "melbands_skewness": {
        "dmean": 1.08562588692,
        "dmean2": 1.43864989281,
        "dvar": 1.70655667782,
        "dvar2": 2.64674472809,
        "max": 20.1914482117,
        "mean": 3.61436033249,
        "median": 2.46322393417,
        "min": -3.97926259041,
        "var": 11.7892513275
    },
    "melbands_spread": {
        "dmean": 3.88369488716,
        "dmean2": 6.00594520569,
        "dvar": 42.8690834045,
        "dvar2": 93.7112121582,
        "max": 153.413970947,
        "mean": 9.89221286774,
        "median": 7.26776218414,
        "min": 0.200375959277,
        "var": 104.710006714
    },
    "pitch_salience": {
        "dmean": 0.0880077034235,
        "dmean2": 0.132184028625,
        "dvar": 0.0108551774174,
        "dvar2": 0.0229794159532,
        "max": 0.899955511093,
        "mean": 0.431992709637,
        "median": 0.47571182251,
        "min": 0.0307483710349,
        "var": 0.0447830595076
    },
    "silence_rate_20dB": {
        "dmean": 0.000581987493206,
        "dmean2": 0.0011641443707,
        "dvar": 0.000581638887525,
        "dvar2": 0.00174482155126,
        "max": 1,
        "mean": 0.999709069729,
        "median": 1,
        "min": 0,
        "var": 0.000290867435979
    },
    "silence_rate_30dB": {
        "dmean": 0.076822347939,
        "dmean2": 0.15366704762,
        "dvar": 0.0709165856242,
        "dvar2": 0.142283245921,
        "max": 1,
        "mean": 0.738725662231,
        "median": 1,
        "min": 0,
        "var": 0.19300301373
    },
    "silence_rate_60dB": {
        "dmean": 0.0416121035814,
        "dmean2": 0.0832363218069,
        "dvar": 0.0398782156408,
        "dvar2": 0.0899941697717,
        "max": 1,
        "mean": 0.127436712384,
        "median": 0,
        "min": 0,
        "var": 0.111191459
    },
    "spectral_centroid": {
        "dmean": 204.403182983,
        "dmean2": 326.289794922,
        "dvar": 88556.34375,
        "dvar2": 199696.359375,
        "max": 10754.5419922,
        "mean": 781.109191895,
        "median": 678.973876953,
        "min": 124.926834106,
        "var": 227530.125
    },
    "spectral_complexity": {
        "dmean": 3.35864973068,
        "dmean2": 5.58585548401,
        "dvar": 21.2670440674,
        "dvar2": 54.4899787903,
        "max": 44,
        "mean": 10.6819896698,
        "median": 9,
        "min": 0,
        "var": 38.6718788147
    },
    "spectral_decrease": {
        "dmean": 6.39393071822e-09,
        "dmean2": 8.62478710673e-09,
        "dvar": 9.70005719932e-17,
        "dvar2": 1.5982749385e-16,
        "max": -1.07476183509e-28,
        "mean": -1.74049326063e-08,
        "median": -7.47535988666e-09,
        "min": -9.20959593032e-08,
        "var": 4.31834760686e-16
    },
    "spectral_energy": {
        "dmean": 0.0246501788497,
        "dmean2": 0.0332868508995,
        "dvar": 0.00140431371983,
        "dvar2": 0.00232036435045,
        "max": 0.349542826414,
        "mean": 0.0669054612517,
        "median": 0.0295943710953,
        "min": 1.10486740601e-20,
        "var": 0.00622748723254
    },
    "spectral_energyband_high": {
        "dmean": 0.000217617329326,
        "dmean2": 0.000386247527786,
        "dvar": 2.36438211232e-07,
        "dvar2": 6.28326006336e-07,
        "max": 0.00365428975783,
        "mean": 0.000166563200764,
        "median": 1.89064721781e-05,
        "min": 8.04303010164e-21,
        "var": 1.76146983222e-07
    },
    "spectral_energyband_low": {
        "dmean": 0.0184494424611,
        "dmean2": 0.0251680184156,
        "dvar": 0.00148318696301,
        "dvar2": 0.00247274897993,
        "max": 0.344130843878,
        "mean": 0.0506453067064,
        "median": 0.00721208564937,
        "min": 1.12469893498e-22,
        "var": 0.00627328641713
    },
    "spectral_energyband_middle_high": {
        "dmean": 0.0019910230767,
        "dmean2": 0.00311608333141,
        "dvar": 2.4188128009e-05,
        "dvar2": 5.14684688824e-05,
        "max": 0.131592750549,
        "mean": 0.00341115426272,
        "median": 0.00102398707531,
        "min": 1.583644048e-21,
        "var": 6.45364270895e-05
    },
    "spectral_energyband_middle_low": {
        "dmean": 0.00888306554407,
        "dmean2": 0.0136322062463,
        "dvar": 0.000276514561847,
        "dvar2": 0.000678075710312,
        "max": 0.140949159861,
        "mean": 0.0134610980749,
        "median": 0.00573245575652,
        "min": 2.94589363925e-22,
        "var": 0.000359862344339
    },
    "spectral_entropy": {
        "dmean": 0.341234445572,
        "dmean2": 0.522514402866,
        "dvar": 0.170884817839,
        "dvar2": 0.410979360342,
        "max": 9.80961608887,
        "mean": 6.81046772003,
        "median": 6.82883119583,
        "min": 5.08709049225,
        "var": 0.360230475664
    },
    "spectral_flux": {
        "dmean": 0.0523996688426,
        "dmean2": 0.0753631964326,
        "dvar": 0.00456288596615,
        "dvar2": 0.00863974448293,
        "max": 0.535189270973,
        "mean": 0.0930358543992,
        "median": 0.0564267262816,
        "min": 1.05112675508e-10,
        "var": 0.00908637605608
    },
    "spectral_kurtosis": {
        "dmean": 7.09264612198,
        "dmean2": 11.9215459824,
        "dvar": 76.8722381592,
        "dvar2": 196.691375732,
        "max": 129.464569092,
        "mean": 12.3814315796,
        "median": 8.59572410583,
        "min": -1.13751983643,
        "var": 144.85043335
    },
    "spectral_rms": {
        "dmean": 0.00146366888657,
        "dmean2": 0.00190362916328,
        "dvar": 3.70832754015e-06,
        "dvar2": 5.72321096115e-06,
        "max": 0.018466655165,
        "mean": 0.00661954237148,
        "median": 0.00537331914529,
        "min": 3.28316822513e-12,
        "var": 2.14552510442e-05
    },
    "spectral_rolloff": {
        "dmean": 218.228103638,
        "dmean2": 367.606323242,
        "dvar": 302343.6875,
        "dvar2": 672288.4375,
        "max": 18497.0214844,
        "mean": 673.580322266,
        "median": 559.86328125,
        "min": 64.599609375,
        "var": 570468.3125
    },
    "spectral_skewness": {
        "dmean": 0.630385041237,
        "dmean2": 1.02876853943,
        "dvar": 0.420965254307,
        "dvar2": 1.07147789001,
        "max": 9.09426212311,
        "mean": 2.31317234039,
        "median": 2.0760641098,
        "min": -0.247347399592,
        "var": 1.03447782993
    },
    "spectral_spread": {
        "dmean": 662817.8125,
        "dmean2": 1019141.75,
        "dvar": 904741126144,
        "dvar2": 1.79349618688e+12,
        "max": 39406144,
        "mean": 2933051.5,
        "median": 2615771,
        "min": 732409.875,
        "var": 1.78152669184e+12
    },
    "spectral_strongpeak": {
        "dmean": 0.474381387234,
        "dmean2": 0.756096899509,
        "dvar": 0.67354786396,
        "dvar2": 1.59437429905,
        "max": 10.9454727173,
        "mean": 1.04893159866,
        "median": 0.725001692772,
        "min": 0,
        "var": 1.7220184803
    },
    "zerocrossingrate": {
        "dmean": 0.00603854656219,
        "dmean2": 0.00678371312097,
        "dvar": 0.000104682840174,
        "dvar2": 0.000119961587188,
        "max": 0.669921875,
        "mean": 0.0281828641891,
        "median": 0.0244140625,
        "min": 0.001953125,
        "var": 0.000632184790447
    },
    "barkbands": {
        "dmean": [0.000928593450226, 0.0167965702713, 0.00427062250674, 0.00173620809801, 0.00281075341627, 0.00122419814579, 0.00141286186408, 0.00155640603043, 0.00138877052814, 0.000532644917257, 0.000800430017989, 0.000375742121832, 0.00016568879073, 9.66888837866e-05, 0.000105581661046, 0.000108997119241, 8.35167738842e-05, 9.7871721664e-05, 9.15998243727e-05, 6.39920763206e-05, 5.3688268963e-05, 5.00136593473e-05, 2.85767146124e-05, 2.8307278626e-05, 2.345462417e-05, 8.4028361016e-06, 6.37285438643e-07],
        "dmean2": [0.00114929466508, 0.0221294555813, 0.00754871545359, 0.00310166715644, 0.00427788402885, 0.00183935242239, 0.00207344582304, 0.00240121525712, 0.00215753680095, 0.000892892421689, 0.00116431468632, 0.000600168597884, 0.00027012967621, 0.000154601861141, 0.00017879367806, 0.000183050113264, 0.000147179511259, 0.00016816421703, 0.000162808675668, 0.000113443049486, 9.81654666248e-05, 8.83589818841e-05, 5.01063332194e-05, 5.06803808094e-05, 4.21758377342e-05, 1.42187227539e-05, 1.13433668503e-06],
        "dvar": [3.45543253388e-06, 0.00131203257479, 0.000239856060944, 3.2766849472e-05, 3.83066399081e-05, 7.33921478968e-06, 1.33733210532e-05, 1.56438945851e-05, 1.30018443087e-05, 2.5116382858e-06, 9.67493724602e-06, 5.81232188779e-06, 6.72781993671e-07, 6.52731131368e-08, 4.92721596856e-08, 6.52402505352e-08, 3.58418610347e-08, 3.60416443357e-08, 3.85069256481e-08, 1.91608933164e-08, 1.52755106342e-08, 1.45144589681e-08, 4.59759785798e-09, 5.23395904395e-09, 5.05897768122e-09, 8.22735990447e-10, 5.61087157638e-12],
        "dvar2": [4.62906064058e-06, 0.00201909430325, 0.000660904624965, 9.46379150264e-05, 9.17404904612e-05, 1.69931718119e-05, 2.71745811915e-05, 3.70694760932e-05, 2.82531691482e-05, 6.3310076257e-06, 1.8136250219e-05, 1.35080763357e-05, 1.46609011153e-06, 1.29077108113e-07, 1.22131353919e-07, 1.55190704731e-07, 9.64504067724e-08, 9.29989028009e-08, 1.00440523454e-07, 5.0034969945e-08, 4.24126902487e-08, 3.90717787013e-08, 1.24456320805e-08, 1.3962828227e-08, 1.36538043094e-08, 2.15137641035e-09, 1.51643923113e-11],
        "max": [0.0191536452621, 0.332843661308, 0.130950599909, 0.0736579298973, 0.0820073485374, 0.0351221598685, 0.0809170082211, 0.0912297740579, 0.0629335939884, 0.0555122159421, 0.104471422732, 0.128594994545, 0.0328331626952, 0.00842935405672, 0.00287568802014, 0.00629089586437, 0.00212749349885, 0.00254621077329, 0.00350935384631, 0.00217642984353, 0.00100517342798, 0.00194147974253, 0.000485843891511, 0.000653706141748, 0.000749014085159, 0.000479781214381, 3.52519200533e-05],
        "mean": [0.00223191268742, 0.0441356226802, 0.00354519207031, 0.00173838273622, 0.0044785537757, 0.00183226389345, 0.0019566968549, 0.00179928319994, 0.00157717021648, 0.000639130303171, 0.00148201116826, 0.000428758881753, 0.000201367118279, 0.000126381943119, 0.000123168632854, 0.000125736143673, 8.57063787407e-05, 0.000108913125587, 9.00493614608e-05, 5.93698023295e-05, 4.01319884986e-05, 3.79397388315e-05, 2.08838609979e-05, 1.90448226931e-05, 1.51062859004e-05, 6.19135289526e-06, 4.25834542739e-07],
        "median": [7.14404814062e-05, 0.00446920935065, 0.000325152854202, 0.000309982453473, 0.00153391715139, 0.000592654512729, 0.000467621139251, 0.000376160722226, 0.000221224414418, 9.34365089051e-05, 9.42036203924e-05, 8.21162393549e-05, 3.99237942474e-05, 2.42891001108e-05, 3.0305060136e-05, 3.0243787478e-05, 2.07426328416e-05, 2.82225446426e-05, 2.13733437704e-05, 1.29779273266e-05, 5.64915535506e-06, 3.16342539008e-06, 1.40351221489e-06, 5.40477913091e-07, 1.82501594281e-07, 6.29488567938e-08, 3.62616292549e-09],
        "min": [2.35543958206e-23, 1.23900221379e-23, 7.27408135833e-23, 2.33418514492e-23, 1.523809794e-23, 3.65844310661e-23, 1.03300710761e-22, 5.7200840663e-23, 5.6050914966e-23, 4.3317008638e-23, 7.81439301825e-23, 1.94078652237e-22, 8.0823608636e-23, 1.75301389799e-22, 1.81237801614e-22, 1.69769846645e-22, 7.15234371235e-23, 2.18400016495e-22, 2.21898065563e-22, 3.12695526613e-22, 5.54722646661e-22, 6.55226605699e-22, 6.51642981001e-22, 1.05459358577e-21, 1.33496197114e-21, 1.73587486615e-21, 2.18175045987e-21],
        "var": [1.61589960044e-05, 0.00528511265293, 0.000159531875397, 2.17802135012e-05, 5.60773842153e-05, 1.05881563286e-05, 2.202297037e-05, 1.84524269571e-05, 1.75133172888e-05, 4.589549917e-06, 3.61461752618e-05, 6.26419932814e-06, 9.2522225259e-07, 1.37281944035e-07, 6.1386408845e-08, 8.60708624373e-08, 3.31694316458e-08, 4.36620446465e-08, 4.05078814936e-08, 1.76358341264e-08, 1.03010666663e-08, 1.09810160964e-08, 3.2377029946e-09, 3.63764307565e-09, 3.37027961095e-09, 6.05340388926e-10, 3.74797502062e-12]
    },
    "erbbands": {
        "dmean": [0.719460844994, 3.45635461807, 5.70482158661, 5.04669189453, 6.83802175522, 10.1986370087, 10.9626083374, 10.7169589996, 15.2380485535, 25.4077548981, 35.1806373596, 32.8197898865, 15.5863170624, 38.139591217, 16.29570961, 9.99190330505, 8.03483486176, 4.23009061813, 5.71345710754, 5.12312793732, 5.53457927704, 4.73946619034, 5.52830839157, 5.07072210312, 4.02720117569, 3.01756596565, 2.46607708931, 1.90958237648, 1.80787658691, 1.25807368755, 0.827979385853, 0.644035577774, 0.417867869139, 0.297931790352, 0.155289709568, 0.0464122332633, 0.0141933001578, 0.0022232090123, 0.000116338676889, 2.89376966975e-05],
        "dmean2": [0.84545981884, 4.77723503113, 9.59003829956, 8.98713684082, 11.2893562317, 15.2297039032, 16.6046791077, 15.9107141495, 22.4412384033, 38.4603424072, 54.0729789734, 51.1167221069, 25.3801689148, 57.9291610718, 25.0802822113, 16.2203769684, 12.900639534, 7.0836687088, 9.21488380432, 8.72862625122, 9.34166526794, 8.37275218964, 9.56708240509, 8.7873134613, 7.19082403183, 5.39002180099, 4.5106215477, 3.45444941521, 3.15192198753, 2.25295805931, 1.45260691643, 1.1409317255, 0.752667844296, 0.539100885391, 0.278172314167, 0.0788906216621, 0.024130159989, 0.00390207511373, 0.000204152849619, 3.95403658331e-05],
        "dvar": [2.09849333763, 71.9983444214, 374.024688721, 307.868865967, 325.478088379, 562.738037109, 679.330688477, 594.150146484, 1200.85095215, 3550.0847168, 6973.87695312, 8426.68359375, 1908.05944824, 22464.3808594, 4038.546875, 2618.06542969, 1617.91503906, 97.5556716919, 160.43460083, 118.828369141, 152.042327881, 114.499984741, 120.753128052, 118.98160553, 69.0872802734, 49.2797737122, 31.982503891, 21.1467018127, 18.7344474792, 9.35194778442, 3.88072609901, 2.71835780144, 1.18881332874, 0.769979119301, 0.259069114923, 0.0239526983351, 0.00247289403342, 6.48050336167e-05, 1.86068319863e-07, 1.6806034342e-09],
        "dvar2": [2.65377354622, 139.92817688, 1003.61804199, 879.800415039, 877.314331055, 1305.31677246, 1606.66467285, 1331.86657715, 2534.8527832, 7891.35498047, 16457.6542969, 18007.5644531, 4775.53710938, 46714.2109375, 9323.34179688, 6008.63427734, 3359.17138672, 250.397338867, 349.77557373, 297.804046631, 380.628662109, 312.628295898, 320.328094482, 305.944061279, 186.649047852, 125.38759613, 88.9394302368, 58.610206604, 49.3339042664, 25.2197093964, 10.5029344559, 7.28791618347, 3.20516443253, 2.08882284164, 0.703099906445, 0.0626887604594, 0.00649262033403, 0.000174277374754, 5.14240014127e-07, 2.83215140229e-09],
        "max": [14.6620378494, 74.5001449585, 156.552627563, 183.141983032, 238.653106689, 421.552734375, 416.31539917, 441.107299805, 582.364013672, 1086.15405273, 1656.90942383, 1847.69189453, 718.973571777, 4984.29248047, 3215.46459961, 2392.29907227, 1769.06958008, 244.891983032, 338.127166748, 171.00088501, 196.252563477, 126.026519775, 174.141189575, 236.346496582, 109.715911865, 147.514968872, 48.1854095459, 55.923828125, 100.553436279, 28.488117218, 14.4418992996, 15.4410476685, 9.75848388672, 8.65580177307, 6.29501867294, 2.63738083839, 0.713539063931, 0.113552883267, 0.00815053842962, 0.000377069023671],
        "mean": [1.88084352016, 7.39329719543, 5.61625146866, 4.64110565186, 9.52280235291, 16.0350036621, 16.8562202454, 16.1618804932, 21.5784606934, 33.9242553711, 41.5379524231, 37.5676231384, 17.2060317993, 68.3311004639, 24.6140499115, 12.5160932541, 10.1535825729, 5.42525577545, 7.61785650253, 6.38304042816, 6.58372163773, 5.0406961441, 5.9403758049, 5.42423725128, 3.96833086014, 2.63930463791, 1.90830767155, 1.44514262676, 1.43612396717, 0.887952506542, 0.604463160038, 0.450876682997, 0.272832840681, 0.188440591097, 0.101064927876, 0.0341854803264, 0.0104258581996, 0.0015126010403, 0.000101363533759, 7.51148400013e-05],
        "median": [0.116365522146, 0.897765755653, 1.10457646847, 0.961609005928, 2.93529629707, 5.05091333389, 4.95786905289, 5.26342773438, 6.10347032547, 9.80729866028, 9.77796363831, 5.83242845535, 4.43685340881, 5.21605587006, 4.04383182526, 3.33297014236, 2.39427495003, 1.67591261864, 1.77971231937, 1.87122583389, 1.81897902489, 1.45227181911, 1.65425539017, 1.43332886696, 0.984109520912, 0.543063402176, 0.315729260445, 0.182274639606, 0.127863585949, 0.063628911972, 0.0374159142375, 0.016192600131, 0.00651941820979, 0.00261477101594, 0.00108441105112, 0.000423548801336, 0.000130929111037, 1.54553581524e-05, 2.16823427763e-05, 3.59170808224e-05],
        "min": [6.26886632529e-22, 3.57413756692e-21, 6.42110582722e-20, 9.18340375077e-20, 8.48453048345e-20, 3.09134455511e-20, 7.92514894798e-20, 4.26257982822e-19, 9.96167718036e-19, 1.93547586795e-18, 1.0654413026e-18, 1.07511683423e-18, 8.86331677771e-19, 2.05704081231e-18, 5.2947256119e-18, 7.2833989126e-18, 4.25283745006e-18, 6.27387667377e-18, 7.95578342687e-18, 9.7030825297e-18, 1.14158989543e-17, 5.35235363081e-18, 9.7384436737e-18, 1.28983588133e-17, 1.29103620311e-17, 1.54256511834e-17, 2.14503268764e-17, 2.23717051627e-17, 2.55134430083e-17, 1.67795522859e-17, 2.2172349672e-17, 2.5050046503e-17, 1.51575503664e-17, 1.39914506958e-17, 1.01180757343e-17, 6.25885962334e-18, 2.83225876596e-18, 1.43657615035e-18, 2.58786815058e-19, 3.32143744407e-20],
        "var": [10.2774839401, 175.390441895, 284.119110107, 192.721054077, 332.302886963, 879.874816895, 1016.6340332, 885.069824219, 1897.14819336, 5003.38134766, 8497.61914062, 11317.203125, 1820.56628418, 73622.3515625, 6166.84765625, 3014.82666016, 2322.11743164, 123.363349915, 292.665802002, 147.548675537, 180.667800903, 96.5571899414, 131.402511597, 133.356918335, 64.0086898804, 44.7059211731, 22.1751556396, 14.3214254379, 15.752286911, 6.45344829559, 2.74831461906, 1.91031050682, 0.80058568716, 0.505571603775, 0.170539289713, 0.0176407173276, 0.00179933581967, 4.37312410213e-05, 1.18856981146e-07, 7.27603799433e-09]
    },
    "gfcc": {
        "mean": [-93.2941894531, 149.207977295, -123.139221191, 20.0680751801, -51.7019386292, -7.70614528656, -21.2473754883, 2.12298059464, -10.4337301254, -6.43298625946, -4.07123470306, -1.95022344589, -2.70920872688],
        "cov": [[11278.6279297, -617.377441406, 2470.32299805, 1886.64660645, 351.976989746, 1093.21777344, -114.45866394, 755.856567383, 163.476364136, 839.565979004, -401.71875, 184.189346313, -208.970230103], [-617.377441406, 2362.13305664, 961.08190918, 456.95880127, 781.41784668, -375.009918213, 384.523468018, -134.551239014, 504.590545654, -84.6536483765, 240.299972534, -200.972808838, 186.863510132], [2470.32299805, 961.08190918, 2372.11010742, 1062.87768555, 679.262268066, 334.046936035, 179.940322876, 284.006103516, 431.845581055, 408.550994873, -22.7004737854, 3.00950908661, 14.0599164963], [1886.64660645, 456.95880127, 1062.87768555, 977.601745605, 526.831848145, 258.013519287, 138.853652954, 155.541793823, 292.185821533, 280.300018311, 10.6767091751, -23.6795864105, 32.8014068604], [351.976989746, 781.41784668, 679.262268066, 526.831848145, 848.315612793, 247.532989502, 410.679931641, 132.201660156, 362.125701904, 107.163002014, 190.972961426, 17.4880809784, 154.588043213], [1093.21777344, -375.009918213, 334.046936035, 258.013519287, 247.532989502, 586.160827637, 155.312835693, 205.214263916, 58.5276985168, 146.354522705, -3.32043480873, 124.181762695, 23.6901626587], [-114.45866394, 384.523468018, 179.940322876, 138.853652954, 410.679931641, 155.312835693, 483.225128174, 92.5935974121, 232.371658325, 0.207880392671, 144.032073975, 23.2853374481, 159.806350708], [755.856567383, -134.551239014, 284.006103516, 155.541793823, 132.201660156, 205.214263916, 92.5935974121, 243.824172974, 116.392852783, 108.31224823, -21.8065738678, 44.592754364, 15.7930364609], [163.476364136, 504.590545654, 431.845581055, 292.185821533, 362.125701904, 58.5276985168, 232.371658325, 116.392852783, 387.670654297, 135.641769409, 91.6316986084, -35.8032913208, 82.3383407593], [839.565979004, -84.6536483765, 408.550994873, 280.300018311, 107.163002014, 146.354522705, 0.207880392671, 108.31224823, 135.641769409, 270.845825195, 8.18317604065, 30.6208763123, -30.9963188171], [-401.71875, 240.299972534, -22.7004737854, 10.6767091751, 190.972961426, -3.32043480873, 144.032073975, -21.8065738678, 91.6316986084, 8.18317604065, 170.602172852, 25.209487915, 65.0821456909], [184.189346313, -200.972808838, 3.00950908661, -23.6795864105, 17.4880809784, 124.181762695, 23.2853374481, 44.592754364, -35.8032913208, 30.6208763123, 25.209487915, 128.580001831, 34.5573120117], [-208.970230103, 186.863510132, 14.0599164963, 32.8014068604, 154.588043213, 23.6901626587, 159.806350708, 15.7930364609, 82.3383407593, -30.9963188171, 65.0821456909, 34.5573120117, 146.730148315]],
        "icov": [[0.000214043961023, -0.000106622457679, 3.4928855257e-06, -0.00040726896259, 0.000218433910049, -0.000140082527651, -7.92517021182e-05, -0.00042119063437, 0.000303411972709, -0.000235453655478, 0.000262890971499, -0.000240499692154, 0.000175502718776], [-0.000106622457679, 0.00202543335035, -0.000901667168364, 0.000317973870551, -0.00123526342213, 0.00130189070478, 8.86724010343e-05, 0.00150186440442, -0.00155086268205, 0.00178800756112, -0.000963966769632, 0.0012373290956, -0.000498821958899], [3.4928855257e-06, -0.000901667168364, 0.00138208898716, -0.000723334320355, 7.06637219992e-05, -0.000344060768839, -4.14568821725e-05, -0.000789760437328, 0.000371325964807, -0.0012046614429, 0.00114649452735, -0.000957562762778, 0.000547929957975], [-0.00040726896259, 0.000317973870551, -0.000723334320355, 0.00390148023143, -0.00206111208536, -9.32409529923e-05, 0.000662545964587, 0.00135259225499, -0.000421785429353, -0.00145149999298, 0.000667499552947, 0.00204843422398, -0.00131690700073], [0.000218433910049, -0.00123526342213, 7.06637219992e-05, -0.00206111208536, 0.00547165051103, -0.00189234537538, -0.0011700236937, -0.00128205353394, -0.00043302719132, 0.000707924365997, -0.00265581114218, -0.000657928874716, 1.68240258063e-05], [-0.000140082527651, 0.00130189070478, -0.000344060768839, -9.32409529923e-05, -0.00189234537538, 0.00473645236343, -0.00123846333008, -0.000634747208096, 0.000210859943763, 9.34127456276e-05, 0.000825343711767, -0.00199967087246, 0.000848729396239], [-7.92517021182e-05, 8.86724010343e-05, -4.14568821725e-05, 0.000662545964587, -0.0011700236937, -0.00123846333008, 0.00581408990547, -0.000678482989315, -0.00167706829961, 0.00141222495586, -0.0021767928265, 0.00143080507405, -0.00332853361033], [-0.00042119063437, 0.00150186440442, -0.000789760437328, 0.00135259225499, -0.00128205353394, -0.000634747208096, -0.000678482989315, 0.00979094393551, -0.0039103734307, 0.000486743752845, 0.00218173954636, -0.000882357475348, -6.36392287561e-05], [0.000303411972709, -0.00155086268205, 0.000371325964807, -0.000421785429353, -0.00043302719132, 0.000210859943763, -0.00167706829961, -0.0039103734307, 0.00948374532163, -0.00523065729067, -0.000174367465661, 0.00300733442418, -0.00192228902597], [-0.000235453655478, 0.00178800756112, -0.0012046614429, -0.00145149999298, 0.000707924365997, 9.34127456276e-05, 0.00141222495586, 0.000486743752845, -0.00523065729067, 0.0110243214294, -0.00356059893966, -0.00184198201168, 0.0027533241082], [0.000262890971499, -0.000963966769632, 0.00114649452735, 0.000667499552947, -0.00265581114218, 0.000825343711767, -0.0021767928265, 0.00218173954636, -0.000174367465661, -0.00356059893966, 0.0138332620263, -0.00461681000888, 0.000440966396127], [-0.000240499692154, 0.0012373290956, -0.000957562762778, 0.00204843422398, -0.000657928874716, -0.00199967087246, 0.00143080507405, -0.000882357475348, 0.00300733442418, -0.00184198201168, -0.00461681000888, 0.0164900217205, -0.00664434628561], [0.000175502718776, -0.000498821958899, 0.000547929957975, -0.00131690700073, 1.68240258063e-05, 0.000848729396239, -0.00332853361033, -6.36392287561e-05, -0.00192228902597, 0.0027533241082, 0.000440966396127, -0.00664434628561, 0.0144491791725]]
    },
    "melbands": {
        "dmean": [0.00538664404303, 0.00338456430472, 0.00093189033214, 0.000597875623498, 0.000407778628869, 0.000233826285694, 0.000262328452663, 0.000309405120788, 0.000278471066849, 0.000206642580451, 7.16344002285e-05, 0.000147320111864, 6.79000950186e-05, 4.83024050482e-05, 1.48687213368e-05, 1.79866128747e-05, 7.36216588848e-06, 9.75961847871e-06, 8.69124414749e-06, 7.94603693066e-06, 6.10300548942e-06, 5.04345598529e-06, 5.46214869246e-06, 3.97358371629e-06, 4.27810073234e-06, 3.56112218469e-06, 2.4436944841e-06, 1.91097410607e-06, 1.60193667398e-06, 1.22477786135e-06, 1.0912937114e-06, 1.07325013232e-06, 9.12607220016e-07, 5.95863809849e-07, 4.79149775856e-07, 4.48532802011e-07, 3.75298640165e-07, 2.75244900649e-07, 3.17704518693e-07, 2.21285574753e-07],
        "dmean2": [0.00640931446105, 0.00512480083853, 0.0016264913138, 0.000928544148337, 0.000610681716353, 0.000347088323906, 0.000384553277399, 0.000469697464723, 0.000430303945905, 0.000321299856296, 0.000118723459309, 0.000224934978178, 0.000101649355202, 7.66804223531e-05, 2.39675282501e-05, 2.9455861295e-05, 1.22849987747e-05, 1.54757508426e-05, 1.47395903696e-05, 1.32260629471e-05, 1.0433256648e-05, 8.90838509804e-06, 9.60285615292e-06, 6.89665012032e-06, 7.42599149817e-06, 6.38858500679e-06, 4.35744232163e-06, 3.42146131516e-06, 2.9224336231e-06, 2.24135442295e-06, 1.98289808395e-06, 1.876149895e-06, 1.63621859883e-06, 1.06616732864e-06, 8.43364944103e-07, 7.91835589098e-07, 6.73400279538e-07, 4.93358527365e-07, 5.81128119848e-07, 3.99150422936e-07],
        "dvar": [0.000114065202069, 9.21843748074e-05, 9.13425355975e-06, 1.86024954019e-06, 8.88634133389e-07, 2.68672124548e-07, 3.96940350811e-07, 5.19586137671e-07, 4.36245784385e-07, 3.65295960592e-07, 4.66559271217e-08, 3.21991024066e-07, 5.0833136811e-08, 1.01704941358e-07, 3.04947822549e-09, 8.38785485513e-09, 2.30103866516e-10, 6.29301832866e-10, 3.46736028778e-10, 4.13756195972e-10, 1.95089389088e-10, 1.40885206279e-10, 1.15107104404e-10, 6.35869273902e-11, 9.2340392277e-11, 5.95774263257e-11, 2.59866173719e-11, 2.19730119516e-11, 1.3631408502e-11, 8.30566084659e-12, 7.97911736683e-12, 7.38650200033e-12, 5.57390548647e-12, 2.04206551842e-12, 1.3016610359e-12, 1.27684429869e-12, 1.03407083243e-12, 5.02340953123e-13, 8.59828755504e-13, 4.28101049619e-13],
        "dvar2": [0.00014626896882, 0.000228429678828, 2.59096796071e-05, 4.55274312117e-06, 2.0733373276e-06, 6.04507704338e-07, 8.20658556222e-07, 1.19255992104e-06, 1.02089336451e-06, 7.78272863045e-07, 1.1905764552e-07, 6.77290643125e-07, 1.0279451601e-07, 2.32913748732e-07, 5.96248028728e-09, 2.09759907221e-08, 5.3705051517e-10, 1.28004862265e-09, 8.3270929041e-10, 9.30676369304e-10, 5.00417096649e-10, 3.8533298774e-10, 3.0922589489e-10, 1.67420077801e-10, 2.38705916145e-10, 1.60818899864e-10, 7.0066903668e-11, 5.59240050102e-11, 3.78598749573e-11, 2.3215132941e-11, 2.23103341357e-11, 1.93150599681e-11, 1.51951142641e-11, 5.48038957965e-12, 3.51296639348e-12, 3.48058734612e-12, 2.79048203815e-12, 1.35067521403e-12, 2.3616048353e-12, 1.15596800795e-12],
        "max": [0.110327966511, 0.0780936479568, 0.0336587168276, 0.0177623461932, 0.0135726453736, 0.00853586383164, 0.01204647962, 0.0125175267458, 0.0108945565298, 0.0123848104849, 0.00362862087786, 0.0186354070902, 0.00635436363518, 0.0165430642664, 0.00256720650941, 0.00287721026689, 0.000336510653142, 0.000791119236965, 0.000280364125501, 0.000590951472986, 0.000224459829042, 0.000144145917147, 0.000143662517075, 0.000106332277937, 0.000217783643166, 9.79308606475e-05, 5.8346438891e-05, 0.000100645782368, 3.71867863578e-05, 2.36617725022e-05, 3.765434667e-05, 8.91502204468e-05, 2.79106552625e-05, 1.16309220175e-05, 8.96525762073e-06, 8.86162069946e-06, 1.03683132693e-05, 7.16195609129e-06, 8.85374902282e-06, 6.33713852949e-06],
        "mean": [0.014131532982, 0.00515823438764, 0.000958601944149, 0.000926527776755, 0.000640898535494, 0.000350759364665, 0.000371347210603, 0.000401036872063, 0.000323499640217, 0.000233025071793, 7.14652196621e-05, 0.000260336964857, 0.000117136063636, 5.47420204384e-05, 1.88986832654e-05, 2.14589708776e-05, 8.96704932529e-06, 1.28454348669e-05, 1.00952329376e-05, 9.2978543762e-06, 6.86852899889e-06, 5.12572887601e-06, 5.65266418562e-06, 4.33152536061e-06, 4.44769602836e-06, 3.33530942953e-06, 2.3266475182e-06, 1.59174851433e-06, 1.25513304283e-06, 9.1351625997e-07, 7.99753024694e-07, 8.7500330892e-07, 6.3863262767e-07, 4.19651257744e-07, 3.46681872543e-07, 3.28397675275e-07, 2.51748559776e-07, 1.8152859127e-07, 1.97822075165e-07, 1.40921372349e-07],
        "median": [0.00120099005289, 0.0009449996287, 0.000228731194511, 0.000320729217492, 0.000200617170776, 0.000115771217679, 9.8779979453e-05, 0.000106947118184, 6.86804269208e-05, 3.05831381411e-05, 1.48284907482e-05, 1.95195752895e-05, 1.32762488647e-05, 9.06777677301e-06, 4.2003885028e-06, 3.98944666813e-06, 2.24080145017e-06, 2.3517277441e-06, 2.56999146586e-06, 1.96567043531e-06, 1.83188353731e-06, 1.22298899896e-06, 1.61275727351e-06, 1.13468945528e-06, 1.10053588287e-06, 6.94997538631e-07, 5.33492368504e-07, 2.63804906808e-07, 2.0788181132e-07, 1.21379628126e-07, 8.90515678975e-08, 7.8718422003e-08, 4.16616359189e-08, 3.01271185776e-08, 2.13049737852e-08, 1.51581396324e-08, 7.48356754343e-09, 4.68178873447e-09, 2.90673929371e-09, 1.81574777436e-09],
        "min": [5.93793471059e-24, 2.34710873758e-23, 1.65204008078e-23, 3.98333854699e-24, 2.44221298001e-24, 8.32062083835e-24, 1.77743756804e-23, 2.04375227648e-23, 7.96184453207e-24, 7.15864292445e-24, 4.27487353299e-24, 7.61484907455e-24, 1.34974889744e-23, 2.54954843189e-23, 1.03856709393e-23, 9.14775333038e-24, 1.24468737657e-23, 1.33530501204e-23, 1.62329682929e-23, 7.07446199953e-24, 1.52490283967e-23, 4.38376789235e-24, 6.05290132677e-24, 1.04800376362e-23, 1.05330735438e-23, 8.5395770712e-24, 1.0086455998e-23, 9.77339181457e-24, 1.56715422976e-23, 1.09493830536e-23, 1.27152158466e-23, 1.63605775884e-23, 1.00293243246e-23, 8.56711936084e-24, 1.38796258187e-23, 1.20557975496e-23, 1.54729086993e-23, 1.00588056344e-23, 1.01257830807e-23, 1.24638184979e-23],
        "var": [0.000549631076865, 0.000115463961265, 6.12459143667e-06, 2.56633961726e-06, 1.37909171372e-06, 3.96939555003e-07, 6.46110095204e-07, 6.79669994952e-07, 5.53216978005e-07, 4.88386262987e-07, 4.12175573672e-08, 1.04225387076e-06, 1.60662480653e-07, 1.12702132071e-07, 5.9726823487e-09, 9.20776965785e-09, 3.77875591928e-10, 1.25709975762e-09, 4.38568570349e-10, 6.17034923156e-10, 2.17034987204e-10, 1.1845149861e-10, 1.12339269831e-10, 6.88425635942e-11, 1.00334719699e-10, 5.73375617818e-11, 2.30804021728e-11, 1.99319935557e-11, 9.61698602697e-12, 5.5854999445e-12, 5.16726028285e-12, 6.8123193718e-12, 3.77096357612e-12, 1.41596478466e-12, 9.25710571566e-13, 8.81173823145e-13, 7.01498646498e-13, 3.41621343844e-13, 5.47424193649e-13, 2.84107047784e-13]
    },
    "mfcc": {
        "mean": [-733.63861084, 173.214569092, -7.129114151, 27.6336917877, -5.3210644722, -4.37414550781, -3.90664863586, 5.77713346481, -2.27437663078, 0.290413200855, 1.14624476433, -0.197089344263, 1.45747089386],
        "cov": [[8816.88769531, -593.977783203, 1169.27148438, 1218.6817627, 497.532867432, 762.879211426, 82.4162368774, 222.544296265, 434.881896973, 601.682983398, 89.2414703369, 251.950149536, 156.387771606], [-593.977783203, 1934.2052002, 559.217102051, 737.636047363, 466.293334961, 114.812866211, 90.7637939453, 102.544296265, 216.456497192, 173.191818237, 117.100074768, 139.30430603, 110.902061462], [1169.27148438, 559.217102051, 1416.82543945, 711.714599609, 486.201934814, 302.440887451, 17.3958568573, 18.3280830383, 266.358673096, 268.912109375, 126.681373596, 192.939804077, 77.440826416], [1218.6817627, 737.636047363, 711.714599609, 1033.34899902, 513.077819824, 370.204681396, 116.246681213, 82.5744476318, 294.266387939, 326.667144775, 130.664230347, 204.778503418, 135.327865601], [497.532867432, 466.293334961, 486.201934814, 513.077819824, 537.108154297, 306.521362305, 131.476455688, 136.972930908, 219.497329712, 197.42805481, 130.141540527, 145.726852417, 83.0664291382], [762.879211426, 114.812866211, 302.440887451, 370.204681396, 306.521362305, 487.134338379, 220.43170166, 184.690200806, 216.489471436, 187.081039429, 94.3144073486, 163.944732666, 129.53666687], [82.4162368774, 90.7637939453, 17.3958568573, 116.246681213, 131.476455688, 220.43170166, 291.95199585, 183.892059326, 124.283500671, 57.4558143616, 10.9462938309, 59.9130554199, 96.5443572998], [222.544296265, 102.544296265, 18.3280830383, 82.5744476318, 136.972930908, 184.690200806, 183.892059326, 275.79977417, 162.040924072, 90.4380722046, 32.7324981689, 42.4705696106, 70.2030715942], [434.881896973, 216.456497192, 266.358673096, 294.266387939, 219.497329712, 216.489471436, 124.283500671, 162.040924072, 303.772583008, 209.428604126, 78.4657440186, 112.865348816, 92.6645736694], [601.682983398, 173.191818237, 268.912109375, 326.667144775, 197.42805481, 187.081039429, 57.4558143616, 90.4380722046, 209.428604126, 282.729492188, 119.511032104, 111.044265747, 66.909362793], [89.2414703369, 117.100074768, 126.681373596, 130.664230347, 130.141540527, 94.3144073486, 10.9462938309, 32.7324981689, 78.4657440186, 119.511032104, 171.074310303, 93.6675109863, 31.6079521179], [251.950149536, 139.30430603, 192.939804077, 204.778503418, 145.726852417, 163.944732666, 59.9130554199, 42.4705696106, 112.865348816, 111.044265747, 93.6675109863, 177.440643311, 90.3133926392], [156.387771606, 110.902061462, 77.440826416, 135.327865601, 83.0664291382, 129.53666687, 96.5443572998, 70.2030715942, 92.6645736694, 66.909362793, 31.6079521179, 90.3133926392, 151.425292969]],
