{
"lowlevel": {
    "average_loudness": 0.64946615696,
    "barkbands_crest": {
        "dmean": 2.57026576996,
        "dmean2": 3.89149236679,
        "dvar": 8.60824871063,
        "dvar2": 18.3985481262,
        "max": 26.6786022186,
        "mean": 15.6421909332,
        "median": 15.8930606842,
        "min": 2.46049332619,
        "var": 38.7608795166
    },
    "barkbands_flatness_db": {
        "dmean": 0.0292686000466,
        "dmean2": 0.0402490161359,
        "dvar": 0.00110075308476,
        "dvar2": 0.00203578080982,
        "max": 0.55802410841,
        "mean": 0.220738053322,
        "median": 0.218942388892,
        "min": 0.0389821752906,
        "var": 0.00846638903022
    },
    "barkbands_kurtosis": {
        "dmean": 14.9536523819,
        "dmean2": 20.174993515,
        "dvar": 4307.30957031,
        "dvar2": 7308.36669922,
        "max": 1453.67773438,
        "mean": 30.088596344,
        "median": 5.97930574417,
        "min": -1.90818834305,
        "var": 14408.7675781
    },
    "barkbands_skewness": {
        "dmean": 0.957234084606,
        "dmean2": 1.27266561985,
        "dvar": 2.67634391785,
        "dvar2": 3.96854710579,
        "max": 33.9024581909,
        "mean": 2.91233706474,
        "median": 2.01246500015,
        "min": -5.11370420456,
        "var": 15.1378326416
    },
    "barkbands_spread": {
        "dmean": 5.44140577316,
        "dmean2": 8.07948875427,
        "dvar": 100.068664551,
        "dvar2": 214.627319336,
        "max": 129.042678833,
        "mean": 15.4384822845,
        "median": 8.85216140747,
        "min": 0.198601275682,
        "var": 345.245483398
    },
    "dissonance": {
        "dmean": 0.0251427963376,
        "dmean2": 0.0416718497872,
        "dvar": 0.000690831453539,
        "dvar2": 0.00182382937055,
        "max": 0.499999970198,
        "mean": 0.439325898886,
        "median": 0.455458253622,
        "min": 0.143277451396,
        "var": 0.00298691890202
    },
    "dynamic_complexity": 3.66812109947,
    "erbbands_crest": {
        "dmean": 2.72713732719,
        "dmean2": 4.28286647797,
        "dvar": 8.28206825256,
        "dvar2": 17.0818748474,
        "max": 32.9020805359,
        "mean": 11.022102356,
        "median": 9.49477767944,
        "min": 2.35148358345,
        "var": 36.8393287659
    },
    "erbbands_flatness_db": {
        "dmean": 0.0210862960666,
        "dmean2": 0.0296377819031,
        "dvar": 0.00059902848443,
        "dvar2": 0.000995860435069,
        "max": 0.543097436428,
        "mean": 0.185437977314,
        "median": 0.169837087393,
        "min": 0.0478562042117,
        "var": 0.00779950385913
    },
    "erbbands_kurtosis": {
        "dmean": 1.48689961433,
        "dmean2": 2.31284976006,
        "dvar": 10.2260379791,
        "dvar2": 25.082151413,
        "max": 99.279624939,
        "mean": 1.70155584812,
        "median": 0.511370658875,
        "min": -1.83900678158,
        "var": 17.3068714142
    },
    "erbbands_skewness": {
        "dmean": 0.420091927052,
        "dmean2": 0.631657421589,
        "dvar": 0.257155865431,
        "dvar2": 0.514498233795,
        "max": 8.01727581024,
        "mean": 0.688464224339,
        "median": 0.598337173462,
        "min": -3.71066951752,
        "var": 0.887636125088
    },
    "erbbands_spread": {
        "dmean": 9.79301166534,
        "dmean2": 13.8868093491,
        "dvar": 220.508514404,
        "dvar2": 417.512420654,
        "max": 193.340774536,
        "mean": 37.9610824585,
        "median": 29.3270072937,
        "min": 0.523688137531,
        "var": 1003.11242676
    },
    "hfc": {
        "dmean": 8.74323177338,
        "dmean2": 13.4058389664,
        "dvar": 243.645385742,
        "dvar2": 599.124267578,
        "max": 273.855499268,
        "mean": 23.1335697174,
        "median": 14.226442337,
        "min": 1.18640688844e-16,
        "var": 572.835449219
    },
    "melbands_crest": {
        "dmean": 3.25542497635,
        "dmean2": 4.99569749832,
        "dvar": 15.2507553101,
        "dvar2": 34.2303962708,
        "max": 36.2944755554,
        "mean": 20.4726295471,
        "median": 20.3178405762,
        "min": 1.68016552925,
        "var": 75.6792831421
    },
    "melbands_flatness_db": {
        "dmean": 0.0321881882846,
        "dmean2": 0.0439491271973,
        "dvar": 0.00157917046454,
        "dvar2": 0.00296988990158,
        "max": 0.685248911381,
        "mean": 0.294299334288,
        "median": 0.297441989183,
        "min": 0.00642274366692,
        "var": 0.0140992915258
    },
    "melbands_kurtosis": {
        "dmean": 30.8286437988,
        "dmean2": 43.0075721741,
        "dvar": 12311.8994141,
        "dvar2": 24896.5214844,
        "max": 2680.95678711,
        "mean": 67.674911499,
        "median": 11.7329216003,
        "min": -1.76092278957,
        "var": 42599.15625
    },
    "melbands_skewness": {
        "dmean": 1.24621200562,
        "dmean2": 1.74557197094,
        "dvar": 3.88547158241,
        "dvar2": 8.0809545517,
        "max": 41.8338050842,
        "mean": 4.27174186707,
        "median": 2.768887043,
        "min": -3.75277590752,
        "var": 22.0689926147
    },
    "melbands_spread": {
        "dmean": 6.6892747879,
        "dmean2": 10.8399467468,
        "dvar": 283.544708252,
        "dvar2": 776.754699707,
        "max": 256.714019775,
        "mean": 16.3493900299,
        "median": 8.19759368896,
        "min": 0.111188620329,
        "var": 663.767211914
    },
    "pitch_salience": {
        "dmean": 0.0777967423201,
        "dmean2": 0.118682876229,
        "dvar": 0.00861435104162,
        "dvar2": 0.0186039060354,
        "max": 0.932537138462,
        "mean": 0.418368458748,
        "median": 0.425531983376,
        "min": 0.00566625408828,
        "var": 0.036682125181
    },
    "silence_rate_20dB": {
        "dmean": 0,
        "dmean2": 0,
        "dvar": 0,
        "dvar2": 0,
        "max": 1,
        "mean": 1,
        "median": 1,
        "min": 1,
        "var": 0
    },
    "silence_rate_30dB": {
        "dmean": 0.0516791194677,
        "dmean2": 0.103367552161,
        "dvar": 0.0490130148828,
        "dvar2": 0.110157564282,
        "max": 1,
        "mean": 0.711739301682,
        "median": 1,
        "min": 0,
        "var": 0.205154761672
    },
    "silence_rate_60dB": {
        "dmean": 0.0365535244346,
        "dmean2": 0.0731136351824,
        "dvar": 0.0352231822908,
        "dvar2": 0.0753299072385,
        "max": 1,
        "mean": 0.113881886005,
        "median": 0,
        "min": 0,
        "var": 0.100907608867
    },
    "spectral_centroid": {
        "dmean": 241.426101685,
        "dmean2": 364.932678223,
        "dvar": 194683.03125,
        "dvar2": 378938.03125,
        "max": 11480.3857422,
        "mean": 1150.27075195,
        "median": 789.463745117,
        "min": 110.718399048,
        "var": 871006.375
    },
    "spectral_complexity": {
        "dmean": 3.12865757942,
        "dmean2": 5.07887649536,
        "dvar": 21.937078476,
        "dvar2": 54.3405036926,
        "max": 57,
        "mean": 14.2171411514,
        "median": 12,
        "min": 0,
        "var": 126.174095154
    },
    "spectral_decrease": {
        "dmean": 4.33194458083e-09,
        "dmean2": 5.69683589191e-09,
        "dvar": 3.98986002428e-17,
        "dvar2": 8.65516728176e-17,
        "max": 4.06749452851e-29,
        "mean": -1.74294143562e-08,
        "median": -1.1762420371e-08,
        "min": -7.75047581669e-08,
        "var": 2.86045276219e-16
    },
    "spectral_energy": {
        "dmean": 0.0167107395828,
        "dmean2": 0.0222111623734,
        "dvar": 0.000578423496336,
        "dvar2": 0.00125918211415,
        "max": 0.294978648424,
        "mean": 0.0678807348013,
        "median": 0.0467461943626,
        "min": 1.06075484945e-20,
        "var": 0.00419674394652
    },
    "spectral_energyband_high": {
        "dmean": 0.000567809154745,
        "dmean2": 0.00086537655443,
        "dvar": 1.69003158135e-06,
        "dvar2": 4.07294055549e-06,
        "max": 0.0234385300428,
        "mean": 0.00106582627632,
        "median": 0.000117874355055,
        "min": 7.55552426061e-21,
        "var": 3.66541507901e-06
    },
    "spectral_energyband_low": {
        "dmean": 0.0137067278847,
        "dmean2": 0.0173461250961,
        "dvar": 0.000646938569844,
        "dvar2": 0.00133721716702,
        "max": 0.28737449646,
        "mean": 0.0492354407907,
        "median": 0.0156349129975,
        "min": 6.45339464875e-23,
        "var": 0.00396569631994
    },
    "spectral_energyband_middle_high": {
        "dmean": 0.0017201382434,
        "dmean2": 0.00280774291605,
        "dvar": 1.18395109894e-05,
        "dvar2": 3.05451576423e-05,
        "max": 0.103515923023,
        "mean": 0.00389662873931,
        "median": 0.00155594549142,
        "min": 1.44398643575e-21,
        "var": 2.95313056995e-05
    },
    "spectral_energyband_middle_low": {
        "dmean": 0.00682769203559,
        "dmean2": 0.0110326269642,
        "dvar": 0.000148642269778,
        "dvar2": 0.000381511170417,
        "max": 0.167260736227,
        "mean": 0.0143401576206,
        "median": 0.0108700413257,
        "min": 4.13198602127e-22,
        "var": 0.000220169240492
    },
    "spectral_entropy": {
        "dmean": 0.200890019536,
        "dmean2": 0.299838453531,
        "dvar": 0.0579162575305,
        "dvar2": 0.120169244707,
        "max": 9.81179141998,
        "mean": 7.32005786896,
        "median": 7.35748291016,
        "min": 4.52837514877,
        "var": 0.793588042259
    },
    "spectral_flux": {
        "dmean": 0.0350588820875,
        "dmean2": 0.0485482290387,
        "dvar": 0.00189891387708,
        "dvar2": 0.00322397518903,
        "max": 0.443027496338,
        "mean": 0.0873738378286,
        "median": 0.0637671351433,
        "min": 1.02992954443e-10,
        "var": 0.00551382778212
    },
    "spectral_kurtosis": {
        "dmean": 4.66422653198,
        "dmean2": 7.64816522598,
        "dvar": 107.847351074,
        "dvar2": 288.981750488,
        "max": 197.481292725,
        "mean": 12.4246740341,
        "median": 4.68045854568,
        "min": -1.21064579487,
        "var": 485.030609131
    },
    "spectral_rms": {
        "dmean": 0.00100066757295,
        "dmean2": 0.00132133893203,
        "dvar": 1.50551079514e-06,
        "dvar2": 3.08667335958e-06,
        "max": 0.0169641990215,
        "mean": 0.00700996583328,
        "median": 0.00675322441384,
        "min": 3.21695946791e-12,
        "var": 1.70855219039e-05
    },
    "spectral_rolloff": {
        "dmean": 553.520263672,
        "dmean2": 911.521972656,
        "dvar": 2246667.5,
        "dvar2": 4729235.5,
        "max": 19078.4179688,
        "mean": 1567.96447754,
        "median": 516.796875,
        "min": 64.599609375,
        "var": 8842411
    },
    "spectral_skewness": {
        "dmean": 0.389182180166,
        "dmean2": 0.624261975288,
        "dvar": 0.358983695507,
        "dvar2": 0.970856845379,
        "max": 10.7437601089,
        "mean": 2.25636744499,
        "median": 1.80376577377,
        "min": -0.0461706072092,
        "var": 2.37733602524
    },
    "spectral_spread": {
        "dmean": 736193.125,
        "dmean2": 986787.6875,
        "dvar": 864847593472,
        "dvar2": 1.36443304346e+12,
        "max": 40703880,
        "mean": 5271211.5,
        "median": 4764686,
        "min": 412135.9375,
        "var": 9.24656861184e+12
    },
    "spectral_strongpeak": {
        "dmean": 0.324250936508,
        "dmean2": 0.510285317898,
        "dvar": 0.351162075996,
        "dvar2": 0.882023155689,
        "max": 11.3243312836,
        "mean": 0.97861468792,
        "median": 0.750678658485,
        "min": 0,
        "var": 0.757982552052
    },
    "zerocrossingrate": {
        "dmean": 0.0132690994069,
        "dmean2": 0.0158248674124,
        "dvar": 0.000594704237301,
        "dvar2": 0.000806171214208,
        "max": 0.83203125,
        "mean": 0.0565197430551,
        "median": 0.02978515625,
        "min": 0.001953125,
        "var": 0.00577934132889
    },
    "barkbands": {
        "dmean": [0.000798882450908, 0.0130277303979, 0.00234302924946, 0.00136413890868, 0.00213071214966, 0.00227050483227, 0.00132655457128, 0.000595087767579, 0.00125189381652, 0.000247789925197, 0.000726804253645, 0.000242392052314, 0.000379257427994, 0.000332045485266, 0.000225119336392, 0.000168845945154, 0.00011391377484, 0.000105635670479, 7.56420267862e-05, 9.87623498077e-05, 8.38909909362e-05, 8.84206892806e-05, 9.77165764198e-05, 0.000100101788121, 0.000115273258416, 0.000111010798719, 8.28796692076e-06],
        "dmean2": [0.000956551986746, 0.0167657677084, 0.00398378772661, 0.00247407890856, 0.0036912818905, 0.00346460309811, 0.00199270434678, 0.00095145200612, 0.001826654654, 0.0004092688323, 0.00119059090503, 0.000405177328503, 0.000606146699283, 0.000579602725338, 0.000383614300517, 0.000274137128145, 0.000194774795091, 0.000177270499989, 0.000126929662656, 0.000168702070368, 0.000136799513712, 0.000143185694469, 0.000159623275977, 0.00015693725436, 0.000176303525222, 0.000166492609424, 1.39098328873e-05],
        "dvar": [2.46428112405e-06, 0.000664396211505, 6.69231230859e-05, 1.88624198927e-05, 3.10282557621e-05, 3.51451635652e-05, 1.16115352284e-05, 2.61999252871e-06, 1.60674153449e-05, 6.89271587362e-07, 4.54572273156e-06, 2.56988244018e-07, 7.68963900555e-07, 5.7729511127e-07, 3.94998551201e-07, 2.50758006359e-07, 6.78387195308e-08, 5.93763473944e-08, 2.84840417919e-08, 6.41126831624e-08, 3.62743897142e-08, 4.15472385384e-08, 5.21199119419e-08, 4.90963607547e-08, 6.95604356338e-08, 6.74492426356e-08, 8.78538297666e-10],
        "dvar2": [3.68868882106e-06, 0.00133509677835, 0.000177991343662, 5.47162489966e-05, 8.76956619322e-05, 8.47659393912e-05, 2.45220471697e-05, 6.3523798417e-06, 3.58094403055e-05, 1.97964709514e-06, 1.1814262507e-05, 6.6936507892e-07, 1.84672842352e-06, 1.62688672845e-06, 1.08099152385e-06, 4.99396151099e-07, 1.89863072819e-07, 1.53571193096e-07, 7.68039214449e-08, 1.77737561557e-07, 9.26294134729e-08, 1.06585481774e-07, 1.35942187285e-07, 1.19756847994e-07, 1.59691722956e-07, 1.51040367768e-07, 2.24619944866e-09],
        "max": [0.023496793583, 0.263876378536, 0.0858433172107, 0.0402111411095, 0.0748443305492, 0.116985566914, 0.0783211663365, 0.059433478862, 0.155828878284, 0.0375390425324, 0.090987637639, 0.0122524900362, 0.0205236971378, 0.0112195713446, 0.0249111093581, 0.0341460555792, 0.00504865916446, 0.00588580546901, 0.00404910929501, 0.00371145014651, 0.0048070163466, 0.00428619189188, 0.00444200402126, 0.00463153095916, 0.00577364536002, 0.00449119787663, 0.00100438646041],
        "mean": [0.00231491657905, 0.0437573716044, 0.00253635668196, 0.00130280433223, 0.00271430448629, 0.00444925576448, 0.00238314596936, 0.000964435865171, 0.0024762081448, 0.000362670747563, 0.00096233113436, 0.000374671100872, 0.000617537356447, 0.000435370049672, 0.000311834242893, 0.000320560648106, 0.000173178530531, 0.00016573339235, 0.000123820704175, 0.000142816337757, 0.000157378410222, 0.000155673114932, 0.000177632231498, 0.000181062205229, 0.000180311239092, 0.000131629043608, 7.75283660914e-06],
        "median": [2.4432731152e-05, 0.00515884533525, 0.000414188223658, 0.000193645653781, 0.000984837999567, 0.00133981008548, 0.000685828505084, 0.000269864773145, 0.000799169065431, 9.57479496719e-05, 0.000252880388871, 9.47889348026e-05, 0.000178204936674, 0.000103260994365, 5.53906465939e-05, 4.93024672323e-05, 3.25585206156e-05, 2.46641102422e-05, 2.00825907086e-05, 2.1338901206e-05, 1.67720354511e-05, 8.58555176819e-06, 1.36256676342e-05, 1.61262269103e-05, 1.40871725307e-05, 9.01267958398e-06, 2.80477593151e-07],
        "min": [2.74458277334e-23, 2.46617340728e-23, 5.51998437009e-24, 2.5265157445e-23, 1.07081620105e-22, 1.13932037719e-22, 9.20332069255e-24, 3.74254830088e-23, 8.3502138508e-23, 9.01068606597e-23, 2.77130496319e-23, 1.40097405364e-22, 5.26153373713e-23, 7.76866874691e-23, 2.66494354153e-22, 1.32670664905e-22, 1.51783552949e-22, 2.40469946486e-22, 1.68007177973e-22, 2.51787891666e-22, 4.82872993465e-22, 6.85520581021e-22, 5.60161672209e-22, 6.95064662014e-22, 1.04265268029e-21, 1.83314674216e-21, 2.38642273151e-21],
        "var": [1.49833049363e-05, 0.00351471873, 5.156156476e-05, 1.20964832604e-05, 2.7894267987e-05, 6.49240391795e-05, 2.49115109909e-05, 6.85628992869e-06, 3.31609335262e-05, 1.12869201985e-06, 5.51339371668e-06, 4.89974183893e-07, 1.46334070905e-06, 6.99215206623e-07, 5.20952880834e-07, 1.69740042111e-06, 1.2008099759e-07, 1.29435264284e-07, 5.75961571769e-08, 8.65095088898e-08, 1.05494322611e-07, 1.09044059116e-07, 1.1673941458e-07, 1.22819386661e-07, 1.22542601844e-07, 8.31625257547e-08, 1.1539140754e-09]
    },
    "erbbands": {
        "dmean": [0.625362813473, 2.25266933441, 2.93301439285, 3.53050971031, 6.20017004013, 7.55293798447, 11.7079906464, 18.8391132355, 9.51550960541, 29.2391529083, 13.3631095886, 31.9995956421, 8.24886131287, 12.5421943665, 23.1757736206, 8.88984203339, 17.2377071381, 15.7662210464, 10.5323982239, 14.623664856, 8.86577796936, 6.55732584, 5.59151029587, 3.79924821854, 4.15268754959, 4.98233509064, 3.58589529991, 3.20031499863, 3.25000810623, 2.86595582962, 2.77938771248, 2.10696053505, 1.83752310276, 1.31112849712, 0.857925057411, 0.51090490818, 0.199745297432, 0.0311041194946, 0.00135134649463, 3.97775183956e-05],
        "dmean2": [0.735113382339, 3.23626065254, 4.73248243332, 6.22421169281, 11.2138261795, 12.9173545837, 18.414812088, 28.7829723358, 15.6513566971, 42.9409141541, 20.2802600861, 46.2017631531, 13.4490756989, 20.4694900513, 37.7857055664, 14.806593895, 27.597951889, 26.9896259308, 18.6138248444, 24.8397197723, 13.9899520874, 11.184677124, 9.32053947449, 6.4063668251, 7.09376478195, 8.51809310913, 5.86862516403, 5.22050428391, 5.29848909378, 4.62711524963, 4.51142978668, 3.32697057724, 2.92280626297, 2.01537561417, 1.34146749973, 0.785651028156, 0.301497966051, 0.0476569756866, 0.00218222895637, 6.0154030507e-05],
        "dvar": [1.55913746357, 23.2896556854, 91.0777359009, 121.510429382, 421.157928467, 336.566101074, 726.600402832, 2419.19726562, 371.760437012, 7515.89111328, 957.916625977, 10712.859375, 542.655151367, 914.606567383, 3900.87109375, 274.936981201, 1626.76599121, 1376.60534668, 698.576904297, 1896.3001709, 946.296203613, 225.162780762, 161.590667725, 71.0287628174, 107.479789734, 168.175094604, 65.7266387939, 49.2638320923, 55.1582565308, 43.839717865, 39.5725364685, 22.1355133057, 17.5798168182, 8.98328018188, 4.04343748093, 1.50081384182, 0.216170996428, 0.00536295305938, 1.95713455469e-05, 5.87379345163e-09],
        "dvar2": [2.6412050724, 51.1535263062, 230.802307129, 342.765228271, 1214.56542969, 934.342224121, 1787.53820801, 5851.45800781, 998.230407715, 15931.9257812, 2171.01074219, 23502.3027344, 1492.19763184, 2384.66064453, 10158.8339844, 714.35534668, 3801.53930664, 3797.52636719, 1993.91369629, 5217.09863281, 1684.79956055, 630.817138672, 400.898468018, 192.793640137, 294.297546387, 465.606781006, 166.668502808, 124.531967163, 141.622879028, 112.426673889, 101.904312134, 55.411819458, 43.4461898804, 21.0727043152, 9.48108959198, 3.45384287834, 0.489563643932, 0.0114150652662, 4.85880482302e-05, 1.35912987531e-08],
        "max": [13.4824542999, 50.8017311096, 115.347122192, 127.786148071, 167.92880249, 424.840179443, 504.39440918, 948.999511719, 351.847290039, 1977.7989502, 916.573364258, 3992.74609375, 843.828186035, 1255.07470703, 2572.66015625, 315.026275635, 949.887756348, 806.890930176, 439.717254639, 1800.93920898, 2348.70410156, 319.663909912, 375.878204346, 248.021224976, 262.208496094, 163.829330444, 218.251281738, 207.318817139, 182.290420532, 141.411727905, 157.590316772, 105.419670105, 79.2947006226, 70.4619674683, 39.7245483398, 23.7818584442, 5.92570734024, 1.84860193729, 0.161466240883, 0.00204854574986],
        "mean": [1.94373178482, 7.04845762253, 4.12556743622, 3.69527029991, 6.1117682457, 10.4273357391, 22.9542388916, 36.6235580444, 15.8845901489, 53.3421401978, 26.7859230042, 64.1542282104, 13.7081394196, 19.6760959625, 33.6230354309, 16.027797699, 28.5163669586, 22.5983848572, 14.2840032578, 20.1526165009, 18.9739151001, 10.7951831818, 9.60221195221, 6.59004068375, 6.37345409393, 7.19246053696, 6.49305105209, 5.91131305695, 5.69919109344, 5.18025779724, 5.04433631897, 3.8348402977, 3.07402992249, 2.11864328384, 1.20415568352, 0.636841952801, 0.225061833858, 0.0360077321529, 0.00144959695172, 0.000109361055365],
        "median": [0.111227087677, 1.20476305485, 1.54666018486, 0.887624144554, 1.64617490768, 3.64587712288, 9.58759498596, 11.3610334396, 6.93851852417, 13.5466480255, 12.3155975342, 19.9571552277, 5.24223184586, 7.64695072174, 11.4558000565, 5.41088056564, 8.39430236816, 5.2418088913, 3.39470124245, 3.92440748215, 2.67374181747, 2.16761374474, 1.62818264961, 1.15119314194, 0.976704120636, 1.03767204285, 0.782273888588, 0.520746469498, 0.313971310854, 0.304618537426, 0.427761286497, 0.305977344513, 0.292745113373, 0.165452927351, 0.0891566723585, 0.0382990092039, 0.0162812545896, 0.00278209592216, 0.000119919313875, 6.44180545351e-05],
        "min": [1.12084992485e-21, 4.77050447727e-21, 6.83580442627e-21, 5.49872318851e-20, 1.96061605811e-19, 3.23689215377e-19, 7.22098896257e-19, 9.00233792134e-19, 4.09104066375e-19, 3.24260306042e-19, 8.33436476128e-19, 1.78566167169e-18, 3.50565430173e-18, 1.90554268312e-18, 1.54338626054e-18, 5.1901517845e-18, 3.1232379512e-18, 3.8754697964e-18, 1.28393924161e-17, 7.1135936221e-18, 7.98636512129e-18, 9.22961344606e-18, 1.28130053546e-17, 1.1624010979e-17, 7.98176186118e-18, 1.19791096898e-17, 2.33483473858e-17, 1.82923349317e-17, 2.74047203414e-17, 1.45677143413e-17, 1.74299859082e-17, 1.23067914992e-17, 1.25738765385e-17, 1.06670614448e-17, 7.68743362844e-18, 6.59733200383e-18, 3.43717367317e-18, 1.33097899713e-18, 3.11198219441e-19, 3.7375781162e-20],
        "var": [8.29024028778, 89.4346389771, 85.2588043213, 83.0593338013, 255.814208984, 427.872924805, 1348.52185059, 4398.28564453, 664.372009277, 15204.2294922, 2745.09008789, 22947.2050781, 901.653381348, 1322.44396973, 5071.72851562, 636.778686523, 3178.35961914, 1994.56433105, 741.487426758, 2331.79345703, 7627.00195312, 440.164825439, 428.892822266, 154.523895264, 169.176208496, 227.972091675, 182.9637146, 142.502609253, 144.741546631, 115.928443909, 91.3790893555, 53.4069595337, 38.7138557434, 17.4147205353, 5.83843946457, 1.84377455711, 0.257184147835, 0.00732588721439, 2.85021978925e-05, 1.47428202979e-08]
    },
    "gfcc": {
        "mean": [-46.0102882385, 85.3358917236, -101.171104431, 10.7165088654, -51.2739448547, 17.8044204712, -29.834985733, 11.7213191986, -15.8072280884, 9.21008968353, -9.89214801788, 4.68598794937, -8.82566452026],
        "cov": [[18775.3066406, 1299.80700684, 1724.671875, 1731.56604004, -545.127380371, 551.608337402, -600.809570312, 462.311950684, -23.7211360931, 551.514465332, 23.2589683533, 180.137176514, -7.72748756409], [1299.80700684, 6933.64599609, 22.0434017181, -837.972351074, 87.2647094727, -1637.19458008, -229.165466309, -887.903320312, 353.901855469, -545.546813965, 276.639831543, -581.811218262, 256.087646484], [1724.671875, 22.0434017181, 2235.02294922, 1064.00537109, 514.65826416, 617.006652832, 242.627197266, 370.202514648, 98.0247268677, 256.796173096, 55.4233360291, 133.967285156, 23.9031543732], [1731.56604004, -837.972351074, 1064.00537109, 1265.22631836, 384.23147583, 653.804077148, 239.626022339, 382.800079346, 89.720954895, 227.042495728, 81.469581604, 166.415771484, 85.0093383789], [-545.127380371, 87.2647094727, 514.65826416, 384.23147583, 626.090454102, 333.537261963, 276.43572998, 173.030258179, 79.4525909424, 37.2387886047, 56.7693405151, 61.8995132446, 69.292755127], [551.608337402, -1637.19458008, 617.006652832, 653.804077148, 333.537261963, 948.469421387, 342.398651123, 488.514007568, 38.4145622253, 275.314575195, 33.2947998047, 238.797180176, 5.80987071991], [-600.809570312, -229.165466309, 242.627197266, 239.626022339, 276.43572998, 342.398651123, 394.511627197, 243.735031128, 152.428451538, 108.582740784, 97.7884216309, 73.3567810059, 60.5116577148], [462.311950684, -887.903320312, 370.202514648, 382.800079346, 173.030258179, 488.514007568, 243.735031128, 475.345062256, 156.916656494, 262.396270752, 89.6245803833, 169.358383179, 33.9987182617], [-23.7211360931, 353.901855469, 98.0247268677, 89.720954895, 79.4525909424, 38.4145622253, 152.428451538, 156.916656494, 278.86428833, 131.773010254, 139.952255249, 20.6618003845, 69.8752288818], [551.514465332, -545.546813965, 256.796173096, 227.042495728, 37.2387886047, 275.314575195, 108.582740784, 262.396270752, 131.773010254, 273.79574585, 94.6958770752, 136.370574951, 16.5495738983], [23.2589683533, 276.639831543, 55.4233360291, 81.469581604, 56.7693405151, 33.2947998047, 97.7884216309, 89.6245803833, 139.952255249, 94.6958770752, 186.613311768, 58.182182312, 92.1461410522], [180.137176514, -581.811218262, 133.967285156, 166.415771484, 61.8995132446, 238.797180176, 73.3567810059, 169.358383179, 20.6618003845, 136.370574951, 58.182182312, 183.838821411, 55.5424346924], [-7.72748756409, 256.087646484, 23.9031543732, 85.0093383789, 69.292755127, 5.80987071991, 60.5116577148, 33.9987182617, 69.8752288818, 16.5495738983, 92.1461410522, 55.5424346924, 152.143295288]],
        "icov": [[0.000138067945954, -0.000242481313762, 9.42164260778e-05, -0.000304250221234, 0.000314368720865, -0.000303648790577, 0.000339327030815, -0.000306322384859, 0.000317461002851, -0.000354854040779, 0.000297654099995, -0.000171781692188, 0.000147498838487], [-0.000242481313762, 0.0010426051449, -0.0005420363741, 0.000814029423054, -0.000892359006684, 0.0011463057017, -0.000483689887915, 0.0010478902841, -0.00130229024217, 0.00105686858296, -0.00138262251858, 0.00133093155455, -0.00098139361944], [9.42164260778e-05, -0.0005420363741, 0.0011359192431, -0.000964651524555, -3.39645011991e-05, -0.000521127716638, 0.00026281614555, -0.000468161888421, 0.000758323061746, -0.00111572793685, 0.00084609282203, -0.000501558068208, 0.000756880152039], [-0.000304250221234, 0.000814029423054, -0.000964651524555, 0.00265717925504, -0.00105879083276, -1.73905973497e-05, -0.000196995199076, 0.000624743581284, -0.000993651919998, 0.000862960354425, -0.00119714578614, 0.00142743659671, -0.00173069827724], [0.000314368720865, -0.000892359006684, -3.39645011991e-05, -0.00105879083276, 0.00394392479211, -0.00153435650282, -0.000787368800957, -0.000844162714202, 0.00072851619916, 0.000529352808371, 0.00108988326974, -0.00130286603235, 0.000302444008412], [-0.000303648790577, 0.0011463057017, -0.000521127716638, -1.73905973497e-05, -0.00153435650282, 0.00579579127952, -0.00286467280239, -0.0010349318618, 0.000777070177719, -6.04406204729e-06, -0.000565887778066, -0.000553642457817, 0.000183447657037], [0.000339327030815, -0.000483689887915, 0.00026281614555, -0.000196995199076, -0.000787368800957, -0.00286467280239, 0.00747053092346, -0.00184541381896, -0.00183703645598, 0.000879842787981, -0.000765660544857, 0.000695273920428, -0.000232799968217], [-0.000306322384859, 0.0010478902841, -0.000468161888421, 0.000624743581284, -0.000844162714202, -0.0010349318618, -0.00184541381896, 0.00926441233605, -0.00391212850809, -0.00211499608122, -0.000215294450754, -0.000512732309289, -0.000622828432824], [0.000317461002851, -0.00130229024217, 0.000758323061746, -0.000993651919998, 0.00072851619916, 0.000777070177719, -0.00183703645598, -0.00391212850809, 0.0120649812743, -0.00621012644842, -0.00177493027877, 0.0031243537087, -0.00104361283593], [-0.000354854040779, 0.00105686858296, -0.00111572793685, 0.000862960354425, 0.000529352808371, -6.04406204729e-06, 0.000879842787981, -0.00211499608122, -0.00621012644842, 0.0152816409245, -0.00439775781706, -0.00515636289492, 0.00351379625499], [0.000297654099995, -0.00138262251858, 0.00084609282203, -0.00119714578614, 0.00108988326974, -0.000565887778066, -0.000765660544857, -0.000215294450754, -0.00177493027877, -0.00439775781706, 0.014152542688, -0.00334886065684, -0.00329925050028], [-0.000171781692188, 0.00133093155455, -0.000501558068208, 0.00142743659671, -0.00130286603235, -0.000553642457817, 0.000695273920428, -0.000512732309289, 0.0031243537087, -0.00515636289492, -0.00334886065684, 0.0170741379261, -0.00759413838387], [0.000147498838487, -0.00098139361944, 0.000756880152039, -0.00173069827724, 0.000302444008412, 0.000183447657037, -0.000232799968217, -0.000622828432824, -0.00104361283593, 0.00351379625499, -0.00329925050028, -0.00759413838387, 0.0140349054709]]
    },
    "melbands": {
        "dmean": [0.00440578674898, 0.00178866751958, 0.000665629515424, 0.000512863392942, 0.000387561245589, 0.000420547090471, 0.000171250489075, 0.000282110995613, 0.000140897594974, 0.000177300185896, 3.91664216295e-05, 4.81412607769e-05, 0.000105310420622, 2.87880429823e-05, 3.69737026631e-05, 3.21940678987e-05, 2.97587575915e-05, 2.0344652512e-05, 1.55127800099e-05, 1.58216917043e-05, 1.03435022538e-05, 7.28909390091e-06, 6.45730233373e-06, 5.39318307347e-06, 3.03959404846e-06, 3.14210774377e-06, 3.24186089529e-06, 3.52553797711e-06, 2.3250167942e-06, 2.27719306167e-06, 1.82645919722e-06, 1.8902312604e-06, 2.00926365324e-06, 1.63075446835e-06, 1.71637111634e-06, 1.60412810146e-06, 1.27707835418e-06, 1.32521734031e-06, 1.25697613385e-06, 1.13439318739e-06],
        "dmean2": [0.00530100427568, 0.00265728449449, 0.00116026902106, 0.000902769446839, 0.000613448326476, 0.000641544582322, 0.000274195190286, 0.000416216207668, 0.000209970385185, 0.000257782550761, 6.49107605568e-05, 7.85332595115e-05, 0.000171996071003, 4.81764764118e-05, 6.02964355494e-05, 5.169204087e-05, 5.13506347488e-05, 3.61339043593e-05, 2.64292739303e-05, 2.66056540568e-05, 1.63814311236e-05, 1.2554193745e-05, 1.09471120595e-05, 9.0719668151e-06, 5.13489931109e-06, 5.31873638465e-06, 5.53702966499e-06, 6.08360505794e-06, 3.8224857235e-06, 3.74264823222e-06, 2.99815860672e-06, 3.08128915094e-06, 3.33948651132e-06, 2.64932918981e-06, 2.79917026091e-06, 2.64993173005e-06, 2.01155103241e-06, 2.12037139136e-06, 2.00311956178e-06, 1.7604805862e-06],
        "dvar": [7.36094734748e-05, 1.95067314053e-05, 4.21590993938e-06, 2.05271999221e-06, 6.85283737312e-07, 1.20348511246e-06, 1.3197836779e-07, 6.64954825425e-07, 1.49675543071e-07, 3.17070401934e-07, 1.5084806293e-08, 1.32792967733e-08, 9.29529946347e-08, 4.33391766919e-09, 7.3214971863e-09, 4.65712401976e-09, 4.94643126459e-09, 2.62401056439e-09, 1.91369564639e-09, 1.85994897262e-09, 1.40742451027e-09, 3.16660309085e-10, 2.27787746998e-10, 1.66052657735e-10, 4.7229154615e-11, 5.60651074177e-11, 6.78494066486e-11, 8.80413519866e-11, 2.53743241696e-11, 3.78717578131e-11, 1.54525958002e-11, 1.89728406597e-11, 2.51910992066e-11, 1.36496491193e-11, 1.40955042777e-11, 1.56756101155e-11, 7.59919037419e-12, 8.91902090377e-12, 7.99106874422e-12, 7.00107593427e-12],
        "dvar2": [0.000137198614539, 4.65432131023e-05, 1.171898748e-05, 5.84482131671e-06, 1.69466261468e-06, 2.90061848318e-06, 3.18918807807e-07, 1.43256499996e-06, 3.38313725479e-07, 7.00497650996e-07, 4.21179784382e-08, 3.53683091703e-08, 2.42179169163e-07, 1.11876250486e-08, 1.752749057e-08, 1.17988401271e-08, 1.37820386215e-08, 7.49221129581e-09, 5.24152898862e-09, 4.97092278451e-09, 2.5615995991e-09, 8.98027485707e-10, 5.90147930524e-10, 4.4676534694e-10, 1.28688101841e-10, 1.51622728262e-10, 1.86995210982e-10, 2.44236714186e-10, 6.54032453196e-11, 9.96667401387e-11, 3.8787362211e-11, 4.79557886457e-11, 6.70390964963e-11, 3.45692641179e-11, 3.65068079933e-11, 4.17256992846e-11, 1.88198172324e-11, 2.19829380393e-11, 1.95113942364e-11, 1.6592822602e-11],
        "max": [0.0899945124984, 0.0562395453453, 0.0207123123109, 0.016015375033, 0.0145882694051, 0.0214900802821, 0.00638745166361, 0.017938612029, 0.0145644973963, 0.0216689165682, 0.00479155266657, 0.00435199448839, 0.0127943893895, 0.00171466486063, 0.00210129539482, 0.0014919503592, 0.00134862877894, 0.00066696992144, 0.00167901930399, 0.00151579640806, 0.00280278455466, 0.000441488722572, 0.00037285068538, 0.000325645029079, 0.000245972711127, 0.000241981644649, 0.000166571699083, 0.000116456896649, 0.000147726663272, 0.00019919242186, 0.000161865944392, 0.000137451876071, 0.000119034186355, 0.000121140874398, 8.84600667632e-05, 7.47874510125e-05, 6.23682135483e-05, 6.97987052263e-05, 6.1932769313e-05, 5.74267905904e-05],
        "mean": [0.0143256951123, 0.00442879972979, 0.000704113801476, 0.000606181565672, 0.000770464423113, 0.000827825337183, 0.00029096569051, 0.000516493804753, 0.000279272411717, 0.000351666414645, 5.66852359043e-05, 7.52817213652e-05, 0.000143565150211, 4.35115289292e-05, 5.86209898756e-05, 5.44879876543e-05, 4.01790748583e-05, 2.46190575126e-05, 2.17834713112e-05, 2.3654773031e-05, 2.11364513234e-05, 1.0733488125e-05, 9.48811430135e-06, 8.11768950371e-06, 4.85854707222e-06, 4.95077711093e-06, 4.52547101304e-06, 4.72087731396e-06, 4.00706267101e-06, 3.75110880668e-06, 3.26722715727e-06, 3.20795379594e-06, 3.06880951939e-06, 2.8410656796e-06, 2.97436531582e-06, 2.59675857706e-06, 2.24400741899e-06, 2.17136994252e-06, 1.99442479243e-06, 1.71571059582e-06],
        "median": [0.00130694254767, 0.00180423015263, 0.000168156373547, 0.000194644235307, 0.000349282927345, 0.000251784134889, 0.000103332480649, 0.000134468762553, 0.000113472662633, 0.000111316898256, 1.4331388229e-05, 2.86343602056e-05, 4.24013924203e-05, 1.09878255898e-05, 1.53687651618e-05, 1.60943109222e-05, 8.48382296681e-06, 5.34595483259e-06, 3.9037768147e-06, 4.46255216957e-06, 2.5991421353e-06, 1.90293656033e-06, 1.62933793035e-06, 1.26176291815e-06, 8.23248285542e-07, 7.44220812976e-07, 6.59158672534e-07, 6.4611219841e-07, 5.05297407472e-07, 3.51478092853e-07, 2.68254012781e-07, 1.76484519443e-07, 1.4818746763e-07, 1.66438582028e-07, 2.53942573636e-07, 1.85964950106e-07, 1.7413731257e-07, 1.99870484607e-07, 1.65138146713e-07, 1.22027159932e-07],
        "min": [1.15252341595e-23, 3.93310151796e-24, 1.2152050413e-23, 1.93233387777e-23, 2.31541341082e-23, 2.01996291371e-23, 5.7999866041e-24, 4.44200397096e-24, 6.16496099051e-24, 1.28947392894e-23, 1.76130078714e-23, 8.01938167991e-24, 3.73991815974e-24, 1.20003169622e-23, 1.32711269154e-23, 5.33110779799e-24, 6.98703017882e-24, 1.84507181993e-23, 1.72788164152e-23, 6.69629312562e-24, 9.6654661764e-24, 8.34697273688e-24, 1.17550774617e-23, 1.23545715177e-23, 9.3275686517e-24, 5.56452976769e-24, 6.96246820568e-24, 7.39310974042e-24, 1.58315075119e-23, 8.75055949802e-24, 1.17243978722e-23, 1.86730681118e-23, 8.58253054749e-24, 7.87979195387e-24, 1.11609082167e-23, 7.56929314613e-24, 7.2654247143e-24, 8.11420276072e-24, 1.01303213975e-23, 8.72079340948e-24],
        "var": [0.000402950565331, 3.97161784349e-05, 2.94199412565e-06, 1.59492878993e-06, 1.34466017698e-06, 2.22757898882e-06, 2.54944694689e-07, 1.34004778829e-06, 3.28802656213e-07, 6.7185254693e-07, 2.46081199862e-08, 2.00155252372e-08, 1.14370266147e-07, 7.70835661967e-09, 1.37340299133e-08, 9.55625178989e-09, 6.6106884411e-09, 2.48667131331e-09, 2.66201993782e-09, 3.3389984111e-09, 1.10443796331e-08, 5.36952815544e-10, 4.48506815021e-10, 3.02362662685e-10, 9.18346301781e-11, 1.03707778476e-10, 9.27964718955e-11, 1.05467183598e-10, 6.89357321226e-11, 7.53943088516e-11, 4.41502077952e-11, 4.78503417445e-11, 4.97000010591e-11, 3.58835461345e-11, 3.16547760226e-11, 2.76154168977e-11, 1.89473350204e-11, 2.0880705151e-11, 1.5930059355e-11, 1.20972546216e-11]
    },
    "mfcc": {
        "mean": [-695.289672852, 127.419403076, 7.88393068314, 5.79302406311, 4.09584188461, 5.79744195938, 1.82592689991, 3.02645754814, 1.20339882374, 4.94206809998, 2.83766078949, 7.40930652618, 4.16391706467],
        "cov": [[13773.8955078, 348.343231201, 1190.27722168, 962.525695801, 231.622695923, 140.72328186, -170.77192688, -145.615493774, -26.2873973846, 219.683990479, 110.800636292, 146.113632202, -31.8425064087], [348.343231201, 5741.61376953, -62.0933570862, 165.976882935, -141.675582886, -671.965576172, -692.525268555, -629.793884277, -443.864959717, -171.654266357, -232.371292114, -146.855377197, -277.673187256], [1190.27722168, -62.0933570862, 1541.07836914, 639.048278809, 490.302642822, 356.842559814, 294.009307861, 197.361663818, 206.551132202, 184.739578247, 175.952209473, 121.181846619, 84.1275634766], [962.525695801, 165.976882935, 639.048278809, 703.348999023, 356.742919922, 208.231491089, 175.571792603, 114.41469574, 135.384887695, 103.385322571, 53.5330886841, 96.9236068726, 72.2661895752], [231.622695923, -141.675582886, 490.302642822, 356.742919922, 489.34954834, 286.545471191, 284.244232178, 201.492980957, 174.814910889, 97.3074188232, 54.1022567749, 79.6898117065, 77.0983352661], [140.72328186, -671.965576172, 356.842559814, 208.231491089, 286.545471191, 424.844696045, 331.673095703, 264.428344727, 200.210494995, 101.963005066, 103.887573242, 75.7473678589, 91.4545135498], [-170.77192688, -692.525268555, 294.009307861, 175.571792603, 284.244232178, 331.673095703, 453.304534912, 315.336669922, 235.000427246, 118.764450073, 108.26789093, 117.993484497, 107.832290649], [-145.615493774, -629.793884277, 197.361663818, 114.41469574, 201.492980957, 264.428344727, 315.336669922, 326.327667236, 230.497390747, 127.165008545, 112.973808289, 115.823524475, 118.498817444], [-26.2873973846, -443.864959717, 206.551132202, 135.384887695, 174.814910889, 200.210494995, 235.000427246, 230.497390747, 262.11618042, 156.289581299, 133.328521729, 123.343109131, 125.468582153], [219.683990479, -171.654266357, 184.739578247, 103.385322571, 97.3074188232, 101.963005066, 118.764450073, 127.165008545, 156.289581299, 187.734191895, 146.502532959, 130.880126953, 98.0097351074], [110.800636292, -232.371292114, 175.952209473, 53.5330886841, 54.1022567749, 103.887573242, 108.26789093, 112.973808289, 133.328521729, 146.502532959, 213.236740112, 149.546035767, 107.360267639], [146.113632202, -146.855377197, 121.181846619, 96.9236068726, 79.6898117065, 75.7473678589, 117.993484497, 115.823524475, 123.343109131, 130.880126953, 149.546035767, 209.265884399, 139.166290283], [-31.8425064087, -277.673187256, 84.1275634766, 72.2661895752, 77.0983352661, 91.4545135498, 107.832290649, 118.498817444, 125.468582153, 98.0097351074, 107.360267639, 139.166290283, 181.931640625]],
