{
"lowlevel": {
    "average_loudness": 0.644902050495,
    "barkbands_crest": {
        "dmean": 1.98577713966,
        "dmean2": 2.98302745819,
        "dvar": 4.89242649078,
        "dvar2": 10.9846200943,
        "max": 26.2555885315,
        "mean": 12.9992465973,
        "median": 12.143740654,
        "min": 1.99123799801,
        "var": 37.5704612732
    },
    "barkbands_flatness_db": {
        "dmean": 0.0196869242936,
        "dmean2": 0.0294635090977,
        "dvar": 0.000486083154101,
        "dvar2": 0.00103936810046,
        "max": 0.515761733055,
        "mean": 0.160734206438,
        "median": 0.153468757868,
        "min": 0.0125424126163,
        "var": 0.00657764915377
    },
    "barkbands_kurtosis": {
        "dmean": 4.90360021591,
        "dmean2": 7.07141542435,
        "dvar": 141.622329712,
        "dvar2": 257.554870605,
        "max": 381.708099365,
        "mean": 14.4913396835,
        "median": 3.32219648361,
        "min": -1.73544645309,
        "var": 783.290405273
    },
    "barkbands_skewness": {
        "dmean": 0.559188067913,
        "dmean2": 0.822183549404,
        "dvar": 0.526869356632,
        "dvar2": 0.983363389969,
        "max": 15.2776317596,
        "mean": 2.63968086243,
        "median": 1.83792805672,
        "min": -2.53602433205,
        "var": 5.69549322128
    },
    "barkbands_spread": {
        "dmean": 4.47699308395,
        "dmean2": 6.9270567894,
        "dvar": 34.7725944519,
        "dvar2": 80.305809021,
        "max": 75.7097244263,
        "mean": 20.1942958832,
        "median": 16.4000854492,
        "min": 0.195251852274,
        "var": 201.712051392
    },
    "dissonance": {
        "dmean": 0.0150854326785,
        "dmean2": 0.025356117636,
        "dvar": 0.000261670880718,
        "dvar2": 0.000710303895175,
        "max": 0.5,
        "mean": 0.465481877327,
        "median": 0.474315881729,
        "min": 0.247514352202,
        "var": 0.000948191503994
    },
    "dynamic_complexity": 3.92454528809,
    "erbbands_crest": {
        "dmean": 2.20586895943,
        "dmean2": 3.56908798218,
        "dvar": 5.00591039658,
        "dvar2": 12.6785030365,
        "max": 28.2887077332,
        "mean": 7.42955160141,
        "median": 6.48229026794,
        "min": 2.25717520714,
        "var": 14.5836439133
    },
    "erbbands_flatness_db": {
        "dmean": 0.0122024454176,
        "dmean2": 0.018483210355,
        "dvar": 0.000156269947183,
        "dvar2": 0.000335866090609,
        "max": 0.438161224127,
        "mean": 0.141018629074,
        "median": 0.112176246941,
        "min": 0.0447835251689,
        "var": 0.00666652387008
    },
    "erbbands_kurtosis": {
        "dmean": 0.536444246769,
        "dmean2": 0.833326041698,
        "dvar": 2.15561914444,
        "dvar2": 4.04096412659,
        "max": 72.5109939575,
        "mean": -0.100736558437,
        "median": -0.536949872971,
        "min": -1.66411173344,
        "var": 8.03798961639
    },
    "erbbands_skewness": {
        "dmean": 0.274064838886,
        "dmean2": 0.425703853369,
        "dvar": 0.0757425501943,
        "dvar2": 0.17410440743,
        "max": 7.07403087616,
        "mean": 0.21425768733,
        "median": 0.138928875327,
        "min": -2.26825261116,
        "var": 0.360335081816
    },
    "erbbands_spread": {
        "dmean": 6.85737800598,
        "dmean2": 10.5078229904,
        "dvar": 48.5862007141,
        "dvar2": 106.400466919,
        "max": 134.130401611,
        "mean": 47.8875312805,
        "median": 47.4711647034,
        "min": 2.40641641617,
        "var": 508.563018799
    },
    "hfc": {
        "dmean": 9.12648487091,
        "dmean2": 13.6307601929,
        "dvar": 337.929168701,
        "dvar2": 804.276123047,
        "max": 388.186553955,
        "mean": 27.5235309601,
        "median": 23.013999939,
        "min": 1.2106473832e-16,
        "var": 706.412536621
    },
    "melbands_crest": {
        "dmean": 2.82860851288,
        "dmean2": 4.47368526459,
        "dvar": 10.9572019577,
        "dvar2": 27.8248157501,
        "max": 37.1833190918,
        "mean": 20.434091568,
        "median": 19.3718700409,
        "min": 1.64024651051,
        "var": 102.420089722
    },
    "melbands_flatness_db": {
        "dmean": 0.0226896908134,
        "dmean2": 0.0337577983737,
        "dvar": 0.000726412923541,
        "dvar2": 0.00153539434541,
        "max": 0.634498536587,
        "mean": 0.227512300014,
        "median": 0.227546721697,
        "min": 0.00379414274357,
        "var": 0.00983805209398
    },
    "melbands_kurtosis": {
        "dmean": 14.6122617722,
        "dmean2": 21.9524173737,
        "dvar": 966.179321289,
        "dvar2": 1955.67431641,
        "max": 660.139648438,
        "mean": 46.0439720154,
        "median": 12.7111673355,
        "min": -1.57489359379,
        "var": 5659.78369141
    },
    "melbands_skewness": {
        "dmean": 0.869191765785,
        "dmean2": 1.29532134533,
        "dvar": 1.27829515934,
        "dvar2": 2.55627918243,
        "max": 21.0756874084,
        "mean": 4.49701309204,
        "median": 3.13338470459,
        "min": -1.12463748455,
        "var": 13.7950019836
    },
    "melbands_spread": {
        "dmean": 5.33874464035,
        "dmean2": 8.24021530151,
        "dvar": 67.2043609619,
        "dvar2": 153.621734619,
        "max": 190.867126465,
        "mean": 19.50299263,
        "median": 13.7530765533,
        "min": 0.278493285179,
        "var": 331.543731689
    },
    "pitch_salience": {
        "dmean": 0.0677814036608,
        "dmean2": 0.107012070715,
        "dvar": 0.00618077116087,
        "dvar2": 0.014841969125,
        "max": 0.979806780815,
        "mean": 0.440593153238,
        "median": 0.46807128191,
        "min": 0.0605549141765,
        "var": 0.0337709710002
    },
    "silence_rate_20dB": {
        "dmean": 0.00132919801399,
        "dmean2": 0.00265869055875,
        "dvar": 0.00132755225059,
        "dvar2": 0.00375984446146,
        "max": 1,
        "mean": 0.999224722385,
        "median": 1,
        "min": 0,
        "var": 0.000774584361352
    },
    "silence_rate_30dB": {
        "dmean": 0.030350022018,
        "dmean2": 0.0607067681849,
        "dvar": 0.0294258315116,
        "dvar2": 0.0638916492462,
        "max": 1,
        "mean": 0.65765863657,
        "median": 1,
        "min": 0,
        "var": 0.22513435781
    },
    "silence_rate_60dB": {
        "dmean": 0.0358883477747,
        "dmean2": 0.071784645319,
        "dvar": 0.0345946401358,
        "dvar2": 0.0768125429749,
        "max": 1,
        "mean": 0.119614578784,
        "median": 0,
        "min": 0,
        "var": 0.105298005044
    },
    "spectral_centroid": {
        "dmean": 242.871154785,
        "dmean2": 372.428894043,
        "dvar": 77171.40625,
        "dvar2": 163011.734375,
        "max": 11075.3027344,
        "mean": 1527.51501465,
        "median": 1530.07019043,
        "min": 172.95741272,
        "var": 438862.9375
    },
    "spectral_complexity": {
        "dmean": 4.22108983994,
        "dmean2": 6.5357260704,
        "dvar": 26.9848136902,
        "dvar2": 56.3047599792,
        "max": 61,
        "mean": 20.4474468231,
        "median": 19,
        "min": 0,
        "var": 151.781784058
    },
    "spectral_decrease": {
        "dmean": 2.79953238369e-09,
        "dmean2": 3.80278075696e-09,
        "dvar": 2.83895268371e-17,
        "dvar2": 4.71844136956e-17,
        "max": 9.66391803418e-29,
        "mean": -1.88447355498e-08,
        "median": -6.7905854273e-09,
        "min": -9.58792227834e-08,
        "var": 4.20514615332e-16
    },
    "spectral_energy": {
        "dmean": 0.0110098039731,
        "dmean2": 0.0149705484509,
        "dvar": 0.000416166265495,
        "dvar2": 0.000694633286912,
        "max": 0.366997599602,
        "mean": 0.0736207515001,
        "median": 0.0288551021367,
        "min": 1.06161935013e-20,
        "var": 0.00615214928985
    },
    "spectral_energyband_high": {
        "dmean": 0.000703426601831,
        "dmean2": 0.00108073430602,
        "dvar": 2.51658389061e-06,
        "dvar2": 6.10292090641e-06,
        "max": 0.0416509881616,
        "mean": 0.00165234634187,
        "median": 0.00108366075438,
        "min": 7.88164667946e-21,
        "var": 4.4394582801e-06
    },
    "spectral_energyband_low": {
        "dmean": 0.00916207861155,
        "dmean2": 0.0130895813927,
        "dvar": 0.000490110716783,
        "dvar2": 0.000858123297803,
        "max": 0.350253582001,
        "mean": 0.0590639635921,
        "median": 0.0112666040659,
        "min": 1.01712765313e-22,
        "var": 0.00568767031655
    },
    "spectral_energyband_middle_high": {
        "dmean": 0.0017677716678,
        "dmean2": 0.00282056815922,
        "dvar": 8.08472123026e-06,
        "dvar2": 1.98932884814e-05,
        "max": 0.0512123070657,
        "mean": 0.00453814445063,
        "median": 0.00340092787519,
        "min": 1.42939849172e-21,
        "var": 1.89129095816e-05
    },
    "spectral_energyband_middle_low": {
        "dmean": 0.00498260464519,
        "dmean2": 0.00814760662615,
        "dvar": 0.000178852991667,
        "dvar2": 0.000490452803206,
        "max": 0.202223047614,
        "mean": 0.00938394106925,
        "median": 0.00667728763074,
        "min": 2.7477178959e-22,
        "var": 0.000156444875756
    },
    "spectral_entropy": {
        "dmean": 0.132999226451,
        "dmean2": 0.206325635314,
        "dvar": 0.0244585890323,
        "dvar2": 0.0556380078197,
        "max": 9.81278991699,
        "mean": 7.70502948761,
        "median": 7.93662166595,
        "min": 4.27911186218,
        "var": 0.409785866737
    },
    "spectral_flux": {
        "dmean": 0.027279868722,
        "dmean2": 0.0375916734338,
        "dvar": 0.00184260483366,
        "dvar2": 0.00268038059585,
        "max": 0.586243987083,
        "mean": 0.0848654136062,
        "median": 0.0655070766807,
        "min": 1.03034913934e-10,
        "var": 0.00648292945698
    },
    "spectral_kurtosis": {
        "dmean": 2.20724892616,
        "dmean2": 3.82457232475,
        "dvar": 35.3908309937,
        "dvar2": 103.114997864,
        "max": 165.725692749,
        "mean": 6.29852390289,
        "median": 2.72691249847,
        "min": -1.19212400913,
        "var": 176.379440308
    },
    "spectral_rms": {
        "dmean": 0.00067751808092,
        "dmean2": 0.000926699896809,
        "dvar": 1.01142484255e-06,
        "dvar2": 1.75389777723e-06,
        "max": 0.0189221147448,
        "mean": 0.00702579179779,
        "median": 0.00530578149483,
        "min": 3.21827005149e-12,
        "var": 2.24635568884e-05
    },
    "spectral_rolloff": {
        "dmean": 486.140716553,
        "dmean2": 776.397583008,
        "dvar": 918650.1875,
        "dvar2": 2032566.375,
        "max": 18776.953125,
        "mean": 1517.15625,
        "median": 689.0625,
        "min": 43.06640625,
        "var": 4839106
    },
    "spectral_skewness": {
        "dmean": 0.212871640921,
        "dmean2": 0.362410575151,
        "dvar": 0.133826211095,
        "dvar2": 0.400619268417,
        "max": 10.2565097809,
        "mean": 1.61375570297,
        "median": 1.36272168159,
        "min": -0.0108489086851,
        "var": 0.88115477562
    },
    "spectral_spread": {
        "dmean": 417175.1875,
        "dmean2": 637062.375,
        "dvar": 321074888704,
        "dvar2": 532714520576,
        "max": 41322844,
        "mean": 5266000,
        "median": 5790673.5,
        "min": 547583.125,
        "var": 3.77983336448e+12
    },
    "spectral_strongpeak": {
        "dmean": 0.291661947966,
        "dmean2": 0.4886521101,
        "dvar": 0.297814399004,
        "dvar2": 0.800261080265,
        "max": 7.28329324722,
        "mean": 0.728908777237,
        "median": 0.515159547329,
        "min": 0,
        "var": 0.49849691987
    },
    "zerocrossingrate": {
        "dmean": 0.0103142112494,
        "dmean2": 0.0121361175552,
        "dvar": 0.000167261139723,
        "dvar2": 0.000196632841835,
        "max": 0.666015625,
        "mean": 0.0640067011118,
        "median": 0.04443359375,
        "min": 0.001953125,
        "var": 0.00334980804473
    },
    "barkbands": {
        "dmean": [0.00149601779412, 0.00807498116046, 0.00453560519964, 0.00228206859902, 0.00160627113655, 0.000984865473583, 0.000791719299741, 0.000508125347551, 0.000685539504047, 0.000388327491237, 0.00041897999472, 0.000290786556434, 0.000396497111069, 0.000310059636831, 0.000289735908154, 0.000192288323888, 0.000272642908385, 0.000192834064364, 0.000206333221286, 0.000146547725308, 0.000169785809703, 0.00013959678472, 0.000121205979667, 0.000116777635412, 0.000108986852865, 9.25500062294e-05, 3.25687324221e-05],
        "dmean2": [0.00212634028867, 0.0108601506799, 0.00756331300363, 0.00410479865968, 0.00271958997473, 0.00155172613449, 0.00123392534442, 0.000830159522593, 0.00105991447344, 0.000627143192105, 0.000683027843479, 0.000467020086944, 0.00065454619471, 0.000525926589034, 0.000480999588035, 0.000328009482473, 0.000461907504359, 0.000326201727148, 0.000343123159837, 0.000239562577917, 0.000279961357592, 0.00022852953407, 0.000198631896637, 0.000185011173016, 0.000167039543157, 0.000141642085509, 5.12646329298e-05],
        "dvar": [1.22561541502e-05, 0.000482828269014, 0.000332072610036, 8.04766823421e-05, 2.35279858316e-05, 3.90118293581e-06, 2.76271066468e-06, 1.81421614798e-06, 1.95323650587e-06, 6.26301300599e-07, 6.61586966544e-07, 4.9723672646e-07, 6.72378234867e-07, 4.65574231612e-07, 2.54965016211e-07, 1.72342041083e-07, 2.59961552729e-07, 1.52429961986e-07, 1.96970489696e-07, 6.62297168219e-08, 1.24655741729e-07, 8.40611420472e-08, 7.38472607509e-08, 7.43757624377e-08, 5.43873106551e-08, 5.73346738975e-08, 6.69261268627e-09],
        "dvar2": [2.5546814868e-05, 0.00078900065273, 0.000864419562276, 0.000232706486713, 6.73881659168e-05, 9.76932369667e-06, 6.62078446112e-06, 4.47131151304e-06, 4.57667374576e-06, 1.56463806888e-06, 1.68747021689e-06, 1.1363191561e-06, 1.67021210018e-06, 1.22800622648e-06, 6.7206121912e-07, 4.68731172987e-07, 6.88547061145e-07, 4.02073936812e-07, 5.04332433593e-07, 1.68908002252e-07, 3.23712129102e-07, 2.16559342903e-07, 1.75731884156e-07, 1.87798647744e-07, 1.22514919099e-07, 1.37072419193e-07, 1.58976156683e-08],
        "max": [0.0660533830523, 0.321798413992, 0.212608829141, 0.120903387666, 0.0580389350653, 0.0302658304572, 0.0299312118441, 0.026980035007, 0.0299169365317, 0.0177199393511, 0.0189457274973, 0.021531123668, 0.0227329153568, 0.0138006703928, 0.0107272192836, 0.0123149575666, 0.00847472716123, 0.00535035133362, 0.0109999189153, 0.003282048041, 0.0065160212107, 0.00832174438983, 0.00679623708129, 0.0077580306679, 0.00313546997495, 0.00668916059658, 0.00210341578349],
        "mean": [0.00804610457271, 0.0455701127648, 0.00454526860267, 0.0021103345789, 0.0023271900136, 0.00162428664044, 0.00132315931842, 0.000700681994203, 0.00107428268529, 0.000601852429099, 0.000621023122221, 0.000437815644545, 0.000557508552447, 0.00045039516408, 0.000436812319094, 0.000285466347123, 0.000425815203926, 0.000323635089444, 0.000360888428986, 0.000282007677015, 0.000323573942296, 0.000284003879642, 0.000237438842305, 0.000235669780523, 0.00021316827042, 0.000171306674019, 5.0861548516e-05],
        "median": [0.000140148375067, 0.00467254407704, 0.000648713496048, 0.000422157143475, 0.00101718481164, 0.000691307417583, 0.000554895610549, 0.000219156165258, 0.000503009650856, 0.000263696652837, 0.000289166491712, 0.000200688577024, 0.000287075905362, 0.000199730697204, 0.000212299128179, 0.000148335820995, 0.000224165778491, 0.000177666064701, 0.000212113707676, 0.000179349764949, 0.000205487362109, 0.000171316089109, 0.000148198480019, 0.000138394272653, 0.000107008323539, 4.47370148322e-05, 3.42179441759e-06],
        "min": [1.44478069877e-22, 1.62242750457e-23, 2.26691045583e-23, 1.13399528209e-23, 6.35117342156e-23, 5.06368489775e-23, 3.20538987578e-23, 3.59627802738e-23, 6.59886627947e-23, 4.40284885993e-23, 5.47017482479e-23, 9.77299328204e-23, 7.25844929064e-23, 6.5995699434e-23, 9.05477455533e-23, 9.8177305306e-23, 1.76548092952e-22, 1.7793666485e-22, 3.25636329069e-22, 4.63496297713e-22, 2.70894001816e-22, 3.16009297773e-22, 5.33836134246e-22, 1.01673058473e-21, 1.37258354288e-21, 1.62160145992e-21, 2.75296471707e-21],
        "var": [0.000154840643518, 0.00398840708658, 0.00024870026391, 4.92687395308e-05, 1.86423367268e-05, 7.09175310476e-06, 4.88955220135e-06, 2.58763043348e-06, 3.59741943612e-06, 1.06408742795e-06, 1.05308572529e-06, 8.13929716514e-07, 9.1317491524e-07, 6.99246527347e-07, 4.22629369723e-07, 2.26615725296e-07, 3.88515644545e-07, 2.14568061097e-07, 3.25789187627e-07, 1.18597391463e-07, 1.82928630466e-07, 1.44659793477e-07, 1.13927214329e-07, 1.14170113363e-07, 1.01803202313e-07, 1.03033421794e-07, 1.52363437422e-08]
    },
    "erbbands": {
        "dmean": [0.364803195, 1.84811007977, 4.74829864502, 6.84390115738, 5.51788187027, 5.84277772903, 6.76081466675, 7.870054245, 9.45117950439, 13.6503763199, 10.8291893005, 17.1889514923, 11.5814466476, 11.4040136337, 15.1992635727, 13.4463005066, 19.1514606476, 14.3267116547, 13.8999977112, 15.2159843445, 10.6591129303, 12.922164917, 10.8580389023, 11.3849029541, 8.41066932678, 7.397397995, 6.79613876343, 6.52001476288, 5.12662315369, 4.23947525024, 3.30871248245, 2.47536301613, 2.0267727375, 1.30701589584, 0.776968598366, 0.416738033295, 0.179332524538, 0.0525144375861, 0.00512591656297, 7.92959181126e-05],
        "dmean2": [0.455185234547, 2.45053744316, 7.72322797775, 11.9733705521, 9.76034927368, 9.72090816498, 10.9320611954, 12.4544429779, 14.6415147781, 21.8801021576, 17.2393703461, 26.587896347, 18.5735301971, 18.6420307159, 24.770324707, 21.5752429962, 31.5145111084, 24.0433654785, 23.3160552979, 25.0370979309, 18.1685581207, 21.8977451324, 18.2127761841, 19.0428848267, 13.8899259567, 12.1073322296, 11.2821035385, 10.7716369629, 8.37537479401, 6.91476202011, 5.42064380646, 3.97871088982, 3.24534487724, 2.04206943512, 1.18691205978, 0.636673629284, 0.278018563986, 0.0805626064539, 0.00815493986011, 0.000121938268421],
        "dvar": [0.894933462143, 33.4470443726, 349.657470703, 701.73248291, 418.89175415, 279.735321045, 239.519943237, 239.216522217, 428.283447266, 983.656066895, 1064.05407715, 1316.41235352, 504.496124268, 805.242736816, 825.544677734, 1103.70581055, 1652.13769531, 982.11895752, 771.745300293, 831.385864258, 524.901855469, 547.832824707, 457.522003174, 636.183288574, 276.62197876, 170.850799561, 209.3543396, 174.912750244, 126.53515625, 82.1310272217, 56.3242034912, 31.7290000916, 22.9891452789, 7.75921869278, 2.95600986481, 1.24541187286, 0.210407704115, 0.0156882815063, 0.000181212177267, 3.70890198553e-08],
        "dvar2": [1.33493709564, 58.1459846497, 845.758483887, 1942.76708984, 1213.45959473, 790.046875, 615.079040527, 587.300292969, 1040.21582031, 2315.07617188, 2600.88549805, 3030.12231445, 1232.34729004, 2219.93920898, 2080.81445312, 2473.08374023, 4096.64990234, 2558.96655273, 2025.55822754, 2067.64135742, 1421.12365723, 1450.75024414, 1198.72192383, 1626.21398926, 691.452270508, 433.225006104, 546.711914062, 451.993347168, 334.277374268, 197.396560669, 135.408859253, 77.7151184082, 58.9135780334, 17.889093399, 6.74982404709, 2.99271035194, 0.509279251099, 0.0368803814054, 0.000441481621237, 8.88751046091e-08],
        "max": [16.1231040955, 72.4821624756, 217.889907837, 323.056884766, 289.772155762, 260.141845703, 220.785263062, 276.480651855, 424.476287842, 716.110473633, 743.233520508, 835.38067627, 465.408599854, 1332.9967041, 569.061035156, 1099.19213867, 1202.29589844, 684.769775391, 597.843078613, 612.024597168, 532.416137695, 315.538879395, 278.907745361, 697.485229492, 212.427474976, 180.469207764, 298.599853516, 205.646591187, 386.888183594, 198.584899902, 190.668746948, 156.843948364, 120.386688232, 38.0498542786, 27.4394187927, 29.7414550781, 12.2177991867, 2.7804453373, 0.305492460728, 0.00420552445576],
        "mean": [2.34852647781, 6.03759479523, 5.71384477615, 6.9163274765, 6.21777534485, 8.76520061493, 10.8978061676, 13.4658441544, 15.8338270187, 21.5371265411, 16.6229553223, 27.1681995392, 18.9001712799, 18.4695625305, 24.3312034607, 21.7152996063, 27.7564411163, 21.7347412109, 22.037355423, 23.61028862, 17.0170841217, 20.9506263733, 18.8795528412, 20.1571426392, 15.4244880676, 14.1911354065, 12.6735153198, 12.7027988434, 10.2651720047, 8.39337348938, 6.54257297516, 4.92880153656, 3.9010925293, 2.55839061737, 1.42965769768, 0.754580318928, 0.319001853466, 0.091261819005, 0.00751797342673, 0.000197966262931],
        "median": [0.0872130095959, 0.93469107151, 1.13444387913, 1.55059373379, 1.7618418932, 3.43846940994, 5.14058065414, 6.00465488434, 6.82256317139, 8.37406253815, 6.77307748795, 12.386177063, 9.0005569458, 9.47964477539, 12.4483318329, 11.097776413, 14.6203184128, 10.7513866425, 10.8683071136, 11.7996788025, 9.57318115234, 12.0984153748, 10.9113712311, 11.376367569, 9.7540063858, 8.98895359039, 8.15362644196, 7.82004880905, 6.05593156815, 5.19003486633, 3.99574518204, 2.81327605247, 2.19173145294, 1.28692603111, 0.639971494675, 0.255731910467, 0.0707004293799, 0.0127192074433, 0.00049787608441, 0.000123895093566],
        "min": [1.0436058767e-21, 3.39442207752e-21, 2.11642690022e-20, 3.63151772892e-20, 1.24260506259e-19, 2.34545537575e-19, 1.51133019422e-19, 5.47788831833e-19, 4.00444519337e-19, 7.18769442592e-19, 9.61201862965e-19, 1.58735297804e-18, 1.18183274922e-18, 1.91126180987e-18, 2.53157819971e-18, 4.09808643311e-18, 3.12149094574e-18, 3.61311995255e-18, 4.88064106521e-18, 3.48341968686e-18, 6.33011999234e-18, 1.02043490178e-17, 1.14388573522e-17, 1.52179444772e-17, 1.80638444855e-17, 2.13361312841e-17, 1.39486507165e-17, 9.92559907756e-18, 8.43673270478e-18, 1.30494557598e-17, 1.91596701999e-17, 1.98112916536e-17, 1.69555531592e-17, 1.14743442277e-17, 1.15799313513e-17, 5.88439206491e-18, 3.19568904669e-18, 1.31141989796e-18, 3.64439208429e-19, 4.39459475205e-20],
        "var": [10.7081794739, 120.190414429, 321.68838501, 468.080413818, 279.464324951, 249.140182495, 306.732299805, 475.246826172, 747.583740234, 1691.76843262, 1604.9630127, 2507.04345703, 908.036254883, 935.178222656, 1439.21496582, 1893.56689453, 2258.45410156, 1417.20849609, 1280.33972168, 1483.27307129, 627.581542969, 802.838684082, 647.438842773, 1157.40161133, 425.021514893, 309.383148193, 289.873809814, 282.600524902, 197.142868042, 133.774551392, 87.3254013062, 50.1256256104, 33.7281723022, 14.3188896179, 5.13137531281, 2.02677536011, 0.391236484051, 0.037658277899, 0.000323256797856, 7.8011034077e-08]
    },
    "gfcc": {
        "mean": [-5.2350897789, 73.9623260498, -112.286575317, 24.0840549469, -53.2498512268, 12.2263679504, -31.8945827484, 8.8811674118, -19.9847202301, 5.79580402374, -11.1130723953, 3.52216434479, -9.26811599731],
        "cov": [[20251.53125, -3818.99682617, 2584.99609375, 2644.4387207, 274.950744629, 1927.88745117, 394.324859619, 1224.84411621, -34.3658370972, 1013.8626709, -282.731018066, 798.591064453, -164.309844971], [-3818.99682617, 4145.26123047, -798.988098145, -245.765594482, 366.841033936, -506.842163086, 202.114273071, -469.768981934, 187.624435425, -562.505859375, 374.143585205, -369.261047363, 309.199707031], [2584.99609375, -798.988098145, 1648.3470459, 830.209777832, 361.094909668, 668.734741211, 150.050491333, 356.151885986, 13.0723352432, 253.484024048, -65.0510787964, 252.551208496, -32.9059944153], [2644.4387207, -245.765594482, 830.209777832, 1007.02062988, 232.873275757, 628.014038086, 196.536193848, 308.707672119, 75.7893066406, 178.775939941, 50.9260864258, 146.773239136, 49.2866134644], [274.950744629, 366.841033936, 361.094909668, 232.873275757, 422.9894104, 164.485122681, 189.374649048, 66.0886306763, 81.6559906006, 11.1069831848, 49.9686775208, 28.0849819183, 18.4151515961], [1927.88745117, -506.842163086, 668.734741211, 628.014038086, 164.485122681, 625.878540039, 167.578552246, 312.444030762, 61.0432815552, 188.576599121, 28.9231128693, 154.329238892, 27.5936756134], [394.324859619, 202.114273071, 150.050491333, 196.536193848, 189.374649048, 167.578552246, 224.508544922, 102.741249084, 99.240776062, 32.7069969177, 62.4244003296, 25.2752151489, 42.190574646], [1224.84411621, -469.768981934, 356.151885986, 308.707672119, 66.0886306763, 312.444030762, 102.741249084, 278.992523193, 74.9757003784, 165.165145874, 14.1584386826, 110.935081482, 5.73777294159], [-34.3658370972, 187.624435425, 13.0723352432, 75.7893066406, 81.6559906006, 61.0432815552, 99.240776062, 74.9757003784, 142.354690552, 51.5180473328, 68.9360809326, 4.61962080002, 46.5385971069], [1013.8626709, -562.505859375, 253.484024048, 178.775939941, 11.1069831848, 188.576599121, 32.7069969177, 165.165145874, 51.5180473328, 210.597076416, 29.2508449554, 104.570518494, -1.14215433598], [-282.731018066, 374.143585205, -65.0510787964, 50.9260864258, 49.9686775208, 28.9231128693, 62.4244003296, 14.1584386826, 68.9360809326, 29.2508449554, 163.475097656, 28.3324623108, 83.7457809448], [798.591064453, -369.261047363, 252.551208496, 146.773239136, 28.0849819183, 154.329238892, 25.2752151489, 110.935081482, 4.61962080002, 104.570518494, 28.3324623108, 148.885177612, 31.4863414764], [-164.309844971, 309.199707031, -32.9059944153, 49.2866134644, 18.4151515961, 27.5936756134, 42.190574646, 5.73777294159, 46.5385971069, -1.14215433598, 83.7457809448, 31.4863414764, 120.299224854]],
        "icov": [[0.00011307051318, -5.6333723478e-05, 8.90377705218e-05, -0.000276892038528, 5.61864144402e-05, 1.89869260794e-05, -0.000159768067533, -2.68947314908e-05, 0.000218988192501, -0.000443538796389, 0.000453506712802, -0.000428939471021, 0.000189018741366], [-5.6333723478e-05, 0.00137830653694, -0.000298877042951, -0.000134704911034, -0.000821803347208, 0.000570579897612, 0.000217123480979, 8.70757867233e-05, -0.000871477648616, 0.00316351163201, -0.00286995037459, 0.00260674022138, -0.00204868079163], [8.90377705218e-05, -0.000298877042951, 0.00194989482407, -0.000903474341612, -0.00115627469495, -0.000712829001714, 0.000577105674893, -7.88751458458e-06, 0.000587039336096, -0.00147244113032, 0.00217082654126, -0.00233520544134, 0.000790712074377], [-0.000276892038528, -0.000134704911034, -0.000903474341612, 0.00381139153615, 1.63713466463e-05, -0.00256305932999, 0.000137046314194, -0.000140695483424, -0.000188854304724, 0.000600725179538, -0.00120875111315, 0.00164625397883, -0.000807231233921], [5.61864144402e-05, -0.000821803347208, -0.00115627469495, 1.63713466463e-05, 0.00577050633729, -0.000189318219782, -0.00393034424633, 0.00139973149635, -0.000947828928474, -0.000585479487199, 0.000558584928513, -0.0019229935715, 0.00281332060695], [1.89869260794e-05, 0.000570579897612, -0.000712829001714, -0.00256305932999, -0.000189318219782, 0.00747744413093, -0.00168315425981, -0.00416312878951, 0.00178209401201, 0.000663508137222, -0.00125945021864, 0.000754459004384, -0.00148661457933], [-0.000159768067533, 0.000217123480979, 0.000577105674893, 0.000137046314194, -0.00393034424633, -0.00168315425981, 0.0116530703381, -0.00212664506398, -0.00443140091375, 0.00292559177615, -0.00164383393712, 0.00099036435131, -0.00104507454671], [-2.68947314908e-05, 8.70757867233e-05, -7.88751458458e-06, -0.000140695483424, 0.00139973149635, -0.00416312878951, -0.00212664506398, 0.0140112200752, -0.00517203938216, -0.00378060457297, 0.00214107404463, -0.00353234400973, 0.00201214104891], [0.000218988192501, -0.000871477648616, 0.000587039336096, -0.000188854304724, -0.000947828928474, 0.00178209401201, -0.00443140091375, -0.00517203938216, 0.0174669045955, -0.00687893573195, -0.000342190760421, 0.0038391193375, -0.00327498326078], [-0.000443538796389, 0.00316351163201, -0.00147244113032, 0.000600725179538, -0.000585479487199, 0.000663508137222, 0.00292559177615, -0.00378060457297, -0.00687893573195, 0.020898906514, -0.010255032219, 0.00150583125651, -0.000689558102749], [0.000453506712802, -0.00286995037459, 0.00217082654126, -0.00120875111315, 0.000558584928513, -0.00125945021864, -0.00164383393712, 0.00214107404463, -0.000342190760421, -0.010255032219, 0.0194144584239, -0.00831248238683, -0.00154190033209], [-0.000428939471021, 0.00260674022138, -0.00233520544134, 0.00164625397883, -0.0019229935715, 0.000754459004384, 0.00099036435131, -0.00353234400973, 0.0038391193375, 0.00150583125651, -0.00831248238683, 0.0224299263209, -0.0102114826441], [0.000189018741366, -0.00204868079163, 0.000790712074377, -0.000807231233921, 0.00281332060695, -0.00148661457933, -0.00104507454671, 0.00201214104891, -0.00327498326078, -0.000689558102749, -0.00154190033209, -0.0102114826441, 0.0195707827806]]
    },
    "melbands": {
        "dmean": [0.00259570684284, 0.00223149685189, 0.00110332877375, 0.000384085054975, 0.000237641157582, 0.000179065580596, 0.000146734571899, 0.000139420691994, 9.73610876827e-05, 0.000100875011412, 5.81114509259e-05, 4.69044607598e-05, 5.98260485276e-05, 3.27634443238e-05, 4.38476345153e-05, 3.23830608977e-05, 2.93745815725e-05, 2.43520098593e-05, 1.89810252778e-05, 1.74907472683e-05, 1.38271971082e-05, 1.40398733492e-05, 1.42815633808e-05, 9.78274420049e-06, 9.89628279058e-06, 7.42144857213e-06, 5.42725774721e-06, 5.00311398355e-06, 4.35340962213e-06, 4.54127211924e-06, 3.97089934268e-06, 3.22511846207e-06, 2.65891253548e-06, 2.46998001785e-06, 2.11295082408e-06, 1.73539274329e-06, 1.55587974859e-06, 1.53564087668e-06, 1.32508375827e-06, 1.10204553039e-06],
        "dmean2": [0.00331305107102, 0.00317763327621, 0.00191097066272, 0.000658930977806, 0.000381522695534, 0.000281845481368, 0.000227339041885, 0.000224266914302, 0.000153440982103, 0.00015674016322, 9.3338523584e-05, 7.65783915995e-05, 9.73284768406e-05, 5.27454940311e-05, 7.17085422366e-05, 5.35399267392e-05, 4.94762171002e-05, 4.10124666814e-05, 3.15424877044e-05, 2.90283805953e-05, 2.35985589825e-05, 2.38846132561e-05, 2.41159050347e-05, 1.64325374499e-05, 1.66456120496e-05, 1.2334636267e-05, 9.03583531908e-06, 8.25076040201e-06, 7.21928245184e-06, 7.63130992709e-06, 6.59240549794e-06, 5.35166964255e-06, 4.29232295573e-06, 4.08895721193e-06, 3.49236074726e-06, 2.86058684651e-06, 2.50639209298e-06, 2.51463438872e-06, 2.10384496313e-06, 1.74093111127e-06],
        "dvar": [4.18939453084e-05, 5.80724590691e-05, 1.73181924765e-05, 1.57169517934e-06, 2.75784657333e-07, 1.18391135118e-07, 1.01117187512e-07, 9.75357536959e-08, 7.03684150949e-08, 4.49493597898e-08, 1.28625279316e-08, 1.39745077732e-08, 1.27991155452e-08, 5.45117861961e-09, 7.79744979695e-09, 4.18144274761e-09, 4.63990934563e-09, 2.57144550098e-09, 1.10115383478e-09, 1.2174994346e-09, 9.43570777068e-10, 6.57549403815e-10, 9.15728104456e-10, 4.11924466759e-10, 5.21927667751e-10, 2.3255464221e-10, 1.00392583136e-10, 7.69123514877e-11, 8.35381000486e-11, 9.20437337459e-11, 5.87962872833e-11, 4.90895935013e-11, 2.99926125602e-11, 2.8857118084e-11, 2.26220153721e-11, 1.32831540905e-11, 1.30054543523e-11, 1.3176219664e-11, 7.95865543607e-12, 5.32036090531e-12],
        "dvar2": [6.36333425064e-05, 0.000120596443594, 4.70224040328e-05, 4.5197698455e-06, 7.23902985555e-07, 2.91036059252e-07, 2.4644262453e-07, 2.34332006244e-07, 1.71322511733e-07, 1.0568194142e-07, 3.12092041099e-08, 3.81270197636e-08, 3.20416120303e-08, 1.23289849441e-08, 1.930084359e-08, 1.04758264285e-08, 1.21802727904e-08, 6.78414080468e-09, 2.86004153693e-09, 3.1497606745e-09, 2.53269161199e-09, 1.75484338172e-09, 2.42892661539e-09, 1.09464859399e-09, 1.34261257667e-09, 5.94223392714e-10, 2.60955035358e-10, 1.96843596978e-10, 2.12888942586e-10, 2.47331682912e-10, 1.51750015331e-10, 1.33044950057e-10, 7.36112906741e-11, 7.03723190831e-11, 5.51317325126e-11, 3.19116712222e-11, 3.29733705617e-11, 3.43527983837e-11, 1.92934921511e-11, 1.21770501668e-11],
        "max": [0.11030138284, 0.0910176038742, 0.0507377572358, 0.0159750208259, 0.00744043430313, 0.00596327753738, 0.00666971178725, 0.0066303703934, 0.00576776219532, 0.00455507775769, 0.00231003179215, 0.00527658127248, 0.00217525986955, 0.00213259551674, 0.0018283406971, 0.00172609870788, 0.00157435191795, 0.000930867856368, 0.00055333331693, 0.000982111436315, 0.000520944129676, 0.000335215881933, 0.000621726445388, 0.000281331391307, 0.000667885760777, 0.000275720492937, 0.000163589822478, 0.000134986781632, 0.000182754854904, 0.000164760640473, 9.62148333201e-05, 0.00024127693905, 0.000124948986922, 0.000123010089737, 0.000124959100503, 7.55243236199e-05, 0.000103018537629, 9.24057239899e-05, 4.89694539283e-05, 2.98166487482e-05],
        "mean": [0.0162589885294, 0.00454150512815, 0.00119209312834, 0.000513737264555, 0.000409948348533, 0.000308276852593, 0.000245406641625, 0.000214362924453, 0.000149525410961, 0.000157557034981, 9.09049122129e-05, 7.28260492906e-05, 8.96033307072e-05, 5.12616643391e-05, 6.5313106461e-05, 4.60944065708e-05, 4.16386246798e-05, 3.66902204405e-05, 2.90162170131e-05, 2.66966671916e-05, 1.96928285732e-05, 2.15101390495e-05, 2.10584385059e-05, 1.62416436069e-05, 1.63788427017e-05, 1.24484386106e-05, 9.68840322457e-06, 9.07807952899e-06, 7.64362084738e-06, 7.82496590546e-06, 7.27494534658e-06, 6.00388011662e-06, 5.00260512126e-06, 4.52076164947e-06, 3.88809985452e-06, 3.26063036482e-06, 2.87403895527e-06, 2.78515017271e-06, 2.46487297773e-06, 2.05854053092e-06],
        "median": [0.00111734773964, 0.0011445627315, 0.000309184426442, 0.000231944606639, 0.000201584029128, 0.00013669951295, 0.000106747655082, 8.32333680592e-05, 6.01667707087e-05, 7.31346954126e-05, 3.94525341108e-05, 3.45859880326e-05, 4.25168691436e-05, 2.26333504543e-05, 3.58036268153e-05, 2.46084309765e-05, 1.82691546797e-05, 1.66131940205e-05, 1.4553515939e-05, 1.27325347421e-05, 9.39894925978e-06, 1.17117242553e-05, 1.03644479168e-05, 8.53612618812e-06, 8.5006304289e-06, 7.23721632312e-06, 5.77222363063e-06, 5.47962372366e-06, 4.61996432932e-06, 4.41696511189e-06, 4.18948366132e-06, 3.28081659973e-06, 2.95395761896e-06, 2.61842615146e-06, 2.27556415666e-06, 1.78638094894e-06, 1.5349774003e-06, 1.53730229613e-06, 1.23953077491e-06, 9.74261297415e-07],
        "min": [1.50722588674e-23, 9.05619024511e-24, 7.69774494505e-24, 1.52808778669e-23, 5.75386545684e-24, 1.13498451367e-23, 7.07777679306e-24, 8.36880998446e-24, 8.55896411681e-24, 9.38510816613e-24, 5.30519608383e-24, 7.23888822231e-24, 7.27228070443e-24, 1.11342060639e-23, 1.04502904804e-23, 6.58143497782e-24, 6.26376700218e-24, 7.10039580179e-24, 6.78218903415e-24, 5.02146174889e-24, 7.72618574727e-24, 8.98131314571e-24, 1.25702326786e-23, 8.54338490279e-24, 1.35760358548e-23, 8.49727834946e-24, 1.66320956234e-23, 1.39530419477e-23, 1.01257404822e-23, 4.58354455002e-24, 6.14474327437e-24, 4.2973509412e-24, 6.58568851582e-24, 6.44302380998e-24, 1.05348240261e-23, 1.07103455775e-23, 1.30965243869e-23, 1.23929022691e-23, 1.02846486229e-23, 9.18030804222e-24],
        "var": [0.000482935342006, 9.95318914647e-05, 1.22390101751e-05, 1.13637440791e-06, 3.61159919748e-07, 2.39830711735e-07, 1.7489232107e-07, 1.58629589464e-07, 1.09890066824e-07, 8.03477462341e-08, 2.33120580617e-08, 1.66408664626e-08, 2.14499422668e-08, 9.67553859255e-09, 1.09826583383e-08, 5.54044632395e-09, 6.63263843848e-09, 4.27356994237e-09, 1.81975512437e-09, 2.14342454896e-09, 1.07622832868e-09, 9.31837829121e-10, 1.21824972332e-09, 6.12349393414e-10, 9.44176847817e-10, 3.3898081564e-10, 1.57989121785e-10, 1.32558089505e-10, 1.17667861566e-10, 1.22754820198e-10, 9.55944906567e-11, 7.39727029631e-11, 4.87965293172e-11, 4.33871862049e-11, 3.32171096185e-11, 2.18565235355e-11, 1.86582572309e-11, 1.82279469296e-11, 1.3610564932e-11, 9.83837577379e-12]
    },
    "mfcc": {
        "mean": [-645.769042969, 106.679374695, 1.55777692795, 16.656835556, 2.18791627884, 4.64981508255, 1.29152584076, 2.24136567116, -0.475078135729, 0.768440306187, 2.32038855553, 2.44265317917, 0.222091928124],
        "cov": [[12902.4482422, -1845.21594238, 1201.33557129, 1144.71716309, 849.489196777, 994.17956543, 766.659790039, 813.905151367, 651.566101074, 540.854553223, 436.558898926, 381.816833496, 285.290161133], [-1845.21594238, 2497.04663086, -404.773742676, 28.3007545471, -17.0843105316, -131.328781128, -24.3965778351, -37.8910827637, -153.514450073, -95.8086853027, -125.624084473, -80.737411499, -104.391059875], [1201.33557129, -404.773742676, 1041.45874023, 375.354980469, 397.902862549, 384.5390625, 257.358337402, 256.513244629, 184.324478149, 108.095436096, 76.9767303467, 85.5151824951, 94.5717010498], [1144.71716309, 28.3007545471, 375.354980469, 442.980682373, 268.469085693, 256.923583984, 190.666061401, 185.907165527, 126.036743164, 106.486053467, 80.7208938599, 73.5185775757, 57.3472366333], [849.489196777, -17.0843105316, 397.902862549, 268.469085693, 323.348297119, 255.442398071, 187.793457031, 178.225234985, 117.407539368, 86.1906280518, 72.9279937744, 65.7291030884, 54.8876533508], [994.17956543, -131.328781128, 384.5390625, 256.923583984, 255.442398071, 330.47869873, 213.830337524, 202.510742188, 133.097457886, 104.544769287, 80.7704467773, 74.8982391357, 45.0153465271], [766.659790039, -24.3965778351, 257.358337402, 190.666061401, 187.793457031, 213.830337524, 229.654983521, 181.994537354, 101.149978638, 93.2489700317, 71.7381973267, 62.2987785339, 48.8028488159], [813.905151367, -37.8910827637, 256.513244629, 185.907165527, 178.225234985, 202.510742188, 181.994537354, 236.218261719, 128.93107605, 91.9280548096, 76.2390136719, 71.695892334, 39.2560539246], [651.566101074, -153.514450073, 184.324478149, 126.036743164, 117.407539368, 133.097457886, 101.149978638, 128.93107605, 171.231277466, 90.0157012939, 69.3979797363, 69.5949935913, 48.3638801575], [540.854553223, -95.8086853027, 108.095436096, 106.486053467, 86.1906280518, 104.544769287, 93.2489700317, 91.9280548096, 90.0157012939, 148.91456604, 80.309677124, 53.706653595, 59.1051673889], [436.558898926, -125.624084473, 76.9767303467, 80.7208938599, 72.9279937744, 80.7704467773, 71.7381973267, 76.2390136719, 69.3979797363, 80.309677124, 128.839355469, 68.7620620728, 33.6498756409], [381.816833496, -80.737411499, 85.5151824951, 73.5185775757, 65.7291030884, 74.8982391357, 62.2987785339, 71.695892334, 69.5949935913, 53.706653595, 68.7620620728, 123.534934998, 57.1648826599], [285.290161133, -104.391059875, 94.5717010498, 57.3472366333, 54.8876533508, 45.0153465271, 48.8028488159, 39.2560539246, 48.3638801575, 59.1051673889, 33.6498756409, 57.1648826599, 121.592063904]],
