{
"lowlevel": {
    "average_loudness": 0.923301458359,
    "barkbands_crest": {
        "dmean": 2.49743151665,
        "dmean2": 3.87868189812,
        "dvar": 6.18990468979,
        "dvar2": 15.5588035583,
        "max": 25.2250843048,
        "mean": 11.2272853851,
        "median": 10.4965648651,
        "min": 3.0953938961,
        "var": 15.872469902
    },
    "barkbands_flatness_db": {
        "dmean": 0.0273436307907,
        "dmean2": 0.0409211553633,
        "dvar": 0.000853417732287,
        "dvar2": 0.00177995359991,
        "max": 0.472146689892,
        "mean": 0.176042988896,
        "median": 0.166141718626,
        "min": 0.0220774486661,
        "var": 0.00475472724065
    },
    "barkbands_kurtosis": {
        "dmean": 2.93960118294,
        "dmean2": 4.73207473755,
        "dvar": 23.2817668915,
        "dvar2": 59.5584754944,
        "max": 88.3353805542,
        "mean": 4.7055273056,
        "median": 3.08468294144,
        "min": -1.68278121948,
        "var": 39.8462905884
    },
    "barkbands_skewness": {
        "dmean": 0.509068548679,
        "dmean2": 0.798226296902,
        "dvar": 0.2889559865,
        "dvar2": 0.700996339321,
        "max": 7.25040483475,
        "mean": 1.66300010681,
        "median": 1.52266526222,
        "min": -2.11607551575,
        "var": 0.82764428854
    },
    "barkbands_spread": {
        "dmean": 4.4141998291,
        "dmean2": 6.69565963745,
        "dvar": 40.8533592224,
        "dvar2": 76.5312805176,
        "max": 84.1292877197,
        "mean": 15.4970912933,
        "median": 13.3644151688,
        "min": 1.10752999783,
        "var": 99.6078109741
    },
    "dissonance": {
        "dmean": 0.0266719125211,
        "dmean2": 0.0440678335726,
        "dvar": 0.000591538148001,
        "dvar2": 0.00159210676793,
        "max": 0.499864339828,
        "mean": 0.442439317703,
        "median": 0.448426306248,
        "min": 0.202201813459,
        "var": 0.00131093349773
    },
    "dynamic_complexity": 2.59864163399,
    "erbbands_crest": {
        "dmean": 3.00603842735,
        "dmean2": 4.71350669861,
        "dvar": 7.33794498444,
        "dvar2": 16.8953952789,
        "max": 30.3027210236,
        "mean": 11.0264148712,
        "median": 9.83078575134,
        "min": 2.6753692627,
        "var": 26.3527889252
    },
    "erbbands_flatness_db": {
        "dmean": 0.0208628661931,
        "dmean2": 0.0308718048036,
        "dvar": 0.000437273847638,
        "dvar2": 0.000850847049151,
        "max": 0.453197151423,
        "mean": 0.18048080802,
        "median": 0.162922978401,
        "min": 0.0452066659927,
        "var": 0.00456582242623
    },
    "erbbands_kurtosis": {
        "dmean": 1.34772348404,
        "dmean2": 2.07700777054,
        "dvar": 3.57915782928,
        "dvar2": 8.52375221252,
        "max": 37.6188354492,
        "mean": 1.51461338997,
        "median": 0.636159420013,
        "min": -1.68444955349,
        "var": 8.44233894348
    },
    "erbbands_skewness": {
        "dmean": 0.389682888985,
        "dmean2": 0.591671764851,
        "dvar": 0.135728091002,
        "dvar2": 0.300128012896,
        "max": 4.83356046677,
        "mean": 0.806664764881,
        "median": 0.731262624264,
        "min": -1.51905596256,
        "var": 0.546856045723
    },
    "erbbands_spread": {
        "dmean": 7.16352128983,
        "dmean2": 10.5530004501,
        "dvar": 65.8949890137,
        "dvar2": 128.109100342,
        "max": 143.077941895,
        "mean": 29.580286026,
        "median": 26.0056686401,
        "min": 3.07682871819,
        "var": 247.639846802
    },
    "hfc": {
        "dmean": 7.48919582367,
        "dmean2": 11.3311042786,
        "dvar": 171.828582764,
        "dvar2": 382.078125,
        "max": 121.182571411,
        "mean": 20.7383861542,
        "median": 15.6780281067,
        "min": 1.13902002725e-16,
        "var": 286.602905273
    },
    "melbands_crest": {
        "dmean": 2.97352480888,
        "dmean2": 4.66861772537,
        "dvar": 9.16808128357,
        "dvar2": 24.1048946381,
        "max": 33.5208587646,
        "mean": 15.0790739059,
        "median": 14.4883117676,
        "min": 1.79343414307,
        "var": 24.2919273376
    },
    "melbands_flatness_db": {
        "dmean": 0.0311395972967,
        "dmean2": 0.0458991378546,
        "dvar": 0.00128625438083,
        "dvar2": 0.00260243052617,
        "max": 0.612779259682,
        "mean": 0.25200727582,
        "median": 0.239097207785,
        "min": 0.00429501477629,
        "var": 0.00669462420046
    },
    "melbands_kurtosis": {
        "dmean": 5.39711284637,
        "dmean2": 8.65637493134,
        "dvar": 112.300872803,
        "dvar2": 287.960784912,
        "max": 336.150634766,
        "mean": 9.86575317383,
        "median": 6.34053754807,
        "min": -1.42219412327,
        "var": 182.770095825
    },
    "melbands_skewness": {
        "dmean": 0.620547652245,
        "dmean2": 0.961149156094,
        "dvar": 0.475463628769,
        "dvar2": 1.13159871101,
        "max": 14.6481990814,
        "mean": 2.24154829979,
        "median": 2.01953744888,
        "min": -0.235382586718,
        "var": 1.45246815681
    },
    "melbands_spread": {
        "dmean": 4.3803358078,
        "dmean2": 6.74759912491,
        "dvar": 37.0957870483,
        "dvar2": 77.7842254639,
        "max": 172.638198853,
        "mean": 15.7597036362,
        "median": 13.8159742355,
        "min": 0.936151921749,
        "var": 114.159927368
    },
    "pitch_salience": {
        "dmean": 0.0680188536644,
        "dmean2": 0.107213757932,
        "dvar": 0.00478691188619,
        "dvar2": 0.011807740666,
        "max": 0.948306322098,
        "mean": 0.492096304893,
        "median": 0.488485068083,
        "min": 0.136549293995,
        "var": 0.0109671698883
    },
    "silence_rate_20dB": {
        "dmean": 0,
        "dmean2": 0,
        "dvar": 0,
        "dvar2": 0,
        "max": 1,
        "mean": 1,
        "median": 1,
        "min": 1,
        "var": 0
    },
    "silence_rate_30dB": {
        "dmean": 0.0131106600165,
        "dmean2": 0.0262254141271,
        "dvar": 0.0129396077245,
        "dvar2": 0.0342786200345,
        "max": 1,
        "mean": 0.990948796272,
        "median": 1,
        "min": 0,
        "var": 0.00896859541535
    },
    "silence_rate_60dB": {
        "dmean": 0.00343374442309,
        "dmean2": 0.00686856079847,
        "dvar": 0.00342165515758,
        "dvar2": 0.00744458474219,
        "max": 1,
        "mean": 0.0327715352178,
        "median": 0,
        "min": 0,
        "var": 0.0316992327571
    },
    "spectral_centroid": {
        "dmean": 183.826522827,
        "dmean2": 278.61151123,
        "dvar": 75820.4921875,
        "dvar2": 142047.328125,
        "max": 11619.8691406,
        "mean": 956.696228027,
        "median": 842.819824219,
        "min": 171.117111206,
        "var": 352008.125
    },
    "spectral_complexity": {
        "dmean": 3.59481811523,
        "dmean2": 5.63752746582,
        "dvar": 26.2652549744,
        "dvar2": 53.1859207153,
        "max": 59,
        "mean": 16.8121089935,
        "median": 16,
        "min": 0,
        "var": 53.0577850342
    },
    "spectral_decrease": {
        "dmean": 2.67184652181e-09,
        "dmean2": 4.14670120463e-09,
        "dvar": 1.23101928659e-17,
        "dvar2": 3.13467637014e-17,
        "max": 1.98409086204e-28,
        "mean": -1.06993418569e-08,
        "median": -1.00075103759e-08,
        "min": -3.72412110039e-08,
        "var": 4.11719422254e-17
    },
    "spectral_energy": {
        "dmean": 0.0105438958853,
        "dmean2": 0.0163456201553,
        "dvar": 0.000183120835572,
        "dvar2": 0.000463604636025,
        "max": 0.142089515924,
        "mean": 0.0422627218068,
        "median": 0.0394128784537,
        "min": 1.0515588467e-20,
        "var": 0.000623537634965
    },
    "spectral_energyband_high": {
        "dmean": 0.00047696538968,
        "dmean2": 0.000732762739062,
        "dvar": 1.32008517539e-06,
        "dvar2": 2.85255100607e-06,
        "max": 0.00946080032736,
        "mean": 0.000681631325278,
        "median": 0.000185565862921,
        "min": 7.648521495e-21,
        "var": 1.64172627137e-06
    },
    "spectral_energyband_low": {
        "dmean": 0.00716368760914,
        "dmean2": 0.0113267786801,
        "dvar": 0.000181641225936,
        "dvar2": 0.000475001143059,
        "max": 0.135419145226,
        "mean": 0.0202738139778,
        "median": 0.0173605587333,
        "min": 2.10993249995e-23,
        "var": 0.000365532265278
    },
    "spectral_energyband_middle_high": {
        "dmean": 0.00209872820415,
        "dmean2": 0.00333070149645,
        "dvar": 1.17234858408e-05,
        "dvar2": 2.74091107713e-05,
        "max": 0.0439575500786,
        "mean": 0.00469210091978,
        "median": 0.00324062211439,
        "min": 1.23919713501e-21,
        "var": 2.35261668422e-05
    },
    "spectral_energyband_middle_low": {
        "dmean": 0.00588121311739,
        "dmean2": 0.00915639940649,
        "dvar": 7.57086963858e-05,
        "dvar2": 0.000190913720871,
        "max": 0.0874117538333,
        "mean": 0.0178271271288,
        "median": 0.0143425166607,
        "min": 2.13573020792e-22,
        "var": 0.000186889781617
    },
    "spectral_entropy": {
        "dmean": 0.22524407506,
        "dmean2": 0.333986461163,
        "dvar": 0.0676307752728,
        "dvar2": 0.129671871662,
        "max": 9.80881404877,
        "mean": 7.24044752121,
        "median": 7.24828481674,
        "min": 5.33203315735,
        "var": 0.275583684444
    },
    "spectral_flux": {
        "dmean": 0.026387816295,
        "dmean2": 0.0404072403908,
        "dvar": 0.000872418808285,
        "dvar2": 0.00186741515063,
        "max": 0.315899580717,
        "mean": 0.0839052051306,
        "median": 0.0683775246143,
        "min": 6.45308112501e-11,
        "var": 0.0026368284598
    },
    "spectral_kurtosis": {
        "dmean": 3.79263544083,
        "dmean2": 6.21779632568,
        "dvar": 56.8077201843,
        "dvar2": 151.145507812,
        "max": 129.667831421,
        "mean": 8.7084569931,
        "median": 5.37855815887,
        "min": -1.23888456821,
        "var": 162.898834229
    },
    "spectral_rms": {
        "dmean": 0.000750435981899,
        "dmean2": 0.00114835007116,
        "dvar": 7.3450672744e-07,
        "dvar2": 1.83776023732e-06,
        "max": 0.01177386567,
        "mean": 0.00606783851981,
        "median": 0.00620093476027,
        "min": 3.20298475243e-12,
        "var": 4.41315069111e-06
    },
    "spectral_rolloff": {
        "dmean": 300.114318848,
        "dmean2": 500.312133789,
        "dvar": 368653.71875,
        "dvar2": 814506.75,
        "max": 19552.1484375,
        "mean": 948.356201172,
        "median": 667.529296875,
        "min": 64.599609375,
        "var": 1232516.375
    },
    "spectral_skewness": {
        "dmean": 0.377452045679,
        "dmean2": 0.593965053558,
        "dvar": 0.251620858908,
        "dvar2": 0.6096611619,
        "max": 8.73537635803,
        "mean": 2.06102895737,
        "median": 1.87486863136,
        "min": -0.0678101554513,
        "var": 0.986364841461
    },
    "spectral_spread": {
        "dmean": 747236.9375,
        "dmean2": 1079908.125,
        "dvar": 1.08402625741e+12,
        "dvar2": 1.87479411917e+12,
        "max": 41465316,
        "mean": 4410309.5,
        "median": 4254082,
        "min": 568669.5,
        "var": 5.36808521728e+12
    },
    "spectral_strongpeak": {
        "dmean": 0.448089540005,
        "dmean2": 0.779941260815,
        "dvar": 0.572632789612,
        "dvar2": 1.37967813015,
        "max": 7.29590797424,
        "mean": 0.910847663879,
        "median": 0.475653350353,
        "min": 0,
        "var": 1.02206432819
    },
    "zerocrossingrate": {
        "dmean": 0.00914283189923,
        "dmean2": 0.011313627474,
        "dvar": 0.000161718591698,
        "dvar2": 0.000206655269722,
        "max": 0.82421875,
        "mean": 0.0432583801448,
        "median": 0.03759765625,
        "min": 0.0029296875,
        "var": 0.00131622469053
    },
    "barkbands": {
        "dmean": [0.000363035622286, 0.00614594714716, 0.00206627789885, 0.00147505791392, 0.00137329811696, 0.0013524646638, 0.00221139355563, 0.000952987815253, 0.00131052953657, 0.000853163248394, 0.000391986221075, 0.000280305888737, 0.00038483296521, 0.000339076214004, 0.000285878049908, 0.000178784364834, 0.000191459985217, 0.000125950740767, 8.36722756503e-05, 0.00011938924581, 8.94674158189e-05, 0.000108764426841, 9.1196714493e-05, 7.71896593506e-05, 6.79842924001e-05, 4.97439614264e-05, 7.57020370656e-06],
        "dmean2": [0.000529332959559, 0.00965504348278, 0.0034723111894, 0.00259749614634, 0.00230300333351, 0.00196401984431, 0.0032835539896, 0.00145673705265, 0.00202764431015, 0.00137095549144, 0.000621790706646, 0.000448170641903, 0.000612136733253, 0.000543494941667, 0.000455387606053, 0.000291019416181, 0.000308051879983, 0.000207810109714, 0.000133371824631, 0.000194010513951, 0.0001427972893, 0.00016918759502, 0.000143406257848, 0.00011747147073, 0.000104802988062, 7.9076307884e-05, 1.25714832393e-05],
        "dvar": [5.44512261058e-07, 0.000145312049426, 3.98947304348e-05, 2.24891882681e-05, 1.16026549222e-05, 8.05261151982e-06, 1.54834742716e-05, 1.8936646029e-06, 5.5893501667e-06, 4.84002021039e-06, 9.0829638566e-07, 3.24817534647e-07, 6.58418230159e-07, 4.25377123747e-07, 2.91810721365e-07, 1.26276930246e-07, 1.10257843744e-07, 5.38219389057e-08, 2.23121485732e-08, 8.68565237511e-08, 5.39301510116e-08, 6.34157899526e-08, 4.82569362248e-08, 3.56939366952e-08, 2.68055959651e-08, 1.2674131078e-08, 2.27968477429e-10],
        "dvar2": [1.07606444999e-06, 0.000389663939131, 0.000106331914139, 6.36908735032e-05, 3.26862682414e-05, 1.65999754245e-05, 3.25799228449e-05, 4.57193709735e-06, 1.22743795146e-05, 1.10072596726e-05, 2.20705669562e-06, 7.2360444392e-07, 1.50469907112e-06, 9.61068735705e-07, 6.56943257127e-07, 3.09912849161e-07, 2.74059885896e-07, 1.37307651471e-07, 5.1844263993e-08, 2.16954205712e-07, 1.19789419273e-07, 1.48149482015e-07, 1.0477853607e-07, 7.58665521516e-08, 5.80659182958e-08, 2.92677402314e-08, 5.70684388634e-10],
        "max": [0.013885573484, 0.119113877416, 0.0828642174602, 0.0457174926996, 0.0407180078328, 0.0553297847509, 0.0697496086359, 0.0195039398968, 0.0629259496927, 0.0403363332152, 0.0250916704535, 0.0184113606811, 0.0197144448757, 0.0158149208874, 0.00982189923525, 0.0066062961705, 0.00710750371218, 0.00384037871845, 0.00194364960771, 0.00319681735709, 0.00239004730247, 0.00501115759835, 0.00246741645969, 0.00183296017349, 0.00136657338589, 0.00149118597619, 0.00018964530318],
        "mean": [0.00102767208591, 0.0146593526006, 0.00346742291003, 0.00228957319632, 0.00263790925965, 0.00340360263363, 0.0050360718742, 0.0018402186688, 0.00245100958273, 0.00133339583408, 0.000609459471889, 0.000426226004492, 0.000530379416887, 0.000464794167783, 0.000416323891841, 0.000277641869616, 0.00031446639332, 0.000175491382834, 0.000128916479298, 0.000145773650729, 0.000106847095594, 0.000158875714988, 0.000123106743558, 9.81085395324e-05, 8.0348996562e-05, 5.32311096322e-05, 6.52512517263e-06],
        "median": [0.00020631251391, 0.012006226927, 0.00188453076407, 0.000608645903412, 0.00102502678055, 0.00141225219704, 0.001954206964, 0.000995319336653, 0.000960598932579, 0.000367754080798, 0.000174884859007, 0.000210676516872, 0.000207870689337, 0.000188278761925, 0.000188772770343, 0.000119769218145, 0.000142061835504, 8.83454631548e-05, 6.81076489855e-05, 5.43117130292e-05, 3.46055967384e-05, 3.31251649186e-05, 2.17807246372e-05, 1.70688908838e-05, 1.49303286889e-05, 1.06530114863e-05, 7.4538206718e-07],
        "min": [2.3422017861e-24, 3.2803970189e-24, 2.19644356221e-24, 3.32819508723e-24, 1.651266366e-23, 1.33304981648e-23, 1.51568673549e-23, 2.53470964272e-23, 4.40843431068e-23, 3.16848349165e-23, 2.23144768716e-23, 4.71829508772e-23, 3.00922288785e-23, 1.07769721385e-22, 7.28949002062e-23, 7.5409738285e-23, 9.611856767e-23, 9.98652278295e-23, 2.09044037807e-22, 2.54368362972e-22, 2.3496947814e-22, 4.17634676231e-22, 4.60835627652e-22, 6.57548204411e-22, 1.00953667814e-21, 1.64231803276e-21, 2.20666907387e-21],
        "var": [2.57692909145e-06, 0.000244520284468, 3.66047024727e-05, 2.12315317185e-05, 1.69785053004e-05, 3.45770567947e-05, 6.58551143715e-05, 5.19816785527e-06, 1.54551835294e-05, 9.2151994977e-06, 1.86578142802e-06, 6.95644814641e-07, 1.33283890591e-06, 7.521194334e-07, 5.28746340933e-07, 2.2815689249e-07, 2.21067097073e-07, 6.36584545077e-08, 3.42800383635e-08, 8.29530293345e-08, 5.60776669545e-08, 9.60142969575e-08, 6.25726386261e-08, 4.60197675523e-08, 3.22588427082e-08, 1.55438080185e-08, 2.21991827698e-10]
    },
    "erbbands": {
        "dmean": [0.2186486274, 1.29306578636, 2.42741346359, 3.36984872818, 4.52223777771, 5.31682872772, 7.95061063766, 11.237742424, 23.5672016144, 33.289768219, 20.8246593475, 25.8183383942, 31.0697231293, 18.7106342316, 13.769320488, 12.0858592987, 17.7694664001, 15.7014913559, 15.6971626282, 13.5717306137, 10.8474569321, 8.92107963562, 7.34547233582, 4.44541025162, 4.17522525787, 6.30621099472, 3.2019636631, 4.06801271439, 3.84673285484, 3.83845090866, 2.33838868141, 1.70414757729, 1.20087635517, 0.826243340969, 0.450488179922, 0.247208639979, 0.0798671767116, 0.0184360649437, 0.00109097047243, 2.79057785519e-05],
        "dmean2": [0.346269994974, 2.01494383812, 3.93997502327, 5.70792961121, 8.05426692963, 8.57818508148, 11.8110227585, 16.4182453156, 36.2086219788, 48.5909156799, 31.407087326, 39.9151878357, 48.9472770691, 29.4716873169, 21.7721138, 19.1932468414, 28.1449298859, 25.8798103333, 25.3427009583, 21.1542472839, 17.8423213959, 14.3849487305, 11.8116912842, 7.20001649857, 6.69612455368, 10.2591762543, 5.22452116013, 6.4462428093, 5.99770116806, 6.01737833023, 3.67678332329, 2.63029050827, 1.82441401482, 1.27619445324, 0.69962221384, 0.395044833422, 0.126279368997, 0.0298642683774, 0.00181129283737, 4.42442469648e-05],
        "dvar": [0.203653976321, 6.83501243591, 48.1751174927, 98.1276702881, 207.817199707, 153.138778687, 296.064147949, 516.021484375, 2757.44165039, 4113.25341797, 977.805297852, 2057.68261719, 4067.47998047, 1601.70385742, 952.836730957, 558.926574707, 1467.28198242, 1058.36999512, 823.007202148, 1075.53393555, 383.600372314, 245.371551514, 170.243041992, 69.7589797974, 54.1604194641, 266.321075439, 63.7122688293, 116.690956116, 81.9744720459, 76.086769104, 35.930229187, 17.1807479858, 8.7579832077, 4.38852071762, 1.04372990131, 0.344531238079, 0.0291507169604, 0.00135921768378, 4.70241684525e-06, 1.79745618389e-09],
        "dvar2": [0.571882903576, 17.189950943, 122.270401001, 265.737487793, 592.315368652, 419.659301758, 607.111938477, 1154.68322754, 5845.46484375, 8291.33886719, 2269.35986328, 4500.28417969, 9179.62304688, 3627.99926758, 2306.16967773, 1303.53088379, 3360.18408203, 2536.84472656, 1930.94006348, 2202.47241211, 977.530151367, 614.932983398, 420.803466797, 156.895309448, 125.530273438, 673.004760742, 150.797439575, 261.004241943, 188.009429932, 165.720596313, 81.9688491821, 38.2076835632, 17.9308490753, 9.18409156799, 2.33716392517, 0.816973805428, 0.0642023384571, 0.00324885640293, 1.16921901281e-05, 4.33456159854e-09],
        "max": [4.12318563461, 28.4586868286, 103.677680969, 101.313728333, 142.303131104, 209.457260132, 378.36630249, 532.229675293, 999.336425781, 1730.58349609, 496.954101562, 1033.93981934, 1413.46118164, 875.500854492, 803.153747559, 662.217529297, 918.475341797, 855.084472656, 598.963317871, 945.726867676, 345.85446167, 312.72442627, 180.045639038, 104.070709229, 112.476799011, 185.857757568, 97.8808135986, 117.488998413, 199.725662231, 100.058052063, 78.7567901611, 38.1682357788, 33.7086715698, 18.6358299255, 9.06537342072, 8.09149837494, 2.81579875946, 0.531940937042, 0.0247355438769, 0.000442694232333],
        "mean": [0.485519468784, 2.99317789078, 4.51588582993, 6.05481052399, 6.76168441772, 11.6375217438, 17.4168548584, 29.4869747162, 45.6532058716, 85.3841400146, 43.0226135254, 52.8589019775, 51.3849639893, 32.8850860596, 23.3022441864, 19.5323200226, 25.5893421173, 21.1315059662, 23.0674190521, 21.1222057343, 17.5497379303, 15.248468399, 11.5527153015, 6.88851213455, 6.89216899872, 7.60534334183, 4.01792240143, 4.75182342529, 5.52116060257, 5.71838283539, 2.93809080124, 2.24878787994, 1.46782565117, 0.958586215973, 0.535665750504, 0.267515212297, 0.086474083364, 0.0175661575049, 0.00098199036438, 6.67898129905e-05],
        "median": [0.391301751137, 2.15911459923, 2.81469726562, 3.08801460266, 2.82604312897, 3.71539664268, 7.31595420837, 13.961233139, 20.5500469208, 26.0519943237, 26.1115341187, 22.278470993, 18.4174346924, 14.2210302353, 9.50894355774, 10.3741855621, 10.5069875717, 9.09121322632, 11.0309391022, 8.0623884201, 8.90124988556, 7.49031734467, 5.93933200836, 3.72427272797, 3.88687467575, 2.92720508575, 1.58658444881, 1.27813458443, 1.21617460251, 0.978695869446, 0.524280190468, 0.395493865013, 0.246217101812, 0.160669922829, 0.107972770929, 0.0508773997426, 0.0173608958721, 0.00294764153659, 0.000140843534609, 5.44459689991e-05],
        "min": [2.36033064589e-22, 5.83359938351e-22, 2.55132712391e-21, 1.26276447194e-20, 2.19605369705e-20, 7.40040947806e-20, 1.32108162601e-19, 1.01244199252e-19, 1.5802468762e-19, 5.23069573203e-19, 4.97887455321e-19, 8.4004787227e-19, 9.36760020032e-19, 9.52601252546e-19, 8.71504051701e-19, 1.63870879657e-18, 1.45900308471e-18, 3.77046542149e-18, 4.1372240702e-18, 3.94450256801e-18, 3.84122700058e-18, 5.81546310446e-18, 5.92038765644e-18, 9.25253213929e-18, 1.26016069413e-17, 1.00340068871e-17, 9.70279053494e-18, 1.38329695079e-17, 1.38963216166e-17, 1.41797037683e-17, 1.15845222037e-17, 1.40837607434e-17, 1.26046964609e-17, 9.8903123798e-18, 8.31444811329e-18, 5.54672494474e-18, 2.53673029415e-18, 1.27093736859e-18, 2.93788652486e-19, 3.10676953483e-20],
        "var": [0.295014709234, 12.2808380127, 51.1426544189, 94.6399154663, 157.267852783, 355.869110107, 923.350524902, 2142.40991211, 6010.31982422, 31416.2695312, 2563.91064453, 6879.62841797, 8216.00292969, 3748.99462891, 1967.71594238, 969.863525391, 3069.14550781, 1609.92150879, 1395.84375, 2208.64306641, 680.18560791, 486.044403076, 245.661880493, 89.7482376099, 87.2405776978, 249.500549316, 63.2040519714, 121.713691711, 118.940856934, 117.859336853, 41.3908500671, 21.5790023804, 11.8540267944, 5.27655982971, 1.26967012882, 0.386521965265, 0.0412806496024, 0.00155048677698, 4.72755891678e-06, 2.91816437681e-09]
    },
    "gfcc": {
        "mean": [-10.0424594879, 110.616844177, -113.434631348, 14.2216825485, -60.4692192078, 6.99350261688, -32.8285713196, 9.58320808411, -10.930059433, 5.3656539917, -12.5377340317, 1.09269559383, -10.6771440506],
        "cov": [[14994.1474609, -1728.90319824, 2007.52587891, 1680.19116211, 189.1769104, 1428.84484863, -15.8578662872, 1058.91418457, -155.201690674, 765.741760254, -280.135864258, 683.630554199, -362.428588867], [-1728.90319824, 2274.66796875, 202.477844238, -134.487442017, 550.430541992, -161.740814209, 315.452697754, -150.588577271, 192.454818726, -199.415908813, 157.242935181, -264.015625, 89.0911636353], [2007.52587891, 202.477844238, 3077.94165039, 512.195007324, 808.911499023, 906.656616211, 305.472747803, 753.940979004, 61.0477104187, 563.598388672, -111.858375549, 400.127624512, -182.949417114], [1680.19116211, -134.487442017, 512.195007324, 505.475067139, 160.112869263, 276.396179199, 49.6587524414, 167.813461304, 39.360408783, 119.509170532, -24.4976634979, 87.1366500854, -45.3532867432], [189.1769104, 550.430541992, 808.911499023, 160.112869263, 531.369934082, 262.984893799, 197.61265564, 203.740112305, 97.8943939209, 128.75982666, 15.0077371597, 61.4650268555, -16.8785419464], [1428.84484863, -161.740814209, 906.656616211, 276.396179199, 262.984893799, 505.22857666, 121.493408203, 312.748718262, 19.0425357819, 210.093353271, -24.5018291473, 156.920516968, -58.6143531799], [-15.8578662872, 315.452697754, 305.472747803, 49.6587524414, 197.61265564, 121.493408203, 251.80947876, 134.428970337, 51.1130561829, 44.2616767883, 26.1897239685, 6.10463476181, -10.6121635437], [1058.91418457, -150.588577271, 753.940979004, 167.813461304, 203.740112305, 312.748718262, 134.428970337, 361.291046143, 35.1674766541, 201.682571411, -34.250415802, 147.569595337, -59.9912109375], [-155.201690674, 192.454818726, 61.0477104187, 39.360408783, 97.8943939209, 19.0425357819, 51.1130561829, 35.1674766541, 135.283309937, 37.5544242859, 19.7178421021, 0.538404583931, 26.0922203064], [765.741760254, -199.415908813, 563.598388672, 119.509170532, 128.75982666, 210.093353271, 44.2616767883, 201.682571411, 37.5544242859, 225.30166626, -2.63217020035, 125.224960327, -52.4451675415], [-280.135864258, 157.242935181, -111.858375549, -24.4976634979, 15.0077371597, -24.5018291473, 26.1897239685, -34.250415802, 19.7178421021, -2.63217020035, 108.774009705, -15.4787063599, 11.3724889755], [683.630554199, -264.015625, 400.127624512, 87.1366500854, 61.4650268555, 156.920516968, 6.10463476181, 147.569595337, 0.538404583931, 125.224960327, -15.4787063599, 183.429046631, 2.49591994286], [-362.428588867, 89.0911636353, -182.949417114, -45.3532867432, -16.8785419464, -58.6143531799, -10.6121635437, -59.9912109375, 26.0922203064, -52.4451675415, 11.3724889755, 2.49591994286, 109.447921753]],
        "icov": [[0.000191998668015, -0.000255899823969, 0.000285004527541, -0.000537560437806, 0.000260059692664, -0.000390611879993, 0.000211728023714, -0.000310949777486, 0.00048068491742, -0.000535070779733, 0.000546576222405, -0.000555047707167, 0.000363620521966], [-0.000255899823969, 0.00215207785368, -0.00120063626673, 0.00100414990447, -0.00188925431576, 0.00147151795682, -0.00112279516179, 0.000928987632506, -0.0019197743386, 0.0028179239016, -0.00268636178225, 0.00272994488478, -0.00126814784016], [0.000285004527541, -0.00120063626673, 0.00210600555874, -0.000908721878659, -0.000178766451427, -0.00168146798387, 0.000621884944849, -0.00102275039535, 0.00185757747386, -0.00287887104787, 0.00267788697965, -0.00248791486956, 0.00159263936803], [-0.000537560437806, 0.00100414990447, -0.000908721878659, 0.0045249434188, -0.00111463409849, -0.000433214067016, -0.000378048163839, 0.00118103309069, -0.00259397830814, 0.00217372970656, -0.00147056905553, 0.00149105140008, -0.000255799735896], [0.000260059692664, -0.00188925431576, -0.000178766451427, -0.00111463409849, 0.00641534011811, -0.00193179259077, -0.000742619042285, -0.000463813805254, -0.000343306339346, -0.00183084257878, 0.00144574523438, -0.00150021060836, 0.000355402997229], [-0.000390611879993, 0.00147151795682, -0.00168146798387, -0.000433214067016, -0.00193179259077, 0.00768979173154, -0.00104518793523, -0.00174980622251, -0.000100321747595, 0.00128635589499, -0.00275242095813, 0.00187370937783, -0.00183805939741], [0.000211728023714, -0.00112279516179, 0.000621884944849, -0.000378048163839, -0.000742619042285, -0.00104518793523, 0.0080427210778, -0.00431282445788, 0.000345788546838, 0.000416239636252, -0.000743442680687, 0.000409166066675, 0.000424474594183], [-0.000310949777486, 0.000928987632506, -0.00102275039535, 0.00118103309069, -0.000463813805254, -0.00174980622251, -0.00431282445788, 0.0114343995228, -0.00219681905583, -0.0020247050561, 0.00134428800084, -0.00175257318188, 0.00128840806428], [0.00048068491742, -0.0019197743386, 0.00185757747386, -0.00259397830814, -0.000343306339346, -0.000100321747595, 0.000345788546838, -0.00219681905583, 0.0135203422979, -0.00712942611426, 0.0022229431197, -0.000362516817404, -0.00295486813411], [-0.000535070779733, 0.0028179239016, -0.00287887104787, 0.00217372970656, -0.00183084257878, 0.00128635589499, 0.000416239636252, -0.0020247050561, -0.00712942611426, 0.0185844376683, -0.00677781319246, -0.000849521660712, 0.00268856598996], [0.000546576222405, -0.00268636178225, 0.00267788697965, -0.00147056905553, 0.00144574523438, -0.00275242095813, -0.000743442680687, 0.00134428800084, 0.0022229431197, -0.00677781319246, 0.0152938775718, -0.00434922613204, 0.0020095044747], [-0.000555047707167, 0.00272994488478, -0.00248791486956, 0.00149105140008, -0.00150021060836, 0.00187370937783, 0.000409166066675, -0.00175257318188, -0.000362516817404, -0.000849521660712, -0.00434922613204, 0.0167874004692, -0.00800145417452], [0.000363620521966, -0.00126814784016, 0.00159263936803, -0.000255799735896, 0.000355402997229, -0.00183805939741, 0.000424474594183, 0.00128840806428, -0.00295486813411, 0.00268856598996, 0.0020095044747, -0.00800145417452, 0.0157135687768]]
    },
    "melbands": {
        "dmean": [0.00178898463491, 0.00129421555903, 0.000597912236117, 0.000343254127074, 0.000259831693256, 0.000253354315646, 0.000381299149012, 0.000318243808579, 0.000169723978615, 0.000173211621586, 0.000163533797604, 8.81488231244e-05, 5.66679009353e-05, 3.06563269987e-05, 3.84054146707e-05, 3.65198611689e-05, 2.90820662485e-05, 2.8234318961e-05, 1.70774274011e-05, 1.45466838148e-05, 1.44478581205e-05, 9.88175997918e-06, 8.79771232576e-06, 7.30359533918e-06, 3.401425829e-06, 3.47316631633e-06, 3.78263666789e-06, 4.12309600506e-06, 2.0932291136e-06, 2.0365207547e-06, 2.59033436123e-06, 2.19101616494e-06, 2.27306031775e-06, 2.24733685172e-06, 1.45195838286e-06, 1.17502656849e-06, 1.00093006949e-06, 8.57820680267e-07, 8.00026271008e-07, 6.93723848144e-07],
        "dmean2": [0.00280638574623, 0.00204846961424, 0.000995150650851, 0.000580327119678, 0.000389513239497, 0.000369041692466, 0.000580764084589, 0.000468229816761, 0.000256789004197, 0.000268543866696, 0.000257614650764, 0.000139651296195, 8.93206670298e-05, 4.91571627208e-05, 5.90822419326e-05, 6.0078491515e-05, 4.75730303151e-05, 4.519228969e-05, 2.71727658401e-05, 2.29918405239e-05, 2.40137469518e-05, 1.61074731295e-05, 1.38926006912e-05, 1.21147995742e-05, 5.53421887162e-06, 5.54517737328e-06, 6.19254160483e-06, 6.72334954288e-06, 3.44274303643e-06, 3.29737235916e-06, 4.13229417973e-06, 3.46880506186e-06, 3.5371906506e-06, 3.58206489182e-06, 2.32606976169e-06, 1.83956376532e-06, 1.53927317115e-06, 1.3013939224e-06, 1.24080963815e-06, 1.08090478079e-06],
        "dvar": [1.26806862681e-05, 9.3291482699e-06, 3.11603389491e-06, 7.5417528933e-07, 2.59513569745e-07, 2.59749327824e-07, 6.12589815319e-07, 3.52622123501e-07, 6.65034107783e-08, 9.41364888263e-08, 1.17406194988e-07, 4.03326225751e-08, 1.90354700891e-08, 5.21903631423e-09, 6.57241194801e-09, 5.75238656708e-09, 3.47078166207e-09, 2.85742873807e-09, 1.31613020482e-09, 1.2076021294e-09, 6.88667567417e-10, 3.07568026603e-10, 3.06925068694e-10, 1.67131739004e-10, 4.60924597101e-11, 4.00615408902e-11, 7.37981759036e-11, 1.08634365392e-10, 2.49008313968e-11, 2.67344219679e-11, 4.88848787839e-11, 2.88697555445e-11, 2.5655247024e-11, 2.73088843206e-11, 1.47617265633e-11, 8.43975150183e-12, 5.53737698056e-12, 4.23887834555e-12, 4.46293262762e-12, 2.99654159992e-12],
        "dvar2": [3.51526614395e-05, 2.24876312132e-05, 8.24966537039e-06, 2.14863848669e-06, 5.57178282179e-07, 5.5889182704e-07, 1.31393380798e-06, 7.25587142369e-07, 1.55031969484e-07, 2.07424093901e-07, 2.64385107585e-07, 9.13809117264e-08, 4.56202045029e-08, 1.158379348e-08, 1.31725848007e-08, 1.45832137477e-08, 8.2802964485e-09, 6.50179732276e-09, 3.04509506499e-09, 2.56600007909e-09, 1.78077219637e-09, 8.02514943388e-10, 7.14258929779e-10, 4.3346753964e-10, 1.05344677426e-10, 9.66299054661e-11, 1.87750176517e-10, 2.71109162897e-10, 6.00846802867e-11, 6.17440890083e-11, 1.1228495217e-10, 6.82188888712e-11, 6.11750927693e-11, 5.92320359427e-11, 3.52123365188e-11, 1.92524243076e-11, 1.23753065087e-11, 8.72245765199e-12, 9.54424907162e-12, 6.32051876115e-12],
        "max": [0.0321717560291, 0.0432699993253, 0.0167349930853, 0.0113099543378, 0.0100917313248, 0.0111873792484, 0.0152493491769, 0.0155744161457, 0.00407985132188, 0.00707619683817, 0.00715402513742, 0.00390105322003, 0.00374283106066, 0.00255331303924, 0.00229805707932, 0.00110374344513, 0.00149123033043, 0.00109603675082, 0.000749657629058, 0.000967492349446, 0.000474389118608, 0.000392781279515, 0.000441572425188, 0.000254100217717, 7.59599424782e-05, 0.000137694732985, 9.333404887e-05, 0.000114639784442, 5.60628977837e-05, 5.33953425474e-05, 7.50985273044e-05, 0.000134233094286, 9.24631240196e-05, 5.5699107179e-05, 6.06039902777e-05, 2.84028610622e-05, 2.12882860069e-05, 2.54633232544e-05, 2.3009675715e-05, 1.50275945998e-05],
        "mean": [0.00425729900599, 0.00298477825709, 0.0010913098231, 0.000653340131976, 0.000609495094977, 0.000659323937725, 0.000775055668782, 0.000802470196504, 0.000336816883646, 0.000331338786054, 0.000263190013357, 0.000147081620526, 9.17847937671e-05, 4.64052536699e-05, 5.96784775553e-05, 4.7742134484e-05, 3.80601995857e-05, 4.03640551667e-05, 2.48659798672e-05, 2.28994122153e-05, 2.11220212805e-05, 1.56508958753e-05, 1.34838483064e-05, 1.00358820418e-05, 4.64894264951e-06, 5.59809177503e-06, 4.85385635329e-06, 4.82325822304e-06, 2.51656433647e-06, 2.34928825193e-06, 2.84237239612e-06, 2.9231928238e-06, 3.42968405675e-06, 3.11121357299e-06, 1.6805084897e-06, 1.47176444898e-06, 1.29452917008e-06, 1.05115100268e-06, 8.8351919203e-07, 7.93093704488e-07],
        "median": [0.00354991992936, 0.0021901500877, 0.000550663331524, 0.000295248173643, 0.000290089403279, 0.00029882992385, 0.00034178502392, 0.000273583951639, 0.000173963984707, 0.000129374981043, 8.18314656499e-05, 5.59711916139e-05, 2.92559670925e-05, 2.23112074309e-05, 2.80201038549e-05, 1.99079222512e-05, 1.55283614731e-05, 1.74908345798e-05, 1.11763220048e-05, 8.77979437064e-06, 1.00824227047e-05, 7.45092347643e-06, 4.35181436842e-06, 4.92780600325e-06, 2.19184994421e-06, 3.03350566355e-06, 2.09074028135e-06, 1.71322471942e-06, 9.34350737225e-07, 7.33481556381e-07, 6.91144634857e-07, 6.55433098018e-07, 6.2970025283e-07, 5.06353671881e-07, 2.72995748674e-07, 2.218187376e-07, 2.1845903575e-07, 1.69662953908e-07, 1.25848771404e-07, 1.24036077409e-07],
        "min": [2.83271746911e-24, 1.08783455374e-24, 4.3513800246e-24, 3.28084686683e-24, 3.8390503654e-24, 2.404125395e-24, 2.59676404477e-24, 5.58763116487e-24, 3.65585201408e-24, 5.58280767486e-24, 4.70886812101e-24, 3.55648275573e-24, 2.95103260262e-24, 3.54662593872e-24, 5.04656882492e-24, 2.08724706912e-24, 7.63569077967e-24, 6.70801007665e-24, 6.54786855188e-24, 4.5054926799e-24, 4.09296812471e-24, 5.16041880848e-24, 7.85171560539e-24, 3.50380459663e-24, 6.77058804568e-24, 8.25553113619e-24, 7.23008769005e-24, 6.73681691032e-24, 5.29167579678e-24, 4.10950107156e-24, 9.42418675765e-24, 8.11922701583e-24, 7.13569653844e-24, 6.92327759591e-24, 6.10665430885e-24, 6.9229588961e-24, 8.23482984832e-24, 7.26277256394e-24, 7.10478502387e-24, 6.98278689602e-24],
        "var": [2.00498361664e-05, 1.42369026435e-05, 3.16352429763e-06, 9.99687699732e-07, 8.53231313158e-07, 1.12244424599e-06, 1.45446949773e-06, 2.58625050265e-06, 1.8109862765e-07, 2.7661559443e-07, 2.3608353672e-07, 8.85346622681e-08, 4.0029629389e-08, 1.16686855733e-08, 1.41153781996e-08, 8.51384829303e-09, 5.2962767505e-09, 5.23001197905e-09, 2.15268758375e-09, 2.406115307e-09, 1.08557329792e-09, 5.49457979115e-10, 6.16545925425e-10, 2.04188291275e-10, 5.40582856257e-11, 7.57854404232e-11, 7.51403314569e-11, 1.03587437239e-10, 2.51480676561e-11, 2.69711562112e-11, 4.87472319455e-11, 3.64658858665e-11, 4.55183668535e-11, 3.8275521641e-11, 1.53960889177e-11, 1.02957017911e-11, 7.1330723446e-12, 5.92895741183e-12, 5.36515103178e-12, 3.54464613044e-12]
    },
    "mfcc": {
        "mean": [-652.316223145, 142.949752808, 1.3667845726, 12.0558309555, -4.31134080887, -0.121197916567, -10.1840667725, 2.47351121902, -0.407715708017, 4.68468236923, 3.95577812195, 1.63438010216, 2.00961351395],
        "cov": [[7652.1484375, -870.778747559, 749.67590332, 514.906494141, 401.558135986, 422.972076416, 203.079147339, 365.228057861, 234.078857422, 168.711532593, 214.056503296, 92.6273117065, 173.473892212], [-870.778747559, 2174.87353516, 427.57144165, 235.107620239, 399.862762451, 178.857009888, 320.764526367, 168.815414429, 174.557220459, 143.384780884, 117.460861206, 107.494544983, 54.2028236389], [749.67590332, 427.57144165, 1834.41833496, 350.133483887, 729.234802246, 410.336029053, 484.158538818, 343.802154541, 393.782348633, 216.486785889, 329.558135986, 195.703872681, 177.453720093], [514.906494141, 235.107620239, 350.133483887, 329.240570068, 215.577331543, 146.073516846, 123.433990479, 114.493621826, 115.960762024, 72.4911346436, 75.076675415, 53.5050773621, 74.5436706543], [401.558135986, 399.862762451, 729.234802246, 215.577331543, 547.920776367, 263.798919678, 242.282577515, 191.576538086, 209.371368408, 144.246383667, 158.122344971, 113.259109497, 96.3385467529], [422.972076416, 178.857009888, 410.336029053, 146.073516846, 263.798919678, 242.800323486, 167.215072632, 125.688491821, 126.68372345, 78.8994216919, 98.0813598633, 68.4557723999, 54.6212844849], [203.079147339, 320.764526367, 484.158538818, 123.433990479, 242.282577515, 167.215072632, 341.584991455, 179.928909302, 155.556396484, 108.598625183, 139.827972412, 86.3702011108, 70.4981079102], [365.228057861, 168.815414429, 343.802154541, 114.493621826, 191.576538086, 125.688491821, 179.928909302, 211.644592285, 151.476379395, 89.1437759399, 92.4694290161, 53.195728302, 58.0628433228], [234.078857422, 174.557220459, 393.782348633, 115.960762024, 209.371368408, 126.68372345, 155.556396484, 151.476379395, 243.505340576, 113.865127563, 91.312789917, 68.0179824829, 67.1695022583], [168.711532593, 143.384780884, 216.486785889, 72.4911346436, 144.246383667, 78.8994216919, 108.598625183, 89.1437759399, 113.865127563, 134.520294189, 88.9427566528, 54.2417526245, 40.6404190063], [214.056503296, 117.460861206, 329.558135986, 75.076675415, 158.122344971, 98.0813598633, 139.827972412, 92.4694290161, 91.312789917, 88.9427566528, 170.136672974, 87.9221191406, 62.2203445435], [92.6273117065, 107.494544983, 195.703872681, 53.5050773621, 113.259109497, 68.4557723999, 86.3702011108, 53.195728302, 68.0179824829, 54.2417526245, 87.9221191406, 115.456344604, 64.3406295776], [173.473892212, 54.2028236389, 177.453720093, 74.5436706543, 96.3385467529, 54.6212844849, 70.4981079102, 58.0628433228, 67.1695022583, 40.6404190063, 62.2203445435, 64.3406295776, 107.22543335]],
