{
"lowlevel": {
    "average_loudness": 0.892780125141,
    "barkbands_crest": {
        "dmean": 3.01434993744,
        "dmean2": 4.70515298843,
        "dvar": 8.23197555542,
        "dvar2": 19.5288352966,
        "max": 25.7443370819,
        "mean": 11.3205165863,
        "median": 10.2792434692,
        "min": 2.10385012627,
        "var": 24.9010410309
    },
    "barkbands_flatness_db": {
        "dmean": 0.0282794460654,
        "dmean2": 0.0424045585096,
        "dvar": 0.000855830614455,
        "dvar2": 0.00197005178779,
        "max": 0.486797124147,
        "mean": 0.158090725541,
        "median": 0.146500468254,
        "min": 0.0199598353356,
        "var": 0.00609993236139
    },
    "barkbands_kurtosis": {
        "dmean": 3.24890971184,
        "dmean2": 5.072224617,
        "dvar": 38.5944709778,
        "dvar2": 88.053062439,
        "max": 231.077789307,
        "mean": 4.62315654755,
        "median": 2.04462552071,
        "min": -1.77901148796,
        "var": 88.1905975342
    },
    "barkbands_skewness": {
        "dmean": 0.596347928047,
        "dmean2": 0.917567312717,
        "dvar": 0.433890968561,
        "dvar2": 1.00816679001,
        "max": 13.8991317749,
        "mean": 1.54498362541,
        "median": 1.33514666557,
        "min": -3.55860424042,
        "var": 1.60838747025
    },
    "barkbands_spread": {
        "dmean": 5.72012710571,
        "dmean2": 8.75895023346,
        "dvar": 54.7381515503,
        "dvar2": 124.859687805,
        "max": 93.6232833862,
        "mean": 18.8073291779,
        "median": 15.7629890442,
        "min": 0.669189214706,
        "var": 160.748703003
    },
    "dissonance": {
        "dmean": 0.026856707409,
        "dmean2": 0.0450689196587,
        "dvar": 0.000806731346529,
        "dvar2": 0.00225151889026,
        "max": 0.500000178814,
        "mean": 0.450533986092,
        "median": 0.461581468582,
        "min": 0.176660358906,
        "var": 0.00167124893051
    },
    "dynamic_complexity": 2.85928821564,
    "erbbands_crest": {
        "dmean": 2.79875946045,
        "dmean2": 4.50086069107,
        "dvar": 7.32933044434,
        "dvar2": 17.6651115417,
        "max": 31.9714393616,
        "mean": 9.6587305069,
        "median": 8.50682640076,
        "min": 2.33172106743,
        "var": 24.6129875183
    },
    "erbbands_flatness_db": {
        "dmean": 0.0196028016508,
        "dmean2": 0.0289293956012,
        "dvar": 0.00043222666136,
        "dvar2": 0.000884823442902,
        "max": 0.521941542625,
        "mean": 0.177385345101,
        "median": 0.155374109745,
        "min": 0.0490939766169,
        "var": 0.00663224980235
    },
    "erbbands_kurtosis": {
        "dmean": 1.25034892559,
        "dmean2": 1.98091292381,
        "dvar": 5.27708339691,
        "dvar2": 12.9041986465,
        "max": 70.6270828247,
        "mean": 1.21791934967,
        "median": 0.159673929214,
        "min": -1.76395070553,
        "var": 12.0577707291
    },
    "erbbands_skewness": {
        "dmean": 0.374115824699,
        "dmean2": 0.578543961048,
        "dvar": 0.12702678144,
        "dvar2": 0.30610075593,
        "max": 5.48763132095,
        "mean": 0.514815211296,
        "median": 0.452102661133,
        "min": -2.92070293427,
        "var": 0.496258467436
    },
    "erbbands_spread": {
        "dmean": 7.60394525528,
        "dmean2": 11.3919229507,
        "dvar": 84.5499191284,
        "dvar2": 170.69670105,
        "max": 135.032699585,
        "mean": 32.9984893799,
        "median": 31.0825023651,
        "min": 0.892194032669,
        "var": 376.338745117
    },
    "hfc": {
        "dmean": 10.8606958389,
        "dmean2": 16.8383159637,
        "dvar": 335.494628906,
        "dvar2": 837.536193848,
        "max": 171.66847229,
        "mean": 23.3689002991,
        "median": 18.1309661865,
        "min": 1.20325874127e-16,
        "var": 459.664489746
    },
    "melbands_crest": {
        "dmean": 3.75875091553,
        "dmean2": 6.0354552269,
        "dvar": 14.2965259552,
        "dvar2": 33.6684989929,
        "max": 36.2235145569,
        "mean": 15.4366436005,
        "median": 14.211145401,
        "min": 1.79877400398,
        "var": 44.5164260864
    },
    "melbands_flatness_db": {
        "dmean": 0.0339473634958,
        "dmean2": 0.0509427040815,
        "dvar": 0.00137535866816,
        "dvar2": 0.0031797925476,
        "max": 0.592979371548,
        "mean": 0.222529530525,
        "median": 0.214613780379,
        "min": 0.00322190020233,
        "var": 0.00841822102666
    },
    "melbands_kurtosis": {
        "dmean": 7.73357343674,
        "dmean2": 12.0044593811,
        "dvar": 285.4871521,
        "dvar2": 626.553344727,
        "max": 499.716217041,
        "mean": 13.0436935425,
        "median": 5.73581123352,
        "min": -1.52029931545,
        "var": 646.571594238
    },
    "melbands_skewness": {
        "dmean": 0.796860873699,
        "dmean2": 1.2213395834,
        "dvar": 0.955196380615,
        "dvar2": 2.09427690506,
        "max": 17.198633194,
        "mean": 2.40006160736,
        "median": 1.98633337021,
        "min": -2.94472956657,
        "var": 3.6501789093
    },
    "melbands_spread": {
        "dmean": 7.00142717361,
        "dmean2": 11.0081071854,
        "dvar": 90.2668914795,
        "dvar2": 209.469940186,
        "max": 167.430099487,
        "mean": 19.7056159973,
        "median": 16.1524715424,
        "min": 0.670812010765,
        "var": 219.632659912
    },
    "pitch_salience": {
        "dmean": 0.0901211872697,
        "dmean2": 0.145225927234,
        "dvar": 0.00838123634458,
        "dvar2": 0.0210916679353,
        "max": 0.94812643528,
        "mean": 0.518936157227,
        "median": 0.526551902294,
        "min": 0.0646195188165,
        "var": 0.0205515772104
    },
    "silence_rate_20dB": {
        "dmean": 0,
        "dmean2": 0,
        "dvar": 0,
        "dvar2": 0,
        "max": 1,
        "mean": 1,
        "median": 1,
        "min": 1,
        "var": 0
    },
    "silence_rate_30dB": {
        "dmean": 0.0103186648339,
        "dmean2": 0.020639417693,
        "dvar": 0.0102124633268,
        "dvar2": 0.0270942337811,
        "max": 1,
        "mean": 0.99271696806,
        "median": 1,
        "min": 0,
        "var": 0.00723027531058
    },
    "silence_rate_60dB": {
        "dmean": 0.0139605458826,
        "dmean2": 0.0279239173979,
        "dvar": 0.0137684093788,
        "dvar2": 0.032002300024,
        "max": 1,
        "mean": 0.0483512021601,
        "median": 0,
        "min": 0,
        "var": 0.0460104346275
    },
    "spectral_centroid": {
        "dmean": 262.925506592,
        "dmean2": 406.333068848,
        "dvar": 111406.914062,
        "dvar2": 251442.453125,
        "max": 11314.6572266,
        "mean": 1250.3223877,
        "median": 1143.29614258,
        "min": 203.806762695,
        "var": 389636.15625
    },
    "spectral_complexity": {
        "dmean": 4.85665130615,
        "dmean2": 7.6851477623,
        "dvar": 39.3129386902,
        "dvar2": 89.6704406738,
        "max": 58,
        "mean": 18.6121788025,
        "median": 16,
        "min": 0,
        "var": 98.7407608032
    },
    "spectral_decrease": {
        "dmean": 2.83255174871e-09,
        "dmean2": 4.27618473964e-09,
        "dvar": 1.33750911244e-17,
        "dvar2": 2.9964829448e-17,
        "max": 1.16261373135e-28,
        "mean": -8.60651816481e-09,
        "median": -7.47166595261e-09,
        "min": -4.39322001e-08,
        "var": 4.240526521e-17
    },
    "spectral_energy": {
        "dmean": 0.0113506950438,
        "dmean2": 0.0171128734946,
        "dvar": 0.000209039717447,
        "dvar2": 0.000466539233457,
        "max": 0.167871162295,
        "mean": 0.0346026159823,
        "median": 0.0303841419518,
        "min": 1.07272424985e-20,
        "var": 0.000653494033031
    },
    "spectral_energyband_high": {
        "dmean": 0.000695827126037,
        "dmean2": 0.00110287161078,
        "dvar": 2.04131538339e-06,
        "dvar2": 5.04324589201e-06,
        "max": 0.014855206944,
        "mean": 0.0010120596271,
        "median": 0.000480417191284,
        "min": 7.82801968793e-21,
        "var": 2.40273175223e-06
    },
    "spectral_energyband_low": {
        "dmean": 0.00677534006536,
        "dmean2": 0.0105677014217,
        "dvar": 0.000141866112244,
        "dvar2": 0.000343020656146,
        "max": 0.158724218607,
        "mean": 0.0152655830607,
        "median": 0.0056797740981,
        "min": 7.85480730905e-23,
        "var": 0.000418851763243
    },
    "spectral_energyband_middle_high": {
        "dmean": 0.00319667416625,
        "dmean2": 0.00503210490569,
        "dvar": 2.50834691542e-05,
        "dvar2": 6.14422679064e-05,
        "max": 0.0638980790973,
        "mean": 0.0067675546743,
        "median": 0.00427802000195,
        "min": 1.56237120832e-21,
        "var": 5.08242446813e-05
    },
    "spectral_energyband_middle_low": {
        "dmean": 0.00646995287389,
        "dmean2": 0.0103022251278,
        "dvar": 0.000118317409942,
        "dvar2": 0.000289205752779,
        "max": 0.121312431991,
        "mean": 0.012776888907,
        "median": 0.00912166759372,
        "min": 2.10333743345e-22,
        "var": 0.00015654625895
    },
    "spectral_entropy": {
        "dmean": 0.20691229403,
        "dmean2": 0.307041913271,
        "dvar": 0.0535235702991,
        "dvar2": 0.118783354759,
        "max": 9.80919551849,
        "mean": 7.44601345062,
        "median": 7.58121776581,
        "min": 5.10716104507,
        "var": 0.399304956198
    },
    "spectral_flux": {
        "dmean": 0.0360827296972,
        "dmean2": 0.0539809204638,
        "dvar": 0.00165306881536,
        "dvar2": 0.00321295578033,
        "max": 0.36694175005,
        "mean": 0.0916758328676,
        "median": 0.0750445276499,
        "min": 6.76492611928e-11,
        "var": 0.00361558212899
    },
    "spectral_kurtosis": {
        "dmean": 3.48855662346,
        "dmean2": 5.7617726326,
        "dvar": 104.544387817,
        "dvar2": 287.039703369,
        "max": 277.666992188,
        "mean": 9.416015625,
        "median": 3.98022007942,
        "min": -1.19801270962,
        "var": 436.411590576
    },
    "spectral_rms": {
        "dmean": 0.000919825804885,
        "dmean2": 0.00136670458596,
        "dvar": 1.07846801711e-06,
        "dvar2": 2.27909936257e-06,
        "max": 0.0127975288779,
        "mean": 0.00534711685032,
        "median": 0.00544454436749,
        "min": 3.23505827161e-12,
        "var": 5.16696536579e-06
    },
    "spectral_rolloff": {
        "dmean": 536.437988281,
        "dmean2": 883.735717773,
        "dvar": 899021.5625,
        "dvar2": 1879488.75,
        "max": 19099.9511719,
        "mean": 1336.97631836,
        "median": 990.52734375,
        "min": 43.06640625,
        "var": 1990081.5
    },
    "spectral_skewness": {
        "dmean": 0.317632555962,
        "dmean2": 0.507345855236,
        "dvar": 0.305768579245,
        "dvar2": 0.829842865467,
        "max": 12.5317678452,
        "mean": 1.98546099663,
        "median": 1.61197352409,
        "min": -0.0340138301253,
        "var": 1.61029469967
    },
    "spectral_spread": {
        "dmean": 595800.5625,
        "dmean2": 842848.75,
        "dvar": 645435228160,
        "dvar2": 1.06461220045e+12,
        "max": 41141300,
        "mean": 4654145.5,
        "median": 4719765.5,
        "min": 280497.03125,
        "var": 3.7297258496e+12
    },
    "spectral_strongpeak": {
        "dmean": 0.524188041687,
        "dmean2": 0.871323883533,
        "dvar": 0.685867130756,
        "dvar2": 1.70802366734,
        "max": 9.68209838867,
        "mean": 1.01438319683,
        "median": 0.570352315903,
        "min": 0,
        "var": 1.27594721317
    },
    "zerocrossingrate": {
        "dmean": 0.0111453095451,
        "dmean2": 0.01276531443,
        "dvar": 0.000203034083825,
        "dvar2": 0.000241976158577,
        "max": 0.72314453125,
        "mean": 0.0564374774694,
        "median": 0.0478515625,
        "min": 0.00390625,
        "var": 0.0015077641001
    },
    "barkbands": {
        "dmean": [0.000328782596625, 0.00495308684185, 0.00269840308465, 0.00204416597262, 0.00212982972153, 0.0013353836257, 0.00106061005499, 0.000797865912318, 0.00157513574231, 0.000899146543816, 0.000874026911333, 0.000697436043993, 0.000489576952532, 0.000417368020862, 0.000334877549903, 0.000287646398647, 0.000252149096923, 0.000201059301617, 0.000214916464756, 0.000150909210788, 0.000173714070115, 0.000146778780618, 0.000118228133942, 0.00010269327322, 8.2182828919e-05, 6.30460926914e-05, 1.13800706458e-05],
        "dmean2": [0.000528411823325, 0.00750143220648, 0.00446504214779, 0.00356289255433, 0.00364292622544, 0.00223221629858, 0.00160603865515, 0.00124165497255, 0.00243090209551, 0.0014591034269, 0.00138277455699, 0.00108112592716, 0.000783911265898, 0.000689473410603, 0.00055381009588, 0.000484625023091, 0.000437096517999, 0.00034402764868, 0.000364271865692, 0.0002522195864, 0.000287726084935, 0.000239484463236, 0.000192660052562, 0.000163944569067, 0.000128871935885, 9.90458865999e-05, 1.87173463928e-05],
        "dvar": [1.16732780953e-06, 0.000103987920738, 4.43106764578e-05, 3.94859926018e-05, 2.70648870355e-05, 6.31133116258e-06, 3.84631584893e-06, 2.56515886576e-06, 9.11728329811e-06, 4.3595164243e-06, 4.55582630821e-06, 3.28540750161e-06, 1.08111737518e-06, 7.2776521165e-07, 4.05021978622e-07, 3.72973090634e-07, 2.53188744637e-07, 2.11833281583e-07, 2.1909964687e-07, 8.6448643799e-08, 1.23242102745e-07, 9.53780556756e-08, 6.0374325983e-08, 4.94102856408e-08, 3.03173841587e-08, 2.76176592706e-08, 1.45184531064e-09],
        "dvar2": [3.27795396515e-06, 0.000228458855418, 0.00011514590733, 0.000102076883195, 7.54582652007e-05, 1.68424867297e-05, 8.6623504103e-06, 5.81834956392e-06, 2.11922815652e-05, 1.03634174593e-05, 1.09415896077e-05, 7.03775685906e-06, 2.53275243267e-06, 1.83622159966e-06, 1.02861338291e-06, 9.86858481156e-07, 6.91435957378e-07, 5.7043570223e-07, 5.93391064285e-07, 2.30257839462e-07, 3.25743627627e-07, 2.40214518499e-07, 1.53725636665e-07, 1.21445353329e-07, 7.05391016709e-08, 6.46724060971e-08, 3.66579877564e-09],
        "max": [0.0310778003186, 0.153138309717, 0.0716355293989, 0.0609108954668, 0.0549381822348, 0.0386316478252, 0.0447822250426, 0.0419382229447, 0.0408004075289, 0.043395306915, 0.0405516773462, 0.0500895120203, 0.0240648910403, 0.0188378449529, 0.00879456475377, 0.0106844278052, 0.00560804875568, 0.00923057366163, 0.0072692791, 0.00424362532794, 0.00411589397117, 0.00341261643916, 0.0030612249393, 0.0024211180862, 0.00208285776898, 0.00250674877316, 0.000700480886735],
        "mean": [0.000529070966877, 0.00989675056189, 0.00371230579913, 0.0019378089346, 0.00277276337147, 0.00212840689346, 0.00202899053693, 0.00127716327552, 0.00246558804065, 0.00136361457407, 0.00131274561863, 0.00110068288632, 0.000731007545255, 0.000558487605304, 0.000446925638244, 0.000358780409442, 0.000307687994791, 0.000256011233432, 0.000284000154352, 0.000223166949581, 0.000239528628299, 0.000191606523003, 0.00015311979223, 0.000133867477416, 0.000109280008473, 7.29021558072e-05, 1.02538933788e-05],
        "median": [2.75111342489e-05, 0.00112869869918, 0.000544604088645, 0.000290955998935, 0.00130292540416, 0.000979237258434, 0.000918305595405, 0.00050506554544, 0.00103130238131, 0.000352979230229, 0.000344934407622, 0.000304521614453, 0.000273159210337, 0.000210589234484, 0.000154714041855, 0.000136380200274, 0.000101755045762, 9.0867120889e-05, 0.000124911923194, 0.000107316489448, 0.000111261993879, 7.3054296081e-05, 4.15585018345e-05, 4.05133687309e-05, 4.05089231208e-05, 2.01994116651e-05, 6.76039235259e-07],
        "min": [3.92239904206e-24, 2.35566708955e-23, 2.46719703319e-23, 4.26973015989e-24, 1.99986447334e-23, 3.24923728925e-23, 2.32924892669e-23, 1.46347124331e-23, 2.59475347498e-23, 4.14785115004e-23, 3.7485723583e-23, 6.74923768305e-23, 3.38973246984e-23, 5.49620912793e-23, 1.09963133355e-22, 9.70950260094e-23, 1.30974803286e-22, 1.67507355703e-22, 2.80645206129e-22, 1.47678068362e-22, 2.66075361728e-22, 4.62304095383e-22, 5.02811105746e-22, 8.74690082425e-22, 1.16679399176e-21, 1.72587236231e-21, 2.54375426117e-21],
        "var": [1.89801653505e-06, 0.000286728667561, 6.24765307293e-05, 3.32047166012e-05, 2.21959326154e-05, 1.02549984149e-05, 9.55233736022e-06, 5.45463444723e-06, 1.50156447489e-05, 8.49914704304e-06, 7.89882506069e-06, 7.38937887945e-06, 2.11185442822e-06, 1.06596883143e-06, 5.329715691e-07, 3.99638878434e-07, 2.72332869145e-07, 2.2613910744e-07, 2.18752049364e-07, 1.05637980141e-07, 1.31317747787e-07, 1.05791933436e-07, 6.99474114185e-08, 5.66241560307e-08, 3.60067922145e-08, 2.88828516659e-08, 1.2543328598e-09]
    },
    "erbbands": {
        "dmean": [0.185253962874, 1.06883299351, 2.81184434891, 5.21940660477, 6.57012987137, 7.29270505905, 8.88779354095, 11.4174585342, 14.2605857849, 17.2433204651, 18.7074451447, 35.5987243652, 26.9697170258, 25.9742870331, 35.045879364, 21.589471817, 23.0003452301, 18.1826534271, 16.759016037, 18.9147453308, 16.0240764618, 14.2981233597, 10.5278701782, 11.6440267563, 8.96548557281, 7.03569889069, 7.00047397614, 6.61816596985, 5.45269823074, 4.09946632385, 3.35496068001, 2.41283774376, 1.58617424965, 1.00165128708, 0.548829972744, 0.295720785856, 0.107295356691, 0.0276210717857, 0.00166498974431, 3.89055239793e-05],
        "dmean2": [0.257651925087, 1.63155639172, 4.61308813095, 8.84814071655, 11.2200632095, 12.4586725235, 14.9019851685, 18.7458209991, 21.9614944458, 26.2411708832, 28.5632705688, 55.2676353455, 43.4141426086, 41.7275352478, 54.5143928528, 33.5931472778, 36.6931610107, 29.7325382233, 28.178144455, 31.0267982483, 26.8771972656, 24.6339569092, 17.970993042, 19.7578907013, 15.1918411255, 11.6797943115, 11.647108078, 10.9842281342, 8.94982433319, 6.63579559326, 5.44380283356, 3.9263150692, 2.52770924568, 1.57607781887, 0.865153729916, 0.465075284243, 0.168532699347, 0.0440334156156, 0.00273940642364, 6.08174705121e-05],
        "dvar": [0.159096762538, 5.17246675491, 47.2458381653, 199.0052948, 352.796264648, 276.942016602, 289.596099854, 483.48840332, 732.880126953, 1427.30749512, 1158.62792969, 4818.12548828, 3962.72094727, 2921.62133789, 5595.39990234, 2265.84545898, 2507.99438477, 1657.91601562, 1059.25170898, 1329.7232666, 1320.32495117, 825.069152832, 502.43762207, 673.084472656, 361.561248779, 174.461593628, 189.643295288, 200.65246582, 136.240631104, 75.0043029785, 50.7416725159, 28.7505378723, 11.7175016403, 4.73572969437, 1.3282392025, 0.529448986053, 0.0794577598572, 0.00838745664805, 2.87969778583e-05, 8.34118463189e-09],
        "dvar2": [0.314679026604, 12.098733902, 122.162750244, 513.626525879, 923.877807617, 768.813842773, 782.959655762, 1235.48486328, 1703.08251953, 3242.17651367, 2607.47680664, 11427.7783203, 9677.98925781, 6878.82080078, 13239.8632812, 5017.34814453, 5896.44824219, 4061.14941406, 2739.94140625, 3348.71777344, 3459.56811523, 2238.33911133, 1350.91516113, 1824.55078125, 980.405822754, 459.49029541, 505.74899292, 523.586303711, 346.347015381, 187.592529297, 129.014770508, 70.6257781982, 29.2823753357, 11.3069801331, 3.16385817528, 1.26076841354, 0.181551426649, 0.0205005463213, 7.20144380466e-05, 2.01975289826e-08],
        "max": [6.57575798035, 34.672996521, 69.2623443604, 147.326370239, 210.422958374, 198.019744873, 217.998947144, 436.020629883, 620.617370605, 891.057861328, 665.925415039, 1064.04772949, 1295.29248047, 1440.98156738, 1518.38525391, 1170.47241211, 1203.4564209, 1156.43469238, 638.94354248, 558.573974609, 719.055847168, 351.263824463, 330.844787598, 405.783905029, 291.803222656, 182.382461548, 183.206176758, 194.539596558, 138.316299438, 117.042030334, 90.9842758179, 69.4668045044, 43.4985198975, 34.9913215637, 13.5972557068, 13.278134346, 4.38357543945, 1.54365336895, 0.0926854088902, 0.00146396667697],
        "mean": [0.359122723341, 1.94862425327, 4.02820158005, 6.09903240204, 6.80316400528, 9.70545196533, 13.6202487946, 18.8144416809, 25.8272647858, 31.9952144623, 32.7971458435, 56.0359649658, 42.0788002014, 42.8786888123, 57.4856376648, 36.5185585022, 36.6048164368, 25.3266716003, 22.550491333, 26.5841941833, 20.7043495178, 18.1696014404, 14.14382267, 15.633644104, 12.4510850906, 10.7097234726, 9.94843292236, 8.696808815, 7.11307096481, 5.44723796844, 4.28959083557, 3.05712914467, 2.0628080368, 1.31432247162, 0.720225870609, 0.354156315327, 0.122006423771, 0.027611348778, 0.00155170622747, 6.90708329785e-05],
        "median": [0.0171035155654, 0.28607749939, 0.884255290031, 1.23983168602, 2.23910951614, 4.5096321106, 7.26534223557, 8.63833236694, 11.8601169586, 12.4174900055, 16.8169441223, 24.158241272, 13.9842720032, 16.5955505371, 20.2221870422, 14.0277700424, 14.8741950989, 9.30083465576, 9.69619083405, 10.4819908142, 7.84710264206, 6.45640897751, 5.54769134521, 6.95345687866, 6.1245059967, 5.26736354828, 4.96207523346, 3.65327787399, 2.77483963966, 1.80793476105, 1.13479399681, 0.812196016312, 0.660837769508, 0.47401714325, 0.267978131771, 0.11024492979, 0.0300527177751, 0.00411652959883, 0.000149407467688, 4.61315066786e-05],
        "min": [7.29858047504e-22, 5.68631094933e-21, 2.90354353679e-20, 1.47327975679e-20, 5.5262941523e-20, 5.43012665127e-20, 1.69184013243e-19, 2.18186360751e-19, 2.66858236681e-19, 2.17705742966e-19, 4.99657001447e-19, 6.84323884127e-19, 1.94156040174e-18, 1.1214230253e-18, 1.61691072627e-18, 3.24942910993e-18, 2.39117525087e-18, 3.2066706965e-18, 5.45526151646e-18, 3.54140173908e-18, 6.87008529824e-18, 7.31425523099e-18, 9.43104433292e-18, 1.05675540986e-17, 1.33936803543e-17, 1.00845608574e-17, 9.90812405993e-18, 1.14213690997e-17, 1.65025708578e-17, 1.34053766882e-17, 1.32117973997e-17, 1.64919432413e-17, 1.14184251639e-17, 1.21130674541e-17, 7.33101804611e-18, 5.07420546445e-18, 3.05135719674e-18, 1.45781701111e-18, 3.11997508557e-19, 3.12200678333e-20],
        "var": [0.4663811028, 11.1298074722, 65.5365447998, 207.389068604, 280.553039551, 247.070678711, 358.500671387, 879.934936523, 1599.11706543, 3391.53417969, 2424.17895508, 7740.89404297, 6338.43798828, 5473.37792969, 10477.7958984, 4991.82861328, 5053.42285156, 2503.51538086, 1409.03198242, 1823.47033691, 1478.43041992, 906.704528809, 572.900390625, 669.584289551, 365.84286499, 233.50680542, 206.555618286, 209.582580566, 148.626724243, 87.0498962402, 57.2651176453, 31.6771221161, 13.261888504, 5.41634368896, 1.55263781548, 0.5530128479, 0.0851431414485, 0.00782799068838, 2.57057145063e-05, 9.15170428328e-09]
    },
    "gfcc": {
        "mean": [-9.04424762726, 89.5065689087, -121.319137573, 9.18027210236, -65.698600769, 8.95915031433, -34.3801651001, 7.52581453323, -25.9392929077, 4.40339517593, -16.6962184906, 0.285865664482, -9.41132640839],
        "cov": [[13129.1689453, -2009.20825195, 1550.16174316, 2262.55737305, 322.822296143, 852.285583496, -35.7685470581, 533.457397461, -197.000854492, 449.593841553, -551.725463867, 553.683959961, -170.629638672], [-2009.20825195, 3528.19189453, 226.345016479, -259.809692383, 520.045593262, -372.865478516, 302.175201416, -351.854034424, 261.340301514, -315.818267822, 187.139419556, -369.93649292, 165.842025757], [1550.16174316, 226.345016479, 1464.90270996, 678.213378906, 400.627105713, 325.797607422, 192.649520874, 216.152648926, 50.1303443909, 169.215270996, -97.2544174194, 122.693572998, -39.6440048218], [2262.55737305, -259.809692383, 678.213378906, 1230.00891113, 347.392364502, 451.032531738, 161.238586426, 202.175109863, 126.78036499, 71.8483352661, -46.0584182739, 95.7577438354, -13.7803430557], [322.822296143, 520.045593262, 400.627105713, 347.392364502, 552.345703125, 230.498260498, 255.544036865, 94.797203064, 140.739959717, 34.2973899841, 7.94631242752, -7.71791791916, 29.9026622772], [852.285583496, -372.865478516, 325.797607422, 451.032531738, 230.498260498, 473.957000732, 161.550430298, 170.670593262, 65.8649597168, 97.8388900757, 18.8704814911, 89.4272918701, -10.3850650787], [-35.7685470581, 302.175201416, 192.649520874, 161.238586426, 255.544036865, 161.550430298, 291.150177002, 98.7668380737, 94.4348983765, 46.4419174194, 35.2690200806, 20.3398227692, 42.1890792847], [533.457397461, -351.854034424, 216.152648926, 202.175109863, 94.797203064, 170.670593262, 98.7668380737, 223.773040771, 37.6903381348, 112.61730957, -7.53263139725, 94.0237197876, 12.2947626114], [-197.000854492, 261.340301514, 50.1303443909, 126.78036499, 140.739959717, 65.8649597168, 94.4348983765, 37.6903381348, 191.615585327, 11.392121315, 47.6687202454, -23.5310192108, 28.796546936], [449.593841553, -315.818267822, 169.215270996, 71.8483352661, 34.2973899841, 97.8388900757, 46.4419174194, 112.61730957, 11.392121315, 250.390548706, 38.947013855, 122.679985046, 28.2434062958], [-551.725463867, 187.139419556, -97.2544174194, -46.0584182739, 7.94631242752, 18.8704814911, 35.2690200806, -7.53263139725, 47.6687202454, 38.947013855, 183.516052246, 44.2163658142, 55.0302467346], [553.683959961, -369.93649292, 122.693572998, 95.7577438354, -7.71791791916, 89.4272918701, 20.3398227692, 94.0237197876, -23.5310192108, 122.679985046, 44.2163658142, 200.294769287, 56.7200050354], [-170.629638672, 165.842025757, -39.6440048218, -13.7803430557, 29.9026622772, -10.3850650787, 42.1890792847, 12.2947626114, 28.796546936, 28.2434062958, 55.0302467346, 56.7200050354, 125.807106018]],
        "icov": [[0.000186068675248, -0.000144529461977, 0.000124204831081, -0.000336911267368, 4.00852150051e-05, -0.000140397416544, 0.000246102921665, -0.000113304246042, 0.000203670933843, -0.000283373694401, 0.000708413310349, -0.000664516002871, 0.000359266065061], [-0.000144529461977, 0.00139910902362, -0.000876676756889, 0.000435231078882, -0.000843289948534, 0.00127394439187, -0.00121755246073, 0.00150872278027, -0.000573412165977, 0.00102919025812, -0.00207597343251, 0.00245374208316, -0.00200048531406], [0.000124204831081, -0.000876676756889, 0.00176635943353, -0.000747870013583, -0.000147350510815, -0.000651946174912, 0.000656381482258, -0.00109492707998, 0.000615977740381, -0.00115932454355, 0.00195067678578, -0.0021398186218, 0.00189764704555], [-0.000336911267368, 0.000435231078882, -0.000747870013583, 0.00223284959793, -0.000447694212198, -0.000716361799277, -0.000120308359328, 0.000199362853891, -0.00115916738287, 0.00111231103074, -0.00107152375858, 0.00103060016409, -0.000933955889195], [4.00852150051e-05, -0.000843289948534, -0.000147350510815, -0.000447694212198, 0.00468473043293, -0.001521471655, -0.00175148539711, -0.000345182663295, -0.000865066365805, -0.000518168439157, 0.00138940743636, -0.000344308762578, 0.000314356060699], [-0.000140397416544, 0.00127394439187, -0.000651946174912, -0.000716361799277, -0.001521471655, 0.00574988825247, -0.00210020039231, -0.000177987851202, -0.000206422773772, 0.000744180113543, -0.00276695331559, 0.00131202908233, -9.67368541751e-05], [0.000246102921665, -0.00121755246073, 0.000656381482258, -0.000120308359328, -0.00175148539711, -0.00210020039231, 0.00821135286242, -0.00310998782516, -0.000150199237396, -0.000892182288226, 0.00142613123171, -0.0016417587176, 0.000276707141893], [-0.000113304246042, 0.00150872278027, -0.00109492707998, 0.000199362853891, -0.000345182663295, -0.000177987851202, -0.00310998782516, 0.0105417072773, -0.00190919323359, -0.000944683037233, -0.000143628931255, -3.60106496373e-05, -0.00165748840664], [0.000203670933843, -0.000573412165977, 0.000615977740381, -0.00115916738287, -0.000865066365805, -0.000206422773772, -0.000150199237396, -0.00190919323359, 0.00852374639362, -0.000996306305751, -0.00098574149888, 0.00147831242066, -0.000437904527644], [-0.000283373694401, 0.00102919025812, -0.00115932454355, 0.00111231103074, -0.000518168439157, 0.000744180113543, -0.000892182288226, -0.000944683037233, -0.000996306305751, 0.00764991994947, -0.00296374992467, -0.000745619239751, -0.00126520206686], [0.000708413310349, -0.00207597343251, 0.00195067678578, -0.00107152375858, 0.00138940743636, -0.00276695331559, 0.00142613123171, -0.000143628931255, -0.00098574149888, -0.00296374992467, 0.0124180046842, -0.00678397808224, 0.00168954802211], [-0.000664516002871, 0.00245374208316, -0.0021398186218, 0.00103060016409, -0.000344308762578, 0.00131202908233, -0.0016417587176, -3.60106496373e-05, 0.00147831242066, -0.000745619239751, -0.00678397808224, 0.0163008589298, -0.0085058202967], [0.000359266065061, -0.00200048531406, 0.00189764704555, -0.000933955889195, 0.000314356060699, -9.67368541751e-05, 0.000276707141893, -0.00165748840664, -0.000437904527644, -0.00126520206686, 0.00168954802211, -0.0085058202967, 0.015035266988]]
    },
    "melbands": {
        "dmean": [0.00148456264287, 0.00132455118001, 0.000921001832467, 0.000498460314702, 0.000308193091769, 0.000256029685261, 0.000210360361962, 0.000188567079022, 0.000179666880285, 0.000216862652451, 0.000139624433359, 0.000111658511742, 0.00013344893523, 8.4513812908e-05, 5.72344724787e-05, 4.20980177296e-05, 3.48637440766e-05, 3.04779714497e-05, 2.49354998232e-05, 2.18282930291e-05, 1.88690373761e-05, 1.59036644618e-05, 1.09298234747e-05, 1.06921261249e-05, 9.76245519269e-06, 8.20090554043e-06, 5.85364114158e-06, 4.5335195864e-06, 4.59913871964e-06, 4.34675803263e-06, 3.72222075384e-06, 3.1835147638e-06, 2.91592209578e-06, 2.21786399379e-06, 2.00009912987e-06, 1.81333825822e-06, 1.38594964483e-06, 1.20021911698e-06, 9.54112806539e-07, 8.18347700715e-07],
        "dmean2": [0.00213676015846, 0.00210509682074, 0.00155751465354, 0.00084842328215, 0.000515826337505, 0.000421844626544, 0.000323845073581, 0.000288528535748, 0.000273795158137, 0.000338109326549, 0.000224803196033, 0.000179455513717, 0.000208404293517, 0.000130758751766, 9.15966593311e-05, 6.7754452175e-05, 5.73900397285e-05, 5.1528957556e-05, 4.15774848079e-05, 3.61980419257e-05, 3.19723440043e-05, 2.75205202342e-05, 1.89395250345e-05, 1.8241980797e-05, 1.66699737747e-05, 1.38468149089e-05, 9.93021876639e-06, 7.55028622734e-06, 7.63500793255e-06, 7.35161484045e-06, 6.20280161456e-06, 5.28285818291e-06, 4.77803587273e-06, 3.67083066521e-06, 3.26144481733e-06, 3.00065221381e-06, 2.25496114581e-06, 1.93681785277e-06, 1.53283860982e-06, 1.30047055791e-06],
        "dvar": [9.2802256404e-06, 8.50736068969e-06, 6.18072135694e-06, 1.55497343712e-06, 3.54388930646e-07, 2.33421374674e-07, 1.51317578911e-07, 1.55586803885e-07, 1.04124040945e-07, 1.80579704079e-07, 1.07916982017e-07, 5.82136330252e-08, 9.64303623618e-08, 5.82756243261e-08, 1.39138940369e-08, 6.9961640925e-09, 5.87814952269e-09, 3.85485954268e-09, 2.57126631098e-09, 1.69535741001e-09, 2.08767825249e-09, 1.11764431043e-09, 5.44396139279e-10, 6.72958355707e-10, 4.89993379205e-10, 3.24880122804e-10, 1.58598675859e-10, 7.55211032599e-11, 8.40838926264e-11, 8.92023746535e-11, 6.31694418995e-11, 4.92920426698e-11, 4.33621367979e-11, 2.21018238433e-11, 1.79754839486e-11, 1.72105680402e-11, 9.28690371133e-12, 7.07641193906e-12, 4.00569985168e-12, 3.40528300002e-12],
        "dvar2": [1.91781964531e-05, 2.16316784645e-05, 1.58338134497e-05, 4.23187611887e-06, 9.63558591138e-07, 6.0611949948e-07, 3.5051138525e-07, 3.5654645103e-07, 2.35939751292e-07, 4.29718170381e-07, 2.61907985077e-07, 1.36011465202e-07, 2.29202640867e-07, 1.22279942616e-07, 3.38195818017e-08, 1.64388733737e-08, 1.47128611516e-08, 9.88313697547e-09, 6.56556320422e-09, 4.41959047137e-09, 5.51890089184e-09, 3.01579961004e-09, 1.49199885779e-09, 1.80241277459e-09, 1.32726107882e-09, 8.83592421452e-10, 4.2727138494e-10, 1.9723171707e-10, 2.22673296468e-10, 2.38101843797e-10, 1.6355709842e-10, 1.27624022461e-10, 1.06895305108e-10, 5.62404671445e-11, 4.65325382393e-11, 4.33752582463e-11, 2.26246556212e-11, 1.79432909503e-11, 9.80299348641e-12, 8.18747153408e-12],
        "max": [0.0501640215516, 0.0316944047809, 0.0229375194758, 0.0136230625212, 0.0070200287737, 0.00893365591764, 0.00858879555017, 0.00834647193551, 0.00577438483015, 0.00598117196932, 0.00649575982243, 0.00620821584016, 0.00603522732854, 0.00668869446963, 0.0023436055053, 0.00175524270162, 0.00196984037757, 0.00145757966675, 0.000893938995432, 0.000503494404256, 0.000857523293234, 0.000484023010358, 0.000397235708078, 0.000597489881329, 0.000301930354908, 0.000304825778585, 0.00020393061277, 0.000116847106256, 0.000157456539455, 0.000122097582789, 9.10319649847e-05, 0.000116133654956, 8.60551663209e-05, 7.10756794433e-05, 5.71312339162e-05, 5.57021776331e-05, 4.76254244859e-05, 4.35680740338e-05, 4.20789474447e-05, 3.99600758101e-05],
        "mean": [0.00296467030421, 0.00227339868434, 0.0010652981, 0.000604906177614, 0.000478487374494, 0.000427106540883, 0.000388970423955, 0.000339491904015, 0.000307619367959, 0.000333083473379, 0.000212874627323, 0.000181603361852, 0.000210704965866, 0.000130850981805, 9.15765049285e-05, 6.14453674643e-05, 4.60874507553e-05, 3.90595050703e-05, 3.24759021169e-05, 2.97276965284e-05, 2.24992872973e-05, 1.92061761481e-05, 1.32955019581e-05, 1.35318732646e-05, 1.24780808619e-05, 1.0833219676e-05, 7.86644523032e-06, 6.6467077886e-06, 6.44696274321e-06, 5.47474974155e-06, 4.74681473861e-06, 4.03243075198e-06, 3.59497107638e-06, 2.86303520625e-06, 2.5268252557e-06, 2.15385489355e-06, 1.74050569512e-06, 1.5072429278e-06, 1.22693029425e-06, 1.0528066241e-06],
        "median": [0.000261669862084, 0.000725449470337, 0.000249758159043, 0.000250563025475, 0.000265942973783, 0.000202087248908, 0.000187089623068, 0.000128229934489, 0.000149352257722, 0.00014005030971, 5.92457399762e-05, 6.34078896837e-05, 6.67445201543e-05, 3.15062861773e-05, 3.24699722114e-05, 2.27613381867e-05, 1.60005729413e-05, 1.40414285852e-05, 1.15070415632e-05, 1.23163827084e-05, 6.74076272844e-06, 5.87730755797e-06, 4.5673546083e-06, 4.46473222837e-06, 5.10030577061e-06, 4.828629244e-06, 3.49273932443e-06, 2.94661776934e-06, 3.06539527628e-06, 2.19552202907e-06, 1.85148610399e-06, 1.47974378706e-06, 1.11646897949e-06, 8.71446161455e-07, 6.26808173365e-07, 5.07689037477e-07, 4.56658483472e-07, 4.23967094321e-07, 4.22300473701e-07, 3.61218923217e-07],
        "min": [6.52474230558e-24, 1.49945939335e-23, 3.9131232211e-24, 4.21571369827e-24, 4.89914097692e-24, 5.68846218248e-24, 3.99290545761e-24, 2.42098354976e-24, 5.06957082562e-24, 4.15223958325e-24, 1.03578202051e-23, 4.10176984026e-24, 5.77742321006e-24, 5.73994285073e-24, 7.95488677888e-24, 4.19711117483e-24, 6.24405731246e-24, 9.14792530206e-24, 5.31613166813e-24, 5.57337723717e-24, 6.30722377172e-24, 7.81885402667e-24, 6.56635274618e-24, 5.99285993998e-24, 8.2424131682e-24, 1.12892085543e-23, 6.59422911841e-24, 5.47739850299e-24, 5.23870142041e-24, 6.56949951233e-24, 6.7167664327e-24, 9.78091912532e-24, 6.36961438629e-24, 6.47249092023e-24, 6.66139707462e-24, 9.92145075128e-24, 1.04329402736e-23, 7.87824736422e-24, 8.07201132406e-24, 1.11199608137e-23],
        "var": [2.77049057331e-05, 1.38123286888e-05, 5.97183270656e-06, 1.306398417e-06, 4.1188249611e-07, 4.17034499378e-07, 3.36847733706e-07, 3.60095867791e-07, 2.03590303727e-07, 2.81141581127e-07, 1.80701007935e-07, 1.11231308608e-07, 1.72697525613e-07, 1.35600089379e-07, 2.94001214485e-08, 1.30191715186e-08, 8.44289793633e-09, 5.32536503783e-09, 3.04402947293e-09, 2.06843431272e-09, 2.22811946671e-09, 1.21807230968e-09, 5.96577842682e-10, 7.5068257166e-10, 4.79677852994e-10, 3.29901717055e-10, 1.68325103855e-10, 1.01920707984e-10, 9.34610999703e-11, 8.75430769542e-11, 6.58722382196e-11, 5.28593696592e-11, 4.62415696012e-11, 2.50536067586e-11, 2.01695674051e-11, 1.7520552717e-11, 1.03824535774e-11, 7.68707233284e-12, 4.57296873979e-12, 3.72867101778e-12]
    },
    "mfcc": {
        "mean": [-651.483642578, 126.971054077, -2.83151865005, 5.8259806633, -10.3791742325, -1.46090471745, -1.23762977123, -2.09884500504, -0.522871553898, -1.39217638969, -1.79410123825, -1.10881471634, -0.763139486313],
        "cov": [[9630.6484375, -2097.92138672, 467.026000977, 1170.5736084, 582.779785156, 621.308837891, 272.467163086, 398.157897949, 293.854614258, 247.407943726, 44.9353637695, -95.1630935669, 96.3600997925], [-2097.92138672, 2859.84985352, 41.019241333, -1.36614918709, 15.3728942871, -51.3283576965, 13.8103151321, -127.783943176, -9.8215341568, -34.2492828369, -1.5290915966, -11.608830452, -16.4450721741], [467.026000977, 41.019241333, 909.575622559, 404.120391846, 296.042144775, 249.694061279, 155.369354248, 173.869567871, 129.037185669, 123.289215088, 77.9857940674, 39.5521125793, 46.3316993713], [1170.5736084, -1.36614918709, 404.120391846, 714.543334961, 333.231384277, 289.628601074, 167.979385376, 173.443344116, 165.090148926, 141.857192993, 74.289390564, 19.7036437988, 62.3887138367], [582.779785156, 15.3728942871, 296.042144775, 333.231384277, 414.281921387, 271.300872803, 136.18359375, 184.025695801, 115.100364685, 151.04095459, 68.7918624878, 12.9799032211, 17.6310634613], [621.308837891, -51.3283576965, 249.694061279, 289.628601074, 271.300872803, 392.522827148, 187.288757324, 192.896240234, 118.230171204, 162.265625, 80.4317245483, 21.9215354919, 55.0409584045], [272.467163086, 13.8103151321, 155.369354248, 167.979385376, 136.18359375, 187.288757324, 265.144989014, 137.688278198, 102.76675415, 82.2095870972, 65.5829467773, 31.4268436432, 59.3018264771], [398.157897949, -127.783943176, 173.869567871, 173.443344116, 184.025695801, 192.896240234, 137.688278198, 271.643768311, 96.9870376587, 121.20816803, 43.1736373901, 8.75113296509, 10.2123737335], [293.854614258, -9.8215341568, 129.037185669, 165.090148926, 115.100364685, 118.230171204, 102.76675415, 96.9870376587, 192.401504517, 89.6287460327, 52.3757247925, 10.5111188889, 39.7063407898], [247.407943726, -34.2492828369, 123.289215088, 141.857192993, 151.04095459, 162.265625, 82.2095870972, 121.20816803, 89.6287460327, 188.541793823, 76.0434646606, 10.092549324, 9.96466064453], [44.9353637695, -1.5290915966, 77.9857940674, 74.289390564, 68.7918624878, 80.4317245483, 65.5829467773, 43.1736373901, 52.3757247925, 76.0434646606, 122.562606812, 52.6705245972, 34.725692749], [-95.1630935669, -11.608830452, 39.5521125793, 19.7036437988, 12.9799032211, 21.9215354919, 31.4268436432, 8.75113296509, 10.5111188889, 10.092549324, 52.6705245972, 109.783584595, 58.7296142578], [96.3600997925, -16.4450721741, 46.3316993713, 62.3887138367, 17.6310634613, 55.0409584045, 59.3018264771, 10.2123737335, 39.7063407898, 9.96466064453, 34.725692749, 58.7296142578, 137.134017944]],
