{
"lowlevel": {
    "average_loudness": 0.92516964674,
    "barkbands_crest": {
        "dmean": 2.99363732338,
        "dmean2": 4.64119386673,
        "dvar": 8.64068317413,
        "dvar2": 20.7368221283,
        "max": 26.6229286194,
        "mean": 13.1686124802,
        "median": 12.1976146698,
        "min": 2.44218111038,
        "var": 29.636346817
    },
    "barkbands_flatness_db": {
        "dmean": 0.0309024974704,
        "dmean2": 0.0447939373553,
        "dvar": 0.00112535303924,
        "dvar2": 0.0024678253103,
        "max": 0.621212363243,
        "mean": 0.210512652993,
        "median": 0.191945105791,
        "min": 0.0227949116379,
        "var": 0.00909198075533
    },
    "barkbands_kurtosis": {
        "dmean": 3.93141126633,
        "dmean2": 6.06973791122,
        "dvar": 88.2828521729,
        "dvar2": 181.724731445,
        "max": 439.338195801,
        "mean": 5.58759403229,
        "median": 2.51684761047,
        "min": -1.86814701557,
        "var": 263.680786133
    },
    "barkbands_skewness": {
        "dmean": 0.631563007832,
        "dmean2": 0.923401117325,
        "dvar": 0.549556791782,
        "dvar2": 1.28238034248,
        "max": 16.3527565002,
        "mean": 1.43200421333,
        "median": 1.28322887421,
        "min": -4.5725402832,
        "var": 2.07252979279
    },
    "barkbands_spread": {
        "dmean": 4.75931787491,
        "dmean2": 7.04998207092,
        "dvar": 45.7124633789,
        "dvar2": 93.0495223999,
        "max": 88.4085693359,
        "mean": 15.317278862,
        "median": 12.2414703369,
        "min": 0.0959276631474,
        "var": 152.601364136
    },
    "dissonance": {
        "dmean": 0.0318359844387,
        "dmean2": 0.0531474910676,
        "dvar": 0.000911151757464,
        "dvar2": 0.00253296620212,
        "max": 0.499997884035,
        "mean": 0.43075555563,
        "median": 0.441949605942,
        "min": 0.204822167754,
        "var": 0.00252818642184
    },
    "dynamic_complexity": 2.42695760727,
    "erbbands_crest": {
        "dmean": 3.37318658829,
        "dmean2": 5.22861623764,
        "dvar": 10.0838708878,
        "dvar2": 22.2102565765,
        "max": 34.0099487305,
        "mean": 13.0944194794,
        "median": 12.0840387344,
        "min": 2.50831866264,
        "var": 35.7208862305
    },
    "erbbands_flatness_db": {
        "dmean": 0.0251389034092,
        "dmean2": 0.0352011956275,
        "dvar": 0.000769906386267,
        "dvar2": 0.00151072861627,
        "max": 0.551986634731,
        "mean": 0.238126441836,
        "median": 0.213184982538,
        "min": 0.054294757545,
        "var": 0.0100787794217
    },
    "erbbands_kurtosis": {
        "dmean": 1.94741368294,
        "dmean2": 2.92512822151,
        "dvar": 9.84789180756,
        "dvar2": 21.9804153442,
        "max": 73.629737854,
        "mean": 2.29582619667,
        "median": 1.06325006485,
        "min": -1.77242147923,
        "var": 18.6404209137
    },
    "erbbands_skewness": {
        "dmean": 0.470041453838,
        "dmean2": 0.6776034832,
        "dvar": 0.209062352777,
        "dvar2": 0.439132452011,
        "max": 7.06582927704,
        "mean": 0.698071479797,
        "median": 0.667033970356,
        "min": -3.87082862854,
        "var": 0.941618204117
    },
    "erbbands_spread": {
        "dmean": 6.7031917572,
        "dmean2": 10.056728363,
        "dvar": 71.545463562,
        "dvar2": 163.894348145,
        "max": 167.199859619,
        "mean": 24.3988323212,
        "median": 20.4082794189,
        "min": 1.03180718422,
        "var": 292.863647461
    },
    "hfc": {
        "dmean": 8.66757583618,
        "dmean2": 12.1611642838,
        "dvar": 189.91456604,
        "dvar2": 402.771972656,
        "max": 158.537277222,
        "mean": 26.0853443146,
        "median": 21.6529598236,
        "min": 1.06092094253e-16,
        "var": 434.522674561
    },
    "melbands_crest": {
        "dmean": 3.4710316658,
        "dmean2": 5.32003068924,
        "dvar": 12.0650234222,
        "dvar2": 28.0145626068,
        "max": 36.1300582886,
        "mean": 16.9479961395,
        "median": 16.344783783,
        "min": 1.69490766525,
        "var": 46.1029167175
    },
    "melbands_flatness_db": {
        "dmean": 0.0308343693614,
        "dmean2": 0.0443520024419,
        "dvar": 0.0012191075366,
        "dvar2": 0.00259643257596,
        "max": 0.738323390484,
        "mean": 0.250289320946,
        "median": 0.241772592068,
        "min": 0.00350354122929,
        "var": 0.00872516911477
    },
    "melbands_kurtosis": {
        "dmean": 7.39423084259,
        "dmean2": 11.5310649872,
        "dvar": 683.492004395,
        "dvar2": 1776.85595703,
        "max": 1640.88684082,
        "mean": 11.9323692322,
        "median": 5.25111961365,
        "min": -1.86669790745,
        "var": 1047.89379883
    },
    "melbands_skewness": {
        "dmean": 0.763747036457,
        "dmean2": 1.11854398251,
        "dvar": 0.981505334377,
        "dvar2": 2.348747015,
        "max": 34.6056938171,
        "mean": 2.06616282463,
        "median": 1.6882815361,
        "min": -2.63809084892,
        "var": 3.71610474586
    },
    "melbands_spread": {
        "dmean": 6.20935153961,
        "dmean2": 9.09193515778,
        "dvar": 115.62387085,
        "dvar2": 253.453170776,
        "max": 283.853118896,
        "mean": 19.7636508942,
        "median": 14.6340932846,
        "min": 0.105265431106,
        "var": 435.298309326
    },
    "pitch_salience": {
        "dmean": 0.0805997774005,
        "dmean2": 0.126292839646,
        "dvar": 0.00647534197196,
        "dvar2": 0.0156551618129,
        "max": 0.962964773178,
        "mean": 0.472976356745,
        "median": 0.477150112391,
        "min": 0.00712896836922,
        "var": 0.0201967153698
    },
    "silence_rate_20dB": {
        "dmean": 0,
        "dmean2": 0,
        "dvar": 0,
        "dvar2": 0,
        "max": 1,
        "mean": 1,
        "median": 1,
        "min": 1,
        "var": 0
    },
    "silence_rate_30dB": {
        "dmean": 0.0419966392219,
        "dmean2": 0.0840033590794,
        "dvar": 0.0402375385165,
        "dvar2": 0.091599367559,
        "max": 1,
        "mean": 0.948170363903,
        "median": 1,
        "min": 0,
        "var": 0.0491425916553
    },
    "silence_rate_60dB": {
        "dmean": 0.00719942385331,
        "dmean2": 0.0144005762413,
        "dvar": 0.00714832684025,
        "dvar2": 0.0177927277982,
        "max": 1,
        "mean": 0.0361127778888,
        "median": 0,
        "min": 0,
        "var": 0.0348090790212
    },
    "spectral_centroid": {
        "dmean": 230.833206177,
        "dmean2": 324.583526611,
        "dvar": 98183.015625,
        "dvar2": 176599.921875,
        "max": 11553.2509766,
        "mean": 1344.67150879,
        "median": 1136.25390625,
        "min": 86.4227676392,
        "var": 1235870.625
    },
    "spectral_complexity": {
        "dmean": 3.51355886459,
        "dmean2": 5.13764572144,
        "dvar": 24.4356613159,
        "dvar2": 43.8416481018,
        "max": 62,
        "mean": 15.1300535202,
        "median": 14,
        "min": 0,
        "var": 78.1499099731
    },
    "spectral_decrease": {
        "dmean": 2.71270450547e-09,
        "dmean2": 4.01422894925e-09,
        "dvar": 1.9769080627e-17,
        "dvar2": 4.77175183655e-17,
        "max": 1.71481564279e-28,
        "mean": -9.27620380509e-09,
        "median": -6.86741064015e-09,
        "min": -4.7473061926e-08,
        "var": 6.95429666866e-17
    },
    "spectral_energy": {
        "dmean": 0.0107464492321,
        "dmean2": 0.0158198922873,
        "dvar": 0.000286692811642,
        "dvar2": 0.00068997964263,
        "max": 0.18139564991,
        "mean": 0.037376511842,
        "median": 0.0284444652498,
        "min": 1.00495650881e-20,
        "var": 0.00103938695975
    },
    "spectral_energyband_high": {
        "dmean": 0.000532414647751,
        "dmean2": 0.000773033243604,
        "dvar": 1.67026962572e-06,
        "dvar2": 3.45567514159e-06,
        "max": 0.0151741951704,
        "mean": 0.000848896976095,
        "median": 0.000247350777499,
        "min": 6.97307601827e-21,
        "var": 2.78247853203e-06
    },
    "spectral_energyband_low": {
        "dmean": 0.00705585954711,
        "dmean2": 0.0108258463442,
        "dvar": 0.000311421405058,
        "dvar2": 0.000767835241277,
        "max": 0.177128583193,
        "mean": 0.0156354643404,
        "median": 0.00147453288082,
        "min": 1.3909466849e-23,
        "var": 0.000880882842466
    },
    "spectral_energyband_middle_high": {
        "dmean": 0.00359405274503,
        "dmean2": 0.00499604409561,
        "dvar": 2.08516612474e-05,
        "dvar2": 3.73761577066e-05,
        "max": 0.0774889066815,
        "mean": 0.0099080381915,
        "median": 0.00709231430665,
        "min": 1.11668473927e-21,
        "var": 8.95596167538e-05
    },
    "spectral_energyband_middle_low": {
        "dmean": 0.0043296883814,
        "dmean2": 0.00633113924414,
        "dvar": 4.52828244306e-05,
        "dvar2": 0.000103184036561,
        "max": 0.0725898444653,
        "mean": 0.0120468512177,
        "median": 0.00864204857498,
        "min": 1.62783000271e-22,
        "var": 0.000129062726046
    },
    "spectral_entropy": {
        "dmean": 0.234648823738,
        "dmean2": 0.335098654032,
        "dvar": 0.0688891708851,
        "dvar2": 0.152973234653,
        "max": 9.81627368927,
        "mean": 7.04710483551,
        "median": 7.13780117035,
        "min": 4.09694623947,
        "var": 0.643821895123
    },
    "spectral_flux": {
        "dmean": 0.0329195484519,
        "dmean2": 0.050523750484,
        "dvar": 0.00142876955215,
        "dvar2": 0.00321052735671,
        "max": 0.350123137236,
        "mean": 0.0855622887611,
        "median": 0.0703920647502,
        "min": 6.36400723786e-11,
        "var": 0.00358498981223
    },
    "spectral_kurtosis": {
        "dmean": 4.40165424347,
        "dmean2": 7.48515987396,
        "dvar": 64.7392501831,
        "dvar2": 179.22227478,
        "max": 131.063522339,
        "mean": 10.239238739,
        "median": 5.04130268097,
        "min": -1.26963603497,
        "var": 183.651138306
    },
    "spectral_rms": {
        "dmean": 0.000810751284007,
        "dmean2": 0.00114522431977,
        "dvar": 1.04307025595e-06,
        "dvar2": 2.23946722144e-06,
        "max": 0.0133030591533,
        "mean": 0.00548865785822,
        "median": 0.00526789296418,
        "min": 3.13120644864e-12,
        "var": 6.33951412965e-06
    },
    "spectral_rolloff": {
        "dmean": 443.955047607,
        "dmean2": 733.643127441,
        "dvar": 955756.5625,
        "dvar2": 2062118.25,
        "max": 19659.8144531,
        "mean": 1575.5435791,
        "median": 1119.7265625,
        "min": 64.599609375,
        "var": 5017601
    },
    "spectral_skewness": {
        "dmean": 0.401760071516,
        "dmean2": 0.656842291355,
        "dvar": 0.287298887968,
        "dvar2": 0.793233573437,
        "max": 8.83383274078,
        "mean": 2.11368584633,
        "median": 1.81172847748,
        "min": -0.117160990834,
        "var": 1.17175900936
    },
    "spectral_spread": {
        "dmean": 563237.25,
        "dmean2": 830505.4375,
        "dvar": 751622881280,
        "dvar2": 1.48898735718e+12,
        "max": 42657048,
        "mean": 4371955,
        "median": 4067776.25,
        "min": 668828.5625,
        "var": 1.50784054395e+13
    },
    "spectral_strongpeak": {
        "dmean": 0.803116261959,
        "dmean2": 1.25503122807,
        "dvar": 1.2908949852,
        "dvar2": 2.87269806862,
        "max": 17.3792076111,
        "mean": 1.94579195976,
        "median": 1.28155899048,
        "min": 0,
        "var": 3.44068288803
    },
    "zerocrossingrate": {
        "dmean": 0.0102704279125,
        "dmean2": 0.0115712638944,
        "dvar": 0.000229710887652,
        "dvar2": 0.000267897936283,
        "max": 0.78369140625,
        "mean": 0.0608654431999,
        "median": 0.04833984375,
        "min": 0.001953125,
        "var": 0.0038106853608
    },
    "barkbands": {
        "dmean": [0.0001627454767, 0.00621440727264, 0.00183424074203, 0.000891195668373, 0.000895979872439, 0.00123542477377, 0.0016749893548, 0.000815973966382, 0.000946285028476, 0.00109209900256, 0.000933068455197, 0.00139190477785, 0.000790479592979, 0.00030925439205, 0.000596549129114, 0.000333990436047, 0.000154641573317, 0.000177447320311, 0.000229668221436, 0.00014052685583, 0.000153466957272, 0.000100533507066, 9.56038566073e-05, 9.0350084065e-05, 7.23421762814e-05, 6.5887987148e-05, 4.43304907094e-06],
        "dmean2": [0.00022069249826, 0.0099811963737, 0.00277339620516, 0.00138919882011, 0.00149472313933, 0.00191822124179, 0.0024715512991, 0.00124289339874, 0.00124171189964, 0.00156259757932, 0.00136363902129, 0.00188778724987, 0.00121161527932, 0.00048049306497, 0.000920505961403, 0.000507569930051, 0.000243708360358, 0.000279007887002, 0.000353024021024, 0.000208637924516, 0.000230199599173, 0.000148187958985, 0.000145100872032, 0.000136819828185, 0.000110989807581, 0.000102893121948, 7.34205696062e-06],
        "dvar": [1.70804895561e-07, 0.000284475419903, 4.69027690997e-05, 7.76201613917e-06, 8.11152585811e-06, 6.9920374699e-06, 9.58288364927e-06, 2.86386807602e-06, 5.24794040757e-06, 4.67702739115e-06, 4.56174939245e-06, 1.21627927001e-05, 3.31133628606e-06, 5.41353415429e-07, 2.45676960731e-06, 9.71034637587e-07, 1.45413025621e-07, 1.54354751203e-07, 1.90271080669e-07, 1.13282972336e-07, 1.6512063894e-07, 1.08005714594e-07, 6.89435140089e-08, 6.09893149317e-08, 2.90062889263e-08, 5.23497263316e-08, 3.27407684297e-10],
        "dvar2": [3.08725333298e-07, 0.000758463516831, 0.000111233828648, 1.99989462999e-05, 2.2639058443e-05, 1.80291099241e-05, 2.03790259548e-05, 6.30670410828e-06, 7.48391857996e-06, 8.55214238982e-06, 8.72923828865e-06, 1.93902942556e-05, 6.43139355816e-06, 1.15428872505e-06, 5.22375921719e-06, 2.27155919674e-06, 3.38465582672e-07, 3.58440075843e-07, 4.25320223485e-07, 2.26476004173e-07, 3.54418205006e-07, 2.31633876524e-07, 1.63672169151e-07, 1.36625345704e-07, 6.55160476981e-08, 1.26250810695e-07, 8.45441272546e-10],
        "max": [0.0058588697575, 0.151673197746, 0.110340952873, 0.0419611334801, 0.041645694524, 0.0291141010821, 0.0561887770891, 0.0437924414873, 0.0454907678068, 0.0433788523078, 0.0362841375172, 0.0689553022385, 0.0629850775003, 0.0187102165073, 0.0487163588405, 0.0279809366912, 0.00737546477467, 0.00775732239708, 0.00667034694925, 0.00754342600703, 0.00611209543422, 0.00595119129866, 0.00472031021491, 0.00499947648495, 0.00188312481623, 0.00309230829589, 0.000375533854822],
        "mean": [0.000324743392412, 0.0117023102939, 0.00269902544096, 0.00146090437192, 0.00142287532799, 0.00219878251664, 0.00340544176288, 0.00142615078948, 0.00179715186823, 0.00212150788866, 0.00158432486933, 0.00239470275119, 0.0012942267349, 0.00049483840121, 0.000823618436698, 0.000449385290267, 0.000197489964194, 0.000255898601608, 0.000336102966685, 0.000207479126402, 0.000208178040339, 0.000135484282509, 0.000144825040479, 0.000126562503283, 9.79994219961e-05, 6.26668188488e-05, 3.80810161005e-06],
        "median": [3.15098964165e-06, 0.000126694169012, 0.000111205517896, 9.62456033449e-05, 0.000339190562954, 0.000741953903344, 0.00122607406229, 0.000399243988795, 0.000368980458006, 0.000541559245903, 0.000251307763392, 0.000394185801269, 0.000334320619004, 0.000105574770714, 0.000255725870375, 9.38320226851e-05, 4.60409646621e-05, 6.4835709054e-05, 9.62881968007e-05, 6.13481024629e-05, 5.63223002246e-05, 2.54244769167e-05, 2.46894724114e-05, 2.13663242903e-05, 1.70082766999e-05, 2.96878056361e-06, 3.23094972998e-08],
        "min": [3.68426293819e-25, 1.93194836145e-24, 2.96115506854e-24, 1.77580083944e-24, 3.81622349181e-24, 5.56669045771e-24, 4.15838678186e-24, 1.16929562431e-23, 1.49955689656e-23, 1.12720192752e-23, 2.02878158977e-23, 2.86802562105e-23, 2.90906816069e-23, 3.24139948284e-23, 6.74625137121e-23, 5.38412272181e-23, 5.90788660428e-23, 1.19939585855e-22, 1.36549134256e-22, 1.62739934776e-22, 2.18648539235e-22, 3.2983332152e-22, 3.70359592711e-22, 5.9856836881e-22, 8.88213152581e-22, 1.33078396184e-21, 2.05730945698e-21],
        "var": [6.52543064916e-07, 0.000640591082629, 5.60306398256e-05, 1.2065303963e-05, 8.83618304215e-06, 1.21583279906e-05, 2.90982079605e-05, 7.89465502748e-06, 2.06139029615e-05, 1.67062644323e-05, 1.33239473143e-05, 3.71759597328e-05, 8.51503500598e-06, 1.48663286836e-06, 4.09166432291e-06, 1.40372674196e-06, 2.21673531087e-07, 3.25540725044e-07, 3.27369207298e-07, 1.89816788065e-07, 2.33529576121e-07, 1.507392966e-07, 1.18943887628e-07, 9.93722508724e-08, 4.08091516135e-08, 4.9017813808e-08, 2.68330219155e-10]
    },
    "erbbands": {
        "dmean": [0.171666190028, 1.49339795113, 2.24680829048, 2.50516414642, 2.10947537422, 3.24209117889, 7.0579328537, 10.9751205444, 23.2488899231, 19.2679595947, 18.6250743866, 23.5141925812, 17.5682106018, 40.7184944153, 47.0264015198, 42.6580696106, 38.3894271851, 12.8774614334, 27.3114738464, 26.3389873505, 17.7403144836, 7.82729673386, 9.63660907745, 10.0524168015, 10.49700737, 7.08749198914, 6.83666992188, 5.01607275009, 3.72793006897, 2.8196246624, 2.86999106407, 2.2067387104, 1.28410542011, 0.842185854912, 0.523651838303, 0.268985420465, 0.130211338401, 0.020574465394, 0.000497351284139, 2.42197220359e-05],
        "dmean2": [0.262183457613, 2.37064504623, 3.25334882736, 3.78119730949, 3.34972691536, 5.57782125473, 10.959438324, 17.3618984222, 34.3363609314, 28.3477554321, 27.5812263489, 30.2802276611, 26.1065120697, 57.4296302795, 65.1010437012, 58.8324432373, 58.6603355408, 19.7410755157, 43.7500572205, 39.7836494446, 27.152469635, 12.1001853943, 14.9851779938, 15.342912674, 16.2559967041, 10.5443401337, 10.2085790634, 7.52169752121, 5.4954957962, 4.29621076584, 4.31902313232, 3.34139370918, 1.94273543358, 1.28095078468, 0.814196169376, 0.411954671144, 0.207494407892, 0.0326718650758, 0.00078716938151, 3.62160353689e-05],
        "dvar": [0.207855910063, 17.2345218658, 58.5994949341, 61.6530914307, 30.7712726593, 137.367767334, 354.802459717, 590.461303711, 1957.20239258, 1436.56481934, 1339.73547363, 3568.34155273, 1936.16650391, 5525.69775391, 7588.63769531, 9448.10449219, 8016.33740234, 1086.16113281, 6001.02929688, 5928.1953125, 3590.51953125, 351.482971191, 552.366638184, 352.49911499, 470.043731689, 275.658782959, 307.338165283, 250.664123535, 148.302490234, 91.6687698364, 62.17527771, 37.1744041443, 15.7328901291, 3.76654410362, 1.86793756485, 0.763591587543, 0.226992934942, 0.00526364892721, 3.10260111291e-06, 2.70654210155e-09],
        "dvar2": [0.551866412163, 44.4094772339, 127.728218079, 148.702896118, 79.373260498, 388.235748291, 943.322692871, 1540.01074219, 4238.09228516, 2955.64379883, 2910.06640625, 4814.61474609, 3993.43725586, 9786.85546875, 13022.0634766, 14987.8339844, 15766.2617188, 2103.0949707, 13916.4169922, 12573.0185547, 8825.24023438, 787.232971191, 1289.53210449, 759.081604004, 1097.0670166, 562.132263184, 662.465026855, 547.063110352, 315.356506348, 212.303771973, 149.940338135, 85.1289291382, 36.6184158325, 8.30989551544, 4.40475225449, 1.79360234737, 0.563805878162, 0.0126397917047, 7.53646190788e-06, 6.39106811917e-09],
        "max": [5.10136985779, 40.5452728271, 119.500328064, 101.122421265, 76.8497390747, 153.003677368, 264.419525146, 308.257995605, 882.68157959, 1122.55529785, 1023.24090576, 1248.8215332, 1408.22827148, 1494.59033203, 1390.32263184, 2762.67163086, 3128.25805664, 1337.58044434, 2937.29907227, 3001.26416016, 1888.86096191, 489.640899658, 471.863647461, 238.834259033, 310.351928711, 379.337463379, 348.154907227, 306.18737793, 204.870758057, 144.131729126, 179.521286011, 133.902328491, 128.36126709, 36.0082244873, 16.3642539978, 13.3065862656, 5.87941122055, 1.05458450317, 0.0285330805928, 0.000726665253751],
        "mean": [0.34170037508, 2.54732823372, 3.76668643951, 4.28551387787, 3.55865836143, 4.70822429657, 12.1699714661, 19.0431365967, 47.4096107483, 37.7520980835, 36.1948204041, 47.1437339783, 33.5936851501, 83.6134414673, 89.2036819458, 79.1521453857, 65.575881958, 22.0491294861, 39.2166252136, 40.7638626099, 24.4516239166, 11.2087001801, 14.2245664597, 15.3872156143, 15.3343715668, 10.880988121, 9.37092971802, 6.66233491898, 5.04047775269, 3.65344333649, 4.46205997467, 3.17135691643, 1.79679346085, 1.19709575176, 0.649334847927, 0.281068205833, 0.117381028831, 0.0187465939671, 0.000477309542475, 5.80433952564e-05],
        "median": [0.00220863660797, 0.0414221584797, 0.179227128625, 0.556696414948, 0.659947693348, 0.958829879761, 3.6984500885, 6.76140165329, 16.5074043274, 15.0887098312, 13.6904973984, 11.0611066818, 11.568939209, 30.3311214447, 29.3119564056, 23.9768447876, 18.854642868, 9.21673583984, 13.8549947739, 9.26877403259, 6.13667345047, 3.1507897377, 3.81569886208, 5.18702077866, 4.75907707214, 3.44198799133, 2.79809641838, 1.4209318161, 0.994571268559, 0.657796621323, 0.767993032932, 0.54490673542, 0.277407586575, 0.199499174953, 0.101802684367, 0.0238837450743, 0.00431142281741, 0.000414735404775, 3.57386816177e-05, 3.94669586967e-05],
        "min": [7.71366873351e-23, 4.73209207562e-22, 3.50434177935e-21, 7.52736134569e-21, 1.44598085787e-20, 1.508171269e-20, 5.01152899423e-20, 4.65085433647e-20, 1.19174211447e-19, 1.3713360794e-19, 2.70843127583e-19, 3.161406753e-19, 4.99852216071e-19, 8.62982281934e-19, 9.27067634602e-19, 1.37153669654e-18, 1.40392950292e-18, 2.45814275929e-18, 2.90671680841e-18, 2.61078074336e-18, 3.91553966604e-18, 4.4912817742e-18, 5.96639668288e-18, 5.91524796971e-18, 7.98233344299e-18, 7.46535300477e-18, 9.17866242905e-18, 8.46051001149e-18, 1.13624076657e-17, 9.18564548778e-18, 9.43261928481e-18, 1.16713422537e-17, 7.69475004096e-18, 7.91337553122e-18, 6.63834155065e-18, 4.45272605867e-18, 2.20273957822e-18, 9.43651571908e-19, 2.444471997e-19, 2.74002059256e-20],
        "var": [0.564851105213, 34.6936378479, 90.0543212891, 87.7141036987, 47.2109413147, 137.046600342, 534.82824707, 930.497924805, 6008.47021484, 4381.20458984, 3870.30517578, 14699.0664062, 5751.9453125, 20172.2597656, 23442.9648438, 30217.328125, 20721.8066406, 2599.19262695, 8555.20800781, 12400.5449219, 4205.83154297, 618.361694336, 1101.72021484, 647.476806641, 743.84765625, 468.502227783, 468.144378662, 311.432922363, 202.412002563, 117.902458191, 105.859924316, 58.2694129944, 24.2407855988, 6.16723108292, 2.1531701088, 0.785477817059, 0.197385519743, 0.00489888573065, 2.90793900604e-06, 4.10395983863e-09]
    },
    "gfcc": {
        "mean": [-52.4860458374, 82.8793029785, -152.032455444, -3.6096072197, -71.9902267456, 8.01869392395, -32.7378997803, 5.70322227478, -20.9608154297, 5.72698736191, -3.99627375603, -0.683105826378, -6.27233934402],
        "cov": [[29218.7871094, 1001.51641846, 1881.72436523, 3359.80712891, 77.365447998, 1784.9029541, -616.088562012, 931.129272461, -935.231994629, 586.622131348, -280.484161377, 106.436836243, -737.220153809], [1001.51641846, 3432.19335938, 381.767242432, 160.148910522, 420.48538208, -490.639038086, 79.9117889404, -421.244873047, -31.9048671722, -484.826843262, 126.032577515, -226.148895264, 168.824310303], [1881.72436523, 381.767242432, 2969.33227539, 1675.12902832, 856.218994141, 918.539001465, 84.9253997803, 504.365264893, -128.393188477, 289.051696777, -125.389144897, 27.3563270569, -290.943603516], [3359.80712891, 160.148910522, 1675.12902832, 1615.49743652, 644.146728516, 771.348388672, 101.858131409, 417.480987549, -86.7027130127, 196.821075439, -67.1311950684, 22.8660621643, -176.589431763], [77.365447998, 420.48538208, 856.218994141, 644.146728516, 743.101623535, 392.627838135, 211.504821777, 169.398834229, 64.6944274902, 62.0725288391, -23.2935180664, 9.25934696198, -48.7961006165], [1784.9029541, -490.639038086, 918.539001465, 771.348388672, 392.627838135, 902.323425293, 194.857315063, 408.997589111, -1.58796262741, 289.335754395, -34.8724899292, 31.2930450439, -153.988250732], [-616.088562012, 79.9117889404, 84.9253997803, 101.858131409, 211.504821777, 194.857315063, 326.45980835, 115.329322815, 96.4170150757, 49.4920005798, 58.0328559875, -9.42364597321, 21.3937683105], [931.129272461, -421.244873047, 504.365264893, 417.480987549, 169.398834229, 408.997589111, 115.329322815, 435.416564941, 75.8773269653, 200.7056427, -15.1792593002, 28.9009571075, -109.575958252], [-935.231994629, -31.9048671722, -128.393188477, -86.7027130127, 64.6944274902, -1.58796262741, 96.4170150757, 75.8773269653, 265.020355225, 76.5133361816, 36.0661430359, 10.794708252, 39.8395881653], [586.622131348, -484.826843262, 289.051696777, 196.821075439, 62.0725288391, 289.335754395, 49.4920005798, 200.7056427, 76.5133361816, 339.956573486, 29.1332855225, 49.8143234253, -52.7659950256], [-280.484161377, 126.032577515, -125.389144897, -67.1311950684, -23.2935180664, -34.8724899292, 58.0328559875, -15.1792593002, 36.0661430359, 29.1332855225, 190.190887451, 54.2277641296, 42.7221221924], [106.436836243, -226.148895264, 27.3563270569, 22.8660621643, 9.25934696198, 31.2930450439, -9.42364597321, 28.9009571075, 10.794708252, 49.8143234253, 54.2277641296, 183.41255188, 51.5096855164], [-737.220153809, 168.824310303, -290.943603516, -176.589431763, -48.7961006165, -153.988250732, 21.3937683105, -109.575958252, 39.8395881653, -52.7659950256, 42.7221221924, 51.5096855164, 200.785888672]],
        "icov": [[0.000124498023069, -0.000257225212408, 0.000295347359497, -0.000366182794096, 0.00025238469243, -0.00021973568073, 0.000220147179789, -0.00020040642994, 0.000362721766578, -0.000374252151232, 0.000354271644028, -0.000460225652205, 0.000411658780649], [-0.000257225212408, 0.00122468848713, -0.000869295385201, 0.000649745110422, -0.000916369783226, 0.000808107317425, -0.000450217485195, 0.000766745826695, -0.00086990755517, 0.00146830826998, -0.00161302823108, 0.00199762475677, -0.00140968884807], [0.000295347359497, -0.000869295385201, 0.00179053039756, -0.00149428460281, 0.00016512023285, -0.000630481925327, 0.000765307224356, -0.000767355319113, 0.00127470132429, -0.00147313449997, 0.00134642701596, -0.0015967231011, 0.00163500581402], [-0.000366182794096, 0.000649745110422, -0.00149428460281, 0.00310798129067, -0.0013892542338, -0.000125454098452, -7.51850093366e-05, -0.000172640400706, -0.000545065326151, 0.00128618977033, -0.0012046075426, 0.00142577150837, -0.00150597619358], [0.00025238469243, -0.000916369783226, 0.00016512023285, -0.0013892542338, 0.00391360418871, -0.00107908970676, -0.00114067632239, 0.000283574830974, -0.000424754834967, -0.000451226223959, 0.00167764839716, -0.00193554104771, 0.00121969985776], [-0.00021973568073, 0.000808107317425, -0.000630481925327, -0.000125454098452, -0.00107908970676, 0.00398402940482, -0.00172176852357, -0.000691133725923, 0.000331290240865, -0.000624546548352, -0.000432913890108, 0.00099197041709, -0.000302923610434], [0.000220147179789, -0.000450217485195, 0.000765307224356, -7.51850093366e-05, -0.00114067632239, -0.00172176852357, 0.00606963736936, -0.00150136987213, -0.000179803770152, -1.1694773093e-05, -0.00133764964994, 0.00071827910142, -0.00070112029789], [-0.00020040642994, 0.000766745826695, -0.000767355319113, -0.000172640400706, 0.000283574830974, -0.000691133725923, -0.00150136987213, 0.0060396627523, -0.00240328675136, 4.27156737715e-05, -0.00033813144546, 0.000265656562988, 0.000842498324346], [0.000362721766578, -0.00086990755517, 0.00127470132429, -0.000545065326151, -0.000424754834967, 0.000331290240865, -0.000179803770152, -0.00240328675136, 0.0069439932704, -0.00285295839421, 0.00100510066841, -0.00106392276939, 0.000220885543968], [-0.000374252151232, 0.00146830826998, -0.00147313449997, 0.00128618977033, -0.000451226223959, -0.000624546548352, -1.1694773093e-05, 4.27156737715e-05, -0.00285295839421, 0.00717867864296, -0.0029068463482, 0.00172097957693, -0.00154659105465], [0.000354271644028, -0.00161302823108, 0.00134642701596, -0.0012046075426, 0.00167764839716, -0.000432913890108, -0.00133764964994, -0.00033813144546, 0.00100510066841, -0.0029068463482, 0.00899345520884, -0.00473962724209, 0.00192127586342], [-0.000460225652205, 0.00199762475677, -0.0015967231011, 0.00142577150837, -0.00193554104771, 0.00099197041709, 0.00071827910142, 0.000265656562988, -0.00106392276939, 0.00172097957693, -0.00473962724209, 0.0106000872329, -0.00511785177514], [0.000411658780649, -0.00140968884807, 0.00163500581402, -0.00150597619358, 0.00121969985776, -0.000302923610434, -0.00070112029789, 0.000842498324346, 0.000220885543968, -0.00154659105465, 0.00192127586342, -0.00511785177514, 0.00977431982756]]
    },
    "melbands": {
        "dmean": [0.00164346164092, 0.00138654559851, 0.000406782753998, 0.000174672590219, 0.00022805982735, 0.000245376868406, 0.000355662748916, 0.000201047150767, 0.000159917079145, 0.000135353126097, 9.1218345915e-05, 0.000172951564309, 0.000158188704518, 0.000184513482964, 8.64436879056e-05, 5.6127904827e-05, 2.37065669353e-05, 4.58334616269e-05, 3.57112839993e-05, 2.82025321212e-05, 2.02073588298e-05, 7.45240731703e-06, 1.01847217593e-05, 8.87385067472e-06, 8.42747431307e-06, 1.06296029116e-05, 5.78246499572e-06, 4.20831247538e-06, 4.82594941786e-06, 3.3881951822e-06, 2.85985402115e-06, 2.3383674943e-06, 1.72469219706e-06, 1.5931160533e-06, 1.77190327122e-06, 1.67839721144e-06, 1.25608607959e-06, 9.59783733379e-07, 8.14151121631e-07, 7.23948460291e-07],
        "dmean2": [0.00261644273996, 0.00203216122463, 0.000608782400377, 0.000290676805889, 0.000361070444342, 0.000384953193134, 0.000524885952473, 0.000297827529721, 0.000226840857067, 0.000176458750502, 0.000136573900818, 0.000243923946982, 0.000224966177484, 0.000250497367233, 0.000130641768919, 8.61840526341e-05, 3.61814200005e-05, 7.39564129617e-05, 5.4910658946e-05, 4.29913234257e-05, 3.12243901135e-05, 1.16286500997e-05, 1.60817289725e-05, 1.39663934533e-05, 1.29960235427e-05, 1.65565670613e-05, 8.79684466781e-06, 6.3522002165e-06, 7.33158049115e-06, 5.20223238709e-06, 4.30470163337e-06, 3.51915787178e-06, 2.61043101091e-06, 2.49842537414e-06, 2.70832174465e-06, 2.53403868555e-06, 1.93755022337e-06, 1.47116963944e-06, 1.25935969209e-06, 1.1160361737e-06],
        "dvar": [1.9470378902e-05, 1.52453376359e-05, 1.45558078657e-06, 2.87958329181e-07, 4.19229024828e-07, 2.80665574337e-07, 4.47046858199e-07, 1.41531998565e-07, 8.743128177e-08, 1.09293345929e-07, 4.98660668313e-08, 1.06115066956e-07, 1.00526989399e-07, 2.28556103821e-07, 3.46996387179e-08, 1.50419392497e-08, 3.88460330569e-09, 1.54276538211e-08, 1.01100852135e-08, 5.46904610488e-09, 5.10348741045e-09, 4.02190919457e-10, 6.6316857561e-10, 4.12297834762e-10, 2.80863110547e-10, 4.68089178529e-10, 2.09880626767e-10, 9.72456282167e-11, 1.52328386016e-10, 9.24282803072e-11, 7.90149543017e-11, 5.51028910001e-11, 4.0790853334e-11, 2.86644805114e-11, 3.26310263532e-11, 1.81942950289e-11, 1.20408223322e-11, 1.20493988051e-11, 5.24228577214e-12, 2.71361882617e-12],
        "dvar2": [5.28245655005e-05, 3.29942267854e-05, 3.40982774105e-06, 7.89499551956e-07, 1.14391025363e-06, 7.22005097487e-07, 9.53119865699e-07, 2.93934135698e-07, 1.69254235516e-07, 1.5309741741e-07, 1.03076715163e-07, 1.86580564332e-07, 1.85699406074e-07, 3.64749467963e-07, 6.74086493291e-08, 2.9303107496e-08, 7.61533858196e-09, 3.66222856485e-08, 2.26259793124e-08, 1.17226619523e-08, 1.24447590011e-08, 8.85410134099e-10, 1.58267832173e-09, 9.28215893037e-10, 6.08369521427e-10, 1.05762543168e-09, 4.61090304826e-10, 2.02804481542e-10, 3.38463479466e-10, 2.10711725845e-10, 1.68789066057e-10, 1.16008827544e-10, 9.29770704872e-11, 6.79141118343e-11, 8.31981497584e-11, 4.17886454607e-11, 2.76733774784e-11, 3.01157224158e-11, 1.21189612165e-11, 6.21976081749e-12],
        "max": [0.040643915534, 0.0545320622623, 0.0146429426968, 0.00750163150951, 0.00882781855762, 0.00653199385852, 0.0132726812735, 0.0106883896515, 0.00742387259379, 0.00671419734135, 0.00690993806347, 0.00664858613163, 0.0054051890038, 0.00966269150376, 0.0058226226829, 0.00398657517508, 0.0022311436478, 0.0042846868746, 0.00236582779326, 0.00298957386985, 0.00219628401101, 0.000679838878568, 0.000498548673932, 0.000405309314374, 0.000230438119615, 0.000448085920652, 0.000317819911288, 0.000195312037249, 0.000269868149189, 0.000137634488055, 0.000213945895666, 0.000106771214632, 0.000213377948967, 9.00575032574e-05, 0.000153114509885, 7.7721044363e-05, 6.80072043906e-05, 0.000138362578582, 6.30678478046e-05, 3.04895693262e-05],
        "mean": [0.00318787992001, 0.00253366003744, 0.000717640446965, 0.000276716862572, 0.000378693221137, 0.000425188656664, 0.000735953624826, 0.000387122126995, 0.000315385026624, 0.000261530047283, 0.000165719524375, 0.000345161766745, 0.000288444396574, 0.000318748090649, 0.000145955302287, 9.40347308642e-05, 3.65681335097e-05, 6.47460692562e-05, 5.04737363372e-05, 4.15930153395e-05, 2.60163469648e-05, 9.7273650681e-06, 1.35516611408e-05, 1.25897358885e-05, 1.18548678074e-05, 1.47026439663e-05, 8.14709073893e-06, 6.21240951659e-06, 6.33868830846e-06, 4.30973341281e-06, 3.67239817933e-06, 3.06217907564e-06, 2.19319554162e-06, 1.95341772269e-06, 2.59098078459e-06, 2.51856317846e-06, 1.65954213571e-06, 1.2717921436e-06, 1.10282974219e-06, 9.90467356132e-07],
        "median": [2.95182708214e-05, 0.000130978660309, 0.000106925173895, 5.22734299011e-05, 0.000115529095638, 0.00014304711658, 0.000264863658231, 0.000160316689289, 0.000106686813524, 5.57376988581e-05, 4.47416095994e-05, 0.000114458111057, 7.70373444539e-05, 4.86796452606e-05, 4.19527750637e-05, 2.87868515443e-05, 9.36550350161e-06, 1.89749498531e-05, 1.38220812005e-05, 8.22974925541e-06, 5.04799254486e-06, 1.94752919924e-06, 2.72470060736e-06, 3.02296871268e-06, 3.18474485539e-06, 4.07708876082e-06, 2.27424288823e-06, 1.90212892903e-06, 1.79391952315e-06, 8.97319011983e-07, 6.59087049826e-07, 5.44600311514e-07, 3.43686281212e-07, 2.96965595226e-07, 4.2933925215e-07, 3.74437689743e-07, 2.72816492952e-07, 1.63223248251e-07, 1.43874260061e-07, 1.60126049309e-07],
        "min": [1.09264305539e-24, 1.39073988501e-24, 1.55352833395e-24, 8.27052669175e-25, 1.61237804773e-24, 1.06691494861e-24, 1.89891895256e-24, 1.89369866552e-24, 2.02185740261e-24, 2.13728451634e-24, 2.22494826216e-24, 3.09680778701e-24, 3.01286154822e-24, 2.35913192441e-24, 2.8374293353e-24, 2.88249321173e-24, 2.80881360318e-24, 2.46274387393e-24, 4.71002340781e-24, 2.8514566627e-24, 3.29153119894e-24, 3.80017884986e-24, 3.73011182983e-24, 4.98770994063e-24, 4.06925417704e-24, 5.52515219788e-24, 4.18991439679e-24, 4.65069396799e-24, 4.62038593201e-24, 3.25943185706e-24, 4.79071125664e-24, 5.57380992738e-24, 4.84857380961e-24, 5.35225005911e-24, 4.00415540298e-24, 6.28548868163e-24, 6.94365939512e-24, 5.30337815388e-24, 4.97975940599e-24, 5.67684581122e-24],
        "var": [4.67754798592e-05, 3.22512787534e-05, 2.21508230425e-06, 3.49614509787e-07, 5.2925855698e-07, 4.73077449215e-07, 1.39764517826e-06, 4.21775837367e-07, 2.96049165627e-07, 4.38390912905e-07, 1.48493839447e-07, 3.87073640695e-07, 3.04599637957e-07, 6.9859964924e-07, 8.92451978984e-08, 4.11202840667e-08, 8.98789309645e-09, 2.3282654027e-08, 1.60161093277e-08, 1.18359544388e-08, 6.07806782682e-09, 7.87119924794e-10, 1.21471066539e-09, 8.20513990085e-10, 4.74854044974e-10, 7.51193607318e-10, 3.16140502665e-10, 1.59630350605e-10, 2.21829055125e-10, 1.18888010547e-10, 1.05226723168e-10, 7.44070152714e-11, 5.44478108433e-11, 3.63541384496e-11, 4.34674761463e-11, 3.3370702035e-11, 1.80894119128e-11, 1.51334361709e-11, 8.11504422688e-12, 4.03907809976e-12]
    },
    "mfcc": {
        "mean": [-681.586303711, 117.582992554, -24.9289684296, -9.13400840759, -18.9336242676, -7.22867536545, -2.64345049858, -5.12678003311, -7.58718824387, 2.14494824409, -3.29312467575, 1.84039545059, 7.77466917038],
        "cov": [[12797.9736328, 354.538391113, 2155.66552734, 1808.63012695, 1383.89208984, 1072.46862793, 1007.61254883, 585.528869629, 158.886184692, 508.783599854, 268.281005859, 252.582427979, 53.7713508606], [354.538391113, 2989.17431641, 100.072921753, 312.707641602, 117.905639648, -109.064620972, -7.72750377655, -24.326292038, -200.616836548, -139.9894104, -217.092788696, -208.354202271, -174.722640991], [2155.66552734, 100.072921753, 1857.95800781, 958.089050293, 881.549255371, 575.878295898, 512.83001709, 297.438415527, 160.945663452, 269.227813721, 188.800537109, 142.373733521, -12.6780605316], [1808.63012695, 312.707641602, 958.089050293, 1009.6541748, 680.09979248, 429.811340332, 380.42288208, 263.872070312, 149.08833313, 172.00958252, 100.97567749, 66.8521499634, 1.12620985508], [1383.89208984, 117.905639648, 881.549255371, 680.09979248, 812.0703125, 475.384216309, 369.725280762, 271.870056152, 165.414627075, 185.992858887, 166.788116455, 111.944992065, 1.1797491312], [1072.46862793, -109.064620972, 575.878295898, 429.811340332, 475.384216309, 582.895629883, 376.321533203, 214.150985718, 193.685531616, 176.723846436, 152.8072052, 122.864356995, 49.882850647], [1007.61254883, -7.72750377655, 512.83001709, 380.42288208, 369.725280762, 376.321533203, 488.894165039, 230.425827026, 128.846755981, 165.82434082, 135.75402832, 120.422859192, 60.8160095215], [585.528869629, -24.326292038, 297.438415527, 263.872070312, 271.870056152, 214.150985718, 230.425827026, 342.557800293, 126.611068726, 115.275558472, 92.3427047729, 76.1322174072, 41.525932312], [158.886184692, -200.616836548, 160.945663452, 149.08833313, 165.414627075, 193.685531616, 128.846755981, 126.611068726, 295.710723877, 121.84236908, 128.163375854, 93.400062561, 46.1973114014], [508.783599854, -139.9894104, 269.227813721, 172.00958252, 185.992858887, 176.723846436, 165.82434082, 115.275558472, 121.84236908, 282.650665283, 165.24861145, 77.9690246582, 17.1938858032], [268.281005859, -217.092788696, 188.800537109, 100.97567749, 166.788116455, 152.8072052, 135.75402832, 92.3427047729, 128.163375854, 165.24861145, 289.663818359, 148.977462769, 37.3254356384], [252.582427979, -208.354202271, 142.373733521, 66.8521499634, 111.944992065, 122.864356995, 120.422859192, 76.1322174072, 93.400062561, 77.9690246582, 148.977462769, 225.992141724, 112.721199036], [53.7713508606, -174.722640991, -12.6780605316, 1.12620985508, 1.1797491312, 49.882850647, 60.8160095215, 41.525932312, 46.1973114014, 17.1938858032, 37.3254356384, 112.721199036, 214.321090698]],
