{
"lowlevel": {
    "average_loudness": 0.824180841446,
    "barkbands_crest": {
        "dmean": 2.69963669777,
        "dmean2": 4.10948896408,
        "dvar": 9.26092720032,
        "dvar2": 20.7343139648,
        "max": 26.0748119354,
        "mean": 14.2227630615,
        "median": 13.3030042648,
        "min": 1.89194500446,
        "var": 34.8273277283
    },
    "barkbands_flatness_db": {
        "dmean": 0.0320515446365,
        "dmean2": 0.0435833521187,
        "dvar": 0.00134448998142,
        "dvar2": 0.00260036811233,
        "max": 0.727717399597,
        "mean": 0.219419285655,
        "median": 0.205278947949,
        "min": 0.0155859412625,
        "var": 0.0109052415937
    },
    "barkbands_kurtosis": {
        "dmean": 10.6432571411,
        "dmean2": 15.7716341019,
        "dvar": 458.792449951,
        "dvar2": 980.95880127,
        "max": 382.365509033,
        "mean": 19.5805130005,
        "median": 7.59882450104,
        "min": -1.88839292526,
        "var": 1056.7565918
    },
    "barkbands_skewness": {
        "dmean": 0.903243005276,
        "dmean2": 1.29261314869,
        "dvar": 1.29818713665,
        "dvar2": 2.73923897743,
        "max": 17.5495033264,
        "mean": 2.87610673904,
        "median": 2.29255270958,
        "min": -4.05079889297,
        "var": 5.90714263916
    },
    "barkbands_spread": {
        "dmean": 4.15043210983,
        "dmean2": 6.13015937805,
        "dvar": 51.4449424744,
        "dvar2": 110.808265686,
        "max": 95.5225067139,
        "mean": 11.6201953888,
        "median": 7.61874580383,
        "min": 0.148341447115,
        "var": 144.825332642
    },
    "dissonance": {
        "dmean": 0.0295127630234,
        "dmean2": 0.048982527107,
        "dvar": 0.0010376352584,
        "dvar2": 0.00285147712566,
        "max": 0.500000059605,
        "mean": 0.433098047972,
        "median": 0.446843385696,
        "min": 0.130802154541,
        "var": 0.00279310718179
    },
    "dynamic_complexity": 3.81229138374,
    "erbbands_crest": {
        "dmean": 2.61108183861,
        "dmean2": 4.11870670319,
        "dvar": 6.66969776154,
        "dvar2": 16.2186946869,
        "max": 31.578622818,
        "mean": 10.1288146973,
        "median": 9.06290721893,
        "min": 2.16863775253,
        "var": 24.4544239044
    },
    "erbbands_flatness_db": {
        "dmean": 0.0187277477235,
        "dmean2": 0.0269359834492,
        "dvar": 0.000417809351347,
        "dvar2": 0.000811173871625,
        "max": 0.653990209103,
        "mean": 0.190236955881,
        "median": 0.16500595212,
        "min": 0.0541370287538,
        "var": 0.0110627962276
    },
    "erbbands_kurtosis": {
        "dmean": 1.62508118153,
        "dmean2": 2.52407646179,
        "dvar": 9.07157039642,
        "dvar2": 20.7567634583,
        "max": 118.009841919,
        "mean": 2.16884708405,
        "median": 0.765325307846,
        "min": -1.9040915966,
        "var": 23.7817878723
    },
    "erbbands_skewness": {
        "dmean": 0.422516405582,
        "dmean2": 0.622015595436,
        "dvar": 0.212395474315,
        "dvar2": 0.463314294815,
        "max": 8.86263465881,
        "mean": 0.810331463814,
        "median": 0.771002292633,
        "min": -3.39409446716,
        "var": 0.870609402657
    },
    "erbbands_spread": {
        "dmean": 7.90163612366,
        "dmean2": 11.927649498,
        "dvar": 114.884254456,
        "dvar2": 245.272583008,
        "max": 195.747299194,
        "mean": 34.6301994324,
        "median": 30.6622905731,
        "min": 0.386115849018,
        "var": 542.525634766
    },
    "hfc": {
        "dmean": 6.66873550415,
        "dmean2": 10.2186975479,
        "dvar": 158.838378906,
        "dvar2": 398.057952881,
        "max": 158.810501099,
        "mean": 16.5660476685,
        "median": 12.425242424,
        "min": 1.12473137552e-16,
        "var": 261.720123291
    },
    "melbands_crest": {
        "dmean": 3.14497661591,
        "dmean2": 4.66558218002,
        "dvar": 12.7263336182,
        "dvar2": 27.0657176971,
        "max": 35.7527885437,
        "mean": 18.3323230743,
        "median": 16.8251285553,
        "min": 1.7594383955,
        "var": 65.3044052124
    },
    "melbands_flatness_db": {
        "dmean": 0.0365789569914,
        "dmean2": 0.0491881109774,
        "dvar": 0.00193421030417,
        "dvar2": 0.00364029826596,
        "max": 0.868411004543,
        "mean": 0.300743937492,
        "median": 0.290855526924,
        "min": 0.00444083148614,
        "var": 0.0146810375154
    },
    "melbands_kurtosis": {
        "dmean": 18.7469921112,
        "dmean2": 27.2359790802,
        "dvar": 1450.60339355,
        "dvar2": 2929.21704102,
        "max": 1698.07727051,
        "mean": 38.6549034119,
        "median": 14.3080177307,
        "min": -1.69688749313,
        "var": 4579.71972656
    },
    "melbands_skewness": {
        "dmean": 1.05636930466,
        "dmean2": 1.50279057026,
        "dvar": 1.7978502512,
        "dvar2": 3.78038978577,
        "max": 31.5219955444,
        "mean": 3.76165127754,
        "median": 2.92406129837,
        "min": -3.08054208755,
        "var": 10.4088888168
    },
    "melbands_spread": {
        "dmean": 4.10143566132,
        "dmean2": 6.13687324524,
        "dvar": 57.2887458801,
        "dvar2": 124.986824036,
        "max": 172.924591064,
        "mean": 11.997428894,
        "median": 7.64060258865,
        "min": 0.204771399498,
        "var": 236.930282593
    },
    "pitch_salience": {
        "dmean": 0.0847538858652,
        "dmean2": 0.129283443093,
        "dvar": 0.0106470109895,
        "dvar2": 0.0251834858209,
        "max": 0.963011860847,
        "mean": 0.474656969309,
        "median": 0.500198483467,
        "min": 0.0446622334421,
        "var": 0.0341843925416
    },
    "silence_rate_20dB": {
        "dmean": 0,
        "dmean2": 0,
        "dvar": 0,
        "dvar2": 0,
        "max": 1,
        "mean": 1,
        "median": 1,
        "min": 1,
        "var": 0
    },
    "silence_rate_30dB": {
        "dmean": 0.0900659039617,
        "dmean2": 0.180153787136,
        "dvar": 0.081958681345,
        "dvar2": 0.178703799844,
        "max": 1,
        "mean": 0.807199537754,
        "median": 1,
        "min": 0,
        "var": 0.155636519194
    },
    "silence_rate_60dB": {
        "dmean": 0.0170856732875,
        "dmean2": 0.0341755151749,
        "dvar": 0.0167934838682,
        "dvar2": 0.035695347935,
        "max": 1,
        "mean": 0.107016474009,
        "median": 0,
        "min": 0,
        "var": 0.0955636426806
    },
    "spectral_centroid": {
        "dmean": 196.141036987,
        "dmean2": 291.473693848,
        "dvar": 95992.34375,
        "dvar2": 207719.25,
        "max": 11330.9355469,
        "mean": 886.416381836,
        "median": 744.780822754,
        "min": 127.666778564,
        "var": 373700.78125
    },
    "spectral_complexity": {
        "dmean": 3.31950211525,
        "dmean2": 5.06871700287,
        "dvar": 23.47265625,
        "dvar2": 51.6680107117,
        "max": 58,
        "mean": 13.0552778244,
        "median": 12,
        "min": 0,
        "var": 65.8947067261
    },
    "spectral_decrease": {
        "dmean": 4.0342040819e-09,
        "dmean2": 5.86285286985e-09,
        "dvar": 4.83934870534e-17,
        "dvar2": 1.0038060403e-16,
        "max": -3.89871355135e-29,
        "mean": -1.34665274487e-08,
        "median": -7.73050157221e-09,
        "min": -7.39509999903e-08,
        "var": 1.74143091813e-16
    },
    "spectral_energy": {
        "dmean": 0.0156039921567,
        "dmean2": 0.0226801745594,
        "dvar": 0.000708467967343,
        "dvar2": 0.00147461798042,
        "max": 0.282009363174,
        "mean": 0.0523284189403,
        "median": 0.0308387149125,
        "min": 1.03487855578e-20,
        "var": 0.00254092365503
    },
    "spectral_energyband_high": {
        "dmean": 0.000356970878784,
        "dmean2": 0.000563997833524,
        "dvar": 1.07598930299e-06,
        "dvar2": 2.77021058537e-06,
        "max": 0.0151006169617,
        "mean": 0.000564557907637,
        "median": 0.000169873295818,
        "min": 7.61822519728e-21,
        "var": 1.25116412164e-06
    },
    "spectral_energyband_low": {
        "dmean": 0.0125200981274,
        "dmean2": 0.0181839670986,
        "dvar": 0.000641684222501,
        "dvar2": 0.00134926405735,
        "max": 0.270308434963,
        "mean": 0.0350716412067,
        "median": 0.00629464769736,
        "min": 6.38813123943e-23,
        "var": 0.00227671395987
    },
    "spectral_energyband_middle_high": {
        "dmean": 0.00165773543995,
        "dmean2": 0.0024686830584,
        "dvar": 1.12960897241e-05,
        "dvar2": 2.69849679171e-05,
        "max": 0.0829913541675,
        "mean": 0.00354582327418,
        "median": 0.00166094664019,
        "min": 1.5650192566e-21,
        "var": 2.72648048849e-05
    },
    "spectral_energyband_middle_low": {
        "dmean": 0.00754223903641,
        "dmean2": 0.0125780226663,
        "dvar": 0.000307286623865,
        "dvar2": 0.000868043920491,
        "max": 0.156644940376,
        "mean": 0.0145238088444,
        "median": 0.0101561872289,
        "min": 3.18840765687e-22,
        "var": 0.00027674267767
    },
    "spectral_entropy": {
        "dmean": 0.230033874512,
        "dmean2": 0.327152431011,
        "dvar": 0.0719799250364,
        "dvar2": 0.146993353963,
        "max": 9.80529022217,
        "mean": 7.06619977951,
        "median": 7.21968364716,
        "min": 3.76440691948,
        "var": 0.685519337654
    },
    "spectral_flux": {
        "dmean": 0.0382864326239,
        "dmean2": 0.0578909814358,
        "dvar": 0.00331389834173,
        "dvar2": 0.00589415850118,
        "max": 0.506672739983,
        "mean": 0.0857909396291,
        "median": 0.0631138160825,
        "min": 1.01728979407e-10,
        "var": 0.00666223932058
    },
    "spectral_kurtosis": {
        "dmean": 6.76386642456,
        "dmean2": 11.3024072647,
        "dvar": 1259.14733887,
        "dvar2": 3717.5246582,
        "max": 1666.8302002,
        "mean": 18.3632850647,
        "median": 4.85517597198,
        "min": -1.27316081524,
        "var": 2588.15698242
    },
    "spectral_rms": {
        "dmean": 0.00103472871706,
        "dmean2": 0.00145486486144,
        "dvar": 2.2729614102e-06,
        "dvar2": 4.45650675829e-06,
        "max": 0.016587074846,
        "mean": 0.00619139941409,
        "median": 0.00548512069508,
        "min": 3.17747954684e-12,
        "var": 1.27185958263e-05
    },
    "spectral_rolloff": {
        "dmean": 310.20135498,
        "dmean2": 513.668823242,
        "dvar": 638567.875,
        "dvar2": 1427066.375,
        "max": 18346.2890625,
        "mean": 943.708312988,
        "median": 516.796875,
        "min": 64.599609375,
        "var": 3202831.5
    },
    "spectral_skewness": {
        "dmean": 0.454849779606,
        "dmean2": 0.715041458607,
        "dvar": 0.793252289295,
        "dvar2": 2.14893436432,
        "max": 34.9814033508,
        "mean": 2.55700206757,
        "median": 1.87490737438,
        "min": -0.0199673436582,
        "var": 4.88734149933
    },
    "spectral_spread": {
        "dmean": 618324.3125,
        "dmean2": 909171,
        "dvar": 719835889664,
        "dvar2": 1.25123349709e+12,
        "max": 41482744,
        "mean": 4645218,
        "median": 4807518.5,
        "min": 106708.882812,
        "var": 4.37618553651e+12
    },
    "spectral_strongpeak": {
        "dmean": 0.34267577529,
        "dmean2": 0.545441389084,
        "dvar": 0.315919131041,
        "dvar2": 0.763468384743,
        "max": 10.161485672,
        "mean": 0.958765804768,
        "median": 0.716709136963,
        "min": 0,
        "var": 0.941325545311
    },
    "zerocrossingrate": {
        "dmean": 0.00852740276605,
        "dmean2": 0.00953474454582,
        "dvar": 0.000152355860337,
        "dvar2": 0.00016194395721,
        "max": 0.66650390625,
        "mean": 0.0414178073406,
        "median": 0.029296875,
        "min": 0.001953125,
        "var": 0.0035225036554
    },
    "barkbands": {
        "dmean": [0.000666475913022, 0.0101593052968, 0.00399719178677, 0.00214388803579, 0.00285719917156, 0.00167064997368, 0.00101272622123, 0.00076065614121, 0.000971964269411, 0.000672991445754, 0.000316907418892, 0.000404579914175, 0.000201476635993, 0.000190495265997, 0.000168648650288, 0.000116715120384, 9.1400121164e-05, 8.09453267721e-05, 9.65143553913e-05, 8.16273022792e-05, 8.6303545686e-05, 6.71771267662e-05, 6.45496766083e-05, 6.60204023006e-05, 4.81696843053e-05, 2.88497103611e-05, 3.65480377695e-06],
        "dmean2": [0.000945032632444, 0.0148007990792, 0.00657789129764, 0.00387896155007, 0.00484029995278, 0.00260592694394, 0.00161338842008, 0.00120810000226, 0.00143718824256, 0.00104922580067, 0.000490625039674, 0.000580355059355, 0.000309956085403, 0.000296930229524, 0.000257654726738, 0.000183534124517, 0.000154376146384, 0.000136204820592, 0.000162023876328, 0.000139568117447, 0.000142185963341, 0.000107552339614, 0.000101988611277, 0.000103446931462, 7.5286552601e-05, 4.67218742415e-05, 5.74996647629e-06],
        "dvar": [2.09763084058e-06, 0.000493071856909, 0.000151407002704, 5.32037083758e-05, 4.69866718049e-05, 1.00264760476e-05, 4.79183108837e-06, 3.27166571878e-06, 4.48920900453e-06, 5.74982959733e-06, 5.93347635913e-07, 9.51599986365e-07, 3.18360093843e-07, 2.89806848741e-07, 1.86077400599e-07, 1.45901537962e-07, 5.55215677878e-08, 5.71070444266e-08, 7.99112100935e-08, 7.59008642603e-08, 5.76127021645e-08, 3.75099062921e-08, 4.16985059815e-08, 3.4306026464e-08, 1.66003584212e-08, 6.64222543634e-09, 1.06338382544e-10],
        "dvar2": [3.86839928979e-06, 0.000982998288237, 0.000412718916778, 0.000154592475155, 0.000133291279781, 2.48678788921e-05, 1.26373470266e-05, 8.26446284918e-06, 9.97215556708e-06, 1.49394754771e-05, 1.37409449508e-06, 1.68361248143e-06, 6.19590707629e-07, 5.84787983371e-07, 4.23347017886e-07, 3.44873427593e-07, 1.48423822566e-07, 1.55418504733e-07, 2.19935330392e-07, 2.14764739326e-07, 1.55068107688e-07, 9.72106448671e-08, 1.07716076059e-07, 8.39531821839e-08, 4.1532491224e-08, 1.73205556564e-08, 2.44025327722e-10],
        "max": [0.0241034589708, 0.191901251674, 0.13246679306, 0.0894961804152, 0.0801676437259, 0.0445636473596, 0.0653662905097, 0.0590098649263, 0.0412240624428, 0.0811540409923, 0.0176630523056, 0.0292388927191, 0.0238511804491, 0.0212553981692, 0.0101361935958, 0.0156784653664, 0.00374988093972, 0.00483798328787, 0.00706713041291, 0.00599881913513, 0.00357410009019, 0.00266925944015, 0.00468226196244, 0.00299405632541, 0.0019911788404, 0.000820146000478, 0.000152105189045],
        "mean": [0.00134108844213, 0.0265360176563, 0.00597031321377, 0.00232024211437, 0.00464384211227, 0.00286242621951, 0.00151830271352, 0.001117136213, 0.00172845227644, 0.00111654843204, 0.000481801893329, 0.000725185906049, 0.000295392732369, 0.00026739371242, 0.000262175017269, 0.000162926648045, 0.000122025623568, 0.000105450671981, 0.000130389831611, 0.000106753032014, 0.000122205121443, 9.83754216577e-05, 8.99817823665e-05, 9.52693735599e-05, 6.88373329467e-05, 3.55452502845e-05, 4.25488678957e-06],
        "median": [1.73167791218e-05, 0.0012182603823, 0.000786684046034, 0.000506131793372, 0.00208671065047, 0.00122513144743, 0.000525839917827, 0.000325841421727, 0.000396835908759, 0.000217065884499, 9.95025329757e-05, 0.000134263798827, 7.80271220719e-05, 6.70880035614e-05, 7.80592745286e-05, 4.37173584942e-05, 3.09318966174e-05, 2.88182527584e-05, 3.31601295329e-05, 3.24154971167e-05, 4.07915067626e-05, 1.58318380272e-05, 1.24673915707e-05, 2.34545805142e-05, 2.00318045245e-05, 6.75393539495e-06, 3.65791947843e-07],
        "min": [2.62905606592e-24, 5.59989952967e-23, 2.7406317635e-24, 2.96271366047e-24, 2.12455955885e-23, 9.23949233163e-23, 1.0546125563e-22, 3.15057130039e-23, 3.6510227654e-23, 1.24205505817e-22, 4.52035505601e-23, 5.57811182255e-23, 8.18157116648e-23, 1.62070892376e-22, 9.52250217672e-23, 2.13973131043e-22, 1.458972622e-22, 1.4723626839e-22, 2.26120856921e-22, 4.66088204347e-22, 4.50243384019e-22, 4.55628842755e-22, 6.29917070095e-22, 9.21657926711e-22, 1.15475291988e-21, 1.68896881808e-21, 2.33020151094e-21],
        "var": [7.29582325221e-06, 0.00167397945188, 0.000199308939045, 3.58960896847e-05, 4.79800255562e-05, 1.71255433088e-05, 7.24856636225e-06, 4.93088873554e-06, 1.21949296954e-05, 1.08610765892e-05, 1.09727432118e-06, 4.0579261622e-06, 7.5048620829e-07, 5.07781521719e-07, 3.66992679801e-07, 2.57183216945e-07, 6.52193534734e-08, 5.93254512182e-08, 8.78926726955e-08, 6.26569018891e-08, 6.02852168186e-08, 4.5582446262e-08, 4.84071733808e-08, 4.84777409326e-08, 2.05519654628e-08, 6.68767041745e-09, 1.38505901193e-10]
    },
    "erbbands": {
        "dmean": [0.41166344285, 2.26043510437, 4.65216255188, 5.99283075333, 7.78455495834, 10.2730808258, 11.9848594666, 14.4060335159, 13.4997930527, 16.5859737396, 15.9363117218, 18.8978900909, 23.6458892822, 18.4313774109, 14.4278049469, 13.213303566, 9.16746520996, 9.90089511871, 8.06736469269, 7.44594144821, 6.61193180084, 4.88670825958, 4.37695407867, 4.48162937164, 4.91902017593, 3.79641008377, 3.70592856407, 3.11200928688, 2.450268507, 2.22137093544, 1.79721093178, 1.42742812634, 1.08593785763, 0.60148614645, 0.323580980301, 0.156027674675, 0.046095661819, 0.00831818766892, 0.000545016664546, 2.4652455977e-05],
        "dmean2": [0.544112086296, 3.34174895287, 7.62770175934, 10.5709457397, 13.6954917908, 17.1922626495, 18.9986133575, 22.5612792969, 21.6859760284, 26.1197662354, 24.7901172638, 28.1320552826, 35.1639175415, 28.5899448395, 21.0934352875, 19.3537769318, 13.8670940399, 15.1330223083, 12.3187427521, 11.5951499939, 10.4089069366, 8.1407623291, 7.37633562088, 7.48582363129, 8.33170986176, 6.4689116478, 6.20400238037, 5.02801036835, 3.9643433094, 3.56098103523, 2.82856440544, 2.23056554794, 1.72185313702, 0.941588282585, 0.515412390232, 0.253200829029, 0.0747073665261, 0.0127538386732, 0.000888186506927, 3.66883650713e-05],
        "dvar": [0.785149216652, 27.8927822113, 194.523132324, 404.04800415, 538.863586426, 582.623657227, 566.75012207, 822.87689209, 1043.5657959, 1128.00598145, 1322.37463379, 1432.12072754, 3562.56494141, 5429.75878906, 833.663635254, 855.337097168, 631.256713867, 798.638366699, 463.259521484, 310.308410645, 570.411254883, 167.639251709, 160.886138916, 153.475250244, 239.594192505, 167.052185059, 122.643829346, 76.1683959961, 49.149723053, 50.0411872864, 29.2603645325, 17.7369689941, 8.54526233673, 2.68171548843, 0.71624225378, 0.178690478206, 0.0181926060468, 0.000564739457332, 2.48446758633e-06, 1.64480373765e-09],
        "dvar2": [1.33880221844, 67.8154525757, 526.130615234, 1165.25012207, 1557.51477051, 1639.96398926, 1461.06713867, 2031.8939209, 2840.18139648, 2792.03393555, 3254.59887695, 3316.23583984, 7947.37939453, 14052.9082031, 1730.74462891, 1715.08776855, 1170.31628418, 1569.86071777, 1052.23706055, 721.104187012, 1358.30065918, 444.939483643, 438.096740723, 415.786895752, 662.635803223, 470.117858887, 336.692321777, 201.302124023, 128.448394775, 132.841445923, 73.6193695068, 42.6376647949, 21.3960323334, 6.58596086502, 1.83077132702, 0.468828588724, 0.0470904894173, 0.00130184809677, 6.06778212386e-06, 3.65196317631e-09],
        "max": [8.53496074677, 46.923992157, 163.519271851, 211.516235352, 249.466796875, 329.599456787, 372.755432129, 468.967163086, 1108.05822754, 852.125183105, 1036.15979004, 728.421875, 1217.25158691, 2386.61157227, 590.643371582, 665.449890137, 1193.23474121, 1282.09277344, 511.64074707, 658.192138672, 1061.48413086, 209.798217773, 267.977142334, 171.47052002, 473.13772583, 296.07421875, 191.148727417, 125.841339111, 103.189903259, 181.162689209, 80.9225082397, 65.5250473022, 43.8600387573, 26.1320400238, 15.7785396576, 5.39818477631, 1.67880570889, 0.284060776234, 0.027163779363, 0.000518624845427],
        "mean": [1.02051436901, 4.89533233643, 7.39606046677, 7.57846069336, 9.69971370697, 16.8789291382, 21.4585056305, 24.2076911926, 20.7453746796, 25.7328567505, 25.0434703827, 32.467754364, 44.2560768127, 29.9660396576, 26.2753601074, 22.8966617584, 14.2052745819, 14.3866558075, 12.4806623459, 11.7597131729, 9.63692188263, 6.88216590881, 5.90586328506, 6.03209066391, 6.76496744156, 5.17313814163, 4.98539543152, 4.35049533844, 3.58649539948, 3.11480093002, 2.49199199677, 2.02500367165, 1.53714466095, 0.855069875717, 0.444758981466, 0.195141896605, 0.0562664046884, 0.010786851868, 0.000631920178421, 7.05635320628e-05],
        "median": [0.0138521753252, 0.417639762163, 1.27283501625, 2.1125061512, 3.45068478584, 6.79233932495, 9.06791210175, 9.74410152435, 7.88183021545, 9.09163284302, 8.11333656311, 9.49453544617, 9.86192417145, 8.13708877563, 7.50444936752, 5.61503887177, 4.39487075806, 3.83604621887, 3.62394070625, 3.97926235199, 2.74446892738, 1.94894576073, 1.72963654995, 1.62933957577, 1.84584569931, 1.61064469814, 1.62421393394, 1.28642356396, 0.599955797195, 0.419937700033, 0.351904839277, 0.39568439126, 0.415969401598, 0.223249271512, 0.131925314665, 0.045847568661, 0.00879369210452, 0.00155559438281, 8.93561373232e-05, 4.37468552263e-05],
        "min": [1.97646365927e-21, 1.0929039025e-20, 4.95441039579e-21, 1.07729894638e-20, 1.66523961951e-20, 7.2413581559e-20, 5.43020704289e-19, 7.31133156112e-19, 1.89614467059e-18, 4.64502497497e-19, 8.2866167944e-19, 9.9556294561e-19, 3.13391850726e-18, 2.64078485892e-18, 1.70016283601e-18, 2.13442004309e-18, 3.27919561786e-18, 6.31385059046e-18, 7.29720455703e-18, 5.46063240018e-18, 1.23914476446e-17, 9.52667302918e-18, 9.41424512186e-18, 1.19175533902e-17, 1.2877455132e-17, 2.24462308272e-17, 1.83400731792e-17, 1.72281769998e-17, 1.56407727366e-17, 1.84991300849e-17, 1.77430026326e-17, 1.90863770346e-17, 1.36934770781e-17, 9.19795807119e-18, 1.06096774441e-17, 5.44084044966e-18, 3.62603100114e-18, 1.27496946048e-18, 3.35210367894e-19, 3.29039619912e-20],
        "var": [3.23631358147, 60.9063720703, 250.702224731, 303.6171875, 389.059448242, 745.10760498, 1036.00134277, 1377.7734375, 1478.69152832, 2002.86535645, 2216.9296875, 3208.23681641, 9886.35644531, 9494.66210938, 2516.64819336, 2734.59326172, 1586.2097168, 1540.4732666, 837.92779541, 598.909545898, 1009.42858887, 205.741821289, 167.838409424, 163.966781616, 260.568389893, 143.870117188, 114.587219238, 82.6901779175, 59.4076728821, 53.6662445068, 36.3832931519, 24.9542331696, 11.7470207214, 3.58260154724, 0.811739385128, 0.178832262754, 0.0184272993356, 0.000725062913261, 2.92878826258e-06, 4.64713156845e-09]
    },
    "gfcc": {
        "mean": [-61.2892303467, 107.976860046, -97.5154342651, 9.9146566391, -61.1792259216, 9.6132850647, -34.7277145386, 5.29928445816, -25.0718193054, 2.34510040283, -14.6708755493, -2.18507051468, -3.04880738258],
        "cov": [[31526.7226562, -1558.80981445, 2118.70629883, 4252.22265625, -140.122512817, 1244.60974121, -1067.94946289, 962.85144043, -731.145568848, 654.739807129, -805.561889648, 149.937652588, -790.047546387], [-1558.80981445, 3218.70141602, 106.698768616, -809.481872559, 462.071960449, -498.606384277, 136.090789795, -479.23135376, 107.930244446, -316.016876221, 159.198074341, -315.818450928, 240.980255127], [2118.70629883, 106.698768616, 1597.66442871, 1095.78369141, 351.137542725, 353.572143555, 35.2960472107, 180.710739136, 75.88722229, 107.343536377, -74.7490768433, 67.5893554688, -98.8603515625], [4252.22265625, -809.481872559, 1095.78369141, 1893.25683594, 291.509918213, 462.822937012, -3.51841187477, 353.30847168, 142.25743103, 237.417755127, -41.1037483215, 168.714813232, -173.546707153], [-140.122512817, 462.071960449, 351.137542725, 291.509918213, 651.228088379, 182.384536743, 239.055511475, 33.1894302368, 206.166030884, 84.8333587646, 100.639152527, 35.4243087769, 19.215051651], [1244.60974121, -498.606384277, 353.572143555, 462.822937012, 182.384536743, 515.430908203, 185.059204102, 190.866195679, 117.600067139, 173.775039673, 16.9280757904, 129.54598999, -42.3879470825], [-1067.94946289, 136.090789795, 35.2960472107, -3.51841187477, 239.055511475, 185.059204102, 428.247589111, 133.534820557, 216.431030273, 69.8492660522, 149.365661621, 81.6809387207, 75.4549026489], [962.85144043, -479.23135376, 180.710739136, 353.30847168, 33.1894302368, 190.866195679, 133.534820557, 323.218933105, 95.4557418823, 125.051719666, 20.7316856384, 105.755912781, -5.04773664474], [-731.145568848, 107.930244446, 75.88722229, 142.25743103, 206.166030884, 117.600067139, 216.431030273, 95.4557418823, 308.327026367, 81.423538208, 105.641975403, 86.4069061279, 26.1698513031], [654.739807129, -316.016876221, 107.343536377, 237.417755127, 84.8333587646, 173.775039673, 69.8492660522, 125.051719666, 81.423538208, 192.151931763, 50.081035614, 66.8534545898, -8.07360267639], [-805.561889648, 159.198074341, -74.7490768433, -41.1037483215, 100.639152527, 16.9280757904, 149.365661621, 20.7316856384, 105.641975403, 50.081035614, 175.487854004, 50.853187561, 60.5873374939], [149.937652588, -315.818450928, 67.5893554688, 168.714813232, 35.4243087769, 129.54598999, 81.6809387207, 105.755912781, 86.4069061279, 66.8534545898, 50.853187561, 172.647155762, -3.54031920433], [-790.047546387, 240.980255127, -98.8603515625, -173.546707153, 19.215051651, -42.3879470825, 75.4549026489, -5.04773664474, 26.1698513031, -8.07360267639, 60.5873374939, -3.54031920433, 155.423492432]],
        "icov": [[0.00011395150068, -0.000280670763459, 0.000197160654352, -0.000279811763903, 0.00010748506611, -0.000276267586742, 0.000213911916944, -0.000401969329687, 0.000471964100143, -0.000428578699939, 0.000423702847911, -0.000273768906482, 0.000348705536453], [-0.000280670763459, 0.00167664990295, -0.000965806888416, 0.000959741941188, -0.000835893675685, 0.00114859023597, -0.000565906579141, 0.00165780377574, -0.00174780481029, 0.00200851052068, -0.00184489262756, 0.00191924837418, -0.00166228681337], [0.000197160654352, -0.000965806888416, 0.00176639843266, -0.00122538465075, 2.02343799174e-05, -0.00101142283529, 0.000374614115572, -0.00103100808337, 0.00123548030388, -0.000867289665621, 0.001624944387, -0.00096655334346, 0.000852720870171], [-0.000279811763903, 0.000959741941188, -0.00122538465075, 0.00207976950333, -0.000688850297593, 0.000430411542766, 0.000349519250449, 0.000224505944061, -0.00160800444428, 0.00109453126788, -0.00161926657893, 0.000812180631328, -0.000350055954186], [0.00010748506611, -0.000835893675685, 2.02343799174e-05, -0.000688850297593, 0.00314403232187, -0.00072315055877, -0.0009445293108, 0.000372437702026, -0.000174747590791, -0.0014437593054, 0.000484497344587, -0.000322182808304, 0.000729042454623], [-0.000276267586742, 0.00114859023597, -0.00101142283529, 0.000430411542766, -0.00072315055877, 0.00542179029435, -0.00279976776801, 0.00152793631423, -0.000767887220718, -0.00139532412868, 0.000659519108012, -0.000496442662552, -0.000582590932027], [0.000213911916944, -0.000565906579141, 0.000374614115572, 0.000349519250449, -0.0009445293108, -0.00279976776801, 0.00722070876509, -0.00332194520161, -0.00133238686249, 0.00140695809387, -0.00273763085715, 0.000126371887745, -0.000299358653137], [-0.000401969329687, 0.00165780377574, -0.00103100808337, 0.000224505944061, 0.000372437702026, 0.00152793631423, -0.00332194520161, 0.00830272492021, -0.00211483170278, -0.000577479193453, 1.55042471306e-05, 5.61210217711e-05, -0.0024444044102], [0.000471964100143, -0.00174780481029, 0.00123548030388, -0.00160800444428, -0.000174747590791, -0.000767887220718, -0.00133238686249, -0.00211483170278, 0.00853068102151, -0.00328619708307, 0.00146575213876, -0.00336440419778, 0.00223460490815], [-0.000428578699939, 0.00200851052068, -0.000867289665621, 0.00109453126788, -0.0014437593054, -0.00139532412868, 0.00140695809387, -0.000577479193453, -0.00328619708307, 0.0127428853884, -0.00584007892758, 0.0027376273647, -0.001971837366], [0.000423702847911, -0.00184489262756, 0.001624944387, -0.00161926657893, 0.000484497344587, 0.000659519108012, -0.00273763085715, 1.55042471306e-05, 0.00146575213876, -0.00584007892758, 0.013887452893, -0.00467563560233, -0.00038103517727], [-0.000273768906482, 0.00191924837418, -0.00096655334346, 0.000812180631328, -0.000322182808304, -0.000496442662552, 0.000126371887745, 5.61210217711e-05, -0.00336440419778, 0.0027376273647, -0.00467563560233, 0.0114413620904, -0.00143839011434], [0.000348705536453, -0.00166228681337, 0.000852720870171, -0.000350055954186, 0.000729042454623, -0.000582590932027, -0.000299358653137, -0.0024444044102, 0.00223460490815, -0.001971837366, -0.00038103517727, -0.00143839011434, 0.0103894323111]]
    },
    "melbands": {
        "dmean": [0.00312736094929, 0.00254338094965, 0.00108100206126, 0.000636508513708, 0.00042986223707, 0.000316836201819, 0.000207636228879, 0.000180790841114, 0.000127154547954, 0.000128430139739, 0.000121264180052, 7.91349884821e-05, 4.92907274747e-05, 5.12264414283e-05, 2.33000682783e-05, 1.96670043806e-05, 1.8550113964e-05, 1.3328217392e-05, 1.22654992083e-05, 8.44933038024e-06, 7.70364931668e-06, 5.29445060238e-06, 4.67673771709e-06, 4.07393827118e-06, 3.73925786334e-06, 3.97032499677e-06, 3.1666236282e-06, 2.4985949949e-06, 2.48265951086e-06, 2.20257174988e-06, 1.78109200988e-06, 1.41578482271e-06, 1.40357019518e-06, 1.25624001157e-06, 1.09165512185e-06, 9.31998442866e-07, 9.04077182895e-07, 8.42601650675e-07, 6.25456095804e-07, 4.95821041113e-07],
        "dmean2": [0.00422882055864, 0.00399671168998, 0.00190488121007, 0.00109404860996, 0.000687793421093, 0.000495540793054, 0.000331964954967, 0.000285257061478, 0.000197013505385, 0.000190485458006, 0.000180299684871, 0.000123424208141, 7.38301532692e-05, 7.25687277736e-05, 3.56225282303e-05, 2.97662882076e-05, 2.85786954919e-05, 2.0518884412e-05, 1.89806014532e-05, 1.32544364533e-05, 1.2311120372e-05, 8.86308953341e-06, 7.86531199992e-06, 6.80727589497e-06, 6.24497943136e-06, 6.65596508043e-06, 5.42213911103e-06, 4.26962651545e-06, 4.17464798375e-06, 3.65486403098e-06, 2.8665363061e-06, 2.3203085675e-06, 2.26831821237e-06, 2.02518504011e-06, 1.74042077106e-06, 1.45016770148e-06, 1.43557338106e-06, 1.34366973725e-06, 9.9296926237e-07, 7.8036754303e-07],
        "dvar": [4.2006802687e-05, 4.41440897703e-05, 1.26044442368e-05, 2.73254954664e-06, 7.24936967345e-07, 3.80810831757e-07, 2.22958959739e-07, 1.36957339691e-07, 7.54396438651e-08, 7.44081134485e-08, 9.72859481863e-08, 1.0760270186e-07, 1.15823466373e-08, 1.72948944055e-08, 3.84422760291e-09, 2.86724466392e-09, 2.81646039824e-09, 1.29228971968e-09, 1.01041985889e-09, 4.48698994626e-10, 7.54079187981e-10, 1.98787347694e-10, 1.76282544118e-10, 1.35722030836e-10, 1.07484000866e-10, 1.59478347195e-10, 9.69472904733e-11, 7.38707914283e-11, 5.61729100734e-11, 3.77122534589e-11, 2.53702319569e-11, 1.66056491474e-11, 1.58813361767e-11, 1.91776889508e-11, 1.08252764391e-11, 7.30005986216e-12, 7.04520513109e-12, 5.07582734524e-12, 2.82701726612e-12, 1.80374768941e-12],
        "dvar2": [7.39131137379e-05, 0.000117224059068, 3.63410072168e-05, 7.82338975114e-06, 1.91498543245e-06, 9.40263362281e-07, 6.01800820732e-07, 3.46784361227e-07, 1.83987779678e-07, 1.68421166791e-07, 2.19274710389e-07, 2.82216120695e-07, 2.58276493525e-08, 3.01180342888e-08, 7.23830506644e-09, 5.74711966905e-09, 5.70524294474e-09, 2.93169688526e-09, 2.34735586524e-09, 1.06796493871e-09, 1.82915504965e-09, 5.24805088276e-10, 4.79540962495e-10, 3.65823038528e-10, 2.90707569128e-10, 4.3677006456e-10, 2.74280820278e-10, 2.0749235663e-10, 1.54267001951e-10, 1.01634575755e-10, 6.63974222825e-11, 4.37449104718e-11, 4.14709273866e-11, 5.19773911412e-11, 2.76208240307e-11, 1.73571539086e-11, 1.73494725531e-11, 1.27631195543e-11, 7.08535877539e-12, 4.42921654215e-12],
        "max": [0.0631575956941, 0.0759091228247, 0.0391861982644, 0.0180927906185, 0.0101809669286, 0.00954419095069, 0.0154775939882, 0.00901056174189, 0.00686618639156, 0.00593325402588, 0.00638146093115, 0.0109012145549, 0.00241727172397, 0.00397939747199, 0.00231527769938, 0.00174106180202, 0.0021772608161, 0.000876410282217, 0.000809248944279, 0.000586553825997, 0.00121705536731, 0.000255235529039, 0.000311862735543, 0.000180930452188, 0.000153531946125, 0.000428991857916, 0.000208690529689, 0.000183416981599, 0.000136685470352, 0.000105480074126, 7.36260335543e-05, 6.84331753291e-05, 6.9810768764e-05, 0.000140489297337, 5.02187394886e-05, 3.75812996936e-05, 4.63842334284e-05, 3.94370727008e-05, 2.96671551041e-05, 2.58449690591e-05],
        "mean": [0.0080728745088, 0.00477473717183, 0.00138563162182, 0.00094521563733, 0.000786889344454, 0.000534649239853, 0.000322290725308, 0.000278805178823, 0.000199327492737, 0.000224114177399, 0.000223833150812, 0.000124974365463, 8.33567246445e-05, 9.26598804654e-05, 3.40475744451e-05, 2.91250617011e-05, 2.57580795733e-05, 1.93835076061e-05, 1.8918322894e-05, 1.24385314848e-05, 1.04806968011e-05, 7.04775720806e-06, 5.88211560171e-06, 5.22660911884e-06, 4.69027781946e-06, 5.33983075002e-06, 4.12464896726e-06, 3.18022671308e-06, 3.19811238114e-06, 2.82157316178e-06, 2.40808344643e-06, 2.00565023079e-06, 1.89768309156e-06, 1.68195049355e-06, 1.45148692354e-06, 1.2932187019e-06, 1.21644575302e-06, 1.14976376153e-06, 8.6237571395e-07, 6.72947805924e-07],
        "median": [0.00022959819762, 0.00108724762686, 0.000436383415945, 0.000390360772144, 0.000346827233443, 0.000217514694668, 0.000130260814331, 0.00010053889855, 6.08927693975e-05, 5.56911072636e-05, 4.63726792077e-05, 2.67936575256e-05, 2.23302740778e-05, 1.57917402248e-05, 9.1613155746e-06, 7.88519992057e-06, 6.06401954428e-06, 5.03412593389e-06, 5.34311129741e-06, 3.63028084394e-06, 2.44840111918e-06, 1.68470319295e-06, 1.58226248459e-06, 1.3377562027e-06, 1.14240549465e-06, 1.25284429942e-06, 1.17754495932e-06, 8.80775530732e-07, 9.19696219626e-07, 9.07257060589e-07, 5.69904727854e-07, 3.04015401298e-07, 2.54921360465e-07, 1.96319646761e-07, 1.810361141e-07, 1.9268509277e-07, 2.30276867796e-07, 2.99646700341e-07, 1.98659947159e-07, 1.65330988011e-07],
        "min": [1.69510778413e-23, 6.90499968873e-24, 1.72003448711e-24, 2.34930547855e-24, 1.48938595514e-23, 1.84441390994e-23, 2.60092504938e-23, 4.72229729463e-24, 7.13409988397e-24, 5.35709208734e-24, 1.68243741581e-23, 1.22300924223e-23, 6.06305791092e-24, 6.65969392393e-24, 4.13777700185e-24, 9.62837788094e-24, 1.24062632063e-23, 1.38704829208e-23, 7.04716741221e-24, 8.99396331919e-24, 1.5323424291e-23, 8.08409509541e-24, 9.86070057297e-24, 7.31232801715e-24, 1.00970125346e-23, 7.71389766095e-24, 1.45948339366e-23, 1.44048225881e-23, 9.90162825446e-24, 1.22232458985e-23, 9.62080560511e-24, 8.96191347833e-24, 8.02836680562e-24, 1.10662307086e-23, 1.00666508561e-23, 1.02682261166e-23, 1.31683651607e-23, 1.12685206771e-23, 6.66238078417e-24, 8.00323685263e-24],
        "var": [0.000169941122294, 6.57000418869e-05, 9.2390428108e-06, 2.52362087849e-06, 1.2577685311e-06, 6.4463858962e-07, 3.21972578377e-07, 2.21511868403e-07, 1.32857380208e-07, 1.87244864946e-07, 2.580959233e-07, 1.864179211e-07, 2.53311007725e-08, 7.6441367014e-08, 9.11301878403e-09, 6.04213834521e-09, 5.06292385793e-09, 2.28203167474e-09, 2.03034278279e-09, 8.10682077024e-10, 1.26379584575e-09, 2.50949233616e-10, 1.76732295465e-10, 1.53037346684e-10, 1.11213621645e-10, 1.89340293444e-10, 8.89823700834e-11, 6.22636039949e-11, 5.31328071818e-11, 3.64522856344e-11, 2.85832954527e-11, 1.94643329232e-11, 1.86991533369e-11, 1.86020504556e-11, 1.29628295945e-11, 1.0367814246e-11, 9.43454862845e-12, 6.96365361208e-12, 3.64037185813e-12, 2.37685392201e-12]
    },
    "mfcc": {
        "mean": [-699.555236816, 139.191650391, 19.5306377411, 9.16673755646, -1.89669120312, 0.262934833765, 1.20353448391, -4.12368869781, 1.48514580727, -0.485224723816, -6.03728246689, -1.71157073975, -3.4609246254],
        "cov": [[15611.46875, -572.013122559, 532.816650391, 1522.84106445, 721.3125, 495.319854736, 346.945037842, 340.868682861, 280.821716309, 273.577331543, 208.546432495, 322.100830078, 187.737625122], [-572.013122559, 2601.40112305, 206.242431641, -97.9789657593, 81.4356842041, -48.0884628296, 51.1256141663, -216.314361572, 1.41589355469, -73.1516342163, -133.492141724, -68.5622787476, -117.048027039], [532.816650391, 206.242431641, 855.582702637, 433.803466797, 270.688262939, 229.300521851, 35.7590827942, 125.102478027, 105.466178894, 14.7424736023, 41.660533905, 102.904289246, 77.4526748657], [1522.84106445, -97.9789657593, 433.803466797, 978.010925293, 439.33895874, 232.570907593, 107.168701172, 203.134414673, 127.88697052, 126.603813171, 138.168548584, 156.107467651, 127.26524353], [721.3125, 81.4356842041, 270.688262939, 439.33895874, 441.073913574, 277.12689209, 75.8284225464, 121.900047302, 105.097328186, 87.5241088867, 95.1207351685, 114.393013, 91.4300308228], [495.319854736, -48.0884628296, 229.300521851, 232.570907593, 277.12689209, 470.643188477, 124.909477234, 181.510635376, 118.564125061, 106.699211121, 131.28427124, 124.928276062, 156.353363037], [346.945037842, 51.1256141663, 35.7590827942, 107.168701172, 75.8284225464, 124.909477234, 271.291412354, 98.7720184326, 92.9187469482, 102.545707703, 45.7214012146, 72.8603286743, 54.2815170288], [340.868682861, -216.314361572, 125.102478027, 203.134414673, 121.900047302, 181.510635376, 98.7720184326, 326.410217285, 138.796966553, 97.019241333, 140.967712402, 110.898086548, 140.894271851], [280.821716309, 1.41589355469, 105.466178894, 127.88697052, 105.097328186, 118.564125061, 92.9187469482, 138.796966553, 217.105026245, 95.0990600586, 65.7149963379, 86.4486618042, 78.7939224243], [273.577331543, -73.1516342163, 14.7424736023, 126.603813171, 87.5241088867, 106.699211121, 102.545707703, 97.019241333, 95.0990600586, 186.529983521, 104.142623901, 66.1180419922, 60.9732666016], [208.546432495, -133.492141724, 41.660533905, 138.168548584, 95.1207351685, 131.28427124, 45.7214012146, 140.967712402, 65.7149963379, 104.142623901, 180.006790161, 96.3510894775, 86.0363769531], [322.100830078, -68.5622787476, 102.904289246, 156.107467651, 114.393013, 124.928276062, 72.8603286743, 110.898086548, 86.4486618042, 66.1180419922, 96.3510894775, 163.737228394, 113.238441467], [187.737625122, -117.048027039, 77.4526748657, 127.26524353, 91.4300308228, 156.353363037, 54.2815170288, 140.894271851, 78.7939224243, 60.9732666016, 86.0363769531, 113.238441467, 194.70350647]],
