{
"lowlevel": {
    "average_loudness": 0.933597803116,
    "barkbands_crest": {
        "dmean": 3.09982252121,
        "dmean2": 4.86965084076,
        "dvar": 12.7380180359,
        "dvar2": 28.8816318512,
        "max": 26.6315021515,
        "mean": 14.024928093,
        "median": 13.5225009918,
        "min": 1.90068638325,
        "var": 34.6393241882
    },
    "barkbands_flatness_db": {
        "dmean": 0.0341021083295,
        "dmean2": 0.0518934167922,
        "dvar": 0.00157268228941,
        "dvar2": 0.00349223054945,
        "max": 0.740766823292,
        "mean": 0.174093589187,
        "median": 0.146913558245,
        "min": 0.0123313656077,
        "var": 0.0107645429671
    },
    "barkbands_kurtosis": {
        "dmean": 10.0315637589,
        "dmean2": 16.0337867737,
        "dvar": 862.09588623,
        "dvar2": 2091.77319336,
        "max": 801.726257324,
        "mean": 16.3047866821,
        "median": 4.13573646545,
        "min": -1.80234336853,
        "var": 1732.80456543
    },
    "barkbands_skewness": {
        "dmean": 0.98355525732,
        "dmean2": 1.51827228069,
        "dvar": 2.05775594711,
        "dvar2": 4.74315309525,
        "max": 23.7500915527,
        "mean": 2.60873675346,
        "median": 1.97626411915,
        "min": -2.73537015915,
        "var": 6.28002357483
    },
    "barkbands_spread": {
        "dmean": 7.88422250748,
        "dmean2": 12.8032722473,
        "dvar": 130.04234314,
        "dvar2": 286.237762451,
        "max": 117.713500977,
        "mean": 21.9765148163,
        "median": 18.7975921631,
        "min": 0.102905757725,
        "var": 315.10369873
    },
    "dissonance": {
        "dmean": 0.0229977294803,
        "dmean2": 0.038482002914,
        "dvar": 0.000632113835309,
        "dvar2": 0.00171014678199,
        "max": 0.500000059605,
        "mean": 0.446212679148,
        "median": 0.460557222366,
        "min": 0.144563302398,
        "var": 0.00234982511029
    },
    "dynamic_complexity": 3.31856918335,
    "erbbands_crest": {
        "dmean": 2.82826900482,
        "dmean2": 4.61541604996,
        "dvar": 8.65068626404,
        "dvar2": 20.7602443695,
        "max": 33.4061508179,
        "mean": 10.3735361099,
        "median": 9.19385719299,
        "min": 2.31440472603,
        "var": 31.4378242493
    },
    "erbbands_flatness_db": {
        "dmean": 0.0173212476075,
        "dmean2": 0.0254463143647,
        "dvar": 0.000459883565782,
        "dvar2": 0.000830630480777,
        "max": 0.562787413597,
        "mean": 0.156460285187,
        "median": 0.122440315783,
        "min": 0.0456923432648,
        "var": 0.00711140176281
    },
    "erbbands_kurtosis": {
        "dmean": 1.50806951523,
        "dmean2": 2.40745520592,
        "dvar": 16.2211303711,
        "dvar2": 36.7304191589,
        "max": 121.05556488,
        "mean": 2.01655101776,
        "median": -0.209732890129,
        "min": -1.86611127853,
        "var": 58.3398017883
    },
    "erbbands_skewness": {
        "dmean": 0.418145388365,
        "dmean2": 0.660642921925,
        "dvar": 0.239795848727,
        "dvar2": 0.571206867695,
        "max": 9.86556816101,
        "mean": 0.66341817379,
        "median": 0.456237256527,
        "min": -5.82484769821,
        "var": 1.30190038681
    },
    "erbbands_spread": {
        "dmean": 8.89677524567,
        "dmean2": 13.5370941162,
        "dvar": 129.054656982,
        "dvar2": 293.965637207,
        "max": 176.954269409,
        "mean": 43.8433647156,
        "median": 44.0670471191,
        "min": 1.48898291588,
        "var": 583.670227051
    },
    "hfc": {
        "dmean": 11.7989492416,
        "dmean2": 19.4919090271,
        "dvar": 537.15045166,
        "dvar2": 1442.5222168,
        "max": 202.796051025,
        "mean": 26.2452507019,
        "median": 18.8188362122,
        "min": 1.21384307969e-16,
        "var": 680.296325684
    },
    "melbands_crest": {
        "dmean": 3.67997527122,
        "dmean2": 5.94555997849,
        "dvar": 18.3149776459,
        "dvar2": 45.0398445129,
        "max": 36.8537025452,
        "mean": 19.2050228119,
        "median": 18.6755828857,
        "min": 1.88318002224,
        "var": 49.2704391479
    },
    "melbands_flatness_db": {
        "dmean": 0.0413505546749,
        "dmean2": 0.0640262439847,
        "dvar": 0.00252846628428,
        "dvar2": 0.00581892393529,
        "max": 0.893127024174,
        "mean": 0.244539320469,
        "median": 0.226414501667,
        "min": 0.00865311454982,
        "var": 0.0142404027283
    },
    "melbands_kurtosis": {
        "dmean": 23.1714439392,
        "dmean2": 37.3592224121,
        "dvar": 2735.67895508,
        "dvar2": 6797.94189453,
        "max": 903.639160156,
        "mean": 40.6148223877,
        "median": 13.58066082,
        "min": -1.7994812727,
        "var": 5632.35400391
    },
    "melbands_skewness": {
        "dmean": 1.31349670887,
        "dmean2": 2.06730222702,
        "dvar": 3.9508228302,
        "dvar2": 9.04841423035,
        "max": 24.212053299,
        "mean": 4.04439878464,
        "median": 3.09127569199,
        "min": -1.95959985256,
        "var": 11.4370136261
    },
    "melbands_spread": {
        "dmean": 9.21086883545,
        "dmean2": 15.1916265488,
        "dvar": 233.592468262,
        "dvar2": 580.894226074,
        "max": 286.777740479,
        "mean": 19.7543945312,
        "median": 14.1640825272,
        "min": 0.142583563924,
        "var": 430.049804688
    },
    "pitch_salience": {
        "dmean": 0.0921336337924,
        "dmean2": 0.147912234068,
        "dvar": 0.0117864757776,
        "dvar2": 0.0297471042722,
        "max": 0.896879374981,
        "mean": 0.427343726158,
        "median": 0.428602039814,
        "min": 0.0266129877418,
        "var": 0.0261374898255
    },
    "silence_rate_20dB": {
        "dmean": 0,
        "dmean2": 0,
        "dvar": 0,
        "dvar2": 0,
        "max": 1,
        "mean": 1,
        "median": 1,
        "min": 1,
        "var": 0
    },
    "silence_rate_30dB": {
        "dmean": 0.060664024204,
        "dmean2": 0.1213446334,
        "dvar": 0.0569894686341,
        "dvar2": 0.120002105832,
        "max": 1,
        "mean": 0.889071047306,
        "median": 1,
        "min": 0,
        "var": 0.0986257642508
    },
    "silence_rate_60dB": {
        "dmean": 0.0262330919504,
        "dmean2": 0.0524733550847,
        "dvar": 0.0255434717983,
        "dvar2": 0.058185659349,
        "max": 1,
        "mean": 0.0856557413936,
        "median": 0,
        "min": 0,
        "var": 0.0783147066832
    },
    "spectral_centroid": {
        "dmean": 331.231323242,
        "dmean2": 541.08416748,
        "dvar": 221688.25,
        "dvar2": 504586.65625,
        "max": 11473.9140625,
        "mean": 1389.65905762,
        "median": 1323.88549805,
        "min": 84.9651031494,
        "var": 603408.875
    },
    "spectral_complexity": {
        "dmean": 5.07118463516,
        "dmean2": 8.3768787384,
        "dvar": 46.8136367798,
        "dvar2": 112.258857727,
        "max": 61,
        "mean": 16.6683063507,
        "median": 15,
        "min": 0,
        "var": 120.455474854
    },
    "spectral_decrease": {
        "dmean": 4.40322622808e-09,
        "dmean2": 6.41797637257e-09,
        "dvar": 4.48949829009e-17,
        "dvar2": 9.19966586829e-17,
        "max": -3.41132447885e-29,
        "mean": -1.24898749121e-08,
        "median": -8.78401529292e-09,
        "min": -5.95464726416e-08,
        "var": 1.40027847245e-16
    },
    "spectral_energy": {
        "dmean": 0.0169934015721,
        "dmean2": 0.0248348023742,
        "dvar": 0.000644493149593,
        "dvar2": 0.00130668620113,
        "max": 0.226271823049,
        "mean": 0.0495203286409,
        "median": 0.0355518646538,
        "min": 1.11386630712e-20,
        "var": 0.0020644092001
    },
    "spectral_energyband_high": {
        "dmean": 0.00100037665106,
        "dmean2": 0.00168089696672,
        "dvar": 4.5409096856e-06,
        "dvar2": 1.2074485312e-05,
        "max": 0.0158722996712,
        "mean": 0.0016083860537,
        "median": 0.0007889707922,
        "min": 7.71403840004e-21,
        "var": 5.34964829058e-06
    },
    "spectral_energyband_low": {
        "dmean": 0.0131360618398,
        "dmean2": 0.0190923828632,
        "dvar": 0.000475842243759,
        "dvar2": 0.000911670795176,
        "max": 0.221474096179,
        "mean": 0.0313469544053,
        "median": 0.0141475172713,
        "min": 2.22126418707e-22,
        "var": 0.00175164930988
    },
    "spectral_energyband_middle_high": {
        "dmean": 0.00216178060509,
        "dmean2": 0.00370446359739,
        "dvar": 1.75575241883e-05,
        "dvar2": 5.01392714796e-05,
        "max": 0.0492230840027,
        "mean": 0.00420193327591,
        "median": 0.00269138021395,
        "min": 1.71911476523e-21,
        "var": 2.18952100113e-05
    },
    "spectral_energyband_middle_low": {
        "dmean": 0.00805433467031,
        "dmean2": 0.0129653671756,
        "dvar": 0.000451208383311,
        "dvar2": 0.00101921719033,
        "max": 0.202074959874,
        "mean": 0.0139314681292,
        "median": 0.00959518551826,
        "min": 3.52759891345e-22,
        "var": 0.000465990859084
    },
    "spectral_entropy": {
        "dmean": 0.231851503253,
        "dmean2": 0.356380909681,
        "dvar": 0.0745163634419,
        "dvar2": 0.159481808543,
        "max": 9.80172252655,
        "mean": 7.49646282196,
        "median": 7.66139650345,
        "min": 4.12222194672,
        "var": 0.634614646435
    },
    "spectral_flux": {
        "dmean": 0.046787340194,
        "dmean2": 0.068111166358,
        "dvar": 0.00283973501064,
        "dvar2": 0.00567473797128,
        "max": 0.447826862335,
        "mean": 0.0980662703514,
        "median": 0.0702119320631,
        "min": 1.05539861572e-10,
        "var": 0.00712395692244
    },
    "spectral_kurtosis": {
        "dmean": 2.35522651672,
        "dmean2": 3.84110951424,
        "dvar": 81.463180542,
        "dvar2": 194.025650024,
        "max": 324.635986328,
        "mean": 7.45405578613,
        "median": 2.71193599701,
        "min": -1.18307483196,
        "var": 484.312286377
    },
    "spectral_rms": {
        "dmean": 0.00118984479923,
        "dmean2": 0.00176578108221,
        "dvar": 2.46298441198e-06,
        "dvar2": 5.06535661771e-06,
        "max": 0.0148577587679,
        "mean": 0.00615853816271,
        "median": 0.0058893756941,
        "min": 3.29651150127e-12,
        "var": 1.03848788058e-05
    },
    "spectral_rolloff": {
        "dmean": 739.281555176,
        "dmean2": 1256.58850098,
        "dvar": 1859885.875,
        "dvar2": 4033541,
        "max": 19379.8828125,
        "mean": 1419.78100586,
        "median": 667.529296875,
        "min": 64.599609375,
        "var": 3680393.25
    },
    "spectral_skewness": {
        "dmean": 0.23896509409,
        "dmean2": 0.379954040051,
        "dvar": 0.187198370695,
        "dvar2": 0.423873364925,
        "max": 14.4377803802,
        "mean": 1.76966834068,
        "median": 1.3840457201,
        "min": -0.310424387455,
        "var": 1.80362808704
    },
    "spectral_spread": {
        "dmean": 573422.0625,
        "dmean2": 853745.6875,
        "dvar": 567052664832,
        "dvar2": 902505037824,
        "max": 39713540,
        "mean": 5529063,
        "median": 5597684,
        "min": 222769.078125,
        "var": 3.03304094515e+12
    },
    "spectral_strongpeak": {
        "dmean": 0.34673461318,
        "dmean2": 0.574032902718,
        "dvar": 0.312687128782,
        "dvar2": 0.770665407181,
        "max": 8.94733047485,
        "mean": 0.83163100481,
        "median": 0.618039250374,
        "min": 0,
        "var": 0.57865858078
    },
    "zerocrossingrate": {
        "dmean": 0.014963795431,
        "dmean2": 0.01783314161,
        "dvar": 0.000331490737153,
        "dvar2": 0.000387534906622,
        "max": 0.67431640625,
        "mean": 0.0593278408051,
        "median": 0.04638671875,
        "min": 0.001953125,
        "var": 0.00238133617677
    },
    "barkbands": {
        "dmean": [0.00046803834266, 0.0109502794221, 0.00335025461391, 0.0040513179265, 0.00251608272083, 0.0012951499084, 0.00100936240051, 0.000882453750819, 0.000675145885907, 0.00045642972691, 0.000384574261261, 0.000400324031943, 0.000295936915791, 0.000301328022033, 0.000280268868664, 0.000176260145963, 0.00027843072894, 0.000187050303794, 0.000274763646303, 0.000200778493308, 0.00023320526816, 0.000219122375711, 0.000184874952538, 0.000161822841619, 0.000125502003357, 8.65861293278e-05, 1.33672920128e-05],
        "dmean2": [0.00066939520184, 0.0156984850764, 0.0057879537344, 0.00701969349757, 0.00443719699979, 0.00210902676918, 0.00154121767264, 0.00138817366678, 0.00106867344584, 0.000738041242585, 0.0006292926264, 0.000673709262628, 0.000488391378894, 0.000502710870933, 0.00046541847405, 0.00030160107417, 0.000474395841593, 0.000325583445374, 0.000492107588798, 0.000347234628862, 0.000398059637519, 0.000373045098968, 0.000314056553179, 0.000261921290075, 0.000201061775442, 0.000138293224154, 2.18628956645e-05],
        "dvar": [9.69278630691e-07, 0.000434273126302, 0.000140135452966, 0.000313869735692, 8.10281635495e-05, 6.1612704485e-06, 4.56609404864e-06, 3.42823159372e-06, 2.06172330763e-06, 9.00000543425e-07, 6.36545735233e-07, 8.42130987166e-07, 4.43068756795e-07, 4.65000965733e-07, 3.41318241226e-07, 1.33400121172e-07, 3.92454495568e-07, 1.55004684643e-07, 6.17193677499e-07, 1.54479138814e-07, 2.28919063261e-07, 2.01797092814e-07, 1.40923319236e-07, 1.18409907657e-07, 7.45518775602e-08, 3.6331048392e-08, 1.22487120446e-09],
        "dvar2": [1.68274016232e-06, 0.000726989761461, 0.000384341779863, 0.000787830969784, 0.000230180696235, 1.53472046804e-05, 8.99490169104e-06, 6.81903156874e-06, 4.35560195911e-06, 2.12206236938e-06, 1.51977451424e-06, 2.17269621317e-06, 1.05083779545e-06, 1.19018193345e-06, 8.55146765844e-07, 3.54472831532e-07, 1.07767402824e-06, 4.36596138798e-07, 1.80277800155e-06, 4.32427242458e-07, 6.33572767583e-07, 5.66523397083e-07, 3.89031157511e-07, 2.99220118904e-07, 1.77127404299e-07, 8.4304083714e-08, 3.07053826809e-09],
        "max": [0.0266244579107, 0.218411311507, 0.10985891521, 0.175473600626, 0.0973461344838, 0.0420137383044, 0.0417957119644, 0.0395877994597, 0.036189340055, 0.0208630356938, 0.0147979883477, 0.0172613803297, 0.019120613113, 0.0143033377826, 0.0171710792929, 0.00877034384757, 0.0101197250187, 0.00408451305702, 0.00879650004208, 0.00356459571049, 0.00626567006111, 0.00518747465685, 0.00414671981707, 0.0032002243679, 0.00261574564502, 0.00168002408464, 0.000629461894277],
        "mean": [0.000748912803829, 0.0252594444901, 0.00391966011375, 0.00302338553593, 0.00250998162664, 0.00263792625628, 0.00237152259797, 0.00180305459071, 0.00126107491087, 0.00073031586362, 0.000523142458405, 0.000549226358999, 0.000394746981328, 0.000428187748184, 0.000429178791819, 0.000238284410443, 0.000385744235246, 0.000235038998653, 0.000319823564496, 0.00028436575667, 0.000336408935254, 0.000304795015836, 0.000282377004623, 0.000238327134866, 0.000178884103661, 0.00011220498709, 1.42679164128e-05],
        "median": [3.22383748426e-05, 0.00786635652184, 0.00043376639951, 0.000178104703082, 0.000782863236964, 0.00107179570477, 0.000771806691773, 0.000502263894305, 0.000338513287716, 0.000246453331783, 0.000154577355715, 0.000146779697388, 0.000120104756206, 0.000120877812151, 0.00015691704175, 9.35789430514e-05, 0.000141406388138, 0.000107063955511, 0.000137614217238, 0.000142080563819, 0.000155223300681, 0.000134653033456, 0.000123462858028, 9.93749563349e-05, 6.57252821838e-05, 4.54028486274e-05, 3.79255197913e-06],
        "min": [2.01800212104e-23, 1.5096934752e-22, 5.61637094537e-23, 1.85772286115e-24, 4.94393234135e-23, 3.65912846897e-23, 9.04481281982e-23, 8.87993331757e-23, 5.80646812195e-23, 1.04148199809e-22, 8.90976677482e-23, 1.30652228595e-22, 6.92747607142e-23, 9.48137538675e-23, 9.76606329676e-23, 9.63234190699e-23, 1.40886114808e-22, 2.73914518667e-22, 4.3089430471e-22, 3.32704548023e-22, 5.00816966352e-22, 6.58541083679e-22, 5.49913043763e-22, 7.95643543906e-22, 1.07614248891e-21, 1.9145981831e-21, 2.38261479264e-21],
        "var": [2.81923598777e-06, 0.00146443047561, 0.000117350180517, 0.000239352200879, 5.3399708122e-05, 1.64666562341e-05, 1.82002968359e-05, 1.05587532744e-05, 5.69391886529e-06, 1.76830712917e-06, 1.03089121239e-06, 1.38213499667e-06, 6.35257777049e-07, 7.48127661154e-07, 7.32796877401e-07, 1.94725373603e-07, 4.53065268857e-07, 1.37791175803e-07, 4.18662068569e-07, 1.58933190164e-07, 2.4559452072e-07, 2.18998366108e-07, 1.76534413754e-07, 1.5419342958e-07, 9.3748440122e-08, 4.16222754041e-08, 1.19220899819e-09]
    },
    "erbbands": {
        "dmean": [0.364008516073, 2.50898838043, 4.15882205963, 8.51400661469, 10.9688663483, 7.47619247437, 7.75917291641, 10.7076330185, 11.8790025711, 20.6336040497, 19.5475654602, 15.7754745483, 14.6500902176, 13.709487915, 13.7422885895, 18.1053638458, 12.6786928177, 16.6581935883, 12.5596084595, 12.9375562668, 11.1838855743, 13.9213190079, 9.92998313904, 12.9387998581, 12.7154960632, 9.60925102234, 9.0505361557, 9.91707897186, 8.27580738068, 6.42448377609, 4.78419351578, 3.82470822334, 2.38684558868, 1.32086730003, 1.00651168823, 0.457953810692, 0.146037071943, 0.0275703445077, 0.00208434369415, 4.53398897662e-05],
        "dmean2": [0.457010418177, 3.65267848969, 6.74019050598, 14.6412248611, 17.9442424774, 13.1205825806, 12.6613893509, 17.5426635742, 18.728427887, 31.6193981171, 30.2639446259, 24.7204380035, 23.6902694702, 22.4361438751, 22.7465820312, 30.272939682, 20.7239952087, 27.6882076263, 21.2526340485, 21.8150520325, 18.8805561066, 23.7702007294, 17.2044315338, 23.3743000031, 22.3160076141, 16.4801044464, 15.5357789993, 16.9456863403, 14.0880432129, 10.9651031494, 7.97535657883, 6.27616357803, 3.84906220436, 2.10941886902, 1.62984776497, 0.740939736366, 0.231602311134, 0.0429096370935, 0.00339573086239, 6.87732681399e-05],
        "dvar": [0.483512073755, 25.3520584106, 147.149291992, 1105.43859863, 1725.10351562, 668.432189941, 318.83895874, 457.368560791, 618.467590332, 2579.34008789, 2025.97485352, 1157.9901123, 888.61932373, 824.9921875, 708.159973145, 1837.91320801, 871.53704834, 1315.27258301, 827.809936523, 624.290893555, 517.413146973, 1066.22619629, 448.534545898, 1568.56481934, 875.351867676, 317.634338379, 322.599029541, 453.287994385, 278.910522461, 184.204437256, 79.8438568115, 63.2301368713, 25.6149559021, 7.00262308121, 5.26143741608, 1.02569401264, 0.109912909567, 0.00403170892969, 3.20944091072e-05, 8.80962502947e-09],
        "dvar2": [0.577948331833, 46.8799438477, 374.304077148, 2816.32128906, 4088.07617188, 1907.57751465, 864.575378418, 1093.66638184, 1303.12890625, 4620.27539062, 3758.54931641, 2486.11572266, 2076.78930664, 1961.19995117, 1771.86230469, 4705.58984375, 2025.01464844, 3274.99560547, 2014.07092285, 1676.93676758, 1392.31115723, 2936.50415039, 1267.10742188, 4599.16308594, 2498.29907227, 884.230773926, 921.909606934, 1260.58129883, 785.884765625, 508.329559326, 215.069610596, 161.465911865, 63.8112182617, 16.8595561981, 12.4303998947, 2.48822832108, 0.249522209167, 0.00891565252095, 7.97113316366e-05, 2.09015418307e-08],
        "max": [10.1315975189, 53.8649559021, 124.375396729, 318.930511475, 417.599456787, 313.946014404, 485.158966064, 429.629333496, 650.435302734, 1100.15478516, 1007.40979004, 567.185058594, 770.323181152, 767.178955078, 465.653778076, 856.086669922, 793.005187988, 786.641540527, 1034.13696289, 589.09387207, 312.835876465, 636.356811523, 243.808044434, 451.76449585, 250.417175293, 172.835098267, 275.612091064, 185.597137451, 173.997772217, 187.550933838, 121.325630188, 83.6531219482, 50.4859046936, 24.8064842224, 19.5528945923, 8.6866941452, 3.686866045, 0.779591023922, 0.11630769074, 0.00165103748441],
        "mean": [0.80429148674, 5.24877309799, 6.03857374191, 7.17113780975, 9.21300506592, 7.80879974365, 14.7212572098, 20.8795528412, 24.5904426575, 48.7378311157, 41.0600509644, 31.0328521729, 26.6688137054, 21.4975242615, 19.784198761, 25.8470611572, 18.4710674286, 25.5366363525, 19.5453186035, 18.9116306305, 17.008939743, 19.7009868622, 12.9419803619, 14.6272058487, 16.1715984344, 14.3462343216, 12.9199953079, 13.2701215744, 11.4712562561, 9.22117614746, 7.44263029099, 5.60474634171, 3.5463244915, 2.01317691803, 1.31807613373, 0.587430238724, 0.186930373311, 0.0358527004719, 0.00224912073463, 9.89523687167e-05],
        "median": [0.11173504591, 1.57125961781, 1.4864398241, 0.822745800018, 0.95304942131, 2.5380320549, 5.72221755981, 7.85976219177, 10.8205318451, 15.1136283875, 13.1324367523, 10.5676612854, 10.4505367279, 8.33167552948, 8.26522731781, 7.96992301941, 6.66054964066, 7.93612527847, 6.66285991669, 8.17517852783, 7.47765827179, 7.320520401, 6.523853302, 7.09474134445, 7.0287361145, 7.33280849457, 6.00439548492, 5.93175125122, 5.11981868744, 4.10204982758, 3.34791684151, 2.52245569229, 1.40125048161, 0.787797272205, 0.451432168484, 0.234895050526, 0.0716378688812, 0.0132988896221, 0.00061412435025, 6.74049369991e-05],
        "min": [2.74159966743e-21, 3.85529625712e-20, 8.98295333142e-20, 1.58582543395e-20, 4.00485729734e-20, 2.40005420756e-19, 2.37094675578e-19, 3.81520307133e-19, 9.3863658265e-19, 1.75096806244e-18, 1.98811743533e-18, 1.33003301271e-18, 2.47419068356e-18, 3.96908348068e-18, 3.07669022338e-18, 5.2652564754e-18, 3.94562008901e-18, 5.0719121062e-18, 4.02868143022e-18, 5.55415550819e-18, 6.56729128552e-18, 7.54594934775e-18, 1.59691353156e-17, 1.55870887148e-17, 2.44842781251e-17, 1.58518956987e-17, 1.2253389546e-17, 2.43481374311e-17, 2.32849026328e-17, 2.36395745184e-17, 1.46888615595e-17, 1.26753244503e-17, 1.55383462701e-17, 1.17294574819e-17, 8.14150780826e-18, 6.26494643188e-18, 3.93056540187e-18, 1.28399182962e-18, 2.76522342873e-19, 3.75774613663e-20],
        "var": [2.08932042122, 64.0673294067, 159.903961182, 840.485046387, 1508.68444824, 437.823059082, 900.545043945, 1148.73156738, 1854.01049805, 9960.42871094, 6102.82080078, 2904.77978516, 2460.30664062, 1596.31152344, 1072.8137207, 3118.32104492, 1310.87976074, 2500.83251953, 1924.51708984, 943.434692383, 769.016418457, 1243.42932129, 395.715332031, 996.706970215, 736.718566895, 369.210601807, 347.863708496, 436.120147705, 304.678955078, 205.134567261, 116.912353516, 82.5626373291, 34.1498146057, 10.0554666519, 6.12408161163, 1.11067056656, 0.128916963935, 0.00488262251019, 3.09901806759e-05, 1.24559775827e-08]
    },
    "gfcc": {
        "mean": [-12.5491876602, 64.0868453979, -101.683677673, 21.2020988464, -64.5125198364, 12.4976882935, -32.0582389832, 13.2565288544, -18.0258312225, 12.6984548569, -12.9024295807, 6.97750139236, -9.58032131195],
        "cov": [[23095.171875, -2214.67944336, -356.138427734, 1571.18444824, 76.084274292, 775.756652832, -441.937194824, 851.955993652, 19.5873317719, 824.254089355, -478.252838135, 360.496582031, -510.157684326], [-2214.67944336, 2356.91381836, 550.648742676, -88.4920349121, 469.684112549, 4.23230171204, 350.510131836, -150.861907959, 200.453704834, -135.046737671, 196.414978027, -161.461486816, 137.662216187], [-356.138427734, 550.648742676, 1394.06201172, 791.897521973, 747.160339355, 565.842834473, 309.842437744, 69.1136474609, 39.1099700928, -15.8701601028, -2.30479979515, -61.2193183899, -53.348400116], [1571.18444824, -88.4920349121, 791.897521973, 1417.7767334, 757.328979492, 862.178283691, 350.535583496, 245.895599365, 135.318634033, 9.51453971863, 28.8083000183, -65.9755020142, -82.0688400269], [76.084274292, 469.684112549, 747.160339355, 757.328979492, 960.815063477, 702.481811523, 398.601135254, 118.672973633, 120.754173279, 55.4989776611, 54.1775016785, -79.9317550659, -54.785282135], [775.756652832, 4.23230171204, 565.842834473, 862.178283691, 702.481811523, 913.903564453, 390.278045654, 182.548080444, 105.148414612, 64.3899230957, 48.01197052, -65.1424789429, -64.3358535767], [-441.937194824, 350.510131836, 309.842437744, 350.535583496, 398.601135254, 390.278045654, 365.496154785, 138.267120361, 130.309387207, 21.8564376831, 83.5510559082, -40.4438514709, 8.12358379364], [851.955993652, -150.861907959, 69.1136474609, 245.895599365, 118.672973633, 182.548080444, 138.267120361, 270.394744873, 99.7930450439, 81.0879364014, 6.89854335785, 37.7299575806, -7.21641540527], [19.5873317719, 200.453704834, 39.1099700928, 135.318634033, 120.754173279, 105.148414612, 130.309387207, 99.7930450439, 265.169494629, 89.498046875, 80.5648345947, -19.4370861053, 22.760477066], [824.254089355, -135.046737671, -15.8701601028, 9.51453971863, 55.4989776611, 64.3899230957, 21.8564376831, 81.0879364014, 89.498046875, 202.0209198, 47.364730835, 56.1572227478, -10.1644659042], [-478.252838135, 196.414978027, -2.30479979515, 28.8083000183, 54.1775016785, 48.01197052, 83.5510559082, 6.89854335785, 80.5648345947, 47.364730835, 170.698623657, 27.2703285217, 42.2969436646], [360.496582031, -161.461486816, -61.2193183899, -65.9755020142, -79.9317550659, -65.1424789429, -40.4438514709, 37.7299575806, -19.4370861053, 56.1572227478, 27.2703285217, 139.575622559, 47.4578819275], [-510.157684326, 137.662216187, -53.348400116, -82.0688400269, -54.785282135, -64.3358535767, 8.12358379364, -7.21641540527, 22.760477066, -10.1644659042, 42.2969436646, 47.4578819275, 126.896186829]],
        "icov": [[0.000101827492472, -0.000131264750962, 0.000134867485031, -0.000224486604566, 0.000101554360299, -0.000126939921756, 0.000314828939736, -0.000200946931727, 9.43715858739e-05, -0.000447042955784, 0.000376623589545, -0.000317497120705, 0.000351664930349], [-0.000131264750962, 0.00123955169693, -0.000564797897823, 0.000683764927089, -0.000772144179791, 0.00084402714856, -0.00121830927674, 0.000700241886079, -0.000652599614114, 0.00121546967421, -0.00125969713554, 0.00137850316241, -0.0013365453342], [0.000134867485031, -0.000564797897823, 0.00173621589784, -0.000994355883449, -0.000465905439341, -6.67693529977e-05, 0.000169514139998, 7.3119692388e-05, 0.000548574142158, -0.000831353710964, 0.00124031992164, -0.00109256838914, 0.000830261909869], [-0.000224486604566, 0.000683764927089, -0.000994355883449, 0.00301138265058, -0.000953495444264, -0.00132468226366, 0.000555149570573, -0.000847162096761, -0.00120006024372, 0.00278648687527, -0.00169271184132, 0.000826066709124, -0.000587991497014], [0.000101554360299, -0.000772144179791, -0.000465905439341, -0.000953495444264, 0.00416965549812, -0.00161247095093, -0.00128659803886, 0.000646880129352, 0.000426635699114, -0.00196097814478, 0.00121390027925, -0.000477421941468, 0.00107554590795], [-0.000126939921756, 0.00084402714856, -6.67693529977e-05, -0.00132468226366, -0.00161247095093, 0.00515922484919, -0.00363856041804, 0.000872865668498, 0.000795250060037, -0.000723239209037, -0.000548382464331, 0.00159807677846, -0.000724093348254], [0.000314828939736, -0.00121830927674, 0.000169514139998, 0.000555149570573, -0.00128659803886, -0.00363856041804, 0.0114206755534, -0.00489892857149, -0.00103534501977, 0.00102495076135, -0.00166523247026, -7.42051852285e-05, 0.000458360329503], [-0.000200946931727, 0.000700241886079, 7.3119692388e-05, -0.000847162096761, 0.000646880129352, 0.000872865668498, -0.00489892857149, 0.00832300260663, -0.00184500089381, -0.000987040693872, 0.00190980359912, -0.00210485397838, -0.000173430526047], [9.43715858739e-05, -0.000652599614114, 0.000548574142158, -0.00120006024372, 0.000426635699114, 0.000795250060037, -0.00103534501977, -0.00184500089381, 0.00755760958418, -0.00420401943848, -0.00108792446554, 0.00289477175102, -0.00132168433629], [-0.000447042955784, 0.00121546967421, -0.000831353710964, 0.00278648687527, -0.00196097814478, -0.000723239209037, 0.00102495076135, -0.000987040693872, -0.00420401943848, 0.0119122844189, -0.00394196296111, -0.00229112780653, 0.000880768231582], [0.000376623589545, -0.00125969713554, 0.00124031992164, -0.00169271184132, 0.00121390027925, -0.000548382464331, -0.00166523247026, 0.00190980359912, -0.00108792446554, -0.00394196296111, 0.0113398507237, -0.00417245179415, 0.000428709055996], [-0.000317497120705, 0.00137850316241, -0.00109256838914, 0.000826066709124, -0.000477421941468, 0.00159807677846, -7.42051852285e-05, -0.00210485397838, 0.00289477175102, -0.00229112780653, -0.00417245179415, 0.0150856832042, -0.00716167828068], [0.000351664930349, -0.0013365453342, 0.000830261909869, -0.000587991497014, 0.00107554590795, -0.000724093348254, 0.000458360329503, -0.000173430526047, -0.00132168433629, 0.000880768231582, 0.000428709055996, -0.00716167828068, 0.0136140994728]]
    },
    "melbands": {
        "dmean": [0.00312001747079, 0.00232492061332, 0.00158601696603, 0.00065182778053, 0.000264826434432, 0.000245549192186, 0.000187145473319, 0.000210786573007, 0.00015494915715, 9.60115357884e-05, 7.34297573217e-05, 5.60118460271e-05, 5.28890050191e-05, 4.76877903566e-05, 3.13117343467e-05, 3.03962533508e-05, 3.26213303197e-05, 1.98573998205e-05, 1.92588322534e-05, 1.45498988786e-05, 1.44333434946e-05, 1.73437929334e-05, 9.41385042097e-06, 9.72829639068e-06, 1.0841632502e-05, 1.17430608952e-05, 7.27509177523e-06, 6.33634908809e-06, 5.6386597862e-06, 6.02045065534e-06, 6.09813514529e-06, 4.9122204473e-06, 4.02064688387e-06, 3.85194061892e-06, 3.02737294078e-06, 2.70235705102e-06, 2.31800186157e-06, 1.80082076895e-06, 1.43591864799e-06, 1.05960100427e-06],
        "dmean2": [0.00424496456981, 0.00346538098529, 0.00267692608759, 0.00109453045297, 0.000437746552052, 0.000401634111768, 0.000292414362775, 0.000326327659423, 0.000239482484176, 0.00015181733761, 0.000118824311357, 9.15932832868e-05, 8.62431334099e-05, 8.0956837337e-05, 5.05374118802e-05, 5.01198446727e-05, 5.43880705663e-05, 3.39012403856e-05, 3.2164658478e-05, 2.47861153184e-05, 2.42694277404e-05, 2.9552153137e-05, 1.6212610717e-05, 1.68495680555e-05, 1.96573637368e-05, 2.07433404285e-05, 1.27302728288e-05, 1.07925234261e-05, 9.6881749414e-06, 1.02898657133e-05, 1.04359323814e-05, 8.37830702949e-06, 6.82675545249e-06, 6.59606939735e-06, 5.0898615882e-06, 4.41279416918e-06, 3.82288772016e-06, 2.95398035632e-06, 2.30483624364e-06, 1.71397266513e-06],
        "dvar": [3.36147968483e-05, 2.6540554245e-05, 3.76813113689e-05, 5.47925264982e-06, 4.22071735784e-07, 2.35966140849e-07, 1.37479005957e-07, 2.35341744315e-07, 1.17944409794e-07, 4.43678089823e-08, 2.26457146368e-08, 1.50044972003e-08, 1.16849445675e-08, 1.18204912525e-08, 4.90965046396e-09, 4.98090235723e-09, 5.48997514116e-09, 2.06105643663e-09, 2.01081817863e-09, 8.6364559948e-10, 9.2362706372e-10, 1.79578119042e-09, 3.96673027758e-10, 4.085371208e-10, 1.19744170135e-09, 9.16544118379e-10, 2.73883027369e-10, 1.39905656504e-10, 1.13643254529e-10, 1.49846413056e-10, 1.64291427684e-10, 1.00163023709e-10, 6.49110418194e-11, 6.86127127336e-11, 3.16871945349e-11, 2.68475987969e-11, 2.4571506288e-11, 1.42972170561e-11, 8.54420006968e-12, 4.43023222274e-12],
        "dvar2": [4.919265848e-05, 5.66328017158e-05, 9.18542500585e-05, 1.44151736094e-05, 1.17952879464e-06, 5.62110017199e-07, 2.96509483633e-07, 4.38786116774e-07, 2.19054527406e-07, 9.46402209934e-08, 5.32900834571e-08, 3.53674742826e-08, 2.78093192918e-08, 3.1102629805e-08, 1.10964233357e-08, 1.21261587438e-08, 1.36883775426e-08, 5.0913770977e-09, 5.28908161712e-09, 2.30908003829e-09, 2.44315256914e-09, 4.88291496126e-09, 1.0994265498e-09, 1.13809395241e-09, 3.51202689153e-09, 2.64434185659e-09, 7.73681230193e-10, 3.87872622909e-10, 3.2263341998e-10, 4.18043960559e-10, 4.54402099281e-10, 2.83537943124e-10, 1.81143045008e-10, 1.89620555369e-10, 8.78611142174e-11, 6.68040692209e-11, 6.45852815673e-11, 3.61972986307e-11, 2.07509929379e-11, 1.08975719074e-11],
        "max": [0.0669217184186, 0.0553174577653, 0.0599669851363, 0.0242162309587, 0.0141214402393, 0.00956352520734, 0.00911284144968, 0.0103972600773, 0.00787223037332, 0.00429407227784, 0.00382151384838, 0.00341108045541, 0.0021652195137, 0.00188106310088, 0.00145010522101, 0.00259974552318, 0.00179040734656, 0.00153788540047, 0.00173140922561, 0.000765790115111, 0.000529593788087, 0.000836997875012, 0.000313775031827, 0.000193385931198, 0.00039752171142, 0.000324508582707, 0.000174454631633, 0.000139671567013, 0.000139506882988, 0.00018915720284, 0.000115936636575, 0.000125492922962, 0.000129022446345, 8.91943418537e-05, 8.09367629699e-05, 6.19383426965e-05, 5.63575995329e-05, 4.283711678e-05, 2.86581453111e-05, 2.17301858356e-05],
        "mean": [0.00715851923451, 0.00457034725696, 0.00137056899257, 0.000579008483328, 0.000474956759717, 0.000489139812998, 0.000410400854889, 0.000489963975269, 0.000315249053529, 0.000181559473276, 0.00012931121455, 8.47703195177e-05, 7.30483516236e-05, 6.42477607471e-05, 4.77721587231e-05, 4.19157076976e-05, 4.76072527817e-05, 2.89640302071e-05, 2.76268365269e-05, 2.04248062801e-05, 2.0570381821e-05, 2.38359280047e-05, 1.15791008284e-05, 1.20669610624e-05, 1.11772560558e-05, 1.38002242238e-05, 9.23096195038e-06, 9.41415328271e-06, 7.75304488343e-06, 7.96080712462e-06, 7.72722160036e-06, 6.54077575746e-06, 5.57729663342e-06, 5.05482285007e-06, 4.4137950681e-06, 3.9259462028e-06, 3.17733793054e-06, 2.58422414845e-06, 2.02594060283e-06, 1.58000989359e-06],
        "median": [0.00189070962369, 0.00179186207242, 0.000153123735799, 0.000113585745567, 0.00020723475609, 0.000188518693903, 0.000179297974682, 0.00017052970361, 8.17984255264e-05, 5.55227452423e-05, 4.52576459793e-05, 2.76471655525e-05, 2.36669438891e-05, 1.69644790731e-05, 1.66714016814e-05, 1.23875779536e-05, 1.302300916e-05, 9.14596512303e-06, 1.04130203908e-05, 8.67954258865e-06, 7.71447594161e-06, 7.37751224733e-06, 5.09926485392e-06, 5.14766543347e-06, 4.57955593447e-06, 5.04199124407e-06, 4.58474733023e-06, 4.40129497292e-06, 3.38140080203e-06, 3.27164957525e-06, 3.25056498696e-06, 2.77787376035e-06, 2.28082444664e-06, 1.97347708308e-06, 1.84496843758e-06, 1.573245072e-06, 1.30298451495e-06, 9.76599494606e-07, 7.17519071713e-07, 6.21640140253e-07],
        "min": [3.48798635776e-23, 5.08800989708e-23, 2.95436159564e-24, 1.06338102925e-23, 8.78623178816e-24, 7.72485493892e-24, 1.52627072448e-23, 2.03846469961e-23, 1.4794328971e-23, 8.03778974914e-24, 1.23451580405e-23, 1.60643540076e-23, 1.13697520416e-23, 1.35000811714e-23, 1.12365568221e-23, 7.75183713732e-24, 9.58564291912e-24, 5.88999287237e-24, 8.52013401647e-24, 6.36026638456e-24, 8.61040336985e-24, 8.11242624596e-24, 1.1944987836e-23, 1.1812742405e-23, 1.22311581734e-23, 1.84955775635e-23, 1.52203659246e-23, 9.2175572653e-24, 5.23850933278e-24, 1.18529214575e-23, 1.56049561263e-23, 1.32434236981e-23, 1.19664929731e-23, 1.28047286824e-23, 8.78291305033e-24, 7.33036532174e-24, 7.90394608593e-24, 1.09281335074e-23, 1.06358352984e-23, 9.53427308584e-24],
        "var": [0.000132389075588, 4.97688524774e-05, 3.07888840325e-05, 4.149027518e-06, 8.14308805275e-07, 6.23739083494e-07, 4.44920658538e-07, 8.79077958871e-07, 3.55025804311e-07, 1.12505887273e-07, 6.202943581e-08, 2.91652462181e-08, 1.93073201871e-08, 1.82648296487e-08, 9.96835236577e-09, 7.6526207593e-09, 9.80630332492e-09, 4.41070602264e-09, 3.2271172401e-09, 1.28711941105e-09, 1.37204958506e-09, 2.17840279149e-09, 3.74007852466e-10, 3.80968673275e-10, 7.41240457902e-10, 7.06776859261e-10, 2.26833621331e-10, 1.75232897637e-10, 1.28375421404e-10, 1.53585394402e-10, 1.57884205709e-10, 1.03780803395e-10, 7.68319366462e-11, 6.97155319584e-11, 4.31006341728e-11, 3.86375827166e-11, 2.9434388954e-11, 1.86850066669e-11, 1.14892782788e-11, 6.19260111939e-12]
    },
    "mfcc": {
        "mean": [-656.892333984, 99.3158950806, 11.275765419, 14.0897512436, -6.19986104965, 1.18721449375, -4.00531291962, -0.0369490683079, 1.44822573662, 3.39471435547, 3.22876262665, 4.50898122787, 4.93102264404],
        "cov": [[14098.1269531, -856.69909668, 140.949859619, 945.925354004, 824.99609375, 778.020812988, 331.01940918, 494.085235596, 436.067932129, 535.191589355, 217.665908813, 176.365264893, -15.5420312881], [-856.69909668, 1929.67858887, 157.437530518, 17.2339477539, -36.8824539185, -67.4591903687, -31.6452293396, -101.350143433, -0.0653654783964, -27.4313926697, 40.8077545166, -22.0235004425, 68.9988250732], [140.949859619, 157.437530518, 878.250366211, 493.483398438, 529.56036377, 479.249786377, 366.488891602, 291.447540283, 158.697998047, 139.826751709, 71.9294967651, 114.46395874, -16.7777347565], [945.925354004, 17.2339477539, 493.483398438, 656.578552246, 561.105895996, 480.535583496, 378.550689697, 325.869934082, 194.769363403, 185.858444214, 103.883872986, 124.218132019, 8.89728069305], [824.99609375, -36.8824539185, 529.56036377, 561.105895996, 769.86138916, 701.675109863, 486.409545898, 377.867919922, 235.431854248, 256.757019043, 129.725570679, 156.913116455, 2.93395543098], [778.020812988, -67.4591903687, 479.249786377, 480.535583496, 701.675109863, 852.914733887, 551.979797363, 400.037200928, 241.630401611, 292.921447754, 140.014877319, 177.599517822, 12.5552473068], [331.01940918, -31.6452293396, 366.488891602, 378.550689697, 486.409545898, 551.979797363, 545.188049316, 357.951416016, 186.133956909, 191.972244263, 101.564048767, 117.047225952, 16.0224761963], [494.085235596, -101.350143433, 291.447540283, 325.869934082, 377.867919922, 400.037200928, 357.951416016, 380.243896484, 206.338287354, 188.304428101, 84.6941604614, 117.585456848, 14.0877389908], [436.067932129, -0.0653654783964, 158.697998047, 194.769363403, 235.431854248, 241.630401611, 186.133956909, 206.338287354, 233.274765015, 176.254547119, 65.5766372681, 84.7987136841, 35.9528007507], [535.191589355, -27.4313926697, 139.826751709, 185.858444214, 256.757019043, 292.921447754, 191.972244263, 188.304428101, 176.254547119, 274.586456299, 124.322296143, 100.951339722, 20.7301082611], [217.665908813, 40.8077545166, 71.9294967651, 103.883872986, 129.725570679, 140.014877319, 101.564048767, 84.6941604614, 65.5766372681, 124.322296143, 169.160186768, 98.7370681763, 24.7031078339], [176.365264893, -22.0235004425, 114.46395874, 124.218132019, 156.913116455, 177.599517822, 117.047225952, 117.585456848, 84.7987136841, 100.951339722, 98.7370681763, 195.225814819, 68.1809768677], [-15.5420312881, 68.9988250732, -16.7777347565, 8.89728069305, 2.93395543098, 12.5552473068, 16.0224761963, 14.0877389908, 35.9528007507, 20.7301082611, 24.7031078339, 68.1809768677, 123.81287384]],
