{
"lowlevel": {
    "average_loudness": 0.932030260563,
    "barkbands_crest": {
        "dmean": 2.39185547829,
        "dmean2": 3.65896773338,
        "dvar": 5.30817270279,
        "dvar2": 12.2182722092,
        "max": 26.0081233978,
        "mean": 11.0724430084,
        "median": 10.4893417358,
        "min": 1.92044556141,
        "var": 18.3306083679
    },
    "barkbands_flatness_db": {
        "dmean": 0.0249978862703,
        "dmean2": 0.036580812186,
        "dvar": 0.000835579063278,
        "dvar2": 0.00168979365844,
        "max": 0.44757348299,
        "mean": 0.148888662457,
        "median": 0.13979139924,
        "min": 0.0195597093552,
        "var": 0.00394328078255
    },
    "barkbands_kurtosis": {
        "dmean": 4.14467811584,
        "dmean2": 6.5235877037,
        "dvar": 91.0543670654,
        "dvar2": 211.282913208,
        "max": 288.669464111,
        "mean": 6.90951347351,
        "median": 3.75973010063,
        "min": -1.91168093681,
        "var": 176.509155273
    },
    "barkbands_skewness": {
        "dmean": 0.602134823799,
        "dmean2": 0.914768397808,
        "dvar": 0.538465559483,
        "dvar2": 1.22565901279,
        "max": 12.3468055725,
        "mean": 1.98889708519,
        "median": 1.8683283329,
        "min": -3.45694875717,
        "var": 1.78396332264
    },
    "barkbands_spread": {
        "dmean": 6.54321718216,
        "dmean2": 9.90651798248,
        "dvar": 84.3920593262,
        "dvar2": 182.664489746,
        "max": 113.608688354,
        "mean": 21.7023048401,
        "median": 18.209941864,
        "min": 0.241731062531,
        "var": 228.306945801
    },
    "dissonance": {
        "dmean": 0.0219844691455,
        "dmean2": 0.0361879616976,
        "dvar": 0.000439006631495,
        "dvar2": 0.00115962792188,
        "max": 0.499998390675,
        "mean": 0.450549513102,
        "median": 0.457790732384,
        "min": 0.263992398977,
        "var": 0.00113722449169
    },
    "dynamic_complexity": 2.70202207565,
    "erbbands_crest": {
        "dmean": 2.74245166779,
        "dmean2": 4.29514169693,
        "dvar": 7.3113694191,
        "dvar2": 17.0007686615,
        "max": 29.5730762482,
        "mean": 9.80365943909,
        "median": 8.81676483154,
        "min": 2.52728486061,
        "var": 20.4317207336
    },
    "erbbands_flatness_db": {
        "dmean": 0.0171961970627,
        "dmean2": 0.0250005368143,
        "dvar": 0.000372169160983,
        "dvar2": 0.000717807735782,
        "max": 0.41035181284,
        "mean": 0.15305891633,
        "median": 0.143513843417,
        "min": 0.0436790250242,
        "var": 0.00254852604121
    },
    "erbbands_kurtosis": {
        "dmean": 1.09630787373,
        "dmean2": 1.71086335182,
        "dvar": 2.90806889534,
        "dvar2": 6.82482194901,
        "max": 38.799697876,
        "mean": 0.79628777504,
        "median": 0.110442996025,
        "min": -1.90141773224,
        "var": 6.16933584213
    },
    "erbbands_skewness": {
        "dmean": 0.399510741234,
        "dmean2": 0.596751391888,
        "dvar": 0.184570595622,
        "dvar2": 0.393518149853,
        "max": 5.73863887787,
        "mean": 0.634136557579,
        "median": 0.625175476074,
        "min": -3.21577572823,
        "var": 0.62893396616
    },
    "erbbands_spread": {
        "dmean": 10.2219648361,
        "dmean2": 15.5141868591,
        "dvar": 171.379760742,
        "dvar2": 375.422180176,
        "max": 182.428329468,
        "mean": 43.5999717712,
        "median": 39.0034942627,
        "min": 2.84374761581,
        "var": 539.69543457
    },
    "hfc": {
        "dmean": 8.63348579407,
        "dmean2": 12.5996789932,
        "dvar": 193.215240479,
        "dvar2": 432.989776611,
        "max": 183.777603149,
        "mean": 25.0048770905,
        "median": 22.2119274139,
        "min": 1.13037235025e-16,
        "var": 415.28793335
    },
    "melbands_crest": {
        "dmean": 3.07645702362,
        "dmean2": 4.8633389473,
        "dvar": 9.76551532745,
        "dvar2": 24.0654830933,
        "max": 33.3340759277,
        "mean": 15.6979875565,
        "median": 14.7172040939,
        "min": 1.50448787212,
        "var": 34.1416091919
    },
    "melbands_flatness_db": {
        "dmean": 0.0305245202035,
        "dmean2": 0.0439965762198,
        "dvar": 0.00129599880893,
        "dvar2": 0.00270272791386,
        "max": 0.569270372391,
        "mean": 0.216003745794,
        "median": 0.208749294281,
        "min": 0.00178859161679,
        "var": 0.00611784122884
    },
    "melbands_kurtosis": {
        "dmean": 9.56509113312,
        "dmean2": 15.1602592468,
        "dvar": 462.216186523,
        "dvar2": 1127.28564453,
        "max": 549.11138916,
        "mean": 18.7535762787,
        "median": 11.1092634201,
        "min": -1.88855755329,
        "var": 830.493041992
    },
    "melbands_skewness": {
        "dmean": 0.815345525742,
        "dmean2": 1.24404752254,
        "dvar": 1.02393245697,
        "dvar2": 2.42017674446,
        "max": 19.6197090149,
        "mean": 3.05994701385,
        "median": 2.73654127121,
        "min": -1.299290061,
        "var": 3.33192968369
    },
    "melbands_spread": {
        "dmean": 7.11525201797,
        "dmean2": 10.9002084732,
        "dvar": 144.711349487,
        "dvar2": 315.759307861,
        "max": 222.096786499,
        "mean": 20.7727088928,
        "median": 15.4014587402,
        "min": 0.336442887783,
        "var": 401.34677124
    },
    "pitch_salience": {
        "dmean": 0.0733043178916,
        "dmean2": 0.116481140256,
        "dvar": 0.00687726400793,
        "dvar2": 0.0173734501004,
        "max": 0.974487662315,
        "mean": 0.519206345081,
        "median": 0.52524960041,
        "min": 0.0581673011184,
        "var": 0.0181070547551
    },
    "silence_rate_20dB": {
        "dmean": 0,
        "dmean2": 0,
        "dvar": 0,
        "dvar2": 0,
        "max": 1,
        "mean": 1,
        "median": 1,
        "min": 1,
        "var": 0
    },
    "silence_rate_30dB": {
        "dmean": 0.017657045275,
        "dmean2": 0.0353180877864,
        "dvar": 0.0173432268202,
        "dvar2": 0.0476568341255,
        "max": 1,
        "mean": 0.989022195339,
        "median": 1,
        "min": 0,
        "var": 0.0108582479879
    },
    "silence_rate_60dB": {
        "dmean": 0.0117713641375,
        "dmean2": 0.0235453937203,
        "dvar": 0.0116316759959,
        "dvar2": 0.0250276383013,
        "max": 1,
        "mean": 0.0350837484002,
        "median": 0,
        "min": 0,
        "var": 0.0338572412729
    },
    "spectral_centroid": {
        "dmean": 276.309051514,
        "dmean2": 411.064727783,
        "dvar": 131408.203125,
        "dvar2": 273512.59375,
        "max": 11396.9423828,
        "mean": 1242.67224121,
        "median": 1111.77075195,
        "min": 133.045135498,
        "var": 596749.6875
    },
    "spectral_complexity": {
        "dmean": 4.31669473648,
        "dmean2": 6.3402762413,
        "dvar": 33.3410072327,
        "dvar2": 64.7383117676,
        "max": 58,
        "mean": 17.1575374603,
        "median": 15,
        "min": 0,
        "var": 103.879676819
    },
    "spectral_decrease": {
        "dmean": 2.42914288684e-09,
        "dmean2": 3.66099239812e-09,
        "dvar": 1.27299051359e-17,
        "dvar2": 2.91401369947e-17,
        "max": 1.22293698685e-28,
        "mean": -8.63482441105e-09,
        "median": -7.37445748911e-09,
        "min": -4.61585507594e-08,
        "var": 4.10110423614e-17
    },
    "spectral_energy": {
        "dmean": 0.00965614337474,
        "dmean2": 0.0144967976958,
        "dvar": 0.000193256564671,
        "dvar2": 0.000436542410171,
        "max": 0.176271811128,
        "mean": 0.0348578728735,
        "median": 0.0303837992251,
        "min": 1.05455204499e-20,
        "var": 0.000626826076768
    },
    "spectral_energyband_high": {
        "dmean": 0.000685230887029,
        "dmean2": 0.00103948556352,
        "dvar": 1.91394929061e-06,
        "dvar2": 4.44132592747e-06,
        "max": 0.0251984782517,
        "mean": 0.0013903157087,
        "median": 0.000834840233438,
        "min": 7.55018959189e-21,
        "var": 3.36680113833e-06
    },
    "spectral_energyband_low": {
        "dmean": 0.00596031127498,
        "dmean2": 0.00974346511066,
        "dvar": 0.000149162980961,
        "dvar2": 0.000398792763008,
        "max": 0.169830054045,
        "mean": 0.0149038163945,
        "median": 0.007598166354,
        "min": 1.01873434191e-23,
        "var": 0.000363765953807
    },
    "spectral_energyband_middle_high": {
        "dmean": 0.00231885933317,
        "dmean2": 0.00338401133195,
        "dvar": 1.57059512276e-05,
        "dvar2": 3.52262395609e-05,
        "max": 0.0656672865152,
        "mean": 0.00517810042948,
        "median": 0.0028463199269,
        "min": 1.28647093111e-21,
        "var": 3.8395060983e-05
    },
    "spectral_energyband_middle_low": {
        "dmean": 0.00555533682927,
        "dmean2": 0.00867828354239,
        "dvar": 9.9764103652e-05,
        "dvar2": 0.000269979005679,
        "max": 0.121526330709,
        "mean": 0.0151602150872,
        "median": 0.0115256365389,
        "min": 2.05648389196e-22,
        "var": 0.000174572618562
    },
    "spectral_entropy": {
        "dmean": 0.198505416512,
        "dmean2": 0.283064126968,
        "dvar": 0.0637167468667,
        "dvar2": 0.120331205428,
        "max": 9.81915378571,
        "mean": 7.5459651947,
        "median": 7.61523103714,
        "min": 4.97207021713,
        "var": 0.289458423853
    },
    "spectral_flux": {
        "dmean": 0.0281684603542,
        "dmean2": 0.0416302718222,
        "dvar": 0.00125761714298,
        "dvar2": 0.00213553244248,
        "max": 0.421413809061,
        "mean": 0.081132851541,
        "median": 0.0667919665575,
        "min": 6.58329918357e-11,
        "var": 0.00311302160844
    },
    "spectral_kurtosis": {
        "dmean": 1.65371441841,
        "dmean2": 2.6767513752,
        "dvar": 10.2220926285,
        "dvar2": 27.6481227875,
        "max": 98.8305664062,
        "mean": 4.10748720169,
        "median": 2.93575024605,
        "min": -1.22725689411,
        "var": 30.5961875916
    },
    "spectral_rms": {
        "dmean": 0.000775699678343,
        "dmean2": 0.00112523336429,
        "dvar": 9.25263634599e-07,
        "dvar2": 1.88052115391e-06,
        "max": 0.0131138283759,
        "mean": 0.00541988015175,
        "median": 0.00544451363385,
        "min": 3.20753991943e-12,
        "var": 4.63260585093e-06
    },
    "spectral_rolloff": {
        "dmean": 602.316772461,
        "dmean2": 1004.73480225,
        "dvar": 1525090.625,
        "dvar2": 3444548.5,
        "max": 19099.9511719,
        "mean": 1433.39746094,
        "median": 775.1953125,
        "min": 64.599609375,
        "var": 3479729.75
    },
    "spectral_skewness": {
        "dmean": 0.242302790284,
        "dmean2": 0.36935210228,
        "dvar": 0.0950393229723,
        "dvar2": 0.213872388005,
        "max": 8.11333751678,
        "mean": 1.51761651039,
        "median": 1.44730865955,
        "min": -0.0505666397512,
        "var": 0.386755228043
    },
    "spectral_spread": {
        "dmean": 662916.375,
        "dmean2": 974623.125,
        "dvar": 1.0358039511e+12,
        "dvar2": 1.96294606848e+12,
        "max": 42329208,
        "mean": 5648775.5,
        "median": 5495530,
        "min": 832273.75,
        "var": 5.34238409523e+12
    },
    "spectral_strongpeak": {
        "dmean": 0.501538097858,
        "dmean2": 0.833739936352,
        "dvar": 0.790670096874,
        "dvar2": 1.86906564236,
        "max": 10.3775749207,
        "mean": 1.06246542931,
        "median": 0.603465795517,
        "min": 0,
        "var": 1.48085916042
    },
    "zerocrossingrate": {
        "dmean": 0.0130374133587,
        "dmean2": 0.0150315342471,
        "dvar": 0.000289891730063,
        "dvar2": 0.000339146703482,
        "max": 0.75,
        "mean": 0.0633791387081,
        "median": 0.0546875,
        "min": 0.0029296875,
        "var": 0.00224816426635
    },
    "barkbands": {
        "dmean": [0.000197540139197, 0.00370514742099, 0.00289328070357, 0.0017232215032, 0.00173203926533, 0.00144678796642, 0.00098728260491, 0.000762207782827, 0.00121605140157, 0.000519754248671, 0.000628853857052, 0.000476640067063, 0.000338685058523, 0.000296725629596, 0.000326908018906, 0.000266788061708, 0.000191024213564, 0.000161273841513, 0.000186157747521, 0.000159213290317, 0.000175023102202, 0.000172495201696, 0.000151162472321, 0.000106892322947, 9.28412628127e-05, 4.72693645861e-05, 5.33795855517e-06],
        "dmean2": [0.000315622572089, 0.00591832306236, 0.0048752175644, 0.0028779420536, 0.00282659986988, 0.00226702680811, 0.00152407377027, 0.00119242293295, 0.00169850874227, 0.000772808853071, 0.00092852814123, 0.000738195609301, 0.000538082851563, 0.000461084622657, 0.000510233337991, 0.000439354422269, 0.000301829626551, 0.000258597923676, 0.000294866535114, 0.000250749639235, 0.000275461527053, 0.000272524048341, 0.000236518375459, 0.000167752426933, 0.000145345198689, 7.43004566175e-05, 8.68824190547e-06],
        "dvar": [1.90421033608e-07, 7.44236749597e-05, 5.52199526282e-05, 2.43419726758e-05, 1.70203256857e-05, 6.75027513353e-06, 4.51263531431e-06, 3.0117400911e-06, 7.09526011633e-06, 1.63845561474e-06, 2.74134617939e-06, 2.55274176197e-06, 1.80975803232e-06, 6.33413492324e-07, 5.76625154736e-07, 4.87850343234e-07, 1.59742185701e-07, 1.42027460015e-07, 1.02435741667e-07, 9.1182684514e-08, 1.07592349252e-07, 1.50596335402e-07, 1.13372990995e-07, 5.20653138381e-08, 3.10777537038e-08, 8.88185169856e-09, 1.84512419232e-10],
        "dvar2": [4.86998317228e-07, 0.000193425410544, 0.000153456581756, 6.75057672197e-05, 4.71766616101e-05, 1.63853474078e-05, 1.01554769572e-05, 6.96336519468e-06, 1.27933208205e-05, 3.10653672386e-06, 5.55198357688e-06, 6.17803470959e-06, 4.67089148515e-06, 1.33399794322e-06, 1.35990376293e-06, 1.27322812205e-06, 3.57632330861e-07, 3.4753193745e-07, 2.46350566613e-07, 2.19765183829e-07, 2.63796891886e-07, 3.59841351383e-07, 2.77063691101e-07, 1.24485580955e-07, 7.45783381717e-08, 2.13333191112e-08, 4.4461817561e-10],
        "max": [0.00778328021988, 0.107366003096, 0.0821596682072, 0.0659571141005, 0.057822778821, 0.0538101792336, 0.0417748019099, 0.0280305054039, 0.04539642483, 0.0310004223138, 0.0311581399292, 0.0367291234434, 0.0516267605126, 0.0233850963414, 0.0144734187052, 0.0120090786368, 0.0106917256489, 0.0080030253157, 0.00504506658763, 0.0063067516312, 0.00699574127793, 0.00858747772872, 0.00467936322093, 0.00383529532701, 0.00240131048486, 0.00126693001948, 0.000361271348083],
        "mean": [0.00033470519702, 0.00778498640284, 0.0050750891678, 0.00301958248019, 0.00342076411471, 0.00304940133356, 0.00190722907428, 0.00124648073688, 0.0023353069555, 0.000891534262337, 0.00102460233029, 0.000748244987335, 0.00044573796913, 0.000424424244557, 0.000470815342851, 0.00033271551365, 0.000289019808406, 0.00022663504933, 0.000309977011057, 0.000249230361078, 0.000317251309752, 0.000281938380795, 0.000227161639486, 0.000180463452125, 0.000177157009603, 8.08468903415e-05, 6.49063758829e-06],
        "median": [4.49718099844e-05, 0.00204274337739, 0.00146763084922, 0.000734984292649, 0.00184678868391, 0.00163478101604, 0.000667778542265, 0.000390244065784, 0.000541590619832, 0.000245532195549, 0.000183063035365, 0.000154584646225, 0.000115548740723, 0.000112217327114, 0.000127057981445, 9.14810225368e-05, 9.03446416487e-05, 6.98965013726e-05, 0.000146984646562, 0.000131731678266, 0.000191971514141, 0.000106933701318, 5.83541259402e-05, 8.13829392428e-05, 9.99751355266e-05, 3.54179792339e-05, 1.20849358609e-06],
        "min": [2.55887683043e-24, 3.59627605523e-24, 1.26224390988e-24, 2.59757795201e-24, 2.19161052699e-23, 2.13046276278e-23, 2.1433690005e-23, 2.14741238596e-23, 4.20154891185e-23, 2.5654782157e-23, 1.95958602438e-23, 3.86320078981e-23, 6.39168616221e-23, 2.72527051175e-23, 7.12784484808e-23, 6.21370967566e-23, 1.13011355001e-22, 9.75529439877e-23, 1.54526920876e-22, 1.70849159824e-22, 3.04117844405e-22, 3.87925316259e-22, 4.87777916004e-22, 7.27225296808e-22, 1.12590025023e-21, 1.41451600597e-21, 2.12554822245e-21],
        "var": [3.89216324947e-07, 0.000174466578756, 8.29162236187e-05, 4.03454250772e-05, 2.34000617638e-05, 1.77208003151e-05, 1.21343919091e-05, 6.21465051154e-06, 2.39539640461e-05, 4.76908326164e-06, 7.22260529074e-06, 4.82615632791e-06, 1.77386368705e-06, 1.06262530153e-06, 1.02755564058e-06, 5.79037362058e-07, 2.97813670613e-07, 1.9027442022e-07, 1.9098270343e-07, 1.32417099508e-07, 1.82198235166e-07, 2.39619396325e-07, 1.75793729795e-07, 8.48185308655e-08, 5.72222340622e-08, 1.55350470266e-08, 2.34034347457e-10]
    },
    "erbbands": {
        "dmean": [0.111387759447, 0.917060136795, 3.07208156586, 4.73517847061, 5.29312229156, 6.25301218033, 7.94061803818, 13.2711954117, 11.4444198608, 19.3290996552, 17.4388694763, 23.5682468414, 21.1276035309, 21.3980712891, 23.4033946991, 15.6805200577, 14.2098779678, 16.5351257324, 14.4867868423, 15.2876682281, 15.2398366928, 10.5259485245, 8.83142566681, 8.09159946442, 9.56599140167, 7.52436590195, 7.52956104279, 6.32238817215, 6.5133266449, 5.1966547966, 4.35738134384, 2.46502065659, 1.7279073, 1.14419126511, 0.670258939266, 0.271438539028, 0.0774237588048, 0.0131862228736, 0.00080675072968, 2.26283355005e-05],
        "dmean2": [0.142625510693, 1.49896717072, 5.22264957428, 7.98426437378, 8.85362148285, 9.92650985718, 12.5841369629, 20.8223762512, 18.1572322845, 29.2707042694, 26.6273593903, 33.5797538757, 29.8891677856, 31.2368221283, 34.3302383423, 24.3358516693, 22.3757972717, 25.6398582458, 22.8129749298, 23.5983428955, 24.7634868622, 16.5985164642, 13.981842041, 12.7814884186, 15.1058835983, 11.8536176682, 11.8989543915, 9.93342971802, 10.3646287918, 8.18101501465, 6.87830400467, 3.83752584457, 2.73805308342, 1.80254900455, 1.06359946728, 0.432788997889, 0.120354942977, 0.020939361304, 0.00131296075415, 3.45419684891e-05],
        "dvar": [0.0632175058126, 5.14642906189, 63.6790809631, 171.901184082, 226.506408691, 203.317947388, 191.547210693, 700.946899414, 600.064941406, 2244.54321289, 1604.05078125, 3263.02636719, 2395.54052734, 2352.10327148, 3166.87866211, 2327.37866211, 2622.86987305, 2320.75219727, 1682.9510498, 1159.6730957, 1736.16833496, 520.579284668, 423.547943115, 239.625915527, 278.254119873, 219.666122437, 193.309692383, 149.650787354, 198.757995605, 196.407546997, 98.7514419556, 30.1135673523, 13.4810142517, 4.67093467712, 1.59510982037, 0.298917114735, 0.0214354395866, 0.000866221496835, 4.81781398776e-06, 1.51347367972e-09],
        "dvar2": [0.122548393905, 13.9584569931, 177.164886475, 486.569061279, 636.715515137, 524.288452148, 496.741241455, 1654.4498291, 1487.34423828, 4768.77587891, 3484.77319336, 6397.47460938, 4194.88574219, 4534.25830078, 6758.26074219, 5887.65380859, 6776.86230469, 5429.85449219, 3878.55639648, 2526.88256836, 4508.13769531, 1187.12255859, 1010.8581543, 589.103637695, 675.371887207, 541.006958008, 484.092315674, 350.382965088, 486.991577148, 494.791656494, 246.610900879, 72.7230911255, 33.0993461609, 11.3558111191, 3.85923647881, 0.737466216087, 0.0491497851908, 0.00204432732426, 1.19872684081e-05, 3.57758977998e-09],
        "max": [3.40479969978, 30.2075996399, 98.2385864258, 137.46774292, 252.327453613, 240.379150391, 230.046768188, 627.290283203, 603.871032715, 1361.26342773, 766.67010498, 1209.25817871, 1049.73168945, 1144.92980957, 1018.44665527, 1086.82910156, 1721.24023438, 1467.58520508, 875.433837891, 1085.94091797, 756.059509277, 647.884460449, 432.479431152, 229.142623901, 239.657272339, 379.925140381, 230.127349854, 263.593536377, 234.228866577, 422.107788086, 158.157775879, 120.947151184, 46.5343055725, 31.7135314941, 17.5894031525, 7.33039474487, 2.18208575249, 0.54940122366, 0.0455109067261, 0.000703418045305],
        "mean": [0.225425481796, 1.7470831871, 5.56993341446, 8.69645786285, 8.87889099121, 13.1686735153, 16.8575382233, 26.9404945374, 20.8779468536, 38.2816734314, 30.8555660248, 43.9597854614, 42.3310394287, 39.1677703857, 42.1156272888, 25.3114261627, 19.6030158997, 24.8640193939, 20.4878940582, 22.8496608734, 19.8575458527, 16.3728218079, 13.3042631149, 13.3462572098, 15.87890625, 12.1898126602, 13.2984628677, 11.1933813095, 10.5846357346, 7.74230337143, 6.4252076149, 4.12423038483, 2.89046883583, 2.06887316704, 1.20946002007, 0.451793551445, 0.134350895882, 0.0197940729558, 0.0010247634491, 6.42387603875e-05],
        "median": [0.0349475666881, 0.551890671253, 2.01338434219, 2.9185090065, 3.75552129745, 5.30520057678, 10.2442007065, 11.345293045, 10.2648115158, 10.4976329803, 10.8379583359, 12.1360244751, 13.27597332, 12.3432769775, 12.3079614639, 8.13354682922, 5.82378578186, 6.64248943329, 6.03164815903, 6.76657962799, 6.12379741669, 5.18008804321, 4.50510501862, 5.66377544403, 8.36843395233, 6.63505268097, 7.82955312729, 6.2687330246, 4.30275297165, 1.65109193325, 1.81376326084, 1.60784232616, 1.40200960636, 1.11190295219, 0.633197963238, 0.19881233573, 0.0547833107412, 0.00780780054629, 0.000287340662908, 5.50821896468e-05],
        "min": [1.11523702174e-22, 5.46545099947e-22, 1.61885718323e-21, 6.96207710106e-21, 2.29415667146e-20, 6.72537258332e-20, 4.08162159689e-20, 1.74200488842e-19, 2.0409284455e-19, 4.68275061476e-19, 5.5558914501e-19, 7.67857597165e-19, 8.39754481647e-19, 1.2679076128e-18, 9.13129124293e-19, 1.67646928134e-18, 2.82813878612e-18, 1.2555386777e-18, 4.39635700865e-18, 3.72701982776e-18, 3.4777692161e-18, 7.3982256437e-18, 7.35602288884e-18, 8.73284351174e-18, 7.52346409716e-18, 7.78847787617e-18, 1.09815174634e-17, 1.31425144059e-17, 1.36439082799e-17, 1.22252124657e-17, 1.40995532757e-17, 1.28965729303e-17, 1.22258452588e-17, 1.09123519293e-17, 8.50142980921e-18, 4.93264342878e-18, 2.42702319067e-18, 1.09862303249e-18, 2.74367950968e-19, 2.95712157603e-20],
        "var": [0.206897094846, 8.95363330841, 88.1652526855, 249.194656372, 252.52130127, 483.934356689, 404.77822876, 1977.05566406, 1024.69067383, 6708.35986328, 3843.73657227, 8273.03613281, 8655.77832031, 6978.28125, 8287.15722656, 3691.55224609, 2682.85400391, 3566.31445312, 2803.17138672, 2149.78564453, 2111.08813477, 938.59588623, 584.991333008, 403.57723999, 480.709197998, 310.026092529, 337.784790039, 253.015365601, 308.462005615, 271.942779541, 135.948989868, 49.0740394592, 20.7681980133, 8.30061817169, 2.8359503746, 0.488696575165, 0.0439026392996, 0.00124371412676, 5.5005680224e-06, 2.80535439323e-09]
    },
    "gfcc": {
        "mean": [4.56711864471, 79.8884735107, -105.482536316, 26.0631027222, -69.7536010742, 9.53310489655, -37.0692825317, 7.99639606476, -29.5226669312, 3.7815823555, -19.8703861237, -1.27214515209, -7.98066568375],
        "cov": [[11254.4423828, -1974.38391113, 375.722137451, 563.490966797, -45.5257263184, 847.225158691, -235.529266357, 767.401794434, -240.292053223, 546.822570801, -274.251251221, 381.588378906, -198.98236084], [-1974.38391113, 2426.53637695, -180.314117432, 165.305831909, 438.263977051, -187.182128906, 364.858856201, -259.319488525, 240.637176514, -280.568634033, 201.603622437, -306.524719238, 154.140808105], [375.722137451, -180.314117432, 1241.92175293, 277.168029785, 215.111358643, 243.869491577, 63.9397010803, 223.93270874, -44.3455848694, 109.542404175, -107.477058411, 92.8358764648, -78.5714569092], [563.490966797, 165.305831909, 277.168029785, 711.48034668, 261.938537598, 265.096130371, 137.94102478, 164.263015747, 191.073822021, 2.67232346535, 64.9360427856, 33.3568496704, -8.49306869507], [-45.5257263184, 438.263977051, 215.111358643, 261.938537598, 455.574523926, 167.285263062, 188.653640747, 113.832901001, 123.920585632, 24.0182189941, 49.8168640137, -12.8059206009, 17.8918533325], [847.225158691, -187.182128906, 243.869491577, 265.096130371, 167.285263062, 509.756591797, 181.425842285, 169.80039978, 103.233352661, 129.34286499, 45.9232330322, 60.1603012085, -14.5213356018], [-235.529266357, 364.858856201, 63.9397010803, 137.94102478, 188.653640747, 181.425842285, 274.518371582, 83.6906280518, 105.484191895, 30.3650989532, 75.3185653687, -17.1327075958, 49.3752670288], [767.401794434, -259.319488525, 223.93270874, 164.263015747, 113.832901001, 169.80039978, 83.6906280518, 291.872802734, 41.9598579407, 127.613243103, -5.9137005806, 77.5218276978, 8.31713485718], [-240.292053223, 240.637176514, -44.3455848694, 191.073822021, 123.920585632, 103.233352661, 105.484191895, 41.9598579407, 233.121902466, 14.3576745987, 90.8995895386, -5.43865442276, 19.6968898773], [546.822570801, -280.568634033, 109.542404175, 2.67232346535, 24.0182189941, 129.34286499, 30.3650989532, 127.613243103, 14.3576745987, 202.423400879, 25.5134277344, 60.517906189, 0.327551931143], [-274.251251221, 201.603622437, -107.477058411, 64.9360427856, 49.8168640137, 45.9232330322, 75.3185653687, -5.9137005806, 90.8995895386, 25.5134277344, 148.825912476, 13.5894880295, 20.5984134674], [381.588378906, -306.524719238, 92.8358764648, 33.3568496704, -12.8059206009, 60.1603012085, -17.1327075958, 77.5218276978, -5.43865442276, 60.517906189, 13.5894880295, 142.583892822, 7.23876428604], [-198.98236084, 154.140808105, -78.5714569092, -8.49306869507, 17.8918533325, -14.5213356018, 49.3752670288, 8.31713485718, 19.6968898773, 0.327551931143, 20.5984134674, 7.23876428604, 120.860183716]],
        "icov": [[0.000184606949915, -0.000163952208823, 0.000208503653994, -0.000189146070625, 0.000100972618384, -0.000378878583433, 0.000418405776145, -0.000398681295337, 0.000344560277881, -0.000389735010685, 0.000499100890011, -0.000387022970244, 0.00031434345874], [-0.000163952208823, 0.00183040986303, -0.000577787752263, 0.000147141458001, -0.00115805119276, 0.00130872824229, -0.0018276553601, 0.00135265232529, -0.000725945341401, 0.00152391230222, -0.00213523488492, 0.00271820207126, -0.00167211156804], [0.000208503653994, -0.000577787752263, 0.00162072607782, -0.000616569188423, -0.000107951644168, -0.000749610771891, 0.000491588842124, -0.000832054472994, 0.00102895125747, -0.00113987759687, 0.00210875505581, -0.00164449890144, 0.00144731625915], [-0.000189146070625, 0.000147141458001, -0.000616569188423, 0.00295513309538, -0.000743364682421, -0.000573637720663, 0.000328683760017, -0.000804490817245, -0.00183830258902, 0.00211000209674, -0.0012934980914, 0.000354416464688, -0.00023692875402], [0.000100972618384, -0.00115805119276, -0.000107951644168, -0.000743364682421, 0.00455438299105, -0.000686625367962, -0.000636057462543, -0.00134569138754, -0.000217129840166, -0.000805807940196, 0.00117812643293, -0.000991592882201, 0.00101266754791], [-0.000378878583433, 0.00130872824229, -0.000749610771891, -0.000573637720663, -0.000686625367962, 0.00524343550205, -0.00407065171748, 0.00148106075358, -0.00122402084526, -0.00043594345334, -0.00128966779448, 0.0011515392689, -0.000176310684765], [0.000418405776145, -0.0018276553601, 0.000491588842124, 0.000328683760017, -0.000636057462543, -0.00407065171748, 0.0105223748833, -0.00340981362388, 0.000465243181679, -0.000556599989068, -0.000547400966752, -0.000307206442812, -0.00105916091707], [-0.000398681295337, 0.00135265232529, -0.000832054472994, -0.000804490817245, -0.00134569138754, 0.00148106075358, -0.00340981362388, 0.00870727561414, -0.00125022430439, -0.00226984475739, 0.000658032950014, -0.000245652016019, -0.00169551477302], [0.000344560277881, -0.000725945341401, 0.00102895125747, -0.00183830258902, -0.000217129840166, -0.00122402084526, 0.000465243181679, -0.00125022430439, 0.00841180514544, -0.00116559246089, -0.00166415097192, -0.000554598227609, 0.000763019488659], [-0.000389735010685, 0.00152391230222, -0.00113987759687, 0.00211000209674, -0.000805807940196, -0.00043594345334, -0.000556599989068, -0.00226984475739, -0.00116559246089, 0.0107562374324, -0.00497447093949, 0.0018034853274, -0.00182685966138], [0.000499100890011, -0.00213523488492, 0.00210875505581, -0.0012934980914, 0.00117812643293, -0.00128966779448, -0.000547400966752, 0.000658032950014, -0.00166415097192, -0.00497447093949, 0.0149841522798, -0.00629145326093, 0.00278164749034], [-0.000387022970244, 0.00271820207126, -0.00164449890144, 0.000354416464688, -0.000991592882201, 0.0011515392689, -0.000307206442812, -0.000245652016019, -0.000554598227609, 0.0018034853274, -0.00629145326093, 0.0144400568679, -0.00442762393504], [0.00031434345874, -0.00167211156804, 0.00144731625915, -0.00023692875402, 0.00101266754791, -0.000176310684765, -0.00105916091707, -0.00169551477302, 0.000763019488659, -0.00182685966138, 0.00278164749034, -0.00442762393504, 0.0118983490393]]
    },
    "melbands": {
        "dmean": [0.000959430995863, 0.00141129898839, 0.000824421760626, 0.000392400106648, 0.000273626414128, 0.000289011921268, 0.000184986027307, 0.000197175177163, 0.000146455116919, 0.000159867966431, 0.000106412917376, 8.7303116743e-05, 9.36512296903e-05, 5.36430416105e-05, 3.57843164238e-05, 3.62801401934e-05, 2.91534925054e-05, 2.32386209973e-05, 2.21833251999e-05, 1.75971472345e-05, 1.87910573004e-05, 1.12962889034e-05, 9.49361674429e-06, 8.79885647009e-06, 6.62829370413e-06, 7.89484874986e-06, 6.36883078187e-06, 5.00551868754e-06, 5.01010981679e-06, 4.82298401039e-06, 3.60264380106e-06, 4.07326342611e-06, 3.30909438162e-06, 2.87504394691e-06, 2.73758314506e-06, 2.04827460948e-06, 1.43557008414e-06, 1.29177908548e-06, 1.14524630135e-06, 9.88209308161e-07],
        "dmean2": [0.00139229395427, 0.00237080454826, 0.00138073577546, 0.000644013867714, 0.000431349035352, 0.000452548207249, 0.000290646014037, 0.000301270221826, 0.000221758557018, 0.000224734161748, 0.000150632607983, 0.000127628867631, 0.000136813090649, 8.14115555841e-05, 5.76473248657e-05, 5.74762598262e-05, 4.52991880593e-05, 3.68819746654e-05, 3.46761407855e-05, 2.79804571619e-05, 3.08012386085e-05, 1.81241575774e-05, 1.4763557374e-05, 1.42184753713e-05, 1.06180750663e-05, 1.26239465317e-05, 1.00794350146e-05, 8.00230372988e-06, 7.99536246632e-06, 7.77853620093e-06, 5.69149506191e-06, 6.54719679005e-06, 5.26798794453e-06, 4.57131545772e-06, 4.34513549408e-06, 3.25713472193e-06, 2.24978930419e-06, 2.06662434721e-06, 1.86029080851e-06, 1.55206362251e-06],
        "dvar": [4.5449864956e-06, 1.22716892292e-05, 5.04087711306e-06, 9.96944777398e-07, 2.31226707115e-07, 3.15065648238e-07, 1.46645575683e-07, 2.15650914015e-07, 1.10349908766e-07, 1.31513388624e-07, 6.09127965845e-08, 4.29566142657e-08, 5.65348976522e-08, 3.03234379828e-08, 2.93828872344e-08, 2.71769469151e-08, 6.34653396503e-09, 5.13248332723e-09, 2.53720267018e-09, 1.5571931522e-09, 2.83048273708e-09, 6.44053754773e-10, 4.62042099025e-10, 4.72232863924e-10, 1.72731634551e-10, 1.98753499769e-10, 1.44399867064e-10, 1.04395894707e-10, 8.37278371635e-11, 1.14097974124e-10, 4.71198566276e-11, 8.13407882716e-11, 7.15572115451e-11, 5.87491791326e-11, 4.02699019963e-11, 1.99037834825e-11, 9.73757185996e-12, 7.39488852097e-12, 5.60429697441e-12, 3.21248843499e-12],
        "dvar2": [1.03034390122e-05, 3.38639110851e-05, 1.4258704141e-05, 2.78273978438e-06, 6.04995136655e-07, 7.5238494901e-07, 3.59464820576e-07, 4.7443143103e-07, 2.38280861709e-07, 2.48965164928e-07, 1.0639121939e-07, 8.19055756551e-08, 1.1444355863e-07, 6.69158097821e-08, 8.04217776817e-08, 7.12199508257e-08, 1.44012712866e-08, 1.11446674111e-08, 5.76346614878e-09, 3.6544143267e-09, 7.41186001463e-09, 1.53105306211e-09, 9.68394586742e-10, 1.22630638977e-09, 4.27147373028e-10, 4.81963857712e-10, 3.48848894216e-10, 2.62515981175e-10, 2.07915157313e-10, 2.94311047755e-10, 1.11242105805e-10, 2.0122982447e-10, 1.7943173336e-10, 1.50064308202e-10, 1.01837413502e-10, 5.01519797913e-11, 2.34723004922e-11, 1.82830417472e-11, 1.39477058375e-11, 7.90456328864e-12],
        "max": [0.0273436587304, 0.0490204468369, 0.024998633191, 0.0142046157271, 0.00630678376183, 0.0126774534583, 0.00977615825832, 0.0132141374052, 0.00576240336522, 0.00656485883519, 0.00509548326954, 0.00501769548282, 0.00454109301791, 0.0048257317394, 0.00480648782104, 0.00663173757493, 0.00242981594056, 0.00194896804169, 0.00108140730299, 0.0010223002173, 0.000916322285775, 0.000569965632167, 0.000511135498527, 0.00058899843134, 0.000215136271436, 0.000220959220314, 0.000220547764911, 0.000238513486693, 0.000179290553206, 0.000297657854389, 0.000206094118766, 0.000179443290108, 0.000207789315027, 0.000198452209588, 0.00011448404257, 7.57837478886e-05, 7.04775738996e-05, 3.50854388671e-05, 3.37180354109e-05, 2.5689287213e-05],
        "mean": [0.00206436985172, 0.0027550116647, 0.0015403641155, 0.00074086105451, 0.000603887427133, 0.000588337599766, 0.00035265830229, 0.000379358418286, 0.000248496653512, 0.000303472072119, 0.000210437108763, 0.000154097055201, 0.000160926138051, 9.06841742108e-05, 4.43898607045e-05, 4.96373613714e-05, 4.28435923823e-05, 3.08244743792e-05, 3.23122039845e-05, 2.45709670708e-05, 2.27194577747e-05, 1.64554603543e-05, 1.37109109346e-05, 1.20489003166e-05, 1.02349404187e-05, 1.26487821035e-05, 9.82770507107e-06, 7.3948986028e-06, 8.36000344862e-06, 7.57817315389e-06, 6.06929643254e-06, 6.36614367977e-06, 4.83030635223e-06, 4.05085802413e-06, 3.79389416594e-06, 3.11351163873e-06, 2.32003867495e-06, 2.07531206797e-06, 1.83090980954e-06, 1.71707142727e-06],
        "median": [0.000482846895466, 0.0012274926994, 0.000616217497736, 0.000353483919753, 0.000371083355276, 0.000265848415438, 0.000169726321474, 0.000113892092486, 6.79921649862e-05, 7.42592528695e-05, 5.93895456404e-05, 4.16178518208e-05, 3.76394273189e-05, 1.90772352653e-05, 1.08758922579e-05, 1.26164704852e-05, 1.09960747068e-05, 7.45650186218e-06, 8.65380116011e-06, 6.96642109688e-06, 5.82873735766e-06, 4.8244928621e-06, 4.00565295422e-06, 3.66156154996e-06, 3.82068219551e-06, 5.96188237978e-06, 4.49431172456e-06, 3.65444498129e-06, 4.46252761321e-06, 4.02071873395e-06, 3.26114832205e-06, 2.57452438746e-06, 1.20063214126e-06, 6.00047883381e-07, 9.50032585934e-07, 1.01642581285e-06, 9.17499733077e-07, 9.7312613434e-07, 8.29703253657e-07, 8.85532415396e-07],
        "min": [1.61662379573e-24, 8.24148477752e-25, 1.4648293068e-24, 3.32526801884e-24, 1.87809046087e-24, 4.70982934803e-24, 3.62063134682e-24, 5.07376638235e-24, 4.55945668227e-24, 5.92852438886e-24, 3.78068728018e-24, 4.24476547326e-24, 2.75959341586e-24, 3.81457635024e-24, 2.61797316185e-24, 4.6220255794e-24, 1.78770179227e-24, 5.74455374272e-24, 4.72414954004e-24, 4.0963783704e-24, 3.54605243684e-24, 6.31269215552e-24, 4.47642986086e-24, 4.58024947801e-24, 5.23424120085e-24, 4.5176963581e-24, 5.28831051616e-24, 4.96146217173e-24, 6.76568843059e-24, 4.52497872755e-24, 7.28306837731e-24, 7.09509938967e-24, 6.84124158379e-24, 6.22761390132e-24, 7.43067845217e-24, 6.72286353863e-24, 7.59147985909e-24, 7.26642183449e-24, 7.28030657528e-24, 8.86497903916e-24],
        "var": [1.37065762829e-05, 1.82587591553e-05, 6.80449693391e-06, 1.28447652514e-06, 4.92445565214e-07, 8.58185217112e-07, 2.72663669421e-07, 5.87824388276e-07, 2.5593132591e-07, 3.93347278305e-07, 2.23742205208e-07, 1.29183064246e-07, 1.55061982809e-07, 7.74038753093e-08, 2.60844164046e-08, 2.54539767042e-08, 1.03401083251e-08, 8.2884454855e-09, 4.49550574544e-09, 2.52337395423e-09, 3.21817861249e-09, 1.0778418158e-09, 7.93573651237e-10, 6.41541653135e-10, 2.76398903765e-10, 3.42357503458e-10, 2.32603061812e-10, 1.32244687423e-10, 1.47755918611e-10, 1.44633402477e-10, 7.86189516266e-11, 1.20045140495e-10, 9.81508138653e-11, 8.14501244228e-11, 5.1916089483e-11, 2.97332332366e-11, 1.57442756749e-11, 1.10102916367e-11, 8.53781975674e-12, 5.75394809924e-12]
    },
    "mfcc": {
        "mean": [-641.235473633, 111.990623474, 13.3061952591, 18.6216907501, -6.63144683838, -0.925810813904, 0.147487699986, -4.02177238464, 1.30330574512, -1.73880684376, -5.39614152908, -3.61283349991, -3.33498239517],
        "cov": [[7345.37841797, -1221.05175781, 78.3108139038, 44.8194198608, 262.681091309, 233.106872559, 212.467056274, 204.349655151, 199.396377563, 205.409820557, 96.0297164917, 215.176956177, 130.130584717], [-1221.05175781, 1862.4901123, -147.089813232, 248.993179321, 70.6326370239, 50.7709922791, 137.906509399, -22.6574630737, 50.3213424683, 39.0322723389, 0.280801981688, -69.0529174805, -67.6344146729], [78.3108139038, -147.089813232, 854.290283203, 159.158508301, 186.649429321, 150.371109009, 116.490264893, 138.007095337, 101.98764801, 24.5070323944, 74.5357894897, 33.5961227417, 43.2071876526], [44.8194198608, 248.993179321, 159.158508301, 486.919586182, 232.578384399, 79.9617996216, 80.0482711792, 152.765060425, 108.596725464, 32.1239280701, 81.9698181152, 55.104763031, 16.2402896881], [262.681091309, 70.6326370239, 186.649429321, 232.578384399, 331.583709717, 145.946456909, 102.178398132, 148.994522095, 108.4635849, 77.8006591797, 75.264541626, 65.5643005371, 42.9872894287], [233.106872559, 50.7709922791, 150.371109009, 79.9617996216, 145.946456909, 356.774993896, 120.871940613, 166.408432007, 69.5210800171, 133.096984863, 83.2916564941, 55.4747581482, 71.1421279907], [212.467056274, 137.906509399, 116.490264893, 80.0482711792, 102.178398132, 120.871940613, 276.649719238, 78.2715454102, 123.759666443, 78.7280807495, 69.0431518555, 53.6192817688, 8.76218891144], [204.349655151, -22.6574630737, 138.007095337, 152.765060425, 148.994522095, 166.408432007, 78.2715454102, 260.534851074, 84.9216079712, 80.9032287598, 74.8085708618, 65.5244140625, 59.6059494019], [199.396377563, 50.3213424683, 101.98764801, 108.596725464, 108.4635849, 69.5210800171, 123.759666443, 84.9216079712, 201.365188599, 81.5859069824, 57.6975097656, 25.7929267883, 22.6246032715], [205.409820557, 39.0322723389, 24.5070323944, 32.1239280701, 77.8006591797, 133.096984863, 78.7280807495, 80.9032287598, 81.5859069824, 186.8125, 66.6225128174, 60.352596283, 47.4983291626], [96.0297164917, 0.280801981688, 74.5357894897, 81.9698181152, 75.264541626, 83.2916564941, 69.0431518555, 74.8085708618, 57.6975097656, 66.6225128174, 149.551574707, 74.8825302124, 31.709154129], [215.176956177, -69.0529174805, 33.5961227417, 55.104763031, 65.5643005371, 55.4747581482, 53.6192817688, 65.5244140625, 25.7929267883, 60.352596283, 74.8825302124, 143.966079712, 55.4101409912], [130.130584717, -67.6344146729, 43.2071876526, 16.2402896881, 42.9872894287, 71.1421279907, 8.76218891144, 59.6059494019, 22.6246032715, 47.4983291626, 31.709154129, 55.4101409912, 115.541358948]],
