{
"lowlevel": {
    "average_loudness": 0.873001456261,
    "barkbands_crest": {
        "dmean": 2.72167944908,
        "dmean2": 4.20259141922,
        "dvar": 8.76584434509,
        "dvar2": 19.6346817017,
        "max": 26.563791275,
        "mean": 14.1253108978,
        "median": 13.405714035,
        "min": 2.54856514931,
        "var": 30.5415821075
    },
    "barkbands_flatness_db": {
        "dmean": 0.0299668442458,
        "dmean2": 0.0444705747068,
        "dvar": 0.00132941477932,
        "dvar2": 0.00283877924085,
        "max": 0.602199971676,
        "mean": 0.220685362816,
        "median": 0.206126257777,
        "min": 0.0173309221864,
        "var": 0.0112865995616
    },
    "barkbands_kurtosis": {
        "dmean": 9.88046741486,
        "dmean2": 14.4843635559,
        "dvar": 1085.57434082,
        "dvar2": 2186.28417969,
        "max": 853.190063477,
        "mean": 17.9181442261,
        "median": 4.77615976334,
        "min": -1.85442614555,
        "var": 2432.76928711
    },
    "barkbands_skewness": {
        "dmean": 0.82127481699,
        "dmean2": 1.19320106506,
        "dvar": 1.55706715584,
        "dvar2": 3.04932045937,
        "max": 25.750623703,
        "mean": 2.58622932434,
        "median": 1.91171908379,
        "min": -4.53617286682,
        "var": 6.63231992722
    },
    "barkbands_spread": {
        "dmean": 4.85247421265,
        "dmean2": 7.42161846161,
        "dvar": 56.9906692505,
        "dvar2": 130.683944702,
        "max": 107.906387329,
        "mean": 14.7649354935,
        "median": 9.43499279022,
        "min": 0.169409424067,
        "var": 209.582229614
    },
    "dissonance": {
        "dmean": 0.0266271047294,
        "dmean2": 0.0444007329643,
        "dvar": 0.000866267713718,
        "dvar2": 0.00235731946304,
        "max": 0.500000059605,
        "mean": 0.437830150127,
        "median": 0.45272654295,
        "min": 0.112781576812,
        "var": 0.0026267345529
    },
    "dynamic_complexity": 3.45217180252,
    "erbbands_crest": {
        "dmean": 2.76458454132,
        "dmean2": 4.30661439896,
        "dvar": 7.41357851028,
        "dvar2": 17.3721675873,
        "max": 32.6541519165,
        "mean": 10.2078094482,
        "median": 9.05390548706,
        "min": 2.15150570869,
        "var": 27.4559516907
    },
    "erbbands_flatness_db": {
        "dmean": 0.0192124415189,
        "dmean2": 0.0280605666339,
        "dvar": 0.00050246383762,
        "dvar2": 0.00104302947875,
        "max": 0.562007725239,
        "mean": 0.188910752535,
        "median": 0.155020624399,
        "min": 0.0432080179453,
        "var": 0.0104546034709
    },
    "erbbands_kurtosis": {
        "dmean": 1.43678498268,
        "dmean2": 2.23915338516,
        "dvar": 10.881111145,
        "dvar2": 24.608297348,
        "max": 83.7623977661,
        "mean": 1.56595051289,
        "median": 0.207235574722,
        "min": -1.77466368675,
        "var": 23.145614624
    },
    "erbbands_skewness": {
        "dmean": 0.389601349831,
        "dmean2": 0.597415089607,
        "dvar": 0.192612141371,
        "dvar2": 0.441614240408,
        "max": 8.6554145813,
        "mean": 0.679556906223,
        "median": 0.584207355976,
        "min": -2.31234169006,
        "var": 0.83063107729
    },
    "erbbands_spread": {
        "dmean": 8.40225219727,
        "dmean2": 12.3332576752,
        "dvar": 116.503105164,
        "dvar2": 250.884414673,
        "max": 161.190948486,
        "mean": 38.671245575,
        "median": 33.0821647644,
        "min": 0.71012121439,
        "var": 770.75201416
    },
    "hfc": {
        "dmean": 6.73351287842,
        "dmean2": 10.1674308777,
        "dvar": 126.306411743,
        "dvar2": 299.607513428,
        "max": 113.458831787,
        "mean": 19.6462268829,
        "median": 14.1450901031,
        "min": 1.15237972206e-16,
        "var": 337.958251953
    },
    "melbands_crest": {
        "dmean": 3.19809341431,
        "dmean2": 4.89787244797,
        "dvar": 14.2246780396,
        "dvar2": 32.6813278198,
        "max": 37.3904457092,
        "mean": 19.7578258514,
        "median": 18.7058486938,
        "min": 1.57456278801,
        "var": 69.1962127686
    },
    "melbands_flatness_db": {
        "dmean": 0.0332288891077,
        "dmean2": 0.048746008426,
        "dvar": 0.00178523897193,
        "dvar2": 0.00368489208631,
        "max": 0.742866456509,
        "mean": 0.302524864674,
        "median": 0.291327863932,
        "min": 0.00590238114819,
        "var": 0.0161151718348
    },
    "melbands_kurtosis": {
        "dmean": 19.4944229126,
        "dmean2": 28.0616989136,
        "dvar": 1868.15905762,
        "dvar2": 3416.57275391,
        "max": 970.398010254,
        "mean": 41.3631591797,
        "median": 12.3030548096,
        "min": -1.67947876453,
        "var": 6692.70654297
    },
    "melbands_skewness": {
        "dmean": 1.07591450214,
        "dmean2": 1.54994416237,
        "dvar": 2.12426066399,
        "dvar2": 4.06324625015,
        "max": 23.1830596924,
        "mean": 3.89262080193,
        "median": 2.80963230133,
        "min": -1.7856785059,
        "var": 12.229426384
    },
    "melbands_spread": {
        "dmean": 4.59117174149,
        "dmean2": 7.33172941208,
        "dvar": 79.540397644,
        "dvar2": 186.702819824,
        "max": 223.410232544,
        "mean": 13.5315589905,
        "median": 8.35988235474,
        "min": 0.139710500836,
        "var": 264.949920654
    },
    "pitch_salience": {
        "dmean": 0.0824133306742,
        "dmean2": 0.129689529538,
        "dvar": 0.0102093219757,
        "dvar2": 0.0244285035878,
        "max": 0.987356245518,
        "mean": 0.450587451458,
        "median": 0.46808591485,
        "min": 0.0252324882895,
        "var": 0.0324700288475
    },
    "silence_rate_20dB": {
        "dmean": 0,
        "dmean2": 0,
        "dvar": 0,
        "dvar2": 0,
        "max": 1,
        "mean": 1,
        "median": 1,
        "min": 1,
        "var": 0
    },
    "silence_rate_30dB": {
        "dmean": 0.0641644969583,
        "dmean2": 0.128344893456,
        "dvar": 0.0600497536361,
        "dvar2": 0.128229916096,
        "max": 1,
        "mean": 0.842333436012,
        "median": 1,
        "min": 0,
        "var": 0.132802501321
    },
    "silence_rate_60dB": {
        "dmean": 0.0215533263981,
        "dmean2": 0.0431119911373,
        "dvar": 0.0210878830403,
        "dvar2": 0.0434858575463,
        "max": 1,
        "mean": 0.0722070857882,
        "median": 0,
        "min": 0,
        "var": 0.0669967606664
    },
    "spectral_centroid": {
        "dmean": 224.014053345,
        "dmean2": 343.019104004,
        "dvar": 119420.195312,
        "dvar2": 249832.359375,
        "max": 10991.6904297,
        "mean": 1040.57397461,
        "median": 723.939697266,
        "min": 114.039421082,
        "var": 575718.3125
    },
    "spectral_complexity": {
        "dmean": 3.24290847778,
        "dmean2": 5.18855285645,
        "dvar": 20.9502658844,
        "dvar2": 49.9073143005,
        "max": 50,
        "mean": 13.512509346,
        "median": 13,
        "min": 0,
        "var": 54.0823364258
    },
    "spectral_decrease": {
        "dmean": 3.78708042703e-09,
        "dmean2": 5.44136380398e-09,
        "dvar": 3.53596716245e-17,
        "dvar2": 7.09025472111e-17,
        "max": 1.74981358155e-29,
        "mean": -1.41397213937e-08,
        "median": -1.0028020192e-08,
        "min": -7.45731441043e-08,
        "var": 1.65432972607e-16
    },
    "spectral_energy": {
        "dmean": 0.014551455155,
        "dmean2": 0.0208991598338,
        "dvar": 0.000513713341206,
        "dvar2": 0.00102795113344,
        "max": 0.284480422735,
        "mean": 0.0551485083997,
        "median": 0.0400814078748,
        "min": 1.07112239521e-20,
        "var": 0.00241689896211
    },
    "spectral_energyband_high": {
        "dmean": 0.000488224701257,
        "dmean2": 0.000742739473935,
        "dvar": 9.94469360194e-07,
        "dvar2": 2.4160533485e-06,
        "max": 0.0118721807376,
        "mean": 0.000973763410002,
        "median": 0.000201450020541,
        "min": 8.00401932691e-21,
        "var": 2.49895742854e-06
    },
    "spectral_energyband_low": {
        "dmean": 0.0118805160746,
        "dmean2": 0.017160108313,
        "dvar": 0.000511180667672,
        "dvar2": 0.00106223439798,
        "max": 0.276631355286,
        "mean": 0.0379399545491,
        "median": 0.0164939053357,
        "min": 5.49581785292e-23,
        "var": 0.00216757645831
    },
    "spectral_energyband_middle_high": {
        "dmean": 0.00149026280269,
        "dmean2": 0.00234769657254,
        "dvar": 7.79719630373e-06,
        "dvar2": 1.7567361283e-05,
        "max": 0.0380119420588,
        "mean": 0.00346681592055,
        "median": 0.00160239287652,
        "min": 1.46459385549e-21,
        "var": 2.15058371396e-05
    },
    "spectral_energyband_middle_low": {
        "dmean": 0.00756022287533,
        "dmean2": 0.0121914120391,
        "dvar": 0.000257797248196,
        "dvar2": 0.000653344206512,
        "max": 0.181365817785,
        "mean": 0.0138382343575,
        "median": 0.00855623930693,
        "min": 2.61786735194e-22,
        "var": 0.000295314675895
    },
    "spectral_entropy": {
        "dmean": 0.220983982086,
        "dmean2": 0.332705616951,
        "dvar": 0.072979696095,
        "dvar2": 0.181280612946,
        "max": 9.80114746094,
        "mean": 7.10350418091,
        "median": 7.3100233078,
        "min": 4.18280029297,
        "var": 0.905114352703
    },
    "spectral_flux": {
        "dmean": 0.0403183922172,
        "dmean2": 0.0607353560627,
        "dvar": 0.00297558773309,
        "dvar2": 0.0052630235441,
        "max": 0.557389438152,
        "mean": 0.088906057179,
        "median": 0.0641919225454,
        "min": 1.03495045867e-10,
        "var": 0.00656993687153
    },
    "spectral_kurtosis": {
        "dmean": 9.05345630646,
        "dmean2": 15.2587833405,
        "dvar": 734.391845703,
        "dvar2": 2082.80249023,
        "max": 612.494262695,
        "mean": 25.3751831055,
        "median": 3.50911140442,
        "min": -1.23878920078,
        "var": 3901.05786133
    },
    "spectral_rms": {
        "dmean": 0.000952713715378,
        "dmean2": 0.00134174851701,
        "dvar": 1.74311469436e-06,
        "dvar2": 3.23636254507e-06,
        "max": 0.0166595876217,
        "mean": 0.00649286154658,
        "median": 0.00625330395997,
        "min": 3.23264201865e-12,
        "var": 1.1646031453e-05
    },
    "spectral_rolloff": {
        "dmean": 352.337005615,
        "dmean2": 586.93157959,
        "dvar": 731981.75,
        "dvar2": 1613740.625,
        "max": 18518.5546875,
        "mean": 955.286193848,
        "median": 452.197265625,
        "min": 21.533203125,
        "var": 2837751
    },
    "spectral_skewness": {
        "dmean": 0.498817205429,
        "dmean2": 0.832038760185,
        "dvar": 0.831748187542,
        "dvar2": 2.2715678215,
        "max": 20.4634418488,
        "mean": 2.75256872177,
        "median": 1.55484986305,
        "min": -0.00315365986899,
        "var": 8.4717502594
    },
    "spectral_spread": {
        "dmean": 580107.125,
        "dmean2": 837565.1875,
        "dvar": 938274258944,
        "dvar2": 1.79336852275e+12,
        "max": 42157280,
        "mean": 4552497,
        "median": 4778871,
        "min": 147344,
        "var": 6.57764594483e+12
    },
    "spectral_strongpeak": {
        "dmean": 0.349889159203,
        "dmean2": 0.579197645187,
        "dvar": 0.365938395262,
        "dvar2": 0.861552774906,
        "max": 8.34512805939,
        "mean": 0.827272117138,
        "median": 0.614856004715,
        "min": 0,
        "var": 0.714756608009
    },
    "zerocrossingrate": {
        "dmean": 0.00878966692835,
        "dmean2": 0.00994098745286,
        "dvar": 0.000175337059773,
        "dvar2": 0.00019704697479,
        "max": 0.78271484375,
        "mean": 0.0422196984291,
        "median": 0.0263671875,
        "min": 0,
        "var": 0.00234436988831
    },
    "barkbands": {
        "dmean": [0.00126258458477, 0.0101138679311, 0.00397922843695, 0.00283745699562, 0.00304382573813, 0.00148605334107, 0.00120751652867, 0.000574430159759, 0.000770303129684, 0.000421065895353, 0.000338943384122, 0.000247894786298, 0.000327376648784, 0.000256930332398, 0.000150814914377, 0.000109602209704, 0.000130786298541, 7.73424544604e-05, 0.00010580765229, 9.14564880077e-05, 0.000110819295514, 0.000106630439404, 9.96975431917e-05, 8.9747212769e-05, 7.92744394857e-05, 3.54196563421e-05, 3.68773567061e-06],
        "dmean2": [0.00171662447974, 0.0141219627112, 0.00678983703256, 0.00499714538455, 0.00510178785771, 0.00230242940597, 0.00186426879372, 0.00090387603268, 0.00116444763262, 0.000654778734315, 0.000538151827641, 0.000377763091819, 0.000503468036186, 0.000407631625421, 0.000243322210736, 0.000176575835212, 0.000210257567232, 0.000123730773339, 0.00017371874128, 0.000145235142554, 0.000180645336513, 0.000170721788891, 0.000160755123943, 0.000136167145683, 0.000113353307825, 5.44024042028e-05, 5.96857307755e-06],
        "dvar": [6.28048292128e-06, 0.000457141897641, 0.00018776601064, 9.4699440524e-05, 6.19682687102e-05, 1.59088303917e-05, 1.09388602141e-05, 1.66947791058e-06, 3.05275420942e-06, 1.20741822229e-06, 9.97228767119e-07, 6.0168889604e-07, 9.35649211442e-07, 3.98695931381e-07, 1.39429630508e-07, 5.92939812805e-08, 8.30015025599e-08, 3.09282803812e-08, 6.15354025513e-08, 3.71083750395e-08, 5.72496432483e-08, 4.83897295567e-08, 4.59780196138e-08, 3.68528070283e-08, 4.10099829651e-08, 7.69147767699e-09, 1.91876264877e-10],
        "dvar2": [1.31545602926e-05, 0.000926708278712, 0.000529744953383, 0.000253356236499, 0.000162206735695, 3.01940199279e-05, 2.49802469625e-05, 3.74734736397e-06, 6.47251727059e-06, 2.61659715761e-06, 2.18652098738e-06, 1.31381023039e-06, 2.02230580726e-06, 9.00835061657e-07, 3.29739208382e-07, 1.39211962846e-07, 1.9011946506e-07, 6.97558419915e-08, 1.46449266936e-07, 8.37114555452e-08, 1.425326559e-07, 1.18567633933e-07, 1.18243967506e-07, 8.55212149986e-08, 8.91022224891e-08, 1.86521802448e-08, 4.58787591251e-10],
        "max": [0.0325298756361, 0.262712031603, 0.165637493134, 0.0845644250512, 0.172218561172, 0.134118542075, 0.150465428829, 0.0266167633235, 0.0379943028092, 0.02491584979, 0.0371883623302, 0.0260921362787, 0.0285754129291, 0.0149557534605, 0.00745988683775, 0.00608513411134, 0.00626186374575, 0.00427284836769, 0.00540554989129, 0.00554423034191, 0.00453471578658, 0.00335486861877, 0.00315695209429, 0.00267749396153, 0.00260115577839, 0.00103182788007, 0.000566273753066],
        "mean": [0.00261559546925, 0.0267612524331, 0.00755202956498, 0.00237749074586, 0.00436407653615, 0.00255112815648, 0.00209241174161, 0.00091518193949, 0.00143730523996, 0.000686306040734, 0.000541615590919, 0.000392719433876, 0.000526573916432, 0.000378208176699, 0.000222107220907, 0.000175512206624, 0.000199361806153, 0.000128479558043, 0.000174364846316, 0.000165306613781, 0.000187855956028, 0.00018758715305, 0.000170531318872, 0.000159797185916, 0.00012942108151, 5.17957887496e-05, 4.42215377916e-06],
        "median": [0.000203122617677, 0.00683670118451, 0.00103737646714, 0.000268833478913, 0.00138958275784, 0.000910168047994, 0.00076265289681, 0.000288896670099, 0.000433947221609, 0.000159814226208, 9.23443876673e-05, 8.05640593171e-05, 0.000121923731058, 9.22395120142e-05, 6.2502171204e-05, 5.81644926569e-05, 5.93834192841e-05, 4.08830710512e-05, 4.81546157971e-05, 4.94000487379e-05, 4.74617190775e-05, 3.7171819713e-05, 2.58330910583e-05, 1.90475366253e-05, 1.0747819033e-05, 2.84669476969e-06, 1.79664553457e-07],
        "min": [9.75182514628e-24, 3.72533125386e-23, 8.77260500488e-24, 4.70276667634e-24, 3.5155314873e-23, 5.54183242507e-23, 8.38369105658e-24, 1.81733610159e-23, 6.83253382158e-23, 4.84223838879e-23, 4.44053874071e-23, 7.88653655684e-23, 8.33484999581e-23, 6.24949051306e-23, 1.14446046863e-22, 1.32020479436e-22, 2.50040684667e-22, 1.19065452241e-22, 1.57817442728e-22, 3.27305356796e-22, 4.03068694093e-22, 2.23601348786e-22, 7.30894497138e-22, 6.7538408442e-22, 9.59174586263e-22, 1.93526416787e-21, 2.39693131802e-21],
        "var": [2.358970778e-05, 0.00160030124243, 0.00027486946783, 6.71519665048e-05, 7.59343165555e-05, 3.45992593793e-05, 2.14524789044e-05, 3.44051022694e-06, 8.70148414833e-06, 2.94579490401e-06, 2.5441499929e-06, 1.17537592814e-06, 2.12513441511e-06, 7.27901067421e-07, 2.47523075814e-07, 1.19160674217e-07, 1.67066730228e-07, 6.64722321631e-08, 1.24034798432e-07, 8.53879953411e-08, 1.09969860773e-07, 1.06071254891e-07, 9.45906251104e-08, 9.3654001887e-08, 7.61390879234e-08, 1.29630830514e-08, 2.50415049807e-10]
    },
    "erbbands": {
        "dmean": [0.444508969784, 2.03402781487, 4.24757814407, 7.24127340317, 8.86426258087, 10.6573438644, 11.6485738754, 12.7487783432, 17.8066120148, 13.8572378159, 11.5556316376, 17.9355773926, 12.9342088699, 11.9707508087, 13.1550245285, 8.27328777313, 15.1222515106, 10.8366508484, 9.63852977753, 7.85866451263, 6.1264705658, 6.84808826447, 4.70719337463, 5.19663238525, 4.40997648239, 4.46659612656, 4.61093473434, 4.08748531342, 4.10285711288, 3.14485359192, 2.9545071125, 1.94216609001, 1.42275178432, 0.886047661304, 0.599496603012, 0.210567444563, 0.057083055377, 0.00840405188501, 0.000546458002646, 2.33250520978e-05],
        "dmean2": [0.577691555023, 2.94451379776, 6.99496221542, 12.7180080414, 14.949877739, 17.6239490509, 18.2543964386, 19.446805954, 27.5516700745, 21.3712539673, 17.8051776886, 27.0661182404, 20.3991279602, 18.7654151917, 20.150604248, 12.8197116852, 23.1993331909, 17.3751888275, 15.3551712036, 12.5969715118, 9.84154510498, 11.0425777435, 7.41223859787, 8.48055171967, 7.18646478653, 7.12712574005, 7.52732038498, 6.73440408707, 6.62444162369, 5.11834812164, 4.73516082764, 2.99753260612, 2.16308021545, 1.27031981945, 0.889708578587, 0.319812208414, 0.088964432478, 0.0132102351636, 0.000881582847796, 3.40443257301e-05],
        "dvar": [0.860849201679, 23.2061977386, 191.45993042, 582.315307617, 734.421813965, 823.957641602, 753.892150879, 1297.25109863, 3055.01660156, 822.262512207, 623.341430664, 1841.24145508, 1041.43713379, 903.284912109, 1208.92077637, 436.381286621, 2215.58911133, 752.747680664, 587.550354004, 356.825714111, 187.597457886, 223.138839722, 97.8643035889, 171.437652588, 87.1893920898, 94.3170394897, 97.2151107788, 88.4727020264, 77.1649246216, 42.9076156616, 45.4321594238, 17.4426956177, 10.1381244659, 4.29104280472, 2.8596560955, 0.307985752821, 0.0190772060305, 0.000583837856539, 4.19226535087e-06, 1.60860147425e-09],
        "dvar2": [1.42895627022, 53.4718475342, 526.128417969, 1611.48168945, 1966.84619141, 1934.73681641, 1502.02856445, 2475.92895508, 6955.30126953, 1815.58374023, 1414.09484863, 3714.57714844, 2335.69775391, 2000.77966309, 2596.49609375, 1001.72900391, 4809.68652344, 1815.05651855, 1335.24291992, 800.291259766, 439.437744141, 524.453186035, 210.884384155, 416.447357178, 202.881958008, 210.582565308, 231.169906616, 227.373977661, 189.205337524, 109.443481445, 110.287101746, 41.1851806641, 24.0424995422, 9.04439353943, 6.70079135895, 0.735776185989, 0.0468669012189, 0.00136025785469, 9.68922540778e-06, 3.43933792557e-09],
        "max": [12.3984851837, 56.0235862732, 172.699066162, 236.058822632, 295.593963623, 1018.20275879, 632.643859863, 1277.47766113, 2613.8425293, 770.756896973, 606.850463867, 1044.3182373, 719.864318848, 966.969909668, 1195.79223633, 602.205505371, 1463.53430176, 548.182067871, 578.585693359, 346.643432617, 343.34866333, 336.81741333, 261.913360596, 270.317901611, 205.909591675, 309.396514893, 291.404449463, 162.060745239, 147.568664551, 80.2511367798, 133.389541626, 59.4026832581, 63.0606498718, 27.3428535461, 20.738111496, 6.43831110001, 1.73566532135, 0.710679650307, 0.0873514935374, 0.00117739185225],
        "mean": [1.18187594414, 4.4021282196, 8.68216133118, 8.21975231171, 9.86764240265, 15.6702871323, 18.8890094757, 22.8801021576, 30.8449649811, 24.7220592499, 20.9193973541, 33.3361854553, 22.3285160065, 21.1667976379, 22.9068832397, 14.5068330765, 25.6752281189, 16.299533844, 14.8051233292, 12.5440759659, 10.0825634003, 10.9892539978, 8.44140720367, 8.50296020508, 8.04141712189, 8.24313545227, 7.78741598129, 6.86374187469, 7.09223794937, 5.51266860962, 4.94967317581, 3.477663517, 2.50877261162, 1.55171263218, 0.871875405312, 0.302928954363, 0.0834171921015, 0.0129893952981, 0.000675098970532, 7.72555868025e-05],
        "median": [0.116319492459, 1.53959012032, 1.84232473373, 1.43810510635, 2.49939155579, 4.68152332306, 6.489112854, 8.18639564514, 10.4619369507, 10.80651474, 8.90617847443, 10.1730079651, 7.05891990662, 6.36419868469, 5.32574558258, 4.38662528992, 6.50676822662, 4.87424755096, 4.29505443573, 4.07083702087, 3.65083861351, 3.76879835129, 2.85070037842, 2.53887939453, 2.48500442505, 2.45547699928, 2.00408887863, 1.63431072235, 1.37417936325, 1.02251219749, 0.722391486168, 0.454399108887, 0.280906736851, 0.145313233137, 0.0633835494518, 0.0178118702024, 0.00422106869519, 0.000794767052867, 6.43166713417e-05, 5.79876868869e-05],
        "min": [1.62411066869e-21, 4.46044099453e-21, 8.45368165492e-21, 1.45085896166e-20, 9.33507377843e-20, 9.45117374728e-20, 3.23770175679e-19, 5.34337427507e-19, 1.68541539476e-19, 2.12877218312e-19, 4.26477909467e-19, 1.31114465361e-18, 1.51276134592e-18, 8.90037343518e-19, 2.73412516001e-18, 3.33061564628e-18, 3.14821715133e-18, 3.56457603112e-18, 3.95746862411e-18, 7.09428888096e-18, 1.04872423058e-17, 1.34235903781e-17, 6.29650833533e-18, 8.29998237874e-18, 1.02584127155e-17, 1.61254757601e-17, 1.86772915539e-17, 1.04061686796e-17, 7.31090018643e-18, 1.44619593e-17, 2.03572672539e-17, 1.64304373997e-17, 1.21809872542e-17, 1.30043562185e-17, 5.93775720853e-18, 6.50219423927e-18, 3.38018506487e-18, 1.2597539901e-18, 3.57609798497e-19, 3.11449268757e-20],
        "var": [4.01189374924, 45.2265892029, 310.182037354, 438.358337402, 579.657165527, 1369.4732666, 1580.24621582, 2872.7956543, 5957.10498047, 1844.06091309, 1362.61901855, 5389.17578125, 2512.13623047, 2202.07495117, 3152.01953125, 890.008544922, 5083.25390625, 1244.67529297, 1091.37902832, 713.36328125, 385.236541748, 436.141876221, 236.232681274, 319.940551758, 211.062911987, 213.944549561, 198.859817505, 152.718734741, 160.935165405, 88.8648529053, 91.8227233887, 44.3442802429, 24.0155487061, 9.39778232574, 4.24534130096, 0.468779027462, 0.0333952791989, 0.00106808939017, 5.39316215509e-06, 5.04714670058e-09]
    },
    "gfcc": {
        "mean": [-49.410987854, 115.401695251, -96.9401016235, 21.3502159119, -56.2394065857, 11.0970544815, -29.8892364502, 7.287940979, -15.1820116043, 3.90951418877, -9.93199825287, -0.514431059361, -6.72578191757],
        "cov": [[22205.2246094, -4110.88085938, -392.091827393, 3385.13842773, -197.879318237, 2014.55395508, 14.6935005188, 1019.58270264, -182.070373535, 806.482666016, -224.48727417, 382.278869629, -273.297607422], [-4110.88085938, 5496.80957031, 432.920501709, -1564.88024902, 618.993469238, -1150.42565918, 241.459152222, -727.811401367, 292.623687744, -504.379577637, 362.565460205, -294.948883057, 382.198059082], [-392.091827393, 432.920501709, 1502.21777344, 80.041809082, 120.38420105, 78.2215499878, -100.030731201, 10.6505699158, -57.2993583679, 22.7489910126, -18.992143631, 67.9953079224, -8.91620445251], [3385.13842773, -1564.88024902, 80.041809082, 1343.34716797, 38.8012733459, 598.920349121, 76.9263000488, 277.403869629, 26.0316543579, 241.675354004, -14.8020591736, 98.0729827881, -65.8910369873], [-197.879318237, 618.993469238, 120.38420105, 38.8012733459, 478.297027588, 88.8995285034, 211.680831909, 25.9433898926, 131.361358643, 42.2660713196, 107.298088074, -23.5665893555, 53.1782264709], [2014.55395508, -1150.42565918, 78.2215499878, 598.920349121, 88.8995285034, 646.475341797, 132.462402344, 305.39944458, 29.478679657, 244.306762695, 8.15013885498, 106.656021118, -58.8168487549], [14.6935005188, 241.459152222, -100.030731201, 76.9263000488, 211.680831909, 132.462402344, 315.006591797, 99.8082962036, 147.784713745, 56.8974876404, 94.9954376221, 10.4181671143, 68.4599609375], [1019.58270264, -727.811401367, 10.6505699158, 277.403869629, 25.9433898926, 305.39944458, 99.8082962036, 279.708526611, 43.1992797852, 150.746276855, -4.57796478271, 84.7056121826, -22.075838089], [-182.070373535, 292.623687744, -57.2993583679, 26.0316543579, 131.361358643, 29.478679657, 147.784713745, 43.1992797852, 202.67024231, 82.7964859009, 102.490005493, -5.97074651718, 58.3279418945], [806.482666016, -504.379577637, 22.7489910126, 241.675354004, 42.2660713196, 244.306762695, 56.8974876404, 150.746276855, 82.7964859009, 241.292037964, 63.3826904297, 79.041343689, -8.32324123383], [-224.48727417, 362.565460205, -18.992143631, -14.8020591736, 107.298088074, 8.15013885498, 94.9954376221, -4.57796478271, 102.490005493, 63.3826904297, 172.425094604, 41.7842750549, 75.7612380981], [382.278869629, -294.948883057, 67.9953079224, 98.0729827881, -23.5665893555, 106.656021118, 10.4181671143, 84.7056121826, -5.97074651718, 79.041343689, 41.7842750549, 146.037582397, 39.9851570129], [-273.297607422, 382.198059082, -8.91620445251, -65.8910369873, 53.1782264709, -58.8168487549, 68.4599609375, -22.075838089, 58.3279418945, -8.32324123383, 75.7612380981, 39.9851570129, 163.588607788]],
        "icov": [[0.000113920606964, -0.000206127297133, 0.000149778745254, -0.000318539969157, 0.000137138122227, -0.000249646982411, 0.000194113468751, -0.000283380155452, 0.000258445943473, -0.00026034025359, 0.000332567666192, -0.000181756491656, 8.29609998618e-05], [-0.000206127297133, 0.00141183915548, -0.00071541336365, 0.00111118552741, -0.000948517641518, 0.0010574903572, -0.000864093948621, 0.00154662900604, -0.00110067182686, 0.00136902939994, -0.00189980631694, 0.00123047723901, -0.000934262119699], [0.000149778745254, -0.00071541336365, 0.00116051954683, -0.000646086176857, -1.85459812201e-05, -0.000708386360202, 0.00103458273225, -0.000747730373405, 0.000596864207182, -0.00064180494519, 0.00120281917043, -0.00115722615737, 0.000422498094849], [-0.000318539969157, 0.00111118552741, -0.000646086176857, 0.00245946040377, -0.000689409498591, -0.000233747021412, -0.000592038675677, 0.00144489947706, -0.00131350837182, 0.00105285446625, -0.00134334829636, 0.000936424941756, -0.000674886628985], [0.000137138122227, -0.000948517641518, -1.85459812201e-05, -0.000689409498591, 0.00427978765219, -0.00126401206944, -0.00146564806346, -0.000477526686154, 0.000325702829286, -0.000841000524815, 5.03368173668e-05, 0.000490993494168, 0.000567436101846], [-0.000249646982411, 0.0010574903572, -0.000708386360202, -0.000233747021412, -0.00126401206944, 0.00646372046322, -0.00224788067862, -0.00178396364208, 0.00134962354787, -0.00165842880961, -0.00152423896361, 0.00083978153998, 0.000349409732735], [0.000194113468751, -0.000864093948621, 0.00103458273225, -0.000592038675677, -0.00146564806346, -0.00224788067862, 0.00855988729745, -0.00331622501835, -0.00287457392551, 0.00172193616163, -5.88616094319e-05, -0.000387601030525, -0.00096591480542], [-0.000283380155452, 0.00154662900604, -0.000747730373405, 0.00144489947706, -0.000477526686154, -0.00178396364208, -0.00331622501835, 0.0119487037882, -0.00309298443608, -0.000543510599528, 0.00163505796809, -0.00249666022137, -0.000103396618215], [0.000258445943473, -0.00110067182686, 0.000596864207182, -0.00131350837182, 0.000325702829286, 0.00134962354787, -0.00287457392551, -0.00309298443608, 0.0135018602014, -0.00594691513106, -0.00231464626268, 0.00354286190122, -0.00123896682635], [-0.00026034025359, 0.00136902939994, -0.00064180494519, 0.00105285446625, -0.000841000524815, -0.00165842880961, 0.00172193616163, -0.000543510599528, -0.00594691513106, 0.0124557754025, -0.00461984798312, -0.00161027279682, 0.000926066190004], [0.000332567666192, -0.00189980631694, 0.00120281917043, -0.00134334829636, 5.03368173668e-05, -0.00152423896361, -5.88616094319e-05, 0.00163505796809, -0.00231464626268, -0.00461984798312, 0.015227525495, -0.00591585645452, -0.000816401035991], [-0.000181756491656, 0.00123047723901, -0.00115722615737, 0.000936424941756, 0.000490993494168, 0.00083978153998, -0.000387601030525, -0.00249666022137, 0.00354286190122, -0.00161027279682, -0.00591585645452, 0.0147688407451, -0.00511200400069], [8.29609998618e-05, -0.000934262119699, 0.000422498094849, -0.000674886628985, 0.000567436101846, 0.000349409732735, -0.00096591480542, -0.000103396618215, -0.00123896682635, 0.000926066190004, -0.000816401035991, -0.00511200400069, 0.0106333456933]]
    },
    "melbands": {
        "dmean": [0.00318945804611, 0.0021388407331, 0.00129235058557, 0.000680840865243, 0.000432845932664, 0.000287246017251, 0.00025852600811, 0.000147901737364, 0.000102582409454, 0.000106767183752, 6.64822218823e-05, 5.18259184901e-05, 4.8711506679e-05, 3.01713189401e-05, 3.09263741656e-05, 2.78492516372e-05, 2.1044001187e-05, 1.86006091099e-05, 1.07569367174e-05, 8.83968004928e-06, 7.14507723387e-06, 7.35336607249e-06, 6.58270482745e-06, 3.76663410862e-06, 4.5806414164e-06, 3.80990400117e-06, 3.11956773658e-06, 3.1525689792e-06, 3.08144603878e-06, 2.69789006779e-06, 2.46269496529e-06, 2.39776932176e-06, 2.31154285757e-06, 1.79458027105e-06, 1.89235208836e-06, 1.38770349167e-06, 1.20230981793e-06, 1.08183451175e-06, 8.73981605309e-07, 7.52610276322e-07],
        "dmean2": [0.00430366257206, 0.00326069700532, 0.00224139005877, 0.00114389159717, 0.000679671065882, 0.000437986775069, 0.000400040444219, 0.000228396122111, 0.000155996502144, 0.000162113079568, 0.000104630489659, 8.05081872386e-05, 7.61082555982e-05, 4.62216448796e-05, 4.71227212984e-05, 4.34999165009e-05, 3.38851314154e-05, 2.93825469271e-05, 1.74803190021e-05, 1.41224991239e-05, 1.1568006812e-05, 1.1971321328e-05, 1.02572766991e-05, 5.96440440859e-06, 7.52384812586e-06, 6.27487042948e-06, 5.01267368236e-06, 5.02121429236e-06, 5.00314763485e-06, 4.53819939139e-06, 4.07368133892e-06, 3.86289093512e-06, 3.78490040021e-06, 2.93842958854e-06, 3.06115998683e-06, 2.20971855924e-06, 1.85833414434e-06, 1.70173154856e-06, 1.34263325435e-06, 1.09620407329e-06],
        "dvar": [4.37150702055e-05, 3.40238620993e-05, 1.76431276486e-05, 3.45781427313e-06, 1.04802768419e-06, 6.17895523192e-07, 5.81780454922e-07, 8.820889974e-08, 4.61888518544e-08, 6.10423853686e-08, 2.84407430939e-08, 1.69575979925e-08, 1.80683414897e-08, 1.04445847526e-08, 8.08928835028e-09, 6.03140559718e-09, 2.84598433709e-09, 2.44917619519e-09, 7.11584680069e-10, 4.40991992923e-10, 2.79914896817e-10, 3.02926267404e-10, 2.45879289151e-10, 8.71321001461e-11, 1.48953349655e-10, 7.15907333415e-11, 4.2144083362e-11, 6.20306375709e-11, 4.46862824521e-11, 4.02056686555e-11, 3.41587418073e-11, 2.62335778101e-11, 2.7124370458e-11, 1.42508062642e-11, 1.8992260889e-11, 9.58814277974e-12, 7.06725780328e-12, 5.91483329329e-12, 3.84133870546e-12, 3.45621339708e-12],
        "dvar2": [7.97738466645e-05, 8.70205767569e-05, 4.78240945085e-05, 9.31348222366e-06, 2.10221583075e-06, 1.1748554698e-06, 1.33169965011e-06, 1.94542678855e-07, 1.04356196573e-07, 1.27387224325e-07, 6.31039966947e-08, 3.75570472499e-08, 3.9174224753e-08, 2.32146764034e-08, 1.72133400866e-08, 1.32715358703e-08, 6.92095047938e-09, 5.33430544181e-09, 1.6618542098e-09, 9.97210425346e-10, 6.53388121385e-10, 7.29856619586e-10, 5.08321218451e-10, 2.00511870996e-10, 3.60967394863e-10, 1.72033887136e-10, 9.44129427416e-11, 1.33231800592e-10, 1.01515643114e-10, 1.03139906338e-10, 8.59827625765e-11, 6.40965405752e-11, 6.77103165203e-11, 3.67825978009e-11, 4.6784878055e-11, 2.37923621776e-11, 1.66898699722e-11, 1.4436629843e-11, 9.17196527062e-12, 7.10816301652e-12],
        "max": [0.0807459577918, 0.0741578415036, 0.0412697568536, 0.0354888066649, 0.0221594143659, 0.027271380648, 0.0359981805086, 0.00836786907166, 0.00553113268688, 0.00565583212301, 0.0036857589148, 0.0035658555571, 0.00566699216142, 0.00356924324296, 0.00249652098864, 0.00210293848068, 0.000925137370359, 0.00136506312992, 0.000529966899194, 0.000643639650661, 0.000404411024647, 0.000397664989578, 0.000425667443778, 0.000317435129546, 0.000256253930274, 0.000191623956198, 0.000164405821124, 0.000293765886454, 0.000168457088876, 0.000106856008642, 0.000113863454317, 7.69733596826e-05, 7.33619381208e-05, 5.00197747897e-05, 8.92199968803e-05, 4.28647945228e-05, 4.40423318651e-05, 3.78842669306e-05, 3.29817848979e-05, 2.54392562056e-05],
        "mean": [0.00868125632405, 0.00488170236349, 0.00151963613462, 0.000907521869522, 0.000710640102625, 0.00051722873468, 0.000447356607765, 0.00025850610109, 0.000186667122762, 0.000197000554181, 0.000111006454972, 8.97154750419e-05, 8.18022963358e-05, 4.71277744509e-05, 5.35192593816e-05, 4.40559488197e-05, 3.00478423014e-05, 2.73359382845e-05, 1.5662455553e-05, 1.44265186464e-05, 1.07696632767e-05, 1.08043732325e-05, 1.08698568511e-05, 5.98194674239e-06, 7.0040960054e-06, 6.28070256425e-06, 5.57663361178e-06, 5.36300512977e-06, 5.05032176079e-06, 4.01690567742e-06, 3.98195334128e-06, 3.95064671466e-06, 3.72737690668e-06, 2.91196033686e-06, 2.97747942568e-06, 2.32894444707e-06, 2.04011553251e-06, 1.80808649475e-06, 1.45671219798e-06, 1.26975044168e-06],
        "median": [0.00146751874126, 0.00202439073473, 0.000307904614601, 0.000270702061243, 0.000237722910242, 0.00018231246213, 0.000160368421348, 0.000105374492705, 7.0804002462e-05, 5.89416667935e-05, 2.76992868748e-05, 2.38179873122e-05, 1.68164260685e-05, 8.47760020406e-06, 1.27271014208e-05, 1.07051209852e-05, 7.62029776524e-06, 6.21360868536e-06, 4.3936856855e-06, 4.45888417744e-06, 3.27529915012e-06, 3.2381381061e-06, 2.91778815154e-06, 1.89742149814e-06, 1.86363979537e-06, 1.83845509127e-06, 1.61902471518e-06, 1.46221532304e-06, 1.23529434859e-06, 9.3641665444e-07, 8.29583200357e-07, 7.60747468576e-07, 6.33423610452e-07, 5.06084063545e-07, 4.1722040578e-07, 3.09997176373e-07, 2.4346067562e-07, 2.07198652902e-07, 1.45085095937e-07, 1.05893818159e-07],
        "min": [1.46904833214e-23, 4.76383634332e-24, 5.7125666163e-24, 7.11559872916e-24, 9.60255767465e-24, 1.17036066542e-23, 2.20711842798e-24, 2.6116971817e-24, 3.91256115771e-24, 9.16526919792e-24, 6.42795735555e-24, 2.88240190108e-24, 7.36949676695e-24, 9.89462316962e-24, 7.85601489733e-24, 7.26687069634e-24, 5.58763826462e-24, 5.50555255426e-24, 9.64477829916e-24, 7.7607946529e-24, 1.40968276249e-23, 1.55154361907e-23, 8.19510596858e-24, 4.78585147903e-24, 5.39141542533e-24, 7.11235335539e-24, 8.22631646143e-24, 9.0124968173e-24, 1.1108968037e-23, 8.28001264553e-24, 4.65608031025e-24, 3.14806146053e-24, 5.94383854561e-24, 8.88628617221e-24, 1.20805267613e-23, 1.26137509793e-23, 8.87727738067e-24, 7.99616944778e-24, 9.49968153514e-24, 1.20451810596e-23],
        "var": [0.000185910495929, 6.00459134148e-05, 1.37156221172e-05, 3.51525932274e-06, 2.21459868044e-06, 1.38204268296e-06, 1.10734731606e-06, 1.95916911139e-07, 1.09863719899e-07, 1.75285322257e-07, 7.03375491184e-08, 4.09284304226e-08, 4.75216381801e-08, 1.96292315735e-08, 1.99592644634e-08, 1.25683721208e-08, 4.5174646246e-09, 4.75858463744e-09, 1.24413568336e-09, 9.08719099968e-10, 5.51192036458e-10, 5.3348325757e-10, 5.88443127558e-10, 1.66174130012e-10, 2.72703942761e-10, 1.40941647242e-10, 1.13415034309e-10, 1.33390604118e-10, 9.46443409755e-11, 6.717645884e-11, 5.96394322816e-11, 5.27400172146e-11, 5.34504523975e-11, 2.65427159418e-11, 3.42057979164e-11, 2.00225131614e-11, 1.77520689121e-11, 1.2899462748e-11, 8.31078175029e-12, 6.89745916632e-12]
    },
    "mfcc": {
        "mean": [-690.797302246, 141.064361572, 20.4228782654, 16.8518829346, 0.0999072939157, 4.84818506241, -1.05919587612, 2.45249962807, 0.887164354324, 3.38365340233, 2.0634329319, 2.18937182426, 0.546845972538],
        "cov": [[15116.9970703, -3631.66821289, -386.09487915, 1381.71606445, 687.528320312, 1179.98681641, 708.569946289, 644.647949219, 485.349761963, 695.786987305, 544.732299805, 406.178710938, 314.995727539], [-3631.66821289, 4694.32763672, 307.319213867, -328.354034424, -128.921386719, -349.107543945, -241.440673828, -264.625610352, -196.221298218, -285.271820068, -199.522277832, -106.518516541, -12.9435443878], [-386.09487915, 307.319213867, 1071.50708008, 103.936096191, 152.230636597, 8.81693744659, -7.43924427032, -33.4894371033, -21.3432826996, -96.5340423584, -65.4230270386, -3.12593841553, 6.54045963287], [1381.71606445, -328.354034424, 103.936096191, 523.45916748, 212.810821533, 222.553665161, 124.725318909, 105.203605652, 80.2666015625, 96.8462142944, 73.2559738159, 73.0157318115, 63.1131286621], [687.528320312, -128.921386719, 152.230636597, 212.810821533, 335.128356934, 211.74281311, 142.697738647, 85.9633712769, 67.649017334, 94.9672622681, 97.9262771606, 58.8659477234, 68.1100234985], [1179.98681641, -349.107543945, 8.81693744659, 222.553665161, 211.74281311, 352.196533203, 211.696594238, 137.241149902, 118.142227173, 161.742111206, 139.27104187, 111.65788269, 99.2510299683], [708.569946289, -241.440673828, -7.43924427032, 124.725318909, 142.697738647, 211.696594238, 251.348205566, 154.632598877, 118.180114746, 127.535171509, 104.358627319, 89.3695068359, 77.9145278931], [644.647949219, -264.625610352, -33.4894371033, 105.203605652, 85.9633712769, 137.241149902, 154.632598877, 192.124893188, 113.882125854, 90.6200637817, 81.076133728, 72.08203125, 48.4157333374], [485.349761963, -196.221298218, -21.3432826996, 80.2666015625, 67.649017334, 118.142227173, 118.180114746, 113.882125854, 167.161941528, 111.528915405, 73.0355148315, 60.8150596619, 55.6680488586], [695.786987305, -285.271820068, -96.5340423584, 96.8462142944, 94.9672622681, 161.742111206, 127.535171509, 90.6200637817, 111.528915405, 229.218566895, 149.399734497, 61.7367248535, 46.2880058289], [544.732299805, -199.522277832, -65.4230270386, 73.2559738159, 97.9262771606, 139.27104187, 104.358627319, 81.076133728, 73.0355148315, 149.399734497, 185.15512085, 105.057785034, 71.6903762817], [406.178710938, -106.518516541, -3.12593841553, 73.0157318115, 58.8659477234, 111.65788269, 89.3695068359, 72.08203125, 60.8150596619, 61.7367248535, 105.057785034, 154.874099731, 107.220870972], [314.995727539, -12.9435443878, 6.54045963287, 63.1131286621, 68.1100234985, 99.2510299683, 77.9145278931, 48.4157333374, 55.6680488586, 46.2880058289, 71.6903762817, 107.220870972, 151.036315918]],
