{
"lowlevel": {
    "average_loudness": 0.371753394604,
    "barkbands_crest": {
        "dmean": 2.24446129799,
        "dmean2": 3.44410967827,
        "dvar": 6.6259021759,
        "dvar2": 14.2877054214,
        "max": 26.9924736023,
        "mean": 13.7032060623,
        "median": 12.6452770233,
        "min": 2.43961000443,
        "var": 36.3667678833
    },
    "barkbands_flatness_db": {
        "dmean": 0.0232729110867,
        "dmean2": 0.0326294191182,
        "dvar": 0.00092314358335,
        "dvar2": 0.00178144150414,
        "max": 0.814224362373,
        "mean": 0.224805787206,
        "median": 0.184320062399,
        "min": 0.0289718210697,
        "var": 0.0191360954195
    },
    "barkbands_kurtosis": {
        "dmean": 20.9667816162,
        "dmean2": 32.5901069641,
        "dvar": 166513.609375,
        "dvar2": 416155.375,
        "max": 33159.9492188,
        "mean": 33.8411407471,
        "median": 3.57320070267,
        "min": -1.84120357037,
        "var": 291266.65625
    },
    "barkbands_skewness": {
        "dmean": 0.673027157784,
        "dmean2": 0.942993462086,
        "dvar": 3.32802629471,
        "dvar2": 7.68051433563,
        "max": 101.020202637,
        "mean": 2.19418621063,
        "median": 1.630610466,
        "min": -11.0600614548,
        "var": 12.4326410294
    },
    "barkbands_spread": {
        "dmean": 3.3332567215,
        "dmean2": 4.68942642212,
        "dvar": 26.3804340363,
        "dvar2": 46.5335235596,
        "max": 94.2527542114,
        "mean": 13.6562242508,
        "median": 11.2185564041,
        "min": 0.00107981811743,
        "var": 131.361831665
    },
    "dissonance": {
        "dmean": 0.0305226612836,
        "dmean2": 0.0516178756952,
        "dvar": 0.00128716020845,
        "dvar2": 0.00353391515091,
        "max": 0.499999374151,
        "mean": 0.428425371647,
        "median": 0.448803126812,
        "min": 0.0643954053521,
        "var": 0.00433529308066
    },
    "dynamic_complexity": 6.12727069855,
    "erbbands_crest": {
        "dmean": 2.61641001701,
        "dmean2": 4.09283781052,
        "dvar": 6.95815467834,
        "dvar2": 16.1837844849,
        "max": 35.1404151917,
        "mean": 12.4575395584,
        "median": 10.3775501251,
        "min": 2.85829973221,
        "var": 49.2469482422
    },
    "erbbands_flatness_db": {
        "dmean": 0.0178978741169,
        "dmean2": 0.0254107471555,
        "dvar": 0.000542055116966,
        "dvar2": 0.00111195677891,
        "max": 0.801501393318,
        "mean": 0.242345139384,
        "median": 0.20250543952,
        "min": 0.0511947609484,
        "var": 0.0207937397063
    },
    "erbbands_kurtosis": {
        "dmean": 1.56612598896,
        "dmean2": 2.33768415451,
        "dvar": 15.6331424713,
        "dvar2": 34.2179832458,
        "max": 163.223953247,
        "mean": 2.98509335518,
        "median": 0.517209768295,
        "min": -1.82790052891,
        "var": 64.9286270142
    },
    "erbbands_skewness": {
        "dmean": 0.370254009962,
        "dmean2": 0.544996201992,
        "dvar": 0.18001358211,
        "dvar2": 0.379479914904,
        "max": 9.63119316101,
        "mean": 0.757285118103,
        "median": 0.641732990742,
        "min": -6.70323944092,
        "var": 1.03769266605
    },
    "erbbands_spread": {
        "dmean": 5.31943082809,
        "dmean2": 7.62934875488,
        "dvar": 49.2966346741,
        "dvar2": 95.405960083,
        "max": 153.576217651,
        "mean": 27.4759254456,
        "median": 26.6345558167,
        "min": 0.135738238692,
        "var": 346.976623535
    },
    "hfc": {
        "dmean": 4.22499895096,
        "dmean2": 5.77605962753,
        "dvar": 51.1600112915,
        "dvar2": 98.4380874634,
        "max": 126.171363831,
        "mean": 18.2218532562,
        "median": 10.9281797409,
        "min": 1.11094631135e-16,
        "var": 419.147064209
    },
    "melbands_crest": {
        "dmean": 2.81195068359,
        "dmean2": 4.12379074097,
        "dvar": 9.28780555725,
        "dvar2": 19.7407875061,
        "max": 39.9790306091,
        "mean": 18.4299087524,
        "median": 16.9304046631,
        "min": 1.55995810032,
        "var": 65.4638366699
    },
    "melbands_flatness_db": {
        "dmean": 0.0253209732473,
        "dmean2": 0.0342934280634,
        "dvar": 0.00125695485622,
        "dvar2": 0.00238826638088,
        "max": 0.825177848339,
        "mean": 0.269803583622,
        "median": 0.233276069164,
        "min": 0.00411464832723,
        "var": 0.0194312445819
    },
    "melbands_kurtosis": {
        "dmean": 10.7820854187,
        "dmean2": 15.8729753494,
        "dvar": 25309.5,
        "dvar2": 50884.7421875,
        "max": 11630.9277344,
        "mean": 21.5837745667,
        "median": 7.49179553986,
        "min": -1.86191642284,
        "var": 26996.6210938
    },
    "melbands_skewness": {
        "dmean": 0.706789314747,
        "dmean2": 0.975817680359,
        "dvar": 2.44914245605,
        "dvar2": 4.3832783699,
        "max": 98.458656311,
        "mean": 2.68962025642,
        "median": 2.05443096161,
        "min": -4.54679107666,
        "var": 8.11738014221
    },
    "melbands_spread": {
        "dmean": 4.304022789,
        "dmean2": 6.1769361496,
        "dvar": 55.3575363159,
        "dvar2": 102.207267761,
        "max": 153.227676392,
        "mean": 16.1731376648,
        "median": 12.5256567001,
        "min": 0.0592081993818,
        "var": 280.231018066
    },
    "pitch_salience": {
        "dmean": 0.0626197233796,
        "dmean2": 0.0957401245832,
        "dvar": 0.00564601970837,
        "dvar2": 0.0124834375456,
        "max": 0.945805311203,
        "mean": 0.458024263382,
        "median": 0.484669953585,
        "min": 0.00376950018108,
        "var": 0.0294644869864
    },
    "silence_rate_20dB": {
        "dmean": 0,
        "dmean2": 0,
        "dvar": 0,
        "dvar2": 0,
        "max": 1,
        "mean": 1,
        "median": 1,
        "min": 1,
        "var": 0
    },
    "silence_rate_30dB": {
        "dmean": 0.0336448587477,
        "dmean2": 0.067297577858,
        "dvar": 0.0325112380087,
        "dvar2": 0.0700067430735,
        "max": 1,
        "mean": 0.857376456261,
        "median": 1,
        "min": 0,
        "var": 0.122284606099
    },
    "silence_rate_60dB": {
        "dmean": 0.0285046733916,
        "dmean2": 0.0570160076022,
        "dvar": 0.0276886224747,
        "dvar2": 0.0596138052642,
        "max": 1,
        "mean": 0.203597709537,
        "median": 0,
        "min": 0,
        "var": 0.162144556642
    },
    "spectral_centroid": {
        "dmean": 184.805358887,
        "dmean2": 265.976593018,
        "dvar": 70372.015625,
        "dvar2": 133026.609375,
        "max": 11678.9072266,
        "mean": 1249.06774902,
        "median": 1141.06359863,
        "min": 138.133270264,
        "var": 582553.75
    },
    "spectral_complexity": {
        "dmean": 2.22873830795,
        "dmean2": 3.44689798355,
        "dvar": 8.26546573639,
        "dvar2": 16.2687931061,
        "max": 52,
        "mean": 14.1965894699,
        "median": 14,
        "min": 0,
        "var": 81.3163757324
    },
    "spectral_decrease": {
        "dmean": 2.45027664825e-09,
        "dmean2": 3.25312288219e-09,
        "dvar": 2.52625144608e-17,
        "dvar2": 4.55040260597e-17,
        "max": 1.33084373856e-21,
        "mean": -9.81082237672e-09,
        "median": -3.13676573604e-09,
        "min": -7.49975441749e-08,
        "var": 1.98135075051e-16
    },
    "spectral_energy": {
        "dmean": 0.00951428152621,
        "dmean2": 0.0126587972045,
        "dvar": 0.000365590967704,
        "dvar2": 0.000663237122353,
        "max": 0.284859567881,
        "mean": 0.0386811234057,
        "median": 0.0131691722199,
        "min": 1.01475488322e-20,
        "var": 0.00290793948807
    },
    "spectral_energyband_high": {
        "dmean": 0.000231878468185,
        "dmean2": 0.000326493667671,
        "dvar": 3.11811703568e-07,
        "dvar2": 5.70402733047e-07,
        "max": 0.0104195531458,
        "mean": 0.000661401019897,
        "median": 0.000210505502764,
        "min": 7.34140080423e-21,
        "var": 1.2315499589e-06
    },
    "spectral_energyband_low": {
        "dmean": 0.00719065777957,
        "dmean2": 0.00892067980021,
        "dvar": 0.000370245281374,
        "dvar2": 0.000579282699618,
        "max": 0.279522299767,
        "mean": 0.023719413206,
        "median": 2.92257209367e-05,
        "min": 1.53753313385e-23,
        "var": 0.00258511211723
    },
    "spectral_energyband_middle_high": {
        "dmean": 0.00205410947092,
        "dmean2": 0.00279308692552,
        "dvar": 1.91463623196e-05,
        "dvar2": 3.38730751537e-05,
        "max": 0.108221240342,
        "mean": 0.00662906421348,
        "median": 0.0025155574549,
        "min": 1.2957735828e-21,
        "var": 0.00014781144273
    },
    "spectral_energyband_middle_low": {
        "dmean": 0.00308101996779,
        "dmean2": 0.00496132997796,
        "dvar": 6.90640299581e-05,
        "dvar2": 0.000192167324712,
        "max": 0.0999168679118,
        "mean": 0.00807429291308,
        "median": 0.00534664001316,
        "min": 1.78652584521e-22,
        "var": 9.69635730144e-05
    },
    "spectral_entropy": {
        "dmean": 0.179685086012,
        "dmean2": 0.26001983881,
        "dvar": 0.0966763272882,
        "dvar2": 0.203441947699,
        "max": 9.81807231903,
        "mean": 7.01864767075,
        "median": 7.30705165863,
        "min": 2.58060288429,
        "var": 1.14477229118
    },
    "spectral_flux": {
        "dmean": 0.0217717587948,
        "dmean2": 0.0330104976892,
        "dvar": 0.00117547076661,
        "dvar2": 0.00227276026271,
        "max": 0.426855027676,
        "mean": 0.0633034706116,
        "median": 0.0493066906929,
        "min": 6.4054886395e-11,
        "var": 0.00357795227319
    },
    "spectral_kurtosis": {
        "dmean": 5.81164550781,
        "dmean2": 9.57216835022,
        "dvar": 359.935913086,
        "dvar2": 860.221801758,
        "max": 428.394439697,
        "mean": 16.5469856262,
        "median": 4.58513021469,
        "min": -1.24781250954,
        "var": 1632.52770996
    },
    "spectral_rms": {
        "dmean": 0.000623754807748,
        "dmean2": 0.000828633725177,
        "dvar": 8.70974531608e-07,
        "dvar2": 1.50350820149e-06,
        "max": 0.0166706871241,
        "mean": 0.00481436913833,
        "median": 0.00358440703712,
        "min": 3.14643406815e-12,
        "var": 1.45596895891e-05
    },
    "spectral_rolloff": {
        "dmean": 305.750274658,
        "dmean2": 493.313873291,
        "dvar": 520516.78125,
        "dvar2": 1022441.6875,
        "max": 19573.6816406,
        "mean": 1317.97460938,
        "median": 1012.06054688,
        "min": 21.533203125,
        "var": 2664068.25
    },
    "spectral_skewness": {
        "dmean": 0.389799326658,
        "dmean2": 0.620799303055,
        "dvar": 0.648686230183,
        "dvar2": 1.44545257092,
        "max": 17.3978366852,
        "mean": 2.43236398697,
        "median": 1.73670375347,
        "min": -0.0568338595331,
        "var": 4.60025215149
    },
    "spectral_spread": {
        "dmean": 456811.5,
        "dmean2": 669028.1875,
        "dvar": 535975723008,
        "dvar2": 974720925696,
        "max": 41891584,
        "mean": 4307528,
        "median": 4277328.5,
        "min": 229621.75,
        "var": 7.69395838157e+12
    },
    "spectral_strongpeak": {
        "dmean": 0.423773050308,
        "dmean2": 0.663133859634,
        "dvar": 0.603102326393,
        "dvar2": 1.33250129223,
        "max": 12.6417942047,
        "mean": 1.2590110302,
        "median": 0.771700084209,
        "min": 0,
        "var": 2.43474006653
    },
    "zerocrossingrate": {
        "dmean": 0.00791158247739,
        "dmean2": 0.00881747249514,
        "dvar": 0.000155250658281,
        "dvar2": 0.000144948411616,
        "max": 0.771484375,
        "mean": 0.0544148124754,
        "median": 0.04638671875,
        "min": 0,
        "var": 0.00222016707994
    },
    "barkbands": {
        "dmean": [0.000805223127827, 0.00691458862275, 0.000945240666624, 0.000806521740742, 0.000877297483385, 0.000673803791869, 0.000671743473504, 0.000493359693792, 0.00057952204952, 0.00113211886492, 0.000448845676146, 0.000483146490296, 0.000391110312194, 0.000209629681194, 0.000279193656752, 0.000156611888087, 0.000105151608295, 8.53961755638e-05, 0.000121212768136, 6.82766767568e-05, 8.57376289787e-05, 5.10644895257e-05, 4.36878908658e-05, 4.97421679029e-05, 3.23247659253e-05, 1.21574739751e-05, 2.03105787477e-06],
        "dmean2": [0.00102188251913, 0.00892585050315, 0.00160353095271, 0.0015007519396, 0.00149215583224, 0.000982942874543, 0.00095079280436, 0.000719144707546, 0.000834891747218, 0.00159020756837, 0.000673639180604, 0.000706050021108, 0.000554358586669, 0.000335683755111, 0.000422753888415, 0.000251102785114, 0.000167458827491, 0.000135374531965, 0.000186288059922, 0.00010425914661, 0.000129624357214, 7.78016619734e-05, 6.53766546748e-05, 7.0694135502e-05, 4.82090181322e-05, 1.80741571967e-05, 3.17920557791e-06],
        "dvar": [6.37183211438e-06, 0.000410135951824, 1.77372676262e-05, 1.84930740943e-05, 1.10491955638e-05, 1.77564152182e-06, 3.58776992471e-06, 1.06353968476e-06, 3.79926382266e-06, 1.25219985421e-05, 1.92292782231e-06, 4.16350121668e-06, 2.04954949368e-06, 2.8991556178e-07, 4.29537493574e-07, 2.43572372938e-07, 7.50899502577e-08, 5.03214359071e-08, 1.00760686905e-07, 3.21495470246e-08, 4.08701872345e-08, 2.41647519772e-08, 1.90305495806e-08, 2.0137072454e-08, 6.10234396348e-09, 1.00584252039e-09, 4.02914923647e-11],
        "dvar2": [1.09834954856e-05, 0.000681422825437, 4.60854062112e-05, 5.3737199778e-05, 3.16579280479e-05, 3.7571910525e-06, 6.85485383656e-06, 2.1672396997e-06, 7.82658662501e-06, 2.29786455748e-05, 3.88742637369e-06, 7.59076374379e-06, 3.56182226824e-06, 6.44783256121e-07, 9.05050399069e-07, 6.16207159965e-07, 1.73159548922e-07, 1.18273263183e-07, 2.374610375e-07, 7.24768653981e-08, 9.24626490928e-08, 5.38980415854e-08, 3.84570881806e-08, 3.68665276085e-08, 1.36114532978e-08, 2.30730923256e-09, 9.32082397376e-11],
        "max": [0.0539806373417, 0.271036118269, 0.0449733808637, 0.0552474856377, 0.0479932650924, 0.031855635345, 0.0617574192584, 0.0202872399241, 0.0759023055434, 0.101098589599, 0.0587622672319, 0.087559260428, 0.0546036623418, 0.0156723540276, 0.016658956185, 0.0204350631684, 0.0123613029718, 0.00913071725518, 0.00882542319596, 0.00442846259102, 0.00543419225141, 0.00320004066452, 0.00342772156, 0.0049210395664, 0.00240968796425, 0.000841273460537, 0.000148842067574],
        "mean": [0.00221427925862, 0.02034108527, 0.000909099821001, 0.000627458444797, 0.0014303678181, 0.00167858088389, 0.00171320524532, 0.000994287664071, 0.00131763971876, 0.00260262121446, 0.000760077266023, 0.000854959071148, 0.000794223917183, 0.000336233701091, 0.000534319551662, 0.000261340697762, 0.000190163234947, 0.000160544499522, 0.000234472565353, 0.000134178029839, 0.000179959373781, 0.000101290446764, 9.0285706392e-05, 0.000115380229545, 7.85310476203e-05, 2.35173702094e-05, 3.01040495287e-06],
        "median": [5.10646941621e-07, 3.07533377963e-06, 6.77208163324e-06, 1.35463797051e-05, 0.00038781465264, 0.000602577463724, 0.000537719868589, 0.00038916018093, 0.000296868267469, 0.000363576575182, 0.000156436275574, 0.000220060959691, 0.000129522464704, 0.000100465731521, 0.000144610457937, 7.39774186513e-05, 5.725862502e-05, 4.82491450384e-05, 6.31711445749e-05, 4.64132572233e-05, 5.4164112953e-05, 1.45733956742e-05, 1.56885816978e-05, 2.18733675865e-05, 1.40739639392e-05, 3.44402747032e-06, 1.58035916797e-07],
        "min": [9.71644907341e-25, 3.39274599738e-24, 8.813022885e-25, 1.13702762397e-24, 9.16930106601e-24, 9.10174380695e-24, 1.26789440222e-23, 4.44913054037e-24, 2.0647771551e-23, 1.85409133998e-23, 2.00374835112e-23, 3.43018336379e-23, 3.7918694624e-23, 5.28079772044e-23, 5.95949072926e-23, 6.25633214592e-23, 8.03826543226e-23, 1.28390898857e-22, 1.04549913025e-22, 2.01593492682e-22, 2.99840299789e-22, 3.40551202297e-22, 3.96863577321e-22, 6.5336615614e-22, 8.98394178802e-22, 1.37410926298e-21, 2.16584783181e-21],
        "var": [4.28188141086e-05, 0.00213926495053, 1.43589804793e-05, 1.08516569526e-05, 1.17705967568e-05, 7.23462972019e-06, 1.55212237587e-05, 3.07842310576e-06, 1.26352779262e-05, 6.40895304969e-05, 6.1625746639e-06, 1.17987010526e-05, 1.12111065391e-05, 6.11803784523e-07, 1.43751344694e-06, 3.84966455158e-07, 2.12583998405e-07, 1.20120304814e-07, 2.30573888871e-07, 7.73759651906e-08, 9.27595777966e-08, 5.95364895162e-08, 5.71904159585e-08, 6.7914257329e-08, 2.21402949308e-08, 2.36919039942e-09, 6.64665267269e-11]
    },
    "erbbands": {
        "dmean": [0.335811495781, 1.17303586006, 0.85386800766, 2.21664476395, 2.60646390915, 2.89602828026, 4.47873306274, 5.8616232872, 9.75202560425, 7.78467416763, 11.812707901, 10.8625583649, 22.09649086, 38.8624267578, 18.1624774933, 19.2356071472, 17.0045185089, 11.2092761993, 14.8623065948, 9.43363761902, 9.24103927612, 4.44926977158, 3.75055742264, 5.36421728134, 5.7394952774, 3.32187962532, 3.67469167709, 2.82262921333, 1.86918759346, 1.49601376057, 1.31565976143, 1.19184803963, 0.759098947048, 0.428710252047, 0.212266758084, 0.0693819522858, 0.0208391733468, 0.00398866087198, 0.000306665198877, 1.36128483064e-05],
        "dmean2": [0.415657043457, 1.53036415577, 1.29388272762, 3.95619916916, 4.77151584625, 4.92291164398, 6.58732557297, 8.57087230682, 13.8719482422, 11.2860794067, 17.1062488556, 15.4508152008, 31.4450111389, 53.7799301147, 26.2364177704, 27.5282478333, 23.0309505463, 17.5701313019, 22.879283905, 14.4884433746, 14.6706085205, 6.992436409, 5.77913665771, 8.33831787109, 8.72049808502, 5.06285429001, 5.64013957977, 4.25640249252, 2.85879898071, 2.28480696678, 1.98882138729, 1.704169631, 1.10472488403, 0.644998431206, 0.316144347191, 0.104464314878, 0.0306645613164, 0.00597947696224, 0.00048687128583, 1.88084959518e-05],
        "dvar": [0.900999128819, 14.6800422668, 10.6730222702, 122.667640686, 174.766067505, 109.16268158, 101.567321777, 191.371536255, 804.451171875, 258.910675049, 589.441955566, 1195.92553711, 6014.70068359, 15204.4355469, 3177.51904297, 4486.33496094, 3846.72729492, 994.718811035, 1303.57556152, 617.747375488, 830.738220215, 137.793899536, 65.1394500732, 308.968902588, 213.343139648, 71.3175888062, 89.5665817261, 49.1123771667, 34.9588394165, 23.2762374878, 16.3486614227, 12.630859375, 4.38685894012, 1.3644452095, 0.21456374228, 0.0338534675539, 0.00287001929246, 0.000116914314276, 1.06100026187e-06, 6.35893837586e-10],
        "dvar2": [1.4225063324, 26.6483306885, 23.6246433258, 341.773742676, 514.44329834, 310.176818848, 226.380691528, 402.643585205, 1581.55273438, 540.534362793, 1198.97277832, 2537.45825195, 12369.0214844, 26382.9199219, 6286.41992188, 7877.09667969, 6156.99902344, 2293.86303711, 2839.31542969, 1310.26721191, 2095.65673828, 320.583709717, 143.639587402, 773.694152832, 459.514190674, 157.266708374, 211.92010498, 107.111763, 80.2013626099, 50.7317771912, 33.5049514771, 22.5632476807, 8.73469257355, 3.11253190041, 0.466485738754, 0.0804536342621, 0.00645154435188, 0.000262446206762, 2.55155623563e-06, 1.27299293329e-09],
        "max": [12.707660675, 52.9868469238, 39.5292701721, 141.485275269, 174.860610962, 175.018234253, 288.988586426, 394.752441406, 870.533996582, 627.254089355, 544.392089844, 975.188415527, 2603.39599609, 3561.47875977, 2932.32666016, 2193.63574219, 2811.11352539, 1177.36816406, 993.091308594, 930.587280273, 1250.94909668, 481.042877197, 402.20123291, 509.886810303, 436.854705811, 261.9715271, 282.019592285, 252.331832886, 146.296295166, 163.226699829, 93.2614746094, 106.910400391, 63.9466362, 39.1010971069, 11.2261829376, 5.8992524147, 1.01163864136, 0.225199073553, 0.0222543589771, 0.000377926015062],
        "mean": [1.01009654999, 2.87802910805, 1.2845594883, 1.87922286987, 2.52152466774, 4.69345235825, 11.6963777542, 14.0193824768, 24.6231937408, 18.8992595673, 24.8325519562, 25.8765258789, 46.8027153015, 89.1933441162, 37.4188270569, 35.7488594055, 38.1542282104, 20.0784950256, 28.1450595856, 17.9564552307, 16.5092010498, 8.88956356049, 8.05917358398, 10.3480787277, 12.1087856293, 7.04584503174, 7.56552219391, 5.68468666077, 3.66712760925, 3.0337228775, 2.63906002045, 2.6104786396, 1.73712468147, 0.991699278355, 0.485430717468, 0.138401329517, 0.0390590839088, 0.00763897737488, 0.000457542424556, 5.33747697773e-05],
        "median": [0.000101915669802, 0.00111512385774, 0.00738489814103, 0.0568660646677, 0.373933464289, 1.13234424591, 3.69965362549, 4.52458810806, 6.97007751465, 8.21751689911, 10.6955413818, 7.88230085373, 9.89441299438, 15.6529302597, 10.6301546097, 10.9460458755, 7.11882162094, 6.75946092606, 8.07123374939, 6.12152004242, 5.27428531647, 2.99738097191, 2.77551269531, 3.15396285057, 3.49638843536, 2.59206748009, 2.56520390511, 1.43728864193, 0.625276625156, 0.392177075148, 0.453060775995, 0.447396695614, 0.33022376895, 0.186411097646, 0.0771527737379, 0.0194186009467, 0.00568149331957, 0.000862400338519, 5.6763223256e-05, 2.20193542191e-05],
        "min": [1.78855542654e-22, 5.49523535803e-22, 1.46350545463e-21, 7.01937955332e-21, 2.14255627561e-20, 2.55861196785e-20, 5.93317912574e-20, 4.20199576306e-20, 1.84180410007e-19, 3.37142946149e-19, 1.93720503732e-19, 5.05611357688e-19, 6.7065363883e-19, 8.45263711322e-19, 1.10080616892e-18, 1.42471138184e-18, 2.149049973e-18, 2.69978951317e-18, 3.69272533316e-18, 3.40259524882e-18, 5.2352835859e-18, 5.2600808063e-18, 6.42675081791e-18, 6.9674374253e-18, 8.14417877446e-18, 8.2462123302e-18, 1.03587704033e-17, 1.2600547323e-17, 1.17350376424e-17, 1.07394331309e-17, 1.28943751114e-17, 1.1112976315e-17, 8.48689790021e-18, 9.66153572907e-18, 6.44057714185e-18, 3.95773663063e-18, 2.30136328868e-18, 9.46570588893e-19, 2.79564609769e-19, 2.84228014955e-20],
        "var": [5.30481338501, 50.8038024902, 14.7822580338, 81.2859039307, 105.552391052, 151.638900757, 464.348571777, 720.074157715, 3455.79248047, 1042.15490723, 1718.31420898, 3674.98999023, 14941.0849609, 77712.8984375, 12422.3867188, 13113.6015625, 26010.984375, 2261.38696289, 4479.09082031, 1519.1652832, 1407.88427734, 368.550109863, 246.101150513, 541.653869629, 640.718444824, 187.28427124, 181.490615845, 108.634620667, 76.1224441528, 63.8124275208, 46.5495910645, 40.6186332703, 14.2704467773, 4.25495529175, 0.828171908855, 0.0809325873852, 0.00672509847209, 0.000280794076389, 1.54503891281e-06, 4.39119718365e-09]
    },
    "gfcc": {
        "mean": [-104.230964661, 70.3587417603, -152.299606323, -16.607339859, -74.1901245117, 7.16231918335, -33.889251709, 7.22107791901, -24.5378684998, 3.09019112587, -7.84399080276, 0.596779644489, -1.21558666229],
        "cov": [[48599.4492188, 1700.96191406, 5958.65917969, 8483.41992188, -1506.82470703, -465.340332031, -3378.51391602, -6.63003969193, -462.529144287, 1724.65087891, -560.998779297, 296.148590088, 39.4769973755], [1700.96191406, 2433.25073242, 899.26751709, 758.948547363, 377.037475586, -60.5335922241, 103.875694275, -163.582626343, 289.860687256, -2.40142416954, 101.138183594, -92.0213317871, 8.72590065002], [5958.65917969, 899.26751709, 2741.51586914, 1990.13781738, 283.331604004, 413.478790283, -180.945480347, 191.320129395, 107.764312744, 384.354614258, -109.046455383, 152.701843262, 30.647518158], [8483.41992188, 758.948547363, 1990.13781738, 2604.22265625, 229.240203857, 279.36920166, -315.978363037, 135.104110718, 153.291732788, 381.890930176, -83.0990829468, 138.698730469, 7.70787286758], [-1506.82470703, 377.037475586, 283.331604004, 229.240203857, 991.475341797, 572.626953125, 698.831604004, 320.373840332, 224.767089844, 35.2448425293, 77.6754760742, 41.5426864624, 72.8423461914], [-465.340332031, -60.5335922241, 413.478790283, 279.36920166, 572.626953125, 687.344238281, 537.710693359, 288.758758545, 135.614349365, 62.3251609802, 7.26185464859, 76.5707168579, 62.0526351929], [-3378.51391602, 103.875694275, -180.945480347, -315.978363037, 698.831604004, 537.710693359, 884.553894043, 315.66809082, 223.650436401, -50.2880020142, 94.1107330322, 19.7015094757, 65.732673645], [-6.63003969193, -163.582626343, 191.320129395, 135.104110718, 320.373840332, 288.758758545, 315.66809082, 379.722106934, 132.919021606, 77.1222686768, 16.1531581879, 38.0210037231, 51.3924026489], [-462.529144287, 289.860687256, 107.764312744, 153.291732788, 224.767089844, 135.614349365, 223.650436401, 132.919021606, 327.337371826, 37.5867652893, 31.710062027, 32.7312736511, -5.65571880341], [1724.65087891, -2.40142416954, 384.354614258, 381.890930176, 35.2448425293, 62.3251609802, -50.2880020142, 77.1222686768, 37.5867652893, 234.527755737, 34.5381202698, 26.9688034058, 7.91865253448], [-560.998779297, 101.138183594, -109.046455383, -83.0990829468, 77.6754760742, 7.26185464859, 94.1107330322, 16.1531581879, 31.710062027, 34.5381202698, 172.225479126, 16.3764076233, 14.6561508179], [296.148590088, -92.0213317871, 152.701843262, 138.698730469, 41.5426864624, 76.5707168579, 19.7015094757, 38.0210037231, 32.7312736511, 26.9688034058, 16.3764076233, 147.249832153, 32.7303085327], [39.4769973755, 8.72590065002, 30.647518158, 7.70787286758, 72.8423461914, 62.0526351929, 65.732673645, 51.3924026489, -5.65571880341, 7.91865253448, 14.6561508179, 32.7303085327, 145.505752563]],
        "icov": [[0.000104013306554, -0.000134794638143, 0.000141346579767, -0.000297017395496, 0.000145702477312, -0.000154793015099, 0.000316512392601, -0.000295054749586, 0.000259311171249, -0.000390088302083, 0.000202460694709, -8.46323382575e-05, -4.9921010941e-05], [-0.000134794638143, 0.0012297622161, -0.000737500027753, 0.000207941266126, -0.000684867671225, 0.00102142652031, -0.000831080600619, 0.00149245618377, -0.00130374182481, 0.00126831268426, -0.00104553939309, 0.00126733048819, -0.000436751055531], [0.000141346579767, -0.000737500027753, 0.00142746791244, -0.000855064368807, 0.00036192726111, -0.00102783215698, 0.000881348911207, -0.000986499944702, 0.000920780410524, -0.00146494712681, 0.00107486441266, -0.000946396612562, 0.00017806579126], [-0.000297017395496, 0.000207941266126, -0.000855064368807, 0.00195307575632, -0.000744726508856, 7.71037684899e-06, 1.76195735548e-05, 0.000670606852509, -0.00102588452864, 0.000517610285897, -0.000354699935997, -7.90192061686e-05, 0.000254926620983], [0.000145702477312, -0.000684867671225, 0.00036192726111, -0.000744726508856, 0.00350180454552, -0.00134511757642, -0.00128443248104, -0.00112622696906, 0.000612531322986, -0.000611659896094, 7.4180548836e-05, -0.000222649861826, -0.00013691955246], [-0.000154793015099, 0.00102142652031, -0.00102783215698, 7.71037684899e-06, -0.00134511757642, 0.00564070697874, -0.00346683338284, 0.000671243644319, -0.000183604133781, 0.000571495620534, 0.000416851544287, -0.000317312369589, -0.000215114690945], [0.000316512392601, -0.000831080600619, 0.000881348911207, 1.76195735548e-05, -0.00128443248104, -0.00346683338284, 0.00677563296631, -0.00248745107092, -0.000342105398886, -0.000290553318337, -0.000521619047504, 5.51481280127e-05, -0.000240824199864], [-0.000295054749586, 0.00149245618377, -0.000986499944702, 0.000670606852509, -0.00112622696906, 0.000671243644319, -0.00248745107092, 0.00690544955432, -0.00246076937765, 0.000269510695944, -0.000565493886825, 0.00126607948914, -0.00121307489462], [0.000259311171249, -0.00130374182481, 0.000920780410524, -0.00102588452864, 0.000612531322986, -0.000183604133781, -0.000342105398886, -0.00246076937765, 0.00598854897544, -0.00200939970091, 0.00123413209803, -0.00212349346839, 0.00135905796196], [-0.000390088302083, 0.00126831268426, -0.00146494712681, 0.000517610285897, -0.000611659896094, 0.000571495620534, -0.000290553318337, 0.000269510695944, -0.00200939970091, 0.00920489709824, -0.0039312466979, 0.00168540177401, -0.000152723296196], [0.000202460694709, -0.00104553939309, 0.00107486441266, -0.000354699935997, 7.4180548836e-05, 0.000416851544287, -0.000521619047504, -0.000565493886825, 0.00123413209803, -0.0039312466979, 0.00866753887385, -0.00236847880296, -5.77266946493e-05], [-8.46323382575e-05, 0.00126733048819, -0.000946396612562, -7.90192061686e-05, -0.000222649861826, -0.000317312369589, 5.51481280127e-05, 0.00126607948914, -0.00212349346839, 0.00168540177401, -0.00236847880296, 0.00961249135435, -0.00217276834883], [-4.9921010941e-05, -0.000436751055531, 0.00017806579126, 0.000254926620983, -0.00013691955246, -0.000215114690945, -0.000240824199864, -0.00121307489462, 0.00135905796196, -0.000152723296196, -5.77266946493e-05, -0.00217276834883, 0.00811453536153]]
    },
    "melbands": {
        "dmean": [0.00235860073008, 0.00071979110362, 0.000388417101931, 0.000190336213564, 0.00014816786279, 0.000129729349283, 0.000148509599967, 8.56220576679e-05, 9.15365671972e-05, 7.69914768171e-05, 0.000117799878353, 0.000169310820638, 6.8510780693e-05, 5.79834813834e-05, 4.38522401964e-05, 3.25815926772e-05, 2.01988368644e-05, 2.47525640589e-05, 1.54729459609e-05, 1.16412493298e-05, 1.12736497613e-05, 5.00416808791e-06, 4.48294667876e-06, 4.64334516437e-06, 4.64915501652e-06, 5.75326703256e-06, 2.5295157684e-06, 2.3317763862e-06, 2.7101109481e-06, 2.2600390821e-06, 1.58626585289e-06, 1.08877895855e-06, 1.12587747481e-06, 8.28190081847e-07, 8.28178428947e-07, 7.63613911658e-07, 8.11753068319e-07, 6.37493826616e-07, 4.18390328605e-07, 3.80455560389e-07],
        "dmean2": [0.00297266198322, 0.000881716783624, 0.000694310641848, 0.000335646764142, 0.000223777446081, 0.000189591621165, 0.000208965182537, 0.000125711085275, 0.000131847686134, 0.000109894863272, 0.000167419551872, 0.000233524871874, 0.000100045625004, 8.19122287794e-05, 6.12693984294e-05, 4.68131220259e-05, 3.20330727845e-05, 3.85086241295e-05, 2.3135842639e-05, 1.84857217391e-05, 1.80207025551e-05, 8.02878548711e-06, 6.82452628098e-06, 7.4573999882e-06, 7.28695431462e-06, 8.74187298905e-06, 3.82750249628e-06, 3.64082052329e-06, 4.25836469731e-06, 3.4251966099e-06, 2.46319086727e-06, 1.70911766872e-06, 1.74350316229e-06, 1.27591954424e-06, 1.29353406919e-06, 1.10714722723e-06, 1.18678997296e-06, 9.43909071793e-07, 6.44992326215e-07, 5.83539247145e-07],
        "dvar": [4.46562771685e-05, 4.43883118351e-06, 3.81790459869e-06, 6.87073338668e-07, 1.24239861066e-07, 8.32475066659e-08, 1.78998192268e-07, 2.90499784228e-08, 3.43211112863e-08, 6.69508537499e-08, 1.60065141586e-07, 2.93623827474e-07, 4.1089680991e-08, 6.00069327561e-08, 2.31856240873e-08, 1.19920224861e-08, 3.24973670196e-09, 3.63356700284e-09, 1.44868661511e-09, 1.13962372872e-09, 1.09672571025e-09, 1.78102574355e-10, 1.88262530565e-10, 1.36399960771e-10, 2.83368939424e-10, 2.41669489975e-10, 2.99698217632e-11, 4.04493626094e-11, 6.15264644788e-11, 3.18609374994e-11, 1.62157769851e-11, 1.28147223735e-11, 1.38750512815e-11, 7.99955501146e-12, 6.11749973595e-12, 6.05316534744e-12, 5.59251473256e-12, 2.86769566427e-12, 1.37896540974e-12, 1.07666252216e-12],
        "dvar2": [7.16460708645e-05, 7.81281141826e-06, 1.07307632788e-05, 2.00290332941e-06, 2.9778519206e-07, 1.74498964611e-07, 3.43652885704e-07, 6.19721447492e-08, 6.99070596966e-08, 1.41442995982e-07, 3.25223709297e-07, 5.08162770529e-07, 8.36063449583e-08, 1.08395333598e-07, 3.82305778146e-08, 2.24801670612e-08, 7.39176675424e-09, 8.02870747663e-09, 2.89080137605e-09, 2.77615641586e-09, 2.72388223088e-09, 4.4314507619e-10, 3.5115105268e-10, 3.48167633613e-10, 7.24105553296e-10, 5.26173049575e-10, 6.50093520682e-11, 9.12867212377e-11, 1.54814966402e-10, 7.22416640397e-11, 3.57443866172e-11, 3.01436896277e-11, 3.23228804833e-11, 1.84682963367e-11, 1.37988249299e-11, 1.10993237171e-11, 1.11016690632e-11, 5.7264332165e-12, 3.28324108352e-12, 2.51911946164e-12],
        "max": [0.089153200388, 0.0328178480268, 0.0248495060951, 0.0108812013641, 0.0081328516826, 0.00770965032279, 0.0137621099129, 0.00609490321949, 0.00402198219672, 0.00875369645655, 0.0136497616768, 0.0160852987319, 0.00905643031001, 0.0120085319504, 0.00622925860807, 0.00417167460546, 0.00176489003934, 0.00169729511254, 0.00153606582899, 0.000869897077791, 0.0013516289182, 0.000375778210582, 0.000956584815867, 0.000456194829894, 0.000517866224982, 0.000429522508057, 0.000147645638208, 0.000190916223801, 0.000274868652923, 0.000199022659217, 0.000138735311339, 0.000110367058369, 8.44918686198e-05, 0.000102249621705, 5.60073058296e-05, 6.53507813695e-05, 7.44116550777e-05, 5.25362011103e-05, 3.39105718012e-05, 3.56197015208e-05],
        "mean": [0.00710658961907, 0.00161980639677, 0.000336701516062, 0.000238165841438, 0.000374537048629, 0.000307452719426, 0.000379982404411, 0.000198419744265, 0.00019374913245, 0.000175649431185, 0.000244973372901, 0.000384995684726, 0.000126964136143, 0.000101821460703, 9.10567760002e-05, 6.33869130979e-05, 3.30399343511e-05, 4.40072471974e-05, 2.96058697131e-05, 1.94323056348e-05, 1.89163311006e-05, 8.7225180323e-06, 8.29332566354e-06, 8.27276471682e-06, 7.76537308411e-06, 1.08265576273e-05, 5.27182601218e-06, 4.34531057181e-06, 4.89384092361e-06, 4.39316090706e-06, 2.85319538307e-06, 1.97346253117e-06, 2.05461719816e-06, 1.52262020947e-06, 1.51491042288e-06, 1.4916802229e-06, 1.65158155596e-06, 1.35523066547e-06, 8.84045334715e-07, 8.10921449101e-07],
        "median": [8.69832945227e-07, 3.31626642947e-06, 1.58259972523e-05, 4.51829218946e-05, 0.000114248825412, 0.00010098360508, 0.000115837639896, 8.73728931765e-05, 8.07619362604e-05, 4.19070274802e-05, 4.77674366266e-05, 5.87342074141e-05, 3.08438138745e-05, 2.50142875302e-05, 1.98218003788e-05, 1.31546867124e-05, 1.00373445093e-05, 1.15388766062e-05, 8.71322663443e-06, 5.82505845159e-06, 5.36477909918e-06, 2.80375525108e-06, 1.96202199731e-06, 2.42101441472e-06, 1.80466463462e-06, 2.55998202192e-06, 1.81508460173e-06, 1.39880955885e-06, 1.49592824528e-06, 1.05914898541e-06, 6.27325732694e-07, 3.15130563422e-07, 2.10063603845e-07, 1.90594846572e-07, 2.44331886279e-07, 2.31856802202e-07, 2.74661147159e-07, 2.25479837468e-07, 1.78697007414e-07, 1.33399623792e-07],
        "min": [1.92690438482e-24, 5.46952468508e-25, 2.67191507612e-24, 1.4570942298e-24, 2.08499467402e-24, 1.11515911778e-24, 3.22515387857e-24, 3.49418522675e-24, 1.28459756553e-24, 2.88900861116e-24, 2.78232247069e-24, 3.25298134143e-24, 3.03524902628e-24, 4.07181166409e-24, 2.87612493485e-24, 3.97809104425e-24, 3.77618288441e-24, 5.23691070616e-24, 4.22715770342e-24, 3.52738956554e-24, 5.84592591891e-24, 4.57803041229e-24, 2.90904055056e-24, 5.44665817123e-24, 5.23256250485e-24, 4.27888449627e-24, 4.38851446842e-24, 5.46955959217e-24, 5.47614855288e-24, 6.02177563646e-24, 6.20843827044e-24, 5.75578593872e-24, 6.45121060845e-24, 5.04727643315e-24, 6.24848992189e-24, 7.03571394073e-24, 6.1023068964e-24, 5.09874566291e-24, 6.4204923648e-24, 7.4406741087e-24],
        "var": [0.000255888415268, 1.54884983203e-05, 2.4875530471e-06, 5.23021412846e-07, 4.89912793e-07, 3.17309371667e-07, 7.93853530467e-07, 1.03735047219e-07, 1.03783150962e-07, 2.11662708693e-07, 4.12471251821e-07, 1.54268798269e-06, 1.53076499032e-07, 1.79635591735e-07, 1.22755039911e-07, 5.09383504266e-08, 6.8814474119e-09, 1.13103659771e-08, 3.93819643563e-09, 1.89524351768e-09, 1.89071736045e-09, 3.21195153807e-10, 7.87305443062e-10, 2.79289730232e-10, 4.09475675589e-10, 6.43085196206e-10, 8.39357611193e-11, 9.34292296306e-11, 9.98805829711e-11, 7.52014839289e-11, 3.16195090944e-11, 2.47505158729e-11, 3.06816204387e-11, 1.86548936021e-11, 1.51394435183e-11, 1.78077431273e-11, 1.57334024281e-11, 8.99424198314e-12, 3.70288999116e-12, 3.06105314707e-12]
    },
    "mfcc": {
        "mean": [-720.917114258, 106.205421448, -19.7287864685, -14.486620903, -19.7039833069, -10.2493486404, -2.98058581352, -6.33850955963, -4.95831775665, -0.666337311268, -7.49795055389, -0.774900197983, -0.662918686867],
        "cov": [[24178.1933594, 1824.91931152, 1474.95812988, 2673.26318359, 1251.89953613, 171.222381592, -475.348419189, -796.851257324, 209.020889282, 725.531921387, 156.848953247, 215.992736816, -63.6303443909], [1824.91931152, 2293.95361328, 320.99130249, 590.381530762, 273.159454346, 168.00668335, -55.9434585571, -103.186134338, -15.6196317673, 71.872215271, 88.1333236694, 72.5064468384, 27.386428833], [1474.95812988, 320.99130249, 1062.48571777, 613.62701416, 422.359100342, 332.498352051, 182.903656006, 164.4868927, 219.745422363, 167.062683105, 121.614578247, 81.4782714844, 75.6327285767], [2673.26318359, 590.381530762, 613.62701416, 1005.80621338, 538.416809082, 350.07232666, 107.236335754, 152.439041138, 221.589248657, 231.674224854, 174.556732178, 139.954696655, 93.5268173218], [1251.89953613, 273.159454346, 422.359100342, 538.416809082, 554.590637207, 351.023529053, 254.520904541, 230.956695557, 235.087493896, 196.301605225, 129.95614624, 95.0546035767, 72.8397293091], [171.222381592, 168.00668335, 332.498352051, 350.07232666, 351.023529053, 570.149169922, 332.317047119, 367.472198486, 288.809967041, 171.455764771, 160.069732666, 75.6577377319, 98.2822265625], [-475.348419189, -55.9434585571, 182.903656006, 107.236335754, 254.520904541, 332.317047119, 603.146606445, 333.150146484, 266.510406494, 163.326980591, 76.8264312744, 71.3380126953, 59.1703147888], [-796.851257324, -103.186134338, 164.4868927, 152.439041138, 230.956695557, 367.472198486, 333.150146484, 550.175231934, 321.322753906, 125.296043396, 123.215362549, 63.0996932983, 114.246520996], [209.020889282, -15.6196317673, 219.745422363, 221.589248657, 235.087493896, 288.809967041, 266.510406494, 321.322753906, 366.271392822, 193.839691162, 102.401565552, 42.3047065735, 64.1378555298], [725.531921387, 71.872215271, 167.062683105, 231.674224854, 196.301605225, 171.455764771, 163.326980591, 125.296043396, 193.839691162, 265.596862793, 124.791015625, 52.4929924011, 21.0372886658], [156.848953247, 88.1333236694, 121.614578247, 174.556732178, 129.95614624, 160.069732666, 76.8264312744, 123.215362549, 102.401565552, 124.791015625, 229.095367432, 115.864868164, 25.3905200958], [215.992736816, 72.5064468384, 81.4782714844, 139.954696655, 95.0546035767, 75.6577377319, 71.3380126953, 63.0996932983, 42.3047065735, 52.4929924011, 115.864868164, 180.016662598, 71.2796859741], [-63.6303443909, 27.386428833, 75.6327285767, 93.5268173218, 72.8397293091, 98.2822265625, 59.1703147888, 114.246520996, 64.1378555298, 21.0372886658, 25.3905200958, 71.2796859741, 163.287109375]],
