{
"lowlevel": {
    "average_loudness": 0.88827753067,
    "barkbands_crest": {
        "dmean": 2.00457310677,
        "dmean2": 2.93168449402,
        "dvar": 5.43532562256,
        "dvar2": 10.496887207,
        "max": 26.4879074097,
        "mean": 11.7139530182,
        "median": 10.6685686111,
        "min": 2.1803650856,
        "var": 29.5126361847
    },
    "barkbands_flatness_db": {
        "dmean": 0.0233353879303,
        "dmean2": 0.031038435176,
        "dvar": 0.000884623499587,
        "dvar2": 0.00133918598294,
        "max": 0.694158375263,
        "mean": 0.187206879258,
        "median": 0.156674474478,
        "min": 0.0268361661583,
        "var": 0.0111105367541
    },
    "barkbands_kurtosis": {
        "dmean": 9.7829656601,
        "dmean2": 14.13813591,
        "dvar": 2148.49511719,
        "dvar2": 5058.03027344,
        "max": 1661.97851562,
        "mean": 19.5118522644,
        "median": 2.66256475449,
        "min": -1.91695296764,
        "var": 3333.19946289
    },
    "barkbands_skewness": {
        "dmean": 0.716627895832,
        "dmean2": 0.993382632732,
        "dvar": 1.5743407011,
        "dvar2": 3.07372450829,
        "max": 34.2909851074,
        "mean": 2.41908860207,
        "median": 1.5769020319,
        "min": -2.84795951843,
        "var": 7.47330379486
    },
    "barkbands_spread": {
        "dmean": 4.97313976288,
        "dmean2": 7.32749557495,
        "dvar": 64.9813537598,
        "dvar2": 136.879760742,
        "max": 106.756309509,
        "mean": 18.912027359,
        "median": 16.7198810577,
        "min": 0.0704906955361,
        "var": 244.113449097
    },
    "dissonance": {
        "dmean": 0.0209634192288,
        "dmean2": 0.0345844961703,
        "dvar": 0.000486713222926,
        "dvar2": 0.00126713840291,
        "max": 0.499923557043,
        "mean": 0.446155637503,
        "median": 0.456196933985,
        "min": 0.154379218817,
        "var": 0.00221379776485
    },
    "dynamic_complexity": 4.42529916763,
    "erbbands_crest": {
        "dmean": 2.33877849579,
        "dmean2": 3.64436721802,
        "dvar": 6.0117354393,
        "dvar2": 13.465596199,
        "max": 29.6980304718,
        "mean": 10.1857776642,
        "median": 9.18334007263,
        "min": 2.5695643425,
        "var": 22.852104187
    },
    "erbbands_flatness_db": {
        "dmean": 0.0157809406519,
        "dmean2": 0.0228907223791,
        "dvar": 0.000405354076065,
        "dvar2": 0.000786288059317,
        "max": 0.545086562634,
        "mean": 0.179440885782,
        "median": 0.164268910885,
        "min": 0.039619397372,
        "var": 0.00529065681621
    },
    "erbbands_kurtosis": {
        "dmean": 1.32130885124,
        "dmean2": 2.0372774601,
        "dvar": 9.39994907379,
        "dvar2": 18.2491760254,
        "max": 178.063323975,
        "mean": 1.71373569965,
        "median": 0.175188541412,
        "min": -1.95712935925,
        "var": 37.1670913696
    },
    "erbbands_skewness": {
        "dmean": 0.407144457102,
        "dmean2": 0.603031814098,
        "dvar": 0.275036692619,
        "dvar2": 0.581430852413,
        "max": 10.5994434357,
        "mean": 0.72109156847,
        "median": 0.683898329735,
        "min": -4.87868213654,
        "var": 1.15919780731
    },
    "erbbands_spread": {
        "dmean": 9.20416355133,
        "dmean2": 13.7870674133,
        "dvar": 174.006393433,
        "dvar2": 378.842102051,
        "max": 191.486709595,
        "mean": 42.1510810852,
        "median": 36.6076049805,
        "min": 0.610266089439,
        "var": 743.364562988
    },
    "hfc": {
        "dmean": 5.38030576706,
        "dmean2": 7.42876291275,
        "dvar": 79.0712280273,
        "dvar2": 145.650314331,
        "max": 132.247406006,
        "mean": 19.4183197021,
        "median": 13.8318986893,
        "min": 1.13590638707e-16,
        "var": 370.974182129
    },
    "melbands_crest": {
        "dmean": 2.73626828194,
        "dmean2": 4.06836748123,
        "dvar": 9.91416454315,
        "dvar2": 21.239812851,
        "max": 39.9297637939,
        "mean": 17.9856262207,
        "median": 16.1525707245,
        "min": 1.78212749958,
        "var": 71.8535842896
    },
    "melbands_flatness_db": {
        "dmean": 0.0271121840924,
        "dmean2": 0.0350422523916,
        "dvar": 0.00136486138217,
        "dvar2": 0.00196805968881,
        "max": 0.851415097713,
        "mean": 0.241835325956,
        "median": 0.200414255261,
        "min": 0.00283879763447,
        "var": 0.0176856853068
    },
    "melbands_kurtosis": {
        "dmean": 19.2384281158,
        "dmean2": 26.2772006989,
        "dvar": 3624.0715332,
        "dvar2": 6516.99707031,
        "max": 2988.66772461,
        "mean": 44.9097137451,
        "median": 8.876704216,
        "min": -1.89719760418,
        "var": 12327.046875
    },
    "melbands_skewness": {
        "dmean": 0.914890527725,
        "dmean2": 1.25050902367,
        "dvar": 2.28669524193,
        "dvar2": 3.95806622505,
        "max": 52.6610298157,
        "mean": 3.62036561966,
        "median": 2.40595960617,
        "min": -1.99468994141,
        "var": 14.394405365
    },
    "melbands_spread": {
        "dmean": 7.12446308136,
        "dmean2": 10.7686042786,
        "dvar": 235.073501587,
        "dvar2": 523.547119141,
        "max": 223.697402954,
        "mean": 22.9900188446,
        "median": 17.0324268341,
        "min": 0.141878396273,
        "var": 698.059265137
    },
    "pitch_salience": {
        "dmean": 0.0587709099054,
        "dmean2": 0.0855069234967,
        "dvar": 0.00469055445865,
        "dvar2": 0.00920837931335,
        "max": 0.95121383667,
        "mean": 0.502692520618,
        "median": 0.510214567184,
        "min": 0.0126576162875,
        "var": 0.0260534416884
    },
    "silence_rate_20dB": {
        "dmean": 0,
        "dmean2": 0,
        "dvar": 0,
        "dvar2": 0,
        "max": 1,
        "mean": 1,
        "median": 1,
        "min": 1,
        "var": 0
    },
    "silence_rate_30dB": {
        "dmean": 0.0434360578656,
        "dmean2": 0.0868826583028,
        "dvar": 0.0415522940457,
        "dvar2": 0.0878295972943,
        "max": 1,
        "mean": 0.913138449192,
        "median": 1,
        "min": 0,
        "var": 0.0793179944158
    },
    "silence_rate_60dB": {
        "dmean": 0.0361562743783,
        "dmean2": 0.07232131809,
        "dvar": 0.0348512716591,
        "dvar2": 0.0733992531896,
        "max": 1,
        "mean": 0.157588258386,
        "median": 0,
        "min": 0,
        "var": 0.132760480046
    },
    "spectral_centroid": {
        "dmean": 266.917572021,
        "dmean2": 398.889160156,
        "dvar": 169199.953125,
        "dvar2": 340363.5625,
        "max": 11405.4238281,
        "mean": 1427.58581543,
        "median": 1360.87451172,
        "min": 91.3699951172,
        "var": 849180.125
    },
    "spectral_complexity": {
        "dmean": 3.05678224564,
        "dmean2": 4.4373254776,
        "dvar": 22.0697841644,
        "dvar2": 35.9289054871,
        "max": 57,
        "mean": 13.3203926086,
        "median": 11,
        "min": 0,
        "var": 108.267967224
    },
    "spectral_decrease": {
        "dmean": 2.3681603345e-09,
        "dmean2": 2.8056275081e-09,
        "dvar": 1.83350224144e-17,
        "dvar2": 2.45234964123e-17,
        "max": 1.62240615368e-28,
        "mean": -9.32052479641e-09,
        "median": -4.91619411847e-09,
        "min": -7.2407132734e-08,
        "var": 1.27468797092e-16
    },
    "spectral_energy": {
        "dmean": 0.00925388652831,
        "dmean2": 0.0110287442803,
        "dvar": 0.000266687595285,
        "dvar2": 0.00035946330172,
        "max": 0.274673104286,
        "mean": 0.0369391180575,
        "median": 0.0207116305828,
        "min": 1.04693479399e-20,
        "var": 0.00185640284326
    },
    "spectral_energyband_high": {
        "dmean": 0.00039458667743,
        "dmean2": 0.000579183571972,
        "dvar": 6.10374456755e-07,
        "dvar2": 1.19288642964e-06,
        "max": 0.0157035887241,
        "mean": 0.001049334649,
        "median": 0.000592945783865,
        "min": 7.34278374682e-21,
        "var": 1.93652249436e-06
    },
    "spectral_energyband_low": {
        "dmean": 0.00653297174722,
        "dmean2": 0.00690764700994,
        "dvar": 0.000257525331108,
        "dvar2": 0.000317885336699,
        "max": 0.274332761765,
        "mean": 0.0220555048436,
        "median": 0.000936158001423,
        "min": 1.9543460947e-23,
        "var": 0.00170310214162
    },
    "spectral_energyband_middle_high": {
        "dmean": 0.00158810731955,
        "dmean2": 0.00219053635374,
        "dvar": 9.44109524426e-06,
        "dvar2": 1.76461016963e-05,
        "max": 0.0473686009645,
        "mean": 0.00454910984263,
        "median": 0.00139261432923,
        "min": 1.26381504786e-21,
        "var": 4.7066299885e-05
    },
    "spectral_energyband_middle_low": {
        "dmean": 0.00345927616581,
        "dmean2": 0.00507697183639,
        "dvar": 3.93300688302e-05,
        "dvar2": 8.83851826075e-05,
        "max": 0.0849593877792,
        "mean": 0.0101110404357,
        "median": 0.00616338755935,
        "min": 2.28000567308e-22,
        "var": 0.000120024480566
    },
    "spectral_entropy": {
        "dmean": 0.173125937581,
        "dmean2": 0.245936661959,
        "dvar": 0.0587528683245,
        "dvar2": 0.103407673538,
        "max": 9.8194475174,
        "mean": 7.4474773407,
        "median": 7.57084512711,
        "min": 3.57283568382,
        "var": 0.487622261047
    },
    "spectral_flux": {
        "dmean": 0.022818878293,
        "dmean2": 0.0347971357405,
        "dvar": 0.00129041448236,
        "dvar2": 0.00242133485153,
        "max": 0.38827469945,
        "mean": 0.066296286881,
        "median": 0.0511370114982,
        "min": 6.73322023137e-11,
        "var": 0.00345012010075
    },
    "spectral_kurtosis": {
        "dmean": 2.13244390488,
        "dmean2": 3.47833895683,
        "dvar": 45.2098617554,
        "dvar2": 117.302131653,
        "max": 268.510955811,
        "mean": 4.96414995193,
        "median": 3.01636981964,
        "min": -1.23075783253,
        "var": 96.9822540283
    },
    "spectral_rms": {
        "dmean": 0.000710485503078,
        "dmean2": 0.000864761823323,
        "dvar": 1.10681662591e-06,
        "dvar2": 1.58791829108e-06,
        "max": 0.0163699034601,
        "mean": 0.00502934539691,
        "median": 0.00449516065419,
        "min": 3.19593461938e-12,
        "var": 1.07438036139e-05
    },
    "spectral_rolloff": {
        "dmean": 506.840637207,
        "dmean2": 835.813476562,
        "dvar": 1391112.125,
        "dvar2": 2966484.5,
        "max": 19466.015625,
        "mean": 1687.68969727,
        "median": 947.4609375,
        "min": 21.533203125,
        "var": 4352741.5
    },
    "spectral_skewness": {
        "dmean": 0.257778674364,
        "dmean2": 0.40163180232,
        "dvar": 0.18106110394,
        "dvar2": 0.435121327639,
        "max": 14.6930646896,
        "mean": 1.50778472424,
        "median": 1.34740364552,
        "min": -0.248790428042,
        "var": 0.7210085392
    },
    "spectral_spread": {
        "dmean": 570435.5,
        "dmean2": 843986,
        "dvar": 854538125312,
        "dvar2": 1.69547910349e+12,
        "max": 42188908,
        "mean": 5254747.5,
        "median": 5005709,
        "min": 632927.8125,
        "var": 5.40323191194e+12
    },
    "spectral_strongpeak": {
        "dmean": 0.362532556057,
        "dmean2": 0.570015192032,
        "dvar": 0.35239431262,
        "dvar2": 0.78000664711,
        "max": 7.42824459076,
        "mean": 1.06499040127,
        "median": 0.558067440987,
        "min": 0,
        "var": 1.43677961826
    },
    "zerocrossingrate": {
        "dmean": 0.0116726588458,
        "dmean2": 0.0131296170875,
        "dvar": 0.000323566695442,
        "dvar2": 0.000349802518031,
        "max": 0.81689453125,
        "mean": 0.0669275820255,
        "median": 0.05859375,
        "min": 0.00146484375,
        "var": 0.00326370215043
    },
    "barkbands": {
        "dmean": [0.000922050268855, 0.00589361786842, 0.00142535497434, 0.0004126841377, 0.000709303829353, 0.00125914963428, 0.000611009716522, 0.000548858602997, 0.000636460026726, 0.000823332404252, 0.000316118967021, 0.000354941701517, 0.000162590280524, 0.000259617721895, 0.000233085287618, 0.000153339089593, 0.000113283836981, 8.16083847894e-05, 0.00015526911011, 0.000125256949104, 0.000137956551043, 0.000101171579445, 7.21710821381e-05, 7.11819811841e-05, 4.93468651257e-05, 2.21395621338e-05, 1.75033437699e-06],
        "dmean2": [0.00124159222469, 0.00664455164224, 0.00237397663295, 0.000672959664371, 0.00105463562068, 0.00191231374629, 0.00096356193535, 0.000845702190418, 0.000895635108463, 0.00113700609654, 0.000465482473373, 0.000524064118508, 0.000260527885985, 0.000398660282372, 0.00035782289342, 0.000243528847932, 0.000184356074897, 0.000126843180624, 0.000239241999225, 0.000192073857761, 0.000208796322113, 0.00015778253146, 0.000114362999739, 0.000109086911834, 7.46583536966e-05, 3.32834315486e-05, 2.73366003967e-06],
        "dvar": [6.40320058665e-06, 0.000270227988949, 3.3643507777e-05, 1.48576509673e-06, 4.06675144404e-06, 1.15119200927e-05, 2.373416919e-06, 2.58707245848e-06, 3.55098154614e-06, 4.27548775406e-06, 1.00954810023e-06, 8.81895971361e-07, 3.33636165806e-07, 5.5180663594e-07, 3.98593016371e-07, 2.13316113218e-07, 1.33073129405e-07, 5.12634912297e-08, 9.46753004882e-08, 5.49321725885e-08, 6.61382415501e-08, 5.66709736916e-08, 3.50456801357e-08, 3.21572528605e-08, 1.13802158808e-08, 2.67612665361e-09, 2.51024496328e-11],
        "dvar2": [1.36915768962e-05, 0.00035209505586, 9.03630934772e-05, 4.16253396907e-06, 9.31546219363e-06, 2.49269251071e-05, 5.75023341298e-06, 6.03798162047e-06, 6.3851412051e-06, 7.44798308006e-06, 2.13265548155e-06, 1.78383379534e-06, 8.85767576619e-07, 1.28001067878e-06, 9.21947446386e-07, 5.31863292963e-07, 3.37702772413e-07, 1.19405527244e-07, 2.13526121229e-07, 1.22997406038e-07, 1.43297086197e-07, 1.32135511421e-07, 7.8470421272e-08, 7.14017645009e-08, 2.40983748512e-08, 5.85033399503e-09, 6.15193104792e-11],
        "max": [0.0469324588776, 0.262731403112, 0.0674425438046, 0.0166142135859, 0.0640231966972, 0.076876424253, 0.0371625907719, 0.0496838763356, 0.0450254231691, 0.0424239896238, 0.0352487713099, 0.0297824461013, 0.0133970882744, 0.0232249759138, 0.0155222639441, 0.00801546964794, 0.00890618376434, 0.0100119318813, 0.00720236077905, 0.00723782693967, 0.00660223094746, 0.00434712739661, 0.00340550462715, 0.00327621633187, 0.00236461334862, 0.00115154928062, 0.000134703761432],
        "mean": [0.00306161912158, 0.0171065721661, 0.00167850090656, 0.000725599529687, 0.00170058035292, 0.00273882877082, 0.00123983074445, 0.0010687088361, 0.00116780947428, 0.00199097348377, 0.000564590387512, 0.000741206051316, 0.000213379535126, 0.000472617859486, 0.000423632067395, 0.000218362329178, 0.000179050461156, 0.000143494791701, 0.000303744745906, 0.000278003426502, 0.000314586737659, 0.000180465503945, 0.000127212231746, 0.000133842710056, 0.000113160982437, 4.98563967994e-05, 2.69822635346e-06],
        "median": [4.21912818638e-06, 6.36151453364e-05, 0.000145734840771, 0.000127543200506, 0.000644053448923, 0.000664392777253, 0.000267825060291, 0.000165447156178, 0.000157356640557, 0.000171466512256, 8.63052191562e-05, 8.85753834154e-05, 3.28701062244e-05, 5.9186197177e-05, 5.44810973224e-05, 4.09567073802e-05, 3.82371690648e-05, 3.72362155758e-05, 7.88274774095e-05, 0.000104318314698, 0.000116192895803, 4.7387315135e-05, 2.080779268e-05, 4.42098462372e-05, 4.14340247517e-05, 1.4382207155e-05, 3.59166961061e-07],
        "min": [2.33215633272e-25, 6.02339319575e-24, 1.526829238e-24, 2.66301041422e-24, 1.70791667642e-23, 1.70789048624e-23, 2.28190985708e-23, 1.35868290497e-23, 3.63505653622e-23, 2.27413231965e-23, 1.35375047327e-23, 1.7361790383e-23, 4.44121684555e-23, 8.0172975094e-23, 7.18757739582e-23, 9.59283007306e-23, 1.16483718758e-22, 1.06921298326e-22, 1.68922622654e-22, 1.46481902794e-22, 3.16748226939e-22, 3.59924490169e-22, 5.65192206647e-22, 6.00959942639e-22, 8.51336770405e-22, 1.45307855624e-21, 2.19865515584e-21],
        "var": [4.76693312521e-05, 0.00128375121858, 2.45550199907e-05, 1.7840017108e-06, 1.23412355606e-05, 3.08342532662e-05, 5.9967596826e-06, 7.45919896872e-06, 9.59702902037e-06, 2.14275532926e-05, 3.25673045154e-06, 3.21366451317e-06, 3.70671983774e-07, 1.4819407852e-06, 9.77672584668e-07, 2.97991704201e-07, 1.93245853097e-07, 1.13702228077e-07, 2.75251863968e-07, 1.79391719257e-07, 2.30346969943e-07, 1.24769016452e-07, 7.08345311295e-08, 6.11771397985e-08, 3.13259356233e-08, 7.07790492882e-09, 3.99621793989e-11]
    },
    "erbbands": {
        "dmean": [0.288989692926, 1.02716565132, 1.67411410809, 1.38080394268, 1.28915083408, 2.79186749458, 7.33901596069, 10.2487430573, 10.3704433441, 8.88736724854, 11.1205062866, 12.3406381607, 30.836151123, 12.2357559204, 12.3414592743, 14.5643920898, 7.00247001648, 13.1004076004, 9.39507007599, 11.8278875351, 7.68013238907, 5.58409500122, 4.45105838776, 5.07201385498, 8.62202262878, 5.43284463882, 6.06732606888, 4.90384626389, 3.94391655922, 2.49526357651, 1.98895514011, 1.77200198174, 1.02247130871, 0.614023566246, 0.356252849102, 0.142292350531, 0.0321938805282, 0.00415783189237, 0.000285618327325, 1.39991980177e-05],
        "dmean2": [0.326017439365, 1.22615981102, 2.70456361771, 2.25552034378, 1.95142221451, 4.2115483284, 11.2148036957, 15.5135974884, 16.0135002136, 13.7327270508, 17.2928676605, 17.1177997589, 42.0753860474, 17.9598999023, 17.936214447, 20.9045944214, 11.0435228348, 20.0982952118, 14.6206703186, 17.5228309631, 12.4668493271, 8.73153018951, 6.88802194595, 7.85127496719, 13.2471008301, 8.22889232635, 9.0213432312, 7.54595994949, 6.13564872742, 3.94826412201, 3.14138865471, 2.71967196465, 1.56872451305, 0.936329364777, 0.544933795929, 0.214069738984, 0.0492934510112, 0.00631861900911, 0.00044480554061, 1.80964070751e-05],
        "dvar": [0.614932835102, 11.2031297684, 46.9805755615, 20.111946106, 9.16901874542, 80.3711242676, 492.473602295, 972.016357422, 738.512512207, 625.468933105, 1328.80786133, 1431.6854248, 6469.88183594, 982.325134277, 1749.35070801, 1450.50634766, 482.91986084, 1486.58166504, 818.060668945, 888.752502441, 658.445007324, 292.906585693, 142.83001709, 143.451004028, 260.675598145, 109.80783844, 123.542518616, 95.8645172119, 87.2947311401, 47.1054496765, 25.0332736969, 22.1581363678, 6.35647392273, 1.81902980804, 0.593292593956, 0.106222577393, 0.0062438827008, 0.000127781662741, 6.49202831937e-07, 4.87190343623e-10],
        "dvar2": [0.871348083019, 16.3837814331, 116.376609802, 55.1690406799, 21.7811107635, 187.328094482, 1108.03649902, 1928.27380371, 1734.68469238, 1533.45678711, 3063.01049805, 2539.64135742, 11444.0185547, 2150.69726562, 3678.35327148, 2755.59765625, 1245.67956543, 3537.20410156, 2006.9119873, 1873.01037598, 1695.69421387, 690.419128418, 344.135650635, 325.568359375, 587.821472168, 244.497909546, 267.800231934, 208.664779663, 205.173751831, 107.866500854, 54.7860450745, 50.591545105, 13.968911171, 3.98412179947, 1.28252077103, 0.230217546225, 0.013907533139, 0.000289497285848, 1.60329750543e-06, 8.45904568614e-10],
        "max": [12.1637296677, 47.9718704224, 85.4727935791, 54.9646377563, 43.5971946716, 351.963867188, 703.045959473, 985.840087891, 795.965454102, 653.058776855, 1312.42260742, 1028.23999023, 1570.28979492, 1018.793396, 1707.29663086, 1146.33532715, 511.741699219, 1209.75183105, 765.183532715, 605.164978027, 483.101013184, 432.764984131, 353.030273438, 433.94039917, 316.092956543, 346.818084717, 281.523742676, 183.342147827, 161.377914429, 132.80128479, 85.4441757202, 76.1687545776, 56.4940376282, 25.0517692566, 19.420879364, 7.11309862137, 1.61100172997, 0.323845684528, 0.0234164129943, 0.000399865646614],
        "mean": [0.869080424309, 2.33651685715, 2.25512647629, 2.24502062798, 2.87364935875, 6.37063980103, 15.1178789139, 21.6666240692, 23.2261199951, 19.4175319672, 21.3224983215, 23.8431148529, 80.4807052612, 24.5102119446, 22.6692371368, 32.3261451721, 11.8187952042, 24.1881389618, 16.4293212891, 23.7067070007, 11.9035158157, 9.63524436951, 7.94172430038, 10.071141243, 17.7994422913, 12.5778656006, 13.9525127411, 10.5996313095, 7.35514211655, 4.0342130661, 3.61253142357, 3.15768313408, 1.97139072418, 1.32760190964, 0.770649790764, 0.316908687353, 0.0693846791983, 0.00855502393097, 0.000482731324155, 5.43819332961e-05],
        "median": [0.00104421190917, 0.0224104039371, 0.164825186133, 0.554073393345, 1.33842360973, 2.00652956963, 3.99378561974, 4.46235752106, 4.88611841202, 4.03383827209, 3.87654089928, 4.31499481201, 6.70147752762, 5.2563495636, 4.04383802414, 4.20538425446, 2.74726247787, 3.59493541718, 3.1758787632, 3.4996919632, 2.62358903885, 2.17949104309, 2.02514386177, 2.86315131187, 5.2523226738, 4.94568014145, 5.29254007339, 3.76358699799, 2.10401940346, 0.658334553242, 0.660348534584, 0.898269057274, 0.652714252472, 0.388255953789, 0.277196586132, 0.0903861746192, 0.0200538765639, 0.00240921741351, 0.000107413470687, 3.81498502975e-05],
        "min": [7.91044598424e-23, 1.61581604239e-21, 3.76551194086e-21, 4.60613908513e-21, 8.27288372215e-21, 3.65627530927e-20, 8.69894151434e-20, 1.65315728957e-19, 3.17058561436e-19, 3.11178160311e-19, 3.62470621969e-19, 9.74627831487e-19, 9.29608319854e-19, 7.23382111881e-19, 6.11126206433e-19, 1.13050278009e-18, 2.59744638509e-18, 3.87349490268e-18, 3.9345147757e-18, 4.32548003786e-18, 5.66841644774e-18, 7.37061518203e-18, 6.59685637498e-18, 7.4817907379e-18, 8.9231943143e-18, 7.59857375114e-18, 1.18553891128e-17, 1.15208582479e-17, 1.22580416098e-17, 1.48238574354e-17, 1.52724788407e-17, 1.29000239278e-17, 9.86112117599e-18, 8.98318227951e-18, 6.93683422418e-18, 5.5158880651e-18, 2.66228865972e-18, 9.92355862978e-19, 3.05964699404e-19, 2.72542440904e-20],
        "var": [3.16004085541, 33.9192733765, 43.2183761597, 18.2188301086, 18.292049408, 248.650344849, 1473.47277832, 2570.10791016, 2112.74511719, 2234.78613281, 2961.23535156, 3798.82592773, 34955.2265625, 3433.28808594, 5194.7109375, 6184.52587891, 621.421142578, 3795.3828125, 1327.29272461, 2928.4362793, 807.58026123, 510.112640381, 293.635772705, 414.088378906, 797.987854004, 362.376434326, 467.650787354, 280.015869141, 208.150314331, 82.875, 53.4181404114, 37.5589141846, 13.321844101, 4.74659061432, 1.57074892521, 0.284793406725, 0.0150003293529, 0.000249565026024, 1.05331184841e-06, 2.84977375031e-09]
    },
    "gfcc": {
        "mean": [-53.0353813171, 70.5728530884, -117.005874634, 22.2976360321, -74.4580307007, 1.69750845432, -37.5538024902, 4.27906942368, -30.2785758972, 7.14409685135, -15.6588382721, -2.9167444706, -2.06495428085],
        "cov": [[18714.1757812, -2609.59155273, 83.6800003052, 34.7778053284, -288.42175293, 1800.25622559, -124.853759766, 1041.66589355, -775.290283203, 844.399780273, -370.407348633, 562.453063965, -111.736885071], [-2609.59155273, 3034.59545898, 859.177429199, 430.392456055, 690.828613281, -351.304077148, 581.163757324, -153.417953491, 488.161529541, -238.473388672, 293.304077148, -325.871582031, 140.424606323], [83.6800003052, 859.177429199, 2804.04858398, 1154.03967285, 763.604492188, 751.231201172, 429.255828857, 306.302459717, 250.776748657, 120.508399963, 130.018966675, 146.932815552, 38.7024459839], [34.7778053284, 430.392456055, 1154.03967285, 1102.97692871, 562.630065918, 550.456420898, 277.501983643, 158.459594727, 259.773468018, -20.9331378937, 96.1686706543, 89.9449768066, -0.305440455675], [-288.42175293, 690.828613281, 763.604492188, 562.630065918, 791.054504395, 393.379364014, 391.463378906, 153.006668091, 205.822753906, 33.5368614197, 125.794525146, 31.2588310242, 98.4412307739], [1800.25622559, -351.304077148, 751.231201172, 550.456420898, 393.379364014, 972.187072754, 243.159408569, 268.427062988, 8.90514659882, 109.468360901, 13.4002485275, 152.42616272, -12.1410121918], [-124.853759766, 581.163757324, 429.255828857, 277.501983643, 391.463378906, 243.159408569, 409.903839111, 109.730178833, 143.306152344, 17.9443836212, 85.4912719727, -24.1548194885, 81.2642440796], [1041.66589355, -153.417953491, 306.302459717, 158.459594727, 153.006668091, 268.427062988, 109.730178833, 269.521331787, 32.82787323, 112.88192749, 10.4922914505, 77.9871749878, 13.4156990051], [-775.290283203, 488.161529541, 250.776748657, 259.773468018, 205.822753906, 8.90514659882, 143.306152344, 32.82787323, 320.937774658, -38.1821746826, 107.888130188, -1.27853894234, -3.845038414], [844.399780273, -238.473388672, 120.508399963, -20.9331378937, 33.5368614197, 109.468360901, 17.9443836212, 112.88192749, -38.1821746826, 233.199035645, 37.1529083252, 79.5842819214, 33.7569999695], [-370.407348633, 293.304077148, 130.018966675, 96.1686706543, 125.794525146, 13.4002485275, 85.4912719727, 10.4922914505, 107.888130188, 37.1529083252, 148.638397217, 32.5003013611, 48.2823562622], [562.453063965, -325.871582031, 146.932815552, 89.9449768066, 31.2588310242, 152.42616272, -24.1548194885, 77.9871749878, -1.27853894234, 79.5842819214, 32.5003013611, 190.549545288, 32.0488815308], [-111.736885071, 140.424606323, 38.7024459839, -0.305440455675, 98.4412307739, -12.1410121918, 81.2642440796, 13.4156990051, -3.845038414, 33.7569999695, 48.2823562622, 32.0488815308, 180.000106812]],
        "icov": [[0.000113492620585, -0.000128767773276, 8.9923676569e-05, -4.42623568233e-05, 0.000140000876854, -0.000223895229283, 8.7728840299e-05, -0.000323408807162, 0.000200677168323, -0.000303557579173, 0.000323971355101, -0.000241540983552, 6.16492761765e-05], [-0.000128767773276, 0.00146653852426, -0.00051601062296, 0.000165092351381, -0.000645976047963, 0.000984602607787, -0.00108819035813, 0.000764838769101, -0.00067031767685, 0.00116888445336, -0.00197539664805, 0.00197246251628, -0.000313688098686], [8.9923676569e-05, -0.00051601062296, 0.000899177277461, -0.000683631340507, 0.00012702793174, -0.000408779655118, 0.000186695469893, -0.000534068793058, 0.000404591060942, -0.000771141320001, 0.000764490105212, -0.000811941048596, 0.000215123058297], [-4.42623568233e-05, 0.000165092351381, -0.000683631340507, 0.00258524529636, -0.000907651439775, -0.000686114479322, 0.000318974663969, 0.00035938815563, -0.00130002677906, 0.00100630009547, -0.000218686633161, -0.000103512960777, 0.000135024674819], [0.000140000876854, -0.000645976047963, 0.00012702793174, -0.000907651439775, 0.00372456177138, -0.000887992500793, -0.00135866354685, -0.000697755778674, 4.57246023871e-05, -0.000729982042685, 0.000376474519726, -0.000612136209384, -0.000723556382582], [-0.000223895229283, 0.000984602607787, -0.000408779655118, -0.000686114479322, -0.000887992500793, 0.00328875752166, -0.00181246630382, -0.000233471510001, 0.00068210309837, 0.0009743666742, -0.00121339014731, 2.17010710912e-05, 0.000876205565874], [8.7728840299e-05, -0.00108819035813, 0.000186695469893, 0.000318974663969, -0.00135866354685, -0.00181246630382, 0.00707219075412, -0.00160644878633, -0.00084229913773, -0.000600337807555, 0.000431576772826, 0.00129317992833, -0.00183996418491], [-0.000323408807162, 0.000764838769101, -0.000534068793058, 0.00035938815563, -0.000697755778674, -0.000233471510001, -0.00160644878633, 0.00801247637719, -0.00192074128427, -0.00166803167667, 0.000756111519877, -0.00010522876255, -0.000100355864561], [0.000200677168323, -0.00067031767685, 0.000404591060942, -0.00130002677906, 4.57246023871e-05, 0.00068210309837, -0.00084229913773, -0.00192074128427, 0.00689219916239, 0.000676507886965, -0.00271155219525, -0.00143896637019, 0.00210663652979], [-0.000303557579173, 0.00116888445336, -0.000771141320001, 0.00100630009547, -0.000729982042685, 0.0009743666742, -0.000600337807555, -0.00166803167667, 0.000676507886965, 0.00836389139295, -0.00454868935049, 0.000326834240695, -0.000464690092485], [0.000323971355101, -0.00197539664805, 0.000764490105212, -0.000218686633161, 0.000376474519726, -0.00121339014731, 0.000431576772826, 0.000756111519877, -0.00271155219525, -0.00454868935049, 0.0149477496743, -0.00460658408701, -0.00135567202233], [-0.000241540983552, 0.00197246251628, -0.000811941048596, -0.000103512960777, -0.000612136209384, 2.17010710912e-05, 0.00129317992833, -0.00010522876255, -0.00143896637019, 0.000326834240695, -0.00460658408701, 0.0113822659478, -0.00263706222177], [6.16492761765e-05, -0.000313688098686, 0.000215123058297, 0.000135024674819, -0.000723556382582, 0.000876205565874, -0.00183996418491, -0.000100355864561, 0.00210663652979, -0.000464690092485, -0.00135567202233, -0.00263706222177, 0.0080508030951]]
    },
    "melbands": {
        "dmean": [0.00202076719142, 0.000871702330187, 0.000237291009398, 0.000126369573991, 0.000226965566981, 0.000234923922108, 0.000146066056914, 0.00010063474474, 8.96836354514e-05, 8.83268803591e-05, 0.000153807646711, 4.98234512634e-05, 3.81299505534e-05, 4.37684902863e-05, 2.65696162387e-05, 1.55164198077e-05, 2.75571128441e-05, 1.57541853696e-05, 1.84736018127e-05, 1.37734687087e-05, 8.9406976258e-06, 6.6292000156e-06, 4.70934310215e-06, 3.61831462214e-06, 4.27970553574e-06, 7.33779506845e-06, 5.49339119971e-06, 3.56469763574e-06, 3.92061792809e-06, 3.87637192034e-06, 2.8215704333e-06, 2.53463645095e-06, 1.77315700967e-06, 1.45113938288e-06, 1.23217887449e-06, 1.12151928988e-06, 1.14137367291e-06, 7.87903275068e-07, 6.31022203379e-07, 5.23126459484e-07],
        "dmean2": [0.0022583254613, 0.00117029214744, 0.000377755291993, 0.000190482693142, 0.000343111692928, 0.000358654360753, 0.000225989715545, 0.000154977024067, 0.000139420168125, 0.000121346347441, 0.000209885518416, 7.36582878744e-05, 5.60917651455e-05, 6.30963186268e-05, 4.00539029215e-05, 2.48413343797e-05, 4.22104785684e-05, 2.45736409852e-05, 2.82648961729e-05, 2.09184563573e-05, 1.4706044567e-05, 1.05540484583e-05, 7.39230699764e-06, 5.79876359552e-06, 6.76857416693e-06, 1.14207750812e-05, 8.62228807819e-06, 5.49697824681e-06, 5.89890896663e-06, 6.0315214796e-06, 4.40502935817e-06, 3.98061865781e-06, 2.78417928712e-06, 2.3277298169e-06, 1.97479130293e-06, 1.75657316959e-06, 1.76850005573e-06, 1.2267692e-06, 9.7143106359e-07, 8.08610366221e-07],
        "dvar": [2.99253315461e-05, 9.53059497988e-06, 5.47833053588e-07, 1.2490997392e-07, 4.11627638641e-07, 4.40253757006e-07, 1.39467005056e-07, 8.17167418177e-08, 8.47290593242e-08, 7.57594946776e-08, 1.58804496664e-07, 1.6732942143e-08, 1.43374414563e-08, 1.48432732772e-08, 4.20460821715e-09, 3.87630949561e-09, 6.78257938702e-09, 2.32963381919e-09, 2.43791564714e-09, 1.19882015426e-09, 9.36335453616e-10, 4.2637404718e-10, 1.669258759e-10, 1.10716685819e-10, 1.12623174675e-10, 2.36145297761e-10, 1.09178818763e-10, 5.14475129165e-11, 5.62173710361e-11, 5.44058131879e-11, 3.30123844927e-11, 3.80164059954e-11, 2.20704392262e-11, 1.6751669496e-11, 1.04693640909e-11, 6.59405429565e-12, 1.05847240695e-11, 3.95434900102e-12, 2.07030096191e-12, 1.29919209071e-12],
        "dvar2": [4.09519234381e-05, 1.81738541869e-05, 1.4712477423e-06, 2.88242375746e-07, 9.2085082315e-07, 9.02265639979e-07, 3.28877405309e-07, 1.98218344849e-07, 2.00018604346e-07, 1.30849528546e-07, 2.8049819889e-07, 3.6021340577e-08, 3.03355243148e-08, 2.89829991118e-08, 9.35424182558e-09, 1.06062039151e-08, 1.57057371553e-08, 5.68273827994e-09, 5.63135627019e-09, 2.74293965319e-09, 2.46494535894e-09, 1.02065100815e-09, 3.91337739991e-10, 2.77988881914e-10, 2.60570731658e-10, 5.4971421859e-10, 2.69226030358e-10, 1.20040075102e-10, 1.25599808332e-10, 1.21785054263e-10, 7.47425454861e-11, 9.23803047947e-11, 5.18127242499e-11, 4.00636399056e-11, 2.40184278716e-11, 1.48286990326e-11, 2.48570330985e-11, 8.97715408954e-12, 4.59431668057e-12, 2.97629932852e-12],
        "max": [0.0874591693282, 0.0410168133676, 0.00942053087056, 0.0136377159506, 0.0196682177484, 0.0189855881035, 0.0102514559403, 0.0072431024164, 0.00905832182616, 0.00691035250202, 0.00793102383614, 0.00377609301358, 0.00472237169743, 0.00445614894852, 0.00171403691638, 0.00160536088515, 0.00278200092725, 0.000987769570202, 0.000996941234916, 0.000705377198756, 0.000647858192679, 0.000335541000823, 0.000552269455511, 0.000274227233604, 0.000402235367801, 0.000296215293929, 0.00026688768412, 0.000235056169913, 0.000203407558729, 0.000183020441909, 0.000106600484287, 0.000123400343, 0.000104833576188, 7.93454310042e-05, 5.80472296861e-05, 4.76235545648e-05, 5.90593190282e-05, 4.633520075e-05, 2.48877677222e-05, 2.21712034545e-05],
        "mean": [0.00608900561929, 0.00174864253495, 0.000408362597227, 0.000299836974591, 0.000488356919959, 0.000519896449987, 0.000324743188685, 0.000211979728192, 0.000170630577486, 0.000169985549292, 0.000399117881898, 9.13898693398e-05, 6.64815743221e-05, 9.11951428861e-05, 5.02741022501e-05, 2.12449340324e-05, 5.0048565754e-05, 2.44052425842e-05, 3.37067940563e-05, 2.38551292568e-05, 1.23152694869e-05, 1.05393528429e-05, 8.24037488201e-06, 5.94524863118e-06, 7.67975507188e-06, 1.38443474498e-05, 1.11890576591e-05, 7.48924367144e-06, 8.42414101498e-06, 8.30489625514e-06, 5.39558004675e-06, 4.54535847894e-06, 2.65433732238e-06, 2.13904286284e-06, 2.064599812e-06, 2.02782257475e-06, 1.88770798104e-06, 1.40310987717e-06, 1.2278911754e-06, 1.06306208636e-06],
        "median": [1.3261352251e-05, 6.59750949126e-05, 0.000147447339259, 0.00012537992734, 0.000133435431053, 0.000117171352031, 6.92668108968e-05, 3.31381088472e-05, 2.64139162027e-05, 2.24063278438e-05, 2.85871283268e-05, 1.52413222168e-05, 1.05363387775e-05, 9.83751851891e-06, 7.91187721916e-06, 3.29691215484e-06, 6.29988107903e-06, 4.0664072003e-06, 4.34058756582e-06, 4.08995447287e-06, 2.45043065661e-06, 2.31678836826e-06, 1.74867545866e-06, 1.59282956247e-06, 2.00370323e-06, 3.24415736941e-06, 3.40438759849e-06, 2.94398410006e-06, 3.06732067656e-06, 2.619255838e-06, 1.73835110218e-06, 1.17048682569e-06, 4.39700784227e-07, 2.26956856864e-07, 3.05886032947e-07, 4.74729176858e-07, 5.2405397355e-07, 4.23613357725e-07, 2.97454135989e-07, 3.03832308646e-07],
        "min": [1.22695480894e-24, 2.07034237157e-24, 1.7481485037e-24, 2.07857078246e-24, 2.82987362555e-24, 3.51085898527e-24, 5.28193573118e-24, 2.92367431478e-24, 3.3692612138e-24, 5.36376940048e-24, 4.4850461941e-24, 2.40054396649e-24, 1.56728054611e-24, 1.59958568208e-24, 4.87373452818e-24, 5.02881787683e-24, 7.08870724976e-24, 6.28484181569e-24, 6.18377374537e-24, 6.10722623301e-24, 5.98291122067e-24, 5.80622886044e-24, 4.84989120732e-24, 5.42710073167e-24, 5.20693951378e-24, 7.16742531291e-24, 6.27190844115e-24, 4.3069214017e-24, 5.86293218231e-24, 6.75373797674e-24, 6.5081442777e-24, 6.1756737216e-24, 6.99594825136e-24, 7.59610573944e-24, 8.34300792197e-24, 7.93357885697e-24, 7.43848186425e-24, 7.21430573878e-24, 6.17786044403e-24, 6.33912964547e-24],
        "var": [0.000152352702571, 1.87074274436e-05, 5.26706514847e-07, 3.54739341901e-07, 1.27719340526e-06, 1.19272283428e-06, 3.88654854078e-07, 3.01960056959e-07, 1.94678122512e-07, 2.15252143221e-07, 8.62204046825e-07, 5.85019570565e-08, 4.32773497039e-08, 5.40161835261e-08, 1.12422551268e-08, 4.36787628288e-09, 1.83175412616e-08, 3.98704136373e-09, 6.44927666826e-09, 2.76798606258e-09, 1.12126474772e-09, 6.89232948492e-10, 3.83919646074e-10, 1.79323972338e-10, 2.87934842635e-10, 6.21684037583e-10, 2.98809338384e-10, 1.43408493414e-10, 1.86779577915e-10, 1.73538433623e-10, 8.08577718669e-11, 8.70097049965e-11, 3.93889781902e-11, 2.67195484488e-11, 2.0375590104e-11, 1.40531614123e-11, 1.56358363756e-11, 7.64060689717e-12, 4.70195844066e-12, 3.2301008656e-12]
    },
    "mfcc": {
        "mean": [-693.430236816, 101.071075439, 4.3690905571, 16.5282592773, -12.1792011261, -5.63234043121, -0.604469239712, -12.5940618515, -1.78447031975, -0.227449417114, -9.22277641296, -3.26861286163, -4.3409075737],
        "cov": [[12187.2373047, -1327.64282227, -465.982635498, -466.511016846, -179.596832275, 493.117523193, 610.835449219, 185.360855103, 366.683685303, 131.608398438, -117.384742737, 196.135162354, 168.639801025], [-1327.64282227, 2160.18603516, 544.71875, 499.300811768, 287.4034729, 107.81628418, 289.817260742, 81.0849685669, 168.922012329, 159.080291748, 136.796127319, 95.1495056152, 12.8734006882], [-465.982635498, 544.71875, 1929.78344727, 709.353271484, 649.356628418, 556.33795166, 320.851806641, 431.334533691, 227.664123535, 145.381393433, 277.941040039, 81.0188522339, 204.605239868], [-466.511016846, 499.300811768, 709.353271484, 725.112121582, 469.694458008, 339.184356689, 245.281951904, 273.23828125, 198.421112061, 101.342391968, 149.864196777, 64.1138916016, 93.9587249756], [-179.596832275, 287.4034729, 649.356628418, 469.694458008, 589.132751465, 414.472229004, 256.362731934, 328.076141357, 181.907730103, 133.927886963, 142.241210938, 94.5101394653, 124.289268494], [493.117523193, 107.81628418, 556.33795166, 339.184356689, 414.472229004, 698.863037109, 386.591064453, 396.919921875, 212.736022949, 132.292541504, 127.695854187, 40.3069076538, 102.804443359], [610.835449219, 289.817260742, 320.851806641, 245.281951904, 256.362731934, 386.591064453, 517.702880859, 187.038833618, 248.896057129, 119.13583374, 66.8719024658, 52.6994400024, 31.1756477356], [185.360855103, 81.0849685669, 431.334533691, 273.23828125, 328.076141357, 396.919921875, 187.038833618, 461.14352417, 155.466415405, 112.645095825, 117.735809326, 57.1763343811, 101.963043213], [366.683685303, 168.922012329, 227.664123535, 198.421112061, 181.907730103, 212.736022949, 248.896057129, 155.466415405, 247.222457886, 102.555397034, 72.0864028931, 37.4169082642, 31.6938228607], [131.608398438, 159.080291748, 145.381393433, 101.342391968, 133.927886963, 132.292541504, 119.13583374, 112.645095825, 102.555397034, 172.845962524, 73.3869094849, 57.7418136597, 40.4252243042], [-117.384742737, 136.796127319, 277.941040039, 149.864196777, 142.241210938, 127.695854187, 66.8719024658, 117.735809326, 72.0864028931, 73.3869094849, 199.042098999, 64.520690918, 74.8470153809], [196.135162354, 95.1495056152, 81.0188522339, 64.1138916016, 94.5101394653, 40.3069076538, 52.6994400024, 57.1763343811, 37.4169082642, 57.7418136597, 64.520690918, 144.330673218, 72.7815856934], [168.639801025, 12.8734006882, 204.605239868, 93.9587249756, 124.289268494, 102.804443359, 31.1756477356, 101.963043213, 31.6938228607, 40.4252243042, 74.8470153809, 72.7815856934, 156.350799561]],
