{
"lowlevel": {
    "average_loudness": 0.603877544403,
    "barkbands_crest": {
        "dmean": 4.15484285355,
        "dmean2": 7.01929664612,
        "dvar": 14.6512060165,
        "dvar2": 40.6887626648,
        "max": 26.4979953766,
        "mean": 15.0563783646,
        "median": 15.4654741287,
        "min": 2.05333542824,
        "var": 36.0504798889
    },
    "barkbands_flatness_db": {
        "dmean": 0.0401787273586,
        "dmean2": 0.0652401447296,
        "dvar": 0.00145271245856,
        "dvar2": 0.00353816477582,
        "max": 0.607256770134,
        "mean": 0.150681644678,
        "median": 0.12692026794,
        "min": 0.0138924187049,
        "var": 0.0104105258361
    },
    "barkbands_kurtosis": {
        "dmean": 14.5517969131,
        "dmean2": 24.0948390961,
        "dvar": 1589.37487793,
        "dvar2": 4104.91357422,
        "max": 705.92010498,
        "mean": 23.7160320282,
        "median": 3.73783349991,
        "min": -1.92172908783,
        "var": 4102.64990234
    },
    "barkbands_skewness": {
        "dmean": 1.23967385292,
        "dmean2": 2.02102589607,
        "dvar": 2.29794502258,
        "dvar2": 5.57373476028,
        "max": 24.1098747253,
        "mean": 2.93743443489,
        "median": 2.05569958687,
        "min": -10.4275665283,
        "var": 9.36977005005
    },
    "barkbands_spread": {
        "dmean": 13.6107721329,
        "dmean2": 22.7267150879,
        "dvar": 210.44418335,
        "dvar2": 536.18572998,
        "max": 133.462905884,
        "mean": 34.2527770996,
        "median": 30.2369480133,
        "min": 0.0928833857179,
        "var": 644.059143066
    },
    "dissonance": {
        "dmean": 0.0128431422636,
        "dmean2": 0.0220791008323,
        "dvar": 0.000279345695162,
        "dvar2": 0.000787905009929,
        "max": 0.500000119209,
        "mean": 0.479060411453,
        "median": 0.484134227037,
        "min": 0.248667299747,
        "var": 0.000381318881409
    },
    "dynamic_complexity": 2.17022323608,
    "erbbands_crest": {
        "dmean": 1.68532264233,
        "dmean2": 2.71222567558,
        "dvar": 3.37704586983,
        "dvar2": 7.87967014313,
        "max": 24.4195327759,
        "mean": 6.61847305298,
        "median": 5.35834693909,
        "min": 1.99412119389,
        "var": 13.7580661774
    },
    "erbbands_flatness_db": {
        "dmean": 0.0124622015283,
        "dmean2": 0.0194091070443,
        "dvar": 0.000187273122719,
        "dvar2": 0.000390148285078,
        "max": 0.567140817642,
        "mean": 0.106092885137,
        "median": 0.0810653269291,
        "min": 0.031202558428,
        "var": 0.00448806583881
    },
    "erbbands_kurtosis": {
        "dmean": 0.639612436295,
        "dmean2": 1.03143882751,
        "dvar": 1.36628389359,
        "dvar2": 3.44651770592,
        "max": 32.6196746826,
        "mean": 0.0552401058376,
        "median": -0.391555786133,
        "min": -1.82034540176,
        "var": 3.44044923782
    },
    "erbbands_skewness": {
        "dmean": 0.313306301832,
        "dmean2": 0.481231987476,
        "dvar": 0.11569006741,
        "dvar2": 0.252344876528,
        "max": 4.90525722504,
        "mean": 0.0511629283428,
        "median": 0.0458508767188,
        "min": -4.84425115585,
        "var": 0.571430206299
    },
    "erbbands_spread": {
        "dmean": 10.6756916046,
        "dmean2": 17.3987236023,
        "dvar": 129.963500977,
        "dvar2": 329.342315674,
        "max": 204.348098755,
        "mean": 56.2665672302,
        "median": 55.508934021,
        "min": 0.566693425179,
        "var": 390.100494385
    },
    "hfc": {
        "dmean": 24.1483821869,
        "dmean2": 40.0276222229,
        "dvar": 1137.1940918,
        "dvar2": 3085.08886719,
        "max": 339.353546143,
        "mean": 64.4929885864,
        "median": 45.3110733032,
        "min": 1.207369101e-16,
        "var": 3189.90454102
    },
    "melbands_crest": {
        "dmean": 5.30193805695,
        "dmean2": 8.76438522339,
        "dvar": 22.2862796783,
        "dvar2": 55.743686676,
        "max": 37.7551956177,
        "mean": 23.4915828705,
        "median": 24.5335655212,
        "min": 1.55967855453,
        "var": 68.7913208008
    },
    "melbands_flatness_db": {
        "dmean": 0.0490114204586,
        "dmean2": 0.0804677456617,
        "dvar": 0.00199549365789,
        "dvar2": 0.0050718090497,
        "max": 0.738822162151,
        "mean": 0.234855502844,
        "median": 0.208698034286,
        "min": 0.00378694618121,
        "var": 0.0137418201193
    },
    "melbands_kurtosis": {
        "dmean": 36.4857978821,
        "dmean2": 59.9368247986,
        "dvar": 5105.00439453,
        "dvar2": 13187.7783203,
        "max": 2478.54638672,
        "mean": 59.2126159668,
        "median": 24.5874938965,
        "min": -1.4697240591,
        "var": 11705.8095703
    },
    "melbands_skewness": {
        "dmean": 1.9225795269,
        "dmean2": 3.13227653503,
        "dvar": 3.68651342392,
        "dvar2": 9.71127128601,
        "max": 40.9146232605,
        "mean": 5.33145046234,
        "median": 4.49304771423,
        "min": -7.84970474243,
        "var": 12.6186628342
    },
    "melbands_spread": {
        "dmean": 11.5825977325,
        "dmean2": 20.0299720764,
        "dvar": 196.087341309,
        "dvar2": 533.066833496,
        "max": 185.181243896,
        "mean": 20.468788147,
        "median": 15.6786699295,
        "min": 0.114821694791,
        "var": 387.715698242
    },
    "pitch_salience": {
        "dmean": 0.120059281588,
        "dmean2": 0.196607157588,
        "dvar": 0.0112911257893,
        "dvar2": 0.0283834580332,
        "max": 0.902146995068,
        "mean": 0.389848053455,
        "median": 0.39359459281,
        "min": 0.0188056491315,
        "var": 0.0320700109005
    },
    "silence_rate_20dB": {
        "dmean": 0.000171350242454,
        "dmean2": 0.000342729850672,
        "dvar": 0.000171310108271,
        "dvar2": 0.000342569313943,
        "max": 1,
        "mean": 0.999657332897,
        "median": 1,
        "min": 0,
        "var": 0.000342510611517
    },
    "silence_rate_30dB": {
        "dmean": 0.224982857704,
        "dmean2": 0.450004279613,
        "dvar": 0.174385815859,
        "dvar2": 0.400003761053,
        "max": 1,
        "mean": 0.732031166553,
        "median": 1,
        "min": 0,
        "var": 0.196151271462
    },
    "silence_rate_60dB": {
        "dmean": 0.00394105538726,
        "dmean2": 0.00788278598338,
        "dvar": 0.00392525782809,
        "dvar2": 0.00867640320212,
        "max": 1,
        "mean": 0.0334961004555,
        "median": 0,
        "min": 0,
        "var": 0.0323811434209
    },
    "spectral_centroid": {
        "dmean": 352.587982178,
        "dmean2": 531.192138672,
        "dvar": 148819.421875,
        "dvar2": 292393.5,
        "max": 11373.859375,
        "mean": 1780.81030273,
        "median": 1764.59692383,
        "min": 93.189666748,
        "var": 769020.9375
    },
    "spectral_complexity": {
        "dmean": 4.89719009399,
        "dmean2": 7.91054773331,
        "dvar": 27.7137451172,
        "dvar2": 62.4106864929,
        "max": 59,
        "mean": 24.9777259827,
        "median": 25,
        "min": 0,
        "var": 145.032974243
    },
    "spectral_decrease": {
        "dmean": 9.86025305849e-09,
        "dmean2": 1.71859149134e-08,
        "dvar": 9.26393912537e-17,
        "dvar2": 2.77198546481e-16,
        "max": 1.83519469433e-18,
        "mean": -2.04589589714e-08,
        "median": -1.876960809e-08,
        "min": -9.35311916805e-08,
        "var": 1.91963937104e-16
    },
    "spectral_energy": {
        "dmean": 0.0377895459533,
        "dmean2": 0.0660905018449,
        "dvar": 0.00134209077805,
        "dvar2": 0.00403560791165,
        "max": 0.354736506939,
        "mean": 0.0830668658018,
        "median": 0.0787918716669,
        "min": 1.06365418212e-20,
        "var": 0.00276941293851
    },
    "spectral_energyband_high": {
        "dmean": 0.00202554021962,
        "dmean2": 0.00324536534026,
        "dvar": 7.9505280155e-06,
        "dvar2": 1.97462140932e-05,
        "max": 0.0313768312335,
        "mean": 0.00513674598187,
        "median": 0.00294791650958,
        "min": 7.98388668784e-21,
        "var": 2.85255846393e-05
    },
    "spectral_energyband_low": {
        "dmean": 0.0361633636057,
        "dmean2": 0.062363602221,
        "dvar": 0.0013292444637,
        "dvar2": 0.00394399650395,
        "max": 0.351734638214,
        "mean": 0.0630213543773,
        "median": 0.0517680831254,
        "min": 1.45896069443e-23,
        "var": 0.00291776238009
    },
    "spectral_energyband_middle_high": {
        "dmean": 0.00349408132024,
        "dmean2": 0.00627298653126,
        "dvar": 4.92129038321e-05,
        "dvar2": 0.000138714749482,
        "max": 0.067109644413,
        "mean": 0.00625974778086,
        "median": 0.00420513004065,
        "min": 1.3218919722e-21,
        "var": 4.73944564874e-05
    },
    "spectral_energyband_middle_low": {
        "dmean": 0.00531276036054,
        "dmean2": 0.00847786292434,
        "dvar": 6.62551028654e-05,
        "dvar2": 0.000151602842379,
        "max": 0.074318908155,
        "mean": 0.00962913036346,
        "median": 0.00620953645557,
        "min": 3.43103930943e-22,
        "var": 9.5316034276e-05
    },
    "spectral_entropy": {
        "dmean": 0.158669397235,
        "dmean2": 0.247545734048,
        "dvar": 0.0406225919724,
        "dvar2": 0.092750646174,
        "max": 9.79270935059,
        "mean": 7.95635032654,
        "median": 8.15555095673,
        "min": 4.62814474106,
        "var": 0.451009958982
    },
    "spectral_flux": {
        "dmean": 0.0473391711712,
        "dmean2": 0.0788957700133,
        "dvar": 0.00212477799505,
        "dvar2": 0.00564362108707,
        "max": 0.442367374897,
        "mean": 0.144536748528,
        "median": 0.144066914916,
        "min": 1.03133612761e-10,
        "var": 0.00577033543959
    },
    "spectral_kurtosis": {
        "dmean": 1.69573414326,
        "dmean2": 2.82438349724,
        "dvar": 25.7429027557,
        "dvar2": 69.1254882812,
        "max": 197.588653564,
        "mean": 4.17183160782,
        "median": 1.80894851685,
        "min": -1.1959887743,
        "var": 134.416244507
    },
    "spectral_rms": {
        "dmean": 0.00203704880551,
        "dmean2": 0.00356977153569,
        "dvar": 3.38272116096e-06,
        "dvar2": 1.01690675365e-05,
        "max": 0.0186033435166,
        "mean": 0.00845088064671,
        "median": 0.00876756105572,
        "min": 3.22135287195e-12,
        "var": 9.62354442891e-06
    },
    "spectral_rolloff": {
        "dmean": 1535.70751953,
        "dmean2": 2734.29272461,
        "dvar": 5113619.5,
        "dvar2": 13835865,
        "max": 18992.2851562,
        "mean": 1851.37072754,
        "median": 753.662109375,
        "min": 43.06640625,
        "var": 7201999
    },
    "spectral_skewness": {
        "dmean": 0.224792048335,
        "dmean2": 0.354696929455,
        "dvar": 0.112185224891,
        "dvar2": 0.301858484745,
        "max": 10.4705524445,
        "mean": 1.41765022278,
        "median": 1.25145876408,
        "min": -0.00729063432664,
        "var": 0.726635932922
    },
    "spectral_spread": {
        "dmean": 699532.4375,
        "dmean2": 1070404.25,
        "dvar": 796719316992,
        "dvar2": 1.57342289101e+12,
        "max": 40853644,
        "mean": 6956702,
        "median": 7244928.5,
        "min": 411505.5,
        "var": 6.66105754419e+12
    },
    "spectral_strongpeak": {
        "dmean": 0.262705385685,
        "dmean2": 0.455889254808,
        "dvar": 0.139321655035,
        "dvar2": 0.39724868536,
        "max": 8.62590789795,
        "mean": 0.562862634659,
        "median": 0.490522056818,
        "min": 0,
        "var": 0.167374894023
    },
    "zerocrossingrate": {
        "dmean": 0.018971350044,
        "dmean2": 0.0262413416058,
        "dvar": 0.000379341188818,
        "dvar2": 0.000693602545653,
        "max": 0.74365234375,
        "mean": 0.0816666632891,
        "median": 0.0703125,
        "min": 0.001953125,
        "var": 0.00413759052753
    },
    "barkbands": {
        "dmean": [0.00526299001649, 0.0330538786948, 0.00279671046883, 0.00211527594365, 0.00210931734182, 0.00078573304927, 0.000744504446629, 0.000720938958693, 0.00094753614394, 0.000544183771126, 0.000597069330979, 0.000713565095793, 0.000464186538011, 0.00049382756697, 0.000632897135802, 0.000389119290048, 0.000265872251475, 0.000240407796809, 0.000201382892556, 0.000245802715654, 0.000258071959252, 0.000251199962804, 0.000362683524145, 0.000489375786856, 0.000485276425024, 0.000382577825803, 0.000167813734151],
        "dmean2": [0.00875466410071, 0.0574930980802, 0.00474585779011, 0.00362342013977, 0.00371161731891, 0.00131577521097, 0.00119755335618, 0.00125445961021, 0.00167304708157, 0.000912493676879, 0.00107801309787, 0.00123350007925, 0.000822615053039, 0.000844866968691, 0.0011508683674, 0.000675792689435, 0.00045596860582, 0.00041868921835, 0.000332086725393, 0.000413559260778, 0.000433480017819, 0.000410238426412, 0.000579041137826, 0.000770377810113, 0.000777550099883, 0.00062159425579, 0.000277379032923],
        "dvar": [4.30209038313e-05, 0.0011158103589, 2.82530072582e-05, 1.40820084198e-05, 1.5351395632e-05, 2.34840717894e-06, 2.49503636951e-06, 2.31100511883e-06, 4.93775996802e-06, 1.44980913319e-06, 2.08158007808e-06, 1.71290173512e-06, 7.22015272459e-07, 7.29703060642e-07, 2.00275167117e-06, 5.55266069568e-07, 2.5109770263e-07, 1.67692107311e-07, 1.12911173744e-07, 1.74287663413e-07, 1.96856120738e-07, 1.36763603109e-07, 2.95775976156e-07, 5.43891758298e-07, 4.87863133003e-07, 3.08136549165e-07, 1.35555808356e-07],
        "dvar2": [0.000115226153866, 0.00333674042486, 7.47703088564e-05, 3.73939947167e-05, 4.13600791944e-05, 6.04301158091e-06, 6.12855819782e-06, 6.23605183137e-06, 1.38497607622e-05, 3.52238726009e-06, 5.82567554375e-06, 4.60758428744e-06, 1.99728901862e-06, 1.89935792605e-06, 5.67948973185e-06, 1.49300092289e-06, 6.32818739632e-07, 4.35920895825e-07, 2.73465701639e-07, 4.40294684267e-07, 5.41379449714e-07, 3.37425603902e-07, 7.34713921702e-07, 1.18250648029e-06, 1.22747042042e-06, 7.81620485668e-07, 3.59227101399e-07],
        "max": [0.0781974866986, 0.297019273043, 0.0598885715008, 0.0456317253411, 0.0425804965198, 0.0343217328191, 0.0485450588167, 0.0263191144913, 0.0243594627827, 0.0227052625269, 0.0347045250237, 0.0184825919569, 0.0124061824754, 0.012019735761, 0.0136345587671, 0.0131261898205, 0.0102593908086, 0.00800130143762, 0.00699337013066, 0.00940905977041, 0.00511889159679, 0.00531776621938, 0.0116912275553, 0.00871461723, 0.0107596497983, 0.00663044350222, 0.00899285729975],
        "mean": [0.00641663977876, 0.0524403192103, 0.00326189002953, 0.00243546301499, 0.0023778185714, 0.00112954725046, 0.00136496080086, 0.000948688481003, 0.00124535022769, 0.000716452777851, 0.000588311697356, 0.000955286668614, 0.000597234175075, 0.000746813369915, 0.000698320916854, 0.000585465051699, 0.000408374267863, 0.000376683921786, 0.000397551921196, 0.000466407102067, 0.000442645250587, 0.000510829675477, 0.000801448593847, 0.00109467445873, 0.00108054792508, 0.000742923468351, 0.000236178471823],
        "median": [0.0037229876034, 0.0407442823052, 0.00130429596175, 0.000880021252669, 0.00114367110655, 0.000576817372348, 0.000370191090042, 0.000415844726376, 0.000509025354404, 0.000289342278847, 0.000208775338251, 0.000413283414673, 0.00032585952431, 0.00029561528936, 0.000289811490802, 0.000258797954302, 0.000203110903385, 0.00024813725031, 0.00025301752612, 0.000277145387372, 0.000271729571978, 0.000289641844574, 0.000425493228249, 0.000532538921107, 0.000575546524487, 0.000413029367337, 6.02190048085e-05],
        "min": [3.52882489796e-24, 4.05097784758e-24, 9.76689179792e-25, 1.42190316454e-23, 5.30086003098e-23, 4.60426271951e-23, 4.2080582765e-23, 9.06562612595e-23, 7.56271357287e-23, 4.26780565483e-23, 6.93313441292e-23, 1.29393547378e-22, 4.47000648205e-23, 9.03612525245e-23, 9.01922911403e-23, 1.70854309508e-22, 6.39565571029e-23, 2.83526353346e-22, 1.66613140847e-22, 3.28412336905e-22, 4.93744127828e-22, 5.03967462237e-22, 5.86535324376e-22, 8.44104998497e-22, 1.38064158664e-21, 1.83062400285e-21, 2.45330561547e-21],
        "var": [6.02132204222e-05, 0.00245247525163, 2.68603835138e-05, 1.51461536007e-05, 1.27177763716e-05, 3.02536727759e-06, 8.75216846907e-06, 2.57709461948e-06, 4.65381617687e-06, 2.16438297684e-06, 1.59237458774e-06, 2.14113629227e-06, 7.1279811209e-07, 1.29839497731e-06, 1.63465949754e-06, 8.61964110754e-07, 5.08076141159e-07, 2.91583290846e-07, 3.0944661944e-07, 4.5277053573e-07, 2.86784796799e-07, 3.91272237721e-07, 1.1202399719e-06, 1.84104192158e-06, 1.72472402937e-06, 7.49614457618e-07, 1.68351377283e-07]
    },
    "erbbands": {
        "dmean": [1.74546921253, 4.60666799545, 3.02020764351, 5.81914710999, 6.38824701309, 7.22635412216, 6.02041339874, 7.1993021965, 11.1189746857, 10.8249435425, 17.9048023224, 20.7752475739, 18.6585102081, 15.5143718719, 27.4848613739, 24.4796981812, 22.3102035522, 22.5464839935, 27.0902767181, 25.1435146332, 21.9670124054, 16.5742301941, 12.9533281326, 11.5811414719, 9.583111763, 11.1733446121, 10.0909690857, 9.91617393494, 9.03649806976, 9.79496192932, 10.9943304062, 10.3493566513, 8.46697330475, 6.12554073334, 3.34393715858, 1.66723251343, 0.73894327879, 0.234838679433, 0.0285008382052, 0.000399903976358],
        "dmean2": [3.00445270538, 7.98964452744, 4.8674659729, 9.91478633881, 10.8498077393, 12.9722499847, 10.4230203629, 11.891749382, 17.7597980499, 17.7208976746, 31.2929534912, 37.3607788086, 31.8752803802, 26.7331161499, 49.7684822083, 42.8319396973, 39.5472755432, 39.8187217712, 48.1157073975, 45.0121078491, 38.5130729675, 28.2436962128, 22.3654842377, 19.6834526062, 15.6319160461, 19.1360797882, 17.0449676514, 16.5117263794, 14.8329429626, 15.654671669, 17.4361286163, 16.5320072174, 13.4125061035, 9.90813732147, 5.37410593033, 2.7055003643, 1.2101995945, 0.379898697138, 0.0474555380642, 0.000663522863761],
        "dvar": [3.61117053032, 24.9081058502, 22.8561115265, 109.597518921, 113.725563049, 248.45904541, 163.646102905, 218.610656738, 538.568115234, 632.90838623, 1524.2253418, 2841.01806641, 1426.00415039, 943.878967285, 3692.20947266, 2096.2578125, 1761.52160645, 1660.72192383, 2850.70654297, 2459.59594727, 1921.37316895, 1007.5244751, 508.617584229, 407.548461914, 232.950561523, 399.775817871, 273.285247803, 260.289031982, 182.570709229, 198.660644531, 288.58291626, 251.397140503, 164.2631073, 80.1564407349, 24.0453872681, 5.54998254776, 1.23905360699, 0.161388024688, 0.00441858172417, 6.98171277236e-07],
        "dvar2": [10.150144577, 74.6675033569, 57.3294830322, 288.833526611, 295.676574707, 677.784667969, 454.646606445, 545.094787598, 1283.04748535, 1405.11022949, 4213.27587891, 8018.71630859, 3761.95825195, 2549.28027344, 10370.3935547, 5712.61816406, 4872.60986328, 4640.73583984, 7905.14892578, 6886.82861328, 5256.10888672, 2474.54125977, 1260.28381348, 1073.65551758, 559.200866699, 1094.14990234, 737.606872559, 692.759460449, 449.161224365, 492.642700195, 707.042480469, 565.37121582, 380.717498779, 201.660873413, 59.5723304749, 14.1571130753, 3.15992569923, 0.403412103653, 0.0118450094014, 1.86415843473e-06],
        "max": [16.6801433563, 58.3069763184, 59.6945495605, 117.165168762, 182.707748413, 161.660293579, 181.750900269, 386.001434326, 551.769226074, 634.16998291, 654.201843262, 700.314147949, 531.269592285, 411.762207031, 1074.31518555, 640.879882812, 539.549987793, 441.572723389, 582.062255859, 468.78302002, 564.062438965, 704.62701416, 537.740966797, 323.41305542, 444.173339844, 347.686065674, 299.04006958, 218.834243774, 200.583633423, 240.054840088, 368.753173828, 236.664596558, 159.601409912, 117.325759888, 117.742538452, 44.6149749756, 14.1094226837, 8.1869134903, 1.56316268444, 0.0191830545664],
        "mean": [2.465498209, 7.90590953827, 4.88555622101, 6.96315860748, 7.82620573044, 7.03859615326, 7.87106800079, 11.0636587143, 19.5965175629, 16.9332714081, 24.613571167, 24.8385562897, 26.3951702118, 20.6908111572, 29.3073673248, 32.5059204102, 29.4769363403, 31.2697219849, 38.3130607605, 33.5632896423, 32.8122787476, 26.9918689728, 21.4595336914, 21.2661972046, 20.4517536163, 19.8878040314, 17.8325748444, 17.1326580048, 17.3620491028, 21.3777542114, 23.8663654327, 22.1720523834, 18.389667511, 13.1301546097, 6.99448728561, 3.2335922718, 1.35038638115, 0.399505466223, 0.0391941145062, 0.000677150383126],
        "median": [1.690122962, 6.07532978058, 2.74800419807, 2.6121711731, 3.45134472847, 3.05809807777, 3.89399147034, 5.31517601013, 6.73083114624, 6.15673494339, 11.3668804169, 9.89541339874, 12.4275884628, 9.88901042938, 13.0827083588, 15.4074516296, 15.3869075775, 16.0330371857, 16.246213913, 16.9820327759, 14.7164115906, 13.3107290268, 14.0037031174, 13.9770507812, 13.3588142395, 12.2738542557, 11.4037637711, 10.2119989395, 10.1764001846, 11.5330638885, 12.1259469986, 10.6417970657, 8.94148159027, 6.89605712891, 3.66039228439, 1.82165837288, 0.719040453434, 0.176096379757, 0.00985865294933, 0.000308235321427],
        "min": [1.79755071278e-22, 8.01587995791e-22, 1.82917845626e-21, 2.44126718912e-20, 5.62113493317e-20, 2.8304523069e-19, 1.60274269919e-19, 5.56926437566e-19, 7.99987101614e-19, 8.99066019904e-19, 1.71020398146e-18, 1.44274019688e-18, 1.92778122709e-18, 1.55520356956e-18, 4.0992560665e-18, 4.84109645525e-18, 2.73816862564e-18, 3.92192963627e-18, 4.65752894731e-18, 6.44184934563e-18, 9.03768851879e-18, 4.80314458157e-18, 1.48578330519e-17, 9.3714070923e-18, 1.29158503745e-17, 1.35611811196e-17, 1.62821636205e-17, 2.02105254132e-17, 1.80319004246e-17, 1.82199003798e-17, 1.78519009602e-17, 1.50468967615e-17, 1.58758988257e-17, 1.26418865013e-17, 1.15872006146e-17, 5.93755703083e-18, 3.49065462209e-18, 1.50653815598e-18, 3.04028967524e-19, 3.69688373812e-20],
        "var": [6.78578710556, 61.5724067688, 36.0448265076, 120.89654541, 135.336593628, 172.162734985, 148.778945923, 322.758178711, 1392.49975586, 1708.13037109, 1568.7364502, 2373.4621582, 1791.25927734, 1034.69348145, 2787.29443359, 2368.3684082, 1747.06396484, 1754.21386719, 3253.53930664, 2429.99462891, 2668.43432617, 2302.84375, 1116.71789551, 783.688415527, 771.944152832, 656.137268066, 467.799224854, 420.164733887, 432.703552246, 724.839538574, 1045.57617188, 796.769226074, 535.633239746, 265.288787842, 75.8644714355, 14.1816692352, 2.66107034683, 0.309949725866, 0.00497495802119, 8.9700023409e-07]
    },
    "gfcc": {
        "mean": [45.8515853882, 57.4350280762, -85.5875930786, 35.5519218445, -41.1362457275, 29.6119308472, -24.5719547272, 15.573551178, -10.7783403397, 8.39101028442, -9.20614433289, 3.32181668282, -9.13245582581],
        "cov": [[16908.9238281, -3598.48486328, 1592.8848877, 71.2869873047, -425.297515869, 798.592346191, -690.079223633, 799.479614258, -719.692932129, 741.093994141, -344.300140381, 744.587890625, -347.167236328], [-3598.48486328, 3510.74023438, -1163.34851074, 312.765441895, -82.3883972168, -577.422424316, 367.177520752, -669.428955078, 427.773040771, -699.294677734, 176.219726562, -558.014465332, 166.696884155], [1592.8848877, -1163.34851074, 1354.24645996, -182.023666382, 508.232269287, 400.603149414, -80.4872055054, 385.419342041, -207.294296265, 383.720733643, -31.3118972778, 330.414093018, -64.8098754883], [71.2869873047, 312.765441895, -182.023666382, 465.861022949, -246.251907349, -55.5872001648, 65.8324279785, -98.4024047852, 73.9465789795, -157.292755127, 32.7226371765, -94.3693466187, 18.6478595734], [-425.297515869, -82.3883972168, 508.232269287, -246.251907349, 581.888366699, 188.075119019, 36.5565681458, 129.968765259, -45.1141586304, 171.860671997, 8.75832080841, 117.603118896, 5.20145750046], [798.592346191, -577.422424316, 400.603149414, -55.5872001648, 188.075119019, 258.631988525, -32.5328483582, 177.545425415, -77.8848724365, 179.599319458, -13.8595533371, 140.887451172, -27.4584369659], [-690.079223633, 367.177520752, -80.4872055054, 65.8324279785, 36.5565681458, -32.5328483582, 158.828598022, -26.9374027252, 94.8946228027, -62.7638893127, 44.6263580322, -52.6524734497, 36.0806388855], [799.479614258, -669.428955078, 385.419342041, -98.4024047852, 129.968765259, 177.545425415, -26.9374027252, 267.810028076, -64.3428878784, 214.108200073, -12.4304065704, 158.625274658, -21.0309715271], [-719.692932129, 427.773040771, -207.294296265, 73.9465789795, -45.1141586304, -77.8848724365, 94.8946228027, -64.3428878784, 160.811569214, -75.4727783203, 53.7425079346, -82.9260177612, 42.5940856934], [741.093994141, -699.294677734, 383.720733643, -157.292755127, 171.860671997, 179.599319458, -62.7638893127, 214.108200073, -75.4727783203, 276.181732178, -7.13734769821, 159.503143311, -31.3548870087], [-344.300140381, 176.219726562, -31.3118972778, 32.7226371765, 8.75832080841, -13.8595533371, 44.6263580322, -12.4304065704, 53.7425079346, -7.13734769821, 91.7651672363, -0.199541404843, 19.1049404144], [744.587890625, -558.014465332, 330.414093018, -94.3693466187, 117.603118896, 140.887451172, -52.6524734497, 158.625274658, -82.9260177612, 159.503143311, -0.199541404843, 188.194076538, -8.0619802475], [-347.167236328, 166.696884155, -64.8098754883, 18.6478595734, 5.20145750046, -27.4584369659, 36.0806388855, -21.0309715271, 42.5940856934, -31.3548870087, 19.1049404144, -8.0619802475, 71.5622787476]],
        "icov": [[0.000113981186587, -8.88352369657e-05, -7.00248638168e-05, -5.94062439632e-05, 0.000298758852296, -0.000244514492806, 0.000197261251742, -9.75835864665e-05, 0.000104257916973, -0.000120967422845, 0.000300639338093, -0.000328528607497, 0.000235949075432], [-8.88352369657e-05, 0.00142634974327, 0.000218453627895, -8.81141531863e-05, -0.00143024709541, 0.00111099286005, -0.000626047723927, 0.000805007526651, -0.000741216936149, 0.00164859439246, -0.00153806852177, 0.00160610559396, -0.000695168040693], [-7.00248638168e-05, 0.000218453627895, 0.00235745706595, -0.000793544342741, -0.00184862723108, -0.000157511996804, -3.1166804547e-05, -0.00104903848842, 0.000855985854287, -1.87934747373e-05, -0.000219554975047, -0.00104072457179, 0.000698221905623], [-5.94062439632e-05, -8.81141531863e-05, -0.000793544342741, 0.00418354291469, 0.00229116412811, -0.00224961084314, -0.00120467122179, 0.000463459058665, -0.000518172746524, 0.00197657407261, -0.00114623422269, 0.00105997396167, -0.000578020932153], [0.000298758852296, -0.00143024709541, -0.00184862723108, 0.00229116412811, 0.0063667059876, -0.00376059534028, -0.0015272537712, 0.00113811402116, 0.000906049797777, -0.0023699530866, 0.00150779052638, -0.00118606467731, -0.000405299186241], [-0.000244514492806, 0.00111099286005, -0.000157511996804, -0.00224961084314, -0.00376059534028, 0.0122781442478, -0.000739199458621, -0.00176148628816, 0.000254091690294, -0.00144019338768, -0.000384941668017, -0.000789833778981, 0.000740427116398], [0.000197261251742, -0.000626047723927, -3.1166804547e-05, -0.00120467122179, -0.0015272537712, -0.000739199458621, 0.0135715827346, -0.0042769247666, -0.00472009880468, 0.00305740139447, -0.00159599166363, 0.00101298908703, -0.000881949439645], [-9.75835864665e-05, 0.000805007526651, -0.00104903848842, 0.000463459058665, 0.00113811402116, -0.00176148628816, -0.0042769247666, 0.0146705284715, -0.00146020855755, -0.00632405886427, 0.00170720671304, -0.00340842874721, -0.000451734929811], [0.000104257916973, -0.000741216936149, 0.000855985854287, -0.000518172746524, 0.000906049797777, 0.000254091690294, -0.00472009880468, -0.00146020855755, 0.0157499406487, -0.00285116443411, -0.00428241398185, 0.00396539131179, -0.00390871660784], [-0.000120967422845, 0.00164859439246, -1.87934747373e-05, 0.00197657407261, -0.0023699530866, -0.00144019338768, 0.00305740139447, -0.00632405886427, -0.00285116443411, 0.0166493654251, -0.00397041160613, -0.000180320581421, 0.00129204592668], [0.000300639338093, -0.00153806852177, -0.000219554975047, -0.00114623422269, 0.00150779052638, -0.000384941668017, -0.00159599166363, 0.00170720671304, -0.00428241398185, -0.00397041160613, 0.0180083084852, -0.0069211605005, 0.00141209352296], [-0.000328528607497, 0.00160610559396, -0.00104072457179, 0.00105997396167, -0.00118606467731, -0.000789833778981, 0.00101298908703, -0.00340842874721, 0.00396539131179, -0.000180320581421, -0.0069211605005, 0.0198316015303, -0.00664035091177], [0.000235949075432, -0.000695168040693, 0.000698221905623, -0.000578020932153, -0.000405299186241, 0.000740427116398, -0.000881949439645, -0.000451734929811, -0.00390871660784, 0.00129204592668, 0.00141209352296, -0.00664035091177, 0.0199137665331]]
    },
    "melbands": {
        "dmean": [0.0117169404402, 0.00257463636808, 0.000984545680694, 0.000485092081362, 0.00023502887052, 0.000161104821018, 0.000163489967235, 0.000128712432343, 0.0001518457575, 0.000132281973492, 9.54374627327e-05, 6.42660161247e-05, 9.06149725779e-05, 8.05804156698e-05, 6.08556729276e-05, 4.87773286295e-05, 4.31700027548e-05, 4.16733892052e-05, 5.62197019462e-05, 2.33854989347e-05, 2.57931060332e-05, 1.91071303561e-05, 1.17016306831e-05, 1.15629190987e-05, 9.89998170553e-06, 8.22127276479e-06, 8.38675987325e-06, 7.9884985098e-06, 6.36866525383e-06, 7.19937543181e-06, 5.75513604417e-06, 5.11294319949e-06, 5.66446306038e-06, 6.01656347499e-06, 6.88189038556e-06, 6.78740161675e-06, 6.77834941598e-06, 6.28384987067e-06, 6.42599934508e-06, 5.20816502103e-06],
        "dmean2": [0.0202922075987, 0.00431064004079, 0.001665320131, 0.000845234841108, 0.000409988395404, 0.000265504640993, 0.00026172483922, 0.000212514816667, 0.00026637033443, 0.00023603925365, 0.000162097465363, 0.000109088236059, 0.000164817538462, 0.00014159535931, 0.000104285711132, 8.60099753481e-05, 7.60827897466e-05, 7.20839307178e-05, 0.000101790974441, 3.9957507397e-05, 4.55073422927e-05, 3.22497835441e-05, 2.0238567231e-05, 2.02617266041e-05, 1.67462858371e-05, 1.36890266731e-05, 1.39322255563e-05, 1.37664401336e-05, 1.05784429252e-05, 1.24327625599e-05, 9.59665521805e-06, 8.369979696e-06, 9.29835550778e-06, 9.75786679192e-06, 1.09925958895e-05, 1.08710692075e-05, 1.09736092782e-05, 1.00789657154e-05, 1.038064147e-05, 8.51258027978e-06],
        "dvar": [0.000147455808474, 8.77200182003e-06, 2.87986586045e-06, 8.46685111355e-07, 2.38910956796e-07, 1.02285504511e-07, 1.13719387684e-07, 7.28436333475e-08, 1.14290003239e-07, 1.1173644765e-07, 3.73843427326e-08, 1.60755959655e-08, 4.74280916762e-08, 2.51344189905e-08, 1.54476147429e-08, 8.58514681568e-09, 6.02809402395e-09, 5.84622439348e-09, 1.57529793654e-08, 1.82563353324e-09, 2.83953682789e-09, 1.48617262941e-09, 4.33291791335e-10, 3.84331677594e-10, 3.03029462634e-10, 1.60804952687e-10, 2.60896831916e-10, 2.4066121318e-10, 1.0167507114e-10, 2.33819213991e-10, 7.21010820492e-11, 5.76089211057e-11, 7.07577746395e-11, 7.71737673766e-11, 1.18834400653e-10, 9.93200660604e-11, 1.18513573955e-10, 9.0780750972e-11, 1.08031937562e-10, 5.60445440057e-11],
        "dvar2": [0.00042855477659, 2.38287957472e-05, 7.46129671825e-06, 2.25274516197e-06, 6.62658408146e-07, 2.56708887036e-07, 2.77275319149e-07, 1.69497937463e-07, 3.15968492259e-07, 3.1395404676e-07, 9.67958158071e-08, 4.19435863819e-08, 1.32850544787e-07, 6.84335859091e-08, 4.02138624622e-08, 2.33455690335e-08, 1.67907998616e-08, 1.51887835642e-08, 4.43331842348e-08, 4.57694016021e-09, 7.78276021407e-09, 3.50838003094e-09, 1.11212727916e-09, 1.04778818955e-09, 7.80581432824e-10, 4.06573247291e-10, 5.80682002482e-10, 6.36833863421e-10, 2.44160081042e-10, 6.64717281218e-10, 1.85712764611e-10, 1.4097277512e-10, 1.82674958493e-10, 1.98212238289e-10, 3.02421782061e-10, 2.44771730662e-10, 2.72447703287e-10, 2.17720494411e-10, 2.66507149682e-10, 1.44901840526e-10],
        "max": [0.109178885818, 0.0474734157324, 0.0178361944854, 0.0107326274738, 0.00657641934231, 0.00789517723024, 0.00918684434146, 0.00584198627621, 0.00584687199444, 0.00457780389115, 0.00298414006829, 0.00198024674319, 0.00511945551261, 0.00255458219908, 0.00267866789363, 0.00168024934828, 0.000839516753331, 0.00113781017717, 0.00133966794237, 0.00121714174747, 0.000676392635796, 0.000891634437721, 0.000442323798779, 0.000276468636002, 0.000307514827, 0.000239672299358, 0.000555687525775, 0.000312757765641, 0.000285794900265, 0.000157351445523, 0.000101049576188, 0.000109254950075, 0.000111171451863, 0.000169724138686, 0.000229373734328, 0.000198421286768, 0.000129839376314, 0.000112691443064, 0.000197875808226, 8.93148389878e-05],
        "mean": [0.0178772639483, 0.00507928524166, 0.00122290058061, 0.000522959628142, 0.000288358627586, 0.000250945187872, 0.00029188542976, 0.000191777042346, 0.000202692928724, 0.000161660791491, 0.000134883870487, 8.67557173478e-05, 9.12567775231e-05, 9.9551922176e-05, 8.02767681307e-05, 6.18915582891e-05, 5.86973292229e-05, 6.20155333309e-05, 6.13891097601e-05, 3.68210057786e-05, 3.51939306711e-05, 2.94921974273e-05, 1.860487464e-05, 1.74275155587e-05, 1.73985517904e-05, 1.56749574671e-05, 1.55419111252e-05, 1.26860086311e-05, 1.1577541045e-05, 1.0002030649e-05, 9.80218737823e-06, 9.23348670767e-06, 1.07213136289e-05, 1.23273512145e-05, 1.39019166454e-05, 1.35766540552e-05, 1.34485308081e-05, 1.27567691379e-05, 1.26151562654e-05, 1.05348435682e-05],
        "median": [0.0133097637445, 0.00376759143546, 0.000509789213538, 0.00023129969486, 0.000138645424158, 0.000121589684568, 9.85454462352e-05, 7.25985955796e-05, 8.77511120052e-05, 6.1767117586e-05, 6.16533288849e-05, 3.91495850636e-05, 3.81766403734e-05, 4.30656109529e-05, 3.12462434522e-05, 2.86158083327e-05, 2.74153717328e-05, 2.39743749262e-05, 2.35942898144e-05, 1.85816352314e-05, 1.48981589518e-05, 1.26783397718e-05, 1.14447057058e-05, 1.15423335956e-05, 1.06787147161e-05, 9.81124503596e-06, 9.14297106647e-06, 7.00482178217e-06, 7.11199845682e-06, 5.54869939151e-06, 5.79277048018e-06, 5.38887525181e-06, 5.66380685996e-06, 6.55103985991e-06, 6.82539985064e-06, 6.39627933197e-06, 6.35468904875e-06, 6.39564814264e-06, 5.28419514012e-06, 5.59982345294e-06],
        "min": [1.85004783619e-24, 7.60588968543e-25, 4.55262356911e-24, 1.23048496149e-23, 7.87463832558e-24, 1.20183171903e-23, 1.0491812963e-23, 1.3614276676e-23, 1.30342501294e-23, 1.02589041473e-23, 9.09932121511e-24, 5.34194004151e-24, 1.23655848048e-23, 1.43825088685e-23, 9.00069545815e-24, 4.41807742527e-24, 7.711152425e-24, 7.21378666831e-24, 7.59841552417e-24, 8.59773978574e-24, 1.13035729226e-23, 3.33112964979e-24, 1.09426398706e-23, 1.29624196108e-23, 6.70729457981e-24, 7.80959201078e-24, 1.25114798961e-23, 8.00790848691e-24, 9.67822363496e-24, 1.07973537799e-23, 1.22099654252e-23, 9.62239121553e-24, 1.03190208703e-23, 9.69901879728e-24, 1.06877320908e-23, 8.51897123549e-24, 9.36813424603e-24, 9.63587127068e-24, 1.28586378589e-23, 9.39739546359e-24],
        "var": [0.000303456472466, 2.48492015089e-05, 3.19880177813e-06, 7.02054933299e-07, 2.04558631367e-07, 1.50644154928e-07, 3.07839599145e-07, 1.63905767181e-07, 1.17960354373e-07, 9.91437758557e-08, 5.02140977687e-08, 2.05752908045e-08, 3.54116238555e-08, 2.65772008845e-08, 2.28770336008e-08, 9.45026013e-09, 6.70485311716e-09, 1.0039768128e-08, 1.3862451631e-08, 3.68128683093e-09, 3.5829248457e-09, 3.68115027349e-09, 8.34758651092e-10, 5.09824960027e-10, 6.34558905421e-10, 4.27948121384e-10, 8.68601801596e-10, 3.83071213639e-10, 2.61725391359e-10, 2.02485292422e-10, 1.37741026918e-10, 1.23355228809e-10, 1.91792387527e-10, 2.52868448403e-10, 3.83486298272e-10, 3.20056786629e-10, 3.11622921911e-10, 2.54860188509e-10, 3.14146514357e-10, 1.63625488159e-10]
    },
    "mfcc": {
        "mean": [-604.060546875, 95.7230911255, 20.055065155, 19.1966438293, 15.1701669693, 16.8389701843, 8.51916503906, 12.1843061447, 6.75406742096, 12.1477003098, 6.19970178604, 5.40713500977, 4.43029117584],
        "cov": [[9720.33398438, -2385.9831543, 763.161010742, -330.820068359, 206.654769897, -181.274917603, 171.32774353, -34.9730453491, -11.0970859528, -77.3133163452, -19.9950866699, 76.6732559204, 90.0653381348], [-2385.9831543, 2094.61767578, -347.581054688, 335.092163086, -102.621955872, 103.118865967, -99.5620422363, 89.3081665039, -29.1583786011, -8.68301963806, -36.5885734558, -47.0482711792, -79.0783691406], [763.161010742, -347.581054688, 442.782562256, -33.1336402893, 245.050384521, 26.3499889374, 152.957046509, 20.6325817108, 48.7198143005, -0.24974912405, 61.1505966187, 44.6843833923, 60.2523460388], [-330.820068359, 335.092163086, -33.1336402893, 336.249969482, -125.864463806, 30.0600776672, -71.2185974121, 63.1502723694, -27.5885639191, 12.8834228516, -34.1782417297, -24.9171066284, -38.486530304], [206.654769897, -102.621955872, 245.050384521, -125.864463806, 411.097412109, 93.6184921265, 208.194168091, 13.3347330093, 70.7403030396, -1.5806273222, 85.2878570557, 49.7855873108, 68.8680801392], [-181.274917603, 103.118865967, 26.3499889374, 30.0600776672, 93.6184921265, 132.219161987, 46.8469734192, 27.4602813721, 11.2298974991, 12.336561203, 18.8767662048, 3.11278295517, 0.106817513704], [171.32774353, -99.5620422363, 152.957046509, -71.2185974121, 208.194168091, 46.8469734192, 193.586624146, 28.6627578735, 56.6477088928, 8.49569892883, 63.5437965393, 40.2637825012, 49.392162323], [-34.9730453491, 89.3081665039, 20.6325817108, 63.1502723694, 13.3347330093, 27.4602813721, 28.6627578735, 93.2694702148, 24.2142524719, 7.65929222107, 2.81343436241, 19.0210819244, 13.1455593109], [-11.0970859528, -29.1583786011, 48.7198143005, -27.5885639191, 70.7403030396, 11.2298974991, 56.6477088928, 24.2142524719, 99.7550201416, 31.0242519379, 28.2328147888, 16.5490016937, 27.0320453644], [-77.3133163452, -8.68301963806, -0.24974912405, 12.8834228516, -1.5806273222, 12.336561203, 8.49569892883, 7.65929222107, 31.0242519379, 83.3874969482, 36.1042861938, 5.46947813034, 4.87892246246], [-19.9950866699, -36.5885734558, 61.1505966187, -34.1782417297, 85.2878570557, 18.8767662048, 63.5437965393, 2.81343436241, 28.2328147888, 36.1042861938, 94.5902709961, 37.2645454407, 31.2473812103], [76.6732559204, -47.0482711792, 44.6843833923, -24.9171066284, 49.7855873108, 3.11278295517, 40.2637825012, 19.0210819244, 16.5490016937, 5.46947813034, 37.2645454407, 73.9210968018, 38.755279541], [90.0653381348, -79.0783691406, 60.2523460388, -38.486530304, 68.8680801392, 0.106817513704, 49.392162323, 13.1455593109, 27.0320453644, 4.87892246246, 31.2473812103, 38.755279541, 82.576675415]],
