{
"lowlevel": {
    "average_loudness": 0.920470893383,
    "barkbands_crest": {
        "dmean": 2.483979702,
        "dmean2": 3.72116184235,
        "dvar": 7.68115997314,
        "dvar2": 13.4198818207,
        "max": 26.6481781006,
        "mean": 10.7126169205,
        "median": 8.90769100189,
        "min": 1.90273845196,
        "var": 44.0849266052
    },
    "barkbands_flatness_db": {
        "dmean": 0.026102790609,
        "dmean2": 0.0373432599008,
        "dvar": 0.00149714946747,
        "dvar2": 0.00262543535791,
        "max": 0.848243057728,
        "mean": 0.114556208253,
        "median": 0.0859200134873,
        "min": 0.016152465716,
        "var": 0.00774065498263
    },
    "barkbands_kurtosis": {
        "dmean": 9.93552875519,
        "dmean2": 15.5598640442,
        "dvar": 2102.08691406,
        "dvar2": 4727.76220703,
        "max": 1778.08410645,
        "mean": 11.6405696869,
        "median": -0.0789004564285,
        "min": -1.93915963173,
        "var": 3155.43896484
    },
    "barkbands_skewness": {
        "dmean": 0.916209936142,
        "dmean2": 1.335755229,
        "dvar": 2.37055110931,
        "dvar2": 4.82890892029,
        "max": 34.1424331665,
        "mean": 1.78498661518,
        "median": 0.963785171509,
        "min": -3.92910838127,
        "var": 6.35440969467
    },
    "barkbands_spread": {
        "dmean": 10.2981920242,
        "dmean2": 15.4605474472,
        "dvar": 149.04725647,
        "dvar2": 315.500549316,
        "max": 134.378387451,
        "mean": 38.1264076233,
        "median": 40.7992630005,
        "min": 0.0137287219986,
        "var": 437.241516113
    },
    "dissonance": {
        "dmean": 0.0108830034733,
        "dmean2": 0.0184605941176,
        "dvar": 0.000492153456435,
        "dvar2": 0.00133827573154,
        "max": 0.500000178814,
        "mean": 0.482221633196,
        "median": 0.48995745182,
        "min": 0.162620529532,
        "var": 0.0010140677914
    },
    "dynamic_complexity": 1.7394592762,
    "erbbands_crest": {
        "dmean": 1.75490510464,
        "dmean2": 2.94130682945,
        "dvar": 5.77100801468,
        "dvar2": 14.4522094727,
        "max": 29.0161972046,
        "mean": 5.85104322433,
        "median": 4.64181661606,
        "min": 2.04893708229,
        "var": 14.1459932327
    },
    "erbbands_flatness_db": {
        "dmean": 0.0147296367213,
        "dmean2": 0.0225969795138,
        "dvar": 0.000433446344687,
        "dvar2": 0.000845249567647,
        "max": 0.493141502142,
        "mean": 0.118368573487,
        "median": 0.0997600108385,
        "min": 0.0400137081742,
        "var": 0.00325177051127
    },
    "erbbands_kurtosis": {
        "dmean": 2.13169693947,
        "dmean2": 3.47880125046,
        "dvar": 115.69569397,
        "dvar2": 226.933563232,
        "max": 350.920379639,
        "mean": 2.15291690826,
        "median": -0.553192734718,
        "min": -1.9080735445,
        "var": 278.625183105
    },
    "erbbands_skewness": {
        "dmean": 0.46061205864,
        "dmean2": 0.673892259598,
        "dvar": 0.561763048172,
        "dvar2": 1.12808585167,
        "max": 12.8090324402,
        "mean": -0.1026134938,
        "median": -0.387649595737,
        "min": -3.52089381218,
        "var": 2.15832209587
    },
    "erbbands_spread": {
        "dmean": 14.2343063354,
        "dmean2": 21.7849521637,
        "dvar": 364.549133301,
        "dvar2": 823.783325195,
        "max": 199.784835815,
        "mean": 58.5702552795,
        "median": 55.2486343384,
        "min": 0.608761310577,
        "var": 887.198364258
    },
    "hfc": {
        "dmean": 21.0728397369,
        "dmean2": 31.0833415985,
        "dvar": 957.181091309,
        "dvar2": 2065.69799805,
        "max": 436.985809326,
        "mean": 56.4880485535,
        "median": 48.0834465027,
        "min": 1.07667191724e-16,
        "var": 2112.98901367
    },
    "melbands_crest": {
        "dmean": 3.51457834244,
        "dmean2": 5.4751830101,
        "dvar": 14.2388401031,
        "dvar2": 27.7523498535,
        "max": 39.6711807251,
        "mean": 16.4981765747,
        "median": 15.6726169586,
        "min": 1.35408198833,
        "var": 76.2420883179
    },
    "melbands_flatness_db": {
        "dmean": 0.0348273180425,
        "dmean2": 0.0491182506084,
        "dvar": 0.00250306539237,
        "dvar2": 0.004310131073,
        "max": 0.996552109718,
        "mean": 0.168012648821,
        "median": 0.136496052146,
        "min": 0.000564625253901,
        "var": 0.0132842008024
    },
    "melbands_kurtosis": {
        "dmean": 28.4430122375,
        "dmean2": 42.4157295227,
        "dvar": 7254.93066406,
        "dvar2": 15193.2304688,
        "max": 2921.16064453,
        "mean": 45.2470016479,
        "median": 8.14200019836,
        "min": -1.72148299217,
        "var": 10472.3271484
    },
    "melbands_skewness": {
        "dmean": 1.40288484097,
        "dmean2": 1.98908472061,
        "dvar": 5.27757692337,
        "dvar2": 9.84627819061,
        "max": 44.9162940979,
        "mean": 4.28110647202,
        "median": 2.75027322769,
        "min": -1.41218471527,
        "var": 16.079957962
    },
    "melbands_spread": {
        "dmean": 11.8717088699,
        "dmean2": 18.2838001251,
        "dvar": 282.062011719,
        "dvar2": 598.384277344,
        "max": 215.226242065,
        "mean": 37.4796218872,
        "median": 34.5048294067,
        "min": 0.0568679571152,
        "var": 957.886352539
    },
    "pitch_salience": {
        "dmean": 0.0784333944321,
        "dmean2": 0.119189277291,
        "dvar": 0.00919522345066,
        "dvar2": 0.0163857899606,
        "max": 0.995451748371,
        "mean": 0.563511252403,
        "median": 0.641318917274,
        "min": 0.0041503100656,
        "var": 0.0468032024801
    },
    "silence_rate_20dB": {
        "dmean": 0,
        "dmean2": 0,
        "dvar": 0,
        "dvar2": 0,
        "max": 1,
        "mean": 1,
        "median": 1,
        "min": 1,
        "var": 0
    },
    "silence_rate_30dB": {
        "dmean": 0.0687953084707,
        "dmean2": 0.137611851096,
        "dvar": 0.0640610903502,
        "dvar2": 0.122067265213,
        "max": 1,
        "mean": 0.822640359402,
        "median": 1,
        "min": 0,
        "var": 0.145898163319
    },
    "silence_rate_60dB": {
        "dmean": 0.0135739622638,
        "dmean2": 0.026997840032,
        "dvar": 0.0133892605081,
        "dvar2": 0.0342931970954,
        "max": 1,
        "mean": 0.0453423820436,
        "median": 0,
        "min": 0,
        "var": 0.0432866625488
    },
    "spectral_centroid": {
        "dmean": 420.51348877,
        "dmean2": 626.120178223,
        "dvar": 362761.59375,
        "dvar2": 793281.6875,
        "max": 11861.6513672,
        "mean": 2290.12963867,
        "median": 2438.78564453,
        "min": 44.3355751038,
        "var": 1380657.25
    },
    "spectral_complexity": {
        "dmean": 6.55468130112,
        "dmean2": 9.59719181061,
        "dvar": 54.1944541931,
        "dvar2": 96.3144683838,
        "max": 62,
        "mean": 32.7916412354,
        "median": 38,
        "min": 0,
        "var": 259.056365967
    },
    "spectral_decrease": {
        "dmean": 3.47327167027e-09,
        "dmean2": 4.82574558092e-09,
        "dvar": 3.22504750642e-17,
        "dvar2": 4.99056327701e-17,
        "max": 1.4427413251e-28,
        "mean": -1.24762653542e-08,
        "median": -6.58488552574e-09,
        "min": -5.00113621626e-08,
        "var": 1.54992656257e-16
    },
    "spectral_energy": {
        "dmean": 0.013726009056,
        "dmean2": 0.0187980607152,
        "dvar": 0.000438185292296,
        "dvar2": 0.00065718597034,
        "max": 0.19250805676,
        "mean": 0.0522118061781,
        "median": 0.0309982709587,
        "min": 1.01565718864e-20,
        "var": 0.00227375491522
    },
    "spectral_energyband_high": {
        "dmean": 0.00222386233509,
        "dmean2": 0.00329268630594,
        "dvar": 1.09171451186e-05,
        "dvar2": 2.25089643209e-05,
        "max": 0.0495904237032,
        "mean": 0.00497597688809,
        "median": 0.00380403222516,
        "min": 7.20901555551e-21,
        "var": 2.60451888607e-05
    },
    "spectral_energyband_low": {
        "dmean": 0.0113622983918,
        "dmean2": 0.0156526248902,
        "dvar": 0.000593347009271,
        "dvar2": 0.00099298695568,
        "max": 0.180582121015,
        "mean": 0.0320200845599,
        "median": 0.00318362633698,
        "min": 1.66874058169e-23,
        "var": 0.00231759110466
    },
    "spectral_energyband_middle_high": {
        "dmean": 0.00180893810466,
        "dmean2": 0.00271320878528,
        "dvar": 5.21790889252e-06,
        "dvar2": 1.02174308267e-05,
        "max": 0.0288588441908,
        "mean": 0.00563087919727,
        "median": 0.00505981966853,
        "min": 1.15850017326e-21,
        "var": 2.0870953449e-05
    },
    "spectral_energyband_middle_low": {
        "dmean": 0.00688508665189,
        "dmean2": 0.011618101038,
        "dvar": 0.000174784538103,
        "dvar2": 0.000464565702714,
        "max": 0.102969557047,
        "mean": 0.0119615923613,
        "median": 0.00921489298344,
        "min": 1.60539757535e-22,
        "var": 0.000174619417521
    },
    "spectral_entropy": {
        "dmean": 0.186623007059,
        "dmean2": 0.2817748487,
        "dvar": 0.10727737844,
        "dvar2": 0.22167763114,
        "max": 9.82247829437,
        "mean": 8.06220912933,
        "median": 8.15102577209,
        "min": 2.81047391891,
        "var": 0.400128275156
    },
    "spectral_flux": {
        "dmean": 0.0353548377752,
        "dmean2": 0.0532190389931,
        "dvar": 0.00235240557231,
        "dvar2": 0.00386582734063,
        "max": 0.456734955311,
        "mean": 0.114577002823,
        "median": 0.0933182388544,
        "min": 6.35621069667e-11,
        "var": 0.00598310539499
    },
    "spectral_kurtosis": {
        "dmean": 1.12763786316,
        "dmean2": 1.74251425266,
        "dvar": 22.6617088318,
        "dvar2": 39.942035675,
        "max": 261.923675537,
        "mean": 3.11364984512,
        "median": 2.32737493515,
        "min": -1.27468693256,
        "var": 71.458404541
    },
    "spectral_rms": {
        "dmean": 0.000943389488384,
        "dmean2": 0.00128708221018,
        "dvar": 1.40724307585e-06,
        "dvar2": 2.0164786747e-06,
        "max": 0.0137044787407,
        "mean": 0.00640268577263,
        "median": 0.00549929216504,
        "min": 3.14783268895e-12,
        "var": 9.94405036181e-06
    },
    "spectral_rolloff": {
        "dmean": 1428.88696289,
        "dmean2": 2326.47631836,
        "dvar": 4804772.5,
        "dvar2": 10157475,
        "max": 20112.0117188,
        "mean": 3769.7409668,
        "median": 3488.37890625,
        "min": 43.06640625,
        "var": 13680480
    },
    "spectral_skewness": {
        "dmean": 0.18367472291,
        "dmean2": 0.280027329922,
        "dvar": 0.151251599193,
        "dvar2": 0.268197566271,
        "max": 13.3556890488,
        "mean": 1.19590592384,
        "median": 1.11923789978,
        "min": -0.0945392996073,
        "var": 0.51513582468
    },
    "spectral_spread": {
        "dmean": 945154.5,
        "dmean2": 1410977.375,
        "dvar": 4.53339407974e+12,
        "dvar2": 1.07064705679e+13,
        "max": 49583388,
        "mean": 6709611,
        "median": 6106091,
        "min": 356209,
        "var": 1.56297980805e+13
    },
    "spectral_strongpeak": {
        "dmean": 0.291948854923,
        "dmean2": 0.482694625854,
        "dvar": 0.211487755179,
        "dvar2": 0.557086288929,
        "max": 12.2305049896,
        "mean": 0.673846125603,
        "median": 0.530008554459,
        "min": 0,
        "var": 0.334449350834
    },
    "zerocrossingrate": {
        "dmean": 0.0247580353171,
        "dmean2": 0.0269958060235,
        "dvar": 0.000868383154739,
        "dvar2": 0.00109952804632,
        "max": 0.82421875,
        "mean": 0.126470342278,
        "median": 0.10791015625,
        "min": 0.0009765625,
        "var": 0.0109603749588
    },
    "barkbands": {
        "dmean": [0.000477431458421, 0.00894690491259, 0.00764562934637, 0.0043338839896, 0.00238462630659, 0.000892929383554, 0.00051294779405, 0.000360967940651, 0.000352043105522, 0.000297858699923, 0.00027159936144, 0.000302374857711, 0.000313835887937, 0.000236713982304, 0.000214075102122, 0.000162941592862, 0.00023075012723, 0.00031628087163, 0.000397749856347, 0.000407500454457, 0.000374754366931, 0.000407693412853, 0.000347326451447, 0.000443880475359, 0.000450491264928, 0.000347922439687, 8.45952308737e-05],
        "dmean2": [0.000660464342218, 0.0111979926005, 0.0124684246257, 0.00776945380494, 0.00402018101886, 0.00145257357508, 0.00082664861111, 0.000572463497519, 0.000555449107196, 0.000464428827399, 0.000431316671893, 0.000471979088616, 0.000494152482133, 0.000374154129531, 0.000343917228747, 0.000260517408606, 0.000358881137799, 0.00049225386465, 0.000631042872556, 0.00064308848232, 0.000601882464252, 0.000646257132757, 0.000508034776431, 0.000638671801426, 0.00065859418828, 0.000555644917767, 0.000136996779474],
        "dvar": [1.24297594084e-06, 0.000368226319551, 0.000515807594638, 0.000135724971187, 1.61071675393e-05, 5.06842798131e-06, 8.32912292026e-07, 2.98811073662e-07, 2.86148065243e-07, 1.69744510004e-07, 1.45124360529e-07, 2.1410373563e-07, 2.69107943041e-07, 1.23723282286e-07, 8.68265885856e-08, 5.91809659056e-08, 8.89618547717e-08, 1.57144825152e-07, 2.10881225371e-07, 2.13296303286e-07, 1.67082760072e-07, 3.66351741832e-07, 3.90852164855e-07, 7.19396894056e-07, 6.36910215235e-07, 5.16520913152e-07, 2.819658107e-08],
        "dvar2": [2.92444724437e-06, 0.000472539308248, 0.00127093284391, 0.000378652621293, 4.13256129832e-05, 1.23197178254e-05, 2.08727055906e-06, 7.10776475898e-07, 7.0468939839e-07, 3.97826539711e-07, 3.49659046606e-07, 4.87739839627e-07, 6.31148964203e-07, 2.8566535093e-07, 2.09003502505e-07, 1.43122250051e-07, 1.98384285e-07, 3.53295718014e-07, 5.00141709381e-07, 4.97510427522e-07, 4.03194604814e-07, 8.76656997661e-07, 6.66756363898e-07, 1.35177856464e-06, 1.36010339702e-06, 1.32844957079e-06, 7.00838569401e-08],
        "max": [0.0624299459159, 0.152726590633, 0.152999579906, 0.0813509896398, 0.0641400367022, 0.0523985922337, 0.0303538143635, 0.0108488015831, 0.00972954090685, 0.00813888851553, 0.00665905047208, 0.00719246035442, 0.00967695657164, 0.00543935224414, 0.00438505737111, 0.00945039838552, 0.00587963825092, 0.00620663445443, 0.00608110008761, 0.0100800115615, 0.00507113803178, 0.00918782502413, 0.0114339180291, 0.0162887070328, 0.010972475633, 0.00724659208208, 0.0026452189777],
        "mean": [0.00126141915098, 0.0218128114939, 0.00667803408578, 0.00402430212125, 0.00397432688624, 0.00163372128736, 0.000863336666953, 0.000636683951598, 0.000656316406094, 0.000525539857335, 0.000466671859613, 0.000556049461011, 0.000572211283725, 0.000449581973953, 0.000392937101424, 0.000290738011245, 0.00047453326988, 0.000656410760712, 0.000879532541148, 0.000928871450014, 0.000895643199328, 0.00074857310392, 0.000692539731972, 0.000811426551081, 0.000714150432032, 0.000508175056893, 0.000107296269562],
        "median": [1.63252443599e-05, 0.000216346379602, 0.000448611303, 0.00123110821005, 0.00234799087048, 0.000629717018455, 0.00048615882406, 0.000344915199094, 0.000400994176744, 0.000334340671543, 0.00028924678918, 0.000306329631712, 0.000300962856272, 0.000263009045739, 0.000254000304267, 0.000206404933124, 0.000350092974259, 0.000511966878548, 0.000738222384825, 0.000827355543151, 0.000867543451022, 0.000572924502194, 0.000335981138051, 0.000285947404336, 0.000249101838563, 0.000159934541443, 2.66471906798e-05],
        "min": [2.52337079273e-25, 7.60135324218e-25, 1.31793926473e-24, 1.82334335997e-26, 6.23893287202e-24, 8.76423124637e-24, 6.25092750208e-24, 1.3455284916e-23, 1.71792779462e-23, 1.68636673198e-23, 1.81492439603e-23, 2.71332652655e-23, 4.13728420044e-23, 3.10369371441e-23, 5.79259616071e-23, 6.31942334785e-23, 6.8968398693e-23, 1.02635959764e-22, 1.3904900291e-22, 1.82987810646e-22, 2.48662513111e-22, 3.08654640269e-22, 3.7253031073e-22, 5.91078860267e-22, 8.78433498789e-22, 1.40337602781e-21, 1.98585466338e-21],
        "var": [2.25029107241e-05, 0.0014716120204, 0.000450326653663, 9.08709334908e-05, 2.55240156548e-05, 1.46879838212e-05, 1.69754684975e-06, 6.85831935243e-07, 6.13131646787e-07, 3.80228101449e-07, 3.15082161251e-07, 5.46504736576e-07, 6.45297575375e-07, 3.19274022331e-07, 2.02371623459e-07, 1.03407074903e-07, 2.26117791158e-07, 3.9245568928e-07, 5.79716129323e-07, 5.77714388328e-07, 4.32513758142e-07, 6.24374024483e-07, 1.24953214709e-06, 1.93091614165e-06, 1.25247663618e-06, 5.76009540509e-07, 3.59631719959e-08]
    },
    "erbbands": {
        "dmean": [0.275266617537, 2.26341342926, 6.84071397781, 13.6724224091, 10.776802063, 6.55238389969, 7.44294500351, 7.43200016022, 7.32699728012, 7.73645114899, 7.19368886948, 7.83762454987, 8.8850440979, 9.35121250153, 11.1057128906, 12.0870409012, 14.1854324341, 12.2284908295, 11.4009122849, 8.50738811493, 10.2112512589, 12.6343317032, 16.1734161377, 19.1124706268, 20.3091087341, 19.3328723907, 16.3686294556, 15.3802537918, 15.8110017776, 11.6795396805, 10.2065162659, 8.92660236359, 7.51494216919, 4.76857709885, 3.35133552551, 1.74430406094, 0.590497612953, 0.148453831673, 0.0136535102502, 0.000207810400752],
        "dmean2": [0.292545258999, 2.67087101936, 9.71761798859, 24.187417984, 18.5416469574, 10.9213924408, 12.2498083115, 12.2985696793, 11.7517814636, 12.2289714813, 11.4137802124, 12.3840818405, 14.0917730331, 14.6254358292, 17.5119819641, 18.7838039398, 22.3430118561, 19.2474803925, 18.0857391357, 13.7724142075, 16.0132656097, 19.5703296661, 24.8971309662, 30.1020183563, 32.1625442505, 30.5874519348, 26.3982582092, 24.6173210144, 25.4081420898, 17.9517555237, 14.8909692764, 13.547867775, 10.4727058411, 6.67271947861, 5.13035821915, 2.78626966476, 0.940067887306, 0.235741391778, 0.0217030905187, 0.00031892239349],
        "dvar": [0.222523152828, 24.8712177277, 333.25177002, 1578.73132324, 449.994476318, 107.295883179, 467.466522217, 301.661895752, 158.809890747, 190.231216431, 114.205154419, 147.274688721, 174.861465454, 166.79473877, 253.134887695, 355.256774902, 600.22253418, 334.378234863, 244.173553467, 139.777038574, 238.267852783, 264.916137695, 428.635223389, 505.976776123, 542.511169434, 501.13973999, 328.135620117, 316.096069336, 579.923583984, 368.810852051, 339.684997559, 309.110015869, 207.617523193, 75.818572998, 37.4203300476, 13.8885908127, 1.47312045097, 0.0895450264215, 0.000711741158739, 1.49096536006e-07],
        "dvar2": [0.246240317822, 30.7315349579, 712.960754395, 4272.08935547, 1211.25634766, 273.506286621, 1158.55895996, 767.93939209, 391.797424316, 473.478759766, 280.0909729, 356.342987061, 425.86517334, 385.395050049, 615.863098145, 807.989074707, 1413.02392578, 774.315307617, 564.539550781, 352.975158691, 559.153259277, 583.609619141, 953.303222656, 1175.54492188, 1293.93579102, 1180.33557129, 798.008728027, 764.582214355, 1453.78833008, 758.911376953, 616.191894531, 640.840820312, 350.492431641, 144.437454224, 86.5202789307, 35.8061599731, 3.75012254715, 0.216824427247, 0.00174166378565, 3.60661772447e-07],
        "max": [7.24689340591, 40.8374900818, 142.699371338, 261.622039795, 228.555084229, 198.84487915, 713.894165039, 453.131408691, 498.96685791, 513.206054688, 224.357711792, 220.81489563, 229.974487305, 222.382675171, 239.776550293, 284.719116211, 495.233581543, 292.214324951, 196.359817505, 183.411087036, 639.423339844, 359.157104492, 337.692474365, 329.863189697, 270.604309082, 444.412322998, 262.482330322, 289.323669434, 359.869689941, 391.385223389, 372.423217773, 320.083496094, 267.370361328, 153.391799927, 69.4780273438, 36.8115234375, 11.2964754105, 4.53915882111, 0.370369434357, 0.00517506012693],
        "mean": [0.712019503117, 4.49932956696, 7.76759195328, 12.1206560135, 13.6656732559, 12.0140390396, 13.0042524338, 13.1633443832, 12.6635036469, 13.8694868088, 13.1459169388, 14.6077642441, 16.1681079865, 17.2455024719, 20.2581386566, 23.2177619934, 26.7551860809, 24.2089271545, 22.0102672577, 16.1897716522, 20.0437412262, 27.4248828888, 34.2718696594, 41.5805015564, 45.3469276428, 43.8610916138, 37.8378295898, 34.5805053711, 28.1807479858, 21.1462955475, 20.4915733337, 16.5190582275, 13.4031028748, 7.77167224884, 5.10979413986, 2.37453389168, 0.891691923141, 0.230933502316, 0.0177430417389, 0.000352644070517],
        "median": [0.00411570444703, 0.077050074935, 0.603186249733, 3.12446951866, 6.73396205902, 7.11348152161, 4.61615085602, 5.41366863251, 7.24530315399, 7.70766401291, 7.79772186279, 9.0587272644, 10.6933889389, 11.5090122223, 12.8541736603, 12.984828949, 14.303150177, 14.465669632, 14.2327928543, 10.9268856049, 14.9201164246, 20.8776454926, 26.6790657043, 34.458404541, 38.7975311279, 39.3795547485, 35.2031784058, 32.8128433228, 22.0581970215, 13.1134567261, 9.32074165344, 6.43406772614, 4.54374074936, 2.75629234314, 1.80885887146, 0.754955887794, 0.279610455036, 0.0688102543354, 0.00435871817172, 0.000184100208571],
        "min": [2.08466481184e-23, 2.71747259014e-22, 1.84878865484e-21, 3.06398220401e-21, 1.18538075628e-20, 1.75377977212e-20, 4.50305784052e-20, 7.69854475787e-20, 1.36592683518e-19, 2.45989400404e-19, 3.40112602096e-19, 3.60611300898e-19, 5.04226295452e-19, 6.8261927168e-19, 1.05292120025e-18, 1.22238424478e-18, 2.05579321715e-18, 2.05691528765e-18, 2.64119617448e-18, 3.48783021389e-18, 3.55987557729e-18, 4.52238831473e-18, 6.27708199864e-18, 6.28435457059e-18, 7.92433153843e-18, 8.04475249201e-18, 1.02419634018e-17, 8.75189844433e-18, 1.08065431212e-17, 9.24083828697e-18, 1.08614563333e-17, 1.1072641334e-17, 8.99592003376e-18, 7.07749049708e-18, 6.58353256326e-18, 4.72531970723e-18, 2.29362666841e-18, 9.36988425279e-19, 2.51307835701e-19, 2.65120352832e-20],
        "var": [1.50076854229, 82.6390380859, 426.416564941, 1096.02648926, 441.559570312, 220.728164673, 1150.43078613, 771.451171875, 362.330535889, 362.972442627, 243.518737793, 306.05670166, 360.261566162, 373.425262451, 578.645385742, 937.37890625, 1424.60778809, 891.269836426, 617.821228027, 310.599212646, 467.146392822, 721.293273926, 1091.62683105, 1351.94128418, 1458.9934082, 1304.66516113, 857.991210938, 712.196655273, 855.241333008, 812.786499023, 1134.01660156, 767.140014648, 576.023254395, 184.394927979, 59.5412521362, 14.7550363541, 1.75845015049, 0.12972740829, 0.000948059023358, 2.13412789662e-07]
    },
    "gfcc": {
        "mean": [25.0344543457, 22.5979232788, -93.7425003052, 33.1408309937, -61.1680831909, 9.08838844299, -34.8074684143, 5.74475955963, -33.4395446777, 3.73299908638, -21.3052062988, 1.67929685116, -18.6616477966],
        "cov": [[38752.265625, -100.133789062, -2499.86914062, 1282.36169434, -1012.7890625, 444.771942139, -617.61328125, 548.617980957, -855.073791504, 253.886413574, -605.956298828, 31.2557430267, -596.081054688], [-100.133789062, 1399.66125488, 503.35067749, 370.497924805, 107.207145691, -4.33948087692, 156.915969849, 52.3431243896, 160.816421509, 46.0155792236, 93.9647521973, 16.9317054749, 55.6203041077], [-2499.86914062, 503.35067749, 2514.95117188, 522.085571289, 15.4895734787, 4.4225564003, -112.670227051, 0.537225723267, 158.895080566, -29.0743751526, 66.5481491089, 27.7445983887, 73.889831543], [1282.36169434, 370.497924805, 522.085571289, 927.977661133, 399.6043396, 312.182556152, 277.515289307, 250.718200684, 185.117630005, 110.718406677, 125.550102234, 52.4274291992, 70.8550872803], [-1012.7890625, 107.207145691, 15.4895734787, 399.6043396, 636.57989502, 292.51473999, 407.747497559, 223.52520752, 210.203567505, 100.75491333, 144.610610962, 15.5732383728, 82.4662094116], [444.771942139, -4.33948087692, 4.4225564003, 312.182556152, 292.51473999, 387.622589111, 224.973602295, 168.579788208, 130.65536499, 85.2668609619, 95.3564987183, 51.1382789612, 56.3228645325], [-617.61328125, 156.915969849, -112.670227051, 277.515289307, 407.747497559, 224.973602295, 407.716247559, 217.01864624, 199.75163269, 106.432296753, 125.396903992, 36.820640564, 73.1118392944], [548.617980957, 52.3431243896, 0.537225723267, 250.718200684, 223.52520752, 168.579788208, 217.01864624, 205.641326904, 128.754318237, 89.4065322876, 73.7523345947, 36.5695991516, 40.464050293], [-855.073791504, 160.816421509, 158.895080566, 185.117630005, 210.203567505, 130.65536499, 199.75163269, 128.754318237, 185.260391235, 86.1997375488, 109.802726746, 45.0584983826, 71.2135620117], [253.886413574, 46.0155792236, -29.0743751526, 110.718406677, 100.75491333, 85.2668609619, 106.432296753, 89.4065322876, 86.1997375488, 96.384147644, 69.6055221558, 46.9165039062, 33.62109375], [-605.956298828, 93.9647521973, 66.5481491089, 125.550102234, 144.610610962, 95.3564987183, 125.396903992, 73.7523345947, 109.802726746, 69.6055221558, 117.26410675, 54.9858589172, 62.0926704407], [31.2557430267, 16.9317054749, 27.7445983887, 52.4274291992, 15.5732383728, 51.1382789612, 36.820640564, 36.5695991516, 45.0584983826, 46.9165039062, 54.9858589172, 73.6916885376, 45.7727622986], [-596.081054688, 55.6203041077, 73.889831543, 70.8550872803, 82.4662094116, 56.3228645325, 73.1118392944, 40.464050293, 71.2135620117, 33.62109375, 62.0926704407, 45.7727622986, 75.6441192627]],
        "icov": [[7.76113374741e-05, -7.55710498197e-05, 8.1460828369e-05, -0.000164800454513, 0.000122051103972, -0.000133466688567, 0.000239849206991, -0.000549799122382, 0.000546923780348, -0.000459715200122, 0.00032417383045, -0.000181372350198, 0.000303632405121], [-7.55710498197e-05, 0.00109322473872, -0.000148905994138, -0.0003971241822, 0.000386737723602, 0.000580336200073, -0.00102785602212, 0.00144328258466, -0.00142294482794, 0.00047372339759, -0.00062108959537, 0.000619764497969, -0.000250383163802], [8.1460828369e-05, -0.000148905994138, 0.000781272246968, -0.000673025613651, 1.83757765626e-05, 2.35087336478e-05, 0.00137559056748, -0.000508394092321, -0.00125054793898, 0.000705902581103, 0.00042838221998, -0.000476393994177, 0.000323728629155], [-0.000164800454513, -0.0003971241822, -0.000673025613651, 0.00294548156671, -0.00122502504382, -0.000685544218868, -1.34949968924e-05, -0.00121076498181, 0.000484814605443, 0.000437323382357, -0.000940915429965, 0.000138679242809, -0.000563920009881], [0.000122051103972, 0.000386737723602, 1.83757765626e-05, -0.00122502504382, 0.00645348615944, -0.00139696768019, -0.00454058265314, -0.000271086348221, 0.0015348913148, -0.000723466509953, -0.00279249064624, 0.00544463470578, -0.00178063416388], [-0.000133466688567, 0.000580336200073, 2.35087336478e-05, -0.000685544218868, -0.00139696768019, 0.00550371874124, -0.000611699593719, -0.000237816842855, -0.00165578897577, 0.00130166497547, -0.000676753406879, -0.00204542139545, 5.766443428e-05], [0.000239849206991, -0.00102785602212, 0.00137559056748, -1.34949968924e-05, -0.00454058265314, -0.000611699593719, 0.0143577400595, -0.00780891580507, -0.00453857332468, 0.000646232161671, 0.000816905114334, -0.00119006575551, 0.00105546682607], [-0.000549799122382, 0.00144328258466, -0.000508394092321, -0.00121076498181, -0.000271086348221, -0.000237816842855, -0.00780891580507, 0.0221640449017, -0.00860678590834, -0.00364541285671, 0.00302890269086, -0.000595951569267, -1.73353828359e-06], [0.000546923780348, -0.00142294482794, -0.00125054793898, 0.000484814605443, 0.0015348913148, -0.00165578897577, -0.00453857332468, -0.00860678590834, 0.0311149060726, -0.0117969419807, -0.00734895281494, 0.00581589341164, -0.00686230324209], [-0.000459715200122, 0.00047372339759, 0.000705902581103, 0.000437323382357, -0.000723466509953, 0.00130166497547, 0.000646232161671, -0.00364541285671, -0.0117969419807, 0.0339111052454, -0.00961762387305, -0.0111470259726, 0.00674837827682], [0.00032417383045, -0.00062108959537, 0.00042838221998, -0.000940915429965, -0.00279249064624, -0.000676753406879, 0.000816905114334, 0.00302890269086, -0.00734895281494, -0.00961762387305, 0.0329808779061, -0.0117478882894, -0.00415798276663], [-0.000181372350198, 0.000619764497969, -0.000476393994177, 0.000138679242809, 0.00544463470578, -0.00204542139545, -0.00119006575551, -0.000595951569267, 0.00581589341164, -0.0111470259726, -0.0117478882894, 0.0387339070439, -0.0188088249415], [0.000303632405121, -0.000250383163802, 0.000323728629155, -0.000563920009881, -0.00178063416388, 5.766443428e-05, 0.00105546682607, -1.73353828359e-06, -0.00686230324209, 0.00674837827682, -0.00415798276663, -0.0188088249415, 0.0351430214942]]
    },
    "melbands": {
        "dmean": [0.00249096751213, 0.00287739257328, 0.00218902598135, 0.000589738017879, 0.000257660372881, 0.000164587021573, 0.000110340624815, 8.44121095724e-05, 5.98968435952e-05, 5.04138406541e-05, 4.50859442935e-05, 3.84791674151e-05, 3.68932414858e-05, 3.42017883668e-05, 3.23529529851e-05, 3.18554339174e-05, 2.35081533901e-05, 1.96143937501e-05, 1.59156570589e-05, 9.45317424339e-06, 1.35079080792e-05, 1.40244555951e-05, 1.50640880747e-05, 1.64205503097e-05, 1.68055594258e-05, 1.63264176081e-05, 1.57345020853e-05, 1.37058495966e-05, 1.15176380859e-05, 1.00351389847e-05, 9.7255115179e-06, 9.91556044028e-06, 7.58990108807e-06, 6.88641966917e-06, 6.28824363957e-06, 6.01034889769e-06, 5.71875671085e-06, 5.93113736613e-06, 4.13692350776e-06, 4.1969033191e-06],
        "dmean2": [0.00272371480241, 0.00343364477158, 0.00377049925737, 0.00100356340408, 0.000421185657615, 0.000271296477877, 0.000176506800926, 0.00013309881615, 9.45393476286e-05, 7.97096290626e-05, 7.14962225175e-05, 6.01321480644e-05, 5.8609250118e-05, 5.36940642633e-05, 5.04461822857e-05, 5.02283837704e-05, 3.7203404645e-05, 3.12004303851e-05, 2.57273895841e-05, 1.53861819854e-05, 2.1313331672e-05, 2.1953450414e-05, 2.34460549109e-05, 2.56179300777e-05, 2.67418035946e-05, 2.625783236e-05, 2.52019035543e-05, 2.21056252485e-05, 1.86809320439e-05, 1.646839155e-05, 1.56622591021e-05, 1.6124908143e-05, 1.20827889987e-05, 1.07356891021e-05, 9.12291125132e-06, 9.33799401537e-06, 8.75015302881e-06, 8.44540045364e-06, 5.84906501899e-06, 6.14897862761e-06],
        "dvar": [1.98361813091e-05, 4.31292974099e-05, 3.31164192175e-05, 1.08111260033e-06, 4.46343477734e-07, 1.45816727581e-07, 3.57355993685e-08, 2.09086685743e-08, 8.19162959687e-09, 6.17115691881e-09, 4.43321068744e-09, 2.87708368241e-09, 2.75926193005e-09, 2.80779799411e-09, 2.738154814e-09, 2.75390110716e-09, 1.26053734117e-09, 7.33507921069e-10, 4.9540571645e-10, 1.8137495672e-10, 4.09582701089e-10, 3.39175437736e-10, 3.88233306614e-10, 4.68726057967e-10, 4.03020727902e-10, 3.89238558052e-10, 3.24157728437e-10, 2.70453298645e-10, 1.68481312235e-10, 1.24439514249e-10, 1.37754585516e-10, 2.18953313813e-10, 1.30693969536e-10, 1.53939444525e-10, 1.22070784037e-10, 1.49620274503e-10, 1.26682428436e-10, 1.31232635869e-10, 5.45189414447e-11, 6.09093955828e-11],
        "dvar2": [2.08199435292e-05, 7.13729605195e-05, 8.71168886079e-05, 2.80518247564e-06, 1.11417705284e-06, 3.65611271036e-07, 8.78626806866e-08, 5.09743180999e-08, 2.01081622464e-08, 1.48912349118e-08, 1.08223101591e-08, 6.68618937993e-09, 6.67979538349e-09, 6.57708554286e-09, 6.23982066017e-09, 6.51109743899e-09, 2.97291458118e-09, 1.69247293957e-09, 1.21561238853e-09, 4.64259908295e-10, 9.62545154692e-10, 7.65963126259e-10, 9.05650165972e-10, 1.09033360118e-09, 9.66500546262e-10, 9.5940166922e-10, 7.90629395286e-10, 6.52798537448e-10, 4.19602297352e-10, 3.13830461618e-10, 3.36461414285e-10, 5.631659028e-10, 3.01228347821e-10, 3.32034399975e-10, 2.09093770076e-10, 3.85892762189e-10, 2.60865773427e-10, 2.32654839838e-10, 9.48399137002e-11, 1.21785748153e-10],
        "max": [0.0452491864562, 0.0551824197173, 0.0375279970467, 0.0134487403557, 0.0229836925864, 0.00896058510989, 0.00720858247951, 0.00488804513589, 0.00214865407906, 0.00136763369665, 0.00114933436271, 0.000922466511838, 0.000806603522506, 0.000870631251018, 0.000948480097577, 0.000975473027211, 0.000599222490564, 0.000352325820131, 0.000385566294426, 0.000283263274468, 0.000754137348849, 0.000339217280271, 0.000436908070697, 0.000413653266151, 0.000279508443782, 0.000280908308923, 0.000335677992553, 0.000310312811052, 0.000205353149795, 0.000158841707162, 0.000189353377209, 0.00021300118533, 0.000190157777979, 0.000251645396929, 0.000209112098673, 0.000235098792473, 0.000220788497245, 0.000215068343095, 0.000149544226588, 0.000123525474919],
        "mean": [0.00625048251823, 0.00486506754532, 0.00216433545575, 0.000933404196985, 0.000470703205792, 0.000296462269034, 0.000192952575162, 0.000150682928506, 0.000107339721581, 9.26964567043e-05, 8.0292506027e-05, 6.87318388373e-05, 6.49928551866e-05, 6.28483467153e-05, 5.92895921727e-05, 5.7309793192e-05, 4.32157576142e-05, 3.56687087333e-05, 2.82664841507e-05, 1.67940579558e-05, 2.49714739766e-05, 2.79125688394e-05, 2.92530203296e-05, 3.19533028232e-05, 3.34973628924e-05, 3.33671268891e-05, 3.19537939504e-05, 2.84320249193e-05, 2.40112567553e-05, 2.10265479836e-05, 1.98363795789e-05, 1.6589763618e-05, 1.29248874146e-05, 1.13622500066e-05, 1.20650774988e-05, 1.04611508505e-05, 9.93730191112e-06, 9.88084775599e-06, 7.41743724575e-06, 6.33316722087e-06],
        "median": [4.80547678308e-05, 0.000318917183904, 0.000734919973183, 0.000566457980312, 0.000184637654456, 0.000122407087474, 0.000110482236778, 8.18357002572e-05, 6.20834034635e-05, 5.71740310988e-05, 5.14263592777e-05, 4.39061223005e-05, 4.06504332204e-05, 3.57347780664e-05, 3.15503129968e-05, 3.00283863908e-05, 2.4823435524e-05, 2.22652452067e-05, 1.77128949872e-05, 1.17155614134e-05, 1.78060163307e-05, 2.02212795557e-05, 2.16923763219e-05, 2.40738445427e-05, 2.69378324447e-05, 2.70945256489e-05, 2.69529391517e-05, 2.48148680839e-05, 2.14084975596e-05, 1.94079220819e-05, 1.76460598595e-05, 1.26942049974e-05, 9.03589716472e-06, 6.26982273388e-06, 5.38161475561e-06, 4.4466860345e-06, 3.67665415979e-06, 3.19880928146e-06, 2.64950222117e-06, 2.14674446397e-06],
        "min": [3.46372898353e-25, 9.85531817502e-25, 1.28982751612e-24, 1.51458000308e-24, 1.6384881604e-24, 1.79017309627e-24, 2.05962510453e-24, 2.57545789779e-24, 2.6804038111e-24, 1.79235883262e-24, 1.61656039103e-24, 2.51960694013e-24, 3.05772525119e-24, 3.30383525969e-24, 1.90765124835e-24, 3.95638238099e-24, 2.84459929207e-24, 3.09447768912e-24, 3.7461308338e-24, 4.53564215484e-24, 3.65634623544e-24, 4.51633951735e-24, 4.99700745526e-24, 4.95441172739e-24, 3.84388647717e-24, 4.65715118893e-24, 4.34652261357e-24, 4.84156359717e-24, 5.63292400817e-24, 5.30604292602e-24, 4.31162498485e-24, 6.01754891973e-24, 5.21849790377e-24, 5.09643311717e-24, 5.64527678109e-24, 6.22255138646e-24, 5.86015184205e-24, 5.34820478039e-24, 5.28903745148e-24, 5.17224343902e-24],
        "var": [0.000111913228466, 0.00010366969218, 2.51130823017e-05, 1.4473741885e-06, 1.10837277134e-06, 3.8947806047e-07, 8.14649609993e-08, 4.2592791516e-08, 1.74461725067e-08, 1.2712596309e-08, 9.15165632165e-09, 6.33251184823e-09, 6.07331340774e-09, 6.87457735182e-09, 6.78969502843e-09, 6.5941021532e-09, 3.00710190082e-09, 1.76530423612e-09, 1.13222464737e-09, 3.15247855598e-10, 7.86930465235e-10, 8.17702905387e-10, 8.91116735957e-10, 1.02937047775e-09, 9.5128782629e-10, 8.95792995337e-10, 7.59180440735e-10, 6.05270111809e-10, 3.96098265298e-10, 2.68630312439e-10, 2.83198214879e-10, 2.99652302971e-10, 2.39390646195e-10, 2.96472346673e-10, 3.97175597966e-10, 3.2913452519e-10, 2.81512341216e-10, 3.3044075809e-10, 1.62038410467e-10, 1.2979164965e-10]
    },
    "mfcc": {
        "mean": [-609.591674805, 63.2555580139, 13.0578927994, 24.2629470825, -3.69184994698, 4.61274290085, 3.85783314705, 0.47445037961, -4.74829912186, -2.09414196014, -1.45521235466, -1.84272277355, -5.44222688675],
        "cov": [[13624.8183594, 247.291809082, -801.247009277, 565.215148926, 19.9671802521, 96.5438842773, 350.234344482, 121.77570343, 140.788452148, 108.392578125, 34.4973182678, 27.6602668762, -130.551254272], [247.291809082, 1063.28955078, 444.456817627, 232.378448486, -20.4604415894, -13.0943899155, -45.2368659973, -10.3531618118, -8.83158397675, 10.7896881104, 18.4699821472, 4.85255289078, 13.7402410507], [-801.247009277, 444.456817627, 2102.56030273, 478.434448242, 337.18572998, 26.1272773743, -143.091049194, -8.31394767761, -50.2088432312, -24.0415935516, -28.8218593597, -32.6639099121, 1.90288317204], [565.215148926, 232.378448486, 478.434448242, 674.842590332, 288.739929199, 181.363891602, 197.893051147, 175.068023682, 168.031387329, 144.39553833, 117.28086853, 110.057319641, 81.8417205811], [19.9671802521, -20.4604415894, 337.18572998, 288.739929199, 336.431243896, 199.599243164, 173.50227356, 146.361602783, 123.841575623, 112.011985779, 79.0342025757, 82.2621078491, 67.9239196777], [96.5438842773, -13.0943899155, 26.1272773743, 181.363891602, 199.599243164, 260.176574707, 196.063903809, 168.191726685, 131.843856812, 117.752204895, 96.6646194458, 91.9583129883, 84.229888916], [350.234344482, -45.2368659973, -143.091049194, 197.893051147, 173.50227356, 196.063903809, 260.596832275, 188.044921875, 165.904388428, 142.029632568, 111.300346375, 105.497009277, 74.4288787842], [121.77570343, -10.3531618118, -8.31394767761, 175.068023682, 146.361602783, 168.191726685, 188.044921875, 195.402862549, 151.814422607, 128.817276001, 102.749954224, 91.4441833496, 75.7912368774], [140.788452148, -8.83158397675, -50.2088432312, 168.031387329, 123.841575623, 131.843856812, 165.904388428, 151.814422607, 170.836380005, 130.566879272, 96.0393600464, 84.6180496216, 66.2481689453], [108.392578125, 10.7896881104, -24.0415935516, 144.39553833, 112.011985779, 117.752204895, 142.029632568, 128.817276001, 130.566879272, 137.727111816, 99.6369857788, 81.512008667, 63.4900932312], [34.4973182678, 18.4699821472, -28.8218593597, 117.28086853, 79.0342025757, 96.6646194458, 111.300346375, 102.749954224, 96.0393600464, 99.6369857788, 106.175590515, 79.666885376, 58.9727935791], [27.6602668762, 4.85255289078, -32.6639099121, 110.057319641, 82.2621078491, 91.9583129883, 105.497009277, 91.4441833496, 84.6180496216, 81.512008667, 79.666885376, 92.7317810059, 63.8745918274], [-130.551254272, 13.7402410507, 1.90288317204, 81.8417205811, 67.9239196777, 84.229888916, 74.4288787842, 75.7912368774, 66.2481689453, 63.4900932312, 58.9727935791, 63.8745918274, 77.7800140381]],
