{
"lowlevel": {
    "average_loudness": 0.967834293842,
    "barkbands_crest": {
        "dmean": 3.26579380035,
        "dmean2": 5.44275569916,
        "dvar": 8.13302230835,
        "dvar2": 21.4471588135,
        "max": 24.2721691132,
        "mean": 10.661775589,
        "median": 10.1492595673,
        "min": 2.74084448814,
        "var": 15.4760885239
    },
    "barkbands_flatness_db": {
        "dmean": 0.0252600032836,
        "dmean2": 0.0412539169192,
        "dvar": 0.000828414224088,
        "dvar2": 0.00192886404693,
        "max": 0.650110900402,
        "mean": 0.116417236626,
        "median": 0.0906553938985,
        "min": 0.0172884576023,
        "var": 0.00542978662997
    },
    "barkbands_kurtosis": {
        "dmean": 3.11140370369,
        "dmean2": 5.1094751358,
        "dvar": 25.0093078613,
        "dvar2": 62.2264671326,
        "max": 147.840072632,
        "mean": 4.77585363388,
        "median": 3.13469409943,
        "min": -1.60528576374,
        "var": 40.0401535034
    },
    "barkbands_skewness": {
        "dmean": 0.564824819565,
        "dmean2": 0.937291741371,
        "dvar": 0.300399333239,
        "dvar2": 0.818117380142,
        "max": 10.5790100098,
        "mean": 1.94496798515,
        "median": 1.86121678352,
        "min": -2.19883799553,
        "var": 0.696215867996
    },
    "barkbands_spread": {
        "dmean": 8.75708961487,
        "dmean2": 13.8093423843,
        "dvar": 70.3195419312,
        "dvar2": 178.274612427,
        "max": 105.515785217,
        "mean": 32.1480560303,
        "median": 32.4305305481,
        "min": 0.415955871344,
        "var": 294.831726074
    },
    "dissonance": {
        "dmean": 0.0181651394814,
        "dmean2": 0.0302233025432,
        "dvar": 0.000325291970512,
        "dvar2": 0.000827318464871,
        "max": 0.5,
        "mean": 0.462657690048,
        "median": 0.470010370016,
        "min": 0.0744066759944,
        "var": 0.00101413682569
    },
    "dynamic_complexity": 1.4785438776,
    "erbbands_crest": {
        "dmean": 1.89036262035,
        "dmean2": 2.94883680344,
        "dvar": 3.16372013092,
        "dvar2": 7.40660810471,
        "max": 30.4243354797,
        "mean": 7.39459085464,
        "median": 6.52016496658,
        "min": 2.25229501724,
        "var": 12.5544996262
    },
    "erbbands_flatness_db": {
        "dmean": 0.0124297793955,
        "dmean2": 0.0187966153026,
        "dvar": 0.000283032975858,
        "dvar2": 0.000528084929101,
        "max": 0.559635341167,
        "mean": 0.108487837017,
        "median": 0.0785893127322,
        "min": 0.0373761765659,
        "var": 0.00470710825175
    },
    "erbbands_kurtosis": {
        "dmean": 0.968252062798,
        "dmean2": 1.42276537418,
        "dvar": 13.4726047516,
        "dvar2": 25.1860694885,
        "max": 300.451202393,
        "mean": 0.436377584934,
        "median": -0.427539348602,
        "min": -1.93435895443,
        "var": 27.4590187073
    },
    "erbbands_skewness": {
        "dmean": 0.307487666607,
        "dmean2": 0.449200630188,
        "dvar": 0.130601644516,
        "dvar2": 0.278943628073,
        "max": 12.0314674377,
        "mean": 0.712927997112,
        "median": 0.649620652199,
        "min": -1.78717947006,
        "var": 0.480362445116
    },
    "erbbands_spread": {
        "dmean": 10.5623607635,
        "dmean2": 16.3790111542,
        "dvar": 128.639923096,
        "dvar2": 287.425354004,
        "max": 221.225509644,
        "mean": 58.4547805786,
        "median": 59.739566803,
        "min": 0.509932160378,
        "var": 458.556304932
    },
    "hfc": {
        "dmean": 13.118979454,
        "dmean2": 21.3726196289,
        "dvar": 222.933181763,
        "dvar2": 602.65802002,
        "max": 158.899368286,
        "mean": 47.3287734985,
        "median": 50.3989219666,
        "min": 1.08737728872e-16,
        "var": 761.261779785
    },
    "melbands_crest": {
        "dmean": 4.6014342308,
        "dmean2": 7.70391464233,
        "dvar": 16.5648860931,
        "dvar2": 44.6253318787,
        "max": 34.5438613892,
        "mean": 16.4892482758,
        "median": 15.8288211823,
        "min": 1.60693120956,
        "var": 32.620174408
    },
    "melbands_flatness_db": {
        "dmean": 0.0324653424323,
        "dmean2": 0.0532679706812,
        "dvar": 0.00118011643644,
        "dvar2": 0.00287852971815,
        "max": 0.786077857018,
        "mean": 0.197972998023,
        "median": 0.182846009731,
        "min": 0.00342648802325,
        "var": 0.0054772766307
    },
    "melbands_kurtosis": {
        "dmean": 9.95941257477,
        "dmean2": 16.6415214539,
        "dvar": 185.628448486,
        "dvar2": 473.222259521,
        "max": 452.223205566,
        "mean": 19.8574676514,
        "median": 15.9982099533,
        "min": -1.60052287579,
        "var": 292.00567627
    },
    "melbands_skewness": {
        "dmean": 0.934442341328,
        "dmean2": 1.55400764942,
        "dvar": 0.825459480286,
        "dvar2": 2.23150873184,
        "max": 17.4935321808,
        "mean": 3.42076516151,
        "median": 3.27119064331,
        "min": -0.996819496155,
        "var": 1.75701129436
    },
    "melbands_spread": {
        "dmean": 6.54382562637,
        "dmean2": 10.9819278717,
        "dvar": 41.6329956055,
        "dvar2": 116.88809967,
        "max": 157.518066406,
        "mean": 19.3971366882,
        "median": 17.8306980133,
        "min": 0.435080468655,
        "var": 184.086074829
    },
    "pitch_salience": {
        "dmean": 0.0894796550274,
        "dmean2": 0.146943539381,
        "dvar": 0.00619892217219,
        "dvar2": 0.0164675712585,
        "max": 0.988594472408,
        "mean": 0.515009582043,
        "median": 0.515460848808,
        "min": 0.087320536375,
        "var": 0.0121046677232
    },
    "silence_rate_20dB": {
        "dmean": 0,
        "dmean2": 0,
        "dvar": 0,
        "dvar2": 0,
        "max": 1,
        "mean": 1,
        "median": 1,
        "min": 1,
        "var": 0
    },
    "silence_rate_30dB": {
        "dmean": 0.00692609138787,
        "dmean2": 0.0138534447178,
        "dvar": 0.00687849475071,
        "dvar2": 0.0196800474077,
        "max": 1,
        "mean": 0.996081650257,
        "median": 1,
        "min": 0,
        "var": 0.00390292820521
    },
    "silence_rate_60dB": {
        "dmean": 0.000729062245227,
        "dmean2": 0.00145825743675,
        "dvar": 0.000728490704205,
        "dvar2": 0.00145597720984,
        "max": 1,
        "mean": 0.0197740104049,
        "median": 0,
        "min": 0,
        "var": 0.0193811617792
    },
    "spectral_centroid": {
        "dmean": 267.799438477,
        "dmean2": 392.127655029,
        "dvar": 64990.5390625,
        "dvar2": 132207.46875,
        "max": 11638.0185547,
        "mean": 1365.70983887,
        "median": 1274.04418945,
        "min": 158.744537354,
        "var": 922983.3125
    },
    "spectral_complexity": {
        "dmean": 4.03153181076,
        "dmean2": 6.60608816147,
        "dvar": 16.6341438293,
        "dvar2": 41.8376960754,
        "max": 50,
        "mean": 21.9176235199,
        "median": 23,
        "min": 0,
        "var": 73.4450531006
    },
    "spectral_decrease": {
        "dmean": 4.01151556417e-09,
        "dmean2": 6.84136258755e-09,
        "dvar": 1.50792693019e-17,
        "dvar2": 4.24755126964e-17,
        "max": 2.27741986296e-28,
        "mean": -1.26065504702e-08,
        "median": -1.25886208124e-08,
        "min": -3.88901426618e-08,
        "var": 3.53729098231e-17
    },
    "spectral_energy": {
        "dmean": 0.0154249323532,
        "dmean2": 0.0263740494847,
        "dvar": 0.00022245265427,
        "dvar2": 0.000624396605417,
        "max": 0.151079043746,
        "mean": 0.0518728084862,
        "median": 0.0522958934307,
        "min": 1.01225112706e-20,
        "var": 0.00055341195548
    },
    "spectral_energyband_high": {
        "dmean": 0.00107442156877,
        "dmean2": 0.00169248646125,
        "dvar": 1.40289091632e-06,
        "dvar2": 3.49431888935e-06,
        "max": 0.0157625060529,
        "mean": 0.00341193587519,
        "median": 0.0034163617529,
        "min": 7.14312544984e-21,
        "var": 6.05999412073e-06
    },
    "spectral_energyband_low": {
        "dmean": 0.013619441539,
        "dmean2": 0.0234813541174,
        "dvar": 0.000185970551684,
        "dvar2": 0.000553799211048,
        "max": 0.143791660666,
        "mean": 0.0261481609195,
        "median": 0.0243023727089,
        "min": 1.2725813404e-23,
        "var": 0.000324549211655
    },
    "spectral_energyband_middle_high": {
        "dmean": 0.0024931919761,
        "dmean2": 0.00423025619239,
        "dvar": 1.33571375045e-05,
        "dvar2": 3.7369572965e-05,
        "max": 0.0359956473112,
        "mean": 0.0054802056402,
        "median": 0.00466160289943,
        "min": 1.08978521349e-21,
        "var": 1.75372442754e-05
    },
    "spectral_energyband_middle_low": {
        "dmean": 0.00762512488291,
        "dmean2": 0.0119798127562,
        "dvar": 0.000125227350509,
        "dvar2": 0.000277862389339,
        "max": 0.12986317277,
        "mean": 0.0193462502211,
        "median": 0.0156615637243,
        "min": 1.91753090289e-22,
        "var": 0.000202675568289
    },
    "spectral_entropy": {
        "dmean": 0.165692180395,
        "dmean2": 0.250982344151,
        "dvar": 0.0525301992893,
        "dvar2": 0.114167429507,
        "max": 9.83140850067,
        "mean": 7.73666381836,
        "median": 7.93312931061,
        "min": 3.23614764214,
        "var": 0.424481958151
    },
    "spectral_flux": {
        "dmean": 0.034571070224,
        "dmean2": 0.0536577254534,
        "dvar": 0.00116611109115,
        "dvar2": 0.0023867895361,
        "max": 0.341662228107,
        "mean": 0.117849051952,
        "median": 0.113721720874,
        "min": 6.37563335459e-11,
        "var": 0.0035687002819
    },
    "spectral_kurtosis": {
        "dmean": 1.45381689072,
        "dmean2": 2.24236631393,
        "dvar": 51.3657226562,
        "dvar2": 104.353012085,
        "max": 336.985351562,
        "mean": 2.99364042282,
        "median": 1.95025682449,
        "min": -1.26204538345,
        "var": 93.2618560791
    },
    "spectral_rms": {
        "dmean": 0.00102561910171,
        "dmean2": 0.00174287706614,
        "dvar": 8.65101242198e-07,
        "dvar2": 2.44500074587e-06,
        "max": 0.0121406009421,
        "mean": 0.00685637863353,
        "median": 0.00714285578579,
        "min": 3.14255002229e-12,
        "var": 3.59766977454e-06
    },
    "spectral_rolloff": {
        "dmean": 883.876403809,
        "dmean2": 1556.8861084,
        "dvar": 1975409.25,
        "dvar2": 5295267,
        "max": 19853.6132812,
        "mean": 1463.77880859,
        "median": 839.794921875,
        "min": 64.599609375,
        "var": 4289160.5
    },
    "spectral_skewness": {
        "dmean": 0.213009521365,
        "dmean2": 0.313694030046,
        "dvar": 0.171979770064,
        "dvar2": 0.335601240396,
        "max": 15.498966217,
        "mean": 1.38515710831,
        "median": 1.34116435051,
        "min": -0.10607842356,
        "var": 0.501688599586
    },
    "spectral_spread": {
        "dmean": 706386.25,
        "dmean2": 1074037.375,
        "dvar": 838470139904,
        "dvar2": 1.54853651251e+12,
        "max": 42353056,
        "mean": 7420340.5,
        "median": 7860617,
        "min": 441386.71875,
        "var": 1.32840454881e+13
    },
    "spectral_strongpeak": {
        "dmean": 0.349840432405,
        "dmean2": 0.613037467003,
        "dvar": 0.272421300411,
        "dvar2": 0.717654466629,
        "max": 5.12408447266,
        "mean": 0.645334124565,
        "median": 0.436964392662,
        "min": 0,
        "var": 0.387237370014
    },
    "zerocrossingrate": {
        "dmean": 0.015100274235,
        "dmean2": 0.0198655966669,
        "dvar": 0.000203393079573,
        "dvar2": 0.000352309987647,
        "max": 0.5263671875,
        "mean": 0.0911868587136,
        "median": 0.0908203125,
        "min": 0.00244140625,
        "var": 0.00289418757893
    },
    "barkbands": {
        "dmean": [0.00163979746867, 0.0112268431112, 0.00377626204863, 0.00398797076195, 0.00366521137767, 0.000942727085203, 0.000875514815561, 0.00130876747426, 0.00103609939106, 0.00109902373515, 0.000539885193575, 0.000481060735183, 0.000325521396007, 0.000328803434968, 0.000253084319411, 0.000146462392877, 0.000152481516125, 0.000142801727634, 0.000133497873321, 0.00015619196347, 0.000194723528693, 0.000175594293978, 0.000180707924301, 0.000247381191002, 0.000232803678955, 0.000328066525981, 0.000114057009341],
        "dmean2": [0.00277133681811, 0.0189052261412, 0.00632681371644, 0.00689354119822, 0.00631999922916, 0.0014775848249, 0.00136452633888, 0.00208534579724, 0.00159238174092, 0.00173545081634, 0.000908903952222, 0.000761864357628, 0.000588944472838, 0.000572736316826, 0.000442716060206, 0.000240690569626, 0.000259222520981, 0.000244462426053, 0.000223231938435, 0.000253657781286, 0.000307076174067, 0.000279854051769, 0.000283069413854, 0.00039171933895, 0.000371631234884, 0.000526882417034, 0.000182750314707],
        "dvar": [6.06173489359e-06, 0.000149958592374, 3.64151201211e-05, 7.56955778343e-05, 4.98586596223e-05, 2.13807993532e-06, 1.70197438365e-06, 3.37782853421e-06, 1.82885253253e-06, 2.25710141422e-06, 8.85829990693e-07, 5.24263384705e-07, 4.09582867178e-07, 2.84653253857e-07, 1.80920807225e-07, 3.67942973867e-08, 4.06547613352e-08, 3.94321446606e-08, 2.39309656536e-08, 2.74452673921e-08, 4.84340247908e-08, 5.19666585319e-08, 4.3101003655e-08, 8.82337261032e-08, 7.26961530972e-08, 3.02301970123e-07, 2.49989007273e-08],
        "dvar2": [1.77759557118e-05, 0.000416072667576, 9.4439550594e-05, 0.000202720766538, 0.000136613511131, 4.89314516017e-06, 4.0480908865e-06, 8.22552647151e-06, 4.18306899519e-06, 5.45357215742e-06, 2.28998351304e-06, 1.2708135273e-06, 1.15913030641e-06, 7.91877880602e-07, 4.99577424762e-07, 9.23553571397e-08, 1.09411757876e-07, 1.07673692185e-07, 6.37977208839e-08, 6.65900401486e-08, 1.12135019492e-07, 1.24940143564e-07, 1.00898567723e-07, 2.04919913926e-07, 1.86697405979e-07, 7.62210618177e-07, 6.2612258489e-08],
        "max": [0.0414819605649, 0.118945270777, 0.0545966476202, 0.0909122675657, 0.101170010865, 0.0370156019926, 0.0239644665271, 0.0514946579933, 0.0280480924994, 0.0249584689736, 0.015856795013, 0.0167904589325, 0.0056506851688, 0.00451513193548, 0.00553610455245, 0.00263810437173, 0.00222180550918, 0.00191228464246, 0.00151214341167, 0.00179836153984, 0.00333486567251, 0.00365612679161, 0.00287952669896, 0.00419713137671, 0.00293644075282, 0.00780333578587, 0.00192192289978],
        "mean": [0.00200156052597, 0.0169237237424, 0.00483406614512, 0.00433884281665, 0.00631287880242, 0.00192164559849, 0.0016872738488, 0.00268779112957, 0.0021984691266, 0.00185276358388, 0.000704374571797, 0.000852406781632, 0.000329720467562, 0.000392404792365, 0.000315733108437, 0.000247862830292, 0.000227463300689, 0.00021902906883, 0.000242500682361, 0.000345795589965, 0.000415956892539, 0.00038523125113, 0.000422446173616, 0.000596339348704, 0.000582150474656, 0.000619818631094, 0.000214613683056],
        "median": [0.000985203892924, 0.013118641451, 0.00236333999783, 0.00139601028059, 0.00359388673678, 0.00111212953925, 0.00100442499388, 0.0017925692955, 0.00151615717914, 0.00111093604937, 0.000303011649521, 0.000549218151718, 0.000148131424794, 0.000221698952373, 0.000186545177712, 0.000172965344973, 0.000160721130669, 0.000162556883879, 0.000204422380193, 0.000304795335978, 0.000332163472194, 0.000281134241959, 0.000343790219631, 0.000522545888089, 0.000557952094823, 0.000505953095853, 0.000139971656608],
        "min": [5.65646795632e-26, 2.67574637632e-24, 7.96397090664e-25, 1.03903404042e-24, 5.07430320219e-24, 5.40462647891e-24, 6.27623889309e-24, 3.25656415045e-24, 1.2900135098e-23, 1.11289743384e-23, 1.84225179997e-23, 1.19023846139e-23, 3.4338010799e-23, 3.50790919769e-23, 5.71481510654e-23, 7.04757604216e-23, 7.56210394116e-23, 1.15063655532e-22, 1.42682269048e-22, 1.65570001673e-22, 1.74288719589e-22, 3.73419060358e-22, 3.15384040309e-22, 5.96940058928e-22, 7.98049506558e-22, 1.3524122307e-21, 1.93453089326e-21],
        "var": [8.46708098834e-06, 0.000233144979575, 4.26696096838e-05, 6.63895552862e-05, 6.78340875311e-05, 6.36371851215e-06, 4.45419436801e-06, 8.73136377777e-06, 5.17614898854e-06, 4.71235762234e-06, 1.29137481508e-06, 1.06080506157e-06, 2.93572526289e-07, 2.63230646169e-07, 1.67919679939e-07, 6.64848158749e-08, 5.35178692473e-08, 4.58175541951e-08, 3.6568874151e-08, 6.12180457438e-08, 1.155290974e-07, 1.56094969839e-07, 1.50832576651e-07, 3.05546876689e-07, 2.44365907065e-07, 4.52532418649e-07, 5.98251261863e-08]
    },
    "erbbands": {
        "dmean": [0.485299229622, 2.08660626411, 3.55169034004, 10.3200283051, 12.0824079514, 11.3816595078, 11.1389341354, 6.04180622101, 12.9354734421, 13.9262266159, 31.9475841522, 18.7449378967, 28.6060466766, 24.0135211945, 20.3870124817, 14.8653097153, 14.384303093, 17.0465812683, 13.3217573166, 9.61034297943, 8.50137805939, 9.90984725952, 8.07391262054, 7.59669971466, 5.48296785355, 6.2623128891, 8.17912960052, 7.73541593552, 6.88128662109, 5.71703863144, 5.54518985748, 5.20253753662, 4.14987611771, 2.95045757294, 1.90572333336, 1.74989020824, 0.517923116684, 0.16518740356, 0.0189079586416, 0.000255892577115],
        "dmean2": [0.790694117546, 3.59501671791, 5.77377843857, 18.1135597229, 20.2071819305, 19.6985378265, 17.3395004272, 9.74230670929, 19.8116321564, 22.9293727875, 49.4033660889, 29.9919433594, 46.3496932983, 39.4829711914, 34.1887702942, 23.8172569275, 25.3673038483, 31.2454738617, 22.9419879913, 16.3351516724, 13.995467186, 16.8994979858, 13.8055963516, 12.8959722519, 8.96780872345, 10.1842098236, 13.2572803497, 12.1563625336, 11.0488071442, 8.93605613708, 8.72128105164, 8.32520389557, 6.61235427856, 4.78736352921, 3.06321883202, 2.83172655106, 0.838338971138, 0.264646917582, 0.030484944582, 0.000410836539231],
        "dvar": [0.32223790884, 5.6376748085, 24.6698169708, 461.280731201, 669.244995117, 453.838562012, 303.749023438, 86.2611541748, 368.567260742, 419.857635498, 1594.96020508, 621.155273438, 1723.9128418, 1233.38562012, 1251.14416504, 472.266967773, 661.69354248, 1261.92834473, 406.604614258, 196.150375366, 135.478469849, 178.884155273, 127.63835144, 89.4957427979, 34.4854736328, 45.0047302246, 90.5554580688, 88.4256057739, 77.2934417725, 52.7772102356, 43.2414131165, 42.4128341675, 24.5722198486, 12.7600488663, 5.6973028183, 9.99924182892, 0.571794033051, 0.0491219498217, 0.000719565490726, 1.18535588456e-07],
        "dvar2": [0.852310657501, 15.8982448578, 61.2895317078, 1257.85229492, 1721.97790527, 1247.00488281, 722.763549805, 217.543182373, 838.765380859, 1086.33190918, 3827.03686523, 1554.01550293, 4456.02783203, 3189.18334961, 3274.32299805, 1174.21374512, 1856.29223633, 3600.9128418, 1119.80664062, 532.986938477, 344.757568359, 484.705108643, 347.154663086, 242.665237427, 89.3103942871, 113.169181824, 217.714096069, 204.060592651, 191.8230896, 125.516914368, 101.016609192, 101.031898499, 59.3637542725, 32.2567558289, 14.7899951935, 25.4026107788, 1.45963144302, 0.123794160783, 0.00182806141675, 2.9983289096e-07],
        "max": [5.58884000778, 23.2561626434, 46.3628501892, 190.957885742, 318.094329834, 495.785583496, 456.069610596, 223.03894043, 430.338226318, 377.681182861, 966.809570312, 414.837158203, 577.958435059, 621.62878418, 776.67565918, 452.623809814, 252.984573364, 301.402740479, 195.440704346, 218.082733154, 182.385360718, 149.183456421, 118.733627319, 98.7128753662, 78.9224472046, 75.2172470093, 130.248855591, 207.286422729, 122.563751221, 126.348556519, 97.219078064, 86.0612564087, 66.8218841553, 57.7251625061, 26.1306877136, 46.3983535767, 9.95808315277, 2.72706270218, 0.321817725897, 0.00416354555637],
        "mean": [0.659978866577, 3.10711622238, 5.50771522522, 11.9251480103, 16.3417358398, 19.8336486816, 24.7958335876, 12.5291643143, 25.4679336548, 26.1544723511, 77.2638015747, 38.1981544495, 46.25390625, 40.9369888306, 30.2104797363, 26.9649333954, 17.5879001617, 16.8663825989, 18.347240448, 15.5192317963, 14.7384843826, 15.1975793839, 12.5506334305, 13.3845214844, 12.1114778519, 14.1956567764, 17.11743927, 16.0150051117, 14.2366714478, 12.8188943863, 12.4677448273, 11.7613363266, 9.69416046143, 6.78433132172, 4.26094770432, 2.85467219353, 1.03460133076, 0.344982326031, 0.0342588946223, 0.000557562918402],
        "median": [0.417584896088, 2.38906955719, 3.35139656067, 5.10841274261, 6.89653015137, 11.265709877, 14.8100776672, 8.24549293518, 14.6717567444, 17.910451889, 57.3821678162, 27.1660270691, 28.2953834534, 26.7475471497, 16.3738822937, 18.1092891693, 9.65404891968, 8.37247371674, 12.0840978622, 11.5093612671, 10.4894695282, 11.0737380981, 9.15336799622, 11.2824764252, 10.7224235535, 12.4259490967, 14.1662750244, 12.1526536942, 10.585773468, 9.29361057281, 9.95356178284, 9.80523681641, 8.53854084015, 6.08186531067, 3.95697927475, 2.15018963814, 0.876187980175, 0.266129523516, 0.0212997682393, 0.000412832363509],
        "min": [7.5213621153e-23, 6.46025534049e-22, 1.26585896753e-21, 5.12945158771e-21, 7.95201357707e-21, 1.54149275364e-20, 3.36827202262e-20, 1.02661941586e-19, 1.41576821525e-19, 1.81067729362e-19, 2.42904068418e-19, 2.97429255308e-19, 5.39349780128e-19, 6.03118167525e-19, 9.90965062176e-19, 9.93188316867e-19, 1.81474844395e-18, 2.39947538793e-18, 2.5546222108e-18, 3.42377686277e-18, 4.87317410582e-18, 5.2796647209e-18, 5.74944251105e-18, 5.90870414388e-18, 7.19621655758e-18, 7.0991684194e-18, 1.03772322474e-17, 8.41758678233e-18, 1.13986596832e-17, 1.32236310455e-17, 9.65462959813e-18, 1.01512448497e-17, 9.71225761705e-18, 7.90463140497e-18, 5.70674386142e-18, 3.61725916433e-18, 2.32953974868e-18, 1.01143571438e-18, 2.47855106276e-19, 2.88282298556e-20],
        "var": [0.501627206802, 8.05026435852, 38.9996337891, 393.866821289, 739.407897949, 714.65234375, 966.269165039, 201.100357056, 1031.47595215, 786.30847168, 5093.43017578, 1331.60192871, 2797.85229492, 2046.02819824, 1860.88806152, 955.697814941, 578.844482422, 829.24230957, 429.654083252, 232.197921753, 231.278366089, 225.231338501, 146.429916382, 115.623725891, 73.8077316284, 101.298522949, 176.698028564, 214.628387451, 197.417877197, 178.545288086, 140.434875488, 130.047058105, 79.3338775635, 37.1315231323, 14.2746019363, 12.2095851898, 1.08203947544, 0.1248588413, 0.00160226935986, 3.01018559412e-07]
    },
    "gfcc": {
        "mean": [54.7051048279, 64.8023300171, -79.9711837769, 27.2162075043, -62.5788574219, 13.4106626511, -24.2002601624, 13.3997716904, -17.4107894897, 3.1346616745, -17.720243454, 1.22407400608, -8.65490627289],
        "cov": [[17032.5234375, -2641.20678711, 1200.5604248, -589.969787598, 482.938842773, 1335.80969238, -713.29901123, 784.978393555, -813.283996582, 690.570373535, -652.727111816, 497.3125, -634.167236328], [-2641.20678711, 2377.95214844, -1147.24694824, 635.172424316, -505.658203125, -680.781311035, 318.273162842, -455.050567627, 363.887939453, -447.213653564, 260.322937012, -347.844177246, 315.074493408], [1200.5604248, -1147.24694824, 1564.66186523, -312.812438965, 663.905090332, 484.422851562, -196.811721802, 301.109558105, -285.873291016, 296.918914795, -197.219833374, 236.134552002, -212.028121948], [-589.969787598, 635.172424316, -312.812438965, 459.391784668, -175.90473938, -144.57800293, 94.2968139648, -130.960205078, 128.312866211, -134.009613037, 102.134078979, -104.859031677, 111.821998596], [482.938842773, -505.658203125, 663.905090332, -175.90473938, 448.283874512, 258.069549561, -58.0256385803, 136.462585449, -128.634353638, 142.850799561, -89.894317627, 108.864929199, -108.386711121], [1335.80969238, -680.781311035, 484.422851562, -144.57800293, 258.069549561, 354.401489258, -83.7751617432, 195.18888855, -139.777893066, 166.113021851, -100.426948547, 122.946174622, -112.415771484], [-713.29901123, 318.273162842, -196.811721802, 94.2968139648, -58.0256385803, -83.7751617432, 189.162078857, -22.3544006348, 125.289764404, -67.7030334473, 60.6205329895, -52.5800361633, 58.9535560608], [784.978393555, -455.050567627, 301.109558105, -130.960205078, 136.462585449, 195.18888855, -22.3544006348, 219.207855225, -55.2069244385, 136.737380981, -65.4216461182, 87.5202636719, -72.2289962769], [-813.283996582, 363.887939453, -285.873291016, 128.312866211, -128.634353638, -139.777893066, 125.289764404, -55.2069244385, 185.722061157, -63.2340164185, 89.1675491333, -65.1809234619, 81.5387802124], [690.570373535, -447.213653564, 296.918914795, -134.009613037, 142.850799561, 166.113021851, -67.7030334473, 136.737380981, -63.2340164185, 176.364089966, -39.6816177368, 98.8260498047, -67.9654006958], [-652.727111816, 260.322937012, -197.219833374, 102.134078979, -89.894317627, -100.426948547, 60.6205329895, -65.4216461182, 89.1675491333, -39.6816177368, 118.988594055, -18.8335437775, 66.6991348267], [497.3125, -347.844177246, 236.134552002, -104.859031677, 108.864929199, 122.946174622, -52.5800361633, 87.5202636719, -65.1809234619, 98.8260498047, -18.8335437775, 125.249328613, -20.8126163483], [-634.167236328, 315.074493408, -212.028121948, 111.821998596, -108.386711121, -112.415771484, 58.9535560608, -72.2289962769, 81.5387802124, -67.9654006958, 66.6991348267, -20.8126163483, 126.019721985]],
        "icov": [[0.000120351491205, -9.07637222554e-05, 9.9898512417e-05, -7.9832127085e-05, 0.000184687989531, -0.000428083905717, 0.000189614307601, -4.61668496428e-05, 5.0298502174e-05, -0.000100981626019, 0.000412568973843, -0.000385136721889, 0.000364321371308], [-9.07637222554e-05, 0.00184926204383, 0.000208086392377, -0.000986858154647, -0.00093386817025, 0.00219568866305, -0.000995022477582, 0.000147907107021, 0.000584941590205, 0.000474068307085, -0.000700826290995, 0.00197637896053, -0.00157423538622], [9.9898512417e-05, 0.000208086392377, 0.00243393797427, -0.000748193007894, -0.00264832563698, 0.000276523001958, 0.000800139561761, -0.000927266606595, 0.000576598802581, -0.000265707320068, 0.00107844860759, -0.0012631615391, 0.000508790661115], [-7.9832127085e-05, -0.000986858154647, -0.000748193007894, 0.0046829781495, 0.00132022809703, -0.00274651567452, 0.00046850866056, 0.00078936747741, -0.00120409589726, 0.000998064992018, -0.00219926913269, 0.00208976725116, -0.00160336238332], [0.000184687989531, -0.00093386817025, -0.00264832563698, 0.00132022809703, 0.00820104964077, -0.00422238837928, -0.00192994973622, 0.00245430320501, 0.000171774780028, -0.00136648246553, 0.000711507687811, -0.00116079603322, 0.00181706564035], [-0.000428083905717, 0.00219568866305, 0.000276523001958, -0.00274651567452, -0.00422238837928, 0.0141817992553, -0.00193378014956, -0.0044614430517, 0.00350229116157, -0.00133824127261, 0.000139929077704, -0.000145312442328, -0.000460643059341], [0.000189614307601, -0.000995022477582, 0.000800139561761, 0.00046850866056, -0.00192994973622, -0.00193378014956, 0.0130300382152, -0.00431551830843, -0.00719151366502, 0.00493619311601, -0.00113381445408, -0.000332743598847, 0.000278938037809], [-4.61668496428e-05, 0.000147907107021, -0.000927266606595, 0.00078936747741, 0.00245430320501, -0.0044614430517, -0.00431551830843, 0.0146254589781, -0.00229844357818, -0.00622715009376, 0.0041328528896, -0.00223709107377, 0.0012417442631], [5.0298502174e-05, 0.000584941590205, 0.000576598802581, -0.00120409589726, 0.000171774780028, 0.00350229116157, -0.00719151366502, -0.00229844357818, 0.0179420802742, -0.00469012698159, -0.00522269401699, 0.00587486941367, -0.00425601797178], [-0.000100981626019, 0.000474068307085, -0.000265707320068, 0.000998064992018, -0.00136648246553, -0.00133824127261, 0.00493619311601, -0.00622715009376, -0.00469012698159, 0.0197156127542, -0.00374878756702, -0.00601943209767, 0.0033842602279], [0.000412568973843, -0.000700826290995, 0.00107844860759, -0.00219926913269, 0.000711507687811, 0.000139929077704, -0.00113381445408, 0.0041328528896, -0.00522269401699, -0.00374878756702, 0.0205468777567, -0.0081891445443, 0.000360327831004], [-0.000385136721889, 0.00197637896053, -0.0012631615391, 0.00208976725116, -0.00116079603322, -0.000145312442328, -0.000332743598847, -0.00223709107377, 0.00587486941367, -0.00601943209767, -0.0081891445443, 0.0263776741922, -0.0114705665037], [0.000364321371308, -0.00157423538622, 0.000508790661115, -0.00160336238332, 0.00181706564035, -0.000460643059341, 0.000278938037809, 0.0012417442631, -0.00425601797178, 0.0033842602279, 0.000360327831004, -0.0114705665037, 0.0202102977782]]
    },
    "melbands": {
        "dmean": [0.00360649474896, 0.00185592670459, 0.00171193585265, 0.000880462641362, 0.000381288031349, 0.000150428561028, 0.000183635056601, 0.000194322215975, 0.000276402541203, 0.000107618012407, 0.000153857690748, 0.000109849628643, 6.67043277645e-05, 5.56796148885e-05, 4.02656769438e-05, 3.75621384592e-05, 3.16475416184e-05, 2.26882348215e-05, 2.19417670451e-05, 9.35090702114e-06, 9.96532617137e-06, 1.18251018648e-05, 7.48668753658e-06, 5.886100098e-06, 6.80158791511e-06, 4.9391437642e-06, 5.5461773627e-06, 4.44025181423e-06, 6.02126874583e-06, 4.48769242212e-06, 4.76505283586e-06, 4.23089340984e-06, 3.73549869437e-06, 3.45762350662e-06, 3.41104555446e-06, 3.65034543393e-06, 3.62155560651e-06, 3.40435985891e-06, 2.91488163384e-06, 2.6236712074e-06],
        "dmean2": [0.00599703099579, 0.00310553284362, 0.00290211429819, 0.00150377268437, 0.000608295609709, 0.000238706721575, 0.000283566798316, 0.00031238750671, 0.000419557502028, 0.000174728615093, 0.000246994168265, 0.000177213994903, 0.000113786460133, 8.84810942807e-05, 6.54062387184e-05, 6.85909035383e-05, 5.74830773985e-05, 3.84259074053e-05, 3.78622426069e-05, 1.54724511958e-05, 1.63912209246e-05, 2.01171096705e-05, 1.28737965497e-05, 1.00810257209e-05, 1.15376069516e-05, 8.28727752378e-06, 9.0528274086e-06, 7.33416209187e-06, 9.87263047136e-06, 7.09071582605e-06, 7.62841318647e-06, 6.87424289936e-06, 6.02543786954e-06, 5.51634593648e-06, 5.40679320693e-06, 5.86740225117e-06, 5.89933051742e-06, 5.53074050913e-06, 4.67744166599e-06, 4.29212468589e-06],
        "dvar": [1.61887419381e-05, 4.35529591414e-06, 1.19113901746e-05, 3.07508844344e-06, 3.49244402287e-07, 4.82815316616e-08, 7.20707618029e-08, 7.68069909896e-08, 1.14351024649e-07, 2.17825686377e-08, 4.84107225418e-08, 2.2793742005e-08, 1.33666420155e-08, 8.6452018877e-09, 4.45643477676e-09, 6.19462214857e-09, 3.99514377136e-09, 1.04717989835e-09, 1.32854860446e-09, 1.63269925357e-10, 2.03143279975e-10, 2.58638138684e-10, 1.14567022536e-10, 6.48943815351e-11, 7.03951619219e-11, 3.33182093026e-11, 4.29467746088e-11, 2.5803203324e-11, 4.79755644933e-11, 2.72468245882e-11, 4.02552331746e-11, 2.93818233632e-11, 2.43741329203e-11, 1.9334702242e-11, 1.76254583845e-11, 1.906213902e-11, 2.14091921275e-11, 1.72559310591e-11, 1.24342281263e-11, 1.02346985054e-11],
        "dvar2": [4.43206772616e-05, 1.16272149171e-05, 3.08786184178e-05, 8.23368281999e-06, 8.61524029006e-07, 1.18776007696e-07, 1.67724607536e-07, 1.88739193163e-07, 2.60844842614e-07, 5.57762227515e-08, 1.22652792811e-07, 5.76174770117e-08, 3.59315457388e-08, 2.09599733125e-08, 1.05950856977e-08, 1.75751182496e-08, 1.13869278451e-08, 2.77200351562e-09, 3.58795126942e-09, 4.17206102998e-10, 5.19476572869e-10, 6.95215884861e-10, 3.13332942925e-10, 1.78350445523e-10, 1.89509644088e-10, 8.93695117909e-11, 1.0562017233e-10, 6.60453011725e-11, 1.18608067812e-10, 6.47339265525e-11, 9.6164444463e-11, 7.2874151158e-11, 6.11370815085e-11, 4.81913398076e-11, 4.27134404235e-11, 4.78318669395e-11, 5.31451931074e-11, 4.41370273663e-11, 3.09011878585e-11, 2.6437862316e-11],
        "max": [0.0389729738235, 0.0224585533142, 0.0320737995207, 0.0264556631446, 0.015797810629, 0.00501960236579, 0.00555180804804, 0.00663478625938, 0.00698931049556, 0.00222942256369, 0.0032595328521, 0.00230835471302, 0.00213098828681, 0.002418250544, 0.00160921132192, 0.000671043235343, 0.000559956009965, 0.000396119779907, 0.000551213684957, 0.000214577172301, 0.00021699568606, 0.000174875778612, 0.000114570408186, 8.44153328217e-05, 9.2881389719e-05, 6.08494628977e-05, 0.000101670360891, 6.58439093968e-05, 0.000105480670754, 6.97577925166e-05, 0.00014839618234, 6.23978048679e-05, 8.33091180539e-05, 7.41291296436e-05, 6.24711974524e-05, 4.99507841596e-05, 5.9409871028e-05, 5.09088531544e-05, 4.26916049037e-05, 5.14656021551e-05],
        "mean": [0.00527915498242, 0.0033133784309, 0.00210403255187, 0.00137082696892, 0.000862332584802, 0.000323523854604, 0.000355408788892, 0.000355289783329, 0.000684657250531, 0.000202941679163, 0.00024688130361, 0.000192565086763, 9.08227739274e-05, 9.47242151597e-05, 5.87120521232e-05, 3.39096259268e-05, 3.17148733302e-05, 3.05828907585e-05, 2.76890004898e-05, 1.62769756571e-05, 1.55943562277e-05, 1.67605430761e-05, 1.11602030302e-05, 9.26202665141e-06, 1.13196583698e-05, 8.97867084859e-06, 1.05241633719e-05, 8.96671372175e-06, 1.15753355203e-05, 8.80727475305e-06, 9.03575892153e-06, 8.01627993496e-06, 7.3602136581e-06, 7.05286811353e-06, 6.97373207004e-06, 7.43186728869e-06, 7.16433487469e-06, 6.96057986715e-06, 6.24095446256e-06, 5.43347459825e-06],
        "median": [0.00388732762076, 0.00265741953626, 0.00100946635939, 0.000663002021611, 0.000541780143976, 0.000214894942474, 0.000207575416425, 0.000223102979362, 0.000509883160703, 0.000141091528349, 0.000146929218317, 0.000126521481434, 4.69062215416e-05, 5.62818604521e-05, 3.03102424368e-05, 1.17372846944e-05, 1.56431597134e-05, 1.85536209756e-05, 1.57564409164e-05, 1.19376727525e-05, 9.99121039058e-06, 1.12848010758e-05, 7.99787721917e-06, 6.93248694006e-06, 9.29180714593e-06, 7.44833960198e-06, 8.55701819091e-06, 7.3902629083e-06, 9.53516610025e-06, 6.68013535687e-06, 6.50866695651e-06, 5.80360256208e-06, 4.94038476972e-06, 5.02888769915e-06, 5.11002008352e-06, 6.04384285907e-06, 5.6437065723e-06, 5.72808448851e-06, 5.27136944584e-06, 4.65265475214e-06],
        "min": [1.07214164515e-24, 9.51863431282e-25, 9.76625873705e-25, 1.42482271903e-24, 1.02979145023e-24, 2.28445046252e-24, 2.18470511472e-24, 2.42649413762e-24, 2.62931520673e-24, 1.74499700438e-24, 2.44717767612e-24, 1.62701260081e-24, 2.84927506787e-24, 1.54141764272e-24, 3.06642106216e-24, 3.61392997343e-24, 4.38258381213e-24, 3.5141828507e-24, 4.33514329501e-24, 4.24422392024e-24, 4.63494751546e-24, 4.84386746545e-24, 4.02889210882e-24, 3.91348096952e-24, 3.9387375347e-24, 5.05655067638e-24, 4.30826995942e-24, 3.4255945599e-24, 5.53683246688e-24, 3.83131203435e-24, 4.88190791602e-24, 5.91077304634e-24, 6.66566323439e-24, 7.09808049504e-24, 5.709777993e-24, 5.29337815861e-24, 6.11649022105e-24, 6.26361277987e-24, 6.43703793343e-24, 5.69199943478e-24],
        "var": [2.53133275692e-05, 8.10209712654e-06, 1.09670490929e-05, 4.33505874753e-06, 1.06664231225e-06, 1.27329172983e-07, 1.95504142653e-07, 1.72875161297e-07, 3.99681908902e-07, 4.07863183227e-08, 8.48878727311e-08, 4.34162501506e-08, 1.73651102386e-08, 1.58464885658e-08, 7.9229725003e-09, 4.14378797942e-09, 2.74683231716e-09, 1.32359578853e-09, 1.37228717279e-09, 2.6267121811e-10, 3.2406793915e-10, 3.29550803313e-10, 1.22572577088e-10, 7.74212777221e-11, 9.03117511331e-11, 5.41287188682e-11, 7.88039355992e-11, 5.1130970985e-11, 8.47579437191e-11, 6.02920005588e-11, 8.49268780301e-11, 6.61539920066e-11, 6.55573928476e-11, 5.4981540154e-11, 5.06089545271e-11, 5.02978284023e-11, 5.40383050807e-11, 4.49319886853e-11, 3.4728837861e-11, 2.60933687851e-11]
    },
    "mfcc": {
        "mean": [-596.795288086, 104.562522888, 30.7081203461, 20.4653778076, -5.51171922684, 3.00274443626, 2.63619279861, 7.43776845932, 7.77875041962, 6.99899196625, -1.72579669952, 1.58251512051, -0.607311546803],
        "cov": [[6784.72265625, -995.141906738, 427.25491333, -705.663818359, 768.85144043, 374.525878906, 439.387054443, 136.167770386, 107.313232422, 31.7427349091, 204.416976929, 26.9239501953, 39.5363464355], [-995.141906738, 1061.92810059, -155.376449585, 392.759033203, -255.03326416, -56.3948936462, -132.093719482, -19.463552475, -23.9111022949, 1.22686469555, -86.8782272339, -19.4256973267, -66.5938873291], [427.25491333, -155.376449585, 528.108398438, -44.9043388367, 326.56539917, 94.4858856201, 147.501190186, 35.7381324768, 44.1767082214, -4.88990116119, 41.2363624573, 4.84883928299, 39.4343147278], [-705.663818359, 392.759033203, -44.9043388367, 425.722503662, -175.322067261, 0.802780389786, -109.232772827, 5.72096633911, -24.8129234314, 17.0042057037, -60.1383743286, -2.39904594421, -28.6029434204], [768.85144043, -255.03326416, 326.56539917, -175.322067261, 458.686126709, 135.920883179, 191.820220947, 20.9328651428, 28.0375556946, -18.2189941406, 66.0338821411, -1.66682493687, 28.4912204742], [374.525878906, -56.3948936462, 94.4858856201, 0.802780389786, 135.920883179, 131.526901245, 68.9569702148, 23.3844470978, 9.25371837616, 0.0541363470256, 19.3192634583, -4.42645406723, 2.73600125313], [439.387054443, -132.093719482, 147.501190186, -109.232772827, 191.820220947, 68.9569702148, 167.048568726, 48.4799041748, 39.9928894043, 4.96846294403, 41.8158073425, 10.9185390472, 23.0382270813], [136.167770386, -19.463552475, 35.7381324768, 5.72096633911, 20.9328651428, 23.3844470978, 48.4799041748, 89.7997665405, 43.3343811035, 26.2618122101, 9.4571390152, 15.416727066, 14.540389061], [107.313232422, -23.9111022949, 44.1767082214, -24.8129234314, 28.0375556946, 9.25371837616, 39.9928894043, 43.3343811035, 96.8075942993, 36.8720550537, 25.353181839, 5.48740673065, 21.0862808228], [31.7427349091, 1.22686469555, -4.88990116119, 17.0042057037, -18.2189941406, 0.0541363470256, 4.96846294403, 26.2618122101, 36.8720550537, 78.2682037354, 30.1441860199, 11.0328044891, 2.96491599083], [204.416976929, -86.8782272339, 41.2363624573, -60.1383743286, 66.0338821411, 19.3192634583, 41.8158073425, 9.4571390152, 25.353181839, 30.1441860199, 90.076133728, 22.5606040955, 13.6905088425], [26.9239501953, -19.4256973267, 4.84883928299, -2.39904594421, -1.66682493687, -4.42645406723, 10.9185390472, 15.416727066, 5.48740673065, 11.0328044891, 22.5606040955, 74.5311355591, 29.6835193634], [39.5363464355, -66.5938873291, 39.4343147278, -28.6029434204, 28.4912204742, 2.73600125313, 23.0382270813, 14.540389061, 21.0862808228, 2.96491599083, 13.6905088425, 29.6835193634, 87.8855895996]],
