{
"lowlevel": {
    "average_loudness": 0.902559041977,
    "barkbands_crest": {
        "dmean": 3.31974625587,
        "dmean2": 5.58778381348,
        "dvar": 7.37331390381,
        "dvar2": 20.619304657,
        "max": 25.1588897705,
        "mean": 12.9740867615,
        "median": 12.5006322861,
        "min": 3.94462156296,
        "var": 17.5079021454
    },
    "barkbands_flatness_db": {
        "dmean": 0.0295821670443,
        "dmean2": 0.0478360317647,
        "dvar": 0.000695047376212,
        "dvar2": 0.00168406090233,
        "max": 0.55741161108,
        "mean": 0.176035314798,
        "median": 0.161142975092,
        "min": 0.0353927724063,
        "var": 0.00517203100026
    },
    "barkbands_kurtosis": {
        "dmean": 9.97327423096,
        "dmean2": 16.2157268524,
        "dvar": 705.418945312,
        "dvar2": 1914.17919922,
        "max": 655.388305664,
        "mean": 19.0068912506,
        "median": 10.3107204437,
        "min": -1.13389134407,
        "var": 1862.36340332
    },
    "barkbands_skewness": {
        "dmean": 0.826819658279,
        "dmean2": 1.33157765865,
        "dvar": 0.751479208469,
        "dvar2": 1.88600289822,
        "max": 20.4202423096,
        "mean": 3.16387248039,
        "median": 2.848051548,
        "min": -2.12480521202,
        "var": 3.60331749916
    },
    "barkbands_spread": {
        "dmean": 4.96415233612,
        "dmean2": 7.9713010788,
        "dvar": 37.3974304199,
        "dvar2": 94.4124221802,
        "max": 77.4202194214,
        "mean": 13.7243270874,
        "median": 10.3250637054,
        "min": 0.0998283401132,
        "var": 110.452613831
    },
    "dissonance": {
        "dmean": 0.0176286306232,
        "dmean2": 0.0293280407786,
        "dvar": 0.000275238009635,
        "dvar2": 0.000716393522453,
        "max": 0.499999970198,
        "mean": 0.459343224764,
        "median": 0.465086519718,
        "min": 0.306170850992,
        "var": 0.000722897821106
    },
    "dynamic_complexity": 1.59108507633,
    "erbbands_crest": {
        "dmean": 2.04015803337,
        "dmean2": 3.27912306786,
        "dvar": 4.1416015625,
        "dvar2": 10.3686943054,
        "max": 25.9755744934,
        "mean": 7.83359909058,
        "median": 7.16491603851,
        "min": 2.37042498589,
        "var": 11.3315515518
    },
    "erbbands_flatness_db": {
        "dmean": 0.0113304015249,
        "dmean2": 0.0178844295442,
        "dvar": 0.000182125979336,
        "dvar2": 0.000390780420275,
        "max": 0.368493974209,
        "mean": 0.125489622355,
        "median": 0.114713579416,
        "min": 0.0400745533407,
        "var": 0.00298694428056
    },
    "erbbands_kurtosis": {
        "dmean": 0.887770295143,
        "dmean2": 1.41688895226,
        "dvar": 2.94121956825,
        "dvar2": 6.52496242523,
        "max": 55.8880805969,
        "mean": 0.833740651608,
        "median": 0.534431695938,
        "min": -1.71438038349,
        "var": 5.30336856842
    },
    "erbbands_skewness": {
        "dmean": 0.312557309866,
        "dmean2": 0.4940559268,
        "dvar": 0.114581778646,
        "dvar2": 0.264867305756,
        "max": 6.8785033226,
        "mean": 0.664807200432,
        "median": 0.721780896187,
        "min": -2.90454316139,
        "var": 0.45388931036
    },
    "erbbands_spread": {
        "dmean": 7.90281677246,
        "dmean2": 12.2213411331,
        "dvar": 82.9493789673,
        "dvar2": 179.371383667,
        "max": 165.789321899,
        "mean": 46.4805908203,
        "median": 38.6429519653,
        "min": 5.94238328934,
        "var": 511.22756958
    },
    "hfc": {
        "dmean": 7.71432781219,
        "dmean2": 12.3152198792,
        "dvar": 88.7488021851,
        "dvar2": 224.037185669,
        "max": 147.019668579,
        "mean": 27.6110591888,
        "median": 23.3088779449,
        "min": 1.01975097231e-16,
        "var": 309.70135498
    },
    "melbands_crest": {
        "dmean": 3.72988820076,
        "dmean2": 6.19439554214,
        "dvar": 9.2509765625,
        "dvar2": 24.7908096313,
        "max": 37.8540649414,
        "mean": 18.0831222534,
        "median": 17.8575134277,
        "min": 1.64533925056,
        "var": 24.3844223022
    },
    "melbands_flatness_db": {
        "dmean": 0.0355759225786,
        "dmean2": 0.0571832992136,
        "dvar": 0.00100006908178,
        "dvar2": 0.00240796920843,
        "max": 0.688484430313,
        "mean": 0.279852390289,
        "median": 0.271402359009,
        "min": 0.00315437931567,
        "var": 0.00751708075404
    },
    "melbands_kurtosis": {
        "dmean": 17.5945396423,
        "dmean2": 28.3561115265,
        "dvar": 1406.47192383,
        "dvar2": 3603.75878906,
        "max": 1417.80053711,
        "mean": 38.1744766235,
        "median": 23.6706809998,
        "min": -1.48012459278,
        "var": 4660.57714844
    },
    "melbands_skewness": {
        "dmean": 1.05900084972,
        "dmean2": 1.70745801926,
        "dvar": 1.17789304256,
        "dvar2": 3.07527351379,
        "max": 29.7005195618,
        "mean": 4.32486009598,
        "median": 3.97165513039,
        "min": -0.259320259094,
        "var": 5.20459699631
    },
    "melbands_spread": {
        "dmean": 3.6797246933,
        "dmean2": 6.05626773834,
        "dvar": 21.7637634277,
        "dvar2": 52.4217453003,
        "max": 180.170013428,
        "mean": 10.3789215088,
        "median": 7.69534778595,
        "min": 0.188901111484,
        "var": 223.441772461
    },
    "pitch_salience": {
        "dmean": 0.0909305885434,
        "dmean2": 0.152012228966,
        "dvar": 0.00590670201927,
        "dvar2": 0.0154559444636,
        "max": 0.874453723431,
        "mean": 0.461592406034,
        "median": 0.471200615168,
        "min": 0.0372023768723,
        "var": 0.0147738279775
    },
    "silence_rate_20dB": {
        "dmean": 0,
        "dmean2": 0,
        "dvar": 0,
        "dvar2": 0,
        "max": 1,
        "mean": 1,
        "median": 1,
        "min": 1,
        "var": 0
    },
    "silence_rate_30dB": {
        "dmean": 0.236153736711,
        "dmean2": 0.4723764956,
        "dvar": 0.180390819907,
        "dvar2": 0.373768568039,
        "max": 1,
        "mean": 0.658240795135,
        "median": 1,
        "min": 0,
        "var": 0.224965974689
    },
    "silence_rate_60dB": {
        "dmean": 0.00204588635825,
        "dmean2": 0.00409237062559,
        "dvar": 0.00204179785214,
        "dvar2": 0.00436834525317,
        "max": 1,
        "mean": 0.0338983051479,
        "median": 0,
        "min": 0,
        "var": 0.0327519774437
    },
    "spectral_centroid": {
        "dmean": 222.363601685,
        "dmean2": 345.657928467,
        "dvar": 97048.6171875,
        "dvar2": 200836.96875,
        "max": 11709.5029297,
        "mean": 934.257385254,
        "median": 628.266906738,
        "min": 84.225944519,
        "var": 1525611.25
    },
    "spectral_complexity": {
        "dmean": 3.93774652481,
        "dmean2": 6.30049705505,
        "dvar": 21.9885406494,
        "dvar2": 53.6366157532,
        "max": 50,
        "mean": 19.5270309448,
        "median": 18,
        "min": 0,
        "var": 75.3961791992
    },
    "spectral_decrease": {
        "dmean": 9.1230747401e-09,
        "dmean2": 1.55852610817e-08,
        "dvar": 7.85808942606e-17,
        "dvar2": 2.24480618742e-16,
        "max": 1.81197254921e-28,
        "mean": -2.37664909974e-08,
        "median": -2.26971010875e-08,
        "min": -1.09964361172e-07,
        "var": 1.48904884882e-16
    },
    "spectral_energy": {
        "dmean": 0.0347600728273,
        "dmean2": 0.0593731664121,
        "dvar": 0.00113632099237,
        "dvar2": 0.00324936886318,
        "max": 0.417069017887,
        "mean": 0.0922043696046,
        "median": 0.0884786471725,
        "min": 9.90760263888e-21,
        "var": 0.0021569931414
    },
    "spectral_energyband_high": {
        "dmean": 0.000589550007135,
        "dmean2": 0.000913083087653,
        "dvar": 1.25857491184e-06,
        "dvar2": 3.01591694551e-06,
        "max": 0.0202008206397,
        "mean": 0.00141494476702,
        "median": 0.000540180015378,
        "min": 7.05551862192e-21,
        "var": 4.11098289987e-06
    },
    "spectral_energyband_low": {
        "dmean": 0.0335860699415,
        "dmean2": 0.0572951920331,
        "dvar": 0.00111315678805,
        "dvar2": 0.00317162834108,
        "max": 0.41284430027,
        "mean": 0.0702185556293,
        "median": 0.0625101476908,
        "min": 2.05266956015e-23,
        "var": 0.00207029213198
    },
    "spectral_energyband_middle_high": {
        "dmean": 0.00120554806199,
        "dmean2": 0.00188728095964,
        "dvar": 2.06132608582e-06,
        "dvar2": 5.14642442795e-06,
        "max": 0.0198530200869,
        "mean": 0.00378459482454,
        "median": 0.00359023548663,
        "min": 1.20465547819e-21,
        "var": 5.07435379404e-06
    },
    "spectral_energyband_middle_low": {
        "dmean": 0.00791474524885,
        "dmean2": 0.0123356310651,
        "dvar": 8.74350153026e-05,
        "dvar2": 0.000209574252949,
        "max": 0.109700314701,
        "mean": 0.0212187152356,
        "median": 0.0190013758838,
        "min": 1.47793544977e-22,
        "var": 0.00019078994228
    },
    "spectral_entropy": {
        "dmean": 0.179909482598,
        "dmean2": 0.276160001755,
        "dvar": 0.0441543459892,
        "dvar2": 0.0959990620613,
        "max": 9.81923866272,
        "mean": 7.50215578079,
        "median": 7.44541168213,
        "min": 5.14400100708,
        "var": 0.31204995513
    },
    "spectral_flux": {
        "dmean": 0.0447542481124,
        "dmean2": 0.0752186924219,
        "dvar": 0.00168891367503,
        "dvar2": 0.00468342425302,
        "max": 0.436654150486,
        "mean": 0.138647273183,
        "median": 0.134045571089,
        "min": 6.38229469274e-11,
        "var": 0.00381367374212
    },
    "spectral_kurtosis": {
        "dmean": 2.37729215622,
        "dmean2": 4.08932590485,
        "dvar": 47.6817741394,
        "dvar2": 148.354705811,
        "max": 98.9147567749,
        "mean": 6.49868631363,
        "median": 4.71736717224,
        "min": -1.27217566967,
        "var": 119.504310608
    },
    "spectral_rms": {
        "dmean": 0.00172723655123,
        "dmean2": 0.00293794646859,
        "dvar": 2.27277678277e-06,
        "dvar2": 6.52293920211e-06,
        "max": 0.0201716776937,
        "mean": 0.00908471737057,
        "median": 0.00929088983685,
        "min": 3.10901174597e-12,
        "var": 7.42370457374e-06
    },
    "spectral_rolloff": {
        "dmean": 207.618255615,
        "dmean2": 364.28918457,
        "dvar": 227508.265625,
        "dvar2": 561317.9375,
        "max": 19595.2148438,
        "mean": 636.010742188,
        "median": 344.53125,
        "min": 43.06640625,
        "var": 4192079.5
    },
    "spectral_skewness": {
        "dmean": 0.274993419647,
        "dmean2": 0.453930914402,
        "dvar": 0.201038524508,
        "dvar2": 0.584792852402,
        "max": 7.20370817184,
        "mean": 1.86610364914,
        "median": 1.96321582794,
        "min": -0.0739559307694,
        "var": 0.687885701656
    },
    "spectral_spread": {
        "dmean": 407439.8125,
        "dmean2": 634519.375,
        "dvar": 454648463360,
        "dvar2": 806471991296,
        "max": 42636432,
        "mean": 6024973.5,
        "median": 5723882,
        "min": 691764,
        "var": 1.76425512468e+13
    },
    "spectral_strongpeak": {
        "dmean": 0.33115708828,
        "dmean2": 0.576725840569,
        "dvar": 0.151984795928,
        "dvar2": 0.392392963171,
        "max": 4.5661315918,
        "mean": 0.511099994183,
        "median": 0.373847782612,
        "min": 0,
        "var": 0.189698651433
    },
    "zerocrossingrate": {
        "dmean": 0.00829585734755,
        "dmean2": 0.0109066842124,
        "dvar": 0.000116043927846,
        "dvar2": 0.000156522306497,
        "max": 0.76953125,
        "mean": 0.0435308739543,
        "median": 0.0322265625,
        "min": 0.00146484375,
        "var": 0.00326570519246
    },
    "barkbands": {
        "dmean": [0.0022019224707, 0.0271718837321, 0.0107004316524, 0.00456412136555, 0.0028310015332, 0.00207743584178, 0.00069340452319, 0.00103985716123, 0.00051986228209, 0.00044765745406, 0.000437993003288, 0.000153876942932, 0.000197149900487, 0.000123116071336, 0.000189473343198, 0.000108010579424, 0.000132783970912, 0.000100936427771, 8.86465131771e-05, 0.000129725885927, 0.000169434570125, 0.000151062791701, 0.000105786362838, 0.000102296224213, 6.64327380946e-05, 4.38228053099e-05, 4.18825266024e-06],
        "dmean2": [0.00349971232936, 0.0469341762364, 0.0171577520669, 0.00720750307664, 0.00473929010332, 0.00327942939475, 0.00109654804692, 0.00148368882947, 0.000705859274603, 0.000645397754852, 0.000717561575584, 0.00024836481316, 0.000310708681354, 0.000205419491976, 0.000311723619234, 0.000180998904398, 0.00022004985658, 0.000174391941982, 0.000140993011883, 0.000227021097089, 0.000270596414339, 0.000245311763138, 0.000169000646565, 0.000160595474881, 0.000104281185486, 7.13961053407e-05, 6.96922825227e-06],
        "dvar": [8.96071287571e-06, 0.000849924283102, 0.000222226648475, 4.46063604613e-05, 2.01784350793e-05, 1.20856748254e-05, 1.20872903153e-06, 2.79481469079e-06, 7.44871215375e-07, 3.69471479189e-07, 3.24471898239e-07, 4.33709992365e-08, 1.51248613633e-07, 2.5592688857e-08, 1.83128278763e-07, 3.20708757329e-08, 4.4371137875e-08, 3.4081402589e-08, 2.59368988509e-08, 6.6310306579e-08, 9.58616723779e-08, 8.96783305393e-08, 3.82789835385e-08, 4.85188884625e-08, 1.59147255374e-08, 7.41801864379e-09, 3.8049061124e-10],
        "dvar2": [2.12071427086e-05, 0.00244427914731, 0.000540682929568, 0.000102280682768, 5.40075125173e-05, 3.14475655614e-05, 2.81668235402e-06, 5.52123128728e-06, 1.32679724629e-06, 6.80244795603e-07, 8.20274692614e-07, 1.06554026047e-07, 3.66234019111e-07, 6.77593590126e-08, 4.65795295668e-07, 8.42176177684e-08, 1.13892049569e-07, 9.17137583656e-08, 6.01165410785e-08, 1.80590589594e-07, 2.31572045095e-07, 2.26006491744e-07, 9.34475536951e-08, 1.22640344102e-07, 3.96649717516e-08, 1.87807991381e-08, 1.00008867854e-09],
        "max": [0.0525729358196, 0.365306019783, 0.153452903032, 0.0825034379959, 0.0577139444649, 0.0636691525578, 0.0221679247916, 0.0330151841044, 0.0218316260725, 0.0231554750353, 0.011269049719, 0.00356303039007, 0.0139834526926, 0.0019719726406, 0.0122186327353, 0.00513426959515, 0.00360677042045, 0.00194665172603, 0.00281376484782, 0.00424552662298, 0.00581777095795, 0.00528633454815, 0.00345920561813, 0.00298390281387, 0.00329685700126, 0.00253000855446, 0.000704673875589],
        "mean": [0.00525637343526, 0.0452588871121, 0.0154887530953, 0.00605697976425, 0.00464739836752, 0.00509209558368, 0.00128172326367, 0.00243062130176, 0.00123593339231, 0.00119348452426, 0.000961463490967, 0.000324911088683, 0.000320530030876, 0.000193188738194, 0.000288726791041, 0.000167975726072, 0.000203801842872, 0.000140870164614, 0.000158258524607, 0.000204452153412, 0.00028887775261, 0.00027049385244, 0.000230060817557, 0.000212620900129, 0.000174071232323, 0.000115873692266, 5.99592658546e-06],
        "median": [0.00376143073663, 0.0364743508399, 0.0100085958838, 0.00304978433996, 0.0031215203926, 0.00321564869955, 0.000774751359131, 0.00118793942966, 0.000665497267619, 0.000867940485477, 0.000764414726291, 0.000243300251896, 0.000217122287722, 0.000138083560159, 0.00019963910745, 0.000119800366519, 0.000140103802551, 6.63583850837e-05, 5.66853741475e-05, 4.87653014716e-05, 9.14549018489e-05, 6.77758289385e-05, 7.93363287812e-05, 5.12917576998e-05, 9.21124592423e-05, 8.30419667182e-05, 1.00753652532e-06],
        "min": [1.10329297343e-24, 1.81906749351e-24, 1.01699681661e-24, 2.16030564692e-24, 2.37598475436e-24, 5.55772308137e-24, 1.66597010219e-23, 1.08895029888e-23, 1.36570581806e-23, 9.62041590783e-24, 1.09306554957e-23, 3.11790236149e-23, 2.84117658237e-23, 4.28551274225e-23, 3.92757247076e-23, 3.97676615235e-23, 5.59462173467e-23, 8.50495617488e-23, 1.1745699641e-22, 1.3648507875e-22, 2.45126371529e-22, 3.42631447437e-22, 3.02403529751e-22, 5.27810499107e-22, 9.0370410884e-22, 1.29044164039e-21, 1.88377803124e-21],
        "var": [2.82652363239e-05, 0.00138296617661, 0.000305994006339, 6.36995391687e-05, 2.5403138352e-05, 3.67576321878e-05, 2.55757981904e-06, 1.04009186543e-05, 2.86845920527e-06, 1.49994571075e-06, 7.71235193042e-07, 9.52332257498e-08, 1.89008360962e-07, 3.58119827126e-08, 1.86047628858e-07, 3.66311461164e-08, 5.59409336631e-08, 3.61010954464e-08, 6.42136299689e-08, 1.31384567226e-07, 2.30831787462e-07, 2.32467826322e-07, 1.25870911916e-07, 1.34402100116e-07, 7.33616332127e-08, 2.87851538161e-08, 1.00796759828e-09]
    },
    "erbbands": {
        "dmean": [0.848328351974, 6.27230501175, 12.4992599487, 15.4486751556, 9.28050613403, 9.12790393829, 13.1524801254, 19.5604419708, 12.1737976074, 20.6105556488, 16.7510681152, 13.1761684418, 12.5365419388, 15.7204532623, 13.9051942825, 6.95781326294, 8.06169605255, 8.11062717438, 7.17622661591, 8.97686195374, 6.22062301636, 5.77334785461, 4.9991312027, 5.13147783279, 4.46077013016, 5.89507246017, 6.94788360596, 6.29798698425, 5.6362991333, 4.55454397202, 3.0545334816, 2.55942583084, 1.43884575367, 0.843384563923, 0.486669510603, 0.286848396063, 0.0610090494156, 0.00829708110541, 0.000749123631977, 4.33432032878e-05],
        "dmean2": [1.37752389908, 11.0218219757, 20.6928100586, 23.7324333191, 15.5986633301, 15.336728096, 20.2374629974, 31.3141040802, 18.5414772034, 32.2933006287, 23.2005081177, 17.6137523651, 18.0527172089, 23.903175354, 22.2886734009, 11.0298671722, 12.7191514969, 13.2347726822, 11.7223033905, 14.9202671051, 10.1971540451, 9.6401052475, 8.55166435242, 8.74211597443, 7.06359863281, 10.2217130661, 11.7819385529, 10.0124864578, 9.35206222534, 7.10490369797, 4.85793590546, 4.13604545593, 2.23768687248, 1.33214700222, 0.778669238091, 0.467715978622, 0.0993579402566, 0.0132946763188, 0.00127552053891, 7.35068824724e-05],
        "dvar": [1.28784000874, 40.5503463745, 245.480697632, 474.462860107, 280.430999756, 216.596160889, 361.798370361, 1287.16796875, 561.173706055, 1472.61437988, 855.433044434, 497.730834961, 450.123199463, 362.73324585, 325.627075195, 90.0095901489, 277.01184082, 128.193603516, 143.205596924, 720.426574707, 101.99621582, 92.3692703247, 84.1720809937, 91.3133010864, 64.4220199585, 137.23274231, 162.611862183, 146.395080566, 121.655578613, 80.4219284058, 33.1814346313, 30.898765564, 8.36273002625, 2.68160557747, 0.843658924103, 0.241846933961, 0.0227366611362, 0.000924080086406, 1.13953738037e-05, 3.02685543296e-09],
        "dvar2": [3.46587848663, 120.168395996, 631.444396973, 1050.18334961, 725.618835449, 586.767822266, 802.462097168, 3440.6965332, 1095.08215332, 3690.85913086, 1533.05285645, 859.874816895, 807.701049805, 796.768737793, 784.940246582, 217.170578003, 669.535949707, 323.805938721, 343.995727539, 1874.30957031, 257.094116211, 241.543624878, 224.969284058, 229.942596436, 154.982772827, 364.756134033, 418.984832764, 337.190185547, 311.689849854, 192.99609375, 80.6895675659, 79.4818344116, 20.6791687012, 6.61661148071, 2.15486001968, 0.620448172092, 0.0574423596263, 0.00218000262976, 3.03441611322e-05, 8.00973953829e-09],
        "max": [17.9267234802, 67.0580215454, 177.697265625, 208.838943481, 191.175918579, 201.596557617, 351.549346924, 768.22869873, 666.871276855, 677.075012207, 807.848388672, 591.057922363, 930.4609375, 415.389465332, 350.911254883, 175.922973633, 546.604736328, 199.118637085, 425.760894775, 820.049987793, 203.684265137, 173.660217285, 108.145362854, 114.877151489, 144.42276001, 182.429763794, 245.973236084, 215.934967041, 188.736755371, 173.97328186, 98.0444717407, 78.5108108521, 48.8466491699, 35.6639823914, 29.1350593567, 14.2123031616, 5.54573869705, 1.16920864582, 0.123577952385, 0.00182743428741],
        "mean": [1.39589965343, 9.49500083923, 18.9510993958, 22.8125228882, 12.315993309, 14.6654787064, 30.3119010925, 44.6283378601, 24.9593353271, 40.1633033752, 42.0716285706, 32.7121047974, 30.9275741577, 44.1137390137, 30.4902667999, 15.8473958969, 14.2653617859, 13.6610412598, 12.100522995, 13.2890586853, 10.5925388336, 9.31663894653, 7.70290708542, 8.14751148224, 8.02652168274, 9.82267189026, 11.1812105179, 11.0850515366, 9.77768039703, 8.50016117096, 6.55202102661, 4.89915847778, 3.09948158264, 1.90622127056, 1.27608668804, 0.758635044098, 0.147875353694, 0.0167292617261, 0.00113520422019, 0.000128051149659],
        "median": [1.02372825146, 7.62341690063, 13.5690307617, 12.7448825836, 6.77872133255, 9.07824325562, 18.3210678101, 25.0594749451, 16.5482196808, 17.4776802063, 21.9956035614, 19.335723877, 19.2956542969, 33.2786483765, 23.1105957031, 12.2096233368, 10.2103977203, 9.83996582031, 8.80702781677, 8.72940158844, 7.77106380463, 6.68834972382, 4.28004264832, 3.05952692032, 2.64646339417, 2.60502290726, 3.87660503387, 2.86110186577, 2.78567934036, 2.14036846161, 2.17659044266, 1.2062214613, 0.780867338181, 0.687095403671, 0.83730006218, 0.571680784225, 0.0950302183628, 0.00635997485369, 0.000326601671986, 0.000119887379697],
        "min": [1.33593808869e-22, 2.91898098682e-22, 2.23690418124e-21, 5.95773443458e-21, 7.7336580902e-21, 1.22258893967e-20, 6.84708057823e-20, 4.28724512624e-20, 1.60027537452e-19, 2.15615082742e-19, 2.08775759567e-19, 3.20503406796e-19, 5.08168586552e-19, 7.07362518548e-19, 9.9182925912e-19, 1.32346581903e-18, 1.94495535777e-18, 2.4445232305e-18, 2.16106415101e-18, 2.71636538547e-18, 3.54303252566e-18, 3.85589663515e-18, 4.979267464e-18, 5.77229875215e-18, 6.66319129702e-18, 7.27306659957e-18, 7.73030474523e-18, 1.07452415932e-17, 1.14884484843e-17, 1.16324184427e-17, 9.77840228755e-18, 9.78450936201e-18, 9.54285185478e-18, 9.6661762123e-18, 5.88322946255e-18, 4.11556227791e-18, 2.19618954854e-18, 8.71002573455e-19, 2.3931322568e-19, 2.43226239111e-20],
        "var": [1.91544735432, 62.4989051819, 355.229949951, 752.722290039, 292.235107422, 297.251800537, 1266.92602539, 3711.93969727, 1231.18408203, 3552.77319336, 3488.96606445, 1861.10461426, 1764.57922363, 1597.73950195, 825.073486328, 205.845733643, 344.846954346, 189.67880249, 191.896865845, 665.090454102, 131.585357666, 104.533241272, 89.9734420776, 145.266815186, 181.758407593, 286.048492432, 318.259124756, 392.144683838, 282.876983643, 233.359817505, 107.184173584, 73.3946533203, 27.7767486572, 10.2003030777, 3.83067250252, 0.999302983284, 0.0717769339681, 0.00336767733097, 2.62446465058e-05, 8.35855296089e-09]
    },
    "gfcc": {
        "mean": [25.2769260406, 106.625053406, -75.4946594238, 31.3297691345, -49.5465507507, 26.1291770935, -27.0346622467, 16.1332912445, -18.7499637604, 9.35127639771, -17.121339798, 7.32003736496, -7.0041384697],
        "cov": [[22292.9121094, -861.236755371, -662.525634766, 1217.52783203, -1653.9564209, 898.156921387, -790.972290039, 522.386291504, -493.439880371, 455.323242188, -486.005126953, 288.5546875, -300.393585205], [-861.236755371, 2451.25610352, -626.159606934, -700.034790039, 658.711242676, -456.899932861, 280.242584229, -286.400115967, 139.345184326, -292.323120117, 148.81552124, -139.734985352, 168.856536865], [-662.525634766, -626.159606934, 454.999420166, 89.6584396362, -53.2742576599, 137.839660645, -75.277961731, 85.2086181641, -21.554983139, 70.5573959351, -46.8476028442, 29.3036346436, -52.9147834778], [1217.52783203, -700.034790039, 89.6584396362, 502.514862061, -268.522369385, 188.794265747, -53.8256378174, 56.1123123169, -31.9526386261, 38.5342597961, -12.1387939453, 15.282989502, -40.4345588684], [-1653.9564209, 658.711242676, -53.2742576599, -268.522369385, 403.486328125, -166.682525635, 130.001235962, -90.8511734009, 61.0753135681, -103.514038086, 50.5030555725, -65.0380020142, 52.6483421326], [898.156921387, -456.899932861, 137.839660645, 188.794265747, -166.682525635, 210.982223511, -54.5523033142, 76.0485916138, -11.0370721817, 54.0200462341, -38.954334259, 31.5446281433, -31.9048137665], [-790.972290039, 280.242584229, -75.277961731, -53.8256378174, 130.001235962, -54.5523033142, 149.053787231, -30.7271003723, 71.5704879761, -65.0418777466, 52.0752449036, -50.1746902466, 32.1031417847], [522.386291504, -286.400115967, 85.2086181641, 56.1123123169, -90.8511734009, 76.0485916138, -30.7271003723, 123.625495911, -2.53465819359, 67.6841583252, -39.2101478577, 1.61863124371, -42.6510887146], [-493.439880371, 139.345184326, -21.554983139, -31.9526386261, 61.0753135681, -11.0370721817, 71.5704879761, -2.53465819359, 107.908508301, -17.0538921356, 37.0037918091, -32.3103294373, 14.6389799118], [455.323242188, -292.323120117, 70.5573959351, 38.5342597961, -103.514038086, 54.0200462341, -65.0418777466, 67.6841583252, -17.0538921356, 106.226173401, -23.9833126068, 35.0630531311, -33.9652442932], [-486.005126953, 148.81552124, -46.8476028442, -12.1387939453, 50.5030555725, -38.954334259, 52.0752449036, -39.2101478577, 37.0037918091, -23.9833126068, 94.0516281128, 2.49360537529, 39.496799469], [288.5546875, -139.734985352, 29.3036346436, 15.282989502, -65.0380020142, 31.5446281433, -50.1746902466, 1.61863124371, -32.3103294373, 35.0630531311, 2.49360537529, 85.4808654785, 18.522315979], [-300.393585205, 168.856536865, -52.9147834778, -40.4345588684, 52.6483421326, -31.9048137665, 32.1031417847, -42.6510887146, 14.6389799118, -33.9652442932, 39.496799469, 18.522315979, 66.3326797485]],
        "icov": [[0.000186311721336, -0.000499736866914, 0.000317448313581, -0.000536391977221, 0.000376185285859, -0.000628539419267, 0.000449967570603, -0.00065047328826, 0.000409088039305, -0.000376433832571, 0.000456905167084, -0.000449873623438, 0.000375742296455], [-0.000499736866914, 0.00341689982451, 0.00105385982897, 0.00310977664776, -0.00227890256792, 0.00151171744801, -0.000517569715157, 0.00230615469627, -0.00171430816408, 0.00302245118655, -0.00195599743165, 0.00220627477393, -0.00148109451402], [0.000317448313581, 0.00105385982897, 0.00575051177293, 0.000325161003275, -0.00234174937941, -0.00340127246454, 0.00277606584132, -0.00171038857661, 3.18454221997e-05, 0.00082148128422, -0.000194958294742, -0.00102503981907, 0.00213570450433], [-0.000536391977221, 0.00310977664776, 0.000325161003275, 0.00714014936239, 0.000462921307189, -0.00109377945773, -0.0014353095321, 0.003058870323, -0.000428981904406, 0.00375119945966, -0.00391961028799, 0.0039297263138, -0.000713558692951], [0.000376185285859, -0.00227890256792, -0.00234174937941, 0.000462921307189, 0.00894494447857, 0.000965897401329, -0.00263666152023, 7.82757269917e-05, 0.00111376924906, -0.000139711788506, 0.00139951705933, 0.00125554308761, -0.00089099019533], [-0.000628539419267, 0.00151171744801, -0.00340127246454, -0.00109377945773, 0.000965897401329, 0.0138721158728, -0.00185910053551, -0.000898989208508, -0.00408437801525, 0.00232222792692, 0.00160297495313, -0.00155364221428, -0.00227747973986], [0.000449967570603, -0.000517569715157, 0.00277606584132, -0.0014353095321, -0.00263666152023, -0.00185910053551, 0.019164301455, -0.00530382245779, -0.00541750947013, 0.00571721838787, -0.00380909768865, 0.00295298104174, -0.00122534751426], [-0.00065047328826, 0.00230615469627, -0.00171038857661, 0.003058870323, 7.82757269917e-05, -0.000898989208508, -0.00530382245779, 0.020276941359, -0.00193849753123, -0.00788647774607, 0.00186152511742, 0.00521287508309, 0.000619670143351], [0.000409088039305, -0.00171430816408, 3.18454221997e-05, -0.000428981904406, 0.00111376924906, -0.00408437801525, -0.00541750947013, -0.00193849753123, 0.0173256900162, -0.00479679275304, -0.00300018442795, 0.00393273169175, -0.00108409125824], [-0.000376433832571, 0.00302245118655, 0.00082148128422, 0.00375119945966, -0.000139711788506, 0.00232222792692, 0.00571721838787, -0.00788647774607, -0.00479679275304, 0.0269190054387, -0.00509267300367, -0.00633001932874, 0.00657545635477], [0.000456905167084, -0.00195599743165, -0.000194958294742, -0.00391961028799, 0.00139951705933, 0.00160297495313, -0.00380909768865, 0.00186152511742, -0.00300018442795, -0.00509267300367, 0.0207768883556, -0.00412983354181, -0.00595950474963], [-0.000449873623438, 0.00220627477393, -0.00102503981907, 0.0039297263138, 0.00125554308761, -0.00155364221428, 0.00295298104174, 0.00521287508309, 0.00393273169175, -0.00633001932874, -0.00412983354181, 0.0271151568741, -0.0151185560971], [0.000375742296455, -0.00148109451402, 0.00213570450433, -0.000713558692951, -0.00089099019533, -0.00227747973986, -0.00122534751426, 0.000619670143351, -0.00108409125824, 0.00657545635477, -0.00595950474963, -0.0151185560971, 0.0337956137955]]
    },
    "melbands": {
        "dmean": [0.00711931707337, 0.00696480413899, 0.00233091739938, 0.000583254790399, 0.000468651938718, 0.000426381884608, 0.00017203198513, 0.000230518417084, 0.000125614620629, 7.89406767581e-05, 6.21859435341e-05, 6.36161348666e-05, 5.53954123461e-05, 2.10123471334e-05, 1.68238311744e-05, 1.90728824236e-05, 1.54445388034e-05, 1.02993772089e-05, 1.30430562422e-05, 1.07679297798e-05, 8.38409141579e-06, 7.37151094654e-06, 4.67687186756e-06, 5.2089685596e-06, 4.30438285548e-06, 3.87485169995e-06, 3.9956735236e-06, 4.03813783123e-06, 4.38057395513e-06, 4.83827989228e-06, 3.74285195903e-06, 3.30778311763e-06, 3.00142050946e-06, 2.61127433987e-06, 2.02130854632e-06, 1.65953485975e-06, 1.59312173764e-06, 1.1313657069e-06, 8.98901589608e-07, 7.50084154788e-07],
        "dmean2": [0.0119910137728, 0.0119854155928, 0.00357844308019, 0.00099753937684, 0.000729979132302, 0.000677843752783, 0.000261727225734, 0.000353988230927, 0.000173581094714, 0.000106530969788, 8.97065401659e-05, 9.63298080023e-05, 9.00375089259e-05, 3.39817379427e-05, 2.62147859758e-05, 3.00548508676e-05, 2.55250815826e-05, 1.68669648701e-05, 2.1650126655e-05, 1.81006216735e-05, 1.377908211e-05, 1.23149620777e-05, 7.91333968664e-06, 9.14554311748e-06, 7.37278514862e-06, 6.41713540972e-06, 7.09239520802e-06, 6.97750920153e-06, 7.64383003116e-06, 7.79003403295e-06, 6.17033083472e-06, 5.49469996258e-06, 4.89468948217e-06, 4.20881087848e-06, 3.24839220411e-06, 2.69872066383e-06, 2.64060463451e-06, 1.80742506473e-06, 1.44381147038e-06, 1.19460548831e-06],
        "dvar": [7.33056585887e-05, 5.48101597815e-05, 1.04741748146e-05, 1.09958671146e-06, 4.03064433385e-07, 5.75796832436e-07, 1.04826938241e-07, 1.77839609705e-07, 4.71503476263e-08, 1.81513613029e-08, 1.0996296318e-08, 6.24613383238e-09, 5.78632164405e-09, 7.57064300139e-10, 7.59680318652e-10, 1.79877179818e-09, 4.15845774482e-10, 2.95008323326e-10, 9.02703078953e-10, 5.47563716591e-10, 2.15315404395e-10, 1.50109105701e-10, 6.86685847073e-11, 9.98241073136e-11, 6.56125431764e-11, 6.00722527277e-11, 6.58326657077e-11, 6.58108567642e-11, 6.98756885686e-11, 8.23681331474e-11, 5.85826734345e-11, 4.11167731806e-11, 3.86306507616e-11, 2.42529017702e-11, 1.38003688338e-11, 1.20243641433e-11, 1.15854140517e-11, 5.13595633037e-12, 3.15268817996e-12, 2.02883326458e-12],
        "dvar2": [0.000202973184059, 0.000153796383529, 2.32672937273e-05, 2.9212149002e-06, 9.4917078286e-07, 1.50509470132e-06, 2.04491001909e-07, 4.29289713111e-07, 8.49169552453e-08, 3.16379527021e-08, 1.97904732602e-08, 1.34521478401e-08, 1.41173073231e-08, 1.89086746261e-09, 1.87781723504e-09, 4.29303881333e-09, 1.07524456006e-09, 7.03761160459e-10, 2.32797137123e-09, 1.43824185894e-09, 5.42915212787e-10, 3.91397692034e-10, 1.8153537007e-10, 2.77406458915e-10, 1.69009722883e-10, 1.62350383137e-10, 1.87508411575e-10, 1.73662403902e-10, 1.87743987023e-10, 2.02020761231e-10, 1.47313383714e-10, 1.04552366764e-10, 1.02465848306e-10, 5.96919111362e-11, 3.47455883509e-11, 3.13905394733e-11, 2.97015953499e-11, 1.30066062087e-11, 8.10328713852e-12, 4.96407212211e-12],
        "max": [0.124259263277, 0.09185192734, 0.0325255729258, 0.0144953718409, 0.0112338829786, 0.015041295439, 0.00912993960083, 0.00819560699165, 0.00589681230485, 0.00318861729465, 0.00458302116022, 0.00175267865416, 0.001649593818, 0.000533018552233, 0.000696188013535, 0.00192211673129, 0.00026871074806, 0.000627904490102, 0.000860526110046, 0.000608791306149, 0.000342933664797, 0.000255073275184, 0.000103941783891, 0.000108950211143, 0.000100363693491, 0.000153364890139, 0.000117003954074, 0.000131333610625, 0.00016825964849, 0.000128986837808, 0.000132419183501, 0.000112559035188, 0.000113199006591, 9.40054887906e-05, 6.2978178903e-05, 4.88889054395e-05, 4.74505759485e-05, 3.96673603973e-05, 3.15053875966e-05, 3.53999239451e-05],
        "mean": [0.0126919895411, 0.0114075057209, 0.00359034584835, 0.00082120555453, 0.00104302563705, 0.000990369473584, 0.00034931852133, 0.000467834004667, 0.000321858009556, 0.000188862177311, 0.000147308048327, 0.000174082757439, 0.000118021802336, 4.51652667834e-05, 3.38921418006e-05, 3.08716735162e-05, 2.42384885496e-05, 1.7145252059e-05, 1.89217025763e-05, 1.56900186994e-05, 1.27493185573e-05, 1.08970589281e-05, 7.07243316356e-06, 6.9563411671e-06, 6.44302781438e-06, 5.99806526225e-06, 5.74442492507e-06, 6.66303594699e-06, 6.67964559398e-06, 7.19070567357e-06, 6.26689188721e-06, 5.58761712455e-06, 5.01195154357e-06, 4.59051352664e-06, 4.05392211178e-06, 3.02748890135e-06, 2.91967967314e-06, 2.24523932957e-06, 1.77735739726e-06, 1.55266616275e-06],
        "median": [0.00992185622454, 0.00934018660337, 0.00214925641194, 0.000501405447721, 0.000692507310305, 0.000590916955844, 0.000229525263421, 0.000209928868571, 0.000177177542355, 0.00010434219439, 8.97424761206e-05, 0.000126694125356, 8.94459299161e-05, 3.50177870132e-05, 2.4139375455e-05, 2.08409728657e-05, 1.70374150912e-05, 1.25919832499e-05, 1.26400727822e-05, 1.04746213765e-05, 8.47006776894e-06, 7.4528852565e-06, 4.5920555749e-06, 3.12503243549e-06, 2.23514780373e-06, 2.07449147638e-06, 1.51827339323e-06, 1.70348403117e-06, 2.24083078137e-06, 2.295762215e-06, 1.43089596349e-06, 1.75683589987e-06, 9.37598315431e-07, 1.32449042667e-06, 1.39938845223e-06, 8.44969690661e-07, 6.84376686877e-07, 5.67824713471e-07, 4.53170713399e-07, 5.80300707043e-07],
        "min": [9.89030612832e-25, 1.34100545899e-24, 1.47060327559e-24, 7.16991387324e-25, 2.50643099086e-24, 1.00853293074e-24, 3.15370339373e-24, 2.47171065863e-24, 1.80138280973e-24, 2.22022850736e-24, 2.3049628182e-24, 2.21876793139e-24, 2.33929483366e-24, 3.47645873335e-24, 3.12348745726e-24, 4.04541480048e-24, 4.68689558379e-24, 3.21050374549e-24, 2.76882013022e-24, 2.62013562681e-24, 4.08040590922e-24, 3.55249190841e-24, 4.43475197266e-24, 4.09115768893e-24, 4.52353590096e-24, 4.46117210766e-24, 4.69170684645e-24, 4.24487394163e-24, 2.56025378714e-24, 5.33550293652e-24, 5.60707303631e-24, 6.13281372533e-24, 6.12513534771e-24, 4.69681235423e-24, 4.75563376763e-24, 5.55313782736e-24, 5.27113780311e-24, 6.02572388529e-24, 6.717309169e-24, 6.27437718135e-24],
        "var": [0.000123547564726, 8.38076084619e-05, 1.63855384017e-05, 1.09246434477e-06, 1.24396035517e-06, 1.65101926086e-06, 2.32359695929e-07, 4.71616800723e-07, 1.95136664161e-07, 6.71845370448e-08, 4.27788791058e-08, 2.7711044126e-08, 1.38692595186e-08, 1.63466062908e-09, 1.27013233264e-09, 2.15050310892e-09, 6.12421502399e-10, 4.00684707635e-10, 8.75570782544e-10, 5.5189902648e-10, 2.58644411444e-10, 1.69554731366e-10, 7.15892969905e-11, 9.65365426486e-11, 9.77520703271e-11, 1.11817929915e-10, 1.05806863271e-10, 1.3511330943e-10, 1.23448584688e-10, 1.45053163925e-10, 1.40309042163e-10, 8.68585411928e-11, 9.31689447814e-11, 6.34265279187e-11, 4.13284996503e-11, 2.66575182067e-11, 2.72488594188e-11, 1.49691526535e-11, 9.8289926545e-12, 7.11154746202e-12]
    },
    "mfcc": {
        "mean": [-621.857543945, 139.088592529, 31.228395462, 21.3133220673, 8.63510513306, 14.8876991272, 4.7354722023, 10.9974346161, 8.90648460388, 4.47527074814, 0.169238969684, 4.20350885391, 3.50644469261],
        "cov": [[7972.21923828, -1010.92443848, 601.620483398, 402.966033936, -278.600006104, 150.802337646, -35.7586708069, -45.2318763733, 48.7087669373, 50.063331604, 20.6636829376, 30.2262458801, 0.853335797787], [-1010.92443848, 2288.64086914, -486.094299316, -275.516082764, 203.88168335, -63.0720672607, -1.55852413177, 67.4049224854, 15.9663686752, -67.226234436, -67.4949188232, -11.7475633621, 14.7761745453], [601.620483398, -486.094299316, 307.98046875, 82.9441070557, -19.4356384277, 41.1337509155, 8.69661331177, -0.597701191902, 7.92551517487, 28.4256210327, 21.1432933807, 14.9021282196, 0.0861154571176], [402.966033936, -275.516082764, 82.9441070557, 188.692855835, -15.4656858444, 47.792755127, 21.5517425537, 10.9902896881, -4.16094303131, 13.1102266312, 10.5632238388, -5.12877655029, -1.65278840065], [-278.600006104, 203.88168335, -19.4356384277, -15.4656858444, 123.756156921, 3.09221673012, 20.7112140656, 9.6364736557, 6.76092147827, -5.22864675522, -4.0315823555, -3.6188583374, -4.57673120499], [150.802337646, -63.0720672607, 41.1337509155, 47.792755127, 3.09221673012, 95.6175308228, 8.02379798889, 22.0049991608, 5.97333335876, 0.356847673655, -12.7609348297, 2.28340172768, 1.38227117062], [-35.7586708069, -1.55852413177, 8.69661331177, 21.5517425537, 20.7112140656, 8.02379798889, 66.9831619263, 21.0151004791, 3.05020523071, 6.32467031479, 7.1994843483, -8.080327034, -2.43866372108], [-45.2318763733, 67.4049224854, -0.597701191902, 10.9902896881, 9.6364736557, 22.0049991608, 21.0151004791, 62.774307251, 23.9941883087, 13.9675264359, -0.928314208984, 3.36696720123, 1.07865285873], [48.7087669373, 15.9663686752, 7.92551517487, -4.16094303131, 6.76092147827, 5.97333335876, 3.05020523071, 23.9941883087, 67.2699432373, 37.1608276367, 17.3035545349, 9.03532505035, -0.302748799324], [50.063331604, -67.226234436, 28.4256210327, 13.1102266312, -5.22864675522, 0.356847673655, 6.32467031479, 13.9675264359, 37.1608276367, 74.0008621216, 41.526058197, 15.2365856171, -2.11303448677], [20.6636829376, -67.4949188232, 21.1432933807, 10.5632238388, -4.0315823555, -12.7609348297, 7.1994843483, -0.928314208984, 17.3035545349, 41.526058197, 66.4294509888, 21.2143650055, 2.06403064728], [30.2262458801, -11.7475633621, 14.9021282196, -5.12877655029, -3.6188583374, 2.28340172768, -8.080327034, 3.36696720123, 9.03532505035, 15.2365856171, 21.2143650055, 48.7150001526, 16.3768997192], [0.853335797787, 14.7761745453, 0.0861154571176, -1.65278840065, -4.57673120499, 1.38227117062, -2.43866372108, 1.07865285873, -0.302748799324, -2.11303448677, 2.06403064728, 16.3768997192, 40.6907577515]],
