{
"lowlevel": {
    "average_loudness": 0.971297025681,
    "barkbands_crest": {
        "dmean": 2.30550336838,
        "dmean2": 3.69223594666,
        "dvar": 4.56146526337,
        "dvar2": 12.9714775085,
        "max": 26.3594322205,
        "mean": 9.20106697083,
        "median": 8.29533672333,
        "min": 1.93740558624,
        "var": 21.0323257446
    },
    "barkbands_flatness_db": {
        "dmean": 0.0173941887915,
        "dmean2": 0.0280609484762,
        "dvar": 0.000345335865859,
        "dvar2": 0.00086005020421,
        "max": 0.550024211407,
        "mean": 0.136003762484,
        "median": 0.0803340747952,
        "min": 0.0123753994703,
        "var": 0.0137269813567
    },
    "barkbands_kurtosis": {
        "dmean": 1.72166860104,
        "dmean2": 2.61189484596,
        "dvar": 38.89686203,
        "dvar2": 92.8222808838,
        "max": 335.517944336,
        "mean": 2.6299469471,
        "median": 0.123923063278,
        "min": -1.79756569862,
        "var": 93.7520294189
    },
    "barkbands_skewness": {
        "dmean": 0.397325903177,
        "dmean2": 0.599180936813,
        "dvar": 0.214383035898,
        "dvar2": 0.489995449781,
        "max": 14.9750919342,
        "mean": 1.14289319515,
        "median": 0.892479777336,
        "min": -2.36164283752,
        "var": 1.69340336323
    },
    "barkbands_spread": {
        "dmean": 6.70849990845,
        "dmean2": 10.1014270782,
        "dvar": 54.7544212341,
        "dvar2": 125.245414734,
        "max": 110.636222839,
        "mean": 37.0211029053,
        "median": 34.6613769531,
        "min": 0.760068356991,
        "var": 499.493591309
    },
    "dissonance": {
        "dmean": 0.0180380120873,
        "dmean2": 0.0301836952567,
        "dvar": 0.000492075108923,
        "dvar2": 0.00133119616657,
        "max": 0.499999880791,
        "mean": 0.448608070612,
        "median": 0.473960667849,
        "min": 0.140997722745,
        "var": 0.00330404355191
    },
    "dynamic_complexity": 1.57639575005,
    "erbbands_crest": {
        "dmean": 1.50962352753,
        "dmean2": 2.32554459572,
        "dvar": 2.50738406181,
        "dvar2": 6.02191114426,
        "max": 28.6600513458,
        "mean": 8.07086849213,
        "median": 6.4567527771,
        "min": 2.12806177139,
        "var": 22.8677330017
    },
    "erbbands_flatness_db": {
        "dmean": 0.0117826405913,
        "dmean2": 0.0175159368664,
        "dvar": 0.000133446388645,
        "dvar2": 0.00027381820837,
        "max": 0.553856194019,
        "mean": 0.169592559338,
        "median": 0.125604197383,
        "min": 0.0495803765953,
        "var": 0.0114277694374
    },
    "erbbands_kurtosis": {
        "dmean": 0.783971428871,
        "dmean2": 1.15271949768,
        "dvar": 2.29290366173,
        "dvar2": 4.84099197388,
        "max": 64.5412368774,
        "mean": 0.776882410049,
        "median": -0.322596430779,
        "min": -1.84585297108,
        "var": 14.4597434998
    },
    "erbbands_skewness": {
        "dmean": 0.273371547461,
        "dmean2": 0.401340633631,
        "dvar": 0.0830628722906,
        "dvar2": 0.171466872096,
        "max": 7.31279611588,
        "mean": 0.44888728857,
        "median": 0.319278776646,
        "min": -2.08989930153,
        "var": 1.07091164589
    },
    "erbbands_spread": {
        "dmean": 6.57757902145,
        "dmean2": 9.87429141998,
        "dvar": 59.4614334106,
        "dvar2": 127.931381226,
        "max": 162.276687622,
        "mean": 44.4195404053,
        "median": 46.0452232361,
        "min": 1.41429460049,
        "var": 422.51272583
    },
    "hfc": {
        "dmean": 8.54686260223,
        "dmean2": 13.1726846695,
        "dvar": 130.504623413,
        "dvar2": 321.344573975,
        "max": 148.10357666,
        "mean": 37.9178581238,
        "median": 31.3906135559,
        "min": 1.1129101043e-16,
        "var": 632.042053223
    },
    "melbands_crest": {
        "dmean": 4.07346534729,
        "dmean2": 6.20951652527,
        "dvar": 14.5033845901,
        "dvar2": 34.6943817139,
        "max": 35.7985076904,
        "mean": 14.7223043442,
        "median": 13.9826717377,
        "min": 1.60837352276,
        "var": 37.6651916504
    },
    "melbands_flatness_db": {
        "dmean": 0.0244782473892,
        "dmean2": 0.0380264557898,
        "dvar": 0.000629351940006,
        "dvar2": 0.00157801667228,
        "max": 0.618254899979,
        "mean": 0.183760151267,
        "median": 0.147438973188,
        "min": 0.00391076365486,
        "var": 0.0138014806435
    },
    "melbands_kurtosis": {
        "dmean": 5.21756982803,
        "dmean2": 7.83342552185,
        "dvar": 362.594207764,
        "dvar2": 858.151000977,
        "max": 821.144714355,
        "mean": 12.9224538803,
        "median": 5.41228675842,
        "min": -1.5148832798,
        "var": 886.56237793
    },
    "melbands_skewness": {
        "dmean": 0.574307858944,
        "dmean2": 0.867801308632,
        "dvar": 0.530020356178,
        "dvar2": 1.22402906418,
        "max": 25.626991272,
        "mean": 2.47903633118,
        "median": 2.08556270599,
        "min": -1.163859725,
        "var": 3.58814096451
    },
    "melbands_spread": {
        "dmean": 8.73470687866,
        "dmean2": 13.846414566,
        "dvar": 113.33240509,
        "dvar2": 281.330657959,
        "max": 160.659851074,
        "mean": 37.207775116,
        "median": 30.5922317505,
        "min": 0.392797023058,
        "var": 683.090942383
    },
    "pitch_salience": {
        "dmean": 0.0657472833991,
        "dmean2": 0.100201770663,
        "dvar": 0.00325081753545,
        "dvar2": 0.00872289575636,
        "max": 0.836937725544,
        "mean": 0.540400385857,
        "median": 0.545937776566,
        "min": 0.0582148768008,
        "var": 0.0118083301932
    },
    "silence_rate_20dB": {
        "dmean": 0,
        "dmean2": 0,
        "dvar": 0,
        "dvar2": 0,
        "max": 1,
        "mean": 1,
        "median": 1,
        "min": 1,
        "var": 0
    },
    "silence_rate_30dB": {
        "dmean": 0,
        "dmean2": 0,
        "dvar": 0,
        "dvar2": 0,
        "max": 1,
        "mean": 1,
        "median": 1,
        "min": 1,
        "var": 0
    },
    "silence_rate_60dB": {
        "dmean": 0.00120293512009,
        "dmean2": 0.0024061598815,
        "dvar": 0.00120148377027,
        "dvar2": 0.0026409199927,
        "max": 1,
        "mean": 0.0279047396034,
        "median": 0,
        "min": 0,
        "var": 0.0271259360015
    },
    "spectral_centroid": {
        "dmean": 243.701690674,
        "dmean2": 371.545318604,
        "dvar": 111182.359375,
        "dvar2": 227335.703125,
        "max": 11393.8916016,
        "mean": 1828.54907227,
        "median": 1705.68188477,
        "min": 178.378540039,
        "var": 972080.4375
    },
    "spectral_complexity": {
        "dmean": 3.42283177376,
        "dmean2": 5.45404243469,
        "dvar": 17.1647377014,
        "dvar2": 39.7003631592,
        "max": 55,
        "mean": 22.9971141815,
        "median": 23,
        "min": 0,
        "var": 159.924377441
    },
    "spectral_decrease": {
        "dmean": 1.09359665768e-09,
        "dmean2": 1.70538172473e-09,
        "dvar": 9.65348622773e-19,
        "dvar2": 2.82394043093e-18,
        "max": 1.73428029451e-28,
        "mean": -5.59858737148e-09,
        "median": -5.66625368847e-09,
        "min": -1.50000580845e-08,
        "var": 4.14844767034e-18
    },
    "spectral_energy": {
        "dmean": 0.00429701432586,
        "dmean2": 0.00673369271681,
        "dvar": 1.45853973663e-05,
        "dvar2": 4.19998541474e-05,
        "max": 0.0589754134417,
        "mean": 0.0245696399361,
        "median": 0.0254860520363,
        "min": 1.02172274897e-20,
        "var": 7.32385669835e-05
    },
    "spectral_energyband_high": {
        "dmean": 0.000931952905376,
        "dmean2": 0.00144428561907,
        "dvar": 1.66476604591e-06,
        "dvar2": 3.87183035855e-06,
        "max": 0.0159484241158,
        "mean": 0.00304793100804,
        "median": 0.00235741771758,
        "min": 7.25549195839e-21,
        "var": 7.35975800126e-06
    },
    "spectral_energyband_low": {
        "dmean": 0.00344924046658,
        "dmean2": 0.00542036443949,
        "dvar": 1.5863804947e-05,
        "dvar2": 4.34283974755e-05,
        "max": 0.0482683554292,
        "mean": 0.00579104665667,
        "median": 0.00400320347399,
        "min": 2.44150320241e-23,
        "var": 3.57677272405e-05
    },
    "spectral_energyband_middle_high": {
        "dmean": 0.00139622180723,
        "dmean2": 0.00203478080221,
        "dvar": 2.30126738643e-06,
        "dvar2": 4.77586581837e-06,
        "max": 0.0276995878667,
        "mean": 0.00582688720897,
        "median": 0.00506758550182,
        "min": 1.19985092401e-21,
        "var": 1.88431786228e-05
    },
    "spectral_energyband_middle_low": {
        "dmean": 0.00233222334646,
        "dmean2": 0.00350627768785,
        "dvar": 7.89827936387e-06,
        "dvar2": 2.04315401788e-05,
        "max": 0.0585504956543,
        "mean": 0.0101400874555,
        "median": 0.00843396224082,
        "min": 1.57713388819e-22,
        "var": 4.73126092402e-05
    },
    "spectral_entropy": {
        "dmean": 0.131256982684,
        "dmean2": 0.204813808203,
        "dvar": 0.0302763469517,
        "dvar2": 0.0691265910864,
        "max": 9.81601047516,
        "mean": 7.503054142,
        "median": 7.79354286194,
        "min": 4.27301931381,
        "var": 0.848276793957
    },
    "spectral_flux": {
        "dmean": 0.0148868821561,
        "dmean2": 0.0230007916689,
        "dvar": 0.000238578693825,
        "dvar2": 0.000521506881341,
        "max": 0.184149220586,
        "mean": 0.0702971071005,
        "median": 0.0725215375423,
        "min": 6.4932781374e-11,
        "var": 0.00107927503996
    },
    "spectral_kurtosis": {
        "dmean": 3.45582318306,
        "dmean2": 5.74297571182,
        "dvar": 193.768676758,
        "dvar2": 530.010864258,
        "max": 343.94329834,
        "mean": 12.166015625,
        "median": 2.1660182476,
        "min": -1.25222456455,
        "var": 1542.29943848
    },
    "spectral_rms": {
        "dmean": 0.000427936989581,
        "dmean2": 0.000666939653456,
        "dvar": 1.39448033565e-07,
        "dvar2": 4.00434004177e-07,
        "max": 0.00758531410247,
        "mean": 0.00477466266602,
        "median": 0.00498642586172,
        "min": 3.15721819348e-12,
        "var": 1.17310071346e-06
    },
    "spectral_rolloff": {
        "dmean": 898.473205566,
        "dmean2": 1494.5144043,
        "dvar": 2029423.125,
        "dvar2": 4895302.5,
        "max": 19595.2148438,
        "mean": 3011.59057617,
        "median": 1937.98828125,
        "min": 43.06640625,
        "var": 7049748.5
    },
    "spectral_skewness": {
        "dmean": 0.276376366615,
        "dmean2": 0.458046674728,
        "dvar": 0.453518152237,
        "dvar2": 1.31090784073,
        "max": 14.2535924911,
        "mean": 1.80450499058,
        "median": 1.29494428635,
        "min": -0.050462257117,
        "var": 3.93051958084
    },
    "spectral_spread": {
        "dmean": 556778,
        "dmean2": 812161.5,
        "dvar": 621585760256,
        "dvar2": 1.10444386714e+12,
        "max": 42114004,
        "mean": 6103313.5,
        "median": 6281363.5,
        "min": 227177.359375,
        "var": 8.26529074381e+12
    },
    "spectral_strongpeak": {
        "dmean": 0.522329926491,
        "dmean2": 0.921348392963,
        "dvar": 1.38897788525,
        "dvar2": 3.6034784317,
        "max": 16.2980194092,
        "mean": 1.02795481682,
        "median": 0.438977360725,
        "min": 0,
        "var": 1.85706877708
    },
    "zerocrossingrate": {
        "dmean": 0.0136621836573,
        "dmean2": 0.0162276569754,
        "dvar": 0.000217039691051,
        "dvar2": 0.000274747260846,
        "max": 0.7998046875,
        "mean": 0.106717176735,
        "median": 0.10009765625,
        "min": 0.0048828125,
        "var": 0.00322772166692
    },
    "barkbands": {
        "dmean": [0.000463119795313, 0.00288512930274, 0.000404032296501, 0.000579714367632, 0.000840685737785, 0.000888472073711, 0.000619705300778, 0.000665411469527, 0.00044587670709, 0.000317646365147, 0.000294350931654, 0.000468253536383, 0.000222770147957, 0.000232967780903, 0.000190781254787, 0.000173220469151, 0.000147602520883, 0.000195976172108, 0.000227438620641, 0.000246617448283, 0.000289965275442, 0.000236446954659, 0.00014632375678, 0.000208711237065, 0.000215585459955, 0.000138605682878, 2.13413859456e-05],
        "dmean2": [0.000592948519625, 0.00453166896477, 0.000703388825059, 0.00103705609217, 0.00148740876466, 0.00141941767652, 0.000825284456369, 0.000859403633513, 0.000623708823696, 0.000453957618447, 0.00042018777458, 0.00068559293868, 0.000352177914465, 0.000362219841918, 0.000298579339869, 0.000271728669759, 0.000229198776651, 0.000306542933686, 0.000350647460436, 0.000395422772272, 0.000453341053799, 0.000375673698727, 0.000229125304031, 0.000330183655024, 0.000344404543284, 0.000226975025726, 3.52209899575e-05],
        "dvar": [4.52058628753e-07, 1.20758413686e-05, 1.33369860578e-06, 3.52265283254e-06, 4.01074976253e-06, 2.53627376878e-06, 1.19888647987e-06, 1.30521391384e-06, 3.49207851968e-07, 3.08516831637e-07, 2.24755808631e-07, 4.42373305987e-07, 8.85264626049e-08, 1.20801956882e-07, 1.04218578656e-07, 7.78894246878e-08, 8.77489156892e-08, 1.52998410385e-07, 2.6881281201e-07, 2.58552631749e-07, 2.02789763648e-07, 1.20964600114e-07, 3.81420797169e-08, 8.59654889496e-08, 1.4374987245e-07, 9.23136411757e-08, 1.544179562e-09],
        "dvar2": [7.27418353108e-07, 3.33305433742e-05, 3.71692635781e-06, 9.65154140431e-06, 1.12806028483e-05, 7.07167600922e-06, 2.07179482459e-06, 1.95818915927e-06, 6.22288098384e-07, 5.92726223658e-07, 4.17574312905e-07, 8.48881654747e-07, 2.08349376862e-07, 2.72958459391e-07, 2.36489299255e-07, 1.72761957629e-07, 2.01655964815e-07, 3.43010242432e-07, 5.93104971358e-07, 5.91641764913e-07, 4.88062823933e-07, 2.85703379177e-07, 8.63032312282e-08, 2.07193522783e-07, 3.59248417681e-07, 2.22214822543e-07, 4.08400646634e-09],
        "max": [0.0104492427781, 0.0453433990479, 0.0134473396465, 0.0185310058296, 0.0242117587477, 0.0547485351562, 0.0430561825633, 0.0458754785359, 0.0154760889709, 0.0167807601392, 0.0139307193458, 0.0228848662227, 0.00465299421921, 0.00733123999089, 0.0091996146366, 0.00597206735983, 0.00712754344568, 0.00928330142051, 0.0134165203199, 0.0126203075051, 0.00816221162677, 0.00379877560772, 0.00286559318192, 0.00346578191966, 0.00537917949259, 0.00463766232133, 0.000512129743584],
        "mean": [0.000832712452393, 0.00436164159328, 0.000409968051827, 0.00043763971189, 0.00132081424817, 0.0026238579303, 0.00222079874948, 0.00219452474266, 0.0012760279933, 0.000817848660517, 0.000648908084258, 0.00103311100975, 0.000488678284455, 0.000495338754263, 0.000385052175261, 0.000358340446837, 0.000311164330924, 0.000444876815891, 0.000521744601429, 0.000573366996832, 0.000659755023662, 0.000589796050917, 0.000382930185879, 0.000460053677671, 0.000468816491775, 0.000220081958105, 3.17455851473e-05],
        "median": [0.000263347406872, 0.00263677048497, 7.05912680132e-05, 5.18544766237e-05, 0.000685835781042, 0.00123935192823, 0.00105397240259, 0.00088120053988, 0.000799626810476, 0.00040280263056, 0.000363598053809, 0.00061842094874, 0.000341747538187, 0.000296103942674, 0.000225418887567, 0.000198630616069, 0.000125428661704, 0.000163084623637, 0.000160877607414, 0.000196525608771, 0.000398386153392, 0.000332782045007, 0.000263991387328, 0.000259498425294, 0.000162025477039, 6.2769264332e-05, 1.61818461493e-05],
        "min": [1.26563670203e-24, 1.06671846308e-23, 4.42421357982e-24, 3.66262320166e-24, 9.46335449046e-24, 1.925571131e-23, 1.21544911486e-23, 7.70074182763e-24, 1.73918696493e-23, 1.58181378973e-23, 2.10541248473e-23, 4.93504566548e-23, 5.19773066712e-23, 5.55848306997e-23, 6.24969687907e-23, 7.34304862738e-23, 7.1674078002e-23, 1.32902552146e-22, 1.72448603709e-22, 1.93363300547e-22, 2.02978770297e-22, 2.68748830268e-22, 4.04584039094e-22, 5.59252046165e-22, 8.98466779249e-22, 1.42448407761e-21, 2.12820020873e-21],
        "var": [1.43522788676e-06, 2.2871310648e-05, 1.08237668428e-06, 2.30972204918e-06, 4.04661113862e-06, 1.96011769731e-05, 1.08187759906e-05, 1.39497478813e-05, 2.37555832427e-06, 1.67462485479e-06, 8.37513027818e-07, 1.73263970282e-06, 2.8081942105e-07, 3.67024938441e-07, 2.66081059408e-07, 2.33268082184e-07, 2.87142000843e-07, 7.06201774392e-07, 1.16360843094e-06, 1.05652293314e-06, 5.13017710091e-07, 4.07008485581e-07, 1.55435657234e-07, 2.74782820497e-07, 4.79524487673e-07, 1.45731036127e-07, 1.98670258023e-09]
    },
    "erbbands": {
        "dmean": [0.147381797433, 0.418081045151, 0.376878857613, 1.35467529297, 2.63865876198, 2.59837436676, 3.35118174553, 10.1531276703, 8.54439163208, 8.94582843781, 13.4185705185, 7.72732877731, 10.9509086609, 12.8629455566, 11.3794021606, 13.0781373978, 9.72926616669, 9.09234237671, 9.71846389771, 8.9945230484, 9.84430789948, 8.69552707672, 10.5156545639, 10.7886047363, 12.2676610947, 10.3651208878, 12.2507171631, 9.91808700562, 8.38525772095, 6.63411474228, 4.38515663147, 4.32222032547, 3.59080958366, 2.6777215004, 1.65896785259, 0.784584522247, 0.209486186504, 0.0409237630665, 0.00360541767441, 5.66009475733e-05],
        "dmean2": [0.21945977211, 0.706402599812, 0.648438811302, 2.40419530869, 4.68935203552, 4.62505531311, 5.24572610855, 16.6099052429, 11.946305275, 11.7551622391, 17.8793087006, 11.0240659714, 15.336558342, 17.8306484222, 16.6443576813, 19.9227733612, 15.2015123367, 14.2560033798, 15.1486606598, 13.9987659454, 15.0760641098, 13.5065937042, 16.4846630096, 16.5475902557, 18.919801712, 16.5495281219, 19.6422748566, 15.5661716461, 13.6245861053, 10.2283878326, 6.85527849197, 6.95392274857, 5.71322011948, 4.32797861099, 2.65245819092, 1.27203559875, 0.348555505276, 0.0672075748444, 0.00601093564183, 9.28793378989e-05],
        "dvar": [0.030679885298, 0.390485614538, 0.722822248936, 19.1698989868, 55.0745277405, 36.4799003601, 30.1090869904, 371.645965576, 197.51184082, 184.903015137, 462.480499268, 98.3606109619, 223.442718506, 367.791320801, 214.302444458, 296.663787842, 168.656448364, 207.268539429, 213.356292725, 215.943756104, 257.694274902, 314.449829102, 444.329559326, 550.979858398, 833.699462891, 428.708953857, 494.114807129, 234.06892395, 154.602752686, 95.7801208496, 36.1855278015, 38.8382377625, 28.9567928314, 21.6489543915, 9.27122879028, 2.89569091797, 0.201062858105, 0.00611331965774, 5.31714213139e-05, 1.26119710231e-08],
        "dvar2": [0.0699339956045, 1.14672589302, 2.02166748047, 52.1970214844, 148.818572998, 103.465446472, 71.4713134766, 1093.08850098, 372.881134033, 329.337249756, 712.711730957, 191.524536133, 445.159942627, 661.748535156, 415.464202881, 650.167358398, 386.791931152, 499.810241699, 460.187164307, 490.956298828, 549.075256348, 721.631164551, 1009.0592041, 1144.28491211, 1861.20275879, 958.822143555, 1267.61340332, 526.61114502, 381.939910889, 224.696533203, 80.0817565918, 93.7798919678, 72.8980484009, 56.2614250183, 22.6889133453, 6.71381235123, 0.508060932159, 0.0157952811569, 0.000140793883475, 3.27903677544e-08],
        "max": [2.02233529091, 9.60474491119, 9.55423927307, 43.8378829956, 95.0551071167, 70.5384216309, 152.56149292, 655.964599609, 422.944152832, 536.020629883, 830.750671387, 220.50579834, 418.845733643, 552.727783203, 490.455413818, 497.715057373, 235.380493164, 352.081481934, 552.676330566, 229.809753418, 273.380950928, 498.754882812, 552.792175293, 686.522338867, 771.495300293, 569.522216797, 481.366821289, 329.014068604, 129.414154053, 138.65057373, 99.9187316895, 89.0443649292, 75.2039489746, 71.8676071167, 37.9553909302, 24.4814167023, 6.45511054993, 1.00312626362, 0.0973063930869, 0.0015466628829],
        "mean": [0.231692552567, 0.55014538765, 0.500615537167, 1.11083030701, 2.31799411774, 4.21618938446, 10.1314373016, 28.109331131, 32.2265510559, 32.6466178894, 45.8211250305, 22.9267520905, 32.2526321411, 32.6466331482, 26.6258716583, 30.2021369934, 23.1154270172, 21.4610366821, 22.9173030853, 20.5712757111, 21.3118114471, 19.759929657, 23.8082580566, 25.3389129639, 30.1167411804, 25.654384613, 26.5319538116, 23.2544708252, 19.9495830536, 15.9052295685, 11.8711299896, 8.82614517212, 7.66429376602, 5.53089809418, 3.25916576385, 1.29258358479, 0.315481066704, 0.0668352544308, 0.0050986642018, 0.000122859506519],
        "median": [0.119708195329, 0.330419301987, 0.15609253943, 0.165276423097, 0.619989991188, 2.19267463684, 5.56730318069, 12.9693756104, 18.1036262512, 18.5147781372, 21.6948204041, 15.8116588593, 19.5764064789, 20.8019828796, 19.0365829468, 20.3415107727, 16.6455631256, 13.7106561661, 15.4697628021, 12.9660758972, 12.2106018066, 8.26594638824, 9.30781745911, 8.70098018646, 8.8824300766, 10.2230510712, 15.646323204, 15.693608284, 13.4250440598, 9.65501785278, 8.15153884888, 5.2564239502, 3.8185505867, 2.01503753662, 0.922934651375, 0.301659345627, 0.119203940034, 0.0312148798257, 0.00258048647083, 8.3253820776e-05],
        "min": [2.53191332014e-22, 1.94301010038e-21, 6.48562308772e-21, 1.66342030684e-20, 2.57554251322e-20, 2.23280798123e-20, 1.7495936243e-20, 1.05609929279e-19, 1.41740474039e-19, 2.04212436772e-19, 1.37630536693e-19, 4.54659410099e-19, 6.46968976351e-19, 1.03755270146e-18, 1.40814223038e-18, 2.35072715289e-18, 2.21234169757e-18, 2.6585262287e-18, 2.33772821636e-18, 4.16594047235e-18, 4.44814885475e-18, 5.02558585599e-18, 6.71318526606e-18, 7.2198739231e-18, 8.93224449739e-18, 9.61298601738e-18, 6.97603596777e-18, 8.88197011412e-18, 9.76451392507e-18, 1.18729964793e-17, 1.228346087e-17, 1.23640737566e-17, 1.04079537353e-17, 7.89749862654e-18, 7.0236881885e-18, 5.3092662063e-18, 2.24287975822e-18, 1.08204881456e-18, 2.58656663359e-19, 3.08096376154e-20],
        "var": [0.0756070688367, 0.464545845985, 0.862122952938, 13.1374464035, 39.1969184875, 40.8971595764, 184.134048462, 2635.80932617, 1597.6887207, 1813.02575684, 4873.07666016, 551.610229492, 1442.89746094, 1531.14099121, 765.706115723, 1089.18347168, 573.199279785, 599.551086426, 723.714782715, 655.21661377, 773.268066406, 1086.48730469, 1940.86865234, 2567.42333984, 3935.36572266, 1773.53112793, 973.508422852, 645.445007324, 425.160217285, 322.013092041, 149.959747314, 103.327796936, 93.7398376465, 68.8648147583, 25.308380127, 5.35071372986, 0.268397957087, 0.00869530253112, 5.95081983192e-05, 1.70635683361e-08]
    },
    "gfcc": {
        "mean": [9.80272293091, 42.7654914856, -120.302658081, -2.7981710434, -82.9411773682, 6.70567846298, -34.1180229187, 7.60523605347, -16.1707019806, 16.4061470032, -8.47670555115, 12.259552002, -3.31711792946],
        "cov": [[18579.9960938, -4040.6784668, 2021.85375977, 4570.09423828, 899.065185547, 2453.70629883, 177.342468262, 1227.7833252, -275.338806152, 1092.4284668, -83.145866394, 670.662475586, -504.810241699], [-4040.6784668, 3352.00561523, -444.496398926, -809.388549805, 674.754394531, -701.697875977, 263.221008301, -508.882965088, -6.83406448364, -537.61529541, -102.221694946, -345.340606689, 212.737915039], [2021.85375977, -444.496398926, 1721.21740723, 1116.30688477, 391.09185791, 836.040527344, 138.987380981, 245.107254028, -79.7652893066, 257.218536377, -27.2996864319, 154.545288086, -91.8497009277], [4570.09423828, -809.388549805, 1116.30688477, 2130.51611328, 850.911987305, 905.144470215, 281.493743896, 416.321289062, -125.3046875, 302.323913574, -79.357208252, 157.009292603, -162.375061035], [899.065185547, 674.754394531, 391.09185791, 850.911987305, 1257.71850586, 301.620422363, 206.767822266, 246.529312134, -116.593406677, -57.6872749329, -86.3101959229, -98.8836212158, -76.9996414185], [2453.70629883, -701.697875977, 836.040527344, 905.144470215, 301.620422363, 809.288146973, 73.8955001831, 279.497314453, 2.58644866943, 219.554779053, 7.23021697998, 132.992614746, -100.284431458], [177.342468262, 263.221008301, 138.987380981, 281.493743896, 206.767822266, 73.8955001831, 243.909515381, -8.7107667923, 12.8419342041, 31.3983669281, -47.97448349, 19.7384643555, 1.56144666672], [1227.7833252, -508.882965088, 245.107254028, 416.321289062, 246.529312134, 279.497314453, -8.7107667923, 336.165405273, -4.44337081909, 123.028289795, 37.7908973694, 26.97315979, -67.7668151855], [-275.338806152, -6.83406448364, -79.7652893066, -125.3046875, -116.593406677, 2.58644866943, 12.8419342041, -4.44337081909, 168.589538574, 36.0956497192, 34.7093925476, 39.4612579346, -0.83802241087], [1092.4284668, -537.61529541, 257.218536377, 302.323913574, -57.6872749329, 219.554779053, 31.3983669281, 123.028289795, 36.0956497192, 221.949188232, 24.1180820465, 107.983169556, -28.0862541199], [-83.145866394, -102.221694946, -27.2996864319, -79.357208252, -86.3101959229, 7.23021697998, -47.97448349, 37.7908973694, 34.7093925476, 24.1180820465, 119.919319153, 27.3385009766, 15.6687307358], [670.662475586, -345.340606689, 154.545288086, 157.009292603, -98.8836212158, 132.992614746, 19.7384643555, 26.97315979, 39.4612579346, 107.983169556, 27.3385009766, 167.450683594, 5.78500652313], [-504.810241699, 212.737915039, -91.8497009277, -162.375061035, -76.9996414185, -100.284431458, 1.56144666672, -67.7668151855, -0.83802241087, -28.0862541199, 15.6687307358, 5.78500652313, 113.348457336]],
        "icov": [[0.000197529603611, -9.8568307294e-05, 0.000243592570769, -0.000390333647374, 0.000193506275536, -0.000325144006638, 0.00029800174525, -0.00021640205523, 0.000381053134333, -0.00037473347038, 0.000205602394999, -0.000373557821149, 0.000313850294333], [-9.8568307294e-05, 0.00152725132648, -0.000587766699027, 0.000623657426331, -0.00135700579267, 0.000688687316142, -0.00132232287433, 0.00173554022331, -0.00127490062732, 0.00152421416715, -0.000633192132227, 0.00151211582124, -0.00176636816468], [0.000243592570769, -0.000587766699027, 0.00175548612606, -0.000696921197232, 0.000550836324692, -0.00177665369119, 0.000575711135752, -0.00038378071622, 0.0014829908032, -0.00137903250288, 0.000423777673859, -0.000982556375675, 0.000837933330331], [-0.000390333647374, 0.000623657426331, -0.000696921197232, 0.00247365375981, -0.00129902816843, -7.5356940215e-05, -0.0018159596948, 0.000577421102207, 2.83132358163e-05, 0.00029355409788, -0.000211140155443, 0.000440451374743, -0.000429294013884], [0.000193506275536, -0.00135700579267, 0.000550836324692, -0.00129902816843, 0.00312552275136, -0.00080918893218, 0.000108795895358, -0.00300508877262, 0.00154232583009, 0.000343399326084, 0.000967445434071, -0.000702577352058, 0.00160194397904], [-0.000325144006638, 0.000688687316142, -0.00177665369119, -7.5356940215e-05, -0.00080918893218, 0.00482170190662, -0.000317608995829, -0.000169359555002, -0.00213260645978, 0.000810865021776, -0.000595188059378, 0.000281529501081, -0.00041579423123], [0.00029800174525, -0.00132232287433, 0.000575711135752, -0.0018159596948, 0.000108795895358, -0.000317608995829, 0.00812551286072, 0.000202263399842, -0.00061704555992, -0.00304645416327, 0.00241596880369, -0.00172385247424, 0.00047055631876], [-0.00021640205523, 0.00173554022331, -0.00038378071622, 0.000577421102207, -0.00300508877262, -0.000169359555002, 0.000202263399842, 0.00880928058177, -0.00166119262576, -0.00162448559422, -0.00302824750543, 0.00313655589707, -0.000788510311395], [0.000381053134333, -0.00127490062732, 0.0014829908032, 2.83132358163e-05, 0.00154232583009, -0.00213260645978, -0.00061704555992, -0.00166119262576, 0.0098599633202, -0.00280427117832, -0.000954680610448, -0.00307488185354, 0.00317532476038], [-0.00037473347038, 0.00152421416715, -0.00137903250288, 0.00029355409788, 0.000343399326084, 0.000810865021776, -0.00304645416327, -0.00162448559422, -0.00280427117832, 0.0130038624629, -0.000764653552324, -0.00171613611747, -0.00181040947791], [0.000205602394999, -0.000633192132227, 0.000423777673859, -0.000211140155443, 0.000967445434071, -0.000595188059378, 0.00241596880369, -0.00302824750543, -0.000954680610448, -0.000764653552324, 0.0116517608985, -0.00221606530249, -0.0012622383656], [-0.000373557821149, 0.00151211582124, -0.000982556375675, 0.000440451374743, -0.000702577352058, 0.000281529501081, -0.00172385247424, 0.00313655589707, -0.00307488185354, -0.00171613611747, -0.00221606530249, 0.0124633572996, -0.00377387390472], [0.000313850294333, -0.00176636816468, 0.000837933330331, -0.000429294013884, 0.00160194397904, -0.00041579423123, 0.00047055631876, -0.000788510311395, 0.00317532476038, -0.00181040947791, -0.0012622383656, -0.00377387390472, 0.0137837817892]]
    },
    "melbands": {
        "dmean": [0.00101788889151, 0.000266994116828, 0.000252182217082, 0.000200268899789, 0.00010749433568, 0.000206382275792, 0.000131140463054, 0.000118854855828, 9.90558764897e-05, 5.59108884772e-05, 5.7932404161e-05, 5.31760051672e-05, 3.28384376189e-05, 5.84337140026e-05, 2.53177477134e-05, 2.62068951997e-05, 1.75626719283e-05, 1.87134792213e-05, 1.74937395059e-05, 1.09723696369e-05, 1.2174566109e-05, 1.02153289845e-05, 9.32498642214e-06, 1.00490951809e-05, 9.79940068646e-06, 1.02729036371e-05, 1.10050968942e-05, 6.76302033753e-06, 9.27219480218e-06, 6.46295075057e-06, 6.74446209814e-06, 5.21304446011e-06, 4.80684366266e-06, 3.57291310138e-06, 2.84912584902e-06, 3.02105559058e-06, 2.76285345535e-06, 2.81552593151e-06, 2.61716354544e-06, 2.47304615186e-06],
        "dmean2": [0.00155648821965, 0.000459675211459, 0.000433199806139, 0.000359116995241, 0.000170483865077, 0.000333329284331, 0.000179421622306, 0.0001523498795, 0.000134923757287, 7.7755030361e-05, 8.06024763733e-05, 7.37054288038e-05, 4.79722584714e-05, 8.57124323375e-05, 4.06918297813e-05, 4.07485858887e-05, 2.76369137282e-05, 2.91526121146e-05, 2.74443918897e-05, 1.75650966412e-05, 1.85961453099e-05, 1.59791870828e-05, 1.46999936987e-05, 1.57215636136e-05, 1.51211716002e-05, 1.59149203682e-05, 1.7640153601e-05, 1.09171169242e-05, 1.51963822645e-05, 9.83604786597e-06, 1.09063703349e-05, 8.40967277327e-06, 7.62072932048e-06, 5.65763320992e-06, 4.50289189757e-06, 4.88565774504e-06, 4.51649430033e-06, 4.52444510302e-06, 4.33892319052e-06, 4.03497188017e-06],
        "dvar": [1.42018575389e-06, 1.89663992956e-07, 5.59913985398e-07, 2.67574222335e-07, 2.81089747034e-08, 1.42803031622e-07, 4.50967796439e-08, 3.04484260027e-08, 2.4003442789e-08, 5.06570074776e-09, 6.61921095713e-09, 5.80099834835e-09, 1.69715907994e-09, 7.84097498041e-09, 1.89506943471e-09, 1.4202620191e-09, 7.54511120249e-10, 8.4585422e-10, 9.24711252015e-10, 3.1345059881e-10, 4.16683798576e-10, 4.62441945848e-10, 3.82452791658e-10, 4.93303564664e-10, 4.92966278909e-10, 6.79574174711e-10, 6.79129696923e-10, 1.8131103563e-10, 4.05311395557e-10, 9.2056876011e-11, 1.21749374471e-10, 5.92028578938e-11, 5.36482455682e-11, 2.8397409424e-11, 1.68220073288e-11, 1.98430456094e-11, 1.72286525324e-11, 1.88280727814e-11, 2.24514330738e-11, 1.78540255497e-11],
        "dvar2": [3.59997579835e-06, 5.60271303129e-07, 1.45055150824e-06, 7.42200199966e-07, 6.80295357824e-08, 4.12049814713e-07, 8.3010881724e-08, 4.99188601566e-08, 3.81290519158e-08, 9.25508913951e-09, 1.30193997805e-08, 1.06181632376e-08, 3.57527296657e-09, 1.50178447456e-08, 4.69607908116e-09, 3.29245697372e-09, 1.81940429389e-09, 1.81249870668e-09, 2.11807771322e-09, 7.53490603245e-10, 8.8801882514e-10, 1.06795738919e-09, 9.15688469494e-10, 1.13520937095e-09, 1.02524688739e-09, 1.5375891671e-09, 1.58585589105e-09, 4.17949785891e-10, 1.05397401917e-09, 2.05865866021e-10, 2.93511936977e-10, 1.42190023644e-10, 1.34521713213e-10, 6.93037779942e-11, 3.83457536557e-11, 4.93892114706e-11, 4.24976304148e-11, 4.74551301033e-11, 6.1575633481e-11, 4.63585628219e-11],
        "max": [0.0128624690697, 0.00656980276108, 0.00728561822325, 0.00631796102971, 0.00395107781515, 0.0131182586774, 0.00692783854902, 0.00610124645755, 0.00542870024219, 0.00174706755206, 0.00234112353064, 0.00204158178531, 0.00091334071476, 0.00307618454099, 0.000945455918554, 0.000581336731557, 0.000602015876211, 0.00085631251568, 0.000617993762717, 0.000395945709897, 0.000364402570995, 0.000627005007118, 0.000465492747026, 0.00047651710338, 0.000637429067865, 0.000863769615535, 0.000681677542161, 0.000336989498464, 0.000473849999253, 0.000174685264938, 0.000165587451193, 7.61146875448e-05, 0.000102760510345, 7.60786497267e-05, 7.41778203519e-05, 8.89714210643e-05, 4.36674126831e-05, 7.32642147341e-05, 9.24920459511e-05, 6.12732328591e-05],
        "mean": [0.00158127362374, 0.000402541132644, 0.000221007110667, 0.000223285329412, 0.000323093379848, 0.000599789666012, 0.000499413174111, 0.000425818463555, 0.000330180424498, 0.000155795089086, 0.000166347439517, 0.000136340982863, 7.88197139627e-05, 0.000122209487017, 5.04740637552e-05, 5.53587451577e-05, 3.79704979423e-05, 3.92188812839e-05, 3.34589458362e-05, 2.28194294323e-05, 2.41743455263e-05, 2.02570518013e-05, 1.93855958059e-05, 2.11523674807e-05, 1.99337828235e-05, 2.17817123485e-05, 2.24963514484e-05, 1.49523057189e-05, 1.67907037394e-05, 1.43923452924e-05, 1.37724364322e-05, 1.17476174637e-05, 1.07451214717e-05, 7.56057761464e-06, 7.22099957784e-06, 5.74337354919e-06, 5.14676048624e-06, 5.33439742867e-06, 5.07637378178e-06, 4.59329794467e-06],
        "median": [0.000887282076292, 0.000237682834268, 3.93974551116e-05, 8.56516417116e-05, 0.000186078512343, 0.000296200392768, 0.000273869896773, 0.000232894090004, 0.000160982875968, 0.000101915793493, 9.70542023424e-05, 8.58109124238e-05, 5.88111361139e-05, 6.71307134326e-05, 2.83199242403e-05, 3.51492999471e-05, 2.22370181291e-05, 2.40027584368e-05, 1.81771938514e-05, 1.33689700306e-05, 1.29722211568e-05, 7.66339417169e-06, 7.31134696252e-06, 7.1387726166e-06, 6.4744726842e-06, 6.19153706793e-06, 6.32012051938e-06, 5.28001874045e-06, 7.80168738856e-06, 7.85340125731e-06, 7.65860113461e-06, 6.70546614856e-06, 5.57524617761e-06, 4.33091008745e-06, 4.72126066597e-06, 3.47360037267e-06, 2.61215654973e-06, 2.59068974628e-06, 1.72373506757e-06, 1.70635507857e-06],
        "min": [2.9511787391e-24, 3.37320472947e-24, 3.25795372893e-24, 2.24384029755e-24, 5.67678704109e-25, 2.53241547744e-24, 2.30644548228e-24, 2.1437782221e-24, 1.06987002156e-24, 3.12377322212e-24, 2.78278927913e-24, 3.64910173132e-24, 3.0576826527e-24, 4.73664943551e-24, 3.13591536918e-24, 3.7503390123e-24, 5.13562333251e-24, 4.16285212901e-24, 5.32050156312e-24, 5.32083840672e-24, 3.8023592614e-24, 4.82293228031e-24, 4.22085115491e-24, 6.1566144477e-24, 4.46716863383e-24, 7.01687515345e-24, 4.94216821171e-24, 5.71403034771e-24, 3.34970692968e-24, 5.64634844863e-24, 4.67084857526e-24, 5.01913539808e-24, 5.58919074288e-24, 5.96803527615e-24, 5.79658779689e-24, 5.77784485621e-24, 6.65778014737e-24, 6.39884365498e-24, 7.20121616978e-24, 5.39658009768e-24],
        "var": [3.18972661262e-06, 2.85416660972e-07, 4.29582968309e-07, 2.09168675269e-07, 1.69480998125e-07, 1.07128835225e-06, 3.99082750846e-07, 3.27547326151e-07, 2.44204585442e-07, 2.9276828073e-08, 4.3261341176e-08, 2.62992561062e-08, 5.73256730974e-09, 2.93403772389e-08, 5.11923925473e-09, 4.28088764437e-09, 2.11748818479e-09, 2.59913379708e-09, 2.22279639139e-09, 8.5817852824e-10, 1.16299059272e-09, 1.27499755198e-09, 1.35134214929e-09, 1.79399506361e-09, 1.76424819198e-09, 2.34315877812e-09, 2.40509101523e-09, 5.93739390986e-10, 5.99436111859e-10, 2.74329170491e-10, 2.82504963867e-10, 1.66874611351e-10, 1.63504002004e-10, 7.96410160042e-11, 6.31455235323e-11, 4.86024449853e-11, 4.05427080796e-11, 4.7934382158e-11, 7.06808847561e-11, 4.62540179769e-11]
    },
    "mfcc": {
        "mean": [-631.258300781, 83.6896362305, 3.31302261353, -9.37111759186, -24.9994125366, -5.67540884018, -11.9666795731, -6.70302438736, -1.7278624773, 0.126916781068, 1.28467452526, 5.20400667191, 5.95938110352],
        "cov": [[10768.6005859, -1647.79724121, 652.779968262, 2459.83862305, 1713.02807617, 1643.78564453, 1394.7890625, 796.312683105, 516.352905273, 489.638031006, 591.823730469, 365.531616211, 265.459503174], [-1647.79724121, 2016.77990723, -168.94052124, -84.1336669922, 63.845867157, 32.9254493713, -35.811126709, 19.3634128571, 0.86703145504, -110.137535095, -194.952316284, -242.619232178, -204.919235229], [652.779968262, -168.94052124, 1323.35986328, 210.246856689, 169.755630493, 486.600158691, 237.83190918, 124.233650208, 122.222915649, 5.61890649796, 90.9023590088, 109.918617249, 62.573348999], [2459.83862305, -84.1336669922, 210.246856689, 1388.36877441, 722.668579102, 668.111694336, 605.430908203, 332.277923584, 223.428695679, 158.681152344, 142.459960938, 1.3092880249, -13.1435451508], [1713.02807617, 63.845867157, 169.755630493, 722.668579102, 1065.14099121, 442.743682861, 580.041259766, 322.318237305, 138.770462036, 192.356582642, 120.527015686, -6.68077754974, -40.6766204834], [1643.78564453, 32.9254493713, 486.600158691, 668.111694336, 442.743682861, 735.373779297, 380.626525879, 277.534301758, 187.82421875, 62.4896583557, 120.353538513, 30.738609314, 25.6719398499], [1394.7890625, -35.811126709, 237.83190918, 605.430908203, 580.041259766, 380.626525879, 531.532836914, 221.59866333, 133.810516357, 120.048240662, 75.0883026123, 3.72488713264, -19.4749774933], [796.312683105, 19.3634128571, 124.233650208, 332.277923584, 322.318237305, 277.534301758, 221.59866333, 247.33934021, 89.2072143555, 83.0470962524, 71.6315536499, 17.3724975586, 14.6790838242], [516.352905273, 0.86703145504, 122.222915649, 223.428695679, 138.770462036, 187.82421875, 133.810516357, 89.2072143555, 167.63520813, 53.8569030762, 66.962928772, 15.5002450943, 19.1873092651], [489.638031006, -110.137535095, 5.61890649796, 158.681152344, 192.356582642, 62.4896583557, 120.048240662, 83.0470962524, 53.8569030762, 160.36239624, 72.0463180542, 47.9785194397, 14.0155715942], [591.823730469, -194.952316284, 90.9023590088, 142.459960938, 120.527015686, 120.353538513, 75.0883026123, 71.6315536499, 66.962928772, 72.0463180542, 156.652374268, 63.9765129089, 58.1449928284], [365.531616211, -242.619232178, 109.918617249, 1.3092880249, -6.68077754974, 30.738609314, 3.72488713264, 17.3724975586, 15.5002450943, 47.9785194397, 63.9765129089, 145.330429077, 68.7542877197], [265.459503174, -204.919235229, 62.573348999, -13.1435451508, -40.6766204834, 25.6719398499, -19.4749774933, 14.6790838242, 19.1873092651, 14.0155715942, 58.1449928284, 68.7542877197, 127.9114151]],
