{
"lowlevel": {
    "average_loudness": 0.978593289852,
    "barkbands_crest": {
        "dmean": 3.89048171043,
        "dmean2": 6.11612987518,
        "dvar": 11.1820774078,
        "dvar2": 29.5894432068,
        "max": 26.6159610748,
        "mean": 11.1021871567,
        "median": 10.9121589661,
        "min": 2.07535266876,
        "var": 23.4595012665
    },
    "barkbands_flatness_db": {
        "dmean": 0.0295266639441,
        "dmean2": 0.04627083987,
        "dvar": 0.000820101762656,
        "dvar2": 0.00215826975182,
        "max": 0.645796477795,
        "mean": 0.118626914918,
        "median": 0.0859171897173,
        "min": 0.00977349467576,
        "var": 0.012200309895
    },
    "barkbands_kurtosis": {
        "dmean": 4.77023792267,
        "dmean2": 7.63215017319,
        "dvar": 970.354431152,
        "dvar2": 2577.15307617,
        "max": 1464.05944824,
        "mean": 4.34429502487,
        "median": -0.291146755219,
        "min": -1.83009397984,
        "var": 1063.09631348
    },
    "barkbands_skewness": {
        "dmean": 0.780370175838,
        "dmean2": 1.18553459644,
        "dvar": 1.02985060215,
        "dvar2": 2.51506495476,
        "max": 28.0835018158,
        "mean": 1.20763456821,
        "median": 0.958212435246,
        "min": -2.34237527847,
        "var": 2.68111515045
    },
    "barkbands_spread": {
        "dmean": 11.3068523407,
        "dmean2": 18.1458110809,
        "dvar": 143.474060059,
        "dvar2": 368.19921875,
        "max": 114.521446228,
        "mean": 46.4392929077,
        "median": 50.475440979,
        "min": 0.0247499402612,
        "var": 535.209777832
    },
    "dissonance": {
        "dmean": 0.0148665653542,
        "dmean2": 0.0251125134528,
        "dvar": 0.000575989077333,
        "dvar2": 0.00159729912411,
        "max": 0.500000059605,
        "mean": 0.472682446241,
        "median": 0.482967704535,
        "min": 0.117451816797,
        "var": 0.00135572592262
    },
    "dynamic_complexity": 1.40410971642,
    "erbbands_crest": {
        "dmean": 2.00354909897,
        "dmean2": 3.25070810318,
        "dvar": 4.58430051804,
        "dvar2": 11.93450737,
        "max": 31.4673061371,
        "mean": 7.88268184662,
        "median": 6.52902364731,
        "min": 2.12063622475,
        "var": 21.8014945984
    },
    "erbbands_flatness_db": {
        "dmean": 0.0139589123428,
        "dmean2": 0.0205337442458,
        "dvar": 0.000270669464953,
        "dvar2": 0.000614012649748,
        "max": 0.630129098892,
        "mean": 0.134989693761,
        "median": 0.100796632469,
        "min": 0.028940256685,
        "var": 0.0122131640092
    },
    "erbbands_kurtosis": {
        "dmean": 0.989091575146,
        "dmean2": 1.56340551376,
        "dvar": 13.6278104782,
        "dvar2": 36.8985061646,
        "max": 105.695777893,
        "mean": 0.591876149178,
        "median": -0.416547060013,
        "min": -1.81187725067,
        "var": 20.3123245239
    },
    "erbbands_skewness": {
        "dmean": 0.334700286388,
        "dmean2": 0.501777172089,
        "dvar": 0.190533012152,
        "dvar2": 0.472260653973,
        "max": 8.93893432617,
        "mean": -0.0569046922028,
        "median": -0.153804406524,
        "min": -2.6732749939,
        "var": 0.869183778763
    },
    "erbbands_spread": {
        "dmean": 8.69954395294,
        "dmean2": 13.1128015518,
        "dvar": 133.969512939,
        "dvar2": 296.486419678,
        "max": 168.77822876,
        "mean": 45.9482955933,
        "median": 45.3272895813,
        "min": 0.453323066235,
        "var": 483.869537354
    },
    "hfc": {
        "dmean": 11.9070005417,
        "dmean2": 17.9970722198,
        "dvar": 192.074279785,
        "dvar2": 482.222747803,
        "max": 155.892379761,
        "mean": 41.0134735107,
        "median": 40.4318656921,
        "min": 1.06965563893e-16,
        "var": 571.482543945
    },
    "melbands_crest": {
        "dmean": 6.08731889725,
        "dmean2": 9.05788230896,
        "dvar": 27.6908721924,
        "dvar2": 56.7803764343,
        "max": 37.0357398987,
        "mean": 20.1800823212,
        "median": 20.1968250275,
        "min": 1.6697010994,
        "var": 63.9030723572
    },
    "melbands_flatness_db": {
        "dmean": 0.0423885248601,
        "dmean2": 0.0653020739555,
        "dvar": 0.00145263795275,
        "dvar2": 0.00371880666353,
        "max": 0.794975280762,
        "mean": 0.183719083667,
        "median": 0.15330812335,
        "min": 0.00354606076144,
        "var": 0.014803907834
    },
    "melbands_kurtosis": {
        "dmean": 13.6597385406,
        "dmean2": 21.7250995636,
        "dvar": 1687.05480957,
        "dvar2": 4478.00292969,
        "max": 1083.43066406,
        "mean": 17.1892967224,
        "median": 6.90155982971,
        "min": -1.5461577177,
        "var": 3406.24414062
    },
    "melbands_skewness": {
        "dmean": 1.19180738926,
        "dmean2": 1.83494567871,
        "dvar": 1.89406073093,
        "dvar2": 4.83637666702,
        "max": 27.7968139648,
        "mean": 2.83199119568,
        "median": 2.47158479691,
        "min": -1.89720094204,
        "var": 5.11346435547
    },
    "melbands_spread": {
        "dmean": 16.176027298,
        "dmean2": 25.2508602142,
        "dvar": 270.476287842,
        "dvar2": 678.540527344,
        "max": 160.777709961,
        "mean": 39.9645767212,
        "median": 36.8438606262,
        "min": 0.103819526732,
        "var": 742.014892578
    },
    "pitch_salience": {
        "dmean": 0.109303221107,
        "dmean2": 0.164947837591,
        "dvar": 0.00812623649836,
        "dvar2": 0.0200600400567,
        "max": 0.890575110912,
        "mean": 0.471777766943,
        "median": 0.470053941011,
        "min": 0.0270365569741,
        "var": 0.0177906230092
    },
    "silence_rate_20dB": {
        "dmean": 0,
        "dmean2": 0,
        "dvar": 0,
        "dvar2": 0,
        "max": 1,
        "mean": 1,
        "median": 1,
        "min": 1,
        "var": 0
    },
    "silence_rate_30dB": {
        "dmean": 0,
        "dmean2": 0,
        "dvar": 0,
        "dvar2": 0,
        "max": 1,
        "mean": 1,
        "median": 1,
        "min": 1,
        "var": 0
    },
    "silence_rate_60dB": {
        "dmean": 0.00191373471171,
        "dmean2": 0.00375414057635,
        "dvar": 0.00191010325216,
        "dvar2": 0.00418170588091,
        "max": 1,
        "mean": 0.0220799297094,
        "median": 0,
        "min": 0,
        "var": 0.0215923618525
    },
    "spectral_centroid": {
        "dmean": 327.587371826,
        "dmean2": 494.245635986,
        "dvar": 172647.828125,
        "dvar2": 340841.65625,
        "max": 11637.2822266,
        "mean": 2360.00463867,
        "median": 2528.35546875,
        "min": 70.2174758911,
        "var": 1326424
    },
    "spectral_complexity": {
        "dmean": 4.22508478165,
        "dmean2": 6.58969449997,
        "dvar": 21.9278030396,
        "dvar2": 52.405456543,
        "max": 51,
        "mean": 22.1973953247,
        "median": 23,
        "min": 0,
        "var": 97.7399368286
    },
    "spectral_decrease": {
        "dmean": 2.28038965489e-09,
        "dmean2": 3.51942230914e-09,
        "dvar": 4.07217789555e-18,
        "dvar2": 1.16360572103e-17,
        "max": 2.1515656374e-28,
        "mean": -6.58073595616e-09,
        "median": -6.39932773439e-09,
        "min": -2.36013146804e-08,
        "var": 7.95343754265e-18
    },
    "spectral_energy": {
        "dmean": 0.00836333911866,
        "dmean2": 0.0129722002894,
        "dvar": 5.56998747925e-05,
        "dvar2": 0.000161702366313,
        "max": 0.0894706696272,
        "mean": 0.028557382524,
        "median": 0.0285515673459,
        "min": 9.98074753857e-21,
        "var": 0.000118193784147
    },
    "spectral_energyband_high": {
        "dmean": 0.00123549788259,
        "dmean2": 0.00185161281843,
        "dvar": 1.73230569089e-06,
        "dvar2": 3.99022610509e-06,
        "max": 0.0187741294503,
        "mean": 0.0036104740575,
        "median": 0.00330530689098,
        "min": 7.06533735273e-21,
        "var": 6.92726553098e-06
    },
    "spectral_energyband_low": {
        "dmean": 0.00880610570312,
        "dmean2": 0.0133867105469,
        "dvar": 6.57854761812e-05,
        "dvar2": 0.000175074266735,
        "max": 0.0892238467932,
        "mean": 0.0138667384163,
        "median": 0.011449768208,
        "min": 1.55735357964e-23,
        "var": 0.000124559868709
    },
    "spectral_energyband_middle_high": {
        "dmean": 0.00142184912693,
        "dmean2": 0.00208851555362,
        "dvar": 2.41977204496e-06,
        "dvar2": 4.73154796055e-06,
        "max": 0.0318626128137,
        "mean": 0.00513199856505,
        "median": 0.00471848808229,
        "min": 1.21055216928e-21,
        "var": 1.19301494124e-05
    },
    "spectral_energyband_middle_low": {
        "dmean": 0.0026741437614,
        "dmean2": 0.00420868815854,
        "dvar": 2.06855056604e-05,
        "dvar2": 5.12003025506e-05,
        "max": 0.0433783493936,
        "mean": 0.00646807067096,
        "median": 0.00511108990759,
        "min": 1.59726044356e-22,
        "var": 2.89366562356e-05
    },
    "spectral_entropy": {
        "dmean": 0.176283583045,
        "dmean2": 0.275625258684,
        "dvar": 0.0558967702091,
        "dvar2": 0.138688385487,
        "max": 9.83789348602,
        "mean": 7.73901176453,
        "median": 7.9344329834,
        "min": 3.71816587448,
        "var": 0.73414850235
    },
    "spectral_flux": {
        "dmean": 0.025848403573,
        "dmean2": 0.0413896776736,
        "dvar": 0.000525711162481,
        "dvar2": 0.00116284983233,
        "max": 0.232193470001,
        "mean": 0.089584775269,
        "median": 0.0852640271187,
        "min": 6.39189881579e-11,
        "var": 0.0014273005072
    },
    "spectral_kurtosis": {
        "dmean": 4.84347343445,
        "dmean2": 8.17742347717,
        "dvar": 436.841339111,
        "dvar2": 1244.38757324,
        "max": 537.246520996,
        "mean": 17.0273151398,
        "median": 2.53109025955,
        "min": -1.25947225094,
        "var": 3377.92382812
    },
    "spectral_rms": {
        "dmean": 0.000774163345341,
        "dmean2": 0.0012019687565,
        "dvar": 4.57151884348e-07,
        "dvar2": 1.32853392643e-06,
        "max": 0.00934282876551,
        "mean": 0.00514178350568,
        "median": 0.00527780130506,
        "min": 3.12046699244e-12,
        "var": 1.42283158766e-06
    },
    "spectral_rolloff": {
        "dmean": 1627.37902832,
        "dmean2": 2727.91113281,
        "dvar": 5058578.5,
        "dvar2": 13211933,
        "max": 19896.6796875,
        "mean": 3404.82470703,
        "median": 3509.91210938,
        "min": 64.599609375,
        "var": 7982447.5
    },
    "spectral_skewness": {
        "dmean": 0.267270565033,
        "dmean2": 0.419830352068,
        "dvar": 0.42141982913,
        "dvar2": 1.17635846138,
        "max": 18.3684749603,
        "mean": 1.95126402378,
        "median": 1.22234749794,
        "min": -0.0926739796996,
        "var": 7.13836431503
    },
    "spectral_spread": {
        "dmean": 711788.6875,
        "dmean2": 1033489.375,
        "dvar": 733771792384,
        "dvar2": 1.4721328087e+12,
        "max": 42588060,
        "mean": 6345758,
        "median": 6544250,
        "min": 148942.734375,
        "var": 1.11777058652e+13
    },
    "spectral_strongpeak": {
        "dmean": 0.583296358585,
        "dmean2": 1.06487643719,
        "dvar": 2.53067803383,
        "dvar2": 6.72127819061,
        "max": 23.1102848053,
        "mean": 0.6923802495,
        "median": 0.232592567801,
        "min": 0,
        "var": 2.27307987213
    },
    "zerocrossingrate": {
        "dmean": 0.0242098513991,
        "dmean2": 0.0304527189583,
        "dvar": 0.000520222180057,
        "dvar2": 0.000750819395762,
        "max": 0.74462890625,
        "mean": 0.11223320663,
        "median": 0.1123046875,
        "min": 0.001953125,
        "var": 0.00342782586813
    },
    "barkbands": {
        "dmean": [0.00129676819779, 0.00723807420582, 0.000934410316404, 0.00142035190947, 0.00108875881415, 0.000366529129678, 0.00050240609562, 0.000428498227848, 0.000387943378882, 0.000329660746502, 0.000256860948866, 0.00026691518724, 0.000239931818214, 0.000166959449416, 0.000274905847618, 0.000171410065377, 0.00021597914747, 0.000222849033889, 0.000340299622621, 0.000464006559923, 0.000442095362814, 0.000232531499933, 0.000160410898388, 0.000190790873603, 0.000207597753615, 0.000237956905039, 0.000121785378724],
        "dmean2": [0.00160159275401, 0.010791878216, 0.00161902362015, 0.00256358785555, 0.0019599229563, 0.000523520167917, 0.000720278650988, 0.000638657540549, 0.000552243785933, 0.000465293123852, 0.000378426775569, 0.000400546327, 0.000353597453795, 0.000262104353169, 0.000429288164014, 0.000271603261353, 0.000339490681654, 0.000348478992237, 0.000520020839758, 0.000718396971934, 0.000683171965647, 0.000369280634914, 0.000254601531196, 0.000290547905024, 0.000329277798301, 0.000392681948142, 0.000209640886169],
        "dvar": [2.14695705836e-06, 5.53793870495e-05, 6.12502890363e-06, 1.75904042408e-05, 8.75404748513e-06, 4.91878552111e-07, 7.92389528215e-07, 7.89991133843e-07, 5.86968837979e-07, 3.50177344899e-07, 2.39602996999e-07, 2.16667501718e-07, 1.91010258277e-07, 5.60900268454e-08, 1.55712058358e-07, 6.91412083142e-08, 1.45491938497e-07, 1.30002860033e-07, 3.06189889443e-07, 6.12845440173e-07, 3.73370340867e-07, 7.60181109172e-08, 3.97353865367e-08, 5.8195233521e-08, 7.24832105448e-08, 1.53721373408e-07, 9.07497224034e-08],
        "dvar2": [3.39418033946e-06, 0.00014186486078, 1.71595347638e-05, 4.84218617203e-05, 2.46136205533e-05, 8.81966002453e-07, 1.7974008415e-06, 1.82120822956e-06, 1.10788471375e-06, 5.99053123551e-07, 4.25825305683e-07, 4.10904675618e-07, 3.97999428969e-07, 1.30857841896e-07, 3.47677172385e-07, 1.60760393442e-07, 3.25393443745e-07, 3.03244206634e-07, 6.66587368414e-07, 1.33048365569e-06, 8.34679667605e-07, 1.92078800865e-07, 9.76562333221e-08, 1.2762673407e-07, 1.85560082855e-07, 4.15622707806e-07, 2.48824221671e-07],
        "max": [0.0134467761964, 0.0828625485301, 0.0240090209991, 0.0343095511198, 0.0277709625661, 0.0192917175591, 0.0195505805314, 0.0240500830114, 0.0212094224989, 0.0243388824165, 0.0194395873696, 0.0115245999768, 0.0167828332633, 0.00462182424963, 0.00788255129009, 0.00575561728328, 0.00952524598688, 0.0161408036947, 0.0129201114178, 0.0152795705944, 0.0158626604825, 0.00361058185808, 0.00306371320039, 0.00305936136283, 0.00281713949516, 0.00427785515785, 0.00328871631064],
        "mean": [0.00197417847812, 0.0105789899826, 0.000821267371066, 0.00100220472086, 0.00118447386194, 0.00104338396341, 0.00126719498076, 0.00095558486646, 0.000977907911874, 0.000669300323352, 0.000466252822662, 0.000479831389384, 0.000436245842138, 0.00029839007766, 0.000490220147185, 0.000304276618408, 0.000381171208574, 0.000413949514041, 0.000678165117279, 0.000948928063735, 0.00103749183472, 0.000487667974085, 0.000348202098394, 0.000396627961891, 0.000413037254475, 0.000369552901248, 0.000132657180075],
        "median": [0.000813429709524, 0.00749541632831, 0.000152991357027, 7.73551873863e-05, 0.000403373036534, 0.000512309139594, 0.000623925589025, 0.000372947717551, 0.000374331866624, 0.000279181287624, 0.000178613510798, 0.000216582149733, 0.000261752109509, 0.000188677688129, 0.000340892234817, 0.000201842151, 0.000223920651479, 0.000246501847869, 0.00033910953789, 0.000446751306299, 0.000695815775543, 0.000368674081983, 0.000250223558396, 0.00025939324405, 0.000271834927844, 0.000212120081414, 5.20299108757e-05],
        "min": [4.99597740013e-25, 1.64449316683e-24, 1.14152206037e-24, 8.98020026019e-25, 6.17918060275e-24, 8.87533204968e-24, 1.10861620682e-23, 1.38622377466e-23, 1.20252220898e-23, 1.16671297259e-23, 1.08175935842e-23, 1.79195181984e-23, 1.71857213621e-23, 3.13485908442e-23, 4.29064570239e-23, 4.96922195979e-23, 4.86863683012e-23, 9.07855082302e-23, 1.32701096004e-22, 1.92080928259e-22, 2.95800574648e-22, 3.17317847621e-22, 4.38026314112e-22, 6.00501317842e-22, 7.79474444947e-22, 1.33300125421e-21, 1.91487343876e-21],
        "var": [5.47182617083e-06, 9.33708652155e-05, 4.51185997008e-06, 1.13273063107e-05, 6.34342313788e-06, 2.82232758764e-06, 2.8121894502e-06, 2.54195060734e-06, 3.3279454783e-06, 1.28661474719e-06, 7.5979750136e-07, 6.39526376744e-07, 4.12317575638e-07, 1.19876617077e-07, 3.07410232381e-07, 1.34426244358e-07, 2.80161486899e-07, 3.24700550891e-07, 9.42158862927e-07, 1.98892644221e-06, 1.41198268011e-06, 1.96510399064e-07, 1.05521742455e-07, 1.75966761162e-07, 1.65551256259e-07, 1.88107989629e-07, 6.66431034801e-08]
    },
    "erbbands": {
        "dmean": [0.365745812654, 1.05089437962, 0.844836473465, 3.51556897163, 4.1720032692, 3.22145938873, 2.71051025391, 3.07332229614, 6.23995399475, 6.83523082733, 10.5778131485, 9.16112041473, 5.34871912003, 13.2035684586, 9.63995265961, 11.2001600266, 10.9376821518, 8.86341667175, 13.0954217911, 11.166100502, 11.2035322189, 9.42647266388, 10.8180351257, 13.0986585617, 19.1506195068, 24.5269927979, 20.8329524994, 13.4735450745, 8.73628902435, 6.39958572388, 4.77380228043, 4.33366823196, 3.16531705856, 2.36562991142, 1.5705280304, 0.970205426216, 0.476077824831, 0.154068127275, 0.0214695781469, 0.000277385872323],
        "dmean2": [0.507869243622, 1.70269811153, 1.43568086624, 6.32044363022, 7.1949133873, 5.6954498291, 4.09644126892, 4.43775129318, 9.01673412323, 9.88090610504, 15.6628818512, 13.1569108963, 7.78094911575, 18.5388717651, 14.1940193176, 16.6277103424, 16.0067081451, 13.867562294, 20.396194458, 17.4218597412, 17.5833244324, 14.9035301208, 16.7406654358, 20.0794010162, 29.3172874451, 37.9588699341, 32.8994979858, 20.9297885895, 13.9698123932, 10.1415615082, 7.55907058716, 6.86250019073, 4.87390518188, 3.82917451859, 2.48668694496, 1.57203996181, 0.802911877632, 0.255301564932, 0.0376163609326, 0.000480482180137],
        "dvar": [0.128880828619, 2.23918294907, 3.08753466606, 102.173530579, 142.698883057, 68.5546951294, 25.7517776489, 39.5092468262, 127.515205383, 204.090072632, 499.537506104, 373.16394043, 90.5633621216, 476.77041626, 235.704467773, 431.593048096, 440.46572876, 176.597396851, 437.5909729, 352.366577148, 326.0652771, 220.330429077, 287.752380371, 425.165283203, 1056.10095215, 1910.77392578, 1037.23339844, 280.851013184, 107.893287659, 65.749961853, 38.8464660645, 31.3270969391, 16.0342922211, 9.0085439682, 4.25449323654, 2.10386180878, 0.671148061752, 0.076704531908, 0.00334271532483, 4.86951478251e-07],
        "dvar2": [0.247536405921, 6.11328935623, 8.69849395752, 282.022888184, 377.857574463, 192.523742676, 49.9918251038, 72.3744277954, 286.163482666, 426.305267334, 1159.16308594, 718.799987793, 183.649749756, 810.516967773, 437.254577637, 804.684814453, 913.744628906, 414.828033447, 973.820007324, 790.971130371, 741.756958008, 505.766326904, 650.389648438, 922.345092773, 2289.19848633, 4220.7265625, 2398.56762695, 660.480834961, 271.783203125, 162.950622559, 96.7016448975, 73.4340820312, 37.4354629517, 22.70936203, 10.9612636566, 5.62907743454, 1.81527817249, 0.204142287374, 0.00927679799497, 1.34632239224e-06],
        "max": [4.58386993408, 20.0176753998, 18.3654651642, 79.6788330078, 117.124931335, 100.222549438, 150.169250488, 181.297622681, 259.315246582, 474.629760742, 595.286071777, 618.994262695, 281.553833008, 910.83605957, 550.314758301, 590.63293457, 793.287719727, 282.277282715, 472.503997803, 492.045288086, 408.805084229, 362.068572998, 669.673950195, 625.576843262, 565.939758301, 960.243225098, 920.911437988, 265.526641846, 179.208389282, 91.8133163452, 113.230110168, 60.2388763428, 77.5227127075, 28.3176288605, 22.1950740814, 14.9500207901, 8.96246147156, 3.37656760216, 0.589155972004, 0.00736846402287],
        "mean": [0.559213340282, 1.34717941284, 1.01306784153, 2.5917236805, 3.33197569847, 4.00886392593, 6.8837480545, 8.65468883514, 15.7984437943, 17.2985248566, 25.0044498444, 23.4418869019, 13.2210283279, 28.4787063599, 19.6896324158, 21.494764328, 20.8025417328, 16.4346141815, 23.4301109314, 20.3249149323, 20.4643440247, 18.1132602692, 21.9850654602, 28.0783576965, 40.1748390198, 50.8308525085, 45.1952285767, 30.5649471283, 18.6818943024, 12.9860439301, 9.98678207397, 8.33720016479, 6.28419446945, 4.54801225662, 2.91280412674, 1.52642083168, 0.692255377769, 0.218033224344, 0.0218426082283, 0.000349258247297],
        "median": [0.348600536585, 0.945847451687, 0.353326648474, 0.28924575448, 0.491926312447, 1.43718504906, 3.09635734558, 4.11628389359, 7.78871917725, 9.05281734467, 10.2857561111, 9.69957637787, 7.55106687546, 14.8577337265, 11.5451307297, 10.7170858383, 12.6608142853, 11.0747375488, 15.7869873047, 13.4090776443, 13.8437433243, 12.2821178436, 14.8152446747, 16.3570365906, 20.2158946991, 24.3017196655, 25.9798774719, 23.0872535706, 14.9278154373, 9.18617725372, 6.87269830704, 5.34593963623, 4.21253633499, 2.98567771912, 1.88671875, 0.978128731251, 0.370550990105, 0.100229144096, 0.00842103734612, 0.000176069879672],
        "min": [9.66507647911e-23, 4.98925921611e-22, 2.11473368412e-21, 4.1567804875e-21, 6.41098175044e-21, 1.70548841866e-20, 3.71207575017e-20, 9.45501432101e-20, 1.47030087261e-19, 2.18949331469e-19, 2.7494596927e-19, 3.44611792544e-19, 4.48652838081e-19, 1.00693347371e-18, 8.79957734164e-19, 1.07879499622e-18, 1.08112599118e-18, 2.0784337709e-18, 1.48057843662e-18, 3.82804711829e-18, 3.25405160199e-18, 3.83368849007e-18, 5.09100550269e-18, 6.59140401397e-18, 6.52771441553e-18, 8.64898063252e-18, 1.03031954467e-17, 1.12727991899e-17, 1.1160574769e-17, 1.03015708639e-17, 1.29328431458e-17, 1.03367698805e-17, 9.84964735371e-18, 7.57263336713e-18, 6.66866516472e-18, 4.11836559301e-18, 2.4316810447e-18, 9.72123025195e-19, 2.44298229642e-19, 2.8177561831e-20],
        "var": [0.30507209897, 2.36435508728, 3.25206780434, 66.9315261841, 102.063102722, 60.9982376099, 146.622970581, 218.033096313, 472.654571533, 687.214294434, 1649.16601562, 2067.70849609, 423.326965332, 1764.55944824, 715.198303223, 1298.9329834, 948.41015625, 359.025970459, 841.024291992, 675.238525391, 624.893371582, 446.309234619, 750.891967773, 1341.59143066, 3180.98632812, 6085.31884766, 3619.21484375, 871.88659668, 261.220916748, 169.805526733, 96.5261154175, 80.0163726807, 43.6963844299, 20.8165245056, 8.70632553101, 2.75956964493, 0.750328838825, 0.084190942347, 0.00228126090951, 3.50732506149e-07]
    },
    "gfcc": {
        "mean": [26.5610694885, 33.7032279968, -97.488571167, 19.9983310699, -52.6648406982, 14.8255090714, -20.5077114105, 18.8056526184, -15.858622551, 20.5170059204, -9.04372024536, 10.7688779831, -6.37979412079],
        "cov": [[21032.0058594, -4452.79248047, 450.740997314, 4013.49853516, 349.367950439, 1358.33227539, -645.264404297, 296.251403809, -566.056945801, 923.584960938, -192.655822754, 772.853027344, -92.531791687], [-4452.79248047, 2695.12451172, -488.844238281, -1628.77282715, -300.409973145, -674.068725586, 175.394454956, -164.959640503, 129.768112183, -408.880523682, 44.9466133118, -301.897521973, 72.4225997925], [450.740997314, -488.844238281, 911.417724609, 516.42364502, 178.389907837, 270.329772949, -180.988800049, -93.0433273315, -91.1388015747, -19.0245456696, -74.8707885742, 67.2568359375, -51.3859405518], [4013.49853516, -1628.77282715, 516.42364502, 1805.37194824, 305.03414917, 564.326965332, -135.981658936, 96.1131439209, -166.553283691, 280.702087402, -51.913684845, 201.935028076, -60.1299629211], [349.367950439, -300.409973145, 178.389907837, 305.03414917, 254.690109253, 154.775177002, 19.5577754974, 3.69829511642, -26.6976490021, 20.8927173615, -25.1594772339, 17.9690818787, -19.8912773132], [1358.33227539, -674.068725586, 270.329772949, 564.326965332, 154.775177002, 383.138671875, -39.7337417603, 57.5310783386, -21.1878051758, 105.679542542, -13.5997543335, 105.987319946, -15.6547527313], [-645.264404297, 175.394454956, -180.988800049, -135.981658936, 19.5577754974, -39.7337417603, 188.712295532, 78.812286377, 65.5388183594, 9.02447509766, 34.0050125122, -40.2297401428, 18.0488872528], [296.251403809, -164.959640503, -93.0433273315, 96.1131439209, 3.69829511642, 57.5310783386, 78.812286377, 136.609725952, 76.8564910889, 89.3749389648, 43.6382598877, 34.3593902588, 18.7648029327], [-566.056945801, 129.768112183, -91.1388015747, -166.553283691, -26.6976490021, -21.1878051758, 65.5388183594, 76.8564910889, 147.61038208, 61.7703933716, 71.2346191406, 13.2874889374, 35.3557014465], [923.584960938, -408.880523682, -19.0245456696, 280.702087402, 20.8927173615, 105.679542542, 9.02447509766, 89.3749389648, 61.7703933716, 192.452804565, 76.5040969849, 91.8244247437, 21.9700679779], [-192.655822754, 44.9466133118, -74.8707885742, -51.913684845, -25.1594772339, -13.5997543335, 34.0050125122, 43.6382598877, 71.2346191406, 76.5040969849, 116.30821991, 60.4710578918, 42.5971832275], [772.853027344, -301.897521973, 67.2568359375, 201.935028076, 17.9690818787, 105.987319946, -40.2297401428, 34.3593902588, 13.2874889374, 91.8244247437, 60.4710578918, 147.807952881, 54.7453269958], [-92.531791687, 72.4225997925, -51.3859405518, -60.1299629211, -19.8912773132, -15.6547527313, 18.0488872528, 18.7648029327, 35.3557014465, 21.9700679779, 42.5971832275, 54.7453269958, 94.7027511597]],
        "icov": [[0.000143155426485, -7.83459108789e-05, 0.000161301737535, -0.000120051110571, 1.76155390363e-05, -0.000114131973532, 0.000336416909704, -0.000339242309565, 0.000577563594561, -0.000666476029437, 0.000637512595858, -0.00052350142505, 0.000153885092004], [-7.83459108789e-05, 0.00150004855823, -5.18330234627e-05, 0.000252331694355, 0.000413347675931, 0.000626031542197, -0.000643553561531, 0.00129022239707, -0.00160036166199, 0.00285570463166, -0.00220721052028, 0.00189639721066, -0.00120278145187], [0.000161301737535, -5.18330234627e-05, 0.00228241202421, -0.000563643523492, -0.000646477565169, -0.00102773564868, 0.00161045021378, 0.00101182016078, -0.000773241510615, 0.000642858271021, 0.00076097616693, -0.00109846435953, 0.00069697026629], [-0.000120051110571, 0.000252331694355, -0.000563643523492, 0.00221743853763, -0.000872129050549, -0.000864936446305, 0.000207757286262, -0.0013665985316, 0.00268513313495, -0.0021066928748, -2.36729556491e-05, 0.000605518172961, -0.000156250418513], [1.76155390363e-05, 0.000413347675931, -0.000646477565169, -0.000872129050549, 0.00686698080972, -0.00163760106079, -0.00344113167375, 0.00295617920347, -0.00124537374359, 0.00116338708904, 8.98030120879e-05, 0.000298363622278, 2.04703264899e-05], [-0.000114131973532, 0.000626031542197, -0.00102773564868, -0.000864936446305, -0.00163760106079, 0.00735392747447, -0.000676670984831, -0.00121533544734, -0.00202241237275, 0.00121183972806, 0.00123130192515, -0.00296152965166, 0.00117640418466], [0.000336416909704, -0.000643553561531, 0.00161045021378, 0.000207757286262, -0.00344113167375, -0.000676670984831, 0.0133912069723, -0.0090370317921, 0.00247528590262, -0.000652493559755, -0.00196566735394, 0.00435088854283, -0.00217327312566], [-0.000339242309565, 0.00129022239707, 0.00101182016078, -0.0013665985316, 0.00295617920347, -0.00121533544734, -0.0090370317921, 0.0231320429593, -0.0115503454581, 0.000461191375507, 0.000649896683171, -0.0012240766082, 0.000542447494809], [0.000577563594561, -0.00160036166199, -0.000773241510615, 0.00268513313495, -0.00124537374359, -0.00202241237275, 0.00247528590262, -0.0115503454581, 0.0229733269662, -0.0108546558768, -0.00158574536908, 0.0013629324967, -0.00183866394218], [-0.000666476029437, 0.00285570463166, 0.000642858271021, -0.0021066928748, 0.00116338708904, 0.00121183972806, -0.000652493559755, 0.000461191375507, -0.0108546558768, 0.0242569986731, -0.0123972855508, 0.00170982303098, -0.000333291711286], [0.000637512595858, -0.00220721052028, 0.00076097616693, -2.36729556491e-05, 8.98030120879e-05, 0.00123130192515, -0.00196566735394, 0.000649896683171, -0.00158574536908, -0.0123972855508, 0.0268583744764, -0.0138265192509, 0.00255692307837], [-0.00052350142505, 0.00189639721066, -0.00109846435953, 0.000605518172961, 0.000298363622278, -0.00296152965166, 0.00435088854283, -0.0012240766082, 0.0013629324967, 0.00170982303098, -0.0138265192509, 0.0258166324347, -0.0127971600741], [0.000153885092004, -0.00120278145187, 0.00069697026629, -0.000156250418513, 2.04703264899e-05, 0.00117640418466, -0.00217327312566, 0.000542447494809, -0.00183866394218, -0.000333291711286, 0.00255692307837, -0.0127971600741, 0.0194253418595]]
    },
    "melbands": {
        "dmean": [0.00254174997099, 0.000661387224682, 0.0005876320065, 0.000277546583675, 9.32029506657e-05, 6.68953289278e-05, 9.83534555417e-05, 7.41543262848e-05, 8.55162143125e-05, 5.40474757145e-05, 2.79454634438e-05, 5.6478100305e-05, 3.76336429326e-05, 3.29212562065e-05, 2.61967870756e-05, 2.04389161809e-05, 1.62865435414e-05, 2.14073552343e-05, 1.54586668941e-05, 1.26134709717e-05, 1.41663185786e-05, 1.01546747828e-05, 1.12600391731e-05, 1.36971557367e-05, 1.11895988084e-05, 1.76476441993e-05, 1.45945623444e-05, 1.76400390046e-05, 1.65609781106e-05, 1.18888174256e-05, 8.74096440384e-06, 5.33988577445e-06, 4.82745645058e-06, 3.71293322132e-06, 3.30789589498e-06, 2.64197774413e-06, 2.78688753497e-06, 2.51471237789e-06, 2.3603365662e-06, 2.16162879951e-06],
        "dmean2": [0.00366098550148, 0.00111436971929, 0.0010189274326, 0.000489981204737, 0.000144357516547, 9.64342980296e-05, 0.000141785625601, 0.000108404885395, 0.00012626334501, 7.75366206653e-05, 4.06271756219e-05, 7.91609636508e-05, 5.4696265579e-05, 4.96603825013e-05, 3.82507387258e-05, 3.0607021472e-05, 2.56610910583e-05, 3.3526601328e-05, 2.45836727117e-05, 1.95120701392e-05, 2.22666894842e-05, 1.60773597599e-05, 1.77908004844e-05, 2.16083517444e-05, 1.73123262357e-05, 2.74695630651e-05, 2.28437293117e-05, 2.7557807698e-05, 2.67883606284e-05, 1.82129606401e-05, 1.4155963072e-05, 8.55127200339e-06, 7.86351029092e-06, 6.06151752436e-06, 5.4272086345e-06, 4.20150081482e-06, 4.51827054349e-06, 4.00202407036e-06, 3.78872960027e-06, 3.55786733053e-06],
        "dvar": [6.08877098784e-06, 9.73152623374e-07, 2.65309472525e-06, 5.90111142174e-07, 2.64324651056e-08, 1.79910415454e-08, 3.08092182877e-08, 2.0166876169e-08, 2.95978050957e-08, 1.21085621529e-08, 2.44005837757e-09, 9.29890298096e-09, 4.8873336489e-09, 3.29721228098e-09, 2.03571581814e-09, 9.61758894746e-10, 5.81631742769e-10, 1.11922260349e-09, 4.6365331019e-10, 3.49012124756e-10, 5.66132474233e-10, 2.58285087762e-10, 4.65371879921e-10, 6.35708485852e-10, 3.71839919966e-10, 9.52360967865e-10, 6.29054919266e-10, 1.16282783402e-09, 7.88274834296e-10, 3.40049766123e-10, 1.25298313391e-10, 4.31353633368e-11, 4.0789153305e-11, 2.42327442834e-11, 2.27191408048e-11, 1.08463316453e-11, 1.40031684165e-11, 1.09294769415e-11, 9.22080207327e-12, 7.73642174628e-12],
        "dvar2": [1.38652676469e-05, 2.77910521618e-06, 6.9916418397e-06, 1.62166634254e-06, 5.60729880306e-08, 3.26831965936e-08, 6.98916622355e-08, 4.3171258568e-08, 6.92285055948e-08, 2.33471713074e-08, 4.90941554077e-09, 1.57441242266e-08, 8.59042792456e-09, 6.34104324604e-09, 4.13691259027e-09, 2.06462225094e-09, 1.39676226141e-09, 2.52671994438e-09, 1.09441622431e-09, 7.80525366562e-10, 1.27535182415e-09, 5.85007098319e-10, 1.05755215696e-09, 1.52493984107e-09, 8.14572798102e-10, 2.11749839885e-09, 1.36155364761e-09, 2.62260924089e-09, 1.85645365747e-09, 7.5703976421e-10, 3.24713866906e-10, 1.09243815383e-10, 1.086457313e-10, 6.25498472462e-11, 6.00169358655e-11, 2.63145460283e-11, 3.3342842376e-11, 2.73207290125e-11, 2.30315766458e-11, 1.9873994811e-11],
        "max": [0.0288765560836, 0.0138119375333, 0.0129659352824, 0.00705897575244, 0.00411654775962, 0.00365565135144, 0.00414296332747, 0.00433981884271, 0.00476245256141, 0.00336115364917, 0.00142405438237, 0.00403300579637, 0.00276402011514, 0.00127548631281, 0.00167590507772, 0.000942777318414, 0.000469521590276, 0.000723993871361, 0.000396599527448, 0.00047888586414, 0.000510162615683, 0.000285281479592, 0.000665713625494, 0.00123827136122, 0.000582122069318, 0.000681941397488, 0.000599013932515, 0.000828528311104, 0.00095655862242, 0.00042510163621, 0.000174103217432, 0.000159739254741, 0.00010204003047, 7.40985706216e-05, 9.38768207561e-05, 4.20489996031e-05, 3.77801079594e-05, 6.84006736265e-05, 3.50681948476e-05, 2.60342458205e-05],
        "mean": [0.00383606436662, 0.000911780807655, 0.000460575392935, 0.000264045142103, 0.000224578732741, 0.000187524638022, 0.000251768244198, 0.000185126715223, 0.000205804084544, 0.000135635389597, 6.53752940707e-05, 0.000119321717648, 7.23672637832e-05, 5.76176789764e-05, 4.9430749641e-05, 3.85370694858e-05, 2.83152621705e-05, 3.66370622942e-05, 2.74332687695e-05, 2.33946029766e-05, 2.39329037868e-05, 1.79786184162e-05, 1.90541595657e-05, 2.35821862589e-05, 2.06154709304e-05, 3.15296747431e-05, 2.79067553492e-05, 3.3620683098e-05, 3.06293732137e-05, 2.22360558837e-05, 1.64616449183e-05, 1.06778134068e-05, 8.73906446941e-06, 6.59841907691e-06, 6.15284807282e-06, 4.78909123558e-06, 5.01612430526e-06, 4.47460115538e-06, 4.06505296269e-06, 3.76927619072e-06],
        "median": [0.00258018169552, 0.000582567241509, 5.45797556697e-05, 6.70672670822e-05, 0.000111112531158, 8.84756154846e-05, 0.000130247470224, 0.000100856770587, 8.48175914143e-05, 5.20379180671e-05, 3.46464112226e-05, 5.88742077525e-05, 3.21914812957e-05, 2.50577977567e-05, 2.85811511276e-05, 2.62409030256e-05, 1.77619840542e-05, 2.36992618738e-05, 1.95837401407e-05, 1.59974952112e-05, 1.47210048453e-05, 1.12998659461e-05, 1.056353085e-05, 1.28027068058e-05, 1.03764077721e-05, 1.45375843204e-05, 1.250870082e-05, 1.48933850141e-05, 1.50303203554e-05, 1.2805589904e-05, 1.19750902741e-05, 8.14413306216e-06, 5.96519157625e-06, 4.39304267275e-06, 4.04477987104e-06, 3.20688059219e-06, 3.06045694742e-06, 2.87371949526e-06, 2.50624975706e-06, 2.35698803408e-06],
        "min": [1.24030608254e-24, 1.29947498917e-24, 1.17504490175e-24, 8.24899621246e-25, 1.1857311074e-24, 2.32384558448e-24, 2.13630277895e-24, 2.01611567852e-24, 1.4463787377e-24, 2.05419044454e-24, 1.9991299255e-24, 3.51777768984e-24, 2.3871721825e-24, 2.54578864193e-24, 2.12597856185e-24, 2.68155791461e-24, 2.97351573006e-24, 1.60604773479e-24, 3.68008029907e-24, 4.03524874999e-24, 2.84868953586e-24, 3.0535042537e-24, 4.00257215915e-24, 4.10268965207e-24, 4.80588617944e-24, 4.61163825343e-24, 4.52382028531e-24, 4.52563466539e-24, 5.74477146833e-24, 5.68636262918e-24, 6.02711622479e-24, 5.36995485883e-24, 5.78838482676e-24, 5.53827016588e-24, 7.00672093588e-24, 5.40058593335e-24, 5.88460416353e-24, 5.032089283e-24, 6.42517307098e-24, 5.03133749856e-24],
        "var": [1.26474651552e-05, 1.24422979297e-06, 1.93179289454e-06, 4.25050700414e-07, 1.26362309061e-07, 1.00848190243e-07, 1.12657914997e-07, 6.76979610148e-08, 1.052415044e-07, 6.71356659154e-08, 1.11950324566e-08, 3.44503661154e-08, 1.57429429493e-08, 9.33926713742e-09, 4.85279905149e-09, 2.1318373733e-09, 1.1535715716e-09, 2.13933404325e-09, 8.43172698328e-10, 7.48323902844e-10, 1.04102249043e-09, 5.19207288274e-10, 8.45796044313e-10, 1.41192424419e-09, 9.67254831785e-10, 2.36371988649e-09, 1.82290249562e-09, 3.41452710551e-09, 2.21110174614e-09, 9.39678002077e-10, 2.69991196067e-10, 9.46467487717e-11, 8.10682354579e-11, 4.95592629435e-11, 4.30652666306e-11, 2.47217229327e-11, 3.2345497808e-11, 2.36045488711e-11, 2.04144375016e-11, 1.54277614989e-11]
    },
    "mfcc": {
        "mean": [-619.71661377, 76.9588317871, 9.42226791382, 15.7689876556, -4.4143538475, 5.90737533569, 6.41137456894, 2.3739759922, 8.02136039734, 8.59621810913, 6.71876144409, 8.3817281723, 7.8308506012],
        "cov": [[10219.6953125, -2441.96191406, -156.272186279, 1962.91088867, 1078.19506836, 996.385925293, 588.42767334, -6.25296735764, 33.1504592896, 74.1102981567, 59.7654266357, 117.701087952, 130.742370605], [-2441.96191406, 1951.22937012, 57.9084014893, -815.930786133, -483.82635498, -445.792297363, -276.832275391, -46.9053382874, -59.7808761597, -116.289077759, -108.882553101, -87.4528503418, -69.286239624], [-156.272186279, 57.9084014893, 512.333679199, 68.6387329102, 189.980865479, 109.631980896, -14.5251874924, 21.7495956421, -46.074432373, -53.233291626, -23.5746746063, -51.7335548401, -41.1540336609], [1962.91088867, -815.930786133, 68.6387329102, 856.652954102, 391.633636475, 335.997741699, 228.571640015, 20.4550266266, 11.3987045288, 41.4709625244, 14.769030571, 32.2450485229, 15.9049196243], [1078.19506836, -483.82635498, 189.980865479, 391.633636475, 432.806182861, 301.204986572, 125.499237061, 40.7591285706, -6.72912406921, -12.8385400772, 5.78686571121, -8.7842874527, -2.99507713318], [996.385925293, -445.792297363, 109.631980896, 335.997741699, 301.204986572, 304.503082275, 142.315872192, 47.7173652649, 12.0710000992, 15.0820379257, 15.1417245865, 1.69681620598, 1.96465373039], [588.42767334, -276.832275391, -14.5251874924, 228.571640015, 125.499237061, 142.315872192, 160.693649292, 47.8250617981, 30.5200576782, 29.5114517212, 14.1652297974, 14.0707941055, 6.5006146431], [-6.25296735764, -46.9053382874, 21.7495956421, 20.4550266266, 40.7591285706, 47.7173652649, 47.8250617981, 91.195526123, 39.5588531494, 17.691198349, 11.5272779465, 7.48155879974, 4.73997211456], [33.1504592896, -59.7808761597, -46.074432373, 11.3987045288, -6.72912406921, 12.0710000992, 30.5200576782, 39.5588531494, 90.842124939, 57.4175033569, 25.3757228851, 18.1947059631, 14.3633823395], [74.1102981567, -116.289077759, -53.233291626, 41.4709625244, -12.8385400772, 15.0820379257, 29.5114517212, 17.691198349, 57.4175033569, 111.851776123, 60.0984992981, 36.7133903503, 22.3901920319], [59.7654266357, -108.882553101, -23.5746746063, 14.769030571, 5.78686571121, 15.1417245865, 14.1652297974, 11.5272779465, 25.3757228851, 60.0984992981, 97.816078186, 55.9644584656, 31.9229259491], [117.701087952, -87.4528503418, -51.7335548401, 32.2450485229, -8.7842874527, 1.69681620598, 14.0707941055, 7.48155879974, 18.1947059631, 36.7133903503, 55.9644584656, 106.132957458, 60.4991569519], [130.742370605, -69.286239624, -41.1540336609, 15.9049196243, -2.99507713318, 1.96465373039, 6.5006146431, 4.73997211456, 14.3633823395, 22.3901920319, 31.9229259491, 60.4991569519, 97.1437072754]],
