{
"lowlevel": {
    "average_loudness": 0.90584397316,
    "barkbands_crest": {
        "dmean": 3.08708429337,
        "dmean2": 4.89273405075,
        "dvar": 10.9818105698,
        "dvar2": 29.1103057861,
        "max": 26.1132984161,
        "mean": 10.1596984863,
        "median": 9.28481578827,
        "min": 1.66731476784,
        "var": 26.5782203674
    },
    "barkbands_flatness_db": {
        "dmean": 0.0268098693341,
        "dmean2": 0.0431613326073,
        "dvar": 0.00099678884726,
        "dvar2": 0.00256389938295,
        "max": 0.914161503315,
        "mean": 0.111061438918,
        "median": 0.0744983926415,
        "min": 0.00720749748871,
        "var": 0.0129019655287
    },
    "barkbands_kurtosis": {
        "dmean": 3.45490098,
        "dmean2": 5.57838773727,
        "dvar": 112.030303955,
        "dvar2": 271.78237915,
        "max": 494.986480713,
        "mean": 3.46955728531,
        "median": 0.732676506042,
        "min": -1.85675561428,
        "var": 166.923248291
    },
    "barkbands_skewness": {
        "dmean": 0.662437915802,
        "dmean2": 1.04304111004,
        "dvar": 0.69057238102,
        "dvar2": 1.73350656033,
        "max": 19.6846294403,
        "mean": 1.42241048813,
        "median": 1.24445998669,
        "min": -2.44023704529,
        "var": 1.67644417286
    },
    "barkbands_spread": {
        "dmean": 10.3310461044,
        "dmean2": 16.9052581787,
        "dvar": 120.930534363,
        "dvar2": 339.68536377,
        "max": 118.554634094,
        "mean": 40.7253913879,
        "median": 41.4155769348,
        "min": 0.235345751047,
        "var": 496.009460449
    },
    "dissonance": {
        "dmean": 0.0124061247334,
        "dmean2": 0.0204660501331,
        "dvar": 0.00050022918731,
        "dvar2": 0.00128917535767,
        "max": 0.500000178814,
        "mean": 0.478001534939,
        "median": 0.489077210426,
        "min": 0.053030077368,
        "var": 0.00147167954128
    },
    "dynamic_complexity": 2.17334103584,
    "erbbands_crest": {
        "dmean": 1.60527288914,
        "dmean2": 2.62095332146,
        "dvar": 4.41110229492,
        "dvar2": 11.071187973,
        "max": 29.6110534668,
        "mean": 5.66262674332,
        "median": 4.31843471527,
        "min": 1.93893754482,
        "var": 14.0744400024
    },
    "erbbands_flatness_db": {
        "dmean": 0.0121067762375,
        "dmean2": 0.0187122821808,
        "dvar": 0.000349679408828,
        "dvar2": 0.00080218736548,
        "max": 0.68654769659,
        "mean": 0.116284072399,
        "median": 0.0813096389174,
        "min": 0.0422282405198,
        "var": 0.00969478208572
    },
    "erbbands_kurtosis": {
        "dmean": 0.742743611336,
        "dmean2": 1.18644785881,
        "dvar": 16.3511352539,
        "dvar2": 39.1387481689,
        "max": 198.344818115,
        "mean": 0.297119826078,
        "median": -0.465708494186,
        "min": -1.80163395405,
        "var": 25.6490688324
    },
    "erbbands_skewness": {
        "dmean": 0.283854156733,
        "dmean2": 0.438205748796,
        "dvar": 0.148722618818,
        "dvar2": 0.341707825661,
        "max": 12.7148599625,
        "mean": 0.0839693620801,
        "median": 0.0332689955831,
        "min": -2.17626571655,
        "var": 0.508032441139
    },
    "erbbands_spread": {
        "dmean": 8.68642425537,
        "dmean2": 12.9949941635,
        "dvar": 99.9533843994,
        "dvar2": 220.674606323,
        "max": 167.171157837,
        "mean": 51.4945678711,
        "median": 52.8817176819,
        "min": 0.335007250309,
        "var": 532.432250977
    },
    "hfc": {
        "dmean": 10.7618341446,
        "dmean2": 15.5575695038,
        "dvar": 172.464859009,
        "dvar2": 372.255371094,
        "max": 176.62159729,
        "mean": 52.236530304,
        "median": 50.5587234497,
        "min": 1.10965167443e-16,
        "var": 941.436462402
    },
    "melbands_crest": {
        "dmean": 4.40368413925,
        "dmean2": 7.01963233948,
        "dvar": 21.029335022,
        "dvar2": 46.9814872742,
        "max": 38.6203804016,
        "mean": 18.0047416687,
        "median": 17.0706100464,
        "min": 1.64362323284,
        "var": 70.3281860352
    },
    "melbands_flatness_db": {
        "dmean": 0.0353145375848,
        "dmean2": 0.055869307369,
        "dvar": 0.00156518013682,
        "dvar2": 0.003900594078,
        "max": 1,
        "mean": 0.188555642962,
        "median": 0.153772875667,
        "min": 0.00270003895275,
        "var": 0.0189519729465
    },
    "melbands_kurtosis": {
        "dmean": 12.9091959,
        "dmean2": 20.891084671,
        "dvar": 758.308959961,
        "dvar2": 1776.37646484,
        "max": 846.42791748,
        "mean": 19.2168560028,
        "median": 10.4137372971,
        "min": -1.54186725616,
        "var": 1134.98181152
    },
    "melbands_skewness": {
        "dmean": 1.1129873991,
        "dmean2": 1.75798976421,
        "dvar": 1.95536196232,
        "dvar2": 4.93364858627,
        "max": 23.5628356934,
        "mean": 3.29626345634,
        "median": 2.96489882469,
        "min": -0.898013412952,
        "var": 4.70338249207
    },
    "melbands_spread": {
        "dmean": 11.2019233704,
        "dmean2": 17.8890781403,
        "dvar": 203.929779053,
        "dvar2": 492.580871582,
        "max": 179.096221924,
        "mean": 30.4127540588,
        "median": 25.8735694885,
        "min": 0.239103958011,
        "var": 528.444152832
    },
    "pitch_salience": {
        "dmean": 0.0988173559308,
        "dmean2": 0.158800512552,
        "dvar": 0.0108353756368,
        "dvar2": 0.0263404734433,
        "max": 0.989006996155,
        "mean": 0.54430782795,
        "median": 0.584112405777,
        "min": 0.0462068915367,
        "var": 0.0351683087647
    },
    "silence_rate_20dB": {
        "dmean": 0,
        "dmean2": 0,
        "dvar": 0,
        "dvar2": 0,
        "max": 1,
        "mean": 1,
        "median": 1,
        "min": 1,
        "var": 0
    },
    "silence_rate_30dB": {
        "dmean": 0.0387911610305,
        "dmean2": 0.0775881484151,
        "dvar": 0.0372836738825,
        "dvar2": 0.091266348958,
        "max": 1,
        "mean": 0.969405412674,
        "median": 1,
        "min": 0,
        "var": 0.0296595878899
    },
    "silence_rate_60dB": {
        "dmean": 0.00390918646008,
        "dmean2": 0.0078189605847,
        "dvar": 0.00389387994073,
        "dvar2": 0.00835917703807,
        "max": 1,
        "mean": 0.045854318887,
        "median": 0,
        "min": 0,
        "var": 0.0437548644841
    },
    "spectral_centroid": {
        "dmean": 290.572753906,
        "dmean2": 430.179351807,
        "dvar": 136947.09375,
        "dvar2": 273559.5625,
        "max": 11467.3271484,
        "mean": 1910.91223145,
        "median": 2007.10852051,
        "min": 112.995239258,
        "var": 777867.375
    },
    "spectral_complexity": {
        "dmean": 4.85581111908,
        "dmean2": 7.58845186234,
        "dvar": 21.4186820984,
        "dvar2": 47.7781944275,
        "max": 61,
        "mean": 33.3814163208,
        "median": 36,
        "min": 0,
        "var": 167.695602417
    },
    "spectral_decrease": {
        "dmean": 4.68945327015e-09,
        "dmean2": 7.58793206046e-09,
        "dvar": 3.72290965002e-17,
        "dvar2": 9.83499947399e-17,
        "max": 1.43794082434e-28,
        "mean": -1.11525757518e-08,
        "median": -8.9921012858e-09,
        "min": -5.74553631338e-08,
        "var": 6.49524650115e-17
    },
    "spectral_energy": {
        "dmean": 0.0180008336902,
        "dmean2": 0.0290131587535,
        "dvar": 0.000532588455826,
        "dvar2": 0.00139688770287,
        "max": 0.220731243491,
        "mean": 0.0468303263187,
        "median": 0.0393412970006,
        "min": 1.01118306241e-20,
        "var": 0.000970232475083
    },
    "spectral_energyband_high": {
        "dmean": 0.00102324481122,
        "dmean2": 0.00151788350195,
        "dvar": 1.73999467279e-06,
        "dvar2": 3.89444403481e-06,
        "max": 0.0172273572534,
        "mean": 0.00423820223659,
        "median": 0.0039458735846,
        "min": 7.03739658104e-21,
        "var": 9.06254535948e-06
    },
    "spectral_energyband_low": {
        "dmean": 0.0158563926816,
        "dmean2": 0.0261748954654,
        "dvar": 0.000494577980135,
        "dvar2": 0.00143948884215,
        "max": 0.167019233108,
        "mean": 0.0251494478434,
        "median": 0.0156460553408,
        "min": 3.91492892372e-23,
        "var": 0.000741978175938
    },
    "spectral_energyband_middle_high": {
        "dmean": 0.00173698691651,
        "dmean2": 0.00272814603522,
        "dvar": 3.95305914935e-06,
        "dvar2": 9.62620288192e-06,
        "max": 0.0286966655403,
        "mean": 0.00605754926801,
        "median": 0.00583194335923,
        "min": 1.07284558044e-21,
        "var": 1.44381046994e-05
    },
    "spectral_energyband_middle_low": {
        "dmean": 0.0080640790984,
        "dmean2": 0.0132088940591,
        "dvar": 0.000441740616225,
        "dvar2": 0.0011147117475,
        "max": 0.217534944415,
        "mean": 0.0131100825965,
        "median": 0.00815652683377,
        "min": 2.11867970521e-22,
        "var": 0.000381998048397
    },
    "spectral_entropy": {
        "dmean": 0.114063695073,
        "dmean2": 0.170143708587,
        "dvar": 0.0412201434374,
        "dvar2": 0.0952565819025,
        "max": 9.81507205963,
        "mean": 7.99735736847,
        "median": 8.29857444763,
        "min": 2.56903386116,
        "var": 0.792653918266
    },
    "spectral_flux": {
        "dmean": 0.0345753729343,
        "dmean2": 0.0524216592312,
        "dvar": 0.00169892981648,
        "dvar2": 0.00330191687681,
        "max": 0.488434016705,
        "mean": 0.119308628142,
        "median": 0.0985387414694,
        "min": 6.54965109925e-11,
        "var": 0.00543749658391
    },
    "spectral_kurtosis": {
        "dmean": 8.88895511627,
        "dmean2": 15.7365703583,
        "dvar": 4573.81933594,
        "dvar2": 14336.1210938,
        "max": 3726.94287109,
        "mean": 21.7005615234,
        "median": 2.03298521042,
        "min": -1.23982155323,
        "var": 7432.05273438
    },
    "spectral_rms": {
        "dmean": 0.00119604612701,
        "dmean2": 0.00190057244617,
        "dvar": 1.92948073163e-06,
        "dvar2": 4.98509643876e-06,
        "max": 0.014674725011,
        "mean": 0.00633593881503,
        "median": 0.00619530072436,
        "min": 3.14089162665e-12,
        "var": 5.54437292521e-06
    },
    "spectral_rolloff": {
        "dmean": 1293.80395508,
        "dmean2": 2075.62890625,
        "dvar": 2647496,
        "dvar2": 6500230.5,
        "max": 19229.1503906,
        "mean": 2704.5078125,
        "median": 1722.65625,
        "min": 43.06640625,
        "var": 7094329.5
    },
    "spectral_skewness": {
        "dmean": 0.337017863989,
        "dmean2": 0.572608292103,
        "dvar": 1.6350543499,
        "dvar2": 4.98498344421,
        "max": 54.3926963806,
        "mean": 2.13141059875,
        "median": 1.26321601868,
        "min": -0.0338085517287,
        "var": 9.75835514069
    },
    "spectral_spread": {
        "dmean": 532227.6875,
        "dmean2": 805167.3125,
        "dvar": 817246175232,
        "dvar2": 1.64524575949e+12,
        "max": 42481428,
        "mean": 6443044,
        "median": 7010581,
        "min": 55262.3789062,
        "var": 6.0451281961e+12
    },
    "spectral_strongpeak": {
        "dmean": 0.27134808898,
        "dmean2": 0.466291189194,
        "dvar": 0.189522847533,
        "dvar2": 0.496179461479,
        "max": 8.6079492569,
        "mean": 0.448597282171,
        "median": 0.293246150017,
        "min": 0,
        "var": 0.255579859018
    },
    "zerocrossingrate": {
        "dmean": 0.0183752253652,
        "dmean2": 0.0229546893388,
        "dvar": 0.000399645854486,
        "dvar2": 0.000618036021478,
        "max": 0.8564453125,
        "mean": 0.105520099401,
        "median": 0.10302734375,
        "min": 0.00146484375,
        "var": 0.00415591383353
    },
    "barkbands": {
        "dmean": [0.00194100115914, 0.0119460048154, 0.00449381954968, 0.00457993941382, 0.00376120931469, 0.000781451934017, 0.000565812981222, 0.000476516084746, 0.00043498314335, 0.000388294021832, 0.000398964504711, 0.000421562261181, 0.000399912183639, 0.000316352583468, 0.000241773988819, 0.000238968234044, 0.000206686294405, 0.000198624009499, 0.000199878864805, 0.000213929713937, 0.000249079079367, 0.00022019991593, 0.000173038133653, 0.000204077630769, 0.000250494515058, 0.000198283552891, 5.89175724599e-05],
        "dmean2": [0.00285851722583, 0.0197545327246, 0.0075102513656, 0.00790923368186, 0.00662021152675, 0.00123522395734, 0.000842354667839, 0.000711530447006, 0.000672839756589, 0.000619422236923, 0.000631389557384, 0.00067799090175, 0.000659203331452, 0.00051941012498, 0.000393934809836, 0.000397110648919, 0.000343483814504, 0.00032913099858, 0.000329779344611, 0.000354865944246, 0.000410881417338, 0.000356815871783, 0.000276861217571, 0.000323770771502, 0.000385322520742, 0.000300988613162, 9.48722008616e-05],
        "dvar": [1.05994386104e-05, 0.000339549413184, 0.000160581432283, 0.000202494644327, 0.000126606304548, 1.64384368873e-06, 7.95675475729e-07, 4.75508301179e-07, 3.61806371529e-07, 2.89838339995e-07, 4.8700616162e-07, 4.19207680125e-07, 3.69288784441e-07, 1.94223872541e-07, 8.13308460579e-08, 2.20561048536e-07, 8.16784222479e-08, 6.64120491933e-08, 5.51741941024e-08, 5.49594645349e-08, 8.58062136899e-08, 5.73728158315e-08, 4.1688696939e-08, 7.42854098235e-08, 1.04626067809e-07, 8.1898207327e-08, 7.12159975436e-09],
        "dvar2": [2.18873356062e-05, 0.00099821598269, 0.000411370303482, 0.000532901613042, 0.000358524441253, 4.18374429501e-06, 1.64338541708e-06, 9.82120923254e-07, 8.28779718631e-07, 7.10078552402e-07, 1.03128877527e-06, 1.02168803551e-06, 1.01223838556e-06, 4.91809316827e-07, 2.15236354961e-07, 5.63899675399e-07, 2.18460897372e-07, 1.73068471554e-07, 1.45466188428e-07, 1.48606872585e-07, 2.26651977187e-07, 1.44611675523e-07, 1.00869556263e-07, 1.78170850518e-07, 2.43562254809e-07, 1.88748018104e-07, 1.779573644e-08],
        "max": [0.0479641407728, 0.125262483954, 0.123058795929, 0.137944549322, 0.154386311769, 0.0266792457551, 0.0335681065917, 0.0152795184404, 0.0115332985297, 0.0102644003928, 0.019742064178, 0.0126215238124, 0.0130638610572, 0.00989895500243, 0.00538619514555, 0.0243037417531, 0.00659827422351, 0.00555523158982, 0.00479116290808, 0.00384080014192, 0.00430905865505, 0.00352991069667, 0.00346905551851, 0.00323763396591, 0.0047272760421, 0.00326463859528, 0.00178995972965],
        "mean": [0.00333207822405, 0.0161712430418, 0.00406016642228, 0.00408625556156, 0.0041778832674, 0.00157385121565, 0.00119720993098, 0.000968120060861, 0.000883763306774, 0.000734744302463, 0.000697698735166, 0.000792781007476, 0.000756664958317, 0.000602167681791, 0.000501800561324, 0.000433956534835, 0.000431756809121, 0.000428846396971, 0.000509328674525, 0.000550627941266, 0.000643720268272, 0.000622161256615, 0.000524470524397, 0.00060362345539, 0.000786744407378, 0.000651228881907, 0.000107485415356],
        "median": [0.00108119426295, 0.00721000181511, 0.000785916636232, 0.000821236288175, 0.00164297770243, 0.000946750515141, 0.000669830478728, 0.000583533197641, 0.00060875195777, 0.000487723038532, 0.000421574397478, 0.000538042571861, 0.000519552326296, 0.000450051651569, 0.000420400989242, 0.00032028532587, 0.000353851326508, 0.000346927670762, 0.000448548351415, 0.000521271023899, 0.000590063515119, 0.000601244508289, 0.000470770319225, 0.000513400998898, 0.000661075988319, 0.000545343675185, 7.06556675141e-05],
        "min": [2.94674593246e-24, 5.18860401976e-24, 4.19579811585e-24, 3.4293104892e-24, 1.99044310755e-23, 2.41686944293e-23, 1.61463135002e-23, 8.87916985798e-24, 1.45570348775e-23, 3.33379213424e-23, 2.56447273359e-23, 3.27929856954e-23, 3.07042934331e-23, 3.46152670082e-23, 7.84752643844e-23, 7.09891510987e-23, 1.01818863949e-22, 1.22207983787e-22, 1.64011629042e-22, 2.28126103477e-22, 2.81814108663e-22, 3.56544808103e-22, 5.43661125452e-22, 7.13218560254e-22, 1.08546422473e-21, 1.18611459635e-21, 2.0618532958e-21],
        "var": [2.70032542176e-05, 0.000440355914179, 0.000125683218357, 0.00014438960352, 8.28482443467e-05, 3.89445312976e-06, 3.22581195178e-06, 1.55282839387e-06, 8.92363686944e-07, 6.80601885961e-07, 9.20926765957e-07, 8.15036059976e-07, 7.80109189691e-07, 3.79363314096e-07, 1.84521113056e-07, 3.0709713883e-07, 1.49032999275e-07, 1.38548742257e-07, 1.59675394684e-07, 1.49954104245e-07, 2.29283386943e-07, 1.82631296752e-07, 1.62848820651e-07, 2.55077026168e-07, 4.62153337821e-07, 3.46323957956e-07, 1.9054684941e-08]
    },
    "erbbands": {
        "dmean": [0.555510401726, 1.99219489098, 4.59953689575, 9.28669834137, 18.4794654846, 9.0710401535, 6.43813896179, 6.38114500046, 7.17161178589, 9.73474311829, 10.0290193558, 9.59667301178, 11.2841081619, 12.5466566086, 16.7260894775, 16.7287483215, 17.9730606079, 15.6076164246, 13.501115799, 12.4223909378, 11.7922830582, 10.9298582077, 10.9305038452, 9.92373180389, 10.3122673035, 10.0457324982, 9.82206630707, 10.1954641342, 8.40265655518, 6.40566539764, 4.97928714752, 4.01325798035, 3.82580447197, 2.76684975624, 1.95459163189, 0.961329758167, 0.381035715342, 0.0976229906082, 0.00977693405002, 0.000139922442031],
        "dmean2": [0.866920411587, 3.42359566689, 7.62028598785, 14.9226350784, 32.4966964722, 15.4776105881, 10.0821933746, 10.12733078, 10.6459350586, 14.315404892, 15.1194391251, 14.8142127991, 17.8850688934, 19.9557056427, 26.2407550812, 27.0183181763, 29.465587616, 25.5240859985, 21.9944572449, 20.3667469025, 19.6882476807, 17.9848442078, 18.0710487366, 16.2984542847, 17.165681839, 16.6450805664, 16.3143348694, 17.0204372406, 13.6691923141, 10.2820119858, 7.97575855255, 6.44140815735, 6.04161167145, 4.30957746506, 3.03634357452, 1.48144483566, 0.591744661331, 0.152441456914, 0.0158016085625, 0.000219745474169],
        "dvar": [0.789536178112, 11.813990593, 155.332000732, 706.969177246, 3532.04638672, 576.125366211, 157.871704102, 106.824073792, 123.860031128, 228.481735229, 211.294036865, 177.685119629, 258.675506592, 341.819885254, 962.033203125, 670.958129883, 814.333312988, 462.808990479, 328.264099121, 287.63079834, 571.547607422, 217.66947937, 244.739135742, 136.530395508, 139.981521606, 122.486206055, 144.771606445, 147.01789856, 87.5158157349, 53.6074180603, 34.8407783508, 26.3481769562, 26.1461982727, 12.5957012177, 6.20541381836, 1.69060921669, 0.321672260761, 0.0196781363338, 0.000195331827854, 3.57080125468e-08],
        "dvar2": [2.03222846985, 37.1800003052, 400.118774414, 1721.9519043, 9774.68554688, 1596.23962402, 402.65145874, 274.544799805, 247.359970093, 465.217956543, 456.986053467, 406.935821533, 609.315734863, 778.470031738, 1990.64819336, 1674.9263916, 2244.28930664, 1175.74365234, 842.581542969, 745.118347168, 1522.60852051, 577.202270508, 636.325866699, 355.536651611, 368.164428711, 327.596282959, 379.409698486, 398.203674316, 224.966995239, 132.445297241, 84.635635376, 65.5850753784, 63.2197685242, 30.3263683319, 14.5939235687, 3.86024689674, 0.768367886543, 0.0481374748051, 0.000488665071316, 8.67260112614e-08],
        "max": [6.0472240448, 25.431804657, 110.469177246, 294.816375732, 613.006103516, 542.328857422, 238.786331177, 273.258789062, 454.590942383, 438.156005859, 389.780975342, 278.459716797, 392.710357666, 429.842926025, 909.890319824, 529.49822998, 682.694824219, 474.307678223, 553.254638672, 595.52331543, 1407.71643066, 336.745147705, 470.099456787, 151.507537842, 223.309036255, 203.188323975, 177.774658203, 195.981842041, 124.618347168, 149.574935913, 86.3821258545, 62.1596069336, 62.6136741638, 49.5900344849, 36.5852584839, 16.5774517059, 7.4855017662, 2.34782290459, 0.259863674641, 0.00350304855965],
        "mean": [0.749781668186, 2.51705050468, 4.69341897964, 9.50912952423, 16.4166736603, 11.7148113251, 12.1002311707, 12.4497880936, 15.6524734497, 20.4037666321, 20.6035881042, 19.9836082458, 22.1937580109, 24.8647289276, 31.0966434479, 32.8824653625, 35.3038406372, 31.94231987, 28.6443519592, 26.1546459198, 23.2008266449, 24.4968357086, 24.0523643494, 24.3452835083, 26.158782959, 26.0219402313, 24.8149471283, 26.352268219, 22.8260440826, 18.1119251251, 14.7429914474, 11.6200046539, 10.7151241302, 7.99106264114, 5.94195842743, 2.97593331337, 1.16520249844, 0.260496795177, 0.0176358874887, 0.000358661549399],
        "median": [0.258167773485, 1.00839090347, 1.29031229019, 2.45380187035, 4.25427246094, 5.02362012863, 6.1699347496, 7.6304359436, 8.65069389343, 11.8408069611, 13.1003570557, 13.7852315903, 15.4637908936, 17.0370426178, 19.5957050323, 23.0744781494, 24.4840545654, 24.3486881256, 23.8598155975, 21.4622077942, 18.1465454102, 20.1347980499, 19.3219718933, 20.6264572144, 23.7609710693, 24.7786273956, 22.3921489716, 24.7435073853, 21.9101219177, 17.0524082184, 12.9891490936, 9.71793174744, 9.2288646698, 6.63453435898, 4.93502855301, 2.3507874012, 0.957390248775, 0.215434297919, 0.011530417949, 0.000298832135741],
        "min": [2.12649207874e-22, 1.10887771737e-21, 6.33043342271e-21, 1.52640510851e-20, 1.60028946244e-20, 5.39423670621e-20, 8.80728149507e-20, 2.19006562027e-19, 2.27021528573e-19, 3.56202402383e-19, 4.04497781887e-19, 4.50157531314e-19, 9.05956641202e-19, 1.60719828171e-18, 1.4198191255e-18, 1.48168220575e-18, 1.55836422668e-18, 1.94519461976e-18, 2.47746321685e-18, 4.55793267924e-18, 4.86050211242e-18, 7.1834118017e-18, 6.19904164375e-18, 7.15506266775e-18, 8.56664721025e-18, 1.05645415068e-17, 8.8852647745e-18, 1.13483555214e-17, 1.3673462616e-17, 1.45265670689e-17, 1.40649887066e-17, 1.41884685741e-17, 1.31463086834e-17, 9.73557583852e-18, 7.50198056229e-18, 4.13592001997e-18, 2.38037475361e-18, 8.87142831759e-19, 2.67876599412e-19, 3.07973268415e-20],
        "var": [1.13828146458, 13.4585046768, 130.466842651, 607.518371582, 2275.61010742, 463.776489258, 306.268463135, 248.40864563, 572.53302002, 785.671142578, 646.271606445, 460.262451172, 603.331115723, 764.953186035, 1812.23059082, 1308.06433105, 1709.52612305, 1013.25927734, 663.320617676, 604.867126465, 744.51171875, 455.824707031, 472.513427734, 376.210205078, 382.139770508, 331.918273926, 365.833343506, 363.771636963, 254.186035156, 172.607849121, 135.076263428, 100.625663757, 78.6524200439, 46.0988349915, 28.5484390259, 7.67555904388, 1.13875627518, 0.0647343620658, 0.000483757059556, 1.0976647502e-07]
    },
    "gfcc": {
        "mean": [43.9995803833, 51.5412559509, -86.1719055176, 23.2797603607, -49.3310623169, 20.3215885162, -29.6238441467, 10.2565355301, -24.9542579651, 10.6526126862, -16.7226676941, 5.79171180725, -12.4815235138],
        "cov": [[24884.828125, -8227.76855469, -2110.12426758, 2467.18383789, -451.754119873, 1342.4588623, -479.759460449, 1356.57348633, -461.86920166, 1067.34606934, -418.202178955, 883.578552246, -435.862792969], [-8227.76855469, 5424.56103516, 494.872131348, -1463.36914062, 79.3457870483, -793.73614502, 312.2862854, -743.964538574, 295.617919922, -536.978515625, 271.140472412, -490.682312012, 260.345550537], [-2110.12426758, 494.872131348, 893.119384766, -118.872657776, 62.7069816589, -124.423805237, -16.6943588257, -20.093870163, -16.9949569702, -58.7402305603, -33.8126869202, -63.8233566284, -23.3054618835], [2467.18383789, -1463.36914062, -118.872657776, 784.970581055, 29.393157959, 301.671112061, -75.9804458618, 223.122146606, -78.3825302124, 156.677108765, -74.7999801636, 132.789321899, -57.6309890747], [-451.754119873, 79.3457870483, 62.7069816589, 29.393157959, 262.165466309, 99.4769287109, 75.753036499, 8.07997608185, 49.4555130005, -11.6807184219, 33.2127304077, -3.08494257927, 9.13546276093], [1342.4588623, -793.73614502, -124.423805237, 301.671112061, 99.4769287109, 315.459259033, 41.8840675354, 168.534881592, -0.462455838919, 110.007713318, -9.99193000793, 93.1632766724, -17.1985092163], [-479.759460449, 312.2862854, -16.6943588257, -75.9804458618, 75.753036499, 41.8840675354, 167.270248413, 52.4972267151, 112.590492249, 21.4537963867, 75.3223876953, 3.18950724602, 42.8887214661], [1356.57348633, -743.964538574, -20.093870163, 223.122146606, 8.07997608185, 168.534881592, 52.4972267151, 267.454956055, 72.3597640991, 174.504150391, 18.94165802, 119.265258789, -9.84241485596], [-461.86920166, 295.617919922, -16.9949569702, -78.3825302124, 49.4555130005, -0.462455838919, 112.590492249, 72.3597640991, 167.607498169, 71.7438659668, 98.1752471924, 19.3000869751, 53.862953186], [1067.34606934, -536.978515625, -58.7402305603, 156.677108765, -11.6807184219, 110.007713318, 21.4537963867, 174.504150391, 71.7438659668, 182.93611145, 50.8498687744, 109.608444214, 8.95271873474], [-418.202178955, 271.140472412, -33.8126869202, -74.7999801636, 33.2127304077, -9.99193000793, 75.3223876953, 18.94165802, 98.1752471924, 50.8498687744, 113.997947693, 34.9589996338, 59.6905632019], [883.578552246, -490.682312012, -63.8233566284, 132.789321899, -3.08494257927, 93.1632766724, 3.18950724602, 119.265258789, 19.3000869751, 109.608444214, 34.9589996338, 118.27973938, 23.6982383728], [-435.862792969, 260.345550537, -23.3054618835, -57.6309890747, 9.13546276093, -17.1985092163, 42.8887214661, -9.84241485596, 53.862953186, 8.95271873474, 59.6905632019, 23.6982383728, 78.5455169678]],
        "icov": [[0.000143057884998, -5.45867987967e-05, 0.000330524431774, -8.45933100209e-05, -2.55207851296e-05, 4.97868531966e-05, 7.64016731409e-05, -0.00047152893967, 0.000526313262526, -0.000491661077831, 0.000402132340241, -0.000425946345786, 0.000441885291366], [-5.45867987967e-05, 0.00137243815698, -0.000607048510574, 0.000567204784602, 0.000350491434801, 0.000445803074399, -0.00106099620461, 0.00167575455271, -0.00143847893924, 0.00115080620162, -0.00192966940813, 0.00336609617807, -0.00246361107565], [0.000330524431774, -0.000607048510574, 0.00237940857187, -0.000222094400669, -0.00123154709581, 0.00117677485105, 0.000781663286034, -0.00324821099639, 0.00284834485501, -0.00170187617186, 0.00161262508482, -0.000764133117627, 0.00120211043395], [-8.45933100209e-05, 0.000567204784602, -0.000222094400669, 0.00306590786204, -0.000325121160131, -0.00144859286956, 0.00095940992469, -0.000531326164491, 0.000462809402961, -0.000396821065806, -0.000145970028825, 0.00174623262137, -0.001723729074], [-2.55207851296e-05, 0.000350491434801, -0.00123154709581, -0.000325121160131, 0.00697682751343, -0.00393359689042, -0.00108925963286, 0.0032715164125, -0.00481862248853, 0.00422711204737, -0.00221546320245, -0.0016039670445, 0.00241479463875], [4.97868531966e-05, 0.000445803074399, 0.00117677485105, -0.00144859286956, -0.00393359689042, 0.0102216880769, -0.00448645977303, -0.00283672939986, 0.00504716858268, -0.00332891475409, 0.00191149592865, 0.000633498188108, -0.00185056438204], [7.64016731409e-05, -0.00106099620461, 0.000781663286034, 0.00095940992469, -0.00108925963286, -0.00448645977303, 0.0185600817204, -0.00862409546971, -0.00519469985738, 0.00691487686709, -0.00648714182898, 0.0024779397063, -0.000237840009504], [-0.00047152893967, 0.00167575455271, -0.00324821099639, -0.000531326164491, 0.0032715164125, -0.00283672939986, -0.00862409546971, 0.0260671768337, -0.013976556249, -0.00609970884398, 0.00883448403329, -0.00989354774356, 0.00400021439418], [0.000526313262526, -0.00143847893924, 0.00284834485501, 0.000462809402961, -0.00481862248853, 0.00504716858268, -0.00519469985738, -0.013976556249, 0.0332738421857, -0.0143223376945, -0.00845879223198, 0.0130072208121, -0.00705744279549], [-0.000491661077831, 0.00115080620162, -0.00170187617186, -0.000396821065806, 0.00422711204737, -0.00332891475409, 0.00691487686709, -0.00609970884398, -0.0143223376945, 0.0330680459738, -0.0129316356033, -0.00890985410661, 0.00546851847321], [0.000402132340241, -0.00192966940813, 0.00161262508482, -0.000145970028825, -0.00221546320245, 0.00191149592865, -0.00648714182898, 0.00883448403329, -0.00845879223198, -0.0129316356033, 0.038612678647, -0.0178475342691, -0.00235978444107], [-0.000425946345786, 0.00336609617807, -0.000764133117627, 0.00174623262137, -0.0016039670445, 0.000633498188108, 0.0024779397063, -0.00989354774356, 0.0130072208121, -0.00890985410661, -0.0178475342691, 0.0487720444798, -0.0237900223583], [0.000441885291366, -0.00246361107565, 0.00120211043395, -0.001723729074, 0.00241479463875, -0.00185056438204, -0.000237840009504, 0.00400021439418, -0.00705744279549, 0.00546851847321, -0.00235978444107, -0.0237900223583, 0.035573862493]]
    },
    "melbands": {
        "dmean": [0.00396231841296, 0.00229439837858, 0.00180480768904, 0.00102227390744, 0.000223163180635, 0.000140644609928, 0.000112611734949, 0.000104082784674, 8.18967455416e-05, 6.13821903244e-05, 5.76705569983e-05, 5.18381384609e-05, 5.60736953048e-05, 4.81927272631e-05, 4.22637604061e-05, 4.0341168642e-05, 3.06531801471e-05, 2.42796522798e-05, 1.84052896657e-05, 1.80696479219e-05, 1.46794491229e-05, 1.27324046844e-05, 1.103714294e-05, 9.94146375888e-06, 8.89491911948e-06, 8.19559409138e-06, 8.26176710689e-06, 7.33381057216e-06, 6.93350648362e-06, 6.49318508295e-06, 6.55900248603e-06, 5.5194846027e-06, 4.50138395536e-06, 3.73573993784e-06, 3.35667527906e-06, 2.70084319709e-06, 2.82212704406e-06, 3.09760912387e-06, 2.56982207247e-06, 2.5675553843e-06],
        "dmean2": [0.00635007675737, 0.00397309241816, 0.00285849673674, 0.00179230002686, 0.000354479532689, 0.000222358241444, 0.000166999016074, 0.000152675173013, 0.000123844583868, 9.5209441497e-05, 9.15781129152e-05, 8.26356554171e-05, 8.82533495314e-05, 7.7166587289e-05, 6.88065993018e-05, 6.72441456118e-05, 5.04382769577e-05, 3.97289586545e-05, 3.00091378449e-05, 3.03830493067e-05, 2.48334617936e-05, 2.1124160412e-05, 1.85283333849e-05, 1.64649081853e-05, 1.46824932017e-05, 1.36916596603e-05, 1.38480399983e-05, 1.22322144307e-05, 1.17334457173e-05, 1.07662253868e-05, 1.10214887172e-05, 9.10191647563e-06, 7.41351050237e-06, 6.04142542215e-06, 5.40933251614e-06, 4.44194574811e-06, 4.61142644781e-06, 4.98259305459e-06, 4.10491611547e-06, 4.07885545428e-06],
        "dvar": [3.8044014218e-05, 2.62063458649e-05, 2.60510787484e-05, 9.57767497312e-06, 2.10979450799e-07, 5.09119075787e-08, 3.10487635602e-08, 2.5896627065e-08, 1.40661811088e-08, 7.21901294298e-09, 6.76975764335e-09, 5.82646286773e-09, 1.07649196224e-08, 5.84670001302e-09, 3.51151085987e-09, 4.10286071784e-09, 1.85114268358e-09, 1.20048637697e-09, 4.65974758779e-10, 1.10307274426e-09, 7.49426409818e-10, 2.95158619767e-10, 2.76941469757e-10, 1.62228702694e-10, 1.10869383119e-10, 9.50785214449e-11, 8.88549997469e-11, 6.76089670359e-11, 7.97947680153e-11, 6.1672882079e-11, 5.77033663907e-11, 3.85777278178e-11, 2.49630299071e-11, 1.87220672992e-11, 1.59058096555e-11, 1.10162165848e-11, 1.30830372577e-11, 1.76154438258e-11, 1.01796435864e-11, 1.10088977864e-11],
        "dvar2": [0.000104044040199, 7.40897085052e-05, 6.05964269198e-05, 2.67614323093e-05, 5.51746154542e-07, 1.30067419946e-07, 6.25057055004e-08, 5.23221963533e-08, 3.09944780952e-08, 1.64695723726e-08, 1.60282542794e-08, 1.34162432275e-08, 2.23316778403e-08, 1.4042686125e-08, 9.14022280085e-09, 1.14879501467e-08, 4.71390171342e-09, 3.06189673616e-09, 1.24720067607e-09, 2.79849432516e-09, 2.03077021865e-09, 7.87604759189e-10, 7.3847883364e-10, 4.23599405552e-10, 2.93026658493e-10, 2.56505955365e-10, 2.40459985257e-10, 1.83940779275e-10, 2.20961166031e-10, 1.62704696938e-10, 1.5962554889e-10, 1.02099856347e-10, 6.52466344842e-11, 4.71112281131e-11, 4.00974878301e-11, 2.82430294429e-11, 3.31998803449e-11, 4.4285637657e-11, 2.48444997214e-11, 2.74892868884e-11],
        "max": [0.0385358035564, 0.0430696234107, 0.0500885657966, 0.0400862805545, 0.00802670884877, 0.00579675426707, 0.00718183675781, 0.00479254126549, 0.00306707131676, 0.00185076484922, 0.00203555892222, 0.00168715720065, 0.00306823546998, 0.00174796092324, 0.0014520016266, 0.00131968013011, 0.00102156586945, 0.0011149123311, 0.000341888575349, 0.0013660416007, 0.00141512497794, 0.000347158114891, 0.000555737758987, 0.000210166283068, 0.000137956521939, 0.000205854419619, 0.000172701111296, 0.000130405926029, 0.000135871901875, 0.000117293224321, 0.000115664057375, 7.15998830856e-05, 7.71132472437e-05, 8.14112718217e-05, 5.98242077103e-05, 4.08169216826e-05, 4.48352548119e-05, 5.20129106008e-05, 3.30821567331e-05, 4.70826053061e-05],
        "mean": [0.00555446650833, 0.00271132984199, 0.00192693679128, 0.00104959891178, 0.000420186232077, 0.000280268868664, 0.000245605537202, 0.000219061417738, 0.000164723242051, 0.000124043974211, 0.000110335284262, 9.84396392596e-05, 0.000100415847555, 9.08605070435e-05, 8.05129966466e-05, 7.45149300201e-05, 5.75992708036e-05, 4.70303457405e-05, 3.76852185582e-05, 3.18710117426e-05, 2.64244008576e-05, 2.58583531831e-05, 2.24701580009e-05, 2.03717845579e-05, 1.95541051653e-05, 1.90385926544e-05, 1.85583885468e-05, 1.69743052538e-05, 1.53901219164e-05, 1.4960959561e-05, 1.54399403982e-05, 1.32689192469e-05, 1.11469189505e-05, 9.55935411184e-06, 8.71849715622e-06, 7.23070797903e-06, 7.13572080713e-06, 7.66170160205e-06, 6.92086177878e-06, 6.68281063554e-06],
        "median": [0.00240296847187, 0.00108495331369, 0.000531856261659, 0.000361625687219, 0.000222850037972, 0.000172386149643, 0.000136698115966, 0.000129569292767, 0.000104349666799, 8.45608956297e-05, 7.5101328548e-05, 6.55622716295e-05, 6.13155425526e-05, 6.03991247772e-05, 5.64287583984e-05, 5.02173934365e-05, 4.23482124461e-05, 3.70092675439e-05, 3.12987103825e-05, 2.34222989093e-05, 2.01249913516e-05, 2.08610927075e-05, 1.77586316568e-05, 1.63237091328e-05, 1.60413219419e-05, 1.66814716067e-05, 1.67940961546e-05, 1.57648028107e-05, 1.36438065965e-05, 1.31455662995e-05, 1.43698498505e-05, 1.23901309053e-05, 1.04218779597e-05, 8.7588077804e-06, 7.58346186558e-06, 5.82818483963e-06, 5.81800759392e-06, 6.40604230284e-06, 5.96850486545e-06, 5.29040562469e-06],
        "min": [2.59786312522e-24, 2.13782113897e-24, 4.04104569436e-24, 3.05193994252e-24, 3.15695567002e-24, 5.30422578492e-24, 2.94321814649e-24, 3.76715003262e-24, 2.87584528366e-24, 2.39672371034e-24, 4.97838836574e-24, 6.15326218328e-24, 4.58446278411e-24, 3.54870853151e-24, 3.90040047242e-24, 3.50839773925e-24, 2.82770741351e-24, 2.99169443798e-24, 6.13824503266e-24, 4.01591179705e-24, 5.66084061232e-24, 6.81445660062e-24, 4.19571094672e-24, 6.37596077227e-24, 4.99811974913e-24, 5.72094984114e-24, 5.45787104014e-24, 6.04475515463e-24, 4.63233086384e-24, 6.20991738463e-24, 6.24747031917e-24, 7.4153082863e-24, 7.10983688911e-24, 8.56629342348e-24, 7.31641983866e-24, 7.62034427962e-24, 8.06115580915e-24, 7.7504534753e-24, 7.14446867171e-24, 7.77345350385e-24],
        "var": [5.37179294042e-05, 2.44721668423e-05, 2.3973034331e-05, 6.28825182503e-06, 3.54036671979e-07, 1.22314389728e-07, 1.38876728784e-07, 8.83255353301e-08, 4.10174720855e-08, 1.81066646121e-08, 1.55056323337e-08, 1.26530048661e-08, 1.99189766903e-08, 1.12604885416e-08, 7.42539496557e-09, 8.14256573278e-09, 3.61636387503e-09, 2.14322448677e-09, 1.07070352584e-09, 1.6149681592e-09, 9.52078083039e-10, 5.52000445353e-10, 4.61374771721e-10, 3.24501120419e-10, 2.69159111665e-10, 2.31614560864e-10, 1.96107186046e-10, 1.56102852866e-10, 1.55102403143e-10, 1.45604472923e-10, 1.29433783136e-10, 9.3224761244e-11, 6.58550644572e-11, 5.36379482496e-11, 4.95917612531e-11, 4.07208294861e-11, 4.00873154116e-11, 4.31740268536e-11, 3.27807815614e-11, 3.57270775464e-11]
    },
    "mfcc": {
        "mean": [-600.022827148, 89.176322937, 17.4873657227, 15.535569191, 5.12895059586, 12.065577507, 7.59278059006, 3.17917251587, 2.98004817963, 1.93064749241, 3.46063160896, 1.5317633152, 1.29495120049],
        "cov": [[13248.1230469, -3480.9387207, -1226.57885742, 270.493408203, 238.111343384, 274.46484375, 286.474639893, 270.091674805, 277.787475586, 181.426589966, 248.643173218, 218.007843018, 203.324157715], [-3480.9387207, 3053.09033203, 401.501800537, -406.229370117, -376.185577393, -158.595718384, -174.142944336, -159.966430664, -134.21257019, -68.5088119507, -70.5799102783, -79.0097198486, -51.9297676086], [-1226.57885742, 401.501800537, 614.976074219, 71.0263595581, -12.4422855377, -95.7491455078, -45.451839447, -51.7406578064, -13.606294632, -12.3507242203, -28.0557765961, -15.2045383453, -27.0598545074], [270.493408203, -406.229370117, 71.0263595581, 294.954101562, 128.816452026, 47.4229240417, 25.2342662811, 22.835100174, 28.4042282104, 7.64956712723, 2.56975626945, 13.153055191, 2.95087146759], [238.111343384, -376.185577393, -12.4422855377, 128.816452026, 215.093551636, 102.03742218, 70.1139907837, 53.2062110901, 28.5588111877, 17.8573303223, 5.52206659317, 16.638999939, 0.0515542514622], [274.46484375, -158.595718384, -95.7491455078, 47.4229240417, 102.03742218, 146.946166992, 80.4979400635, 51.6984710693, 24.7416725159, 12.6693468094, 5.67894506454, 13.0639333725, 5.99122095108], [286.474639893, -174.142944336, -45.451839447, 25.2342662811, 70.1139907837, 80.4979400635, 103.000289917, 73.2496261597, 42.9755516052, 28.3961410522, 23.155752182, 25.0540771484, 19.119430542], [270.091674805, -159.966430664, -51.7406578064, 22.835100174, 53.2062110901, 51.6984710693, 73.2496261597, 99.3013534546, 65.6583328247, 46.0109634399, 37.4758033752, 35.0779953003, 30.4192619324], [277.787475586, -134.21257019, -13.606294632, 28.4042282104, 28.5588111877, 24.7416725159, 42.9755516052, 65.6583328247, 89.0219497681, 65.5324325562, 49.1975784302, 44.92552948, 37.7404403687], [181.426589966, -68.5088119507, -12.3507242203, 7.64956712723, 17.8573303223, 12.6693468094, 28.3961410522, 46.0109634399, 65.5324325562, 90.9557647705, 67.2356033325, 54.2349128723, 44.4656028748], [248.643173218, -70.5799102783, -28.0557765961, 2.56975626945, 5.52206659317, 5.67894506454, 23.155752182, 37.4758033752, 49.1975784302, 67.2356033325, 86.1225357056, 61.3566665649, 49.694229126], [218.007843018, -79.0097198486, -15.2045383453, 13.153055191, 16.638999939, 13.0639333725, 25.0540771484, 35.0779953003, 44.92552948, 54.2349128723, 61.3566665649, 81.9771118164, 59.7079238892], [203.324157715, -51.9297676086, -27.0598545074, 2.95087146759, 0.0515542514622, 5.99122095108, 19.119430542, 30.4192619324, 37.7404403687, 44.4656028748, 49.694229126, 59.7079238892, 73.5845947266]],
