{
"lowlevel": {
    "average_loudness": 0.899702906609,
    "barkbands_crest": {
        "dmean": 3.14577198029,
        "dmean2": 5.03350687027,
        "dvar": 8.34609603882,
        "dvar2": 19.4819202423,
        "max": 26.9509868622,
        "mean": 15.3552980423,
        "median": 15.0042438507,
        "min": 2.97512197495,
        "var": 30.0496349335
    },
    "barkbands_flatness_db": {
        "dmean": 0.0621227994561,
        "dmean2": 0.0959712788463,
        "dvar": 0.00586282275617,
        "dvar2": 0.0128101566806,
        "max": 0.805897116661,
        "mean": 0.376739263535,
        "median": 0.366964519024,
        "min": 0.0256608985364,
        "var": 0.0332286246121
    },
    "barkbands_kurtosis": {
        "dmean": 22.9735431671,
        "dmean2": 38.1014595032,
        "dvar": 11520.2958984,
        "dvar2": 30513.6347656,
        "max": 3030.90966797,
        "mean": 26.6886787415,
        "median": 7.26607227325,
        "min": -1.9430423975,
        "var": 11427.5400391
    },
    "barkbands_skewness": {
        "dmean": 1.27650427818,
        "dmean2": 2.01235342026,
        "dvar": 3.28606987,
        "dvar2": 7.98624277115,
        "max": 34.2561950684,
        "mean": 2.39384508133,
        "median": 2.00973916054,
        "min": -5.21003389359,
        "var": 6.72684240341
    },
    "barkbands_spread": {
        "dmean": 5.7382850647,
        "dmean2": 9.27695465088,
        "dvar": 116.466850281,
        "dvar2": 285.988494873,
        "max": 107.206413269,
        "mean": 11.8628463745,
        "median": 2.89932823181,
        "min": 0.0129566416144,
        "var": 392.532440186
    },
    "dissonance": {
        "dmean": 0.0484609939158,
        "dmean2": 0.0780093744397,
        "dvar": 0.00360108609311,
        "dvar2": 0.00838111434132,
        "max": 0.500000119209,
        "mean": 0.361749440432,
        "median": 0.410666227341,
        "min": 0.0528931468725,
        "var": 0.0161955263466
    },
    "dynamic_complexity": 5.20811510086,
    "erbbands_crest": {
        "dmean": 3.21853637695,
        "dmean2": 5.12636137009,
        "dvar": 11.8954524994,
        "dvar2": 26.3904895782,
        "max": 32.7048721313,
        "mean": 13.4320573807,
        "median": 12.3576259613,
        "min": 2.42741370201,
        "var": 51.321937561
    },
    "erbbands_flatness_db": {
        "dmean": 0.0395068712533,
        "dmean2": 0.062558978796,
        "dvar": 0.00300590600818,
        "dvar2": 0.0061351726763,
        "max": 0.607606947422,
        "mean": 0.288118362427,
        "median": 0.272201865911,
        "min": 0.0594332031906,
        "var": 0.0199460722506
    },
    "erbbands_kurtosis": {
        "dmean": 6.63643884659,
        "dmean2": 10.854675293,
        "dvar": 167.001968384,
        "dvar2": 436.959228516,
        "max": 168.276565552,
        "mean": 9.40663814545,
        "median": 3.24116373062,
        "min": -1.93309128284,
        "var": 289.69519043
    },
    "erbbands_skewness": {
        "dmean": 0.865211248398,
        "dmean2": 1.35330820084,
        "dvar": 1.0379114151,
        "dvar2": 2.64850091934,
        "max": 9.91536045074,
        "mean": 0.919571816921,
        "median": 0.778893649578,
        "min": -4.23338460922,
        "var": 3.55059933662
    },
    "erbbands_spread": {
        "dmean": 10.2183647156,
        "dmean2": 15.9370594025,
        "dvar": 268.430877686,
        "dvar2": 594.869262695,
        "max": 196.112915039,
        "mean": 27.4930801392,
        "median": 14.6858110428,
        "min": 0.273023962975,
        "var": 1076.22375488
    },
    "hfc": {
        "dmean": 5.93794822693,
        "dmean2": 9.7863407135,
        "dvar": 152.82913208,
        "dvar2": 402.294006348,
        "max": 113.212783813,
        "mean": 12.4119224548,
        "median": 6.01418209076,
        "min": 1.06891230135e-16,
        "var": 273.525146484
    },
    "melbands_crest": {
        "dmean": 4.00208282471,
        "dmean2": 6.3617105484,
        "dvar": 13.350230217,
        "dvar2": 30.1743545532,
        "max": 38.229675293,
        "mean": 21.6252765656,
        "median": 21.132850647,
        "min": 2.36326408386,
        "var": 45.3500099182
    },
    "melbands_flatness_db": {
        "dmean": 0.0705577656627,
        "dmean2": 0.109069906175,
        "dvar": 0.00787926837802,
        "dvar2": 0.0171896833926,
        "max": 0.978597521782,
        "mean": 0.4858931005,
        "median": 0.484420627356,
        "min": 0.00605093128979,
        "var": 0.0486009381711
    },
    "melbands_kurtosis": {
        "dmean": 21.8857059479,
        "dmean2": 35.4965629578,
        "dvar": 1937.35058594,
        "dvar2": 4888.7578125,
        "max": 582.919433594,
        "mean": 29.6095314026,
        "median": 14.6035003662,
        "min": -1.92674875259,
        "var": 2273.23095703
    },
    "melbands_skewness": {
        "dmean": 1.37340688705,
        "dmean2": 2.10031580925,
        "dvar": 2.49252271652,
        "dvar2": 5.91373109818,
        "max": 21.5864162445,
        "mean": 3.30435705185,
        "median": 2.71665143967,
        "min": -2.6002831459,
        "var": 7.77081823349
    },
    "melbands_spread": {
        "dmean": 5.09863185883,
        "dmean2": 8.24278736115,
        "dvar": 122.479286194,
        "dvar2": 285.649139404,
        "max": 261.533843994,
        "mean": 13.0593347549,
        "median": 2.81533408165,
        "min": 0.0946204513311,
        "var": 1131.4263916
    },
    "pitch_salience": {
        "dmean": 0.10055937618,
        "dmean2": 0.159318447113,
        "dvar": 0.010061679408,
        "dvar2": 0.0234227403998,
        "max": 0.881322026253,
        "mean": 0.39321488142,
        "median": 0.397252619267,
        "min": 0.0241711474955,
        "var": 0.0271387603134
    },
    "silence_rate_20dB": {
        "dmean": 0,
        "dmean2": 0,
        "dvar": 0,
        "dvar2": 0,
        "max": 1,
        "mean": 1,
        "median": 1,
        "min": 1,
        "var": 0
    },
    "silence_rate_30dB": {
        "dmean": 0.110836222768,
        "dmean2": 0.22172729671,
        "dvar": 0.0985577106476,
        "dvar2": 0.205218017101,
        "max": 1,
        "mean": 0.826119244099,
        "median": 1,
        "min": 0,
        "var": 0.14364439249
    },
    "silence_rate_60dB": {
        "dmean": 0.0257298368961,
        "dmean2": 0.0514724068344,
        "dvar": 0.0250694397837,
        "dvar2": 0.0587264597416,
        "max": 1,
        "mean": 0.134306207299,
        "median": 0,
        "min": 0,
        "var": 0.116265662014
    },
    "spectral_centroid": {
        "dmean": 267.406524658,
        "dmean2": 422.127929688,
        "dvar": 271968.3125,
        "dvar2": 572189.75,
        "max": 10797.8554688,
        "mean": 801.825134277,
        "median": 315.991088867,
        "min": 66.8912658691,
        "var": 1150367.25
    },
    "spectral_complexity": {
        "dmean": 2.89510154724,
        "dmean2": 4.87305116653,
        "dvar": 33.0118942261,
        "dvar2": 83.9893722534,
        "max": 45,
        "mean": 7.767993927,
        "median": 5,
        "min": 0,
        "var": 65.533241272
    },
    "spectral_decrease": {
        "dmean": 6.99488600375e-09,
        "dmean2": 1.06971942415e-08,
        "dvar": 1.00492829278e-16,
        "dvar2": 2.45532960901e-16,
        "max": -5.98087974765e-29,
        "mean": -1.38713653897e-08,
        "median": -9.26208443275e-09,
        "min": -8.76497949776e-08,
        "var": 2.18351355987e-16
    },
    "spectral_energy": {
        "dmean": 0.0266847759485,
        "dmean2": 0.0407772772014,
        "dvar": 0.00144763512071,
        "dvar2": 0.00353251770139,
        "max": 0.336350262165,
        "mean": 0.0534795708954,
        "median": 0.0359446443617,
        "min": 1.04468605826e-20,
        "var": 0.00319288112223
    },
    "spectral_energyband_high": {
        "dmean": 0.000439351599198,
        "dmean2": 0.000760875467677,
        "dvar": 1.70402586264e-06,
        "dvar2": 4.60159253635e-06,
        "max": 0.0116627868265,
        "mean": 0.000702396675479,
        "median": 1.80574863862e-06,
        "min": 7.23932073897e-21,
        "var": 2.87369039143e-06
    },
    "spectral_energyband_low": {
        "dmean": 0.0236694253981,
        "dmean2": 0.0365392267704,
        "dvar": 0.00136674020905,
        "dvar2": 0.00338962487876,
        "max": 0.32033932209,
        "mean": 0.0417344942689,
        "median": 0.0248464457691,
        "min": 8.13741262627e-23,
        "var": 0.0026557892561
    },
    "spectral_energyband_middle_high": {
        "dmean": 0.000543507339898,
        "dmean2": 0.000972978421487,
        "dvar": 2.27533132602e-06,
        "dvar2": 6.38960136712e-06,
        "max": 0.0122712729499,
        "mean": 0.000807239499409,
        "median": 0.000103758029582,
        "min": 1.72507345447e-21,
        "var": 2.03801641874e-06
    },
    "spectral_energyband_middle_low": {
        "dmean": 0.00760564487427,
        "dmean2": 0.0116436863318,
        "dvar": 0.000161151780048,
        "dvar2": 0.000373958522687,
        "max": 0.133167684078,
        "mean": 0.0117503609508,
        "median": 0.00673699239269,
        "min": 2.85029657174e-22,
        "var": 0.00021252768056
    },
    "spectral_entropy": {
        "dmean": 0.480367958546,
        "dmean2": 0.764341711998,
        "dvar": 0.484598577023,
        "dvar2": 1.055778265,
        "max": 9.81332492828,
        "mean": 5.90974998474,
        "median": 5.82304954529,
        "min": 2.48098278046,
        "var": 2.74757957458
    },
    "spectral_flux": {
        "dmean": 0.0457636490464,
        "dmean2": 0.0737697929144,
        "dvar": 0.00265763700008,
        "dvar2": 0.00632021343336,
        "max": 0.430707603693,
        "mean": 0.104645937681,
        "median": 0.081946618855,
        "min": 1.02209886388e-10,
        "var": 0.00732360966504
    },
    "spectral_kurtosis": {
        "dmean": 46.6498832703,
        "dmean2": 76.0834655762,
        "dvar": 5763.54296875,
        "dvar2": 14890.0683594,
        "max": 719.906005859,
        "mean": 89.5581741333,
        "median": 32.9571304321,
        "min": -1.36820340157,
        "var": 14356.1494141
    },
    "spectral_rms": {
        "dmean": 0.00156811496709,
        "dmean2": 0.00233043450862,
        "dvar": 3.22630353367e-06,
        "dvar2": 7.39040297049e-06,
        "max": 0.0181148163974,
        "mean": 0.0061467513442,
        "median": 0.00592181971297,
        "min": 3.19250051742e-12,
        "var": 1.43925590237e-05
    },
    "spectral_rolloff": {
        "dmean": 371.57510376,
        "dmean2": 666.511474609,
        "dvar": 976432.3125,
        "dvar2": 2561593.25,
        "max": 18518.5546875,
        "mean": 1126.49438477,
        "median": 279.931640625,
        "min": 43.06640625,
        "var": 7382149.5
    },
    "spectral_skewness": {
        "dmean": 1.7941968441,
        "dmean2": 2.90826678276,
        "dvar": 5.48003005981,
        "dvar2": 12.600186348,
        "max": 22.5085735321,
        "mean": 6.00724983215,
        "median": 4.21185588837,
        "min": -0.218837872148,
        "var": 26.6301040649
    },
    "spectral_spread": {
        "dmean": 754383.1875,
        "dmean2": 1201600.5,
        "dvar": 1.54347293901e+12,
        "dvar2": 2.48340833894e+12,
        "max": 41058736,
        "mean": 3056155.75,
        "median": 1722199.625,
        "min": 115539.84375,
        "var": 9.45467739341e+12
    },
    "spectral_strongpeak": {
        "dmean": 0.273517549038,
        "dmean2": 0.436418056488,
        "dvar": 0.135417595506,
        "dvar2": 0.322978287935,
        "max": 3.1926715374,
        "mean": 0.520034790039,
        "median": 0.37348562479,
        "min": 0,
        "var": 0.214665174484
    },
    "zerocrossingrate": {
        "dmean": 0.00771996565163,
        "dmean2": 0.0097635705024,
        "dvar": 0.000221725480515,
        "dvar2": 0.000300721323583,
        "max": 0.75390625,
        "mean": 0.0418148934841,
        "median": 0.01171875,
        "min": 0.0009765625,
        "var": 0.00789520144463
    },
    "barkbands": {
        "dmean": [0.00195933692157, 0.0161113161594, 0.00930459145457, 0.00268418737687, 0.00456559471786, 0.00158804585226, 0.00018217258912, 0.000258797168499, 0.000105874147266, 6.22974257567e-05, 6.07062975178e-05, 4.96595130244e-05, 3.54536205123e-05, 4.34085595771e-05, 5.61670058232e-05, 5.47509735043e-05, 6.37113480479e-05, 7.92363789515e-05, 8.37831757963e-05, 0.000104041762825, 0.000116230323329, 0.000109542546852, 6.26709443168e-05, 8.0445803178e-05, 4.36318587163e-05, 2.06904242077e-05, 1.26172074033e-06],
        "dmean2": [0.00326518877409, 0.0265516601503, 0.0140849454328, 0.00459034368396, 0.00701225129887, 0.00245107267983, 0.000322047824739, 0.000351946830051, 0.000160898387549, 9.41498947213e-05, 0.000101474979601, 8.73997778399e-05, 6.30534268566e-05, 7.95251544332e-05, 0.000105038758193, 0.000103606565972, 0.000115809270937, 0.000140164760523, 0.000148188992171, 0.000190121965716, 0.000197014538571, 0.000193141968339, 0.000103850143205, 0.000131246968522, 7.21584437997e-05, 3.68415276171e-05, 2.2855140287e-06],
        "dvar": [1.90758164536e-05, 0.000717248825822, 0.000422887940658, 3.6221164919e-05, 6.81171877659e-05, 1.01020705188e-05, 3.49726690274e-07, 4.03354221135e-07, 5.30316626168e-08, 1.8084895359e-08, 1.42502178946e-08, 1.42929321711e-08, 1.09443680785e-08, 1.86749566922e-08, 3.44383295214e-08, 2.90510318024e-08, 3.83625184952e-08, 5.73339136167e-08, 5.31389829916e-08, 8.26263075737e-08, 9.96537181663e-08, 9.89592408018e-08, 3.42190631386e-08, 6.43285673618e-08, 1.73808203385e-08, 5.65824276322e-09, 2.39819310244e-11],
        "dvar2": [5.88769325987e-05, 0.00196538586169, 0.000903028878383, 8.80501102074e-05, 0.000165664256201, 2.42680962401e-05, 1.00538375136e-06, 7.88532361184e-07, 1.17980853531e-07, 3.80331535155e-08, 3.79233711101e-08, 4.08925586726e-08, 3.1469649997e-08, 5.39140145861e-08, 9.7889333972e-08, 8.3052846378e-08, 1.07316765252e-07, 1.56532976803e-07, 1.46124975231e-07, 2.37722446172e-07, 2.68363208988e-07, 2.68610989451e-07, 9.01375116769e-08, 1.73253823732e-07, 4.79980641899e-08, 1.59759618867e-08, 6.803421021e-11],
        "max": [0.03250426054, 0.277686804533, 0.200344622135, 0.0634172037244, 0.0976387634873, 0.0469726026058, 0.00725945597515, 0.00835170410573, 0.00536743644625, 0.00286229001358, 0.00178212206811, 0.00112906319555, 0.00136325182393, 0.00148341711611, 0.00137405027635, 0.00129924213979, 0.00168652331922, 0.00180323026143, 0.00187202100642, 0.00216399203055, 0.00286884652451, 0.00321316951886, 0.00195106922183, 0.00258411909454, 0.00143782957457, 0.000757445232011, 5.81471031182e-05],
        "mean": [0.00393210118636, 0.0263070035726, 0.00999988801777, 0.00258148531429, 0.00558769190684, 0.0027500342112, 0.000224287621677, 0.000417058414314, 0.000156719310326, 0.000158348644618, 0.000150236985064, 7.81847265898e-05, 3.75667841581e-05, 3.95287534047e-05, 4.50342340628e-05, 4.25028338213e-05, 5.18776214449e-05, 7.0048175985e-05, 9.03104446479e-05, 0.000121867167763, 0.000145933721797, 0.000153027212946, 0.00011569934577, 0.00012536716531, 7.20725292922e-05, 2.46895560849e-05, 9.80015101959e-07],
        "median": [0.000264613714535, 0.0145920962095, 0.00153576745652, 0.000709432002623, 0.00205301539972, 0.000796864856966, 2.94619458145e-05, 8.35155442473e-05, 1.57567028509e-05, 1.3908773326e-05, 9.29650650505e-06, 6.16848683421e-06, 5.88239618082e-06, 3.96331142838e-06, 2.56726184489e-06, 2.72678857982e-06, 3.89985416405e-06, 1.0178617913e-06, 1.15456884942e-06, 4.48642339279e-07, 3.4944480376e-07, 2.82799987872e-07, 1.11701723426e-07, 4.81650701545e-08, 2.14337241289e-08, 9.58569135179e-09, 1.75127456981e-09],
        "min": [1.13328341401e-23, 1.09484411537e-23, 1.02744754727e-23, 1.53919542155e-23, 3.28506293394e-23, 4.1825676563e-23, 3.65612637991e-23, 3.75538117455e-23, 5.39460195007e-23, 6.49286483083e-23, 2.05266530031e-22, 9.17697983806e-23, 6.65795953434e-23, 1.32010028607e-22, 1.47942784839e-22, 8.89680231916e-23, 1.23065797446e-22, 2.17665934091e-22, 3.27887018651e-22, 2.35463620611e-22, 3.63276909203e-22, 4.7230165149e-22, 6.60304749471e-22, 8.73523931437e-22, 1.06707278469e-21, 1.49488409476e-21, 2.22051102054e-21],
        "var": [3.51139606209e-05, 0.0012471799273, 0.000527531025, 3.41149643646e-05, 7.95026207925e-05, 2.08529818337e-05, 2.58258637587e-07, 8.87989131115e-07, 1.096635458e-07, 8.47163548201e-08, 6.683438869e-08, 2.00943190976e-08, 7.57482254699e-09, 1.14117399974e-08, 2.09633821413e-08, 1.74530025987e-08, 2.50280063341e-08, 4.25052881781e-08, 4.88242051233e-08, 9.07407056161e-08, 1.34140890395e-07, 1.56010941055e-07, 8.08588964674e-08, 1.06842058756e-07, 3.15099057957e-08, 5.44312683814e-09, 1.62542410087e-11]
    },
    "erbbands": {
        "dmean": [0.583569169044, 3.43442678452, 10.0905256271, 10.298869133, 6.88020515442, 16.9765014648, 24.1336269379, 10.112622261, 3.28165125847, 4.79731225967, 3.70225024223, 2.66419744492, 1.44545078278, 2.51839280128, 2.14584183693, 2.11836075783, 1.6500133276, 2.1642832756, 2.68202877045, 3.02405548096, 2.73679590225, 3.62338352203, 4.28967475891, 4.19027042389, 4.37541437149, 4.88390493393, 4.50664663315, 4.61820936203, 4.13071489334, 2.70733642578, 1.93040549755, 1.88809919357, 1.13008248806, 0.575278282166, 0.290477633476, 0.131438151002, 0.0278447605669, 0.00442214915529, 0.000189718557522, 3.08379276248e-05],
        "dmean2": [0.94403553009, 5.55127906799, 15.1982097626, 16.7063751221, 11.3429718018, 25.9413986206, 35.5709342957, 16.6635913849, 5.78125238419, 6.67466115952, 5.61646509171, 3.96552801132, 2.38060855865, 3.7672021389, 3.61336135864, 3.70249938965, 2.95080161095, 3.98007321358, 5.02037525177, 5.65231323242, 5.13722324371, 6.57787466049, 7.67177391052, 7.37493133545, 7.80333757401, 8.84912967682, 7.84609556198, 7.97414636612, 7.22476863861, 4.57533121109, 3.15246701241, 3.17414522171, 1.84777510166, 0.940620183945, 0.490825682878, 0.231498524547, 0.0490211397409, 0.00780289061368, 0.000342847342836, 4.89933372592e-05],
        "dvar": [1.45800769329, 34.4920539856, 461.080108643, 592.44354248, 289.029602051, 1058.07971191, 1839.4609375, 584.561218262, 107.892501831, 172.45274353, 58.2954597473, 32.3667602539, 8.22211742401, 33.7667655945, 18.5934104919, 27.8410720825, 26.1300010681, 46.749786377, 69.2671356201, 94.15599823, 69.2088088989, 131.500808716, 178.039230347, 143.019454956, 144.748199463, 200.606643677, 148.659576416, 146.581726074, 150.603530884, 52.7976417542, 31.1763439178, 38.6296463013, 10.6610536575, 2.75488948822, 0.895957708359, 0.230353280902, 0.00983857549727, 0.000222951435717, 5.25786674643e-07, 1.88415794078e-09],
        "dvar2": [4.29883003235, 87.4967193604, 1006.2076416, 1334.45788574, 651.452758789, 2620.51757812, 4324.90966797, 1560.45629883, 307.888153076, 356.20513916, 138.884750366, 67.9951629639, 21.4334144592, 68.4842071533, 49.4593009949, 79.6675720215, 75.2407836914, 135.102310181, 197.454376221, 267.174835205, 196.135757446, 364.228027344, 489.982177734, 387.14932251, 409.704650879, 578.142883301, 415.021728516, 384.530822754, 407.586578369, 139.946929932, 80.5596008301, 105.00843811, 28.271074295, 7.41348648071, 2.51711630821, 0.648053109646, 0.0276156626642, 0.000622575927991, 1.51402355186e-06, 4.62726390538e-09],
        "max": [10.464756012, 63.5052070618, 197.107437134, 293.770385742, 152.70149231, 396.483551025, 596.309326172, 367.666809082, 145.790588379, 175.446899414, 107.075866699, 145.390426636, 41.2749176025, 125.195571899, 53.2031974792, 52.9947319031, 64.1448287964, 78.0826797485, 63.7598724365, 68.6140365601, 68.4716720581, 94.8759155273, 110.661697388, 105.146995544, 111.820755005, 121.558197021, 89.2093658447, 106.973396301, 127.481941223, 68.2425689697, 57.2403106689, 64.1655731201, 32.5900421143, 17.6502799988, 9.27220153809, 5.10428953171, 1.11013638973, 0.136594429612, 0.0103677790612, 0.00039933208609],
        "mean": [0.964349031448, 5.02301502228, 11.7630596161, 10.9158792496, 6.44987249374, 20.8356208801, 37.4649620056, 16.9313774109, 5.39024686813, 7.21015882492, 5.88708782196, 4.26119041443, 2.54386258125, 8.40313911438, 4.27024459839, 3.41114926338, 1.82855129242, 2.08432126045, 2.22726106644, 2.36615347862, 2.28684639931, 2.95111322403, 3.80066180229, 4.36033153534, 4.64973449707, 5.71322441101, 5.41693019867, 6.06261920929, 5.46525812149, 4.42783546448, 3.46304273605, 2.85528206825, 1.78647375107, 0.974679470062, 0.430265545845, 0.155163556337, 0.0354462899268, 0.00490301987156, 0.000187991914572, 6.48745844956e-05],
        "median": [0.394528895617, 2.32440710068, 2.52985644341, 2.86498522758, 1.32579100132, 6.64592313766, 16.211681366, 4.27676486969, 1.0264390707, 1.18830931187, 1.60549938679, 0.65837007761, 0.461873680353, 0.469567298889, 0.450894296169, 0.426910698414, 0.254091352224, 0.286063551903, 0.188682556152, 0.160351186991, 0.172711089253, 0.196995690465, 0.122984141111, 0.0848013088107, 0.0544010996819, 0.0242985542864, 0.0180870871991, 0.0140466494486, 0.0125455390662, 0.00552241643891, 0.00421438040212, 0.00137880828697, 0.00069097802043, 0.000312515796395, 0.000178365400643, 9.11589668249e-05, 3.58786819561e-05, 4.15954855271e-06, 2.09276549867e-05, 4.35552428826e-05],
        "min": [3.10878798881e-22, 2.75771535104e-21, 1.08734127444e-20, 4.9205048764e-20, 5.84396769667e-20, 1.27092863149e-19, 3.43195711034e-19, 3.19048835538e-19, 5.45312873465e-19, 5.13326005973e-19, 7.42719733446e-19, 1.25581423224e-18, 2.25740318862e-18, 2.63926925725e-18, 6.07800940371e-18, 3.54310779909e-18, 3.00029575111e-18, 4.70140095263e-18, 7.78839019503e-18, 6.48225629137e-18, 6.04602357019e-18, 8.13133679545e-18, 1.24079788492e-17, 1.39510363054e-17, 1.58169258111e-17, 1.34031027687e-17, 1.30426563352e-17, 1.57585946887e-17, 1.85785195713e-17, 1.74629126597e-17, 1.85583595254e-17, 1.8566834818e-17, 1.39972326883e-17, 9.71595594157e-18, 7.40129365659e-18, 5.75216641681e-18, 2.97328561578e-18, 1.11298971216e-18, 2.95211842579e-19, 3.25542390755e-20],
        "var": [2.36009955406, 52.8014678955, 602.129089355, 636.677429199, 279.539123535, 1240.6920166, 3021.02172852, 1059.4284668, 110.871780396, 336.253173828, 107.244094849, 76.5343017578, 17.3930301666, 269.94052124, 46.5985641479, 37.0482788086, 17.9723892212, 28.9941005707, 42.1410102844, 56.9698791504, 43.7159919739, 87.2883377075, 125.673126221, 127.855186462, 134.081176758, 207.244812012, 183.247238159, 226.877365112, 209.587921143, 125.206787109, 73.3836898804, 58.0687026978, 20.2443122864, 5.68624591827, 1.24970412254, 0.219058021903, 0.0105935977772, 0.000203590665478, 3.64576521861e-07, 4.36641256485e-09]
    },
    "gfcc": {
        "mean": [-199.156463623, 158.200592041, -48.0842590332, 26.0672092438, -37.7702980042, -2.85817027092, -28.2314949036, -6.98671197891, -13.5973644257, -6.23705387115, -3.58090591431, -0.410652041435, 2.03248620033],
        "cov": [[41439.5585938, -2604.23730469, -3781.43408203, 4703.89697266, -553.017211914, 2979.16235352, 1253.17456055, 1843.8927002, -514.626098633, 766.003601074, -10.4188718796, 441.305633545, -486.195068359], [-2604.23730469, 8421.05371094, 1709.1784668, -1997.10302734, 1960.0222168, -1037.19458008, 1076.4855957, -681.667785645, 677.814453125, -748.220397949, 645.383178711, -301.13494873, 679.146606445], [-3781.43408203, 1709.1784668, 2396.15258789, -253.145339966, 754.55682373, -203.995346069, 152.010406494, -150.278381348, 194.301025391, -126.496253967, 72.8215560913, -126.446487427, 163.544296265], [4703.89697266, -1997.10302734, -253.145339966, 1530.84533691, -155.61857605, 708.264282227, 128.797134399, 418.932739258, -120.356254578, 243.536193848, -116.870651245, 105.431800842, -164.783309937], [-553.017211914, 1960.0222168, 754.55682373, -155.61857605, 1045.4798584, 24.3262138367, 473.436187744, 13.0259752274, 194.748321533, -148.295654297, 178.038574219, -30.0081768036, 170.19871521], [2979.16235352, -1037.19458008, -203.995346069, 708.264282227, 24.3262138367, 668.60144043, 219.022979736, 326.673309326, -40.051864624, 166.939376831, -35.7535209656, 74.1155700684, -95.6079864502], [1253.17456055, 1076.4855957, 152.010406494, 128.797134399, 473.436187744, 219.022979736, 573.324035645, 124.482574463, 191.28364563, 15.0848484039, 169.523330688, -38.1371307373, 93.429397583], [1843.8927002, -681.667785645, -150.278381348, 418.932739258, 13.0259752274, 326.673309326, 124.482574463, 319.608123779, 36.844367981, 162.822738647, -16.1586799622, 37.4766769409, -99.8192520142], [-514.626098633, 677.814453125, 194.301025391, -120.356254578, 194.748321533, -40.051864624, 191.28364563, 36.844367981, 223.3309021, 38.9602394104, 96.662361145, -60.4298782349, 31.8793430328], [766.003601074, -748.220397949, -126.496253967, 243.536193848, -148.295654297, 166.939376831, 15.0848484039, 162.822738647, 38.9602394104, 226.929214478, -6.09028053284, -2.61114096642, -83.7979431152], [-10.4188718796, 645.383178711, 72.8215560913, -116.870651245, 178.038574219, -35.7535209656, 169.523330688, -16.1586799622, 96.662361145, -6.09028053284, 158.053039551, 22.1089382172, 83.2648010254], [441.305633545, -301.13494873, -126.446487427, 105.431800842, -30.0081768036, 74.1155700684, -38.1371307373, 37.4766769409, -60.4298782349, -2.61114096642, 22.1089382172, 122.380905151, 29.9127483368], [-486.195068359, 679.146606445, 163.544296265, -164.783309937, 170.19871521, -95.6079864502, 93.429397583, -99.8192520142, 31.8793430328, -83.7979431152, 83.2648010254, 29.9127483368, 154.444107056]],
        "icov": [[0.000113213893201, -0.00032710886444, 0.000157196976943, -0.000375214760425, 0.000249689037446, -0.000311404641252, 0.000253918056842, -0.000466736004455, 0.000608416739851, -0.000359264726285, -8.09358243714e-05, 4.71804523841e-05, 1.88105404959e-05], [-0.00032710886444, 0.00183526903857, -0.000507255375851, 0.00146228994709, -0.00125874928199, 0.00141144718509, -0.00156671903096, 0.00136857794132, -0.00230484758504, 0.00269416067749, -0.000920400489122, 0.00109461357351, -0.000687811232638], [0.000157196976943, -0.000507255375851, 0.000899723439943, -0.000694844697136, -0.000252067140536, -0.00055990065448, 0.00106069934554, -0.000447671249276, 0.000458497699583, -0.000774231913965, 5.6352604588e-05, 0.000822264875751, -0.00067282927921], [-0.000375214760425, 0.00146228994709, -0.000694844697136, 0.00295787863433, -0.000830579374451, 0.000389379507396, -0.00183327775449, 0.00100063276477, -0.00158878078219, 0.00138271064498, 0.000706278544385, -0.000512069498654, -1.10542650873e-05], [0.000249689037446, -0.00125874928199, -0.000252067140536, -0.000830579374451, 0.00351210334338, -0.000958568125498, -0.000566200818866, -0.00221721711569, 0.00148621981498, 0.000145819038153, 5.34293394594e-05, -0.000886400986928, 6.28935304121e-05], [-0.000311404641252, 0.00141144718509, -0.00055990065448, 0.000389379507396, -0.000958568125498, 0.00653043435887, -0.00430631032214, -0.000542083987966, -0.000207177072298, 0.000670110457577, 0.00180322153028, -0.00235821562819, 0.00106600055005], [0.000253918056842, -0.00156671903096, 0.00106069934554, -0.00183327775449, -0.000566200818866, -0.00430631032214, 0.00981714110821, -0.00341143808328, 0.000115352857392, -0.000520927074831, -0.00542461592704, 0.00653585651889, -0.00422368245199], [-0.000466736004455, 0.00136857794132, -0.000447671249276, 0.00100063276477, -0.00221721711569, -0.000542083987966, -0.00341143808328, 0.014530540444, -0.00611257273704, -0.00302429543808, 0.00410013878718, -0.00740502309054, 0.00646156398579], [0.000608416739851, -0.00230484758504, 0.000458497699583, -0.00158878078219, 0.00148621981498, -0.000207177072298, 0.000115352857392, -0.00611257273704, 0.0153190549463, -0.00499355653301, -0.00447187945247, 0.0047112647444, -0.000289611605695], [-0.000359264726285, 0.00269416067749, -0.000774231913965, 0.00138271064498, 0.000145819038153, 0.000670110457577, -0.000520927074831, -0.00302429543808, -0.00499355653301, 0.0148985134438, -0.0061890874058, 0.00546273682266, -0.000675413350109], [-8.09358243714e-05, -0.000920400489122, 5.6352604588e-05, 0.000706278544385, 5.34293394594e-05, 0.00180322153028, -0.00542461592704, 0.00410013878718, -0.00447187945247, -0.0061890874058, 0.0214781258255, -0.0127515718341, -6.93217443768e-05], [4.71804523841e-05, 0.00109461357351, 0.000822264875751, -0.000512069498654, -0.000886400986928, -0.00235821562819, 0.00653585651889, -0.00740502309054, 0.0047112647444, 0.00546273682266, -0.0127515718341, 0.0250044632703, -0.0112814102322], [1.88105404959e-05, -0.000687811232638, -0.00067282927921, -1.10542650873e-05, 6.28935304121e-05, 0.00106600055005, -0.00422368245199, 0.00646156398579, -0.000289611605695, -0.000675413350109, -6.93217443768e-05, -0.0112814102322, 0.0194968190044]]
    },
    "melbands": {
        "dmean": [0.0045781112276, 0.0047483285889, 0.00166166969575, 0.000742392847314, 0.000908182642888, 0.000233062906773, 4.45992627647e-05, 5.63643661735e-05, 2.80819440377e-05, 1.48876606545e-05, 7.03759451426e-06, 1.02531967059e-05, 8.05130639492e-06, 5.48605794393e-06, 5.23753806192e-06, 3.01747877529e-06, 4.22706716563e-06, 4.02437854063e-06, 4.36157279182e-06, 4.18876788899e-06, 3.02770558847e-06, 3.84217901228e-06, 4.29246983913e-06, 3.35485151481e-06, 3.53238760908e-06, 3.37848450727e-06, 3.86228748539e-06, 3.0231637993e-06, 2.65860740001e-06, 3.31340788762e-06, 2.70135114988e-06, 2.43731551564e-06, 1.99168653126e-06, 1.43588772517e-06, 1.22049482343e-06, 1.1262083035e-06, 1.18748641853e-06, 8.6543946054e-07, 6.41028350401e-07, 4.68895308359e-07],
        "dmean2": [0.00745593290776, 0.0071594780311, 0.00265432847664, 0.00117632630281, 0.00133961054962, 0.000378992815968, 7.93877188698e-05, 7.69365360611e-05, 4.31766093243e-05, 2.24050727411e-05, 1.15982502393e-05, 1.52652119141e-05, 1.3579865481e-05, 9.46448017203e-06, 9.37761797104e-06, 5.35275330549e-06, 7.75726221036e-06, 7.52769619794e-06, 8.09695211501e-06, 7.89523983258e-06, 5.67973984289e-06, 6.9760808401e-06, 7.86185137258e-06, 5.94580069446e-06, 6.25741904514e-06, 6.1512373577e-06, 7.25936615709e-06, 5.45586908629e-06, 4.67288782602e-06, 5.71562122786e-06, 4.7688313316e-06, 4.22011589762e-06, 3.48852950083e-06, 2.43063209382e-06, 1.99523719857e-06, 1.8755858946e-06, 2.04370076062e-06, 1.43384181683e-06, 1.03760862658e-06, 7.67300264215e-07],
        "dvar": [6.89443404553e-05, 8.23615846457e-05, 1.4650519006e-05, 2.27603959502e-06, 2.48936817115e-06, 2.77976710095e-07, 2.2399113675e-08, 2.39831017268e-08, 3.16857473592e-09, 1.05280129059e-09, 1.99143174173e-10, 5.80014702933e-10, 2.61738852814e-10, 1.40502817714e-10, 2.53883525314e-10, 8.00806088108e-11, 1.80038664532e-10, 1.43869305358e-10, 2.12378531428e-10, 1.86054005535e-10, 7.91521154175e-11, 1.55155277515e-10, 2.07519945672e-10, 9.55370574318e-11, 1.02474161101e-10, 8.08120168005e-11, 1.20268559001e-10, 7.76581923767e-11, 4.60212874753e-11, 1.07020774187e-10, 4.3140907513e-11, 5.48309592174e-11, 3.05143514623e-11, 1.54960592968e-11, 1.17869750418e-11, 1.24214423469e-11, 1.42830886007e-11, 6.40081607509e-12, 3.2717040882e-12, 1.70231493832e-12],
        "dvar2": [0.000198402412934, 0.000181326744496, 3.21695988532e-05, 5.48844172954e-06, 5.94481889493e-06, 7.23895141164e-07, 6.4103232944e-08, 4.76221053702e-08, 7.86653764351e-09, 2.23897411722e-09, 5.20771203938e-10, 1.16953469131e-09, 7.07851721682e-10, 3.941638127e-10, 7.33435423506e-10, 2.30160862591e-10, 5.20834653184e-10, 4.1093459191e-10, 6.00622551694e-10, 5.31468924425e-10, 2.24869359244e-10, 4.31068680751e-10, 5.82778825198e-10, 2.59941179692e-10, 2.78079170801e-10, 2.27501392724e-10, 3.49246048748e-10, 2.22333637612e-10, 1.29287941464e-10, 2.93770091586e-10, 1.14039930277e-10, 1.47792791894e-10, 8.45148395712e-11, 4.22288766455e-11, 3.09282426059e-11, 3.36900403408e-11, 3.84254711383e-11, 1.72121154135e-11, 9.01706920936e-12, 4.50708611058e-12],
        "max": [0.0781757086515, 0.0916092768312, 0.0433125458658, 0.0144267361611, 0.0224988479167, 0.00777766993269, 0.00205709505826, 0.00211507058702, 0.000794262508862, 0.000789084821008, 0.000203062139917, 0.000528995180503, 0.000234159379033, 0.000122738361824, 0.000176710527739, 0.000125733655295, 0.000149703628267, 9.84838407021e-05, 0.000116144707135, 0.000110664353997, 7.49263854232e-05, 0.000119936208648, 0.000141213778988, 7.18977462384e-05, 9.12529358175e-05, 8.01991482149e-05, 8.82224412635e-05, 8.28023112263e-05, 4.99559246236e-05, 0.000108521948277, 5.34696300747e-05, 8.09153207229e-05, 4.89730955451e-05, 4.13730995206e-05, 3.59070327249e-05, 3.57169446943e-05, 3.89728375012e-05, 2.5681560146e-05, 1.73123717104e-05, 1.41879463627e-05],
        "mean": [0.00795457232744, 0.00649754889309, 0.00177560490556, 0.00080851407256, 0.00137523410376, 0.000400443153922, 6.84501719661e-05, 8.59282226884e-05, 4.49422259408e-05, 2.30672449106e-05, 1.11507997644e-05, 3.32119889208e-05, 1.6846044673e-05, 9.55845371209e-06, 6.13310976405e-06, 3.28027476826e-06, 3.96476389142e-06, 3.35356935466e-06, 3.45951502823e-06, 3.10365157929e-06, 2.59326634477e-06, 3.04156219499e-06, 3.48414255313e-06, 3.14786825584e-06, 3.58033253178e-06, 3.34650212608e-06, 3.69227859665e-06, 3.76878028874e-06, 3.25594601236e-06, 3.60763124263e-06, 3.53647737938e-06, 3.09074516736e-06, 2.83777376353e-06, 2.27484906645e-06, 2.12074246519e-06, 1.6713451032e-06, 1.7321389123e-06, 1.30068701765e-06, 9.97665551949e-07, 7.72963289819e-07],
        "median": [0.00455666426569, 0.00239953538403, 0.000448819831945, 0.000191556609934, 0.000626194523647, 9.97276147245e-05, 8.09178527561e-06, 1.39489002322e-05, 1.25021788335e-05, 2.50670450441e-06, 1.86177987871e-06, 1.6338790374e-06, 1.33539856506e-06, 1.10968562694e-06, 7.99116435246e-07, 4.89027513595e-07, 4.66052455295e-07, 2.992117345e-07, 1.66765090626e-07, 2.26155194127e-07, 1.76913246719e-07, 1.87883202329e-07, 1.50553105982e-07, 5.748273324e-08, 4.96304082276e-08, 3.17881152512e-08, 2.40236470717e-08, 1.16676588391e-08, 1.00026049665e-08, 7.05065827944e-09, 4.43353087576e-09, 5.9149516396e-09, 2.90286705784e-09, 1.12343800929e-09, 2.51626297576e-09, 6.71429800647e-10, 5.61119817277e-10, 3.44486272841e-10, 3.22161047839e-10, 1.50510839902e-10],
        "min": [3.66180041974e-24, 8.18999967194e-24, 7.19021944877e-24, 6.18821937101e-24, 1.08914909183e-23, 7.69975022947e-24, 8.22855603754e-24, 6.32967396423e-24, 4.52285984716e-24, 7.96240777875e-24, 1.10125376799e-23, 8.22196589354e-24, 2.67917673797e-23, 1.05978043142e-23, 6.31379971623e-24, 7.20800274015e-24, 8.72110658726e-24, 1.07571960267e-23, 8.58109324292e-24, 8.16289598896e-24, 6.47770174094e-24, 8.53162535327e-24, 8.21621825298e-24, 1.16483816576e-23, 1.10005675046e-23, 1.36152801071e-23, 8.41973174476e-24, 8.38603239575e-24, 8.26711950289e-24, 6.56416720704e-24, 1.00905194205e-23, 1.2750932313e-23, 6.85241658738e-24, 1.04900277707e-23, 1.04441073886e-23, 9.49903309148e-24, 1.18125869994e-23, 9.71335555537e-24, 1.05367314918e-23, 6.84589665199e-24],
        "var": [0.000122321245726, 0.000122250261484, 1.6290729036e-05, 2.27693658417e-06, 3.80905021302e-06, 5.3163995517e-07, 2.1006783868e-08, 4.95839991288e-08, 5.623256083e-09, 2.41068898177e-09, 3.77581604871e-10, 4.30238289439e-09, 7.79501796444e-10, 2.61940358293e-10, 1.84242260337e-10, 5.57853069294e-11, 1.10922160346e-10, 8.76159561569e-11, 1.30932570341e-10, 1.08964774703e-10, 5.10244450858e-11, 1.02314420825e-10, 1.30160035527e-10, 7.66768593063e-11, 9.01162824918e-11, 7.09525355136e-11, 9.71375341274e-11, 8.82639308863e-11, 6.48555653626e-11, 1.01051111923e-10, 7.57393869844e-11, 6.96066329575e-11, 5.43923101004e-11, 3.35857661127e-11, 2.80962440813e-11, 1.8887188688e-11, 2.18969131022e-11, 1.09879397248e-11, 6.38629123542e-12, 3.56478193318e-12]
    },
    "mfcc": {
        "mean": [-828.155761719, 162.039398193, 56.1590232849, 39.2691650391, 15.8697538376, 10.8951396942, 2.62034988403, 2.86214089394, -2.89870214462, -3.06807208061, -2.97209572792, -0.890519380569, -0.655637860298],
        "cov": [[25199.8613281, -1073.40588379, -2865.40771484, 550.446166992, -124.092208862, 915.217651367, 830.375671387, 1026.4954834, 467.452453613, 494.81942749, 276.236938477, 345.052520752, 474.061035156], [-1073.40588379, 6984.50878906, 342.252624512, -49.0794181824, 398.623809814, 208.527786255, 344.091461182, 358.63494873, 123.392471313, -54.9559135437, 5.91644716263, 42.5837745667, 132.692123413], [-2865.40771484, 342.252624512, 1708.50976562, 494.225341797, 310.689971924, 80.6689453125, 50.4784355164, -84.4150314331, 29.2288722992, 24.9623794556, 16.3444423676, -28.5003032684, -112.206962585], [550.446166992, -49.0794181824, 494.225341797, 585.990356445, 229.789123535, 195.431518555, 172.56149292, 111.948638916, 119.992080688, 84.0680618286, 52.2724571228, 25.5734901428, -13.2996320724], [-124.092208862, 398.623809814, 310.689971924, 229.789123535, 392.037567139, 169.37512207, 174.567520142, 156.954177856, 113.907318115, 43.3418006897, 49.1139373779, 41.2929992676, 14.0933380127], [915.217651367, 208.527786255, 80.6689453125, 195.431518555, 169.37512207, 302.478607178, 255.105026245, 200.105697632, 139.712249756, 104.919143677, 49.2887496948, 38.1631889343, 45.9378242493], [830.375671387, 344.091461182, 50.4784355164, 172.56149292, 174.567520142, 255.105026245, 334.890014648, 237.571624756, 149.349609375, 111.449142456, 58.4450187683, 31.5727348328, 58.9344291687], [1026.4954834, 358.63494873, -84.4150314331, 111.948638916, 156.954177856, 200.105697632, 237.571624756, 282.992584229, 144.898742676, 77.8552322388, 56.8660202026, 43.4443778992, 61.687084198], [467.452453613, 123.392471313, 29.2288722992, 119.992080688, 113.907318115, 139.712249756, 149.349609375, 144.898742676, 163.662521362, 116.135772705, 75.1970291138, 65.07447052, 49.0012931824], [494.81942749, -54.9559135437, 24.9623794556, 84.0680618286, 43.3418006897, 104.919143677, 111.449142456, 77.8552322388, 116.135772705, 182.208145142, 130.466537476, 78.1258850098, 72.8468475342], [276.236938477, 5.91644716263, 16.3444423676, 52.2724571228, 49.1139373779, 49.2887496948, 58.4450187683, 56.8660202026, 75.1970291138, 130.466537476, 161.67515564, 103.209068298, 73.6473693848], [345.052520752, 42.5837745667, -28.5003032684, 25.5734901428, 41.2929992676, 38.1631889343, 31.5727348328, 43.4443778992, 65.07447052, 78.1258850098, 103.209068298, 140.118759155, 58.7254981995], [474.061035156, 132.692123413, -112.206962585, -13.2996320724, 14.0933380127, 45.9378242493, 58.9344291687, 61.687084198, 49.0012931824, 72.8468475342, 73.6473693848, 58.7254981995, 109.019317627]],
