{
"lowlevel": {
    "average_loudness": 0.911185264587,
    "barkbands_crest": {
        "dmean": 2.62475514412,
        "dmean2": 4.22478055954,
        "dvar": 6.22603654861,
        "dvar2": 16.1460266113,
        "max": 26.2186126709,
        "mean": 11.4600610733,
        "median": 10.5795249939,
        "min": 2.18909311295,
        "var": 21.427947998
    },
    "barkbands_flatness_db": {
        "dmean": 0.0229523405433,
        "dmean2": 0.03493309021,
        "dvar": 0.000580450403504,
        "dvar2": 0.00128546834458,
        "max": 0.43163305521,
        "mean": 0.13254788518,
        "median": 0.117476865649,
        "min": 0.020323805511,
        "var": 0.00437577767298
    },
    "barkbands_kurtosis": {
        "dmean": 2.59869027138,
        "dmean2": 3.98759055138,
        "dvar": 30.8323917389,
        "dvar2": 69.1633453369,
        "max": 185.01373291,
        "mean": 5.28755712509,
        "median": 2.51726531982,
        "min": -1.94933390617,
        "var": 116.972412109
    },
    "barkbands_skewness": {
        "dmean": 0.452343583107,
        "dmean2": 0.700363337994,
        "dvar": 0.273087054491,
        "dvar2": 0.654466032982,
        "max": 11.6006746292,
        "mean": 1.66089403629,
        "median": 1.42366921902,
        "min": -3.60851716995,
        "var": 1.4631677866
    },
    "barkbands_spread": {
        "dmean": 5.83208274841,
        "dmean2": 8.88712215424,
        "dvar": 61.9691314697,
        "dvar2": 134.754898071,
        "max": 120.35975647,
        "mean": 22.3266677856,
        "median": 19.4915752411,
        "min": 0.649893581867,
        "var": 227.134628296
    },
    "dissonance": {
        "dmean": 0.0197923351079,
        "dmean2": 0.032709620893,
        "dvar": 0.000358943332685,
        "dvar2": 0.00093925773399,
        "max": 0.5,
        "mean": 0.456288814545,
        "median": 0.462900608778,
        "min": 0.198543578386,
        "var": 0.000936123426072
    },
    "dynamic_complexity": 2.95238471031,
    "erbbands_crest": {
        "dmean": 2.08955311775,
        "dmean2": 3.19528508186,
        "dvar": 3.93520641327,
        "dvar2": 8.81161117554,
        "max": 30.9648666382,
        "mean": 9.04242801666,
        "median": 8.16509056091,
        "min": 2.39653134346,
        "var": 15.9749488831
    },
    "erbbands_flatness_db": {
        "dmean": 0.0156534928828,
        "dmean2": 0.0225867610425,
        "dvar": 0.000295802397886,
        "dvar2": 0.000574474688619,
        "max": 0.475419670343,
        "mean": 0.14585351944,
        "median": 0.128555715084,
        "min": 0.0393225625157,
        "var": 0.00353056495078
    },
    "erbbands_kurtosis": {
        "dmean": 0.996764957905,
        "dmean2": 1.49576425552,
        "dvar": 1.79145801067,
        "dvar2": 4.05371856689,
        "max": 36.9037742615,
        "mean": 1.22445046902,
        "median": 0.564049959183,
        "min": -1.74212968349,
        "var": 6.57598352432
    },
    "erbbands_skewness": {
        "dmean": 0.299552768469,
        "dmean2": 0.44554567337,
        "dvar": 0.0874537974596,
        "dvar2": 0.189691841602,
        "max": 5.06693077087,
        "mean": 0.826478898525,
        "median": 0.812683105469,
        "min": -3.79510712624,
        "var": 0.428181141615
    },
    "erbbands_spread": {
        "dmean": 7.77309322357,
        "dmean2": 11.2502822876,
        "dvar": 87.1144714355,
        "dvar2": 164.943084717,
        "max": 132.145507812,
        "mean": 36.808139801,
        "median": 34.2693405151,
        "min": 1.65254747868,
        "var": 343.223205566
    },
    "hfc": {
        "dmean": 9.40606021881,
        "dmean2": 14.033613205,
        "dvar": 217.797561646,
        "dvar2": 485.326568604,
        "max": 227.516586304,
        "mean": 29.418970108,
        "median": 25.2351722717,
        "min": 1.11434026649e-16,
        "var": 597.34362793
    },
    "melbands_crest": {
        "dmean": 3.85059809685,
        "dmean2": 6.14628648758,
        "dvar": 13.7812633514,
        "dvar2": 35.3285446167,
        "max": 38.5334587097,
        "mean": 17.0848007202,
        "median": 15.6193094254,
        "min": 1.00108456612,
        "var": 49.6578483582
    },
    "melbands_flatness_db": {
        "dmean": 0.0282347593457,
        "dmean2": 0.043493103236,
        "dvar": 0.000844812544528,
        "dvar2": 0.00198970129713,
        "max": 0.557185947895,
        "mean": 0.207103461027,
        "median": 0.195787280798,
        "min": 3.02003009267e-08,
        "var": 0.00536551419646
    },
    "melbands_kurtosis": {
        "dmean": 5.58268070221,
        "dmean2": 8.54490947723,
        "dvar": 132.685394287,
        "dvar2": 301.205230713,
        "max": 378.007141113,
        "mean": 13.2407827377,
        "median": 7.58880996704,
        "min": -1.81094586849,
        "var": 504.764984131
    },
    "melbands_skewness": {
        "dmean": 0.629838705063,
        "dmean2": 0.957836687565,
        "dvar": 0.495363205671,
        "dvar2": 1.16720473766,
        "max": 16.5741577148,
        "mean": 2.47808814049,
        "median": 2.15216255188,
        "min": -2.46665549278,
        "var": 2.9451174736
    },
    "melbands_spread": {
        "dmean": 5.35632562637,
        "dmean2": 8.55096530914,
        "dvar": 55.3446922302,
        "dvar2": 138.068511963,
        "max": 204.503585815,
        "mean": 20.2401790619,
        "median": 18.3276119232,
        "min": 0.505681574345,
        "var": 189.415008545
    },
    "pitch_salience": {
        "dmean": 0.0693967789412,
        "dmean2": 0.111820809543,
        "dvar": 0.00433896435425,
        "dvar2": 0.0111057376489,
        "max": 0.997731626034,
        "mean": 0.483215332031,
        "median": 0.50309830904,
        "min": 0.0649059191346,
        "var": 0.0161558836699
    },
    "silence_rate_20dB": {
        "dmean": 0,
        "dmean2": 0,
        "dvar": 0,
        "dvar2": 0,
        "max": 1,
        "mean": 1,
        "median": 1,
        "min": 1,
        "var": 0
    },
    "silence_rate_30dB": {
        "dmean": 0.00131371524185,
        "dmean2": 0.00262754550204,
        "dvar": 0.00131215015426,
        "dvar2": 0.00358469923958,
        "max": 1,
        "mean": 0.999168038368,
        "median": 1,
        "min": 0,
        "var": 0.000831064302474
    },
    "silence_rate_60dB": {
        "dmean": 0.0150639340281,
        "dmean2": 0.0301291868091,
        "dvar": 0.0148328337818,
        "dvar2": 0.0330824814737,
        "max": 1,
        "mean": 0.0785567313433,
        "median": 0,
        "min": 0,
        "var": 0.0724332779646
    },
    "spectral_centroid": {
        "dmean": 216.303649902,
        "dmean2": 330.052825928,
        "dvar": 78534.4609375,
        "dvar2": 173016.734375,
        "max": 11964.1347656,
        "mean": 1279.71533203,
        "median": 1138.0690918,
        "min": 158.100418091,
        "var": 644312.75
    },
    "spectral_complexity": {
        "dmean": 3.59414958954,
        "dmean2": 5.75861597061,
        "dvar": 16.8494338989,
        "dvar2": 41.5847740173,
        "max": 57,
        "mean": 21.3663349152,
        "median": 22,
        "min": 0,
        "var": 100.098403931
    },
    "spectral_decrease": {
        "dmean": 2.52398923983e-09,
        "dmean2": 4.09247302713e-09,
        "dvar": 6.69198876287e-18,
        "dvar2": 1.82355407109e-17,
        "max": 1.97404858182e-28,
        "mean": -1.09310533958e-08,
        "median": -1.16530065597e-08,
        "min": -3.31762421979e-08,
        "var": 3.13104372376e-17
    },
    "spectral_energy": {
        "dmean": 0.00987802539021,
        "dmean2": 0.0159755833447,
        "dvar": 0.000100181176094,
        "dvar2": 0.000270302552963,
        "max": 0.12583231926,
        "mean": 0.043924625963,
        "median": 0.0470338948071,
        "min": 1.01072463956e-20,
        "var": 0.000485768541694
    },
    "spectral_energyband_high": {
        "dmean": 0.000908079673536,
        "dmean2": 0.00135829299688,
        "dvar": 2.82354812953e-06,
        "dvar2": 6.06827234151e-06,
        "max": 0.0284711811692,
        "mean": 0.00169806065969,
        "median": 0.000745961791836,
        "min": 7.23363952681e-21,
        "var": 5.8200866988e-06
    },
    "spectral_energyband_low": {
        "dmean": 0.00851826835424,
        "dmean2": 0.0139692537487,
        "dvar": 9.16482968023e-05,
        "dvar2": 0.000259036198258,
        "max": 0.122778750956,
        "mean": 0.0208736471832,
        "median": 0.0185056328773,
        "min": 1.27365845108e-23,
        "var": 0.000286974711344
    },
    "spectral_energyband_middle_high": {
        "dmean": 0.00178872863762,
        "dmean2": 0.00261341943406,
        "dvar": 5.27658994542e-06,
        "dvar2": 1.16004239317e-05,
        "max": 0.0526256524026,
        "mean": 0.00631108041853,
        "median": 0.00559928268194,
        "min": 1.10576559168e-21,
        "var": 2.25160802074e-05
    },
    "spectral_energyband_middle_low": {
        "dmean": 0.00471207359806,
        "dmean2": 0.00728428550065,
        "dvar": 4.1423143557e-05,
        "dvar2": 9.89554318949e-05,
        "max": 0.103037931025,
        "mean": 0.0157364569604,
        "median": 0.0127720199525,
        "min": 1.76980729516e-22,
        "var": 0.000165068253409
    },
    "spectral_entropy": {
        "dmean": 0.170270845294,
        "dmean2": 0.249296709895,
        "dvar": 0.0443603694439,
        "dvar2": 0.0928298458457,
        "max": 9.82456684113,
        "mean": 7.60733556747,
        "median": 7.66792154312,
        "min": 4.67562246323,
        "var": 0.294628858566
    },
    "spectral_flux": {
        "dmean": 0.0255662761629,
        "dmean2": 0.0400479249656,
        "dvar": 0.000672909023706,
        "dvar2": 0.00150568515528,
        "max": 0.345182597637,
        "mean": 0.0892608165741,
        "median": 0.0878205820918,
        "min": 6.25396887055e-11,
        "var": 0.00224327459
    },
    "spectral_kurtosis": {
        "dmean": 1.56895756721,
        "dmean2": 2.529992342,
        "dvar": 5.70528936386,
        "dvar2": 14.956076622,
        "max": 45.7130470276,
        "mean": 4.20322608948,
        "median": 3.3579955101,
        "min": -1.24936485291,
        "var": 14.466837883
    },
    "spectral_rms": {
        "dmean": 0.000726734928321,
        "dmean2": 0.00116549129598,
        "dvar": 5.18164711139e-07,
        "dvar2": 1.38415396123e-06,
        "max": 0.0110798571259,
        "mean": 0.00618637772277,
        "median": 0.0067739742808,
        "min": 3.1401797395e-12,
        "var": 4.58226668343e-06
    },
    "spectral_rolloff": {
        "dmean": 451.740814209,
        "dmean2": 772.022949219,
        "dvar": 956552.25,
        "dvar2": 2250403.25,
        "max": 19487.5488281,
        "mean": 1233.78503418,
        "median": 882.861328125,
        "min": 43.06640625,
        "var": 2884231.75
    },
    "spectral_skewness": {
        "dmean": 0.232816845179,
        "dmean2": 0.357312321663,
        "dvar": 0.0741480216384,
        "dvar2": 0.160122171044,
        "max": 5.12004137039,
        "mean": 1.59169602394,
        "median": 1.55234909058,
        "min": -0.275196582079,
        "var": 0.285392552614
    },
    "spectral_spread": {
        "dmean": 592619,
        "dmean2": 838952.125,
        "dvar": 633261719552,
        "dvar2": 1.07621960909e+12,
        "max": 42907144,
        "mean": 5371921.5,
        "median": 5103304,
        "min": 1357608.625,
        "var": 7.96242162483e+12
    },
    "spectral_strongpeak": {
        "dmean": 0.451914012432,
        "dmean2": 0.794339239597,
        "dvar": 0.566916584969,
        "dvar2": 1.42707884312,
        "max": 10.5923337936,
        "mean": 0.812118411064,
        "median": 0.405294686556,
        "min": 0,
        "var": 0.886408627033
    },
    "zerocrossingrate": {
        "dmean": 0.0112007688731,
        "dmean2": 0.0131437145174,
        "dvar": 0.000164383076481,
        "dvar2": 0.000211079139262,
        "max": 0.5244140625,
        "mean": 0.0589902848005,
        "median": 0.05078125,
        "min": 0.00146484375,
        "var": 0.00187539705075
    },
    "barkbands": {
        "dmean": [0.00136059965007, 0.00746348174289, 0.00149696483277, 0.000989585765637, 0.0012718931539, 0.0013686256716, 0.00199406570755, 0.0005647270591, 0.00106551707722, 0.00088794529438, 0.000748811347876, 0.000404499092838, 0.000256085215369, 0.000230829988141, 0.000247194693657, 0.000118192670925, 0.000116679038911, 0.000133946959977, 0.000118953197671, 0.000133207067847, 0.000164130033227, 0.000194435240701, 0.000219801469939, 0.000185505588888, 0.000136147413286, 6.49825306027e-05, 1.930576218e-05],
        "dmean2": [0.00203982903622, 0.0121543100104, 0.00254061375745, 0.00174182583578, 0.00224561616778, 0.00208378327079, 0.00307140406221, 0.000853124423884, 0.00152067432646, 0.00128466647584, 0.00104404182639, 0.000603011751082, 0.000402889592806, 0.000364102801541, 0.000390021392377, 0.000194509411813, 0.000191118000657, 0.00021871914214, 0.000193824482267, 0.000220319081564, 0.000257446867181, 0.000308900052914, 0.000335664313752, 0.00028103069053, 0.000207548218896, 9.99640105874e-05, 3.05939029204e-05],
        "dvar": [5.69712574361e-06, 7.24810233805e-05, 1.00762472357e-05, 7.26466441847e-06, 1.15111733976e-05, 6.63707351123e-06, 1.28089404825e-05, 1.23527161122e-06, 2.80220046989e-06, 2.51950450547e-06, 1.26005852508e-06, 4.12656561366e-07, 1.95772045686e-07, 2.62573905729e-07, 3.09191108272e-07, 4.37695355515e-08, 3.76385003165e-08, 6.373198147e-08, 6.09229715565e-08, 5.25147854091e-08, 7.69949579649e-08, 1.24716322603e-07, 2.29602605373e-07, 1.46600029893e-07, 1.40766061918e-07, 2.15624087474e-08, 2.20500284698e-09],
        "dvar2": [1.07218802441e-05, 0.000208057797863, 2.65969865723e-05, 2.02874289243e-05, 3.24197644659e-05, 1.39440626299e-05, 2.85629394057e-05, 2.6814782359e-06, 5.96247218709e-06, 5.27456313648e-06, 2.48453625318e-06, 9.11717791041e-07, 4.51540046242e-07, 5.96210838921e-07, 7.19056004073e-07, 1.07888283196e-07, 9.77838041649e-08, 1.59152676815e-07, 1.56945048957e-07, 1.34223085979e-07, 1.79669342515e-07, 2.92707682092e-07, 5.09854373831e-07, 3.25252955236e-07, 2.96619589335e-07, 4.64825973268e-08, 5.14481213187e-09],
        "max": [0.0524670481682, 0.103039897978, 0.075438439846, 0.0570968985558, 0.0515308789909, 0.0582264065742, 0.100794300437, 0.0487476214767, 0.0465638637543, 0.0519145056605, 0.0348586291075, 0.0177944079041, 0.0120389889926, 0.0204581171274, 0.0199720337987, 0.0075235911645, 0.0055657075718, 0.0124961612746, 0.00787872821093, 0.011461507529, 0.00768134975806, 0.00598894851282, 0.0134553685784, 0.00923988316208, 0.0106830876321, 0.00572308665141, 0.00135435140692],
        "mean": [0.00253778183833, 0.0162427369505, 0.00175148341805, 0.000977668561973, 0.00141757132951, 0.00343963457271, 0.00541240954772, 0.00120417040307, 0.00253631756641, 0.0018993509002, 0.00159307534341, 0.000792946666479, 0.000502105103806, 0.000410181062762, 0.000451242434792, 0.00021382884006, 0.000223185445066, 0.000269088515779, 0.000231895101024, 0.000254800834227, 0.000272010598565, 0.000308227259666, 0.000357187353075, 0.000300221086945, 0.000215072825085, 8.87532369234e-05, 2.17017495743e-05],
        "median": [0.000920522608794, 0.0134285818785, 0.000872809789144, 0.000300607207464, 0.000537283427548, 0.00153553287964, 0.00200518942438, 0.000647502660286, 0.00155538425315, 0.00108251092024, 0.000947818276472, 0.000496461289003, 0.000280619889963, 0.000206145516131, 0.000234916704358, 0.000139954936458, 0.000142539982335, 0.000179675946129, 0.000147171856952, 0.000161779680639, 0.000135131092975, 0.000122864366858, 0.000116155766591, 0.000101085403003, 6.48600398563e-05, 2.51275905612e-05, 2.73816544905e-06],
        "min": [3.16757580857e-25, 1.53015182153e-24, 4.6805957406e-25, 4.50503228095e-25, 6.76110514873e-24, 8.73336233029e-24, 4.53539090264e-24, 1.72698439113e-23, 1.28810730631e-23, 1.40767653143e-23, 1.37013937412e-23, 2.59483677869e-23, 2.77158453549e-23, 3.52720441989e-23, 3.16516207169e-23, 4.30813979737e-23, 6.98525476847e-23, 9.03871776492e-23, 1.43557892031e-22, 1.74460527183e-22, 2.63926933762e-22, 2.7145410568e-22, 3.98661725801e-22, 5.86328125326e-22, 8.30128099818e-22, 1.34685269245e-21, 2.03144087774e-21],
        "var": [1.90916016436e-05, 0.000213141087443, 8.9183304226e-06, 5.09508481628e-06, 8.72929467732e-06, 2.57887113548e-05, 6.85697086737e-05, 3.48784760718e-06, 9.10196558834e-06, 6.83697817294e-06, 3.8057664824e-06, 9.10486676275e-07, 5.41008262189e-07, 6.42613599666e-07, 6.70190956953e-07, 8.00032253778e-08, 7.41017061046e-08, 1.29114212655e-07, 1.0729485922e-07, 9.79907781584e-08, 1.30163613221e-07, 1.96679408759e-07, 3.86073025993e-07, 2.96331819527e-07, 3.00767766248e-07, 3.83102758406e-08, 2.89704593648e-09]
    },
    "erbbands": {
        "dmean": [0.354736834764, 1.25300431252, 1.66368842125, 2.52318835258, 4.18184947968, 4.02674913406, 6.42114305496, 11.8719062805, 28.7737636566, 18.1493377686, 20.2534236908, 21.2485733032, 27.2091808319, 30.6884250641, 14.2806825638, 15.9907426834, 12.677318573, 11.1990823746, 10.0955114365, 10.0374193192, 5.63873624802, 6.3420624733, 7.21656990051, 7.09131288528, 5.68930339813, 5.63753557205, 6.1451587677, 6.8395280838, 7.43181085587, 7.72231149673, 5.65445995331, 4.72497606277, 2.66568231583, 1.78406727314, 0.902538955212, 0.337848514318, 0.108714058995, 0.0327759794891, 0.00316694704816, 5.38814201718e-05],
        "dmean2": [0.565684556961, 2.06633806229, 2.78251671791, 4.2883014679, 7.37536859512, 7.14100265503, 9.49562931061, 18.5335025787, 46.7047958374, 25.9781742096, 28.4396438599, 30.9984512329, 39.1144676208, 43.0788841248, 21.2739925385, 23.999048233, 19.4080638885, 17.6282405853, 15.8431310654, 16.0575256348, 9.27371788025, 10.2725028992, 11.6893005371, 11.6730051041, 9.25159072876, 9.29407596588, 9.91294384003, 10.6569757462, 11.7454891205, 11.9517803192, 8.63344287872, 7.26192808151, 4.06930112839, 2.74690294266, 1.38258314133, 0.520073771477, 0.169706463814, 0.0514669939876, 0.00501280883327, 8.32372388686e-05],
        "dvar": [0.199993267655, 2.35736608505, 9.68594741821, 37.306968689, 130.30809021, 115.727752686, 186.797180176, 601.671020508, 2801.18310547, 1453.30297852, 1055.27697754, 1406.01135254, 2632.78344727, 2087.01342773, 643.632019043, 634.726928711, 389.460144043, 566.212768555, 558.756713867, 434.13067627, 78.0391464233, 114.474357605, 176.507293701, 207.673934937, 113.868354797, 110.766052246, 106.883682251, 141.905517578, 186.707458496, 247.430038452, 162.777252197, 104.814888, 32.7167778015, 22.3452014923, 6.98338413239, 0.703404963017, 0.0627671405673, 0.0066988109611, 5.67644856346e-05, 1.22715420048e-08],
        "dvar2": [0.551649034023, 6.64145708084, 25.0192909241, 98.9273834229, 358.790222168, 328.780029297, 370.756591797, 1297.0291748, 7067.09814453, 2789.92431641, 2173.21484375, 3010.35644531, 5578.17822266, 4132.47558594, 1464.74365234, 1411.28649902, 882.136047363, 1295.69628906, 1298.45617676, 1000.15026855, 198.312988281, 287.147918701, 430.435394287, 536.956970215, 283.460601807, 280.596130371, 266.361206055, 322.199707031, 428.32244873, 579.576721191, 368.233184814, 238.845153809, 73.1410675049, 49.8683319092, 14.6770420074, 1.46284866333, 0.145883366466, 0.0156329181045, 0.000131581517053, 2.79881202658e-08],
        "max": [5.68895196915, 24.7440509796, 71.8054885864, 132.257034302, 223.72718811, 158.295562744, 448.299102783, 600.843444824, 960.846191406, 1255.34655762, 896.417541504, 1329.94604492, 1699.35388184, 1324.14794922, 762.105529785, 644.013305664, 624.678833008, 1025.88781738, 832.000854492, 682.826416016, 225.659667969, 314.637512207, 717.784790039, 481.858612061, 540.66217041, 588.293823242, 307.451629639, 334.544128418, 188.476745605, 337.588226318, 359.465698242, 302.815643311, 141.925430298, 146.296157837, 98.0676879883, 34.4985351562, 8.01245212555, 2.5662791729, 0.196508839726, 0.00278357346542],
        "mean": [0.726675570011, 2.58983683586, 2.5050971508, 2.8882958889, 4.0311756134, 4.850086689, 15.4040336609, 28.7867355347, 68.1307830811, 54.35105896, 46.5625419617, 50.7260093689, 59.5209236145, 68.405090332, 31.4275493622, 32.8151054382, 28.0993995667, 21.9881763458, 20.8885478973, 19.6925964355, 11.9351396561, 12.9767808914, 14.7105083466, 14.0746202469, 11.3634929657, 10.6380462646, 10.7164077759, 11.2540807724, 11.2772169113, 11.6229448318, 9.57455062866, 7.21658658981, 4.39319944382, 2.72473931313, 1.37836265564, 0.480649113655, 0.142178595066, 0.0399957336485, 0.00354974833317, 0.00010826671496],
        "median": [0.51689440012, 1.97262716293, 1.60055339336, 1.22065198421, 1.2617149353, 1.99827313423, 6.34283781052, 12.6839485168, 28.4414806366, 19.2155971527, 28.602399826, 30.6704807281, 33.6931991577, 43.2251091003, 20.6277809143, 21.269536972, 18.4136009216, 13.1137466431, 11.9396677017, 12.3451623917, 8.8118391037, 8.51207256317, 9.70745849609, 9.2449760437, 7.63916635513, 6.44157600403, 6.0544629097, 5.221804142, 4.37167024612, 4.02786493301, 3.27307367325, 2.2652182579, 1.48032867908, 0.834064245224, 0.3968950212, 0.136363044381, 0.0400455482304, 0.00890398863703, 0.000476285757031, 7.5003998063e-05],
        "min": [6.96350808213e-23, 5.39852025374e-22, 1.67919189059e-21, 6.24286698446e-21, 1.83192539867e-20, 2.19306405306e-20, 4.21203308281e-20, 6.82665826438e-20, 1.26938865384e-19, 1.68800253137e-19, 3.78776833384e-19, 2.59692784624e-19, 4.56419185154e-19, 5.65570578365e-19, 7.69644875975e-19, 1.45754693664e-18, 1.2570791982e-18, 1.87246786633e-18, 2.56983385547e-18, 2.70576258438e-18, 3.08564610787e-18, 4.05721709341e-18, 5.58573767756e-18, 6.57773733589e-18, 7.17423919589e-18, 8.01741830867e-18, 1.01601072628e-17, 1.11094880944e-17, 9.22652227211e-18, 1.05060201329e-17, 1.04315780136e-17, 1.1458196835e-17, 9.53121094202e-18, 7.9059143621e-18, 5.69774413636e-18, 3.64063363408e-18, 2.50495704605e-18, 1.01839861059e-18, 2.4408838426e-19, 2.6466596895e-20],
        "var": [0.588726043701, 6.44984149933, 10.7787790298, 30.5894241333, 91.2820129395, 94.6427612305, 743.030273438, 2151.43725586, 9481.296875, 9337.2890625, 3100.29833984, 4399.42333984, 7016.16796875, 6172.08203125, 1479.79748535, 1466.77050781, 1177.49475098, 1373.69384766, 1250.59020996, 919.93548584, 165.981079102, 247.425521851, 377.2706604, 383.84753418, 214.819244385, 196.964599609, 176.607467651, 242.566268921, 281.99307251, 348.946533203, 290.651123047, 181.394332886, 68.6187896729, 42.7896347046, 14.8763971329, 1.43539142609, 0.0916472747922, 0.00887436792254, 7.29152670829e-05, 1.85171504796e-08]
    },
    "gfcc": {
        "mean": [21.922296524, 83.1083908081, -108.630828857, 18.7136917114, -66.1857528687, 21.3986740112, -21.7241287231, 18.9626159668, -12.0523862839, 10.3207244873, -8.00912952423, 8.10067462921, -7.83761072159],
        "cov": [[14439.2939453, -1343.15917969, 1286.24609375, 929.198608398, -155.634277344, 647.687316895, -717.392456055, 483.923553467, -40.2085342407, 644.95123291, 8.5973815918, 400.01965332, -160.812835693], [-1343.15917969, 1108.2857666, -374.651245117, -146.61000061, 138.939819336, -140.532165527, 194.813339233, -64.8108596802, 82.9123153687, -86.3463897705, 88.026260376, -69.8052749634, 86.8229904175], [1286.24609375, -374.651245117, 901.534973145, 262.647644043, 175.630065918, 193.421325684, -100.929046631, 114.057006836, 21.337141037, 131.491165161, -13.2447919846, 85.525718689, -15.5242185593], [929.198608398, -146.61000061, 262.647644043, 343.026062012, 73.1829528809, 127.14591217, -5.72863483429, 65.2693252563, 23.4527778625, 44.7596206665, 11.830991745, 38.0647277832, 16.6129894257], [-155.634277344, 138.939819336, 175.630065918, 73.1829528809, 250.092529297, 56.4090156555, 74.5936050415, 37.5786437988, 50.9760246277, 32.3138809204, 40.0410614014, 10.724146843, 32.1211090088], [647.687316895, -140.532165527, 193.421325684, 127.14591217, 56.4090156555, 201.109237671, 2.01964068413, 64.2600250244, 26.6456508636, 49.7479705811, 18.9008712769, 19.9986877441, -0.939147174358], [-717.392456055, 194.813339233, -100.929046631, -5.72863483429, 74.5936050415, 2.01964068413, 212.09375, 3.22410130501, 53.7294006348, -41.1257896423, 11.4076280594, -24.145242691, 27.3455047607], [483.923553467, -64.8108596802, 114.057006836, 65.2693252563, 37.5786437988, 64.2600250244, 3.22410130501, 153.556243896, 56.0298309326, 78.0169906616, 41.1550178528, 26.453912735, 14.4448566437], [-40.2085342407, 82.9123153687, 21.337141037, 23.4527778625, 50.9760246277, 26.6456508636, 53.7294006348, 56.0298309326, 128.660003662, 51.6227073669, 51.5969734192, 7.87924766541, 18.7201080322], [644.95123291, -86.3463897705, 131.491165161, 44.7596206665, 32.3138809204, 49.7479705811, -41.1257896423, 78.0169906616, 51.6227073669, 144.014190674, 59.3055915833, 38.2848434448, 3.32480216026], [8.5973815918, 88.026260376, -13.2447919846, 11.830991745, 40.0410614014, 18.9008712769, 11.4076280594, 41.1550178528, 51.5969734192, 59.3055915833, 127.931442261, 35.4826698303, 35.6597290039], [400.01965332, -69.8052749634, 85.525718689, 38.0647277832, 10.724146843, 19.9986877441, -24.145242691, 26.453912735, 7.87924766541, 38.2848434448, 35.4826698303, 95.1603622437, 24.0336856842], [-160.812835693, 86.8229904175, -15.5242185593, 16.6129894257, 32.1211090088, -0.939147174358, 27.3455047607, 14.4448566437, 18.7201080322, 3.32480216026, 35.6597290039, 24.0336856842, 87.2953262329]],
        "icov": [[0.000148973151227, -8.7888467533e-05, 3.81454410672e-05, -0.000285578222247, 0.000161376272445, -0.000268501666142, 0.000306149857352, -0.0001854513539, 0.000152149397763, -0.000494816864375, 0.000317087280564, -0.000444365228759, 0.000274524121778], [-8.7888467533e-05, 0.00178285781294, 0.000367425876902, 0.000398154661525, -0.00121187511832, 0.000956009724177, -0.000586961803492, 0.000508046534378, -0.000819336739369, 0.00101795140654, -0.00127917190548, 0.00123909267131, -0.00107121339533], [3.81454410672e-05, 0.000367425876902, 0.00246727489866, -0.000835867947899, -0.00187518901657, -0.000843501882628, 0.00117072230205, -0.000358133518603, -0.000108740663563, -0.000957531097811, 0.00151038356125, -0.00127647735644, 0.00047035785974], [-0.000285578222247, 0.000398154661525, -0.000835867947899, 0.00497284391895, -0.000606098619755, -0.0012274737237, -0.000703565950971, -0.000120147095004, -0.000460786919575, 0.00146445422433, -0.000549681484699, 0.000449105718872, -0.00142307928763], [0.000161376272445, -0.00121187511832, -0.00187518901657, -0.000606098619755, 0.00736429169774, -0.000893997435924, -0.00202061934397, 4.74378612125e-05, 0.000212743427255, -0.00130522705149, -0.000674357928801, 9.17536817724e-05, -0.000555489445105], [-0.000268501666142, 0.000956009724177, -0.000843501882628, -0.0012274737237, -0.000893997435924, 0.00853830948472, -0.00144084671047, -0.000953714654315, -0.000402298843255, 0.000716762850061, -0.00180051918142, 0.00170284241904, -6.23786809228e-06], [0.000306149857352, -0.000586961803492, 0.00117072230205, -0.000703565950971, -0.00202061934397, -0.00144084671047, 0.00859144330025, -0.00110632798169, -0.00293606123887, 0.00203561014496, 0.00144499109592, -0.000539466214832, -0.000180020957487], [-0.0001854513539, 0.000508046534378, -0.000358133518603, -0.000120147095004, 4.74378612125e-05, -0.000953714654315, -0.00110632798169, 0.0108981495723, -0.00257934746332, -0.00326334685087, -0.000841419561766, 0.000632371171378, -0.00152520346455], [0.000152149397763, -0.000819336739369, -0.000108740663563, -0.000460786919575, 0.000212743427255, -0.000402298843255, -0.00293606123887, -0.00257934746332, 0.0131999403238, -0.00434285355732, -0.00184702489059, 0.000307959853671, 0.000431920052506], [-0.000494816864375, 0.00101795140654, -0.000957531097811, 0.00146445422433, -0.00130522705149, 0.000716762850061, 0.00203561014496, -0.00326334685087, -0.00434285355732, 0.0164678916335, -0.00587067566812, 0.000282874301774, 0.000641710241325], [0.000317087280564, -0.00127917190548, 0.00151038356125, -0.000549681484699, -0.000674357928801, -0.00180051918142, 0.00144499109592, -0.000841419561766, -0.00184702489059, -0.00587067566812, 0.0148714166135, -0.00488806981593, -0.00196452741511], [-0.000444365228759, 0.00123909267131, -0.00127647735644, 0.000449105718872, 9.17536817724e-05, 0.00170284241904, -0.000539466214832, 0.000632371171378, 0.000307959853671, 0.000282874301774, -0.00488806981593, 0.0165026523173, -0.00493803154677], [0.000274524121778, -0.00107121339533, 0.00047035785974, -0.00142307928763, -0.000555489445105, -6.23786809228e-06, -0.000180020957487, -0.00152520346455, 0.000431920052506, 0.000641710241325, -0.00196452741511, -0.00493803154677, 0.0159390214831]]
    },
    "melbands": {
        "dmean": [0.00253340601921, 0.000997194321826, 0.000446646241471, 0.000312508054776, 0.000193098778254, 0.00029627251206, 0.0004216475063, 0.000170349419932, 0.00020898503135, 0.000129852545797, 0.00014027763973, 0.000123722595163, 6.18330159341e-05, 3.09088645736e-05, 5.18051492691e-05, 2.9453109164e-05, 2.30994282902e-05, 1.62526739587e-05, 2.24208506552e-05, 1.04417476905e-05, 6.43719386062e-06, 7.66826815379e-06, 6.2223139139e-06, 6.32279034107e-06, 6.26737437415e-06, 4.41144857177e-06, 4.8975680329e-06, 3.91093226426e-06, 3.77745709557e-06, 4.5221131586e-06, 3.96423138227e-06, 4.68656617159e-06, 3.77369747184e-06, 4.70254281026e-06, 3.3409748994e-06, 3.33967159349e-06, 2.97798783322e-06, 1.97954750547e-06, 1.73934893155e-06, 1.52759412231e-06],
        "dmean2": [0.00406385259703, 0.00165860634297, 0.000739373266697, 0.000554663187359, 0.000292361655738, 0.000470278173452, 0.000668741005939, 0.000244891067268, 0.000290127587505, 0.000189731930732, 0.000201771952561, 0.000174620145117, 8.93322430784e-05, 4.74210792163e-05, 7.6956639532e-05, 4.614122372e-05, 3.67270004062e-05, 2.57689625869e-05, 3.52316455974e-05, 1.72033869603e-05, 1.06896050056e-05, 1.24380239868e-05, 1.01571731648e-05, 1.03922711787e-05, 1.03752145151e-05, 7.23743733033e-06, 8.235741916e-06, 6.40194093648e-06, 6.29018813925e-06, 7.00286273059e-06, 6.30335034657e-06, 7.46710156818e-06, 6.02387763138e-06, 7.3438027357e-06, 5.17406579092e-06, 5.26127496414e-06, 4.59861894342e-06, 3.09040296997e-06, 2.70017858384e-06, 2.39179917116e-06],
        "dvar": [8.90106730367e-06, 1.97166878024e-06, 1.11055248908e-06, 7.30467036192e-07, 1.50739168703e-07, 3.14586941386e-07, 5.62836248719e-07, 1.31527727376e-07, 1.12448503842e-07, 5.74454546154e-08, 6.95090704994e-08, 3.27879838835e-08, 8.86642759212e-09, 3.03175706762e-09, 7.57217311076e-09, 3.09581582592e-09, 2.82868595214e-09, 1.70536640365e-09, 2.47353870719e-09, 3.96281840676e-10, 1.00836887451e-10, 1.65360572457e-10, 1.46498785325e-10, 1.56404916796e-10, 1.66990379857e-10, 7.98825103288e-11, 7.93506232943e-11, 5.03508623684e-11, 4.15874487625e-11, 6.00907379411e-11, 5.07448701115e-11, 7.86297485456e-11, 4.83850910726e-11, 9.8858553288e-11, 5.5505676444e-11, 6.46096093293e-11, 4.07819542025e-11, 1.80428796903e-11, 1.7534397545e-11, 1.89204207857e-11],
        "dvar2": [2.47115931415e-05, 5.22095524502e-06, 2.82853670797e-06, 2.04667071557e-06, 3.18695782653e-07, 7.16656359145e-07, 1.35962898185e-06, 2.54051656157e-07, 2.28758338494e-07, 1.21872190562e-07, 1.46744781659e-07, 6.59878622855e-08, 1.92091658135e-08, 7.21716197916e-09, 1.61939262e-08, 7.18057702187e-09, 6.43269171263e-09, 3.99734734202e-09, 5.66952174097e-09, 9.39039068726e-10, 2.62719984656e-10, 4.16463946662e-10, 3.53560430932e-10, 4.00685290503e-10, 4.33956176549e-10, 2.04315939167e-10, 2.07032183064e-10, 1.2605914923e-10, 1.09193064313e-10, 1.36702774101e-10, 1.20481097321e-10, 1.7794828111e-10, 1.22290608195e-10, 2.2952575951e-10, 1.27506602499e-10, 1.57514667976e-10, 9.20945403271e-11, 4.17401495312e-11, 4.03386837822e-11, 4.3012881451e-11],
        "max": [0.0368673019111, 0.0291456300765, 0.0227231886238, 0.0132893249393, 0.0124139972031, 0.0130528146401, 0.0159591734409, 0.0120806712657, 0.00967136956751, 0.00890420842916, 0.00885083712637, 0.00491204671562, 0.002468025079, 0.00243892124854, 0.00271539087407, 0.00153887271881, 0.00234485091642, 0.00125797523651, 0.00160922214855, 0.000739346432965, 0.000231474376051, 0.000381578807719, 0.000716372567695, 0.000459263304947, 0.000454683380667, 0.000359480007319, 0.00036886963062, 0.000370282301446, 0.000242507943767, 0.000175557739567, 0.000200620037504, 0.000138467206853, 0.00016170355957, 0.000221975293243, 0.000182022238732, 0.000327774556354, 0.000188654274098, 0.000125900856801, 0.000109299253381, 0.000140301854117],
        "mean": [0.00545497843996, 0.0020187238697, 0.000526356161572, 0.000322811683873, 0.000446306541562, 0.000706502934918, 0.00108642270789, 0.00048894243082, 0.000453168089734, 0.000304219051031, 0.000293121935101, 0.000273471901892, 0.000134757414344, 6.41207952867e-05, 9.69647517195e-05, 5.39242719242e-05, 3.96985560656e-05, 3.02212374663e-05, 3.97787589463e-05, 1.80122115125e-05, 1.22547198771e-05, 1.4494552488e-05, 1.17902118291e-05, 1.22406490846e-05, 1.1491627447e-05, 8.18073203845e-06, 8.25039023766e-06, 6.93786705597e-06, 6.41816586722e-06, 7.14189627615e-06, 6.1184500737e-06, 6.78869082549e-06, 5.58321698918e-06, 6.73243448546e-06, 5.60429225516e-06, 4.78461970488e-06, 4.3398017624e-06, 3.13243617711e-06, 2.62097159975e-06, 2.18428499466e-06],
        "median": [0.00433173961937, 0.00156172458082, 0.00022426272335, 0.00011443522817, 0.000195526619791, 0.000320225430187, 0.000440867675934, 0.000150383304572, 0.000257691310253, 0.000178818503628, 0.000156657435582, 0.000171795254573, 8.65627152962e-05, 4.23091223638e-05, 5.81393323955e-05, 2.48183187068e-05, 2.04456300708e-05, 1.53247092385e-05, 1.9162082026e-05, 1.11984663818e-05, 8.37932475406e-06, 8.88012982614e-06, 7.57938641982e-06, 7.90409740148e-06, 7.14335010343e-06, 5.12493124916e-06, 5.13368922839e-06, 3.85135581382e-06, 3.68772498405e-06, 3.55838983523e-06, 2.59851526607e-06, 2.50761922871e-06, 2.0962634153e-06, 2.1269042918e-06, 1.93665937331e-06, 1.46788727307e-06, 1.28559690893e-06, 1.04936520984e-06, 8.08220988802e-07, 6.08679158631e-07],
        "min": [1.2191713156e-24, 7.94520834305e-25, 1.96215818424e-24, 1.48690587506e-24, 1.95030436585e-24, 1.3782925474e-24, 2.10404763704e-24, 1.4831955664e-24, 2.70316875911e-24, 1.63762800619e-24, 2.25744420386e-24, 1.9928143051e-24, 1.74198986661e-24, 3.16698682529e-24, 3.4119531827e-24, 2.90575040894e-24, 2.39511147587e-24, 3.41021098339e-24, 2.62639504087e-24, 3.35534570743e-24, 2.01659905304e-24, 3.49914124539e-24, 3.65425378189e-24, 3.94830720634e-24, 4.19130200313e-24, 4.59388138889e-24, 5.02715929678e-24, 4.3805666948e-24, 5.2626591261e-24, 5.30799496233e-24, 5.53336305662e-24, 4.96282295679e-24, 4.75486738926e-24, 5.26565837526e-24, 5.03382990459e-24, 5.50588742572e-24, 6.59990142275e-24, 6.50401577415e-24, 5.49049398844e-24, 6.44391127849e-24],
        "var": [2.69713200396e-05, 3.95198367187e-06, 9.75484681476e-07, 5.19440504831e-07, 5.53465554276e-07, 1.09325537778e-06, 2.36814389609e-06, 8.00775183052e-07, 3.28799927729e-07, 1.79494506369e-07, 1.84578496487e-07, 9.6323340415e-08, 2.41727420303e-08, 6.18391293727e-09, 1.60729811682e-08, 8.37046254532e-09, 6.44640429925e-09, 3.56330898121e-09, 5.67963143183e-09, 7.1086919684e-10, 1.97176594496e-10, 3.44566680743e-10, 2.7294766447e-10, 2.9633095977e-10, 2.9425148429e-10, 1.32189176272e-10, 1.27272026251e-10, 9.006309587e-11, 6.5969861518e-11, 9.41289268752e-11, 8.26691493039e-11, 1.12446135736e-10, 7.0428968213e-11, 1.33467209507e-10, 9.94391097242e-11, 9.20903422963e-11, 7.06517205851e-11, 3.69864139316e-11, 3.12441530981e-11, 3.4172959601e-11]
    },
    "mfcc": {
        "mean": [-621.972473145, 118.272125244, 10.2318677902, 7.62369251251, -10.7331600189, 3.72412204742, 2.71237254143, 11.0522317886, 5.20214653015, 8.10061073303, 4.70540475845, 5.56768417358, 5.57024812698],
        "cov": [[9005.77441406, -1186.56591797, 1228.93408203, 401.849975586, 757.895019531, 256.389709473, -97.4861526489, -127.726509094, -54.5885810852, 162.9112854, 228.468048096, 234.332275391, 102.470977783], [-1186.56591797, 1051.03186035, -311.283355713, 18.2295207977, -77.1879043579, -29.5113391876, 38.8790054321, 23.5584716797, 20.3052120209, 13.2982215881, 6.33274364471, 0.782202720642, 19.9986209869], [1228.93408203, -311.283355713, 562.457275391, 110.372207642, 222.930938721, 110.54234314, 8.96041202545, 21.7434005737, 20.06848526, 51.3405799866, 39.6316604614, 27.6810455322, 7.50911331177], [401.849975586, 18.2295207977, 110.372207642, 241.430526733, 88.2616958618, 63.934261322, 25.6656188965, 34.9100112915, 31.0273246765, 23.9971809387, 12.4673185349, 14.6044015884, 13.4535341263], [757.895019531, -77.1879043579, 222.930938721, 88.2616958618, 265.939361572, 72.8101043701, 35.3912506104, 8.53335094452, 14.6788730621, 52.4406433105, 41.787979126, 40.2244796753, 19.6122951508], [256.389709473, -29.5113391876, 110.54234314, 63.934261322, 72.8101043701, 157.92829895, 37.8151283264, 40.0536231995, 17.6369457245, 22.7889404297, 7.48662424088, -2.24851584435, 4.45872926712], [-97.4861526489, 38.8790054321, 8.96041202545, 25.6656188965, 35.3912506104, 37.8151283264, 122.543067932, 38.6986808777, 37.8322257996, 12.8166885376, 9.51149463654, 18.1491413116, 6.03127527237], [-127.726509094, 23.5584716797, 21.7434005737, 34.9100112915, 8.53335094452, 40.0536231995, 38.6986808777, 112.78263855, 40.7430992126, 11.6109695435, 0.227862745523, 5.78116703033, 8.82782840729], [-54.5885810852, 20.3052120209, 20.06848526, 31.0273246765, 14.6788730621, 17.6369457245, 37.8322257996, 40.7430992126, 102.652267456, 36.1222229004, 20.0788288116, 5.04851675034, 3.87810873985], [162.9112854, 13.2982215881, 51.3405799866, 23.9971809387, 52.4406433105, 22.7889404297, 12.8166885376, 11.6109695435, 36.1222229004, 107.661773682, 49.1243209839, 29.985918045, 14.833313942], [228.468048096, 6.33274364471, 39.6316604614, 12.4673185349, 41.787979126, 7.48662424088, 9.51149463654, 0.227862745523, 20.0788288116, 49.1243209839, 97.2758789062, 45.8798141479, 28.3031597137], [234.332275391, 0.782202720642, 27.6810455322, 14.6044015884, 40.2244796753, -2.24851584435, 18.1491413116, 5.78116703033, 5.04851675034, 29.985918045, 45.8798141479, 106.169143677, 45.0126495361], [102.470977783, 19.9986209869, 7.50911331177, 13.4535341263, 19.6122951508, 4.45872926712, 6.03127527237, 8.82782840729, 3.87810873985, 14.833313942, 28.3031597137, 45.0126495361, 89.8479766846]],
