{
"lowlevel": {
    "average_loudness": 0.972162842751,
    "barkbands_crest": {
        "dmean": 3.44914126396,
        "dmean2": 5.54449462891,
        "dvar": 9.31211566925,
        "dvar2": 21.2749404907,
        "max": 25.26014328,
        "mean": 11.9953241348,
        "median": 11.3036975861,
        "min": 2.12987470627,
        "var": 23.7011165619
    },
    "barkbands_flatness_db": {
        "dmean": 0.0373871251941,
        "dmean2": 0.0576051026583,
        "dvar": 0.00203642179258,
        "dvar2": 0.00445191189647,
        "max": 0.653004407883,
        "mean": 0.162273257971,
        "median": 0.103585869074,
        "min": 0.011234164238,
        "var": 0.0154855381697
    },
    "barkbands_kurtosis": {
        "dmean": 5.91723823547,
        "dmean2": 9.29334926605,
        "dvar": 144.739974976,
        "dvar2": 329.811035156,
        "max": 181.667633057,
        "mean": 7.26954698563,
        "median": 1.51485061646,
        "min": -1.87350034714,
        "var": 270.121124268
    },
    "barkbands_skewness": {
        "dmean": 0.820090174675,
        "dmean2": 1.28903210163,
        "dvar": 0.857718765736,
        "dvar2": 2.03507304192,
        "max": 10.9584417343,
        "mean": 1.92504894733,
        "median": 1.53334069252,
        "min": -1.04878365993,
        "var": 2.39428257942
    },
    "barkbands_spread": {
        "dmean": 9.90180969238,
        "dmean2": 15.8559446335,
        "dvar": 152.467346191,
        "dvar2": 347.994293213,
        "max": 117.920150757,
        "mean": 33.0630569458,
        "median": 26.5829200745,
        "min": 0.44437739253,
        "var": 775.970336914
    },
    "dissonance": {
        "dmean": 0.0183145739138,
        "dmean2": 0.0302063282579,
        "dvar": 0.000564282061532,
        "dvar2": 0.00152033357881,
        "max": 0.500000059605,
        "mean": 0.468926787376,
        "median": 0.48066174984,
        "min": 0.161901220679,
        "var": 0.0012210222194
    },
    "dynamic_complexity": 2.2804338932,
    "erbbands_crest": {
        "dmean": 1.9289484024,
        "dmean2": 3.17356467247,
        "dvar": 4.51808834076,
        "dvar2": 11.8217496872,
        "max": 28.1389045715,
        "mean": 6.36845159531,
        "median": 5.34345245361,
        "min": 2.01888561249,
        "var": 11.0109243393
    },
    "erbbands_flatness_db": {
        "dmean": 0.0204466041178,
        "dmean2": 0.0305181574076,
        "dvar": 0.000717452843674,
        "dvar2": 0.00137156737037,
        "max": 0.524736464024,
        "mean": 0.14281052351,
        "median": 0.099909350276,
        "min": 0.034965608269,
        "var": 0.00857210997492
    },
    "erbbands_kurtosis": {
        "dmean": 0.835168778896,
        "dmean2": 1.33289694786,
        "dvar": 1.24739384651,
        "dvar2": 3.01743245125,
        "max": 24.0585021973,
        "mean": 0.192208647728,
        "median": -0.22577726841,
        "min": -1.78767430782,
        "var": 2.73750710487
    },
    "erbbands_skewness": {
        "dmean": 0.373673886061,
        "dmean2": 0.58751565218,
        "dvar": 0.145011410117,
        "dvar2": 0.351946085691,
        "max": 4.12477302551,
        "mean": -0.0499178953469,
        "median": -0.138776898384,
        "min": -2.61884570122,
        "var": 0.482724308968
    },
    "erbbands_spread": {
        "dmean": 10.1794157028,
        "dmean2": 15.8917865753,
        "dvar": 140.380447388,
        "dvar2": 324.817932129,
        "max": 165.233703613,
        "mean": 41.607624054,
        "median": 39.5094223022,
        "min": 2.62151384354,
        "var": 484.138793945
    },
    "hfc": {
        "dmean": 20.418838501,
        "dmean2": 32.4433937073,
        "dvar": 869.668640137,
        "dvar2": 2103.03588867,
        "max": 316.461364746,
        "mean": 57.9245605469,
        "median": 36.5663223267,
        "min": 4.69980498963e-09,
        "var": 3203.88671875
    },
    "melbands_crest": {
        "dmean": 5.06351613998,
        "dmean2": 8.14039611816,
        "dvar": 19.5618419647,
        "dvar2": 43.8391113281,
        "max": 37.4206542969,
        "mean": 20.5649051666,
        "median": 20.4416503906,
        "min": 4.77754402161,
        "var": 43.8344306946
    },
    "melbands_flatness_db": {
        "dmean": 0.0476315841079,
        "dmean2": 0.0737772360444,
        "dvar": 0.00293229147792,
        "dvar2": 0.00659138103947,
        "max": 0.819639980793,
        "mean": 0.258735567331,
        "median": 0.196584433317,
        "min": 0.0260755456984,
        "var": 0.021673867479
    },
    "melbands_kurtosis": {
        "dmean": 13.4827976227,
        "dmean2": 21.8404445648,
        "dvar": 507.206420898,
        "dvar2": 1223.11730957,
        "max": 369.445465088,
        "mean": 21.0079650879,
        "median": 11.5513029099,
        "min": -1.67169952393,
        "var": 906.348754883
    },
    "melbands_skewness": {
        "dmean": 1.12470161915,
        "dmean2": 1.79393267632,
        "dvar": 1.41562342644,
        "dvar2": 3.439868927,
        "max": 15.6599807739,
        "mean": 3.49956870079,
        "median": 3.11157822609,
        "min": -1.04099094868,
        "var": 3.48784780502
    },
    "melbands_spread": {
        "dmean": 9.86072921753,
        "dmean2": 16.2676277161,
        "dvar": 135.989624023,
        "dvar2": 358.405792236,
        "max": 155.595977783,
        "mean": 22.6431751251,
        "median": 18.4518661499,
        "min": 0.400901883841,
        "var": 384.621765137
    },
    "pitch_salience": {
        "dmean": 0.0992650166154,
        "dmean2": 0.159133031964,
        "dvar": 0.00753018725663,
        "dvar2": 0.0177710112184,
        "max": 0.86118555069,
        "mean": 0.505020856857,
        "median": 0.509726643562,
        "min": 0.0790023431182,
        "var": 0.018006188795
    },
    "silence_rate_20dB": {
        "dmean": 0,
        "dmean2": 0,
        "dvar": 0,
        "dvar2": 0,
        "max": 1,
        "mean": 1,
        "median": 1,
        "min": 1,
        "var": 0
    },
    "silence_rate_30dB": {
        "dmean": 0.0402382537723,
        "dmean2": 0.0804871618748,
        "dvar": 0.0386178456247,
        "dvar2": 0.0983649790287,
        "max": 1,
        "mean": 0.970487058163,
        "median": 1,
        "min": 0,
        "var": 0.0286410767585
    },
    "silence_rate_60dB": {
        "dmean": 0.000529450713657,
        "dmean2": 0.000926661363337,
        "dvar": 0.000529156532139,
        "dvar2": 0.00119054224342,
        "max": 1,
        "mean": 0.0292482785881,
        "median": 0,
        "min": 0,
        "var": 0.028392734006
    },
    "spectral_centroid": {
        "dmean": 345.732421875,
        "dmean2": 568.823486328,
        "dvar": 179872.3125,
        "dvar2": 444537.0625,
        "max": 3930.28271484,
        "mean": 1542.10656738,
        "median": 1625.39892578,
        "min": 153.092819214,
        "var": 945995.9375
    },
    "spectral_complexity": {
        "dmean": 5.30297803879,
        "dmean2": 8.564204216,
        "dvar": 29.9641361237,
        "dvar2": 72.4560928345,
        "max": 65,
        "mean": 30.0803337097,
        "median": 33,
        "min": 0,
        "var": 255.890914917
    },
    "spectral_decrease": {
        "dmean": 3.81382214698e-09,
        "dmean2": 6.1701737053e-09,
        "dvar": 1.27102959923e-17,
        "dvar2": 3.14148803705e-17,
        "max": -1.17423690475e-19,
        "mean": -1.61792375053e-08,
        "median": -1.59031721125e-08,
        "min": -3.73945177046e-08,
        "var": 3.68187189634e-17
    },
    "spectral_energy": {
        "dmean": 0.0138128139079,
        "dmean2": 0.0224754847586,
        "dvar": 0.000169356178958,
        "dvar2": 0.00042699786718,
        "max": 0.141953617334,
        "mean": 0.066318012774,
        "median": 0.0665833503008,
        "min": 8.69469860693e-13,
        "var": 0.000491517246701
    },
    "spectral_energyband_high": {
        "dmean": 0.00187831977382,
        "dmean2": 0.00294007966295,
        "dvar": 8.58783005242e-06,
        "dvar2": 1.9824865376e-05,
        "max": 0.0312569215894,
        "mean": 0.00453217374161,
        "median": 0.00161673408002,
        "min": 3.47333517199e-13,
        "var": 3.52417991962e-05
    },
    "spectral_energyband_low": {
        "dmean": 0.0163144413382,
        "dmean2": 0.0260969381779,
        "dvar": 0.000244240887696,
        "dvar2": 0.000575940590352,
        "max": 0.13672105968,
        "mean": 0.0429471172392,
        "median": 0.0403077788651,
        "min": 2.06006967805e-14,
        "var": 0.000636843033135
    },
    "spectral_energyband_middle_high": {
        "dmean": 0.00326126744039,
        "dmean2": 0.00547209801152,
        "dvar": 1.89798920474e-05,
        "dvar2": 5.0607486628e-05,
        "max": 0.0606240853667,
        "mean": 0.00716901244596,
        "median": 0.00627875793725,
        "min": 2.48072504379e-13,
        "var": 3.73825132556e-05
    },
    "spectral_energyband_middle_low": {
        "dmean": 0.00438612420112,
        "dmean2": 0.00688110291958,
        "dvar": 2.06401837204e-05,
        "dvar2": 4.76022069051e-05,
        "max": 0.0688466951251,
        "mean": 0.012530404143,
        "median": 0.0114936670288,
        "min": 2.44690498332e-13,
        "var": 5.21836809639e-05
    },
    "spectral_entropy": {
        "dmean": 0.213582530618,
        "dmean2": 0.321197360754,
        "dvar": 0.098385758698,
        "dvar2": 0.214276149869,
        "max": 8.89356803894,
        "mean": 7.64825487137,
        "median": 8.07272720337,
        "min": 4.69437646866,
        "var": 0.799189448357
    },
    "spectral_flux": {
        "dmean": 0.0342166721821,
        "dmean2": 0.0565900318325,
        "dvar": 0.00115005485713,
        "dvar2": 0.00291355256923,
        "max": 0.334473013878,
        "mean": 0.125812888145,
        "median": 0.124477237463,
        "min": 3.47422173945e-05,
        "var": 0.00235477602109
    },
    "spectral_kurtosis": {
        "dmean": 9.1163444519,
        "dmean2": 15.0530071259,
        "dvar": 924.541748047,
        "dvar2": 2414.25878906,
        "max": 840.284484863,
        "mean": 18.4553699493,
        "median": 3.73914813995,
        "min": -0.510072946548,
        "var": 2835.84838867
    },
    "spectral_rms": {
        "dmean": 0.000831221055705,
        "dmean2": 0.00135238375515,
        "dvar": 5.83049541092e-07,
        "dvar2": 1.47247817495e-06,
        "max": 0.0117682339624,
        "mean": 0.00785214547068,
        "median": 0.00805973727256,
        "min": 2.91249602213e-08,
        "var": 3.0444323329e-06
    },
    "spectral_rolloff": {
        "dmean": 1078.67919922,
        "dmean2": 1777.57849121,
        "dvar": 3002084.25,
        "dvar2": 7077125,
        "max": 12747.65625,
        "mean": 2136.32836914,
        "median": 1033.59375,
        "min": 43.06640625,
        "var": 7096813
    },
    "spectral_skewness": {
        "dmean": 0.549481928349,
        "dmean2": 0.872443139553,
        "dvar": 1.12787485123,
        "dvar2": 2.71334648132,
        "max": 22.8324546814,
        "mean": 2.32315659523,
        "median": 1.50865912437,
        "min": 0.396911561489,
        "var": 5.17944049835
    },
    "spectral_spread": {
        "dmean": 817784.6875,
        "dmean2": 1139492.125,
        "dvar": 995590275072,
        "dvar2": 1.65579522048e+12,
        "max": 18248076,
        "mean": 5037214.5,
        "median": 4977562,
        "min": 131547.5,
        "var": 8.48642860646e+12
    },
    "spectral_strongpeak": {
        "dmean": 0.260228574276,
        "dmean2": 0.458752304316,
        "dvar": 0.194038107991,
        "dvar2": 0.529284000397,
        "max": 5.70632696152,
        "mean": 0.443121612072,
        "median": 0.337276399136,
        "min": 0,
        "var": 0.194289162755
    },
    "zerocrossingrate": {
        "dmean": 0.0157474093139,
        "dmean2": 0.0179545171559,
        "dvar": 0.000377035845304,
        "dvar2": 0.000474192464026,
        "max": 0.4912109375,
        "mean": 0.0661599114537,
        "median": 0.046142578125,
        "min": 0.001953125,
        "var": 0.00346942129545
    },
    "barkbands": {
        "dmean": [0.00348013173789, 0.0143479285762, 0.00396542530507, 0.00187224592082, 0.00195344467647, 0.00124727003276, 0.000752381747589, 0.000683578662574, 0.000585676229093, 0.000581990461797, 0.000603582826443, 0.000501968082972, 0.000463182863314, 0.000610577350017, 0.000520456698723, 0.000387792621041, 0.000372992624762, 0.000368751992937, 0.000282205204712, 0.000308006128762, 0.000352563452907, 0.000353056791937, 0.000266047689365, 0.000289404211799, 0.000397690921091, 0.000414542329963, 7.88032120909e-05],
        "dmean2": [0.00556591060013, 0.0225954074413, 0.0068171788007, 0.0031340548303, 0.00309517607093, 0.00192276679445, 0.0011961159762, 0.00104886922054, 0.000940790690947, 0.000953289913014, 0.00100689241663, 0.000812028185464, 0.000777336827014, 0.00105273793451, 0.000907348177861, 0.000668920751195, 0.000645078427624, 0.000648541317787, 0.000482109986478, 0.000536749197636, 0.00057484844001, 0.000570003408939, 0.000435472669778, 0.000453542917967, 0.00059768272331, 0.000649760127999, 0.000128910585772],
        "dvar": [1.24843918456e-05, 0.000203749805223, 4.2029794713e-05, 6.27556119071e-06, 6.78278456689e-06, 3.79548305318e-06, 1.88821422853e-06, 2.11104679693e-06, 1.25294729969e-06, 1.77618835551e-06, 1.22981919048e-06, 6.27775023077e-07, 4.50346874459e-07, 9.55247628553e-07, 6.59964882743e-07, 3.55734897539e-07, 3.66293079423e-07, 3.5235260043e-07, 1.76381021788e-07, 2.05574181678e-07, 2.67528946551e-07, 2.9543869573e-07, 1.83708877444e-07, 2.08579635341e-07, 5.77476725994e-07, 7.34723187179e-07, 1.88136013435e-08],
        "dvar2": [3.1185682019e-05, 0.000441879266873, 0.00011717963207, 1.65694182215e-05, 1.45138392327e-05, 7.27603537598e-06, 4.00163480663e-06, 4.12488452639e-06, 2.61423042502e-06, 3.90797731598e-06, 3.09171582558e-06, 1.47758350977e-06, 1.17382319331e-06, 2.60522688222e-06, 1.79850314908e-06, 9.78767957349e-07, 9.38879395562e-07, 9.85146016319e-07, 4.69245804879e-07, 5.76236459437e-07, 6.52813923807e-07, 7.32510216039e-07, 4.68598841508e-07, 4.84481972762e-07, 1.29972534069e-06, 1.65211463354e-06, 4.77885961914e-08],
        "max": [0.0445025339723, 0.124487809837, 0.074875831604, 0.0412388518453, 0.0634549036622, 0.0502406470478, 0.0350712053478, 0.0395750664175, 0.0333103127778, 0.0501087158918, 0.0271935835481, 0.0161289069802, 0.00976742990315, 0.0218567233533, 0.0140010602772, 0.0105708129704, 0.0132938353345, 0.00704428227618, 0.00591377727687, 0.00536693260074, 0.00667109061033, 0.00690535129979, 0.00570438383147, 0.00572829321027, 0.00898296572268, 0.0100278183818, 0.00127503124531],
        "mean": [0.00634258193895, 0.030466997996, 0.00546962069348, 0.00266929902136, 0.00404727878049, 0.00220143143088, 0.00120748963673, 0.0010316001717, 0.00101710204035, 0.000831943179946, 0.000845100788865, 0.000819046981633, 0.000725187070202, 0.000887468107976, 0.000774875341449, 0.000608668371569, 0.000564895628486, 0.000534113845788, 0.000487310317112, 0.000566627422813, 0.000700346310623, 0.000709796731826, 0.000526534102391, 0.00061542307958, 0.000804641400464, 0.0007387115038, 0.000124028811115],
        "median": [0.00434013642371, 0.0257873293012, 0.00326912011951, 0.00163726042956, 0.00288200192153, 0.00135371822398, 0.000705027254298, 0.000591476680711, 0.000546550028957, 0.000460318755358, 0.00048231886467, 0.00047100323718, 0.000469741004054, 0.000496845634189, 0.000474497850519, 0.000401531462558, 0.00035136268707, 0.000325959816109, 0.000308322487399, 0.000337497505825, 0.000364149862435, 0.00024504083558, 0.000179138412932, 0.000165865611052, 0.000142405391671, 0.000113949179649, 2.08220862987e-05],
        "min": [1.86640897778e-14, 1.10958724169e-14, 5.75573710736e-16, 2.36502186785e-16, 7.09869132809e-15, 3.72055359611e-14, 3.16715275154e-14, 7.04142080472e-14, 9.00045757867e-14, 2.58014536657e-14, 1.0887839431e-14, 1.83890412392e-14, 4.8789050328e-14, 2.80873719736e-14, 1.58377813902e-14, 3.92796960322e-14, 1.11361954204e-14, 2.20145336829e-14, 2.57121780871e-14, 1.09228659375e-14, 2.94388503104e-14, 1.46834736888e-14, 1.68565977013e-14, 2.79841051048e-14, 8.27396690658e-14, 1.01936166485e-13, 7.11123529311e-14],
        "var": [4.03215308324e-05, 0.000508441356942, 4.61168965558e-05, 9.55700852501e-06, 1.82775838766e-05, 8.55198777572e-06, 3.37989058607e-06, 3.2203884075e-06, 2.92286244985e-06, 2.53986308962e-06, 1.72146565092e-06, 1.32433535782e-06, 7.21093442735e-07, 1.39022506573e-06, 9.27422547647e-07, 5.27891643287e-07, 5.62363425161e-07, 4.47624699973e-07, 3.29996566961e-07, 4.82536052004e-07, 8.8318284952e-07, 1.01164266653e-06, 6.08005905178e-07, 8.38836115236e-07, 1.58058890065e-06, 1.5707851162e-06, 3.52082487609e-08]
    },
    "erbbands": {
        "dmean": [0.807393193245, 2.12493848801, 4.18338489532, 5.26577138901, 5.90363693237, 7.64536190033, 8.23991107941, 10.960773468, 11.4101953506, 12.6308946609, 13.5012149811, 13.7078962326, 18.2761478424, 17.2575778961, 22.5834770203, 21.0155658722, 19.8657722473, 32.2540092468, 24.1820144653, 23.4569206238, 20.7098751068, 20.369550705, 19.2658939362, 18.0627555847, 12.4179258347, 14.1600933075, 14.2363195419, 14.2306070328, 13.6500072479, 10.6253957748, 7.23155355453, 6.41185235977, 4.89189052582, 4.26504802704, 3.19975209236, 2.06340765953, 0.68021774292, 0.159101396799, 0.0125850997865, 0.000198059366085],
        "dmean2": [1.24305546284, 3.45653223991, 7.08621549606, 9.01868724823, 9.74205684662, 12.0904512405, 12.6789560318, 17.2279167175, 17.5625305176, 19.8501739502, 21.4548931122, 22.1023273468, 29.5901832581, 29.3205089569, 37.3247909546, 33.7927474976, 32.9731903076, 55.7877197266, 41.8094406128, 40.2420921326, 35.8315582275, 35.6354179382, 33.9323997498, 31.3692798615, 20.8163948059, 24.5677757263, 24.121679306, 23.0246906281, 21.9885940552, 17.1424350739, 11.782538414, 10.4213447571, 7.62869882584, 6.70558977127, 4.82062292099, 3.1777908802, 1.0883859396, 0.256131201982, 0.020468486473, 0.000317476078635],
        "dvar": [0.694659471512, 4.75880765915, 47.3249053955, 51.2767410278, 79.6444473267, 123.562477112, 240.379150391, 208.31362915, 539.292419434, 706.43536377, 803.68182373, 680.567626953, 1760.5760498, 942.750854492, 1790.34106445, 1048.18078613, 811.882263184, 2885.46435547, 1242.80847168, 1286.93457031, 994.984985352, 1171.24462891, 1026.21447754, 893.050048828, 315.181762695, 415.776367188, 458.822692871, 468.994293213, 419.734161377, 314.425109863, 139.841262817, 104.743095398, 62.7013664246, 58.6329078674, 41.8996429443, 20.0362682343, 1.63731133938, 0.0796482786536, 0.000493937171996, 1.15680045099e-07],
        "dvar2": [1.43640613556, 11.9286270142, 128.302490234, 144.1640625, 180.230819702, 261.709350586, 443.993804932, 442.742462158, 1027.30639648, 1316.17663574, 1684.71337891, 1496.6081543, 3717.05126953, 2483.10400391, 4397.57421875, 2415.07226562, 2097.45043945, 7993.67773438, 3389.41430664, 3531.51708984, 2747.17163086, 3014.23828125, 2870.34887695, 2417.59912109, 832.101196289, 1157.1151123, 1207.44628906, 1119.09667969, 1034.0892334, 776.047302246, 351.009857178, 262.189575195, 145.105651855, 140.289031982, 91.8695678711, 42.9848823547, 3.86482667923, 0.200504347682, 0.0012261334341, 2.80123657603e-07],
        "max": [6.66728305817, 24.3889713287, 79.8457870483, 107.905563354, 210.893585205, 369.039886475, 429.173675537, 290.878753662, 639.174621582, 758.813598633, 823.173217773, 634.031188965, 1173.19506836, 693.245239258, 1351.20153809, 651.214294434, 411.856414795, 1215.49121094, 359.168304443, 492.752929688, 654.335266113, 919.892028809, 454.99005127, 497.658569336, 235.053039551, 232.799530029, 275.063476562, 238.002166748, 274.724700928, 236.099121094, 170.765670776, 126.335601807, 98.893371582, 95.3242492676, 78.9404373169, 52.4681892395, 17.1123466492, 2.79030323029, 0.231987819076, 0.0035261393059],
        "mean": [1.44885444641, 4.57355737686, 6.51967716217, 8.0796289444, 10.327293396, 14.4071321487, 15.2690629959, 19.6652736664, 18.7736854553, 20.4655609131, 21.899143219, 24.1257534027, 27.0999660492, 25.6257419586, 33.9783630371, 35.7786331177, 33.4662437439, 46.2118759155, 40.1647377014, 38.3331336975, 33.7475852966, 30.870306015, 28.3688564301, 28.1763553619, 23.8624420166, 26.6914710999, 26.3424739838, 28.6694030762, 26.5712947845, 20.2978439331, 14.8738489151, 12.611281395, 10.1545524597, 8.44637393951, 6.09481525421, 3.61811351776, 1.18250441551, 0.275909602642, 0.0196710992604, 0.000408729974879],
        "median": [1.17192304134, 3.67734336853, 3.9380440712, 5.68496799469, 6.48315000534, 9.54123878479, 8.80282211304, 12.7307720184, 10.5919485092, 12.43475914, 12.4158535004, 13.4030570984, 14.9582996368, 15.370882988, 21.0837612152, 21.6221542358, 22.9318084717, 27.545255661, 27.6948852539, 25.6474781036, 23.1842155457, 20.2532196045, 18.4546737671, 17.7773246765, 15.0866746902, 16.1196060181, 15.2542800903, 12.9142179489, 9.01972770691, 6.891020298, 4.73618984222, 3.65927934647, 2.55529379845, 1.64598250389, 0.922386288643, 0.490085124969, 0.198380425572, 0.0504305586219, 0.00310723483562, 0.00013901287457],
        "min": [6.33999634476e-13, 1.43431111172e-12, 1.00000248967e-12, 7.89487507487e-13, 7.17036412884e-12, 2.80898412169e-11, 9.80641401416e-11, 3.76727982143e-10, 5.23679266617e-10, 6.09306938237e-10, 2.01652672338e-09, 2.22699592101e-09, 9.41888345096e-10, 5.76654779483e-10, 5.57404900015e-10, 8.48150216726e-10, 2.28123142598e-09, 1.48065726346e-09, 9.4807162121e-10, 1.50580259373e-09, 1.72773106932e-09, 6.26427965056e-10, 9.89227588732e-10, 1.53162427186e-09, 9.02269592373e-10, 6.86617041001e-10, 1.02248021161e-09, 1.16235177039e-09, 4.53574899861e-10, 5.99372607102e-10, 4.07429229243e-10, 4.9819276482e-10, 5.87562443144e-10, 9.69108904236e-10, 6.03961380907e-10, 5.58659618566e-10, 1.37887978813e-10, 3.23317934925e-11, 1.4163762177e-11, 7.97478240128e-13],
        "var": [1.50181984901, 13.6218605042, 61.6219329834, 65.4515457153, 159.934326172, 307.887481689, 536.001220703, 487.846252441, 968.06652832, 1177.17382812, 1397.90991211, 1439.19592285, 2586.22827148, 1217.74780273, 2716.64160156, 2351.95263672, 1400.12524414, 3788.7644043, 2007.46582031, 2017.17626953, 1477.46520996, 1619.40661621, 1296.55371094, 1308.88256836, 768.583862305, 1039.71252441, 1197.28149414, 1567.75305176, 1366.66333008, 968.99029541, 499.349060059, 363.457458496, 224.762054443, 164.415252686, 103.341667175, 43.6917228699, 3.52941393852, 0.16745775938, 0.000922962324694, 2.51421027997e-07]
    },
    "gfcc": {
        "mean": [28.4909992218, 96.2363815308, -86.2620239258, 23.2393188477, -35.3961372375, 18.86485672, -24.9111480713, 8.10000419617, -16.6405773163, 9.21702766418, -12.0441942215, 5.36939811707, -7.13059949875],
        "cov": [[19555.6308594, -8781.51269531, 657.573242188, 3064.90649414, -795.480957031, 1292.04858398, -459.161407471, 1300.32836914, -561.090148926, 1064.07507324, -891.631652832, 467.947784424, -778.722167969], [-8781.51269531, 7347.39746094, -231.505157471, -1517.56530762, 888.660888672, -839.67175293, 564.926574707, -899.038635254, 487.131011963, -797.520874023, 720.062072754, -355.625335693, 582.806091309], [657.573242188, -231.505157471, 1136.63476562, 168.731689453, -187.391052246, 82.5704879761, 73.095916748, 87.9613342285, -8.64351844788, 88.1871261597, -56.8886489868, 40.0639877319, -17.0166816711], [3064.90649414, -1517.56530762, 168.731689453, 819.439819336, -114.632278442, 217.810760498, -66.7571029663, 228.601028442, -81.9458236694, 179.563583374, -146.972946167, 68.5264511108, -120.698898315], [-795.480957031, 888.660888672, -187.391052246, -114.632278442, 313.062896729, -88.5492782593, 58.3939361572, -112.0599823, 78.8280410767, -100.118041992, 96.9283676147, -54.8039665222, 69.2123565674], [1292.04858398, -839.67175293, 82.5704879761, 217.810760498, -88.5492782593, 211.335128784, -24.8369369507, 112.144706726, -58.0901374817, 99.7410507202, -83.2462539673, 44.717590332, -69.2764282227], [-459.161407471, 564.926574707, 73.095916748, -66.7571029663, 58.3939361572, -24.8369369507, 161.07208252, -37.1203765869, 54.7293548584, -62.5866661072, 63.909702301, -27.0228672028, 52.4344787598], [1300.32836914, -899.038635254, 87.9613342285, 228.601028442, -112.0599823, 112.144706726, -37.1203765869, 202.589508057, -32.2899932861, 112.744491577, -99.6773071289, 47.7285232544, -77.1721496582], [-561.090148926, 487.131011963, -8.64351844788, -81.9458236694, 78.8280410767, -58.0901374817, 54.7293548584, -32.2899932861, 111.08380127, -26.5016460419, 60.6479568481, -25.3306007385, 45.4943008423], [1064.07507324, -797.520874023, 88.1871261597, 179.563583374, -100.118041992, 99.7410507202, -62.5866661072, 112.744491577, -26.5016460419, 149.324295044, -60.6312866211, 51.002456665, -63.2095756531], [-891.631652832, 720.062072754, -56.8886489868, -146.972946167, 96.9283676147, -83.2462539673, 63.909702301, -99.6773071289, 60.6479568481, -60.6312866211, 130.498092651, -18.3804035187, 65.978263855], [467.947784424, -355.625335693, 40.0639877319, 68.5264511108, -54.8039665222, 44.717590332, -27.0228672028, 47.7285232544, -25.3306007385, 51.002456665, -18.3804035187, 64.8746871948, -7.18212032318], [-778.722167969, 582.806091309, -17.0166816711, -120.698898315, 69.2123565674, -69.2764282227, 52.4344787598, -77.1721496582, 45.4943008423, -63.2095756531, 65.978263855, -7.18212032318, 93.6939315796]],
        "icov": [[0.000197345638298, 1.60114141181e-05, 2.28035296459e-05, -0.000429189502029, -0.000148963648826, -0.000196678971406, -0.000178933551069, -0.000144797057146, 0.000167166115716, -0.000269660871709, 0.000245904375333, -0.000456170324469, 0.000466126628453], [1.60114141181e-05, 0.00136411387939, -0.000407639978221, 0.000489375961479, -0.000837145489641, 0.000944150902797, -0.000799758301582, 0.000984486192465, -0.00109771220013, 0.00227047968656, -0.00208321539685, 0.0017052924959, -0.00155833689496], [2.28035296459e-05, -0.000407639978221, 0.00125647138339, -0.000354136951501, 0.000888554553967, -0.000176730507519, -0.000889068993274, 5.96140525886e-05, 0.000152537832037, -0.00145240686834, 0.00129177421331, -0.000749195169192, 0.00023577248794], [-0.000429189502029, 0.000489375961479, -0.000354136951501, 0.0032789639663, -0.000692794506904, 1.25066353576e-05, -8.85064437171e-05, -0.000532921170816, -9.6487623523e-05, 0.000385173101677, -0.000827540352475, 0.00157497439068, -0.00130970589817], [-0.000148963648826, -0.000837145489641, 0.000888554553967, -0.000692794506904, 0.0064217466861, -0.00108100892976, 0.00108109577559, 0.000318725593388, -0.00191796245053, 0.000762746436521, -0.000837634608615, 0.00141280505341, -0.000503424904309], [-0.000196678971406, 0.000944150902797, -0.000176730507519, 1.25066353576e-05, -0.00108100892976, 0.0109315291047, -0.00399179989472, 0.00102180603426, 0.00155355187599, -0.00214740610681, 0.00141308584716, -0.00135209714063, 0.00113142991904], [-0.000178933551069, -0.000799758301582, -0.000889068993274, -8.85064437171e-05, 0.00108109577559, -0.00399179989472, 0.0130410436541, -0.00415380299091, -0.00204950897023, 0.00464018015191, -0.0048679378815, 0.00349420751445, -0.00343618355691], [-0.000144797057146, 0.000984486192465, 5.96140525886e-05, -0.000532921170816, 0.000318725593388, 0.00102180603426, -0.00415380299091, 0.0158655829728, -0.00519748264924, -0.00226703798398, 0.0061032101512, -0.00492019625381, 0.00422889459878], [0.000167166115716, -0.00109771220013, 0.000152537832037, -9.6487623523e-05, -0.00191796245053, 0.00155355187599, -0.00204950897023, -0.00519748264924, 0.019026460126, -0.00779868476093, -0.00280029908754, 0.00532461702824, -0.00456733768806], [-0.000269660871709, 0.00227047968656, -0.00145240686834, 0.000385173101677, 0.000762746436521, -0.00214740610681, 0.00464018015191, -0.00226703798398, -0.00779868476093, 0.0247580427676, -0.00716597912833, -0.00365507090464, 0.00250826892443], [0.000245904375333, -0.00208321539685, 0.00129177421331, -0.000827540352475, -0.000837634608615, 0.00141308584716, -0.0048679378815, 0.0061032101512, -0.00280029908754, -0.00716597912833, 0.0246368646622, -0.00957149732858, 0.00202800799161], [-0.000456170324469, 0.0017052924959, -0.000749195169192, 0.00157497439068, 0.00141280505341, -0.00135209714063, 0.00349420751445, -0.00492019625381, 0.00532461702824, -0.00365507090464, -0.00957149732858, 0.0344970561564, -0.0162242036313], [0.000466126628453, -0.00155833689496, 0.00023577248794, -0.00130970589817, -0.000503424904309, 0.00113142991904, -0.00343618355691, 0.00422889459878, -0.00456733768806, 0.00250826892443, 0.00202800799161, -0.0162242036313, 0.0304489433765]]
    },
    "melbands": {
        "dmean": [0.00521735195071, 0.00201554689556, 0.000892541545909, 0.000443677592557, 0.000299226230709, 0.000244727241807, 0.000168131839018, 0.000140444826684, 0.000112439098302, 8.61489097588e-05, 9.20124221011e-05, 6.8791785452e-05, 7.81819981057e-05, 6.16879187874e-05, 4.65278208139e-05, 5.02819129906e-05, 6.4673498855e-05, 3.85254352295e-05, 4.21121258114e-05, 2.93912216875e-05, 2.45588544203e-05, 2.34485178225e-05, 1.84627861017e-05, 1.70755902218e-05, 1.53336186486e-05, 1.04485789052e-05, 1.00752558865e-05, 1.00593952084e-05, 9.49652621784e-06, 8.93591186468e-06, 9.40227073443e-06, 8.54518384585e-06, 6.63955142954e-06, 6.37278253635e-06, 4.65108450953e-06, 4.1192702156e-06, 4.07054494644e-06, 3.48485741597e-06, 4.11856944993e-06, 3.80547430723e-06],
        "dmean2": [0.00811392534524, 0.00336901773699, 0.00151081790682, 0.000714860216249, 0.000456940528238, 0.000380816782126, 0.000260927743511, 0.000218285815208, 0.000179722133907, 0.000139078940265, 0.000149271581904, 0.000117123032396, 0.000130993168568, 9.95293303276e-05, 7.56754234317e-05, 8.56300903251e-05, 0.000111774155812, 6.64836043143e-05, 7.35385692678e-05, 5.0254893722e-05, 4.25081925641e-05, 4.0976836317e-05, 3.22794221574e-05, 3.02209336951e-05, 2.666482942e-05, 1.78805566975e-05, 1.75797413249e-05, 1.74719370989e-05, 1.6552674424e-05, 1.44263976836e-05, 1.55979359988e-05, 1.36205308081e-05, 1.08680151243e-05, 1.0428783753e-05, 7.67164056015e-06, 6.85128088662e-06, 6.62594129608e-06, 5.48946081835e-06, 6.76697572999e-06, 5.96395057073e-06],
        "dvar": [2.74408721452e-05, 7.66417269915e-06, 1.31980834794e-06, 3.74300185513e-07, 2.21312077997e-07, 1.16129484695e-07, 1.01609437309e-07, 9.68087405795e-08, 6.44024922281e-08, 2.70570126304e-08, 4.64944491796e-08, 1.64330540287e-08, 2.1390107463e-08, 1.02102593047e-08, 4.9483031006e-09, 5.92343019079e-09, 1.23463754775e-08, 3.31870753101e-09, 5.37709476944e-09, 2.13394502069e-09, 1.48429135649e-09, 1.67229785575e-09, 8.24543822109e-10, 8.09333822183e-10, 6.74133471268e-10, 2.43910891484e-10, 2.1973781128e-10, 2.21718934879e-10, 2.18947776576e-10, 1.95509775036e-10, 2.3299320806e-10, 1.64674218706e-10, 1.25901136738e-10, 1.14512066496e-10, 6.14507264518e-11, 4.31955443636e-11, 4.30252639072e-11, 3.13348860748e-11, 5.33858270091e-11, 4.68897073946e-11],
        "dvar2": [5.80565865675e-05, 2.07291450351e-05, 3.63143431059e-06, 8.08434208466e-07, 4.19311703581e-07, 2.34109407415e-07, 1.99169832626e-07, 1.76587292344e-07, 1.33325997353e-07, 5.96841260858e-08, 9.8874032517e-08, 4.23678407913e-08, 5.36617648095e-08, 2.38759216842e-08, 1.17988658843e-08, 1.57205466422e-08, 3.40845467406e-08, 9.14050346523e-09, 1.450041065e-08, 5.76988545831e-09, 4.06172784295e-09, 4.24514423614e-09, 2.26200280729e-09, 2.28530439017e-09, 1.81993464743e-09, 6.720876633e-10, 6.26040053131e-10, 6.25400342624e-10, 6.11153405661e-10, 4.67912764091e-10, 5.95296645312e-10, 3.92190863119e-10, 3.3782501796e-10, 2.95399316119e-10, 1.60210705813e-10, 1.1297162511e-10, 1.07565130414e-10, 7.3368262854e-11, 1.41448450175e-10, 1.10346155824e-10],
        "max": [0.0432869829237, 0.0323877856135, 0.0152740431949, 0.0170161928982, 0.011293922551, 0.00753726856783, 0.00842703972012, 0.00941772200167, 0.00862107146531, 0.00414755148813, 0.00658188946545, 0.00383793143556, 0.00373350316659, 0.00217266264372, 0.00117190973833, 0.00126930500846, 0.00275271595456, 0.000766587909311, 0.00152490381151, 0.000757597445045, 0.000777696201112, 0.00116567884106, 0.00041329456144, 0.00028039625613, 0.000458459631773, 0.000194206222659, 0.000161716685398, 0.000179557697265, 0.000181181851076, 0.000215174906771, 0.000175040608156, 0.000147550672409, 0.000150032807142, 0.000126931729028, 0.000120474498544, 7.22436161595e-05, 7.99718691269e-05, 6.32870942354e-05, 7.39108145353e-05, 8.86876732693e-05],
        "mean": [0.0106005743146, 0.00425881426781, 0.00150666735135, 0.000865078007337, 0.000596379977651, 0.000437918235548, 0.00027909851633, 0.000223667229875, 0.000179703987669, 0.000149121042341, 0.000132737084641, 9.95448208414e-05, 0.000110610752017, 0.000100908771856, 7.72423009039e-05, 7.5113188359e-05, 8.85775734787e-05, 6.23047963018e-05, 6.05466411798e-05, 4.60199989902e-05, 3.80577657779e-05, 3.35092081514e-05, 2.693262104e-05, 2.37694639509e-05, 2.28031422012e-05, 1.73626103788e-05, 1.72219388332e-05, 1.78513546416e-05, 1.60130439326e-05, 1.60135095939e-05, 1.71010051417e-05, 1.58829134307e-05, 1.23153904497e-05, 1.07133373604e-05, 8.86930229171e-06, 7.53167614675e-06, 7.65317145124e-06, 6.84029646436e-06, 7.26213875168e-06, 7.13789131623e-06],
        "median": [0.00918833352625, 0.00327740353532, 0.00110890483484, 0.000617670826614, 0.000360181147698, 0.000281151733361, 0.000160190000315, 0.000132234679768, 9.49866953306e-05, 8.06769530755e-05, 7.1002607001e-05, 5.84382578381e-05, 6.63994869683e-05, 5.98284277658e-05, 4.82967880089e-05, 4.6736196964e-05, 4.67455356556e-05, 4.12420777138e-05, 3.53063733201e-05, 2.94759156532e-05, 2.46065937972e-05, 2.05831092899e-05, 1.68859696714e-05, 1.43516745084e-05, 1.35621248774e-05, 1.03314123407e-05, 9.97621464194e-06, 1.02043577499e-05, 9.23146671994e-06, 7.77477180236e-06, 6.95557082508e-06, 5.09995970788e-06, 4.1858475015e-06, 3.48774165104e-06, 2.63310266746e-06, 2.35385914493e-06, 2.09719814848e-06, 1.75271929947e-06, 1.58624004598e-06, 1.27989301291e-06],
        "min": [5.2614717833e-15, 9.62631662852e-16, 2.32370836525e-16, 1.20612102442e-15, 2.96887610287e-15, 8.45477879466e-15, 7.54009840811e-15, 7.9958707434e-15, 1.79045688865e-14, 1.28234291472e-14, 4.40892126342e-15, 2.47530915747e-15, 1.69849259457e-15, 1.6601501659e-15, 4.3643931649e-15, 4.32317442411e-15, 2.70141210901e-15, 1.55528356951e-15, 1.59845525064e-15, 2.82365145703e-15, 1.71958456199e-15, 4.66636168115e-16, 1.10534400897e-15, 8.29395180194e-16, 1.32830171541e-15, 8.56313304922e-16, 4.11615343081e-16, 4.24942374185e-16, 6.80483082297e-16, 3.83600654793e-16, 8.34081072337e-16, 2.73580683474e-16, 1.90440799811e-16, 3.79980647734e-16, 1.88189373003e-16, 3.59772082739e-16, 2.51488370144e-16, 4.05799085469e-16, 4.12359646813e-16, 1.02689425261e-15],
        "var": [6.3128900365e-05, 1.42831331686e-05, 1.88662465916e-06, 8.58516330027e-07, 5.96217148541e-07, 2.64782528347e-07, 1.8653314271e-07, 1.58696465746e-07, 1.20819137805e-07, 5.67822056041e-08, 6.75090774394e-08, 2.11532977801e-08, 2.98002724719e-08, 2.03334131754e-08, 9.80244596605e-09, 8.6809839317e-09, 1.65487783477e-08, 5.31685717675e-09, 7.07509828501e-09, 3.28448734876e-09, 2.11284811868e-09, 2.22443885534e-09, 1.18201748389e-09, 9.12170061707e-10, 9.48434442094e-10, 4.55246479403e-10, 4.40833258786e-10, 5.01782171369e-10, 4.46343739746e-10, 5.44104650224e-10, 6.09919392769e-10, 4.89391083214e-10, 3.62992635949e-10, 2.83186807337e-10, 1.90181467796e-10, 1.25865165512e-10, 1.40155900774e-10, 1.04509755017e-10, 1.24280974401e-10, 1.24470614371e-10]
    },
    "mfcc": {
        "mean": [-622.264221191, 133.390487671, 14.6172657013, 20.5453605652, 13.6053562164, 16.3027267456, 7.88361787796, 5.43086147308, 6.15299224854, 3.85602259636, 3.57058930397, 3.4495818615, 3.07252669334],
        "cov": [[14407.3789062, -6461.94580078, -574.880249023, 733.71472168, 162.958114624, 162.221481323, 0.0802989006042, 44.9981040955, 257.799499512, 285.979553223, 287.659393311, 37.3674850464, -178.502288818], [-6461.94580078, 6151.0546875, -110.932991028, -341.830352783, 110.473640442, -42.9415245056, 40.9045295715, 29.276227951, -188.38571167, -193.553100586, -210.160644531, -4.72063302994, 112.927124023], [-574.880249023, -110.932991028, 946.989746094, 28.4440517426, -129.433898926, -4.1470656395, 2.72917151451, -10.2707281113, 49.1392784119, -10.5024518967, 29.4443206787, 5.51198148727, -4.7386174202], [733.71472168, -341.830352783, 28.4440517426, 286.261444092, 58.5662002563, 6.14228439331, 0.823250770569, 11.8443031311, 26.8235721588, 31.1715297699, 12.2203788757, 1.47740578651, -11.7326745987], [162.958114624, 110.473640442, -129.433898926, 58.5662002563, 163.075088501, 33.3578071594, -10.7524528503, -7.76233959198, -3.32401871681, 7.1372628212, -2.26814627647, -1.94423675537, 1.15524947643], [162.221481323, -42.9415245056, -4.1470656395, 6.14228439331, 33.3578071594, 96.0652770996, 25.4533920288, -3.06200098991, -2.6124355793, 0.985321819782, 1.74596321583, 1.18560826778, 2.34754896164], [0.0802989006042, 40.9045295715, 2.72917151451, 0.823250770569, -10.7524528503, 25.4533920288, 76.2488098145, 27.7156181335, -0.966565072536, -1.04261493683, -2.63414955139, 0.342396020889, -2.68905186653], [44.9981040955, 29.276227951, -10.2707281113, 11.8443031311, -7.76233959198, -3.06200098991, 27.7156181335, 66.2323074341, 24.2419490814, 6.98729562759, 1.37439620495, -0.663421213627, -3.23778581619], [257.799499512, -188.38571167, 49.1392784119, 26.8235721588, -3.32401871681, -2.6124355793, -0.966565072536, 24.2419490814, 75.7132644653, 29.1351318359, 16.3281116486, 0.0888725146651, -5.60309028625], [285.979553223, -193.553100586, -10.5024518967, 31.1715297699, 7.1372628212, 0.985321819782, -1.04261493683, 6.98729562759, 29.1351318359, 62.7013931274, 26.2797603607, 6.70526075363, -4.34283256531], [287.659393311, -210.160644531, 29.4443206787, 12.2203788757, -2.26814627647, 1.74596321583, -2.63414955139, 1.37439620495, 16.3281116486, 26.2797603607, 55.6285209656, 19.9319458008, 0.993930697441], [37.3674850464, -4.72063302994, 5.51198148727, 1.47740578651, -1.94423675537, 1.18560826778, 0.342396020889, -0.663421213627, 0.0888725146651, 6.70526075363, 19.9319458008, 45.3766136169, 17.1513824463], [-178.502288818, 112.927124023, -4.7386174202, -11.7326745987, 1.15524947643, 2.34754896164, -2.68905186653, -3.23778581619, -5.60309028625, -4.34283256531, 0.993930697441, 17.1513824463, 44.5964050293]],
