{
"lowlevel": {
    "average_loudness": 0.972494781017,
    "barkbands_crest": {
        "dmean": 2.91152310371,
        "dmean2": 4.43257236481,
        "dvar": 10.5117712021,
        "dvar2": 18.3412361145,
        "max": 26.8212070465,
        "mean": 13.3014764786,
        "median": 12.3089370728,
        "min": 1.74309444427,
        "var": 52.5452575684
    },
    "barkbands_flatness_db": {
        "dmean": 0.0319937765598,
        "dmean2": 0.0466746203601,
        "dvar": 0.00172646483406,
        "dvar2": 0.00313284248114,
        "max": 0.6651648283,
        "mean": 0.137403130531,
        "median": 0.104767799377,
        "min": 0.010146764107,
        "var": 0.0118281655014
    },
    "barkbands_kurtosis": {
        "dmean": 14.7621526718,
        "dmean2": 19.765455246,
        "dvar": 2107.88061523,
        "dvar2": 3416.79833984,
        "max": 1333.90661621,
        "mean": 22.59674263,
        "median": 4.30712985992,
        "min": -1.73334085941,
        "var": 4755.79150391
    },
    "barkbands_skewness": {
        "dmean": 1.10837888718,
        "dmean2": 1.49293887615,
        "dvar": 2.26398444176,
        "dvar2": 3.36977148056,
        "max": 29.4486217499,
        "mean": 3.00514125824,
        "median": 2.21842336655,
        "min": -2.35866498947,
        "var": 9.88569736481
    },
    "barkbands_spread": {
        "dmean": 9.09955024719,
        "dmean2": 14.0281019211,
        "dvar": 105.18536377,
        "dvar2": 233.503128052,
        "max": 94.5930862427,
        "mean": 29.102186203,
        "median": 28.0503578186,
        "min": 0.0508654527366,
        "var": 365.052062988
    },
    "dissonance": {
        "dmean": 0.011733555235,
        "dmean2": 0.0192364547402,
        "dvar": 0.00023937158403,
        "dvar2": 0.000613755837549,
        "max": 0.500000238419,
        "mean": 0.480711340904,
        "median": 0.486702442169,
        "min": 0.149926498532,
        "var": 0.000429569685366
    },
    "dynamic_complexity": 2.34357905388,
    "erbbands_crest": {
        "dmean": 1.95322334766,
        "dmean2": 3.10832619667,
        "dvar": 5.45379114151,
        "dvar2": 11.7392873764,
        "max": 32.4429969788,
        "mean": 6.05565643311,
        "median": 4.83743810654,
        "min": 1.99591934681,
        "var": 13.5012540817
    },
    "erbbands_flatness_db": {
        "dmean": 0.0137193966657,
        "dmean2": 0.0204808544368,
        "dvar": 0.000320661842125,
        "dvar2": 0.000719443138223,
        "max": 0.421600878239,
        "mean": 0.100998096168,
        "median": 0.0866991430521,
        "min": 0.0335754714906,
        "var": 0.00282581383362
    },
    "erbbands_kurtosis": {
        "dmean": 1.04021775723,
        "dmean2": 1.66663646698,
        "dvar": 6.22714710236,
        "dvar2": 14.7534151077,
        "max": 50.4994850159,
        "mean": 0.0707618296146,
        "median": -0.540233373642,
        "min": -1.88441932201,
        "var": 7.85349798203
    },
    "erbbands_skewness": {
        "dmean": 0.410034626722,
        "dmean2": 0.569685339928,
        "dvar": 0.251630604267,
        "dvar2": 0.486305892467,
        "max": 5.77591085434,
        "mean": 0.0825177431107,
        "median": -0.0653267353773,
        "min": -2.80864048004,
        "var": 0.715420484543
    },
    "erbbands_spread": {
        "dmean": 13.5281400681,
        "dmean2": 20.0119762421,
        "dvar": 278.612854004,
        "dvar2": 555.308349609,
        "max": 176.683120728,
        "mean": 63.5055389404,
        "median": 57.1793823242,
        "min": 3.11111998558,
        "var": 997.859802246
    },
    "hfc": {
        "dmean": 12.5906953812,
        "dmean2": 18.3086147308,
        "dvar": 227.394226074,
        "dvar2": 541.711669922,
        "max": 210.1355896,
        "mean": 40.2370109558,
        "median": 36.2689590454,
        "min": 1.09159782891e-16,
        "var": 769.98046875
    },
    "melbands_crest": {
        "dmean": 3.99412202835,
        "dmean2": 5.86693572998,
        "dvar": 15.7154541016,
        "dvar2": 30.327796936,
        "max": 37.1590194702,
        "mean": 19.614320755,
        "median": 19.0952987671,
        "min": 1.58973407745,
        "var": 78.9594726562
    },
    "melbands_flatness_db": {
        "dmean": 0.0404095575213,
        "dmean2": 0.059207841754,
        "dvar": 0.00258538150229,
        "dvar2": 0.00484728161246,
        "max": 0.811284601688,
        "mean": 0.221731677651,
        "median": 0.196419492364,
        "min": 0.00235477159731,
        "var": 0.0169979818165
    },
    "melbands_kurtosis": {
        "dmean": 33.3714179993,
        "dmean2": 44.1414070129,
        "dvar": 3121.84277344,
        "dvar2": 4512.04101562,
        "max": 946.393188477,
        "mean": 67.5892944336,
        "median": 21.9272499084,
        "min": -1.67742073536,
        "var": 10894.2265625
    },
    "melbands_skewness": {
        "dmean": 1.56487727165,
        "dmean2": 2.14009046555,
        "dvar": 3.6745326519,
        "dvar2": 5.30811977386,
        "max": 25.2554798126,
        "mean": 5.54714918137,
        "median": 4.04669189453,
        "min": -0.487343907356,
        "var": 17.232219696
    },
    "melbands_spread": {
        "dmean": 8.82233333588,
        "dmean2": 13.6553630829,
        "dvar": 151.265701294,
        "dvar2": 312.37902832,
        "max": 208.328170776,
        "mean": 23.014497757,
        "median": 14.5446767807,
        "min": 0.202731281519,
        "var": 573.616943359
    },
    "pitch_salience": {
        "dmean": 0.0889506191015,
        "dmean2": 0.13162304461,
        "dvar": 0.0104285283014,
        "dvar2": 0.0180818829685,
        "max": 0.957536637783,
        "mean": 0.474510341883,
        "median": 0.514190196991,
        "min": 0.0259143207222,
        "var": 0.0508663281798
    },
    "silence_rate_20dB": {
        "dmean": 0,
        "dmean2": 0,
        "dvar": 0,
        "dvar2": 0,
        "max": 1,
        "mean": 1,
        "median": 1,
        "min": 1,
        "var": 0
    },
    "silence_rate_30dB": {
        "dmean": 0.12368658185,
        "dmean2": 0.247397914529,
        "dvar": 0.108392328024,
        "dvar2": 0.214808195829,
        "max": 1,
        "mean": 0.767260372639,
        "median": 1,
        "min": 0,
        "var": 0.178581655025
    },
    "silence_rate_60dB": {
        "dmean": 0.00360252172686,
        "dmean2": 0.00710568437353,
        "dvar": 0.00358951557428,
        "dvar2": 0.00785598531365,
        "max": 1,
        "mean": 0.0389233529568,
        "median": 0,
        "min": 0,
        "var": 0.0374086387455
    },
    "spectral_centroid": {
        "dmean": 378.523345947,
        "dmean2": 552.911499023,
        "dvar": 190948.984375,
        "dvar2": 384096.25,
        "max": 12068.0644531,
        "mean": 1690.37963867,
        "median": 1711.26342773,
        "min": 81.0135345459,
        "var": 1358233.75
    },
    "spectral_complexity": {
        "dmean": 6.08305835724,
        "dmean2": 9.00630474091,
        "dvar": 44.0177154541,
        "dvar2": 82.3308334351,
        "max": 62,
        "mean": 25.4595756531,
        "median": 25,
        "min": 0,
        "var": 241.361938477
    },
    "spectral_decrease": {
        "dmean": 4.87596540921e-09,
        "dmean2": 6.64077859369e-09,
        "dvar": 3.86630537967e-17,
        "dvar2": 5.39947339538e-17,
        "max": 1.68002239426e-28,
        "mean": -1.6995349128e-08,
        "median": -1.21430385747e-08,
        "min": -5.44590754714e-08,
        "var": 1.75265225179e-16
    },
    "spectral_energy": {
        "dmean": 0.0185665935278,
        "dmean2": 0.0251337513328,
        "dvar": 0.000537223066203,
        "dvar2": 0.000745314056985,
        "max": 0.209187045693,
        "mean": 0.0677938833833,
        "median": 0.050609126687,
        "min": 1.0191126064e-20,
        "var": 0.00251046614721
    },
    "spectral_energyband_high": {
        "dmean": 0.00126567319967,
        "dmean2": 0.00185696559492,
        "dvar": 2.46916670221e-06,
        "dvar2": 5.80963478569e-06,
        "max": 0.01767369546,
        "mean": 0.00308922608383,
        "median": 0.00246379850432,
        "min": 7.14192264522e-21,
        "var": 7.34932245905e-06
    },
    "spectral_energyband_low": {
        "dmean": 0.0182367898524,
        "dmean2": 0.0252375062555,
        "dvar": 0.000675641873386,
        "dvar2": 0.000989439547993,
        "max": 0.20032453537,
        "mean": 0.0507323145866,
        "median": 0.0273744426668,
        "min": 2.06214551512e-23,
        "var": 0.00265598879196
    },
    "spectral_energyband_middle_high": {
        "dmean": 0.00180635368451,
        "dmean2": 0.00277409190312,
        "dvar": 6.08907384958e-06,
        "dvar2": 1.38282402986e-05,
        "max": 0.0443548075855,
        "mean": 0.00454622553661,
        "median": 0.00331712025218,
        "min": 1.02600900261e-21,
        "var": 1.82812291314e-05
    },
    "spectral_energyband_middle_low": {
        "dmean": 0.00650090165436,
        "dmean2": 0.0103469090536,
        "dvar": 0.000146317455801,
        "dvar2": 0.000375124334823,
        "max": 0.107390612364,
        "mean": 0.0122799314559,
        "median": 0.00924208946526,
        "min": 1.73194424363e-22,
        "var": 0.000166713405633
    },
    "spectral_entropy": {
        "dmean": 0.187476247549,
        "dmean2": 0.265584498644,
        "dvar": 0.0910418257117,
        "dvar2": 0.201663374901,
        "max": 9.82484912872,
        "mean": 8.0075712204,
        "median": 8.17480659485,
        "min": 4.24843835831,
        "var": 0.385999143124
    },
    "spectral_flux": {
        "dmean": 0.0444388873875,
        "dmean2": 0.0647444278002,
        "dvar": 0.0025930639822,
        "dvar2": 0.00466139661148,
        "max": 0.466496735811,
        "mean": 0.126259371638,
        "median": 0.104135483503,
        "min": 6.44046690979e-11,
        "var": 0.00645593367517
    },
    "spectral_kurtosis": {
        "dmean": 2.14003825188,
        "dmean2": 3.36870193481,
        "dvar": 92.9302902222,
        "dvar2": 208.412322998,
        "max": 274.052581787,
        "mean": 5.07387542725,
        "median": 2.21289610863,
        "min": -1.27627635002,
        "var": 271.266998291
    },
    "spectral_rms": {
        "dmean": 0.00111564667895,
        "dmean2": 0.00152422348037,
        "dvar": 1.62705453022e-06,
        "dvar2": 2.29087754633e-06,
        "max": 0.0142858298495,
        "mean": 0.00749543728307,
        "median": 0.00702671753243,
        "min": 3.15318279299e-12,
        "var": 9.95884420263e-06
    },
    "spectral_rolloff": {
        "dmean": 801.285644531,
        "dmean2": 1282.84533691,
        "dvar": 1738724.125,
        "dvar2": 3553841.25,
        "max": 19745.9472656,
        "mean": 1789.13110352,
        "median": 581.396484375,
        "min": 43.06640625,
        "var": 7329633.5
    },
    "spectral_skewness": {
        "dmean": 0.23850081861,
        "dmean2": 0.355808794498,
        "dvar": 0.280514061451,
        "dvar2": 0.630839347839,
        "max": 13.620634079,
        "mean": 1.4130551815,
        "median": 1.23606514931,
        "min": -0.111916795373,
        "var": 1.19202852249
    },
    "spectral_spread": {
        "dmean": 671852.4375,
        "dmean2": 965867.3125,
        "dvar": 1.07178367386e+12,
        "dvar2": 2.16956390605e+12,
        "max": 49758264,
        "mean": 6831273,
        "median": 6567413,
        "min": 336041.03125,
        "var": 1.4373790679e+13
    },
    "spectral_strongpeak": {
        "dmean": 0.26197719574,
        "dmean2": 0.432132363319,
        "dvar": 0.197897210717,
        "dvar2": 0.484660774469,
        "max": 12.3109579086,
        "mean": 0.612881660461,
        "median": 0.556587219238,
        "min": 0,
        "var": 0.315659433603
    },
    "zerocrossingrate": {
        "dmean": 0.0165137574077,
        "dmean2": 0.0195523612201,
        "dvar": 0.000367931264918,
        "dvar2": 0.000439972936874,
        "max": 0.8388671875,
        "mean": 0.0796537995338,
        "median": 0.06494140625,
        "min": 0.001953125,
        "var": 0.00525101087987
    },
    "barkbands": {
        "dmean": [0.00165146286599, 0.0159955956042, 0.00894696451724, 0.00409828964621, 0.00235683610663, 0.00117422861513, 0.000673465663567, 0.000447784317657, 0.000441376760136, 0.000293467310257, 0.000278969790088, 0.000280070118606, 0.000364756007912, 0.000324402324622, 0.000226165269851, 0.000204214418773, 0.000207161981962, 0.00021663105872, 0.00026713105035, 0.000222934948397, 0.000243036090978, 0.000243415342993, 0.000246185547439, 0.000269777083304, 0.000200101872906, 0.000146079968545, 5.47125382582e-05],
        "dmean2": [0.00239465897903, 0.0219913944602, 0.0143215814605, 0.00718392804265, 0.00359454238787, 0.00202026218176, 0.00111806485802, 0.000722758763004, 0.00071775901597, 0.000481369643239, 0.000466321158456, 0.000472226616694, 0.00058392866049, 0.000516847940162, 0.000370237219613, 0.00033360751695, 0.000341586070135, 0.000349848647602, 0.000425248173997, 0.000357382174116, 0.000390685076127, 0.000390895147575, 0.000377541640773, 0.000390513829188, 0.000296987127513, 0.000227175652981, 8.83873581188e-05],
        "dvar": [6.82801237417e-06, 0.000581020722166, 0.00056444411166, 0.000110449633212, 1.70280964085e-05, 7.07726030669e-06, 1.2205269968e-06, 4.97692781209e-07, 4.7813080073e-07, 2.21721265348e-07, 1.86286712278e-07, 1.79160835501e-07, 3.04936804696e-07, 6.85820168655e-07, 9.66637898614e-08, 9.44122433566e-08, 1.15244880305e-07, 1.25128693185e-07, 1.66631707543e-07, 1.1776161557e-07, 1.21326777958e-07, 1.05788963367e-07, 1.16393195526e-07, 1.29391494852e-07, 8.18001097969e-08, 6.39610746589e-08, 1.33317170636e-08],
        "dvar2": [1.68498008861e-05, 0.00079773075413, 0.00137037097011, 0.000312570802635, 3.3898777474e-05, 2.02509800147e-05, 3.26683834828e-06, 1.18760192436e-06, 1.17271565614e-06, 5.5227832263e-07, 4.7568772743e-07, 4.64285363933e-07, 7.24326810086e-07, 1.40480358368e-06, 2.44986921416e-07, 2.292814969e-07, 2.93232119475e-07, 3.07443286829e-07, 3.96921905121e-07, 2.90204070552e-07, 3.03771400922e-07, 2.71347147418e-07, 2.57327315012e-07, 2.74009920531e-07, 1.84118135849e-07, 1.54283767984e-07, 3.31446088353e-08],
        "max": [0.06954074651, 0.181658223271, 0.160773485899, 0.0916819572449, 0.0669560059905, 0.0293415561318, 0.0178069509566, 0.0155201712623, 0.0148235596716, 0.00912718940526, 0.00646485481411, 0.00635243952274, 0.00814960803837, 0.0433295816183, 0.00388457882218, 0.00499604316428, 0.0059899748303, 0.00592964887619, 0.00526419654489, 0.00488335033879, 0.00442362809554, 0.00352704315446, 0.0044597168453, 0.00501738255844, 0.00450780848041, 0.0061380029656, 0.0019383005565],
        "mean": [0.00236274348572, 0.0375248938799, 0.008076492697, 0.00424383440986, 0.00405494170263, 0.00154321361333, 0.000955694646109, 0.000647669075988, 0.000691392866429, 0.000435225316323, 0.000391808309359, 0.000428162456956, 0.000663045793772, 0.000542602792848, 0.000381112156902, 0.000332197727403, 0.000347224238794, 0.000386160827475, 0.00051097443793, 0.000410820503021, 0.00047890614951, 0.000456590554677, 0.000519863562658, 0.000619245751295, 0.000418221345171, 0.000292564567644, 7.83214418334e-05],
        "median": [0.000777293462306, 0.0125326681882, 0.00132830091752, 0.00140512606595, 0.00205904152244, 0.000829933676869, 0.000552546465769, 0.000355155556463, 0.000400405202527, 0.000266567396466, 0.000225913536269, 0.000255670049228, 0.0002958830446, 0.00025310376077, 0.00023909455922, 0.000194351101527, 0.000201300310437, 0.000211250546272, 0.000233443497564, 0.00025465383078, 0.000349633337464, 0.000338513607858, 0.000279342784779, 0.00037121612695, 0.000306728732539, 0.000182694697287, 2.0763502107e-05],
        "min": [1.63233292528e-25, 2.46908730169e-24, 1.44636552428e-24, 7.95569920701e-25, 7.16882396329e-24, 9.45212032231e-24, 7.17921405028e-24, 7.93489783241e-24, 1.38740138622e-23, 1.04415948666e-23, 9.72599389594e-24, 2.49871391962e-23, 2.11564227518e-23, 2.98558325087e-23, 4.55386239628e-23, 5.21502817796e-23, 5.48178117752e-23, 9.89265212176e-23, 1.26803130114e-22, 1.57200490391e-22, 2.72394528853e-22, 3.49760276152e-22, 3.44078054254e-22, 5.25822973523e-22, 9.29904994158e-22, 1.23958002916e-21, 1.96130460519e-21],
        "var": [1.44087416629e-05, 0.00203247531317, 0.000499692396261, 7.75668668211e-05, 3.47977329511e-05, 5.51608172827e-06, 1.51938536419e-06, 7.84629492045e-07, 7.29473185856e-07, 3.25456397832e-07, 2.51269739238e-07, 2.84268310224e-07, 9.22297942907e-07, 1.6300795096e-06, 1.86347222098e-07, 1.67987025179e-07, 2.05510829687e-07, 2.45925804165e-07, 4.31716046023e-07, 2.15715814988e-07, 2.21660087618e-07, 1.85066824088e-07, 3.57740475465e-07, 4.95070651141e-07, 2.03775755381e-07, 1.48918473997e-07, 2.15112585522e-08]
    },
    "erbbands": {
        "dmean": [0.552540123463, 3.77497363091, 8.88587284088, 13.7696352005, 9.24260139465, 8.19662094116, 11.7787590027, 8.41815567017, 9.61193656921, 8.78220176697, 9.99283218384, 9.82681846619, 9.24543476105, 9.09432888031, 11.4529876709, 11.8706417084, 14.8165712357, 18.5742378235, 12.1913251877, 10.8713388443, 10.9624862671, 11.0797548294, 11.1230611801, 13.8836402893, 11.5775642395, 10.6496763229, 9.68874263763, 10.1212368011, 9.0271062851, 7.3463807106, 7.60909128189, 5.60801506042, 4.68350172043, 2.44361972809, 1.34341025352, 0.602788329124, 0.279414772987, 0.0899844095111, 0.0089326556772, 0.000133174980874],
        "dmean2": [0.705955326557, 4.82589578629, 12.4314498901, 23.587884903, 15.2567367554, 12.8446846008, 20.3156642914, 14.3562994003, 15.9177484512, 14.4409542084, 16.0468101501, 15.9935398102, 15.1664943695, 15.0909700394, 18.9631385803, 19.9826107025, 24.1891307831, 28.8262023926, 19.7964057922, 17.6709499359, 17.8244171143, 18.0485363007, 17.875333786, 22.2643413544, 18.4579238892, 17.1898574829, 15.743432045, 16.1001605988, 14.6135406494, 11.6650085449, 11.513422966, 8.53810787201, 6.7205824852, 3.61706876755, 2.03541922569, 0.925153136253, 0.44071277976, 0.140603259206, 0.0143434759229, 0.00020632147789],
        "dvar": [0.595432817936, 35.7298126221, 413.396820068, 1312.38061523, 300.451568604, 318.582550049, 1024.21398926, 256.652099609, 259.076385498, 195.313049316, 273.365142822, 230.619110107, 258.316253662, 231.722198486, 314.467132568, 327.650817871, 492.384429932, 2115.77416992, 322.863220215, 233.890930176, 291.338287354, 355.58795166, 343.798461914, 473.607269287, 305.509246826, 273.547363281, 219.912139893, 192.498428345, 155.662445068, 97.6175918579, 119.229774475, 54.6304397583, 42.3453559875, 12.0720968246, 3.86687684059, 0.942728459835, 0.278662025928, 0.0355056785047, 0.00034836033592, 6.45243574127e-08],
        "dvar2": [0.847696244717, 46.2731323242, 885.10546875, 3560.73779297, 763.955749512, 747.333435059, 2901.9206543, 717.280395508, 685.073242188, 496.184997559, 642.273986816, 576.623962402, 624.191101074, 610.593444824, 783.292907715, 860.2578125, 1261.18920898, 4305.12158203, 795.909851074, 559.253356934, 710.265136719, 887.216064453, 839.213195801, 1130.75524902, 741.03692627, 672.99609375, 554.638671875, 473.198150635, 403.392852783, 240.8881073, 260.446502686, 121.592483521, 86.8265151978, 27.069978714, 9.06769752502, 2.29358458519, 0.687160789967, 0.0861481800675, 0.000847800518386, 1.55744331209e-07],
        "max": [7.090965271, 48.9051208496, 155.857330322, 270.144134521, 254.825088501, 274.492095947, 335.49911499, 184.517959595, 260.311767578, 311.077148438, 477.169891357, 232.181488037, 384.406829834, 412.884918213, 276.094299316, 271.877288818, 341.22467041, 2451.94873047, 506.845367432, 267.858551025, 318.193939209, 351.564666748, 425.33303833, 306.628112793, 266.898498535, 248.797180176, 200.886642456, 154.880020142, 141.075927734, 88.3219985962, 155.749649048, 92.1490249634, 88.9258422852, 50.7939224243, 30.0209236145, 21.2628974915, 12.7368736267, 3.05494880676, 0.315359443426, 0.004481008742],
        "mean": [1.27969968319, 7.47926235199, 10.3419799805, 14.0393686295, 12.9375190735, 12.3373155594, 13.7019004822, 11.4643573761, 13.83162117, 13.1880970001, 14.9963636398, 15.6509370804, 14.4540910721, 13.9634971619, 17.3745098114, 18.6106319427, 25.7040500641, 34.2165260315, 22.0169124603, 19.1964263916, 18.90675354, 19.4153327942, 20.4976463318, 26.576593399, 22.0334091187, 19.5412597656, 18.1453762054, 20.0404014587, 16.7113113403, 13.9543209076, 16.047039032, 12.8474082947, 10.1030158997, 4.98773384094, 2.80806303024, 1.17240774632, 0.545686662197, 0.164490148425, 0.0130205489695, 0.000283400382614],
        "median": [0.351733744144, 2.54662132263, 2.39764595032, 4.28779935837, 5.3639087677, 6.21837902069, 6.58509540558, 6.14841270447, 7.87345409393, 7.82159423828, 8.65895462036, 9.15592765808, 9.04208850861, 9.04883384705, 10.5890045166, 11.3702173233, 13.7974700928, 14.0543899536, 13.8238334656, 11.9451713562, 11.1926803589, 11.2685413361, 11.410741806, 11.8988456726, 11.9046974182, 12.0389699936, 12.5507936478, 14.8661355972, 12.4942464828, 9.14555740356, 8.2858505249, 7.77660560608, 5.77304649353, 3.32193565369, 2.14401435852, 0.838524341583, 0.301445096731, 0.0608988627791, 0.00363988941535, 0.000189487647731],
        "min": [1.18542885534e-22, 3.41997127538e-22, 2.72024059578e-21, 5.242100824e-21, 1.76182685008e-20, 1.25962320509e-20, 8.21618986156e-20, 7.66229938364e-20, 1.23830062148e-19, 1.93900531837e-19, 1.48710633922e-19, 4.51062983892e-19, 5.18244783786e-19, 8.84498438739e-19, 6.79501524553e-19, 1.13737272187e-18, 1.19068740749e-18, 1.71200837257e-18, 2.10280106418e-18, 2.80417825891e-18, 4.05932557679e-18, 4.31220213467e-18, 5.30083558149e-18, 6.98831959987e-18, 7.50609909456e-18, 8.53169965655e-18, 8.91311429136e-18, 1.04378091652e-17, 1.03933473801e-17, 1.2036853514e-17, 9.18392991519e-18, 9.79830342591e-18, 9.30058554261e-18, 9.12081107136e-18, 6.91532091081e-18, 4.20229671463e-18, 2.318654879e-18, 1.02332095562e-18, 2.2768852049e-19, 2.75617807949e-20],
        "var": [2.452013731, 113.640731812, 530.380432129, 971.459472656, 360.175354004, 414.27947998, 700.159667969, 251.103286743, 334.584014893, 285.938049316, 416.986846924, 352.789337158, 376.731201172, 300.59197998, 465.506256104, 510.025756836, 1090.71032715, 5911.23730469, 674.552368164, 480.443206787, 542.159667969, 641.716796875, 722.81451416, 1213.6307373, 655.203796387, 494.227478027, 363.760498047, 398.370788574, 250.719451904, 201.655548096, 387.277923584, 201.695571899, 144.298995972, 29.9318084717, 9.33921909332, 2.15951395035, 0.585147559643, 0.0691938921809, 0.000577603757847, 1.18457741394e-07]
    },
    "gfcc": {
        "mean": [33.9397277832, 56.6495475769, -78.0208587646, 38.6511268616, -46.6836013794, 22.7142887115, -28.8907871246, 10.410077095, -21.4865932465, 8.90638828278, -13.7414541245, 4.52491664886, -12.8893461227],
        "cov": [[23074.1152344, -2354.63549805, -961.666381836, 888.913757324, -922.080383301, 623.893859863, -1021.71942139, 398.007568359, -637.569458008, 346.212554932, -465.909240723, 144.856567383, -537.459716797], [-2354.63549805, 2576.39282227, -52.7582054138, -364.095214844, 354.069335938, -241.607925415, 467.45300293, -143.359283447, 277.685577393, -158.898986816, 176.167572021, -128.374313354, 189.11227417], [-961.666381836, -52.7582054138, 1042.68127441, 276.307800293, 153.484909058, 151.233200073, 47.6165733337, 42.0368041992, 29.1358394623, -29.8171443939, 24.4906082153, -10.2527637482, 18.1753673553], [888.913757324, -364.095214844, 276.307800293, 570.955871582, -11.7993173599, 231.60345459, -41.6973571777, 79.0726776123, -32.9526634216, 42.1946754456, 7.9734916687, 32.8622627258, -20.0996742249], [-922.080383301, 354.069335938, 153.484909058, -11.7993173599, 293.53213501, 30.3296775818, 187.341445923, 7.98259878159, 103.818725586, -4.00699996948, 68.0440826416, -8.8299665451, 56.6675300598], [623.893859863, -241.607925415, 151.233200073, 231.60345459, 30.3296775818, 288.867492676, 15.0465106964, 62.2802772522, 5.07633686066, 51.8215370178, 35.0374450684, 38.6316871643, -2.54594755173], [-1021.71942139, 467.45300293, 47.6165733337, -41.6973571777, 187.341445923, 15.0465106964, 242.37638855, 32.0772895813, 134.244430542, 4.14824771881, 85.7222595215, 12.9210786819, 84.0557327271], [398.007568359, -143.359283447, 42.0368041992, 79.0726776123, 7.98259878159, 62.2802772522, 32.0772895813, 108.628341675, 36.3802909851, 50.4488601685, 9.42693901062, 40.8958969116, 12.6912956238], [-637.569458008, 277.685577393, 29.1358394623, -32.9526634216, 103.818725586, 5.07633686066, 134.244430542, 36.3802909851, 128.313827515, 26.455827713, 70.467666626, 11.885430336, 55.2792015076], [346.212554932, -158.898986816, -29.8171443939, 42.1946754456, -4.00699996948, 51.8215370178, 4.14824771881, 50.4488601685, 26.455827713, 80.8594894409, 28.6459674835, 42.9942512512, 6.29663085938], [-465.909240723, 176.167572021, 24.4906082153, 7.9734916687, 68.0440826416, 35.0374450684, 85.7222595215, 9.42693901062, 70.467666626, 28.6459674835, 92.3729858398, 25.7875347137, 47.6693916321], [144.856567383, -128.374313354, -10.2527637482, 32.8622627258, -8.8299665451, 38.6316871643, 12.9210786819, 40.8958969116, 11.885430336, 42.9942512512, 25.7875347137, 77.892791748, 38.4757537842], [-537.459716797, 189.11227417, 18.1753673553, -20.0996742249, 56.6675300598, -2.54594755173, 84.0557327271, 12.6912956238, 55.2792015076, 6.29663085938, 47.6693916321, 38.4757537842, 84.6770401001]],
        "icov": [[8.76396297826e-05, -0.000117130824947, 9.03762993403e-05, -4.83988915221e-05, -4.15829126723e-05, -0.000171712148585, 0.000327277055476, -0.000401187047828, 0.000252044876106, -0.000279553903965, 0.000248836964602, -0.0002351867588, 0.000367915723473], [-0.000117130824947, 0.00124634522945, -9.70523979049e-06, 8.30352873891e-05, 0.000293010467431, 0.000588319671806, -0.00180996663403, 0.00132443441544, -0.00109023984987, 0.00158121879213, -0.00120153510943, 0.00216073030606, -0.00179661461152], [9.03762993403e-05, -9.70523979049e-06, 0.00144485407509, -0.000574218633119, -0.000955301104113, -0.000478847883642, 0.00111098366324, -0.00101009546779, -0.000297142134514, 0.00133649760392, -7.19558229321e-05, 9.80948025244e-05, -8.71179145179e-05], [-4.83988915221e-05, 8.30352873891e-05, -0.000574218633119, 0.00311618926935, 0.000125116319396, -0.0017536043888, 0.000243617017986, -0.0014722495107, 0.00126391695812, 0.000206628683372, -0.0010653991485, 0.00066107371822, -0.00032841792563], [-4.15829126723e-05, 0.000293010467431, -0.000955301104113, 0.000125116319396, 0.00794170238078, -0.000333907548338, -0.00663109775633, 0.00228617503308, -0.00053731148364, -0.00110717746429, -2.46802974289e-05, 0.00220930762589, -0.000325441593304], [-0.000171712148585, 0.000588319671806, -0.000478847883642, -0.0017536043888, -0.000333907548338, 0.00669994903728, -0.00205004005693, -0.000259566819295, 0.00137932505459, -0.000742813339457, -0.00330955884419, -2.36586256506e-05, 0.000810196099337], [0.000327277055476, -0.00180996663403, 0.00111098366324, 0.000243617017986, -0.00663109775633, -0.00205004005693, 0.0205555167049, -0.00644189585, -0.00760338036343, 0.00377960200422, -0.00131776474882, -0.00254397909157, -0.00254386127926], [-0.000401187047828, 0.00132443441544, -0.00101009546779, -0.0014722495107, 0.00228617503308, -0.000259566819295, -0.00644189585, 0.0230849459767, -0.00962417759001, -0.00619307858869, 0.00857816170901, -0.00522324116901, 4.7602916311e-05], [0.000252044876106, -0.00109023984987, -0.000297142134514, 0.00126391695812, -0.00053731148364, 0.00137932505459, -0.00760338036343, -0.00962417759001, 0.0312789343297, -0.00944532547146, -0.00990024488419, 0.00854194909334, -0.00423565274104], [-0.000279553903965, 0.00158121879213, 0.00133649760392, 0.000206628683372, -0.00110717746429, -0.000742813339457, 0.00377960200422, -0.00619307858869, -0.00944532547146, 0.0328409001231, -0.00995182339102, -0.0104929786175, 0.00644568447024], [0.000248836964602, -0.00120153510943, -7.19558229321e-05, -0.0010653991485, -2.46802974289e-05, -0.00330955884419, -0.00131776474882, 0.00857816170901, -0.00990024488419, -0.00995182339102, 0.0299559738487, -0.0061241928488, -0.00291319470853], [-0.0002351867588, 0.00216073030606, 9.80948025244e-05, 0.00066107371822, 0.00220930762589, -2.36586256506e-05, -0.00254397909157, -0.00522324116901, 0.00854194909334, -0.0104929786175, -0.0061241928488, 0.0378176383674, -0.0228857472539], [0.000367915723473, -0.00179661461152, -8.71179145179e-05, -0.00032841792563, -0.000325441593304, 0.000810196099337, -0.00254386127926, 4.7602916311e-05, -0.00423565274104, 0.00644568447024, -0.00291319470853, -0.0228857472539, 0.0351829119027]]
    },
    "melbands": {
        "dmean": [0.00459287734702, 0.00415417132899, 0.00212449277751, 0.000597179110628, 0.000389159162296, 0.000193590458366, 0.000145102458191, 9.34589188546e-05, 8.13445803942e-05, 6.25443717581e-05, 4.66560559289e-05, 3.74397204723e-05, 3.93668087781e-05, 3.24826105498e-05, 3.0356219213e-05, 3.77644064429e-05, 3.53414943675e-05, 2.10580383282e-05, 1.71630454133e-05, 1.44815621752e-05, 1.36201533678e-05, 1.24362295537e-05, 1.11430708785e-05, 1.05797798824e-05, 1.21444418255e-05, 1.00499792097e-05, 7.73938427301e-06, 7.51432116886e-06, 6.43059229333e-06, 5.90490844843e-06, 6.65319248583e-06, 5.60761736779e-06, 4.54264818472e-06, 4.23335995947e-06, 4.83751864522e-06, 3.96633458877e-06, 3.6252922655e-06, 3.70405655303e-06, 2.5011836442e-06, 2.10461848837e-06],
        "dmean2": [0.00600765971467, 0.00506066950038, 0.00354664539918, 0.00093292654492, 0.000658444419969, 0.000330407347064, 0.000239929839154, 0.000153161410708, 0.000130265849293, 0.00010214982467, 7.64540891396e-05, 6.2261671701e-05, 6.54783871141e-05, 5.44917820662e-05, 5.11547659698e-05, 6.02480249654e-05, 5.52680976398e-05, 3.44306718034e-05, 2.80289859802e-05, 2.38928842009e-05, 2.23095103138e-05, 2.05198539334e-05, 1.81867217179e-05, 1.72084728547e-05, 1.96212895389e-05, 1.61959505931e-05, 1.24870011859e-05, 1.22648871184e-05, 1.05072003862e-05, 9.80282948149e-06, 1.05865938167e-05, 9.22594153963e-06, 7.33410797693e-06, 6.78994774717e-06, 7.48324464439e-06, 6.4266314439e-06, 5.47536728845e-06, 5.35030630999e-06, 3.77784181183e-06, 3.23109998135e-06],
        "dvar": [3.76666175725e-05, 5.45695329492e-05, 2.75387355941e-05, 1.31356750899e-06, 1.04044477212e-06, 1.50735530724e-07, 5.70651010889e-08, 2.17552766912e-08, 1.87170563493e-08, 9.61886481576e-09, 6.3643272874e-09, 3.98066468676e-09, 3.74144804027e-09, 2.41977859972e-09, 2.00930672101e-09, 3.62905328011e-09, 9.57413526237e-09, 1.09868758535e-09, 5.89856663513e-10, 4.50019022047e-10, 4.6306505852e-10, 4.69197902753e-10, 3.56041973681e-10, 3.17627729673e-10, 3.75444370038e-10, 2.33024877172e-10, 1.42316866625e-10, 1.38711070408e-10, 9.50629783225e-11, 7.87273163327e-11, 8.80227279954e-11, 6.0052941786e-11, 3.75437458899e-11, 3.45313881656e-11, 5.41465275394e-11, 3.18688478385e-11, 2.35464894111e-11, 2.74447790882e-11, 1.18185912446e-11, 9.29831298763e-12],
        "dvar2": [4.99920097354e-05, 8.86050329427e-05, 7.27182414266e-05, 2.9116101814e-06, 2.85304463432e-06, 4.24557214274e-07, 1.50891807493e-07, 5.41800773135e-08, 4.3350482315e-08, 2.41887754271e-08, 1.53743044962e-08, 1.04558628422e-08, 9.37682642643e-09, 6.28302077033e-09, 5.22822451998e-09, 8.70134542197e-09, 1.89313222876e-08, 2.71213784764e-09, 1.48401380073e-09, 1.11511144762e-09, 1.15690079738e-09, 1.19490528583e-09, 8.94213314506e-10, 7.89527443423e-10, 9.05956198949e-10, 5.64077395904e-10, 3.53973378386e-10, 3.48333112354e-10, 2.41122649625e-10, 2.00838637388e-10, 2.11661341232e-10, 1.55711582517e-10, 9.74928124342e-11, 8.66707886016e-11, 1.18693249673e-10, 8.30833873922e-11, 5.25489304848e-11, 5.68685688818e-11, 2.755787612e-11, 2.11094232372e-11],
        "max": [0.051097266376, 0.0612894743681, 0.0394446887076, 0.0181585550308, 0.0108689125627, 0.00449335668236, 0.00400300137699, 0.00379781285301, 0.00486275972798, 0.0015096218558, 0.00187357107643, 0.00159335695207, 0.000989872845821, 0.000792896666098, 0.00059361953754, 0.000889097573236, 0.00559379113838, 0.00127856899053, 0.000396327348426, 0.000274728779914, 0.000474282773212, 0.000453322922112, 0.000500793801621, 0.000262464542175, 0.000286746886559, 0.000192614184925, 0.000151586689753, 0.00016841685283, 0.000125501901493, 0.000120685501315, 0.000134809029987, 9.35289936024e-05, 7.73850188125e-05, 5.2046692872e-05, 0.000109502398118, 7.00700038578e-05, 7.1515518357e-05, 7.56574663683e-05, 5.02866714669e-05, 4.37460657849e-05],
        "mean": [0.010954159312, 0.00716790230945, 0.00232566823252, 0.000950620800722, 0.000473397725727, 0.000263025343884, 0.000210415339097, 0.000140330419526, 0.000122523633763, 9.71036861301e-05, 7.15715723345e-05, 5.51684461243e-05, 5.66584385524e-05, 5.0047881814e-05, 4.61843555968e-05, 6.77162679494e-05, 6.24375898042e-05, 3.57825374522e-05, 2.82760011032e-05, 2.33685586863e-05, 2.19669236685e-05, 2.01357688638e-05, 1.88502417586e-05, 1.82134645001e-05, 2.21426089411e-05, 1.82751955435e-05, 1.35431846502e-05, 1.28714464154e-05, 1.14083186418e-05, 1.03317788671e-05, 1.25829246826e-05, 9.77178569883e-06, 8.01492478786e-06, 7.50540220906e-06, 9.71596000454e-06, 7.88012675912e-06, 7.87291901361e-06, 7.612871741e-06, 5.12874157721e-06, 3.94566222894e-06],
        "median": [0.00364032853395, 0.00258242851123, 0.000869331648573, 0.000429114268627, 0.000242116395384, 0.000141867669299, 0.00012113746925, 8.31096840557e-05, 6.95868002367e-05, 5.63719440834e-05, 4.3982268835e-05, 3.49410183844e-05, 3.34455216944e-05, 3.02699390886e-05, 2.75018137472e-05, 2.90159296128e-05, 2.47032912739e-05, 2.12713493966e-05, 1.68477272382e-05, 1.40201482282e-05, 1.23033896671e-05, 1.13024725579e-05, 1.04531955003e-05, 9.59234967013e-06, 9.37641198107e-06, 8.63115656102e-06, 7.93801882537e-06, 7.7820941442e-06, 7.48171260057e-06, 7.4944091466e-06, 8.44422629598e-06, 7.03245677869e-06, 5.7739453041e-06, 4.65739503852e-06, 4.53507982456e-06, 4.60506089439e-06, 4.70533450425e-06, 4.09171116189e-06, 3.31633737005e-06, 2.58433783529e-06],
        "min": [1.51652947559e-24, 1.34630916807e-24, 1.97261335225e-24, 1.46457913929e-24, 2.21492006511e-24, 1.70990985182e-24, 1.83313525003e-24, 2.09566244005e-24, 1.25696317638e-24, 2.13429769174e-24, 2.01812372395e-24, 3.1867170254e-24, 1.37537425509e-24, 2.13534529902e-24, 2.61725805944e-24, 2.29391738502e-24, 2.52590658611e-24, 2.77356493135e-24, 3.55945202818e-24, 4.04667461135e-24, 4.0209573514e-24, 3.139353225e-24, 4.34669537411e-24, 4.49547769628e-24, 3.43788382952e-24, 4.70939784111e-24, 4.49500161872e-24, 5.22183754641e-24, 4.24376716978e-24, 5.26031660364e-24, 4.96101212658e-24, 4.50895262383e-24, 5.28012490097e-24, 5.70780505188e-24, 3.98171349352e-24, 4.34065664388e-24, 5.68064733193e-24, 5.834052379e-24, 6.77308794589e-24, 6.47349159029e-24],
        "var": [0.000158210474183, 0.000134153640829, 2.19770809053e-05, 2.18864147428e-06, 7.71027771407e-07, 1.38342201694e-07, 7.47513198007e-08, 3.32736469488e-08, 2.89554691335e-08, 1.40125857584e-08, 9.34233135297e-09, 5.0337822799e-09, 5.25722576583e-09, 3.81121978421e-09, 3.19193516063e-09, 1.07368425262e-08, 2.55366980895e-08, 2.0487351815e-09, 1.10226250349e-09, 7.78347830632e-10, 8.10510825122e-10, 7.34245497735e-10, 7.06284919438e-10, 5.87337734004e-10, 9.4318608479e-10, 5.32678123832e-10, 2.57815213622e-10, 2.2849523662e-10, 1.56146512387e-10, 1.15835042946e-10, 2.0134469092e-10, 9.15457709638e-11, 6.34347435691e-11, 6.55116377812e-11, 1.62301491691e-10, 7.92750171064e-11, 8.17606676806e-11, 8.9582133378e-11, 3.13384110329e-11, 2.0306527293e-11]
    },
    "mfcc": {
        "mean": [-613.081848145, 93.5478286743, 26.3455486298, 25.278553009, 11.7837352753, 15.3530273438, 8.52202320099, 6.42802524567, 2.20111107826, 5.30350923538, 3.89650440216, 3.81529688835, -0.343070745468],
        "cov": [[10772.2558594, -1948.3380127, -204.165878296, 129.606491089, 93.9489517212, -0.530906021595, -129.412109375, -148.378158569, -161.370773315, 4.05778026581, -7.18132925034, -13.231713295, -181.663162231], [-1948.3380127, 2188.78125, -51.5340156555, -80.6208572388, -49.5919532776, -42.4414825439, 69.125328064, 65.9603881836, 111.488693237, 36.3104286194, 19.0517253876, 11.1405706406, 75.8222427368], [-204.165878296, -51.5340156555, 822.951049805, 204.533920288, 222.016815186, 148.483459473, 97.537940979, 94.1638565063, 23.5369968414, 24.4651412964, 16.2581768036, 16.8500919342, 6.82060575485], [129.606491089, -80.6208572388, 204.533920288, 315.355377197, 92.7053146362, 72.5630493164, 52.3984680176, 53.0350227356, 36.0333366394, 17.8919715881, 9.92803573608, 21.4466762543, 19.0141067505], [93.9489517212, -49.5919532776, 222.016815186, 92.7053146362, 173.530059814, 111.186302185, 76.1940078735, 51.6832199097, 19.9576473236, 30.6332035065, 24.7271080017, 19.9446697235, 1.85953330994], [-0.530906021595, -42.4414825439, 148.483459473, 72.5630493164, 111.186302185, 181.27406311, 96.5805053711, 69.1562194824, 24.0307102203, 33.2100830078, 34.0185585022, 32.6726226807, 25.6153373718], [-129.412109375, 69.125328064, 97.537940979, 52.3984680176, 76.1940078735, 96.5805053711, 104.615997314, 68.5010681152, 39.9959602356, 30.6629924774, 26.2598762512, 29.1105518341, 28.5524177551], [-148.378158569, 65.9603881836, 94.1638565063, 53.0350227356, 51.6832199097, 69.1562194824, 68.5010681152, 96.176109314, 58.649646759, 32.0709037781, 25.9743423462, 29.1027507782, 35.9652671814], [-161.370773315, 111.488693237, 23.5369968414, 36.0333366394, 19.9576473236, 24.0307102203, 39.9959602356, 58.649646759, 85.969619751, 34.1198501587, 18.4113826752, 24.6845798492, 38.8175163269], [4.05778026581, 36.3104286194, 24.4651412964, 17.8919715881, 30.6332035065, 33.2100830078, 30.6629924774, 32.0709037781, 34.1198501587, 63.3126564026, 41.9141693115, 23.2145614624, 13.3475074768], [-7.18132925034, 19.0517253876, 16.2581768036, 9.92803573608, 24.7271080017, 34.0185585022, 26.2598762512, 25.9743423462, 18.4113826752, 41.9141693115, 58.3868789673, 32.3528175354, 15.9100694656], [-13.231713295, 11.1405706406, 16.8500919342, 21.4466762543, 19.9446697235, 32.6726226807, 29.1105518341, 29.1027507782, 24.6845798492, 23.2145614624, 32.3528175354, 51.7550811768, 35.1326255798], [-181.663162231, 75.8222427368, 6.82060575485, 19.0141067505, 1.85953330994, 25.6153373718, 28.5524177551, 35.9652671814, 38.8175163269, 13.3475074768, 15.9100694656, 35.1326255798, 70.0039672852]],
