{
"lowlevel": {
    "average_loudness": 0.925229370594,
    "barkbands_crest": {
        "dmean": 3.56419467926,
        "dmean2": 5.50113010406,
        "dvar": 9.90998077393,
        "dvar2": 22.7017784119,
        "max": 25.3318347931,
        "mean": 13.1638040543,
        "median": 13.0904016495,
        "min": 1.97671353817,
        "var": 27.1508178711
    },
    "barkbands_flatness_db": {
        "dmean": 0.0297381989658,
        "dmean2": 0.0461759231985,
        "dvar": 0.000902056228369,
        "dvar2": 0.00217107427306,
        "max": 0.58517485857,
        "mean": 0.146369293332,
        "median": 0.118000596762,
        "min": 0.012143230997,
        "var": 0.00799369905144
    },
    "barkbands_kurtosis": {
        "dmean": 4.69469594955,
        "dmean2": 6.93539524078,
        "dvar": 287.311187744,
        "dvar2": 568.945983887,
        "max": 594.198974609,
        "mean": 4.75574588776,
        "median": 0.799452662468,
        "min": -1.81549477577,
        "var": 476.866821289
    },
    "barkbands_skewness": {
        "dmean": 0.780635356903,
        "dmean2": 1.15333449841,
        "dvar": 0.765209197998,
        "dvar2": 1.67922616005,
        "max": 18.600440979,
        "mean": 1.53510427475,
        "median": 1.30354976654,
        "min": -4.66919088364,
        "var": 2.23119330406
    },
    "barkbands_spread": {
        "dmean": 9.42529773712,
        "dmean2": 15.2837667465,
        "dvar": 100.855979919,
        "dvar2": 268.262023926,
        "max": 131.252914429,
        "mean": 37.184463501,
        "median": 40.8022155762,
        "min": 0.194648832083,
        "var": 453.828094482
    },
    "dissonance": {
        "dmean": 0.0146833276376,
        "dmean2": 0.0246211793274,
        "dvar": 0.000348973058863,
        "dvar2": 0.000913242460229,
        "max": 0.500000059605,
        "mean": 0.467115908861,
        "median": 0.479359924793,
        "min": 0.0610847510397,
        "var": 0.00147803791333
    },
    "dynamic_complexity": 1.52498054504,
    "erbbands_crest": {
        "dmean": 2.24776387215,
        "dmean2": 3.59624481201,
        "dvar": 5.49207735062,
        "dvar2": 12.6370162964,
        "max": 31.4680423737,
        "mean": 8.74010753632,
        "median": 7.64639568329,
        "min": 2.37083244324,
        "var": 18.7033729553
    },
    "erbbands_flatness_db": {
        "dmean": 0.0172966346145,
        "dmean2": 0.0250565074384,
        "dvar": 0.000313592638122,
        "dvar2": 0.000630423077382,
        "max": 0.543953716755,
        "mean": 0.150704115629,
        "median": 0.118944920599,
        "min": 0.0302835814655,
        "var": 0.00688586523756
    },
    "erbbands_kurtosis": {
        "dmean": 0.743196547031,
        "dmean2": 1.16671049595,
        "dvar": 1.8829703331,
        "dvar2": 4.3360991478,
        "max": 54.3994560242,
        "mean": 0.101465418935,
        "median": -0.35472881794,
        "min": -1.83817028999,
        "var": 4.18883180618
    },
    "erbbands_skewness": {
        "dmean": 0.33015704155,
        "dmean2": 0.495586901903,
        "dvar": 0.13719625771,
        "dvar2": 0.320102006197,
        "max": 5.3988571167,
        "mean": -0.167341306806,
        "median": -0.232822164893,
        "min": -3.29999995232,
        "var": 0.632178723812
    },
    "erbbands_spread": {
        "dmean": 8.00323200226,
        "dmean2": 12.5737476349,
        "dvar": 101.993476868,
        "dvar2": 258.433685303,
        "max": 172.373123169,
        "mean": 41.4358291626,
        "median": 41.4698944092,
        "min": 0.68610483408,
        "var": 324.543609619
    },
    "hfc": {
        "dmean": 10.4973402023,
        "dmean2": 15.7357130051,
        "dvar": 155.724227905,
        "dvar2": 363.044586182,
        "max": 226.647857666,
        "mean": 42.0791854858,
        "median": 43.3428192139,
        "min": 1.2044500137e-16,
        "var": 670.418273926
    },
    "melbands_crest": {
        "dmean": 4.83647823334,
        "dmean2": 7.38360023499,
        "dvar": 20.9940414429,
        "dvar2": 45.0446624756,
        "max": 36.5514030457,
        "mean": 21.2034378052,
        "median": 21.3936157227,
        "min": 1.60799252987,
        "var": 63.6172103882
    },
    "melbands_flatness_db": {
        "dmean": 0.0395108163357,
        "dmean2": 0.0604399442673,
        "dvar": 0.00147225870751,
        "dvar2": 0.00363646936603,
        "max": 0.705048441887,
        "mean": 0.223484963179,
        "median": 0.194537162781,
        "min": 0.00273880455643,
        "var": 0.0110837575048
    },
    "melbands_kurtosis": {
        "dmean": 14.1009721756,
        "dmean2": 21.7070655823,
        "dvar": 829.14642334,
        "dvar2": 1806.71203613,
        "max": 816.664916992,
        "mean": 19.4703464508,
        "median": 9.05397224426,
        "min": -1.7004506588,
        "var": 1629.21118164
    },
    "melbands_skewness": {
        "dmean": 1.24257612228,
        "dmean2": 1.86658346653,
        "dvar": 1.84495472908,
        "dvar2": 4.34780359268,
        "max": 24.2789955139,
        "mean": 3.27324390411,
        "median": 2.82416939735,
        "min": -1.49650359154,
        "var": 5.29989433289
    },
    "melbands_spread": {
        "dmean": 12.8765296936,
        "dmean2": 20.1216564178,
        "dvar": 207.732284546,
        "dvar2": 479.042419434,
        "max": 189.022140503,
        "mean": 29.9536361694,
        "median": 24.9581661224,
        "min": 0.200153484941,
        "var": 490.337615967
    },
    "pitch_salience": {
        "dmean": 0.0916428118944,
        "dmean2": 0.137581676245,
        "dvar": 0.0066540138796,
        "dvar2": 0.014909545891,
        "max": 0.930046916008,
        "mean": 0.422581702471,
        "median": 0.421030700207,
        "min": 0.0305518563837,
        "var": 0.020987810567
    },
    "silence_rate_20dB": {
        "dmean": 0,
        "dmean2": 0,
        "dvar": 0,
        "dvar2": 0,
        "max": 1,
        "mean": 1,
        "median": 1,
        "min": 1,
        "var": 0
    },
    "silence_rate_30dB": {
        "dmean": 0.00375481089577,
        "dmean2": 0.00751032680273,
        "dvar": 0.0037413360551,
        "dvar2": 0.0091410363093,
        "max": 1,
        "mean": 0.997090280056,
        "median": 1,
        "min": 0,
        "var": 0.00290047633462
    },
    "silence_rate_60dB": {
        "dmean": 0.00206514587626,
        "dmean2": 0.00413067964837,
        "dvar": 0.00206088833511,
        "dvar2": 0.00542797613889,
        "max": 1,
        "mean": 0.0226206127554,
        "median": 0,
        "min": 0,
        "var": 0.0221090242267
    },
    "spectral_centroid": {
        "dmean": 285.23449707,
        "dmean2": 435.030273438,
        "dvar": 117830.953125,
        "dvar2": 271229.5625,
        "max": 11304.5546875,
        "mean": 2201.125,
        "median": 2534.49829102,
        "min": 120.771446228,
        "var": 935953.5
    },
    "spectral_complexity": {
        "dmean": 4.29494047165,
        "dmean2": 6.98929786682,
        "dvar": 24.6246032715,
        "dvar2": 62.7834396362,
        "max": 53,
        "mean": 22.8972225189,
        "median": 24,
        "min": 0,
        "var": 82.650177002
    },
    "spectral_decrease": {
        "dmean": 3.78757869512e-09,
        "dmean2": 5.76306335986e-09,
        "dvar": 1.39865107732e-17,
        "dvar2": 3.38013559947e-17,
        "max": 5.42707212503e-10,
        "mean": -1.06511492959e-08,
        "median": -9.90253479216e-09,
        "min": -3.71872879157e-08,
        "var": 3.00190958049e-17
    },
    "spectral_energy": {
        "dmean": 0.0144949546084,
        "dmean2": 0.0220008902252,
        "dvar": 0.000201320930501,
        "dvar2": 0.000485027267132,
        "max": 0.141041859984,
        "mean": 0.0440166890621,
        "median": 0.0419568791986,
        "min": 1.0767741229e-20,
        "var": 0.000448176142527
    },
    "spectral_energyband_high": {
        "dmean": 0.00101088220254,
        "dmean2": 0.00150341226254,
        "dvar": 1.59220439855e-06,
        "dvar2": 3.51871221937e-06,
        "max": 0.018070474267,
        "mean": 0.00332005741075,
        "median": 0.00314585957676,
        "min": 8.09219645709e-21,
        "var": 8.21449339128e-06
    },
    "spectral_energyband_low": {
        "dmean": 0.0141928195953,
        "dmean2": 0.0215772520751,
        "dvar": 0.000222186150495,
        "dvar2": 0.000521940062754,
        "max": 0.140244051814,
        "mean": 0.026884522289,
        "median": 0.0226507484913,
        "min": 6.88014504819e-23,
        "var": 0.000502575421706
    },
    "spectral_energyband_middle_high": {
        "dmean": 0.00201803841628,
        "dmean2": 0.00299755530432,
        "dvar": 6.48027116767e-06,
        "dvar2": 1.41165919558e-05,
        "max": 0.041269633919,
        "mean": 0.00637532304972,
        "median": 0.00562464166433,
        "min": 1.42788357586e-21,
        "var": 2.15415529965e-05
    },
    "spectral_energyband_middle_low": {
        "dmean": 0.00263408920728,
        "dmean2": 0.00400099530816,
        "dvar": 2.08839992411e-05,
        "dvar2": 4.88774203404e-05,
        "max": 0.109400242567,
        "mean": 0.00791858229786,
        "median": 0.00632997881621,
        "min": 2.84305975113e-22,
        "var": 4.58495669591e-05
    },
    "spectral_entropy": {
        "dmean": 0.18051803112,
        "dmean2": 0.281372815371,
        "dvar": 0.0417248420417,
        "dvar2": 0.106532737613,
        "max": 9.78814697266,
        "mean": 7.53739356995,
        "median": 7.68064117432,
        "min": 3.80335402489,
        "var": 0.46544316411
    },
    "spectral_flux": {
        "dmean": 0.0329011790454,
        "dmean2": 0.0559351965785,
        "dvar": 0.00092185032554,
        "dvar2": 0.00241648056544,
        "max": 0.37092089653,
        "mean": 0.100471749902,
        "median": 0.0941038131714,
        "min": 1.03767730519e-10,
        "var": 0.00219604605809
    },
    "spectral_kurtosis": {
        "dmean": 3.70676660538,
        "dmean2": 6.20801019669,
        "dvar": 111.587097168,
        "dvar2": 297.4190979,
        "max": 317.53717041,
        "mean": 9.13285541534,
        "median": 3.19963765144,
        "min": -1.203297019,
        "var": 378.782043457
    },
    "spectral_rms": {
        "dmean": 0.00108128378633,
        "dmean2": 0.00164632929955,
        "dvar": 1.04416665181e-06,
        "dvar2": 2.53868734035e-06,
        "max": 0.0117303803563,
        "mean": 0.0063112671487,
        "median": 0.00639793276787,
        "min": 3.24115929408e-12,
        "var": 3.11099461214e-06
    },
    "spectral_rolloff": {
        "dmean": 1067.50476074,
        "dmean2": 1776.31274414,
        "dvar": 1791082.25,
        "dvar2": 4318079,
        "max": 18604.6875,
        "mean": 2100.69238281,
        "median": 1744.18945312,
        "min": 64.599609375,
        "var": 3180656.75
    },
    "spectral_skewness": {
        "dmean": 0.323313087225,
        "dmean2": 0.525413691998,
        "dvar": 0.352948099375,
        "dvar2": 0.971661448479,
        "max": 16.4221992493,
        "mean": 1.62996900082,
        "median": 1.24539756775,
        "min": -0.0454203821719,
        "var": 1.72986745834
    },
    "spectral_spread": {
        "dmean": 682002.125,
        "dmean2": 953349.6875,
        "dvar": 866406367232,
        "dvar2": 1.49663829197e+12,
        "max": 41061672,
        "mean": 4828246.5,
        "median": 5155480,
        "min": 346931.21875,
        "var": 5.36158090035e+12
    },
    "spectral_strongpeak": {
        "dmean": 0.550438284874,
        "dmean2": 0.976737618446,
        "dvar": 1.77411365509,
        "dvar2": 4.71875190735,
        "max": 20.589302063,
        "mean": 0.805140376091,
        "median": 0.450098395348,
        "min": 0,
        "var": 1.6940331459
    },
    "zerocrossingrate": {
        "dmean": 0.0152239883319,
        "dmean2": 0.0192823875695,
        "dvar": 0.000264184025582,
        "dvar2": 0.00042203249177,
        "max": 0.66748046875,
        "mean": 0.0792843848467,
        "median": 0.08349609375,
        "min": 0.001953125,
        "var": 0.00215232861228
    },
    "barkbands": {
        "dmean": [0.00155600951985, 0.0127264820039, 0.00201329006813, 0.000919642101508, 0.000926043256186, 0.000607915106229, 0.000511672114953, 0.000517394160852, 0.000735065783374, 0.000396201765398, 0.000474694097647, 0.000152446140419, 0.000375906209229, 0.000224859511945, 0.000290998897981, 0.000323383021168, 0.000286287104245, 0.000365489482647, 0.000406942039263, 0.000479898182675, 0.000438424031017, 0.000217053180677, 0.000113936708658, 0.000142090866575, 0.00013633762137, 0.000239892819081, 8.64385001478e-05],
        "dmean2": [0.00223246309906, 0.0189508851618, 0.00338680762798, 0.00164476141799, 0.00158317945898, 0.00091594044352, 0.000783503171988, 0.000722578435671, 0.00104783126153, 0.000590034935158, 0.000708717736416, 0.000246944400715, 0.000574632023927, 0.000356192933396, 0.000453474291135, 0.000490149075631, 0.000438917631982, 0.00055826123571, 0.000629574526101, 0.000731377804186, 0.000662527920213, 0.000331556919264, 0.000170642422745, 0.000227380980505, 0.000215090331039, 0.000376706913812, 0.000137517432449],
        "dvar": [3.69037024939e-06, 0.000189947008039, 2.51332330663e-05, 1.02111453089e-05, 8.56374481373e-06, 1.57214822138e-06, 8.57836994328e-07, 1.28944145672e-06, 1.95942698156e-06, 7.4150096907e-07, 1.36150674734e-06, 3.43304350281e-07, 7.02516103956e-07, 2.41990164795e-07, 2.27772645189e-07, 4.52745723578e-07, 2.356554063e-07, 4.11040275594e-07, 3.54524360091e-07, 5.10831569045e-07, 4.3732856625e-07, 1.31603130171e-07, 2.94119253397e-08, 4.80254129798e-08, 4.22790833454e-08, 2.97280791983e-07, 2.78635940987e-08],
        "dvar2": [7.96554013505e-06, 0.000424215540988, 6.55389085296e-05, 2.88973969873e-05, 2.37338572333e-05, 3.26177382703e-06, 1.81524751497e-06, 2.26968404604e-06, 3.62680657418e-06, 1.31935155423e-06, 2.68540429715e-06, 6.97581924669e-07, 1.40679117067e-06, 4.9491967502e-07, 4.71673757829e-07, 1.02121805412e-06, 5.10721008595e-07, 8.2627974507e-07, 7.90725835031e-07, 1.11883537102e-06, 9.67109599515e-07, 2.89093321726e-07, 6.62395862605e-08, 1.21998937175e-07, 1.09454290964e-07, 7.22069557924e-07, 6.60615739889e-08],
        "max": [0.025574894622, 0.12996545434, 0.0604512020946, 0.0896481871605, 0.0713326931, 0.0542827472091, 0.0281201656908, 0.0334982015193, 0.0301373880357, 0.0205213949084, 0.0291710160673, 0.0276897456497, 0.0263413637877, 0.0101071121171, 0.0121486429125, 0.0220419149846, 0.0106570702046, 0.022200461477, 0.0130769489333, 0.0157317779958, 0.0099833291024, 0.00924573093653, 0.00231291237287, 0.00274109747261, 0.00348871643655, 0.00936813745648, 0.00311310356483],
        "mean": [0.0022831892129, 0.0222446899861, 0.00202341587283, 0.00102072919253, 0.0015606606612, 0.00140942167491, 0.00101775454823, 0.0010482420912, 0.00155862979591, 0.000844773545396, 0.000871128111612, 0.000221286856686, 0.000638007419184, 0.000365701824194, 0.000508619006723, 0.000549235555809, 0.000543791800737, 0.000670565350447, 0.000851010496262, 0.000969656277448, 0.00100481533445, 0.000490846403409, 0.000246680370765, 0.000290723663056, 0.000306804664433, 0.000366379390471, 0.000109887369035],
        "median": [0.00101253716275, 0.0165440291166, 0.00044645590242, 0.000284609355731, 0.000540423905477, 0.000536392617505, 0.000518584041856, 0.000373417802621, 0.000570716103539, 0.000274088990409, 0.000313793687383, 0.000101707912108, 0.000243529357249, 0.000122327910503, 0.000231149693718, 0.000243256712565, 0.000278819206869, 0.00033178756712, 0.000535811646841, 0.000666136154905, 0.000669104163535, 0.000293049553875, 0.000120178985526, 0.00014249139349, 0.000188383593922, 0.000192573788809, 6.94303798809e-06],
        "min": [5.73022250665e-23, 2.67617559554e-23, 1.32234331739e-23, 1.57722735243e-23, 3.50170433336e-23, 4.43902097233e-23, 4.91846065381e-23, 2.71278252807e-23, 7.82273727336e-23, 7.98325595253e-23, 9.39873242505e-23, 1.2647135415e-22, 5.061958239e-23, 1.14997252377e-22, 5.07244567142e-23, 1.73302264804e-22, 1.25951867156e-22, 2.49088548487e-22, 2.09035543353e-22, 3.42322895538e-22, 4.87238966233e-22, 3.68494776018e-22, 8.67551913597e-22, 8.22914654726e-22, 1.27840077046e-21, 1.57132206591e-21, 2.65657838476e-21],
        "var": [7.8752036643e-06, 0.000416084541939, 2.16067874135e-05, 7.26623147784e-06, 1.15282382467e-05, 6.8631643444e-06, 2.25426947509e-06, 3.58510942533e-06, 6.60602381686e-06, 3.40920360031e-06, 3.70485463463e-06, 4.2989921667e-07, 1.52892357619e-06, 6.51256129913e-07, 6.12155531599e-07, 8.39573772282e-07, 6.50287404369e-07, 1.17947240597e-06, 1.16598255318e-06, 1.35493189646e-06, 1.39672386013e-06, 4.27440966178e-07, 9.58373220783e-08, 1.29493614054e-07, 1.31580435436e-07, 3.53974115797e-07, 4.45955983253e-08]
    },
    "erbbands": {
        "dmean": [0.66212874651, 1.87322878838, 2.15714716911, 2.78373575211, 3.0147356987, 3.15338945389, 2.77032017708, 6.6442155838, 5.92915296555, 11.6254348755, 7.24261951447, 20.7929039001, 11.2800064087, 16.6453418732, 15.4648971558, 6.94354152679, 16.6086845398, 14.0411214828, 13.3444232941, 13.2685775757, 13.5308351517, 13.4361343384, 21.2768726349, 18.4355392456, 22.2979068756, 21.8650588989, 18.8567047119, 14.3476409912, 9.73873710632, 4.17104578018, 3.61397695541, 3.00949168205, 2.46456503868, 1.68941962719, 1.08868205547, 1.06214416027, 0.413462460041, 0.145085155964, 0.0123910391703, 0.00017737444432],
        "dmean2": [0.936753809452, 2.95224690437, 3.56024551392, 5.00483751297, 5.23205280304, 5.25679779053, 4.46258640289, 9.7779712677, 9.18334770203, 16.3469409943, 10.9154195786, 29.2498645782, 16.7030677795, 24.3885002136, 23.7405891418, 10.9302034378, 25.1933345795, 22.0253124237, 20.852809906, 20.1417694092, 20.5570278168, 20.8019962311, 32.4339447021, 28.9193248749, 34.076713562, 33.164100647, 28.4863147736, 21.9016189575, 14.9104862213, 6.10052156448, 5.53765583038, 4.91188192368, 3.90749716759, 2.71889543533, 1.70583939552, 1.68439245224, 0.649075329304, 0.226797789335, 0.0198528170586, 0.000281243148493],
        "dvar": [0.561866402626, 4.64741945267, 22.930475235, 70.8900527954, 110.582603455, 79.6086807251, 31.6653766632, 209.882873535, 116.44216156, 432.915008545, 376.013122559, 1662.54394531, 695.125061035, 1423.12304688, 1900.19689941, 850.270935059, 1374.30102539, 812.287902832, 526.977966309, 443.340362549, 515.084716797, 487.480438232, 1564.73022461, 832.648742676, 1161.62414551, 1131.57824707, 913.465698242, 497.58782959, 308.459320068, 42.6229248047, 33.2453346252, 21.933549881, 15.069814682, 7.60685586929, 2.69093847275, 5.85236978531, 0.779486060143, 0.0863976180553, 0.000601301260758, 1.14208305035e-07],
        "dvar2": [1.08053612709, 12.9156961441, 58.1561317444, 195.776199341, 298.023590088, 214.949005127, 74.2347183228, 414.053985596, 259.388366699, 764.112487793, 727.893249512, 3058.5402832, 1253.65942383, 2533.69311523, 4193.90380859, 1700.55187988, 2732.77514648, 1739.44348145, 1079.15429688, 994.815734863, 1169.5645752, 1098.30041504, 3138.39379883, 1941.32409668, 2571.04345703, 2470.66943359, 1989.65148926, 1096.06237793, 681.596435547, 84.8519897461, 80.1589355469, 57.7653961182, 38.1620788574, 20.5910110474, 6.55582809448, 14.4500198364, 1.9002366066, 0.203745245934, 0.00144823978189, 2.7245732781e-07],
        "max": [6.57162714005, 22.2906360626, 67.3262329102, 190.553878784, 248.548416138, 190.683761597, 132.737945557, 677.696228027, 363.546264648, 500.136016846, 903.80645752, 886.039611816, 765.68347168, 1008.65026855, 1503.24023438, 1406.54602051, 1190.60961914, 550.171691895, 748.903503418, 556.60949707, 687.309997559, 488.875152588, 1485.90869141, 692.282287598, 730.163208008, 750.591125488, 596.217285156, 394.445861816, 433.289276123, 198.786865234, 75.4802398682, 60.1712646484, 56.8977584839, 34.2311820984, 25.7963314056, 46.7434120178, 14.5312805176, 5.1227107048, 0.470587819815, 0.00664769811556],
        "mean": [1.04154193401, 3.34577083588, 2.87135863304, 2.78385567665, 3.89740180969, 5.60107803345, 6.37054443359, 15.7709941864, 12.8464546204, 24.9085693359, 15.0565109253, 44.6068916321, 25.0552349091, 37.847492218, 25.4828548431, 11.7436742783, 29.2798633575, 24.8764686584, 24.6544284821, 25.5312232971, 26.8243942261, 27.2128257751, 40.1619338989, 37.1782531738, 47.0118598938, 46.8925361633, 41.6660079956, 32.8415527344, 21.7736434937, 10.085474968, 7.1808052063, 5.86883544922, 4.76737117767, 3.49749827385, 2.24754190445, 1.52907884121, 0.635515511036, 0.209983900189, 0.0161823239177, 0.000298669008771],
        "median": [0.632983088493, 2.55173325539, 1.0128237009, 0.882156789303, 1.29102599621, 1.79279780388, 2.54652905464, 5.56467294693, 7.07239627838, 12.3180236816, 7.7511806488, 15.6731281281, 12.4492559433, 11.4181671143, 11.9911842346, 6.36538314819, 12.1656608582, 11.4386129379, 13.0825233459, 15.4347057343, 16.4700889587, 16.1083297729, 20.2986793518, 22.373588562, 30.9418334961, 33.374458313, 29.2431945801, 21.2285499573, 12.7645530701, 5.64284038544, 3.51667308807, 2.83429813385, 2.28660869598, 1.79218769073, 1.34794604778, 0.767884016037, 0.318125605583, 0.0691489875317, 0.00222224043682, 0.000129183899844],
        "min": [7.10853492151e-22, 6.50054868945e-21, 1.8065065585e-20, 3.03328229222e-20, 5.53670047215e-20, 1.63536424686e-19, 2.19718635288e-19, 4.63160500351e-19, 7.80363327256e-19, 5.11083467633e-19, 8.7164105349e-19, 2.06353831602e-18, 2.11664620648e-18, 3.46958426394e-18, 2.8794155055e-18, 5.42193606394e-18, 3.09411478298e-18, 4.57003102288e-18, 4.89258968916e-18, 5.53111232427e-18, 7.81861289307e-18, 7.27027817373e-18, 1.01715463434e-17, 1.29154624268e-17, 1.44327697506e-17, 1.50897596064e-17, 2.18844726209e-17, 1.55375356331e-17, 1.37540374523e-17, 1.95836614752e-17, 2.46268327775e-17, 1.54626245024e-17, 1.4989037132e-17, 1.37763489949e-17, 8.74805784475e-18, 5.21891078645e-18, 3.45053181289e-18, 1.44490937464e-18, 3.78767062313e-19, 3.54220968774e-20],
        "var": [1.19901382923, 10.3277587891, 27.8194484711, 48.3764801025, 90.9462432861, 162.855758667, 151.711471558, 1003.0949707, 333.159118652, 1318.16333008, 771.44732666, 5609.36474609, 2684.2644043, 6810.21582031, 2968.8515625, 1062.98425293, 3064.70263672, 2055.00048828, 1440.91491699, 978.854248047, 1128.3215332, 1315.14147949, 4364.64550781, 2319.48291016, 3323.67211914, 3244.55200195, 2577.49414062, 1639.82995605, 941.977172852, 158.145721436, 84.8444519043, 55.1463813782, 37.0344009399, 19.8647727966, 7.33060932159, 6.59310245514, 0.994451701641, 0.124498918653, 0.000943320570514, 1.84270831483e-07]
    },
    "gfcc": {
        "mean": [27.3355102539, 71.638671875, -107.311782837, 31.246925354, -40.7148857117, 7.66150093079, -17.0423526764, 19.0337982178, -14.9588928223, 15.2931203842, -12.7010326385, 5.69286489487, -6.62117242813],
        "cov": [[10049.3466797, -5970.34960938, 1017.88348389, 1847.76196289, -633.765869141, 1498.66601562, 539.162231445, 1083.05615234, 52.782169342, 1004.63024902, -306.917694092, 475.676239014, -281.31350708], [-5970.34960938, 5451.59912109, -1142.29968262, -1328.17016602, 613.647827148, -1342.26599121, -374.435638428, -895.714050293, -42.6508636475, -842.763183594, 268.737670898, -411.130065918, 266.3671875], [1017.88348389, -1142.29968262, 1097.34155273, 63.8190841675, 53.6861572266, 500.292114258, 12.3579931259, 210.484069824, 2.91727161407, 210.302093506, -59.9191665649, 106.830505371, -71.6004714966], [1847.76196289, -1328.17016602, 63.8190841675, 931.54699707, -160.854537964, 344.009399414, 235.985076904, 298.796630859, 61.184841156, 209.593261719, -58.87890625, 93.3640594482, -52.0072937012], [-633.765869141, 613.647827148, 53.6861572266, -160.854537964, 317.011962891, -106.923240662, 15.1429643631, -77.762802124, 15.1909160614, -66.9456558228, 58.0516166687, -39.5121650696, 36.0877761841], [1498.66601562, -1342.26599121, 500.292114258, 344.009399414, -106.923240662, 580.117553711, 88.1427764893, 240.691497803, 36.7444343567, 246.09185791, -36.2936515808, 127.970336914, -65.3799438477], [539.162231445, -374.435638428, 12.3579931259, 235.985076904, 15.1429643631, 88.1427764893, 231.533554077, 137.04107666, 48.6655349731, 71.7227096558, -1.64815199375, 54.8376731873, 25.742269516], [1083.05615234, -895.714050293, 210.484069824, 298.796630859, -77.762802124, 240.691497803, 137.04107666, 278.984924316, 67.3529968262, 173.677856445, -32.7058639526, 85.6389770508, -18.6032943726], [52.782169342, -42.6508636475, 2.91727161407, 61.184841156, 15.1909160614, 36.7444343567, 48.6655349731, 67.3529968262, 127.637084961, 75.4386520386, 39.9172859192, 15.4627923965, 18.9200782776], [1004.63024902, -842.763183594, 210.302093506, 209.593261719, -66.9456558228, 246.09185791, 71.7227096558, 173.677856445, 75.4386520386, 274.383605957, 29.2973918915, 78.174079895, -43.3340034485], [-306.917694092, 268.737670898, -59.9191665649, -58.87890625, 58.0516166687, -36.2936515808, -1.64815199375, -32.7058639526, 39.9172859192, 29.2973918915, 132.114257812, 27.1316795349, 35.4549598694], [475.676239014, -411.130065918, 106.830505371, 93.3640594482, -39.5121650696, 127.970336914, 54.8376731873, 85.6389770508, 15.4627923965, 78.174079895, 27.1316795349, 125.577545166, 32.3933563232], [-281.31350708, 266.3671875, -71.6004714966, -52.0072937012, 36.0877761841, -65.3799438477, 25.742269516, -18.6032943726, 18.9200782776, -43.3340034485, 35.4549598694, 32.3933563232, 102.888214111]],
        "icov": [[0.000331993331201, 0.000216530010221, 0.000127073464682, -0.000180079325219, -0.000136112343171, -8.34882011986e-05, 1.49621591845e-05, -0.000174516739207, 0.000305925379507, -0.000412403984228, 0.000340520316968, -0.000230170422583, 2.91209653369e-05], [0.000216530010221, 0.00147162890062, 0.000236136358581, 0.000246104347752, -0.000871751166414, 0.000677395029925, 0.000299333740259, 0.000872281438205, -0.000885104760528, 0.00165425939485, -0.00159750878811, 0.00166381988674, -0.00122394890059], [0.000127073464682, 0.000236136358581, 0.0022499950137, 0.000599039252847, -0.00154698279221, -0.00171904254239, 0.000832485733554, -0.000974076392595, 0.000505294941831, -0.000405911036069, 0.00107999437023, -0.000602635089308, 0.000224214454647], [-0.000180079325219, 0.000246104347752, 0.000599039252847, 0.00243712565862, 0.000172143627424, -0.000758373411372, -0.00129984703381, -0.000783769239206, -0.000329801929183, 0.000637006480247, -0.000346852844814, 0.000715421687346, 0.000383709935704], [-0.000136112343171, -0.000871751166414, -0.00154698279221, 0.000172143627424, 0.00579407578334, 0.000321832456393, -0.0023493510671, 0.000549200398382, -0.000140651289257, 0.000128374056658, -0.00178347423207, 0.00130932696629, 3.68160108337e-05], [-8.34882011986e-05, 0.000677395029925, -0.00171904254239, -0.000758373411372, 0.000321832456393, 0.00586894061416, 0.000224404546316, 0.000326977751683, -0.000824213086162, -0.000366855063476, -0.000724066398107, -0.00134144106414, 0.000726788886823], [1.49621591845e-05, 0.000299333740259, 0.000832485733554, -0.00129984703381, -0.0023493510671, 0.000224404546316, 0.00851243454963, -0.00317512382753, -0.000515767605975, 0.000233053069678, 0.000540573091712, -0.000958738324698, -0.00224042451009], [-0.000174516739207, 0.000872281438205, -0.000974076392595, -0.000783769239206, 0.000549200398382, 0.000326977751683, -0.00317512382753, 0.0125632472336, -0.00433458108455, -0.00144005054608, 0.00205725175329, -0.00120379403234, -0.000867674243636], [0.000305925379507, -0.000885104760528, 0.000505294941831, -0.000329801929183, -0.000140651289257, -0.000824213086162, -0.000515767605975, -0.00433458108455, 0.0139184072614, -0.00513517484069, -0.00143981445581, 0.002238282701, -0.00274708424695], [-0.000412403984228, 0.00165425939485, -0.000405911036069, 0.000637006480247, 0.000128374056658, -0.000366855063476, 0.000233053069678, -0.00144005054608, -0.00513517484069, 0.0135580096394, -0.00717832194641, 0.00116690201685, 0.00279324129224], [0.000340520316968, -0.00159750878811, 0.00107999437023, -0.000346852844814, -0.00178347423207, -0.000724066398107, 0.000540573091712, 0.00205725175329, -0.00143981445581, -0.00717832194641, 0.0166459605098, -0.00757723813877, -6.3849351136e-05], [-0.000230170422583, 0.00166381988674, -0.000602635089308, 0.000715421687346, 0.00130932696629, -0.00134144106414, -0.000958738324698, -0.00120379403234, 0.002238282701, 0.00116690201685, -0.00757723813877, 0.0205091834068, -0.0100501300767], [2.91209653369e-05, -0.00122394890059, 0.000224214454647, 0.000383709935704, 3.68160108337e-05, 0.000726788886823, -0.00224042451009, -0.000867674243636, -0.00274708424695, 0.00279324129224, -6.3849351136e-05, -0.0100501300767, 0.0190379526466]]
    },
    "melbands": {
        "dmean": [0.00443670619279, 0.00136308046058, 0.000480656250147, 0.000210622820305, 0.00010994283366, 0.000135973401484, 9.8691394669e-05, 0.000129785752506, 5.38370040886e-05, 0.000137796232593, 5.37366613571e-05, 6.60777732264e-05, 5.19728600921e-05, 2.54850874626e-05, 1.72598793142e-05, 4.59633629362e-05, 2.65386806859e-05, 1.94605436263e-05, 2.11288115679e-05, 2.86931117444e-05, 1.41267510116e-05, 1.45709227581e-05, 2.08553319681e-05, 1.58527745953e-05, 1.62112555699e-05, 1.91116723727e-05, 1.57092126756e-05, 1.69134455064e-05, 1.352648178e-05, 1.1215593986e-05, 9.16933822737e-06, 7.55241626393e-06, 2.71330213764e-06, 2.24483983402e-06, 2.54219480667e-06, 1.84580687801e-06, 2.10573125514e-06, 2.09629388337e-06, 1.6252382693e-06, 1.52271388743e-06],
        "dmean2": [0.00646029086784, 0.00223897141404, 0.000834593432955, 0.000363419036148, 0.000175660781679, 0.000201374525204, 0.000152222914039, 0.00018077767163, 8.346632967e-05, 0.000193948319065, 8.04383162176e-05, 9.71305998974e-05, 7.96551976237e-05, 3.97061594413e-05, 2.73079385806e-05, 7.00711170794e-05, 4.19155076088e-05, 3.0589329981e-05, 3.29183603753e-05, 4.32597116742e-05, 2.1833811843e-05, 2.28530534514e-05, 3.17718695442e-05, 2.43738395511e-05, 2.55392478721e-05, 3.00324318232e-05, 2.41243342316e-05, 2.61375771515e-05, 2.07886387216e-05, 1.74499946297e-05, 1.41087903103e-05, 1.16942565e-05, 4.12238887293e-06, 3.3434771467e-06, 3.96424911742e-06, 2.98538134302e-06, 3.46270394402e-06, 3.39163966601e-06, 2.5986773835e-06, 2.46647255153e-06],
        "dvar": [2.40272966039e-05, 4.05127047998e-06, 1.90029686564e-06, 5.18501565239e-07, 5.25784926708e-08, 8.50540118336e-08, 3.24662785545e-08, 5.8897882127e-08, 2.11639044068e-08, 7.48196811173e-08, 1.67011080521e-08, 2.23114913211e-08, 1.69522351712e-08, 6.23702778313e-09, 1.77524794864e-09, 1.22993997209e-08, 3.7201193237e-09, 1.20226695266e-09, 1.47214129775e-09, 4.04237132656e-09, 5.19284060196e-10, 6.43991804328e-10, 1.33338429187e-09, 7.79291242647e-10, 7.14051096029e-10, 1.06374198339e-09, 6.63390009592e-10, 7.46458561629e-10, 5.88876669649e-10, 3.47531531331e-10, 2.45425763046e-10, 2.31298855069e-10, 1.83286198718e-11, 1.23494877519e-11, 1.97413752012e-11, 9.3659012837e-12, 1.07111576553e-11, 1.16031273131e-11, 6.72025976534e-12, 5.77929240922e-12],
        "dvar2": [4.89569611091e-05, 1.12073148557e-05, 5.02792545376e-06, 1.43337501868e-06, 1.20888074662e-07, 1.70784090869e-07, 7.13240382311e-08, 1.02097928334e-07, 4.16467145214e-08, 1.3757582451e-07, 3.01949931725e-08, 3.98861104145e-08, 3.64736258973e-08, 1.30209869553e-08, 3.62152419164e-09, 2.45717668435e-08, 7.57098828075e-09, 2.43708897507e-09, 3.04802627582e-09, 9.08917918707e-09, 1.17249565612e-09, 1.4822907346e-09, 2.74605627126e-09, 1.56943280594e-09, 1.6788243018e-09, 2.47626896765e-09, 1.48652190557e-09, 1.67021596553e-09, 1.28549959566e-09, 8.06453959168e-10, 5.33748045761e-10, 5.14946363328e-10, 3.92689526729e-11, 2.49025331606e-11, 4.89561377548e-11, 2.4725365852e-11, 2.85513366421e-11, 2.97936328386e-11, 1.70757401274e-11, 1.55165186255e-11],
        "max": [0.0453007742763, 0.0279203318059, 0.0337005779147, 0.0183130186051, 0.00636487687007, 0.0131219197065, 0.00483417091891, 0.00598149746656, 0.00686426274478, 0.00595363043249, 0.003749972675, 0.00370445102453, 0.00395087804645, 0.00315618119203, 0.00156523962505, 0.00351236457936, 0.00125897629187, 0.00112516060472, 0.000825824681669, 0.002041175263, 0.00050597905647, 0.000713160319719, 0.00110699108336, 0.000871355645359, 0.00062939239433, 0.000875003694091, 0.000510684447363, 0.000687551801093, 0.000601778563578, 0.00039097503759, 0.000326021807268, 0.000385098886909, 9.63980928645e-05, 8.51144068292e-05, 6.47697088425e-05, 4.18024646933e-05, 4.43089775217e-05, 4.90132988489e-05, 3.34383876179e-05, 3.30246439262e-05],
        "mean": [0.00746316323057, 0.00243969657458, 0.000549841555767, 0.000317183381412, 0.00026255537523, 0.0003197666083, 0.000206677708775, 0.000278039020486, 0.000103615588159, 0.000293184653856, 0.000112980902486, 0.000147582002683, 8.88697904884e-05, 3.97719304601e-05, 3.03887263726e-05, 7.50571634853e-05, 4.27245395258e-05, 3.44172840414e-05, 3.5700511944e-05, 4.69087754027e-05, 2.73738951364e-05, 2.68396124739e-05, 3.78266122425e-05, 2.97721362585e-05, 2.85475707642e-05, 3.54451949534e-05, 3.1156661862e-05, 3.13766686304e-05, 2.71468870778e-05, 2.21429472731e-05, 1.84651271411e-05, 1.49338793562e-05, 6.07593165114e-06, 4.93800916956e-06, 4.4040798457e-06, 3.32851709572e-06, 3.65475420949e-06, 3.57497856385e-06, 2.93581160804e-06, 2.91337187264e-06],
        "median": [0.00511993188411, 0.00166620931122, 0.000180502538569, 0.000114367459901, 9.89499385469e-05, 0.000116070266813, 0.000107517560537, 0.000131324108224, 5.00630776514e-05, 9.78666648734e-05, 5.24043571204e-05, 3.93578229705e-05, 3.81535501219e-05, 1.89351303561e-05, 1.45500998769e-05, 2.62903449766e-05, 1.34996807901e-05, 1.74103170139e-05, 1.52271823026e-05, 1.72356121766e-05, 1.63759195857e-05, 1.48112858369e-05, 1.79531780304e-05, 1.48219551193e-05, 1.46975271491e-05, 1.96853998204e-05, 1.82854309969e-05, 1.96696273633e-05, 1.80721763172e-05, 1.29349991767e-05, 9.70338896877e-06, 7.26394182493e-06, 3.00240208162e-06, 2.32558113566e-06, 1.81669213362e-06, 1.43828492583e-06, 1.52815164256e-06, 1.4642126871e-06, 1.2503085145e-06, 1.31969363792e-06],
        "min": [9.98358222504e-24, 9.75355117394e-24, 6.2814043543e-24, 7.62997942671e-24, 8.50027444318e-24, 1.09396059115e-23, 1.01513011532e-23, 5.12651317234e-24, 8.90844921934e-24, 1.19798460217e-23, 1.00334642667e-23, 1.31732379545e-23, 9.94998306136e-24, 1.06145384206e-23, 1.30244650987e-23, 6.19037177799e-24, 8.90944633952e-24, 9.07585891406e-24, 3.58922758304e-24, 1.35490347237e-23, 8.26167715151e-24, 7.76511761066e-24, 6.43219235532e-24, 1.18777831977e-23, 1.00426245195e-23, 8.97840382669e-24, 1.12942477978e-23, 9.46521935764e-24, 1.44842766585e-23, 1.19579519761e-23, 7.78282674912e-24, 7.01503552982e-24, 8.39649505793e-24, 1.28001185793e-23, 1.58012436521e-23, 9.2431897227e-24, 1.02955814462e-23, 1.13646544224e-23, 1.02600101303e-23, 1.21848551937e-23],
        "var": [5.19149180036e-05, 8.02314843895e-06, 1.53455505369e-06, 4.72243925742e-07, 3.11051479684e-07, 3.89423604474e-07, 8.94072798019e-08, 1.82079332944e-07, 4.28376978334e-08, 2.5335921805e-07, 6.44563868946e-08, 1.09062099796e-07, 3.16571657777e-08, 8.38220959309e-09, 3.5500280493e-09, 2.56436631929e-08, 1.00689723226e-08, 3.2734084332e-09, 3.71957376011e-09, 7.43706118911e-09, 1.30600885662e-09, 1.51712309382e-09, 3.69721742111e-09, 2.29644170346e-09, 1.71544534133e-09, 2.63494670527e-09, 1.69040614839e-09, 1.8513747202e-09, 1.48279000189e-09, 9.47972589316e-10, 7.03677671687e-10, 6.44887143686e-10, 5.9048564649e-11, 4.20851686833e-11, 3.86857039458e-11, 1.95133995767e-11, 2.36441179136e-11, 2.36355119504e-11, 1.59313690712e-11, 1.45314819205e-11]
    },
    "mfcc": {
        "mean": [-621.168518066, 108.335487366, -2.28351974487, 32.7893447876, 1.55828356743, 5.22280454636, 7.87301206589, 5.82839727402, 10.8967180252, 8.68121910095, 5.68563699722, 5.92904233932, 3.5051715374],
        "cov": [[7480.07275391, -4210.63525391, 373.304504395, 831.24432373, -350.862426758, 503.106964111, 582.029541016, 328.124847412, 656.236022949, 491.583587646, 406.613586426, 356.139221191, 208.385848999], [-4210.63525391, 4053.57299805, -698.457336426, -522.738342285, 275.963592529, -430.886138916, -472.595275879, -249.306884766, -541.939880371, -398.969665527, -336.169586182, -293.04977417, -173.309356689], [373.304504395, -698.457336426, 749.584411621, -148.993270874, 150.245635986, 178.068496704, 117.700294495, 47.0752716064, 124.083686829, 68.541633606, 91.0561676025, 71.5940322876, 19.1492595673], [831.24432373, -522.738342285, -148.993270874, 566.573059082, -115.112747192, 61.369720459, 107.923614502, 110.953056335, 124.999885559, 105.149932861, 44.3468093872, 40.7535362244, 38.0475196838], [-350.862426758, 275.963592529, 150.245635986, -115.112747192, 242.319366455, 44.341506958, 5.34614992142, -9.31498718262, -32.9118118286, -15.9460477829, 16.2644329071, 2.38133382797, -6.17019557953], [503.106964111, -430.886138916, 178.068496704, 61.369720459, 44.341506958, 207.180999756, 109.06842041, 52.4554481506, 79.9067459106, 57.9237174988, 73.1918029785, 61.0207328796, 31.1074485779], [582.029541016, -472.595275879, 117.700294495, 107.923614502, 5.34614992142, 109.06842041, 183.983322144, 78.9489593506, 99.4307098389, 63.8352241516, 55.6721115112, 53.4647636414, 27.5921840668], [328.124847412, -249.306884766, 47.0752716064, 110.953056335, -9.31498718262, 52.4554481506, 78.9489593506, 138.35319519, 90.8057098389, 42.1111297607, 14.3144445419, 13.204911232, 16.0779380798], [656.236022949, -541.939880371, 124.083686829, 124.999885559, -32.9118118286, 79.9067459106, 99.4307098389, 90.8057098389, 188.184066772, 103.942726135, 65.2980957031, 51.4513816833, 30.9697303772], [491.583587646, -398.969665527, 68.541633606, 105.149932861, -15.9460477829, 57.9237174988, 63.8352241516, 42.1111297607, 103.942726135, 138.933959961, 88.1201858521, 53.4293861389, 31.5488910675], [406.613586426, -336.169586182, 91.0561676025, 44.3468093872, 16.2644329071, 73.1918029785, 55.6721115112, 14.3144445419, 65.2980957031, 88.1201858521, 144.706039429, 85.8477630615, 33.7260322571], [356.139221191, -293.04977417, 71.5940322876, 40.7535362244, 2.38133382797, 61.0207328796, 53.4647636414, 13.204911232, 51.4513816833, 53.4293861389, 85.8477630615, 120.691322327, 48.7686843872], [208.385848999, -173.309356689, 19.1492595673, 38.0475196838, -6.17019557953, 31.1074485779, 27.5921840668, 16.0779380798, 30.9697303772, 31.5488910675, 33.7260322571, 48.7686843872, 89.251625061]],
