{
"lowlevel": {
    "average_loudness": 0.907360315323,
    "barkbands_crest": {
        "dmean": 3.09107685089,
        "dmean2": 5.07428741455,
        "dvar": 8.34712696075,
        "dvar2": 21.6229381561,
        "max": 26.4230175018,
        "mean": 10.4738836288,
        "median": 9.42143249512,
        "min": 2.24891448021,
        "var": 21.3959217072
    },
    "barkbands_flatness_db": {
        "dmean": 0.0252570584416,
        "dmean2": 0.0401422642171,
        "dvar": 0.000764533237088,
        "dvar2": 0.00177152513061,
        "max": 0.572681844234,
        "mean": 0.124233290553,
        "median": 0.0977434441447,
        "min": 0.0146270040423,
        "var": 0.00680684810504
    },
    "barkbands_kurtosis": {
        "dmean": 2.34643864632,
        "dmean2": 3.79181027412,
        "dvar": 22.9460067749,
        "dvar2": 49.5612869263,
        "max": 270.276031494,
        "mean": 3.56908416748,
        "median": 1.69231367111,
        "min": -1.84496700764,
        "var": 77.0114746094
    },
    "barkbands_skewness": {
        "dmean": 0.483724653721,
        "dmean2": 0.783426225185,
        "dvar": 0.272788703442,
        "dvar2": 0.699358999729,
        "max": 14.2339105606,
        "mean": 1.51165771484,
        "median": 1.33016991615,
        "min": -2.11116623878,
        "var": 0.810023903847
    },
    "barkbands_spread": {
        "dmean": 6.96742677689,
        "dmean2": 10.9996204376,
        "dvar": 67.4882888794,
        "dvar2": 157.259933472,
        "max": 93.1671829224,
        "mean": 25.9243831635,
        "median": 23.2189254761,
        "min": 0.294768959284,
        "var": 277.120605469
    },
    "dissonance": {
        "dmean": 0.0173731409013,
        "dmean2": 0.0288780890405,
        "dvar": 0.000302337080939,
        "dvar2": 0.000757970730774,
        "max": 0.499999910593,
        "mean": 0.46147364378,
        "median": 0.472019284964,
        "min": 0.126195862889,
        "var": 0.00160157610662
    },
    "dynamic_complexity": 2.67040753365,
    "erbbands_crest": {
        "dmean": 2.1885330677,
        "dmean2": 3.47846293449,
        "dvar": 5.03911924362,
        "dvar2": 11.0547151566,
        "max": 28.5231704712,
        "mean": 8.05881500244,
        "median": 6.91167068481,
        "min": 2.25410628319,
        "var": 17.5036754608
    },
    "erbbands_flatness_db": {
        "dmean": 0.0151729723439,
        "dmean2": 0.0229820739478,
        "dvar": 0.000293696619337,
        "dvar2": 0.000600087805651,
        "max": 0.483123391867,
        "mean": 0.143182784319,
        "median": 0.119757905602,
        "min": 0.0479281507432,
        "var": 0.00416953442618
    },
    "erbbands_kurtosis": {
        "dmean": 0.802910983562,
        "dmean2": 1.26334655285,
        "dvar": 1.45525741577,
        "dvar2": 3.24691915512,
        "max": 29.6180267334,
        "mean": 0.461579054594,
        "median": -0.0911792516708,
        "min": -1.64321660995,
        "var": 4.72928094864
    },
    "erbbands_skewness": {
        "dmean": 0.326282113791,
        "dmean2": 0.504218399525,
        "dvar": 0.101422354579,
        "dvar2": 0.216431155801,
        "max": 4.98154211044,
        "mean": 0.539825797081,
        "median": 0.493856072426,
        "min": -2.22574830055,
        "var": 0.476741939783
    },
    "erbbands_spread": {
        "dmean": 6.94539928436,
        "dmean2": 10.6459579468,
        "dvar": 44.5746459961,
        "dvar2": 94.8018035889,
        "max": 120.130249023,
        "mean": 38.6217346191,
        "median": 37.1514892578,
        "min": 3.27869486809,
        "var": 232.124847412
    },
    "hfc": {
        "dmean": 10.3488492966,
        "dmean2": 16.7006950378,
        "dvar": 172.868270874,
        "dvar2": 448.457061768,
        "max": 131.494369507,
        "mean": 31.298078537,
        "median": 27.0574188232,
        "min": 1.16635933911e-16,
        "var": 532.943054199
    },
    "melbands_crest": {
        "dmean": 4.01567316055,
        "dmean2": 6.48180103302,
        "dvar": 13.803612709,
        "dvar2": 33.335773468,
        "max": 34.7006950378,
        "mean": 15.147061348,
        "median": 13.8683919907,
        "min": 2.17306804657,
        "var": 40.2659187317
    },
    "melbands_flatness_db": {
        "dmean": 0.0324759073555,
        "dmean2": 0.052209071815,
        "dvar": 0.00115429610014,
        "dvar2": 0.00280175777152,
        "max": 0.713947832584,
        "mean": 0.19823807478,
        "median": 0.175505235791,
        "min": 0.00918102171272,
        "var": 0.00839675590396
    },
    "melbands_kurtosis": {
        "dmean": 5.21455526352,
        "dmean2": 8.41611480713,
        "dvar": 57.4056396484,
        "dvar2": 142.909103394,
        "max": 198.680953979,
        "mean": 10.4542264938,
        "median": 7.30476570129,
        "min": -1.45119357109,
        "var": 132.401596069
    },
    "melbands_skewness": {
        "dmean": 0.650973200798,
        "dmean2": 1.04527342319,
        "dvar": 0.434947192669,
        "dvar2": 1.13060438633,
        "max": 11.6171894073,
        "mean": 2.45572137833,
        "median": 2.27469205856,
        "min": -1.06401216984,
        "var": 1.35359680653
    },
    "melbands_spread": {
        "dmean": 7.49993419647,
        "dmean2": 12.3194465637,
        "dvar": 84.071762085,
        "dvar2": 212.019073486,
        "max": 181.154403687,
        "mean": 22.9887065887,
        "median": 21.4315223694,
        "min": 0.46632501483,
        "var": 192.879089355
    },
    "pitch_salience": {
        "dmean": 0.0851845517755,
        "dmean2": 0.138172730803,
        "dvar": 0.00614175433293,
        "dvar2": 0.0151726491749,
        "max": 0.891664147377,
        "mean": 0.52937078476,
        "median": 0.537126362324,
        "min": 0.0675242096186,
        "var": 0.0143106235191
    },
    "silence_rate_20dB": {
        "dmean": 0,
        "dmean2": 0,
        "dvar": 0,
        "dvar2": 0,
        "max": 1,
        "mean": 1,
        "median": 1,
        "min": 1,
        "var": 0
    },
    "silence_rate_30dB": {
        "dmean": 0.0015725037083,
        "dmean2": 0.00314536062069,
        "dvar": 0.00157009065151,
        "dvar2": 0.00448362762108,
        "max": 1,
        "mean": 0.998989224434,
        "median": 1,
        "min": 0,
        "var": 0.00100974366069
    },
    "silence_rate_60dB": {
        "dmean": 0.0020217904821,
        "dmean2": 0.00404403498396,
        "dvar": 0.00201773014851,
        "dvar2": 0.00470207026228,
        "max": 1,
        "mean": 0.0423405207694,
        "median": 0,
        "min": 0,
        "var": 0.0405423231423
    },
    "spectral_centroid": {
        "dmean": 289.215942383,
        "dmean2": 460.479187012,
        "dvar": 119492.507812,
        "dvar2": 257608.5625,
        "max": 10692.0419922,
        "mean": 1375.0032959,
        "median": 1292.29125977,
        "min": 197.603988647,
        "var": 435248.59375
    },
    "spectral_complexity": {
        "dmean": 5.13984060287,
        "dmean2": 8.47023105621,
        "dvar": 31.3589305878,
        "dvar2": 80.9568099976,
        "max": 55,
        "mean": 24.7593212128,
        "median": 25,
        "min": 0,
        "var": 117.924133301
    },
    "spectral_decrease": {
        "dmean": 2.3660735593e-09,
        "dmean2": 3.92278698413e-09,
        "dvar": 5.25081100677e-18,
        "dvar2": 1.4378051753e-17,
        "max": -3.00341372034e-29,
        "mean": -9.23030807343e-09,
        "median": -9.49610079459e-09,
        "min": -3.35946417351e-08,
        "var": 1.93196469304e-17
    },
    "spectral_energy": {
        "dmean": 0.00931898411363,
        "dmean2": 0.0154773108661,
        "dvar": 8.11327627162e-05,
        "dvar2": 0.000221701178816,
        "max": 0.135601401329,
        "mean": 0.0376762151718,
        "median": 0.038984939456,
        "min": 1.06925752298e-20,
        "var": 0.000316808436764
    },
    "spectral_energyband_high": {
        "dmean": 0.000818370201159,
        "dmean2": 0.0013025169028,
        "dvar": 1.31756155497e-06,
        "dvar2": 3.14174053528e-06,
        "max": 0.0122291697189,
        "mean": 0.00181328784674,
        "median": 0.000999235548079,
        "min": 7.98859127758e-21,
        "var": 4.4424537009e-06
    },
    "spectral_energyband_low": {
        "dmean": 0.00705600949004,
        "dmean2": 0.0116462307051,
        "dvar": 5.61016968277e-05,
        "dvar2": 0.000163650649483,
        "max": 0.0810805261135,
        "mean": 0.0149081302807,
        "median": 0.0130620002747,
        "min": 4.32038134089e-23,
        "var": 0.000124608282931
    },
    "spectral_energyband_middle_high": {
        "dmean": 0.00281055108644,
        "dmean2": 0.00433154404163,
        "dvar": 1.41802047438e-05,
        "dvar2": 2.89749750664e-05,
        "max": 0.0846062153578,
        "mean": 0.00746496859938,
        "median": 0.0057908128947,
        "min": 1.54369461715e-21,
        "var": 5.19144850841e-05
    },
    "spectral_energyband_middle_low": {
        "dmean": 0.00522005371749,
        "dmean2": 0.00817440636456,
        "dvar": 4.64502736577e-05,
        "dvar2": 0.000104620456113,
        "max": 0.119341425598,
        "mean": 0.014673945494,
        "median": 0.0120287518948,
        "min": 1.80103318658e-22,
        "var": 0.000133842797368
    },
    "spectral_entropy": {
        "dmean": 0.17864254117,
        "dmean2": 0.285367786884,
        "dvar": 0.0487010702491,
        "dvar2": 0.110201828182,
        "max": 9.78736209869,
        "mean": 7.60659980774,
        "median": 7.72701358795,
        "min": 3.61387586594,
        "var": 0.458340644836
    },
    "spectral_flux": {
        "dmean": 0.0264303795993,
        "dmean2": 0.0416085980833,
        "dvar": 0.000694352493156,
        "dvar2": 0.00165262562223,
        "max": 0.28658503294,
        "mean": 0.0945298597217,
        "median": 0.0952663719654,
        "min": 1.03404909635e-10,
        "var": 0.00189568498172
    },
    "spectral_kurtosis": {
        "dmean": 2.71959376335,
        "dmean2": 4.34721899033,
        "dvar": 88.1437835693,
        "dvar2": 187.622329712,
        "max": 287.332305908,
        "mean": 6.86135435104,
        "median": 3.49080610275,
        "min": -1.17619609833,
        "var": 332.130401611
    },
    "spectral_rms": {
        "dmean": 0.000741455878597,
        "dmean2": 0.00123516935855,
        "dvar": 4.61800482299e-07,
        "dvar2": 1.29032912355e-06,
        "max": 0.0115019148216,
        "mean": 0.00581097463146,
        "median": 0.00616717804223,
        "min": 3.22982677929e-12,
        "var": 2.99009025184e-06
    },
    "spectral_rolloff": {
        "dmean": 643.817871094,
        "dmean2": 1084.81164551,
        "dvar": 1016686.625,
        "dvar2": 2421750.75,
        "max": 18475.4882812,
        "mean": 1437.30651855,
        "median": 1055.12695312,
        "min": 64.599609375,
        "var": 1869243.5
    },
    "spectral_skewness": {
        "dmean": 0.287239342928,
        "dmean2": 0.457830548286,
        "dvar": 0.220862209797,
        "dvar2": 0.48156774044,
        "max": 14.1070547104,
        "mean": 1.69556057453,
        "median": 1.5151154995,
        "min": 0.0423863604665,
        "var": 1.31372106075
    },
    "spectral_spread": {
        "dmean": 500041.40625,
        "dmean2": 745325.625,
        "dvar": 386318761984,
        "dvar2": 648830844928,
        "max": 39242004,
        "mean": 4858651,
        "median": 4955210,
        "min": 368765.34375,
        "var": 3.1644277801e+12
    },
    "spectral_strongpeak": {
        "dmean": 0.499541223049,
        "dmean2": 0.850966453552,
        "dvar": 0.712432563305,
        "dvar2": 1.64405488968,
        "max": 9.44842243195,
        "mean": 0.877719283104,
        "median": 0.411203622818,
        "min": 0,
        "var": 1.40365576744
    },
    "zerocrossingrate": {
        "dmean": 0.0112946368754,
        "dmean2": 0.014036138542,
        "dvar": 0.000168979982845,
        "dvar2": 0.000234969469602,
        "max": 0.6064453125,
        "mean": 0.0631598159671,
        "median": 0.05712890625,
        "min": 0.00244140625,
        "var": 0.00131904450245
    },
    "barkbands": {
        "dmean": [0.000458882510429, 0.00606408854946, 0.00161740020849, 0.00140892609488, 0.00214249896817, 0.00097026641015, 0.00135238876101, 0.00154411303811, 0.000814580009319, 0.000964904611465, 0.000696366361808, 0.0006787389284, 0.000382682279451, 0.000455414148746, 0.000307809270453, 0.000293864606647, 0.000255584629485, 0.000247878720984, 0.000218936649617, 0.000219597030082, 0.000195639833692, 0.000181018462172, 0.000145833881106, 0.00015662178339, 0.000101969380921, 9.31338072405e-05, 3.30908005708e-05],
        "dmean2": [0.000699311145581, 0.00986454542726, 0.0027274673339, 0.00242827623151, 0.0036914141383, 0.00152714620344, 0.00210341857746, 0.0023303180933, 0.00121618923731, 0.00136518233921, 0.00102069007698, 0.00108756509144, 0.000634475494735, 0.000746272213291, 0.000520471134223, 0.000483176554553, 0.00043840779108, 0.000420652155299, 0.000374338531401, 0.000382921803975, 0.000325924047502, 0.000291653966997, 0.000231426616665, 0.000240505527472, 0.000164147364558, 0.000155112502398, 5.55018086743e-05],
        "dvar": [3.69462981098e-07, 5.4125317547e-05, 6.19717229711e-06, 5.74939213038e-06, 1.17765994219e-05, 2.3984021027e-06, 7.94695006334e-06, 2.0758860046e-05, 2.18482546188e-06, 6.97150198903e-06, 2.00957606467e-06, 1.2444593267e-06, 4.29192368756e-07, 5.54529719921e-07, 2.53046721355e-07, 2.35667101833e-07, 1.42015025517e-07, 1.50704408952e-07, 9.42289162253e-08, 8.43427798713e-08, 7.31120408659e-08, 7.37871559409e-08, 4.69270275971e-08, 6.12891426499e-08, 2.57775436552e-08, 6.07369869954e-08, 1.66845950389e-08],
        "dvar2": [8.57594272929e-07, 0.000154934197781, 1.65400142578e-05, 1.59592309501e-05, 3.170700802e-05, 5.32858348379e-06, 1.77589827217e-05, 3.83749611501e-05, 4.51726145911e-06, 1.04521732283e-05, 3.84020495403e-06, 2.85588544102e-06, 1.09898451228e-06, 1.30647060814e-06, 6.61519436562e-07, 5.73119962155e-07, 3.81523079795e-07, 3.81942101058e-07, 2.58174964074e-07, 2.32840235981e-07, 1.84141654813e-07, 1.79589846994e-07, 1.13583169536e-07, 1.38494968382e-07, 6.09442594168e-08, 1.56864146561e-07, 4.19807015817e-08],
        "max": [0.0101280547678, 0.0676865950227, 0.0409488752484, 0.0374376140535, 0.0598188638687, 0.0325206778944, 0.0768604651093, 0.111901931465, 0.0334741137922, 0.0782241672277, 0.0330656431615, 0.0284486208111, 0.0149122402072, 0.0196044500917, 0.010455692187, 0.00922895222902, 0.00473256548867, 0.0127151273191, 0.00570387579501, 0.00283488165587, 0.00274092657492, 0.00372277828865, 0.00283822999336, 0.00329228979535, 0.00325769023038, 0.00427732523531, 0.00244945823215],
        "mean": [0.000723729957826, 0.0108912410215, 0.00229537021369, 0.00188019906636, 0.00336134061217, 0.00208570621908, 0.00261496449821, 0.00284682656638, 0.00155478226952, 0.00194487872068, 0.00120987906121, 0.00111769000068, 0.000562631292269, 0.000676982686855, 0.000431242515333, 0.00042320630746, 0.000365888845408, 0.000352739123628, 0.000340683152899, 0.000368638662621, 0.000337791483616, 0.000340886850609, 0.000279366970062, 0.000305935624056, 0.000209431105759, 0.000124062629766, 3.01059826597e-05],
        "median": [0.000377348362235, 0.00795963499695, 0.00136659550481, 0.000885109358933, 0.00185219268315, 0.00119328731671, 0.00110631110147, 0.00106544978917, 0.000787347787991, 0.000656964082737, 0.000527753785718, 0.00064501655288, 0.000305521418341, 0.000365821179003, 0.000238819688093, 0.000248561787885, 0.000241266796365, 0.000237116313656, 0.000240129884332, 0.00024116129498, 0.00017729094543, 0.000160504641826, 0.000125592399854, 0.000133810579428, 8.39279891807e-05, 4.42065829702e-05, 2.98864688375e-06],
        "min": [1.09997439338e-23, 2.00364721915e-23, 7.77709488579e-24, 1.83747587827e-23, 6.86848000422e-23, 1.9765779305e-23, 1.2470215371e-23, 1.92295006176e-23, 1.79421679727e-23, 5.66106464881e-23, 1.54325022971e-22, 9.68466484202e-23, 9.88885927853e-23, 2.49772244768e-22, 7.49080479928e-23, 6.6646781049e-23, 2.42777232105e-22, 2.09367685348e-22, 1.74456437728e-22, 3.51574328068e-22, 3.75164273116e-22, 5.57720469562e-22, 8.45625013554e-22, 9.19046330109e-22, 1.47500570872e-21, 1.53735555811e-21, 2.23492872207e-21],
        "var": [8.9076399945e-07, 0.000112260291644, 7.83546511229e-06, 7.72676412453e-06, 2.1030775315e-05, 6.69159180688e-06, 1.88114681805e-05, 5.15269275638e-05, 5.21626770933e-06, 2.59419193753e-05, 4.69558654004e-06, 2.58865338765e-06, 6.46135447369e-07, 1.14302042675e-06, 3.11495284677e-07, 3.36967929115e-07, 1.64903198652e-07, 2.12262051491e-07, 1.25450483779e-07, 1.44121202084e-07, 1.74340129888e-07, 2.21344535589e-07, 1.45164520404e-07, 1.83845827451e-07, 8.1379447181e-08, 6.10528871903e-08, 1.34371731519e-08]
    },
    "erbbands": {
        "dmean": [0.228586345911, 1.22297763824, 1.80004227161, 3.37129068375, 5.6930308342, 7.50042629242, 8.02184391022, 8.99450016022, 16.3869419098, 28.264251709, 24.751499176, 17.6844425201, 24.9601211548, 26.8092441559, 22.6363258362, 22.3736495972, 18.7678260803, 17.97772789, 18.5303058624, 15.5367660522, 13.9885673523, 14.5910282135, 14.2531652451, 11.9107370377, 10.5297451019, 9.41685009003, 8.49998378754, 7.64197206497, 6.83149957657, 5.49372816086, 4.38913822174, 3.84560108185, 2.26400375366, 1.31025826931, 0.707402646542, 0.37442740798, 0.178728222847, 0.0506005659699, 0.00532176857814, 8.16933097667e-05],
        "dmean2": [0.344293743372, 2.07131576538, 3.00970172882, 5.72777938843, 9.80672931671, 13.254450798, 12.697022438, 14.1847982407, 25.6420288086, 42.4550590515, 37.3001327515, 26.7233943939, 35.2637748718, 38.4581832886, 34.220867157, 36.1410675049, 30.7466621399, 29.9262275696, 30.2097358704, 26.1746730804, 23.1006240845, 24.8660564423, 24.3593196869, 20.1906490326, 18.1307697296, 16.4825305939, 14.5571994781, 12.4967594147, 11.1309375763, 8.75485134125, 6.90508985519, 6.06313562393, 3.51549220085, 2.0962729454, 1.13264727592, 0.619320333004, 0.297816604376, 0.0838875621557, 0.00894028227776, 0.000136842092616],
        "dvar": [0.0946796238422, 2.16391706467, 6.05026102066, 32.7500152588, 106.949676514, 144.635421753, 175.534973145, 252.272994995, 891.751464844, 7492.54931641, 1896.74536133, 1331.99133301, 4951.67675781, 3217.70019531, 1801.45751953, 1240.58642578, 930.393432617, 737.976318359, 832.325744629, 560.483398438, 439.633544922, 443.580749512, 509.703765869, 315.281524658, 219.391677856, 162.597290039, 142.785064697, 115.275375366, 105.908302307, 71.8511962891, 44.1749954224, 37.9927520752, 12.3985748291, 3.9122262001, 1.39889276028, 0.665700912476, 0.261977434158, 0.0237583462149, 0.000488962628879, 8.09403672974e-08],
        "dvar2": [0.22024384141, 6.70387554169, 16.002035141, 90.2359237671, 291.407684326, 399.118865967, 406.010101318, 537.163879395, 1971.6517334, 13467.1494141, 3879.81884766, 2833.28979492, 7306.01074219, 5706.97167969, 3749.05737305, 2919.12109375, 2360.16992188, 1841.60009766, 1970.27880859, 1455.82128906, 1099.85632324, 1170.74194336, 1323.92468262, 839.170837402, 603.251037598, 452.600189209, 385.603088379, 279.414611816, 258.517211914, 177.386352539, 104.425476074, 91.0286407471, 27.7459316254, 9.4124956131, 3.23617815971, 1.74855744839, 0.664989173412, 0.059142742306, 0.00124121282715, 2.04848660701e-07],
        "max": [3.67525410652, 12.0159635544, 39.1972198486, 89.6686706543, 217.546951294, 202.983032227, 332.890228271, 398.277557373, 931.269042969, 1965.64611816, 830.149536133, 930.549072266, 2702.67944336, 1328.99206543, 1609.5345459, 744.747497559, 640.366943359, 728.773864746, 776.169616699, 339.710906982, 363.078186035, 326.812713623, 608.172729492, 569.577636719, 172.28163147, 129.041793823, 129.100921631, 148.060775757, 110.101799011, 118.609603882, 90.3298110962, 88.4329147339, 53.0339698792, 42.5463104248, 20.287853241, 14.5614347458, 8.26938343048, 2.6385679245, 0.41993534565, 0.00531352404505],
        "mean": [0.39528337121, 2.06677675247, 2.98000764847, 5.07189321518, 7.92060089111, 10.8229513168, 15.8605089188, 19.482213974, 31.8177967072, 56.1027374268, 51.3304252625, 33.866558075, 51.3592567444, 54.3766746521, 42.0085792542, 38.8251190186, 30.2285251617, 29.2054004669, 29.4534225464, 23.2999649048, 21.8683700562, 21.7915859222, 20.2614879608, 18.7199440002, 16.8108043671, 15.9982223511, 13.6824359894, 13.7675218582, 12.5236244202, 10.0702676773, 8.30752944946, 7.10092830658, 4.36695814133, 2.5615901947, 1.39814281464, 0.592225134373, 0.214272126555, 0.0537209063768, 0.00478988746181, 0.00012015188986],
        "median": [0.206826895475, 1.53510808945, 2.13161754608, 2.7546081543, 3.96812343597, 5.99533510208, 8.18523406982, 10.0338687897, 15.0258178711, 20.687789917, 27.4912414551, 18.1900482178, 19.7938079834, 24.0401115417, 23.0152072906, 24.1639347076, 17.4618530273, 18.4112625122, 18.0239982605, 14.8188848495, 14.3615245819, 14.808848381, 13.8057098389, 13.5978164673, 11.7741317749, 10.0416507721, 7.94502639771, 6.66598033905, 5.94629859924, 4.29457569122, 3.57019853592, 3.08939671516, 1.92737579346, 1.07782888412, 0.528752446175, 0.232785761356, 0.0669871270657, 0.0133008509874, 0.000540527747944, 6.76270501572e-05],
        "min": [7.69009125878e-22, 3.87586502394e-21, 1.03810698355e-20, 2.92695177877e-20, 6.75980849996e-20, 2.52931849737e-19, 3.58338001779e-19, 1.66178969475e-19, 1.22191494903e-19, 2.55970549416e-19, 5.18021445021e-19, 3.72871875334e-19, 1.78904794232e-18, 2.84282910021e-18, 5.11373849387e-18, 4.86867672483e-18, 4.21550554824e-18, 9.1321757058e-18, 8.72697631966e-18, 4.39103161987e-18, 6.07084312447e-18, 1.19837526546e-17, 1.22206265763e-17, 9.22685066281e-18, 9.23987214001e-18, 1.65883991181e-17, 1.72736553899e-17, 1.65878779944e-17, 2.05831653161e-17, 1.97320791838e-17, 2.55918547673e-17, 1.71525726919e-17, 1.68449657287e-17, 1.8338752999e-17, 9.85082856763e-18, 4.86216598623e-18, 3.05742084422e-18, 1.32561214592e-18, 3.1515421072e-19, 3.2090100279e-20],
        "var": [0.24340313673, 3.89027404785, 8.92608261108, 48.160369873, 146.772689819, 214.144607544, 536.818786621, 770.11529541, 2213.36962891, 19683.2167969, 5259.70458984, 2774.22216797, 16816.4785156, 9685.07421875, 4036.34179688, 2524.34570312, 1557.07458496, 1547.86071777, 1574.06164551, 726.198242188, 640.043884277, 562.831848145, 624.928527832, 432.414154053, 300.047943115, 279.915466309, 254.139099121, 316.532073975, 285.748748779, 216.832519531, 132.949356079, 100.062202454, 37.4348602295, 11.9757623672, 4.02058601379, 0.909366488457, 0.241389140487, 0.0207394473255, 0.000385777966585, 6.79910598933e-08]
    },
    "gfcc": {
        "mean": [26.9495429993, 92.8397674561, -111.572647095, 27.0283603668, -57.6937980652, 15.2808818817, -27.8194541931, 10.4995985031, -19.8962726593, 4.93038368225, -12.8019018173, 1.79548358917, -11.1670503616],
        "cov": [[12760.0039062, -4509.67919922, 911.073486328, 499.622711182, -410.653198242, 1175.44714355, -598.97869873, 1211.71716309, 153.825469971, 1124.95336914, -142.79624939, 727.882141113, -250.24710083], [-4509.67919922, 2809.9987793, -586.226928711, -202.97354126, 330.236938477, -647.285888672, 321.646606445, -686.022338867, -30.3789176941, -605.804992676, 123.99597168, -368.15447998, 163.18572998], [911.073486328, -586.226928711, 741.306762695, -3.81363201141, 100.654754639, 253.753982544, -117.282814026, 163.928482056, -39.5391387939, 175.62802124, 15.1478681564, 150.03527832, -21.2430343628], [499.622711182, -202.97354126, -3.81363201141, 358.104003906, -17.7221088409, 116.865890503, 21.1441822052, 47.5192871094, 49.8550796509, 57.0998802185, 23.1996212006, 35.0090827942, 17.8530979156], [-410.653198242, 330.236938477, 100.654754639, -17.7221088409, 222.857345581, -29.366476059, 45.4513435364, -78.0830230713, -6.92912769318, -42.1039352417, 31.5401554108, -8.1904296875, 24.9811153412], [1175.44714355, -647.285888672, 253.753982544, 116.865890503, -29.366476059, 307.989837646, -48.297908783, 225.849319458, 28.7682609558, 174.755203247, -0.233478426933, 114.833732605, -13.7150821686], [-598.97869873, 321.646606445, -117.282814026, 21.1441822052, 45.4513435364, -48.297908783, 164.541397095, -34.5806770325, 49.4398956299, -57.7243309021, 24.1964950562, -37.5812149048, 37.3743362427], [1211.71716309, -686.022338867, 163.928482056, 47.5192871094, -78.0830230713, 225.849319458, -34.5806770325, 323.321380615, 65.8129501343, 199.40461731, -14.4951190948, 107.984077454, -26.6187458038], [153.825469971, -30.3789176941, -39.5391387939, 49.8550796509, -6.92912769318, 28.7682609558, 49.4398956299, 65.8129501343, 111.930458069, 52.2141609192, 28.8267440796, 15.9741516113, 11.9867868423], [1124.95336914, -605.804992676, 175.62802124, 57.0998802185, -42.1039352417, 174.755203247, -57.7243309021, 199.40461731, 52.2141609192, 223.566589355, 13.5751218796, 112.736358643, -30.8096981049], [-142.79624939, 123.99597168, 15.1478681564, 23.1996212006, 31.5401554108, -0.233478426933, 24.1964950562, -14.4951190948, 28.8267440796, 13.5751218796, 86.5104064941, 19.4133014679, 24.1927776337], [727.882141113, -368.15447998, 150.03527832, 35.0090827942, -8.1904296875, 114.833732605, -37.5812149048, 107.984077454, 15.9741516113, 112.736358643, 19.4133014679, 122.739242554, 3.5127055645], [-250.24710083, 163.18572998, -21.2430343628, 17.8530979156, 24.9811153412, -13.7150821686, 37.3743362427, -26.6187458038, 11.9867868423, -30.8096981049, 24.1927776337, 3.5127055645, 76.8187942505]],
        "icov": [[0.000214448285988, 0.000190167484106, 0.000143282668432, -9.09681621124e-05, -0.000163270538906, -0.00013945394312, 0.000356830481905, -7.34516215743e-05, -0.000158743307111, -0.000167683654581, 0.000169401901076, -0.000412279681768, 0.000107542458863], [0.000190167484106, 0.00247242860496, 0.000273839192232, 0.000401568977395, -0.00179488153663, 0.00104569329415, -0.000733261287678, 0.000824542716146, -0.000839722750243, 0.0024398220703, -0.00256441580132, 0.00210537970997, -0.00141650729347], [0.000143282668432, 0.000273839192232, 0.00300070969388, 0.000529463693965, -0.00204250798561, -0.0019031703705, 0.0012798254611, -2.03083855013e-05, 0.00105504121166, -0.000529690121766, -0.000434943911387, -0.00137849501334, 0.000109457767394], [-9.09681621124e-05, 0.000401568977395, 0.000529463693965, 0.00393572309986, -8.30197768664e-06, -0.00240195961669, -0.000640641374048, 0.00181752303615, -0.00133535731584, 0.000131317094201, -0.00086160574574, 0.000640870362986, -0.000899236998521], [-0.000163270538906, -0.00179488153663, -0.00204250798561, -8.30197768664e-06, 0.00807739235461, -0.000718246621545, -0.00183104141615, 0.00152551510837, 0.000260316359345, -0.00152121356223, 0.000794493942522, -0.00138603942469, 0.000545018352568], [-0.00013945394312, 0.00104569329415, -0.0019031703705, -0.00240195961669, -0.000718246621545, 0.0114749195054, -0.000995065551251, -0.00471939332783, 0.0015375878429, -4.64036602352e-05, -0.00109793397132, 9.57751399255e-05, -0.00142978003714], [0.000356830481905, -0.000733261287678, 0.0012798254611, -0.000640641374048, -0.00183104141615, -0.000995065551251, 0.0116799995303, -0.00201519229449, -0.00445175543427, 0.00171969237272, 0.000394032278564, -0.000560105720069, -0.00145435077138], [-7.34516215743e-05, 0.000824542716146, -2.03083855013e-05, 0.00181752303615, 0.00152551510837, -0.00471939332783, -0.00201519229449, 0.0116823427379, -0.00375304115005, -0.00412104278803, 0.00220464821905, -2.36032610701e-05, -0.000489456579089], [-0.000158743307111, -0.000839722750243, 0.00105504121166, -0.00133535731584, 0.000260316359345, 0.0015375878429, -0.00445175543427, -0.00375304115005, 0.0170166604221, -0.00559328356758, -0.0031966548413, 0.00148951972369, -0.00103588157799], [-0.000167683654581, 0.0024398220703, -0.000529690121766, 0.000131317094201, -0.00152121356223, -4.64036602352e-05, 0.00171969237272, -0.00412104278803, -0.00559328356758, 0.0204118881375, -0.00566657399759, -0.00420334981754, 0.00335175218061], [0.000169401901076, -0.00256441580132, -0.000434943911387, -0.00086160574574, 0.000794493942522, -0.00109793397132, 0.000394032278564, 0.00220464821905, -0.0031966548413, -0.00566657399759, 0.0195110403001, -0.00608173664659, -0.00144322554115], [-0.000412279681768, 0.00210537970997, -0.00137849501334, 0.000640870362986, -0.00138603942469, 9.57751399255e-05, -0.000560105720069, -2.36032610701e-05, 0.00148951972369, -0.00420334981754, -0.00608173664659, 0.0228963531554, -0.00666338950396], [0.000107542458863, -0.00141650729347, 0.000109457767394, -0.000899236998521, 0.000545018352568, -0.00142978003714, -0.00145435077138, -0.000489456579089, -0.00103588157799, 0.00335175218061, -0.00144322554115, -0.00666338950396, 0.0189869273454]]
    },
    "melbands": {
        "dmean": [0.00183187925722, 0.00107285333797, 0.000601293868385, 0.000482601637486, 0.000286601629341, 0.000199952482944, 0.000254486018093, 0.000340238097124, 0.000197145156562, 0.000109447020805, 0.000134251633426, 0.000117082883662, 7.36083238735e-05, 6.7746390414e-05, 6.62533420837e-05, 4.17264454882e-05, 3.70098932763e-05, 3.44816144207e-05, 2.70477685262e-05, 2.31359390455e-05, 1.5197589164e-05, 1.6341367882e-05, 1.47848877532e-05, 1.0490834029e-05, 1.02151852843e-05, 8.58943349158e-06, 8.61631087901e-06, 6.23709001957e-06, 5.88348439123e-06, 4.96468192068e-06, 4.61820400233e-06, 4.0727591113e-06, 3.62874038728e-06, 3.09675874632e-06, 2.7574244541e-06, 2.50894663623e-06, 2.45555679612e-06, 1.73199589426e-06, 1.4991488797e-06, 1.10271946596e-06],
        "dmean2": [0.00289988238364, 0.0018226171378, 0.00101672543678, 0.000839941028971, 0.00046717422083, 0.000315744109685, 0.000397378666094, 0.000508608412929, 0.000296343583614, 0.000165330871823, 0.000189389684238, 0.000167169899214, 0.000109612694359, 0.00010608935554, 0.000108703534352, 6.88716536388e-05, 6.18387857685e-05, 5.59892941965e-05, 4.5725813834e-05, 3.83744554711e-05, 2.52847221418e-05, 2.76624359685e-05, 2.58395630226e-05, 1.76563335117e-05, 1.73888038262e-05, 1.47711971294e-05, 1.51488111442e-05, 1.08478734546e-05, 1.02098110801e-05, 8.23306618258e-06, 7.60036209613e-06, 6.63797709421e-06, 5.9255389715e-06, 5.05353955305e-06, 4.41460042566e-06, 4.00765429731e-06, 3.92147330786e-06, 2.7508929179e-06, 2.38976258515e-06, 1.79717574156e-06],
        "dvar": [5.40904738955e-06, 1.42753640375e-06, 9.05678746221e-07, 6.59000306769e-07, 2.28377700751e-07, 1.08431905232e-07, 2.31706010823e-07, 1.10900441541e-06, 1.00914085976e-07, 5.73633727186e-08, 1.42745875564e-07, 6.28693328508e-08, 1.79064247874e-08, 1.56867425716e-08, 1.47359022762e-08, 6.71956712495e-09, 3.40396177911e-09, 3.62431640255e-09, 2.18770090932e-09, 1.85238258066e-09, 5.57957180458e-10, 5.78746606195e-10, 6.09588379774e-10, 2.91272617137e-10, 2.32974112224e-10, 1.61713670233e-10, 1.44329700968e-10, 7.22282164634e-11, 6.87569584601e-11, 5.26629538589e-11, 4.52419456065e-11, 3.75530231911e-11, 3.27361020236e-11, 2.41691319736e-11, 1.81528785059e-11, 1.52213346094e-11, 1.57070016715e-11, 7.30297506496e-12, 5.898996569e-12, 2.77561480744e-12],
        "dvar2": [1.45169333337e-05, 4.06359640692e-06, 2.4580151603e-06, 1.79181461135e-06, 5.5127276255e-07, 2.37716847096e-07, 5.07347294842e-07, 1.97101667254e-06, 2.05900647643e-07, 1.20958901562e-07, 2.11142506146e-07, 1.06625151375e-07, 3.63218468635e-08, 3.3908346353e-08, 3.48894531044e-08, 1.70338800842e-08, 8.28326474078e-09, 8.2948661273e-09, 5.69587399468e-09, 4.51758763731e-09, 1.43030920441e-09, 1.51200008069e-09, 1.6729059249e-09, 7.02412406017e-10, 6.27952745358e-10, 4.45795539372e-10, 4.05980332685e-10, 1.98463953605e-10, 1.8753999742e-10, 1.36408592755e-10, 1.15279272239e-10, 9.13328718211e-11, 8.34083357937e-11, 6.26966950579e-11, 4.42499682729e-11, 3.79321192512e-11, 3.75751513237e-11, 1.70834353608e-11, 1.45735905982e-11, 6.82972125035e-12],
        "max": [0.0246937349439, 0.0157382469624, 0.0130334803835, 0.0158886928111, 0.0116561716422, 0.00774213997647, 0.0122203435749, 0.0251838061959, 0.00547718955204, 0.00624424265698, 0.0133864236996, 0.0063381656073, 0.00448245415464, 0.00342980260029, 0.00281130243093, 0.00206072279252, 0.00167152204085, 0.00181163998786, 0.00101872556843, 0.000894804950804, 0.000391673092963, 0.000413150177337, 0.000458119116956, 0.000808986776974, 0.000433880515629, 0.000190826496691, 0.000150865278556, 9.01518942555e-05, 9.62263293331e-05, 7.29312305339e-05, 7.78309768066e-05, 7.10444364813e-05, 8.62299857545e-05, 6.34738244116e-05, 5.55250153411e-05, 5.28346863575e-05, 5.76478778385e-05, 4.0482973418e-05, 4.35003930761e-05, 3.54511794285e-05],
        "mean": [0.00322189484723, 0.00200795475394, 0.000933205534238, 0.000692411151249, 0.000554468599148, 0.000434515299276, 0.000493406900205, 0.000653972150758, 0.000406978739193, 0.000197476401809, 0.000267817260465, 0.00023765557853, 0.000135587411933, 0.000117561059596, 9.63326601777e-05, 5.82743778068e-05, 5.62299210287e-05, 5.10088830197e-05, 3.66182794096e-05, 3.1418450817e-05, 2.25526691793e-05, 2.34202725551e-05, 1.90845694306e-05, 1.54710651259e-05, 1.52523898578e-05, 1.24377065731e-05, 1.26344111777e-05, 1.01946197901e-05, 8.9173527158e-06, 7.94399238657e-06, 7.73379997554e-06, 7.14396128387e-06, 6.38166602585e-06, 5.19735112903e-06, 4.95478388984e-06, 4.2751971705e-06, 4.3502477638e-06, 3.11388771479e-06, 2.58262434727e-06, 2.03123613574e-06],
        "median": [0.00211199419573, 0.00162881356664, 0.000563538284041, 0.000369766756194, 0.000290646683425, 0.000240970315645, 0.0002224331256, 0.000224967428949, 0.000217808206799, 9.49402601691e-05, 9.23951592995e-05, 9.59437893471e-05, 7.11314787623e-05, 6.84644037392e-05, 4.83772237203e-05, 2.72665274679e-05, 3.23374479194e-05, 2.69767879217e-05, 1.87254991033e-05, 1.64675602718e-05, 1.41768268804e-05, 1.47800528794e-05, 1.19728465506e-05, 1.06286543087e-05, 1.05722465378e-05, 8.03689181339e-06, 8.56419501361e-06, 5.81624908591e-06, 5.07527010996e-06, 4.09942913393e-06, 3.2998145798e-06, 3.37853043675e-06, 2.60225601778e-06, 2.1203813958e-06, 2.01822194867e-06, 1.84094869837e-06, 1.79119547283e-06, 1.31322553898e-06, 1.01425200683e-06, 8.09896846476e-07],
        "min": [7.28340995408e-24, 5.34836255257e-24, 6.98721950544e-24, 9.24185891435e-24, 1.4737688758e-23, 3.6089495001e-24, 2.14974950472e-24, 2.90248965238e-24, 3.81504769463e-24, 2.42763384441e-24, 9.03713767653e-24, 1.05365358543e-23, 2.16058194546e-23, 1.18432161017e-23, 7.47743581575e-24, 1.14182377994e-23, 1.87993678981e-23, 1.80901866775e-23, 5.29386488579e-24, 5.09232670173e-24, 8.71529978214e-24, 1.3058298554e-23, 1.3804359022e-23, 8.08661235056e-24, 7.46148110394e-24, 6.58976574341e-24, 7.29338431137e-24, 1.22056866436e-23, 1.08038137619e-23, 1.10196587273e-23, 9.18969154269e-24, 1.21192274884e-23, 9.65388412059e-24, 1.20317412363e-23, 1.69679989077e-23, 1.19711196423e-23, 8.67362189394e-24, 1.23393717458e-23, 1.01079635017e-23, 1.79121013282e-23],
        "var": [1.19419009934e-05, 2.805291615e-06, 1.28794386001e-06, 1.0140561244e-06, 6.69213306992e-07, 3.15497743486e-07, 5.80928201543e-07, 2.90305956696e-06, 2.89362418471e-07, 1.15900604669e-07, 4.99339705584e-07, 2.10892878272e-07, 4.11017815338e-08, 3.37420829055e-08, 2.59824339821e-08, 9.88192017104e-09, 7.38702610192e-09, 6.98910662678e-09, 2.65668353983e-09, 2.45352893558e-09, 7.47175543658e-10, 7.59362850378e-10, 5.74783998175e-10, 4.7348586163e-10, 3.03887859321e-10, 2.03243880059e-10, 1.85203102854e-10, 1.28916821662e-10, 1.11296132033e-10, 1.00549006621e-10, 1.14882145463e-10, 9.30259549947e-11, 8.9147467186e-11, 5.99842536753e-11, 5.06144327839e-11, 3.57200692636e-11, 3.91674886968e-11, 1.96693095839e-11, 1.41696845229e-11, 7.7941594151e-12]
    },
    "mfcc": {
        "mean": [-615.176879883, 122.73853302, 4.45639753342, 18.1785793304, -2.77256441116, 6.23197698593, 3.41246199608, 5.61468172073, 1.37517952919, 3.54928708076, 0.746740043163, 3.80001473427, 1.07456755638],
        "cov": [[9351.45410156, -2538.11181641, 311.987762451, -227.968994141, 309.50982666, 94.6489715576, -89.3418731689, 118.979095459, 234.116149902, 447.817199707, 406.642486572, 250.443725586, 356.782104492], [-2538.11181641, 1958.4074707, -472.617645264, 199.652511597, -137.599914551, -11.7680025101, 14.7705898285, -52.6070632935, -120.574455261, -213.70501709, -179.675201416, -84.9908065796, -151.888092041], [311.987762451, -472.617645264, 576.217407227, -102.96295166, 191.75112915, 53.3284797668, 65.2120895386, 30.0815734863, 8.71819400787, 30.7156295776, 52.1405525208, 20.1980190277, 55.0853424072], [-227.968994141, 199.652511597, -102.96295166, 243.734954834, -12.7037363052, 71.0809326172, 4.85861873627, 7.0349445343, -10.1785058975, -18.5640888214, -15.1969594955, -1.95345675945, -17.8265380859], [309.50982666, -137.599914551, 191.75112915, -12.7037363052, 205.763397217, 54.8465576172, 43.8763580322, 7.14712810516, -2.68707418442, 8.50269794464, 27.3519744873, 16.7693920135, 28.8350124359], [94.6489715576, -11.7680025101, 53.3284797668, 71.0809326172, 54.8465576172, 124.048225403, 32.0251274109, 18.8459758759, -4.74675512314, 0.266473650932, 4.43186378479, 3.37556052208, 7.11977100372], [-89.3418731689, 14.7705898285, 65.2120895386, 4.85861873627, 43.8763580322, 32.0251274109, 89.4890136719, 30.0645599365, 17.0929470062, 4.54208993912, 7.07496833801, 3.41657447815, 5.15322875977], [118.979095459, -52.6070632935, 30.0815734863, 7.0349445343, 7.14712810516, 18.8459758759, 30.0645599365, 87.4187469482, 44.6726875305, 38.5714454651, 19.1481666565, 13.5419540405, 20.3883724213], [234.116149902, -120.574455261, 8.71819400787, -10.1785058975, -2.68707418442, -4.74675512314, 17.0929470062, 44.6726875305, 104.581443787, 61.1718521118, 37.8749809265, 17.1874046326, 22.8672389984], [447.817199707, -213.70501709, 30.7156295776, -18.5640888214, 8.50269794464, 0.266473650932, 4.54208993912, 38.5714454651, 61.1718521118, 116.484481812, 57.6583976746, 38.0419006348, 37.9830131531], [406.642486572, -179.675201416, 52.1405525208, -15.1969594955, 27.3519744873, 4.43186378479, 7.07496833801, 19.1481666565, 37.8749809265, 57.6583976746, 93.7275466919, 40.1665878296, 44.8206100464], [250.443725586, -84.9908065796, 20.1980190277, -1.95345675945, 16.7693920135, 3.37556052208, 3.41657447815, 13.5419540405, 17.1874046326, 38.0419006348, 40.1665878296, 86.3252639771, 47.5137329102], [356.782104492, -151.888092041, 55.0853424072, -17.8265380859, 28.8350124359, 7.11977100372, 5.15322875977, 20.3883724213, 22.8672389984, 37.9830131531, 44.8206100464, 47.5137329102, 92.6946716309]],
