{
"lowlevel": {
    "average_loudness": 0.898066699505,
    "barkbands_crest": {
        "dmean": 4.00568771362,
        "dmean2": 6.45320940018,
        "dvar": 12.3189678192,
        "dvar2": 35.8650741577,
        "max": 26.2785835266,
        "mean": 12.537106514,
        "median": 12.5316457748,
        "min": 1.76706564426,
        "var": 27.8613567352
    },
    "barkbands_flatness_db": {
        "dmean": 0.0360821597278,
        "dmean2": 0.0573587603867,
        "dvar": 0.00101970485412,
        "dvar2": 0.00261414749548,
        "max": 0.951448082924,
        "mean": 0.103714369237,
        "median": 0.0883774384856,
        "min": 0.00985930953175,
        "var": 0.00478868512437
    },
    "barkbands_kurtosis": {
        "dmean": 6.07613801956,
        "dmean2": 10.0161476135,
        "dvar": 271.982635498,
        "dvar2": 646.305236816,
        "max": 963.928588867,
        "mean": 6.42885732651,
        "median": 1.77144861221,
        "min": -1.85483753681,
        "var": 451.157592773
    },
    "barkbands_skewness": {
        "dmean": 1.02750432491,
        "dmean2": 1.61881780624,
        "dvar": 0.968077361584,
        "dvar2": 2.53234195709,
        "max": 21.3731060028,
        "mean": 1.93940556049,
        "median": 1.72104418278,
        "min": -2.95064282417,
        "var": 2.28137087822
    },
    "barkbands_spread": {
        "dmean": 15.4899168015,
        "dmean2": 24.8301525116,
        "dvar": 198.112442017,
        "dvar2": 493.124603271,
        "max": 124.830406189,
        "mean": 40.3138771057,
        "median": 40.8854141235,
        "min": 0.17685867846,
        "var": 476.904693604
    },
    "dissonance": {
        "dmean": 0.00844642985612,
        "dmean2": 0.0142078148201,
        "dvar": 0.000157262009452,
        "dvar2": 0.000420208205469,
        "max": 0.500000178814,
        "mean": 0.485209107399,
        "median": 0.491445571184,
        "min": 0.206382632256,
        "var": 0.000416977272835
    },
    "dynamic_complexity": 1.068785429,
    "erbbands_crest": {
        "dmean": 1.81739151478,
        "dmean2": 3.12050461769,
        "dvar": 6.84660053253,
        "dvar2": 18.2923221588,
        "max": 30.8044757843,
        "mean": 5.61979961395,
        "median": 4.25076246262,
        "min": 2.12831640244,
        "var": 13.4206418991
    },
    "erbbands_flatness_db": {
        "dmean": 0.0110178086907,
        "dmean2": 0.0174913201481,
        "dvar": 0.000158630355145,
        "dvar2": 0.000401559722377,
        "max": 0.440591931343,
        "mean": 0.0985056608915,
        "median": 0.0838095247746,
        "min": 0.0278769079596,
        "var": 0.00202483846806
    },
    "erbbands_kurtosis": {
        "dmean": 0.929168522358,
        "dmean2": 1.48399305344,
        "dvar": 47.8934936523,
        "dvar2": 88.0311965942,
        "max": 734.20489502,
        "mean": 0.854158401489,
        "median": -0.107633829117,
        "min": -1.83996927738,
        "var": 130.754135132
    },
    "erbbands_skewness": {
        "dmean": 0.332563400269,
        "dmean2": 0.535571396351,
        "dvar": 0.218873202801,
        "dvar2": 0.523876667023,
        "max": 19.6107273102,
        "mean": -0.133603766561,
        "median": -0.387599676847,
        "min": -3.29230356216,
        "var": 0.942946374416
    },
    "erbbands_spread": {
        "dmean": 10.9052295685,
        "dmean2": 17.1790885925,
        "dvar": 179.829681396,
        "dvar2": 429.188964844,
        "max": 210.299926758,
        "mean": 49.6664428711,
        "median": 47.9622459412,
        "min": 0.642222881317,
        "var": 482.935424805
    },
    "hfc": {
        "dmean": 9.89513683319,
        "dmean2": 15.3798151016,
        "dvar": 139.313949585,
        "dvar2": 337.909881592,
        "max": 149.302337646,
        "mean": 45.9240760803,
        "median": 46.2902145386,
        "min": 1.10868513043e-16,
        "var": 470.875854492
    },
    "melbands_crest": {
        "dmean": 5.45587444305,
        "dmean2": 8.51881790161,
        "dvar": 20.1673603058,
        "dvar2": 48.5410232544,
        "max": 39.8864440918,
        "mean": 22.5506477356,
        "median": 22.7092685699,
        "min": 1.76869499683,
        "var": 70.8243026733
    },
    "melbands_flatness_db": {
        "dmean": 0.046694137156,
        "dmean2": 0.073410846293,
        "dvar": 0.00160785927437,
        "dvar2": 0.00419018464163,
        "max": 1,
        "mean": 0.182284414768,
        "median": 0.172458991408,
        "min": 0.00273823086172,
        "var": 0.00694477092475
    },
    "melbands_kurtosis": {
        "dmean": 27.9153270721,
        "dmean2": 47.7239570618,
        "dvar": 77579.8203125,
        "dvar2": 217883.828125,
        "max": 24491.3652344,
        "mean": 32.2898330688,
        "median": 16.3645858765,
        "min": -1.59551906586,
        "var": 64368.4375
    },
    "melbands_skewness": {
        "dmean": 1.75740253925,
        "dmean2": 2.80999422073,
        "dvar": 3.86180830002,
        "dvar2": 10.2926120758,
        "max": 85.8625488281,
        "mean": 4.17504358292,
        "median": 3.7002620697,
        "min": -0.378176659346,
        "var": 6.82388544083
    },
    "melbands_spread": {
        "dmean": 15.1167936325,
        "dmean2": 24.0693778992,
        "dvar": 223.144622803,
        "dvar2": 565.848510742,
        "max": 216.575500488,
        "mean": 28.2134456635,
        "median": 22.2871303558,
        "min": 0.00331320776604,
        "var": 469.003356934
    },
    "pitch_salience": {
        "dmean": 0.13414286077,
        "dmean2": 0.215188980103,
        "dvar": 0.0127324927598,
        "dvar2": 0.0336602367461,
        "max": 0.967303514481,
        "mean": 0.458604991436,
        "median": 0.466398000717,
        "min": 0.00438618147746,
        "var": 0.0341079607606
    },
    "silence_rate_20dB": {
        "dmean": 0,
        "dmean2": 0,
        "dvar": 0,
        "dvar2": 0,
        "max": 1,
        "mean": 1,
        "median": 1,
        "min": 1,
        "var": 0
    },
    "silence_rate_30dB": {
        "dmean": 0.021841103211,
        "dmean2": 0.0436854064465,
        "dvar": 0.0213657803833,
        "dvar2": 0.0617159344256,
        "max": 1,
        "mean": 0.987834393978,
        "median": 1,
        "min": 0,
        "var": 0.0120175685734
    },
    "silence_rate_60dB": {
        "dmean": 0.000439753726823,
        "dmean2": 0.000879571947735,
        "dvar": 0.000439369556261,
        "dvar2": 0.000878976017702,
        "max": 1,
        "mean": 0.018101869151,
        "median": 0,
        "min": 0,
        "var": 0.0177671108395
    },
    "spectral_centroid": {
        "dmean": 353.34475708,
        "dmean2": 533.271362305,
        "dvar": 225392.5625,
        "dvar2": 453271,
        "max": 11569.1835938,
        "mean": 2177.82202148,
        "median": 2459.59667969,
        "min": 24.8494205475,
        "var": 913506
    },
    "spectral_complexity": {
        "dmean": 4.88258552551,
        "dmean2": 7.68042230606,
        "dvar": 20.3833618164,
        "dvar2": 48.0444259644,
        "max": 62,
        "mean": 35.3175506592,
        "median": 39,
        "min": 0,
        "var": 161.679641724
    },
    "spectral_decrease": {
        "dmean": 6.26975671381e-09,
        "dmean2": 1.00285095783e-08,
        "dvar": 3.43167358385e-17,
        "dvar2": 9.14972732035e-17,
        "max": 4.78604884888e-21,
        "mean": -1.24199575069e-08,
        "median": -1.04134976198e-08,
        "min": -4.19962766784e-08,
        "var": 5.38437238612e-17
    },
    "spectral_energy": {
        "dmean": 0.0234510973096,
        "dmean2": 0.0375409834087,
        "dvar": 0.000480299029732,
        "dvar2": 0.00127902859822,
        "max": 0.161829710007,
        "mean": 0.0510411709547,
        "median": 0.0436207577586,
        "min": 1.00093692802e-20,
        "var": 0.000771082763094
    },
    "spectral_energyband_high": {
        "dmean": 0.00104714278132,
        "dmean2": 0.00166305305902,
        "dvar": 1.65086566994e-06,
        "dvar2": 4.12830968344e-06,
        "max": 0.0183416716754,
        "mean": 0.00376908131875,
        "median": 0.00378811219707,
        "min": 7.26172004679e-21,
        "var": 5.07523782289e-06
    },
    "spectral_energyband_low": {
        "dmean": 0.0197118464857,
        "dmean2": 0.0322022922337,
        "dvar": 0.000398749893066,
        "dvar2": 0.00114417844452,
        "max": 0.136152639985,
        "mean": 0.0303421635181,
        "median": 0.0222340524197,
        "min": 1.19263091875e-23,
        "var": 0.000679682474583
    },
    "spectral_energyband_middle_high": {
        "dmean": 0.00142096134368,
        "dmean2": 0.00225327094086,
        "dvar": 2.2554854695e-06,
        "dvar2": 5.50256936549e-06,
        "max": 0.0334729291499,
        "mean": 0.00537916552275,
        "median": 0.00535350479186,
        "min": 1.35500625779e-21,
        "var": 8.62783963385e-06
    },
    "spectral_energyband_middle_low": {
        "dmean": 0.0103744463995,
        "dmean2": 0.017112955451,
        "dvar": 0.000481615483295,
        "dvar2": 0.00119370571338,
        "max": 0.159616231918,
        "mean": 0.0139586655423,
        "median": 0.005909120664,
        "min": 2.52769739503e-22,
        "var": 0.000485762167955
    },
    "spectral_entropy": {
        "dmean": 0.121465444565,
        "dmean2": 0.192978128791,
        "dvar": 0.0357666090131,
        "dvar2": 0.0860696732998,
        "max": 9.81368255615,
        "mean": 8.09772109985,
        "median": 8.28639793396,
        "min": 3.78858947754,
        "var": 0.287938177586
    },
    "spectral_flux": {
        "dmean": 0.0427151210606,
        "dmean2": 0.0731142759323,
        "dvar": 0.00192178820726,
        "dvar2": 0.00445739878342,
        "max": 0.401437968016,
        "mean": 0.128490820527,
        "median": 0.109679937363,
        "min": 6.54113013754e-11,
        "var": 0.0041942554526
    },
    "spectral_kurtosis": {
        "dmean": 0.837133347988,
        "dmean2": 1.38262963295,
        "dvar": 5.06164550781,
        "dvar2": 15.2607955933,
        "max": 78.9228973389,
        "mean": 3.51995229721,
        "median": 2.46564912796,
        "min": -1.31607973576,
        "var": 17.4081764221
    },
    "spectral_rms": {
        "dmean": 0.00155756925233,
        "dmean2": 0.00244559231214,
        "dvar": 1.79412757007e-06,
        "dvar2": 4.75992828797e-06,
        "max": 0.0125651359558,
        "mean": 0.00676920963451,
        "median": 0.00652356026694,
        "min": 3.12493802536e-12,
        "var": 3.97391977458e-06
    },
    "spectral_rolloff": {
        "dmean": 1650.95849609,
        "dmean2": 2687.84472656,
        "dvar": 3185139.75,
        "dvar2": 7589993,
        "max": 19078.4179688,
        "mean": 2210.47485352,
        "median": 1399.65820312,
        "min": 21.533203125,
        "var": 5242873.5
    },
    "spectral_skewness": {
        "dmean": 0.128917619586,
        "dmean2": 0.205824553967,
        "dvar": 0.0371473692358,
        "dvar2": 0.103672392666,
        "max": 7.37296152115,
        "mean": 1.39100313187,
        "median": 1.25636446476,
        "min": -0.0515761338174,
        "var": 0.305352330208
    },
    "spectral_spread": {
        "dmean": 517574.46875,
        "dmean2": 785764.0625,
        "dvar": 1.07530105651e+12,
        "dvar2": 2.28588047565e+12,
        "max": 51814040,
        "mean": 6136035,
        "median": 6223384.5,
        "min": 984064.4375,
        "var": 3.88910494515e+12
    },
    "spectral_strongpeak": {
        "dmean": 0.272437483072,
        "dmean2": 0.454942762852,
        "dvar": 0.129605770111,
        "dvar2": 0.346213847399,
        "max": 6.71923398972,
        "mean": 0.497641026974,
        "median": 0.35123577714,
        "min": 0,
        "var": 0.233817905188
    },
    "zerocrossingrate": {
        "dmean": 0.0236739814281,
        "dmean2": 0.0312179327011,
        "dvar": 0.000463318778202,
        "dvar2": 0.000797330401838,
        "max": 0.78173828125,
        "mean": 0.0930972918868,
        "median": 0.09033203125,
        "min": 0.0009765625,
        "var": 0.00338518386707
    },
    "barkbands": {
        "dmean": [0.00324629037641, 0.015256524086, 0.00272227125242, 0.00599520793185, 0.00510595878586, 0.000603351683822, 0.00037394600804, 0.000365425570635, 0.000315343524562, 0.000267988594715, 0.000237018015468, 0.000261268054601, 0.000285289163003, 0.000254783924902, 0.00024490483338, 0.000229952958762, 0.000270868185908, 0.000277372862911, 0.000273811339866, 0.000245718838414, 0.00030247939867, 0.000242608686676, 0.000166691213963, 0.000177598078153, 0.000187428246136, 0.000176305315108, 7.88219331298e-05],
        "dmean2": [0.0045953351073, 0.0241585299373, 0.00443406775594, 0.0102380206808, 0.0092516252771, 0.000994532601908, 0.000578930019401, 0.000561213411856, 0.000486764445668, 0.000422658456955, 0.000378658005502, 0.000420233933255, 0.0004660965933, 0.000422807177529, 0.000407720595831, 0.000382038007956, 0.000449028884759, 0.000463113072328, 0.000449809944257, 0.000408657331718, 0.000506665732246, 0.000393205846194, 0.000266466173343, 0.000285665650154, 0.000300247309497, 0.000287827453576, 0.000130066880956],
        "dvar": [1.7840135115e-05, 0.000351733382558, 2.70050259132e-05, 0.00018617376918, 0.000163137403433, 1.59998353411e-06, 3.90361748259e-07, 3.24373559124e-07, 1.78820471319e-07, 1.28950674139e-07, 1.56885818114e-07, 1.23315729184e-07, 1.32758231075e-07, 1.01498457639e-07, 1.06209576245e-07, 8.09406017765e-08, 1.00024159622e-07, 9.61125579124e-08, 1.03612791236e-07, 7.38296677127e-08, 1.20504196843e-07, 7.82180222814e-08, 3.79567985931e-08, 4.89962133088e-08, 6.52840554949e-08, 8.02216817419e-08, 1.45898715331e-08],
        "dvar2": [3.51718881575e-05, 0.00104090687819, 7.3191607953e-05, 0.000478525005747, 0.000459122325992, 3.84987106372e-06, 8.32856812849e-07, 7.22872698589e-07, 3.92214502654e-07, 2.99345941812e-07, 3.33616185344e-07, 2.77674047311e-07, 3.24625034409e-07, 2.58738594994e-07, 2.77838779539e-07, 2.18366665194e-07, 2.6418501875e-07, 2.55324209775e-07, 2.80033361832e-07, 2.01313667958e-07, 3.31592900693e-07, 2.02480279654e-07, 9.44259141988e-08, 1.23371520999e-07, 1.60540139404e-07, 2.04775901125e-07, 3.70577168951e-08],
        "max": [0.108500406146, 0.133099496365, 0.0812692940235, 0.102607190609, 0.108772732317, 0.0393819883466, 0.0267666876316, 0.0278237387538, 0.016409046948, 0.00947999302298, 0.0291325431317, 0.00885302945971, 0.00875386595726, 0.00712921842933, 0.0101875327528, 0.00615460379049, 0.00809145066887, 0.00660152360797, 0.0072080581449, 0.00567729631439, 0.00622329860926, 0.00623945705593, 0.00296518066898, 0.00309527036734, 0.00305968848988, 0.00440501375124, 0.00199905666523],
        "mean": [0.00466482480988, 0.0203488841653, 0.00301554123871, 0.0056069958955, 0.00507372245193, 0.00110564811621, 0.000753407191951, 0.000663769955281, 0.00061218207702, 0.000503498129547, 0.000431339751231, 0.00049084040802, 0.000532215635758, 0.000471173058031, 0.00046231894521, 0.000426228158176, 0.000544755195733, 0.000610747898463, 0.000659436744172, 0.00064212147845, 0.000772084575146, 0.000641195278149, 0.000468711194117, 0.000472575775348, 0.000504309951793, 0.000446850492153, 0.000115893817565],
        "median": [0.00193060014863, 0.0105863250792, 0.000805613701232, 0.000899438862689, 0.00112709787209, 0.000487910350785, 0.000407386483857, 0.000415012385929, 0.000411910179537, 0.00034765820601, 0.000281798798824, 0.00035571391345, 0.000396063696826, 0.000375157571398, 0.000383059930755, 0.000350475223968, 0.000464306038339, 0.000548503827304, 0.000597032194491, 0.000627083645668, 0.000745416502468, 0.000609928451013, 0.00043947075028, 0.000424307479989, 0.000449298764579, 0.000382183876354, 7.04891936039e-05],
        "min": [6.76648833555e-24, 6.49482357246e-24, 1.09076753859e-24, 1.28239082576e-24, 2.61347756188e-23, 1.55846035149e-23, 1.44642269697e-23, 1.57680136754e-23, 3.56710311121e-23, 2.9568223289e-23, 2.85418616088e-23, 4.41970334648e-23, 5.4037009873e-23, 7.65888644572e-23, 3.77004672986e-23, 2.91259941764e-23, 1.05434667862e-22, 1.3508553853e-22, 1.87223690785e-22, 1.87810628542e-22, 2.79185548397e-22, 3.15235709215e-22, 4.23136760164e-22, 6.18606647493e-22, 9.53052520768e-22, 1.51009323204e-21, 2.03746580606e-21],
        "var": [4.48360624432e-05, 0.000546467083041, 2.96218349831e-05, 0.000161243835464, 0.000134987596539, 4.79747495774e-06, 1.61394541465e-06, 8.39727476887e-07, 4.78698893858e-07, 3.03877868646e-07, 5.54763289529e-07, 2.69059626135e-07, 2.86975222252e-07, 1.86959809412e-07, 1.83245290941e-07, 1.33780744704e-07, 2.08152158621e-07, 2.22249951776e-07, 2.66194575715e-07, 1.99068750817e-07, 3.01692097082e-07, 2.07226094062e-07, 1.1233308328e-07, 1.26262023059e-07, 1.52890265781e-07, 1.46511396792e-07, 2.10172164117e-08]
    },
    "erbbands": {
        "dmean": [0.829870223999, 1.97288143635, 2.16530680656, 11.1895589828, 26.190946579, 10.8662633896, 6.45883655548, 4.72863435745, 5.67112970352, 6.19256496429, 7.32239866257, 7.09424829483, 7.35857105255, 8.55292987823, 9.78218460083, 11.1469717026, 12.1043491364, 12.308139801, 12.5061588287, 11.3115797043, 12.8813829422, 14.3561058044, 15.0185947418, 13.8674135208, 12.9765205383, 11.6906080246, 12.132856369, 11.8849430084, 9.31589412689, 6.61459684372, 4.68626308441, 3.77022385597, 3.12345147133, 2.0101981163, 1.37743484974, 0.695481657982, 0.368658959866, 0.117711387575, 0.0125207211822, 0.000169362669112],
        "dmean2": [1.29170918465, 3.22671055794, 3.40741276741, 18.3780651093, 46.9058990479, 18.8697566986, 10.0417575836, 8.04374980927, 8.84091472626, 9.5667591095, 11.2015619278, 11.0058612823, 11.6621446609, 13.467171669, 15.5331268311, 17.8597946167, 19.7073459625, 20.3045845032, 20.7034759521, 18.9815578461, 21.4123516083, 23.6296596527, 25.0824317932, 22.967628479, 21.4283809662, 19.4818744659, 20.3751487732, 19.9627227783, 15.2468147278, 10.7098789215, 7.57089042664, 6.10687923431, 5.01964426041, 3.22300100327, 2.22098493576, 1.14173281193, 0.601938009262, 0.190240323544, 0.0204462017864, 0.000273987679975],
        "dvar": [0.982028782368, 9.23452663422, 14.0078296661, 552.59564209, 4559.99609375, 622.050109863, 244.107513428, 92.2582397461, 97.7008132935, 98.9593429565, 150.575469971, 90.45728302, 98.7172546387, 139.292633057, 308.29284668, 240.697113037, 241.192642212, 233.666000366, 289.095947266, 186.97354126, 244.830688477, 278.622711182, 303.038604736, 273.63671875, 223.449661255, 174.056045532, 197.501922607, 200.495788574, 125.24382782, 59.5932998657, 29.0557670593, 20.4973449707, 16.1657924652, 7.30939531326, 3.41322469711, 1.04527890682, 0.361216008663, 0.0370266325772, 0.000366267631762, 6.48442508577e-08],
        "dvar2": [2.58110880852, 27.8014945984, 34.8238296509, 1402.97045898, 12496.5273438, 1639.09570312, 496.178710938, 236.010452271, 207.234588623, 233.807342529, 306.984802246, 203.392776489, 230.095657349, 318.338928223, 643.603149414, 538.758911133, 586.00970459, 590.146118164, 749.517211914, 501.939544678, 665.896606445, 730.570922852, 805.193054199, 720.48638916, 613.452453613, 469.629577637, 537.630187988, 558.232788086, 330.152984619, 153.204620361, 72.5929260254, 52.03647995, 40.4158172607, 18.4009990692, 8.44981479645, 2.68171572685, 0.927364230156, 0.0935723334551, 0.000908073910978, 1.60608379929e-07],
        "max": [7.06168174744, 25.9844913483, 63.2896194458, 203.038650513, 464.304046631, 655.732177734, 672.538696289, 247.496505737, 446.798583984, 335.031921387, 757.104187012, 280.226043701, 271.151367188, 337.048034668, 1390.99804688, 391.065002441, 391.02041626, 378.137481689, 479.323364258, 281.170288086, 442.19354248, 371.30267334, 441.389801025, 473.782348633, 400.520446777, 326.039489746, 309.375366211, 230.351470947, 255.708587646, 116.961555481, 80.0402984619, 63.4847488403, 61.8603858948, 32.9377555847, 31.1487960815, 16.6008682251, 8.76582050323, 3.29006147385, 0.329684495926, 0.0042279753834],
        "mean": [1.08876800537, 2.57613039017, 3.15051579475, 12.3118047714, 20.3452262878, 14.0025396347, 13.0955181122, 7.70302629471, 11.3125047684, 11.8032722473, 14.1333341599, 14.1804332733, 14.6842069626, 16.7418689728, 19.1811294556, 21.8374271393, 24.0412425995, 24.7193965912, 25.0815048218, 22.2106132507, 26.1125411987, 30.9587993622, 33.6294403076, 33.4855766296, 32.3891906738, 30.6457328796, 30.9952354431, 29.5745182037, 23.8239822388, 17.5558242798, 12.9359474182, 9.93133831024, 7.84266138077, 5.22592639923, 3.66252088547, 1.79710459709, 0.849543631077, 0.242183864117, 0.0188457984477, 0.000355723022949],
        "median": [0.495644927025, 1.31172370911, 1.27115809917, 2.91356348991, 2.7641274929, 3.57856798172, 4.35377168655, 3.65858960152, 5.86095714569, 7.16787004471, 9.04357719421, 9.62291240692, 10.4418964386, 11.5793619156, 12.9279155731, 15.8825149536, 18.1127376556, 19.8487491608, 20.7780742645, 18.3906650543, 22.5916957855, 26.8604297638, 29.9164390564, 30.868270874, 30.2188053131, 30.1051578522, 30.0985279083, 28.168718338, 22.455121994, 16.5254440308, 12.0444192886, 8.94479560852, 6.82301473618, 4.56687736511, 3.25514888763, 1.55725955963, 0.697188556194, 0.185533344746, 0.0115042384714, 0.000274398509646],
        "min": [2.40146349432e-22, 7.27212624547e-22, 8.41544646299e-22, 4.21506360115e-21, 1.23524464148e-20, 8.68655189972e-20, 5.43107080039e-20, 2.23255065051e-19, 1.9925071019e-19, 4.04997398977e-19, 4.37391187632e-19, 8.94024250673e-19, 1.4931019511e-18, 1.08089727575e-18, 1.45357791726e-18, 1.81688443109e-18, 2.3723752967e-18, 3.29247641619e-18, 4.31426760466e-18, 5.78970387301e-18, 3.44738542463e-18, 6.31478819969e-18, 7.41177072623e-18, 8.99008758326e-18, 1.07717477687e-17, 1.02786935297e-17, 1.22179953148e-17, 1.2964664784e-17, 1.1289717515e-17, 1.2544815202e-17, 1.25345680886e-17, 1.22279264452e-17, 1.14386431125e-17, 1.02124586965e-17, 7.36909068816e-18, 4.31879848646e-18, 2.77967654878e-18, 9.92813397254e-19, 2.7293687681e-19, 2.93389331045e-20],
        "var": [1.73874235153, 11.2678899765, 21.3243808746, 561.262939453, 3116.58081055, 1104.44494629, 1069.56689453, 186.623779297, 396.341003418, 269.880737305, 437.965301514, 240.254730225, 246.75189209, 333.330047607, 1148.07897949, 522.509094238, 557.137390137, 489.617797852, 516.031738281, 332.05847168, 450.856811523, 632.446594238, 693.130554199, 644.857543945, 596.374267578, 455.271759033, 494.031341553, 458.448364258, 298.011077881, 158.254455566, 85.9630050659, 54.984161377, 37.8979988098, 16.6952819824, 8.2203578949, 2.16183447838, 0.6012763381, 0.0597517192364, 0.000556849699933, 1.08238360497e-07]
    },
    "gfcc": {
        "mean": [62.51537323, 34.7597961426, -90.0709609985, 36.0232467651, -43.446395874, 20.296377182, -27.1838855743, 13.2533636093, -23.5398521423, 10.7484645844, -17.5367412567, 7.08349704742, -13.6853876114],
        "cov": [[11149.1494141, -1771.59484863, -417.368682861, 644.114990234, 29.3035774231, 497.343078613, -9.1699552536, 445.280975342, -97.2625579834, 289.028259277, -182.712158203, 161.581832886, -264.999328613], [-1771.59484863, 1807.2578125, -42.8293533325, -424.779724121, -233.453887939, -364.142730713, -90.4495162964, -324.068023682, -29.3507003784, -199.035919189, 30.961397171, -121.33316803, 107.982040405], [-417.368682861, -42.8293533325, 404.176239014, 55.3511619568, 54.2235450745, -33.2655639648, -29.1028079987, -29.6317214966, -35.7487754822, -35.4466362, -48.1353759766, -31.5233211517, -32.5205078125], [644.114990234, -424.779724121, 55.3511619568, 405.513366699, 160.137329102, 211.821380615, 71.5546417236, 101.083244324, 13.0689678192, 41.8323020935, -21.6014842987, 6.6463599205, -32.2177124023], [29.3035774231, -233.453887939, 54.2235450745, 160.137329102, 213.332504272, 143.724609375, 99.0727310181, 87.5786361694, 55.35546875, 49.2478637695, 30.1925411224, 29.0754890442, 11.2534685135], [497.343078613, -364.142730713, -33.2655639648, 211.821380615, 143.724609375, 304.250396729, 150.102615356, 161.618881226, 83.0109634399, 89.9960403442, 51.1025772095, 51.3342819214, 15.7941265106], [-9.1699552536, -90.4495162964, -29.1028079987, 71.5546417236, 99.0727310181, 150.102615356, 195.437576294, 128.803344727, 119.474411011, 77.6763534546, 80.5176086426, 52.1315307617, 50.5756759644], [445.280975342, -324.068023682, -29.6317214966, 101.083244324, 87.5786361694, 161.618881226, 128.803344727, 203.313583374, 114.304954529, 122.97681427, 66.9870147705, 80.7337646484, 28.3196144104], [-97.2625579834, -29.3507003784, -35.7487754822, 13.0689678192, 55.35546875, 83.0109634399, 119.474411011, 114.304954529, 147.831237793, 99.4531326294, 95.665145874, 61.5893325806, 60.7868003845], [289.028259277, -199.035919189, -35.4466362, 41.8323020935, 49.2478637695, 89.9960403442, 77.6763534546, 122.97681427, 99.4531326294, 132.980789185, 86.7897415161, 82.8352203369, 41.6207351685], [-182.712158203, 30.961397171, -48.1353759766, -21.6014842987, 30.1925411224, 51.1025772095, 80.5176086426, 66.9870147705, 95.665145874, 86.7897415161, 124.551506042, 79.5444412231, 76.3280792236], [161.581832886, -121.33316803, -31.5233211517, 6.6463599205, 29.0754890442, 51.3342819214, 52.1315307617, 80.7337646484, 61.5893325806, 82.8352203369, 79.5444412231, 99.9546203613, 61.7159461975], [-264.999328613, 107.982040405, -32.5205078125, -32.2177124023, 11.2534685135, 15.7941265106, 50.5756759644, 28.3196144104, 60.7868003845, 41.6207351685, 76.3280792236, 61.7159461975, 97.0164337158]],
        "icov": [[0.000157589282026, -4.989646186e-05, 0.000178933536517, -0.000154972862219, 0.000166588142747, -0.000135305977892, -6.50221454634e-06, -0.000128320345539, 0.000283131026663, -0.000545065326151, 0.000661193276756, -0.000683963357005, 0.000509393285029], [-4.989646186e-05, 0.00157815683633, -3.8123842387e-05, 0.000426101032645, 0.00051374809118, 0.000698060437571, -0.000414237787481, 0.00126101321075, -0.00115615269169, 0.00185291422531, -0.00199787993915, 0.00292393169366, -0.00244818720967], [0.000178933536517, -3.8123842387e-05, 0.00310009531677, -0.000546852708794, -0.0010953086894, 0.000825264782179, 9.33586270548e-05, -0.000111409848614, 0.000194653795916, -0.000375467643607, 0.00147965364158, -0.000856476952322, 0.000785139214713], [-0.000154972862219, 0.000426101032645, -0.000546852708794, 0.00542291533202, -0.00223318021744, -0.00277664582245, 0.000431904976722, 0.00026619725395, 0.00054774543969, -0.000570518546738, 0.00112258887384, 0.0016822477337, -0.000923581595998], [0.000166588142747, 0.00051374809118, -0.0010953086894, -0.00223318021744, 0.00931279268116, -0.0015366806183, -0.00249455170706, 0.000843594665639, -0.000906071567442, 0.000412660156144, -0.000394829694415, -0.000703016004991, 0.000147096347064], [-0.000135305977892, 0.000698060437571, 0.000825264782179, -0.00277664582245, -0.0015366806183, 0.0103936111555, -0.00409851921722, -0.00390187953599, 0.00242178677581, 0.000656939926557, -0.00329014891759, 0.00333026284352, -0.00135943561327], [-6.50221454634e-06, -0.000414237787481, 9.33586270548e-05, 0.000431904976722, -0.00249455170706, -0.00409851921722, 0.0167615767568, -0.0057293670252, -0.00778276752681, 0.00609129527584, -0.00393510842696, 0.00195150088985, -0.00137322640512], [-0.000128320345539, 0.00126101321075, -0.000111409848614, 0.00026619725395, 0.000843594665639, -0.00390187953599, -0.0057293670252, 0.0243620257825, -0.00960996374488, -0.00857544317842, 0.00859206542373, -0.00922868214548, 0.00352079141885], [0.000283131026663, -0.00115615269169, 0.000194653795916, 0.00054774543969, -0.000906071567442, 0.00242178677581, -0.00778276752681, -0.00960996374488, 0.0315181463957, -0.0137431304902, -0.00753060448915, 0.0105032511055, -0.00572834257036], [-0.000545065326151, 0.00185291422531, -0.000375467643607, -0.000570518546738, 0.000412660156144, 0.000656939926557, 0.00609129527584, -0.00857544317842, -0.0137431304902, 0.039679620415, -0.0157920196652, -0.00837528891861, 0.00464681023732], [0.000661193276756, -0.00199787993915, 0.00147965364158, 0.00112258887384, -0.000394829694415, -0.00329014891759, -0.00393510842696, 0.00859206542373, -0.00753060448915, -0.0157920196652, 0.0402892008424, -0.0183564182371, -0.00350388674997], [-0.000683963357005, 0.00292393169366, -0.000856476952322, 0.0016822477337, -0.000703016004991, 0.00333026284352, 0.00195150088985, -0.00922868214548, 0.0105032511055, -0.00837528891861, -0.0183564182371, 0.0485116392374, -0.0230411961675], [0.000509393285029, -0.00244818720967, 0.000785139214713, -0.000923581595998, 0.000147096347064, -0.00135943561327, -0.00137322640512, 0.00352079141885, -0.00572834257036, 0.00464681023732, -0.00350388674997, -0.0230411961675, 0.0332824513316]]
    },
    "melbands": {
        "dmean": [0.00558516243473, 0.00138374662492, 0.00235379906371, 0.00137386482675, 0.000236784733715, 0.000106339430204, 8.36690524011e-05, 7.01320896042e-05, 5.72643511987e-05, 4.54391520179e-05, 3.77490578103e-05, 3.59864898201e-05, 3.27226298396e-05, 3.02899679809e-05, 2.84624147753e-05, 2.74378853646e-05, 2.44926759478e-05, 2.17536926357e-05, 1.84831569641e-05, 1.51838894453e-05, 1.66372501553e-05, 1.66380759765e-05, 1.53870223585e-05, 1.43691031553e-05, 1.23526760945e-05, 1.1056121366e-05, 9.63686215982e-06, 8.59371084516e-06, 8.26792984299e-06, 8.28624251881e-06, 7.31791169528e-06, 6.11786526861e-06, 4.81204006064e-06, 3.72720478481e-06, 3.05581033899e-06, 2.60632873506e-06, 2.5136757813e-06, 2.50223092735e-06, 1.90396679045e-06, 1.86184115591e-06],
        "dmean2": [0.00877395737916, 0.00238955486566, 0.00384950404987, 0.00247063837014, 0.000374751864001, 0.00017962140555, 0.000130096552311, 0.000108815067506, 8.76494304975e-05, 7.04649064573e-05, 5.98338374402e-05, 5.67043862247e-05, 5.2075694839e-05, 4.86394274049e-05, 4.60605187982e-05, 4.48656901426e-05, 4.06063081755e-05, 3.60619778803e-05, 3.08141061396e-05, 2.580481123e-05, 2.78898187389e-05, 2.75443071587e-05, 2.61842487816e-05, 2.39812870859e-05, 2.06761105801e-05, 1.83585707418e-05, 1.6120258806e-05, 1.4456016288e-05, 1.39497060445e-05, 1.39508292705e-05, 1.23705094666e-05, 1.01490340967e-05, 7.89496425568e-06, 6.1111377363e-06, 4.99561383549e-06, 4.23301344199e-06, 4.12332155975e-06, 4.06229173677e-06, 3.10823475047e-06, 3.03009915115e-06],
        "dvar": [4.37766939285e-05, 3.5395814848e-06, 2.55355007539e-05, 1.19470169011e-05, 3.0934270967e-07, 4.56303297369e-08, 2.03570209578e-08, 1.21728591651e-08, 8.28327362257e-09, 3.78021924874e-09, 2.57176102636e-09, 2.50731879703e-09, 3.24091553594e-09, 1.77652803579e-09, 1.1974737868e-09, 1.31163591099e-09, 9.18377873749e-10, 8.45481407108e-10, 5.48719236715e-10, 3.77719133748e-10, 4.00988742211e-10, 4.02778227437e-10, 3.29300753332e-10, 2.79284317894e-10, 2.29782193273e-10, 1.68682082191e-10, 1.16922860283e-10, 9.78206474156e-11, 9.71494273916e-11, 8.92374438233e-11, 7.3618292018e-11, 5.41208709792e-11, 3.1470871048e-11, 1.8908624666e-11, 1.25229627015e-11, 9.15415399733e-12, 9.39382165804e-12, 1.00497110633e-11, 6.15589957481e-12, 6.19272992261e-12],
        "dvar2": [0.000121137287351, 1.04092359834e-05, 6.14356249571e-05, 3.31405208271e-05, 6.53881841117e-07, 1.16729744093e-07, 4.32000142325e-08, 2.90898274358e-08, 1.71614722433e-08, 8.40299652083e-09, 5.99675553659e-09, 5.7193449976e-09, 6.73693101305e-09, 3.94713062235e-09, 2.83196821549e-09, 3.24756710413e-09, 2.33179475728e-09, 2.19628071285e-09, 1.43974399069e-09, 1.02418806769e-09, 1.09132136661e-09, 1.06155784163e-09, 9.32674160126e-10, 7.34389327128e-10, 6.15069328802e-10, 4.65683380746e-10, 3.23770371624e-10, 2.68864708275e-10, 2.71864974977e-10, 2.46100639867e-10, 2.05327893577e-10, 1.44516690281e-10, 8.34866620281e-11, 4.95143474832e-11, 3.25421078973e-11, 2.33894795892e-11, 2.46009202592e-11, 2.56355596473e-11, 1.54996102758e-11, 1.5999956568e-11],
        "max": [0.0439701490104, 0.0241544153541, 0.0383826866746, 0.0250409096479, 0.0189382117242, 0.00502016907558, 0.00645926734433, 0.00365402339958, 0.00547863449901, 0.00226953695528, 0.00139689061325, 0.00149388052523, 0.00439816899598, 0.00123624643311, 0.000745287688915, 0.00083078967873, 0.000629167305306, 0.000735284993425, 0.000665044295602, 0.000357515120413, 0.000498836277984, 0.000481388968183, 0.000423725461587, 0.000438656861661, 0.000475847977214, 0.000316778896376, 0.000257218023762, 0.000266178365564, 0.00021040638967, 0.000155179935973, 0.000142259566928, 0.000174677625182, 0.000107943662442, 6.27906774753e-05, 5.90373092564e-05, 4.60836308775e-05, 4.24374557042e-05, 4.51739579148e-05, 3.83770566259e-05, 3.22630294249e-05],
        "mean": [0.00750545552, 0.00214513018727, 0.00245435605757, 0.00124152121134, 0.000483504933072, 0.000178859219886, 0.000168891085195, 0.000130969026941, 0.00011221364548, 8.78013233887e-05, 7.34369314159e-05, 6.70239460305e-05, 6.11456634942e-05, 5.73538636672e-05, 5.44720533071e-05, 5.14989660587e-05, 4.53525717603e-05, 4.04815145885e-05, 3.39667240041e-05, 2.70601503871e-05, 3.12186894007e-05, 3.20822327922e-05, 3.05223948089e-05, 2.95632617053e-05, 2.68275343842e-05, 2.42935639108e-05, 2.19052817556e-05, 1.99164969672e-05, 1.90193441085e-05, 1.86638590094e-05, 1.66453446582e-05, 1.39116491482e-05, 1.13335008791e-05, 9.03853469936e-06, 7.57868019718e-06, 6.48831382932e-06, 5.87860358792e-06, 5.63359390071e-06, 4.81563165522e-06, 4.28643033956e-06],
        "median": [0.00365199404769, 0.00125129031949, 0.00051050883485, 0.00022542993247, 0.000159240720677, 8.44184323796e-05, 8.98032667465e-05, 8.18624321255e-05, 7.36937581678e-05, 5.90964518778e-05, 5.16845175298e-05, 4.51896776212e-05, 4.00457101932e-05, 4.05147657148e-05, 4.07644802181e-05, 3.88076332456e-05, 3.57590070053e-05, 3.24827778968e-05, 2.79310443148e-05, 2.15430645767e-05, 2.66363003902e-05, 2.68767053058e-05, 2.62339235633e-05, 2.58455784206e-05, 2.39733453782e-05, 2.15888594539e-05, 2.0357700123e-05, 1.89535985555e-05, 1.79865201062e-05, 1.7289268726e-05, 1.5342808183e-05, 1.27502062242e-05, 1.04693945104e-05, 8.29442069517e-06, 6.91652712703e-06, 5.82361053603e-06, 5.16859836353e-06, 4.76282275486e-06, 4.18447734774e-06, 3.64188986168e-06],
        "min": [2.86502132318e-24, 5.82085374998e-25, 8.17561144067e-25, 2.51872203541e-24, 2.03963596084e-24, 4.75468713454e-24, 2.76851050232e-24, 3.75407426869e-24, 4.05881202523e-24, 5.49437873397e-24, 6.92359471799e-24, 3.80699697466e-24, 4.60099730868e-24, 5.3124074558e-24, 5.52245429359e-24, 3.18897375923e-24, 5.58744657142e-24, 6.06019434584e-24, 4.57217233121e-24, 3.5851988704e-24, 4.40873179013e-24, 5.41329487697e-24, 5.78788784439e-24, 6.07731499406e-24, 6.58904078024e-24, 7.50007770145e-24, 5.56757989838e-24, 6.52119913682e-24, 6.29365930846e-24, 7.04233721689e-24, 7.60883953217e-24, 6.00309186035e-24, 5.93488181889e-24, 6.73790790496e-24, 6.15233053855e-24, 7.86412044313e-24, 6.58955353983e-24, 6.9865000643e-24, 7.46228337548e-24, 8.09584202315e-24],
        "var": [7.55939327064e-05, 5.664785931e-06, 2.58333693637e-05, 8.95063021744e-06, 1.42790531754e-06, 9.97793563329e-08, 8.38196640984e-08, 3.06200078626e-08, 2.46953089089e-08, 9.79928937994e-09, 6.37223607214e-09, 5.76978331779e-09, 1.20503518275e-08, 4.0854857275e-09, 2.77030909324e-09, 2.77337242061e-09, 1.7734173019e-09, 1.44867529084e-09, 9.33099930656e-10, 5.7985494184e-10, 7.06320057997e-10, 7.77045872091e-10, 6.37515984447e-10, 5.70719305149e-10, 4.6087761385e-10, 3.86094961558e-10, 2.70852729134e-10, 2.13170966989e-10, 2.07278957887e-10, 1.94120469699e-10, 1.56517312999e-10, 1.11820532001e-10, 7.18223258644e-11, 4.52162335352e-11, 3.192479614e-11, 2.41935239204e-11, 2.11958315482e-11, 2.11139803558e-11, 1.4661223624e-11, 1.21797242431e-11]
    },
    "mfcc": {
        "mean": [-587.73614502, 77.8816604614, 10.3242616653, 25.9226226807, 8.88025093079, 13.9123840332, 9.09148311615, 6.94385528564, 5.07840108871, 3.51835870743, 4.70013475418, 3.5640296936, -0.131408244371],
        "cov": [[5652.49951172, -1411.68383789, -156.425170898, 236.414871216, 182.260604858, 201.944580078, 207.835464478, 216.210479736, 180.96333313, 166.946502686, 170.763748169, 133.534744263, 64.6732025146], [-1411.68383789, 1678.16662598, 72.3291625977, -156.105773926, -247.53793335, -199.972686768, -210.333221436, -200.584243774, -158.707962036, -150.540405273, -140.059738159, -113.65372467, -76.69480896], [-156.425170898, 72.3291625977, 270.278442383, 59.0468063354, 28.9281406403, -0.490916907787, -15.0439281464, -21.9304084778, -19.2664375305, -27.3661746979, -33.4056663513, -31.7952308655, -34.7454147339], [236.414871216, -156.105773926, 59.0468063354, 193.389144897, 90.839263916, 59.8930473328, 36.7771186829, 25.8294563293, 21.5407409668, 12.4960765839, 2.99565291405, -8.68475818634, -6.69767999649], [182.260604858, -247.53793335, 28.9281406403, 90.839263916, 164.353759766, 91.555847168, 69.5370025635, 50.6849861145, 39.5321083069, 31.3642539978, 22.9591674805, 15.4148588181, 13.2054767609], [201.944580078, -199.972686768, -0.490916907787, 59.8930473328, 91.555847168, 151.086761475, 100.93863678, 80.6486663818, 59.1080932617, 49.5998191833, 38.5258255005, 31.0736045837, 23.790178299], [207.835464478, -210.333221436, -15.0439281464, 36.7771186829, 69.5370025635, 100.93863678, 125.803710938, 95.3407516479, 70.0825424194, 59.3142242432, 51.176109314, 45.4939689636, 37.356918335], [216.210479736, -200.584243774, -21.9304084778, 25.8294563293, 50.6849861145, 80.6486663818, 95.3407516479, 120.233131409, 86.4775848389, 71.3065414429, 60.5458984375, 50.5892486572, 44.9135017395], [180.96333313, -158.707962036, -19.2664375305, 21.5407409668, 39.5321083069, 59.1080932617, 70.0825424194, 86.4775848389, 101.50617218, 78.4969863892, 60.7332839966, 50.3159599304, 42.7203674316], [166.946502686, -150.540405273, -27.3661746979, 12.4960765839, 31.3642539978, 49.5998191833, 59.3142242432, 71.3065414429, 78.4969863892, 96.1258773804, 74.2620773315, 56.5202293396, 48.7326927185], [170.763748169, -140.059738159, -33.4056663513, 2.99565291405, 22.9591674805, 38.5258255005, 51.176109314, 60.5458984375, 60.7332839966, 74.2620773315, 89.9192886353, 68.6374969482, 51.7374572754], [133.534744263, -113.65372467, -31.7952308655, -8.68475818634, 15.4148588181, 31.0736045837, 45.4939689636, 50.5892486572, 50.3159599304, 56.5202293396, 68.6374969482, 83.8996887207, 62.2744903564], [64.6732025146, -76.69480896, -34.7454147339, -6.69767999649, 13.2054767609, 23.790178299, 37.356918335, 44.9135017395, 42.7203674316, 48.7326927185, 51.7374572754, 62.2744903564, 76.4087295532]],
