{
"lowlevel": {
    "average_loudness": 0.91784119606,
    "barkbands_crest": {
        "dmean": 3.64035272598,
        "dmean2": 5.82586860657,
        "dvar": 9.93072605133,
        "dvar2": 24.5267601013,
        "max": 26.7548274994,
        "mean": 15.9537439346,
        "median": 16.1657943726,
        "min": 2.37115240097,
        "var": 27.1187744141
    },
    "barkbands_flatness_db": {
        "dmean": 0.0563786178827,
        "dmean2": 0.0879882127047,
        "dvar": 0.00468467175961,
        "dvar2": 0.00992631074041,
        "max": 0.897796332836,
        "mean": 0.248057693243,
        "median": 0.189311444759,
        "min": 0.0162570457906,
        "var": 0.0305232647806
    },
    "barkbands_kurtosis": {
        "dmean": 33.5487060547,
        "dmean2": 55.7407722473,
        "dvar": 14996.8876953,
        "dvar2": 38800.8242188,
        "max": 5348.3203125,
        "mean": 40.7797698975,
        "median": 18.5449066162,
        "min": -1.97894966602,
        "var": 13338.6914062
    },
    "barkbands_skewness": {
        "dmean": 1.72458553314,
        "dmean2": 2.72461915016,
        "dvar": 5.39979314804,
        "dvar2": 13.4381399155,
        "max": 69.6494598389,
        "mean": 4.22110462189,
        "median": 3.79038906097,
        "min": -10.6485147476,
        "var": 10.4221687317
    },
    "barkbands_spread": {
        "dmean": 6.93892669678,
        "dmean2": 11.3849411011,
        "dvar": 122.646377563,
        "dvar2": 302.692565918,
        "max": 142.682022095,
        "mean": 11.7311611176,
        "median": 7.7668504715,
        "min": 0.0126776276156,
        "var": 169.303237915
    },
    "dissonance": {
        "dmean": 0.0223188679665,
        "dmean2": 0.0363425537944,
        "dvar": 0.00083212251775,
        "dvar2": 0.00192035047803,
        "max": 0.500000119209,
        "mean": 0.448760569096,
        "median": 0.468949884176,
        "min": 0.0395593382418,
        "var": 0.00429195025936
    },
    "dynamic_complexity": 2.43607664108,
    "erbbands_crest": {
        "dmean": 2.31167769432,
        "dmean2": 3.73336315155,
        "dvar": 6.5671877861,
        "dvar2": 15.1363296509,
        "max": 33.9776535034,
        "mean": 8.31653690338,
        "median": 6.61876773834,
        "min": 2.28005218506,
        "var": 23.8381614685
    },
    "erbbands_flatness_db": {
        "dmean": 0.025289312005,
        "dmean2": 0.0398514680564,
        "dvar": 0.00192514772061,
        "dvar2": 0.00391100021079,
        "max": 0.636589586735,
        "mean": 0.13583008945,
        "median": 0.0895409733057,
        "min": 0.026669671759,
        "var": 0.0143800862134
    },
    "erbbands_kurtosis": {
        "dmean": 4.81767654419,
        "dmean2": 7.3906378746,
        "dvar": 433.261291504,
        "dvar2": 889.546691895,
        "max": 504.03225708,
        "mean": 5.65839290619,
        "median": 0.0807548761368,
        "min": -1.96647274494,
        "var": 806.77520752
    },
    "erbbands_skewness": {
        "dmean": 0.537164151669,
        "dmean2": 0.803700447083,
        "dvar": 1.31206333637,
        "dvar2": 2.6427924633,
        "max": 18.0020561218,
        "mean": 0.837487280369,
        "median": 0.519266724586,
        "min": -6.53870630264,
        "var": 3.0423207283
    },
    "erbbands_spread": {
        "dmean": 12.5152359009,
        "dmean2": 19.6824817657,
        "dvar": 457.786773682,
        "dvar2": 969.356201172,
        "max": 279.095245361,
        "mean": 50.3236541748,
        "median": 49.1745376587,
        "min": 0.472616940737,
        "var": 998.701171875
    },
    "hfc": {
        "dmean": 16.9819126129,
        "dmean2": 28.5881061554,
        "dvar": 1176.75012207,
        "dvar2": 3054.99267578,
        "max": 558.109069824,
        "mean": 32.6299667358,
        "median": 25.7114028931,
        "min": 1.75305048256e-10,
        "var": 1086.95080566
    },
    "melbands_crest": {
        "dmean": 5.05782699585,
        "dmean2": 8.20299911499,
        "dvar": 22.4864864349,
        "dvar2": 52.7304000854,
        "max": 39.9967842102,
        "mean": 24.5133876801,
        "median": 24.9206161499,
        "min": 3.21089410782,
        "var": 61.0513381958
    },
    "melbands_flatness_db": {
        "dmean": 0.0626951232553,
        "dmean2": 0.0976868867874,
        "dvar": 0.00589698646218,
        "dvar2": 0.0126192746684,
        "max": 1,
        "mean": 0.369150906801,
        "median": 0.30857872963,
        "min": 0.0238205194473,
        "var": 0.036665186286
    },
    "melbands_kurtosis": {
        "dmean": 119.749046326,
        "dmean2": 196.681137085,
        "dvar": 5233490.5,
        "dvar2": 14068930,
        "max": 219948.921875,
        "mean": 142.394348145,
        "median": 45.3749694824,
        "min": -1.9159488678,
        "var": 4071901
    },
    "melbands_skewness": {
        "dmean": 2.44257211685,
        "dmean2": 3.86011767387,
        "dvar": 24.0200042725,
        "dvar2": 52.7239761353,
        "max": 384.296295166,
        "mean": 6.44730854034,
        "median": 5.42004728317,
        "min": -6.91274404526,
        "var": 48.0472717285
    },
    "melbands_spread": {
        "dmean": 4.30067873001,
        "dmean2": 7.02957820892,
        "dvar": 163.781921387,
        "dvar2": 389.550476074,
        "max": 332.880065918,
        "mean": 7.0114107132,
        "median": 4.19071102142,
        "min": 0.0010073047597,
        "var": 179.177062988
    },
    "pitch_salience": {
        "dmean": 0.115931890905,
        "dmean2": 0.182199001312,
        "dvar": 0.0112696280703,
        "dvar2": 0.025794679299,
        "max": 0.98006016016,
        "mean": 0.372750878334,
        "median": 0.374778181314,
        "min": 0.00173780065961,
        "var": 0.0328055396676
    },
    "silence_rate_20dB": {
        "dmean": 0.0245930273086,
        "dmean2": 0.0491894930601,
        "dvar": 0.0239915084094,
        "dvar2": 0.0624292828143,
        "max": 1,
        "mean": 0.978342890739,
        "median": 1,
        "min": 0,
        "var": 0.0211841240525
    },
    "silence_rate_30dB": {
        "dmean": 0.18263117969,
        "dmean2": 0.365287870169,
        "dvar": 0.149265632033,
        "dvar2": 0.314599484205,
        "max": 1,
        "mean": 0.300195604563,
        "median": 0,
        "min": 0,
        "var": 0.210065796971
    },
    "silence_rate_60dB": {
        "dmean": 0.0173269063234,
        "dmean2": 0.0346562340856,
        "dvar": 0.0170279592276,
        "dvar2": 0.0376504845917,
        "max": 1,
        "mean": 0.0493223406374,
        "median": 0,
        "min": 0,
        "var": 0.0468908622861
    },
    "spectral_centroid": {
        "dmean": 232.900909424,
        "dmean2": 372.02130127,
        "dvar": 200749.203125,
        "dvar2": 411847.6875,
        "max": 11070.7109375,
        "mean": 802.631530762,
        "median": 735.204833984,
        "min": 40.3778953552,
        "var": 405434.40625
    },
    "spectral_complexity": {
        "dmean": 3.96185278893,
        "dmean2": 6.25838470459,
        "dvar": 20.2599620819,
        "dvar2": 45.7081298828,
        "max": 54,
        "mean": 16.9957389832,
        "median": 18,
        "min": 0,
        "var": 94.7204818726
    },
    "spectral_decrease": {
        "dmean": 1.74786443097e-08,
        "dmean2": 2.90959771831e-08,
        "dvar": 3.20066539834e-16,
        "dvar2": 8.90563240963e-16,
        "max": 1.73118341884e-09,
        "mean": -3.63341428056e-08,
        "median": -3.22350430793e-08,
        "min": -1.42377288626e-07,
        "var": 5.58105244386e-16
    },
    "spectral_energy": {
        "dmean": 0.0663642212749,
        "dmean2": 0.11048194021,
        "dvar": 0.00456823222339,
        "dvar2": 0.0127438865602,
        "max": 0.540273427963,
        "mean": 0.14009295404,
        "median": 0.125046417117,
        "min": 1.90951431506e-14,
        "var": 0.0079586841166
    },
    "spectral_energyband_high": {
        "dmean": 0.00104955805,
        "dmean2": 0.00176381168421,
        "dvar": 6.31490411251e-06,
        "dvar2": 1.6382044123e-05,
        "max": 0.0415915772319,
        "mean": 0.0014339601621,
        "median": 0.000767998863012,
        "min": 1.38858176802e-14,
        "var": 5.76739375902e-06
    },
    "spectral_energyband_low": {
        "dmean": 0.0658640637994,
        "dmean2": 0.108782246709,
        "dvar": 0.00459795352072,
        "dvar2": 0.0127741256729,
        "max": 0.523297846317,
        "mean": 0.119904518127,
        "median": 0.101342946291,
        "min": 4.57961796346e-17,
        "var": 0.008146061562
    },
    "spectral_energyband_middle_high": {
        "dmean": 0.00168794102501,
        "dmean2": 0.0027240680065,
        "dvar": 5.83370638196e-06,
        "dvar2": 1.44101950355e-05,
        "max": 0.0352202318609,
        "mean": 0.00362488534302,
        "median": 0.00276913400739,
        "min": 4.33938748175e-15,
        "var": 1.32311788548e-05
    },
    "spectral_energyband_middle_low": {
        "dmean": 0.00841086171567,
        "dmean2": 0.0133476611227,
        "dvar": 0.000219521200052,
        "dvar2": 0.000536872830708,
        "max": 0.282293349504,
        "mean": 0.0176309868693,
        "median": 0.0129954088479,
        "min": 7.28824840784e-16,
        "var": 0.000370186957298
    },
    "spectral_entropy": {
        "dmean": 0.296725302935,
        "dmean2": 0.453213751316,
        "dvar": 0.251189529896,
        "dvar2": 0.473725050688,
        "max": 9.79586315155,
        "mean": 7.21941328049,
        "median": 7.60227632523,
        "min": 2.95655250549,
        "var": 1.42349326611
    },
    "spectral_flux": {
        "dmean": 0.0720086693764,
        "dmean2": 0.117877081037,
        "dvar": 0.00460978690535,
        "dvar2": 0.0120549472049,
        "max": 0.70620906353,
        "mean": 0.179475590587,
        "median": 0.172419190407,
        "min": 1.09683614937e-05,
        "var": 0.00925746560097
    },
    "spectral_kurtosis": {
        "dmean": 26.6895980835,
        "dmean2": 46.3455696106,
        "dvar": 16972.6601562,
        "dvar2": 50244.0351562,
        "max": 2836.69311523,
        "mean": 38.5961227417,
        "median": 4.82600975037,
        "min": -1.46221363544,
        "var": 21892.5742188
    },
    "spectral_rms": {
        "dmean": 0.00277147023007,
        "dmean2": 0.00451639853418,
        "dvar": 6.70656800139e-06,
        "dvar2": 1.76644825842e-05,
        "max": 0.0229585729539,
        "mean": 0.0109134325758,
        "median": 0.0110452026129,
        "min": 4.31617985797e-09,
        "var": 1.75726727321e-05
    },
    "spectral_rolloff": {
        "dmean": 299.047729492,
        "dmean2": 527.321533203,
        "dvar": 1578538.375,
        "dvar2": 3599844.5,
        "max": 17118.8964844,
        "mean": 431.829528809,
        "median": 150.732421875,
        "min": 21.533203125,
        "var": 2078301.125
    },
    "spectral_skewness": {
        "dmean": 0.814542889595,
        "dmean2": 1.31202483177,
        "dvar": 5.67371511459,
        "dvar2": 14.6998310089,
        "max": 42.2599830627,
        "mean": 3.22088956833,
        "median": 1.93152785301,
        "min": -0.736000537872,
        "var": 19.8118515015
    },
    "spectral_spread": {
        "dmean": 1117378,
        "dmean2": 1628880.5,
        "dvar": 3.25753058099e+12,
        "dvar2": 5.82976746291e+12,
        "max": 38504552,
        "mean": 6150862,
        "median": 6178667,
        "min": 33188.5703125,
        "var": 1.0503316308e+13
    },
    "spectral_strongpeak": {
        "dmean": 0.323007076979,
        "dmean2": 0.541907250881,
        "dvar": 0.283861666918,
        "dvar2": 0.700870096684,
        "max": 16.1813621521,
        "mean": 0.638286471367,
        "median": 0.537832021713,
        "min": 0,
        "var": 0.34273225069
    },
    "zerocrossingrate": {
        "dmean": 0.0139955533668,
        "dmean2": 0.0176930315793,
        "dvar": 0.000515720341355,
        "dvar2": 0.000617455807514,
        "max": 0.61474609375,
        "mean": 0.0376715436578,
        "median": 0.02880859375,
        "min": 0,
        "var": 0.00184432056267
    },
    "barkbands": {
        "dmean": [0.0135084148496, 0.0559814870358, 0.00790322478861, 0.00446352083236, 0.00408016284928, 0.000780281843618, 0.000715014059097, 0.000780310190748, 0.000476791785331, 0.000399732263759, 0.000328959868057, 0.000400734017603, 0.000246218318352, 0.000267590163276, 0.000250768323895, 0.00014217372518, 0.000140987700433, 0.000123199206428, 0.000110936925921, 6.35618707747e-05, 6.15899407421e-05, 5.8500416344e-05, 7.44861536077e-05, 0.000103038226371, 0.00021104417101, 0.000365210144082, 0.000262037152424],
        "dmean2": [0.0222839135677, 0.0921284928918, 0.0129089681432, 0.00752021092921, 0.00669588427991, 0.00121711392421, 0.00107478909194, 0.00119013397489, 0.000725029327441, 0.000637350894976, 0.000511429156177, 0.000656716350932, 0.000398321688408, 0.000439916475443, 0.000422190292738, 0.000242684836849, 0.00023613506346, 0.000213763167267, 0.000197893168661, 0.000106595784018, 0.000105665436422, 9.96472299448e-05, 0.000120838332805, 0.00017296243459, 0.000357204378815, 0.00060125568416, 0.0004439681652],
        "dvar": [0.000299602630548, 0.00342802237719, 0.00027032365324, 0.000109612978122, 7.47270387365e-05, 1.64111656886e-06, 1.84235841516e-06, 3.71715782421e-06, 1.11368547095e-06, 9.27388100536e-07, 3.54488463472e-07, 5.67126278384e-07, 1.7010724207e-07, 1.88081017427e-07, 1.90879191564e-07, 5.19779277397e-08, 6.05324572689e-08, 4.8922320417e-08, 6.57839933638e-08, 1.01442845235e-08, 1.11162492544e-08, 9.85130732545e-09, 2.37130777236e-08, 3.7305930789e-08, 3.11554885002e-07, 1.00592319541e-06, 6.51062237012e-07],
        "dvar2": [0.000758939073421, 0.00948360841721, 0.00068241689587, 0.000297979684547, 0.000199240312213, 3.86236160921e-06, 3.64362267646e-06, 8.01310034149e-06, 2.35509037338e-06, 2.08642563848e-06, 8.24838593871e-07, 1.48555534452e-06, 4.13263251176e-07, 4.63780821747e-07, 5.10845438839e-07, 1.40632437251e-07, 1.56375776328e-07, 1.35519542255e-07, 1.89310298992e-07, 2.70128897029e-08, 3.06334371203e-08, 2.67079354188e-08, 5.4227903945e-08, 9.77226690679e-08, 8.23678362849e-07, 2.55056943388e-06, 1.69145732798e-06],
        "max": [0.188608556986, 0.494281470776, 0.385940730572, 0.230711206794, 0.199339196086, 0.0349350236356, 0.057126428932, 0.0500606745481, 0.0335249081254, 0.032780431211, 0.0115076964721, 0.0173962451518, 0.0123259397224, 0.00757247535512, 0.00804113782942, 0.0035543392878, 0.00633842498064, 0.00289069442078, 0.00353120919317, 0.00285391835496, 0.00191834324505, 0.00240262481384, 0.00518485996872, 0.00370906759053, 0.0117209302261, 0.0200671274215, 0.0157747231424],
        "mean": [0.0184259656817, 0.0887603834271, 0.0102758202702, 0.00610299082473, 0.00653608329594, 0.00147158675827, 0.00129143998493, 0.00131218414754, 0.000802437542006, 0.000636369979475, 0.000506962358486, 0.00062174606137, 0.000383814098313, 0.000400102959247, 0.000353065232048, 0.000207403732929, 0.000210474347114, 0.000168162252521, 0.000135890921229, 0.000106963074359, 9.46673171711e-05, 9.94154834189e-05, 0.000147048442159, 0.000165213641594, 0.000249558797805, 0.000385546882171, 0.000241681191255],
        "median": [0.0103761926293, 0.0676533728838, 0.00445139966905, 0.00236716819927, 0.00306187407114, 0.000916806107853, 0.000611894007307, 0.000381133169867, 0.000327582703903, 0.000283927714918, 0.000253045582213, 0.000321797037032, 0.000222038856009, 0.000215148698771, 0.000185908429557, 0.000128325089463, 0.00012652768055, 0.000104121514596, 7.77493914939e-05, 7.69960242906e-05, 6.60252626403e-05, 6.04084380029e-05, 7.19698873581e-05, 8.26214600238e-05, 0.000111681867565, 0.000136798684252, 5.13941595273e-05],
        "min": [6.64171231164e-19, 7.14904575597e-18, 1.99191113378e-17, 4.33144260387e-17, 1.93190612865e-16, 1.12822684227e-16, 3.53480480826e-17, 1.76883124283e-16, 1.61023014681e-16, 1.26180089403e-16, 2.2182486605e-16, 6.71608029895e-16, 7.28365378349e-16, 5.53375412408e-16, 9.87797977862e-17, 1.62281004191e-16, 7.82708206449e-16, 7.96068351247e-16, 1.0033701492e-16, 3.33126993787e-16, 8.03993191501e-16, 7.06926868575e-16, 1.1589456303e-15, 1.81853018633e-15, 2.50280490573e-15, 3.39958028633e-15, 3.30337004902e-15],
        "var": [0.000551514618564, 0.00609692232683, 0.000308124726871, 0.000131090549985, 0.000130915155751, 3.73026705347e-06, 4.88184605274e-06, 7.72546900407e-06, 2.45248884312e-06, 1.72255829511e-06, 6.56652161979e-07, 9.73129886006e-07, 2.88458352316e-07, 3.26543755591e-07, 2.51273718277e-07, 6.84537724283e-08, 8.47090078082e-08, 4.8585885537e-08, 4.70238283867e-08, 1.52293644362e-08, 1.25380550386e-08, 1.54912083161e-08, 8.56975006513e-08, 6.25654905662e-08, 2.5678858151e-07, 8.38393077629e-07, 4.93183847539e-07]
    },
    "erbbands": {
        "dmean": [3.022813797, 8.12178897858, 8.69066810608, 12.7520656586, 13.8761472702, 13.0235519409, 8.4556760788, 5.68845891953, 10.1144342422, 10.463432312, 17.4600410461, 9.75647354126, 10.8743419647, 12.6562948227, 12.0599164963, 13.5820655823, 11.276881218, 11.7582511902, 12.9549913406, 10.0848779678, 7.6252155304, 8.81927013397, 6.42156124115, 7.05926942825, 3.97812533379, 2.85468864441, 2.60917162895, 2.4107773304, 2.1935377121, 2.0068385601, 2.20528578758, 2.12115097046, 1.81489861012, 1.91066920757, 1.80928874016, 1.47600412369, 0.681535184383, 0.30299782753, 0.0454130731523, 0.000617476121988],
        "dmean2": [4.97746324539, 13.3842611313, 13.6854667664, 20.5967082977, 22.8855056763, 21.5749149323, 13.0131492615, 8.9356918335, 15.2511224747, 16.168094635, 26.6422214508, 14.9138813019, 17.2738037109, 19.7606277466, 19.554485321, 22.0975379944, 18.0056915283, 19.4366607666, 21.2411441803, 17.0907497406, 12.9647531509, 14.8768072128, 11.0172920227, 12.5883636475, 6.94041585922, 4.84703111649, 4.50060033798, 4.11470556259, 3.7558825016, 3.33351111412, 3.5640027523, 3.52905607224, 3.03308391571, 3.22588348389, 3.04346847534, 2.40933847427, 1.13902854919, 0.506799459457, 0.0774546191096, 0.00104975269642],
        "dvar": [11.5035667419, 81.1030044556, 269.074737549, 736.635070801, 1035.21142578, 668.986633301, 212.480529785, 76.9247741699, 370.159790039, 488.419647217, 1608.26965332, 373.122314453, 583.331604004, 549.84161377, 549.15032959, 546.197998047, 338.0965271, 364.434234619, 451.631530762, 271.510681152, 160.40776062, 255.182723999, 129.693344116, 247.52986145, 60.3584632874, 24.545042038, 20.895450592, 16.2222747803, 13.9082965851, 12.7315540314, 22.3252983093, 17.3392105103, 11.6293172836, 20.5549049377, 25.121963501, 18.1689548492, 3.43056154251, 0.72244656086, 0.0199694465846, 3.14837393489e-06],
        "dvar2": [31.249584198, 212.704299927, 646.995605469, 1872.96264648, 2739.62304688, 1811.15234375, 486.941772461, 182.682144165, 746.27734375, 1042.61975098, 3534.38720703, 804.530883789, 1316.26123047, 1275.65454102, 1379.62353516, 1400.66088867, 809.493164062, 913.452636719, 1096.38195801, 741.754943848, 430.392272949, 662.804931641, 355.733734131, 710.112121582, 170.903121948, 67.173034668, 58.0853347778, 44.3317451477, 38.057559967, 30.8556194305, 52.5924568176, 45.0118179321, 29.8909130096, 54.2665328979, 65.1872940063, 45.7359695435, 8.74934864044, 1.85208857059, 0.052138093859, 8.16776082502e-06],
        "max": [25.7637748718, 109.069145203, 406.697845459, 628.294128418, 579.83416748, 499.173461914, 347.733154297, 168.052200317, 548.155822754, 674.191772461, 926.435913086, 515.711120605, 784.019714355, 497.861297607, 486.946380615, 533.574707031, 530.525817871, 325.473876953, 369.57913208, 274.737884521, 165.441558838, 434.179992676, 158.079299927, 208.108276367, 100.533737183, 151.92791748, 70.9107437134, 76.1070632935, 94.5900115967, 92.0631256104, 156.815734863, 109.408920288, 64.4647369385, 130.015029907, 98.8339309692, 87.0513839722, 36.121799469, 17.2837352753, 2.52649044991, 0.0321807749569],
        "mean": [4.28298425674, 13.0230464935, 13.0736122131, 19.7482032776, 20.2047595978, 20.077419281, 15.7895364761, 11.0157155991, 18.2046947479, 19.1748485565, 30.289899826, 16.9456424713, 18.2661266327, 21.2223091125, 19.4935321808, 21.9971981049, 18.8193798065, 18.0731086731, 20.3442974091, 15.7352285385, 11.6798305511, 13.0410671234, 9.19481182098, 8.81796169281, 5.80221176147, 4.61135005951, 3.92520642281, 3.83648204803, 3.57381820679, 3.7609398365, 4.3266377449, 3.52882742882, 2.71901631355, 2.46674919128, 1.99854016304, 1.50543129444, 0.708033144474, 0.310285717249, 0.0407883226871, 0.000694605987519],
        "median": [2.99567103386, 9.50405311584, 7.19449234009, 9.08359718323, 9.00588226318, 9.852186203, 8.49639797211, 7.11062335968, 8.70686912537, 8.82575798035, 9.72911262512, 7.75931358337, 9.13051319122, 10.5763072968, 10.8389148712, 12.7680683136, 11.367020607, 11.0307855606, 11.8730964661, 10.0834789276, 7.63389110565, 7.78278684616, 5.79880523682, 5.05422592163, 3.96127963066, 3.31804132462, 2.72038888931, 2.57761144638, 2.209815979, 2.06009626389, 2.00588941574, 1.68134701252, 1.35373389721, 1.19761943817, 0.771059572697, 0.475216269493, 0.250204980373, 0.097593985498, 0.00800124555826, 0.000331895425916],
        "min": [1.35017554718e-16, 2.10869233384e-15, 1.78745754499e-14, 9.18253307051e-14, 3.13414740124e-13, 7.22029315676e-13, 1.05758219023e-12, 8.16723099741e-13, 3.70105584634e-13, 1.67496311959e-12, 4.5817980486e-12, 3.91067169966e-12, 1.88556266954e-12, 8.37956006666e-12, 8.35369707436e-12, 3.39339112365e-11, 3.74968077421e-11, 2.21719483051e-11, 1.71232993063e-11, 3.62185932287e-12, 1.60317783354e-11, 4.56355335465e-11, 4.73492599296e-11, 1.53585633794e-11, 6.24722105644e-12, 1.51981344176e-11, 3.98849113459e-11, 2.03811897914e-11, 1.67005281132e-11, 3.08047164166e-11, 3.49479438444e-11, 3.14046844085e-11, 3.81369172353e-11, 2.42342812484e-11, 2.05455652491e-11, 1.11006967507e-11, 5.44073380099e-12, 2.98653072758e-12, 7.07137310946e-13, 2.91103912622e-14],
        "var": [18.5570545197, 157.432769775, 368.198577881, 1064.46582031, 1406.37255859, 1052.50231934, 539.085754395, 173.48449707, 904.640991211, 1157.71508789, 3405.52807617, 806.237304688, 1068.17663574, 1128.60620117, 854.16229248, 953.402770996, 623.718078613, 554.167236328, 753.846740723, 369.107635498, 208.514160156, 344.088409424, 140.672180176, 181.881011963, 54.3893623352, 29.8552093506, 21.8177146912, 20.5753974915, 19.7518215179, 34.4860649109, 79.5095596313, 37.5388832092, 17.5825424194, 20.2752742767, 20.9242019653, 15.1011772156, 2.80904340744, 0.580863714218, 0.0149061055854, 2.40455574385e-06]
    },
    "gfcc": {
        "mean": [-7.18038845062, 88.9061203003, -44.5991592407, 24.8176517487, -23.5840702057, 20.7537479401, -24.2140960693, 12.9625806808, -15.4741420746, 7.85682821274, -11.6213598251, 5.53613805771, -10.4074831009],
        "cov": [[28673.4824219, -5449.36621094, -4134.17773438, 46.4217720032, -607.780822754, 1451.01757812, -571.847412109, 732.657043457, -558.355651855, 681.920959473, -801.989685059, 584.465515137, -770.504943848], [-5449.36621094, 3369.78735352, 1169.82995605, 16.7825698853, 233.268386841, -647.935668945, 178.856567383, -425.2081604, 223.815704346, -350.819274902, 290.101623535, -281.775024414, 281.478912354], [-4134.17773438, 1169.82995605, 1984.23657227, 288.342590332, 323.465667725, -313.049102783, 114.177597046, -202.404678345, 118.044845581, -140.192840576, 139.883377075, -136.176177979, 179.541366577], [46.4217720032, 16.7825698853, 288.342590332, 489.552581787, 222.245025635, 53.6441040039, 40.2184448242, -16.0132980347, 55.2302360535, 5.68609380722, 49.0820579529, -9.94755458832, 48.1230964661], [-607.780822754, 233.268386841, 323.465667725, 222.245025635, 418.022491455, 0.546314716339, 120.113975525, -22.8986492157, 64.6089859009, -17.0260314941, 71.0965042114, -24.0290298462, 86.2013778687], [1451.01757812, -647.935668945, -313.049102783, 53.6441040039, 0.546314716339, 284.018554688, 16.8940181732, 124.413871765, -10.872803688, 90.014793396, -37.2573509216, 69.8615341187, -48.9922676086], [-571.847412109, 178.856567383, 114.177597046, 40.2184448242, 120.113975525, 16.8940181732, 160.996246338, 36.6128807068, 78.5395584106, 5.46696519852, 57.937286377, -8.82884311676, 47.0088005066], [732.657043457, -425.2081604, -202.404678345, -16.0132980347, -22.8986492157, 124.413871765, 36.6128807068, 173.066955566, 30.9749031067, 82.4949188232, -19.3583755493, 43.0796394348, -27.2260360718], [-558.355651855, 223.815704346, 118.044845581, 55.2302360535, 64.6089859009, -10.872803688, 78.5395584106, 30.9749031067, 141.497543335, 28.4529018402, 67.8388519287, -19.5057678223, 40.3739356995], [681.920959473, -350.819274902, -140.192840576, 5.68609380722, -17.0260314941, 90.014793396, 5.46696519852, 82.4949188232, 28.4529018402, 129.193344116, 14.5425376892, 46.4639396667, -24.8323249817], [-801.989685059, 290.101623535, 139.883377075, 49.0820579529, 71.0965042114, -37.2573509216, 57.937286377, -19.3583755493, 67.8388519287, 14.5425376892, 129.464004517, 14.7923402786, 56.6115875244], [584.465515137, -281.775024414, -136.176177979, -9.94755458832, -24.0290298462, 69.8615341187, -8.82884311676, 43.0796394348, -19.5057678223, 46.4639396667, 14.7923402786, 99.5191192627, 5.09782457352], [-770.504943848, 281.478912354, 179.541366577, 48.1230964661, 86.2013778687, -48.9922676086, 47.0088005066, -27.2260360718, 40.3739356995, -24.8323249817, 56.6115875244, 5.09782457352, 98.5735549927]],
        "icov": [[7.97121756477e-05, -4.0040264139e-05, 9.57750380621e-05, -0.000101880890725, -7.06841456122e-05, -0.00011898118828, 9.40627942327e-05, 3.33343564307e-06, 2.6407858968e-05, -0.000222415925236, 0.000406656647101, -0.000353529088898, 0.000289334217086], [-4.0040264139e-05, 0.00130122015253, -4.25951620855e-05, 0.000307095120661, 0.000272085715551, 0.000986621831544, -0.000546096998733, 0.00120361987501, -0.00105247320607, 0.00174494960811, -0.0019541727379, 0.00203498546034, -0.001367970719], [9.57750380621e-05, -4.25951620855e-05, 0.00094246462686, -0.000472668907605, -0.000279547413811, 0.00047907885164, -9.35457283049e-05, 0.000295153644402, -5.41709196114e-05, -0.000247758056503, 0.000395934126573, 7.98962937552e-05, -0.000278629740933], [-0.000101880890725, 0.000307095120661, -0.000472668907605, 0.00334187992848, -0.00133562041447, -0.00114016397856, 0.00105864589568, 0.000688503147103, -0.00114113220479, 0.000674510549288, -0.00127809331752, 0.00112350773998, -0.000844006950501], [-7.06841456122e-05, 0.000272085715551, -0.000279547413811, -0.00133562041447, 0.00458713481203, -0.000264141650405, -0.00274410657585, 0.000776723027229, 0.000688336440362, 0.000101626581454, -0.000922181061469, 0.00174075143877, -0.00260448665358], [-0.00011898118828, 0.000986621831544, 0.00047907885164, -0.00114016397856, -0.000264141650405, 0.00866771303117, -0.00231075962074, -0.00166805018671, -0.00011602268205, -0.000253882841207, 0.000192683321075, -0.00158529146574, 0.00107178930193], [9.40627942327e-05, -0.000546096998733, -9.35457283049e-05, 0.00105864589568, -0.00274410657585, -0.00231075962074, 0.0127025311813, -0.00387071049772, -0.00315006729215, 0.00151587021537, -0.00201705750078, 0.000673844770063, -0.00113175320439], [3.33343564307e-06, 0.00120361987501, 0.000295153644402, 0.000688503147103, 0.000776723027229, -0.00166805018671, -0.00387071049772, 0.013943943195, -0.00446913205087, -0.00297942524776, 0.00266193016432, -0.0010152811883, -0.000492025865242], [2.6407858968e-05, -0.00105247320607, -5.41709196114e-05, -0.00114113220479, 0.000688336440362, -0.00011602268205, -0.00315006729215, -0.00446913205087, 0.0159953907132, -0.00508995354176, -0.00400787964463, 0.00480485893786, -0.00230460008606], [-0.000222415925236, 0.00174494960811, -0.000247758056503, 0.000674510549288, 0.000101626581454, -0.000253882841207, 0.00151587021537, -0.00297942524776, -0.00508995354176, 0.0180078092963, -0.00673035159707, -0.000913965923246, 0.0021736130584], [0.000406656647101, -0.0019541727379, 0.000395934126573, -0.00127809331752, -0.000922181061469, 0.000192683321075, -0.00201705750078, 0.00266193016432, -0.00400787964463, -0.00673035159707, 0.0205691494048, -0.00989214144647, -9.43968625506e-05], [-0.000353529088898, 0.00203498546034, 7.98962937552e-05, 0.00112350773998, 0.00174075143877, -0.00158529146574, 0.000673844770063, -0.0010152811883, 0.00480485893786, -0.000913965923246, -0.00989214144647, 0.0234869755805, -0.00991202238947], [0.000289334217086, -0.001367970719, -0.000278629740933, -0.000844006950501, -0.00260448665358, 0.00107178930193, -0.00113175320439, -0.000492025865242, -0.00230460008606, 0.0021736130584, -9.43968625506e-05, -0.00991202238947, 0.0225045308471]]
    },
    "melbands": {
        "dmean": [0.0203085038811, 0.00562946824357, 0.00204582931474, 0.00104448362254, 0.000313876109431, 0.000136058268254, 0.000148945793626, 0.000133231689688, 0.000140926174936, 5.85016641708e-05, 5.70760385017e-05, 5.34455102752e-05, 3.87633772334e-05, 4.3786905735e-05, 3.32576782966e-05, 2.77655599348e-05, 2.2793376047e-05, 2.22482376557e-05, 2.16280986933e-05, 1.03271186163e-05, 8.74090983416e-06, 1.05211820483e-05, 6.16425677435e-06, 5.05817024532e-06, 6.17341083853e-06, 3.72633235202e-06, 2.35459583564e-06, 1.91821050066e-06, 1.70371674812e-06, 1.60732054155e-06, 1.40806457694e-06, 1.40325414577e-06, 1.04546109014e-06, 1.27006683215e-06, 1.31815113491e-06, 1.3804418586e-06, 1.35247523758e-06, 1.36173969167e-06, 1.36825815389e-06, 1.69770942193e-06],
        "dmean2": [0.0333887003362, 0.00899407919496, 0.00324405147694, 0.0017184256576, 0.000493318948429, 0.000212434897549, 0.000224637566134, 0.000204493218916, 0.000214901694562, 8.91734525794e-05, 9.08206420718e-05, 8.36339604575e-05, 6.20669816271e-05, 7.18675582903e-05, 5.3135703638e-05, 4.52706226497e-05, 3.7996465835e-05, 3.62251230399e-05, 3.669992293e-05, 1.75473596755e-05, 1.49092329593e-05, 1.77739493665e-05, 1.05483131847e-05, 8.73363478604e-06, 1.10421760837e-05, 6.65026936986e-06, 3.9184101297e-06, 3.28345481648e-06, 2.94180063065e-06, 2.75546472039e-06, 2.43238014264e-06, 2.42585679189e-06, 1.74620936377e-06, 2.12471513805e-06, 2.14750207306e-06, 2.25751455218e-06, 2.29332545132e-06, 2.27684267884e-06, 2.33264199778e-06, 2.86508998215e-06],
        "dvar": [0.000476795918075, 5.36872248631e-05, 1.79172875505e-05, 4.97835799251e-06, 2.91957917398e-07, 4.36327347586e-08, 7.6177123276e-08, 9.19915805753e-08, 1.08900017892e-07, 1.29428796569e-08, 1.74947842879e-08, 1.01636379313e-08, 4.82379203248e-09, 8.02961075408e-09, 4.27576107853e-09, 2.47476572568e-09, 1.40767497658e-09, 1.41207567861e-09, 1.50539580801e-09, 2.60376165073e-10, 2.26855131902e-10, 3.8491154708e-10, 1.1773620967e-10, 7.61121582427e-11, 1.95920460411e-10, 6.66399158078e-11, 1.38577907829e-11, 1.17505319711e-11, 8.04499349083e-12, 9.44719129314e-12, 5.19931190116e-12, 6.05077663321e-12, 3.06766981609e-12, 5.35146276251e-12, 8.08327450114e-12, 8.53010717616e-12, 6.61634982912e-12, 7.27037440668e-12, 8.35110106068e-12, 1.61131784998e-11],
        "dvar2": [0.00130581122357, 0.000125489663333, 4.39847863163e-05, 1.31263323055e-05, 7.02056468072e-07, 1.0352732005e-07, 1.53178447704e-07, 1.96260799612e-07, 2.39850464823e-07, 2.76869869253e-08, 3.93105992202e-08, 2.33951862327e-08, 1.18388321368e-08, 2.09382449157e-08, 1.0555701202e-08, 6.10182349092e-09, 3.56783735889e-09, 3.37765659886e-09, 4.16225365285e-09, 7.03444580363e-10, 6.08104178124e-10, 9.94399340648e-10, 3.18126025523e-10, 2.10021611213e-10, 5.6232157819e-10, 1.9187956779e-10, 3.5436556467e-11, 3.22016198429e-11, 2.23507410496e-11, 2.6021991853e-11, 1.43762458535e-11, 1.6639000941e-11, 8.14164447666e-12, 1.29731598728e-11, 1.90454509802e-11, 2.15671334958e-11, 1.73428823386e-11, 1.83798306436e-11, 2.24989350067e-11, 4.24256671461e-11],
        "max": [0.166088968515, 0.159124135971, 0.0977840200067, 0.0540331713855, 0.0123995123431, 0.00417939666659, 0.00933646596968, 0.00673196930438, 0.00858217757195, 0.00345351197757, 0.00438318029046, 0.00236539216712, 0.00144739740063, 0.0022996745538, 0.00211481004953, 0.00170365616214, 0.00067297462374, 0.000677548465319, 0.000815901963506, 0.000341621955158, 0.000224801406148, 0.000536641164217, 0.000183108713827, 9.81098783086e-05, 0.000189346756088, 0.000109887696453, 7.21914329915e-05, 0.000120206859719, 3.85281491617e-05, 5.43222631677e-05, 3.91773646697e-05, 5.92341748415e-05, 3.71286623704e-05, 6.57393029542e-05, 9.24655905692e-05, 0.000103375983599, 4.90859929414e-05, 5.27011579834e-05, 6.52838789392e-05, 0.000108186643047],
        "mean": [0.0312377791852, 0.0102111911401, 0.00326513987966, 0.00159214157611, 0.000578990322538, 0.00026520199026, 0.000269096635748, 0.000234146646108, 0.00024167659285, 9.84199214145e-05, 9.2603811936e-05, 8.8955515821e-05, 6.26340479357e-05, 6.58685094095e-05, 5.09641504323e-05, 4.00227108912e-05, 3.33829484589e-05, 3.35585573339e-05, 2.95369045489e-05, 1.5485458789e-05, 1.22884257507e-05, 1.48985764099e-05, 8.68734787218e-06, 7.09442701918e-06, 7.33633532946e-06, 4.67788140668e-06, 3.76175785277e-06, 2.88332239506e-06, 2.51572487286e-06, 2.2729830107e-06, 2.15168506656e-06, 2.08263668355e-06, 1.82440123808e-06, 2.22191124521e-06, 2.52071481555e-06, 2.35257084569e-06, 2.06644585887e-06, 1.93162986761e-06, 1.8345931494e-06, 2.09206791624e-06],
        "median": [0.0234772730619, 0.00732329953462, 0.00169883831404, 0.000687882304192, 0.000330649781972, 0.000171394611243, 0.000129215943161, 8.72664386407e-05, 7.48129750718e-05, 4.25015896326e-05, 4.25979305874e-05, 4.22283337684e-05, 3.50914851879e-05, 3.30001639668e-05, 2.60242741206e-05, 2.06021013582e-05, 1.89019156096e-05, 1.77598922164e-05, 1.51549520524e-05, 9.87736984825e-06, 7.39687493478e-06, 8.28521933727e-06, 5.22809659742e-06, 4.57905935036e-06, 3.88583885069e-06, 2.87262719212e-06, 2.44189732257e-06, 1.87464843293e-06, 1.69842292053e-06, 1.44808859659e-06, 1.3906710592e-06, 1.1967787259e-06, 1.00512966128e-06, 1.11984286377e-06, 1.13267617508e-06, 9.95383174995e-07, 9.64469222708e-07, 8.62565286752e-07, 9.3391088285e-07, 9.50496996666e-07],
        "min": [1.59943105576e-18, 7.01584486193e-18, 2.11705379972e-17, 3.70495122805e-17, 3.75042432417e-17, 1.85244500834e-17, 5.88191010948e-18, 2.24326055081e-17, 3.93652838147e-17, 2.19479223369e-17, 8.63902716821e-18, 3.28290184196e-17, 2.77356587608e-17, 5.16224957623e-17, 1.27132750005e-16, 4.67686164715e-17, 4.47149189164e-17, 3.58072987587e-17, 5.05788022788e-18, 5.43136675011e-18, 2.12712439281e-17, 4.70874615104e-17, 4.56761954324e-17, 3.90380280033e-17, 9.21105068593e-18, 3.33318238772e-18, 5.73382120518e-18, 1.03202775535e-17, 2.54002234891e-17, 2.08159571015e-17, 8.743208912e-18, 6.94550224982e-18, 1.79038247416e-17, 1.55396846483e-17, 1.76172364379e-17, 2.32516615527e-17, 1.81349886356e-17, 3.11596455207e-17, 1.89752966045e-17, 2.0360556124e-17],
        "var": [0.000813516788185, 0.00010765458137, 2.57183419308e-05, 8.84506971488e-06, 6.68279596994e-07, 1.00432302474e-07, 1.95259787006e-07, 2.04547077942e-07, 2.32144842016e-07, 2.73161759878e-08, 3.17423136664e-08, 2.10812860502e-08, 8.00658739308e-09, 1.26693837643e-08, 7.32319449526e-09, 3.8582830264e-09, 2.10205941542e-09, 2.45882691985e-09, 1.89753279756e-09, 3.71550984424e-10, 2.7526628199e-10, 5.15197107198e-10, 1.34701236276e-10, 7.97895430282e-11, 1.41090458761e-10, 4.95612509366e-11, 2.29955967462e-11, 1.37165001579e-11, 9.0266526892e-12, 9.22488908178e-12, 6.62878129123e-12, 7.56404227448e-12, 6.09574023203e-12, 1.40504092735e-11, 2.82584858291e-11, 2.38735906044e-11, 1.20402281895e-11, 1.1291930932e-11, 8.72420191644e-12, 1.5513786436e-11]
    },
    "mfcc": {
        "mean": [-670.732299805, 132.710250854, 40.2148971558, 27.5486450195, 26.9735202789, 17.194152832, 12.5721902847, 10.7372369766, 7.00171947479, 6.69492673874, 5.6976981163, 4.22687482834, 3.21345353127],
        "cov": [[21425.5839844, -1562.86401367, -3316.81054688, -1771.7923584, -585.247680664, 0.440799802542, -78.2073822021, 33.4351501465, -0.665338695049, 162.121368408, 89.1809387207, -20.1354923248, -21.6964511871], [-1562.86401367, 1923.65319824, 604.491760254, 406.54196167, 85.6208114624, -51.5361557007, -45.1612205505, -43.5687522888, -42.1093139648, -53.2952919006, -45.9355010986, -18.9109420776, -1.47263348103], [-3316.81054688, 604.491760254, 1332.79296875, 574.648620605, 221.827362061, 47.5385627747, -2.15961408615, -22.9849452972, -3.84201359749, -31.2838096619, -31.1300296783, -10.2723474503, -9.91533374786], [-1771.7923584, 406.54196167, 574.648620605, 551.721923828, 254.188171387, 99.4241790771, 34.5435829163, 2.45172023773, 0.981547117233, -8.66373729706, -6.9510602951, -7.43078660965, -16.1156768799], [-585.247680664, 85.6208114624, 221.827362061, 254.188171387, 293.296722412, 124.298156738, 72.7703552246, 31.9717636108, 27.2993392944, 13.1126775742, 12.5376110077, 10.9679174423, 0.813325166702], [0.440799802542, -51.5361557007, 47.5385627747, 99.4241790771, 124.298156738, 160.866500854, 64.4773483276, 37.9976387024, 19.2879333496, 21.8254108429, 12.0109949112, 16.0829982758, 10.6162118912], [-78.2073822021, -45.1612205505, -2.15961408615, 34.5435829163, 72.7703552246, 64.4773483276, 116.289512634, 48.0055465698, 36.0389671326, 9.74821472168, 24.979598999, 11.6467456818, 13.3316259384], [33.4351501465, -43.5687522888, -22.9849452972, 2.45172023773, 31.9717636108, 37.9976387024, 48.0055465698, 98.8683853149, 45.3638534546, 31.1780452728, 14.4158992767, 19.608953476, 15.6148300171], [-0.665338695049, -42.1093139648, -3.84201359749, 0.981547117233, 27.2993392944, 19.2879333496, 36.0389671326, 45.3638534546, 95.5421447754, 53.2891311646, 32.7059783936, 12.6173810959, 10.7183513641], [162.121368408, -53.2952919006, -31.2838096619, -8.66373729706, 13.1126775742, 21.8254108429, 9.74821472168, 31.1780452728, 53.2891311646, 103.432365417, 49.8872528076, 28.834072113, 6.18317937851], [89.1809387207, -45.9355010986, -31.1300296783, -6.9510602951, 12.5376110077, 12.0109949112, 24.979598999, 14.4158992767, 32.7059783936, 49.8872528076, 86.6192016602, 41.8447723389, 29.0418605804], [-20.1354923248, -18.9109420776, -10.2723474503, -7.43078660965, 10.9679174423, 16.0829982758, 11.6467456818, 19.608953476, 12.6173810959, 28.834072113, 41.8447723389, 79.527923584, 44.6833267212], [-21.6964511871, -1.47263348103, -9.91533374786, -16.1156768799, 0.813325166702, 10.6162118912, 13.3316259384, 15.6148300171, 10.7183513641, 6.18317937851, 29.0418605804, 44.6833267212, 85.0850906372]],
