{
"lowlevel": {
    "average_loudness": 0.94119066,
    "barkbands_crest": {
        "dmean": 3.02726221085,
        "dmean2": 4.76988887787,
        "dvar": 7.07267332077,
        "dvar2": 17.8339729309,
        "max": 26.9168987274,
        "mean": 11.7763051987,
        "median": 11.4135799408,
        "min": 1.80863285065,
        "var": 22.4811573029
    },
    "barkbands_flatness_db": {
        "dmean": 0.0237632077187,
        "dmean2": 0.0369627326727,
        "dvar": 0.000639294856228,
        "dvar2": 0.00154894567095,
        "max": 0.740906715393,
        "mean": 0.0989593490958,
        "median": 0.088995963335,
        "min": 0.00727135268971,
        "var": 0.00302386796102
    },
    "barkbands_kurtosis": {
        "dmean": 6.69579982758,
        "dmean2": 9.85040855408,
        "dvar": 61149.3242188,
        "dvar2": 138676.78125,
        "max": 28221.7890625,
        "mean": 6.94567584991,
        "median": 0.876231074333,
        "min": -1.85340797901,
        "var": 72186.0390625
    },
    "barkbands_skewness": {
        "dmean": 0.5988920331,
        "dmean2": 0.905312240124,
        "dvar": 1.52083551884,
        "dvar2": 2.67598843575,
        "max": 148.222305298,
        "mean": 1.56322538853,
        "median": 1.43789339066,
        "min": -2.56919765472,
        "var": 4.57120323181
    },
    "barkbands_spread": {
        "dmean": 8.54206466675,
        "dmean2": 13.5090885162,
        "dvar": 66.4363479614,
        "dvar2": 169.069992065,
        "max": 116.582489014,
        "mean": 41.5091934204,
        "median": 43.8124809265,
        "min": 0.0162240285426,
        "var": 268.317352295
    },
    "dissonance": {
        "dmean": 0.00793811772019,
        "dmean2": 0.0133707374334,
        "dvar": 8.08260083431e-05,
        "dvar2": 0.000214357045479,
        "max": 0.500000119209,
        "mean": 0.486689388752,
        "median": 0.4902356565,
        "min": 0.351936429739,
        "var": 0.000161570933415
    },
    "dynamic_complexity": 1.1993803978,
    "erbbands_crest": {
        "dmean": 1.46235215664,
        "dmean2": 2.45264053345,
        "dvar": 2.84748792648,
        "dvar2": 7.33102083206,
        "max": 29.6682109833,
        "mean": 5.44989299774,
        "median": 4.87749576569,
        "min": 2.10643863678,
        "var": 5.55759763718
    },
    "erbbands_flatness_db": {
        "dmean": 0.0131091410294,
        "dmean2": 0.0199301689863,
        "dvar": 0.00021726830164,
        "dvar2": 0.000491713813972,
        "max": 0.477854549885,
        "mean": 0.106077186763,
        "median": 0.0954441130161,
        "min": 0.0313832834363,
        "var": 0.00195892970078
    },
    "erbbands_kurtosis": {
        "dmean": 0.752147436142,
        "dmean2": 1.18451070786,
        "dvar": 1.88795232773,
        "dvar2": 4.88649272919,
        "max": 45.650302887,
        "mean": 0.284718602896,
        "median": -0.129065036774,
        "min": -1.78129434586,
        "var": 2.6639342308
    },
    "erbbands_skewness": {
        "dmean": 0.295356452465,
        "dmean2": 0.45841127634,
        "dvar": 0.104392454028,
        "dvar2": 0.249275639653,
        "max": 5.57529687881,
        "mean": -0.303019434214,
        "median": -0.278859615326,
        "min": -2.96327996254,
        "var": 0.460662275553
    },
    "erbbands_spread": {
        "dmean": 9.15690612793,
        "dmean2": 14.116484642,
        "dvar": 126.123046875,
        "dvar2": 292.199371338,
        "max": 180.512969971,
        "mean": 44.2842941284,
        "median": 41.2780761719,
        "min": 2.90509438515,
        "var": 330.351959229
    },
    "hfc": {
        "dmean": 10.2877016068,
        "dmean2": 16.3056468964,
        "dvar": 113.94619751,
        "dvar2": 279.739318848,
        "max": 202.352676392,
        "mean": 39.0253372192,
        "median": 37.8637771606,
        "min": 1.10442826047e-16,
        "var": 361.321350098
    },
    "melbands_crest": {
        "dmean": 4.88633775711,
        "dmean2": 7.61181592941,
        "dvar": 20.7692489624,
        "dvar2": 51.0461959839,
        "max": 39.9972343445,
        "mean": 22.6114578247,
        "median": 23.7075595856,
        "min": 1.47893750668,
        "var": 64.1128921509
    },
    "melbands_flatness_db": {
        "dmean": 0.0307472087443,
        "dmean2": 0.0481090843678,
        "dvar": 0.00101224891841,
        "dvar2": 0.00245470902883,
        "max": 0.772745728493,
        "mean": 0.172440871596,
        "median": 0.165362089872,
        "min": 0.00319945416413,
        "var": 0.00419560959563
    },
    "melbands_kurtosis": {
        "dmean": 25.3582744598,
        "dmean2": 40.8869743347,
        "dvar": 990520,
        "dvar2": 2629559.5,
        "max": 101560.71875,
        "mean": 28.9496498108,
        "median": 10.769446373,
        "min": -1.78579628468,
        "var": 780685
    },
    "melbands_skewness": {
        "dmean": 1.02055346966,
        "dmean2": 1.55745303631,
        "dvar": 7.29513931274,
        "dvar2": 15.7632379532,
        "max": 300.871276855,
        "mean": 3.42683625221,
        "median": 3.13527441025,
        "min": -1.4912788868,
        "var": 13.593834877
    },
    "melbands_spread": {
        "dmean": 10.9376411438,
        "dmean2": 17.3235549927,
        "dvar": 145.266113281,
        "dvar2": 343.230529785,
        "max": 176.23147583,
        "mean": 31.1498985291,
        "median": 26.5404262543,
        "min": 0.00855022110045,
        "var": 379.053924561
    },
    "pitch_salience": {
        "dmean": 0.0979663655162,
        "dmean2": 0.149307236075,
        "dvar": 0.00788210704923,
        "dvar2": 0.0183981675655,
        "max": 0.932045161724,
        "mean": 0.456113010645,
        "median": 0.447052240372,
        "min": 0.000810653727967,
        "var": 0.0261665899307
    },
    "silence_rate_20dB": {
        "dmean": 0,
        "dmean2": 0,
        "dvar": 0,
        "dvar2": 0,
        "max": 1,
        "mean": 1,
        "median": 1,
        "min": 1,
        "var": 0
    },
    "silence_rate_30dB": {
        "dmean": 0.0060403123498,
        "dmean2": 0.0120814181864,
        "dvar": 0.00600503291935,
        "dvar2": 0.0140383020043,
        "max": 1,
        "mean": 0.99297529459,
        "median": 1,
        "min": 0,
        "var": 0.00697319954634
    },
    "silence_rate_60dB": {
        "dmean": 0.000787866825704,
        "dmean2": 0.0015101772733,
        "dvar": 0.000787515309639,
        "dvar2": 0.00150757678784,
        "max": 1,
        "mean": 0.00938813015819,
        "median": 0,
        "min": 0,
        "var": 0.00929966010153
    },
    "spectral_centroid": {
        "dmean": 275.208435059,
        "dmean2": 422.904327393,
        "dvar": 96315.609375,
        "dvar2": 206619.28125,
        "max": 11543.0634766,
        "mean": 2280.94848633,
        "median": 2404.87988281,
        "min": 136.13269043,
        "var": 732448.625
    },
    "spectral_complexity": {
        "dmean": 5.45847272873,
        "dmean2": 8.56959915161,
        "dvar": 23.0784740448,
        "dvar2": 55.8656539917,
        "max": 60,
        "mean": 34.5360412598,
        "median": 36,
        "min": 0,
        "var": 107.832817078
    },
    "spectral_decrease": {
        "dmean": 2.8963227372e-09,
        "dmean2": 4.66243799124e-09,
        "dvar": 6.78817539245e-18,
        "dvar2": 1.68070841654e-17,
        "max": 3.48392406922e-27,
        "mean": -9.9978896273e-09,
        "median": -9.62092805423e-09,
        "min": -5.03287260756e-08,
        "var": 1.9108742344e-17
    },
    "spectral_energy": {
        "dmean": 0.011189930141,
        "dmean2": 0.0181177612394,
        "dvar": 9.871457587e-05,
        "dvar2": 0.000246757961577,
        "max": 0.19148118794,
        "mean": 0.0412738658488,
        "median": 0.0399753600359,
        "min": 9.86760231703e-21,
        "var": 0.000268713280093
    },
    "spectral_energyband_high": {
        "dmean": 0.000816897198092,
        "dmean2": 0.00128593633417,
        "dvar": 8.81384096374e-07,
        "dvar2": 2.14574220081e-06,
        "max": 0.0178664401174,
        "mean": 0.00257929950021,
        "median": 0.00240945443511,
        "min": 7.17509549584e-21,
        "var": 3.05212893181e-06
    },
    "spectral_energyband_low": {
        "dmean": 0.0102227544412,
        "dmean2": 0.0157653354108,
        "dvar": 9.6928612038e-05,
        "dvar2": 0.000222957474762,
        "max": 0.18775741756,
        "mean": 0.0250125899911,
        "median": 0.0234043411911,
        "min": 1.96341783734e-23,
        "var": 0.000285826768959
    },
    "spectral_energyband_middle_high": {
        "dmean": 0.0021974153351,
        "dmean2": 0.0035426444374,
        "dvar": 5.26350095242e-06,
        "dvar2": 1.33460252982e-05,
        "max": 0.0299351904541,
        "mean": 0.00660231336951,
        "median": 0.00594315631315,
        "min": 1.1866485479e-21,
        "var": 1.42699518619e-05
    },
    "spectral_energyband_middle_low": {
        "dmean": 0.00398022355512,
        "dmean2": 0.00658672861755,
        "dvar": 4.08989690186e-05,
        "dvar2": 0.000102822647023,
        "max": 0.0911046266556,
        "mean": 0.00785184465349,
        "median": 0.00554817635566,
        "min": 1.58779019995e-22,
        "var": 6.03959779255e-05
    },
    "spectral_entropy": {
        "dmean": 0.101700745523,
        "dmean2": 0.159370854497,
        "dvar": 0.0243800450116,
        "dvar2": 0.0603055767715,
        "max": 9.81858158112,
        "mean": 8.10089588165,
        "median": 8.17538070679,
        "min": 4.65430355072,
        "var": 0.124280542135
    },
    "spectral_flux": {
        "dmean": 0.0259216856211,
        "dmean2": 0.0381591059268,
        "dvar": 0.000569674477447,
        "dvar2": 0.00119338056538,
        "max": 0.377092033625,
        "mean": 0.107785135508,
        "median": 0.0999987572432,
        "min": 6.44078471113e-11,
        "var": 0.00167243881151
    },
    "spectral_kurtosis": {
        "dmean": 1.00498425961,
        "dmean2": 1.64834344387,
        "dvar": 5.74343156815,
        "dvar2": 14.0770521164,
        "max": 178.934967041,
        "mean": 3.81531238556,
        "median": 3.33034968376,
        "min": -1.35484933853,
        "var": 19.6912956238
    },
    "spectral_rms": {
        "dmean": 0.000866352929734,
        "dmean2": 0.00140639871825,
        "dvar": 5.31896603206e-07,
        "dvar2": 1.39724465953e-06,
        "max": 0.0136678786948,
        "mean": 0.00620981073007,
        "median": 0.00624502636492,
        "min": 3.10272922806e-12,
        "var": 1.70571775016e-06
    },
    "spectral_rolloff": {
        "dmean": 872.720825195,
        "dmean2": 1428.17993164,
        "dvar": 1347636.875,
        "dvar2": 3402152.5,
        "max": 21339.4042969,
        "mean": 2193.80322266,
        "median": 1894.921875,
        "min": 21.533203125,
        "var": 4011847.75
    },
    "spectral_skewness": {
        "dmean": 0.152132362127,
        "dmean2": 0.244713529944,
        "dvar": 0.0444107055664,
        "dvar2": 0.112861633301,
        "max": 9.60640716553,
        "mean": 1.40103054047,
        "median": 1.37515592575,
        "min": -0.0506871975958,
        "var": 0.139464229345
    },
    "spectral_spread": {
        "dmean": 566384.9375,
        "dmean2": 836922.4375,
        "dvar": 701647355904,
        "dvar2": 1.45055940608e+12,
        "max": 50376376,
        "mean": 5692728.5,
        "median": 5532174.5,
        "min": 486050.4375,
        "var": 7.69309120922e+12
    },
    "spectral_strongpeak": {
        "dmean": 0.177687987685,
        "dmean2": 0.307617694139,
        "dvar": 0.236474782228,
        "dvar2": 0.665011525154,
        "max": 20.7878761292,
        "mean": 0.383155584335,
        "median": 0.28396615386,
        "min": 0,
        "var": 0.214265376329
    },
    "zerocrossingrate": {
        "dmean": 0.0153474705294,
        "dmean2": 0.0186865516007,
        "dvar": 0.000241312285652,
        "dvar2": 0.000338013895089,
        "max": 0.78564453125,
        "mean": 0.0869697779417,
        "median": 0.08203125,
        "min": 0,
        "var": 0.00291010481305
    },
    "barkbands": {
        "dmean": [0.00229597417638, 0.00847974140197, 0.00240665860474, 0.00216298829764, 0.00140612549148, 0.000760845490731, 0.000575555604883, 0.000465367047582, 0.000467512552859, 0.000407652842114, 0.000276889069937, 0.0003139252658, 0.000335396558512, 0.000318467791658, 0.000295053789159, 0.000298961182125, 0.000364416395314, 0.000450915482361, 0.000490320671815, 0.000266447575996, 0.000235583327594, 0.00013743188174, 0.000116305047413, 0.000121944467537, 0.000136705115438, 0.000137622570037, 6.08335249126e-05],
        "dmean2": [0.00327377161011, 0.012798118405, 0.00380736798979, 0.0038345430512, 0.00231213844381, 0.00124763685744, 0.000918385048863, 0.000732837303076, 0.000782996357884, 0.000672799244057, 0.000454509310657, 0.000519326073118, 0.000553080404643, 0.000536780746188, 0.000493048632052, 0.000490049773362, 0.000609414360952, 0.000743791752029, 0.000809332763311, 0.000443735858425, 0.000393951719161, 0.000225794836297, 0.000187362151337, 0.000194995998754, 0.000211239734199, 0.000207675693673, 9.51054025791e-05],
        "dvar": [1.01559908217e-05, 7.71385675762e-05, 4.17721130361e-05, 3.90929344576e-05, 5.73231136514e-06, 1.45298974985e-06, 1.08270262444e-06, 5.26055202954e-07, 4.76506500036e-07, 2.79635230527e-07, 1.19722514569e-07, 1.30566732537e-07, 1.99949269586e-07, 1.56275845598e-07, 1.04574020554e-07, 1.29688260131e-07, 2.12942964595e-07, 3.89743377127e-07, 6.63208538754e-07, 1.2491945256e-07, 7.8961882366e-08, 2.59757317878e-08, 2.610366856e-08, 2.52533922662e-08, 3.48780737625e-08, 4.60222615573e-08, 1.19026584144e-08],
        "dvar2": [2.07308657991e-05, 0.000166065277881, 9.82549463515e-05, 0.000106393796159, 1.42916824188e-05, 3.61145794159e-06, 2.49507911576e-06, 1.12925624762e-06, 1.20071047149e-06, 6.98815711075e-07, 2.75970108987e-07, 3.29899506823e-07, 5.1274668067e-07, 4.12189507415e-07, 2.73142234164e-07, 3.38969613267e-07, 5.63390130992e-07, 1.02929402601e-06, 1.7186621335e-06, 3.34714911787e-07, 2.11680202256e-07, 6.68226647349e-08, 6.76858178394e-08, 6.30878531638e-08, 8.38042950591e-08, 9.97999762831e-08, 2.64079833556e-08],
        "max": [0.122156448662, 0.181437581778, 0.0906790792942, 0.0839120596647, 0.0458215214312, 0.0195221789181, 0.0291801616549, 0.0213823895901, 0.0145751899108, 0.00819665100425, 0.00777563452721, 0.00684405583888, 0.0101950215176, 0.00876716524363, 0.00688512576744, 0.00476071005687, 0.00750161381438, 0.0132421879098, 0.0201016813517, 0.00815234147012, 0.00504912342876, 0.00454857992008, 0.00374480243772, 0.00348763726652, 0.00482685444877, 0.00521656731144, 0.0023094303906],
        "mean": [0.00453766761348, 0.0173228960484, 0.00248985528015, 0.00178035651334, 0.00217147590593, 0.00119348987937, 0.000984990503639, 0.00078481703531, 0.000724625773728, 0.000637113465928, 0.000435555237345, 0.00054200924933, 0.000559795938898, 0.000525514013134, 0.000533892016392, 0.000525323848706, 0.000679000280797, 0.000901567284018, 0.00107407569885, 0.000600643397775, 0.000540739099961, 0.000340837490512, 0.000281383050606, 0.000306711153826, 0.000344811967807, 0.000337576318998, 0.000117260147817],
        "median": [0.00201210845262, 0.0150403007865, 0.000374512892449, 0.000232592603425, 0.00112611823715, 0.000639850622974, 0.000505054777022, 0.000401851721108, 0.000444339588284, 0.000429499952588, 0.000302283500787, 0.000400760560296, 0.00040301727131, 0.000391337962355, 0.000431622727774, 0.000402799982112, 0.000486766773975, 0.000570722972043, 0.000573004945181, 0.000458295864519, 0.000463917443994, 0.000292800425086, 0.000224630144658, 0.000242661801167, 0.000257783132838, 0.000208456127439, 5.1344424719e-05],
        "min": [1.365868777e-25, 7.04945234782e-25, 2.74809990969e-24, 1.13168190804e-24, 7.46459789338e-24, 6.59219227956e-24, 4.99061649863e-24, 8.40193188729e-24, 1.97684030564e-23, 1.90678645959e-23, 8.69672526327e-24, 2.09866551518e-23, 2.19629620299e-23, 3.82221725697e-23, 5.19400787474e-23, 5.00007241653e-23, 5.20563568448e-23, 9.35119692908e-23, 1.0104711817e-22, 1.70325495023e-22, 2.80612894386e-22, 3.42022093408e-22, 4.04927528065e-22, 5.76506971139e-22, 9.26036773689e-22, 1.29757375077e-21, 1.95351464793e-21],
        "var": [3.45914850186e-05, 0.000198079840629, 4.10475040553e-05, 2.73223631666e-05, 9.81421453616e-06, 2.6519489893e-06, 2.30236832977e-06, 1.33133028157e-06, 8.8565519718e-07, 4.33640792608e-07, 2.27634913585e-07, 2.57866844322e-07, 3.48299096231e-07, 2.4824277034e-07, 1.79147406243e-07, 1.96960456833e-07, 4.02708991487e-07, 8.9143719606e-07, 1.68802421285e-06, 2.95697589081e-07, 1.71032795038e-07, 6.71644713179e-08, 7.02938152131e-08, 8.25884143296e-08, 1.17413065936e-07, 1.5470369874e-07, 3.22117585938e-08]
    },
    "erbbands": {
        "dmean": [0.418703436852, 1.49721837044, 2.50768136978, 5.66668653488, 4.31969070435, 5.63732242584, 6.74939203262, 6.21769571304, 8.03505420685, 9.53790187836, 9.3446149826, 11.2998981476, 11.095161438, 12.540345192, 10.6424255371, 13.1403465271, 14.6665096283, 15.9758415222, 15.0561761856, 15.2418069839, 15.7058210373, 19.5519390106, 23.0313835144, 25.203584671, 21.6192817688, 12.5276422501, 11.3638029099, 7.66227436066, 5.46417808533, 4.03178882599, 3.22214794159, 2.57350945473, 2.13110017776, 1.50618743896, 1.02987098694, 0.554878890514, 0.275332301855, 0.0933663100004, 0.010071258992, 0.000141616270412],
        "dmean2": [0.613151073456, 2.16887640953, 3.68301177025, 9.69406414032, 7.29065465927, 9.32586574554, 11.0735177994, 10.1807250977, 12.7156591415, 15.2021751404, 15.0423402786, 18.9926395416, 18.3343410492, 20.9987068176, 17.2614059448, 21.6207027435, 24.1827640533, 26.7013053894, 25.1481113434, 25.1865825653, 26.0709190369, 32.5997276306, 37.9375724792, 41.7123756409, 35.7490119934, 20.7700023651, 18.8330860138, 12.9434146881, 9.1205997467, 6.56883525848, 5.20209646225, 4.14603805542, 3.39124464989, 2.35863018036, 1.59891700745, 0.8628911376, 0.416417449713, 0.14302033186, 0.0156925879419, 0.000218527609832],
        "dvar": [0.170917510986, 4.21113586426, 37.8153305054, 251.057891846, 82.468963623, 104.418899536, 129.060195923, 106.793647766, 227.884384155, 273.208129883, 195.466903687, 306.17980957, 221.256866455, 278.208068848, 168.630340576, 241.287521362, 384.084411621, 398.745025635, 323.325286865, 280.766021729, 360.960388184, 610.392089844, 984.885131836, 1472.80786133, 1382.63134766, 275.212432861, 247.866912842, 76.8096084595, 40.0883407593, 27.7250213623, 19.6380558014, 11.1331348419, 7.87027072906, 4.1248550415, 2.03379869461, 0.635071754456, 0.194631516933, 0.0269945021719, 0.000345819571521, 6.23166727109e-08],
        "dvar2": [0.421367645264, 7.64443778992, 81.978553772, 659.166992188, 210.776550293, 260.689666748, 324.076446533, 261.840240479, 512.10168457, 598.635375977, 448.461639404, 782.055419922, 541.979980469, 712.204406738, 380.94140625, 594.437438965, 983.16607666, 1035.40734863, 833.452880859, 727.604675293, 959.40826416, 1608.27148438, 2584.40185547, 3776.89135742, 3620.37866211, 732.647827148, 658.562011719, 210.303863525, 105.737770081, 72.4704666138, 50.9640007019, 28.1301879883, 19.5214157104, 10.0541543961, 4.73709392548, 1.42799198627, 0.426754951477, 0.0603429190814, 0.000767758989241, 1.3662877052e-07],
        "max": [8.47710609436, 45.9435806274, 102.687316895, 194.216766357, 119.546539307, 190.011993408, 313.481842041, 207.042007446, 438.554473877, 460.942901611, 355.321228027, 391.03717041, 339.674255371, 272.698425293, 251.850753784, 352.979003906, 387.866973877, 432.360015869, 387.294494629, 377.877807617, 243.086242676, 470.035064697, 686.657958984, 647.466430664, 1061.33081055, 357.624664307, 317.194671631, 142.491119385, 170.086273193, 151.179382324, 128.398422241, 89.3499679565, 65.8851470947, 49.1404190063, 57.6109161377, 20.8367214203, 9.40063667297, 3.54349350929, 0.407189518213, 0.00521142827347],
        "mean": [0.847038984299, 2.49802947044, 3.15326929092, 5.05547046661, 4.95123434067, 8.05176734924, 10.0771446228, 9.64195823669, 13.9954280853, 16.3258152008, 15.9413261414, 17.5517082214, 17.8471488953, 19.6553115845, 18.8443946838, 23.7857227325, 25.6879405975, 27.690574646, 27.6490306854, 28.6068878174, 29.7893543243, 38.7588424683, 47.3791046143, 55.207359314, 47.0204429626, 28.8535385132, 26.1237564087, 17.3842487335, 12.9637622833, 9.58062076569, 7.77004146576, 6.32851600647, 5.16002035141, 3.65471744537, 2.50987625122, 1.32075941563, 0.641703546047, 0.209186762571, 0.0191245023161, 0.000332170398906],
        "median": [0.73499083519, 1.53925716877, 0.807487607002, 0.817175388336, 1.62620139122, 3.73436927795, 5.1268491745, 5.0593996048, 6.93705320358, 8.35606193542, 9.26824188232, 10.7779254913, 12.0247383118, 13.6548814774, 13.9136276245, 17.7407741547, 18.7306785583, 20.8083381653, 21.9453430176, 23.0213699341, 23.3851394653, 28.2303009033, 31.5249443054, 30.8695487976, 26.4531898499, 22.144952774, 20.0344314575, 15.3898744583, 11.1469841003, 7.7661781311, 6.18478441238, 5.06371021271, 4.0071554184, 2.73846673965, 1.80107021332, 0.895546197891, 0.374019682407, 0.106779761612, 0.00820237305015, 0.000180934119271],
        "min": [4.18797103795e-23, 3.78427203769e-22, 3.99950954237e-21, 1.09994026915e-20, 1.60407268283e-20, 2.45878419261e-20, 6.68735006324e-20, 5.90164351112e-20, 1.34986466789e-19, 2.44517510052e-19, 1.71734469565e-19, 3.97682459874e-19, 5.13760120698e-19, 7.28711895061e-19, 6.19119407788e-19, 1.47518563262e-18, 1.14869165458e-18, 2.4000145029e-18, 2.55644262854e-18, 2.87719969544e-18, 2.82882948194e-18, 4.21947146569e-18, 5.4587799292e-18, 5.63113500394e-18, 7.28146413715e-18, 7.99630369635e-18, 1.07975417418e-17, 1.18333025632e-17, 1.16032992036e-17, 1.03834733251e-17, 1.18181717755e-17, 1.23666520786e-17, 9.00939976902e-18, 8.61406285732e-18, 6.53114680148e-18, 4.57430299715e-18, 2.38545426296e-18, 9.25372534732e-19, 2.61778313744e-19, 2.75198207658e-20],
        "var": [0.517258763313, 9.28013038635, 46.7237052917, 193.937759399, 83.2557907104, 166.342803955, 217.795700073, 192.930084229, 497.56842041, 632.465820312, 423.768707275, 536.201965332, 366.729034424, 397.966308594, 346.229644775, 493.951080322, 685.513122559, 648.566223145, 540.373901367, 495.462249756, 549.600341797, 1225.60192871, 2245.53955078, 3924.69335938, 3178.25976562, 667.77166748, 583.540466309, 143.469467163, 94.3255844116, 70.1698608398, 54.7725753784, 35.5524749756, 24.2589321136, 12.9767808914, 6.84794378281, 2.04615998268, 0.610655784607, 0.0831629037857, 0.000884233624674, 1.72579063928e-07]
    },
    "gfcc": {
        "mean": [57.6820755005, 40.7270393372, -103.12827301, 33.9065704346, -38.9023284912, 17.0290813446, -24.3118801117, 20.4280509949, -18.9976158142, 14.4910335541, -10.358458519, 10.6528282166, -9.03501224518],
        "cov": [[11088.7792969, -695.336791992, -183.141723633, 409.010986328, -434.28024292, 173.738296509, -367.61706543, 244.94921875, -329.437103271, 172.243743896, -197.804702759, 154.869354248, -184.467041016], [-695.336791992, 2319.40356445, -453.750488281, 138.757202148, 8.19543075562, -427.571044922, 29.7272872925, -262.207336426, 113.544044495, -161.391586304, 113.874481201, -161.449295044, 133.002578735], [-183.141723633, -453.750488281, 797.993103027, 38.8507118225, -8.42106151581, 90.2798309326, -68.3003234863, -0.0307126380503, -63.0561676025, -5.54031181335, -85.6578826904, 22.3363742828, -55.2685279846], [409.010986328, 138.757202148, 38.8507118225, 366.103881836, 42.0924072266, -16.1429367065, -19.4111747742, 16.7500934601, -61.3139686584, -30.0180263519, -15.2072820663, -37.2832374573, -31.2711448669], [-434.28024292, 8.19543075562, -8.42106151581, 42.0924072266, 308.128936768, 57.7938957214, 108.888259888, 13.4378767014, 40.9284553528, -21.2951583862, 17.2246398926, -21.2493076324, -10.2870063782], [173.738296509, -427.571044922, 90.2798309326, -16.1429367065, 57.7938957214, 259.509613037, 59.4556159973, 94.3329696655, 18.2774372101, 49.3926277161, -24.1218280792, 42.6370162964, -17.5257549286], [-367.61706543, 29.7272872925, -68.3003234863, -19.4111747742, 108.888259888, 59.4556159973, 155.862014771, 55.807964325, 85.7061691284, 24.4812660217, 41.788318634, 8.06551933289, 25.8925800323], [244.94921875, -262.207336426, -0.0307126380503, 16.7500934601, 13.4378767014, 94.3329696655, 55.807964325, 147.217468262, 46.9282989502, 78.5188369751, 20.5516319275, 50.3247680664, 5.12279987335], [-329.437103271, 113.544044495, -63.0561676025, -61.3139686584, 40.9284553528, 18.2774372101, 85.7061691284, 46.9282989502, 134.973907471, 57.5032463074, 68.2776870728, 32.5867080688, 52.6044197083], [172.243743896, -161.391586304, -5.54031181335, -30.0180263519, -21.2951583862, 49.3926277161, 24.4812660217, 78.5188369751, 57.5032463074, 108.138244629, 58.0923538208, 65.6468963623, 27.689201355], [-197.804702759, 113.874481201, -85.6578826904, -15.2072820663, 17.2246398926, -24.1218280792, 41.788318634, 20.5516319275, 68.2776870728, 58.0923538208, 102.679794312, 51.9756393433, 55.9856758118], [154.869354248, -161.449295044, 22.3363742828, -37.2832374573, -21.2493076324, 42.6370162964, 8.06551933289, 50.3247680664, 32.5867080688, 65.6468963623, 51.9756393433, 91.8860321045, 45.1417541504], [-184.467041016, 133.002578735, -55.2685279846, -31.2711448669, -10.2870063782, -17.5257549286, 25.8925800323, 5.12279987335, 52.6044197083, 27.689201355, 55.9856758118, 45.1417541504, 83.7307815552]],
        "icov": [[0.000149047249579, -0.000103906000732, 0.000150962776388, -0.000154371315148, 4.24409663538e-05, -1.40772108352e-05, 0.000135612732265, -9.3851602287e-05, 0.00024262831721, -0.000514674582519, 0.000768047117162, -0.000860879081301, 0.00046982782078], [-0.000103906000732, 0.00134677439928, 0.000142386285006, -0.000615027267486, 0.000287209608359, 0.000749925733544, 8.27139683679e-06, 0.00124078267254, -0.00188562402036, 0.00154366018251, -0.00170332705602, 0.00286795315333, -0.00212324317545], [0.000150962776388, 0.000142386285006, 0.00184457818978, -0.000680675322656, -0.000136896618642, -2.30327623285e-05, 0.000466046796646, 0.00109790894203, -0.000702890625689, -0.000876124657225, 0.00292558525689, -0.00269482447766, 0.00106484943535], [-0.000154371315148, -0.000615027267486, -0.000680675322656, 0.00429171230644, -0.000822008936666, -0.000368647422874, 0.000650280388072, -0.00349045195617, 0.00348642654717, 0.00112451205496, -0.00333929271437, 0.00290378648788, -0.000270277058007], [4.24409663538e-05, 0.000287209608359, -0.000136896618642, -0.000822008936666, 0.00528901908547, -0.00100242334884, -0.00322054536082, 0.000754677457735, -0.000984844518825, 0.0029967087321, -0.00273558078334, 0.000572857970838, 0.00177765497938], [-1.40772108352e-05, 0.000749925733544, -2.30327623285e-05, -0.000368647422874, -0.00100242334884, 0.00787618383765, -0.00304418709129, -0.000457667425508, -0.000799500150606, -0.00227740965784, 0.00591501453891, -0.00385004281998, 0.000495745509397], [0.000135612732265, 8.27139683679e-06, 0.000466046796646, 0.000650280388072, -0.00322054536082, -0.00304418709129, 0.0165691357106, -0.00575976911932, -0.00618166383356, 0.00464333454147, -0.0049883602187, 0.00496448948979, -0.00196105567738], [-9.3851602287e-05, 0.00124078267254, 0.00109790894203, -0.00349045195617, 0.000754677457735, -0.000457667425508, -0.00575976911932, 0.019719671458, -0.00459334114566, -0.0104082031175, 0.00763901229948, -0.00548809301108, 0.00199376000091], [0.00024262831721, -0.00188562402036, -0.000702890625689, 0.00348642654717, -0.000984844518825, -0.000799500150606, -0.00618166383356, -0.00459334114566, 0.0235126800835, -0.0086293136701, -0.00397537462413, 0.00354783446528, -0.00490082474425], [-0.000514674582519, 0.00154366018251, -0.000876124657225, 0.00112451205496, 0.0029967087321, -0.00227740965784, 0.00464333454147, -0.0104082031175, -0.0086293136701, 0.0362724326551, -0.0194526910782, -0.0019508053083, 0.00283308676444], [0.000768047117162, -0.00170332705602, 0.00292558525689, -0.00333929271437, -0.00273558078334, 0.00591501453891, -0.0049883602187, 0.00763901229948, -0.00397537462413, -0.0194526910782, 0.0424607470632, -0.0218932554126, -0.0005982714938], [-0.000860879081301, 0.00286795315333, -0.00269482447766, 0.00290378648788, 0.000572857970838, -0.00385004281998, 0.00496448948979, -0.00548809301108, 0.00354783446528, -0.0019508053083, -0.0218932554126, 0.0466075278819, -0.0211540665478], [0.00046982782078, -0.00212324317545, 0.00106484943535, -0.000270277058007, 0.00177765497938, 0.000495745509397, -0.00196105567738, 0.00199376000091, -0.00490082474425, 0.00283308676444, -0.0005982714938, -0.0211540665478, 0.0317062474787]]
    },
    "melbands": {
        "dmean": [0.00290329824202, 0.00131893833168, 0.000907608191483, 0.000320300576277, 0.000240182707785, 0.000139471099828, 0.000120929005789, 0.000103308382677, 7.75884254836e-05, 6.92536050337e-05, 5.59016698389e-05, 5.32980520802e-05, 3.65911291738e-05, 3.5605757148e-05, 3.61641177733e-05, 3.23590247717e-05, 3.15760480589e-05, 2.56202492892e-05, 2.16589523916e-05, 2.23038750846e-05, 1.97607969312e-05, 2.16656699195e-05, 2.23951501539e-05, 2.33320115512e-05, 2.24119758059e-05, 2.06318582059e-05, 1.16609489851e-05, 8.66599202709e-06, 8.20465083962e-06, 5.93590539211e-06, 4.54453174825e-06, 3.52432243744e-06, 2.61227501142e-06, 2.39186374529e-06, 2.0672903247e-06, 1.83507063412e-06, 1.67885536939e-06, 1.62956996519e-06, 1.46096715525e-06, 1.35097343446e-06],
        "dmean2": [0.00430740648881, 0.00184710172471, 0.00152712455019, 0.000526256102603, 0.000391080538975, 0.000227952681598, 0.000191235594684, 0.000164289289387, 0.000125603357446, 0.000116520459414, 9.2477988801e-05, 8.92458265298e-05, 5.97308280703e-05, 5.91661773797e-05, 5.8716890635e-05, 5.3762079915e-05, 5.29036842636e-05, 4.2816005589e-05, 3.6101861042e-05, 3.72081922251e-05, 3.33376556227e-05, 3.63510189345e-05, 3.76888820028e-05, 3.86744140997e-05, 3.74047776859e-05, 3.43649080605e-05, 1.94134336198e-05, 1.4488632587e-05, 1.36479529829e-05, 9.9845119621e-06, 7.72026669438e-06, 5.94366247242e-06, 4.32053548138e-06, 3.94070002585e-06, 3.39314078701e-06, 2.98534155263e-06, 2.74191324934e-06, 2.6302925562e-06, 2.35838433582e-06, 2.15146724258e-06],
        "dvar": [7.87647604739e-06, 5.90247054788e-06, 5.7517490859e-06, 3.35287097641e-07, 1.51621193822e-07, 5.16302982589e-08, 4.98956929107e-08, 3.13677936958e-08, 1.31056845376e-08, 1.08940199084e-08, 5.5624012063e-09, 5.24622301157e-09, 2.12067896577e-09, 1.66067071206e-09, 1.98745597757e-09, 1.90747173612e-09, 1.58889268409e-09, 9.39858302296e-10, 5.52137002785e-10, 7.01066371622e-10, 5.70631486507e-10, 7.57273688201e-10, 9.41155486878e-10, 1.19806287113e-09, 1.20977017293e-09, 1.40113931568e-09, 2.85604540018e-10, 1.30797525588e-10, 1.49092488355e-10, 4.57232099405e-11, 2.80045153733e-11, 1.69503681924e-11, 1.03363585052e-11, 1.02797614171e-11, 8.01229221858e-12, 6.44413125292e-12, 4.90047282267e-12, 4.6246877855e-12, 3.77672849591e-12, 3.38858672025e-12],
        "dvar2": [1.81477189471e-05, 1.08042595457e-05, 1.48367507791e-05, 8.22766025976e-07, 3.76549422754e-07, 1.26305508275e-07, 1.12233010441e-07, 6.79243612467e-08, 3.06697458541e-08, 2.79328880026e-08, 1.36725706312e-08, 1.33676945069e-08, 4.78118211689e-09, 4.13140011091e-09, 5.00136421167e-09, 4.89777196577e-09, 4.12101686109e-09, 2.41742315055e-09, 1.46356660125e-09, 1.83639625728e-09, 1.53319335006e-09, 2.03876804328e-09, 2.49840192978e-09, 3.12921977219e-09, 3.12671866176e-09, 3.68187347277e-09, 7.67560903725e-10, 3.51793427722e-10, 3.98775540367e-10, 1.2325133969e-10, 7.64837290723e-11, 4.5418366984e-11, 2.68147413995e-11, 2.73255671562e-11, 2.13317592757e-11, 1.66718999717e-11, 1.26728445446e-11, 1.17586444054e-11, 9.45667329166e-12, 8.43021225744e-12],
        "max": [0.0532290637493, 0.0457782708108, 0.0311196148396, 0.0126600293443, 0.008883330971, 0.00413858750835, 0.00672754552215, 0.00502640241757, 0.00276063848287, 0.00212857732549, 0.00166028377134, 0.00124394916929, 0.00106055382639, 0.000770258367993, 0.0008087111637, 0.00113260617945, 0.000798672263045, 0.000681655656081, 0.000607745081652, 0.000436459115008, 0.000304783665342, 0.000642163679004, 0.000623243802693, 0.00106480321847, 0.000600696890615, 0.000923858955503, 0.000442607095465, 0.000267399329459, 0.000242066860665, 0.000123831952806, 7.17784569133e-05, 9.78061725618e-05, 8.97150966921e-05, 8.07017058833e-05, 8.19252963993e-05, 5.45379734831e-05, 6.64230901748e-05, 4.68858343083e-05, 4.61966374132e-05, 4.06574617955e-05],
        "mean": [0.00620195874944, 0.00219633057714, 0.000858099607285, 0.000449931569165, 0.000374220369849, 0.000218236993533, 0.000212663595448, 0.000176941699465, 0.000129471067339, 0.000106235049316, 8.80225197761e-05, 7.98802357167e-05, 6.04856613791e-05, 6.10464558122e-05, 6.13005686319e-05, 5.37455853191e-05, 5.10864738317e-05, 4.39270625066e-05, 3.88410262531e-05, 3.75197450921e-05, 3.42393286701e-05, 3.90224086004e-05, 4.14748865296e-05, 4.41409174528e-05, 4.46753438155e-05, 4.05867358495e-05, 2.39057117142e-05, 1.79039961949e-05, 1.73350290424e-05, 1.24576035887e-05, 9.28401732381e-06, 7.63951265981e-06, 5.78900289838e-06, 5.12406086273e-06, 4.52044059784e-06, 4.08436926591e-06, 3.80113192477e-06, 3.62619175576e-06, 3.35996514877e-06, 2.99957332572e-06],
        "median": [0.00561169721186, 0.0010452887509, 0.000167601232533, 0.000203443632927, 0.000196763445274, 0.000115314462164, 0.00010682001448, 9.06373752514e-05, 7.65267177485e-05, 6.52214002912e-05, 5.86531423323e-05, 5.3501840739e-05, 4.32831875514e-05, 4.54978580819e-05, 4.44661018264e-05, 3.8755890273e-05, 3.74532864953e-05, 3.36665834766e-05, 3.13428172376e-05, 2.86545255221e-05, 2.61179666268e-05, 2.79256946669e-05, 2.79399791907e-05, 2.68559924734e-05, 2.42618989432e-05, 2.05791729968e-05, 1.60044146469e-05, 1.37882434501e-05, 1.22713145174e-05, 1.06546958705e-05, 7.86562304711e-06, 6.44524425297e-06, 4.76794593851e-06, 4.0274321691e-06, 3.48316484633e-06, 3.19131913784e-06, 2.98521968034e-06, 2.76300124824e-06, 2.52201903095e-06, 2.18050877265e-06],
        "min": [3.17806963076e-25, 2.01835466298e-24, 2.45877215649e-24, 1.23472341252e-24, 2.14765034585e-24, 1.23655731691e-24, 2.01859920986e-24, 2.65353777247e-24, 1.31540603515e-24, 2.8985692109e-24, 2.4941993081e-24, 2.62134988095e-24, 1.32263170522e-24, 2.12618997657e-24, 2.50435589225e-24, 1.44142735362e-24, 3.99012669508e-24, 3.20587431526e-24, 3.15465101289e-24, 3.86429273107e-24, 2.92706483895e-24, 3.47076118546e-24, 3.65612062122e-24, 3.89073219317e-24, 3.53396629891e-24, 3.86381704795e-24, 4.29469011336e-24, 5.06069771816e-24, 5.54691253152e-24, 5.9109150413e-24, 5.17951634214e-24, 5.3608865083e-24, 4.98099594546e-24, 6.2135966319e-24, 5.96358373407e-24, 5.54155656041e-24, 5.9310014121e-24, 5.49246377412e-24, 5.96784042751e-24, 5.72078694137e-24],
        "var": [2.36017986026e-05, 1.14340373329e-05, 4.71444445793e-06, 5.05031039211e-07, 2.79654926771e-07, 9.55431573857e-08, 1.11615179321e-07, 7.6035732377e-08, 2.75133871241e-08, 1.8410249325e-08, 9.08709374414e-09, 7.34867011687e-09, 4.15596845826e-09, 3.17370774106e-09, 3.66465724433e-09, 3.2589233534e-09, 2.46374320945e-09, 1.55183954575e-09, 9.55062806618e-10, 1.03991304456e-09, 8.15324863179e-10, 1.32325050917e-09, 1.80447001785e-09, 2.44563613805e-09, 2.81979528616e-09, 2.90398816105e-09, 6.25465956805e-10, 2.68567168504e-10, 3.28338134459e-10, 8.83814410546e-11, 4.80030529215e-11, 3.48699159824e-11, 2.38497555038e-11, 2.31604995599e-11, 1.98028399234e-11, 1.62337764759e-11, 1.39457291201e-11, 1.24724883199e-11, 1.10146900281e-11, 9.34775607614e-12]
    },
    "mfcc": {
        "mean": [-588.022705078, 84.0191345215, -3.55698108673, 27.0807228088, 9.79422187805, 7.79695606232, 10.7821445465, 8.43231201172, 6.00552654266, 6.5544834137, 7.38318109512, 6.13429260254, 3.52362298965],
        "cov": [[3621.78198242, -295.530334473, 233.10836792, 173.035400391, 44.6297492981, -43.9645729065, 11.6245765686, -1.19384682178, -51.3810501099, -8.8726940155, -18.8008880615, -17.5268764496, -30.3056201935], [-295.530334473, 1568.03710938, -187.234725952, 240.0677948, -61.3905906677, -69.6989135742, -120.106033325, -113.460617065, -45.6786346436, -55.4207382202, -34.4300765991, -36.5016937256, -5.26198196411], [233.10836792, -187.234725952, 613.75177002, 16.3768386841, 29.9465522766, 17.2948303223, -38.821105957, -14.5402488708, -19.3840789795, -29.7296085358, -39.0241661072, -31.3917751312, -30.3595237732], [173.035400391, 240.0677948, 16.3768386841, 366.645751953, 72.5871734619, -27.2983837128, 20.5319728851, -17.9201030731, -41.7731781006, -17.0811805725, -16.6523323059, -24.6844596863, -24.3093605042], [44.6297492981, -61.3905906677, 29.9465522766, 72.5871734619, 160.504821777, 67.8330383301, 57.4019889832, 37.3035240173, 15.2839393616, 2.86689686775, 4.85271501541, -3.65533494949, -3.4433619976], [-43.9645729065, -69.6989135742, 17.2948303223, -27.2983837128, 67.8330383301, 118.051979065, 60.2844772339, 49.7359313965, 34.8826904297, 14.2523441315, 12.5542650223, 6.04180717468, 6.20807170868], [11.6245765686, -120.106033325, -38.821105957, 20.5319728851, 57.4019889832, 60.2844772339, 104.236724854, 61.4746551514, 36.0447540283, 27.324962616, 24.0135173798, 14.2069234848, 7.78211832047], [-1.19384682178, -113.460617065, -14.5402488708, -17.9201030731, 37.3035240173, 49.7359313965, 61.4746551514, 88.2261047363, 58.5433883667, 34.3605422974, 27.9283447266, 20.8856048584, 17.0029850006], [-51.3810501099, -45.6786346436, -19.3840789795, -41.7731781006, 15.2839393616, 34.8826904297, 36.0447540283, 58.5433883667, 85.6704940796, 49.8046989441, 32.5801811218, 25.7601795197, 21.6148281097], [-8.8726940155, -55.4207382202, -29.7296085358, -17.0811805725, 2.86689686775, 14.2523441315, 27.324962616, 34.3605422974, 49.8046989441, 66.9097137451, 43.331943512, 30.3695430756, 24.5133113861], [-18.8008880615, -34.4300765991, -39.0241661072, -16.6523323059, 4.85271501541, 12.5542650223, 24.0135173798, 27.9283447266, 32.5801811218, 43.331943512, 61.5273284912, 42.9162483215, 29.0768928528], [-17.5268764496, -36.5016937256, -31.3917751312, -24.6844596863, -3.65533494949, 6.04180717468, 14.2069234848, 20.8856048584, 25.7601795197, 30.3695430756, 42.9162483215, 65.2456817627, 44.3172187805], [-30.3056201935, -5.26198196411, -30.3595237732, -24.3093605042, -3.4433619976, 6.20807170868, 7.78211832047, 17.0029850006, 21.6148281097, 24.5133113861, 29.0768928528, 44.3172187805, 62.2039794922]],
