{
"lowlevel": {
    "average_loudness": 0.945649206638,
    "barkbands_crest": {
        "dmean": 2.61698246002,
        "dmean2": 4.23061323166,
        "dvar": 6.26086807251,
        "dvar2": 17.1448230743,
        "max": 26.1478118896,
        "mean": 9.72832489014,
        "median": 9.01730155945,
        "min": 2.14063739777,
        "var": 16.5549640656
    },
    "barkbands_flatness_db": {
        "dmean": 0.021154763177,
        "dmean2": 0.0339871570468,
        "dvar": 0.000695778056979,
        "dvar2": 0.0018382507842,
        "max": 0.401139318943,
        "mean": 0.112727791071,
        "median": 0.0794684886932,
        "min": 0.0110670421273,
        "var": 0.00650716153905
    },
    "barkbands_kurtosis": {
        "dmean": 3.27853941917,
        "dmean2": 5.33088350296,
        "dvar": 130.673538208,
        "dvar2": 324.237945557,
        "max": 293.743988037,
        "mean": 3.55020952225,
        "median": 0.332951068878,
        "min": -1.84328269958,
        "var": 170.396865845
    },
    "barkbands_skewness": {
        "dmean": 0.531591057777,
        "dmean2": 0.832948982716,
        "dvar": 0.573054552078,
        "dvar2": 1.40438866615,
        "max": 15.3930940628,
        "mean": 1.35661244392,
        "median": 1.10399329662,
        "min": -2.14166402817,
        "var": 1.66599524021
    },
    "barkbands_spread": {
        "dmean": 8.07340812683,
        "dmean2": 12.4096126556,
        "dvar": 93.8134155273,
        "dvar2": 223.869842529,
        "max": 120.458526611,
        "mean": 37.411781311,
        "median": 37.4519004822,
        "min": 0.518792152405,
        "var": 507.980743408
    },
    "dissonance": {
        "dmean": 0.012858716771,
        "dmean2": 0.0215873904526,
        "dvar": 0.000154637091327,
        "dvar2": 0.000431289285189,
        "max": 0.500000059605,
        "mean": 0.475309640169,
        "median": 0.478996425867,
        "min": 0.300343900919,
        "var": 0.000329649396008
    },
    "dynamic_complexity": 1.64006602764,
    "erbbands_crest": {
        "dmean": 1.92920923233,
        "dmean2": 3.02150917053,
        "dvar": 4.21724176407,
        "dvar2": 10.2700643539,
        "max": 28.5950298309,
        "mean": 7.45621490479,
        "median": 6.3168387413,
        "min": 2.075745821,
        "var": 14.816652298
    },
    "erbbands_flatness_db": {
        "dmean": 0.0130141591653,
        "dmean2": 0.0197342224419,
        "dvar": 0.000266568589723,
        "dvar2": 0.000688425730914,
        "max": 0.451482594013,
        "mean": 0.130741223693,
        "median": 0.0975395739079,
        "min": 0.03257086128,
        "var": 0.00675079366192
    },
    "erbbands_kurtosis": {
        "dmean": 0.679071128368,
        "dmean2": 1.09739303589,
        "dvar": 3.41919255257,
        "dvar2": 9.5942401886,
        "max": 53.6251106262,
        "mean": -0.114738926291,
        "median": -0.622583866119,
        "min": -1.79778456688,
        "var": 3.51110363007
    },
    "erbbands_skewness": {
        "dmean": 0.294561624527,
        "dmean2": 0.438302576542,
        "dvar": 0.130333051085,
        "dvar2": 0.327543288469,
        "max": 6.6276049614,
        "mean": 0.253871738911,
        "median": 0.27095875144,
        "min": -2.12128663063,
        "var": 0.437449812889
    },
    "erbbands_spread": {
        "dmean": 7.62534093857,
        "dmean2": 11.7618093491,
        "dvar": 98.599067688,
        "dvar2": 239.69152832,
        "max": 186.314926147,
        "mean": 47.7174186707,
        "median": 49.0454025269,
        "min": 2.32697367668,
        "var": 428.809295654
    },
    "hfc": {
        "dmean": 16.095746994,
        "dmean2": 24.8593158722,
        "dvar": 540.136413574,
        "dvar2": 1352.00036621,
        "max": 289.817565918,
        "mean": 54.2789268494,
        "median": 45.0650520325,
        "min": 1.09680324341e-16,
        "var": 1517.11633301
    },
    "melbands_crest": {
        "dmean": 3.9988257885,
        "dmean2": 6.10204410553,
        "dvar": 13.6921720505,
        "dvar2": 31.5491104126,
        "max": 35.3173484802,
        "mean": 16.7555408478,
        "median": 16.3394374847,
        "min": 1.47444272041,
        "var": 43.4483108521
    },
    "melbands_flatness_db": {
        "dmean": 0.0285860151052,
        "dmean2": 0.0451233237982,
        "dvar": 0.00107979367021,
        "dvar2": 0.00284052710049,
        "max": 0.5292314291,
        "mean": 0.175891369581,
        "median": 0.150335788727,
        "min": 0.00102969468571,
        "var": 0.00695056095719
    },
    "melbands_kurtosis": {
        "dmean": 8.31456565857,
        "dmean2": 13.6470346451,
        "dvar": 494.096160889,
        "dvar2": 1278.26928711,
        "max": 485.049041748,
        "mean": 13.9026203156,
        "median": 7.18927192688,
        "min": -1.64603447914,
        "var": 664.069946289
    },
    "melbands_skewness": {
        "dmean": 0.748291730881,
        "dmean2": 1.18448507786,
        "dvar": 0.975874781609,
        "dvar2": 2.46150612831,
        "max": 15.7313833237,
        "mean": 2.66121459007,
        "median": 2.41589570045,
        "min": -1.22769725323,
        "var": 2.8244934082
    },
    "melbands_spread": {
        "dmean": 8.95964813232,
        "dmean2": 14.229593277,
        "dvar": 121.949989319,
        "dvar2": 323.500030518,
        "max": 163.29675293,
        "mean": 30.9222831726,
        "median": 28.4251651764,
        "min": 0.408720165491,
        "var": 444.383605957
    },
    "pitch_salience": {
        "dmean": 0.0699678808451,
        "dmean2": 0.11041803658,
        "dvar": 0.00432485993952,
        "dvar2": 0.0112740872428,
        "max": 0.984897136688,
        "mean": 0.543890357018,
        "median": 0.549233853817,
        "min": 0.0646611526608,
        "var": 0.0133500378579
    },
    "silence_rate_20dB": {
        "dmean": 0,
        "dmean2": 0,
        "dvar": 0,
        "dvar2": 0,
        "max": 1,
        "mean": 1,
        "median": 1,
        "min": 1,
        "var": 0
    },
    "silence_rate_30dB": {
        "dmean": 0,
        "dmean2": 0,
        "dvar": 0,
        "dvar2": 0,
        "max": 1,
        "mean": 1,
        "median": 1,
        "min": 1,
        "var": 0
    },
    "silence_rate_60dB": {
        "dmean": 0.00149975006934,
        "dmean2": 0.00299974996597,
        "dvar": 0.00149741652422,
        "dvar2": 0.00332408328541,
        "max": 1,
        "mean": 0.0188286267221,
        "median": 0,
        "min": 0,
        "var": 0.018474323675
    },
    "spectral_centroid": {
        "dmean": 271.748352051,
        "dmean2": 408.642272949,
        "dvar": 94994.375,
        "dvar2": 213361.1875,
        "max": 11459.6113281,
        "mean": 1807.32580566,
        "median": 1801.09594727,
        "min": 148.420318604,
        "var": 825130.1875
    },
    "spectral_complexity": {
        "dmean": 4.6868853569,
        "dmean2": 7.27489376068,
        "dvar": 24.1583347321,
        "dvar2": 50.5380439758,
        "max": 64,
        "mean": 28.8117961884,
        "median": 27,
        "min": 0,
        "var": 170.636383057
    },
    "spectral_decrease": {
        "dmean": 2.66096544799e-09,
        "dmean2": 4.1723513533e-09,
        "dvar": 7.79798218141e-18,
        "dvar2": 2.2908370018e-17,
        "max": 1.33831848685e-28,
        "mean": -1.02425792292e-08,
        "median": -1.02691055659e-08,
        "min": -3.28281544171e-08,
        "var": 2.05470787347e-17
    },
    "spectral_energy": {
        "dmean": 0.0104882931337,
        "dmean2": 0.0164097510278,
        "dvar": 0.000115908587759,
        "dvar2": 0.000337058067089,
        "max": 0.124859236181,
        "mean": 0.0435811318457,
        "median": 0.0448272489011,
        "min": 1.02083449916e-20,
        "var": 0.000321423227433
    },
    "spectral_energyband_high": {
        "dmean": 0.00152495794464,
        "dmean2": 0.00236108596437,
        "dvar": 4.50518200523e-06,
        "dvar2": 1.14127124107e-05,
        "max": 0.0216702353209,
        "mean": 0.0044808331877,
        "median": 0.003406614298,
        "min": 7.44804247977e-21,
        "var": 1.77496458491e-05
    },
    "spectral_energyband_low": {
        "dmean": 0.00875920150429,
        "dmean2": 0.0135958455503,
        "dvar": 0.000108831380203,
        "dvar2": 0.000321034429362,
        "max": 0.120570853353,
        "mean": 0.0189908687025,
        "median": 0.0165050718933,
        "min": 1.34255022614e-23,
        "var": 0.000249066390097
    },
    "spectral_energyband_middle_high": {
        "dmean": 0.00220226263627,
        "dmean2": 0.00341715593822,
        "dvar": 5.58768215342e-06,
        "dvar2": 1.31241840791e-05,
        "max": 0.0339321419597,
        "mean": 0.00747683783993,
        "median": 0.00710038561374,
        "min": 1.15601721779e-21,
        "var": 2.17923352466e-05
    },
    "spectral_energyband_middle_low": {
        "dmean": 0.00418032985181,
        "dmean2": 0.00635677855462,
        "dvar": 3.1779618439e-05,
        "dvar2": 7.65500226407e-05,
        "max": 0.0745077207685,
        "mean": 0.0137219028547,
        "median": 0.0121453469619,
        "min": 1.77818651259e-22,
        "var": 8.77454076544e-05
    },
    "spectral_entropy": {
        "dmean": 0.140967741609,
        "dmean2": 0.22347535193,
        "dvar": 0.0551741085947,
        "dvar2": 0.148009628057,
        "max": 9.82003688812,
        "mean": 7.87287807465,
        "median": 8.09030723572,
        "min": 5.05835294724,
        "var": 0.29012387991
    },
    "spectral_flux": {
        "dmean": 0.0218193847686,
        "dmean2": 0.0337252430618,
        "dvar": 0.000480885384604,
        "dvar2": 0.00106004765257,
        "max": 0.296475321054,
        "mean": 0.100902572274,
        "median": 0.0992971733212,
        "min": 6.51272438756e-11,
        "var": 0.00180933240335
    },
    "spectral_kurtosis": {
        "dmean": 1.57615053654,
        "dmean2": 2.70629525185,
        "dvar": 12.0341072083,
        "dvar2": 38.489151001,
        "max": 81.5280075073,
        "mean": 4.37077045441,
        "median": 2.32415437698,
        "min": -1.24160563946,
        "var": 38.3809432983
    },
    "spectral_rms": {
        "dmean": 0.00077579531353,
        "dmean2": 0.00121015985496,
        "dvar": 5.79953450597e-07,
        "dvar2": 1.67486768987e-06,
        "max": 0.0110369324684,
        "mean": 0.00632646121085,
        "median": 0.0066131609492,
        "min": 3.15584559353e-12,
        "var": 2.49387608164e-06
    },
    "spectral_rolloff": {
        "dmean": 1031.99499512,
        "dmean2": 1676.17797852,
        "dvar": 2525812.75,
        "dvar2": 6460946.5,
        "max": 19724.4140625,
        "mean": 2674.56420898,
        "median": 1722.65625,
        "min": 43.06640625,
        "var": 5802055
    },
    "spectral_skewness": {
        "dmean": 0.19473336637,
        "dmean2": 0.314888298512,
        "dvar": 0.0785035267472,
        "dvar2": 0.2317058146,
        "max": 6.56283330917,
        "mean": 1.45413959026,
        "median": 1.28728938103,
        "min": -0.0438705086708,
        "var": 0.376294612885
    },
    "spectral_spread": {
        "dmean": 637312.875,
        "dmean2": 968785.9375,
        "dvar": 964685070336,
        "dvar2": 1.91437602816e+12,
        "max": 42258564,
        "mean": 5939895,
        "median": 6249752,
        "min": 731028.9375,
        "var": 7.36509139354e+12
    },
    "spectral_strongpeak": {
        "dmean": 0.399337828159,
        "dmean2": 0.70758330822,
        "dvar": 0.481629043818,
        "dvar2": 1.15463757515,
        "max": 7.66403913498,
        "mean": 0.798168480396,
        "median": 0.308599978685,
        "min": 0,
        "var": 1.03970789909
    },
    "zerocrossingrate": {
        "dmean": 0.0148619432002,
        "dmean2": 0.0184098836035,
        "dvar": 0.000237751490204,
        "dvar2": 0.000359694997314,
        "max": 0.76318359375,
        "mean": 0.0998516231775,
        "median": 0.10107421875,
        "min": 0.001953125,
        "var": 0.00303803081624
    },
    "barkbands": {
        "dmean": [0.00140833703335, 0.00722812209278, 0.00121876283083, 0.00158727809321, 0.00199718191288, 0.00116606475785, 0.00077063520439, 0.000608658359852, 0.000938195793424, 0.000840367516503, 0.000463021191536, 0.00057711469708, 0.000488291843794, 0.000325433502439, 0.000332110590534, 0.000199209811399, 0.000226188451052, 0.000211063190363, 0.00023066769063, 0.000296031648759, 0.000406412262237, 0.000346098357113, 0.000278804334812, 0.000242642607191, 0.000287428701995, 0.000267435098067, 0.000191112689208],
        "dmean2": [0.00179194251541, 0.0112395901233, 0.00206764554605, 0.00285121775232, 0.00344892917201, 0.00185654859524, 0.00117795157712, 0.000897886813618, 0.00137320393696, 0.00123993074521, 0.000700476928614, 0.000903103209566, 0.00076585134957, 0.000521922193002, 0.000534268794581, 0.000333197065629, 0.000365604093531, 0.000354913965566, 0.000376941228751, 0.000503964663949, 0.000680355529767, 0.000548438692931, 0.000461742951302, 0.000386914034607, 0.000458254740806, 0.000421943754191, 0.000315862038406],
        "dvar": [2.82517362393e-06, 9.67224768829e-05, 8.63661443873e-06, 1.81344021257e-05, 1.70765051735e-05, 3.54991584572e-06, 1.68534415934e-06, 1.0153103176e-06, 2.58919703811e-06, 1.42920134749e-06, 5.78201763801e-07, 8.00338455065e-07, 5.29057729182e-07, 2.37714132822e-07, 1.75214665887e-07, 8.09888973663e-08, 9.03375934058e-08, 8.62680877844e-08, 9.16159947906e-08, 1.64920606949e-07, 4.06958008625e-07, 2.73624749525e-07, 1.52589294089e-07, 8.99802188314e-08, 2.45105013619e-07, 3.18847071412e-07, 2.55118720816e-07],
        "dvar2": [5.2181958381e-06, 0.000274982012343, 2.41142788582e-05, 5.14851271873e-05, 4.69872793474e-05, 8.88216891326e-06, 3.70110001313e-06, 1.98021734832e-06, 5.09298342877e-06, 2.79735809272e-06, 1.17795912047e-06, 1.75260834112e-06, 1.1676017948e-06, 5.66004757729e-07, 4.30283847663e-07, 2.14572622781e-07, 2.19631374421e-07, 2.3683355721e-07, 2.28266671343e-07, 4.73418765523e-07, 1.19961714518e-06, 6.47363265216e-07, 4.06120932439e-07, 2.21609028017e-07, 6.3119762217e-07, 7.96971107775e-07, 6.86686178142e-07],
        "max": [0.0242682248354, 0.117354057729, 0.0552115514874, 0.0507697425783, 0.0514370575547, 0.038400284946, 0.0300948210061, 0.0231496393681, 0.0418842658401, 0.0232691448182, 0.0221737511456, 0.0231185145676, 0.0200718920678, 0.0119254030287, 0.00665589328855, 0.00822786334902, 0.00574742816389, 0.00967334490269, 0.00643345573917, 0.00475496333092, 0.00904341042042, 0.00760787539184, 0.00464264117181, 0.00366196944378, 0.00653884513304, 0.00791456270963, 0.00741573469713],
        "mean": [0.0025373515673, 0.0137594928965, 0.00191433879081, 0.00182746944483, 0.00338981952518, 0.00272776256315, 0.00179117708467, 0.00128543400206, 0.00201329216361, 0.00180749967694, 0.000808018550742, 0.00109296839219, 0.000933106231969, 0.000600335013587, 0.00062108237762, 0.000350487913238, 0.000434949703049, 0.000408953026636, 0.000502106966451, 0.000615844444837, 0.000915589975193, 0.000849228876177, 0.000637395947706, 0.0005128691555, 0.000550702272449, 0.000454719120171, 0.000239067623625],
        "median": [0.00129272043705, 0.0107281776145, 0.000518055690918, 0.000377075484721, 0.00132219481748, 0.0013791678939, 0.000934162235353, 0.000564261048567, 0.000949856243096, 0.00105770002119, 0.000348049303284, 0.000573136552703, 0.000546329189092, 0.000381760357413, 0.000440727511887, 0.000245629169513, 0.000310982140945, 0.000288744777208, 0.000350834598066, 0.000414827954955, 0.000601555104367, 0.000530329300091, 0.000435568217654, 0.000385773717426, 0.000333310046699, 0.000263091205852, 8.70943986229e-05],
        "min": [2.30334170904e-24, 2.6979165232e-24, 2.66409115366e-24, 1.77821889533e-24, 1.16448491385e-23, 6.26600736715e-24, 9.39775360644e-24, 6.01809836135e-24, 1.86233746079e-23, 2.50890474033e-23, 1.47913675871e-23, 4.40936232665e-23, 3.02477480728e-23, 2.45256255899e-23, 8.29358941502e-23, 5.1746028431e-23, 5.87729962709e-23, 1.35073207057e-22, 1.44523243208e-22, 2.01763331279e-22, 2.63541944397e-22, 2.63338733828e-22, 4.28168960676e-22, 4.65737520965e-22, 9.83446258595e-22, 1.36617511457e-21, 2.03225856678e-21],
        "var": [8.61895296111e-06, 0.000181078270543, 1.73542102857e-05, 1.65823130374e-05, 2.43961221713e-05, 1.43036286318e-05, 6.49359390081e-06, 4.15727572545e-06, 9.38903940551e-06, 5.08582616021e-06, 1.83725433089e-06, 2.55251575254e-06, 1.79747587481e-06, 5.6082978972e-07, 3.85733869734e-07, 1.40221217748e-07, 1.86514938605e-07, 1.75602835384e-07, 2.63561673819e-07, 4.40858883621e-07, 1.09329880615e-06, 1.11444478534e-06, 5.19385196185e-07, 2.78272381138e-07, 4.91389471335e-07, 4.02220507567e-07, 2.23280210321e-07]
    },
    "erbbands": {
        "dmean": [0.354035019875, 1.18069446087, 1.23766410351, 3.69361615181, 6.04683208466, 6.84155321121, 7.44801187515, 9.64877891541, 11.6490459442, 9.41319847107, 16.6186504364, 22.6870708466, 21.9708824158, 23.6299934387, 17.1597995758, 26.0148048401, 22.5728397369, 17.2151603699, 16.0331020355, 14.8749513626, 12.2908143997, 9.77410125732, 10.8024110794, 10.934006691, 12.9857931137, 14.9440507889, 15.4401054382, 16.2195262909, 13.0477247238, 10.3718585968, 7.58613061905, 5.78310251236, 3.95138025284, 3.43261790276, 2.15313649178, 1.17653226852, 0.538728475571, 0.204554408789, 0.034879386425, 0.000444313627668],
        "dmean2": [0.504916012287, 1.96253013611, 2.07307291031, 6.57119131088, 10.2424268723, 11.8969326019, 11.8297719955, 15.5872545242, 17.7556056976, 14.8910531998, 23.777349472, 33.0278167725, 32.5199546814, 35.1064987183, 26.3577251434, 40.1125488281, 35.2912063599, 27.294424057, 25.4617996216, 24.557888031, 19.9870109558, 15.8564291, 18.1852874756, 17.6857070923, 21.2864742279, 25.3617401123, 25.933549881, 27.136756897, 21.0692958832, 16.4275913239, 12.4970169067, 9.34039878845, 6.36612844467, 5.57957172394, 3.42813324928, 1.86206841469, 0.866944491863, 0.324225008488, 0.0587312951684, 0.000737313122954],
        "dvar": [0.18122138083, 4.27455759048, 6.09318351746, 96.6694946289, 183.171508789, 196.174880981, 177.647201538, 254.159042358, 382.799438477, 334.176940918, 720.616394043, 1494.35339355, 1517.10180664, 1094.05285645, 606.509338379, 1796.25598145, 1203.79125977, 770.241394043, 439.71005249, 446.442230225, 293.111541748, 164.868591309, 208.660812378, 248.481704712, 325.256591797, 433.833435059, 567.47467041, 670.765563965, 386.156188965, 225.725570679, 117.192352295, 51.4924583435, 25.6242084503, 32.0888328552, 13.0577964783, 5.12272930145, 1.39152145386, 0.198223754764, 0.00944964773953, 1.39560461321e-06],
        "dvar2": [0.423128753901, 12.1762018204, 16.9230384827, 271.232452393, 486.820983887, 537.491210938, 428.787322998, 646.439331055, 883.14050293, 744.116516113, 1350.98474121, 2918.54223633, 3028.78955078, 2176.50927734, 1281.32507324, 3744.90600586, 2629.40185547, 1872.74743652, 1034.78820801, 1151.89404297, 720.886535645, 412.843444824, 585.731628418, 629.610229492, 840.92376709, 1258.75073242, 1612.97827148, 1952.66625977, 985.683837891, 545.285583496, 309.948181152, 128.336914062, 64.8823013306, 85.0319900513, 33.1548576355, 12.9721155167, 3.51322126389, 0.500981986523, 0.0258537083864, 3.77703395316e-06],
        "max": [4.8872551918, 25.7255992889, 56.1425094604, 118.547492981, 197.365341187, 240.149368286, 410.075408936, 329.681243896, 457.536651611, 606.24206543, 670.047790527, 837.658508301, 940.649597168, 811.07824707, 669.141723633, 1181.82409668, 1012.90637207, 783.163879395, 409.381561279, 459.244445801, 565.601501465, 210.8699646, 389.06854248, 433.333648682, 342.386169434, 250.239227295, 379.537078857, 367.261505127, 260.95324707, 224.912155151, 176.183929443, 94.853302002, 80.6398696899, 102.352226257, 45.5544166565, 35.2197418213, 17.4499130249, 6.29363918304, 1.4128139019, 0.0172455105931],
        "mean": [0.658362209797, 2.01216077805, 2.5243973732, 4.47756671906, 8.69427490234, 11.4708757401, 17.5697669983, 21.0656032562, 27.1952114105, 20.491645813, 38.9120254517, 50.3133392334, 48.0645141602, 51.0620422363, 35.1861915588, 52.1450843811, 45.2126121521, 34.0436439514, 31.7436027527, 26.3892440796, 24.1599082947, 20.435426712, 21.3296318054, 24.6020183563, 26.9331359863, 30.725610733, 34.3701934814, 35.7914047241, 31.3197669983, 24.25157547, 17.3951435089, 11.453751564, 8.01224517822, 6.19978189468, 3.87695980072, 1.99077868462, 0.826067090034, 0.318074852228, 0.0411346890032, 0.000615877448581],
        "median": [0.479029119015, 1.25541424751, 0.980126559734, 1.09820747375, 2.81228613853, 4.35256099701, 7.38985204697, 10.7146120071, 14.3237075806, 10.4174718857, 19.7756137848, 26.2335281372, 24.4092082977, 31.4506092072, 21.295463562, 28.0340175629, 26.7939128876, 22.3076572418, 21.5728397369, 19.1905555725, 17.789478302, 15.2130804062, 15.5586156845, 17.2507648468, 18.9809684753, 20.9676685333, 22.4495334625, 22.8195781708, 19.476146698, 15.7362279892, 11.7305631638, 8.15067672729, 5.83721590042, 3.78186440468, 2.29253745079, 1.13648474216, 0.457815587521, 0.150615096092, 0.0140772806481, 0.000273282494163],
        "min": [1.39829116926e-22, 6.12304444032e-22, 3.37992904924e-21, 6.45306214072e-21, 1.75195965166e-20, 6.92495381678e-20, 5.81471135238e-20, 7.02096816015e-20, 1.44776847272e-19, 2.51883941148e-19, 3.94832021333e-19, 3.59102316665e-19, 6.67768277757e-19, 9.08363736784e-19, 7.82618066509e-19, 1.90419499911e-18, 1.89926272791e-18, 1.87474468096e-18, 3.33780674093e-18, 3.20087691669e-18, 3.96260045263e-18, 3.85797534003e-18, 6.85686405692e-18, 8.03336138779e-18, 8.12768479304e-18, 1.09803503115e-17, 1.04258100832e-17, 8.53283702989e-18, 8.27182763223e-18, 1.4307883676e-17, 1.15591500928e-17, 1.02778026562e-17, 8.21915690672e-18, 8.35511562092e-18, 7.09721048289e-18, 4.6255170576e-18, 2.65655174858e-18, 1.14618457354e-18, 2.56209371969e-19, 2.93563265156e-20],
        "var": [0.447920620441, 6.95839834213, 22.6930065155, 92.181098938, 216.368301392, 318.655151367, 908.923828125, 889.468994141, 1386.51269531, 1265.73925781, 3213.66821289, 5445.24267578, 5515.39160156, 3680.74243164, 1924.93054199, 5992.77441406, 4204.9921875, 1848.51586914, 1145.04626465, 719.120910645, 585.023010254, 352.43347168, 423.434387207, 646.275268555, 808.992736816, 1077.22424316, 1502.15148926, 1893.79125977, 1518.71582031, 861.114562988, 388.014404297, 143.348678589, 74.8754272461, 67.3007583618, 24.6750907898, 7.11496973038, 1.57151889801, 0.240162089467, 0.00764584681019, 1.21589982882e-06]
    },
    "gfcc": {
        "mean": [51.7800827026, 46.6433334351, -108.65737915, 13.5402841568, -58.6432609558, 12.3692836761, -25.4581336975, 8.11299133301, -19.4273986816, 10.6239032745, -13.3110151291, 8.39722156525, -7.5743894577],
        "cov": [[14659.3408203, -2291.96411133, 2877.29882812, 2167.44360352, -14.7765283585, 872.771728516, 334.608764648, 887.677490234, -8.17775154114, 591.482910156, -141.374725342, 563.898986816, -102.988273621], [-2291.96411133, 3001.21655273, -152.572814941, 411.740905762, 609.001464844, -59.7577896118, 79.5160217285, -338.585845947, -13.443154335, -359.158111572, 49.1603965759, -313.133636475, 65.738822937], [2877.29882812, -152.572814941, 2688.02978516, 1426.17297363, 600.438232422, 572.518493652, 324.654693604, 449.166259766, 22.7491855621, 159.755432129, -39.7686843872, 172.154556274, -31.0746822357], [2167.44360352, 411.740905762, 1426.17297363, 1334.04528809, 425.099761963, 379.10534668, 230.417327881, 217.922119141, 41.8698577881, 30.2612876892, -17.5378952026, 54.7150382996, -6.22155952454], [-14.7765283585, 609.001464844, 600.438232422, 425.099761963, 416.245117188, 178.041534424, 147.623321533, 42.4397163391, 29.4713096619, -34.8378829956, -1.28921794891, -40.1936569214, 7.96185445786], [872.771728516, -59.7577896118, 572.518493652, 379.10534668, 178.041534424, 279.765838623, 151.762512207, 170.755783081, 39.0929908752, 61.44506073, -12.6543292999, 35.3354301453, -9.76841449738], [334.608764648, 79.5160217285, 324.654693604, 230.417327881, 147.623321533, 151.762512207, 183.734985352, 116.523681641, 64.0471191406, 27.4577770233, 9.06845283508, 12.8351573944, 6.58235788345], [887.677490234, -338.585845947, 449.166259766, 217.922119141, 42.4397163391, 170.755783081, 116.523681641, 236.035995483, 71.9265670776, 105.683944702, -0.419434905052, 65.4220199585, 2.3826406002], [-8.17775154114, -13.443154335, 22.7491855621, 41.8698577881, 29.4713096619, 39.0929908752, 64.0471191406, 71.9265670776, 109.613456726, 50.9806861877, 34.2552871704, 7.56071567535, 17.309387207], [591.482910156, -359.158111572, 159.755432129, 30.2612876892, -34.8378829956, 61.44506073, 27.4577770233, 105.683944702, 50.9806861877, 136.588531494, 30.2571296692, 72.8869094849, 1.69400691986], [-141.374725342, 49.1603965759, -39.7686843872, -17.5378952026, -1.28921794891, -12.6543292999, 9.06845283508, -0.419434905052, 34.2552871704, 30.2571296692, 83.5539398193, 30.9190063477, 30.7236118317], [563.898986816, -313.133636475, 172.154556274, 54.7150382996, -40.1936569214, 35.3354301453, 12.8351573944, 65.4220199585, 7.56071567535, 72.8869094849, 30.9190063477, 121.497917175, 26.3065261841], [-102.988273621, 65.738822937, -31.0746822357, -6.22155952454, 7.96185445786, -9.76841449738, 6.58235788345, 2.3826406002, 17.309387207, 1.69400691986, 30.7236118317, 26.3065261841, 68.6814117432]],
        "icov": [[0.000151498577907, 1.41095333674e-05, 3.79996163247e-05, -0.000287616538117, 0.000195172993699, -6.49397043162e-05, -4.26383085141e-05, -0.000151092055603, 0.000326371227857, -0.000438753952039, 0.000298733910313, -0.000272570439847, 8.1608115579e-05], [1.41095333674e-05, 0.00118148291949, 0.000304364017211, -0.000532932346687, -0.00157556624617, 0.000467663019663, -0.000108593987534, 0.000512873113621, 0.000183902258868, 0.00115908717271, -0.00137505528983, 0.00170224381145, -0.000890320341568], [3.79996163247e-05, 0.000304364017211, 0.0018185445806, -0.00122161919717, -0.00222527142614, 0.000456937093986, 0.000380463548936, -0.00225753057748, 0.00201786123216, -0.00048384652473, -5.92139112996e-05, -0.00110470154323, 0.000795593659859], [-0.000287616538117, -0.000532932346687, -0.00122161919717, 0.00287581980228, 0.000297041260637, -0.00146307388786, 0.000156211899593, 0.00088618916925, -0.00186629930977, 0.00158748461399, -8.27353578643e-05, -0.000414984562667, 0.000125525475596], [0.000195172993699, -0.00157556624617, -0.00222527142614, 0.000297041260637, 0.0100355707109, -0.00365318078548, -0.00294035975821, 0.00394170917571, -0.00198259297758, -0.000900756160263, 0.00135591579601, 0.00121651554946, -0.00126769987401], [-6.49397043162e-05, 0.000467663019663, 0.000456937093986, -0.00146307388786, -0.00365318078548, 0.0128940008581, -0.00438596541062, -0.00544622540474, 0.00369626353495, -0.00222024042159, 0.000525598414242, 0.00070407387102, 0.00101428292692], [-4.26383085141e-05, -0.000108593987534, 0.000380463548936, 0.000156211899593, -0.00294035975821, -0.00438596541062, 0.0146716255695, -0.00416279491037, -0.00518451957032, 0.0040176329203, -0.00121320877224, -0.00171123305336, 0.00108732935041], [-0.000151092055603, 0.000512873113621, -0.00225753057748, 0.00088618916925, 0.00394170917571, -0.00544622540474, -0.00416279491037, 0.0179014485329, -0.00718711549416, -0.00365105620585, 0.00338275870308, 0.000957039999776, -0.00309062446468], [0.000326371227857, 0.000183902258868, 0.00201786123216, -0.00186629930977, -0.00198259297758, 0.00369626353495, -0.00518451957032, -0.00718711549416, 0.0217171702534, -0.00803336966783, -0.00483315624297, 0.00484698591754, -0.00241053919308], [-0.000438753952039, 0.00115908717271, -0.00048384652473, 0.00158748461399, -0.000900756160263, -0.00222024042159, 0.0040176329203, -0.00365105620585, -0.00803336966783, 0.0225230585784, -0.00652246549726, -0.00536218984053, 0.00412844773382], [0.000298733910313, -0.00137505528983, -5.92139112996e-05, -8.27353578643e-05, 0.00135591579601, 0.000525598414242, -0.00121320877224, 0.00338275870308, -0.00483315624297, -0.00652246549726, 0.0218302495778, -0.00663992669433, -0.00419694744051], [-0.000272570439847, 0.00170224381145, -0.00110470154323, -0.000414984562667, 0.00121651554946, 0.00070407387102, -0.00171123305336, 0.000957039999776, 0.00484698591754, -0.00536218984053, -0.00663992669433, 0.0220636799932, -0.00905544217676], [8.1608115579e-05, -0.000890320341568, 0.000795593659859, 0.000125525475596, -0.00126769987401, 0.00101428292692, 0.00108732935041, -0.00309062446468, -0.00241053919308, 0.00412844773382, -0.00419694744051, -0.00905544217676, 0.0220516566187]]
    },
    "melbands": {
        "dmean": [0.00247059529647, 0.000861231703311, 0.000670762499794, 0.000486010016175, 0.000246748939389, 0.000219088818994, 0.00017364451196, 9.82658311841e-05, 0.000147547703818, 0.000133726469357, 0.000110480868898, 0.000100965226011, 6.78765136399e-05, 6.86825369485e-05, 5.62313107366e-05, 4.01109027734e-05, 3.37387173204e-05, 2.64471273113e-05, 2.04873576877e-05, 1.66384706972e-05, 1.59515675477e-05, 1.17116660476e-05, 1.06403258542e-05, 1.13137966764e-05, 9.38955963647e-06, 1.05192411866e-05, 9.55287941906e-06, 1.07969208329e-05, 1.07024043245e-05, 1.09984948722e-05, 1.09677912405e-05, 8.45197246235e-06, 6.45333057037e-06, 6.19356433162e-06, 5.18829847351e-06, 3.99618375013e-06, 3.69931171917e-06, 3.098122761e-06, 3.18750380757e-06, 3.14133421853e-06],
        "dmean2": [0.00369903282262, 0.00144992652349, 0.00116377894301, 0.000834893726278, 0.000396822375478, 0.000350909365807, 0.000264405127382, 0.000155734800501, 0.000211653416045, 0.000195827145944, 0.0001638126123, 0.000150326290168, 0.000102793193946, 0.000108229120087, 8.73435856192e-05, 6.36959011899e-05, 5.35840626981e-05, 4.21048971475e-05, 3.34998549079e-05, 2.78896422969e-05, 2.5993123927e-05, 1.89385937119e-05, 1.7934542484e-05, 1.89563088497e-05, 1.53218334162e-05, 1.7177691916e-05, 1.62691339938e-05, 1.85342178156e-05, 1.82511012099e-05, 1.8126633222e-05, 1.86018387467e-05, 1.38091481858e-05, 1.01962077679e-05, 1.02344538391e-05, 8.77265847521e-06, 6.49790354146e-06, 6.03579292147e-06, 5.08357425133e-06, 5.24511187905e-06, 5.18667502547e-06],
        "dvar": [9.6220010164e-06, 2.05454375646e-06, 2.74739204542e-06, 1.08201106741e-06, 1.81407429523e-07, 1.26836212644e-07, 8.19367187432e-08, 3.1530834832e-08, 4.95448553295e-08, 5.04037132032e-08, 3.7487350113e-08, 2.12115036646e-08, 1.21988197321e-08, 1.14391838224e-08, 5.76145620101e-09, 3.3506251107e-09, 3.01081692911e-09, 1.17293030844e-09, 7.32937821546e-10, 4.93025231751e-10, 4.89152440775e-10, 2.5462756903e-10, 2.10599898631e-10, 2.77367073753e-10, 1.99798205758e-10, 2.25337998261e-10, 1.69216904378e-10, 2.44200021315e-10, 2.91312085565e-10, 2.83650658517e-10, 3.34925281953e-10, 1.75415459935e-10, 9.02082436527e-11, 8.16804887616e-11, 6.41790648404e-11, 2.51621310593e-11, 2.20525143285e-11, 1.60947435934e-11, 2.38802415342e-11, 2.6346190854e-11],
        "dvar2": [2.55068443948e-05, 5.90784247834e-06, 7.5062189353e-06, 2.94460937766e-06, 4.50827201348e-07, 3.21235035017e-07, 1.84772616763e-07, 7.2581045174e-08, 9.36368067528e-08, 1.00160420402e-07, 7.49855928461e-08, 4.20682511049e-08, 2.47557192523e-08, 2.56851482305e-08, 1.26080870189e-08, 7.98977328742e-09, 7.13927628126e-09, 2.77818990035e-09, 1.91567828267e-09, 1.31651911595e-09, 1.1964672586e-09, 6.31354857283e-10, 5.58708801446e-10, 7.26460946954e-10, 5.06976183257e-10, 5.7390614483e-10, 4.68990846159e-10, 7.26189941513e-10, 8.74768535386e-10, 7.66192720381e-10, 9.86410952919e-10, 4.38210828735e-10, 2.25478163918e-10, 2.12775685959e-10, 1.77695441694e-10, 6.42789432792e-11, 5.61755676698e-11, 4.17929371666e-11, 6.37668390313e-11, 6.9850812634e-11],
        "max": [0.0357904918492, 0.0244403108954, 0.0192980300635, 0.0130963278934, 0.0112065812573, 0.00734771741554, 0.00699525559321, 0.00545771466568, 0.00536548066884, 0.00522544840351, 0.00461868895218, 0.003624367062, 0.00326572707854, 0.00255760899745, 0.0018582198536, 0.00131651689298, 0.00132917240262, 0.000622297404334, 0.000538295775186, 0.00045047714957, 0.000663076003548, 0.000292492186418, 0.000290485273581, 0.000734106637537, 0.000385237624869, 0.000323707761709, 0.000225363080972, 0.000178796064574, 0.000194166728761, 0.000284520792775, 0.00029231532244, 0.000175244305865, 0.000134968184284, 0.000127655090182, 0.000145965561387, 5.79422085139e-05, 7.73385108914e-05, 6.60096193315e-05, 8.86981870281e-05, 7.69535981817e-05],
        "mean": [0.00474203331396, 0.00176085159183, 0.000887588656042, 0.000753745203838, 0.000581752567086, 0.000487415440148, 0.000411154702306, 0.000209965146496, 0.000347509805579, 0.000292068754788, 0.000235096013057, 0.000209816687857, 0.000124805810628, 0.000126664279378, 0.000116893221275, 7.76524975663e-05, 6.25142420176e-05, 5.00203095726e-05, 3.80184210371e-05, 2.88074643322e-05, 2.9467879358e-05, 2.22516900976e-05, 1.85433564184e-05, 2.10938615055e-05, 1.91160888789e-05, 2.01166567422e-05, 1.84306245501e-05, 2.03614599741e-05, 2.09572099266e-05, 2.17077413254e-05, 2.1143732738e-05, 1.88447975233e-05, 1.42820153997e-05, 1.29138770717e-05, 1.05403250927e-05, 7.74599266151e-06, 6.67822405376e-06, 5.48700472791e-06, 5.54793314222e-06, 5.05027219333e-06],
        "median": [0.00371222104877, 0.000983580481261, 0.000245810166234, 0.000269359006779, 0.000253934820648, 0.000244683091296, 0.000218646149733, 0.000112698115117, 0.0001811721595, 0.00014744681539, 0.000116187889944, 0.00012284204422, 5.93507575104e-05, 6.57333002891e-05, 7.08140796633e-05, 4.7752255341e-05, 3.85616040148e-05, 3.32180061378e-05, 2.77224989986e-05, 2.0655874323e-05, 2.05473352253e-05, 1.57669310283e-05, 1.27011762743e-05, 1.4365127754e-05, 1.23026084111e-05, 1.32348041006e-05, 1.26527111206e-05, 1.30635853566e-05, 1.273709222e-05, 1.35010195663e-05, 1.26543227452e-05, 1.11755307444e-05, 9.28639019548e-06, 8.08064123703e-06, 6.64197159495e-06, 5.22386062585e-06, 4.66248411612e-06, 3.77887090508e-06, 3.29615545525e-06, 2.88301453111e-06],
        "min": [1.49068649095e-24, 1.30359432221e-24, 9.28999086805e-25, 2.9770082145e-24, 2.09928548097e-24, 1.59992706163e-24, 2.10860468927e-24, 2.48389007936e-24, 3.20441965575e-24, 2.43066918396e-24, 3.10242743489e-24, 3.93046711697e-24, 2.27526003575e-24, 4.36470822402e-24, 4.06200415089e-24, 3.48804986106e-24, 2.69826046655e-24, 2.74917118279e-24, 5.25369924394e-24, 3.02329738913e-24, 4.72395784684e-24, 3.2246361886e-24, 4.84386746545e-24, 5.58914380565e-24, 5.61901954586e-24, 5.82679328095e-24, 4.88919580749e-24, 7.17190683171e-24, 6.59485034638e-24, 5.57172457358e-24, 4.80196830176e-24, 4.79295714364e-24, 4.66968184998e-24, 6.72819071633e-24, 6.41798694257e-24, 6.41279978768e-24, 5.28728775799e-24, 5.02787045488e-24, 6.02134886271e-24, 7.13986330174e-24],
        "var": [2.05139949685e-05, 6.37738094156e-06, 2.85482724394e-06, 1.3573318256e-06, 8.32240345972e-07, 4.57405690213e-07, 3.09830909373e-07, 1.09958186556e-07, 2.21064595962e-07, 1.82260620818e-07, 1.36692179353e-07, 7.03769984511e-08, 3.97711090727e-08, 3.41091315192e-08, 2.13685602546e-08, 1.00863433161e-08, 7.06834946129e-09, 2.99824076677e-09, 1.33550681625e-09, 8.0763207233e-10, 9.82073977696e-10, 5.06779396225e-10, 3.63413327209e-10, 5.36878708157e-10, 4.6055165237e-10, 5.03182551181e-10, 3.74463626773e-10, 5.23427967636e-10, 6.38349872961e-10, 6.6676669741e-10, 7.49433182179e-10, 6.0501798016e-10, 2.98278957089e-10, 2.54877452477e-10, 1.60437163554e-10, 7.20205561855e-11, 5.23266742436e-11, 3.61568622265e-11, 5.91730345278e-11, 4.66649843767e-11]
    },
    "mfcc": {
        "mean": [-595.033691406, 92.3841400146, -0.270247638226, 10.3184928894, -9.32376384735, 6.79692459106, 0.47284168005, 2.01273989677, 2.27908587456, 2.46219277382, 2.14752149582, 2.58608627319, 1.90674972534],
        "cov": [[7646.07275391, -1485.65905762, 1833.16760254, 903.841003418, 373.003570557, 357.710662842, 341.432220459, 392.319732666, 367.036529541, 268.430969238, 234.128036499, 164.397033691, 149.255172729], [-1485.65905762, 2169.80615234, -287.398773193, 356.182434082, 296.186065674, 227.117858887, 111.469429016, 16.8692741394, -63.2804489136, -52.576461792, -105.540077209, -69.4463043213, -64.2984008789], [1833.16760254, -287.398773193, 1895.79931641, 987.49609375, 680.471435547, 409.220184326, 465.476379395, 391.317626953, 284.933135986, 197.689926147, 117.557228088, 94.2545623779, 80.5734100342], [903.841003418, 356.182434082, 987.49609375, 937.392089844, 513.091003418, 376.964538574, 285.358703613, 264.16583252, 142.700881958, 111.91418457, 28.8745174408, 32.1351318359, 30.1246986389], [373.003570557, 296.186065674, 680.471435547, 513.091003418, 441.246551514, 260.878601074, 231.881210327, 168.332397461, 121.434623718, 82.3178253174, 35.3177452087, 22.8118362427, 18.2047080994], [357.710662842, 227.117858887, 409.220184326, 376.964538574, 260.878601074, 267.944274902, 177.557159424, 146.398300171, 84.9851226807, 69.7489318848, 28.8928585052, 15.755191803, 9.27380371094], [341.432220459, 111.469429016, 465.476379395, 285.358703613, 231.881210327, 177.557159424, 226.402481079, 153.450332642, 112.073974609, 70.7961196899, 46.6466331482, 25.1585407257, 20.1033859253], [392.319732666, 16.8692741394, 391.317626953, 264.16583252, 168.332397461, 146.398300171, 153.450332642, 190.928466797, 111.345214844, 87.4372634888, 39.4294090271, 29.0932865143, 16.4966220856], [367.036529541, -63.2804489136, 284.933135986, 142.700881958, 121.434623718, 84.9851226807, 112.073974609, 111.345214844, 149.759399414, 92.4639129639, 63.2227172852, 28.429353714, 19.0553894043], [268.430969238, -52.576461792, 197.689926147, 111.91418457, 82.3178253174, 69.7489318848, 70.7961196899, 87.4372634888, 92.4639129639, 121.175773621, 61.3269004822, 36.2194824219, 14.3293733597], [234.128036499, -105.540077209, 117.557228088, 28.8745174408, 35.3177452087, 28.8928585052, 46.6466331482, 39.4294090271, 63.2227172852, 61.3269004822, 89.4165039062, 41.6438446045, 24.8626079559], [164.397033691, -69.4463043213, 94.2545623779, 32.1351318359, 22.8118362427, 15.755191803, 25.1585407257, 29.0932865143, 28.429353714, 36.2194824219, 41.6438446045, 74.4656600952, 36.042640686], [149.255172729, -64.2984008789, 80.5734100342, 30.1246986389, 18.2047080994, 9.27380371094, 20.1033859253, 16.4966220856, 19.0553894043, 14.3293733597, 24.8626079559, 36.042640686, 71.2191085815]],
