{
"lowlevel": {
    "average_loudness": 0.973573505878,
    "barkbands_crest": {
        "dmean": 2.23601984978,
        "dmean2": 3.73283457756,
        "dvar": 4.18637514114,
        "dvar2": 12.0954713821,
        "max": 22.6444606781,
        "mean": 9.43105220795,
        "median": 8.90896224976,
        "min": 2.29309749603,
        "var": 11.6721849442
    },
    "barkbands_flatness_db": {
        "dmean": 0.0206358656287,
        "dmean2": 0.0345489233732,
        "dvar": 0.000574933947064,
        "dvar2": 0.00145275285468,
        "max": 0.603700816631,
        "mean": 0.181869104505,
        "median": 0.122436739504,
        "min": 0.0139720039442,
        "var": 0.0201673954725
    },
    "barkbands_kurtosis": {
        "dmean": 1.39008259773,
        "dmean2": 2.26399827003,
        "dvar": 3.33510446548,
        "dvar2": 8.09882640839,
        "max": 40.589630127,
        "mean": 1.65680575371,
        "median": 0.72298169136,
        "min": -1.80503594875,
        "var": 10.6435499191
    },
    "barkbands_skewness": {
        "dmean": 0.411547392607,
        "dmean2": 0.672381520271,
        "dvar": 0.135936498642,
        "dvar2": 0.35982838273,
        "max": 4.69641542435,
        "mean": 1.07548439503,
        "median": 1.08138465881,
        "min": -2.20195412636,
        "var": 0.565512895584
    },
    "barkbands_spread": {
        "dmean": 6.75949811935,
        "dmean2": 10.6280994415,
        "dvar": 114.594871521,
        "dvar2": 252.669998169,
        "max": 109.20136261,
        "mean": 32.5663146973,
        "median": 20.3849945068,
        "min": 0.425572961569,
        "var": 823.505310059
    },
    "dissonance": {
        "dmean": 0.0234158746898,
        "dmean2": 0.0393905304372,
        "dvar": 0.000776765751652,
        "dvar2": 0.00203695311211,
        "max": 0.499999493361,
        "mean": 0.443058669567,
        "median": 0.459321498871,
        "min": 0.0980511084199,
        "var": 0.00262762466446
    },
    "dynamic_complexity": 1.02480387688,
    "erbbands_crest": {
        "dmean": 2.02097868919,
        "dmean2": 3.19782209396,
        "dvar": 3.62320899963,
        "dvar2": 9.09033203125,
        "max": 29.7914485931,
        "mean": 9.37975120544,
        "median": 8.13651847839,
        "min": 2.33738398552,
        "var": 24.8943271637
    },
    "erbbands_flatness_db": {
        "dmean": 0.0140881454572,
        "dmean2": 0.0224999766797,
        "dvar": 0.00036949996138,
        "dvar2": 0.000911359500606,
        "max": 0.587007164955,
        "mean": 0.19282501936,
        "median": 0.117219991982,
        "min": 0.0372385419905,
        "var": 0.0217697452754
    },
    "erbbands_kurtosis": {
        "dmean": 0.795382976532,
        "dmean2": 1.22179341316,
        "dvar": 1.38856232166,
        "dvar2": 3.06043148041,
        "max": 36.4440803528,
        "mean": 0.515425205231,
        "median": -0.125405073166,
        "min": -1.76373851299,
        "var": 6.19791460037
    },
    "erbbands_skewness": {
        "dmean": 0.294888526201,
        "dmean2": 0.453067481518,
        "dvar": 0.0791717842221,
        "dvar2": 0.188224941492,
        "max": 5.1966176033,
        "mean": 0.453485637903,
        "median": 0.411061257124,
        "min": -1.67831683159,
        "var": 0.458526015282
    },
    "erbbands_spread": {
        "dmean": 6.65283155441,
        "dmean2": 10.0569381714,
        "dvar": 96.0555267334,
        "dvar2": 199.229949951,
        "max": 124.495681763,
        "mean": 43.9349098206,
        "median": 42.2231750488,
        "min": 0.700703978539,
        "var": 1067.37145996
    },
    "hfc": {
        "dmean": 18.084154129,
        "dmean2": 27.9755363464,
        "dvar": 1059.71838379,
        "dvar2": 2533.34228516,
        "max": 328.745025635,
        "mean": 62.4465141296,
        "median": 29.6473274231,
        "min": 3.02074268377e-11,
        "var": 3325.12866211
    },
    "melbands_crest": {
        "dmean": 4.70345783234,
        "dmean2": 8.31583404541,
        "dvar": 16.1761207581,
        "dvar2": 49.0829353333,
        "max": 33.5440063477,
        "mean": 15.1089162827,
        "median": 14.1122093201,
        "min": 3.57157611847,
        "var": 27.5099201202
    },
    "melbands_flatness_db": {
        "dmean": 0.0263398531824,
        "dmean2": 0.0441946052015,
        "dvar": 0.000854530488141,
        "dvar2": 0.00219003506936,
        "max": 0.692479848862,
        "mean": 0.259927600622,
        "median": 0.205993652344,
        "min": 0.0218225624412,
        "var": 0.022152710706
    },
    "melbands_kurtosis": {
        "dmean": 3.42268776894,
        "dmean2": 5.68071317673,
        "dvar": 24.1365718842,
        "dvar2": 67.0356369019,
        "max": 133.548370361,
        "mean": 8.34294128418,
        "median": 7.09211730957,
        "min": -1.57790005207,
        "var": 56.0744285583
    },
    "melbands_skewness": {
        "dmean": 0.500647544861,
        "dmean2": 0.807123303413,
        "dvar": 0.233959525824,
        "dvar2": 0.641938686371,
        "max": 9.18040370941,
        "mean": 2.10066103935,
        "median": 2.19444346428,
        "min": -1.90570318699,
        "var": 1.52838897705
    },
    "melbands_spread": {
        "dmean": 5.64036893845,
        "dmean2": 9.30048179626,
        "dvar": 66.8179626465,
        "dvar2": 171.911087036,
        "max": 153.387496948,
        "mean": 21.2757759094,
        "median": 14.9932098389,
        "min": 0.668888151646,
        "var": 289.53326416
    },
    "pitch_salience": {
        "dmean": 0.0771629363298,
        "dmean2": 0.133980616927,
        "dvar": 0.00422457279637,
        "dvar2": 0.0132404537871,
        "max": 0.921785533428,
        "mean": 0.550825893879,
        "median": 0.55509531498,
        "min": 0.196485415101,
        "var": 0.00846648495644
    },
    "silence_rate_20dB": {
        "dmean": 0,
        "dmean2": 0,
        "dvar": 0,
        "dvar2": 0,
        "max": 1,
        "mean": 1,
        "median": 1,
        "min": 1,
        "var": 0
    },
    "silence_rate_30dB": {
        "dmean": 0,
        "dmean2": 0,
        "dvar": 0,
        "dvar2": 0,
        "max": 1,
        "mean": 1,
        "median": 1,
        "min": 1,
        "var": 0
    },
    "silence_rate_60dB": {
        "dmean": 0.000318268605042,
        "dmean2": 0.000477478897665,
        "dvar": 0.000318185222568,
        "dvar2": 0.000477261375636,
        "max": 1,
        "mean": 0.000636435986962,
        "median": 0,
        "min": 0,
        "var": 0.000636012409814
    },
    "spectral_centroid": {
        "dmean": 189.165100098,
        "dmean2": 307.726287842,
        "dvar": 73593.609375,
        "dvar2": 187084.5625,
        "max": 3841.69311523,
        "mean": 1172.28405762,
        "median": 846.476013184,
        "min": 247.270446777,
        "var": 557913.375
    },
    "spectral_complexity": {
        "dmean": 3.0830681324,
        "dmean2": 5.01145935059,
        "dvar": 11.9713287354,
        "dvar2": 27.782491684,
        "max": 58,
        "mean": 21.8870334625,
        "median": 20,
        "min": 0,
        "var": 127.26651001
    },
    "spectral_decrease": {
        "dmean": 3.06137093453e-09,
        "dmean2": 5.35686517367e-09,
        "dvar": 7.49734007905e-18,
        "dvar2": 2.20068175965e-17,
        "max": -7.5670996395e-23,
        "mean": -1.20427285921e-08,
        "median": -1.19084662131e-08,
        "min": -2.83394232525e-08,
        "var": 2.02786437366e-17
    },
    "spectral_energy": {
        "dmean": 0.0118569508195,
        "dmean2": 0.0206580478698,
        "dvar": 0.000108511463623,
        "dvar2": 0.000323758082232,
        "max": 0.109173864126,
        "mean": 0.0511161386967,
        "median": 0.0523944832385,
        "min": 3.02549919661e-15,
        "var": 0.000345217558788
    },
    "spectral_energyband_high": {
        "dmean": 0.00157246633898,
        "dmean2": 0.00238218670711,
        "dvar": 9.2808431873e-06,
        "dvar2": 2.17968645302e-05,
        "max": 0.0302863102406,
        "mean": 0.00482126884162,
        "median": 0.00133366091177,
        "min": 2.35250716781e-15,
        "var": 3.30333386955e-05
    },
    "spectral_energyband_low": {
        "dmean": 0.00936212483793,
        "dmean2": 0.0168878957629,
        "dvar": 0.000107518746518,
        "dvar2": 0.000314861332299,
        "max": 0.0884493887424,
        "mean": 0.0155441397801,
        "median": 0.0134495152161,
        "min": 7.0977330956e-17,
        "var": 0.000206275275559
    },
    "spectral_energyband_middle_high": {
        "dmean": 0.00127785524819,
        "dmean2": 0.00198118109256,
        "dvar": 2.74373610409e-06,
        "dvar2": 7.01462249708e-06,
        "max": 0.0274121016264,
        "mean": 0.00462758727372,
        "median": 0.00404546782374,
        "min": 5.30431407449e-16,
        "var": 9.8696891655e-06
    },
    "spectral_energyband_middle_low": {
        "dmean": 0.00651061115786,
        "dmean2": 0.0110501274467,
        "dvar": 3.92274669139e-05,
        "dvar2": 0.000119526455819,
        "max": 0.0810828208923,
        "mean": 0.0251455940306,
        "median": 0.0237337369472,
        "min": 3.61107152248e-17,
        "var": 0.000105966333649
    },
    "spectral_entropy": {
        "dmean": 0.156480133533,
        "dmean2": 0.250567138195,
        "dvar": 0.0508506856859,
        "dvar2": 0.136491522193,
        "max": 8.76570034027,
        "mean": 7.20634269714,
        "median": 7.60291671753,
        "min": 3.83958745003,
        "var": 1.35084700584
    },
    "spectral_flux": {
        "dmean": 0.0215089824051,
        "dmean2": 0.0349493473768,
        "dvar": 0.000437566457549,
        "dvar2": 0.00107743625995,
        "max": 0.297413855791,
        "mean": 0.106615163386,
        "median": 0.109129115939,
        "min": 1.66658410308e-05,
        "var": 0.00172162009403
    },
    "spectral_kurtosis": {
        "dmean": 10.297961235,
        "dmean2": 17.7036857605,
        "dvar": 617.376831055,
        "dvar2": 1737.52331543,
        "max": 414.318145752,
        "mean": 35.0911102295,
        "median": 2.87614583969,
        "min": -0.379243850708,
        "var": 4503.76074219
    },
    "spectral_rms": {
        "dmean": 0.000816715415567,
        "dmean2": 0.00141123658977,
        "dvar": 4.72589107403e-07,
        "dvar2": 1.37629297114e-06,
        "max": 0.010320420377,
        "mean": 0.00692601408809,
        "median": 0.00714958552271,
        "min": 1.7180531442e-09,
        "var": 1.89952788787e-06
    },
    "spectral_rolloff": {
        "dmean": 1230.98840332,
        "dmean2": 2073.92260742,
        "dvar": 4498418.5,
        "dvar2": 10895005,
        "max": 17377.2949219,
        "mean": 2542.10571289,
        "median": 796.728515625,
        "min": 64.599609375,
        "var": 8459996
    },
    "spectral_skewness": {
        "dmean": 0.560893416405,
        "dmean2": 0.959435880184,
        "dvar": 1.06936788559,
        "dvar2": 3.17050743103,
        "max": 16.8598423004,
        "mean": 3.23056817055,
        "median": 1.6075284481,
        "min": 0.492343217134,
        "var": 10.5707063675
    },
    "spectral_spread": {
        "dmean": 651658.4375,
        "dmean2": 993087.25,
        "dvar": 913540644864,
        "dvar2": 1.81154362163e+12,
        "max": 14213203,
        "mean": 5557518.5,
        "median": 6301479.5,
        "min": 189586.5625,
        "var": 1.46526940692e+13
    },
    "spectral_strongpeak": {
        "dmean": 0.523290812969,
        "dmean2": 0.937360286713,
        "dvar": 0.483693122864,
        "dvar2": 1.30670726299,
        "max": 6.8017449379,
        "mean": 0.96032345295,
        "median": 0.480682134628,
        "min": 0,
        "var": 1.13657391071
    },
    "zerocrossingrate": {
        "dmean": 0.0134973553941,
        "dmean2": 0.0160967279226,
        "dvar": 0.000378014810849,
        "dvar2": 0.000498341280036,
        "max": 0.5283203125,
        "mean": 0.0877409130335,
        "median": 0.056640625,
        "min": 0.0048828125,
        "var": 0.00484252534807
    },
    "barkbands": {
        "dmean": [0.0041927001439, 0.00668789446354, 0.000826412579045, 0.00130091456231, 0.0022601285018, 0.00291507784277, 0.00163705577143, 0.000718563154805, 0.00162839435507, 0.000785608775914, 0.000319807557389, 0.000225733907428, 0.00015566482034, 0.000151525222464, 0.000159489238285, 0.000132216300699, 0.000127805455122, 0.000122781086247, 0.000140428208397, 0.000176077097422, 0.000230469027883, 0.00025697183446, 0.000238297099713, 0.000267060589977, 0.000395800598199, 0.000547604635358, 0.000148452803842],
        "dmean2": [0.00763325532898, 0.0118047250435, 0.00150641915388, 0.00238801282831, 0.00398146826774, 0.00493744667619, 0.00270673260093, 0.00112837145571, 0.00234688073397, 0.00114618206862, 0.000478054076666, 0.000355054507963, 0.000240800407482, 0.000240923764068, 0.000251386227319, 0.000211621547351, 0.000208587633097, 0.000198015477508, 0.000230875288253, 0.000280702573946, 0.000377866817871, 0.000417891191319, 0.000395034934627, 0.000428643339546, 0.000604675966315, 0.000857287202962, 0.000240407272941],
        "dvar": [2.25397325266e-05, 6.88948057359e-05, 3.56797795575e-06, 1.09115835585e-05, 1.23187373902e-05, 1.18262578326e-05, 5.88122520639e-06, 1.63378342677e-06, 4.66911706098e-06, 1.90594278138e-06, 2.5168975526e-07, 1.17941382882e-07, 5.91915068071e-08, 5.10783983998e-08, 6.48282849625e-08, 4.70094754235e-08, 4.62188189942e-08, 4.23767012592e-08, 7.97552601739e-08, 9.83336434501e-08, 1.68030510395e-07, 1.98613022917e-07, 1.97390804146e-07, 1.97828327941e-07, 6.0322651052e-07, 1.47796947658e-06, 8.95101450737e-08],
        "dvar2": [7.11058310117e-05, 0.000193448213395, 1.04959171949e-05, 3.23541935359e-05, 3.73123657482e-05, 3.63156686944e-05, 1.60533363669e-05, 4.16459351982e-06, 9.44726252783e-06, 4.34028515883e-06, 5.14916166594e-07, 2.64037055331e-07, 1.14621535374e-07, 1.14847608756e-07, 1.50203462113e-07, 1.13388381351e-07, 1.21196833902e-07, 1.03438573262e-07, 2.12044270143e-07, 2.41509923171e-07, 4.21863745714e-07, 4.99073678384e-07, 5.30351599082e-07, 4.93303048188e-07, 1.38949769735e-06, 3.54987082574e-06, 2.33588053788e-07],
        "max": [0.0422241091728, 0.071764446795, 0.0301706455648, 0.0441312864423, 0.069701500237, 0.0680423974991, 0.0446169599891, 0.0546420402825, 0.0463539473712, 0.0280635543168, 0.0168444793671, 0.0103061432019, 0.00991007592529, 0.00633388478309, 0.00452759861946, 0.00414288649336, 0.0032949896995, 0.00258514704183, 0.00375318038277, 0.00698040192947, 0.00576535100117, 0.008609643206, 0.00745624676347, 0.00549172237515, 0.00840457156301, 0.0124338930473, 0.00374323502183],
        "mean": [0.00765451649204, 0.00834003929049, 0.00103206129279, 0.00189431023318, 0.00531536899507, 0.00746450247243, 0.0033149602823, 0.00163080007769, 0.00444692699239, 0.00200655707158, 0.000660317018628, 0.000428647763329, 0.000314613571391, 0.000300745770801, 0.000307854148559, 0.000252535741311, 0.000244967028266, 0.000250677316217, 0.000270095479209, 0.000391170731746, 0.000534217455424, 0.000619124330115, 0.00056495948229, 0.000710181309842, 0.000923865300138, 0.000955112918746, 0.000286878290353],
        "median": [0.0060630873777, 0.00468905642629, 0.000408443971537, 0.000714122375939, 0.00321005680598, 0.00510842353106, 0.00184721406549, 0.000892318203114, 0.00282720476389, 0.00106171576772, 0.000379207805963, 0.000257066159975, 0.000183446070878, 0.000179575668881, 0.000182025847607, 0.000136395581649, 0.000111373556138, 9.60957113421e-05, 8.9555818704e-05, 0.000108186191937, 0.000107325060526, 0.000155228961376, 0.000167574136867, 0.000187874495168, 0.000186739678611, 0.000131963475724, 1.19842588902e-05],
        "min": [3.60809069442e-17, 3.9101869803e-17, 1.14931336353e-17, 4.21126004375e-18, 9.21171987505e-18, 8.1685905287e-18, 8.75258624501e-19, 2.11401970124e-18, 9.61186684201e-18, 1.57605319457e-17, 4.43719565995e-17, 1.19589736322e-17, 4.03074855457e-17, 2.92671720845e-17, 4.26339078575e-17, 3.28867258478e-17, 3.62071711017e-17, 1.67450062457e-16, 7.78412756789e-17, 5.92209901041e-17, 1.71024091508e-16, 1.64280332819e-16, 1.78645045458e-16, 2.58475677275e-16, 3.92535131851e-16, 4.87167558542e-16, 6.91276770204e-16],
        "var": [5.95301680733e-05, 0.000109687403892, 3.52253414349e-06, 1.18246889542e-05, 3.77778487746e-05, 5.28099772055e-05, 1.79471899173e-05, 6.24028052698e-06, 2.13711464312e-05, 8.28743031889e-06, 9.99109261102e-07, 3.18800061905e-07, 2.50305532745e-07, 1.50124080278e-07, 1.54488333237e-07, 1.10561245492e-07, 1.10539097875e-07, 1.12765718541e-07, 1.57032545189e-07, 3.27745198092e-07, 5.84463464293e-07, 7.08333118382e-07, 5.68900702547e-07, 7.73811109411e-07, 1.51960477979e-06, 2.2137421638e-06, 1.89043973364e-07]
    },
    "erbbands": {
        "dmean": [0.409471839666, 0.864775598049, 0.84118771553, 2.80912566185, 5.72584581375, 8.23227310181, 18.0179977417, 23.3345355988, 28.4645004272, 11.4788293839, 24.6936588287, 38.2588844299, 27.4183425903, 14.8161344528, 10.1529693604, 9.3088092804, 7.02947711945, 7.97115898132, 7.45454406738, 6.6933722496, 6.22779273987, 6.30160999298, 6.50283956528, 7.0057349205, 7.66337871552, 7.59873867035, 8.75340557098, 10.3562240601, 9.89364624023, 7.76746559143, 6.22791194916, 6.12891626358, 5.12127542496, 4.56589174271, 3.29156017303, 2.6550924778, 0.880125105381, 0.244080543518, 0.0256623663008, 0.000360241741873],
        "dmean2": [0.723000526428, 1.55230760574, 1.55180680752, 5.17247962952, 9.99561786652, 14.7568178177, 30.7841281891, 39.4863166809, 48.5796928406, 17.7047100067, 37.2198905945, 55.1649627686, 39.6156768799, 21.7630214691, 15.8243551254, 14.4646501541, 10.8216133118, 12.4561033249, 12.01034832, 10.4718589783, 9.955037117, 10.2916975021, 10.3175201416, 11.497220993, 12.6932182312, 12.2364292145, 14.2653598785, 16.9381656647, 16.2098026276, 12.6043386459, 10.2885103226, 10.0563440323, 8.244805336, 7.28559446335, 5.01211023331, 4.15848731995, 1.39572834969, 0.398075699806, 0.0418606586754, 0.000584680004977],
        "dvar": [0.225580170751, 1.68599665165, 2.27551436424, 54.4182167053, 111.393241882, 156.564208984, 644.29498291, 911.118408203, 1909.1986084, 566.407470703, 1548.92456055, 2851.1015625, 2381.45385742, 508.972747803, 261.339782715, 218.077285767, 117.420272827, 146.253219604, 150.003982544, 101.442733765, 88.6130065918, 116.468948364, 123.98109436, 159.188400269, 247.381759644, 184.545516968, 295.132202148, 337.678344727, 293.036010742, 189.546401978, 131.821273804, 105.78691864, 74.6889953613, 72.343711853, 41.2853775024, 34.1539611816, 3.44137644768, 0.28350636363, 0.00265716132708, 5.13275324465e-07],
        "dvar2": [0.615517318249, 5.13352966309, 6.92210865021, 159.458511353, 324.260162354, 477.551940918, 2002.46142578, 2766.56054688, 5603.28369141, 1425.1583252, 3353.73608398, 5511.29248047, 5418.19335938, 1112.39038086, 583.713989258, 460.448638916, 226.559463501, 317.357543945, 369.720428467, 234.035949707, 213.66166687, 307.081726074, 296.338409424, 400.547912598, 662.008239746, 456.264526367, 757.300109863, 870.080932617, 735.00793457, 474.097167969, 360.716827393, 282.605163574, 187.602035522, 180.241958618, 92.9067153931, 78.6331100464, 8.47856044769, 0.743746995926, 0.00690167304128, 1.32447792112e-06],
        "max": [4.29154062271, 14.7708101273, 23.5660266876, 97.8962936401, 212.310211182, 221.20475769, 579.633911133, 558.415100098, 806.578552246, 892.886108398, 1147.04626465, 1274.73242188, 1102.75073242, 737.198913574, 519.817321777, 505.995880127, 450.182373047, 354.146881104, 250.553878784, 169.407028198, 145.974227905, 135.081695557, 151.44934082, 223.935516357, 193.719497681, 303.721740723, 293.788299561, 267.943664551, 256.839996338, 235.475463867, 237.773010254, 149.051589966, 97.7559814453, 85.5289154053, 66.3961715698, 54.2437210083, 20.1788196564, 6.36907863617, 0.684559881687, 0.00934213586152],
        "mean": [0.49852848053, 0.949220120907, 1.18582248688, 4.03016376495, 12.4701757431, 17.2500991821, 45.7883796692, 55.7602081299, 55.3479919434, 30.2979011536, 62.0818099976, 104.152420044, 75.6457595825, 36.6871871948, 20.506855011, 18.6986312866, 15.583855629, 17.2755184174, 15.6567687988, 14.852599144, 13.6915998459, 12.8575801849, 13.542429924, 14.3613033295, 14.7978715897, 17.1459579468, 18.9379730225, 23.8621616364, 23.3444690704, 18.6503295898, 15.3413982391, 14.1970300674, 12.4283323288, 10.0358705521, 6.87711048126, 4.38514709473, 1.56064736843, 0.487044006586, 0.0477731376886, 0.00076593470294],
        "median": [0.296334475279, 0.49314597249, 0.619999170303, 1.87497973442, 5.47914791107, 10.2289447784, 26.2501392365, 37.1832389832, 33.3224601746, 15.8893156052, 32.6481170654, 62.7484817505, 45.9810180664, 23.5005912781, 13.0048332214, 11.4587430954, 10.1639499664, 11.0118026733, 10.3402462006, 9.64098358154, 8.28762340546, 6.09960889816, 5.13570642471, 4.8775100708, 5.51104974747, 4.65749979019, 3.63324141502, 5.38743114471, 5.34478378296, 5.6177444458, 4.27720785141, 3.35011863708, 3.10231232643, 2.1422522068, 1.2012616396, 0.638017356396, 0.213742166758, 0.038931068033, 0.00211546127684, 0.00011910579633],
        "min": [1.66865469433e-15, 6.94352886819e-15, 1.38200040672e-14, 1.47168044353e-14, 1.49708651915e-14, 3.44757588363e-14, 6.56905289171e-14, 6.20868374074e-14, 2.43814520575e-14, 9.38914083878e-15, 8.76606120049e-14, 2.2181398157e-13, 2.79184688605e-13, 1.13028488478e-12, 1.5773593369e-12, 4.97555555784e-13, 1.66750673599e-12, 1.77156575e-12, 2.10603930129e-12, 2.41501024907e-12, 1.09787667239e-12, 2.25178100992e-12, 6.17336043396e-12, 9.50237631636e-12, 1.97346652908e-12, 3.41229540284e-12, 6.27769667846e-12, 6.34673867281e-12, 6.74424145003e-12, 3.99480535457e-12, 5.84557315747e-12, 4.04265032908e-12, 5.72215322001e-12, 4.4604849328e-12, 3.09570598322e-12, 1.1906208441e-12, 1.07310774849e-12, 4.2782739699e-13, 9.52344147011e-14, 1.04247284023e-14],
        "var": [0.381206423044, 1.86801707745, 3.00592684746, 46.9221115112, 358.760864258, 431.39654541, 3033.38476562, 3392.8425293, 4324.83447266, 2063.09350586, 7103.15429688, 12660.8691406, 10148.2988281, 1849.53344727, 704.648193359, 640.332519531, 495.411010742, 461.168731689, 333.742279053, 291.122680664, 259.182067871, 280.284820557, 333.04977417, 403.329711914, 448.972564697, 601.220581055, 845.124450684, 1139.95373535, 1017.85864258, 614.33013916, 416.579040527, 336.527404785, 241.039001465, 174.419326782, 94.6297073364, 51.9833145142, 5.43407726288, 0.49560135603, 0.00548298610374, 1.10302175926e-06]
    },
    "gfcc": {
        "mean": [15.1426200867, 98.491607666, -93.9574050903, -8.73941326141, -64.0182113647, -4.54502296448, -33.5768737793, 4.94120502472, -17.8884487152, 3.30318713188, -14.9543199539, 2.76670742035, -1.99533057213],
        "cov": [[15594.5380859, -9943.55566406, 3278.39648438, 4676.17529297, 262.527374268, 3076.59521484, -122.653671265, 1361.0559082, -392.979431152, 1373.49536133, -331.530731201, 1273.09521484, -644.101318359], [-9943.55566406, 7772.53173828, -2178.78491211, -2629.65234375, 212.312683105, -1860.57397461, 120.917243958, -909.904968262, 260.132720947, -982.618713379, 288.049621582, -834.863952637, 430.918243408], [3278.39648438, -2178.78491211, 1061.84985352, 987.540283203, 139.118469238, 732.420410156, -17.9302787781, 333.6512146, -81.1287384033, 332.986846924, -90.8579406738, 290.441680908, -164.193145752], [4676.17529297, -2629.65234375, 987.540283203, 1906.41503906, 215.421981812, 1080.56774902, -35.0292549133, 412.416137695, -115.197792053, 389.238067627, -58.9948692322, 407.303436279, -184.155914307], [262.527374268, 212.312683105, 139.118469238, 215.421981812, 315.388458252, 114.030860901, 68.9480819702, 54.4841423035, 8.56680202484, 33.3502349854, 45.0449256897, 40.5962028503, -17.0185546875], [3076.59521484, -1860.57397461, 732.420410156, 1080.56774902, 114.030860901, 779.761230469, -9.71256637573, 304.428100586, -75.4532775879, 272.988189697, -69.9293746948, 266.608337402, -138.906311035], [-122.653671265, 120.917243958, -17.9302787781, -35.0292549133, 68.9480819702, -9.71256637573, 110.946037292, 35.230758667, 32.1387710571, 16.2123889923, 27.5388965607, 4.74935054779, 11.4044160843], [1361.0559082, -909.904968262, 333.6512146, 412.416137695, 54.4841423035, 304.428100586, 35.230758667, 208.71685791, 6.95423030853, 158.002944946, -13.9641551971, 127.861412048, -57.043422699], [-392.979431152, 260.132720947, -81.1287384033, -115.197792053, 8.56680202484, -75.4532775879, 32.1387710571, 6.95423030853, 89.2004776001, -2.44340133667, 39.0605049133, -29.5121612549, 27.3114585876], [1373.49536133, -982.618713379, 332.986846924, 389.238067627, 33.3502349854, 272.988189697, 16.2123889923, 158.002944946, -2.44340133667, 218.625305176, 8.7008972168, 145.830612183, -51.9744377136], [-331.530731201, 288.049621582, -90.8579406738, -58.9948692322, 45.0449256897, -69.9293746948, 27.5388965607, -13.9641551971, 39.0605049133, 8.7008972168, 96.4943695068, 10.3275175095, 30.1715126038], [1273.09521484, -834.863952637, 290.441680908, 407.303436279, 40.5962028503, 266.608337402, 4.74935054779, 127.861412048, -29.5121612549, 145.830612183, 10.3275175095, 171.976959229, -24.648431778], [-644.101318359, 430.918243408, -164.193145752, -184.155914307, -17.0185546875, -138.906311035, 11.4044160843, -57.043422699, 27.3114585876, -51.9744377136, 30.1715126038, -24.648431778, 88.9281692505]],
        "icov": [[0.00104665465187, 0.000766977609601, 4.23932287958e-05, -0.000835865619592, -0.000600913714152, -0.000475598848425, 0.000312988471705, -0.000340736558428, 0.000305141467834, -0.000205544056371, 0.000437120150309, -0.000715893285815, 0.000534480379429], [0.000766977609601, 0.00153191189747, 0.000437624839833, -0.000309003720758, -0.0018032072112, -0.000552878249437, 0.000167324644281, 0.000809864024632, -0.000418054667534, 0.00145042862277, -0.00103540532291, 0.00107576535083, -0.00078496907372], [4.23932287958e-05, 0.000437624839833, 0.00421571917832, 0.000583257176913, -0.00199779658578, -0.00181312812492, 0.00137633178383, -0.000587475253269, -0.000385020655813, -0.00143068644684, 0.00234745652415, -0.0018030104693, 0.00139611272607], [-0.000835865619592, -0.000309003720758, 0.000583257176913, 0.00360800279304, -0.00076403451385, -0.00336756114848, 0.000976886716671, 0.000632630952168, -0.000241554473178, 0.000615250552073, -0.00124152959324, -0.000486815057229, -0.000414069741964], [-0.000600913714152, -0.0018032072112, -0.00199779658578, -0.00076403451385, 0.00738065922633, 0.000605193898082, -0.0034685858991, -0.000883094966412, 0.00135301158298, -0.000357136188541, -0.00210373103619, -0.000189698243048, 0.00138761114795], [-0.000475598848425, -0.000552878249437, -0.00181312812492, -0.00336756114848, 0.000605193898082, 0.0111950524151, -0.000492030987516, -0.00389160891064, 0.000486760924105, 0.000305420020595, 0.00299598206766, -0.00273722386919, 0.00233619869687], [0.000312988471705, 0.000167324644281, 0.00137633178383, 0.000976886716671, -0.0034685858991, -0.000492030987516, 0.0142176896334, -0.005539836362, -0.00106621161103, -0.00101150607225, -0.000244243943598, -0.000296375859762, -0.00105190626346], [-0.000340736558428, 0.000809864024632, -0.000587475253269, 0.000632630952168, -0.000883094966412, -0.00389160891064, -0.005539836362, 0.0220859926194, -0.00947840046138, -0.00227239588276, 0.00233523105271, -0.0035946785938, 0.00225724023767], [0.000305141467834, -0.000418054667534, -0.000385020655813, -0.000241554473178, 0.00135301158298, 0.000486760924105, -0.00106621161103, -0.00947840046138, 0.0229375958443, -0.0042683230713, -0.00764841213822, 0.010084496811, -0.00604829890653], [-0.000205544056371, 0.00145042862277, -0.00143068644684, 0.000615250552073, -0.000357136188541, 0.000305420020595, -0.00101150607225, -0.00227239588276, -0.0042683230713, 0.0192695781589, -0.00575467338786, -0.00556445820257, 0.00217945151962], [0.000437120150309, -0.00103540532291, 0.00234745652415, -0.00124152959324, -0.00210373103619, 0.00299598206766, -0.000244243943598, 0.00233523105271, -0.00764841213822, -0.00575467338786, 0.0239539183676, -0.0125874150544, 0.00312259537168], [-0.000715893285815, 0.00107576535083, -0.0018030104693, -0.000486815057229, -0.000189698243048, -0.00273722386919, -0.000296375859762, -0.0035946785938, 0.010084496811, -0.00556445820257, -0.0125874150544, 0.0326527021825, -0.0143430149183], [0.000534480379429, -0.00078496907372, 0.00139611272607, -0.000414069741964, 0.00138761114795, 0.00233619869687, -0.00105190626346, 0.00225724023767, -0.00604829890653, 0.00217945151962, 0.00312259537168, -0.0143430149183, 0.0242341440171]]
    },
    "melbands": {
        "dmean": [0.00276669440791, 0.000588410766795, 0.000533230428118, 0.000507058575749, 0.000537728890777, 0.000551436154637, 0.000391961686546, 0.000113109737867, 0.00024258645135, 0.000245531875407, 0.000135790454806, 6.39739446342e-05, 3.54502153641e-05, 2.42902060563e-05, 2.27582459047e-05, 1.68130281963e-05, 1.63932745636e-05, 1.20008235172e-05, 1.2385201444e-05, 1.13362548291e-05, 7.27089627617e-06, 7.93818799139e-06, 5.75894409849e-06, 5.82979646424e-06, 6.20284845354e-06, 6.08438313066e-06, 6.34216166873e-06, 5.627021892e-06, 5.9462840909e-06, 5.91787011217e-06, 7.07605158823e-06, 6.98235953678e-06, 4.66354140372e-06, 4.96760821989e-06, 3.93899244955e-06, 4.61710669697e-06, 3.89277010981e-06, 3.80211827178e-06, 4.44503348263e-06, 4.25858024755e-06],
        "dmean2": [0.0049386844039, 0.00108496798202, 0.000952717557084, 0.000901674327906, 0.000920345366467, 0.000938947487157, 0.000660444726236, 0.000174367596628, 0.000362310151104, 0.000352588336682, 0.000197470915737, 9.39026285778e-05, 5.47117851966e-05, 3.84789236705e-05, 3.53912691935e-05, 2.55986160482e-05, 2.56496532529e-05, 1.94893618755e-05, 1.92935385712e-05, 1.82837120519e-05, 1.16812925626e-05, 1.30142898342e-05, 9.21297123568e-06, 9.37692220759e-06, 1.02356734715e-05, 9.99038911687e-06, 1.05989747681e-05, 9.08491165319e-06, 9.64159698924e-06, 9.84268535831e-06, 1.16998744488e-05, 1.16358951345e-05, 7.38490734875e-06, 8.09306766314e-06, 6.47152182864e-06, 7.79156653152e-06, 6.37502716927e-06, 6.23023606749e-06, 7.34795457902e-06, 6.84573842591e-06],
        "dvar": [1.01122386695e-05, 7.87238263911e-07, 1.54507915795e-06, 7.02004342656e-07, 5.13104566835e-07, 4.3569187369e-07, 3.30310655272e-07, 6.73969751119e-08, 1.57450827487e-07, 1.24838365423e-07, 6.05686452104e-08, 9.87057724444e-09, 2.85879631079e-09, 1.66130220691e-09, 1.03767994197e-09, 8.70366723138e-10, 6.93771096127e-10, 4.11384315502e-10, 4.26015417387e-10, 3.86756265902e-10, 1.27742136313e-10, 1.88533577639e-10, 9.25923018813e-11, 9.9508123963e-11, 1.28331956173e-10, 1.43253048313e-10, 1.52830734179e-10, 1.05474906587e-10, 1.55189902595e-10, 1.14147843955e-10, 1.73664943537e-10, 1.55785384592e-10, 6.48146120108e-11, 8.4634993458e-11, 5.15783735167e-11, 6.40129199647e-11, 4.3442704295e-11, 4.1116193783e-11, 6.62474380908e-11, 6.01156138758e-11],
        "dvar2": [2.87018428935e-05, 2.48824449045e-06, 4.4520852498e-06, 2.15904697143e-06, 1.59939850164e-06, 1.34363585857e-06, 9.50433047819e-07, 1.78553520414e-07, 3.33541180453e-07, 2.37278456439e-07, 1.38118593895e-07, 2.15882494103e-08, 6.4087561924e-09, 3.89459708927e-09, 2.16174611545e-09, 1.51549062188e-09, 1.47426881814e-09, 1.01877539738e-09, 9.14939790597e-10, 9.44466727049e-10, 3.0866317835e-10, 4.95231022857e-10, 2.31691374419e-10, 2.40861108836e-10, 3.24485716074e-10, 3.76035119709e-10, 4.0489928077e-10, 2.58622984139e-10, 3.9385786299e-10, 3.02510821948e-10, 4.54440207687e-10, 4.00482563778e-10, 1.57646201648e-10, 2.15070350418e-10, 1.37555522528e-10, 1.79775944131e-10, 1.14930981399e-10, 1.05508705939e-10, 1.74872019643e-10, 1.51400808557e-10],
        "max": [0.0280011147261, 0.0109239667654, 0.0166465807706, 0.01580205746, 0.0149700976908, 0.0107459397987, 0.0103909429163, 0.0114218518138, 0.0100796846673, 0.00860186293721, 0.0054469211027, 0.00280092400499, 0.00151763984468, 0.00126930046827, 0.000720622367226, 0.00135274976492, 0.000805372896139, 0.000424288329668, 0.000478881498566, 0.000439503928646, 0.000183809665032, 0.000183001320693, 0.000119971125969, 0.000159573071869, 0.000209830119275, 0.000195676097064, 0.000141619384522, 0.000218082932406, 0.000263758178335, 0.000138143936056, 0.000220077723498, 0.000212025362998, 0.000122798097436, 0.00015768231242, 0.000142563221743, 0.00015962618636, 9.17143479455e-05, 7.42997581256e-05, 8.28468619147e-05, 7.88931283751e-05],
        "mean": [0.0037844160106, 0.000789180921856, 0.000940951809753, 0.00107046181802, 0.00140698277391, 0.00133508641738, 0.000797043030616, 0.000285102985799, 0.000582825625315, 0.000660475518089, 0.000361304497346, 0.000150326959556, 7.03974947101e-05, 4.71335224574e-05, 4.37994931417e-05, 3.34469441441e-05, 3.23802232742e-05, 2.32621059695e-05, 2.37303556787e-05, 2.03641575354e-05, 1.47147948155e-05, 1.44588102557e-05, 1.14295044114e-05, 1.14916956591e-05, 1.15206539704e-05, 1.07440037027e-05, 1.11110157377e-05, 1.1441668903e-05, 1.1737697605e-05, 1.18598209156e-05, 1.4430954252e-05, 1.47000300785e-05, 9.91747765511e-06, 1.04289856608e-05, 8.65575111675e-06, 9.10340713745e-06, 8.34043930809e-06, 8.49563366501e-06, 8.56184578879e-06, 8.56027781992e-06],
        "median": [0.00273862946779, 0.000498977839015, 0.000480436574435, 0.000619019381702, 0.000863403489348, 0.00094361952506, 0.000484031537781, 0.000137146678753, 0.000280307373032, 0.000385105435271, 0.000209559206269, 8.95087432582e-05, 4.40460025857e-05, 2.96257476293e-05, 2.53357611655e-05, 1.75128443516e-05, 1.86019588e-05, 1.46284764924e-05, 1.30228108901e-05, 1.03768043118e-05, 8.58121529745e-06, 6.54582117932e-06, 4.42870441475e-06, 4.71806470159e-06, 3.5544946968e-06, 3.62121500075e-06, 3.62154946743e-06, 2.57171359408e-06, 2.13171642827e-06, 2.3502084332e-06, 3.29658655573e-06, 2.89482659355e-06, 2.49604477176e-06, 3.28573105435e-06, 2.2472204364e-06, 2.10067628359e-06, 1.91374624592e-06, 1.93863638742e-06, 1.89426464203e-06, 1.6429983134e-06],
        "min": [1.46271141811e-17, 8.05007291771e-18, 2.54771835461e-18, 1.64557098353e-18, 2.23559953485e-18, 1.40796914284e-18, 3.1833624529e-19, 1.26760737209e-19, 8.79624483774e-19, 1.40983278076e-18, 1.33907223564e-18, 4.24024155728e-18, 5.97772657573e-18, 1.73249877372e-18, 2.08852682194e-18, 4.38152400591e-18, 2.92059152242e-18, 3.22987021755e-18, 2.92737647139e-18, 3.2320696908e-18, 7.70644110155e-19, 1.19624451024e-18, 5.48861095722e-18, 7.45384278654e-18, 8.18317951316e-18, 1.40271085908e-18, 1.44257931025e-18, 2.04255129631e-18, 4.3206956252e-18, 2.47465225034e-18, 4.42104959071e-18, 3.72865392306e-18, 3.12689553707e-18, 1.87518474105e-18, 3.38997971051e-18, 2.54260803279e-18, 2.35122883793e-18, 4.73724062062e-18, 1.78356394165e-18, 4.60232704913e-18],
        "var": [1.69991089933e-05, 1.00835097783e-06, 2.00754720936e-06, 1.67623318248e-06, 2.42989221988e-06, 1.58412296969e-06, 8.43668431116e-07, 2.19722068096e-07, 7.00111343122e-07, 5.5528056464e-07, 2.55247840641e-07, 3.44799211405e-08, 8.42827052594e-09, 3.92930665782e-09, 3.29275717803e-09, 4.07568778726e-09, 2.10056061434e-09, 8.36350655398e-10, 1.09340736465e-09, 8.22542423062e-10, 3.43926137569e-10, 4.06528671837e-10, 2.40279823815e-10, 2.42501185799e-10, 2.91244250938e-10, 2.60859112089e-10, 2.81214107556e-10, 2.91244584005e-10, 3.78152203995e-10, 3.14985509897e-10, 4.56583826303e-10, 4.3645062564e-10, 1.9219091596e-10, 2.13164985663e-10, 1.41180470092e-10, 1.56971172172e-10, 1.26154225955e-10, 1.23141608022e-10, 1.32958893895e-10, 1.34359898207e-10]
    },
    "mfcc": {
        "mean": [-637.774902344, 143.765518188, 17.055229187, 0.464709818363, -8.87400150299, -8.03092479706, -9.59139442444, -3.2809047699, 0.771293818951, 0.88994371891, -2.90786290169, -5.15680503845, -3.58748984337],
        "cov": [[12070.8945312, -7711.92626953, 1786.46240234, 2239.32373047, 1352.23596191, 1698.21679688, 1291.56665039, 778.835693359, 614.208496094, 222.020370483, 634.868896484, 652.419555664, 444.036682129], [-7711.92626953, 6069.23632812, -1363.1315918, -1043.27062988, -566.430053711, -870.356384277, -649.428161621, -362.873962402, -396.529083252, -142.295089722, -379.765411377, -374.762359619, -259.782836914], [1786.46240234, -1363.1315918, 535.394165039, 255.944519043, 185.560592651, 254.910003662, 174.345108032, 100.413421631, 124.416015625, 34.2344512939, 115.868965149, 95.3714981079, 71.2499465942], [2239.32373047, -1043.27062988, 255.944519043, 803.661865234, 425.595367432, 469.011413574, 338.791412354, 223.373641968, 115.702560425, 46.3174781799, 131.095962524, 151.856338501, 108.640815735], [1352.23596191, -566.430053711, 185.560592651, 425.595367432, 354.978912354, 302.889648438, 224.523956299, 147.563964844, 78.9791030884, 30.4444332123, 97.118057251, 93.8768997192, 61.4952812195], [1698.21679688, -870.356384277, 254.910003662, 469.011413574, 302.889648438, 392.905426025, 261.02746582, 158.269577026, 99.0894241333, 32.2026481628, 104.313949585, 106.596916199, 78.6548309326], [1291.56665039, -649.428161621, 174.345108032, 338.791412354, 224.523956299, 261.02746582, 246.400863647, 140.08895874, 78.2489776611, 29.0144958496, 91.8713226318, 89.5119018555, 69.9592819214], [778.835693359, -362.873962402, 100.413421631, 223.373641968, 147.563964844, 158.269577026, 140.08895874, 133.702392578, 66.33152771, 25.5656356812, 53.0224761963, 59.8869132996, 43.0423088074], [614.208496094, -396.529083252, 124.416015625, 115.702560425, 78.9791030884, 99.0894241333, 78.2489776611, 66.33152771, 103.022476196, 41.6019630432, 42.1105270386, 38.4565353394, 36.4953689575], [222.020370483, -142.295089722, 34.2344512939, 46.3174781799, 30.4444332123, 32.2026481628, 29.0144958496, 25.5656356812, 41.6019630432, 73.018119812, 39.1037940979, 16.5418815613, 14.7791509628], [634.868896484, -379.765411377, 115.868965149, 131.095962524, 97.118057251, 104.313949585, 91.8713226318, 53.0224761963, 42.1105270386, 39.1037940979, 119.48840332, 73.31224823, 40.9786453247], [652.419555664, -374.762359619, 95.3714981079, 151.856338501, 93.8768997192, 106.596916199, 89.5119018555, 59.8869132996, 38.4565353394, 16.5418815613, 73.31224823, 102.707130432, 59.6276168823], [444.036682129, -259.782836914, 71.2499465942, 108.640815735, 61.4952812195, 78.6548309326, 69.9592819214, 43.0423088074, 36.4953689575, 14.7791509628, 40.9786453247, 59.6276168823, 86.6445846558]],
