{
"lowlevel": {
    "average_loudness": 0.880531430244,
    "barkbands_crest": {
        "dmean": 2.98644375801,
        "dmean2": 4.79254579544,
        "dvar": 8.74920558929,
        "dvar2": 21.7814235687,
        "max": 26.4741268158,
        "mean": 11.9038629532,
        "median": 11.0120658875,
        "min": 1.89692664146,
        "var": 28.7757663727
    },
    "barkbands_flatness_db": {
        "dmean": 0.0241665840149,
        "dmean2": 0.0385484918952,
        "dvar": 0.000782708229963,
        "dvar2": 0.00189965649042,
        "max": 0.908441662788,
        "mean": 0.155856415629,
        "median": 0.0900814682245,
        "min": 0.0147499637678,
        "var": 0.0249753985554
    },
    "barkbands_kurtosis": {
        "dmean": 3.90138745308,
        "dmean2": 6.17772865295,
        "dvar": 248.313522339,
        "dvar2": 589.595825195,
        "max": 690.44934082,
        "mean": 5.02747344971,
        "median": -0.616265177727,
        "min": -1.89743876457,
        "var": 453.853027344
    },
    "barkbands_skewness": {
        "dmean": 0.629323482513,
        "dmean2": 0.979234814644,
        "dvar": 0.762162327766,
        "dvar2": 1.79595553875,
        "max": 22.8411998749,
        "mean": 1.19858074188,
        "median": 0.797903180122,
        "min": -3.83785653114,
        "var": 3.03285193443
    },
    "barkbands_spread": {
        "dmean": 9.56945133209,
        "dmean2": 15.140378952,
        "dvar": 147.225265503,
        "dvar2": 363.218505859,
        "max": 126.313613892,
        "mean": 53.4384346008,
        "median": 63.7921066284,
        "min": 0.0607598535717,
        "var": 1148.73046875
    },
    "dissonance": {
        "dmean": 0.0194102134556,
        "dmean2": 0.0322425365448,
        "dvar": 0.00100389204454,
        "dvar2": 0.00264554307796,
        "max": 0.500000238419,
        "mean": 0.459860652685,
        "median": 0.477902472019,
        "min": 0.0729141831398,
        "var": 0.00285131577402
    },
    "dynamic_complexity": 2.20943212509,
    "erbbands_crest": {
        "dmean": 1.86853182316,
        "dmean2": 2.93083906174,
        "dvar": 3.61053824425,
        "dvar2": 8.44985580444,
        "max": 29.6714134216,
        "mean": 8.21452236176,
        "median": 6.74639987946,
        "min": 2.19391679764,
        "var": 21.6074943542
    },
    "erbbands_flatness_db": {
        "dmean": 0.0133032351732,
        "dmean2": 0.0200414694846,
        "dvar": 0.000242367255851,
        "dvar2": 0.000530138320755,
        "max": 0.59683406353,
        "mean": 0.145727902651,
        "median": 0.0921569317579,
        "min": 0.036967497319,
        "var": 0.0164057724178
    },
    "erbbands_kurtosis": {
        "dmean": 1.01175796986,
        "dmean2": 1.51805758476,
        "dvar": 4.97607469559,
        "dvar2": 11.3768968582,
        "max": 165.477050781,
        "mean": 1.09195768833,
        "median": -0.110267877579,
        "min": -1.90951228142,
        "var": 22.595041275
    },
    "erbbands_skewness": {
        "dmean": 0.331699430943,
        "dmean2": 0.482171952724,
        "dvar": 0.115051940084,
        "dvar2": 0.250479698181,
        "max": 8.58510780334,
        "mean": -0.156825304031,
        "median": -0.296985775232,
        "min": -2.72271990776,
        "var": 0.859608232975
    },
    "erbbands_spread": {
        "dmean": 8.3889169693,
        "dmean2": 12.9124355316,
        "dvar": 141.069824219,
        "dvar2": 316.499389648,
        "max": 231.591140747,
        "mean": 46.932258606,
        "median": 48.252746582,
        "min": 0.375162780285,
        "var": 766.42376709
    },
    "hfc": {
        "dmean": 20.8204593658,
        "dmean2": 31.3007659912,
        "dvar": 727.951965332,
        "dvar2": 1779.51049805,
        "max": 287.76361084,
        "mean": 81.3274536133,
        "median": 86.2940139771,
        "min": 1.07468906605e-16,
        "var": 3535.39575195
    },
    "melbands_crest": {
        "dmean": 3.9051194191,
        "dmean2": 6.08270645142,
        "dvar": 16.6370010376,
        "dvar2": 35.2061309814,
        "max": 35.6634635925,
        "mean": 19.4147815704,
        "median": 18.8712234497,
        "min": 1.58488810062,
        "var": 43.8622627258
    },
    "melbands_flatness_db": {
        "dmean": 0.033899936825,
        "dmean2": 0.0538902282715,
        "dvar": 0.00130264286418,
        "dvar2": 0.0032160799019,
        "max": 1,
        "mean": 0.234613239765,
        "median": 0.166984751821,
        "min": 0.00315825967118,
        "var": 0.032916020602
    },
    "melbands_kurtosis": {
        "dmean": 11.9492015839,
        "dmean2": 18.540430069,
        "dvar": 1488.72485352,
        "dvar2": 2677.70922852,
        "max": 1182.36047363,
        "mean": 20.3266983032,
        "median": 8.38063621521,
        "min": -1.64578974247,
        "var": 4022.35327148
    },
    "melbands_skewness": {
        "dmean": 0.957529067993,
        "dmean2": 1.49862706661,
        "dvar": 1.66602134705,
        "dvar2": 3.58505535126,
        "max": 30.5634593964,
        "mean": 3.08182191849,
        "median": 2.71234321594,
        "min": -2.75735831261,
        "var": 6.31803321838
    },
    "melbands_spread": {
        "dmean": 13.2269945145,
        "dmean2": 21.2015571594,
        "dvar": 291.047790527,
        "dvar2": 721.759765625,
        "max": 197.346618652,
        "mean": 36.9712104797,
        "median": 34.1305198669,
        "min": 0.137781962752,
        "var": 913.179626465
    },
    "pitch_salience": {
        "dmean": 0.0778588876128,
        "dmean2": 0.125151768327,
        "dvar": 0.00561557710171,
        "dvar2": 0.0139188216999,
        "max": 0.840276360512,
        "mean": 0.439974427223,
        "median": 0.437018930912,
        "min": 0.027146011591,
        "var": 0.0149021483958
    },
    "silence_rate_20dB": {
        "dmean": 0,
        "dmean2": 0,
        "dvar": 0,
        "dvar2": 0,
        "max": 1,
        "mean": 1,
        "median": 1,
        "min": 1,
        "var": 0
    },
    "silence_rate_30dB": {
        "dmean": 0.00838334765285,
        "dmean2": 0.0167682934552,
        "dvar": 0.00831160694361,
        "dvar2": 0.0218168199062,
        "max": 1,
        "mean": 0.992284238338,
        "median": 1,
        "min": 0,
        "var": 0.00765755586326
    },
    "silence_rate_60dB": {
        "dmean": 0.0013337143464,
        "dmean2": 0.00266768294387,
        "dvar": 0.00133205996826,
        "dvar2": 0.00266016810201,
        "max": 1,
        "mean": 0.0306725092232,
        "median": 0,
        "min": 0,
        "var": 0.0297314990312
    },
    "spectral_centroid": {
        "dmean": 278.794189453,
        "dmean2": 415.272949219,
        "dvar": 139750.109375,
        "dvar2": 290885.71875,
        "max": 11304.7871094,
        "mean": 2203.49633789,
        "median": 2488.28393555,
        "min": 83.6205596924,
        "var": 1548507
    },
    "spectral_complexity": {
        "dmean": 4.31951999664,
        "dmean2": 6.87404727936,
        "dvar": 31.2576179504,
        "dvar2": 77.0259475708,
        "max": 58,
        "mean": 21.2723369598,
        "median": 20,
        "min": 0,
        "var": 133.251983643
    },
    "spectral_decrease": {
        "dmean": 2.66059374532e-09,
        "dmean2": 4.2601309147e-09,
        "dvar": 8.32144606127e-18,
        "dvar2": 2.09864158647e-17,
        "max": 1.41179584387e-28,
        "mean": -9.47439282584e-09,
        "median": -8.91362006428e-09,
        "min": -3.86985199441e-08,
        "var": 2.43238067406e-17
    },
    "spectral_energy": {
        "dmean": 0.0101361898705,
        "dmean2": 0.0161769613624,
        "dvar": 0.000116256844194,
        "dvar2": 0.000293444201816,
        "max": 0.146799325943,
        "mean": 0.0431351624429,
        "median": 0.0432411283255,
        "min": 1.0032309002e-20,
        "var": 0.000358171557309
    },
    "spectral_energyband_high": {
        "dmean": 0.00205555791035,
        "dmean2": 0.00302219903097,
        "dvar": 6.84635051584e-06,
        "dvar2": 1.53337368829e-05,
        "max": 0.0317227840424,
        "mean": 0.00723367044702,
        "median": 0.00667320983484,
        "min": 7.27845833729e-21,
        "var": 3.91628236684e-05
    },
    "spectral_energyband_low": {
        "dmean": 0.00978458672762,
        "dmean2": 0.0157780218869,
        "dvar": 0.000131319611683,
        "dvar2": 0.000326627399772,
        "max": 0.145613431931,
        "mean": 0.0238067489117,
        "median": 0.0203642938286,
        "min": 2.46264830343e-23,
        "var": 0.000396470422857
    },
    "spectral_energyband_middle_high": {
        "dmean": 0.00155387201812,
        "dmean2": 0.00240821507759,
        "dvar": 4.53482971352e-06,
        "dvar2": 1.10121363832e-05,
        "max": 0.0358893126249,
        "mean": 0.00518678594381,
        "median": 0.00413841102272,
        "min": 1.28956690093e-21,
        "var": 2.46830022661e-05
    },
    "spectral_energyband_middle_low": {
        "dmean": 0.00203000823967,
        "dmean2": 0.00297853467055,
        "dvar": 6.95132575856e-06,
        "dvar2": 1.45012409121e-05,
        "max": 0.0618647001684,
        "mean": 0.00770249729976,
        "median": 0.00603137630969,
        "min": 1.66684352898e-22,
        "var": 4.20639080403e-05
    },
    "spectral_entropy": {
        "dmean": 0.149815484881,
        "dmean2": 0.223288863897,
        "dvar": 0.0383638255298,
        "dvar2": 0.0756893530488,
        "max": 9.82218265533,
        "mean": 7.54939174652,
        "median": 7.94804048538,
        "min": 3.73509645462,
        "var": 1.36272978783
    },
    "spectral_flux": {
        "dmean": 0.0254436191171,
        "dmean2": 0.0423693396151,
        "dvar": 0.000749311759137,
        "dvar2": 0.00193925341591,
        "max": 0.334420889616,
        "mean": 0.0946743786335,
        "median": 0.0952810794115,
        "min": 6.47739639703e-11,
        "var": 0.00194090581499
    },
    "spectral_kurtosis": {
        "dmean": 17.346944809,
        "dmean2": 30.2876243591,
        "dvar": 8949.86035156,
        "dvar2": 26867.9628906,
        "max": 2344.09155273,
        "mean": 38.5180015564,
        "median": 2.07442378998,
        "min": -1.26955127716,
        "var": 18127.1464844
    },
    "spectral_rms": {
        "dmean": 0.000754405744374,
        "dmean2": 0.00119775859639,
        "dvar": 5.6623554201e-07,
        "dvar2": 1.41983139201e-06,
        "max": 0.0119674084708,
        "mean": 0.00626345584169,
        "median": 0.00649511069059,
        "min": 3.12851697673e-12,
        "var": 2.8519616535e-06
    },
    "spectral_rolloff": {
        "dmean": 1616.11340332,
        "dmean2": 2644.62866211,
        "dvar": 5092066.5,
        "dvar2": 12703668,
        "max": 19681.3476562,
        "mean": 4652.61132812,
        "median": 4392.7734375,
        "min": 64.599609375,
        "var": 14866367
    },
    "spectral_skewness": {
        "dmean": 0.461920619011,
        "dmean2": 0.763693451881,
        "dvar": 2.07736754417,
        "dvar2": 6.28530359268,
        "max": 39.1869888306,
        "mean": 2.83185625076,
        "median": 1.24129581451,
        "min": -0.0558918900788,
        "var": 19.9503059387
    },
    "spectral_spread": {
        "dmean": 749624.25,
        "dmean2": 1125603.875,
        "dvar": 1.31771373978e+12,
        "dvar2": 2.58167852237e+12,
        "max": 44230316,
        "mean": 6775748.5,
        "median": 7364331,
        "min": 52965.3085938,
        "var": 1.39466092052e+13
    },
    "spectral_strongpeak": {
        "dmean": 0.589963197708,
        "dmean2": 1.06602859497,
        "dvar": 4.77219772339,
        "dvar2": 12.7609434128,
        "max": 32.2196731567,
        "mean": 0.878826975822,
        "median": 0.421326816082,
        "min": 0,
        "var": 4.56832027435
    },
    "zerocrossingrate": {
        "dmean": 0.0206195451319,
        "dmean2": 0.0250042714179,
        "dvar": 0.000534751685336,
        "dvar2": 0.000759203277994,
        "max": 0.77734375,
        "mean": 0.132717609406,
        "median": 0.14794921875,
        "min": 0.001953125,
        "var": 0.00711964350194
    },
    "barkbands": {
        "dmean": [0.000812012935057, 0.00879926420748, 0.00172879558522, 0.000553779827897, 0.000499296584167, 0.000455895846244, 0.000323387474054, 0.000483379495563, 0.00085265544476, 0.000349819107214, 9.03690233827e-05, 0.000327951798681, 0.000199914939003, 0.000334189942805, 0.000179663751624, 0.000250308832619, 0.00021094638214, 0.000315777404467, 0.000348476227373, 0.000413112866227, 0.000484593736473, 0.000510532583576, 0.000301701773424, 0.000338640180416, 0.000519496272318, 0.000567220035009, 0.000213667794014],
        "dmean2": [0.00123008585069, 0.0141098788008, 0.00276547390968, 0.000859703170136, 0.000745371100493, 0.000682292680722, 0.00046009774087, 0.00071126158582, 0.00123247271404, 0.000514339248184, 0.000156359310495, 0.000484148127725, 0.000327053829096, 0.000536947511137, 0.000303183420328, 0.000412073248299, 0.00034365375177, 0.0004961960949, 0.00054520694539, 0.000661546306219, 0.000730633328203, 0.000784063828178, 0.000448848179076, 0.000507411779836, 0.000821542460471, 0.000909440102987, 0.000344723986927],
        "dvar": [1.47887521962e-06, 0.000117979085189, 1.11456765808e-05, 1.46607351326e-06, 1.16457522381e-06, 8.1560193621e-07, 5.51254856873e-07, 1.1890560927e-06, 2.32098977904e-06, 4.94342771162e-07, 4.17036503109e-08, 3.93169074187e-07, 1.36646789883e-07, 3.09167432988e-07, 1.03489540493e-07, 1.83141835919e-07, 1.74415120568e-07, 4.08660440598e-07, 4.63355263491e-07, 6.72855207995e-07, 5.50026754809e-07, 7.53458834879e-07, 1.99046084504e-07, 2.23229761787e-07, 6.31209161384e-07, 8.0565035887e-07, 1.08978923663e-07],
        "dvar2": [3.29941008204e-06, 0.000284587382339, 2.58857071458e-05, 3.13082068715e-06, 2.28259477808e-06, 1.5640410993e-06, 1.03358763681e-06, 2.59351259047e-06, 4.47359934697e-06, 9.92881268758e-07, 1.07266480143e-07, 8.26431289624e-07, 3.13894332749e-07, 7.23558116533e-07, 2.76025673429e-07, 4.65867628918e-07, 4.11129747135e-07, 9.38171297094e-07, 1.04096932318e-06, 1.5836124021e-06, 1.12193242785e-06, 1.66098629961e-06, 4.67507703661e-07, 4.64263763433e-07, 1.59500029895e-06, 2.07838957067e-06, 2.7181837936e-07],
        "max": [0.0165511462837, 0.133926659822, 0.0816265419126, 0.0435872823, 0.0567267388105, 0.0274390727282, 0.0248566102237, 0.0293148811907, 0.0405778251588, 0.0195850748569, 0.0113304378465, 0.0153941772878, 0.0107559831813, 0.0182354133576, 0.0070238490589, 0.00830459687859, 0.0163596700877, 0.0195964798331, 0.0258067008108, 0.0256075076759, 0.0161826927215, 0.0205656215549, 0.0114746810868, 0.0061100278981, 0.0111303599551, 0.00990702118725, 0.00507529079914],
        "mean": [0.00119194807485, 0.0178621932864, 0.00400986801833, 0.00113509269431, 0.00117176538333, 0.00105240824632, 0.000749177124817, 0.00117554294411, 0.00232906988822, 0.00068251346238, 0.000119291071314, 0.000641970604192, 0.000316326826578, 0.000578067847528, 0.0002644356573, 0.00042635833961, 0.000333192467224, 0.000633639283478, 0.000666560779791, 0.000907906214707, 0.00110615801532, 0.00112066708971, 0.000764519791119, 0.000856028869748, 0.00124279153533, 0.00132679520175, 0.000470802508062],
        "median": [0.000457758724224, 0.0130241904408, 0.0015021734871, 0.000327201938489, 0.000423146702815, 0.000507708522491, 0.000277592102066, 0.000435588386608, 0.00095701252576, 0.00025631848257, 4.73516483908e-05, 0.00029493731563, 0.000150510008098, 0.000296510581393, 0.000117260860861, 0.000239847315243, 0.000149842147948, 0.000260672706645, 0.000326498877257, 0.000436506932601, 0.000576157472096, 0.000534120947123, 0.000470116501674, 0.000567185576074, 0.000972633366473, 0.00112681859173, 0.000306091096718],
        "min": [2.97515315878e-25, 2.09118624605e-24, 1.96212958804e-24, 1.73320412549e-24, 1.48663866815e-23, 1.76069273315e-23, 6.97856885676e-24, 1.12311136818e-23, 2.28979026198e-23, 2.52605362978e-23, 1.11811456544e-23, 1.93995711402e-23, 3.29366688206e-23, 3.97849470437e-23, 6.39163062641e-23, 6.86558772459e-23, 8.88313735502e-23, 1.11381379044e-22, 1.33299014705e-22, 2.04366900432e-22, 2.47653982843e-22, 2.83019185204e-22, 4.76074653293e-22, 6.71789201099e-22, 9.77008345815e-22, 1.38928285734e-21, 1.67818255252e-21],
        "var": [2.94884080176e-06, 0.000316291232593, 4.39771720266e-05, 6.28298266747e-06, 5.98827728027e-06, 2.67883478955e-06, 1.8993756612e-06, 4.48523587693e-06, 1.45856438394e-05, 1.59146441092e-06, 1.1686961443e-07, 1.16575233733e-06, 3.41464556186e-07, 7.55564315114e-07, 1.69158397512e-07, 3.62823527666e-07, 4.34660222481e-07, 1.90068863049e-06, 1.52007817178e-06, 2.81339180219e-06, 2.20037554755e-06, 2.66307665697e-06, 7.370585422e-07, 9.06178740934e-07, 1.63938523201e-06, 1.78572770437e-06, 3.08705011776e-07]
    },
    "erbbands": {
        "dmean": [0.367835402489, 1.66228055954, 2.14823579788, 1.89794790745, 1.66426753998, 1.53224241734, 1.69211125374, 5.00159215927, 5.58126115799, 4.35615730286, 12.0535058975, 14.5425319672, 17.3018283844, 6.16399526596, 6.76385879517, 9.34127426147, 7.97133111954, 14.3505496979, 11.953332901, 7.75090360641, 15.6791658401, 13.8166265488, 15.7980985641, 16.9445114136, 17.4110069275, 16.3006057739, 16.1894893646, 21.2431755066, 20.8109436035, 12.0091924667, 8.31468391418, 7.3709654808, 5.89666080475, 5.40251159668, 4.39210128784, 2.75856113434, 1.07841217518, 0.315120667219, 0.0349441170692, 0.000462586787762],
        "dmean2": [0.551441729069, 2.80615139008, 3.5253162384, 2.87826561928, 2.63271903992, 2.24066543579, 2.40027284622, 7.45157957077, 7.97222137451, 6.45755243301, 17.5592460632, 21.2202243805, 25.1859073639, 9.61879634857, 10.4543113708, 14.0492763519, 12.6666851044, 23.4432945251, 19.4570617676, 12.7039852142, 25.9502696991, 22.5057868958, 24.9169025421, 27.0197753906, 26.9068546295, 25.8535461426, 25.3708286285, 31.9833278656, 32.2030639648, 17.9867935181, 12.3209686279, 11.2008504868, 8.90886306763, 8.53276062012, 6.96481752396, 4.42687702179, 1.74795675278, 0.497487783432, 0.0570775233209, 0.000749897269998],
        "dvar": [0.275181174278, 4.12309074402, 14.5472202301, 17.9719772339, 11.2019262314, 15.032409668, 13.7791881561, 101.533035278, 162.104064941, 78.8748779297, 635.672546387, 845.756408691, 772.973083496, 122.098335266, 174.440048218, 282.173797607, 209.698287964, 628.620422363, 405.543731689, 155.573638916, 805.100097656, 768.228149414, 1085.72521973, 1026.36572266, 1467.12145996, 1024.2878418, 596.592102051, 1243.83312988, 1459.83752441, 459.659240723, 129.207077026, 111.055480957, 66.430770874, 53.7265472412, 51.504776001, 24.2049942017, 2.60803747177, 0.193057581782, 0.00334158260375, 5.36710274446e-07],
        "dvar2": [0.516100585461, 12.0504350662, 36.5238800049, 34.7271766663, 26.6064929962, 25.7541599274, 22.9229793549, 196.698547363, 312.754943848, 167.184967041, 1337.21594238, 1598.80700684, 1555.38671875, 270.736022949, 389.827575684, 608.286010742, 472.420196533, 1500.72277832, 965.888427734, 404.223754883, 2046.42687988, 1816.28674316, 2505.74951172, 2293.2109375, 3065.93798828, 2333.28881836, 1364.20483398, 2552.09106445, 3120.40405273, 1125.73986816, 283.522735596, 241.586410522, 148.890365601, 130.608261108, 128.838882446, 62.8539848328, 6.69229125977, 0.467946261168, 0.00857776310295, 1.36792789363e-06],
        "max": [7.33939123154, 29.568649292, 98.2934112549, 175.007873535, 111.864944458, 274.345092773, 158.89402771, 305.720703125, 455.365722656, 265.708709717, 734.383789062, 1037.79138184, 740.040649414, 492.322052002, 345.437011719, 345.398040771, 479.064910889, 777.55267334, 663.717956543, 223.912963867, 578.493469238, 1140.47729492, 1160.19384766, 1377.01379395, 1576.06311035, 896.51171875, 461.437469482, 856.74786377, 890.923461914, 843.302307129, 158.899841309, 143.814804077, 118.462440491, 102.240638733, 108.764663696, 62.3179855347, 17.7500572205, 7.5404343605, 0.750495612621, 0.00966699514538],
        "mean": [0.669217348099, 3.33101606369, 5.18038654327, 4.48995399475, 3.47927689552, 3.58755660057, 4.06839704514, 11.6459283829, 14.1206436157, 10.7783708572, 32.1381492615, 39.7290420532, 42.7018585205, 12.2239427567, 12.3109340668, 18.4932041168, 14.490319252, 24.3262710571, 21.5624408722, 14.1710119247, 26.3668994904, 24.3117160797, 33.1928596497, 34.8156547546, 40.0738067627, 38.4868392944, 35.6813697815, 48.5963401794, 44.6722717285, 27.514421463, 21.5449752808, 18.0565986633, 14.2381782532, 12.5646476746, 9.54272937775, 5.57115459442, 2.40327310562, 0.798298418522, 0.0731354579329, 0.00111881759949],
        "median": [0.354737877846, 2.47457313538, 2.6974902153, 1.66285061836, 1.46194243431, 1.14768576622, 1.66833639145, 5.28434181213, 6.29353141785, 5.32696819305, 12.1166343689, 16.8140716553, 22.1749820709, 6.12227249146, 5.87722396851, 9.55731773376, 8.17931747437, 12.8011436462, 12.6627616882, 9.16057682037, 14.6202507019, 12.3110618591, 14.6362085342, 17.7327194214, 19.4337615967, 20.3592205048, 21.5243225098, 23.605670929, 22.541934967, 14.6525583267, 14.1195755005, 11.2586574554, 10.2482337952, 9.63726425171, 6.70201158524, 4.08517885208, 1.9372882843, 0.627913117409, 0.0457598939538, 0.000819393666461],
        "min": [8.73051044034e-23, 7.28706234852e-22, 2.84606797437e-21, 5.97644778036e-21, 2.40081999587e-20, 4.47760911199e-20, 5.0836397566e-20, 9.28088504725e-20, 9.75128004339e-20, 2.29014284217e-19, 3.05815057261e-19, 5.0919563468e-19, 4.88744421215e-19, 6.44488054898e-19, 8.95419083981e-19, 8.41148746268e-19, 1.61155597257e-18, 1.91249224104e-18, 3.62457392249e-18, 3.12777896596e-18, 4.91302394542e-18, 5.81071012466e-18, 5.12513166604e-18, 6.78905840775e-18, 6.61781175503e-18, 9.79111357202e-18, 1.06345764078e-17, 8.59079674823e-18, 1.18578648643e-17, 1.49262259993e-17, 1.27811886795e-17, 1.21639977916e-17, 1.09692801534e-17, 8.59067597986e-18, 6.0114809214e-18, 4.49198860004e-18, 2.33208705138e-18, 8.59045832796e-19, 2.57365589519e-19, 2.60035825472e-20],
        "var": [0.675498723984, 11.9074010849, 55.9226951599, 89.6293869019, 40.40883255, 85.7535934448, 65.0063781738, 343.070831299, 569.678100586, 284.014648438, 3138.66040039, 4608.43554688, 3591.68041992, 427.891601562, 462.9480896, 778.5078125, 510.853302002, 1758.33239746, 833.58013916, 287.874206543, 1519.54467773, 2063.06713867, 5212.03369141, 5108.66259766, 7417.81738281, 4593.33984375, 2006.62353516, 4658.87695312, 4547.49365234, 1717.17907715, 537.010559082, 423.18069458, 235.440582275, 172.46421814, 118.4659729, 41.9855880737, 6.05214357376, 0.721666038036, 0.00771972350776, 1.41755151617e-06]
    },
    "gfcc": {
        "mean": [16.5646514893, 42.9992446899, -71.0659790039, 20.3399791718, -46.1940383911, 16.5044002533, -17.9414596558, 19.8891239166, -11.9093990326, 13.5695352554, -16.2846240997, 1.95577836037, -12.2797670364],
        "cov": [[34087.8515625, -9772.57910156, -1439.77734375, 4034.54882812, 916.514526367, 2253.53955078, -387.585388184, 1086.44360352, -1167.26403809, 1167.30578613, -847.284851074, 1056.91210938, -862.543029785], [-9772.57910156, 6754.29833984, 659.427612305, -1757.11779785, -388.214294434, -1214.09350586, 73.3247146606, -672.5859375, 460.749176025, -693.721496582, 404.759613037, -608.289855957, 534.731872559], [-1439.77734375, 659.427612305, 1676.70300293, 339.19442749, 378.388244629, 67.521194458, 23.1811103821, -107.753570557, -18.8351039886, -58.0797958374, 54.1459922791, 52.6384506226, 53.6917495728], [4034.54882812, -1757.11779785, 339.19442749, 1507.06188965, 467.727600098, 479.179290771, -67.0172042847, 144.623031616, -228.338668823, 209.926651001, -88.428894043, 240.440383911, -125.373283386], [916.514526367, -388.214294434, 378.388244629, 467.727600098, 361.848327637, 179.095062256, 13.6117115021, 27.9267940521, -83.2771759033, 44.1589050293, -7.27376794815, 86.0475387573, -27.294052124], [2253.53955078, -1214.09350586, 67.521194458, 479.179290771, 179.095062256, 402.904205322, 7.85967206955, 128.829864502, -109.253677368, 147.851821899, -75.3754653931, 141.884399414, -105.287643433], [-387.585388184, 73.3247146606, 23.1811103821, -67.0172042847, 13.6117115021, 7.85967206955, 128.876739502, 33.9352722168, 42.4668960571, -13.0765504837, 15.5877017975, -2.68725132942, 10.5354375839], [1086.44360352, -672.5859375, -107.753570557, 144.623031616, 27.9267940521, 128.829864502, 33.9352722168, 169.759078979, -27.1321926117, 87.7830200195, -44.172832489, 60.5510864258, -63.3287620544], [-1167.26403809, 460.749176025, -18.8351039886, -228.338668823, -83.2771759033, -109.253677368, 42.4668960571, -27.1321926117, 152.427246094, -23.0487976074, 53.5223770142, -50.4343566895, 63.2969436646], [1167.30578613, -693.721496582, -58.0797958374, 209.926651001, 44.1589050293, 147.851821899, -13.0765504837, 87.7830200195, -23.0487976074, 150.610198975, -11.8692998886, 77.28855896, -53.1457977295], [-847.284851074, 404.759613037, 54.1459922791, -88.428894043, -7.27376794815, -75.3754653931, 15.5877017975, -44.172832489, 53.5223770142, -11.8692998886, 115.676956177, 1.6952508688, 51.2754249573], [1056.91210938, -608.289855957, 52.6384506226, 240.440383911, 86.0475387573, 141.884399414, -2.68725132942, 60.5510864258, -50.4343566895, 77.28855896, 1.6952508688, 147.375808716, -20.5056438446], [-862.543029785, 534.731872559, 53.6917495728, -125.373283386, -27.294052124, -105.287643433, 10.5354375839, -63.3287620544, 63.2969436646, -53.1457977295, 51.2754249573, -20.5056438446, 124.90965271]],
        "icov": [[7.59574177209e-05, -2.34442377405e-05, 8.21279463707e-05, -9.17032302823e-05, 2.16213629756e-06, -0.000119337979413, 8.22907386464e-05, -8.87493006303e-05, 0.000202138224267, -0.000206797529245, 0.00029438448837, -0.000195082495338, 2.18484365178e-06], [-2.34442377405e-05, 0.000837037456222, -0.000290955271339, 0.000220791989705, -8.19155684439e-05, 0.000594388577156, -4.92153776577e-05, 0.000530787045136, -0.000159120492754, 0.00132305058651, -0.00154168286826, 0.00174250034615, -0.00107967993245], [8.21279463707e-05, -0.000290955271339, 0.00106133380905, -0.000161878328072, -0.000991155393422, -0.00037312466884, 7.08546940587e-05, 0.000310578761855, -0.000124448692077, -0.000190827515326, 0.000702648947481, -0.000995947862975, 0.000344330852386], [-9.17032302823e-05, 0.000220791989705, -0.000161878328072, 0.00183822121471, -0.00152887334116, -0.000332478492055, 0.000660166377202, 9.54247298068e-05, 0.000402137782658, -0.000261384266196, -0.000339562975569, 2.84476227534e-05, -0.000456371257314], [2.16213629756e-06, -8.19155684439e-05, -0.000991155393422, -0.00152887334116, 0.00661537842825, -0.00127367826644, -0.00152450287715, 7.82281786087e-05, 0.00162532774266, 0.00049578549806, -0.00113195017911, 6.03253538429e-05, -0.000340830592904], [-0.000119337979413, 0.000594388577156, -0.00037312466884, -0.000332478492055, -0.00127367826644, 0.00816349126399, -0.0020915181376, 0.000510636542458, 0.000581145344768, -0.0026881378144, 0.00167326850351, -0.0016359584406, 0.00110247044358], [8.22907386464e-05, -4.92153776577e-05, 7.08546940587e-05, 0.000660166377202, -0.00152450287715, -0.0020915181376, 0.0116080036387, -0.00463024294004, -0.00353437126614, 0.00383796612732, -0.00152570055798, -7.90434351075e-05, 2.5716077289e-05], [-8.87493006303e-05, 0.000530787045136, 0.000310578761855, 9.54247298068e-05, 7.82281786087e-05, 0.000510636542458, -0.00463024294004, 0.0129575235769, -0.000847173796501, -0.00386102101766, 0.00244188611396, -0.00139413098805, 0.00203990633599], [0.000202138224267, -0.000159120492754, -0.000124448692077, 0.000402137782658, 0.00162532774266, 0.000581145344768, -0.00353437126614, -0.000847173796501, 0.0141688631848, -0.00487713562325, -0.00196061562747, 0.00282692001201, -0.00473840069026], [-0.000206797529245, 0.00132305058651, -0.000190827515326, -0.000261384266196, 0.00049578549806, -0.0026881378144, 0.00383796612732, -0.00386102101766, -0.00487713562325, 0.0189298372716, -0.00641616713256, 7.39290553611e-05, 0.00146056676749], [0.00029438448837, -0.00154168286826, 0.000702648947481, -0.000339562975569, -0.00113195017911, 0.00167326850351, -0.00152570055798, 0.00244188611396, -0.00196061562747, -0.00641616713256, 0.0180781036615, -0.00765184825286, 0.000106015933852], [-0.000195082495338, 0.00174250034615, -0.000995947862975, 2.84476227534e-05, 6.03253538429e-05, -0.0016359584406, -7.90434351075e-05, -0.00139413098805, 0.00282692001201, 7.39290553611e-05, -0.00765184825286, 0.0180180557072, -0.00571801280603], [2.18484365178e-06, -0.00107967993245, 0.000344330852386, -0.000456371257314, -0.000340830592904, 0.00110247044358, 2.5716077289e-05, 0.00203990633599, -0.00473840069026, 0.00146056676749, 0.000106015933852, -0.00571801280603, 0.0159640889615]]
    },
    "melbands": {
        "dmean": [0.00275525846519, 0.001357821282, 0.000307206413709, 0.000115383692901, 5.96768841206e-05, 0.000105565115518, 7.72856437834e-05, 6.48825225653e-05, 0.000100988901977, 0.000109141525172, 8.98038124433e-05, 3.01805248455e-05, 1.67000762303e-05, 3.57529934263e-05, 2.263065835e-05, 2.5765852115e-05, 2.72861943813e-05, 2.34589533648e-05, 1.64841712831e-05, 1.10511782623e-05, 1.86655997823e-05, 1.6188239897e-05, 1.24520256577e-05, 1.59433529916e-05, 1.50330370161e-05, 1.45212088682e-05, 1.78362424776e-05, 1.10074824988e-05, 1.25399637909e-05, 1.06096022137e-05, 1.41468599395e-05, 1.42633771247e-05, 8.54082554724e-06, 7.25004747437e-06, 5.27684460394e-06, 5.3489234233e-06, 4.97600558447e-06, 4.72941383123e-06, 4.61703166366e-06, 5.06313881488e-06],
        "dmean2": [0.00429401034489, 0.00230712117627, 0.000465716380859, 0.0001767865906, 8.37699626572e-05, 0.000156807131134, 0.000110852168291, 9.50898538576e-05, 0.000146853330079, 0.000158344759257, 0.000130149128381, 4.5841348765e-05, 2.69650518021e-05, 5.28162963747e-05, 3.45591288351e-05, 4.1221795982e-05, 4.46160738647e-05, 3.77154719899e-05, 2.77297713183e-05, 1.77499277925e-05, 3.09903771267e-05, 2.63785259449e-05, 1.98050365725e-05, 2.55765335169e-05, 2.42045425694e-05, 2.28549306485e-05, 2.85204368993e-05, 1.74529141077e-05, 2.0257268261e-05, 1.56027745106e-05, 2.18650839088e-05, 2.20169549721e-05, 1.33521180032e-05, 1.12543957584e-05, 7.93966682977e-06, 8.1629914348e-06, 7.81797916716e-06, 7.33391834729e-06, 7.20493517292e-06, 8.09826542536e-06],
        "dvar": [1.31734614115e-05, 3.46578553945e-06, 3.8431190319e-07, 7.05731579842e-08, 1.73736101061e-08, 4.32243574267e-08, 2.8856055323e-08, 2.07051744638e-08, 4.75945256539e-08, 4.44686456547e-08, 2.09164898735e-08, 3.20974802293e-09, 9.61138835187e-10, 6.0873208696e-09, 2.71897593329e-09, 2.49519427342e-09, 2.11570272413e-09, 1.96293781229e-09, 9.45887257409e-10, 2.7591237628e-10, 1.21046350721e-09, 1.18150222939e-09, 8.19185719259e-10, 1.05372144343e-09, 8.56665072213e-10, 1.0617020596e-09, 1.83753701144e-09, 4.64256882937e-10, 4.23212659362e-10, 3.67247787736e-10, 6.04908734214e-10, 8.52894421755e-10, 2.9756969111e-10, 1.77253586808e-10, 5.66705640748e-11, 5.64355819022e-11, 5.69031800846e-11, 4.65528796068e-11, 3.88506449234e-11, 4.8660932922e-11],
        "dvar2": [2.83236713585e-05, 1.0014311556e-05, 7.92143907802e-07, 1.4298140627e-07, 2.79654290836e-08, 8.34293985008e-08, 5.56180310696e-08, 4.34386357995e-08, 9.59280015422e-08, 8.36262685766e-08, 4.16703827e-08, 6.78961864509e-09, 2.40018693809e-09, 1.26705188563e-08, 5.90052007254e-09, 5.54988099921e-09, 5.10276976229e-09, 4.57230964201e-09, 2.51174792076e-09, 6.43884279228e-10, 3.09882164373e-09, 2.79261880287e-09, 1.82043558006e-09, 2.66141331196e-09, 1.92864346715e-09, 2.08568029514e-09, 4.26014512556e-09, 1.07285935691e-09, 1.05195319122e-09, 6.75493383451e-10, 1.31184563212e-09, 1.84611170795e-09, 6.99943769611e-10, 4.51382625721e-10, 1.30590344094e-10, 1.27178587106e-10, 1.28097379926e-10, 1.10425946165e-10, 9.55890783194e-11, 1.19982426772e-10],
        "max": [0.0477467142045, 0.040248811245, 0.0240738559514, 0.0152821205556, 0.00610403669998, 0.00634698197246, 0.00596278905869, 0.00401147967204, 0.00716184685007, 0.00726653914899, 0.00372709333897, 0.00184392300434, 0.000749876664486, 0.00208368734457, 0.00124190514907, 0.00148651667405, 0.00129913026467, 0.00158691965044, 0.000740436778869, 0.000398924312321, 0.000713899615221, 0.00143177912105, 0.00109320459887, 0.000810279336292, 0.00124174752273, 0.00178543908987, 0.00161810684949, 0.000447237252956, 0.000339394813636, 0.000635313568637, 0.000504962925334, 0.000726198602933, 0.000647296837997, 0.000413287663832, 0.000135451264214, 0.000118801908684, 0.000148304898175, 0.000120663142297, 7.83171853982e-05, 8.05895688245e-05],
        "mean": [0.00536387972534, 0.00334611674771, 0.000746890320443, 0.000257794221397, 0.000143431738252, 0.000254437269177, 0.000195076092496, 0.000153582455823, 0.000270480057225, 0.000287217961159, 0.000218489847612, 5.70977426833e-05, 2.78743809758e-05, 6.68441061862e-05, 3.71494170395e-05, 4.09634194511e-05, 4.52972599305e-05, 3.93004411308e-05, 2.36917094298e-05, 2.02126338991e-05, 2.92608165182e-05, 2.44848106377e-05, 2.5133458621e-05, 2.91726864816e-05, 2.77326307696e-05, 2.80948861473e-05, 3.42732200806e-05, 2.25160511036e-05, 2.34709987126e-05, 2.20421043196e-05, 2.93410448649e-05, 2.81639731838e-05, 1.69508166437e-05, 1.48013596117e-05, 1.24852640511e-05, 1.17608306027e-05, 1.0703879525e-05, 9.96317612589e-06, 9.84167218121e-06, 1.05286835606e-05],
        "median": [0.00349767925218, 0.00246287090704, 0.000330754613969, 8.84638575371e-05, 5.23652488482e-05, 0.000121773831779, 9.04897387954e-05, 5.60565058549e-05, 9.26658249227e-05, 0.00011840818479, 0.000111624030978, 2.29358211072e-05, 1.37729603011e-05, 2.81226184597e-05, 1.28861129269e-05, 1.61165698955e-05, 2.36117157328e-05, 1.90230675798e-05, 9.69478242041e-06, 1.22502369777e-05, 1.39497733471e-05, 9.4736515166e-06, 9.79880314844e-06, 1.25561427922e-05, 1.25543820104e-05, 1.29349245981e-05, 1.30929602165e-05, 9.99662370305e-06, 1.243206043e-05, 9.35511889111e-06, 1.26923696371e-05, 1.10713626782e-05, 7.46928071749e-06, 6.52878497931e-06, 7.31381805963e-06, 6.68941538606e-06, 5.62271998206e-06, 6.13787960901e-06, 6.46121043246e-06, 6.99979909768e-06],
        "min": [1.15873283595e-24, 1.55921473918e-24, 1.04422050505e-24, 3.63903902161e-24, 1.70687549835e-24, 2.46566108156e-24, 1.36396890412e-24, 2.22478496795e-24, 2.13741231181e-24, 3.36299134733e-24, 2.30201267563e-24, 2.40264628081e-24, 1.93220040251e-24, 2.28883514864e-24, 2.86502566192e-24, 2.67552450919e-24, 3.25241631981e-24, 4.69008889274e-24, 3.52449207944e-24, 3.63670675435e-24, 5.41070859649e-24, 4.79241204075e-24, 3.99548582164e-24, 5.14156858272e-24, 4.88907037861e-24, 4.16261980947e-24, 4.87571614677e-24, 6.21165682293e-24, 6.63672860525e-24, 5.09229672501e-24, 4.70276312647e-24, 5.92893775197e-24, 4.80623801141e-24, 7.33513240819e-24, 6.27883582319e-24, 7.06415000978e-24, 6.86711148832e-24, 7.16338240077e-24, 6.24168875759e-24, 7.51420383368e-24],
        "var": [3.31018309225e-05, 1.30785847432e-05, 1.81124323717e-06, 3.55360953108e-07, 8.58566977513e-08, 1.49037489905e-07, 1.00976208728e-07, 8.00157380354e-08, 2.75106970093e-07, 2.38590104118e-07, 9.65494422189e-08, 1.09132063386e-08, 2.17151785442e-09, 1.7593235313e-08, 5.73455638531e-09, 7.12360348487e-09, 5.55151569159e-09, 4.04638766938e-09, 1.61857061087e-09, 7.05957181601e-10, 2.20672213835e-09, 2.93044322142e-09, 4.01321997856e-09, 2.8693567522e-09, 3.95481647431e-09, 4.66500571505e-09, 6.90499479816e-09, 1.55480850417e-09, 1.10788778152e-09, 1.44043010852e-09, 1.97505412025e-09, 2.56988541558e-09, 1.05793640515e-09, 5.0646620231e-10, 2.04911726476e-10, 1.97098240506e-10, 1.79972398096e-10, 1.31913813206e-10, 1.17341816819e-10, 1.3510044472e-10]
    },
    "mfcc": {
        "mean": [-635.399902344, 87.9031600952, 27.9639453888, 19.4369316101, 2.94309854507, 7.07297468185, 7.373234272, 7.3733792305, 12.1933279037, 12.4966449738, 10.9075117111, 4.12293815613, 0.235126420856],
        "cov": [[19214.0878906, -5937.19042969, -1658.96313477, 830.296386719, 757.679626465, 1117.69543457, 983.073852539, 569.539489746, 321.774902344, 150.69493103, 354.45135498, 219.223800659, 131.643264771], [-5937.19042969, 4743.12841797, 650.972351074, -477.232971191, -508.434875488, -612.507141113, -468.745788574, -286.727172852, -137.556640625, -50.6883468628, -209.650680542, -152.894012451, -90.8176345825], [-1658.96313477, 650.972351074, 980.721130371, 308.63873291, 213.853546143, 98.7006378174, 8.23974609375, 5.89413022995, -3.80261397362, -51.5743789673, -38.7443809509, 12.940867424, 25.4845695496], [830.296386719, -477.232971191, 308.63873291, 813.11315918, 426.000762939, 284.492645264, 191.699050903, 86.7649612427, -8.63677978516, -17.2407169342, -18.8189144135, 23.4858283997, 38.9387779236], [757.679626465, -508.434875488, 213.853546143, 426.000762939, 401.39654541, 262.620849609, 161.346343994, 70.8427505493, 1.2533853054, -23.5919551849, 0.57348883152, 26.5823574066, 33.6741333008], [1117.69543457, -612.507141113, 98.7006378174, 284.492645264, 262.620849609, 307.025238037, 160.146560669, 76.3812637329, 26.6473655701, -8.43868160248, 17.0102729797, 34.2680358887, 24.0477390289], [983.073852539, -468.745788574, 8.23974609375, 191.699050903, 161.346343994, 160.146560669, 202.408218384, 96.112487793, 23.3947029114, -2.00753831863, 26.9761962891, 28.9112243652, 27.3448867798], [569.539489746, -286.727172852, 5.89413022995, 86.7649612427, 70.8427505493, 76.3812637329, 96.112487793, 113.774971008, 37.7609291077, 1.23804795742, 16.1475124359, 19.7243709564, 18.7932434082], [321.774902344, -137.556640625, -3.80261397362, -8.63677978516, 1.2533853054, 26.6473655701, 23.3947029114, 37.7609291077, 87.1386642456, 32.8744812012, 20.2069454193, 3.79985022545, -3.07178497314], [150.69493103, -50.6883468628, -51.5743789673, -17.2407169342, -23.5919551849, -8.43868160248, -2.00753831863, 1.23804795742, 32.8744812012, 82.2799530029, 37.0854072571, 2.94101428986, -6.46549987793], [354.45135498, -209.650680542, -38.7443809509, -18.8189144135, 0.57348883152, 17.0102729797, 26.9761962891, 16.1475124359, 20.2069454193, 37.0854072571, 92.2967605591, 30.6493396759, 8.08081245422], [219.223800659, -152.894012451, 12.940867424, 23.4858283997, 26.5823574066, 34.2680358887, 28.9112243652, 19.7243709564, 3.79985022545, 2.94101428986, 30.6493396759, 73.0666122437, 30.6477146149], [131.643264771, -90.8176345825, 25.4845695496, 38.9387779236, 33.6741333008, 24.0477390289, 27.3448867798, 18.7932434082, -3.07178497314, -6.46549987793, 8.08081245422, 30.6477146149, 70.7500152588]],
