{
"lowlevel": {
    "average_loudness": 0.82140737772,
    "barkbands_crest": {
        "dmean": 3.27772665024,
        "dmean2": 5.41965723038,
        "dvar": 9.48328971863,
        "dvar2": 26.7277927399,
        "max": 25.8321857452,
        "mean": 13.6477594376,
        "median": 13.5395708084,
        "min": 2.27209472656,
        "var": 23.356344223
    },
    "barkbands_flatness_db": {
        "dmean": 0.0255439132452,
        "dmean2": 0.0422753617167,
        "dvar": 0.000581853732001,
        "dvar2": 0.00163966673426,
        "max": 0.410305887461,
        "mean": 0.137670636177,
        "median": 0.123085662723,
        "min": 0.0234038643539,
        "var": 0.00359752611257
    },
    "barkbands_kurtosis": {
        "dmean": 3.21695566177,
        "dmean2": 5.28576660156,
        "dvar": 25.9224662781,
        "dvar2": 67.8463439941,
        "max": 178.269012451,
        "mean": 4.3889799118,
        "median": 1.85878896713,
        "min": -1.92788362503,
        "var": 73.6966400146
    },
    "barkbands_skewness": {
        "dmean": 0.682676672935,
        "dmean2": 1.10448038578,
        "dvar": 0.426920682192,
        "dvar2": 1.17796278,
        "max": 12.7698278427,
        "mean": 1.87134742737,
        "median": 1.75332069397,
        "min": -3.86420655251,
        "var": 1.64164984226
    },
    "barkbands_spread": {
        "dmean": 12.1349935532,
        "dmean2": 19.8848228455,
        "dvar": 145.323348999,
        "dvar2": 388.211639404,
        "max": 112.437835693,
        "mean": 45.3670806885,
        "median": 44.7021369934,
        "min": 1.00802385807,
        "var": 635.67010498
    },
    "dissonance": {
        "dmean": 0.0127710485831,
        "dmean2": 0.0210731718689,
        "dvar": 0.000194064967218,
        "dvar2": 0.000510109821334,
        "max": 0.5,
        "mean": 0.472004234791,
        "median": 0.477580845356,
        "min": 0.261752933264,
        "var": 0.000543450762052
    },
    "dynamic_complexity": 1.22451579571,
    "erbbands_crest": {
        "dmean": 1.8306440115,
        "dmean2": 2.95321941376,
        "dvar": 3.47951102257,
        "dvar2": 8.26594161987,
        "max": 30.7533779144,
        "mean": 7.47615242004,
        "median": 6.58541917801,
        "min": 1.9396276474,
        "var": 12.2381830215
    },
    "erbbands_flatness_db": {
        "dmean": 0.0130675509572,
        "dmean2": 0.0198429916054,
        "dvar": 0.000210722660995,
        "dvar2": 0.000420287571615,
        "max": 0.410048902035,
        "mean": 0.119100652635,
        "median": 0.0909304767847,
        "min": 0.0359137766063,
        "var": 0.00468959333375
    },
    "erbbands_kurtosis": {
        "dmean": 1.06540894508,
        "dmean2": 1.6290128231,
        "dvar": 3.23161363602,
        "dvar2": 6.2886505127,
        "max": 32.2161750793,
        "mean": 0.602986693382,
        "median": -0.702982664108,
        "min": -1.9218416214,
        "var": 10.8760213852
    },
    "erbbands_skewness": {
        "dmean": 0.393337726593,
        "dmean2": 0.59256285429,
        "dvar": 0.176375731826,
        "dvar2": 0.360678225756,
        "max": 4.62829971313,
        "mean": -0.380708903074,
        "median": -0.401013165712,
        "min": -3.23722672462,
        "var": 1.1400141716
    },
    "erbbands_spread": {
        "dmean": 12.5748577118,
        "dmean2": 19.3325366974,
        "dvar": 205.832168579,
        "dvar2": 447.748352051,
        "max": 179.339019775,
        "mean": 65.6514816284,
        "median": 65.9786605835,
        "min": 2.63683915138,
        "var": 854.620117188
    },
    "hfc": {
        "dmean": 14.480553627,
        "dmean2": 22.2931041718,
        "dvar": 353.927032471,
        "dvar2": 830.024169922,
        "max": 355.476989746,
        "mean": 56.9869117737,
        "median": 53.2757072449,
        "min": 1.04491976224e-16,
        "var": 1313.6809082
    },
    "melbands_crest": {
        "dmean": 4.06335401535,
        "dmean2": 6.66934967041,
        "dvar": 14.4306097031,
        "dvar2": 38.404296875,
        "max": 35.3701057434,
        "mean": 20.5970840454,
        "median": 20.5029430389,
        "min": 1.54420864582,
        "var": 42.2736206055
    },
    "melbands_flatness_db": {
        "dmean": 0.0343089401722,
        "dmean2": 0.056423380971,
        "dvar": 0.00103295187,
        "dvar2": 0.00296124792658,
        "max": 0.514252960682,
        "mean": 0.212053537369,
        "median": 0.206155046821,
        "min": 0.00354691268876,
        "var": 0.00424208072945
    },
    "melbands_kurtosis": {
        "dmean": 15.5071601868,
        "dmean2": 26.0055618286,
        "dvar": 390.876647949,
        "dvar2": 1075.89172363,
        "max": 510.412963867,
        "mean": 30.7715492249,
        "median": 24.2918720245,
        "min": -1.84640944004,
        "var": 771.798461914
    },
    "melbands_skewness": {
        "dmean": 1.22297883034,
        "dmean2": 2.01448082924,
        "dvar": 1.38606834412,
        "dvar2": 3.93476629257,
        "max": 17.8192253113,
        "mean": 4.64711046219,
        "median": 4.5752453804,
        "min": -0.910953998566,
        "var": 3.80650019646
    },
    "melbands_spread": {
        "dmean": 12.9191169739,
        "dmean2": 21.0820293427,
        "dvar": 327.55090332,
        "dvar2": 840.148803711,
        "max": 215.253631592,
        "mean": 27.3714904785,
        "median": 19.569360733,
        "min": 0.880230307579,
        "var": 690.145874023
    },
    "pitch_salience": {
        "dmean": 0.0864460393786,
        "dmean2": 0.140156775713,
        "dvar": 0.00628037750721,
        "dvar2": 0.0160778965801,
        "max": 0.907417118549,
        "mean": 0.411550164223,
        "median": 0.400190204382,
        "min": 0.0897812023759,
        "var": 0.0183191224933
    },
    "silence_rate_20dB": {
        "dmean": 0,
        "dmean2": 0,
        "dvar": 0,
        "dvar2": 0,
        "max": 1,
        "mean": 1,
        "median": 1,
        "min": 1,
        "var": 0
    },
    "silence_rate_30dB": {
        "dmean": 0.00704146642238,
        "dmean2": 0.0140837198123,
        "dvar": 0.00698918197304,
        "dvar2": 0.0162220541388,
        "max": 1,
        "mean": 0.985861957073,
        "median": 1,
        "min": 0,
        "var": 0.0139370346442
    },
    "silence_rate_60dB": {
        "dmean": 0.00111769302748,
        "dmean2": 0.00223551108502,
        "dvar": 0.00111621932592,
        "dvar2": 0.00290022906847,
        "max": 1,
        "mean": 0.0154791837558,
        "median": 0,
        "min": 0,
        "var": 0.0152365472168
    },
    "spectral_centroid": {
        "dmean": 404.066345215,
        "dmean2": 614.241149902,
        "dvar": 198794.765625,
        "dvar2": 423943.3125,
        "max": 11657.9609375,
        "mean": 2307.08496094,
        "median": 2269.60644531,
        "min": 258.26751709,
        "var": 1172728
    },
    "spectral_complexity": {
        "dmean": 3.75678992271,
        "dmean2": 6.11702919006,
        "dvar": 16.6353473663,
        "dvar2": 40.918056488,
        "max": 51,
        "mean": 19.8292827606,
        "median": 19,
        "min": 0,
        "var": 69.5708007812
    },
    "spectral_decrease": {
        "dmean": 3.55300744381e-09,
        "dmean2": 5.9923346285e-09,
        "dvar": 1.21227231334e-17,
        "dvar2": 3.67314580262e-17,
        "max": 2.19639863835e-28,
        "mean": -1.14316147659e-08,
        "median": -1.09497939604e-08,
        "min": -3.91613141915e-08,
        "var": 3.08220830389e-17
    },
    "spectral_energy": {
        "dmean": 0.0135783441365,
        "dmean2": 0.022929508239,
        "dvar": 0.00017225035117,
        "dvar2": 0.000521270150784,
        "max": 0.149061962962,
        "mean": 0.0483143404126,
        "median": 0.047573171556,
        "min": 9.78447712782e-21,
        "var": 0.000443441356765
    },
    "spectral_energyband_high": {
        "dmean": 0.00178437470458,
        "dmean2": 0.00272151478566,
        "dvar": 5.32120429853e-06,
        "dvar2": 1.192419586e-05,
        "max": 0.0374197736382,
        "mean": 0.00577365932986,
        "median": 0.00502340355888,
        "min": 6.78359592024e-21,
        "var": 2.16684675252e-05
    },
    "spectral_energyband_low": {
        "dmean": 0.0132636390626,
        "dmean2": 0.0225898064673,
        "dvar": 0.000190222039237,
        "dvar2": 0.000567302166019,
        "max": 0.141254916787,
        "mean": 0.0308560393751,
        "median": 0.0289693679661,
        "min": 1.62278107203e-23,
        "var": 0.000502011389472
    },
    "spectral_energyband_middle_high": {
        "dmean": 0.00122657022439,
        "dmean2": 0.00186307716649,
        "dvar": 2.30905789067e-06,
        "dvar2": 5.27032125319e-06,
        "max": 0.0317243747413,
        "mean": 0.00368833797984,
        "median": 0.00289665674791,
        "min": 1.18863753761e-21,
        "var": 8.93684045877e-06
    },
    "spectral_energyband_middle_low": {
        "dmean": 0.00403992785141,
        "dmean2": 0.00654481956735,
        "dvar": 4.49149119959e-05,
        "dvar2": 0.000115598566481,
        "max": 0.0801083296537,
        "mean": 0.00866796541959,
        "median": 0.00640837289393,
        "min": 1.78651259234e-22,
        "var": 5.81053136557e-05
    },
    "spectral_entropy": {
        "dmean": 0.133104741573,
        "dmean2": 0.213656812906,
        "dvar": 0.0255811754614,
        "dvar2": 0.0629420280457,
        "max": 9.82094097137,
        "mean": 7.84398651123,
        "median": 7.98024511337,
        "min": 5.69574308395,
        "var": 0.22347548604
    },
    "spectral_flux": {
        "dmean": 0.027422696352,
        "dmean2": 0.0442800372839,
        "dvar": 0.000768327852711,
        "dvar2": 0.00174014212098,
        "max": 0.321808844805,
        "mean": 0.105640076101,
        "median": 0.0985580831766,
        "min": 6.55902832047e-11,
        "var": 0.00231672474183
    },
    "spectral_kurtosis": {
        "dmean": 0.779161632061,
        "dmean2": 1.27984774113,
        "dvar": 1.43111908436,
        "dvar2": 3.9601764679,
        "max": 22.3708400726,
        "mean": 1.71890318394,
        "median": 1.45494794846,
        "min": -1.35086095333,
        "var": 2.64685726166
    },
    "spectral_rms": {
        "dmean": 0.000971058092546,
        "dmean2": 0.00163435586728,
        "dvar": 8.367103419e-07,
        "dvar2": 2.54007363765e-06,
        "max": 0.0120592834428,
        "mean": 0.00665944209322,
        "median": 0.00681269774213,
        "min": 3.08963293318e-12,
        "var": 2.78767220152e-06
    },
    "spectral_rolloff": {
        "dmean": 1460.39416504,
        "dmean2": 2556.85546875,
        "dvar": 3756277.75,
        "dvar2": 9984188,
        "max": 19638.28125,
        "mean": 2698.72290039,
        "median": 1227.39257812,
        "min": 64.599609375,
        "var": 7615845
    },
    "spectral_skewness": {
        "dmean": 0.143384844065,
        "dmean2": 0.222742050886,
        "dvar": 0.0271836575121,
        "dvar2": 0.0626911595464,
        "max": 3.3767156601,
        "mean": 0.974236011505,
        "median": 0.971984565258,
        "min": -0.147923722863,
        "var": 0.0939346626401
    },
    "spectral_spread": {
        "dmean": 684943.9375,
        "dmean2": 1047691.125,
        "dvar": 736505167872,
        "dvar2": 1.43931985101e+12,
        "max": 42439076,
        "mean": 7118071,
        "median": 7306338,
        "min": 1803013.625,
        "var": 1.11538643927e+13
    },
    "spectral_strongpeak": {
        "dmean": 0.311931222677,
        "dmean2": 0.545484125614,
        "dvar": 0.904698431492,
        "dvar2": 2.57053518295,
        "max": 21.3865966797,
        "mean": 0.644695580006,
        "median": 0.390693485737,
        "min": 0,
        "var": 0.993902802467
    },
    "zerocrossingrate": {
        "dmean": 0.0177421774715,
        "dmean2": 0.0230586752295,
        "dvar": 0.000315332406899,
        "dvar2": 0.00051536783576,
        "max": 0.7197265625,
        "mean": 0.107608452439,
        "median": 0.107421875,
        "min": 0.00244140625,
        "var": 0.00333242071792
    },
    "barkbands": {
        "dmean": [0.00141080201138, 0.0117170251906, 0.00255283107981, 0.0015538939042, 0.00229756091721, 0.00059485953534, 0.000520503788721, 0.000458330207039, 0.000423664634582, 0.000511277059559, 0.000130587606691, 0.000132724380819, 4.71576095151e-05, 9.37681033975e-05, 6.32833107375e-05, 9.05052074813e-05, 0.000125289268908, 0.000189702448552, 0.000329050119035, 0.000527072930709, 0.000591535062995, 0.000571436306927, 0.000320337916492, 0.000332953059115, 0.000264452624833, 0.000254437036347, 0.000100531236967],
        "dmean2": [0.00240716058761, 0.0195225067437, 0.00437141163275, 0.00270250928588, 0.00406372733414, 0.000928272667807, 0.000771342194639, 0.000700452423189, 0.000612766190898, 0.000734143366572, 0.000192522144062, 0.00019741509459, 7.42524571251e-05, 0.000145946367411, 0.00010110068979, 0.000143869809108, 0.000201688279049, 0.00030581332976, 0.000508778553922, 0.000884575012606, 0.000913812604267, 0.000892496493179, 0.00050884205848, 0.000524918083102, 0.000419844931457, 0.000403986981837, 0.000160687079187],
        "dvar": [3.13804162033e-06, 0.000171036866959, 2.44063867285e-05, 1.32088916871e-05, 3.06711990561e-05, 1.20991808217e-06, 9.55724431151e-07, 7.99199597168e-07, 7.34056584406e-07, 1.14383499294e-06, 1.24729069739e-07, 9.89550059671e-08, 7.54721529717e-09, 2.41918804988e-08, 1.53881014597e-08, 2.29856347289e-08, 3.35950929298e-08, 8.74207941592e-08, 2.4568313961e-07, 7.58597309414e-07, 7.35467551749e-07, 6.42887869162e-07, 1.96785151729e-07, 2.85019098101e-07, 1.30998287773e-07, 2.5231392442e-07, 3.09526200226e-08],
        "dvar2": [9.15994041861e-06, 0.000487433630042, 6.65869592922e-05, 3.56925374945e-05, 8.62532106112e-05, 2.65281573775e-06, 2.08818210012e-06, 1.86815282177e-06, 1.36985545396e-06, 2.15159684558e-06, 2.16459071112e-07, 1.95778923739e-07, 1.59363224839e-08, 5.27441237352e-08, 3.49977398173e-08, 5.20831093809e-08, 7.81098208336e-08, 2.1388360949e-07, 5.54674898012e-07, 2.01401780942e-06, 1.63482411608e-06, 1.49261836668e-06, 4.81133270114e-07, 7.17521402294e-07, 3.2027375596e-07, 6.1398196749e-07, 7.65839089922e-08],
        "max": [0.0296766851097, 0.131924211979, 0.0786522328854, 0.0463182926178, 0.0675556212664, 0.0346735864878, 0.0387640781701, 0.0226141083986, 0.0269997250289, 0.0304958187044, 0.0156028885394, 0.0227179024369, 0.00274106417783, 0.004250545986, 0.00393926585093, 0.00387133192271, 0.00335027859546, 0.0101664848626, 0.00776473758742, 0.0154639221728, 0.0137137947604, 0.0147257950157, 0.0130793396384, 0.00961811840534, 0.00595151819289, 0.0125344330445, 0.00319997430779],
        "mean": [0.00248584081419, 0.024521432817, 0.00324714626186, 0.00141011574306, 0.00263013876975, 0.00137187901419, 0.00117430731189, 0.000971428293269, 0.00104353844654, 0.00107835314702, 0.000247676653089, 0.000248799333349, 8.1411395513e-05, 0.000156836031238, 0.00010367379582, 0.00015554476704, 0.000216122018173, 0.000318295613397, 0.000611304480117, 0.00100750208367, 0.00113628967665, 0.0012031981023, 0.000703550816979, 0.00073541054735, 0.000648190150969, 0.000590623007156, 0.000215804888285],
        "median": [0.00166184792761, 0.0211765952408, 0.00138423813041, 0.000374879222363, 0.0010997421341, 0.000685405102558, 0.00045986007899, 0.000388878805097, 0.000381751480745, 0.000297725579003, 7.55241853767e-05, 0.000112136563985, 4.22710727435e-05, 7.97619431978e-05, 5.2205472457e-05, 8.8606524514e-05, 0.000132251836476, 0.000178264745045, 0.000293923600111, 0.000498783774674, 0.000577204744332, 0.000674144306686, 0.000475025823107, 0.00054270401597, 0.000556343293283, 0.000422474666266, 9.38123121159e-05],
        "min": [1.55707756707e-25, 3.6162519855e-24, 1.53626391582e-24, 1.14859015547e-24, 6.67404567037e-24, 1.00589223858e-23, 5.19729845023e-24, 5.69270822631e-24, 1.64456893692e-23, 9.38403689302e-24, 1.19263076097e-23, 1.87244182235e-23, 2.32933570139e-23, 3.68027215004e-23, 4.5365696186e-23, 4.96988744285e-23, 7.98974733115e-23, 6.75542424581e-23, 1.2455847374e-22, 1.6735597014e-22, 2.48586908682e-22, 2.7033417563e-22, 4.43078658977e-22, 5.23289530948e-22, 8.56487767059e-22, 1.23889512119e-21, 1.80668605023e-21],
        "var": [8.80145307747e-06, 0.000450032646768, 3.30373186443e-05, 9.82525216386e-06, 2.32092115766e-05, 4.75983870274e-06, 3.61450202035e-06, 2.74693115898e-06, 4.31349099017e-06, 4.93627294418e-06, 5.35827382464e-07, 3.07122718368e-07, 1.81347026285e-08, 5.30679145072e-08, 3.06563876507e-08, 4.62005580459e-08, 7.01975508832e-08, 1.6830128402e-07, 6.90702904649e-07, 1.85915905604e-06, 2.22002381634e-06, 2.00187787414e-06, 6.27020426691e-07, 6.7504100798e-07, 3.85865661201e-07, 4.85326495436e-07, 8.34915141468e-08]
    },
    "erbbands": {
        "dmean": [0.495709598064, 2.27300024033, 2.80806779861, 4.01893281937, 7.39634180069, 7.09341669083, 5.80606937408, 4.58190059662, 8.82723426819, 5.48831510544, 10.8906373978, 8.43421363831, 12.2586402893, 8.94589424133, 5.10048532486, 3.92984294891, 2.2855682373, 3.02297592163, 3.95795154572, 3.5845220089, 4.20491790771, 8.22315883636, 9.13740158081, 16.2910232544, 17.1047286987, 21.7320308685, 22.6832618713, 25.1268501282, 24.2582550049, 11.7850198746, 9.21201896667, 7.53749847412, 5.61456680298, 3.41865420341, 2.09223842621, 1.33785045147, 0.445947825909, 0.146688103676, 0.0160344112664, 0.000212708429899],
        "dmean2": [0.802921950817, 3.8707075119, 4.70611000061, 6.81965112686, 12.9222517014, 12.7120752335, 9.27587604523, 7.20082187653, 13.0420446396, 8.75910663605, 15.7345590591, 12.3825073242, 17.6537952423, 12.9976959229, 7.61638116837, 5.87800216675, 3.51910853386, 4.75920581818, 6.1246342659, 5.70476722717, 6.66660690308, 13.179933548, 14.8085546494, 25.9187965393, 26.4836196899, 36.4664726257, 36.6987762451, 38.2896156311, 38.0145721436, 18.439447403, 14.5513982773, 11.9314517975, 8.95260810852, 5.49897956848, 3.31670403481, 2.14549779892, 0.713585734367, 0.233762383461, 0.025617653504, 0.000337570934789],
        "dvar": [0.334879338741, 6.27108240128, 20.8129673004, 74.7938232422, 363.754882812, 291.546173096, 124.286453247, 80.4406814575, 233.247436523, 163.184738159, 418.495300293, 272.179382324, 597.773803711, 294.838409424, 192.100128174, 66.7130737305, 13.6703643799, 31.0221939087, 38.4521026611, 29.3897819519, 49.5164108276, 148.663986206, 187.831207275, 616.692810059, 753.756713867, 1395.79296875, 1367.88195801, 1276.11450195, 1318.98449707, 287.20199585, 175.450744629, 132.191223145, 94.5400314331, 22.4462242126, 10.2843484879, 7.06653642654, 0.65671312809, 0.0734771043062, 0.000754273321945, 1.26532427203e-07],
        "dvar2": [0.891744017601, 18.8712692261, 55.9015388489, 196.558059692, 987.977539062, 835.164611816, 299.001800537, 174.542160034, 461.487213135, 444.757751465, 823.198791504, 508.051361084, 1137.32788086, 547.849914551, 382.387664795, 135.822235107, 29.1949367523, 62.9894714355, 86.5481872559, 68.3693618774, 108.227775574, 345.987304688, 457.551086426, 1491.72888184, 1824.74645996, 3664.9128418, 3363.84399414, 2658.02685547, 3043.30322266, 707.041442871, 429.835998535, 330.002593994, 243.01411438, 55.0993614197, 25.501039505, 17.6702823639, 1.60290277004, 0.177494198084, 0.00188316055574, 3.13981445288e-07],
        "max": [6.59302759171, 31.7173786163, 93.4340438843, 101.065246582, 207.703079224, 257.7472229, 359.899780273, 347.908813477, 336.443664551, 496.523345947, 643.36315918, 526.054443359, 660.93145752, 514.007019043, 865.170410156, 538.313110352, 127.151298523, 234.450515747, 152.634414673, 132.944351196, 264.195739746, 229.97756958, 343.119171143, 626.791564941, 497.483215332, 666.944335938, 611.889221191, 594.029968262, 770.343811035, 361.953582764, 471.287384033, 228.632324219, 194.854614258, 132.243087769, 63.5489425659, 56.1694946289, 20.769405365, 5.98087835312, 0.47462695837, 0.00605454808101],
        "mean": [0.947479963303, 4.44592428207, 4.88312387466, 4.37593078613, 6.6680803299, 8.74262809753, 11.9647331238, 10.5557155609, 19.858663559, 11.3964195251, 27.5789871216, 20.5825462341, 27.1730651855, 19.8849582672, 10.3647642136, 7.73165416718, 4.37777280807, 5.62298965454, 7.3125834465, 6.75703907013, 8.12532424927, 14.591047287, 16.4700908661, 29.2796173096, 33.7513885498, 42.481716156, 42.7391700745, 50.8702507019, 48.5308761597, 25.2673416138, 20.1104621887, 15.7468509674, 11.8734254837, 7.47690963745, 4.74421882629, 2.66699790955, 1.00916171074, 0.350574165583, 0.0334913991392, 0.000544438255019],
        "median": [0.68705958128, 3.71128702164, 3.11943387985, 1.56077885628, 1.92834377289, 3.8643283844, 5.93431997299, 5.90509033203, 8.02248382568, 5.55776882172, 10.8329868317, 8.41361999512, 9.28605747223, 7.15894079208, 4.01544046402, 3.98169326782, 2.64231324196, 3.18297863007, 4.50389432907, 4.38524580002, 5.38826990128, 9.39021492004, 10.2249145508, 16.0905723572, 16.9348983765, 19.4171772003, 20.6434879303, 27.8523292542, 25.6769294739, 16.0122318268, 13.3742332458, 10.9999055862, 8.65218639374, 6.24803113937, 3.70980715752, 1.8413040638, 0.697967171669, 0.190600559115, 0.0144899692386, 0.000314287899528],
        "min": [1.025889121e-22, 5.02635208697e-22, 3.1916870968e-21, 5.2875186134e-21, 6.91093165137e-21, 2.37978392047e-20, 3.68711557519e-20, 6.94435572579e-20, 1.18073531319e-19, 5.56996605747e-20, 2.49353569805e-19, 4.29791129712e-19, 6.70407655995e-19, 3.78391625713e-19, 8.33268196572e-19, 1.24157059569e-18, 1.51212348627e-18, 1.93640561895e-18, 1.84915253999e-18, 2.96749535149e-18, 3.09440533017e-18, 5.02512925229e-18, 4.37690544295e-18, 6.86504487318e-18, 6.78734448952e-18, 7.96345552705e-18, 1.07100111437e-17, 9.70636643673e-18, 9.97576179144e-18, 1.08650884834e-17, 1.20341105831e-17, 9.39956101163e-18, 1.1135852822e-17, 8.26633101706e-18, 6.80660952599e-18, 4.32316848164e-18, 2.2226357535e-18, 9.37371203108e-19, 2.48219143293e-19, 2.6989743396e-20],
        "var": [0.879447460175, 17.1049461365, 40.3063240051, 67.4096298218, 251.496780396, 241.046386719, 370.160827637, 279.850708008, 945.303039551, 353.258605957, 2471.72607422, 1471.21569824, 2609.37646484, 1374.46484375, 781.214111328, 203.836578369, 31.9320716858, 85.5818252563, 81.5643157959, 59.0611000061, 105.776107788, 302.487030029, 353.901855469, 1282.14978027, 2269.79614258, 3695.13818359, 3493.19775391, 3822.00756836, 3783.07324219, 863.691101074, 541.149291992, 314.172729492, 210.996017456, 56.1368904114, 26.425579071, 11.713842392, 1.39545607567, 0.192682161927, 0.00199998822063, 3.6345039689e-07]
    },
    "gfcc": {
        "mean": [41.9744033813, 36.4182929993, -78.2897491455, 48.5881538391, -63.3697967529, 9.70905590057, -16.936750412, 17.0926761627, -14.5951375961, 8.76814842224, -14.7752580643, 7.11000299454, -8.34780693054],
        "cov": [[12497.6416016, -1943.85266113, 2142.87036133, 960.069763184, 539.497253418, 1038.51550293, -535.71887207, 465.443969727, -477.194915771, 552.438476562, -170.541992188, 452.397369385, -250.610931396], [-1943.85266113, 2507.14648438, -1463.83825684, 17.9087581635, -358.061553955, -468.921661377, 355.793792725, -461.561462402, 276.291290283, -480.446014404, 89.316444397, -299.965362549, 197.911804199], [2142.87036133, -1463.83825684, 2612.35327148, 320.595031738, 819.041442871, 782.43572998, -371.75982666, 349.791503906, -305.651794434, 385.837646484, -10.4815969467, 374.766601562, -109.022399902], [960.069763184, 17.9087581635, 320.595031738, 675.431152344, 193.286087036, 135.52293396, 51.6225814819, -11.7647590637, -56.3599624634, -6.12395095825, 4.48802614212, 9.71143245697, -25.6163711548], [539.497253418, -358.061553955, 819.041442871, 193.286087036, 487.830718994, 262.671813965, -29.4134521484, 76.3935699463, -65.178062439, 118.83190918, -1.2344802618, 126.866699219, -25.4125652313], [1038.51550293, -468.921661377, 782.43572998, 135.52293396, 262.671813965, 391.017089844, -74.3598556519, 151.192687988, -81.22681427, 132.333129883, 16.0138988495, 135.113220215, -25.0932369232], [-535.71887207, 355.793792725, -371.75982666, 51.6225814819, -29.4134521484, -74.3598556519, 272.594848633, -21.5227794647, 112.728286743, -74.3494796753, 18.1489257812, -45.3633155823, 53.0959854126], [465.443969727, -461.561462402, 349.791503906, -11.7647590637, 76.3935699463, 151.192687988, -21.5227794647, 238.932739258, -13.5381946564, 138.377182007, 3.18830037117, 74.6252593994, -19.6921596527], [-477.194915771, 276.291290283, -305.651794434, -56.3599624634, -65.178062439, -81.22681427, 112.728286743, -13.5381946564, 180.289398193, -17.6525688171, 47.036277771, -35.9188079834, 43.989528656], [552.438476562, -480.446014404, 385.837646484, -6.12395095825, 118.83190918, 132.333129883, -74.3494796753, 138.377182007, -17.6525688171, 225.066116333, 20.2853813171, 91.448387146, -35.0311851501], [-170.541992188, 89.316444397, -10.4815969467, 4.48802614212, -1.2344802618, 16.0138988495, 18.1489257812, 3.18830037117, 47.036277771, 20.2853813171, 123.039382935, 32.6915512085, 22.8167572021], [452.397369385, -299.965362549, 374.766601562, 9.71143245697, 126.866699219, 135.113220215, -45.3633155823, 74.6252593994, -35.9188079834, 91.448387146, 32.6915512085, 149.401443481, 14.7742414474], [-250.610931396, 197.911804199, -109.022399902, -25.6163711548, -25.4125652313, -25.0932369232, 53.0959854126, -19.6921596527, 43.989528656, -35.0311851501, 22.8167572021, 14.7742414474, 97.436882019]],
        "icov": [[0.000141488882946, -3.47635213984e-05, 8.47817937029e-05, -0.000211945924093, 0.00012028952915, -0.000338536076015, 0.000209025922231, -4.44095567218e-05, 3.47852546838e-05, -0.000184504169738, 0.000333881209372, -0.000378223921871, 0.000192102248548], [-3.47635213984e-05, 0.0012800542172, 5.76794154767e-05, -3.7751346099e-05, -0.000135919937748, 2.11630299418e-06, -0.000393510737922, 0.00120657344814, -0.000662807025947, 0.0011410015868, -0.000984491431154, 0.00142927793786, -0.00148816488218], [8.47817937029e-05, 5.76794154767e-05, 0.00218648184091, -0.000308325106744, -0.00191686465405, -0.00191532087047, 0.00181218900252, -0.000831207085866, 0.00065601762617, -9.19866579352e-05, 0.00030885785236, -0.00114264583681, 8.93003962119e-05], [-0.000211945924093, -3.7751346099e-05, -0.000308325106744, 0.00226988317445, -0.000630340713542, 1.0773649592e-05, -0.00123255618382, 0.000480493530631, 0.000748879159801, 0.000303971522953, -0.000924744352233, 0.00128127855714, 0.000183915995876], [0.00012028952915, -0.000135919937748, -0.00191686465405, -0.000630340713542, 0.00589510891587, -0.000685975246597, -0.00208144891076, 0.00185812439304, -0.000597580859903, -0.00128644378856, 0.00118960475083, -0.00143827241845, 0.000892367272172], [-0.000338536076015, 2.11630299418e-06, -0.00191532087047, 1.0773649592e-05, -0.000685975246597, 0.00832374580204, -0.00110657780897, -0.00194037065376, 0.000378442375222, 0.000723677570932, -0.0015982434852, -0.000450643972727, -0.000307748588966], [0.000209025922231, -0.000393510737922, 0.00181218900252, -0.00123255618382, -0.00208144891076, -0.00110657780897, 0.00804127100855, -0.00254500564188, -0.00272903824225, 0.00145017774776, 0.00105746462941, -0.00108255597297, -0.00101359630935], [-4.44095567218e-05, 0.00120657344814, -0.000831207085866, 0.000480493530631, 0.00185812439304, -0.00194037065376, -0.00254500564188, 0.00961558893323, -0.00109869719017, -0.0030518907588, 0.00022414943669, 0.000849628297146, -0.000836158462334], [3.47852546838e-05, -0.000662807025947, 0.00065601762617, 0.000748879159801, -0.000597580859903, 0.000378442375222, -0.00272903824225, -0.00109869719017, 0.0109146293253, -0.0026593406219, -0.00293594109826, 0.00183730851859, -0.00190144451335], [-0.000184504169738, 0.0011410015868, -9.19866579352e-05, 0.000303971522953, -0.00128644378856, 0.000723677570932, 0.00145017774776, -0.0030518907588, -0.0026593406219, 0.0109533620998, -0.00198428402655, -0.00159217650071, 0.00147339270916], [0.000333881209372, -0.000984491431154, 0.00030885785236, -0.000924744352233, 0.00118960475083, -0.0015982434852, 0.00105746462941, 0.00022414943669, -0.00293594109826, -0.00198428402655, 0.0121096801013, -0.00528872199357, 0.000906898232643], [-0.000378223921871, 0.00142927793786, -0.00114264583681, 0.00128127855714, -0.00143827241845, -0.000450643972727, -0.00108255597297, 0.000849628297146, 0.00183730851859, -0.00159217650071, -0.00528872199357, 0.0176714751869, -0.00739009212703], [0.000192102248548, -0.00148816488218, 8.93003962119e-05, 0.000183915995876, 0.000892367272172, -0.000307748588966, -0.00101359630935, -0.000836158462334, -0.00190144451335, 0.00147339270916, 0.000906898232643, -0.00739009212703, 0.0167613252997]]
    },
    "melbands": {
        "dmean": [0.00370707269758, 0.00180533260573, 0.000728460785467, 0.00055666960543, 0.000210097525269, 0.000111470049887, 0.000118319505418, 7.35492212698e-05, 9.57481752266e-05, 5.06970682181e-05, 6.78140713717e-05, 4.57111564174e-05, 1.53971559484e-05, 1.5237239495e-05, 9.45490410231e-06, 5.22374375578e-06, 6.45133059152e-06, 7.61826640883e-06, 6.12090889263e-06, 6.89700209477e-06, 4.22083758167e-06, 9.76617138804e-06, 6.96023562341e-06, 8.92285697773e-06, 1.45660305861e-05, 1.40071979331e-05, 1.80754086614e-05, 1.502266241e-05, 1.62054966495e-05, 1.46304901136e-05, 1.55812831508e-05, 1.65363235283e-05, 8.98829694052e-06, 6.70570534567e-06, 5.7459733398e-06, 5.84663894188e-06, 5.07167760588e-06, 4.5782808229e-06, 3.77895162273e-06, 3.00312967738e-06],
        "dmean2": [0.00610854756087, 0.00309453695081, 0.00119460653514, 0.000990750384517, 0.000345420732629, 0.000173328284291, 0.000176154993824, 0.000116129718663, 0.000136454662425, 7.47035155655e-05, 9.74657232291e-05, 6.60069781588e-05, 2.3111981136e-05, 2.26821375691e-05, 1.42763938129e-05, 8.14834402263e-06, 1.01376299426e-05, 1.18160132843e-05, 9.75983766693e-06, 1.10068185677e-05, 6.74550074109e-06, 1.55890302267e-05, 1.13701871669e-05, 1.45215326484e-05, 2.34969083976e-05, 2.26422471314e-05, 3.09552742692e-05, 2.50934263022e-05, 2.68455296464e-05, 2.2510310373e-05, 2.41846246354e-05, 2.59631615336e-05, 1.44147488754e-05, 1.07723572e-05, 9.16996123124e-06, 9.37235108722e-06, 8.12794951344e-06, 7.38802464184e-06, 6.05385457675e-06, 4.85801501782e-06],
        "dvar": [1.80664374057e-05, 4.23426627094e-06, 2.35298170992e-06, 1.9874953523e-06, 1.61668978649e-07, 3.71454333958e-08, 4.26225028605e-08, 2.51911167481e-08, 3.58208183115e-08, 1.03427115761e-08, 1.89900397629e-08, 7.93953347511e-09, 1.54119161877e-09, 1.88071580531e-09, 3.49315576464e-10, 1.25804117124e-10, 1.26280264023e-10, 1.72835884493e-10, 1.61042526536e-10, 1.6456415397e-10, 6.07926972651e-11, 2.42498660041e-10, 1.19037224522e-10, 1.90449045423e-10, 4.98165952934e-10, 6.10100803211e-10, 1.04387021249e-09, 6.7732275344e-10, 7.34879990194e-10, 4.94607521606e-10, 5.98467553292e-10, 7.21810888837e-10, 1.9035979737e-10, 1.01692348986e-10, 7.05677877244e-11, 8.31776383881e-11, 7.0010199027e-11, 7.13151065979e-11, 3.1788627286e-11, 1.75255140261e-11],
        "dvar2": [5.0218339311e-05, 1.22241990539e-05, 5.7910074247e-06, 5.56568556931e-06, 4.21891371616e-07, 8.20397190182e-08, 8.74550707408e-08, 6.49680274023e-08, 6.58453629399e-08, 1.90620070839e-08, 3.5936654541e-08, 1.48634189401e-08, 3.001532356e-09, 3.84833676037e-09, 7.35571992205e-10, 2.5155966199e-10, 2.64654076432e-10, 3.82300191504e-10, 3.6282990501e-10, 3.8357614307e-10, 1.33500710486e-10, 5.50412160294e-10, 2.90467067066e-10, 4.78363459955e-10, 1.23702825761e-09, 1.60825730511e-09, 2.97779756409e-09, 1.72099245965e-09, 1.8925758738e-09, 1.12426967736e-09, 1.33145550141e-09, 1.63176017143e-09, 4.79574768786e-10, 2.59105931155e-10, 1.77425726888e-10, 2.04734812437e-10, 1.7931191254e-10, 1.87086984793e-10, 8.00788602096e-11, 4.34156495477e-11],
        "max": [0.0447352156043, 0.0366867259145, 0.0188364032656, 0.0164966583252, 0.0109678804874, 0.0068555730395, 0.00600024918094, 0.00439652707428, 0.00687175150961, 0.00359601760283, 0.00379179161973, 0.00246303807944, 0.00217411085032, 0.00325493095443, 0.000637878954876, 0.000382372207241, 0.000396728253691, 0.000363446190022, 0.000428630766692, 0.000268526491709, 0.000309685565298, 0.000308863352984, 0.000328842841554, 0.000355747295544, 0.000541294226423, 0.000439474766608, 0.000523547991179, 0.000434940739069, 0.00041700413567, 0.000345242355252, 0.000428527477197, 0.000693131238222, 0.000288710318273, 0.000256542814896, 0.000225127660087, 0.000290200405288, 0.000218264904106, 0.000176395784365, 0.000175317691173, 0.000107402491267],
        "mean": [0.00760032236576, 0.00376727897674, 0.000818312400952, 0.000571666867472, 0.00041056421469, 0.000265296868747, 0.000265150389168, 0.000139615163789, 0.000246002862696, 0.000117923191283, 0.000146487553138, 0.000100360135548, 3.00416977552e-05, 2.95765566989e-05, 1.54293229571e-05, 8.67854032549e-06, 1.12939451355e-05, 1.28314432004e-05, 9.66803054325e-06, 1.12846382763e-05, 7.47614603824e-06, 1.60340350703e-05, 1.21643324746e-05, 1.50112755364e-05, 2.48075539275e-05, 2.34698673012e-05, 2.92757758871e-05, 2.82090622932e-05, 2.80140666291e-05, 2.62977191596e-05, 2.91365086014e-05, 3.18413804052e-05, 1.63974818861e-05, 1.27128278109e-05, 1.15625398394e-05, 1.08733202069e-05, 9.28967074287e-06, 8.54052723298e-06, 7.27533461031e-06, 5.82892425882e-06],
        "median": [0.00613400712609, 0.00320376316085, 0.000282551860437, 0.000212284096051, 0.000215448322706, 0.000155410976731, 0.000108574022306, 5.40941400686e-05, 8.87491478352e-05, 4.57692258351e-05, 4.58624272142e-05, 3.27993402607e-05, 1.11518920676e-05, 1.1081606317e-05, 6.84074893798e-06, 3.67437064597e-06, 5.93309687247e-06, 6.7951341407e-06, 4.38739925812e-06, 5.8705554693e-06, 4.43361886937e-06, 8.83588108991e-06, 7.85621614341e-06, 8.63445893629e-06, 1.3278339793e-05, 1.08027843453e-05, 1.34411202453e-05, 1.16431501738e-05, 1.28147867144e-05, 1.28703750306e-05, 1.43630031744e-05, 1.49484612848e-05, 8.5471165221e-06, 7.50308254283e-06, 7.01685485183e-06, 6.90079377819e-06, 5.99270560997e-06, 5.66896687815e-06, 5.28457985638e-06, 4.51372534371e-06],
        "min": [1.21948883211e-24, 1.83404125678e-24, 1.57393458784e-24, 8.69743799909e-25, 1.08091841297e-24, 1.68127420096e-24, 1.71152780554e-24, 6.61638891149e-25, 1.42817675839e-24, 2.30221639896e-24, 3.04520681748e-24, 8.53514268684e-25, 2.44589932702e-24, 2.18807315636e-24, 2.76866511905e-24, 2.58024884729e-24, 2.89889934919e-24, 1.67452056554e-24, 4.07931728117e-24, 3.66538303154e-24, 2.64560498721e-24, 4.12041456775e-24, 3.50266469262e-24, 2.94390307497e-24, 5.05079080848e-24, 3.91810290557e-24, 4.1166978496e-24, 4.94845109439e-24, 4.97164163285e-24, 4.53167931208e-24, 5.91359440736e-24, 4.75156679523e-24, 5.52493565557e-24, 5.22047636692e-24, 5.73211182852e-24, 6.0581681566e-24, 4.67695593639e-24, 6.87664960552e-24, 6.89651312312e-24, 5.95770238159e-24],
        "var": [4.63607975689e-05, 1.17444460557e-05, 2.26787938118e-06, 1.38789744142e-06, 3.76540697289e-07, 1.35560256354e-07, 1.69073544498e-07, 6.02148801931e-08, 2.33940085081e-07, 5.34157109655e-08, 8.2490608122e-08, 3.62903307405e-08, 6.19385698286e-09, 6.57092957823e-09, 7.86004150655e-10, 3.13592235512e-10, 3.24955340414e-10, 3.49491990903e-10, 3.1483737839e-10, 2.9777966204e-10, 1.26286467395e-10, 4.97213215045e-10, 2.08767864107e-10, 3.44847539413e-10, 9.54577417112e-10, 1.25050103605e-09, 1.83848869462e-09, 1.77067471796e-09, 1.59854796067e-09, 1.29097121881e-09, 1.50042511748e-09, 2.10593809058e-09, 4.59515758777e-10, 2.52936588341e-10, 2.03746075567e-10, 1.98880523161e-10, 1.30720254066e-10, 1.34934424745e-10, 7.34859118001e-11, 3.91814289347e-11]
    },
    "mfcc": {
        "mean": [-610.309997559, 71.4047470093, 34.1524047852, 40.5493659973, -8.96944332123, 5.42606401443, 4.47153282166, 10.2717046738, 8.92109870911, 7.42086410522, 4.03488731384, 2.44559669495, 0.637674808502],
        "cov": [[4758.10400391, -718.464599609, 892.970153809, 441.07623291, 658.022583008, 383.103485107, 307.538146973, 55.2522544861, 0.742645144463, 33.8182296753, 154.016830444, 22.7409572601, -7.26580142975], [-718.464599609, 1519.55236816, -524.694763184, 16.6832408905, -387.515655518, -3.39442658424, -182.047897339, 36.2693977356, -3.31378269196, -42.8506011963, -135.880859375, -50.3819999695, -48.5142593384], [892.970153809, -524.694763184, 1267.22216797, 49.5602149963, 797.438232422, 260.775543213, 313.298034668, 71.3703308105, -24.864238739, -2.046179533, 104.429138184, 17.6508522034, 31.1299533844], [441.07623291, 16.6832408905, 49.5602149963, 513.755554199, 69.7985305786, 176.588684082, 76.4659347534, 62.796497345, 12.6499929428, -1.84040606022, 1.17477297783, -11.4332828522, -11.9690494537], [658.022583008, -387.515655518, 797.438232422, 69.7985305786, 715.563232422, 233.482727051, 236.619979858, 34.8138389587, -25.5981273651, -17.9432106018, 96.9310531616, 10.3428468704, 21.266462326], [383.103485107, -3.39442658424, 260.775543213, 176.588684082, 233.482727051, 266.16494751, 112.668281555, 64.8236846924, 4.17731523514, -14.4086151123, 24.6144199371, -11.4016819, 8.08378791809], [307.538146973, -182.047897339, 313.298034668, 76.4659347534, 236.619979858, 112.668281555, 206.241012573, 62.7420310974, 28.7110900879, 6.6611161232, 44.0114593506, 6.34529018402, 20.5100097656], [55.2522544861, 36.2693977356, 71.3703308105, 62.796497345, 34.8138389587, 64.8236846924, 62.7420310974, 140.522369385, 35.5945854187, 15.7821216583, -2.38723015785, -2.01138138771, 15.0752906799], [0.742645144463, -3.31378269196, -24.864238739, 12.6499929428, -25.5981273651, 4.17731523514, 28.7110900879, 35.5945854187, 133.840606689, 35.1007804871, 30.3674373627, -3.22973394394, 13.9399185181], [33.8182296753, -42.8506011963, -2.046179533, -1.84040606022, -17.9432106018, -14.4086151123, 6.6611161232, 15.7821216583, 35.1007804871, 105.64390564, 36.3130187988, 23.0273780823, 4.7739739418], [154.016830444, -135.880859375, 104.429138184, 1.17477297783, 96.9310531616, 24.6144199371, 44.0114593506, -2.38723015785, 30.3674373627, 36.3130187988, 117.962471008, 35.2295188904, 24.9903316498], [22.7409572601, -50.3819999695, 17.6508522034, -11.4332828522, 10.3428468704, -11.4016819, 6.34529018402, -2.01138138771, -3.22973394394, 23.0273780823, 35.2295188904, 103.352233887, 41.9626960754], [-7.26580142975, -48.5142593384, 31.1299533844, -11.9690494537, 21.266462326, 8.08378791809, 20.5100097656, 15.0752906799, 13.9399185181, 4.7739739418, 24.9903316498, 41.9626960754, 113.785400391]],
