{
"lowlevel": {
    "average_loudness": 0.972721755505,
    "barkbands_crest": {
        "dmean": 3.04990625381,
        "dmean2": 4.59218358994,
        "dvar": 9.67479228973,
        "dvar2": 20.9555397034,
        "max": 26.4262504578,
        "mean": 11.9945888519,
        "median": 11.2516002655,
        "min": 2.07241487503,
        "var": 27.7169246674
    },
    "barkbands_flatness_db": {
        "dmean": 0.0272784288973,
        "dmean2": 0.0402807109058,
        "dvar": 0.00100449635647,
        "dvar2": 0.00225826981477,
        "max": 0.665055632591,
        "mean": 0.121386677027,
        "median": 0.0974973514676,
        "min": 0.00870451144874,
        "var": 0.00665876828134
    },
    "barkbands_kurtosis": {
        "dmean": 5.85005140305,
        "dmean2": 7.97814369202,
        "dvar": 723.19934082,
        "dvar2": 1249.0057373,
        "max": 1338.22338867,
        "mean": 7.54009246826,
        "median": 0.96044588089,
        "min": -1.81437885761,
        "var": 1291.36254883
    },
    "barkbands_skewness": {
        "dmean": 0.72541987896,
        "dmean2": 1.04872691631,
        "dvar": 0.995015084743,
        "dvar2": 1.87523496151,
        "max": 27.8430976868,
        "mean": 1.83034265041,
        "median": 1.44917047024,
        "min": -1.90023720264,
        "var": 3.28929233551
    },
    "barkbands_spread": {
        "dmean": 10.2266454697,
        "dmean2": 15.588350296,
        "dvar": 129.656860352,
        "dvar2": 307.091552734,
        "max": 121.975875854,
        "mean": 36.9726982117,
        "median": 38.1140441895,
        "min": 0.0810331404209,
        "var": 435.788665771
    },
    "dissonance": {
        "dmean": 0.0109349898994,
        "dmean2": 0.0183032788336,
        "dvar": 0.000181848081411,
        "dvar2": 0.000502059876453,
        "max": 0.500000238419,
        "mean": 0.477291405201,
        "median": 0.48238530755,
        "min": 0.282578349113,
        "var": 0.000453156273579
    },
    "dynamic_complexity": 1.56251871586,
    "erbbands_crest": {
        "dmean": 1.81176912785,
        "dmean2": 2.84229159355,
        "dvar": 3.77950119972,
        "dvar2": 8.7316236496,
        "max": 27.1474113464,
        "mean": 7.41351699829,
        "median": 6.34965181351,
        "min": 2.05366778374,
        "var": 14.6513299942
    },
    "erbbands_flatness_db": {
        "dmean": 0.013622472994,
        "dmean2": 0.0196599252522,
        "dvar": 0.000278572115349,
        "dvar2": 0.000551417062525,
        "max": 0.405218571424,
        "mean": 0.114860720932,
        "median": 0.0993680655956,
        "min": 0.0350574590266,
        "var": 0.00295178941451
    },
    "erbbands_kurtosis": {
        "dmean": 0.748870849609,
        "dmean2": 1.11922037601,
        "dvar": 1.93710315228,
        "dvar2": 4.50357675552,
        "max": 61.0660705566,
        "mean": 0.434420287609,
        "median": -0.0337696075439,
        "min": -1.8447637558,
        "var": 3.9562497139
    },
    "erbbands_skewness": {
        "dmean": 0.300548911095,
        "dmean2": 0.426961243153,
        "dvar": 0.117728553712,
        "dvar2": 0.253663986921,
        "max": 7.12539863586,
        "mean": -0.141769737005,
        "median": -0.268344163895,
        "min": -2.80165624619,
        "var": 0.620914757252
    },
    "erbbands_spread": {
        "dmean": 9.41690731049,
        "dmean2": 14.4909553528,
        "dvar": 155.740036011,
        "dvar2": 384.071990967,
        "max": 158.899520874,
        "mean": 46.5324249268,
        "median": 43.8124923706,
        "min": 2.7529566288,
        "var": 480.537963867
    },
    "hfc": {
        "dmean": 12.2669525146,
        "dmean2": 18.7768383026,
        "dvar": 249.547286987,
        "dvar2": 654.950378418,
        "max": 167.049072266,
        "mean": 38.4897918701,
        "median": 37.6769866943,
        "min": 1.200702687e-16,
        "var": 559.729370117
    },
    "melbands_crest": {
        "dmean": 4.28983020782,
        "dmean2": 6.53322172165,
        "dvar": 20.5339298248,
        "dvar2": 42.9696121216,
        "max": 37.7507781982,
        "mean": 19.8635311127,
        "median": 19.0566825867,
        "min": 2.44731235504,
        "var": 53.3447265625
    },
    "melbands_flatness_db": {
        "dmean": 0.0353692956269,
        "dmean2": 0.0518598519266,
        "dvar": 0.00145287299529,
        "dvar2": 0.00338945328258,
        "max": 0.79976183176,
        "mean": 0.209097594023,
        "median": 0.183842748404,
        "min": 0.00549964187667,
        "var": 0.00957992952317
    },
    "melbands_kurtosis": {
        "dmean": 17.7509422302,
        "dmean2": 25.0747413635,
        "dvar": 3641.11914062,
        "dvar2": 5358.12695312,
        "max": 1779.64160156,
        "mean": 28.0065822601,
        "median": 11.1365718842,
        "min": -1.57806801796,
        "var": 7885.16748047
    },
    "melbands_skewness": {
        "dmean": 1.14369809628,
        "dmean2": 1.66997897625,
        "dvar": 2.48155546188,
        "dvar2": 4.93475246429,
        "max": 34.4246482849,
        "mean": 3.69866633415,
        "median": 3.10125517845,
        "min": -0.469232171774,
        "var": 7.4450340271
    },
    "melbands_spread": {
        "dmean": 9.81874084473,
        "dmean2": 15.0879859924,
        "dvar": 136.994842529,
        "dvar2": 324.728973389,
        "max": 161.083526611,
        "mean": 26.8403053284,
        "median": 24.3334445953,
        "min": 0.116451688111,
        "var": 363.279876709
    },
    "pitch_salience": {
        "dmean": 0.0866831094027,
        "dmean2": 0.130237385631,
        "dvar": 0.00741150509566,
        "dvar2": 0.0159710701555,
        "max": 0.866439163685,
        "mean": 0.451962530613,
        "median": 0.449445813894,
        "min": 0.0159583352506,
        "var": 0.0209147259593
    },
    "silence_rate_20dB": {
        "dmean": 0,
        "dmean2": 0,
        "dvar": 0,
        "dvar2": 0,
        "max": 1,
        "mean": 1,
        "median": 1,
        "min": 1,
        "var": 0
    },
    "silence_rate_30dB": {
        "dmean": 0.00187290972099,
        "dmean2": 0.00374606996775,
        "dvar": 0.00186968501657,
        "dvar2": 0.00533856218681,
        "max": 1,
        "mean": 0.998929858208,
        "median": 1,
        "min": 0,
        "var": 0.00106883700937
    },
    "silence_rate_60dB": {
        "dmean": 0.000668896303978,
        "dmean2": 0.00133788213134,
        "dvar": 0.000668004155159,
        "dvar2": 0.00173757353332,
        "max": 1,
        "mean": 0.0153167014942,
        "median": 0,
        "min": 0,
        "var": 0.0150840133429
    },
    "spectral_centroid": {
        "dmean": 280.806152344,
        "dmean2": 409.351928711,
        "dvar": 122997.546875,
        "dvar2": 278843.625,
        "max": 10709.9189453,
        "mean": 1905.37316895,
        "median": 2054.96044922,
        "min": 70.5694580078,
        "var": 739593
    },
    "spectral_complexity": {
        "dmean": 4.79063558578,
        "dmean2": 7.37373733521,
        "dvar": 32.1219558716,
        "dvar2": 74.662109375,
        "max": 59,
        "mean": 23.6215629578,
        "median": 23,
        "min": 0,
        "var": 113.465362549
    },
    "spectral_decrease": {
        "dmean": 2.98950353361e-09,
        "dmean2": 4.47577486185e-09,
        "dvar": 8.96109655715e-18,
        "dvar2": 2.19419087339e-17,
        "max": -4.87147278009e-29,
        "mean": -1.0722549959e-08,
        "median": -1.07453086429e-08,
        "min": -3.31920482211e-08,
        "var": 2.08449845236e-17
    },
    "spectral_energy": {
        "dmean": 0.0111909806728,
        "dmean2": 0.0168754514307,
        "dvar": 0.000126772240037,
        "dvar2": 0.000315784127451,
        "max": 0.125854551792,
        "mean": 0.0439605712891,
        "median": 0.0442227646708,
        "min": 1.10745824232e-20,
        "var": 0.000288890354568
    },
    "spectral_energyband_high": {
        "dmean": 0.0010611260077,
        "dmean2": 0.00161445571575,
        "dvar": 1.93789560399e-06,
        "dvar2": 4.99958377986e-06,
        "max": 0.0136388903484,
        "mean": 0.00249469769187,
        "median": 0.00201023672707,
        "min": 7.77340638045e-21,
        "var": 5.1559077292e-06
    },
    "spectral_energyband_low": {
        "dmean": 0.0112316515297,
        "dmean2": 0.0169708691537,
        "dvar": 0.000139277282869,
        "dvar2": 0.000333952368237,
        "max": 0.125736713409,
        "mean": 0.0270106121898,
        "median": 0.0245812516659,
        "min": 1.0314777903e-22,
        "var": 0.000322846317431
    },
    "spectral_energyband_middle_high": {
        "dmean": 0.00181344395969,
        "dmean2": 0.00270960456692,
        "dvar": 5.18671231475e-06,
        "dvar2": 1.13042060548e-05,
        "max": 0.0363651812077,
        "mean": 0.00635611265898,
        "median": 0.00540267210454,
        "min": 1.73614588089e-21,
        "var": 2.59307998931e-05
    },
    "spectral_energyband_middle_low": {
        "dmean": 0.0024139021989,
        "dmean2": 0.00337240449153,
        "dvar": 1.00411061794e-05,
        "dvar2": 1.82372532436e-05,
        "max": 0.0746057927608,
        "mean": 0.00930070690811,
        "median": 0.00708825653419,
        "min": 4.40679158673e-22,
        "var": 6.42250961391e-05
    },
    "spectral_entropy": {
        "dmean": 0.16035887599,
        "dmean2": 0.238076582551,
        "dvar": 0.0430794246495,
        "dvar2": 0.0997749641538,
        "max": 9.80280780792,
        "mean": 7.77654743195,
        "median": 7.92166805267,
        "min": 4.67469501495,
        "var": 0.360118627548
    },
    "spectral_flux": {
        "dmean": 0.0297018773854,
        "dmean2": 0.048822876066,
        "dvar": 0.000899797189049,
        "dvar2": 0.00226609525271,
        "max": 0.274510800838,
        "mean": 0.0896990448236,
        "median": 0.0830383747816,
        "min": 1.05235840875e-10,
        "var": 0.00169435504358
    },
    "spectral_kurtosis": {
        "dmean": 2.21461200714,
        "dmean2": 3.46706676483,
        "dvar": 77.1120071411,
        "dvar2": 191.62109375,
        "max": 284.089477539,
        "mean": 6.21743965149,
        "median": 3.09434366226,
        "min": -1.20554172993,
        "var": 274.246063232
    },
    "spectral_rms": {
        "dmean": 0.000860109401401,
        "dmean2": 0.00130105321296,
        "dvar": 7.39084441648e-07,
        "dvar2": 1.87824559816e-06,
        "max": 0.0110808359459,
        "mean": 0.00638503069058,
        "median": 0.0065684216097,
        "min": 3.28701540812e-12,
        "var": 2.11966948882e-06
    },
    "spectral_rolloff": {
        "dmean": 1311.64172363,
        "dmean2": 2201.32910156,
        "dvar": 5075893.5,
        "dvar2": 12475200,
        "max": 18798.4863281,
        "mean": 2149.94873047,
        "median": 1507.32421875,
        "min": 43.06640625,
        "var": 5747628.5
    },
    "spectral_skewness": {
        "dmean": 0.226924076676,
        "dmean2": 0.336509466171,
        "dvar": 0.190190076828,
        "dvar2": 0.451011329889,
        "max": 13.8369665146,
        "mean": 1.6001458168,
        "median": 1.38322913647,
        "min": 0.0514924526215,
        "var": 1.23182678223
    },
    "spectral_spread": {
        "dmean": 863072.1875,
        "dmean2": 1207543.5,
        "dvar": 1.58677506458e+12,
        "dvar2": 2.90642198528e+12,
        "max": 40889976,
        "mean": 5951651.5,
        "median": 5866703,
        "min": 366177.375,
        "var": 5.11452171469e+12
    },
    "spectral_strongpeak": {
        "dmean": 0.342887967825,
        "dmean2": 0.612765014172,
        "dvar": 1.0376458168,
        "dvar2": 2.82852435112,
        "max": 16.7173290253,
        "mean": 0.614597916603,
        "median": 0.4490891397,
        "min": 0,
        "var": 0.923974514008
    },
    "zerocrossingrate": {
        "dmean": 0.0203550569713,
        "dmean2": 0.0245355702937,
        "dvar": 0.000513867998961,
        "dvar2": 0.000757315312512,
        "max": 0.716796875,
        "mean": 0.0809627175331,
        "median": 0.0771484375,
        "min": 0.001953125,
        "var": 0.00263529829681
    },
    "barkbands": {
        "dmean": [0.0014027726138, 0.00932662282139, 0.0023417302873, 0.00107490352821, 0.00097073399229, 0.000606513349339, 0.000297980179312, 0.000443605851615, 0.000310550414724, 0.000174450236955, 0.000226068266784, 0.00030099763535, 0.000295562524116, 0.000465707504191, 0.000396900810301, 0.00026905714185, 0.000259700085735, 0.000419452961069, 0.000332312018145, 0.000287188508082, 0.000199336718651, 0.000162506068591, 0.000118883675896, 0.00013300437422, 0.000239716653596, 0.000296898855595, 7.62091876823e-05],
        "dmean2": [0.00220401305705, 0.0136888772249, 0.00381606887095, 0.00161246757489, 0.0013838193845, 0.000896056531928, 0.000429147534305, 0.000625913555268, 0.000436776521383, 0.000276736798696, 0.000337512930855, 0.00043549851398, 0.000454566499684, 0.000687140331138, 0.000597291334998, 0.00041972915642, 0.000412512599723, 0.000674181152135, 0.000520033005159, 0.000442069780547, 0.000299022416584, 0.000249047559919, 0.000176923975232, 0.000197431189008, 0.000380614190362, 0.000481226918055, 0.000119914373499],
        "dvar": [2.85348028228e-06, 0.000116479866847, 2.23778788495e-05, 4.44319130111e-06, 2.48080027632e-06, 7.37592529276e-07, 2.34449373693e-07, 6.18785918505e-07, 3.03981494199e-07, 8.77949588585e-08, 2.67295831691e-07, 2.27674618714e-07, 2.00935303951e-07, 6.71944576425e-07, 4.69778768775e-07, 3.42621291338e-07, 2.14706375345e-07, 6.76976185332e-07, 3.17719610621e-07, 2.13065007415e-07, 6.38991721758e-08, 5.61339916771e-08, 2.35968187212e-08, 3.28559259799e-08, 1.78992308975e-07, 4.04545971833e-07, 2.3087610046e-08],
        "dvar2": [7.10328868081e-06, 0.000240417473833, 5.97177895543e-05, 9.26509164856e-06, 4.6918253247e-06, 1.66737652307e-06, 4.69965812044e-07, 1.13390456136e-06, 5.18708020536e-07, 2.04659755809e-07, 4.95991002936e-07, 4.51843192195e-07, 4.42227303665e-07, 1.3270986301e-06, 9.93796447801e-07, 8.29108955713e-07, 5.24741096797e-07, 1.68664314515e-06, 7.3639898801e-07, 4.73025920655e-07, 1.44796231893e-07, 1.35913097665e-07, 5.05773201098e-08, 7.12224235144e-08, 4.40126513013e-07, 1.03799698081e-06, 5.73232590284e-08],
        "max": [0.0261115375906, 0.11693893373, 0.0560866966844, 0.0494406968355, 0.0418797954917, 0.0170957986265, 0.0133353844285, 0.0191382355988, 0.0205610468984, 0.00739237386733, 0.0213465094566, 0.00982519332319, 0.00842583272606, 0.0185077767819, 0.0151458028704, 0.0152589473873, 0.0131389098242, 0.0202457811683, 0.0112674850971, 0.0105235101655, 0.00370901543647, 0.00305925006978, 0.00200064992532, 0.00262993900105, 0.0050317812711, 0.00511853536591, 0.00180922425352],
        "mean": [0.00211386196315, 0.01914909482, 0.00460438849404, 0.00244850665331, 0.00264004943892, 0.00150983524509, 0.00072822405491, 0.00112817029003, 0.000735112640541, 0.000320101069519, 0.000434421235695, 0.000622612365987, 0.00056660012342, 0.000958531920332, 0.000724990735762, 0.000460336072138, 0.000473015592434, 0.000783352879807, 0.000664840626996, 0.000650265370496, 0.000453635060694, 0.000363261002349, 0.00028667258448, 0.000305008987198, 0.000374732655473, 0.000359821686288, 0.000101080215245],
        "median": [0.00123005663045, 0.0139570226893, 0.0019242700655, 0.0006753152702, 0.00133382808417, 0.000922359235119, 0.000320091261528, 0.000467073870823, 0.000332005030941, 0.000169811668457, 0.000154322842718, 0.000315049837809, 0.000304484099615, 0.000388459593523, 0.000351588329067, 0.000218887798837, 0.000244149356149, 0.00033068007906, 0.000334721349645, 0.000380445941119, 0.000328267196892, 0.000228924720432, 0.000185838085599, 0.000193210522411, 0.000209002522752, 0.000170290237293, 4.96569336974e-05],
        "min": [3.92741146425e-24, 6.63091990686e-23, 2.10099360149e-23, 1.28683905463e-23, 3.57622865416e-23, 5.11554808465e-23, 1.35255364506e-22, 8.55768237561e-23, 2.88889351635e-23, 1.37484609693e-22, 7.75290730603e-23, 1.24000301007e-22, 5.59429672397e-23, 2.06048347986e-22, 1.45332854311e-22, 1.48189161876e-22, 1.50545899608e-22, 2.95458070175e-22, 2.79504576368e-22, 3.56485813929e-22, 4.08786509395e-22, 6.36518056202e-22, 5.00923696077e-22, 8.79262294988e-22, 1.15808304886e-21, 1.96027588008e-21, 2.2617157626e-21],
        "var": [6.29768510407e-06, 0.00027884580777, 4.47384882136e-05, 2.06723780138e-05, 1.34707306643e-05, 2.89060585601e-06, 1.18151547213e-06, 3.46756633007e-06, 1.60650199632e-06, 2.07690206366e-07, 1.14286990538e-06, 7.31588670533e-07, 5.34836033239e-07, 2.78753577732e-06, 1.2893103758e-06, 6.73051772537e-07, 4.7875346354e-07, 1.84967120731e-06, 8.87036549102e-07, 8.48296167533e-07, 2.10335613815e-07, 1.80634160074e-07, 1.01811068021e-07, 1.26214075635e-07, 2.33031457242e-07, 3.79008525897e-07, 2.66914366165e-08]
    },
    "erbbands": {
        "dmean": [0.474889338017, 1.46751224995, 2.53953576088, 3.12516331673, 3.74588871002, 2.749386549, 4.09017658234, 5.54508972168, 3.90643000603, 6.26427745819, 10.0902366638, 5.38768911362, 7.71330785751, 7.2427072525, 8.77832221985, 11.1173419952, 9.99703979492, 26.285282135, 19.8831367493, 13.7147159576, 18.2099437714, 14.0067005157, 20.6179409027, 16.7353019714, 17.534860611, 12.5244112015, 8.97348117828, 6.8862118721, 5.98638343811, 4.8344502449, 3.37154889107, 3.11648464203, 2.19509482384, 1.8988493681, 2.21594715118, 1.48083651066, 0.533483326435, 0.119501158595, 0.0136159677058, 0.000200779031729],
        "dmean2": [0.674259126186, 2.27369785309, 4.13811731339, 4.84468173981, 5.21996068954, 4.01253938675, 6.03680181503, 8.13177013397, 5.88426971436, 8.93845558167, 14.1074104309, 7.79499292374, 11.1829833984, 11.1449489594, 12.9391088486, 16.2461528778, 15.1030378342, 38.6242218018, 29.3963813782, 21.1950473785, 28.2220077515, 22.3867225647, 32.9848251343, 26.8143501282, 26.888628006, 19.1727848053, 14.0135335922, 10.3282432556, 9.33904743195, 7.08187055588, 5.01256608963, 4.79532337189, 3.29231238365, 2.98908305168, 3.5554831028, 2.41779875755, 0.875284433365, 0.183523625135, 0.0220824480057, 0.000323049258441],
        "dvar": [0.354282081127, 2.62940526009, 22.9073600769, 39.3684082031, 63.1478385925, 20.1408958435, 46.528503418, 77.4117507935, 33.566192627, 124.65537262, 382.488250732, 60.2887001038, 183.811767578, 192.225601196, 245.701034546, 356.012573242, 208.771392822, 2139.84277344, 1419.66943359, 529.450378418, 1618.99157715, 518.42565918, 1569.67907715, 822.836669922, 1039.66918945, 418.835845947, 136.805145264, 87.4288101196, 73.8773422241, 52.6729278564, 19.9595470428, 18.5741519928, 8.39223575592, 7.03204584122, 19.3700752258, 10.4507894516, 1.32612168789, 0.0509314872324, 0.000828226446174, 1.73540229298e-07],
        "dvar2": [0.628313004971, 6.9934835434, 60.9049797058, 94.4960708618, 102.259681702, 39.8447380066, 101.18560791, 164.320785522, 83.379524231, 251.854034424, 686.076782227, 121.086616516, 333.87097168, 411.937866211, 467.385650635, 706.232299805, 450.08996582, 4182.22802734, 2904.26782227, 1209.77392578, 3930.49487305, 1303.45483398, 3912.77490234, 2092.01318359, 2384.484375, 921.42376709, 334.799987793, 184.753067017, 180.056167603, 120.652275085, 43.1035804749, 42.801990509, 19.1563358307, 17.6008033752, 47.7644424438, 26.4635753632, 3.48868370056, 0.123064219952, 0.00214015715756, 4.50780248684e-07],
        "max": [6.28689861298, 19.0738487244, 51.0153617859, 147.529541016, 237.689025879, 175.080718994, 179.459396362, 207.94758606, 202.416946411, 351.779174805, 491.032867432, 229.436782837, 478.225921631, 437.589263916, 715.143920898, 438.529449463, 418.900665283, 1098.64697266, 910.445861816, 672.778015137, 1051.7689209, 479.970855713, 823.213745117, 613.856811523, 670.983215332, 603.339416504, 197.522994995, 128.794219971, 109.479675293, 113.726928711, 65.0398635864, 53.5661849976, 39.9243011475, 32.6694831848, 46.2601928711, 26.7025604248, 9.47231006622, 2.21846270561, 0.314382582903, 0.00442233821377],
        "mean": [0.804273307323, 3.256534338, 5.45711994171, 7.30519390106, 9.52966403961, 6.98737335205, 10.0929803848, 13.1970996857, 9.40043354034, 16.5492534637, 26.0825767517, 13.4299116135, 17.7064781189, 14.3312368393, 19.1567974091, 23.2949638367, 22.3213024139, 55.3647155762, 39.4381980896, 26.0940990448, 32.6365242004, 27.9533119202, 41.0872383118, 33.4409637451, 38.9046897888, 29.1893024445, 19.2406005859, 15.988697052, 13.1037006378, 10.7462062836, 8.17674160004, 6.73037147522, 4.74666976929, 3.54584527016, 3.01371955872, 1.72150039673, 0.625416994095, 0.168702155352, 0.0170447863638, 0.000306741683744],
        "median": [0.432339787483, 2.44747114182, 2.75195336342, 2.72827672958, 3.10442590714, 3.74698328972, 5.44885921478, 6.72065830231, 6.14650678635, 7.94900655746, 9.99552726746, 8.38283538818, 8.32806682587, 7.60888719559, 10.9049081802, 12.5743293762, 13.8798160553, 23.8694629669, 19.5987300873, 15.9013977051, 16.4104003906, 16.7172660828, 18.7141990662, 18.596075058, 19.828420639, 19.0797863007, 14.1512060165, 10.7102775574, 8.53920555115, 6.41377019882, 5.24824666977, 4.17403888702, 3.02055764198, 2.20500588417, 1.49991393089, 0.769054353237, 0.295005351305, 0.0929869785905, 0.00768660614267, 0.000181231152965],
        "min": [1.49375691982e-21, 1.59422761795e-20, 1.93883687726e-20, 5.56448081603e-20, 1.90390723719e-20, 1.71281122891e-19, 3.47527526655e-19, 4.38547431032e-19, 1.9201693043e-18, 1.72468884457e-18, 1.5377302063e-18, 8.15112616103e-19, 4.2908253061e-18, 2.82947861192e-18, 3.94798665275e-18, 4.2950790824e-18, 2.4752383078e-18, 6.749027002e-18, 9.45276444145e-18, 8.74988260518e-18, 7.295729694e-18, 9.10776395156e-18, 1.7389379612e-17, 1.01584338764e-17, 1.73066036481e-17, 1.67360012267e-17, 1.56099387521e-17, 1.86207074369e-17, 2.21984356398e-17, 1.90756964785e-17, 1.48388260958e-17, 1.99273781808e-17, 1.27914539909e-17, 1.23403171294e-17, 8.48863580668e-18, 6.71423123595e-18, 3.49855833284e-18, 1.31090415085e-18, 3.18550071478e-19, 3.53797878816e-20],
        "var": [0.786370158195, 8.14740371704, 49.1202697754, 148.011108398, 384.25378418, 90.2368927002, 186.294723511, 327.075286865, 108.443687439, 675.028381348, 2237.1484375, 272.038818359, 870.210083008, 538.246643066, 1105.68457031, 1030.57055664, 711.389892578, 9056.88867188, 4154.31591797, 1175.18908691, 3234.9309082, 1208.40588379, 4571.55712891, 1861.13928223, 3374.73339844, 1476.64367676, 362.572692871, 309.339813232, 219.021438599, 181.429336548, 84.3865890503, 62.9142494202, 30.1432476044, 15.8291244507, 20.7094802856, 9.55955123901, 1.18482208252, 0.0635102763772, 0.000857331324369, 1.78446597943e-07]
    },
    "gfcc": {
        "mean": [43.4696502686, 58.3328132629, -88.2835998535, 35.4029159546, -36.2977905273, 16.9391002655, -27.5893859863, 15.1828126907, -19.9686641693, 13.5097665787, -13.038649559, 4.5565495491, -13.2958564758],
        "cov": [[11719.4003906, -2367.25561523, -233.333465576, 543.15234375, -197.444869995, 615.126464844, -79.7170257568, 384.910888672, -231.350891113, 315.207366943, -295.559020996, 203.426727295, -209.224319458], [-2367.25561523, 2690.82641602, 7.61594867706, -217.654220581, 208.477462769, -357.436645508, 99.8093948364, -269.502716064, 112.562171936, -253.117156982, 111.364852905, -184.665542603, 122.553726196], [-233.333465576, 7.61594867706, 712.243469238, -103.393600464, -81.2696914673, 19.1461696625, -18.8879184723, -41.4164581299, -7.83604621887, -7.31925344467, -39.571434021, 43.7116584778, 54.2581634521], [543.15234375, -217.654220581, -103.393600464, 545.093933105, -72.9100723267, 85.391784668, 65.7958450317, 19.0594215393, 38.6445770264, -1.14571881294, 21.2427787781, 1.74817442894, 19.7817554474], [-197.444869995, 208.477462769, -81.2696914673, -72.9100723267, 254.337005615, -7.45625352859, 17.9606285095, 11.2856836319, -2.35432934761, -6.07438802719, 18.9671440125, -32.7684402466, -27.863904953], [615.126464844, -357.436645508, 19.1461696625, 85.391784668, -7.45625352859, 198.204193115, 28.6640338898, 44.5454025269, 12.8588609695, 51.7908630371, 1.30257380009, 46.6865158081, 8.85326385498], [-79.7170257568, 99.8093948364, -18.8879184723, 65.7958450317, 17.9606285095, 28.6640338898, 116.015235901, 33.1371116638, 46.2480545044, -7.31675338745, 30.4331607819, 11.0235042572, 37.0575141907], [384.910888672, -269.502716064, -41.4164581299, 19.0594215393, 11.2856836319, 44.5454025269, 33.1371116638, 131.892425537, 31.9708251953, 59.3997306824, -2.01688861847, 11.3165130615, -25.1407775879], [-231.350891113, 112.562171936, -7.83604621887, 38.6445770264, -2.35432934761, 12.8588609695, 46.2480545044, 31.9708251953, 116.852172852, 50.3624610901, 52.2719421387, -0.113261669874, 25.952539444], [315.207366943, -253.117156982, -7.31925344467, -1.14571881294, -6.07438802719, 51.7908630371, -7.31675338745, 59.3997306824, 50.3624610901, 130.56578064, 42.0400543213, 29.1431274414, -21.4839897156], [-295.559020996, 111.364852905, -39.571434021, 21.2427787781, 18.9671440125, 1.30257380009, 30.4331607819, -2.01688861847, 52.2719421387, 42.0400543213, 107.515045166, 37.47996521, 30.724855423], [203.426727295, -184.665542603, 43.7116584778, 1.74817442894, -32.7684402466, 46.6865158081, 11.0235042572, 11.3165130615, -0.113261669874, 29.1431274414, 37.47996521, 110.736808777, 61.1241035461], [-209.224319458, 122.553726196, 54.2581634521, 19.7817554474, -27.863904953, 8.85326385498, 37.0575141907, -25.1407775879, 25.952539444, -21.4839897156, 30.724855423, 61.1241035461, 115.14414978]],
        "icov": [[0.000156522088218, -9.92155764834e-05, 7.8126162407e-05, -0.00018287707644, 7.56176523282e-05, -0.000310691917548, 3.3069136407e-05, -0.00027575076092, 0.00043949027895, -0.000542569672689, 0.000684846367221, -0.00053224968724, 0.000255460094195], [-9.92155764834e-05, 0.00128880853299, -0.000142796081491, 0.000569387455471, -0.000668525230139, 0.00122685870156, -0.000779545924161, 0.00171770644374, -0.00165662134532, 0.0018716158811, -0.00181153439917, 0.00238825986162, -0.00127454986796], [7.8126162407e-05, -0.000142796081491, 0.00173349387478, 0.000269666023087, 0.000471791077871, -0.0004395043361, -4.86569260829e-05, 0.000506185577251, -9.16971548577e-05, -0.000742130854633, 0.0016637747176, -0.000971870147623, -0.000340940314345], [-0.00018287707644, 0.000569387455471, 0.000269666023087, 0.00276517262682, 0.000671282585245, -0.000480073009385, -0.00123583129607, 0.000931153306738, -0.00126690778416, 0.00181885401253, -0.00191493367311, 0.00214139418676, -0.00074091431452], [7.56176523282e-05, -0.000668525230139, 0.000471791077871, 0.000671282585245, 0.00529417023063, -0.00142010580748, -0.000619767699391, -0.0015682548983, 0.00198830571026, -0.000294242199743, -0.00129791314248, 0.000807969365269, 0.00117306073662], [-0.000310691917548, 0.00122685870156, -0.0004395043361, -0.000480073009385, -0.00142010580748, 0.00898951571435, -0.00280896341428, 0.00193830416538, -0.00170823477674, -0.00104357849341, 0.000527878582943, -0.00078195129754, -0.000823834503535], [3.3069136407e-05, -0.000779545924161, -4.86569260829e-05, -0.00123583129607, -0.000619767699391, -0.00280896341428, 0.0160578880459, -0.0067298761569, -0.00316913146526, 0.00511880777776, -0.00304011418484, 0.000118383264635, -0.00302862003446], [-0.00027575076092, 0.00171770644374, 0.000506185577251, 0.000931153306738, -0.0015682548983, 0.00193830416538, -0.0067298761569, 0.0163768976927, -0.00534568540752, -0.00292011583224, 0.00321726314723, -0.00101358804386, 0.002824944444], [0.00043949027895, -0.00165662134532, -9.16971548577e-05, -0.00126690778416, 0.00198830571026, -0.00170823477674, -0.00316913146526, -0.00534568540752, 0.0218449011445, -0.0110291866586, -0.00304813194089, 0.00594498682767, -0.00603613071144], [-0.000542569672689, 0.0018716158811, -0.000742130854633, 0.00181885401253, -0.000294242199743, -0.00104357849341, 0.00511880777776, -0.00292011583224, -0.0110291866586, 0.0230555851012, -0.0102573558688, -0.000652555318084, 0.0046544643119], [0.000684846367221, -0.00181153439917, 0.0016637747176, -0.00191493367311, -0.00129791314248, 0.000527878582943, -0.00304011418484, 0.00321726314723, -0.00304813194089, -0.0102573558688, 0.0242463741452, -0.0127754025161, 0.00312882522121], [-0.00053224968724, 0.00238825986162, -0.000971870147623, 0.00214139418676, 0.000807969365269, -0.00078195129754, 0.000118383264635, -0.00101358804386, 0.00594498682767, -0.000652555318084, -0.0127754025161, 0.0287382174283, -0.0167311504483], [0.000255460094195, -0.00127454986796, -0.000340940314345, -0.00074091431452, 0.00117306073662, -0.000823834503535, -0.00302862003446, 0.002824944444, -0.00603613071144, 0.0046544643119, 0.00312882522121, -0.0167311504483, 0.0230079609901]]
    },
    "melbands": {
        "dmean": [0.00321621214971, 0.00137369357981, 0.000536827370524, 0.00021639863553, 0.000136561371619, 0.000118472307804, 6.20891296421e-05, 7.25254431018e-05, 7.43016425986e-05, 3.96475807065e-05, 3.91058347304e-05, 2.86822996713e-05, 3.15363540722e-05, 3.50768350472e-05, 1.88970861927e-05, 4.18604467995e-05, 4.73796389997e-05, 3.25275868818e-05, 2.60045562754e-05, 1.45521198647e-05, 2.31709091167e-05, 1.63359036378e-05, 1.47149485201e-05, 2.5339961212e-05, 1.36379785545e-05, 1.53168093675e-05, 1.22901265058e-05, 8.57313261804e-06, 6.7397136263e-06, 4.67856125397e-06, 4.48681112175e-06, 3.54255917046e-06, 3.26720214616e-06, 2.72364991361e-06, 2.10226244235e-06, 2.09579820876e-06, 1.93700543605e-06, 1.66994971096e-06, 1.56717760547e-06, 1.76272521912e-06],
        "dmean2": [0.00465480796993, 0.00221184291877, 0.000798657652922, 0.000309318827931, 0.000200675189262, 0.000174989618245, 9.23361367313e-05, 0.000102769125078, 0.000104691374872, 5.64680776733e-05, 5.66322196391e-05, 4.4468913984e-05, 4.67713762191e-05, 5.07286313223e-05, 2.84241141344e-05, 6.18684207438e-05, 6.98043950251e-05, 4.79058762721e-05, 3.98319425585e-05, 2.25984276767e-05, 3.61536585842e-05, 2.63187066594e-05, 2.33930823015e-05, 4.10853608628e-05, 2.22240323637e-05, 2.3823349693e-05, 1.93034284166e-05, 1.3335337826e-05, 1.08756394184e-05, 7.01745557308e-06, 7.04562307874e-06, 5.60625903745e-06, 5.03854653289e-06, 4.17930186813e-06, 3.16271348311e-06, 3.25105702359e-06, 3.05853973259e-06, 2.57228157352e-06, 2.44907300839e-06, 2.80717358692e-06],
        "dvar": [1.5145143152e-05, 3.73866873815e-06, 9.46282455061e-07, 1.46310185301e-07, 4.76340780153e-08, 3.37128653882e-08, 7.7191097958e-09, 1.33035138461e-08, 2.0808140988e-08, 4.41328440459e-09, 4.70120786744e-09, 2.87912582664e-09, 4.74084993485e-09, 3.51633167028e-09, 1.00219377241e-09, 4.84265827438e-09, 6.77356082335e-09, 4.14411038818e-09, 2.1096557834e-09, 5.99752358887e-10, 2.60452237555e-09, 8.65855886989e-10, 7.29915294873e-10, 3.44315065348e-09, 6.37604635756e-10, 8.549256858e-10, 5.98044336275e-10, 2.58085885996e-10, 8.22823059687e-11, 4.3102483388e-11, 4.23028938268e-11, 2.59335383029e-11, 2.47606015552e-11, 1.62134593945e-11, 8.07037509737e-12, 7.73776875906e-12, 7.8338368778e-12, 5.00196195227e-12, 4.5572950795e-12, 6.30010930577e-12],
        "dvar2": [2.88303526759e-05, 1.05708622868e-05, 2.1913965611e-06, 2.72711986327e-07, 1.02945364233e-07, 7.44201571479e-08, 1.88378432853e-08, 2.72581743843e-08, 3.74527999725e-08, 7.98587596051e-09, 8.51689652137e-09, 6.3218696944e-09, 8.64443538973e-09, 7.03097713384e-09, 2.06613215425e-09, 9.55414147796e-09, 1.3296379997e-08, 8.35584401671e-09, 4.6729717873e-09, 1.43150158394e-09, 6.33820018692e-09, 2.19307549898e-09, 1.75115799639e-09, 8.63918003802e-09, 1.66457880812e-09, 1.93102289714e-09, 1.37304301262e-09, 5.63576074697e-10, 2.08227227128e-10, 9.91784224191e-11, 1.01354105664e-10, 6.28968752081e-11, 6.2740049267e-11, 3.70792944959e-11, 1.83657446889e-11, 1.84415729215e-11, 1.85110225759e-11, 1.17964049987e-11, 1.15999588407e-11, 1.5797189945e-11],
        "max": [0.0413962677121, 0.0236341487616, 0.0202728118747, 0.0104583706707, 0.00644604349509, 0.00408797943965, 0.00284277624451, 0.00321374973282, 0.0036519903224, 0.00228327536024, 0.00240129139274, 0.00161345861852, 0.00331884319894, 0.00142592424527, 0.000945702427998, 0.00150679238141, 0.00186627858784, 0.00132214801852, 0.00098602741491, 0.000583875866141, 0.00128244236112, 0.000674292561598, 0.00059737887932, 0.00154458021279, 0.000579277344514, 0.000743676617276, 0.000677158415783, 0.000458329945104, 0.000124570040498, 0.000125699254568, 8.97808349691e-05, 6.72825844958e-05, 7.24699930288e-05, 5.34839309694e-05, 4.20957840106e-05, 3.89389169868e-05, 3.96433970309e-05, 3.18852253258e-05, 3.01895906887e-05, 3.14071694447e-05],
        "mean": [0.00609664013609, 0.00336706312373, 0.00137941841967, 0.000563763955142, 0.000340965460055, 0.000283965549897, 0.000154305569595, 0.000192626888747, 0.000189744212548, 9.34394702199e-05, 8.85326007847e-05, 5.41590452485e-05, 6.53231618344e-05, 7.180236571e-05, 3.80178098567e-05, 8.40188513394e-05, 9.74663853412e-05, 6.11090872553e-05, 4.61157178506e-05, 2.66085462499e-05, 3.90674831579e-05, 2.85420392174e-05, 2.73547084362e-05, 4.4949058065e-05, 2.31663543673e-05, 3.03080687445e-05, 2.5133291274e-05, 1.79004928214e-05, 1.26294607981e-05, 9.49820696405e-06, 9.26503071241e-06, 7.33547949494e-06, 6.84808810547e-06, 5.57365319764e-06, 4.77914409203e-06, 4.29597275797e-06, 3.95651522922e-06, 3.38229574481e-06, 2.95927793559e-06, 2.98790087072e-06],
        "median": [0.00393595034257, 0.00234526977874, 0.000552595127374, 0.000248433643719, 0.000192941806745, 0.000153949396918, 0.000101733880001, 9.95074078673e-05, 6.91738168825e-05, 4.749528307e-05, 4.09856838814e-05, 2.71114786301e-05, 3.04733384837e-05, 3.38843674399e-05, 1.99102960323e-05, 3.63227118214e-05, 4.08588421124e-05, 2.6525969588e-05, 2.28750468523e-05, 1.5783634808e-05, 1.71247211256e-05, 1.39280591611e-05, 1.29364470922e-05, 1.63939785125e-05, 1.18376656246e-05, 1.34207148221e-05, 1.15989287224e-05, 1.03860629679e-05, 8.67849757924e-06, 6.0289639805e-06, 5.78580329602e-06, 4.64865706817e-06, 3.98487236453e-06, 3.15682655128e-06, 2.93282278108e-06, 2.67471068582e-06, 2.35914762925e-06, 2.08651408684e-06, 1.78254776984e-06, 1.7510019461e-06],
        "min": [1.72524195516e-23, 1.57540524151e-23, 7.81792948169e-24, 5.37938292994e-24, 1.20962463925e-23, 9.98406106361e-24, 2.89338718361e-23, 1.95876292691e-23, 1.04538892638e-23, 5.11003978449e-24, 2.14629756773e-23, 1.08636046853e-23, 1.1268436269e-23, 1.71104103892e-23, 4.97235002994e-24, 6.17482254068e-24, 1.53119353207e-23, 1.73861661849e-23, 1.33389011112e-23, 1.17544866048e-23, 7.52618978627e-24, 9.3136073914e-24, 1.08542850826e-23, 1.62432913267e-23, 6.85870144221e-24, 1.17820012844e-23, 1.26785275036e-23, 1.11732057694e-23, 1.12624929909e-23, 6.5161630488e-24, 1.24451288053e-23, 1.18164776614e-23, 1.3825541515e-23, 8.85777437251e-24, 7.35803382913e-24, 1.08513094993e-23, 1.24151962671e-23, 7.59499186784e-24, 1.19089826465e-23, 9.61309685635e-24],
        "var": [3.38893441949e-05, 1.02529857031e-05, 4.12115150539e-06, 8.04844944469e-07, 1.92152725731e-07, 1.36168267773e-07, 2.72779043797e-08, 6.95060151656e-08, 1.23832847976e-07, 2.156126655e-08, 2.22815508266e-08, 7.6195965093e-09, 2.25034106904e-08, 1.14087868042e-08, 2.93019697395e-09, 1.81850925429e-08, 2.80814980158e-08, 1.19390701769e-08, 5.01529262564e-09, 1.21870769032e-09, 5.2352779889e-09, 1.81900450258e-09, 1.94567251199e-09, 8.89943674309e-09, 1.11170816997e-09, 2.47843501278e-09, 2.16738560432e-09, 7.93432264334e-10, 1.77863709871e-10, 1.18389784087e-10, 1.17520118637e-10, 6.86950496487e-11, 7.3562309022e-11, 5.04838809645e-11, 3.11625343585e-11, 2.43099047836e-11, 2.36471970477e-11, 1.60235123781e-11, 1.2477528559e-11, 1.22245200074e-11]
    },
    "mfcc": {
        "mean": [-610.222473145, 100.425483704, 10.7614564896, 30.1060657501, 14.0513572693, 12.2152376175, 9.05302715302, 4.95008277893, 3.54713869095, 8.32667255402, 7.36257648468, 3.98286104202, 1.70825064182],
        "cov": [[7317.1484375, -1748.67614746, -545.340454102, 83.1331787109, -50.8790664673, 87.5554122925, 98.4516448975, 65.4670562744, 33.0331611633, 138.372085571, 77.2854537964, 17.9532489777, 24.6754894257], [-1748.67614746, 2224.26123047, -9.82985401154, -0.698433339596, 63.9466819763, -121.110328674, -51.600769043, -66.2612380981, -53.4994773865, -68.498840332, -27.0236911774, -38.6596755981, -51.770866394], [-545.340454102, -9.82985401154, 672.847290039, -9.67748737335, -53.9945716858, 35.2373580933, -46.4172668457, -12.1718759537, 38.2795639038, -59.6027259827, -66.5727462769, -5.51524543762, 4.77123451233], [83.1331787109, -0.698433339596, -9.67748737335, 315.136993408, 2.54618501663, 28.4611721039, 6.68060588837, 29.8873500824, 0.296954482794, 27.3130645752, 2.21586036682, 3.57357859612, -7.0279750824], [-50.8790664673, 63.9466819763, -53.9945716858, 2.54618501663, 133.059677124, 25.3251304626, 26.8665866852, -5.83291435242, -9.65120220184, 7.20992517471, 23.4650878906, 4.39858102798, -4.33103370667], [87.5554122925, -121.110328674, 35.2373580933, 28.4611721039, 25.3251304626, 119.922576904, 26.0955677032, 20.1861553192, 7.98174476624, -1.06125402451, -0.374589204788, 12.4734334946, 9.21362400055], [98.4516448975, -51.600769043, -46.4172668457, 6.68060588837, 26.8665866852, 26.0955677032, 81.8142547607, 38.9273147583, 7.80310916901, 4.1310210228, 6.03582239151, 0.961041510105, 4.14105415344], [65.4670562744, -66.2612380981, -12.1718759537, 29.8873500824, -5.83291435242, 20.1861553192, 38.9273147583, 81.3535919189, 34.2503890991, 5.92915678024, -9.74062633514, -0.290146321058, 3.14093923569], [33.0331611633, -53.4994773865, 38.2795639038, 0.296954482794, -9.65120220184, 7.98174476624, 7.80310916901, 34.2503890991, 76.0341110229, 29.0277061462, 1.60004127026, -0.254851400852, 6.7883477211], [138.372085571, -68.498840332, -59.6027259827, 27.3130645752, 7.20992517471, -1.06125402451, 4.1310210228, 5.92915678024, 29.0277061462, 97.8135223389, 61.2622909546, 22.432220459, 3.97923660278], [77.2854537964, -27.0236911774, -66.5727462769, 2.21586036682, 23.4650878906, -0.374589204788, 6.03582239151, -9.74062633514, 1.60004127026, 61.2622909546, 110.480743408, 50.5977020264, 11.6033744812], [17.9532489777, -38.6596755981, -5.51524543762, 3.57357859612, 4.39858102798, 12.4734334946, 0.961041510105, -0.290146321058, -0.254851400852, 22.432220459, 50.5977020264, 78.1715545654, 34.185585022], [24.6754894257, -51.770866394, 4.77123451233, -7.0279750824, -4.33103370667, 9.21362400055, 4.14105415344, 3.14093923569, 6.7883477211, 3.97923660278, 11.6033744812, 34.185585022, 69.0798339844]],
