{
"lowlevel": {
    "average_loudness": 0.922384798527,
    "barkbands_crest": {
        "dmean": 3.24993538857,
        "dmean2": 4.82106161118,
        "dvar": 9.21480369568,
        "dvar2": 18.525100708,
        "max": 26.5561389923,
        "mean": 12.5555181503,
        "median": 12.1032314301,
        "min": 1.86312007904,
        "var": 35.9629402161
    },
    "barkbands_flatness_db": {
        "dmean": 0.0292436983436,
        "dmean2": 0.0399953499436,
        "dvar": 0.00105425214861,
        "dvar2": 0.00174536334816,
        "max": 0.577598929405,
        "mean": 0.146985575557,
        "median": 0.110864154994,
        "min": 0.0118897715583,
        "var": 0.0116283847019
    },
    "barkbands_kurtosis": {
        "dmean": 10.9025535583,
        "dmean2": 14.6162643433,
        "dvar": 1948.9642334,
        "dvar2": 3042.02880859,
        "max": 1413.22314453,
        "mean": 13.8976325989,
        "median": 2.16153621674,
        "min": -1.94178533554,
        "var": 3626.13891602
    },
    "barkbands_skewness": {
        "dmean": 1.00788426399,
        "dmean2": 1.35089659691,
        "dvar": 2.04572582245,
        "dvar2": 3.08511137962,
        "max": 32.1787338257,
        "mean": 2.11766576767,
        "median": 1.61194097996,
        "min": -2.46951293945,
        "var": 7.15763807297
    },
    "barkbands_spread": {
        "dmean": 11.3187980652,
        "dmean2": 17.2738513947,
        "dvar": 196.43927002,
        "dvar2": 452.259674072,
        "max": 105.263809204,
        "mean": 33.5065498352,
        "median": 32.0017242432,
        "min": 0.186717733741,
        "var": 613.235351562
    },
    "dissonance": {
        "dmean": 0.0140785304829,
        "dmean2": 0.0237214583904,
        "dvar": 0.000496914202813,
        "dvar2": 0.00141162099317,
        "max": 0.500000119209,
        "mean": 0.475717782974,
        "median": 0.487471759319,
        "min": 0.181143045425,
        "var": 0.0011619720608
    },
    "dynamic_complexity": 2.44031977654,
    "erbbands_crest": {
        "dmean": 2.07808709145,
        "dmean2": 3.23934149742,
        "dvar": 6.05210542679,
        "dvar2": 12.4506549835,
        "max": 30.6930160522,
        "mean": 7.18648386002,
        "median": 5.07592535019,
        "min": 1.97567284107,
        "var": 24.6095275879
    },
    "erbbands_flatness_db": {
        "dmean": 0.013543875888,
        "dmean2": 0.0195658951998,
        "dvar": 0.000200327078346,
        "dvar2": 0.000384700222639,
        "max": 0.596122682095,
        "mean": 0.132884845138,
        "median": 0.0952124893665,
        "min": 0.0314889624715,
        "var": 0.00903876591474
    },
    "erbbands_kurtosis": {
        "dmean": 1.21507453918,
        "dmean2": 1.86603415012,
        "dvar": 7.78256893158,
        "dvar2": 16.1809368134,
        "max": 74.0198745728,
        "mean": 1.06350076199,
        "median": -0.442131519318,
        "min": -1.86313474178,
        "var": 24.5553474426
    },
    "erbbands_skewness": {
        "dmean": 0.411285370588,
        "dmean2": 0.576564133167,
        "dvar": 0.219235539436,
        "dvar2": 0.407654553652,
        "max": 7.33515262604,
        "mean": 0.059155613184,
        "median": -0.237489566207,
        "min": -3.91212677956,
        "var": 1.27788507938
    },
    "erbbands_spread": {
        "dmean": 12.2849416733,
        "dmean2": 18.7433319092,
        "dvar": 226.230621338,
        "dvar2": 531.043701172,
        "max": 178.918426514,
        "mean": 56.2527084351,
        "median": 55.2979202271,
        "min": 0.922202348709,
        "var": 1012.47973633
    },
    "hfc": {
        "dmean": 24.4691562653,
        "dmean2": 37.4707107544,
        "dvar": 1083.40600586,
        "dvar2": 2750.93847656,
        "max": 284.712341309,
        "mean": 54.8818969727,
        "median": 41.8362579346,
        "min": 7.21903914425e-09,
        "var": 2071.65087891
    },
    "melbands_crest": {
        "dmean": 3.95098280907,
        "dmean2": 6.06019735336,
        "dvar": 12.857216835,
        "dvar2": 29.6065444946,
        "max": 36.9823417664,
        "mean": 17.787437439,
        "median": 17.4666252136,
        "min": 2.8070166111,
        "var": 48.7561035156
    },
    "melbands_flatness_db": {
        "dmean": 0.0377821400762,
        "dmean2": 0.0517797395587,
        "dvar": 0.00172765739262,
        "dvar2": 0.00298670702614,
        "max": 0.701685130596,
        "mean": 0.220284238458,
        "median": 0.19054441154,
        "min": 0.0147325377911,
        "var": 0.0171064790338
    },
    "melbands_kurtosis": {
        "dmean": 27.1585884094,
        "dmean2": 38.6308708191,
        "dvar": 2867.20336914,
        "dvar2": 5120.95361328,
        "max": 1182.40869141,
        "mean": 44.1517868042,
        "median": 14.6056957245,
        "min": -1.85883820057,
        "var": 6762.08007812
    },
    "melbands_skewness": {
        "dmean": 1.44273471832,
        "dmean2": 2.02506184578,
        "dvar": 3.35667824745,
        "dvar2": 6.08122158051,
        "max": 24.203212738,
        "mean": 4.34140539169,
        "median": 3.36840939522,
        "min": -2.11240696907,
        "var": 13.0218105316
    },
    "melbands_spread": {
        "dmean": 11.1105442047,
        "dmean2": 16.9522533417,
        "dvar": 244.293426514,
        "dvar2": 535.059143066,
        "max": 196.770996094,
        "mean": 28.1041793823,
        "median": 17.2623729706,
        "min": 0.268598943949,
        "var": 874.505310059
    },
    "pitch_salience": {
        "dmean": 0.0980243086815,
        "dmean2": 0.144331857562,
        "dvar": 0.00907464884222,
        "dvar2": 0.0178883746266,
        "max": 0.887422025204,
        "mean": 0.511363744736,
        "median": 0.543567359447,
        "min": 0.0380265489221,
        "var": 0.0360890701413
    },
    "silence_rate_20dB": {
        "dmean": 0,
        "dmean2": 0,
        "dvar": 0,
        "dvar2": 0,
        "max": 1,
        "mean": 1,
        "median": 1,
        "min": 1,
        "var": 0
    },
    "silence_rate_30dB": {
        "dmean": 0.0768639519811,
        "dmean2": 0.153747603297,
        "dvar": 0.0709599107504,
        "dvar2": 0.141129851341,
        "max": 1,
        "mean": 0.858972728252,
        "median": 1,
        "min": 0,
        "var": 0.12114366889
    },
    "silence_rate_60dB": {
        "dmean": 0.00333077111281,
        "dmean2": 0.00653427280486,
        "dvar": 0.00332001899369,
        "dvar2": 0.00725959287956,
        "max": 1,
        "mean": 0.0500832572579,
        "median": 0,
        "min": 0,
        "var": 0.0475694462657
    },
    "spectral_centroid": {
        "dmean": 364.448150635,
        "dmean2": 525.381347656,
        "dvar": 196452.671875,
        "dvar2": 366240.8125,
        "max": 4176.40722656,
        "mean": 1718.96008301,
        "median": 1877.44482422,
        "min": 114.759216309,
        "var": 924079.875
    },
    "spectral_complexity": {
        "dmean": 6.36126041412,
        "dmean2": 9.29839801788,
        "dvar": 51.9124603271,
        "dvar2": 96.6318435669,
        "max": 62,
        "mean": 29.3226585388,
        "median": 32,
        "min": 0,
        "var": 272.402069092
    },
    "spectral_decrease": {
        "dmean": 4.68964245215e-09,
        "dmean2": 6.28586249718e-09,
        "dvar": 3.85813349696e-17,
        "dvar2": 6.5601484155e-17,
        "max": -2.13669282523e-20,
        "mean": -1.42162921435e-08,
        "median": -1.05044657417e-08,
        "min": -6.76665550259e-08,
        "var": 1.54561040031e-16
    },
    "spectral_energy": {
        "dmean": 0.0180156305432,
        "dmean2": 0.0242663919926,
        "dvar": 0.000515238498338,
        "dvar2": 0.000885360990651,
        "max": 0.259476900101,
        "mean": 0.0586335547268,
        "median": 0.0451516658068,
        "min": 7.35432168723e-13,
        "var": 0.0022183409892
    },
    "spectral_energyband_high": {
        "dmean": 0.00246580084786,
        "dmean2": 0.00381039851345,
        "dvar": 1.22335250126e-05,
        "dvar2": 3.02415010083e-05,
        "max": 0.0358322374523,
        "mean": 0.00464051729068,
        "median": 0.00305012264289,
        "min": 5.69486569447e-13,
        "var": 2.4699162168e-05
    },
    "spectral_energyband_low": {
        "dmean": 0.0164121314883,
        "dmean2": 0.0220924858004,
        "dvar": 0.000763645919506,
        "dvar2": 0.00136908038985,
        "max": 0.247460365295,
        "mean": 0.0367379337549,
        "median": 0.0168435685337,
        "min": 1.76286140226e-14,
        "var": 0.00243994686753
    },
    "spectral_energyband_middle_high": {
        "dmean": 0.00175208970904,
        "dmean2": 0.00253522116691,
        "dvar": 5.27120528204e-06,
        "dvar2": 1.05318149508e-05,
        "max": 0.0410157777369,
        "mean": 0.00489132432267,
        "median": 0.00384477875195,
        "min": 1.11534892921e-13,
        "var": 2.07477369258e-05
    },
    "spectral_energyband_middle_low": {
        "dmean": 0.00723469397053,
        "dmean2": 0.0114819044247,
        "dvar": 0.00013523909729,
        "dvar2": 0.000327144545736,
        "max": 0.109452575445,
        "mean": 0.0140548925847,
        "median": 0.00966280139983,
        "min": 2.19725987757e-14,
        "var": 0.00020073352789
    },
    "spectral_entropy": {
        "dmean": 0.169246062636,
        "dmean2": 0.239471688867,
        "dvar": 0.0413061492145,
        "dvar2": 0.0822831168771,
        "max": 8.81335163116,
        "mean": 7.80964326859,
        "median": 8.17223739624,
        "min": 4.43842124939,
        "var": 0.790094137192
    },
    "spectral_flux": {
        "dmean": 0.0353902764618,
        "dmean2": 0.0497264117002,
        "dvar": 0.00172508310061,
        "dvar2": 0.00278801983222,
        "max": 0.457655876875,
        "mean": 0.124129325151,
        "median": 0.105762824416,
        "min": 1.41968557728e-05,
        "var": 0.00636289222166
    },
    "spectral_kurtosis": {
        "dmean": 4.07417583466,
        "dmean2": 6.85181570053,
        "dvar": 304.049804688,
        "dvar2": 904.036193848,
        "max": 809.332092285,
        "mean": 11.7877645493,
        "median": 2.11685562134,
        "min": -0.507214307785,
        "var": 1792.88781738
    },
    "spectral_rms": {
        "dmean": 0.00107743812259,
        "dmean2": 0.00146395864431,
        "dvar": 1.23075676584e-06,
        "dvar2": 2.25791472985e-06,
        "max": 0.0159106310457,
        "mean": 0.00694576371461,
        "median": 0.00663704797626,
        "min": 2.67860933434e-08,
        "var": 8.95984430827e-06
    },
    "spectral_rolloff": {
        "dmean": 1265.35693359,
        "dmean2": 2110.71972656,
        "dvar": 3953746.75,
        "dvar2": 9248841,
        "max": 17011.2304688,
        "mean": 2517.3125,
        "median": 904.39453125,
        "min": 64.599609375,
        "var": 8780086
    },
    "spectral_skewness": {
        "dmean": 0.292377203703,
        "dmean2": 0.471152812243,
        "dvar": 0.292183190584,
        "dvar2": 0.849320530891,
        "max": 22.8931903839,
        "mean": 1.78059923649,
        "median": 1.16196155548,
        "min": -0.0846397727728,
        "var": 4.12618970871
    },
    "spectral_spread": {
        "dmean": 688775.5625,
        "dmean2": 948023.875,
        "dvar": 591851880448,
        "dvar2": 1.00846770586e+12,
        "max": 14478472,
        "mean": 5961935,
        "median": 6164622,
        "min": 142354.25,
        "var": 7.04408348262e+12
    },
    "spectral_strongpeak": {
        "dmean": 0.345341563225,
        "dmean2": 0.558652818203,
        "dvar": 0.358358442783,
        "dvar2": 0.935690581799,
        "max": 17.4944896698,
        "mean": 0.734565198421,
        "median": 0.531572759151,
        "min": 0,
        "var": 0.61291885376
    },
    "zerocrossingrate": {
        "dmean": 0.0204954277724,
        "dmean2": 0.0245441868901,
        "dvar": 0.000523645605426,
        "dvar2": 0.000684488215484,
        "max": 0.61962890625,
        "mean": 0.0893096253276,
        "median": 0.07763671875,
        "min": 0.0029296875,
        "var": 0.00449769524857
    },
    "barkbands": {
        "dmean": [0.000620035745669, 0.0130893075839, 0.00871450733393, 0.00308365328237, 0.00365472678095, 0.00122094771359, 0.000779186899308, 0.000757913396228, 0.000703411002178, 0.000342052662745, 0.000274560326943, 0.000255054124864, 0.000215110791032, 0.000197630288312, 0.000212218219531, 0.000196950772079, 0.000297271704767, 0.00028816293343, 0.000282756693196, 0.000300306273857, 0.00031228348962, 0.000384749961086, 0.000528253149241, 0.000444890960352, 0.000398100935854, 0.00042396876961, 0.000119156124128],
        "dmean2": [0.000899144972209, 0.0180286765099, 0.014148062095, 0.00543972896412, 0.00580002134666, 0.00210935249925, 0.00124941847753, 0.00117282965221, 0.0010846555233, 0.000546453869902, 0.000419118208811, 0.000391541194404, 0.000341719511198, 0.000315514800604, 0.000340451253578, 0.000316264631692, 0.000455016153865, 0.000448842562037, 0.00044598718523, 0.000449078943348, 0.000481527036754, 0.000610690505709, 0.000864408153575, 0.000704752746969, 0.000601486302912, 0.00066682358738, 0.000200920563657],
        "dvar": [2.83931785816e-06, 0.000527465948835, 0.000591604330111, 7.98625260359e-05, 4.08459054597e-05, 1.28065012177e-05, 2.6831901323e-06, 3.27900033881e-06, 2.42039573095e-06, 5.87418583109e-07, 2.5847583629e-07, 2.13689901329e-07, 1.11532251879e-07, 1.11222824728e-07, 1.58587752708e-07, 1.07634861024e-07, 4.00706312575e-07, 2.41862807115e-07, 2.91456274226e-07, 4.44373370101e-07, 2.58453695778e-07, 3.69334003381e-07, 8.57045961311e-07, 5.32762328476e-07, 4.02310206482e-07, 4.62587195216e-07, 8.01282240559e-08],
        "dvar2": [5.75627655053e-06, 0.00101024459582, 0.00143543118611, 0.000220021407586, 9.59074459388e-05, 3.45935623045e-05, 6.72162241244e-06, 7.10575159246e-06, 5.27808970219e-06, 1.55325153628e-06, 5.75201056563e-07, 4.42397862344e-07, 2.75020852314e-07, 2.66594327059e-07, 3.87075829167e-07, 2.53131787531e-07, 9.24625737753e-07, 5.42516602309e-07, 5.91913590142e-07, 7.05631862274e-07, 5.05930870531e-07, 8.65512504333e-07, 2.28931116908e-06, 1.26081977214e-06, 8.96972380815e-07, 1.12891689241e-06, 2.19942236868e-07],
        "max": [0.0339966788888, 0.197932600975, 0.177441745996, 0.0828687846661, 0.0974986478686, 0.0794242396951, 0.0432723909616, 0.0543445833027, 0.050956312567, 0.0266065374017, 0.0233027208596, 0.017655402422, 0.0116622811183, 0.01175285317, 0.016196731478, 0.0110940057784, 0.0224291272461, 0.0144148729742, 0.0275060478598, 0.0364133045077, 0.0225692056119, 0.0179991517216, 0.0099689392373, 0.00799502711743, 0.0069431392476, 0.00610368838534, 0.00317774852738],
        "mean": [0.00121137022506, 0.0255159977823, 0.00840875506401, 0.00270772352815, 0.00542385922745, 0.00147082156036, 0.00141809391789, 0.00149701256305, 0.00136164482683, 0.000581205298658, 0.000461918942165, 0.00044430285925, 0.000373611721443, 0.000358672463335, 0.000383451231755, 0.000366596272215, 0.000567722832784, 0.000574124453124, 0.000569719995838, 0.0006546790828, 0.00068090017885, 0.000735538313165, 0.000844363996293, 0.00071243068669, 0.000606478541158, 0.000574338017032, 0.000128189712996],
        "median": [4.73155014333e-05, 0.00867835711688, 0.0016597029753, 0.000789248617366, 0.00234054285102, 0.000679595977999, 0.000522842514329, 0.000403885234846, 0.000591440766584, 0.000336647994118, 0.000257949373918, 0.00025236478541, 0.000229141194723, 0.000232799269725, 0.000244579627179, 0.000225924537517, 0.000329391390551, 0.000356211385224, 0.0003832904913, 0.000447587808594, 0.0005085344892, 0.000511458318215, 0.00050205696607, 0.000275747297565, 0.000241996123805, 0.000194863299839, 2.65864855464e-05],
        "min": [1.96358872901e-14, 7.12800925597e-15, 7.75872227048e-16, 1.74443693218e-15, 3.74385343961e-15, 9.58569928111e-16, 2.30782427402e-15, 3.55561010796e-15, 8.5664558536e-15, 3.63673002981e-15, 3.33041750509e-15, 2.6090878471e-15, 2.27588520268e-15, 2.67629842916e-15, 4.82370948605e-15, 1.20438733856e-14, 1.84349046851e-14, 2.39493754689e-14, 3.11089824419e-14, 2.78785444708e-14, 1.53694755084e-14, 4.44834632725e-14, 5.56977763065e-14, 6.0687911673e-14, 9.01955783282e-14, 1.1995181866e-13, 1.67564841668e-13],
        "var": [1.11944518721e-05, 0.00136698945425, 0.000534216524102, 5.37005907972e-05, 6.76561539876e-05, 1.21251359815e-05, 8.73934368428e-06, 1.39585072247e-05, 9.00393570191e-06, 1.19165304113e-06, 6.36212178051e-07, 4.87425154461e-07, 2.7078471021e-07, 2.8564872423e-07, 3.41621358757e-07, 2.99653237334e-07, 1.0422950254e-06, 6.9749847853e-07, 7.42350721339e-07, 1.65960466347e-06, 9.07574076336e-07, 8.69635812251e-07, 1.2120106021e-06, 1.07748246592e-06, 7.87180795214e-07, 6.4081302753e-07, 6.70914772627e-08]
    },
    "erbbands": {
        "dmean": [0.357267618179, 3.26020884514, 9.46719455719, 10.2939119339, 11.1415262222, 13.4650125504, 12.9525089264, 8.90587997437, 9.9905538559, 14.4931497574, 14.8956899643, 15.3441438675, 10.9431400299, 12.116104126, 9.47238063812, 9.42541694641, 9.59545040131, 9.60725307465, 10.5114974976, 9.79745483398, 11.5516681671, 16.5036010742, 15.6368350983, 13.9846258163, 14.4392681122, 13.9535503387, 13.6394510269, 13.0556402206, 14.4333791733, 14.7705755234, 14.9537792206, 9.3622045517, 7.44474554062, 4.28581857681, 2.948782444, 1.59864974022, 0.947562098503, 0.205401197076, 0.0182905551046, 0.000274788762908],
        "dmean2": [0.477961838245, 4.48977327347, 14.4397382736, 17.5204944611, 18.5085811615, 21.322769165, 22.1530990601, 15.2266464233, 15.9843549728, 23.1052379608, 22.958864212, 23.7315673828, 17.6254329681, 18.1014842987, 14.5412788391, 14.4932641983, 15.0390176773, 15.1688432693, 16.7067127228, 15.6095514297, 18.1519889832, 25.1036300659, 24.1832046509, 21.9581375122, 22.3970394135, 21.1098709106, 21.0901851654, 20.382818222, 23.2628517151, 24.1506233215, 23.9866218567, 15.1659183502, 11.5481491089, 6.50035953522, 4.5346121788, 2.48399448395, 1.51554596424, 0.333567976952, 0.0306322984397, 0.000449561717687],
        "dvar": [0.413456052542, 36.3223800659, 569.508666992, 915.948547363, 524.465820312, 626.046569824, 1194.37011719, 687.536071777, 395.826721191, 1260.45361328, 970.138183594, 1181.81933594, 698.194091797, 545.441833496, 246.583786011, 254.715927124, 234.565811157, 239.449172974, 359.442230225, 294.372161865, 407.881713867, 1206.44702148, 807.438781738, 593.707763672, 809.249755859, 866.347045898, 667.49798584, 428.856842041, 522.881286621, 532.53704834, 658.460998535, 219.56854248, 157.997940063, 49.8528900146, 22.2173576355, 6.55545186996, 2.73319792747, 0.162200734019, 0.00180366961285, 3.33339215786e-07],
        "dvar2": [0.845225334167, 64.8840560913, 1279.3347168, 2421.08422852, 1360.35632324, 1473.51391602, 3223.8059082, 1859.34033203, 886.671447754, 3108.50610352, 2060.5715332, 2442.30297852, 1861.83642578, 1072.79187012, 504.202972412, 581.606750488, 566.630737305, 585.975646973, 812.676086426, 715.171508789, 936.19934082, 2786.06713867, 1822.36083984, 1299.99963379, 1653.74060059, 1404.82006836, 1320.32214355, 896.441589355, 1270.31799316, 1356.0925293, 1742.25109863, 554.850341797, 347.474121094, 108.33265686, 50.4557952881, 15.4448547363, 6.88146877289, 0.42400342226, 0.00490379007533, 9.00925329006e-07],
        "max": [6.54601764679, 51.3420066833, 197.136611938, 269.074432373, 212.669143677, 571.220397949, 594.941833496, 821.133789062, 544.953308105, 951.854919434, 891.007873535, 1552.50292969, 897.064758301, 944.198974609, 633.789123535, 497.669036865, 584.278747559, 487.688842773, 777.525756836, 610.691650391, 837.52166748, 1230.66027832, 1013.91815186, 955.597106934, 1312.06396484, 1397.1295166, 1090.55456543, 772.06842041, 678.788513184, 474.324188232, 309.298095703, 179.345306396, 158.793243408, 80.3428115845, 51.5951156616, 25.9308013916, 21.4159164429, 4.39081716537, 0.46427616477, 0.00657702749595],
        "mean": [0.69738805294, 5.74629592896, 10.97742939, 9.67977714539, 13.2111768723, 18.760219574, 15.7630720139, 11.168129921, 17.5289058685, 27.7284011841, 32.5712852478, 29.3123512268, 19.2409820557, 21.4537830353, 17.4108886719, 17.2370700836, 17.5551815033, 18.2218379974, 19.9723052979, 18.4676532745, 23.4856262207, 32.4723091125, 31.8627796173, 28.1756210327, 30.2269515991, 30.5624084473, 29.1674098969, 26.6900520325, 26.4736118317, 25.2745914459, 24.0986347198, 15.418138504, 11.4678707123, 6.76964378357, 4.31618022919, 2.23935127258, 1.16986358166, 0.269298285246, 0.0201363172382, 0.000394737231545],
        "median": [0.151010081172, 1.79546582699, 2.9049475193, 2.9358663559, 4.74453878403, 7.81779527664, 6.47673130035, 5.4601020813, 7.03037261963, 8.78325176239, 10.1589651108, 13.0132799149, 11.6206789017, 11.7277612686, 10.6040124893, 10.3845901489, 11.0728387833, 12.184252739, 13.5384502411, 11.7399806976, 15.2679691315, 18.8908958435, 19.8162288666, 18.8793125153, 20.6822147369, 21.0640850067, 20.2371864319, 19.686788559, 18.1534385681, 16.9917602539, 13.8921728134, 6.83485603333, 4.10848474503, 2.60945439339, 1.67898523808, 0.807775437832, 0.3585062325, 0.0749818086624, 0.00456229923293, 0.000194651845959],
        "min": [4.92839764225e-13, 6.92619193336e-13, 7.54324120528e-13, 3.80926670415e-12, 9.84481853677e-12, 1.39677982722e-11, 8.08452697149e-12, 7.52111827679e-12, 1.22989422466e-11, 8.64240207177e-11, 6.65964505764e-11, 1.87118584516e-10, 1.41305370183e-10, 1.5650218621e-10, 1.17404280742e-10, 1.2372823599e-10, 9.14723921608e-11, 1.07362452262e-10, 2.55159615659e-10, 2.89500728945e-10, 9.74648584062e-10, 9.05066466217e-10, 1.27965393837e-09, 1.58947333073e-09, 1.12527664964e-09, 1.3185335046e-09, 8.09605271712e-10, 9.63135682319e-10, 1.28081878437e-09, 2.24803686777e-09, 1.37619537988e-09, 8.56049731102e-10, 1.26547039514e-09, 9.56981827116e-10, 6.42146891217e-10, 4.62851951211e-10, 2.11064180022e-10, 1.04621089569e-10, 2.29286520326e-11, 2.26437315079e-12],
        "var": [1.25480091572, 81.1047286987, 639.891418457, 677.460144043, 531.392822266, 1036.29541016, 1256.43566895, 642.864807129, 1112.53540039, 3912.28686523, 5469.79638672, 4252.28222656, 1345.82299805, 1479.93273926, 736.384033203, 571.114685059, 590.949157715, 593.067077637, 903.772583008, 724.560668945, 1250.14404297, 3196.01025391, 2259.29492188, 1547.85314941, 2283.84057617, 3324.76074219, 2189.30224609, 1291.40307617, 1140.2097168, 904.860961914, 1024.93493652, 439.366455078, 321.528656006, 105.440132141, 39.530708313, 10.552857399, 3.03129887581, 0.17692232132, 0.00157048180699, 3.27008990553e-07]
    },
    "gfcc": {
        "mean": [27.9766330719, 61.4207801819, -87.3176956177, 32.4772033691, -53.992603302, 10.7927417755, -30.1364307404, 7.68289232254, -22.9335346222, 1.57159769535, -20.134601593, 1.7659651041, -15.5820865631],
        "cov": [[21780.3613281, -7499.37451172, -519.981506348, 2424.18310547, 219.192474365, 2122.29345703, -19.2494564056, 1159.29602051, -325.221862793, 934.646606445, -328.26776123, 978.135314941, -432.965026855], [-7499.37451172, 5026.90185547, -403.852874756, -1017.61920166, 152.120330811, -932.597106934, 304.995178223, -533.198913574, 362.335479736, -433.312805176, 299.295806885, -545.574645996, 275.541656494], [-519.981506348, -403.852874756, 1256.36694336, 178.720748901, 127.11114502, 209.290771484, 24.4240875244, 103.239784241, 9.79470252991, 114.332618713, 14.9326181412, 101.66166687, -34.3387565613], [2424.18310547, -1017.61920166, 178.720748901, 886.24798584, 256.554168701, 512.030944824, 140.569763184, 275.162506104, 31.0923500061, 189.858230591, 12.7329750061, 203.459411621, -29.1592388153], [219.192474365, 152.120330811, 127.11114502, 256.554168701, 447.694366455, 196.131362915, 130.436569214, 52.0282592773, 21.6662254333, 21.9192962646, 60.5292739868, 51.1968727112, 60.1918830872], [2122.29345703, -932.597106934, 209.290771484, 512.030944824, 196.131362915, 517.346008301, 139.456100464, 255.731201172, 25.8696193695, 159.569473267, 2.80322647095, 171.564117432, -36.2419586182], [-19.2494564056, 304.995178223, 24.4240875244, 140.569763184, 130.436569214, 139.456100464, 250.490692139, 128.371841431, 144.393371582, 59.1373748779, 69.6690444946, 14.8419761658, 14.8599328995], [1159.29602051, -533.198913574, 103.239784241, 275.162506104, 52.0282592773, 255.731201172, 128.371841431, 257.071929932, 94.8151092529, 151.758178711, 14.8364315033, 103.703956604, -36.6680374146], [-325.221862793, 362.335479736, 9.79470252991, 31.0923500061, 21.6662254333, 25.8696193695, 144.393371582, 94.8151092529, 202.724517822, 80.3265609741, 80.8643035889, -7.75955295563, 13.1826896667], [934.646606445, -433.312805176, 114.332618713, 189.858230591, 21.9192962646, 159.569473267, 59.1373748779, 151.758178711, 80.3265609741, 184.212539673, 40.7252502441, 98.9656448364, -29.6810722351], [-328.26776123, 299.295806885, 14.9326181412, 12.7329750061, 60.5292739868, 2.80322647095, 69.6690444946, 14.8364315033, 80.8643035889, 40.7252502441, 95.3088302612, 16.8445835114, 40.3984909058], [978.135314941, -545.574645996, 101.66166687, 203.459411621, 51.1968727112, 171.564117432, 14.8419761658, 103.703956604, -7.75955295563, 98.9656448364, 16.8445835114, 137.663360596, 4.65903997421], [-432.965026855, 275.541656494, -34.3387565613, -29.1592388153, 60.1918830872, -36.2419586182, 14.8599328995, -36.6680374146, 13.1826896667, -29.6810722351, 40.3984909058, 4.65903997421, 85.803527832]],
        "icov": [[0.000147965212818, 9.59510434768e-05, 0.000196540393517, -5.62609129702e-05, -2.35393563344e-05, -0.000337084173225, 4.60211704194e-05, 7.12201363058e-05, 9.02977990336e-05, -0.000341938401107, 0.000181135706953, -0.000140334668686, 0.000184821634321], [9.59510434768e-05, 0.00145424401853, 1.13022788355e-05, 7.63913194533e-05, -0.000495465006679, 0.000996107584797, -0.00172697845846, 0.00114767462946, -0.0010950419819, 0.000981158809736, -0.00238870503381, 0.0027878023684, -0.00111658673268], [0.000196540393517, 1.13022788355e-05, 0.00117770046927, 7.55403962103e-05, -0.000291122385534, -0.000832643418107, 0.00042215679423, 0.000152478460222, 6.8386165367e-05, -0.000812563404907, 0.000394237082219, -0.000836974882986, 0.0008652608376], [-5.62609129702e-05, 7.63913194533e-05, 7.55403962103e-05, 0.00295838247985, -0.000839385960717, -0.00172714877408, -4.24588615715e-05, -0.000238537686528, -0.000316708057653, -0.000161665127962, 0.000241452478804, -0.00101483787876, 0.000205281350645], [-2.35393563344e-05, -0.000495465006679, -0.000291122385534, -0.000839385960717, 0.00432090368122, -0.0017627235502, -0.00114259251859, 0.000511175720021, 0.00207176385447, -0.000420742289862, -0.00101047800854, 0.000608276401181, -0.00230992841534], [-0.000337084173225, 0.000996107584797, -0.000832643418107, -0.00172714877408, -0.0017627235502, 0.00988611392677, -0.00378519645892, -0.00262572173961, 0.000340548518579, 0.00218003732152, -0.00110836711247, -0.00119514868129, 0.00041435964522], [4.60211704194e-05, -0.00172697845846, 0.00042215679423, -4.24588615715e-05, -0.00114259251859, -0.00378519645892, 0.0137491701171, -0.00576923554763, -0.00395316351205, 0.00219401251525, -0.00112678552978, -0.00115252751857, 0.00224811257794], [7.12201363058e-05, 0.00114767462946, 0.000152478460222, -0.000238537686528, 0.000511175720021, -0.00262572173961, -0.00576923554763, 0.0174961406738, -0.00605272687972, -0.00485913082957, 0.00536038633436, -0.00271559297107, 0.000534957158379], [9.02977990336e-05, -0.0010950419819, 6.8386165367e-05, -0.000316708057653, 0.00207176385447, 0.000340548518579, -0.00395316351205, -0.00605272687972, 0.0183016769588, -0.00739096105099, -0.00634884508327, 0.00641820672899, -0.00204742397182], [-0.000341938401107, 0.000981158809736, -0.000812563404907, -0.000161665127962, -0.000420742289862, 0.00218003732152, 0.00219401251525, -0.00485913082957, -0.00739096105099, 0.0220578517765, -0.00967738777399, -0.00731370644644, 0.00722234463319], [0.000181135706953, -0.00238870503381, 0.000394237082219, 0.000241452478804, -0.00101047800854, -0.00110836711247, -0.00112678552978, 0.00536038633436, -0.00634884508327, -0.00967738777399, 0.0330822393298, -0.0108133433387, -0.00580966612324], [-0.000140334668686, 0.0027878023684, -0.000836974882986, -0.00101483787876, 0.000608276401181, -0.00119514868129, -0.00115252751857, -0.00271559297107, 0.00641820672899, -0.00731370644644, -0.0108133433387, 0.0322233475745, -0.0124074164778], [0.000184821634321, -0.00111658673268, 0.0008652608376, 0.000205281350645, -0.00230992841534, 0.00041435964522, 0.00224811257794, 0.000534957158379, -0.00204742397182, 0.00722234463319, -0.00580966612324, -0.0124074164778, 0.024445572868]]
    },
    "melbands": {
        "dmean": [0.0033298197668, 0.00432838359848, 0.00168886384927, 0.000904839194845, 0.00046926329378, 0.00020558606775, 0.0001528262801, 0.000166495636222, 0.000124395213788, 9.43230188568e-05, 5.45097100257e-05, 4.94111227454e-05, 3.31676565111e-05, 3.07952104777e-05, 2.24375944526e-05, 2.13935672946e-05, 1.87256300705e-05, 1.76366829692e-05, 1.66609752341e-05, 1.27206476463e-05, 1.49280631376e-05, 1.77581241587e-05, 1.69995746546e-05, 1.38144159791e-05, 1.19953756439e-05, 1.18869647849e-05, 1.06978186523e-05, 9.90140870272e-06, 9.43674331211e-06, 8.09889570519e-06, 8.28408610687e-06, 8.58127805259e-06, 7.75116677687e-06, 9.84854432318e-06, 1.04522750917e-05, 5.62617333344e-06, 6.42832947051e-06, 5.89016644881e-06, 4.02560726798e-06, 3.6241806356e-06],
        "dmean2": [0.00448547722772, 0.00594789581373, 0.00276664807461, 0.00146241020411, 0.000784400384873, 0.00035014867899, 0.000244641589234, 0.000262293964624, 0.000190438309801, 0.000146882535773, 8.84028122528e-05, 7.43006894481e-05, 5.13452941959e-05, 4.7320027079e-05, 3.50483678631e-05, 3.42379171343e-05, 2.98653521895e-05, 2.81834454654e-05, 2.69292359008e-05, 2.04984407901e-05, 2.35352417803e-05, 2.73658170045e-05, 2.60699052888e-05, 2.15099680645e-05, 1.91761828319e-05, 1.87256609934e-05, 1.67415219039e-05, 1.52747361426e-05, 1.45883441292e-05, 1.29693344206e-05, 1.30748258016e-05, 1.39675103128e-05, 1.24339867398e-05, 1.65591445693e-05, 1.71567389771e-05, 9.24619052967e-06, 1.05595199784e-05, 9.3103171821e-06, 6.12531630395e-06, 5.64067522646e-06],
        "dvar": [3.22684390994e-05, 8.13633450889e-05, 1.92113966477e-05, 2.9676568829e-06, 1.26336533413e-06, 3.50605745325e-07, 9.22207945564e-08, 1.65406007113e-07, 7.18242958442e-08, 4.22351007501e-08, 1.76812307018e-08, 9.30729004978e-09, 3.16341197681e-09, 3.70206310052e-09, 1.43967149313e-09, 1.13291698245e-09, 9.50235334862e-10, 1.02958341852e-09, 9.58517709648e-10, 4.90055884761e-10, 7.82498621454e-10, 1.37301670033e-09, 1.26888144436e-09, 5.20825993444e-10, 4.48838799461e-10, 5.72619840433e-10, 6.18604389935e-10, 4.37975183898e-10, 3.85832366057e-10, 1.96312008316e-10, 1.9766946413e-10, 1.99025712577e-10, 1.46482811991e-10, 2.77774525603e-10, 3.74996089736e-10, 8.44897693475e-11, 1.23131907448e-10, 1.00558388005e-10, 4.49135936775e-11, 3.72080595501e-11],
        "dvar2": [6.20985447313e-05, 0.000156419424457, 4.77940957353e-05, 7.33456636226e-06, 3.32630474986e-06, 9.41542111832e-07, 2.14203325299e-07, 3.86652175166e-07, 1.48535917788e-07, 9.17685767376e-08, 4.73281147606e-08, 1.85396995533e-08, 7.16142256607e-09, 7.23246973422e-09, 3.4268496929e-09, 2.82789391903e-09, 2.32849606263e-09, 2.31513452853e-09, 2.38828290477e-09, 1.14433129639e-09, 1.87458648604e-09, 3.25875015861e-09, 2.84168533149e-09, 1.14108633653e-09, 1.01887598358e-09, 1.13373987976e-09, 1.23161203458e-09, 7.69724450844e-10, 7.87345411091e-10, 4.0726269579e-10, 4.22074764028e-10, 4.85076090406e-10, 3.38131272981e-10, 7.44200867597e-10, 9.98811144903e-10, 2.25039376023e-10, 3.21062537667e-10, 2.29549768083e-10, 9.81832601332e-11, 8.23587517629e-11],
        "max": [0.0527777671814, 0.0778448134661, 0.0390316955745, 0.022928385064, 0.0194952227175, 0.0167987160385, 0.00768057163805, 0.0106733683497, 0.00935768242925, 0.00903652794659, 0.0045569986105, 0.00350426486693, 0.00286604673602, 0.00254968204536, 0.00147632008884, 0.00102341570891, 0.0010017096065, 0.00134332291782, 0.00113585568033, 0.000863838009536, 0.00128618930466, 0.00144374032971, 0.00133118859958, 0.000628199952189, 0.000835434067994, 0.00128809805028, 0.00123681337573, 0.000968973094132, 0.000917054188903, 0.000768405909184, 0.000662071630359, 0.000468547892524, 0.000425316859037, 0.000198827430722, 0.000216818283661, 0.000140219635796, 9.67409796431e-05, 0.000112408553832, 8.65877300384e-05, 6.64785620756e-05],
        "mean": [0.00677185459062, 0.00662943720818, 0.00175508344546, 0.00122317112982, 0.000609730253927, 0.000261339009739, 0.000272695731837, 0.000322808249621, 0.000274149671895, 0.000175275388756, 9.19024460018e-05, 8.55614853208e-05, 5.86739515711e-05, 5.23075141245e-05, 3.95954302803e-05, 3.74818737328e-05, 3.31054397975e-05, 3.16120094794e-05, 2.87456114165e-05, 2.2605758204e-05, 2.85469741357e-05, 3.30320872308e-05, 3.21892766806e-05, 2.62773810391e-05, 2.20816218643e-05, 2.25281783059e-05, 2.12099002965e-05, 2.00373069674e-05, 1.89329475688e-05, 1.56549285748e-05, 1.55150191858e-05, 1.49722873175e-05, 1.398592849e-05, 1.45760732266e-05, 1.53495275299e-05, 1.00590568763e-05, 9.23304742173e-06, 8.45324575494e-06, 6.50139190839e-06, 5.42833913642e-06],
        "median": [0.0021639149636, 0.00210900465026, 0.000630993337836, 0.000478899572045, 0.00025536242174, 0.000128647108795, 0.000108234744403, 9.64599457802e-05, 8.34067541291e-05, 8.20391287562e-05, 5.35558538104e-05, 4.59553375549e-05, 3.50019654434e-05, 2.91500273306e-05, 2.34537747019e-05, 2.27530908887e-05, 2.09843674384e-05, 2.04531752388e-05, 1.76220364665e-05, 1.31840643007e-05, 1.78950012923e-05, 1.84746531886e-05, 1.82702151506e-05, 1.62385804288e-05, 1.44245459524e-05, 1.46819884321e-05, 1.44177001857e-05, 1.31494907691e-05, 1.23277668536e-05, 1.13079113362e-05, 1.09547781904e-05, 1.00906363514e-05, 9.46410636971e-06, 9.00898612599e-06, 8.53944402479e-06, 5.54854250367e-06, 3.55245060746e-06, 2.90491902888e-06, 2.36057690017e-06, 2.02768728741e-06],
        "min": [4.13169119143e-15, 5.19222196942e-16, 8.11866150988e-16, 9.30108138776e-16, 3.44596746335e-16, 1.67871752516e-16, 2.5997749316e-16, 9.66756289788e-16, 5.55365463378e-16, 1.28786192729e-15, 6.67994587342e-16, 6.02189497642e-16, 4.19496217031e-16, 2.86914490842e-16, 2.76449107611e-16, 2.22485326755e-16, 1.85526658759e-16, 3.94324356603e-16, 3.80863256065e-16, 5.72721697863e-16, 1.27219171189e-15, 1.02240010755e-15, 9.58427520697e-16, 1.2327034594e-15, 1.34858656631e-15, 1.04964058126e-15, 5.36992683477e-16, 1.04040813389e-15, 5.43904313508e-16, 5.19750374924e-16, 5.7606567806e-16, 8.05054259086e-16, 6.96452141512e-16, 1.45547100695e-15, 8.681098269e-16, 3.96270811846e-16, 5.69423457445e-16, 9.12545863527e-16, 8.97557403767e-16, 7.91769235523e-16],
        "var": [9.70796027104e-05, 0.000139401774504, 1.61735351867e-05, 3.99339660362e-06, 1.50508196839e-06, 3.39448376963e-07, 2.83334429696e-07, 5.64881190712e-07, 4.26276073995e-07, 1.39428109946e-07, 3.34196101903e-08, 2.4321344938e-08, 8.53761950026e-09, 8.44757863661e-09, 3.04361758019e-09, 2.68221866939e-09, 2.25197438475e-09, 2.56030552315e-09, 1.9816228658e-09, 1.31047339647e-09, 2.12428674651e-09, 3.49607875982e-09, 3.16495030184e-09, 1.48678991341e-09, 1.02837904858e-09, 1.39447597913e-09, 1.82134118898e-09, 1.50957357725e-09, 1.10097797545e-09, 5.65456848012e-10, 5.29174815078e-10, 4.18965501181e-10, 3.26155491503e-10, 3.46209227953e-10, 4.68457550529e-10, 1.85695361865e-10, 1.81300141566e-10, 1.82292736461e-10, 9.98242252748e-11, 7.1825885517e-11]
    },
    "mfcc": {
        "mean": [-616.967651367, 94.7784500122, 20.2457294464, 25.9216251373, 2.77999973297, 7.95047426224, 1.26094615459, 7.15324306488, 0.903291225433, 2.48325800896, 0.120499365032, -0.692723453045, -2.21703147888],
        "cov": [[13827.0097656, -4142.68310547, -583.453796387, 626.841491699, 214.115371704, 674.055541992, 447.802215576, 571.90838623, 280.13269043, 304.182006836, 230.193572998, 263.904266357, 218.642471313], [-4142.68310547, 3388.57495117, -139.907516479, -199.265441895, -211.150497437, -301.744567871, -192.622146606, -238.229415894, -81.3214187622, -54.1472969055, -16.3616485596, -61.8222160339, -77.7556838989], [-583.453796387, -139.907516479, 887.903381348, 84.4081192017, 171.71685791, 119.110427856, 75.6100158691, 73.9120330811, 29.6184825897, 81.4624710083, 66.9111328125, 16.9816741943, 57.7264938354], [626.841491699, -199.265441895, 84.4081192017, 341.06048584, 145.545654297, 184.627731323, 117.178207397, 124.995552063, 75.5971603394, 76.9973754883, 64.4037322998, 61.0531349182, 68.3324050903], [214.115371704, -211.150497437, 171.71685791, 145.545654297, 321.859222412, 192.187805176, 155.258880615, 92.5314102173, 51.1417732239, 4.33560991287, 3.32432556152, 19.4881706238, 31.9714050293], [674.055541992, -301.744567871, 119.110427856, 184.627731323, 192.187805176, 275.72555542, 173.786773682, 157.405105591, 79.1011657715, 71.1789474487, 50.5205383301, 53.5888633728, 67.8222885132], [447.802215576, -192.622146606, 75.6100158691, 117.178207397, 155.258880615, 173.786773682, 196.087112427, 137.821884155, 80.330291748, 43.0056533813, 32.4421310425, 42.3227729797, 48.2987976074], [571.90838623, -238.229415894, 73.9120330811, 124.995552063, 92.5314102173, 157.405105591, 137.821884155, 198.656768799, 109.48223114, 96.0726928711, 62.1834373474, 62.3450202942, 70.8768310547], [280.13269043, -81.3214187622, 29.6184825897, 75.5971603394, 51.1417732239, 79.1011657715, 80.330291748, 109.48223114, 118.731674194, 88.7759475708, 64.3102340698, 59.2079925537, 53.7943344116], [304.182006836, -54.1472969055, 81.4624710083, 76.9973754883, 4.33560991287, 71.1789474487, 43.0056533813, 96.0726928711, 88.7759475708, 145.130477905, 105.604019165, 75.9841308594, 70.3308868408], [230.193572998, -16.3616485596, 66.9111328125, 64.4037322998, 3.32432556152, 50.5205383301, 32.4421310425, 62.1834373474, 64.3102340698, 105.604019165, 117.846160889, 82.7462768555, 64.231010437], [263.904266357, -61.8222160339, 16.9816741943, 61.0531349182, 19.4881706238, 53.5888633728, 42.3227729797, 62.3450202942, 59.2079925537, 75.9841308594, 82.7462768555, 95.5307540894, 67.6516799927], [218.642471313, -77.7556838989, 57.7264938354, 68.3324050903, 31.9714050293, 67.8222885132, 48.2987976074, 70.8768310547, 53.7943344116, 70.3308868408, 64.231010437, 67.6516799927, 87.9751815796]],
