{
"lowlevel": {
    "average_loudness": 0.950514912605,
    "barkbands_crest": {
        "dmean": 3.15159225464,
        "dmean2": 5.21557950974,
        "dvar": 8.14991188049,
        "dvar2": 23.5981655121,
        "max": 26.9310646057,
        "mean": 10.3783435822,
        "median": 9.63628768921,
        "min": 2.29462885857,
        "var": 20.340587616
    },
    "barkbands_flatness_db": {
        "dmean": 0.0314429551363,
        "dmean2": 0.050469417125,
        "dvar": 0.00256954040378,
        "dvar2": 0.00526578305289,
        "max": 1,
        "mean": 0.115348704159,
        "median": 0.0773404091597,
        "min": 0.0167384706438,
        "var": 0.0138369370252
    },
    "barkbands_kurtosis": {
        "dmean": 12.4527835846,
        "dmean2": 21.063703537,
        "dvar": 6734.99316406,
        "dvar2": 16745.6035156,
        "max": 4132.98779297,
        "mean": 13.4369125366,
        "median": 0.535043239594,
        "min": -1.95651113987,
        "var": 9461.62109375
    },
    "barkbands_skewness": {
        "dmean": 0.833339452744,
        "dmean2": 1.35696923733,
        "dvar": 3.47547531128,
        "dvar2": 8.28160572052,
        "max": 56.2066459656,
        "mean": 1.68432319164,
        "median": 1.266528368,
        "min": -3.10435438156,
        "var": 6.60304880142
    },
    "barkbands_spread": {
        "dmean": 11.0376214981,
        "dmean2": 17.5865058899,
        "dvar": 152.664016724,
        "dvar2": 354.229705811,
        "max": 126.323745728,
        "mean": 49.5943412781,
        "median": 52.2996025085,
        "min": 0.0365943983197,
        "var": 655.755371094
    },
    "dissonance": {
        "dmean": 0.014833948575,
        "dmean2": 0.0248378012329,
        "dvar": 0.000294652098091,
        "dvar2": 0.000806517957244,
        "max": 0.5,
        "mean": 0.471574604511,
        "median": 0.476499646902,
        "min": 0.259552180767,
        "var": 0.000514850777108
    },
    "dynamic_complexity": 1.68611490726,
    "erbbands_crest": {
        "dmean": 1.9909645319,
        "dmean2": 3.16509318352,
        "dvar": 6.05902242661,
        "dvar2": 14.4206857681,
        "max": 30.8947906494,
        "mean": 7.86023283005,
        "median": 5.96500110626,
        "min": 2.09838891029,
        "var": 25.7330875397
    },
    "erbbands_flatness_db": {
        "dmean": 0.0176463462412,
        "dmean2": 0.0267200656235,
        "dvar": 0.00105052546132,
        "dvar2": 0.00219850242138,
        "max": 0.550434172153,
        "mean": 0.103562191129,
        "median": 0.0792750567198,
        "min": 0.0294600259513,
        "var": 0.00514734862372
    },
    "erbbands_kurtosis": {
        "dmean": 2.06326508522,
        "dmean2": 3.37120890617,
        "dvar": 196.907348633,
        "dvar2": 424.255584717,
        "max": 533.116088867,
        "mean": 1.52023458481,
        "median": -0.93509721756,
        "min": -1.86610293388,
        "var": 376.451751709
    },
    "erbbands_skewness": {
        "dmean": 0.421143114567,
        "dmean2": 0.619719684124,
        "dvar": 0.545160233974,
        "dvar2": 1.29347133636,
        "max": 16.4497413635,
        "mean": 0.376269459724,
        "median": 0.29492482543,
        "min": -3.57820630074,
        "var": 1.54771304131
    },
    "erbbands_spread": {
        "dmean": 10.8863525391,
        "dmean2": 17.0123500824,
        "dvar": 200.131668091,
        "dvar2": 489.611602783,
        "max": 205.158706665,
        "mean": 65.9519424438,
        "median": 70.5739059448,
        "min": 0.416813760996,
        "var": 686.594238281
    },
    "hfc": {
        "dmean": 27.8380565643,
        "dmean2": 43.526889801,
        "dvar": 1360.93383789,
        "dvar2": 3453.37915039,
        "max": 377.684143066,
        "mean": 100.602058411,
        "median": 100.69077301,
        "min": 1.11875621982e-16,
        "var": 3837.36914062
    },
    "melbands_crest": {
        "dmean": 4.74510908127,
        "dmean2": 7.25523757935,
        "dvar": 16.5635700226,
        "dvar2": 37.5414810181,
        "max": 39.9546432495,
        "mean": 18.5247993469,
        "median": 17.7727737427,
        "min": 1.83262121677,
        "var": 49.9910202026
    },
    "melbands_flatness_db": {
        "dmean": 0.0427740886807,
        "dmean2": 0.0684477686882,
        "dvar": 0.00345737929456,
        "dvar2": 0.00726222246885,
        "max": 1,
        "mean": 0.192948266864,
        "median": 0.155484840274,
        "min": 0.00422967877239,
        "var": 0.0176405478269
    },
    "melbands_kurtosis": {
        "dmean": 27.9113235474,
        "dmean2": 47.2672691345,
        "dvar": 28565.5351562,
        "dvar2": 76714.8203125,
        "max": 5045.70800781,
        "mean": 40.4630279541,
        "median": 12.85069561,
        "min": -1.72183394432,
        "var": 39109.1289062
    },
    "melbands_skewness": {
        "dmean": 1.14848017693,
        "dmean2": 1.94027173519,
        "dvar": 5.43342876434,
        "dvar2": 14.7879800797,
        "max": 55.6124267578,
        "mean": 3.68917775154,
        "median": 3.12479829788,
        "min": -1.57176542282,
        "var": 10.2837400436
    },
    "melbands_spread": {
        "dmean": 11.8548955917,
        "dmean2": 19.9324417114,
        "dvar": 262.518859863,
        "dvar2": 724.899169922,
        "max": 230.797592163,
        "mean": 30.5181484222,
        "median": 27.8929615021,
        "min": 0.0499714687467,
        "var": 465.250946045
    },
    "pitch_salience": {
        "dmean": 0.0839543044567,
        "dmean2": 0.13412745297,
        "dvar": 0.00653883023188,
        "dvar2": 0.0166856311262,
        "max": 0.960495531559,
        "mean": 0.521487951279,
        "median": 0.538131654263,
        "min": 0.00224300147966,
        "var": 0.0206089876592
    },
    "silence_rate_20dB": {
        "dmean": 0,
        "dmean2": 0,
        "dvar": 0,
        "dvar2": 0,
        "max": 1,
        "mean": 1,
        "median": 1,
        "min": 1,
        "var": 0
    },
    "silence_rate_30dB": {
        "dmean": 0.0257510729134,
        "dmean2": 0.0515069514513,
        "dvar": 0.0250853840262,
        "dvar2": 0.0605894699693,
        "max": 1,
        "mean": 0.964922130108,
        "median": 1,
        "min": 0,
        "var": 0.0338390804827
    },
    "silence_rate_60dB": {
        "dmean": 0.00205262168311,
        "dmean2": 0.00410562660545,
        "dvar": 0.00204801443033,
        "dvar2": 0.00446044234559,
        "max": 1,
        "mean": 0.0189383346587,
        "median": 0,
        "min": 0,
        "var": 0.0185795538127
    },
    "spectral_centroid": {
        "dmean": 353.103271484,
        "dmean2": 548.121887207,
        "dvar": 183670.03125,
        "dvar2": 401294.34375,
        "max": 11619.671875,
        "mean": 1770.87390137,
        "median": 1749.84838867,
        "min": 40.5667152405,
        "var": 800158.625
    },
    "spectral_complexity": {
        "dmean": 5.40175390244,
        "dmean2": 8.89987850189,
        "dvar": 29.511724472,
        "dvar2": 73.2006530762,
        "max": 56,
        "mean": 28.9330158234,
        "median": 31,
        "min": 0,
        "var": 141.765380859
    },
    "spectral_decrease": {
        "dmean": 5.05784569782e-09,
        "dmean2": 7.80894904295e-09,
        "dvar": 4.03950806639e-17,
        "dvar2": 1.08262940436e-16,
        "max": 1.4409254139e-28,
        "mean": -1.49527981108e-08,
        "median": -1.41970426526e-08,
        "min": -7.67442784877e-08,
        "var": 6.24965525379e-17
    },
    "spectral_energy": {
        "dmean": 0.019416930154,
        "dmean2": 0.0300953034312,
        "dvar": 0.000577022554353,
        "dvar2": 0.00153962185141,
        "max": 0.290714204311,
        "mean": 0.0655603706837,
        "median": 0.0635204687715,
        "min": 1.03629534492e-20,
        "var": 0.00087792717386
    },
    "spectral_energyband_high": {
        "dmean": 0.0028661172837,
        "dmean2": 0.00438574375585,
        "dvar": 1.60514900927e-05,
        "dvar2": 3.86671054002e-05,
        "max": 0.0407628193498,
        "mean": 0.00908843055367,
        "median": 0.00850718189031,
        "min": 7.40427218534e-21,
        "var": 4.71979583381e-05
    },
    "spectral_energyband_low": {
        "dmean": 0.0181123949587,
        "dmean2": 0.0283455513418,
        "dvar": 0.000579382234719,
        "dvar2": 0.00155123509467,
        "max": 0.284656763077,
        "mean": 0.0315377637744,
        "median": 0.0262457802892,
        "min": 2.72747553575e-23,
        "var": 0.00096772168763
    },
    "spectral_energyband_middle_high": {
        "dmean": 0.00185244483873,
        "dmean2": 0.00303542870097,
        "dvar": 5.23194648849e-06,
        "dvar2": 1.33719577207e-05,
        "max": 0.0240708310157,
        "mean": 0.00549460109323,
        "median": 0.00513670314103,
        "min": 1.27032697473e-21,
        "var": 1.39954836413e-05
    },
    "spectral_energyband_middle_low": {
        "dmean": 0.00628588767722,
        "dmean2": 0.00983705185354,
        "dvar": 7.35657595214e-05,
        "dvar2": 0.000179357171874,
        "max": 0.098128259182,
        "mean": 0.0207173451781,
        "median": 0.0200292877853,
        "min": 1.91568294888e-22,
        "var": 0.000152390814037
    },
    "spectral_entropy": {
        "dmean": 0.193469211459,
        "dmean2": 0.298949331045,
        "dvar": 0.163558483124,
        "dvar2": 0.344290822744,
        "max": 9.81940937042,
        "mean": 8.070520401,
        "median": 8.28369140625,
        "min": 2.27681016922,
        "var": 0.566515922546
    },
    "spectral_flux": {
        "dmean": 0.0331555195153,
        "dmean2": 0.0530638247728,
        "dvar": 0.00116251956206,
        "dvar2": 0.00277308677323,
        "max": 0.40974059701,
        "mean": 0.13244509697,
        "median": 0.128403306007,
        "min": 6.38243069506e-11,
        "var": 0.00269586453214
    },
    "spectral_kurtosis": {
        "dmean": 3.7811961174,
        "dmean2": 6.04147815704,
        "dvar": 323.23727417,
        "dvar2": 723.302368164,
        "max": 433.731048584,
        "mean": 5.98756456375,
        "median": 1.12674617767,
        "min": -1.2553101778,
        "var": 535.676879883
    },
    "spectral_rms": {
        "dmean": 0.00116076355334,
        "dmean2": 0.00178768113256,
        "dvar": 1.53609698827e-06,
        "dvar2": 4.15943395637e-06,
        "max": 0.0168411284685,
        "mean": 0.0077775423415,
        "median": 0.00787217821926,
        "min": 3.17965380588e-12,
        "var": 3.47084414898e-06
    },
    "spectral_rolloff": {
        "dmean": 1874.43066406,
        "dmean2": 3076.44873047,
        "dvar": 4332318.5,
        "dvar2": 10190031,
        "max": 19659.8144531,
        "mean": 3808.41381836,
        "median": 2885.44921875,
        "min": 21.533203125,
        "var": 11078927
    },
    "spectral_skewness": {
        "dmean": 0.318470537663,
        "dmean2": 0.481249541044,
        "dvar": 0.843983232975,
        "dvar2": 1.77068376541,
        "max": 18.290058136,
        "mean": 1.42508745193,
        "median": 1.09287464619,
        "min": -0.129133954644,
        "var": 2.09229421616
    },
    "spectral_spread": {
        "dmean": 809669.375,
        "dmean2": 1277599.75,
        "dvar": 1.34781888102e+12,
        "dvar2": 2.6705550377e+12,
        "max": 41968028,
        "mean": 8119793.5,
        "median": 8680198,
        "min": 315264.625,
        "var": 7.58448966861e+12
    },
    "spectral_strongpeak": {
        "dmean": 0.483403086662,
        "dmean2": 0.868855416775,
        "dvar": 0.606019675732,
        "dvar2": 1.39870846272,
        "max": 12.5942993164,
        "mean": 0.713257670403,
        "median": 0.327717393637,
        "min": 0,
        "var": 0.93560218811
    },
    "zerocrossingrate": {
        "dmean": 0.0213290713727,
        "dmean2": 0.024882979691,
        "dvar": 0.00044568956946,
        "dvar2": 0.000574018806219,
        "max": 0.6533203125,
        "mean": 0.128096908331,
        "median": 0.13427734375,
        "min": 0,
        "var": 0.00449031032622
    },
    "barkbands": {
        "dmean": [0.00279770395719, 0.0155299678445, 0.00207452964969, 0.00277487933636, 0.0029999925755, 0.00139706127811, 0.00162537838332, 0.00117398519069, 0.00117560802028, 0.000632796494756, 0.00040907409857, 0.000399700220441, 0.000276195933111, 0.000196246124688, 0.000194469495909, 0.000155073823407, 0.000150522813783, 0.000173538457602, 0.000211518650758, 0.000268426520051, 0.000435144378571, 0.000468952348456, 0.000618619611487, 0.000657937023789, 0.000809628749266, 0.000567039707676, 0.000228945194976],
        "dmean2": [0.00360924564302, 0.0238599013537, 0.00347636500373, 0.00497946795076, 0.00524923251942, 0.00210143625736, 0.00240255263634, 0.0017477280926, 0.00174504262395, 0.000936691300012, 0.000654915755149, 0.000647022156045, 0.000432347151218, 0.000300298561342, 0.000307481794152, 0.000252819154412, 0.000242262176471, 0.000293086806778, 0.000362995488103, 0.000449431710877, 0.000754479726311, 0.000727376027498, 0.000982832862064, 0.00102118367795, 0.00131236843299, 0.000906253000721, 0.000363992206985],
        "dvar": [2.159743417e-05, 0.000476593879284, 2.177629176e-05, 5.21600486536e-05, 3.87661748391e-05, 3.57278304364e-06, 7.11357279215e-06, 4.94509049531e-06, 4.26903943662e-06, 8.63121726979e-07, 3.89906261944e-07, 3.54851636075e-07, 1.48412624412e-07, 8.82946267211e-08, 6.6670168053e-08, 4.12963565566e-08, 3.55514515604e-08, 4.33018989554e-08, 7.53873479198e-08, 1.01260575036e-07, 4.02327572147e-07, 3.66260536566e-07, 8.27632277378e-07, 6.70765643918e-07, 1.38418999995e-06, 5.52286451239e-07, 8.7769961965e-08],
        "dvar2": [3.84013292205e-05, 0.00129246467259, 5.95986821281e-05, 0.000145313329995, 0.000109018692456, 7.52102369006e-06, 1.40203710544e-05, 9.32565671974e-06, 7.87523458712e-06, 1.58451666721e-06, 8.97879885997e-07, 7.97731331659e-07, 3.28700565433e-07, 1.79512952059e-07, 1.55641274091e-07, 1.02894055942e-07, 8.46589855996e-08, 1.160549985e-07, 2.0747877727e-07, 2.67591587999e-07, 1.14969702736e-06, 7.22082404536e-07, 1.93228561329e-06, 1.56828741638e-06, 3.6547351101e-06, 1.31975468776e-06, 2.07997643997e-07],
        "max": [0.0780719220638, 0.25502166152, 0.0588135458529, 0.081619553268, 0.0725376754999, 0.0339066684246, 0.0616605728865, 0.0730053335428, 0.0869283154607, 0.0269692130387, 0.0192942284048, 0.0173172913492, 0.00837810896337, 0.00890107825398, 0.00647310959175, 0.00501619745046, 0.00456759566441, 0.00516037503257, 0.0035335982684, 0.00403960188851, 0.0083601474762, 0.00843323860317, 0.0120700383559, 0.0119777731597, 0.0138782681897, 0.0121068218723, 0.00507382163778],
        "mean": [0.00439364416525, 0.0236862115562, 0.00246397289447, 0.002383869607, 0.00430578039959, 0.00361497094855, 0.00439527351409, 0.00272622704506, 0.00267474446446, 0.00144381134305, 0.000681546807755, 0.000729599385522, 0.000520871893968, 0.000410802225815, 0.000384900922654, 0.000298885890516, 0.000314768520184, 0.000353741343133, 0.000410213309806, 0.000588946277276, 0.000987917650491, 0.00124183681328, 0.00136749923695, 0.00157677696552, 0.00176277488936, 0.00136697629932, 0.00047378760064],
        "median": [0.00249914871529, 0.0178477503359, 0.000903615960851, 0.000682520854753, 0.00267366506159, 0.00217672227882, 0.00207629078068, 0.00107880868018, 0.00131707102992, 0.000799452711362, 0.000374588475097, 0.000421006698161, 0.000335339922458, 0.000250600132858, 0.000276899692835, 0.000223175098654, 0.000242338268436, 0.000296930695185, 0.000340418861015, 0.000515260733664, 0.000863699708134, 0.00100514350925, 0.00102340790909, 0.0012755926, 0.00147813558578, 0.00120360567234, 0.000308753951686],
        "min": [1.05918421035e-24, 6.44887558017e-24, 3.50016755343e-24, 1.94438534526e-24, 1.81806437798e-23, 1.9094791574e-23, 9.85386272665e-24, 1.48824368455e-23, 2.82094387788e-23, 1.6144335037e-23, 3.1557560098e-23, 2.26414060742e-23, 4.01976822248e-23, 5.76098745087e-23, 6.03824113571e-23, 9.08540823309e-23, 1.18889795006e-22, 1.20066295849e-22, 1.40383730318e-22, 1.70414680481e-22, 2.83473139945e-22, 3.33541119236e-22, 4.43797645738e-22, 6.33159351524e-22, 1.01874552481e-21, 1.31670381705e-21, 2.20443613051e-21],
        "var": [4.15107824665e-05, 0.000718452734873, 2.15520558413e-05, 3.4168624552e-05, 3.30400835082e-05, 1.63035820151e-05, 4.02533078159e-05, 2.65570852207e-05, 2.11605711229e-05, 4.17374712924e-06, 8.56833992202e-07, 1.09849531782e-06, 3.90915602111e-07, 3.40001918175e-07, 1.60812604122e-07, 8.49816004234e-08, 8.5583188536e-08, 8.58020143824e-08, 1.19815155131e-07, 2.11784765725e-07, 6.65960726565e-07, 1.26382440158e-06, 1.90256491805e-06, 2.05423907573e-06, 2.52686027125e-06, 1.43373381434e-06, 2.76651604736e-07]
    },
    "erbbands": {
        "dmean": [0.759389698505, 2.39345765114, 2.18206787109, 6.3788318634, 10.0549983978, 9.77810192108, 9.93017959595, 10.7735052109, 22.256937027, 19.2293491364, 30.5663280487, 29.166349411, 20.4150409698, 17.0294075012, 15.4194459915, 17.122215271, 12.229393959, 11.2850704193, 9.36089611053, 9.3612909317, 8.87993812561, 7.61850976944, 9.05899238586, 9.50393199921, 11.727643013, 12.2088155746, 16.1905040741, 18.2337055206, 17.2051563263, 16.6309566498, 16.8411655426, 15.2946186066, 11.4052782059, 10.0166044235, 6.10024452209, 3.29322266579, 0.911241054535, 0.295548647642, 0.0431712679565, 0.000573701399844],
        "dmean2": [1.07260262966, 3.99103784561, 3.620647192, 11.3496704102, 17.3474845886, 17.0204410553, 15.0198545456, 16.6439819336, 32.9139404297, 28.5193729401, 44.787940979, 43.323474884, 29.2596549988, 27.0833950043, 24.9549655914, 27.533531189, 19.1327381134, 17.4048938751, 14.6012439728, 14.9866943359, 14.3821983337, 12.4399089813, 15.3883943558, 15.9799146652, 20.313129425, 20.2219085693, 27.8385334015, 31.4914131165, 27.2460842133, 25.6166191101, 26.3752975464, 23.5062160492, 18.2320766449, 16.6339244843, 9.79359340668, 5.31283998489, 1.45669710636, 0.465982973576, 0.0692028775811, 0.000914170406759],
        "dvar": [1.10521459579, 17.5030879974, 14.6836090088, 276.517150879, 515.314941406, 366.964599609, 221.881958008, 241.396881104, 1350.78344727, 1553.19567871, 3543.14941406, 2995.16113281, 1139.35522461, 558.375793457, 493.357421875, 734.223754883, 299.230407715, 288.107666016, 167.572219849, 164.794906616, 127.87298584, 91.3254852295, 126.085601807, 139.612548828, 235.488220215, 204.446868896, 556.929260254, 665.535888672, 510.421447754, 473.835784912, 597.164611816, 357.475921631, 206.540237427, 240.538772583, 66.9042358398, 19.2913589478, 1.55780601501, 0.134485602379, 0.00335752218962, 5.53064353426e-07],
        "dvar2": [2.32933974266, 50.7665214539, 39.9508476257, 763.267822266, 1388.17358398, 1027.47741699, 432.238830566, 536.55291748, 2677.14868164, 2907.06958008, 6638.71777344, 5507.28808594, 1913.69042969, 1328.32971191, 1181.59020996, 1565.11169434, 649.981506348, 594.145446777, 379.055999756, 385.398651123, 311.473205566, 222.003005981, 342.346191406, 376.550750732, 650.810791016, 525.383911133, 1599.44909668, 1775.71838379, 1042.95227051, 1048.65112305, 1351.96618652, 800.494445801, 522.543395996, 664.174499512, 165.294586182, 49.0456123352, 3.4914329052, 0.308153182268, 0.00818236730993, 1.33498156174e-06],
        "max": [14.7407178879, 56.2070999146, 46.4158363342, 187.543869019, 245.131698608, 240.362442017, 287.575531006, 294.092651367, 942.977172852, 1411.33654785, 2004.17419434, 2480.74462891, 1091.03466797, 399.208312988, 625.207641602, 856.746704102, 418.556518555, 479.234405518, 400.049682617, 263.063659668, 191.642044067, 242.255065918, 288.491790771, 175.736526489, 182.689361572, 244.522338867, 386.640045166, 328.841552734, 286.453582764, 298.396636963, 378.287628174, 295.330780029, 182.348709106, 153.422302246, 99.3609695435, 57.796257019, 24.5680847168, 4.82032585144, 0.94568747282, 0.0122772008181],
        "mean": [1.19917714596, 3.19526195526, 3.35978746414, 5.86011552811, 11.3654699326, 14.0719718933, 23.4895095825, 27.1306972504, 60.0690116882, 50.9300231934, 76.0884094238, 69.5893096924, 49.3408851624, 35.6705665588, 28.5579376221, 32.6930618286, 24.5232467651, 24.1206188202, 19.4008655548, 17.9528255463, 18.557302475, 16.5962581635, 19.0567073822, 20.1121616364, 23.0254573822, 28.372549057, 37.0337219238, 40.523021698, 44.8680305481, 40.8064193726, 37.9998588562, 34.0257568359, 25.4332637787, 19.5905265808, 12.6390256882, 7.02215051651, 2.08141827583, 0.691899418831, 0.0846334323287, 0.00129803176969],
        "median": [0.822851598263, 2.22144436836, 1.74396634102, 1.93976306915, 5.07554197311, 8.2828912735, 12.8395633698, 17.0206661224, 27.5912303925, 24.0191993713, 33.0531349182, 35.8797683716, 27.6583251953, 23.4101886749, 18.7365493774, 18.9000244141, 16.6962718964, 15.2596244812, 13.689324379, 13.0642290115, 14.2225675583, 13.7852296829, 16.4003582001, 17.0294094086, 19.6173419952, 25.1272640228, 31.8851833344, 34.1793479919, 35.7708740234, 32.1534042358, 28.4560699463, 25.83436203, 20.7650737762, 15.6158246994, 10.3658246994, 5.56003570557, 1.69841396809, 0.518831074238, 0.0521721914411, 0.00090337113943],
        "min": [2.37039726835e-22, 7.99966148257e-22, 6.31701395208e-21, 7.81582604403e-21, 2.10088947563e-20, 5.78154140982e-20, 8.81564506654e-20, 1.50760077288e-19, 1.8646164489e-19, 2.41553437574e-19, 4.84420334563e-19, 6.14786687439e-19, 9.24058558329e-19, 5.79464420921e-19, 1.22816954598e-18, 1.17851451419e-18, 1.88827259949e-18, 2.36321861412e-18, 3.86612389625e-18, 3.53172289873e-18, 5.27762117119e-18, 8.03677350782e-18, 6.69052878909e-18, 6.41737638003e-18, 9.25547359355e-18, 9.93978522506e-18, 9.62613736193e-18, 1.3164571177e-17, 1.26919218293e-17, 1.01654839367e-17, 1.43931031315e-17, 1.07642229067e-17, 1.1018140885e-17, 9.41144097959e-18, 7.07302289459e-18, 4.88632586397e-18, 2.28556827488e-18, 9.88745323002e-19, 3.11776160195e-19, 2.69590940925e-20],
        "var": [2.28228521347, 16.9102344513, 22.0532970428, 187.849090576, 415.644561768, 349.440307617, 964.122497559, 970.310546875, 7718.18115234, 8479.40429688, 19806.2441406, 15269.2900391, 5903.10302734, 1655.57202148, 1069.03369141, 2504.06835938, 819.343566895, 1114.09094238, 451.959472656, 341.061279297, 304.03894043, 203.879089355, 235.386306763, 261.508117676, 366.832641602, 478.988250732, 977.472167969, 1186.86804199, 1642.90527344, 1420.98596191, 1487.06982422, 1060.8269043, 538.22845459, 352.104431152, 139.566360474, 43.674987793, 3.98523402214, 0.469167262316, 0.00971217267215, 1.71929650605e-06]
    },
    "gfcc": {
        "mean": [78.1930160522, 33.9313201904, -66.6503372192, 22.1959075928, -61.3052978516, 17.4134941101, -26.9092845917, 16.6752433777, -15.8364610672, 14.7932424545, -13.0987968445, 8.75940513611, -9.48753547668],
        "cov": [[17116.0214844, -3471.79589844, -38.4243049622, 734.149780273, -1070.15270996, 694.567993164, -540.206542969, 431.515869141, -696.346557617, 338.39755249, -493.559906006, 442.336669922, -293.152709961], [-3471.79589844, 2852.45507812, -29.4938278198, -361.793457031, 556.081237793, -136.067764282, 206.211578369, -259.915924072, 111.83065033, -259.900238037, 155.737213135, -136.30128479, 175.133529663], [-38.4243049622, -29.4938278198, 980.532470703, 352.677978516, 300.616973877, 228.132888794, 111.158706665, 29.1798610687, -27.6477184296, -23.2088527679, 6.73579072952, 15.3560934067, 6.3204627037], [734.149780273, -361.793457031, 352.677978516, 639.785217285, 82.2460403442, 272.641601562, -25.964597702, 49.8504371643, -117.893333435, -1.90352153778, -54.8925170898, 23.2678852081, -4.66741275787], [-1070.15270996, 556.081237793, 300.616973877, 82.2460403442, 411.232330322, 96.7111282349, 134.327056885, -25.8200016022, 34.6930732727, -62.5828552246, 53.7591590881, -3.74895763397, 65.9859008789], [694.567993164, -136.067764282, 228.132888794, 272.641601562, 96.7111282349, 298.270568848, 38.3594818115, 76.3855056763, -60.0018119812, -2.00183033943, -33.0025672913, 24.3292198181, 18.4384975433], [-540.206542969, 206.211578369, 111.158706665, -25.964597702, 134.327056885, 38.3594818115, 137.065475464, 39.3116111755, 77.675567627, -4.43751764297, 39.0586776733, -7.78650331497, 22.6821193695], [431.515869141, -259.915924072, 29.1798610687, 49.8504371643, -25.8200016022, 76.3855056763, 39.3116111755, 140.430892944, 55.9755363464, 63.051990509, -12.0143518448, 14.0277700424, -13.8220024109], [-696.346557617, 111.83065033, -27.6477184296, -117.893333435, 34.6930732727, -60.0018119812, 77.675567627, 55.9755363464, 179.26600647, 60.4865760803, 67.8420639038, -19.4127616882, 14.9149856567], [338.39755249, -259.900238037, -23.2088527679, -1.90352153778, -62.5828552246, -2.00183033943, -4.43751764297, 63.051990509, 60.4865760803, 125.708526611, 47.3301506042, 50.1252098083, -4.2912068367], [-493.559906006, 155.737213135, 6.73579072952, -54.8925170898, 53.7591590881, -33.0025672913, 39.0586776733, -12.0143518448, 67.8420639038, 47.3301506042, 114.066665649, 42.4624404907, 45.9452400208], [442.336669922, -136.30128479, 15.3560934067, 23.2678852081, -3.74895763397, 24.3292198181, -7.78650331497, 14.0277700424, -19.4127616882, 50.1252098083, 42.4624404907, 105.412368774, 41.1042709351], [-293.152709961, 175.133529663, 6.3204627037, -4.66741275787, 65.9859008789, 18.4384975433, 22.6821193695, -13.8220024109, 14.9149856567, -4.2912068367, 45.9452400208, 41.1042709351, 93.3482589722]],
        "icov": [[0.00013563047105, -9.9160715763e-06, -2.49076929322e-05, 7.17842194717e-05, 0.000210579950362, -0.000281029031612, 0.000146110905916, -0.000169040285982, 0.000236853535171, -0.000214787287405, 0.000451694562798, -0.000645707303192, 0.000310227158479], [-9.9160715763e-06, 0.000904035638086, 0.000216771120904, 0.000323883112287, -0.000858327141032, -8.43159796204e-05, -0.000275425321888, 0.000776478962507, -7.36431757105e-05, 0.0010212137131, -0.00106531835627, 0.00124866783153, -0.000887205067556], [-2.49076929322e-05, 0.000216771120904, 0.00178730243351, -0.000639396021143, -0.00117634830531, -0.000367283879314, -0.000939983525313, 0.000637122488115, -7.7209842857e-05, 8.73038370628e-05, -0.000241472778725, -0.000104473598185, 0.000770128972363], [7.17842194717e-05, 0.000323883112287, -0.000639396021143, 0.00339572667144, -0.000609360111412, -0.00238780607469, 0.00175672839396, -0.000414774927776, 0.00130773428828, -0.00053792266408, -0.000298974075122, 0.00088232406415, -0.000230054181884], [0.000210579950362, -0.000858327141032, -0.00117634830531, -0.000609360111412, 0.00687746936455, -0.00137347448617, -0.0035515842028, 0.00119648815598, -0.000614495831542, 0.00113922182936, 0.000411191867897, -0.00225590146147, -0.000287764414679], [-0.000281029031612, -8.43159796204e-05, -0.000367283879314, -0.00238780607469, -0.00137347448617, 0.00935571547598, -0.00268844375387, -0.00499539589509, 0.00443773064762, -0.000820255663712, -0.000338585465215, 0.00262436736375, -0.00351809873246], [0.000146110905916, -0.000275425321888, -0.000939983525313, 0.00175672839396, -0.0035515842028, -0.00268844375387, 0.0195936821401, -0.00630536675453, -0.00597628392279, 0.00604386953637, -0.0038057079073, -0.00180741108488, 0.0023757701274], [-0.000169040285982, 0.000776478962507, 0.000637122488115, -0.000414774927776, 0.00119648815598, -0.00499539589509, -0.00630536675453, 0.0211589038372, -0.00884613301605, -0.00597770139575, 0.00888537056744, -0.00308163231239, 0.000876769947354], [0.000236853535171, -7.36431757105e-05, -7.7209842857e-05, 0.00130773428828, -0.000614495831542, 0.00443773064762, -0.00597628392279, -0.00884613301605, 0.0218252912164, -0.00947546772659, -0.00690818624571, 0.0115662058815, -0.00496289273724], [-0.000214787287405, 0.0010212137131, 8.73038370628e-05, -0.00053792266408, 0.00113922182936, -0.000820255663712, 0.00604386953637, -0.00597770139575, -0.00947546772659, 0.0267591942102, -0.0108008133247, -0.0087776388973, 0.0063050291501], [0.000451694562798, -0.00106531835627, -0.000241472778725, -0.000298974075122, 0.000411191867897, -0.000338585465215, -0.0038057079073, 0.00888537056744, -0.00690818624571, -0.0108008133247, 0.0277400780469, -0.0107271503657, -0.00288748159073], [-0.000645707303192, 0.00124866783153, -0.000104473598185, 0.00088232406415, -0.00225590146147, 0.00262436736375, -0.00180741108488, -0.00308163231239, 0.0115662058815, -0.0087776388973, -0.0107271503657, 0.0288993250579, -0.0129571435973], [0.000310227158479, -0.000887205067556, 0.000770128972363, -0.000230054181884, -0.000287764414679, -0.00351809873246, 0.0023757701274, 0.000876769947354, -0.00496289273724, 0.0063050291501, -0.00288748159073, -0.0129571435973, 0.0219480004162]]
    },
    "melbands": {
        "dmean": [0.00536391790956, 0.00162166613154, 0.00113640306517, 0.000740177172702, 0.000328758178512, 0.0002532118815, 0.000338951009326, 0.000195727843675, 0.000249899370829, 0.000171701962245, 0.000101125355286, 7.15320202289e-05, 5.77545870328e-05, 4.83387011627e-05, 3.23740132444e-05, 2.55794184341e-05, 2.13441653614e-05, 1.52773154696e-05, 1.29236277644e-05, 1.16836408779e-05, 1.08769409053e-05, 8.60205000208e-06, 8.46402872412e-06, 9.27925975702e-06, 8.15703970147e-06, 9.02686861082e-06, 9.66992502072e-06, 8.56044607644e-06, 1.06879651867e-05, 1.04660020952e-05, 1.19421865747e-05, 1.06559446067e-05, 9.9888384284e-06, 1.0944281712e-05, 1.0617181033e-05, 1.01841760625e-05, 9.91839988274e-06, 8.77228467289e-06, 8.82390850165e-06, 9.50411322265e-06],
        "dmean2": [0.00794960465282, 0.00275373435579, 0.00195258471649, 0.00128837861121, 0.000510403770022, 0.000386798899854, 0.000499371264596, 0.000292890239507, 0.000366183288861, 0.000255662656855, 0.000145481128129, 0.000113529960799, 9.1745328973e-05, 7.89971381892e-05, 5.08499761054e-05, 4.03683952754e-05, 3.26799199684e-05, 2.38054562942e-05, 2.07534412766e-05, 1.89225756912e-05, 1.75805271283e-05, 1.40217962326e-05, 1.4213466784e-05, 1.55494435603e-05, 1.37254946821e-05, 1.55259094754e-05, 1.69219092641e-05, 1.38236573548e-05, 1.84063301276e-05, 1.7845786715e-05, 2.08255187317e-05, 1.7048269001e-05, 1.59562514455e-05, 1.75649784069e-05, 1.69043523783e-05, 1.62610849657e-05, 1.54666940944e-05, 1.41991185956e-05, 1.42824428622e-05, 1.6090054487e-05],
        "dvar": [5.4070387705e-05, 7.32324906494e-06, 7.60983812143e-06, 2.48352262133e-06, 2.16659401531e-07, 1.31735660602e-07, 3.08671843641e-07, 1.33098311039e-07, 2.07145845366e-07, 9.64775992429e-08, 2.81162719773e-08, 1.0270863271e-08, 7.66267582719e-09, 5.21189225111e-09, 2.0125150435e-09, 1.27433597008e-09, 1.13631581922e-09, 4.4382378328e-10, 3.01794950142e-10, 2.38523506502e-10, 1.95628763189e-10, 1.2263134952e-10, 1.15477655216e-10, 1.33955194159e-10, 1.07428538287e-10, 1.44840972549e-10, 1.52392362618e-10, 9.53902373757e-11, 2.22364182623e-10, 1.65024729992e-10, 3.28347071754e-10, 2.06901107358e-10, 1.51111206881e-10, 2.36165614842e-10, 2.49884168912e-10, 1.87450263645e-10, 1.47725914834e-10, 1.14555177844e-10, 1.27966456875e-10, 2.26973856376e-10],
        "dvar2": [0.00013172859326, 2.11421665881e-05, 2.01583334274e-05, 6.86223074808e-06, 4.62618430674e-07, 2.85032228931e-07, 6.08468496921e-07, 2.53856057952e-07, 3.92392649928e-07, 1.81334385729e-07, 4.73493102504e-08, 2.42384885496e-08, 1.73584169261e-08, 1.20482148702e-08, 4.40568559412e-09, 2.96273028333e-09, 2.28246310741e-09, 9.96146720667e-10, 7.27739257744e-10, 5.75434533356e-10, 4.6975950907e-10, 2.98348790118e-10, 2.96217300688e-10, 3.50792672688e-10, 2.88382873137e-10, 3.96123633895e-10, 4.22908041919e-10, 2.35535202453e-10, 6.38930464092e-10, 4.47556769423e-10, 8.85207851464e-10, 4.19060230961e-10, 3.61110141789e-10, 5.64779445433e-10, 5.72297043089e-10, 4.45787240455e-10, 3.37929462191e-10, 2.91898089033e-10, 3.32299521233e-10, 6.37115027402e-10],
        "max": [0.0929522737861, 0.0384744442999, 0.0306225307286, 0.0181037075818, 0.00791778042912, 0.00746161676943, 0.0143651636317, 0.0128312380984, 0.0149856302887, 0.0133563317358, 0.00538303051144, 0.00176781462505, 0.00291380262934, 0.00196273787878, 0.000974509923253, 0.000675716146361, 0.00109848810825, 0.000599519757088, 0.000278162217, 0.000348158413544, 0.000240684646997, 0.000284673355054, 0.000244591181399, 0.000257220730418, 0.000149760599015, 0.000144699093653, 0.000148248349433, 0.000150082472828, 0.000226208794629, 0.000191695260582, 0.00024228869006, 0.000188833524589, 0.000161574047524, 0.00018858621479, 0.000244402617682, 0.000175545384991, 0.000198336900212, 0.000148537932546, 0.000112559770059, 0.000143672499689],
        "mean": [0.00835807994008, 0.00253859092481, 0.00115973933134, 0.000951988564339, 0.000759839196689, 0.000641038583126, 0.000929661619011, 0.000511776132043, 0.000630098045804, 0.000394278264139, 0.000236674270127, 0.000144990772242, 0.000100650097011, 8.52569428389e-05, 6.55859694234e-05, 4.86829776492e-05, 4.43893732154e-05, 3.0233823054e-05, 2.46362469625e-05, 2.24130235438e-05, 2.15765285247e-05, 1.72778545675e-05, 1.63200238603e-05, 1.82447111001e-05, 1.56113528647e-05, 1.64047196449e-05, 1.76487446879e-05, 1.85828848771e-05, 2.22502203542e-05, 2.32127276831e-05, 2.37904532696e-05, 2.57452247752e-05, 2.33688515436e-05, 2.31276299019e-05, 2.21729733312e-05, 2.07209541259e-05, 2.11176247831e-05, 1.78048157977e-05, 1.70052608155e-05, 1.64590819622e-05],
        "median": [0.00603946764022, 0.00169676402584, 0.000449007318821, 0.000512967351824, 0.000467221077997, 0.000382505299058, 0.000440476287622, 0.000257957493886, 0.000275960948784, 0.000200757509447, 0.000123425081256, 8.94720287761e-05, 5.81922031415e-05, 4.84719676024e-05, 4.32973683928e-05, 3.24829961755e-05, 2.60819542746e-05, 2.0735515136e-05, 1.8017288312e-05, 1.67899288499e-05, 1.54938952619e-05, 1.34949614221e-05, 1.26306968014e-05, 1.42378576129e-05, 1.23723239085e-05, 1.27612765937e-05, 1.49709576363e-05, 1.58133025252e-05, 1.84054424608e-05, 1.99612331926e-05, 1.89312722796e-05, 1.96490254893e-05, 1.89393103938e-05, 1.73063835973e-05, 1.62396772794e-05, 1.45862904901e-05, 1.60638974194e-05, 1.40191505125e-05, 1.32433651743e-05, 1.24064099509e-05],
        "min": [2.85472550508e-24, 3.14240335569e-24, 3.01148893024e-24, 2.37057277412e-24, 3.89374761398e-24, 3.40080815583e-24, 2.44816631605e-24, 3.21347439844e-24, 4.2120861214e-24, 3.77046640387e-24, 3.86809030747e-24, 1.28508330664e-24, 4.61459924284e-24, 3.2417590062e-24, 3.49782187552e-24, 4.78546493719e-24, 3.94218367356e-24, 5.68095025451e-24, 4.54639196239e-24, 4.40498627855e-24, 6.46436959721e-24, 7.54163883824e-24, 4.63526582084e-24, 6.57962059774e-24, 4.90239660588e-24, 4.61266929464e-24, 5.69361186647e-24, 6.29281088856e-24, 4.91135885462e-24, 5.54956192087e-24, 6.34289487857e-24, 7.40279458576e-24, 6.95507026811e-24, 5.17245367045e-24, 7.85533253265e-24, 6.09129084829e-24, 6.48157938672e-24, 5.44446434905e-24, 6.12577235289e-24, 7.47696013262e-24],
        "var": [9.7559815913e-05, 8.82919721334e-06, 5.81475205763e-06, 2.11323936128e-06, 8.12158702956e-07, 5.82071947974e-07, 1.78188668087e-06, 7.25131826584e-07, 1.20876961773e-06, 4.68125705311e-07, 1.44624294762e-07, 3.07237577601e-08, 1.78003318752e-08, 1.488387813e-08, 6.07055961055e-09, 3.17000936612e-09, 4.59329418945e-09, 1.1762131269e-09, 6.22909668291e-10, 4.78948380955e-10, 4.77744177552e-10, 2.5651847313e-10, 2.32056124316e-10, 2.89543000687e-10, 1.88302040627e-10, 2.35985314623e-10, 2.10221867691e-10, 2.31415941965e-10, 3.85449977491e-10, 3.54376084033e-10, 4.90569751488e-10, 6.05478223115e-10, 4.45974063235e-10, 5.25726018274e-10, 5.54144341525e-10, 4.4822420775e-10, 4.15815937238e-10, 2.84187284816e-10, 2.70007183278e-10, 2.81488776732e-10]
    },
    "mfcc": {
        "mean": [-579.789428711, 81.0392379761, 39.6159591675, 14.8453035355, -1.12812066078, 5.73586416245, 1.92910790443, 4.33401155472, 6.11601352692, 6.4904923439, 6.59323167801, 6.33303022385, 3.57094740868],
        "cov": [[11159.6230469, -2097.60668945, -264.002563477, -31.6712169647, -380.759490967, -101.759597778, -54.6286430359, -38.6907920837, -90.7388076782, -206.893630981, -196.802993774, -104.281532288, -85.4181518555], [-2097.60668945, 2243.70825195, -73.2912139893, -79.6614608765, 156.982589722, 113.024177551, 113.391014099, 64.1931762695, -1.31652784348, -42.3157577515, -60.5621490479, -64.657989502, -20.6428794861], [-264.002563477, -73.2912139893, 518.052856445, 198.648956299, 130.57270813, 136.531646729, 94.864906311, 54.2839775085, 29.4940643311, 4.91284036636, -0.41674181819, 11.3043718338, 5.77886533737], [-31.6712169647, -79.6614608765, 198.648956299, 314.535491943, 157.2162323, 143.046035767, 98.0017852783, 59.6772537231, 14.4184408188, -17.4225158691, -19.9588489532, -5.3787894249, -4.37104320526], [-380.759490967, 156.982589722, 130.57270813, 157.2162323, 207.080825806, 147.48765564, 112.189285278, 67.8949813843, 31.6332492828, 2.41709423065, -17.6960449219, -17.9219989777, -12.3107328415], [-101.759597778, 113.024177551, 136.531646729, 143.046035767, 147.48765564, 198.5105896, 129.809906006, 77.6444320679, 19.4786872864, -11.9861040115, -31.3314933777, -19.1941928864, -10.8549165726], [-54.6286430359, 113.391014099, 94.864906311, 98.0017852783, 112.189285278, 129.809906006, 147.142669678, 84.2070541382, 27.8785362244, -7.2222661972, -22.5207366943, -22.4807891846, -5.73403453827], [-38.6907920837, 64.1931762695, 54.2839775085, 59.6772537231, 67.8949813843, 77.6444320679, 84.2070541382, 107.888252258, 54.2973976135, 25.3278255463, -3.96430325508, -7.49843597412, -14.4746618271], [-90.7388076782, -1.31652784348, 29.4940643311, 14.4184408188, 31.6332492828, 19.4786872864, 27.8785362244, 54.2973976135, 93.0466995239, 60.1591529846, 31.1101131439, 16.5730800629, 7.34296798706], [-206.893630981, -42.3157577515, 4.91284036636, -17.4225158691, 2.41709423065, -11.9861040115, -7.2222661972, 25.3278255463, 60.1591529846, 108.999382019, 63.5348434448, 31.9174785614, 5.43973636627], [-196.802993774, -60.5621490479, -0.41674181819, -19.9588489532, -17.6960449219, -31.3314933777, -22.5207366943, -3.96430325508, 31.1101131439, 63.5348434448, 98.833946228, 61.6772651672, 37.6543998718], [-104.281532288, -64.657989502, 11.3043718338, -5.3787894249, -17.9219989777, -19.1941928864, -22.4807891846, -7.49843597412, 16.5730800629, 31.9174785614, 61.6772651672, 88.8702163696, 54.0366744995], [-85.4181518555, -20.6428794861, 5.77886533737, -4.37104320526, -12.3107328415, -10.8549165726, -5.73403453827, -14.4746618271, 7.34296798706, 5.43973636627, 37.6543998718, 54.0366744995, 81.1562423706]],
