{
"lowlevel": {
    "average_loudness": 0.7707862854,
    "barkbands_crest": {
        "dmean": 2.48954987526,
        "dmean2": 3.89386034012,
        "dvar": 6.93363237381,
        "dvar2": 16.2538700104,
        "max": 26.516292572,
        "mean": 14.8511095047,
        "median": 14.6171579361,
        "min": 2.36072921753,
        "var": 29.7279033661
    },
    "barkbands_flatness_db": {
        "dmean": 0.0273211244494,
        "dmean2": 0.0414041802287,
        "dvar": 0.000915606913622,
        "dvar2": 0.00210211542435,
        "max": 0.564847886562,
        "mean": 0.16259329021,
        "median": 0.14845725894,
        "min": 0.0102585209534,
        "var": 0.0055538713932
    },
    "barkbands_kurtosis": {
        "dmean": 7.76453065872,
        "dmean2": 11.7639436722,
        "dvar": 242.899734497,
        "dvar2": 560.851623535,
        "max": 349.083648682,
        "mean": 14.2642555237,
        "median": 4.76316022873,
        "min": -1.96019136906,
        "var": 661.569580078
    },
    "barkbands_skewness": {
        "dmean": 0.827679395676,
        "dmean2": 1.24168491364,
        "dvar": 0.989865779877,
        "dvar2": 2.234593153,
        "max": 16.2402153015,
        "mean": 2.77253603935,
        "median": 2.17185664177,
        "min": -3.96279096603,
        "var": 4.68376588821
    },
    "barkbands_spread": {
        "dmean": 9.2469625473,
        "dmean2": 14.1091060638,
        "dvar": 165.010925293,
        "dvar2": 368.37600708,
        "max": 128.516784668,
        "mean": 26.1191749573,
        "median": 17.369052887,
        "min": 0.15215280652,
        "var": 585.532043457
    },
    "dissonance": {
        "dmean": 0.0181244742125,
        "dmean2": 0.030320500955,
        "dvar": 0.000341707607731,
        "dvar2": 0.000923929736018,
        "max": 0.500000119209,
        "mean": 0.4588932693,
        "median": 0.466329842806,
        "min": 0.182896897197,
        "var": 0.00100488704629
    },
    "dynamic_complexity": 3.78981399536,
    "erbbands_crest": {
        "dmean": 1.91740608215,
        "dmean2": 3.00305819511,
        "dvar": 3.55266451836,
        "dvar2": 8.19241714478,
        "max": 28.4637756348,
        "mean": 7.81896495819,
        "median": 6.9263677597,
        "min": 2.27909421921,
        "var": 13.0626277924
    },
    "erbbands_flatness_db": {
        "dmean": 0.0134707055986,
        "dmean2": 0.0199983417988,
        "dvar": 0.000216616783291,
        "dvar2": 0.00047961002565,
        "max": 0.434822499752,
        "mean": 0.124677203596,
        "median": 0.102376513183,
        "min": 0.0309373103082,
        "var": 0.0039107943885
    },
    "erbbands_kurtosis": {
        "dmean": 0.808947086334,
        "dmean2": 1.2255243063,
        "dvar": 1.23990297318,
        "dvar2": 2.73134994507,
        "max": 25.1874389648,
        "mean": 0.527718007565,
        "median": -0.100812196732,
        "min": -1.80592215061,
        "var": 3.77278876305
    },
    "erbbands_skewness": {
        "dmean": 0.322905123234,
        "dmean2": 0.470461547375,
        "dvar": 0.116483442485,
        "dvar2": 0.229024901986,
        "max": 4.23066282272,
        "mean": 0.19002315402,
        "median": 0.206834748387,
        "min": -4.32336044312,
        "var": 0.669685721397
    },
    "erbbands_spread": {
        "dmean": 9.23406600952,
        "dmean2": 14.006772995,
        "dvar": 103.107582092,
        "dvar2": 242.555404663,
        "max": 155.567687988,
        "mean": 47.1859664917,
        "median": 47.1976127625,
        "min": 4.52708101273,
        "var": 409.448516846
    },
    "hfc": {
        "dmean": 19.7715377808,
        "dmean2": 30.7369041443,
        "dvar": 1265.74609375,
        "dvar2": 2972.10327148,
        "max": 522.675476074,
        "mean": 48.2981414795,
        "median": 26.1354255676,
        "min": 1.15296152782e-16,
        "var": 3381.72094727
    },
    "melbands_crest": {
        "dmean": 3.03173756599,
        "dmean2": 4.65303611755,
        "dvar": 12.3718910217,
        "dvar2": 27.377986908,
        "max": 38.4036445618,
        "mean": 22.9541282654,
        "median": 23.4079837799,
        "min": 2.18057870865,
        "var": 71.779548645
    },
    "melbands_flatness_db": {
        "dmean": 0.0326513163745,
        "dmean2": 0.0500068999827,
        "dvar": 0.00127384939697,
        "dvar2": 0.00302534736693,
        "max": 0.68811917305,
        "mean": 0.244087412953,
        "median": 0.225739717484,
        "min": 0.00797305069864,
        "var": 0.00804460514337
    },
    "melbands_kurtosis": {
        "dmean": 18.8389205933,
        "dmean2": 28.8285980225,
        "dvar": 1157.14221191,
        "dvar2": 2660.24194336,
        "max": 680.021606445,
        "mean": 39.6391906738,
        "median": 20.5148277283,
        "min": -1.88484323025,
        "var": 3092.09716797
    },
    "melbands_skewness": {
        "dmean": 1.13789510727,
        "dmean2": 1.72203958035,
        "dvar": 1.84697389603,
        "dvar2": 4.19484758377,
        "max": 22.3479652405,
        "mean": 4.60187864304,
        "median": 4.02440023422,
        "min": -1.09490466118,
        "var": 8.90163612366
    },
    "melbands_spread": {
        "dmean": 6.95665931702,
        "dmean2": 10.9488506317,
        "dvar": 123.610572815,
        "dvar2": 291.848388672,
        "max": 240.915084839,
        "mean": 18.1638526917,
        "median": 13.5021924973,
        "min": 0.117845162749,
        "var": 362.531799316
    },
    "pitch_salience": {
        "dmean": 0.0724730342627,
        "dmean2": 0.111363813281,
        "dvar": 0.00592738203704,
        "dvar2": 0.0129974745214,
        "max": 0.99540168047,
        "mean": 0.380719155073,
        "median": 0.389915853739,
        "min": 0.0288243833929,
        "var": 0.0266521628946
    },
    "silence_rate_20dB": {
        "dmean": 0,
        "dmean2": 0,
        "dvar": 0,
        "dvar2": 0,
        "max": 1,
        "mean": 1,
        "median": 1,
        "min": 1,
        "var": 0
    },
    "silence_rate_30dB": {
        "dmean": 0.132682844996,
        "dmean2": 0.265377789736,
        "dvar": 0.115059375763,
        "dvar2": 0.253619641066,
        "max": 1,
        "mean": 0.727123498917,
        "median": 1,
        "min": 0,
        "var": 0.198411151767
    },
    "silence_rate_60dB": {
        "dmean": 0.00775123108178,
        "dmean2": 0.0155031690374,
        "dvar": 0.00769204460084,
        "dvar2": 0.0161783117801,
        "max": 1,
        "mean": 0.109013818204,
        "median": 0,
        "min": 0,
        "var": 0.0970910936594
    },
    "spectral_centroid": {
        "dmean": 319.814910889,
        "dmean2": 482.853088379,
        "dvar": 179955.59375,
        "dvar2": 366765.59375,
        "max": 10892.7451172,
        "mean": 1542.44177246,
        "median": 1306.8104248,
        "min": 115.965011597,
        "var": 833923.125
    },
    "spectral_complexity": {
        "dmean": 4.09091758728,
        "dmean2": 6.61255741119,
        "dvar": 26.7191257477,
        "dvar2": 64.6785583496,
        "max": 57,
        "mean": 19.3477401733,
        "median": 17,
        "min": 0,
        "var": 122.382164001
    },
    "spectral_decrease": {
        "dmean": 4.66137306532e-09,
        "dmean2": 7.35679783759e-09,
        "dvar": 3.65791641493e-17,
        "dvar2": 9.6798773011e-17,
        "max": 3.4797915893e-29,
        "mean": -1.87844033661e-08,
        "median": -1.94590938918e-08,
        "min": -7.97935015839e-08,
        "var": 1.56213773365e-16
    },
    "spectral_energy": {
        "dmean": 0.0178566835821,
        "dmean2": 0.02833728306,
        "dvar": 0.000523288152181,
        "dvar2": 0.0013921528589,
        "max": 0.302384734154,
        "mean": 0.0752773731947,
        "median": 0.0801054537296,
        "min": 1.04281617771e-20,
        "var": 0.00228477502242
    },
    "spectral_energyband_high": {
        "dmean": 0.0019202043768,
        "dmean2": 0.00296776555479,
        "dvar": 1.21239700093e-05,
        "dvar2": 2.6572648494e-05,
        "max": 0.0704801902175,
        "mean": 0.00400999328122,
        "median": 0.00128449255135,
        "min": 7.68961233817e-21,
        "var": 3.99307136831e-05
    },
    "spectral_energyband_low": {
        "dmean": 0.0168037023395,
        "dmean2": 0.0263837464154,
        "dvar": 0.000539382919669,
        "dvar2": 0.00139802519698,
        "max": 0.298271507025,
        "mean": 0.0566179938614,
        "median": 0.0545124821365,
        "min": 1.99193137253e-23,
        "var": 0.00213460647501
    },
    "spectral_energyband_middle_high": {
        "dmean": 0.00203007366508,
        "dmean2": 0.00308719975874,
        "dvar": 1.13558517114e-05,
        "dvar2": 2.59193475358e-05,
        "max": 0.113085791469,
        "mean": 0.00521585159004,
        "median": 0.00370647292584,
        "min": 1.43108233741e-21,
        "var": 3.0482906368e-05
    },
    "spectral_energyband_middle_low": {
        "dmean": 0.00350936874747,
        "dmean2": 0.00521441036835,
        "dvar": 3.64545521734e-05,
        "dvar2": 7.82427960075e-05,
        "max": 0.11859972775,
        "mean": 0.00955918245018,
        "median": 0.00550588965416,
        "min": 3.36377484398e-22,
        "var": 0.000127030856675
    },
    "spectral_entropy": {
        "dmean": 0.175586760044,
        "dmean2": 0.26946669817,
        "dvar": 0.050421744585,
        "dvar2": 0.121126309037,
        "max": 9.80252552032,
        "mean": 7.71093702316,
        "median": 7.82457494736,
        "min": 4.52417612076,
        "var": 0.431885153055
    },
    "spectral_flux": {
        "dmean": 0.0312973409891,
        "dmean2": 0.0519551932812,
        "dvar": 0.00146887765732,
        "dvar2": 0.00396615406498,
        "max": 0.379521876574,
        "mean": 0.0972476378083,
        "median": 0.0906850397587,
        "min": 1.02118369316e-10,
        "var": 0.00406814552844
    },
    "spectral_kurtosis": {
        "dmean": 1.6127692461,
        "dmean2": 2.68775629997,
        "dvar": 15.3158159256,
        "dvar2": 45.4784202576,
        "max": 134.51133728,
        "mean": 4.82432556152,
        "median": 2.41390180588,
        "min": -1.40631556511,
        "var": 104.13445282
    },
    "spectral_rms": {
        "dmean": 0.000985758146271,
        "dmean2": 0.00155994691886,
        "dvar": 1.45081799019e-06,
        "dvar2": 3.85276962334e-06,
        "max": 0.0171758402139,
        "mean": 0.00782318133861,
        "median": 0.0088403429836,
        "min": 3.18964190997e-12,
        "var": 1.22397050291e-05
    },
    "spectral_rolloff": {
        "dmean": 785.076171875,
        "dmean2": 1342.61462402,
        "dvar": 2897856.25,
        "dvar2": 6789002.5,
        "max": 18841.5527344,
        "mean": 1496.64367676,
        "median": 689.0625,
        "min": 21.533203125,
        "var": 5392894
    },
    "spectral_skewness": {
        "dmean": 0.231774806976,
        "dmean2": 0.362735778093,
        "dvar": 0.0936339274049,
        "dvar2": 0.255266547203,
        "max": 9.31402301788,
        "mean": 1.5442596674,
        "median": 1.3674530983,
        "min": -0.354356199503,
        "var": 0.847459435463
    },
    "spectral_spread": {
        "dmean": 696279.6875,
        "dmean2": 984720.4375,
        "dvar": 980873248768,
        "dvar2": 1.87083102618e+12,
        "max": 40831568,
        "mean": 6226281,
        "median": 6384197.5,
        "min": 571318.8125,
        "var": 5.5984741417e+12
    },
    "spectral_strongpeak": {
        "dmean": 0.242190018296,
        "dmean2": 0.40523853898,
        "dvar": 0.434931874275,
        "dvar2": 1.16392195225,
        "max": 20.9772777557,
        "mean": 0.697949647903,
        "median": 0.560737192631,
        "min": 0,
        "var": 0.620339393616
    },
    "zerocrossingrate": {
        "dmean": 0.015323442407,
        "dmean2": 0.0176466107368,
        "dvar": 0.00040152380825,
        "dvar2": 0.000544839946087,
        "max": 0.828125,
        "mean": 0.0634880959988,
        "median": 0.05078125,
        "min": 0.00146484375,
        "var": 0.00298582040705
    },
    "barkbands": {
        "dmean": [0.0028132495936, 0.0151407960802, 0.00277803069912, 0.000724695564713, 0.00126233394258, 0.000876250909641, 0.000665259780362, 0.000767697638366, 0.000634958792944, 0.000704580626916, 0.000224040428293, 0.000622271734755, 0.000260602857452, 0.000415711983806, 0.000280273816315, 0.000188850797713, 0.000133760506287, 0.00017408754502, 0.000165276884218, 0.000189342317753, 0.000270739663392, 0.000321821193211, 0.000413751899032, 0.000385074439691, 0.000383741251426, 0.000307102047373, 0.000121506345749],
        "dmean2": [0.00442024227232, 0.0235803090036, 0.00425825081766, 0.00120007118676, 0.00207536341622, 0.00131674413569, 0.000937957433052, 0.00112728402019, 0.000944170169532, 0.00101533578709, 0.000350681919372, 0.000911329174414, 0.000413312896853, 0.000654605741147, 0.000483545445604, 0.000316076359013, 0.000227540236665, 0.000285355257802, 0.0002793459862, 0.000323885440594, 0.000437204435002, 0.00052871578373, 0.000632334908005, 0.000586684618611, 0.000593544507865, 0.000494372332469, 0.000196484630578],
        "dvar": [2.6224182875e-05, 0.000459088216303, 4.67908103019e-05, 2.74929561783e-06, 8.18686839921e-06, 6.27700046607e-06, 5.28709415448e-06, 3.15237070936e-06, 3.26416989083e-06, 3.51372023033e-06, 7.13316751444e-07, 1.35070081342e-06, 2.94465479556e-07, 9.44962380345e-07, 4.90538923259e-07, 1.25281516716e-07, 7.78293625103e-08, 1.29182836872e-07, 1.22089389265e-07, 1.22414334669e-07, 2.34670181953e-07, 4.99016096001e-07, 8.97902793895e-07, 5.48521711607e-07, 1.01044349776e-06, 7.43393115954e-07, 1.36737725143e-07],
        "dvar2": [6.29467031104e-05, 0.00115628866479, 0.000109178719867, 7.13579538569e-06, 1.95943011931e-05, 1.27442281155e-05, 9.50565572566e-06, 6.5066597017e-06, 6.87746023686e-06, 7.44746739656e-06, 1.47419984842e-06, 3.0682938359e-06, 6.72608337027e-07, 2.21789218813e-06, 1.35654545375e-06, 3.31619645522e-07, 2.09015993846e-07, 3.26607505485e-07, 3.20930297448e-07, 3.23657815215e-07, 5.7538721876e-07, 1.14989461508e-06, 1.97085546461e-06, 1.16379089832e-06, 2.12696591007e-06, 1.86323609341e-06, 3.43085815757e-07],
        "max": [0.107851848006, 0.247502431273, 0.151268437505, 0.0273491963744, 0.089011631906, 0.0712810903788, 0.098903387785, 0.0633164793253, 0.0819453373551, 0.0681661069393, 0.0389601290226, 0.0486368946731, 0.017012603581, 0.0564443096519, 0.0184948779643, 0.00813317857683, 0.0104776602238, 0.0148390876129, 0.0125410892069, 0.0123411426321, 0.0118000404909, 0.0439065992832, 0.0324624404311, 0.024484436959, 0.0231615472585, 0.0103857880458, 0.00477892486379],
        "mean": [0.00796532537788, 0.0450123846531, 0.00361254974268, 0.00102154945489, 0.00205432693474, 0.0018435085658, 0.00136703252792, 0.00191916991025, 0.00121315580327, 0.00119914568495, 0.000294672121527, 0.00110317673534, 0.000401139375754, 0.000710650754627, 0.000367356202332, 0.000288478186121, 0.00018603260105, 0.00029269780498, 0.000254652870353, 0.000331185845425, 0.0004927162081, 0.000596155819949, 0.000851969933137, 0.000746715406422, 0.000630463706329, 0.000387682375731, 0.00013295019744],
        "median": [0.00263197370805, 0.0403469726443, 0.00136204308365, 0.000384778395528, 0.000904370215721, 0.000331558112521, 0.000261389883235, 0.000572903256398, 0.000399622222176, 0.000480455113575, 7.20482494216e-05, 0.000580326595809, 0.000187043377082, 0.000285679096123, 0.000120970871649, 0.00012826139573, 8.1741156464e-05, 0.000148928316776, 0.000113742236863, 0.0001384576899, 0.00018413719954, 0.000165995108546, 0.000183669268154, 0.000196409979253, 0.000142712204251, 8.11815916677e-05, 1.57090544235e-05],
        "min": [6.97746208491e-24, 9.67501297108e-24, 1.47192767444e-24, 7.4274575331e-24, 9.00242511457e-23, 1.71959260668e-23, 1.64543920827e-23, 3.23781269007e-23, 2.86709539628e-23, 2.97672592063e-23, 6.24282558504e-23, 7.94485546584e-23, 6.67642771476e-23, 1.0804538094e-22, 1.10245684398e-22, 1.92342009664e-22, 1.40598944195e-22, 1.97586243366e-22, 1.42786070521e-22, 2.44624908428e-22, 5.05456478216e-22, 4.40511591995e-22, 4.68575451227e-22, 7.99428763586e-22, 1.09948004896e-21, 1.50778607264e-21, 2.35497250067e-21],
        "var": [0.000183119409485, 0.00157601805404, 5.10131576448e-05, 3.17963963425e-06, 1.57607100846e-05, 2.17705328396e-05, 1.93743362615e-05, 2.37141994148e-05, 7.725910109e-06, 6.80398579789e-06, 1.19036906199e-06, 2.8053304959e-06, 4.91821197102e-07, 3.3829117001e-06, 6.4223956997e-07, 2.13772494817e-07, 9.91710464859e-08, 2.63265292233e-07, 1.792692359e-07, 2.50835967108e-07, 6.04476099397e-07, 1.19861863368e-06, 3.979684152e-06, 1.85223734661e-06, 2.09012728192e-06, 7.98754342668e-07, 1.35428805947e-07]
    },
    "erbbands": {
        "dmean": [0.747220396996, 2.41561436653, 3.16801691055, 2.56272888184, 3.72936058044, 3.53432846069, 5.34514856339, 8.87660980225, 11.3178663254, 9.00479316711, 15.0750989914, 12.232052803, 21.926733017, 11.4933185577, 16.2998847961, 16.611623764, 11.7340660095, 13.9406080246, 18.3932228088, 12.99081707, 9.70930290222, 7.77429008484, 9.45649909973, 8.64476203918, 7.75591754913, 8.41985321045, 10.2116146088, 11.2692365646, 11.5323467255, 12.1461620331, 12.6100645065, 9.49555778503, 5.83111810684, 4.29708147049, 2.83772206306, 1.31288087368, 0.570663094521, 0.200058862567, 0.0206120125949, 0.000305481313262],
        "dmean2": [1.1125292778, 3.92390847206, 4.91250991821, 3.99576449394, 6.37995815277, 5.84144258499, 7.83384895325, 13.4129810333, 16.2832736969, 13.5010204315, 21.9529323578, 18.0641613007, 31.7000331879, 16.5874271393, 24.4587345123, 24.502040863, 18.1733894348, 21.8534622192, 29.6774978638, 22.1853504181, 16.3568534851, 12.9994497299, 15.5589065552, 14.7145404816, 12.8731002808, 14.2757644653, 16.9866504669, 18.3015575409, 18.978269577, 19.1196899414, 19.2830543518, 14.7456169128, 8.83142757416, 6.61342096329, 4.4672832489, 2.08803153038, 0.935653448105, 0.321335226297, 0.0339432880282, 0.000499411486089],
        "dvar": [1.31457948685, 12.0579442978, 47.431678772, 35.7326583862, 69.4944152832, 86.5244674683, 251.786026001, 740.765380859, 1234.0390625, 1010.82006836, 1082.83300781, 1301.17041016, 2993.31787109, 1141.27490234, 1470.19238281, 936.834960938, 543.488220215, 1134.04248047, 1843.13696289, 994.916992188, 308.073944092, 204.203063965, 404.355133057, 353.008239746, 232.093475342, 247.68927002, 328.890625, 429.691467285, 537.023010254, 837.772277832, 914.9453125, 351.294433594, 133.427337646, 139.702560425, 60.6852874756, 12.1622056961, 2.94021773338, 0.360073655844, 0.00426935264841, 8.59496822159e-07],
        "dvar2": [3.01022267342, 34.4668121338, 111.796783447, 84.9612121582, 180.326934814, 216.389816284, 463.877655029, 1549.20629883, 2413.27612305, 1966.94299316, 2230.76879883, 2556.55566406, 6526.71142578, 2265.80541992, 3088.74536133, 2131.3347168, 1210.16271973, 2807.57983398, 4284.68554688, 2681.92724609, 820.428344727, 533.984558105, 1021.31256104, 934.747314453, 586.020507812, 647.837402344, 853.715209961, 1005.49621582, 1252.2767334, 2008.65917969, 2060.79003906, 761.471679688, 282.250823975, 297.840057373, 133.253005981, 29.316652298, 7.60612821579, 0.911331176758, 0.0109591651708, 2.20711444854e-06],
        "max": [15.450835228, 52.2871551514, 161.458526611, 97.171081543, 127.854156494, 296.07699585, 694.567626953, 903.531188965, 1599.0925293, 2490.19042969, 1107.0246582, 1282.33508301, 2163.52050781, 1728.36791992, 1910.13793945, 1060.03918457, 751.121887207, 1905.45874023, 2899.58911133, 1044.73303223, 356.142974854, 516.316650391, 950.865600586, 688.183227539, 667.622558594, 555.528259277, 435.272125244, 603.651977539, 1121.76501465, 1776.73278809, 969.538085938, 518.24798584, 513.346679688, 348.338928223, 268.27545166, 64.0480804443, 20.2170314789, 7.98507785797, 0.878564894199, 0.0124506084248],
        "mean": [2.18073129654, 6.54154396057, 5.34269952774, 3.91846466064, 4.60919094086, 5.30720424652, 11.6567964554, 18.9742050171, 25.1066570282, 20.273475647, 37.9958305359, 23.6322002411, 41.9528236389, 20.9219703674, 27.245508194, 30.5884418488, 20.0520057678, 24.7160701752, 31.294965744, 19.5176486969, 15.2130918503, 12.3168144226, 15.9220438004, 13.4966449738, 13.1852531433, 15.1736211777, 17.5719528198, 20.6183795929, 20.23878479, 23.4956569672, 25.3497333527, 18.4366836548, 10.7587614059, 7.50982618332, 4.16518163681, 1.73789596558, 0.683036863804, 0.228065282106, 0.0220335796475, 0.000416238239268],
        "median": [1.71911597252, 5.02992582321, 2.76999783516, 1.54544484615, 1.93759334087, 2.11601853371, 3.54682350159, 3.35374426842, 6.4413766861, 5.86122989655, 13.5366163254, 8.57317447662, 19.0263023376, 9.36578941345, 13.2283325195, 17.2141056061, 10.2337989807, 11.4804124832, 11.6648578644, 8.47518444061, 7.07687044144, 6.17076826096, 8.17344093323, 6.68003177643, 6.0771446228, 6.27416992188, 7.2963476181, 6.76712322235, 5.842918396, 5.75620937347, 5.30904865265, 4.24423694611, 2.92412137985, 1.68372225761, 0.93325895071, 0.381045371294, 0.138199463487, 0.0368182323873, 0.00237049651332, 0.000170288505615],
        "min": [3.94979499801e-22, 1.58362486291e-21, 2.44555039334e-21, 2.59891747411e-20, 9.29072914278e-20, 2.38435561201e-19, 1.69553116742e-19, 1.16701238683e-19, 2.29826110289e-19, 3.61726702255e-19, 5.18020669539e-19, 6.77101770199e-19, 1.1361725862e-18, 1.47290364811e-18, 2.99752903876e-18, 2.71747587544e-18, 2.33248016896e-18, 7.46766497458e-18, 5.38102826034e-18, 7.09801119372e-18, 1.05312532774e-17, 8.21804765752e-18, 1.06936652276e-17, 8.44915530322e-18, 6.93688220066e-18, 1.0895620547e-17, 1.33783899207e-17, 1.62839569481e-17, 1.17053459943e-17, 1.96473014428e-17, 1.34557321351e-17, 1.19312572914e-17, 9.49566781828e-18, 1.06596102018e-17, 9.0174986944e-18, 5.17408173315e-18, 2.60769887519e-18, 1.21411822891e-18, 3.35300013593e-19, 3.43877656826e-20],
        "var": [4.42765378952, 51.0532913208, 63.5133399963, 46.3428344727, 67.7937698364, 140.077072144, 975.777893066, 2539.75, 4727.25683594, 3530.43579102, 7456.66015625, 3174.60913086, 6203.08447266, 2531.09179688, 2574.65673828, 1897.4786377, 982.672851562, 2186.94775391, 6079.86523438, 1432.07336426, 518.312561035, 329.899017334, 817.660400391, 485.482910156, 425.161712646, 522.682189941, 741.42779541, 1132.61560059, 1289.09484863, 2299.97705078, 3659.03759766, 1371.34594727, 373.279998779, 318.00567627, 99.7861404419, 15.1828012466, 2.81629681587, 0.351422935724, 0.00405908934772, 8.31292652492e-07]
    },
    "gfcc": {
        "mean": [19.1369590759, 65.2324829102, -91.6488876343, 24.6196022034, -51.8815155029, 26.7514324188, -25.1881160736, 13.9678554535, -16.3883342743, 9.3088312149, -12.5897502899, 4.20676374435, -9.14273071289],
        "cov": [[17299.5214844, -4062.77758789, 2459.67797852, 1631.51489258, 664.361572266, 1602.60766602, 502.577056885, 1342.6270752, 517.787475586, 1205.91906738, 303.316253662, 848.880737305, -298.379760742], [-4062.77758789, 2330.23046875, -810.922607422, -491.055541992, -16.4997749329, -503.478881836, -8.53548336029, -402.107666016, -53.9441070557, -402.168334961, -14.3376646042, -282.673950195, 153.115921021], [2459.67797852, -810.922607422, 1324.0135498, 299.776763916, 407.439117432, 559.390563965, 246.419952393, 427.163726807, 215.414855957, 339.168579102, 129.108673096, 235.141067505, -49.1049995422], [1631.51489258, -491.055541992, 299.776763916, 744.621398926, 165.70602417, 316.718322754, 193.31640625, 179.398727417, 143.854507446, 146.545898438, 76.4608535767, 85.7063903809, -3.4383866787], [664.361572266, -16.4997749329, 407.439117432, 165.70602417, 451.53692627, 242.930511475, 232.699783325, 153.569076538, 149.561401367, 116.927024841, 70.2925109863, 66.2656936646, -1.28666913509], [1602.60766602, -503.478881836, 559.390563965, 316.718322754, 242.930511475, 451.458862305, 185.067153931, 256.357757568, 138.116333008, 194.837890625, 92.1559906006, 111.325149536, -22.7545032501], [502.577056885, -8.53548336029, 246.419952393, 193.31640625, 232.699783325, 185.067153931, 286.691192627, 140.941802979, 140.312713623, 97.5337142944, 64.9035568237, 57.8623352051, 4.84963274002], [1342.6270752, -402.107666016, 427.163726807, 179.398727417, 153.569076538, 256.357757568, 140.941802979, 302.761169434, 118.098083496, 196.745254517, 76.57396698, 103.871635437, -21.849445343], [517.787475586, -53.9441070557, 215.414855957, 143.854507446, 149.561401367, 138.116333008, 140.312713623, 118.098083496, 198.793685913, 95.4538269043, 76.0459823608, 46.5700263977, -4.88154888153], [1205.91906738, -402.168334961, 339.168579102, 146.545898438, 116.927024841, 194.837890625, 97.5337142944, 196.745254517, 95.4538269043, 224.062332153, 73.8039321899, 102.838798523, -31.6158714294], [303.316253662, -14.3376646042, 129.108673096, 76.4608535767, 70.2925109863, 92.1559906006, 64.9035568237, 76.57396698, 76.0459823608, 73.8039321899, 117.608108521, 58.7801856995, 18.2602996826], [848.880737305, -282.673950195, 235.141067505, 85.7063903809, 66.2656936646, 111.325149536, 57.8623352051, 103.871635437, 46.5700263977, 102.838798523, 58.7801856995, 144.517745972, 7.09222459793], [-298.379760742, 153.115921021, -49.1049995422, -3.4383866787, -1.28666913509, -22.7545032501, 4.84963274002, -21.849445343, -4.88154888153, -31.6158714294, 18.2602996826, 7.09222459793, 87.6472015381]],
        "icov": [[0.000140910808113, 7.80084737926e-05, 2.2806436391e-05, -0.000124431055156, -2.32303318626e-05, -0.000132641405798, 0.000128908272018, -0.000184510994586, -3.71060123143e-05, -0.000170277329744, 0.00016251730267, -0.000387254782254, 0.000197407818632], [7.80084737926e-05, 0.00129808508791, 9.66625666479e-05, 0.000414085225202, -0.000572335557081, 0.000784274132457, -0.000777322507929, 0.00019033846911, -0.000249639153481, 0.00100905867293, -0.0014404640533, 0.00151384458877, -0.00111837720033], [2.2806436391e-05, 9.66625666479e-05, 0.00228139385581, 0.000377477932489, -0.000902153842617, -0.00168996187858, 0.000552909739781, -0.000999278738163, -0.000428757281043, -0.000334191863658, 0.000631316448562, -0.00156496348791, 0.000320744118653], [-0.000124431055156, 0.000414085225202, 0.000377477932489, 0.00241885404103, 0.00011854551849, -0.00119754800107, -0.00108719873242, 0.000487863988383, -0.000651215494145, 0.000260720524238, -0.000411421031458, 0.000679756049067, -0.000879515719134], [-2.32303318626e-05, -0.000572335557081, -0.000902153842617, 0.00011854551849, 0.00499740196392, -0.00126417528372, -0.00246860436164, 0.000753321161028, -0.000745833909605, -0.000534971652087, 0.000624104926828, -9.54860952334e-05, 0.000132711691549], [-0.000132641405798, 0.000784274132457, -0.00168996187858, -0.00119754800107, -0.00126417528372, 0.00819612853229, -0.00123593851458, -0.00176402588841, 0.000601567153353, 0.000554518599529, -0.00256485980935, 0.00228080735542, -0.00049419910647], [0.000128908272018, -0.000777322507929, 0.000552909739781, -0.00108719873242, -0.00246860436164, -0.00123593851458, 0.00867140199989, -0.00187312113121, -0.00251079397276, -0.000354567106115, 0.00138559029438, -0.00209453655407, 0.000373136805138], [-0.000184510994586, 0.00019033846911, -0.000999278738163, 0.000487863988383, 0.000753321161028, -0.00176402588841, -0.00187312113121, 0.0108401849866, -0.000845607428346, -0.00510129053146, -0.000331692630425, 0.000852731405757, -0.00102941296063], [-3.71060123143e-05, -0.000249639153481, -0.000428757281043, -0.000651215494145, -0.000745833909605, 0.000601567153353, -0.00251079397276, -0.000845607428346, 0.0100540565327, -0.000899917795323, -0.0038370329421, 0.00121458258945, 0.00105384818744], [-0.000170277329744, 0.00100905867293, -0.000334191863658, 0.000260720524238, -0.000534971652087, 0.000554518599529, -0.000354567106115, -0.00510129053146, -0.000899917795323, 0.014894399792, -0.00413715327159, -0.0017685944913, 0.00269215321168], [0.00016251730267, -0.0014404640533, 0.000631316448562, -0.000411421031458, 0.000624104926828, -0.00256485980935, 0.00138559029438, -0.000331692630425, -0.0038370329421, -0.00413715327159, 0.0168585591018, -0.00575249362737, -0.00216167466715], [-0.000387254782254, 0.00151384458877, -0.00156496348791, 0.000679756049067, -9.54860952334e-05, 0.00228080735542, -0.00209453655407, 0.000852731405757, 0.00121458258945, -0.0017685944913, -0.00575249362737, 0.0162426698953, -0.00458005210385], [0.000197407818632, -0.00111837720033, 0.000320744118653, -0.000879515719134, 0.000132711691549, -0.00049419910647, 0.000373136805138, -0.00102941296063, 0.00105384818744, 0.00269215321168, -0.00216167466715, -0.00458005210385, 0.0156275201589]]
    },
    "melbands": {
        "dmean": [0.00520659144968, 0.00186031265184, 0.000466757861432, 0.0002638232545, 0.000182882096851, 0.00019221585535, 0.000153575616423, 0.000125901773572, 0.00011213497055, 8.65655674716e-05, 0.000116906616313, 5.77257087571e-05, 3.97833646275e-05, 7.49580576667e-05, 3.39924117725e-05, 3.07232076011e-05, 2.77041290246e-05, 3.64641200576e-05, 2.30538062169e-05, 1.41749560498e-05, 1.11018152893e-05, 8.61405715114e-06, 9.06087188923e-06, 7.79432320996e-06, 7.45205852581e-06, 6.5032427301e-06, 6.93631045579e-06, 5.61975775781e-06, 6.90056367603e-06, 6.60615432935e-06, 7.17673128747e-06, 6.61391550238e-06, 7.11500297257e-06, 7.28337454348e-06, 7.7807899288e-06, 7.11923348717e-06, 5.96279915044e-06, 4.49531535196e-06, 3.74992487195e-06, 3.86448846257e-06],
        "dmean2": [0.00793412793428, 0.00304871378466, 0.00073132023681, 0.000448571634479, 0.00027206382947, 0.00028853569529, 0.000219772919081, 0.000186797406059, 0.000164422322996, 0.00012800526747, 0.000168726270203, 8.25477036415e-05, 6.04364722676e-05, 0.000110065382614, 5.08637094754e-05, 4.81875140395e-05, 4.37224152847e-05, 5.84015833738e-05, 3.95780407416e-05, 2.35817042267e-05, 1.89019810932e-05, 1.44280811583e-05, 1.51650392581e-05, 1.27599114421e-05, 1.28051888169e-05, 1.1067284504e-05, 1.20040403999e-05, 9.53849666985e-06, 1.1721726878e-05, 1.06355755634e-05, 1.187613816e-05, 1.08706508399e-05, 1.18173447845e-05, 1.16236342365e-05, 1.19237429317e-05, 1.1177574379e-05, 9.52779646468e-06, 6.93966239851e-06, 5.82991106057e-06, 6.04409660809e-06],
        "dvar": [5.75663470954e-05, 8.85099325387e-06, 1.12643647299e-06, 3.98270088908e-07, 2.65123759391e-07, 3.01837843608e-07, 2.23515044695e-07, 1.27297795416e-07, 5.98808824748e-08, 6.88697809892e-08, 8.38721518903e-08, 2.53163854325e-08, 1.08758086981e-08, 2.24320757525e-08, 6.10613604124e-09, 5.02822894433e-09, 4.37096048245e-09, 8.03174859954e-09, 3.04482905555e-09, 8.86840711978e-10, 4.20492141107e-10, 2.60543864261e-10, 4.32034075182e-10, 2.69636563077e-10, 2.75272277195e-10, 1.79049622351e-10, 1.84017065474e-10, 1.18410753425e-10, 1.50407630795e-10, 1.55237669941e-10, 1.86721554885e-10, 1.86089116339e-10, 3.09981901259e-10, 2.69688826826e-10, 3.74728914565e-10, 2.45598791304e-10, 1.43231454475e-10, 8.17803047504e-11, 6.84943837759e-11, 1.27055393984e-10],
        "dvar2": [0.000138092917041, 2.36870691879e-05, 2.6633467769e-06, 1.01810803699e-06, 5.01497027017e-07, 6.29626526916e-07, 4.28509849826e-07, 2.58298570088e-07, 1.25668378814e-07, 1.3743931504e-07, 1.80713541909e-07, 5.07717992093e-08, 2.23792007148e-08, 5.02164994032e-08, 1.29425883344e-08, 1.13571543281e-08, 1.08699902412e-08, 1.83006516608e-08, 8.45798808768e-09, 2.18454854206e-09, 1.14155684905e-09, 6.81155409854e-10, 1.11879838727e-09, 6.85843715154e-10, 7.36615546337e-10, 4.74732697597e-10, 4.88182716474e-10, 3.13480186254e-10, 4.04730415848e-10, 3.84232284878e-10, 4.54763976476e-10, 4.49432074889e-10, 7.82848785796e-10, 6.34275854061e-10, 8.55653159437e-10, 5.62025426198e-10, 3.28405830308e-10, 1.81686984901e-10, 1.48232773278e-10, 2.78010087174e-10],
        "max": [0.0968223512173, 0.0622556880116, 0.0158076323569, 0.0100784022361, 0.0251232795417, 0.0174916740507, 0.020685121417, 0.0225565135479, 0.0072427703999, 0.0098112989217, 0.0113671878353, 0.00675263535231, 0.00528596667573, 0.00652875285596, 0.00303073949181, 0.00226899515837, 0.00369333103299, 0.0064265052788, 0.00137318042107, 0.000790330872405, 0.000352564966306, 0.000507861957885, 0.000924025953282, 0.000638420984615, 0.000615700031631, 0.000408635154599, 0.000555642822292, 0.000401492608944, 0.000287273927825, 0.000371704780264, 0.000386599131161, 0.000684298516717, 0.00112534023356, 0.000757774338126, 0.000730903877411, 0.000514896877576, 0.000352406845195, 0.000405037309974, 0.000316718011163, 0.000305514055071],
        "mean": [0.0157404281199, 0.00466824835166, 0.000701992947143, 0.000340628554113, 0.000390984438127, 0.000423149467679, 0.000338580546668, 0.000295723089948, 0.000273386423942, 0.000159908042406, 0.000221574766329, 0.000101921403257, 6.29360802122e-05, 0.00012771046022, 5.3353192925e-05, 4.58902177343e-05, 4.73990548926e-05, 5.96397985646e-05, 3.01520685753e-05, 2.15966865653e-05, 1.58091716003e-05, 1.2223671547e-05, 1.40991551234e-05, 1.27118473756e-05, 1.07522146209e-05, 9.77250419965e-06, 1.03827314888e-05, 9.77798299573e-06, 1.09276725198e-05, 1.10370510811e-05, 1.21385910461e-05, 1.09867560241e-05, 1.21577486425e-05, 1.33525854835e-05, 1.51597769218e-05, 1.29609688884e-05, 1.06477018562e-05, 7.72949624661e-06, 6.41566839477e-06, 6.32942419543e-06],
        "median": [0.0138068851084, 0.00337548553944, 0.000296676938888, 0.000141845506732, 0.000119443611766, 8.32630321383e-05, 8.09674165794e-05, 7.51688130549e-05, 0.000100065211882, 4.62754542241e-05, 9.93382927845e-05, 4.2574301915e-05, 2.86117920041e-05, 6.17766781943e-05, 2.18239765672e-05, 1.67619018612e-05, 2.0531597329e-05, 1.97571334866e-05, 1.04435921457e-05, 9.26706707105e-06, 6.65838251734e-06, 5.34753098691e-06, 6.11865743849e-06, 6.61734475216e-06, 4.84855263494e-06, 4.42728241978e-06, 4.36488744526e-06, 3.55651854989e-06, 4.40946678282e-06, 3.73628904526e-06, 3.67131224266e-06, 3.11932899422e-06, 2.92053459816e-06, 3.03727529172e-06, 3.03048818751e-06, 2.55623353951e-06, 2.44597322308e-06, 2.05301535061e-06, 1.5099835764e-06, 1.30661021558e-06],
        "min": [3.71711495198e-24, 1.18390282364e-24, 5.00529956666e-24, 1.97231808161e-23, 6.43821649162e-24, 2.30929386179e-24, 3.44767635436e-24, 4.66753417616e-24, 3.87856164712e-24, 4.13992704224e-24, 5.31918495427e-24, 5.19275658357e-24, 9.69936116292e-24, 9.98616258906e-24, 4.02709981684e-24, 7.34236862928e-24, 1.40948112964e-23, 7.76079149746e-24, 9.74565073197e-24, 1.00491357774e-23, 1.24699976454e-23, 8.20588575285e-24, 8.94792539676e-24, 9.4251381239e-24, 6.23315880462e-24, 5.47383521828e-24, 4.83633344937e-24, 7.53761249218e-24, 6.5831223513e-24, 1.24897144348e-23, 7.84417567286e-24, 5.29144623826e-24, 1.09524951099e-23, 1.04579384868e-23, 8.6213409263e-24, 5.39940461415e-24, 8.2188167608e-24, 6.00766291487e-24, 7.96731764903e-24, 8.77206463516e-24],
        "var": [0.000198516398086, 2.6988767786e-05, 1.35669881729e-06, 4.06023701771e-07, 1.06529523691e-06, 1.08524989173e-06, 8.7940281901e-07, 6.3670296413e-07, 3.47788443378e-07, 1.67762394199e-07, 1.76226976123e-07, 5.58801609429e-08, 1.84939086267e-08, 4.67228886691e-08, 1.07342392752e-08, 8.56342108335e-09, 9.52779366514e-09, 2.94226918385e-08, 3.90174559328e-09, 1.57950896806e-09, 6.25274831911e-10, 3.92130272697e-10, 9.06844876969e-10, 4.45393805171e-10, 3.52343543231e-10, 2.63262689426e-10, 2.88367857371e-10, 2.35831243423e-10, 2.92807916802e-10, 3.42754491456e-10, 4.33500513264e-10, 3.87378823463e-10, 5.82179804365e-10, 8.2214307584e-10, 1.37763733754e-09, 9.28660037758e-10, 4.31366387055e-10, 1.99099903231e-10, 1.66838154403e-10, 2.66539873506e-10]
    },
    "mfcc": {
        "mean": [-630.905212402, 103.019592285, 18.5903358459, 11.3407144547, 3.97243952751, 12.8496017456, 7.73398399353, 8.48727893829, 5.56017208099, 8.20231151581, 4.85337114334, 3.34325671196, 0.858735620975],
        "cov": [[11638.3789062, -2398.49926758, 1206.71972656, 759.675476074, 773.90057373, 834.031433105, 487.08972168, 658.252197266, 487.160125732, 665.554077148, 569.711120605, 642.298034668, 527.430908203], [-2398.49926758, 1700.24145508, -449.438995361, -194.980026245, -125.215339661, -207.462615967, -47.1960487366, -119.175521851, -81.609085083, -140.947052002, -94.2114181519, -133.69694519, -115.213134766], [1206.71972656, -449.438995361, 768.546203613, 79.8806915283, 255.948364258, 197.449996948, 171.120559692, 183.618728638, 132.028152466, 168.657913208, 144.314483643, 178.319473267, 129.789764404], [759.675476074, -194.980026245, 79.8806915283, 377.99395752, 92.5138778687, 173.071533203, 99.5333175659, 114.855499268, 103.028678894, 83.2388458252, 80.8572463989, 84.8536758423, 73.0773544312], [773.90057373, -125.215339661, 255.948364258, 92.5138778687, 313.138305664, 180.049468994, 137.503814697, 134.023574829, 101.777000427, 127.881408691, 100.15499115, 111.570922852, 73.3210449219], [834.031433105, -207.462615967, 197.449996948, 173.071533203, 180.049468994, 283.21875, 149.817596436, 152.680725098, 113.343482971, 118.464355469, 105.074798584, 99.2537765503, 81.1524429321], [487.08972168, -47.1960487366, 171.120559692, 99.5333175659, 137.503814697, 149.817596436, 213.580474854, 126.697257996, 107.66053009, 97.9105453491, 89.8622512817, 91.0861206055, 72.3676223755], [658.252197266, -119.175521851, 183.618728638, 114.855499268, 134.023574829, 152.680725098, 126.697257996, 187.805358887, 113.114440918, 107.551399231, 86.0919799805, 101.68019104, 77.2237091064], [487.160125732, -81.609085083, 132.028152466, 103.028678894, 101.777000427, 113.343482971, 107.66053009, 113.114440918, 148.682296753, 105.426940918, 87.7881317139, 77.295539856, 60.0204315186], [665.554077148, -140.947052002, 168.657913208, 83.2388458252, 127.881408691, 118.464355469, 97.9105453491, 107.551399231, 105.426940918, 169.682281494, 113.108848572, 97.4566955566, 62.4568023682], [569.711120605, -94.2114181519, 144.314483643, 80.8572463989, 100.15499115, 105.074798584, 89.8622512817, 86.0919799805, 87.7881317139, 113.108848572, 162.028503418, 108.226676941, 76.5666732788], [642.298034668, -133.69694519, 178.319473267, 84.8536758423, 111.570922852, 99.2537765503, 91.0861206055, 101.68019104, 77.295539856, 97.4566955566, 108.226676941, 163.46484375, 101.389251709], [527.430908203, -115.213134766, 129.789764404, 73.0773544312, 73.3210449219, 81.1524429321, 72.3676223755, 77.2237091064, 60.0204315186, 62.4568023682, 76.5666732788, 101.389251709, 132.09854126]],
