{
"lowlevel": {
    "average_loudness": 0.922676026821,
    "barkbands_crest": {
        "dmean": 3.00396800041,
        "dmean2": 4.60932159424,
        "dvar": 10.1459255219,
        "dvar2": 24.1877307892,
        "max": 26.3953304291,
        "mean": 11.5795469284,
        "median": 10.8355636597,
        "min": 2.08185839653,
        "var": 29.0825405121
    },
    "barkbands_flatness_db": {
        "dmean": 0.024319704622,
        "dmean2": 0.0355735905468,
        "dvar": 0.000677860109136,
        "dvar2": 0.00154755462427,
        "max": 0.602993249893,
        "mean": 0.144328758121,
        "median": 0.101560622454,
        "min": 0.00857355538756,
        "var": 0.0124423820525
    },
    "barkbands_kurtosis": {
        "dmean": 3.77443552017,
        "dmean2": 5.75209712982,
        "dvar": 105.115478516,
        "dvar2": 258.039916992,
        "max": 282.879760742,
        "mean": 5.47338104248,
        "median": 1.27000188828,
        "min": -1.81804025173,
        "var": 192.246856689
    },
    "barkbands_skewness": {
        "dmean": 0.631745517254,
        "dmean2": 0.924873232841,
        "dvar": 0.573578774929,
        "dvar2": 1.2999663353,
        "max": 14.6507701874,
        "mean": 1.4762481451,
        "median": 1.19592368603,
        "min": -3.09966063499,
        "var": 2.02036690712
    },
    "barkbands_spread": {
        "dmean": 8.23946666718,
        "dmean2": 12.4445924759,
        "dvar": 101.572257996,
        "dvar2": 228.862716675,
        "max": 121.333854675,
        "mean": 32.4268913269,
        "median": 32.0548553467,
        "min": 0.219415590167,
        "var": 572.991394043
    },
    "dissonance": {
        "dmean": 0.0197727475315,
        "dmean2": 0.0328220762312,
        "dvar": 0.000619927595835,
        "dvar2": 0.00167644757312,
        "max": 0.500000119209,
        "mean": 0.453421682119,
        "median": 0.475039482117,
        "min": 0.0992119759321,
        "var": 0.00280708214268
    },
    "dynamic_complexity": 1.73431575298,
    "erbbands_crest": {
        "dmean": 2.04431843758,
        "dmean2": 3.15055179596,
        "dvar": 3.99637746811,
        "dvar2": 9.54680252075,
        "max": 31.6607017517,
        "mean": 9.1061372757,
        "median": 7.69227075577,
        "min": 2.1983320713,
        "var": 23.3341064453
    },
    "erbbands_flatness_db": {
        "dmean": 0.0147325219586,
        "dmean2": 0.0209866426885,
        "dvar": 0.000238457447267,
        "dvar2": 0.000487439683639,
        "max": 0.635115802288,
        "mean": 0.160467669368,
        "median": 0.108450837433,
        "min": 0.0282886791974,
        "var": 0.0129041932523
    },
    "erbbands_kurtosis": {
        "dmean": 1.26002025604,
        "dmean2": 1.79858183861,
        "dvar": 10.8599128723,
        "dvar2": 20.7021503448,
        "max": 145.705856323,
        "mean": 2.19146585464,
        "median": 0.00685119628906,
        "min": -1.76697742939,
        "var": 58.2392959595
    },
    "erbbands_skewness": {
        "dmean": 0.308850198984,
        "dmean2": 0.446671038866,
        "dvar": 0.0969089120626,
        "dvar2": 0.2004712075,
        "max": 9.69015979767,
        "mean": 0.419885098934,
        "median": 0.200949385762,
        "min": -2.39216160774,
        "var": 1.0251390934
    },
    "erbbands_spread": {
        "dmean": 6.98824214935,
        "dmean2": 10.3497276306,
        "dvar": 69.5264892578,
        "dvar2": 157.150665283,
        "max": 141.083389282,
        "mean": 37.1675033569,
        "median": 39.5677986145,
        "min": 0.415608465672,
        "var": 416.23538208
    },
    "hfc": {
        "dmean": 14.4593868256,
        "dmean2": 21.9764175415,
        "dvar": 554.914245605,
        "dvar2": 1388.96069336,
        "max": 282.326507568,
        "mean": 46.6580657959,
        "median": 36.0950698853,
        "min": 1.16150464918e-16,
        "var": 1444.18652344
    },
    "melbands_crest": {
        "dmean": 4.0720281601,
        "dmean2": 6.39424180984,
        "dvar": 18.4366226196,
        "dvar2": 42.4216003418,
        "max": 35.331489563,
        "mean": 17.8534488678,
        "median": 16.5995426178,
        "min": 2.0450937748,
        "var": 53.0814361572
    },
    "melbands_flatness_db": {
        "dmean": 0.0319599807262,
        "dmean2": 0.0460733398795,
        "dvar": 0.00112183473539,
        "dvar2": 0.00242272741161,
        "max": 0.73636507988,
        "mean": 0.218544244766,
        "median": 0.185197517276,
        "min": 0.00589217804372,
        "var": 0.0142731005326
    },
    "melbands_kurtosis": {
        "dmean": 8.37699794769,
        "dmean2": 12.8334827423,
        "dvar": 233.559204102,
        "dvar2": 539.381530762,
        "max": 444.229095459,
        "mean": 13.5758152008,
        "median": 7.11754322052,
        "min": -1.51648724079,
        "var": 428.181121826
    },
    "melbands_skewness": {
        "dmean": 0.863539755344,
        "dmean2": 1.27929186821,
        "dvar": 0.961547136307,
        "dvar2": 2.18318343163,
        "max": 16.3878917694,
        "mean": 2.54470825195,
        "median": 2.26788783073,
        "min": -2.38968729973,
        "var": 3.07514858246
    },
    "melbands_spread": {
        "dmean": 9.67402076721,
        "dmean2": 14.5796871185,
        "dvar": 154.457626343,
        "dvar2": 335.8984375,
        "max": 156.958007812,
        "mean": 28.0368518829,
        "median": 21.290687561,
        "min": 0.24497051537,
        "var": 560.797363281
    },
    "pitch_salience": {
        "dmean": 0.0831418633461,
        "dmean2": 0.125852793455,
        "dvar": 0.0065432251431,
        "dvar2": 0.0153809906915,
        "max": 0.881123483181,
        "mean": 0.472227305174,
        "median": 0.480770111084,
        "min": 0.0649552568793,
        "var": 0.0192690622061
    },
    "silence_rate_20dB": {
        "dmean": 0,
        "dmean2": 0,
        "dvar": 0,
        "dvar2": 0,
        "max": 1,
        "mean": 1,
        "median": 1,
        "min": 1,
        "var": 0
    },
    "silence_rate_30dB": {
        "dmean": 0,
        "dmean2": 0,
        "dvar": 0,
        "dvar2": 0,
        "max": 1,
        "mean": 1,
        "median": 1,
        "min": 1,
        "var": 0
    },
    "silence_rate_60dB": {
        "dmean": 0.000850546755828,
        "dmean2": 0.00170119688846,
        "dvar": 0.000850052281749,
        "dvar2": 0.00182073179167,
        "max": 1,
        "mean": 0.019136140123,
        "median": 0,
        "min": 0,
        "var": 0.0187700148672
    },
    "spectral_centroid": {
        "dmean": 263.739501953,
        "dmean2": 375.791687012,
        "dvar": 105360.132812,
        "dvar2": 212673.015625,
        "max": 11245.1132812,
        "mean": 1690.08776855,
        "median": 1717.55505371,
        "min": 144.943435669,
        "var": 775487.6875
    },
    "spectral_complexity": {
        "dmean": 3.69586873055,
        "dmean2": 5.88674879074,
        "dvar": 16.1934261322,
        "dvar2": 38.7283859253,
        "max": 65,
        "mean": 23.0868110657,
        "median": 21,
        "min": 0,
        "var": 143.649108887
    },
    "spectral_decrease": {
        "dmean": 2.78803335974e-09,
        "dmean2": 4.25965529516e-09,
        "dvar": 9.72112416604e-18,
        "dvar2": 2.6980151694e-17,
        "max": 8.27603393465e-29,
        "mean": -9.67748814418e-09,
        "median": -8.95620200225e-09,
        "min": -3.20591446723e-08,
        "var": 2.41552901975e-17
    },
    "spectral_energy": {
        "dmean": 0.0106248669326,
        "dmean2": 0.0164422243834,
        "dvar": 0.000136341055622,
        "dvar2": 0.000385119288694,
        "max": 0.121776133776,
        "mean": 0.0407571345568,
        "median": 0.0397075116634,
        "min": 1.05101083955e-20,
        "var": 0.000356392847607
    },
    "spectral_energyband_high": {
        "dmean": 0.00120549544226,
        "dmean2": 0.00181168597192,
        "dvar": 3.0784547107e-06,
        "dvar2": 7.31257068765e-06,
        "max": 0.0223115254194,
        "mean": 0.00324705638923,
        "median": 0.0023795904126,
        "min": 7.62967082433e-21,
        "var": 1.10120781756e-05
    },
    "spectral_energyband_low": {
        "dmean": 0.0091354129836,
        "dmean2": 0.0139639610425,
        "dvar": 0.000158472845214,
        "dvar2": 0.000408908177633,
        "max": 0.120596677065,
        "mean": 0.0194042231888,
        "median": 0.0140986694023,
        "min": 3.86168554578e-23,
        "var": 0.000382710830308
    },
    "spectral_energyband_middle_high": {
        "dmean": 0.00226456881501,
        "dmean2": 0.00333853624761,
        "dvar": 7.28198483557e-06,
        "dvar2": 1.53200198838e-05,
        "max": 0.0778520777822,
        "mean": 0.007582613267,
        "median": 0.00652298983186,
        "min": 1.40981878735e-21,
        "var": 3.45547741745e-05
    },
    "spectral_energyband_middle_low": {
        "dmean": 0.00413132831454,
        "dmean2": 0.00633973348886,
        "dvar": 3.42450803146e-05,
        "dvar2": 8.54447571328e-05,
        "max": 0.0899819433689,
        "mean": 0.0119924899191,
        "median": 0.00972196739167,
        "min": 2.24905203333e-22,
        "var": 7.95716259745e-05
    },
    "spectral_entropy": {
        "dmean": 0.170124515891,
        "dmean2": 0.253514200449,
        "dvar": 0.0425313338637,
        "dvar2": 0.10398914665,
        "max": 9.80933666229,
        "mean": 7.39384460449,
        "median": 7.70288705826,
        "min": 3.81467366219,
        "var": 0.781624257565
    },
    "spectral_flux": {
        "dmean": 0.0284997206181,
        "dmean2": 0.047603443265,
        "dvar": 0.000925968226511,
        "dvar2": 0.00248281937093,
        "max": 0.330359309912,
        "mean": 0.0923641398549,
        "median": 0.0873052403331,
        "min": 6.83103920651e-11,
        "var": 0.00238932250068
    },
    "spectral_kurtosis": {
        "dmean": 4.45563554764,
        "dmean2": 7.39524555206,
        "dvar": 222.559555054,
        "dvar2": 634.897155762,
        "max": 439.816253662,
        "mean": 14.6654939651,
        "median": 3.43734788895,
        "min": -1.21746897697,
        "var": 1417.81945801
    },
    "spectral_rms": {
        "dmean": 0.000809161050711,
        "dmean2": 0.0012437311234,
        "dvar": 6.91271850428e-07,
        "dvar2": 1.93444680008e-06,
        "max": 0.0108998157084,
        "mean": 0.00609009433538,
        "median": 0.00622406927869,
        "min": 3.20214991675e-12,
        "var": 2.67389077635e-06
    },
    "spectral_rolloff": {
        "dmean": 1175.56665039,
        "dmean2": 1920.7076416,
        "dvar": 5127349,
        "dvar2": 12850183,
        "max": 19099.9511719,
        "mean": 2410.45898438,
        "median": 1248.92578125,
        "min": 64.599609375,
        "var": 7321956
    },
    "spectral_skewness": {
        "dmean": 0.328230470419,
        "dmean2": 0.527307569981,
        "dvar": 0.451785743237,
        "dvar2": 1.31468820572,
        "max": 16.3299446106,
        "mean": 2.19469952583,
        "median": 1.51227986813,
        "min": -0.0449784956872,
        "var": 3.98478031158
    },
    "spectral_spread": {
        "dmean": 582237.9375,
        "dmean2": 827670.0625,
        "dvar": 608078594048,
        "dvar2": 1.01913198592e+12,
        "max": 41337352,
        "mean": 5284843,
        "median": 5725545,
        "min": 181931.71875,
        "var": 4.90783060787e+12
    },
    "spectral_strongpeak": {
        "dmean": 0.657772183418,
        "dmean2": 1.14244639874,
        "dvar": 2.47780609131,
        "dvar2": 6.42086553574,
        "max": 26.1729183197,
        "mean": 1.18369877338,
        "median": 0.534837841988,
        "min": 0,
        "var": 2.83590054512
    },
    "zerocrossingrate": {
        "dmean": 0.0184911750257,
        "dmean2": 0.0215785671026,
        "dvar": 0.000486222503241,
        "dvar2": 0.000622760504484,
        "max": 0.79345703125,
        "mean": 0.0888033807278,
        "median": 0.07763671875,
        "min": 0.0029296875,
        "var": 0.00373309478164
    },
    "barkbands": {
        "dmean": [0.000715612492058, 0.00796688720584, 0.00180800282396, 0.00200030277483, 0.0011807482224, 0.00063282699557, 0.000697184354067, 0.000471447536256, 0.00111612863839, 0.000799770001322, 0.000398901844164, 0.00038472446613, 0.000389574357541, 0.000378563738195, 0.000462648080429, 0.000220678033656, 0.000338869955158, 0.000317141064443, 0.000228416029131, 0.000276872422546, 0.000272792589385, 0.00030394498026, 0.000155530768097, 0.000141357508255, 0.000177473732037, 0.000233293802012, 0.00030763290124],
        "dmean2": [0.000983144855127, 0.0120979221538, 0.00288594840094, 0.0035235225223, 0.00185581739061, 0.000961487530731, 0.00102362490725, 0.000699625292327, 0.00154331757221, 0.00107208930422, 0.000596183293965, 0.000569087744225, 0.000607508758549, 0.000600254104938, 0.000731346139219, 0.000352493894752, 0.00053753296379, 0.000500710331835, 0.000356438773451, 0.000434815709013, 0.000427831982961, 0.000471259845654, 0.000236698630033, 0.000213014456676, 0.00027241348289, 0.000356115633622, 0.000513448321726],
        "dvar": [1.48980518588e-06, 0.000158019043738, 1.65979145095e-05, 2.87275652227e-05, 5.60651460546e-06, 7.97951997811e-07, 1.1271921494e-06, 6.29012220088e-07, 2.68232474809e-06, 2.56868383985e-06, 7.70985138843e-07, 3.79434823117e-07, 5.98552730935e-07, 4.41153389374e-07, 1.06611003048e-06, 2.75891665069e-07, 4.51840634241e-07, 4.98140991567e-07, 1.66475132346e-07, 1.89866653955e-07, 1.92733708104e-07, 2.76440601965e-07, 7.56887317266e-08, 5.62182087549e-08, 7.69927694932e-08, 2.0106612908e-07, 9.5494863217e-07],
        "dvar2": [2.67299742518e-06, 0.000396689545596, 4.09005333495e-05, 8.01810019766e-05, 1.20621216411e-05, 1.76364744675e-06, 2.4308922093e-06, 1.47646710502e-06, 4.72160536447e-06, 3.64813945453e-06, 1.46257991673e-06, 7.74246075252e-07, 1.30970829559e-06, 1.04245077637e-06, 2.62054049927e-06, 6.84925851147e-07, 1.10235237116e-06, 1.20631875689e-06, 3.72695950546e-07, 4.44271449851e-07, 4.51030473414e-07, 6.45540353617e-07, 1.74200877723e-07, 1.24645083588e-07, 1.82404406246e-07, 4.69614235499e-07, 2.4828975711e-06],
        "max": [0.018848054111, 0.118952654302, 0.0498181544244, 0.0545171685517, 0.0878485292196, 0.019531454891, 0.0285200905055, 0.0205603260547, 0.0438143871725, 0.0772479996085, 0.0290283039212, 0.0209485627711, 0.0202652178705, 0.015368854627, 0.0228996928781, 0.018845975399, 0.0191643685102, 0.022123368457, 0.00984201207757, 0.00904150307178, 0.00846994295716, 0.0108552919701, 0.00747055606917, 0.00478164525703, 0.00505536096171, 0.00568848010153, 0.0106836287305],
        "mean": [0.0013858374441, 0.0142874876037, 0.00252302200533, 0.00212938222103, 0.00215326738544, 0.001423645881, 0.00167460320517, 0.00109365268145, 0.00298456475139, 0.0018367228331, 0.000774358864874, 0.00075066217687, 0.000659267301671, 0.000669044384267, 0.000782175105996, 0.000386186613468, 0.000610488234088, 0.000628748908639, 0.00045798739302, 0.00058669882128, 0.000577013590373, 0.000644011306576, 0.000335393211571, 0.000303492852254, 0.000375798816094, 0.000421965843998, 0.000301558553474],
        "median": [0.000311476585921, 0.00667900079861, 0.000572989752982, 0.000354840041837, 0.00091839407105, 0.000801272457466, 0.00092265184503, 0.000557100458536, 0.00146945612505, 0.000683350139298, 0.000286736525595, 0.000379945267923, 0.000307220820105, 0.000320740771713, 0.000227756157983, 0.000138228249853, 0.000265590875642, 0.000239763379795, 0.000215456093429, 0.00035637995461, 0.000299437728245, 0.000347125664121, 0.000191767001525, 0.000170032319147, 0.000204989497433, 0.000157734612003, 1.65773017216e-05],
        "min": [6.438146283e-24, 1.15357078657e-23, 4.00701817921e-24, 4.18805505164e-24, 1.33829779254e-23, 2.4262750315e-23, 2.44093238266e-23, 1.94797367631e-23, 2.21626558572e-23, 4.19700002433e-23, 8.94722504605e-23, 4.27363817682e-23, 6.46985281159e-23, 3.84200725273e-23, 6.09755400945e-23, 9.76596358474e-23, 1.5470726079e-22, 1.09800918309e-22, 1.70098113756e-22, 3.73732433775e-22, 3.35312307605e-22, 3.59105892363e-22, 4.11983958282e-22, 8.26097664302e-22, 1.00676059458e-21, 1.4290307437e-21, 2.57692024554e-21],
        "var": [6.32935052636e-06, 0.000312544696499, 2.59312309936e-05, 2.65446069534e-05, 1.30815906232e-05, 3.12054316964e-06, 5.05347270519e-06, 2.30017667491e-06, 1.73768694367e-05, 1.38509667522e-05, 2.29648389904e-06, 1.35174923344e-06, 1.21499215311e-06, 9.36563139931e-07, 2.25263511311e-06, 5.50891570583e-07, 1.05871970391e-06, 1.33146420467e-06, 4.6162941203e-07, 5.70146596601e-07, 6.35312289887e-07, 8.29262887692e-07, 2.08727371387e-07, 1.64385284052e-07, 2.13739554056e-07, 3.74567605377e-07, 7.69616804064e-07]
    },
    "erbbands": {
        "dmean": [0.338140964508, 1.40892851353, 1.56147551537, 5.32313537598, 4.15683221817, 5.2299041748, 5.63854169846, 4.30454444885, 9.62072181702, 7.22389221191, 19.808719635, 22.0508918762, 23.0493927002, 19.2911872864, 9.66786289215, 14.8035755157, 17.8149585724, 17.8174037933, 17.1058521271, 18.6396465302, 12.4790735245, 17.826051712, 14.7509870529, 16.3103179932, 11.621386528, 10.1987743378, 9.83657550812, 12.2104511261, 12.8591995239, 5.99741268158, 4.66055727005, 3.1745634079, 2.30695128441, 2.08172416687, 1.40198194981, 0.955329835415, 0.457448154688, 0.317032068968, 0.0524585098028, 0.000660691352095],
        "dmean2": [0.493544578552, 2.22070622444, 2.36899495125, 9.22287368774, 6.9674243927, 8.12889862061, 8.84286212921, 6.49621582031, 14.3223791122, 11.1575956345, 26.7447414398, 30.9247531891, 31.1547241211, 27.6129188538, 15.0826053619, 22.1270523071, 27.0654716492, 28.2853488922, 26.8170471191, 29.6805324554, 19.9040794373, 28.1001911163, 23.2597103119, 25.7722625732, 18.2062549591, 16.0118217468, 15.2467679977, 19.1774578094, 20.0914020538, 9.19784641266, 7.0817065239, 4.84693098068, 3.48761129379, 3.21535992622, 2.159760952, 1.46186006069, 0.710293233395, 0.518265783787, 0.0880473256111, 0.00110224995296],
        "dvar": [0.287717729807, 6.23619508743, 8.33806324005, 214.999862671, 73.6150512695, 153.871582031, 77.9916992188, 39.5777244568, 223.804672241, 224.890167236, 1041.9753418, 1047.80236816, 1894.38049316, 1307.01538086, 334.916748047, 570.431274414, 1004.83984375, 935.691650391, 838.766906738, 1444.88183594, 614.983886719, 1200.1809082, 1448.83862305, 1253.20593262, 412.011138916, 303.532867432, 223.557357788, 378.147064209, 632.071166992, 99.2726745605, 77.0217590332, 27.640619278, 14.4788742065, 13.0592784882, 5.05742359161, 2.80636811256, 0.845910549164, 0.861238718033, 0.0285519268364, 4.34402318206e-06],
        "dvar2": [0.626902937889, 16.3049755096, 19.1935806274, 595.498901367, 188.409484863, 326.207977295, 196.109863281, 81.4463882446, 455.733154297, 592.000793457, 1732.0958252, 1863.6998291, 2830.25830078, 2392.140625, 740.044433594, 1192.62805176, 2163.95507812, 2210.99707031, 2032.92480469, 3626.35693359, 1503.99023438, 2920.41650391, 3431.76977539, 3082.65649414, 923.287536621, 696.596313477, 523.384338379, 890.108581543, 1493.82055664, 230.002487183, 179.081619263, 63.0567016602, 31.7315387726, 30.6711082458, 11.9443378448, 6.34975814819, 1.9872674942, 2.21668148041, 0.0746365487576, 1.13147789307e-05],
        "max": [4.34064102173, 26.6898193359, 45.7054901123, 150.664016724, 175.470947266, 533.232543945, 190.703659058, 234.154388428, 512.770080566, 391.077484131, 1012.57720947, 1146.03747559, 1841.14001465, 1154.65783691, 322.160675049, 751.678588867, 871.395507812, 718.628234863, 593.029296875, 811.692565918, 620.921630859, 1136.69677734, 1521.47241211, 939.990844727, 576.274841309, 533.054077148, 262.440216064, 357.235931396, 575.470581055, 266.57913208, 318.959960938, 112.644569397, 100.301460266, 89.5445632935, 40.9947547913, 28.5858459473, 10.9681539536, 11.1727895737, 1.84395980835, 0.0228105373681],
        "mean": [0.616705775261, 2.38256216049, 2.8905184269, 5.93061876297, 6.10642814636, 8.71086883545, 10.4379491806, 10.4012374878, 23.2388210297, 16.033203125, 53.4608192444, 57.2090301514, 55.7106399536, 42.2178459167, 19.8739261627, 29.6294136047, 33.8336639404, 33.4750404358, 34.7440872192, 34.7698173523, 25.0447254181, 33.0667800903, 30.1061325073, 34.3808059692, 24.5794239044, 22.8242931366, 22.3267993927, 25.7349643707, 26.1419258118, 12.9035739899, 9.77995967865, 6.66281604767, 4.83883666992, 4.07229995728, 2.79429459572, 1.74266600609, 0.779355049133, 0.372782737017, 0.0497462935746, 0.000709823332727],
        "median": [0.187965765595, 1.30874538422, 1.15970849991, 1.18453168869, 2.14365553856, 3.35724020004, 5.65919589996, 6.26348114014, 12.2732477188, 9.44343566895, 22.698764801, 30.8661003113, 24.2273216248, 21.5986557007, 9.24294567108, 15.9414949417, 18.9116535187, 18.1883621216, 18.1015052795, 12.8992795944, 10.8813037872, 17.0035572052, 14.253367424, 13.0929718018, 13.0010900497, 13.4416418076, 14.189458847, 14.0763025284, 12.3315877914, 7.79122209549, 5.42712688446, 3.69155454636, 2.63839745522, 2.20955061913, 1.4341968298, 0.785870492458, 0.246478050947, 0.0482493713498, 0.00277111469768, 0.000116362178233],
        "min": [4.47774918339e-22, 2.34175114142e-21, 5.92034207427e-21, 1.39622481312e-20, 2.50632203624e-20, 4.02655237073e-20, 9.74056353082e-20, 2.30036498508e-19, 4.44289718844e-19, 6.24993786005e-19, 5.4975545374e-19, 4.60082664689e-19, 9.97202520982e-19, 2.01183353068e-18, 3.29318303522e-18, 1.69423763788e-18, 2.96012620621e-18, 2.42314433398e-18, 3.2998525925e-18, 4.09258899076e-18, 5.46000622445e-18, 9.27462034319e-18, 7.6381990112e-18, 5.91513919545e-18, 1.13478029648e-17, 1.81938640429e-17, 1.58426163866e-17, 1.20596506117e-17, 1.14601597345e-17, 1.64295903667e-17, 1.09054722681e-17, 1.79006334788e-17, 1.40234493506e-17, 1.04938671953e-17, 7.45518695504e-18, 5.41298845126e-18, 2.55347222296e-18, 1.07741556915e-18, 3.65798576368e-19, 3.8181739422e-20],
        "var": [0.719825685024, 9.5625743866, 20.0562076569, 185.858352661, 115.656394958, 282.536376953, 189.257110596, 162.200485229, 1242.01672363, 432.760101318, 7223.67333984, 5509.68457031, 10203.9179688, 4659.19726562, 909.004516602, 1938.79553223, 2324.21582031, 1988.04284668, 2204.63085938, 3223.88696289, 1571.39916992, 2559.20410156, 3570.53881836, 3795.96020508, 1212.34875488, 1069.67578125, 732.594238281, 1159.08105469, 1774.31140137, 293.844024658, 193.38973999, 79.3982086182, 42.1851882935, 29.6989440918, 12.9240999222, 6.05117702484, 1.46323931217, 0.776964306831, 0.0224675759673, 3.50735695065e-06]
    },
    "gfcc": {
        "mean": [25.0404281616, 63.0734062195, -104.936691284, 6.83643817902, -56.6424598694, 8.2578496933, -26.5692462921, 11.7981042862, -18.5595912933, 9.68789100647, -19.1457939148, 3.40563416481, -10.9435358047],
        "cov": [[17286.7421875, -5297.59375, 1879.95373535, 4275.23876953, 1633.38146973, 2044.93005371, 50.8805160522, 547.256469727, -418.609466553, 701.601074219, -264.918701172, 739.098876953, -461.453277588], [-5297.59375, 3820.98583984, -823.275024414, -1474.89660645, -399.559082031, -965.918701172, 68.9050369263, -446.60256958, 126.297180176, -465.161437988, 168.875778198, -393.810638428, 252.45324707], [1879.95373535, -823.275024414, 1094.32543945, 848.921875, 573.916015625, 575.456420898, 152.28187561, 233.53515625, -32.6650733948, 187.427261353, -48.0191650391, 127.093093872, -98.1867523193], [4275.23876953, -1474.89660645, 848.921875, 1918.99816895, 681.967956543, 902.923706055, 191.242095947, 250.349884033, -37.5888938904, 248.820632935, -42.6749649048, 213.173492432, -134.11479187], [1633.38146973, -399.559082031, 573.916015625, 681.967956543, 766.929870605, 332.808380127, 197.07673645, 77.418586731, 3.82089185715, 63.7548599243, -21.2147445679, 35.0578918457, -75.6936569214], [2044.93005371, -965.918701172, 575.456420898, 902.923706055, 332.808380127, 646.501281738, 110.590965271, 217.652267456, -14.9317941666, 195.120956421, -16.2826824188, 147.928894043, -76.4703140259], [50.8805160522, 68.9050369263, 152.28187561, 191.242095947, 197.07673645, 110.590965271, 215.099533081, 64.7783203125, 58.3987388611, 13.2571706772, 19.5936279297, 13.8792715073, 16.1988544464], [547.256469727, -446.60256958, 233.53515625, 250.349884033, 77.418586731, 217.652267456, 64.7783203125, 261.484069824, 44.7513046265, 137.860321045, 13.2429971695, 85.4878997803, -1.59373307228], [-418.609466553, 126.297180176, -32.6650733948, -37.5888938904, 3.82089185715, -14.9317941666, 58.3987388611, 44.7513046265, 134.660324097, 25.9553527832, 36.2206802368, -3.86195015907, 26.7387218475], [701.601074219, -465.161437988, 187.427261353, 248.820632935, 63.7548599243, 195.120956421, 13.2571706772, 137.860321045, 25.9553527832, 188.863052368, 34.4354972839, 85.1311416626, -18.5321483612], [-264.918701172, 168.875778198, -48.0191650391, -42.6749649048, -21.2147445679, -16.2826824188, 19.5936279297, 13.2429971695, 36.2206802368, 34.4354972839, 114.010772705, 24.9728279114, 31.2620620728], [739.098876953, -393.810638428, 127.093093872, 213.173492432, 35.0578918457, 147.928894043, 13.8792715073, 85.4878997803, -3.86195015907, 85.1311416626, 24.9728279114, 141.57208252, 15.1866207123], [-461.453277588, 252.45324707, -98.1867523193, -134.11479187, -75.6936569214, -76.4703140259, 16.1988544464, -1.59373307228, 26.7387218475, -18.5321483612, 31.2620620728, 15.1866207123, 105.17276001]],
        "icov": [[0.000203968869755, 8.09802877484e-05, 0.000116129514936, -0.000348326895619, -0.000221369162318, 0.000110964698251, 0.000208925412153, 2.62518733507e-05, 0.000336988305207, -0.000144310091855, 0.000207342964131, -0.000473502528621, 0.000149997285916], [8.09802877484e-05, 0.000892054289579, -0.000247185671469, -2.96500802506e-05, 8.70272924658e-05, 0.000435527792433, -0.000456574402051, 0.000464802054921, -7.98748296802e-05, 0.000878120772541, -0.00136784161441, 0.00145528349094, -0.00122637464665], [0.000116129514936, -0.000247185671469, 0.00262124906294, -4.8249756901e-07, -0.00146170926746, -0.00139101652894, 0.000197791261598, -0.000857926323079, 0.00094095437089, -0.000900190498214, 0.00132402253803, -0.00108543375973, 0.000807847129181], [-0.000348326895619, -2.96500802506e-05, -4.8249756901e-07, 0.00243078125641, -0.000356099626515, -0.00239644036628, -0.00050541391829, 0.000411496701417, -0.000534721417353, 0.000314643111778, -0.000199739224627, 0.000308124203002, -6.62661914248e-05], [-0.000221369162318, 8.70272924658e-05, -0.00146170926746, -0.000356099626515, 0.00339845218696, 0.000574379926547, -0.00221070530824, 0.000758343492635, -0.000474814325571, 0.000456784473499, -0.000798072316684, 0.00136731856037, 0.000457616348285], [0.000110964698251, 0.000435527792433, -0.00139101652894, -0.00239644036628, 0.000574379926547, 0.0074238399975, -0.00115927134175, -0.00114323862363, 0.000764662749134, -0.00136560830288, -0.000247930176556, -0.000807626405731, 0.00081462576054], [0.000208925412153, -0.000456574402051, 0.000197791261598, -0.00050541391829, -0.00221070530824, -0.00115927134175, 0.0089147919789, -0.00174094352406, -0.00247251568362, 0.00177137553692, -9.15752316359e-05, -0.000829766329844, -0.00119286356494], [2.62518733507e-05, 0.000464802054921, -0.000857926323079, 0.000411496701417, 0.000758343492635, -0.00114323862363, -0.00174094352406, 0.0083603458479, -0.00184121658094, -0.00348092080094, 0.000601642241236, -0.000475009641377, -0.00142284459434], [0.000336988305207, -7.98748296802e-05, 0.00094095437089, -0.000534721417353, -0.000474814325571, 0.000764662749134, -0.00247251568362, -0.00184121658094, 0.0113500189036, -0.002575725317, -0.00104596640449, 0.000770429556724, -0.00070573965786], [-0.000144310091855, 0.000878120772541, -0.000900190498214, 0.000314643111778, 0.000456784473499, -0.00136560830288, 0.00177137553692, -0.00348092080094, -0.002575725317, 0.0138696879148, -0.00527606951073, -0.0007725978503, 0.000608719070442], [0.000207342964131, -0.00136784161441, 0.00132402253803, -0.000199739224627, -0.000798072316684, -0.000247930176556, -9.15752316359e-05, 0.000601642241236, -0.00104596640449, -0.00527606951073, 0.014513396658, -0.00511066615582, 0.000203175557544], [-0.000473502528621, 0.00145528349094, -0.00108543375973, 0.000308124203002, 0.00136731856037, -0.000807626405731, -0.000829766329844, -0.000475009641377, 0.000770429556724, -0.0007725978503, -0.00511066615582, 0.0171009059995, -0.00695591326803], [0.000149997285916, -0.00122637464665, 0.000807847129181, -6.62661914248e-05, 0.000457616348285, 0.00081462576054, -0.00119286356494, -0.00142284459434, -0.00070573965786, 0.000608719070442, 0.000203175557544, -0.00695591326803, 0.0160942524672]]
    },
    "melbands": {
        "dmean": [0.00254420051351, 0.00101864966564, 0.000849556527101, 0.00030768677243, 0.000191719504073, 0.000107842519355, 0.000142161603435, 7.16444192221e-05, 0.000206431126571, 0.000134359317599, 0.000120169941511, 8.49415009725e-05, 3.86522769986e-05, 2.79211526504e-05, 4.88938821945e-05, 4.5887169108e-05, 3.59848418157e-05, 2.54615388258e-05, 4.71858656965e-05, 1.83865704457e-05, 1.53112177941e-05, 2.29913439398e-05, 1.20292670545e-05, 1.3371300156e-05, 1.45014091686e-05, 9.36958713282e-06, 1.04807249954e-05, 7.14822317605e-06, 6.83550433678e-06, 8.5547890194e-06, 6.56809652355e-06, 9.60441138886e-06, 4.2024898903e-06, 3.08920448333e-06, 2.92568824989e-06, 2.77398658e-06, 2.07124776352e-06, 1.74204637915e-06, 1.91145295503e-06, 1.98283396458e-06],
        "dmean2": [0.0037994037848, 0.00158122298308, 0.00146519718692, 0.00047805160284, 0.000303561624605, 0.000162533760886, 0.00021091713279, 0.00011249819363, 0.00027661563945, 0.000189377460629, 0.000161813775776, 0.000119619180623, 5.99705672357e-05, 4.3198120693e-05, 7.22265613149e-05, 7.04710619175e-05, 5.714121653e-05, 4.03055601055e-05, 7.44675417081e-05, 2.94185265375e-05, 2.47677944571e-05, 3.63973158528e-05, 1.90865066543e-05, 2.11631577258e-05, 2.30030400417e-05, 1.46101365317e-05, 1.70197545231e-05, 1.13242467705e-05, 1.06947109089e-05, 1.35153431984e-05, 1.0429136637e-05, 1.51154235937e-05, 6.57815144223e-06, 4.83282201458e-06, 4.51516280009e-06, 4.32563183494e-06, 3.21829452332e-06, 2.67134896603e-06, 2.97792826132e-06, 3.0951921417e-06],
        "dvar": [1.56804962899e-05, 2.4780260901e-06, 4.94961977893e-06, 4.12644340031e-07, 9.84023458273e-08, 2.15219078115e-08, 4.5024414419e-08, 2.58296442013e-08, 1.20348886412e-07, 4.03658546588e-08, 5.43720339863e-08, 2.43723956572e-08, 6.09419759101e-09, 2.19691109749e-09, 7.32350713406e-09, 9.82688241891e-09, 4.17585610535e-09, 2.27559504573e-09, 1.24170451699e-08, 2.28995311602e-09, 1.20585919028e-09, 2.09313100186e-09, 8.78443873198e-10, 7.59524554361e-10, 1.03316333266e-09, 3.9416958586e-10, 3.35870387058e-10, 1.59478680262e-10, 1.4722689734e-10, 2.46427184214e-10, 1.1307174641e-10, 4.19351525727e-10, 5.8158870081e-11, 2.54923859799e-11, 3.61219526512e-11, 3.35967260956e-11, 1.62024508393e-11, 8.04009723382e-12, 1.2903270466e-11, 1.23429140172e-11],
        "dvar2": [3.76663956558e-05, 6.14361260887e-06, 1.36300468512e-05, 8.66030006819e-07, 2.45526990739e-07, 4.57040165713e-08, 9.43331315284e-08, 6.96990412052e-08, 1.96801110519e-07, 7.13450134526e-08, 7.98408166247e-08, 4.17995842383e-08, 1.28236248287e-08, 5.02756458687e-09, 1.46002365753e-08, 2.07922852269e-08, 9.70079394591e-09, 5.41281153232e-09, 3.04695859654e-08, 5.7449280888e-09, 2.94268343026e-09, 5.07888486823e-09, 2.11410799977e-09, 1.80019554819e-09, 2.53305798559e-09, 8.63519977745e-10, 8.2533613277e-10, 3.74663189362e-10, 3.45316691908e-10, 5.79437886561e-10, 2.73376793425e-10, 9.78538250429e-10, 1.4391389469e-10, 6.09812686458e-11, 8.65585103593e-11, 7.8309449203e-11, 3.81085996093e-11, 1.81379009034e-11, 2.96469515604e-11, 2.92928528656e-11],
        "max": [0.0333636663854, 0.0177633669227, 0.0225313641131, 0.0205618012697, 0.00892571173608, 0.00461270846426, 0.00654842844233, 0.00482337456197, 0.0108587136492, 0.0076920511201, 0.0103028733283, 0.00558838341385, 0.00187149364501, 0.00120170693845, 0.00322039984167, 0.00280049839057, 0.001648028614, 0.00140162440948, 0.00253778602928, 0.00179204007145, 0.00113613822032, 0.00148026179522, 0.00118541135453, 0.00080916180741, 0.000838439154904, 0.0006832035142, 0.000335176184308, 0.000405839789892, 0.000281633954728, 0.000352502334863, 0.000218332017539, 0.000514331157319, 0.000221700916882, 0.000120938799228, 0.000278813473415, 0.000208346871659, 0.000115179384011, 6.45772597636e-05, 9.76800147328e-05, 8.6427309725e-05],
        "mean": [0.00465721450746, 0.00205440330319, 0.00101492588874, 0.000537321961019, 0.000355672091246, 0.000266441900749, 0.000344063155353, 0.00014474359341, 0.000549914373551, 0.000337541510817, 0.000281192304101, 0.000185361306649, 7.48565726099e-05, 5.61758206459e-05, 9.077253344e-05, 7.59545728215e-05, 6.21277358732e-05, 4.83520270791e-05, 7.59815957281e-05, 3.08419221255e-05, 2.77617891697e-05, 3.94552516809e-05, 2.31546455325e-05, 2.64844948106e-05, 2.82768723991e-05, 1.77693509613e-05, 1.81792565854e-05, 1.44025116242e-05, 1.39739295264e-05, 1.61578809639e-05, 1.29453037516e-05, 1.82140138349e-05, 8.096782949e-06, 6.1733903749e-06, 5.71666396354e-06, 4.96799657412e-06, 3.87713589589e-06, 3.34801529789e-06, 3.38157860824e-06, 3.46816273122e-06],
        "median": [0.00185673893429, 0.00140012137126, 0.000235925792367, 0.000221882641199, 0.000206759432331, 0.000160781637533, 0.000191310566152, 7.34317145543e-05, 0.000210179277929, 0.000183952332009, 0.000110478780698, 8.93247124623e-05, 3.1136583857e-05, 2.88731207547e-05, 4.50399311376e-05, 2.93681314361e-05, 2.90276566375e-05, 2.52874942817e-05, 1.93627292902e-05, 1.05080471258e-05, 8.51700406201e-06, 1.75106943061e-05, 1.0344929251e-05, 1.05718945633e-05, 9.18791374716e-06, 7.39366760172e-06, 8.44420264912e-06, 7.83457835496e-06, 7.97434222477e-06, 7.87042245065e-06, 6.10951337876e-06, 7.01187582308e-06, 3.95135066356e-06, 3.41888176081e-06, 2.94732512884e-06, 2.35356992562e-06, 1.78863467681e-06, 1.66732797879e-06, 1.63189281466e-06, 1.6672631773e-06],
        "min": [4.32086175719e-24, 2.99704330934e-24, 2.51137478216e-24, 1.64711553769e-24, 4.8442346802e-24, 5.61703516625e-24, 6.38058823034e-24, 5.35621408516e-24, 3.89130687834e-24, 3.05796900921e-24, 4.86401063423e-24, 7.61440731244e-24, 1.06618905853e-23, 5.42987397218e-24, 3.25562856142e-24, 7.75274748281e-24, 4.0100864537e-24, 4.93134582895e-24, 6.99070074862e-24, 6.0830468574e-24, 6.39628774565e-24, 8.47098088232e-24, 1.13375870271e-23, 4.37820721183e-24, 3.98843064413e-24, 6.03849514892e-24, 9.00178171962e-24, 1.06881990965e-23, 9.91558478159e-24, 8.02089234855e-24, 6.01794295575e-24, 5.66308492159e-24, 8.76306767653e-24, 7.67321847065e-24, 3.47751028494e-24, 1.16107419484e-23, 8.93183026771e-24, 9.72643723577e-24, 8.81104461907e-24, 8.2521713776e-24],
        "var": [3.52915085386e-05, 5.78184744882e-06, 4.64370396003e-06, 8.62708304794e-07, 2.06420395443e-07, 9.51677492367e-08, 2.27097331162e-07, 4.49246080336e-08, 8.50323317536e-07, 1.97074726316e-07, 2.93770710869e-07, 9.89141639707e-08, 1.5657125374e-08, 6.10940720236e-09, 2.50447325101e-08, 2.07805666008e-08, 8.72794281292e-09, 5.20702014839e-09, 2.51142342478e-08, 4.1716190502e-09, 2.98178637337e-09, 4.32643698645e-09, 2.0536514711e-09, 2.04316830121e-09, 3.01771585498e-09, 1.00384656143e-09, 7.61573581975e-10, 4.51793075174e-10, 3.67105151833e-10, 6.57326415521e-10, 3.25790033839e-10, 1.18876464228e-09, 1.38895270285e-10, 7.12234993205e-11, 7.69598898498e-11, 6.59659687985e-11, 3.56188030459e-11, 2.21385271226e-11, 2.65612167677e-11, 2.51844656241e-11]
    },
    "mfcc": {
        "mean": [-625.415283203, 108.463623047, 3.7149541378, 8.32611465454, -8.2204580307, 1.41589355469, -0.641307890415, 1.97611582279, 5.70494699478, 4.36101722717, 5.0941734314, -0.444686979055, -4.00710058212],
        "cov": [[10838.9277344, -3535.05883789, 520.066589355, 2076.21679688, 1600.62548828, 1701.32458496, 1013.80389404, 579.967712402, 328.672088623, 171.431640625, 272.40447998, 300.320373535, 219.209381104], [-3535.05883789, 2958.04541016, -356.038543701, -790.325317383, -603.851379395, -697.72467041, -407.64755249, -274.386810303, -204.913787842, -156.601593018, -222.893005371, -163.46913147, -71.6203765869], [520.066589355, -356.038543701, 617.274780273, 289.000762939, 285.469543457, 299.456176758, 217.516433716, 152.306365967, 112.391891479, 79.6338729858, 95.9866485596, 63.3948745728, 16.8398780823], [2076.21679688, -790.325317383, 289.000762939, 848.887023926, 546.46673584, 559.310119629, 374.714508057, 238.347366333, 159.068664551, 109.082748413, 94.064956665, 106.927566528, 64.3818435669], [1600.62548828, -603.851379395, 285.469543457, 546.46673584, 634.680969238, 464.072113037, 333.893890381, 181.758148193, 129.328063965, 78.3625183105, 101.339332581, 82.1857833862, 45.8852005005], [1701.32458496, -697.72467041, 299.456176758, 559.310119629, 464.072113037, 577.592712402, 311.52432251, 196.393203735, 113.65851593, 74.3949661255, 78.9286956787, 89.5562515259, 38.644947052], [1013.80389404, -407.64755249, 217.516433716, 374.714508057, 333.893890381, 311.52432251, 323.554168701, 155.830810547, 114.531593323, 59.3347473145, 83.5111160278, 73.7088928223, 51.3799934387], [579.967712402, -274.386810303, 152.306365967, 238.347366333, 181.758148193, 196.393203735, 155.830810547, 181.173324585, 94.1580963135, 56.6769371033, 49.3499412537, 50.013671875, 19.9892559052], [328.672088623, -204.913787842, 112.391891479, 159.068664551, 129.328063965, 113.65851593, 114.531593323, 94.1580963135, 150.542068481, 66.7502059937, 54.0148200989, 36.9341239929, 16.7980480194], [171.431640625, -156.601593018, 79.6338729858, 109.082748413, 78.3625183105, 74.3949661255, 59.3347473145, 56.6769371033, 66.7502059937, 118.256355286, 55.1105880737, 21.9468212128, 12.2712306976], [272.40447998, -222.893005371, 95.9866485596, 94.064956665, 101.339332581, 78.9286956787, 83.5111160278, 49.3499412537, 54.0148200989, 55.1105880737, 140.391525269, 57.9011421204, 23.1613273621], [300.320373535, -163.46913147, 63.3948745728, 106.927566528, 82.1857833862, 89.5562515259, 73.7088928223, 50.013671875, 36.9341239929, 21.9468212128, 57.9011421204, 127.829696655, 53.5993537903], [219.209381104, -71.6203765869, 16.8398780823, 64.3818435669, 45.8852005005, 38.644947052, 51.3799934387, 19.9892559052, 16.7980480194, 12.2712306976, 23.1613273621, 53.5993537903, 114.806991577]],
