{
"lowlevel": {
    "average_loudness": 0.861710190773,
    "barkbands_crest": {
        "dmean": 2.59735655785,
        "dmean2": 4.21573114395,
        "dvar": 8.276512146,
        "dvar2": 22.698474884,
        "max": 26.4535751343,
        "mean": 17.8106975555,
        "median": 18.0240020752,
        "min": 4.62121105194,
        "var": 19.1220302582
    },
    "barkbands_flatness_db": {
        "dmean": 0.0388919711113,
        "dmean2": 0.0594045333564,
        "dvar": 0.00190887029748,
        "dvar2": 0.00452504307032,
        "max": 0.576100289822,
        "mean": 0.286382585764,
        "median": 0.274355590343,
        "min": 0.0315787866712,
        "var": 0.00813005678356
    },
    "barkbands_kurtosis": {
        "dmean": 13.4524393082,
        "dmean2": 21.4896888733,
        "dvar": 326.021179199,
        "dvar2": 807.901062012,
        "max": 257.552368164,
        "mean": 27.9931468964,
        "median": 21.0811538696,
        "min": -1.6010119915,
        "var": 627.538635254
    },
    "barkbands_skewness": {
        "dmean": 1.04048454762,
        "dmean2": 1.61826145649,
        "dvar": 1.11436867714,
        "dvar2": 2.74685502052,
        "max": 13.2955055237,
        "mean": 4.00430774689,
        "median": 3.83040308952,
        "min": -2.00012302399,
        "var": 3.12719845772
    },
    "barkbands_spread": {
        "dmean": 2.62971329689,
        "dmean2": 4.34620857239,
        "dvar": 16.8738174438,
        "dvar2": 45.2048187256,
        "max": 75.9964065552,
        "mean": 5.53098487854,
        "median": 3.83599996567,
        "min": 0.19443257153,
        "var": 28.0143661499
    },
    "dissonance": {
        "dmean": 0.0317171961069,
        "dmean2": 0.0509691052139,
        "dvar": 0.000796031963546,
        "dvar2": 0.00196728529409,
        "max": 0.499548345804,
        "mean": 0.419838070869,
        "median": 0.429240196943,
        "min": 0.209960401058,
        "var": 0.00235511362553
    },
    "dynamic_complexity": 2.72087883949,
    "erbbands_crest": {
        "dmean": 2.75173783302,
        "dmean2": 4.12669086456,
        "dvar": 6.60824918747,
        "dvar2": 13.3557767868,
        "max": 31.2212429047,
        "mean": 11.7660417557,
        "median": 10.9738311768,
        "min": 2.44780254364,
        "var": 22.5390777588
    },
    "erbbands_flatness_db": {
        "dmean": 0.0251578073949,
        "dmean2": 0.0371822565794,
        "dvar": 0.000904388085473,
        "dvar2": 0.00192639499437,
        "max": 0.348981559277,
        "mean": 0.177473217249,
        "median": 0.175444304943,
        "min": 0.0543685406446,
        "var": 0.00427777552977
    },
    "erbbands_kurtosis": {
        "dmean": 2.37507343292,
        "dmean2": 3.63215756416,
        "dvar": 12.8484964371,
        "dvar2": 26.7239379883,
        "max": 120.582794189,
        "mean": 3.33716702461,
        "median": 1.8885011673,
        "min": -1.85399127007,
        "var": 30.2497138977
    },
    "erbbands_skewness": {
        "dmean": 0.459404677153,
        "dmean2": 0.722019374371,
        "dvar": 0.199762061238,
        "dvar2": 0.491658985615,
        "max": 8.50971984863,
        "mean": 1.29507422447,
        "median": 1.21712386608,
        "min": -1.16508567333,
        "var": 0.591973483562
    },
    "erbbands_spread": {
        "dmean": 12.327041626,
        "dmean2": 19.1970481873,
        "dvar": 242.916213989,
        "dvar2": 559.188720703,
        "max": 168.643264771,
        "mean": 38.4211158752,
        "median": 26.5558109283,
        "min": 1.92912936211,
        "var": 870.729003906
    },
    "hfc": {
        "dmean": 6.14347171783,
        "dmean2": 10.3846540451,
        "dvar": 52.1885719299,
        "dvar2": 149.075698853,
        "max": 81.9577102661,
        "mean": 22.3734321594,
        "median": 22.1049671173,
        "min": 1.17099763859e-16,
        "var": 129.81628418
    },
    "melbands_crest": {
        "dmean": 2.25684642792,
        "dmean2": 3.6299264431,
        "dvar": 5.84807491302,
        "dvar2": 14.9489955902,
        "max": 32.2589912415,
        "mean": 21.0992183685,
        "median": 21.2944011688,
        "min": 2.27748966217,
        "var": 20.6530857086
    },
    "melbands_flatness_db": {
        "dmean": 0.042860429734,
        "dmean2": 0.0652095898986,
        "dvar": 0.00235943309963,
        "dvar2": 0.00561864161864,
        "max": 0.718508303165,
        "mean": 0.394273728132,
        "median": 0.383179187775,
        "min": 0.00654375646263,
        "var": 0.0101201292127
    },
    "melbands_kurtosis": {
        "dmean": 22.7423534393,
        "dmean2": 35.7429542542,
        "dvar": 926.369567871,
        "dvar2": 2208.87353516,
        "max": 475.396728516,
        "mean": 49.63073349,
        "median": 36.3853225708,
        "min": -1.32256221771,
        "var": 2205.65209961
    },
    "melbands_skewness": {
        "dmean": 1.22832894325,
        "dmean2": 1.89274036884,
        "dvar": 1.58561575413,
        "dvar2": 3.68245267868,
        "max": 18.6196594238,
        "mean": 4.72464084625,
        "median": 4.33283042908,
        "min": -0.875797092915,
        "var": 5.75828790665
    },
    "melbands_spread": {
        "dmean": 1.59115028381,
        "dmean2": 2.59468221664,
        "dvar": 7.2485165596,
        "dvar2": 14.9200744629,
        "max": 154.835571289,
        "mean": 3.92959880829,
        "median": 3.1464202404,
        "min": 0.341164797544,
        "var": 17.664516449
    },
    "pitch_salience": {
        "dmean": 0.0753033608198,
        "dmean2": 0.122722364962,
        "dvar": 0.00563400331885,
        "dvar2": 0.0147230187431,
        "max": 0.882088005543,
        "mean": 0.33172467351,
        "median": 0.326087027788,
        "min": 0.0631612315774,
        "var": 0.0155089609325
    },
    "silence_rate_20dB": {
        "dmean": 0.00136478850618,
        "dmean2": 0.00272984313779,
        "dvar": 0.00136294960976,
        "dvar2": 0.00311246095225,
        "max": 1,
        "mean": 0.998147964478,
        "median": 1,
        "min": 0,
        "var": 0.00184880557936
    },
    "silence_rate_30dB": {
        "dmean": 0.110742837191,
        "dmean2": 0.221507266164,
        "dvar": 0.0984807386994,
        "dvar2": 0.255122035742,
        "max": 1,
        "mean": 0.20762257278,
        "median": 0,
        "min": 0,
        "var": 0.164503455162
    },
    "silence_rate_60dB": {
        "dmean": 0.0025346071925,
        "dmean2": 0.00506970845163,
        "dvar": 0.00252751354128,
        "dvar2": 0.00562992691994,
        "max": 1,
        "mean": 0.05916756019,
        "median": 0,
        "min": 0,
        "var": 0.0556749925017
    },
    "spectral_centroid": {
        "dmean": 160.238082886,
        "dmean2": 267.397155762,
        "dvar": 64977.2148438,
        "dvar2": 153982.09375,
        "max": 10707.1757812,
        "mean": 498.047424316,
        "median": 390.48147583,
        "min": 103.335945129,
        "var": 111953.898438
    },
    "spectral_complexity": {
        "dmean": 2.72177815437,
        "dmean2": 4.59374094009,
        "dvar": 12.541510582,
        "dvar2": 33.4455718994,
        "max": 36,
        "mean": 11.0443515778,
        "median": 11,
        "min": 0,
        "var": 23.5142040253
    },
    "spectral_decrease": {
        "dmean": 9.50871026362e-09,
        "dmean2": 1.57164219416e-08,
        "dvar": 1.04053980781e-16,
        "dvar2": 3.023042854e-16,
        "max": 4.10754273707e-29,
        "mean": -3.56097089593e-08,
        "median": -3.56678739877e-08,
        "min": -9.81051258009e-08,
        "var": 3.37617009562e-16
    },
    "spectral_energy": {
        "dmean": 0.0360986702144,
        "dmean2": 0.0596977397799,
        "dvar": 0.00149689777754,
        "dvar2": 0.00435763970017,
        "max": 0.372507661581,
        "mean": 0.136428207159,
        "median": 0.13706971705,
        "min": 1.04662637841e-20,
        "var": 0.00487130647525
    },
    "spectral_energyband_high": {
        "dmean": 0.000398567150114,
        "dmean2": 0.000662999169435,
        "dvar": 5.30462557435e-07,
        "dvar2": 1.427911684e-06,
        "max": 0.00800338294357,
        "mean": 0.000600277562626,
        "median": 0.000108730375359,
        "min": 7.60115894259e-21,
        "var": 1.008738991e-06
    },
    "spectral_energyband_low": {
        "dmean": 0.036644116044,
        "dmean2": 0.0597415827215,
        "dvar": 0.0015848815674,
        "dvar2": 0.00444493582472,
        "max": 0.365950733423,
        "mean": 0.114501975477,
        "median": 0.109144121408,
        "min": 1.19809215546e-22,
        "var": 0.00489348592237
    },
    "spectral_energyband_middle_high": {
        "dmean": 0.000575260957703,
        "dmean2": 0.000943651190028,
        "dvar": 8.33952071844e-07,
        "dvar2": 2.11051860788e-06,
        "max": 0.0214465893805,
        "mean": 0.00108641968109,
        "median": 0.000778354529757,
        "min": 1.31541861748e-21,
        "var": 1.38350242196e-06
    },
    "spectral_energyband_middle_low": {
        "dmean": 0.00804526172578,
        "dmean2": 0.0131135061383,
        "dvar": 9.59059179877e-05,
        "dvar2": 0.000248001102591,
        "max": 0.130022376776,
        "mean": 0.0218547228724,
        "median": 0.0193102248013,
        "min": 3.07929872734e-22,
        "var": 0.000241930159973
    },
    "spectral_entropy": {
        "dmean": 0.330606430769,
        "dmean2": 0.514302372932,
        "dvar": 0.178146466613,
        "dvar2": 0.416782826185,
        "max": 9.78956604004,
        "mean": 6.63053321838,
        "median": 6.48513031006,
        "min": 4.63240432739,
        "var": 0.61417478323
    },
    "spectral_flux": {
        "dmean": 0.0415206924081,
        "dmean2": 0.0697930678725,
        "dvar": 0.00206937082112,
        "dvar2": 0.00563300633803,
        "max": 0.438535571098,
        "mean": 0.111081428826,
        "median": 0.0975037515163,
        "min": 1.02304761884e-10,
        "var": 0.00564647931606
    },
    "spectral_kurtosis": {
        "dmean": 5.00513601303,
        "dmean2": 7.96928071976,
        "dvar": 52.9574432373,
        "dvar2": 129.959091187,
        "max": 109.687141418,
        "mean": 11.845746994,
        "median": 8.24581718445,
        "min": -1.27536225319,
        "var": 204.957351685
    },
    "spectral_rms": {
        "dmean": 0.00152564235032,
        "dmean2": 0.00252760201693,
        "dvar": 2.65597623184e-06,
        "dvar2": 7.87198405305e-06,
        "max": 0.0190636329353,
        "mean": 0.0108799226582,
        "median": 0.0115640200675,
        "min": 3.1954638588e-12,
        "var": 1.47282062244e-05
    },
    "spectral_rolloff": {
        "dmean": 83.8044052124,
        "dmean2": 146.459762573,
        "dvar": 46576.796875,
        "dvar2": 73973.6796875,
        "max": 18626.2207031,
        "mean": 251.96913147,
        "median": 172.265625,
        "min": 64.599609375,
        "var": 159217.359375
    },
    "spectral_skewness": {
        "dmean": 0.526111483574,
        "dmean2": 0.81166446209,
        "dvar": 0.371770232916,
        "dvar2": 0.845765411854,
        "max": 8.55931854248,
        "mean": 2.52223372459,
        "median": 2.45997190475,
        "min": 0.00936252623796,
        "var": 1.61988544464
    },
    "spectral_spread": {
        "dmean": 725194.5625,
        "dmean2": 1069017,
        "dvar": 815576186880,
        "dvar2": 1.49975780557e+12,
        "max": 43883424,
        "mean": 4524886,
        "median": 4082180.75,
        "min": 777711.9375,
        "var": 4.79724778291e+12
    },
    "spectral_strongpeak": {
        "dmean": 0.263312160969,
        "dmean2": 0.436257123947,
        "dvar": 0.151239410043,
        "dvar2": 0.411182314157,
        "max": 5.78826189041,
        "mean": 1.02178215981,
        "median": 1.00180983543,
        "min": 0,
        "var": 0.287900924683
    },
    "zerocrossingrate": {
        "dmean": 0.00520149478689,
        "dmean2": 0.00692481547594,
        "dvar": 6.27177068964e-05,
        "dvar2": 8.69818686624e-05,
        "max": 0.662109375,
        "mean": 0.0175842642784,
        "median": 0.01220703125,
        "min": 0.00244140625,
        "var": 0.000377780233975
    },
    "barkbands": {
        "dmean": [0.000526896619704, 0.0338389463723, 0.00636643450707, 0.00260903057642, 0.00263951718807, 0.00447817891836, 0.0012597090099, 0.000296702492051, 0.000567342096474, 7.60179755162e-05, 0.000126627070131, 5.33453603566e-05, 8.91565869097e-05, 6.1050435761e-05, 8.94399199751e-05, 5.06306132593e-05, 6.43977400614e-05, 8.85190456756e-05, 8.93381729838e-05, 8.1031001173e-05, 9.1884896392e-05, 8.45811955514e-05, 7.72751300246e-05, 6.11050782027e-05, 4.66404526378e-05, 2.95326917694e-05, 9.95322716335e-06],
        "dmean2": [0.000921984028537, 0.0554593503475, 0.0105010559782, 0.00460036611184, 0.00441754516214, 0.00693504139781, 0.00175851327367, 0.000445200130343, 0.000739078677725, 0.000110111875983, 0.000186800287338, 8.2800121163e-05, 0.000139466646942, 0.000101773403003, 0.000146732010762, 8.65705223987e-05, 0.000107174681034, 0.000153906206833, 0.000156445559696, 0.000141273761983, 0.000157202041009, 0.000145240992424, 0.000127231061924, 9.28131921683e-05, 7.77885943535e-05, 4.95121967106e-05, 1.76158209797e-05],
        "dvar": [1.0159857311e-06, 0.00150969903916, 6.78558935761e-05, 1.79325634235e-05, 2.20165347855e-05, 5.05337848153e-05, 4.89085141453e-06, 3.25977424609e-07, 1.04678827029e-06, 5.70697125113e-08, 6.07590351365e-08, 9.68591340467e-09, 2.75391212057e-08, 1.3666441312e-08, 4.02048030423e-08, 1.56285295816e-08, 1.99001366497e-08, 4.57319409009e-08, 3.73851740676e-08, 3.25797913092e-08, 2.9181036254e-08, 2.39000605973e-08, 2.28897558685e-08, 1.44641614241e-08, 1.03280264341e-08, 3.6498379874e-09, 5.44852662987e-10],
        "dvar2": [2.83251642941e-06, 0.00425166962668, 0.000179858674528, 5.42700072401e-05, 5.72755780013e-05, 0.000114985108667, 9.49249806581e-06, 7.38669598377e-07, 1.80105541858e-06, 9.14626454573e-08, 1.15861745087e-07, 2.09419841468e-08, 6.26639149459e-08, 3.62327519099e-08, 8.64799858391e-08, 3.90190812993e-08, 4.69194212371e-08, 1.20718709695e-07, 9.95828486339e-08, 8.43403711315e-08, 7.72730288645e-08, 6.42447375299e-08, 6.08442718431e-08, 3.31965672729e-08, 2.94362472175e-08, 9.95890925282e-09, 1.49646306458e-09],
        "max": [0.0163803212345, 0.362624973059, 0.138628661633, 0.0581260547042, 0.0947391092777, 0.123284175992, 0.0559087693691, 0.0121486699209, 0.0243953205645, 0.017927410081, 0.00770226959139, 0.00228552822955, 0.00476139830425, 0.00209405110218, 0.00744450930506, 0.00474293250591, 0.00487301871181, 0.00355053576641, 0.00336645147763, 0.00372226070613, 0.0021066039335, 0.00208892440423, 0.00189518439583, 0.00193285162095, 0.00144389423076, 0.000888964219484, 0.000300551881082],
        "mean": [0.000597772770561, 0.0952730998397, 0.0170250292867, 0.00398564524949, 0.0047347615473, 0.0085588907823, 0.0028216005303, 0.000558788247872, 0.00118103332352, 0.000129048086819, 0.000189865691937, 7.59329850553e-05, 0.000133442532388, 7.909003034e-05, 0.000117186209536, 5.93582881265e-05, 7.95226878836e-05, 8.68914139573e-05, 9.01777457329e-05, 9.13627809496e-05, 0.000120854048873, 0.000113069647341, 0.000108321517473, 9.91616325337e-05, 6.8383065809e-05, 4.11977307522e-05, 9.16203407542e-06],
        "median": [0.000225934170885, 0.0867655277252, 0.0114425998181, 0.00200731423683, 0.00205386802554, 0.00472534447908, 0.00124729098752, 0.000248010881478, 0.000442669697804, 3.78946351702e-05, 7.162726979e-05, 2.75860274996e-05, 6.42825689283e-05, 3.23422209476e-05, 4.32156448369e-05, 2.34155231738e-05, 3.44960644725e-05, 2.28638436965e-05, 2.35246661759e-05, 1.35550017148e-05, 2.55552458839e-05, 1.44395389725e-05, 1.77061447175e-05, 1.19687765618e-05, 8.49425032357e-06, 5.33849424755e-06, 6.28741872788e-07],
        "min": [1.02502053781e-23, 4.89284918012e-23, 5.90848740075e-23, 1.92858079313e-23, 5.52286442237e-23, 9.73670315604e-23, 4.96653036639e-23, 1.62612521118e-23, 3.60694784444e-23, 6.8392542854e-23, 9.95455372145e-23, 2.63640943285e-23, 1.57945881905e-22, 7.39459343001e-23, 1.11521304036e-22, 1.71189922492e-22, 1.16096621556e-22, 1.30763969165e-22, 2.06293336628e-22, 3.70524155406e-22, 3.9734262415e-22, 5.48279483223e-22, 6.02756273584e-22, 8.36259404452e-22, 1.25369783733e-21, 1.74019716758e-21, 2.2879973263e-21],
        "var": [9.86012082649e-07, 0.00409870967269, 0.000321280473145, 2.88671271846e-05, 4.61132840428e-05, 0.000112632224045, 1.82046806003e-05, 7.24163498944e-07, 3.55873612534e-06, 2.35980266439e-07, 1.38143221307e-07, 1.8922886369e-08, 4.59565434596e-08, 1.70799463461e-08, 6.09509598348e-08, 1.87782287497e-08, 2.7139128278e-08, 3.92767347535e-08, 2.99167304263e-08, 3.14479642327e-08, 3.64460390756e-08, 3.98505726196e-08, 4.08921110306e-08, 4.22116563925e-08, 1.89069151446e-08, 6.10215744601e-09, 4.57474808035e-10]
    },
    "erbbands": {
        "dmean": [0.724974036217, 8.52121257782, 10.0611591339, 6.28828430176, 8.66929626465, 9.44876384735, 20.1231975555, 40.562286377, 18.4172782898, 19.0314846039, 6.88953733444, 13.3348808289, 3.80331015587, 2.80600953102, 4.30286026001, 1.7042131424, 3.84729933739, 3.71720671654, 2.22371840477, 5.15153551102, 3.1834218502, 3.5713353157, 4.67566871643, 4.86261224747, 4.15824317932, 4.18909311295, 3.95202064514, 3.29016900063, 2.90079116821, 3.00552296638, 1.98400938511, 1.4364169836, 0.903791904449, 0.547159254551, 0.322630494833, 0.142233282328, 0.0547172613442, 0.0165571086109, 0.00153873069212, 5.12416336278e-05],
        "dmean2": [1.17086756229, 14.0280065536, 15.9782085419, 10.8417282104, 15.4067020416, 15.5068626404, 32.7914886475, 61.3866996765, 28.197977066, 24.718290329, 9.62026882172, 17.4034576416, 5.14681148529, 4.09716844559, 6.50481128693, 2.68857455254, 6.03873968124, 6.15842580795, 3.72983193398, 8.47044849396, 5.33728551865, 5.98434877396, 8.17119216919, 8.53935623169, 7.24308919907, 7.25080823898, 6.84024381638, 5.67494010925, 4.93475437164, 5.13146066666, 3.33120036125, 2.22088718414, 1.37955117226, 0.887304842472, 0.541051745415, 0.239522829652, 0.0924066975713, 0.0286843869835, 0.0027083538007, 8.62036613398e-05],
        "dvar": [0.968179345131, 96.9981307983, 138.415328979, 87.52709198, 237.561019897, 335.474029541, 1035.69714355, 4776.625, 1334.50415039, 1154.61828613, 181.865249634, 671.049072266, 61.3246498108, 25.0629901886, 57.1195602417, 6.99026012421, 62.4438285828, 60.129447937, 22.049030304, 159.811264038, 63.5209884644, 60.7561187744, 122.339233398, 105.253471375, 104.048599243, 91.5784835815, 55.8276481628, 35.0696907043, 26.5605201721, 37.8482894897, 15.5639410019, 8.20320415497, 3.1946208477, 1.34139347076, 0.493524312973, 0.0896178483963, 0.0122019220144, 0.00131940038409, 1.37249280669e-05, 3.49545348222e-09],
        "dvar2": [2.3769364357, 278.068145752, 352.788208008, 249.907012939, 708.605224609, 832.291992188, 2817.60839844, 9547.60644531, 2869.61791992, 1984.28894043, 355.308563232, 1145.75061035, 99.3257827759, 47.857837677, 117.756362915, 16.3540401459, 142.328796387, 154.140518188, 49.6838417053, 348.46395874, 155.389724731, 148.020004272, 328.084075928, 283.089080811, 280.746887207, 230.971099854, 149.288604736, 93.6176605225, 71.2765579224, 105.151725769, 40.8258285522, 19.2976150513, 7.41075897217, 3.6446557045, 1.41650128365, 0.249600455165, 0.0331275202334, 0.00361683871597, 3.76612988475e-05, 1.01787565043e-08],
        "max": [12.3531398773, 81.5645294189, 179.845794678, 131.454055786, 276.512878418, 351.189910889, 750.97869873, 1367.43786621, 854.026306152, 1121.24987793, 363.673461914, 661.819091797, 442.8671875, 216.255752563, 210.165512085, 47.4108352661, 239.896728516, 156.225006104, 137.677154541, 523.817565918, 322.518035889, 253.734542847, 165.080917358, 129.838577271, 205.281555176, 230.024429321, 109.939155579, 70.032333374, 79.5500640869, 77.0121231079, 45.3393440247, 43.2701454163, 27.7676429749, 15.7789106369, 9.43025588989, 3.94514894485, 1.61702251434, 0.558012783527, 0.0537101253867, 0.000870111049153],
        "mean": [1.76417946815, 23.8716659546, 32.8849754333, 11.493844986, 13.638174057, 16.9033374786, 39.2092895508, 77.4039382935, 38.3723602295, 44.1394119263, 15.0434036255, 27.2785396576, 7.86500024796, 5.26958703995, 6.83096551895, 2.79848003387, 5.85435295105, 4.96909809113, 3.16166234016, 6.60882282257, 4.07816171646, 4.42715644836, 4.7340722084, 4.85515737534, 4.4363026619, 4.6559381485, 4.77672290802, 4.43125534058, 4.0692243576, 3.82059049606, 2.88267588615, 2.27454447746, 1.47149562836, 0.816742479801, 0.457067936659, 0.201846972108, 0.0726972669363, 0.0184548087418, 0.00143598543946, 0.000171730425791],
        "median": [1.11945772171, 22.1630134583, 24.9979476929, 8.66065979004, 7.35708045959, 6.8830909729, 21.4185123444, 40.8093833923, 17.5094337463, 18.7119560242, 7.90967082977, 9.21557331085, 3.83439087868, 2.6691172123, 3.40627908707, 1.67196178436, 2.88190197945, 2.07719159126, 1.48258113861, 2.3612704277, 1.78906691074, 1.88122808933, 1.56304740906, 1.43784797192, 0.990857958794, 0.786686122417, 1.07267022133, 0.762320041656, 0.608804047108, 0.528294622898, 0.454347342253, 0.253901749849, 0.191498026252, 0.10879561305, 0.0496871136129, 0.024692369625, 0.00908195227385, 0.00222582672723, 0.000161651900271, 0.000174938366399],
        "min": [1.79869979913e-21, 1.00421608523e-20, 5.16848263806e-20, 6.7579680231e-20, 1.88371049162e-19, 1.30045949635e-19, 2.45743727762e-19, 1.12836338084e-18, 7.99702292989e-19, 5.72391561395e-19, 3.23665537332e-19, 5.66266392357e-19, 2.49555613839e-18, 2.97641897594e-18, 2.8452105532e-18, 1.95937994008e-18, 7.84388822386e-18, 3.97853029687e-18, 6.61933666249e-18, 6.70848853454e-18, 7.56646673566e-18, 8.16971632151e-18, 7.60556260014e-18, 9.08756337382e-18, 1.33868486696e-17, 1.52056558821e-17, 1.72823110079e-17, 1.57037311074e-17, 2.23959349372e-17, 2.01865371754e-17, 1.50184467115e-17, 1.142475475e-17, 1.77757192802e-17, 1.23084979728e-17, 1.01606937338e-17, 6.39286950002e-18, 3.37002832093e-18, 1.44441958032e-18, 3.33378834922e-19, 2.95440383535e-20],
        "var": [3.63155603409, 253.200454712, 859.846862793, 123.383270264, 372.758087158, 743.795715332, 2409.78613281, 10831.8046875, 3579.7421875, 5198.83349609, 503.157043457, 2226.05761719, 241.662414551, 76.4323043823, 119.339881897, 12.7819156647, 101.474327087, 78.7303237915, 36.5069389343, 218.522003174, 80.9424819946, 87.1136322021, 100.258895874, 81.7524642944, 82.1384735107, 87.7930450439, 59.6773681641, 52.6752052307, 48.2254562378, 48.346446991, 30.3234786987, 22.586763382, 9.00543117523, 2.64547252655, 0.890549778938, 0.155005648732, 0.019439291209, 0.00144643930253, 1.1003497093e-05, 7.76387754087e-09]
    },
    "gfcc": {
        "mean": [-28.8738670349, 130.720367432, -54.989276886, 40.4073600769, -48.1125984192, 7.13927173615, -26.0138225555, 7.89639282227, -6.88762140274, 7.21107912064, -5.73597478867, 2.42492389679, -6.67153072357],
        "cov": [[14682.1201172, -2654.17285156, 580.733764648, 1358.59460449, -51.5688285828, 499.177825928, 2.70021724701, 615.471862793, -171.834259033, 743.767028809, -93.3226013184, 509.231719971, -223.468704224], [-2654.17285156, 2134.21289062, -135.349868774, -435.629272461, 506.721740723, -197.118759155, 326.653778076, -219.342971802, 401.189544678, -283.820343018, 179.958984375, -260.787628174, 201.238311768], [580.733764648, -135.349868774, 981.270812988, 200.698577881, 91.2950897217, 235.453765869, 54.5826835632, 154.563110352, -43.1412849426, 106.627677917, 72.371673584, 103.264709473, 56.7055511475], [1358.59460449, -435.629272461, 200.698577881, 382.187805176, -29.6879634857, 98.6544723511, 26.25233078, 79.9680175781, -23.2798175812, 81.9286193848, 5.95876026154, 78.7361297607, -0.451295822859], [-51.5688285828, 506.721740723, 91.2950897217, -29.6879634857, 347.57144165, -6.32755994797, 139.519256592, -15.1650543213, 105.93195343, -35.6998825073, 55.8241539001, -37.1350631714, 61.4483375549], [499.177825928, -197.118759155, 235.453765869, 98.6544723511, -6.32755994797, 179.084701538, 17.5584125519, 60.2977600098, -19.1761131287, 39.6939201355, 1.13790488243, 37.6083145142, 8.03888702393], [2.70021724701, 326.653778076, 54.5826835632, 26.25233078, 139.519256592, 17.5584125519, 210.155944824, 18.8558959961, 101.098686218, -25.9292201996, 45.0944747925, -40.6474342346, 44.4730186462], [615.471862793, -219.342971802, 154.563110352, 79.9680175781, -15.1650543213, 60.2977600098, 18.8558959961, 130.23538208, -12.8630580902, 52.4856567383, 1.66226887703, 29.8097858429, -11.9924955368], [-171.834259033, 401.189544678, -43.1412849426, -23.2798175812, 105.93195343, -19.1761131287, 101.098686218, -12.8630580902, 218.287796021, -20.9929008484, 26.4717178345, -62.4196739197, 39.9496116638], [743.767028809, -283.820343018, 106.627677917, 81.9286193848, -35.6998825073, 39.6939201355, -25.9292201996, 52.4856567383, -20.9929008484, 164.2940979, 16.7940578461, 41.4081802368, -32.2012710571], [-93.3226013184, 179.958984375, 72.371673584, 5.95876026154, 55.8241539001, 1.13790488243, 45.0944747925, 1.66226887703, 26.4717178345, 16.7940578461, 120.179191589, 19.2688732147, 29.147026062], [509.231719971, -260.787628174, 103.264709473, 78.7361297607, -37.1350631714, 37.6083145142, -40.6474342346, 29.8097858429, -62.4196739197, 41.4081802368, 19.2688732147, 123.377861023, 18.7580928802], [-223.468704224, 201.238311768, 56.7055511475, -0.451295822859, 61.4483375549, 8.03888702393, 44.4730186462, -11.9924955368, 39.9496116638, -32.2012710571, 29.147026062, 18.7580928802, 110.299438477]],
        "icov": [[0.000157061163918, -9.18144214666e-05, 0.000178841277375, -0.000421501114033, -0.000171980602317, -0.000198670109967, 1.04285409179e-05, -0.00044698282727, 2.35213356063e-05, -0.000453720422229, 0.000324855558574, -0.000537102343515, 0.000314058706863], [-9.18144214666e-05, 0.00452416576445, -0.00125019915868, 0.00291358889081, -0.0019979395438, 0.0021733683534, -0.00167481659446, 0.00373320910148, -0.00335725466721, 0.00338100083172, -0.00447996519506, 0.004759977106, -0.00317235174589], [0.000178841277375, -0.00125019915868, 0.00241965427995, -0.0013515916653, -0.000306343194097, -0.00259505980648, 0.00068039278267, -0.00264949421398, 0.00137572898529, -0.00171674531884, 0.000728864863049, -0.00187011633534, 0.000317158992402], [-0.000421501114033, 0.00291358889081, -0.0013515916653, 0.00651544705033, -0.000405603117542, 0.000853571167681, -0.0021941550076, 0.00265836785547, -0.00226630922407, 0.00211199512705, -0.00280430330895, 0.00205353624187, -0.00228149909526], [-0.000171980602317, -0.0019979395438, -0.000306343194097, -0.000405603117542, 0.00575272552669, -0.000155805959366, -0.00149207864888, -0.000306678470224, 0.000696217466611, -0.000773193663917, 0.00103926169686, -0.00123027595691, 0.000284038629616], [-0.000198670109967, 0.0021733683534, -0.00259505980648, 0.000853571167681, -0.000155805959366, 0.0103630600497, -0.00167823350057, 0.00106599193532, -0.00147561111953, 0.00177383876871, -0.00109853467438, 0.00214787246659, -0.00192871759646], [1.04285409179e-05, -0.00167481659446, 0.00068039278267, -0.0021941550076, -0.00149207864888, -0.00167823350057, 0.00964937731624, -0.00349780661054, -0.000632270413917, 4.72219944641e-05, -0.00060519669205, 0.00115273182746, -0.00039271111018], [-0.00044698282727, 0.00373320910148, -0.00264949421398, 0.00265836785547, -0.000306678470224, 0.00106599193532, -0.00349780661054, 0.0156712122262, -0.00285304454155, 0.00177170953248, -0.00310233072378, 0.00355584057979, -0.00137070426717], [2.35213356063e-05, -0.00335725466721, 0.00137572898529, -0.00226630922407, 0.000696217466611, -0.00147561111953, -0.000632270413917, -0.00285304454155, 0.00981633085757, -0.003371930914, 0.00264070392586, -5.63070789212e-05, -0.000107312494947], [-0.000453720422229, 0.00338100083172, -0.00171674531884, 0.00211199512705, -0.000773193663917, 0.00177383876871, 4.72219944641e-05, 0.00177170953248, -0.003371930914, 0.0123060168698, -0.00565742421895, 0.00295696081594, 8.45758113428e-05], [0.000324855558574, -0.00447996519506, 0.000728864863049, -0.00280430330895, 0.00103926169686, -0.00109853467438, -0.00060519669205, -0.00310233072378, 0.00264070392586, -0.00565742421895, 0.0156760551035, -0.00802141521126, 0.00246696174145], [-0.000537102343515, 0.004759977106, -0.00187011633534, 0.00205353624187, -0.00123027595691, 0.00214787246659, 0.00115273182746, 0.00355584057979, -5.63070789212e-05, 0.00295696081594, -0.00802141521126, 0.0207143705338, -0.00887155067176], [0.000314058706863, -0.00317235174589, 0.000317158992402, -0.00228149909526, 0.000284038629616, -0.00192871759646, -0.00039271111018, -0.00137070426717, -0.000107312494947, 8.45758113428e-05, 0.00246696174145, -0.00887155067176, 0.0162300374359]]
    },
    "melbands": {
        "dmean": [0.00821499526501, 0.0074368561618, 0.00118070351891, 0.00056104362011, 0.000657150289044, 0.00088138418505, 0.000285067013465, 0.000174034168595, 6.92618486937e-05, 7.57307352615e-05, 1.85506924026e-05, 1.14540762297e-05, 1.86275719898e-05, 6.71707448419e-06, 7.36615493224e-06, 8.53987694427e-06, 6.33172248854e-06, 3.26594363287e-06, 6.24626591161e-06, 5.14515477334e-06, 3.66382437278e-06, 3.87860382034e-06, 3.49939705302e-06, 5.24547886016e-06, 3.89383558286e-06, 3.2269674648e-06, 2.99600833387e-06, 2.67103337137e-06, 2.81427401205e-06, 1.92747484107e-06, 1.97645317712e-06, 1.6551855424e-06, 1.69687848484e-06, 1.79302821834e-06, 1.13488704301e-06, 1.02813316971e-06, 8.73138219504e-07, 7.15935243534e-07, 5.04941624513e-07, 4.75180428339e-07],
        "dmean2": [0.0134610738605, 0.0120072625577, 0.00203874451108, 0.000964438193478, 0.00106989627238, 0.00134349346627, 0.000425857200753, 0.000228659846471, 9.33117771638e-05, 9.90811749944e-05, 2.49801832979e-05, 1.65423207363e-05, 2.76253613265e-05, 1.04955361167e-05, 1.15066777653e-05, 1.36567823574e-05, 1.04991022454e-05, 5.49294964003e-06, 1.02817957668e-05, 8.60869113239e-06, 6.15328235654e-06, 6.53030201647e-06, 5.96200970904e-06, 9.05330489331e-06, 6.90549632054e-06, 5.57972543902e-06, 5.24348024555e-06, 4.64129652755e-06, 4.9457703426e-06, 3.27037196257e-06, 3.43004512615e-06, 2.83633858089e-06, 2.92353524856e-06, 3.05036769532e-06, 1.93387404579e-06, 1.65282961007e-06, 1.33438425109e-06, 1.13436510674e-06, 8.01186104127e-07, 7.91570357705e-07],
        "dvar": [9.90999178612e-05, 6.76968484186e-05, 2.94917799692e-06, 9.81717903414e-07, 1.05624872049e-06, 2.1461819415e-06, 2.91100519689e-07, 9.63838999724e-08, 1.95194775898e-08, 1.98576337596e-08, 1.74149294985e-09, 5.15611164875e-10, 1.24226506859e-09, 1.71236566593e-10, 2.25431229239e-10, 2.23463067495e-10, 1.7178249101e-10, 5.07371297753e-11, 2.23860999182e-10, 1.29370444912e-10, 8.72239502847e-11, 8.53324355621e-11, 6.69517913332e-11, 1.91552995688e-10, 7.13103465166e-11, 5.51492150558e-11, 6.47333159298e-11, 3.3573418351e-11, 3.14324712092e-11, 1.20386348459e-11, 1.42751609145e-11, 9.52216170497e-12, 9.60048273518e-12, 1.39781138053e-11, 5.06715242682e-12, 4.52196396647e-12, 3.06082654881e-12, 2.14068368067e-12, 1.09584129965e-12, 1.12646719209e-12],
        "dvar2": [0.000270045071375, 0.000183511219802, 8.66168920766e-06, 2.6950699521e-06, 2.77154163086e-06, 4.44893794338e-06, 6.12989481397e-07, 1.70351242446e-07, 3.54170062167e-08, 3.43232322564e-08, 2.74854272675e-09, 9.21808740451e-10, 2.39874542451e-09, 3.73634151396e-10, 5.06857222859e-10, 5.41839406676e-10, 4.40481429109e-10, 1.18056300846e-10, 4.82044348882e-10, 2.9118646383e-10, 2.1420926144e-10, 2.10733472339e-10, 1.6020018645e-10, 4.9101250843e-10, 1.93312713059e-10, 1.44020531612e-10, 1.74841627287e-10, 8.52298995269e-11, 8.5583061471e-11, 3.06648560711e-11, 3.88700668874e-11, 2.55474010002e-11, 2.59786393786e-11, 3.90965593233e-11, 1.32790800925e-11, 1.12575036099e-11, 7.09278469291e-12, 5.20288239575e-12, 2.69802387896e-12, 3.17192105914e-12],
        "max": [0.109225831926, 0.0900795087218, 0.0205837525427, 0.017044948414, 0.0270049311221, 0.0283314418048, 0.013004546985, 0.0100273452699, 0.00381934829056, 0.00356851378456, 0.00245297746733, 0.00126320426352, 0.00107156368904, 0.000305677443976, 0.000429344829172, 0.000310612929752, 0.000260619504843, 0.000142701945151, 0.000584533088841, 0.000441402196884, 0.000372465437977, 0.000346436689142, 0.000329602800775, 0.000286021939246, 0.000123362013255, 0.0001666895987, 0.000125388905872, 0.00013756295084, 0.000100775512692, 4.45463956567e-05, 4.8787715059e-05, 6.49718858767e-05, 3.58207144018e-05, 5.32694684807e-05, 3.10653740598e-05, 2.70751806966e-05, 2.72529032372e-05, 2.3318834792e-05, 1.59277115017e-05, 1.65184210346e-05],
        "mean": [0.0217898227274, 0.0239443015307, 0.00227563013323, 0.000961805810221, 0.00132197153289, 0.0016812782269, 0.000605614332017, 0.000398527248763, 0.000139581839903, 0.000156067952048, 3.52642637154e-05, 2.10909292946e-05, 2.88367646135e-05, 9.1689025794e-06, 1.06631932795e-05, 1.25708183987e-05, 8.26160885481e-06, 4.30058526035e-06, 8.30844965094e-06, 6.19075990471e-06, 4.46392687081e-06, 4.59512375528e-06, 3.85779185308e-06, 5.10204608872e-06, 3.70484303858e-06, 3.3822120713e-06, 3.21403877024e-06, 2.8669310268e-06, 3.10217183142e-06, 2.64891355073e-06, 2.52817380897e-06, 2.27927557717e-06, 2.16287844523e-06, 2.15229852074e-06, 1.65863730217e-06, 1.49778713876e-06, 1.3655917428e-06, 1.09661675651e-06, 8.11549512036e-07, 6.50675303859e-07],
        "median": [0.0181800834835, 0.0211870595813, 0.00171073619276, 0.000513044768013, 0.000737746828236, 0.000903067353647, 0.000284090987407, 0.000170716535649, 5.33137827006e-05, 5.72485732846e-05, 1.3174320884e-05, 9.55831092142e-06, 1.23390400404e-05, 3.17077251566e-06, 4.03317062592e-06, 6.28857696938e-06, 3.13054579237e-06, 1.60406693794e-06, 2.95267591355e-06, 2.1581031433e-06, 1.65719052347e-06, 1.73010278104e-06, 1.53660573687e-06, 1.25643907722e-06, 9.99537746793e-07, 8.99248504993e-07, 4.53683952628e-07, 4.38104279965e-07, 6.74397597322e-07, 4.929125339e-07, 3.85817742199e-07, 3.32661642233e-07, 2.5389459779e-07, 3.16347865237e-07, 2.67274430144e-07, 1.74280600618e-07, 1.37615529638e-07, 1.37488981977e-07, 1.03730215528e-07, 8.35665474597e-08],
        "min": [1.51573643373e-23, 2.34038432946e-23, 1.74168970504e-23, 1.07140887225e-23, 7.89132352258e-24, 2.26508850269e-23, 1.29273436995e-23, 5.87622251641e-24, 2.36799418504e-24, 4.65350034066e-24, 1.25057456662e-23, 1.13218508297e-23, 1.02486221343e-23, 4.38905010497e-24, 1.21271760509e-23, 1.33701605134e-23, 6.83455756534e-24, 1.10135111343e-23, 6.55855051739e-24, 1.27221286347e-23, 7.12800830006e-24, 8.61405027382e-24, 7.10777322898e-24, 5.36303457654e-24, 7.74683023716e-24, 6.94717692589e-24, 1.255387407e-23, 9.70872336414e-24, 1.2531721278e-23, 6.95941531398e-24, 9.99058809874e-24, 1.20619411983e-23, 1.07312172594e-23, 1.2819062285e-23, 8.85109903153e-24, 5.83513627388e-24, 7.15562474263e-24, 1.22332155226e-23, 1.3065019649e-23, 9.49201222942e-24],
        "var": [0.000290369353024, 0.000289461313514, 4.80654034618e-06, 1.66876645835e-06, 2.62715184363e-06, 4.85677219331e-06, 8.24643223041e-07, 4.24441083169e-07, 5.91532405281e-08, 6.62313439648e-08, 6.84967327302e-09, 1.7769935523e-09, 2.77509770719e-09, 3.14703263449e-10, 3.80418446744e-10, 3.48181761201e-10, 2.24681051542e-10, 7.60870463856e-11, 3.68923724903e-10, 1.6668409708e-10, 1.11697109895e-10, 1.30689931099e-10, 7.01397551151e-11, 1.80570752795e-10, 5.33019670068e-11, 4.66257275844e-11, 5.15290206338e-11, 3.26351896895e-11, 2.89294612571e-11, 1.84296952699e-11, 1.91126472288e-11, 1.60729329152e-11, 1.49771098301e-11, 1.6201656336e-11, 1.0105479821e-11, 9.73647031055e-12, 8.50201506419e-12, 5.19543826363e-12, 2.7358326108e-12, 1.76076427744e-12]
    },
    "mfcc": {
        "mean": [-689.498291016, 159.6275177, 50.575843811, 43.0004310608, 11.539894104, 9.67482757568, -1.84085786343, 4.61637973785, 3.22368168831, 5.59012794495, 5.60746097565, 7.46487283707, 4.74121189117],
        "cov": [[11013.8525391, -1808.9095459, 184.778442383, 735.409423828, 48.0058898926, 241.499908447, 188.887573242, 85.0464019775, 70.2410964966, 209.479705811, 247.504745483, 95.0937347412, 113.291053772], [-1808.9095459, 2378.37255859, -301.859222412, -1.04299688339, 172.381500244, 96.905418396, -0.0673495903611, 121.145568848, 166.866394043, 90.7770385742, 80.4136276245, 72.2616424561, 26.3884315491], [184.778442383, -301.859222412, 735.520202637, 83.1093292236, 101.45967865, 57.969871521, 149.563201904, 58.7271385193, 20.0284786224, 45.2422828674, -29.318523407, 55.360244751, 59.8393249512], [735.409423828, -1.04299688339, 83.1093292236, 292.08404541, 55.9742088318, 76.6267089844, 70.758644104, 53.133354187, 47.8684463501, 50.3406829834, 51.6806945801, 21.3435096741, 38.0145301819], [48.0058898926, 172.381500244, 101.45967865, 55.9742088318, 183.801391602, 54.1358985901, 54.1676177979, 36.8245162964, 25.7252426147, 25.8971481323, 4.88012123108, 17.3946971893, 15.4193983078], [241.499908447, 96.905418396, 57.969871521, 76.6267089844, 54.1358985901, 146.484161377, 30.9258747101, 42.139175415, 46.0705757141, 33.4277954102, 27.0126457214, 17.7184906006, 12.4538946152], [188.887573242, -0.0673495903611, 149.563201904, 70.758644104, 54.1676177979, 30.9258747101, 191.914413452, 44.0045166016, 15.229139328, 14.9896287918, -4.54508256912, 21.3287181854, 29.2743682861], [85.0464019775, 121.145568848, 58.7271385193, 53.133354187, 36.8245162964, 42.139175415, 44.0045166016, 140.109481812, 48.1633987427, 27.5670146942, -1.93376970291, -5.2088136673, 12.8969154358], [70.2410964966, 166.866394043, 20.0284786224, 47.8684463501, 25.7252426147, 46.0705757141, 15.229139328, 48.1633987427, 124.454269409, 55.375213623, 22.0418491364, 9.88409996033, 3.80624866486], [209.479705811, 90.7770385742, 45.2422828674, 50.3406829834, 25.8971481323, 33.4277954102, 14.9896287918, 27.5670146942, 55.375213623, 111.072013855, 49.8911247253, 23.8988933563, 12.2347145081], [247.504745483, 80.4136276245, -29.318523407, 51.6806945801, 4.88012123108, 27.0126457214, -4.54508256912, -1.93376970291, 22.0418491364, 49.8911247253, 119.573562622, 39.0007743835, 0.397961199284], [95.0937347412, 72.2616424561, 55.360244751, 21.3435096741, 17.3946971893, 17.7184906006, 21.3287181854, -5.2088136673, 9.88409996033, 23.8988933563, 39.0007743835, 92.2113189697, 32.9622764587], [113.291053772, 26.3884315491, 59.8393249512, 38.0145301819, 15.4193983078, 12.4538946152, 29.2743682861, 12.8969154358, 3.80624866486, 12.2347145081, 0.397961199284, 32.9622764587, 82.5561599731]],
