{
"lowlevel": {
    "average_loudness": 0.92492890358,
    "barkbands_crest": {
        "dmean": 3.03622937202,
        "dmean2": 4.9360833168,
        "dvar": 8.74396038055,
        "dvar2": 23.9347763062,
        "max": 26.590921402,
        "mean": 16.2028045654,
        "median": 16.4058074951,
        "min": 2.71160244942,
        "var": 24.6744327545
    },
    "barkbands_flatness_db": {
        "dmean": 0.0297024548054,
        "dmean2": 0.0468261018395,
        "dvar": 0.000834666250739,
        "dvar2": 0.00204461580142,
        "max": 0.590323746204,
        "mean": 0.183805763721,
        "median": 0.176869288087,
        "min": 0.032625798136,
        "var": 0.00566188432276
    },
    "barkbands_kurtosis": {
        "dmean": 11.137140274,
        "dmean2": 17.8953514099,
        "dvar": 1112.65136719,
        "dvar2": 2799.10717773,
        "max": 1363.46325684,
        "mean": 18.9710788727,
        "median": 7.09775543213,
        "min": -1.97760438919,
        "var": 2414.17138672
    },
    "barkbands_skewness": {
        "dmean": 0.986785411835,
        "dmean2": 1.57570075989,
        "dvar": 1.43363749981,
        "dvar2": 3.59898757935,
        "max": 31.4204063416,
        "mean": 3.0788629055,
        "median": 2.70997643471,
        "min": -11.7447547913,
        "var": 5.76424884796
    },
    "barkbands_spread": {
        "dmean": 9.85994911194,
        "dmean2": 15.916223526,
        "dvar": 124.709922791,
        "dvar2": 325.595153809,
        "max": 118.891410828,
        "mean": 25.2222270966,
        "median": 23.3520336151,
        "min": 0.131337925792,
        "var": 309.750854492
    },
    "dissonance": {
        "dmean": 0.0199643522501,
        "dmean2": 0.0331967547536,
        "dvar": 0.000482359901071,
        "dvar2": 0.00126963981893,
        "max": 0.499810963869,
        "mean": 0.451881736517,
        "median": 0.460664957762,
        "min": 0,
        "var": 0.00131703261286
    },
    "dynamic_complexity": 2.06166195869,
    "erbbands_crest": {
        "dmean": 2.28959965706,
        "dmean2": 3.65148735046,
        "dvar": 5.73411464691,
        "dvar2": 13.666683197,
        "max": 33.0941581726,
        "mean": 9.19456672668,
        "median": 7.83275842667,
        "min": 2.10679221153,
        "var": 25.4225063324
    },
    "erbbands_flatness_db": {
        "dmean": 0.0138272363693,
        "dmean2": 0.0212187860161,
        "dvar": 0.000232680351473,
        "dvar2": 0.000493238272611,
        "max": 0.486895412207,
        "mean": 0.121556676924,
        "median": 0.0988825783134,
        "min": 0.0344409160316,
        "var": 0.00525032542646
    },
    "erbbands_kurtosis": {
        "dmean": 1.15217936039,
        "dmean2": 1.79668307304,
        "dvar": 8.94107151031,
        "dvar2": 19.4329376221,
        "max": 130.351669312,
        "mean": 0.695421695709,
        "median": -0.3880443573,
        "min": -1.94879937172,
        "var": 24.8308258057
    },
    "erbbands_skewness": {
        "dmean": 0.388871520758,
        "dmean2": 0.581502020359,
        "dvar": 0.201061159372,
        "dvar2": 0.431955099106,
        "max": 7.45966005325,
        "mean": 0.413004875183,
        "median": 0.366530567408,
        "min": -7.14894390106,
        "var": 0.869841694832
    },
    "erbbands_spread": {
        "dmean": 13.1715574265,
        "dmean2": 20.4793567657,
        "dvar": 215.976989746,
        "dvar2": 519.628662109,
        "max": 233.740478516,
        "mean": 67.5693664551,
        "median": 64.7456359863,
        "min": 0.520293533802,
        "var": 1177.37304688
    },
    "hfc": {
        "dmean": 15.3185949326,
        "dmean2": 24.1999664307,
        "dvar": 354.746032715,
        "dvar2": 865.96685791,
        "max": 412.951751709,
        "mean": 46.8097114563,
        "median": 44.9499969482,
        "min": 1.07092863681e-16,
        "var": 1105.62915039
    },
    "melbands_crest": {
        "dmean": 3.79285502434,
        "dmean2": 6.09711265564,
        "dvar": 15.98188591,
        "dvar2": 38.250377655,
        "max": 39.0175056458,
        "mean": 24.3257732391,
        "median": 25.5750579834,
        "min": 1.66653227806,
        "var": 53.9090042114
    },
    "melbands_flatness_db": {
        "dmean": 0.0343802161515,
        "dmean2": 0.0546335019171,
        "dvar": 0.00110546755604,
        "dvar2": 0.00280043343082,
        "max": 0.738086640835,
        "mean": 0.278042793274,
        "median": 0.271032780409,
        "min": 0.00294663081877,
        "var": 0.00678044836968
    },
    "melbands_kurtosis": {
        "dmean": 32.5982437134,
        "dmean2": 52.1255722046,
        "dvar": 4917.93261719,
        "dvar2": 12439.1582031,
        "max": 2582.72949219,
        "mean": 66.4962005615,
        "median": 39.1869277954,
        "min": -1.88573467731,
        "var": 10948.9892578
    },
    "melbands_skewness": {
        "dmean": 1.55670106411,
        "dmean2": 2.49900984764,
        "dvar": 2.91318130493,
        "dvar2": 7.51193332672,
        "max": 38.3443222046,
        "mean": 5.80298089981,
        "median": 5.31788015366,
        "min": -5.11601877213,
        "var": 12.9826498032
    },
    "melbands_spread": {
        "dmean": 5.60432338715,
        "dmean2": 9.31324863434,
        "dvar": 65.8017883301,
        "dvar2": 168.88899231,
        "max": 292.491577148,
        "mean": 13.3545637131,
        "median": 10.4286155701,
        "min": 0.116061747074,
        "var": 226.597930908
    },
    "pitch_salience": {
        "dmean": 0.0839297622442,
        "dmean2": 0.133627668023,
        "dvar": 0.00666924845427,
        "dvar2": 0.0163416862488,
        "max": 0.983134329319,
        "mean": 0.358486115932,
        "median": 0.354911804199,
        "min": 0.0132275084034,
        "var": 0.0210148785263
    },
    "silence_rate_20dB": {
        "dmean": 0,
        "dmean2": 0,
        "dvar": 0,
        "dvar2": 0,
        "max": 1,
        "mean": 1,
        "median": 1,
        "min": 1,
        "var": 0
    },
    "silence_rate_30dB": {
        "dmean": 0.170756950974,
        "dmean2": 0.341539144516,
        "dvar": 0.141605809331,
        "dvar2": 0.321911036968,
        "max": 1,
        "mean": 0.782393395901,
        "median": 1,
        "min": 0,
        "var": 0.170262739062
    },
    "silence_rate_60dB": {
        "dmean": 0.00694855116308,
        "dmean2": 0.013898129575,
        "dvar": 0.00690129213035,
        "dvar2": 0.0151817165315,
        "max": 1,
        "mean": 0.029566116631,
        "median": 0,
        "min": 0,
        "var": 0.0286879148334
    },
    "spectral_centroid": {
        "dmean": 277.029083252,
        "dmean2": 411.679199219,
        "dvar": 109705.992188,
        "dvar2": 219230.359375,
        "max": 11632.0644531,
        "mean": 1301.20654297,
        "median": 1135.95324707,
        "min": 85.3571777344,
        "var": 1067372
    },
    "spectral_complexity": {
        "dmean": 3.15020704269,
        "dmean2": 5.0284614563,
        "dvar": 14.0853481293,
        "dvar2": 33.3767662048,
        "max": 47,
        "mean": 15.8681354523,
        "median": 14,
        "min": 0,
        "var": 66.7439117432
    },
    "spectral_decrease": {
        "dmean": 5.8049307583e-09,
        "dmean2": 9.63792068376e-09,
        "dvar": 3.44205006832e-17,
        "dvar2": 1.01562426749e-16,
        "max": 4.08459432943e-10,
        "mean": -1.92848261804e-08,
        "median": -2.05089278893e-08,
        "min": -6.10984471905e-08,
        "var": 9.3353645169e-17
    },
    "spectral_energy": {
        "dmean": 0.0220520403236,
        "dmean2": 0.0367115400732,
        "dvar": 0.000491947692353,
        "dvar2": 0.00144830462523,
        "max": 0.231611728668,
        "mean": 0.0770315751433,
        "median": 0.0824030935764,
        "min": 1.0106184147e-20,
        "var": 0.00138881150633
    },
    "spectral_energyband_high": {
        "dmean": 0.00131707498804,
        "dmean2": 0.00205913605168,
        "dvar": 3.16924865729e-06,
        "dvar2": 7.54505981604e-06,
        "max": 0.0358521863818,
        "mean": 0.00333341420628,
        "median": 0.00291857635602,
        "min": 6.87155252278e-21,
        "var": 9.93324647425e-06
    },
    "spectral_energyband_low": {
        "dmean": 0.0217436235398,
        "dmean2": 0.0363269895315,
        "dvar": 0.000541627290659,
        "dvar2": 0.00158360763453,
        "max": 0.231146961451,
        "mean": 0.0560646094382,
        "median": 0.0579425804317,
        "min": 1.57004903373e-23,
        "var": 0.00140072288923
    },
    "spectral_energyband_middle_high": {
        "dmean": 0.00178549601696,
        "dmean2": 0.00284860981628,
        "dvar": 9.01374733075e-06,
        "dvar2": 2.24139566853e-05,
        "max": 0.0666021481156,
        "mean": 0.00432399800047,
        "median": 0.00299691432156,
        "min": 1.19222080889e-21,
        "var": 2.30666355492e-05
    },
    "spectral_energyband_middle_low": {
        "dmean": 0.00690647214651,
        "dmean2": 0.0110029820353,
        "dvar": 0.00020604072779,
        "dvar2": 0.000511121295858,
        "max": 0.163377925754,
        "mean": 0.0140618178993,
        "median": 0.00926880352199,
        "min": 1.63626841625e-22,
        "var": 0.000270077347523
    },
    "spectral_entropy": {
        "dmean": 0.178140774369,
        "dmean2": 0.269223242998,
        "dvar": 0.0426369681954,
        "dvar2": 0.0911537408829,
        "max": 9.82237529755,
        "mean": 7.59934329987,
        "median": 7.7845864296,
        "min": 4.1562371254,
        "var": 0.476361334324
    },
    "spectral_flux": {
        "dmean": 0.0402072109282,
        "dmean2": 0.0645558610559,
        "dvar": 0.00186173652764,
        "dvar2": 0.0039497516118,
        "max": 0.436285793781,
        "mean": 0.117673739791,
        "median": 0.0989342778921,
        "min": 6.34154118107e-11,
        "var": 0.00527958991006
    },
    "spectral_kurtosis": {
        "dmean": 1.3525210619,
        "dmean2": 2.12375164032,
        "dvar": 7.14344549179,
        "dvar2": 17.4091129303,
        "max": 120.795379639,
        "mean": 3.65102386475,
        "median": 1.73587751389,
        "min": -1.59198117256,
        "var": 52.6366386414
    },
    "spectral_rms": {
        "dmean": 0.00126306817401,
        "dmean2": 0.00209325016476,
        "dvar": 1.55478937813e-06,
        "dvar2": 4.50846027888e-06,
        "max": 0.0150320548564,
        "mean": 0.008261336945,
        "median": 0.00896622892469,
        "min": 3.14001450709e-12,
        "var": 6.90328715791e-06
    },
    "spectral_rolloff": {
        "dmean": 664.442321777,
        "dmean2": 1231.34106445,
        "dvar": 2745267.75,
        "dvar2": 7616404,
        "max": 19530.6152344,
        "mean": 950.266296387,
        "median": 387.59765625,
        "min": 21.533203125,
        "var": 4559636
    },
    "spectral_skewness": {
        "dmean": 0.216969445348,
        "dmean2": 0.324600249529,
        "dvar": 0.0607426092029,
        "dvar2": 0.136249095201,
        "max": 9.03019523621,
        "mean": 1.5434949398,
        "median": 1.38057088852,
        "min": -1.50323927402,
        "var": 0.687144637108
    },
    "spectral_spread": {
        "dmean": 1011179.875,
        "dmean2": 1499318.75,
        "dvar": 1.39642680115e+12,
        "dvar2": 2.86558073651e+12,
        "max": 42831596,
        "mean": 8780875,
        "median": 8596907,
        "min": 950616.6875,
        "var": 1.98704585769e+13
    },
    "spectral_strongpeak": {
        "dmean": 0.307990521193,
        "dmean2": 0.506633937359,
        "dvar": 0.590699911118,
        "dvar2": 1.52379143238,
        "max": 24.9633979797,
        "mean": 0.835068225861,
        "median": 0.637807369232,
        "min": 0,
        "var": 1.15981841087
    },
    "zerocrossingrate": {
        "dmean": 0.0150568420067,
        "dmean2": 0.0199009533972,
        "dvar": 0.00027498207055,
        "dvar2": 0.000448064471129,
        "max": 0.52685546875,
        "mean": 0.0677013918757,
        "median": 0.0625,
        "min": 0,
        "var": 0.00287205912173
    },
    "barkbands": {
        "dmean": [0.00299227470532, 0.0201533753425, 0.00442051142454, 0.00210163765587, 0.00411027064547, 0.00113891006913, 0.00080682040425, 0.000435468304204, 0.000437081471318, 0.000500064517837, 0.000147032245877, 0.000408241176046, 0.000199639194761, 0.000345843902323, 0.000555065402295, 0.000150728898006, 0.000120167518617, 0.000101769604953, 8.40864740894e-05, 8.34522943478e-05, 0.000104788625322, 8.16758692963e-05, 9.81343328021e-05, 0.000518441782333, 0.00062686932506, 0.000251003919402, 4.02275800298e-05],
        "dmean2": [0.00480595976114, 0.0332955159247, 0.00726430676877, 0.00368897616863, 0.0071661141701, 0.00179502053652, 0.00119321269449, 0.000663106038701, 0.000661425176077, 0.000759588438086, 0.000244901078986, 0.000584369467106, 0.000331873510731, 0.000565345515497, 0.000920502876397, 0.000243366725044, 0.000207377350307, 0.000171255640453, 0.000135545327794, 0.000137528710184, 0.00016310432693, 0.000128766449052, 0.000151707514306, 0.000835622602608, 0.00100992049556, 0.000401866942411, 6.49345383863e-05],
        "dvar": [1.7258196749e-05, 0.000506857875735, 0.000132538683829, 4.47083439212e-05, 0.000132257307996, 8.10909386928e-06, 7.70597762312e-06, 1.11753740839e-06, 7.23137759451e-07, 2.56484099737e-06, 1.49630920987e-07, 6.99695533513e-07, 1.61172110325e-07, 6.34556045043e-07, 3.04418449559e-06, 8.57601563098e-08, 7.76867281616e-08, 3.42515100726e-08, 2.05466417214e-08, 1.95856859619e-08, 3.53071598624e-08, 2.42757955959e-08, 2.6216664395e-08, 8.13020903934e-07, 1.14762406156e-06, 2.82658447759e-07, 6.00861138622e-09],
        "dvar2": [4.31312473665e-05, 0.00144198222551, 0.000325539294863, 0.000124730533571, 0.000367876229575, 1.80664228537e-05, 1.54768586071e-05, 2.55378904512e-06, 1.62699063821e-06, 4.97142355016e-06, 3.82088671813e-07, 1.45547392094e-06, 4.12903830238e-07, 1.66915765476e-06, 8.03106286185e-06, 2.05816604648e-07, 2.16005503262e-07, 9.1478717934e-08, 5.11797395575e-08, 5.08952133771e-08, 8.24731785087e-08, 5.7162640843e-08, 5.81199195437e-08, 2.13660155168e-06, 2.83043345917e-06, 6.66292805818e-07, 1.54630974691e-08],
        "max": [0.057963013649, 0.212957888842, 0.107148759067, 0.101659029722, 0.115484170616, 0.0889428853989, 0.108568936586, 0.04356033355, 0.022277187556, 0.0645304992795, 0.00920078158379, 0.0191363934427, 0.0159528106451, 0.0195289626718, 0.0481104552746, 0.00796782411635, 0.00985448434949, 0.00404012529179, 0.00233966927044, 0.00280926167034, 0.00503455521539, 0.00273987837136, 0.00267108436674, 0.0187037140131, 0.0221578832716, 0.0191373396665, 0.00305637880228],
        "mean": [0.00565476668999, 0.0447433516383, 0.00496256072074, 0.00223788898438, 0.00559570593759, 0.00229315366596, 0.00183046597522, 0.000978193012998, 0.00104440294672, 0.000942696875427, 0.000197175832, 0.000823343871161, 0.000305650843075, 0.000515525171068, 0.000767785240896, 0.000242373309447, 0.00016225563013, 0.000155410598381, 0.000151083106175, 0.000163350399816, 0.000196158507606, 0.000168811442563, 0.000226758624194, 0.000958159856964, 0.00119238602929, 0.000444570352556, 7.72915882408e-05],
        "median": [0.00343180960044, 0.0416084453464, 0.00105344376061, 0.000615501485299, 0.00193496770225, 0.000938763667364, 0.000201883740374, 0.00032096754876, 0.00050577276852, 0.000189574668184, 4.71976418339e-05, 0.000243345944909, 0.000124312908156, 0.000207011136808, 0.000187383629964, 0.000127700943267, 7.53971980885e-05, 7.00651216903e-05, 6.02495783824e-05, 6.97493596817e-05, 9.43859413383e-05, 3.97299336328e-05, 6.7387605668e-05, 0.000537040294148, 0.000698701711372, 0.000252067198744, 1.3789636796e-05],
        "min": [2.13707423561e-25, 2.98960928139e-24, 2.46993729931e-24, 8.91864642983e-25, 3.43661967991e-24, 6.6008630442e-24, 1.00101155616e-23, 1.05404312494e-23, 1.83986044702e-23, 1.17555736552e-23, 1.04499386484e-23, 2.89741352967e-23, 2.67714873435e-23, 3.00249485096e-23, 4.26694043219e-23, 7.09747244105e-23, 4.95018169744e-23, 1.06983675135e-22, 1.04216717111e-22, 1.78645263892e-22, 2.57450751762e-22, 2.88875309911e-22, 4.41387038273e-22, 4.9400433833e-22, 8.53438346343e-22, 1.29973732486e-21, 1.90074250394e-21],
        "var": [4.96496541018e-05, 0.00122551934328, 0.000129149426357, 3.21658444591e-05, 0.000123538411572, 1.9556222469e-05, 3.22013511322e-05, 3.54788426193e-06, 2.17830825022e-06, 9.50632875174e-06, 2.37954111526e-07, 2.20328433898e-06, 2.98960912914e-07, 1.00020383798e-06, 5.12168890054e-06, 1.41389634223e-07, 7.83044811214e-08, 4.66946801225e-08, 4.16899936795e-08, 4.66896032947e-08, 7.70077335233e-08, 7.9508808426e-08, 1.08592239201e-07, 1.74730405433e-06, 2.59095986621e-06, 4.84512781895e-07, 1.61131765708e-08]
    },
    "erbbands": {
        "dmean": [0.953640401363, 3.34020495415, 4.48709106445, 6.29779195786, 12.8364744186, 11.6701259613, 9.31883335114, 11.3470935822, 11.9156141281, 10.1391487122, 8.6239824295, 6.76353406906, 16.6618442535, 9.83225059509, 9.72804450989, 10.9316186905, 8.20833396912, 17.3223438263, 20.6190719604, 17.0501766205, 9.32855224609, 7.79534387589, 5.91089725494, 4.4131937027, 3.70016407967, 3.64233160019, 4.13936042786, 3.64622592926, 2.96893310547, 2.97873258591, 3.07283496857, 4.81920957565, 13.0450706482, 6.01508378983, 5.45579004288, 1.32799458504, 0.503302633762, 0.0741563811898, 0.00647128233686, 0.000111066670797],
        "dmean2": [1.50036513805, 5.66290855408, 7.02292871475, 10.7508211136, 22.5096607208, 20.909986496, 14.0801067352, 17.938741684, 17.7208518982, 15.0459060669, 13.21484375, 10.5584840775, 24.9582805634, 15.4288806915, 14.5898933411, 16.0245857239, 13.3420639038, 28.7786998749, 33.6692199707, 28.2521572113, 15.0584783554, 13.3996801376, 9.97414398193, 7.30071353912, 5.91148281097, 5.94409227371, 6.60302734375, 5.72494935989, 4.7498588562, 4.52486181259, 4.76950216293, 7.65474510193, 21.2202148438, 9.61548423767, 8.88292312622, 2.13734745979, 0.808181166649, 0.116915255785, 0.0104699637741, 0.000178507179953],
        "dvar": [1.19707643986, 16.6848888397, 100.871658325, 322.012420654, 1293.26708984, 1274.97143555, 551.174682617, 1007.03948975, 1325.22119141, 1702.53491211, 351.422119141, 154.051437378, 1549.21374512, 637.691955566, 376.444549561, 443.3956604, 225.523803711, 2058.20947266, 2985.90112305, 2272.46606445, 336.929077148, 333.137969971, 124.043296814, 57.6200561523, 31.2745666504, 37.4083137512, 58.8998374939, 43.6578979492, 31.1122112274, 32.2031936646, 25.9941253662, 54.5898170471, 589.012023926, 104.141273499, 104.966133118, 6.8234128952, 1.41161715984, 0.0201398711652, 0.000160423733178, 3.16864863237e-08],
        "dvar2": [2.92018342018, 50.3650245667, 227.267868042, 854.935302734, 3538.69946289, 3612.14428711, 1042.99499512, 2282.83911133, 2730.80102539, 3240.55126953, 810.239440918, 368.448394775, 3095.96118164, 1382.17980957, 840.188598633, 955.64074707, 586.715576172, 5550.703125, 7836.31591797, 5955.04101562, 804.521850586, 920.698364258, 330.750152588, 149.969970703, 79.5445556641, 96.0292663574, 141.441925049, 102.864707947, 74.2437133789, 73.0113296509, 58.5911102295, 132.927658081, 1572.38757324, 260.498352051, 269.220306396, 16.8943595886, 3.25076127052, 0.0482529550791, 0.000421597622335, 8.00834314418e-08],
        "max": [11.9955463409, 37.8936729431, 109.835533142, 229.759292603, 425.636352539, 415.229278564, 990.20690918, 1043.9230957, 1309.81396484, 1956.07678223, 790.991149902, 265.111633301, 1534.23132324, 811.217224121, 382.058044434, 515.563659668, 304.72958374, 1174.35083008, 1497.5279541, 1170.63916016, 407.1222229, 665.424987793, 265.83883667, 101.594032288, 76.9656677246, 123.221069336, 192.157073975, 148.183258057, 90.9342041016, 113.686752319, 80.428062439, 135.761611938, 455.809448242, 176.970108032, 231.978012085, 57.8533706665, 52.621635437, 6.13643217087, 0.444392561913, 0.00568423140794],
        "mean": [2.09490418434, 6.77025413513, 6.63594055176, 6.96412992477, 14.4459552765, 13.9232120514, 20.8017215729, 22.3015670776, 26.4795017242, 24.0746421814, 20.8359336853, 15.5999984741, 37.2353019714, 18.0273094177, 18.2979831696, 22.5074234009, 14.5733795166, 26.1487369537, 31.2776279449, 25.6483669281, 15.2147855759, 11.1427059174, 9.14473247528, 7.86734962463, 7.38192796707, 7.40643119812, 7.6561498642, 6.88593769073, 5.87999677658, 6.43318557739, 6.97814798355, 9.68994998932, 22.8299331665, 11.9251375198, 9.10012435913, 2.23045945168, 0.872166097164, 0.157962828875, 0.0123043134809, 0.000305862602545],
        "median": [1.84004962444, 5.82052707672, 2.36127710342, 2.14894080162, 3.54638361931, 4.33114337921, 6.71981191635, 8.57445526123, 7.45869207382, 4.32908058167, 8.48404598236, 8.63315582275, 16.2177219391, 5.80524301529, 6.11230278015, 7.68685293198, 6.59995174408, 9.76982212067, 12.1919002533, 9.60178852081, 8.23238658905, 5.85933303833, 4.55428028107, 3.49319148064, 3.4826002121, 3.07545733452, 3.35725092888, 3.14850759506, 1.62159454823, 1.55015313625, 2.21109628677, 5.97021436691, 10.2159938812, 7.30878019333, 4.64713335037, 1.40181386471, 0.49874484539, 0.0551118180156, 0.00271326885559, 0.000214171857806],
        "min": [8.45477704824e-23, 7.73248880901e-22, 2.44810827167e-21, 8.19576447811e-21, 1.98379139705e-20, 1.4802783187e-20, 2.18545286051e-20, 9.08472239616e-20, 1.69878444292e-19, 2.12704389263e-19, 2.35510676404e-19, 4.54955385662e-19, 4.37468890911e-19, 7.53923739747e-19, 9.11622208012e-19, 1.44404755583e-18, 1.83281138019e-18, 2.01247583642e-18, 2.14736087019e-18, 3.53135976644e-18, 3.78242769392e-18, 4.0481764229e-18, 5.55478416545e-18, 6.98499516099e-18, 5.87114973048e-18, 8.83767707386e-18, 9.33520222407e-18, 9.21117724456e-18, 9.25684836772e-18, 1.10855073012e-17, 1.20492546057e-17, 1.09749082903e-17, 8.36508811039e-18, 8.80847346233e-18, 6.45001237751e-18, 4.22093971128e-18, 2.459929883e-18, 8.9723712357e-19, 2.47244052448e-19, 2.78160322045e-20],
        "var": [3.38871049881, 34.211151123, 145.172317505, 253.831634521, 1136.08947754, 986.589538574, 2420.7121582, 2349.78881836, 4354.68505859, 9011.02246094, 1226.83154297, 393.409454346, 5700.00439453, 1930.42565918, 989.074157715, 1432.30834961, 457.514709473, 3534.73925781, 5074.68164062, 3830.54443359, 562.563537598, 343.931365967, 161.920043945, 102.455215454, 82.7963104248, 96.0028381348, 120.815322876, 99.0383453369, 89.0848999023, 115.211517334, 102.031639099, 141.155807495, 1218.87609863, 234.654571533, 200.135177612, 10.2717323303, 2.37378191948, 0.0500929690897, 0.00040609788266, 9.01226684391e-08]
    },
    "gfcc": {
        "mean": [22.739938736, 62.9928283691, -66.3487167358, 25.1635074615, -43.7192268372, 31.849822998, -37.8918380737, 23.9199867249, -16.9471340179, 14.2361116409, -11.3100042343, 1.73837172985, -1.04713833332],
        "cov": [[17495.3027344, -1513.8815918, 500.340179443, 341.108551025, 5.98646593094, 724.462402344, -546.551330566, 296.115325928, -820.213684082, 248.460205078, -253.842803955, 448.396942139, -351.150238037], [-1513.8815918, 1653.76733398, -845.543395996, -188.724411011, -218.209014893, -347.163146973, 81.8334960938, -234.514602661, 228.820022583, -212.634429932, 62.3889923096, -236.76776123, 157.586456299], [500.340179443, -845.543395996, 1205.95715332, 132.712997437, 230.829208374, 291.49005127, -90.4581680298, 288.56451416, -201.637680054, 167.074508667, -33.882358551, 171.378555298, -87.5374679565], [341.108551025, -188.724411011, 132.712997437, 616.060791016, 88.2086257935, -27.4974498749, 133.03338623, -2.08254289627, -28.9324302673, -69.2935714722, -24.9019489288, 15.985118866, -30.9040966034], [5.98646593094, -218.209014893, 230.829208374, 88.2086257935, 323.010284424, 121.884773254, 13.6994752884, 41.5675468445, -46.7231330872, 53.1158332825, -36.8880157471, 35.8737869263, -33.2307014465], [724.462402344, -347.163146973, 291.49005127, -27.4974498749, 121.884773254, 345.811431885, -50.90417099, 143.769241333, -60.4859428406, 130.620483398, 23.7963256836, 39.1636199951, -6.41008472443], [-546.551330566, 81.8334960938, -90.4581680298, 133.03338623, 13.6994752884, -50.90417099, 326.748474121, -5.85792589188, 60.4243621826, -59.7687454224, 17.7996635437, 12.4476089478, -41.585105896], [296.115325928, -234.514602661, 288.56451416, -2.08254289627, 41.5675468445, 143.769241333, -5.85792589188, 354.083099365, 65.7747192383, 124.504600525, 16.0062026978, 20.0950946808, 26.1329994202], [-820.213684082, 228.820022583, -201.637680054, -28.9324302673, -46.7231330872, -60.4859428406, 60.4243621826, 65.7747192383, 253.713256836, 38.0508880615, 48.0150375366, -66.5276260376, 52.3927345276], [248.460205078, -212.634429932, 167.074508667, -69.2935714722, 53.1158332825, 130.620483398, -59.7687454224, 124.504600525, 38.0508880615, 221.566146851, 34.1750869751, 11.9473962784, 2.18158268929], [-253.842803955, 62.3889923096, -33.882358551, -24.9019489288, -36.8880157471, 23.7963256836, 17.7996635437, 16.0062026978, 48.0150375366, 34.1750869751, 140.878372192, 27.8156433105, 33.9487533569], [448.396942139, -236.76776123, 171.378555298, 15.985118866, 35.8737869263, 39.1636199951, 12.4476089478, 20.0950946808, -66.5276260376, 11.9473962784, 27.8156433105, 178.859405518, -5.89803266525], [-351.150238037, 157.586456299, -87.5374679565, -30.9040966034, -33.2307014465, -6.41008472443, -41.585105896, 26.1329994202, 52.3927345276, 2.18158268929, 33.9487533569, -5.89803266525, 162.389709473]],
        "icov": [[0.000106155916001, -4.60125011159e-05, 0.000188088248251, -0.000160534691531, 0.000149373736349, -0.00023035738559, 0.000212568920688, -0.000210231446545, 0.000315340585075, -0.000153385248268, 0.000234352817643, -0.000362856284482, 0.000292931246804], [-4.60125011159e-05, 0.00146624725312, 0.000213738312596, 0.000525214883965, -0.000215867927182, 0.000748183752876, -0.000368574925233, 0.00034755829256, -0.000444856093964, 0.000916548306122, -0.000873684010003, 0.00154348986689, -0.00110223947559], [0.000188088248251, 0.000213738312596, 0.00225496036001, -0.000564536952879, -0.000280068896245, -0.000531319528818, 0.000747462385334, -0.00170362764038, 0.00168166833464, -0.00063147750916, 0.000400743476348, -0.00134762807284, 0.00102790270466], [-0.000160534691531, 0.000525214883965, -0.000564536952879, 0.00240410468541, -0.000762774609029, 0.000835259212181, -0.00120295817032, 0.000403302808991, -0.000466689496534, 0.00111674983054, -0.000611231196672, 0.00124978134409, -0.00089095212752], [0.000149373736349, -0.000215867927182, -0.000280068896245, -0.000762774609029, 0.00453246245161, -0.00174326135311, -0.00010658687097, 0.000381814868888, 0.000110211061838, -0.000962423568126, 0.00188556942157, -0.00105633668136, 0.000551115372218], [-0.00023035738559, 0.000748183752876, -0.000531319528818, 0.000835259212181, -0.00174326135311, 0.00605141650885, -0.000587882008404, -0.000860178319272, 0.00110362260602, -0.00112775305752, -0.00221031042747, 0.00195157690905, -0.00128956860863], [0.000212568920688, -0.000368574925233, 0.000747462385334, -0.00120295817032, -0.00010658687097, -0.000587882008404, 0.00479210214689, -0.000958117481787, -0.000711469911039, 0.000889277900569, -0.000105696963146, -0.00193050561938, 0.00249724462628], [-0.000210231446545, 0.00034755829256, -0.00170362764038, 0.000403302808991, 0.000381814868888, -0.000860178319272, -0.000958117481787, 0.00577597133815, -0.00304833124392, -0.0006616380997, 0.000290501513518, 0.000918816484045, -0.00179914524779], [0.000315340585075, -0.000444856093964, 0.00168166833464, -0.000466689496534, 0.000110211061838, 0.00110362260602, -0.000711469911039, -0.00304833124392, 0.00874642189592, -0.00273011578247, -0.00104902079329, 0.000770304352045, -0.000232175865676], [-0.000153385248268, 0.000916548306122, -0.00063147750916, 0.00111674983054, -0.000962423568126, -0.00112775305752, 0.000889277900569, -0.0006616380997, -0.00273011578247, 0.008628946729, -0.00215633446351, 0.00129919522442, 6.64247818349e-06], [0.000234352817643, -0.000873684010003, 0.000400743476348, -0.000611231196672, 0.00188556942157, -0.00221031042747, -0.000105696963146, 0.000290501513518, -0.00104902079329, -0.00215633446351, 0.0104564139619, -0.00387445674278, -0.000280195294181], [-0.000362856284482, 0.00154348986689, -0.00134762807284, 0.00124978134409, -0.00105633668136, 0.00195157690905, -0.00193050561938, 0.000918816484045, 0.000770304352045, 0.00129919522442, -0.00387445674278, 0.0102544631809, -0.00263599236496], [0.000292931246804, -0.00110223947559, 0.00102790270466, -0.00089095212752, 0.000551115372218, -0.00128956860863, 0.00249724462628, -0.00179914524779, -0.000232175865676, 6.64247818349e-06, -0.000280195294181, -0.00263599236496, 0.00927420053631]]
    },
    "melbands": {
        "dmean": [0.00676549691707, 0.00253176875412, 0.00114377064165, 0.000968087697402, 0.000349628156982, 0.000242806258029, 0.000176931469468, 0.000111720546556, 6.30356371403e-05, 5.29318640474e-05, 8.90186711331e-05, 4.74241132906e-05, 2.40650770138e-05, 5.02418915858e-05, 1.95067386812e-05, 2.8197078791e-05, 3.19424943882e-05, 2.73787900369e-05, 5.16136969964e-05, 8.44503483677e-06, 1.05834151327e-05, 9.28047120397e-06, 5.27380825588e-06, 4.68992584501e-06, 3.80805249733e-06, 3.47447803506e-06, 3.51512585439e-06, 2.29615852732e-06, 2.75277466244e-06, 2.90579782813e-06, 2.09966060538e-06, 1.68345707152e-06, 1.86884471987e-06, 1.86048987416e-06, 1.91584695131e-06, 2.1054811441e-06, 3.52426764039e-06, 9.37391541811e-06, 1.04015216493e-05, 4.45510067948e-06],
        "dmean2": [0.0109271099791, 0.00412039505318, 0.00186303223018, 0.00173304288182, 0.000544090697076, 0.000380986748496, 0.000262416957412, 0.000165424266015, 9.74374343059e-05, 8.11358477222e-05, 0.000132655492052, 7.33039632905e-05, 3.79555531254e-05, 7.217280654e-05, 2.94416731776e-05, 4.64540753455e-05, 5.30715187779e-05, 4.42961572844e-05, 8.58376079123e-05, 1.378140405e-05, 1.71107240021e-05, 1.60595500347e-05, 9.00311715668e-06, 7.83035375207e-06, 6.35086189504e-06, 5.68268569623e-06, 5.89140745433e-06, 3.75510558115e-06, 4.48759419669e-06, 4.6138320613e-06, 3.38547965839e-06, 2.70934265245e-06, 2.97216479339e-06, 2.92654635814e-06, 3.01393197333e-06, 3.30550460603e-06, 5.71848568143e-06, 1.53700984811e-05, 1.7047399524e-05, 7.19684430806e-06],
        "dvar": [5.63478643016e-05, 1.47320379256e-05, 8.75368186826e-06, 8.42692043079e-06, 7.76102069722e-07, 4.18646749267e-07, 2.72591478279e-07, 1.50905648866e-07, 1.75497714139e-08, 1.06175752634e-08, 4.73705625836e-08, 1.73870695619e-08, 2.44171727282e-09, 1.23711343392e-08, 2.6386126617e-09, 3.97730115509e-09, 6.60219701132e-09, 3.98121802192e-09, 2.72325735295e-08, 2.61816346381e-10, 4.34586366893e-10, 5.04291719494e-10, 1.07891980072e-10, 6.90593138231e-11, 4.48068838976e-11, 3.53995617541e-11, 3.82449315273e-11, 1.58848854209e-11, 2.75108043984e-11, 4.01967625852e-11, 1.51212913718e-11, 1.00267016911e-11, 1.29630021994e-11, 1.21045196436e-11, 1.06047193596e-11, 1.15973255305e-11, 3.78574741e-11, 3.5108380092e-10, 4.09543648994e-10, 6.31376964599e-11],
        "dvar2": [0.000150093066623, 3.47053210135e-05, 2.13781895582e-05, 2.36168016272e-05, 1.59567855462e-06, 9.34941340347e-07, 5.47151728369e-07, 2.93618228397e-07, 4.08439539967e-08, 2.44159963358e-08, 9.35531687674e-08, 3.57155691688e-08, 6.14391693077e-09, 2.56264076626e-08, 5.75268943592e-09, 1.0459411115e-08, 1.77802164103e-08, 1.00625152655e-08, 7.2038822907e-08, 6.62038590615e-10, 1.03122921313e-09, 1.39644906749e-09, 2.91410562347e-10, 1.81871462335e-10, 1.1717525561e-10, 9.00751140342e-11, 1.04206088203e-10, 3.98566006587e-11, 6.88105891711e-11, 9.83526940446e-11, 3.78830994352e-11, 2.38293620947e-11, 3.21461642028e-11, 2.88617654082e-11, 2.55811483107e-11, 2.75325578308e-11, 9.61307977665e-11, 9.41170807955e-10, 1.10179965152e-09, 1.61898480733e-10],
        "max": [0.0764847621322, 0.0419836528599, 0.0397208631039, 0.0298891533166, 0.0344402492046, 0.0210819020867, 0.0168150924146, 0.0175315178931, 0.00523183075711, 0.00251799239777, 0.00860188249499, 0.00472641084343, 0.000824772811029, 0.00274073239416, 0.00198007305153, 0.00182423344813, 0.00202779402025, 0.0016065321397, 0.0044286781922, 0.000589062925428, 0.00044314187835, 0.000784178148024, 0.000156375215738, 0.00025445150095, 9.48121887632e-05, 8.83395841811e-05, 0.000121451776067, 7.96288150013e-05, 0.000138368501212, 0.000187547979294, 8.90217925189e-05, 4.72579013149e-05, 6.35881006019e-05, 6.31184375379e-05, 5.32465055585e-05, 6.63478858769e-05, 0.000148916660692, 0.00033240832272, 0.000349895504769, 0.000127422390506],
        "mean": [0.0151299582794, 0.00521935289726, 0.00142565066926, 0.00105947011616, 0.000725192250684, 0.000487054436235, 0.000396711984649, 0.000262056972133, 0.000149743733346, 0.000119453303341, 0.000198569352506, 8.72120508575e-05, 4.10746506532e-05, 9.70906257862e-05, 3.41334125551e-05, 4.23043893534e-05, 4.67472382297e-05, 4.09876993217e-05, 6.97298819432e-05, 1.39888861668e-05, 1.61968509929e-05, 1.19393480418e-05, 7.73804185883e-06, 7.31826139599e-06, 6.31052262179e-06, 5.89917317484e-06, 5.87984959566e-06, 4.46426338385e-06, 4.73375939691e-06, 4.63457672595e-06, 3.74082014787e-06, 3.08505832436e-06, 3.5611635667e-06, 3.60350213668e-06, 3.93647997043e-06, 4.15818112742e-06, 6.10660026723e-06, 1.53791952471e-05, 1.61540992849e-05, 8.06906609796e-06],
        "median": [0.0140605196357, 0.00369858648628, 0.000482950301375, 0.000290744937956, 0.000216632630327, 0.000197197994567, 0.000102891266579, 4.80267553939e-05, 6.0387144913e-05, 5.95284618612e-05, 8.44373353175e-05, 2.24002506002e-05, 1.36852031574e-05, 2.80755939457e-05, 8.64044613991e-06, 1.46565398609e-05, 1.64952252817e-05, 1.68009955814e-05, 1.58341208589e-05, 7.76490833232e-06, 7.71906888986e-06, 5.30362603968e-06, 3.70855559595e-06, 3.52544429916e-06, 2.58203976955e-06, 2.27303462452e-06, 2.73666546491e-06, 1.53670941927e-06, 1.69162262864e-06, 2.05262426789e-06, 1.54967926846e-06, 7.92268338046e-07, 7.42641759643e-07, 8.84686187419e-07, 1.07704499896e-06, 1.33268235913e-06, 3.22636788042e-06, 6.59676607029e-06, 6.47896877126e-06, 5.01474187331e-06],
        "min": [1.01541357277e-24, 1.35284813472e-24, 1.65770954522e-24, 7.78641951751e-25, 8.26165102049e-25, 2.09732871149e-24, 2.66716751398e-24, 1.56240075116e-24, 1.95809278957e-24, 2.55189560863e-24, 1.97591789058e-24, 2.61703126193e-24, 2.66842988864e-24, 2.82337045346e-24, 3.02631083779e-24, 2.15643036773e-24, 2.87952571422e-24, 2.9563130403e-24, 3.50685196631e-24, 3.35508341118e-24, 3.85111441522e-24, 3.52470191644e-24, 4.1197456137e-24, 3.12849416021e-24, 5.340215986e-24, 3.52057144074e-24, 4.73715115105e-24, 5.31260506546e-24, 4.2387665805e-24, 5.7233377231e-24, 4.30916610541e-24, 4.47312058936e-24, 4.37876809193e-24, 5.33819965753e-24, 6.25347907268e-24, 4.9394998897e-24, 6.0864519755e-24, 4.9990738764e-24, 6.00105936023e-24, 6.67448664362e-24],
        "var": [0.000148955543409, 3.21673360304e-05, 8.61084117787e-06, 6.24854055786e-06, 3.00289684674e-06, 1.00352917798e-06, 9.50533660671e-07, 7.71021802848e-07, 6.46860485176e-08, 2.8309383282e-08, 1.77595325113e-07, 5.90167097414e-08, 4.77507633434e-09, 3.52498119582e-08, 7.10379488567e-09, 7.7103887719e-09, 1.10326912051e-08, 6.67154642642e-09, 4.46184884595e-08, 4.00171090709e-10, 7.38921479559e-10, 5.08834974156e-10, 1.24347532271e-10, 1.00963695737e-10, 7.41926589609e-11, 6.66986049724e-11, 6.43774061837e-11, 4.06731627545e-11, 5.19915811792e-11, 6.23267618072e-11, 3.20316446978e-11, 2.55429028623e-11, 3.80459899696e-11, 3.6146752258e-11, 3.65720440043e-11, 3.52559439976e-11, 7.11330924719e-11, 6.65893673535e-10, 7.00628943751e-10, 1.23013918496e-10]
    },
    "mfcc": {
        "mean": [-637.550720215, 108.663352966, 35.6656265259, 10.8943805695, 24.7559833527, 6.82366228104, 11.0768823624, 1.73244738579, 12.3783884048, 11.0855340958, 4.36923074722, 3.62072992325, 0.171706095338],
        "cov": [[8430.70605469, -861.473999023, 469.686126709, 136.341003418, 342.489532471, 288.826538086, 363.527130127, 198.970932007, -227.537353516, -258.473114014, -91.9340591431, -26.9995174408, 52.4376602173], [-861.473999023, 1319.08032227, -350.635498047, -190.592636108, -193.359130859, -131.073272705, -189.063461304, -122.007080078, -0.367019295692, 46.3611946106, -21.610206604, -51.4561691284, -86.4329605103], [469.686126709, -350.635498047, 700.774536133, 26.4072532654, 252.587768555, -16.0813770294, 186.207351685, 45.9887275696, 53.5406951904, -35.7121353149, 52.6921424866, 65.4893951416, 52.4787063599], [136.341003418, -190.592636108, 26.4072532654, 582.554992676, -60.9440574646, 59.6440124512, 21.1674041748, 136.575119019, -16.1096172333, 13.8846464157, -32.9807472229, -56.2263221741, -2.38669109344], [342.489532471, -193.359130859, 252.587768555, -60.9440574646, 432.412963867, 32.0573806763, 118.24168396, -38.8242759705, 84.8239135742, -8.9421005249, 25.1570148468, 40.0483207703, 21.3603382111], [288.826538086, -131.073272705, -16.0813770294, 59.6440124512, 32.0573806763, 244.923049927, 75.7976531982, 30.0043449402, -67.5279998779, -15.8064689636, 1.58739507198, -34.6391944885, 3.35196995735], [363.527130127, -189.063461304, 186.207351685, 21.1674041748, 118.24168396, 75.7976531982, 253.783798218, 68.9689254761, 22.9731941223, -19.9933013916, 36.6137161255, 37.0386390686, 32.7900619507], [198.970932007, -122.007080078, 45.9887275696, 136.575119019, -38.8242759705, 30.0043449402, 68.9689254761, 220.765701294, 4.37657546997, -14.2049036026, -3.38983941078, 10.4241571426, 35.4939537048], [-227.537353516, -0.367019295692, 53.5406951904, -16.1096172333, 84.8239135742, -67.5279998779, 22.9731941223, 4.37657546997, 217.228210449, 83.7683258057, 46.3930969238, 51.9517478943, 26.7208976746], [-258.473114014, 46.3611946106, -35.7121353149, 13.8846464157, -8.9421005249, -15.8064689636, -19.9933013916, -14.2049036026, 83.7683258057, 192.008651733, 71.8620986938, 19.2057342529, 3.53429031372], [-91.9340591431, -21.610206604, 52.6921424866, -32.9807472229, 25.1570148468, 1.58739507198, 36.6137161255, -3.38983941078, 46.3930969238, 71.8620986938, 146.396987915, 66.784324646, 36.937702179], [-26.9995174408, -51.4561691284, 65.4893951416, -56.2263221741, 40.0483207703, -34.6391944885, 37.0386390686, 10.4241571426, 51.9517478943, 19.2057342529, 66.784324646, 151.18951416, 59.7494277954], [52.4376602173, -86.4329605103, 52.4787063599, -2.38669109344, 21.3603382111, 3.35196995735, 32.7900619507, 35.4939537048, 26.7208976746, 3.53429031372, 36.937702179, 59.7494277954, 122.112304688]],
