{
"lowlevel": {
    "average_loudness": 0.866985559464,
    "barkbands_crest": {
        "dmean": 3.10353732109,
        "dmean2": 4.84588003159,
        "dvar": 8.02773952484,
        "dvar2": 19.0123157501,
        "max": 26.0347118378,
        "mean": 11.3392486572,
        "median": 10.648399353,
        "min": 1.98163068295,
        "var": 23.271812439
    },
    "barkbands_flatness_db": {
        "dmean": 0.0281677115709,
        "dmean2": 0.0436543039978,
        "dvar": 0.000881225510966,
        "dvar2": 0.00208849110641,
        "max": 0.508622825146,
        "mean": 0.124996311963,
        "median": 0.103708900511,
        "min": 0.0102521283552,
        "var": 0.00702281109989
    },
    "barkbands_kurtosis": {
        "dmean": 6.27794742584,
        "dmean2": 10.2850189209,
        "dvar": 162.088241577,
        "dvar2": 421.421478271,
        "max": 459.773742676,
        "mean": 8.89159202576,
        "median": 2.64817810059,
        "min": -1.92727971077,
        "var": 518.500183105
    },
    "barkbands_skewness": {
        "dmean": 0.882744967937,
        "dmean2": 1.35364031792,
        "dvar": 1.02947163582,
        "dvar2": 2.58364915848,
        "max": 16.838300705,
        "mean": 2.19000959396,
        "median": 1.79171419144,
        "min": -3.023260355,
        "var": 3.2566306591
    },
    "barkbands_spread": {
        "dmean": 13.1531648636,
        "dmean2": 19.6508617401,
        "dvar": 197.643081665,
        "dvar2": 420.496551514,
        "max": 114.341972351,
        "mean": 38.2537879944,
        "median": 35.1214599609,
        "min": 0.329423397779,
        "var": 734.844909668
    },
    "dissonance": {
        "dmean": 0.0114145576954,
        "dmean2": 0.0191127154976,
        "dvar": 0.000252868368989,
        "dvar2": 0.000668054737616,
        "max": 0.500000119209,
        "mean": 0.479172468185,
        "median": 0.486026406288,
        "min": 0.26528313756,
        "var": 0.000591025978792
    },
    "dynamic_complexity": 3.02990412712,
    "erbbands_crest": {
        "dmean": 1.62398958206,
        "dmean2": 2.71744298935,
        "dvar": 4.06665468216,
        "dvar2": 10.6362104416,
        "max": 26.6866321564,
        "mean": 5.48740243912,
        "median": 4.38237905502,
        "min": 1.81195020676,
        "var": 10.3282432556
    },
    "erbbands_flatness_db": {
        "dmean": 0.0129333650693,
        "dmean2": 0.0196912847459,
        "dvar": 0.000194639127585,
        "dvar2": 0.000403618905693,
        "max": 0.388397008181,
        "mean": 0.100649125874,
        "median": 0.0764757841825,
        "min": 0.0357235781848,
        "var": 0.00460296636447
    },
    "erbbands_kurtosis": {
        "dmean": 0.834858000278,
        "dmean2": 1.33840823174,
        "dvar": 2.00840067863,
        "dvar2": 4.65196657181,
        "max": 31.3527946472,
        "mean": 0.145453900099,
        "median": -0.795137643814,
        "min": -1.90593087673,
        "var": 7.63547134399
    },
    "erbbands_skewness": {
        "dmean": 0.386600494385,
        "dmean2": 0.573111891747,
        "dvar": 0.207169041038,
        "dvar2": 0.48395717144,
        "max": 4.13957118988,
        "mean": 0.00705780368298,
        "median": -0.138559818268,
        "min": -2.87309169769,
        "var": 0.77111518383
    },
    "erbbands_spread": {
        "dmean": 14.1663331985,
        "dmean2": 22.2209224701,
        "dvar": 273.541595459,
        "dvar2": 626.637634277,
        "max": 217.61895752,
        "mean": 69.064956665,
        "median": 70.1867294312,
        "min": 2.68499302864,
        "var": 993.368713379
    },
    "hfc": {
        "dmean": 31.297039032,
        "dmean2": 47.3970832825,
        "dvar": 1842.73144531,
        "dvar2": 3634.359375,
        "max": 390.022766113,
        "mean": 66.0074539185,
        "median": 48.9112548828,
        "min": 1.16729279589e-16,
        "var": 4318.26660156
    },
    "melbands_crest": {
        "dmean": 4.28201580048,
        "dmean2": 6.89223527908,
        "dvar": 15.5093593597,
        "dvar2": 37.1294555664,
        "max": 39.6627578735,
        "mean": 17.946685791,
        "median": 17.5729045868,
        "min": 2.16998505592,
        "var": 39.0688743591
    },
    "melbands_flatness_db": {
        "dmean": 0.0378612652421,
        "dmean2": 0.0582970641553,
        "dvar": 0.00156932102982,
        "dvar2": 0.00363512546755,
        "max": 0.659257590771,
        "mean": 0.208947390318,
        "median": 0.189224854112,
        "min": 0.00913078244776,
        "var": 0.00958641432226
    },
    "melbands_kurtosis": {
        "dmean": 23.7543697357,
        "dmean2": 37.6734580994,
        "dvar": 2951.43896484,
        "dvar2": 7121.90136719,
        "max": 2073.20922852,
        "mean": 44.2423934937,
        "median": 19.5226860046,
        "min": -1.75134277344,
        "var": 9494.57324219
    },
    "melbands_skewness": {
        "dmean": 1.33569216728,
        "dmean2": 2.08604216576,
        "dvar": 2.65541696548,
        "dvar2": 5.90765953064,
        "max": 40.1684684753,
        "mean": 4.77113771439,
        "median": 4.08342123032,
        "min": -1.02470564842,
        "var": 10.346493721
    },
    "melbands_spread": {
        "dmean": 10.8500938416,
        "dmean2": 16.9207820892,
        "dvar": 228.129959106,
        "dvar2": 491.881164551,
        "max": 245.884338379,
        "mean": 23.0196075439,
        "median": 17.2319583893,
        "min": 0.17012989521,
        "var": 457.183746338
    },
    "pitch_salience": {
        "dmean": 0.0912938788533,
        "dmean2": 0.142958477139,
        "dvar": 0.00709144305438,
        "dvar2": 0.0165278334171,
        "max": 0.897945046425,
        "mean": 0.556906104088,
        "median": 0.575450897217,
        "min": 0.022910175845,
        "var": 0.0234839227051
    },
    "silence_rate_20dB": {
        "dmean": 0,
        "dmean2": 0,
        "dvar": 0,
        "dvar2": 0,
        "max": 1,
        "mean": 1,
        "median": 1,
        "min": 1,
        "var": 0
    },
    "silence_rate_30dB": {
        "dmean": 0.0903723910451,
        "dmean2": 0.180765300989,
        "dvar": 0.0822091400623,
        "dvar2": 0.185113996267,
        "max": 1,
        "mean": 0.857645571232,
        "median": 1,
        "min": 0,
        "var": 0.122087880969
    },
    "silence_rate_60dB": {
        "dmean": 0.00113533146214,
        "dmean2": 0.00227092090063,
        "dvar": 0.00113398418762,
        "dvar2": 0.00226585008204,
        "max": 1,
        "mean": 0.0561925321817,
        "median": 0,
        "min": 0,
        "var": 0.0530346781015
    },
    "spectral_centroid": {
        "dmean": 406.015197754,
        "dmean2": 625.786743164,
        "dvar": 210709.15625,
        "dvar2": 477283.8125,
        "max": 4730.5390625,
        "mean": 1600.62683105,
        "median": 1686.7911377,
        "min": 161.818054199,
        "var": 649150.5625
    },
    "spectral_complexity": {
        "dmean": 6.04405069351,
        "dmean2": 9.52708053589,
        "dvar": 37.8222961426,
        "dvar2": 88.9072494507,
        "max": 61,
        "mean": 27.7014408112,
        "median": 30,
        "min": 0,
        "var": 212.873413086
    },
    "spectral_decrease": {
        "dmean": 5.27247445703e-09,
        "dmean2": 8.83702888643e-09,
        "dvar": 4.1579222798e-17,
        "dvar2": 1.14758392739e-16,
        "max": -1.85470544393e-29,
        "mean": -1.4699278239e-08,
        "median": -1.27182335774e-08,
        "min": -6.33556993535e-08,
        "var": 1.01463641532e-16
    },
    "spectral_energy": {
        "dmean": 0.0202256180346,
        "dmean2": 0.0338893719018,
        "dvar": 0.00058078096481,
        "dvar2": 0.00161669426598,
        "max": 0.242507979274,
        "mean": 0.0614654570818,
        "median": 0.0549188703299,
        "min": 1.06576987425e-20,
        "var": 0.00155391811859
    },
    "spectral_energyband_high": {
        "dmean": 0.00313205784187,
        "dmean2": 0.00469783134758,
        "dvar": 1.97554891201e-05,
        "dvar2": 3.65169689758e-05,
        "max": 0.0413397103548,
        "mean": 0.00594331230968,
        "median": 0.00394910154864,
        "min": 7.58253606969e-21,
        "var": 4.73584877909e-05
    },
    "spectral_energyband_low": {
        "dmean": 0.0179310385138,
        "dmean2": 0.0300670191646,
        "dvar": 0.000518032407854,
        "dvar2": 0.0014017005451,
        "max": 0.205110564828,
        "mean": 0.0377362631261,
        "median": 0.0279638115317,
        "min": 2.35500400462e-22,
        "var": 0.00123347574845
    },
    "spectral_energyband_middle_high": {
        "dmean": 0.00143928523175,
        "dmean2": 0.00227349856868,
        "dvar": 3.19260334436e-06,
        "dvar2": 7.65728418628e-06,
        "max": 0.0236793234944,
        "mean": 0.00395768135786,
        "median": 0.00335115124471,
        "min": 1.47966324448e-21,
        "var": 9.79099149845e-06
    },
    "spectral_energyband_middle_low": {
        "dmean": 0.00812248978764,
        "dmean2": 0.0137706547976,
        "dvar": 0.00017016842321,
        "dvar2": 0.000469095684821,
        "max": 0.132881820202,
        "mean": 0.0165141522884,
        "median": 0.0132606094703,
        "min": 3.09008453851e-22,
        "var": 0.000208907586057
    },
    "spectral_entropy": {
        "dmean": 0.181715101004,
        "dmean2": 0.281675666571,
        "dvar": 0.053466308862,
        "dvar2": 0.135885745287,
        "max": 9.36201095581,
        "mean": 7.99995231628,
        "median": 8.2391500473,
        "min": 5.04943990707,
        "var": 0.511130213737
    },
    "spectral_flux": {
        "dmean": 0.0402212254703,
        "dmean2": 0.0652648955584,
        "dvar": 0.00252565299161,
        "dvar2": 0.00508238794282,
        "max": 0.441956222057,
        "mean": 0.126711785793,
        "median": 0.115606158972,
        "min": 1.46728984873e-06,
        "var": 0.00533255748451
    },
    "spectral_kurtosis": {
        "dmean": 1.89986491203,
        "dmean2": 3.13847327232,
        "dvar": 30.4008922577,
        "dvar2": 83.7870864868,
        "max": 110.452072144,
        "mean": 4.95815372467,
        "median": 1.6007938385,
        "min": -1.29426276684,
        "var": 147.006515503
    },
    "spectral_rms": {
        "dmean": 0.00122687791009,
        "dmean2": 0.0020215716213,
        "dvar": 1.68964515979e-06,
        "dvar2": 4.49063145425e-06,
        "max": 0.0153815848753,
        "mean": 0.00721866544336,
        "median": 0.00731979403645,
        "min": 3.22455495465e-12,
        "var": 7.85751490184e-06
    },
    "spectral_rolloff": {
        "dmean": 1506.48620605,
        "dmean2": 2475.08911133,
        "dvar": 5186290.5,
        "dvar2": 10712359,
        "max": 18733.8867188,
        "mean": 2465.86914062,
        "median": 796.728515625,
        "min": 43.06640625,
        "var": 9485492
    },
    "spectral_skewness": {
        "dmean": 0.236487150192,
        "dmean2": 0.366917282343,
        "dvar": 0.131074354053,
        "dvar2": 0.319089055061,
        "max": 8.87569904327,
        "mean": 1.43261802197,
        "median": 1.15512478352,
        "min": 0.239344984293,
        "var": 1.24382793903
    },
    "spectral_spread": {
        "dmean": 799917.8125,
        "dmean2": 1150257.375,
        "dvar": 857174048768,
        "dvar2": 1.3970875351e+12,
        "max": 51257960,
        "mean": 7132567,
        "median": 7475148,
        "min": 691472.5,
        "var": 7.4808206295e+12
    },
    "spectral_strongpeak": {
        "dmean": 0.231840625405,
        "dmean2": 0.39861702919,
        "dvar": 0.101275421679,
        "dvar2": 0.270198732615,
        "max": 7.38326931,
        "mean": 0.452724277973,
        "median": 0.321967571974,
        "min": 0,
        "var": 0.16548705101
    },
    "zerocrossingrate": {
        "dmean": 0.0232136491686,
        "dmean2": 0.0280491430312,
        "dvar": 0.000617132754996,
        "dvar2": 0.00080434710253,
        "max": 0.8330078125,
        "mean": 0.0951694995165,
        "median": 0.08642578125,
        "min": 0.0009765625,
        "var": 0.0041138860397
    },
    "barkbands": {
        "dmean": [0.00229868129827, 0.0130781223997, 0.00688632437959, 0.00488371681422, 0.0039326287806, 0.00114213186316, 0.000580842082854, 0.000342006474966, 0.000290841446258, 0.000279451982351, 0.000215543928789, 0.000245302915573, 0.000235096551478, 0.000197416622541, 0.000203588089789, 0.000161226693308, 0.000186931021744, 0.000205740812817, 0.000226021686103, 0.000258855288848, 0.000273616169579, 0.000418289680965, 0.000522984308191, 0.00063992512878, 0.000747317681089, 0.000624848238658, 0.000143096738611],
        "dmean2": [0.00353132863529, 0.020969375968, 0.0123520661145, 0.00882822647691, 0.00605385936797, 0.00188040453941, 0.000935541524086, 0.000542658148333, 0.000461290386738, 0.000447001453722, 0.000344911124557, 0.000394430448068, 0.000374825234758, 0.000317794329021, 0.000338161451509, 0.000272113422398, 0.00031034174026, 0.000345124455635, 0.000374047842342, 0.000432492612163, 0.000443029071903, 0.000657574972138, 0.000798755383585, 0.000931492715608, 0.00108790106606, 0.000976596260443, 0.000245797942625],
        "dvar": [1.36245507747e-05, 0.000257812178461, 0.000249305798206, 0.00012665054237, 3.12420706905e-05, 4.16957300331e-06, 7.43316775242e-07, 2.17344037878e-07, 1.51638971602e-07, 1.52548963683e-07, 9.17688609547e-08, 1.28150915657e-07, 1.43590355606e-07, 7.15605494861e-08, 7.72235111413e-08, 4.78690473926e-08, 6.34763566154e-08, 7.16549237723e-08, 9.25894596548e-08, 1.06233393637e-07, 1.19024832657e-07, 3.6434423123e-07, 7.04447302269e-07, 1.18159937301e-06, 1.49963943841e-06, 8.38840946926e-07, 7.34472678232e-08],
        "dvar2": [2.96681428154e-05, 0.00065560801886, 0.000690784305334, 0.000357946177246, 6.86937200953e-05, 1.15243010441e-05, 1.9158651412e-06, 5.17593434779e-07, 3.63812773685e-07, 3.68347400581e-07, 2.19490246423e-07, 3.0883660429e-07, 3.41995814779e-07, 1.77825654646e-07, 1.99784096822e-07, 1.27992777266e-07, 1.65945508002e-07, 1.87712856814e-07, 2.37150402427e-07, 2.7154038662e-07, 2.82211260583e-07, 7.74580087182e-07, 1.31582885388e-06, 1.88332569451e-06, 2.81194479612e-06, 1.92203333427e-06, 1.94352026028e-07],
        "max": [0.188477814198, 0.145718589425, 0.17401856184, 0.109870843589, 0.115274012089, 0.0311042722315, 0.0096544707194, 0.00797316990793, 0.00623123487458, 0.00965497363359, 0.00462252879515, 0.0128508219495, 0.0131816193461, 0.00389080680907, 0.00326680298895, 0.00258059543557, 0.00274584419094, 0.00295401574112, 0.00487011205405, 0.00416753161699, 0.00538652762771, 0.00613693660125, 0.00826972536743, 0.0118329143152, 0.0131958378479, 0.00692139426246, 0.00291371322237],
        "mean": [0.00380312767811, 0.02357461676, 0.00774918543175, 0.00509221386164, 0.00728188501671, 0.00192466564476, 0.000989540829323, 0.000581643951591, 0.000520440633409, 0.000483751588035, 0.000359620433301, 0.000424645724706, 0.000417162664235, 0.000346057873685, 0.00034195461194, 0.000268571195193, 0.000332493335009, 0.000368248642189, 0.000434098998085, 0.000512741098646, 0.00057337078033, 0.00075076968642, 0.00101206509862, 0.00117277610116, 0.00116790249012, 0.00084592460189, 0.000136128059239],
        "median": [0.00169894716237, 0.0165535826236, 0.00231191073544, 0.00197407393716, 0.00446344120428, 0.00125896115787, 0.000657899188809, 0.000373309012502, 0.000361078593414, 0.000314621400321, 0.000231718309806, 0.00028085501981, 0.000252918107435, 0.000235119077843, 0.000236951644183, 0.000197735513211, 0.000234266495681, 0.000265418173512, 0.000321490602801, 0.000415739603341, 0.000492371444125, 0.000524424423929, 0.000559080915991, 0.000544493959751, 0.000593870820012, 0.000388463726267, 4.25162943429e-05],
        "min": [8.07330852694e-23, 1.48889127624e-22, 4.0749768107e-23, 3.82051607843e-24, 3.40230691266e-23, 4.05326041661e-23, 4.43920619687e-23, 1.03783626163e-22, 6.94255530539e-23, 2.91419701875e-23, 1.19591313232e-22, 1.50895055756e-22, 7.81905045303e-23, 1.17461603358e-22, 1.38013954293e-22, 1.61751536238e-22, 1.18144706414e-22, 2.82192156053e-22, 2.13065802163e-22, 3.95042507699e-22, 4.25072183063e-22, 3.39341405213e-22, 7.34592121703e-22, 6.22712005862e-22, 1.02888293017e-21, 1.90243321588e-21, 2.38705684946e-21],
        "var": [5.04078307131e-05, 0.000608349859249, 0.000314826058457, 9.12740215426e-05, 7.34231362003e-05, 4.97445034853e-06, 1.17078343465e-06, 4.19349305503e-07, 3.0538379292e-07, 3.26014372831e-07, 1.73980396312e-07, 2.46689893402e-07, 3.35385749395e-07, 1.36092978664e-07, 1.27577251874e-07, 7.04452318701e-08, 1.13929424117e-07, 1.32372463213e-07, 1.77997037554e-07, 2.09373482107e-07, 2.62143885266e-07, 6.75797309668e-07, 1.75482978193e-06, 3.20082722283e-06, 3.20411504617e-06, 1.29202271637e-06, 6.3191755828e-08]
    },
    "erbbands": {
        "dmean": [0.544087231159, 2.49886369705, 6.09766244888, 14.5270080566, 14.8401479721, 12.7079296112, 10.8194971085, 8.90902805328, 9.14933776855, 7.34330606461, 7.42964982986, 6.86556386948, 7.28886842728, 8.90395069122, 8.83405208588, 9.53735637665, 10.7233724594, 9.55562591553, 10.4558296204, 8.53435707092, 9.70000648499, 10.144109726, 10.3592672348, 11.0972805023, 12.0563745499, 12.5193977356, 10.7850999832, 12.1693201065, 15.2079734802, 15.7663154602, 15.5897102356, 12.3555145264, 11.3536510468, 7.77450609207, 5.86289453506, 3.14186787605, 1.11667430401, 0.24405375123, 0.0222284831107, 0.000346152577549],
        "dmean2": [0.874579906464, 3.95096230507, 10.787776947, 26.3581752777, 24.9031925201, 19.9266147614, 17.3119354248, 14.7920475006, 14.9781332016, 11.6382474899, 11.7374172211, 10.870552063, 11.6121520996, 14.2206411362, 14.1487112045, 15.3533840179, 17.1131477356, 15.2735395432, 17.1010627747, 14.2866277695, 16.3426265717, 16.8916397095, 17.2940540314, 18.495218277, 20.0076560974, 20.9306659698, 17.6393032074, 19.6168060303, 24.0306358337, 24.7191619873, 22.9555892944, 18.595199585, 16.015794754, 11.192440033, 8.83495235443, 4.82975101471, 1.74611771107, 0.407412111759, 0.0378978326917, 0.000577152881306],
        "dvar": [0.408478438854, 11.2248506546, 155.149688721, 1263.52319336, 587.546447754, 348.325561523, 320.547393799, 271.414978027, 218.276092529, 107.018348694, 107.940307617, 90.8363952637, 94.4176712036, 161.349624634, 153.377090454, 199.917388916, 324.893707275, 164.676757812, 199.395523071, 134.710769653, 180.764770508, 187.854949951, 175.531265259, 216.581542969, 281.265777588, 247.624404907, 171.238876343, 271.717590332, 464.862640381, 592.796325684, 607.928344727, 378.54397583, 424.129333496, 174.261856079, 90.4556427002, 21.4458751678, 3.26852083206, 0.184667035937, 0.00161731510889, 3.34531222279e-07],
        "dvar2": [1.0775642395, 26.752571106, 422.328521729, 3574.48046875, 1534.87768555, 856.561950684, 825.284606934, 756.989074707, 580.19909668, 263.446838379, 254.098068237, 215.013442993, 224.731369019, 395.40447998, 375.200744629, 483.918426514, 773.666564941, 401.202423096, 509.155792236, 349.39151001, 479.167938232, 491.086578369, 451.990692139, 558.734985352, 727.354492188, 636.28729248, 429.51953125, 620.637512207, 1028.58007812, 1274.51745605, 1175.59008789, 682.58807373, 642.372619629, 292.00289917, 185.931808472, 45.6260910034, 7.85598993301, 0.481904417276, 0.0042525450699, 8.6866964466e-07],
        "max": [7.95405769348, 35.8468437195, 162.849761963, 285.797180176, 413.670471191, 340.84375, 377.668762207, 212.542144775, 170.385574341, 132.106399536, 168.281280518, 152.823303223, 153.37739563, 371.737792969, 256.635162354, 527.962036133, 680.397155762, 195.895721436, 220.313583374, 138.04776001, 146.986404419, 155.931015015, 143.142211914, 156.226501465, 331.433044434, 182.603897095, 162.405914307, 256.000671387, 250.098632812, 253.286499023, 265.299072266, 241.225906372, 245.179260254, 163.63482666, 95.7077713013, 42.5766868591, 21.145280838, 5.13601255417, 0.404395401478, 0.00597498845309],
        "mean": [0.926789581776, 4.31866264343, 8.47223949432, 15.2975416183, 22.0413703918, 22.1300544739, 19.2464733124, 14.2943067551, 15.0385475159, 12.9921913147, 12.9894542694, 12.3980875015, 13.1707448959, 15.9128446579, 16.0543479919, 17.2736358643, 19.6366119385, 17.9313964844, 18.8045349121, 14.952665329, 17.0371379852, 18.881111145, 19.5397224426, 21.1440811157, 23.0609493256, 24.6695098877, 22.5881385803, 23.8418731689, 26.5066928864, 27.6849098206, 29.823600769, 24.1243801117, 19.470457077, 13.1016349792, 8.34549331665, 4.30222606659, 1.42637240887, 0.283279657364, 0.0221510585397, 0.000448155624326],
        "median": [0.6761957407, 2.22318911552, 3.35865664482, 5.94572973251, 10.4001102448, 14.2970867157, 11.8992376328, 9.48864555359, 9.78621292114, 8.81489181519, 8.67684268951, 8.45827388763, 9.23000621796, 10.9712085724, 11.360789299, 11.9385175705, 12.0488710403, 12.6210746765, 13.2198486328, 11.259645462, 12.3391141891, 13.524394989, 14.4527673721, 15.3282346725, 17.4191570282, 20.1006908417, 19.317363739, 19.546754837, 18.6432094574, 17.1797447205, 15.9312000275, 12.2658472061, 8.41206359863, 6.61034393311, 4.15763759613, 1.97691595554, 0.618172287941, 0.127656564116, 0.00744969164953, 0.00024449385819],
        "min": [4.5376830232e-21, 3.22540597548e-20, 5.90977314557e-20, 2.54456734578e-20, 9.29588674314e-20, 9.914930619e-20, 3.38865782419e-19, 1.86643870194e-19, 3.61808696533e-19, 1.0796447175e-18, 2.4658816543e-18, 2.12503381789e-18, 1.10001807259e-18, 3.43273295406e-18, 3.76318333696e-18, 6.66215649407e-18, 4.03337278507e-18, 4.54442523343e-18, 6.40682858645e-18, 9.13896272273e-18, 8.56281322811e-18, 7.90235252238e-18, 1.22505126119e-17, 1.1130837626e-17, 1.31832034203e-17, 2.09535040025e-17, 1.75293964743e-17, 1.6573303072e-17, 1.2578971971e-17, 1.95788522472e-17, 1.82680191304e-17, 1.24204957462e-17, 1.1667084755e-17, 1.09382550901e-17, 7.12810733313e-18, 7.253627028e-18, 3.98399134327e-18, 1.43424277724e-18, 3.21531773243e-19, 3.27898821525e-20],
        "var": [0.890710175037, 30.5797653198, 282.082397461, 904.778991699, 927.820251465, 637.845153809, 537.417724609, 296.75479126, 296.857025146, 185.91960144, 209.834365845, 181.533493042, 195.260787964, 358.891571045, 303.124969482, 383.820831299, 773.324523926, 352.068847656, 373.333404541, 210.916748047, 287.024505615, 347.38458252, 355.649505615, 416.650909424, 500.681915283, 483.243438721, 399.27633667, 509.789123535, 822.133300781, 1110.9675293, 1605.31054688, 1072.69799805, 1100.96716309, 425.927429199, 164.201568604, 38.039390564, 4.09151411057, 0.182858943939, 0.00146303372458, 3.39285975315e-07]
    },
    "gfcc": {
        "mean": [47.0853729248, 56.2549476624, -72.6809768677, 40.1152648926, -52.9520797729, 18.8031234741, -36.5961952209, 7.91393375397, -26.2159118652, 6.26019525528, -16.0176544189, 4.90428113937, -11.9853563309],
        "cov": [[17660.8378906, -5735.96533203, 933.239562988, 1620.68615723, 340.258850098, 1811.79528809, 73.5348587036, 1004.54925537, -229.650405884, 653.426574707, -338.144378662, 571.455627441, -420.769470215], [-5735.96533203, 3251.37890625, -670.22845459, -627.104309082, -95.2983932495, -760.706848145, 120.607727051, -453.785186768, 162.680755615, -325.547485352, 240.582931519, -264.606506348, 266.977355957], [933.239562988, -670.22845459, 818.255615234, 267.064758301, 174.700469971, 218.843322754, -12.3755941391, 126.857330322, -14.6908779144, 64.9630966187, -60.3139343262, 51.6570701599, -54.7837562561], [1620.68615723, -627.104309082, 267.064758301, 558.305969238, 67.4025726318, 324.241424561, 49.5752410889, 129.280487061, 28.4550800323, 97.2037887573, -13.5453338623, 69.8218383789, -11.9273262024], [340.258850098, -95.2983932495, 174.700469971, 67.4025726318, 166.051651001, 75.3877182007, 48.2806396484, 61.2917098999, 15.9568061829, 29.4859409332, 1.71575045586, 16.0088977814, -8.71606063843], [1811.79528809, -760.706848145, 218.843322754, 324.241424561, 75.3877182007, 377.259552002, 45.54504776, 162.536300659, -5.23167181015, 98.4545593262, -28.9147014618, 87.5640106201, -36.4472885132], [73.5348587036, 120.607727051, -12.3755941391, 49.5752410889, 48.2806396484, 45.54504776, 112.337875366, 36.1970825195, 51.9030227661, 11.6463060379, 38.9921569824, 8.63617897034, 27.3956127167], [1004.54925537, -453.785186768, 126.857330322, 129.280487061, 61.2917098999, 162.536300659, 36.1970825195, 155.535095215, 23.9929485321, 83.8834838867, -16.8350906372, 55.6421012878, -30.1684513092], [-229.650405884, 162.680755615, -14.6908779144, 28.4550800323, 15.9568061829, -5.23167181015, 51.9030227661, 23.9929485321, 99.6884460449, 27.6884918213, 51.2439804077, 1.39646112919, 33.5185203552], [653.426574707, -325.547485352, 64.9630966187, 97.2037887573, 29.4859409332, 98.4545593262, 11.6463060379, 83.8834838867, 27.6884918213, 97.6910858154, 8.39977550507, 48.7562828064, -20.1115570068], [-338.144378662, 240.582931519, -60.3139343262, -13.5453338623, 1.71575045586, -28.9147014618, 38.9921569824, -16.8350906372, 51.2439804077, 8.39977550507, 78.5336456299, 9.48415374756, 44.4648399353], [571.455627441, -264.606506348, 51.6570701599, 69.8218383789, 16.0088977814, 87.5640106201, 8.63617897034, 55.6421012878, 1.39646112919, 48.7562828064, 9.48415374756, 70.1626358032, 3.87214875221], [-420.769470215, 266.977355957, -54.7837562561, -11.9273262024, -8.71606063843, -36.4472885132, 27.3956127167, -30.1684513092, 33.5185203552, -20.1115570068, 44.4648399353, 3.87214875221, 70.5102996826]],
        "icov": [[0.000174729677383, 0.000208498211578, 0.000145250931382, -0.000142813878483, -0.000122884099255, -0.000212972052395, -0.000178413058165, -0.000185762866749, 0.000219641180593, 8.12097641756e-05, -4.859184628e-05, -0.000201973409276, 0.000166993428138], [0.000208498211578, 0.00207720743492, 0.00044249612256, 4.49516155641e-05, -0.000881822372321, 0.00115463731345, -0.00139497430064, 0.000929298927076, -0.000573195575271, 0.00196454999968, -0.00252766930498, 0.00309064984322, -0.00258491374552], [0.000145250931382, 0.00044249612256, 0.00224853958935, -0.000769419246353, -0.00235557905398, -0.000132175919134, 0.00119626405649, -0.000352561793989, -0.000608967035078, 0.00119405670557, 0.000381460733479, -0.000452103762655, 0.000247405347181], [-0.000142813878483, 4.49516155641e-05, -0.000769419246353, 0.00430446770042, 0.000555865466595, -0.00337273487821, -0.000481477443827, 0.00191665615421, -0.00152817799244, -0.00187530356925, 0.000976677751169, 0.00155304430518, -0.00206930446438], [-0.000122884099255, -0.000881822372321, -0.00235557905398, 0.000555865466595, 0.0103741455823, -0.000415800546762, -0.00392475770786, -0.0022926852107, 0.00176554056816, -0.00190927437507, -0.000127791252453, 0.000555094040465, 0.0011470739264], [-0.000212972052395, 0.00115463731345, -0.000132175919134, -0.00337273487821, -0.000415800546762, 0.010806853883, -0.00298928422853, -0.00385666685179, 0.00238649267703, 0.00150689273141, -0.0015233126469, -0.00125959282741, -0.00094479136169], [-0.000178413058165, -0.00139497430064, 0.00119626405649, -0.000481477443827, -0.00392475770786, -0.00298928422853, 0.0188391078264, -0.00544558605179, -0.0047380849719, 0.00453754561022, -0.00443107867613, -2.83535373455e-05, -0.000272257748293], [-0.000185762866749, 0.000929298927076, -0.000352561793989, 0.00191665615421, -0.0022926852107, -0.00385666685179, -0.00544558605179, 0.0240218155086, -0.00792448315769, -0.0083803832531, 0.00854045338929, -0.00494652288035, 0.00180252967402], [0.000219641180593, -0.000573195575271, -0.000608967035078, -0.00152817799244, 0.00176554056816, 0.00238649267703, -0.0047380849719, -0.00792448315769, 0.0257719252259, -0.00952166412026, -0.00963270477951, 0.00928327906877, -0.00675076944754], [8.12097641756e-05, 0.00196454999968, 0.00119405670557, -0.00187530356925, -0.00190927437507, 0.00150689273141, 0.00453754561022, -0.0083803832531, -0.00952166412026, 0.0336918048561, -0.0104419440031, -0.00999299809337, 0.0101207494736], [-4.859184628e-05, -0.00252766930498, 0.000381460733479, 0.000976677751169, -0.000127791252453, -0.0015233126469, -0.00443107867613, 0.00854045338929, -0.00963270477951, -0.0104419440031, 0.0367912761867, -0.0118461418897, -0.00663500884548], [-0.000201973409276, 0.00309064984322, -0.000452103762655, 0.00155304430518, 0.000555094040465, -0.00125959282741, -2.83535373455e-05, -0.00494652288035, 0.00928327906877, -0.00999299809337, -0.0118461418897, 0.0410517342389, -0.0177313517779], [0.000166993428138, -0.00258491374552, 0.000247405347181, -0.00206930446438, 0.0011470739264, -0.00094479136169, -0.000272257748293, 0.00180252967402, -0.00675076944754, 0.0101207494736, -0.00663500884548, -0.0177313517779, 0.0365926064551]]
    },
    "melbands": {
        "dmean": [0.00418358575553, 0.00283243274316, 0.00238318461925, 0.000990116852336, 0.000389562483178, 0.000201799426577, 0.000132174114697, 7.65029108152e-05, 5.9042704379e-05, 4.27487866546e-05, 3.73304610548e-05, 3.76173229597e-05, 3.01325671899e-05, 2.85763399006e-05, 2.405594023e-05, 2.33205282711e-05, 1.85815624718e-05, 1.7728212697e-05, 1.50488822328e-05, 1.00521647255e-05, 1.24355728985e-05, 1.12909756353e-05, 1.03970069176e-05, 1.00741817732e-05, 9.5561163107e-06, 9.36808373808e-06, 9.02033661987e-06, 9.05761407921e-06, 7.42608790461e-06, 7.06315950083e-06, 7.83230279922e-06, 8.80141760717e-06, 8.90191040526e-06, 9.9367052826e-06, 1.00754723462e-05, 8.0678746599e-06, 8.48176659929e-06, 8.58907424117e-06, 6.8421686592e-06, 6.89827220413e-06],
        "dmean2": [0.00670445244759, 0.00487321661785, 0.004299598746, 0.00154963985551, 0.000617369776592, 0.000334910582751, 0.000215676540392, 0.000121365330415, 9.33514893404e-05, 6.76021154504e-05, 5.95159872319e-05, 6.02589825576e-05, 4.82951509184e-05, 4.60304290755e-05, 3.85548519262e-05, 3.71509595425e-05, 2.99106286548e-05, 2.89010986307e-05, 2.50443517871e-05, 1.69076374732e-05, 2.10549642361e-05, 1.89257698366e-05, 1.74451670318e-05, 1.69697559613e-05, 1.60159306688e-05, 1.56592159328e-05, 1.49814841279e-05, 1.53630535351e-05, 1.23073232317e-05, 1.16409828479e-05, 1.263831291e-05, 1.40804577313e-05, 1.40852944241e-05, 1.59169612743e-05, 1.52746943058e-05, 1.27445937324e-05, 1.27438788695e-05, 1.22461324281e-05, 9.82145411399e-06, 1.02907133623e-05],
        "dvar": [2.4684559321e-05, 2.05490359804e-05, 2.83947374555e-05, 2.32082720686e-06, 3.5659300579e-07, 1.40498514156e-07, 4.37260965214e-08, 1.10362483596e-08, 6.56620846584e-09, 3.42580741552e-09, 2.50981879724e-09, 2.94544277857e-09, 1.8140330349e-09, 2.04962802286e-09, 1.19811061072e-09, 1.3904789542e-09, 6.38375019513e-10, 5.73612712884e-10, 4.22569895742e-10, 1.87978452248e-10, 3.04459596423e-10, 2.37316860607e-10, 1.80391271365e-10, 1.77396444756e-10, 1.60121749193e-10, 1.69881053669e-10, 1.44990311424e-10, 1.3623585593e-10, 8.66093308183e-11, 7.96964855221e-11, 1.18832638174e-10, 1.62005700521e-10, 1.53704562966e-10, 2.68489314115e-10, 2.72969535864e-10, 1.95357299781e-10, 1.8989632089e-10, 2.51349607794e-10, 1.32078251114e-10, 1.42682615722e-10],
        "dvar2": [6.39861536911e-05, 5.49092292204e-05, 8.06522584753e-05, 5.1515389714e-06, 9.02653368939e-07, 3.93040892277e-07, 1.1545112244e-07, 2.71471094493e-08, 1.55726151974e-08, 8.15705192281e-09, 5.99669647272e-09, 7.21211312893e-09, 4.42034497894e-09, 4.93923568712e-09, 2.8010795905e-09, 3.45882922304e-09, 1.57635005049e-09, 1.46606382589e-09, 1.10094922068e-09, 4.89750073829e-10, 8.11810563217e-10, 6.16249107299e-10, 4.68915906104e-10, 4.61196941748e-10, 4.17056500446e-10, 4.41579606214e-10, 3.7608191561e-10, 3.60210083983e-10, 2.21378984588e-10, 2.00932562255e-10, 2.70126837565e-10, 3.7442587919e-10, 3.26561278019e-10, 6.20762552472e-10, 5.55539725333e-10, 4.78641515311e-10, 3.94328319997e-10, 4.11961798008e-10, 2.12066822436e-10, 2.6157570554e-10],
        "max": [0.0508499927819, 0.061313405633, 0.0458467304707, 0.0294430796057, 0.0126361735165, 0.00480820098892, 0.0023141046986, 0.00131758593488, 0.0013318270212, 0.000853351666592, 0.00077581696678, 0.00160995637998, 0.000661472848151, 0.00187266792636, 0.00110948935617, 0.00119204109069, 0.000321247469401, 0.000390949571738, 0.00024564989144, 0.000186465025763, 0.000178965128725, 0.000182407689863, 0.000181813462405, 0.000151801927132, 0.000142205506563, 0.000281293090666, 0.000174158543814, 0.000126558414195, 0.000155960340635, 0.000128475949168, 0.000178174072062, 0.000154757290147, 0.000114902592031, 0.000170134560904, 0.000170971441548, 0.000176713336259, 0.000163849806995, 0.000209016128792, 0.000132272019982, 0.000144300924148],
        "mean": [0.00749426102266, 0.00494542298838, 0.00278432713822, 0.00171748828143, 0.000707870989572, 0.000328548048856, 0.000223212802666, 0.000135347072501, 0.00010260639101, 7.54154170863e-05, 6.53977622278e-05, 6.5115345933e-05, 5.24050847162e-05, 4.86821772938e-05, 4.312310557e-05, 4.07070801884e-05, 3.23408639815e-05, 3.02230364468e-05, 2.44555449171e-05, 1.68636834132e-05, 2.05404794542e-05, 1.94808762899e-05, 1.82753501576e-05, 1.7335272787e-05, 1.68959795701e-05, 1.67056368809e-05, 1.64096072695e-05, 1.6415526261e-05, 1.41560640259e-05, 1.3377913092e-05, 1.39249641506e-05, 1.46347574628e-05, 1.50249989019e-05, 1.58683615155e-05, 1.78215013875e-05, 1.5152450942e-05, 1.45112308019e-05, 1.38764944495e-05, 1.18150574053e-05, 1.09530410555e-05],
        "median": [0.00545667670667, 0.00230714865029, 0.00135595072061, 0.00095827615587, 0.000478727044538, 0.000218369474169, 0.000148163278936, 9.28977897274e-05, 6.91363457008e-05, 5.12183723913e-05, 4.44937068096e-05, 4.2798499635e-05, 3.54410476575e-05, 3.21501647704e-05, 2.7895133826e-05, 2.4749455406e-05, 2.17198448809e-05, 2.06004751817e-05, 1.70719176822e-05, 1.25615442812e-05, 1.41746741065e-05, 1.33644016387e-05, 1.31173474074e-05, 1.22198989629e-05, 1.20013583e-05, 1.23885329231e-05, 1.25871210912e-05, 1.28892506837e-05, 1.15583397928e-05, 1.12174457172e-05, 1.06683237391e-05, 1.01224986793e-05, 9.83527206699e-06, 9.22556682781e-06, 9.3109692898e-06, 7.80047594162e-06, 7.0276569204e-06, 5.5409077504e-06, 5.54012831344e-06, 5.49359901925e-06],
        "min": [4.61210557463e-23, 3.67361795053e-23, 6.44067418777e-24, 7.1900269667e-24, 9.62646094894e-24, 4.98346705225e-24, 7.19009244216e-24, 1.43332571268e-23, 1.84703450586e-23, 1.23179352396e-23, 4.48703964561e-24, 1.2365804897e-23, 1.28557435283e-23, 1.85731099688e-23, 1.04201244394e-23, 8.61272025433e-24, 8.04395075281e-24, 1.04443574575e-23, 1.10991388301e-23, 1.309643919e-23, 8.5104901919e-24, 8.16130170107e-24, 7.43723073085e-24, 1.49814436222e-23, 7.98191630894e-24, 8.89517742347e-24, 7.32307466926e-24, 1.66759957327e-23, 1.07230383495e-23, 1.04268155576e-23, 9.15660040544e-24, 6.05319359973e-24, 7.63228763372e-24, 1.35820154204e-23, 1.03867398458e-23, 9.04184165411e-24, 7.26635241473e-24, 6.73356759226e-24, 1.08170003608e-23, 9.12125864802e-24],
        "var": [5.5135358707e-05, 5.26205876668e-05, 2.1466799808e-05, 4.92206163472e-06, 5.96945938014e-07, 1.51308881868e-07, 6.22266398409e-08, 1.96757810045e-08, 1.28006441003e-08, 6.77291378537e-09, 5.12336217895e-09, 6.43215569696e-09, 3.44351480663e-09, 3.65521790613e-09, 2.78752287919e-09, 2.89952950538e-09, 1.23588839163e-09, 1.0359596514e-09, 6.5095762114e-10, 2.80784756557e-10, 4.6130238518e-10, 4.11363554331e-10, 3.33995581192e-10, 3.13412906738e-10, 2.86337981104e-10, 2.89809481968e-10, 2.49781834105e-10, 2.31207747392e-10, 1.79160283831e-10, 1.5311057977e-10, 2.01740540939e-10, 2.61431737369e-10, 2.95539120954e-10, 4.18119205925e-10, 5.86427517657e-10, 4.51660403522e-10, 4.14908135626e-10, 6.01994287752e-10, 3.52994300457e-10, 3.08254255454e-10]
    },
    "mfcc": {
        "mean": [-605.384094238, 90.3236999512, 35.0293502808, 26.9941272736, 11.8575878143, 11.9230184555, 4.80230236053, 3.6331589222, -1.36534333229, 1.2191157341, -0.510511875153, 0.0803332552314, -0.40507465601],
        "cov": [[12887.8388672, -3296.38598633, -8.40683364868, 364.073272705, 510.567962646, 785.261779785, 602.775085449, 599.729003906, 343.504272461, 366.433807373, 273.96105957, 187.147918701, 107.230644226], [-3296.38598633, 2216.11938477, -323.850463867, -121.438720703, -254.985015869, -294.554412842, -152.274383545, -184.993606567, -103.400421143, -130.163299561, -102.798980713, -47.6860923767, -22.8368930817], [-8.40683364868, -323.850463867, 541.825073242, 125.774703979, 179.259780884, 102.660041809, 50.0890464783, 54.664478302, 40.9876785278, 29.0812206268, 18.8432750702, -1.11801767349, 3.86447954178], [364.073272705, -121.438720703, 125.774703979, 233.902908325, 88.8835220337, 100.408294678, 48.1625137329, 48.9673538208, 47.9740028381, 41.2885322571, 31.4809684753, 25.2121238708, 22.6564559937], [510.567962646, -254.985015869, 179.259780884, 88.8835220337, 185.574707031, 94.2444152832, 71.9922790527, 59.7373847961, 48.5998725891, 42.6475639343, 33.0909767151, 16.3648166656, 12.2525138855], [785.261779785, -294.554412842, 102.660041809, 100.408294678, 94.2444152832, 169.205490112, 87.6308059692, 80.0858688354, 49.7669181824, 43.1045799255, 30.2723846436, 28.0772476196, 21.3866539001], [602.775085449, -152.274383545, 50.0890464783, 48.1625137329, 71.9922790527, 87.6308059692, 111.354034424, 73.1395339966, 44.864074707, 31.123342514, 25.0198936462, 19.3402767181, 15.6376781464], [599.729003906, -184.993606567, 54.664478302, 48.9673538208, 59.7373847961, 80.0858688354, 73.1395339966, 98.0523300171, 56.3564491272, 42.8723831177, 28.9238147736, 21.8604774475, 19.7650032043], [343.504272461, -103.400421143, 40.9876785278, 47.9740028381, 48.5998725891, 49.7669181824, 44.864074707, 56.3564491272, 71.607460022, 46.7853851318, 30.6026649475, 20.0084381104, 17.786151886], [366.433807373, -130.163299561, 29.0812206268, 41.2885322571, 42.6475639343, 43.1045799255, 31.123342514, 42.8723831177, 46.7853851318, 68.2110366821, 44.9481773376, 26.1609840393, 20.6493206024], [273.96105957, -102.798980713, 18.8432750702, 31.4809684753, 33.0909767151, 30.2723846436, 25.0198936462, 28.9238147736, 30.6026649475, 44.9481773376, 59.9388198853, 32.2587776184, 20.9673671722], [187.147918701, -47.6860923767, -1.11801767349, 25.2121238708, 16.3648166656, 28.0772476196, 19.3402767181, 21.8604774475, 20.0084381104, 26.1609840393, 32.2587776184, 46.1661338806, 27.111700058], [107.230644226, -22.8368930817, 3.86447954178, 22.6564559937, 12.2525138855, 21.3866539001, 15.6376781464, 19.7650032043, 17.786151886, 20.6493206024, 20.9673671722, 27.111700058, 43.0233955383]],
