{
"lowlevel": {
    "average_loudness": 0.982131421566,
    "barkbands_crest": {
        "dmean": 3.0650844574,
        "dmean2": 5.18799591064,
        "dvar": 8.15376663208,
        "dvar2": 24.5400867462,
        "max": 25.3452606201,
        "mean": 9.57442760468,
        "median": 8.93961715698,
        "min": 2.24696350098,
        "var": 15.4084157944
    },
    "barkbands_flatness_db": {
        "dmean": 0.0220148935914,
        "dmean2": 0.0373360179365,
        "dvar": 0.000542465306353,
        "dvar2": 0.00155709311366,
        "max": 0.553434729576,
        "mean": 0.121263422072,
        "median": 0.0739631205797,
        "min": 0.0118684554473,
        "var": 0.014246661216
    },
    "barkbands_kurtosis": {
        "dmean": 2.31634831429,
        "dmean2": 3.97448253632,
        "dvar": 36.2578430176,
        "dvar2": 100.915977478,
        "max": 118.38319397,
        "mean": 2.00140714645,
        "median": 0.496659755707,
        "min": -1.72609448433,
        "var": 40.8639297485
    },
    "barkbands_skewness": {
        "dmean": 0.515531480312,
        "dmean2": 0.85108435154,
        "dvar": 0.344384461641,
        "dvar2": 0.937994599342,
        "max": 8.59210586548,
        "mean": 1.21642029285,
        "median": 1.10387635231,
        "min": -1.88690268993,
        "var": 0.820847868919
    },
    "barkbands_spread": {
        "dmean": 8.05898571014,
        "dmean2": 13.0035476685,
        "dvar": 82.5697174072,
        "dvar2": 205.557891846,
        "max": 101.992362976,
        "mean": 35.0267906189,
        "median": 36.6775131226,
        "min": 0.278921157122,
        "var": 424.506744385
    },
    "dissonance": {
        "dmean": 0.0177756808698,
        "dmean2": 0.0298264939338,
        "dvar": 0.000618398713414,
        "dvar2": 0.00167300691828,
        "max": 0.500000059605,
        "mean": 0.459514558315,
        "median": 0.47861969471,
        "min": 0.102540805936,
        "var": 0.00290297158062
    },
    "dynamic_complexity": 1.17539870739,
    "erbbands_crest": {
        "dmean": 2.13368201256,
        "dmean2": 3.44149756432,
        "dvar": 5.15008687973,
        "dvar2": 12.1380958557,
        "max": 32.5637779236,
        "mean": 7.5791759491,
        "median": 6.12465858459,
        "min": 2.04942178726,
        "var": 20.6259708405
    },
    "erbbands_flatness_db": {
        "dmean": 0.0129961986095,
        "dmean2": 0.0194402616471,
        "dvar": 0.000230892153922,
        "dvar2": 0.000548894691747,
        "max": 0.56137996912,
        "mean": 0.143701717257,
        "median": 0.0978124663234,
        "min": 0.0326600149274,
        "var": 0.0135234482586
    },
    "erbbands_kurtosis": {
        "dmean": 0.677682876587,
        "dmean2": 1.07613372803,
        "dvar": 2.53363585472,
        "dvar2": 6.22946691513,
        "max": 67.3502960205,
        "mean": 0.0176914017648,
        "median": -0.564944982529,
        "min": -1.80065143108,
        "var": 4.5378203392
    },
    "erbbands_skewness": {
        "dmean": 0.30082949996,
        "dmean2": 0.462625205517,
        "dvar": 0.0989460945129,
        "dvar2": 0.228828877211,
        "max": 5.85078954697,
        "mean": 0.270932912827,
        "median": 0.215159267187,
        "min": -1.88402676582,
        "var": 0.369067519903
    },
    "erbbands_spread": {
        "dmean": 7.52275466919,
        "dmean2": 11.3613014221,
        "dvar": 67.1529846191,
        "dvar2": 156.17024231,
        "max": 160.158508301,
        "mean": 45.1076393127,
        "median": 48.4118156433,
        "min": 0.758971333504,
        "var": 481.158294678
    },
    "hfc": {
        "dmean": 13.612994194,
        "dmean2": 20.5945854187,
        "dvar": 306.744842529,
        "dvar2": 729.813293457,
        "max": 220.75592041,
        "mean": 51.4134674072,
        "median": 47.5386276245,
        "min": 6.75021150087e-10,
        "var": 999.56237793
    },
    "melbands_crest": {
        "dmean": 4.79881858826,
        "dmean2": 7.8217587471,
        "dvar": 17.2005119324,
        "dvar2": 44.5935974121,
        "max": 33.6898078918,
        "mean": 15.9455680847,
        "median": 15.2870178223,
        "min": 3.10674452782,
        "var": 33.2526321411
    },
    "melbands_flatness_db": {
        "dmean": 0.0296192988753,
        "dmean2": 0.0494959503412,
        "dvar": 0.000886500463821,
        "dvar2": 0.0025319235865,
        "max": 0.651535391808,
        "mean": 0.196858018637,
        "median": 0.15081821382,
        "min": 0.0211723819375,
        "var": 0.0167317539454
    },
    "melbands_kurtosis": {
        "dmean": 6.65053987503,
        "dmean2": 11.4538650513,
        "dvar": 202.867218018,
        "dvar2": 573.854980469,
        "max": 251.584762573,
        "mean": 10.0951309204,
        "median": 6.62383651733,
        "min": -1.63620662689,
        "var": 223.273162842
    },
    "melbands_skewness": {
        "dmean": 0.747956633568,
        "dmean2": 1.23705172539,
        "dvar": 0.754982173443,
        "dvar2": 2.08006739616,
        "max": 12.8814954758,
        "mean": 2.41275930405,
        "median": 2.31641483307,
        "min": -2.22477865219,
        "var": 1.87147939205
    },
    "melbands_spread": {
        "dmean": 9.02451705933,
        "dmean2": 15.0243110657,
        "dvar": 100.482055664,
        "dvar2": 273.766113281,
        "max": 141.372680664,
        "mean": 29.1013202667,
        "median": 25.7592086792,
        "min": 0.505158126354,
        "var": 355.791687012
    },
    "pitch_salience": {
        "dmean": 0.0850562006235,
        "dmean2": 0.138826265931,
        "dvar": 0.00562742631882,
        "dvar2": 0.0155146988109,
        "max": 0.917628884315,
        "mean": 0.557549059391,
        "median": 0.564905762672,
        "min": 0.121752016246,
        "var": 0.0129709625617
    },
    "silence_rate_20dB": {
        "dmean": 0,
        "dmean2": 0,
        "dvar": 0,
        "dvar2": 0,
        "max": 1,
        "mean": 1,
        "median": 1,
        "min": 1,
        "var": 0
    },
    "silence_rate_30dB": {
        "dmean": 0,
        "dmean2": 0,
        "dvar": 0,
        "dvar2": 0,
        "max": 1,
        "mean": 1,
        "median": 1,
        "min": 1,
        "var": 0
    },
    "silence_rate_60dB": {
        "dmean": 0.000889382965397,
        "dmean2": 0.00177896372043,
        "dvar": 0.000888519512955,
        "dvar2": 0.00244295783341,
        "max": 1,
        "mean": 0.0160071142018,
        "median": 0,
        "min": 0,
        "var": 0.0157502405345
    },
    "spectral_centroid": {
        "dmean": 292.50793457,
        "dmean2": 464.478485107,
        "dvar": 106523.140625,
        "dvar2": 238826.96875,
        "max": 3623.51342773,
        "mean": 1608.42932129,
        "median": 1633.29492188,
        "min": 154.494827271,
        "var": 621808
    },
    "spectral_complexity": {
        "dmean": 4.74863815308,
        "dmean2": 7.47698450089,
        "dvar": 21.9632797241,
        "dvar2": 51.6879959106,
        "max": 61,
        "mean": 29.4061813354,
        "median": 30,
        "min": 0,
        "var": 149.537994385
    },
    "spectral_decrease": {
        "dmean": 3.08281355998e-09,
        "dmean2": 5.03567010313e-09,
        "dvar": 8.0082564562e-18,
        "dvar2": 2.48358149961e-17,
        "max": -3.16158123641e-21,
        "mean": -1.10068656411e-08,
        "median": -1.09470237319e-08,
        "min": -3.25970503923e-08,
        "var": 1.4222272137e-17
    },
    "spectral_energy": {
        "dmean": 0.011986724101,
        "dmean2": 0.019404809922,
        "dvar": 0.000116903451271,
        "dvar2": 0.00035831349669,
        "max": 0.124000452459,
        "mean": 0.0462058447301,
        "median": 0.0463224537671,
        "min": 7.31589065044e-14,
        "var": 0.000227571465075
    },
    "spectral_energyband_high": {
        "dmean": 0.00137144571636,
        "dmean2": 0.0020584797021,
        "dvar": 3.12402767122e-06,
        "dvar2": 7.04998410583e-06,
        "max": 0.0177701991051,
        "mean": 0.00400504423305,
        "median": 0.00341955781914,
        "min": 5.29870235416e-14,
        "var": 1.2356786101e-05
    },
    "spectral_energyband_low": {
        "dmean": 0.00987759325653,
        "dmean2": 0.0163488257676,
        "dvar": 0.000117066898383,
        "dvar2": 0.000367100961739,
        "max": 0.119704201818,
        "mean": 0.01680492796,
        "median": 0.0148199051619,
        "min": 2.04415752886e-15,
        "var": 0.000181486277143
    },
    "spectral_energyband_middle_high": {
        "dmean": 0.00241429614834,
        "dmean2": 0.00374641478993,
        "dvar": 7.29889688955e-06,
        "dvar2": 1.69708146132e-05,
        "max": 0.0482933670282,
        "mean": 0.00802801921964,
        "median": 0.00700596813112,
        "min": 1.05598428629e-14,
        "var": 3.05565736198e-05
    },
    "spectral_energyband_middle_low": {
        "dmean": 0.00606474326923,
        "dmean2": 0.00987418927252,
        "dvar": 5.51184311917e-05,
        "dvar2": 0.000136421949719,
        "max": 0.0919304341078,
        "mean": 0.0186394434422,
        "median": 0.0160645283759,
        "min": 6.89846332727e-15,
        "var": 0.000138886811328
    },
    "spectral_entropy": {
        "dmean": 0.148715078831,
        "dmean2": 0.233930498362,
        "dvar": 0.0378925874829,
        "dvar2": 0.0998063087463,
        "max": 8.83357715607,
        "mean": 7.66480398178,
        "median": 8.0326499939,
        "min": 4.33796930313,
        "var": 0.898995399475
    },
    "spectral_flux": {
        "dmean": 0.027383543551,
        "dmean2": 0.0427587665617,
        "dvar": 0.000682026380673,
        "dvar2": 0.00152886507567,
        "max": 0.316857606173,
        "mean": 0.115208037198,
        "median": 0.111920282245,
        "min": 0.000126415019622,
        "var": 0.00192420440726
    },
    "spectral_kurtosis": {
        "dmean": 5.87123727798,
        "dmean2": 10.0998744965,
        "dvar": 369.488433838,
        "dvar2": 1084.12109375,
        "max": 455.301025391,
        "mean": 22.8771495819,
        "median": 2.37885379791,
        "min": -0.901709794998,
        "var": 3564.72705078
    },
    "spectral_rms": {
        "dmean": 0.000871332769748,
        "dmean2": 0.00141187210102,
        "dvar": 6.01007400292e-07,
        "dvar2": 1.84070370324e-06,
        "max": 0.0109989112243,
        "mean": 0.00658625550568,
        "median": 0.0067225471139,
        "min": 8.44834602276e-09,
        "var": 1.69984730292e-06
    },
    "spectral_rolloff": {
        "dmean": 1017.4107666,
        "dmean2": 1738.03894043,
        "dvar": 1984368.125,
        "dvar2": 5069460.5,
        "max": 16623.6328125,
        "mean": 2213.25830078,
        "median": 1485.79101562,
        "min": 64.599609375,
        "var": 3606114
    },
    "spectral_skewness": {
        "dmean": 0.349405914545,
        "dmean2": 0.58277964592,
        "dvar": 0.589490115643,
        "dvar2": 1.71979665756,
        "max": 18.02186203,
        "mean": 2.40034842491,
        "median": 1.31461596489,
        "min": 0.476400703192,
        "var": 8.43942737579
    },
    "spectral_spread": {
        "dmean": 527444.0625,
        "dmean2": 781935.75,
        "dvar": 392033402880,
        "dvar2": 782010875904,
        "max": 15064785,
        "mean": 5627958.5,
        "median": 6262182,
        "min": 186115.421875,
        "var": 5.50542403174e+12
    },
    "spectral_strongpeak": {
        "dmean": 0.642717659473,
        "dmean2": 1.16077756882,
        "dvar": 2.0062828064,
        "dvar2": 5.2599272728,
        "max": 16.2068843842,
        "mean": 0.930733859539,
        "median": 0.378398537636,
        "min": 0,
        "var": 2.11593270302
    },
    "zerocrossingrate": {
        "dmean": 0.0130148259923,
        "dmean2": 0.0164038930088,
        "dvar": 0.000191734769032,
        "dvar2": 0.000273311277851,
        "max": 0.53271484375,
        "mean": 0.0885931923985,
        "median": 0.09521484375,
        "min": 0.0048828125,
        "var": 0.00201066071168
    },
    "barkbands": {
        "dmean": [0.00130114727654, 0.00806881580502, 0.00171831576154, 0.00253471941687, 0.0029709993396, 0.00167091644835, 0.00178018608131, 0.000898601138033, 0.00100738590118, 0.000728385522962, 0.000418377108872, 0.000796963460743, 0.000402699108236, 0.000605722947512, 0.000369893969037, 0.00028183448012, 0.000223431372433, 0.000198845125851, 0.000231546451687, 0.000299379462376, 0.000411736109527, 0.000358444667654, 0.000266645656666, 0.000272733770544, 0.000196037872229, 0.000246208102908, 6.25726024737e-05],
        "dmean2": [0.00178020435851, 0.0129497023299, 0.00290536810644, 0.00448807142675, 0.00513292429969, 0.00272519048303, 0.00286224740557, 0.00135739566758, 0.0015279201325, 0.00111371418461, 0.000665291503537, 0.00118899729569, 0.000637732562609, 0.000957203039434, 0.000562514003832, 0.000441463809693, 0.000367937056581, 0.000325798318954, 0.000368367240299, 0.000493060040753, 0.000648197485134, 0.000572323682718, 0.00042042529094, 0.000429936131695, 0.000308352522552, 0.000394490518374, 0.00010097467748],
        "dvar": [2.69425117949e-06, 0.000102587058791, 1.30648113554e-05, 3.55917763954e-05, 2.98312534142e-05, 6.61388048684e-06, 8.92362550076e-06, 2.64159643848e-06, 2.39307837546e-06, 1.13265889468e-06, 3.72349802547e-07, 2.15672844206e-06, 5.77544540192e-07, 1.87500529591e-06, 1.07932191895e-06, 3.39799044013e-07, 1.38342755918e-07, 8.08448987755e-08, 1.34978861865e-07, 2.25187875458e-07, 3.95820620724e-07, 2.68836913619e-07, 1.49212183942e-07, 1.37264592581e-07, 7.86606833003e-08, 4.39280739783e-07, 2.16215720883e-08],
        "dvar2": [5.00506848766e-06, 0.000297174236039, 3.58032739314e-05, 9.87227831502e-05, 8.19010965643e-05, 1.55171983351e-05, 2.1715708499e-05, 4.75798333355e-06, 4.62256684841e-06, 2.28273393077e-06, 7.5527628951e-07, 3.96311452278e-06, 1.23296524634e-06, 4.27285749538e-06, 1.74067417902e-06, 7.20722312053e-07, 3.42490125149e-07, 2.05826836464e-07, 3.26465283251e-07, 5.26205212736e-07, 9.3991269523e-07, 6.40619646219e-07, 3.83940346182e-07, 3.22470668834e-07, 2.00666093519e-07, 1.06563902591e-06, 5.27562704633e-08],
        "max": [0.015310741961, 0.113976426423, 0.0370471253991, 0.0611723959446, 0.0585492774844, 0.0578044056892, 0.0823571607471, 0.06041604653, 0.0497418045998, 0.0295755472034, 0.0234696418047, 0.0347175858915, 0.0213134624064, 0.036568261683, 0.0410821028054, 0.0217796508223, 0.00969955231994, 0.00734698027372, 0.0102755231783, 0.0102434987202, 0.00884402729571, 0.0081425504759, 0.00752867013216, 0.00478329090402, 0.00582608720288, 0.0097149182111, 0.00232945010066],
        "mean": [0.00203228322789, 0.01142794732, 0.00217812065966, 0.00266609410755, 0.00466803833842, 0.00336991040967, 0.00361530971713, 0.00192234071437, 0.0022226262372, 0.00133865105454, 0.000747715006582, 0.00150202226359, 0.00073259457713, 0.00106080761179, 0.000661346479319, 0.000519941619132, 0.000401058525313, 0.000379356235499, 0.000473257707199, 0.00057986920001, 0.000846054463182, 0.000774011190515, 0.000603790394962, 0.000594315002672, 0.000417586241383, 0.000373611983377, 9.71043627942e-05],
        "median": [0.00101355137303, 0.00809190422297, 0.00088619365124, 0.000874723424204, 0.00265141902491, 0.00205414230004, 0.00189587124623, 0.00104548409581, 0.00143865449354, 0.000829831755254, 0.000503194401972, 0.000675473071169, 0.000461520190584, 0.000468480691779, 0.000340963131748, 0.000308575981762, 0.000276684586424, 0.000294855795801, 0.000334135722369, 0.000381434394512, 0.000530397053808, 0.000488900812343, 0.000441921933088, 0.00042608845979, 0.000281014479697, 0.000221672496991, 5.67203314858e-05],
        "min": [8.15758796776e-16, 1.00665355331e-15, 4.52760656708e-16, 3.54650842131e-16, 1.39638421201e-15, 1.60843065178e-15, 9.98995740189e-16, 1.86876093417e-15, 5.93880951462e-16, 5.47062475852e-16, 5.79616122537e-16, 4.92458496907e-16, 1.61117498559e-16, 7.88190944837e-16, 8.2141374755e-16, 1.59444529079e-15, 3.74737752019e-16, 2.51534628731e-15, 2.37962725696e-15, 1.67016516584e-15, 2.47692593161e-15, 4.66710156443e-15, 3.04480223044e-15, 5.74092885386e-15, 7.67466822651e-15, 1.33766034951e-14, 1.49711785937e-14],
        "var": [6.25849497737e-06, 0.000136337446747, 1.30642765725e-05, 2.76125883829e-05, 3.43840038113e-05, 1.98713387363e-05, 2.88462524622e-05, 1.08345457193e-05, 9.20358706935e-06, 2.91747846859e-06, 1.08557640033e-06, 6.58215094518e-06, 1.33454750539e-06, 4.85603322886e-06, 3.26973349729e-06, 8.94697848253e-07, 2.85433344516e-07, 1.63666356912e-07, 3.10019203198e-07, 5.133048262e-07, 9.97235019895e-07, 7.85786369306e-07, 4.01499931968e-07, 3.99756004299e-07, 2.17005180048e-07, 4.55868416793e-07, 2.5433077866e-08]
    },
    "erbbands": {
        "dmean": [0.383386641741, 1.27584457397, 1.55028712749, 5.8857755661, 9.62884521484, 9.53382301331, 11.2123994827, 15.0299215317, 25.4230823517, 22.2561950684, 18.7163391113, 20.2011318207, 22.085975647, 18.4921512604, 18.0157775879, 25.8848743439, 18.2232952118, 23.4101524353, 22.6299781799, 16.6905078888, 15.8877134323, 13.7541723251, 10.4798192978, 11.7891120911, 11.6100349426, 12.7603816986, 16.0434474945, 15.7419366837, 13.3703460693, 11.1904726028, 7.03105401993, 6.38753604889, 4.38385057449, 2.398832798, 1.5485098362, 1.17215561867, 0.425888061523, 0.11487505585, 0.010000991635, 0.000149834319018],
        "dmean2": [0.578605651855, 2.18088102341, 2.62226104736, 10.4100341797, 16.620475769, 16.5869445801, 18.2614402771, 24.0699329376, 41.0314483643, 34.9447822571, 28.0884742737, 31.2719097137, 33.0388908386, 28.9334087372, 27.8348484039, 39.6439552307, 28.7926769257, 37.1582145691, 35.5948448181, 25.6731452942, 24.6440639496, 22.5750923157, 17.4442939758, 19.1777935028, 18.618888855, 20.9871864319, 25.6299915314, 25.0466079712, 21.5804786682, 17.5625686646, 11.0626220703, 10.3096990585, 6.92216968536, 3.85289669037, 2.45092058182, 1.89112114906, 0.683715760708, 0.183288425207, 0.0162391457707, 0.000239783723373],
        "dvar": [0.189248383045, 4.33804512024, 7.42680740356, 195.767242432, 390.193725586, 304.314910889, 309.716705322, 560.947998047, 2518.45141602, 1175.27966309, 1061.14733887, 887.298706055, 1055.14343262, 548.298217773, 699.071289062, 2119.10571289, 901.26550293, 2778.65649414, 2523.80419922, 1739.9510498, 1455.70983887, 603.74005127, 240.641189575, 333.381408691, 323.816162109, 355.631439209, 739.938720703, 713.997009277, 378.871063232, 312.192138672, 91.3304443359, 77.2264175415, 33.2748947144, 10.1568660736, 6.21196985245, 9.03199768066, 1.16580760479, 0.0859642624855, 0.00050562893739, 1.1315518833e-07],
        "dvar2": [0.466100394726, 12.4819660187, 20.3806056976, 541.610168457, 1047.84204102, 836.437744141, 695.233215332, 1240.61096191, 6161.69091797, 2536.04931641, 1920.20239258, 1878.81970215, 2008.90209961, 1161.74499512, 1323.72436523, 4213.55322266, 1957.28686523, 6009.95458984, 5762.64648438, 3017.34155273, 3008.16210938, 1476.44250488, 623.911010742, 828.120056152, 776.192138672, 848.686645508, 1765.32165527, 1686.74926758, 913.417236328, 751.674316406, 229.109176636, 192.125686646, 79.0699768066, 25.7884082794, 15.8741836548, 22.3495903015, 2.83118844032, 0.202694699168, 0.00123978883494, 2.73439582088e-07],
        "max": [3.83920288086, 27.7363853455, 29.6205787659, 135.077880859, 205.59375, 265.930877686, 420.225341797, 660.566467285, 1477.70825195, 1261.14428711, 1041.97216797, 1082.64575195, 1022.60241699, 900.990722656, 631.581787109, 899.05682373, 806.348937988, 2148.98339844, 1182.2298584, 1528.05383301, 1503.86083984, 680.047546387, 518.464599609, 511.294372559, 446.295806885, 476.357177734, 506.422668457, 512.340270996, 271.966918945, 350.519897461, 184.825546265, 89.459777832, 96.1559906006, 80.0856246948, 41.3139076233, 39.7879905701, 16.8259105682, 4.16508150101, 0.392061710358, 0.00503497291356],
        "mean": [0.564823567867, 1.62287998199, 2.39814949036, 6.3485789299, 12.6648664474, 14.0457382202, 22.0132884979, 31.2208271027, 50.3013916016, 46.6632919312, 43.8602561951, 44.6301498413, 46.6924743652, 37.8689155579, 36.8908424377, 49.8327865601, 36.9443130493, 45.401550293, 42.2909355164, 32.7337341309, 30.3343544006, 25.574382782, 20.5534515381, 24.4348506927, 24.5298957825, 26.2000999451, 31.327299118, 32.6351242065, 28.2788257599, 23.3795490265, 16.3807277679, 13.2769365311, 9.11531829834, 4.99660634995, 2.87988877296, 1.68368279934, 0.643220603466, 0.183238580823, 0.0154217118397, 0.000295103091048],
        "median": [0.370925188065, 1.10186982155, 1.2351436615, 2.52065658569, 5.14987707138, 7.50287532806, 12.4310884476, 18.6380023956, 26.1585865021, 27.7477607727, 26.0985183716, 29.7895298004, 31.2073974609, 28.0201644897, 23.2859420776, 25.5948791504, 23.8094139099, 23.4730224609, 22.6826114655, 19.7175178528, 18.1489200592, 17.6334762573, 16.5714492798, 18.5781173706, 18.1655082703, 19.035243988, 20.1550922394, 20.0091094971, 18.2783584595, 14.9360818863, 12.1187868118, 9.18987846375, 6.50151729584, 3.54427814484, 1.76116144657, 0.963567733765, 0.380785733461, 0.112889736891, 0.00870331935585, 0.000210074402275],
        "min": [4.02661268857e-14, 1.89762444582e-13, 4.96494121857e-13, 9.41232226707e-13, 1.95950872715e-12, 5.17906941291e-12, 1.13131509369e-11, 1.29125989415e-11, 1.09272053211e-11, 2.80393520902e-11, 3.89160995096e-11, 1.43191517671e-11, 9.55502517386e-12, 2.76503472896e-11, 1.7605687741e-11, 2.00005238066e-11, 8.12421224045e-12, 3.86494690419e-11, 2.83165609016e-11, 8.26530718867e-11, 5.92599858074e-11, 2.72204255664e-11, 9.35233557264e-11, 2.2158172519e-10, 4.01122156324e-11, 7.89966009274e-11, 1.19092485873e-10, 1.1236894748e-10, 1.88026608172e-10, 9.60452481436e-11, 8.85708936749e-11, 9.55793499902e-11, 1.08776508634e-10, 9.90341975093e-11, 5.24187741824e-11, 5.11506288714e-11, 2.44090355567e-11, 8.4931150654e-12, 2.35241708925e-12, 1.80264115267e-13],
        "var": [0.357704132795, 4.11774396896, 10.4830102921, 144.695388794, 393.796417236, 386.386077881, 990.580505371, 1705.75146484, 7133.80859375, 4065.13916016, 4304.11962891, 3052.70410156, 3441.42944336, 1508.32971191, 2285.13916016, 5858.83154297, 2439.58935547, 8589.56054688, 6063.71875, 5154.4140625, 3803.24365234, 1266.91687012, 442.803070068, 706.21472168, 763.20489502, 844.735412598, 1619.74633789, 1740.296875, 1009.66326904, 823.809020996, 283.811981201, 202.797195435, 92.9867019653, 29.9820327759, 12.4093160629, 9.28721141815, 1.23884248734, 0.0965005606413, 0.0006204341189, 1.38766466762e-07]
    },
    "gfcc": {
        "mean": [52.9692687988, 71.9129333496, -95.9583969116, 10.8814668655, -61.2332687378, 10.4634981155, -30.0401153564, 5.4042801857, -19.8438053131, 8.15577983856, -14.6983623505, 5.23539161682, -10.5067062378],
        "cov": [[14254.0673828, -6852.47705078, 438.466400146, 3841.02636719, 687.501586914, 2058.59570312, -135.610855103, 1218.74560547, -97.2012252808, 1162.10083008, -180.925674438, 731.434265137, -457.115600586], [-6852.47705078, 4826.26757812, -318.746582031, -2036.12475586, -216.228378296, -1187.86193848, 202.097488403, -705.356323242, 144.907073975, -694.341308594, 124.826194763, -510.21572876, 250.741744995], [438.466400146, -318.746582031, 473.163818359, 249.572479248, 91.3872833252, 165.288421631, 11.6140890121, 122.217399597, -12.5540523529, 75.1820220947, -24.8030338287, 53.7942123413, -26.8081912994], [3841.02636719, -2036.12475586, 249.572479248, 1461.61499023, 261.038146973, 742.891967773, 14.8477888107, 399.642150879, -25.5809192657, 358.261138916, -57.5623168945, 218.941436768, -143.17527771], [687.501586914, -216.228378296, 91.3872833252, 261.038146973, 229.312759399, 169.672775269, 52.9115486145, 91.6242294312, 32.6952781677, 73.1307449341, 0.968269705772, 39.0650177002, -24.3285217285], [2058.59570312, -1187.86193848, 165.288421631, 742.891967773, 169.672775269, 510.888153076, 41.5322647095, 249.356781006, 0.400318562984, 227.508117676, -7.33719158173, 145.011764526, -67.8959197998], [-135.610855103, 202.097488403, 11.6140890121, 14.8477888107, 52.9115486145, 41.5322647095, 134.476501465, 32.611114502, 59.9721641541, 4.99042320251, 35.5215682983, 0.30756765604, 13.9188947678], [1218.74560547, -705.356323242, 122.217399597, 399.642150879, 91.6242294312, 249.356781006, 32.611114502, 238.46887207, 42.2019462585, 162.156051636, 3.12487792969, 112.137481689, -22.4806346893], [-97.2012252808, 144.907073975, -12.5540523529, -25.5809192657, 32.6952781677, 0.400318562984, 59.9721641541, 42.2019462585, 112.366142273, 44.3082199097, 41.6404151917, 5.1666302681, 26.8030986786], [1162.10083008, -694.341308594, 75.1820220947, 358.261138916, 73.1307449341, 227.508117676, 4.99042320251, 162.156051636, 44.3082199097, 206.836624146, 33.6428909302, 109.17716217, -21.4226016998], [-180.925674438, 124.826194763, -24.8030338287, -57.5623168945, 0.968269705772, -7.33719158173, 35.5215682983, 3.12487792969, 41.6404151917, 33.6428909302, 84.5844650269, 34.4747924805, 31.3114471436], [731.434265137, -510.21572876, 53.7942123413, 218.941436768, 39.0650177002, 145.011764526, 0.30756765604, 112.137481689, 5.1666302681, 109.17716217, 34.4747924805, 136.224594116, 14.0075864792], [-457.115600586, 250.741744995, -26.8081912994, -143.17527771, -24.3285217285, -67.8959197998, 13.9188947678, -22.4806346893, 26.8030986786, -21.4226016998, 31.3114471436, 14.0075864792, 78.8825531006]],
        "icov": [[0.000374784489395, 0.000207573844818, 0.000250379816862, -0.000518938875757, -0.000270009652013, 9.06801215024e-05, 0.000141562559293, -0.000241609493969, 3.24170396198e-05, -0.000348003813997, 0.000208730140002, -0.00013569490693, 0.000391879497329], [0.000207573844818, 0.00164324906655, -0.000325350731146, -6.06475578024e-06, -0.00101013015956, 0.00148732739035, -0.00142625416629, 0.000495226820931, -0.000619768572506, 0.00158355862368, -0.00224168668501, 0.00298501807265, -0.00178023765329], [0.000250379816862, -0.000325350731146, 0.00292645976879, -0.000233751401538, -0.000575140118599, -0.000627349712886, 0.000372808455722, -0.00160756299738, 0.00117457064334, -0.000935096759349, 0.00146739161573, -0.000930631475057, 0.000743861484807], [-0.000518938875757, -6.06475578024e-06, -0.000233751401538, 0.00406101113185, -0.000274548627203, -0.00320497783832, -0.000298733997624, -0.00030877275276, 0.000359540310455, -0.000356846401701, 0.00115126546007, -2.20649180847e-05, 0.000752864405513], [-0.000270009652013, -0.00101013015956, -0.000575140118599, -0.000274548627203, 0.00733917811885, -0.00238287495449, -0.000707650382537, 0.000389712804463, -0.00185424706433, -9.46539948927e-05, 0.00169337692205, -0.00200858013704, 0.0016897120513], [9.06801215024e-05, 0.00148732739035, -0.000627349712886, -0.00320497783832, -0.00238287495449, 0.0121144391596, -0.00487228482962, -0.00118100212421, 0.00304415076971, -0.00265305512585, -0.00191116600763, 0.0018863416044, -0.00134844670538], [0.000141562559293, -0.00142625416629, 0.000372808455722, -0.000298733997624, -0.000707650382537, -0.00487228482962, 0.0155959092081, -0.00318207172677, -0.00593340676278, 0.00512014422566, -0.00405223760754, -0.000857618229929, 0.00203508674167], [-0.000241609493969, 0.000495226820931, -0.00160756299738, -0.00030877275276, 0.000389712804463, -0.00118100212421, -0.00318207172677, 0.0160247534513, -0.00584392528981, -0.00365829095244, 0.00546794803813, -0.00598942488432, 3.63161743735e-05], [3.24170396198e-05, -0.000619768572506, 0.00117457064334, 0.000359540310455, -0.00185424706433, 0.00304415076971, -0.00593340676278, -0.00584392528981, 0.0216726772487, -0.00949529092759, -0.00310832518153, 0.00669352477416, -0.00525808846578], [-0.000348003813997, 0.00158355862368, -0.000935096759349, -0.000356846401701, -9.46539948927e-05, -0.00265305512585, 0.00512014422566, -0.00365829095244, -0.00949529092759, 0.0233645737171, -0.0105807166547, -0.00127124169376, 0.0017227367498], [0.000208730140002, -0.00224168668501, 0.00146739161573, 0.00115126546007, 0.00169337692205, -0.00191116600763, -0.00405223760754, 0.00546794803813, -0.00310832518153, -0.0105807166547, 0.0290127117187, -0.0137558700517, 0.00118320819456], [-0.00013569490693, 0.00298501807265, -0.000930631475057, -2.20649180847e-05, -0.00200858013704, 0.0018863416044, -0.000857618229929, -0.00598942488432, 0.00669352477416, -0.00127124169376, -0.0137558700517, 0.0287822913378, -0.0134529015049], [0.000391879497329, -0.00178023765329, 0.000743861484807, 0.000752864405513, 0.0016897120513, -0.00134844670538, 0.00203508674167, 3.63161743735e-05, -0.00525808846578, 0.0017227367498, 0.00118320819456, -0.0134529015049, 0.0254115127027]]
    },
    "melbands": {
        "dmean": [0.00273910001852, 0.000969986838754, 0.00105577707291, 0.00069257983705, 0.000382736994652, 0.000336625787895, 0.000364900362911, 0.000234832070419, 0.000158805501997, 0.000129183157696, 0.000117713854706, 8.32680307212e-05, 5.64393303648e-05, 8.41326182126e-05, 6.49332869216e-05, 4.29536557931e-05, 4.57748319604e-05, 4.36244190496e-05, 3.33101634169e-05, 1.7176318579e-05, 1.89480888366e-05, 1.63474360306e-05, 1.00001079772e-05, 1.00293764262e-05, 1.05504814201e-05, 9.26922348299e-06, 1.12311699922e-05, 8.83690790943e-06, 1.27363373394e-05, 9.28855570237e-06, 9.12492305361e-06, 8.2855049186e-06, 7.67858637118e-06, 6.70341842124e-06, 4.41409792984e-06, 4.54677820017e-06, 4.2175802264e-06, 3.67821780856e-06, 2.59358876065e-06, 2.15207978727e-06],
        "dmean2": [0.00426642410457, 0.0016889416147, 0.00181167875417, 0.0012055230327, 0.000628156238236, 0.000539005850442, 0.000588186783716, 0.000362821330782, 0.00023979220714, 0.000197373607079, 0.000175633656909, 0.00012924944167, 8.90362789505e-05, 0.000125371530885, 0.000101498095319, 6.74937255098e-05, 7.32193293516e-05, 6.91678069416e-05, 4.96809625474e-05, 2.77727503999e-05, 2.94013952953e-05, 2.69551292149e-05, 1.6662535927e-05, 1.6638858142e-05, 1.73242533492e-05, 1.48833505591e-05, 1.88105932466e-05, 1.44796458699e-05, 2.0536903321e-05, 1.44867763083e-05, 1.48397557496e-05, 1.3292758922e-05, 1.24282887555e-05, 1.08306012407e-05, 7.1102685979e-06, 7.32988928576e-06, 6.86092516844e-06, 5.95070741838e-06, 4.06757180826e-06, 3.51126845999e-06],
        "dvar": [1.01735768112e-05, 2.19799426304e-06, 5.26363828612e-06, 1.90503624253e-06, 3.13757908543e-07, 2.58550414856e-07, 4.53922211818e-07, 1.26710830273e-07, 7.18686905543e-08, 3.65095935706e-08, 3.02799954e-08, 1.11525331192e-08, 6.21145090918e-09, 2.77211178457e-08, 2.30393375489e-08, 9.99706895044e-09, 9.49011980111e-09, 1.25098260639e-08, 1.2768932578e-08, 8.11947897805e-10, 2.24372675994e-09, 9.60669099825e-10, 2.09706446652e-10, 2.39271519265e-10, 2.89578416801e-10, 1.96451327428e-10, 4.73476924334e-10, 2.33370850422e-10, 6.50158427096e-10, 2.26301699602e-10, 2.05767999861e-10, 1.66596764162e-10, 1.66827163195e-10, 1.21441884327e-10, 3.62031585266e-11, 4.54241713688e-11, 3.6832394773e-11, 2.43537308375e-11, 1.2917906328e-11, 8.1247005651e-12],
        "dvar2": [2.79181913356e-05, 6.42247960059e-06, 1.39723570101e-05, 5.21078254678e-06, 7.15867315648e-07, 5.81900849284e-07, 1.13558792236e-06, 2.66359791112e-07, 1.36070497092e-07, 7.30488025624e-08, 5.77412357927e-08, 2.32328254413e-08, 1.26260575328e-08, 4.55434872038e-08, 4.82269726376e-08, 2.07188417534e-08, 2.09961701358e-08, 2.88912733737e-08, 1.96105922612e-08, 1.95870142328e-09, 4.62953808622e-09, 2.32967511948e-09, 5.4976051489e-10, 5.95367810607e-10, 7.24200865942e-10, 4.79109085738e-10, 1.12424825005e-09, 5.36733490986e-10, 1.53459456254e-09, 5.29068455712e-10, 5.07210440315e-10, 4.06386646556e-10, 3.95550009413e-10, 3.04075487012e-10, 9.31252228109e-11, 1.17855794568e-10, 9.24623710929e-11, 6.11873676726e-11, 3.20070359106e-11, 2.11047117282e-11],
        "max": [0.0292582977563, 0.0200636703521, 0.0228213164955, 0.014523409307, 0.0109109831974, 0.0134318098426, 0.01899933815, 0.0113783599809, 0.00848206784576, 0.00586086791009, 0.00525490054861, 0.00333577184938, 0.0027536386624, 0.00503883743659, 0.0036967091728, 0.00284942914732, 0.00365407462232, 0.00284284469672, 0.00453270785511, 0.000966878375039, 0.00190188898705, 0.000848830502946, 0.000354298972525, 0.000489220081363, 0.000488151534228, 0.00031969070551, 0.000648084678687, 0.000457355839899, 0.00051242345944, 0.00026214675745, 0.000253981852438, 0.000242586873355, 0.000220038811676, 0.000251266785199, 9.9654404039e-05, 0.000134823480039, 8.40879874886e-05, 6.28999114269e-05, 7.76539745857e-05, 6.66083433316e-05],
        "mean": [0.00399724952877, 0.00152263126802, 0.00129372044466, 0.000971399014816, 0.000754816574045, 0.000717092771083, 0.000735789188184, 0.000498062639963, 0.000359790632501, 0.000281600805465, 0.000239733461058, 0.000164717435837, 0.000111213907076, 0.000155820511281, 0.000114879803732, 7.95800078777e-05, 8.4433988377e-05, 7.2725051723e-05, 5.7490033214e-05, 3.30556395056e-05, 3.34567339451e-05, 2.74558715319e-05, 1.78918180609e-05, 1.84994660231e-05, 1.99874903046e-05, 1.84056025319e-05, 1.86424858839e-05, 1.65998699231e-05, 2.18292989302e-05, 1.75077384483e-05, 1.78295886144e-05, 1.61079206009e-05, 1.46509937622e-05, 1.25004326037e-05, 9.42112455959e-06, 8.83582470124e-06, 7.88957640907e-06, 6.79191180097e-06, 4.93604693474e-06, 3.95779534301e-06],
        "median": [0.00279502477497, 0.00103469286114, 0.000571922515519, 0.000495005398989, 0.000440931587946, 0.000440152682131, 0.000409498577937, 0.000293334334856, 0.000216815984459, 0.000186079996638, 0.000154489243869, 0.000116717696073, 7.67635647207e-05, 7.08225707058e-05, 5.43854112038e-05, 4.23698293162e-05, 4.20689939347e-05, 3.4215823689e-05, 2.51563742495e-05, 2.30755813391e-05, 1.80160568561e-05, 1.70683051692e-05, 1.38199411595e-05, 1.37397937578e-05, 1.42483586387e-05, 1.3112956367e-05, 1.14742924779e-05, 1.04818955151e-05, 1.17708768812e-05, 1.05264944068e-05, 1.08536714833e-05, 9.72402267507e-06, 8.02750673756e-06, 7.5535799624e-06, 6.59324177832e-06, 5.83931159781e-06, 5.02664352098e-06, 4.59166494693e-06, 3.16860996463e-06, 2.6126551802e-06],
        "min": [3.58691718685e-16, 2.61072547942e-16, 1.86100867687e-16, 2.39987886182e-16, 3.75249439328e-16, 2.89741145666e-16, 1.77197161748e-16, 3.38790494301e-16, 3.00397376008e-16, 7.08009892843e-17, 4.61051183585e-17, 1.1166152117e-16, 6.87094664141e-17, 5.6414267024e-17, 2.95539688377e-17, 2.41210829704e-17, 7.9174075404e-17, 3.83642397635e-17, 8.00415694909e-17, 1.33872180885e-16, 5.08516957803e-17, 1.31843126695e-17, 6.97570344117e-17, 1.13771506712e-16, 2.02142877615e-16, 3.67027614764e-17, 1.77488326015e-17, 6.2533292592e-17, 8.01025823329e-17, 4.91314876697e-17, 7.93890166318e-17, 1.2482089269e-16, 5.7767501419e-17, 5.74625232358e-17, 5.5945705603e-17, 3.75898795962e-17, 6.82148256427e-17, 8.0819986152e-17, 6.3837815975e-17, 8.99713234966e-17],
        "var": [1.64634457178e-05, 2.88239812107e-06, 4.57128180642e-06, 1.95558277483e-06, 9.9494116057e-07, 8.05344200216e-07, 1.29264446969e-06, 4.66957942535e-07, 2.73302475762e-07, 1.37965344038e-07, 9.68352864561e-08, 3.07759044915e-08, 1.89800299921e-08, 9.19391069942e-08, 5.75439536021e-08, 2.74556750668e-08, 2.82686603015e-08, 2.69432902655e-08, 3.85884746379e-08, 1.99905225706e-09, 5.77162850846e-09, 1.89443682963e-09, 3.45739159524e-10, 5.07235087266e-10, 5.64711555295e-10, 4.5946210725e-10, 8.81291650767e-10, 5.01271857356e-10, 1.22833787586e-09, 4.99302987844e-10, 4.87556051088e-10, 3.83480358579e-10, 4.03423267015e-10, 2.5073440546e-10, 1.02487261733e-10, 1.01306470157e-10, 8.33213428808e-11, 5.4263885052e-11, 3.40452631364e-11, 2.06421095494e-11]
    },
    "mfcc": {
        "mean": [-596.021057129, 112.913322449, 15.485373497, 7.58453321457, -6.66930770874, 4.08603239059, -1.79799187183, 0.0332104116678, -0.201528355479, 1.65149223804, 0.173173666, 1.15751004219, -0.278691530228],
        "cov": [[10462.6806641, -5057.359375, -4.12483119965, 1541.03540039, 1095.84655762, 1328.99060059, 702.863525391, 613.239379883, 396.46887207, 528.952697754, 499.741363525, 499.984222412, 305.804443359], [-5057.359375, 4046.06201172, -112.556800842, -853.725097656, -541.367675781, -701.862182617, -344.488800049, -317.755523682, -177.067871094, -261.062744141, -226.055023193, -250.430770874, -169.58026123], [-4.12483119965, -112.556800842, 347.268890381, 71.6710968018, 53.47681427, 48.1448402405, 45.7019386292, 40.7547683716, 33.7824745178, 26.9678268433, 23.2886295319, 11.0097999573, 10.8690509796], [1541.03540039, -853.725097656, 71.6710968018, 475.553405762, 255.678268433, 281.380828857, 164.661758423, 151.109191895, 99.7583847046, 113.203544617, 98.0986404419, 90.5907516479, 59.943862915], [1095.84655762, -541.367675781, 53.47681427, 255.678268433, 274.161102295, 214.463699341, 127.028266907, 103.353439331, 77.1114959717, 87.613319397, 76.283744812, 72.4423675537, 40.3492927551], [1328.99060059, -701.862182617, 48.1448402405, 281.380828857, 214.463699341, 319.576385498, 163.549911499, 128.779571533, 75.0877609253, 105.043930054, 94.9240112305, 90.1717758179, 48.9968681335], [702.863525391, -344.488800049, 45.7019386292, 164.661758423, 127.028266907, 163.549911499, 146.132736206, 100.754837036, 55.3123054504, 58.3798446655, 58.8573875427, 53.9690551758, 33.7434463501], [613.239379883, -317.755523682, 40.7547683716, 151.109191895, 103.353439331, 128.779571533, 100.754837036, 136.697982788, 72.7679214478, 65.4048614502, 52.1530647278, 55.1999092102, 42.2529449463], [396.46887207, -177.067871094, 33.7824745178, 99.7583847046, 77.1114959717, 75.0877609253, 55.3123054504, 72.7679214478, 95.5407180786, 69.7773895264, 47.0479469299, 38.64585495, 27.5363140106], [528.952697754, -261.062744141, 26.9678268433, 113.203544617, 87.613319397, 105.043930054, 58.3798446655, 65.4048614502, 69.7773895264, 114.442131042, 74.5063095093, 54.5992698669, 28.0087184906], [499.741363525, -226.055023193, 23.2886295319, 98.0986404419, 76.283744812, 94.9240112305, 58.8573875427, 52.1530647278, 47.0479469299, 74.5063095093, 104.364570618, 64.2672348022, 32.1130561829], [499.984222412, -250.430770874, 11.0097999573, 90.5907516479, 72.4423675537, 90.1717758179, 53.9690551758, 55.1999092102, 38.64585495, 54.5992698669, 64.2672348022, 100.668563843, 53.6434860229], [305.804443359, -169.58026123, 10.8690509796, 59.943862915, 40.3492927551, 48.9968681335, 33.7434463501, 42.2529449463, 27.5363140106, 28.0087184906, 32.1130561829, 53.6434860229, 87.4738388062]],
