{
"lowlevel": {
    "average_loudness": 0.977380037308,
    "barkbands_crest": {
        "dmean": 2.64207315445,
        "dmean2": 3.84595489502,
        "dvar": 6.66400289536,
        "dvar2": 12.5085067749,
        "max": 24.906129837,
        "mean": 8.24080467224,
        "median": 7.06733512878,
        "min": 1.99896788597,
        "var": 17.7986698151
    },
    "barkbands_flatness_db": {
        "dmean": 0.0183664672077,
        "dmean2": 0.0269817467779,
        "dvar": 0.000391319394112,
        "dvar2": 0.00080367870396,
        "max": 0.365410506725,
        "mean": 0.0658000782132,
        "median": 0.0570177137852,
        "min": 0.0107586653903,
        "var": 0.001406687079
    },
    "barkbands_kurtosis": {
        "dmean": 1.66072773933,
        "dmean2": 2.44501781464,
        "dvar": 50.0493507385,
        "dvar2": 84.3945541382,
        "max": 286.767211914,
        "mean": 1.28575444221,
        "median": -0.333251476288,
        "min": -1.72264873981,
        "var": 103.330787659
    },
    "barkbands_skewness": {
        "dmean": 0.428856223822,
        "dmean2": 0.635606408119,
        "dvar": 0.301755309105,
        "dvar2": 0.607330739498,
        "max": 15.1778593063,
        "mean": 0.969071686268,
        "median": 0.811609506607,
        "min": -1.96708297729,
        "var": 1.0176050663
    },
    "barkbands_spread": {
        "dmean": 7.88875436783,
        "dmean2": 12.086025238,
        "dvar": 58.7480278015,
        "dvar2": 136.022964478,
        "max": 99.6780853271,
        "mean": 41.1660232544,
        "median": 42.724193573,
        "min": 0.716960012913,
        "var": 231.385253906
    },
    "dissonance": {
        "dmean": 0.0100683830678,
        "dmean2": 0.0169668998569,
        "dvar": 0.000109069595055,
        "dvar2": 0.000269221520284,
        "max": 0.499999970198,
        "mean": 0.48067471385,
        "median": 0.483852237463,
        "min": 0.011227552779,
        "var": 0.000221117385081
    },
    "dynamic_complexity": 1.84359312057,
    "erbbands_crest": {
        "dmean": 1.70908427238,
        "dmean2": 2.75134706497,
        "dvar": 2.71010279655,
        "dvar2": 6.75495386124,
        "max": 21.6374053955,
        "mean": 6.42358350754,
        "median": 5.84319877625,
        "min": 2.30134177208,
        "var": 6.69191122055
    },
    "erbbands_flatness_db": {
        "dmean": 0.0115361530334,
        "dmean2": 0.0167411472648,
        "dvar": 0.000110890352516,
        "dvar2": 0.000225083815167,
        "max": 0.25873324275,
        "mean": 0.105803981423,
        "median": 0.10469199717,
        "min": 0.0405761785805,
        "var": 0.000553577032406
    },
    "erbbands_kurtosis": {
        "dmean": 0.453040570021,
        "dmean2": 0.693886756897,
        "dvar": 0.280251115561,
        "dvar2": 0.614366173744,
        "max": 11.3770074844,
        "mean": -0.116724826396,
        "median": -0.306048512459,
        "min": -1.55340409279,
        "var": 0.801110088825
    },
    "erbbands_skewness": {
        "dmean": 0.245482027531,
        "dmean2": 0.370543807745,
        "dvar": 0.0508283004165,
        "dvar2": 0.116560697556,
        "max": 3.05177736282,
        "mean": 0.105168223381,
        "median": 0.124380268157,
        "min": -2.03654885292,
        "var": 0.265076816082
    },
    "erbbands_spread": {
        "dmean": 6.48015499115,
        "dmean2": 9.88756847382,
        "dvar": 43.3729934692,
        "dvar2": 103.680709839,
        "max": 121.948043823,
        "mean": 41.288860321,
        "median": 39.7420730591,
        "min": 7.29011583328,
        "var": 147.22467041
    },
    "hfc": {
        "dmean": 13.0881357193,
        "dmean2": 19.5440673828,
        "dvar": 309.960479736,
        "dvar2": 790.128417969,
        "max": 178.825759888,
        "mean": 40.6921157837,
        "median": 39.6413116455,
        "min": 1.11398504205e-16,
        "var": 680.663085938
    },
    "melbands_crest": {
        "dmean": 4.57854318619,
        "dmean2": 6.70701169968,
        "dvar": 21.7181625366,
        "dvar2": 39.6519317627,
        "max": 35.6705551147,
        "mean": 14.8027677536,
        "median": 12.7075767517,
        "min": 2.05030798912,
        "var": 54.1910629272
    },
    "melbands_flatness_db": {
        "dmean": 0.0272649247199,
        "dmean2": 0.0397158116102,
        "dvar": 0.000715723086614,
        "dvar2": 0.00161309330724,
        "max": 0.462633103132,
        "mean": 0.13097307086,
        "median": 0.120901629329,
        "min": 0.00404447410256,
        "var": 0.00255747628398
    },
    "melbands_kurtosis": {
        "dmean": 5.15579843521,
        "dmean2": 7.82720327377,
        "dvar": 280.380981445,
        "dvar2": 490.004119873,
        "max": 597.903564453,
        "mean": 7.90868711472,
        "median": 3.7987101078,
        "min": -1.50714874268,
        "var": 558.632446289
    },
    "melbands_skewness": {
        "dmean": 0.647735178471,
        "dmean2": 0.98305863142,
        "dvar": 0.7165594697,
        "dvar2": 1.54436612129,
        "max": 19.8678092957,
        "mean": 2.11963534355,
        "median": 1.80496644974,
        "min": -0.292654275894,
        "var": 1.95710599422
    },
    "melbands_spread": {
        "dmean": 9.46918487549,
        "dmean2": 14.449593544,
        "dvar": 82.5822372437,
        "dvar2": 204.291488647,
        "max": 142.902557373,
        "mean": 40.5652923584,
        "median": 39.5817070007,
        "min": 0.459585428238,
        "var": 340.171813965
    },
    "pitch_salience": {
        "dmean": 0.0815687552094,
        "dmean2": 0.119506217539,
        "dvar": 0.0055407085456,
        "dvar2": 0.0111088361591,
        "max": 0.976513504982,
        "mean": 0.561521172523,
        "median": 0.568651914597,
        "min": 0.0350697487593,
        "var": 0.0162748508155
    },
    "silence_rate_20dB": {
        "dmean": 0,
        "dmean2": 0,
        "dvar": 0,
        "dvar2": 0,
        "max": 1,
        "mean": 1,
        "median": 1,
        "min": 1,
        "var": 0
    },
    "silence_rate_30dB": {
        "dmean": 0,
        "dmean2": 0,
        "dvar": 0,
        "dvar2": 0,
        "max": 1,
        "mean": 1,
        "median": 1,
        "min": 1,
        "var": 0
    },
    "silence_rate_60dB": {
        "dmean": 0.00458926102147,
        "dmean2": 0.00917936488986,
        "dvar": 0.00456993607804,
        "dvar2": 0.0101962974295,
        "max": 1,
        "mean": 0.0223935395479,
        "median": 0,
        "min": 0,
        "var": 0.0218940414488
    },
    "spectral_centroid": {
        "dmean": 234.019805908,
        "dmean2": 350.52532959,
        "dvar": 59549.5429688,
        "dvar2": 134452.796875,
        "max": 10860.8056641,
        "mean": 2064.48730469,
        "median": 2114.10473633,
        "min": 177.509674072,
        "var": 395175.71875
    },
    "spectral_complexity": {
        "dmean": 4.59495162964,
        "dmean2": 7.11015224457,
        "dvar": 18.7827529907,
        "dvar2": 43.9639129639,
        "max": 57,
        "mean": 29.2585353851,
        "median": 30,
        "min": 0,
        "var": 112.189964294
    },
    "spectral_decrease": {
        "dmean": 1.53831858363e-09,
        "dmean2": 2.26810770165e-09,
        "dvar": 2.48868330148e-18,
        "dvar2": 5.46993445976e-18,
        "max": -1.30651461262e-29,
        "mean": -6.53302345555e-09,
        "median": -6.88390056069e-09,
        "min": -2.13937507709e-08,
        "var": 7.23758716874e-18
    },
    "spectral_energy": {
        "dmean": 0.00594792701304,
        "dmean2": 0.00903783924878,
        "dvar": 3.69133085769e-05,
        "dvar2": 8.33384910948e-05,
        "max": 0.0811929926276,
        "mean": 0.0283481106162,
        "median": 0.0303147137165,
        "min": 1.01534917695e-20,
        "var": 0.000123195131891
    },
    "spectral_energyband_high": {
        "dmean": 0.00113425322343,
        "dmean2": 0.00169866380747,
        "dvar": 2.05465153158e-06,
        "dvar2": 5.26606345375e-06,
        "max": 0.0134074129164,
        "mean": 0.00273449951783,
        "median": 0.00243582157418,
        "min": 7.58531649515e-21,
        "var": 4.5775163926e-06
    },
    "spectral_energyband_low": {
        "dmean": 0.00529590062797,
        "dmean2": 0.00767629919574,
        "dvar": 3.74726259906e-05,
        "dvar2": 7.79652618803e-05,
        "max": 0.0799974948168,
        "mean": 0.0102834720165,
        "median": 0.00864139199257,
        "min": 4.87453530088e-23,
        "var": 7.60764014558e-05
    },
    "spectral_energyband_middle_high": {
        "dmean": 0.00215198053047,
        "dmean2": 0.00322030973621,
        "dvar": 5.29110366188e-06,
        "dvar2": 1.13834985314e-05,
        "max": 0.0343036465347,
        "mean": 0.00814853794873,
        "median": 0.00779731292278,
        "min": 1.39164595645e-21,
        "var": 2.66308670689e-05
    },
    "spectral_energyband_middle_low": {
        "dmean": 0.00206992938183,
        "dmean2": 0.00308850943111,
        "dvar": 4.72907595395e-06,
        "dvar2": 1.01171735878e-05,
        "max": 0.038196451962,
        "mean": 0.00744992028922,
        "median": 0.00683579407632,
        "min": 2.98782771792e-22,
        "var": 1.92706920643e-05
    },
    "spectral_entropy": {
        "dmean": 0.12164914608,
        "dmean2": 0.184202328324,
        "dvar": 0.0193594358861,
        "dvar2": 0.0461477600038,
        "max": 9.79836750031,
        "mean": 8.00703430176,
        "median": 8.00494384766,
        "min": 6.58041524887,
        "var": 0.0673755779862
    },
    "spectral_flux": {
        "dmean": 0.0228151194751,
        "dmean2": 0.037381157279,
        "dvar": 0.000429307401646,
        "dvar2": 0.00113759771921,
        "max": 0.214775070548,
        "mean": 0.0836261361837,
        "median": 0.0825081765652,
        "min": 1.00764535604e-10,
        "var": 0.00102423178032
    },
    "spectral_kurtosis": {
        "dmean": 0.707743108273,
        "dmean2": 1.12015378475,
        "dvar": 0.562155783176,
        "dvar2": 1.37838900089,
        "max": 16.9529666901,
        "mean": 3.26306819916,
        "median": 3.13919186592,
        "min": -1.21708905697,
        "var": 1.83614778519
    },
    "spectral_rms": {
        "dmean": 0.000556063139811,
        "dmean2": 0.000849354837555,
        "dvar": 3.30481469746e-07,
        "dvar2": 7.76161016347e-07,
        "max": 0.0089001506567,
        "mean": 0.00510194618255,
        "median": 0.00543832033873,
        "min": 3.14735542316e-12,
        "var": 1.62683079452e-06
    },
    "spectral_rolloff": {
        "dmean": 1295.30102539,
        "dmean2": 2109.86035156,
        "dvar": 4554448,
        "dvar2": 11271132,
        "max": 18453.9550781,
        "mean": 2895.70898438,
        "median": 2476.31835938,
        "min": 64.599609375,
        "var": 5038711
    },
    "spectral_skewness": {
        "dmean": 0.132808148861,
        "dmean2": 0.198452785611,
        "dvar": 0.0160047542304,
        "dvar2": 0.0333779975772,
        "max": 2.86833286285,
        "mean": 1.40037238598,
        "median": 1.38713526726,
        "min": 0.0260866452008,
        "var": 0.0688507407904
    },
    "spectral_spread": {
        "dmean": 647586.9375,
        "dmean2": 909729.8125,
        "dvar": 754465636352,
        "dvar2": 1.26318870528e+12,
        "max": 41699964,
        "mean": 5747143.5,
        "median": 5511055,
        "min": 1955055.25,
        "var": 1.94252701696e+12
    },
    "spectral_strongpeak": {
        "dmean": 0.657048523426,
        "dmean2": 1.18325591087,
        "dvar": 1.78599739075,
        "dvar2": 4.51649904251,
        "max": 17.99036026,
        "mean": 0.787657141685,
        "median": 0.317130923271,
        "min": 0,
        "var": 1.7700625658
    },
    "zerocrossingrate": {
        "dmean": 0.0205174032599,
        "dmean2": 0.0246290694922,
        "dvar": 0.000464313750854,
        "dvar2": 0.000671271351166,
        "max": 0.498046875,
        "mean": 0.103551924229,
        "median": 0.100830078125,
        "min": 0.00341796875,
        "var": 0.00181346246973
    },
    "barkbands": {
        "dmean": [0.000675424817018, 0.00450860895216, 0.000753727275878, 0.000381361925974, 0.000712646520697, 0.000573553552385, 0.000638133264147, 0.00055491772946, 0.000601213541813, 0.000376431125915, 0.000535960833076, 0.000550985336304, 0.000440127187176, 0.000540667737368, 0.000414890906541, 0.000306935573462, 0.000285064103082, 0.000308706774376, 0.000352320726961, 0.000328330614138, 0.000281780317891, 0.000199755319045, 0.000133489753352, 0.000176831541467, 0.000151290601934, 0.000338669575285, 9.26746361074e-05],
        "dmean2": [0.000998963485472, 0.00624649226665, 0.00129979674239, 0.000646521046292, 0.00114568066783, 0.000874084595125, 0.000962613499723, 0.000814992177766, 0.000943072896916, 0.000593977514654, 0.000814823142719, 0.000816846208181, 0.000696413801052, 0.000828208110761, 0.000647065113299, 0.000479328853544, 0.000452119886177, 0.000493566913065, 0.000545934832189, 0.000508797878865, 0.000436023052316, 0.000305007648421, 0.000200683920411, 0.000283258792479, 0.000232462858548, 0.000538106716704, 0.000150903841131],
        "dvar": [5.96577820033e-07, 3.16027289955e-05, 3.10290943162e-06, 5.06562287228e-07, 1.15261480005e-06, 8.17979696421e-07, 9.63949901234e-07, 7.85572183304e-07, 7.90096805758e-07, 3.97595073309e-07, 7.40914856578e-07, 8.06822924915e-07, 3.69488418528e-07, 6.84254302996e-07, 4.64998834104e-07, 2.51668922147e-07, 1.73748489374e-07, 2.55826648754e-07, 4.02877020633e-07, 2.4601615678e-07, 1.12527132501e-07, 6.02922796133e-08, 2.67697828349e-08, 5.64954483195e-08, 4.31627853459e-08, 6.4289997681e-07, 4.63508591508e-08],
        "dvar2": [1.30232831452e-06, 5.59613436053e-05, 8.76757076185e-06, 1.35359209708e-06, 2.95484869639e-06, 1.88540332147e-06, 2.0597215098e-06, 1.47205514622e-06, 1.69094039393e-06, 8.50439334954e-07, 1.52878033077e-06, 1.55844713845e-06, 8.26000643883e-07, 1.47529328842e-06, 1.02862350104e-06, 5.63828677969e-07, 4.06545353826e-07, 6.40156827103e-07, 9.29915870529e-07, 5.54275914055e-07, 2.60802721641e-07, 1.41687380051e-07, 6.06304766393e-08, 1.48109137399e-07, 1.06013288814e-07, 1.57245153787e-06, 1.14786139704e-07],
        "max": [0.00935619417578, 0.0718607157469, 0.0147254271433, 0.0106500275433, 0.0242978408933, 0.0261754412204, 0.0173471719027, 0.0209289919585, 0.0171922184527, 0.0149314953014, 0.0198768470436, 0.0178606025875, 0.00943844951689, 0.015362883918, 0.013732438907, 0.0104961525649, 0.0085237827152, 0.00984632223845, 0.0138115799055, 0.0120718348771, 0.00717319035903, 0.00326482509263, 0.00204312847927, 0.00237533939071, 0.00206755637191, 0.00757284974679, 0.0020587593317],
        "mean": [0.00106622814201, 0.00794941280037, 0.00105607905425, 0.000622398220003, 0.00159944815096, 0.00129374826793, 0.00143455003854, 0.00123205629643, 0.00115871266462, 0.000634488009382, 0.000993917114101, 0.00105156900827, 0.000813018647023, 0.000992760295048, 0.00075587676838, 0.000601333915256, 0.000541034445632, 0.000617575889919, 0.000731073087081, 0.000734770612326, 0.000628180627245, 0.00043729157187, 0.000307533773594, 0.000320605322486, 0.000300565647194, 0.00037242640974, 0.000101427431218],
        "median": [0.000681729638018, 0.00568965589628, 0.000370006164303, 0.000292692624498, 0.0010944895912, 0.000819813983981, 0.000758315320127, 0.000688418396749, 0.000676073716022, 0.000356236239895, 0.000449146144092, 0.000499343615957, 0.000513665145263, 0.000577780185267, 0.000436155940406, 0.000370600784663, 0.000361411919584, 0.000382737605833, 0.000370234425645, 0.000442138203653, 0.000485104683321, 0.000314565724693, 0.000232458871324, 0.000248303462286, 0.000238307809923, 0.000156364840223, 4.44356737717e-05],
        "min": [2.29589998969e-23, 2.14706276281e-23, 9.89001543307e-24, 4.82380397161e-23, 4.17819200263e-23, 3.27444013299e-23, 5.31799156549e-23, 3.76933549287e-23, 8.13309093069e-23, 6.78693829234e-23, 1.43024962847e-22, 7.28275882829e-23, 9.95894041917e-23, 1.2651588377e-22, 8.7596219321e-23, 5.88021083937e-23, 1.56267450956e-22, 2.1906510828e-22, 2.58815821916e-22, 2.73364966606e-22, 2.53883434396e-22, 3.99785366653e-22, 6.11356599256e-22, 1.13868671363e-21, 1.28591426037e-21, 1.8684263184e-21, 2.06405110014e-21],
        "var": [1.25323083466e-06, 6.20165083092e-05, 2.89656668429e-06, 8.22094989417e-07, 2.9158977668e-06, 2.23350411943e-06, 3.34125684276e-06, 3.01599402519e-06, 2.04326875064e-06, 8.67113442382e-07, 2.18803529606e-06, 2.39304313254e-06, 8.92705600108e-07, 1.59402623012e-06, 9.94343963612e-07, 5.90845843362e-07, 3.81457539333e-07, 5.65406935493e-07, 1.05069364054e-06, 8.93827177606e-07, 3.11988827661e-07, 1.85758722182e-07, 8.44272989298e-08, 9.19374514297e-08, 8.0879523523e-08, 5.78524407047e-07, 4.11147418333e-08]
    },
    "erbbands": {
        "dmean": [0.248487174511, 0.60153657198, 0.833214044571, 1.07893323898, 1.78047156334, 2.30441856384, 4.32828855515, 5.37748003006, 6.45956087112, 12.2249536514, 11.5936937332, 10.3739833832, 14.0022773743, 15.5339660645, 18.7690582275, 16.7440319061, 17.1745319366, 25.9631347656, 18.3620529175, 20.4765167236, 19.2184047699, 17.3480529785, 15.096997261, 16.5904788971, 18.6990642548, 13.0783634186, 11.2148418427, 10.6607532501, 7.40693473816, 5.68289661407, 3.68047380447, 3.61990904808, 3.0078959465, 1.60832893848, 1.34424722195, 1.52519571781, 0.551488935947, 0.174912780523, 0.0137238930911, 0.000203874253202],
        "dmean2": [0.334964215755, 0.88279902935, 1.4018368721, 1.89230501652, 2.97486233711, 3.7262172699, 6.64615821838, 8.17211151123, 9.43040561676, 18.7679004669, 17.2446422577, 16.8129882812, 21.7350845337, 23.924161911, 28.4631137848, 25.4919071198, 27.0136508942, 40.02318573, 28.3070087433, 31.9319343567, 29.8611907959, 27.4014396667, 24.0538787842, 25.6494483948, 28.6860313416, 20.1477184296, 17.3620891571, 16.735168457, 11.3601856232, 8.66223144531, 5.53737020493, 5.76018857956, 4.86932992935, 2.4933822155, 2.09826278687, 2.45113754272, 0.869850337505, 0.278156906366, 0.0224944744259, 0.000330442999257],
        "dvar": [0.102610759437, 0.483157098293, 3.10783410072, 5.50213623047, 9.18386459351, 15.8794059753, 60.9167976379, 78.1126174927, 97.3531188965, 384.530334473, 312.345397949, 226.434768677, 437.527496338, 618.79888916, 651.164916992, 713.768188477, 566.72833252, 1633.9519043, 829.595397949, 1204.52270508, 1112.34973145, 723.661865234, 565.753479004, 803.246887207, 1047.65856934, 320.283569336, 211.008071899, 164.347412109, 84.4788131714, 53.9535980225, 20.6595077515, 20.6469192505, 17.4906311035, 3.72577023506, 4.4667057991, 12.5176963806, 1.63693332672, 0.169981524348, 0.000968586129602, 2.08545301916e-07],
        "dvar2": [0.16399461031, 1.14515018463, 8.71293544769, 15.5438718796, 23.8761310577, 39.3899612427, 143.829360962, 177.222167969, 188.779953003, 854.521118164, 638.152954102, 555.294799805, 945.265808105, 1340.81982422, 1318.5189209, 1452.97192383, 1281.06347656, 3498.71899414, 1783.59155273, 2715.1418457, 2493.84936523, 1685.04016113, 1378.16503906, 1812.14599609, 2300.12329102, 707.318908691, 498.181793213, 384.133972168, 195.308151245, 127.963928223, 45.1743507385, 53.3062515259, 45.5764312744, 9.21227169037, 11.0948038101, 31.1802978516, 4.00658416748, 0.40888646245, 0.00241829035804, 5.17540854617e-07],
        "max": [4.11063432693, 9.43082904816, 14.0092458725, 27.6563339233, 89.8491516113, 120.463043213, 206.04359436, 189.76802063, 212.113464355, 331.695068359, 378.939453125, 244.979782104, 351.069030762, 642.232727051, 558.379577637, 638.116760254, 423.924682617, 738.523193359, 617.217163086, 560.405944824, 724.894348145, 590.971008301, 436.617095947, 604.334472656, 890.98840332, 333.45880127, 389.781646729, 186.697372437, 150.428970337, 105.300987244, 59.7330551147, 58.637928009, 43.1896820068, 22.3850860596, 18.7013130188, 32.9615974426, 12.8711271286, 4.54218435287, 0.28169080615, 0.00415177922696],
        "mean": [0.386184841394, 1.13802266121, 1.41191279888, 1.60835683346, 3.4821138382, 4.4855298996, 8.85353279114, 12.4737520218, 16.172580719, 26.9962520599, 26.8446712494, 20.016544342, 27.1169300079, 30.7512969971, 38.123588562, 33.5469055176, 34.8867721558, 50.2278251648, 36.9908409119, 40.3600311279, 38.2133750916, 34.9020080566, 32.1428413391, 35.906337738, 42.3459358215, 30.8718776703, 24.972661972, 22.8972320557, 16.5095310211, 11.7855043411, 8.5079460144, 6.7559337616, 5.12031984329, 3.29852700233, 2.2730474472, 1.67012143135, 0.616848051548, 0.194923102856, 0.0153644802049, 0.000270573829766],
        "median": [0.21956038475, 0.94156730175, 0.618176698685, 0.792731761932, 1.85546958447, 2.95632457733, 5.61260318756, 7.52557611465, 10.4313259125, 14.6179943085, 15.9478063583, 13.0726909637, 15.6683368683, 18.4464416504, 22.7228794098, 19.2373657227, 24.063583374, 30.0876483917, 25.2382946014, 25.5598602295, 24.4152908325, 23.987827301, 21.3133430481, 19.9510498047, 20.8593406677, 20.3883590698, 18.895740509, 17.3229141235, 12.1116189957, 8.12651824951, 6.4777879715, 5.08031749725, 3.79295802116, 2.65138292313, 1.61240768433, 0.707114398479, 0.266470819712, 0.082789927721, 0.00714679481462, 0.000156769019668],
        "min": [5.19256470104e-22, 5.37250051613e-21, 1.58206580113e-20, 6.13580735654e-20, 1.80752366754e-19, 1.14936410072e-19, 2.22719077864e-19, 3.09047937589e-19, 3.24649572068e-19, 1.45919881632e-18, 7.4432420534e-19, 1.89193349409e-18, 1.42681852105e-18, 5.04311546753e-18, 3.6756316458e-18, 3.23786098906e-18, 3.97527616834e-18, 4.7842679064e-18, 6.25358221103e-18, 4.13919234647e-18, 5.67632925748e-18, 8.44513685981e-18, 1.13238668394e-17, 9.06240136677e-18, 1.48320878825e-17, 1.29928236664e-17, 1.15800231684e-17, 1.11812675192e-17, 1.50211218136e-17, 1.38427095596e-17, 2.0030357204e-17, 2.35678149459e-17, 1.6979523199e-17, 1.5455047528e-17, 8.78999342026e-18, 5.33748423212e-18, 3.83401233128e-18, 1.46506838655e-18, 2.55382604946e-19, 3.17641814241e-20],
        "var": [0.202988520265, 0.971582889557, 3.72872400284, 5.41856193542, 29.084651947, 27.5460605621, 114.201217651, 235.943878174, 332.656646729, 1214.48913574, 1140.26037598, 446.731506348, 1118.17626953, 1476.5098877, 1990.02978516, 1899.47668457, 1358.84350586, 4041.15014648, 1882.81896973, 2553.18701172, 2521.62084961, 1590.7824707, 1368.75610352, 2185.0859375, 3654.00146484, 1145.41992188, 535.856445312, 452.956420898, 253.383651733, 155.718078613, 64.0730667114, 40.8355712891, 25.8260288239, 8.80292510986, 6.24379587173, 11.0074357986, 1.49607777596, 0.156554967165, 0.000857729755808, 1.89892872982e-07]
    },
    "gfcc": {
        "mean": [65.3571624756, 41.7371330261, -106.276062012, 22.5597343445, -50.7274360657, 15.7419090271, -29.1843852997, 14.0274801254, -19.9839553833, 16.0919036865, -13.7221031189, 9.67854404449, -10.7031288147],
        "cov": [[3472.11206055, -768.468017578, 130.381790161, 228.08631897, 198.02633667, 192.696487427, 107.759407043, 228.747299194, 45.0079116821, 142.750656128, 46.9170722961, 80.9690322876, -11.8005237579], [-768.468017578, 673.240661621, -55.3729629517, 42.3291091919, -38.0466842651, -72.2920379639, 18.1086673737, -76.9365081787, -1.74039745331, -54.6553878784, -7.0128827095, -41.3987503052, 14.0407924652], [130.381790161, -55.3729629517, 291.225219727, -2.50191450119, 45.5063858032, 64.4099731445, -3.57599878311, 6.86778926849, -1.43743085861, 9.53687572479, -21.3332271576, 8.4392414093, -11.2398710251], [228.08631897, 42.3291091919, -2.50191450119, 288.686248779, 45.1879463196, 75.9005966187, 63.1124153137, 40.0437431335, 37.7650718689, 26.0393791199, 47.1528434753, 13.2671585083, 32.7793960571], [198.02633667, -38.0466842651, 45.5063858032, 45.1879463196, 176.166000366, 68.2344970703, 54.0776176453, 52.1691474915, 28.161901474, 27.5021972656, 20.5291538239, 7.97108888626, 1.65889191628], [192.696487427, -72.2920379639, 64.4099731445, 75.9005966187, 68.2344970703, 175.452224731, 55.0691299438, 34.4154090881, 43.1480064392, 37.1466255188, 19.1218070984, 20.9349021912, 18.9294128418], [107.759407043, 18.1086673737, -3.57599878311, 63.1124153137, 54.0776176453, 55.0691299438, 107.557823181, 54.6178474426, 39.9201965332, 17.3842582703, 23.0143184662, 9.90037441254, 13.5914840698], [228.747299194, -76.9365081787, 6.86778926849, 40.0437431335, 52.1691474915, 34.4154090881, 54.6178474426, 102.725036621, 46.340045929, 34.4375991821, 25.5496559143, 16.9118709564, 11.6727237701], [45.0079116821, -1.74039745331, -1.43743085861, 37.7650718689, 28.161901474, 43.1480064392, 39.9201965332, 46.340045929, 91.3545532227, 51.6783561707, 36.3297538757, 16.6056671143, 21.3715438843], [142.750656128, -54.6553878784, 9.53687572479, 26.0393791199, 27.5021972656, 37.1466255188, 17.3842582703, 34.4375991821, 51.6783561707, 78.9229888916, 47.5830154419, 25.1250114441, 11.414484024], [46.9170722961, -7.0128827095, -21.3332271576, 47.1528434753, 20.5291538239, 19.1218070984, 23.0143184662, 25.5496559143, 36.3297538757, 47.5830154419, 80.3520507812, 38.5728607178, 25.7161598206], [80.9690322876, -41.3987503052, 8.4392414093, 13.2671585083, 7.97108888626, 20.9349021912, 9.90037441254, 16.9118709564, 16.6056671143, 25.1250114441, 38.5728607178, 66.9219284058, 35.8254737854], [-11.8005237579, 14.0407924652, -11.2398710251, 32.7793960571, 1.65889191628, 18.9294128418, 13.5914840698, 11.6727237701, 21.3715438843, 11.414484024, 25.7161598206, 35.8254737854, 62.72813797]],
        "icov": [[0.000485999131342, 0.000441931246314, -2.57075007539e-05, -0.000429284380516, -0.000162539290613, 4.34079047409e-05, -0.000176285058842, -0.000512682192493, 0.00049394677626, -0.000683834485244, 0.000516662898008, -0.000391843524994, 0.000305152410874], [0.000441931246314, 0.00257450528443, -0.000146456746734, -0.000776897068135, -0.000249064702075, 0.00123460078612, -0.0016277290415, 0.00199325033464, -0.00103469402529, 0.000903515028767, -0.000390352826798, 0.00120054592844, -0.000835118291434], [-2.57075007539e-05, -0.000146456746734, 0.00423271069303, 3.39485995937e-05, -0.000857693492435, -0.00162842078134, 0.00107305438723, -0.000218901972403, 0.00035845048842, -0.000880718172994, 0.002329363022, -0.00185230537318, 0.00123204221018], [-0.000429284380516, -0.000776897068135, 3.39485995937e-05, 0.00514479167759, 0.000173310443643, -0.00175423233304, -0.000943312770687, -0.000430230749771, 0.00021299420041, 0.00106771138962, -0.00322076817974, 0.00227951118723, -0.00202835933305], [-0.000162539290613, -0.000249064702075, -0.000857693492435, 0.000173310443643, 0.00807536672801, -0.00193065986969, -0.00191958504729, -0.0024444849696, 0.00093484466197, -0.0004251418286, -0.00143347831909, 0.000982531462796, 0.000806163763627], [4.34079047409e-05, 0.00123460078612, -0.00162842078134, -0.00175423233304, -0.00193065986969, 0.00997855048627, -0.0038560081739, 0.0028438817244, -0.00229236041196, -0.00223089079373, 0.00225524115376, -0.000835007987916, -0.00155785377137], [-0.000176285058842, -0.0016277290415, 0.00107305438723, -0.000943312770687, -0.00191958504729, -0.0038560081739, 0.0177247244865, -0.00735889235511, -0.00291960639879, 0.00413024844602, -0.00177647662349, -0.000379133183742, 0.00094765383983], [-0.000512682192493, 0.00199325033464, -0.000218901972403, -0.000430230749771, -0.0024444849696, 0.0028438817244, -0.00735889235511, 0.0200309790671, -0.00644135661423, -0.000773314153776, 0.000163799253642, -0.000385712832212, -0.00079510366777], [0.00049394677626, -0.00103469402529, 0.00035845048842, 0.00021299420041, 0.00093484466197, -0.00229236041196, -0.00291960639879, -0.00644135661423, 0.0242088418454, -0.0136222112924, -2.23340648517e-05, 0.00296437740326, -0.00467732129619], [-0.000683834485244, 0.000903515028767, -0.000880718172994, 0.00106771138962, -0.0004251418286, -0.00223089079373, 0.00413024844602, -0.000773314153776, -0.0136222112924, 0.0322869867086, -0.0144942607731, -0.000998375937343, 0.00416501797736], [0.000516662898008, -0.000390352826798, 0.002329363022, -0.00322076817974, -0.00143347831909, 0.00225524115376, -0.00177647662349, 0.000163799253642, -2.23340648517e-05, -0.0144942607731, 0.0294721648097, -0.0120878219604, -0.00053695612587], [-0.000391843524994, 0.00120054592844, -0.00185230537318, 0.00227951118723, 0.000982531462796, -0.000835007987916, -0.000379133183742, -0.000385712832212, 0.00296437740326, -0.000998375937343, -0.0120878219604, 0.0308693367988, -0.0149885416031], [0.000305152410874, -0.000835118291434, 0.00123204221018, -0.00202835933305, 0.000806163763627, -0.00155785377137, 0.00094765383983, -0.00079510366777, -0.00467732129619, 0.00416501797736, -0.00053695612587, -0.0149885416031, 0.0274743698537]]
    },
    "melbands": {
        "dmean": [0.00162357755471, 0.0004880601482, 0.000199577756575, 0.000133307039505, 0.000144698366057, 0.00011569076014, 0.000106597864942, 0.000135288020829, 9.26192806219e-05, 7.40371324355e-05, 7.23749762983e-05, 6.23079613433e-05, 7.15173810022e-05, 5.83132023166e-05, 4.4429092668e-05, 5.38170679647e-05, 4.77100147691e-05, 3.37392848451e-05, 3.63915205526e-05, 2.06241365959e-05, 2.30256191571e-05, 2.1722389647e-05, 1.24027674246e-05, 1.68364658748e-05, 1.46302663779e-05, 1.58758703037e-05, 1.60441868502e-05, 8.54337486089e-06, 8.72327927937e-06, 6.86247585691e-06, 6.32599767414e-06, 4.5443257477e-06, 4.11441760662e-06, 3.13939699481e-06, 2.27150940191e-06, 2.26382007895e-06, 2.45685623668e-06, 2.62871071754e-06, 1.52973177592e-06, 1.457104986e-06],
        "dmean2": [0.00222120876424, 0.000792977982201, 0.000343709922163, 0.00022145875846, 0.000221686452278, 0.000174738961505, 0.0001575799688, 0.000203433010029, 0.00014114791702, 0.000117485491501, 0.000111571964226, 9.57159645623e-05, 0.000108302810986, 8.74807446962e-05, 6.83013349771e-05, 8.35253522382e-05, 7.3637071182e-05, 5.18928245583e-05, 5.68293835386e-05, 3.22864725604e-05, 3.60456579074e-05, 3.46215019817e-05, 1.97108238353e-05, 2.71550507023e-05, 2.28193475778e-05, 2.46344588959e-05, 2.5711438866e-05, 1.34544425237e-05, 1.38755995067e-05, 1.07889063656e-05, 1.02166331999e-05, 7.08075640432e-06, 6.45912405162e-06, 4.94909045301e-06, 3.49599918081e-06, 3.56686996383e-06, 4.00790941057e-06, 4.34023650087e-06, 2.43718977799e-06, 2.29635315918e-06],
        "dvar": [4.29916099165e-06, 4.80567678096e-07, 1.41871936421e-07, 4.43892034241e-08, 6.31000816043e-08, 3.37831700392e-08, 2.34554882184e-08, 3.94760419908e-08, 1.94958200694e-08, 1.23813475028e-08, 1.1850282533e-08, 9.38837363407e-09, 1.20313048413e-08, 1.00933261749e-08, 8.66774119146e-09, 6.42607700385e-09, 5.1232902365e-09, 4.02388344867e-09, 4.09269773627e-09, 1.01525243767e-09, 1.60724489273e-09, 1.29155197648e-09, 3.35285604836e-10, 1.05333664013e-09, 6.98099467122e-10, 9.45114209117e-10, 8.45898684432e-10, 1.49711035236e-10, 1.61032312485e-10, 6.98783808595e-11, 6.48378919998e-11, 3.37715896914e-11, 2.81407223912e-11, 1.73819118821e-11, 7.75659050878e-12, 8.04957142608e-12, 1.10427526498e-11, 1.51524227193e-11, 3.3452661214e-12, 3.04593698354e-12],
        "dvar2": [7.20094431017e-06, 1.49756272094e-06, 3.86291674204e-07, 1.19686049516e-07, 1.47523309124e-07, 7.5866708471e-08, 4.78267949688e-08, 8.42765786047e-08, 4.24438866276e-08, 2.78719713975e-08, 2.50837395299e-08, 2.02650713987e-08, 2.42670665784e-08, 1.97858849305e-08, 1.67713647414e-08, 1.35310074256e-08, 1.1042676995e-08, 8.52254000705e-09, 8.9927967295e-09, 2.25966423351e-09, 3.6032894446e-09, 3.02766967053e-09, 7.8075096388e-10, 2.75415690254e-09, 1.60725577292e-09, 2.10255790556e-09, 1.99016669811e-09, 3.46496470405e-10, 3.94160093453e-10, 1.68698999214e-10, 1.56576016042e-10, 8.00765634357e-11, 6.98332641713e-11, 4.1752195451e-11, 1.79528145822e-11, 1.91483964102e-11, 2.94787250166e-11, 3.99967663156e-11, 8.54349663931e-12, 7.66331009067e-12],
        "max": [0.0263580717146, 0.00593029614538, 0.00448624417186, 0.00511596538126, 0.00601288629696, 0.00377062708139, 0.00291175418533, 0.00302898068912, 0.00255799363367, 0.00218069599941, 0.00197067251429, 0.00238443585113, 0.00280756014399, 0.00220527942292, 0.00259967427701, 0.00129088119138, 0.00125644379295, 0.00142829993274, 0.00145740143489, 0.000522067304701, 0.00091673101997, 0.000768694502767, 0.000421875418397, 0.000723962613847, 0.000563078792766, 0.000915992248338, 0.000803747214377, 0.000213244828046, 0.000364167673979, 0.000105163962871, 0.000118728530651, 9.44293497014e-05, 7.96786262072e-05, 5.63886387681e-05, 3.69853769371e-05, 3.6520370486e-05, 2.91521118925e-05, 3.95034294343e-05, 1.81888553925e-05, 2.01080365514e-05],
        "mean": [0.00270515889861, 0.000974813650828, 0.000344485946698, 0.000270127988188, 0.000300539948512, 0.000273206242127, 0.000263317255303, 0.000306418514811, 0.00020415072504, 0.000138657880598, 0.000137495619128, 0.00012084320042, 0.000139303752803, 0.000108654770884, 7.63657662901e-05, 9.92635832517e-05, 8.94587574294e-05, 6.04236520303e-05, 6.37736739009e-05, 4.14115529566e-05, 4.18937270297e-05, 3.7958878238e-05, 2.56115945376e-05, 3.07159752992e-05, 2.80921431113e-05, 3.19663122355e-05, 3.00354477076e-05, 1.77098099812e-05, 1.66693080246e-05, 1.35930595206e-05, 1.26423583424e-05, 9.52811114985e-06, 7.83008181315e-06, 6.1006235228e-06, 4.92483150083e-06, 4.37483276983e-06, 4.05038963436e-06, 3.91006096834e-06, 2.80962217403e-06, 2.73212185675e-06],
        "median": [0.001732573146, 0.000761287636124, 0.000180196599104, 0.000173481705133, 0.000193226675037, 0.000169698992977, 0.000170086888829, 0.00017319995095, 0.000117047937238, 8.31257057143e-05, 7.66627053963e-05, 7.27440638002e-05, 7.58095266065e-05, 5.14454441145e-05, 3.76168572984e-05, 5.41235640412e-05, 5.14237181051e-05, 3.4239517845e-05, 3.48299654434e-05, 2.70185846603e-05, 2.36880223383e-05, 2.29515026149e-05, 1.66349345818e-05, 1.7856611521e-05, 1.41757082019e-05, 1.47705814015e-05, 1.48389417518e-05, 1.13973164844e-05, 1.1683194316e-05, 1.00353890957e-05, 9.21412811294e-06, 6.72835722071e-06, 5.04435411131e-06, 4.1493021854e-06, 3.58429633707e-06, 3.16946511703e-06, 2.84995394395e-06, 2.65741027761e-06, 2.1150331122e-06, 2.07321909329e-06],
        "min": [6.61226287314e-24, 7.6991948714e-24, 1.78533895664e-23, 9.13624384978e-24, 7.87114998266e-24, 6.4781080043e-24, 6.67686505925e-24, 1.45262677245e-23, 7.09313828146e-24, 1.18034882777e-23, 7.51623751709e-24, 1.99893235529e-23, 1.60074566259e-23, 8.39108268326e-24, 8.47276844114e-24, 9.80080946419e-24, 9.30630727258e-24, 1.15386353285e-23, 6.36647314216e-24, 3.84035593019e-24, 7.98738784818e-24, 9.09773008266e-24, 1.03263280889e-23, 8.46212828525e-24, 6.94844856967e-24, 9.56647123254e-24, 9.84020123349e-24, 8.77964006643e-24, 7.62114576229e-24, 7.80416543661e-24, 5.59594102564e-24, 9.44247255343e-24, 7.2543349077e-24, 7.64954396602e-24, 1.02647432957e-23, 1.35169659502e-23, 1.56768071552e-23, 1.30347029355e-23, 1.02282395462e-23, 1.39000446944e-23],
        "var": [8.42268764245e-06, 7.86775501638e-07, 2.11287698448e-07, 1.0373439352e-07, 1.27029238683e-07, 1.03202502544e-07, 8.23666823635e-08, 1.33708965677e-07, 6.56462333382e-08, 2.82052905476e-08, 3.11711652046e-08, 2.24804228566e-08, 3.63421008842e-08, 3.0153294972e-08, 1.99221172892e-08, 1.70153722223e-08, 1.25745787116e-08, 8.67573302088e-09, 8.46478709349e-09, 2.26408713999e-09, 3.59517016157e-09, 2.53370635583e-09, 8.75412964341e-10, 1.71738856469e-09, 1.61152258205e-09, 2.34518626741e-09, 2.4186928016e-09, 4.0437728166e-10, 3.11265513364e-10, 1.663427035e-10, 1.58532811878e-10, 8.93423113268e-11, 7.22451612423e-11, 4.38199476704e-11, 2.28037155131e-11, 1.84515180912e-11, 1.70893854623e-11, 1.8690852685e-11, 7.19411422795e-12, 6.62367383164e-12]
    },
    "mfcc": {
        "mean": [-585.342651367, 88.3010482788, -0.896343946457, 16.0219535828, 0.244584903121, 7.55327415466, 3.54458642006, 1.81540203094, 3.63917279243, 5.02091884613, 4.39542245865, 4.76309347153, 3.66355919838],
        "cov": [[3044.49853516, -649.178833008, -53.0747528076, 161.516433716, 103.506507874, 66.3856735229, 150.111999512, 108.989067078, 73.4655838013, 135.036132812, 106.24332428, 51.2593803406, 64.7022094727], [-649.178833008, 522.354187012, -7.65850496292, 0.506565511227, -45.2777862549, -27.9372081757, -36.1093215942, -30.6786403656, -15.1310577393, -41.4241065979, -35.176700592, -17.3485832214, -29.4894104004], [-53.0747528076, -7.65850496292, 234.837936401, -4.59167098999, 25.5216751099, 50.298992157, -3.01818275452, 2.04593014717, 12.1964902878, -12.4228544235, -0.3099655509, 5.02315282822, -7.48320960999], [161.516433716, 0.506565511227, -4.59167098999, 186.6537323, 19.8029060364, 15.7653627396, 35.0252075195, 27.966966629, 5.82975530624, 24.2025585175, 18.8389015198, 2.67671227455, 19.1945152283], [103.506507874, -45.2777862549, 25.5216751099, 19.8029060364, 121.201683044, 51.0415344238, 39.4525604248, 19.2524852753, 21.0212287903, 23.8164978027, 21.1373271942, 17.4549922943, 11.2584724426], [66.3856735229, -27.9372081757, 50.298992157, 15.7653627396, 51.0415344238, 133.429702759, 40.5540771484, 30.1702308655, 27.6348991394, 16.0772380829, 23.9171962738, 19.1205062866, 9.97627830505], [150.111999512, -36.1093215942, -3.01818275452, 35.0252075195, 39.4525604248, 40.5540771484, 88.5031661987, 44.6123695374, 23.6637153625, 23.6020946503, 17.9788284302, 10.0996618271, 13.4575252533], [108.989067078, -30.6786403656, 2.04593014717, 27.966966629, 19.2524852753, 30.1702308655, 44.6123695374, 76.812461853, 39.1984672546, 22.5798931122, 12.9085788727, 11.0227251053, 12.1452531815], [73.4655838013, -15.1310577393, 12.1964902878, 5.82975530624, 21.0212287903, 27.6348991394, 23.6637153625, 39.1984672546, 71.0246734619, 33.7875328064, 17.8043365479, 10.6959524155, 10.4989423752], [135.036132812, -41.4241065979, -12.4228544235, 24.2025585175, 23.8164978027, 16.0772380829, 23.6020946503, 22.5798931122, 33.7875328064, 75.7071151733, 39.2051696777, 16.5697364807, 11.3496875763], [106.24332428, -35.176700592, -0.3099655509, 18.8389015198, 21.1373271942, 23.9171962738, 17.9788284302, 12.9085788727, 17.8043365479, 39.2051696777, 69.9310760498, 30.3296432495, 14.8661136627], [51.2593803406, -17.3485832214, 5.02315282822, 2.67671227455, 17.4549922943, 19.1205062866, 10.0996618271, 11.0227251053, 10.6959524155, 16.5697364807, 30.3296432495, 64.8551635742, 31.3775405884], [64.7022094727, -29.4894104004, -7.48320960999, 19.1945152283, 11.2584724426, 9.97627830505, 13.4575252533, 12.1452531815, 10.4989423752, 11.3496875763, 14.8661136627, 31.3775405884, 70.6608352661]],
