{
"lowlevel": {
    "average_loudness": 0.960247397423,
    "barkbands_crest": {
        "dmean": 3.4814183712,
        "dmean2": 5.79635381699,
        "dvar": 9.5763168335,
        "dvar2": 26.8466854095,
        "max": 26.7559547424,
        "mean": 12.0996732712,
        "median": 11.6240062714,
        "min": 2.29924249649,
        "var": 21.2239704132
    },
    "barkbands_flatness_db": {
        "dmean": 0.0374748557806,
        "dmean2": 0.0590646751225,
        "dvar": 0.00340438610874,
        "dvar2": 0.00701348064467,
        "max": 0.843351900578,
        "mean": 0.159957796335,
        "median": 0.0925793647766,
        "min": 0.013659035787,
        "var": 0.0262277107686
    },
    "barkbands_kurtosis": {
        "dmean": 11.4243841171,
        "dmean2": 19.5363674164,
        "dvar": 4547.38867188,
        "dvar2": 12529.8535156,
        "max": 2349.71679688,
        "mean": 10.9385576248,
        "median": 1.32361364365,
        "min": -1.97467505932,
        "var": 3587.15673828
    },
    "barkbands_skewness": {
        "dmean": 0.944014370441,
        "dmean2": 1.55627131462,
        "dvar": 2.86304068565,
        "dvar2": 7.62436008453,
        "max": 39.9318351746,
        "mean": 1.87246370316,
        "median": 1.5644774437,
        "min": -9.34463596344,
        "var": 3.6476316452
    },
    "barkbands_spread": {
        "dmean": 13.9617881775,
        "dmean2": 22.4565048218,
        "dvar": 253.491592407,
        "dvar2": 607.635192871,
        "max": 145.061203003,
        "mean": 44.8413124084,
        "median": 47.9733963013,
        "min": 0.0186231266707,
        "var": 840.216918945
    },
    "dissonance": {
        "dmean": 0.0180175062269,
        "dmean2": 0.0292096380144,
        "dvar": 0.000967982283328,
        "dvar2": 0.00224305153824,
        "max": 0.500000119209,
        "mean": 0.456210225821,
        "median": 0.479950070381,
        "min": 0.0276839826256,
        "var": 0.00470964051783
    },
    "dynamic_complexity": 1.94805192947,
    "erbbands_crest": {
        "dmean": 1.66197788715,
        "dmean2": 2.66086816788,
        "dvar": 5.08318185806,
        "dvar2": 11.2556886673,
        "max": 32.5265312195,
        "mean": 6.88851690292,
        "median": 4.79403352737,
        "min": 1.94319272041,
        "var": 28.1225662231
    },
    "erbbands_flatness_db": {
        "dmean": 0.0177297350019,
        "dmean2": 0.026727380231,
        "dvar": 0.00139573018532,
        "dvar2": 0.0024731089361,
        "max": 0.663492321968,
        "mean": 0.115082904696,
        "median": 0.0642740875483,
        "min": 0.0238977465779,
        "var": 0.0130612626672
    },
    "erbbands_kurtosis": {
        "dmean": 2.80825161934,
        "dmean2": 4.37369728088,
        "dvar": 182.980194092,
        "dvar2": 423.996032715,
        "max": 454.264801025,
        "mean": 2.71418642998,
        "median": -0.751644611359,
        "min": -1.94691550732,
        "var": 272.120574951
    },
    "erbbands_skewness": {
        "dmean": 0.475857257843,
        "dmean2": 0.698165774345,
        "dvar": 0.764263629913,
        "dvar2": 1.7279073,
        "max": 15.6968803406,
        "mean": 0.236454501748,
        "median": -0.0304832719266,
        "min": -5.58110237122,
        "var": 1.97504532337
    },
    "erbbands_spread": {
        "dmean": 13.7481298447,
        "dmean2": 22.0657329559,
        "dvar": 436.074523926,
        "dvar2": 989.131713867,
        "max": 250.237380981,
        "mean": 65.9622573853,
        "median": 69.3852767944,
        "min": 0.236665681005,
        "var": 1116.28662109
    },
    "hfc": {
        "dmean": 23.6467685699,
        "dmean2": 39.9697227478,
        "dvar": 1119.19873047,
        "dvar2": 3056.42919922,
        "max": 325.099151611,
        "mean": 67.1589355469,
        "median": 69.6825561523,
        "min": 1.12229086184e-16,
        "var": 2256.39257812
    },
    "melbands_crest": {
        "dmean": 4.88009786606,
        "dmean2": 8.02886104584,
        "dvar": 19.3441238403,
        "dvar2": 48.2226829529,
        "max": 39.8839492798,
        "mean": 19.7800178528,
        "median": 18.779964447,
        "min": 1.66893851757,
        "var": 48.0060920715
    },
    "melbands_flatness_db": {
        "dmean": 0.0473899692297,
        "dmean2": 0.0759781673551,
        "dvar": 0.00458204373717,
        "dvar2": 0.00977614801377,
        "max": 0.997747778893,
        "mean": 0.253668278456,
        "median": 0.181570529938,
        "min": 0.0064737694338,
        "var": 0.0340659916401
    },
    "melbands_kurtosis": {
        "dmean": 31.7180175781,
        "dmean2": 52.9039115906,
        "dvar": 21349.5996094,
        "dvar2": 54565.5234375,
        "max": 5143.76806641,
        "mean": 43.8822021484,
        "median": 20.3591976166,
        "min": -1.90472185612,
        "var": 22373.7773438
    },
    "melbands_skewness": {
        "dmean": 1.47325515747,
        "dmean2": 2.46718549728,
        "dvar": 5.32645940781,
        "dvar2": 14.276974678,
        "max": 56.6401138306,
        "mean": 4.40410995483,
        "median": 3.9917242527,
        "min": -4.47684860229,
        "var": 8.91101932526
    },
    "melbands_spread": {
        "dmean": 9.88096237183,
        "dmean2": 16.9423942566,
        "dvar": 186.724090576,
        "dvar2": 499.09664917,
        "max": 298.832244873,
        "mean": 21.0244674683,
        "median": 18.9534988403,
        "min": 0.0448425039649,
        "var": 378.885192871
    },
    "pitch_salience": {
        "dmean": 0.0966658294201,
        "dmean2": 0.159230843186,
        "dvar": 0.00817689113319,
        "dvar2": 0.0213884655386,
        "max": 0.974420368671,
        "mean": 0.493697732687,
        "median": 0.511938154697,
        "min": 0.00546444486827,
        "var": 0.0192084442824
    },
    "silence_rate_20dB": {
        "dmean": 0,
        "dmean2": 0,
        "dvar": 0,
        "dvar2": 0,
        "max": 1,
        "mean": 1,
        "median": 1,
        "min": 1,
        "var": 0
    },
    "silence_rate_30dB": {
        "dmean": 0.0363866239786,
        "dmean2": 0.0727783665061,
        "dvar": 0.0350553840399,
        "dvar2": 0.0809619054198,
        "max": 1,
        "mean": 0.963405191898,
        "median": 1,
        "min": 0,
        "var": 0.0352590568364
    },
    "silence_rate_60dB": {
        "dmean": 0.00337173370644,
        "dmean2": 0.00674394099042,
        "dvar": 0.00336043699645,
        "dvar2": 0.00669874390587,
        "max": 1,
        "mean": 0.0202992204577,
        "median": 0,
        "min": 0,
        "var": 0.0198870431632
    },
    "spectral_centroid": {
        "dmean": 369.194549561,
        "dmean2": 570.543273926,
        "dvar": 205323.4375,
        "dvar2": 442791.3125,
        "max": 10656.6162109,
        "mean": 1613.10583496,
        "median": 1710.11865234,
        "min": 38.6631622314,
        "var": 896890.5
    },
    "spectral_complexity": {
        "dmean": 4.45237445831,
        "dmean2": 7.36986303329,
        "dvar": 25.295539856,
        "dvar2": 64.2248306274,
        "max": 56,
        "mean": 23.4919567108,
        "median": 26,
        "min": 0,
        "var": 175.223556519
    },
    "spectral_decrease": {
        "dmean": 4.90353535554e-09,
        "dmean2": 7.90718157617e-09,
        "dvar": 2.90095086324e-17,
        "dvar2": 6.85034984416e-17,
        "max": 1.38263700489e-09,
        "mean": -1.31012338755e-08,
        "median": -1.22168364314e-08,
        "min": -6.36685939526e-08,
        "var": 5.70772688286e-17
    },
    "spectral_energy": {
        "dmean": 0.0188437011093,
        "dmean2": 0.0304169561714,
        "dvar": 0.000415111193433,
        "dvar2": 0.000983240315691,
        "max": 0.241233274341,
        "mean": 0.0555387213826,
        "median": 0.0533182173967,
        "min": 1.05649179968e-20,
        "var": 0.000818987726234
    },
    "spectral_energyband_high": {
        "dmean": 0.00196815864183,
        "dmean2": 0.00322678731754,
        "dvar": 7.05001048118e-06,
        "dvar2": 1.88466528925e-05,
        "max": 0.0317518897355,
        "mean": 0.0055283117108,
        "median": 0.00574776669964,
        "min": 7.6234960503e-21,
        "var": 1.89452402992e-05
    },
    "spectral_energyband_low": {
        "dmean": 0.0165964756161,
        "dmean2": 0.0272869467735,
        "dvar": 0.000380350276828,
        "dvar2": 0.000919573882129,
        "max": 0.239733502269,
        "mean": 0.0321400538087,
        "median": 0.0268530398607,
        "min": 7.45547014161e-23,
        "var": 0.000708110805135
    },
    "spectral_energyband_middle_high": {
        "dmean": 0.00193951616529,
        "dmean2": 0.00354119576514,
        "dvar": 1.61936677614e-05,
        "dvar2": 4.68712896691e-05,
        "max": 0.0357351973653,
        "mean": 0.00368133676238,
        "median": 0.00309031782672,
        "min": 1.87451364877e-21,
        "var": 1.41363716466e-05
    },
    "spectral_energyband_middle_low": {
        "dmean": 0.00753733236343,
        "dmean2": 0.0126684168354,
        "dvar": 0.000181488532689,
        "dvar2": 0.000470574159408,
        "max": 0.202869936824,
        "mean": 0.0163744948804,
        "median": 0.0118326647207,
        "min": 2.51173817093e-22,
        "var": 0.000280006148387
    },
    "spectral_entropy": {
        "dmean": 0.227406412363,
        "dmean2": 0.342838138342,
        "dvar": 0.214881211519,
        "dvar2": 0.407433718443,
        "max": 9.80708217621,
        "mean": 7.69606256485,
        "median": 8.21471691132,
        "min": 2.75950813293,
        "var": 1.54035937786
    },
    "spectral_flux": {
        "dmean": 0.0401170663536,
        "dmean2": 0.0653127580881,
        "dvar": 0.00175011460669,
        "dvar2": 0.00415273802355,
        "max": 0.439800769091,
        "mean": 0.120774172246,
        "median": 0.1114609465,
        "min": 1.02785786826e-10,
        "var": 0.00369600346312
    },
    "spectral_kurtosis": {
        "dmean": 10.7813777924,
        "dmean2": 17.7064247131,
        "dvar": 3455.98535156,
        "dvar2": 9178.91015625,
        "max": 1652.78686523,
        "mean": 20.2232818604,
        "median": 1.63926458359,
        "min": -1.30910694599,
        "var": 7244.56787109
    },
    "spectral_rms": {
        "dmean": 0.00122437963728,
        "dmean2": 0.00197190814652,
        "dvar": 1.43929219121e-06,
        "dvar2": 3.50891173184e-06,
        "max": 0.0153411058709,
        "mean": 0.00707821501419,
        "median": 0.00721233477816,
        "min": 3.21048851566e-12,
        "var": 4.08303594668e-06
    },
    "spectral_rolloff": {
        "dmean": 2146.01904297,
        "dmean2": 3740.73095703,
        "dvar": 7865604,
        "dvar2": 20559046,
        "max": 18303.2226562,
        "mean": 3003.75561523,
        "median": 1571.92382812,
        "min": 21.533203125,
        "var": 11198017
    },
    "spectral_skewness": {
        "dmean": 0.48373323679,
        "dmean2": 0.744963884354,
        "dvar": 2.19670176506,
        "dvar2": 4.84821557999,
        "max": 33.6364936829,
        "mean": 2.15758705139,
        "median": 1.20608329773,
        "min": -0.23168733716,
        "var": 10.7001943588
    },
    "spectral_spread": {
        "dmean": 1019454.875,
        "dmean2": 1514898.75,
        "dvar": 2.76552246886e+12,
        "dvar2": 4.88645276467e+12,
        "max": 40073800,
        "mean": 7817370.5,
        "median": 8419053,
        "min": 80251.765625,
        "var": 1.15731521864e+13
    },
    "spectral_strongpeak": {
        "dmean": 0.255924493074,
        "dmean2": 0.442839503288,
        "dvar": 0.205864146352,
        "dvar2": 0.548014104366,
        "max": 13.3897047043,
        "mean": 0.474841535091,
        "median": 0.337518334389,
        "min": 0,
        "var": 0.27237996459
    },
    "zerocrossingrate": {
        "dmean": 0.0229734685272,
        "dmean2": 0.0289618521929,
        "dvar": 0.000630090711638,
        "dvar2": 0.000921327329706,
        "max": 0.591796875,
        "mean": 0.111810848117,
        "median": 0.11962890625,
        "min": 0,
        "var": 0.00476740952581
    },
    "barkbands": {
        "dmean": [0.00236362218857, 0.0137954130769, 0.00292810122482, 0.00353236286901, 0.00458091497421, 0.00110062584281, 0.000482692033984, 0.000336615281412, 0.000407360523241, 0.000293353950838, 0.000216140106204, 0.000314774049912, 0.000416665774537, 0.000360006990377, 0.000190531252883, 0.000180696108146, 0.000195182903553, 0.0002201294119, 0.00013094197493, 0.000204281066544, 0.000306118628941, 0.000251332065091, 0.000249575998168, 0.000300837360555, 0.000474549713545, 0.000573242024984, 0.000355873431545],
        "dmean2": [0.00340586062521, 0.0222343169153, 0.00490840803832, 0.00633154436946, 0.0079939942807, 0.00167096348014, 0.000757275265642, 0.000570744392462, 0.000658912584186, 0.000516202824656, 0.000353277398972, 0.000561257067602, 0.000763181480579, 0.000655330892187, 0.000327493005898, 0.000321665458614, 0.000342942628777, 0.000389790278859, 0.000211581689655, 0.000335356773576, 0.000504281371832, 0.000391585024772, 0.000382072350476, 0.000482979026856, 0.000784911389928, 0.00093660276616, 0.000601434148848],
        "dvar": [1.39359372042e-05, 0.000290833151666, 2.40223416768e-05, 4.49369508715e-05, 0.000118343006761, 4.82344285047e-06, 7.43801422232e-07, 4.47281507832e-07, 5.55867018193e-07, 3.5357297179e-07, 1.34979543986e-07, 3.83346957733e-07, 8.69669179338e-07, 5.34695857368e-07, 9.65944906284e-08, 1.25015603203e-07, 1.34749370773e-07, 1.77988738415e-07, 2.99464275599e-08, 7.36888381425e-08, 2.00230516612e-07, 1.09932209114e-07, 1.14062693513e-07, 1.25965343045e-07, 4.41108568339e-07, 7.60083366913e-07, 4.06574258704e-07],
        "dvar2": [2.45990195253e-05, 0.000700157601386, 6.22507286607e-05, 0.000125595150166, 0.00032975859358, 9.14017255127e-06, 1.60225931722e-06, 1.09059135411e-06, 1.33258947699e-06, 9.95137156679e-07, 3.25967249637e-07, 1.0849720411e-06, 2.48277456194e-06, 1.51061612996e-06, 2.56821664379e-07, 3.53003770215e-07, 3.84829434097e-07, 5.12387600793e-07, 7.27359434904e-08, 1.89018280139e-07, 5.57101031973e-07, 2.59008146486e-07, 2.51013290153e-07, 3.19216781008e-07, 1.16834451092e-06, 1.96998075808e-06, 1.09575773877e-06],
        "max": [0.0571750700474, 0.192024156451, 0.111338168383, 0.104057312012, 0.148090034723, 0.106067225337, 0.026324685663, 0.0296005588025, 0.0230021178722, 0.0123168546706, 0.0133307892829, 0.0084626916796, 0.0100585529581, 0.00718208029866, 0.00596034387127, 0.00499306526035, 0.00453170575202, 0.00507949898019, 0.00363028701395, 0.00396263739094, 0.00480833183974, 0.00503042060882, 0.00505089107901, 0.00500644138083, 0.0118263540789, 0.00944858789444, 0.00831069611013],
        "mean": [0.00347487838008, 0.0224107243121, 0.00414347136393, 0.00435826508328, 0.00681381393224, 0.00257076346315, 0.0010376466671, 0.000569498050027, 0.000867314520292, 0.000395224051317, 0.000414061185438, 0.000420815660618, 0.000440317526227, 0.000391155452235, 0.000305291556288, 0.00026066537248, 0.00031966259121, 0.000336279597832, 0.000298744271277, 0.000431013933849, 0.000606691173743, 0.000602312094998, 0.000599111255724, 0.000738977163564, 0.0010217523668, 0.00118553789798, 0.000524612958543],
        "median": [0.00183939875569, 0.0170043073595, 0.00183667032979, 0.00181751954369, 0.00307267159224, 0.00122112210374, 0.000385678082239, 0.00022483887733, 0.000391662935726, 0.000216367843677, 0.000234411752899, 0.000256826868281, 0.000186328645214, 0.000198097477551, 0.000190557242604, 0.000174096334376, 0.000241688729147, 0.000248213415034, 0.000253650388913, 0.000360772071872, 0.00045897133532, 0.000495917047374, 0.000503598188516, 0.000681074510794, 0.000921391241718, 0.00107590528205, 0.000324010208715],
        "min": [7.17330390437e-24, 3.36016880301e-23, 2.97265950043e-23, 1.04578304129e-23, 2.77825419667e-23, 2.77264886663e-23, 2.98742161233e-23, 7.70967015536e-24, 1.06841553955e-22, 1.05132805503e-22, 1.15294848576e-22, 1.20096449268e-22, 1.56953444399e-22, 1.73998507128e-22, 9.91749745374e-23, 1.25152769992e-22, 2.59977176629e-22, 2.29784655131e-22, 2.87772621205e-22, 4.36433597634e-22, 5.91952236574e-22, 4.28168152882e-22, 5.05720626713e-22, 9.12830257637e-22, 1.19417385179e-21, 1.6916585687e-21, 2.31272469517e-21],
        "var": [2.68628737103e-05, 0.00049875699915, 4.24273166573e-05, 5.85313100601e-05, 0.000131029519252, 2.07772245631e-05, 3.37662959282e-06, 1.15156444735e-06, 2.04680418392e-06, 3.34732135343e-07, 3.55502010052e-07, 3.44937660657e-07, 6.19469233243e-07, 4.0422835923e-07, 1.4687215355e-07, 1.14515046334e-07, 1.26633452169e-07, 1.55988615802e-07, 8.0328092622e-08, 1.66669124724e-07, 3.83929858572e-07, 3.37795540872e-07, 3.60351691597e-07, 4.2758748009e-07, 8.73743317698e-07, 1.21992786717e-06, 4.44896784302e-07]
    },
    "erbbands": {
        "dmean": [0.712213397026, 2.13950705528, 3.16531920433, 7.90989923477, 12.842341423, 18.2285823822, 11.7289714813, 7.16335201263, 4.59586811066, 7.88240909576, 7.63809680939, 9.67871570587, 8.61823940277, 10.3813400269, 6.9765381813, 14.3241214752, 20.2601528168, 17.1313304901, 13.1852149963, 7.92018604279, 10.9326782227, 10.7268772125, 12.0693807602, 7.69624853134, 7.57445812225, 8.60783863068, 10.6699972153, 13.3736314774, 9.45877075195, 7.91043710709, 7.44598388672, 6.45112371445, 5.4164981842, 5.24976396561, 3.74017047882, 2.41526865959, 1.17834031582, 0.409456044436, 0.0633429214358, 0.000810523633845],
        "dmean2": [1.09030747414, 3.61307525635, 5.24109315872, 13.8128709793, 23.1126880646, 31.1240444183, 18.7290172577, 10.7052135468, 7.42333650589, 12.7080135345, 12.6957159042, 15.558391571, 14.8890199661, 17.6959247589, 11.5740184784, 25.9728622437, 37.3584632874, 31.0753440857, 23.5176086426, 13.7322683334, 19.6235427856, 19.0889225006, 21.3252925873, 12.9595432281, 12.2359476089, 14.1593227386, 17.650472641, 21.9535121918, 14.8981580734, 12.3542194366, 11.356221199, 10.2373485565, 8.70824241638, 8.84053230286, 6.12578392029, 3.88141345978, 1.95646607876, 0.675775885582, 0.107953555882, 0.00137452152558],
        "dvar": [0.981755375862, 5.90067529678, 24.848274231, 196.179214478, 1009.315979, 1582.75756836, 565.594543457, 194.747711182, 55.4469528198, 171.185653687, 238.032562256, 351.056274414, 278.836517334, 375.976348877, 134.597259521, 910.179138184, 2194.06396484, 1171.16760254, 625.63470459, 159.243591309, 479.854797363, 494.971679688, 563.734802246, 115.069137573, 109.608398438, 127.902801514, 241.604187012, 420.969482422, 161.301101685, 109.36807251, 108.923835754, 60.8557052612, 39.1539115906, 47.7351570129, 27.5299854279, 11.9405641556, 3.35627794266, 0.393468171358, 0.0140890125185, 2.14302917811e-06],
        "dvar2": [1.98535954952, 17.1712875366, 65.5636138916, 531.624572754, 2829.26171875, 4274.94335938, 1125.8659668, 363.483795166, 131.417373657, 406.403076172, 557.868347168, 827.079101562, 772.965942383, 990.667297363, 358.944335938, 2593.97802734, 6283.91699219, 3306.73632812, 1742.9510498, 438.790222168, 1371.01867676, 1425.24462891, 1617.65844727, 307.535552979, 266.346984863, 326.197814941, 651.270385742, 1180.7298584, 386.501495361, 260.539520264, 232.697769165, 148.407714844, 99.4133071899, 127.356285095, 70.9206695557, 30.8356761932, 8.7535905838, 1.02482199669, 0.0383668988943, 5.80123787586e-06],
        "max": [12.4609937668, 26.4713191986, 97.1693954468, 235.641220093, 520.989624023, 739.907043457, 1694.19677734, 608.770324707, 195.628433228, 327.734039307, 687.937072754, 655.904541016, 427.445800781, 627.75012207, 290.944824219, 351.508117676, 469.738128662, 385.699035645, 376.513244629, 201.544708252, 224.025909424, 284.206970215, 292.891693115, 131.257705688, 214.706375122, 191.294937134, 239.490142822, 238.274612427, 207.754119873, 148.455184937, 155.851516724, 104.159515381, 105.26335144, 91.5989227295, 119.152839661, 49.6352005005, 18.5419311523, 7.17786455154, 1.4827555418, 0.0180115923285],
        "mean": [1.05712461472, 3.34840607643, 4.89601421356, 10.7199497223, 14.9916877747, 29.6310997009, 25.9340629578, 16.9861412048, 10.1972951889, 16.9482250214, 15.4859256744, 20.5781860352, 13.1889543533, 17.1279411316, 13.4131336212, 17.9066734314, 21.4587745667, 20.2377204895, 18.1799373627, 13.7775449753, 16.1893253326, 17.0888938904, 18.8734951019, 16.0572910309, 16.9074020386, 18.7842197418, 22.6783695221, 25.102771759, 21.8192405701, 18.7181358337, 17.103395462, 15.1133708954, 12.5582580566, 10.5998249054, 7.63145923615, 4.76071357727, 2.22951960564, 0.763974905014, 0.0883120894432, 0.0012906815391],
        "median": [0.646615087986, 2.66073584557, 2.80450820923, 5.43047571182, 6.91279649734, 12.6790904999, 13.1047706604, 8.52165603638, 5.47516775131, 7.42330121994, 6.66995668411, 9.47911548615, 7.92835474014, 9.44037628174, 9.2203207016, 10.3229866028, 9.61921405792, 11.4273643494, 11.2295198441, 9.95256233215, 11.7285223007, 13.0598831177, 14.417142868, 13.8992490768, 14.2526006699, 16.3620986938, 17.9400081635, 18.4499988556, 17.9320735931, 15.7479400635, 14.1052265167, 13.0655546188, 11.4611377716, 9.35070896149, 6.63000679016, 4.10924625397, 1.90317487717, 0.60456430912, 0.0510440655053, 0.000861015869305],
        "min": [1.47860685244e-21, 6.11196363304e-21, 2.61129206376e-20, 4.55170704653e-20, 2.62124601921e-20, 6.9172797779e-20, 3.59437945199e-19, 1.71667726429e-19, 3.89801884329e-19, 2.92303785738e-19, 4.0129429232e-19, 2.50155692015e-18, 3.54913877294e-18, 3.4278203284e-18, 4.14801960438e-18, 5.70258562448e-18, 7.11625714367e-18, 7.1956400127e-18, 7.99044229453e-18, 6.91932611934e-18, 5.85692801421e-18, 1.62487637217e-17, 1.23668671456e-17, 1.77824608021e-17, 1.28004065667e-17, 2.13214339389e-17, 2.13989870845e-17, 2.40198360634e-17, 1.34247194796e-17, 1.40255388088e-17, 1.43056056206e-17, 1.67116027073e-17, 1.65624769321e-17, 1.13581915261e-17, 9.12595365323e-18, 5.47798292712e-18, 2.74003826062e-18, 1.62610225384e-18, 3.1270735877e-19, 3.35833745421e-20],
        "var": [1.75706660748, 8.72224903107, 40.1745567322, 262.499481201, 783.817382812, 2567.92114258, 2490.39257812, 773.545043945, 205.213928223, 673.95300293, 817.393249512, 1248.79260254, 310.650909424, 634.46472168, 277.949737549, 731.512268066, 1491.29174805, 936.843017578, 603.104003906, 225.783843994, 394.245513916, 401.94342041, 487.850189209, 223.029464722, 267.38192749, 294.228729248, 502.406066895, 724.871826172, 449.523284912, 330.437805176, 320.872161865, 195.576339722, 124.981262207, 95.337059021, 53.2053184509, 20.6681365967, 4.77193069458, 0.612024784088, 0.0141058452427, 2.31474427892e-06]
    },
    "gfcc": {
        "mean": [36.0624008179, 49.3236694336, -48.8010902405, 34.6395225525, -42.8090820312, 13.3020944595, -30.2297706604, 6.36696815491, -22.6638145447, 6.96848678589, -15.7712554932, 6.25097417831, -9.1378326416],
        "cov": [[18227.2363281, -6796.75537109, -3106.84790039, -503.332611084, -626.488708496, 1331.20678711, -209.899810791, 805.775512695, -469.537780762, 787.201416016, -570.114013672, 601.436340332, -689.237487793], [-6796.75537109, 4690.00146484, 715.897888184, 33.921710968, 180.95614624, -938.714416504, 81.2995071411, -599.505554199, 246.690536499, -590.150878906, 279.939239502, -420.51940918, 324.526092529], [-3106.84790039, 715.897888184, 2485.13110352, -23.2161331177, 413.801635742, -119.083496094, -75.0090179443, 96.8291397095, -28.891166687, 152.497894287, 86.6506729126, 87.5554122925, 145.881072998], [-503.332611084, 33.921710968, -23.2161331177, 400.807952881, -20.8063430786, 11.8446245193, -24.2490940094, -74.0160140991, 11.9559545517, -33.7807121277, 10.1380157471, -17.8375053406, 21.0536499023], [-626.488708496, 180.95614624, 413.801635742, -20.8063430786, 372.34475708, 49.5494041443, 44.1479606628, 70.3077774048, 40.0481719971, 57.6638908386, 56.690990448, 30.9853115082, 47.9986572266], [1331.20678711, -938.714416504, -119.083496094, 11.8446245193, 49.5494041443, 327.964630127, 27.4314460754, 184.572769165, -31.5290431976, 158.481964111, -43.6410369873, 107.031669617, -65.4764556885], [-209.899810791, 81.2995071411, -75.0090179443, -24.2490940094, 44.1479606628, 27.4314460754, 114.704246521, 39.3599739075, 56.1873779297, -1.84007668495, 25.2284584045, -3.95648908615, 18.4906406403], [805.775512695, -599.505554199, 96.8291397095, -74.0160140991, 70.3077774048, 184.572769165, 39.3599739075, 219.337997437, 9.68695354462, 142.948013306, -15.6190948486, 92.9424819946, -26.4052810669], [-469.537780762, 246.690536499, -28.891166687, 11.9559545517, 40.0481719971, -31.5290431976, 56.1873779297, 9.68695354462, 101.812049866, -6.40441179276, 51.148399353, -20.1703910828, 33.8199691772], [787.201416016, -590.150878906, 152.497894287, -33.7807121277, 57.6638908386, 158.481964111, -1.84007668495, 142.948013306, -6.40441179276, 185.027114868, 2.09821248055, 103.325828552, -30.2822952271], [-570.114013672, 279.939239502, 86.6506729126, 10.1380157471, 56.690990448, -43.6410369873, 25.2284584045, -15.6190948486, 51.148399353, 2.09821248055, 86.7214279175, 4.36949729919, 44.4797172546], [601.436340332, -420.51940918, 87.5554122925, -17.8375053406, 30.9853115082, 107.031669617, -3.95648908615, 92.9424819946, -20.1703910828, 103.325828552, 4.36949729919, 111.385658264, 5.05420017242], [-689.237487793, 324.526092529, 145.881072998, 21.0536499023, 47.9986572266, -65.4764556885, 18.4906406403, -26.4052810669, 33.8199691772, -30.2822952271, 44.4797172546, 5.05420017242, 92.282409668]],
        "icov": [[0.000213094448554, 0.000110949607915, 0.000265528389718, 0.000170771207195, -4.39246105088e-05, 0.000100476667285, 0.000284997338895, -0.000136624556035, 0.000176899688086, -0.000315129262162, 0.000467579462565, -0.000584505381994, 0.000379014003556], [0.000110949607915, 0.00110112933908, -0.000135122842039, 0.000319476181176, -0.000375764182536, 0.00109717284795, -0.000241326270043, 0.000668407126796, -0.000607688096352, 0.00115645735059, -0.00116270396393, 0.00108877848834, -0.000586416281294], [0.000265528389718, -0.000135122842039, 0.00115091877524, -4.57878159068e-05, -0.000666479405481, 0.000909790804144, 0.000820915680379, -0.00117015861906, 0.00160938000772, -0.00196501659229, 0.00084558269009, -0.000436467293184, -0.000476012355648], [0.000170771207195, 0.000319476181176, -4.57878159068e-05, 0.0034387037158, 0.000228537013754, -0.00205795583315, 0.00137538230047, 0.0024851502385, -0.00188948248979, 0.000574310950469, 0.000161956340889, -8.07477408671e-05, -0.000896420213394], [-4.39246105088e-05, -0.000375764182536, -0.000666479405481, 0.000228537013754, 0.00435856729746, -0.00210643047467, -0.000584104214795, -0.000428329134593, -0.000173511536559, -0.000316395016853, -0.00163864623755, 0.00090231600916, -0.00107211829163], [0.000100476667285, 0.00109717284795, 0.000909790804144, -0.00205795583315, -0.00210643047467, 0.0124188940972, -0.0033485009335, -0.00478538917378, 0.00334801245481, -0.00279488530941, 0.00105141091626, -0.00187800300773, 0.00258407578804], [0.000284997338895, -0.000241326270043, 0.000820915680379, 0.00137538230047, -0.000584104214795, -0.0033485009335, 0.0158816501498, -0.00320354150608, -0.0064753331244, 0.00283187278546, -0.000408917607274, 1.81158029591e-05, -0.00130665488541], [-0.000136624556035, 0.000668407126796, -0.00117015861906, 0.0024851502385, -0.000428329134593, -0.00478538917378, -0.00320354150608, 0.0172671247274, -0.00710057839751, -0.00324418116361, 0.00415919814259, -0.00366745097563, 5.57425591978e-05], [0.000176899688086, -0.000607688096352, 0.00160938000772, -0.00188948248979, -0.000173511536559, 0.00334801245481, -0.0064753331244, -0.00710057839751, 0.0254540145397, -0.00651208311319, -0.00878184102476, 0.00891438871622, -0.00464414060116], [-0.000315129262162, 0.00115645735059, -0.00196501659229, 0.000574310950469, -0.000316395016853, -0.00279488530941, 0.00283187278546, -0.00324418116361, -0.00651208311319, 0.0237860698253, -0.00636027473956, -0.0100290132686, 0.00704745016992], [0.000467579462565, -0.00116270396393, 0.00084558269009, 0.000161956340889, -0.00163864623755, 0.00105141091626, -0.000408917607274, 0.00415919814259, -0.00878184102476, -0.00636027473956, 0.0268916729838, -0.00823330506682, -0.00230168690905], [-0.000584505381994, 0.00108877848834, -0.000436467293184, -8.07477408671e-05, 0.00090231600916, -0.00187800300773, 1.81158029591e-05, -0.00366745097563, 0.00891438871622, -0.0100290132686, -0.00823330506682, 0.033098552376, -0.0147431697696], [0.000379014003556, -0.000586416281294, -0.000476012355648, -0.000896420213394, -0.00107211829163, 0.00258407578804, -0.00130665488541, 5.57425591978e-05, -0.00464414060116, 0.00704745016992, -0.00230168690905, -0.0147431697696, 0.0252866428345]]
    },
    "melbands": {
        "dmean": [0.00483110873029, 0.0018259860808, 0.00144391914364, 0.00112801673822, 0.000460580922663, 0.000165088960784, 8.29591299407e-05, 8.23922819109e-05, 6.57633427181e-05, 6.23056039331e-05, 4.2983192543e-05, 4.24025347456e-05, 2.34722228925e-05, 2.88615156023e-05, 4.62561802124e-05, 4.14152054873e-05, 3.37536293955e-05, 2.39417822741e-05, 1.45775466081e-05, 1.1395657566e-05, 1.34287556648e-05, 1.22465198729e-05, 1.01016612462e-05, 1.08389021989e-05, 6.2006065491e-06, 5.91183470533e-06, 6.42676741336e-06, 6.35411470284e-06, 6.88379441272e-06, 8.12085272628e-06, 8.27487292554e-06, 6.19904358246e-06, 4.95765152664e-06, 4.72699139209e-06, 4.68007920063e-06, 4.67101517643e-06, 4.18311583417e-06, 4.03580543207e-06, 4.74805938211e-06, 4.80792050439e-06],
        "dmean2": [0.0075806081295, 0.00309172295965, 0.00250761280768, 0.00197899574414, 0.000752831285354, 0.0002471927437, 0.000131294771563, 0.000134461108246, 0.000108258376713, 9.99575277092e-05, 7.46104706195e-05, 7.28701415937e-05, 3.89502420148e-05, 5.03020237375e-05, 8.58460189193e-05, 7.48853999539e-05, 6.10471979599e-05, 4.29658866778e-05, 2.50111934292e-05, 1.98975249077e-05, 2.40460540226e-05, 2.1773894332e-05, 1.77435213118e-05, 1.9265251467e-05, 1.02892545328e-05, 9.6794728961e-06, 1.05950521174e-05, 1.03843176475e-05, 1.14094273158e-05, 1.35702821353e-05, 1.36966054924e-05, 9.81418725132e-06, 7.93148319644e-06, 7.56690451453e-06, 7.24382744011e-06, 7.43974896977e-06, 6.74141665513e-06, 6.51049913358e-06, 7.862466191e-06, 8.16132524051e-06],
        "dvar": [4.08550695283e-05, 5.20753064848e-06, 6.84115912009e-06, 7.48653337723e-06, 7.18042429071e-07, 9.62701420804e-08, 1.99648972909e-08, 1.88578201943e-08, 1.64547397929e-08, 1.5136224718e-08, 7.12352754562e-09, 6.43226805153e-09, 1.45562673026e-09, 3.00631142203e-09, 1.02080797149e-08, 8.84448958516e-09, 4.40484315689e-09, 2.19561147041e-09, 5.95755944577e-10, 3.84555859378e-10, 6.74939548695e-10, 6.24946594474e-10, 3.86370879735e-10, 4.20565027248e-10, 6.83964343495e-11, 7.9653193763e-11, 8.11133937795e-11, 7.74540848125e-11, 9.04234326304e-11, 1.55954443803e-10, 1.69008848583e-10, 7.61917265391e-11, 4.48288177413e-11, 4.22670509703e-11, 4.38882367948e-11, 3.8651162132e-11, 2.69643994633e-11, 2.20963438519e-11, 3.43154497873e-11, 3.979611779e-11],
        "dvar2": [8.88082067831e-05, 1.47823238876e-05, 1.83434804057e-05, 2.08584115171e-05, 1.64036964634e-06, 1.82402487781e-07, 4.44208190231e-08, 4.62151774627e-08, 3.76813105163e-08, 3.52026496842e-08, 1.97812575209e-08, 1.72366352302e-08, 3.85019482962e-09, 8.45233394386e-09, 2.91426616172e-08, 2.5141982718e-08, 1.23362431381e-08, 6.14616224581e-09, 1.56328672229e-09, 1.0413439e-09, 1.92698479395e-09, 1.7959578269e-09, 1.10096731731e-09, 1.20506937762e-09, 1.74986677925e-10, 1.96835103772e-10, 1.99223443298e-10, 1.92027380108e-10, 2.48224246713e-10, 4.15525475139e-10, 4.65726845977e-10, 1.8447253447e-10, 1.11193554364e-10, 1.0245428117e-10, 9.58801996132e-11, 9.25609727753e-11, 6.85330472927e-11, 5.65039300071e-11, 9.02696736804e-11, 1.0711146553e-10],
        "max": [0.0771752223372, 0.035244371742, 0.035681206733, 0.0326778888702, 0.047262892127, 0.0116778761148, 0.00416198931634, 0.0034751361236, 0.0046038236469, 0.00433435058221, 0.00218808092177, 0.00239930977114, 0.000928405439481, 0.000940788711887, 0.000893633929081, 0.00115398934577, 0.000868912029546, 0.000597607693635, 0.000636327429675, 0.000453811371699, 0.00026800003252, 0.000312673859298, 0.000271312426776, 0.000236696883803, 0.000115189810458, 0.000222110320465, 0.000228048549616, 0.000176427754923, 0.000120341494039, 0.000194486085093, 0.000167009100551, 0.000171341845999, 0.000147574130096, 8.18796397652e-05, 9.04399348656e-05, 8.92552707228e-05, 6.37994307908e-05, 7.34083223506e-05, 9.25208223634e-05, 7.31132968212e-05],
        "mean": [0.00760044110939, 0.00316343945451, 0.00195983657613, 0.00160603702534, 0.00100508786272, 0.000391838868381, 0.000184083459317, 0.000171588384546, 0.000131313267048, 0.000129679188831, 6.14959280938e-05, 6.63360115141e-05, 4.54196488135e-05, 4.40079638793e-05, 4.67978898087e-05, 4.60701085103e-05, 3.75664785679e-05, 2.95481240755e-05, 2.29119887081e-05, 1.77553920366e-05, 1.88327740034e-05, 1.83765223483e-05, 1.5977793737e-05, 1.62956184795e-05, 1.24038679132e-05, 1.19934475151e-05, 1.24727157527e-05, 1.25711667351e-05, 1.37027982419e-05, 1.49403322212e-05, 1.43024353747e-05, 1.28617266455e-05, 1.08547728814e-05, 1.01098812593e-05, 9.59477711149e-06, 1.00762890725e-05, 8.86208636075e-06, 8.59086412675e-06, 8.95017001312e-06, 8.95465291251e-06],
        "median": [0.0052444380708, 0.00236220168881, 0.00101999123581, 0.000731417851057, 0.00055312004406, 0.000196298220544, 8.48798517836e-05, 7.80354093877e-05, 4.86457647639e-05, 5.78236613364e-05, 3.5287335777e-05, 3.5035336623e-05, 2.986423533e-05, 2.83668687189e-05, 2.18459063035e-05, 1.90271894098e-05, 1.90593382285e-05, 1.68041005963e-05, 1.37077777254e-05, 1.18803827718e-05, 1.31279794005e-05, 1.33287476274e-05, 1.20962413348e-05, 1.20227759908e-05, 1.0287936675e-05, 9.48364504438e-06, 1.01165896922e-05, 1.01938094303e-05, 1.06022926047e-05, 1.0803179066e-05, 9.90627449937e-06, 9.94230867946e-06, 8.8712449724e-06, 8.02388058219e-06, 7.48576803744e-06, 7.80146547186e-06, 7.62923855291e-06, 7.2900743362e-06, 7.44908493289e-06, 7.55663131713e-06],
        "min": [1.10490201302e-23, 1.15539384412e-23, 6.93857991975e-24, 2.53341141433e-24, 1.06625824163e-23, 4.10232440947e-24, 5.89675932678e-24, 2.92118861407e-24, 4.78248817056e-24, 1.6440790543e-23, 1.79680473436e-23, 1.36247322384e-23, 1.6081972427e-23, 1.21766234302e-23, 1.73166328293e-23, 1.49589737082e-23, 1.28471220674e-23, 1.40871025476e-23, 7.97215178866e-24, 9.9366828665e-24, 5.79086737203e-24, 1.80809238728e-23, 1.08047919494e-23, 1.10368117188e-23, 1.53686386426e-23, 9.70689872886e-24, 1.13694861955e-23, 1.45606036842e-23, 1.21335240146e-23, 1.43248573359e-23, 1.38200983748e-23, 6.88566628567e-24, 8.57910925774e-24, 7.33150285917e-24, 7.27980012658e-24, 1.03409046607e-23, 1.04077361677e-23, 1.22311195192e-23, 9.81318274749e-24, 9.63378710017e-24],
        "var": [7.1923219366e-05, 8.45846807351e-06, 8.65491165314e-06, 7.42748261473e-06, 2.77432104667e-06, 3.98802370682e-07, 8.62964171233e-08, 6.58400836073e-08, 6.57260628145e-08, 5.37014628321e-08, 7.34476879316e-09, 9.84884174215e-09, 3.23190763041e-09, 3.24133475615e-09, 6.88803503124e-09, 6.89135593035e-09, 3.64872843051e-09, 1.88850668437e-09, 9.16899167702e-10, 4.96807095463e-10, 5.57948909297e-10, 5.08908359897e-10, 3.47213674479e-10, 3.78636927367e-10, 1.48237144781e-10, 1.69001299066e-10, 1.60061824905e-10, 1.62188235064e-10, 1.82938164617e-10, 2.77586453823e-10, 2.70322375595e-10, 1.80102585623e-10, 1.1484559137e-10, 1.05547896811e-10, 1.09957661032e-10, 1.09481389232e-10, 7.06091435321e-11, 6.34453670156e-11, 7.42297681655e-11, 7.2249102534e-11]
    },
    "mfcc": {
        "mean": [-629.886413574, 94.9808425903, 45.8094787598, 32.2672538757, 14.9843091965, 13.2317361832, 5.83233118057, 3.25850152969, 2.84587478638, -0.111512184143, 0.505101323128, 1.37096631527, -1.33732283115],
        "cov": [[17277.3203125, -4940.29150391, -3336.94189453, -1697.5447998, -846.466552734, 102.709747314, 181.823226929, 131.669631958, 108.928016663, 201.393432617, 213.809860229, 167.054702759, 0.90294867754], [-4940.29150391, 2890.14868164, 811.044799805, 525.547180176, 133.385025024, -162.98614502, -179.104293823, -81.4178085327, -119.836471558, -123.561393738, -124.43800354, -103.537864685, -60.8815536499], [-3336.94189453, 811.044799805, 1571.35009766, 408.224639893, 393.749206543, -42.8868179321, 51.3287315369, -84.9864425659, 21.1973361969, -55.3302574158, -16.374628067, -20.6581954956, 54.3274650574], [-1697.5447998, 525.547180176, 408.224639893, 394.302856445, 112.278877258, 31.6382770538, -61.9541969299, -33.4861030579, -45.4973869324, -43.9947547913, -51.2517127991, -35.1198310852, -16.5708694458], [-846.466552734, 133.385025024, 393.749206543, 112.278877258, 324.864776611, 60.5609321594, 93.5097732544, 7.5529794693, 45.8456382751, 14.1762695312, 38.8519554138, 27.6707801819, 45.55701828], [102.709747314, -162.98614502, -42.8868179321, 31.6382770538, 60.5609321594, 118.693367004, 42.4495658875, 23.0187969208, 14.5680875778, 13.0486421585, 18.9650440216, 18.1209106445, 15.33989048], [181.823226929, -179.104293823, 51.3287315369, -61.9541969299, 93.5097732544, 42.4495658875, 122.035392761, 42.4789810181, 57.5839195251, 28.6157093048, 43.0713577271, 32.2053413391, 35.3819694519], [131.669631958, -81.4178085327, -84.9864425659, -33.4861030579, 7.5529794693, 23.0187969208, 42.4789810181, 81.5573272705, 44.9375839233, 31.6317596436, 20.2808513641, 15.6352510452, 13.6460781097], [108.928016663, -119.836471558, 21.1973361969, -45.4973869324, 45.8456382751, 14.5680875778, 57.5839195251, 44.9375839233, 92.2211303711, 41.4608306885, 41.1041488647, 22.3711338043, 25.3319187164], [201.393432617, -123.561393738, -55.3302574158, -43.9947547913, 14.1762695312, 13.0486421585, 28.6157093048, 31.6317596436, 41.4608306885, 71.5912246704, 41.6428260803, 26.071844101, 18.0303955078], [213.809860229, -124.43800354, -16.374628067, -51.2517127991, 38.8519554138, 18.9650440216, 43.0713577271, 20.2808513641, 41.1041488647, 41.6428260803, 79.0546035767, 44.4630699158, 30.7376461029], [167.054702759, -103.537864685, -20.6581954956, -35.1198310852, 27.6707801819, 18.1209106445, 32.2053413391, 15.6352510452, 22.3711338043, 26.071844101, 44.4630699158, 69.6506729126, 41.4621353149], [0.90294867754, -60.8815536499, 54.3274650574, -16.5708694458, 45.55701828, 15.33989048, 35.3819694519, 13.6460781097, 25.3319187164, 18.0303955078, 30.7376461029, 41.4621353149, 70.4661178589]],
