{
"lowlevel": {
    "average_loudness": 0.943240642548,
    "barkbands_crest": {
        "dmean": 2.91999197006,
        "dmean2": 4.75525999069,
        "dvar": 6.41215658188,
        "dvar2": 17.8875007629,
        "max": 24.9021987915,
        "mean": 9.43995857239,
        "median": 9.16250610352,
        "min": 2.07623434067,
        "var": 13.4067325592
    },
    "barkbands_flatness_db": {
        "dmean": 0.0261935926974,
        "dmean2": 0.0415751412511,
        "dvar": 0.00137385888956,
        "dvar2": 0.00315463310108,
        "max": 0.580804646015,
        "mean": 0.120187453926,
        "median": 0.0711705461144,
        "min": 0.0114142643288,
        "var": 0.0126921460032
    },
    "barkbands_kurtosis": {
        "dmean": 2.38712239265,
        "dmean2": 3.84108638763,
        "dvar": 40.7434120178,
        "dvar2": 101.239334106,
        "max": 159.053939819,
        "mean": 2.38230085373,
        "median": -0.42016851902,
        "min": -1.88045275211,
        "var": 66.1922225952
    },
    "barkbands_skewness": {
        "dmean": 0.537890613079,
        "dmean2": 0.844099164009,
        "dvar": 0.310124069452,
        "dvar2": 0.742968261242,
        "max": 8.64363384247,
        "mean": 1.11062860489,
        "median": 0.896645665169,
        "min": -1.44251489639,
        "var": 1.07719361782
    },
    "barkbands_spread": {
        "dmean": 9.1367559433,
        "dmean2": 14.82579422,
        "dvar": 121.455345154,
        "dvar2": 295.797515869,
        "max": 115.359191895,
        "mean": 47.0672454834,
        "median": 53.9849472046,
        "min": 0.560265004635,
        "var": 683.588500977
    },
    "dissonance": {
        "dmean": 0.0134188579395,
        "dmean2": 0.0217765998095,
        "dvar": 0.000384021463105,
        "dvar2": 0.000940171012189,
        "max": 0.500000298023,
        "mean": 0.468864232302,
        "median": 0.481381058693,
        "min": 0.0438180677593,
        "var": 0.00146954273805
    },
    "dynamic_complexity": 0.984077692032,
    "erbbands_crest": {
        "dmean": 1.82362556458,
        "dmean2": 2.94547128677,
        "dvar": 4.74699449539,
        "dvar2": 11.7210826874,
        "max": 25.8324546814,
        "mean": 8.10605335236,
        "median": 6.26735639572,
        "min": 2.20931005478,
        "var": 24.2016620636
    },
    "erbbands_flatness_db": {
        "dmean": 0.0160916894674,
        "dmean2": 0.0246327035129,
        "dvar": 0.000706899096258,
        "dvar2": 0.00152895692736,
        "max": 0.493535518646,
        "mean": 0.129851251841,
        "median": 0.0995552092791,
        "min": 0.0380961298943,
        "var": 0.00660404656082
    },
    "erbbands_kurtosis": {
        "dmean": 1.20939123631,
        "dmean2": 1.92399811745,
        "dvar": 11.9043493271,
        "dvar2": 27.7908153534,
        "max": 75.3263778687,
        "mean": 1.17046666145,
        "median": -0.529525518417,
        "min": -1.90360784531,
        "var": 31.8560390472
    },
    "erbbands_skewness": {
        "dmean": 0.360600620508,
        "dmean2": 0.559397339821,
        "dvar": 0.25652256608,
        "dvar2": 0.650072395802,
        "max": 7.67230081558,
        "mean": 0.127117484808,
        "median": -0.118492767215,
        "min": -3.10758948326,
        "var": 1.27414619923
    },
    "erbbands_spread": {
        "dmean": 8.95014476776,
        "dmean2": 13.8696899414,
        "dvar": 172.726898193,
        "dvar2": 368.921630859,
        "max": 192.226638794,
        "mean": 48.0419769287,
        "median": 49.1126861572,
        "min": 1.59209918976,
        "var": 460.453338623
    },
    "hfc": {
        "dmean": 14.1439342499,
        "dmean2": 22.3304576874,
        "dvar": 310.577514648,
        "dvar2": 782.605529785,
        "max": 193.680892944,
        "mean": 50.2175674438,
        "median": 50.1894302368,
        "min": 1.90063451089e-10,
        "var": 956.997375488
    },
    "melbands_crest": {
        "dmean": 5.23007106781,
        "dmean2": 8.2496099472,
        "dvar": 19.1227016449,
        "dvar2": 45.8619613647,
        "max": 35.9710464478,
        "mean": 18.6833152771,
        "median": 18.5813980103,
        "min": 3.0582818985,
        "var": 36.9417686462
    },
    "melbands_flatness_db": {
        "dmean": 0.0364364422858,
        "dmean2": 0.0579927973449,
        "dvar": 0.00195435388014,
        "dvar2": 0.00460931146517,
        "max": 0.745535433292,
        "mean": 0.191999971867,
        "median": 0.139595776796,
        "min": 0.0346509739757,
        "var": 0.0177498105913
    },
    "melbands_kurtosis": {
        "dmean": 7.4128909111,
        "dmean2": 11.9430141449,
        "dvar": 438.81930542,
        "dvar2": 1091.16137695,
        "max": 591.787780762,
        "mean": 11.807305336,
        "median": 6.67768192291,
        "min": -1.59272563457,
        "var": 488.194519043
    },
    "melbands_skewness": {
        "dmean": 0.796914815903,
        "dmean2": 1.25935411453,
        "dvar": 0.747123062611,
        "dvar2": 1.72507274151,
        "max": 17.0111694336,
        "mean": 2.57864284515,
        "median": 2.43932723999,
        "min": -0.300003319979,
        "var": 1.80128991604
    },
    "melbands_spread": {
        "dmean": 12.7132854462,
        "dmean2": 20.6240673065,
        "dvar": 178.93019104,
        "dvar2": 460.825775146,
        "max": 139.524887085,
        "mean": 39.4399185181,
        "median": 39.2019500732,
        "min": 0.544902205467,
        "var": 696.903747559
    },
    "pitch_salience": {
        "dmean": 0.0773618370295,
        "dmean2": 0.121900692582,
        "dvar": 0.0044014910236,
        "dvar2": 0.0110137285665,
        "max": 0.966496169567,
        "mean": 0.51053571701,
        "median": 0.511496067047,
        "min": 0.148649975657,
        "var": 0.00871783960611
    },
    "silence_rate_20dB": {
        "dmean": 0,
        "dmean2": 0,
        "dvar": 0,
        "dvar2": 0,
        "max": 1,
        "mean": 1,
        "median": 1,
        "min": 1,
        "var": 0
    },
    "silence_rate_30dB": {
        "dmean": 0,
        "dmean2": 0,
        "dvar": 0,
        "dvar2": 0,
        "max": 1,
        "mean": 1,
        "median": 1,
        "min": 1,
        "var": 0
    },
    "silence_rate_60dB": {
        "dmean": 0.000236266976572,
        "dmean2": 0.000354442337994,
        "dvar": 0.000236211155425,
        "dvar2": 0.000354310730472,
        "max": 1,
        "mean": 0.0042523033917,
        "median": 0,
        "min": 0,
        "var": 0.00423425622284
    },
    "spectral_centroid": {
        "dmean": 299.041107178,
        "dmean2": 472.970947266,
        "dvar": 124208.859375,
        "dvar2": 293636.25,
        "max": 4226.55859375,
        "mean": 2118.34570312,
        "median": 2399.2434082,
        "min": 149.380157471,
        "var": 1065998.5
    },
    "spectral_complexity": {
        "dmean": 4.54199647903,
        "dmean2": 7.35704135895,
        "dvar": 23.1789073944,
        "dvar2": 58.7886695862,
        "max": 60,
        "mean": 24.8312072754,
        "median": 27,
        "min": 0,
        "var": 125.336593628
    },
    "spectral_decrease": {
        "dmean": 2.04914174518e-09,
        "dmean2": 3.1637275022e-09,
        "dvar": 3.1962089297e-18,
        "dvar2": 8.74531491384e-18,
        "max": -6.29167185229e-21,
        "mean": -8.7024387696e-09,
        "median": -8.18452683404e-09,
        "min": -2.37300490369e-08,
        "var": 1.04111681592e-17
    },
    "spectral_energy": {
        "dmean": 0.00780570693314,
        "dmean2": 0.0120597435161,
        "dvar": 4.59814364149e-05,
        "dvar2": 0.000124740909087,
        "max": 0.0901746824384,
        "mean": 0.0373998358846,
        "median": 0.0363482609391,
        "min": 4.09855560135e-14,
        "var": 0.000129877647851
    },
    "spectral_energyband_high": {
        "dmean": 0.00151545309927,
        "dmean2": 0.00238078506663,
        "dvar": 3.46371007254e-06,
        "dvar2": 8.31330089568e-06,
        "max": 0.0295139793307,
        "mean": 0.00464820256457,
        "median": 0.00448738411069,
        "min": 1.44597553468e-14,
        "var": 1.39299072544e-05
    },
    "spectral_energyband_low": {
        "dmean": 0.00775429839268,
        "dmean2": 0.0120259849355,
        "dvar": 4.6707882575e-05,
        "dvar2": 0.000128717671032,
        "max": 0.0858475193381,
        "mean": 0.0161150675267,
        "median": 0.0152781810611,
        "min": 8.74142766127e-17,
        "var": 8.77175916685e-05
    },
    "spectral_energyband_middle_high": {
        "dmean": 0.00166113628075,
        "dmean2": 0.00253863423131,
        "dvar": 3.90055447497e-06,
        "dvar2": 9.10091421247e-06,
        "max": 0.0391277186573,
        "mean": 0.00558204483241,
        "median": 0.0050278538838,
        "min": 2.59319560318e-14,
        "var": 1.86759716598e-05
    },
    "spectral_energyband_middle_low": {
        "dmean": 0.00294336420484,
        "dmean2": 0.00430246675387,
        "dvar": 1.12775824164e-05,
        "dvar2": 2.66008464678e-05,
        "max": 0.0645218417048,
        "mean": 0.0116164758801,
        "median": 0.00829785130918,
        "min": 5.05738967669e-16,
        "var": 9.60171601037e-05
    },
    "spectral_entropy": {
        "dmean": 0.191323935986,
        "dmean2": 0.307788431644,
        "dvar": 0.124610573053,
        "dvar2": 0.298736155033,
        "max": 8.68346786499,
        "mean": 7.71067142487,
        "median": 8.06731987,
        "min": 4.05780792236,
        "var": 0.808820128441
    },
    "spectral_flux": {
        "dmean": 0.0223710536957,
        "dmean2": 0.0365599729121,
        "dvar": 0.000379898498068,
        "dvar2": 0.000922504346818,
        "max": 0.249447837472,
        "mean": 0.0915819704533,
        "median": 0.0915261507034,
        "min": 5.85462912568e-05,
        "var": 0.000971832778305
    },
    "spectral_kurtosis": {
        "dmean": 3.88953590393,
        "dmean2": 6.56252145767,
        "dvar": 314.71875,
        "dvar2": 885.421081543,
        "max": 514.198547363,
        "mean": 9.39421653748,
        "median": 2.03366851807,
        "min": -1.12347078323,
        "var": 1292.1862793
    },
    "spectral_rms": {
        "dmean": 0.000646158005111,
        "dmean2": 0.00100068305619,
        "dvar": 3.16327600558e-07,
        "dvar2": 8.59222495819e-07,
        "max": 0.00937951449305,
        "mean": 0.00596428662539,
        "median": 0.00595497433096,
        "min": 6.32344132612e-09,
        "var": 9.14834515697e-07
    },
    "spectral_rolloff": {
        "dmean": 1303.71008301,
        "dmean2": 2200.30786133,
        "dvar": 3536130.5,
        "dvar2": 9361686,
        "max": 13996.5820312,
        "mean": 3380.73925781,
        "median": 3596.04492188,
        "min": 43.06640625,
        "var": 6730405.5
    },
    "spectral_skewness": {
        "dmean": 0.302720010281,
        "dmean2": 0.480875372887,
        "dvar": 0.583125948906,
        "dvar2": 1.39520430565,
        "max": 17.9851493835,
        "mean": 1.62232816219,
        "median": 1.14952790737,
        "min": -0.0141652962193,
        "var": 3.53736805916
    },
    "spectral_spread": {
        "dmean": 702591.125,
        "dmean2": 1024989.5,
        "dvar": 1.22711428301e+12,
        "dvar2": 2.04562982502e+12,
        "max": 22125856,
        "mean": 6068985,
        "median": 6385886,
        "min": 152691.6875,
        "var": 5.454364672e+12
    },
    "spectral_strongpeak": {
        "dmean": 0.621067166328,
        "dmean2": 1.14519691467,
        "dvar": 4.25236606598,
        "dvar2": 11.2255401611,
        "max": 27.0978565216,
        "mean": 0.777841806412,
        "median": 0.218529671431,
        "min": 0,
        "var": 4.30371618271
    },
    "zerocrossingrate": {
        "dmean": 0.0172571800649,
        "dmean2": 0.0217430535704,
        "dvar": 0.000327024899889,
        "dvar2": 0.000477405090351,
        "max": 0.482421875,
        "mean": 0.107365466654,
        "median": 0.11962890625,
        "min": 0.001953125,
        "var": 0.00338149839081
    },
    "barkbands": {
        "dmean": [0.00148917071056, 0.00656765140593, 0.000763128045946, 0.0013563396642, 0.00166270940099, 0.000699179188814, 0.000290459604003, 0.000368973618606, 0.000437456357758, 0.000271126860753, 0.000211298654904, 0.00040311581688, 0.000340316822985, 0.00034172879532, 0.000186383447726, 0.000259435473708, 0.000143489334732, 0.000216966305743, 0.000267911993433, 0.000457966292743, 0.000447019498097, 0.000409492960898, 0.000242510956014, 0.000271024095127, 0.000296974321827, 0.000257522100583, 9.1590845841e-05],
        "dmean2": [0.00211521331221, 0.0101982466877, 0.00132329168264, 0.0024078276474, 0.00239692092873, 0.000993117457256, 0.000399523676606, 0.000509533216245, 0.000596728583332, 0.000395814538933, 0.000330871116603, 0.000593454635236, 0.000519983354025, 0.000506597163621, 0.000289551855531, 0.000399907381507, 0.00022604149126, 0.0003444897593, 0.000426221406087, 0.000733426655643, 0.000712805369403, 0.000670372333843, 0.000393875583541, 0.000435522873886, 0.000497892440762, 0.00042294015293, 0.000154705659952],
        "dvar": [2.1313455818e-06, 4.00776661991e-05, 2.23341385208e-06, 8.26931045594e-06, 5.83431665291e-06, 1.33114019718e-06, 2.2314318926e-07, 3.71722506998e-07, 4.63306406573e-07, 2.84915188331e-07, 1.32132697672e-07, 4.25779177249e-07, 3.64463602409e-07, 4.30008242347e-07, 9.33007342496e-08, 1.84322033192e-07, 7.38956913438e-08, 1.20079121757e-07, 2.31395489436e-07, 1.13996486562e-06, 3.4298926721e-07, 3.31480549676e-07, 1.00270092673e-07, 1.3413132649e-07, 2.24864294296e-07, 2.60182162037e-07, 3.6431863748e-08],
        "dvar2": [4.62624348074e-06, 0.000111713590741, 6.28598490948e-06, 2.32953352679e-05, 1.10900537038e-05, 2.60830256593e-06, 4.31082241903e-07, 6.63346270358e-07, 8.17099873984e-07, 5.10700999712e-07, 2.87374575692e-07, 8.38793255298e-07, 7.49384412302e-07, 9.11239396828e-07, 2.1253886473e-07, 4.16485789856e-07, 1.70984733927e-07, 2.93868509971e-07, 5.01323199842e-07, 2.75927550319e-06, 8.53794517752e-07, 8.51377365052e-07, 2.57472862586e-07, 3.41012423632e-07, 5.99984900873e-07, 6.70811914461e-07, 9.58417700758e-08],
        "max": [0.024849364534, 0.0831685960293, 0.0234728921205, 0.0331846177578, 0.0582086332142, 0.0287563186139, 0.0138451885432, 0.0137292202562, 0.0158682987094, 0.0154160866514, 0.0132739394903, 0.0186272710562, 0.0180803462863, 0.0190382376313, 0.00576254166663, 0.0102602681145, 0.00736891617998, 0.00920870807022, 0.0181295908988, 0.0318869166076, 0.0097570028156, 0.00922537781298, 0.0039342767559, 0.00483704777434, 0.00539766764268, 0.00567480362952, 0.00236045895144],
        "mean": [0.00328166107647, 0.0114123458043, 0.000905158580281, 0.00153146625962, 0.00541072711349, 0.00179175275844, 0.000770114886109, 0.000884001958184, 0.0011524092406, 0.000555780949071, 0.00037437825813, 0.000800349051133, 0.000650075671729, 0.000658775446936, 0.000347669003531, 0.000475561042549, 0.000272349861916, 0.00040638979408, 0.00055614230223, 0.00103630393278, 0.00104539527092, 0.000878591439687, 0.000549638643861, 0.000548769021407, 0.000555529841222, 0.000414942682255, 0.000133569410536],
        "median": [0.00267283106223, 0.0101830214262, 0.000430106942076, 0.000611949537415, 0.00208798795938, 0.000939701101743, 0.000415157468524, 0.000411102140788, 0.000581295753364, 0.000222908245632, 0.000177909358172, 0.000363338331226, 0.000308960210532, 0.000291033938993, 0.000198288762476, 0.000269570678938, 0.000161985313753, 0.000277113576885, 0.00033057393739, 0.000518537359312, 0.000768649158999, 0.000642415077891, 0.000431610358646, 0.000372796406737, 0.000369371467968, 0.000265905138804, 7.6248536061e-05],
        "min": [1.90055465995e-17, 3.36251565981e-17, 2.83108586521e-17, 3.24111863311e-17, 7.77006417399e-17, 3.40287744149e-17, 6.37365740311e-18, 5.88225338943e-17, 2.23237941999e-16, 2.19660498346e-16, 1.27809198458e-16, 5.7633461102e-16, 1.83788150104e-15, 1.86511339854e-15, 2.26351873341e-15, 8.98272723091e-16, 5.22592392808e-15, 3.4345472887e-15, 9.20586916702e-15, 4.08630848961e-16, 5.11262098941e-16, 1.4209789783e-15, 5.72974505434e-15, 4.54593943055e-15, 6.56343066817e-16, 1.25837554573e-15, 2.63511367556e-16],
        "var": [7.58317719374e-06, 6.03784210398e-05, 1.94659992303e-06, 6.36509867036e-06, 6.74228140269e-05, 7.47406147639e-06, 1.14272688734e-06, 1.73783428181e-06, 2.55249483416e-06, 1.1899362562e-06, 3.80462040539e-07, 1.62892195021e-06, 1.44443220051e-06, 1.2762490087e-06, 2.29272046681e-07, 4.37620428784e-07, 1.93360961021e-07, 2.6033865197e-07, 1.07142489014e-06, 4.04197953685e-06, 1.20518575386e-06, 8.68902702678e-07, 2.75541935935e-07, 3.53822144916e-07, 3.80619866291e-07, 2.94993981242e-07, 3.85652398904e-08]
    },
    "erbbands": {
        "dmean": [0.36617949605, 0.857778429985, 0.676255047321, 3.06787443161, 4.47342777252, 6.11467504501, 7.12804174423, 5.7086057663, 4.4900598526, 4.24274110794, 7.7488951683, 9.21468734741, 9.64540672302, 8.15074157715, 11.1275730133, 11.6052026749, 14.9311771393, 13.2716226578, 13.5145597458, 9.13196754456, 14.7844514847, 9.32065200806, 11.7296819687, 10.7581758499, 18.3295059204, 17.1934947968, 17.6838703156, 18.800901413, 16.5384597778, 10.1851100922, 6.55755853653, 6.0605931282, 4.62285137177, 3.51555490494, 2.2535431385, 1.2713675499, 0.471794843674, 0.124277338386, 0.0161795075983, 0.000218587709242],
        "dmean2": [0.553088963032, 1.39373826981, 1.16675710678, 5.48601722717, 7.1608915329, 8.55368614197, 9.63901042938, 8.24019145966, 6.23270130157, 5.93769693375, 10.7095527649, 12.7889385223, 13.467795372, 12.3157205582, 17.1601734161, 17.7693519592, 22.7152900696, 19.6234512329, 20.4162273407, 14.3140602112, 22.6666851044, 14.5974903107, 18.723947525, 17.1922702789, 29.0290622711, 27.2622852325, 28.1677780151, 30.2785568237, 27.3219184875, 16.3674201965, 10.6610021591, 9.94016265869, 7.49196958542, 5.90831899643, 3.76036190987, 2.08525776863, 0.780172884464, 0.203658938408, 0.027629069984, 0.00036979446304],
        "dvar": [0.103709235787, 1.24612319469, 1.2819994688, 44.1991691589, 58.8103942871, 103.231796265, 160.029769897, 96.3803024292, 53.493888855, 37.8773651123, 135.7474823, 208.810531616, 259.833740234, 182.195098877, 266.428222656, 333.212646484, 719.500549316, 588.732116699, 601.015991211, 181.915390015, 710.663269043, 314.221466064, 388.801452637, 354.387176514, 2164.31616211, 1361.53088379, 696.299194336, 686.912536621, 597.069091797, 181.412857056, 73.2048416138, 68.1776123047, 43.4236412048, 27.4555015564, 14.5863199234, 6.53181505203, 0.820510327816, 0.0477765165269, 0.00129323056899, 2.14284995081e-07],
        "dvar2": [0.25570499897, 3.59404301643, 3.71076965332, 124.953491211, 146.221374512, 174.76222229, 279.050170898, 190.213531494, 98.6146011353, 80.6523742676, 259.674804688, 373.099609375, 467.424957275, 372.345245361, 605.53125, 702.120605469, 1464.70629883, 1131.08544922, 1336.59545898, 439.708343506, 1559.31774902, 717.637756348, 952.05847168, 800.41192627, 5439.29199219, 2877.55395508, 1707.37341309, 1699.97241211, 1560.5670166, 469.125671387, 183.690246582, 175.694732666, 114.4217453, 73.2789459229, 38.9356689453, 16.9749774933, 2.11697459221, 0.121673829854, 0.00344426138327, 5.62957723105e-07],
        "max": [3.17956185341, 18.6508712769, 19.4570026398, 85.2158813477, 151.973648071, 329.986480713, 346.902648926, 314.879089355, 193.762542725, 180.428359985, 269.570648193, 470.681060791, 375.253082275, 483.634521484, 357.957244873, 677.660827637, 781.236083984, 616.423217773, 773.899536133, 283.322540283, 705.364257812, 512.977539062, 487.742950439, 848.936767578, 1551.19958496, 1393.3996582, 829.86529541, 518.111572266, 422.726867676, 163.850112915, 123.003295898, 97.4869689941, 88.795539856, 80.619140625, 44.0419387817, 31.2012653351, 10.7648906708, 3.25561141968, 0.569342494011, 0.00773203326389],
        "mean": [0.663323998451, 1.23482298851, 1.01915717125, 3.56637406349, 9.49081897736, 18.9175224304, 22.7795963287, 14.3334188461, 12.0910692215, 11.3415403366, 20.1638584137, 23.6491088867, 24.0454902649, 16.9160175323, 21.5992279053, 23.6682052612, 29.5991191864, 29.6440601349, 26.9380607605, 18.798614502, 27.5482215881, 19.0050773621, 21.7200832367, 23.0006637573, 41.1183853149, 41.9874229431, 39.6358947754, 42.8360671997, 33.9264259338, 22.575176239, 15.0793275833, 11.7110681534, 8.83839702606, 6.39230298996, 3.83837008476, 1.92741942406, 0.731458008289, 0.215319007635, 0.0220604129136, 0.000369938730728],
        "median": [0.597180843353, 0.961494922638, 0.612441182137, 1.57578635216, 3.48280239105, 6.18229579926, 8.58925056458, 7.8901014328, 6.98027896881, 7.75954198837, 11.1424274445, 12.8136730194, 11.7405834198, 9.25721645355, 12.0287513733, 13.2870483398, 15.4629383087, 15.6732711792, 15.6936264038, 13.3268852234, 15.8887376785, 12.0212936401, 15.1506595612, 16.3715858459, 20.8917579651, 24.3339157104, 28.2311992645, 29.3638458252, 25.0756835938, 17.3005142212, 11.8544616699, 8.06436347961, 5.79315042496, 4.02968502045, 2.48661589622, 1.21414113045, 0.444398403168, 0.137650355697, 0.0120169734582, 0.000240590481553],
        "min": [1.13915396433e-15, 7.20502318561e-15, 2.82925064128e-14, 7.84142444987e-14, 1.68184314132e-13, 2.78274527987e-13, 3.34384836443e-13, 2.45269353872e-13, 9.00640374996e-14, 3.89809549656e-13, 1.98172294547e-12, 4.87924327677e-12, 6.98091758011e-12, 6.08794134896e-12, 7.51935753246e-12, 2.99262455095e-11, 7.93306045854e-11, 9.99983915118e-11, 1.00338494458e-10, 1.09649685165e-10, 7.57529941553e-11, 2.89896828765e-10, 1.4399406667e-10, 4.91407581293e-10, 2.93469831769e-10, 2.72287418307e-11, 2.52372515247e-11, 1.53758620419e-11, 5.97291521798e-11, 2.48946419035e-11, 1.75964298688e-10, 1.58694835051e-10, 5.40110386971e-11, 9.68969002257e-12, 4.78037748275e-12, 2.75814939464e-12, 3.78891883146e-12, 4.11032102451e-13, 4.88686002743e-14, 3.10407696081e-15],
        "var": [0.203636199236, 1.32082617283, 1.46075463295, 32.9553070068, 229.135192871, 1153.40551758, 1658.60913086, 555.593811035, 292.705444336, 145.827407837, 640.568237305, 1072.54077148, 1224.1385498, 637.17199707, 799.046203613, 1130.30444336, 2668.31713867, 2647.58276367, 1497.04553223, 404.409393311, 1649.58862305, 842.938232422, 779.600402832, 1435.72167969, 7832.27001953, 5973.90283203, 2143.90722656, 2320.31445312, 1341.49645996, 507.297058105, 212.534561157, 158.659896851, 98.1067123413, 52.1191444397, 20.4109363556, 6.9652762413, 0.931618452072, 0.0696238055825, 0.00124076625798, 2.21086040142e-07]
    },
    "gfcc": {
        "mean": [47.9378395081, 50.5355415344, -87.9509811401, 32.6476287842, -52.88073349, 14.5475673676, -26.2560539246, 8.80534648895, -19.2131385803, 12.5461750031, -13.657125473, 7.17453241348, -5.66087245941],
        "cov": [[7298.38769531, -4087.36767578, -681.66784668, 798.606140137, -513.30078125, 799.014831543, 160.989562988, 386.621612549, -301.496337891, 560.141113281, -179.045196533, 446.7628479, -286.647979736], [-4087.36767578, 4601.39453125, 793.000854492, 393.952789307, 429.559143066, -965.822692871, 48.4162063599, -550.976867676, 160.335388184, -467.825195312, 297.096923828, -231.205871582, 387.080596924], [-681.66784668, 793.000854492, 1313.45239258, 99.9124145508, 100.096862793, -112.643936157, 0.37011384964, -85.4052429199, -180.157272339, -79.7246627808, -5.70682621002, -10.6596698761, 31.4869728088], [798.606140137, 393.952789307, 99.9124145508, 1039.31445312, 1.80458509922, -148.449645996, 89.3199920654, -136.036132812, -54.1473083496, 5.08826589584, 80.4432449341, 52.4818229675, 74.9399719238], [-513.30078125, 429.559143066, 100.096862793, 1.80458509922, 229.736038208, -82.7012252808, -13.024271965, -47.1944503784, 27.0467967987, -61.0981750488, 20.1946201324, -31.0655021667, 32.9950408936], [799.014831543, -965.822692871, -112.643936157, -148.449645996, -82.7012252808, 337.354064941, 25.1851902008, 132.188323975, -43.3758430481, 96.3332824707, -72.4770126343, 43.250453949, -99.8896942139], [160.989562988, 48.4162063599, 0.37011384964, 89.3199920654, -13.024271965, 25.1851902008, 144.075927734, 10.0332803726, 0.283032566309, 7.09600257874, 17.6430702209, 11.0775918961, 4.05934286118], [386.621612549, -550.976867676, -85.4052429199, -136.036132812, -47.1944503784, 132.188323975, 10.0332803726, 155.563293457, 8.38053321838, 68.5164642334, -43.3601112366, 20.6467151642, -43.223400116], [-301.496337891, 160.335388184, -180.157272339, -54.1473083496, 27.0467967987, -43.3758430481, 0.283032566309, 8.38053321838, 133.948043823, 3.37670564651, 31.467376709, -21.337305069, 30.1124038696], [560.141113281, -467.825195312, -79.7246627808, 5.08826589584, -61.0981750488, 96.3332824707, 7.09600257874, 68.5164642334, 3.37670564651, 124.10710144, 0.25140824914, 46.4056472778, -32.146194458], [-179.045196533, 297.096923828, -5.70682621002, 80.4432449341, 20.1946201324, -72.4770126343, 17.6430702209, -43.3601112366, 31.467376709, 0.25140824914, 97.9782333374, 16.7335853577, 42.7566757202], [446.7628479, -231.205871582, -10.6596698761, 52.4818229675, -31.0655021667, 43.250453949, 11.0775918961, 20.6467151642, -21.337305069, 46.4056472778, 16.7335853577, 96.6480941772, 14.1151914597], [-286.647979736, 387.080596924, 31.4869728088, 74.9399719238, 32.9950408936, -99.8896942139, 4.05934286118, -43.223400116, 30.1124038696, -32.146194458, 42.7566757202, 14.1151914597, 100.563705444]],
        "icov": [[0.000568152463529, 0.000335092452588, 0.000148261417053, -0.000490310718305, 0.000107738189399, 0.000105277205876, -0.000399523880333, 6.81047968101e-05, 0.000523671275005, -0.000705078651663, 0.000479056616314, -0.00120268610772, 0.0003461788001], [0.000335092452588, 0.00157232710626, -0.000467698002467, -0.000149279861944, -0.000312716991175, 0.00167744304053, -0.00118002959061, 0.00157105235849, -0.000593009463046, 0.00117814529222, -0.00119877397083, 0.000907356210519, -0.00141103216447], [0.000148261417053, -0.000467698002467, 0.00135545746889, -0.000101085504866, -0.000309418624965, -0.000239717453951, 0.00011217280553, -0.000647965818644, 0.00241582165472, -0.000942623475567, 0.000661364756525, -0.000629535701592, 0.000236600317294], [-0.000490310718305, -0.000149279861944, -0.000101085504866, 0.00180481944699, -0.000150299616507, 0.000617731362581, -0.00068040570477, 0.0012359424727, 0.000320764695061, -0.000256468279986, -0.000603733817115, 0.000845307775307, -0.00095469050575], [0.000107738189399, -0.000312716991175, -0.000309418624965, -0.000150299616507, 0.00564549770206, -0.000404127058573, 0.000621155311819, -0.000156991707627, -0.00125044863671, 0.00149692979176, -8.02258145995e-05, -0.000265218492132, 0.000297675811453], [0.000105277205876, 0.00167744304053, -0.000239717453951, 0.000617731362581, -0.000404127058573, 0.00900154188275, -0.00270106084645, -0.00058752723271, 0.000487608020194, -0.000269973446848, 0.00065762741724, -0.000724196550436, 0.00197819573805], [-0.000399523880333, -0.00118002959061, 0.00011217280553, -0.00068040570477, 0.000621155311819, -0.00270106084645, 0.00904419645667, -0.00247869314626, -0.000241306843236, 0.000857667298988, -0.00162737478968, 3.73993789253e-05, 0.000591043324675], [6.81047968101e-05, 0.00157105235849, -0.000647965818644, 0.0012359424727, -0.000156991707627, -0.00058752723271, -0.00247869314626, 0.0148743828759, -0.00319734937511, -0.00320822722279, 0.00269219791517, 0.000668226217385, -0.00191659096163], [0.000523671275005, -0.000593009463046, 0.00241582165472, 0.000320764695061, -0.00125044863671, 0.000487608020194, -0.000241306843236, -0.00319734937511, 0.0150552829728, -0.00447434512898, -0.00202393485233, 0.00262412894517, -0.00313627719879], [-0.000705078651663, 0.00117814529222, -0.000942623475567, -0.000256468279986, 0.00149692979176, -0.000269973446848, 0.000857667298988, -0.00320822722279, -0.00447434512898, 0.0192593764514, -0.00593909854069, -0.00221169181168, 0.00210062018596], [0.000479056616314, -0.00119877397083, 0.000661364756525, -0.000603733817115, -8.02258145995e-05, 0.00065762741724, -0.00162737478968, 0.00269219791517, -0.00202393485233, -0.00593909854069, 0.0191605184227, -0.00623871898279, -0.000438346993178], [-0.00120268610772, 0.000907356210519, -0.000629535701592, 0.000845307775307, -0.000265218492132, -0.000724196550436, 3.73993789253e-05, 0.000668226217385, 0.00262412894517, -0.00221169181168, -0.00623871898279, 0.021763054654, -0.00959500670433], [0.0003461788001, -0.00141103216447, 0.000236600317294, -0.00095469050575, 0.000297675811453, 0.00197819573805, 0.000591043324675, -0.00191659096163, -0.00313627719879, 0.00210062018596, -0.000438346993178, -0.00959500670433, 0.0211626384407]]
    },
    "melbands": {
        "dmean": [0.00241252477281, 0.000507833028678, 0.000541490560863, 0.000364170817193, 0.000250683020568, 0.00012537369912, 6.55982439639e-05, 5.87611284573e-05, 5.93239783484e-05, 6.43689854769e-05, 5.00660789839e-05, 3.49750225723e-05, 3.06055662804e-05, 4.8936886742e-05, 2.33433602261e-05, 4.30907530244e-05, 2.47536736424e-05, 2.70153086603e-05, 1.60572253662e-05, 1.46962893268e-05, 1.6799356672e-05, 1.08337353595e-05, 9.63765342021e-06, 1.01441555671e-05, 9.14042993827e-06, 1.19375545182e-05, 1.74688539119e-05, 1.20168924695e-05, 1.42603730637e-05, 1.00664638012e-05, 1.22275441754e-05, 1.10086712084e-05, 7.48861702959e-06, 5.98931728746e-06, 4.07751122111e-06, 4.15896920458e-06, 4.1106268327e-06, 3.78696336156e-06, 3.26173471876e-06, 3.28474357048e-06],
        "dmean2": [0.00369245908223, 0.000852548517287, 0.000935422314797, 0.000542883703019, 0.00033612959669, 0.000179952854523, 9.11175884539e-05, 8.06464231573e-05, 8.21583453217e-05, 8.85294430191e-05, 6.98219009792e-05, 5.22536429344e-05, 4.82046707475e-05, 7.27481965441e-05, 3.58541401511e-05, 6.46479675197e-05, 3.67767097487e-05, 4.05748796766e-05, 2.48937230936e-05, 2.28365952353e-05, 2.58403852058e-05, 1.70286402863e-05, 1.54926256073e-05, 1.62482174346e-05, 1.4778228433e-05, 1.8948889192e-05, 2.84913803625e-05, 1.90412483789e-05, 2.30792993534e-05, 1.59846367751e-05, 1.99862643058e-05, 1.81752548087e-05, 1.24068128571e-05, 9.91109754978e-06, 6.69118526275e-06, 6.84318138156e-06, 6.86341900291e-06, 6.2473750404e-06, 5.43454507351e-06, 5.54690313948e-06],
        "dvar": [4.74928583571e-06, 4.83009728214e-07, 1.18757225209e-06, 3.34338324137e-07, 1.80782606662e-07, 4.27460129515e-08, 1.03924380213e-08, 8.12766565161e-09, 7.43823092009e-09, 1.07605035993e-08, 7.46768336057e-09, 3.40144867828e-09, 1.99546801305e-09, 6.62654642269e-09, 2.56677368249e-09, 6.73602729151e-09, 2.00590899446e-09, 3.13646952854e-09, 8.15868261839e-10, 6.10443195992e-10, 1.00674690806e-09, 4.93136198543e-10, 2.77622091982e-10, 3.34592908935e-10, 3.00689556587e-10, 4.98181051967e-10, 3.02444291833e-09, 9.35142518976e-10, 5.81389714149e-10, 1.97952723657e-10, 3.45650758016e-10, 2.99213709365e-10, 1.06416785106e-10, 7.0348588066e-11, 2.99451713426e-11, 3.42939600328e-11, 3.58897182806e-11, 3.29878832583e-11, 2.0282381677e-11, 2.43378910775e-11],
        "dvar2": [1.23936060845e-05, 1.4222404161e-06, 3.26387112182e-06, 6.77112723224e-07, 3.01648157119e-07, 8.46886152317e-08, 1.97161682536e-08, 1.51736969656e-08, 1.42650833368e-08, 1.90058528915e-08, 1.32273374476e-08, 6.76501166197e-09, 4.81872630687e-09, 1.32512196771e-08, 4.78589212705e-09, 1.35587656658e-08, 3.90302012931e-09, 6.9140599912e-09, 1.84317350271e-09, 1.44532474877e-09, 2.217243944e-09, 1.12054421297e-09, 6.65801525024e-10, 8.4122858679e-10, 6.73264333173e-10, 1.0582901222e-09, 7.84886733385e-09, 1.87663462548e-09, 1.41117184604e-09, 4.98450392072e-10, 8.6388235454e-10, 7.70844665876e-10, 2.79989725849e-10, 1.87459339718e-10, 7.60344287531e-11, 9.14162148757e-11, 9.41461214543e-11, 9.08896291563e-11, 5.34344547776e-11, 6.587737994e-11],
        "max": [0.0238167922944, 0.0116788214073, 0.013086062856, 0.0145386634395, 0.0124279903248, 0.0060565280728, 0.00250500254333, 0.00191264902242, 0.0018952981336, 0.00314273592085, 0.00208632904105, 0.00179025880061, 0.000947728927713, 0.00239015719853, 0.00253870687447, 0.00253153964877, 0.00111660500988, 0.00180098449346, 0.00061128026573, 0.000632494455203, 0.000847826711833, 0.000658141623717, 0.000483163777972, 0.000733648659661, 0.000807024014648, 0.000907121226192, 0.00192213302944, 0.00133807223756, 0.000890618597623, 0.000274902035017, 0.000437786511611, 0.00037873123074, 0.000123545003589, 0.000133552413899, 0.000109905115096, 0.000100566576293, 8.64789617481e-05, 8.56462647789e-05, 4.75530432595e-05, 7.14014677214e-05],
        "mean": [0.00443660700694, 0.000836449093185, 0.000742304720916, 0.00103778438643, 0.000840986205731, 0.000318262143992, 0.00017576868413, 0.00015090002853, 0.000154702735017, 0.000162488999194, 0.00012144332868, 7.15578789823e-05, 5.90336858295e-05, 9.25424174056e-05, 4.38176575699e-05, 8.30638746265e-05, 5.08368138981e-05, 4.89597041451e-05, 2.93115790555e-05, 2.72555989795e-05, 2.96246707876e-05, 1.96487781068e-05, 1.73023818206e-05, 1.82869498531e-05, 1.77782458195e-05, 2.52221962e-05, 3.48408211721e-05, 2.7183938073e-05, 2.74428639386e-05, 2.15667932935e-05, 2.53722992056e-05, 2.01009570446e-05, 1.50875612235e-05, 1.15487328003e-05, 8.78583341546e-06, 7.53520862418e-06, 7.01320050212e-06, 6.32749379292e-06, 5.54484904569e-06, 5.30487886863e-06],
        "median": [0.00402190815657, 0.000626824912615, 0.000332357682055, 0.000354696443537, 0.000320796127198, 0.000183047479368, 0.000105164435809, 8.81994055817e-05, 8.73630997376e-05, 7.79207475716e-05, 5.41013396287e-05, 3.49255788024e-05, 3.54903022526e-05, 4.06811523135e-05, 2.17162742047e-05, 3.27892485075e-05, 2.37036620092e-05, 2.21017889999e-05, 1.52182283273e-05, 1.64787743415e-05, 1.5046882254e-05, 1.03596430563e-05, 1.10715991468e-05, 1.24911366584e-05, 1.13397345558e-05, 1.36885682878e-05, 1.44150817505e-05, 1.37017050292e-05, 1.70741986949e-05, 1.48805829667e-05, 1.58173243108e-05, 1.35398067869e-05, 1.03779857454e-05, 8.44973419589e-06, 6.55393159832e-06, 5.42277666682e-06, 4.32243450632e-06, 3.7205973058e-06, 3.39769076163e-06, 3.04913783111e-06],
        "min": [1.06549515206e-17, 1.31774106744e-17, 1.59755145325e-17, 1.62910061812e-17, 1.22083636238e-17, 5.57172730594e-18, 1.28373499004e-18, 5.53309011312e-18, 1.86704044481e-17, 3.25425790083e-17, 3.50835852058e-17, 2.49004475805e-17, 1.94306959276e-17, 4.92520409722e-17, 1.25965565074e-16, 1.96365252647e-16, 1.8252701069e-16, 1.51271455231e-16, 1.78612315575e-16, 9.11767241725e-17, 9.18953323666e-17, 3.2910096678e-16, 1.5598678177e-16, 1.71188561483e-16, 4.35197137379e-16, 3.1789797667e-16, 6.53464610634e-17, 5.96449085875e-18, 1.4869228292e-17, 1.14543099133e-17, 7.33319932138e-18, 2.90341917018e-17, 3.54518956454e-17, 3.82612102823e-18, 5.42962876092e-17, 2.17959642953e-16, 4.52918046018e-17, 3.29622308941e-17, 2.97185579273e-17, 2.08054370185e-18],
        "var": [8.50607466418e-06, 6.03580076586e-07, 1.1598774563e-06, 3.16173714054e-06, 2.09146787711e-06, 2.39277028413e-07, 5.38393472027e-08, 3.64015413368e-08, 3.61890499789e-08, 5.71858365106e-08, 3.49684583512e-08, 1.26280772506e-08, 5.10179187785e-09, 2.50694700554e-08, 8.61172466671e-09, 2.92819777314e-08, 7.80238451625e-09, 7.44931716312e-09, 1.96571181554e-09, 1.32450228563e-09, 2.29927632489e-09, 1.32359978533e-09, 6.18160023169e-10, 5.7386084773e-10, 1.20962706518e-09, 2.64425215057e-09, 9.11753694766e-09, 4.24353130413e-09, 1.59867996619e-09, 5.94416016408e-10, 1.05575570508e-09, 5.97949634251e-10, 2.61153570991e-10, 1.47903869707e-10, 7.99216734459e-11, 6.50024201132e-11, 6.81945194758e-11, 5.8294286065e-11, 4.158859368e-11, 4.02480236639e-11]
    },
    "mfcc": {
        "mean": [-607.094238281, 91.6158981323, 20.2554950714, 25.4955101013, 0.362848728895, 12.1663455963, 4.46847963333, 1.67841100693, 4.63387918472, 4.92495965958, 3.08864712715, 1.50492072105, 0.588426053524],
        "cov": [[7709.42236328, -3879.64331055, -809.489990234, 57.5391960144, -494.102966309, 377.496185303, 197.704071045, 176.247253418, 73.844909668, 28.0944385529, 186.071182251, 219.973205566, 212.908737183], [-3879.64331055, 3345.80444336, 623.409606934, 590.497192383, 275.879516602, -211.062011719, -134.643768311, -127.557250977, -150.497695923, -175.018203735, -150.809265137, -189.051864624, -40.7428283691], [-809.489990234, 623.409606934, 900.414672852, 256.614013672, 98.1141281128, 5.4706120491, 95.3634262085, -29.0243244171, -56.9597740173, -112.754600525, -39.3635482788, -75.6454620361, 3.83364415169], [57.5391960144, 590.497192383, 256.614013672, 954.462280273, 86.6481628418, 75.4572601318, -14.0938682556, -30.2355499268, -114.168930054, -107.160209656, -51.1706695557, -70.9677200317, 39.4644622803], [-494.102966309, 275.879516602, 98.1141281128, 86.6481628418, 197.283859253, -7.22660207748, -4.38126850128, -20.8360595703, -12.1849956512, -21.8852577209, -24.2815380096, -18.8371067047, -20.1670513153], [377.496185303, -211.062011719, 5.4706120491, 75.4572601318, -7.22660207748, 133.434387207, 43.5371551514, 26.0389442444, -6.03794336319, -6.15695810318, 7.21249389648, 10.394651413, 7.21570587158], [197.704071045, -134.643768311, 95.3634262085, -14.0938682556, -4.38126850128, 43.5371551514, 116.482460022, 36.5260467529, 5.95352077484, -6.05939149857, 5.80113267899, -2.10313534737, 13.6371660233], [176.247253418, -127.557250977, -29.0243244171, -30.2355499268, -20.8360595703, 26.0389442444, 36.5260467529, 75.7273635864, 25.8279190063, 7.17326498032, -0.232812896371, 10.4944677353, 5.69369888306], [73.844909668, -150.497695923, -56.9597740173, -114.168930054, -12.1849956512, -6.03794336319, 5.95352077484, 25.8279190063, 89.7452545166, 43.6959114075, 8.02364063263, 19.5468940735, -8.36210155487], [28.0944385529, -175.018203735, -112.754600525, -107.160209656, -21.8852577209, -6.15695810318, -6.05939149857, 7.17326498032, 43.6959114075, 102.235534668, 26.5252437592, 22.317817688, -17.3294792175], [186.071182251, -150.809265137, -39.3635482788, -51.1706695557, -24.2815380096, 7.21249389648, 5.80113267899, -0.232812896371, 8.02364063263, 26.5252437592, 70.4867553711, 28.4467449188, 6.6090927124], [219.973205566, -189.051864624, -75.6454620361, -70.9677200317, -18.8371067047, 10.394651413, -2.10313534737, 10.4944677353, 19.5468940735, 22.317817688, 28.4467449188, 78.5034255981, 17.8927249908], [212.908737183, -40.7428283691, 3.83364415169, 39.4644622803, -20.1670513153, 7.21570587158, 13.6371660233, 5.69369888306, -8.36210155487, -17.3294792175, 6.6090927124, 17.8927249908, 82.0895767212]],
