{
"lowlevel": {
    "average_loudness": 0.972490847111,
    "barkbands_crest": {
        "dmean": 2.80081772804,
        "dmean2": 4.06890153885,
        "dvar": 9.59904384613,
        "dvar2": 17.6769962311,
        "max": 26.6909484863,
        "mean": 15.2375659943,
        "median": 15.0562429428,
        "min": 1.76092779636,
        "var": 36.7045059204
    },
    "barkbands_flatness_db": {
        "dmean": 0.030331697315,
        "dmean2": 0.0457008890808,
        "dvar": 0.00110378011595,
        "dvar2": 0.00209672865458,
        "max": 0.689697861671,
        "mean": 0.15836943686,
        "median": 0.131742328405,
        "min": 0.00792609341443,
        "var": 0.012168626301
    },
    "barkbands_kurtosis": {
        "dmean": 9.70374965668,
        "dmean2": 14.3657865524,
        "dvar": 550.43157959,
        "dvar2": 1025.72387695,
        "max": 700.496643066,
        "mean": 15.9686336517,
        "median": 5.49942302704,
        "min": -1.81673598289,
        "var": 1386.35021973
    },
    "barkbands_skewness": {
        "dmean": 0.944094836712,
        "dmean2": 1.40395796299,
        "dvar": 1.34882295132,
        "dvar2": 2.60684537888,
        "max": 21.6048164368,
        "mean": 3.01588869095,
        "median": 2.49991297722,
        "min": -2.12739133835,
        "var": 4.87997961044
    },
    "barkbands_spread": {
        "dmean": 9.32899188995,
        "dmean2": 14.2894697189,
        "dvar": 121.118888855,
        "dvar2": 262.620910645,
        "max": 129.518249512,
        "mean": 30.0117053986,
        "median": 29.4635486603,
        "min": 0.156818196177,
        "var": 432.972961426
    },
    "dissonance": {
        "dmean": 0.0112153580412,
        "dmean2": 0.0188013743609,
        "dvar": 0.000294616795145,
        "dvar2": 0.000786573276855,
        "max": 0.500000119209,
        "mean": 0.482517302036,
        "median": 0.489721566439,
        "min": 0.179099947214,
        "var": 0.000633270130493
    },
    "dynamic_complexity": 1.74149119854,
    "erbbands_crest": {
        "dmean": 1.62285721302,
        "dmean2": 2.64803218842,
        "dvar": 3.73343157768,
        "dvar2": 8.34599399567,
        "max": 29.2391662598,
        "mean": 5.38619279861,
        "median": 4.24340724945,
        "min": 2.0173406601,
        "var": 10.1108074188
    },
    "erbbands_flatness_db": {
        "dmean": 0.0114427413791,
        "dmean2": 0.017786886543,
        "dvar": 0.000186871475307,
        "dvar2": 0.000423880293965,
        "max": 0.510166883469,
        "mean": 0.101981952786,
        "median": 0.0746688917279,
        "min": 0.0311465952545,
        "var": 0.0050487741828
    },
    "erbbands_kurtosis": {
        "dmean": 0.764683663845,
        "dmean2": 1.20032000542,
        "dvar": 3.64317131042,
        "dvar2": 8.91680622101,
        "max": 100.85206604,
        "mean": 0.260843455791,
        "median": -0.334713697433,
        "min": -1.85421228409,
        "var": 10.1850404739
    },
    "erbbands_skewness": {
        "dmean": 0.330675154924,
        "dmean2": 0.497429460287,
        "dvar": 0.175333335996,
        "dvar2": 0.386804133654,
        "max": 9.17526626587,
        "mean": -0.0463279187679,
        "median": -0.191823035479,
        "min": -3.01600861549,
        "var": 0.534834444523
    },
    "erbbands_spread": {
        "dmean": 10.6289796829,
        "dmean2": 15.7225017548,
        "dvar": 155.704223633,
        "dvar2": 323.461120605,
        "max": 198.711090088,
        "mean": 56.5673980713,
        "median": 54.850605011,
        "min": 0.616298437119,
        "var": 644.721679688
    },
    "hfc": {
        "dmean": 11.8583879471,
        "dmean2": 17.9387779236,
        "dvar": 239.406738281,
        "dvar2": 540.664611816,
        "max": 190.037017822,
        "mean": 52.8662605286,
        "median": 50.4896392822,
        "min": 1.08557410116e-16,
        "var": 1282.34570312
    },
    "melbands_crest": {
        "dmean": 4.20640087128,
        "dmean2": 6.48838806152,
        "dvar": 18.281578064,
        "dvar2": 40.0779953003,
        "max": 39.2471733093,
        "mean": 24.8143997192,
        "median": 25.1595039368,
        "min": 1.58849799633,
        "var": 56.8254966736
    },
    "melbands_flatness_db": {
        "dmean": 0.0364388003945,
        "dmean2": 0.0544788762927,
        "dvar": 0.00157225609291,
        "dvar2": 0.0030447114259,
        "max": 0.862100422382,
        "mean": 0.253091365099,
        "median": 0.228228881955,
        "min": 0.00429936405271,
        "var": 0.0155174769461
    },
    "melbands_kurtosis": {
        "dmean": 28.7921867371,
        "dmean2": 44.1040077209,
        "dvar": 2222.40795898,
        "dvar2": 4548.66259766,
        "max": 712.540283203,
        "mean": 57.3781852722,
        "median": 33.4473152161,
        "min": -1.49145138264,
        "var": 5551.51757812
    },
    "melbands_skewness": {
        "dmean": 1.53695225716,
        "dmean2": 2.34738636017,
        "dvar": 3.07671046257,
        "dvar2": 6.32318687439,
        "max": 23.9854240417,
        "mean": 5.8448548317,
        "median": 5.26391363144,
        "min": -0.362287223339,
        "var": 9.96316146851
    },
    "melbands_spread": {
        "dmean": 6.9451417923,
        "dmean2": 10.6401920319,
        "dvar": 118.199440002,
        "dvar2": 244.671310425,
        "max": 186.279052734,
        "mean": 16.1618499756,
        "median": 11.5738658905,
        "min": 0.229100048542,
        "var": 282.920379639
    },
    "pitch_salience": {
        "dmean": 0.0999995097518,
        "dmean2": 0.147678136826,
        "dvar": 0.0113777937368,
        "dvar2": 0.0224958304316,
        "max": 0.995158672333,
        "mean": 0.370954841375,
        "median": 0.34198859334,
        "min": 0.0318867601454,
        "var": 0.0384609512985
    },
    "silence_rate_20dB": {
        "dmean": 0,
        "dmean2": 0,
        "dvar": 0,
        "dvar2": 0,
        "max": 1,
        "mean": 1,
        "median": 1,
        "min": 1,
        "var": 0
    },
    "silence_rate_30dB": {
        "dmean": 0.18514162302,
        "dmean2": 0.370301395655,
        "dvar": 0.150846451521,
        "dvar2": 0.301223784685,
        "max": 1,
        "mean": 0.634684205055,
        "median": 1,
        "min": 0,
        "var": 0.231866329908
    },
    "silence_rate_60dB": {
        "dmean": 0.00098010385409,
        "dmean2": 0.00191129627638,
        "dvar": 0.000979144824669,
        "dvar2": 0.00200570002198,
        "max": 1,
        "mean": 0.00984956137836,
        "median": 0,
        "min": 0,
        "var": 0.00975255481899
    },
    "spectral_centroid": {
        "dmean": 319.001098633,
        "dmean2": 457.255126953,
        "dvar": 143309.46875,
        "dvar2": 273171.9375,
        "max": 11479.3037109,
        "mean": 1795.93408203,
        "median": 1987.87060547,
        "min": 106.01651001,
        "var": 799068.1875
    },
    "spectral_complexity": {
        "dmean": 5.05547380447,
        "dmean2": 7.74094581604,
        "dvar": 23.995010376,
        "dvar2": 49.2626800537,
        "max": 63,
        "mean": 30.7031898499,
        "median": 34,
        "min": 0,
        "var": 208.061126709
    },
    "spectral_decrease": {
        "dmean": 5.98448890443e-09,
        "dmean2": 9.45840117339e-09,
        "dvar": 3.45514036695e-17,
        "dvar2": 7.80459069276e-17,
        "max": 1.14300270895e-28,
        "mean": -2.11334523215e-08,
        "median": -2.05342800541e-08,
        "min": -4.84071875917e-08,
        "var": 9.83131355718e-17
    },
    "spectral_energy": {
        "dmean": 0.0222687162459,
        "dmean2": 0.0352353267372,
        "dvar": 0.000475094420835,
        "dvar2": 0.00107671273872,
        "max": 0.187609091401,
        "mean": 0.0845572501421,
        "median": 0.0822911635041,
        "min": 1.03484697105e-20,
        "var": 0.0014272830449
    },
    "spectral_energyband_high": {
        "dmean": 0.0011190805817,
        "dmean2": 0.00171427114401,
        "dvar": 2.17750721276e-06,
        "dvar2": 5.09749679622e-06,
        "max": 0.0170128196478,
        "mean": 0.004050321877,
        "median": 0.00400082115084,
        "min": 7.47452599186e-21,
        "var": 9.28345525608e-06
    },
    "spectral_energyband_low": {
        "dmean": 0.0223235394806,
        "dmean2": 0.0345434546471,
        "dvar": 0.000529305834789,
        "dvar2": 0.00111392105464,
        "max": 0.18047465384,
        "mean": 0.0655235871673,
        "median": 0.0602990351617,
        "min": 2.85670704479e-23,
        "var": 0.0015610861592
    },
    "spectral_energyband_middle_high": {
        "dmean": 0.00148667756002,
        "dmean2": 0.00231280131266,
        "dvar": 2.42162241193e-06,
        "dvar2": 5.66379503653e-06,
        "max": 0.0216243043542,
        "mean": 0.00524641107768,
        "median": 0.00522451708093,
        "min": 1.28180743788e-21,
        "var": 1.28569736262e-05
    },
    "spectral_energyband_middle_low": {
        "dmean": 0.00859927665442,
        "dmean2": 0.0147999767214,
        "dvar": 0.000425868754974,
        "dvar2": 0.00115634023678,
        "max": 0.161789700389,
        "mean": 0.0108922086656,
        "median": 0.00518649443984,
        "min": 2.06785017853e-22,
        "var": 0.000323679560097
    },
    "spectral_entropy": {
        "dmean": 0.137119591236,
        "dmean2": 0.211737528443,
        "dvar": 0.045509647578,
        "dvar2": 0.106254845858,
        "max": 9.81642532349,
        "mean": 7.99632549286,
        "median": 8.28259372711,
        "min": 3.38917064667,
        "var": 0.519840121269
    },
    "spectral_flux": {
        "dmean": 0.0478684827685,
        "dmean2": 0.074744053185,
        "dvar": 0.00270792772062,
        "dvar2": 0.00502528762445,
        "max": 0.45283177495,
        "mean": 0.137125864625,
        "median": 0.115065351129,
        "min": 6.4694194446e-11,
        "var": 0.00580205814913
    },
    "spectral_kurtosis": {
        "dmean": 3.06244134903,
        "dmean2": 5.21320104599,
        "dvar": 146.525085449,
        "dvar2": 431.573883057,
        "max": 490.815856934,
        "mean": 8.26853847504,
        "median": 2.26371669769,
        "min": -1.29381108284,
        "var": 662.565795898
    },
    "spectral_rms": {
        "dmean": 0.00119766092394,
        "dmean2": 0.00187228666618,
        "dvar": 1.29515763092e-06,
        "dvar2": 2.75565525953e-06,
        "max": 0.0135289784521,
        "mean": 0.00880040600896,
        "median": 0.00896013714373,
        "min": 3.17743097458e-12,
        "var": 5.04832587467e-06
    },
    "spectral_rolloff": {
        "dmean": 874.502197266,
        "dmean2": 1415.38195801,
        "dvar": 2925192.5,
        "dvar2": 6824750,
        "max": 18970.7519531,
        "mean": 1124.61352539,
        "median": 279.931640625,
        "min": 21.533203125,
        "var": 4146493.5
    },
    "spectral_skewness": {
        "dmean": 0.252445906401,
        "dmean2": 0.41632387042,
        "dvar": 0.285106420517,
        "dvar2": 0.83349364996,
        "max": 18.8267211914,
        "mean": 1.66181433201,
        "median": 1.30921816826,
        "min": -0.0796095952392,
        "var": 2.16271448135
    },
    "spectral_spread": {
        "dmean": 611263.4375,
        "dmean2": 899933.4375,
        "dvar": 761276661760,
        "dvar2": 1.47545718784e+12,
        "max": 50559084,
        "mean": 6387839.5,
        "median": 6846801,
        "min": 273066.0625,
        "var": 6.43375457894e+12
    },
    "spectral_strongpeak": {
        "dmean": 0.187292709947,
        "dmean2": 0.305682837963,
        "dvar": 0.0512349717319,
        "dvar2": 0.129666894674,
        "max": 7.51133680344,
        "mean": 0.515298545361,
        "median": 0.468138873577,
        "min": 0,
        "var": 0.118655331433
    },
    "zerocrossingrate": {
        "dmean": 0.0165084581822,
        "dmean2": 0.0197958629578,
        "dvar": 0.000452347187093,
        "dvar2": 0.000605224689934,
        "max": 0.8330078125,
        "mean": 0.0705513879657,
        "median": 0.0654296875,
        "min": 0.0009765625,
        "var": 0.00373872485943
    },
    "barkbands": {
        "dmean": [0.00446104258299, 0.020777285099, 0.00598846562207, 0.00442095194012, 0.00410957681015, 0.00101892568637, 0.000453041982837, 0.000304952467559, 0.000343101361068, 0.000274235004326, 0.000275540049188, 0.000349458743585, 0.000338731799275, 0.000318005069857, 0.000303594890283, 0.000252170080785, 0.000225474737817, 0.000199665591936, 0.000185822747881, 0.000210498066735, 0.000254148530075, 0.000218018030864, 0.00016418749874, 0.000199221845833, 0.000227300726692, 0.000263941823505, 0.000153345623403],
        "dmean2": [0.00703846570104, 0.030859446153, 0.00943848304451, 0.00800440367311, 0.00745994737372, 0.00179121829569, 0.000728754734155, 0.000505186442751, 0.000557755876798, 0.000446651887614, 0.00045232224511, 0.000576129241381, 0.000560699671041, 0.000521583831869, 0.000506428303197, 0.000413620175095, 0.000371196423657, 0.000325606029946, 0.000299830455333, 0.000341927021509, 0.000412478053477, 0.000354118325049, 0.000265438866336, 0.000315418204991, 0.00034996913746, 0.00041915132897, 0.000246578652877],
        "dvar": [2.82188557321e-05, 0.000525590032339, 0.000167321864865, 0.000136245696922, 0.000128035375383, 4.82713403471e-06, 4.41418791297e-07, 1.82776418001e-07, 1.90835763192e-07, 1.24061557472e-07, 1.27760785062e-07, 1.8494648657e-07, 1.79710482939e-07, 1.53836197114e-07, 1.62807751281e-07, 1.22257020507e-07, 8.70876988301e-08, 6.51724505474e-08, 4.89648748214e-08, 6.32647001453e-08, 1.01960154097e-07, 6.9609569664e-08, 3.76000990343e-08, 6.91380392936e-08, 1.15444123594e-07, 2.03049978609e-07, 7.17975936482e-08],
        "dvar2": [6.89242442604e-05, 0.000976164010353, 0.00041053869063, 0.000384336395655, 0.000368977111066, 1.35254958877e-05, 1.10028747713e-06, 4.53536102896e-07, 4.58451836494e-07, 2.94723406569e-07, 3.1435806136e-07, 4.54212255363e-07, 4.61386065354e-07, 4.08686446463e-07, 4.383123553e-07, 3.14309289706e-07, 2.35256351289e-07, 1.76318437184e-07, 1.24308982663e-07, 1.59440347147e-07, 2.51809865404e-07, 1.77646796828e-07, 9.67303463995e-08, 1.6973015704e-07, 2.63164338321e-07, 4.74792670957e-07, 1.76983789402e-07],
        "max": [0.148101210594, 0.166992649436, 0.116550281644, 0.093566082418, 0.0914141088724, 0.0235367491841, 0.0115535100922, 0.00720960414037, 0.00716650579125, 0.00669255340472, 0.00650859158486, 0.0107221864164, 0.00638370541856, 0.0100427176803, 0.00760277826339, 0.00737253436819, 0.00650196149945, 0.00361086288467, 0.00370266311802, 0.00538790691644, 0.00744129810482, 0.00483427755535, 0.00401504710317, 0.00508409179747, 0.00442029209808, 0.00469187181443, 0.00354651920497],
        "mean": [0.00916230771691, 0.0494078062475, 0.00586685258895, 0.00362805929035, 0.00412169052288, 0.00124186719768, 0.000737898459192, 0.000463301083073, 0.000590920506511, 0.000453938002465, 0.000436183065176, 0.000606191228144, 0.000598231272306, 0.000585905450862, 0.000585821166169, 0.000480801536469, 0.000467886944534, 0.000434694578871, 0.000423405144829, 0.000469989026897, 0.000637716380879, 0.000568209507037, 0.000461570045445, 0.000530262419488, 0.000613358744886, 0.000695482711308, 0.000287217495497],
        "median": [0.00618790369481, 0.0348589234054, 0.0011695146095, 0.000620005768724, 0.00132503255736, 0.000573301978875, 0.000451696512755, 0.000273487297818, 0.000394677161239, 0.000303698296193, 0.000300595129374, 0.000463494798169, 0.000462088763015, 0.000457194983028, 0.000423466786742, 0.000345216452843, 0.000342716695741, 0.000330310576828, 0.000359602068784, 0.0004215548106, 0.000598437443841, 0.00054380268557, 0.00042456923984, 0.000485816650325, 0.000509388046339, 0.000490710663144, 0.000106118786789],
        "min": [1.89912898678e-24, 5.55679025335e-24, 2.66996994234e-24, 4.04684066657e-24, 3.46566601176e-23, 1.27464239729e-23, 8.63411652866e-24, 1.48077175182e-23, 2.42025097408e-23, 2.53734648918e-23, 2.09269541585e-23, 6.02135825016e-23, 4.56195011382e-23, 7.18729277481e-23, 4.72154140812e-23, 6.68067115534e-23, 8.13134470819e-23, 1.01507017767e-22, 1.4814430409e-22, 2.23213254464e-22, 2.768566543e-22, 3.52031362522e-22, 4.76270189823e-22, 6.88993638975e-22, 1.04912472235e-21, 1.29871465821e-21, 1.98520640904e-21],
        "var": [9.71748449956e-05, 0.00160258077085, 0.000157054542797, 8.8245869847e-05, 8.23481022962e-05, 3.9787651076e-06, 7.06742014245e-07, 2.97052537235e-07, 3.75005470232e-07, 2.32798612387e-07, 2.24174456775e-07, 3.53177455281e-07, 3.42979745938e-07, 3.11537604603e-07, 3.72492308998e-07, 2.64788042159e-07, 2.29341182489e-07, 1.8538359825e-07, 1.444756208e-07, 1.63819919408e-07, 3.13325273282e-07, 2.10785998433e-07, 1.37003141276e-07, 1.90541555867e-07, 3.26636524051e-07, 5.78383321681e-07, 1.76761602688e-07]
    },
    "erbbands": {
        "dmean": [1.0167645216, 3.58194231987, 5.88808870316, 11.9846086502, 14.221039772, 13.4383440018, 10.4899559021, 7.87562799454, 6.73935222626, 6.22080659866, 6.8049197197, 8.0476064682, 7.90849256516, 8.69464969635, 11.0283470154, 13.3378753662, 15.1076211929, 15.218211174, 14.4177894592, 14.1302661896, 14.8627948761, 11.8356866837, 10.1922149658, 9.07333374023, 9.37186813354, 10.0324602127, 10.4522647858, 10.2395563126, 8.37964057922, 6.08201646805, 4.77234220505, 4.22928142548, 3.34812402725, 2.29697823524, 1.71879005432, 1.00668859482, 0.539849877357, 0.217761322856, 0.0244320575148, 0.000331100396579],
        "dmean2": [1.45502984524, 5.16948366165, 8.29833030701, 21.0479602814, 25.7481002808, 24.2576808929, 18.6398506165, 13.6984987259, 11.0430688858, 10.0678682327, 11.1981687546, 13.1031675339, 12.7872190475, 14.323925972, 17.9789562225, 22.1884365082, 24.8850154877, 24.9909706116, 23.9862480164, 23.1325798035, 24.4710845947, 19.2594985962, 16.3571395874, 14.6107254028, 14.9690856934, 16.3472270966, 17.0960845947, 16.6095638275, 13.5947656631, 9.96597385406, 7.75110721588, 6.90356063843, 5.275867939, 3.5224738121, 2.69181585312, 1.61326897144, 0.873476862907, 0.34190633893, 0.0393366217613, 0.00052931252867],
        "dvar": [1.26469802856, 21.4426403046, 115.864486694, 894.299926758, 1555.15734863, 1295.44482422, 625.254638672, 265.329925537, 122.977668762, 74.9714813232, 88.1390609741, 110.449073792, 99.8043212891, 111.465660095, 181.320068359, 260.353057861, 358.430603027, 362.654846191, 319.860443115, 454.366760254, 491.887786865, 227.705154419, 162.107452393, 117.895217896, 121.329437256, 146.494155884, 169.247192383, 172.828308105, 104.590072632, 55.762752533, 31.3369407654, 30.6628684998, 20.5181312561, 10.9942770004, 6.39448928833, 2.64425635338, 0.870051443577, 0.144942015409, 0.00176584906876, 3.09372012453e-07],
        "dvar2": [2.43781042099, 35.3991546631, 242.819656372, 2455.70166016, 4428.24853516, 3726.64355469, 1785.48095703, 734.532470703, 316.146179199, 183.535552979, 219.573516846, 263.946838379, 238.847335815, 281.792266846, 445.068511963, 659.127685547, 916.531921387, 972.23614502, 861.71282959, 1123.96679688, 1271.42224121, 595.992492676, 415.781341553, 298.310089111, 304.326904297, 378.909454346, 424.147460938, 432.697235107, 269.754882812, 147.544342041, 80.8301315308, 79.1280975342, 47.9406776428, 25.0619602203, 14.5626411438, 6.40456008911, 2.09541654587, 0.331858098507, 0.00439270492643, 7.53963263378e-07],
        "max": [8.86327838898, 42.3067169189, 118.703514099, 235.777618408, 319.168426514, 335.461242676, 280.659606934, 219.848327637, 227.600814819, 123.161483765, 162.989990234, 204.218612671, 151.770507812, 144.091415405, 221.910522461, 411.066558838, 289.624420166, 578.398925781, 525.882507324, 523.990356445, 505.833953857, 420.698303223, 195.884811401, 160.681472778, 196.086227417, 343.569915771, 338.519958496, 373.288970947, 161.144134521, 170.044891357, 93.6914215088, 158.510269165, 78.7856369019, 50.3935165405, 34.6987533569, 17.682767868, 10.1149349213, 4.52720880508, 0.552465677261, 0.0075158062391],
        "mean": [2.20959234238, 7.88602399826, 8.00814151764, 10.6033744812, 12.7020492554, 13.5472755432, 11.9118404388, 10.1299085617, 10.3007993698, 10.2040586472, 11.172296524, 13.4938440323, 13.838643074, 15.2497272491, 19.7041759491, 24.0523605347, 28.2095413208, 29.8509235382, 29.394153595, 29.3109321594, 28.7056674957, 26.813577652, 23.8068714142, 21.828956604, 21.4624328613, 22.5283565521, 24.5865154266, 25.0892410278, 21.0202102661, 16.0425319672, 13.0982551575, 10.9333810806, 8.64852142334, 5.95033311844, 4.67371463776, 2.51185035706, 1.35812222958, 0.500860512257, 0.0457456894219, 0.000763771007769],
        "median": [1.5541754961, 4.3677277565, 2.72626852989, 2.25903606415, 3.06553149223, 4.41592979431, 4.96846485138, 4.84423828125, 5.99099969864, 6.4148812294, 7.03464651108, 8.89915943146, 9.56914520264, 11.3522558212, 15.121380806, 19.2683429718, 22.6403274536, 23.6410732269, 23.8903560638, 20.1385307312, 20.8766117096, 20.0300521851, 18.124994278, 18.4238243103, 19.1747627258, 20.2751712799, 22.5480976105, 23.4507656097, 19.854177475, 15.0819625854, 12.1744060516, 10.2760009766, 7.52626180649, 4.70858716965, 3.96484470367, 1.86587500572, 0.917157173157, 0.264792084694, 0.0173307601362, 0.000386173138395],
        "min": [1.78524700702e-22, 1.80060094129e-21, 3.40054676835e-21, 1.68718171617e-20, 2.56030074108e-20, 5.98479261102e-20, 5.53762975787e-20, 8.11805328294e-20, 1.0013486604e-19, 1.86236509591e-19, 4.49361421674e-19, 5.70968086958e-19, 7.67022765132e-19, 1.89372247896e-18, 8.39773351705e-19, 2.38505494152e-18, 2.12859276247e-18, 4.01387489726e-18, 2.95751024752e-18, 3.13866859193e-18, 4.3784564066e-18, 4.64025203944e-18, 4.67280904117e-18, 6.44814088137e-18, 9.14146080818e-18, 1.1095330071e-17, 1.09317071284e-17, 9.13306657932e-18, 1.12734783052e-17, 1.41413606382e-17, 1.28032553767e-17, 1.15719689108e-17, 1.09437715576e-17, 1.00095421933e-17, 7.57121227084e-18, 3.96215418869e-18, 2.57057893841e-18, 9.49049235598e-19, 2.59150154143e-19, 2.80954447681e-20],
        "var": [3.8625767231, 64.7154083252, 169.496276855, 626.186584473, 998.357055664, 861.399230957, 453.769439697, 239.065414429, 164.336593628, 127.934860229, 151.18132019, 208.365310669, 196.746704102, 196.545272827, 347.203796387, 484.665100098, 718.443908691, 787.818603516, 729.132873535, 1125.29260254, 977.489562988, 716.826904297, 545.37713623, 375.117614746, 348.853668213, 376.886383057, 467.229125977, 494.730743408, 296.379455566, 173.344177246, 108.67729187, 83.7136154175, 55.067237854, 31.2516288757, 19.3324279785, 7.04460573196, 2.2928185463, 0.404117703438, 0.00443084491417, 8.61235037064e-07]
    },
    "gfcc": {
        "mean": [50.5792388916, 57.8825645447, -79.1054382324, 35.1343383789, -31.1705970764, 24.6372852325, -21.1338005066, 11.780503273, -15.2686290741, 12.1332559586, -11.5882530212, 8.36945533752, -7.80394887924],
        "cov": [[15236.6982422, -5832.04248047, -252.623764038, 718.217346191, -766.790466309, 1201.70776367, -540.572387695, 738.46282959, -634.43939209, 808.480834961, -539.493041992, 449.002410889, -641.225524902], [-5832.04248047, 5260.54296875, -390.163482666, -526.09375, 326.373809814, -969.209960938, 400.39263916, -649.964294434, 411.82510376, -578.813476562, 379.879089355, -323.572540283, 489.180877686], [-252.623764038, -390.163482666, 641.227539062, -30.7286605835, -13.6205615997, 23.0655403137, -129.462188721, -2.179489851, -126.312690735, -6.90199804306, -103.888687134, -19.9269428253, -106.864181519], [718.217346191, -526.09375, -30.7286605835, 384.745513916, -46.2736930847, 154.933547974, -6.20806646347, 83.6074752808, -20.5990753174, 59.7307548523, -26.2840499878, 24.4865493774, -42.078540802], [-766.790466309, 326.373809814, -13.6205615997, -46.2736930847, 335.148010254, -21.3195667267, 120.903358459, -8.89740753174, 117.59526825, -30.2603988647, 71.9763565063, -25.8814506531, 49.6369972229], [1201.70776367, -969.209960938, 23.0655403137, 154.933547974, -21.3195667267, 329.770690918, -21.2783565521, 193.620880127, -29.1448783875, 130.229644775, -42.5691642761, 69.1879196167, -79.0224761963], [-540.572387695, 400.39263916, -129.462188721, -6.20806646347, 120.903358459, -21.2783565521, 192.020797729, -4.01711416245, 106.337242126, 10.854590416, 80.7205657959, -12.0686368942, 60.8205871582], [738.46282959, -649.964294434, -2.179489851, 83.6074752808, -8.89740753174, 193.620880127, -4.01711416245, 194.983779907, 29.1255111694, 104.235282898, -4.07123422623, 62.4311218262, -30.8045120239], [-634.43939209, 411.82510376, -126.312690735, -20.5990753174, 117.59526825, -29.1448783875, 106.337242126, 29.1255111694, 161.051422119, -0.0275775976479, 99.1312103271, -1.17469847202, 79.9637756348], [808.480834961, -578.813476562, -6.90199804306, 59.7307548523, -30.2603988647, 130.229644775, 10.854590416, 104.235282898, -0.0275775976479, 159.687637329, 11.6713542938, 71.358795166, -35.887298584], [-539.493041992, 379.879089355, -103.888687134, -26.2840499878, 71.9763565063, -42.5691642761, 80.7205657959, -4.07123422623, 99.1312103271, 11.6713542938, 120.079986572, 21.5975608826, 81.0882415771], [449.002410889, -323.572540283, -19.9269428253, 24.4865493774, -25.8814506531, 69.1879196167, -12.0686368942, 62.4311218262, -1.17469847202, 71.358795166, 21.5975608826, 79.1715164185, 8.68076038361], [-641.225524902, 489.180877686, -106.864181519, -42.078540802, 49.6369972229, -79.0224761963, 60.8205871582, -30.8045120239, 79.9637756348, -35.887298584, 81.0882415771, 8.68076038361, 110.073730469]],
        "icov": [[0.000181907598744, -7.76766391937e-05, 0.000316822901368, -7.02424440533e-05, -6.4698557253e-05, -0.000118339819892, 0.000241614077822, -0.000253156118561, 0.000423574034357, -0.000570969423279, 0.000605443434324, -0.000631877221167, 0.000535452214535], [-7.76766391937e-05, 0.00161679682788, -0.000369039422367, 0.000493674364407, 0.000930568610784, 0.000738921982702, -0.0012535052374, 0.00224088947289, -0.00189990992658, 0.00236028293148, -0.00254754698835, 0.00332897249609, -0.00261282012798], [0.000316822901368, -0.000369039422367, 0.00279481522739, 3.67615757568e-05, -0.00109292659909, 0.000205823569559, 0.00157041021157, -0.00148650922347, 0.0024191820994, -0.00140837021172, 0.00128968199715, -0.00105772993993, 0.00248668435961], [-7.02424440533e-05, 0.000493674364407, 3.67615757568e-05, 0.00347528187558, 0.000749983009882, -0.00147554615978, -0.000661198864691, 0.000918152800296, -0.00068160390947, 0.000806075928267, -0.000911844254006, 0.00165070500225, -0.00071463471977], [-6.4698557253e-05, 0.000930568610784, -0.00109292659909, 0.000749983009882, 0.00562290474772, -0.00105047982652, -0.00283741368912, 0.00271905073896, -0.00482190819457, 0.00311042787507, -0.00221714726649, 0.00159690715373, -0.000223464885494], [-0.000118339819892, 0.000738921982702, 0.000205823569559, -0.00147554615978, -0.00105047982652, 0.0112977800891, -0.00174197403248, -0.00801943894476, 0.00271176267415, 0.000320013030432, -0.000942938495427, -0.000148004299263, 0.0018058726564], [0.000241614077822, -0.0012535052374, 0.00157041021157, -0.000661198864691, -0.00283741368912, -0.00174197403248, 0.012130735442, -0.000142108779983, -0.00100518995896, -0.00651586335152, 0.000493590312544, 0.00243101757951, -0.000412974186474], [-0.000253156118561, 0.00224088947289, -0.00148650922347, 0.000918152800296, 0.00271905073896, -0.00801943894476, -0.000142108779983, 0.0228836014867, -0.014581923373, 0.000972954905592, 0.00125356868375, -0.00134716893081, -0.002933337586], [0.000423574034357, -0.00189990992658, 0.0024191820994, -0.00068160390947, -0.00482190819457, 0.00271176267415, -0.00100518995896, -0.014581923373, 0.0282126814127, -0.00457695219666, -0.0078183664009, 0.00506110163406, -0.00303225824609], [-0.000570969423279, 0.00236028293148, -0.00140837021172, 0.000806075928267, 0.00311042787507, 0.000320013030432, -0.00651586335152, 0.000972954905592, -0.00457695219666, 0.0231377985328, -0.0100085465237, -0.00766620133072, 0.00667118374258], [0.000605443434324, -0.00254754698835, 0.00128968199715, -0.000911844254006, -0.00221714726649, -0.000942938495427, 0.000493590312544, 0.00125356868375, -0.0078183664009, -0.0100085465237, 0.0345882214606, -0.013946287334, -0.00581068964675], [-0.000631877221167, 0.00332897249609, -0.00105772993993, 0.00165070500225, 0.00159690715373, -0.000148004299263, 0.00243101757951, -0.00134716893081, 0.00506110163406, -0.00766620133072, -0.013946287334, 0.0441977903247, -0.0208056028932], [0.000535452214535, -0.00261282012798, 0.00248668435961, -0.00071463471977, -0.000223464885494, 0.0018058726564, -0.000412974186474, -0.002933337586, -0.00303225824609, 0.00667118374258, -0.00581068964675, -0.0208056028932, 0.0370603986084]]
    },
    "melbands": {
        "dmean": [0.00712996255606, 0.00305731035769, 0.00201510614716, 0.00100944156293, 0.000402833742555, 0.000177245456143, 9.76752198767e-05, 6.66413834551e-05, 5.59903892281e-05, 5.0513765018e-05, 4.06588260375e-05, 3.61862803402e-05, 3.85343737435e-05, 3.80481214961e-05, 3.69260924344e-05, 3.49415277014e-05, 2.98909289995e-05, 2.56752609857e-05, 2.33861010202e-05, 1.71574520209e-05, 1.95045740838e-05, 1.42730204971e-05, 1.12353554869e-05, 1.00315546661e-05, 7.98485507403e-06, 8.13385577203e-06, 7.20840989743e-06, 7.13966346666e-06, 7.36528909329e-06, 6.86056091581e-06, 6.27457711744e-06, 5.57583234695e-06, 4.30015461461e-06, 3.57507860826e-06, 3.01449858853e-06, 2.82820633402e-06, 2.84917382487e-06, 2.66048914455e-06, 2.12718600778e-06, 2.19446178562e-06],
        "dmean2": [0.010205890052, 0.00413729529828, 0.00345872971229, 0.00183617614675, 0.000718249531928, 0.00030814341153, 0.000159672781592, 0.000108080756036, 9.21862592804e-05, 8.19815541035e-05, 6.56738047837e-05, 5.94542725594e-05, 6.29173518973e-05, 6.26653418294e-05, 6.16059405729e-05, 5.76094062126e-05, 4.92863036925e-05, 4.26126607636e-05, 3.92668189306e-05, 2.80883959931e-05, 3.23580970871e-05, 2.35895240621e-05, 1.79933413165e-05, 1.67891157616e-05, 1.30116823129e-05, 1.32339264383e-05, 1.17447589219e-05, 1.17535373647e-05, 1.21165130622e-05, 1.13123187475e-05, 1.0227857274e-05, 9.16683984542e-06, 7.05815409674e-06, 5.93414006289e-06, 4.93638845001e-06, 4.65278571937e-06, 4.68156895295e-06, 4.219150469e-06, 3.40151223099e-06, 3.44569548361e-06],
        "dvar": [5.51346056454e-05, 1.79221642611e-05, 2.40239060076e-05, 7.91406182543e-06, 9.76257297225e-07, 1.34225487614e-07, 2.44669564609e-08, 8.18418044446e-09, 5.95486771005e-09, 4.21682910812e-09, 2.67061750492e-09, 1.95423233151e-09, 2.50657850032e-09, 2.21737339601e-09, 2.21063434225e-09, 2.14734163784e-09, 1.43316891688e-09, 1.04115849275e-09, 1.01514385786e-09, 6.23181450887e-10, 8.75409134071e-10, 3.68774205617e-10, 2.41718173255e-10, 1.8532984869e-10, 9.37566968506e-11, 1.00408500958e-10, 8.39015315557e-11, 7.29500418406e-11, 9.7695178336e-11, 6.79841946627e-11, 5.96456634083e-11, 4.81549175535e-11, 2.90940951886e-11, 2.01971633862e-11, 1.32843380393e-11, 1.19338601501e-11, 1.30746915031e-11, 1.3026493946e-11, 8.50128821506e-12, 9.82587362169e-12],
        "dvar2": [0.000108008149255, 3.21707957482e-05, 6.42656013952e-05, 2.27608743444e-05, 2.79809455606e-06, 3.72246859115e-07, 6.28672438552e-08, 2.00989020982e-08, 1.48734091709e-08, 1.00562909111e-08, 6.36102059914e-09, 4.89808504867e-09, 6.06691852312e-09, 5.38769207026e-09, 5.6487117206e-09, 5.49367795699e-09, 3.87051368733e-09, 2.74731282168e-09, 2.77118572534e-09, 1.5716065116e-09, 2.30266516965e-09, 9.85166725975e-10, 6.08572414684e-10, 5.26741927853e-10, 2.43642939157e-10, 2.61492355547e-10, 2.13962916829e-10, 1.91929250271e-10, 2.44784359449e-10, 1.76479164615e-10, 1.52425752575e-10, 1.26691324098e-10, 7.73667171994e-11, 5.46440323546e-11, 3.53484429227e-11, 3.13455962575e-11, 3.42377445839e-11, 3.13887457692e-11, 2.01957010143e-11, 2.29837503196e-11],
        "max": [0.0556993037462, 0.0478621199727, 0.0363627932966, 0.0219439193606, 0.0108746066689, 0.00462542893365, 0.00297736073844, 0.00110405904707, 0.00146653316915, 0.00135009922087, 0.000855286780279, 0.000608129717875, 0.000999176758341, 0.000810415076558, 0.00138362648431, 0.000773216190282, 0.00128122814931, 0.00089094863506, 0.000560630054679, 0.000485162687255, 0.000623224128503, 0.000538428022992, 0.000455159432022, 0.000231737634749, 0.000150370382471, 0.000159985560458, 0.000245339469984, 0.000212802173337, 0.000307796784909, 0.00018023213488, 0.000173183609149, 0.00012962227629, 0.000107538231532, 9.4138966233e-05, 5.13114355272e-05, 7.26412181393e-05, 8.22251313366e-05, 7.68662139308e-05, 4.97065011587e-05, 6.52223825455e-05],
        "mean": [0.0167278945446, 0.00633554626256, 0.0018958527362, 0.000963927188423, 0.000459614297142, 0.00023001030786, 0.000152653767145, 0.000109696738946, 9.0987290605e-05, 8.44570531626e-05, 6.87320716679e-05, 6.19259371888e-05, 6.47412889521e-05, 6.47677952657e-05, 6.33995150565e-05, 6.12183066551e-05, 5.43754576938e-05, 4.71199673484e-05, 4.36826994701e-05, 3.31984047079e-05, 3.36978919222e-05, 2.84640209429e-05, 2.31967260333e-05, 2.00812155526e-05, 1.72366089828e-05, 1.63325294125e-05, 1.49226243593e-05, 1.4646739146e-05, 1.53476958076e-05, 1.50632768054e-05, 1.41415039252e-05, 1.23135087051e-05, 1.01209316199e-05, 8.41533528728e-06, 7.56382542022e-06, 6.85363693265e-06, 6.59403713144e-06, 6.15452563579e-06, 5.35542949365e-06, 4.94606911161e-06],
        "median": [0.0132555691525, 0.00364979589358, 0.000439599272795, 0.000277016428299, 0.000190992941498, 0.000112450157758, 9.23659827095e-05, 6.99199226801e-05, 5.63390640309e-05, 5.56754785066e-05, 4.6239420044e-05, 4.49163453595e-05, 4.67391837446e-05, 4.88743899041e-05, 4.86539247504e-05, 4.61939052911e-05, 4.16208786191e-05, 3.68173605239e-05, 3.04668683384e-05, 2.21446134674e-05, 2.33184400713e-05, 2.04229945666e-05, 1.64746888913e-05, 1.51469212142e-05, 1.4084720533e-05, 1.32443983603e-05, 1.29751952045e-05, 1.27162466015e-05, 1.31526276164e-05, 1.35746868182e-05, 1.2813923604e-05, 1.10795936052e-05, 9.25450785871e-06, 7.43315149521e-06, 6.76148465573e-06, 6.21374465481e-06, 6.00679049967e-06, 5.28621785634e-06, 4.46564945378e-06, 3.69495000996e-06],
        "min": [2.12276178429e-24, 1.9980677243e-24, 3.07246985037e-24, 3.8933295177e-24, 1.97735637844e-24, 1.91207478588e-24, 1.55089383435e-24, 1.86113626229e-24, 3.03490389963e-24, 3.41207348399e-24, 3.40418763595e-24, 6.76702554983e-24, 2.45347258893e-24, 5.14982085665e-24, 5.4628972674e-24, 3.30203882619e-24, 6.59719681314e-24, 4.52424942564e-24, 4.26300314852e-24, 3.94471315605e-24, 5.34428138067e-24, 4.72636663361e-24, 4.41619954189e-24, 4.14653138574e-24, 4.72910516425e-24, 6.41952837677e-24, 5.99735565828e-24, 6.88286819604e-24, 5.5680114053e-24, 5.19845176487e-24, 5.57383911523e-24, 6.73802228979e-24, 6.20638604879e-24, 8.27865264933e-24, 6.1710782124e-24, 7.14071842696e-24, 6.08955574873e-24, 6.79969385764e-24, 7.32679572615e-24, 7.66065743845e-24],
        "var": [0.000171426057932, 4.96694010508e-05, 1.81291561603e-05, 5.04774016008e-06, 6.94539778578e-07, 1.20077601196e-07, 3.32330358788e-08, 1.41978526713e-08, 1.01468033975e-08, 8.11743028351e-09, 5.204509268e-09, 3.46723605382e-09, 4.64022287261e-09, 4.07980138561e-09, 4.19764001336e-09, 3.91357479756e-09, 2.81220158271e-09, 2.07776040817e-09, 2.20687224051e-09, 1.46752920926e-09, 1.52118517782e-09, 9.13126352309e-10, 6.26901031087e-10, 4.213440985e-10, 2.51792642292e-10, 2.41269698664e-10, 1.92981186586e-10, 1.66822569647e-10, 2.26417537497e-10, 1.7557853782e-10, 1.55270823976e-10, 1.12741878333e-10, 7.51581921699e-11, 5.40817807204e-11, 3.98419873482e-11, 3.26610821721e-11, 3.12811825054e-11, 3.02141194009e-11, 2.34515323827e-11, 2.40870916962e-11]
    },
    "mfcc": {
        "mean": [-602.286193848, 99.4063034058, 17.3620109558, 25.7307300568, 17.6005783081, 20.9233512878, 12.1237077713, 9.24139404297, 8.59649372101, 6.50398588181, 5.6767115593, 7.03466081619, 3.36764335632],
        "cov": [[9181.38867188, -4086.31542969, -184.70098877, -138.861053467, -181.124984741, 292.516845703, 116.49571228, 53.4898986816, 31.3621826172, 138.532165527, 171.19682312, 59.9812049866, -7.15573072433], [-4086.31542969, 3596.61816406, -51.4167098999, 59.8286094666, -62.9694709778, -230.53729248, -132.545959473, -112.814575195, -68.4113540649, -138.591140747, -147.663452148, -72.8497161865, -18.4559936523], [-184.70098877, -51.4167098999, 506.084777832, 3.10223317146, 8.79071712494, -26.3639183044, -33.1179580688, -43.8250083923, -57.4144973755, -49.2867507935, -51.972366333, -44.2591438293, -48.9957199097], [-138.861053467, 59.8286094666, 3.10223317146, 235.890350342, 12.2206335068, 34.2130699158, 10.4563589096, -6.18213653564, 3.04023599625, -8.15915584564, -6.75694656372, -3.19334697723, 0.757331609726], [-181.124984741, -62.9694709778, 8.79071712494, 12.2206335068, 191.036148071, 33.0965080261, 30.2738189697, 47.6148147583, 30.6739215851, 25.3347053528, 14.5646085739, 23.0925102234, 14.2098970413], [292.516845703, -230.53729248, -26.3639183044, 34.2130699158, 33.0965080261, 106.934936523, 56.8164329529, 30.6219730377, 22.7081871033, 29.7925815582, 34.2700080872, 15.8066835403, 15.7373628616], [116.49571228, -132.545959473, -33.1179580688, 10.4563589096, 30.2738189697, 56.8164329529, 84.9948348999, 35.5489578247, 28.3607978821, 31.2169189453, 34.604637146, 21.5904598236, 18.4426708221], [53.4898986816, -112.814575195, -43.8250083923, -6.18213653564, 47.6148147583, 30.6219730377, 35.5489578247, 92.6245803833, 51.6060829163, 45.2801246643, 24.6440029144, 31.7363700867, 20.7585124969], [31.3621826172, -68.4113540649, -57.4144973755, 3.04023599625, 30.6739215851, 22.7081871033, 28.3607978821, 51.6060829163, 69.4657440186, 47.9487838745, 30.9794025421, 26.5094432831, 20.3289413452], [138.532165527, -138.591140747, -49.2867507935, -8.15915584564, 25.3347053528, 29.7925815582, 31.2169189453, 45.2801246643, 47.9487838745, 77.1706542969, 51.0276832581, 37.3654937744, 27.9489326477], [171.19682312, -147.663452148, -51.972366333, -6.75694656372, 14.5646085739, 34.2700080872, 34.604637146, 24.6440029144, 30.9794025421, 51.0276832581, 75.0572814941, 42.0626182556, 30.7344779968], [59.9812049866, -72.8497161865, -44.2591438293, -3.19334697723, 23.0925102234, 15.8066835403, 21.5904598236, 31.7363700867, 26.5094432831, 37.3654937744, 42.0626182556, 62.400352478, 38.4639778137], [-7.15573072433, -18.4559936523, -48.9957199097, 0.757331609726, 14.2098970413, 15.7373628616, 18.4426708221, 20.7585124969, 20.3289413452, 27.9489326477, 30.7344779968, 38.4639778137, 53.8744621277]],
