{
"lowlevel": {
    "average_loudness": 0.976125597954,
    "barkbands_crest": {
        "dmean": 2.58605337143,
        "dmean2": 4.08774423599,
        "dvar": 6.50764703751,
        "dvar2": 15.0617580414,
        "max": 26.8105697632,
        "mean": 19.0958652496,
        "median": 20.6448135376,
        "min": 2.88591194153,
        "var": 24.9364414215
    },
    "barkbands_flatness_db": {
        "dmean": 0.0505310408771,
        "dmean2": 0.0802240818739,
        "dvar": 0.0031566224061,
        "dvar2": 0.0073132161051,
        "max": 0.937748014927,
        "mean": 0.344138264656,
        "median": 0.343706101179,
        "min": 0.0219037551433,
        "var": 0.0179967395961
    },
    "barkbands_kurtosis": {
        "dmean": 22.4901103973,
        "dmean2": 36.486114502,
        "dvar": 1996.35375977,
        "dvar2": 4951.54199219,
        "max": 1808.75268555,
        "mean": 43.820350647,
        "median": 27.6788864136,
        "min": -1.82567024231,
        "var": 5579.80419922
    },
    "barkbands_skewness": {
        "dmean": 1.30479753017,
        "dmean2": 2.05762147903,
        "dvar": 1.71557319164,
        "dvar2": 4.20711278915,
        "max": 28.0954208374,
        "mean": 4.56446123123,
        "median": 4.38634681702,
        "min": -1.98429453373,
        "var": 8.0720281601
    },
    "barkbands_spread": {
        "dmean": 2.07851219177,
        "dmean2": 3.37486982346,
        "dvar": 12.6410531998,
        "dvar2": 29.9604129791,
        "max": 92.4857025146,
        "mean": 5.57593250275,
        "median": 2.3884165287,
        "min": 0.00791344232857,
        "var": 120.300415039
    },
    "dissonance": {
        "dmean": 0.0307503435761,
        "dmean2": 0.0513446703553,
        "dvar": 0.000914334203117,
        "dvar2": 0.00231106765568,
        "max": 0.499996423721,
        "mean": 0.426934689283,
        "median": 0.44221508503,
        "min": 0.110843494534,
        "var": 0.00314498296939
    },
    "dynamic_complexity": 3.03382015228,
    "erbbands_crest": {
        "dmean": 2.5408718586,
        "dmean2": 4.15968847275,
        "dvar": 6.14052820206,
        "dvar2": 15.8389568329,
        "max": 30.8907794952,
        "mean": 9.60765552521,
        "median": 8.56221389771,
        "min": 2.20085072517,
        "var": 23.252456665
    },
    "erbbands_flatness_db": {
        "dmean": 0.0292050670832,
        "dmean2": 0.0471356585622,
        "dvar": 0.00148770282976,
        "dvar2": 0.00340980594046,
        "max": 0.554700732231,
        "mean": 0.209245860577,
        "median": 0.216739162803,
        "min": 0.0601235292852,
        "var": 0.00808324478567
    },
    "erbbands_kurtosis": {
        "dmean": 2.78553247452,
        "dmean2": 4.66863155365,
        "dvar": 91.9411010742,
        "dvar2": 278.122192383,
        "max": 215.50177002,
        "mean": 4.82414293289,
        "median": 0.137533903122,
        "min": -1.81809902191,
        "var": 413.899475098
    },
    "erbbands_skewness": {
        "dmean": 0.470713883638,
        "dmean2": 0.759649276733,
        "dvar": 0.302926659584,
        "dvar2": 0.849372446537,
        "max": 11.6882486343,
        "mean": 1.00304830074,
        "median": 0.802114844322,
        "min": -2.3698413372,
        "var": 1.65350365639
    },
    "erbbands_spread": {
        "dmean": 10.8442087173,
        "dmean2": 17.5429096222,
        "dvar": 240.990951538,
        "dvar2": 545.916259766,
        "max": 184.571105957,
        "mean": 40.1876373291,
        "median": 25.5787734985,
        "min": 0.424865812063,
        "var": 1154.23327637
    },
    "hfc": {
        "dmean": 6.47520065308,
        "dmean2": 10.6966762543,
        "dvar": 65.2256698608,
        "dvar2": 171.282180786,
        "max": 73.9945144653,
        "mean": 17.6609249115,
        "median": 15.7605409622,
        "min": 1.14786702169e-16,
        "var": 121.259887695
    },
    "melbands_crest": {
        "dmean": 3.32744407654,
        "dmean2": 5.1193652153,
        "dvar": 7.99016952515,
        "dvar2": 19.682477951,
        "max": 35.7641448975,
        "mean": 21.8889732361,
        "median": 22.2226028442,
        "min": 1.89451909065,
        "var": 27.3691501617
    },
    "melbands_flatness_db": {
        "dmean": 0.0563435144722,
        "dmean2": 0.0893132090569,
        "dvar": 0.00425350433215,
        "dvar2": 0.00966668408364,
        "max": 1,
        "mean": 0.466738283634,
        "median": 0.474642127752,
        "min": 0.00566963851452,
        "var": 0.0250352714211
    },
    "melbands_kurtosis": {
        "dmean": 31.9238128662,
        "dmean2": 51.2135429382,
        "dvar": 2495.34326172,
        "dvar2": 5867.37060547,
        "max": 1485.82788086,
        "mean": 75.138885498,
        "median": 43.9464912415,
        "min": -1.71066725254,
        "var": 11670.2431641
    },
    "melbands_skewness": {
        "dmean": 1.41671872139,
        "dmean2": 2.23891758919,
        "dvar": 2.39028120041,
        "dvar2": 5.54602575302,
        "max": 29.3074836731,
        "mean": 5.6086025238,
        "median": 4.96451663971,
        "min": -0.67695826292,
        "var": 12.6442241669
    },
    "melbands_spread": {
        "dmean": 1.62511456013,
        "dmean2": 2.63311052322,
        "dvar": 23.7978782654,
        "dvar2": 52.761806488,
        "max": 181.044540405,
        "mean": 4.52488183975,
        "median": 1.98424315453,
        "min": 0.163313895464,
        "var": 157.887710571
    },
    "pitch_salience": {
        "dmean": 0.083214186132,
        "dmean2": 0.131707176566,
        "dvar": 0.00570197403431,
        "dvar2": 0.0132113881409,
        "max": 0.934606850147,
        "mean": 0.326602935791,
        "median": 0.303272992373,
        "min": 0.014287580736,
        "var": 0.0234810337424
    },
    "silence_rate_20dB": {
        "dmean": 0.00110849388875,
        "dmean2": 0.00221729488112,
        "dvar": 0.00110741169192,
        "dvar2": 0.00332161178812,
        "max": 1,
        "mean": 0.999445855618,
        "median": 1,
        "min": 0,
        "var": 0.000553812365979
    },
    "silence_rate_30dB": {
        "dmean": 0.0224469993263,
        "dmean2": 0.0449002198875,
        "dvar": 0.0219428632408,
        "dvar2": 0.0620065964758,
        "max": 1,
        "mean": 0.126350790262,
        "median": 0,
        "min": 0,
        "var": 0.110385127366
    },
    "silence_rate_60dB": {
        "dmean": 0.00471109896898,
        "dmean2": 0.00942350365222,
        "dvar": 0.0046895663254,
        "dvar2": 0.0101665556431,
        "max": 1,
        "mean": 0.0673316717148,
        "median": 0,
        "min": 0,
        "var": 0.0627967119217
    },
    "spectral_centroid": {
        "dmean": 173.42868042,
        "dmean2": 284.581359863,
        "dvar": 99659.234375,
        "dvar2": 233406.203125,
        "max": 11124.8789062,
        "mean": 515.147338867,
        "median": 302.360473633,
        "min": 65.8162612915,
        "var": 297593.1875
    },
    "spectral_complexity": {
        "dmean": 3.07884168625,
        "dmean2": 5.2472281456,
        "dvar": 25.5973720551,
        "dvar2": 69.2626800537,
        "max": 45,
        "mean": 10.5979499817,
        "median": 10,
        "min": 0,
        "var": 37.5058708191
    },
    "spectral_decrease": {
        "dmean": 1.41284512978e-08,
        "dmean2": 2.32380727994e-08,
        "dvar": 2.05839885262e-16,
        "dvar2": 6.21716042296e-16,
        "max": -2.79172332494e-29,
        "mean": -3.94696044737e-08,
        "median": -4.01392696858e-08,
        "min": -1.21469909686e-07,
        "var": 3.88143636596e-16
    },
    "spectral_energy": {
        "dmean": 0.0537081025541,
        "dmean2": 0.0883373245597,
        "dvar": 0.00296952202916,
        "dvar2": 0.00896721333265,
        "max": 0.460952728987,
        "mean": 0.150569230318,
        "median": 0.153488948941,
        "min": 1.05168623575e-20,
        "var": 0.00561478640884
    },
    "spectral_energyband_high": {
        "dmean": 0.000268183852313,
        "dmean2": 0.000445382815087,
        "dvar": 4.27369087674e-07,
        "dvar2": 1.13775593036e-06,
        "max": 0.00569326011464,
        "mean": 0.000417017785367,
        "median": 8.09829907666e-06,
        "min": 7.7577545723e-21,
        "var": 7.37743619084e-07
    },
    "spectral_energyband_low": {
        "dmean": 0.0526748038828,
        "dmean2": 0.0865977406502,
        "dvar": 0.00291560962796,
        "dvar2": 0.00880997627974,
        "max": 0.450093537569,
        "mean": 0.134731963277,
        "median": 0.134761035442,
        "min": 5.51584797794e-23,
        "var": 0.00519878510386
    },
    "spectral_energyband_middle_high": {
        "dmean": 0.000692586123478,
        "dmean2": 0.00118008372374,
        "dvar": 2.23910751629e-06,
        "dvar2": 6.16777560936e-06,
        "max": 0.0192677322775,
        "mean": 0.00112978555262,
        "median": 0.0007472980069,
        "min": 1.52997909018e-21,
        "var": 2.06910067391e-06
    },
    "spectral_energyband_middle_low": {
        "dmean": 0.00876227580011,
        "dmean2": 0.0135199381039,
        "dvar": 0.00019493693253,
        "dvar2": 0.000448461883934,
        "max": 0.181669816375,
        "mean": 0.0154377240688,
        "median": 0.0100229969248,
        "min": 4.07237085603e-22,
        "var": 0.000281739747152
    },
    "spectral_entropy": {
        "dmean": 0.355329453945,
        "dmean2": 0.582376420498,
        "dvar": 0.266794294119,
        "dvar2": 0.641402423382,
        "max": 9.79961299896,
        "mean": 6.49233913422,
        "median": 6.25866603851,
        "min": 2.60526537895,
        "var": 1.20922005177
    },
    "spectral_flux": {
        "dmean": 0.0575030110776,
        "dmean2": 0.096994265914,
        "dvar": 0.00288809114136,
        "dvar2": 0.00791269633919,
        "max": 0.467982828617,
        "mean": 0.14004342258,
        "median": 0.132390916348,
        "min": 1.02551751813e-10,
        "var": 0.00701197702438
    },
    "spectral_kurtosis": {
        "dmean": 17.3659553528,
        "dmean2": 29.6505641937,
        "dvar": 1357.95068359,
        "dvar2": 4133.03222656,
        "max": 761.725769043,
        "mean": 35.4424667358,
        "median": 21.4168796539,
        "min": -1.17238497734,
        "var": 4685.63525391
    },
    "spectral_rms": {
        "dmean": 0.00207233196124,
        "dmean2": 0.00338786328211,
        "dvar": 4.05029550166e-06,
        "dvar2": 1.22935489344e-05,
        "max": 0.0212063658983,
        "mean": 0.0113990260288,
        "median": 0.0122370477766,
        "min": 3.20317860777e-12,
        "var": 1.69582635863e-05
    },
    "spectral_rolloff": {
        "dmean": 114.530357361,
        "dmean2": 187.291259766,
        "dvar": 316586.03125,
        "dvar2": 703401.9375,
        "max": 18087.890625,
        "mean": 520.492004395,
        "median": 107.666015625,
        "min": 64.599609375,
        "var": 4207250.5
    },
    "spectral_skewness": {
        "dmean": 1.03012406826,
        "dmean2": 1.71223819256,
        "dvar": 1.83350527287,
        "dvar2": 4.88030767441,
        "max": 23.9798336029,
        "mean": 3.71544003487,
        "median": 3.51209259033,
        "min": -0.0371855422854,
        "var": 8.876745224
    },
    "spectral_spread": {
        "dmean": 685256.5,
        "dmean2": 1076737.75,
        "dvar": 1.03105796506e+12,
        "dvar2": 1.92163178086e+12,
        "max": 40270688,
        "mean": 3532414,
        "median": 2166106.75,
        "min": 137581.234375,
        "var": 8.49994632397e+12
    },
    "spectral_strongpeak": {
        "dmean": 0.288108885288,
        "dmean2": 0.513772547245,
        "dvar": 0.100299984217,
        "dvar2": 0.254536032677,
        "max": 4.02426862717,
        "mean": 0.720249056816,
        "median": 0.703676939011,
        "min": 0,
        "var": 0.164584815502
    },
    "zerocrossingrate": {
        "dmean": 0.00474540097639,
        "dmean2": 0.00600039213896,
        "dvar": 0.00011659097072,
        "dvar2": 0.000133391382406,
        "max": 0.8349609375,
        "mean": 0.0249218270183,
        "median": 0.0078125,
        "min": 0.001953125,
        "var": 0.00515770399943
    },
    "barkbands": {
        "dmean": [0.00404779519886, 0.0492070689797, 0.00656927889213, 0.00272042280994, 0.0050166035071, 0.00246180035174, 0.000259935448412, 0.000250106793828, 0.000134036192321, 0.000182648305781, 0.000132007771754, 0.00010901823407, 8.18770349724e-05, 4.94627893204e-05, 7.17293951311e-05, 6.65783663862e-05, 7.26026119082e-05, 7.42969859857e-05, 5.30505858478e-05, 6.82387471898e-05, 8.09169505374e-05, 5.79600200581e-05, 4.58720533061e-05, 3.84463055525e-05, 2.5227007427e-05, 9.85620408755e-06, 9.69934490058e-07],
        "dmean2": [0.00656277546659, 0.0802484676242, 0.0109534487128, 0.00464408565313, 0.00780383963138, 0.00392493139952, 0.000433911860455, 0.000365918705938, 0.000204005933483, 0.000272822740953, 0.000209466452361, 0.000184050033567, 0.000134548230562, 8.78521896084e-05, 0.000130870292196, 0.000122052406368, 0.000124943820992, 0.000136469549034, 9.56726071308e-05, 0.000122386147268, 0.000137109265779, 9.54279094003e-05, 7.38226735848e-05, 6.16090037511e-05, 4.22379926022e-05, 1.70305065694e-05, 1.69880843259e-06],
        "dvar": [2.44540424319e-05, 0.00257782731205, 0.00014599043061, 2.57824376604e-05, 8.77422498888e-05, 3.61450838682e-05, 3.6460278352e-07, 3.48044238763e-07, 5.0060965151e-08, 8.04979336522e-08, 7.01243010326e-08, 1.0804313888e-07, 5.95659273017e-08, 1.34796351858e-08, 3.46712312194e-08, 3.47913626797e-08, 3.51444242597e-08, 4.61380480488e-08, 1.97870964058e-08, 2.65013646583e-08, 3.54502631694e-08, 1.76393140094e-08, 1.59692152835e-08, 9.3236778298e-09, 4.83950168828e-09, 7.48062278788e-10, 1.70792234522e-11],
        "dvar2": [6.80411540088e-05, 0.00778811518103, 0.000379254139261, 7.03958285158e-05, 0.000192956591491, 8.13088408904e-05, 9.81702442004e-07, 6.43836926884e-07, 1.11315358708e-07, 1.72901252427e-07, 1.66240411659e-07, 2.49950915077e-07, 1.37522974342e-07, 3.77750843938e-08, 9.93872291133e-08, 1.00138159098e-07, 9.09764352741e-08, 1.3270128818e-07, 5.69434028819e-08, 7.46957908859e-08, 9.31893850975e-08, 4.70068357572e-08, 4.28021671439e-08, 2.45365008311e-08, 1.30479671512e-08, 2.02899408386e-09, 4.18312884332e-11],
        "max": [0.046547640115, 0.418661445379, 0.139973163605, 0.0607654862106, 0.142504900694, 0.113518603146, 0.00961601920426, 0.0264560952783, 0.00509779248387, 0.00445226486772, 0.0109238578007, 0.010514723137, 0.00715935230255, 0.00136189931072, 0.00210622209124, 0.00210133008659, 0.00247159320861, 0.00208273925819, 0.00130427314434, 0.00142000964843, 0.00138591695577, 0.00114096410107, 0.00134956010152, 0.0013286358444, 0.00086343055591, 0.000626305816695, 0.000220236528548],
        "mean": [0.0098491339013, 0.114500015974, 0.00932614225894, 0.0033228257671, 0.00690649263561, 0.00378970592283, 0.000451939587947, 0.00048046381562, 0.000292725337204, 0.000358405028237, 0.000207710516406, 0.000136949718581, 0.000116901290312, 6.05132700002e-05, 6.47893975838e-05, 6.00372768531e-05, 7.17844231986e-05, 6.11276045674e-05, 5.72685239604e-05, 7.92549180915e-05, 0.000100747100078, 8.58211860759e-05, 7.29594248696e-05, 6.23012092547e-05, 3.87709515053e-05, 1.33340054163e-05, 1.10943267373e-06],
        "median": [0.00843475945294, 0.113287121058, 0.00495147239417, 0.00191476941109, 0.00283014308661, 0.00169084803201, 0.000222653703531, 0.000273030862445, 0.000191719766008, 0.000234231571085, 0.000120376636914, 3.88918124372e-05, 3.24359534716e-05, 2.78229890682e-05, 2.33963510254e-05, 2.22631606448e-05, 1.37478809847e-05, 4.53733537142e-06, 3.32770150635e-06, 1.56683881869e-06, 1.36768449011e-06, 6.86642238179e-07, 7.29183966541e-07, 7.61131900617e-07, 7.81732296673e-07, 5.99272311774e-07, 2.77007803362e-08],
        "min": [1.86644206185e-23, 2.07987658391e-23, 6.55545936594e-24, 3.11376746817e-23, 7.42744917117e-23, 6.27712715047e-23, 7.24532453844e-23, 8.92860224889e-23, 5.98362419316e-23, 5.70700664576e-23, 4.28457021124e-23, 1.09207417229e-22, 5.24171502684e-23, 6.61963288503e-23, 1.47854798449e-22, 7.59270354013e-23, 1.62215298098e-22, 3.02007988582e-22, 2.70700080873e-22, 4.0887680557e-22, 3.32076261333e-22, 4.60316266876e-22, 7.96828072198e-22, 9.31867629603e-22, 9.92883609863e-22, 2.01831281864e-21, 2.24293738944e-21],
        "var": [5.42937850696e-05, 0.00428258674219, 0.000160989075084, 2.19423181989e-05, 0.000120447584777, 5.11453508807e-05, 5.0024328857e-07, 7.75341277404e-07, 1.44943896885e-07, 1.68664911371e-07, 9.86562866956e-08, 1.41629129757e-07, 1.17333676997e-07, 1.11616893506e-08, 2.25430571987e-08, 2.13314184094e-08, 3.16466568506e-08, 2.80195280311e-08, 1.69343650214e-08, 3.01538811698e-08, 4.73424925929e-08, 3.76009126057e-08, 2.76343747885e-08, 1.85410797826e-08, 7.48319362032e-09, 1.22386600854e-09, 5.11719069896e-11]
    },
    "erbbands": {
        "dmean": [2.05503582954, 9.13106822968, 8.61045837402, 7.78613424301, 8.38575553894, 18.6435585022, 29.040977478, 18.0211467743, 5.74212408066, 4.89036130905, 3.91045451164, 3.21829748154, 5.54131984711, 4.26893043518, 5.74308633804, 5.06848478317, 3.69112157822, 2.92491793633, 3.20579147339, 3.49925017357, 3.86754369736, 3.24915552139, 3.72683763504, 3.20115351677, 3.18391275406, 2.97002720833, 3.67074537277, 2.89583325386, 2.19205856323, 1.44195270538, 1.28332638741, 0.958420157433, 0.609723091125, 0.319226205349, 0.167443752289, 0.0628721788526, 0.0144271682948, 0.00249383226037, 0.000152098145918, 5.89841110923e-05],
        "dmean2": [3.21306204796, 15.3082942963, 14.7889671326, 12.6491518021, 14.8247556686, 28.30103302, 45.4715156555, 29.0937709808, 8.96725654602, 7.65104675293, 5.84598398209, 4.83109331131, 8.20189476013, 6.73630237579, 9.20323467255, 8.41033649445, 6.0291056633, 5.14827060699, 5.79944896698, 6.37993431091, 6.86463546753, 5.67429161072, 6.78653430939, 5.76414728165, 5.93551969528, 5.32093667984, 6.17884731293, 5.0173830986, 3.66618537903, 2.37130117416, 2.05742907524, 1.54924833775, 1.00531291962, 0.530349314213, 0.285461097956, 0.10946880281, 0.0250055622309, 0.00429727043957, 0.000260324159171, 9.71607732936e-05],
        "dvar": [4.83646583557, 98.1962814331, 206.215927124, 189.579238892, 259.138122559, 1413.09936523, 3650.39453125, 1789.0760498, 150.625396729, 94.0593795776, 155.736068726, 28.2173900604, 86.9520721436, 59.7382011414, 156.222869873, 245.5909729, 135.792617798, 41.1550064087, 67.0068206787, 100.706115723, 96.5860061646, 70.2398300171, 130.439117432, 61.2592926025, 67.111907959, 47.3051719666, 80.4943847656, 40.2425384521, 26.3031730652, 11.919965744, 12.8143644333, 6.26613473892, 2.279037714, 0.602617681026, 0.249173521996, 0.0328144133091, 0.00168723007664, 5.75432095502e-05, 3.82823401424e-07, 3.53688611732e-09],
        "dvar2": [13.978313446, 302.984161377, 555.534484863, 482.199462891, 720.581604004, 2943.48803711, 8868.48046875, 3989.67895508, 350.267608643, 200.773620605, 295.438751221, 61.5510597229, 176.66494751, 142.691543579, 377.12310791, 552.098266602, 313.21585083, 113.415092468, 192.019897461, 289.850524902, 266.770294189, 191.374710083, 376.877410889, 173.343276978, 193.123550415, 131.858535767, 218.657073975, 104.74432373, 69.9284591675, 31.4215869904, 34.0173416138, 16.4408950806, 6.21537780762, 1.6098638773, 0.679130494595, 0.0906072705984, 0.00450767623261, 0.000144189529237, 8.3675888618e-07, 1.05562678598e-08],
        "max": [18.350725174, 74.8666763306, 169.909759521, 204.782348633, 199.51776123, 547.307067871, 949.669006348, 690.39251709, 270.555877686, 319.46472168, 686.293212891, 136.702880859, 168.866271973, 161.687042236, 535.623901367, 527.558837891, 364.229156494, 77.8838119507, 98.7410049438, 117.670600891, 107.806922913, 106.896499634, 120.000984192, 65.9662399292, 72.0866241455, 61.9007453918, 62.2124023438, 46.8628005981, 46.2562675476, 33.5557899475, 36.3106040955, 26.399810791, 20.6021308899, 9.40035247803, 5.97277212143, 2.62448978424, 1.265879035, 0.35274720192, 0.0394351892173, 0.000790948630311],
        "mean": [3.36500954628, 24.7911949158, 19.012752533, 11.9027042389, 10.4755048752, 25.4903011322, 38.952835083, 29.0063743591, 11.9858474731, 8.63301944733, 7.46504306793, 7.44434833527, 11.2120523453, 8.43837833405, 8.61664867401, 7.12459468842, 5.54502439499, 3.81693172455, 3.14305782318, 3.24347734451, 3.77210664749, 3.17301034927, 3.15897798538, 3.12045168877, 3.34427976608, 3.63188409805, 4.14091253281, 3.74063181877, 3.21190810204, 2.46778678894, 1.94749581814, 1.48775005341, 0.94812643528, 0.514514029026, 0.226617559791, 0.0795360803604, 0.020429879427, 0.00345051055774, 0.000237176180235, 0.00016770788352],
        "median": [2.8816986084, 25.8761940002, 14.5043344498, 7.15380096436, 6.7826833725, 8.33664703369, 11.9482192993, 15.0004882812, 5.4730052948, 5.1760263443, 4.26205015182, 5.39598178864, 6.5989522934, 5.06141042709, 5.16785287857, 2.27160263062, 1.65234684944, 1.77458369732, 1.37857437134, 1.19511425495, 1.18160843849, 0.643189787865, 0.345908045769, 0.199636012316, 0.124368652701, 0.0831058770418, 0.0742031335831, 0.0393848717213, 0.0245478525758, 0.022298142314, 0.0208995826542, 0.0164862312376, 0.0120654636994, 0.00874955859035, 0.00529298465699, 0.00264471676201, 0.00104507361539, 0.000193798565306, 8.96319834283e-05, 0.00017135872622],
        "min": [1.47438219306e-21, 1.63702334983e-21, 6.22276625324e-21, 5.34879379443e-20, 1.43415385532e-19, 3.39515067501e-19, 4.08234932196e-19, 4.10472688397e-19, 5.85342728246e-19, 2.01532857556e-18, 1.68344820417e-18, 1.04854241628e-18, 1.8169776957e-18, 1.72010626397e-18, 2.95743807601e-18, 3.56910939447e-18, 2.54686408384e-18, 2.79517956782e-18, 3.62770852342e-18, 9.47968338012e-18, 5.87776097153e-18, 7.7326696546e-18, 1.66491489167e-17, 1.48732533529e-17, 1.70388138509e-17, 1.86808782091e-17, 1.08784888093e-17, 1.53520867028e-17, 1.85583644885e-17, 2.09285744332e-17, 1.97744159419e-17, 1.48933257177e-17, 1.89447918378e-17, 9.30314732097e-18, 9.10489363484e-18, 6.20783912316e-18, 3.79412692291e-18, 1.54720008015e-18, 3.36927905039e-19, 3.00133276418e-20],
        "var": [6.495844841, 176.757095337, 278.057189941, 218.620040894, 203.959716797, 2045.58813477, 4511.38867188, 2683.04321289, 352.65020752, 191.90071106, 286.629638672, 70.9669418335, 198.070678711, 118.170455933, 203.571334839, 347.296722412, 269.464569092, 38.418258667, 43.5635643005, 64.3605804443, 72.6585845947, 53.0962562561, 77.7447967529, 47.9861984253, 58.0180244446, 60.5934829712, 86.1426239014, 65.7340927124, 53.3391838074, 29.7465457916, 20.0522994995, 11.401219368, 4.26368713379, 1.19626057148, 0.309668511152, 0.0425569452345, 0.00310852820985, 0.000172053929418, 1.33652270051e-06, 6.99870650323e-09]
    },
    "gfcc": {
        "mean": [-103.721481323, 160.986816406, -55.3752365112, 24.429058075, -24.0532970428, 13.1292362213, -15.3670253754, 6.95740461349, -9.76852893829, -0.946810543537, -4.82488203049, 1.80212497711, 3.79402089119],
        "cov": [[37474.921875, 1699.1628418, -321.488739014, 3790.31298828, -419.101715088, 1385.0637207, -515.020874023, 217.793701172, -469.020477295, 315.636505127, 181.598297119, 572.976013184, 46.6085472107], [1699.1628418, 5045.57177734, -326.195129395, -1323.02478027, 1681.32861328, -680.602539062, 479.447692871, -465.856872559, 450.907470703, -365.37109375, 302.455047607, -228.550628662, 263.222290039], [-321.488739014, -326.195129395, 1406.04760742, 197.126495361, 73.953918457, 322.338287354, 64.6577682495, 182.16784668, 86.5541687012, 65.1958236694, 23.8263530731, 16.7425460815, 5.63051366806], [3790.31298828, -1323.02478027, 197.126495361, 1252.20556641, -442.622528076, 399.857116699, -35.5816230774, 152.567810059, -103.959983826, 128.54776001, -21.5711727142, 70.0002975464, -58.4918212891], [-419.101715088, 1681.32861328, 73.953918457, -442.622528076, 815.061218262, -214.056518555, 243.196975708, -125.754478455, 204.407699585, -122.210769653, 116.519432068, -109.95211792, 92.1243438721], [1385.0637207, -680.602539062, 322.338287354, 399.857116699, -214.056518555, 317.646911621, -36.729019165, 112.900215149, -34.1089820862, 70.7320632935, -16.8141479492, 47.5860328674, -32.6938018799], [-515.020874023, 479.447692871, 64.6577682495, -35.5816230774, 243.196975708, -36.729019165, 222.348022461, -22.9413318634, 127.2551651, -36.1000976562, 57.599105835, -67.6095123291, 39.4671859741], [217.793701172, -465.856872559, 182.16784668, 152.567810059, -125.754478455, 112.900215149, -22.9413318634, 152.568878174, -22.3969554901, 47.723903656, -21.0544109344, 14.0460729599, -27.9208335876], [-469.020477295, 450.907470703, 86.5541687012, -103.959983826, 204.407699585, -34.1089820862, 127.2551651, -22.3969554901, 169.220535278, -17.541431427, 55.1779708862, -40.9659080505, 38.547744751], [315.636505127, -365.37109375, 65.1958236694, 128.54776001, -122.210769653, 70.7320632935, -36.1000976562, 47.723903656, -17.541431427, 85.7975006104, -8.9024105072, 31.6169433594, -15.5695619583], [181.598297119, 302.455047607, 23.8263530731, -21.5711727142, 116.519432068, -16.8141479492, 57.599105835, -21.0544109344, 55.1779708862, -8.9024105072, 86.784538269, -1.02197885513, 25.1700954437], [572.976013184, -228.550628662, 16.7425460815, 70.0002975464, -109.95211792, 47.5860328674, -67.6095123291, 14.0460729599, -40.9659080505, 31.6169433594, -1.02197885513, 86.1488952637, 4.22545719147], [46.6085472107, 263.222290039, 5.63051366806, -58.4918212891, 92.1243438721, -32.6938018799, 39.4671859741, -27.9208335876, 38.547744751, -15.5695619583, 25.1700954437, 4.22545719147, 58.7351646423]],
        "icov": [[0.00036093883682, -0.00135784444865, 0.000406521052355, -0.00143592408858, 0.000522818067111, -0.00152344175149, 0.00110222341027, -0.00116640294436, 0.000798871857114, -0.00131147610955, 0.000756059307605, -0.0014946765732, 0.000278285762761], [-0.00135784444865, 0.00614316156134, -0.00141019956209, 0.00562626169994, -0.00337648182176, 0.00585556635633, -0.00382814183831, 0.00523401331156, -0.00332970591262, 0.00600338587537, -0.00390000105835, 0.00589847797528, -0.00207569426857], [0.000406521052355, -0.00141019956209, 0.00166782736778, -0.00137698289473, -4.02312070946e-05, -0.00315437605605, 0.00130725512281, -0.00217769294977, 0.000489826663397, -0.00159133621491, 0.000851221673656, -0.00174515787512, -0.000122799843666], [-0.00143592408858, 0.00562626169994, -0.00137698289473, 0.00738677708432, -0.00194899050985, 0.00422849087045, -0.00537655176595, 0.00481546577066, -0.00234270142391, 0.00465441681445, -0.00379625544883, 0.00611157855019, -0.001315512578], [0.000522818067111, -0.00337648182176, -4.02312070946e-05, -0.00194899050985, 0.0059483172372, -0.00155491381884, -0.000146930440678, -0.00207095057704, 0.000821457360871, -0.00175640848465, 0.000646496366244, -0.00115203275345, 0.000499922723975], [-0.00152344175149, 0.00585556635633, -0.00315437605605, 0.00422849087045, -0.00155491381884, 0.0149516602978, -0.00466119777411, 0.00343119050376, -0.00414762692526, 0.00544428359717, -0.00321259931661, 0.00436340086162, 0.000233108003158], [0.00110222341027, -0.00382814183831, 0.00130725512281, -0.00537655176595, -0.000146930440678, -0.00466119777411, 0.014995069243, -0.00404420588166, -0.00262305745855, -0.00258431816474, -0.000140681440826, 0.00126728182659, -0.00255537568592], [-0.00116640294436, 0.00523401331156, -0.00217769294977, 0.00481546577066, -0.00207095057704, 0.00343119050376, -0.00404420588166, 0.0152879292145, -0.00251139746979, 0.00217858282849, -0.00240785442293, 0.00590452365577, 0.000449406914413], [0.000798871857114, -0.00332970591262, 0.000489826663397, -0.00234270142391, 0.000821457360871, -0.00414762692526, -0.00262305745855, -0.00251139746979, 0.0150462733582, -0.00607558013871, -0.00117773085367, -0.00117865251377, -0.00201603141613], [-0.00131147610955, 0.00600338587537, -0.00159133621491, 0.00465441681445, -0.00175640848465, 0.00544428359717, -0.00258431816474, 0.00217858282849, -0.00607558013871, 0.0246800202876, -0.00445991847664, 0.00155405665282, -0.000189336045878], [0.000756059307605, -0.00390000105835, 0.000851221673656, -0.00379625544883, 0.000646496366244, -0.00321259931661, -0.000140681440826, -0.00240785442293, -0.00117773085367, -0.00445991847664, 0.0203903615475, -0.00828545168042, 0.000612255360465], [-0.0014946765732, 0.00589847797528, -0.00174515787512, 0.00611157855019, -0.00115203275345, 0.00436340086162, 0.00126728182659, 0.00590452365577, -0.00117865251377, 0.00155405665282, -0.00828545168042, 0.0279872380197, -0.010080775246], [0.000278285762761, -0.00207569426857, -0.000122799843666, -0.001315512578, 0.000499922723975, 0.000233108003158, -0.00255537568592, 0.000449406914413, -0.00201603141613, -0.000189336045878, 0.000612255360465, -0.010080775246, 0.0278208386153]]
    },
    "melbands": {
        "dmean": [0.015425125137, 0.00661906599998, 0.00133249664214, 0.000786696909927, 0.00111083337106, 0.000410967302741, 7.69191537984e-05, 5.53246645723e-05, 2.95066874969e-05, 1.98121451831e-05, 2.76612299785e-05, 1.74514516402e-05, 1.83137744898e-05, 1.5022322259e-05, 1.01069517768e-05, 6.7326336648e-06, 5.52533674636e-06, 4.60267119706e-06, 5.31193654751e-06, 5.08661150889e-06, 4.82210589325e-06, 3.66173458133e-06, 3.10008658744e-06, 3.87819227399e-06, 2.52142626778e-06, 2.05997912417e-06, 2.44879333877e-06, 1.99160831471e-06, 2.35535094362e-06, 2.05228866434e-06, 1.59502496899e-06, 1.39488724926e-06, 9.98703853838e-07, 8.22735444217e-07, 7.3537978551e-07, 7.48307002141e-07, 5.76523689233e-07, 4.75786009702e-07, 3.41924618397e-07, 2.69620556992e-07],
        "dmean2": [0.0246251225471, 0.0114176338539, 0.00217828736641, 0.00125631922856, 0.00170173717197, 0.000656344054732, 0.000120584212709, 8.46791663207e-05, 4.38837487309e-05, 3.00333686027e-05, 4.09318054153e-05, 2.75219190371e-05, 2.91116302833e-05, 2.4875966119e-05, 1.6474747099e-05, 1.12244588308e-05, 9.76306091616e-06, 8.28131487651e-06, 9.78701427812e-06, 9.27329801925e-06, 8.49883599585e-06, 6.33918307358e-06, 5.57225439479e-06, 7.16871500117e-06, 4.56574935015e-06, 3.7423556023e-06, 4.54473820355e-06, 3.58587749361e-06, 4.10142411056e-06, 3.52597430719e-06, 2.74962985714e-06, 2.38037637246e-06, 1.62021558481e-06, 1.36384858251e-06, 1.1846734651e-06, 1.2403237406e-06, 9.40245570291e-07, 7.8920749047e-07, 5.70663644339e-07, 4.57973726498e-07],
        "dvar": [0.00026319216704, 6.68621723889e-05, 5.37353434993e-06, 1.82483404387e-06, 4.76223294754e-06, 9.5280614687e-07, 2.88740338306e-08, 1.21759606841e-08, 8.29154167548e-09, 9.58281565211e-10, 2.12966377866e-09, 1.08485442851e-09, 1.38985456477e-09, 1.61275548471e-09, 7.47281125868e-10, 3.16321108196e-10, 1.45727152567e-10, 1.34574323907e-10, 2.18638343541e-10, 2.09494394054e-10, 1.52619139548e-10, 8.54021436902e-11, 9.32615443205e-11, 1.23126550622e-10, 3.4339534688e-11, 3.24955791442e-11, 3.71676057986e-11, 1.93110180624e-11, 3.43251052581e-11, 2.05095419814e-11, 1.35261957884e-11, 1.13878169047e-11, 4.91465722285e-12, 4.10264400577e-12, 3.98636679222e-12, 4.69698108532e-12, 2.0847583642e-12, 1.34135085851e-12, 7.4660996786e-13, 4.20121836625e-13],
        "dvar2": [0.000783797295298, 0.000197444125661, 1.36391699925e-05, 4.21196637035e-06, 1.09962638817e-05, 2.10787243304e-06, 6.77616398548e-08, 2.45423876777e-08, 1.56946171614e-08, 2.15046425112e-09, 4.34393632176e-09, 2.55977394836e-09, 3.3324005777e-09, 3.80212172857e-09, 1.72585312708e-09, 7.61056107024e-10, 4.03455935327e-10, 3.86025600374e-10, 6.27812468679e-10, 6.03588456993e-10, 4.0557937564e-10, 2.23704138547e-10, 2.68041644436e-10, 3.54376972211e-10, 9.66637117572e-11, 9.37363589526e-11, 1.06786933463e-10, 5.40785680125e-11, 9.38266409012e-11, 5.38295276409e-11, 3.52844697904e-11, 3.07749693784e-11, 1.2322589997e-11, 1.1192853068e-11, 1.04504096349e-11, 1.25817273267e-11, 5.49418757018e-12, 3.6562497821e-12, 2.03687717734e-12, 1.1367384898e-12],
        "max": [0.138120293617, 0.0816965922713, 0.0306103602052, 0.02084056288, 0.0291303731501, 0.0156335867941, 0.00354091776535, 0.0037730676122, 0.00501229614019, 0.00073348521255, 0.000841938657686, 0.000689970445819, 0.00148904323578, 0.00123604596592, 0.000700209639035, 0.000477374967886, 0.000142369710375, 0.000148191276821, 0.000166271012858, 0.000181474810233, 0.000143790748552, 0.000113487352792, 0.000123640085803, 0.000103069658508, 4.64959157398e-05, 5.33058228029e-05, 4.97458349855e-05, 3.89836495742e-05, 4.17927803937e-05, 3.66890926671e-05, 2.98446793749e-05, 2.83920580841e-05, 2.13199873542e-05, 2.11081660382e-05, 1.90895752894e-05, 2.31616540987e-05, 1.67389625858e-05, 1.58788934641e-05, 1.05154058474e-05, 7.65286313253e-06],
        "mean": [0.0326934829354, 0.0188812632114, 0.00202422961593, 0.00110030628275, 0.00151313119568, 0.000664103834424, 0.000156867332407, 9.86765662674e-05, 5.60828593734e-05, 4.6063807531e-05, 5.4931089835e-05, 3.29976210196e-05, 2.74406684184e-05, 2.02963365155e-05, 1.50346522787e-05, 9.28685585677e-06, 6.98347230355e-06, 4.54340624856e-06, 4.5628657972e-06, 4.7075227485e-06, 4.66541359856e-06, 3.59189357368e-06, 2.73558862318e-06, 3.11256030727e-06, 2.42201849687e-06, 2.23836400437e-06, 2.60931392404e-06, 2.32416482504e-06, 2.49590129897e-06, 2.54814244727e-06, 2.03035756385e-06, 1.88277681445e-06, 1.51573669882e-06, 1.35528796363e-06, 1.09009556581e-06, 1.08530377929e-06, 8.49380739965e-07, 6.93735103141e-07, 5.3598625982e-07, 3.97767479399e-07],
        "median": [0.0306111183017, 0.018097428605, 0.00127906375565, 0.000540066685062, 0.000472773215733, 0.000326163804857, 6.68849825161e-05, 5.65647424082e-05, 3.10175200866e-05, 3.25635774061e-05, 3.21670922858e-05, 1.82144212886e-05, 1.55526722665e-05, 8.08962795418e-06, 3.91355206375e-06, 3.19911487168e-06, 3.08590279019e-06, 1.99152691494e-06, 1.52052348312e-06, 1.80150141205e-06, 1.16574631193e-06, 6.65096365537e-07, 4.16452081708e-07, 2.22694140461e-07, 1.43612282955e-07, 9.00780960933e-08, 5.67023477061e-08, 5.20384020319e-08, 4.88889142503e-08, 3.15543289275e-08, 1.81196782023e-08, 1.3220818218e-08, 1.26197567951e-08, 1.17121938814e-08, 1.21438361589e-08, 9.93663373805e-09, 9.52456957748e-09, 8.13631384489e-09, 7.38034167114e-09, 6.89080525973e-09],
        "min": [1.06152310405e-23, 2.43867829151e-24, 1.23791248134e-23, 1.68237825124e-23, 1.50538421207e-23, 1.00383544154e-23, 1.13378583952e-23, 2.22577041299e-23, 1.3918410954e-23, 6.6017386798e-24, 9.39883750132e-24, 7.12054409817e-24, 8.22181600997e-24, 1.40670907242e-23, 7.37839985112e-24, 3.57226234042e-24, 5.59337762213e-24, 4.96775491517e-24, 1.17314289894e-23, 9.60467103302e-24, 7.0213598277e-24, 7.30617805753e-24, 1.27761648179e-23, 1.52545314904e-23, 1.17094292365e-23, 1.10421467851e-23, 1.39485643732e-23, 1.21939547043e-23, 5.21553533664e-24, 9.16712854308e-24, 8.4571876494e-24, 1.01770574618e-23, 9.94338581761e-24, 1.22765815732e-23, 1.09636306704e-23, 1.11295928054e-23, 8.62641014648e-24, 1.39806946779e-23, 1.11262385688e-23, 6.42774751855e-24],
        "var": [0.000409868283896, 0.00011920704128, 5.94144239585e-06, 2.34237563745e-06, 6.35519199932e-06, 1.43735610436e-06, 6.55552625517e-08, 2.73622031699e-08, 1.54404524721e-08, 2.69207744985e-09, 4.8631125793e-09, 2.13839923546e-09, 1.86858217788e-09, 2.09930162143e-09, 1.40628464429e-09, 5.24039533989e-10, 1.369483138e-10, 8.86980697223e-11, 1.36137934259e-10, 1.31984312368e-10, 1.29727173448e-10, 7.43924921665e-11, 5.68227132014e-11, 7.36914834709e-11, 2.82239388111e-11, 2.77912103053e-11, 3.47631992637e-11, 2.53519549104e-11, 3.32675172132e-11, 2.93916765925e-11, 2.06025092819e-11, 1.9113467753e-11, 1.23175749114e-11, 9.20941274629e-12, 6.26933314291e-12, 6.81644324318e-12, 3.70362161078e-12, 2.40071352554e-12, 1.35717348818e-12, 7.43666304752e-13]
    },
    "mfcc": {
        "mean": [-746.848571777, 188.506576538, 38.702091217, 31.5521240234, 22.8631267548, 16.5043182373, 11.5573673248, 12.5696201324, 9.47078990936, 4.40391492844, -0.55245256424, 3.8428196907, 3.75687289238],
        "cov": [[16833.8007812, -55.2519760132, 301.912902832, 1133.74682617, -353.515655518, 367.118011475, 78.3554229736, 39.7916107178, -117.638824463, -153.720489502, -186.466079712, 59.0309257507, 11.2506523132], [-55.2519760132, 6124.55810547, -576.06842041, -467.999511719, 647.093933105, 15.8009557724, -5.93399333954, 106.504432678, 147.166687012, -5.17972755432, -63.5753555298, 56.7059593201, 126.111274719], [301.912902832, -576.06842041, 1014.47802734, 281.870178223, 71.8499450684, 118.105102539, 132.823486328, 109.042541504, 80.9578323364, 119.961242676, 64.4781646729, 6.20375394821, -0.39179328084], [1133.74682617, -467.999511719, 281.870178223, 496.555541992, -14.8902864456, 140.773361206, 105.621994019, 46.8657989502, 62.509098053, 49.0931129456, 45.0825309753, 49.0350265503, 32.7151260376], [-353.515655518, 647.093933105, 71.8499450684, -14.8902864456, 203.149597168, 14.2837791443, 35.0549888611, 41.8453559875, 41.025970459, 23.9487915039, 15.3353757858, 8.22713565826, 10.9807987213], [367.118011475, 15.8009557724, 118.105102539, 140.773361206, 14.2837791443, 155.079711914, 42.1476707458, 25.8413467407, 41.5600128174, 24.3319969177, 11.5421657562, 38.5247993469, 22.8404598236], [78.3554229736, -5.93399333954, 132.823486328, 105.621994019, 35.0549888611, 42.1476707458, 111.581733704, 45.7454109192, 34.8504524231, 39.0002784729, 27.3672294617, 14.3264112473, 9.49843025208], [39.7916107178, 106.504432678, 109.042541504, 46.8657989502, 41.8453559875, 25.8413467407, 45.7454109192, 86.1132202148, 34.4472084045, 36.440864563, 26.1923980713, 2.7911901474, 4.35606479645], [-117.638824463, 147.166687012, 80.9578323364, 62.509098053, 41.025970459, 41.5600128174, 34.8504524231, 34.4472084045, 99.5192565918, 48.432762146, 22.3621253967, 27.8149108887, 15.4038686752], [-153.720489502, -5.17972755432, 119.961242676, 49.0931129456, 23.9487915039, 24.3319969177, 39.0002784729, 36.440864563, 48.432762146, 89.0889129639, 42.0121269226, 6.03441572189, 6.62592124939], [-186.466079712, -63.5753555298, 64.4781646729, 45.0825309753, 15.3353757858, 11.5421657562, 27.3672294617, 26.1923980713, 22.3621253967, 42.0121269226, 68.8441390991, 11.6244001389, 0.35021173954], [59.0309257507, 56.7059593201, 6.20375394821, 49.0350265503, 8.22713565826, 38.5247993469, 14.3264112473, 2.7911901474, 27.8149108887, 6.03441572189, 11.6244001389, 87.5799484253, 37.9762763977], [11.2506523132, 126.111274719, -0.39179328084, 32.7151260376, 10.9807987213, 22.8404598236, 9.49843025208, 4.35606479645, 15.4038686752, 6.62592124939, 0.35021173954, 37.9762763977, 61.3353233337]],
