{
"lowlevel": {
    "average_loudness": 0.907057821751,
    "barkbands_crest": {
        "dmean": 3.46880674362,
        "dmean2": 5.55978965759,
        "dvar": 9.05368328094,
        "dvar2": 24.530582428,
        "max": 25.9202251434,
        "mean": 13.0024614334,
        "median": 12.8248462677,
        "min": 1.88095939159,
        "var": 23.5239067078
    },
    "barkbands_flatness_db": {
        "dmean": 0.0312883257866,
        "dmean2": 0.0500373020768,
        "dvar": 0.000915140262805,
        "dvar2": 0.00227917474695,
        "max": 0.512245953083,
        "mean": 0.126323774457,
        "median": 0.0959937646985,
        "min": 0.00660368707031,
        "var": 0.00894847046584
    },
    "barkbands_kurtosis": {
        "dmean": 5.42554235458,
        "dmean2": 8.73489665985,
        "dvar": 94.8510437012,
        "dvar2": 224.768920898,
        "max": 395.775421143,
        "mean": 6.39367961884,
        "median": 2.48347043991,
        "min": -1.92439556122,
        "var": 269.641967773
    },
    "barkbands_skewness": {
        "dmean": 0.891633093357,
        "dmean2": 1.40950548649,
        "dvar": 0.802755653858,
        "dvar2": 1.99549555779,
        "max": 15.8032274246,
        "mean": 2.13665318489,
        "median": 1.89104521275,
        "min": -3.28124642372,
        "var": 2.24217224121
    },
    "barkbands_spread": {
        "dmean": 12.3364896774,
        "dmean2": 19.6702079773,
        "dvar": 151.231918335,
        "dvar2": 381.605407715,
        "max": 140.431015015,
        "mean": 39.7005882263,
        "median": 39.4013900757,
        "min": 0.376695305109,
        "var": 505.944610596
    },
    "dissonance": {
        "dmean": 0.0109735717997,
        "dmean2": 0.0184732377529,
        "dvar": 0.000211821316043,
        "dvar2": 0.000586880778428,
        "max": 0.500000059605,
        "mean": 0.483370661736,
        "median": 0.489019244909,
        "min": 0.221513986588,
        "var": 0.000384995655622
    },
    "dynamic_complexity": 1.58563053608,
    "erbbands_crest": {
        "dmean": 1.71352124214,
        "dmean2": 2.83171629906,
        "dvar": 5.76503610611,
        "dvar2": 13.6611919403,
        "max": 29.9960136414,
        "mean": 5.10322189331,
        "median": 3.96552443504,
        "min": 1.91507208347,
        "var": 11.9525127411
    },
    "erbbands_flatness_db": {
        "dmean": 0.0129406191409,
        "dmean2": 0.0195690430701,
        "dvar": 0.000267072347924,
        "dvar2": 0.000494535197504,
        "max": 0.440599232912,
        "mean": 0.100283496082,
        "median": 0.0675329044461,
        "min": 0.0237202029675,
        "var": 0.00627276021987
    },
    "erbbands_kurtosis": {
        "dmean": 0.689479470253,
        "dmean2": 1.11682009697,
        "dvar": 1.87169504166,
        "dvar2": 4.62257099152,
        "max": 62.0902252197,
        "mean": -0.16465960443,
        "median": -0.565952301025,
        "min": -1.80133140087,
        "var": 2.5574157238
    },
    "erbbands_skewness": {
        "dmean": 0.346184700727,
        "dmean2": 0.543907940388,
        "dvar": 0.158343017101,
        "dvar2": 0.366911947727,
        "max": 6.26701402664,
        "mean": -0.197282075882,
        "median": -0.229197561741,
        "min": -3.05023169518,
        "var": 0.315824687481
    },
    "erbbands_spread": {
        "dmean": 11.0662479401,
        "dmean2": 17.2437820435,
        "dvar": 142.622283936,
        "dvar2": 337.451324463,
        "max": 187.634780884,
        "mean": 56.7911720276,
        "median": 58.3114967346,
        "min": 1.69124519825,
        "var": 595.885131836
    },
    "hfc": {
        "dmean": 12.0998287201,
        "dmean2": 18.7250080109,
        "dvar": 172.867385864,
        "dvar2": 408.25869751,
        "max": 194.147445679,
        "mean": 56.6709442139,
        "median": 59.14087677,
        "min": 1.10634672393e-16,
        "var": 1003.95855713
    },
    "melbands_crest": {
        "dmean": 4.75069952011,
        "dmean2": 7.77457714081,
        "dvar": 19.2857208252,
        "dvar2": 47.1614723206,
        "max": 39.0414848328,
        "mean": 23.5997505188,
        "median": 24.285572052,
        "min": 1.63090288639,
        "var": 60.4715919495
    },
    "melbands_flatness_db": {
        "dmean": 0.0393290631473,
        "dmean2": 0.062410954386,
        "dvar": 0.00135603256058,
        "dvar2": 0.00341102411039,
        "max": 0.655297040939,
        "mean": 0.213179498911,
        "median": 0.184097364545,
        "min": 0.00376065191813,
        "var": 0.0121448114514
    },
    "melbands_kurtosis": {
        "dmean": 22.7927246094,
        "dmean2": 36.9657516479,
        "dvar": 1782.14404297,
        "dvar2": 4385.35888672,
        "max": 1949.19104004,
        "mean": 35.3288917542,
        "median": 19.8442516327,
        "min": -1.66826593876,
        "var": 5140.24560547
    },
    "melbands_skewness": {
        "dmean": 1.55697023869,
        "dmean2": 2.48475003242,
        "dvar": 2.95485663414,
        "dvar2": 7.41597223282,
        "max": 36.2928352356,
        "mean": 4.6402964592,
        "median": 4.12429571152,
        "min": -1.90517902374,
        "var": 7.75549983978
    },
    "melbands_spread": {
        "dmean": 11.1376113892,
        "dmean2": 18.0143108368,
        "dvar": 200.681106567,
        "dvar2": 492.004333496,
        "max": 229.4634552,
        "mean": 23.6271381378,
        "median": 19.1016235352,
        "min": 0.156036913395,
        "var": 391.567260742
    },
    "pitch_salience": {
        "dmean": 0.113468132913,
        "dmean2": 0.183114275336,
        "dvar": 0.0097094187513,
        "dvar2": 0.0256820470095,
        "max": 0.991267502308,
        "mean": 0.431382328272,
        "median": 0.432918429375,
        "min": 0.0284480676055,
        "var": 0.0299778580666
    },
    "silence_rate_20dB": {
        "dmean": 0,
        "dmean2": 0,
        "dvar": 0,
        "dvar2": 0,
        "max": 1,
        "mean": 1,
        "median": 1,
        "min": 1,
        "var": 0
    },
    "silence_rate_30dB": {
        "dmean": 0.0797846317291,
        "dmean2": 0.159582272172,
        "dvar": 0.073416814208,
        "dvar2": 0.179647266865,
        "max": 1,
        "mean": 0.923484802246,
        "median": 1,
        "min": 0,
        "var": 0.0706638917327
    },
    "silence_rate_60dB": {
        "dmean": 0.000489476253279,
        "dmean2": 0.000979032367468,
        "dvar": 0.00048923806753,
        "dvar2": 0.00146759534255,
        "max": 1,
        "mean": 0.0110938902944,
        "median": 0,
        "min": 0,
        "var": 0.0109707703814
    },
    "spectral_centroid": {
        "dmean": 334.776397705,
        "dmean2": 501.970336914,
        "dvar": 181207.9375,
        "dvar2": 351407.5625,
        "max": 11296.5126953,
        "mean": 1977.37536621,
        "median": 2082.55029297,
        "min": 157.370132446,
        "var": 764231.6875
    },
    "spectral_complexity": {
        "dmean": 5.87828350067,
        "dmean2": 9.24834823608,
        "dvar": 32.6420669556,
        "dvar2": 72.6309432983,
        "max": 63,
        "mean": 32.5417251587,
        "median": 36,
        "min": 0,
        "var": 164.393966675
    },
    "spectral_decrease": {
        "dmean": 6.2796017275e-09,
        "dmean2": 9.88838966265e-09,
        "dvar": 3.41822164185e-17,
        "dvar2": 9.14076399123e-17,
        "max": 1.19124869851e-28,
        "mean": -1.63364894945e-08,
        "median": -1.52833639078e-08,
        "min": -5.1481958252e-08,
        "var": 7.24735418654e-17
    },
    "spectral_energy": {
        "dmean": 0.0236572083086,
        "dmean2": 0.0371912904084,
        "dvar": 0.000480840244563,
        "dvar2": 0.00128235004377,
        "max": 0.198519080877,
        "mean": 0.0667978748679,
        "median": 0.0633762702346,
        "min": 1.03234563827e-20,
        "var": 0.00104898109566
    },
    "spectral_energyband_high": {
        "dmean": 0.0011113533983,
        "dmean2": 0.00173515488859,
        "dvar": 1.68723556726e-06,
        "dvar2": 4.08736514146e-06,
        "max": 0.0238550957292,
        "mean": 0.00464671151713,
        "median": 0.00480589736253,
        "min": 7.31483085823e-21,
        "var": 9.60935813055e-06
    },
    "spectral_energyband_low": {
        "dmean": 0.0216471347958,
        "dmean2": 0.0348969623446,
        "dvar": 0.000446073099738,
        "dvar2": 0.00126580859069,
        "max": 0.146125540137,
        "mean": 0.0439309850335,
        "median": 0.0378879271448,
        "min": 1.65623319203e-23,
        "var": 0.000857397215441
    },
    "spectral_energyband_middle_high": {
        "dmean": 0.00208719260991,
        "dmean2": 0.0033372817561,
        "dvar": 5.89736191614e-06,
        "dvar2": 1.43110173667e-05,
        "max": 0.0501476600766,
        "mean": 0.00544992694631,
        "median": 0.00502621149644,
        "min": 1.34470961611e-21,
        "var": 1.39203530125e-05
    },
    "spectral_energyband_middle_low": {
        "dmean": 0.00785698648542,
        "dmean2": 0.0125727495179,
        "dvar": 0.000357873330358,
        "dvar2": 0.000826815143228,
        "max": 0.196776360273,
        "mean": 0.0120084369555,
        "median": 0.00743979914114,
        "min": 9.7246834402e-23,
        "var": 0.000344596861396
    },
    "spectral_entropy": {
        "dmean": 0.122919164598,
        "dmean2": 0.184593632817,
        "dvar": 0.0321419797838,
        "dvar2": 0.0671404525638,
        "max": 9.81510257721,
        "mean": 8.12253952026,
        "median": 8.37049770355,
        "min": 5.26002264023,
        "var": 0.374602854252
    },
    "spectral_flux": {
        "dmean": 0.0412500314415,
        "dmean2": 0.0672280564904,
        "dvar": 0.00171949598007,
        "dvar2": 0.00405625673011,
        "max": 0.476300299168,
        "mean": 0.136282384396,
        "median": 0.121280521154,
        "min": 6.43456260496e-11,
        "var": 0.00422204658389
    },
    "spectral_kurtosis": {
        "dmean": 3.01582217216,
        "dmean2": 5.31744527817,
        "dvar": 80.2118911743,
        "dvar2": 253.744781494,
        "max": 115.866165161,
        "mean": 6.95184469223,
        "median": 2.0148229599,
        "min": -1.32450354099,
        "var": 253.355834961
    },
    "spectral_rms": {
        "dmean": 0.00143647333607,
        "dmean2": 0.00224071205594,
        "dvar": 1.5764045429e-06,
        "dvar2": 4.0918034756e-06,
        "max": 0.0139167942107,
        "mean": 0.00777986692265,
        "median": 0.00786323752254,
        "min": 3.17358856208e-12,
        "var": 4.64256891064e-06
    },
    "spectral_rolloff": {
        "dmean": 1287.09179688,
        "dmean2": 2131.02124023,
        "dvar": 2894633.25,
        "dvar2": 6807617.5,
        "max": 19229.1503906,
        "mean": 1877.48608398,
        "median": 904.39453125,
        "min": 21.533203125,
        "var": 5869487.5
    },
    "spectral_skewness": {
        "dmean": 0.259397357702,
        "dmean2": 0.440439522266,
        "dvar": 0.259188503027,
        "dvar2": 0.823714673519,
        "max": 8.1881570816,
        "mean": 1.55468785763,
        "median": 1.23880076408,
        "min": -0.0390386767685,
        "var": 1.14061236382
    },
    "spectral_spread": {
        "dmean": 615881.0625,
        "dmean2": 954370.25,
        "dvar": 1.45499802829e+12,
        "dvar2": 3.16093497344e+12,
        "max": 53363792,
        "mean": 6744877,
        "median": 7321749,
        "min": 572024.25,
        "var": 8.12100301619e+12
    },
    "spectral_strongpeak": {
        "dmean": 0.221817776561,
        "dmean2": 0.377506226301,
        "dvar": 0.163852825761,
        "dvar2": 0.400928944349,
        "max": 10.8806848526,
        "mean": 0.369819700718,
        "median": 0.283165156841,
        "min": 0,
        "var": 0.214626118541
    },
    "zerocrossingrate": {
        "dmean": 0.018642121926,
        "dmean2": 0.023806868121,
        "dvar": 0.000426503363997,
        "dvar2": 0.000630875118077,
        "max": 0.80810546875,
        "mean": 0.0913566276431,
        "median": 0.08544921875,
        "min": 0.00146484375,
        "var": 0.00458480836824
    },
    "barkbands": {
        "dmean": [0.00751147419214, 0.0170955080539, 0.0036646137014, 0.00427793664858, 0.00326049863361, 0.00109498179518, 0.000774464919232, 0.000552156881895, 0.000444397475803, 0.00034642915125, 0.000294251454761, 0.000352886214387, 0.00038943477557, 0.000395388691686, 0.000320037564961, 0.000298259343253, 0.00026901520323, 0.00022846092179, 0.00024132442195, 0.000224499744945, 0.000263479887508, 0.000236874751863, 0.000226364281843, 0.000219095411012, 0.000228796081501, 0.00023288151715, 0.000105774794065],
        "dmean2": [0.0120514361188, 0.026578027755, 0.00617062952369, 0.0071947099641, 0.00562646985054, 0.00181798962876, 0.00124182365835, 0.000882743508555, 0.000699630472809, 0.000561258057132, 0.000477326451801, 0.000575318001211, 0.000637965567876, 0.000661787635181, 0.00053092330927, 0.000496005523019, 0.000446100399131, 0.000382853584597, 0.000398450967623, 0.000365439918824, 0.000430355634307, 0.000388944376027, 0.000369376881281, 0.000353797193384, 0.000371525791707, 0.000366778724128, 0.000170689745573],
        "dvar": [0.00012705833069, 0.000345788197592, 8.75975238159e-05, 0.000185630808119, 8.10357450973e-05, 5.89118417338e-06, 2.76571586255e-06, 2.17006072489e-06, 1.20613026411e-06, 3.87402963042e-07, 1.81699306268e-07, 1.83065267834e-07, 4.59577364609e-07, 3.39158816587e-07, 1.75502449906e-07, 1.68574914028e-07, 1.32141536824e-07, 8.73816290436e-08, 1.18126727955e-07, 7.92554502027e-08, 1.0966770958e-07, 8.86282549573e-08, 7.17504917702e-08, 6.59671783865e-08, 7.0574202482e-08, 9.92350948081e-08, 1.8540299962e-08],
        "dvar2": [0.000314900302328, 0.000961746613029, 0.000232636550209, 0.00046247598948, 0.000225024792599, 1.43452680277e-05, 6.30747172181e-06, 4.06083836424e-06, 2.4928365292e-06, 8.19231161131e-07, 4.19926152517e-07, 4.45093917278e-07, 9.86293230198e-07, 8.85894621661e-07, 4.48980387091e-07, 4.49080062026e-07, 3.47344467855e-07, 2.30291348657e-07, 3.17238857406e-07, 1.98393976802e-07, 2.87480304451e-07, 2.31952142826e-07, 1.85419466447e-07, 1.68176839566e-07, 1.7918210915e-07, 2.31824586194e-07, 4.72185561762e-08],
        "max": [0.166868239641, 0.134632483125, 0.114286318421, 0.124345347285, 0.132850527763, 0.0576126463711, 0.0506898313761, 0.0562049672008, 0.0433576442301, 0.033312253654, 0.0195869039744, 0.00826851185411, 0.0451948158443, 0.0221164766699, 0.00919372774661, 0.0145431840792, 0.00569867901504, 0.0041620824486, 0.00793452002108, 0.00511717190966, 0.00568330986425, 0.00863525923342, 0.00683506531641, 0.00397237762809, 0.00413742568344, 0.0047467132099, 0.00225297175348],
        "mean": [0.0116490069777, 0.0295056309551, 0.00362758408301, 0.00389333860949, 0.00380004313774, 0.00159075693227, 0.00111929595005, 0.000787455704994, 0.000680941215251, 0.000535822066013, 0.000459990726085, 0.000568989780731, 0.000615647877567, 0.00062649033498, 0.000531495257746, 0.000503020884935, 0.000491455721203, 0.000428296043538, 0.000505954958498, 0.000520291214343, 0.000656136195175, 0.000648896559142, 0.000647779961582, 0.000664124032483, 0.000755988236051, 0.000759571208619, 0.000223869268666],
        "median": [0.0069211400114, 0.0228672921658, 0.00103686808143, 0.00066963059362, 0.0017421374796, 0.00091499730479, 0.000601475709118, 0.000416474009398, 0.00042527235928, 0.000374675932107, 0.000316560792271, 0.000421887962148, 0.000424718688009, 0.000428864324931, 0.000401280965889, 0.000387022824725, 0.000366582855349, 0.000344542117091, 0.000425295351306, 0.000464753626147, 0.000564604764804, 0.000587458140217, 0.000626067456324, 0.000669667613693, 0.000747394165955, 0.000676212250255, 0.000182662741281],
        "min": [1.13170567248e-24, 4.107437017e-24, 2.89476137931e-24, 7.25382550077e-25, 1.59634650087e-23, 1.42267119952e-23, 1.20497446199e-23, 7.9268530289e-24, 9.34409292108e-24, 3.37495742063e-23, 5.63793248606e-24, 3.08859460114e-23, 7.25450498611e-23, 4.6804897177e-23, 2.78994416866e-23, 9.93047516227e-23, 9.69389830115e-23, 1.25853707616e-22, 1.50612428981e-22, 2.37489036763e-22, 3.46920174945e-22, 3.70623968399e-22, 4.95124748008e-22, 6.12041759662e-22, 9.87166551867e-22, 1.37390014542e-21, 1.8748305058e-21],
        "var": [0.000254529266385, 0.000602052547038, 6.94678601576e-05, 0.000149176106788, 5.73803190491e-05, 6.90065189701e-06, 3.85241219192e-06, 4.3071345317e-06, 1.67308746768e-06, 5.69596920741e-07, 2.85551152501e-07, 3.22919902374e-07, 8.47252692893e-07, 5.0497300208e-07, 2.79431048966e-07, 2.51186662581e-07, 2.51609833413e-07, 1.67558937392e-07, 2.17461220586e-07, 1.97064423446e-07, 3.3154745438e-07, 3.00293095279e-07, 2.45094071261e-07, 2.36607505144e-07, 3.26093527292e-07, 3.94375945234e-07, 4.49689103732e-08]
    },
    "erbbands": {
        "dmean": [0.89513862133, 2.5908074379, 3.93575954437, 8.93323898315, 15.7908296585, 8.33518695831, 8.07004356384, 9.59455013275, 10.8462295532, 11.9436941147, 10.1734342575, 10.2834072113, 9.38606452942, 11.406039238, 12.2648487091, 14.7946243286, 17.3034534454, 19.7208919525, 15.9957447052, 17.5535869598, 14.6736688614, 14.3074407578, 12.828619957, 11.804854393, 11.6208314896, 11.1167860031, 10.886973381, 10.2581672668, 8.77561855316, 7.50864505768, 6.72792625427, 5.22971963882, 3.57495880127, 2.71920657158, 1.78547108173, 1.06958961487, 0.441555559635, 0.147416219115, 0.0172203183174, 0.000234850580455],
        "dmean2": [1.38378071785, 4.19173669815, 6.43134212494, 14.5466098785, 27.2811717987, 13.8880605698, 13.1244974136, 16.0140209198, 17.4386005402, 18.9263877869, 16.5912418365, 16.1287174225, 15.3300037384, 18.3168392181, 19.7318248749, 24.0571994781, 28.1741523743, 32.8364677429, 26.6352233887, 28.9575901031, 24.4259986877, 23.6305103302, 21.5036506653, 19.8018398285, 19.1516952515, 18.1814460754, 17.8415489197, 16.8046188354, 14.4295272827, 12.4485788345, 11.0002088547, 8.60119056702, 5.76376247406, 4.42844629288, 2.93909287453, 1.7523137331, 0.683924734592, 0.231205493212, 0.0278589129448, 0.000372479582438],
        "dvar": [0.95960444212, 11.5587816238, 81.5715942383, 688.036315918, 2727.24365234, 357.811157227, 237.641647339, 565.741333008, 587.66619873, 974.871582031, 273.777832031, 856.672607422, 140.630706787, 530.829528809, 263.238037109, 337.358947754, 1029.32373047, 887.910888672, 445.237548828, 596.871398926, 432.812805176, 367.839935303, 276.673797607, 275.835327148, 240.833862305, 197.75680542, 209.123046875, 181.715362549, 121.857803345, 87.7941970825, 66.248336792, 39.9617424011, 17.2239170074, 9.80121803284, 4.69653177261, 2.1691429615, 0.322909384966, 0.0346927940845, 0.000495278800372, 8.53341717288e-08],
        "dvar2": [2.56533169746, 29.8468227386, 213.639556885, 1690.39440918, 7343.10107422, 947.584838867, 617.373596191, 1316.80322266, 1319.30981445, 1923.69360352, 644.799682617, 1763.87072754, 352.531280518, 1074.88977051, 599.760803223, 823.477600098, 2098.00732422, 2313.33520508, 1164.84326172, 1511.5390625, 1154.04199219, 967.95880127, 731.041503906, 740.604064941, 628.523803711, 503.05657959, 549.864685059, 464.683502197, 316.118225098, 234.151184082, 173.220275879, 103.52911377, 45.3652801514, 25.7738285065, 12.1972780228, 5.55838680267, 0.735744416714, 0.0835621133447, 0.00125252944417, 2.10219340602e-07],
        "max": [6.91129016876, 31.4323501587, 103.98285675, 275.072357178, 602.399108887, 416.163543701, 230.419021606, 680.044006348, 754.797851562, 1089.12976074, 397.605102539, 1172.37561035, 200.809387207, 1228.70117188, 449.681060791, 342.22479248, 2263.15258789, 1168.57019043, 586.587097168, 507.81942749, 814.602661133, 263.419219971, 276.475006104, 355.987731934, 318.091796875, 261.120819092, 284.496032715, 281.702331543, 284.975830078, 307.112731934, 177.158187866, 86.4667129517, 72.8795700073, 46.6987876892, 31.6809749603, 18.1962738037, 9.53405857086, 2.65045022964, 0.397058606148, 0.00546795595437],
        "mean": [1.50952541828, 4.03766679764, 4.76167297363, 9.03331279755, 14.195142746, 11.2375974655, 12.5093822479, 13.1205883026, 15.6513061523, 17.5770339966, 15.4779195786, 15.7372503281, 15.2743453979, 18.5590667725, 20.5821933746, 24.4934921265, 28.4193725586, 32.749786377, 27.6155433655, 30.2064418793, 26.533618927, 27.3310394287, 24.5675296783, 24.1871433258, 25.3690071106, 25.4636611938, 26.1959190369, 25.4049625397, 23.2902145386, 20.8564186096, 18.4710197449, 14.5749425888, 10.6145143509, 8.25817871094, 5.44811344147, 3.18210721016, 1.33198809624, 0.410972297192, 0.036742310971, 0.000641058373731],
        "median": [1.00901544094, 2.8049800396, 2.13236165047, 2.08625006676, 3.50102043152, 5.58036899567, 6.8602771759, 7.06061220169, 8.37553119659, 9.19374656677, 9.48948478699, 9.60475826263, 11.169295311, 12.9388093948, 14.5253534317, 18.2970867157, 19.8771018982, 22.877790451, 21.3009376526, 22.3580608368, 21.2082061768, 20.9778251648, 19.9831867218, 20.38555336, 21.772939682, 22.7805461884, 22.2535057068, 22.0594081879, 20.9075126648, 19.6369495392, 17.4856643677, 13.9285211563, 10.5756053925, 8.04001617432, 5.07467222214, 2.787119627, 1.20096564293, 0.364367455244, 0.0296830963343, 0.00056373962434],
        "min": [1.77456784984e-22, 1.03343858297e-21, 3.47782110876e-21, 4.57177716238e-21, 1.01183317467e-20, 4.28661698596e-20, 1.12641151893e-19, 1.16758469242e-19, 5.11248606488e-20, 2.51929823823e-19, 3.4448737941e-19, 2.72941271207e-19, 1.1009437911e-18, 7.78462156015e-19, 4.62552057312e-19, 1.68898224926e-18, 2.4267103096e-18, 2.79417764531e-18, 2.94077534975e-18, 3.57218443839e-18, 4.95077729575e-18, 6.76384883781e-18, 7.42094167768e-18, 7.1870853108e-18, 9.38865132653e-18, 1.04326583115e-17, 1.14189057559e-17, 1.28851015896e-17, 1.37411011747e-17, 1.53677055271e-17, 1.27319656428e-17, 1.1500230845e-17, 1.09686258535e-17, 8.9600576183e-18, 6.62494701499e-18, 4.86602188865e-18, 2.52366146086e-18, 1.07034503607e-18, 2.64699579625e-19, 2.66000734729e-20],
        "var": [1.95188200474, 17.0402412415, 73.1324462891, 597.477600098, 1883.18676758, 339.434631348, 304.117919922, 670.60723877, 803.825927734, 1805.15991211, 467.288269043, 1162.4876709, 204.349258423, 803.839355469, 468.339233398, 577.835754395, 1946.33251953, 1363.06481934, 690.967285156, 1007.02960205, 654.823059082, 719.45324707, 515.369384766, 494.44052124, 505.949981689, 455.66217041, 560.19744873, 526.087097168, 390.65057373, 282.923553467, 208.255264282, 124.887306213, 63.0753746033, 40.2162399292, 18.6508731842, 7.37747907639, 1.216370821, 0.119266428053, 0.00122647942044, 2.58105472994e-07]
    },
    "gfcc": {
        "mean": [56.1775932312, 50.4869842529, -81.6263885498, 29.2099990845, -36.2831420898, 21.715297699, -23.9718570709, 11.1414699554, -16.0130119324, 13.705291748, -11.0694742203, 9.28890800476, -9.05242919922],
        "cov": [[19268.5292969, -5155.68945312, 602.488647461, 1502.45129395, -1102.68591309, 771.875732422, -1182.96325684, 564.307983398, -828.488342285, 427.40802002, -636.524658203, 422.616363525, -507.439056396], [-5155.68945312, 5397.79199219, -1178.48974609, -1219.23449707, 697.811523438, -622.092468262, 791.181091309, -498.493682861, 562.23236084, -316.786315918, 410.860137939, -327.363555908, 358.512329102], [602.488647461, -1178.48974609, 789.339599609, 226.955825806, -156.630249023, 134.197921753, -211.969467163, 75.011177063, -187.003326416, 23.4325561523, -142.888946533, 42.181476593, -113.983070374], [1502.45129395, -1219.23449707, 226.955825806, 508.247680664, -151.613632202, 148.589996338, -215.824020386, 97.8564605713, -141.806777954, 57.9671897888, -111.411560059, 52.9002075195, -98.5923919678], [-1102.68591309, 697.811523438, -156.630249023, -151.613632202, 315.082183838, 12.1281013489, 175.544708252, -52.3918571472, 92.2828979492, -36.6258049011, 73.8846969604, -44.8996772766, 56.4551048279], [771.875732422, -622.092468262, 134.197921753, 148.589996338, 12.1281013489, 198.416854858, -19.8469524384, 89.3180847168, -58.7595901489, 49.4469337463, -40.4930305481, 48.1526870728, -39.2557907104], [-1182.96325684, 791.181091309, -211.969467163, -215.824020386, 175.544708252, -19.8469524384, 262.85647583, -17.8622512817, 139.681365967, -25.2644557953, 98.0665969849, -31.3590316772, 75.6974411011], [564.307983398, -498.493682861, 75.011177063, 97.8564605713, -52.3918571472, 89.3180847168, -17.8622512817, 135.733932495, 0.877753853798, 68.5234527588, -9.74408435822, 46.755405426, -17.9007225037], [-828.488342285, 562.23236084, -187.003326416, -141.806777954, 92.2828979492, -58.7595901489, 139.681365967, 0.877753853798, 161.829055786, 22.8916683197, 95.6035308838, -10.9584217072, 61.1245346069], [427.40802002, -316.786315918, 23.4325561523, 57.9671897888, -36.6258049011, 49.4469337463, -25.2644557953, 68.5234527588, 22.8916683197, 93.3094482422, 28.2722816467, 53.9396476746, -1.03208732605], [-636.524658203, 410.860137939, -142.888946533, -111.411560059, 73.8846969604, -40.4930305481, 98.0665969849, -9.74408435822, 95.6035308838, 28.2722816467, 115.751663208, 20.4212646484, 64.244468689], [422.616363525, -327.363555908, 42.181476593, 52.9002075195, -44.8996772766, 48.1526870728, -31.3590316772, 46.755405426, -10.9584217072, 53.9396476746, 20.4212646484, 83.7042999268, 16.9189910889], [-507.439056396, 358.512329102, -113.983070374, -98.5923919678, 56.4551048279, -39.2557907104, 75.6974411011, -17.9007225037, 61.1245346069, -1.03208732605, 64.244468689, 16.9189910889, 83.1728591919]],
        "icov": [[0.000148814142449, -0.000247390998993, 0.000215919644688, -0.000106984713057, 0.000227431519306, -0.000441588781541, 0.000423877412686, -0.000414902169723, 0.000544792448636, -0.000687114719767, 0.000760994909797, -0.000758658046834, 0.000463116593892], [-0.000247390998993, 0.00202876422554, 4.12261724705e-05, 0.00115495361388, -0.000873722543474, 0.00186053919606, -0.00181003077887, 0.00273785367608, -0.00225427327678, 0.00261932145804, -0.00269634369761, 0.00378963188268, -0.00211984617636], [0.000215919644688, 4.12261724705e-05, 0.00246413680725, 0.000421061995439, 0.000170815706952, -0.000822735019028, 0.000979716773145, -0.00067411881173, 0.00148726650514, -0.000565191206988, 0.00153092609253, -0.0012345884461, 0.00144328584429], [-0.000106984713057, 0.00115495361388, 0.000421061995439, 0.00504303397611, -0.00020990507619, -0.00151254562661, 0.00210876227356, 0.000404553371482, -0.00135506805964, 0.00167432788294, -0.00108735915273, 0.00199412251823, -2.87645234494e-05], [0.000227431519306, -0.000873722543474, 0.000170815706952, -0.00020990507619, 0.00785242393613, -0.00652605528012, -9.77425297606e-05, 0.00170073017944, -0.000831845158245, 0.000546078663319, -0.00193957053125, 0.0027269416023, -0.00125460908748], [-0.000441588781541, 0.00186053919606, -0.000822735019028, -0.00151254562661, -0.00652605528012, 0.0197092965245, -0.00966879352927, -0.00247180415317, 0.00587575230747, -0.00453341566026, 0.00318187731318, -0.00375385093503, 0.00229692552239], [0.000423877412686, -0.00181003077887, 0.000979716773145, 0.00210876227356, -9.77425297606e-05, -0.00966879352927, 0.0181059129536, -0.00548696052283, -0.0066304677166, 0.00703853368759, -0.00299012148753, -0.000239025845076, -0.00060775957536], [-0.000414902169723, 0.00273785367608, -0.00067411881173, 0.000404553371482, 0.00170073017944, -0.00247180415317, -0.00548696052283, 0.0215748492628, -0.00751705374569, -0.00471771555021, 0.000537022191565, 0.00367709854618, -0.00315780309029], [0.000544792448636, -0.00225427327678, 0.00148726650514, -0.00135506805964, -0.000831845158245, 0.00587575230747, -0.0066304677166, -0.00751705374569, 0.0283296331763, -0.016672777012, -0.000695009250194, 0.000940496451221, 0.000546095019672], [-0.000687114719767, 0.00261932145804, -0.000565191206988, 0.00167432788294, 0.000546078663319, -0.00453341566026, 0.00703853368759, -0.00471771555021, -0.016672777012, 0.042004365474, -0.0180659033358, -0.0044224197045, 0.00342431198806], [0.000760994909797, -0.00269634369761, 0.00153092609253, -0.00108735915273, -0.00193957053125, 0.00318187731318, -0.00299012148753, 0.000537022191565, -0.000695009250194, -0.0180659033358, 0.0374299399555, -0.0158018246293, -0.00268104858696], [-0.000758658046834, 0.00378963188268, -0.0012345884461, 0.00199412251823, 0.0027269416023, -0.00375385093503, -0.000239025845076, 0.00367709854618, 0.000940496451221, -0.0044224197045, -0.0158018246293, 0.0423206686974, -0.0200547147542], [0.000463116593892, -0.00211984617636, 0.00144328584429, -2.87645234494e-05, -0.00125460908748, 0.00229692552239, -0.00060775957536, -0.00315780309029, 0.000546095019672, 0.00342431198806, -0.00268104858696, -0.0200547147542, 0.0335307307541]]
    },
    "melbands": {
        "dmean": [0.00625747349113, 0.00228771474212, 0.00169312418438, 0.000860579602886, 0.000280136126094, 0.000209416743019, 0.000163486081874, 0.000130046857521, 8.07238102425e-05, 6.37825069134e-05, 4.78912952531e-05, 4.76183777209e-05, 4.0849638026e-05, 3.87822219636e-05, 4.16921102442e-05, 3.66846579709e-05, 3.9381429815e-05, 2.72060315183e-05, 2.45525698119e-05, 2.35221668845e-05, 1.74211818376e-05, 1.5751023966e-05, 1.47228092828e-05, 1.11472272692e-05, 1.02192170743e-05, 1.00398747236e-05, 8.13992846815e-06, 7.89250771049e-06, 7.30690544515e-06, 7.08388051862e-06, 6.32269120615e-06, 5.51190942133e-06, 4.98075223732e-06, 4.55258896181e-06, 4.31922171629e-06, 3.97109079131e-06, 3.27202565131e-06, 2.75932416116e-06, 2.6223885925e-06, 2.65282506007e-06],
        "dmean2": [0.00965403299779, 0.00376288616098, 0.00274348305538, 0.00147404137533, 0.000456512614619, 0.000349184876541, 0.000262506859144, 0.000206680764677, 0.000131289067212, 0.000100453202322, 7.84006260801e-05, 7.65394361224e-05, 6.59967190586e-05, 6.34415991954e-05, 6.76603522152e-05, 6.04143569944e-05, 6.59220822854e-05, 4.55070075986e-05, 4.07653278671e-05, 3.91502580896e-05, 2.91974138236e-05, 2.60834676737e-05, 2.49672611972e-05, 1.86409506568e-05, 1.72549880517e-05, 1.67697398865e-05, 1.33614557853e-05, 1.30597218231e-05, 1.2077660358e-05, 1.16742876344e-05, 1.04552900666e-05, 9.08859328774e-06, 8.26041105029e-06, 7.59054955779e-06, 7.12261225999e-06, 6.56964857626e-06, 5.42691077499e-06, 4.52405629403e-06, 4.25839198215e-06, 4.35606625615e-06],
        "dvar": [4.2326595576e-05, 1.50042769747e-05, 2.49398835876e-05, 6.09277640251e-06, 3.06823039864e-07, 2.46028321271e-07, 1.33707104055e-07, 1.34539732244e-07, 1.79156085522e-08, 2.60033505839e-08, 3.69339669959e-09, 9.83007009125e-09, 3.17044102083e-09, 2.23552398815e-09, 4.55226034646e-09, 2.96480040518e-09, 3.85986931306e-09, 1.29325639087e-09, 1.03247177474e-09, 1.0608408596e-09, 5.88509907473e-10, 4.21172957621e-10, 4.87015427986e-10, 1.97227165155e-10, 2.11367812142e-10, 1.99018926339e-10, 1.08325473591e-10, 9.71412464357e-11, 1.01665148522e-10, 7.99781629812e-11, 7.3552566815e-11, 5.03684247088e-11, 3.81437971486e-11, 3.27250310184e-11, 2.85166543157e-11, 2.2774488892e-11, 1.47920998367e-11, 1.01846508657e-11, 1.00844714523e-11, 9.81227946117e-12],
        "dvar2": [0.000116520037409, 4.08714222431e-05, 5.7199918956e-05, 1.66303725564e-05, 7.78325784268e-07, 5.80967594033e-07, 2.98576310342e-07, 2.58137731635e-07, 4.22791153198e-08, 5.37336966033e-08, 9.23439458234e-09, 1.98127985129e-08, 7.28588123167e-09, 5.36702993159e-09, 1.02529993384e-08, 6.70078703635e-09, 1.00368415801e-08, 3.3943894362e-09, 2.66379207581e-09, 2.78511991247e-09, 1.58310387022e-09, 1.11153730664e-09, 1.32787802976e-09, 5.20956500161e-10, 5.74865322012e-10, 5.34327471158e-10, 2.77202816257e-10, 2.49651216366e-10, 2.73441658205e-10, 2.10048756166e-10, 1.89092422276e-10, 1.32236568917e-10, 1.0359633984e-10, 8.78764838674e-11, 7.59939958184e-11, 6.05523270414e-11, 3.88794135775e-11, 2.73536471251e-11, 2.71925849893e-11, 2.6129673078e-11],
        "max": [0.0439585372806, 0.039738278836, 0.0445772260427, 0.0351122245193, 0.0104857524857, 0.0132553931326, 0.0115826614201, 0.0134719870985, 0.00369630334899, 0.00634230766445, 0.00116657919716, 0.00545775610954, 0.0015241515357, 0.00105525983963, 0.00412504794076, 0.00290495622903, 0.00266460329294, 0.000987529754639, 0.000671143818181, 0.000754048349336, 0.000812016252894, 0.000289174524369, 0.000390465604141, 0.000204523137654, 0.00030949851498, 0.000288684794214, 0.000173510779859, 0.000187973200809, 0.000207858116482, 0.000162090233061, 0.000191107435967, 0.000181623385288, 0.00016496652097, 0.000177334091859, 0.000120265925943, 6.44568281132e-05, 5.07320801262e-05, 5.84390472795e-05, 5.63875619264e-05, 4.12818408222e-05],
        "mean": [0.011054479517, 0.00340185896493, 0.00177764333785, 0.000927291228436, 0.000442041433416, 0.000291481497698, 0.000239228393184, 0.000189804617548, 0.000121709941595, 9.71004265011e-05, 7.59654139983e-05, 7.48520542402e-05, 6.60355290165e-05, 6.33369636489e-05, 6.56087431707e-05, 5.93472650507e-05, 6.17832774878e-05, 4.44162506028e-05, 4.02571968152e-05, 3.84699269489e-05, 2.9456376069e-05, 2.81261909549e-05, 2.53627222264e-05, 2.01483617275e-05, 1.9265766241e-05, 1.96538021555e-05, 1.69111463038e-05, 1.67266862263e-05, 1.58702532644e-05, 1.59056253324e-05, 1.4315856788e-05, 1.31641145344e-05, 1.21832508739e-05, 1.14449203465e-05, 1.07507912617e-05, 9.92343666439e-06, 8.35879745864e-06, 7.35599542168e-06, 7.02155693943e-06, 7.08511015546e-06],
        "median": [0.00852064415812, 0.0019924629014, 0.000412597932154, 0.000352447706973, 0.000247184652835, 0.000161429110449, 0.000129324529553, 9.83987047221e-05, 7.46764635551e-05, 5.967114339e-05, 5.51053453819e-05, 5.08710654685e-05, 4.58455251646e-05, 4.68268954137e-05, 4.62906973553e-05, 4.20662945544e-05, 4.10098182329e-05, 3.31998126057e-05, 2.97698752547e-05, 2.80060612567e-05, 2.27421733143e-05, 2.10698690353e-05, 1.89607162611e-05, 1.60251456691e-05, 1.56864425662e-05, 1.58582752192e-05, 1.46111669892e-05, 1.4609146092e-05, 1.29860072775e-05, 1.3339283214e-05, 1.21595612654e-05, 1.1497802916e-05, 1.07397572719e-05, 1.06828738353e-05, 9.95278332994e-06, 9.13694202609e-06, 7.96431959316e-06, 7.13291183274e-06, 6.75920955473e-06, 6.58121825836e-06],
        "min": [1.48256950666e-24, 1.90434809053e-24, 9.73359595126e-25, 1.2252122152e-24, 3.54208643864e-24, 3.05400478594e-24, 1.032026589e-24, 2.15633373227e-24, 2.52666724524e-24, 1.62464877911e-24, 4.87653143452e-24, 2.84212286047e-24, 1.05872233229e-24, 2.82542011131e-24, 4.36490701697e-24, 7.08728256696e-24, 3.61514718581e-24, 4.77964590472e-24, 1.81784613961e-24, 5.79360314165e-24, 5.48296746655e-24, 6.31205436148e-24, 4.64700880427e-24, 5.72048599093e-24, 5.58209533347e-24, 6.35532417099e-24, 7.23163385743e-24, 5.95384090746e-24, 5.89590262384e-24, 6.25653314768e-24, 6.10545918458e-24, 6.8594137836e-24, 7.59170862876e-24, 7.90841103865e-24, 6.47777826045e-24, 6.61613144702e-24, 6.89098478589e-24, 6.32534154013e-24, 7.1229406576e-24, 7.19960294923e-24],
        "var": [8.23037044029e-05, 1.73141997948e-05, 2.34570507018e-05, 4.34685580331e-06, 3.95811213139e-07, 2.9043098948e-07, 1.85690140597e-07, 2.56295834333e-07, 2.89639405793e-08, 3.61607099819e-08, 5.28951238365e-09, 1.47645611293e-08, 5.30430188661e-09, 4.03692634876e-09, 7.88959209075e-09, 5.52255396968e-09, 5.62180879626e-09, 1.91385107762e-09, 1.62092828049e-09, 1.64212177189e-09, 8.84051054584e-10, 7.81925135751e-10, 7.40111805175e-10, 3.77310072075e-10, 3.43494011013e-10, 3.5963615419e-10, 2.25035795554e-10, 2.09803716067e-10, 2.26342028453e-10, 2.24019011674e-10, 1.79757278507e-10, 1.35374711441e-10, 1.13348504194e-10, 8.80833392336e-11, 7.57621881897e-11, 6.40549419062e-11, 4.18527018597e-11, 3.25395405065e-11, 3.08189689047e-11, 3.29012372902e-11]
    },
    "mfcc": {
        "mean": [-594.358276367, 94.3749008179, 16.3709487915, 20.3002815247, 14.4923067093, 16.9653549194, 8.911444664, 6.64548492432, 5.4706993103, 6.64947319031, 5.75647211075, 5.66340208054, 5.03992080688],
        "cov": [[8994.4921875, -3756.67895508, 806.506591797, 744.321411133, 93.2738723755, 133.401428223, -129.035964966, -62.5449104309, -90.6934432983, -119.174407959, -114.767456055, -89.4892730713, -109.383247375], [-3756.67895508, 4165.07080078, -725.474121094, -569.438232422, -92.6546401978, -105.721862793, 67.5794448853, -6.99742126465, 54.8493232727, 53.3484344482, 58.4987373352, 47.2660560608, 60.4140167236], [806.506591797, -725.474121094, 563.191894531, 107.596138, 32.9307022095, -5.33306598663, -24.0951862335, -17.2258968353, -37.5164337158, -35.2679100037, -51.5188941956, -47.4581336975, -34.5158462524], [744.321411133, -569.438232422, 107.596138, 260.340423584, 32.0893363953, 30.3072032928, -43.1423339844, -15.6427469254, -21.9457912445, -18.1786899567, -16.2919559479, -15.0894870758, -18.9039325714], [93.2738723755, -92.6546401978, 32.9307022095, 32.0893363953, 145.610946655, 55.8144836426, 39.8262825012, 3.99649310112, 3.26373124123, -3.29418373108, -4.10462188721, -5.81109523773, -7.75778436661], [133.401428223, -105.721862793, -5.33306598663, 30.3072032928, 55.8144836426, 110.734710693, 52.105014801, 32.6375770569, 11.3518123627, 5.34564971924, 4.09034204483, 0.469153285027, -3.19969797134], [-129.035964966, 67.5794448853, -24.0951862335, -43.1423339844, 39.8262825012, 52.105014801, 101.960372925, 48.8106803894, 25.9290828705, 15.4217643738, 8.70184230804, 8.73364925385, 4.87548875809], [-62.5449104309, -6.99742126465, -17.2258968353, -15.6427469254, 3.99649310112, 32.6375770569, 48.8106803894, 71.360206604, 35.7680702209, 25.9816493988, 14.6000967026, 11.6284570694, 10.8163690567], [-90.6934432983, 54.8493232727, -37.5164337158, -21.9457912445, 3.26373124123, 11.3518123627, 25.9290828705, 35.7680702209, 58.1595573425, 34.7796325684, 20.6919631958, 15.2779960632, 9.93246078491], [-119.174407959, 53.3484344482, -35.2679100037, -18.1786899567, -3.29418373108, 5.34564971924, 15.4217643738, 25.9816493988, 34.7796325684, 60.5950546265, 36.2885704041, 21.9803066254, 18.1189231873], [-114.767456055, 58.4987373352, -51.5188941956, -16.2919559479, -4.10462188721, 4.09034204483, 8.70184230804, 14.6000967026, 20.6919631958, 36.2885704041, 57.7273635864, 37.1164588928, 24.4301738739], [-89.4892730713, 47.2660560608, -47.4581336975, -15.0894870758, -5.81109523773, 0.469153285027, 8.73364925385, 11.6284570694, 15.2779960632, 21.9803066254, 37.1164588928, 53.9292144775, 34.6286506653], [-109.383247375, 60.4140167236, -34.5158462524, -18.9039325714, -7.75778436661, -3.19969797134, 4.87548875809, 10.8163690567, 9.93246078491, 18.1189231873, 24.4301738739, 34.6286506653, 53.7372131348]],
