{
"lowlevel": {
    "average_loudness": 0.970926403999,
    "barkbands_crest": {
        "dmean": 3.15737628937,
        "dmean2": 5.03261423111,
        "dvar": 8.90102005005,
        "dvar2": 22.0120182037,
        "max": 25.6125564575,
        "mean": 11.0288982391,
        "median": 10.0882740021,
        "min": 2.25515890121,
        "var": 21.3561210632
    },
    "barkbands_flatness_db": {
        "dmean": 0.0254940707237,
        "dmean2": 0.0399258136749,
        "dvar": 0.000812645419501,
        "dvar2": 0.00184218247887,
        "max": 0.395526558161,
        "mean": 0.112310990691,
        "median": 0.091170296073,
        "min": 0.0162231810391,
        "var": 0.00393544323742
    },
    "barkbands_kurtosis": {
        "dmean": 3.77011203766,
        "dmean2": 5.84950017929,
        "dvar": 59.4418716431,
        "dvar2": 130.606567383,
        "max": 167.407226562,
        "mean": 5.744784832,
        "median": 2.20914411545,
        "min": -1.93107700348,
        "var": 134.28515625
    },
    "barkbands_skewness": {
        "dmean": 0.630595564842,
        "dmean2": 0.990512549877,
        "dvar": 0.599163532257,
        "dvar2": 1.43618559837,
        "max": 10.4687128067,
        "mean": 1.87071740627,
        "median": 1.56775331497,
        "min": -2.97138810158,
        "var": 1.76142346859
    },
    "barkbands_spread": {
        "dmean": 8.37084770203,
        "dmean2": 13.1711654663,
        "dvar": 112.81338501,
        "dvar2": 255.076934814,
        "max": 127.240470886,
        "mean": 29.6428146362,
        "median": 26.4747467041,
        "min": 0.633494496346,
        "var": 361.148956299
    },
    "dissonance": {
        "dmean": 0.0134570095688,
        "dmean2": 0.0223491974175,
        "dvar": 0.000165096062119,
        "dvar2": 0.000433896726463,
        "max": 0.4999987185,
        "mean": 0.472170829773,
        "median": 0.476567566395,
        "min": 0.342763334513,
        "var": 0.000384575250791
    },
    "dynamic_complexity": 2.35525417328,
    "erbbands_crest": {
        "dmean": 1.86337804794,
        "dmean2": 2.94992113113,
        "dvar": 3.71938180923,
        "dvar2": 8.75584506989,
        "max": 30.051607132,
        "mean": 7.21856451035,
        "median": 6.20464897156,
        "min": 2.18393611908,
        "var": 12.7639560699
    },
    "erbbands_flatness_db": {
        "dmean": 0.0121460389346,
        "dmean2": 0.0181602630764,
        "dvar": 0.000146724865772,
        "dvar2": 0.000295035977615,
        "max": 0.324908077717,
        "mean": 0.113016083837,
        "median": 0.103129826486,
        "min": 0.0367650166154,
        "var": 0.001609175466
    },
    "erbbands_kurtosis": {
        "dmean": 0.661901652813,
        "dmean2": 1.02443218231,
        "dvar": 0.862769722939,
        "dvar2": 2.01504540443,
        "max": 15.5366706848,
        "mean": 0.186099857092,
        "median": -0.138336420059,
        "min": -1.7468392849,
        "var": 2.06597876549
    },
    "erbbands_skewness": {
        "dmean": 0.311728417873,
        "dmean2": 0.467578649521,
        "dvar": 0.112448394299,
        "dvar2": 0.244115129113,
        "max": 3.41949439049,
        "mean": 0.352498710155,
        "median": 0.321715444326,
        "min": -3.03928899765,
        "var": 0.467663317919
    },
    "erbbands_spread": {
        "dmean": 8.66571235657,
        "dmean2": 13.3227853775,
        "dvar": 89.3654327393,
        "dvar2": 222.108612061,
        "max": 145.627029419,
        "mean": 46.3235855103,
        "median": 43.3269805908,
        "min": 6.01065254211,
        "var": 251.393661499
    },
    "hfc": {
        "dmean": 13.8804512024,
        "dmean2": 22.7972812653,
        "dvar": 381.758056641,
        "dvar2": 992.597900391,
        "max": 300.298370361,
        "mean": 39.7296714783,
        "median": 33.6218833923,
        "min": 1.11577678143e-16,
        "var": 948.918212891
    },
    "melbands_crest": {
        "dmean": 4.45011234283,
        "dmean2": 6.82474374771,
        "dvar": 14.1387434006,
        "dvar2": 32.1437339783,
        "max": 36.7191238403,
        "mean": 17.5801906586,
        "median": 16.5535564423,
        "min": 1.819460392,
        "var": 45.0422935486
    },
    "melbands_flatness_db": {
        "dmean": 0.0331897288561,
        "dmean2": 0.0524649769068,
        "dvar": 0.0012609497644,
        "dvar2": 0.00300521682948,
        "max": 0.507838189602,
        "mean": 0.193638980389,
        "median": 0.178122505546,
        "min": 0.00380086270161,
        "var": 0.00518047157675
    },
    "melbands_kurtosis": {
        "dmean": 9.33605957031,
        "dmean2": 14.5024766922,
        "dvar": 269.273864746,
        "dvar2": 598.562438965,
        "max": 330.506866455,
        "mean": 17.9159297943,
        "median": 10.0444917679,
        "min": -1.39522850513,
        "var": 602.541870117
    },
    "melbands_skewness": {
        "dmean": 0.86072665453,
        "dmean2": 1.34911525249,
        "dvar": 0.988768041134,
        "dvar2": 2.32316970825,
        "max": 14.4469861984,
        "mean": 3.18615889549,
        "median": 2.75204014778,
        "min": -0.535983622074,
        "var": 2.96300625801
    },
    "melbands_spread": {
        "dmean": 8.51973438263,
        "dmean2": 14.0298032761,
        "dvar": 119.550979614,
        "dvar2": 302.087615967,
        "max": 202.049026489,
        "mean": 23.5380477905,
        "median": 20.6115646362,
        "min": 0.481033474207,
        "var": 307.54473877
    },
    "pitch_salience": {
        "dmean": 0.0945075824857,
        "dmean2": 0.151802122593,
        "dvar": 0.00813726801425,
        "dvar2": 0.0200503561646,
        "max": 0.917253911495,
        "mean": 0.494477272034,
        "median": 0.504319608212,
        "min": 0.0788154453039,
        "var": 0.0164225846529
    },
    "silence_rate_20dB": {
        "dmean": 0,
        "dmean2": 0,
        "dvar": 0,
        "dvar2": 0,
        "max": 1,
        "mean": 1,
        "median": 1,
        "min": 1,
        "var": 0
    },
    "silence_rate_30dB": {
        "dmean": 0.00221893494017,
        "dmean2": 0.00443819817156,
        "dvar": 0.00221457704902,
        "dvar2": 0.00515873124823,
        "max": 1,
        "mean": 0.998077094555,
        "median": 1,
        "min": 0,
        "var": 0.0019193458138
    },
    "silence_rate_60dB": {
        "dmean": 0.00384615384974,
        "dmean2": 0.00769287673756,
        "dvar": 0.00383181893267,
        "dvar2": 0.00793138984591,
        "max": 1,
        "mean": 0.0389764085412,
        "median": 0,
        "min": 0,
        "var": 0.0374634712934
    },
    "spectral_centroid": {
        "dmean": 303.625457764,
        "dmean2": 473.530303955,
        "dvar": 115501.101562,
        "dvar2": 257762.90625,
        "max": 11045.0839844,
        "mean": 1508.12426758,
        "median": 1398.36791992,
        "min": 295.009307861,
        "var": 460418.1875
    },
    "spectral_complexity": {
        "dmean": 4.82544374466,
        "dmean2": 7.81759023666,
        "dvar": 27.2120723724,
        "dvar2": 63.8614311218,
        "max": 59,
        "mean": 26.1246204376,
        "median": 27,
        "min": 0,
        "var": 137.271362305
    },
    "spectral_decrease": {
        "dmean": 2.93722690614e-09,
        "dmean2": 4.51440707039e-09,
        "dvar": 7.57635650707e-18,
        "dvar2": 1.75615423672e-17,
        "max": 8.50613708728e-19,
        "mean": -1.19710614754e-08,
        "median": -1.23499743765e-08,
        "min": -3.46086785896e-08,
        "var": 2.75068490229e-17
    },
    "spectral_energy": {
        "dmean": 0.0111635345966,
        "dmean2": 0.0172424670309,
        "dvar": 0.000108017280581,
        "dvar2": 0.00025165072293,
        "max": 0.131399095058,
        "mean": 0.0487852357328,
        "median": 0.0508014820516,
        "min": 1.00754799136e-20,
        "var": 0.000417093979195
    },
    "spectral_energyband_high": {
        "dmean": 0.0011070119217,
        "dmean2": 0.0017525072908,
        "dvar": 2.82075484392e-06,
        "dvar2": 6.50777883493e-06,
        "max": 0.0306630916893,
        "mean": 0.00255760410801,
        "median": 0.00144005229231,
        "min": 7.26686569181e-21,
        "var": 9.06299828785e-06
    },
    "spectral_energyband_low": {
        "dmean": 0.0116767082363,
        "dmean2": 0.0182513128966,
        "dvar": 0.000138626346597,
        "dvar2": 0.000331828254275,
        "max": 0.129239335656,
        "mean": 0.0264953486621,
        "median": 0.0235846228898,
        "min": 1.40282977003e-23,
        "var": 0.000339331221767
    },
    "spectral_energyband_middle_high": {
        "dmean": 0.0027946876362,
        "dmean2": 0.00472559127957,
        "dvar": 1.95303091459e-05,
        "dvar2": 5.39110042155e-05,
        "max": 0.0486960671842,
        "mean": 0.00716726575047,
        "median": 0.00622963998467,
        "min": 1.47905214865e-21,
        "var": 3.54473049811e-05
    },
    "spectral_energyband_middle_low": {
        "dmean": 0.00516208168119,
        "dmean2": 0.00826564338058,
        "dvar": 4.66099445475e-05,
        "dvar2": 0.000114839167509,
        "max": 0.0993300676346,
        "mean": 0.0139339296147,
        "median": 0.0114164929837,
        "min": 3.37795969901e-22,
        "var": 0.000101677847852
    },
    "spectral_entropy": {
        "dmean": 0.143351823092,
        "dmean2": 0.219423100352,
        "dvar": 0.0265052095056,
        "dvar2": 0.055899631232,
        "max": 9.80313682556,
        "mean": 7.83398199081,
        "median": 7.86283922195,
        "min": 6.07144403458,
        "var": 0.171832457185
    },
    "spectral_flux": {
        "dmean": 0.0328005962074,
        "dmean2": 0.0487329885364,
        "dvar": 0.000972014968283,
        "dvar2": 0.00178013625555,
        "max": 0.323081493378,
        "mean": 0.110705316067,
        "median": 0.105239123106,
        "min": 1.00376693069e-10,
        "var": 0.00271799298935
    },
    "spectral_kurtosis": {
        "dmean": 1.03722548485,
        "dmean2": 1.68388390541,
        "dvar": 1.47048175335,
        "dvar2": 4.18949794769,
        "max": 16.903553009,
        "mean": 3.17671227455,
        "median": 3.22907304764,
        "min": -1.32846963406,
        "var": 3.18552827835
    },
    "spectral_rms": {
        "dmean": 0.000787705474067,
        "dmean2": 0.00121687899809,
        "dvar": 5.07784079673e-07,
        "dvar2": 1.17815852718e-06,
        "max": 0.0113222897053,
        "mean": 0.00664728134871,
        "median": 0.00704005826265,
        "min": 3.13524098176e-12,
        "var": 3.40873339155e-06
    },
    "spectral_rolloff": {
        "dmean": 806.270812988,
        "dmean2": 1348.56884766,
        "dvar": 1898567.25,
        "dvar2": 4326216.5,
        "max": 18561.6210938,
        "mean": 1692.87744141,
        "median": 990.52734375,
        "min": 64.599609375,
        "var": 4555236.5
    },
    "spectral_skewness": {
        "dmean": 0.177545696497,
        "dmean2": 0.274369359016,
        "dvar": 0.0329949967563,
        "dvar2": 0.0740877315402,
        "max": 2.95982313156,
        "mean": 1.42447209358,
        "median": 1.48708319664,
        "min": -0.0873125642538,
        "var": 0.128252863884
    },
    "spectral_spread": {
        "dmean": 705086.1875,
        "dmean2": 1053898.625,
        "dvar": 1.05406169088e+12,
        "dvar2": 2.15241968845e+12,
        "max": 40540100,
        "mean": 5839594.5,
        "median": 5566082.5,
        "min": 2180367,
        "var": 3.83677104128e+12
    },
    "spectral_strongpeak": {
        "dmean": 0.340127378702,
        "dmean2": 0.599695324898,
        "dvar": 0.421860277653,
        "dvar2": 1.10473251343,
        "max": 15.105055809,
        "mean": 0.57359701395,
        "median": 0.366778492928,
        "min": 0,
        "var": 0.471938580275
    },
    "zerocrossingrate": {
        "dmean": 0.0146315358579,
        "dmean2": 0.0179652385414,
        "dvar": 0.000295931851724,
        "dvar2": 0.000370338995708,
        "max": 0.83203125,
        "mean": 0.073719240725,
        "median": 0.06494140625,
        "min": 0.001953125,
        "var": 0.00315205217339
    },
    "barkbands": {
        "dmean": [0.0012256517075, 0.00978376250714, 0.00387746281922, 0.00191673845984, 0.00240898504853, 0.00118238234427, 0.00105855043512, 0.00072308361996, 0.000826748379041, 0.000678860000335, 0.000441281590611, 0.000485608383315, 0.000466206052806, 0.000462571217213, 0.000478384492453, 0.000288490438834, 0.0003407667391, 0.000390229659388, 0.00027029341436, 0.000216575397644, 0.000211710110307, 0.000206628843443, 0.000185512370081, 0.000206776589039, 0.000253786769463, 0.000224260147661, 3.10866089421e-05],
        "dmean2": [0.00164998730179, 0.0148623464629, 0.00666871713474, 0.00339588127099, 0.0042466185987, 0.00192516611423, 0.0015635836171, 0.00105197506491, 0.00126355339307, 0.00100541382562, 0.000710263440851, 0.000749218161218, 0.000798361899797, 0.000742138596252, 0.000830148987006, 0.000475564214867, 0.000608239264693, 0.000680801749695, 0.000467727368232, 0.000366722350009, 0.0003387494653, 0.000336856290232, 0.00029006562545, 0.000319615763146, 0.000412723922636, 0.000373041548301, 5.15486717632e-05],
        "dvar": [3.0168671401e-06, 0.000123445555801, 2.73630048468e-05, 1.22320079754e-05, 2.28198714467e-05, 5.88987677475e-06, 4.30347154179e-06, 1.54107283379e-06, 1.82121061698e-06, 1.53157827754e-06, 4.95481742746e-07, 4.4988036052e-07, 5.79729316996e-07, 5.8367982092e-07, 6.94517495958e-07, 1.98711376242e-07, 3.9955733655e-07, 5.06451613091e-07, 2.34869446558e-07, 8.77094876728e-08, 9.538403134e-08, 1.36348631941e-07, 1.66898985299e-07, 1.20278500049e-07, 2.21024862412e-07, 2.37427968841e-07, 5.62659474568e-09],
        "dvar2": [4.98049894304e-06, 0.000283829896944, 7.45409270166e-05, 3.3767111745e-05, 6.33557792753e-05, 1.42247690746e-05, 8.8080741989e-06, 2.7404391858e-06, 3.79971152142e-06, 3.00669034914e-06, 1.13499629606e-06, 9.64903733802e-07, 1.60505203439e-06, 1.32398008645e-06, 1.83690872291e-06, 4.88395812681e-07, 1.10690677957e-06, 1.37893607643e-06, 6.52648168398e-07, 2.39337509811e-07, 2.39496898757e-07, 3.20711393442e-07, 3.77445672939e-07, 2.61968324367e-07, 5.35140600277e-07, 5.71359464629e-07, 1.38861482313e-08],
        "max": [0.0250249635428, 0.113787062466, 0.0665009617805, 0.0573211759329, 0.0675703510642, 0.043556638062, 0.0410339571536, 0.0294355843216, 0.0332132838666, 0.0328513123095, 0.0197967924178, 0.0143285356462, 0.0104465866461, 0.0140378745273, 0.0107003720477, 0.01049057208, 0.00596515648067, 0.0102788330987, 0.005752727855, 0.0046535898, 0.00601960299537, 0.00826153066009, 0.01404969953, 0.00752199487761, 0.00965552031994, 0.0101671293378, 0.00282792979851],
        "mean": [0.00181833817624, 0.0183121189475, 0.00508870510384, 0.00220876582898, 0.00311980117112, 0.00247161160223, 0.00258176960051, 0.00157817895524, 0.00184428016655, 0.00135522836354, 0.000738702248782, 0.000921908940654, 0.000679607095663, 0.000784410221968, 0.000644372077659, 0.000500033609569, 0.000426806829637, 0.000526590039954, 0.000399861950427, 0.000420405820478, 0.000411669898313, 0.000386931904359, 0.00037845451152, 0.000416467199102, 0.000427309743827, 0.000299553968944, 4.33530985902e-05],
        "median": [0.00073594530113, 0.0146338967606, 0.00330910598859, 0.000993955181912, 0.00186908699106, 0.000969306798652, 0.000971882196609, 0.000849798612762, 0.00102219393011, 0.000626127410214, 0.00043249654118, 0.000552759272978, 0.000397298223106, 0.000379821460228, 0.000292269105557, 0.00028405332705, 0.00022694580548, 0.000301942112856, 0.000248788419412, 0.000304505345412, 0.000246557028731, 0.000177443755092, 0.000177255569724, 0.000204773066798, 0.000164036013302, 0.000106200641312, 2.23748429562e-05],
        "min": [1.29279503335e-23, 3.51272621904e-24, 7.87168325263e-24, 5.58421026955e-24, 6.92569955666e-23, 1.80568667706e-23, 7.77478336556e-23, 5.41446105004e-23, 9.52197900417e-23, 3.96664001823e-23, 1.01648337465e-22, 6.70858168526e-23, 1.19624028871e-22, 1.18785400309e-22, 1.89890330945e-22, 1.0616650359e-22, 1.17227065544e-22, 3.16535651013e-22, 1.63497430572e-22, 3.52390452006e-22, 3.18193849257e-22, 5.08801551377e-22, 5.89034284262e-22, 9.06429402387e-22, 1.15367663593e-21, 1.46768285809e-21, 2.30983299615e-21],
        "var": [7.45140596337e-06, 0.000274825404631, 3.19100181514e-05, 1.12816451292e-05, 1.85020362551e-05, 2.03096442419e-05, 1.80321403604e-05, 5.4949805417e-06, 5.87399836149e-06, 5.79607285545e-06, 1.00467048014e-06, 1.22701646887e-06, 7.83994323683e-07, 1.37849406201e-06, 9.54826191446e-07, 4.89065257625e-07, 3.94003137671e-07, 6.08839343386e-07, 2.44034367824e-07, 1.72642657503e-07, 2.31710643561e-07, 3.32786015633e-07, 3.96707264372e-07, 3.41563350048e-07, 4.7075465659e-07, 3.61857303233e-07, 8.36761326894e-09]
    },
    "erbbands": {
        "dmean": [0.440249204636, 1.92290329933, 4.13337659836, 5.53081941605, 7.95759344101, 7.40367603302, 6.05491495132, 12.8993501663, 15.549123764, 11.9832077026, 15.9187984467, 15.4791526794, 21.6718521118, 17.1198501587, 14.8061656952, 16.5553455353, 20.0211830139, 18.5770053864, 28.0166721344, 17.9460697174, 16.1279907227, 18.3617191315, 21.249382019, 17.2254962921, 10.4682598114, 9.17823696136, 8.29557514191, 9.21155738831, 7.39039087296, 7.24971532822, 5.16310310364, 4.46810674667, 3.50772094727, 2.74858689308, 2.04438066483, 1.1739345789, 0.384572654963, 0.0674712285399, 0.00479057012126, 8.23839727673e-05],
        "dmean2": [0.617916941643, 3.11802601814, 6.9611697197, 9.49745750427, 14.0469493866, 13.1255331039, 10.0198917389, 20.86510849, 22.9190235138, 18.2767868042, 23.2961750031, 23.6397132874, 32.4372406006, 25.9098930359, 23.9938564301, 26.159784317, 34.033657074, 31.5969791412, 47.8779525757, 30.2414608002, 27.0346717834, 32.0625190735, 36.9184188843, 30.4628276825, 17.4823551178, 15.4817991257, 13.5627269745, 15.0113048553, 12.1611871719, 11.5245361328, 7.95975875854, 7.09586572647, 5.44234085083, 4.42172718048, 3.37585663795, 1.97304463387, 0.633523583412, 0.111110344529, 0.00795656722039, 0.000134919042466],
        "dvar": [0.274762630463, 6.42636680603, 29.7185115814, 73.0850143433, 234.827590942, 241.73550415, 98.8138809204, 857.491760254, 841.341796875, 770.06036377, 648.295349121, 612.723022461, 1200.03344727, 683.165100098, 402.790679932, 547.04473877, 1073.56738281, 913.510009766, 2342.40209961, 766.97857666, 615.039978027, 1031.49780273, 1582.73535156, 991.404602051, 308.745697021, 175.14692688, 137.765075684, 203.224761963, 169.500274658, 214.025283813, 148.138305664, 62.588344574, 37.3208465576, 26.2310256958, 15.8420801163, 6.88482999802, 0.670548975468, 0.022165030241, 0.000130646338221, 2.92842674554e-08],
        "dvar2": [0.528733372688, 15.8704795837, 79.4074630737, 194.481124878, 637.975952148, 673.84197998, 262.53024292, 2090.22387695, 1665.95446777, 1666.04675293, 1193.99743652, 1296.29882812, 2492.97973633, 1393.87011719, 991.645629883, 1266.26037598, 2974.17114258, 2446.63037109, 6237.28076172, 1992.44445801, 1518.55029297, 2775.59960938, 4294.98681641, 2805.93603516, 810.758117676, 477.139221191, 360.992218018, 517.243530273, 409.724304199, 508.790527344, 339.723846436, 144.177230835, 82.5582962036, 62.6451568604, 39.3998222351, 17.2728996277, 1.55197536945, 0.0511408746243, 0.000313804572215, 6.89605528237e-08],
        "max": [6.35309791565, 26.4842700958, 75.6787948608, 140.715820312, 229.614990234, 180.173980713, 125.450546265, 535.760375977, 560.831176758, 790.73223877, 518.152770996, 639.466186523, 744.21295166, 802.639587402, 307.281463623, 319.053833008, 438.295593262, 470.24230957, 616.315551758, 357.583221436, 465.966400146, 404.04510498, 611.729064941, 364.749359131, 365.777038574, 199.550231934, 198.085281372, 389.957946777, 354.966369629, 359.054870605, 450.060882568, 146.21774292, 143.942047119, 144.769165039, 74.9541320801, 51.8459510803, 24.4385051727, 5.71565008163, 0.454369455576, 0.00653235381469],
        "mean": [0.784005343914, 3.06213998795, 5.74097585678, 7.51033878326, 9.05612468719, 9.28115749359, 10.3324956894, 28.0887813568, 39.892250061, 28.484992981, 37.1707839966, 34.6261024475, 49.2511482239, 36.8012962341, 28.0546970367, 32.4525489807, 32.2235412598, 30.8134365082, 41.9966125488, 30.1931858063, 27.815486908, 26.0683135986, 28.8375854492, 24.0873966217, 19.1412353516, 17.9699249268, 16.1182956696, 16.965171814, 13.5820159912, 13.5816831589, 10.5297622681, 8.55235099792, 6.83221340179, 4.81853914261, 3.04558730125, 1.4662488699, 0.521311342716, 0.102797374129, 0.00690988730639, 0.000179898153874],
        "median": [0.526791334152, 2.31798195839, 3.88714289665, 4.09480237961, 4.40342283249, 4.75178909302, 6.16872692108, 9.66718101501, 17.4044857025, 13.7865180969, 22.1170310974, 20.3831653595, 27.8000221252, 21.9003124237, 19.9852428436, 20.9275169373, 19.3488140106, 20.3191318512, 21.018497467, 17.7585906982, 16.9426193237, 14.9559726715, 16.9198265076, 14.9408559799, 13.5715093613, 12.5665388107, 10.4192438126, 9.39417743683, 6.18962907791, 6.07938909531, 4.7689948082, 4.03098535538, 3.29123878479, 1.9559122324, 1.10372269154, 0.486802220345, 0.185295715928, 0.0498026795685, 0.00369115616195, 0.000130569736939],
        "min": [2.04662881044e-22, 5.81487321402e-22, 7.39739947767e-21, 1.34194294334e-20, 1.50278283355e-19, 2.70525541926e-19, 1.3892044731e-19, 1.36373648676e-19, 6.74114924404e-19, 1.37299677372e-18, 1.18988204376e-18, 2.14591371771e-18, 2.05957756845e-18, 1.43387168334e-18, 5.41689563888e-18, 2.59588901079e-18, 5.3603243432e-18, 5.09556492222e-18, 6.02839056107e-18, 9.17956240155e-18, 7.17121750511e-18, 7.72608364257e-18, 1.40611075752e-17, 1.17162019126e-17, 1.02895453122e-17, 1.85298763882e-17, 1.6113526309e-17, 1.2451541489e-17, 1.5208005075e-17, 2.03843921605e-17, 1.75395426717e-17, 1.86215428894e-17, 1.46404582588e-17, 1.11771622218e-17, 9.15807307642e-18, 4.50261083987e-18, 2.94448277326e-18, 1.26506831535e-18, 3.69152612807e-19, 2.99992752649e-20],
        "var": [0.758118033409, 8.66902256012, 35.6901245117, 92.6998291016, 195.438781738, 203.756210327, 151.910400391, 2929.32128906, 3603.44677734, 2638.7421875, 2365.27001953, 1885.16467285, 4390.23583984, 2310.25390625, 800.345703125, 1367.59875488, 1615.25402832, 1259.01550293, 3238.67089844, 1399.19763184, 1328.54162598, 1294.69799805, 1867.34985352, 968.291320801, 482.93359375, 339.269256592, 305.674102783, 443.031829834, 383.172546387, 484.668395996, 339.253631592, 157.401062012, 96.7588348389, 58.3414649963, 27.7406253815, 8.81325721741, 1.16425132751, 0.0387896709144, 0.000208432713407, 5.43837579414e-08]
    },
    "gfcc": {
        "mean": [47.7750854492, 72.8738708496, -96.5994186401, 31.3344078064, -51.9188156128, 18.5721893311, -26.3817520142, 17.1932907104, -17.5067825317, 9.29866313934, -15.7181453705, 2.85691380501, -11.9716272354],
        "cov": [[15035.4394531, -1732.59753418, 747.538818359, -335.590484619, -24.4264354706, 809.58026123, -758.539489746, 349.527282715, -402.073669434, 391.960540771, -64.0083618164, 574.91595459, -201.827514648], [-1732.59753418, 1741.09191895, -586.25579834, 237.562530518, -10.3623952866, -392.123535156, 312.841003418, -228.017349243, 184.134368896, -230.080230713, 56.4330406189, -244.52923584, 109.323493958], [747.538818359, -586.25579834, 669.028076172, -123.01260376, 69.066368103, 213.621154785, -155.254364014, 154.731994629, -98.5593032837, 136.187393188, 0.226115107536, 154.720184326, -39.3156471252], [-335.590484619, 237.562530518, -123.01260376, 288.921600342, -11.6772212982, -47.5614891052, 99.3895187378, -59.3632621765, 56.2435798645, -62.2344017029, 14.7103643417, -64.3098678589, 36.2070999146], [-24.4264354706, -10.3623952866, 69.066368103, -11.6772212982, 210.255004883, 52.0618171692, 11.800819397, 20.4389190674, -23.7064838409, 25.5098991394, -6.5606675148, 29.0736408234, 3.7423825264], [809.58026123, -392.123535156, 213.621154785, -47.5614891052, 52.0618171692, 230.433395386, -58.9164772034, 95.1565246582, -32.6675033569, 81.4076843262, 11.3713674545, 80.2675170898, -20.0162334442], [-758.539489746, 312.841003418, -155.254364014, 99.3895187378, 11.800819397, -58.9164772034, 197.897018433, -32.436958313, 99.7049636841, -37.4394836426, 34.1040153503, -53.1632575989, 43.8554725647], [349.527282715, -228.017349243, 154.731994629, -59.3632621765, 20.4389190674, 95.1565246582, -32.436958313, 147.998474121, 7.98260211945, 72.1108093262, 21.889755249, 56.9534111023, 2.34141325951], [-402.073669434, 184.134368896, -98.5593032837, 56.2435798645, -23.7064838409, -32.6675033569, 99.7049636841, 7.98260211945, 147.408126831, 5.48745679855, 59.5527839661, -24.6423397064, 39.6353416443], [391.960540771, -230.080230713, 136.187393188, -62.2344017029, 25.5098991394, 81.4076843262, -37.4394836426, 72.1108093262, 5.48745679855, 120.194259644, 32.7994651794, 67.2507781982, -6.62434577942], [-64.0083618164, 56.4330406189, 0.226115107536, 14.7103643417, -6.5606675148, 11.3713674545, 34.1040153503, 21.889755249, 59.5527839661, 32.7994651794, 106.14756012, 33.5665283203, 33.1750564575], [574.91595459, -244.52923584, 154.720184326, -64.3098678589, 29.0736408234, 80.2675170898, -53.1632575989, 56.9534111023, -24.6423397064, 67.2507781982, 33.5665283203, 125.127960205, 10.8156003952], [-201.827514648, 109.323493958, -39.3156471252, 36.2070999146, 3.7423825264, -20.0162334442, 43.8554725647, 2.34141325951, 39.6353416443, -6.62434577942, 33.1750564575, 10.8156003952, 76.7574691772]],
        "icov": [[0.0001167798182, -0.000107705127448, 0.000151418164023, -0.000121689066873, 0.000145324476762, -0.000396746996557, 0.000357212556992, -7.89795594756e-05, 5.85621346545e-05, -0.000156375870574, 0.000223805502173, -0.000572116812691, 0.000223341892706], [-0.000107705127448, 0.00171107961796, -9.9989498267e-05, 0.000232675432926, -0.000850885990076, 0.00182685733307, -0.00111475074664, 0.000618482066784, -0.000396387069486, 0.00129976461176, -0.00152930105105, 0.00207786564715, -0.0010602416005], [0.000151418164023, -9.9989498267e-05, 0.00323211448267, -0.000438124377979, -5.2455750847e-05, -0.00139540398959, 0.00114705681335, -0.00159536849242, 0.00102485425305, -0.00108929327689, 0.000548866752069, -0.00243117078207, 0.000916826655157], [-0.000121689066873, 0.000232675432926, -0.000438124377979, 0.00507970713079, -0.000135368856718, -0.000389701657696, -0.00171766057611, 0.00149679009337, -0.000638490251731, 0.00164554687217, -0.000956494244747, 0.00244653248228, -0.00189082277939], [0.000145324476762, -0.000850885990076, -5.2455750847e-05, -0.000135368856718, 0.00607695803046, -0.00206995243207, -0.00113007216714, -0.000165262274095, 0.00182940182276, -0.00168779911473, 0.00171591551043, -0.00200829701498, -0.00010332607053], [-0.000396746996557, 0.00182685733307, -0.00139540398959, -0.000389701657696, -0.00206995243207, 0.010645268485, -0.00184989685658, -0.00208869203925, 0.000169512757566, -0.000104640275822, -0.00200594426133, 0.00132778903935, 0.00040483099292], [0.000357212556992, -0.00111475074664, 0.00114705681335, -0.00171766057611, -0.00113007216714, -0.00184989685658, 0.0118719339371, -0.000122774858028, -0.00498186564073, 0.000213590741623, 0.000618299876805, -0.000759898743127, -0.000851103919558], [-7.89795594756e-05, 0.000618482066784, -0.00159536849242, 0.00149679009337, -0.000165262274095, -0.00208869203925, -0.000122774858028, 0.0126159461215, -0.00274602230638, -0.00267829559743, -0.00015357209486, 0.00104085030034, -0.00235653156415], [5.85621346545e-05, -0.000396387069486, 0.00102485425305, -0.000638490251731, 0.00182940182276, 0.000169512757566, -0.00498186564073, -0.00274602230638, 0.0153360338882, -0.00366660719737, -0.00504216691479, 0.00247453851625, -0.0019751091022], [-0.000156375870574, 0.00129976461176, -0.00108929327689, 0.00164554687217, -0.00168779911473, -0.000104640275822, 0.000213590741623, -0.00267829559743, -0.00366660719737, 0.0182195417583, -0.00405839271843, -0.00237584463321, 0.00197266275063], [0.000223805502173, -0.00152930105105, 0.000548866752069, -0.000956494244747, 0.00171591551043, -0.00200594426133, 0.000618299876805, -0.00015357209486, -0.00504216691479, -0.00405839271843, 0.0176184847951, -0.0073505314067, -0.00178210367449], [-0.000572116812691, 0.00207786564715, -0.00243117078207, 0.00244653248228, -0.00200829701498, 0.00132778903935, -0.000759898743127, 0.00104085030034, 0.00247453851625, -0.00237584463321, -0.0073505314067, 0.0221422780305, -0.00744236214086], [0.000223341892706, -0.0010602416005, 0.000916826655157, -0.00189082277939, -0.00010332607053, 0.00040483099292, -0.000851103919558, -0.00235653156415, -0.0019751091022, 0.00197266275063, -0.00178210367449, -0.00744236214086, 0.0201647151262]]
    },
    "melbands": {
        "dmean": [0.00313148763962, 0.00211567129008, 0.000956704723649, 0.000581339001656, 0.000224398085265, 0.000270836957498, 0.00022636995709, 0.000143320270581, 0.000126542174257, 0.000111140972876, 0.000116243907542, 7.62517374824e-05, 5.2651092119e-05, 5.34804312338e-05, 4.49451290478e-05, 5.48455718672e-05, 3.31512346747e-05, 4.9711419706e-05, 3.68395631085e-05, 2.10979833355e-05, 1.8765544155e-05, 2.03286181204e-05, 2.06577060453e-05, 1.8894630557e-05, 1.44156310853e-05, 1.00861043393e-05, 7.97989468992e-06, 6.12941403233e-06, 5.97272583036e-06, 5.41527379028e-06, 5.66212111153e-06, 4.38423012383e-06, 4.39596351498e-06, 4.38606821263e-06, 3.29146155309e-06, 2.89968147626e-06, 2.95522318083e-06, 2.67421182798e-06, 2.45530463872e-06, 2.48815672421e-06],
        "dmean2": [0.0045606517233, 0.00350941251963, 0.00161932921037, 0.00103377888445, 0.000375808915123, 0.000434970890637, 0.000333562202286, 0.000213423918467, 0.000186443969142, 0.000169108767295, 0.000173524531419, 0.000114223606943, 8.62705419422e-05, 8.34648089949e-05, 7.06938226358e-05, 9.51214678935e-05, 5.50034637854e-05, 8.36361577967e-05, 6.14300151938e-05, 3.51421367668e-05, 3.15022443829e-05, 3.536749864e-05, 3.66122876585e-05, 3.29588110617e-05, 2.55982504314e-05, 1.73483931576e-05, 1.33892181111e-05, 1.04169739643e-05, 1.00157667475e-05, 8.71083011589e-06, 9.47735225054e-06, 7.23177208783e-06, 7.21644482837e-06, 7.1125946306e-06, 5.1486299526e-06, 4.58861086372e-06, 4.80472408526e-06, 4.21235745307e-06, 3.91791354559e-06, 4.05824766858e-06],
        "dvar": [1.2787045307e-05, 6.88840736984e-06, 2.05835340239e-06, 1.39606549965e-06, 1.48754480733e-07, 3.35335670343e-07, 1.66237910548e-07, 8.0676947789e-08, 4.40060148321e-08, 3.30596812148e-08, 3.53256304209e-08, 1.35567397308e-08, 6.00575233989e-09, 5.8034204109e-09, 5.55484636067e-09, 9.27450027888e-09, 2.64982435993e-09, 7.47820738667e-09, 3.91811161293e-09, 1.30387456387e-09, 8.50860604196e-10, 1.24889509845e-09, 1.62422997274e-09, 1.25573151877e-09, 6.81806111569e-10, 3.39959116413e-10, 1.33852512407e-10, 7.87850826245e-11, 6.94944102264e-11, 7.3992853511e-11, 9.20968856732e-11, 6.09950978614e-11, 8.01564509212e-11, 8.32574426068e-11, 6.46643918967e-11, 3.62487748151e-11, 2.52385109339e-11, 2.2288388149e-11, 1.99363477116e-11, 2.32133843397e-11],
        "dvar2": [2.71877815976e-05, 1.77884703589e-05, 5.30559373146e-06, 3.8460379983e-06, 4.0095278564e-07, 8.13112876585e-07, 3.35457087886e-07, 1.65036226463e-07, 8.2490757336e-08, 7.04900529058e-08, 7.27652533783e-08, 2.70621143272e-08, 1.51075880694e-08, 1.26717463189e-08, 1.19475167537e-08, 2.57659031888e-08, 6.76890410389e-09, 1.8712903227e-08, 9.38440614107e-09, 3.26431193187e-09, 2.09298689491e-09, 3.27213101059e-09, 4.47744197274e-09, 3.41475336896e-09, 1.93440019558e-09, 9.37835475945e-10, 3.50185574982e-10, 2.14985945712e-10, 1.89453008836e-10, 1.86285445403e-10, 2.44360143231e-10, 1.50525494846e-10, 2.02860839238e-10, 2.03150468669e-10, 1.56946580732e-10, 8.33295793479e-11, 6.01190208727e-11, 5.11058834141e-11, 4.77450995406e-11, 5.60563574725e-11],
        "max": [0.0395045094192, 0.0293525196612, 0.0223206952214, 0.0167303737253, 0.00472202477977, 0.0105986576527, 0.00782554224133, 0.00713792117313, 0.00563358934596, 0.00431801192462, 0.004207320977, 0.00298186345026, 0.0015455216635, 0.00196745619178, 0.00115691567771, 0.00143345305696, 0.000783259631135, 0.00135377934203, 0.00114687148016, 0.00099831726402, 0.000561287859455, 0.000511547958013, 0.000550542084966, 0.000619746861048, 0.00033116681152, 0.000312644813675, 0.00026408478152, 0.000122798141092, 0.000122746278066, 0.000168465820025, 0.000321349420119, 0.000225664683967, 0.000341483711964, 0.000268718460575, 0.000337621662766, 0.00018952928076, 8.20910790935e-05, 0.000120066579257, 7.89550103946e-05, 0.000143531593494],
        "mean": [0.00584104424343, 0.00337266619317, 0.00134163897019, 0.000679548131302, 0.000369109067833, 0.000609161739703, 0.000581888132729, 0.000329138099914, 0.000290147494525, 0.000236131774727, 0.00025700070546, 0.000163474644069, 9.30356545723e-05, 9.61346668191e-05, 7.87907047197e-05, 7.40124305594e-05, 5.57396524528e-05, 7.26467769709e-05, 5.36392435606e-05, 3.4325854358e-05, 2.95485842798e-05, 2.71002099907e-05, 2.50240591413e-05, 2.52428144449e-05, 1.89482252608e-05, 1.51771719175e-05, 1.42619628605e-05, 1.109018649e-05, 1.06115730887e-05, 9.29871657718e-06, 9.74860631686e-06, 7.53851281843e-06, 7.5155835475e-06, 7.51745164962e-06, 6.32506453258e-06, 5.13969098392e-06, 5.24133383806e-06, 4.83569192511e-06, 4.36272830484e-06, 3.97572466682e-06],
        "median": [0.00438628392294, 0.00251539517194, 0.000811800244264, 0.00034074447467, 0.000220500587602, 0.000226025338634, 0.000261160545051, 0.000154038629262, 0.000168662591022, 0.000129815540276, 0.000139597526868, 9.17220895644e-05, 6.13902011537e-05, 6.19773345534e-05, 3.99270684284e-05, 3.81062309316e-05, 3.3836626244e-05, 3.15541474265e-05, 2.3524138669e-05, 1.93361738638e-05, 1.70926796272e-05, 1.40974743772e-05, 1.372535462e-05, 1.4004905097e-05, 1.12616971819e-05, 9.73851092567e-06, 1.01123123386e-05, 7.20981643099e-06, 6.65701509206e-06, 5.14036128152e-06, 4.94325286127e-06, 3.37874280376e-06, 3.04993818645e-06, 3.31688920596e-06, 2.79884602605e-06, 2.14590750147e-06, 2.39384962697e-06, 2.29406305152e-06, 1.84738200915e-06, 1.50566302182e-06],
        "min": [1.49241577266e-24, 2.73345589027e-24, 4.97167713159e-24, 1.82873040851e-23, 5.35678127615e-24, 2.96745885603e-24, 1.32486222915e-23, 1.47046055093e-23, 8.9639077187e-24, 1.48812078002e-23, 9.6169741077e-24, 4.4989751111e-24, 1.80130944567e-23, 9.17511339316e-24, 1.07128738767e-23, 8.58221421426e-24, 1.06494754924e-23, 8.92611181501e-24, 1.64936237132e-23, 7.18103395238e-24, 8.49594438567e-24, 7.09235415372e-24, 8.71231078817e-24, 1.73183730565e-23, 8.3650439625e-24, 5.84566598924e-24, 9.46427824658e-24, 1.29212032062e-23, 1.09405698995e-23, 6.00378684681e-24, 8.0434585036e-24, 8.57897988455e-24, 8.96921754145e-24, 1.20921916475e-23, 9.37675886231e-24, 1.06278543927e-23, 1.17484502412e-23, 1.02288911453e-23, 1.01259897622e-23, 8.94603449717e-24],
        "var": [3.312939225e-05, 8.75845125847e-06, 2.47717662205e-06, 1.12110478767e-06, 2.03009506095e-07, 1.1803841744e-06, 7.12531402769e-07, 2.90621215981e-07, 1.60203725841e-07, 9.82749597256e-08, 1.30474262505e-07, 5.1813355384e-08, 1.09292148665e-08, 1.29737065535e-08, 1.42033700357e-08, 1.21036665135e-08, 4.57022153455e-09, 1.26976118509e-08, 7.76049269291e-09, 2.80444933942e-09, 1.66709512861e-09, 1.69922464988e-09, 1.5263811326e-09, 1.53510992806e-09, 6.37547903359e-10, 3.654000158e-10, 2.60540866659e-10, 1.42776207523e-10, 1.3521637976e-10, 1.42035577744e-10, 1.70423342105e-10, 1.19798559961e-10, 1.54270804464e-10, 1.62561394901e-10, 1.35114641697e-10, 7.44250633344e-11, 5.93027640883e-11, 5.06630085106e-11, 4.65559674145e-11, 4.62517940614e-11]
    },
    "mfcc": {
        "mean": [-598.840759277, 109.430267334, 12.1375293732, 21.8044033051, 2.92038154602, 6.83057785034, 5.54525613785, 7.53106689453, 6.73340034485, 7.99487638474, 4.73011875153, 2.59290790558, 1.20921576023],
        "cov": [[8327.61132812, -753.35723877, 156.576324463, -505.07913208, 463.265777588, 201.309448242, 120.329917908, 33.3621444702, -158.176315308, -116.104103088, 14.1711368561, 69.3256759644, 59.7280235291], [-753.35723877, 1072.57873535, -255.610092163, 267.09197998, -134.709960938, -21.0834999084, -20.0728588104, 4.00177335739, 34.5577774048, 11.2954883575, -13.0773715973, -6.38418722153, -10.7110433578], [156.576324463, -255.610092163, 431.601257324, -115.30279541, 103.636550903, -8.26540184021, 27.1130981445, 13.6662845612, -13.0910205841, 2.42710018158, 20.6296024323, 17.9304523468, 40.8982276917], [-505.07913208, 267.09197998, -115.30279541, 324.019165039, -92.7997207642, 31.2421684265, -16.5389614105, 13.2523908615, 29.4496078491, 8.72879505157, -11.8533182144, -17.8307533264, -20.4979305267], [463.265777588, -134.709960938, 103.636550903, -92.7997207642, 216.725326538, 24.609872818, 53.9090270996, 12.0561656952, -15.1387681961, -9.91045284271, 7.83651065826, 7.70240831375, 6.71315765381], [201.309448242, -21.0834999084, -8.26540184021, 31.2421684265, 24.609872818, 125.205291748, 29.1992874146, 21.1440811157, 1.06491029263, 5.15965414047, 5.19030427933, 3.3690495491, 0.10035725683], [120.329917908, -20.0728588104, 27.1130981445, -16.5389614105, 53.9090270996, 29.1992874146, 89.9621887207, 22.3703632355, 14.1822280884, 3.251288414, 9.08868503571, 8.72664260864, 9.61902427673], [33.3621444702, 4.00177335739, 13.6662845612, 13.2523908615, 12.0561656952, 21.1440811157, 22.3703632355, 75.2267227173, 19.2670249939, 15.2074613571, 2.07097959518, 11.3863525391, 8.62347888947], [-158.176315308, 34.5577774048, -13.0910205841, 29.4496078491, -15.1387681961, 1.06491029263, 14.1822280884, 19.2670249939, 81.1157989502, 29.5594043732, 15.3145208359, 3.15967750549, 6.76249074936], [-116.104103088, 11.2954883575, 2.42710018158, 8.72879505157, -9.91045284271, 5.15965414047, 3.251288414, 15.2074613571, 29.5594043732, 81.7712020874, 27.0842132568, 15.7256126404, 9.76492118835], [14.1711368561, -13.0773715973, 20.6296024323, -11.8533182144, 7.83651065826, 5.19030427933, 9.08868503571, 2.07097959518, 15.3145208359, 27.0842132568, 68.943069458, 27.3978290558, 22.2527999878], [69.3256759644, -6.38418722153, 17.9304523468, -17.8307533264, 7.70240831375, 3.3690495491, 8.72664260864, 11.3863525391, 3.15967750549, 15.7256126404, 27.3978290558, 74.7948760986, 32.3963508606], [59.7280235291, -10.7110433578, 40.8982276917, -20.4979305267, 6.71315765381, 0.10035725683, 9.61902427673, 8.62347888947, 6.76249074936, 9.76492118835, 22.2527999878, 32.3963508606, 72.7089233398]],
