{
"lowlevel": {
    "average_loudness": 0.915763139725,
    "barkbands_crest": {
        "dmean": 2.7677128315,
        "dmean2": 4.4163942337,
        "dvar": 7.21746587753,
        "dvar2": 17.7479667664,
        "max": 26.3428764343,
        "mean": 12.4026832581,
        "median": 11.6782751083,
        "min": 1.91335737705,
        "var": 30.6679439545
    },
    "barkbands_flatness_db": {
        "dmean": 0.0279088914394,
        "dmean2": 0.0414421483874,
        "dvar": 0.0010177413933,
        "dvar2": 0.00233237049542,
        "max": 0.766292452812,
        "mean": 0.168052852154,
        "median": 0.128923743963,
        "min": 0.00794907193631,
        "var": 0.0138277094811
    },
    "barkbands_kurtosis": {
        "dmean": 2.61918401718,
        "dmean2": 4.0314245224,
        "dvar": 63.2814598083,
        "dvar2": 164.9737854,
        "max": 468.002868652,
        "mean": 3.62863731384,
        "median": 1.06113386154,
        "min": -1.86802756786,
        "var": 95.6630249023
    },
    "barkbands_skewness": {
        "dmean": 0.536154270172,
        "dmean2": 0.799992918968,
        "dvar": 0.348505616188,
        "dvar2": 0.758829534054,
        "max": 10.5412988663,
        "mean": 1.27930748463,
        "median": 1.05755031109,
        "min": -2.41880345345,
        "var": 1.43117320538
    },
    "barkbands_spread": {
        "dmean": 5.48757219315,
        "dmean2": 8.02123260498,
        "dvar": 49.0414810181,
        "dvar2": 97.5476379395,
        "max": 109.162322998,
        "mean": 23.248664856,
        "median": 20.968006134,
        "min": 0.133035466075,
        "var": 281.008514404
    },
    "dissonance": {
        "dmean": 0.0257043782622,
        "dmean2": 0.0442350432277,
        "dvar": 0.00103033299092,
        "dvar2": 0.00277862767689,
        "max": 0.5,
        "mean": 0.459510326385,
        "median": 0.474328219891,
        "min": 0.0509743764997,
        "var": 0.00199619494379
    },
    "dynamic_complexity": 3.33075141907,
    "erbbands_crest": {
        "dmean": 3.11696624756,
        "dmean2": 5.05438232422,
        "dvar": 8.85650539398,
        "dvar2": 20.7399921417,
        "max": 33.8850517273,
        "mean": 11.553229332,
        "median": 9.86985301971,
        "min": 2.15980792046,
        "var": 41.8524436951
    },
    "erbbands_flatness_db": {
        "dmean": 0.0226319599897,
        "dmean2": 0.0328956432641,
        "dvar": 0.000592397002038,
        "dvar2": 0.00127852137666,
        "max": 0.668591678143,
        "mean": 0.205567553639,
        "median": 0.154311478138,
        "min": 0.045387648046,
        "var": 0.0160956922919
    },
    "erbbands_kurtosis": {
        "dmean": 1.38790798187,
        "dmean2": 2.18638944626,
        "dvar": 7.35053730011,
        "dvar2": 16.2851905823,
        "max": 84.5136795044,
        "mean": 1.79074108601,
        "median": 0.602332115173,
        "min": -1.75513517857,
        "var": 21.0799407959
    },
    "erbbands_skewness": {
        "dmean": 0.390461325645,
        "dmean2": 0.6112383008,
        "dvar": 0.156177386642,
        "dvar2": 0.362942218781,
        "max": 6.72436952591,
        "mean": 0.568566977978,
        "median": 0.481401801109,
        "min": -2.78528904915,
        "var": 0.624905765057
    },
    "erbbands_spread": {
        "dmean": 6.34433603287,
        "dmean2": 9.45076847076,
        "dvar": 47.3350601196,
        "dvar2": 100.117088318,
        "max": 91.7651138306,
        "mean": 26.1011276245,
        "median": 25.2913188934,
        "min": 0.48115503788,
        "var": 224.343551636
    },
    "hfc": {
        "dmean": 12.1334476471,
        "dmean2": 17.3174133301,
        "dvar": 369.254486084,
        "dvar2": 707.029541016,
        "max": 262.62210083,
        "mean": 36.2186965942,
        "median": 27.376121521,
        "min": 1.14845134207e-16,
        "var": 1167.18347168
    },
    "melbands_crest": {
        "dmean": 3.78455352783,
        "dmean2": 5.63502788544,
        "dvar": 13.5386600494,
        "dvar2": 29.4762744904,
        "max": 37.7934951782,
        "mean": 19.6539649963,
        "median": 19.1569747925,
        "min": 1.79180538654,
        "var": 67.7904434204
    },
    "melbands_flatness_db": {
        "dmean": 0.030639493838,
        "dmean2": 0.0446574985981,
        "dvar": 0.00109907984734,
        "dvar2": 0.00240597361699,
        "max": 0.78871846199,
        "mean": 0.212418809533,
        "median": 0.19034050405,
        "min": 0.00364789762534,
        "var": 0.0113301826641
    },
    "melbands_kurtosis": {
        "dmean": 5.48360586166,
        "dmean2": 8.35642337799,
        "dvar": 115.661697388,
        "dvar2": 239.467895508,
        "max": 362.563842773,
        "mean": 9.39179515839,
        "median": 4.077688694,
        "min": -1.76201748848,
        "var": 290.900787354
    },
    "melbands_skewness": {
        "dmean": 0.718309938908,
        "dmean2": 1.06964254379,
        "dvar": 0.631281375885,
        "dvar2": 1.31677126884,
        "max": 16.7551212311,
        "mean": 2.05185461044,
        "median": 1.6866645813,
        "min": -2.70293021202,
        "var": 3.01073598862
    },
    "melbands_spread": {
        "dmean": 7.37773323059,
        "dmean2": 10.9114427567,
        "dvar": 98.8915786743,
        "dvar2": 201.852401733,
        "max": 189.283782959,
        "mean": 25.9638957977,
        "median": 21.7789573669,
        "min": 0.454713493586,
        "var": 405.977386475
    },
    "pitch_salience": {
        "dmean": 0.0783872902393,
        "dmean2": 0.124173283577,
        "dvar": 0.00654409499839,
        "dvar2": 0.0159189887345,
        "max": 0.892082929611,
        "mean": 0.466263085604,
        "median": 0.466772794724,
        "min": 0.0657336339355,
        "var": 0.0218681786209
    },
    "silence_rate_20dB": {
        "dmean": 0,
        "dmean2": 0,
        "dvar": 0,
        "dvar2": 0,
        "max": 1,
        "mean": 1,
        "median": 1,
        "min": 1,
        "var": 0
    },
    "silence_rate_30dB": {
        "dmean": 0.00165896432009,
        "dmean2": 0.00331832189113,
        "dvar": 0.00165629992262,
        "dvar2": 0.00472979666665,
        "max": 1,
        "mean": 0.999052107334,
        "median": 1,
        "min": 0,
        "var": 0.000947013613768
    },
    "silence_rate_60dB": {
        "dmean": 0.0222775209695,
        "dmean2": 0.0445603206754,
        "dvar": 0.0217847526073,
        "dvar2": 0.0475505106151,
        "max": 1,
        "mean": 0.0719194337726,
        "median": 0,
        "min": 0,
        "var": 0.0667397528887
    },
    "spectral_centroid": {
        "dmean": 237.055404663,
        "dmean2": 359.878143311,
        "dvar": 75256.8671875,
        "dvar2": 142698.078125,
        "max": 11388.7119141,
        "mean": 1710.83898926,
        "median": 1693.54858398,
        "min": 406.506103516,
        "var": 474553.09375
    },
    "spectral_complexity": {
        "dmean": 4.442943573,
        "dmean2": 6.31334447861,
        "dvar": 25.9350261688,
        "dvar2": 44.1580657959,
        "max": 59,
        "mean": 22.7390995026,
        "median": 23,
        "min": 0,
        "var": 197.833374023
    },
    "spectral_decrease": {
        "dmean": 1.8454409112e-09,
        "dmean2": 2.77910250368e-09,
        "dvar": 5.50692680393e-18,
        "dvar2": 1.22707528943e-17,
        "max": 2.16139197272e-28,
        "mean": -8.97619667484e-09,
        "median": -9.00823859951e-09,
        "min": -3.22621254156e-08,
        "var": 3.91763987761e-17
    },
    "spectral_energy": {
        "dmean": 0.0074564833194,
        "dmean2": 0.0111985821277,
        "dvar": 8.4169456386e-05,
        "dvar2": 0.000187171914149,
        "max": 0.123257249594,
        "mean": 0.03716333583,
        "median": 0.0384672507644,
        "min": 1.03731526508e-20,
        "var": 0.000616257020738
    },
    "spectral_energyband_high": {
        "dmean": 0.000985370366834,
        "dmean2": 0.00138729554601,
        "dvar": 4.22252423959e-06,
        "dvar2": 7.94657535153e-06,
        "max": 0.0285273231566,
        "mean": 0.00192006712314,
        "median": 0.000814634375274,
        "min": 7.40589908158e-21,
        "var": 9.84561393125e-06
    },
    "spectral_energyband_low": {
        "dmean": 0.00508216582239,
        "dmean2": 0.00747979059815,
        "dvar": 8.95834091352e-05,
        "dvar2": 0.000197148663574,
        "max": 0.115467950702,
        "mean": 0.0173398554325,
        "median": 0.0082432013005,
        "min": 1.56707250377e-23,
        "var": 0.000473693071399
    },
    "spectral_energyband_middle_high": {
        "dmean": 0.00363718811423,
        "dmean2": 0.00540835456923,
        "dvar": 1.73892858584e-05,
        "dvar2": 3.75310228264e-05,
        "max": 0.0656506419182,
        "mean": 0.0113187460229,
        "median": 0.00902603939176,
        "min": 1.18840297455e-21,
        "var": 8.62242450239e-05
    },
    "spectral_energyband_middle_low": {
        "dmean": 0.00347159104422,
        "dmean2": 0.00555888563395,
        "dvar": 2.76240480162e-05,
        "dvar2": 7.21285468899e-05,
        "max": 0.0507333576679,
        "mean": 0.00706658279523,
        "median": 0.00537312403321,
        "min": 2.3779195935e-22,
        "var": 4.52394197055e-05
    },
    "spectral_entropy": {
        "dmean": 0.202924162149,
        "dmean2": 0.313504546881,
        "dvar": 0.0679323896766,
        "dvar2": 0.168383315206,
        "max": 9.82479953766,
        "mean": 7.55665159225,
        "median": 7.89113426208,
        "min": 3.15521383286,
        "var": 0.82430267334
    },
    "spectral_flux": {
        "dmean": 0.0261228438467,
        "dmean2": 0.0404797978699,
        "dvar": 0.000899849110283,
        "dvar2": 0.00172422069591,
        "max": 0.324780881405,
        "mean": 0.0924541801214,
        "median": 0.0898975804448,
        "min": 6.34892138862e-11,
        "var": 0.00302726216614
    },
    "spectral_kurtosis": {
        "dmean": 3.10748195648,
        "dmean2": 5.28157281876,
        "dvar": 73.9551620483,
        "dvar2": 220.393035889,
        "max": 341.061096191,
        "mean": 8.11579322815,
        "median": 3.70772314072,
        "min": -1.24834001064,
        "var": 212.178405762
    },
    "spectral_rms": {
        "dmean": 0.0006046614144,
        "dmean2": 0.000890869298019,
        "dvar": 4.2100575115e-07,
        "dvar2": 9.0414908982e-07,
        "max": 0.0109659004956,
        "mean": 0.00552927097306,
        "median": 0.00612609321252,
        "min": 3.18121809277e-12,
        "var": 5.68410632695e-06
    },
    "spectral_rolloff": {
        "dmean": 550.548950195,
        "dmean2": 859.901428223,
        "dvar": 1037393.8125,
        "dvar2": 1892780,
        "max": 19315.2832031,
        "mean": 1862.39453125,
        "median": 1421.19140625,
        "min": 43.06640625,
        "var": 3364539.25
    },
    "spectral_skewness": {
        "dmean": 0.284932672977,
        "dmean2": 0.464386790991,
        "dvar": 0.217354878783,
        "dvar2": 0.594074547291,
        "max": 13.74401474,
        "mean": 1.88859939575,
        "median": 1.58923912048,
        "min": -0.0677198693156,
        "var": 0.984153330326
    },
    "spectral_spread": {
        "dmean": 581298.9375,
        "dmean2": 854525.5,
        "dvar": 677193580544,
        "dvar2": 1.1397866455e+12,
        "max": 44612276,
        "mean": 4861209,
        "median": 5040939,
        "min": 313295.46875,
        "var": 6.17660127642e+12
    },
    "spectral_strongpeak": {
        "dmean": 0.639094829559,
        "dmean2": 1.04797899723,
        "dvar": 1.15418028831,
        "dvar2": 2.846316576,
        "max": 10.1192350388,
        "mean": 1.42343270779,
        "median": 0.56426012516,
        "min": 0,
        "var": 2.96320414543
    },
    "zerocrossingrate": {
        "dmean": 0.0131616070867,
        "dmean2": 0.0143726440147,
        "dvar": 0.000315216399031,
        "dvar2": 0.000347449909896,
        "max": 0.86181640625,
        "mean": 0.0730713456869,
        "median": 0.06396484375,
        "min": 0.0029296875,
        "var": 0.00274800276384
    },
    "barkbands": {
        "dmean": [0.00122503819875, 0.00475337123498, 0.000955715135206, 0.000607364228927, 0.000612304254901, 0.000918663921766, 0.000920435588341, 0.000619874568656, 0.00103663152549, 0.00145514658652, 0.00106742570642, 0.000959759461693, 0.00108303443994, 0.000867078895681, 0.000398302596295, 0.000447433441877, 0.00039224763168, 0.000267252675258, 0.000230980222113, 0.000139121126267, 0.000159236675245, 0.000176429501153, 0.000197446453967, 0.000213541628909, 0.00016398288426, 0.000122737488709, 3.43054671248e-05],
        "dmean2": [0.00167659495492, 0.00733793945983, 0.00175478425808, 0.00111417495646, 0.000971841916908, 0.0014898647787, 0.0014788385015, 0.000967695435975, 0.00162419071421, 0.00232453201897, 0.00163822004106, 0.00151117425412, 0.00174068938941, 0.00138419249561, 0.000654033734463, 0.000745279772673, 0.000642319326289, 0.000433007953689, 0.000373212911654, 0.00021882969304, 0.00024193241552, 0.000268810428679, 0.00029785206425, 0.000313624681439, 0.000241516638198, 0.000177579247975, 5.15986866958e-05],
        "dvar": [5.27307975062e-06, 7.99058543635e-05, 1.4166436813e-05, 5.11024563821e-06, 2.3326210794e-06, 4.11586961491e-06, 3.21632410305e-06, 1.57477199991e-06, 3.31092064698e-06, 7.55730707169e-06, 6.65830566504e-06, 3.80876167583e-06, 3.42606426784e-06, 2.82529435935e-06, 7.76063870944e-07, 8.54888583035e-07, 6.4288184376e-07, 2.04392705427e-07, 1.25605851053e-07, 4.49487025378e-08, 7.51734248183e-08, 1.33750731379e-07, 2.36034892964e-07, 3.05699614955e-07, 1.61215623962e-07, 6.15600228571e-08, 5.65246116579e-09],
        "dvar2": [9.93413596007e-06, 0.000195717308088, 4.12064837292e-05, 1.49902361954e-05, 5.80737469136e-06, 1.02363237602e-05, 7.88085890235e-06, 3.51693120137e-06, 7.63164371165e-06, 1.85328026419e-05, 1.41804666782e-05, 8.5467381723e-06, 8.20587865746e-06, 6.74583907312e-06, 1.98990915123e-06, 2.25709914048e-06, 1.70328951299e-06, 5.22433424521e-07, 3.0394676287e-07, 1.078634142e-07, 1.58967381481e-07, 2.85880986439e-07, 5.05769719439e-07, 6.3762939817e-07, 3.08550738737e-07, 1.16477679057e-07, 1.20443468532e-08],
        "max": [0.0315515175462, 0.0951619073749, 0.0431345365942, 0.0239290297031, 0.0216582324356, 0.0363965779543, 0.0305690374225, 0.0258409213275, 0.033065341413, 0.0546254850924, 0.0490874201059, 0.0397682972252, 0.0256016887724, 0.0355174057186, 0.0228743534535, 0.018494585529, 0.0156705547124, 0.00820603873581, 0.00563966762275, 0.00376666104421, 0.00434886850417, 0.00651772599667, 0.00771013414487, 0.0088372901082, 0.00673650531098, 0.00438522687182, 0.000857065082528],
        "mean": [0.00308775319718, 0.0132671315223, 0.0008753152797, 0.000538752472494, 0.000711395870894, 0.00132966786623, 0.0012700430816, 0.000946032698266, 0.00167977623641, 0.0023314806167, 0.00166648312006, 0.00154331151862, 0.00159740028903, 0.00148739013821, 0.000598270271439, 0.000669193337671, 0.000617470126599, 0.000472392595839, 0.000415217742557, 0.000274928315775, 0.000309743889375, 0.000305168010527, 0.000320984021528, 0.00035534799099, 0.000279889791273, 0.000174183849595, 3.86965730286e-05],
        "median": [0.000506432144903, 0.00475850421935, 0.000156454538228, 9.28561275941e-05, 0.000210605066968, 0.000374980794732, 0.000408508582041, 0.000311599345878, 0.000699671101756, 0.000930666457862, 0.000455942325061, 0.000639751844574, 0.000824073504191, 0.00059953739401, 0.000259662629105, 0.000311194453388, 0.000278328370769, 0.000270690739853, 0.000249775708653, 0.000161059899256, 0.000152981956489, 0.000116194365546, 0.000100157616544, 0.000130168380565, 8.66418922669e-05, 3.49809924955e-05, 3.13166333399e-06],
        "min": [1.35971112599e-24, 4.69608699663e-24, 4.20161123187e-24, 7.97438041932e-25, 2.2020520477e-23, 1.75044795435e-23, 1.72994309284e-23, 1.13548449371e-23, 1.88093469886e-23, 2.74633309792e-23, 1.85421471782e-23, 4.56698241531e-23, 4.55617123438e-23, 3.59585961556e-23, 5.52938041345e-23, 6.00165061148e-23, 1.02155278416e-22, 1.29100747454e-22, 1.47515285337e-22, 1.75991283371e-22, 2.75885736919e-22, 3.13650540558e-22, 5.14551476474e-22, 6.7555266084e-22, 9.49733902846e-22, 1.42467401007e-21, 2.07957002626e-21],
        "var": [1.89788788703e-05, 0.000318720034556, 8.41052769829e-06, 3.05967091663e-06, 2.22805874728e-06, 7.30923648007e-06, 5.31595151188e-06, 3.14847443406e-06, 6.80957191435e-06, 1.66158024513e-05, 1.62306696438e-05, 7.23389530322e-06, 5.13867644258e-06, 5.81469566896e-06, 1.07192806809e-06, 1.338381594e-06, 1.08491235551e-06, 4.14547798755e-07, 2.58548254806e-07, 1.10264984698e-07, 1.82444267693e-07, 2.73131917083e-07, 4.320837661e-07, 5.38930294169e-07, 3.19728258091e-07, 1.15178224291e-07, 7.87426657212e-09]
    },
    "erbbands": {
        "dmean": [0.254663199186, 0.837668657303, 1.06473791599, 1.7235045433, 1.74053418636, 2.04305768013, 4.68492746353, 8.58947086334, 13.7793054581, 10.4954891205, 14.3288965225, 26.2049312592, 39.4035987854, 41.4829444885, 33.180431366, 37.8742408752, 49.7093582153, 41.3192863464, 26.4846553802, 22.0727825165, 19.8336544037, 21.7462024689, 14.1832027435, 13.6877336502, 8.7775592804, 6.25728797913, 6.50176334381, 6.77195310593, 6.1918554306, 6.07921695709, 5.56250476837, 4.68124771118, 3.42006278038, 2.08599686623, 1.09399318695, 0.559588313103, 0.22344045341, 0.059497192502, 0.00566563475877, 9.01600142242e-05],
        "dmean2": [0.345569133759, 1.38124132156, 1.87325584888, 3.20815682411, 2.9813015461, 3.26825141907, 7.53757619858, 13.9184627533, 22.0498752594, 16.6223621368, 22.0225563049, 41.1863937378, 63.0797576904, 63.1375389099, 51.0709533691, 59.6906585693, 78.5400161743, 65.2284698486, 42.8220939636, 36.4821434021, 32.694393158, 35.437084198, 22.84258461, 21.8113365173, 14.1044692993, 9.64283943176, 10.145026207, 10.4989233017, 9.61036205292, 9.06126117706, 8.34712600708, 6.99736738205, 5.04988908768, 3.0852458477, 1.63305330276, 0.814080834389, 0.32699277997, 0.0873709991574, 0.00855453312397, 0.000132325527375],
        "dvar": [0.217191889882, 3.31215834618, 15.614033699, 44.9404792786, 35.1062660217, 26.3163127899, 108.637313843, 379.209564209, 758.442932129, 441.568878174, 820.103149414, 2325.40844727, 5968.52636719, 8617.23730469, 7575.67138672, 5818.52783203, 6385.47363281, 5449.69287109, 2617.9675293, 1776.78076172, 1321.32165527, 2009.12451172, 537.014282227, 484.704833984, 180.768798828, 90.9215240479, 107.763999939, 179.152648926, 156.317092896, 187.758605957, 200.763183594, 146.66368103, 78.3376235962, 27.8591690063, 6.70452070236, 1.37472128868, 0.212184205651, 0.0154837854207, 0.000162224285305, 3.46579653865e-08],
        "dvar2": [0.436592370272, 9.07892894745, 43.6584625244, 131.84916687, 96.2836227417, 63.7156257629, 261.096740723, 922.831054688, 1775.22595215, 1073.90844727, 1770.80505371, 5281.74023438, 14736.8105469, 17367.8515625, 15058.1787109, 13559.4980469, 15325.3740234, 12837.5371094, 6654.40771484, 4695.3984375, 3433.75146484, 5376.39355469, 1378.60437012, 1182.73132324, 435.015289307, 210.999450684, 241.230285645, 390.428161621, 342.960235596, 396.371917725, 430.829223633, 314.025848389, 161.81817627, 54.7999572754, 12.9757213593, 2.55760025978, 0.423647016287, 0.0315962322056, 0.000346986955265, 7.20265447285e-08],
        "max": [5.68932771683, 23.0349025726, 42.6545372009, 75.7900161743, 64.3466110229, 121.69127655, 218.969741821, 460.635986328, 512.803161621, 434.470489502, 642.251281738, 879.060058594, 1429.01306152, 1672.9005127, 2069.71533203, 1786.68164062, 1358.66577148, 1267.96972656, 1282.04125977, 823.15045166, 652.737792969, 849.899658203, 463.402801514, 437.011169434, 170.319366455, 171.216430664, 158.710708618, 227.053161621, 203.455047607, 241.480636597, 229.876922607, 201.5728302, 154.047943115, 103.623596191, 50.6456871033, 24.6162490845, 7.12704658508, 1.57865107059, 0.153199866414, 0.00241414201446],
        "mean": [0.712212383747, 1.63532066345, 1.30006337166, 1.54794275761, 1.64147186279, 2.43924736977, 6.69732189178, 12.23919487, 19.9784126282, 15.8167581558, 23.110086441, 42.7594223022, 64.4262008667, 70.1290130615, 53.2909202576, 64.0841751099, 81.0783691406, 76.748046875, 47.0136451721, 36.6270370483, 33.3413467407, 35.986869812, 26.5050983429, 24.9272994995, 17.0449104309, 12.7107954025, 12.6403675079, 12.0614376068, 10.6991825104, 10.2480535507, 9.04301834106, 7.57828998566, 5.67225122452, 3.41869783401, 1.84106123447, 0.841216623783, 0.305352449417, 0.0746836662292, 0.00624997913837, 0.000145555473864],
        "median": [0.185157626867, 0.520022511482, 0.388295680285, 0.376702785492, 0.385710418224, 0.718568563461, 1.75415945053, 3.70746421814, 6.45800828934, 6.41129827499, 9.57141876221, 18.0939483643, 28.7896118164, 27.4586219788, 21.4696311951, 29.9867210388, 47.2483329773, 37.8141479492, 27.6161270142, 19.8342857361, 16.1632728577, 16.7447395325, 15.3031673431, 13.9274635315, 10.095703125, 7.56146526337, 6.61152458191, 5.56278800964, 4.24329423904, 3.29724979401, 2.89282751083, 2.70730233192, 2.00297832489, 1.10674738884, 0.517660319805, 0.192418679595, 0.0544414892793, 0.0107846567407, 0.00043458188884, 7.10661915946e-05],
        "min": [1.51890232186e-22, 5.8800232798e-22, 5.10333683338e-21, 7.96000669442e-21, 2.11049656453e-20, 5.18601563587e-20, 1.08219638875e-19, 1.28577484328e-19, 1.80278405187e-19, 2.8562737837e-19, 4.62774517198e-19, 5.42419860971e-19, 7.83625572495e-19, 8.35072897874e-19, 1.41819288842e-18, 1.68235105248e-18, 2.5502958494e-18, 2.00279058542e-18, 3.30787107457e-18, 3.10694476787e-18, 3.76387237841e-18, 5.95019883213e-18, 6.19171323712e-18, 7.08659940999e-18, 9.15724506863e-18, 8.48667538863e-18, 1.06835752785e-17, 1.27727299305e-17, 9.80931650858e-18, 9.86108891594e-18, 1.40302057618e-17, 1.31955466094e-17, 1.17372081643e-17, 9.91240968269e-18, 7.09247156516e-18, 4.63281527214e-18, 2.57468568336e-18, 1.12375112514e-18, 2.5107958555e-19, 3.10945787182e-20],
        "var": [1.01919579506, 5.79216718674, 10.9517192841, 26.3025417328, 24.505109787, 26.4751033783, 218.666915894, 640.145812988, 1421.65966797, 749.47064209, 1617.82836914, 4662.10644531, 12249.953125, 21843.7089844, 17091.0820312, 10872.5751953, 10596.2207031, 12895.9267578, 4281.42138672, 2874.44677734, 2395.73461914, 3402.93457031, 1097.71337891, 1078.55358887, 410.099212646, 234.58605957, 268.718933105, 356.854553223, 315.754669189, 366.381072998, 356.590637207, 250.724136353, 139.998153687, 50.9935493469, 13.5289287567, 2.71857523918, 0.373563617468, 0.0244113504887, 0.000218773333472, 5.51794236969e-08]
    },
    "gfcc": {
        "mean": [-21.2636508942, 44.8797416687, -151.371520996, -4.60168981552, -58.8285751343, 19.9733295441, -28.0487308502, 16.3530292511, -16.446100235, 11.4275016785, -6.23553943634, 5.04692792892, -9.89863014221],
        "cov": [[31677.3046875, -1204.2487793, 5417.203125, 4623.09277344, 433.135070801, 2086.9921875, -1156.29345703, 826.702026367, -604.379760742, 484.686584473, -1014.32489014, 1067.6060791, 299.277282715], [-1204.2487793, 1530.93444824, 153.488082886, 194.171340942, 351.82321167, -20.7568759918, 270.759674072, 7.25021934509, 125.332618713, -95.0454940796, 96.4621810913, -48.8022079468, 88.9249343872], [5417.203125, 153.488082886, 3048.42211914, 1723.15844727, 620.801757812, 919.436401367, 148.503860474, 355.780273438, -46.9101524353, 174.986999512, -283.626281738, 469.137237549, 198.939956665], [4623.09277344, 194.171340942, 1723.15844727, 1571.59082031, 725.137329102, 672.623901367, 90.2286834717, 258.229370117, -32.6158332825, 90.3571166992, -205.098861694, 212.042800903, 73.1335906982], [433.135070801, 351.82321167, 620.801757812, 725.137329102, 1066.69567871, 397.487823486, 387.877746582, 206.951675415, 119.527572632, 54.2423477173, -54.0665740967, -39.2174224854, -103.7787323], [2086.9921875, -20.7568759918, 919.436401367, 672.623901367, 397.487823486, 562.668334961, 194.937408447, 225.734466553, 41.3190002441, 103.053268433, -83.7058105469, 122.027580261, 21.594121933], [-1156.29345703, 270.759674072, 148.503860474, 90.2286834717, 387.877746582, 194.937408447, 429.570159912, 144.190917969, 147.260894775, 35.0281600952, 45.0945854187, -29.6064872742, -25.9244995117], [826.702026367, 7.25021934509, 355.780273438, 258.229370117, 206.951675415, 225.734466553, 144.190917969, 230.856277466, 96.9719696045, 62.1756134033, -26.7542324066, 64.5041122437, 17.0211601257], [-604.379760742, 125.332618713, -46.9101524353, -32.6158332825, 119.527572632, 41.3190002441, 147.260894775, 96.9719696045, 190.456726074, 56.650970459, 48.002532959, -31.0261554718, -23.6216278076], [484.686584473, -95.0454940796, 174.986999512, 90.3571166992, 54.2423477173, 103.053268433, 35.0281600952, 62.1756134033, 56.650970459, 154.451278687, 45.4318847656, 41.3975906372, 1.91015779972], [-1014.32489014, 96.4621810913, -283.626281738, -205.098861694, -54.0665740967, -83.7058105469, 45.0945854187, -26.7542324066, 48.002532959, 45.4318847656, 187.003509521, 18.0577392578, 10.5077161789], [1067.6060791, -48.8022079468, 469.137237549, 212.042800903, -39.2174224854, 122.027580261, -29.6064872742, 64.5041122437, -31.0261554718, 41.3975906372, 18.0577392578, 224.043716431, 114.876113892], [299.277282715, 88.9249343872, 198.939956665, 73.1335906982, -103.7787323, 21.594121933, -25.9244995117, 17.0211601257, -23.6216278076, 1.91015779972, 10.5077161789, 114.876113892, 181.328567505]],
        "icov": [[0.000110668064735, -4.79849659314e-05, 8.22047586553e-05, -0.00028849276714, 0.000136629867484, -0.000170958985109, 0.000326503999531, -0.000258794083493, 0.000176336674485, -0.000298609229503, 0.000320767838275, -0.000253394013271, 0.000204633324756], [-4.79849659314e-05, 0.0011954291258, -0.000347313762177, -0.000178368354682, -0.000277027749689, 0.000607487978414, -0.000584522611462, 0.000466956000309, -0.000845634844154, 0.0014507798478, -0.00137753458694, 0.00111787591595, -0.00116617965978], [8.22047586553e-05, -0.000347313762177, 0.00169943261426, -0.00122764101252, 0.000392870802898, -0.000803814386018, -0.000349525042111, 0.000411398010328, 0.000145019366755, -0.00137676182203, 0.00228174868971, -0.00268886773847, 0.000501913658809], [-0.00028849276714, -0.000178368354682, -0.00122764101252, 0.00394994858652, -0.00196816632524, -0.00119421386626, 0.00119336612988, 0.000185444092494, -4.84307711304e-05, 0.000956213683821, -0.000622605555691, 0.0010343932081, -0.00114922120702], [0.000136629867484, -0.000277027749689, 0.000392870802898, -0.00196816632524, 0.00302314735018, -3.27478592226e-05, -0.00173060293309, -0.000570905511267, 0.000411842425819, -0.00061836023815, 0.000457117334008, -1.85676503861e-06, 0.00184826611076], [-0.000170958985109, 0.000607487978414, -0.000803814386018, -0.00119421386626, -3.27478592226e-05, 0.00708332378417, -0.00296427099966, -0.00216283253394, 0.000992508721538, -0.00104941567406, -0.000250277138548, 0.000391029403545, 0.000171844745637], [0.000326503999531, -0.000584522611462, -0.000349525042111, 0.00119336612988, -0.00173060293309, -0.00296427099966, 0.0076464228332, -0.00217868690379, -0.00138056802098, 0.000625640386716, -0.000988896819763, 0.000812613929156, -0.000333747477271], [-0.000258794083493, 0.000466956000309, 0.000411398010328, 0.000185444092494, -0.000570905511267, -0.00216283253394, -0.00217868690379, 0.0117779318243, -0.00559289986268, 0.000156643000082, 0.00197879760526, -0.00281758327037, -0.000874156772625], [0.000176336674485, -0.000845634844154, 0.000145019366755, -4.84307711304e-05, 0.000411842425819, 0.000992508721538, -0.00138056802098, -0.00559289986268, 0.0115187335759, -0.003931324929, -0.000550374330487, 0.00150462391321, 0.00104986212682], [-0.000298609229503, 0.0014507798478, -0.00137676182203, 0.000956213683821, -0.00061836023815, -0.00104941567406, 0.000625640386716, 0.000156643000082, -0.003931324929, 0.0127331409603, -0.00643957126886, 0.00236093299463, -0.00101680855732], [0.000320767838275, -0.00137753458694, 0.00228174868971, -0.000622605555691, 0.000457117334008, -0.000250277138548, -0.000988896819763, 0.00197879760526, -0.000550374330487, -0.00643957126886, 0.0134364487603, -0.00736286630854, 0.00174025224987], [-0.000253394013271, 0.00111787591595, -0.00268886773847, 0.0010343932081, -1.85676503861e-06, 0.000391029403545, 0.000812613929156, -0.00281758327037, 0.00150462391321, 0.00236093299463, -0.00736286630854, 0.0147034889087, -0.00598135171458], [0.000204633324756, -0.00116617965978, 0.000501913658809, -0.00114922120702, 0.00184826611076, 0.000171844745637, -0.000333747477271, -0.000874156772625, 0.00104986212682, -0.00101680855732, 0.00174025224987, -0.00598135171458, 0.0105695053935]]
    },
    "melbands": {
        "dmean": [0.00168439606205, 0.00065547786653, 0.000295715668472, 0.000126309940242, 0.000150420339196, 0.000192208754015, 0.000198737936444, 0.000119703428936, 0.000126097700559, 0.000167858161149, 0.000206799479201, 0.00017951366317, 0.000115819355415, 7.91684215073e-05, 0.000131639535539, 0.000117367686471, 8.34787206259e-05, 5.03853916598e-05, 3.30388684233e-05, 3.6016201193e-05, 2.31818939938e-05, 2.78240240732e-05, 1.40699339681e-05, 1.22687388284e-05, 1.20933327707e-05, 9.15677901503e-06, 5.50913546249e-06, 4.27236818723e-06, 4.45015029982e-06, 3.87087584386e-06, 4.24563495471e-06, 3.69054168914e-06, 3.55138854502e-06, 3.57577869181e-06, 3.5206726352e-06, 2.98969530377e-06, 2.9688799259e-06, 2.5424544674e-06, 2.10815073842e-06, 1.74508238615e-06],
        "dmean2": [0.00243240827695, 0.00107962230686, 0.000542424269952, 0.000203048664844, 0.000241237779846, 0.000311246694764, 0.00031860882882, 0.000187910758541, 0.000193345433217, 0.000264870992396, 0.000330847717123, 0.000274921883829, 0.00017827564443, 0.000125375983771, 0.000204811338335, 0.000186433608178, 0.000132402594318, 8.20215718704e-05, 5.44801296201e-05, 6.02921027166e-05, 3.80755300284e-05, 4.59025650343e-05, 2.30134301091e-05, 1.98021680262e-05, 1.9439139578e-05, 1.49707648234e-05, 8.8430406322e-06, 6.72675832902e-06, 7.10010317562e-06, 6.04590513831e-06, 6.67315816827e-06, 5.85973657508e-06, 5.43306487089e-06, 5.5241280279e-06, 5.42573116036e-06, 4.46648073194e-06, 4.52525864603e-06, 3.81786639991e-06, 3.1785639294e-06, 2.62020012087e-06],
        "dvar": [9.60417855822e-06, 3.49828292201e-06, 1.28588203552e-06, 1.34090612391e-07, 9.41978370861e-08, 1.71748126832e-07, 1.50520776288e-07, 5.68382958477e-08, 6.74697844261e-08, 9.92171678149e-08, 1.68792510635e-07, 1.38367028057e-07, 7.47403277046e-08, 2.36886386062e-08, 7.494608667e-08, 5.15596596529e-08, 2.70899498389e-08, 1.16597194122e-08, 6.14143624844e-09, 6.9638188549e-09, 2.12589856829e-09, 3.91502830155e-09, 5.42610012477e-10, 4.42637621001e-10, 3.88941406859e-10, 2.12462672455e-10, 7.90634502312e-11, 4.12798441263e-11, 5.02823963022e-11, 4.46683939836e-11, 7.35425262355e-11, 5.23038938549e-11, 6.10661660128e-11, 6.8191827185e-11, 7.95834162459e-11, 6.01027352887e-11, 5.64199902076e-11, 4.29358250342e-11, 2.91440899192e-11, 1.91215845241e-11],
        "dvar2": [2.13913808693e-05, 9.08199399419e-06, 3.73800730813e-06, 3.36350467478e-07, 2.27943161235e-07, 4.19385742134e-07, 3.57363745707e-07, 1.3300355306e-07, 1.41962118505e-07, 2.2426331725e-07, 4.16270950154e-07, 2.86390019255e-07, 1.55692546855e-07, 5.39941993338e-08, 1.57260359401e-07, 1.23219848547e-07, 6.38294039845e-08, 2.92990627315e-08, 1.57874833207e-08, 1.82180261987e-08, 5.47040635013e-09, 1.05149622343e-08, 1.4573742213e-09, 1.15274112478e-09, 9.64053392671e-10, 5.30893551343e-10, 2.00236896508e-10, 9.8568687934e-11, 1.19243281915e-10, 1.01435901345e-10, 1.6087707555e-10, 1.19715015678e-10, 1.35658734246e-10, 1.53120446877e-10, 1.81180084824e-10, 1.3024609169e-10, 1.22400020675e-10, 9.14848127809e-11, 5.93391794035e-11, 3.87231566257e-11],
        "max": [0.0360765345395, 0.021646047011, 0.0121861016378, 0.00500997481868, 0.00573191046715, 0.00889203138649, 0.00670747505501, 0.00564885744825, 0.00598180480301, 0.00608024606481, 0.00724563142285, 0.00621643615887, 0.00577507400885, 0.00346215395257, 0.00523782614619, 0.00340749812312, 0.00267770537175, 0.00307858944871, 0.00188567175064, 0.00190889264923, 0.000884276698343, 0.00125412759371, 0.000360775680747, 0.000347718596458, 0.000361963437172, 0.00016232424241, 0.000174922053702, 8.89885268407e-05, 0.000113451766083, 9.02803658391e-05, 0.000163175645866, 0.000114355469123, 0.000165453107911, 0.000122296929476, 0.000144680598169, 0.000124357204186, 0.000125574384583, 0.000122566736536, 9.46947548073e-05, 8.69301074999e-05],
        "mean": [0.00487961061299, 0.00114392943215, 0.000271128315944, 0.000134198271553, 0.000214296640479, 0.000284203822957, 0.000284231529804, 0.000180375864147, 0.00019943137886, 0.000265412789304, 0.000327122048475, 0.000293211516691, 0.000184827164048, 0.000127487364807, 0.000211126956856, 0.000168227823451, 0.000145637939568, 8.31882716739e-05, 4.79472182633e-05, 5.29896497028e-05, 3.49390102201e-05, 4.20777942054e-05, 2.38824541157e-05, 2.09454155993e-05, 2.03694726224e-05, 1.50754394781e-05, 9.7729407571e-06, 7.95565028966e-06, 7.97354186943e-06, 7.08724201104e-06, 6.94823211234e-06, 6.02594946031e-06, 5.81720905757e-06, 5.64693709748e-06, 5.36997004019e-06, 4.70188660984e-06, 4.65869925392e-06, 4.14615533373e-06, 3.30209945787e-06, 2.77747130895e-06],
        "median": [0.00168412667699, 0.000386378727853, 7.22287950339e-05, 3.66494714399e-05, 6.08828122495e-05, 8.86402558535e-05, 9.19113444979e-05, 6.19700876996e-05, 7.43302152841e-05, 0.000108047039248, 0.000129990105052, 0.000110438741103, 6.27035042271e-05, 6.29195710644e-05, 8.51742515806e-05, 7.83498762758e-05, 5.57069797651e-05, 4.20306823798e-05, 2.01958009711e-05, 2.44580987783e-05, 1.53184537339e-05, 1.77712627192e-05, 1.38697796501e-05, 1.19954893307e-05, 1.09852971946e-05, 8.50990818435e-06, 5.19452714798e-06, 4.65277662443e-06, 4.0535487642e-06, 3.66001631846e-06, 2.90925640911e-06, 2.46470608545e-06, 1.95700158656e-06, 1.70194914517e-06, 1.61921479958e-06, 1.54338817993e-06, 1.67561120179e-06, 1.469175686e-06, 1.07069843125e-06, 8.72775444805e-07],
        "min": [1.90203396706e-24, 2.58360978917e-24, 1.38313921019e-24, 3.32475802026e-24, 5.64431397635e-24, 3.03342813809e-24, 3.11973385986e-24, 3.35373209245e-24, 3.79506269246e-24, 2.87713901555e-24, 3.71873566671e-24, 3.40744878693e-24, 4.36947531047e-24, 5.87663627395e-24, 3.85274735729e-24, 3.83090932085e-24, 3.56578618681e-24, 4.62043444696e-24, 4.23277794294e-24, 3.89480192658e-24, 3.81554586029e-24, 6.21421785986e-24, 5.2558047137e-24, 5.16921579087e-24, 5.156783343e-24, 6.09670401182e-24, 5.94441441407e-24, 4.82417276409e-24, 5.62953900603e-24, 5.02654082983e-24, 6.89616996862e-24, 4.72694605195e-24, 6.33543698757e-24, 4.66572019051e-24, 7.45872797938e-24, 7.67660268393e-24, 6.92131806542e-24, 7.36917648942e-24, 7.38621667383e-24, 7.50234488769e-24],
        "var": [4.34917419625e-05, 3.92812080463e-06, 7.68722713929e-07, 1.13461240403e-07, 1.7865620805e-07, 3.02676909314e-07, 2.69563912525e-07, 1.08115642661e-07, 1.37064745331e-07, 1.94073848547e-07, 3.50936659288e-07, 3.40934747101e-07, 1.8810368374e-07, 4.35364881923e-08, 1.55207928287e-07, 7.3727086658e-08, 6.38834620759e-08, 1.89757933811e-08, 8.04446642633e-09, 1.04596820094e-08, 3.35343952607e-09, 6.02030603147e-09, 9.0138990716e-10, 8.04264710386e-10, 7.97668209263e-10, 3.85443232886e-10, 1.63734401037e-10, 9.53638487622e-11, 1.12664315377e-10, 9.38552568996e-11, 1.38096076241e-10, 9.93352761158e-11, 1.11814425774e-10, 1.19887502703e-10, 1.28869498406e-10, 1.04739647511e-10, 9.31573360119e-11, 7.42963468525e-11, 5.10108656704e-11, 3.35840071031e-11]
    },
    "mfcc": {
        "mean": [-653.191040039, 86.0271148682, -30.711687088, -15.4019947052, -8.5423078537, -0.806635737419, 2.71581315994, 4.57614040375, 0.374381959438, 4.3768954277, 9.13446426392, 8.85085296631, -3.1256840229],
        "cov": [[19053.1054688, 91.8835144043, 3449.21826172, 2375.88330078, 1488.0645752, 1217.26806641, 384.241088867, 359.385009766, 530.493103027, 188.723373413, -966.769165039, -661.754211426, 1104.0255127], [91.8835144043, 1034.96899414, 71.240852356, 227.667984009, 141.106506348, 103.096229553, 141.689682007, 126.508560181, 102.81375885, 47.2932014465, 21.1195220947, 125.090965271, 15.4264059067], [3449.21826172, 71.240852356, 1735.18237305, 931.178771973, 563.252624512, 569.690734863, 260.218658447, 282.602081299, 303.592681885, 113.799224854, -323.876617432, -180.353988647, 440.823883057], [2375.88330078, 227.667984009, 931.178771973, 958.909118652, 683.181762695, 524.039611816, 328.981201172, 286.734802246, 264.286590576, 132.367675781, -108.73399353, -85.4092941284, 206.308456421], [1488.0645752, 141.106506348, 563.252624512, 683.181762695, 709.100341797, 487.873931885, 320.903747559, 279.726837158, 227.69770813, 143.562408447, 47.6477622986, -17.5707149506, 101.62336731], [1217.26806641, 103.096229553, 569.690734863, 524.039611816, 487.873931885, 507.295654297, 316.540679932, 260.105407715, 224.306350708, 147.514480591, 42.7817993164, -1.63593292236, 111.984985352], [384.241088867, 141.689682007, 260.218658447, 328.981201172, 320.903747559, 316.540679932, 343.859649658, 223.458328247, 155.388183594, 122.196060181, 71.2983322144, 30.8931388855, 64.6566696167], [359.385009766, 126.508560181, 282.602081299, 286.734802246, 279.726837158, 260.105407715, 223.458328247, 302.565032959, 209.402297974, 99.3472290039, 59.9126052856, 56.0468482971, 73.1495895386], [530.493103027, 102.81375885, 303.592681885, 264.286590576, 227.69770813, 224.306350708, 155.388183594, 209.402297974, 277.45513916, 125.835906982, 30.9010944366, 11.2202444077, 86.7606658936], [188.723373413, 47.2932014465, 113.799224854, 132.367675781, 143.562408447, 147.514480591, 122.196060181, 99.3472290039, 125.835906982, 180.144439697, 105.660682678, -2.56115055084, 4.97635889053], [-966.769165039, 21.1195220947, -323.876617432, -108.73399353, 47.6477622986, 42.7817993164, 71.2983322144, 59.9126052856, 30.9010944366, 105.660682678, 323.290985107, 159.650024414, -144.632553101], [-661.754211426, 125.090965271, -180.353988647, -85.4092941284, -17.5707149506, -1.63593292236, 30.8931388855, 56.0468482971, 11.2202444077, -2.56115055084, 159.650024414, 252.995849609, -11.2648553848], [1104.0255127, 15.4264059067, 440.823883057, 206.308456421, 101.62336731, 111.984985352, 64.6566696167, 73.1495895386, 86.7606658936, 4.97635889053, -144.632553101, -11.2648553848, 304.3722229]],
