{
"lowlevel": {
    "average_loudness": 0.883365809917,
    "barkbands_crest": {
        "dmean": 2.53470206261,
        "dmean2": 3.95682859421,
        "dvar": 6.42609643936,
        "dvar2": 14.6468086243,
        "max": 26.2977981567,
        "mean": 10.4414377213,
        "median": 9.48666954041,
        "min": 2.37765145302,
        "var": 20.1521625519
    },
    "barkbands_flatness_db": {
        "dmean": 0.0233214944601,
        "dmean2": 0.0345068909228,
        "dvar": 0.000623384024948,
        "dvar2": 0.00134490069468,
        "max": 0.527232885361,
        "mean": 0.144552111626,
        "median": 0.126322567463,
        "min": 0.0212786514312,
        "var": 0.00567697687075
    },
    "barkbands_kurtosis": {
        "dmean": 3.25158643723,
        "dmean2": 5.05836248398,
        "dvar": 99.5840301514,
        "dvar2": 221.324890137,
        "max": 377.101867676,
        "mean": 4.43289327621,
        "median": 1.77374362946,
        "min": -1.94941031933,
        "var": 159.346847534
    },
    "barkbands_skewness": {
        "dmean": 0.538366377354,
        "dmean2": 0.805839955807,
        "dvar": 0.487631142139,
        "dvar2": 1.05971896648,
        "max": 15.9828262329,
        "mean": 1.49349915981,
        "median": 1.31788420677,
        "min": -3.32022285461,
        "var": 1.56569123268
    },
    "barkbands_spread": {
        "dmean": 5.99945688248,
        "dmean2": 8.91413116455,
        "dvar": 67.8631820679,
        "dvar2": 135.711044312,
        "max": 112.805557251,
        "mean": 21.7559776306,
        "median": 19.6377258301,
        "min": 0.357453614473,
        "var": 196.423461914
    },
    "dissonance": {
        "dmean": 0.0231376495212,
        "dmean2": 0.0388036072254,
        "dvar": 0.000549189397134,
        "dvar2": 0.00146517460234,
        "max": 0.499999791384,
        "mean": 0.453035950661,
        "median": 0.462873518467,
        "min": 0.0949813425541,
        "var": 0.00150665349793
    },
    "dynamic_complexity": 3.14734315872,
    "erbbands_crest": {
        "dmean": 2.87567663193,
        "dmean2": 4.51170396805,
        "dvar": 7.38785982132,
        "dvar2": 16.6465148926,
        "max": 31.3721656799,
        "mean": 10.2094306946,
        "median": 9.04470920563,
        "min": 2.15877246857,
        "var": 26.654296875
    },
    "erbbands_flatness_db": {
        "dmean": 0.018491320312,
        "dmean2": 0.0263963583857,
        "dvar": 0.000355664204108,
        "dvar2": 0.000682671554387,
        "max": 0.622682988644,
        "mean": 0.166607439518,
        "median": 0.148575782776,
        "min": 0.0386022366583,
        "var": 0.00582382874563
    },
    "erbbands_kurtosis": {
        "dmean": 1.07810997963,
        "dmean2": 1.6710255146,
        "dvar": 3.11569309235,
        "dvar2": 7.51316356659,
        "max": 38.3191833496,
        "mean": 0.894540131092,
        "median": 0.029495716095,
        "min": -1.83093166351,
        "var": 8.30572414398
    },
    "erbbands_skewness": {
        "dmean": 0.374610304832,
        "dmean2": 0.568575620651,
        "dvar": 0.142656803131,
        "dvar2": 0.309711933136,
        "max": 5.55052995682,
        "mean": 0.495221674442,
        "median": 0.439598739147,
        "min": -3.17364788055,
        "var": 0.577794373035
    },
    "erbbands_spread": {
        "dmean": 8.45417690277,
        "dmean2": 12.5843486786,
        "dvar": 110.937446594,
        "dvar2": 236.959564209,
        "max": 182.206359863,
        "mean": 36.5041503906,
        "median": 34.2466201782,
        "min": 0.618584632874,
        "var": 401.059173584
    },
    "hfc": {
        "dmean": 8.76268577576,
        "dmean2": 12.5087080002,
        "dvar": 242.775131226,
        "dvar2": 547.75592041,
        "max": 202.57359314,
        "mean": 24.6293315887,
        "median": 19.9154167175,
        "min": 1.05696735008e-16,
        "var": 534.172851562
    },
    "melbands_crest": {
        "dmean": 2.96423578262,
        "dmean2": 4.58798742294,
        "dvar": 7.90712690353,
        "dvar2": 18.6141490936,
        "max": 37.4188575745,
        "mean": 13.9098472595,
        "median": 13.0464801788,
        "min": 1.58903157711,
        "var": 31.0813217163
    },
    "melbands_flatness_db": {
        "dmean": 0.0278398636729,
        "dmean2": 0.0406624637544,
        "dvar": 0.000899387639947,
        "dvar2": 0.00193359842524,
        "max": 0.570819020271,
        "mean": 0.208424389362,
        "median": 0.191747501493,
        "min": 0.00313220196404,
        "var": 0.00759674189612
    },
    "melbands_kurtosis": {
        "dmean": 7.34873628616,
        "dmean2": 11.4811964035,
        "dvar": 378.719116211,
        "dvar2": 890.688049316,
        "max": 653.071960449,
        "mean": 12.3542490005,
        "median": 6.3343000412,
        "min": -1.71333169937,
        "var": 648.786682129
    },
    "melbands_skewness": {
        "dmean": 0.710816979408,
        "dmean2": 1.06682443619,
        "dvar": 0.881548762321,
        "dvar2": 2.03178882599,
        "max": 21.8775463104,
        "mean": 2.42044401169,
        "median": 2.14859485626,
        "min": -1.20986461639,
        "var": 2.71790671349
    },
    "melbands_spread": {
        "dmean": 6.56756401062,
        "dmean2": 9.97212409973,
        "dvar": 87.7637405396,
        "dvar2": 194.023101807,
        "max": 213.179626465,
        "mean": 23.399848938,
        "median": 19.638710022,
        "min": 0.294107049704,
        "var": 425.777008057
    },
    "pitch_salience": {
        "dmean": 0.0726111531258,
        "dmean2": 0.114989794791,
        "dvar": 0.00616327580065,
        "dvar2": 0.0154540985823,
        "max": 0.863514840603,
        "mean": 0.524904668331,
        "median": 0.522115945816,
        "min": 0.0457157865167,
        "var": 0.015444396995
    },
    "silence_rate_20dB": {
        "dmean": 0,
        "dmean2": 0,
        "dvar": 0,
        "dvar2": 0,
        "max": 1,
        "mean": 1,
        "median": 1,
        "min": 1,
        "var": 0
    },
    "silence_rate_30dB": {
        "dmean": 0.00455984799191,
        "dmean2": 0.00912085082382,
        "dvar": 0.00453900964931,
        "dvar2": 0.0135986991227,
        "max": 1,
        "mean": 0.997720360756,
        "median": 1,
        "min": 0,
        "var": 0.00227434211411
    },
    "silence_rate_60dB": {
        "dmean": 0.0126662440598,
        "dmean2": 0.0253356974572,
        "dvar": 0.0125056067482,
        "dvar2": 0.0295066460967,
        "max": 1,
        "mean": 0.0666160061955,
        "median": 0,
        "min": 0,
        "var": 0.0621803291142
    },
    "spectral_centroid": {
        "dmean": 261.246887207,
        "dmean2": 397.149139404,
        "dvar": 118893.59375,
        "dvar2": 234155.734375,
        "max": 11920.2138672,
        "mean": 1444.85595703,
        "median": 1191.25561523,
        "min": 131.930282593,
        "var": 2067569
    },
    "spectral_complexity": {
        "dmean": 4.05345153809,
        "dmean2": 6.08918142319,
        "dvar": 23.0951328278,
        "dvar2": 45.2542304993,
        "max": 58,
        "mean": 18.7028884888,
        "median": 18,
        "min": 0,
        "var": 113.107688904
    },
    "spectral_decrease": {
        "dmean": 2.31416907859e-09,
        "dmean2": 3.53687301669e-09,
        "dvar": 1.06854819298e-17,
        "dvar2": 2.55624336073e-17,
        "max": 1.96530786914e-28,
        "mean": -7.95708032797e-09,
        "median": -6.97391744353e-09,
        "min": -3.34201857299e-08,
        "var": 3.53216246251e-17
    },
    "spectral_energy": {
        "dmean": 0.00924171693623,
        "dmean2": 0.0140960086137,
        "dvar": 0.000166504847584,
        "dvar2": 0.000398342468543,
        "max": 0.129099979997,
        "mean": 0.0322657637298,
        "median": 0.0283176414669,
        "min": 9.84363023514e-21,
        "var": 0.000564158835914
    },
    "spectral_energyband_high": {
        "dmean": 0.000730795203708,
        "dmean2": 0.00103059655521,
        "dvar": 2.72755687547e-06,
        "dvar2": 6.04085698797e-06,
        "max": 0.0260292813182,
        "mean": 0.00125254841987,
        "median": 0.000570695730858,
        "min": 6.85691287996e-21,
        "var": 4.47269985671e-06
    },
    "spectral_energyband_low": {
        "dmean": 0.00558078894392,
        "dmean2": 0.00861989986151,
        "dvar": 0.000124393322039,
        "dvar2": 0.000301304244203,
        "max": 0.117929898202,
        "mean": 0.0129322456196,
        "median": 0.00529169477522,
        "min": 7.52013764541e-24,
        "var": 0.000285109650576
    },
    "spectral_energyband_middle_high": {
        "dmean": 0.00227057747543,
        "dmean2": 0.0033595028799,
        "dvar": 8.96010806173e-06,
        "dvar2": 1.93885334738e-05,
        "max": 0.0395997241139,
        "mean": 0.00637828744948,
        "median": 0.00486290547997,
        "min": 1.18485090429e-21,
        "var": 3.4114549635e-05
    },
    "spectral_energyband_middle_low": {
        "dmean": 0.00534716947004,
        "dmean2": 0.00870234332979,
        "dvar": 6.21105282335e-05,
        "dvar2": 0.000167238977156,
        "max": 0.0820881649852,
        "mean": 0.013419194147,
        "median": 0.0110988207161,
        "min": 1.64447055019e-22,
        "var": 0.00011401327356
    },
    "spectral_entropy": {
        "dmean": 0.196276322007,
        "dmean2": 0.281673938036,
        "dvar": 0.0466311909258,
        "dvar2": 0.0913846567273,
        "max": 9.81955623627,
        "mean": 7.49803924561,
        "median": 7.59181213379,
        "min": 4.79305696487,
        "var": 0.479367673397
    },
    "spectral_flux": {
        "dmean": 0.0274801198393,
        "dmean2": 0.0399960465729,
        "dvar": 0.00114381196909,
        "dvar2": 0.00199194950983,
        "max": 0.346974551678,
        "mean": 0.0841204300523,
        "median": 0.0739105641842,
        "min": 6.25223414707e-11,
        "var": 0.00317942700349
    },
    "spectral_kurtosis": {
        "dmean": 2.38627076149,
        "dmean2": 3.87392997742,
        "dvar": 38.8544197083,
        "dvar2": 106.536338806,
        "max": 190.03793335,
        "mean": 7.50870895386,
        "median": 3.73518204689,
        "min": -1.43889224529,
        "var": 271.995758057
    },
    "spectral_rms": {
        "dmean": 0.000743994722143,
        "dmean2": 0.00111097283661,
        "dvar": 7.64436663303e-07,
        "dvar2": 1.71955389305e-06,
        "max": 0.0112227983773,
        "mean": 0.005141726695,
        "median": 0.005256135948,
        "min": 3.09895815606e-12,
        "var": 5.04151012137e-06
    },
    "spectral_rolloff": {
        "dmean": 563.866210938,
        "dmean2": 939.751159668,
        "dvar": 1316685.375,
        "dvar2": 2795547.5,
        "max": 19832.0800781,
        "mean": 1752.47570801,
        "median": 1055.12695312,
        "min": 43.06640625,
        "var": 7325278
    },
    "spectral_skewness": {
        "dmean": 0.261062979698,
        "dmean2": 0.407351106405,
        "dvar": 0.150058567524,
        "dvar2": 0.392458617687,
        "max": 10.1500511169,
        "mean": 1.81391763687,
        "median": 1.56909990311,
        "min": -0.171475231647,
        "var": 1.27126705647
    },
    "spectral_spread": {
        "dmean": 652353.6875,
        "dmean2": 937100.6875,
        "dvar": 1.00173008077e+12,
        "dvar2": 1.78462012211e+12,
        "max": 42823160,
        "mean": 5642802,
        "median": 4941287,
        "min": 416214.78125,
        "var": 2.6225837867e+13
    },
    "spectral_strongpeak": {
        "dmean": 0.514085888863,
        "dmean2": 0.867390096188,
        "dvar": 0.920153260231,
        "dvar2": 2.19760608673,
        "max": 20.0517845154,
        "mean": 1.00009977818,
        "median": 0.529170751572,
        "min": 0,
        "var": 1.46436417103
    },
    "zerocrossingrate": {
        "dmean": 0.0121057881042,
        "dmean2": 0.0139035824686,
        "dvar": 0.000269245676463,
        "dvar2": 0.000336490862537,
        "max": 0.75048828125,
        "mean": 0.0681736692786,
        "median": 0.0546875,
        "min": 0.00244140625,
        "var": 0.00474077649415
    },
    "barkbands": {
        "dmean": [0.000108004227513, 0.00391945522279, 0.00231330795214, 0.0018884523306, 0.00154054164886, 0.00149879511446, 0.00133570097387, 0.000509885372594, 0.000977840158157, 0.000953103764914, 0.000680062279571, 0.000432759756222, 0.00041681813309, 0.000372371927369, 0.000254076789133, 0.000266964925686, 0.000200339811272, 0.000158851456945, 0.000185312412214, 0.000189208178199, 0.000159538292792, 0.000128117040731, 0.000132641042001, 0.000155165573233, 0.000112176705443, 4.17214578192e-05, 6.93334504831e-06],
        "dmean2": [0.000136164511787, 0.00594540312886, 0.00418391078711, 0.00330642540939, 0.00263747130521, 0.00233766506426, 0.00216453988105, 0.000818952335976, 0.00148982135579, 0.0014391063014, 0.00105534191243, 0.000662797363475, 0.000671562564094, 0.000587745453231, 0.000404920487199, 0.000443540484412, 0.000308769318508, 0.000253844860708, 0.000287151313387, 0.000283226545434, 0.000240474779275, 0.000194824286154, 0.000196626104298, 0.000231569836615, 0.000167199134012, 6.00986568315e-05, 1.15691100291e-05],
        "dvar": [6.50907878708e-08, 8.49040006869e-05, 4.03909689339e-05, 1.96907221834e-05, 1.05324852484e-05, 5.63736284676e-06, 5.31839350515e-06, 1.96611995307e-06, 4.52849417343e-06, 3.81977861252e-06, 2.34194817494e-06, 6.98488349826e-07, 5.02653051626e-07, 4.8244686468e-07, 2.24220002565e-07, 2.57038180962e-07, 1.86934855151e-07, 9.88491279941e-08, 1.24062054851e-07, 1.4942995108e-07, 2.24058368303e-07, 1.17548502487e-07, 1.2201515176e-07, 1.50797120568e-07, 6.66057857757e-08, 1.01783026452e-08, 5.19658482911e-10],
        "dvar2": [9.11553570404e-08, 0.000200028836844, 0.000118169395137, 5.74039404455e-05, 2.884697642e-05, 1.34652418637e-05, 1.34489409902e-05, 5.16212412549e-06, 1.00680917967e-05, 8.0481677287e-06, 5.31168689122e-06, 1.46238505749e-06, 1.23147333397e-06, 1.0870234064e-06, 5.56753207093e-07, 6.59234672185e-07, 4.04809895826e-07, 2.27142308518e-07, 2.76494120044e-07, 2.84821908281e-07, 4.95145570767e-07, 2.86750264422e-07, 2.68246111546e-07, 3.55088729975e-07, 1.55025446702e-07, 2.21767688657e-08, 1.38628630797e-09],
        "max": [0.00304711353965, 0.0931606963277, 0.0561911426485, 0.0447527356446, 0.0458712726831, 0.0424891710281, 0.036990262568, 0.0376773923635, 0.0433443374932, 0.0350377820432, 0.03206012398, 0.0248691774905, 0.011174810119, 0.0109861977398, 0.0111153312027, 0.0109176002443, 0.00855606328696, 0.00695177400485, 0.00823689904064, 0.0132300350815, 0.01745733805, 0.00431441608816, 0.00475945789367, 0.00557147571817, 0.00327350362204, 0.00199007173069, 0.000301394524286],
        "mean": [0.00017741182819, 0.00859115552157, 0.00278929062188, 0.00233314745128, 0.00235310336575, 0.00329507747665, 0.00221606693231, 0.000774795073085, 0.0017627159832, 0.00171476311516, 0.00114694540389, 0.000709395331796, 0.000584496941883, 0.000584604684263, 0.000429875217378, 0.000413062633015, 0.000338796671713, 0.000287364353426, 0.000326593435602, 0.000364929292118, 0.000277751940303, 0.000174349363078, 0.000177930225618, 0.000216124943108, 0.000160931260325, 5.8727360738e-05, 6.38606570647e-06],
        "median": [1.47420341818e-05, 0.00243481900543, 0.000715985312127, 0.000801227171905, 0.00119145330973, 0.00195011473261, 0.00110177637544, 0.00022740312852, 0.000646357657388, 0.000496861001011, 0.000334267970175, 0.000281399406958, 0.000240844849031, 0.000183093681699, 0.000167654448887, 0.00015637971228, 0.000141055759741, 0.000106055631477, 0.000151624786668, 0.000149630825035, 0.000112927198643, 4.06586332247e-05, 2.87095426756e-05, 6.80711818859e-05, 6.2228020397e-05, 1.50574378495e-05, 6.5816635697e-07],
        "min": [1.17705565889e-25, 1.69506289794e-24, 2.72536257181e-25, 4.68750369694e-25, 8.10858291563e-24, 3.6265631864e-24, 4.31605246668e-24, 5.34180475186e-24, 1.37505271538e-23, 9.34145497022e-24, 2.00578424334e-23, 2.0738717747e-23, 2.25250711788e-23, 2.96604411288e-23, 4.42976510956e-23, 3.95581116681e-23, 5.47752195972e-23, 7.50017331139e-23, 7.12453289445e-23, 1.33795416473e-22, 2.4685603426e-22, 2.88793596543e-22, 3.31406827658e-22, 6.14081185983e-22, 8.33024191216e-22, 1.1546471999e-21, 1.80086872486e-21],
        "var": [1.97375015887e-07, 0.000169851045939, 3.12955671689e-05, 1.85384815268e-05, 1.13582746053e-05, 1.51688191181e-05, 9.60704619501e-06, 2.56327780335e-06, 9.85492988548e-06, 9.62136346061e-06, 5.27296970176e-06, 1.91809726857e-06, 8.30354792924e-07, 1.06989421056e-06, 4.81420897813e-07, 4.78441620544e-07, 3.88291596209e-07, 3.0657989214e-07, 2.9804505175e-07, 4.88634157136e-07, 4.36873420995e-07, 1.416088935e-07, 1.64303244787e-07, 1.95613480969e-07, 9.0989452417e-08, 1.47186307586e-08, 4.12022804763e-10]
    },
    "erbbands": {
        "dmean": [0.110169932246, 0.986275613308, 2.3829600811, 5.06117153168, 5.60166931152, 4.84267950058, 6.72879314423, 15.0668907166, 21.5481128693, 14.1167001724, 7.71945762634, 26.3874759674, 28.700674057, 23.1770763397, 23.293296814, 17.3915271759, 19.4537715912, 17.2938423157, 15.9937620163, 13.977807045, 10.4120407104, 11.217546463, 8.74915885925, 9.67572689056, 8.64172554016, 7.66258764267, 7.47155761719, 5.70160198212, 4.25964307785, 4.95181274414, 3.52825474739, 3.59856319427, 2.31969070435, 1.48465812206, 0.691690921783, 0.239053666592, 0.0651362389326, 0.0148919308558, 0.00107843056321, 2.76248756563e-05],
        "dmean2": [0.156445235014, 1.54825055599, 4.23234081268, 8.84248161316, 9.89770030975, 8.22790241241, 10.5476150513, 23.6706104279, 35.0566825867, 22.7843265533, 12.329788208, 39.7631988525, 42.5169563293, 35.564491272, 36.0170097351, 26.2794971466, 31.0331840515, 27.6512088776, 25.0190753937, 22.3902187347, 16.8523578644, 17.3733386993, 13.8646621704, 15.1705780029, 13.3395166397, 11.5199575424, 10.8077163696, 8.79147052765, 6.45113134384, 7.45532655716, 5.2599697113, 5.44224739075, 3.50119376183, 2.23998618126, 1.0322022438, 0.351170301437, 0.0933984965086, 0.0226907841861, 0.00181538460311, 4.245362652e-05],
        "dvar": [0.0628233030438, 5.95634031296, 44.3528709412, 142.913726807, 175.063095093, 98.619140625, 135.186950684, 669.998352051, 1364.1817627, 1231.1986084, 326.467773438, 3555.90258789, 2994.76757812, 3212.91040039, 2157.04248047, 1299.26171875, 1014.05871582, 1015.89306641, 685.75177002, 663.583679199, 327.318572998, 616.716003418, 325.705505371, 379.436920166, 213.48890686, 243.442779541, 669.52923584, 176.244110107, 119.051834106, 206.165817261, 82.4268341064, 91.3126983643, 29.7718486786, 11.420176506, 2.76044869423, 0.355158478022, 0.0232244487852, 0.00169153755996, 1.36870385177e-05, 4.32041913356e-09],
        "dvar2": [0.114171348512, 14.8810653687, 126.587402344, 412.687438965, 496.934234619, 266.781951904, 316.262481689, 1594.45263672, 3517.73828125, 3203.51611328, 853.687316895, 7737.07861328, 5818.20947266, 7346.67431641, 5203.08203125, 2627.43408203, 2438.95263672, 2355.32446289, 1651.36853027, 1610.63549805, 828.699584961, 1403.40246582, 748.589294434, 811.372253418, 494.649383545, 505.988739014, 1375.5958252, 417.342498779, 282.285095215, 495.677947998, 180.697463989, 213.758255005, 71.4642105103, 27.1895923615, 6.26607465744, 0.798123061657, 0.0489041954279, 0.00416078418493, 3.72663416783e-05, 1.11153992677e-08],
        "max": [2.54332637787, 23.5341739655, 61.260761261, 100.764221191, 169.97102356, 120.681640625, 207.670196533, 538.034667969, 564.975402832, 799.162841797, 470.025299072, 1318.77282715, 1380.90930176, 1100.01428223, 820.228393555, 1286.08496094, 442.883392334, 612.365600586, 424.918060303, 580.193908691, 308.98260498, 596.321716309, 409.775634766, 470.709381104, 199.204269409, 378.539337158, 1125.36193848, 253.700958252, 133.947631836, 187.352981567, 127.507492065, 124.252998352, 78.0225219727, 46.1817131042, 28.4510917664, 12.0101184845, 2.7265431881, 0.515506088734, 0.0485750958323, 0.000836790946778],
        "mean": [0.220468133688, 1.97450709343, 3.30225467682, 6.54487276077, 6.91638994217, 7.42177343369, 15.1647205353, 32.1782608032, 38.0326957703, 22.8081951141, 13.4765949249, 47.8612709045, 56.8199272156, 39.8981781006, 40.8500862122, 30.9291801453, 30.0634002686, 27.7862758636, 28.7971019745, 24.5309123993, 18.1042003632, 19.8607368469, 16.6401367188, 17.1116790771, 16.4365844727, 15.0936059952, 14.2258710861, 8.91028690338, 5.96885251999, 6.35840368271, 4.83521413803, 4.72970867157, 3.356528759, 2.13110923767, 0.963720798492, 0.330083191395, 0.0920786634088, 0.0179932136089, 0.00100789417047, 5.99609993515e-05],
        "median": [0.0518550723791, 0.576200962067, 1.02142083645, 2.19747948647, 2.67008829117, 3.48164367676, 7.78766441345, 18.9478607178, 19.6604957581, 9.14831447601, 6.98793983459, 16.5078735352, 23.1966991425, 13.7569665909, 15.1298160553, 13.1994361877, 14.4913711548, 12.0131015778, 13.077378273, 11.5773487091, 8.92459392548, 8.14826011658, 6.37604808807, 7.00938224792, 8.73872375488, 6.7349281311, 5.25234222412, 3.73541760445, 1.58803486824, 1.05206608772, 0.830460786819, 1.16457366943, 1.20987343788, 0.834080159664, 0.353036642075, 0.0951832532883, 0.0228094011545, 0.00344224693254, 0.000124235113617, 4.17986884713e-05],
        "min": [5.53382958896e-23, 3.43235449833e-22, 1.574741759e-21, 4.48400433288e-21, 9.94327157162e-21, 2.06775394508e-20, 4.98896570432e-20, 2.20673515139e-20, 1.09727498659e-19, 1.5539243089e-19, 2.09692611728e-19, 2.7928553971e-19, 4.44612577777e-19, 8.6261423826e-19, 9.44627438236e-19, 1.01452254564e-18, 1.37323955123e-18, 1.94997365575e-18, 2.23005845872e-18, 3.00796888527e-18, 2.52810321395e-18, 3.81154858738e-18, 4.92687012169e-18, 5.26269097473e-18, 7.0323578685e-18, 6.7260603323e-18, 8.54530098736e-18, 1.07744857366e-17, 9.10041693336e-18, 1.07751640247e-17, 9.67630586609e-18, 1.11117802119e-17, 9.03566523501e-18, 7.88514302973e-18, 6.22721210669e-18, 3.89864863793e-18, 1.99302261637e-18, 9.65016716552e-19, 2.45517157822e-19, 2.59006147168e-20],
        "var": [0.169708848, 9.31277370453, 37.3400421143, 139.376358032, 157.557434082, 113.026298523, 408.121887207, 1684.75537109, 2604.55859375, 1735.11523438, 434.217437744, 7895.34326172, 8729.27050781, 6747.49414062, 5692.92529297, 3809.54785156, 1843.50708008, 1985.26599121, 1672.80847168, 1441.0567627, 663.78137207, 1270.34521484, 1050.90222168, 1011.37121582, 481.414672852, 713.994812012, 1591.45654297, 252.018859863, 152.306747437, 237.41708374, 114.515960693, 113.480911255, 39.5973014832, 15.2242717743, 3.73967838287, 0.476758778095, 0.0355986170471, 0.00185800984036, 1.04190648926e-05, 5.3439404013e-09]
    },
    "gfcc": {
        "mean": [-23.4148006439, 86.5614929199, -113.998779297, 15.9624538422, -61.4884986877, 11.5321569443, -39.5141410828, 9.24711513519, -29.9915504456, 6.59378910065, -12.7997055054, -1.1321451664, -6.00878334045],
        "cov": [[41275.6523438, -380.286499023, -714.778686523, 3481.52758789, -1395.07348633, 1162.67651367, -932.923095703, 1158.42004395, -933.25201416, 373.08480835, -822.143859863, 138.442947388, -236.293899536], [-380.286499023, 1837.21887207, -467.1171875, -375.40814209, 17.090959549, -360.253173828, 34.3825759888, -286.169006348, 22.3198623657, -123.649032593, 163.047729492, -136.389709473, 35.759098053], [-714.778686523, -467.1171875, 1191.53039551, 516.696044922, 235.23348999, 345.315216064, 182.857696533, 173.055328369, 113.565788269, 66.8041000366, -0.370621234179, 58.7201194763, -4.60901546478], [3481.52758789, -375.40814209, 516.696044922, 1016.93713379, 120.350662231, 300.411804199, 71.7786178589, 240.815505981, 7.0858631134, 63.8971977234, -78.448097229, 37.1660690308, -1.75872969627], [-1395.07348633, 17.090959549, 235.23348999, 120.350662231, 398.546783447, 175.744842529, 199.532501221, 53.9407806396, 98.8544311523, 61.4973144531, 67.8428421021, 24.8856945038, 36.9328918457], [1162.67651367, -360.253173828, 345.315216064, 300.411804199, 175.744842529, 523.64642334, 171.000015259, 164.617919922, 66.4714431763, 104.95866394, -12.305680275, 56.3617210388, 2.44092082977], [-932.923095703, 34.3825759888, 182.857696533, 71.7786178589, 199.532501221, 171.000015259, 265.047302246, 72.3253326416, 90.9080352783, 59.1117134094, 56.2676277161, 14.2817745209, 43.6081809998], [1158.42004395, -286.169006348, 173.055328369, 240.815505981, 53.9407806396, 164.617919922, 72.3253326416, 270.566650391, 40.2001571655, 71.6523284912, -11.166891098, 46.5404014587, 46.7059440613], [-933.25201416, 22.3198623657, 113.565788269, 7.0858631134, 98.8544311523, 66.4714431763, 90.9080352783, 40.2001571655, 220.563095093, 40.7458953857, 60.8842849731, 51.4031028748, -12.489771843], [373.08480835, -123.649032593, 66.8041000366, 63.8971977234, 61.4973144531, 104.95866394, 59.1117134094, 71.6523284912, 40.7458953857, 157.785675049, 44.8086433411, 38.3598976135, 40.8095359802], [-822.143859863, 163.047729492, -0.370621234179, -78.448097229, 67.8428421021, -12.305680275, 56.2676277161, -11.166891098, 60.8842849731, 44.8086433411, 146.20526123, 38.8808326721, 19.6949653625], [138.442947388, -136.389709473, 58.7201194763, 37.1660690308, 24.8856945038, 56.3617210388, 14.2817745209, 46.5404014587, 51.4031028748, 38.3598976135, 38.8808326721, 103.608100891, 2.86523914337], [-236.293899536, 35.759098053, -4.60901546478, -1.75872969627, 36.9328918457, 2.44092082977, 43.6081809998, 46.7059440613, -12.489771843, 40.8095359802, 19.6949653625, 2.86523914337, 138.259262085]],
        "icov": [[0.000157123111421, -0.000350584217813, 0.000240901077632, -0.000511037767865, 0.000495477230288, -0.000461770890979, 0.000429938168963, -0.000545822491404, 0.000546476687305, -0.000621877668891, 0.000581453437917, -0.000578018720262, 0.000447389815236], [-0.000350584217813, 0.00180274876766, -0.000246256182436, 0.000970010645688, -0.00111658126116, 0.00129435223062, -0.00132284488063, 0.0018676596228, -0.00159264425747, 0.00207919627428, -0.00265477085486, 0.00259691104293, -0.00143279600888], [0.000240901077632, -0.000246256182436, 0.00173286057543, -0.00131641805638, 0.000477007881273, -0.000988155603409, 0.000292857701425, -0.000695642898791, 0.000440669740783, -0.000562802073546, 0.000536527077202, -0.000691624067258, 0.000692913075909], [-0.000511037767865, 0.000970010645688, -0.00131641805638, 0.00332089397125, -0.00190489459783, 0.00116537534632, -0.0010333082173, 0.000646310858428, -0.00136420829222, 0.00176076963544, -0.00100774818566, 0.00162279175129, -0.00106309552211], [0.000495477230288, -0.00111658126116, 0.000477007881273, -0.00190489459783, 0.00605612015352, -0.00198494666256, -0.00107029092032, -0.00111054675654, 0.00111303129233, -0.00196070107631, 0.000808281183708, -0.00160063814837, 0.000854598125443], [-0.000461770890979, 0.00129435223062, -0.000988155603409, 0.00116537534632, -0.00198494666256, 0.00512410560623, -0.00302798952907, 0.0009718137444, -0.00133286195341, 0.000492308055982, -0.000610283808783, 0.000848612049595, -0.000271919619991], [0.000429938168963, -0.00132284488063, 0.000292857701425, -0.0010333082173, -0.00107029092032, -0.00302798952907, 0.0093053188175, -0.00244145444594, 2.95784138871e-05, -0.00178482255433, 0.000342799321515, 0.000130644548335, -0.000219357039896], [-0.000545822491404, 0.0018676596228, -0.000695642898791, 0.000646310858428, -0.00111054675654, 0.0009718137444, -0.00244145444594, 0.00855495594442, -0.00279502430931, 0.00149876915384, -0.0017167046899, 0.00116171047557, -0.00374569930136], [0.000546476687305, -0.00159264425747, 0.000440669740783, -0.00136420829222, 0.00111303129233, -0.00133286195341, 2.95784138871e-05, -0.00279502430931, 0.00869337935001, -0.00284429057501, 0.00129467819352, -0.00472178915516, 0.00354258832522], [-0.000621877668891, 0.00207919627428, -0.000562802073546, 0.00176076963544, -0.00196070107631, 0.000492308055982, -0.00178482255433, 0.00149876915384, -0.00284429057501, 0.0122937280685, -0.00571714947, 0.00215077283792, -0.00414104992524], [0.000581453437917, -0.00265477085486, 0.000536527077202, -0.00100774818566, 0.000808281183708, -0.000610283808783, 0.000342799321515, -0.0017167046899, 0.00129467819352, -0.00571714947, 0.0148010365665, -0.00748237455264, 0.00180322758388], [-0.000578018720262, 0.00259691104293, -0.000691624067258, 0.00162279175129, -0.00160063814837, 0.000848612049595, 0.000130644548335, 0.00116171047557, -0.00472178915516, 0.00215077283792, -0.00748237455264, 0.0174461547285, -0.00204007094726], [0.000447389815236, -0.00143279600888, 0.000692913075909, -0.00106309552211, 0.000854598125443, -0.000271919619991, -0.000219357039896, -0.00374569930136, 0.00354258832522, -0.00414104992524, 0.00180322758388, -0.00204007094726, 0.010816341266]]
    },
    "melbands": {
        "dmean": [0.0010174944764, 0.00120768614579, 0.000867391354404, 0.000366365740774, 0.000225789495744, 0.000336984841852, 0.00029994387296, 0.000148061051732, 6.12181320321e-05, 0.000176833127625, 0.00014683851623, 9.99575277092e-05, 7.9730321886e-05, 4.51173000329e-05, 5.09893507115e-05, 4.66613819299e-05, 3.40847727784e-05, 2.96756406897e-05, 1.7057021978e-05, 2.52675763477e-05, 1.07286659841e-05, 1.40998909046e-05, 7.42119027564e-06, 8.00701855042e-06, 8.59628016769e-06, 7.01718090568e-06, 7.21627475286e-06, 5.31088880962e-06, 5.0174221542e-06, 4.34222783952e-06, 3.18246975439e-06, 2.43881186179e-06, 2.65903940999e-06, 2.81184497908e-06, 2.08811229641e-06, 2.0154025151e-06, 2.33000082517e-06, 1.66887468822e-06, 1.46629872688e-06, 1.23813254049e-06],
        "dmean2": [0.00152876821812, 0.00201237853616, 0.00151540071238, 0.000638533208985, 0.000354590476491, 0.000532913662028, 0.000486450677272, 0.00023837806657, 9.77758609224e-05, 0.000267385359621, 0.000218599263462, 0.000154227236635, 0.000124933198094, 6.82933896314e-05, 7.94002698967e-05, 7.52133782953e-05, 5.44246358913e-05, 4.65457851533e-05, 2.72032884823e-05, 4.1425893869e-05, 1.73996013473e-05, 2.19645244215e-05, 1.18872867461e-05, 1.287528994e-05, 1.36109738378e-05, 1.10151886474e-05, 1.13616306407e-05, 8.09477023722e-06, 7.37408345231e-06, 6.67795211484e-06, 4.98664257975e-06, 3.71661303689e-06, 4.20411743107e-06, 4.24251084041e-06, 3.19470268551e-06, 3.09890424433e-06, 3.58067927664e-06, 2.54180781667e-06, 2.29516058425e-06, 1.89535944628e-06],
        "dvar": [5.45691591469e-06, 9.43151735555e-06, 4.12748750023e-06, 6.88183035891e-07, 1.3951661515e-07, 2.93460090006e-07, 2.54222271678e-07, 1.44118175172e-07, 2.0028531722e-08, 1.62386442071e-07, 8.09228879461e-08, 5.60221451451e-08, 2.69473492409e-08, 7.06759939462e-09, 1.0709816145e-08, 6.98038338243e-09, 4.50902248872e-09, 2.67841726576e-09, 1.42786604762e-09, 2.47483211702e-09, 5.39829403401e-10, 1.02175268246e-09, 2.04992384178e-10, 3.39825334539e-10, 3.29687388501e-10, 1.70705616309e-10, 1.94671626041e-10, 1.26148896884e-10, 2.60336169289e-10, 1.59670721089e-10, 5.64830335281e-11, 3.67313228444e-11, 5.66890735743e-11, 6.54775400566e-11, 3.09430571444e-11, 2.72650322458e-11, 3.86978851741e-11, 1.57033969161e-11, 1.21921066992e-11, 7.96501059552e-12],
        "dvar2": [1.15551738418e-05, 2.54097358265e-05, 1.20440399769e-05, 1.89939225947e-06, 3.38781973142e-07, 7.11386462626e-07, 6.46410626359e-07, 3.75131662622e-07, 5.05574213605e-08, 3.55655316753e-07, 1.58373282488e-07, 1.303938717e-07, 6.59690897464e-08, 1.49675951633e-08, 2.22216822721e-08, 1.70076344119e-08, 1.02370902866e-08, 6.31382279792e-09, 3.60777274722e-09, 6.27173379897e-09, 1.29013411065e-09, 2.32838948122e-09, 4.94796204009e-10, 7.9417850074e-10, 7.12590209062e-10, 4.09433181803e-10, 4.43326070299e-10, 2.67432631595e-10, 5.03424191223e-10, 3.71045333347e-10, 1.39586897596e-10, 8.48177708623e-11, 1.4563084072e-10, 1.52810097909e-10, 6.88961804274e-11, 6.41344755081e-11, 9.02943136927e-11, 3.73766677331e-11, 3.06814990081e-11, 1.87989328965e-11],
        "max": [0.0221297442913, 0.0299253035337, 0.0172402150929, 0.010835500434, 0.00603616517037, 0.0103990612552, 0.00727350544184, 0.00932360813022, 0.00322383525781, 0.00865819212049, 0.00682172039524, 0.00403881026432, 0.0028723324649, 0.00256768520921, 0.00275753554888, 0.00151734193787, 0.00126307457685, 0.00099042407237, 0.00120678276289, 0.00114904379006, 0.000506138138007, 0.000621370214503, 0.000251641497016, 0.000533385958988, 0.000441907759523, 0.00025928588002, 0.000291578879114, 0.000309907016344, 0.000600451603532, 0.000436660280684, 0.000104208040284, 7.06186474417e-05, 0.000100998717244, 0.000120150194562, 8.98635407793e-05, 7.89391197031e-05, 7.83699506428e-05, 6.48932764307e-05, 4.00147000619e-05, 4.12630943174e-05],
        "mean": [0.00222530588508, 0.00215296423994, 0.00114921398927, 0.000481314142235, 0.000511114427354, 0.00072588637704, 0.000528308795765, 0.000229231416597, 0.000101331206679, 0.000317083467962, 0.00028182278038, 0.000164601427969, 0.000134686837555, 7.91574639152e-05, 8.20281129563e-05, 6.25875109108e-05, 5.15401443408e-05, 5.04841118527e-05, 2.79098567262e-05, 3.91034882341e-05, 1.65277542692e-05, 2.3156442694e-05, 1.3172778381e-05, 1.4291055777e-05, 1.38084133141e-05, 1.19056885524e-05, 1.24514381241e-05, 9.62902686297e-06, 9.25244876271e-06, 7.16390695743e-06, 4.4530879677e-06, 3.31058572556e-06, 3.35926256412e-06, 3.54521102963e-06, 2.77946219285e-06, 2.63711331172e-06, 3.00785814034e-06, 2.3931756914e-06, 2.05364540307e-06, 1.73441549123e-06],
        "median": [0.000608649570495, 0.000785773503594, 0.000433512555901, 0.000228230346693, 0.000282418943243, 0.000451762462035, 0.000279659696389, 7.17301518307e-05, 4.80351227452e-05, 0.000103839513031, 0.000103999591374, 4.66437268187e-05, 4.26750521001e-05, 3.35538134095e-05, 3.11564872391e-05, 2.22503840632e-05, 1.71495048562e-05, 1.95813772734e-05, 1.10855853563e-05, 1.53620712808e-05, 7.13521512807e-06, 8.98974394659e-06, 5.34654373041e-06, 4.88565501655e-06, 5.12994301971e-06, 5.60815260542e-06, 5.39281381862e-06, 3.82142661692e-06, 3.19145237881e-06, 2.75047159448e-06, 1.67978532772e-06, 8.47072897159e-07, 6.18937292529e-07, 5.2230620895e-07, 4.31789601407e-07, 5.41300607892e-07, 7.41362782719e-07, 8.20540719815e-07, 7.58494138609e-07, 6.60376599626e-07],
        "min": [6.08904180585e-25, 7.52582276874e-25, 1.74294714932e-24, 1.8173499461e-24, 1.72361769056e-24, 4.3157574327e-25, 1.6265824744e-24, 2.03630440402e-24, 1.60134109481e-24, 1.67231195222e-24, 1.92771967257e-24, 2.77878107687e-24, 2.92379402442e-24, 2.57094009139e-24, 1.93709705936e-24, 2.62481337476e-24, 2.27215172657e-24, 3.00377091236e-24, 2.74482455921e-24, 3.21366372506e-24, 2.83161385271e-24, 3.16856632204e-24, 3.21511937064e-24, 3.69401394924e-24, 2.68898287066e-24, 3.22298411665e-24, 4.71417557719e-24, 3.90497626011e-24, 4.26128343175e-24, 4.38877242593e-24, 5.2739327373e-24, 4.33549946571e-24, 4.89336375408e-24, 4.93585298573e-24, 5.14414815788e-24, 5.58605738736e-24, 5.85340668688e-24, 5.44492701598e-24, 5.82184081219e-24, 5.54975164192e-24],
        "var": [1.25863498397e-05, 1.14342301458e-05, 3.85359089705e-06, 6.18630394911e-07, 3.98989357109e-07, 7.31366810669e-07, 4.84330200834e-07, 2.0288872804e-07, 2.8911848915e-08, 3.56818048886e-07, 2.32300394032e-07, 1.15423866021e-07, 6.2143193702e-08, 1.96590459467e-08, 2.76694436252e-08, 1.15209140006e-08, 9.16496745162e-09, 6.33106544967e-09, 2.5649602442e-09, 4.68755967376e-09, 8.83708772825e-10, 2.00285632523e-09, 4.7635539957e-10, 1.07199371602e-09, 7.67932106793e-10, 3.43277545278e-10, 4.04797251274e-10, 3.68491348546e-10, 7.32571281414e-10, 2.73014805208e-10, 6.88850296249e-11, 4.8617929127e-11, 6.06617256427e-11, 7.73771671736e-11, 4.06353596605e-11, 3.41167545603e-11, 4.78781216062e-11, 2.08239710198e-11, 1.48712413911e-11, 1.05014365259e-11]
    },
    "mfcc": {
        "mean": [-651.950439453, 117.746536255, 2.80683064461, 10.7293968201, -0.233722448349, -2.34750151634, 5.41454744339, -6.6433596611, -2.08154845238, -1.40653657913, -6.05582952499, -1.64515399933, -1.76777374744],
        "cov": [[14994.2626953, -27.1312294006, 447.910003662, 840.321838379, 630.106811523, 454.990875244, 375.760772705, 487.105010986, 441.794708252, 403.967498779, -1.97955858707, 40.0165252686, 15.7239990234], [-27.1312294006, 1692.33007812, -241.584075928, -25.312128067, -97.3049926758, -74.1220550537, 23.7661132812, -164.445739746, -127.284416199, -76.3088378906, -33.0621337891, -45.6347503662, -9.15565872192], [447.910003662, -241.584075928, 729.677062988, 99.9905700684, 172.609863281, 202.920211792, 84.6425323486, 165.888076782, 90.2995910645, 111.114479065, 84.6500854492, 51.7735519409, 41.8444900513], [840.321838379, -25.312128067, 99.9905700684, 376.847259521, 151.808364868, 69.1812667847, 99.0848617554, 87.3076095581, 96.5673217773, 59.8599510193, 14.875658989, 56.0146179199, 28.3014202118], [630.106811523, -97.3049926758, 172.609863281, 151.808364868, 264.491455078, 141.834838867, 105.706192017, 118.405296326, 83.9358215332, 86.7430267334, 37.6063499451, 44.5008010864, 39.2926368713], [454.990875244, -74.1220550537, 202.920211792, 69.1812667847, 141.834838867, 363.213928223, 109.25933075, 133.958236694, 61.4730834961, 134.488632202, 69.5265731812, 17.565776825, 76.4247817993], [375.760772705, 23.7661132812, 84.6425323486, 99.0848617554, 105.706192017, 109.25933075, 282.722045898, 50.1387214661, 107.270881653, 88.4722595215, -12.1495275497, 35.9022674561, 34.379573822], [487.105010986, -164.445739746, 165.888076782, 87.3076095581, 118.405296326, 133.958236694, 50.1387214661, 233.542709351, 70.1771621704, 84.2733078003, 74.2587509155, 33.553062439, 40.0802726746], [441.794708252, -127.284416199, 90.2995910645, 96.5673217773, 83.9358215332, 61.4730834961, 107.270881653, 70.1771621704, 198.617370605, 101.876014709, -6.79359817505, 22.6243000031, 25.7369041443], [403.967498779, -76.3088378906, 111.114479065, 59.8599510193, 86.7430267334, 134.488632202, 88.4722595215, 84.2733078003, 101.876014709, 168.66986084, 48.9607048035, 30.4310779572, 55.2618713379], [-1.97955858707, -33.0621337891, 84.6500854492, 14.875658989, 37.6063499451, 69.5265731812, -12.1495275497, 74.2587509155, -6.79359817505, 48.9607048035, 135.780426025, 43.0156517029, 28.6388721466], [40.0165252686, -45.6347503662, 51.7735519409, 56.0146179199, 44.5008010864, 17.565776825, 35.9022674561, 33.553062439, 22.6243000031, 30.4310779572, 43.0156517029, 114.192306519, 57.3295822144], [15.7239990234, -9.15565872192, 41.8444900513, 28.3014202118, 39.2926368713, 76.4247817993, 34.379573822, 40.0802726746, 25.7369041443, 55.2618713379, 28.6388721466, 57.3295822144, 123.973884583]],
