{
"lowlevel": {
    "average_loudness": 0.829327702522,
    "barkbands_crest": {
        "dmean": 2.59572792053,
        "dmean2": 4.08462238312,
        "dvar": 6.61793088913,
        "dvar2": 15.8314552307,
        "max": 25.8696308136,
        "mean": 9.89579486847,
        "median": 8.83314323425,
        "min": 2.62391972542,
        "var": 20.0763282776
    },
    "barkbands_flatness_db": {
        "dmean": 0.0220130700618,
        "dmean2": 0.0327676646411,
        "dvar": 0.000532301142812,
        "dvar2": 0.00124231888913,
        "max": 0.426968872547,
        "mean": 0.12776863575,
        "median": 0.119341179729,
        "min": 0.0217141099274,
        "var": 0.00303851207718
    },
    "barkbands_kurtosis": {
        "dmean": 3.20282030106,
        "dmean2": 5.0598783493,
        "dvar": 53.3876342773,
        "dvar2": 122.761871338,
        "max": 253.479675293,
        "mean": 4.76864480972,
        "median": 2.16760444641,
        "min": -1.93281006813,
        "var": 96.6250762939
    },
    "barkbands_skewness": {
        "dmean": 0.526252985001,
        "dmean2": 0.79803442955,
        "dvar": 0.416635155678,
        "dvar2": 0.936529874802,
        "max": 14.3849630356,
        "mean": 1.5410040617,
        "median": 1.36047720909,
        "min": -4.22052097321,
        "var": 1.50051867962
    },
    "barkbands_spread": {
        "dmean": 6.1594748497,
        "dmean2": 8.99315261841,
        "dvar": 67.9791412354,
        "dvar2": 132.277816772,
        "max": 111.011749268,
        "mean": 21.1138629913,
        "median": 17.7233257294,
        "min": 0.505121648312,
        "var": 218.363449097
    },
    "dissonance": {
        "dmean": 0.0219135340303,
        "dmean2": 0.0364912711084,
        "dvar": 0.000413886096794,
        "dvar2": 0.00108578801155,
        "max": 0.500000059605,
        "mean": 0.455512017012,
        "median": 0.461697638035,
        "min": 0.232788234949,
        "var": 0.00100430171005
    },
    "dynamic_complexity": 4.02229070663,
    "erbbands_crest": {
        "dmean": 2.75404191017,
        "dmean2": 4.41350126266,
        "dvar": 6.56599473953,
        "dvar2": 16.0554656982,
        "max": 29.8575935364,
        "mean": 8.97796344757,
        "median": 8.03156471252,
        "min": 2.15411925316,
        "var": 18.1401081085
    },
    "erbbands_flatness_db": {
        "dmean": 0.0180848129094,
        "dmean2": 0.0257609598339,
        "dvar": 0.000334189709974,
        "dvar2": 0.000624120468274,
        "max": 0.415274441242,
        "mean": 0.152629777789,
        "median": 0.145077809691,
        "min": 0.0466571338475,
        "var": 0.00265846750699
    },
    "erbbands_kurtosis": {
        "dmean": 1.23966789246,
        "dmean2": 1.92886066437,
        "dvar": 3.76290655136,
        "dvar2": 8.96832466125,
        "max": 38.5254135132,
        "mean": 1.15587306023,
        "median": 0.251917004585,
        "min": -1.86165320873,
        "var": 8.73502826691
    },
    "erbbands_skewness": {
        "dmean": 0.397382348776,
        "dmean2": 0.597493827343,
        "dvar": 0.153139144182,
        "dvar2": 0.333796054125,
        "max": 4.92932891846,
        "mean": 0.650114953518,
        "median": 0.613840222359,
        "min": -4.37592554092,
        "var": 0.675190806389
    },
    "erbbands_spread": {
        "dmean": 8.56190490723,
        "dmean2": 12.5756025314,
        "dvar": 112.237030029,
        "dvar2": 220.437332153,
        "max": 150.507156372,
        "mean": 35.2479820251,
        "median": 31.507598877,
        "min": 1.95274460316,
        "var": 366.463378906
    },
    "hfc": {
        "dmean": 9.04901027679,
        "dmean2": 13.5256061554,
        "dvar": 243.082260132,
        "dvar2": 546.397766113,
        "max": 243.488220215,
        "mean": 26.9029464722,
        "median": 21.4459495544,
        "min": 1.08034221688e-16,
        "var": 639.683959961
    },
    "melbands_crest": {
        "dmean": 3.09037137032,
        "dmean2": 4.72246980667,
        "dvar": 8.99544525146,
        "dvar2": 20.6849193573,
        "max": 36.6764221191,
        "mean": 13.3539333344,
        "median": 11.4335365295,
        "min": 1.61822223663,
        "var": 41.7936058044
    },
    "melbands_flatness_db": {
        "dmean": 0.0259737819433,
        "dmean2": 0.038016770035,
        "dvar": 0.000801020127255,
        "dvar2": 0.00184275279753,
        "max": 0.56106364727,
        "mean": 0.190202131867,
        "median": 0.183107465506,
        "min": 0.0036711008288,
        "var": 0.0047120898962
    },
    "melbands_kurtosis": {
        "dmean": 6.36871337891,
        "dmean2": 10.0409975052,
        "dvar": 214.883132935,
        "dvar2": 512.627746582,
        "max": 465.410125732,
        "mean": 11.288359642,
        "median": 6.29974651337,
        "min": -1.91239881516,
        "var": 361.239196777
    },
    "melbands_skewness": {
        "dmean": 0.663990080357,
        "dmean2": 1.00211417675,
        "dvar": 0.733976900578,
        "dvar2": 1.65904760361,
        "max": 16.0955257416,
        "mean": 2.26449656487,
        "median": 2.00042533875,
        "min": -1.61475980282,
        "var": 2.32422447205
    },
    "melbands_spread": {
        "dmean": 6.46980857849,
        "dmean2": 9.84515094757,
        "dvar": 96.7901382446,
        "dvar2": 198.187652588,
        "max": 243.071807861,
        "mean": 22.8182621002,
        "median": 18.8109130859,
        "min": 0.46725949645,
        "var": 356.344085693
    },
    "pitch_salience": {
        "dmean": 0.0708893537521,
        "dmean2": 0.112064220011,
        "dvar": 0.00508730998263,
        "dvar2": 0.0124123906717,
        "max": 0.919014036655,
        "mean": 0.565437674522,
        "median": 0.583102941513,
        "min": 0.0678873732686,
        "var": 0.016437638551
    },
    "silence_rate_20dB": {
        "dmean": 0,
        "dmean2": 0,
        "dvar": 0,
        "dvar2": 0,
        "max": 1,
        "mean": 1,
        "median": 1,
        "min": 1,
        "var": 0
    },
    "silence_rate_30dB": {
        "dmean": 0.0281630493701,
        "dmean2": 0.0563320629299,
        "dvar": 0.0273701474071,
        "dvar2": 0.063535772264,
        "max": 1,
        "mean": 0.974910020828,
        "median": 1,
        "min": 0,
        "var": 0.0244590360671
    },
    "silence_rate_60dB": {
        "dmean": 0.00847009010613,
        "dmean2": 0.0169419739395,
        "dvar": 0.0083975000307,
        "dvar2": 0.0179280154407,
        "max": 1,
        "mean": 0.091361425817,
        "median": 0,
        "min": 0,
        "var": 0.083024084568
    },
    "spectral_centroid": {
        "dmean": 232.275222778,
        "dmean2": 342.990722656,
        "dvar": 92304.90625,
        "dvar2": 174531.171875,
        "max": 11519.0234375,
        "mean": 1271.71850586,
        "median": 1117.36499023,
        "min": 206.410140991,
        "var": 919461.8125
    },
    "spectral_complexity": {
        "dmean": 3.51275801659,
        "dmean2": 5.24798822403,
        "dvar": 15.159702301,
        "dvar2": 29.2929763794,
        "max": 58,
        "mean": 19.9041919708,
        "median": 20,
        "min": 0,
        "var": 113.160858154
    },
    "spectral_decrease": {
        "dmean": 1.89876980805e-09,
        "dmean2": 2.76907230479e-09,
        "dvar": 9.39655172856e-18,
        "dvar2": 1.95725689832e-17,
        "max": 2.28518497175e-28,
        "mean": -8.2042923566e-09,
        "median": -6.36340224958e-09,
        "min": -4.19044425826e-08,
        "var": 4.86237245051e-17
    },
    "spectral_energy": {
        "dmean": 0.00759447878227,
        "dmean2": 0.0110787935555,
        "dvar": 0.000137566006742,
        "dvar2": 0.000287172966637,
        "max": 0.159847915173,
        "mean": 0.0334051661193,
        "median": 0.0263393260539,
        "min": 1.01616997599e-20,
        "var": 0.000752675288823
    },
    "spectral_energyband_high": {
        "dmean": 0.000723989680409,
        "dmean2": 0.00106888299342,
        "dvar": 2.76923674392e-06,
        "dvar2": 5.91890920987e-06,
        "max": 0.0304679702967,
        "mean": 0.00123140204232,
        "median": 0.000467879290227,
        "min": 7.25073001531e-21,
        "var": 5.18573688169e-06
    },
    "spectral_energyband_low": {
        "dmean": 0.00457912217826,
        "dmean2": 0.00671264668927,
        "dvar": 0.000168428799952,
        "dvar2": 0.000355524098268,
        "max": 0.153432428837,
        "mean": 0.0118549568579,
        "median": 0.00280413217843,
        "min": 1.21450043074e-23,
        "var": 0.000461780349724
    },
    "spectral_energyband_middle_high": {
        "dmean": 0.00228525884449,
        "dmean2": 0.00343212974258,
        "dvar": 1.10357959784e-05,
        "dvar2": 2.43327358476e-05,
        "max": 0.0902666673064,
        "mean": 0.00645594438538,
        "median": 0.0044521978125,
        "min": 1.19465297435e-21,
        "var": 4.55330227851e-05
    },
    "spectral_energyband_middle_low": {
        "dmean": 0.00441117491573,
        "dmean2": 0.00671399338171,
        "dvar": 3.23432068399e-05,
        "dvar2": 7.70989208831e-05,
        "max": 0.0701364725828,
        "mean": 0.0146960830316,
        "median": 0.0126927681267,
        "min": 1.89093303752e-22,
        "var": 0.000111964443931
    },
    "spectral_entropy": {
        "dmean": 0.182403624058,
        "dmean2": 0.259233593941,
        "dvar": 0.0416614674032,
        "dvar2": 0.0791336596012,
        "max": 9.81819534302,
        "mean": 7.60834121704,
        "median": 7.62250471115,
        "min": 5.32449626923,
        "var": 0.251814186573
    },
    "spectral_flux": {
        "dmean": 0.023436838761,
        "dmean2": 0.0353826470673,
        "dvar": 0.00106871500611,
        "dvar2": 0.00182686641347,
        "max": 0.374987572432,
        "mean": 0.082155674696,
        "median": 0.0741983950138,
        "min": 6.5281696715e-11,
        "var": 0.00290339044295
    },
    "spectral_kurtosis": {
        "dmean": 1.6403222084,
        "dmean2": 2.6172721386,
        "dvar": 5.61923122406,
        "dvar2": 14.7461996078,
        "max": 82.842338562,
        "mean": 5.0556344986,
        "median": 4.3091840744,
        "min": -1.47508466244,
        "var": 18.0548267365
    },
    "spectral_rms": {
        "dmean": 0.000612022005953,
        "dmean2": 0.00088029744802,
        "dvar": 5.36414631824e-07,
        "dvar2": 1.0672197277e-06,
        "max": 0.0124879609793,
        "mean": 0.00515511166304,
        "median": 0.00506921112537,
        "min": 3.14862719231e-12,
        "var": 6.01502324571e-06
    },
    "spectral_rolloff": {
        "dmean": 602.051757812,
        "dmean2": 985.021606445,
        "dvar": 1612866.125,
        "dvar2": 3260311,
        "max": 19401.4160156,
        "mean": 1668.48913574,
        "median": 990.52734375,
        "min": 21.533203125,
        "var": 5212524
    },
    "spectral_skewness": {
        "dmean": 0.227915778756,
        "dmean2": 0.347305774689,
        "dvar": 0.0664200931787,
        "dvar2": 0.144792169333,
        "max": 7.17898368835,
        "mean": 1.75355494022,
        "median": 1.71724736691,
        "min": -0.2904317379,
        "var": 0.29976862669
    },
    "spectral_spread": {
        "dmean": 680509.75,
        "dmean2": 943640.3125,
        "dvar": 1.00362020454e+12,
        "dvar2": 1.61566280909e+12,
        "max": 42193848,
        "mean": 5420757.5,
        "median": 4910789,
        "min": 1064456.375,
        "var": 1.18683032617e+13
    },
    "spectral_strongpeak": {
        "dmean": 0.588506162167,
        "dmean2": 0.965055525303,
        "dvar": 0.897256195545,
        "dvar2": 2.09290099144,
        "max": 16.9471759796,
        "mean": 1.16623687744,
        "median": 0.691670298576,
        "min": 0,
        "var": 1.63126671314
    },
    "zerocrossingrate": {
        "dmean": 0.0131865404546,
        "dmean2": 0.014490691945,
        "dvar": 0.000321253959555,
        "dvar2": 0.000333760195645,
        "max": 0.77685546875,
        "mean": 0.0680260658264,
        "median": 0.05419921875,
        "min": 0.00146484375,
        "var": 0.00328305340372
    },
    "barkbands": {
        "dmean": [0.00024741172092, 0.0039344872348, 0.00147196743637, 0.000786560587585, 0.00124857516494, 0.00138983805664, 0.00128443387803, 0.00113262841478, 0.0013927744003, 0.000876601494383, 0.000687713501975, 0.000528009259142, 0.000327664572978, 0.000360221951269, 0.000415154965594, 0.000382583530154, 0.000215057443711, 0.000203373914701, 0.000120456439618, 0.000127125196741, 0.000103756217868, 0.00010114286124, 0.00012069359218, 0.000189405531273, 0.000166613433976, 7.45001161704e-05, 1.11530789582e-05],
        "dmean2": [0.000328129564878, 0.00569785526022, 0.00259935366921, 0.00131772260647, 0.0019267332973, 0.00208611739799, 0.00191622192506, 0.00170455488842, 0.00212840689346, 0.00134377251379, 0.00106172612868, 0.000855872640386, 0.000539161148481, 0.000574831501581, 0.000673538888805, 0.000619024562184, 0.00034389164648, 0.000327066838508, 0.000189837199287, 0.000204199212021, 0.000162080381415, 0.000158146882313, 0.000184423886822, 0.000284644804196, 0.00025262447889, 0.000109909917228, 1.83794945769e-05],
        "dvar": [4.47574507234e-07, 0.000136159651447, 2.99258990708e-05, 4.56393354398e-06, 4.59007924292e-06, 4.28704379374e-06, 5.07273807671e-06, 7.35289177101e-06, 7.13502686267e-06, 3.88183025279e-06, 3.70886027667e-06, 1.27984856135e-06, 4.09291374126e-07, 5.93637651036e-07, 8.94468541901e-07, 9.4181973509e-07, 5.2593094324e-07, 1.3394428322e-07, 6.04164753781e-08, 7.44989492318e-08, 4.454613034e-08, 5.77794807555e-08, 9.63787343267e-08, 2.8852542755e-07, 2.06692746474e-07, 3.71025556944e-08, 1.29759036849e-09],
        "dvar2": [7.55490418669e-07, 0.00028554891469, 8.78878709045e-05, 1.31638462335e-05, 1.07070500235e-05, 9.43414852372e-06, 1.11538229248e-05, 1.53794862854e-05, 1.58327911777e-05, 7.91312504589e-06, 7.71906616137e-06, 3.31222872774e-06, 1.02471483387e-06, 1.42294459238e-06, 2.15671616388e-06, 2.32369075093e-06, 1.28481099182e-06, 3.4323582554e-07, 1.40301338547e-07, 1.93391457515e-07, 1.01137459296e-07, 1.25741536294e-07, 2.10753427154e-07, 6.38514620732e-07, 4.69294263894e-07, 7.82724782766e-08, 3.33345417936e-09],
        "max": [0.0112503701821, 0.146092236042, 0.0530660301447, 0.0293603427708, 0.0360963307321, 0.0494766421616, 0.0468717962503, 0.0596513077617, 0.0564356409013, 0.052990116179, 0.0685977786779, 0.0274602565914, 0.013509998098, 0.0186331365258, 0.0211235452443, 0.0282077994198, 0.0372969172895, 0.0084263831377, 0.00847058556974, 0.0084582073614, 0.00647290563211, 0.00839026086032, 0.00759149482474, 0.0172346215695, 0.0106900501996, 0.0051508708857, 0.000586981186643],
        "mean": [0.000536375446245, 0.00849817320704, 0.00210946542211, 0.00132486363873, 0.0027063456364, 0.00320154521614, 0.00270853354596, 0.00183768884744, 0.00264759175479, 0.00140749407001, 0.00101092550904, 0.000827024981845, 0.000503011688124, 0.000574841862544, 0.000666740175802, 0.000583322253078, 0.000327607762301, 0.000356150092557, 0.000221616603085, 0.000231563550187, 0.000174224973307, 0.000153384942678, 0.000174238404725, 0.00026697825524, 0.000233378625126, 0.000110672925075, 1.12621764856e-05],
        "median": [1.21870543808e-05, 0.000684325408656, 0.000581517699175, 0.000562680652365, 0.00159416801762, 0.0021387678571, 0.00139768386725, 0.000615574186668, 0.00126236258075, 0.000455990782939, 0.000345142674632, 0.000428033526987, 0.000249505799729, 0.000236123625655, 0.000227090204135, 0.000244462164119, 0.00015181551862, 0.000179883674718, 0.000111344634206, 0.000107860090793, 8.22632209747e-05, 5.03039627802e-05, 4.62440111733e-05, 6.84265542077e-05, 5.95430537942e-05, 2.53200014413e-05, 6.60130808683e-07],
        "min": [7.84217620629e-25, 2.08799767028e-24, 6.69896736409e-25, 7.13391962925e-25, 1.07296600479e-23, 5.13149758997e-24, 6.66381729988e-24, 7.5404673798e-24, 1.88898439331e-23, 1.52190863922e-23, 1.37671437199e-23, 1.63564534236e-23, 3.08930015834e-23, 3.15292873232e-23, 5.60895439068e-23, 5.62135339085e-23, 6.88913743142e-23, 1.11869412577e-22, 1.31400460008e-22, 1.22169285426e-22, 2.91007253839e-22, 3.24678159681e-22, 4.17108499696e-22, 5.01178100563e-22, 8.34220785924e-22, 1.33204381688e-21, 1.94721406005e-21],
        "var": [1.61793207099e-06, 0.000344080326613, 2.06738732231e-05, 4.71246630696e-06, 1.14498370749e-05, 1.41992859426e-05, 1.57965987455e-05, 1.45563835758e-05, 1.91856615857e-05, 9.4608631116e-06, 6.20120863459e-06, 1.80276401807e-06, 6.73635270232e-07, 1.11632039079e-06, 1.85592080015e-06, 1.62884418842e-06, 6.09586322753e-07, 2.69547797416e-07, 1.30267821419e-07, 1.62109543567e-07, 8.19736740709e-08, 1.04899648079e-07, 1.67528341422e-07, 4.64173353976e-07, 3.32163153871e-07, 7.20159931689e-08, 1.30942789944e-09]
    },
    "erbbands": {
        "dmean": [0.157573997974, 0.868397951126, 1.6738948822, 2.2374382019, 3.15063023567, 4.29858779907, 9.58997821808, 12.072725296, 13.5555229187, 21.2256736755, 26.9720783234, 24.3343257904, 32.8539886475, 32.154132843, 16.1971950531, 17.7110271454, 15.0265960693, 15.1780633926, 18.9232349396, 17.7856502533, 21.473733902, 12.4924373627, 10.7257862091, 8.02575492859, 6.10527467728, 4.96663665771, 4.43480157852, 3.81038212776, 3.65721321106, 3.76750469208, 3.53313302994, 3.76510763168, 3.12838602066, 2.13448095322, 1.04901540279, 0.415080398321, 0.124206408858, 0.0237410664558, 0.0016289827181, 3.48096546077e-05],
        "dmean2": [0.209301516414, 1.39528715611, 2.97006297112, 3.80824041367, 4.99765205383, 6.70543813705, 14.2755155563, 18.5369472504, 20.4932193756, 31.9026489258, 40.4489440918, 37.933380127, 49.916519165, 48.5508155823, 25.5446472168, 28.7751483917, 24.6574649811, 24.2132854462, 29.805891037, 28.131696701, 35.1025619507, 19.8069477081, 17.2723655701, 12.7581644058, 9.64508342743, 7.83302640915, 6.99867963791, 5.89973640442, 5.68908119202, 5.89651632309, 5.39118003845, 5.6597700119, 4.74974536896, 3.30485153198, 1.57002317905, 0.616110265255, 0.182961449027, 0.0361893996596, 0.00265133637004, 5.25199247932e-05],
        "dvar": [0.186560600996, 8.52724552155, 43.6709938049, 44.3996086121, 56.2136917114, 56.9539718628, 270.010803223, 327.289123535, 552.698059082, 1462.49060059, 3246.2121582, 2167.31762695, 4287.96875, 6548.04980469, 1262.6373291, 1380.21105957, 883.959533691, 854.164855957, 2079.67993164, 1534.55810547, 3008.14208984, 815.53302002, 422.984741211, 220.458648682, 171.571670532, 106.434585571, 68.5093917847, 81.3976135254, 74.2536697388, 91.1014404297, 86.2258682251, 122.874427795, 75.472984314, 33.4868431091, 8.87053012848, 1.34503805637, 0.095774628222, 0.0041589345783, 2.80856202153e-05, 7.30196170196e-09],
        "dvar2": [0.303753465414, 21.2057971954, 125.883010864, 129.198074341, 140.458709717, 133.537185669, 556.682739258, 768.17767334, 1270.83178711, 3117.91967773, 7149.43847656, 5176.07226562, 9186.22265625, 14017.7480469, 3053.20361328, 3566.96728516, 2229.53857422, 2056.78369141, 4921.39794922, 3430.19873047, 8098.30224609, 1966.8605957, 1085.85961914, 541.997436523, 401.200378418, 258.197998047, 160.202713013, 180.810577393, 160.84437561, 205.630096436, 190.993896484, 269.902038574, 172.852111816, 79.3684539795, 19.213842392, 2.96399641037, 0.197004973888, 0.00972186587751, 7.15132191544e-05, 1.76579870725e-08],
        "max": [6.78137588501, 32.8621330261, 69.7543640137, 90.9876327515, 112.286262512, 214.188690186, 425.832702637, 337.892974854, 527.698608398, 892.408569336, 1045.37316895, 823.185546875, 1339.03173828, 3155.0324707, 976.422546387, 848.129760742, 670.381225586, 719.425109863, 1191.30541992, 904.653625488, 1445.19689941, 858.149902344, 501.675140381, 340.238952637, 371.20199585, 282.696655273, 239.736190796, 330.205841064, 263.696929932, 284.81918335, 253.082214355, 470.003723145, 154.880584717, 99.7809295654, 84.6927871704, 33.9611244202, 8.28083324432, 1.02482163906, 0.108441956341, 0.00150935340207],
        "mean": [0.361722201109, 1.44254863262, 2.26958370209, 3.9097943306, 5.82953691483, 8.72381782532, 21.4162559509, 26.4679203033, 29.6116275787, 43.7212753296, 47.5074920654, 45.5919303894, 59.277557373, 53.2124176025, 27.3647232056, 29.4117221832, 25.2165737152, 26.5639629364, 32.5062866211, 29.9281864166, 33.7829551697, 20.8685436249, 19.2154922485, 15.1300430298, 11.5050678253, 9.63095569611, 7.98906707764, 6.07015657425, 5.60676860809, 5.36131811142, 5.03901481628, 5.28816318512, 4.33034658432, 2.88557171822, 1.49516761303, 0.602876484394, 0.182841151953, 0.0317319668829, 0.00174523971509, 7.56005974836e-05],
        "median": [0.0153784807771, 0.184318780899, 0.756465435028, 2.05649709702, 2.63222742081, 5.18925380707, 11.3901081085, 18.6563453674, 16.2915153503, 21.6403541565, 21.0702171326, 24.8840255737, 23.7904434204, 18.9323310852, 15.4662075043, 16.1218948364, 13.4413909912, 12.5157079697, 14.1663913727, 13.2626676559, 14.4791202545, 10.6062583923, 10.2187595367, 7.79212331772, 5.49970245361, 4.61703777313, 3.98469161987, 2.56189680099, 1.84400868416, 1.4907913208, 1.36762094498, 1.35709023476, 1.11200261116, 0.766679763794, 0.361163556576, 0.134399026632, 0.040203794837, 0.00563814304769, 0.000173245120095, 4.38075476268e-05],
        "min": [8.26106815089e-23, 7.09334789758e-22, 1.28305790232e-21, 3.96419846218e-21, 2.38188967674e-20, 3.6382702369e-20, 7.05660090374e-20, 3.03989198231e-20, 6.30922771066e-20, 1.97586849312e-19, 2.33463249292e-19, 3.93193247292e-19, 4.86427591717e-19, 6.39645998087e-19, 1.21967646904e-18, 1.09727338392e-18, 2.03987784857e-18, 2.78554539523e-18, 2.19894530075e-18, 3.91747526867e-18, 4.2319891899e-18, 4.18898282908e-18, 6.26801899426e-18, 5.05308051237e-18, 7.26218090271e-18, 6.3737943015e-18, 1.06215334239e-17, 1.16505188089e-17, 1.14155970334e-17, 1.12694168484e-17, 1.21159129554e-17, 1.07345411848e-17, 1.03394731068e-17, 8.591702511e-18, 5.90453019051e-18, 4.1462610184e-18, 2.5471428437e-18, 1.02716455373e-18, 2.57531413383e-19, 2.88183586182e-20],
        "var": [0.686405241489, 11.3294677734, 29.638458252, 39.0071754456, 87.8373947144, 132.148666382, 937.557495117, 852.613037109, 1481.8404541, 4644.13232422, 6205.77294922, 4541.37304688, 11002.8095703, 13437.7089844, 1820.03771973, 2128.296875, 1517.56555176, 1733.38476562, 3716.5402832, 3008.5925293, 5028.82421875, 1362.83544922, 781.757019043, 492.670074463, 379.051147461, 262.149017334, 140.035491943, 141.313842773, 134.729278564, 146.758911133, 151.221969604, 224.925704956, 104.497276306, 46.2896614075, 15.8155946732, 2.47388267517, 0.184716314077, 0.00597866950557, 2.90504267468e-05, 1.13317728534e-08]
    },
    "gfcc": {
        "mean": [-4.39790916443, 83.4224853516, -112.509040833, 13.0185804367, -65.205619812, 10.631937027, -43.1400032043, 14.561747551, -23.666601181, 6.02257347107, -16.0530395508, 2.16011166573, -8.7727804184],
        "cov": [[23175.0898438, -1153.29907227, -307.393737793, 323.377197266, -863.050415039, 603.875671387, -540.545776367, 507.512969971, -519.489196777, 244.764129639, -315.52923584, 179.491836548, -278.700561523], [-1153.29907227, 1483.92382812, -347.003662109, -63.0386924744, 198.11416626, -202.532714844, 74.3366165161, -121.523994446, 85.4009017944, -113.546966553, 101.804328918, -103.029510498, 76.348449707], [-307.393737793, -347.003662109, 1185.00109863, 152.46774292, 96.4360275269, 283.435150146, 41.2801132202, 133.738754272, 2.66029977798, 116.147087097, -34.2748794556, 81.7428207397, -56.589756012], [323.377197266, -63.0386924744, 152.46774292, 373.008270264, 173.762359619, 132.863754272, 58.6247558594, 80.2243347168, 88.2308273315, 46.326713562, 9.84757614136, 37.9874954224, 0.371814191341], [-863.050415039, 198.11416626, 96.4360275269, 173.762359619, 432.666107178, 123.925994873, 149.908355713, 101.707229614, 125.482887268, 37.7787132263, 37.1670875549, 12.6359968185, 11.1546840668], [603.875671387, -202.532714844, 283.435150146, 132.863754272, 123.925994873, 341.354766846, 83.4216766357, 128.500274658, 31.7300987244, 77.0634155273, -9.16495037079, 39.4032402039, -17.0789699554], [-540.545776367, 74.3366165161, 41.2801132202, 58.6247558594, 149.908355713, 83.4216766357, 196.794342041, 65.6081161499, 77.3549880981, 23.4422721863, 34.0194969177, 18.4895496368, 12.7889595032], [507.512969971, -121.523994446, 133.738754272, 80.2243347168, 101.707229614, 128.500274658, 65.6081161499, 220.848190308, 64.1770629883, 72.1162948608, 2.9723906517, 36.7205696106, -1.98733079433], [-519.489196777, 85.4009017944, 2.66029977798, 88.2308273315, 125.482887268, 31.7300987244, 77.3549880981, 64.1770629883, 173.744308472, 47.6795082092, 29.1266174316, 14.1114492416, 9.34522438049], [244.764129639, -113.546966553, 116.147087097, 46.326713562, 37.7787132263, 77.0634155273, 23.4422721863, 72.1162948608, 47.6795082092, 112.967201233, 24.0791931152, 36.8903083801, -4.00794458389], [-315.52923584, 101.804328918, -34.2748794556, 9.84757614136, 37.1670875549, -9.16495037079, 34.0194969177, 2.9723906517, 29.1266174316, 24.0791931152, 87.7307739258, 24.7142524719, 25.8641414642], [179.491836548, -103.029510498, 81.7428207397, 37.9874954224, 12.6359968185, 39.4032402039, 18.4895496368, 36.7205696106, 14.1114492416, 36.8903083801, 24.7142524719, 92.746925354, 21.8027820587], [-278.700561523, 76.348449707, -56.589756012, 0.371814191341, 11.1546840668, -17.0789699554, 12.7889595032, -1.98733079433, 9.34522438049, -4.00794458389, 25.8641414642, 21.8027820587, 89.2936630249]],
        "icov": [[8.27881667647e-05, -7.72300336394e-05, 0.000128936866531, -0.000162859068951, 0.00020684201445, -0.000177427136805, 0.000153739427333, -0.000262319925241, 0.000302994565573, -0.000222841219511, 0.000254272366874, -0.000260633329162, 0.000267464172794], [-7.72300336394e-05, 0.00121298828162, -0.000117778610729, 0.000357275857823, -0.000801421760116, 0.000514923769515, -0.000190447535715, 0.000540150969755, -0.000755445333198, 0.00110614148434, -0.00152057758532, 0.00146163848694, -0.000904149957933], [0.000128936866531, -0.000117778610729, 0.00139096647035, -0.000398152595153, 0.000196584718651, -0.000910455593839, 0.000269823940471, -0.000413293077145, 0.000847737770528, -0.0010412222473, 0.000957403564826, -0.00118206697516, 0.00101563031785], [-0.000162859068951, 0.000357275857823, -0.000398152595153, 0.00422794232145, -0.00163135898765, -0.00055002089357, 0.000352887262125, 0.000587756105233, -0.00200773845427, 0.000889275048394, -0.000480422197143, -0.000304636865621, -0.000559016829357], [0.00020684201445, -0.000801421760116, 0.000196584718651, -0.00163135898765, 0.00492526497692, -0.00110349012539, -0.00141112110578, -0.0013942263322, -0.00037502872874, -0.000303370470647, 0.000378328812076, -0.000273282406852, 0.000789723126218], [-0.000177427136805, 0.000514923769515, -0.000910455593839, -0.00055002089357, -0.00110349012539, 0.0057908706367, -0.00188040500507, -0.000766295765061, 0.000611103372648, -0.00122636032756, 0.0003683285031, 0.000719160190783, -0.000472331070341], [0.000153739427333, -0.000190447535715, 0.000269823940471, 0.000352887262125, -0.00141112110578, -0.00188040500507, 0.00855563953519, -0.00129455013666, -0.00159111851826, 0.00120944483206, -0.00165636814199, -0.000963983533438, 0.000310607894789], [-0.000262319925241, 0.000540150969755, -0.000413293077145, 0.000587756105233, -0.0013942263322, -0.000766295765061, -0.00129455013666, 0.00816414039582, -0.00213447841816, -0.00190585304517, 0.000514391460456, -9.32426883082e-06, -0.00115911988541], [0.000302994565573, -0.000755445333198, 0.000847737770528, -0.00200773845427, -0.00037502872874, 0.000611103372648, -0.00159111851826, -0.00213447841816, 0.0107791572809, -0.00454844487831, 0.00100709183607, -0.00073992315447, 0.00103803619277], [-0.000222841219511, 0.00110614148434, -0.0010412222473, 0.000889275048394, -0.000303370470647, -0.00122636032756, 0.00120944483206, -0.00190585304517, -0.00454844487831, 0.0166306886822, -0.00586089957505, -0.00118767470121, 0.000492929306347], [0.000254272366874, -0.00152057758532, 0.000957403564826, -0.000480422197143, 0.000378328812076, 0.0003683285031, -0.00165636814199, 0.000514391460456, 0.00100709183607, -0.00586089957505, 0.018166853115, -0.00524964788929, -0.0013743560994], [-0.000260633329162, 0.00146163848694, -0.00118206697516, -0.000304636865621, -0.000273282406852, 0.000719160190783, -0.000963983533438, -9.32426883082e-06, -0.00073992315447, -0.00118767470121, -0.00524964788929, 0.0172003377229, -0.00515662971884], [0.000267464172794, -0.000904149957933, 0.00101563031785, -0.000559016829357, 0.000789723126218, -0.000472331070341, 0.000310607894789, -0.00115911988541, 0.00103803619277, 0.000492929306347, -0.0013743560994, -0.00515662971884, 0.0147642437369]]
    },
    "melbands": {
        "dmean": [0.0011971074855, 0.000924149469938, 0.00040268531302, 0.000254405487794, 0.000295185134746, 0.000262481597019, 0.000226396121434, 0.000242583875661, 0.000222544898861, 0.000173789390828, 0.000172254323843, 0.000134135014378, 6.6048836743e-05, 5.14663224749e-05, 5.38166095794e-05, 3.50165428245e-05, 2.87854709313e-05, 3.18090751534e-05, 3.77636715712e-05, 2.20763795369e-05, 2.58837389993e-05, 1.47875507537e-05, 8.70490839588e-06, 1.09521988634e-05, 6.80365110384e-06, 4.31740409113e-06, 5.54415964871e-06, 3.39821212947e-06, 3.08638800561e-06, 2.5607241696e-06, 2.17166552829e-06, 2.1469161311e-06, 2.20270135287e-06, 2.19286448555e-06, 2.12713212022e-06, 2.12569170799e-06, 2.46590661845e-06, 2.266065394e-06, 2.22025960284e-06, 1.70988380432e-06],
        "dmean2": [0.00163410406094, 0.00156844849698, 0.000674468348734, 0.000400302815251, 0.00044092774624, 0.000400316115702, 0.000340522965416, 0.000361911370419, 0.000336279947078, 0.000269555806881, 0.000260950560914, 0.000202778188395, 0.000103117061371, 8.28560077935e-05, 8.70446237968e-05, 5.67701026739e-05, 4.59058064735e-05, 4.9924281484e-05, 6.0588328779e-05, 3.48861431121e-05, 4.25925754826e-05, 2.35749230342e-05, 1.3986437807e-05, 1.76172106876e-05, 1.09455231723e-05, 6.81910296407e-06, 8.97958489077e-06, 5.40859946341e-06, 4.95585345561e-06, 3.99598229706e-06, 3.42526004715e-06, 3.35698086928e-06, 3.53276959686e-06, 3.43902161148e-06, 3.32428521688e-06, 3.22441451317e-06, 3.76184016204e-06, 3.48445610143e-06, 3.48557637153e-06, 2.66423535322e-06],
        "dvar": [1.10639757622e-05, 1.15195061881e-05, 1.31284627969e-06, 2.5610407306e-07, 2.26179082574e-07, 1.44775341937e-07, 1.48154498447e-07, 2.02380547876e-07, 1.94609668824e-07, 1.19648106534e-07, 1.17288934121e-07, 1.03172688171e-07, 2.47623095362e-08, 1.1923748211e-08, 1.73054406361e-08, 4.42495151631e-09, 3.20745541238e-09, 7.39903471825e-09, 7.4854291654e-09, 4.89754237165e-09, 5.14941689289e-09, 1.52371282258e-09, 2.79364337219e-10, 4.79240647167e-10, 1.85429213651e-10, 8.08576816613e-11, 2.14511811092e-10, 6.10066719364e-11, 3.1446838189e-11, 2.87939880272e-11, 2.81892113818e-11, 2.61078780123e-11, 3.27470446593e-11, 3.12568963767e-11, 3.41791595027e-11, 3.06228271907e-11, 6.64350519042e-11, 4.03863158194e-11, 4.08671534113e-11, 2.10803180467e-11],
        "dvar2": [2.03793952096e-05, 3.13408709189e-05, 3.77937476514e-06, 6.29388409834e-07, 4.7007364401e-07, 3.37041626608e-07, 3.34670630764e-07, 4.19598933377e-07, 4.33560586544e-07, 2.78548668575e-07, 2.47311504609e-07, 2.21272415502e-07, 5.6069520582e-08, 3.01236369182e-08, 4.45875514288e-08, 1.07667403881e-08, 7.80972353454e-09, 1.71280269967e-08, 1.76088921222e-08, 1.00490211707e-08, 1.34395996554e-08, 3.59089491475e-09, 6.87262080579e-10, 1.23020005294e-09, 4.60128574131e-10, 1.845905373e-10, 5.52078494032e-10, 1.4728449016e-10, 7.65654761814e-11, 6.53779599902e-11, 6.47523631936e-11, 5.6132681836e-11, 7.51587334036e-11, 7.14310971484e-11, 7.78764136511e-11, 6.71808858543e-11, 1.54724302814e-10, 9.46284231529e-11, 9.86806955594e-11, 4.89624001065e-11],
        "max": [0.0484100468457, 0.0372880659997, 0.0156165221706, 0.00789689552039, 0.0112218866125, 0.00675988011062, 0.00747427018359, 0.00819927174598, 0.00683068297803, 0.00703230919316, 0.00731559749693, 0.0118250660598, 0.00444745458663, 0.00322868884541, 0.00374544342048, 0.00146457483061, 0.00121408957057, 0.00195725308731, 0.00207664817572, 0.00272712530568, 0.00255045574158, 0.0014245667262, 0.000587084330618, 0.000397212454118, 0.000331205577822, 0.000279482483165, 0.000498973357026, 0.000202693423489, 0.000171328429133, 0.000152472566697, 0.000195865548449, 0.000134492089273, 0.000186210556421, 0.000163557197084, 0.000180755465408, 0.000156182170031, 0.000399005512008, 0.000156724694534, 9.54967545113e-05, 9.03116961126e-05],
        "mean": [0.00271156430244, 0.00142323959153, 0.000735506531782, 0.000495751504786, 0.000677520001773, 0.00059510092251, 0.000495008716825, 0.000475027394714, 0.000382961326977, 0.000320329912938, 0.000301708379993, 0.000219339184696, 0.000103506718006, 8.07029937278e-05, 7.83185532782e-05, 5.27812662767e-05, 4.71095045214e-05, 4.85690761707e-05, 5.8070414525e-05, 3.30361472152e-05, 3.81218815164e-05, 2.19952962652e-05, 1.45078874993e-05, 1.84323689609e-05, 1.16715118565e-05, 7.91484217189e-06, 8.82939275471e-06, 5.91155412621e-06, 5.30121224074e-06, 3.94343214793e-06, 3.24913708027e-06, 3.19799573845e-06, 2.98707118418e-06, 3.00376063933e-06, 2.90264279101e-06, 2.90451362162e-06, 3.38984932569e-06, 3.08604057864e-06, 2.83095960185e-06, 2.30432397075e-06],
        "median": [0.000178307498572, 0.000418239971623, 0.000385398627259, 0.00028256198857, 0.000379553064704, 0.000425461970735, 0.000274082529359, 0.000222973176278, 0.000171154388227, 0.000156151800184, 0.000111042005301, 7.0141897595e-05, 4.89199046569e-05, 4.27995000791e-05, 3.04835466522e-05, 2.45570518018e-05, 2.01912334887e-05, 1.89834972844e-05, 1.80601036845e-05, 1.45080121001e-05, 1.43735524034e-05, 9.68910080701e-06, 7.55455675971e-06, 8.46554576128e-06, 5.66365997656e-06, 3.80492065233e-06, 3.59971727448e-06, 2.59350326814e-06, 2.59227522292e-06, 1.73545799953e-06, 1.26172426462e-06, 1.00221552657e-06, 9.14786824069e-07, 7.85805355008e-07, 7.62216700423e-07, 7.71371560404e-07, 8.22602373773e-07, 7.76817955739e-07, 6.76820377521e-07, 6.04554202255e-07],
        "min": [1.42958891801e-24, 1.08768516321e-24, 8.22316397604e-25, 1.47474025939e-24, 2.41469514506e-24, 5.68511642617e-25, 1.49487642704e-24, 2.24446566703e-24, 2.02372088929e-24, 2.82172784784e-24, 2.45427979085e-24, 2.26011311751e-24, 3.01834551201e-24, 2.35178210736e-24, 2.43285117322e-24, 3.28365797267e-24, 5.31047553544e-24, 2.82064198081e-24, 4.2528702302e-24, 4.42065857815e-24, 3.82489386202e-24, 3.86391092239e-24, 3.69020572322e-24, 5.0311773598e-24, 3.05344055318e-24, 3.8531528318e-24, 4.37930412292e-24, 3.56266821409e-24, 5.13394739751e-24, 5.27095439295e-24, 6.02109208849e-24, 5.25354620493e-24, 6.37637492425e-24, 5.96187308919e-24, 5.08480767401e-24, 6.53800936828e-24, 5.57437475179e-24, 5.94032890344e-24, 7.01729324973e-24, 6.75895313619e-24],
        "var": [3.55880547431e-05, 1.00051702248e-05, 1.24962821246e-06, 4.42457945837e-07, 8.24227356588e-07, 4.06077901971e-07, 4.23508453196e-07, 5.54329517399e-07, 3.78238667054e-07, 2.91524713703e-07, 3.05914880983e-07, 2.21526235578e-07, 3.82692526557e-08, 1.66602056595e-08, 2.64892179302e-08, 7.38308569836e-09, 6.25032736679e-09, 1.15384448662e-08, 1.59385571408e-08, 8.20474177488e-09, 8.3050153421e-09, 2.22160534413e-09, 4.6585957314e-10, 8.82466932861e-10, 3.58398005718e-10, 1.74958617039e-10, 3.58654356214e-10, 1.1620100715e-10, 6.15266518289e-11, 4.9379503958e-11, 4.58895664524e-11, 4.71492705989e-11, 4.95934612821e-11, 4.79563957989e-11, 5.61741451965e-11, 5.11721290342e-11, 1.12632653204e-10, 5.53138576609e-11, 4.76434204588e-11, 3.12301746963e-11]
    },
    "mfcc": {
        "mean": [-644.217529297, 119.669952393, 4.56668043137, 5.00220584869, -0.569050610065, -6.80835533142, -3.71087551117, -1.56442391872, -0.00442859064788, 1.01959085464, -2.28219771385, 0.317784786224, -1.39820468426],
        "cov": [[13840.6220703, -107.379066467, -157.35017395, 48.4064369202, -25.7279891968, -81.4816436768, 118.845832825, 104.491592407, -36.2538452148, 124.681816101, 37.1867141724, -43.8791770935, -41.3416175842], [-107.379066467, 1281.4107666, -230.783508301, 27.8858585358, -40.6608734131, -95.3311767578, -3.74662637711, -51.3593826294, -58.1493377686, -44.5864334106, -34.6639556885, -14.9523029327, -26.131778717], [-157.35017395, -230.783508301, 901.356506348, 7.74710893631, 157.494140625, 136.482574463, 77.0956878662, 50.2824859619, 67.6651229858, 18.545583725, 54.0163421631, 60.046169281, 10.3814821243], [48.4064369202, 27.8858585358, 7.74710893631, 268.961395264, 106.403373718, 47.0431480408, 16.5982837677, 51.8028297424, 43.0609397888, 31.7899551392, 25.8679389954, 39.1287765503, 46.0510215759], [-25.7279891968, -40.6608734131, 157.494140625, 106.403373718, 290.770507812, 118.574897766, 81.6985626221, 89.3232192993, 96.150642395, 78.7131729126, 55.1330108643, 56.9083251953, 44.2995109558], [-81.4816436768, -95.3311767578, 136.482574463, 47.0431480408, 118.574897766, 229.493652344, 74.7019042969, 81.1281204224, 55.4373512268, 55.1527137756, 48.4337081909, 23.2336978912, 34.3447647095], [118.845832825, -3.74662637711, 77.0956878662, 16.5982837677, 81.6985626221, 74.7019042969, 176.425704956, 75.2408294678, 49.4341926575, 50.1177902222, 29.6405277252, 16.509557724, 9.57451725006], [104.491592407, -51.3593826294, 50.2824859619, 51.8028297424, 89.3232192993, 81.1281204224, 75.2408294678, 153.098800659, 86.1675796509, 56.7022514343, 47.5504760742, 37.0120048523, 42.9784660339], [-36.2538452148, -58.1493377686, 67.6651229858, 43.0609397888, 96.150642395, 55.4373512268, 49.4341926575, 86.1675796509, 137.364547729, 75.5010070801, 46.8567428589, 38.4497032166, 34.6601638794], [124.681816101, -44.5864334106, 18.545583725, 31.7899551392, 78.7131729126, 55.1527137756, 50.1177902222, 56.7022514343, 75.5010070801, 121.815315247, 63.5595817566, 26.6135635376, 28.969335556], [37.1867141724, -34.6639556885, 54.0163421631, 25.8679389954, 55.1330108643, 48.4337081909, 29.6405277252, 47.5504760742, 46.8567428589, 63.5595817566, 99.7627029419, 51.3704719543, 30.7717914581], [-43.8791770935, -14.9523029327, 60.046169281, 39.1287765503, 56.9083251953, 23.2336978912, 16.509557724, 37.0120048523, 38.4497032166, 26.6135635376, 51.3704719543, 97.6604156494, 49.7440948486], [-41.3416175842, -26.131778717, 10.3814821243, 46.0510215759, 44.2995109558, 34.3447647095, 9.57451725006, 42.9784660339, 34.6601638794, 28.969335556, 30.7717914581, 49.7440948486, 93.9765930176]],
