{
"lowlevel": {
    "average_loudness": 0.892214417458,
    "barkbands_crest": {
        "dmean": 2.56862139702,
        "dmean2": 4.05948591232,
        "dvar": 7.81371355057,
        "dvar2": 19.107006073,
        "max": 26.5557727814,
        "mean": 12.1726741791,
        "median": 10.6099081039,
        "min": 1.90888500214,
        "var": 34.7413253784
    },
    "barkbands_flatness_db": {
        "dmean": 0.0273849796504,
        "dmean2": 0.0423145219684,
        "dvar": 0.0011150657665,
        "dvar2": 0.00268574617803,
        "max": 0.536114990711,
        "mean": 0.15135358274,
        "median": 0.129583850503,
        "min": 0.0155412051827,
        "var": 0.00755838025361
    },
    "barkbands_kurtosis": {
        "dmean": 5.80074214935,
        "dmean2": 8.95348739624,
        "dvar": 343.074371338,
        "dvar2": 844.826965332,
        "max": 502.652252197,
        "mean": 8.50169658661,
        "median": 1.8593878746,
        "min": -1.88605964184,
        "var": 619.592407227
    },
    "barkbands_skewness": {
        "dmean": 0.675670266151,
        "dmean2": 1.03078448772,
        "dvar": 1.04060673714,
        "dvar2": 2.45996856689,
        "max": 20.8844242096,
        "mean": 1.86227524281,
        "median": 1.36084365845,
        "min": -3.86052942276,
        "var": 4.23777151108
    },
    "barkbands_spread": {
        "dmean": 6.29949235916,
        "dmean2": 9.77852916718,
        "dvar": 62.128288269,
        "dvar2": 147.281326294,
        "max": 145.495666504,
        "mean": 23.0086231232,
        "median": 21.9483852386,
        "min": 0.22274492681,
        "var": 215.356964111
    },
    "dissonance": {
        "dmean": 0.0206915400922,
        "dmean2": 0.0346468798816,
        "dvar": 0.00055933726253,
        "dvar2": 0.00145614834037,
        "max": 0.499999850988,
        "mean": 0.457560300827,
        "median": 0.47051692009,
        "min": 0.18773676455,
        "var": 0.00170151609927
    },
    "dynamic_complexity": 3.23062634468,
    "erbbands_crest": {
        "dmean": 2.59270572662,
        "dmean2": 4.13826560974,
        "dvar": 7.11186075211,
        "dvar2": 16.6907329559,
        "max": 34.3013038635,
        "mean": 8.99744701385,
        "median": 7.75086450577,
        "min": 2.19996070862,
        "var": 26.9358043671
    },
    "erbbands_flatness_db": {
        "dmean": 0.0181040950119,
        "dmean2": 0.0270506031811,
        "dvar": 0.00049442454474,
        "dvar2": 0.00112656189594,
        "max": 0.587050318718,
        "mean": 0.161286607385,
        "median": 0.125972792506,
        "min": 0.0467266701162,
        "var": 0.00840112008154
    },
    "erbbands_kurtosis": {
        "dmean": 1.36919379234,
        "dmean2": 2.12176084518,
        "dvar": 23.0837268829,
        "dvar2": 56.3971710205,
        "max": 149.064544678,
        "mean": 1.30075716972,
        "median": 0.0532395839691,
        "min": -1.67832541466,
        "var": 34.753780365
    },
    "erbbands_skewness": {
        "dmean": 0.353577762842,
        "dmean2": 0.536890149117,
        "dvar": 0.163604602218,
        "dvar2": 0.372480094433,
        "max": 8.68612957001,
        "mean": 0.368320077658,
        "median": 0.241082534194,
        "min": -2.16309404373,
        "var": 0.902146875858
    },
    "erbbands_spread": {
        "dmean": 7.57912540436,
        "dmean2": 11.6947879791,
        "dvar": 73.0108261108,
        "dvar2": 168.387176514,
        "max": 161.638916016,
        "mean": 38.6794624329,
        "median": 35.4255180359,
        "min": 0.34157705307,
        "var": 547.093200684
    },
    "hfc": {
        "dmean": 12.2536144257,
        "dmean2": 18.9702072144,
        "dvar": 364.531463623,
        "dvar2": 890.547302246,
        "max": 195.860870361,
        "mean": 28.5553340912,
        "median": 22.6173496246,
        "min": 1.04308481095e-16,
        "var": 735.094238281
    },
    "melbands_crest": {
        "dmean": 3.02408003807,
        "dmean2": 4.58718204498,
        "dvar": 9.04482936859,
        "dvar2": 22.6935214996,
        "max": 38.8977546692,
        "mean": 17.3432445526,
        "median": 16.4492206573,
        "min": 1.60747230053,
        "var": 58.5659942627
    },
    "melbands_flatness_db": {
        "dmean": 0.0320199877024,
        "dmean2": 0.0488939136267,
        "dvar": 0.00141809799243,
        "dvar2": 0.00352082005702,
        "max": 0.573698818684,
        "mean": 0.216910898685,
        "median": 0.203639224172,
        "min": 0.00349109387025,
        "var": 0.00877977628261
    },
    "melbands_kurtosis": {
        "dmean": 14.6198415756,
        "dmean2": 22.6050357819,
        "dvar": 1384.33435059,
        "dvar2": 3219.1953125,
        "max": 645.218322754,
        "mean": 26.949098587,
        "median": 7.27947330475,
        "min": -1.53935015202,
        "var": 3396.01171875
    },
    "melbands_skewness": {
        "dmean": 0.9547290802,
        "dmean2": 1.46355247498,
        "dvar": 1.81334400177,
        "dvar2": 4.23117256165,
        "max": 20.353843689,
        "mean": 3.27969670296,
        "median": 2.34616398811,
        "min": -3.70487141609,
        "var": 9.28998279572
    },
    "melbands_spread": {
        "dmean": 6.51566934586,
        "dmean2": 10.4136638641,
        "dvar": 65.3485031128,
        "dvar2": 163.371643066,
        "max": 206.432556152,
        "mean": 23.0678119659,
        "median": 19.0760936737,
        "min": 0.252713918686,
        "var": 509.380950928
    },
    "pitch_salience": {
        "dmean": 0.0778325945139,
        "dmean2": 0.125789836049,
        "dvar": 0.00800800137222,
        "dvar2": 0.020197737962,
        "max": 0.980519831181,
        "mean": 0.457669913769,
        "median": 0.471122175455,
        "min": 0.0409491173923,
        "var": 0.0282160509378
    },
    "silence_rate_20dB": {
        "dmean": 0,
        "dmean2": 0,
        "dvar": 0,
        "dvar2": 0,
        "max": 1,
        "mean": 1,
        "median": 1,
        "min": 1,
        "var": 0
    },
    "silence_rate_30dB": {
        "dmean": 0.0435891486704,
        "dmean2": 0.0871884077787,
        "dvar": 0.0416904874146,
        "dvar2": 0.0895618572831,
        "max": 1,
        "mean": 0.93972414732,
        "median": 1,
        "min": 0,
        "var": 0.0566418543458
    },
    "silence_rate_60dB": {
        "dmean": 0.016925573349,
        "dmean2": 0.033855073154,
        "dvar": 0.016640458256,
        "dvar2": 0.0366558432579,
        "max": 1,
        "mean": 0.0948185920715,
        "median": 0,
        "min": 0,
        "var": 0.0858345925808
    },
    "spectral_centroid": {
        "dmean": 254.073669434,
        "dmean2": 391.711029053,
        "dvar": 84478.40625,
        "dvar2": 187713.71875,
        "max": 11623.2089844,
        "mean": 1663.56665039,
        "median": 1471.42932129,
        "min": 193.775726318,
        "var": 2297441.5
    },
    "spectral_complexity": {
        "dmean": 5.34453964233,
        "dmean2": 8.01739120483,
        "dvar": 42.0901527405,
        "dvar2": 84.3141784668,
        "max": 61,
        "mean": 20.3329086304,
        "median": 19,
        "min": 0,
        "var": 169.933486938
    },
    "spectral_decrease": {
        "dmean": 2.96072966144e-09,
        "dmean2": 4.63378801996e-09,
        "dvar": 1.78468022189e-17,
        "dvar2": 4.85560148088e-17,
        "max": 1.57476996169e-28,
        "mean": -1.05657846916e-08,
        "median": -9.17099285402e-09,
        "min": -4.91681326764e-08,
        "var": 7.28465407647e-17
    },
    "spectral_energy": {
        "dmean": 0.0118073793128,
        "dmean2": 0.0183981657028,
        "dvar": 0.000268572184723,
        "dvar2": 0.000719280680642,
        "max": 0.187838330865,
        "mean": 0.0424677878618,
        "median": 0.0374737642705,
        "min": 9.91800782782e-21,
        "var": 0.00112607446499
    },
    "spectral_energyband_high": {
        "dmean": 0.000941444246564,
        "dmean2": 0.00147341168486,
        "dvar": 3.1314507396e-06,
        "dvar2": 7.46017349229e-06,
        "max": 0.0169944111258,
        "mean": 0.00149581360165,
        "median": 0.00077749544289,
        "min": 6.85157821125e-21,
        "var": 4.86656108478e-06
    },
    "spectral_energyband_low": {
        "dmean": 0.00881461706012,
        "dmean2": 0.0141900433227,
        "dvar": 0.00027288828278,
        "dvar2": 0.000763713149354,
        "max": 0.179032787681,
        "mean": 0.0248285345733,
        "median": 0.0126472292468,
        "min": 1.0976183814e-23,
        "var": 0.000979088363238
    },
    "spectral_energyband_middle_high": {
        "dmean": 0.00290926545858,
        "dmean2": 0.00451472913846,
        "dvar": 2.043357199e-05,
        "dvar2": 4.80062735733e-05,
        "max": 0.0679131224751,
        "mean": 0.00691709853709,
        "median": 0.00499925715849,
        "min": 1.14680413021e-21,
        "var": 4.79517693748e-05
    },
    "spectral_energyband_middle_low": {
        "dmean": 0.00448002433404,
        "dmean2": 0.00717411842197,
        "dvar": 5.59314903512e-05,
        "dvar2": 0.000137410825118,
        "max": 0.0855183675885,
        "mean": 0.0104532828555,
        "median": 0.00743167055771,
        "min": 1.11060066531e-22,
        "var": 0.000112637462735
    },
    "spectral_entropy": {
        "dmean": 0.180930793285,
        "dmean2": 0.271862953901,
        "dvar": 0.0568302497268,
        "dvar2": 0.138998299837,
        "max": 9.82632732391,
        "mean": 7.70986175537,
        "median": 7.85363292694,
        "min": 4.68592691422,
        "var": 0.465116262436
    },
    "spectral_flux": {
        "dmean": 0.0316500030458,
        "dmean2": 0.0478378981352,
        "dvar": 0.00172649009619,
        "dvar2": 0.00328144012019,
        "max": 0.415741890669,
        "mean": 0.0872680321336,
        "median": 0.0751047804952,
        "min": 6.23419926793e-11,
        "var": 0.0039873868227
    },
    "spectral_kurtosis": {
        "dmean": 2.38742113113,
        "dmean2": 4.02497720718,
        "dvar": 22.5742073059,
        "dvar2": 64.6885757446,
        "max": 95.1659469604,
        "mean": 5.63024044037,
        "median": 3.08229875565,
        "min": -1.29151213169,
        "var": 59.2757530212
    },
    "spectral_rms": {
        "dmean": 0.000861112435814,
        "dmean2": 0.00130650040228,
        "dvar": 1.08330766579e-06,
        "dvar2": 2.70628993349e-06,
        "max": 0.0135372420773,
        "mean": 0.00580289307982,
        "median": 0.00604646746069,
        "min": 3.11064390392e-12,
        "var": 7.75835997047e-06
    },
    "spectral_rolloff": {
        "dmean": 506.23614502,
        "dmean2": 863.340454102,
        "dvar": 683322.375,
        "dvar2": 1675863.625,
        "max": 19982.8125,
        "mean": 1621.52197266,
        "median": 947.4609375,
        "min": 21.533203125,
        "var": 8057260
    },
    "spectral_skewness": {
        "dmean": 0.251931577921,
        "dmean2": 0.409359335899,
        "dvar": 0.133894711733,
        "dvar2": 0.377150565386,
        "max": 7.99999904633,
        "mean": 1.61598145962,
        "median": 1.41973662376,
        "min": -0.0692443028092,
        "var": 0.58086001873
    },
    "spectral_spread": {
        "dmean": 519951.5,
        "dmean2": 758646.875,
        "dvar": 519735345152,
        "dvar2": 1.01288627405e+12,
        "max": 43101840,
        "mean": 5647583.5,
        "median": 5201041,
        "min": 876122.25,
        "var": 3.10296518328e+13
    },
    "spectral_strongpeak": {
        "dmean": 0.489453107119,
        "dmean2": 0.808778166771,
        "dvar": 0.876958727837,
        "dvar2": 2.09954309464,
        "max": 10.9592170715,
        "mean": 0.860218465328,
        "median": 0.466837346554,
        "min": 0,
        "var": 1.26820778847
    },
    "zerocrossingrate": {
        "dmean": 0.00970647204667,
        "dmean2": 0.0115769924596,
        "dvar": 0.000133572146297,
        "dvar2": 0.000160933283041,
        "max": 0.84130859375,
        "mean": 0.0647496506572,
        "median": 0.05029296875,
        "min": 0.001953125,
        "var": 0.0058373757638
    },
    "barkbands": {
        "dmean": [0.000505725678522, 0.00814032647759, 0.00292098103091, 0.000970504130237, 0.000859575462528, 0.00095265120035, 0.000962641905062, 0.000970195571426, 0.000838227977511, 0.00132305629086, 0.00081019452773, 0.000521317124367, 0.000259684660705, 0.000295435340377, 0.00034747866448, 0.000308431888698, 0.000415201939177, 0.000230283665587, 0.000210462909308, 0.000169466191437, 0.000185969794984, 0.000152392109158, 0.000189563288586, 0.000170771949342, 0.000138722520205, 8.22087968118e-05, 1.56434834935e-05],
        "dmean2": [0.000782150775194, 0.0131402648985, 0.00499935587868, 0.0017256825231, 0.00144177174661, 0.00144573277794, 0.00153613346629, 0.00147233321331, 0.00135802943259, 0.00199541891925, 0.00125199067406, 0.000839373329654, 0.000436986185377, 0.000487899553264, 0.00055058329599, 0.000493547588121, 0.000650171888992, 0.000377652962925, 0.000346329819877, 0.000286515656626, 0.000307603710098, 0.000241025627474, 0.000309072696837, 0.000262003974058, 0.000215754873352, 0.000125043516164, 2.56742787315e-05],
        "dvar": [1.94669132725e-06, 0.000276847742498, 7.21793694538e-05, 1.10390947157e-05, 4.68333155368e-06, 2.30395949075e-06, 3.74891442334e-06, 4.84807651446e-06, 5.82673783356e-06, 1.17430672617e-05, 4.93640436616e-06, 1.35330935791e-06, 1.8503693866e-07, 3.36217112817e-07, 4.25988389452e-07, 4.31427338299e-07, 4.99504437812e-07, 1.53010475401e-07, 1.23289567e-07, 8.64612559326e-08, 1.21979809364e-07, 8.87873383704e-08, 1.54027375743e-07, 1.2253987336e-07, 9.07153605567e-08, 2.97842515096e-08, 1.24538945823e-09],
        "dvar2": [4.33192917626e-06, 0.000767261371948, 0.000205642340006, 3.1237515941e-05, 1.27135863295e-05, 5.31086425326e-06, 9.28337976802e-06, 1.08035519588e-05, 1.34155034175e-05, 2.56181701843e-05, 1.04892787931e-05, 3.31020783051e-06, 5.02925672663e-07, 8.39020628973e-07, 9.94894776341e-07, 1.07467747057e-06, 1.1401464235e-06, 4.05801017678e-07, 3.41554766692e-07, 2.36874669213e-07, 3.00070894355e-07, 2.0323005856e-07, 3.97925418838e-07, 2.89758730787e-07, 2.23658702225e-07, 7.04023435105e-08, 3.22705995259e-09],
        "max": [0.0778925940394, 0.17286965251, 0.0927368104458, 0.0385545194149, 0.036031935364, 0.0259688235819, 0.0551149025559, 0.0673786997795, 0.052970007062, 0.0713251307607, 0.0491181910038, 0.025557661429, 0.00557202054188, 0.011282030493, 0.0158602502197, 0.0134711796418, 0.0142073119059, 0.00701802317053, 0.0041523068212, 0.00285938405432, 0.00407328736037, 0.00678659556434, 0.00439928658307, 0.0035062127281, 0.00334115233272, 0.00204350496642, 0.000484158837935],
        "mean": [0.00110942393076, 0.0189899746329, 0.00412319088355, 0.000970260531176, 0.00114612840116, 0.00231271213852, 0.00184487132356, 0.00163664214779, 0.00114292977378, 0.00212625670247, 0.00120359752327, 0.000772649422288, 0.000367737491615, 0.00044448429253, 0.000603856169619, 0.000442716729594, 0.000900244456716, 0.000382013793569, 0.000330938084517, 0.000263697904302, 0.000275054509984, 0.000240424953518, 0.000249423930654, 0.000258336192928, 0.000203274947125, 0.000110148459498, 1.67475482158e-05],
        "median": [0.000178028742084, 0.0057795192115, 0.00091330439318, 8.4698855062e-05, 0.000495184678584, 0.00106713897549, 0.000763916817959, 0.000531150726601, 0.000362001068424, 0.000696111877915, 0.000295259902487, 0.000270237709628, 0.000162332231412, 0.00018533700495, 0.000254927581409, 0.000204170719371, 0.000291413482046, 0.000195979751879, 0.000190953331185, 0.000154427892994, 0.000136843184009, 0.000119308395369, 0.000101879930298, 0.000118480129458, 7.74438012741e-05, 2.46129420702e-05, 1.60511638114e-06],
        "min": [2.62691963338e-25, 8.85424776983e-25, 1.30082699815e-24, 9.45877456126e-25, 8.43334748398e-24, 6.39763275349e-24, 3.08182988222e-24, 4.48926541665e-24, 1.77934582257e-23, 8.22810638682e-24, 1.50524127047e-23, 1.92360923393e-23, 2.19837011831e-23, 2.98530935837e-23, 4.39771968632e-23, 4.90117292484e-23, 6.30743013774e-23, 9.33197207327e-23, 1.02629402752e-22, 1.20780915477e-22, 2.23171274442e-22, 2.81913972143e-22, 3.66963653799e-22, 5.96463208288e-22, 8.22955599762e-22, 1.23585074919e-21, 1.96309608937e-21],
        "var": [4.13626548834e-06, 0.000782404793426, 6.81008023093e-05, 9.2931850304e-06, 4.68514417662e-06, 9.09203481569e-06, 7.49175524106e-06, 9.03454929357e-06, 8.94962704479e-06, 1.84849322977e-05, 8.50263222674e-06, 2.26529755309e-06, 2.84401238559e-07, 5.50496281448e-07, 9.3397056844e-07, 5.76627201099e-07, 2.3097140911e-06, 3.07424102175e-07, 1.75641076794e-07, 1.17723637061e-07, 1.66210298858e-07, 1.39465456073e-07, 1.90134002764e-07, 1.81610445793e-07, 1.18477089472e-07, 4.05695139705e-08, 1.42979761364e-09]
    },
    "erbbands": {
        "dmean": [0.280301779509, 1.87682521343, 3.24278187752, 3.52299308777, 2.54550981522, 2.93751549721, 5.68093824387, 7.50011587143, 13.6305751801, 11.7154893875, 29.0542850494, 17.1093215942, 45.2244644165, 36.7763671875, 19.5755138397, 23.1523838043, 12.0445613861, 15.6077899933, 17.2325630188, 13.5848045349, 21.4182071686, 16.7193813324, 12.2574148178, 11.8396263123, 9.89823818207, 8.1872549057, 7.6496720314, 6.93099451065, 5.58843946457, 6.09184122086, 4.96560907364, 4.01195716858, 2.69402432442, 1.51813745499, 1.03085613251, 0.441228747368, 0.142795369029, 0.0291321333498, 0.00242544477805, 4.84183183289e-05],
        "dmean2": [0.395983248949, 3.07360887527, 5.44873905182, 6.08012390137, 4.4805264473, 4.92226743698, 8.9479932785, 11.5403766632, 21.2788791656, 18.7206249237, 43.4407119751, 27.8244380951, 68.9008026123, 56.0789260864, 31.167383194, 37.2210464478, 19.9976501465, 25.7985706329, 27.4202766418, 21.5142688751, 33.8467025757, 26.5715579987, 20.0287246704, 19.5479125977, 16.6388454437, 13.7877407074, 12.7573108673, 11.3639574051, 8.77395915985, 10.0558004379, 7.99707508087, 6.16361141205, 4.22585725784, 2.35911107063, 1.63498675823, 0.683964550495, 0.218283072114, 0.045434974134, 0.00400714855641, 7.61513292673e-05],
        "dvar": [0.28478884697, 15.6358718872, 74.122253418, 127.550544739, 56.9255752563, 72.2768554688, 117.7318573, 159.019943237, 617.40020752, 731.825195312, 4933.72070312, 1759.28088379, 17547.0390625, 8335.13574219, 2986.46435547, 2884.41967773, 402.516662598, 967.639770508, 1040.79626465, 525.886474609, 1401.30163574, 795.55847168, 467.674072266, 375.556121826, 318.087615967, 205.804244995, 172.949905396, 210.145492554, 121.301696777, 155.867736816, 103.983360291, 69.7456054688, 30.3715839386, 10.0983352661, 5.13333511353, 0.982811748981, 0.0867721810937, 0.00362626207061, 3.22037631122e-05, 8.03659361281e-09],
        "dvar2": [0.660405516624, 44.4521179199, 207.117782593, 360.651092529, 157.862792969, 197.404754639, 302.58416748, 370.428283691, 1519.52124023, 1818.58764648, 10611.7294922, 4177.45605469, 40079.75, 17693.6933594, 6701.85351562, 7091.5546875, 1058.83374023, 2422.68115234, 2427.03564453, 1278.21643066, 3448.03979492, 1941.50366211, 1182.00402832, 1041.01818848, 908.425231934, 564.104797363, 458.585144043, 506.634490967, 269.875579834, 403.890472412, 256.686523438, 163.318115234, 73.0104370117, 24.8606586456, 12.8225870132, 2.39131069183, 0.204465508461, 0.00882262550294, 8.34325765027e-05, 2.01615613094e-08],
        "max": [6.16834592819, 41.9041061401, 106.069732666, 117.711418152, 84.9269485474, 134.905975342, 190.063858032, 229.775604248, 477.154449463, 688.652832031, 1842.80078125, 865.335998535, 2810.25732422, 2078.26904297, 1600.42138672, 1283.97412109, 324.610870361, 590.52545166, 962.651916504, 498.287750244, 703.916503906, 592.915527344, 470.28125, 204.830612183, 218.124938965, 161.384002686, 155.606643677, 240.090042114, 267.138641357, 201.743515015, 106.910514832, 97.3040161133, 63.7927093506, 37.464679718, 27.3676242828, 13.1511983871, 3.15638947487, 0.723541915417, 0.0704662725329, 0.00112398318015],
        "mean": [0.692972540855, 3.64163517952, 5.25834798813, 4.25578641891, 2.55030107498, 3.66978192329, 11.026884079, 16.9623889923, 30.0339660645, 20.1545600891, 50.2884178162, 26.0323009491, 68.7434005737, 58.7737579346, 29.2840309143, 35.1082496643, 18.9131851196, 24.7148647308, 30.6881847382, 24.0795783997, 41.2472457886, 35.2888908386, 21.0345954895, 19.5746154785, 14.8520431519, 12.7745027542, 11.5759353638, 10.1128940582, 8.77044963837, 8.28226470947, 6.65793704987, 5.73505353928, 4.12059116364, 2.33390307426, 1.43333816528, 0.577615439892, 0.190356850624, 0.037179633975, 0.00250920909457, 9.5051167591e-05],
        "median": [0.153445541859, 1.29881417751, 2.30372858047, 0.670293211937, 0.555574536324, 1.45190048218, 4.39651107788, 7.15623664856, 11.3210439682, 9.06089401245, 16.0333328247, 11.4745950699, 21.4435596466, 17.091583252, 11.6820430756, 12.9167747498, 9.21730422974, 11.5639505386, 14.5466432571, 13.7738466263, 18.4221858978, 15.2821712494, 11.5226325989, 11.1688814163, 8.73818492889, 7.65477228165, 6.28471660614, 4.80174303055, 4.31302452087, 3.66734790802, 2.72014379501, 2.46842002869, 1.88539707661, 1.03865075111, 0.46260625124, 0.138356938958, 0.0414257235825, 0.00702648004517, 0.000250177865382, 6.28213310847e-05],
        "min": [5.45897173776e-23, 1.53084996737e-22, 1.53059553764e-21, 5.23026826383e-21, 1.18826183282e-20, 2.92106942602e-20, 2.13264190205e-20, 5.61247603237e-20, 5.69138195422e-20, 1.49721629577e-19, 1.35122538e-19, 3.99336717702e-19, 5.19406507258e-19, 3.27945137177e-19, 8.57603850194e-19, 1.36121792859e-18, 1.62094333515e-18, 2.18608657134e-18, 2.74550551088e-18, 2.62128200803e-18, 2.72442439938e-18, 3.65318403193e-18, 4.44272585866e-18, 5.26747580098e-18, 6.04286456743e-18, 6.20600733169e-18, 8.5516140298e-18, 8.44520799734e-18, 1.02421139487e-17, 1.11933245038e-17, 1.0737739065e-17, 1.04552932818e-17, 8.27638787894e-18, 7.30735323596e-18, 6.27323933111e-18, 3.83950108823e-18, 2.20794006273e-18, 8.12916141383e-19, 2.36616358389e-19, 2.59660960789e-20],
        "var": [1.16110241413, 30.9411334991, 77.6775283813, 110.409317017, 44.2743415833, 65.7646942139, 265.838897705, 565.507995605, 1796.60400391, 1105.53100586, 9458.6796875, 2643.72949219, 23790.0019531, 15333.4755859, 4427.85791016, 4740.18310547, 728.832519531, 1587.75390625, 2401.30957031, 985.683105469, 3540.56469727, 2639.10107422, 1043.52734375, 610.083435059, 395.374359131, 274.215148926, 241.454299927, 267.736999512, 192.637390137, 192.44241333, 134.698974609, 98.2281951904, 45.5194396973, 13.823884964, 6.469643116, 1.2066463232, 0.120261773467, 0.00508495187387, 3.49646470568e-05, 1.32009327913e-08]
    },
    "gfcc": {
        "mean": [-25.4636268616, 78.9119873047, -120.535148621, 23.2616558075, -52.8834838867, 16.4957542419, -26.3514213562, 19.7337284088, -9.35035610199, 9.19646835327, -8.89558506012, 6.113945961, -4.39998292923],
        "cov": [[44490.9960938, -1353.49267578, -201.236907959, 2439.01586914, -1045.81958008, 1912.21337891, -1658.32836914, 1370.84228516, -1103.21984863, 764.059692383, -926.238464355, 598.421508789, -795.676452637], [-1353.49267578, 2471.18334961, -1109.60852051, -500.218292236, -127.707176208, -551.463378906, 302.281524658, -257.749938965, 316.545227051, -112.138435364, 344.706817627, -86.9598007202, 373.510040283], [-201.236907959, -1109.60852051, 2006.24743652, 925.421081543, 553.271118164, 512.775756836, -232.768692017, 233.076034546, -149.439758301, 204.35546875, -108.527824402, 135.13319397, -195.484710693], [2439.01586914, -500.218292236, 925.421081543, 1058.73547363, 499.462036133, 497.560974121, -151.833969116, 252.120361328, -98.2034454346, 146.40953064, -78.0770339966, 47.0391616821, -144.5105896], [-1045.81958008, -127.707176208, 553.271118164, 499.462036133, 641.830078125, 261.807159424, 172.097198486, 132.766174316, 76.4220275879, 65.9997940063, 25.7640628815, 16.6251373291, -28.7578144073], [1912.21337891, -551.463378906, 512.775756836, 497.560974121, 261.807159424, 456.271789551, -28.4349422455, 211.969589233, -84.8396759033, 74.3952255249, -93.9954299927, 46.8235702515, -115.988044739], [-1658.32836914, 302.281524658, -232.768692017, -151.833969116, 172.097198486, -28.4349422455, 333.612213135, 13.7116603851, 139.326660156, -56.5832023621, 79.7165908813, -29.0544643402, 73.8085098267], [1370.84228516, -257.749938965, 233.076034546, 252.120361328, 132.766174316, 211.969589233, 13.7116603851, 238.362594604, 40.5463752747, 88.2001266479, -34.8834609985, 48.8509788513, -48.3466033936], [-1103.21984863, 316.545227051, -149.439758301, -98.2034454346, 76.4220275879, -84.8396759033, 139.326660156, 40.5463752747, 225.634170532, 39.5207519531, 108.03352356, 3.61525392532, 83.1348876953], [764.059692383, -112.138435364, 204.35546875, 146.40953064, 65.9997940063, 74.3952255249, -56.5832023621, 88.2001266479, 39.5207519531, 148.369018555, 35.7110061646, 70.5749053955, -14.8673505783], [-926.238464355, 344.706817627, -108.527824402, -78.0770339966, 25.7640628815, -93.9954299927, 79.7165908813, -34.8834609985, 108.03352356, 35.7110061646, 170.180450439, 45.7878303528, 102.369178772], [598.421508789, -86.9598007202, 135.13319397, 47.0391616821, 16.6251373291, 46.8235702515, -29.0544643402, 48.8509788513, 3.61525392532, 70.5749053955, 45.7878303528, 127.534835815, 39.4402961731], [-795.676452637, 373.510040283, -195.484710693, -144.5105896, -28.7578144073, -115.988044739, 73.8085098267, -48.3466033936, 83.1348876953, -14.8673505783, 102.369178772, 39.4402961731, 159.492965698]],
        "icov": [[0.000104092127003, -0.000191345330677, 0.000231029844144, -0.000229107070481, 0.000271876429906, -0.000307253649225, 0.000169488892425, -0.00032250789809, 0.000273715268122, -0.000324758526403, 0.000490293314215, -0.000657322991174, 0.000367269502021], [-0.000191345330677, 0.00139149429742, -0.000117561459774, -0.000114069276606, -0.000392767513404, 0.0012124706991, -0.000604755012318, 0.000783597643021, -0.000672605296131, 0.00053980568191, -0.00182957097422, 0.00220909784548, -0.0021034644451], [0.000231029844144, -0.000117561459774, 0.00174933322705, -0.000852466502693, -0.000335026852554, -0.000687277060933, 0.00114739197306, -0.000535411410965, 0.000683388439938, -0.000899870239664, 0.000959005323239, -0.00212039682083, 0.00101480376907], [-0.000229107070481, -0.000114069276606, -0.000852466502693, 0.00517276162282, -0.00372588424943, -0.00181389949284, 0.00342696649022, -0.0016077515902, 0.000863255409058, 0.000769527279772, -0.00269812229089, 0.00329391751438, -0.000759007176384], [0.000271876429906, -0.000392767513404, -0.000335026852554, -0.00372588424943, 0.00683252746239, -0.00107899541035, -0.00471864175051, 0.00162026786711, -0.00118868786376, -0.00200573634356, 0.002368620364, -0.00202836981043, 0.00102563470136], [-0.000307253649225, 0.0012124706991, -0.000687277060933, -0.00181389949284, -0.00107899541035, 0.00941776111722, -0.00281646335497, -0.00300992140546, 0.00211493275128, 0.000930812966544, -0.00074430386303, 0.000715293397661, -0.000527611118741], [0.000169488892425, -0.000604755012318, 0.00114739197306, 0.00342696649022, -0.00471864175051, -0.00281646335497, 0.0109909921885, -0.00369616388343, -0.00130915374029, 0.00456844177097, -0.00279419287108, 0.000235742161749, 0.000510804762598], [-0.00032250789809, 0.000783597643021, -0.000535411410965, -0.0016077515902, 0.00162026786711, -0.00300992140546, -0.00369616388343, 0.0142461685464, -0.00704000983387, -0.00266453996301, 0.00387547281571, -0.00190856703557, -1.91323179024e-05], [0.000273715268122, -0.000672605296131, 0.000683388439938, 0.000863255409058, -0.00118868786376, 0.00211493275128, -0.00130915374029, -0.00704000983387, 0.0140494219959, -0.00541412690654, -0.00310091278516, 0.00342238787562, -0.00232793227769], [-0.000324758526403, 0.00053980568191, -0.000899870239664, 0.000769527279772, -0.00200573634356, 0.000930812966544, 0.00456844177097, -0.00266453996301, -0.00541412690654, 0.018624253571, -0.00664307409897, -0.00447173789144, 0.00403120275587], [0.000490293314215, -0.00182957097422, 0.000959005323239, -0.00269812229089, 0.002368620364, -0.00074430386303, -0.00279419287108, 0.00387547281571, -0.00310091278516, -0.00664307409897, 0.0196122620255, -0.00848385412246, -0.00167798961047], [-0.000657322991174, 0.00220909784548, -0.00212039682083, 0.00329391751438, -0.00202836981043, 0.000715293397661, 0.000235742161749, -0.00190856703557, 0.00342238787562, -0.00447173789144, -0.00848385412246, 0.0230958554894, -0.0110669415444], [0.000367269502021, -0.0021034644451, 0.00101480376907, -0.000759007176384, 0.00102563470136, -0.000527611118741, 0.000510804762598, -1.91323179024e-05, -0.00232793227769, 0.00403120275587, -0.00167798961047, -0.0110669415444, 0.0185461603105]]
    },
    "melbands": {
        "dmean": [0.0023604449816, 0.00178235326894, 0.000570606964175, 0.000195302942302, 0.000172444226337, 0.000183332129382, 0.000210805461393, 0.000123254940263, 0.000247088202741, 0.000106406274426, 0.000224013463594, 0.00014424433175, 7.6935182733e-05, 6.07119654887e-05, 4.33215172961e-05, 2.5300487323e-05, 3.21299921779e-05, 2.60681590589e-05, 2.49582590186e-05, 2.04422012757e-05, 3.01475192828e-05, 2.18675741053e-05, 1.31425531436e-05, 1.02427429738e-05, 1.01810874185e-05, 7.83927771408e-06, 6.49483627058e-06, 5.55759834242e-06, 4.8243546189e-06, 4.62276148028e-06, 4.05388618674e-06, 3.13363489113e-06, 3.44154295817e-06, 3.50533946403e-06, 2.80980952994e-06, 2.9002123938e-06, 2.37463768826e-06, 2.05205515158e-06, 1.48340120631e-06, 1.2665967688e-06],
        "dmean2": [0.00366653664969, 0.00292080687359, 0.000987582141533, 0.000335733580869, 0.000273606478004, 0.000279383180896, 0.00032784344512, 0.000196141380002, 0.000369399029296, 0.000175150067662, 0.000341865816154, 0.00022215678473, 0.000122298617498, 9.70736145973e-05, 7.10655149305e-05, 4.22263692599e-05, 5.32020167157e-05, 4.17357914557e-05, 3.93465052184e-05, 3.26121844409e-05, 4.76158311358e-05, 3.45543194271e-05, 2.19775101868e-05, 1.68077131093e-05, 1.6855836293e-05, 1.30697035274e-05, 1.1080580407e-05, 9.40196514421e-06, 8.10136771179e-06, 7.61061755838e-06, 6.5584758886e-06, 4.87323450216e-06, 5.70223028262e-06, 5.8277091739e-06, 4.53421125712e-06, 4.63858896183e-06, 3.66699396182e-06, 3.28032251673e-06, 2.25955932365e-06, 2.02285582418e-06],
        "dvar": [2.24458017328e-05, 1.46719357872e-05, 3.33620823767e-06, 3.00588908431e-07, 1.17954684242e-07, 9.29654646598e-08, 1.50107254626e-07, 7.56860032425e-08, 4.1298517317e-07, 6.46453841568e-08, 4.32111306736e-07, 1.26901127828e-07, 4.01062223432e-08, 1.91403657368e-08, 8.79881767446e-09, 1.9153354458e-09, 4.73011452229e-09, 2.31322716537e-09, 2.5750825916e-09, 1.90601046057e-09, 2.78175571466e-09, 1.46699008496e-09, 5.67088209724e-10, 2.75636125036e-10, 2.72458555717e-10, 1.9370077764e-10, 1.43827158516e-10, 9.12860897984e-11, 7.07087305374e-11, 6.65513269493e-11, 7.863122653e-11, 3.72611975996e-11, 5.13784327583e-11, 5.44856312845e-11, 3.13918162298e-11, 4.12872340483e-11, 2.44477198902e-11, 1.82037371288e-11, 8.33437659165e-12, 7.53094201583e-12],
        "dvar2": [5.94111734245e-05, 4.02737787226e-05, 9.47821536101e-06, 8.15091539152e-07, 3.09127386799e-07, 2.10661298183e-07, 3.66341652125e-07, 1.83464180736e-07, 8.76967988006e-07, 1.59363125363e-07, 9.87072894532e-07, 2.72114590416e-07, 8.97250203025e-08, 4.5530555326e-08, 2.17353903764e-08, 5.09996311848e-09, 1.17460086102e-08, 5.4370992153e-09, 5.92538995647e-09, 4.73839190107e-09, 6.64117250082e-09, 3.3970850577e-09, 1.57078772212e-09, 7.22733040082e-10, 7.53379414409e-10, 5.35521738065e-10, 4.08519856832e-10, 2.50530540757e-10, 1.9160931175e-10, 1.68899408348e-10, 1.87675014418e-10, 8.28801749453e-11, 1.31317276497e-10, 1.43246206563e-10, 7.64078522675e-11, 1.03365219162e-10, 5.83112030883e-11, 4.48621452487e-11, 1.93910148355e-11, 1.91716260922e-11],
        "max": [0.051618590951, 0.04791579023, 0.0190721154213, 0.0085338531062, 0.00707732932642, 0.00584184005857, 0.00881609600037, 0.00810507312417, 0.0141110569239, 0.00455907173455, 0.0138778174296, 0.00775453355163, 0.00461145769805, 0.00281141372398, 0.00256949639879, 0.000688216881827, 0.00133517326321, 0.00145110813901, 0.00143433630001, 0.00121165788732, 0.000910290167667, 0.000825425784569, 0.000351665075868, 0.000269813666819, 0.000184217249625, 0.000194864260266, 0.000136951828608, 0.000144962148624, 0.000104406441096, 0.000100418721559, 0.000196143519133, 0.000197521992959, 0.000157336369739, 0.000144870427903, 5.17385888088e-05, 8.99777151062e-05, 4.90509373776e-05, 4.74775697512e-05, 3.80397796107e-05, 3.01833388221e-05],
        "mean": [0.00568740675226, 0.00350639875978, 0.000690395652782, 0.000206569558941, 0.00032217556145, 0.000428502447903, 0.000463951728307, 0.000212006809306, 0.000418893672759, 0.00015113275731, 0.00033542784513, 0.000222997434321, 0.000111839508463, 8.88868089532e-05, 6.57275159028e-05, 3.56547097908e-05, 4.77790854347e-05, 4.4420507038e-05, 4.18707204517e-05, 3.05609319184e-05, 5.83066685067e-05, 4.59408038296e-05, 1.96195906028e-05, 1.71299489011e-05, 1.58551138156e-05, 1.12240759336e-05, 9.27662676986e-06, 8.34243564896e-06, 6.92301546223e-06, 6.86709199726e-06, 5.5475343288e-06, 4.88585010316e-06, 4.70799659524e-06, 4.57827763967e-06, 3.69589997717e-06, 3.8559510358e-06, 3.33420621246e-06, 3.00011993204e-06, 2.34303274738e-06, 1.82358166967e-06],
        "median": [0.00148178602103, 0.001764609362, 0.000116985771456, 4.19675270678e-05, 0.00014048468438, 0.000179876195034, 0.000182965071872, 9.86942977761e-05, 0.00012651605357, 6.3312909333e-05, 0.000100811688753, 6.21318104095e-05, 3.61632119166e-05, 3.23660824506e-05, 2.63419788098e-05, 1.52102693391e-05, 1.8789918613e-05, 2.07031462196e-05, 1.7735581423e-05, 1.31301285364e-05, 2.08107467188e-05, 1.56347014126e-05, 9.29681209527e-06, 9.16124554351e-06, 8.31936631585e-06, 5.95981555307e-06, 5.03406317875e-06, 4.74666285299e-06, 3.61374168278e-06, 3.43318674823e-06, 2.31650324167e-06, 2.33048740483e-06, 2.09063773582e-06, 1.93307118934e-06, 1.47402170114e-06, 1.48948936385e-06, 1.42772125855e-06, 1.32055822633e-06, 1.04630316855e-06, 7.73437704993e-07],
        "min": [4.71008829162e-25, 4.38650247868e-25, 1.21462185615e-24, 1.43573562358e-24, 1.38033530271e-24, 1.11649308157e-24, 9.37967547829e-25, 1.71727505166e-24, 1.08620387964e-24, 2.49706109825e-24, 2.22397816046e-24, 1.2206945074e-24, 2.27293407938e-24, 2.35108771255e-24, 2.91547489453e-24, 2.10552675124e-24, 3.41547544664e-24, 3.23576386053e-24, 3.55021643913e-24, 3.10986560436e-24, 2.53779117008e-24, 2.97377743467e-24, 2.39838584027e-24, 3.98388877747e-24, 3.38938426663e-24, 3.75194631639e-24, 4.10006353412e-24, 4.18874333278e-24, 4.6143720509e-24, 4.6508612065e-24, 4.22905057516e-24, 5.51716655894e-24, 4.98479943832e-24, 5.18411855666e-24, 5.00712341307e-24, 3.44906396069e-24, 5.33484975969e-24, 4.88694203189e-24, 6.15399582392e-24, 4.9433739856e-24],
        "var": [7.27673541405e-05, 2.36928717641e-05, 2.71116437034e-06, 2.69760334959e-07, 2.23216730433e-07, 3.6023800476e-07, 4.18681906922e-07, 1.17000354294e-07, 7.79902563863e-07, 8.78135821836e-08, 5.83366102092e-07, 2.28634263522e-07, 6.25983176405e-08, 2.98553963773e-08, 1.69878191514e-08, 3.00994829061e-09, 7.68800045847e-09, 5.20306331353e-09, 4.89593654507e-09, 3.08582559505e-09, 8.98560603702e-09, 5.58392043715e-09, 9.37141475532e-10, 5.41580336133e-10, 4.34993874254e-10, 2.4398469356e-10, 1.69728550659e-10, 1.20689749861e-10, 9.51397988169e-11, 9.22986340135e-11, 9.73432792706e-11, 5.83236722806e-11, 6.63686328117e-11, 6.16743392468e-11, 4.08783146222e-11, 5.13555482862e-11, 3.30409033467e-11, 2.58111431534e-11, 1.32566822103e-11, 9.10931399756e-12]
    },
    "mfcc": {
        "mean": [-649.883361816, 108.603988647, -6.77248191833, 11.544793129, 1.21710050106, 0.519969105721, 0.0990481302142, 8.21547031403, 8.49164295197, 7.12199640274, 4.12718343735, 7.77466011047, 6.7297873497],
        "cov": [[16734.2890625, -848.216003418, 1589.8203125, 1174.52087402, 1076.13757324, 767.218383789, 329.404052734, 440.927734375, 145.45475769, 140.725128174, 29.7611064911, 68.5771713257, 15.5998973846], [-848.216003418, 1979.18322754, -562.090820312, -224.901947021, -439.088592529, -286.962249756, -150.936004639, -132.719863892, -17.7570705414, -26.6496753693, -24.1054573059, 30.1065196991, 77.1217880249], [1589.8203125, -562.090820312, 1033.03796387, 501.004760742, 561.638793945, 290.206817627, 100.363868713, 85.2676391602, -3.67270231247, 35.3350067139, 67.4724502563, 52.9230918884, 15.8366966248], [1174.52087402, -224.901947021, 501.004760742, 609.338012695, 539.061767578, 283.526245117, 172.651321411, 105.455749512, 50.9047012329, 72.7345962524, 57.0005187988, 67.7795562744, 58.8088645935], [1076.13757324, -439.088592529, 561.638793945, 539.061767578, 677.300842285, 352.627716064, 218.561325073, 165.579940796, 94.9183044434, 102.602607727, 94.4766387939, 89.465461731, 69.9270629883], [767.218383789, -286.962249756, 290.206817627, 283.526245117, 352.627716064, 292.168731689, 184.071655273, 118.641403198, 51.1362876892, 48.3767127991, 37.8182220459, 21.294670105, 21.5232219696], [329.404052734, -150.936004639, 100.363868713, 172.651321411, 218.561325073, 184.071655273, 227.90184021, 152.576217651, 78.1651535034, 56.1892929077, 35.3687705994, 16.7934017181, 19.4607086182], [440.927734375, -132.719863892, 85.2676391602, 105.455749512, 165.579940796, 118.641403198, 152.576217651, 184.890258789, 112.620307922, 64.0517272949, 44.8968544006, 24.1705322266, 16.9539775848], [145.45475769, -17.7570705414, -3.67270231247, 50.9047012329, 94.9183044434, 51.1362876892, 78.1651535034, 112.620307922, 142.259475708, 81.5751190186, 48.124004364, 30.9852294922, 20.9147281647], [140.725128174, -26.6496753693, 35.3350067139, 72.7345962524, 102.602607727, 48.3767127991, 56.1892929077, 64.0517272949, 81.5751190186, 103.887802124, 66.827911377, 31.981760025, 15.9712753296], [29.7611064911, -24.1054573059, 67.4724502563, 57.0005187988, 94.4766387939, 37.8182220459, 35.3687705994, 44.8968544006, 48.124004364, 66.827911377, 107.26197052, 67.3329620361, 29.4199428558], [68.5771713257, 30.1065196991, 52.9230918884, 67.7795562744, 89.465461731, 21.294670105, 16.7934017181, 24.1705322266, 30.9852294922, 31.981760025, 67.3329620361, 108.343803406, 67.6581573486], [15.5998973846, 77.1217880249, 15.8366966248, 58.8088645935, 69.9270629883, 21.5232219696, 19.4607086182, 16.9539775848, 20.9147281647, 15.9712753296, 29.4199428558, 67.6581573486, 88.7780761719]],
