{
"lowlevel": {
    "average_loudness": 0.926076233387,
    "barkbands_crest": {
        "dmean": 2.51250553131,
        "dmean2": 3.88773536682,
        "dvar": 6.45780849457,
        "dvar2": 16.0158500671,
        "max": 25.9453010559,
        "mean": 10.3943023682,
        "median": 9.26313114166,
        "min": 2.36582708359,
        "var": 21.2625980377
    },
    "barkbands_flatness_db": {
        "dmean": 0.0223977658898,
        "dmean2": 0.0337764322758,
        "dvar": 0.000616468780208,
        "dvar2": 0.0015191527782,
        "max": 0.609743654728,
        "mean": 0.141536056995,
        "median": 0.122388578951,
        "min": 0.0124581912532,
        "var": 0.00687797693536
    },
    "barkbands_kurtosis": {
        "dmean": 3.92509245872,
        "dmean2": 6.43504428864,
        "dvar": 280.04385376,
        "dvar2": 785.233520508,
        "max": 851.378967285,
        "mean": 6.11688709259,
        "median": 2.67328500748,
        "min": -1.82840025425,
        "var": 270.919281006
    },
    "barkbands_skewness": {
        "dmean": 0.529787302017,
        "dmean2": 0.814158737659,
        "dvar": 0.613085329533,
        "dvar2": 1.55419838428,
        "max": 25.8581447601,
        "mean": 1.72578644753,
        "median": 1.40206348896,
        "min": -2.14052152634,
        "var": 1.70900452137
    },
    "barkbands_spread": {
        "dmean": 5.06122970581,
        "dmean2": 7.65985584259,
        "dvar": 45.0101776123,
        "dvar2": 94.0661697388,
        "max": 107.912284851,
        "mean": 19.9728775024,
        "median": 17.5180702209,
        "min": 0.23624458909,
        "var": 184.546295166
    },
    "dissonance": {
        "dmean": 0.0207058992237,
        "dmean2": 0.0343872644007,
        "dvar": 0.000485944969114,
        "dvar2": 0.00125860644039,
        "max": 0.500000119209,
        "mean": 0.456093192101,
        "median": 0.465026825666,
        "min": 0.164322987199,
        "var": 0.00118184334133
    },
    "dynamic_complexity": 2.7737159729,
    "erbbands_crest": {
        "dmean": 2.71297931671,
        "dmean2": 4.16835927963,
        "dvar": 7.7480711937,
        "dvar2": 17.1883831024,
        "max": 30.5256977081,
        "mean": 10.5274505615,
        "median": 9.12772274017,
        "min": 2.16011404991,
        "var": 30.1361198425
    },
    "erbbands_flatness_db": {
        "dmean": 0.0172199141234,
        "dmean2": 0.0245610550046,
        "dvar": 0.000324153690599,
        "dvar2": 0.000657148426399,
        "max": 0.575036048889,
        "mean": 0.160188123584,
        "median": 0.142969846725,
        "min": 0.0320445559919,
        "var": 0.00545325269923
    },
    "erbbands_kurtosis": {
        "dmean": 1.33106565475,
        "dmean2": 2.02945208549,
        "dvar": 3.50949883461,
        "dvar2": 7.62339162827,
        "max": 35.365322113,
        "mean": 1.71124649048,
        "median": 0.718190193176,
        "min": -1.75454998016,
        "var": 10.2506475449
    },
    "erbbands_skewness": {
        "dmean": 0.352141320705,
        "dmean2": 0.518610417843,
        "dvar": 0.125170439482,
        "dvar2": 0.264976918697,
        "max": 5.615858078,
        "mean": 0.949379920959,
        "median": 0.884030222893,
        "min": -2.2495200634,
        "var": 0.588494956493
    },
    "erbbands_spread": {
        "dmean": 7.83001232147,
        "dmean2": 11.4050416946,
        "dvar": 79.2393112183,
        "dvar2": 161.025985718,
        "max": 142.762176514,
        "mean": 34.8917350769,
        "median": 30.371887207,
        "min": 1.11659002304,
        "var": 404.410522461
    },
    "hfc": {
        "dmean": 9.33129501343,
        "dmean2": 13.6793584824,
        "dvar": 190.121505737,
        "dvar2": 432.318969727,
        "max": 163.829574585,
        "mean": 27.8090362549,
        "median": 22.778963089,
        "min": 1.0734367146e-16,
        "var": 490.230377197
    },
    "melbands_crest": {
        "dmean": 3.29213023186,
        "dmean2": 5.04352283478,
        "dvar": 10.4337701797,
        "dvar2": 25.4555168152,
        "max": 39.9184799194,
        "mean": 14.776763916,
        "median": 13.3199634552,
        "min": 1.61328518391,
        "var": 39.8588218689
    },
    "melbands_flatness_db": {
        "dmean": 0.0271631609648,
        "dmean2": 0.0406641811132,
        "dvar": 0.000924699415918,
        "dvar2": 0.00220353179611,
        "max": 0.717784881592,
        "mean": 0.211372867227,
        "median": 0.193648025393,
        "min": 0.00370313809253,
        "var": 0.00959009025246
    },
    "melbands_kurtosis": {
        "dmean": 7.88673639297,
        "dmean2": 12.8944225311,
        "dvar": 2964.14306641,
        "dvar2": 8719.10058594,
        "max": 3599.60473633,
        "mean": 14.0639009476,
        "median": 6.35564804077,
        "min": -1.44016492367,
        "var": 1825.09228516
    },
    "melbands_skewness": {
        "dmean": 0.694261789322,
        "dmean2": 1.05571687222,
        "dvar": 1.27454006672,
        "dvar2": 3.28096938133,
        "max": 56.13123703,
        "mean": 2.39588141441,
        "median": 1.94616150856,
        "min": -1.28931260109,
        "var": 2.89466238022
    },
    "melbands_spread": {
        "dmean": 4.95180749893,
        "dmean2": 7.52890872955,
        "dvar": 47.8363571167,
        "dvar2": 101.460189819,
        "max": 161.130187988,
        "mean": 19.6528835297,
        "median": 17.1649627686,
        "min": 0.200722426176,
        "var": 230.110229492
    },
    "pitch_salience": {
        "dmean": 0.07409080863,
        "dmean2": 0.118013963103,
        "dvar": 0.0059486720711,
        "dvar2": 0.0156798884273,
        "max": 0.908096671104,
        "mean": 0.541850209236,
        "median": 0.548458635807,
        "min": 0.00950989685953,
        "var": 0.0162277370691
    },
    "silence_rate_20dB": {
        "dmean": 0,
        "dmean2": 0,
        "dvar": 0,
        "dvar2": 0,
        "max": 1,
        "mean": 1,
        "median": 1,
        "min": 1,
        "var": 0
    },
    "silence_rate_30dB": {
        "dmean": 0.00949503667653,
        "dmean2": 0.0189921222627,
        "dvar": 0.00940580759197,
        "dvar2": 0.0270510930568,
        "max": 1,
        "mean": 0.994713544846,
        "median": 1,
        "min": 0,
        "var": 0.0052581448108
    },
    "silence_rate_60dB": {
        "dmean": 0.0142425550148,
        "dmean2": 0.0284881833941,
        "dvar": 0.0140405157581,
        "dvar2": 0.0365289375186,
        "max": 1,
        "mean": 0.03959434852,
        "median": 0,
        "min": 0,
        "var": 0.0380257740617
    },
    "spectral_centroid": {
        "dmean": 209.144348145,
        "dmean2": 321.323669434,
        "dvar": 76711.234375,
        "dvar2": 156684.671875,
        "max": 11773.7441406,
        "mean": 1177.41809082,
        "median": 1078.8861084,
        "min": 125.874946594,
        "var": 790630.875
    },
    "spectral_complexity": {
        "dmean": 4.12257242203,
        "dmean2": 6.17502975464,
        "dvar": 25.6375808716,
        "dvar2": 45.8223953247,
        "max": 59,
        "mean": 21.8415145874,
        "median": 21,
        "min": 0,
        "var": 126.995887756
    },
    "spectral_decrease": {
        "dmean": 2.80361955873e-09,
        "dmean2": 4.28206048397e-09,
        "dvar": 1.5571100968e-17,
        "dvar2": 3.8647529271e-17,
        "max": 1.88909882124e-28,
        "mean": -9.05227182102e-09,
        "median": -8.17649326024e-09,
        "min": -3.8816857284e-08,
        "var": 3.54098947226e-17
    },
    "spectral_energy": {
        "dmean": 0.0111455917358,
        "dmean2": 0.016972322017,
        "dvar": 0.000234567458392,
        "dvar2": 0.000574778125156,
        "max": 0.149253502488,
        "mean": 0.03668769449,
        "median": 0.0333484373987,
        "min": 1.02277966607e-20,
        "var": 0.000552457524464
    },
    "spectral_energyband_high": {
        "dmean": 0.000632573210169,
        "dmean2": 0.000920374528505,
        "dvar": 1.43931617913e-06,
        "dvar2": 3.21066818287e-06,
        "max": 0.0193392876536,
        "mean": 0.00126827543136,
        "median": 0.000626878405455,
        "min": 7.14641559304e-21,
        "var": 3.64877087122e-06
    },
    "spectral_energyband_low": {
        "dmean": 0.00682063773274,
        "dmean2": 0.0108335874975,
        "dvar": 0.000211449456401,
        "dvar2": 0.000572119955905,
        "max": 0.134792670608,
        "mean": 0.0135465748608,
        "median": 0.00801877770573,
        "min": 1.70696925447e-23,
        "var": 0.000362653809134
    },
    "spectral_energyband_middle_high": {
        "dmean": 0.00265694851987,
        "dmean2": 0.00405773194507,
        "dvar": 1.87568584806e-05,
        "dvar2": 4.14938294853e-05,
        "max": 0.0604069195688,
        "mean": 0.0069137820974,
        "median": 0.00442108791322,
        "min": 1.22264655554e-21,
        "var": 5.59616746614e-05
    },
    "spectral_energyband_middle_low": {
        "dmean": 0.0059557617642,
        "dmean2": 0.00937391445041,
        "dvar": 7.70350452513e-05,
        "dvar2": 0.000172159358044,
        "max": 0.0978235453367,
        "mean": 0.0164360385388,
        "median": 0.0139109846205,
        "min": 1.75856432332e-22,
        "var": 0.000133523062686
    },
    "spectral_entropy": {
        "dmean": 0.164681047201,
        "dmean2": 0.240328982472,
        "dvar": 0.0329616628587,
        "dvar2": 0.0690912157297,
        "max": 9.81736183167,
        "mean": 7.57553482056,
        "median": 7.67493343353,
        "min": 4.25927352905,
        "var": 0.388596653938
    },
    "spectral_flux": {
        "dmean": 0.0311217550188,
        "dmean2": 0.0472137518227,
        "dvar": 0.00148190255277,
        "dvar2": 0.00279084872454,
        "max": 0.37664732337,
        "mean": 0.0901633948088,
        "median": 0.0763921514153,
        "min": 6.38747110759e-11,
        "var": 0.00333683122881
    },
    "spectral_kurtosis": {
        "dmean": 3.63317751884,
        "dmean2": 5.95500421524,
        "dvar": 247.240753174,
        "dvar2": 716.614013672,
        "max": 455.842041016,
        "mean": 9.42772579193,
        "median": 3.69858217239,
        "min": -1.24514222145,
        "var": 857.436645508
    },
    "spectral_rms": {
        "dmean": 0.000882512598764,
        "dmean2": 0.00131092651282,
        "dvar": 1.17016793411e-06,
        "dvar2": 2.60482534031e-06,
        "max": 0.0120670283213,
        "mean": 0.00562025979161,
        "median": 0.00570395123214,
        "min": 3.15885078511e-12,
        "var": 4.20552669311e-06
    },
    "spectral_rolloff": {
        "dmean": 426.1668396,
        "dmean2": 698.668640137,
        "dvar": 891071.0625,
        "dvar2": 1872161.25,
        "max": 19745.9472656,
        "mean": 1324.67919922,
        "median": 904.39453125,
        "min": 21.533203125,
        "var": 3573499.5
    },
    "spectral_skewness": {
        "dmean": 0.285512208939,
        "dmean2": 0.453304260969,
        "dvar": 0.362629443407,
        "dvar2": 1.0474793911,
        "max": 17.4660873413,
        "mean": 1.95248615742,
        "median": 1.6784658432,
        "min": -0.0904266387224,
        "var": 2.1983590126
    },
    "spectral_spread": {
        "dmean": 564279.9375,
        "dmean2": 806377.75,
        "dvar": 619698585600,
        "dvar2": 1.09046392422e+12,
        "max": 42445464,
        "mean": 5603312,
        "median": 5450744.5,
        "min": 146965.78125,
        "var": 1.11345234084e+13
    },
    "spectral_strongpeak": {
        "dmean": 0.589151382446,
        "dmean2": 0.981057703495,
        "dvar": 0.894282341003,
        "dvar2": 2.11069750786,
        "max": 11.0782346725,
        "mean": 1.19848024845,
        "median": 0.580022394657,
        "min": 0,
        "var": 1.86060452461
    },
    "zerocrossingrate": {
        "dmean": 0.0106844976544,
        "dmean2": 0.0122733153403,
        "dvar": 0.000180231421837,
        "dvar2": 0.000203614879865,
        "max": 0.80615234375,
        "mean": 0.0628320351243,
        "median": 0.0546875,
        "min": 0.00244140625,
        "var": 0.00240398501046
    },
    "barkbands": {
        "dmean": [0.000198386609554, 0.0046075033024, 0.00311685120687, 0.00163752760272, 0.00154911528807, 0.00143945985474, 0.00149410741869, 0.0015160238836, 0.000894649594557, 0.000958137097768, 0.0011765101226, 0.000633851392195, 0.000295752630336, 0.000304408924421, 0.000273373589152, 0.000203522213269, 0.000172752363142, 0.00013503721857, 0.000157025307999, 0.000112053647172, 0.000125759455841, 0.000117801224405, 9.86653540167e-05, 0.000115741466288, 0.000128928135382, 6.59424986225e-05, 1.55466805154e-05],
        "dmean2": [0.000224769231863, 0.00709130428731, 0.00556226773188, 0.00283608748578, 0.00262726983055, 0.00223702657968, 0.00240250793286, 0.00235114432871, 0.00140086421743, 0.00145642075222, 0.00182860007044, 0.00100444140844, 0.000492148799822, 0.000499299203511, 0.000441780197434, 0.000327798508806, 0.000282757886453, 0.000219703113544, 0.000252724741586, 0.00017379457131, 0.000194328982616, 0.000178598274942, 0.000150876803673, 0.000177138848812, 0.000193421728909, 0.000100703022326, 2.50993343798e-05],
        "dvar": [2.33997738519e-07, 0.000125731676235, 8.4074694314e-05, 2.04121552088e-05, 1.06205516204e-05, 8.3227550931e-06, 7.6814339991e-06, 7.24509709471e-06, 4.47745469501e-06, 3.98078100261e-06, 8.26042014523e-06, 3.01203454001e-06, 5.71717180264e-07, 3.16148430102e-07, 2.49688326903e-07, 1.18992488751e-07, 7.76553861215e-08, 5.0210942959e-08, 7.29453262238e-08, 3.71713966274e-08, 5.49225909197e-08, 5.4479951217e-08, 5.16638927195e-08, 6.33368770764e-08, 6.88680970029e-08, 2.16315196866e-08, 1.48272094602e-09],
        "dvar2": [3.24348150116e-07, 0.000325844303006, 0.000239506247453, 5.24164279341e-05, 2.76664832199e-05, 1.78907394002e-05, 1.78495592991e-05, 1.55969846674e-05, 9.66049719864e-06, 8.69962514116e-06, 1.83801967069e-05, 6.77420121065e-06, 1.50086702888e-06, 8.07162905403e-07, 6.18622891579e-07, 2.93791885042e-07, 1.93015054606e-07, 1.27939699723e-07, 1.83035751888e-07, 8.26572446044e-08, 1.30853209157e-07, 1.1924667831e-07, 1.23370952565e-07, 1.47042428011e-07, 1.52952225108e-07, 5.02418231463e-08, 3.70267838612e-09],
        "max": [0.00754098407924, 0.115473732352, 0.0967074930668, 0.0464504919946, 0.0660435333848, 0.0631978139281, 0.0495199002326, 0.0564655587077, 0.0591339357197, 0.04001442343, 0.0460832566023, 0.0406627841294, 0.0248804595321, 0.0136143695563, 0.00912551768124, 0.00463861180469, 0.00648750830442, 0.00329707073979, 0.0039996355772, 0.00396930100396, 0.00366130378097, 0.00400052499026, 0.00479965237901, 0.00507222954184, 0.00714413076639, 0.00246186438017, 0.000452034932096],
        "mean": [0.000361415121006, 0.00864548888057, 0.0035912215244, 0.00167403870728, 0.00221668253653, 0.00295343552716, 0.00292968098074, 0.00397386774421, 0.00155262509361, 0.00188697571866, 0.00196096603759, 0.000955894007348, 0.000441998214228, 0.000501086818986, 0.00046545144869, 0.000382312777219, 0.000294998288155, 0.000236616120674, 0.000292535463814, 0.000197144137928, 0.000231912446907, 0.00019540800713, 0.000160510579008, 0.000216481959797, 0.000256994972005, 9.55966897891e-05, 1.6305135432e-05],
        "median": [1.09482934931e-05, 0.00267253816128, 0.000839579501189, 0.000526383984834, 0.00107807805762, 0.0017648577923, 0.00185649993364, 0.00214688619599, 0.000716018490493, 0.000758351990953, 0.000548832234927, 0.000308930902975, 0.000242998750764, 0.000240868350375, 0.000250493554631, 0.000213052830077, 0.000178066984517, 0.00014841632219, 0.000168067053892, 0.000103288017272, 0.000113731774036, 6.99855663697e-05, 4.17179326178e-05, 9.77316958597e-05, 0.000126671846374, 2.50883222179e-05, 1.59476269346e-06],
        "min": [5.39985643423e-25, 3.00554269395e-24, 3.38506091444e-24, 1.57646870489e-24, 6.34480904955e-24, 1.26754320134e-23, 1.17903292889e-23, 8.70889659817e-24, 1.71115274162e-23, 1.9763278616e-23, 3.7555010814e-23, 3.08023867089e-23, 2.53740044727e-23, 3.95805374059e-23, 5.60411457126e-23, 6.79843357345e-23, 7.80937964942e-23, 8.71349818161e-23, 1.6359401239e-22, 1.76733822364e-22, 2.23311931497e-22, 3.36862892601e-22, 4.10639512107e-22, 5.97352033647e-22, 9.19448308383e-22, 1.24819676314e-21, 1.98697991982e-21],
        "var": [8.86715554316e-07, 0.0002264266368, 6.02329600952e-05, 1.74145261553e-05, 1.31511251311e-05, 1.80287115654e-05, 1.45289004649e-05, 2.46894014708e-05, 8.22035417514e-06, 1.08422627818e-05, 1.8159937099e-05, 6.06678122494e-06, 5.61668798582e-07, 5.36723916866e-07, 3.84508581419e-07, 2.33483419265e-07, 1.34261298967e-07, 8.21566814579e-08, 1.3335520066e-07, 7.08532184035e-08, 1.17065432903e-07, 1.21939422115e-07, 1.03831759191e-07, 1.43014133869e-07, 1.98494703341e-07, 3.65228061128e-08, 1.53269186232e-09]
    },
    "erbbands": {
        "dmean": [0.143102407455, 1.10067594051, 3.21697831154, 4.90757846832, 4.25375270844, 5.86829280853, 8.71228027344, 13.2045965195, 17.4462203979, 25.5118904114, 31.3114109039, 23.0580043793, 30.6684532166, 32.6566810608, 42.0332870483, 28.0428504944, 13.8642396927, 16.257976532, 14.0392913818, 10.7641887665, 10.2688236237, 7.93308019638, 7.61629056931, 7.38928985596, 7.82980489731, 5.31488370895, 5.56677484512, 4.49979686737, 4.41532421112, 3.43323516846, 2.71190404892, 2.32907176018, 2.08293509483, 1.58109390736, 0.874964356422, 0.346269696951, 0.112889379263, 0.0293498523533, 0.002309626434, 4.67645149911e-05],
        "dmean2": [0.189819097519, 1.78721606731, 5.66685009003, 8.6777973175, 7.25774097443, 10.0042743683, 13.6568660736, 20.8509597778, 28.1689243317, 40.1906013489, 47.6477546692, 35.545539856, 46.413482666, 50.2033233643, 65.6043243408, 43.9289321899, 22.799079895, 26.5875492096, 22.7357368469, 17.3073387146, 16.4282169342, 12.8525037766, 12.3939113617, 12.0805778503, 12.4473056793, 8.29268455505, 8.79452419281, 6.85638427734, 6.73508882523, 5.36492681503, 4.14300060272, 3.51611948013, 3.23812961578, 2.3965742588, 1.33119261265, 0.533338427544, 0.174493581057, 0.046461250633, 0.00367585127242, 7.14316993253e-05],
        "dvar": [0.138122707605, 6.98301553726, 77.9494400024, 186.818710327, 129.408172607, 171.667785645, 384.280670166, 772.795959473, 1040.44372559, 2144.93652344, 3871.87182617, 2951.38012695, 4798.15722656, 6318.26171875, 14169.1357422, 6653.47314453, 1142.94702148, 913.769287109, 712.458007812, 359.371948242, 280.259887695, 174.649627686, 149.450683594, 154.980651855, 209.238128662, 88.3551483154, 120.477836609, 64.1375198364, 76.2690200806, 62.0152740479, 36.8030662537, 23.4071063995, 22.6764907837, 10.3718185425, 3.50555562973, 0.602237045765, 0.063592992723, 0.00465784780681, 3.2582815038e-05, 8.62449223149e-09],
        "dvar2": [0.270157963037, 19.6609134674, 221.141311646, 523.010498047, 317.023773193, 437.870758057, 749.585632324, 1744.19946289, 2398.9934082, 4922.95898438, 7825.29248047, 6321.42333984, 10379.9365234, 14256.0664062, 31589.5390625, 14640.7685547, 2956.21020508, 2302.6875, 1787.04040527, 870.153930664, 685.05847168, 423.701812744, 383.25201416, 406.227905273, 497.898773193, 198.010528564, 299.891113281, 142.73248291, 170.317855835, 146.089370728, 85.0131988525, 51.9558639526, 55.5897712708, 23.2584953308, 7.81991481781, 1.39905881882, 0.151083007455, 0.011248880066, 7.97721004346e-05, 2.07237214056e-08],
        "max": [4.15181970596, 28.556180954, 100.365264893, 124.572143555, 243.722503662, 342.320281982, 585.878051758, 609.276733398, 606.932678223, 880.001281738, 1550.69226074, 1534.15136719, 1586.84326172, 1837.37536621, 2268.94726562, 2015.88000488, 1157.68737793, 810.182739258, 568.88269043, 314.715362549, 229.53968811, 256.883026123, 168.277816772, 183.441482544, 221.062133789, 206.149795532, 221.008331299, 152.961990356, 148.407501221, 136.413162231, 154.120483398, 94.4404754639, 93.6563644409, 68.6384353638, 59.60887146, 15.8378553391, 3.76184773445, 0.79527670145, 0.0687370747328, 0.00112270365935],
        "mean": [0.282637417316, 1.79308986664, 4.15781545639, 5.17444849014, 5.13687038422, 8.14947128296, 15.9120349884, 27.2535362244, 34.6093673706, 57.5163650513, 85.8273086548, 46.50340271, 61.78074646, 62.9576797485, 68.3915786743, 43.5630569458, 22.355506897, 27.5590305328, 24.3813266754, 22.5929660797, 20.2064819336, 14.2697839737, 14.1656427383, 13.5867710114, 14.0035305023, 9.55335044861, 9.63763237, 8.40113925934, 7.36772251129, 5.39010095596, 4.56380224228, 4.22880935669, 3.81347942352, 3.28433704376, 1.57174384594, 0.529847383499, 0.155574798584, 0.0350268892944, 0.00250227167271, 8.82436652319e-05],
        "median": [0.0370599031448, 0.673779010773, 1.42558610439, 1.88019108772, 2.1736433506, 3.64241790771, 7.21807050705, 15.3812332153, 21.9621505737, 41.6899223328, 31.9326896667, 26.0505523682, 25.0396537781, 24.5123538971, 19.5046520233, 14.6306972504, 13.3285722733, 14.8295040131, 14.2857446671, 13.031457901, 12.8494224548, 9.07478713989, 8.99889755249, 8.1774597168, 7.50339794159, 5.0013012886, 4.73159313202, 3.85922431946, 2.8338663578, 1.47090816498, 1.22271120548, 1.53016352654, 1.79350948334, 1.65351605415, 0.703536391258, 0.160594239831, 0.0381758250296, 0.00645093759522, 0.000255414517596, 5.2849540225e-05],
        "min": [1.37400460323e-22, 7.87874538789e-22, 4.98473698578e-21, 7.30521892257e-21, 1.41338864927e-20, 2.76191438317e-20, 3.49337985909e-20, 6.32874981936e-20, 1.29552187433e-19, 2.87956331234e-19, 3.11658545452e-19, 5.07423813808e-19, 7.5589604852e-19, 8.05943474109e-19, 1.2401321286e-18, 1.52599633912e-18, 1.52584672283e-18, 2.20701320686e-18, 3.07907208995e-18, 3.14972013851e-18, 4.02609235491e-18, 4.8254275865e-18, 5.16243337576e-18, 6.19159288234e-18, 8.01461747511e-18, 8.26128852404e-18, 7.78759858318e-18, 1.16444034626e-17, 1.22537005659e-17, 1.41662339592e-17, 1.18705778032e-17, 8.80232833756e-18, 1.01033494378e-17, 8.77003934235e-18, 5.58087757787e-18, 4.4771167198e-18, 2.42831379922e-18, 9.88558173388e-19, 2.61905466914e-19, 2.78103162572e-20],
        "var": [0.406756311655, 8.67502975464, 62.66223526, 129.458892822, 127.23991394, 236.180847168, 1053.18225098, 1658.10424805, 1782.54272461, 3661.65844727, 16820.0195312, 5739.06298828, 14050.0175781, 15936.2714844, 29991.8164062, 13593.4902344, 1197.70288086, 1520.95336914, 1049.96569824, 746.362121582, 551.414428711, 296.244812012, 281.860473633, 266.381744385, 363.63659668, 164.689254761, 211.38583374, 158.063354492, 165.739151001, 116.049179077, 81.367805481, 59.4921112061, 43.9787216187, 30.9308185577, 8.79348754883, 1.10541296005, 0.100253462791, 0.00541197834536, 3.53635077772e-05, 1.18976508645e-08]
    },
    "gfcc": {
        "mean": [4.91709423065, 88.2450942993, -107.421165466, 9.20263767242, -67.2664871216, 10.1763210297, -36.3260040283, 16.4344406128, -22.3343658447, 9.47664928436, -14.4029474258, -1.46909236908, -9.01202201843],
        "cov": [[24456.4121094, -3258.1105957, -1062.62683105, 1496.48803711, -1029.45495605, 1106.5925293, -530.524719238, 1013.84417725, -357.071166992, 559.421020508, -555.733398438, 292.871429443, -480.210876465], [-3258.1105957, 2078.29125977, -317.783233643, -468.656280518, 295.465759277, -418.067352295, 138.684875488, -305.281707764, 121.843307495, -238.395690918, 170.489730835, -183.308135986, 125.735877991], [-1062.62683105, -317.783233643, 1657.79736328, 517.67590332, 167.487121582, 455.634002686, 168.832260132, 202.856338501, 33.4924049377, 186.831436157, -26.6154460907, 65.0717468262, -24.071395874], [1496.48803711, -468.656280518, 517.67590332, 828.346679688, 75.1581344604, 356.075622559, 121.192817688, 195.039276123, 48.5330886841, 118.918144226, -51.1214599609, 39.8383369446, -79.1521224976], [-1029.45495605, 295.465759277, 167.487121582, 75.1581344604, 380.440216064, 95.3474578857, 172.167617798, 26.7555408478, 112.723487854, -11.0553808212, 72.8473587036, 12.3754968643, 6.60779905319], [1106.5925293, -418.067352295, 455.634002686, 356.075622559, 95.3474578857, 445.338653564, 128.083755493, 224.60395813, 35.3633155823, 147.184020996, 2.3934276104, 60.7051429749, -28.8595561981], [-530.524719238, 138.684875488, 168.832260132, 121.192817688, 172.167617798, 128.083755493, 220.753662109, 54.9893455505, 99.8641052246, 26.3512554169, 49.2159996033, 9.22125053406, 3.59475016594], [1013.84417725, -305.281707764, 202.856338501, 195.039276123, 26.7555408478, 224.60395813, 54.9893455505, 251.52986145, 44.3037872314, 112.253929138, 8.53671646118, 57.5508956909, 3.72147107124], [-357.071166992, 121.843307495, 33.4924049377, 48.5330886841, 112.723487854, 35.3633155823, 99.8641052246, 44.3037872314, 152.866790771, 31.43334198, 53.7139358521, 25.9871196747, 6.8914513588], [559.421020508, -238.395690918, 186.831436157, 118.918144226, -11.0553808212, 147.184020996, 26.3512554169, 112.253929138, 31.43334198, 140.24118042, 25.2307224274, 50.7133674622, 7.01465034485], [-555.733398438, 170.489730835, -26.6154460907, -51.1214599609, 72.8473587036, 2.3934276104, 49.2159996033, 8.53671646118, 53.7139358521, 25.2307224274, 116.431549072, 37.2530403137, 46.563041687], [292.871429443, -183.308135986, 65.0717468262, 39.8383369446, 12.3754968643, 60.7051429749, 9.22125053406, 57.5508956909, 25.9871196747, 50.7133674622, 37.2530403137, 101.399024963, 20.0287284851], [-480.210876465, 125.735877991, -24.071395874, -79.1521224976, 6.60779905319, -28.8595561981, 3.59475016594, 3.72147107124, 6.8914513588, 7.01465034485, 46.563041687, 20.0287284851, 91.0651550293]],
        "icov": [[0.00012432874064, -0.000125627280795, 0.000258547894191, -0.000152618827997, 0.000182507719728, -0.000304943561787, 0.00021286997071, -0.000322766514728, 0.000226057061809, -0.000344901491189, 0.000535811414011, -0.000552384415641, 0.000516650557984], [-0.000125627280795, 0.00154503982048, -0.000441642099759, 0.000312708027195, -0.000715144851711, 0.000974117545411, -0.000605983310379, 0.000714997178875, -0.000975017086603, 0.00149034021888, -0.00236367597245, 0.00320274941623, -0.00182221503928], [0.000258547894191, -0.000441642099759, 0.00151813821867, -0.000597505830228, 5.62404238735e-05, -0.00126732920762, 0.000256731844274, -0.000357870390872, 0.000885133864358, -0.00174515985418, 0.00202463008463, -0.00161716970615, 0.000841804896481], [-0.000152618827997, 0.000312708027195, -0.000597505830228, 0.00235415482894, -0.000204899333767, -0.00057399016805, -0.00067530956585, 8.12462458271e-05, -0.000757779751439, 0.000475192675367, -6.26900236966e-06, 0.000734267930966, 0.000370439171093], [0.000182507719728, -0.000715144851711, 5.62404238735e-05, -0.000204899333767, 0.00555557943881, -0.00172262499109, -0.00167614105158, -0.000467586243758, -0.00134802539833, 0.00207920884714, -0.000790192454588, -0.00173455209006, 0.00165022246074], [-0.000304943561787, 0.000974117545411, -0.00126732920762, -0.00057399016805, -0.00172262499109, 0.00870431214571, -0.00341330352239, -0.00269585987553, 0.00205662474036, -0.00219070771709, -0.00190891954117, 0.00180316681508, -6.5951673605e-05], [0.00021286997071, -0.000605983310379, 0.000256731844274, -0.00067530956585, -0.00167614105158, -0.00341330352239, 0.010623334907, -5.70639276702e-05, -0.00385139789432, 0.000597239413764, -0.000353568757419, 0.000445544865215, 0.000391249224776], [-0.000322766514728, 0.000714997178875, -0.000357870390872, 8.12462458271e-05, -0.000467586243758, -0.00269585987553, -5.70639276702e-05, 0.00997182354331, -0.00271899113432, -0.0017323117936, -0.000131864537252, 0.000782439485192, -0.00370436580852], [0.000226057061809, -0.000975017086603, 0.000885133864358, -0.000757779751439, -0.00134802539833, 0.00205662474036, -0.00385139789432, -0.00271899113432, 0.0131770204753, -0.00418646354228, -0.000366490217857, -0.00368929700926, 0.00345044210553], [-0.000344901491189, 0.00149034021888, -0.00174515985418, 0.000475192675367, 0.00207920884714, -0.00219070771709, 0.000597239413764, -0.0017323117936, -0.00418646354228, 0.018467484042, -0.00689873611555, 0.00150120793842, -0.00263114809059], [0.000535811414011, -0.00236367597245, 0.00202463008463, -6.26900236966e-06, -0.000790192454588, -0.00190891954117, -0.000353568757419, -0.000131864537252, -0.000366490217857, -0.00689873611555, 0.0213755592704, -0.00965411961079, -0.00215669791214], [-0.000552384415641, 0.00320274941623, -0.00161716970615, 0.000734267930966, -0.00173455209006, 0.00180316681508, 0.000445544865215, 0.000782439485192, -0.00368929700926, 0.00150120793842, -0.00965411961079, 0.021595928818, -0.00612641684711], [0.000516650557984, -0.00182221503928, 0.000841804896481, 0.000370439171093, 0.00165022246074, -6.5951673605e-05, 0.000391249224776, -0.00370436580852, 0.00345044210553, -0.00263114809059, -0.00215669791214, -0.00612641684711, 0.0191530976444]]
    },
    "melbands": {
        "dmean": [0.00122728431597, 0.00152201985475, 0.000817206513602, 0.000339061458362, 0.000292189564789, 0.000283969915472, 0.000290704832878, 0.000282325549051, 0.000238070759224, 0.000148642080603, 0.000151769898366, 0.000126388054923, 0.000132360830321, 9.47687149164e-05, 4.14167407143e-05, 3.13452510454e-05, 3.4158842027e-05, 2.24761770369e-05, 1.79694707185e-05, 1.66752579389e-05, 1.2332840015e-05, 9.79732703854e-06, 7.38289509172e-06, 6.23835921942e-06, 6.60979776512e-06, 5.71644022784e-06, 4.93016841574e-06, 3.47236482412e-06, 3.66770791516e-06, 3.34501260113e-06, 2.64420054918e-06, 2.53935377259e-06, 2.47406092058e-06, 1.83037786883e-06, 1.61455977832e-06, 1.53541691361e-06, 1.48192157212e-06, 1.5080427147e-06, 1.39323481108e-06, 1.43033662425e-06],
        "dmean2": [0.00180614658166, 0.00259297690354, 0.00142502831295, 0.000576102233026, 0.000465992983663, 0.000446421967354, 0.000469796475954, 0.00044567938312, 0.000363689148799, 0.000229406112339, 0.000230432080571, 0.000195097498363, 0.000207029472222, 0.000149037499796, 6.68895518174e-05, 5.23503913428e-05, 5.61480592296e-05, 3.67009888578e-05, 2.89922754746e-05, 2.68031817541e-05, 2.00500526262e-05, 1.58991551871e-05, 1.21946195577e-05, 1.02642352431e-05, 1.09420980152e-05, 9.25850508793e-06, 7.75291846367e-06, 5.4927832025e-06, 5.93015101913e-06, 5.24180131833e-06, 4.08246341976e-06, 3.93057371184e-06, 3.90427976527e-06, 2.91219294013e-06, 2.52579843618e-06, 2.34166986957e-06, 2.28502153732e-06, 2.37493600252e-06, 2.15265754377e-06, 2.20604329115e-06],
        "dvar": [9.6985259006e-06, 1.36659627969e-05, 4.84571410198e-06, 6.12449412074e-07, 3.52466344111e-07, 3.40226222306e-07, 2.85718130044e-07, 2.56019575318e-07, 2.35502241708e-07, 1.33163965188e-07, 1.18003633531e-07, 9.52641627805e-08, 1.14228690506e-07, 5.46772724874e-08, 1.17547873657e-08, 7.41201278132e-09, 4.24819734945e-09, 1.8561033821e-09, 1.14744291846e-09, 7.68987318267e-10, 4.10223854885e-10, 2.64239435888e-10, 1.56314766686e-10, 1.03692124331e-10, 1.22518731271e-10, 1.08627849771e-10, 7.85813428217e-11, 4.22583981696e-11, 5.63453832203e-11, 3.57271538742e-11, 2.36372258572e-11, 2.51374268623e-11, 2.75510933512e-11, 1.99739270262e-11, 1.30580823932e-11, 1.17035868843e-11, 9.54119856039e-12, 1.18483131292e-11, 8.21300406156e-12, 8.97376443987e-12],
        "dvar2": [2.23740680667e-05, 3.88690459658e-05, 1.30802591229e-05, 1.571548637e-06, 7.33793399377e-07, 7.60193415772e-07, 6.62287391151e-07, 5.88770717513e-07, 4.755834766e-07, 2.85810642708e-07, 2.56195988868e-07, 2.15425558281e-07, 2.55780605585e-07, 1.22855482232e-07, 2.73390057259e-08, 1.96924876406e-08, 1.08797522103e-08, 4.74100048109e-09, 2.78803935494e-09, 1.88923077182e-09, 1.01984209966e-09, 6.50896281318e-10, 3.8928160695e-10, 2.68879724041e-10, 3.25436566584e-10, 2.7173013839e-10, 1.80207695988e-10, 9.72040364866e-11, 1.42201889153e-10, 8.61357929427e-11, 5.44609010666e-11, 5.59974913661e-11, 6.60229232397e-11, 4.82427431336e-11, 3.074792157e-11, 2.74669332417e-11, 2.17613739528e-11, 2.9556756348e-11, 1.90919034054e-11, 2.05933395336e-11],
        "max": [0.0350236184895, 0.0402467399836, 0.0185663849115, 0.016711037606, 0.0158970598131, 0.0119548337534, 0.00901301763952, 0.00937161780894, 0.0116183385253, 0.0108082443476, 0.00782602839172, 0.00715125259012, 0.00618040841073, 0.00496972259134, 0.0021526759956, 0.00326109887101, 0.00172734213993, 0.000884242821485, 0.000643169158138, 0.000352100614691, 0.000347439665347, 0.000364431441994, 0.000243574017077, 0.000132229557494, 0.000171601015609, 0.000142146396684, 0.000115026647109, 0.000184044780326, 0.000137769326102, 9.80485565378e-05, 0.000109374588646, 8.09480043245e-05, 8.44037931529e-05, 7.43089185562e-05, 0.000100727091194, 7.53390704631e-05, 5.79042243771e-05, 6.78764772601e-05, 5.53594145458e-05, 6.95239141351e-05],
        "mean": [0.0024291491136, 0.00228384137154, 0.000913807249162, 0.000444556266302, 0.000525969837327, 0.000582512293477, 0.000579031417146, 0.000660265272018, 0.000633148476481, 0.000274443387752, 0.000295392383123, 0.000233823477174, 0.000219043635298, 0.000150775173097, 6.14511154708e-05, 4.66022611363e-05, 5.37019332114e-05, 3.79891353077e-05, 3.16661353281e-05, 3.24874599755e-05, 2.20688616537e-05, 1.61494845088e-05, 1.27658440761e-05, 1.10128039523e-05, 1.11819344966e-05, 9.85341648629e-06, 8.65705169417e-06, 5.76391403229e-06, 5.85822635912e-06, 5.79872539674e-06, 4.61135005025e-06, 4.17323690272e-06, 3.65380128642e-06, 2.75174488706e-06, 2.58141494669e-06, 2.59096213995e-06, 2.59411035586e-06, 2.59666785496e-06, 2.69488282356e-06, 2.84899124381e-06],
        "median": [0.000577463244554, 0.00114992272574, 0.000362124003004, 0.000204540556297, 0.000261521723587, 0.000335428718245, 0.000370044028386, 0.000501569535118, 0.000218816596316, 0.000133407957037, 0.000111986140837, 8.32170408103e-05, 6.27587869531e-05, 4.64345248474e-05, 2.49651693593e-05, 2.51540332101e-05, 2.47377556661e-05, 2.14847004827e-05, 1.69581071532e-05, 1.75813747774e-05, 1.33770072352e-05, 9.4379456641e-06, 7.83588347986e-06, 7.05261300027e-06, 6.32359206065e-06, 5.39442180525e-06, 4.25689631811e-06, 2.86133445115e-06, 2.75498655355e-06, 2.83986469185e-06, 1.9183448785e-06, 1.60746765232e-06, 1.07552034478e-06, 6.79576828588e-07, 6.53519350635e-07, 7.55159476284e-07, 9.57260454015e-07, 1.1907783346e-06, 1.27449516185e-06, 1.40350925903e-06],
        "min": [1.81584282734e-24, 2.56345577355e-24, 1.66426892365e-24, 1.21621515796e-24, 1.1707958997e-24, 1.67373249349e-24, 1.91603644534e-24, 3.65753228781e-24, 2.07840314952e-24, 2.93059854137e-24, 3.56394340774e-24, 2.58036540148e-24, 5.7992975341e-24, 2.88077901698e-24, 2.58624024586e-24, 2.72010422224e-24, 3.18221756001e-24, 3.71163394641e-24, 4.26999048399e-24, 4.70304277766e-24, 4.09562776925e-24, 4.20651360796e-24, 4.16671320871e-24, 4.41592738487e-24, 4.06154503384e-24, 5.90238666605e-24, 4.72129780787e-24, 4.58570918434e-24, 4.64705219162e-24, 4.6926400689e-24, 4.96210193792e-24, 4.7360483235e-24, 6.16274823567e-24, 6.62753837571e-24, 6.35261640593e-24, 7.07086321608e-24, 3.62575184295e-24, 6.31906220733e-24, 6.65927503878e-24, 7.73115557097e-24],
        "var": [2.20434958464e-05, 1.33676148835e-05, 3.70334237232e-06, 6.96772815445e-07, 8.89500597623e-07, 7.23689936422e-07, 5.09983522079e-07, 4.28788439422e-07, 9.76914975581e-07, 2.57797950098e-07, 3.43545849546e-07, 2.3957159101e-07, 2.4821167699e-07, 1.18869365906e-07, 1.91731857058e-08, 6.85041579018e-09, 6.85457290928e-09, 2.64945221318e-09, 1.80822601337e-09, 1.67391656092e-09, 7.12858883034e-10, 4.28628882387e-10, 2.56243665175e-10, 1.69069910849e-10, 2.00735206235e-10, 1.7180852574e-10, 1.40469899601e-10, 7.27676391366e-11, 8.68575419921e-11, 7.38242869613e-11, 5.34470974423e-11, 5.31306908191e-11, 5.00926418401e-11, 3.40247829911e-11, 2.73991142274e-11, 2.52015838753e-11, 2.26879591503e-11, 2.15532938719e-11, 2.03943546079e-11, 2.53491967001e-11]
    },
    "mfcc": {
        "mean": [-632.658691406, 122.729057312, 7.85360574722, 4.95078706741, -5.43081521988, -7.44341087341, -0.801471114159, -4.13611125946, 4.36873102188, 2.17221856117, 1.9804289341, 1.81953597069, 1.90863788128],
        "cov": [[11424.0517578, -787.427490234, 10.5294427872, 272.785430908, 191.267593384, 145.241455078, 239.226989746, 288.193267822, 284.707641602, 279.224212646, 179.454284668, 148.066268921, 144.313598633], [-787.427490234, 1534.36279297, -428.087097168, -161.922714233, -149.90423584, -168.155197144, -127.82056427, -101.869010925, -98.7905349731, -53.8788871765, -53.8382301331, -37.0552330017, -48.8570671082], [10.5294427872, -428.087097168, 1289.26208496, 270.556854248, 258.951141357, 255.561157227, 257.855957031, 77.964050293, 202.926849365, 72.2938308716, 128.422561646, 48.0222206116, 44.1513061523], [272.785430908, -161.922714233, 270.556854248, 475.766784668, 164.51675415, 182.788070679, 103.931350708, 127.014915466, 89.7082595825, 79.0558242798, 66.2723083496, 46.4633598328, 32.8605995178], [191.267593384, -149.90423584, 258.951141357, 164.51675415, 270.90145874, 141.580383301, 143.384399414, 124.211105347, 96.0332870483, 82.4985733032, 73.0371856689, 52.6198501587, 43.1152114868], [145.241455078, -168.155197144, 255.561157227, 182.788070679, 141.580383301, 271.153503418, 129.999816895, 129.099945068, 69.6875534058, 103.209129333, 64.9989242554, 43.3600540161, 50.1357078552], [239.226989746, -127.82056427, 257.855957031, 103.931350708, 143.384399414, 129.999816895, 228.588607788, 96.7155685425, 112.417709351, 65.4606933594, 71.7902755737, 50.4618377686, 42.2629966736], [288.193267822, -101.869010925, 77.964050293, 127.014915466, 124.211105347, 129.099945068, 96.7155685425, 191.514190674, 77.5991287231, 91.5410308838, 62.4734573364, 61.4997787476, 46.8542442322], [284.707641602, -98.7905349731, 202.926849365, 89.7082595825, 96.0332870483, 69.6875534058, 112.417709351, 77.5991287231, 147.343582153, 68.8371810913, 69.5313644409, 38.0857810974, 26.2400188446], [279.224212646, -53.8788871765, 72.2938308716, 79.0558242798, 82.4985733032, 103.209129333, 65.4606933594, 91.5410308838, 68.8371810913, 143.346939087, 61.1956787109, 43.2383842468, 41.3824310303], [179.454284668, -53.8382301331, 128.422561646, 66.2723083496, 73.0371856689, 64.9989242554, 71.7902755737, 62.4734573364, 69.5313644409, 61.1956787109, 102.380142212, 53.8134231567, 27.7584991455], [148.066268921, -37.0552330017, 48.0222206116, 46.4633598328, 52.6198501587, 43.3600540161, 50.4618377686, 61.4997787476, 38.0857810974, 43.2383842468, 53.8134231567, 92.6722412109, 43.0650138855], [144.313598633, -48.8570671082, 44.1513061523, 32.8605995178, 43.1152114868, 50.1357078552, 42.2629966736, 46.8542442322, 26.2400188446, 41.3824310303, 27.7584991455, 43.0650138855, 75.4653320312]],
