{
"lowlevel": {
    "average_loudness": 0.885096728802,
    "barkbands_crest": {
        "dmean": 2.89457893372,
        "dmean2": 4.53953886032,
        "dvar": 7.83239269257,
        "dvar2": 18.8576030731,
        "max": 26.4563064575,
        "mean": 12.2473707199,
        "median": 10.7076435089,
        "min": 2.15287160873,
        "var": 35.1870346069
    },
    "barkbands_flatness_db": {
        "dmean": 0.0258890483528,
        "dmean2": 0.0390249416232,
        "dvar": 0.00104245427065,
        "dvar2": 0.00228229840286,
        "max": 0.529485166073,
        "mean": 0.141043499112,
        "median": 0.129087030888,
        "min": 0.016122950241,
        "var": 0.0061201187782
    },
    "barkbands_kurtosis": {
        "dmean": 4.43189001083,
        "dmean2": 6.8030424118,
        "dvar": 96.6088638306,
        "dvar2": 209.937744141,
        "max": 189.186889648,
        "mean": 6.94547843933,
        "median": 2.74319386482,
        "min": -1.75842809677,
        "var": 230.560516357
    },
    "barkbands_skewness": {
        "dmean": 0.631448686123,
        "dmean2": 0.962489247322,
        "dvar": 0.619217455387,
        "dvar2": 1.37816357613,
        "max": 12.7608575821,
        "mean": 2.02980422974,
        "median": 1.7563123703,
        "min": -3.11646413803,
        "var": 2.29102754593
    },
    "barkbands_spread": {
        "dmean": 6.5547208786,
        "dmean2": 9.6348361969,
        "dvar": 55.20860672,
        "dvar2": 113.580673218,
        "max": 106.345901489,
        "mean": 23.4435272217,
        "median": 22.3375816345,
        "min": 0.56690376997,
        "var": 182.945037842
    },
    "dissonance": {
        "dmean": 0.0147623894736,
        "dmean2": 0.0243080761284,
        "dvar": 0.000200835158466,
        "dvar2": 0.000513732084073,
        "max": 0.500000178814,
        "mean": 0.472074210644,
        "median": 0.477774381638,
        "min": 0.280064970255,
        "var": 0.000560726562981
    },
    "dynamic_complexity": 2.80852031708,
    "erbbands_crest": {
        "dmean": 2.35579490662,
        "dmean2": 3.81234264374,
        "dvar": 5.6203379631,
        "dvar2": 13.5484323502,
        "max": 32.2632865906,
        "mean": 7.38121843338,
        "median": 6.23161697388,
        "min": 2.25692534447,
        "var": 16.9954605103
    },
    "erbbands_flatness_db": {
        "dmean": 0.013517908752,
        "dmean2": 0.0194722618908,
        "dvar": 0.00021531242237,
        "dvar2": 0.000378747383365,
        "max": 0.536084115505,
        "mean": 0.136353433132,
        "median": 0.120093345642,
        "min": 0.0490046851337,
        "var": 0.00345058809035
    },
    "erbbands_kurtosis": {
        "dmean": 0.615914583206,
        "dmean2": 0.967740654945,
        "dvar": 0.828978836536,
        "dvar2": 1.93559789658,
        "max": 27.1187953949,
        "mean": -0.249474287033,
        "median": -0.546403050423,
        "min": -1.88852310181,
        "var": 1.55432748795
    },
    "erbbands_skewness": {
        "dmean": 0.349440038204,
        "dmean2": 0.532385826111,
        "dvar": 0.103233210742,
        "dvar2": 0.241271808743,
        "max": 5.03779792786,
        "mean": 0.226802691817,
        "median": 0.209604650736,
        "min": -2.28341150284,
        "var": 0.361864835024
    },
    "erbbands_spread": {
        "dmean": 8.40502357483,
        "dmean2": 12.8099117279,
        "dvar": 77.947555542,
        "dvar2": 177.659790039,
        "max": 116.197601318,
        "mean": 45.4578437805,
        "median": 44.7191085815,
        "min": 3.68604183197,
        "var": 260.021453857
    },
    "hfc": {
        "dmean": 8.97908401489,
        "dmean2": 12.2463979721,
        "dvar": 263.450561523,
        "dvar2": 523.40057373,
        "max": 266.765136719,
        "mean": 25.5428066254,
        "median": 19.1955718994,
        "min": 1.10512520977e-16,
        "var": 638.471862793
    },
    "melbands_crest": {
        "dmean": 3.55505824089,
        "dmean2": 5.77901792526,
        "dvar": 12.113445282,
        "dvar2": 33.2720413208,
        "max": 36.2836380005,
        "mean": 17.0438899994,
        "median": 15.7361879349,
        "min": 1.57761418819,
        "var": 50.2685890198
    },
    "melbands_flatness_db": {
        "dmean": 0.031327098608,
        "dmean2": 0.0475667454302,
        "dvar": 0.0014444286935,
        "dvar2": 0.00320872431621,
        "max": 0.689074218273,
        "mean": 0.212451308966,
        "median": 0.201208233833,
        "min": 0.00378125021234,
        "var": 0.0083869388327
    },
    "melbands_kurtosis": {
        "dmean": 11.4683923721,
        "dmean2": 18.0368461609,
        "dvar": 567.968994141,
        "dvar2": 1320.89575195,
        "max": 415.167999268,
        "mean": 22.2937335968,
        "median": 11.7510147095,
        "min": -1.42844641209,
        "var": 1216.77758789
    },
    "melbands_skewness": {
        "dmean": 0.905650913715,
        "dmean2": 1.41044819355,
        "dvar": 1.18126833439,
        "dvar2": 2.77474761009,
        "max": 15.7122688293,
        "mean": 3.4816198349,
        "median": 2.99924945831,
        "min": -1.1951457262,
        "var": 4.28990793228
    },
    "melbands_spread": {
        "dmean": 6.82747602463,
        "dmean2": 10.596321106,
        "dvar": 71.0666275024,
        "dvar2": 153.92565918,
        "max": 196.738021851,
        "mean": 20.5479068756,
        "median": 16.552482605,
        "min": 0.611593604088,
        "var": 254.895904541
    },
    "pitch_salience": {
        "dmean": 0.0880999788642,
        "dmean2": 0.143726408482,
        "dvar": 0.0102813132107,
        "dvar2": 0.0264924615622,
        "max": 0.923953592777,
        "mean": 0.497058838606,
        "median": 0.515417516232,
        "min": 0.0364292189479,
        "var": 0.0263971891254
    },
    "silence_rate_20dB": {
        "dmean": 0,
        "dmean2": 0,
        "dvar": 0,
        "dvar2": 0,
        "max": 1,
        "mean": 1,
        "median": 1,
        "min": 1,
        "var": 0
    },
    "silence_rate_30dB": {
        "dmean": 0.000388161075534,
        "dmean2": 0.000776397529989,
        "dvar": 0.000388023880078,
        "dvar2": 0.00116404716391,
        "max": 1,
        "mean": 0.999805927277,
        "median": 1,
        "min": 0,
        "var": 0.000194020583876
    },
    "silence_rate_60dB": {
        "dmean": 0.0114507516846,
        "dmean2": 0.0229037273675,
        "dvar": 0.011318558827,
        "dvar2": 0.025674758479,
        "max": 1,
        "mean": 0.035804387182,
        "median": 0,
        "min": 0,
        "var": 0.0345223508775
    },
    "spectral_centroid": {
        "dmean": 319.924041748,
        "dmean2": 469.361694336,
        "dvar": 114777.0625,
        "dvar2": 237625.734375,
        "max": 11812.5263672,
        "mean": 1495.07067871,
        "median": 1435.19250488,
        "min": 171.914627075,
        "var": 552759.625
    },
    "spectral_complexity": {
        "dmean": 5.04065990448,
        "dmean2": 7.5265917778,
        "dvar": 36.833820343,
        "dvar2": 71.6920318604,
        "max": 63,
        "mean": 23.413061142,
        "median": 23,
        "min": 0,
        "var": 160.188308716
    },
    "spectral_decrease": {
        "dmean": 2.30786256772e-09,
        "dmean2": 3.67409280777e-09,
        "dvar": 8.10884492741e-18,
        "dvar2": 1.92934881707e-17,
        "max": 9.92169111832e-29,
        "mean": -9.82285719431e-09,
        "median": -8.84791084843e-09,
        "min": -3.14029406923e-08,
        "var": 4.22802782195e-17
    },
    "spectral_energy": {
        "dmean": 0.0090891122818,
        "dmean2": 0.014402336441,
        "dvar": 0.000126019804156,
        "dvar2": 0.00029618976987,
        "max": 0.123374775052,
        "mean": 0.0393904186785,
        "median": 0.0358217135072,
        "min": 1.00818946023e-20,
        "var": 0.000663123151753
    },
    "spectral_energyband_high": {
        "dmean": 0.000757812464144,
        "dmean2": 0.00102499593049,
        "dvar": 2.08565370485e-06,
        "dvar2": 4.2167648644e-06,
        "max": 0.0282227117568,
        "mean": 0.00150462868623,
        "median": 0.000724375713617,
        "min": 7.48476881429e-21,
        "var": 4.36631171397e-06
    },
    "spectral_energyband_low": {
        "dmean": 0.0075780749321,
        "dmean2": 0.0124850654975,
        "dvar": 0.000109748747491,
        "dvar2": 0.000284629437374,
        "max": 0.0945998355746,
        "mean": 0.0225138459355,
        "median": 0.0131665617228,
        "min": 6.10526828024e-24,
        "var": 0.000461024785182
    },
    "spectral_energyband_middle_high": {
        "dmean": 0.00179246347398,
        "dmean2": 0.00266702659428,
        "dvar": 7.73929696152e-06,
        "dvar2": 1.52386555783e-05,
        "max": 0.0382190234959,
        "mean": 0.00475187553093,
        "median": 0.00364810950123,
        "min": 1.38853029666e-21,
        "var": 2.25209496421e-05
    },
    "spectral_energyband_middle_low": {
        "dmean": 0.00547330966219,
        "dmean2": 0.00859954487532,
        "dvar": 7.19507079339e-05,
        "dvar2": 0.000193298401427,
        "max": 0.0871148779988,
        "mean": 0.0118837337941,
        "median": 0.00946680828929,
        "min": 2.31225077279e-22,
        "var": 0.000106502651761
    },
    "spectral_entropy": {
        "dmean": 0.148955672979,
        "dmean2": 0.212467908859,
        "dvar": 0.0339474827051,
        "dvar2": 0.0679951310158,
        "max": 9.8157453537,
        "mean": 7.70852470398,
        "median": 7.84052085876,
        "min": 5.01387119293,
        "var": 0.315275877714
    },
    "spectral_flux": {
        "dmean": 0.0264716371894,
        "dmean2": 0.0389798358083,
        "dvar": 0.00106969242916,
        "dvar2": 0.0018719220534,
        "max": 0.340530186892,
        "mean": 0.0928977131844,
        "median": 0.0799179673195,
        "min": 6.74501079989e-11,
        "var": 0.00281098578125
    },
    "spectral_kurtosis": {
        "dmean": 1.83014047146,
        "dmean2": 3.08271431923,
        "dvar": 31.3779602051,
        "dvar2": 91.3460159302,
        "max": 206.425201416,
        "mean": 5.1675028801,
        "median": 3.03648042679,
        "min": -1.33493113518,
        "var": 148.643829346
    },
    "spectral_rms": {
        "dmean": 0.000732924323529,
        "dmean2": 0.00113874289673,
        "dvar": 6.72354758535e-07,
        "dvar2": 1.48618107687e-06,
        "max": 0.0109711270779,
        "mean": 0.00577085092664,
        "median": 0.00591168459505,
        "min": 3.13623909828e-12,
        "var": 5.12702172273e-06
    },
    "spectral_rolloff": {
        "dmean": 519.938842773,
        "dmean2": 852.970703125,
        "dvar": 491069.25,
        "dvar2": 1074921.25,
        "max": 19099.9511719,
        "mean": 1235.97167969,
        "median": 753.662109375,
        "min": 64.599609375,
        "var": 1778862.5
    },
    "spectral_skewness": {
        "dmean": 0.205604597926,
        "dmean2": 0.328816860914,
        "dvar": 0.0930442884564,
        "dvar2": 0.251722216606,
        "max": 11.3087282181,
        "mean": 1.50104343891,
        "median": 1.35867273808,
        "min": -0.0713219046593,
        "var": 0.673770010471
    },
    "spectral_spread": {
        "dmean": 417603.59375,
        "dmean2": 592334.1875,
        "dvar": 468532101120,
        "dvar2": 932355244032,
        "max": 49463588,
        "mean": 4768883,
        "median": 4944744,
        "min": 446264.84375,
        "var": 3.45427043942e+12
    },
    "spectral_strongpeak": {
        "dmean": 0.360308855772,
        "dmean2": 0.615161180496,
        "dvar": 0.614408075809,
        "dvar2": 1.6260008812,
        "max": 15.7685613632,
        "mean": 0.671158790588,
        "median": 0.477398097515,
        "min": 0,
        "var": 0.731826722622
    },
    "zerocrossingrate": {
        "dmean": 0.0107573503628,
        "dmean2": 0.0120017956942,
        "dvar": 0.000152930704644,
        "dvar2": 0.000179975802894,
        "max": 0.83349609375,
        "mean": 0.0554440841079,
        "median": 0.05078125,
        "min": 0.001953125,
        "var": 0.00167486490682
    },
    "barkbands": {
        "dmean": [0.000322984386003, 0.00647495221347, 0.00294918217696, 0.00177682691719, 0.00227533373982, 0.00130009942222, 0.000987551640719, 0.000911219685804, 0.00067587668309, 0.000455715693533, 0.000340648723068, 0.000260378757957, 0.000297379738186, 0.000201979011763, 0.000235660030739, 0.000297428516205, 0.000352625851519, 0.000287281814963, 0.000284865382127, 0.000260123197222, 0.000186852994375, 0.000125119971926, 0.000123313046061, 0.000109644774057, 9.50882676989e-05, 6.10522620264e-05, 1.21884640976e-05],
        "dmean2": [0.000502563896589, 0.0103216208518, 0.00502491137013, 0.00301574659534, 0.00366742862388, 0.00207650801167, 0.0015401992714, 0.00143814447802, 0.00106784864329, 0.000728415441699, 0.000566972070374, 0.000441385083832, 0.000485745957121, 0.000336360360961, 0.000379096920369, 0.000483063253341, 0.000568818999454, 0.000468624668429, 0.000437325885287, 0.000406471430324, 0.000281703803921, 0.000187422687304, 0.000169615450432, 0.000150913576363, 0.000128519313876, 8.24388916953e-05, 1.99722981051e-05],
        "dvar": [5.30258830622e-07, 8.77342099557e-05, 3.59685727744e-05, 1.17998406495e-05, 1.87013029063e-05, 4.54600331068e-06, 3.35193271894e-06, 2.15478689825e-06, 1.25035057863e-06, 8.76629428603e-07, 4.32786180227e-07, 1.7777500716e-07, 3.55913897465e-07, 9.8380311897e-08, 1.54858057044e-07, 3.14280811153e-07, 3.69832093838e-07, 2.60260378582e-07, 3.08481901357e-07, 2.0630893971e-07, 1.5171758605e-07, 6.60162911004e-08, 6.11122175087e-08, 5.45428164855e-08, 4.1534487849e-08, 1.77110131006e-08, 1.26665467004e-09],
        "dvar2": [1.47133005157e-06, 0.000200347218197, 9.956771828e-05, 3.21772422467e-05, 4.92014878546e-05, 1.17910230983e-05, 6.91525519869e-06, 5.22926075064e-06, 2.90026559924e-06, 1.95219786292e-06, 1.03508205029e-06, 4.83162182263e-07, 8.82846450168e-07, 2.52157718705e-07, 3.75381461026e-07, 8.27722942631e-07, 8.67490200562e-07, 6.23934568011e-07, 6.54857956306e-07, 4.76350891176e-07, 3.59102131142e-07, 1.49966410845e-07, 1.27694448793e-07, 1.11057474328e-07, 7.86618130633e-08, 3.29019407275e-08, 3.15571679899e-09],
        "max": [0.0176678039134, 0.0865543112159, 0.0697367936373, 0.0428939461708, 0.0507541336119, 0.0426455922425, 0.0438343808055, 0.0310528595001, 0.0240973643959, 0.0243918392807, 0.018521476537, 0.0140373185277, 0.0166734643281, 0.00733154406771, 0.00815540365875, 0.0125773688778, 0.00995800178498, 0.00878686271608, 0.0135643640533, 0.00807956419885, 0.00785748567432, 0.00665207812563, 0.00343753187917, 0.00510249333456, 0.0024962220341, 0.00169875472784, 0.000576778547838],
        "mean": [0.000566159200389, 0.01731646806, 0.00351802376099, 0.00215833354741, 0.00328398752026, 0.00219330890104, 0.00147020653822, 0.00146039901301, 0.0010363899637, 0.000711858738214, 0.000474463100545, 0.000390438683098, 0.000455736619188, 0.000308653427055, 0.000387615436921, 0.000470850238344, 0.000561866909266, 0.000443344091764, 0.000463457457954, 0.000469345541205, 0.00032198894769, 0.000228286837228, 0.0002140870929, 0.000192644118215, 0.000176515008206, 0.000104028928035, 1.19977157738e-05],
        "median": [0.000113621194032, 0.00698488671333, 0.00130808912218, 0.000833253841847, 0.0015896265395, 0.000944518251345, 0.000689099309966, 0.00061780156102, 0.000462064956082, 0.000320444640238, 0.00023933922057, 0.00023766895174, 0.000228290242376, 0.000194373249542, 0.000240117718931, 0.000273108656984, 0.000301808351651, 0.000226728763664, 0.000224192102905, 0.000223987546633, 0.000159255781909, 9.18517471291e-05, 6.18113408564e-05, 4.54457185697e-05, 2.97281803796e-05, 1.06000552478e-05, 2.42493058522e-07],
        "min": [7.22970410644e-25, 3.49232272615e-24, 1.237115436e-24, 1.94270211331e-24, 3.51693755298e-23, 3.32399132635e-23, 1.98766442389e-23, 2.16572689628e-23, 3.89857078844e-23, 2.76700472462e-23, 1.91718553958e-23, 3.78830601992e-23, 4.70521230292e-23, 4.93699667627e-23, 7.11542943961e-23, 1.00599676265e-22, 1.56576204803e-22, 9.26064137696e-23, 1.80001915322e-22, 2.48492169643e-22, 3.19798127281e-22, 3.7691912891e-22, 4.65977284193e-22, 7.93615022798e-22, 9.31260370789e-22, 1.50175034008e-21, 2.15152847915e-21],
        "var": [1.08126550913e-06, 0.000378824857762, 3.49548463419e-05, 1.29252794068e-05, 2.32962920563e-05, 1.10863920781e-05, 6.15781891611e-06, 5.05308025822e-06, 3.00578744827e-06, 2.07873154068e-06, 6.47526348985e-07, 2.49453762535e-07, 6.37858192931e-07, 1.49179385289e-07, 2.45476286409e-07, 4.37404253262e-07, 6.85172892645e-07, 4.5363759682e-07, 5.36955155894e-07, 4.84678139401e-07, 2.37590484176e-07, 1.19443996027e-07, 1.20604710219e-07, 1.08619609307e-07, 9.35911685929e-08, 3.6315860541e-08, 1.21957233201e-09]
    },
    "erbbands": {
        "dmean": [0.195132285357, 1.58179950714, 3.21805405617, 4.6794128418, 6.81378889084, 8.17784023285, 9.84427642822, 10.988067627, 13.7572946548, 17.7233314514, 15.9359350204, 17.4383392334, 13.8545036316, 12.3138151169, 14.2576179504, 11.1111068726, 13.2306118011, 10.3831977844, 12.1923646927, 12.1810808182, 15.5492324829, 16.274061203, 17.2669811249, 14.6757106781, 13.0982227325, 13.1563453674, 8.70715141296, 6.5712647438, 4.51755523682, 4.2518992424, 3.37305092812, 2.44938468933, 1.79983508587, 1.17956280708, 0.645270109177, 0.29753908515, 0.107370331883, 0.0264653302729, 0.00160169845913, 3.48509092873e-05],
        "dmean2": [0.270482450724, 2.46755480766, 5.32520008087, 7.92246198654, 11.2534046173, 13.4389371872, 16.0856666565, 17.6164321899, 21.1267719269, 27.5421733856, 25.372133255, 27.4152641296, 22.0006637573, 20.1654281616, 23.7058620453, 18.5936203003, 21.5933132172, 17.0510215759, 19.8812942505, 19.3676013947, 24.8118476868, 25.8245182037, 27.9131317139, 23.3265914917, 19.9956092834, 20.7209148407, 13.3392038345, 9.78840923309, 6.8339266777, 6.20317029953, 4.66658496857, 3.47284197807, 2.50098204613, 1.61634230614, 0.884508669376, 0.411371737719, 0.146964654326, 0.0390333756804, 0.00259642023593, 5.21756228409e-05],
        "dvar": [0.0874320939183, 5.03886651993, 37.3280944824, 82.2157592773, 227.178207397, 254.600830078, 298.907409668, 364.949066162, 697.354431152, 844.20501709, 696.10949707, 895.12487793, 1010.38165283, 431.973510742, 927.160217285, 307.644104004, 727.164978027, 252.228622437, 529.640563965, 366.212463379, 765.630126953, 781.907836914, 961.695007324, 744.150146484, 730.787841797, 580.236755371, 295.692077637, 192.749862671, 84.3016967773, 75.7401351929, 45.9917221069, 28.502658844, 14.3230772018, 6.27302265167, 1.97252392769, 0.424063771963, 0.0550572238863, 0.00442650774494, 2.1061157895e-05, 6.04467631504e-09],
        "dvar2": [0.179829075933, 11.8009119034, 100.960708618, 229.069946289, 583.44140625, 686.524536133, 829.072814941, 952.003479004, 1393.28466797, 1892.54541016, 1727.58789062, 2050.8659668, 2188.8972168, 1062.45788574, 2182.29638672, 824.146911621, 1796.56811523, 632.370544434, 1298.42773438, 913.296264648, 1846.39172363, 1773.00732422, 2288.94702148, 1706.2611084, 1551.49719238, 1400.44360352, 683.21081543, 451.392822266, 192.563415527, 165.775985718, 96.3930740356, 59.5258636475, 29.4582901001, 11.9017496109, 3.82357501984, 0.816663205624, 0.103676103055, 0.0097993677482, 5.21597321494e-05, 1.36946782803e-08],
        "max": [3.93373727798, 21.9698982239, 65.7255706787, 98.6721878052, 249.448394775, 202.037399292, 234.087875366, 403.996826172, 702.914306641, 663.314758301, 505.594909668, 647.258850098, 904.800842285, 610.710510254, 839.947692871, 473.920043945, 805.362854004, 411.356719971, 517.102905273, 362.441772461, 646.781799316, 404.178649902, 632.344482422, 432.193634033, 811.280212402, 479.978424072, 404.496337891, 241.972564697, 203.895614624, 191.131881714, 87.9355697632, 123.551315308, 71.5379104614, 32.7431030273, 17.1963558197, 7.61405658722, 3.12516379356, 1.11113679409, 0.06662196666, 0.00122407684103],
        "mean": [0.560942411423, 3.59290242195, 4.55784225464, 6.20476198196, 8.67844009399, 10.9955158234, 14.7627048492, 18.0556926727, 22.0195503235, 28.2249698639, 26.5114707947, 27.521686554, 22.0976104736, 19.8025436401, 20.6761512756, 17.5876998901, 21.1855602264, 17.4169864655, 19.7775650024, 21.6854610443, 26.7076644897, 27.8273296356, 27.9182605743, 23.4187736511, 22.1528644562, 23.3483848572, 15.610660553, 11.3890304565, 8.22161960602, 7.43423223495, 5.89289951324, 4.31930065155, 3.09693551064, 2.14313936234, 1.13228845596, 0.519948065281, 0.172193795443, 0.0367529243231, 0.00172254082281, 8.24217640911e-05],
        "median": [0.158251062036, 1.6299289465, 1.98353219032, 2.79686403275, 3.33117675781, 4.89560317993, 6.88746213913, 6.97215938568, 9.23252487183, 13.1541929245, 13.3104457855, 12.8863964081, 9.43514156342, 11.0040187836, 10.7233142853, 10.9031982422, 11.0542020798, 11.1977615356, 12.6513690948, 13.7723760605, 16.7667503357, 16.4469871521, 15.0419588089, 12.1604766846, 11.0473718643, 11.0797634125, 8.14484024048, 5.42109966278, 3.3802280426, 2.48025178909, 1.7104716301, 1.10721707344, 0.658164680004, 0.372228860855, 0.189672186971, 0.0633728653193, 0.0157625190914, 0.0022015250288, 7.02937322785e-05, 5.32216290594e-05],
        "min": [5.02081693398e-23, 8.97328901036e-22, 1.52483344516e-21, 1.3858070226e-20, 3.35180498919e-20, 1.50990098121e-19, 1.03796729989e-19, 3.07614097545e-19, 3.43774556517e-19, 2.9145936358e-19, 5.19287910238e-19, 7.81392029745e-19, 1.03783270209e-18, 1.11941421719e-18, 1.42133648494e-18, 1.76278764621e-18, 2.15321606815e-18, 2.931932789e-18, 3.33061730064e-18, 5.04521898783e-18, 7.42897194707e-18, 9.31132731005e-18, 7.2323453252e-18, 8.29673486765e-18, 1.02329123916e-17, 1.13077773493e-17, 1.19600928075e-17, 1.25041220518e-17, 1.22155625766e-17, 1.36388417986e-17, 1.29975567939e-17, 1.4741427233e-17, 1.35546174415e-17, 8.23328763313e-18, 6.3876694291e-18, 5.15720683506e-18, 2.57393625772e-18, 1.0783093378e-18, 3.02997395752e-19, 3.14550452884e-20],
        "var": [0.572658598423, 16.6360225677, 44.4339599609, 90.8036193848, 249.884506226, 289.960327148, 477.82019043, 934.056152344, 1656.45080566, 1941.98815918, 1456.26806641, 2215.84790039, 2351.11181641, 828.976501465, 1372.87988281, 470.042388916, 1320.24902344, 437.099700928, 713.004333496, 672.330993652, 1213.65441895, 1473.72229004, 1773.62585449, 1215.37011719, 1287.0435791, 1298.75817871, 531.345336914, 297.026855469, 151.812240601, 139.260559082, 90.7983551025, 53.3915863037, 28.7597446442, 14.0911407471, 4.0073800087, 0.874243855476, 0.105806700885, 0.00623618531972, 2.14627616515e-05, 1.00315062923e-08]
    },
    "gfcc": {
        "mean": [12.2928600311, 89.8676223755, -112.398918152, 39.7715034485, -52.3780860901, 14.3598241806, -30.5847568512, 15.6884460449, -17.2218723297, 7.41216039658, -13.1428585052, 1.38427853584, -9.7565612793],
        "cov": [[11617.2412109, -2313.15625, 348.378967285, 410.142272949, -288.166778564, 456.913238525, -540.286315918, 301.220977783, -680.47833252, 211.018341064, -423.66104126, 477.947631836, -266.912536621], [-2313.15625, 2509.41552734, -73.0981903076, 6.19380807877, 155.641967773, -359.687286377, 203.11781311, -309.508453369, 204.211425781, -285.832550049, 235.167984009, -267.705230713, 233.751205444], [348.378967285, -73.0981903076, 1007.62084961, 76.051864624, 213.162979126, 332.794036865, -38.8208236694, 7.14625930786, -48.5057601929, 32.9735984802, 6.49638366699, 195.00793457, 39.9022293091], [410.142272949, 6.19380807877, 76.051864624, 333.58996582, 103.935554504, 102.343559265, 49.3296470642, 48.7495651245, -0.993488907814, 6.6273522377, 8.74124717712, -2.15738177299, 12.9693431854], [-288.166778564, 155.641967773, 213.162979126, 103.935554504, 217.534500122, 125.327400208, 107.131622314, 31.2912654877, 68.7726135254, 12.0822753906, 49.1698875427, 17.3328304291, 38.2659339905], [456.913238525, -359.687286377, 332.794036865, 102.343559265, 125.327400208, 338.67565918, 20.8285598755, 108.254951477, 5.05130529404, 77.1237258911, -10.3309993744, 121.102546692, -4.91142892838], [-540.286315918, 203.11781311, -38.8208236694, 49.3296470642, 107.131622314, 20.8285598755, 173.529937744, 52.925945282, 109.527496338, 10.3128347397, 56.5753593445, -51.0235519409, 26.1119232178], [301.220977783, -309.508453369, 7.14625930786, 48.7495651245, 31.2912654877, 108.254951477, 52.925945282, 150.298217773, 51.0793380737, 86.8925323486, 1.04445207119, 46.6547737122, -21.5231266022], [-680.47833252, 204.211425781, -48.5057601929, -0.993488907814, 68.7726135254, 5.05130529404, 109.527496338, 51.0793380737, 179.325271606, 57.3690338135, 85.8066329956, -30.3856925964, 32.9036941528], [211.018341064, -285.832550049, 32.9735984802, 6.6273522377, 12.0822753906, 77.1237258911, 10.3128347397, 86.8925323486, 57.3690338135, 129.207687378, 35.783706665, 62.490940094, -10.304186821], [-423.66104126, 235.167984009, 6.49638366699, 8.74124717712, 49.1698875427, -10.3309993744, 56.5753593445, 1.04445207119, 85.8066329956, 35.783706665, 111.667137146, 18.3509349823, 54.3474159241], [477.947631836, -267.705230713, 195.00793457, -2.15738177299, 17.3328304291, 121.102546692, -51.0235519409, 46.6547737122, -30.3856925964, 62.490940094, 18.3509349823, 154.264175415, 30.8209247589], [-266.912536621, 233.751205444, 39.9022293091, 12.9693431854, 38.2659339905, -4.91142892838, 26.1119232178, -21.5231266022, 32.9036941528, -10.304186821, 54.3474159241, 30.8209247589, 96.4659500122]],
        "icov": [[0.000170823972439, -0.000114203896374, 6.70291046845e-05, -0.000242927912041, 5.68464893149e-05, 3.2047752029e-05, 0.0001052956286, -0.000274858059129, 0.000552873301785, -0.000486075034132, 0.000510365352966, -0.000541735033039, 0.000288627838017], [-0.000114203896374, 0.00184626912232, -0.000575873709749, 0.000130289510707, -0.000182794596185, 0.000414204492699, 0.000305889872834, 0.000807981705293, -0.00155502208509, 0.00373609969392, -0.00370851298794, 0.00291906972416, -0.00229185563512], [6.70291046845e-05, -0.000575873709749, 0.00241661490873, 4.48154860351e-05, -0.00191543798428, -0.00144083797932, 0.000495605054311, 0.00138357141986, 0.000347309192875, -0.000910337141249, 0.00169200939126, -0.00319065246731, 0.00128671363927], [-0.000242927912041, 0.000130289510707, 4.48154860351e-05, 0.00475868862122, -0.00227623921819, -0.00128042104188, 0.00118905946147, -0.00249022408389, 0.00217198464088, 0.000456124427728, -0.0027049286291, 0.00441316980869, -0.00226413458586], [5.68464893149e-05, -0.000182794596185, -0.00191543798428, -0.00227623921819, 0.0131340352818, -0.00259920791723, -0.00732690934092, 0.0027332296595, -0.00185467908159, 0.000780595815741, -0.000131951397634, -0.00149860407691, 0.000218494067667], [3.2047752029e-05, 0.000414204492699, -0.00144083797932, -0.00128042104188, -0.00259920791723, 0.00855854060501, -0.000797552347649, -0.0020052511245, -0.00128476414829, -0.000134240821353, 0.00292938668281, -0.00446568056941, 0.00128870538902], [0.0001052956286, 0.000305889872834, 0.000495605054311, 0.00118905946147, -0.00732690934092, -0.000797552347649, 0.0204143412411, -0.0109664527699, -0.00170200550929, 0.00454456172884, -0.00734857376665, 0.0106324702501, -0.00411261059344], [-0.000274858059129, 0.000807981705293, 0.00138357141986, -0.00249022408389, 0.0027332296595, -0.0020052511245, -0.0109664527699, 0.0241537243128, -0.00726336613297, -0.00634757988155, 0.00838664080948, -0.00994463916868, 0.00446722842753], [0.000552873301785, -0.00155502208509, 0.000347309192875, 0.00217198464088, -0.00185467908159, -0.00128476414829, -0.00170200550929, -0.00726336613297, 0.0217446312308, -0.0106431972235, -0.00623291684315, 0.00801179651171, -0.00322946626693], [-0.000486075034132, 0.00373609969392, -0.000910337141249, 0.000456124427728, 0.000780595815741, -0.000134240821353, 0.00454456172884, -0.00634757988155, -0.0106431972235, 0.0301256608218, -0.0148108424619, -0.000405790138757, 0.00227638566867], [0.000510365352966, -0.00370851298794, 0.00169200939126, -0.0027049286291, -0.000131951397634, 0.00292938668281, -0.00734857376665, 0.00838664080948, -0.00623291684315, -0.0148108424619, 0.034905821085, -0.0169064756483, 0.000404202466598], [-0.000541735033039, 0.00291906972416, -0.00319065246731, 0.00441316980869, -0.00149860407691, -0.00446568056941, 0.0106324702501, -0.00994463916868, 0.00801179651171, -0.000405790138757, -0.0169064756483, 0.0346495956182, -0.0168973971158], [0.000288627838017, -0.00229185563512, 0.00128671363927, -0.00226413458586, 0.000218494067667, 0.00128870538902, -0.00411261059344, 0.00446722842753, -0.00322946626693, 0.00227638566867, 0.000404202466598, -0.0168973971158, 0.0250952076167]]
    },
    "melbands": {
        "dmean": [0.00176962208934, 0.00169370905496, 0.00084189750487, 0.000524586066604, 0.000343028950738, 0.000244205002673, 0.000210942642298, 0.000198356850888, 0.000123023230117, 0.000107403553557, 6.90901943017e-05, 5.15471801918e-05, 4.50922416348e-05, 3.44518957718e-05, 2.64585451077e-05, 2.94701967505e-05, 2.03952713491e-05, 2.02494156838e-05, 1.54586214194e-05, 2.27915297728e-05, 1.92605111806e-05, 1.71826504811e-05, 2.04855386983e-05, 1.32221075546e-05, 1.26361210278e-05, 1.1294208889e-05, 8.66687423695e-06, 9.59255885391e-06, 6.28973521088e-06, 4.7648832151e-06, 3.78187428396e-06, 2.72362854048e-06, 2.48472588282e-06, 2.46721265285e-06, 2.07451898859e-06, 1.78257869266e-06, 1.4797598169e-06, 1.38403129313e-06, 1.10462417524e-06, 1.01390639884e-06],
        "dmean2": [0.00267576798797, 0.00269157695584, 0.00140272208955, 0.000843398680445, 0.000565842608921, 0.000390268629417, 0.000325072556734, 0.000309719704092, 0.000195776039618, 0.000169634789927, 0.000110323664558, 8.48946001497e-05, 7.51329644118e-05, 5.76155653107e-05, 4.41621778009e-05, 4.83148251078e-05, 3.39323596563e-05, 3.33825082635e-05, 2.49309359788e-05, 3.7351019273e-05, 3.08292655973e-05, 2.73917958111e-05, 3.33466996381e-05, 2.16501757677e-05, 2.03481067729e-05, 1.73971420736e-05, 1.3618497178e-05, 1.5298015569e-05, 9.77339186647e-06, 7.48436423237e-06, 5.72143244426e-06, 4.20150126956e-06, 3.8089131067e-06, 3.67551706404e-06, 3.0016033179e-06, 2.54538008448e-06, 2.19400840251e-06, 1.9832111775e-06, 1.59964997692e-06, 1.41338193771e-06],
        "dvar": [6.40250027573e-06, 6.88591899234e-06, 2.56009616351e-06, 1.07547475636e-06, 3.67022153114e-07, 1.73663750047e-07, 1.61271003662e-07, 1.07180611053e-07, 3.91566850055e-08, 3.58285454638e-08, 2.49914613448e-08, 8.01426569552e-09, 7.89076803898e-09, 3.66150021414e-09, 2.18377071981e-09, 4.03964861562e-09, 1.03257158379e-09, 1.48470435946e-09, 5.42536293668e-10, 2.05377670426e-09, 1.28132715549e-09, 9.07274033679e-10, 1.29223898249e-09, 5.88218140862e-10, 5.92263460497e-10, 7.01714741869e-10, 2.48937398473e-10, 3.05165392955e-10, 1.64400243419e-10, 1.02521512113e-10, 6.0945089253e-11, 2.98615229766e-11, 2.65210544498e-11, 2.49896197485e-11, 1.71101327551e-11, 1.44731952118e-11, 1.10119040622e-11, 8.80256718211e-12, 5.42343210272e-12, 4.72099616344e-12],
        "dvar2": [1.40462534546e-05, 1.83752836165e-05, 6.95568451192e-06, 2.74120816357e-06, 1.03975185084e-06, 4.49820532822e-07, 3.24684890529e-07, 2.44413087103e-07, 9.69796118966e-08, 8.25675314786e-08, 5.40267350857e-08, 1.98117060535e-08, 1.90650801812e-08, 9.49980094589e-09, 5.36904520843e-09, 1.02568922244e-08, 2.66279709393e-09, 3.66759134174e-09, 1.32411015485e-09, 5.6162017259e-09, 3.03901082077e-09, 2.05289474309e-09, 3.11733439062e-09, 1.44747458464e-09, 1.3959846612e-09, 1.48416912094e-09, 5.69811475781e-10, 7.47982509264e-10, 3.70387026605e-10, 2.5287461014e-10, 1.43502820737e-10, 6.9678998682e-11, 6.32058572148e-11, 5.52776539819e-11, 3.72695520279e-11, 3.15702741727e-11, 2.41965978504e-11, 1.90365657265e-11, 1.12339920352e-11, 9.11375488966e-12],
        "max": [0.0291971415281, 0.0262317433953, 0.0173701476306, 0.0128814410418, 0.00812360644341, 0.00853408779949, 0.0102067412809, 0.00791437458247, 0.00369214778766, 0.00406839791685, 0.00445692799985, 0.002884298563, 0.0023455247283, 0.00207407283597, 0.00162537244614, 0.00158609228674, 0.000871654308867, 0.000823698297609, 0.000467293459224, 0.00120984076057, 0.000856485741679, 0.000488363148179, 0.000681044708472, 0.000512626895215, 0.000403538404498, 0.000889411137905, 0.000282287917798, 0.000297150050756, 0.00042160533485, 0.000231968195294, 0.000115758244647, 0.000111187619041, 0.00013325404143, 9.17671204661e-05, 5.42296111234e-05, 5.96922982368e-05, 8.36768449517e-05, 4.36855516455e-05, 4.75684646517e-05, 3.01073196169e-05],
        "mean": [0.00496762711555, 0.0032752903644, 0.00114622688852, 0.000722388387658, 0.000508764060214, 0.000408750493079, 0.000333297793986, 0.000317035824992, 0.000202869923669, 0.000165154109709, 0.000106575716927, 7.93769067968e-05, 6.40799989924e-05, 5.21035617567e-05, 4.12908266298e-05, 4.53110078524e-05, 3.07663940475e-05, 3.08885864797e-05, 2.61867498921e-05, 3.46770502802e-05, 3.10182040266e-05, 2.77361505141e-05, 3.17633675877e-05, 1.98606248887e-05, 1.86594461411e-05, 1.69891245605e-05, 1.45291078297e-05, 1.59239443747e-05, 1.05624731077e-05, 7.64855485613e-06, 6.16358693151e-06, 4.67554855277e-06, 4.19659636464e-06, 4.06146409659e-06, 3.48688081431e-06, 2.87265561383e-06, 2.54223209595e-06, 2.19753815145e-06, 2.00514227799e-06, 1.73899707079e-06],
        "median": [0.00175391056109, 0.00199755560607, 0.000529776327312, 0.000310383562464, 0.000253610953223, 0.000161765143275, 0.000140349788126, 0.000147928920342, 0.000101929341326, 7.05305719748e-05, 4.34516114183e-05, 4.2323001253e-05, 3.2972828194e-05, 3.08447924908e-05, 2.4876315365e-05, 2.21926311497e-05, 1.8839880795e-05, 1.92488041648e-05, 1.65175188158e-05, 1.90976606973e-05, 1.81122413778e-05, 1.57792492246e-05, 1.47048849612e-05, 1.04258078863e-05, 8.42879671836e-06, 7.92286664364e-06, 6.67951280775e-06, 6.97174345987e-06, 4.79098116557e-06, 3.77680339625e-06, 2.53407733908e-06, 1.92300285562e-06, 1.55618090503e-06, 1.24566372506e-06, 1.01265368357e-06, 7.56968290716e-07, 6.30784597888e-07, 4.68733645675e-07, 3.66641245364e-07, 2.89408660592e-07],
        "min": [7.76476084832e-25, 1.06584042145e-24, 3.05136742672e-24, 6.57666276378e-24, 4.95177377652e-24, 6.49095973174e-24, 5.04604541571e-24, 3.28658109675e-24, 4.29462621563e-24, 5.16360186223e-24, 4.79734005483e-24, 4.31538942909e-24, 3.60461352614e-24, 4.26193187541e-24, 4.79475890194e-24, 4.78496834925e-24, 5.34788608058e-24, 4.88260487463e-24, 5.74192525818e-24, 7.63634080105e-24, 8.49839222106e-24, 9.33636918396e-24, 7.051076218e-24, 4.62737326748e-24, 6.85333087716e-24, 5.83718060692e-24, 7.43723467516e-24, 7.35879507991e-24, 5.04449451517e-24, 6.68981105556e-24, 6.09394181536e-24, 6.20150457751e-24, 5.85234409124e-24, 7.39551024416e-24, 8.07157981715e-24, 6.55678228567e-24, 7.79061990601e-24, 9.1765412314e-24, 7.57719595468e-24, 6.82343383772e-24],
        "var": [3.48935755028e-05, 1.36171265694e-05, 2.86757290269e-06, 1.33932542212e-06, 5.17939895417e-07, 4.7463609576e-07, 3.6200822251e-07, 2.55005886629e-07, 8.30367312687e-08, 8.4133048972e-08, 5.85415627086e-08, 1.56158019848e-08, 1.17267733302e-08, 5.31812993643e-09, 3.54331164409e-09, 7.18940595945e-09, 1.56335411283e-09, 1.89305859877e-09, 9.79502257081e-10, 2.63679411638e-09, 1.92478943895e-09, 1.57254864686e-09, 2.61313815031e-09, 8.92971752098e-10, 9.0658697216e-10, 1.05940811679e-09, 5.1934934131e-10, 6.43297248804e-10, 3.30565130824e-10, 1.38081324152e-10, 9.38599337141e-11, 5.127635469e-11, 4.30465559031e-11, 4.43771304426e-11, 3.23423440807e-11, 2.43574691666e-11, 1.91807437988e-11, 1.55147474729e-11, 1.18141234642e-11, 9.80074528478e-12]
    },
    "mfcc": {
        "mean": [-628.416137695, 116.627944946, 1.73790466785, 28.9981269836, 5.18404245377, 5.69720888138, 1.76111245155, 6.26637077332, 4.7002620697, 6.08621692657, 2.49253153801, 5.88197278976, 3.35194277763],
        "cov": [[8495.43847656, -1728.04699707, 113.933166504, 104.806526184, 92.0885238647, 26.9466648102, 110.770027161, 26.178735733, -90.2580413818, -198.988479614, -187.018157959, -161.745880127, -66.336517334], [-1728.04699707, 1844.23583984, 105.133659363, 223.662597656, -18.8117408752, 18.0297393799, -39.8470916748, -31.5778198242, -59.3319129944, -37.8649291992, -85.8506393433, -14.2909345627, -7.24302959442], [113.933166504, 105.133659363, 600.315917969, -15.0893411636, 221.648925781, 182.595367432, 82.8191452026, 63.1275901794, 0.0852094516158, -52.8736953735, -2.36320638657, -38.0000343323, 6.59828186035], [104.806526184, 223.662597656, -15.0893411636, 297.31072998, 34.574256897, 39.7719497681, 43.637840271, 19.8425750732, 7.56060934067, 16.5447845459, -25.7120323181, 9.36989784241, 2.12693834305], [92.0885238647, -18.8117408752, 221.648925781, 34.574256897, 186.202392578, 139.835739136, 74.5141296387, 65.3049087524, 34.6060905457, 3.90783596039, 24.4799194336, 4.8067522049, 23.6316871643], [26.9466648102, 18.0297393799, 182.595367432, 39.7719497681, 139.835739136, 173.046295166, 86.341178894, 70.2437820435, 38.8934631348, 7.798787117, 20.7550773621, 7.66926336288, 17.2027301788], [110.770027161, -39.8470916748, 82.8191452026, 43.637840271, 74.5141296387, 86.341178894, 109.899917603, 67.256690979, 39.4563865662, 20.1947917938, 16.6455593109, 9.67140769958, 12.7115268707], [26.178735733, -31.5778198242, 63.1275901794, 19.8425750732, 65.3049087524, 70.2437820435, 67.256690979, 96.5199203491, 55.4845657349, 27.0403442383, 31.2072467804, 16.23478508, 14.8077011108], [-90.2580413818, -59.3319129944, 0.0852094516158, 7.56060934067, 34.6060905457, 38.8934631348, 39.4563865662, 55.4845657349, 90.7522277832, 65.3132553101, 48.0725364685, 32.4052238464, 18.8020362854], [-198.988479614, -37.8649291992, -52.8736953735, 16.5447845459, 3.90783596039, 7.798787117, 20.1947917938, 27.0403442383, 65.3132553101, 104.358840942, 72.3536224365, 46.4411468506, 25.9070301056], [-187.018157959, -85.8506393433, -2.36320638657, -25.7120323181, 24.4799194336, 20.7550773621, 16.6455593109, 31.2072467804, 48.0725364685, 72.3536224365, 110.55266571, 63.7212562561, 31.4998760223], [-161.745880127, -14.2909345627, -38.0000343323, 9.36989784241, 4.8067522049, 7.66926336288, 9.67140769958, 16.23478508, 32.4052238464, 46.4411468506, 63.7212562561, 85.6327056885, 49.7036933899], [-66.336517334, -7.24302959442, 6.59828186035, 2.12693834305, 23.6316871643, 17.2027301788, 12.7115268707, 14.8077011108, 18.8020362854, 25.9070301056, 31.4998760223, 49.7036933899, 76.0270614624]],
