{
"lowlevel": {
    "average_loudness": 0.865154504776,
    "barkbands_crest": {
        "dmean": 2.68845844269,
        "dmean2": 4.13585996628,
        "dvar": 7.5997838974,
        "dvar2": 17.1914463043,
        "max": 26.7152328491,
        "mean": 10.7443065643,
        "median": 8.95202636719,
        "min": 1.80207240582,
        "var": 34.840511322
    },
    "barkbands_flatness_db": {
        "dmean": 0.0222642738372,
        "dmean2": 0.0312315952033,
        "dvar": 0.000876341364346,
        "dvar2": 0.00157271709759,
        "max": 0.413593679667,
        "mean": 0.13914707303,
        "median": 0.133177980781,
        "min": 0.0093762120232,
        "var": 0.00597676448524
    },
    "barkbands_kurtosis": {
        "dmean": 4.34605789185,
        "dmean2": 5.84253978729,
        "dvar": 267.375610352,
        "dvar2": 363.675201416,
        "max": 597.671264648,
        "mean": 6.73431158066,
        "median": 0.713916540146,
        "min": -1.90413236618,
        "var": 689.40826416
    },
    "barkbands_skewness": {
        "dmean": 0.599008619785,
        "dmean2": 0.837962150574,
        "dvar": 0.908586025238,
        "dvar2": 1.46970272064,
        "max": 22.073179245,
        "mean": 1.43430364132,
        "median": 0.953433156013,
        "min": -2.66637182236,
        "var": 4.22258520126
    },
    "barkbands_spread": {
        "dmean": 5.22173547745,
        "dmean2": 7.66593742371,
        "dvar": 52.1928939819,
        "dvar2": 102.729049683,
        "max": 98.3728942871,
        "mean": 25.267168045,
        "median": 18.4073600769,
        "min": 0.423360854387,
        "var": 366.820343018
    },
    "dissonance": {
        "dmean": 0.0177590176463,
        "dmean2": 0.0295924209058,
        "dvar": 0.000546608585864,
        "dvar2": 0.00140527880285,
        "max": 0.500000059605,
        "mean": 0.466964364052,
        "median": 0.480189681053,
        "min": 0.144416794181,
        "var": 0.00159543543123
    },
    "dynamic_complexity": 3.74350380898,
    "erbbands_crest": {
        "dmean": 2.81445193291,
        "dmean2": 4.61662054062,
        "dvar": 8.64916801453,
        "dvar2": 21.9314117432,
        "max": 33.079246521,
        "mean": 8.8888463974,
        "median": 7.38963747025,
        "min": 2.17568516731,
        "var": 26.1119480133
    },
    "erbbands_flatness_db": {
        "dmean": 0.0156638901681,
        "dmean2": 0.0231707058847,
        "dvar": 0.000291561096674,
        "dvar2": 0.000560063461307,
        "max": 0.44170576334,
        "mean": 0.169610261917,
        "median": 0.17156124115,
        "min": 0.0381881222129,
        "var": 0.00618031900376
    },
    "erbbands_kurtosis": {
        "dmean": 1.02364230156,
        "dmean2": 1.61075949669,
        "dvar": 3.7276725769,
        "dvar2": 8.63959026337,
        "max": 44.2607345581,
        "mean": 0.726797044277,
        "median": -0.112070918083,
        "min": -1.82625591755,
        "var": 8.5682888031
    },
    "erbbands_skewness": {
        "dmean": 0.372565090656,
        "dmean2": 0.576598346233,
        "dvar": 0.16271841526,
        "dvar2": 0.374356001616,
        "max": 5.55552768707,
        "mean": 0.305547624826,
        "median": 0.165602326393,
        "min": -3.07378435135,
        "var": 0.651313304901
    },
    "erbbands_spread": {
        "dmean": 7.71514320374,
        "dmean2": 11.0334892273,
        "dvar": 125.447288513,
        "dvar2": 208.6612854,
        "max": 179.294006348,
        "mean": 38.9762382507,
        "median": 34.5781593323,
        "min": 1.92688655853,
        "var": 781.577636719
    },
    "hfc": {
        "dmean": 6.2322010994,
        "dmean2": 9.15198421478,
        "dvar": 83.1617736816,
        "dvar2": 182.603179932,
        "max": 139.044235229,
        "mean": 30.117603302,
        "median": 25.6713752747,
        "min": 1.07862247529e-16,
        "var": 577.388183594
    },
    "melbands_crest": {
        "dmean": 3.43527960777,
        "dmean2": 5.34063625336,
        "dvar": 11.7479658127,
        "dvar2": 29.3132820129,
        "max": 35.1944084167,
        "mean": 14.9314098358,
        "median": 13.1594800949,
        "min": 1.61202061176,
        "var": 57.9840736389
    },
    "melbands_flatness_db": {
        "dmean": 0.0259119328111,
        "dmean2": 0.0365882441401,
        "dvar": 0.00127886491828,
        "dvar2": 0.00245438725688,
        "max": 0.527126371861,
        "mean": 0.182220637798,
        "median": 0.16366328299,
        "min": 0.00282331509516,
        "var": 0.00789369083941
    },
    "melbands_kurtosis": {
        "dmean": 16.5090789795,
        "dmean2": 23.0417766571,
        "dvar": 3095.93432617,
        "dvar2": 5917.53027344,
        "max": 845.707519531,
        "mean": 30.9001235962,
        "median": 4.645570755,
        "min": -1.85761272907,
        "var": 8421.32617188
    },
    "melbands_skewness": {
        "dmean": 0.913094520569,
        "dmean2": 1.26953923702,
        "dvar": 3.22400736809,
        "dvar2": 5.6086769104,
        "max": 24.246263504,
        "mean": 2.87771224976,
        "median": 1.82536077499,
        "min": -1.63627910614,
        "var": 15.2759838104
    },
    "melbands_spread": {
        "dmean": 7.65917062759,
        "dmean2": 11.6879329681,
        "dvar": 116.886711121,
        "dvar2": 258.233917236,
        "max": 238.642730713,
        "mean": 29.3643627167,
        "median": 23.6499862671,
        "min": 0.358864039183,
        "var": 646.073852539
    },
    "pitch_salience": {
        "dmean": 0.0744171962142,
        "dmean2": 0.115624606609,
        "dvar": 0.00705513963476,
        "dvar2": 0.0163145400584,
        "max": 0.922097861767,
        "mean": 0.541456699371,
        "median": 0.575595617294,
        "min": 0.0257682930678,
        "var": 0.0326330959797
    },
    "silence_rate_20dB": {
        "dmean": 0,
        "dmean2": 0,
        "dvar": 0,
        "dvar2": 0,
        "max": 1,
        "mean": 1,
        "median": 1,
        "min": 1,
        "var": 0
    },
    "silence_rate_30dB": {
        "dmean": 0.000365263433196,
        "dmean2": 0.000730593630578,
        "dvar": 0.000365138053894,
        "dvar2": 0.000912740360945,
        "max": 1,
        "mean": 0.999726057053,
        "median": 1,
        "min": 0,
        "var": 0.000273863348411
    },
    "silence_rate_60dB": {
        "dmean": 0.0151584334671,
        "dmean2": 0.030319634825,
        "dvar": 0.0149277923629,
        "dvar2": 0.0335977971554,
        "max": 1,
        "mean": 0.113130025566,
        "median": 0,
        "min": 0,
        "var": 0.100341573358
    },
    "spectral_centroid": {
        "dmean": 249.852615356,
        "dmean2": 375.675354004,
        "dvar": 103820.632812,
        "dvar2": 214616.046875,
        "max": 11905.8535156,
        "mean": 1797.17785645,
        "median": 1640.64660645,
        "min": 141.951766968,
        "var": 1919383.125
    },
    "spectral_complexity": {
        "dmean": 3.7194776535,
        "dmean2": 5.67652988434,
        "dvar": 22.8167495728,
        "dvar2": 44.5899162292,
        "max": 54,
        "mean": 21.1977729797,
        "median": 21,
        "min": 0,
        "var": 179.197753906
    },
    "spectral_decrease": {
        "dmean": 1.65934121998e-09,
        "dmean2": 2.49751219705e-09,
        "dvar": 5.51573379591e-18,
        "dvar2": 1.22852211104e-17,
        "max": 2.59728143776e-28,
        "mean": -7.22656201546e-09,
        "median": -6.61486243558e-09,
        "min": -3.05335738915e-08,
        "var": 3.21879501361e-17
    },
    "spectral_energy": {
        "dmean": 0.00639465032145,
        "dmean2": 0.0096726436168,
        "dvar": 7.68505124142e-05,
        "dvar2": 0.000172276966623,
        "max": 0.117379903793,
        "mean": 0.0300065428019,
        "median": 0.0288237091154,
        "min": 9.88401021996e-21,
        "var": 0.000502240902279
    },
    "spectral_energyband_high": {
        "dmean": 0.000473941181554,
        "dmean2": 0.000694495800417,
        "dvar": 9.10955407107e-07,
        "dvar2": 1.96034852706e-06,
        "max": 0.0173957534134,
        "mean": 0.00163458450697,
        "median": 0.00055246881675,
        "min": 6.74740798013e-21,
        "var": 4.44239913122e-06
    },
    "spectral_energyband_low": {
        "dmean": 0.00345298368484,
        "dmean2": 0.00494887307286,
        "dvar": 8.818974311e-05,
        "dvar2": 0.000184476186405,
        "max": 0.115750983357,
        "mean": 0.0111898602918,
        "median": 0.000729806371965,
        "min": 1.65887887374e-23,
        "var": 0.000451775704278
    },
    "spectral_energyband_middle_high": {
        "dmean": 0.00227925227955,
        "dmean2": 0.00349856261164,
        "dvar": 1.11664576252e-05,
        "dvar2": 2.51621877396e-05,
        "max": 0.0622046738863,
        "mean": 0.00734394136816,
        "median": 0.00572358397767,
        "min": 1.06414685542e-21,
        "var": 5.47090967302e-05
    },
    "spectral_energyband_middle_low": {
        "dmean": 0.00409534713253,
        "dmean2": 0.00624991999939,
        "dvar": 3.63819817721e-05,
        "dvar2": 8.37664556457e-05,
        "max": 0.0805319845676,
        "mean": 0.0105378311127,
        "median": 0.00787174515426,
        "min": 1.45706812245e-22,
        "var": 0.000119362972328
    },
    "spectral_entropy": {
        "dmean": 0.143410027027,
        "dmean2": 0.214042007923,
        "dvar": 0.031875859946,
        "dvar2": 0.0680968388915,
        "max": 9.82511901855,
        "mean": 7.74296426773,
        "median": 7.76060199738,
        "min": 5.19393825531,
        "var": 0.400267452002
    },
    "spectral_flux": {
        "dmean": 0.021636351943,
        "dmean2": 0.0322349779308,
        "dvar": 0.000810158497188,
        "dvar2": 0.00137604086194,
        "max": 0.31362220645,
        "mean": 0.0879080444574,
        "median": 0.0813645124435,
        "min": 6.38842451162e-11,
        "var": 0.00287422747351
    },
    "spectral_kurtosis": {
        "dmean": 1.65650641918,
        "dmean2": 2.78096723557,
        "dvar": 6.82035398483,
        "dvar2": 19.3555698395,
        "max": 45.9010353088,
        "mean": 4.60000228882,
        "median": 3.23188257217,
        "min": -1.25909042358,
        "var": 19.8444385529
    },
    "spectral_rms": {
        "dmean": 0.000559441512451,
        "dmean2": 0.000837444211356,
        "dvar": 4.46389606168e-07,
        "dvar2": 9.47142723362e-07,
        "max": 0.0107012605295,
        "mean": 0.00489856861532,
        "median": 0.00530289439484,
        "min": 3.1053078945e-12,
        "var": 5.27867359779e-06
    },
    "spectral_rolloff": {
        "dmean": 579.854370117,
        "dmean2": 951.878173828,
        "dvar": 1051176.125,
        "dvar2": 2400300.25,
        "max": 19638.28125,
        "mean": 2444.00805664,
        "median": 1593.45703125,
        "min": 64.599609375,
        "var": 8288343.5
    },
    "spectral_skewness": {
        "dmean": 0.201308220625,
        "dmean2": 0.319604456425,
        "dvar": 0.0601712167263,
        "dvar2": 0.147575393319,
        "max": 5.22130680084,
        "mean": 1.53053164482,
        "median": 1.40412068367,
        "min": -0.08773111552,
        "var": 0.349214583635
    },
    "spectral_spread": {
        "dmean": 436089.03125,
        "dmean2": 636966.125,
        "dvar": 452619993088,
        "dvar2": 821984296960,
        "max": 42497620,
        "mean": 5522313.5,
        "median": 4478200.5,
        "min": 1386528,
        "var": 2.39573737144e+13
    },
    "spectral_strongpeak": {
        "dmean": 0.545506596565,
        "dmean2": 0.901137888432,
        "dvar": 0.894415795803,
        "dvar2": 2.39680409431,
        "max": 15.575469017,
        "mean": 1.08101713657,
        "median": 0.629205465317,
        "min": 0,
        "var": 1.65864539146
    },
    "zerocrossingrate": {
        "dmean": 0.0109346285462,
        "dmean2": 0.0125862406567,
        "dvar": 0.000207850709558,
        "dvar2": 0.000231215439271,
        "max": 0.70703125,
        "mean": 0.0849701687694,
        "median": 0.0634765625,
        "min": 0.00341796875,
        "var": 0.0054341503419
    },
    "barkbands": {
        "dmean": [0.000173786145751, 0.00285202777013, 0.00183738756459, 0.00067815661896, 0.00120658380911, 0.000465352844913, 0.00122595450375, 0.00161860114895, 0.00130045972764, 0.00087515177438, 0.000696702394634, 0.000795894360635, 0.000607739144471, 0.000464487500722, 0.00026116517256, 0.000187046913197, 0.000242408554186, 0.000241819143412, 0.000224094153964, 0.000189244587091, 0.000131984445034, 0.000109431915917, 0.000108779895527, 0.0001113244507, 7.6879565313e-05, 4.00063618144e-05, 1.9806329874e-05],
        "dmean2": [0.000206749056815, 0.00343281705864, 0.0032025303226, 0.0011414376786, 0.00186551338993, 0.000739571405575, 0.00188404135406, 0.00254274788313, 0.00204339344054, 0.00137819861993, 0.00114075653255, 0.00131253572181, 0.000988444779068, 0.000765655538999, 0.000430080195656, 0.000303888285998, 0.000396051676944, 0.000383003411116, 0.000362138700439, 0.000309676717734, 0.000212968414417, 0.000173315143911, 0.000168279162608, 0.000175879176822, 0.000125906604808, 6.2977313064e-05, 3.28343412548e-05],
        "dvar": [1.55465073703e-07, 5.99466075073e-05, 6.31552247796e-05, 3.46768979398e-06, 5.59068803341e-06, 8.31794181977e-07, 1.12995749078e-05, 1.69579780049e-05, 1.03293496068e-05, 4.32172919318e-06, 2.98410486721e-06, 4.09549556935e-06, 2.3385791792e-06, 1.1698389244e-06, 3.5446913671e-07, 1.40211014354e-07, 3.19457285514e-07, 1.85410087283e-07, 1.72123890252e-07, 1.5674226006e-07, 6.28611829256e-08, 5.40676943217e-08, 5.65736861802e-08, 8.60340350073e-08, 2.85920087606e-08, 7.65741603459e-09, 2.20911267057e-09],
        "dvar2": [1.99030708359e-07, 7.91397033026e-05, 0.000173923472175, 9.34328727453e-06, 1.33413468575e-05, 1.99037253878e-06, 2.51148794632e-05, 4.03017947974e-05, 2.35562183661e-05, 9.44727253227e-06, 7.45605302654e-06, 1.05925282696e-05, 5.7088432186e-06, 2.91163109978e-06, 8.60336911046e-07, 3.34625894993e-07, 7.23581763395e-07, 4.21299830577e-07, 4.24894949447e-07, 3.97957791165e-07, 1.52795635699e-07, 1.2958766149e-07, 1.26672532019e-07, 2.05971147693e-07, 7.4606674616e-08, 1.96950864506e-08, 5.98238791838e-09],
        "max": [0.00570934312418, 0.101453356445, 0.0839933827519, 0.0232086535543, 0.0408220663667, 0.0228807106614, 0.0646865293384, 0.0762624964118, 0.0603930279613, 0.0593351349235, 0.03707549721, 0.0431811846793, 0.0351449437439, 0.0210461169481, 0.0143505632877, 0.0146351121366, 0.0119884982705, 0.00801122095436, 0.00836676452309, 0.012494510971, 0.0046740937978, 0.00633147684857, 0.00694042956457, 0.0107994591817, 0.00319081009366, 0.00216546142474, 0.000788190925959],
        "mean": [0.000471474340884, 0.00831415969878, 0.00190320657566, 0.000843105488457, 0.00215328508057, 0.000790347810835, 0.00179661787115, 0.00244597066194, 0.00209904951043, 0.00133854465093, 0.00106373301242, 0.00119311898015, 0.000897364574485, 0.000685393053573, 0.000444178469479, 0.000349515437847, 0.000410898792325, 0.000481917610159, 0.000458770431578, 0.000379042059649, 0.000278567196801, 0.000258227839367, 0.00027760193916, 0.000266826798907, 0.000227478798479, 0.000149831292219, 2.82747187157e-05],
        "median": [4.64855020255e-06, 0.000183195486898, 9.02827523532e-05, 0.000129367865156, 0.00107601145282, 0.000362799328286, 0.000440744363004, 0.00058379030088, 0.00077518785838, 0.000451616564533, 0.000291755248327, 0.000426670827437, 0.000333126343321, 0.000320560764521, 0.000225409865379, 0.000192780047655, 0.000172862462932, 0.000213119346881, 0.000167132209754, 0.000129636202473, 0.000120934171719, 7.3518283898e-05, 5.2883176977e-05, 4.15711328969e-05, 2.04669922823e-05, 7.87375756772e-06, 4.24357040174e-07],
        "min": [9.37198679617e-26, 3.38936691169e-24, 2.61093386017e-25, 1.22605116877e-24, 8.88320172607e-24, 6.16960107035e-24, 6.70079278823e-24, 6.83301849772e-24, 1.02725719513e-23, 1.2208128957e-23, 1.07068501349e-23, 2.3368768961e-23, 3.1640731281e-23, 3.0847433822e-23, 4.09106925762e-23, 4.92921882329e-23, 4.3362958208e-23, 8.44367745976e-23, 1.25771464133e-22, 1.67908336857e-22, 2.41446947562e-22, 2.80140082714e-22, 3.94512973772e-22, 5.54813220515e-22, 9.30555873825e-22, 1.27131127119e-21, 1.8647789285e-21],
        "var": [1.06879872419e-06, 0.000333523523295, 4.50735569757e-05, 3.73585839952e-06, 1.08984631879e-05, 1.58546140483e-06, 1.95998782146e-05, 3.50446171069e-05, 1.97677345568e-05, 8.7816551968e-06, 5.42823318028e-06, 5.70855036131e-06, 3.7299566884e-06, 1.60885144851e-06, 5.62523950975e-07, 3.33346292791e-07, 5.90085903696e-07, 4.7478258125e-07, 4.6721788749e-07, 3.46697873965e-07, 1.47030718267e-07, 1.70555082946e-07, 1.95042289874e-07, 1.93199710452e-07, 1.06654454157e-07, 5.23199403801e-08, 3.85399800962e-09]
    },
    "erbbands": {
        "dmean": [0.110470920801, 0.650021195412, 1.99338936806, 2.21316719055, 2.57255411148, 4.85127878189, 5.28195714951, 3.44982337952, 11.6191587448, 28.4748878479, 32.7012939453, 27.823928833, 27.1309719086, 25.1104259491, 26.3105430603, 29.084815979, 26.9007530212, 21.6829872131, 17.1341743469, 11.9064035416, 9.25640487671, 15.234000206, 11.4710464478, 12.8518543243, 10.6162033081, 7.03296804428, 5.93628501892, 4.86602497101, 3.95536327362, 3.47618198395, 3.02800750732, 2.52924180031, 1.89603638649, 1.14603960514, 0.4628251791, 0.216958239675, 0.0773609951138, 0.0241225864738, 0.00306424824521, 4.35952679254e-05],
        "dmean2": [0.114654287696, 0.835181772709, 3.35648751259, 3.69744873047, 4.0723028183, 7.63961267471, 8.12804889679, 5.44347476959, 17.7667865753, 44.8766441345, 51.2480125427, 43.6751327515, 41.8124008179, 40.4298667908, 42.6409645081, 47.7318191528, 43.3772354126, 35.5199356079, 27.8449401855, 19.3087806702, 15.0252866745, 24.7881088257, 18.2919025421, 20.6070175171, 16.9188690186, 11.338850975, 9.71722698212, 7.65681743622, 6.19666528702, 5.43370962143, 4.6773018837, 3.92881560326, 3.08189201355, 1.91716480255, 0.74976760149, 0.348383903503, 0.12459345907, 0.0389063358307, 0.00508375652134, 7.11525790393e-05],
        "dvar": [0.0795198380947, 3.80751538277, 70.8384017944, 50.213104248, 41.718132019, 104.391937256, 105.782951355, 54.5083961487, 1362.99658203, 5620.64160156, 7022.46875, 5640.75927734, 4434.19824219, 3760.52783203, 4091.66137695, 5854.45068359, 4523.37939453, 2786.71508789, 1813.99194336, 513.404052734, 335.945495605, 1432.28710938, 404.703582764, 503.289245605, 435.849151611, 147.256225586, 169.590866089, 76.9288101196, 63.022102356, 49.2614479065, 45.2985610962, 35.3822860718, 26.860212326, 6.93742656708, 0.90292340517, 0.197821944952, 0.0321400687099, 0.00302386423573, 5.38181047887e-05, 8.60656879098e-09],
        "dvar2": [0.066681407392, 6.15646600723, 191.164108276, 136.308624268, 100.412017822, 246.275253296, 251.851089478, 126.118995667, 3058.40161133, 13328.2382812, 16677.15625, 12977.8574219, 8779.4296875, 9490.95117188, 10161.5869141, 15274.2871094, 10864.3740234, 6922.43945312, 4425.90625, 1229.97070312, 790.314819336, 3189.7878418, 945.405090332, 1237.61779785, 1050.87255859, 368.359680176, 424.175567627, 177.979797363, 149.359848022, 112.922302246, 100.742019653, 81.0144348145, 66.7155151367, 18.3184280396, 2.32629156113, 0.518160104752, 0.0849465727806, 0.00794765353203, 0.000145758342114, 2.33112373849e-08],
        "max": [3.95281004906, 23.2495422363, 88.5519256592, 73.9493103027, 156.626464844, 224.227706909, 195.963745117, 243.821960449, 1007.68170166, 1344.37927246, 1885.49060059, 1378.49072266, 2061.69848633, 1447.80541992, 1643.25170898, 2137.94384766, 1595.49926758, 1070.39697266, 1207.26513672, 546.097412109, 853.689941406, 803.910095215, 340.573242188, 516.480224609, 571.742980957, 314.761505127, 360.91583252, 196.58013916, 167.733688354, 122.923995972, 185.281143188, 185.754257202, 177.017227173, 48.9408035278, 21.391210556, 8.60906887054, 4.55868148804, 1.15137374401, 0.117312133312, 0.00164524081629],
        "mean": [0.327698856592, 1.50165224075, 2.29230761528, 2.77289152145, 3.71062898636, 8.14976882935, 9.55347728729, 5.95411491394, 17.4351291656, 42.7735443115, 52.7692375183, 45.6332740784, 46.977142334, 42.0843696594, 43.9672050476, 46.4485397339, 42.8642959595, 34.820098877, 28.7206764221, 22.5802764893, 18.9382209778, 27.1177005768, 24.3897686005, 25.8114585876, 23.4183731079, 15.7413043976, 11.9343738556, 10.7178144455, 9.25035858154, 8.54945659637, 7.64253091812, 5.97046375275, 4.19699048996, 2.80831599236, 1.46222519875, 0.72036832571, 0.262886166573, 0.0595715716481, 0.004574094899, 0.000113539717859],
        "median": [0.00298072746955, 0.0454539582133, 0.1628074646, 0.393260449171, 1.41155695915, 3.39242267609, 4.36632919312, 2.91310787201, 4.75328016281, 10.7264785767, 16.7142944336, 17.6234111786, 19.6725254059, 15.1628551483, 14.272195816, 17.9372138977, 17.8793029785, 17.4312438965, 14.8955602646, 12.5890760422, 11.3525600433, 11.6245613098, 11.576089859, 10.7408695221, 7.66667556763, 6.11365509033, 5.49859333038, 4.17606830597, 2.7613761425, 1.88760066032, 1.44758498669, 1.03594398499, 0.573443830013, 0.276090919971, 0.11510784924, 0.0412533208728, 0.0128972288221, 0.00242509692907, 0.000120733704534, 4.85522614326e-05],
        "min": [8.39763385753e-23, 5.08143502542e-22, 1.43006249804e-21, 2.49525918217e-21, 1.07148129789e-20, 2.52135555919e-20, 3.97222599153e-20, 6.82639201562e-20, 8.62269872631e-20, 1.95088363197e-19, 1.45015992942e-19, 2.36475866932e-19, 4.38244734626e-19, 6.14828201566e-19, 7.6861002133e-19, 1.20881062451e-18, 1.44323660864e-18, 2.03649281871e-18, 2.20524283355e-18, 2.41105488253e-18, 3.57055365182e-18, 2.89977614269e-18, 5.1920675348e-18, 6.03026619311e-18, 6.91649798882e-18, 7.35708333439e-18, 8.7156637976e-18, 8.41007515518e-18, 9.39217428876e-18, 1.07625321495e-17, 1.09492028255e-17, 1.00636935721e-17, 1.03479086947e-17, 7.92598341812e-18, 6.41501767451e-18, 3.8256573935e-18, 2.13520358993e-18, 9.82815885576e-19, 2.39329614196e-19, 2.76786782175e-20],
        "var": [0.572295665741, 12.5024623871, 56.09375, 50.8908348083, 55.863609314, 206.414535522, 234.987213135, 89.5418167114, 1865.89916992, 10047.5185547, 15306.7890625, 10415.1035156, 10993.8916016, 6969.12255859, 7988.69628906, 8023.2890625, 7595.86181641, 3812.03149414, 2681.13671875, 1080.84216309, 798.496154785, 2644.18212891, 1064.05200195, 1378.11291504, 1307.71069336, 441.340209961, 317.053314209, 221.646392822, 205.311172485, 180.037338257, 153.036437988, 97.1176528931, 50.1646614075, 17.6672687531, 4.42711687088, 1.14101946354, 0.170976832509, 0.0112555315718, 9.75191942416e-05, 2.49385330164e-08]
    },
    "gfcc": {
        "mean": [-24.6304206848, 63.8017997742, -131.347610474, 17.8041915894, -62.1439247131, 13.7213792801, -33.7857704163, 6.61753845215, -24.7155456543, 0.569892823696, -14.0382480621, -1.21266126633, -11.3697071075],
        "cov": [[32788.59375, -329.309020996, -596.561950684, 821.224060059, -1142.93212891, 399.096466064, -406.765319824, 1163.06689453, -377.383880615, 497.542449951, -541.738830566, 248.995666504, -576.926513672], [-329.309020996, 2730.48828125, -1074.84753418, -337.024810791, -449.740081787, -476.012145996, 5.0560297966, -569.165771484, -34.4705696106, -463.425537109, 87.3042297363, -372.300598145, 192.361404419], [-596.561950684, -1074.84753418, 2189.22265625, 716.198364258, 698.038696289, 422.056396484, 171.482635498, 483.003509521, 162.343780518, 327.529846191, 6.07726335526, 271.951751709, -86.3954544067], [821.224060059, -337.024810791, 716.198364258, 821.638549805, 427.256500244, 353.339080811, 38.3606033325, 175.652938843, 46.3998069763, 81.9675140381, 52.2556381226, 122.412277222, 8.23741722107], [-1142.93212891, -449.740081787, 698.038696289, 427.256500244, 727.028442383, 303.288696289, 186.34526062, 253.714004517, 66.2557907104, 110.8802948, 38.3687286377, 152.959777832, -13.0304956436], [399.096466064, -476.012145996, 422.056396484, 353.339080811, 303.288696289, 445.758209229, 121.418807983, 197.503494263, 31.589799881, 102.060462952, 9.98439025879, 113.689727783, -17.8219909668], [-406.765319824, 5.0560297966, 171.482635498, 38.3606033325, 186.34526062, 121.418807983, 251.772903442, 151.592086792, 60.4942855835, 20.2279052734, 19.327917099, 23.0489234924, 10.9638299942], [1163.06689453, -569.165771484, 483.003509521, 175.652938843, 253.714004517, 197.503494263, 151.592086792, 434.233856201, 98.1159744263, 199.029907227, -19.5211849213, 138.792022705, -67.4019470215], [-377.383880615, -34.4705696106, 162.343780518, 46.3998069763, 66.2557907104, 31.589799881, 60.4942855835, 98.1159744263, 154.649093628, 83.6862030029, 46.7570724487, 21.4792022705, 19.9358158112], [497.542449951, -463.425537109, 327.529846191, 81.9675140381, 110.8802948, 102.060462952, 20.2279052734, 199.029907227, 83.6862030029, 227.990615845, 19.9628410339, 98.3186950684, -48.1994628906], [-541.738830566, 87.3042297363, 6.07726335526, 52.2556381226, 38.3687286377, 9.98439025879, 19.327917099, -19.5211849213, 46.7570724487, 19.9628410339, 122.573364258, 41.0894546509, 62.336643219], [248.995666504, -372.300598145, 271.951751709, 122.412277222, 152.959777832, 113.689727783, 23.0489234924, 138.792022705, 21.4792022705, 98.3186950684, 41.0894546509, 174.56350708, 26.5602436066], [-576.926513672, 192.361404419, -86.3954544067, 8.23741722107, -13.0304956436, -17.8219909668, 10.9638299942, -67.4019470215, 19.9358158112, -48.1994628906, 62.336643219, 26.5602436066, 135.179656982]],
        "icov": [[7.80100308475e-05, -0.00011995339446, 8.39661370264e-05, -0.000222368515097, 0.000281783519313, -4.87765973958e-05, 9.10727612791e-05, -0.000372546521248, 0.000273193232715, -0.000209957841435, 0.000282564229565, -0.00028666088474, 0.000209303703741], [-0.00011995339446, 0.00108074094169, -3.08888702421e-05, 0.000115529015602, -0.000324287102558, 0.000620522361714, -0.000710745225661, 0.000814141589217, -0.000711228407454, 0.0011955013033, -0.00107396673411, 0.00156504055485, -0.000843587389681], [8.39661370264e-05, -3.08888702421e-05, 0.00106670323294, -0.000876864709426, -2.76124628726e-05, 0.000223367824219, -0.00030536041595, -0.000206619486562, -0.000253448757576, -0.000778855755925, 0.000977621646598, -0.000999460113235, 0.000591246352997], [-0.000222368515097, 0.000115529015602, -0.000876864709426, 0.00362090393901, -0.00176132051274, -0.00180558487773, 0.00191981357057, 4.03390913561e-05, -0.00063686579233, 0.0016089535784, -0.00219043344259, 0.00167779345065, -0.00108987116255], [0.000281783519313, -0.000324287102558, -2.76124628726e-05, -0.00176132051274, 0.00406887894496, -0.000371284317225, -0.00148774194531, -0.00115470087621, 0.000907308538444, -0.000347079854691, 0.000777577166446, -0.00234992499463, 0.00148752133828], [-4.87765973958e-05, 0.000620522361714, 0.000223367824219, -0.00180558487773, -0.000371284317225, 0.00510664191097, -0.00256592780352, 0.00068639422534, 0.000294683995889, -0.00065190542955, 0.00056729989592, -0.000690947985277, -5.23201561009e-05], [9.10727612791e-05, -0.000710745225661, -0.00030536041595, 0.00191981357057, -0.00148774194531, -0.00256592780352, 0.00918601453304, -0.00481335725635, -0.000501714355778, 0.00241433642805, -0.00180675671436, 0.00238845101558, -0.00124006986152], [-0.000372546521248, 0.000814141589217, -0.000206619486562, 4.03390913561e-05, -0.00115470087621, 0.00068639422534, -0.00481335725635, 0.00996836647391, -0.00388062139973, -0.00231860019267, 0.00250238389708, -0.00322558404878, 0.00168229627889], [0.000273193232715, -0.000711228407454, -0.000253448757576, -0.00063686579233, 0.000907308538444, 0.000294683995889, -0.000501714355778, -0.00388062139973, 0.0133018465713, -0.0054662739858, -0.00267435074784, 0.00364378141239, -0.00310650211759], [-0.000209957841435, 0.0011955013033, -0.000778855755925, 0.0016089535784, -0.000347079854691, -0.00065190542955, 0.00241433642805, -0.00231860019267, -0.0054662739858, 0.0137836188078, -0.00442700693384, -0.001373374369, 0.00336772832088], [0.000282564229565, -0.00107396673411, 0.000977621646598, -0.00219043344259, 0.000777577166446, 0.00056729989592, -0.00180675671436, 0.00250238389708, -0.00267435074784, -0.00442700693384, 0.0165709331632, -0.0061683440581, -0.00257713557221], [-0.00028666088474, 0.00156504055485, -0.000999460113235, 0.00167779345065, -0.00234992499463, -0.000690947985277, 0.00238845101558, -0.00322558404878, 0.00364378141239, -0.001373374369, -0.0061683440581, 0.0176011677831, -0.00795202702284], [0.000209303703741, -0.000843587389681, 0.000591246352997, -0.00108987116255, 0.00148752133828, -5.23201561009e-05, -0.00124006986152, 0.00168229627889, -0.00310650211759, 0.00336772832088, -0.00257713557221, -0.00795202702284, 0.0154212033376]]
    },
    "melbands": {
        "dmean": [0.00086813850794, 0.000896673125681, 0.000379499368137, 0.000251997669693, 0.000195978151169, 8.4087747382e-05, 0.000192834500922, 0.000327778368955, 0.000261459179455, 0.000178545058588, 0.000140827192809, 0.000106809347926, 9.21143728192e-05, 9.02482352103e-05, 7.50212566345e-05, 5.84927620366e-05, 4.21877048211e-05, 3.3651398553e-05, 1.87923869817e-05, 1.52326838361e-05, 1.06171537482e-05, 1.88811936823e-05, 1.07599880721e-05, 1.27279472508e-05, 1.13760934255e-05, 9.21289665712e-06, 9.0945404736e-06, 4.63476953882e-06, 4.13926409237e-06, 3.42774683304e-06, 2.96502480523e-06, 2.56273915511e-06, 2.03290323952e-06, 2.28225371757e-06, 1.93606797438e-06, 1.82860026143e-06, 1.59433329827e-06, 1.58654984261e-06, 9.98076757242e-07, 1.07759672119e-06],
        "dmean2": [0.000930720358156, 0.00135433312971, 0.000621538958512, 0.000398174888687, 0.000301055551972, 0.000132766072056, 0.00029568746686, 0.000516237982083, 0.000410445354646, 0.00027966563357, 0.000217143417103, 0.00017245359777, 0.000149830797454, 0.000148097955389, 0.000123915655422, 9.56627773121e-05, 6.97255309206e-05, 5.51986740902e-05, 3.06539586745e-05, 2.48137130257e-05, 1.75145887624e-05, 3.09180213662e-05, 1.75192417373e-05, 2.05512696994e-05, 1.85552471521e-05, 1.48105336848e-05, 1.52342900037e-05, 7.5296425166e-06, 6.82989775669e-06, 5.56246413908e-06, 4.69713268103e-06, 4.06326853408e-06, 3.27860107063e-06, 3.6736491893e-06, 3.08647554448e-06, 2.89827016786e-06, 2.54016094914e-06, 2.63507786258e-06, 1.61111051966e-06, 1.83467739134e-06],
        "dvar": [4.78436459161e-06, 1.05069984784e-05, 1.17536910693e-06, 2.93812291829e-07, 1.40281954941e-07, 3.09976755375e-08, 3.31934671749e-07, 6.76373929309e-07, 4.19672517182e-07, 2.35858678366e-07, 1.16023073815e-07, 6.70742252851e-08, 4.91972365069e-08, 6.2400985712e-08, 3.48261330885e-08, 2.54523850884e-08, 1.12570051058e-08, 7.3624977226e-09, 1.54915424933e-09, 9.62373070124e-10, 4.36950448046e-10, 2.3844335395e-09, 3.51648071772e-10, 6.57681409333e-10, 4.19203755042e-10, 3.48972434283e-10, 4.78923456448e-10, 6.59564555749e-11, 9.53264828185e-11, 3.96058880137e-11, 3.45477292607e-11, 3.29080165895e-11, 1.56569601034e-11, 2.22762381458e-11, 1.91535277222e-11, 1.69711640574e-11, 1.38729097654e-11, 1.99630936781e-11, 5.05677921411e-12, 6.1429082307e-12],
        "dvar2": [4.6637333071e-06, 2.62764788204e-05, 3.08031530949e-06, 7.11373274953e-07, 3.31869784986e-07, 7.15213488434e-08, 7.30435601781e-07, 1.61048649261e-06, 9.90055013972e-07, 5.35413278158e-07, 2.33841845443e-07, 1.69363502778e-07, 1.23114332951e-07, 1.58937496053e-07, 9.1749029707e-08, 6.10441475146e-08, 2.81052106033e-08, 1.80405219652e-08, 3.69446384596e-09, 2.29661445417e-09, 1.04394626277e-09, 5.33459409979e-09, 8.92182383527e-10, 1.45844381017e-09, 1.05497321989e-09, 8.46559322643e-10, 1.25660826189e-09, 1.69846220421e-10, 2.43010750411e-10, 9.5089568164e-11, 8.29572660566e-11, 8.03496644219e-11, 3.76219819187e-11, 5.48836462388e-11, 4.48532010144e-11, 3.89800101919e-11, 3.32243538237e-11, 5.12141093423e-11, 1.1912493561e-11, 1.69232631381e-11],
        "max": [0.0311328992248, 0.0350673943758, 0.010892492719, 0.00990045629442, 0.00720808980986, 0.00481564272195, 0.0151930265129, 0.0144162680954, 0.0148971006274, 0.00887720100582, 0.0103694591671, 0.00615861872211, 0.00427576713264, 0.00452523864806, 0.00499264150858, 0.00439291540533, 0.00202886620536, 0.00260740076192, 0.000860758824274, 0.00127329106908, 0.000921227328945, 0.00103252090048, 0.000401338533266, 0.000606764107943, 0.000514852930792, 0.000538525579032, 0.000760051829275, 0.000270923861535, 0.000377973308787, 0.000151863801875, 0.00016157371283, 0.000154298715643, 8.21900321171e-05, 0.000100529447081, 0.000119570868264, 9.37492441153e-05, 0.000126118597109, 0.00016711986973, 5.89688061154e-05, 3.75282506866e-05],
        "mean": [0.00255683157593, 0.0014730009716, 0.00049794750521, 0.000410968874348, 0.000364325504052, 0.000144672798342, 0.000287278351607, 0.000499713583849, 0.000416551338276, 0.000285861839075, 0.000233942875639, 0.000170453145984, 0.000146448161104, 0.000134347123094, 0.000110383407446, 8.51267832331e-05, 6.23411760898e-05, 4.99183079228e-05, 3.19288083119e-05, 2.72403267445e-05, 1.93762025447e-05, 2.96855505439e-05, 2.14810752368e-05, 2.21332993533e-05, 2.06302374863e-05, 1.85260614671e-05, 1.54977660713e-05, 9.12779978535e-06, 7.53564745537e-06, 6.63851005811e-06, 5.99246823185e-06, 5.34385662831e-06, 4.65913944936e-06, 4.89610420118e-06, 4.47871570941e-06, 4.0475406422e-06, 3.493971235e-06, 3.12810493597e-06, 2.3411098482e-06, 2.41323277805e-06],
        "median": [4.22393350163e-05, 8.42262670631e-05, 0.00010230189946, 0.000194135485799, 0.000174528075149, 6.52940798318e-05, 7.32014450477e-05, 0.000121060395031, 0.000123685764265, 0.000102660662378, 9.05484630493e-05, 5.76574384468e-05, 4.41095253336e-05, 3.99821292376e-05, 4.538009307e-05, 3.13239725074e-05, 2.88429982902e-05, 2.25728617806e-05, 1.62451542565e-05, 1.41448599607e-05, 1.09997545223e-05, 1.11271956484e-05, 9.24282539927e-06, 9.70598557615e-06, 8.05175295682e-06, 5.87923022977e-06, 4.32485467172e-06, 3.66784979633e-06, 3.42628914041e-06, 2.79388837043e-06, 2.20652782446e-06, 1.55256179823e-06, 1.11123426905e-06, 9.99720327854e-07, 8.60336967889e-07, 7.06772652848e-07, 5.96508073158e-07, 4.29388023804e-07, 2.72291458714e-07, 2.1395808858e-07],
        "min": [1.0718119999e-24, 9.83201127957e-25, 7.8675627363e-25, 1.64510453403e-24, 1.67984439057e-24, 1.48879322477e-24, 1.12621756716e-24, 1.24871346625e-24, 1.27234359745e-24, 1.2239066504e-24, 2.24458123515e-24, 2.32171013801e-24, 2.15234051836e-24, 2.15720443749e-24, 2.2072754113e-24, 3.69513807603e-24, 3.15836536446e-24, 2.88674990517e-24, 3.36809014979e-24, 2.30504880404e-24, 3.30430877345e-24, 2.27848608243e-24, 3.42896102382e-24, 4.44281886427e-24, 3.7254926548e-24, 4.2227795254e-24, 4.85693415748e-24, 4.54287522048e-24, 4.50003336801e-24, 4.26017942091e-24, 4.53204849898e-24, 4.46048303766e-24, 4.78330424717e-24, 5.74684972238e-24, 5.88348555876e-24, 5.07144200369e-24, 5.85567111211e-24, 6.23535538781e-24, 5.58099132263e-24, 6.09502610468e-24],
        "var": [3.26227891492e-05, 1.38243649417e-05, 1.23030031318e-06, 4.70724387469e-07, 3.24539968233e-07, 5.26237364795e-08, 5.0831124554e-07, 1.28555905121e-06, 9.41907671859e-07, 4.32744116097e-07, 2.80031315469e-07, 1.18328607357e-07, 9.24479266473e-08, 8.74915642157e-08, 4.42300347459e-08, 3.97401649366e-08, 1.44583598427e-08, 9.97068561048e-09, 2.71778133332e-09, 2.20917595328e-09, 9.13239206479e-10, 4.07097733301e-09, 8.74715577748e-10, 1.30445254598e-09, 1.01844366274e-09, 9.11080322297e-10, 8.33448809967e-10, 1.58776145009e-10, 1.58048713006e-10, 8.6971020663e-11, 8.24473336825e-11, 8.0070720887e-11, 5.58754709168e-11, 6.12987924309e-11, 5.40705362428e-11, 4.85091619651e-11, 3.30820718042e-11, 3.08153190465e-11, 1.3737207552e-11, 1.34692864501e-11]
    },
    "mfcc": {
        "mean": [-651.827819824, 98.9604949951, -14.347486496, 6.26950120926, -6.80088663101, 2.62667775154, 1.08853793144, 2.81856012344, -3.62589454651, 0.517008006573, -0.322113007307, -0.0607655011117, -5.29935073853],
        "cov": [[13783.8515625, -165.977828979, 703.750366211, 275.50112915, -110.192070007, -389.031951904, 17.6985454559, 218.088012695, 251.605361938, 431.68951416, 265.742248535, 51.4633979797, 166.171081543], [-165.977828979, 2093.60180664, -562.321228027, -168.95362854, -506.414855957, -196.221191406, -199.330200195, -197.749389648, -161.667617798, -189.993881226, -148.18637085, -87.4969787598, -224.767852783], [703.750366211, -562.321228027, 1190.56811523, 390.322814941, 458.138214111, 182.479507446, 150.755828857, 154.635299683, 153.917953491, 168.536315918, 141.093612671, 66.6353912354, 165.745895386], [275.50112915, -168.95362854, 390.322814941, 489.560638428, 392.915039062, 152.354995728, 144.507751465, 139.427719116, 75.1623001099, 91.8474197388, 61.0005073547, 24.0513134003, 87.3533706665], [-110.192070007, -506.414855957, 458.138214111, 392.915039062, 626.562744141, 273.47442627, 230.536178589, 214.226211548, 123.727867126, 135.09161377, 102.810447693, 45.8585395813, 141.494491577], [-389.031951904, -196.221191406, 182.479507446, 152.354995728, 273.47442627, 316.734069824, 152.661331177, 118.377738953, 41.6217727661, 25.0520305634, 21.8346099854, 21.2131347656, 33.4707717896], [17.6985454559, -199.330200195, 150.755828857, 144.507751465, 230.536178589, 152.661331177, 274.728759766, 193.935531616, 117.439208984, 76.0714263916, 62.8385238647, 42.2712173462, 79.745300293], [218.088012695, -197.749389648, 154.635299683, 139.427719116, 214.226211548, 118.377738953, 193.935531616, 246.744445801, 135.988449097, 79.0573348999, 64.5216140747, 36.7303581238, 81.2993011475], [251.605361938, -161.667617798, 153.917953491, 75.1623001099, 123.727867126, 41.6217727661, 117.439208984, 135.988449097, 182.104949951, 113.622909546, 83.6988220215, 43.3942222595, 68.4006118774], [431.68951416, -189.993881226, 168.536315918, 91.8474197388, 135.09161377, 25.0520305634, 76.0714263916, 79.0573348999, 113.622909546, 177.170074463, 106.003364563, 39.9134101868, 64.5675888062], [265.742248535, -148.18637085, 141.093612671, 61.0005073547, 102.810447693, 21.8346099854, 62.8385238647, 64.5216140747, 83.6988220215, 106.003364563, 150.010620117, 67.5391616821, 52.7817192078], [51.4633979797, -87.4969787598, 66.6353912354, 24.0513134003, 45.8585395813, 21.2131347656, 42.2712173462, 36.7303581238, 43.3942222595, 39.9134101868, 67.5391616821, 101.092376709, 53.8614044189], [166.171081543, -224.767852783, 165.745895386, 87.3533706665, 141.494491577, 33.4707717896, 79.745300293, 81.2993011475, 68.4006118774, 64.5675888062, 52.7817192078, 53.8614044189, 146.32862854]],
