{
"lowlevel": {
    "average_loudness": 0.893303394318,
    "barkbands_crest": {
        "dmean": 2.65123224258,
        "dmean2": 4.24711036682,
        "dvar": 5.98176336288,
        "dvar2": 14.4511108398,
        "max": 26.1124324799,
        "mean": 10.1842660904,
        "median": 9.28359699249,
        "min": 1.90804409981,
        "var": 18.4398975372
    },
    "barkbands_flatness_db": {
        "dmean": 0.0226450320333,
        "dmean2": 0.033119533211,
        "dvar": 0.000492687686346,
        "dvar2": 0.00100247142836,
        "max": 0.568671822548,
        "mean": 0.154902935028,
        "median": 0.142558559775,
        "min": 0.0272303465754,
        "var": 0.00649552373216
    },
    "barkbands_kurtosis": {
        "dmean": 2.88021469116,
        "dmean2": 4.48350143433,
        "dvar": 33.939781189,
        "dvar2": 74.41040802,
        "max": 219.891830444,
        "mean": 4.41607189178,
        "median": 1.43729448318,
        "min": -1.83808922768,
        "var": 86.3169555664
    },
    "barkbands_skewness": {
        "dmean": 0.526848495007,
        "dmean2": 0.807325363159,
        "dvar": 0.326101839542,
        "dvar2": 0.728579044342,
        "max": 9.95520591736,
        "mean": 1.33114886284,
        "median": 1.17207098007,
        "min": -4.28699970245,
        "var": 1.46722924709
    },
    "barkbands_spread": {
        "dmean": 5.87859106064,
        "dmean2": 8.34431266785,
        "dvar": 59.8766098022,
        "dvar2": 109.328170776,
        "max": 93.6629638672,
        "mean": 21.822013855,
        "median": 16.9213466644,
        "min": 0.127191841602,
        "var": 298.640838623
    },
    "dissonance": {
        "dmean": 0.0230762772262,
        "dmean2": 0.0383153781295,
        "dvar": 0.00058564147912,
        "dvar2": 0.00157391873654,
        "max": 0.500000059605,
        "mean": 0.452517002821,
        "median": 0.466994762421,
        "min": 0.121267102659,
        "var": 0.00232598511502
    },
    "dynamic_complexity": 3.72512149811,
    "erbbands_crest": {
        "dmean": 3.20695233345,
        "dmean2": 5.14932537079,
        "dvar": 9.29115009308,
        "dvar2": 22.3216457367,
        "max": 31.3440685272,
        "mean": 10.0648975372,
        "median": 8.94056987762,
        "min": 2.36131191254,
        "var": 26.9962940216
    },
    "erbbands_flatness_db": {
        "dmean": 0.0200776215643,
        "dmean2": 0.0285189505666,
        "dvar": 0.00038624741137,
        "dvar2": 0.000728730694391,
        "max": 0.566695451736,
        "mean": 0.181712299585,
        "median": 0.168026581407,
        "min": 0.0603607036173,
        "var": 0.00619280198589
    },
    "erbbands_kurtosis": {
        "dmean": 1.56901812553,
        "dmean2": 2.45812749863,
        "dvar": 7.69073867798,
        "dvar2": 16.4744663239,
        "max": 103.095024109,
        "mean": 1.92361390591,
        "median": 0.433059930801,
        "min": -1.81346809864,
        "var": 25.6157588959
    },
    "erbbands_skewness": {
        "dmean": 0.427171826363,
        "dmean2": 0.651131510735,
        "dvar": 0.171304702759,
        "dvar2": 0.374922424555,
        "max": 6.66703653336,
        "mean": 0.536427438259,
        "median": 0.388332694769,
        "min": -2.48512649536,
        "var": 0.889342427254
    },
    "erbbands_spread": {
        "dmean": 8.08023452759,
        "dmean2": 12.2088346481,
        "dvar": 88.5501327515,
        "dvar2": 186.01651001,
        "max": 119.650558472,
        "mean": 31.1127758026,
        "median": 26.596288681,
        "min": 0.476534426212,
        "var": 396.675231934
    },
    "hfc": {
        "dmean": 9.04568004608,
        "dmean2": 12.6015672684,
        "dvar": 209.915588379,
        "dvar2": 401.468719482,
        "max": 220.738708496,
        "mean": 27.4188747406,
        "median": 18.7915439606,
        "min": 1.15297092459e-16,
        "var": 825.383056641
    },
    "melbands_crest": {
        "dmean": 3.1814827919,
        "dmean2": 5.08125400543,
        "dvar": 8.35695457458,
        "dvar2": 19.6742076874,
        "max": 35.9157600403,
        "mean": 14.2155246735,
        "median": 13.1145467758,
        "min": 1.00140833855,
        "var": 32.0909042358
    },
    "melbands_flatness_db": {
        "dmean": 0.0255540944636,
        "dmean2": 0.036677248776,
        "dvar": 0.000657963275444,
        "dvar2": 0.00136261607986,
        "max": 0.673579216003,
        "mean": 0.21098446846,
        "median": 0.197164863348,
        "min": 4.65948943429e-07,
        "var": 0.00820901803672
    },
    "melbands_kurtosis": {
        "dmean": 5.72680330276,
        "dmean2": 8.99989128113,
        "dvar": 131.300765991,
        "dvar2": 308.952087402,
        "max": 248.290054321,
        "mean": 10.1445245743,
        "median": 5.81088447571,
        "min": -1.79981088638,
        "var": 239.869430542
    },
    "melbands_skewness": {
        "dmean": 0.690502107143,
        "dmean2": 1.04949533939,
        "dvar": 0.583091020584,
        "dvar2": 1.31771469116,
        "max": 12.7162456512,
        "mean": 2.12676024437,
        "median": 1.99197781086,
        "min": -3.12026333809,
        "var": 2.41052150726
    },
    "melbands_spread": {
        "dmean": 6.37135791779,
        "dmean2": 9.53095054626,
        "dvar": 68.4404067993,
        "dvar2": 145.59034729,
        "max": 190.363632202,
        "mean": 22.5853862762,
        "median": 19.0349731445,
        "min": 0.401944309473,
        "var": 294.539672852
    },
    "pitch_salience": {
        "dmean": 0.0707675367594,
        "dmean2": 0.1141025424,
        "dvar": 0.00471659190953,
        "dvar2": 0.0116639966145,
        "max": 0.997646152973,
        "mean": 0.559712767601,
        "median": 0.567090749741,
        "min": 0.111989557743,
        "var": 0.0134871806949
    },
    "silence_rate_20dB": {
        "dmean": 0,
        "dmean2": 0,
        "dvar": 0,
        "dvar2": 0,
        "max": 1,
        "mean": 1,
        "median": 1,
        "min": 1,
        "var": 0
    },
    "silence_rate_30dB": {
        "dmean": 0.00288953096606,
        "dmean2": 0.00577970454469,
        "dvar": 0.00288082682528,
        "dvar2": 0.00863473769277,
        "max": 1,
        "mean": 0.998555421829,
        "median": 1,
        "min": 0,
        "var": 0.00144242576789
    },
    "silence_rate_60dB": {
        "dmean": 0.0228939764202,
        "dmean2": 0.0457930415869,
        "dvar": 0.0223657488823,
        "dvar2": 0.0483709312975,
        "max": 1,
        "mean": 0.0996777415276,
        "median": 0,
        "min": 0,
        "var": 0.0897537618876
    },
    "spectral_centroid": {
        "dmean": 233.065444946,
        "dmean2": 336.63659668,
        "dvar": 85689.375,
        "dvar2": 169576.828125,
        "max": 10792.1972656,
        "mean": 1257.01806641,
        "median": 1121.56481934,
        "min": 206.807144165,
        "var": 492373.09375
    },
    "spectral_complexity": {
        "dmean": 3.91020226479,
        "dmean2": 5.81504964828,
        "dvar": 20.7230529785,
        "dvar2": 39.9860153198,
        "max": 62,
        "mean": 21.3240356445,
        "median": 19,
        "min": 0,
        "var": 177.914337158
    },
    "spectral_decrease": {
        "dmean": 2.22369034297e-09,
        "dmean2": 3.54411389125e-09,
        "dvar": 1.11588906293e-17,
        "dvar2": 2.86646735786e-17,
        "max": -4.0355373322e-29,
        "mean": -7.69509611587e-09,
        "median": -7.05892633235e-09,
        "min": -3.70708477249e-08,
        "var": 3.53771052831e-17
    },
    "spectral_energy": {
        "dmean": 0.00887648295611,
        "dmean2": 0.0140720298514,
        "dvar": 0.000169127510162,
        "dvar2": 0.000428599043516,
        "max": 0.14230376482,
        "mean": 0.031530123204,
        "median": 0.029115986079,
        "min": 1.06100954676e-20,
        "var": 0.000580348307267
    },
    "spectral_energyband_high": {
        "dmean": 0.000781526963692,
        "dmean2": 0.00103372801095,
        "dvar": 2.82781138594e-06,
        "dvar2": 5.24386314282e-06,
        "max": 0.0213268622756,
        "mean": 0.00144745956641,
        "median": 0.000236620646319,
        "min": 7.53502811443e-21,
        "var": 7.12890914656e-06
    },
    "spectral_energyband_low": {
        "dmean": 0.00469146016985,
        "dmean2": 0.00738691864535,
        "dvar": 9.56549338298e-05,
        "dvar2": 0.000248021067819,
        "max": 0.116165444255,
        "mean": 0.0108655914664,
        "median": 0.00378509634174,
        "min": 1.05887827431e-22,
        "var": 0.000222714370466
    },
    "spectral_energyband_middle_high": {
        "dmean": 0.00277050328441,
        "dmean2": 0.00430294545367,
        "dvar": 1.65459932759e-05,
        "dvar2": 3.92300316889e-05,
        "max": 0.0630493015051,
        "mean": 0.0072713769041,
        "median": 0.00472570816055,
        "min": 1.75248330384e-21,
        "var": 5.94183875364e-05
    },
    "spectral_energyband_middle_low": {
        "dmean": 0.0057580047287,
        "dmean2": 0.00941459834576,
        "dvar": 0.000108982094389,
        "dvar2": 0.000300875050016,
        "max": 0.105243720114,
        "mean": 0.0130114275962,
        "median": 0.0100535498932,
        "min": 3.57308349729e-22,
        "var": 0.000149476589286
    },
    "spectral_entropy": {
        "dmean": 0.18418854475,
        "dmean2": 0.251060456038,
        "dvar": 0.0379523448646,
        "dvar2": 0.0669414848089,
        "max": 9.81000041962,
        "mean": 7.44101428986,
        "median": 7.54088973999,
        "min": 4.00772094727,
        "var": 0.509486317635
    },
    "spectral_flux": {
        "dmean": 0.0246848780662,
        "dmean2": 0.038553122431,
        "dvar": 0.00104793335777,
        "dvar2": 0.00192299066111,
        "max": 0.363914042711,
        "mean": 0.0882542282343,
        "median": 0.0841020643711,
        "min": 1.03005319552e-10,
        "var": 0.00328446761705
    },
    "spectral_kurtosis": {
        "dmean": 3.35046195984,
        "dmean2": 5.45697307587,
        "dvar": 67.3271560669,
        "dvar2": 177.486587524,
        "max": 275.210601807,
        "mean": 8.80785083771,
        "median": 4.53254032135,
        "min": -1.22242462635,
        "var": 301.896697998
    },
    "spectral_rms": {
        "dmean": 0.000725408026483,
        "dmean2": 0.00112083426211,
        "dvar": 7.45494844523e-07,
        "dvar2": 1.77960907877e-06,
        "max": 0.0117827393115,
        "mean": 0.00503549491987,
        "median": 0.0053297127597,
        "min": 3.21734566072e-12,
        "var": 5.40481005373e-06
    },
    "spectral_rolloff": {
        "dmean": 525.753417969,
        "dmean2": 805.163085938,
        "dvar": 791245.25,
        "dvar2": 1529955.125,
        "max": 18626.2207031,
        "mean": 1551.45471191,
        "median": 1098.19335938,
        "min": 64.599609375,
        "var": 2446821.75
    },
    "spectral_skewness": {
        "dmean": 0.31539145112,
        "dmean2": 0.485912233591,
        "dvar": 0.215612918139,
        "dvar2": 0.529961109161,
        "max": 14.3082904816,
        "mean": 1.98667275906,
        "median": 1.68147611618,
        "min": 0.0247371010482,
        "var": 1.45078980923
    },
    "spectral_spread": {
        "dmean": 565359.6875,
        "dmean2": 757509.3125,
        "dvar": 478846713856,
        "dvar2": 615498907648,
        "max": 41818236,
        "mean": 4354275,
        "median": 4124606.5,
        "min": 376889.78125,
        "var": 3.63677430579e+12
    },
    "spectral_strongpeak": {
        "dmean": 0.518095552921,
        "dmean2": 0.86852812767,
        "dvar": 0.79920232296,
        "dvar2": 1.95833110809,
        "max": 10.6383495331,
        "mean": 0.889545738697,
        "median": 0.471924424171,
        "min": 0,
        "var": 1.16829395294
    },
    "zerocrossingrate": {
        "dmean": 0.010438897647,
        "dmean2": 0.0111296325922,
        "dvar": 0.000176230605575,
        "dvar2": 0.000192696767044,
        "max": 0.70703125,
        "mean": 0.0601662434638,
        "median": 0.04931640625,
        "min": 0.00390625,
        "var": 0.00194126844872
    },
    "barkbands": {
        "dmean": [0.000121401375509, 0.00343122985214, 0.00215029390529, 0.00144424114842, 0.0027086911723, 0.00137605529744, 0.00100949651096, 0.000934227835387, 0.000669018249027, 0.00126698869281, 0.000607933383435, 0.000914028147236, 0.000464356504381, 0.000407586892834, 0.000561249325983, 0.000343205058016, 0.000246924901148, 0.000190502265468, 0.000192033912754, 0.000132664586999, 0.000147205253597, 0.000141797267133, 0.000172108761035, 0.000159398725373, 0.000133196692332, 4.81971619593e-05, 1.41040197832e-06],
        "dmean2": [0.000179732553079, 0.00527794333175, 0.00372628727928, 0.00259477971122, 0.00451622344553, 0.00218006735668, 0.00154043058865, 0.00141636689659, 0.00104878738057, 0.00202660635114, 0.000976687297225, 0.00150856503751, 0.000758849317208, 0.000673109723721, 0.000936991127674, 0.000572131481022, 0.000404254737077, 0.000311285461066, 0.000312177260639, 0.000208986690268, 0.000221693888307, 0.000207739372854, 0.000252636556979, 0.000211745253182, 0.000172710046172, 6.38572673779e-05, 2.36688356381e-06],
        "dvar": [1.38168019248e-07, 5.16207437613e-05, 4.13000052504e-05, 2.21556092583e-05, 3.39491780323e-05, 7.49358332541e-06, 3.21330617226e-06, 3.40743940797e-06, 1.81955010703e-06, 7.57514635552e-06, 3.69622785001e-06, 5.24548613612e-06, 1.25145197671e-06, 9.01413955035e-07, 1.45692399656e-06, 4.36698059048e-07, 2.36920286056e-07, 1.71293294216e-07, 1.33350184228e-07, 6.33819041695e-08, 9.42759399436e-08, 8.80116530766e-08, 1.73963996986e-07, 1.31080454935e-07, 9.685945912e-08, 1.27518609006e-08, 1.19754007058e-11],
        "dvar2": [3.71717021608e-07, 0.000127899606014, 0.000115861490485, 6.49098583381e-05, 9.05849738047e-05, 1.78014543053e-05, 7.48766387915e-06, 7.52813230065e-06, 4.54293058283e-06, 1.88020112546e-05, 8.48908621265e-06, 1.25146907521e-05, 3.12113684231e-06, 2.3370330382e-06, 3.9463484427e-06, 1.15164789349e-06, 6.2388699007e-07, 4.35508837882e-07, 3.42241094131e-07, 1.53767160782e-07, 2.13082230971e-07, 1.90995805838e-07, 3.76544306846e-07, 2.40005817886e-07, 1.68862896999e-07, 2.09292778663e-08, 3.16550501089e-11],
        "max": [0.00720498664305, 0.082711994648, 0.0899259448051, 0.0525392219424, 0.0651481896639, 0.0649491921067, 0.0520875565708, 0.0377979129553, 0.0285435561091, 0.0364463366568, 0.0391343981028, 0.0518629290164, 0.0253978446126, 0.0261808671057, 0.0245410390198, 0.0109856370836, 0.00919838342816, 0.0161322206259, 0.00548479240388, 0.00415705190971, 0.00388967618346, 0.00494718458503, 0.00456683710217, 0.0050681643188, 0.00383263919502, 0.00150777003728, 4.48620849056e-05],
        "mean": [0.000187195881153, 0.00708128651604, 0.00278161978349, 0.00163791223895, 0.00411652587354, 0.00243593170308, 0.00178709661122, 0.00144460750744, 0.00111009087414, 0.00177056575194, 0.000780983653385, 0.00119600491598, 0.000636520213448, 0.000559614680242, 0.000811379286461, 0.000549132411834, 0.000416633818531, 0.000324813707266, 0.000344835279975, 0.000237719112192, 0.000263345282292, 0.000235500992858, 0.000264663947746, 0.000267944909865, 0.000210639846046, 7.61229239288e-05, 1.42808835335e-06],
        "median": [1.03609545477e-05, 0.000984091428109, 0.000690383603796, 0.00053391820984, 0.00204325048253, 0.00127520470414, 0.000861541484483, 0.000608191476204, 0.000450095190899, 0.000521700247191, 0.000214308762224, 0.000352296017809, 0.000214840823901, 0.000183666634257, 0.000316704245051, 0.00021865668532, 0.000171271822182, 0.000113997790322, 0.000132986620883, 6.73678587191e-05, 6.43802704872e-05, 3.40519654856e-05, 2.59707157966e-05, 2.72624820354e-05, 1.65862238646e-05, 5.51934317627e-06, 5.55048274009e-08],
        "min": [1.253279334e-23, 3.99057279592e-23, 3.99680164163e-23, 5.86416919509e-23, 3.3671650526e-23, 9.1185075745e-23, 3.93938266515e-23, 6.24577403156e-23, 7.17009750034e-23, 4.99627010697e-23, 1.11730648788e-22, 1.59272468268e-22, 1.1220573238e-22, 4.40587335264e-23, 1.21397590134e-22, 1.33723283032e-22, 2.56029388494e-22, 2.71256953563e-22, 3.5560367811e-22, 2.39487492804e-22, 4.24622141072e-22, 5.37661036785e-22, 5.5649105824e-22, 7.31368470013e-22, 1.30858185663e-21, 1.64989604519e-21, 2.31030091058e-21],
        "var": [1.85598608482e-07, 0.000122030978673, 3.53636205546e-05, 1.45729345604e-05, 3.98802112613e-05, 1.41462951433e-05, 7.22083632354e-06, 6.63001719658e-06, 3.25997825712e-06, 1.17147637866e-05, 4.89489002575e-06, 7.22698268874e-06, 1.92088486983e-06, 1.22087112686e-06, 2.01114630727e-06, 6.93678941843e-07, 4.03453810804e-07, 2.88015030492e-07, 2.79199895203e-07, 1.42935164149e-07, 2.01164439773e-07, 1.92299481228e-07, 3.06601890543e-07, 3.15183001476e-07, 2.14317083191e-07, 2.78413043731e-08, 1.38584083445e-11]
    },
    "erbbands": {
        "dmean": [0.0978623330593, 0.853248596191, 2.2546172142, 3.74792671204, 7.75546455383, 8.45799636841, 10.728055954, 12.3982038498, 14.8659410477, 14.0603981018, 19.3542156219, 17.7061195374, 25.8210906982, 36.481048584, 26.0120372772, 43.1682014465, 21.1904411316, 20.1108283997, 29.0555305481, 20.8656082153, 16.3980674744, 10.1329631805, 10.3558130264, 9.57307243347, 9.04581260681, 6.68462467194, 5.40280294418, 6.11677217484, 5.32374715805, 4.86341953278, 4.97411727905, 3.89282655716, 2.32275986671, 1.61772882938, 0.922735333443, 0.314282566309, 0.0674161911011, 0.00758897094056, 0.000181870811502, 1.75110708369e-05],
        "dmean2": [0.139312371612, 1.31408810616, 3.82584214211, 6.65172624588, 13.6425285339, 13.7495946884, 16.8989086151, 19.7633647919, 22.5895004272, 21.3880634308, 29.5183887482, 27.4086036682, 42.1541099548, 57.6275024414, 41.4307174683, 71.1153488159, 34.3871574402, 33.0639686584, 47.6308059692, 34.5102729797, 26.9116039276, 16.1270675659, 16.7924690247, 15.5284223557, 14.6653223038, 10.6016635895, 8.24635410309, 9.17895889282, 7.98137569427, 7.22396564484, 7.34002065659, 5.30692625046, 3.20800042152, 2.11033248901, 1.21676111221, 0.415077567101, 0.0909784287214, 0.0112845981494, 0.00026601497666, 2.49373661063e-05],
        "dvar": [0.037329107523, 3.51898932457, 42.6206054688, 143.592956543, 491.968048096, 287.200622559, 418.259155273, 789.038146973, 745.011291504, 823.806335449, 1750.94445801, 1341.94042969, 3813.52441406, 8599.203125, 5841.28417969, 12026.4150391, 2646.25683594, 2426.50390625, 4764.10107422, 1693.6072998, 915.709960938, 342.896484375, 484.01473999, 380.579223633, 325.018493652, 170.662734985, 106.683799744, 208.845336914, 132.560775757, 117.458908081, 154.866714478, 82.9983596802, 27.0569934845, 13.4457740784, 5.17863845825, 0.569244503975, 0.0238374173641, 0.00026333326241, 1.50868189053e-07, 8.19144752029e-10],
        "dvar2": [0.0822670906782, 8.74378490448, 116.575790405, 417.209472656, 1393.86950684, 731.771728516, 986.995666504, 1851.61181641, 1722.48217773, 1766.84130859, 3947.2109375, 3263.98803711, 10172.2373047, 20284.5488281, 13569.2841797, 28701.0625, 6579.94970703, 6277.89648438, 12865.0986328, 4508.37353516, 2321.6862793, 854.461547852, 1269.39318848, 943.027038574, 829.272216797, 416.914245605, 247.118759155, 487.829101562, 301.025085449, 251.33782959, 339.825927734, 152.840698242, 50.9641151428, 23.5890541077, 9.60627174377, 0.937373220921, 0.0424261242151, 0.000557411578484, 3.13786898687e-07, 1.62207935972e-09],
        "max": [2.62710046768, 21.2514095306, 80.2932739258, 134.375534058, 225.367141724, 235.800949097, 528.62109375, 774.53918457, 895.192993164, 933.846130371, 929.167053223, 859.399719238, 998.10949707, 1741.0925293, 1538.58166504, 2608.63061523, 1237.65759277, 1574.56030273, 1594.74511719, 618.212158203, 445.062103271, 323.453979492, 797.176025391, 464.678833008, 349.574859619, 245.266372681, 211.531723022, 216.173919678, 178.155059814, 129.51159668, 135.038208008, 112.316802979, 85.1669769287, 48.0948638916, 28.983921051, 9.53943347931, 2.02212643623, 0.272471278906, 0.00526460399851, 0.000367697473848],
        "mean": [0.210676491261, 1.55674898624, 3.14906024933, 4.74394273758, 8.96728897095, 13.6852254868, 18.9974975586, 20.9830474854, 26.9144096375, 25.6846370697, 29.6332683563, 30.669626236, 37.9201011658, 51.2822990417, 37.3129234314, 58.3208847046, 31.6335525513, 29.425825119, 43.2549667358, 34.4170074463, 28.9926433563, 19.4120407104, 18.8213844299, 17.392074585, 16.0881061554, 11.9468889236, 10.5347661972, 9.98811531067, 8.51523303986, 7.98049259186, 7.53118991852, 6.24374961853, 3.99693107605, 2.6106865406, 1.3852032423, 0.484626978636, 0.104766562581, 0.0117892539129, 0.00029080332024, 5.23653652635e-05],
        "median": [0.0155573887751, 0.249860316515, 0.782515585423, 1.87980115414, 3.43665575981, 6.45914793015, 8.86292743683, 9.97410392761, 12.6592597961, 12.9715013504, 13.4668540955, 13.3475866318, 14.6799449921, 14.9538164139, 14.1073246002, 19.3902740479, 13.1748495102, 11.6812295914, 17.0195941925, 14.7144441605, 13.5473022461, 8.42673778534, 6.93011522293, 7.08883571625, 5.46785449982, 3.37561130524, 3.21776461601, 1.98768138885, 1.29803919792, 0.875445961952, 0.7550547719, 0.596379697323, 0.43631953001, 0.237905219197, 0.0896792337298, 0.0303678382188, 0.00877332966775, 0.00117922271602, 4.32321176049e-05, 3.94750277337e-05],
        "min": [1.1682992141e-21, 9.2616844404e-21, 3.52538043969e-20, 1.24381378026e-19, 2.17102443956e-19, 4.54999161611e-20, 3.1662364538e-19, 8.51966976211e-19, 5.17652315673e-19, 1.18397173489e-18, 1.3596303622e-18, 1.90510944727e-18, 7.95517948162e-19, 4.61482409382e-18, 4.24810928568e-18, 6.33561867546e-18, 5.68899546061e-18, 1.65529397464e-18, 5.5019872949e-18, 6.05767316835e-18, 8.95533772573e-18, 1.53446999799e-17, 1.46633165678e-17, 2.18175983771e-17, 1.34042318702e-17, 1.08757318164e-17, 1.2180304003e-17, 1.91346446777e-17, 2.13713642151e-17, 1.74369788931e-17, 1.51807130779e-17, 1.34752296094e-17, 1.30143055469e-17, 1.3314941859e-17, 9.25348505135e-18, 5.05310160548e-18, 3.20017443356e-18, 1.49602975688e-18, 3.34364524019e-19, 3.54765615509e-20],
        "var": [0.121754057705, 6.66239786148, 42.0086021423, 98.0113983154, 369.125976562, 450.188812256, 935.97833252, 1427.296875, 1748.82299805, 1892.79492188, 2859.62841797, 2464.24853516, 5416.85791016, 12878.25, 8679.68554688, 16542.0859375, 4228.18359375, 3204.23217773, 6634.66845703, 2729.20385742, 1652.7442627, 756.989379883, 883.17565918, 690.997436523, 674.014648438, 370.701080322, 286.608825684, 345.576049805, 255.673995972, 240.728805542, 256.442596436, 178.804046631, 67.8431549072, 31.5104427338, 10.1505641937, 1.20361566544, 0.0498005375266, 0.000550354248844, 3.13252115802e-07, 2.6919273477e-09]
    },
    "gfcc": {
        "mean": [-17.6218490601, 100.578651428, -123.328620911, 19.6854896545, -64.4723892212, 10.7866716385, -42.7311439514, 4.73194980621, -23.464302063, 1.32571017742, -14.3936500549, -2.76302862167, -7.76876401901],
        "cov": [[18677.7011719, -2943.21191406, 1294.84875488, 1515.76867676, 220.448822021, 2056.69555664, -177.019515991, 1496.28308105, -869.269042969, 610.046081543, -312.591064453, 616.995361328, -294.079956055], [-2943.21191406, 2771.99243164, -226.503173828, -789.254699707, 5.11561775208, -702.583068848, 215.891998291, -490.108581543, 212.416275024, -287.269805908, 249.879608154, -335.424438477, 149.540557861], [1294.84875488, -226.503173828, 997.792175293, 285.028991699, -20.3184814453, 225.812225342, 11.2192287445, 173.389984131, -106.645996094, 136.189697266, -71.9934997559, 90.8934936523, -49.7721061707], [1515.76867676, -789.254699707, 285.028991699, 740.891418457, 231.128707886, 379.17578125, 30.105758667, 246.294143677, 18.1170082092, 117.876045227, -56.5882949829, 153.358673096, -9.2380437851], [220.448822021, 5.11561775208, -20.3184814453, 231.128707886, 430.518188477, 242.429428101, 119.897155762, 108.954627991, 79.2044219971, 35.3289871216, 26.916677475, 63.4252128601, 40.6162414551], [2056.69555664, -702.583068848, 225.812225342, 379.17578125, 242.429428101, 593.573852539, 72.9652252197, 299.652648926, -48.41355896, 122.301261902, -43.5218467712, 137.795715332, -11.3698711395], [-177.019515991, 215.891998291, 11.2192287445, 30.105758667, 119.897155762, 72.9652252197, 218.781204224, 45.0869560242, 80.2901000977, 28.7353363037, 36.6989479065, 28.0163116455, 33.1503486633], [1496.28308105, -490.108581543, 173.389984131, 246.294143677, 108.954627991, 299.652648926, 45.0869560242, 317.11026001, -31.3317127228, 100.062301636, -15.9195222855, 97.4574584961, -6.99693584442], [-869.269042969, 212.416275024, -106.645996094, 18.1170082092, 79.2044219971, -48.41355896, 80.2901000977, -31.3317127228, 189.788742065, 14.1773672104, 38.2361373901, -9.06815052032, 39.0507698059], [610.046081543, -287.269805908, 136.189697266, 117.876045227, 35.3289871216, 122.301261902, 28.7353363037, 100.062301636, 14.1773672104, 144.457717896, 3.71540975571, 81.903427124, -14.3497200012], [-312.591064453, 249.879608154, -71.9934997559, -56.5882949829, 26.916677475, -43.5218467712, 36.6989479065, -15.9195222855, 38.2361373901, 3.71540975571, 125.614624023, 1.32392597198, 37.0977897644], [616.995361328, -335.424438477, 90.8934936523, 153.358673096, 63.4252128601, 137.795715332, 28.0163116455, 97.4574584961, -9.06815052032, 81.903427124, 1.32392597198, 144.575637817, 20.0277519226], [-294.079956055, 149.540557861, -49.7721061707, -9.2380437851, 40.6162414551, -11.3698711395, 33.1503486633, -6.99693584442, 39.0507698059, -14.3497200012, 37.0977897644, 20.0277519226, 94.5759353638]],
        "icov": [[0.000217563720071, -0.000472268846352, 0.000301481515635, -0.000387801439501, 0.000435866502812, -0.000671894347761, 0.000487227371195, -0.000670032924972, 0.000868879549671, -0.000688141852152, 0.000535804138053, -0.000627890229225, 0.00051532976795], [-0.000472268846352, 0.00290264259093, -0.0016163578257, 0.00190488516819, -0.00206650840119, 0.00252561829984, -0.00268363626674, 0.00226684683003, -0.00234967516735, 0.00299793994054, -0.0033031469211, 0.00376760470681, -0.00250028143637], [0.000301481515635, -0.0016163578257, 0.00233128853142, -0.00156054238323, 0.00151084549725, -0.00149264500942, 0.00105162744876, -0.00140676402953, 0.00236623338424, -0.00292304251343, 0.00226502143778, -0.00174281757791, 0.00132672174368], [-0.000387801439501, 0.00190488516819, -0.00156054238323, 0.00401486922055, -0.00221775053069, 0.00109304289799, -0.000909196562134, 0.000912407995202, -0.00305602885783, 0.00253696832806, -0.00141889567021, 0.00083242636174, -0.00114980782382], [0.000435866502812, -0.00206650840119, 0.00151084549725, -0.00221775053069, 0.00576095748693, -0.00366398855112, 0.00075654569082, -0.00148900016211, 0.000850372947752, -0.00141107349191, 0.00157179625239, -0.0027740849182, 0.00131707161199], [-0.000671894347761, 0.00252561829984, -0.00149264500942, 0.00109304289799, -0.00366398855112, 0.00741856079549, -0.00305224885233, -3.16829609801e-05, -0.00132656679489, 0.00200927816331, -0.00183949992061, 0.00276104663499, -0.00223905500025], [0.000487227371195, -0.00268363626674, 0.00105162744876, -0.000909196562134, 0.00075654569082, -0.00305224885233, 0.00922715105116, -0.00278431875631, -0.000365981075447, -0.00263382354751, 0.00215501734056, -0.00414654333144, 0.00187509518582], [-0.000670032924972, 0.00226684683003, -0.00140676402953, 0.000912407995202, -0.00148900016211, -3.16829609801e-05, -0.00278431875631, 0.00929093267769, -0.001986164134, 0.000912199961022, -0.00299678766169, 0.0027224982623, -0.00246247882023], [0.000868879549671, -0.00234967516735, 0.00236623338424, -0.00305602885783, 0.000850372947752, -0.00132656679489, -0.000365981075447, -0.001986164134, 0.0126941055059, -0.00681922584772, 0.00247036805376, -0.000421095493948, -0.000335541903041], [-0.000688141852152, 0.00299793994054, -0.00292304251343, 0.00253696832806, -0.00141107349191, 0.00200927816331, -0.00263382354751, 0.000912199961022, -0.00681922584772, 0.0177370402962, -0.0053031030111, -0.00305251008831, 0.00190118851606], [0.000535804138053, -0.0033031469211, 0.00226502143778, -0.00141889567021, 0.00157179625239, -0.00183949992061, 0.00215501734056, -0.00299678766169, 0.00247036805376, -0.0053031030111, 0.0141127323732, -0.00411467300728, -0.000420020252932], [-0.000627890229225, 0.00376760470681, -0.00174281757791, 0.00083242636174, -0.0027740849182, 0.00276104663499, -0.00414654333144, 0.0027224982623, -0.000421095493948, -0.00305251008831, -0.00411467300728, 0.0189892277122, -0.0082638785243], [0.00051532976795, -0.00250028143637, 0.00132672174368, -0.00114980782382, 0.00131707161199, -0.00223905500025, 0.00187509518582, -0.00246247882023, -0.000335541903041, 0.00190118851606, -0.000420020252932, -0.0082638785243, 0.0173826962709]]
    },
    "melbands": {
        "dmean": [0.000906536122784, 0.00109408551361, 0.000739147712011, 0.000611527764704, 0.00036872716737, 0.000268460513325, 0.000225811541895, 0.000159388073371, 0.000150797553943, 0.000109396147309, 0.00013508379925, 0.00015871389769, 7.81775961514e-05, 0.000114697832032, 7.33195993234e-05, 3.79641423933e-05, 4.13150992244e-05, 4.74833395856e-05, 3.35503937094e-05, 2.87444254354e-05, 2.03008348763e-05, 1.1992875443e-05, 1.14131080409e-05, 9.42128917814e-06, 8.24523704068e-06, 8.12560301711e-06, 4.81831966681e-06, 4.72492411063e-06, 3.39317557518e-06, 3.91445519199e-06, 3.6899555198e-06, 3.10055293085e-06, 2.8684512472e-06, 2.84863540401e-06, 3.19086825584e-06, 2.58511363427e-06, 2.33835567087e-06, 1.68797168953e-06, 1.45325395806e-06, 1.37960694246e-06],
        "dmean2": [0.00136899121571, 0.00175693305209, 0.00131159822922, 0.00103411194868, 0.000580198015086, 0.000426314683864, 0.000341792561812, 0.000242288733716, 0.000231086276472, 0.000170401181094, 0.000221772614168, 0.000251822377322, 0.000125724458485, 0.000187250901945, 0.000120092670841, 6.26995824859e-05, 6.80188604747e-05, 7.81391354394e-05, 5.56690174562e-05, 4.80457019876e-05, 3.34294782078e-05, 1.95183856704e-05, 1.87690693565e-05, 1.54254066729e-05, 1.35303016577e-05, 1.33609710247e-05, 7.78386856837e-06, 7.57527186579e-06, 5.34099808647e-06, 6.03927037446e-06, 5.63488401895e-06, 4.76254899695e-06, 4.31409443991e-06, 4.34245021097e-06, 4.92988328915e-06, 3.64621541848e-06, 3.22287132803e-06, 2.42752730628e-06, 1.99665032596e-06, 1.86444447081e-06],
        "dvar": [3.25437054016e-06, 7.53347512727e-06, 5.33295587957e-06, 2.1200505671e-06, 4.80580638396e-07, 3.34092391086e-07, 1.61348324923e-07, 1.06474608685e-07, 1.06165863656e-07, 5.37419282409e-08, 1.04493757647e-07, 1.60515611469e-07, 5.5970119206e-08, 7.88838931953e-08, 2.54109782105e-08, 6.71021371801e-09, 1.13685132419e-08, 1.27958283969e-08, 4.44014336409e-09, 3.15526116346e-09, 1.57572255244e-09, 5.22874299413e-10, 5.53893153565e-10, 4.8323528512e-10, 2.91120211271e-10, 2.98705088442e-10, 8.1309500799e-11, 9.46271880298e-11, 4.65885489909e-11, 6.31159569053e-11, 8.0132261937e-11, 4.50783819994e-11, 3.90724987087e-11, 4.27179992768e-11, 7.28671636918e-11, 3.58815720192e-11, 3.06759929958e-11, 1.47918465671e-11, 1.0763456966e-11, 1.03982673166e-11],
        "dvar2": [7.74167347117e-06, 1.98502075364e-05, 1.54488807311e-05, 5.80278219786e-06, 1.12467751023e-06, 7.85591112162e-07, 3.71768180685e-07, 2.27498674121e-07, 2.41807896373e-07, 1.32432361966e-07, 2.79373210788e-07, 3.80233018404e-07, 1.28848185454e-07, 1.88270533386e-07, 6.36349639649e-08, 1.70179017545e-08, 2.92796542567e-08, 3.45689521453e-08, 1.20063354814e-08, 8.54112336413e-09, 4.0483949526e-09, 1.35471367457e-09, 1.46786027777e-09, 1.25069110624e-09, 7.37158278863e-10, 7.82436559987e-10, 2.01586192183e-10, 2.36953123789e-10, 1.17321222182e-10, 1.4440321161e-10, 1.92689864065e-10, 1.04560082814e-10, 8.78119035819e-11, 9.49606088207e-11, 1.70828171053e-10, 6.99004049087e-11, 5.70547810386e-11, 2.99445572505e-11, 1.96911202621e-11, 1.97140966746e-11],
        "max": [0.0198552981019, 0.0292997062206, 0.024370694533, 0.0162640791386, 0.0160256717354, 0.0152092976496, 0.0125022446737, 0.0106380842626, 0.00701601058245, 0.00521546648815, 0.00538932066411, 0.00656164577231, 0.00475645577535, 0.00609730556607, 0.00262613757513, 0.00155328761321, 0.00328631396405, 0.00261598546058, 0.00105291220825, 0.000868864182848, 0.000534277991392, 0.00042704254156, 0.000383760663681, 0.000994623056613, 0.000380376324756, 0.000339082675055, 0.000134704605443, 0.000206957760383, 0.000197635148652, 0.000112438625365, 0.000125417122035, 0.000127468636492, 0.000108249412733, 8.81916421349e-05, 9.93271605694e-05, 8.43479137984e-05, 7.19968156773e-05, 6.67346466798e-05, 6.06078028795e-05, 4.31930748164e-05],
        "mean": [0.00194841460325, 0.00183392048348, 0.000936260912567, 0.000834984879475, 0.000672970316373, 0.000456773268525, 0.000408379390137, 0.000284579931758, 0.000229285549722, 0.0001836323936, 0.000190749735339, 0.000216293614358, 0.000104692233435, 0.000153079934535, 0.000102489357232, 5.31535697519e-05, 5.53329628019e-05, 6.79488439346e-05, 5.01191425428e-05, 4.46461963293e-05, 3.29174181388e-05, 2.05790565815e-05, 1.89668971871e-05, 1.56007390615e-05, 1.36306125569e-05, 1.33305529744e-05, 8.48793297337e-06, 7.78690446168e-06, 6.17495697952e-06, 6.72145961289e-06, 5.52700885237e-06, 4.85149575979e-06, 4.4419389269e-06, 4.44503575636e-06, 4.47839238404e-06, 4.04389038522e-06, 3.67277402802e-06, 2.78818947663e-06, 2.49458321377e-06, 2.10130610867e-06],
        "median": [0.00022084156808, 0.000519127352163, 0.000384075014153, 0.000377908581868, 0.000326609209878, 0.000221495924052, 0.000192633742699, 0.000142831166158, 0.000103722966742, 7.33267443138e-05, 6.72071619192e-05, 5.33310776518e-05, 3.16978330375e-05, 4.72799001727e-05, 3.7783265725e-05, 2.06336317206e-05, 1.73492117028e-05, 2.49967979471e-05, 2.01015609491e-05, 1.6873505956e-05, 1.43220240716e-05, 8.85765803105e-06, 6.50091442367e-06, 5.49515834791e-06, 5.26264511791e-06, 4.23256142312e-06, 2.60169804278e-06, 2.04346633836e-06, 1.93102459889e-06, 1.53039923134e-06, 9.31260785819e-07, 7.32387661628e-07, 5.86455200846e-07, 4.34307281694e-07, 4.4444152536e-07, 3.74449143692e-07, 3.47119026856e-07, 3.04498854575e-07, 2.61738648533e-07, 1.77193399509e-07],
        "min": [1.14581091962e-23, 1.68551602438e-23, 2.72310619297e-23, 8.24741691292e-24, 8.44252824719e-24, 1.80776422114e-23, 8.38418646123e-24, 1.26615811937e-23, 1.05863737197e-23, 1.19761415308e-23, 3.10058130315e-24, 1.76537399154e-23, 1.37715155871e-23, 1.81206966619e-23, 1.57762919817e-23, 8.22640639157e-24, 2.2553205903e-24, 8.6288816477e-24, 8.85758031273e-24, 8.5422970636e-24, 1.08214495363e-23, 1.53679207792e-23, 1.51989451956e-23, 1.1225492259e-23, 1.9138977251e-23, 1.05048757107e-23, 8.9588148327e-24, 6.74223244044e-24, 6.67060229252e-24, 9.00204993233e-24, 1.21102960053e-23, 1.1420208374e-23, 1.12645140526e-23, 9.88300955937e-24, 8.50341410958e-24, 9.59442215214e-24, 7.44161758635e-24, 8.1622049468e-24, 1.22134017033e-23, 1.05731106013e-23],
        "var": [9.18466048461e-06, 1.01258146969e-05, 3.67438724425e-06, 1.96807127395e-06, 1.11131885205e-06, 6.17961120497e-07, 3.84516027907e-07, 2.45928333698e-07, 1.70389427012e-07, 9.62830313256e-08, 1.45624795778e-07, 2.43161423441e-07, 8.02960045121e-08, 1.09331189435e-07, 3.80845150971e-08, 9.89946791208e-09, 1.47057281907e-08, 1.73027707717e-08, 6.28694918348e-09, 4.93574958682e-09, 2.46837461582e-09, 9.32519395036e-10, 9.87946058295e-10, 7.19266701754e-10, 4.62925892064e-10, 5.3853999038e-10, 1.74018910393e-10, 1.78813949758e-10, 1.10486675364e-10, 1.31686467286e-10, 1.1839616787e-10, 8.46032549573e-11, 7.45687400716e-11, 7.99323524037e-11, 9.98305604849e-11, 7.39466404776e-11, 6.38147729104e-11, 3.3823804868e-11, 2.71187638318e-11, 2.15156885364e-11]
    },
    "mfcc": {
        "mean": [-653.416625977, 127.870399475, -0.662365734577, 8.7696762085, 1.17248117924, -0.872124493122, -4.79428529739, -3.58767747879, -2.94620275497, -0.0164279323071, -4.68424034119, -1.26264214516, -2.10587906837],
        "cov": [[13126.7988281, -2347.00170898, 156.259552002, 654.278015137, 788.87298584, 843.155456543, 822.309326172, 826.155273438, 370.483398438, 359.058288574, 131.005249023, 79.2576065063, 184.681045532], [-2347.00170898, 2504.88769531, -150.705795288, -287.7840271, -251.367614746, -326.288665771, -110.254829407, -274.609191895, -181.239456177, -107.870002747, -89.3445663452, -25.9328460693, -92.6111602783], [156.259552002, -150.705795288, 796.169067383, 129.049057007, -1.1104670763, 49.1805534363, 27.7271385193, -11.2664022446, 23.1281967163, -0.102803356946, 18.1685562134, 16.0802879333, 10.7379159927], [654.278015137, -287.7840271, 129.049057007, 400.812408447, 166.275695801, 132.775360107, 68.2209014893, 105.482749939, 81.6082839966, 37.8350830078, 46.1350212097, 44.5240783691, 51.5050735474], [788.87298584, -251.367614746, -1.1104670763, 166.275695801, 325.070556641, 196.717041016, 121.270515442, 144.135528564, 106.114959717, 66.3254318237, 35.9546165466, 37.0414352417, 42.7131614685], [843.155456543, -326.288665771, 49.1805534363, 132.775360107, 196.717041016, 319.158813477, 130.460769653, 155.167678833, 114.285842896, 70.099899292, 61.492729187, 27.2994117737, 57.9069595337], [822.309326172, -110.254829407, 27.7271385193, 68.2209014893, 121.270515442, 130.460769653, 228.450866699, 144.259384155, 69.1239624023, 61.4302558899, 27.5419712067, 33.5927772522, 31.9427757263], [826.155273438, -274.609191895, -11.2664022446, 105.482749939, 144.135528564, 155.167678833, 144.259384155, 210.938262939, 120.908882141, 67.5615768433, 46.2871627808, 35.9056396484, 42.8483695984], [370.483398438, -181.239456177, 23.1281967163, 81.6082839966, 106.114959717, 114.285842896, 69.1239624023, 120.908882141, 157.553222656, 68.1649780273, 42.5543518066, 27.8749980927, 25.970823288], [359.058288574, -107.870002747, -0.102803356946, 37.8350830078, 66.3254318237, 70.099899292, 61.4302558899, 67.5615768433, 68.1649780273, 107.268783569, 47.9081459045, 17.9400234222, 20.6979503632], [131.005249023, -89.3445663452, 18.1685562134, 46.1350212097, 35.9546165466, 61.492729187, 27.5419712067, 46.2871627808, 42.5543518066, 47.9081459045, 96.1811447144, 46.8554077148, 27.2644195557], [79.2576065063, -25.9328460693, 16.0802879333, 44.5240783691, 37.0414352417, 27.2994117737, 33.5927772522, 35.9056396484, 27.8749980927, 17.9400234222, 46.8554077148, 90.2384185791, 44.8332939148], [184.681045532, -92.6111602783, 10.7379159927, 51.5050735474, 42.7131614685, 57.9069595337, 31.9427757263, 42.8483695984, 25.970823288, 20.6979503632, 27.2644195557, 44.8332939148, 85.6027526855]],
