{
"lowlevel": {
    "average_loudness": 0.87154597044,
    "barkbands_crest": {
        "dmean": 2.67603325844,
        "dmean2": 4.1276884079,
        "dvar": 7.1843123436,
        "dvar2": 15.3098125458,
        "max": 26.7979774475,
        "mean": 12.3300628662,
        "median": 11.1738357544,
        "min": 2.16825604439,
        "var": 27.2344760895
    },
    "barkbands_flatness_db": {
        "dmean": 0.0316148065031,
        "dmean2": 0.0458508878946,
        "dvar": 0.00125706405379,
        "dvar2": 0.00260064727627,
        "max": 0.633690655231,
        "mean": 0.180533856153,
        "median": 0.16684114933,
        "min": 0.0258558467031,
        "var": 0.00788550917059
    },
    "barkbands_kurtosis": {
        "dmean": 9.98984909058,
        "dmean2": 15.762339592,
        "dvar": 2513.43115234,
        "dvar2": 6974.71630859,
        "max": 2386.43261719,
        "mean": 17.4083919525,
        "median": 6.59012937546,
        "min": -1.89968383312,
        "var": 4156.20898438
    },
    "barkbands_skewness": {
        "dmean": 0.81830060482,
        "dmean2": 1.20769619942,
        "dvar": 1.55800032616,
        "dvar2": 3.49515104294,
        "max": 41.6373214722,
        "mean": 2.56448054314,
        "median": 2.11512446404,
        "min": -3.27308821678,
        "var": 5.26741743088
    },
    "barkbands_spread": {
        "dmean": 5.7194609642,
        "dmean2": 8.53535842896,
        "dvar": 75.1438980103,
        "dvar2": 163.259429932,
        "max": 135.464767456,
        "mean": 15.7546930313,
        "median": 10.775390625,
        "min": 0.0815429016948,
        "var": 215.51423645
    },
    "dissonance": {
        "dmean": 0.0257266499102,
        "dmean2": 0.0412252284586,
        "dvar": 0.000771297898609,
        "dvar2": 0.00200386485085,
        "max": 0.500000059605,
        "mean": 0.441930562258,
        "median": 0.455948174,
        "min": 0.0208168681711,
        "var": 0.00223102630116
    },
    "dynamic_complexity": 3.47544765472,
    "erbbands_crest": {
        "dmean": 2.64496564865,
        "dmean2": 4.13619947433,
        "dvar": 7.0953745842,
        "dvar2": 16.4538230896,
        "max": 32.8843193054,
        "mean": 9.93311023712,
        "median": 8.72786331177,
        "min": 2.15787482262,
        "var": 30.396900177
    },
    "erbbands_flatness_db": {
        "dmean": 0.0234525781125,
        "dmean2": 0.0326849780977,
        "dvar": 0.000733609311283,
        "dvar2": 0.00142579816747,
        "max": 0.493465960026,
        "mean": 0.173715084791,
        "median": 0.157581791282,
        "min": 0.0478168018162,
        "var": 0.00600117212161
    },
    "erbbands_kurtosis": {
        "dmean": 2.61685061455,
        "dmean2": 4.09431266785,
        "dvar": 39.3170852661,
        "dvar2": 85.7552337646,
        "max": 146.340759277,
        "mean": 3.88234949112,
        "median": 0.833688735962,
        "min": -1.84680902958,
        "var": 102.889564514
    },
    "erbbands_skewness": {
        "dmean": 0.498063862324,
        "dmean2": 0.751200556755,
        "dvar": 0.35339936614,
        "dvar2": 0.753581345081,
        "max": 10.4185028076,
        "mean": 1.06280648708,
        "median": 0.921083807945,
        "min": -2.82695031166,
        "var": 1.83377027512
    },
    "erbbands_spread": {
        "dmean": 9.87335681915,
        "dmean2": 14.455488205,
        "dvar": 167.685134888,
        "dvar2": 340.580718994,
        "max": 169.116531372,
        "mean": 37.2999954224,
        "median": 34.0276489258,
        "min": 0.72190529108,
        "var": 599.892333984
    },
    "hfc": {
        "dmean": 8.73962974548,
        "dmean2": 13.0802907944,
        "dvar": 250.97833252,
        "dvar2": 585.31237793,
        "max": 168.655776978,
        "mean": 19.3647994995,
        "median": 13.7466487885,
        "min": 1.10119921206e-16,
        "var": 423.339569092
    },
    "melbands_crest": {
        "dmean": 3.08381009102,
        "dmean2": 4.68411254883,
        "dvar": 8.47526836395,
        "dvar2": 17.8899993896,
        "max": 39.9580192566,
        "mean": 15.8561782837,
        "median": 14.4892883301,
        "min": 1.84370112419,
        "var": 39.7026367188
    },
    "melbands_flatness_db": {
        "dmean": 0.0369201600552,
        "dmean2": 0.0531379058957,
        "dvar": 0.00172511453275,
        "dvar2": 0.00351280509494,
        "max": 0.753339469433,
        "mean": 0.255546063185,
        "median": 0.246368944645,
        "min": 0.00242090807296,
        "var": 0.0104299699888
    },
    "melbands_kurtosis": {
        "dmean": 18.9228916168,
        "dmean2": 28.5537090302,
        "dvar": 41828.1601562,
        "dvar2": 96920.6953125,
        "max": 13242.1025391,
        "mean": 32.5235519409,
        "median": 14.4668092728,
        "min": -1.84380412102,
        "var": 67549.3359375
    },
    "melbands_skewness": {
        "dmean": 0.963156938553,
        "dmean2": 1.41954886913,
        "dvar": 2.50008797646,
        "dvar2": 5.29867362976,
        "max": 104.732368469,
        "mean": 3.33700704575,
        "median": 2.93113851547,
        "min": -1.96177506447,
        "var": 8.55460166931
    },
    "melbands_spread": {
        "dmean": 5.76523160934,
        "dmean2": 8.84588623047,
        "dvar": 134.691055298,
        "dvar2": 273.964080811,
        "max": 221.22668457,
        "mean": 14.8977308273,
        "median": 9.5786857605,
        "min": 0.0237719323486,
        "var": 402.362701416
    },
    "pitch_salience": {
        "dmean": 0.0793872997165,
        "dmean2": 0.124003939331,
        "dvar": 0.00692458683625,
        "dvar2": 0.0159788317978,
        "max": 0.987310647964,
        "mean": 0.540627658367,
        "median": 0.560414612293,
        "min": 0.00806311052293,
        "var": 0.0221578050405
    },
    "silence_rate_20dB": {
        "dmean": 0,
        "dmean2": 0,
        "dvar": 0,
        "dvar2": 0,
        "max": 1,
        "mean": 1,
        "median": 1,
        "min": 1,
        "var": 0
    },
    "silence_rate_30dB": {
        "dmean": 0.0207936745137,
        "dmean2": 0.041593439877,
        "dvar": 0.0203618053347,
        "dvar2": 0.0591977275908,
        "max": 1,
        "mean": 0.988872647285,
        "median": 1,
        "min": 0,
        "var": 0.0110026448965
    },
    "silence_rate_60dB": {
        "dmean": 0.0219651479274,
        "dmean2": 0.0439367294312,
        "dvar": 0.0214846879244,
        "dvar2": 0.0455197617412,
        "max": 1,
        "mean": 0.0978038087487,
        "median": 0,
        "min": 0,
        "var": 0.0882304906845
    },
    "spectral_centroid": {
        "dmean": 222.681869507,
        "dmean2": 332.56930542,
        "dvar": 133898.484375,
        "dvar2": 257715.25,
        "max": 11545.5429688,
        "mean": 966.07208252,
        "median": 673.823608398,
        "min": 82.5712585449,
        "var": 656107.75
    },
    "spectral_complexity": {
        "dmean": 4.50109815598,
        "dmean2": 6.72729921341,
        "dvar": 36.4883575439,
        "dvar2": 72.0732803345,
        "max": 58,
        "mean": 16.1098098755,
        "median": 13,
        "min": 0,
        "var": 143.491531372
    },
    "spectral_decrease": {
        "dmean": 2.31860930455e-09,
        "dmean2": 3.34686589554e-09,
        "dvar": 1.00060597629e-17,
        "dvar2": 2.02360290459e-17,
        "max": 1.05138706409e-28,
        "mean": -8.52994830325e-09,
        "median": -7.65427987659e-09,
        "min": -3.70099151326e-08,
        "var": 4.26782149598e-17
    },
    "spectral_energy": {
        "dmean": 0.00922937970608,
        "dmean2": 0.0132889216766,
        "dvar": 0.000157951697474,
        "dvar2": 0.000322214473272,
        "max": 0.143475830555,
        "mean": 0.0339504741132,
        "median": 0.0304191149771,
        "min": 1.02964946568e-20,
        "var": 0.000666352745611
    },
    "spectral_energyband_high": {
        "dmean": 0.000720147567336,
        "dmean2": 0.00106465828139,
        "dvar": 2.27880263992e-06,
        "dvar2": 5.04360286868e-06,
        "max": 0.0160403791815,
        "mean": 0.000962853606325,
        "median": 0.000231726444326,
        "min": 7.15155558351e-21,
        "var": 3.36385392075e-06
    },
    "spectral_energyband_low": {
        "dmean": 0.00493382150307,
        "dmean2": 0.00690701045096,
        "dvar": 0.000118903029943,
        "dvar2": 0.000230136705795,
        "max": 0.128438293934,
        "mean": 0.0124963102862,
        "median": 0.00374949793331,
        "min": 3.11742904495e-23,
        "var": 0.000373099348508
    },
    "spectral_energyband_middle_high": {
        "dmean": 0.0014012864558,
        "dmean2": 0.00224844645709,
        "dvar": 5.86698206462e-06,
        "dvar2": 1.52037009684e-05,
        "max": 0.0395280793309,
        "mean": 0.00301528302953,
        "median": 0.00173622975126,
        "min": 1.15980677936e-21,
        "var": 1.24494927149e-05
    },
    "spectral_energyband_middle_low": {
        "dmean": 0.00634329905733,
        "dmean2": 0.0099022090435,
        "dvar": 6.54252944514e-05,
        "dvar2": 0.000163851786056,
        "max": 0.0940479338169,
        "mean": 0.0186694022268,
        "median": 0.0168164428324,
        "min": 2.57338190777e-22,
        "var": 0.000202094044653
    },
    "spectral_entropy": {
        "dmean": 0.279318094254,
        "dmean2": 0.392426490784,
        "dvar": 0.110952541232,
        "dvar2": 0.213280856609,
        "max": 9.81768035889,
        "mean": 7.22650814056,
        "median": 7.38573408127,
        "min": 3.98860311508,
        "var": 0.70409309864
    },
    "spectral_flux": {
        "dmean": 0.0289080571383,
        "dmean2": 0.0431093163788,
        "dvar": 0.00121202447917,
        "dvar2": 0.00220240862109,
        "max": 0.350885152817,
        "mean": 0.0799573212862,
        "median": 0.0702011734247,
        "min": 6.54228823893e-11,
        "var": 0.0031722728163
    },
    "spectral_kurtosis": {
        "dmean": 3.64587426186,
        "dmean2": 5.72727203369,
        "dvar": 61.775592804,
        "dvar2": 155.767745972,
        "max": 217.738769531,
        "mean": 9.01772880554,
        "median": 4.58308696747,
        "min": -1.25464916229,
        "var": 266.354522705
    },
    "spectral_rms": {
        "dmean": 0.000756880966946,
        "dmean2": 0.00107221689541,
        "dvar": 7.78763705966e-07,
        "dvar2": 1.49084462464e-06,
        "max": 0.0118311624974,
        "mean": 0.00522175757214,
        "median": 0.00544767733663,
        "min": 3.16944170561e-12,
        "var": 5.85568886891e-06
    },
    "spectral_rolloff": {
        "dmean": 480.269256592,
        "dmean2": 799.884460449,
        "dvar": 1283507.875,
        "dvar2": 2792843,
        "max": 19487.5488281,
        "mean": 1095.59362793,
        "median": 516.796875,
        "min": 21.533203125,
        "var": 3564753.25
    },
    "spectral_skewness": {
        "dmean": 0.378888696432,
        "dmean2": 0.56053930521,
        "dvar": 0.284023463726,
        "dvar2": 0.657515347004,
        "max": 11.8675365448,
        "mean": 2.10702085495,
        "median": 1.78209066391,
        "min": -0.0439437031746,
        "var": 1.61303961277
    },
    "spectral_spread": {
        "dmean": 799936.25,
        "dmean2": 1107130,
        "dvar": 1.38487359078e+12,
        "dvar2": 2.74302291149e+12,
        "max": 42940412,
        "mean": 4963927.5,
        "median": 4757864,
        "min": 494339,
        "var": 6.16724168704e+12
    },
    "spectral_strongpeak": {
        "dmean": 0.336059093475,
        "dmean2": 0.557611346245,
        "dvar": 0.18289104104,
        "dvar2": 0.437692970037,
        "max": 5.87937116623,
        "mean": 0.768162786961,
        "median": 0.600853979588,
        "min": 0,
        "var": 0.389065027237
    },
    "zerocrossingrate": {
        "dmean": 0.0120436511934,
        "dmean2": 0.0138843357563,
        "dvar": 0.000340621889336,
        "dvar2": 0.000356755364919,
        "max": 0.86767578125,
        "mean": 0.0493129044771,
        "median": 0.03564453125,
        "min": 0,
        "var": 0.0031658585649
    },
    "barkbands": {
        "dmean": [0.000283476518234, 0.00400023488328, 0.00182926084381, 0.0018801400438, 0.00321829481982, 0.00180706568062, 0.00145435670856, 0.000757728412282, 0.000463542208308, 0.000333256990416, 0.000258002721239, 0.000192356805201, 0.000211890364881, 0.000215425068745, 0.000182399511687, 0.000190936567378, 0.000205402582651, 0.000173438005731, 0.000134489149787, 0.000110203254735, 0.000122695360915, 0.000142823468195, 0.000124326863443, 0.000151582731633, 0.00012074541155, 5.27272677573e-05, 5.71377449887e-06],
        "dmean2": [0.00040462819743, 0.00540940649807, 0.00330914487131, 0.00314908032306, 0.00514861568809, 0.00275804521516, 0.00227608880959, 0.00115551776253, 0.000713545479812, 0.000523452879861, 0.000424742116593, 0.000329188711476, 0.000352458155248, 0.000365579588106, 0.000301123945974, 0.000322496227454, 0.000346312910551, 0.00029120221734, 0.000222430899157, 0.000173600987182, 0.000187329322216, 0.000224179428187, 0.000186686607776, 0.000237250293139, 0.000183328069397, 7.97170578153e-05, 9.17013676371e-06],
        "dvar": [4.23300349439e-07, 9.89316249616e-05, 3.39972611982e-05, 1.50926916831e-05, 2.468198727e-05, 1.0179012861e-05, 6.42471877654e-06, 2.51045889854e-06, 6.81105234435e-07, 6.94972868587e-07, 2.25061754122e-07, 1.54821933052e-07, 1.73060499264e-07, 1.58844926545e-07, 1.01287689347e-07, 1.14836751663e-07, 1.4086418787e-07, 1.18174668273e-07, 7.386719858e-08, 4.48592381019e-08, 5.92561164581e-08, 1.17150996459e-07, 8.58947046822e-08, 1.18522727632e-07, 7.21396986592e-08, 1.58994222232e-08, 3.36653954713e-10],
        "dvar2": [8.32999091926e-07, 0.000193546977243, 9.97228853521e-05, 4.01339348173e-05, 6.31623188383e-05, 2.44620150625e-05, 1.57252143254e-05, 6.03742319072e-06, 1.37946187806e-06, 1.50377741193e-06, 5.7883653426e-07, 4.21934601036e-07, 4.41068124246e-07, 4.40832195636e-07, 2.5568326123e-07, 3.17634288649e-07, 3.8936784108e-07, 3.18631236951e-07, 1.89149389485e-07, 1.03110799898e-07, 1.3155988654e-07, 2.86673270011e-07, 2.00356126356e-07, 2.78299410184e-07, 1.57241672127e-07, 3.49318014514e-08, 8.13473954864e-10],
        "max": [0.0105457250029, 0.102642305195, 0.0641936585307, 0.0498152077198, 0.0663137063384, 0.0549062341452, 0.0340966060758, 0.0340995378792, 0.0177488327026, 0.0407172366977, 0.00689501129091, 0.00409404514357, 0.00965043716133, 0.00508538680151, 0.00376343657263, 0.00393150467426, 0.00518127996475, 0.00399825768545, 0.00434977281839, 0.00316039845347, 0.00258109369315, 0.00400851527229, 0.00394170451909, 0.00380563619547, 0.00437414599583, 0.00160959037021, 0.000261378532741],
        "mean": [0.00062667671591, 0.00876985024661, 0.00201684026979, 0.00293049425818, 0.00734643964097, 0.00337303546257, 0.00257024611346, 0.00135360634886, 0.00088154245168, 0.00051331409486, 0.000373757240595, 0.000229982470046, 0.000283606728772, 0.000294148456305, 0.000247263960773, 0.000283958244836, 0.000316211109748, 0.000259261956671, 0.000222439965, 0.000183664640645, 0.000174950735527, 0.0001678946428, 0.000145323938341, 0.000173983324203, 0.000144691919559, 6.15621684119e-05, 5.69261510464e-06],
        "median": [2.17961824092e-05, 0.00137496367097, 0.000344701751601, 0.000790932273958, 0.00467830430716, 0.00194029277191, 0.00105053349398, 0.00046602752991, 0.000358244928066, 0.000185254859389, 0.000146677237353, 8.24050584924e-05, 9.407151083e-05, 9.85587394098e-05, 0.000105381397589, 8.26403702376e-05, 7.95876549091e-05, 5.5341704865e-05, 3.5906505218e-05, 4.26421684097e-05, 3.43602696375e-05, 2.78928637272e-05, 2.50733137364e-05, 3.85577295674e-05, 3.1496212614e-05, 1.11522222142e-05, 3.49421583223e-07],
        "min": [1.00151019514e-24, 5.52855021623e-24, 1.74169838251e-24, 6.05149084347e-24, 1.0069742402e-23, 1.47211495002e-23, 8.0403732686e-24, 1.35372412532e-23, 2.58587863202e-23, 2.79473003e-23, 1.88574817033e-23, 4.58111722501e-23, 4.57338102388e-23, 4.00253697595e-23, 6.15787410079e-23, 8.58847130119e-23, 9.77193873278e-23, 1.60036842931e-22, 1.71727382893e-22, 1.9121479685e-22, 3.15904107905e-22, 4.71776333236e-22, 4.77847608711e-22, 7.84745297972e-22, 1.06413554631e-21, 1.18895712094e-21, 2.02319835414e-21],
        "var": [1.61989339631e-06, 0.00025685163564, 2.44963903242e-05, 2.47328898695e-05, 7.42805859772e-05, 1.91786348296e-05, 1.44787145473e-05, 5.83048677072e-06, 2.32923866861e-06, 1.60088586654e-06, 3.66235042293e-07, 1.54940238417e-07, 2.71911432037e-07, 2.36591390035e-07, 1.33756842047e-07, 1.93267666759e-07, 2.63389523525e-07, 1.9378160232e-07, 1.49857143583e-07, 9.03577443978e-08, 9.65955848642e-08, 1.3323582948e-07, 1.07612621036e-07, 1.47777271309e-07, 1.06349126838e-07, 2.10263593203e-08, 3.65495023136e-10]
    },
    "erbbands": {
        "dmean": [0.144026055932, 0.920583486557, 1.96344256401, 4.17275047302, 9.54181003571, 11.5847396851, 11.1731920242, 17.2401752472, 22.3640651703, 16.9854488373, 11.7067308426, 11.3927059174, 10.592045784, 8.49034023285, 9.67521095276, 7.8751616478, 9.47439098358, 9.21559047699, 10.1783304214, 9.27900695801, 9.26973628998, 10.919084549, 9.9680519104, 8.38362503052, 5.7687792778, 5.14033889771, 4.27577543259, 5.4959859848, 5.07045078278, 4.3858795166, 3.4781255722, 3.06388878822, 2.52310276031, 1.63429641724, 0.741475403309, 0.293201297522, 0.0870026946068, 0.0153875723481, 0.000910302100237, 2.74784943031e-05],
        "dmean2": [0.179916977882, 1.34038865566, 3.43285965919, 7.11209630966, 15.4768276215, 18.6488037109, 17.10663414, 26.6198234558, 35.3814544678, 25.6490287781, 18.009645462, 17.4396686554, 16.46043396, 14.1363630295, 15.9415302277, 13.3893766403, 15.7112045288, 15.4909572601, 16.9245452881, 15.1444749832, 15.5808839798, 18.3593502045, 16.8159618378, 14.101064682, 9.25852489471, 8.0603313446, 6.53942728043, 8.61219024658, 7.96751260757, 6.68780374527, 5.22727012634, 4.75596427917, 3.94710421562, 2.51451945305, 1.1284532547, 0.44328981638, 0.132563918829, 0.0237244199961, 0.00145622773562, 4.09230051446e-05],
        "dvar": [0.107693091035, 6.38299131393, 39.1545257568, 96.0592422485, 267.386627197, 421.782531738, 330.926452637, 1108.62976074, 1764.03613281, 902.951721191, 662.348876953, 428.833892822, 604.99987793, 312.398071289, 326.776245117, 260.029876709, 322.678619385, 293.648223877, 308.979858398, 253.490280151, 277.206878662, 418.182495117, 387.933532715, 316.117095947, 134.95199585, 103.654441833, 69.6665420532, 133.492401123, 143.958877563, 118.652015686, 62.958278656, 48.4179573059, 32.8480110168, 13.8418312073, 2.72880315781, 0.472217231989, 0.0450462326407, 0.00169716042001, 8.75585283211e-06, 3.38217431839e-09],
        "dvar2": [0.157935887575, 14.1721391678, 110.950195312, 267.191223145, 688.407226562, 1110.90478516, 749.622009277, 2705.52075195, 4502.23193359, 2060.23779297, 1582.68737793, 862.815979004, 1348.29333496, 815.205383301, 806.26953125, 706.463745117, 828.764526367, 798.653320312, 813.742431641, 636.90625, 758.051757812, 1154.50292969, 1074.98913574, 850.769287109, 317.025085449, 241.469055176, 149.672531128, 310.339874268, 343.922821045, 282.253814697, 145.120483398, 112.993591309, 76.857208252, 31.849199295, 5.88869953156, 1.03034377098, 0.101218611002, 0.00399646069854, 2.14335159399e-05, 7.7834503287e-09],
        "max": [3.69533061981, 26.7442798615, 68.142829895, 111.280563354, 248.456924438, 358.718414307, 334.766204834, 624.627624512, 657.510864258, 474.329986572, 652.615600586, 479.919433594, 1052.80236816, 490.125762939, 340.225799561, 165.606292725, 265.24911499, 250.448104858, 188.864944458, 185.202331543, 223.407470703, 281.999664307, 247.923400879, 259.177368164, 230.942642212, 183.642288208, 102.563796997, 123.086090088, 134.646606445, 140.444641113, 90.2658920288, 74.7401580811, 75.6942977905, 57.5371818542, 25.3058662415, 7.85121870041, 2.86767077446, 0.561030089855, 0.0498276650906, 0.000850597105455],
        "mean": [0.34048640728, 1.59667479992, 2.40259432793, 6.20091342926, 17.8868370056, 24.7940616608, 25.3704338074, 31.6774578094, 38.9476013184, 33.7890815735, 21.756937027, 22.2223167419, 18.4431247711, 12.5661611557, 14.0023698807, 10.1684913635, 13.2391414642, 13.3038749695, 15.2011270523, 14.4153223038, 15.1422376633, 17.5357570648, 15.3604631424, 12.6425237656, 10.1754827499, 8.53832626343, 6.76832008362, 7.0925488472, 6.04322767258, 5.09930276871, 4.11675930023, 3.50439524651, 2.91218805313, 1.89169025421, 0.886503040791, 0.340491890907, 0.100682638586, 0.0168081820011, 0.000919012352824, 5.94928387727e-05],
        "median": [0.0263397358358, 0.327843993902, 0.632701158524, 2.22632551193, 7.68788194656, 13.4816675186, 13.9035625458, 18.3970489502, 17.1881141663, 15.4820966721, 9.29487133026, 9.47677612305, 8.37768554688, 5.53297424316, 5.34395694733, 4.20793676376, 4.89563512802, 5.47249317169, 6.5306968689, 6.01201105118, 4.37486457825, 4.73966312408, 3.63079833984, 1.92683339119, 2.04235315323, 1.94371473789, 1.46155524254, 1.27558040619, 0.966817975044, 0.895619750023, 0.729347229004, 0.7379565835, 0.64194893837, 0.399958789349, 0.182688593864, 0.0634707659483, 0.0171575322747, 0.00216802675277, 8.41937726364e-05, 4.1777791921e-05],
        "min": [2.39474467133e-22, 8.65594124913e-22, 4.86779876954e-21, 1.78305695749e-20, 1.50970785393e-20, 4.10520173734e-20, 1.03717559757e-19, 8.86472918861e-20, 1.55481960266e-19, 2.95118965706e-19, 3.68514210319e-19, 5.93237184916e-19, 1.16371966516e-18, 8.81638151578e-19, 5.73700006028e-19, 1.65402125387e-18, 1.88622698184e-18, 1.97551016882e-18, 3.11468717841e-18, 3.9859484526e-18, 5.2688915206e-18, 5.64756487886e-18, 8.3003380664e-18, 7.6140974497e-18, 9.13950039012e-18, 8.54219906006e-18, 1.03637516849e-17, 1.48399179742e-17, 1.47312181699e-17, 1.49040542502e-17, 1.36096373599e-17, 1.3935865813e-17, 1.33262370103e-17, 1.02170263879e-17, 7.72223228963e-18, 3.98256114799e-18, 2.25705722033e-18, 1.06201325935e-18, 2.59510959986e-19, 3.07755099528e-20],
        "var": [0.410995304585, 10.1737203598, 29.6451683044, 104.14629364, 607.291137695, 1231.72290039, 1108.20275879, 1915.71411133, 3454.28051758, 2257.58178711, 1619.47192383, 1509.97180176, 1376.5234375, 480.443786621, 586.08972168, 271.908477783, 503.118255615, 411.849182129, 472.348999023, 405.530059814, 526.130737305, 772.98449707, 662.987976074, 514.624206543, 294.841705322, 194.743865967, 132.269012451, 180.535400391, 169.308166504, 138.493392944, 81.6193389893, 60.1996536255, 42.107131958, 18.510055542, 4.09478378296, 0.636073887348, 0.0578575357795, 0.00196360051632, 9.20923412195e-06, 5.23122078988e-09]
    },
    "gfcc": {
        "mean": [-37.0669898987, 98.5092315674, -96.0651931763, 20.7495079041, -66.501411438, 2.76387929916, -51.4482803345, 3.94540596008, -23.9621505737, 2.24906373024, -15.5861082077, -0.0409656502306, -6.68627023697],
        "cov": [[24868.6386719, -2963.84570312, -536.113220215, 1817.68334961, -158.086425781, 1504.91137695, -298.297515869, 1259.1907959, -373.942230225, 872.342773438, -356.323883057, 521.504455566, -551.783203125], [-2963.84570312, 2530.75219727, 14.0585899353, -478.450897217, 233.677566528, -434.41305542, 138.614746094, -296.808868408, 200.507522583, -274.181304932, 161.276123047, -211.386917114, 168.617218018], [-536.113220215, 14.0585899353, 1195.53735352, 91.5431137085, 171.500350952, 260.849517822, 39.9717750549, 161.859115601, 22.7737617493, 80.1335144043, -44.6328277588, 2.00609135628, -53.3436584473], [1817.68334961, -478.450897217, 91.5431137085, 767.473632812, 317.455688477, 210.993682861, 186.057327271, 217.076705933, 47.5035362244, 158.850219727, 38.3518638611, 132.170700073, -27.1247844696], [-158.086425781, 233.677566528, 171.500350952, 317.455688477, 548.163574219, 115.363998413, 177.488006592, 122.916252136, 114.726882935, 88.6193084717, 81.2648010254, 82.721282959, 16.3241157532], [1504.91137695, -434.41305542, 260.849517822, 210.993682861, 115.363998413, 438.206298828, 97.1668548584, 215.301483154, 15.1881971359, 147.728240967, -8.96206283569, 68.9186859131, -65.1830825806], [-298.297515869, 138.614746094, 39.9717750549, 186.057327271, 177.488006592, 97.1668548584, 306.362640381, 86.3098754883, 95.6903610229, 50.0623931885, 66.989906311, 28.4644832611, 15.2765226364], [1259.1907959, -296.808868408, 161.859115601, 217.076705933, 122.916252136, 215.301483154, 86.3098754883, 271.896392822, 60.0296058655, 136.808547974, 6.50782775879, 73.2180328369, -45.3287353516], [-373.942230225, 200.507522583, 22.7737617493, 47.5035362244, 114.726882935, 15.1881971359, 95.6903610229, 60.0296058655, 162.334335327, 67.014465332, 62.4972419739, 11.1194562912, 24.9318161011], [872.342773438, -274.181304932, 80.1335144043, 158.850219727, 88.6193084717, 147.728240967, 50.0623931885, 136.808547974, 67.014465332, 208.497283936, 51.6684494019, 78.3022155762, -21.199338913], [-356.323883057, 161.276123047, -44.6328277588, 38.3518638611, 81.2648010254, -8.96206283569, 66.989906311, 6.50782775879, 62.4972419739, 51.6684494019, 134.324813843, 58.9098892212, 52.0412902832], [521.504455566, -211.386917114, 2.00609135628, 132.170700073, 82.721282959, 68.9186859131, 28.4644832611, 73.2180328369, 11.1194562912, 78.3022155762, 58.9098892212, 137.419540405, 31.7688789368], [-551.783203125, 168.617218018, -53.3436584473, -27.1247844696, 16.3241157532, -65.1830825806, 15.2765226364, -45.3287353516, 24.9318161011, -21.199338913, 52.0412902832, 31.7688789368, 106.084983826]],
        "icov": [[0.000141137235914, -0.000253996258834, 0.000233493658016, -0.000377039978048, 0.000321412400808, -0.000367496191757, 0.000346022075973, -0.000408722873544, 0.000426559592597, -0.000465035438538, 0.000569853291381, -0.000523306720424, 0.000343073799741], [-0.000253996258834, 0.00160661281552, -0.000611399067566, 0.00124639936257, -0.00139997433871, 0.00113798782695, -0.00089418888092, 0.000814753642771, -0.00154078472406, 0.00191092863679, -0.00252827815711, 0.00268697622232, -0.00129235093482], [0.000233493658016, -0.000611399067566, 0.00145950028673, -0.000562229542993, 0.00028146407567, -0.00121245335322, 0.000756580149755, -0.00100953399669, 0.000907771871425, -0.00103353848681, 0.00152551138308, -0.000741827767342, 0.000501718663145], [-0.000377039978048, 0.00124639936257, -0.000562229542993, 0.00368317007087, -0.00224003847688, 0.00129725260194, -0.00198744633235, 0.000353616225766, -0.000662868085783, 0.00098590971902, -0.0015034211101, 0.00108855660073, -0.000939757737797], [0.000321412400808, -0.00139997433871, 0.00028146407567, -0.00224003847688, 0.00445229373872, -0.00125739816576, 0.000400655873818, -0.000854853249621, -4.96016364195e-05, -0.00110014132224, 0.00162712507881, -0.0033309601713, 0.00157619104721], [-0.000367496191757, 0.00113798782695, -0.00121245335322, 0.00129725260194, -0.00125739816576, 0.00588022591546, -0.00214589806274, -0.00112081714906, 6.26696637482e-05, -0.000100127595942, -0.00141111272387, 0.00145382597111, -0.000139446434332], [0.000346022075973, -0.00089418888092, 0.000756580149755, -0.00198744633235, 0.000400655873818, -0.00214589806274, 0.00632827961817, -0.00154645182192, -0.000783947994933, -1.99351143237e-05, -0.000365505751688, -0.000348344357917, 0.000604945467785], [-0.000408722873544, 0.000814753642771, -0.00100953399669, 0.000353616225766, -0.000854853249621, -0.00112081714906, -0.00154645182192, 0.0103137586266, -0.0042562331073, -0.000341515784385, 0.000488977180794, -0.00161587412003, 0.00141042843461], [0.000426559592597, -0.00154078472406, 0.000907771871425, -0.000662868085783, -4.96016364195e-05, 6.26696637482e-05, -0.000783947994933, -0.0042562331073, 0.0138197336346, -0.0059022763744, -0.000230393881793, 0.00176547747105, -0.00154797255527], [-0.000465035438538, 0.00191092863679, -0.00103353848681, 0.00098590971902, -0.00110014132224, -0.000100127595942, -1.99351143237e-05, -0.000341515784385, -0.0059022763744, 0.0133001208305, -0.00637659523636, -2.63431320491e-05, 0.00142190989573], [0.000569853291381, -0.00252827815711, 0.00152551138308, -0.0015034211101, 0.00162712507881, -0.00141111272387, -0.000365505751688, 0.000488977180794, -0.000230393881793, -0.00637659523636, 0.0191796403378, -0.00934950634837, -0.00131965824403], [-0.000523306720424, 0.00268697622232, -0.000741827767342, 0.00108855660073, -0.0033309601713, 0.00145382597111, -0.000348344357917, -0.00161587412003, 0.00176547747105, -2.63431320491e-05, -0.00934950634837, 0.0203569382429, -0.0082517163828], [0.000343073799741, -0.00129235093482, 0.000501718663145, -0.000939757737797, 0.00157619104721, -0.000139446434332, 0.000604945467785, 0.00141042843461, -0.00154797255527, 0.00142190989573, -0.00131965824403, -0.0082517163828, 0.0172307286412]]
    },
    "melbands": {
        "dmean": [0.00116399256513, 0.00101534870919, 0.000855905935168, 0.000744346529245, 0.000415059679653, 0.000382833182812, 0.000314828386763, 0.000187443292816, 8.91775634955e-05, 7.31596228434e-05, 5.38493841304e-05, 3.56437303708e-05, 3.22299711115e-05, 2.28826847888e-05, 2.04843963729e-05, 2.29282941291e-05, 1.84824002645e-05, 1.82835028681e-05, 1.41155715028e-05, 1.5052029994e-05, 1.12433244794e-05, 1.29269119498e-05, 1.0329388715e-05, 7.71693612478e-06, 7.33927845431e-06, 4.61391482531e-06, 4.38297047367e-06, 3.44586874235e-06, 2.67239124696e-06, 2.95217523671e-06, 3.41347026733e-06, 2.93514631267e-06, 2.73869636658e-06, 2.32234924624e-06, 1.92981383407e-06, 2.11135989048e-06, 1.82344297173e-06, 1.75459877028e-06, 1.78220182079e-06, 1.27270720895e-06],
        "dmean2": [0.0015150521649, 0.00161760486662, 0.00143189146183, 0.00120241299737, 0.000645386520773, 0.000591011776123, 0.000495868793223, 0.000283926143311, 0.000136730028316, 0.000111868117529, 8.38107225718e-05, 5.90621202718e-05, 5.35151448275e-05, 3.85559978895e-05, 3.48313042196e-05, 3.79744160455e-05, 3.13495693263e-05, 3.06213041767e-05, 2.30601162912e-05, 2.50925149885e-05, 1.90236823983e-05, 2.18616860366e-05, 1.74445285666e-05, 1.29834870677e-05, 1.25073820527e-05, 7.5190177995e-06, 7.03603245711e-06, 5.5101631915e-06, 4.12650251747e-06, 4.55965346191e-06, 5.42050793229e-06, 4.68829512101e-06, 4.28805878983e-06, 3.55850306732e-06, 2.90704997497e-06, 3.32262266056e-06, 2.84088491753e-06, 2.76942569144e-06, 2.83117174149e-06, 1.96062069335e-06],
        "dvar": [7.52717414798e-06, 8.46710099722e-06, 3.04870241052e-06, 1.44580030792e-06, 4.51466263485e-07, 4.75256655363e-07, 3.21907918988e-07, 1.1752003104e-07, 3.6852711105e-08, 1.80794170745e-08, 1.66451368244e-08, 5.96660276742e-09, 3.58143625867e-09, 1.95509874956e-09, 1.48089673857e-09, 2.34724728543e-09, 1.26275634393e-09, 1.09041986551e-09, 6.52218667963e-10, 7.6010697736e-10, 4.80225026411e-10, 6.38477493098e-10, 3.97898991533e-10, 2.45556380785e-10, 2.52667664569e-10, 9.08133915289e-11, 7.38020200508e-11, 4.85479885459e-11, 2.83089905684e-11, 3.46338721591e-11, 5.59199388184e-11, 4.68431300693e-11, 4.69074848408e-11, 3.46606944535e-11, 1.90587354926e-11, 2.46976744611e-11, 1.69289460922e-11, 1.58549649104e-11, 1.72708271295e-11, 8.49427559541e-12],
        "dvar2": [1.2953912119e-05, 2.16110129259e-05, 8.3807944975e-06, 3.6869696487e-06, 1.07873802335e-06, 1.16665501082e-06, 8.15939074528e-07, 2.72000875157e-07, 8.43547169893e-08, 3.60106611197e-08, 3.67779087185e-08, 1.49426480078e-08, 9.16950337881e-09, 5.19231146967e-09, 3.97915833616e-09, 5.90424331648e-09, 3.44934214525e-09, 2.89540813547e-09, 1.62804825177e-09, 2.08366079946e-09, 1.3184319192e-09, 1.76915793126e-09, 1.09025588557e-09, 6.70337618747e-10, 6.90085433241e-10, 2.19802231971e-10, 1.82611537003e-10, 1.1691284052e-10, 6.35176286568e-11, 7.78196118656e-11, 1.36233788139e-10, 1.12883043191e-10, 1.15378775978e-10, 8.22492213226e-11, 4.37190214586e-11, 5.94516311181e-11, 3.97945634778e-11, 3.74051518925e-11, 4.12459268129e-11, 1.95277596177e-11],
        "max": [0.0295570902526, 0.0330424681306, 0.0192577578127, 0.0154742486775, 0.0124586354941, 0.0125086093321, 0.00860137119889, 0.00556845217943, 0.00522725842893, 0.00315280654468, 0.00577817903832, 0.00277480203658, 0.000977581250481, 0.000509092700668, 0.000342547049513, 0.00107892951928, 0.000573533121496, 0.000424781057518, 0.000328288821038, 0.000364641600754, 0.000387451669667, 0.000341069739079, 0.000311342620989, 0.000214652711293, 0.000241843052208, 0.000166304147569, 0.000129502994241, 0.000134271205752, 7.03667610651e-05, 6.53493552818e-05, 7.99101762823e-05, 7.49522223487e-05, 8.69788054843e-05, 8.7066902779e-05, 5.20881112607e-05, 5.09811216034e-05, 4.56314737676e-05, 4.72086976515e-05, 5.29123899469e-05, 4.97969849675e-05],
        "mean": [0.00269095087424, 0.00155991280917, 0.00144356314559, 0.00157289067283, 0.000989643041976, 0.000711864209734, 0.00055917626014, 0.00036178380833, 0.000160003488418, 0.000139697134728, 8.95795528777e-05, 5.0766950153e-05, 4.57096430182e-05, 2.97464448522e-05, 2.53957241512e-05, 3.03076121781e-05, 2.49512759183e-05, 2.57694118773e-05, 1.92351781152e-05, 2.18695513468e-05, 1.66491772688e-05, 1.96025885089e-05, 1.47756927618e-05, 1.14780741569e-05, 1.02544754554e-05, 7.72119255998e-06, 6.90141496307e-06, 5.3691105677e-06, 4.11574455939e-06, 4.08547657571e-06, 4.11358951169e-06, 3.4259990116e-06, 3.14997919304e-06, 2.65185167336e-06, 2.32122965826e-06, 2.29608212976e-06, 2.07390735341e-06, 2.00244039661e-06, 1.96480641534e-06, 1.48179015014e-06],
        "median": [0.00033478916157, 0.000481747207232, 0.000638184254058, 0.000961429672316, 0.000546612136532, 0.000430015206803, 0.000243409420364, 0.000147513783304, 6.13076408627e-05, 5.49709584448e-05, 3.72256108676e-05, 2.01306884264e-05, 1.80195893336e-05, 1.11814842967e-05, 9.95188656816e-06, 8.98782582226e-06, 9.26572465687e-06, 9.69777920545e-06, 8.23461050459e-06, 6.33523677607e-06, 4.33272043665e-06, 4.53856773674e-06, 4.23499432145e-06, 2.2199697014e-06, 1.36465450851e-06, 1.33000287406e-06, 1.59121134402e-06, 1.18674279292e-06, 8.65842423536e-07, 8.33597312067e-07, 6.87979138547e-07, 5.22565983374e-07, 5.38209292245e-07, 4.59170337308e-07, 4.25477480803e-07, 3.54883013642e-07, 4.76208583677e-07, 4.46321053005e-07, 3.84345725024e-07, 3.07763002638e-07],
        "min": [2.26946743013e-24, 2.31072308053e-24, 3.23788786852e-24, 1.98347557249e-24, 3.74681438177e-24, 2.16340330648e-24, 2.14707605511e-24, 3.01509402458e-24, 2.48808958039e-24, 3.66900705854e-24, 5.39033113602e-24, 3.1045413849e-24, 1.81921461607e-24, 4.24460099576e-24, 3.03590595019e-24, 5.07232947221e-24, 3.39482859017e-24, 4.79941949217e-24, 5.12720736994e-24, 4.28146683244e-24, 5.15563160608e-24, 4.18514060503e-24, 7.1993110707e-24, 6.88497997668e-24, 5.00208850835e-24, 5.13470036525e-24, 5.28386646825e-24, 5.21039551341e-24, 5.23415718717e-24, 7.72080098273e-24, 6.83909745985e-24, 8.2451110725e-24, 6.4144035419e-24, 7.36614568582e-24, 7.0650011907e-24, 7.05813021221e-24, 7.09322821161e-24, 7.74012728605e-24, 7.18094165566e-24, 7.82981998211e-24],
        "var": [2.42674141191e-05, 9.42624592426e-06, 4.33716058978e-06, 3.65615005649e-06, 1.7005116888e-06, 8.45196325372e-07, 6.59307431761e-07, 2.91717185519e-07, 1.00870430231e-07, 6.47346638516e-08, 3.77554485453e-08, 1.0297839026e-08, 5.66838798122e-09, 2.29884555836e-09, 1.67279834429e-09, 3.91935728317e-09, 1.72612257821e-09, 1.64495117527e-09, 8.67191818354e-10, 1.27233812375e-09, 8.0716239248e-10, 1.10089981575e-09, 6.05739902682e-10, 3.82856635284e-10, 3.75174891154e-10, 1.82558454465e-10, 1.38964104113e-10, 8.21921281036e-11, 5.08034239677e-11, 5.50996574755e-11, 6.65333690919e-11, 5.39157399282e-11, 5.18978193753e-11, 3.9827641185e-11, 2.53555024199e-11, 2.84332349332e-11, 2.09320078631e-11, 1.96762675597e-11, 2.12782482606e-11, 1.13869911764e-11]
    },
    "mfcc": {
        "mean": [-678.318786621, 127.830497742, 20.2619915009, 15.2631692886, 5.38409566879, -5.26321601868, -10.9164323807, -8.13958835602, -4.95250320435, -4.33561325073, -6.01265478134, -3.26763367653, -3.33481669426],
        "cov": [[14879.4189453, -1495.56396484, -556.145812988, 900.886047363, 585.202392578, 667.450012207, 630.487609863, 666.63458252, 408.281768799, 455.137420654, 513.783081055, 350.165557861, 269.555389404], [-1495.56396484, 2042.43493652, 82.9798965454, -207.86177063, 10.0552930832, -148.34185791, -112.239654541, -100.142684937, -40.2556228638, -3.05165910721, -41.4097290039, -33.8996696472, -22.031703949], [-556.145812988, 82.9798965454, 902.809753418, -44.5779151917, 102.818588257, 43.7294845581, 71.3534164429, 21.243560791, 67.7719955444, 50.1896324158, 14.5593624115, 5.26457500458, -14.8549089432], [900.886047363, -207.86177063, -44.5779151917, 635.466369629, 212.29119873, 160.797561646, 145.678619385, 148.9480896, 91.1458587646, 67.4199523926, 92.4381713867, 88.7351303101, 76.8777160645], [585.202392578, 10.0552930832, 102.818588257, 212.29119873, 333.272613525, 134.380523682, 99.9237136841, 96.8824768066, 77.0415344238, 71.1734466553, 78.1281204224, 56.1077041626, 51.1701927185], [667.450012207, -148.34185791, 43.7294845581, 160.797561646, 134.380523682, 240.355377197, 151.979034424, 105.88583374, 76.3300094604, 78.1548995972, 87.3947067261, 61.8007202148, 58.9111175537], [630.487609863, -112.239654541, 71.3534164429, 145.678619385, 99.9237136841, 151.979034424, 213.769134521, 139.694900513, 78.2877807617, 72.226272583, 81.1154327393, 61.5744171143, 51.2172355652], [666.63458252, -100.142684937, 21.243560791, 148.9480896, 96.8824768066, 105.88583374, 139.694900513, 189.181671143, 92.084526062, 69.8279647827, 77.017288208, 53.8498458862, 45.1667785645], [408.281768799, -40.2556228638, 67.7719955444, 91.1458587646, 77.0415344238, 76.3300094604, 78.2877807617, 92.084526062, 132.439361572, 92.1507720947, 73.3853912354, 44.4687194824, 30.8823642731], [455.137420654, -3.05165910721, 50.1896324158, 67.4199523926, 71.1734466553, 78.1548995972, 72.226272583, 69.8279647827, 92.1507720947, 147.950668335, 103.982681274, 54.3130302429, 35.8930625916], [513.783081055, -41.4097290039, 14.5593624115, 92.4381713867, 78.1281204224, 87.3947067261, 81.1154327393, 77.017288208, 73.3853912354, 103.982681274, 148.25289917, 84.5828018188, 51.5692024231], [350.165557861, -33.8996696472, 5.26457500458, 88.7351303101, 56.1077041626, 61.8007202148, 61.5744171143, 53.8498458862, 44.4687194824, 54.3130302429, 84.5828018188, 111.957847595, 63.599319458], [269.555389404, -22.031703949, -14.8549089432, 76.8777160645, 51.1701927185, 58.9111175537, 51.2172355652, 45.1667785645, 30.8823642731, 35.8930625916, 51.5692024231, 63.599319458, 100.159103394]],
