{
"lowlevel": {
    "average_loudness": 0.838292360306,
    "barkbands_crest": {
        "dmean": 2.59820890427,
        "dmean2": 3.96767950058,
        "dvar": 6.58189153671,
        "dvar2": 14.5847530365,
        "max": 26.7303943634,
        "mean": 12.2021121979,
        "median": 11.3126354218,
        "min": 2.5441095829,
        "var": 24.4730567932
    },
    "barkbands_flatness_db": {
        "dmean": 0.0196618270129,
        "dmean2": 0.028577785939,
        "dvar": 0.000384439073969,
        "dvar2": 0.00084312830586,
        "max": 0.415541261435,
        "mean": 0.141809299588,
        "median": 0.13417366147,
        "min": 0.0181126799434,
        "var": 0.002722178353
    },
    "barkbands_kurtosis": {
        "dmean": 2.63437485695,
        "dmean2": 3.93353772163,
        "dvar": 54.3255195618,
        "dvar2": 127.624160767,
        "max": 412.935821533,
        "mean": 4.63644838333,
        "median": 2.03674554825,
        "min": -1.9306333065,
        "var": 101.183227539
    },
    "barkbands_skewness": {
        "dmean": 0.473410904408,
        "dmean2": 0.68584382534,
        "dvar": 0.334327042103,
        "dvar2": 0.668386101723,
        "max": 19.3430938721,
        "mean": 1.48153877258,
        "median": 1.2724531889,
        "min": -2.54553484917,
        "var": 1.5587362051
    },
    "barkbands_spread": {
        "dmean": 5.08323860168,
        "dmean2": 7.5011806488,
        "dvar": 49.4075164795,
        "dvar2": 94.5108566284,
        "max": 146.101348877,
        "mean": 21.4109039307,
        "median": 19.1951694489,
        "min": 0.524820208549,
        "var": 202.664596558
    },
    "dissonance": {
        "dmean": 0.0235772691667,
        "dmean2": 0.0397334694862,
        "dvar": 0.000565028865822,
        "dvar2": 0.00159200141206,
        "max": 0.500000059605,
        "mean": 0.451948672533,
        "median": 0.460685878992,
        "min": 0.229058563709,
        "var": 0.00141163507942
    },
    "dynamic_complexity": 3.79515910149,
    "erbbands_crest": {
        "dmean": 2.7796125412,
        "dmean2": 4.26640272141,
        "dvar": 6.99518823624,
        "dvar2": 15.2717514038,
        "max": 31.5434398651,
        "mean": 10.9304084778,
        "median": 10.0015182495,
        "min": 2.35856771469,
        "var": 27.6004886627
    },
    "erbbands_flatness_db": {
        "dmean": 0.0160137470812,
        "dmean2": 0.0226859245449,
        "dvar": 0.000247056392254,
        "dvar2": 0.000466567493277,
        "max": 0.410092234612,
        "mean": 0.166063308716,
        "median": 0.159228622913,
        "min": 0.0397612825036,
        "var": 0.00302635016851
    },
    "erbbands_kurtosis": {
        "dmean": 1.37634181976,
        "dmean2": 2.04817676544,
        "dvar": 5.09674358368,
        "dvar2": 10.914973259,
        "max": 78.1668167114,
        "mean": 2.13324761391,
        "median": 0.908064126968,
        "min": -1.78184628487,
        "var": 16.7639389038
    },
    "erbbands_skewness": {
        "dmean": 0.372855603695,
        "dmean2": 0.536222398281,
        "dvar": 0.143531739712,
        "dvar2": 0.266695767641,
        "max": 7.61068248749,
        "mean": 0.820373594761,
        "median": 0.808627188206,
        "min": -3.64139294624,
        "var": 0.926954090595
    },
    "erbbands_spread": {
        "dmean": 7.04915904999,
        "dmean2": 10.4383192062,
        "dvar": 74.15284729,
        "dvar2": 162.456085205,
        "max": 144.054763794,
        "mean": 31.9769039154,
        "median": 29.1588439941,
        "min": 1.22487509251,
        "var": 314.928588867
    },
    "hfc": {
        "dmean": 6.21026039124,
        "dmean2": 8.76405239105,
        "dvar": 85.5520706177,
        "dvar2": 166.082077026,
        "max": 148.366989136,
        "mean": 25.4848060608,
        "median": 20.5557994843,
        "min": 1.11685277797e-16,
        "var": 436.756408691
    },
    "melbands_crest": {
        "dmean": 3.15370106697,
        "dmean2": 4.677090168,
        "dvar": 9.76511764526,
        "dvar2": 21.521068573,
        "max": 39.7815818787,
        "mean": 16.0754909515,
        "median": 14.5678491592,
        "min": 1.78005421162,
        "var": 47.5882110596
    },
    "melbands_flatness_db": {
        "dmean": 0.02247184515,
        "dmean2": 0.0329481549561,
        "dvar": 0.0005922675482,
        "dvar2": 0.00132240855601,
        "max": 0.509915590286,
        "mean": 0.194526597857,
        "median": 0.189302280545,
        "min": 0.00381054845639,
        "var": 0.003429323202
    },
    "melbands_kurtosis": {
        "dmean": 6.0763964653,
        "dmean2": 9.04445552826,
        "dvar": 212.064804077,
        "dvar2": 442.560028076,
        "max": 388.598022461,
        "mean": 12.5611667633,
        "median": 5.88924217224,
        "min": -1.79328930378,
        "var": 581.335327148
    },
    "melbands_skewness": {
        "dmean": 0.647336184978,
        "dmean2": 0.931881189346,
        "dvar": 0.657725989819,
        "dvar2": 1.28757464886,
        "max": 17.3660488129,
        "mean": 2.25907897949,
        "median": 1.80599284172,
        "min": -1.28672015667,
        "var": 3.61410427094
    },
    "melbands_spread": {
        "dmean": 6.08169794083,
        "dmean2": 9.14117336273,
        "dvar": 115.816360474,
        "dvar2": 208.072067261,
        "max": 216.979797363,
        "mean": 23.5447406769,
        "median": 20.1339569092,
        "min": 0.434843868017,
        "var": 403.581298828
    },
    "pitch_salience": {
        "dmean": 0.0673992335796,
        "dmean2": 0.104804009199,
        "dvar": 0.00545917777345,
        "dvar2": 0.0127295898274,
        "max": 0.962264537811,
        "mean": 0.500438809395,
        "median": 0.505997776985,
        "min": 0.0139176370576,
        "var": 0.0172210596502
    },
    "silence_rate_20dB": {
        "dmean": 0,
        "dmean2": 0,
        "dvar": 0,
        "dvar2": 0,
        "max": 1,
        "mean": 1,
        "median": 1,
        "min": 1,
        "var": 0
    },
    "silence_rate_30dB": {
        "dmean": 0.00106860441156,
        "dmean2": 0.00213743722998,
        "dvar": 0.00106733804569,
        "dvar2": 0.00277389795519,
        "max": 1,
        "mean": 0.999252080917,
        "median": 1,
        "min": 0,
        "var": 0.00074732711073
    },
    "silence_rate_60dB": {
        "dmean": 0.0149604612961,
        "dmean2": 0.029924120754,
        "dvar": 0.0147364139557,
        "dvar2": 0.0326619483531,
        "max": 1,
        "mean": 0.0662463903427,
        "median": 0,
        "min": 0,
        "var": 0.0618630871177
    },
    "spectral_centroid": {
        "dmean": 235.077789307,
        "dmean2": 353.140930176,
        "dvar": 113935.007812,
        "dvar2": 234552,
        "max": 11289.4628906,
        "mean": 1390.84472656,
        "median": 1291.46203613,
        "min": 274.186096191,
        "var": 501143.625
    },
    "spectral_complexity": {
        "dmean": 3.13955974579,
        "dmean2": 4.89109754562,
        "dvar": 12.5762863159,
        "dvar2": 27.0387687683,
        "max": 55,
        "mean": 19.0781059265,
        "median": 18,
        "min": 0,
        "var": 105.592140198
    },
    "spectral_decrease": {
        "dmean": 1.65222280302e-09,
        "dmean2": 2.3414865602e-09,
        "dvar": 4.5996999235e-18,
        "dvar2": 8.53824927264e-18,
        "max": 1.51830663092e-28,
        "mean": -7.82019693446e-09,
        "median": -6.56338849936e-09,
        "min": -2.80644645301e-08,
        "var": 3.33583511459e-17
    },
    "spectral_energy": {
        "dmean": 0.00657236110419,
        "dmean2": 0.00924507901073,
        "dvar": 7.11398097337e-05,
        "dvar2": 0.000129598091007,
        "max": 0.111983045936,
        "mean": 0.0318267308176,
        "median": 0.0272130388767,
        "min": 1.02308291178e-20,
        "var": 0.000535880564712
    },
    "spectral_energyband_high": {
        "dmean": 0.000468761485536,
        "dmean2": 0.00067061628215,
        "dvar": 8.22913420961e-07,
        "dvar2": 1.5463207319e-06,
        "max": 0.0220013521612,
        "mean": 0.00118318398017,
        "median": 0.000667292391881,
        "min": 7.07705359062e-21,
        "var": 2.84963743979e-06
    },
    "spectral_energyband_low": {
        "dmean": 0.0039216731675,
        "dmean2": 0.005817073863,
        "dvar": 6.73613685649e-05,
        "dvar2": 0.000145563084516,
        "max": 0.0907265692949,
        "mean": 0.0120226824656,
        "median": 0.00500111794099,
        "min": 3.67210680858e-23,
        "var": 0.000274157559033
    },
    "spectral_energyband_middle_high": {
        "dmean": 0.00229817815125,
        "dmean2": 0.00338018219918,
        "dvar": 1.66737518157e-05,
        "dvar2": 3.17090816679e-05,
        "max": 0.087633728981,
        "mean": 0.0075360191986,
        "median": 0.00489447219297,
        "min": 1.37468370518e-21,
        "var": 7.40385439713e-05
    },
    "spectral_energyband_middle_low": {
        "dmean": 0.00440019462258,
        "dmean2": 0.00665478501469,
        "dvar": 5.11168182129e-05,
        "dvar2": 0.000119789729069,
        "max": 0.0912135392427,
        "mean": 0.0116722220555,
        "median": 0.00809698179364,
        "min": 2.21705810694e-22,
        "var": 0.000131963737658
    },
    "spectral_entropy": {
        "dmean": 0.146394491196,
        "dmean2": 0.213094338775,
        "dvar": 0.0256372913718,
        "dvar2": 0.0513905696571,
        "max": 9.82685947418,
        "mean": 7.62084531784,
        "median": 7.71600914001,
        "min": 5.29259109497,
        "var": 0.250678390265
    },
    "spectral_flux": {
        "dmean": 0.026443393901,
        "dmean2": 0.0387789532542,
        "dvar": 0.00109494279604,
        "dvar2": 0.00195267924573,
        "max": 0.342144221067,
        "mean": 0.0799743831158,
        "median": 0.0699020177126,
        "min": 6.60506163652e-11,
        "var": 0.00292546465062
    },
    "spectral_kurtosis": {
        "dmean": 1.27623784542,
        "dmean2": 2.07632374763,
        "dvar": 4.18272733688,
        "dvar2": 12.0110368729,
        "max": 44.572052002,
        "mean": 4.06433534622,
        "median": 3.21902370453,
        "min": -1.2596770525,
        "var": 11.3397474289
    },
    "spectral_rms": {
        "dmean": 0.000563743466046,
        "dmean2": 0.000791123253293,
        "dvar": 3.96147356696e-07,
        "dvar2": 7.15964347364e-07,
        "max": 0.0104523561895,
        "mean": 0.00512234354392,
        "median": 0.0051526017487,
        "min": 3.15931916045e-12,
        "var": 4.81212964587e-06
    },
    "spectral_rolloff": {
        "dmean": 425.732025146,
        "dmean2": 699.902526855,
        "dvar": 886810.125,
        "dvar2": 1719513.375,
        "max": 19272.2167969,
        "mean": 1436.82922363,
        "median": 1055.12695312,
        "min": 21.533203125,
        "var": 2792090.5
    },
    "spectral_skewness": {
        "dmean": 0.19191493094,
        "dmean2": 0.293547123671,
        "dvar": 0.0481759160757,
        "dvar2": 0.114517763257,
        "max": 5.12288475037,
        "mean": 1.58081352711,
        "median": 1.51006174088,
        "min": -0.109708346426,
        "var": 0.234659448266
    },
    "spectral_spread": {
        "dmean": 479388.03125,
        "dmean2": 691773.6875,
        "dvar": 617069019136,
        "dvar2": 1.32689782374e+12,
        "max": 41818572,
        "mean": 5198744.5,
        "median": 5092186,
        "min": 1198780.25,
        "var": 3.1703606231e+12
    },
    "spectral_strongpeak": {
        "dmean": 0.661694943905,
        "dmean2": 1.09277892113,
        "dvar": 1.22724497318,
        "dvar2": 2.80588030815,
        "max": 12.168753624,
        "mean": 1.46815383434,
        "median": 0.584397673607,
        "min": 0,
        "var": 2.62283444405
    },
    "zerocrossingrate": {
        "dmean": 0.0100341849029,
        "dmean2": 0.0113558657467,
        "dvar": 0.000259478430962,
        "dvar2": 0.000242997630266,
        "max": 0.84619140625,
        "mean": 0.0614287965,
        "median": 0.05322265625,
        "min": 0,
        "var": 0.0021235391032
    },
    "barkbands": {
        "dmean": [0.000195588349015, 0.00365781085566, 0.00144862849265, 0.000978382187895, 0.000857840117533, 0.000940518220887, 0.000759683025535, 0.000669843633659, 0.00198246398941, 0.000851721968502, 0.000826289062388, 0.000879829458427, 0.000404554069974, 0.000301565451082, 0.000203767500352, 0.000166195153724, 0.000213559978874, 0.000168641476193, 9.58665186772e-05, 0.000143654411659, 0.000106651532406, 0.000133940528031, 0.000105285049358, 9.35201605898e-05, 5.76587044634e-05, 2.65554390353e-05, 1.27117675675e-06],
        "dmean2": [0.000231120939134, 0.00542896287516, 0.00263089267537, 0.00172834075056, 0.00145431410056, 0.00141974934377, 0.00114823074546, 0.0010042648064, 0.00283136218786, 0.00127183937002, 0.00119331630412, 0.00131921947468, 0.000634972704574, 0.000471525796456, 0.000326212320942, 0.000261143781245, 0.000352039263817, 0.000273348385235, 0.000156885595061, 0.000232057660469, 0.000165095145348, 0.000206824173802, 0.000152897671796, 0.000136628965265, 8.30540666357e-05, 3.78710392397e-05, 2.06818526749e-06],
        "dvar": [1.7495368354e-07, 6.82261597831e-05, 3.04035729641e-05, 1.05119797809e-05, 4.18129820901e-06, 6.85625536789e-06, 5.14197427037e-06, 3.01238742395e-06, 1.66609352164e-05, 4.36790423919e-06, 4.97163182445e-06, 6.87673764332e-06, 8.07942228676e-07, 3.94530417225e-07, 2.37922861857e-07, 1.37132204259e-07, 1.90648790976e-07, 1.10633742167e-07, 4.15466772097e-08, 6.87976395852e-08, 4.71737173768e-08, 9.46096605503e-08, 6.74145752555e-08, 4.3734711852e-08, 1.26859784899e-08, 2.78951706179e-09, 8.78546454336e-12],
        "dvar2": [2.5470961873e-07, 0.00015007359616, 8.7577936938e-05, 2.94260935334e-05, 1.16710671136e-05, 1.24957923617e-05, 1.04531845864e-05, 6.18134799879e-06, 3.32298477588e-05, 9.01342446014e-06, 8.8819397206e-06, 1.21428465718e-05, 1.8375038735e-06, 8.24658741294e-07, 5.5469331528e-07, 2.93272194085e-07, 4.96359859881e-07, 2.72951950819e-07, 1.07013299555e-07, 1.80445326237e-07, 1.05647011139e-07, 2.13000120652e-07, 1.34140933028e-07, 8.77205863503e-08, 2.41697808434e-08, 5.53274093207e-09, 2.25160810136e-11],
        "max": [0.00516466796398, 0.0841136574745, 0.0494693443179, 0.0306633375585, 0.0296576693654, 0.0881254374981, 0.0796739533544, 0.0395125597715, 0.0702818334103, 0.0487570539117, 0.0565510094166, 0.0795585513115, 0.0256682522595, 0.0226138792932, 0.0125468252227, 0.0111623024568, 0.0101130353287, 0.00808416865766, 0.00563885597512, 0.00544395064935, 0.00504549453035, 0.0143480123952, 0.0093443421647, 0.00537922792137, 0.00248120888136, 0.00167407514527, 5.04526033183e-05],
        "mean": [0.000418496463681, 0.00965330470353, 0.00146719464101, 0.000918566889595, 0.00139158940874, 0.00199636793695, 0.00141492020339, 0.001252970309, 0.00448530353606, 0.00144970254041, 0.00164610019419, 0.00165703671519, 0.000720729469322, 0.000542814959772, 0.000328617461491, 0.000288665381959, 0.000374397466658, 0.000308944145218, 0.000175429217052, 0.000276178237982, 0.000202046328923, 0.000274736463325, 0.000220689093112, 0.000186711957213, 0.000119295240438, 5.44656904822e-05, 1.51061692577e-06],
        "median": [2.07923530979e-05, 0.00274335104041, 0.000217496359255, 0.000182342599146, 0.000657086900901, 0.000830840028357, 0.000466797762783, 0.000341247534379, 0.00109493918717, 0.000401866767788, 0.00040447190986, 0.000436552800238, 0.000250869663432, 0.00022110066493, 0.000144177611219, 0.000115280832688, 0.000160350464284, 0.000161729418323, 9.65711078607e-05, 0.000146748672705, 0.000101108103991, 0.00012455979595, 0.000102428515675, 7.64471842558e-05, 5.32145531906e-05, 1.77170659299e-05, 1.57142693524e-07],
        "min": [9.79131394547e-25, 9.91277643677e-24, 2.40392739092e-24, 4.70123470847e-24, 1.15824731179e-23, 2.44826705359e-23, 1.93884797558e-23, 1.98494979575e-23, 2.8495309349e-23, 3.48072568199e-23, 2.36624240107e-23, 4.83048530794e-23, 4.80132332908e-23, 6.79503768503e-23, 6.65922549832e-23, 7.5614078503e-23, 1.1648580135e-22, 1.20846750652e-22, 1.96250127563e-22, 2.38229985412e-22, 3.65515481882e-22, 3.6115304321e-22, 4.20311956547e-22, 7.25332485019e-22, 9.27673666378e-22, 1.41414633944e-21, 1.97285181228e-21],
        "var": [7.20213222394e-07, 0.000213344959775, 1.91195886146e-05, 6.91411969456e-06, 4.887938303e-06, 2.39183264057e-05, 1.37865226861e-05, 8.66141363076e-06, 5.94952434767e-05, 9.53004109761e-06, 1.54889403348e-05, 1.79873950401e-05, 2.06340178011e-06, 1.12078430448e-06, 3.7397060737e-07, 3.01582105067e-07, 3.42470826808e-07, 2.16037634004e-07, 6.23057943017e-08, 1.55524588763e-07, 1.00913553069e-07, 2.36579396073e-07, 1.89578656773e-07, 1.25371784065e-07, 3.67233745635e-08, 7.5864035054e-09, 1.15697460293e-11]
    },
    "erbbands": {
        "dmean": [0.147008642554, 0.808767437935, 1.50886952877, 2.61173129082, 2.90697741508, 2.80070376396, 4.83655166626, 9.28162384033, 8.68114376068, 14.0528726578, 18.9003410339, 40.1195983887, 36.2890586853, 32.0149803162, 27.7173633575, 25.9038581848, 17.8015174866, 15.1763629913, 10.6773052216, 8.78040981293, 9.21353912354, 13.1136407852, 9.21605014801, 5.5481801033, 5.75039672852, 6.19156503677, 4.50002861023, 4.28694629669, 4.82380342484, 4.08313417435, 2.91881346703, 2.14703297615, 1.46789705753, 0.764213681221, 0.37567281723, 0.156152144074, 0.0413053631783, 0.00616333587095, 0.000132788336487, 1.16624123621e-05],
        "dmean2": [0.186025515199, 1.26673090458, 2.64910316467, 4.68933820724, 5.05825281143, 4.73594093323, 7.57782173157, 13.7948255539, 13.3044157028, 21.4935836792, 26.505853653, 57.0625991821, 51.8969154358, 45.7630691528, 41.0446128845, 39.2024536133, 27.8457603455, 23.6046504974, 16.8421211243, 13.5474042892, 14.6125478745, 21.6853504181, 15.0125722885, 8.89136505127, 9.41969013214, 9.97003555298, 7.2041721344, 6.60728359222, 7.50257015228, 6.20718288422, 4.23116731644, 3.16100263596, 2.16191291809, 1.09616208076, 0.556998670101, 0.231037989259, 0.0581072941422, 0.00913602672517, 0.000193777726963, 1.54750996444e-05],
        "dvar": [0.0953673571348, 3.70488190651, 28.8393058777, 86.2087554932, 71.2777481079, 44.18309021, 83.6890487671, 906.831787109, 533.070983887, 1743.64013672, 2697.99633789, 9041.10742188, 4975.88183594, 7644.08447266, 4995.45898438, 4482.86865234, 1648.44384766, 972.412719727, 627.432800293, 396.399688721, 349.635101318, 788.715087891, 349.388977051, 126.980361938, 122.598045349, 125.70324707, 75.6952438354, 93.940322876, 130.951553345, 87.3298950195, 53.9635047913, 24.7628231049, 10.4805526733, 2.37715554237, 0.553765594959, 0.0981315970421, 0.00784693099558, 0.00015883645392, 7.25712538951e-08, 2.68878780352e-10],
        "dvar2": [0.135522738099, 9.72135353088, 81.6163406372, 247.794189453, 197.048126221, 119.785720825, 196.086700439, 1569.01159668, 1148.98608398, 3810.53320312, 4828.51611328, 17277.4257812, 9928.1875, 13129.7734375, 9216.89648438, 8698.60546875, 3777.91259766, 2194.84350586, 1435.50720215, 830.799804688, 811.890075684, 2071.54711914, 871.53692627, 319.078918457, 322.378997803, 320.523864746, 185.525619507, 205.623291016, 303.954833984, 193.518112183, 107.568283081, 48.13230896, 21.7387981415, 4.49922943115, 1.12106204033, 0.209416508675, 0.0148998200893, 0.000323260697769, 1.47366520764e-07, 4.63847543708e-10],
        "max": [3.46838521957, 20.0045928955, 49.9667778015, 82.8471755981, 72.7551422119, 132.913528442, 182.909576416, 1075.70776367, 636.475097656, 1006.85919189, 1298.39758301, 2087.28662109, 1188.98876953, 2432.24829102, 1731.65380859, 1741.12182617, 1121.10144043, 838.724609375, 839.360412598, 566.040893555, 424.804016113, 682.338745117, 438.584655762, 267.936737061, 224.481170654, 267.523834229, 191.72328186, 229.065338135, 557.343688965, 283.785675049, 264.294616699, 131.982025146, 79.1345672607, 36.6101341248, 17.2209358215, 7.41514873505, 3.69330739975, 0.333418101072, 0.00680128438398, 0.000353233452188],
        "mean": [0.370029658079, 1.77880787849, 1.95787167549, 2.55017566681, 3.22072267532, 4.5795583725, 10.351691246, 18.805803299, 17.1344451904, 24.9854869843, 37.7962799072, 87.426399231, 79.605796814, 66.0359573364, 58.3714866638, 51.5880203247, 35.6758651733, 30.7347011566, 20.2092170715, 16.4861450195, 17.7918796539, 23.3105010986, 17.3730049133, 11.0663537979, 11.1169261932, 12.2682638168, 8.61099243164, 8.01312828064, 9.47931003571, 8.58510875702, 6.12614107132, 4.2542347908, 2.88013362885, 1.55170404911, 0.748911380768, 0.308397233486, 0.083691611886, 0.0115511128679, 0.000265192094957, 4.92540639243e-05],
        "median": [0.0548632852733, 0.510265529156, 0.498017787933, 0.615278244019, 0.942287564278, 2.19366908073, 5.01829624176, 6.521900177, 6.75775623322, 8.2459564209, 11.3022794724, 21.0469284058, 24.5167198181, 19.3606281281, 21.085477829, 16.4831504822, 13.5510797501, 14.3482170105, 10.1338558197, 7.92313623428, 7.21662950516, 10.261179924, 9.21021938324, 6.11948013306, 6.02377319336, 6.81041812897, 4.80391120911, 3.6460776329, 4.21566820145, 4.09354877472, 2.80324602127, 1.73459982872, 1.20687711239, 0.69480907917, 0.30104008317, 0.114166967571, 0.0237707607448, 0.00249430979602, 7.07924118615e-05, 3.90503810195e-05],
        "min": [5.35136984811e-22, 7.12880448159e-22, 2.49231497656e-21, 1.12373722139e-20, 1.94979895908e-20, 4.72599238601e-20, 1.11021868296e-19, 2.55321367732e-19, 2.25364685806e-19, 3.78191137812e-19, 5.67054230191e-19, 9.00200911704e-19, 1.05261338566e-18, 1.34967162462e-18, 1.07530718917e-18, 2.53510839977e-18, 2.42545361545e-18, 4.59379178598e-18, 3.56193939292e-18, 5.69851961818e-18, 5.32098363326e-18, 7.40083788007e-18, 5.76883700128e-18, 7.02139772538e-18, 9.2233268734e-18, 1.17341947453e-17, 1.17647706495e-17, 1.39174213397e-17, 1.11992115482e-17, 1.21656521528e-17, 1.0437849697e-17, 1.37943740877e-17, 1.35245808591e-17, 1.0071538553e-17, 6.25005139059e-18, 4.72459592419e-18, 2.52953113449e-18, 1.12794482745e-18, 2.36688736693e-19, 3.02118154459e-20],
        "var": [0.422245919704, 7.2207274437, 20.9567623138, 52.0405044556, 52.8499755859, 59.1940841675, 236.787368774, 3236.39208984, 1356.44433594, 3930.50292969, 7396.33105469, 29168.1582031, 16632.1367188, 21619.375, 15096.6826172, 12347.0878906, 4350.03173828, 2936.35375977, 1396.35009766, 786.808044434, 857.625366211, 1312.33325195, 681.93572998, 225.114837646, 228.346878052, 305.589569092, 150.648727417, 197.395278931, 294.58380127, 224.446609497, 153.439743042, 72.4719619751, 28.0042114258, 6.78511333466, 1.43693065643, 0.23662404716, 0.0206251535565, 0.000406802806538, 1.90898717278e-07, 1.63705526912e-09]
    },
    "gfcc": {
        "mean": [-3.02078485489, 76.6427536011, -122.252365112, 17.7611427307, -71.5006484985, 21.4542484283, -33.2616081238, 15.5428962708, -24.6839466095, 3.89925146103, -15.5612449646, 5.17924022675, -8.93502140045],
        "cov": [[15598.8779297, -1484.00183105, 210.309432983, 1056.35290527, -29.3817996979, 1244.81188965, 161.451248169, 724.647094727, 117.612030029, 601.652282715, -123.9818573, 456.891265869, -216.950531006], [-1484.00183105, 1264.86755371, -270.807647705, -212.901153564, 121.530799866, -346.446136475, 21.8411750793, -136.67137146, -31.9798526764, -178.08190918, 81.3336105347, -135.22315979, 73.6803359985], [210.309432983, -270.807647705, 736.534423828, 369.352600098, 138.991790771, 238.621551514, 36.9591636658, 120.029937744, 87.1019515991, 172.347625732, 41.8117752075, 114.308761597, 40.5543479919], [1056.35290527, -212.901153564, 369.352600098, 553.995483398, 273.884460449, 270.281188965, 121.252708435, 158.833480835, 120.791259766, 140.588287354, 63.6310691833, 128.432174683, 54.40284729], [-29.3817996979, 121.530799866, 138.991790771, 273.884460449, 600.928955078, 205.207015991, 221.274703979, 167.906387329, 101.287414551, 86.0817642212, 67.5274276733, 138.722854614, 74.2133712769], [1244.81188965, -346.446136475, 238.621551514, 270.281188965, 205.207015991, 456.163970947, 223.41847229, 175.243347168, 99.4120407104, 161.926712036, 53.1569633484, 134.880157471, 12.8710918427], [161.451248169, 21.8411750793, 36.9591636658, 121.252708435, 221.274703979, 223.41847229, 330.231964111, 143.624542236, 79.095199585, 76.7332992554, 75.0252609253, 66.2592315674, 26.6854438782], [724.647094727, -136.67137146, 120.029937744, 158.833480835, 167.906387329, 175.243347168, 143.624542236, 237.645950317, 127.684440613, 103.958831787, 38.3970985413, 86.3036651611, 23.9266395569], [117.612030029, -31.9798526764, 87.1019515991, 120.791259766, 101.287414551, 99.4120407104, 79.095199585, 127.684440613, 202.976165771, 101.100479126, 54.6142654419, 63.9473991394, 28.5070552826], [601.652282715, -178.08190918, 172.347625732, 140.588287354, 86.0817642212, 161.926712036, 76.7332992554, 103.958831787, 101.100479126, 193.413375854, 75.5091323853, 81.8702850342, 14.878985405], [-123.9818573, 81.3336105347, 41.8117752075, 63.6310691833, 67.5274276733, 53.1569633484, 75.0252609253, 38.3970985413, 54.6142654419, 75.5091323853, 158.347839355, 62.371006012, 33.0873069763], [456.891265869, -135.22315979, 114.308761597, 128.432174683, 138.722854614, 134.880157471, 66.2592315674, 86.3036651611, 63.9473991394, 81.8702850342, 62.371006012, 169.749511719, 53.5832061768], [-216.950531006, 73.6803359985, 40.5543479919, 54.40284729, 74.2133712769, 12.8710918427, 26.6854438782, 23.9266395569, 28.5070552826, 14.878985405, 33.0873069763, 53.5832061768, 109.419197083]],
        "icov": [[0.000203689487535, -0.000294373283396, 0.000448072591098, -0.000555204867851, 0.000479694368551, -0.000597562117036, 0.000439979456132, -0.00075507548172, 0.000654267380014, -0.000736065150704, 0.000660701422021, -0.00068713008659, 0.000581149186473], [-0.000294373283396, 0.00228248210624, -0.000752901018132, 0.00120442081243, -0.00169452745467, 0.00203767768107, -0.00131033232901, 0.00179530179594, -0.00164473080076, 0.00233132089488, -0.00264124805108, 0.00266770413145, -0.00200003199279], [0.000448072591098, -0.000752901018132, 0.00337583594956, -0.00251304078847, 0.00124014238827, -0.00181629625149, 0.00166389334481, -0.00181037222501, 0.00183754356112, -0.00303295697086, 0.00186781189404, -0.00169413187541, 0.000954794173595], [-0.000555204867851, 0.00120442081243, -0.00251304078847, 0.00548581779003, -0.00254384195432, 0.000615632627159, -0.000722852768376, 0.0018287205603, -0.00255959713832, 0.00253415200859, -0.00258738640696, 0.00236677448265, -0.0023329956457], [0.000479694368551, -0.00169452745467, 0.00124014238827, -0.00254384195432, 0.00461791222915, -0.0016672759084, -7.99675326562e-05, -0.00271152239293, 0.00198949617334, -0.00210047187284, 0.00274060107768, -0.00376164121553, 0.00135444873013], [-0.000597562117036, 0.00203767768107, -0.00181629625149, 0.000615632627159, -0.0016672759084, 0.00842729210854, -0.00484698591754, 0.00211264076643, -0.00164532149211, 0.000601081002969, -0.00138655863702, 0.000580191554036, -0.00084812915884], [0.000439979456132, -0.00131033232901, 0.00166389334481, -0.000722852768376, -7.99675326562e-05, -0.00484698591754, 0.00797525607049, -0.00400512712076, 0.00169802794699, -0.00115960242692, -0.00044205453014, -0.000194246036699, 0.000996680231765], [-0.00075507548172, 0.00179530179594, -0.00181037222501, 0.0018287205603, -0.00271152239293, 0.00211264076643, -0.00400512712076, 0.0123745212331, -0.00633953837678, 0.00195273477584, -0.00141372298822, 0.00174307543784, -0.00212285341695], [0.000654267380014, -0.00164473080076, 0.00183754356112, -0.00255959713832, 0.00198949617334, -0.00164532149211, 0.00169802794699, -0.00633953837678, 0.0110969254747, -0.00560258701444, 0.00197819294408, -0.00279411440715, 0.00145351770334], [-0.000736065150704, 0.00233132089488, -0.00303295697086, 0.00253415200859, -0.00210047187284, 0.000601081002969, -0.00115960242692, 0.00195273477584, -0.00560258701444, 0.0150238433853, -0.00715990317985, 0.0026914505288, -0.00169165898114], [0.000660701422021, -0.00264124805108, 0.00186781189404, -0.00258738640696, 0.00274060107768, -0.00138655863702, -0.00044205453014, -0.00141372298822, 0.00197819294408, -0.00715990317985, 0.0133791593835, -0.00622583646327, 0.00186530151404], [-0.00068713008659, 0.00266770413145, -0.00169413187541, 0.00236677448265, -0.00376164121553, 0.000580191554036, -0.000194246036699, 0.00174307543784, -0.00279411440715, 0.0026914505288, -0.00622583646327, 0.0151922702789, -0.00675347587094], [0.000581149186473, -0.00200003199279, 0.000954794173595, -0.0023329956457, 0.00135444873013, -0.00084812915884, 0.000996680231765, -0.00212285341695, 0.00145351770334, -0.00169165898114, 0.00186530151404, -0.00675347587094, 0.0144410487264]]
    },
    "melbands": {
        "dmean": [0.0011072694324, 0.000786854303442, 0.000466561352368, 0.000191354716662, 0.000156711204909, 0.000196170105482, 0.000141666547279, 0.000148614068166, 0.000173236956471, 0.000285162619548, 0.000187276105862, 0.000132820641738, 9.88975734799e-05, 9.68423773884e-05, 5.97650832788e-05, 4.48122227681e-05, 2.72855486401e-05, 1.9275730665e-05, 1.65872006619e-05, 1.16536584756e-05, 1.10568926175e-05, 1.64688408404e-05, 8.10417077446e-06, 8.74683155416e-06, 4.50210427516e-06, 4.02588648285e-06, 5.64323272556e-06, 4.31316811955e-06, 3.16492378261e-06, 2.75181946563e-06, 2.52966151493e-06, 2.88348769573e-06, 2.93811694974e-06, 2.23620759243e-06, 1.84006648851e-06, 1.59426951996e-06, 1.31562217121e-06, 1.12229884053e-06, 9.20830643736e-07, 6.07145807408e-07],
        "dmean2": [0.00155974691734, 0.00129214511253, 0.00082656176528, 0.000329729751684, 0.000248778349487, 0.00029300787719, 0.000215111445868, 0.000227569558774, 0.000241537083639, 0.000406857143389, 0.000269203679636, 0.000190739461686, 0.000144518257002, 0.000144569785334, 9.35717544053e-05, 6.95335693308e-05, 4.24629615736e-05, 3.04662044073e-05, 2.66840761469e-05, 1.81173927558e-05, 1.77419678948e-05, 2.72179931926e-05, 1.33016683321e-05, 1.42237831824e-05, 7.33455090085e-06, 6.68984193908e-06, 9.20214915823e-06, 7.06044875187e-06, 5.16951195095e-06, 4.40557141701e-06, 3.9156384446e-06, 4.54269411421e-06, 4.60125420432e-06, 3.44328736901e-06, 2.75270576822e-06, 2.39932342083e-06, 1.98185853151e-06, 1.69669851857e-06, 1.35951722768e-06, 8.88806994226e-07],
        "dvar": [5.86868873143e-06, 5.08003540745e-06, 2.45878368332e-06, 2.53024239782e-07, 8.73181562611e-08, 3.71514289554e-07, 1.45176471733e-07, 1.65751643522e-07, 2.51596418366e-07, 4.28754958648e-07, 1.37528289201e-07, 1.21105799167e-07, 6.01135496936e-08, 1.086061161e-07, 2.82721810407e-08, 1.13930234136e-08, 3.30073635091e-09, 2.40974684651e-09, 1.68305369641e-09, 9.18255804727e-10, 5.40692379758e-10, 1.29773802815e-09, 2.75682227047e-10, 3.70822372808e-10, 9.26516086075e-11, 6.93115495554e-11, 1.40107384028e-10, 5.89591361844e-11, 3.48819272078e-11, 3.57886359437e-11, 3.63982004259e-11, 4.9301382421e-11, 4.15038940715e-11, 2.78820924682e-11, 2.33766426355e-11, 1.46371196413e-11, 9.77927721441e-12, 6.37785223939e-12, 4.33312717305e-12, 1.41032140393e-12],
        "dvar2": [1.08113608803e-05, 1.38112154673e-05, 6.96322467775e-06, 7.12870416919e-07, 2.11149469465e-07, 6.57514476643e-07, 2.9777902455e-07, 3.60230245633e-07, 4.38233996647e-07, 8.38584185203e-07, 2.73001205642e-07, 2.15135941062e-07, 1.15428470338e-07, 1.8805130253e-07, 6.2244531307e-08, 2.47788527474e-08, 7.27796711786e-09, 5.35070299179e-09, 3.9574423738e-09, 1.80210601997e-09, 1.29477739641e-09, 3.38875016936e-09, 6.92250423651e-10, 9.24949616898e-10, 2.36181629809e-10, 1.8221275877e-10, 3.710575458e-10, 1.49665752014e-10, 8.76924990956e-11, 8.40801109292e-11, 8.049923228e-11, 1.15292823899e-10, 9.51256712289e-11, 6.32097083009e-11, 5.11650617707e-11, 2.92545154768e-11, 2.0186305752e-11, 1.38747832668e-11, 8.88689295764e-12, 2.79019017092e-12],
        "max": [0.0249864347279, 0.0226599685848, 0.0136842094362, 0.00582253141329, 0.00557604618371, 0.021269576624, 0.0131228491664, 0.00909779686481, 0.0137222651392, 0.0139571148902, 0.0064973901026, 0.00905357301235, 0.00729820458218, 0.0109172733501, 0.005002329126, 0.00354290707037, 0.00190937425941, 0.00196159793995, 0.00124756991863, 0.0010334237013, 0.000547887873836, 0.000871379917953, 0.000344945001416, 0.000606759043876, 0.000249090604484, 0.000191495812032, 0.000248397962423, 0.000165203295182, 0.00012896831322, 0.00014905075659, 0.000141719574458, 0.000348308152752, 0.000228866672842, 0.000175933135324, 0.00018816019292, 0.000108864660433, 9.18119985727e-05, 6.78250435158e-05, 6.99104130035e-05, 2.84083653241e-05],
        "mean": [0.00295052141882, 0.00148421083577, 0.000468049023766, 0.000263195746811, 0.000333116477123, 0.000407121755416, 0.000276760372799, 0.000267402385361, 0.000325196859194, 0.000626566004939, 0.000395223498344, 0.000262553949142, 0.000202627241379, 0.000184485703357, 9.82467172435e-05, 8.27103576739e-05, 5.13842751388e-05, 3.35526128765e-05, 2.61650984612e-05, 2.00106896955e-05, 1.93338473764e-05, 2.68453386525e-05, 1.4333962099e-05, 1.53491109813e-05, 8.08361346571e-06, 7.03003161107e-06, 9.84004691418e-06, 7.70699261921e-06, 5.59616455575e-06, 4.62310890725e-06, 4.5039937504e-06, 5.12540464115e-06, 5.84623694522e-06, 4.32866863775e-06, 3.62007017429e-06, 2.99850171359e-06, 2.43745034822e-06, 2.0801746814e-06, 1.70128919308e-06, 1.17249874165e-06],
        "median": [0.000642170140054, 0.000545308575965, 0.000126240527607, 0.000109088905447, 0.000167422113009, 0.000153647270054, 0.000103850208689, 8.24002418085e-05, 8.31558354548e-05, 0.00013393095287, 0.000111104192911, 6.73075337545e-05, 6.6792803409e-05, 4.69861515739e-05, 2.59778353211e-05, 2.70657637884e-05, 2.18018267333e-05, 1.32024861159e-05, 1.09634747787e-05, 7.86073724157e-06, 7.18234650776e-06, 1.02634285213e-05, 7.09727328285e-06, 7.6790292951e-06, 4.18084209741e-06, 3.70008774553e-06, 4.51578989669e-06, 3.97812300434e-06, 2.97788096759e-06, 2.13135058402e-06, 1.97628355636e-06, 2.23118968279e-06, 2.37017343352e-06, 2.08171786653e-06, 1.59645946951e-06, 1.2099143305e-06, 9.29199813982e-07, 8.21492392333e-07, 6.99635563706e-07, 5.28020279944e-07],
        "min": [4.13145230954e-24, 9.95103559903e-25, 2.14136056064e-24, 2.10410305452e-24, 3.75768606834e-24, 5.55624238945e-24, 3.46158278883e-24, 3.85548904337e-24, 4.38704324283e-24, 5.00587504069e-24, 5.29566033321e-24, 4.97551967306e-24, 4.43323302098e-24, 4.74685059031e-24, 4.96466297485e-24, 6.37652401896e-24, 8.2027105877e-24, 4.89892443461e-24, 4.76700046441e-24, 6.18180672071e-24, 6.02568483668e-24, 5.69954370605e-24, 5.6329890892e-24, 6.02533261028e-24, 4.96581786722e-24, 6.37841886285e-24, 4.16012030369e-24, 6.5573770868e-24, 7.53497217473e-24, 8.50518352459e-24, 6.70382674727e-24, 5.93241938957e-24, 5.55432032985e-24, 7.44619376846e-24, 4.8201862555e-24, 7.67194446029e-24, 8.24580290351e-24, 8.44647649603e-24, 8.83196205483e-24, 7.45614445992e-24],
        "var": [2.20762667595e-05, 6.0146467149e-06, 1.55885334152e-06, 2.18593768864e-07, 2.35437056517e-07, 1.30155660827e-06, 3.93044359726e-07, 4.02920818487e-07, 6.70711756356e-07, 1.44331136198e-06, 4.44181353032e-07, 3.30510545155e-07, 1.92683685896e-07, 2.84533030026e-07, 5.70588696291e-08, 3.16552331014e-08, 9.99375693311e-09, 5.72094904783e-09, 2.5165185491e-09, 1.95714155993e-09, 1.25552046537e-09, 2.01974348357e-09, 4.90068985393e-10, 6.64576615961e-10, 1.40288933248e-10, 1.02046440742e-10, 2.480840533e-10, 1.34272412633e-10, 6.67462543569e-11, 6.45454592552e-11, 7.15422512898e-11, 9.76178027301e-11, 1.16427062435e-10, 6.27155619104e-11, 5.63926787212e-11, 4.02100748531e-11, 2.56621043859e-11, 1.56071718049e-11, 1.05247251886e-11, 3.76047630535e-12]
    },
    "mfcc": {
        "mean": [-639.893798828, 107.716094971, 2.56246089935, 2.25172162056, -9.74145412445, 0.99256503582, 1.45623409748, 7.67194414139, 0.266852915287, 1.11530613899, -0.607202887535, -0.946758747101, -0.790433883667],
        "cov": [[8943.09179688, -556.252807617, 93.8517684937, 336.091003418, 311.642089844, 610.56237793, 366.752288818, 505.8699646, 344.158111572, 321.710021973, 337.842010498, 333.636779785, 308.755859375], [-556.252807617, 1125.57043457, -239.221542358, -28.2962875366, -76.2970504761, -188.943939209, -11.7525224686, -93.238571167, -92.3975296021, -70.7537155151, -71.6010284424, -68.2286758423, -58.5534629822], [93.8517684937, -239.221542358, 535.160644531, 126.679084778, 67.3862228394, 99.3253707886, -12.1428442001, -13.5369615555, 24.664768219, 55.7620010376, 31.2965774536, 50.1196937561, 38.2965583801], [336.091003418, -28.2962875366, 126.679084778, 344.996673584, 223.726806641, 122.697387695, 103.526863098, 75.1124420166, 99.7739181519, 50.8869056702, 18.5701618195, 95.1158828735, 82.7981262207], [311.642089844, -76.2970504761, 67.3862228394, 223.726806641, 374.426940918, 153.585845947, 101.575691223, 110.033576965, 131.373977661, 41.5254669189, 36.2897911072, 106.089553833, 93.6419296265], [610.56237793, -188.943939209, 99.3253707886, 122.697387695, 153.585845947, 325.630340576, 181.345031738, 138.541290283, 119.558517456, 69.6710128784, 86.3422927856, 100.914421082, 81.5060806274], [366.752288818, -11.7525224686, -12.1428442001, 103.526863098, 101.575691223, 181.345031738, 296.39630127, 140.44720459, 88.7459335327, 66.5490646362, 55.7512702942, 88.0156097412, 60.258140564], [505.8699646, -93.238571167, -13.5369615555, 75.1124420166, 110.033576965, 138.541290283, 140.44720459, 230.418151855, 128.250488281, 67.035369873, 76.174446106, 78.4666976929, 69.8725357056], [344.158111572, -92.3975296021, 24.664768219, 99.7739181519, 131.373977661, 119.558517456, 88.7459335327, 128.250488281, 205.630508423, 73.6478881836, 52.7647476196, 71.5648880005, 49.4159202576], [321.710021973, -70.7537155151, 55.7620010376, 50.8869056702, 41.5254669189, 69.6710128784, 66.5490646362, 67.035369873, 73.6478881836, 170.774337769, 97.2487640381, 57.880771637, 37.1181221008], [337.842010498, -71.6010284424, 31.2965774536, 18.5701618195, 36.2897911072, 86.3422927856, 55.7512702942, 76.174446106, 52.7647476196, 97.2487640381, 153.879135132, 75.9318008423, 47.1364212036], [333.636779785, -68.2286758423, 50.1196937561, 95.1158828735, 106.089553833, 100.914421082, 88.0156097412, 78.4666976929, 71.5648880005, 57.880771637, 75.9318008423, 144.429412842, 90.9001159668], [308.755859375, -58.5534629822, 38.2965583801, 82.7981262207, 93.6419296265, 81.5060806274, 60.258140564, 69.8725357056, 49.4159202576, 37.1181221008, 47.1364212036, 90.9001159668, 144.553009033]],
