{
"lowlevel": {
    "average_loudness": 0.93366587162,
    "barkbands_crest": {
        "dmean": 2.87992620468,
        "dmean2": 4.34588098526,
        "dvar": 7.4491519928,
        "dvar2": 15.7075405121,
        "max": 26.6045379639,
        "mean": 11.5495929718,
        "median": 10.4469175339,
        "min": 2.97017717361,
        "var": 24.3656787872
    },
    "barkbands_flatness_db": {
        "dmean": 0.0251308698207,
        "dmean2": 0.0366312414408,
        "dvar": 0.000712491746526,
        "dvar2": 0.00151302199811,
        "max": 0.531194210052,
        "mean": 0.1677518785,
        "median": 0.149609699845,
        "min": 0.0250253155828,
        "var": 0.00595938321203
    },
    "barkbands_kurtosis": {
        "dmean": 5.0899682045,
        "dmean2": 7.36481714249,
        "dvar": 568.337341309,
        "dvar2": 1335.40270996,
        "max": 1515.87768555,
        "mean": 7.45181751251,
        "median": 2.80577421188,
        "min": -1.92689299583,
        "var": 798.288024902
    },
    "barkbands_skewness": {
        "dmean": 0.630895018578,
        "dmean2": 0.877917468548,
        "dvar": 0.655583977699,
        "dvar2": 1.21945679188,
        "max": 26.508184433,
        "mean": 1.87069773674,
        "median": 1.51822865009,
        "min": -2.04994225502,
        "var": 2.36645841599
    },
    "barkbands_spread": {
        "dmean": 5.02324485779,
        "dmean2": 7.48302364349,
        "dvar": 47.1914291382,
        "dvar2": 94.5987854004,
        "max": 108.022338867,
        "mean": 17.4800891876,
        "median": 15.049123764,
        "min": 0.0666528642178,
        "var": 157.303436279
    },
    "dissonance": {
        "dmean": 0.0240382552147,
        "dmean2": 0.040113158524,
        "dvar": 0.000510225596372,
        "dvar2": 0.00136823696084,
        "max": 0.499999582767,
        "mean": 0.451273083687,
        "median": 0.458123505116,
        "min": 0.24093015492,
        "var": 0.00114606902935
    },
    "dynamic_complexity": 2.72943234444,
    "erbbands_crest": {
        "dmean": 3.28246116638,
        "dmean2": 5.1937994957,
        "dvar": 9.18735790253,
        "dvar2": 19.8842926025,
        "max": 30.8646602631,
        "mean": 10.4637756348,
        "median": 9.48588657379,
        "min": 2.34473204613,
        "var": 22.2800884247
    },
    "erbbands_flatness_db": {
        "dmean": 0.0187816247344,
        "dmean2": 0.026615396142,
        "dvar": 0.000350284390152,
        "dvar2": 0.00065308471676,
        "max": 0.458509773016,
        "mean": 0.180074796081,
        "median": 0.160110712051,
        "min": 0.0611786656082,
        "var": 0.00575419841334
    },
    "erbbands_kurtosis": {
        "dmean": 1.32998561859,
        "dmean2": 2.05780029297,
        "dvar": 4.1673116684,
        "dvar2": 9.48999404907,
        "max": 64.3971405029,
        "mean": 1.16802215576,
        "median": 0.495175361633,
        "min": -1.88052940369,
        "var": 7.78354263306
    },
    "erbbands_skewness": {
        "dmean": 0.412690073252,
        "dmean2": 0.610751152039,
        "dvar": 0.159681335092,
        "dvar2": 0.347582519054,
        "max": 6.98805379868,
        "mean": 0.765398263931,
        "median": 0.720172047615,
        "min": -2.66376328468,
        "var": 0.574398219585
    },
    "erbbands_spread": {
        "dmean": 8.79867267609,
        "dmean2": 12.9819250107,
        "dvar": 106.841392517,
        "dvar2": 215.857330322,
        "max": 138.144683838,
        "mean": 34.3181037903,
        "median": 30.2103424072,
        "min": 2.00445318222,
        "var": 396.84487915
    },
    "hfc": {
        "dmean": 7.76217699051,
        "dmean2": 11.4996452332,
        "dvar": 161.273254395,
        "dvar2": 345.020019531,
        "max": 142.632339478,
        "mean": 22.079454422,
        "median": 15.4953479767,
        "min": 1.2132600828e-16,
        "var": 438.304046631
    },
    "melbands_crest": {
        "dmean": 3.53001642227,
        "dmean2": 5.31876659393,
        "dvar": 10.7314500809,
        "dvar2": 23.3360786438,
        "max": 35.322101593,
        "mean": 16.112695694,
        "median": 14.8034076691,
        "min": 1.91334557533,
        "var": 41.7553405762
    },
    "melbands_flatness_db": {
        "dmean": 0.0295708104968,
        "dmean2": 0.0421618521214,
        "dvar": 0.0010372120887,
        "dvar2": 0.0021450931672,
        "max": 0.661082684994,
        "mean": 0.229914933443,
        "median": 0.219281360507,
        "min": 0.00666928198189,
        "var": 0.00631861295551
    },
    "melbands_kurtosis": {
        "dmean": 9.15956306458,
        "dmean2": 12.9306049347,
        "dvar": 400.898010254,
        "dvar2": 737.742126465,
        "max": 782.494140625,
        "mean": 16.3245258331,
        "median": 7.07498502731,
        "min": -1.71217024326,
        "var": 999.589294434
    },
    "melbands_skewness": {
        "dmean": 0.81551527977,
        "dmean2": 1.12873828411,
        "dvar": 0.93093174696,
        "dvar2": 1.63270103931,
        "max": 20.4652557373,
        "mean": 2.67681622505,
        "median": 2.16159915924,
        "min": -1.22687411308,
        "var": 3.78992486
    },
    "melbands_spread": {
        "dmean": 5.38731145859,
        "dmean2": 7.91175174713,
        "dvar": 72.7147216797,
        "dvar2": 146.391494751,
        "max": 189.599411011,
        "mean": 18.06016922,
        "median": 14.9314346313,
        "min": 0.183092072606,
        "var": 210.855178833
    },
    "pitch_salience": {
        "dmean": 0.0834513753653,
        "dmean2": 0.131432011724,
        "dvar": 0.00793265737593,
        "dvar2": 0.0192618910223,
        "max": 0.975280940533,
        "mean": 0.51251500845,
        "median": 0.524889230728,
        "min": 0.0181007198989,
        "var": 0.0187339223921
    },
    "silence_rate_20dB": {
        "dmean": 0,
        "dmean2": 0,
        "dvar": 0,
        "dvar2": 0,
        "max": 1,
        "mean": 1,
        "median": 1,
        "min": 1,
        "var": 0
    },
    "silence_rate_30dB": {
        "dmean": 0.0153426080942,
        "dmean2": 0.0306892059743,
        "dvar": 0.0151079958305,
        "dvar2": 0.0450947806239,
        "max": 1,
        "mean": 0.992329716682,
        "median": 1,
        "min": 0,
        "var": 0.0076105017215
    },
    "silence_rate_60dB": {
        "dmean": 0.0135222990066,
        "dmean2": 0.0270481146872,
        "dvar": 0.0133396787569,
        "dvar2": 0.0325592048466,
        "max": 1,
        "mean": 0.0338013507426,
        "median": 0,
        "min": 0,
        "var": 0.0326604098082
    },
    "spectral_centroid": {
        "dmean": 231.816879272,
        "dmean2": 347.203063965,
        "dvar": 80709.3515625,
        "dvar2": 163205.1875,
        "max": 10705.3603516,
        "mean": 1097.93994141,
        "median": 991.103759766,
        "min": 86.2667388916,
        "var": 315442.59375
    },
    "spectral_complexity": {
        "dmean": 4.09231567383,
        "dmean2": 6.18361520767,
        "dvar": 21.1257133484,
        "dvar2": 43.9015007019,
        "max": 50,
        "mean": 17.6801872253,
        "median": 16,
        "min": 0,
        "var": 91.0369720459
    },
    "spectral_decrease": {
        "dmean": 2.42402720119e-09,
        "dmean2": 3.44239325933e-09,
        "dvar": 8.31203026436e-18,
        "dvar2": 1.43910202907e-17,
        "max": 1.22606987302e-28,
        "mean": -8.86189610583e-09,
        "median": -7.91557841495e-09,
        "min": -3.41923360736e-08,
        "var": 4.00253871784e-17
    },
    "spectral_energy": {
        "dmean": 0.00958923064172,
        "dmean2": 0.0136600229889,
        "dvar": 0.000125255857711,
        "dvar2": 0.000219362264033,
        "max": 0.129913836718,
        "mean": 0.0354495309293,
        "median": 0.0317041054368,
        "min": 1.05418724541e-20,
        "var": 0.000615636410657
    },
    "spectral_energyband_high": {
        "dmean": 0.000513773702551,
        "dmean2": 0.00072419521166,
        "dvar": 1.32991851842e-06,
        "dvar2": 2.59551643467e-06,
        "max": 0.0120733771473,
        "mean": 0.000938064942602,
        "median": 0.000308245624183,
        "min": 7.57764649523e-21,
        "var": 2.58101363215e-06
    },
    "spectral_energyband_low": {
        "dmean": 0.00583457015455,
        "dmean2": 0.00771339796484,
        "dvar": 0.000157998816576,
        "dvar2": 0.000270191900199,
        "max": 0.129241555929,
        "mean": 0.0145456688479,
        "median": 0.00877596531063,
        "min": 8.74385418033e-23,
        "var": 0.000441801064881
    },
    "spectral_energyband_middle_high": {
        "dmean": 0.00265758903697,
        "dmean2": 0.0039052744396,
        "dvar": 1.48147319123e-05,
        "dvar2": 2.98573249893e-05,
        "max": 0.0533553026617,
        "mean": 0.00654238928109,
        "median": 0.00341385090724,
        "min": 1.55759381619e-21,
        "var": 6.22918232693e-05
    },
    "spectral_energyband_middle_low": {
        "dmean": 0.00600858172402,
        "dmean2": 0.00981727987528,
        "dvar": 5.74305158807e-05,
        "dvar2": 0.000153123575728,
        "max": 0.0685578435659,
        "mean": 0.0139132700861,
        "median": 0.0117738675326,
        "min": 2.84236429135e-22,
        "var": 9.63972270256e-05
    },
    "spectral_entropy": {
        "dmean": 0.203348875046,
        "dmean2": 0.29373717308,
        "dvar": 0.0500923581421,
        "dvar2": 0.105716645718,
        "max": 9.802485466,
        "mean": 7.42851924896,
        "median": 7.49503612518,
        "min": 5.05234050751,
        "var": 0.302155286074
    },
    "spectral_flux": {
        "dmean": 0.0328478552401,
        "dmean2": 0.0476085841656,
        "dvar": 0.00134691863786,
        "dvar2": 0.0023343062494,
        "max": 0.359702974558,
        "mean": 0.0911546945572,
        "median": 0.0777039602399,
        "min": 1.02673619606e-10,
        "var": 0.0033320588991
    },
    "spectral_kurtosis": {
        "dmean": 2.84816193581,
        "dmean2": 4.69132852554,
        "dvar": 28.815990448,
        "dvar2": 84.0498352051,
        "max": 72.6726989746,
        "mean": 6.56230688095,
        "median": 4.21033763885,
        "min": -1.20311999321,
        "var": 62.8100776672
    },
    "spectral_rms": {
        "dmean": 0.000800242065452,
        "dmean2": 0.00113382644486,
        "dvar": 6.96248605436e-07,
        "dvar2": 1.31115893964e-06,
        "max": 0.0112581169233,
        "mean": 0.00546257151291,
        "median": 0.00556154968217,
        "min": 3.20698502476e-12,
        "var": 4.7451676437e-06
    },
    "spectral_rolloff": {
        "dmean": 434.220489502,
        "dmean2": 718.291503906,
        "dvar": 863998.25,
        "dvar2": 1830132.125,
        "max": 19186.0839844,
        "mean": 1148.80419922,
        "median": 861.328125,
        "min": 64.599609375,
        "var": 1628540.625
    },
    "spectral_skewness": {
        "dmean": 0.314608424902,
        "dmean2": 0.488269984722,
        "dvar": 0.166262969375,
        "dvar2": 0.439747303724,
        "max": 6.66756629944,
        "mean": 1.82345747948,
        "median": 1.66521191597,
        "min": -0.0611401237547,
        "var": 0.561686515808
    },
    "spectral_spread": {
        "dmean": 595181.9375,
        "dmean2": 824578.3125,
        "dvar": 585766207488,
        "dvar2": 963539173376,
        "max": 41138084,
        "mean": 4635786,
        "median": 4619904,
        "min": 850419.8125,
        "var": 3.28111174451e+12
    },
    "spectral_strongpeak": {
        "dmean": 0.601334571838,
        "dmean2": 1.01230061054,
        "dvar": 0.879337966442,
        "dvar2": 2.10084414482,
        "max": 8.90979099274,
        "mean": 1.0899772644,
        "median": 0.654922485352,
        "min": 0,
        "var": 1.53866839409
    },
    "zerocrossingrate": {
        "dmean": 0.0100276377052,
        "dmean2": 0.0106692314148,
        "dvar": 0.000182528558071,
        "dvar2": 0.00020006854902,
        "max": 0.814453125,
        "mean": 0.0513677336276,
        "median": 0.04345703125,
        "min": 0.001953125,
        "var": 0.00126265361905
    },
    "barkbands": {
        "dmean": [0.000385639781598, 0.00566779077053, 0.0018651970895, 0.00101504370105, 0.00241300906055, 0.00154411664698, 0.00191264320165, 0.00094002916012, 0.00085458275862, 0.00143337110057, 0.000461821706267, 0.000727060367353, 0.00048860698007, 0.000273841782473, 0.000211132268305, 0.000200127644348, 0.000126514525618, 0.000146472724737, 0.000175677836523, 0.000113435948151, 0.000112232133688, 0.000101662750239, 0.000123481382616, 0.000102319056168, 8.86982816155e-05, 3.62463797501e-05, 5.07216145706e-06],
        "dmean2": [0.000538596068509, 0.00770933926105, 0.00342848524451, 0.00188576115761, 0.0039843916893, 0.00255668978207, 0.00304295541719, 0.00138131284621, 0.00124798598699, 0.00205082260072, 0.000729537510779, 0.00117450032849, 0.000815955572762, 0.000437454262283, 0.00033778566285, 0.000327617541188, 0.000205224831006, 0.000242242851527, 0.000288494658889, 0.000174499713467, 0.000168371654581, 0.000153369983309, 0.000183176598512, 0.000149693572894, 0.000135058056912, 5.10142635903e-05, 7.92735045252e-06],
        "dvar": [4.62355103537e-07, 0.000167281395989, 4.90535894642e-05, 1.23744039229e-05, 1.49912584675e-05, 7.02586430634e-06, 7.76244451117e-06, 3.40435121871e-06, 2.55272721006e-06, 8.97404970601e-06, 1.2548698578e-06, 2.81980715044e-06, 1.1281146044e-06, 3.1428157854e-07, 2.50884255593e-07, 1.72759840211e-07, 5.98741536351e-08, 6.26380654012e-08, 1.69619525536e-07, 4.05577189611e-08, 6.27802947406e-08, 4.4468951188e-08, 9.36346395974e-08, 5.56618076075e-08, 8.11641243104e-08, 1.34950184361e-08, 2.82501411153e-10],
        "dvar2": [9.12528093977e-07, 0.000334308482707, 0.000140797317727, 3.62256396329e-05, 3.91149042116e-05, 1.87433870451e-05, 2.02450100915e-05, 7.22003323972e-06, 5.09959272676e-06, 1.60217714438e-05, 2.73943169304e-06, 6.2401741161e-06, 2.85085161522e-06, 7.05267098056e-07, 6.09609173807e-07, 4.53664966926e-07, 1.45882466995e-07, 1.49449206788e-07, 4.36696808492e-07, 9.40554585327e-08, 1.2967876728e-07, 9.16658180472e-08, 2.01322393423e-07, 1.13308651351e-07, 1.97261314838e-07, 2.9403061319e-08, 6.91807777731e-10],
        "max": [0.0104178553447, 0.124218635261, 0.0533397197723, 0.0310978367925, 0.052235621959, 0.0315179489553, 0.0353948324919, 0.0497791692615, 0.0199967287481, 0.0473130345345, 0.0202457942069, 0.0290045291185, 0.0236187614501, 0.0107294311747, 0.0125152356923, 0.00822309870273, 0.00743234297261, 0.00732191698626, 0.00600265804678, 0.00353665882722, 0.00468716770411, 0.00320668867789, 0.00382832204923, 0.00433952361345, 0.00387077010237, 0.00226065260358, 0.000215445688809],
        "mean": [0.000951225636527, 0.0112953558564, 0.00185384310316, 0.000968711916357, 0.00461586937308, 0.00246832310222, 0.00300248572603, 0.00139594473876, 0.00138341006823, 0.00218141381629, 0.000719154719263, 0.00116693775635, 0.000689745997079, 0.000384855957236, 0.000294691475574, 0.000310799921863, 0.000191975588677, 0.000239033252001, 0.000283970060991, 0.000193228494027, 0.000204583338927, 0.000153512664838, 0.000171355044586, 0.000161914183991, 0.000110282184323, 5.13434206368e-05, 5.59072213946e-06],
        "median": [0.000180941919098, 0.00529057253152, 0.000330288952682, 0.00023375339515, 0.00244215712883, 0.00147890823428, 0.00152916251682, 0.000474361295346, 0.000481626833789, 0.000542704481632, 0.000202411145438, 0.000242575595621, 0.000240157591179, 0.000161773030413, 0.000115875634947, 0.000117584822874, 8.10488272691e-05, 9.78581228992e-05, 8.71779484442e-05, 7.55704531912e-05, 5.51948105567e-05, 4.34535941167e-05, 3.55949305231e-05, 4.37242924818e-05, 2.47715033765e-05, 1.0276096873e-05, 2.27190696478e-07],
        "min": [1.32712625995e-23, 4.94055254569e-23, 2.84035869139e-23, 4.05214220628e-24, 4.67649397944e-23, 7.48767838574e-23, 1.02951876469e-22, 2.20063572683e-23, 2.99953851583e-23, 1.99556896794e-23, 7.38685186463e-23, 8.44533469875e-23, 1.27668428486e-22, 1.02716076478e-22, 6.48924616808e-23, 2.3620527608e-22, 2.75154002165e-22, 2.02692622047e-22, 2.33223003205e-22, 2.90335523001e-22, 3.33849772109e-22, 6.05216661328e-22, 4.71888616542e-22, 6.11181913897e-22, 1.07341982069e-21, 1.73377318924e-21, 2.81857148914e-21],
        "var": [1.86944839697e-06, 0.000335791381076, 2.96712805721e-05, 7.40728773962e-06, 3.33382486133e-05, 9.19632839214e-06, 1.53167147801e-05, 5.75211470277e-06, 5.53897598365e-06, 2.34684866882e-05, 2.8787028441e-06, 9.18913428904e-06, 2.16946341425e-06, 4.82800658119e-07, 3.64433333289e-07, 3.21097871847e-07, 1.03350373593e-07, 1.3821311029e-07, 3.49773756625e-07, 8.73354082387e-08, 1.46694631553e-07, 7.53512168217e-08, 1.39718324021e-07, 9.87309505263e-08, 8.65784315351e-08, 1.79065775541e-08, 3.10899944678e-10]
    },
    "erbbands": {
        "dmean": [0.205105856061, 1.27586472034, 2.20749211311, 2.80518078804, 4.66187477112, 8.40062141418, 14.9942340851, 12.6455688477, 29.3663234711, 17.2258090973, 19.7742519379, 17.9616203308, 18.9083766937, 50.0586128235, 24.336107254, 18.5766086578, 21.8885974884, 13.9662246704, 11.1753530502, 10.3186912537, 10.2976942062, 7.07688236237, 7.39720201492, 8.06183242798, 7.94002771378, 5.13873815536, 4.89540624619, 3.71853709221, 3.40548205376, 4.09422111511, 3.43323087692, 2.36985778809, 1.67205643654, 1.02120041847, 0.556794643402, 0.222365438938, 0.0613831430674, 0.0116681680083, 0.000716495502274, 2.3271282771e-05],
        "dmean2": [0.262468010187, 1.85021078587, 3.82389521599, 5.15723896027, 8.03489017487, 13.8978490829, 24.6555271149, 20.7615642548, 47.0261421204, 26.5736675262, 28.786315918, 26.2900562286, 27.8006153107, 69.6555557251, 38.6774291992, 29.608839035, 36.3889465332, 22.0229492188, 18.2173290253, 16.5459575653, 16.9271793365, 11.3021240234, 12.0116119385, 13.714184761, 12.726776123, 8.00402164459, 7.29826784134, 5.70927715302, 5.16822528839, 6.05324745178, 5.14259958267, 3.52063393593, 2.43647694588, 1.55367171764, 0.849824011326, 0.330462485552, 0.087148912251, 0.0163100808859, 0.00112455023918, 3.34357719112e-05],
        "dvar": [0.170321658254, 10.815568924, 58.0030136108, 102.089294434, 129.611709595, 196.204956055, 700.00604248, 587.308227539, 1901.09106445, 893.277648926, 1353.83044434, 1032.63989258, 1124.09106445, 12248.609375, 2548.90917969, 1084.61218262, 2074.1262207, 833.596496582, 481.401245117, 993.513122559, 392.340942383, 203.39175415, 184.949920654, 269.195709229, 306.647247314, 90.1712341309, 139.144729614, 51.4544868469, 52.2186470032, 85.5274810791, 78.8139038086, 31.2703475952, 15.4686784744, 8.52079677582, 3.49804186821, 0.559444248676, 0.0400921702385, 0.00142437196337, 5.49098785996e-06, 2.40829267639e-09],
        "dvar2": [0.297945290804, 23.397190094, 159.104492188, 294.976226807, 364.842071533, 508.245544434, 1860.03149414, 1540.55786133, 5050.87792969, 2079.50683594, 2804.06738281, 2058.1706543, 2357.76000977, 20643.3535156, 6126.32861328, 2338.84936523, 5230.45458984, 1818.06958008, 1192.00390625, 2413.22241211, 1006.59002686, 487.863006592, 411.845489502, 724.057312012, 739.233947754, 206.88444519, 300.383056641, 114.920410156, 111.78175354, 171.464401245, 176.99671936, 65.1100921631, 31.418214798, 20.4966716766, 8.40254402161, 1.33456480503, 0.0861948207021, 0.00301126693375, 1.3453700376e-05, 5.37023403524e-09],
        "max": [3.91654801369, 30.7720546722, 62.6262245178, 90.9364700317, 133.980117798, 225.496658325, 288.149047852, 346.971069336, 555.823425293, 517.082946777, 777.43927002, 523.833862305, 562.81036377, 1799.30432129, 966.029052734, 599.816833496, 1112.66760254, 633.877868652, 569.293395996, 972.053588867, 369.472625732, 522.588195801, 437.116912842, 245.257553101, 311.135284424, 195.459838867, 206.054260254, 92.4258956909, 105.44871521, 162.955963135, 101.391723633, 102.783363342, 72.1552276611, 35.3314056396, 26.8418865204, 11.8548631668, 4.03114414215, 0.497272372246, 0.0338700115681, 0.00063302333001],
        "mean": [0.429807543755, 2.06913352013, 2.61748075485, 2.80599164963, 7.2549200058, 15.3325853348, 24.5279350281, 20.9622802734, 45.0095825195, 29.4377403259, 32.2311172485, 30.8991966248, 33.0247001648, 79.3716049194, 49.9944953918, 32.605594635, 32.3996391296, 20.7557449341, 16.0515613556, 16.8578338623, 16.9029884338, 11.6331615448, 12.1170091629, 14.4542589188, 13.061173439, 9.03270721436, 8.80145072937, 6.73797369003, 5.14327955246, 6.01144266129, 4.62877702713, 3.56521463394, 2.60054373741, 1.35403430462, 0.689150631428, 0.292325139046, 0.0838920176029, 0.0156961381435, 0.000814232043922, 5.87993017689e-05],
        "median": [0.162947699428, 0.815971553326, 0.835999965668, 0.849086999893, 2.09630346298, 7.04179573059, 14.2495965958, 12.1171369553, 23.1152076721, 16.5176944733, 13.6206932068, 11.8948745728, 13.6254005432, 21.7808952332, 14.5749149323, 10.9331789017, 12.0437431335, 9.44966602325, 7.33292961121, 6.23360967636, 6.94125175476, 5.1507358551, 5.6597328186, 4.93826436996, 4.8219871521, 3.57834672928, 2.26149177551, 2.02048635483, 1.48559236526, 1.51792824268, 0.918736457825, 0.791270017624, 0.725052237511, 0.331681728363, 0.151681035757, 0.067270539701, 0.0123297404498, 0.00123884994537, 6.20826758677e-05, 4.1050472646e-05],
        "min": [1.23321885677e-21, 1.15791811761e-20, 3.69518252487e-20, 1.79071694077e-20, 1.12191346586e-19, 1.58463248441e-19, 1.51099544456e-19, 9.04454274414e-19, 1.02721118604e-18, 1.3160303959e-18, 5.24944843351e-19, 6.79778319866e-19, 5.50215934847e-19, 1.28132789446e-18, 4.50960878786e-18, 2.8473606024e-18, 5.90332374759e-18, 4.62087988309e-18, 3.84924858457e-18, 6.623034987e-18, 1.44010027063e-17, 1.68129174431e-17, 1.13356591262e-17, 1.13803823004e-17, 1.23214458309e-17, 1.31989016539e-17, 1.53818718223e-17, 1.37799943799e-17, 2.36366314098e-17, 1.55335651661e-17, 1.44557372474e-17, 1.12216124264e-17, 1.18003030199e-17, 1.14022016706e-17, 7.78153617647e-18, 6.42486071021e-18, 3.15698381826e-18, 1.35790093434e-18, 4.15816301004e-19, 3.94302166914e-20],
        "var": [0.437002182007, 15.4787502289, 41.7264404297, 61.7952156067, 188.052688599, 454.255767822, 929.812866211, 756.015258789, 3559.0234375, 1815.88391113, 2538.6159668, 2632.46142578, 2975.41772461, 32489.3652344, 10524.4365234, 3945.61572266, 4505.74072266, 1492.77416992, 693.29864502, 1580.44458008, 922.859436035, 374.342498779, 403.404144287, 731.568969727, 516.500305176, 191.021820068, 318.009063721, 113.599830627, 84.12109375, 138.891204834, 110.798614502, 54.1423492432, 25.9969081879, 10.0081834793, 3.73026156425, 0.610637843609, 0.0537416599691, 0.00203689886257, 6.02563613938e-06, 4.23378843095e-09]
    },
    "gfcc": {
        "mean": [-13.6080265045, 95.278717041, -122.599319458, 14.2053899765, -71.7422103882, 5.81603336334, -40.7375488281, 5.57722616196, -23.1881732941, 3.0423514843, -7.91576433182, 4.94372701645, -3.91922140121],
        "cov": [[14333.0869141, -1321.13793945, 2920.22753906, 1810.19848633, 140.002746582, 1869.19445801, 402.914703369, 1212.27807617, -431.924255371, 655.016357422, -286.577026367, 480.462127686, -379.89642334], [-1321.13793945, 1742.97875977, -246.326843262, -279.188568115, 165.895614624, -351.537719727, 169.574920654, -233.082305908, 172.64553833, -195.362854004, 143.388015747, -158.205795288, 140.68963623], [2920.22753906, -246.326843262, 1890.58862305, 940.932495117, 388.526550293, 904.858947754, 236.350250244, 587.12701416, 22.3192863464, 291.506378174, -43.6419715881, 194.505447388, -99.9988098145], [1810.19848633, -279.188568115, 940.932495117, 828.553527832, 298.237823486, 545.11895752, 152.886962891, 370.935668945, 21.2471485138, 162.245864868, -26.7760677338, 105.821281433, -56.6267623901], [140.002746582, 165.895614624, 388.526550293, 298.237823486, 668.256225586, 374.773529053, 295.113983154, 241.959976196, 69.6767425537, 153.17805481, 80.9610671997, 123.610404968, -5.3219332695], [1869.19445801, -351.537719727, 904.858947754, 545.11895752, 374.773529053, 734.428710938, 238.640914917, 402.753448486, 16.1485004425, 244.373901367, -0.647045314312, 163.811584473, -77.0525131226], [402.914703369, 169.574920654, 236.350250244, 152.886962891, 295.113983154, 238.640914917, 389.101776123, 167.270187378, 26.1898574829, 115.376091003, 76.8240280151, 94.4804382324, 19.5762672424], [1212.27807617, -233.082305908, 587.12701416, 370.935668945, 241.959976196, 402.753448486, 167.270187378, 386.134368896, 36.9531097412, 182.001983643, 26.3392162323, 125.512916565, -30.2473278046], [-431.924255371, 172.64553833, 22.3192863464, 21.2471485138, 69.6767425537, 16.1485004425, 26.1898574829, 36.9531097412, 184.143417358, 39.3282928467, 49.5379905701, 0.910078942776, 40.6469345093], [655.016357422, -195.362854004, 291.506378174, 162.245864868, 153.17805481, 244.373901367, 115.376091003, 182.001983643, 39.3282928467, 201.428695679, 43.4084320068, 100.937294006, -8.15757083893], [-286.577026367, 143.388015747, -43.6419715881, -26.7760677338, 80.9610671997, -0.647045314312, 76.8240280151, 26.3392162323, 49.5379905701, 43.4084320068, 139.775588989, 49.2532463074, 32.7278823853], [480.462127686, -158.205795288, 194.505447388, 105.821281433, 123.610404968, 163.811584473, 94.4804382324, 125.512916565, 0.910078942776, 100.937294006, 49.2532463074, 155.691757202, 12.1970863342], [-379.89642334, 140.68963623, -99.9988098145, -56.6267623901, -5.3219332695, -77.0525131226, 19.5762672424, -30.2473278046, 40.6469345093, -8.15757083893, 32.7278823853, 12.1970863342, 102.761856079]],
        "icov": [[0.00018843934231, -0.000222786955419, 7.32543412596e-05, -0.000235226383666, 0.000411304383306, -0.00032649419154, 4.87037941639e-05, -0.000271085300483, 0.000497690751217, -0.000400210847147, 0.000400152348448, -0.000429131585406, 0.000325595960021], [-0.000222786955419, 0.00184237910435, -0.000924932421185, 0.000811967416666, -0.0012523723999, 0.00117406563368, -0.00111422862392, 0.000977693358436, -0.0015339513775, 0.00201537506655, -0.0018567313673, 0.00220869923942, -0.00138718576636], [7.32543412596e-05, -0.000924932421185, 0.00223755370826, -0.00137025571894, 0.000857130798977, -0.00180833309423, 0.000683072954416, -0.00111702107824, 0.000617333629634, -0.000862628570758, 0.00118418165948, -0.00119099905714, 0.00064055272378], [-0.000235226383666, 0.000811967416666, -0.00137025571894, 0.00376851251349, -0.00118052505422, -0.000126828264911, -0.000161655043485, -0.000619991216809, -0.000955873925705, 0.00171188719105, -0.000632211740594, 0.00154525449034, -0.00101403752342], [0.000411304383306, -0.0012523723999, 0.000857130798977, -0.00118052505422, 0.00413231132552, -0.00206799129955, -0.00075232895324, -0.00100834690966, 0.000823251495603, -0.00133541179821, 0.000922403647564, -0.0021913247183, 0.00146329286508], [-0.00032649419154, 0.00117406563368, -0.00180833309423, -0.000126828264911, -0.00206799129955, 0.00727678416297, -0.00149371591397, -0.000518691784237, -0.00125302386004, -0.000890740135219, 8.23182460863e-07, 0.000345016334904, 0.00122073944658], [4.87037941639e-05, -0.00111422862392, 0.000683072954416, -0.000161655043485, -0.00075232895324, -0.00149371591397, 0.00533045083284, -0.00113736570347, 0.00156696152408, -0.00145381304901, -0.000430917803897, -0.00105029030237, -0.00070136890281], [-0.000271085300483, 0.000977693358436, -0.00111702107824, -0.000619991216809, -0.00100834690966, -0.000518691784237, -0.00113736570347, 0.00893370248377, -0.00184519879986, -0.00135432521347, -0.00128612224944, -0.000198702284251, -0.000308695191052], [0.000497690751217, -0.0015339513775, 0.000617333629634, -0.000955873925705, 0.000823251495603, -0.00125302386004, 0.00156696152408, -0.00184519879986, 0.00923684425652, -0.00361692160368, -0.000344879401382, 0.000511888356414, -0.00161615817342], [-0.000400210847147, 0.00201537506655, -0.000862628570758, 0.00171188719105, -0.00133541179821, -0.000890740135219, -0.00145381304901, -0.00135432521347, -0.00361692160368, 0.0139957619831, -0.00354474014603, -0.000665101455525, -0.00124401354697], [0.000400152348448, -0.0018567313673, 0.00118418165948, -0.000632211740594, 0.000922403647564, 8.23182460863e-07, -0.000430917803897, -0.00128612224944, -0.000344879401382, -0.00354474014603, 0.0130126615986, -0.00549625465646, 0.000940286787227], [-0.000429131585406, 0.00220869923942, -0.00119099905714, 0.00154525449034, -0.0021913247183, 0.000345016334904, -0.00105029030237, -0.000198702284251, 0.000511888356414, -0.000665101455525, -0.00549625465646, 0.0151571072638, -0.00493484269828], [0.000325595960021, -0.00138718576636, 0.00064055272378, -0.00101403752342, 0.00146329286508, 0.00122073944658, -0.00070136890281, -0.000308695191052, -0.00161615817342, -0.00124401354697, 0.000940286787227, -0.00493484269828, 0.0147592769936]]
    },
    "melbands": {
        "dmean": [0.00166253605857, 0.0012314209016, 0.000520918227267, 0.000453727901913, 0.000498334586155, 0.000280667940388, 0.000431525608292, 0.000188047648408, 0.000154218229, 0.000116097369755, 0.000102616817458, 0.000221507420065, 7.70142505644e-05, 8.5206120275e-05, 4.82257455587e-05, 4.02936639148e-05, 2.54173228313e-05, 1.97481040232e-05, 1.38286904985e-05, 1.40915253724e-05, 1.20231225083e-05, 7.75277840148e-06, 7.2429447755e-06, 7.6371970863e-06, 6.79202457832e-06, 7.59591966926e-06, 4.72943293062e-06, 3.12608244712e-06, 3.58369902642e-06, 3.03509000332e-06, 2.00343606593e-06, 1.94365384232e-06, 2.20850029109e-06, 2.43509271058e-06, 2.13130442717e-06, 1.73449757312e-06, 1.41266775699e-06, 1.34077686198e-06, 9.93665821625e-07, 8.27022859085e-07],
        "dmean2": [0.00219902861863, 0.00188719877042, 0.000945013656747, 0.000753259810153, 0.000818818400148, 0.000462125375634, 0.000689441163559, 0.000285182672087, 0.000224114686716, 0.000170553277712, 0.000150338397361, 0.000309769704472, 0.00012243706442, 0.000133841764182, 7.92314458522e-05, 6.48909990559e-05, 4.04693128075e-05, 3.21728075505e-05, 2.21464615606e-05, 2.28561093536e-05, 1.99253827304e-05, 1.25496708279e-05, 1.1504493159e-05, 1.29598447529e-05, 1.16323026305e-05, 1.23445033751e-05, 7.4366021181e-06, 4.93515608468e-06, 5.40061500942e-06, 4.83677695229e-06, 3.07466893901e-06, 2.99574276141e-06, 3.46663955497e-06, 3.6193687265e-06, 3.26950703311e-06, 2.59653597823e-06, 2.13735347643e-06, 1.94327753889e-06, 1.5532366433e-06, 1.27453347432e-06],
        "dvar": [1.25170590763e-05, 1.26420545712e-05, 3.04436525767e-06, 7.83698396845e-07, 7.09146036115e-07, 2.63433634018e-07, 3.9411867192e-07, 1.11486826881e-07, 7.14402048629e-08, 4.5012651384e-08, 3.3303685143e-08, 2.38853374412e-07, 2.71602811353e-08, 3.73248205676e-08, 1.26825785429e-08, 5.17337284123e-09, 2.67503397211e-09, 1.50397483356e-09, 1.18531140458e-09, 1.37960309843e-09, 5.51380663349e-10, 2.71279165798e-10, 2.38232295002e-10, 1.60841159835e-10, 2.22316678955e-10, 4.03001326754e-10, 7.22748805249e-11, 3.57235456494e-11, 9.50220735429e-11, 4.71136671343e-11, 1.45021520834e-11, 1.75147587406e-11, 2.21822716445e-11, 3.37763358949e-11, 3.43619264986e-11, 1.66257858175e-11, 1.22840609212e-11, 1.00218904356e-11, 6.58976475817e-12, 6.26049732888e-12],
        "dvar2": [2.34739400184e-05, 3.0349694498e-05, 8.76510785019e-06, 2.03771082852e-06, 1.86449744888e-06, 6.87991587256e-07, 1.03813647456e-06, 2.54719680015e-07, 1.46971657955e-07, 9.04398476109e-08, 6.89594870096e-08, 4.06577811418e-07, 6.51134257623e-08, 7.96138550641e-08, 2.92605459862e-08, 1.24293348946e-08, 5.87056403489e-09, 3.61898355727e-09, 2.91986612666e-09, 3.56113205591e-09, 1.39988221015e-09, 6.68341548771e-10, 5.08625364048e-10, 4.40244812827e-10, 6.02002336869e-10, 1.02272568192e-09, 1.68810965206e-10, 8.44990327709e-11, 2.10883116525e-10, 1.13674104851e-10, 3.19125038895e-11, 3.84084604399e-11, 5.00230412648e-11, 6.97272448114e-11, 8.05655472891e-11, 3.58574871184e-11, 2.73374361343e-11, 2.04355404126e-11, 1.59847204917e-11, 1.51348013983e-11],
        "max": [0.0312364250422, 0.0301802232862, 0.015658410266, 0.0140558108687, 0.00951847061515, 0.00708566652611, 0.00824468396604, 0.00745825655758, 0.00511571252719, 0.0029187197797, 0.00298403552733, 0.00792039651424, 0.00325155304745, 0.00363389216363, 0.00294372881763, 0.00137801305391, 0.00107830425259, 0.00099678162951, 0.000946340383962, 0.000848386145663, 0.000553458870854, 0.000536885869224, 0.000489831087179, 0.000177959387656, 0.000229808298172, 0.000302555388771, 0.000140161733725, 0.000106977771793, 0.00018539300072, 0.000100617820863, 6.64417457301e-05, 7.43414493627e-05, 6.24663371127e-05, 0.000111934401502, 6.47664273856e-05, 5.34814571438e-05, 8.2905346062e-05, 6.52074377285e-05, 3.1825966289e-05, 3.18185448123e-05],
        "mean": [0.00344357453287, 0.00187647389248, 0.000567291863263, 0.00084315094864, 0.000841011467855, 0.00046386095346, 0.000669616856612, 0.000312111485982, 0.000253554200754, 0.000188761492609, 0.000172946383827, 0.000343837484252, 0.000146068952745, 0.000146089514601, 7.0079244324e-05, 5.79987718083e-05, 3.57229619112e-05, 2.66951556114e-05, 2.03356757993e-05, 2.20187139348e-05, 1.83064803423e-05, 1.15140610433e-05, 1.09013053589e-05, 1.17563804451e-05, 1.14939066407e-05, 1.15925186037e-05, 7.60179409554e-06, 5.1645770327e-06, 5.80310916121e-06, 5.27480142409e-06, 3.26283793584e-06, 2.79893924926e-06, 3.07422055812e-06, 3.42088401339e-06, 2.70224677479e-06, 2.36754635807e-06, 2.06704498851e-06, 2.00412773665e-06, 1.36496510095e-06, 1.04748960439e-06],
        "median": [0.00152438459918, 0.00081053096801, 0.000190749473404, 0.000279226689599, 0.00052267377032, 0.000266207382083, 0.000355897005647, 0.00016287973267, 0.000105787934444, 6.5871674451e-05, 6.56865959172e-05, 8.90862647793e-05, 4.23239107477e-05, 2.89594663627e-05, 2.15277141251e-05, 2.37746880885e-05, 1.51719013957e-05, 1.06834859253e-05, 8.01629903435e-06, 7.72993553255e-06, 7.38883500162e-06, 4.61188756162e-06, 4.24284644396e-06, 4.51357755082e-06, 3.49650099452e-06, 3.39466055266e-06, 3.18201955452e-06, 1.7619144046e-06, 1.32536877118e-06, 1.13836097171e-06, 1.12583290957e-06, 7.57315319788e-07, 8.43558609631e-07, 7.70727126564e-07, 5.0321824574e-07, 4.26917210916e-07, 4.73481577501e-07, 5.20233584211e-07, 3.53531390829e-07, 2.23707246505e-07],
        "min": [1.28944119121e-23, 1.86930894016e-23, 5.25013201493e-24, 1.18398618652e-23, 5.60124295979e-24, 1.77491810409e-23, 1.87268668478e-23, 1.25737391653e-23, 4.01186020745e-24, 4.50886506027e-24, 2.69832278657e-24, 4.20960673157e-24, 1.38918547404e-23, 1.05841783198e-23, 9.71580496848e-24, 1.2541141855e-23, 8.09449543759e-24, 6.4724995977e-24, 6.21437484318e-24, 1.0778739818e-23, 1.84889432433e-23, 1.90219465803e-23, 1.10122055695e-23, 8.78311657644e-24, 9.31799503576e-24, 8.53346734349e-24, 8.99402406148e-24, 8.66873805607e-24, 9.20744564622e-24, 8.79104068423e-24, 7.84454801521e-24, 1.4958940576e-23, 9.69988023339e-24, 8.02010900967e-24, 8.41583871619e-24, 6.57128588785e-24, 7.16621362256e-24, 7.03833611438e-24, 1.02412652175e-23, 9.84322730392e-24],
        "var": [2.89327890641e-05, 1.39739231599e-05, 1.93483901967e-06, 2.0105233034e-06, 9.94694005385e-07, 3.67959501091e-07, 7.30327599285e-07, 2.05831454991e-07, 1.42212741139e-07, 1.02435869564e-07, 8.88764120077e-08, 6.30183876638e-07, 8.81037891531e-08, 1.49505524405e-07, 3.53512277229e-08, 1.0929924521e-08, 4.50595827317e-09, 2.25854979163e-09, 1.74820924403e-09, 2.15993978259e-09, 1.14438691856e-09, 4.34460273313e-10, 5.37980382465e-10, 2.71460603996e-10, 6.01343419504e-10, 6.18815276798e-10, 1.40054953746e-10, 6.84142395513e-11, 1.76889683456e-10, 1.09272972615e-10, 2.76728865517e-11, 2.69902832722e-11, 3.3401930527e-11, 5.04981681471e-11, 4.23067275657e-11, 2.80123389762e-11, 1.89659243172e-11, 1.6620487972e-11, 7.94796086584e-12, 7.1313857597e-12]
    },
    "mfcc": {
        "mean": [-652.61138916, 126.667808533, 0.597187757492, 6.44089031219, -8.48422718048, -5.92317771912, -6.28949356079, -2.89867258072, -7.30415296555, -2.56231999397, -3.79725527763, -1.62470519543, 1.06488978863],
        "cov": [[8906.34667969, -939.040100098, 1272.20202637, 806.131408691, 583.990234375, 787.891052246, 923.679931641, 722.036865234, 424.290466309, 372.726776123, 264.289031982, 278.189605713, 180.278167725], [-939.040100098, 1724.51989746, -324.240814209, -26.9335403442, -82.3085021973, -98.5348892212, -14.2079534531, -64.8315811157, -21.3981533051, -83.1171264648, 32.0478515625, -36.5087928772, -4.3035402298], [1272.20202637, -324.240814209, 1219.06176758, 439.228851318, 431.226654053, 382.921295166, 311.122253418, 351.750854492, 236.5572052, 236.109481812, 163.718048096, 128.905395508, 98.7592010498], [806.131408691, -26.9335403442, 439.228851318, 494.906982422, 285.858642578, 233.624359131, 260.271636963, 236.187835693, 166.162475586, 124.337112427, 94.0102767944, 85.6185073853, 63.8621101379], [583.990234375, -82.3085021973, 431.226654053, 285.858642578, 515.61895752, 294.579376221, 244.843261719, 259.630554199, 181.143722534, 154.204803467, 137.699127197, 121.031867981, 85.4685668945], [787.891052246, -98.5348892212, 382.921295166, 233.624359131, 294.579376221, 419.851837158, 316.241363525, 246.582138062, 186.060058594, 137.620437622, 143.172485352, 109.609962463, 79.9963607788], [923.679931641, -14.2079534531, 311.122253418, 260.271636963, 244.843261719, 316.241363525, 495.94354248, 281.460174561, 191.695327759, 128.227752686, 155.674285889, 128.941390991, 90.1834640503], [722.036865234, -64.8315811157, 351.750854492, 236.187835693, 259.630554199, 246.582138062, 281.460174561, 311.73638916, 164.231277466, 130.187774658, 121.998252869, 104.611709595, 92.8752212524], [424.290466309, -21.3981533051, 236.5572052, 166.162475586, 181.143722534, 186.060058594, 191.695327759, 164.231277466, 216.210891724, 112.891448975, 101.658454895, 68.9821243286, 57.0580825806], [372.726776123, -83.1171264648, 236.109481812, 124.337112427, 154.204803467, 137.620437622, 128.227752686, 130.187774658, 112.891448975, 184.105865479, 81.5956344604, 75.4008483887, 48.6319656372], [264.289031982, 32.0478515625, 163.718048096, 94.0102767944, 137.699127197, 143.172485352, 155.674285889, 121.998252869, 101.658454895, 81.5956344604, 158.888015747, 74.5529708862, 52.1546974182], [278.189605713, -36.5087928772, 128.905395508, 85.6185073853, 121.031867981, 109.609962463, 128.941390991, 104.611709595, 68.9821243286, 75.4008483887, 74.5529708862, 133.923873901, 71.2124862671], [180.278167725, -4.3035402298, 98.7592010498, 63.8621101379, 85.4685668945, 79.9963607788, 90.1834640503, 92.8752212524, 57.0580825806, 48.6319656372, 52.1546974182, 71.2124862671, 124.576309204]],
