{
"lowlevel": {
    "average_loudness": 0.897154808044,
    "barkbands_crest": {
        "dmean": 2.49035978317,
        "dmean2": 3.7676012516,
        "dvar": 6.53969192505,
        "dvar2": 14.767209053,
        "max": 26.7280673981,
        "mean": 10.6685762405,
        "median": 9.3309135437,
        "min": 1.87177324295,
        "var": 27.4666595459
    },
    "barkbands_flatness_db": {
        "dmean": 0.0220631975681,
        "dmean2": 0.0323673635721,
        "dvar": 0.00095278111985,
        "dvar2": 0.00206032232381,
        "max": 0.596919119358,
        "mean": 0.138287171721,
        "median": 0.12035972625,
        "min": 0.0119298994541,
        "var": 0.00695572188124
    },
    "barkbands_kurtosis": {
        "dmean": 7.30525588989,
        "dmean2": 9.65741634369,
        "dvar": 1943.42944336,
        "dvar2": 3608.62890625,
        "max": 2263.10766602,
        "mean": 10.2987232208,
        "median": 1.754540205,
        "min": -1.92341446877,
        "var": 3380.47631836
    },
    "barkbands_skewness": {
        "dmean": 0.643280386925,
        "dmean2": 0.889945328236,
        "dvar": 1.54876244068,
        "dvar2": 2.37191653252,
        "max": 40.562625885,
        "mean": 1.71662127972,
        "median": 1.3531396389,
        "min": -5.40298080444,
        "var": 5.90155076981
    },
    "barkbands_spread": {
        "dmean": 5.81488847733,
        "dmean2": 8.92005348206,
        "dvar": 67.2555541992,
        "dvar2": 164.308853149,
        "max": 115.713546753,
        "mean": 25.0657444,
        "median": 22.7632141113,
        "min": 0.102756328881,
        "var": 260.09753418
    },
    "dissonance": {
        "dmean": 0.0200909841806,
        "dmean2": 0.0338323488832,
        "dvar": 0.000526038871612,
        "dvar2": 0.00143153953832,
        "max": 0.500000119209,
        "mean": 0.456946492195,
        "median": 0.467793285847,
        "min": 0.0711619406939,
        "var": 0.00175667135045
    },
    "dynamic_complexity": 3.01897764206,
    "erbbands_crest": {
        "dmean": 2.99560832977,
        "dmean2": 4.69084024429,
        "dvar": 9.26270675659,
        "dvar2": 20.203212738,
        "max": 33.6377258301,
        "mean": 10.1474628448,
        "median": 8.83039283752,
        "min": 2.14422607422,
        "var": 30.6137104034
    },
    "erbbands_flatness_db": {
        "dmean": 0.0160846076906,
        "dmean2": 0.0236601904035,
        "dvar": 0.000323203596054,
        "dvar2": 0.000652911665384,
        "max": 0.610975801945,
        "mean": 0.154122591019,
        "median": 0.135874271393,
        "min": 0.0383341982961,
        "var": 0.00703025003895
    },
    "erbbands_kurtosis": {
        "dmean": 1.34916818142,
        "dmean2": 2.08907961845,
        "dvar": 16.7234916687,
        "dvar2": 34.5236701965,
        "max": 261.030548096,
        "mean": 1.40792250633,
        "median": -0.0233336687088,
        "min": -1.81743979454,
        "var": 44.7851448059
    },
    "erbbands_skewness": {
        "dmean": 0.387426823378,
        "dmean2": 0.566497564316,
        "dvar": 0.201265648007,
        "dvar2": 0.436014950275,
        "max": 8.71248054504,
        "mean": 0.42667940259,
        "median": 0.391216278076,
        "min": -7.61158323288,
        "var": 0.806172013283
    },
    "erbbands_spread": {
        "dmean": 8.28601169586,
        "dmean2": 12.6008243561,
        "dvar": 100.436408997,
        "dvar2": 235.908111572,
        "max": 134.588195801,
        "mean": 41.2553253174,
        "median": 38.5594520569,
        "min": 0.30367732048,
        "var": 554.798461914
    },
    "hfc": {
        "dmean": 8.69161224365,
        "dmean2": 13.0844268799,
        "dvar": 169.175933838,
        "dvar2": 418.403289795,
        "max": 230.062835693,
        "mean": 33.1637382507,
        "median": 28.3381500244,
        "min": 1.11029886054e-16,
        "var": 734.378051758
    },
    "melbands_crest": {
        "dmean": 2.96065664291,
        "dmean2": 4.54215288162,
        "dvar": 8.94361400604,
        "dvar2": 21.9609241486,
        "max": 34.7540664673,
        "mean": 14.8389825821,
        "median": 13.3594493866,
        "min": 1.85343182087,
        "var": 44.5630149841
    },
    "melbands_flatness_db": {
        "dmean": 0.0261068809777,
        "dmean2": 0.0385914966464,
        "dvar": 0.00138060736936,
        "dvar2": 0.0031134611927,
        "max": 0.723780274391,
        "mean": 0.204521134496,
        "median": 0.181891351938,
        "min": 0.00488763535395,
        "var": 0.00935664307326
    },
    "melbands_kurtosis": {
        "dmean": 12.8960771561,
        "dmean2": 19.6690063477,
        "dvar": 2223.52905273,
        "dvar2": 4773.62548828,
        "max": 930.269104004,
        "mean": 24.5570678711,
        "median": 7.25909328461,
        "min": -1.86486172676,
        "var": 5506.97802734
    },
    "melbands_skewness": {
        "dmean": 0.821696937084,
        "dmean2": 1.20613062382,
        "dvar": 1.70378708839,
        "dvar2": 3.63560032845,
        "max": 23.1051979065,
        "mean": 2.84606766701,
        "median": 2.23741841316,
        "min": -4.32094144821,
        "var": 7.81183624268
    },
    "melbands_spread": {
        "dmean": 6.69978046417,
        "dmean2": 10.3486013412,
        "dvar": 101.796463013,
        "dvar2": 229.495498657,
        "max": 219.854537964,
        "mean": 23.9103603363,
        "median": 20.4282569885,
        "min": 0.21414463222,
        "var": 354.55657959
    },
    "pitch_salience": {
        "dmean": 0.0711980387568,
        "dmean2": 0.111228719354,
        "dvar": 0.00656777899712,
        "dvar2": 0.0159593578428,
        "max": 0.933144330978,
        "mean": 0.519488751888,
        "median": 0.540546238422,
        "min": 0.0189446397126,
        "var": 0.0232607610524
    },
    "silence_rate_20dB": {
        "dmean": 0,
        "dmean2": 0,
        "dvar": 0,
        "dvar2": 0,
        "max": 1,
        "mean": 1,
        "median": 1,
        "min": 1,
        "var": 0
    },
    "silence_rate_30dB": {
        "dmean": 0.00362886604853,
        "dmean2": 0.00725833047181,
        "dvar": 0.00361445103772,
        "dvar2": 0.00918572954834,
        "max": 1,
        "mean": 0.996866226196,
        "median": 1,
        "min": 0,
        "var": 0.00312511343509
    },
    "silence_rate_60dB": {
        "dmean": 0.0135257728398,
        "dmean2": 0.0270537771285,
        "dvar": 0.0133429700509,
        "dvar2": 0.0299515295774,
        "max": 1,
        "mean": 0.060943428427,
        "median": 0,
        "min": 0,
        "var": 0.0572373867035
    },
    "spectral_centroid": {
        "dmean": 241.76020813,
        "dmean2": 372.031463623,
        "dvar": 98055.671875,
        "dvar2": 227825.40625,
        "max": 11139.3837891,
        "mean": 1387.03955078,
        "median": 1362.99755859,
        "min": 119.051101685,
        "var": 422923.28125
    },
    "spectral_complexity": {
        "dmean": 3.92247414589,
        "dmean2": 6.16314744949,
        "dvar": 21.660615921,
        "dvar2": 51.4189605713,
        "max": 55,
        "mean": 20.2405567169,
        "median": 19,
        "min": 0,
        "var": 118.572120667
    },
    "spectral_decrease": {
        "dmean": 1.91862725707e-09,
        "dmean2": 2.86144485884e-09,
        "dvar": 6.52554761591e-18,
        "dvar2": 1.48398220213e-17,
        "max": 1.03453177e-20,
        "mean": -8.81153816579e-09,
        "median": -8.12380207549e-09,
        "min": -3.55174059052e-08,
        "var": 3.42500584636e-17
    },
    "spectral_energy": {
        "dmean": 0.00752087216824,
        "dmean2": 0.0111837657169,
        "dvar": 9.33184855967e-05,
        "dvar2": 0.000208424287848,
        "max": 0.1352635324,
        "mean": 0.0362648330629,
        "median": 0.0342144295573,
        "min": 1.04551348121e-20,
        "var": 0.000538187567145
    },
    "spectral_energyband_high": {
        "dmean": 0.000654618139379,
        "dmean2": 0.00101336056832,
        "dvar": 1.57370163834e-06,
        "dvar2": 3.98714882976e-06,
        "max": 0.0223089102656,
        "mean": 0.00186735845637,
        "median": 0.000882264226675,
        "min": 7.52190712353e-21,
        "var": 5.44027443539e-06
    },
    "spectral_energyband_low": {
        "dmean": 0.00518569769338,
        "dmean2": 0.00793902389705,
        "dvar": 0.000105352606624,
        "dvar2": 0.000244325958192,
        "max": 0.134925201535,
        "mean": 0.0157013311982,
        "median": 0.00654192548245,
        "min": 3.73185418691e-23,
        "var": 0.000442053220468
    },
    "spectral_energyband_middle_high": {
        "dmean": 0.00216657225974,
        "dmean2": 0.0032671217341,
        "dvar": 8.9375571406e-06,
        "dvar2": 1.9489958504e-05,
        "max": 0.0567654184997,
        "mean": 0.00622903835028,
        "median": 0.00425609387457,
        "min": 1.34626179145e-21,
        "var": 4.46068806923e-05
    },
    "spectral_energyband_middle_low": {
        "dmean": 0.00429850490764,
        "dmean2": 0.00627386244014,
        "dvar": 3.37176061294e-05,
        "dvar2": 8.04795854492e-05,
        "max": 0.0829077959061,
        "mean": 0.0134862978011,
        "median": 0.0115185687318,
        "min": 1.6184878701e-22,
        "var": 0.000112495326903
    },
    "spectral_entropy": {
        "dmean": 0.14630100131,
        "dmean2": 0.219477534294,
        "dvar": 0.0414296239614,
        "dvar2": 0.0975998193026,
        "max": 9.80692100525,
        "mean": 7.64452600479,
        "median": 7.79804325104,
        "min": 3.89462924004,
        "var": 0.4549446702
    },
    "spectral_flux": {
        "dmean": 0.0242901146412,
        "dmean2": 0.0368394143879,
        "dvar": 0.000843483547214,
        "dvar2": 0.00151366251521,
        "max": 0.326402902603,
        "mean": 0.0862424522638,
        "median": 0.0804032087326,
        "min": 6.53914977722e-11,
        "var": 0.00264421128668
    },
    "spectral_kurtosis": {
        "dmean": 2.88657951355,
        "dmean2": 4.82260036469,
        "dvar": 173.87538147,
        "dvar2": 487.863250732,
        "max": 592.999267578,
        "mean": 9.32230377197,
        "median": 3.04471158981,
        "min": -1.2717359066,
        "var": 1190.15625
    },
    "spectral_rms": {
        "dmean": 0.000615300668869,
        "dmean2": 0.000901071645785,
        "dvar": 5.14509792993e-07,
        "dvar2": 1.07075197775e-06,
        "max": 0.0114875771105,
        "mean": 0.00553955184296,
        "median": 0.0057775368914,
        "min": 3.19376448031e-12,
        "var": 4.69367751066e-06
    },
    "spectral_rolloff": {
        "dmean": 587.979125977,
        "dmean2": 994.338806152,
        "dvar": 1376862.25,
        "dvar2": 3380644,
        "max": 18884.6191406,
        "mean": 1685.96105957,
        "median": 1108.95996094,
        "min": 64.599609375,
        "var": 3745495.75
    },
    "spectral_skewness": {
        "dmean": 0.233537271619,
        "dmean2": 0.37820109725,
        "dvar": 0.238280683756,
        "dvar2": 0.656350851059,
        "max": 19.1608276367,
        "mean": 1.81246197224,
        "median": 1.46151411533,
        "min": -0.176158502698,
        "var": 2.49846553802
    },
    "spectral_spread": {
        "dmean": 496856.84375,
        "dmean2": 722076.4375,
        "dvar": 537531416576,
        "dvar2": 905616621568,
        "max": 41320628,
        "mean": 5596253.5,
        "median": 5537374,
        "min": 129500.359375,
        "var": 6.04142672282e+12
    },
    "spectral_strongpeak": {
        "dmean": 0.653708636761,
        "dmean2": 1.0911283493,
        "dvar": 1.34074771404,
        "dvar2": 3.32791614532,
        "max": 21.9601745605,
        "mean": 1.21248459816,
        "median": 0.593267440796,
        "min": 0,
        "var": 2.33889698982
    },
    "zerocrossingrate": {
        "dmean": 0.0114122908562,
        "dmean2": 0.0132136782631,
        "dvar": 0.000224501229241,
        "dvar2": 0.00023944642453,
        "max": 0.80078125,
        "mean": 0.0725846216083,
        "median": 0.06298828125,
        "min": 0.00244140625,
        "var": 0.00248871743679
    },
    "barkbands": {
        "dmean": [0.000196235996555, 0.00394122069702, 0.00263353227638, 0.00113831914496, 0.00128143862821, 0.00097087334143, 0.000978231197223, 0.0011156455148, 0.0013695488451, 0.000426192884333, 0.000567699898966, 0.000410202308558, 0.000488184508868, 0.000453994172858, 0.000527640571818, 0.000307316338876, 0.000342307146639, 0.000221951529966, 0.000145309255458, 0.000201957853278, 0.000107491592644, 0.000115257993457, 0.000132038985612, 0.000141384647577, 0.000135122216307, 8.14245722722e-05, 3.14839562634e-05],
        "dmean2": [0.000258765678154, 0.00548287387937, 0.00451350724325, 0.00196865387261, 0.00195960351266, 0.00149550824426, 0.00138790381607, 0.00161133881193, 0.00197601132095, 0.000650460191537, 0.000870151037816, 0.000625038985163, 0.000764064840041, 0.000703685160261, 0.000829840311781, 0.000511125428602, 0.000566347152926, 0.000369865098037, 0.000234651059145, 0.000329166039592, 0.000177118490683, 0.000191271537915, 0.000212801634916, 0.000225485811825, 0.000216493790504, 0.000127494960907, 5.21811671206e-05],
        "dvar": [1.70504833363e-07, 6.58812859911e-05, 6.49990906822e-05, 9.56041276368e-06, 5.03314913658e-06, 3.40294013768e-06, 2.95717450172e-06, 4.69726546726e-06, 6.2202020672e-06, 1.21589198443e-06, 2.57975989371e-06, 1.76530375029e-06, 1.76548837771e-06, 1.17992351534e-06, 1.8303651359e-06, 5.76616571379e-07, 7.20144726074e-07, 1.9774302018e-07, 5.70373401843e-08, 1.2573364927e-07, 3.84547860222e-08, 6.17114963575e-08, 5.501113165e-08, 9.58992103506e-08, 8.51203125762e-08, 2.75649334469e-08, 4.95043428472e-09],
        "dvar2": [2.73173725418e-07, 0.000104265454866, 0.000179504044354, 2.7608621167e-05, 1.22329047372e-05, 8.0687505033e-06, 5.97759708398e-06, 9.76797218755e-06, 1.23264808281e-05, 2.55943336924e-06, 5.63279172638e-06, 3.74631872546e-06, 4.04816682931e-06, 2.44592729359e-06, 3.98694828618e-06, 1.48820072354e-06, 1.9463868739e-06, 5.08333187099e-07, 1.45877351088e-07, 3.23262042912e-07, 1.04525462064e-07, 1.69733425537e-07, 1.36367162895e-07, 2.33054336718e-07, 1.99528415123e-07, 6.65836239477e-08, 1.26879164952e-08],
        "max": [0.00654573971406, 0.112201601267, 0.0862315297127, 0.0543315261602, 0.0332771539688, 0.0633957460523, 0.0462415292859, 0.0489272326231, 0.0529456697404, 0.0275762379169, 0.0334238484502, 0.0366283990443, 0.0401475280523, 0.0260446108878, 0.0483432747424, 0.0161242820323, 0.0262689460069, 0.00956535805017, 0.00430232239887, 0.00723479548469, 0.00313487276435, 0.00825324468315, 0.00553354946896, 0.00849398225546, 0.00750228110701, 0.00218463479541, 0.00132453197148],
        "mean": [0.000448346341727, 0.0106703657657, 0.00373284728266, 0.00165231816936, 0.00260418443941, 0.00193271529861, 0.00220603332855, 0.00208640214987, 0.00263856584206, 0.00073495565448, 0.000882368243765, 0.000624644744676, 0.000742090807762, 0.000694787653629, 0.000843897811137, 0.000474458676763, 0.000564837828279, 0.000357116165105, 0.000280794134596, 0.000399271637434, 0.000224292627536, 0.000240316949203, 0.000308361195493, 0.00032370002009, 0.00033827641164, 0.000216195257963, 4.2699964979e-05],
        "median": [3.7489902752e-05, 0.00207803864032, 0.00121788750403, 0.000707931700163, 0.0014341006754, 0.00100051134359, 0.000902603089344, 0.000735562003683, 0.0010452051647, 0.000230858888244, 0.000199512316613, 0.000191989034647, 0.000257076375419, 0.000241063520662, 0.000268230069196, 0.000181105482625, 0.000223196839215, 0.000147690196172, 0.000161670512171, 0.000210581391002, 8.53165111039e-05, 9.44997664192e-05, 0.000174333879841, 0.000107483923784, 8.05102026789e-05, 3.742260742e-05, 1.60318415965e-06],
        "min": [2.46256618301e-24, 1.46328380996e-23, 2.98088388813e-24, 1.456034691e-24, 1.65314101506e-23, 2.18085188419e-23, 3.24786530236e-23, 3.05679908904e-23, 1.72886251117e-23, 4.98145151264e-23, 5.14920877947e-23, 5.87162235293e-23, 6.33218269968e-23, 5.52236838664e-23, 7.86790997315e-23, 4.16455385975e-23, 7.63166064707e-23, 1.64219446559e-22, 1.86960413191e-22, 2.65319696089e-22, 3.27699383352e-22, 2.93031508787e-22, 5.02606229102e-22, 8.30075744697e-22, 8.26449559375e-22, 1.43231452553e-21, 2.41125006484e-21],
        "var": [8.736914765e-07, 0.000318596459692, 5.32913072675e-05, 8.4420416897e-06, 1.1272573829e-05, 8.27867097541e-06, 1.25415181174e-05, 1.27283765323e-05, 1.86731576832e-05, 2.87923217002e-06, 6.17233172306e-06, 3.72847216568e-06, 3.31930914399e-06, 2.62266939899e-06, 3.86549299947e-06, 9.71072495304e-07, 1.37636175168e-06, 3.40640269769e-07, 1.3060453341e-07, 3.08361279622e-07, 8.84434356863e-08, 1.29059017695e-07, 1.72089727357e-07, 2.54021756518e-07, 2.78990910374e-07, 9.65010755749e-08, 9.20607057253e-09]
    },
    "erbbands": {
        "dmean": [0.136260464787, 0.914306163788, 2.77152276039, 3.45931625366, 3.45767116547, 5.20306825638, 6.12423563004, 8.41570663452, 10.1018724442, 18.3100776672, 27.6479148865, 27.4701271057, 25.3779850006, 13.1779174805, 20.6232089996, 16.8160171509, 20.3615074158, 23.3859844208, 28.7674179077, 19.3428134918, 18.8393440247, 15.4749660492, 12.6303453445, 6.42303180695, 9.20564460754, 9.92648410797, 4.73439598083, 4.15817022324, 4.11474704742, 4.59374237061, 3.48587393761, 2.90764045715, 2.60078430176, 1.75888562202, 0.920208871365, 0.425937891006, 0.14646576345, 0.0447545871139, 0.00489057879895, 7.19049639883e-05],
        "dmean2": [0.165973871946, 1.32960212231, 4.63621473312, 5.95709133148, 5.61009168625, 7.82288980484, 9.3473033905, 12.9767465591, 14.8120260239, 26.0357532501, 39.3510169983, 40.0226593018, 36.6518630981, 19.7480201721, 31.5204601288, 25.7697753906, 31.5475063324, 36.0346946716, 44.4232978821, 31.1586475372, 31.1760139465, 25.5445709229, 20.9602718353, 10.4762144089, 14.7246341705, 16.0592250824, 7.84601640701, 6.87547540665, 6.83886480331, 7.59604358673, 5.5820775032, 4.64541435242, 4.20417737961, 2.84387850761, 1.47453892231, 0.679941952229, 0.233134627342, 0.0711689814925, 0.00812700390816, 0.00011617893324],
        "dvar": [0.0868479385972, 3.97202253342, 71.2381057739, 84.8168029785, 54.1368103027, 101.440681458, 150.09487915, 308.728424072, 397.339019775, 1248.16638184, 2906.59570312, 2709.07275391, 2759.6328125, 1098.43041992, 2997.36865234, 2509.33740234, 2969.05102539, 3494.44628906, 5834.47363281, 2310.87890625, 2330.78540039, 1284.30395508, 602.837219238, 110.765838623, 251.223358154, 305.534484863, 71.5065231323, 66.068862915, 90.0147094727, 80.350151062, 39.6734542847, 36.4463806152, 34.5098724365, 15.4064836502, 3.64246821404, 0.716909766197, 0.0906401723623, 0.00862338207662, 0.000129985332023, 2.34803732013e-08],
        "dvar2": [0.0927977263927, 7.25326061249, 193.346832275, 236.831680298, 151.562652588, 228.995834351, 358.072631836, 754.627746582, 858.573913574, 2472.16015625, 5851.5703125, 5856.23535156, 5354.01611328, 2364.64599609, 6335.44189453, 5389.93652344, 6718.16210938, 7199.37304688, 12383.0283203, 5411.05322266, 6641.72167969, 3415.69873047, 1567.88037109, 283.491271973, 632.83026123, 774.808044434, 198.91859436, 177.878570557, 252.946868896, 218.235229492, 95.7522659302, 88.600440979, 86.5268554688, 36.9552268982, 8.65630817413, 1.76103138924, 0.224579185247, 0.0209405701607, 0.000334121374181, 5.8672227965e-08],
        "max": [4.49611616135, 26.4483261108, 93.497543335, 122.812522888, 133.780487061, 198.511367798, 311.18963623, 654.301025391, 642.298461914, 716.711486816, 1287.81848145, 1623.78662109, 1115.19555664, 937.827026367, 1647.67419434, 1367.16748047, 1708.80334473, 1467.44946289, 2985.88598633, 1821.84594727, 1067.73925781, 908.499755859, 570.110229492, 240.292358398, 393.604675293, 419.393707275, 99.5230255127, 205.272537231, 296.688262939, 167.992370605, 152.466644287, 186.324295044, 125.141784668, 94.3698883057, 57.4431648254, 18.0103683472, 4.0955696106, 1.64359712601, 0.245591416955, 0.00336724845693],
        "mean": [0.407449036837, 2.02027893066, 4.08904886246, 5.19516897202, 6.51483917236, 9.88247394562, 11.9074583054, 16.282087326, 22.8171291351, 40.3574409485, 53.405708313, 55.1187362671, 48.1665802002, 24.4318828583, 34.8068733215, 27.3273620605, 34.1402397156, 38.3482589722, 45.7121353149, 32.1263389587, 30.828742981, 28.0148906708, 22.061044693, 13.2064599991, 18.3500003815, 19.6453456879, 9.62107086182, 8.91115188599, 8.34851551056, 9.61062717438, 8.34577560425, 6.54229736328, 5.57743692398, 4.03966188431, 2.24905705452, 1.0594701767, 0.369833111763, 0.0895179063082, 0.00660869991407, 0.000156490685185],
        "median": [0.0536306649446, 0.509207963943, 1.60093951225, 2.43750905991, 3.83835887909, 4.6359910965, 5.44181966782, 8.16218566895, 10.9534320831, 15.1575965881, 21.7635555267, 24.9883804321, 16.1115665436, 9.60920333862, 10.0409212112, 10.3090543747, 12.8982534409, 13.6585273743, 14.5176420212, 13.4848098755, 11.4959125519, 12.0428771973, 9.89007472992, 7.25610256195, 10.3283195496, 10.3853988647, 5.0918302536, 2.77242541313, 2.96591496468, 4.95026683807, 4.63981676102, 2.38485312462, 1.74591016769, 1.06799817085, 0.451939404011, 0.199515923858, 0.0611887648702, 0.00906223058701, 0.000303116423311, 6.16360921413e-05],
        "min": [3.43016285341e-22, 2.35976796718e-21, 6.09475884176e-21, 7.43549663788e-21, 1.2656595233e-20, 4.18445145614e-20, 8.59127103292e-20, 1.37866257318e-19, 4.46907538688e-19, 3.20147512337e-19, 9.39371015636e-19, 3.97602714493e-19, 1.31117774084e-18, 2.16248235217e-18, 2.97225556912e-18, 2.38842260059e-18, 2.62151920207e-18, 2.87864002368e-18, 3.46966077814e-18, 4.82326326843e-18, 3.51745279239e-18, 5.09059025802e-18, 8.59774175666e-18, 7.29260791436e-18, 9.78713317892e-18, 1.23726648545e-17, 1.23159715496e-17, 1.43724997168e-17, 1.21309105671e-17, 1.3061890766e-17, 1.4305410406e-17, 1.44606804788e-17, 1.35451453963e-17, 7.88891828205e-18, 6.95656992642e-18, 4.30464004951e-18, 2.8729173814e-18, 9.91493216997e-19, 3.28940106207e-19, 3.28749137345e-20],
        "var": [0.547593474388, 11.9891319275, 61.5976257324, 73.4811019897, 75.9951324463, 218.812057495, 418.7684021, 681.198913574, 1619.28710938, 4476.16601562, 7858.58154297, 7725.6328125, 7801.76025391, 2794.9230957, 7662.16992188, 4786.92675781, 6541.84716797, 8009.94824219, 12001.8818359, 4346.86669922, 4026.80517578, 2896.15893555, 1183.77978516, 268.9140625, 631.409179688, 746.491149902, 138.696807861, 158.583358765, 162.710464478, 184.957687378, 132.137832642, 98.1674118042, 80.7876434326, 42.4240684509, 12.4494047165, 2.30764603615, 0.29605358839, 0.0242347419262, 0.000235074519878, 5.63130093667e-08]
    },
    "gfcc": {
        "mean": [12.8143157959, 77.347618103, -107.994743347, 17.7292575836, -59.1048583984, 13.5288476944, -39.9878044128, 13.9151363373, -20.0233230591, 4.77853536606, -17.2472724915, -5.62577676773, -14.6938562393],
        "cov": [[13408.5419922, -3992.65380859, 1375.72363281, 1509.19274902, -70.1090545654, 1009.15338135, -129.324920654, 665.141662598, -426.835540771, 505.705169678, -424.936584473, 779.546203613, -268.479125977], [-3992.65380859, 3239.58374023, -579.923706055, -594.537536621, 320.242584229, -424.31842041, 110.564048767, -261.543670654, 251.271469116, -253.252593994, 317.686401367, -473.805358887, 108.372612], [1375.72363281, -579.923706055, 1298.81311035, 324.583557129, 301.60345459, 342.68157959, 167.033660889, 268.440948486, 46.0452003479, 189.672805786, -109.351745605, 185.215148926, -46.445854187], [1509.19274902, -594.537536621, 324.583557129, 847.981018066, 151.153274536, 326.421722412, 79.6905136108, 117.368103027, 1.89907431602, 117.003440857, 8.93359375, 153.702697754, 3.89154005051], [-70.1090545654, 320.242584229, 301.60345459, 151.153274536, 527.318115234, 185.273178101, 222.08581543, 151.194290161, 122.522239685, 78.5805053711, 61.0441093445, 31.2496185303, 39.5812492371], [1009.15338135, -424.31842041, 342.68157959, 326.421722412, 185.273178101, 435.338012695, 170.518295288, 145.387161255, 17.5517234802, 129.499786377, 14.6850233078, 125.247505188, -1.10679483414], [-129.324920654, 110.564048767, 167.033660889, 79.6905136108, 222.08581543, 170.518295288, 296.983703613, 126.61995697, 85.6414871216, 54.8924026489, 39.048789978, 33.665763855, 28.4493694305], [665.141662598, -261.543670654, 268.440948486, 117.368103027, 151.194290161, 145.387161255, 126.61995697, 244.469360352, 75.2804336548, 91.8314819336, -28.4546260834, 88.5295333862, 7.63426780701], [-426.835540771, 251.271469116, 46.0452003479, 1.89907431602, 122.522239685, 17.5517234802, 85.6414871216, 75.2804336548, 177.298416138, 50.6563148499, 31.1605796814, -17.5717582703, 25.365228653], [505.705169678, -253.252593994, 189.672805786, 117.003440857, 78.5805053711, 129.499786377, 54.8924026489, 91.8314819336, 50.6563148499, 151.614700317, 12.1334533691, 67.4988174438, -15.3995504379], [-424.936584473, 317.686401367, -109.351745605, 8.93359375, 61.0441093445, 14.6850233078, 39.048789978, -28.4546260834, 31.1605796814, 12.1334533691, 147.774780273, -10.8028450012, 23.1435279846], [779.546203613, -473.805358887, 185.215148926, 153.702697754, 31.2496185303, 125.247505188, 33.665763855, 88.5295333862, -17.5717582703, 67.4988174438, -10.8028450012, 189.198760986, 21.9750461578], [-268.479125977, 108.372612, -46.445854187, 3.89154005051, 39.5812492371, -1.10679483414, 28.4493694305, 7.63426780701, 25.365228653, -15.3995504379, 23.1435279846, 21.9750461578, 92.8138427734]],
        "icov": [[0.000177286681719, 7.13764438842e-06, 3.72778631572e-05, -0.000156948604854, 1.1802147128e-05, -0.000157729387865, 0.000233782819123, -0.000397322670324, 0.000412421009969, -0.000219142995775, 0.000261746230535, -0.000282438035356, 0.00033637220622], [7.13764438842e-06, 0.00119228207041, -0.000202340132091, 0.000296656828141, -0.000711850472726, 0.000447116704891, -0.000202496128622, 0.000551838020328, -0.00107195461169, 0.00132393965032, -0.00194894243032, 0.00190067698713, -0.000611024559475], [3.72778631572e-05, -0.000202340132091, 0.00143666390795, -0.000143212921103, -0.00050485774409, -0.000449585553724, 8.27365875011e-05, -0.000552067183889, 0.000357812998118, -0.000909931026399, 0.0015247259289, -0.000985788414255, 0.000903460662812], [-0.000156948604854, 0.000296656828141, -0.000143212921103, 0.00198863726109, -0.000401126861107, -0.000930939801037, 0.000215095948079, 0.000561737921089, -0.000666807289235, 0.000455574016087, -0.000824379210826, 7.78400353738e-05, -0.000462653057184], [1.1802147128e-05, -0.000711850472726, -0.00050485774409, -0.000401126861107, 0.00399497617036, -0.000604406639468, -0.00122685462702, -0.00113816943485, -0.000225551062613, -0.000550969562028, -0.000113084955956, -0.000287569448119, -0.000545215909369], [-0.000157729387865, 0.000447116704891, -0.000449585553724, -0.000930939801037, -0.000604406639468, 0.00568062160164, -0.00238817045465, 0.000192647377844, 0.0007688611513, -0.00151482014917, -0.00131192919798, 0.00021273465245, -0.000307295180392], [0.000233782819123, -0.000202496128622, 8.27365875011e-05, 0.000215095948079, -0.00122685462702, -0.00238817045465, 0.00688877189532, -0.00242616073228, -0.000514598970767, 0.000588459486607, -0.000337050732924, -0.000300883781165, -7.86311211414e-05], [-0.000397322670324, 0.000551838020328, -0.000552067183889, 0.000561737921089, -0.00113816943485, 0.000192647377844, -0.00242616073228, 0.0098937144503, -0.00388748198748, -0.000593954056967, 0.00113663705997, -0.00103114719968, -0.00075134699], [0.000412421009969, -0.00107195461169, 0.000357812998118, -0.000666807289235, -0.000225551062613, 0.0007688611513, -0.000514598970767, -0.00388748198748, 0.0115818912163, -0.00543793849647, 0.00144568248652, 0.000497092260048, -0.00131115689874], [-0.000219142995775, 0.00132393965032, -0.000909931026399, 0.000455574016087, -0.000550969562028, -0.00151482014917, 0.000588459486607, -0.000593954056967, -0.00543793849647, 0.0146055445075, -0.0045376913622, -0.000263090478256, 0.00253440672532], [0.000261746230535, -0.00194894243032, 0.0015247259289, -0.000824379210826, -0.000113084955956, -0.00131192919798, -0.000337050732924, 0.00113663705997, 0.00144568248652, -0.0045376913622, 0.0130941430107, -0.00391077203676, 0.0003856367548], [-0.000282438035356, 0.00190067698713, -0.000985788414255, 7.78400353738e-05, -0.000287569448119, 0.00021273465245, -0.000300883781165, -0.00103114719968, 0.000497092260048, -0.000263090478256, -0.00391077203676, 0.0131136449054, -0.00553983263671], [0.00033637220622, -0.000611024559475, 0.000903460662812, -0.000462653057184, -0.000545215909369, -0.000307295180392, -7.86311211414e-05, -0.00075134699, -0.00131115689874, 0.00253440672532, 0.0003856367548, -0.00553983263671, 0.0152412876487]]
    },
    "melbands": {
        "dmean": [0.00112883071415, 0.0012874994427, 0.000570328731555, 0.000298450991977, 0.000207709439564, 0.000184301970876, 0.000166176818311, 0.000195038359379, 0.000222202434088, 0.000186056975508, 0.000127063278342, 5.11898979312e-05, 8.50473879836e-05, 4.77398789371e-05, 4.1270723159e-05, 4.97860528412e-05, 4.21067379648e-05, 4.76022905787e-05, 2.85935348074e-05, 2.19759276661e-05, 2.49200656981e-05, 1.80822444236e-05, 1.4757549252e-05, 1.28850824694e-05, 4.70820850751e-06, 6.32556566416e-06, 8.31522720546e-06, 6.86651446813e-06, 3.19215450872e-06, 2.72745137408e-06, 2.66310689767e-06, 2.48615629062e-06, 2.52634868048e-06, 2.88459409603e-06, 2.22718472287e-06, 1.94384028873e-06, 1.88503440768e-06, 2.08152505365e-06, 1.58716170517e-06, 1.62418166383e-06],
        "dmean2": [0.00143069669139, 0.00199711415917, 0.00096362066688, 0.000456825015135, 0.000312034593662, 0.000283838249743, 0.000240316978307, 0.000279609725112, 0.000318176083965, 0.0002700916084, 0.000183170210221, 7.73470310378e-05, 0.00013026909437, 7.18227602192e-05, 6.516873691e-05, 7.69472753746e-05, 6.51711961837e-05, 7.36766451155e-05, 4.51991945738e-05, 3.57596982212e-05, 4.15989452449e-05, 3.00523352053e-05, 2.44883158302e-05, 2.16173248191e-05, 7.70391034166e-06, 1.02108870124e-05, 1.35297441375e-05, 1.11887775347e-05, 5.31223759026e-06, 4.64157710667e-06, 4.41620932179e-06, 4.17196724811e-06, 4.23859410148e-06, 4.80681683257e-06, 3.62221703654e-06, 3.09922370434e-06, 3.06181073029e-06, 3.45140733771e-06, 2.5357035156e-06, 2.67914992946e-06],
        "dvar": [5.2623040574e-06, 1.07838777694e-05, 2.04794810088e-06, 2.83730656747e-07, 1.5221937133e-07, 1.37762597774e-07, 9.42406188642e-08, 1.2832754237e-07, 1.69167435615e-07, 1.23327964729e-07, 7.01475144638e-08, 1.83936652576e-08, 5.4665278526e-08, 2.51755221115e-08, 1.03670600993e-08, 1.68977933868e-08, 1.08890478856e-08, 1.57919526345e-08, 5.36985123034e-09, 2.89326096414e-09, 4.78350470345e-09, 1.81951775868e-09, 1.32073063597e-09, 7.85596088182e-10, 6.63444715832e-11, 1.09534027681e-10, 2.51105275462e-10, 1.51727144737e-10, 3.13372314209e-11, 2.94318909522e-11, 2.79231134742e-11, 3.35818282904e-11, 2.80950106929e-11, 2.9661231804e-11, 1.59289456625e-11, 1.3198235907e-11, 1.57632257941e-11, 2.28579620509e-11, 1.25141268875e-11, 1.2607053422e-11],
        "dvar2": [6.56986276226e-06, 2.78744828393e-05, 5.653070275e-06, 7.09083622041e-07, 3.54399617208e-07, 3.31637608042e-07, 1.9994003253e-07, 2.64646303094e-07, 3.40436855595e-07, 2.5683297622e-07, 1.35488676278e-07, 3.9276901731e-08, 1.18805004945e-07, 5.10131421549e-08, 2.35954296102e-08, 3.72713451213e-08, 2.22917453385e-08, 3.32648610879e-08, 1.13587184103e-08, 6.5113026082e-09, 1.41586031788e-08, 4.98000130023e-09, 3.24789795059e-09, 2.05872718873e-09, 1.70055691751e-10, 2.79016892923e-10, 6.39046981998e-10, 3.85433962524e-10, 8.63659491146e-11, 8.23800264116e-11, 7.47547579394e-11, 9.46785497224e-11, 7.81803649597e-11, 7.97469312808e-11, 3.98776185684e-11, 3.15332759904e-11, 3.93877777616e-11, 6.03975897073e-11, 2.84136481704e-11, 3.20899695705e-11],
        "max": [0.0347153134644, 0.0406120195985, 0.0212718844414, 0.00928621459752, 0.00883893575519, 0.0135753974319, 0.0102826459333, 0.00651771761477, 0.00929772108793, 0.01041012723, 0.00552142830566, 0.00400710245594, 0.00527786416933, 0.00479773618281, 0.00318471598439, 0.00410902546719, 0.002678780118, 0.00451715989038, 0.00459920475259, 0.00160263327416, 0.00178053660784, 0.00103933922946, 0.000961264770012, 0.000611196737736, 0.000227609329158, 0.000245559815085, 0.000410330452723, 0.000308271264657, 8.07748656371e-05, 8.92320167623e-05, 0.000136860748171, 0.000185038501513, 0.000136785383802, 9.55689974944e-05, 9.40343161346e-05, 0.000102397461887, 0.000124481593957, 9.09286900423e-05, 9.27868240979e-05, 8.11329227872e-05],
        "mean": [0.00324284820817, 0.00230990862474, 0.00095823185984, 0.000594283395912, 0.000424232915975, 0.000359458266757, 0.000381518795621, 0.000424648227636, 0.000424199301051, 0.000359823956387, 0.000235234008869, 8.91709860298e-05, 0.000135178939672, 7.51171755837e-05, 6.52000453556e-05, 7.98540131655e-05, 6.54207979096e-05, 7.22441618564e-05, 4.83644143969e-05, 3.44607979059e-05, 3.74210540031e-05, 2.96760354104e-05, 2.3098598831e-05, 1.99435289687e-05, 8.76641934155e-06, 1.17738245535e-05, 1.5107641957e-05, 1.25721871882e-05, 5.93629283685e-06, 4.96079837831e-06, 5.3083090279e-06, 4.61838862975e-06, 4.81571078126e-06, 5.61707747693e-06, 4.94472624268e-06, 4.14838996221e-06, 3.92134734284e-06, 4.03237481805e-06, 3.49321749127e-06, 3.41653139913e-06],
        "median": [0.000527819152921, 0.0010330779478, 0.000506876094732, 0.00032781259506, 0.000212546234252, 0.000185046126717, 0.000182448449777, 0.000167316378793, 0.000169693987118, 0.000145602054545, 6.75548290019e-05, 3.1158549973e-05, 3.1803308957e-05, 2.21725604206e-05, 2.68918265647e-05, 2.80307795038e-05, 2.18984241656e-05, 2.09179543162e-05, 1.79747912625e-05, 1.39287303682e-05, 1.22624296637e-05, 1.17821309686e-05, 8.65772290126e-06, 7.01293583916e-06, 4.74255784866e-06, 6.39834024696e-06, 7.26988764654e-06, 6.11376708548e-06, 2.97282713291e-06, 1.75712318651e-06, 1.42508702083e-06, 1.3750176322e-06, 2.02446040021e-06, 2.98986219605e-06, 2.7844835131e-06, 1.91869094124e-06, 1.25369933812e-06, 1.18401385407e-06, 1.10744849735e-06, 7.95914331775e-07],
        "min": [5.57882589944e-24, 4.65230955512e-24, 1.33300424005e-24, 3.67351618747e-24, 2.5531684357e-24, 3.68340613664e-24, 6.8001182648e-24, 3.42700780422e-24, 6.3539397201e-24, 2.24980388877e-24, 6.34911070807e-24, 8.31898316311e-24, 8.43074266527e-24, 7.07723247903e-24, 5.6749363734e-24, 6.41304394013e-24, 4.33906077827e-24, 5.00708791433e-24, 5.15651591915e-24, 3.8674107038e-24, 4.08866291632e-24, 5.32571948357e-24, 4.89122988534e-24, 5.75898831956e-24, 4.58393464173e-24, 6.45520066691e-24, 5.55196715777e-24, 9.287674378e-24, 7.67956801207e-24, 8.50156501962e-24, 7.88005937772e-24, 6.19519645128e-24, 5.82802627054e-24, 7.82785335187e-24, 7.18443078744e-24, 8.37472407467e-24, 9.09476790996e-24, 7.75552979522e-24, 9.2114191386e-24, 5.16526044229e-24],
        "var": [3.12041374855e-05, 1.43548013511e-05, 1.97019630832e-06, 5.96374491124e-07, 4.25531482051e-07, 3.13415824849e-07, 4.03015917527e-07, 4.35147541111e-07, 4.68264005349e-07, 3.4534073734e-07, 1.99111497068e-07, 4.57294540013e-08, 1.32799740982e-07, 6.006460751e-08, 2.19485372099e-08, 3.28636602376e-08, 2.47603146875e-08, 3.28259623927e-08, 1.44962122306e-08, 5.21151166666e-09, 7.39194794264e-09, 3.53502804806e-09, 2.55915466596e-09, 1.33964050963e-09, 1.33692446003e-10, 2.46785369917e-10, 5.71414748851e-10, 3.47315065596e-10, 5.79177018845e-11, 5.02743506547e-11, 6.41568811965e-11, 5.54284847187e-11, 5.38950342688e-11, 6.49131304264e-11, 4.76295357321e-11, 3.77882239389e-11, 3.8172551925e-11, 4.33299750247e-11, 3.64109367657e-11, 2.99693291017e-11]
    },
    "mfcc": {
        "mean": [-632.288024902, 113.264030457, 7.20071363449, 8.51307010651, 4.57377433777, -1.79216372967, -3.27639126778, 0.329958409071, -0.418845981359, 9.81435775757, 0.616540312767, -0.141246944666, 1.02919769287],
        "cov": [[9700.84179688, -2462.38452148, 386.648071289, 628.964477539, 312.385559082, 307.478851318, 260.717407227, 377.238342285, 98.2933578491, -29.852230072, 15.5524454117, -29.5590133667, -1.22181785107], [-2462.38452148, 2138.06298828, -246.101089478, -132.846099854, 0.147052675486, -93.6870727539, -34.6240997314, -129.442306519, -109.402641296, 120.379226685, -6.09474658966, 30.4964199066, 27.9332714081], [386.648071289, -246.101089478, 732.954528809, 148.391952515, 115.439422607, 154.618499756, 75.4509887695, 91.068069458, 169.13092041, 0.600670158863, 101.587173462, 46.318359375, 10.0613269806], [628.964477539, -132.846099854, 148.391952515, 449.989990234, 211.901367188, 142.297637939, 110.306373596, 112.48625946, 71.2095947266, 46.2256813049, 42.020942688, 30.1393985748, 53.6651611328], [312.385559082, 0.147052675486, 115.439422607, 211.901367188, 303.239593506, 155.820327759, 116.323196411, 103.698547363, 96.3642578125, 56.6659240723, 69.2349777222, 35.3106460571, 61.8607902527], [307.478851318, -93.6870727539, 154.618499756, 142.297637939, 155.820327759, 301.36050415, 179.884002686, 108.477874756, 93.206451416, 55.9537887573, 81.5651626587, 62.4312438965, 24.2976875305], [260.717407227, -34.6240997314, 75.4509887695, 110.306373596, 116.323196411, 179.884002686, 271.884613037, 133.375778198, 89.2937393188, 48.7861480713, 57.0768470764, 68.6909713745, 28.7363395691], [377.238342285, -129.442306519, 91.068069458, 112.48625946, 103.698547363, 108.477874756, 133.375778198, 199.02053833, 121.125579834, 47.1449546814, 53.6103973389, 38.0760231018, 39.5392799377], [98.2933578491, -109.402641296, 169.13092041, 71.2095947266, 96.3642578125, 93.206451416, 89.2937393188, 121.125579834, 255.845718384, 62.0326805115, 96.7858123779, 46.0613594055, -3.60836315155], [-29.852230072, 120.379226685, 0.600670158863, 46.2256813049, 56.6659240723, 55.9537887573, 48.7861480713, 47.1449546814, 62.0326805115, 146.609771729, 60.2986755371, 30.3284282684, 23.946893692], [15.5524454117, -6.09474658966, 101.587173462, 42.020942688, 69.2349777222, 81.5651626587, 57.0768470764, 53.6103973389, 96.7858123779, 60.2986755371, 165.030349731, 68.6304016113, 8.4694185257], [-29.5590133667, 30.4964199066, 46.318359375, 30.1393985748, 35.3106460571, 62.4312438965, 68.6909713745, 38.0760231018, 46.0613594055, 30.3284282684, 68.6304016113, 107.697616577, 25.4561462402], [-1.22181785107, 27.9332714081, 10.0613269806, 53.6651611328, 61.8607902527, 24.2976875305, 28.7363395691, 39.5392799377, -3.60836315155, 23.946893692, 8.4694185257, 25.4561462402, 117.143569946]],
