{
"lowlevel": {
    "average_loudness": 0.892066836357,
    "barkbands_crest": {
        "dmean": 2.4628880024,
        "dmean2": 3.60186958313,
        "dvar": 5.85837268829,
        "dvar2": 11.7460956573,
        "max": 26.1516342163,
        "mean": 10.8857679367,
        "median": 9.86291122437,
        "min": 2.68445539474,
        "var": 20.4567241669
    },
    "barkbands_flatness_db": {
        "dmean": 0.0244582779706,
        "dmean2": 0.0346587561071,
        "dvar": 0.000630680646282,
        "dvar2": 0.00139940076042,
        "max": 0.526845037937,
        "mean": 0.168899774551,
        "median": 0.15287899971,
        "min": 0.0229071769863,
        "var": 0.00622410047799
    },
    "barkbands_kurtosis": {
        "dmean": 3.50382304192,
        "dmean2": 5.2578253746,
        "dvar": 38.7535209656,
        "dvar2": 82.495880127,
        "max": 260.208068848,
        "mean": 6.35617160797,
        "median": 3.219653368,
        "min": -1.9265280962,
        "var": 90.1092300415
    },
    "barkbands_skewness": {
        "dmean": 0.5422976017,
        "dmean2": 0.800315082073,
        "dvar": 0.395869314671,
        "dvar2": 0.791692018509,
        "max": 13.599275589,
        "mean": 1.831859231,
        "median": 1.59202170372,
        "min": -3.16381883621,
        "var": 1.44386923313
    },
    "barkbands_spread": {
        "dmean": 5.52714204788,
        "dmean2": 8.20099830627,
        "dvar": 76.2304992676,
        "dvar2": 150.085662842,
        "max": 107.465026855,
        "mean": 17.4322757721,
        "median": 14.5813579559,
        "min": 0.711427092552,
        "var": 210.839660645
    },
    "dissonance": {
        "dmean": 0.0222699828446,
        "dmean2": 0.036782681942,
        "dvar": 0.00050222518621,
        "dvar2": 0.00135365687311,
        "max": 0.500000119209,
        "mean": 0.447896778584,
        "median": 0.457051217556,
        "min": 0.189645558596,
        "var": 0.00150101084728
    },
    "dynamic_complexity": 3.25436592102,
    "erbbands_crest": {
        "dmean": 2.8900578022,
        "dmean2": 4.56937789917,
        "dvar": 6.85780239105,
        "dvar2": 16.25258255,
        "max": 32.3599128723,
        "mean": 10.6302194595,
        "median": 9.67355537415,
        "min": 2.43646359444,
        "var": 24.2339458466
    },
    "erbbands_flatness_db": {
        "dmean": 0.0198628380895,
        "dmean2": 0.0278260558844,
        "dvar": 0.00036962388549,
        "dvar2": 0.000692453235388,
        "max": 0.54907643795,
        "mean": 0.173856765032,
        "median": 0.156959146261,
        "min": 0.030672872439,
        "var": 0.00577388517559
    },
    "erbbands_kurtosis": {
        "dmean": 1.367228508,
        "dmean2": 2.10583639145,
        "dvar": 4.61984539032,
        "dvar2": 10.5942697525,
        "max": 37.8795776367,
        "mean": 1.47851765156,
        "median": 0.387768864632,
        "min": -1.83483231068,
        "var": 13.7823467255
    },
    "erbbands_skewness": {
        "dmean": 0.420707851648,
        "dmean2": 0.623778104782,
        "dvar": 0.172795429826,
        "dvar2": 0.349269688129,
        "max": 5.32520055771,
        "mean": 0.726719260216,
        "median": 0.615437269211,
        "min": -3.6741001606,
        "var": 0.814956068993
    },
    "erbbands_spread": {
        "dmean": 9.15752792358,
        "dmean2": 13.2844867706,
        "dvar": 133.580352783,
        "dvar2": 265.446624756,
        "max": 150.104598999,
        "mean": 35.4524421692,
        "median": 29.7892017365,
        "min": 1.09173107147,
        "var": 516.608703613
    },
    "hfc": {
        "dmean": 8.64091873169,
        "dmean2": 13.1617469788,
        "dvar": 222.860855103,
        "dvar2": 526.926513672,
        "max": 199.617919922,
        "mean": 24.7157783508,
        "median": 20.8869628906,
        "min": 1.19778796722e-16,
        "var": 470.362182617
    },
    "melbands_crest": {
        "dmean": 2.89566516876,
        "dmean2": 4.22282171249,
        "dvar": 7.77165746689,
        "dvar2": 16.032377243,
        "max": 34.0912704468,
        "mean": 14.6978740692,
        "median": 13.36977005,
        "min": 2.11943769455,
        "var": 31.709815979
    },
    "melbands_flatness_db": {
        "dmean": 0.0279770623893,
        "dmean2": 0.0395028032362,
        "dvar": 0.000901814724784,
        "dvar2": 0.00200525065884,
        "max": 0.669388234615,
        "mean": 0.243191704154,
        "median": 0.227720230818,
        "min": 0.00513428496197,
        "var": 0.00759429764003
    },
    "melbands_kurtosis": {
        "dmean": 7.7173242569,
        "dmean2": 11.628988266,
        "dvar": 225.772827148,
        "dvar2": 470.671112061,
        "max": 412.349914551,
        "mean": 15.7540102005,
        "median": 8.41724777222,
        "min": -1.74052274227,
        "var": 533.489013672
    },
    "melbands_skewness": {
        "dmean": 0.719362020493,
        "dmean2": 1.04697859287,
        "dvar": 0.785272538662,
        "dvar2": 1.54034638405,
        "max": 15.5350170135,
        "mean": 2.67779803276,
        "median": 2.27509641647,
        "min": -1.76646614075,
        "var": 3.10852336884
    },
    "melbands_spread": {
        "dmean": 5.39383554459,
        "dmean2": 8.15532016754,
        "dvar": 94.0842819214,
        "dvar2": 181.609893799,
        "max": 220.845153809,
        "mean": 16.5333328247,
        "median": 13.1964702606,
        "min": 0.622783780098,
        "var": 232.16355896
    },
    "pitch_salience": {
        "dmean": 0.0711854472756,
        "dmean2": 0.109774835408,
        "dvar": 0.00587132479995,
        "dvar2": 0.0141260102391,
        "max": 0.983695864677,
        "mean": 0.544162869453,
        "median": 0.55523276329,
        "min": 0.086221896112,
        "var": 0.0165607854724
    },
    "silence_rate_20dB": {
        "dmean": 0,
        "dmean2": 0,
        "dvar": 0,
        "dvar2": 0,
        "max": 1,
        "mean": 1,
        "median": 1,
        "min": 1,
        "var": 0
    },
    "silence_rate_30dB": {
        "dmean": 0.0437447428703,
        "dmean2": 0.0874999985099,
        "dvar": 0.0418314598501,
        "dvar2": 0.082244835794,
        "max": 1,
        "mean": 0.921893775463,
        "median": 1,
        "min": 0,
        "var": 0.0720075964928
    },
    "silence_rate_60dB": {
        "dmean": 0.00841245055199,
        "dmean2": 0.0168269239366,
        "dvar": 0.0083412528038,
        "dvar2": 0.0184721592814,
        "max": 1,
        "mean": 0.053352560848,
        "median": 0,
        "min": 0,
        "var": 0.0505127720535
    },
    "spectral_centroid": {
        "dmean": 231.453659058,
        "dmean2": 344.269989014,
        "dvar": 106565.84375,
        "dvar2": 205429.296875,
        "max": 11591.2587891,
        "mean": 1009.83740234,
        "median": 930.230041504,
        "min": 174.17074585,
        "var": 319420
    },
    "spectral_complexity": {
        "dmean": 3.65989661217,
        "dmean2": 5.69158649445,
        "dvar": 18.4497127533,
        "dvar2": 41.2302894592,
        "max": 54,
        "mean": 18.3377799988,
        "median": 18,
        "min": 0,
        "var": 89.045135498
    },
    "spectral_decrease": {
        "dmean": 2.56352028494e-09,
        "dmean2": 3.75376085771e-09,
        "dvar": 1.57789615297e-17,
        "dvar2": 3.59793854133e-17,
        "max": 1.63272727243e-29,
        "mean": -1.13112452738e-08,
        "median": -9.49052214594e-09,
        "min": -4.56362556633e-08,
        "var": 7.92616440524e-17
    },
    "spectral_energy": {
        "dmean": 0.010066350922,
        "dmean2": 0.0148195968941,
        "dvar": 0.00023329682881,
        "dvar2": 0.000534275721293,
        "max": 0.174321696162,
        "mean": 0.0449330769479,
        "median": 0.0378677025437,
        "min": 1.08026605293e-20,
        "var": 0.00119641388301
    },
    "spectral_energyband_high": {
        "dmean": 0.000733443011995,
        "dmean2": 0.00110161176417,
        "dvar": 2.58847262558e-06,
        "dvar2": 5.86176247452e-06,
        "max": 0.024318901822,
        "mean": 0.00103716237936,
        "median": 0.000324970809743,
        "min": 7.84217061563e-21,
        "var": 3.7298418647e-06
    },
    "spectral_energyband_low": {
        "dmean": 0.00678360229358,
        "dmean2": 0.00939925946295,
        "dvar": 0.000245150527917,
        "dvar2": 0.000494654173963,
        "max": 0.160642579198,
        "mean": 0.0210923291743,
        "median": 0.00998557545245,
        "min": 5.07223520333e-23,
        "var": 0.000877621641848
    },
    "spectral_energyband_middle_high": {
        "dmean": 0.00170904502738,
        "dmean2": 0.002714040922,
        "dvar": 5.46778710486e-06,
        "dvar2": 1.36784428832e-05,
        "max": 0.0377422012389,
        "mean": 0.00523400027305,
        "median": 0.00354453641921,
        "min": 1.46368963156e-21,
        "var": 2.79648029391e-05
    },
    "spectral_energyband_middle_low": {
        "dmean": 0.0065357950516,
        "dmean2": 0.0102063138038,
        "dvar": 8.22978036013e-05,
        "dvar2": 0.000227730008191,
        "max": 0.0989914387465,
        "mean": 0.0193074420094,
        "median": 0.0174091048539,
        "min": 3.96007088948e-22,
        "var": 0.000168872531503
    },
    "spectral_entropy": {
        "dmean": 0.212651088834,
        "dmean2": 0.292512685061,
        "dvar": 0.0460788905621,
        "dvar2": 0.0874000862241,
        "max": 9.80746936798,
        "mean": 7.31374883652,
        "median": 7.44019889832,
        "min": 4.78301334381,
        "var": 0.466824352741
    },
    "spectral_flux": {
        "dmean": 0.0284749884158,
        "dmean2": 0.0419542193413,
        "dvar": 0.00155613594688,
        "dvar2": 0.0025767905172,
        "max": 0.41056406498,
        "mean": 0.0879447460175,
        "median": 0.0763333290815,
        "min": 1.03935846041e-10,
        "var": 0.0040092645213
    },
    "spectral_kurtosis": {
        "dmean": 3.82276844978,
        "dmean2": 6.28540754318,
        "dvar": 111.977264404,
        "dvar2": 317.965576172,
        "max": 315.776977539,
        "mean": 10.7532682419,
        "median": 4.91727542877,
        "min": -1.21116769314,
        "var": 557.06439209
    },
    "spectral_rms": {
        "dmean": 0.000708133215085,
        "dmean2": 0.00103228655644,
        "dvar": 7.59005843065e-07,
        "dvar2": 1.6760507151e-06,
        "max": 0.0130410874262,
        "mean": 0.00606602849439,
        "median": 0.00607816595584,
        "min": 3.24641051888e-12,
        "var": 7.04041121935e-06
    },
    "spectral_rolloff": {
        "dmean": 449.339111328,
        "dmean2": 759.748046875,
        "dvar": 1101094,
        "dvar2": 2283369.75,
        "max": 18906.1523438,
        "mean": 1069.7434082,
        "median": 667.529296875,
        "min": 43.06640625,
        "var": 1938554.75
    },
    "spectral_skewness": {
        "dmean": 0.34775981307,
        "dmean2": 0.536373317242,
        "dvar": 0.28541046381,
        "dvar2": 0.799756646156,
        "max": 15.0978908539,
        "mean": 2.09132623672,
        "median": 1.79469394684,
        "min": -0.0729907676578,
        "var": 2.07276368141
    },
    "spectral_spread": {
        "dmean": 695296.875,
        "dmean2": 919028.5,
        "dvar": 771550412800,
        "dvar2": 1.13539822387e+12,
        "max": 40868548,
        "mean": 4624612,
        "median": 4351278.5,
        "min": 253938.421875,
        "var": 4.07569852006e+12
    },
    "spectral_strongpeak": {
        "dmean": 0.459349632263,
        "dmean2": 0.768596947193,
        "dvar": 0.556901335716,
        "dvar2": 1.35611343384,
        "max": 7.68220281601,
        "mean": 0.951924145222,
        "median": 0.610727727413,
        "min": 0,
        "var": 0.982768714428
    },
    "zerocrossingrate": {
        "dmean": 0.011091160588,
        "dmean2": 0.0125760594383,
        "dvar": 0.000275354803307,
        "dvar2": 0.00029816487222,
        "max": 0.6962890625,
        "mean": 0.0477773398161,
        "median": 0.03857421875,
        "min": 0.00341796875,
        "var": 0.00136750889942
    },
    "barkbands": {
        "dmean": [0.000367732922314, 0.00614966358989, 0.00284739024937, 0.00208853650838, 0.00217028800398, 0.0015576822916, 0.00163142301608, 0.00124430307187, 0.00117406260688, 0.000666865613312, 0.000228202814469, 0.000190928461961, 0.000675056071486, 0.00025956906029, 0.000359718018444, 0.00031629827572, 0.000181077994057, 0.00015764372074, 0.000159707095008, 8.4239669377e-05, 0.000143081852002, 0.000122728495626, 0.000152671826072, 0.000151673448272, 0.000117933850561, 4.79545487906e-05, 6.69560677125e-06],
        "dmean2": [0.000465027114842, 0.00753235956654, 0.00514223938808, 0.00355425011367, 0.00361019046977, 0.00242980569601, 0.00227751862258, 0.00174819782842, 0.00181379646529, 0.000985230435617, 0.000351691182004, 0.000307057314785, 0.00111540267244, 0.000432742846897, 0.000607636116911, 0.000531452707946, 0.000302216387354, 0.000268957926892, 0.000264638249064, 0.000135971611599, 0.000237742759055, 0.000183714641025, 0.000228202610742, 0.000229927449254, 0.000176981513505, 6.95203052601e-05, 1.08063304651e-05],
        "dvar": [5.01339115999e-07, 0.000191275044926, 0.000111922716314, 2.73208261206e-05, 1.26193699543e-05, 6.16551551502e-06, 7.65643198974e-06, 4.58089380118e-06, 5.93920958636e-06, 1.57248211963e-06, 4.74120696481e-07, 2.50840798799e-07, 2.09410632124e-06, 2.4837561341e-07, 4.33914578934e-07, 4.29227952736e-07, 1.19806145449e-07, 1.45378450611e-07, 9.79301972848e-08, 2.41003785817e-08, 1.0592435018e-07, 7.48025570374e-08, 1.40539100357e-07, 1.40160281603e-07, 7.37585921229e-08, 1.24716938998e-08, 4.05003114379e-10],
        "dvar2": [6.8709266543e-07, 0.000276275852229, 0.000328499940224, 8.02422873676e-05, 3.60144404112e-05, 1.40641705002e-05, 1.43085999298e-05, 8.19977049105e-06, 1.38995874295e-05, 3.13963073495e-06, 9.46946954627e-07, 6.13356689882e-07, 5.48097068531e-06, 6.59832664951e-07, 1.22466497032e-06, 1.15705097414e-06, 3.1984794191e-07, 4.09448318806e-07, 2.61139405211e-07, 6.0379811373e-08, 2.88497062684e-07, 1.65673739616e-07, 3.11861072078e-07, 3.16077461093e-07, 1.61653460395e-07, 2.69061430913e-08, 9.90256099342e-10],
        "max": [0.00877927709371, 0.141770094633, 0.0915487781167, 0.0488521233201, 0.0450825616717, 0.0410461425781, 0.0463938191533, 0.047918073833, 0.0359578020871, 0.0329673886299, 0.0244709439576, 0.0163379386067, 0.0286106467247, 0.0111489538103, 0.011186953634, 0.0135969528928, 0.00574686098844, 0.00680286157876, 0.00459675164893, 0.00185384147335, 0.00400139624253, 0.00562042463571, 0.0070181498304, 0.00670331530273, 0.00385549501516, 0.00113891356159, 0.000307649374008],
        "mean": [0.000833027763292, 0.015535033308, 0.00327364332043, 0.00303537584841, 0.00418349541724, 0.00328926951624, 0.00361799448729, 0.00255659967661, 0.00203039962798, 0.00144791975617, 0.000432413187809, 0.000302086176816, 0.00103967403993, 0.0004200572439, 0.000581146101467, 0.000459137314465, 0.000296929007163, 0.000231561789406, 0.000270072254352, 0.000139671057696, 0.000206011725822, 0.00016429500829, 0.000185141092516, 0.000185037919437, 0.000149079365656, 6.15441458649e-05, 6.46950138616e-06],
        "median": [2.43650756602e-05, 0.00368119357154, 0.00115527689923, 0.00159786920995, 0.00293218391016, 0.0017084350111, 0.00159985816572, 0.000995390349999, 0.000421159755206, 0.000429123552749, 0.000117877585581, 0.00011690719839, 0.000234696053667, 0.000170394661836, 0.00023952643096, 0.000185151569895, 0.000140346281114, 0.000120669727039, 0.000154958135681, 7.95964879217e-05, 8.80353545654e-05, 3.31389601342e-05, 2.96718826576e-05, 3.44515719917e-05, 3.00885458273e-05, 8.70637268235e-06, 2.25945825605e-07],
        "min": [8.61645472186e-24, 2.52208360839e-23, 4.64187134763e-24, 2.62866723638e-23, 3.69451582254e-23, 9.76311737459e-23, 3.92655831118e-23, 1.28394382467e-22, 2.42892150207e-23, 7.15092250054e-23, 2.8863751568e-23, 8.82028154918e-23, 6.68360382465e-23, 1.60890074886e-22, 9.78510324356e-23, 1.38212936568e-22, 2.04015081091e-22, 2.35160824242e-22, 2.8773339273e-22, 2.18323124645e-22, 4.61282287008e-22, 4.89593331071e-22, 7.46732400734e-22, 7.98465065861e-22, 1.35844473208e-21, 1.90244715032e-21, 2.18931988949e-21],
        "var": [2.14334659177e-06, 0.000672897032928, 6.70240915497e-05, 2.10115304071e-05, 1.91784474737e-05, 1.90056762222e-05, 2.78829666058e-05, 1.81513023563e-05, 1.45622652781e-05, 7.33486604076e-06, 1.84538941994e-06, 4.49942348268e-07, 4.05261971537e-06, 5.0431475529e-07, 7.80199570727e-07, 6.24302629149e-07, 2.04456853226e-07, 1.43042683476e-07, 1.5029270628e-07, 3.46080710756e-08, 1.17469632244e-07, 1.24058956885e-07, 1.90676345824e-07, 1.81923979881e-07, 1.02325955709e-07, 1.7994185697e-08, 3.93794608033e-10]
    },
    "erbbands": {
        "dmean": [0.24929779768, 1.31813645363, 3.08719348907, 5.37551355362, 6.58571481705, 8.05819320679, 10.4205827713, 13.7113723755, 19.3038253784, 33.8432350159, 20.4895401001, 32.0080070496, 17.9736003876, 15.2456064224, 8.7257642746, 10.6535749435, 30.508398056, 14.0872421265, 15.1067972183, 20.2331008911, 12.5594911575, 8.54599666595, 8.47627830505, 9.28083610535, 5.87190723419, 4.0862622261, 5.42425251007, 5.46034812927, 4.67311859131, 4.19724416733, 4.41641759872, 3.70440721512, 2.19917964935, 1.44403684139, 0.779805660248, 0.265647560358, 0.0775779485703, 0.0167419183999, 0.000987786101177, 2.82118871837e-05],
        "dmean2": [0.268876075745, 1.77041947842, 5.31865215302, 9.56190872192, 11.1015691757, 13.3024158478, 16.8250732422, 21.3868579865, 27.0657272339, 47.93907547, 29.1787586212, 49.3064727783, 27.9733161926, 21.9457187653, 13.357635498, 17.1692638397, 50.331653595, 23.5078678131, 24.8222293854, 34.482208252, 20.820224762, 14.2675323486, 14.3282489777, 15.5800447464, 9.72305107117, 6.65612268448, 8.97784900665, 8.96959209442, 7.13689661026, 6.22349834442, 6.72041034698, 5.69783830643, 3.27071404457, 2.1848988533, 1.17356860638, 0.391393333673, 0.113057762384, 0.0253789853305, 0.00159454334062, 4.21368640673e-05],
        "dvar": [0.295563071966, 10.5856285095, 110.853485107, 276.396606445, 190.411560059, 182.11000061, 249.417037964, 567.678710938, 1166.03918457, 3677.77514648, 1514.61206055, 4564.43066406, 1200.65124512, 1343.35119629, 457.201385498, 660.679138184, 4313.44287109, 712.092041016, 853.335571289, 1846.49584961, 573.308166504, 275.388122559, 339.227264404, 440.600952148, 149.358947754, 60.8475570679, 131.189605713, 155.272537231, 105.312034607, 95.3402252197, 122.45639801, 93.5075378418, 26.288312912, 11.2015638351, 3.34226751328, 0.381298243999, 0.0340684913099, 0.00191561388783, 8.7308771981e-06, 3.33379768236e-09],
        "dvar2": [0.322109311819, 18.9038715363, 319.220947266, 811.292297363, 567.284851074, 502.568847656, 612.929199219, 1300.34240723, 2134.38989258, 7471.10839844, 2778.86108398, 10677.8759766, 2949.10522461, 2438.28051758, 919.49041748, 1628.96984863, 11288.8701172, 1902.29663086, 2245.64794922, 5397.30859375, 1534.78259277, 742.547912598, 944.180236816, 1202.60388184, 399.885467529, 156.994781494, 350.457641602, 412.825439453, 246.506484985, 206.427139282, 280.147155762, 216.805541992, 57.8564071655, 25.2364501953, 7.24852991104, 0.811950206757, 0.0734909027815, 0.00445758877322, 2.13489638554e-05, 7.80301778747e-09],
        "max": [6.16698980331, 30.9882984161, 89.2395477295, 143.836380005, 230.762527466, 198.193618774, 273.587585449, 440.150054932, 693.30670166, 1201.02490234, 926.038879395, 987.472412109, 659.421813965, 1289.69091797, 780.688232422, 826.739562988, 1109.14160156, 595.297302246, 624.767150879, 686.977539062, 450.323547363, 245.702484131, 321.990386963, 309.135955811, 253.47593689, 101.484558105, 145.084136963, 159.814346313, 227.518600464, 193.25378418, 190.488464355, 166.410690308, 97.706703186, 46.7406158447, 26.9031448364, 7.67061901093, 1.83235442638, 0.454210937023, 0.0454917401075, 0.00076058274135],
        "mean": [0.544472098351, 3.01451349258, 4.41256570816, 7.24043369293, 10.8711013794, 14.6227893829, 21.1608791351, 28.7335968018, 43.7796478271, 70.3184967041, 45.3133811951, 56.8550491333, 36.7003326416, 36.7892684937, 17.8162097931, 19.0356750488, 47.8300323486, 25.5278587341, 26.8810443878, 32.0520439148, 20.3954105377, 14.7274494171, 14.1633119583, 15.2936248779, 9.85615253448, 6.97105741501, 8.65539455414, 7.16421127319, 5.93800115585, 5.54738807678, 5.16639471054, 4.28739500046, 2.83949637413, 1.82867968082, 0.95878881216, 0.342419445515, 0.0992664024234, 0.0188220385462, 0.00100184581243, 7.319865108e-05],
        "median": [0.0486625283957, 0.932799518108, 1.91353106499, 3.65674638748, 6.92132282257, 9.28447055817, 13.1871070862, 13.7238330841, 21.0893173218, 26.6303539276, 21.702501297, 13.383518219, 14.5604953766, 8.7599105835, 7.27172660828, 8.31994056702, 11.0269069672, 11.4417629242, 13.0892868042, 12.2865905762, 9.60317802429, 7.76922512054, 7.35902166367, 9.08288192749, 5.74553871155, 4.16027259827, 4.11796283722, 2.44509625435, 1.27289605141, 0.926341056824, 0.801275610924, 0.749339222908, 0.57031917572, 0.393958210945, 0.167850494385, 0.0548456311226, 0.0133182993159, 0.00150780170225, 7.21041942597e-05, 5.19232016813e-05],
        "min": [1.14562596329e-21, 3.70401178933e-21, 7.27388461011e-21, 4.96640564558e-20, 8.27557044355e-20, 1.349860015e-19, 4.00000555993e-19, 1.02125124633e-18, 7.49074910393e-19, 1.01142123872e-18, 2.61777683019e-18, 8.90373385642e-19, 2.34506386083e-18, 1.46013901048e-18, 1.47652132252e-18, 3.89675315356e-18, 2.78076491167e-18, 4.32239713572e-18, 7.33348138997e-18, 6.65309390328e-18, 8.91145165833e-18, 1.06635889406e-17, 1.25453445976e-17, 2.00979941083e-17, 8.31469544029e-18, 1.10831043416e-17, 1.49191949641e-17, 2.19780780333e-17, 1.75751561058e-17, 1.69011809232e-17, 2.02677845096e-17, 1.71127753782e-17, 1.51001109446e-17, 1.46573277802e-17, 8.61325635622e-18, 7.26228843619e-18, 3.93222927567e-18, 1.12114747076e-18, 3.02265340909e-19, 3.28295835907e-20],
        "var": [1.09426450729, 26.5751266479, 79.6249008179, 180.286346436, 194.744033813, 303.255004883, 654.591918945, 1659.98962402, 4123.51757812, 12350.7587891, 5326.22265625, 11161.8398438, 3632.52783203, 8600.73828125, 1750.57983398, 1280.76086426, 8310.07617188, 1593.93579102, 1706.71557617, 2899.74609375, 902.759460449, 425.248291016, 444.664825439, 553.509460449, 181.884811401, 84.8488540649, 172.295944214, 174.704528809, 160.614883423, 151.550216675, 155.445953369, 110.50554657, 38.2725753784, 15.5358095169, 4.45527267456, 0.548479735851, 0.0487025938928, 0.00218657590449, 8.69118321134e-06, 5.88360782316e-09]
    },
    "gfcc": {
        "mean": [-6.3658952713, 107.446632385, -104.311408997, 22.0685081482, -61.4955482483, 5.79505634308, -42.9802894592, 9.61788654327, -21.6046028137, 6.26834964752, -14.2335119247, -5.81605625153, -8.9284992218],
        "cov": [[18062.2851562, -3560.63842773, 670.822631836, 2862.76220703, 341.971130371, 1650.77172852, -45.9894180298, 1172.14416504, 133.508972168, 969.401977539, -159.381652832, 510.685424805, -446.093322754], [-3560.63842773, 2441.72607422, -346.935272217, -700.983825684, 266.648773193, -519.303161621, 160.241714478, -333.245819092, 70.2092971802, -337.27911377, 191.106109619, -306.452178955, 193.420715332], [670.822631836, -346.935272217, 1054.70153809, 537.714477539, 32.0803718567, 245.720993042, 16.3579597473, 101.319671631, 96.8120040894, 112.393478394, -26.2572364807, 111.722694397, -97.9140014648], [2862.76220703, -700.983825684, 537.714477539, 960.127075195, 72.825553894, 295.316864014, -6.40401792526, 230.129211426, 46.997833252, 183.794326782, -11.1309509277, 124.856445312, -55.5293235779], [341.971130371, 266.648773193, 32.0803718567, 72.825553894, 351.083343506, 142.386856079, 119.549583435, 81.3008270264, 85.690612793, 17.9234924316, 37.6253166199, 16.3554534912, -12.2469816208], [1650.77172852, -519.303161621, 245.720993042, 295.316864014, 142.386856079, 437.353515625, 109.626304626, 165.670578003, 74.1676101685, 144.280517578, -33.5638084412, 104.416992188, -84.7316741943], [-45.9894180298, 160.241714478, 16.3579597473, -6.40401792526, 119.549583435, 109.626304626, 196.40473938, 22.0079898834, 43.2573699951, 0.542707502842, 13.148900032, -7.97731924057, 8.65104579926], [1172.14416504, -333.245819092, 101.319671631, 230.129211426, 81.3008270264, 165.670578003, 22.0079898834, 226.833358765, 78.7118682861, 118.661476135, -2.41489720345, 57.3155860901, -35.0093193054], [133.508972168, 70.2092971802, 96.8120040894, 46.997833252, 85.690612793, 74.1676101685, 43.2573699951, 78.7118682861, 194.184051514, 75.8510665894, 44.5558242798, 28.1306591034, -31.5473117828], [969.401977539, -337.27911377, 112.393478394, 183.794326782, 17.9234924316, 144.280517578, 0.542707502842, 118.661476135, 75.8510665894, 186.637481689, 34.1265296936, 62.4021492004, -34.0193443298], [-159.381652832, 191.106109619, -26.2572364807, -11.1309509277, 37.6253166199, -33.5638084412, 13.148900032, -2.41489720345, 44.5558242798, 34.1265296936, 110.112922668, 15.7640829086, 26.4461097717], [510.685424805, -306.452178955, 111.722694397, 124.856445312, 16.3554534912, 104.416992188, -7.97731924057, 57.3155860901, 28.1306591034, 62.4021492004, 15.7640829086, 128.848007202, -15.0915021896], [-446.093322754, 193.420715332, -97.9140014648, -55.5293235779, -12.2469816208, -84.7316741943, 8.65104579926, -35.0093193054, -31.5473117828, -34.0193443298, 26.4461097717, -15.0915021896, 117.008468628]],
        "icov": [[0.000211904160096, -0.000136340939207, 0.000342859653756, -0.00057949766051, 0.000126950224512, -0.000496733351611, 0.000241093352088, -0.000322673789924, 0.000290005817078, -0.000427216058597, 0.000269587384537, -0.000191366940271, 0.000452727836091], [-0.000136340939207, 0.00252020172775, -0.000783105671871, 0.000947311578784, -0.00214709551074, 0.00150423997547, -0.000816763495095, 0.00146223662887, -0.00179632904474, 0.00260577606969, -0.00352386129089, 0.0039814049378, -0.00194583437406], [0.000342859653756, -0.000783105671871, 0.00223963637836, -0.00194224820007, 0.000889285700396, -0.00130739854649, 0.000406498264056, -8.8872606284e-05, 4.28919520346e-05, -0.00104658852797, 0.00157417624723, -0.00175796879921, 0.00176849530544], [-0.00057949766051, 0.000947311578784, -0.00194224820007, 0.003812226234, -0.0010175750358, 0.0011458293302, -0.000294420809951, -0.000199822097784, -0.000303442968288, 0.00109351612628, -0.00173023797106, 0.00131237739697, -0.00210970826447], [0.000126950224512, -0.00214709551074, 0.000889285700396, -0.0010175750358, 0.00647549564019, -0.0027764888946, -0.000773308682255, -0.00254892953672, 0.000412571331253, 6.20067294221e-05, 0.000781936920248, -0.00288142729551, 0.00183709547855], [-0.000496733351611, 0.00150423997547, -0.00130739854649, 0.0011458293302, -0.0027764888946, 0.00873949564993, -0.00444428250194, 0.000573681434616, -0.000707822851837, -0.00142320001032, 0.00135504687205, -0.000945176521782, 0.000574899837375], [0.000241093352088, -0.000816763495095, 0.000406498264056, -0.000294420809951, -0.000773308682255, -0.00444428250194, 0.00896094087511, -0.000341616978403, -0.000385650258977, 0.000598914921284, -0.000200876878807, 0.0011033747578, -0.00133639061823], [-0.000322673789924, 0.00146223662887, -8.8872606284e-05, -0.000199822097784, -0.00254892953672, 0.000573681434616, -0.000341616978403, 0.010450437665, -0.00337570323609, -0.0018449309282, 0.000427169754403, 0.00157712376676, -0.00185551098548], [0.000290005817078, -0.00179632904474, 4.28919520346e-05, -0.000303442968288, 0.000412571331253, -0.000707822851837, -0.000385650258977, -0.00337570323609, 0.00983269978315, -0.00421822583303, 1.19080532386e-05, -0.00285309739411, 0.00357000762597], [-0.000427216058597, 0.00260577606969, -0.00104658852797, 0.00109351612628, 6.20067294221e-05, -0.00142320001032, 0.000598914921284, -0.0018449309282, -0.00421822583303, 0.0158540122211, -0.00916087068617, 0.00388645939529, -0.00186955032405], [0.000269587384537, -0.00352386129089, 0.00157417624723, -0.00173023797106, 0.000781936920248, 0.00135504687205, -0.000200876878807, 0.000427169754403, 1.19080532386e-05, -0.00916087068617, 0.0199510343373, -0.00851096678525, 0.000287557631964], [-0.000191366940271, 0.0039814049378, -0.00175796879921, 0.00131237739697, -0.00288142729551, -0.000945176521782, 0.0011033747578, 0.00157712376676, -0.00285309739411, 0.00388645939529, -0.00851096678525, 0.0180365331471, -0.00414437521249], [0.000452727836091, -0.00194583437406, 0.00176849530544, -0.00210970826447, 0.00183709547855, 0.000574899837375, -0.00133639061823, -0.00185551098548, 0.00357000762597, -0.00186955032405, 0.000287557631964, -0.00414437521249, 0.0139393247664]]
    },
    "melbands": {
        "dmean": [0.00189938500989, 0.00149579008576, 0.000973887043074, 0.000468553218525, 0.000379046279704, 0.000301226391457, 0.000302141386783, 0.000351159425918, 0.000173140972038, 0.000187248544535, 8.92108291737e-05, 6.60722289467e-05, 3.2685984479e-05, 2.16501794057e-05, 5.57901221327e-05, 5.66067246837e-05, 2.75819584203e-05, 2.4452658181e-05, 2.26952142839e-05, 3.01168747683e-05, 1.32658487928e-05, 9.05844171939e-06, 1.05646349766e-05, 7.45300758354e-06, 8.27594885777e-06, 5.54961980015e-06, 2.97979477182e-06, 2.84421980723e-06, 3.37506776305e-06, 3.46251249539e-06, 3.2822713365e-06, 2.73260138783e-06, 2.32208935813e-06, 2.51351752922e-06, 2.66776760327e-06, 2.39481960307e-06, 2.2646220259e-06, 1.59143928613e-06, 1.30268449539e-06, 1.23750999137e-06],
        "dmean2": [0.00215751375072, 0.00227562477812, 0.00169981317595, 0.000785722688306, 0.000610668037552, 0.00046844696044, 0.000421761709731, 0.000496372755151, 0.000254291167948, 0.000289506599074, 0.000138795105158, 9.43441846175e-05, 4.91755781695e-05, 3.47430541296e-05, 9.22443941818e-05, 9.2750415206e-05, 4.60364790342e-05, 4.01670586143e-05, 3.83469232474e-05, 5.11206744704e-05, 2.20285201067e-05, 1.51274152813e-05, 1.78952068381e-05, 1.27128396343e-05, 1.38940631587e-05, 9.22405251913e-06, 4.82216955788e-06, 4.70169288747e-06, 5.64268702874e-06, 5.81467475058e-06, 5.45297825738e-06, 4.27244413004e-06, 3.49028755409e-06, 3.80267010769e-06, 4.10009897678e-06, 3.70310749531e-06, 3.54329517904e-06, 2.37480071519e-06, 1.98249381356e-06, 1.90110608855e-06],
        "dvar": [1.72776253748e-05, 1.8353915948e-05, 7.46882324165e-06, 7.27760379959e-07, 2.93238656468e-07, 2.54678411693e-07, 2.77562833162e-07, 3.86329475077e-07, 1.06483341256e-07, 1.62266431403e-07, 2.95436795028e-08, 2.65534811916e-08, 9.0435348099e-09, 3.06792946603e-09, 1.57763153652e-08, 1.91838420704e-08, 2.94108448706e-09, 2.18987739053e-09, 1.75168290983e-09, 4.03615407762e-09, 6.61056820395e-10, 3.19604481769e-10, 5.58510959703e-10, 4.01629007829e-10, 3.6378947077e-10, 1.12887713066e-10, 3.47666548328e-11, 3.04690370156e-11, 4.87076594335e-11, 5.834588368e-11, 5.92008525535e-11, 3.72419491079e-11, 2.9885233177e-11, 3.54221998955e-11, 4.4396035459e-11, 3.81191016252e-11, 3.59045501663e-11, 1.42329689701e-11, 9.15364659071e-12, 8.36534314042e-12],
        "dvar2": [2.10619054997e-05, 4.84753800265e-05, 2.1918604034e-05, 2.12688746615e-06, 7.44802150621e-07, 5.76983779865e-07, 5.07315633058e-07, 7.75495436756e-07, 2.14923190356e-07, 3.806662221e-07, 7.23097315358e-08, 4.71929020307e-08, 1.70276042155e-08, 7.38125960353e-09, 4.20208117191e-08, 4.91465073083e-08, 7.9156503574e-09, 5.73612268795e-09, 5.00388885882e-09, 1.12017009002e-08, 1.73923908608e-09, 8.56281157091e-10, 1.53613055609e-09, 1.14093112735e-09, 9.93572557562e-10, 3.00768354666e-10, 8.95150412128e-11, 8.00267144219e-11, 1.31036195783e-10, 1.55726417872e-10, 1.56800239459e-10, 8.90908041784e-11, 6.53196247091e-11, 7.8582369778e-11, 1.02168079552e-10, 8.68858249237e-11, 8.50069459268e-11, 3.15649728577e-11, 2.07217680515e-11, 1.9173126628e-11],
        "max": [0.0445515140891, 0.043279863894, 0.0246652346104, 0.0122342733666, 0.00839132908732, 0.00893047545105, 0.0106741571799, 0.0112689593807, 0.0068842722103, 0.00639712996781, 0.00322038424201, 0.00563595956191, 0.00370892439969, 0.00195491639897, 0.0034872868564, 0.00257665617391, 0.00135962490458, 0.000907960115001, 0.000659847166389, 0.00121050013695, 0.000366968015442, 0.000351806404069, 0.000436718575656, 0.000387670123018, 0.00028856145218, 0.000201451402972, 8.61813459778e-05, 7.13816625648e-05, 8.64167741383e-05, 0.000115315444418, 0.000109651155071, 0.000116896764666, 0.00012361665722, 0.000115658134746, 0.000107867490442, 0.000108239750261, 0.000104506245407, 8.20902860141e-05, 4.90635611641e-05, 3.99033961003e-05],
        "mean": [0.00451601156965, 0.0029594914522, 0.00140648265369, 0.00086739717517, 0.000779023626819, 0.00063498178497, 0.000687463965733, 0.000730746716727, 0.000363706087228, 0.000324224820361, 0.000172768355696, 0.000152599852299, 6.31289731245e-05, 3.63047365681e-05, 8.60435029608e-05, 8.86278357939e-05, 4.4125419663e-05, 4.12631743529e-05, 3.80845776817e-05, 4.34809626313e-05, 2.01511011255e-05, 1.41817754411e-05, 1.64317934832e-05, 1.10104310806e-05, 1.27652010633e-05, 8.96177334653e-06, 4.68137432108e-06, 4.54584551335e-06, 5.27171050635e-06, 4.99344696436e-06, 3.96332052333e-06, 3.33369598593e-06, 3.13706209454e-06, 3.11421831611e-06, 3.02372131955e-06, 2.8279050639e-06, 2.53456232713e-06, 2.03220838557e-06, 1.68431449765e-06, 1.5093141883e-06],
        "median": [0.000761219591368, 0.00126638240181, 0.000820007116999, 0.00061109586386, 0.000519009656273, 0.000307357287966, 0.000329050119035, 0.000273412384558, 0.000152005726704, 6.72546520946e-05, 6.06454268564e-05, 3.07491282001e-05, 1.94029562408e-05, 1.58835773618e-05, 2.52965182881e-05, 2.02984119824e-05, 1.75074928848e-05, 1.82174262591e-05, 1.63974327734e-05, 1.45355470522e-05, 8.92649768502e-06, 7.25980271454e-06, 6.97823816154e-06, 5.55900669497e-06, 6.82153540765e-06, 4.90612364956e-06, 2.72503757515e-06, 2.50744960795e-06, 2.60705201072e-06, 2.04619755095e-06, 1.09273889848e-06, 6.93176616551e-07, 5.84070846799e-07, 4.77373816921e-07, 4.3201941935e-07, 4.87148099637e-07, 4.36331674791e-07, 3.98267104629e-07, 3.70052021026e-07, 3.1457088312e-07],
        "min": [8.62194677148e-24, 4.27932349736e-24, 1.00363712191e-23, 6.54813558129e-24, 1.35199872874e-23, 2.18186257278e-23, 9.54228791263e-24, 1.48877585011e-23, 1.85892279748e-23, 4.79825947221e-24, 1.15380121284e-23, 5.75281587741e-24, 4.25145698588e-24, 9.32733041571e-24, 1.05232467035e-23, 4.36810979224e-24, 9.59981717187e-24, 1.39283032697e-23, 9.19215199985e-24, 8.52491845786e-24, 1.10569994583e-23, 1.22464723302e-23, 8.81694924294e-24, 1.32446543211e-23, 1.80181179229e-23, 6.14671029903e-24, 5.92387129281e-24, 7.30677206979e-24, 9.39431417289e-24, 9.80380713563e-24, 1.32914732159e-23, 1.0765116979e-23, 7.34657246904e-24, 1.06104150446e-23, 1.1655712542e-23, 1.19397182451e-23, 9.9547383149e-24, 9.87895402546e-24, 1.27287913539e-23, 1.20031316179e-23],
        "var": [6.44930696581e-05, 2.34160470427e-05, 5.05665229866e-06, 9.18969988106e-07, 7.20422974609e-07, 7.73638419105e-07, 9.90917214949e-07, 1.34474612423e-06, 3.42633313721e-07, 3.84415642429e-07, 8.70998988489e-08, 1.66437359894e-07, 3.78486042507e-08, 5.6247584368e-09, 2.66511150926e-08, 3.99469897161e-08, 5.58100898829e-09, 4.51077220021e-09, 3.2565508068e-09, 6.04796435155e-09, 9.67899205229e-10, 4.35252417441e-10, 7.66045338274e-10, 3.59151597351e-10, 4.48125231367e-10, 1.61648416874e-10, 4.36463157283e-11, 4.00401135858e-11, 6.04515326685e-11, 7.16355308406e-11, 6.43123818089e-11, 5.17529491484e-11, 5.10004885546e-11, 5.06963949987e-11, 5.47279443985e-11, 4.78508899171e-11, 4.02058837612e-11, 2.04516698715e-11, 1.29726533335e-11, 1.09967859471e-11]
    },
    "mfcc": {
        "mean": [-647.573608398, 134.32208252, 13.4096755981, 18.6676750183, 4.92315244675, -3.69581913948, -3.95549297333, -7.29021120071, 0.300386965275, 2.90467047691, 1.26668202877, 1.44301199913, -3.93285226822],
        "cov": [[11367.4355469, -1518.39099121, -466.467773438, 686.632141113, 721.060180664, 559.480163574, 241.718460083, 437.949554443, 259.912506104, 515.657958984, 394.614837646, 359.714935303, 225.025436401], [-1518.39099121, 1968.30822754, -214.264266968, -104.929290771, 1.36609113216, -163.803344727, 27.1511764526, -155.951782227, -49.1128997803, -80.4417114258, -39.149646759, -48.2147331238, -85.9824523926], [-466.467773438, -214.264266968, 874.345458984, 192.430160522, 93.531829834, 150.513671875, -43.4227867126, 78.2897644043, 24.9148082733, -7.17237472534, 44.5302886963, 35.7873344421, 83.1660079956], [686.632141113, -104.929290771, 192.430160522, 476.87600708, 189.252426147, 37.6921882629, 56.8721542358, 39.8006134033, 52.0230979919, 16.8766555786, 21.0881557465, 78.9660873413, 70.5436935425], [721.060180664, 1.36609113216, 93.531829834, 189.252426147, 282.737792969, 100.250137329, 37.1936378479, 103.049369812, 53.8573493958, 74.6015853882, 76.8183441162, 80.1072769165, 60.6242141724], [559.480163574, -163.803344727, 150.513671875, 37.6921882629, 100.250137329, 280.440704346, 76.0130844116, 135.821884155, 47.2563591003, 86.4783477783, 74.4929199219, 26.3122997284, 52.0905342102], [241.718460083, 27.1511764526, -43.4227867126, 56.8721542358, 37.1936378479, 76.0130844116, 178.999938965, 43.2893180847, 45.3589515686, 36.8473968506, 7.85002851486, -2.67956018448, -21.3394737244], [437.949554443, -155.951782227, 78.2897644043, 39.8006134033, 103.049369812, 135.821884155, 43.2893180847, 203.846496582, 58.2109107971, 73.7743148804, 57.6214294434, 36.8762283325, 41.9411659241], [259.912506104, -49.1128997803, 24.9148082733, 52.0230979919, 53.8573493958, 47.2563591003, 45.3589515686, 58.2109107971, 119.501823425, 71.0877532959, 44.5652389526, 17.5570449829, 16.9345359802], [515.657958984, -80.4417114258, -7.17237472534, 16.8766555786, 74.6015853882, 86.4783477783, 36.8473968506, 73.7743148804, 71.0877532959, 152.445510864, 86.8934707642, 46.6338768005, 35.2772903442], [394.614837646, -39.149646759, 44.5302886963, 21.0881557465, 76.8183441162, 74.4929199219, 7.85002851486, 57.6214294434, 44.5652389526, 86.8934707642, 151.187133789, 76.7308654785, 45.8017425537], [359.714935303, -48.2147331238, 35.7873344421, 78.9660873413, 80.1072769165, 26.3122997284, -2.67956018448, 36.8762283325, 17.5570449829, 46.6338768005, 76.7308654785, 127.07484436, 64.7221603394], [225.025436401, -85.9824523926, 83.1660079956, 70.5436935425, 60.6242141724, 52.0905342102, -21.3394737244, 41.9411659241, 16.9345359802, 35.2772903442, 45.8017425537, 64.7221603394, 118.526580811]],
