{
"lowlevel": {
    "average_loudness": 0.864995479584,
    "barkbands_crest": {
        "dmean": 2.58843493462,
        "dmean2": 3.82287836075,
        "dvar": 6.6720790863,
        "dvar2": 14.0044670105,
        "max": 25.93699646,
        "mean": 11.1454992294,
        "median": 9.85720443726,
        "min": 2.08393478394,
        "var": 29.1016769409
    },
    "barkbands_flatness_db": {
        "dmean": 0.0255773849785,
        "dmean2": 0.0363159738481,
        "dvar": 0.000810978526715,
        "dvar2": 0.00162205693778,
        "max": 0.538786649704,
        "mean": 0.13860437274,
        "median": 0.121837303042,
        "min": 0.0133706498891,
        "var": 0.00554592162371
    },
    "barkbands_kurtosis": {
        "dmean": 6.28431749344,
        "dmean2": 9.00086116791,
        "dvar": 294.266540527,
        "dvar2": 583.436706543,
        "max": 724.613952637,
        "mean": 10.7529687881,
        "median": 3.62619352341,
        "min": -1.9488016367,
        "var": 725.167419434
    },
    "barkbands_skewness": {
        "dmean": 0.703450739384,
        "dmean2": 0.994896948338,
        "dvar": 0.835464537144,
        "dvar2": 1.5796751976,
        "max": 20.5330352783,
        "mean": 2.16362571716,
        "median": 1.79584479332,
        "min": -4.46519231796,
        "var": 3.76904463768
    },
    "barkbands_spread": {
        "dmean": 7.45942640305,
        "dmean2": 10.7535400391,
        "dvar": 100.038673401,
        "dvar2": 184.870635986,
        "max": 121.108078003,
        "mean": 23.9966125488,
        "median": 18.6283950806,
        "min": 0.21886074543,
        "var": 362.323425293
    },
    "dissonance": {
        "dmean": 0.0215669646859,
        "dmean2": 0.0353786274791,
        "dvar": 0.000577292346861,
        "dvar2": 0.00155133916996,
        "max": 0.500000178814,
        "mean": 0.457037478685,
        "median": 0.466987162828,
        "min": 0.151387512684,
        "var": 0.00144787563477
    },
    "dynamic_complexity": 3.64515376091,
    "erbbands_crest": {
        "dmean": 2.57252573967,
        "dmean2": 4.07651901245,
        "dvar": 6.12313985825,
        "dvar2": 14.8294582367,
        "max": 31.8224105835,
        "mean": 8.72229290009,
        "median": 7.62878084183,
        "min": 2.03797698021,
        "var": 20.003446579
    },
    "erbbands_flatness_db": {
        "dmean": 0.017651701346,
        "dmean2": 0.0251661930233,
        "dvar": 0.000329661736032,
        "dvar2": 0.000665245752316,
        "max": 0.452041745186,
        "mean": 0.134583368897,
        "median": 0.124836795032,
        "min": 0.0450721010566,
        "var": 0.00239705783315
    },
    "erbbands_kurtosis": {
        "dmean": 1.56697463989,
        "dmean2": 2.45914649963,
        "dvar": 19.047700882,
        "dvar2": 49.1508789062,
        "max": 141.075363159,
        "mean": 1.53772056103,
        "median": -0.126933574677,
        "min": -1.84423851967,
        "var": 37.6650619507
    },
    "erbbands_skewness": {
        "dmean": 0.441456437111,
        "dmean2": 0.647798120975,
        "dvar": 0.235328778625,
        "dvar2": 0.496451616287,
        "max": 9.44629955292,
        "mean": 0.622925162315,
        "median": 0.538164913654,
        "min": -4.09203243256,
        "var": 1.07959723473
    },
    "erbbands_spread": {
        "dmean": 10.6995325089,
        "dmean2": 15.7146968842,
        "dvar": 145.916046143,
        "dvar2": 301.754821777,
        "max": 161.641815186,
        "mean": 47.2053031921,
        "median": 44.7248497009,
        "min": 0.676988303661,
        "var": 577.010131836
    },
    "hfc": {
        "dmean": 9.74464893341,
        "dmean2": 14.0242443085,
        "dvar": 255.098114014,
        "dvar2": 587.202453613,
        "max": 167.156997681,
        "mean": 25.0443191528,
        "median": 17.5986614227,
        "min": 1.09901611699e-16,
        "var": 629.819152832
    },
    "melbands_crest": {
        "dmean": 3.32507014275,
        "dmean2": 5.03368806839,
        "dvar": 10.9131803513,
        "dvar2": 25.1274490356,
        "max": 38.9523239136,
        "mean": 15.4295377731,
        "median": 13.8259124756,
        "min": 1.69567942619,
        "var": 51.6652488708
    },
    "melbands_flatness_db": {
        "dmean": 0.0307453162968,
        "dmean2": 0.0428715981543,
        "dvar": 0.00124574278016,
        "dvar2": 0.00243537127972,
        "max": 0.677583754063,
        "mean": 0.209060207009,
        "median": 0.193289026618,
        "min": 0.00201061111875,
        "var": 0.00896518584341
    },
    "melbands_kurtosis": {
        "dmean": 13.6392230988,
        "dmean2": 20.1975326538,
        "dvar": 969.143676758,
        "dvar2": 1978.36132812,
        "max": 819.477844238,
        "mean": 26.8121356964,
        "median": 12.2503871918,
        "min": -1.82897615433,
        "var": 2525.67944336
    },
    "melbands_skewness": {
        "dmean": 0.926633059978,
        "dmean2": 1.35652661324,
        "dvar": 1.39527738094,
        "dvar2": 2.74452924728,
        "max": 21.3364143372,
        "mean": 3.39278674126,
        "median": 2.86406993866,
        "min": -4.63811635971,
        "var": 5.98016452789
    },
    "melbands_spread": {
        "dmean": 7.85059022903,
        "dmean2": 11.4150772095,
        "dvar": 182.633056641,
        "dvar2": 323.647979736,
        "max": 287.109222412,
        "mean": 22.8148174286,
        "median": 15.588599205,
        "min": 0.218892559409,
        "var": 666.838256836
    },
    "pitch_salience": {
        "dmean": 0.0769018903375,
        "dmean2": 0.119312599301,
        "dvar": 0.00726589560509,
        "dvar2": 0.016684807837,
        "max": 0.970974564552,
        "mean": 0.544600903988,
        "median": 0.575865030289,
        "min": 0.0624835416675,
        "var": 0.027657110244
    },
    "silence_rate_20dB": {
        "dmean": 0,
        "dmean2": 0,
        "dvar": 0,
        "dvar2": 0,
        "max": 1,
        "mean": 1,
        "median": 1,
        "min": 1,
        "var": 0
    },
    "silence_rate_30dB": {
        "dmean": 0.0391171313822,
        "dmean2": 0.078242816031,
        "dvar": 0.0375850088894,
        "dvar2": 0.0793289393187,
        "max": 1,
        "mean": 0.950398802757,
        "median": 1,
        "min": 0,
        "var": 0.0471450947225
    },
    "silence_rate_60dB": {
        "dmean": 0.0222902093083,
        "dmean2": 0.0445852912962,
        "dvar": 0.0217987056822,
        "dvar2": 0.0482759550214,
        "max": 1,
        "mean": 0.0917731896043,
        "median": 0,
        "min": 0,
        "var": 0.0833521485329
    },
    "spectral_centroid": {
        "dmean": 288.544250488,
        "dmean2": 422.983215332,
        "dvar": 158251.875,
        "dvar2": 300230.03125,
        "max": 11589.8408203,
        "mean": 1344.88842773,
        "median": 1111.98449707,
        "min": 112.765739441,
        "var": 1221320.75
    },
    "spectral_complexity": {
        "dmean": 4.43881130219,
        "dmean2": 6.54988527298,
        "dvar": 33.4818191528,
        "dvar2": 67.0822143555,
        "max": 60,
        "mean": 17.8914012909,
        "median": 15,
        "min": 0,
        "var": 150.87689209
    },
    "spectral_decrease": {
        "dmean": 2.33381824977e-09,
        "dmean2": 3.05118685873e-09,
        "dvar": 1.03850201529e-17,
        "dvar2": 1.47866293448e-17,
        "max": 4.46689897129e-18,
        "mean": -8.50860892854e-09,
        "median": -6.35972341456e-09,
        "min": -4.1307195886e-08,
        "var": 6.44385277707e-17
    },
    "spectral_energy": {
        "dmean": 0.00922192353755,
        "dmean2": 0.0121784023941,
        "dvar": 0.000156216920004,
        "dvar2": 0.000229150478845,
        "max": 0.157225102186,
        "mean": 0.0343851000071,
        "median": 0.026287291199,
        "min": 1.01108951991e-20,
        "var": 0.000972807290964
    },
    "spectral_energyband_high": {
        "dmean": 0.000828479242045,
        "dmean2": 0.00117275677621,
        "dvar": 2.11495671465e-06,
        "dvar2": 4.56979887531e-06,
        "max": 0.0193576235324,
        "mean": 0.00155316910241,
        "median": 0.000626944354735,
        "min": 7.12145638741e-21,
        "var": 4.94967935083e-06
    },
    "spectral_energyband_low": {
        "dmean": 0.00626846076921,
        "dmean2": 0.00810720212758,
        "dvar": 0.000170074825292,
        "dvar2": 0.000234925901168,
        "max": 0.149446696043,
        "mean": 0.0166300013661,
        "median": 0.00429398147389,
        "min": 2.63315695934e-23,
        "var": 0.000787413737271
    },
    "spectral_energyband_middle_high": {
        "dmean": 0.00157302629668,
        "dmean2": 0.0024697794579,
        "dvar": 7.8402699728e-06,
        "dvar2": 1.97195840883e-05,
        "max": 0.0394421964884,
        "mean": 0.00379359908402,
        "median": 0.00215362058952,
        "min": 1.2139189519e-21,
        "var": 2.1273850507e-05
    },
    "spectral_energyband_middle_low": {
        "dmean": 0.00484910281375,
        "dmean2": 0.00757133308798,
        "dvar": 4.58299873571e-05,
        "dvar2": 0.000112685578642,
        "max": 0.0712570697069,
        "mean": 0.0132876541466,
        "median": 0.0107088591903,
        "min": 1.7223934731e-22,
        "var": 0.000126658240333
    },
    "spectral_entropy": {
        "dmean": 0.201135009527,
        "dmean2": 0.281157851219,
        "dvar": 0.0517771691084,
        "dvar2": 0.101239711046,
        "max": 9.81772899628,
        "mean": 7.68186330795,
        "median": 7.7685174942,
        "min": 4.64902496338,
        "var": 0.367973983288
    },
    "spectral_flux": {
        "dmean": 0.026212990284,
        "dmean2": 0.0380189493299,
        "dvar": 0.00106524548028,
        "dvar2": 0.00177018588874,
        "max": 0.336268603802,
        "mean": 0.083870626986,
        "median": 0.0729817897081,
        "min": 6.44371916936e-11,
        "var": 0.00339006213471
    },
    "spectral_kurtosis": {
        "dmean": 1.2223495245,
        "dmean2": 1.83834075928,
        "dvar": 4.01617574692,
        "dvar2": 9.20760726929,
        "max": 58.5731086731,
        "mean": 3.85999250412,
        "median": 2.98155975342,
        "min": -1.27718698978,
        "var": 15.464676857
    },
    "spectral_rms": {
        "dmean": 0.000737219117582,
        "dmean2": 0.00097531650681,
        "dvar": 7.09386767994e-07,
        "dvar2": 1.05190076738e-06,
        "max": 0.0123850852251,
        "mean": 0.00516219483688,
        "median": 0.00506420154124,
        "min": 3.1407465604e-12,
        "var": 6.8981394179e-06
    },
    "spectral_rolloff": {
        "dmean": 742.548583984,
        "dmean2": 1171.62878418,
        "dvar": 2045169.5,
        "dvar2": 3784159.75,
        "max": 19530.6152344,
        "mean": 1886.82507324,
        "median": 775.1953125,
        "min": 21.533203125,
        "var": 7741745
    },
    "spectral_skewness": {
        "dmean": 0.212577491999,
        "dmean2": 0.304859608412,
        "dvar": 0.0663309693336,
        "dvar2": 0.12960767746,
        "max": 5.9403014183,
        "mean": 1.58265972137,
        "median": 1.48918950558,
        "min": -0.0742058232427,
        "var": 0.386769384146
    },
    "spectral_spread": {
        "dmean": 743190.3125,
        "dmean2": 1040442.0625,
        "dvar": 912208691200,
        "dvar2": 1.71711725568e+12,
        "max": 42368056,
        "mean": 6386416.5,
        "median": 5873958.5,
        "min": 1242048.125,
        "var": 1.16949621146e+13
    },
    "spectral_strongpeak": {
        "dmean": 0.354288250208,
        "dmean2": 0.576156139374,
        "dvar": 0.282611399889,
        "dvar2": 0.669433236122,
        "max": 7.29139137268,
        "mean": 0.750466704369,
        "median": 0.520645737648,
        "min": 0,
        "var": 0.553169727325
    },
    "zerocrossingrate": {
        "dmean": 0.0164802391082,
        "dmean2": 0.0173630919307,
        "dvar": 0.000441914889961,
        "dvar2": 0.000409207685152,
        "max": 0.8427734375,
        "mean": 0.076784722507,
        "median": 0.05908203125,
        "min": 0.0009765625,
        "var": 0.00501836836338
    },
    "barkbands": {
        "dmean": [0.000411189714214, 0.00555743044242, 0.00250054500066, 0.00100173882674, 0.00211685802788, 0.00169616821222, 0.0010505184764, 0.00067452917574, 0.000933363742661, 0.000456992449472, 0.000300979940221, 0.000241870729951, 0.000203212257475, 0.000330047187163, 0.000238870692556, 0.000179170601768, 0.000202760624234, 0.000209010569961, 0.000153233064339, 0.000143789191497, 0.000152039254317, 0.000149163897731, 0.000131700566271, 0.000150152205606, 0.00016768554633, 0.000106628911453, 1.40568263305e-05],
        "dmean2": [0.000505783944391, 0.00729530630633, 0.00430243881419, 0.00178172567394, 0.0034484337084, 0.00256993924268, 0.00161999266129, 0.00104413321242, 0.00145948433783, 0.000714417197742, 0.000467524543637, 0.000389265303966, 0.000337471225066, 0.000572705524974, 0.000397931784391, 0.000291150005069, 0.000331551156705, 0.000339814607287, 0.000245244533289, 0.000233826955082, 0.000243651098572, 0.00022574578179, 0.00019308096671, 0.000214359795791, 0.000233743921854, 0.000158135473612, 2.28496464842e-05],
        "dvar": [1.15247337362e-06, 0.000185852477443, 6.83742036927e-05, 5.70833026359e-06, 1.70133080246e-05, 8.39945187181e-06, 3.83513133784e-06, 1.69275188e-06, 3.27863926941e-06, 1.42321255225e-06, 3.61231428769e-07, 2.40191724288e-07, 2.85884908635e-07, 6.90483318522e-07, 2.39653843437e-07, 1.02111663125e-07, 1.22726063978e-07, 1.45251163985e-07, 8.56103170577e-08, 7.43013615079e-08, 8.95075302765e-08, 7.25938349433e-08, 6.40527275664e-08, 7.68039711829e-08, 1.01812865694e-07, 5.05158901376e-08, 1.63463620417e-09],
        "dvar2": [1.74454623902e-06, 0.000297761434922, 0.00018478052516, 1.65659348568e-05, 4.41630800196e-05, 2.00424728973e-05, 8.45298745844e-06, 3.83473934562e-06, 7.71985196479e-06, 3.03800402435e-06, 8.16976466922e-07, 5.96932807184e-07, 7.38636174447e-07, 1.98743737201e-06, 6.26048745289e-07, 2.54629867413e-07, 3.17200573363e-07, 3.65684911685e-07, 2.10672283174e-07, 1.90291444824e-07, 2.2051472115e-07, 1.62530056969e-07, 1.4019946093e-07, 1.55639625632e-07, 2.12257148746e-07, 1.21387614627e-07, 4.10833544962e-09],
        "max": [0.0124406861141, 0.143137097359, 0.0799303501844, 0.0256492234766, 0.0633983686566, 0.0542541928589, 0.0399732738733, 0.0285648107529, 0.0306419022381, 0.0408476144075, 0.0123657258227, 0.0112126879394, 0.013557061553, 0.0154498759657, 0.00991823710501, 0.00461074104533, 0.0051020863466, 0.00608179112896, 0.00397766055539, 0.00296809477732, 0.00355243100785, 0.0050280536525, 0.00529315788299, 0.00381380040199, 0.00473869685084, 0.00246204109862, 0.000560366839636],
        "mean": [0.000599249906372, 0.0123506933451, 0.00301976175979, 0.00125811819453, 0.00343709881417, 0.00354826985858, 0.00186725391541, 0.00113209418487, 0.00157495122403, 0.00076522846939, 0.000487764598802, 0.000407142884796, 0.0002869979362, 0.000403704878408, 0.000328788679326, 0.000278041086858, 0.000336401222739, 0.00035255542025, 0.000271486263955, 0.000252236088272, 0.000258617510553, 0.00025809352519, 0.000213867635466, 0.000257170817349, 0.000281893531792, 0.000144091405673, 1.35233076435e-05],
        "median": [2.33792052313e-05, 0.00100701116025, 0.000822036294267, 0.000515296298545, 0.00177835649811, 0.00185371167026, 0.000748951046262, 0.000457519025076, 0.000507017131895, 0.000213657331187, 0.000175742708961, 0.000145749567309, 8.72364544193e-05, 9.28103327169e-05, 0.000102645812149, 8.79390427144e-05, 0.000116286057164, 0.000123765392345, 9.7793614259e-05, 9.79800970526e-05, 8.73710450833e-05, 8.24632152217e-05, 6.66871201247e-05, 9.59487588261e-05, 9.91287961369e-05, 4.06188810302e-05, 1.06253582999e-06],
        "min": [7.92904606221e-25, 3.08590139057e-24, 2.37326949513e-24, 1.88796857712e-24, 5.66581990235e-24, 1.16082097049e-23, 7.41952080353e-24, 6.14299397531e-24, 2.06815253314e-23, 1.60120967058e-23, 2.38407144639e-23, 2.47832912274e-23, 3.02146758682e-23, 3.5418870146e-23, 4.06682219775e-23, 6.56366351935e-23, 7.46897985793e-23, 1.23384787553e-22, 1.37989606891e-22, 1.18949104724e-22, 2.12158498526e-22, 3.67322036463e-22, 4.58579207784e-22, 5.33793472648e-22, 9.11865651144e-22, 1.35306341329e-21, 1.88495781375e-21],
        "var": [2.51507594839e-06, 0.000627009780146, 5.27445336047e-05, 4.78552601635e-06, 2.46863401117e-05, 2.35597217397e-05, 1.00356955954e-05, 3.7140277982e-06, 7.32757007427e-06, 3.78161939807e-06, 7.5943654565e-07, 5.44414831438e-07, 4.05057392072e-07, 8.15263206277e-07, 3.67295825754e-07, 2.04011556093e-07, 2.47930273645e-07, 2.87924251552e-07, 1.78326459377e-07, 1.42029989547e-07, 1.53917738999e-07, 1.60118332815e-07, 1.39636242125e-07, 1.8438568361e-07, 2.22719137355e-07, 6.8868963865e-08, 1.55168011773e-09]
    },
    "erbbands": {
        "dmean": [0.209939822555, 1.29002475739, 2.76498699188, 3.0894138813, 4.73202085495, 8.24615001678, 12.5289793015, 12.7894430161, 13.7253141403, 14.9018335342, 17.1283607483, 20.035774231, 17.6572341919, 11.5695266724, 8.6429643631, 9.70153999329, 9.21278858185, 15.0390758514, 13.9562349319, 10.2784080505, 9.3884344101, 10.9292240143, 11.2992544174, 9.4845085144, 7.23974514008, 6.76318264008, 5.55402231216, 6.44007444382, 5.37661027908, 4.51253128052, 3.72808790207, 3.21812367439, 2.55381393433, 1.88703227043, 1.21974742413, 0.587168037891, 0.165219739079, 0.0306286420673, 0.00223540258594, 4.64011463919e-05],
        "dmean2": [0.222010344267, 1.71416509151, 4.35919713974, 5.38370609283, 7.93396663666, 13.4937381744, 19.1589374542, 19.6324081421, 21.8386592865, 22.7590751648, 26.4430274963, 31.6546039581, 27.5649852753, 18.4321155548, 13.5572252274, 15.5365552902, 15.1866140366, 25.8399734497, 24.0627555847, 16.6937236786, 15.3683958054, 17.7821502686, 18.1346950531, 15.3223743439, 11.5460882187, 11.04317379, 8.89562702179, 10.3328380585, 8.23603725433, 6.80941438675, 5.46199226379, 4.66704750061, 3.68392467499, 2.65050363541, 1.75296294689, 0.876227736473, 0.244758754969, 0.0460490137339, 0.00360870989971, 6.94367699907e-05],
        "dvar": [0.23607763648, 12.1273021698, 74.0136566162, 66.8091964722, 91.4243240356, 336.738342285, 506.203826904, 633.073059082, 586.74029541, 817.588500977, 1240.27416992, 1635.22680664, 2161.73461914, 647.56842041, 298.71887207, 374.097015381, 491.512115479, 1318.16125488, 1221.33703613, 395.850463867, 282.753417969, 361.102478027, 427.26361084, 367.323486328, 183.334274292, 178.73008728, 117.641281128, 165.822418213, 96.0301971436, 72.8717803955, 52.4211654663, 34.8148841858, 23.0943660736, 12.4057130814, 5.80012607574, 1.48836362362, 0.1267028898, 0.00535859866068, 4.66316523671e-05, 1.18560308238e-08],
        "dvar2": [0.238742694259, 21.3859443665, 184.019195557, 187.19543457, 238.06640625, 903.990478516, 1253.8125, 1516.14099121, 1480.55761719, 1725.22875977, 2986.94360352, 3976.22900391, 4616.89160156, 1510.28759766, 667.850830078, 929.786499023, 1281.59741211, 3758.16625977, 3444.19116211, 948.321166992, 696.396118164, 925.637390137, 1057.51464844, 934.438415527, 452.470428467, 457.168334961, 288.032043457, 415.02142334, 219.281066895, 159.939743042, 114.898330688, 71.3735427856, 48.1554908752, 24.8911209106, 12.8779125214, 3.60127568245, 0.303383976221, 0.0126693034545, 0.000117552721349, 2.88279906613e-08],
        "max": [6.87479972839, 34.4642982483, 89.6744537354, 87.9326400757, 138.675048828, 338.172698975, 437.087432861, 571.111694336, 416.876037598, 642.165649414, 557.437438965, 776.953308105, 1618.84777832, 644.079956055, 489.478881836, 458.877380371, 544.898864746, 891.257507324, 430.748840332, 569.048339844, 300.265625, 297.872467041, 413.822540283, 281.491577148, 223.868347168, 151.713363647, 138.066925049, 175.012512207, 194.780715942, 176.767608643, 147.804519653, 89.7393569946, 65.6891784668, 53.0271339417, 35.4548225403, 13.6624164581, 4.59595251083, 0.801672518253, 0.113799758255, 0.00164077151567],
        "mean": [0.461354523897, 2.32979917526, 3.71653413773, 4.02542734146, 6.75713157654, 13.0613851547, 24.2285232544, 25.6559429169, 24.8043956757, 27.5982646942, 30.34649086, 34.4515647888, 30.8910808563, 19.3182430267, 14.8891944885, 17.4096603394, 14.6395492554, 20.3931312561, 17.4441051483, 16.6187534332, 15.9213647842, 19.0249176025, 19.7469577789, 16.3128967285, 12.9616136551, 11.7787504196, 9.79371738434, 10.6888513565, 9.31629657745, 7.44796609879, 6.02877235413, 5.36794567108, 4.33468055725, 3.24034690857, 1.9414254427, 0.81891053915, 0.219079598784, 0.0373269282281, 0.00219881231897, 8.62986489665e-05],
        "median": [0.0161780659109, 0.286595761776, 1.11955761909, 1.83660840988, 3.37806153297, 5.68880462646, 12.5588521957, 12.7196302414, 11.4915294647, 10.7688560486, 12.3295345306, 11.9567155838, 9.09781169891, 7.82574462891, 5.77603912354, 6.64265727997, 5.37271738052, 5.48638391495, 5.43949699402, 6.00765991211, 5.59095191956, 6.90150403976, 7.34939098358, 4.9817442894, 5.44770145416, 4.5326590538, 3.47205805779, 3.56275367737, 2.97454667091, 2.50611209869, 1.87999534607, 1.81018662453, 1.69797646999, 1.18489682674, 0.642891645432, 0.245725363493, 0.0602231621742, 0.00725473603234, 0.000228265591431, 4.93897678098e-05],
        "min": [9.8113167759e-23, 4.5220016296e-22, 3.21758071764e-21, 6.87197257543e-21, 7.80145054972e-21, 1.6250869478e-20, 4.64585861793e-20, 7.40755683554e-20, 1.12452696885e-19, 1.27785523515e-19, 2.99342498215e-19, 4.85997302702e-19, 6.90779046531e-19, 8.87841075594e-19, 1.22183427307e-18, 1.40485067193e-18, 1.8938699239e-18, 1.75218629268e-18, 2.26531393041e-18, 2.88942190937e-18, 3.8914182522e-18, 4.57453295336e-18, 5.85023777741e-18, 6.50141214e-18, 8.05872770846e-18, 6.14678740369e-18, 7.37781661644e-18, 1.10335984091e-17, 1.01580939051e-17, 1.11798497316e-17, 1.27562301589e-17, 9.52748035746e-18, 8.45399679135e-18, 8.26600676226e-18, 6.90206327354e-18, 4.52494182128e-18, 2.36613856168e-18, 1.01260896669e-18, 2.57989774839e-19, 2.66919276794e-20],
        "var": [1.01430547237, 26.2594242096, 73.4371109009, 52.0448493958, 115.573760986, 463.08996582, 1196.30029297, 1539.23193359, 1272.6973877, 2310.41577148, 2675.93701172, 3559.62036133, 5677.58886719, 1276.95141602, 755.193908691, 909.556213379, 758.542907715, 1755.01843262, 1195.39697266, 756.818115234, 597.105895996, 757.447570801, 946.76739502, 724.034667969, 348.723937988, 325.702728271, 221.714324951, 264.537597656, 207.701599121, 153.76461792, 113.013526917, 83.1195678711, 52.417766571, 29.2616825104, 10.9419240952, 2.13904953003, 0.167672500014, 0.00646014185622, 4.31306325481e-05, 1.5387998431e-08]
    },
    "gfcc": {
        "mean": [-9.47446346283, 69.4070739746, -90.5263290405, 27.0767784119, -65.5828170776, 9.91467666626, -44.8164825439, 15.3037805557, -27.4499492645, 6.27219295502, -18.9580917358, 2.48710608482, -10.8036270142],
        "cov": [[25408.7597656, -746.070373535, -1089.4206543, 755.787536621, -804.959899902, 338.41619873, -1090.51965332, 230.68321228, -541.281005859, 381.199859619, -234.183532715, 597.801330566, -121.562515259], [-746.070373535, 1780.05895996, 2.28774666786, -86.5758056641, 212.124801636, -53.0202484131, 183.139343262, 26.0224437714, 66.597328186, -82.3069381714, 157.689559937, -131.640808105, 90.0943450928], [-1089.4206543, 2.28774666786, 1004.52709961, 281.929199219, 159.698028564, 123.178062439, 110.181999207, 91.0328903198, 96.4058303833, 78.6505050659, 47.4224433899, 73.6868362427, 68.1553726196], [755.787536621, -86.5758056641, 281.929199219, 621.278137207, 189.457000732, 122.303924561, 94.337562561, 53.3611564636, 107.26914978, 83.6778793335, 38.9505233765, 84.8558654785, 71.5713653564], [-804.959899902, 212.124801636, 159.698028564, 189.457000732, 420.322906494, 109.685577393, 193.561157227, 78.5127944946, 134.341156006, 53.0709877014, 82.8242874146, 14.6066942215, 42.6635704041], [338.41619873, -53.0202484131, 123.178062439, 122.303924561, 109.685577393, 268.261901855, 175.807159424, 50.1403465271, 48.4182472229, 65.9150543213, 37.7051048279, 38.4408416748, -0.638180971146], [-1090.51965332, 183.139343262, 110.181999207, 94.337562561, 193.561157227, 175.807159424, 404.671447754, 81.4530334473, 135.826293945, 41.3070793152, 80.5205688477, 7.48780488968, 22.2269954681], [230.68321228, 26.0224437714, 91.0328903198, 53.3611564636, 78.5127944946, 50.1403465271, 81.4530334473, 181.221694946, 85.7716369629, 48.7690162659, 19.481344223, 24.8205375671, 13.5722761154], [-541.281005859, 66.597328186, 96.4058303833, 107.26914978, 134.341156006, 48.4182472229, 135.826293945, 85.7716369629, 203.445114136, 65.1881790161, 56.932308197, 24.9841804504, 26.1121463776], [381.199859619, -82.3069381714, 78.6505050659, 83.6778793335, 53.0709877014, 65.9150543213, 41.3070793152, 48.7690162659, 65.1881790161, 116.019889832, 48.373336792, 51.0451087952, 10.4953727722], [-234.183532715, 157.689559937, 47.4224433899, 38.9505233765, 82.8242874146, 37.7051048279, 80.5205688477, 19.481344223, 56.932308197, 48.373336792, 121.102378845, 40.0520553589, 26.1911811829], [597.801330566, -131.640808105, 73.6868362427, 84.8558654785, 14.6066942215, 38.4408416748, 7.48780488968, 24.8205375671, 24.9841804504, 51.0451087952, 40.0520553589, 122.208396912, 32.7082595825], [-121.562515259, 90.0943450928, 68.1553726196, 71.5713653564, 42.6635704041, -0.638180971146, 22.2269954681, 13.5722761154, 26.1121463776, 10.4953727722, 26.1911811829, 32.7082595825, 94.7652740479]],
        "icov": [[0.000106937630335, -0.000144768782775, 0.000191525541595, -0.000219881068915, 0.000164371376741, -0.00029811062268, 0.00032963702688, -0.000287947565084, 0.000285755726509, -0.000394946197048, 0.000367635977454, -0.000614742748439, 0.000266619288595], [-0.000144768782775, 0.0011561823776, -0.000275888072792, 0.000399448268581, -0.000435217603808, 0.000564805173781, -0.000559527077712, 0.000108038257167, -0.00031464791391, 0.00145339698065, -0.00222809426486, 0.00226845941506, -0.0013140871888], [0.000191525541595, -0.000275888072792, 0.00156719470397, -0.000741441443097, 0.000169370425283, -0.000787582830526, 0.000609954877291, -0.000798501190729, 0.000478702539112, -0.000879439467099, 0.000754885782953, -0.00129944900982, 3.59247824235e-05], [-0.000219881068915, 0.000399448268581, -0.000741441443097, 0.00288643827662, -0.00111480115447, 2.83889057755e-05, -0.000459838309325, 0.00097340362845, -0.00118670880329, 0.000294392288197, -3.40289552696e-05, 0.000490212929435, -0.00170343415812], [0.000164371376741, -0.000435217603808, 0.000169370425283, -0.00111480115447, 0.0042524645105, -0.000995053676888, -0.000170602987055, -0.000882546242792, -0.000672186783049, -0.000419345131377, -0.000661729893181, -8.62197193783e-05, 3.43078063452e-05], [-0.00029811062268, 0.000564805173781, -0.000787582830526, 2.83889057755e-05, -0.000995053676888, 0.00762218330055, -0.00397336576134, 0.0006158426404, 0.00108124141116, -0.00166975159664, -0.000415207061451, 0.000787000521086, 0.000698782154359], [0.00032963702688, -0.000559527077712, 0.000609954877291, -0.000459838309325, -0.000170602987055, -0.00397336576134, 0.00617627007887, -0.001448699506, -0.00141136616003, 0.000617885321844, -0.000611904426478, -0.00098055950366, 0.000500331749208], [-0.000287947565084, 0.000108038257167, -0.000798501190729, 0.00097340362845, -0.000882546242792, 0.0006158426404, -0.001448699506, 0.00842806883156, -0.00305828289129, -0.00101716665085, 0.00114752014633, 0.000458962138509, -0.000618982943706], [0.000285755726509, -0.00031464791391, 0.000478702539112, -0.00118670880329, -0.000672186783049, 0.00108124141116, -0.00141136616003, -0.00305828289129, 0.0100816097111, -0.00436556944624, -7.37687469154e-06, -0.00109062879346, 0.000380637298804], [-0.000394946197048, 0.00145339698065, -0.000879439467099, 0.000294392288197, -0.000419345131377, -0.00166975159664, 0.000617885321844, -0.00101716665085, -0.00436556944624, 0.0179312694818, -0.00701261218637, 0.000338549580192, -0.000261636916548], [0.000367635977454, -0.00222809426486, 0.000754885782953, -3.40289552696e-05, -0.000661729893181, -0.000415207061451, -0.000611904426478, 0.00114752014633, -7.37687469154e-06, -0.00701261218637, 0.0175324752927, -0.0076803942211, 0.000930902780965], [-0.000614742748439, 0.00226845941506, -0.00129944900982, 0.000490212929435, -8.62197193783e-05, 0.000787000521086, -0.00098055950366, 0.000458962138509, -0.00109062879346, 0.000338549580192, -0.0076803942211, 0.0180116519332, -0.0060035190545], [0.000266619288595, -0.0013140871888, 3.59247824235e-05, -0.00170343415812, 3.43078063452e-05, 0.000698782154359, 0.000500331749208, -0.000618982943706, 0.000380637298804, -0.000261636916548, 0.000930902780965, -0.0060035190545, 0.0151038840413]]
    },
    "melbands": {
        "dmean": [0.0015943053877, 0.00135039689485, 0.000544466718566, 0.00047540810192, 0.000402803620091, 0.000294901343295, 0.000214270141441, 0.000154047549586, 0.000158045731951, 0.000126082639326, 8.7215230451e-05, 4.59052134829e-05, 3.14576427627e-05, 2.32438487728e-05, 2.72397028311e-05, 2.12802478927e-05, 3.14810458804e-05, 2.43935155595e-05, 1.89504517039e-05, 1.3660289369e-05, 1.1169845493e-05, 1.24726420836e-05, 1.18647703857e-05, 8.64246430865e-06, 8.2722535808e-06, 5.64164292882e-06, 5.36967490916e-06, 4.64533286504e-06, 3.50649634129e-06, 3.9568280954e-06, 3.95760662286e-06, 3.25599353346e-06, 2.93752327707e-06, 2.44808188654e-06, 2.20242827709e-06, 2.14867600334e-06, 2.01975876735e-06, 1.8562158175e-06, 1.73053206254e-06, 1.61031516654e-06],
        "dmean2": [0.00196642801166, 0.00186196435243, 0.000929393805563, 0.000787145865615, 0.000621600251179, 0.000451015570434, 0.00033546803752, 0.000235866289586, 0.000244362832746, 0.000199136004085, 0.00013644923456, 7.37124864827e-05, 4.95749300171e-05, 3.72845206584e-05, 4.40231415268e-05, 3.56064592779e-05, 5.43542373634e-05, 4.2622028559e-05, 3.12183728965e-05, 2.21338505071e-05, 1.84170658031e-05, 2.050618059e-05, 1.9297012841e-05, 1.3948331798e-05, 1.34794709084e-05, 9.08952642931e-06, 8.68052029546e-06, 7.68900463299e-06, 5.7063202803e-06, 6.38222036287e-06, 6.4116620706e-06, 5.04711761096e-06, 4.53861730421e-06, 3.74667001779e-06, 3.29886256623e-06, 3.21787456414e-06, 2.95150039165e-06, 2.73454134003e-06, 2.53387133853e-06, 2.28977455663e-06],
        "dvar": [1.39898002089e-05, 1.3511465113e-05, 1.69800955518e-06, 9.6105850389e-07, 4.95914775911e-07, 2.88460199727e-07, 1.42574194228e-07, 8.61733724378e-08, 1.1713654402e-07, 6.54124931998e-08, 5.36877458046e-08, 1.02703214822e-08, 3.52652640423e-09, 2.25640861551e-09, 3.16491832741e-09, 3.83767773116e-09, 6.07078298742e-09, 4.43754055723e-09, 1.49375933844e-09, 6.79105827128e-10, 4.32326702215e-10, 4.97634822239e-10, 4.49673076552e-10, 2.39575109751e-10, 2.91276336384e-10, 1.19717277758e-10, 9.8492623779e-11, 8.47847694829e-11, 4.85037184028e-11, 5.88514584288e-11, 6.5690133888e-11, 3.57657480021e-11, 2.96843764847e-11, 2.25801530251e-11, 1.89985353838e-11, 1.70855274373e-11, 1.36739491258e-11, 1.20934668529e-11, 1.08761567461e-11, 9.05631819537e-12],
        "dvar2": [1.86488396139e-05, 2.61686218437e-05, 4.62805792267e-06, 2.55483155343e-06, 1.25234021198e-06, 6.93193612733e-07, 3.39424843787e-07, 1.80728804366e-07, 2.77076338762e-07, 1.57316407012e-07, 1.15164091596e-07, 2.43431372837e-08, 8.22662205024e-09, 5.62447910468e-09, 7.61358798229e-09, 1.00355102006e-08, 1.73973990769e-08, 1.26153780755e-08, 3.8659795365e-09, 1.6865029373e-09, 1.07318565146e-09, 1.29605637333e-09, 1.14280263031e-09, 6.05410110932e-10, 7.4749095802e-10, 2.98480712368e-10, 2.48864040486e-10, 2.19390228207e-10, 1.23051790979e-10, 1.42980169371e-10, 1.68844910275e-10, 8.43424219354e-11, 6.81458639518e-11, 5.06670365386e-11, 4.30681983132e-11, 3.78305962945e-11, 2.86590681742e-11, 2.58321263685e-11, 2.30928141193e-11, 1.83598067305e-11],
        "max": [0.0471866205335, 0.0380813479424, 0.0139626534656, 0.0173040460795, 0.0115914419293, 0.0112930862233, 0.00602071359754, 0.00752809084952, 0.00587961217389, 0.0045134476386, 0.00801500771195, 0.00255437474698, 0.00136120966636, 0.00109012215398, 0.00102547975257, 0.00164980138652, 0.00199607200921, 0.000791435537394, 0.00072229874786, 0.0003703541297, 0.000368960783817, 0.000325965491356, 0.000354327756213, 0.000253486534348, 0.00025216198992, 0.000193291998585, 0.00013712317741, 0.000106094470539, 8.8213950221e-05, 0.000109739870823, 0.000127226041513, 0.000104440114228, 0.000111610577733, 0.000100712590211, 8.10645724414e-05, 8.97922000149e-05, 5.40539622307e-05, 5.00501846545e-05, 4.80381422676e-05, 4.32912638644e-05],
        "mean": [0.00370714301243, 0.00235118041746, 0.000768973841332, 0.000709165877197, 0.000791159691289, 0.000608311966062, 0.000391278706957, 0.000281776330667, 0.000268051255262, 0.000214325831621, 0.000147622224176, 7.3367904406e-05, 5.21596666658e-05, 4.02822442993e-05, 4.55153276562e-05, 2.85842597805e-05, 4.05139253417e-05, 2.73895420833e-05, 2.62251523964e-05, 2.11952647078e-05, 1.76167231984e-05, 1.99445294129e-05, 1.98124653252e-05, 1.45687417898e-05, 1.32446548378e-05, 9.18593559618e-06, 9.15085911402e-06, 7.54341363063e-06, 5.74938212594e-06, 6.64368053549e-06, 6.02188083576e-06, 5.42181714991e-06, 4.66884102934e-06, 3.85117391488e-06, 3.40149449585e-06, 3.42503585671e-06, 3.23395829582e-06, 3.04075661006e-06, 2.86770432467e-06, 2.70086775345e-06],
        "median": [0.000216085099964, 0.00073005608283, 0.000406931852922, 0.000348208588548, 0.000428762694355, 0.000315074226819, 0.000176685149199, 0.000112402944069, 9.38184530241e-05, 6.91214954713e-05, 4.03455233027e-05, 2.79125943052e-05, 1.94205458683e-05, 1.53059718286e-05, 1.62412125064e-05, 7.38123617339e-06, 9.4538418125e-06, 7.21995183994e-06, 8.055154467e-06, 6.65567131364e-06, 5.61672368349e-06, 6.69039854984e-06, 7.04448893885e-06, 5.31194746145e-06, 3.50274740413e-06, 3.58939541911e-06, 3.67757434105e-06, 2.62477806245e-06, 2.04683965421e-06, 1.95638676814e-06, 1.97691861104e-06, 1.66071163221e-06, 1.47509160797e-06, 1.26717554849e-06, 1.04635512344e-06, 9.80401978268e-07, 1.1153788364e-06, 1.18954653772e-06, 1.09039808649e-06, 9.49442267029e-07],
        "min": [1.33175231779e-24, 1.47879273647e-24, 1.56281874883e-24, 4.40400138571e-25, 2.12587029069e-24, 2.11448347795e-24, 1.01437710815e-24, 1.51511199115e-24, 2.46680709924e-24, 2.81152649583e-24, 3.47479936444e-24, 3.04327667206e-24, 3.47581265627e-24, 3.11928775902e-24, 3.11733808929e-24, 3.83965936601e-24, 2.91606279312e-24, 2.81564553305e-24, 3.06106587991e-24, 4.34322990815e-24, 4.42595932901e-24, 3.84498812143e-24, 5.1256888127e-24, 5.14366458615e-24, 4.83473718933e-24, 4.85469418694e-24, 3.28152173734e-24, 4.35359001842e-24, 4.29234561875e-24, 4.66075273339e-24, 5.75722837088e-24, 4.27531332295e-24, 4.99460616266e-24, 5.62268143818e-24, 6.44212371968e-24, 5.41574626223e-24, 5.48962229714e-24, 5.84423854544e-24, 5.34488683142e-24, 7.03113775862e-24],
        "var": [5.7942877902e-05, 2.33757036767e-05, 1.47559740071e-06, 1.17327988391e-06, 1.12284214993e-06, 7.47024898828e-07, 3.41151746852e-07, 2.40477532998e-07, 2.53641928794e-07, 1.44831645343e-07, 1.39852829761e-07, 1.9661207773e-08, 7.98758481579e-09, 4.92992535683e-09, 7.19414794403e-09, 5.06457764615e-09, 7.92885934686e-09, 3.89801346756e-09, 2.35391151016e-09, 1.33197497476e-09, 8.48027759126e-10, 9.62111723624e-10, 9.19376519359e-10, 4.67245964142e-10, 5.5059518056e-10, 2.00887334545e-10, 1.89848040066e-10, 1.45388409645e-10, 8.21564621889e-11, 1.17737125604e-10, 9.01848387636e-11, 7.29774643493e-11, 5.86991427687e-11, 4.4650682457e-11, 3.7926342622e-11, 3.63677456205e-11, 3.07322049753e-11, 2.62440590093e-11, 2.36091562966e-11, 2.07093005938e-11]
    },
    "mfcc": {
        "mean": [-653.149597168, 104.927635193, 23.0642871857, 19.2909202576, 4.25244474411, -5.45434856415, -2.58215618134, -1.12814581394, 0.865283429623, -2.19306564331, -0.837130606174, -1.15374803543, -2.72879362106],
        "cov": [[12889.421875, -334.312133789, -409.162811279, 48.3384780884, -81.2473373413, -13.596329689, -272.741210938, -60.6111030579, -195.036132812, -51.416267395, -11.3997440338, -41.443977356, -5.24972343445], [-334.312133789, 1689.7532959, 11.7838611603, -27.6197166443, 62.1423606873, -130.160385132, 130.891555786, -0.293142914772, 11.9451379776, -2.63405990601, 9.17280197144, 19.8052692413, 20.1607074738], [-409.162811279, 11.7838611603, 782.621643066, 208.816619873, 111.693275452, 109.454483032, 57.2396278381, 52.7129402161, 83.267616272, 18.0389156342, 34.5313568115, 26.5487689972, 56.1527366638], [48.3384780884, -27.6197166443, 208.816619873, 470.917022705, 194.809494019, 123.944152832, 50.7930793762, 76.1928710938, 94.7891693115, 65.3693771362, 19.6683349609, 39.7281799316, 65.6804199219], [-81.2473373413, 62.1423606873, 111.693275452, 194.809494019, 282.977203369, 63.6318092346, 30.9647483826, 36.9779434204, 62.3829154968, 53.2067108154, 31.763507843, 34.8587684631, 44.7642173767], [-13.596329689, -130.160385132, 109.454483032, 123.944152832, 63.6318092346, 304.60647583, 130.551101685, 96.8148727417, 56.7179946899, 73.843208313, 63.6407051086, 53.41040802, 29.0738983154], [-272.741210938, 130.891555786, 57.2396278381, 50.7930793762, 30.9647483826, 130.551101685, 221.805145264, 95.6802444458, 63.3644676208, 52.2663993835, 59.6347236633, 45.384727478, 18.107837677], [-60.6111030579, -0.293142914772, 52.7129402161, 76.1928710938, 36.9779434204, 96.8148727417, 95.6802444458, 165.758544922, 86.1052932739, 67.0291213989, 62.1713981628, 53.0546722412, 37.3665390015], [-195.036132812, 11.9451379776, 83.267616272, 94.7891693115, 62.3829154968, 56.7179946899, 63.3644676208, 86.1052932739, 154.266540527, 79.1180114746, 50.3861351013, 32.9585075378, 23.8918228149], [-51.416267395, -2.63405990601, 18.0389156342, 65.3693771362, 53.2067108154, 73.843208313, 52.2663993835, 67.0291213989, 79.1180114746, 131.350479126, 76.7423477173, 43.8710327148, 22.4617271423], [-11.3997440338, 9.17280197144, 34.5313568115, 19.6683349609, 31.763507843, 63.6407051086, 59.6347236633, 62.1713981628, 50.3861351013, 76.7423477173, 126.829231262, 67.2898635864, 30.368478775], [-41.443977356, 19.8052692413, 26.5487689972, 39.7281799316, 34.8587684631, 53.41040802, 45.384727478, 53.0546722412, 32.9585075378, 43.8710327148, 67.2898635864, 106.672920227, 64.4640197754], [-5.24972343445, 20.1607074738, 56.1527366638, 65.6804199219, 44.7642173767, 29.0738983154, 18.107837677, 37.3665390015, 23.8918228149, 22.4617271423, 30.368478775, 64.4640197754, 108.717262268]],
