{
"lowlevel": {
    "average_loudness": 0.881761133671,
    "barkbands_crest": {
        "dmean": 2.3423242569,
        "dmean2": 3.41180515289,
        "dvar": 5.80718517303,
        "dvar2": 12.1405315399,
        "max": 26.4636001587,
        "mean": 11.3694629669,
        "median": 10.0896606445,
        "min": 2.28047800064,
        "var": 28.6347732544
    },
    "barkbands_flatness_db": {
        "dmean": 0.0198937170208,
        "dmean2": 0.0290100388229,
        "dvar": 0.000566692615394,
        "dvar2": 0.00112606608309,
        "max": 0.565965950489,
        "mean": 0.130049392581,
        "median": 0.110933512449,
        "min": 0.0133504699916,
        "var": 0.00555941043422
    },
    "barkbands_kurtosis": {
        "dmean": 3.11024141312,
        "dmean2": 4.58379411697,
        "dvar": 63.3795013428,
        "dvar2": 135.139663696,
        "max": 250.755554199,
        "mean": 5.45234203339,
        "median": 1.64573049545,
        "min": -1.9261841774,
        "var": 181.936843872
    },
    "barkbands_skewness": {
        "dmean": 0.498031049967,
        "dmean2": 0.703029513359,
        "dvar": 0.447201997042,
        "dvar2": 0.858700811863,
        "max": 14.392991066,
        "mean": 1.60466146469,
        "median": 1.28944373131,
        "min": -6.10499954224,
        "var": 2.40392327309
    },
    "barkbands_spread": {
        "dmean": 5.65726470947,
        "dmean2": 8.27350521088,
        "dvar": 63.2568740845,
        "dvar2": 125.336860657,
        "max": 108.821640015,
        "mean": 24.5850696564,
        "median": 21.9152870178,
        "min": 0.777175724506,
        "var": 238.959472656
    },
    "dissonance": {
        "dmean": 0.0206826310605,
        "dmean2": 0.0344440303743,
        "dvar": 0.000427148828749,
        "dvar2": 0.0011464341078,
        "max": 0.500000119209,
        "mean": 0.453321933746,
        "median": 0.462346881628,
        "min": 0.158765092492,
        "var": 0.0015657969052
    },
    "dynamic_complexity": 3.98656153679,
    "erbbands_crest": {
        "dmean": 2.57957386971,
        "dmean2": 3.81944823265,
        "dvar": 5.82031679153,
        "dvar2": 12.8731241226,
        "max": 32.1481742859,
        "mean": 10.5722360611,
        "median": 9.57463169098,
        "min": 2.3258061409,
        "var": 25.3433380127
    },
    "erbbands_flatness_db": {
        "dmean": 0.0162380095571,
        "dmean2": 0.0218787845224,
        "dvar": 0.000304122135276,
        "dvar2": 0.000557841849513,
        "max": 0.547487437725,
        "mean": 0.147026672959,
        "median": 0.132398054004,
        "min": 0.0365860685706,
        "var": 0.00478151533753
    },
    "erbbands_kurtosis": {
        "dmean": 0.943203866482,
        "dmean2": 1.38342022896,
        "dvar": 2.3250181675,
        "dvar2": 5.50447273254,
        "max": 52.1721382141,
        "mean": 1.07481110096,
        "median": 0.223511219025,
        "min": -1.79534208775,
        "var": 7.17185926437
    },
    "erbbands_skewness": {
        "dmean": 0.330116927624,
        "dmean2": 0.481532812119,
        "dvar": 0.120156116784,
        "dvar2": 0.250300437212,
        "max": 4.82089948654,
        "mean": 0.529440164566,
        "median": 0.509545385838,
        "min": -4.21717405319,
        "var": 0.532533407211
    },
    "erbbands_spread": {
        "dmean": 7.96857309341,
        "dmean2": 11.1657266617,
        "dvar": 93.7231674194,
        "dvar2": 194.509552002,
        "max": 138.932678223,
        "mean": 38.4807472229,
        "median": 34.7602157593,
        "min": 1.1798286438,
        "var": 452.377929688
    },
    "hfc": {
        "dmean": 7.9392080307,
        "dmean2": 11.4279336929,
        "dvar": 178.748336792,
        "dvar2": 383.85269165,
        "max": 176.457565308,
        "mean": 28.4081935883,
        "median": 22.7177829742,
        "min": 1.09938391458e-16,
        "var": 651.832336426
    },
    "melbands_crest": {
        "dmean": 2.83675646782,
        "dmean2": 4.07237529755,
        "dvar": 8.13725376129,
        "dvar2": 16.5843448639,
        "max": 36.8192329407,
        "mean": 15.5460138321,
        "median": 13.4146146774,
        "min": 1.91472601891,
        "var": 55.1359481812
    },
    "melbands_flatness_db": {
        "dmean": 0.0239186752588,
        "dmean2": 0.0349266938865,
        "dvar": 0.000873307872098,
        "dvar2": 0.0017746114172,
        "max": 0.639185011387,
        "mean": 0.199174359441,
        "median": 0.177463293076,
        "min": 0.00360109214671,
        "var": 0.00731321703643
    },
    "melbands_kurtosis": {
        "dmean": 8.10058689117,
        "dmean2": 11.7293176651,
        "dvar": 433.719451904,
        "dvar2": 869.893981934,
        "max": 642.93359375,
        "mean": 17.3237133026,
        "median": 6.77199172974,
        "min": -1.82494437695,
        "var": 1434.45446777
    },
    "melbands_skewness": {
        "dmean": 0.699941515923,
        "dmean2": 0.975848913193,
        "dvar": 0.937830746174,
        "dvar2": 1.74625134468,
        "max": 21.3756771088,
        "mean": 2.70928502083,
        "median": 2.1807756424,
        "min": -2.79889917374,
        "var": 5.50679111481
    },
    "melbands_spread": {
        "dmean": 6.16044330597,
        "dmean2": 9.22511005402,
        "dvar": 106.081665039,
        "dvar2": 212.972747803,
        "max": 259.707122803,
        "mean": 24.2840003967,
        "median": 21.4832248688,
        "min": 0.519177377224,
        "var": 357.936248779
    },
    "pitch_salience": {
        "dmean": 0.0654952973127,
        "dmean2": 0.101595237851,
        "dvar": 0.00648457417265,
        "dvar2": 0.0151649489999,
        "max": 0.908407211304,
        "mean": 0.507256150246,
        "median": 0.530427277088,
        "min": 0.0387787781656,
        "var": 0.0213981401175
    },
    "silence_rate_20dB": {
        "dmean": 0,
        "dmean2": 0,
        "dvar": 0,
        "dvar2": 0,
        "max": 1,
        "mean": 1,
        "median": 1,
        "min": 1,
        "var": 0
    },
    "silence_rate_30dB": {
        "dmean": 0,
        "dmean2": 0,
        "dvar": 0,
        "dvar2": 0,
        "max": 1,
        "mean": 1,
        "median": 1,
        "min": 1,
        "var": 0
    },
    "silence_rate_60dB": {
        "dmean": 0.0101033831015,
        "dmean2": 0.0202091410756,
        "dvar": 0.0100010298193,
        "dvar2": 0.023093726486,
        "max": 1,
        "mean": 0.102431572974,
        "median": 0,
        "min": 0,
        "var": 0.0919438153505
    },
    "spectral_centroid": {
        "dmean": 236.037658691,
        "dmean2": 354.447174072,
        "dvar": 105453.921875,
        "dvar2": 203294.34375,
        "max": 11017.5869141,
        "mean": 1397.30883789,
        "median": 1346.82739258,
        "min": 164.681625366,
        "var": 421041.78125
    },
    "spectral_complexity": {
        "dmean": 3.59821438789,
        "dmean2": 5.495241642,
        "dvar": 18.612739563,
        "dvar2": 37.6990699768,
        "max": 57,
        "mean": 19.6134147644,
        "median": 19,
        "min": 0,
        "var": 124.851654053
    },
    "spectral_decrease": {
        "dmean": 1.94405136433e-09,
        "dmean2": 2.96752622475e-09,
        "dvar": 7.91116116872e-18,
        "dvar2": 1.9317588905e-17,
        "max": 1.41014062745e-29,
        "mean": -8.88409168454e-09,
        "median": -7.18794801458e-09,
        "min": -2.8863587076e-08,
        "var": 4.63244899657e-17
    },
    "spectral_energy": {
        "dmean": 0.00775276543573,
        "dmean2": 0.0117936963215,
        "dvar": 0.000120297831018,
        "dvar2": 0.000292921729852,
        "max": 0.118760548532,
        "mean": 0.0361072868109,
        "median": 0.0299343336374,
        "min": 1.058884565e-20,
        "var": 0.000727527367417
    },
    "spectral_energyband_high": {
        "dmean": 0.000646516738925,
        "dmean2": 0.000923170300666,
        "dvar": 1.65181734246e-06,
        "dvar2": 3.4462198073e-06,
        "max": 0.0152640445158,
        "mean": 0.00149855960626,
        "median": 0.000677876756527,
        "min": 7.73155863472e-21,
        "var": 4.21389950134e-06
    },
    "spectral_energyband_low": {
        "dmean": 0.00608060974628,
        "dmean2": 0.00922423135489,
        "dvar": 0.000129252206534,
        "dvar2": 0.000301499909256,
        "max": 0.0947176367044,
        "mean": 0.0168965365738,
        "median": 0.00523643847555,
        "min": 4.15044271588e-23,
        "var": 0.000462319614599
    },
    "spectral_energyband_middle_high": {
        "dmean": 0.00193910533562,
        "dmean2": 0.00277683674358,
        "dvar": 7.49943637857e-06,
        "dvar2": 1.45244803207e-05,
        "max": 0.0518426075578,
        "mean": 0.00707798497751,
        "median": 0.00477865757421,
        "min": 1.46689455254e-21,
        "var": 5.42874040548e-05
    },
    "spectral_energyband_middle_low": {
        "dmean": 0.00385999400169,
        "dmean2": 0.00614201510325,
        "dvar": 5.09937563038e-05,
        "dvar2": 0.000134515285026,
        "max": 0.0639584362507,
        "mean": 0.0116276275367,
        "median": 0.00831147935241,
        "min": 2.89800788903e-22,
        "var": 0.000122880082927
    },
    "spectral_entropy": {
        "dmean": 0.156955048442,
        "dmean2": 0.222224757075,
        "dvar": 0.0381011739373,
        "dvar2": 0.0775437951088,
        "max": 9.82355976105,
        "mean": 7.67480802536,
        "median": 7.76612854004,
        "min": 4.56478214264,
        "var": 0.332090377808
    },
    "spectral_flux": {
        "dmean": 0.0251122247428,
        "dmean2": 0.0359105579555,
        "dvar": 0.00127615872771,
        "dvar2": 0.00199317932129,
        "max": 0.341262608767,
        "mean": 0.0782608315349,
        "median": 0.0664666593075,
        "min": 6.75545591688e-11,
        "var": 0.00338988448493
    },
    "spectral_kurtosis": {
        "dmean": 1.94567131996,
        "dmean2": 3.13568925858,
        "dvar": 68.3455657959,
        "dvar2": 188.032653809,
        "max": 391.582885742,
        "mean": 7.06479644775,
        "median": 3.44954204559,
        "min": -1.25527453423,
        "var": 601.494262695
    },
    "spectral_rms": {
        "dmean": 0.000602327228989,
        "dmean2": 0.000898011028767,
        "dvar": 5.89528610817e-07,
        "dvar2": 1.3462432662e-06,
        "max": 0.0107640121132,
        "mean": 0.00537696061656,
        "median": 0.00540409376845,
        "min": 3.21412211082e-12,
        "var": 6.31503235127e-06
    },
    "spectral_rolloff": {
        "dmean": 531.341003418,
        "dmean2": 874.158874512,
        "dvar": 1187375.625,
        "dvar2": 2418565.25,
        "max": 18798.4863281,
        "mean": 1631.70117188,
        "median": 1076.66015625,
        "min": 64.599609375,
        "var": 3659359.75
    },
    "spectral_skewness": {
        "dmean": 0.208019345999,
        "dmean2": 0.321866244078,
        "dvar": 0.171769663692,
        "dvar2": 0.470275253057,
        "max": 14.7109889984,
        "mean": 1.76352119446,
        "median": 1.5755995512,
        "min": -0.419207334518,
        "var": 1.58854436874
    },
    "spectral_spread": {
        "dmean": 614985.5,
        "dmean2": 869872.8125,
        "dvar": 813220691968,
        "dvar2": 1.48456040038e+12,
        "max": 42216292,
        "mean": 5744695,
        "median": 5627638.5,
        "min": 207994.5,
        "var": 4.16651175526e+12
    },
    "spectral_strongpeak": {
        "dmean": 0.506337225437,
        "dmean2": 0.839596569538,
        "dvar": 0.902243435383,
        "dvar2": 2.07055282593,
        "max": 10.9826049805,
        "mean": 1.20587062836,
        "median": 0.586638510227,
        "min": 0,
        "var": 2.10954284668
    },
    "zerocrossingrate": {
        "dmean": 0.01259962935,
        "dmean2": 0.0139621132985,
        "dvar": 0.000298539845971,
        "dvar2": 0.000314597651595,
        "max": 0.86181640625,
        "mean": 0.0719725266099,
        "median": 0.0625,
        "min": 0.00244140625,
        "var": 0.00282392906956
    },
    "barkbands": {
        "dmean": [0.000404325604904, 0.0050285239704, 0.00214546639472, 0.00114377751015, 0.00137362163514, 0.00102626567241, 0.000575691112317, 0.000547568604816, 0.000922835082747, 0.000788862176705, 0.000575249199755, 0.000333940552082, 0.000378073891625, 0.000321796163917, 0.000417309754994, 0.000183345342521, 0.000252791680396, 0.000160305353347, 0.000152925305883, 0.000117371841043, 0.000109521890408, 0.000117111841973, 0.000124311016407, 0.000135674272315, 0.00014821215882, 8.4087922005e-05, 1.90330538317e-05],
        "dmean2": [0.00053702283185, 0.00709709711373, 0.00385362631641, 0.00207185233012, 0.00233870418742, 0.00157513667364, 0.000801325542852, 0.000773807871155, 0.00127557269298, 0.00111989025027, 0.000796943553723, 0.00048185288324, 0.000597397622187, 0.000487668148708, 0.000656136311591, 0.00029697798891, 0.000405996572226, 0.000257155101281, 0.000245974282734, 0.000188953737961, 0.000172826650669, 0.000183385142009, 0.000191413637367, 0.000201947128517, 0.000214929474168, 0.000123241974507, 3.03920842271e-05],
        "dvar": [7.95347091298e-07, 8.95508565009e-05, 4.89481826662e-05, 1.32347749968e-05, 1.38856239573e-05, 3.50861159859e-06, 1.62483695476e-06, 1.65613607805e-06, 3.88674880014e-06, 2.92658114631e-06, 1.63107551998e-06, 5.81334120398e-07, 5.693368621e-07, 4.28617539683e-07, 9.65188746704e-07, 1.57087740149e-07, 3.23750867892e-07, 1.26818648027e-07, 7.52462128162e-08, 4.59082905024e-08, 3.80915459175e-08, 5.73353773348e-08, 6.775765371e-08, 7.22747586224e-08, 1.30252260533e-07, 3.95037247358e-08, 2.84131895789e-09],
        "dvar2": [1.61445677804e-06, 0.000178900067112, 0.000140602496685, 3.822942017e-05, 3.75606650778e-05, 8.0006184362e-06, 2.94385699817e-06, 2.97935298477e-06, 7.44321050661e-06, 5.54966027266e-06, 2.83813233182e-06, 9.44592841279e-07, 1.30407556753e-06, 7.87037095051e-07, 2.25516214414e-06, 3.8501985955e-07, 7.45126726542e-07, 3.15987733757e-07, 1.75275630454e-07, 1.08190491233e-07, 8.73379590871e-08, 1.31065661435e-07, 1.50446012981e-07, 1.57051715632e-07, 2.89206212756e-07, 8.80380142121e-08, 6.72472877383e-09],
        "max": [0.0128531046212, 0.0856151282787, 0.0568721182644, 0.0302389282733, 0.0455749370158, 0.0318131223321, 0.0380765646696, 0.0337597765028, 0.0393468029797, 0.0398535132408, 0.0379978306592, 0.0256217923015, 0.0132650425658, 0.013659356162, 0.0218781493604, 0.0109717799351, 0.0153204156086, 0.0131137948483, 0.00698073627427, 0.00586828449741, 0.0039874650538, 0.00707539217547, 0.00544271385297, 0.00325828767382, 0.00649266550317, 0.00325154257007, 0.000830756267533],
        "mean": [0.000807709409855, 0.0132097713649, 0.00227439566515, 0.00135505152866, 0.00223732506856, 0.00240509747528, 0.00133191293571, 0.0011917881202, 0.00221703550778, 0.00184776762035, 0.00159276579507, 0.000626316992566, 0.000682612357195, 0.000616927572992, 0.000745933444705, 0.000311450246954, 0.000451744970633, 0.000303682754748, 0.000299562554574, 0.000225781011977, 0.000232637030422, 0.000217709544813, 0.000225859941565, 0.000265506852884, 0.000274178455584, 0.000134805362904, 2.19591911446e-05],
        "median": [8.93894612091e-05, 0.00276711862534, 0.000880294130184, 0.000313981232466, 0.000643498031422, 0.0009932059329, 0.000505575037096, 0.000402151257731, 0.000628705893178, 0.0004352038668, 0.000353616982466, 0.000163305623573, 0.000239434579271, 0.000227556171012, 0.000281908549368, 0.000169148639543, 0.000188392863492, 0.000147585888044, 0.000171345280251, 9.04253247427e-05, 9.60548932198e-05, 7.7741977293e-05, 7.64011128922e-05, 0.000106420142401, 8.66582122399e-05, 3.7137306208e-05, 4.08860887546e-06],
        "min": [3.94930905969e-24, 1.21426732234e-23, 4.12867078599e-24, 7.76662117955e-24, 3.70490196522e-23, 2.69792638396e-23, 4.10616584654e-23, 4.44823139672e-23, 3.55142465849e-23, 4.28295430856e-23, 4.83142373687e-23, 3.12527600215e-23, 5.55781916463e-23, 6.70047661278e-23, 8.12785036992e-23, 1.57146658523e-22, 1.0477699137e-22, 1.54407746081e-22, 1.6295484573e-22, 2.5642818608e-22, 3.94008405715e-22, 4.80752080968e-22, 5.1132040318e-22, 6.9102847097e-22, 1.00692609128e-21, 1.58255494033e-21, 2.13187930453e-21],
        "var": [2.21470145334e-06, 0.000357012497261, 2.95678837574e-05, 9.51123456616e-06, 1.90627397387e-05, 1.3190966456e-05, 6.38530218566e-06, 5.95831397732e-06, 1.9421633624e-05, 1.44870582517e-05, 1.30833877847e-05, 2.77135768556e-06, 1.54304700573e-06, 1.43435420341e-06, 2.82459791379e-06, 2.41867439854e-07, 7.63974185247e-07, 2.68572279083e-07, 1.91478534362e-07, 1.14569225218e-07, 1.07791620962e-07, 1.18634325474e-07, 1.42234625855e-07, 1.64741507547e-07, 2.42255254079e-07, 6.39773105604e-08, 3.00016100852e-09]
    },
    "erbbands": {
        "dmean": [0.213679745793, 1.09995365143, 2.39800047874, 3.23033809662, 4.07687187195, 4.89406490326, 5.7301235199, 9.67156887054, 9.2279882431, 9.20628643036, 11.1536016464, 24.1311168671, 21.4452629089, 19.1212806702, 22.3719482422, 15.9261322021, 17.88996315, 15.5416412354, 20.7089004517, 17.0122470856, 9.56290817261, 10.8786334991, 9.52836704254, 8.336561203, 6.58256435394, 5.63852739334, 5.29864501953, 3.75136756897, 3.95608043671, 4.35981798172, 3.4297773838, 3.18281126022, 2.07894015312, 1.65259897709, 1.12414205074, 0.436834037304, 0.135497555137, 0.0397117696702, 0.00266535254195, 4.94880587212e-05],
        "dmean2": [0.250049054623, 1.61965942383, 4.16255378723, 5.84397745132, 7.23225498199, 8.22548866272, 8.77621936798, 14.9358129501, 12.6398239136, 13.0053100586, 15.7274742126, 32.6976089478, 29.9354457855, 26.9284648895, 31.6428146362, 22.5262298584, 28.0425891876, 23.7705860138, 32.9047317505, 26.7782497406, 15.0550441742, 17.4078636169, 15.3445396423, 13.3523006439, 10.781211853, 9.08635902405, 8.31489849091, 5.88416004181, 6.22348022461, 6.68872928619, 5.27890205383, 4.79256153107, 3.11073613167, 2.44543242455, 1.6964430809, 0.657373785973, 0.202757835388, 0.0615107603371, 0.00422805780545, 7.58695459808e-05],
        "dvar": [0.146592542529, 4.89737272263, 51.9689178467, 113.552146912, 150.026306152, 176.69694519, 113.725074768, 360.579589844, 414.804748535, 461.690338135, 731.797241211, 2870.03857422, 2530.35107422, 1979.62805176, 2278.0480957, 1456.29296875, 1218.17541504, 935.817199707, 2669.80273438, 1750.57055664, 365.40246582, 537.839477539, 479.338500977, 282.063873291, 130.293792725, 114.116348267, 94.8576278687, 51.7532501221, 60.7595024109, 100.979118347, 50.9375495911, 39.3155326843, 17.4518051147, 11.1186466217, 11.1882362366, 0.952935278416, 0.116693221033, 0.0119437100366, 5.15871797688e-05, 1.41316869318e-08],
        "dvar2": [0.213450059295, 11.0839614868, 145.105728149, 326.878387451, 420.940093994, 473.669006348, 250.120254517, 866.639038086, 746.621337891, 786.72052002, 1488.22253418, 5383.77001953, 4367.27490234, 3487.27709961, 4158.39746094, 2263.33959961, 2780.91479492, 1735.31774902, 6608.19140625, 3640.17553711, 843.42376709, 1206.30395508, 1198.88806152, 628.520568848, 331.679901123, 268.666473389, 211.502441406, 123.370620728, 142.460891724, 226.369338989, 115.811515808, 88.0958633423, 37.7544250488, 23.7361621857, 26.4295845032, 2.15413975716, 0.257989525795, 0.0270137302577, 0.000120141601656, 3.22505897543e-08],
        "max": [4.16771650314, 19.1915569305, 58.8780288696, 86.772277832, 117.365997314, 177.842254639, 206.736465454, 395.950836182, 503.892272949, 747.718444824, 849.460449219, 1137.48852539, 1567.00500488, 1150.0916748, 1296.66235352, 1290.92456055, 651.224487305, 736.286132812, 1285.7298584, 1393.00195312, 464.33190918, 773.100280762, 934.007385254, 517.640197754, 317.310821533, 304.674346924, 266.339904785, 96.5572814941, 161.227111816, 247.337524414, 171.504135132, 79.4511566162, 59.2147445679, 52.5334739685, 69.3203659058, 15.5845756531, 6.32208490372, 1.51610100269, 0.115407034755, 0.00175205979031],
        "mean": [0.53231459856, 2.31687641144, 3.03697228432, 3.54669451714, 5.61929607391, 7.8773059845, 12.4732618332, 21.3091659546, 22.350692749, 21.2152919769, 27.6463356018, 60.518737793, 51.6372451782, 50.352645874, 60.0386543274, 33.8489608765, 34.0534896851, 30.3794555664, 38.608795166, 30.9973392487, 18.9048748016, 20.9250278473, 18.9951725006, 17.2851676941, 12.376411438, 11.1841239929, 11.4408750534, 7.68862962723, 7.15703582764, 7.91821622849, 6.27227783203, 5.79720973969, 4.15175485611, 3.09290409088, 1.90554189682, 0.753228843212, 0.204687282443, 0.0507302507758, 0.00316540617496, 0.000100685931102],
        "median": [0.0734571069479, 0.628928661346, 1.42106342316, 1.13192653656, 1.32332277298, 2.17216920853, 5.47626066208, 8.7004776001, 8.12157154083, 7.99685096741, 11.1339969635, 18.4365367889, 14.3271627426, 17.4284057617, 19.5374660492, 11.0839509964, 13.5472831726, 13.3998422623, 13.9300127029, 14.5560474396, 10.6860103607, 9.46712875366, 9.20039558411, 9.62960720062, 6.95426607132, 4.76155233383, 4.28503274918, 3.45668911934, 2.64231729507, 2.28918075562, 2.29274773598, 2.40462827682, 1.52991402149, 1.04074752331, 0.525281131268, 0.210572853684, 0.0533026494086, 0.0121977822855, 0.000639371864963, 6.50831934763e-05],
        "min": [4.09145699853e-22, 2.79050046074e-21, 6.50502426971e-21, 2.05101630081e-20, 2.4070561622e-20, 1.16841885237e-19, 1.74372787978e-19, 2.53730363371e-19, 6.73012809636e-19, 6.91676123905e-19, 9.09039853537e-19, 8.06767345999e-19, 1.20322963692e-18, 2.87746914952e-18, 1.26926160407e-18, 1.48204802638e-18, 2.36911682547e-18, 4.53816099465e-18, 4.40204966562e-18, 8.29114147235e-18, 7.62324110419e-18, 6.73606839053e-18, 8.91462885906e-18, 9.00859492229e-18, 9.77307607159e-18, 1.37234714743e-17, 1.33967665652e-17, 1.67517342019e-17, 1.66754317535e-17, 1.79887133248e-17, 1.49407694889e-17, 1.33874293504e-17, 1.15437273103e-17, 9.4067938789e-18, 8.09541316863e-18, 5.96747036332e-18, 2.76944225665e-18, 1.23288013277e-18, 3.02816372444e-19, 2.77794359247e-20],
        "var": [0.759850621223, 11.2752790451, 36.2571525574, 70.8286743164, 154.015655518, 258.187469482, 361.683532715, 1079.02990723, 1756.26428223, 1706.75744629, 2605.46972656, 14436.0458984, 12299.1884766, 10956.2763672, 14125.8867188, 6873.44140625, 3486.39892578, 3228.20629883, 8030.34130859, 4437.47070312, 829.200012207, 1310.61865234, 1013.42602539, 807.853881836, 251.222045898, 289.343292236, 280.517822266, 118.423416138, 118.657226562, 206.531402588, 103.399848938, 78.6615142822, 42.5458717346, 26.1383113861, 15.6835336685, 1.80247557163, 0.167043045163, 0.0136789921671, 5.72351600567e-05, 1.95928322455e-08]
    },
    "gfcc": {
        "mean": [4.37112045288, 69.3626098633, -106.656639099, 15.2703819275, -57.7684059143, 21.6282100677, -34.655796051, 16.1506271362, -20.7050151825, 8.18274593353, -12.8436670303, 4.67620849609, -8.07886219025],
        "cov": [[19614.4960938, -1029.47387695, 1527.08422852, 2453.75585938, 171.653015137, 764.940734863, -51.9030723572, 903.65625, -486.078735352, 236.470184326, -298.740447998, 378.352600098, -247.021209717], [-1029.47387695, 1924.83117676, -191.718673706, -178.503555298, 130.691345215, -176.176620483, 173.944335938, -149.794708252, 121.329673767, -107.4320755, 174.057449341, -190.949981689, 71.3501968384], [1527.08422852, -191.718673706, 937.166992188, 529.636291504, 146.67074585, 173.901565552, 46.6485290527, 135.726989746, -11.9520025253, 61.0466690063, -48.269618988, 100.572639465, -55.1934776306], [2453.75585938, -178.503555298, 529.636291504, 905.528869629, 201.613113403, 238.666015625, 123.342002869, 215.002548218, -14.43612957, 31.3530197144, -55.1023521423, 87.3768157959, -38.3484649658], [171.653015137, 130.691345215, 146.67074585, 201.613113403, 402.09677124, 183.617996216, 194.974609375, 140.035842896, 87.9148025513, 54.6350402832, 30.1104888916, 38.9430198669, 11.0154380798], [764.940734863, -176.176620483, 173.901565552, 238.666015625, 183.617996216, 354.56072998, 142.489959717, 132.82069397, 18.5683574677, 48.4773178101, -7.50251817703, 39.1006202698, 6.17644548416], [-51.9030723572, 173.944335938, 46.6485290527, 123.342002869, 194.974609375, 142.489959717, 320.552856445, 118.390960693, 105.346908569, 62.5824928284, 42.4721946716, 10.9243144989, 20.1632442474], [903.65625, -149.794708252, 135.726989746, 215.002548218, 140.035842896, 132.82069397, 118.390960693, 274.39666748, 81.4083480835, 57.3691635132, -8.19623279572, 63.9841995239, 15.5518665314], [-486.078735352, 121.329673767, -11.9520025253, -14.43612957, 87.9148025513, 18.5683574677, 105.346908569, 81.4083480835, 173.457977295, 57.8037261963, 36.4388580322, 11.1232385635, 28.5197086334], [236.470184326, -107.4320755, 61.0466690063, 31.3530197144, 54.6350402832, 48.4773178101, 62.5824928284, 57.3691635132, 57.8037261963, 133.954269409, 32.4256973267, 30.9698219299, -0.314574748278], [-298.740447998, 174.057449341, -48.269618988, -55.1023521423, 30.1104888916, -7.50251817703, 42.4721946716, -8.19623279572, 36.4388580322, 32.4256973267, 134.856613159, 18.1030483246, 28.5594959259], [378.352600098, -190.949981689, 100.572639465, 87.3768157959, 38.9430198669, 39.1006202698, 10.9243144989, 63.9841995239, 11.1232385635, 30.9698219299, 18.1030483246, 129.017379761, 28.0230712891], [-247.021209717, 71.3501968384, -55.1934776306, -38.3484649658, 11.0154380798, 6.17644548416, 20.1632442474, 15.5518665314, 28.5197086334, -0.314574748278, 28.5594959259, 28.0230712891, 101.795288086]],
        "icov": [[0.000122404788272, -0.000127350082039, 4.35209840361e-05, -0.000243368122028, 0.000163175020134, -0.000123895035358, 0.000166147423442, -0.00041412000428, 0.000519996450748, -0.000411488814279, 0.000178625356057, -0.000253952632193, 0.000211265753023], [-0.000127350082039, 0.00124386104289, -0.000236192281591, 0.000142887321999, -0.00069740973413, 0.000829709286336, -0.000745144498069, 0.000909660418984, -0.001117409789, 0.00163179938681, -0.00156743312255, 0.00201873248443, -0.00101924058981], [4.35209840361e-05, -0.000236192281591, 0.00182033248711, -0.000933627481572, -4.78532165289e-05, -0.000358854886144, 0.000428652652772, -6.21331128059e-05, 0.000246669747867, -0.000868591479957, 0.000631819944829, -0.00125489733182, 0.000954371585976], [-0.000243368122028, 0.000142887321999, -0.000933627481572, 0.00262316921726, -0.000530427671038, -0.000242766123847, -0.000635130738374, -0.000213167077163, -0.000257519888692, 0.00114072638098, 8.67398484843e-05, -1.07139021566e-05, 7.60568509577e-05], [0.000163175020134, -0.00069740973413, -4.78532165289e-05, -0.000530427671038, 0.00481562735513, -0.00170320807956, -0.000982777914032, -0.00122376007494, -5.32465273864e-05, -0.000782827613875, 0.000285309681203, -0.0014141483698, 0.000944639148656], [-0.000123895035358, 0.000829709286336, -0.000358854886144, -0.000242766123847, -0.00170320807956, 0.00527278752998, -0.00169693271164, -0.000247738527833, 0.000608152884524, 0.000315376324579, -0.000529510318302, 0.00145797431469, -0.00135209911969], [0.000166147423442, -0.000745144498069, 0.000428652652772, -0.000635130738374, -0.000982777914032, -0.00169693271164, 0.00624901941046, -0.00139262981247, -0.000942536629736, -0.00179572077468, -9.31073227548e-05, -8.55423641042e-05, 0.000411091343267], [-0.00041412000428, 0.000909660418984, -6.21331128059e-05, -0.000213167077163, -0.00122376007494, -0.000247738527833, -0.00139262981247, 0.00830210838467, -0.00442245975137, 0.00117168063298, 0.000252277008258, -0.000453293643659, -0.0013049148256], [0.000519996450748, -0.001117409789, 0.000246669747867, -0.000257519888692, -5.32465273864e-05, 0.000608152884524, -0.000942536629736, -0.00442245975137, 0.0122494697571, -0.00498332362622, 0.000770732469391, -0.000953818904236, -0.000487966579385], [-0.000411488814279, 0.00163179938681, -0.000868591479957, 0.00114072638098, -0.000782827613875, 0.000315376324579, -0.00179572077468, 0.00117168063298, -0.00498332362622, 0.0130637958646, -0.00403878977522, 0.00102320371661, 0.000346723623807], [0.000178625356057, -0.00156743312255, 0.000631819944829, 8.67398484843e-05, 0.000285309681203, -0.000529510318302, -9.31073227548e-05, 0.000252277008258, 0.000770732469391, -0.00403878977522, 0.0114457067102, -0.00404579611495, -0.000437331560533], [-0.000253952632193, 0.00201873248443, -0.00125489733182, -1.07139021566e-05, -0.0014141483698, 0.00145797431469, -8.55423641042e-05, -0.000453293643659, -0.000953818904236, 0.00102320371661, -0.00404579611495, 0.0141905844212, -0.00506593473256], [0.000211265753023, -0.00101924058981, 0.000954371585976, 7.60568509577e-05, 0.000944639148656, -0.00135209911969, 0.000411091343267, -0.0013049148256, -0.000487966579385, 0.000346723623807, -0.000437331560533, -0.00506593473256, 0.0133496467024]]
    },
    "melbands": {
        "dmean": [0.001584194717, 0.0012358832173, 0.000576313643251, 0.000318759353831, 0.000201209215447, 0.000207718854654, 0.000134634407004, 0.000105360697489, 0.000105711682409, 0.000145074096508, 0.000106989376945, 8.08228214737e-05, 8.30946228234e-05, 4.34592220699e-05, 4.15499162045e-05, 3.13419659506e-05, 3.26804220094e-05, 3.47571294697e-05, 2.39622349909e-05, 1.91239596461e-05, 1.21024086184e-05, 1.16668470582e-05, 1.34046767926e-05, 8.14377744973e-06, 7.25128074919e-06, 6.03556918577e-06, 3.62729065273e-06, 3.99851842303e-06, 4.03742797062e-06, 2.8563433716e-06, 2.26362317335e-06, 2.35898073697e-06, 2.52656400335e-06, 2.64675577455e-06, 2.12616100725e-06, 2.03350191441e-06, 2.01939451472e-06, 1.5371349491e-06, 1.48502613229e-06, 1.39548274092e-06],
        "dmean2": [0.00201330077834, 0.00200002500787, 0.00103265792131, 0.000552601180971, 0.000312779011438, 0.00031806298648, 0.000183820680832, 0.000149543979205, 0.000146658348967, 0.000198352106963, 0.000150371342897, 0.000115467249998, 0.000115700080642, 6.27943591098e-05, 6.27085246379e-05, 4.98111658089e-05, 4.96224420203e-05, 5.47403178643e-05, 3.7940684706e-05, 3.02177122649e-05, 1.9276065359e-05, 1.86064953596e-05, 2.17848501052e-05, 1.31420702019e-05, 1.16629271361e-05, 9.92877539829e-06, 5.89979117649e-06, 6.52552898828e-06, 6.40969165033e-06, 4.63403239337e-06, 3.56984833161e-06, 3.82721509595e-06, 3.93007303501e-06, 4.14053693021e-06, 3.36679386237e-06, 3.11221674565e-06, 3.09417191602e-06, 2.33841524278e-06, 2.3158465865e-06, 2.08859478334e-06],
        "dvar": [7.87071803643e-06, 9.20161801332e-06, 3.38959739565e-06, 8.90237686235e-07, 1.40961489592e-07, 1.54496177629e-07, 8.81352875126e-08, 6.20348004077e-08, 5.66075399888e-08, 1.02204218422e-07, 6.31920116234e-08, 3.96135426683e-08, 3.46842483623e-08, 8.52404280494e-09, 5.78548187136e-09, 4.55272441968e-09, 4.66890792694e-09, 7.05344893603e-09, 3.2150131446e-09, 1.83694914835e-09, 7.78065722962e-10, 7.02382763063e-10, 9.03549124409e-10, 3.54532708746e-10, 2.39594150075e-10, 1.08670093757e-10, 4.63113332405e-11, 5.72799273291e-11, 6.42570996412e-11, 2.86979398578e-11, 1.85874926562e-11, 2.16118008906e-11, 3.16359091701e-11, 3.78485680297e-11, 2.04398234449e-11, 1.54548197157e-11, 1.58610295037e-11, 9.21391088426e-12, 8.75893715196e-12, 8.01001626138e-12],
        "dvar2": [1.36676371767e-05, 2.41922898567e-05, 9.71190638666e-06, 2.42141413764e-06, 3.25029787973e-07, 3.60651597475e-07, 1.5581765922e-07, 1.03323536393e-07, 1.16514925708e-07, 1.93548757466e-07, 1.1073761641e-07, 7.14317209827e-08, 6.12400654632e-08, 1.44517668943e-08, 1.22209087294e-08, 1.05354400759e-08, 8.23190227095e-09, 1.68547860113e-08, 6.90833257266e-09, 4.18188550455e-09, 1.74915015805e-09, 1.46574197224e-09, 2.33487251755e-09, 8.87104334435e-10, 5.33524890933e-10, 2.79409273496e-10, 1.13608400465e-10, 1.36944261486e-10, 1.48833029234e-10, 6.78600578508e-11, 4.62770481657e-11, 5.28910561182e-11, 7.27283372415e-11, 8.78354750045e-11, 4.84803135137e-11, 3.44361726634e-11, 3.61568691654e-11, 2.00879347878e-11, 1.89754410101e-11, 1.74860022295e-11],
        "max": [0.0285763554275, 0.0262798648328, 0.0149491447955, 0.0122384186834, 0.00562743190676, 0.00770185561851, 0.0081257680431, 0.00723495241255, 0.00607429863885, 0.00770402047783, 0.00774725759402, 0.00520445220172, 0.00553012825549, 0.00299855438061, 0.00140892120544, 0.00170869077556, 0.00167819054332, 0.00211916887201, 0.00181940989569, 0.00112050538883, 0.000834261241835, 0.000866554561071, 0.000800850626547, 0.000783713243436, 0.000489095691592, 0.000239949426032, 0.000225230673095, 0.000176637186087, 0.00022036395967, 6.66156338411e-05, 6.32918308838e-05, 8.10377096059e-05, 0.000159148316015, 0.00013808553922, 9.6987154393e-05, 7.65446238802e-05, 5.54425860173e-05, 4.99291127198e-05, 4.24605277658e-05, 4.0086262743e-05],
        "mean": [0.00408688699827, 0.00209948490374, 0.000690679356921, 0.000494346546475, 0.000437340175267, 0.000473819702165, 0.000323977408698, 0.000236016101553, 0.000266403076239, 0.000353284180164, 0.00024720368674, 0.000197478133487, 0.000231578800594, 8.77145284903e-05, 8.11343052192e-05, 5.51743833057e-05, 5.98139558861e-05, 6.33225427009e-05, 4.22862285632e-05, 3.27986635966e-05, 2.15985019167e-05, 2.10192501982e-05, 2.2998865461e-05, 1.50546575242e-05, 1.37634115163e-05, 1.03598067653e-05, 6.64787739879e-06, 7.37550681151e-06, 8.01779970061e-06, 5.23417793374e-06, 4.26945371146e-06, 3.97056965085e-06, 4.30431236964e-06, 4.40388248535e-06, 3.59335763278e-06, 3.48508615389e-06, 3.55269162355e-06, 2.94724804917e-06, 2.73171440313e-06, 2.51039909926e-06],
        "median": [0.000747936486732, 0.000959509343375, 0.000220506306505, 0.000121952289192, 0.000186538178241, 0.000195081316633, 0.000114786547783, 8.36904873722e-05, 9.48525121203e-05, 0.000106350358692, 5.3354910051e-05, 5.80908017582e-05, 5.31667028554e-05, 2.74765279755e-05, 2.83223616862e-05, 2.12420018215e-05, 2.23166534852e-05, 2.01556904358e-05, 1.86087581824e-05, 1.60777326528e-05, 1.08173690023e-05, 9.39829442359e-06, 8.66546633915e-06, 6.92430603522e-06, 7.03743762642e-06, 5.65479331271e-06, 3.20649678542e-06, 2.91871288027e-06, 2.76709420177e-06, 2.09252402783e-06, 1.90390949228e-06, 1.47897583247e-06, 1.3038383031e-06, 1.16961871299e-06, 1.25206588564e-06, 1.27555097151e-06, 1.47211244439e-06, 1.05819469809e-06, 9.50435435243e-07, 8.00276723112e-07],
        "min": [5.64595875134e-24, 3.56011467134e-24, 4.24369538344e-24, 6.70764877835e-24, 6.5009143675e-24, 6.56366233606e-24, 9.91821405499e-24, 8.56332809533e-24, 6.6996875941e-24, 4.93022051887e-24, 5.54950315074e-24, 1.21477558542e-23, 4.83060395262e-24, 3.13856475853e-24, 3.44676167014e-24, 5.59319184539e-24, 8.54026574677e-24, 5.47884882376e-24, 7.80001129508e-24, 1.15375222458e-23, 9.00672472205e-24, 5.91748980251e-24, 7.61202574137e-24, 8.17472022506e-24, 6.81386022177e-24, 6.11217160202e-24, 7.4043170873e-24, 8.80607873967e-24, 7.89082654021e-24, 8.01283019009e-24, 1.00188663956e-23, 8.71254744644e-24, 1.03145740614e-23, 8.29171303047e-24, 9.16006192709e-24, 7.06007948751e-24, 8.55011940834e-24, 7.45556149171e-24, 8.43600910067e-24, 6.86205567878e-24],
        "var": [3.8288973883e-05, 1.01539681054e-05, 2.28962176152e-06, 1.1940803688e-06, 4.00340411488e-07, 5.30036288637e-07, 3.79948261298e-07, 2.31940347817e-07, 2.28646399592e-07, 4.83796043227e-07, 3.04260368011e-07, 2.07591497769e-07, 2.78745204696e-07, 4.02577136072e-08, 1.91607991695e-08, 1.00747055143e-08, 1.60044262287e-08, 2.19757421149e-08, 7.71517871812e-09, 3.73324615666e-09, 1.71199976418e-09, 1.64014712922e-09, 1.99720173732e-09, 6.75389466576e-10, 6.56274645738e-10, 1.92082932893e-10, 1.02339435537e-10, 1.30933888731e-10, 1.65183186573e-10, 6.17397730163e-11, 3.93014648603e-11, 3.69470842809e-11, 6.33536278993e-11, 6.98492236273e-11, 3.7009308812e-11, 3.08287458062e-11, 3.07056671756e-11, 2.26507736178e-11, 1.97591838724e-11, 1.8186684797e-11]
    },
    "mfcc": {
        "mean": [-639.914611816, 107.311080933, 7.68612003326, 4.91161155701, 3.55191636086, 2.71029567719, 2.27434706688, 4.16106510162, 2.23407578468, 5.65892744064, 1.13334918022, 1.44753098488, 0.358892261982],
        "cov": [[12051.3203125, -291.629089355, 349.506134033, 1111.8359375, 726.508850098, 251.615951538, 453.763671875, 522.492675781, 433.695495605, 145.150512695, 9.43805408478, 149.764831543, -9.08260154724], [-291.629089355, 1267.43615723, -74.6244430542, 5.54242324829, 4.28609848022, 14.3007555008, 83.0146179199, -8.67610454559, -25.4840316772, 60.1001930237, 0.773960590363, 25.0938987732, -23.2732830048], [349.506134033, -74.6244430542, 561.149536133, 197.340759277, 93.3967895508, 78.594078064, -1.45623707771, 57.4333343506, 8.36484146118, 1.03508853912, 15.0183649063, -20.1840133667, 45.0226783752], [1111.8359375, 5.54242324829, 197.340759277, 585.381652832, 198.123474121, 127.284873962, 116.402816772, 191.652709961, 126.638404846, 28.9784488678, 65.1493835449, 32.3080596924, 56.2609329224], [726.508850098, 4.28609848022, 93.3967895508, 198.123474121, 312.348602295, 106.361816406, 100.2578125, 131.276016235, 80.0984344482, 31.5606651306, 16.4303722382, 15.177488327, 14.7721509933], [251.615951538, 14.3007555008, 78.594078064, 127.284873962, 106.361816406, 266.155273438, 139.199462891, 100.422592163, 83.6831588745, 40.5931892395, 58.749168396, 25.7272987366, 30.2021369934], [453.763671875, 83.0146179199, -1.45623707771, 116.402816772, 100.2578125, 139.199462891, 231.636489868, 118.649688721, 90.6964111328, 58.3034095764, 54.2846031189, 39.6639785767, 15.0313568115], [522.492675781, -8.67610454559, 57.4333343506, 191.652709961, 131.276016235, 100.422592163, 118.649688721, 232.73223877, 132.12828064, 45.2157859802, 60.9721908569, 29.957365036, 31.030916214], [433.695495605, -25.4840316772, 8.36484146118, 126.638404846, 80.0984344482, 83.6831588745, 90.6964111328, 132.12828064, 221.452285767, 74.0225601196, 64.5167236328, 46.3962287903, 24.7308158875], [145.150512695, 60.1001930237, 1.03508853912, 28.9784488678, 31.5606651306, 40.5931892395, 58.3034095764, 45.2157859802, 74.0225601196, 136.454833984, 50.4492492676, 39.223613739, 14.2040281296], [9.43805408478, 0.773960590363, 15.0183649063, 65.1493835449, 16.4303722382, 58.749168396, 54.2846031189, 60.9721908569, 64.5167236328, 50.4492492676, 129.137298584, 62.8415603638, 31.4692497253], [149.764831543, 25.0938987732, -20.1840133667, 32.3080596924, 15.177488327, 25.7272987366, 39.6639785767, 29.957365036, 46.3962287903, 39.223613739, 62.8415603638, 140.859832764, 38.835483551], [-9.08260154724, -23.2732830048, 45.0226783752, 56.2609329224, 14.7721509933, 30.2021369934, 15.0313568115, 31.030916214, 24.7308158875, 14.2040281296, 31.4692497253, 38.835483551, 104.973480225]],
