{
"lowlevel": {
    "average_loudness": 0.725283563137,
    "barkbands_crest": {
        "dmean": 2.44202136993,
        "dmean2": 3.60462903976,
        "dvar": 5.57609033585,
        "dvar2": 12.2956571579,
        "max": 26.048658371,
        "mean": 11.1733026505,
        "median": 10.3166637421,
        "min": 2.38451504707,
        "var": 20.8741130829
    },
    "barkbands_flatness_db": {
        "dmean": 0.0212925989181,
        "dmean2": 0.0305917970836,
        "dvar": 0.000519359542523,
        "dvar2": 0.00103751511779,
        "max": 0.522312700748,
        "mean": 0.1719391644,
        "median": 0.149498566985,
        "min": 0.0175420325249,
        "var": 0.0104506742209
    },
    "barkbands_kurtosis": {
        "dmean": 2.64157009125,
        "dmean2": 3.98894810677,
        "dvar": 42.0113258362,
        "dvar2": 89.5237045288,
        "max": 228.510498047,
        "mean": 4.29417562485,
        "median": 1.9843723774,
        "min": -1.91222906113,
        "var": 81.9320068359
    },
    "barkbands_skewness": {
        "dmean": 0.450591981411,
        "dmean2": 0.667535662651,
        "dvar": 0.310064822435,
        "dvar2": 0.629421770573,
        "max": 13.0748519897,
        "mean": 1.49647986889,
        "median": 1.29849290848,
        "min": -2.22783756256,
        "var": 1.27614569664
    },
    "barkbands_spread": {
        "dmean": 4.70236778259,
        "dmean2": 6.8211555481,
        "dvar": 46.0298194885,
        "dvar2": 83.7603759766,
        "max": 112.806045532,
        "mean": 19.5692062378,
        "median": 14.9948625565,
        "min": 0.796792507172,
        "var": 239.755187988
    },
    "dissonance": {
        "dmean": 0.0249071754515,
        "dmean2": 0.0417433194816,
        "dvar": 0.000624748063274,
        "dvar2": 0.00164250913076,
        "max": 0.500000059605,
        "mean": 0.445290535688,
        "median": 0.458143353462,
        "min": 0.208387449384,
        "var": 0.00194288452622
    },
    "dynamic_complexity": 3.9279692173,
    "erbbands_crest": {
        "dmean": 2.52289104462,
        "dmean2": 4.06525230408,
        "dvar": 6.1956486702,
        "dvar2": 14.8575649261,
        "max": 32.1454238892,
        "mean": 9.47306919098,
        "median": 8.45131874084,
        "min": 2.41670179367,
        "var": 21.5352535248
    },
    "erbbands_flatness_db": {
        "dmean": 0.0172177087516,
        "dmean2": 0.0249395873398,
        "dvar": 0.00033241303754,
        "dvar2": 0.000613172538579,
        "max": 0.539026260376,
        "mean": 0.186296343803,
        "median": 0.161403685808,
        "min": 0.0566240511835,
        "var": 0.00948017183691
    },
    "erbbands_kurtosis": {
        "dmean": 1.14016771317,
        "dmean2": 1.8100912571,
        "dvar": 4.09687519073,
        "dvar2": 9.30035305023,
        "max": 57.1447257996,
        "mean": 1.14051055908,
        "median": 0.108863711357,
        "min": -1.84703814983,
        "var": 11.2631654739
    },
    "erbbands_skewness": {
        "dmean": 0.38165640831,
        "dmean2": 0.588121891022,
        "dvar": 0.142705798149,
        "dvar2": 0.318744748831,
        "max": 6.54156684875,
        "mean": 0.645593881607,
        "median": 0.533371806145,
        "min": -3.06866288185,
        "var": 0.668753445148
    },
    "erbbands_spread": {
        "dmean": 7.02380418777,
        "dmean2": 10.6530313492,
        "dvar": 96.9027404785,
        "dvar2": 194.783462524,
        "max": 163.959182739,
        "mean": 32.4726028442,
        "median": 27.858915329,
        "min": 1.00311219692,
        "var": 431.977996826
    },
    "hfc": {
        "dmean": 6.95412111282,
        "dmean2": 9.57035827637,
        "dvar": 116.576080322,
        "dvar2": 213.908935547,
        "max": 208.752502441,
        "mean": 24.5133209229,
        "median": 15.4335670471,
        "min": 1.11756190337e-16,
        "var": 708.945068359
    },
    "melbands_crest": {
        "dmean": 3.01605224609,
        "dmean2": 4.63552427292,
        "dvar": 9.13936042786,
        "dvar2": 23.1089725494,
        "max": 34.3931541443,
        "mean": 15.7449827194,
        "median": 14.7950077057,
        "min": 1.61452412605,
        "var": 35.6134681702
    },
    "melbands_flatness_db": {
        "dmean": 0.0243610404432,
        "dmean2": 0.0341768339276,
        "dvar": 0.000722635362763,
        "dvar2": 0.00141260260716,
        "max": 0.670798718929,
        "mean": 0.248442545533,
        "median": 0.223690643907,
        "min": 0.00306168594398,
        "var": 0.014255403541
    },
    "melbands_kurtosis": {
        "dmean": 5.79630804062,
        "dmean2": 8.84388828278,
        "dvar": 238.624450684,
        "dvar2": 532.443481445,
        "max": 420.083526611,
        "mean": 11.3143005371,
        "median": 5.91319084167,
        "min": -1.74973642826,
        "var": 444.225219727
    },
    "melbands_skewness": {
        "dmean": 0.600272774696,
        "dmean2": 0.897819519043,
        "dvar": 0.667319178581,
        "dvar2": 1.34768748283,
        "max": 16.5530509949,
        "mean": 2.28302955627,
        "median": 1.9803841114,
        "min": -0.968193411827,
        "var": 2.62789821625
    },
    "melbands_spread": {
        "dmean": 4.96311712265,
        "dmean2": 7.31104516983,
        "dvar": 49.2175979614,
        "dvar2": 103.464668274,
        "max": 159.171691895,
        "mean": 19.3417072296,
        "median": 14.9791679382,
        "min": 0.696514546871,
        "var": 266.453216553
    },
    "pitch_salience": {
        "dmean": 0.0684049651027,
        "dmean2": 0.107881523669,
        "dvar": 0.00572467176244,
        "dvar2": 0.0140302032232,
        "max": 0.864996671677,
        "mean": 0.518866539001,
        "median": 0.52355492115,
        "min": 0.089696854353,
        "var": 0.0161756779999
    },
    "silence_rate_20dB": {
        "dmean": 0,
        "dmean2": 0,
        "dvar": 0,
        "dvar2": 0,
        "max": 1,
        "mean": 1,
        "median": 1,
        "min": 1,
        "var": 0
    },
    "silence_rate_30dB": {
        "dmean": 0.0190453510731,
        "dmean2": 0.0380952395499,
        "dvar": 0.0186844374985,
        "dvar2": 0.0390260890126,
        "max": 1,
        "mean": 0.976672232151,
        "median": 1,
        "min": 0,
        "var": 0.0227835495025
    },
    "silence_rate_60dB": {
        "dmean": 0.0152362817898,
        "dmean2": 0.0304761901498,
        "dvar": 0.015001386404,
        "dvar2": 0.033117312938,
        "max": 1,
        "mean": 0.0792668387294,
        "median": 0,
        "min": 0,
        "var": 0.0729869604111
    },
    "spectral_centroid": {
        "dmean": 187.350204468,
        "dmean2": 279.941986084,
        "dvar": 69667.5,
        "dvar2": 133305.484375,
        "max": 11658.1894531,
        "mean": 1164.18005371,
        "median": 922.014831543,
        "min": 189.525970459,
        "var": 916343.1875
    },
    "spectral_complexity": {
        "dmean": 3.16724205017,
        "dmean2": 4.8729763031,
        "dvar": 16.4501686096,
        "dvar2": 33.2270927429,
        "max": 62,
        "mean": 18.9920253754,
        "median": 15,
        "min": 0,
        "var": 156.512817383
    },
    "spectral_decrease": {
        "dmean": 1.93855176356e-09,
        "dmean2": 2.92134494373e-09,
        "dvar": 7.56440705594e-18,
        "dvar2": 1.5772253095e-17,
        "max": 1.9100985595e-28,
        "mean": -8.10793299166e-09,
        "median": -6.36589980729e-09,
        "min": -4.01063431354e-08,
        "var": 4.8824514327e-17
    },
    "spectral_energy": {
        "dmean": 0.00761690316722,
        "dmean2": 0.0114704845473,
        "dvar": 0.00011331008136,
        "dvar2": 0.000237297892454,
        "max": 0.153749063611,
        "mean": 0.0328245833516,
        "median": 0.0255150869489,
        "min": 1.02902003294e-20,
        "var": 0.000780899194069
    },
    "spectral_energyband_high": {
        "dmean": 0.000524152768776,
        "dmean2": 0.000700905104168,
        "dvar": 1.22318840567e-06,
        "dvar2": 2.08991741601e-06,
        "max": 0.0186642259359,
        "mean": 0.00128741329536,
        "median": 0.000270831369562,
        "min": 7.26218695147e-21,
        "var": 4.95993754157e-06
    },
    "spectral_energyband_low": {
        "dmean": 0.00448966026306,
        "dmean2": 0.00640572980046,
        "dvar": 0.000107407977339,
        "dvar2": 0.000207509161555,
        "max": 0.146018579602,
        "mean": 0.0139113897458,
        "median": 0.00666288565844,
        "min": 1.67900224211e-23,
        "var": 0.000470419967314
    },
    "spectral_energyband_middle_high": {
        "dmean": 0.00161284673959,
        "dmean2": 0.00252739246935,
        "dvar": 5.09477649757e-06,
        "dvar2": 1.27538114612e-05,
        "max": 0.0328880511224,
        "mean": 0.00507925823331,
        "median": 0.00314268888906,
        "min": 1.17665220348e-21,
        "var": 2.74274116236e-05
    },
    "spectral_energyband_middle_low": {
        "dmean": 0.00553208868951,
        "dmean2": 0.00883423909545,
        "dvar": 7.17324946891e-05,
        "dvar2": 0.000179437687621,
        "max": 0.110211126506,
        "mean": 0.0129049569368,
        "median": 0.00997737888247,
        "min": 2.13000648563e-22,
        "var": 0.000138382645673
    },
    "spectral_entropy": {
        "dmean": 0.159230351448,
        "dmean2": 0.229419663548,
        "dvar": 0.0355935767293,
        "dvar2": 0.0654640570283,
        "max": 9.81899166107,
        "mean": 7.31643438339,
        "median": 7.45941734314,
        "min": 5.0805311203,
        "var": 0.69326120615
    },
    "spectral_flux": {
        "dmean": 0.0235657766461,
        "dmean2": 0.0365592353046,
        "dvar": 0.000962656864431,
        "dvar2": 0.00182656769175,
        "max": 0.357594043016,
        "mean": 0.0797368511558,
        "median": 0.0716147944331,
        "min": 6.28106941458e-11,
        "var": 0.00331217888743
    },
    "spectral_kurtosis": {
        "dmean": 7.08224010468,
        "dmean2": 12.1058826447,
        "dvar": 387.119812012,
        "dvar2": 1127.20349121,
        "max": 415.759399414,
        "mean": 21.8731994629,
        "median": 4.22254800797,
        "min": -1.318816185,
        "var": 2483.0715332
    },
    "spectral_rms": {
        "dmean": 0.000623022846412,
        "dmean2": 0.000923142244574,
        "dvar": 5.77479056574e-07,
        "dvar2": 1.17144952583e-06,
        "max": 0.0122474115342,
        "mean": 0.00508662033826,
        "median": 0.00498926499858,
        "min": 3.16847286255e-12,
        "var": 6.15031967754e-06
    },
    "spectral_rolloff": {
        "dmean": 416.016021729,
        "dmean2": 660.027160645,
        "dvar": 797071.125,
        "dvar2": 1515163.5,
        "max": 19595.2148438,
        "mean": 1317.97949219,
        "median": 796.728515625,
        "min": 64.599609375,
        "var": 3548646
    },
    "spectral_skewness": {
        "dmean": 0.461971968412,
        "dmean2": 0.765282928944,
        "dvar": 0.804178893566,
        "dvar2": 2.37155866623,
        "max": 15.8682432175,
        "mean": 2.58791828156,
        "median": 1.7334291935,
        "min": -0.0752703920007,
        "var": 5.77165174484
    },
    "spectral_spread": {
        "dmean": 599994.6875,
        "dmean2": 843099.0625,
        "dvar": 1.03836444262e+12,
        "dvar2": 1.8013266903e+12,
        "max": 49473320,
        "mean": 4705575,
        "median": 4796348,
        "min": 189298.046875,
        "var": 1.22290584945e+13
    },
    "spectral_strongpeak": {
        "dmean": 0.462106019258,
        "dmean2": 0.772579848766,
        "dvar": 0.68435561657,
        "dvar2": 1.72998058796,
        "max": 11.102388382,
        "mean": 0.865360438824,
        "median": 0.431316077709,
        "min": 0,
        "var": 1.17118096352
    },
    "zerocrossingrate": {
        "dmean": 0.00979596469551,
        "dmean2": 0.0107733448967,
        "dvar": 0.0002024347923,
        "dvar2": 0.000211577149457,
        "max": 0.75048828125,
        "mean": 0.0542565211654,
        "median": 0.0419921875,
        "min": 0.0029296875,
        "var": 0.0025265510194
    },
    "barkbands": {
        "dmean": [0.000317814876325, 0.00414784066379, 0.00203276798129, 0.000707721104845, 0.00125814636704, 0.00110662926454, 0.00150781834964, 0.00178671558388, 0.00136441364884, 0.000370147230569, 0.00049107457744, 0.00053637829842, 0.000297508551739, 0.000271991972113, 0.000405790255172, 0.000167515026988, 0.000168575905263, 0.000184169810382, 0.000121339871839, 0.000132365472382, 0.000103351834696, 0.000107783213025, 0.000110952467367, 0.000112217669084, 8.50300348247e-05, 4.87438810524e-05, 8.69029190653e-06],
        "dmean2": [0.000447878061095, 0.00567231327295, 0.00356596428901, 0.00128406484146, 0.00210485816933, 0.00166257761884, 0.00235571502708, 0.00287112034857, 0.00211899541318, 0.000597541569732, 0.000795283936895, 0.000892967975233, 0.000494093925226, 0.000436917180195, 0.000666231499054, 0.000279857660644, 0.000283012806904, 0.000309661845677, 0.000194484498934, 0.000205845353776, 0.000160993236932, 0.000168188547832, 0.000162717071362, 0.000159409522894, 0.000115273316624, 6.74898474244e-05, 1.31170836539e-05],
        "dvar": [6.52212520436e-07, 0.00010330366058, 6.69913642923e-05, 6.08417167314e-06, 1.15766270028e-05, 4.18252329837e-06, 1.12754551083e-05, 1.45905751197e-05, 1.08680424091e-05, 5.61592173653e-07, 9.46247155298e-07, 1.35806874368e-06, 4.12920343251e-07, 4.56574639429e-07, 1.18124023629e-06, 2.01263745225e-07, 1.26319164906e-07, 1.62136686299e-07, 5.82616408451e-08, 5.98677658559e-08, 4.41675815921e-08, 5.41621858474e-08, 6.4571565872e-08, 6.54480842854e-08, 3.84952194565e-08, 1.41530680509e-08, 1.00281682958e-09],
        "dvar2": [1.19882247418e-06, 0.000200636844966, 0.000187834579265, 1.75375571416e-05, 3.07139744109e-05, 8.97163317859e-06, 2.64898681053e-05, 3.4959120967e-05, 2.44547918555e-05, 1.45750004776e-06, 2.34512435782e-06, 3.67634811482e-06, 1.0643080941e-06, 1.11363567612e-06, 3.08933022097e-06, 5.909305969e-07, 3.54769838395e-07, 4.66595821536e-07, 1.47850528265e-07, 1.42429044558e-07, 1.02275564018e-07, 1.23478315572e-07, 1.24433910287e-07, 1.26000799128e-07, 7.57344480462e-08, 2.47525022701e-08, 2.17380424772e-09],
        "max": [0.0124135948718, 0.143233537674, 0.0910741537809, 0.0267404578626, 0.0517759472132, 0.0676150694489, 0.054607283324, 0.0642732530832, 0.101714543998, 0.0234264228493, 0.0205295830965, 0.0226301252842, 0.0168917458504, 0.0162060037255, 0.0222650934011, 0.0147656584159, 0.00462090410292, 0.00740106962621, 0.00406706705689, 0.00450004031882, 0.00352075346746, 0.00345405307598, 0.00468076346442, 0.00487895915285, 0.0028527341783, 0.00239156396128, 0.000686977058649],
        "mean": [0.000766765908338, 0.010727555491, 0.00214315019548, 0.000713310262654, 0.0020361954812, 0.00246194936335, 0.00256791384891, 0.00281610898674, 0.00215794076212, 0.000653961615171, 0.000778541609179, 0.000867640890647, 0.000439783878392, 0.000423553719884, 0.000643450475764, 0.000284824694972, 0.000292485987302, 0.000337162055075, 0.000269754673354, 0.000291050528176, 0.000225019903155, 0.000223537630518, 0.000232997292187, 0.000219394874875, 0.000154932247824, 8.4546074504e-05, 1.10600949483e-05],
        "median": [0.000102810779936, 0.00423650909215, 0.000456215871964, 0.000204259267775, 0.0010808960069, 0.00117950839922, 0.00094782479573, 0.000961956160609, 0.000435564492363, 0.000331002869643, 0.000320651975926, 0.000274584890576, 0.00017905907589, 0.000113075460831, 0.000131763721583, 7.34426139388e-05, 6.18224585196e-05, 7.34326022211e-05, 5.78238468734e-05, 7.43800483178e-05, 3.62682694686e-05, 4.13593515987e-05, 3.90571949538e-05, 4.30243744631e-05, 2.24008890655e-05, 1.22347591969e-05, 5.63738637993e-07],
        "min": [1.35450415098e-24, 3.75062103007e-24, 2.42687377693e-24, 4.40254080974e-24, 1.49208370166e-23, 8.79843073319e-24, 2.61347093545e-24, 7.82572894945e-24, 1.79651553795e-23, 1.2409860412e-23, 2.26403505783e-23, 1.72931216189e-23, 3.89644465053e-23, 5.2409450986e-23, 7.07502019751e-23, 7.11875717045e-23, 6.89227078694e-23, 8.15043072448e-23, 1.67815844494e-22, 1.55631098951e-22, 2.94734615305e-22, 3.01200952322e-22, 4.72093089288e-22, 5.72071023253e-22, 8.86922500409e-22, 1.24945015584e-21, 2.05991115811e-21],
        "var": [2.33399737226e-06, 0.000342257117154, 4.59801121906e-05, 3.85353132515e-06, 1.13585492727e-05, 1.49474362843e-05, 2.39635246544e-05, 2.41793077294e-05, 2.44138736889e-05, 1.03222805592e-06, 1.8900352643e-06, 2.53761231761e-06, 6.07173433309e-07, 9.03070088043e-07, 2.40010490415e-06, 3.68749851987e-07, 2.80974319367e-07, 3.27954097656e-07, 1.94818369437e-07, 2.03597437576e-07, 1.49629443058e-07, 1.56212180968e-07, 2.09541056506e-07, 1.92634075802e-07, 1.00163326522e-07, 3.58893252894e-08, 1.27636479164e-09]
    },
    "erbbands": {
        "dmean": [0.148705199361, 0.945100426674, 2.2270526886, 2.18590807915, 3.47993612289, 4.40815782547, 6.11721754074, 10.5961389542, 18.2693405151, 27.419713974, 40.2755432129, 27.9323158264, 11.3540039062, 16.3919372559, 16.978307724, 17.5929069519, 13.6727113724, 10.5081272125, 16.1919288635, 15.9153490067, 8.12665081024, 9.80955791473, 10.0857973099, 7.46030807495, 5.86179256439, 5.43387746811, 4.75450897217, 3.86080336571, 3.84682607651, 3.64522385597, 3.20268988609, 2.74196648598, 1.68646204472, 1.02794933319, 0.626962184906, 0.265759497881, 0.0802059918642, 0.0177430603653, 0.00134057470132, 2.75332367892e-05],
        "dmean2": [0.168877258897, 1.31684434414, 3.58492994308, 3.91330313683, 6.04444885254, 7.38311243057, 9.2874879837, 16.0230808258, 29.0708808899, 43.1599617004, 64.6055526733, 43.7319412231, 17.4733695984, 26.4652729034, 27.3507289886, 29.3842563629, 22.6495246887, 16.9709243774, 26.269367218, 25.8853664398, 13.5322246552, 16.5892238617, 17.1359825134, 12.2899961472, 9.145652771, 8.30449867249, 7.42669677734, 6.13618659973, 6.02974939346, 5.68166589737, 4.66518211365, 4.0078997612, 2.40851998329, 1.41745090485, 0.88715672493, 0.374193668365, 0.109809696674, 0.024940174073, 0.00201929733157, 3.95059323637e-05],
        "dvar": [0.100059576333, 7.230717659, 65.8975830078, 72.1622695923, 112.922782898, 150.222106934, 160.966171265, 397.422088623, 1571.26147461, 3535.32348633, 6550.44921875, 5824.95947266, 584.336486816, 1216.20996094, 1183.98266602, 1346.09350586, 769.785461426, 466.465911865, 1322.79602051, 1544.36914062, 328.663269043, 445.246246338, 524.602783203, 255.219558716, 134.684249878, 108.580848694, 103.857162476, 65.4354934692, 69.9553985596, 61.2499237061, 56.0177574158, 38.1318054199, 15.451924324, 5.49188804626, 2.53274321556, 0.42971020937, 0.038622636348, 0.00307963509113, 2.21974441956e-05, 5.01256280927e-09],
        "dvar2": [0.12647074461, 13.3845310211, 171.582366943, 203.598709106, 310.279449463, 405.313262939, 321.025238037, 895.942382812, 3958.73681641, 8710.46679688, 15840.4707031, 13516.9794922, 1312.43115234, 3002.37304688, 3011.55371094, 3806.45092773, 1979.97839355, 1151.41015625, 3428.01196289, 4031.77392578, 930.703369141, 1279.98681641, 1498.41638184, 698.557250977, 315.11920166, 242.450683594, 226.723876953, 158.123703003, 166.055969238, 140.30632019, 103.335395813, 73.506690979, 30.2256698608, 10.9085950851, 5.28213834763, 0.861763596535, 0.0651850998402, 0.0063022156246, 4.64298282168e-05, 9.61988622095e-09],
        "max": [5.04771661758, 35.8085212708, 96.6318511963, 94.0442199707, 163.222061157, 198.747924805, 612.592651367, 599.946899414, 761.366149902, 1384.10546875, 1162.86352539, 2623.55395508, 791.816101074, 992.52130127, 654.807250977, 858.407836914, 766.657958984, 471.020507812, 731.888549805, 837.278320312, 492.682159424, 291.524078369, 489.941589355, 256.395721436, 192.985275269, 203.522415161, 194.795516968, 138.103408813, 131.388320923, 124.699203491, 140.711883545, 120.353004456, 76.1342086792, 37.8719558716, 24.1210136414, 14.0922040939, 3.91337776184, 1.12669765949, 0.102689690888, 0.00152359169442],
        "mean": [0.431393176317, 1.89163184166, 2.83296513557, 2.23560023308, 4.4910993576, 6.88627338409, 13.389922142, 22.8751010895, 31.559841156, 48.8568611145, 64.8044128418, 44.839969635, 22.0900745392, 27.9209518433, 29.3063735962, 30.653875351, 22.7157592773, 18.0509662628, 27.9715824127, 27.3666629791, 15.7448596954, 18.0855369568, 18.6486053467, 16.1129436493, 13.8440132141, 12.0325841904, 10.4708480835, 8.41111183167, 7.83044052124, 7.27974271774, 6.61990976334, 5.2888712883, 3.2518196106, 1.89752662182, 1.05587852001, 0.448326945305, 0.138115599751, 0.0270424392074, 0.00169385655317, 7.07174913259e-05],
        "median": [0.148135170341, 0.642336308956, 0.737783849239, 0.730931758881, 2.03443408012, 3.28877449036, 6.14582157135, 10.5320005417, 13.9206542969, 19.1767959595, 21.0646324158, 10.9266109467, 11.9495573044, 12.4192447662, 13.7576217651, 11.144525528, 9.6991443634, 7.66801214218, 8.48460006714, 6.86556148529, 4.4488568306, 4.17172813416, 4.28150653839, 3.11310219765, 3.4751727581, 3.32044219971, 1.94221794605, 1.29762208462, 1.33775687218, 1.46730899811, 1.06970763206, 1.01352477074, 0.592244625092, 0.270826160908, 0.147415190935, 0.0707010477781, 0.0186844971031, 0.00264964881353, 0.000101656100014, 3.84125305573e-05],
        "min": [1.53558187063e-22, 6.49193447983e-22, 2.56015327837e-21, 1.17060451558e-20, 2.83251780274e-20, 2.40897095607e-20, 3.94007451509e-20, 8.56059491065e-20, 6.73889569386e-20, 1.90929622194e-19, 2.97127644577e-19, 4.86758877553e-19, 5.38100582307e-19, 8.2980639401e-19, 9.98890176227e-19, 1.08687334548e-18, 2.04758510393e-18, 2.23249057652e-18, 2.76590192363e-18, 4.67793466584e-18, 5.04000154612e-18, 3.78976395877e-18, 5.34107212803e-18, 5.15146620161e-18, 8.65218595739e-18, 8.20801147515e-18, 1.06777577173e-17, 1.01154949308e-17, 1.05381544453e-17, 1.31500872444e-17, 1.28369696041e-17, 1.10814822404e-17, 1.04142080479e-17, 8.82160826328e-18, 6.30473919602e-18, 3.82515364051e-18, 2.46141922169e-18, 9.96050051594e-19, 2.44713603556e-19, 2.79016357044e-20],
        "var": [0.542261123657, 14.980219841, 58.7173881531, 45.8301887512, 87.0991821289, 151.05557251, 619.081054688, 1245.95996094, 2764.76416016, 6925.4140625, 12217.1767578, 12110.0136719, 1322.76538086, 2561.04101562, 2317.00610352, 2582.82495117, 1319.15661621, 898.623718262, 2959.16503906, 3263.42016602, 728.441589355, 1011.24182129, 1059.98876953, 748.959472656, 483.402526855, 350.979553223, 330.928100586, 212.965408325, 193.218765259, 161.397964478, 180.982391357, 113.949256897, 43.5461463928, 15.4071559906, 5.11723518372, 0.985582888126, 0.100635938346, 0.00482872780412, 2.97386777675e-05, 1.10166826772e-08]
    },
    "gfcc": {
        "mean": [-34.2836837769, 109.387557983, -107.355117798, 6.7508597374, -61.5737228394, 10.6840744019, -33.4545288086, 8.65633487701, -17.3464927673, 6.08736228943, -8.3823261261, 2.27248907089, -10.7571163177],
        "cov": [[26567.4550781, -7333.58837891, -157.432891846, 4207.33544922, -1068.01501465, 1942.99597168, -472.90447998, 1968.30737305, 66.7975692749, 1587.91430664, -354.178192139, 852.085144043, -546.28515625], [-7333.58837891, 5363.28857422, -209.203262329, -1657.0682373, 770.483825684, -955.282592773, 263.250915527, -1038.49267578, 0.843383014202, -809.757324219, 257.771484375, -462.551208496, 315.723205566], [-157.432891846, -209.203262329, 774.130371094, 174.895370483, 66.2125701904, 193.056167603, -1.81758606434, 57.8090553284, -52.70570755, 29.2432041168, -30.5164375305, 57.7086486816, -36.2248725891], [4207.33544922, -1657.0682373, 174.895370483, 1351.5045166, -17.7099838257, 516.276062012, 75.7860870361, 469.594726562, 106.496582031, 369.673614502, -19.3356990814, 180.582290649, -72.9114532471], [-1068.01501465, 770.483825684, 66.2125701904, -17.7099838257, 546.726257324, -10.7867593765, 188.903900146, -10.5585069656, 119.089797974, -47.1204986572, 64.2485046387, -36.5110931396, 64.9899673462], [1942.99597168, -955.282592773, 193.056167603, 516.276062012, -10.7867593765, 442.178771973, 61.7852554321, 294.120422363, 59.0892677307, 214.177444458, -9.63143444061, 130.787811279, -51.3842658997], [-472.90447998, 263.250915527, -1.81758606434, 75.7860870361, 188.903900146, 61.7852554321, 271.219573975, 68.4689025879, 101.173118591, 33.2563743591, 88.7530899048, 15.8115367889, 41.2514190674], [1968.30737305, -1038.49267578, 57.8090553284, 469.594726562, -10.5585069656, 294.120422363, 68.4689025879, 423.847686768, 126.477355957, 266.961242676, 8.35918426514, 140.351669312, -40.4414749146], [66.7975692749, 0.843383014202, -52.70570755, 106.496582031, 119.089797974, 59.0892677307, 101.173118591, 126.477355957, 200.474014282, 104.025039673, 53.3776702881, 32.2532806396, 32.8091316223], [1587.91430664, -809.757324219, 29.2432041168, 369.673614502, -47.1204986572, 214.177444458, 33.2563743591, 266.961242676, 104.025039673, 276.395233154, 37.9978561401, 119.884391785, -29.1113700867], [-354.178192139, 257.771484375, -30.5164375305, -19.3356990814, 64.2485046387, -9.63143444061, 88.7530899048, 8.35918426514, 53.3776702881, 37.9978561401, 122.646430969, 32.6948432922, 44.9440422058], [852.085144043, -462.551208496, 57.7086486816, 180.582290649, -36.5110931396, 130.787811279, 15.8115367889, 140.351669312, 32.2532806396, 119.884391785, 32.6948432922, 142.184387207, 14.5334730148], [-546.28515625, 315.723205566, -36.2248725891, -72.9114532471, 64.9899673462, -51.3842658997, 41.2514190674, -40.4414749146, 32.8091316223, -29.1113700867, 44.9440422058, 14.5334730148, 109.784065247]],
        "icov": [[0.000155332949362, -0.000203216186492, 0.000245528819505, -0.000386212748708, 0.00016981594672, -0.000199487738428, 0.0003086271754, -0.000357939454261, 0.000359334953828, -0.000457744201412, 0.000568280229345, -0.000516729953233, 0.000347148132278], [-0.000203216186492, 0.0014409518335, -0.000509968376718, 0.000871491036378, -0.00102640804835, 0.000575056998059, -0.000603282649536, 0.00159564730711, -0.00119432166684, 0.0019977549091, -0.00288696750067, 0.00208433833905, -0.00126079074107], [0.000245528819505, -0.000509968376718, 0.00205850997008, -0.000634981319308, -9.44846178754e-05, -0.00126349087805, 0.000658208678942, -0.000455113913631, 0.00131534959655, -0.000793519953731, 0.00145284307655, -0.00171350559685, 0.00102400605101], [-0.000386212748708, 0.000871491036378, -0.000634981319308, 0.00265171006322, -0.000827499025036, -0.000491679355036, -0.000990902306512, 0.00081154552754, -0.000734099594411, 0.000391580542782, -0.00147108384408, 0.00189290905837, -0.00127061258536], [0.00016981594672, -0.00102640804835, -9.44846178754e-05, -0.000827499025036, 0.00375742581673, -0.000443330674898, -0.000919770216569, -0.00129490089603, -0.000751366256736, -0.000193924977793, 0.00171613134444, -0.000595639867242, 0.000202251059818], [-0.000199487738428, 0.000575056998059, -0.00126349087805, -0.000491679355036, -0.000443330674898, 0.00674186367542, -0.00175644934643, -0.000848555064294, -0.000218810280785, -7.33522538212e-05, 0.000124766127556, -0.00104808993638, 0.000509095552843], [0.0003086271754, -0.000603282649536, 0.000658208678942, -0.000990902306512, -0.000919770216569, -0.00175644934643, 0.00772591680288, -0.00217425590381, -0.000508784549311, 0.00077029602835, -0.00312167871743, -2.00654285436e-05, 0.000485140044475], [-0.000357939454261, 0.00159564730711, -0.000455113913631, 0.00081154552754, -0.00129490089603, -0.000848555064294, -0.00217425590381, 0.0107193784788, -0.00366834364831, -0.00231535010971, -0.000424009544076, -0.000506974000018, -0.000123029021779], [0.000359334953828, -0.00119432166684, 0.00131534959655, -0.000734099594411, -0.000751366256736, -0.000218810280785, -0.000508784549311, -0.00366834364831, 0.0113773634657, -0.00581823289394, 0.00213567004539, 2.96782909572e-05, -0.00146973843221], [-0.000457744201412, 0.0019977549091, -0.000793519953731, 0.000391580542782, -0.000193924977793, -7.33522538212e-05, 0.00077029602835, -0.00231535010971, -0.00581823289394, 0.0174280647188, -0.00918834656477, -8.44841852086e-05, 0.00104629434645], [0.000568280229345, -0.00288696750067, 0.00145284307655, -0.00147108384408, 0.00171613134444, 0.000124766127556, -0.00312167871743, -0.000424009544076, 0.00213567004539, -0.00918834656477, 0.0215092338622, -0.00809841603041, -0.000116291586892], [-0.000516729953233, 0.00208433833905, -0.00171350559685, 0.00189290905837, -0.000595639867242, -0.00104808993638, -2.00654285436e-05, -0.000506974000018, 2.96782909572e-05, -8.44841852086e-05, -0.00809841603041, 0.0192037913948, -0.00744905741885], [0.000347148132278, -0.00126079074107, 0.00102400605101, -0.00127061258536, 0.000202251059818, 0.000509095552843, 0.000485140044475, -0.000123029021779, -0.00146973843221, 0.00104629434645, -0.000116291586892, -0.00744905741885, 0.0155974300578]]
    },
    "melbands": {
        "dmean": [0.00117243162822, 0.00103024626151, 0.000413929665228, 0.000283080182271, 0.000206075201277, 0.000230999808991, 0.00029057363281, 0.000331864604959, 0.000344397092704, 0.000166869067471, 5.74967380089e-05, 6.60698788124e-05, 5.39790962648e-05, 5.72227945668e-05, 4.93606021337e-05, 2.79501891782e-05, 2.14345636778e-05, 2.51352121268e-05, 3.92628353438e-05, 1.33691182782e-05, 9.21563059819e-06, 1.13779515232e-05, 1.05926465039e-05, 7.67212077335e-06, 6.71396446705e-06, 4.3806571739e-06, 5.50145932721e-06, 3.7417803469e-06, 3.56693294634e-06, 2.75372985925e-06, 2.20039487431e-06, 2.46053764386e-06, 2.20219749281e-06, 2.06961544791e-06, 1.89428510566e-06, 2.0659861093e-06, 1.67127336681e-06, 1.30904822981e-06, 9.73215946942e-07, 8.72946714026e-07],
        "dmean2": [0.00152640894521, 0.00145180756226, 0.000730479718186, 0.000480799499201, 0.000317318248563, 0.000350055634044, 0.000456992158433, 0.000525397190358, 0.000549322110601, 0.000259198801359, 8.82791500771e-05, 0.000106723302451, 8.73013195815e-05, 9.44053026615e-05, 8.14092272776e-05, 4.62484822492e-05, 3.50774207618e-05, 4.0056394937e-05, 6.38819328742e-05, 2.22259786824e-05, 1.55148991325e-05, 1.91945418919e-05, 1.81829182111e-05, 1.27345319925e-05, 1.10737664727e-05, 6.90023261996e-06, 8.77089041751e-06, 5.75307967665e-06, 5.65436994293e-06, 4.42650980403e-06, 3.51590824721e-06, 3.95050619773e-06, 3.56539180757e-06, 3.24631992044e-06, 2.82609676105e-06, 3.11766075356e-06, 2.51578899224e-06, 1.90500793451e-06, 1.42834926464e-06, 1.24287055314e-06],
        "dvar": [6.8578342507e-06, 1.03771453723e-05, 1.99933060685e-06, 6.816207474e-07, 1.70169030866e-07, 1.77381252797e-07, 4.04443710522e-07, 5.03440503508e-07, 4.78562753869e-07, 2.48757658028e-07, 1.468572286e-08, 1.847619302e-08, 1.03717612276e-08, 2.18191473778e-08, 1.0704564346e-08, 5.59548141155e-09, 2.20638063375e-09, 4.22300638903e-09, 1.29285719908e-08, 1.52885393234e-09, 3.68959945929e-10, 6.21259488298e-10, 6.77199685217e-10, 2.51418108554e-10, 2.13430620399e-10, 7.94317597808e-11, 1.12204245895e-10, 5.74336481152e-11, 6.09597650136e-11, 3.40395663045e-11, 2.29789780953e-11, 2.83936433393e-11, 2.21971330205e-11, 1.99797210026e-11, 1.77424394621e-11, 2.59574566702e-11, 1.42765166009e-11, 9.50394884319e-12, 5.27572430187e-12, 3.99214645716e-12],
        "dvar2": [1.2025390788e-05, 2.17149881792e-05, 5.56627219339e-06, 1.81898622031e-06, 3.75187255486e-07, 4.01567376684e-07, 9.88738065644e-07, 1.23487973269e-06, 1.15224304409e-06, 5.6048429542e-07, 3.33280105735e-08, 4.58767743794e-08, 2.60742734071e-08, 5.82311159292e-08, 2.79595351316e-08, 1.40538061189e-08, 5.47306244769e-09, 1.0238939474e-08, 3.31193703573e-08, 4.49647119538e-09, 1.00968666761e-09, 1.72449365898e-09, 1.9924943917e-09, 6.88386181391e-10, 5.7573945611e-10, 1.86663157153e-10, 2.81287632076e-10, 1.27810512174e-10, 1.36444730514e-10, 8.36431410245e-11, 5.53295430306e-11, 6.95583521337e-11, 5.56929190265e-11, 4.60522939227e-11, 3.48209690249e-11, 5.21003622189e-11, 2.99391414438e-11, 1.92610736388e-11, 1.10072220436e-11, 8.2971823856e-12],
        "max": [0.0357894003391, 0.0421319492161, 0.0148308789358, 0.0122511712834, 0.0160026643425, 0.0116164246574, 0.00990088563412, 0.0152399754152, 0.00986104737967, 0.0187103115022, 0.00364815676585, 0.00372481532395, 0.00184467050713, 0.00311534758657, 0.00286706653424, 0.00231076055206, 0.00106419436634, 0.00159530946985, 0.0024426553864, 0.0013195918873, 0.000331860501319, 0.000365060259355, 0.000503852264956, 0.000271257653367, 0.00022252277995, 0.000149180545122, 0.000167808262631, 0.000140972028021, 0.000162028911291, 8.12544167275e-05, 9.13963740459e-05, 8.77373822732e-05, 7.87260214565e-05, 7.85442171036e-05, 7.73910360294e-05, 9.82887577266e-05, 7.88832185208e-05, 5.29922144779e-05, 4.59009861515e-05, 3.13808450301e-05],
        "mean": [0.00331939919852, 0.00183396332432, 0.000464617623948, 0.000413374276832, 0.000438544084318, 0.000503780611325, 0.000502705748659, 0.000571193639189, 0.000544029287994, 0.000262513232883, 0.000105598264781, 0.000111197099613, 9.204968228e-05, 9.24735068111e-05, 7.72112543928e-05, 4.03080011893e-05, 3.32826348313e-05, 3.9988753997e-05, 6.03183834755e-05, 2.15909767576e-05, 1.63096556207e-05, 1.91485760297e-05, 1.7781252609e-05, 1.39491858135e-05, 1.33067660499e-05, 9.10728704184e-06, 1.10929695438e-05, 7.28276700102e-06, 7.30397096049e-06, 5.2732802942e-06, 4.48372657047e-06, 4.61508716398e-06, 4.07192828789e-06, 3.94007747673e-06, 3.74310047846e-06, 3.7681431877e-06, 3.06716424348e-06, 2.40164899878e-06, 1.79654193744e-06, 1.52773861828e-06],
        "median": [0.00121961138211, 0.000568654155359, 0.000177407477167, 0.000203180592507, 0.000219646637561, 0.000251222518273, 0.000210728176171, 0.000210876605706, 0.000149140920257, 5.66936323594e-05, 5.22194713994e-05, 4.74943117297e-05, 4.34488320025e-05, 3.28422866005e-05, 2.28770186368e-05, 1.41832952067e-05, 1.15238381113e-05, 1.09787633846e-05, 1.03234506241e-05, 5.97713506068e-06, 4.16765669797e-06, 3.84329450753e-06, 3.96303039452e-06, 3.07384311782e-06, 2.25221924666e-06, 2.12445274883e-06, 2.57817555394e-06, 1.94138920051e-06, 1.26778172671e-06, 7.30074248168e-07, 6.98001485944e-07, 7.13835618171e-07, 8.27667577141e-07, 7.77840966748e-07, 6.32555497759e-07, 5.49361857338e-07, 6.32357796349e-07, 4.26350823091e-07, 3.00509327644e-07, 1.92084456785e-07],
        "min": [2.1985780226e-24, 1.142335869e-24, 2.85652469959e-24, 4.45384950631e-24, 1.38599961984e-24, 2.07510847195e-24, 7.75746536406e-25, 1.8472438301e-24, 2.87966317323e-24, 2.66680838505e-24, 2.25873063878e-24, 3.34688122992e-24, 2.99033937216e-24, 2.47072813237e-24, 3.99940567147e-24, 2.73238441995e-24, 4.28849203323e-24, 4.06573230752e-24, 5.62104494623e-24, 6.0040160109e-24, 5.49385019716e-24, 3.66089283527e-24, 4.52360610958e-24, 2.86096342269e-24, 3.03337567884e-24, 5.82558829592e-24, 5.37166905358e-24, 4.90928454487e-24, 5.90742275407e-24, 5.41183311771e-24, 5.1647839703e-24, 6.11360851216e-24, 5.15039751397e-24, 6.75960236871e-24, 6.45563887914e-24, 6.67921823133e-24, 5.8316964459e-24, 6.389891267e-24, 7.10268665386e-24, 6.32563933513e-24],
        "var": [3.11055700877e-05, 1.61731823027e-05, 1.33857543005e-06, 6.07741014846e-07, 5.17876799222e-07, 5.51948176053e-07, 7.68984023125e-07, 9.41368284657e-07, 9.67836058408e-07, 5.18049546372e-07, 3.24121742779e-08, 3.91470535988e-08, 2.06929549051e-08, 3.57801965833e-08, 2.22606484357e-08, 7.90702969766e-09, 3.90496968095e-09, 8.67633076496e-09, 2.57788190794e-08, 2.52557286196e-09, 8.00225608e-10, 1.37735223227e-09, 1.06313924331e-09, 5.46073186669e-10, 5.65709645794e-10, 2.39308767247e-10, 3.30667965232e-10, 1.49236789593e-10, 1.71271954952e-10, 8.86960227486e-11, 6.58854359958e-11, 7.2731376477e-11, 5.0511969607e-11, 4.96683701112e-11, 5.42951690552e-11, 7.09146144584e-11, 3.74751445154e-11, 2.46796281328e-11, 1.37298349773e-11, 1.03807977839e-11]
    },
    "mfcc": {
        "mean": [-669.607788086, 137.196762085, 13.0839395523, 3.43237757683, -4.51505374908, 0.448302030563, -2.54231238365, 1.59197902679, -4.38372135162, 3.78869175911, 0.759354531765, 3.29978680611, 4.11425495148],
        "cov": [[15304.3007812, -4544.95703125, -702.309692383, 1501.34411621, 511.589385986, 269.184356689, 182.81817627, 565.601989746, 637.271362305, 809.394958496, 662.378662109, 673.186889648, 415.832702637], [-4544.95703125, 3417.34521484, 162.906478882, -487.954193115, -22.6080379486, 32.4951705933, -21.4531936646, -203.869308472, -285.665130615, -312.341339111, -235.629272461, -260.997070312, -155.277450562], [-702.309692383, 162.906478882, 579.127441406, -112.694526672, 5.10320615768, 54.9320831299, 24.3645324707, -2.52839875221, -41.4624214172, -54.9572372437, -51.6893386841, -39.4050636292, -21.0672473907], [1501.34411621, -487.954193115, -112.694526672, 491.813140869, 158.011398315, 97.6420669556, 106.554412842, 117.456253052, 143.504928589, 152.311050415, 118.254646301, 130.219512939, 118.760047913], [511.589385986, -22.6080379486, 5.10320615768, 158.011398315, 284.989227295, 118.045570374, 63.4341163635, 86.697013855, 96.4022674561, 72.4038619995, 56.3560676575, 55.4660949707, 29.0146217346], [269.184356689, 32.4951705933, 54.9320831299, 97.6420669556, 118.045570374, 197.842803955, 87.9377441406, 74.8282699585, 59.7284393311, 45.3903312683, 56.1979827881, 37.0522689819, 16.8150959015], [182.81817627, -21.4531936646, 24.3645324707, 106.554412842, 63.4341163635, 87.9377441406, 186.163330078, 93.4945526123, 55.6459121704, 54.0617866516, 47.414855957, 54.995223999, 50.5431594849], [565.601989746, -203.869308472, -2.52839875221, 117.456253052, 86.697013855, 74.8282699585, 93.4945526123, 162.137451172, 105.713935852, 74.3393096924, 79.139289856, 73.7646942139, 48.7372550964], [637.271362305, -285.665130615, -41.4624214172, 143.504928589, 96.4022674561, 59.7284393311, 55.6459121704, 105.713935852, 176.565704346, 110.901283264, 84.8515548706, 79.6959075928, 58.0597343445], [809.394958496, -312.341339111, -54.9572372437, 152.311050415, 72.4038619995, 45.3903312683, 54.0617866516, 74.3393096924, 110.901283264, 174.465713501, 110.059005737, 84.9795227051, 68.6630935669], [662.378662109, -235.629272461, -51.6893386841, 118.254646301, 56.3560676575, 56.1979827881, 47.414855957, 79.139289856, 84.8515548706, 110.059005737, 157.810089111, 102.017974854, 61.2973175049], [673.186889648, -260.997070312, -39.4050636292, 130.219512939, 55.4660949707, 37.0522689819, 54.995223999, 73.7646942139, 79.6959075928, 84.9795227051, 102.017974854, 135.787200928, 87.8179397583], [415.832702637, -155.277450562, -21.0672473907, 118.760047913, 29.0146217346, 16.8150959015, 50.5431594849, 48.7372550964, 58.0597343445, 68.6630935669, 61.2973175049, 87.8179397583, 126.101531982]],
