{
"lowlevel": {
    "average_loudness": 0.937487065792,
    "barkbands_crest": {
        "dmean": 2.46354842186,
        "dmean2": 3.51575827599,
        "dvar": 6.96220445633,
        "dvar2": 12.9303998947,
        "max": 26.7796459198,
        "mean": 11.5452575684,
        "median": 9.69523620605,
        "min": 2.01262950897,
        "var": 37.8896789551
    },
    "barkbands_flatness_db": {
        "dmean": 0.0240255892277,
        "dmean2": 0.032116882503,
        "dvar": 0.000794322986621,
        "dvar2": 0.00139869062696,
        "max": 0.668820202351,
        "mean": 0.133380413055,
        "median": 0.112769387662,
        "min": 0.0184937100857,
        "var": 0.00615888787434
    },
    "barkbands_kurtosis": {
        "dmean": 7.30569982529,
        "dmean2": 8.93382835388,
        "dvar": 937.815002441,
        "dvar2": 1346.16296387,
        "max": 1797.0480957,
        "mean": 12.1285295486,
        "median": 2.72451972961,
        "min": -1.8735127449,
        "var": 2411.5
    },
    "barkbands_skewness": {
        "dmean": 0.706789851189,
        "dmean2": 0.884938955307,
        "dvar": 1.23328888416,
        "dvar2": 1.73016393185,
        "max": 37.455619812,
        "mean": 2.27552676201,
        "median": 1.67302250862,
        "min": -2.94569063187,
        "var": 5.98770999908
    },
    "barkbands_spread": {
        "dmean": 5.92429065704,
        "dmean2": 8.42039489746,
        "dvar": 50.0704994202,
        "dvar2": 102.102539062,
        "max": 114.650878906,
        "mean": 25.788444519,
        "median": 22.4155158997,
        "min": 0.0877718031406,
        "var": 319.020446777
    },
    "dissonance": {
        "dmean": 0.0139110805467,
        "dmean2": 0.0234273243695,
        "dvar": 0.000269128417131,
        "dvar2": 0.000734111177735,
        "max": 0.500000059605,
        "mean": 0.472182869911,
        "median": 0.480690747499,
        "min": 0.176147192717,
        "var": 0.000893927994184
    },
    "dynamic_complexity": 2.47747373581,
    "erbbands_crest": {
        "dmean": 2.06426119804,
        "dmean2": 3.21775436401,
        "dvar": 5.12733888626,
        "dvar2": 11.4055995941,
        "max": 31.8179531097,
        "mean": 7.42645215988,
        "median": 5.98142147064,
        "min": 2.08877921104,
        "var": 20.4376583099
    },
    "erbbands_flatness_db": {
        "dmean": 0.010998996906,
        "dmean2": 0.0157791618258,
        "dvar": 0.000136697301059,
        "dvar2": 0.000259996159002,
        "max": 0.482058227062,
        "mean": 0.123908601701,
        "median": 0.0992189198732,
        "min": 0.0383490808308,
        "var": 0.00527949864045
    },
    "erbbands_kurtosis": {
        "dmean": 0.627651929855,
        "dmean2": 0.968631386757,
        "dvar": 1.04569745064,
        "dvar2": 2.32126379013,
        "max": 48.2081794739,
        "mean": 0.0852543860674,
        "median": -0.384054541588,
        "min": -1.85645079613,
        "var": 3.11681342125
    },
    "erbbands_skewness": {
        "dmean": 0.278138369322,
        "dmean2": 0.41248473525,
        "dvar": 0.085505515337,
        "dvar2": 0.18177305162,
        "max": 6.62582159042,
        "mean": 0.181006282568,
        "median": 0.151053339243,
        "min": -2.90121722221,
        "var": 0.46060359478
    },
    "erbbands_spread": {
        "dmean": 9.39405155182,
        "dmean2": 13.8248195648,
        "dvar": 112.654312134,
        "dvar2": 232.726577759,
        "max": 208.933990479,
        "mean": 53.4818611145,
        "median": 52.8679428101,
        "min": 2.34250283241,
        "var": 676.876281738
    },
    "hfc": {
        "dmean": 7.8940653801,
        "dmean2": 11.2177610397,
        "dvar": 138.859390259,
        "dvar2": 279.137145996,
        "max": 187.797897339,
        "mean": 31.7621746063,
        "median": 27.1976718903,
        "min": 1.18586624319e-16,
        "var": 497.679382324
    },
    "melbands_crest": {
        "dmean": 3.58000564575,
        "dmean2": 5.58212471008,
        "dvar": 15.4908313751,
        "dvar2": 37.9482421875,
        "max": 35.7286453247,
        "mean": 17.8032283783,
        "median": 16.0780982971,
        "min": 2.35484671593,
        "var": 64.4545974731
    },
    "melbands_flatness_db": {
        "dmean": 0.0291577000171,
        "dmean2": 0.0393906161189,
        "dvar": 0.00118795910385,
        "dvar2": 0.0022718522232,
        "max": 0.790908157825,
        "mean": 0.204206675291,
        "median": 0.185888364911,
        "min": 0.00607447233051,
        "var": 0.00858522579074
    },
    "melbands_kurtosis": {
        "dmean": 22.6227798462,
        "dmean2": 27.4905929565,
        "dvar": 2875.45288086,
        "dvar2": 4165.03076172,
        "max": 1507.43066406,
        "mean": 44.8574790955,
        "median": 12.8922691345,
        "min": -1.7399097681,
        "var": 10149.6875
    },
    "melbands_skewness": {
        "dmean": 1.15816307068,
        "dmean2": 1.47633647919,
        "dvar": 2.47237920761,
        "dvar2": 3.68689203262,
        "max": 30.7091274261,
        "mean": 4.31106233597,
        "median": 3.20525836945,
        "min": -1.59950649738,
        "var": 15.4673624039
    },
    "melbands_spread": {
        "dmean": 6.3826546669,
        "dmean2": 9.5789308548,
        "dvar": 86.8806762695,
        "dvar2": 210.298446655,
        "max": 233.905792236,
        "mean": 22.3798885345,
        "median": 16.7250556946,
        "min": 0.11252502352,
        "var": 588.555236816
    },
    "pitch_salience": {
        "dmean": 0.090091124177,
        "dmean2": 0.141885101795,
        "dvar": 0.0135696111247,
        "dvar2": 0.0326096639037,
        "max": 0.97992682457,
        "mean": 0.496090888977,
        "median": 0.542249560356,
        "min": 0.00631258822978,
        "var": 0.0390219166875
    },
    "silence_rate_20dB": {
        "dmean": 0,
        "dmean2": 0,
        "dvar": 0,
        "dvar2": 0,
        "max": 1,
        "mean": 1,
        "median": 1,
        "min": 1,
        "var": 0
    },
    "silence_rate_30dB": {
        "dmean": 0.0503923408687,
        "dmean2": 0.100791938603,
        "dvar": 0.0478528998792,
        "dvar2": 0.107176572084,
        "max": 1,
        "mean": 0.90670889616,
        "median": 1,
        "min": 0,
        "var": 0.084593757987
    },
    "silence_rate_60dB": {
        "dmean": 0.00964653398842,
        "dmean2": 0.0192944556475,
        "dvar": 0.00955201406032,
        "dvar2": 0.021510919556,
        "max": 1,
        "mean": 0.0547797307372,
        "median": 0,
        "min": 0,
        "var": 0.051772993058
    },
    "spectral_centroid": {
        "dmean": 234.861404419,
        "dmean2": 351.706878662,
        "dvar": 64618.2109375,
        "dvar2": 136880.9375,
        "max": 10436.5449219,
        "mean": 1489.35681152,
        "median": 1525.62145996,
        "min": 64.1184692383,
        "var": 464326.09375
    },
    "spectral_complexity": {
        "dmean": 4.80814933777,
        "dmean2": 7.00849533081,
        "dvar": 29.0340805054,
        "dvar2": 53.9782562256,
        "max": 59,
        "mean": 24.3132019043,
        "median": 25,
        "min": 0,
        "var": 169.28453064
    },
    "spectral_decrease": {
        "dmean": 2.68909339241e-09,
        "dmean2": 3.63891916599e-09,
        "dvar": 1.09612962061e-17,
        "dvar2": 2.06824137547e-17,
        "max": -4.77207102176e-29,
        "mean": -1.22164740546e-08,
        "median": -1.02399679847e-08,
        "min": -4.10297147369e-08,
        "var": 7.55380011894e-17
    },
    "spectral_energy": {
        "dmean": 0.010334241204,
        "dmean2": 0.0140380840749,
        "dvar": 0.000161418065545,
        "dvar2": 0.000305846828269,
        "max": 0.162879794836,
        "mean": 0.0489887185395,
        "median": 0.042119435966,
        "min": 1.09362671619e-20,
        "var": 0.00110512087122
    },
    "spectral_energyband_high": {
        "dmean": 0.000674095004797,
        "dmean2": 0.000949766545091,
        "dvar": 1.18251875847e-06,
        "dvar2": 2.34569870372e-06,
        "max": 0.0163816194981,
        "mean": 0.00201076734811,
        "median": 0.00148837058805,
        "min": 7.70419058867e-21,
        "var": 3.96290852223e-06
    },
    "spectral_energyband_low": {
        "dmean": 0.00884438958019,
        "dmean2": 0.0125260055065,
        "dvar": 0.000206122844247,
        "dvar2": 0.000398357282393,
        "max": 0.142738386989,
        "mean": 0.0296816956252,
        "median": 0.0154514806345,
        "min": 1.26339923612e-22,
        "var": 0.00119670806453
    },
    "spectral_energyband_middle_high": {
        "dmean": 0.00154966325499,
        "dmean2": 0.00237697572447,
        "dvar": 4.48745640824e-06,
        "dvar2": 1.07150381154e-05,
        "max": 0.0422986000776,
        "mean": 0.00519950827584,
        "median": 0.00405674241483,
        "min": 1.67521734429e-21,
        "var": 2.26242846111e-05
    },
    "spectral_energyband_middle_low": {
        "dmean": 0.00643521547318,
        "dmean2": 0.00989176891744,
        "dvar": 0.000111611312605,
        "dvar2": 0.00025995526812,
        "max": 0.143615156412,
        "mean": 0.015497200191,
        "median": 0.0115738604218,
        "min": 3.36139008591e-22,
        "var": 0.000238232125412
    },
    "spectral_entropy": {
        "dmean": 0.118412919343,
        "dmean2": 0.173137307167,
        "dvar": 0.0228179749101,
        "dvar2": 0.049494817853,
        "max": 9.79850292206,
        "mean": 7.88400888443,
        "median": 8.05216121674,
        "min": 5.17530059814,
        "var": 0.31899484992
    },
    "spectral_flux": {
        "dmean": 0.0300923027098,
        "dmean2": 0.0413952022791,
        "dvar": 0.00138238759246,
        "dvar2": 0.00248996238224,
        "max": 0.399406969547,
        "mean": 0.0909258201718,
        "median": 0.0752571076155,
        "min": 1.0457661126e-10,
        "var": 0.0033319555223
    },
    "spectral_kurtosis": {
        "dmean": 1.92736065388,
        "dmean2": 3.30928087234,
        "dvar": 53.9627723694,
        "dvar2": 164.449539185,
        "max": 237.035552979,
        "mean": 5.34889793396,
        "median": 2.41014957428,
        "min": -1.15655565262,
        "var": 204.180648804
    },
    "spectral_rms": {
        "dmean": 0.00072753673885,
        "dmean2": 0.000992733752355,
        "dvar": 6.77770003676e-07,
        "dvar2": 1.28779595343e-06,
        "max": 0.012605836615,
        "mean": 0.00642359768972,
        "median": 0.0064103147015,
        "min": 3.2664244573e-12,
        "var": 6.53124698147e-06
    },
    "spectral_rolloff": {
        "dmean": 540.842224121,
        "dmean2": 868.541015625,
        "dvar": 845806.0625,
        "dvar2": 1952152.875,
        "max": 18712.3535156,
        "mean": 1662.16381836,
        "median": 861.328125,
        "min": 64.599609375,
        "var": 4767685.5
    },
    "spectral_skewness": {
        "dmean": 0.193743079901,
        "dmean2": 0.318278878927,
        "dvar": 0.158147901297,
        "dvar2": 0.482670545578,
        "max": 12.4156646729,
        "mean": 1.51768064499,
        "median": 1.32341647148,
        "min": 0.0783970728517,
        "var": 0.867248773575
    },
    "spectral_spread": {
        "dmean": 486783.03125,
        "dmean2": 724418.75,
        "dvar": 351589236736,
        "dvar2": 677127323648,
        "max": 39895820,
        "mean": 5955385.5,
        "median": 6239553,
        "min": 370508.8125,
        "var": 3.99203526246e+12
    },
    "spectral_strongpeak": {
        "dmean": 0.311690360308,
        "dmean2": 0.512892186642,
        "dvar": 0.292940855026,
        "dvar2": 0.711121439934,
        "max": 10.26404953,
        "mean": 0.82075548172,
        "median": 0.623190522194,
        "min": 0,
        "var": 0.722338378429
    },
    "zerocrossingrate": {
        "dmean": 0.0122285084799,
        "dmean2": 0.013898790814,
        "dvar": 0.000187420548173,
        "dvar2": 0.000239334229263,
        "max": 0.5283203125,
        "mean": 0.0740533396602,
        "median": 0.06005859375,
        "min": 0.001953125,
        "var": 0.00343427923508
    },
    "barkbands": {
        "dmean": [0.000338531739544, 0.00575650250539, 0.00337807368487, 0.00323646329343, 0.00265803094953, 0.00127122702543, 0.000825939467177, 0.000742758624256, 0.000661450845655, 0.000680636439938, 0.000374262221158, 0.000388900924008, 0.000233830854995, 0.000291475123959, 0.000246449781116, 0.0001847888052, 0.000204482043046, 0.000182833449799, 0.000171376130311, 0.000143161421875, 0.000135519192554, 0.000135158203193, 0.000150338630192, 0.000143217665027, 0.000127137522213, 8.56831175042e-05, 2.47089683398e-05],
        "dmean2": [0.000342175771948, 0.00707409251481, 0.00571367889643, 0.00499182380736, 0.00463320920244, 0.00208798539825, 0.00134387798607, 0.00111727090552, 0.00105768302456, 0.00103066698648, 0.000614269461948, 0.000609455513768, 0.000394338421756, 0.000485597964143, 0.000398942473112, 0.000296834303299, 0.000337843375746, 0.000293950433843, 0.000272311852314, 0.000227385913604, 0.000215879306779, 0.00021101089078, 0.000223029099288, 0.000210156606045, 0.000188470978173, 0.000131389228045, 3.95386559831e-05],
        "dvar": [5.41973065538e-07, 0.000150288309669, 4.65794473712e-05, 6.99211668689e-05, 3.86614265153e-05, 5.06979358761e-06, 1.79086100616e-06, 1.44066291341e-06, 1.86893328191e-06, 1.45699732457e-06, 8.06398020359e-07, 7.04322474121e-07, 1.39714984471e-07, 2.61578207983e-07, 1.76055905854e-07, 8.03634918611e-08, 9.0021543997e-08, 7.44293586763e-08, 5.57537624957e-08, 3.61747183319e-08, 3.47306965409e-08, 3.52577025353e-08, 5.60185284826e-08, 5.43193543479e-08, 5.33203170505e-08, 4.41147278707e-08, 2.55497889512e-09],
        "dvar2": [6.21796061751e-07, 0.00021071365336, 0.000133522538817, 0.000161026211572, 0.000114725269668, 1.34713418447e-05, 4.5565388973e-06, 2.9780769637e-06, 4.08512778449e-06, 3.01505087918e-06, 1.64431708072e-06, 1.40533836657e-06, 3.85582438867e-07, 7.16184331395e-07, 4.65060765009e-07, 1.99482741436e-07, 2.35591969044e-07, 1.93809967186e-07, 1.31950841364e-07, 9.0899419547e-08, 8.7947498173e-08, 8.28624564519e-08, 1.24853016814e-07, 1.15848948212e-07, 1.16454067722e-07, 1.01361003146e-07, 6.40449915323e-09],
        "max": [0.0140210315585, 0.14024926722, 0.0644921287894, 0.101199895144, 0.0876286178827, 0.0324321426451, 0.0217251460999, 0.0249115005136, 0.0377675741911, 0.0307379625738, 0.0361652597785, 0.0258285906166, 0.00729403831065, 0.0153009034693, 0.00920308660716, 0.00749836396426, 0.00666709523648, 0.00648371595889, 0.00454425346106, 0.00488750822842, 0.00390614964999, 0.00338237616234, 0.00341392750852, 0.0034233473707, 0.00399642344564, 0.0028786547482, 0.00146697263699],
        "mean": [0.000883076805621, 0.0201555769891, 0.00561998970807, 0.00454094447196, 0.00408220011741, 0.00224389671348, 0.00127945491113, 0.00133002491202, 0.00117564678658, 0.00123261765111, 0.000592886004597, 0.000741373223718, 0.000408869498642, 0.000516447995324, 0.000503186776768, 0.000373699935153, 0.000394555565435, 0.000370479829144, 0.000378368829843, 0.000322693609633, 0.00032139592804, 0.00032311011455, 0.000327538524289, 0.000328719383106, 0.000300807674648, 0.000198859692318, 4.21892364102e-05],
        "median": [1.54569861479e-05, 0.00339254830033, 0.0027082581073, 0.00106034940109, 0.0021367254667, 0.00139528047293, 0.000583360262681, 0.000493646308314, 0.000432797765825, 0.000504224910401, 0.000216443178942, 0.000264924543444, 0.000237862375798, 0.00029433844611, 0.000298259372357, 0.00025353586534, 0.000267310533673, 0.000256863626419, 0.000268836098257, 0.000247880845563, 0.000244973402005, 0.000240418521571, 0.000216585220187, 0.000223409573664, 0.000195090746274, 0.000112085450382, 1.2122307453e-05],
        "min": [1.24004390462e-23, 2.06774626978e-23, 8.96638489971e-23, 5.8907872553e-24, 1.38207199972e-23, 8.51630378123e-23, 5.86740604916e-23, 5.90826778187e-23, 8.24603246203e-23, 7.68567679315e-23, 2.56895945887e-23, 1.39609965055e-22, 1.59667921085e-22, 1.17068977819e-22, 1.90925064017e-22, 2.11448914986e-22, 2.1009371506e-22, 1.92929161991e-22, 2.36493456435e-22, 4.17014694668e-22, 3.74354333848e-22, 4.59383770177e-22, 6.4748824625e-22, 1.04574228874e-21, 1.11832173293e-21, 1.77735769114e-21, 2.18034429322e-21],
        "var": [3.9991068661e-06, 0.00108441396151, 5.89085793763e-05, 0.000112488494779, 3.47515888279e-05, 7.34355535315e-06, 3.13762438964e-06, 4.73743648399e-06, 5.76930642637e-06, 4.99272073284e-06, 2.94395726996e-06, 3.01934323943e-06, 2.81796474155e-07, 5.36251548056e-07, 4.58447061646e-07, 2.03636204787e-07, 1.92722978909e-07, 1.49320030118e-07, 1.6945780601e-07, 9.78747891622e-08, 9.77729968099e-08, 1.01735892599e-07, 1.34347700964e-07, 1.36442821486e-07, 1.26492565755e-07, 8.22338392936e-08, 5.77120840006e-09]
    },
    "erbbands": {
        "dmean": [0.231068357825, 1.35154902935, 3.66486597061, 8.01094436646, 8.73470878601, 8.34816837311, 10.9232339859, 9.93228340149, 10.9046354294, 14.7677221298, 14.9853849411, 17.0819149017, 25.0053043365, 11.5237112045, 16.1798725128, 17.8458442688, 10.5218162537, 14.8760080338, 12.9573125839, 10.0454730988, 9.80995368958, 8.96414279938, 9.72898483276, 9.79473209381, 7.98165607452, 7.12409543991, 5.60191583633, 5.4186167717, 5.06016492844, 4.79908657074, 4.11405277252, 2.87135863304, 2.53527379036, 1.61649644375, 0.860061228275, 0.437958180904, 0.156918555498, 0.0387598462403, 0.00388512341306, 6.19683123659e-05],
        "dmean2": [0.20587271452, 1.75026130676, 6.00868034363, 12.6574201584, 14.436662674, 14.8287534714, 18.3372077942, 16.3542137146, 16.7826690674, 23.6584510803, 23.2193183899, 26.7625904083, 37.634727478, 18.8559646606, 26.4222373962, 27.398443222, 17.589553833, 24.7116470337, 21.0546646118, 15.9392051697, 15.8160037994, 14.7623109818, 15.5977621078, 15.8907546997, 12.3469181061, 11.3574848175, 9.02305030823, 8.63386154175, 7.93541479111, 7.2812538147, 6.19821453094, 4.26775789261, 3.77295160294, 2.4049911499, 1.30394923687, 0.667337656021, 0.244770914316, 0.0594878420234, 0.00630638375878, 9.69661414274e-05],
        "dvar": [0.224185079336, 8.71768188477, 59.201210022, 392.188476562, 398.410980225, 448.901367188, 430.238616943, 321.563598633, 292.420806885, 584.028991699, 675.231750488, 1388.54406738, 1969.97924805, 584.811157227, 1683.86425781, 1615.41992188, 279.161987305, 640.033935547, 505.001953125, 244.651489258, 180.978363037, 148.749832153, 218.515182495, 210.617248535, 135.340682983, 92.7023086548, 55.7757492065, 64.9448165894, 52.0453262329, 49.1296691895, 41.0407447815, 19.1700611115, 18.2634067535, 7.54009723663, 2.66705656052, 0.925901114941, 0.168424144387, 0.00653690006584, 6.66760388413e-05, 1.41169396173e-08],
        "dvar2": [0.178553149104, 15.2671451569, 164.961105347, 908.469055176, 1099.46801758, 1332.54528809, 1200.78173828, 842.981872559, 655.685668945, 1415.49926758, 1470.20739746, 2941.63867188, 4047.76416016, 1383.48193359, 3295.01904297, 3046.60107422, 769.444396973, 1751.38354492, 1311.78186035, 635.355163574, 466.548919678, 387.819000244, 562.762207031, 512.614746094, 304.774902344, 236.578613281, 139.663482666, 169.951293945, 125.029212952, 111.338111877, 90.274810791, 40.0246925354, 40.5247650146, 15.7945489883, 6.17775344849, 2.13572192192, 0.401161044836, 0.0150553416461, 0.000171431718627, 3.45204043128e-08],
        "max": [7.17467021942, 32.8412857056, 74.2219924927, 246.292770386, 331.722717285, 305.61050415, 259.150024414, 314.043182373, 342.864746094, 443.781890869, 682.468322754, 1126.82214355, 1205.53259277, 844.364257812, 1766.91638184, 1321.81665039, 350.741668701, 818.644165039, 441.391479492, 547.057495117, 294.704559326, 215.826950073, 255.78326416, 442.098907471, 285.124786377, 269.055450439, 141.421310425, 125.840621948, 120.617874146, 114.148460388, 100.779426575, 64.2482299805, 56.5854110718, 52.5277557373, 23.070306778, 12.26308918, 6.05835199356, 2.06522965431, 0.241949945688, 0.00340087804943],
        "mean": [0.749595999718, 3.80472040176, 6.64156246185, 12.8827962875, 13.5632095337, 11.4476442337, 18.6208534241, 16.0252952576, 18.7931365967, 23.755443573, 26.6356163025, 32.363155365, 45.7622337341, 20.2399520874, 28.7728404999, 35.9508857727, 19.8947925568, 27.5133132935, 27.29322052, 23.0181407928, 21.5847854614, 19.1993179321, 20.0946159363, 20.4497756958, 17.8641815186, 15.8260364532, 13.3236207962, 12.3867301941, 11.6465024948, 10.7273445129, 9.07187747955, 6.7053937912, 5.52388906479, 3.64268565178, 1.98594713211, 0.958095192909, 0.34148979187, 0.0864241495728, 0.00639558117837, 0.000166235637153],
        "median": [0.0233294218779, 1.02444386482, 3.79447388649, 3.81026029587, 5.02871608734, 5.69762706757, 9.77048683167, 8.16107177734, 8.8968372345, 9.99276924133, 11.2554779053, 11.6287231445, 18.7534561157, 9.95186710358, 10.5445671082, 12.787940979, 11.9911804199, 16.4859676361, 16.603263855, 15.8773937225, 15.9680843353, 14.4946594238, 14.1286830902, 14.3728141785, 12.5010404587, 12.2734241486, 10.2263879776, 9.34226799011, 8.42972946167, 7.60825634003, 6.00527191162, 4.5839176178, 3.69260883331, 2.35716819763, 1.26204609871, 0.554491460323, 0.183435320854, 0.0407725349069, 0.00172672769986, 0.00012080007582],
        "min": [1.11601356379e-21, 4.57137003442e-21, 7.92462549774e-20, 6.66834494243e-20, 2.02257275841e-20, 6.21189375573e-20, 2.66544761078e-19, 7.45973706879e-19, 7.36104253099e-19, 1.59279696385e-18, 1.02475425282e-18, 1.84022085053e-18, 2.91706463108e-18, 9.68802722216e-19, 2.43862067644e-18, 5.93434426133e-18, 8.02233258869e-18, 5.56986284084e-18, 9.54969594717e-18, 8.3935968902e-18, 1.26321605116e-17, 1.3916016787e-17, 9.80601605794e-18, 1.04949640368e-17, 1.28766205068e-17, 2.02178327267e-17, 1.68706496868e-17, 1.68849483308e-17, 1.75314578084e-17, 1.51420473473e-17, 1.89925482833e-17, 2.09323083265e-17, 1.75470898676e-17, 1.14606543886e-17, 8.74117156615e-18, 6.9446031045e-18, 3.47861707622e-18, 1.21222305473e-18, 2.90958686665e-19, 3.45603491625e-20],
        "var": [2.26784682274, 34.4327125549, 76.2680435181, 737.934692383, 503.14541626, 334.073883057, 556.332214355, 475.309112549, 662.850708008, 1267.72900391, 1908.94128418, 4571.92089844, 6507.49511719, 1500.58850098, 7022.26318359, 7399.60107422, 597.997680664, 1313.49328613, 1406.0489502, 709.120666504, 476.991119385, 336.6847229, 431.3699646, 528.659851074, 427.15145874, 239.04246521, 165.099014282, 152.814788818, 138.498260498, 127.455200195, 101.285247803, 53.3875923157, 41.1829872131, 18.2109375, 5.93515253067, 1.73180162907, 0.279772251844, 0.0171828828752, 0.000142526128911, 3.60091689799e-08]
    },
    "gfcc": {
        "mean": [34.1613464355, 61.7563896179, -99.9027252197, 29.9004955292, -54.0970001221, 15.7872800827, -37.4982337952, 8.27349281311, -25.1669540405, 2.62392306328, -20.6237697601, -0.792078852654, -14.9072933197],
        "cov": [[8845.92578125, -2197.69799805, 1022.5958252, 889.750976562, 94.0041046143, 615.644836426, -142.856155396, 312.921722412, -346.578857422, 274.104492188, -237.589385986, 341.472259521, -215.06741333], [-2197.69799805, 2912.24389648, -832.663024902, -836.316650391, -255.330245972, -618.898864746, 214.516586304, -275.15914917, 180.057876587, -262.672149658, 136.392364502, -274.568725586, 137.179107666], [1022.5958252, -832.663024902, 1065.25769043, 587.738342285, 415.395324707, 455.018371582, 54.2466888428, 244.770355225, 19.3887729645, 186.029785156, -13.8325576782, 174.953460693, 5.36258268356], [889.750976562, -836.316650391, 587.738342285, 806.380615234, 280.603027344, 452.448608398, 56.6036109924, 219.196640015, 27.8221511841, 142.529052734, 15.6224374771, 145.791320801, 18.6055202484], [94.0041046143, -255.330245972, 415.395324707, 280.603027344, 511.008361816, 332.108154297, 169.772583008, 155.639312744, 90.9452056885, 103.665802002, 66.2205810547, 106.111122131, 59.3979606628], [615.644836426, -618.898864746, 455.018371582, 452.448608398, 332.108154297, 501.829498291, 152.787475586, 224.831268311, 51.9166755676, 131.321182251, 36.3071060181, 134.128494263, 33.4108200073], [-142.856155396, 214.516586304, 54.2466888428, 56.6036109924, 169.772583008, 152.787475586, 250.101776123, 126.066490173, 114.515388489, 30.2800540924, 68.0508422852, 28.6686229706, 69.8659286499], [312.921722412, -275.15914917, 244.770355225, 219.196640015, 155.639312744, 224.831268311, 126.066490173, 220.358032227, 84.7173614502, 101.531921387, 31.2557411194, 84.4810791016, 34.4572410583], [-346.578857422, 180.057876587, 19.3887729645, 27.8221511841, 90.9452056885, 51.9166755676, 114.515388489, 84.7173614502, 146.012496948, 55.719619751, 75.0461807251, 20.3164710999, 62.2809333801], [274.104492188, -262.672149658, 186.029785156, 142.529052734, 103.665802002, 131.321182251, 30.2800540924, 101.531921387, 55.719619751, 131.008331299, 47.000793457, 78.5529556274, 15.6653356552], [-237.589385986, 136.392364502, -13.8325576782, 15.6224374771, 66.2205810547, 36.3071060181, 68.0508422852, 31.2557411194, 75.0461807251, 47.000793457, 104.707580566, 43.5491294861, 50.9939079285], [341.472259521, -274.568725586, 174.953460693, 145.791320801, 106.111122131, 134.128494263, 28.6686229706, 84.4810791016, 20.3164710999, 78.5529556274, 43.5491294861, 116.93560791, 41.5020027161], [-215.06741333, 137.179107666, 5.36258268356, 18.6055202484, 59.3979606628, 33.4108200073, 69.8659286499, 34.4572410583, 62.2809333801, 15.6653356552, 50.9939079285, 41.5020027161, 99.7672576904]],
        "icov": [[0.000190434715478, -2.39952496486e-05, -1.06352099465e-05, -9.85567166936e-05, 0.000129756168462, -1.03033880805e-06, -0.000250608311035, -6.40905591354e-06, 0.00043898736476, -0.000377982913051, 0.000515742169227, -0.000667241285555, 0.000362528749974], [-2.39952496486e-05, 0.00110858422704, -0.000255115213804, 0.000346438871929, 8.26178002171e-05, 0.00087076309137, -0.00116371060722, 0.000479599606479, -0.000511301448569, 0.00102938164491, -0.00167762883939, 0.001897867769, -0.00109287071973], [-1.06352099465e-05, -0.000255115213804, 0.00251910882071, -0.000862214481458, -0.00135404511821, -0.000273281213595, 0.000762064999435, -0.000673277536407, 0.000283902423689, -0.00159290165175, 0.00231877109036, -0.00141413649544, 0.000425742066], [-9.85567166936e-05, 0.000346438871929, -0.000862214481458, 0.00327629083768, 0.000294120953185, -0.00219459552318, 0.00120816880371, -0.000649620080367, -0.000697291863617, 0.00106891035102, -0.00126560870558, 0.000876069301739, -0.000765418692026], [0.000129756168462, 8.26178002171e-05, -0.00135404511821, 0.000294120953185, 0.00483572250232, -0.00213095569052, -0.00195341859944, 0.00188209617045, -0.00122237601317, 0.000132052839035, -0.000449694314739, -0.00112148560584, 0.000175307155587], [-1.03033880805e-06, 0.00087076309137, -0.000273281213595, -0.00219459552318, -0.00213095569052, 0.00898432079703, -0.00398227665573, -0.00231094053015, 0.00282693305053, -0.000937178439926, -0.000887347618118, -3.67223365174e-05, -7.74748405092e-05], [-0.000250608311035, -0.00116371060722, 0.000762064999435, 0.00120816880371, -0.00195341859944, -0.00398227665573, 0.0134800169617, -0.0063314572908, -0.00340827647597, 0.00444126361981, -0.00294667272829, 0.00238524726592, -0.00201878556982], [-6.40905591354e-06, 0.000479599606479, -0.000673277536407, -0.000649620080367, 0.00188209617045, -0.00231094053015, -0.0063314572908, 0.0170721579343, -0.00774404220283, -0.0040437025018, 0.00684862397611, -0.00614644400775, 0.00220054970123], [0.00043898736476, -0.000511301448569, 0.000283902423689, -0.000697291863617, -0.00122237601317, 0.00282693305053, -0.00340827647597, -0.00774404220283, 0.0252649486065, -0.00963550899178, -0.00810388755053, 0.0100969476625, -0.00771050248295], [-0.000377982913051, 0.00102938164491, -0.00159290165175, 0.00106891035102, 0.000132052839035, -0.000937178439926, 0.00444126361981, -0.0040437025018, -0.00963550899178, 0.024727312848, -0.00800626818091, -0.00639249850065, 0.00506160315126], [0.000515742169227, -0.00167762883939, 0.00231877109036, -0.00126560870558, -0.000449694314739, -0.000887347618118, -0.00294667272829, 0.00684862397611, -0.00810388755053, -0.00800626818091, 0.0285509880632, -0.0145375281572, 0.00156325439457], [-0.000667241285555, 0.001897867769, -0.00141413649544, 0.000876069301739, -0.00112148560584, -3.67223365174e-05, 0.00238524726592, -0.00614644400775, 0.0100969476625, -0.00639249850065, -0.0145375281572, 0.0342096239328, -0.0151024730876], [0.000362528749974, -0.00109287071973, 0.000425742066, -0.000765418692026, 0.000175307155587, -7.74748405092e-05, -0.00201878556982, 0.00220054970123, -0.00771050248295, 0.00506160315126, 0.00156325439457, -0.0151024730876, 0.0225047003478]]
    },
    "melbands": {
        "dmean": [0.00174578779843, 0.00175564060919, 0.0013220886467, 0.000590778363403, 0.000381053017918, 0.000226649775868, 0.000171497275005, 0.000157674134243, 0.000113568239613, 0.00011308122339, 0.000123397287098, 4.66535493615e-05, 4.94704945595e-05, 5.04199815623e-05, 2.86965387204e-05, 2.42681653617e-05, 3.16322111757e-05, 2.15925647353e-05, 1.58863749675e-05, 1.55988072947e-05, 1.25722654047e-05, 1.04653026938e-05, 1.00232155091e-05, 9.11798542802e-06, 8.63832156028e-06, 7.11512029739e-06, 5.22332402397e-06, 5.01971089761e-06, 3.63547360394e-06, 3.74227511202e-06, 3.55022757503e-06, 3.2554162317e-06, 2.66788947556e-06, 3.00842521028e-06, 2.6365503345e-06, 2.17222714127e-06, 1.8627559939e-06, 1.69789552729e-06, 2.13505336433e-06, 1.25857479816e-06],
        "dmean2": [0.00182379316539, 0.00264865299687, 0.0020527287852, 0.00102794182021, 0.000646213826258, 0.000369940564269, 0.000267130206339, 0.000248167314567, 0.000177675407031, 0.000176853078301, 0.00018633271975, 7.69640028011e-05, 8.19491615403e-05, 8.01302376203e-05, 4.58841277577e-05, 4.09466410929e-05, 5.26632393303e-05, 3.54359472112e-05, 2.5776487746e-05, 2.49519507634e-05, 2.05678898055e-05, 1.73630141944e-05, 1.66595873452e-05, 1.45503490785e-05, 1.4230548004e-05, 1.12772095235e-05, 8.32393652672e-06, 8.11833797343e-06, 5.87710655964e-06, 6.05077184446e-06, 5.79380139243e-06, 5.23130574948e-06, 4.15435715695e-06, 4.68036250822e-06, 4.04442880608e-06, 3.32013337356e-06, 2.87334296445e-06, 2.60320234702e-06, 3.18035540658e-06, 1.92264724319e-06],
        "dvar": [1.25290134747e-05, 1.19623564387e-05, 8.97088011698e-06, 2.03657987186e-06, 5.78453750677e-07, 1.61881914096e-07, 7.25175937077e-08, 6.77186164921e-08, 4.00696293923e-08, 6.01967755642e-08, 4.86395848043e-08, 1.08330704407e-08, 1.4535904036e-08, 1.097153568e-08, 2.65946331623e-09, 1.71146330441e-09, 3.1467439765e-09, 1.38552969098e-09, 7.38260008681e-10, 6.93416102315e-10, 3.43560291327e-10, 2.10950298896e-10, 2.46296649742e-10, 1.87694193521e-10, 1.6861465002e-10, 1.25028223885e-10, 4.73953064295e-11, 4.47198320042e-11, 2.31503965303e-11, 2.63905980402e-11, 3.30892188649e-11, 2.25317438318e-11, 1.38246627687e-11, 2.09208934898e-11, 1.66465296408e-11, 1.08552333788e-11, 8.80916780494e-12, 7.38546810514e-12, 1.43915582576e-11, 4.16598916822e-12],
        "dvar2": [1.28543806568e-05, 3.01249383483e-05, 2.08146193472e-05, 5.95432175032e-06, 1.659556915e-06, 4.21121683303e-07, 1.66711004113e-07, 1.54168745325e-07, 8.94408955787e-08, 1.25513324178e-07, 1.00502084877e-07, 2.54471022032e-08, 3.01340215003e-08, 2.32444286041e-08, 5.73478953214e-09, 4.6496975159e-09, 8.61403748331e-09, 3.63285290739e-09, 1.99367033993e-09, 1.72854330849e-09, 9.10157338385e-10, 5.59361112984e-10, 6.26986851326e-10, 4.70578076506e-10, 4.12605505318e-10, 2.83277706847e-10, 1.19215123884e-10, 1.17389001297e-10, 5.83424558664e-11, 6.69299407563e-11, 9.04891578335e-11, 5.75943910619e-11, 3.17720606768e-11, 4.95370792997e-11, 3.77697907672e-11, 2.44206443262e-11, 2.0351212035e-11, 1.7199233357e-11, 3.12828721261e-11, 9.15198212353e-12],
        "max": [0.0465838126838, 0.0391288548708, 0.0366761833429, 0.0207131803036, 0.0103553226218, 0.00693035591394, 0.00501341046765, 0.00551905250177, 0.00503006624058, 0.00747719919309, 0.0059526944533, 0.00372850429267, 0.00485730869696, 0.00295286346227, 0.00148604321294, 0.000838170060888, 0.0018086314667, 0.000761376461014, 0.000661699392367, 0.000678303418681, 0.000442350079538, 0.000332235504175, 0.000286105117993, 0.000320066028507, 0.000405824306654, 0.000270804623142, 0.000180345508852, 0.000154312539962, 0.000131930675707, 0.000131041335408, 0.000102044905361, 8.08936310932e-05, 5.97196776653e-05, 6.9498863013e-05, 7.40850518923e-05, 4.76886161778e-05, 4.22534358222e-05, 4.36137270299e-05, 5.89410519751e-05, 3.62974569725e-05],
        "mean": [0.00600091740489, 0.00403216807172, 0.00221117446199, 0.000859337043948, 0.000620594248176, 0.000378406577511, 0.000290378782665, 0.000265485345153, 0.000194655294763, 0.000211146325455, 0.00022127610282, 7.52137420932e-05, 7.97085667728e-05, 0.000101673947938, 5.53048485017e-05, 4.20664364356e-05, 5.33409001946e-05, 4.29425599577e-05, 3.30253751599e-05, 3.09265378746e-05, 2.5040408218e-05, 2.07558914553e-05, 1.83180836757e-05, 1.80666393135e-05, 1.61534208019e-05, 1.41315158544e-05, 1.08385956992e-05, 1.03514266812e-05, 8.06354728411e-06, 7.90163448983e-06, 7.11208940629e-06, 6.77290017848e-06, 5.86249507251e-06, 5.99271788815e-06, 5.3893054428e-06, 4.54682503914e-06, 3.91215917261e-06, 3.66256426787e-06, 4.00712497139e-06, 2.78239167528e-06],
        "median": [0.000540117209312, 0.0028947214596, 0.000799918896519, 0.000441061041784, 0.000337451929227, 0.000210864585824, 0.000133852794534, 0.000111265544547, 8.23461014079e-05, 7.15642599971e-05, 8.94443510333e-05, 3.283652768e-05, 2.96255802823e-05, 3.66760723409e-05, 2.70417785941e-05, 2.28876015171e-05, 2.88109840767e-05, 2.55128579738e-05, 1.95991924556e-05, 1.9277606043e-05, 1.7210815713e-05, 1.47963128256e-05, 1.24052530737e-05, 1.2063423128e-05, 1.06539373519e-05, 8.9561308414e-06, 7.97684151621e-06, 7.73750070948e-06, 6.08769551036e-06, 5.73869874643e-06, 5.08065841132e-06, 4.83610983792e-06, 4.12570216213e-06, 4.00402723244e-06, 3.47507148035e-06, 2.96241341857e-06, 2.61821105596e-06, 2.51758319791e-06, 2.36417918131e-06, 1.79914832188e-06],
        "min": [8.33620241895e-24, 2.93043398499e-23, 1.11171966451e-23, 2.36089739512e-24, 8.15461610489e-24, 1.73427709465e-23, 1.14690751516e-23, 1.70642809589e-23, 7.54836072201e-24, 1.23963125148e-23, 1.49170678392e-23, 4.31606351073e-24, 5.1181895065e-24, 1.45200767441e-23, 1.65670319536e-23, 1.52158788838e-23, 9.70756216089e-24, 1.46643073388e-23, 1.4874232692e-23, 1.13965449134e-23, 1.46561363176e-23, 1.60355258747e-23, 7.16770378081e-24, 9.88621706781e-24, 8.01202081881e-24, 9.75527167957e-24, 8.23363945721e-24, 1.53307038994e-23, 1.12275977288e-23, 1.01646321137e-23, 9.23699874231e-24, 9.31084637823e-24, 9.17334003384e-24, 8.16278160412e-24, 8.72925236497e-24, 1.50685307107e-23, 1.14760194942e-23, 9.95366073091e-24, 1.56397180709e-23, 7.48430837195e-24],
        "var": [0.00011672446999, 2.24898012675e-05, 1.69070171978e-05, 1.8274508875e-06, 6.3464761979e-07, 2.4636764806e-07, 1.58583148391e-07, 1.70109956343e-07, 1.05692386398e-07, 2.07755817883e-07, 1.57404969059e-07, 2.74681379864e-08, 5.30159418588e-08, 4.95167356007e-08, 9.47393097306e-09, 3.51257689601e-09, 5.87534154661e-09, 3.710478369e-09, 1.99399119438e-09, 1.68879210616e-09, 7.6742806554e-10, 4.54030590902e-10, 4.3865708288e-10, 3.9427761056e-10, 3.88064441692e-10, 3.53782558804e-10, 1.17449439063e-10, 1.06454414728e-10, 6.42980321763e-11, 6.55016735296e-11, 5.99794797163e-11, 5.00804953063e-11, 3.70106618963e-11, 4.5049238645e-11, 3.77266620721e-11, 2.60821173687e-11, 1.98777192623e-11, 1.70750809325e-11, 2.7331139088e-11, 1.0348241361e-11]
    },
    "mfcc": {
        "mean": [-613.89453125, 97.6437225342, 10.7369527817, 18.857170105, 7.48795890808, 7.00570344925, 0.333762943745, 2.88323783875, 0.42529591918, 2.0814781189, -0.646207809448, -2.31720423698, -3.23029589653],
        "cov": [[7371.33984375, -1301.87268066, 380.705841064, 481.902862549, 176.52911377, 289.117858887, 220.535003662, 121.307342529, 22.5574226379, -5.63518095016, -29.1513824463, -21.4506072998, -7.55453109741], [-1301.87268066, 2264.64013672, -412.798553467, -395.807830811, -485.438842773, -360.376312256, -236.111953735, -136.051116943, -89.0757980347, -58.6300048828, -64.7372055054, -29.1974048615, -27.4283218384], [380.705841064, -412.798553467, 572.536865234, 266.002502441, 293.679321289, 201.739074707, 154.864105225, 112.625205994, 108.424552917, 74.854675293, 67.990272522, 43.3130226135, 38.2896194458], [481.902862549, -395.807830811, 266.002502441, 379.829040527, 228.780944824, 185.310668945, 129.552658081, 109.018959045, 90.188621521, 72.4454116821, 53.9605751038, 45.3065872192, 40.8103141785], [176.52911377, -485.438842773, 293.679321289, 228.780944824, 456.535095215, 282.544250488, 215.571060181, 150.965408325, 123.17980957, 92.9479522705, 85.1819915771, 59.1810264587, 59.5927314758], [289.117858887, -360.376312256, 201.739074707, 185.310668945, 282.544250488, 295.931976318, 210.365310669, 148.932800293, 113.226699829, 82.7641067505, 71.5195465088, 53.837677002, 55.953086853], [220.535003662, -236.111953735, 154.864105225, 129.552658081, 215.571060181, 210.365310669, 233.236785889, 169.637268066, 126.365432739, 83.182220459, 72.0428771973, 53.1745147705, 59.078742981], [121.307342529, -136.051116943, 112.625205994, 109.018959045, 150.965408325, 148.932800293, 169.637268066, 187.072265625, 134.629928589, 83.7859420776, 66.2330474854, 52.1789550781, 57.6701583862], [22.5574226379, -89.0757980347, 108.424552917, 90.188621521, 123.17980957, 113.226699829, 126.365432739, 134.629928589, 152.599868774, 100.394454956, 64.3353805542, 43.8029899597, 44.7290458679], [-5.63518095016, -58.6300048828, 74.854675293, 72.4454116821, 92.9479522705, 82.7641067505, 83.182220459, 83.7859420776, 100.394454956, 117.414840698, 73.4970321655, 41.708984375, 36.8100509644], [-29.1513824463, -64.7372055054, 67.990272522, 53.9605751038, 85.1819915771, 71.5195465088, 72.0428771973, 66.2330474854, 64.3353805542, 73.4970321655, 94.4878997803, 56.7133712769, 40.3343276978], [-21.4506072998, -29.1974048615, 43.3130226135, 45.3065872192, 59.1810264587, 53.837677002, 53.1745147705, 52.1789550781, 43.8029899597, 41.708984375, 56.7133712769, 80.911491394, 58.0898666382], [-7.55453109741, -27.4283218384, 38.2896194458, 40.8103141785, 59.5927314758, 55.953086853, 59.078742981, 57.6701583862, 44.7290458679, 36.8100509644, 40.3343276978, 58.0898666382, 82.8725891113]],
