{
"lowlevel": {
    "average_loudness": 0.882474780083,
    "barkbands_crest": {
        "dmean": 2.41786026955,
        "dmean2": 3.6451997757,
        "dvar": 6.93462944031,
        "dvar2": 14.6059417725,
        "max": 26.2274017334,
        "mean": 11.767250061,
        "median": 10.6673946381,
        "min": 2.05726528168,
        "var": 25.2049198151
    },
    "barkbands_flatness_db": {
        "dmean": 0.0248230993748,
        "dmean2": 0.0345840826631,
        "dvar": 0.000768338155467,
        "dvar2": 0.00154882320203,
        "max": 0.803278803825,
        "mean": 0.162669792771,
        "median": 0.133062377572,
        "min": 0.0131330695003,
        "var": 0.0119634522125
    },
    "barkbands_kurtosis": {
        "dmean": 3.49870181084,
        "dmean2": 5.15574264526,
        "dvar": 53.9787597656,
        "dvar2": 108.294151306,
        "max": 288.26864624,
        "mean": 6.41853713989,
        "median": 3.11344718933,
        "min": -1.93678808212,
        "var": 138.26184082
    },
    "barkbands_skewness": {
        "dmean": 0.549786090851,
        "dmean2": 0.794695198536,
        "dvar": 0.443562686443,
        "dvar2": 0.921038389206,
        "max": 14.2849292755,
        "mean": 1.76134049892,
        "median": 1.54844868183,
        "min": -4.24173355103,
        "var": 1.67519056797
    },
    "barkbands_spread": {
        "dmean": 6.76942920685,
        "dmean2": 9.97159385681,
        "dvar": 111.041770935,
        "dvar2": 229.970825195,
        "max": 114.921691895,
        "mean": 22.871679306,
        "median": 18.8512439728,
        "min": 0.0818291381001,
        "var": 332.783203125
    },
    "dissonance": {
        "dmean": 0.0244114156812,
        "dmean2": 0.0404623746872,
        "dvar": 0.00067518139258,
        "dvar2": 0.0017639308935,
        "max": 0.500000059605,
        "mean": 0.437941998243,
        "median": 0.454273700714,
        "min": 0.0345136635005,
        "var": 0.00342956813984
    },
    "dynamic_complexity": 4.03698015213,
    "erbbands_crest": {
        "dmean": 2.56563234329,
        "dmean2": 3.99225950241,
        "dvar": 6.99758481979,
        "dvar2": 15.2076845169,
        "max": 33.2923469543,
        "mean": 10.3250455856,
        "median": 8.82185840607,
        "min": 2.38032722473,
        "var": 33.1063232422
    },
    "erbbands_flatness_db": {
        "dmean": 0.0184955988079,
        "dmean2": 0.0258073154837,
        "dvar": 0.00043258361984,
        "dvar2": 0.000809192715678,
        "max": 0.708735108376,
        "mean": 0.163597926497,
        "median": 0.135253027081,
        "min": 0.0438185967505,
        "var": 0.00983128137887
    },
    "erbbands_kurtosis": {
        "dmean": 1.71763110161,
        "dmean2": 2.55367517471,
        "dvar": 10.6750116348,
        "dvar2": 24.0602359772,
        "max": 76.3871231079,
        "mean": 2.43252229691,
        "median": 0.726186037064,
        "min": -1.82500851154,
        "var": 30.7283058167
    },
    "erbbands_skewness": {
        "dmean": 0.426432937384,
        "dmean2": 0.612484455109,
        "dvar": 0.232603043318,
        "dvar2": 0.478608936071,
        "max": 7.3221540451,
        "mean": 0.823815047741,
        "median": 0.732134222984,
        "min": -4.15138435364,
        "var": 1.10568141937
    },
    "erbbands_spread": {
        "dmean": 9.70935153961,
        "dmean2": 14.091999054,
        "dvar": 169.490768433,
        "dvar2": 361.615325928,
        "max": 157.8359375,
        "mean": 37.6385574341,
        "median": 33.8144989014,
        "min": 0.215669125319,
        "var": 541.552856445
    },
    "hfc": {
        "dmean": 9.33576869965,
        "dmean2": 13.2680301666,
        "dvar": 330.799499512,
        "dvar2": 736.731994629,
        "max": 229.392730713,
        "mean": 25.2083873749,
        "median": 14.339343071,
        "min": 1.03953647082e-16,
        "var": 849.220031738
    },
    "melbands_crest": {
        "dmean": 3.07268476486,
        "dmean2": 4.62695217133,
        "dvar": 10.9180736542,
        "dvar2": 23.6066265106,
        "max": 35.8551521301,
        "mean": 17.0038299561,
        "median": 15.9125089645,
        "min": 1.73473036289,
        "var": 49.2314910889
    },
    "melbands_flatness_db": {
        "dmean": 0.0294113252312,
        "dmean2": 0.040627874434,
        "dvar": 0.00115310575347,
        "dvar2": 0.00228756084107,
        "max": 0.929599404335,
        "mean": 0.238958969712,
        "median": 0.212440863252,
        "min": 0.00418308051303,
        "var": 0.015448436141
    },
    "melbands_kurtosis": {
        "dmean": 7.55171966553,
        "dmean2": 11.3373632431,
        "dvar": 232.09274292,
        "dvar2": 490.345062256,
        "max": 599.110107422,
        "mean": 15.1426105499,
        "median": 8.36987113953,
        "min": -1.76487851143,
        "var": 554.002563477
    },
    "melbands_skewness": {
        "dmean": 0.729702711105,
        "dmean2": 1.05480241776,
        "dvar": 0.80415648222,
        "dvar2": 1.69216561317,
        "max": 17.5994052887,
        "mean": 2.64138793945,
        "median": 2.28758049011,
        "min": -2.04765844345,
        "var": 3.11122441292
    },
    "melbands_spread": {
        "dmean": 6.69469022751,
        "dmean2": 9.93359375,
        "dvar": 144.601257324,
        "dvar2": 284.323944092,
        "max": 234.466171265,
        "mean": 21.2088451385,
        "median": 15.3679161072,
        "min": 0.203117772937,
        "var": 450.211639404
    },
    "pitch_salience": {
        "dmean": 0.0692739859223,
        "dmean2": 0.10760346055,
        "dvar": 0.0060818544589,
        "dvar2": 0.0140717970207,
        "max": 0.92595243454,
        "mean": 0.504552543163,
        "median": 0.51541697979,
        "min": 0.0317633487284,
        "var": 0.0186483655125
    },
    "silence_rate_20dB": {
        "dmean": 0,
        "dmean2": 0,
        "dvar": 0,
        "dvar2": 0,
        "max": 1,
        "mean": 1,
        "median": 1,
        "min": 1,
        "var": 0
    },
    "silence_rate_30dB": {
        "dmean": 0.000899078440852,
        "dmean2": 0.0017983589787,
        "dvar": 0.000898344325833,
        "dvar2": 0.00269460049458,
        "max": 1,
        "mean": 0.999550521374,
        "median": 1,
        "min": 0,
        "var": 0.000449301849585
    },
    "silence_rate_60dB": {
        "dmean": 0.0197797250003,
        "dmean2": 0.0395638979971,
        "dvar": 0.0193896740675,
        "dvar2": 0.0440624728799,
        "max": 1,
        "mean": 0.0891111344099,
        "median": 0,
        "min": 0,
        "var": 0.0811642855406
    },
    "spectral_centroid": {
        "dmean": 247.991241455,
        "dmean2": 368.980499268,
        "dvar": 136439.8125,
        "dvar2": 258553.609375,
        "max": 11565.4355469,
        "mean": 1247.31188965,
        "median": 1046.02575684,
        "min": 206.073760986,
        "var": 1025205.25
    },
    "spectral_complexity": {
        "dmean": 3.47021794319,
        "dmean2": 5.21951198578,
        "dvar": 22.8141613007,
        "dvar2": 45.1943130493,
        "max": 57,
        "mean": 16.5219688416,
        "median": 14,
        "min": 0,
        "var": 127.8412323
    },
    "spectral_decrease": {
        "dmean": 1.56224411185e-09,
        "dmean2": 2.24701990348e-09,
        "dvar": 4.9725176702e-18,
        "dvar2": 1.00107614575e-17,
        "max": 1.43179530226e-28,
        "mean": -7.05123781586e-09,
        "median": -5.85667558894e-09,
        "min": -3.14061061601e-08,
        "var": 2.81482746484e-17
    },
    "spectral_energy": {
        "dmean": 0.00633939914405,
        "dmean2": 0.00908774603158,
        "dvar": 7.86930831964e-05,
        "dvar2": 0.000157777540153,
        "max": 0.123171649873,
        "mean": 0.0288995970041,
        "median": 0.0239388216287,
        "min": 9.97145145021e-21,
        "var": 0.000467570032924
    },
    "spectral_energyband_high": {
        "dmean": 0.000861565407831,
        "dmean2": 0.00121149315964,
        "dvar": 3.62860282621e-06,
        "dvar2": 7.93003709987e-06,
        "max": 0.0233387667686,
        "mean": 0.00161425163969,
        "median": 0.000506176089402,
        "min": 7.07977585494e-21,
        "var": 7.26255120753e-06
    },
    "spectral_energyband_low": {
        "dmean": 0.00377306574956,
        "dmean2": 0.00533279776573,
        "dvar": 6.19159036432e-05,
        "dvar2": 0.000131829525344,
        "max": 0.0964006111026,
        "mean": 0.0114884525537,
        "median": 0.00784603692591,
        "min": 1.26880293332e-23,
        "var": 0.000214746425627
    },
    "spectral_energyband_middle_high": {
        "dmean": 0.00174556521233,
        "dmean2": 0.00263894419186,
        "dvar": 9.01495059225e-06,
        "dvar2": 2.05217311304e-05,
        "max": 0.0405773334205,
        "mean": 0.0046914992854,
        "median": 0.00200584554113,
        "min": 1.25196724059e-21,
        "var": 3.59968398698e-05
    },
    "spectral_energyband_middle_low": {
        "dmean": 0.00407313462347,
        "dmean2": 0.00633535394445,
        "dvar": 4.58814320154e-05,
        "dvar2": 0.000114561604278,
        "max": 0.0786192119122,
        "mean": 0.0116733694449,
        "median": 0.00867420714349,
        "min": 1.96349271601e-22,
        "var": 0.000115913615446
    },
    "spectral_entropy": {
        "dmean": 0.198884725571,
        "dmean2": 0.272143781185,
        "dvar": 0.0597021989524,
        "dvar2": 0.10889377445,
        "max": 9.8250541687,
        "mean": 7.43457841873,
        "median": 7.70140075684,
        "min": 2.63179898262,
        "var": 0.91040122509
    },
    "spectral_flux": {
        "dmean": 0.0228215865791,
        "dmean2": 0.0341076627374,
        "dvar": 0.000927839661017,
        "dvar2": 0.00164510356262,
        "max": 0.336183905602,
        "mean": 0.0704634562135,
        "median": 0.0614091791213,
        "min": 6.28869595287e-11,
        "var": 0.00275464914739
    },
    "spectral_kurtosis": {
        "dmean": 8.94095516205,
        "dmean2": 15.5396900177,
        "dvar": 4469.71875,
        "dvar2": 13245.9199219,
        "max": 2297.92041016,
        "mean": 16.9808959961,
        "median": 3.31123065948,
        "min": -1.24712073803,
        "var": 5677.34716797
    },
    "spectral_rms": {
        "dmean": 0.000562596076634,
        "dmean2": 0.000788828241639,
        "dvar": 4.71047059136e-07,
        "dvar2": 8.56902488522e-07,
        "max": 0.0109620923176,
        "mean": 0.00484904972836,
        "median": 0.00483269570395,
        "min": 3.11901351101e-12,
        "var": 4.68132930109e-06
    },
    "spectral_rolloff": {
        "dmean": 598.205749512,
        "dmean2": 976.773498535,
        "dvar": 1714425.5,
        "dvar2": 3581570.75,
        "max": 20004.3457031,
        "mean": 1501.06152344,
        "median": 732.12890625,
        "min": 64.599609375,
        "var": 4829634
    },
    "spectral_skewness": {
        "dmean": 0.430594295263,
        "dmean2": 0.661315321922,
        "dvar": 1.3161945343,
        "dvar2": 3.70391273499,
        "max": 38.9903640747,
        "mean": 2.26252412796,
        "median": 1.60309422016,
        "min": -0.0725169554353,
        "var": 6.80482721329
    },
    "spectral_spread": {
        "dmean": 765437.9375,
        "dmean2": 1058021,
        "dvar": 1.15413116518e+12,
        "dvar2": 2.08081728307e+12,
        "max": 42251424,
        "mean": 5825999,
        "median": 5835351.5,
        "min": 57905.4453125,
        "var": 1.12957073654e+13
    },
    "spectral_strongpeak": {
        "dmean": 0.3804692626,
        "dmean2": 0.63241738081,
        "dvar": 0.557186722755,
        "dvar2": 1.33384358883,
        "max": 11.7191486359,
        "mean": 0.833216667175,
        "median": 0.37183713913,
        "min": 0,
        "var": 1.12870800495
    },
    "zerocrossingrate": {
        "dmean": 0.0141755212098,
        "dmean2": 0.0154274813831,
        "dvar": 0.000373462826246,
        "dvar2": 0.000408794352552,
        "max": 0.87890625,
        "mean": 0.0641188621521,
        "median": 0.0517578125,
        "min": 0.001953125,
        "var": 0.00344148441218
    },
    "barkbands": {
        "dmean": [0.000406561855925, 0.00319971097633, 0.00117219239473, 0.000865728477947, 0.00114729232155, 0.00129126315005, 0.00139129802119, 0.000433111097664, 0.000769949168898, 0.000462727388367, 0.000527355878148, 0.000513905310072, 0.000350852409611, 0.000231680533034, 0.000138473624247, 0.000150844221935, 0.000177657959284, 0.000142803866765, 0.000118782678328, 0.000120012206025, 0.000153451386723, 0.000148877094034, 0.000160632873303, 0.000197180983378, 0.000161038333317, 8.76131525729e-05, 1.67875332409e-05],
        "dmean2": [0.000606339192018, 0.00440286798403, 0.00208628806286, 0.00152052147314, 0.00189329101704, 0.0019589511212, 0.00211586779915, 0.000659609329887, 0.0011191588128, 0.000704119272996, 0.000775588734541, 0.000809495104477, 0.000580034160521, 0.000383832724765, 0.000231521087699, 0.000247300922638, 0.000283963046968, 0.000230511621339, 0.000190188016859, 0.000190648454009, 0.000237880536588, 0.000221461610636, 0.000229020297411, 0.000293441640679, 0.000236750565819, 0.000131186869112, 2.63876790996e-05],
        "dvar": [9.98651557893e-07, 4.92054641654e-05, 2.25138392125e-05, 7.74821000959e-06, 6.70983263262e-06, 5.90581794313e-06, 1.08437188828e-05, 9.28508484321e-07, 2.89075842375e-06, 1.74656770469e-06, 1.96023324861e-06, 1.74604190306e-06, 6.24416202299e-07, 2.18055092205e-07, 9.02639101241e-08, 1.06157848734e-07, 2.62751541413e-07, 1.03510004124e-07, 5.45584590839e-08, 5.64800153313e-08, 1.07699165142e-07, 1.09120868785e-07, 1.31273040438e-07, 2.51047509892e-07, 1.40837727258e-07, 4.70945167308e-08, 2.78283041055e-09],
        "dvar2": [2.44170246333e-06, 9.77347663138e-05, 6.441273581e-05, 2.22444341489e-05, 1.78641821549e-05, 1.23542486108e-05, 2.33330665651e-05, 2.11004044104e-06, 5.50594950255e-06, 4.09933591072e-06, 3.90919331039e-06, 4.06395884056e-06, 1.61110028785e-06, 5.91018931573e-07, 2.43584253212e-07, 2.64761666813e-07, 6.21644005605e-07, 2.64784489445e-07, 1.37429182701e-07, 1.30956948396e-07, 2.58517445673e-07, 2.44480474976e-07, 2.67380073637e-07, 5.87632541738e-07, 3.1537095424e-07, 1.09036086826e-07, 6.84543977059e-09],
        "max": [0.0181599520147, 0.0932051166892, 0.0546765439212, 0.0372367426753, 0.0470258444548, 0.0441987589002, 0.0683380290866, 0.0265950318426, 0.0571299120784, 0.0304849669337, 0.0322506316006, 0.0250084456056, 0.0137853873894, 0.0105839958414, 0.00624026730657, 0.00569058582187, 0.0132959149778, 0.00690095080063, 0.00404941989109, 0.00403048470616, 0.00560234440491, 0.00443274667487, 0.00693228747696, 0.00669548800215, 0.00673799961805, 0.00421416945755, 0.000811224454083],
        "mean": [0.00081151095219, 0.00902288593352, 0.00115114543587, 0.00112461426761, 0.00211887573823, 0.00269311363809, 0.00314938812517, 0.000864052795805, 0.0015948015498, 0.000823349691927, 0.000911068054847, 0.000782814924605, 0.000531184428837, 0.000361910933862, 0.000217353270273, 0.00026297866134, 0.000295559933875, 0.000260049971985, 0.000210320009501, 0.000208035256946, 0.000274993915809, 0.000232494712691, 0.000276091799606, 0.000292746233754, 0.000279791885987, 0.000128370695165, 2.00522317755e-05],
        "median": [0.000167626698385, 0.00612791534513, 0.000152317123138, 0.000436844944488, 0.00104008195922, 0.00113447068725, 0.000926228356548, 0.000235416227952, 0.00057054637, 0.000187597877812, 0.000119931974041, 0.000138498740853, 0.000157920076163, 9.87484454527e-05, 8.0807491031e-05, 8.53752790135e-05, 7.07749277353e-05, 5.70879128645e-05, 6.35200049146e-05, 6.1056103732e-05, 6.37402918073e-05, 6.3387764385e-05, 7.53084459575e-05, 6.63390383124e-05, 7.37437658245e-05, 3.07475347654e-05, 1.98130487661e-06],
        "min": [2.01528619127e-25, 1.00137253891e-24, 1.12484790741e-24, 2.50182502925e-24, 7.10164456861e-24, 9.57768173487e-24, 1.04372498207e-23, 9.34863202673e-24, 1.87228341908e-23, 6.2411850699e-24, 1.28820291625e-23, 1.48792545806e-23, 3.94888086599e-23, 3.61887415915e-23, 5.17973233225e-23, 8.11743993033e-23, 5.34756185875e-23, 8.45078856751e-23, 1.3861682073e-22, 2.00334344459e-22, 2.68147478445e-22, 3.57914119173e-22, 4.40635487333e-22, 6.48915920406e-22, 9.22582547422e-22, 1.25781647381e-21, 1.88305222872e-21],
        "var": [2.29416309594e-06, 0.000155622779857, 1.43482220665e-05, 5.66927610635e-06, 1.08493131847e-05, 2.03257932299e-05, 3.71803325834e-05, 2.56481462202e-06, 1.14588592623e-05, 4.39150016973e-06, 5.86174610362e-06, 3.5611385556e-06, 1.01235184502e-06, 4.64947760292e-07, 1.45589098111e-07, 2.12896580365e-07, 6.01957538038e-07, 3.35683893127e-07, 1.28534310306e-07, 1.21552403698e-07, 2.68100649237e-07, 1.90055104099e-07, 2.76529846133e-07, 3.77392865403e-07, 2.67115893848e-07, 6.5886915479e-08, 3.08722736264e-09]
    },
    "erbbands": {
        "dmean": [0.139016389847, 0.686588764191, 1.26892352104, 2.2681760788, 3.0814511776, 3.92940664291, 7.06180047989, 12.0143556595, 21.3618679047, 13.0624580383, 9.23450565338, 15.6902303696, 16.1814670563, 13.6288127899, 21.7474079132, 15.9454622269, 16.0965461731, 10.643743515, 8.9512348175, 7.5556640625, 8.72172451019, 9.1485452652, 7.28651857376, 7.6357588768, 5.59637641907, 5.55016756058, 6.41573047638, 5.57899236679, 5.40365219116, 4.9382686615, 4.68763971329, 4.45323801041, 3.0805580616, 1.97891557217, 1.10092747211, 0.490833282471, 0.138336658478, 0.0323814712465, 0.00274708052166, 4.95623753523e-05],
        "dmean2": [0.176081061363, 0.951103508472, 2.17160820961, 3.95177435875, 5.3659324646, 6.50994110107, 11.160610199, 18.1299324036, 33.0613822937, 19.0638999939, 13.9459171295, 22.8810100555, 24.2178268433, 20.2726478577, 32.8130950928, 25.4084358215, 26.6095733643, 17.6518955231, 14.5148448944, 12.5286273956, 14.1858997345, 14.6895389557, 11.6002502441, 12.2938566208, 8.8940114975, 8.89221286774, 10.197309494, 8.69292831421, 8.1096572876, 7.19066047668, 6.73938560486, 6.70574998856, 4.60432672501, 2.93159484863, 1.64300715923, 0.747247934341, 0.207813173532, 0.0490016005933, 0.00431903451681, 7.4129224231e-05],
        "dvar": [0.076116129756, 3.01123380661, 24.9695587158, 59.2887229919, 77.830871582, 82.0493774414, 231.267440796, 592.655822754, 2831.70922852, 1685.68127441, 322.693817139, 994.891540527, 1966.72729492, 782.934387207, 2645.89599609, 1312.24023438, 1392.07397461, 561.800598145, 331.674041748, 249.599151611, 400.808563232, 512.017333984, 297.803161621, 278.056976318, 138.309249878, 109.962059021, 189.201828003, 158.628417969, 141.973449707, 119.688049316, 116.296630859, 133.708297729, 58.7874832153, 19.5769176483, 7.00863552094, 1.30572235584, 0.134040772915, 0.00966472923756, 7.4508243415e-05, 1.89509066217e-08],
        "dvar2": [0.113908916712, 6.81755113602, 69.1773986816, 166.617660522, 223.944290161, 220.204498291, 569.743286133, 1175.55249023, 6360.65576172, 3354.41503906, 700.404846191, 2035.09716797, 4228.70263672, 1664.86621094, 5634.81933594, 3224.77539062, 3590.78979492, 1522.62023926, 841.57989502, 636.286987305, 1011.34698486, 1254.89929199, 734.630371094, 698.737121582, 321.403137207, 263.82220459, 483.346405029, 362.60546875, 320.559143066, 259.265838623, 240.631088257, 313.758331299, 137.27722168, 42.3116874695, 16.358423233, 3.00960803032, 0.318622708321, 0.0236773584038, 0.000184631469892, 4.58108679879e-08],
        "max": [4.80789232254, 22.7086143494, 54.649646759, 95.3274917603, 116.904144287, 145.768768311, 328.791351318, 514.429992676, 1221.14587402, 1399.87390137, 497.210174561, 770.256286621, 1096.33325195, 504.835144043, 936.000427246, 550.390380859, 687.201171875, 559.734558105, 377.712921143, 315.154693604, 354.362792969, 517.054504395, 409.011810303, 366.17401123, 323.612213135, 149.16204834, 240.253234863, 187.960128784, 160.784042358, 196.680862427, 204.42010498, 160.208465576, 121.804748535, 70.8821640015, 49.2224769592, 20.8129768372, 7.74904298782, 1.34029996395, 0.133959621191, 0.00203551119193],
        "mean": [0.380386590958, 1.53567075729, 1.47352015972, 2.82657718658, 4.92734241486, 6.71247386932, 13.7259941101, 26.6164073944, 46.444152832, 30.5364265442, 20.885684967, 33.2441902161, 31.7445297241, 26.8619728088, 39.0517578125, 25.9330463409, 25.6316356659, 17.4613952637, 14.7746143341, 12.8455209732, 15.341211319, 16.0985450745, 13.3537435532, 14.5191078186, 10.1374673843, 10.0169792175, 11.309135437, 9.56616020203, 8.42962360382, 7.92021846771, 7.95630311966, 6.47330999374, 4.75668001175, 3.29874873161, 1.86679875851, 0.721956908703, 0.200351849198, 0.044575933367, 0.00321000278927, 9.23244078876e-05],
        "median": [0.207113072276, 0.738166987896, 0.336025387049, 1.09563851357, 2.22851705551, 3.1750805378, 6.05971240997, 11.5374641418, 15.5076770782, 9.28751850128, 8.59455299377, 12.9667186737, 9.07584190369, 7.56133127213, 6.75203752518, 6.52475166321, 8.57875061035, 4.844622612, 5.47135400772, 5.11463117599, 4.88944244385, 4.38537311554, 3.20139622688, 3.59984993935, 3.08334684372, 3.02115464211, 2.97823095322, 2.19877696037, 2.22847628593, 2.23637866974, 2.07136273384, 1.35342955589, 1.14045023918, 0.830520629883, 0.47985804081, 0.190174594522, 0.0427827835083, 0.00681171566248, 0.00032962943078, 4.43474418717e-05],
        "min": [6.47591883641e-23, 4.81839017699e-22, 2.23882471044e-21, 7.18270329566e-21, 1.13890031444e-20, 2.64123325544e-20, 2.85981023931e-20, 6.65839744933e-20, 1.3544233378e-19, 2.33532525668e-19, 2.48577493444e-19, 3.3168295957e-19, 2.61662586006e-19, 8.65179532135e-19, 7.94725509135e-19, 8.21486404614e-19, 1.6290222014e-18, 1.90315130397e-18, 3.41624807163e-18, 3.00794406985e-18, 3.80518136462e-18, 4.20770068557e-18, 5.43188084286e-18, 7.11353241073e-18, 8.10465691197e-18, 1.08571963532e-17, 1.12514314603e-17, 9.00489494341e-18, 1.28385801247e-17, 1.3248213199e-17, 1.18750205902e-17, 1.20262292062e-17, 1.07067843121e-17, 8.40862510757e-18, 6.9404001998e-18, 4.48917122287e-18, 2.22278836832e-18, 1.02504614418e-18, 2.44516217583e-19, 2.66717279934e-20],
        "var": [0.296118915081, 5.93055152893, 17.9182395935, 41.9292411804, 78.7736129761, 110.53200531, 566.835510254, 2160.24316406, 8932.8359375, 6088.87011719, 1017.54772949, 3225.28955078, 6598.56005859, 2420.28637695, 7073.84179688, 2511.91088867, 2272.46240234, 1043.90527344, 661.054138184, 438.795440674, 786.69354248, 1252.84179688, 838.562927246, 905.66015625, 323.212371826, 251.948287964, 417.166900635, 321.206176758, 248.855438232, 222.760375977, 237.61164856, 193.234634399, 93.7785949707, 38.7501525879, 12.0352487564, 1.88176739216, 0.177137836814, 0.0117240343243, 8.03808288765e-05, 2.51678375918e-08]
    },
    "gfcc": {
        "mean": [-29.5315551758, 85.0176391602, -91.7867660522, 13.3028964996, -64.7112350464, 11.6274375916, -38.0389175415, 10.9808721542, -21.2768096924, 10.4696140289, -11.1422281265, 6.66660690308, -6.84080791473],
        "cov": [[28292.7324219, -5114.515625, -407.154388428, 2859.93945312, -569.81451416, 2274.22558594, -75.0808410645, 1594.94470215, -544.718566895, 623.932250977, -457.390686035, 875.517333984, -237.588272095], [-5114.515625, 3313.86425781, -119.257766724, -1167.44055176, 143.134048462, -772.403076172, 9.00336074829, -531.513061523, 175.712722778, -269.36315918, 118.053985596, -395.195404053, 181.579071045], [-407.154388428, -119.257766724, 944.568908691, 246.807006836, -46.6333885193, 145.742401123, 79.6157150269, 103.820327759, 68.439994812, 63.8966064453, -24.5586490631, 29.4119777679, 12.0946245193], [2859.93945312, -1167.44055176, 246.807006836, 1242.19946289, 90.5358963013, 551.750671387, 108.760627747, 378.075256348, 65.6593933105, 144.295639038, -48.5954208374, 162.825744629, -51.5334205627], [-569.81451416, 143.134048462, -46.6333885193, 90.5358963013, 434.142883301, 174.769012451, 116.684234619, 39.7990989685, 76.8445129395, 32.6640167236, 85.2817230225, 33.5076026917, 35.119644165], [2274.22558594, -772.403076172, 145.742401123, 551.750671387, 174.769012451, 720.578491211, 177.919845581, 244.984344482, 59.5003509521, 159.947875977, 52.742099762, 154.728530884, -5.68306350708], [-75.0808410645, 9.00336074829, 79.6157150269, 108.760627747, 116.684234619, 177.919845581, 208.801727295, 89.3073959351, 61.1259689331, 39.0332069397, 45.1715393066, 30.0787849426, 16.96484375], [1594.94470215, -531.513061523, 103.820327759, 378.075256348, 39.7990989685, 244.984344482, 89.3073959351, 326.61227417, 37.1543502808, 96.0157546997, -2.56154870987, 112.231895447, -1.35167348385], [-544.718566895, 175.712722778, 68.439994812, 65.6593933105, 76.8445129395, 59.5003509521, 61.1259689331, 37.1543502808, 190.722503662, 43.1746292114, 78.3599472046, 19.6828746796, 44.0486907959], [623.932250977, -269.36315918, 63.8966064453, 144.295639038, 32.6640167236, 159.947875977, 39.0332069397, 96.0157546997, 43.1746292114, 148.114135742, 57.2128448486, 73.2060928345, 9.28744506836], [-457.390686035, 118.053985596, -24.5586490631, -48.5954208374, 85.2817230225, 52.742099762, 45.1715393066, -2.56154870987, 78.3599472046, 57.2128448486, 177.233947754, 56.8849868774, 60.6959915161], [875.517333984, -395.195404053, 29.4119777679, 162.825744629, 33.5076026917, 154.728530884, 30.0787849426, 112.231895447, 19.6828746796, 73.2060928345, 56.8849868774, 163.283203125, 22.2799339294], [-237.588272095, 181.579071045, 12.0946245193, -51.5334205627, 35.119644165, -5.68306350708, 16.96484375, -1.35167348385, 44.0486907959, 9.28744506836, 60.6959915161, 22.2799339294, 107.641975403]],
        "icov": [[0.000102392907138, -6.68149732519e-05, 0.000133309556986, -8.201169112e-05, 0.000212347687921, -0.000317707133945, 0.000242612004513, -0.000301686115563, 0.000295830250252, -0.000140871605254, 0.000249419099418, -0.000287622038741, -3.36210396199e-05], [-6.68149732519e-05, 0.00100247957744, -0.000178764996235, 0.000449467712315, -0.000502793176565, 0.000669462548103, -0.000646536354907, 0.0005575378309, -0.000995626556687, 0.000635819742456, -0.00049379223492, 0.00171937188134, -0.00101986166555], [0.000133309556986, -0.000178764996235, 0.00141017604619, -0.000305285881041, 0.000635793141555, -0.000499300018419, -8.72778546182e-05, -0.000366888358258, 4.58841241198e-05, -0.000636921031401, 0.000869941373821, -0.000469514372526, -0.000290628435323], [-8.201169112e-05, 0.000449467712315, -0.000305285881041, 0.0019041961059, -0.000429830746725, -0.000444934237748, 0.000102528363641, -0.000772027822677, -0.00111949641723, 0.000399704964366, 0.000415609916672, 0.000490989943501, 0.000185263721505], [0.000212347687921, -0.000502793176565, 0.000635793141555, -0.000429830746725, 0.003706545569, -0.00140916288365, -0.00048255600268, -0.000532002653927, 0.000405425555073, -3.37661040248e-05, -0.000259313324932, -0.000956417119596, 6.47990964353e-06], [-0.000317707133945, 0.000669462548103, -0.000499300018419, -0.000444934237748, -0.00140916288365, 0.00438326084986, -0.0025909692049, 0.00106646644417, -0.000834923237562, -0.000911191629712, -0.00090645434102, 0.000570598582271, -6.1242863012e-05], [0.000242612004513, -0.000646536354907, -8.72778546182e-05, 0.000102528363641, -0.00048255600268, -0.0025909692049, 0.0084961662069, -0.00268261623569, 6.31811999483e-05, 0.000350513932062, -0.000381625664886, -0.000224467556109, 0.000538495311048], [-0.000301686115563, 0.0005575378309, -0.000366888358258, -0.000772027822677, -0.000532002653927, 0.00106646644417, -0.00268261623569, 0.00741519592702, -0.00152141810395, -0.00125418335665, 0.00105999235529, -0.00121487665456, -0.000804424053058], [0.000295830250252, -0.000995626556687, 4.58841241198e-05, -0.00111949641723, 0.000405425555073, -0.000834923237562, 6.31811999483e-05, -0.00152141810395, 0.0091642010957, -0.00176784489304, -0.00182660657447, -0.00070754630724, -0.000835249084048], [-0.000140871605254, 0.000635819742456, -0.000636921031401, 0.000399704964366, -3.37661040248e-05, -0.000911191629712, 0.000350513932062, -0.00125418335665, -0.00176784489304, 0.0122378943488, -0.00388623494655, -0.000336987723131, 0.00069996615639], [0.000249419099418, -0.00049379223492, 0.000869941373821, 0.000415609916672, -0.000259313324932, -0.00090645434102, -0.000381625664886, 0.00105999235529, -0.00182660657447, -0.00388623494655, 0.0119720511138, -0.00463316589594, -0.0031139892526], [-0.000287622038741, 0.00171937188134, -0.000469514372526, 0.000490989943501, -0.000956417119596, 0.000570598582271, -0.000224467556109, -0.00121487665456, -0.00070754630724, -0.000336987723131, -0.00463316589594, 0.0142001239583, -0.00289316335693], [-3.36210396199e-05, -0.00101986166555, -0.000290628435323, 0.000185263721505, 6.47990964353e-06, -6.1242863012e-05, 0.000538495311048, -0.000804424053058, -0.000835249084048, 0.00069996615639, -0.0031139892526, -0.00289316335693, 0.0135933803394]]
    },
    "melbands": {
        "dmean": [0.00101060140878, 0.000690392043907, 0.000406266713981, 0.000243620947003, 0.000233535683947, 0.000272084784228, 0.000301036954625, 0.000129750114866, 8.19218766992e-05, 0.000101736361103, 8.45598260639e-05, 5.81316562602e-05, 8.03108196124e-05, 5.90103736613e-05, 4.31172884419e-05, 3.09602510242e-05, 1.97251792997e-05, 1.77109595825e-05, 9.67928463069e-06, 1.02774793049e-05, 1.04139471659e-05, 9.50590401771e-06, 9.47040825849e-06, 7.12172914064e-06, 6.512744676e-06, 4.50090828963e-06, 4.14346459365e-06, 3.87959926229e-06, 4.33681543655e-06, 3.88193529943e-06, 3.27722773363e-06, 3.18979118674e-06, 2.9708121474e-06, 2.83167560156e-06, 2.80482163362e-06, 2.84832208308e-06, 2.79426740235e-06, 2.26647102863e-06, 1.90182493043e-06, 1.69031386577e-06],
        "dmean2": [0.0013252873905, 0.00106627482455, 0.000707839964889, 0.000413201341871, 0.000369566696463, 0.000410394888604, 0.000464284123154, 0.000190141639905, 0.00012346317817, 0.000147429498611, 0.000126265586005, 8.66207919898e-05, 0.000118602336443, 9.20006568776e-05, 7.13816698408e-05, 5.10514837515e-05, 3.26366207446e-05, 2.85949154204e-05, 1.62867218023e-05, 1.67725193023e-05, 1.71101291926e-05, 1.53760029207e-05, 1.48978951984e-05, 1.16038181659e-05, 1.06045063148e-05, 7.17591638022e-06, 6.65068500894e-06, 6.29283704257e-06, 7.01641101841e-06, 6.11098630543e-06, 5.1469214668e-06, 4.90598267788e-06, 4.45761588708e-06, 4.20984997618e-06, 4.1300158955e-06, 4.28106250183e-06, 4.31137914347e-06, 3.48907428815e-06, 2.84716520582e-06, 2.56032717516e-06],
        "dvar": [4.04943421017e-06, 4.86398130306e-06, 1.78015511665e-06, 3.68837078213e-07, 2.44954094342e-07, 2.74176613857e-07, 5.17679325185e-07, 1.48750672224e-07, 2.39041053618e-08, 4.68527225905e-08, 5.32721458057e-08, 1.50290979661e-08, 4.35087983419e-08, 2.93912254534e-08, 1.08577404845e-08, 4.8628696625e-09, 1.84854298535e-09, 1.38686195861e-09, 4.37862524016e-10, 4.86868378946e-10, 5.9329502422e-10, 4.82403672564e-10, 1.17392129351e-09, 2.76905887109e-10, 2.11486383961e-10, 8.93775262134e-11, 9.3359750486e-11, 5.45982703493e-11, 9.54537768272e-11, 7.55017576237e-11, 5.76933119334e-11, 5.0505169491e-11, 4.56263256343e-11, 3.91429111346e-11, 3.99411233254e-11, 4.79591262537e-11, 5.55153666093e-11, 3.55788835893e-11, 1.77185661976e-11, 1.47859884059e-11],
        "dvar2": [6.77411662764e-06, 1.24725083879e-05, 5.05363959746e-06, 1.03016770936e-06, 6.03341163696e-07, 5.5592749959e-07, 1.16130559036e-06, 3.01156660498e-07, 5.19558689405e-08, 8.99300403034e-08, 1.15252397848e-07, 3.24086144587e-08, 8.63486491198e-08, 6.70389823654e-08, 2.77965064299e-08, 1.29821895456e-08, 5.04419173097e-09, 3.40997807768e-09, 1.17375575925e-09, 1.20239829204e-09, 1.51317280928e-09, 1.24413201963e-09, 2.68202104969e-09, 7.06639025072e-10, 5.35294752968e-10, 2.235932689e-10, 2.14087289563e-10, 1.34176100786e-10, 2.59741894659e-10, 1.80874301647e-10, 1.34281183395e-10, 1.16922693749e-10, 1.05104557002e-10, 8.61609117386e-11, 8.43721481569e-11, 1.06765818408e-10, 1.34405167551e-10, 8.69929753233e-11, 3.75894315674e-11, 3.34814814762e-11],
        "max": [0.0314162448049, 0.0254782065749, 0.0166972242296, 0.00734454533085, 0.0113007454202, 0.0102933458984, 0.0158359166235, 0.0127467671409, 0.00353523762897, 0.0070295385085, 0.00565313920379, 0.00228141830303, 0.00458568800241, 0.00326695130207, 0.00163446983788, 0.00101443717722, 0.00109061214607, 0.000861135195009, 0.000435563852079, 0.000582087901421, 0.000468553858809, 0.000641104299575, 0.00108378776349, 0.000358568999218, 0.00030720414361, 0.000232294914895, 0.000296192971291, 0.00012171283015, 0.00021120106976, 0.000126552797155, 0.000120988173876, 0.000110244458483, 9.71708650468e-05, 0.000119104624901, 0.000110573317215, 0.000121836237668, 0.000104586935777, 0.000104724058474, 7.08490260877e-05, 5.90211566305e-05],
        "mean": [0.00291607575491, 0.00119074457325, 0.00054877816001, 0.00041655410314, 0.000461272778921, 0.000608947244473, 0.000663470244035, 0.000293894408969, 0.000180163304321, 0.000209954028833, 0.000161380783538, 0.00011095595255, 0.000142658594996, 9.07761568669e-05, 6.31890725344e-05, 4.74440348626e-05, 3.08345988742e-05, 2.69600495812e-05, 1.50537744048e-05, 1.76575867954e-05, 1.70435541804e-05, 1.58200455189e-05, 1.55192501552e-05, 1.21239863802e-05, 1.17210292956e-05, 7.99939061835e-06, 6.69722021485e-06, 6.48277455184e-06, 7.23042467143e-06, 6.61008516545e-06, 5.06720971316e-06, 4.75246906717e-06, 4.46517196906e-06, 4.38893130195e-06, 4.63043852506e-06, 4.33545983469e-06, 3.80456367566e-06, 3.3298181279e-06, 3.04304421661e-06, 2.71599219559e-06],
        "median": [0.00195281812921, 0.000497045344673, 0.000230568199186, 0.000210086582229, 0.00021065591136, 0.000277600134723, 0.000224043076742, 8.22874935693e-05, 7.14820853318e-05, 7.56446097512e-05, 3.94608177885e-05, 2.90177158604e-05, 2.15007930819e-05, 1.19296437333e-05, 2.04346488317e-05, 1.27177063405e-05, 7.97695793153e-06, 8.30731005408e-06, 5.84843337492e-06, 6.1616738094e-06, 5.15640476806e-06, 4.48849368695e-06, 2.97678002426e-06, 2.68054850494e-06, 2.78484299088e-06, 2.28243948186e-06, 1.87350963188e-06, 1.91710000763e-06, 1.83681436283e-06, 1.3607634628e-06, 1.1823034356e-06, 1.21949949516e-06, 1.19227638606e-06, 1.24897474052e-06, 1.21064999803e-06, 9.47396472384e-07, 7.25228915144e-07, 7.52265009396e-07, 7.14405075541e-07, 6.51631410165e-07],
        "min": [8.13162998002e-25, 1.24437759089e-24, 1.50682392266e-24, 7.51009189621e-25, 1.3967353265e-24, 1.44654804697e-24, 1.92991112816e-24, 2.37648469496e-24, 2.29935598932e-24, 2.12044134994e-24, 9.64840883426e-25, 3.27213981459e-24, 2.46139492179e-24, 1.81377482848e-24, 3.68448687608e-24, 2.95691099687e-24, 3.33456750562e-24, 3.18301075965e-24, 3.86963686927e-24, 4.90250704641e-24, 4.07339609122e-24, 3.74236717842e-24, 4.10541358878e-24, 4.90655548057e-24, 4.39521505295e-24, 5.65964312146e-24, 5.70176868823e-24, 6.09804665308e-24, 5.68606246761e-24, 5.60079528122e-24, 4.28708036664e-24, 6.69972230398e-24, 5.56230557437e-24, 6.31389398511e-24, 6.18852150473e-24, 6.1416856495e-24, 6.34470294776e-24, 6.85617945389e-24, 6.682084163e-24, 6.3179893565e-24],
        "var": [1.57125996338e-05, 5.47782565263e-06, 1.26361248931e-06, 4.53447398741e-07, 6.17362218236e-07, 9.87709199762e-07, 1.67185328337e-06, 5.25188909251e-07, 7.25095077314e-08, 1.7842228317e-07, 1.801560785e-07, 4.53570372372e-08, 1.25761118852e-07, 6.2211078955e-08, 1.57698352155e-08, 7.91185428284e-09, 3.44392225848e-09, 2.75811440353e-09, 6.47055020675e-10, 9.11921982372e-10, 1.03012764985e-09, 1.07012920747e-09, 2.62421440134e-09, 6.51026010878e-10, 6.34375330044e-10, 2.22665663685e-10, 1.76147985087e-10, 1.13060075191e-10, 1.8779131028e-10, 1.86439960692e-10, 9.31166255214e-11, 8.34481928003e-11, 7.45426428916e-11, 7.10073597143e-11, 8.00655652888e-11, 8.09194863893e-11, 7.28366186808e-11, 4.99452146308e-11, 3.54230707267e-11, 2.6755994989e-11]
    },
    "mfcc": {
        "mean": [-672.176574707, 118.477752686, 23.0434169769, 8.56424999237, -1.95263445377, -0.830756902695, -2.97775530815, -2.07451415062, -1.24096751213, -0.819787979126, 0.00114851235412, 2.13654327393, 3.10319805145],
        "cov": [[16145.0859375, -2746.1015625, -375.954040527, 623.124084473, 621.896789551, 720.872253418, 872.976745605, 988.335449219, 497.463928223, 498.673675537, 287.724609375, 316.006835938, 216.56211853], [-2746.1015625, 2504.97485352, 70.397567749, -288.476837158, -184.666702271, -243.717941284, -199.346160889, -274.909637451, -40.3426399231, -77.950843811, -76.9571075439, -162.469696045, -82.4680252075], [-375.954040527, 70.397567749, 742.144165039, 159.936904907, 5.6624584198, 48.860408783, -24.1856555939, 29.1658115387, 59.8099975586, 75.1862716675, 34.5066413879, 19.7540454865, 21.6558628082], [623.124084473, -288.476837158, 159.936904907, 518.322998047, 148.90687561, 28.7286548615, 68.9565811157, 135.726669312, 126.427566528, 56.2125358582, 78.1332321167, 79.4869384766, 33.7186927795], [621.896789551, -184.666702271, 5.6624584198, 148.90687561, 333.968566895, 199.208709717, 133.21156311, 147.579620361, 93.9643936157, 101.505004883, 64.3945465088, 94.9230651855, 66.4411773682], [720.872253418, -243.717941284, 48.860408783, 28.7286548615, 199.208709717, 401.648895264, 180.592391968, 148.406997681, 64.3816604614, 131.759719849, 79.2099456787, 74.9477005005, 65.0371704102], [872.976745605, -199.346160889, -24.1856555939, 68.9565811157, 133.21156311, 180.592391968, 276.35848999, 160.729705811, 82.7778930664, 106.288551331, 75.8297653198, 54.2822341919, 58.0702896118], [988.335449219, -274.909637451, 29.1658115387, 135.726669312, 147.579620361, 148.406997681, 160.729705811, 265.397064209, 122.515357971, 112.010681152, 80.1371231079, 82.2700195312, 65.1925964355], [497.463928223, -40.3426399231, 59.8099975586, 126.427566528, 93.9643936157, 64.3816604614, 82.7778930664, 122.515357971, 166.570755005, 94.189414978, 57.6399612427, 44.3254776001, 34.6942863464], [498.673675537, -77.950843811, 75.1862716675, 56.2125358582, 101.505004883, 131.759719849, 106.288551331, 112.010681152, 94.189414978, 181.456283569, 66.7503509521, 55.5775756836, 49.5499076843], [287.724609375, -76.9571075439, 34.5066413879, 78.1332321167, 64.3945465088, 79.2099456787, 75.8297653198, 80.1371231079, 57.6399612427, 66.7503509521, 127.647605896, 61.1055717468, 33.0752029419], [316.006835938, -162.469696045, 19.7540454865, 79.4869384766, 94.9230651855, 74.9477005005, 54.2822341919, 82.2700195312, 44.3254776001, 55.5775756836, 61.1055717468, 138.103439331, 60.0278587341], [216.56211853, -82.4680252075, 21.6558628082, 33.7186927795, 66.4411773682, 65.0371704102, 58.0702896118, 65.1925964355, 34.6942863464, 49.5499076843, 33.0752029419, 60.0278587341, 105.894813538]],
