{
"lowlevel": {
    "average_loudness": 0.913648605347,
    "barkbands_crest": {
        "dmean": 2.81528735161,
        "dmean2": 4.27366256714,
        "dvar": 9.07953739166,
        "dvar2": 20.4031352997,
        "max": 26.445142746,
        "mean": 11.9971189499,
        "median": 10.3104314804,
        "min": 1.87400698662,
        "var": 40.3316917419
    },
    "barkbands_flatness_db": {
        "dmean": 0.0336224026978,
        "dmean2": 0.0478903353214,
        "dvar": 0.00235151778907,
        "dvar2": 0.00471330760047,
        "max": 0.600390791893,
        "mean": 0.161296606064,
        "median": 0.123670101166,
        "min": 0.0129672177136,
        "var": 0.0128745762631
    },
    "barkbands_kurtosis": {
        "dmean": 18.3772068024,
        "dmean2": 24.1458568573,
        "dvar": 4080.89453125,
        "dvar2": 6449.72314453,
        "max": 1507.19775391,
        "mean": 33.6150932312,
        "median": 2.81566047668,
        "min": -1.90698409081,
        "var": 14526.2871094
    },
    "barkbands_skewness": {
        "dmean": 1.09537959099,
        "dmean2": 1.51184916496,
        "dvar": 3.4566590786,
        "dvar2": 6.12185811996,
        "max": 29.8615150452,
        "mean": 2.96191477776,
        "median": 1.59909367561,
        "min": -2.77366900444,
        "var": 14.0911979675
    },
    "barkbands_spread": {
        "dmean": 8.06587314606,
        "dmean2": 12.3366994858,
        "dvar": 149.739379883,
        "dvar2": 321.015045166,
        "max": 119.880317688,
        "mean": 22.1225280762,
        "median": 20.502161026,
        "min": 0.119005560875,
        "var": 315.923980713
    },
    "dissonance": {
        "dmean": 0.0162142608315,
        "dmean2": 0.0272315964103,
        "dvar": 0.000456093985122,
        "dvar2": 0.0012262823293,
        "max": 0.500000178814,
        "mean": 0.470261484385,
        "median": 0.481097221375,
        "min": 0.0852801725268,
        "var": 0.00151451444253
    },
    "dynamic_complexity": 3.28996419907,
    "erbbands_crest": {
        "dmean": 2.55836033821,
        "dmean2": 4.04271697998,
        "dvar": 7.42726039886,
        "dvar2": 17.4204921722,
        "max": 32.1792106628,
        "mean": 8.5271062851,
        "median": 7.09346818924,
        "min": 2.33721351624,
        "var": 21.823589325
    },
    "erbbands_flatness_db": {
        "dmean": 0.0181720722467,
        "dmean2": 0.0264430325478,
        "dvar": 0.00050975807244,
        "dvar2": 0.00098211504519,
        "max": 0.44238525629,
        "mean": 0.133736506104,
        "median": 0.112622097135,
        "min": 0.0432655327022,
        "var": 0.00465646199882
    },
    "erbbands_kurtosis": {
        "dmean": 1.58447861671,
        "dmean2": 2.44509768486,
        "dvar": 16.1269512177,
        "dvar2": 36.523399353,
        "max": 124.723968506,
        "mean": 1.95866680145,
        "median": -0.244307041168,
        "min": -1.88916885853,
        "var": 55.3030281067
    },
    "erbbands_skewness": {
        "dmean": 0.452898859978,
        "dmean2": 0.67678463459,
        "dvar": 0.375754505396,
        "dvar2": 0.817632138729,
        "max": 9.98750686646,
        "mean": 0.568662524223,
        "median": 0.324067115784,
        "min": -2.48985433578,
        "var": 1.35068964958
    },
    "erbbands_spread": {
        "dmean": 12.1201562881,
        "dmean2": 17.9507446289,
        "dvar": 249.543869019,
        "dvar2": 555.872802734,
        "max": 209.51802063,
        "mean": 49.455745697,
        "median": 43.8392372131,
        "min": 1.72675013542,
        "var": 1031.82995605
    },
    "hfc": {
        "dmean": 12.6617031097,
        "dmean2": 18.8915882111,
        "dvar": 543.359802246,
        "dvar2": 1212.83813477,
        "max": 284.763336182,
        "mean": 27.2189674377,
        "median": 17.7997398376,
        "min": 1.09114665151e-16,
        "var": 882.060119629
    },
    "melbands_crest": {
        "dmean": 3.34025740623,
        "dmean2": 5.11512136459,
        "dvar": 11.5192632675,
        "dvar2": 26.5680541992,
        "max": 35.9178085327,
        "mean": 16.8346099854,
        "median": 14.7603626251,
        "min": 2.05614566803,
        "var": 64.9360198975
    },
    "melbands_flatness_db": {
        "dmean": 0.0409866943955,
        "dmean2": 0.0592586584389,
        "dvar": 0.00340366992168,
        "dvar2": 0.00708368094638,
        "max": 0.742546319962,
        "mean": 0.244718790054,
        "median": 0.200095504522,
        "min": 0.00392062356696,
        "var": 0.018866783008
    },
    "melbands_kurtosis": {
        "dmean": 39.8231048584,
        "dmean2": 55.8480415344,
        "dvar": 10047.4453125,
        "dvar2": 19203.4433594,
        "max": 2441.52490234,
        "mean": 76.9086074829,
        "median": 10.9363040924,
        "min": -1.59878754616,
        "var": 29935.6796875
    },
    "melbands_skewness": {
        "dmean": 1.50638663769,
        "dmean2": 2.1333258152,
        "dvar": 5.6410074234,
        "dvar2": 10.6744174957,
        "max": 35.9373588562,
        "mean": 4.68069839478,
        "median": 2.79472780228,
        "min": -1.67589533329,
        "var": 25.6340236664
    },
    "melbands_spread": {
        "dmean": 7.66387319565,
        "dmean2": 12.381477356,
        "dvar": 136.255172729,
        "dvar2": 338.25680542,
        "max": 162.827514648,
        "mean": 19.8551254272,
        "median": 17.0659332275,
        "min": 0.10314335674,
        "var": 348.732055664
    },
    "pitch_salience": {
        "dmean": 0.0831237509847,
        "dmean2": 0.127470508218,
        "dvar": 0.00875361356884,
        "dvar2": 0.0193007290363,
        "max": 0.982447624207,
        "mean": 0.504939138889,
        "median": 0.558227658272,
        "min": 0.0121813127771,
        "var": 0.0373168848455
    },
    "silence_rate_20dB": {
        "dmean": 0,
        "dmean2": 0,
        "dvar": 0,
        "dvar2": 0,
        "max": 1,
        "mean": 1,
        "median": 1,
        "min": 1,
        "var": 0
    },
    "silence_rate_30dB": {
        "dmean": 0.0474755987525,
        "dmean2": 0.0949626415968,
        "dvar": 0.0452238097787,
        "dvar2": 0.0987156629562,
        "max": 1,
        "mean": 0.950240969658,
        "median": 1,
        "min": 0,
        "var": 0.0472806170583
    },
    "silence_rate_60dB": {
        "dmean": 0.013254608959,
        "dmean2": 0.0265124123544,
        "dvar": 0.013078706339,
        "dvar2": 0.0311110150069,
        "max": 1,
        "mean": 0.0491566248238,
        "median": 0,
        "min": 0,
        "var": 0.0467381700873
    },
    "spectral_centroid": {
        "dmean": 355.589904785,
        "dmean2": 535.63659668,
        "dvar": 238313.65625,
        "dvar2": 498907.28125,
        "max": 11190.5166016,
        "mean": 1338.32727051,
        "median": 1323.91015625,
        "min": 72.7897415161,
        "var": 716168.0625
    },
    "spectral_complexity": {
        "dmean": 5.49608373642,
        "dmean2": 8.25114440918,
        "dvar": 59.156578064,
        "dvar2": 114.175628662,
        "max": 63,
        "mean": 20.1046981812,
        "median": 19,
        "min": 0,
        "var": 209.605895996
    },
    "spectral_decrease": {
        "dmean": 2.59063304142e-09,
        "dmean2": 3.78996967143e-09,
        "dvar": 1.18216591689e-17,
        "dvar2": 2.49585719078e-17,
        "max": 1.19345424941e-28,
        "mean": -1.07665023563e-08,
        "median": -9.27896426361e-09,
        "min": -3.91950294443e-08,
        "var": 6.33491970785e-17
    },
    "spectral_energy": {
        "dmean": 0.0101401880383,
        "dmean2": 0.0147676644847,
        "dvar": 0.000166815356351,
        "dvar2": 0.000348190049408,
        "max": 0.149590924382,
        "mean": 0.0431040860713,
        "median": 0.0380192920566,
        "min": 1.02786593827e-20,
        "var": 0.000943987513892
    },
    "spectral_energyband_high": {
        "dmean": 0.00119827967137,
        "dmean2": 0.00181540113408,
        "dvar": 6.25019129075e-06,
        "dvar2": 1.40425145219e-05,
        "max": 0.0330668464303,
        "mean": 0.00181074743159,
        "median": 0.000724844750948,
        "min": 7.23446509184e-21,
        "var": 8.39308631839e-06
    },
    "spectral_energyband_low": {
        "dmean": 0.00854135211557,
        "dmean2": 0.0126335518435,
        "dvar": 0.000227841403103,
        "dvar2": 0.000496237480547,
        "max": 0.148208335042,
        "mean": 0.0267148446292,
        "median": 0.0167361758649,
        "min": 5.45701410054e-23,
        "var": 0.000940305239055
    },
    "spectral_energyband_middle_high": {
        "dmean": 0.00194333156105,
        "dmean2": 0.00308581627905,
        "dvar": 9.34474974201e-06,
        "dvar2": 2.20634356083e-05,
        "max": 0.0337619371712,
        "mean": 0.00464629521593,
        "median": 0.00303067686036,
        "min": 1.2802941376e-21,
        "var": 2.56838593486e-05
    },
    "spectral_energyband_middle_low": {
        "dmean": 0.0045216283761,
        "dmean2": 0.00687910616398,
        "dvar": 4.12133595091e-05,
        "dvar2": 9.34829004109e-05,
        "max": 0.107407160103,
        "mean": 0.0114613724872,
        "median": 0.00887527223676,
        "min": 2.09671605056e-22,
        "var": 0.000118665011541
    },
    "spectral_entropy": {
        "dmean": 0.222223952413,
        "dmean2": 0.319892257452,
        "dvar": 0.111926414073,
        "dvar2": 0.243666559458,
        "max": 9.815533638,
        "mean": 7.67735958099,
        "median": 7.92247867584,
        "min": 4.41940355301,
        "var": 0.591076254845
    },
    "spectral_flux": {
        "dmean": 0.0330721698701,
        "dmean2": 0.0455774851143,
        "dvar": 0.00163606763817,
        "dvar2": 0.00264699454419,
        "max": 0.368153750896,
        "mean": 0.0927346870303,
        "median": 0.0777244865894,
        "min": 6.67807406596e-11,
        "var": 0.004065066576
    },
    "spectral_kurtosis": {
        "dmean": 1.94865882397,
        "dmean2": 3.08713841438,
        "dvar": 26.5746994019,
        "dvar2": 56.9097633362,
        "max": 152.103988647,
        "mean": 5.52171707153,
        "median": 2.78367614746,
        "min": -1.23012256622,
        "var": 113.109817505
    },
    "spectral_rms": {
        "dmean": 0.000767731806263,
        "dmean2": 0.00111217587255,
        "dvar": 7.12953578841e-07,
        "dvar2": 1.45555259223e-06,
        "max": 0.0120806610212,
        "mean": 0.00597606040537,
        "median": 0.00609031971544,
        "min": 3.16669542151e-12,
        "var": 6.33933586869e-06
    },
    "spectral_rolloff": {
        "dmean": 703.184326172,
        "dmean2": 1199.2322998,
        "dvar": 1837676.625,
        "dvar2": 4343883.5,
        "max": 19379.8828125,
        "mean": 1411.09069824,
        "median": 796.728515625,
        "min": 64.599609375,
        "var": 3567253.25
    },
    "spectral_skewness": {
        "dmean": 0.2396042943,
        "dmean2": 0.364191800356,
        "dvar": 0.1633105129,
        "dvar2": 0.324124693871,
        "max": 9.91249370575,
        "mean": 1.65396058559,
        "median": 1.38025307655,
        "min": -0.0390752218664,
        "var": 1.02649128437
    },
    "spectral_spread": {
        "dmean": 697371.8125,
        "dmean2": 1003910.5625,
        "dvar": 1.21202684723e+12,
        "dvar2": 2.11132114534e+12,
        "max": 40959668,
        "mean": 5827491.5,
        "median": 5804254.5,
        "min": 699751.375,
        "var": 6.59815451853e+12
    },
    "spectral_strongpeak": {
        "dmean": 0.368851363659,
        "dmean2": 0.622746706009,
        "dvar": 0.438704550266,
        "dvar2": 1.15414988995,
        "max": 10.1487808228,
        "mean": 0.639025509357,
        "median": 0.422301530838,
        "min": 0,
        "var": 0.625764727592
    },
    "zerocrossingrate": {
        "dmean": 0.013952053152,
        "dmean2": 0.0166230406612,
        "dvar": 0.000322569045238,
        "dvar2": 0.000479659618577,
        "max": 0.791015625,
        "mean": 0.061869174242,
        "median": 0.0546875,
        "min": 0.001953125,
        "var": 0.0026316724252
    },
    "barkbands": {
        "dmean": [0.00052663043607, 0.00771684991196, 0.00344055704772, 0.00158069422469, 0.00182819971815, 0.00084858329501, 0.000593708595261, 0.000899665581528, 0.000921656435821, 0.000613170675933, 0.000358221615897, 0.000341255887179, 0.000271764001809, 0.000338943471434, 0.000286293477984, 0.000255449296674, 0.000260677450569, 0.000140596632264, 0.000154141729581, 0.00023110723123, 0.000312006712193, 0.000190439182916, 0.000170881758095, 0.000156400798005, 0.000165838253452, 0.000132200380904, 4.49361323263e-05],
        "dmean2": [0.000632910989225, 0.011193674989, 0.00595552939922, 0.0026887783315, 0.00272235576995, 0.00135538715404, 0.000927144428715, 0.00144071574323, 0.00147654954344, 0.00098105694633, 0.000590449664742, 0.000549194985069, 0.000447876285762, 0.000561827269848, 0.000466076540761, 0.00042050567572, 0.000437351583969, 0.000229422483244, 0.00024973670952, 0.00036137981806, 0.000495468091685, 0.000300701678498, 0.000269313342869, 0.000241858433583, 0.000250792305451, 0.000200044465601, 7.07560757292e-05],
        "dvar": [8.66784546361e-07, 0.000231011596043, 7.1132373705e-05, 1.09451193566e-05, 1.01020177681e-05, 2.00023691832e-06, 1.42625503941e-06, 5.16354248248e-06, 7.46755131331e-06, 2.39893483922e-06, 1.09835355033e-06, 4.99925022268e-07, 2.32993443205e-07, 5.16659099503e-07, 2.32069666595e-07, 2.90792030455e-07, 2.51346278901e-07, 5.16053901833e-08, 6.57256364889e-08, 2.23402437882e-07, 7.09923426712e-07, 1.39728143722e-07, 1.12938344898e-07, 9.43230276107e-08, 1.20437263718e-07, 9.5707498815e-08, 1.32766189154e-08],
        "dvar2": [1.12507200356e-06, 0.000506081385538, 0.000204992335057, 2.96957059618e-05, 2.23038405238e-05, 4.93438164995e-06, 3.54483154297e-06, 1.30421376525e-05, 1.94733547687e-05, 5.60254920856e-06, 2.49963977694e-06, 1.16378578241e-06, 5.85005636822e-07, 1.32741786274e-06, 5.66972346405e-07, 7.55221265081e-07, 6.49082210202e-07, 1.28603929284e-07, 1.56722549605e-07, 4.81002246033e-07, 1.70555608747e-06, 3.30792317982e-07, 2.70057284979e-07, 2.1970052444e-07, 2.6414926424e-07, 2.07110616657e-07, 3.2196332711e-08],
        "max": [0.00979159027338, 0.141464650631, 0.0657179430127, 0.028156530112, 0.04621803388, 0.0200229212642, 0.0256851036102, 0.0639210939407, 0.0967275872827, 0.0325552560389, 0.0226722080261, 0.0211906805634, 0.00789278466254, 0.0160961169749, 0.0157175734639, 0.0104221682996, 0.00646888744086, 0.00283196638338, 0.00318839238025, 0.00731492880732, 0.0140985278413, 0.00528398528695, 0.00431329663843, 0.00284650176764, 0.00347401946783, 0.00336952274665, 0.0016598716611],
        "mean": [0.00113030872308, 0.019664959982, 0.00457598548383, 0.00229837885126, 0.00325046898797, 0.00156572996639, 0.000987032195553, 0.00159429293126, 0.0014584196033, 0.000993422814645, 0.000496895052493, 0.000562596833333, 0.000459278468043, 0.000461323856143, 0.000459160190076, 0.000368701585103, 0.000343992753187, 0.000232245685766, 0.000239952772972, 0.000345999433193, 0.000411102955695, 0.000298916507745, 0.000246112118475, 0.000213990715565, 0.000222101822146, 0.000172634841874, 5.00694332004e-05],
        "median": [0.00017099067918, 0.00928763486445, 0.00165483215824, 0.000797816668637, 0.0016387864016, 0.000838711159304, 0.000426621292718, 0.000404315884225, 0.000415838032495, 0.000340598548064, 0.000126937375171, 0.000223324765102, 0.000170535990037, 0.000158181472216, 0.000223306604312, 0.000170593033545, 0.000165760226082, 0.000110901957669, 0.000119385003927, 0.000134140544105, 0.000116924697068, 0.000105388971861, 9.15871642064e-05, 8.23896407383e-05, 8.04108058219e-05, 5.18393862876e-05, 6.72847227179e-06],
        "min": [2.0758888526e-24, 6.05486046283e-24, 1.9196944328e-23, 5.03761880352e-24, 1.372444899e-23, 1.85130744984e-23, 3.64921406511e-23, 5.95824669561e-24, 3.59535600676e-23, 3.68673765402e-23, 2.95785352788e-23, 5.06393607106e-23, 4.12861146365e-23, 5.71304237831e-23, 7.46755549068e-23, 8.21672154624e-23, 1.09008283493e-22, 1.2220075151e-22, 1.7610351619e-22, 2.20152777074e-22, 3.32207123891e-22, 3.70571588035e-22, 4.94902301854e-22, 6.62135512616e-22, 1.00756121897e-21, 1.48098328014e-21, 2.01281376394e-21],
        "var": [3.80401115763e-06, 0.000743926444557, 6.0236940044e-05, 1.32876239149e-05, 2.06853746931e-05, 3.93649634134e-06, 2.57073838839e-06, 1.36989538078e-05, 1.43104034578e-05, 5.16689988217e-06, 2.02263140636e-06, 9.74336785475e-07, 5.46528951872e-07, 6.92683499892e-07, 4.10926304539e-07, 3.14964324843e-07, 2.69277677489e-07, 9.40816349271e-08, 1.00706273543e-07, 3.88829334952e-07, 7.35201922453e-07, 2.08707731986e-07, 1.47768233205e-07, 1.16723185783e-07, 1.54188128931e-07, 1.21576675838e-07, 1.40145228755e-08]
    },
    "erbbands": {
        "dmean": [0.305507808924, 1.77331721783, 3.72677302361, 4.65558767319, 6.17438268661, 5.51955318451, 7.06581306458, 7.28056573868, 8.74284934998, 9.31498527527, 22.3478298187, 21.9490642548, 17.5214633942, 17.0684089661, 13.8159265518, 14.6206588745, 12.5113296509, 13.8275432587, 18.3398189545, 12.9210720062, 15.4028329849, 12.0300540924, 8.05519866943, 6.53604269028, 8.7767496109, 10.1326093674, 11.8759374619, 13.1206560135, 7.2771730423, 6.00808000565, 4.69572210312, 3.12908029556, 2.78850960732, 1.95287692547, 1.16684019566, 0.646995604038, 0.234905540943, 0.0674023851752, 0.0074066715315, 0.000110681168735],
        "dmean2": [0.365205645561, 2.77108621597, 6.37800502777, 7.97345638275, 9.71261692047, 8.26464748383, 11.135881424, 11.7740774155, 13.4754362106, 14.6462888718, 35.8000221252, 35.1345443726, 27.7642936707, 27.5852184296, 22.5076370239, 23.5221176147, 20.4587230682, 23.032869339, 29.7247390747, 21.2775402069, 25.4426765442, 19.8617839813, 13.1914606094, 10.556230545, 13.8841104507, 15.7672519684, 19.0592708588, 21.0701770782, 11.5163173676, 9.55556964874, 7.45651626587, 4.83093643188, 4.34254980087, 2.9864153862, 1.763666749, 0.982142984867, 0.358740717173, 0.104090116918, 0.0117598921061, 0.000170559840626],
        "dvar": [0.311172485352, 14.2300024033, 83.7460479736, 102.770965576, 162.890884399, 107.543556213, 171.700714111, 151.812347412, 291.506500244, 490.906036377, 3383.9375, 5929.00585938, 1959.53601074, 2100.72827148, 1359.15161133, 722.387390137, 488.355163574, 845.700073242, 966.718383789, 502.631500244, 1174.58178711, 514.556945801, 176.765151978, 113.603523254, 224.227828979, 488.56729126, 739.44342041, 1633.4230957, 224.742416382, 131.13168335, 88.5883636475, 35.2231521606, 32.0028610229, 15.9178199768, 6.06745910645, 2.39979505539, 0.311259716749, 0.0270630475134, 0.00037839912693, 7.42586294677e-08],
        "dvar2": [0.393862277269, 36.6415634155, 238.05140686, 288.322174072, 386.813201904, 237.21786499, 406.998779297, 398.278961182, 702.436950684, 1163.64868164, 8602.421875, 15633.2363281, 4412.21728516, 4540.20654297, 3211.31542969, 1745.40917969, 1212.49829102, 2178.73974609, 2391.55371094, 1309.86730957, 3014.74365234, 1311.53662109, 439.544433594, 271.829620361, 487.069091797, 1019.6796875, 1664.88537598, 4164.58056641, 536.093322754, 316.497314453, 214.128936768, 82.3784103394, 74.0965805054, 36.6517906189, 13.020945549, 5.30216550827, 0.671522259712, 0.0627637207508, 0.000925997388549, 1.77799506673e-07],
        "max": [5.64904260635, 32.2017631531, 72.3889007568, 83.5943374634, 194.196731567, 150.970809937, 193.426712036, 217.389541626, 387.129547119, 462.72088623, 1605.05517578, 3046.98974609, 1144.26647949, 1209.53369141, 851.771240234, 572.136230469, 404.072357178, 911.864257812, 705.773498535, 474.937591553, 632.401794434, 303.963653564, 177.507781982, 137.321380615, 271.749938965, 451.738586426, 373.283050537, 820.04095459, 223.243438721, 148.113616943, 140.502746582, 87.787109375, 52.2970542908, 43.2433815002, 25.9996032715, 18.2997760773, 6.41074371338, 2.37710022926, 0.300320953131, 0.0040671499446],
        "mean": [0.795897781849, 3.46871781349, 5.48316907883, 7.1284122467, 9.77293109894, 9.60900497437, 11.8894128799, 12.9452352524, 15.5999412537, 14.697016716, 41.3105659485, 37.3487205505, 29.2762622833, 28.6258354187, 20.8974056244, 25.5811901093, 22.3722076416, 21.0368766785, 27.7966690063, 21.3236179352, 22.3153362274, 16.7853755951, 13.0796175003, 11.5563011169, 13.9767217636, 15.3745059967, 15.9264192581, 16.5821228027, 11.3355827332, 9.0780506134, 6.70730304718, 4.5495762825, 3.58355236053, 2.51595592499, 1.55260586739, 0.839234769344, 0.29849383235, 0.083319760859, 0.00809480156749, 0.000170564104337],
        "median": [0.223922818899, 1.83048570156, 2.31629395485, 3.09190416336, 3.53721022606, 4.77594852448, 6.32279109955, 6.18100547791, 7.4191865921, 6.3495221138, 10.3639678955, 11.1919231415, 11.6361656189, 9.27761173248, 7.94281482697, 10.7679948807, 9.12142467499, 9.6290512085, 12.3800868988, 10.6197319031, 10.992808342, 8.60348892212, 6.53980922699, 5.94264507294, 6.54697227478, 5.89708614349, 5.33287906647, 4.16228675842, 3.81931257248, 3.20129823685, 2.52191734314, 1.76900482178, 1.29443001747, 0.908096194267, 0.543221950531, 0.253017634153, 0.0878329351544, 0.02008324489, 0.000985493184999, 8.17609325168e-05],
        "min": [2.20838593813e-22, 2.16215540742e-21, 1.52557808946e-20, 2.78815184134e-20, 1.9808414965e-20, 6.45736671108e-20, 8.3792975999e-20, 1.9033932543e-19, 4.21025289965e-19, 6.08488120664e-19, 4.54911338295e-19, 8.07433639982e-19, 9.08194681746e-19, 1.34487904354e-18, 1.37174607664e-18, 2.31444204814e-18, 2.49158443068e-18, 3.48250234356e-18, 2.39660858672e-18, 4.31924475041e-18, 5.11460827429e-18, 7.13585139802e-18, 7.15374910493e-18, 7.90017538301e-18, 7.69824653341e-18, 1.00275788666e-17, 9.61862077171e-18, 1.24378086364e-17, 1.60905637752e-17, 1.20329823087e-17, 1.43825416894e-17, 1.48526102335e-17, 9.99422611708e-18, 8.28242877896e-18, 8.2054877471e-18, 5.05384193213e-18, 2.65825801539e-18, 1.10643265145e-18, 2.69172274444e-19, 2.78236933187e-20],
        "var": [1.6446378231, 23.198846817, 75.4739837646, 112.103927612, 274.522644043, 197.862808228, 272.901489258, 304.601257324, 592.829345703, 731.624084473, 8844.54199219, 10947.859375, 4095.26806641, 5371.75292969, 2227.37719727, 1609.36962891, 1238.04907227, 1113.09887695, 1537.36950684, 852.267211914, 1206.84094238, 582.812683105, 298.791870117, 220.470748901, 419.758087158, 850.942077637, 924.283813477, 1505.31115723, 321.493743896, 190.62411499, 112.289993286, 47.4134788513, 37.5220298767, 19.3787975311, 7.92606830597, 2.9419400692, 0.386654287577, 0.0314577780664, 0.000385610415833, 8.39569622713e-08]
    },
    "gfcc": {
        "mean": [-1.95300018787, 72.1287689209, -86.114440918, 32.8292961121, -47.4504737854, 19.6304187775, -27.7885246277, 11.4243373871, -19.4104804993, 7.32394361496, -19.6146068573, 1.60702097416, -11.0206079483],
        "cov": [[16439.8359375, -1771.58483887, -1395.54870605, -126.097724915, -328.943725586, 307.444580078, -683.946411133, -75.4930877686, -292.313201904, 430.148284912, -299.842376709, 209.137542725, -309.611358643], [-1771.58483887, 2974.75146484, 118.584007263, 51.6691131592, 123.902885437, -600.407714844, 30.8605594635, -263.167694092, 113.195831299, -265.527740479, 216.056716919, -112.785751343, 215.767822266], [-1395.54870605, 118.584007263, 1914.7545166, 390.330383301, 253.119445801, 181.201141357, 102.912002563, 69.0701599121, 123.886459351, 152.492752075, 28.9344081879, 63.5080718994, -32.3389320374], [-126.097724915, 51.6691131592, 390.330383301, 500.040771484, 436.185638428, 232.229675293, 98.326965332, 46.9961738586, 66.9024200439, 39.2699432373, 16.9088573456, -23.7936553955, 22.3434238434], [-328.943725586, 123.902885437, 253.119445801, 436.185638428, 761.275756836, 350.66973877, 177.328430176, 57.9841117859, 111.43183136, 48.3814697266, 43.2837409973, -43.0256881714, 72.1936950684], [307.444580078, -600.407714844, 181.201141357, 232.229675293, 350.66973877, 501.072753906, 150.008499146, 163.50730896, 36.8401374817, 103.766647339, -15.6350564957, 21.3401489258, -32.4300765991], [-683.946411133, 30.8605594635, 102.912002563, 98.326965332, 177.328430176, 150.008499146, 226.571090698, 96.7589263916, 80.1349945068, 13.8781309128, 27.3183937073, -9.73394203186, 24.8485202789], [-75.4930877686, -263.167694092, 69.0701599121, 46.9961738586, 57.9841117859, 163.50730896, 96.7589263916, 165.010482788, 53.3175773621, 64.2753829956, 10.1727161407, 27.8616886139, -12.7233495712], [-292.313201904, 113.195831299, 123.886459351, 66.9024200439, 111.43183136, 36.8401374817, 80.1349945068, 53.3175773621, 137.862289429, 74.0055007935, 63.3039283752, 11.0283575058, 28.1659812927], [430.148284912, -265.527740479, 152.492752075, 39.2699432373, 48.3814697266, 103.766647339, 13.8781309128, 64.2753829956, 74.0055007935, 155.841537476, 40.1130523682, 53.1041259766, -16.647102356], [-299.842376709, 216.056716919, 28.9344081879, 16.9088573456, 43.2837409973, -15.6350564957, 27.3183937073, 10.1727161407, 63.3039283752, 40.1130523682, 109.001663208, 31.8519325256, 35.1651344299], [209.137542725, -112.785751343, 63.5080718994, -23.7936553955, -43.0256881714, 21.3401489258, -9.73394203186, 27.8616886139, 11.0283575058, 53.1041259766, 31.8519325256, 86.7089004517, 16.9304065704], [-309.611358643, 215.767822266, -32.3389320374, 22.3434238434, 72.1936950684, -32.4300765991, 24.8485202789, -12.7233495712, 28.1659812927, -16.647102356, 35.1651344299, 16.9304065704, 87.5910873413]],
        "icov": [[0.000117547344416, -9.58354503382e-05, 0.000162486627232, -0.000110316570499, -1.05525387539e-07, -0.000128562794998, 0.000249579752563, 0.00011611811351, 0.000109907239676, -0.000614307646174, 0.000580042076763, -0.000452524109278, 0.000340763042914], [-9.58354503382e-05, 0.00103740207851, -0.000335290329531, 4.48520040663e-05, -0.000308909831801, 0.00106975540984, -0.000340810132911, 0.000275532744126, -0.000680701283272, 0.00208148523234, -0.00230713537894, 0.00113411305938, -0.000920571270399], [0.000162486627232, -0.000335290329531, 0.000998509349301, -0.000817477295641, 9.80186378001e-05, -0.000162564159837, 3.81825884688e-05, 0.000382037163945, -0.000158262409968, -0.00146428402513, 0.00156517187133, -0.00173733744305, 0.001361190225], [-0.000110316570499, 4.48520040663e-05, -0.000817477295641, 0.0048389271833, -0.00234790123068, -0.000416476977989, 0.000416479539126, -0.000487180688651, -0.000281661981717, 0.00106143800076, -0.00060273631243, 0.00101988867391, -0.000107388543256], [-1.05525387539e-07, -0.000308909831801, 9.80186378001e-05, -0.00234790123068, 0.00500247674063, -0.00346930255182, -0.000358780118404, 0.00195625587367, -0.0012377013918, -0.000867734604981, -0.000233022103203, 0.00308469613083, -0.00389556447044], [-0.000128562794998, 0.00106975540984, -0.000162564159837, -0.000416476977989, -0.00346930255182, 0.00817893911153, -0.00268325116485, -0.00377051648684, 0.00321823218837, -0.000774911488406, -0.000800002890173, -0.00123412744142, 0.00243533309549], [0.000249579752563, -0.000340810132911, 3.81825884688e-05, 0.000416479539126, -0.000358780118404, -0.00268325116485, 0.0100276609883, -0.00346165872179, -0.00451707653701, 0.00273273186758, 0.000544985174201, 0.00061467604246, -0.00078142946586], [0.00011611811351, 0.000275532744126, 0.000382037163945, -0.000487180688651, 0.00195625587367, -0.00377051648684, -0.00346165872179, 0.013751598075, -0.0040718219243, -0.00080097548198, 0.00111909164116, -0.00288745481521, 0.00123416748829], [0.000109907239676, -0.000680701283272, -0.000158262409968, -0.000281661981717, -0.0012377013918, 0.00321823218837, -0.00451707653701, -0.0040718219243, 0.021414982155, -0.0121895745397, -0.0041249236092, 0.00523898936808, -0.00357919279486], [-0.000614307646174, 0.00208148523234, -0.00146428402513, 0.00106143800076, -0.000867734604981, -0.000774911488406, 0.00273273186758, -0.00080097548198, -0.0121895745397, 0.0234404243529, -0.0072435317561, -0.00498457299545, 0.00367266242392], [0.000580042076763, -0.00230713537894, 0.00156517187133, -0.00060273631243, -0.000233022103203, -0.000800002890173, 0.000544985174201, 0.00111909164116, -0.0041249236092, -0.0072435317561, 0.0221525728703, -0.00934615172446, 0.00123170192819], [-0.000452524109278, 0.00113411305938, -0.00173733744305, 0.00101988867391, 0.00308469613083, -0.00123412744142, 0.00061467604246, -0.00288745481521, 0.00523898936808, -0.00498457299545, -0.00934615172446, 0.0268320832402, -0.0129542043433], [0.000340763042914, -0.000920571270399, 0.001361190225, -0.000107388543256, -0.00389556447044, 0.00243533309549, -0.00078142946586, 0.00123416748829, -0.00357919279486, 0.00367266242392, 0.00123170192819, -0.0129542043433, 0.0237905904651]]
    },
    "melbands": {
        "dmean": [0.00224986323155, 0.00188571144827, 0.00082173285773, 0.000430159328971, 0.00023462131503, 0.0001586284925, 0.000130745364004, 0.000119256976177, 0.000180527727935, 0.000138461196912, 8.84579785634e-05, 7.34015120543e-05, 4.74658372696e-05, 4.15097019868e-05, 3.1092469726e-05, 2.51761630352e-05, 2.88554801955e-05, 3.28801834257e-05, 1.70137809619e-05, 1.86600918823e-05, 2.00396534638e-05, 1.47010805449e-05, 9.34798026719e-06, 6.4814689722e-06, 5.45268949281e-06, 6.43810108159e-06, 6.88187265041e-06, 6.84077213009e-06, 8.20634340926e-06, 7.27246788301e-06, 7.5581388046e-06, 4.31600301454e-06, 3.59046111953e-06, 3.44111572304e-06, 2.85785790766e-06, 2.27405212172e-06, 1.86159456916e-06, 1.97064741769e-06, 1.90597393157e-06, 1.62588059993e-06],
        "dmean2": [0.00307290651836, 0.00310132838786, 0.0013913923176, 0.000638046360109, 0.00036727040424, 0.000255155056948, 0.000201938557439, 0.000185738055734, 0.0002855429193, 0.000222684335313, 0.000140011121402, 0.000118870193546, 7.75001753937e-05, 6.74174225423e-05, 5.08235643792e-05, 4.14139321947e-05, 4.8225178034e-05, 5.34283935849e-05, 2.78186998912e-05, 3.09748393192e-05, 3.3267744584e-05, 2.4680795832e-05, 1.54273457156e-05, 1.0648256648e-05, 8.9137984105e-06, 1.06033257907e-05, 1.04458240457e-05, 1.08370177259e-05, 1.34579850055e-05, 1.15270195238e-05, 1.23118315969e-05, 6.93283027431e-06, 5.71889586354e-06, 5.57784233024e-06, 4.60286355519e-06, 3.59150362783e-06, 2.91262131213e-06, 3.06974584419e-06, 3.04673835672e-06, 2.50825996773e-06],
        "dvar": [1.89497040992e-05, 1.80625393114e-05, 2.91557580567e-06, 6.13853899267e-07, 1.82907911039e-07, 7.01686744264e-08, 6.50255458368e-08, 9.33380306378e-08, 2.23255000265e-07, 2.33831215724e-07, 5.08588300363e-08, 3.88883663049e-08, 1.62429980577e-08, 8.5539078043e-09, 3.56572082971e-09, 2.07280326237e-09, 3.98702271198e-09, 3.40139050259e-09, 8.88880580252e-10, 1.14129139472e-09, 2.00421590435e-09, 7.92151011453e-10, 2.67862981795e-10, 1.04083699992e-10, 8.41817657249e-11, 1.12246857642e-10, 1.99300395631e-10, 2.31605248868e-10, 3.79952957985e-10, 3.32187860552e-10, 5.64474356146e-10, 8.06073749415e-11, 4.38861759433e-11, 4.55480202166e-11, 3.38369124386e-11, 1.95418820015e-11, 1.2964178342e-11, 1.51449859598e-11, 1.75781160461e-11, 1.15717444307e-11],
        "dvar2": [3.31924020429e-05, 4.89683407068e-05, 7.99633653514e-06, 1.35560151193e-06, 4.30615671121e-07, 1.79635975428e-07, 1.5921210661e-07, 2.10423920066e-07, 5.44831152638e-07, 6.27230690498e-07, 1.1311278314e-07, 8.62017941472e-08, 3.71438204638e-08, 1.99840108905e-08, 8.51736281504e-09, 5.16292208985e-09, 1.02213428832e-08, 8.54924664395e-09, 2.10973283288e-09, 3.01206681819e-09, 5.12706543887e-09, 2.04501682255e-09, 6.81162792837e-10, 2.63049360072e-10, 2.05707575973e-10, 2.74915673559e-10, 3.68838903864e-10, 4.96698793206e-10, 8.81312633982e-10, 7.82660714016e-10, 1.45843614963e-09, 1.9625577552e-10, 1.05359096447e-10, 1.12885131798e-10, 8.30112090178e-11, 4.61627229498e-11, 3.1432943054e-11, 3.51492099315e-11, 4.21359232228e-11, 2.72222851899e-11],
        "max": [0.0434544570744, 0.0361857488751, 0.0140016069636, 0.0119778392836, 0.00590479653329, 0.00449033454061, 0.00536059448496, 0.00755018508062, 0.0112551795319, 0.0186815019697, 0.0057405740954, 0.00485465535894, 0.00316424178891, 0.00305469939485, 0.00188343529589, 0.0010637837695, 0.00204103579745, 0.00126607425045, 0.00108566088602, 0.000525406911038, 0.000771138991695, 0.00039975848631, 0.000235428989981, 0.000136263581226, 0.000127892431919, 0.000125182617921, 0.00035516844946, 0.000312565796776, 0.000256871571764, 0.000335452263243, 0.000464382814243, 0.00012272738968, 0.00010742664017, 7.20434327377e-05, 8.09214470792e-05, 6.86199491611e-05, 4.98239569424e-05, 3.83998449252e-05, 4.22671764682e-05, 3.46276865457e-05],
        "mean": [0.00609549274668, 0.00345069239847, 0.00129973387811, 0.000745141995139, 0.000403284822823, 0.000287316564936, 0.000230373014347, 0.00018594606081, 0.0003351328196, 0.00022293686925, 0.000142533768667, 0.000118399948406, 6.7667933763e-05, 6.82429526933e-05, 5.420033267e-05, 4.26098777098e-05, 4.00335302402e-05, 4.73650979984e-05, 2.8017513614e-05, 2.81657048617e-05, 2.69329611911e-05, 1.90604205272e-05, 1.31644455905e-05, 1.06164588942e-05, 9.01197927305e-06, 9.61716250458e-06, 1.07035202745e-05, 9.776220395e-06, 1.03581242001e-05, 9.42925908021e-06, 9.27181645238e-06, 6.26530663794e-06, 5.790999694e-06, 4.76582272313e-06, 3.94206108467e-06, 3.25319501826e-06, 2.57619808508e-06, 2.51776873483e-06, 2.3088771286e-06, 2.07245398087e-06],
        "median": [0.00243088277057, 0.00215785671026, 0.000559309613891, 0.000308300048346, 0.000233036233112, 0.000141215045005, 0.000107469386421, 7.22687400412e-05, 8.10416240711e-05, 6.34353564237e-05, 5.4403571994e-05, 3.58733304893e-05, 1.97295157705e-05, 2.77778581221e-05, 2.34006365645e-05, 1.60320123541e-05, 1.5682868252e-05, 1.94336971617e-05, 1.41770133268e-05, 1.24187445181e-05, 1.24189009512e-05, 9.05570141185e-06, 5.8562313825e-06, 5.19197146787e-06, 4.39801169705e-06, 4.63800006401e-06, 4.07065044783e-06, 3.56734744855e-06, 3.13426266985e-06, 2.81292318505e-06, 2.14285023503e-06, 2.06492268262e-06, 1.94744825421e-06, 1.60386412063e-06, 1.48297408487e-06, 1.19837272905e-06, 9.95227424028e-07, 9.06352056518e-07, 7.8118773672e-07, 7.40735913496e-07],
        "min": [2.27833442392e-24, 6.74865929023e-24, 4.69803193319e-24, 3.055603807e-24, 3.17296086893e-24, 4.26588801285e-24, 7.32102047546e-24, 6.35207800836e-24, 5.16991511606e-24, 5.62658511637e-24, 4.49627957339e-24, 4.92987618108e-24, 4.38010442231e-24, 4.60867686959e-24, 5.53946134584e-24, 4.37744556663e-24, 5.97988041708e-24, 3.45615897568e-24, 5.39700805472e-24, 7.20901090439e-24, 5.93784990805e-24, 6.31486507288e-24, 6.74439076388e-24, 3.25409067708e-24, 6.56493082439e-24, 5.2920477447e-24, 6.66061294688e-24, 6.01457925285e-24, 5.32420723722e-24, 7.06760127624e-24, 6.48978117355e-24, 7.84574629492e-24, 6.58828031833e-24, 6.33158892407e-24, 8.12899942472e-24, 6.91648392579e-24, 8.16780585923e-24, 6.04788929901e-24, 7.696866154e-24, 6.89247809959e-24],
        "var": [8.060647815e-05, 2.08460387512e-05, 3.39696043739e-06, 1.30697856093e-06, 2.8744454994e-07, 1.41607614523e-07, 1.28037513036e-07, 1.50967991885e-07, 5.8340964415e-07, 4.18132174218e-07, 1.04920438559e-07, 9.54976684397e-08, 2.9042716676e-08, 1.55573989247e-08, 7.04673874807e-09, 5.04461361572e-09, 5.05429742503e-09, 5.02210451003e-09, 1.5655378105e-09, 1.61050828229e-09, 2.01271510569e-09, 8.50155168486e-10, 3.60813240396e-10, 1.88518409217e-10, 1.50784065789e-10, 1.65037136735e-10, 4.38437841588e-10, 3.80121323307e-10, 4.80788575619e-10, 3.54479445797e-10, 5.19091991613e-10, 1.04642863819e-10, 7.551809178e-11, 5.75204710251e-11, 4.0979435123e-11, 2.58860710645e-11, 1.59289994389e-11, 1.81055830051e-11, 1.82645894936e-11, 1.3783966156e-11]
    },
    "mfcc": {
        "mean": [-654.190734863, 110.505958557, 18.3186206818, 24.4656887054, 8.39889907837, 13.0926933289, 4.22419548035, 6.20266866684, 7.82548093796, 6.55503463745, 1.73661828041, 0.935506701469, 0.259698927402],
        "cov": [[14126.0693359, -1717.78833008, -1647.50939941, -813.378051758, -409.779754639, 0.854663729668, -356.574707031, -352.452209473, -216.522216797, -171.6796875, -103.31993103, 56.6799354553, -14.1519956589], [-1717.78833008, 2279.46337891, 186.078704834, 386.929473877, -27.3581562042, -222.438217163, -162.000289917, -101.86391449, -127.431045532, -102.03477478, -85.2712936401, -77.2619934082, -30.1298370361], [-1647.50939941, 186.078704834, 1324.12792969, 265.341186523, 154.502334595, 83.837348938, 8.30873012543, 13.3979377747, 72.7693710327, -9.93525028229, 118.176856995, 118.850669861, 44.1704406738], [-813.378051758, 386.929473877, 265.341186523, 411.111175537, 254.453216553, 128.620361328, 62.3421936035, 26.5247058868, 60.1691017151, 37.4174957275, 14.2944326401, 21.090883255, 25.5880832672], [-409.779754639, -27.3581562042, 154.502334595, 254.453216553, 514.895629883, 328.46081543, 210.373657227, 99.5956573486, 136.807495117, 101.096862793, 60.1210098267, 62.4745674133, 50.5819740295], [0.854663729668, -222.438217163, 83.837348938, 128.620361328, 328.46081543, 347.770477295, 209.480789185, 114.390007019, 135.225708008, 98.3203125, 75.0851287842, 71.5559463501, 43.1375694275], [-356.574707031, -162.000289917, 8.30873012543, 62.3421936035, 210.373657227, 209.480789185, 236.870529175, 150.771102905, 120.642120361, 93.6870651245, 50.8616256714, 28.7757453918, 27.4752388], [-352.452209473, -101.86391449, 13.3979377747, 26.5247058868, 99.5956573486, 114.390007019, 150.771102905, 163.498153687, 99.1277313232, 75.5609970093, 44.1644363403, 18.6057262421, 21.8673095703], [-216.522216797, -127.431045532, 72.7693710327, 60.1691017151, 136.807495117, 135.225708008, 120.642120361, 99.1277313232, 152.345916748, 87.1700210571, 56.1682090759, 40.6714935303, 28.3304977417], [-171.6796875, -102.03477478, -9.93525028229, 37.4174957275, 101.096862793, 98.3203125, 93.6870651245, 75.5609970093, 87.1700210571, 120.32649231, 69.883934021, 38.0286102295, 27.4530487061], [-103.31993103, -85.2712936401, 118.176856995, 14.2944326401, 60.1210098267, 75.0851287842, 50.8616256714, 44.1644363403, 56.1682090759, 69.883934021, 117.527709961, 86.8525695801, 41.8454666138], [56.6799354553, -77.2619934082, 118.850669861, 21.090883255, 62.4745674133, 71.5559463501, 28.7757453918, 18.6057262421, 40.6714935303, 38.0286102295, 86.8525695801, 114.164428711, 56.5122413635], [-14.1519956589, -30.1298370361, 44.1704406738, 25.5880832672, 50.5819740295, 43.1375694275, 27.4752388, 21.8673095703, 28.3304977417, 27.4530487061, 41.8454666138, 56.5122413635, 67.4361877441]],
