{
"lowlevel": {
    "average_loudness": 0.839021623135,
    "barkbands_crest": {
        "dmean": 2.52065420151,
        "dmean2": 3.84492516518,
        "dvar": 6.59443044662,
        "dvar2": 13.3013448715,
        "max": 25.788734436,
        "mean": 10.57954216,
        "median": 9.31318759918,
        "min": 2.62222743034,
        "var": 23.9588222504
    },
    "barkbands_flatness_db": {
        "dmean": 0.02221849747,
        "dmean2": 0.0327984541655,
        "dvar": 0.000604918343015,
        "dvar2": 0.00127448467538,
        "max": 0.398615300655,
        "mean": 0.133762314916,
        "median": 0.119923330843,
        "min": 0.0195091906935,
        "var": 0.00324899796396
    },
    "barkbands_kurtosis": {
        "dmean": 3.20213222504,
        "dmean2": 4.89776945114,
        "dvar": 50.365901947,
        "dvar2": 118.020935059,
        "max": 141.14491272,
        "mean": 5.07556533813,
        "median": 2.16087818146,
        "min": -1.91983318329,
        "var": 91.5378952026
    },
    "barkbands_skewness": {
        "dmean": 0.51860332489,
        "dmean2": 0.776161432266,
        "dvar": 0.464847624302,
        "dvar2": 0.986105501652,
        "max": 10.7315149307,
        "mean": 1.72719228268,
        "median": 1.44397187233,
        "min": -2.98018598557,
        "var": 1.49974298477
    },
    "barkbands_spread": {
        "dmean": 5.21762132645,
        "dmean2": 7.99292850494,
        "dvar": 42.7409515381,
        "dvar2": 90.3002243042,
        "max": 103.910018921,
        "mean": 21.1282482147,
        "median": 20.4806976318,
        "min": 0.835162818432,
        "var": 123.637313843
    },
    "dissonance": {
        "dmean": 0.018440881744,
        "dmean2": 0.0307358521968,
        "dvar": 0.000256220053416,
        "dvar2": 0.000694046902936,
        "max": 0.500000059605,
        "mean": 0.460389405489,
        "median": 0.464331179857,
        "min": 0.318620175123,
        "var": 0.000615857890807
    },
    "dynamic_complexity": 3.25790190697,
    "erbbands_crest": {
        "dmean": 2.8360812664,
        "dmean2": 4.48915910721,
        "dvar": 6.90029811859,
        "dvar2": 16.1262626648,
        "max": 29.7495536804,
        "mean": 10.0265130997,
        "median": 8.92678928375,
        "min": 2.48188209534,
        "var": 21.4209060669
    },
    "erbbands_flatness_db": {
        "dmean": 0.0150753222406,
        "dmean2": 0.0211115721613,
        "dvar": 0.000207510049222,
        "dvar2": 0.000368780805729,
        "max": 0.364254921675,
        "mean": 0.155549898744,
        "median": 0.150412648916,
        "min": 0.0594363957644,
        "var": 0.00197372515686
    },
    "erbbands_kurtosis": {
        "dmean": 0.797475576401,
        "dmean2": 1.25179123878,
        "dvar": 1.00345385075,
        "dvar2": 2.19286441803,
        "max": 25.5215435028,
        "mean": 0.370288640261,
        "median": -0.0788521766663,
        "min": -1.80234253407,
        "var": 3.12805128098
    },
    "erbbands_skewness": {
        "dmean": 0.345159441233,
        "dmean2": 0.524376869202,
        "dvar": 0.103677071631,
        "dvar2": 0.226518556476,
        "max": 4.60316228867,
        "mean": 0.635023057461,
        "median": 0.588209211826,
        "min": -3.21758699417,
        "var": 0.421479552984
    },
    "erbbands_spread": {
        "dmean": 7.78541755676,
        "dmean2": 11.5016794205,
        "dvar": 85.3107757568,
        "dvar2": 179.488021851,
        "max": 146.341629028,
        "mean": 39.2654037476,
        "median": 36.455581665,
        "min": 4.35600662231,
        "var": 268.825653076
    },
    "hfc": {
        "dmean": 5.76102733612,
        "dmean2": 8.94988918304,
        "dvar": 63.3335914612,
        "dvar2": 158.307189941,
        "max": 109.328987122,
        "mean": 23.8096351624,
        "median": 20.8122959137,
        "min": 1.0727734481e-16,
        "var": 326.267883301
    },
    "melbands_crest": {
        "dmean": 3.043415308,
        "dmean2": 4.78048467636,
        "dvar": 9.44135570526,
        "dvar2": 20.9184818268,
        "max": 33.4391937256,
        "mean": 14.609913826,
        "median": 13.1277561188,
        "min": 1.61331164837,
        "var": 39.9070510864
    },
    "melbands_flatness_db": {
        "dmean": 0.0263043660671,
        "dmean2": 0.0390243083239,
        "dvar": 0.000945336418226,
        "dvar2": 0.00205464079045,
        "max": 0.51830470562,
        "mean": 0.195842012763,
        "median": 0.182583644986,
        "min": 0.00413207197562,
        "var": 0.00464866030961
    },
    "melbands_kurtosis": {
        "dmean": 8.2318983078,
        "dmean2": 12.5006313324,
        "dvar": 359.724060059,
        "dvar2": 786.98651123,
        "max": 348.149291992,
        "mean": 15.0911502838,
        "median": 7.22260665894,
        "min": -1.90477991104,
        "var": 613.225830078
    },
    "melbands_skewness": {
        "dmean": 0.732211172581,
        "dmean2": 1.07995140553,
        "dvar": 1.05110347271,
        "dvar2": 2.07903432846,
        "max": 16.1954116821,
        "mean": 2.68469977379,
        "median": 2.19492578506,
        "min": -0.301762342453,
        "var": 3.15608215332
    },
    "melbands_spread": {
        "dmean": 6.07275629044,
        "dmean2": 9.40434074402,
        "dvar": 67.3603591919,
        "dvar2": 142.100402832,
        "max": 246.558990479,
        "mean": 21.8332805634,
        "median": 20.2452163696,
        "min": 0.753902316093,
        "var": 236.547225952
    },
    "pitch_salience": {
        "dmean": 0.0701924338937,
        "dmean2": 0.111136697233,
        "dvar": 0.00603858521208,
        "dvar2": 0.0140166999772,
        "max": 0.947839081287,
        "mean": 0.528279185295,
        "median": 0.535458683968,
        "min": 0.0788365900517,
        "var": 0.0165376961231
    },
    "silence_rate_20dB": {
        "dmean": 0,
        "dmean2": 0,
        "dvar": 0,
        "dvar2": 0,
        "max": 1,
        "mean": 1,
        "median": 1,
        "min": 1,
        "var": 0
    },
    "silence_rate_30dB": {
        "dmean": 0,
        "dmean2": 0,
        "dvar": 0,
        "dvar2": 0,
        "max": 1,
        "mean": 1,
        "median": 1,
        "min": 1,
        "var": 0
    },
    "silence_rate_60dB": {
        "dmean": 0.0169082116336,
        "dmean2": 0.0338205099106,
        "dvar": 0.0166221372783,
        "dvar2": 0.0358111038804,
        "max": 1,
        "mean": 0.0682284757495,
        "median": 0,
        "min": 0,
        "var": 0.0635785087943
    },
    "spectral_centroid": {
        "dmean": 256.459289551,
        "dmean2": 401.970581055,
        "dvar": 86309.3359375,
        "dvar2": 191925.609375,
        "max": 11704.0488281,
        "mean": 1354.48010254,
        "median": 1296.45007324,
        "min": 222.814926147,
        "var": 766610.0625
    },
    "spectral_complexity": {
        "dmean": 4.05314016342,
        "dmean2": 6.47590303421,
        "dvar": 20.0263996124,
        "dvar2": 45.6951560974,
        "max": 56,
        "mean": 20.1901950836,
        "median": 20,
        "min": 0,
        "var": 107.027336121
    },
    "spectral_decrease": {
        "dmean": 1.62309332641e-09,
        "dmean2": 2.41333797391e-09,
        "dvar": 4.27463283202e-18,
        "dvar2": 8.98621224209e-18,
        "max": 1.87082511645e-28,
        "mean": -7.9145392462e-09,
        "median": -6.31690300068e-09,
        "min": -2.46398279558e-08,
        "var": 3.3115037623e-17
    },
    "spectral_energy": {
        "dmean": 0.00632841931656,
        "dmean2": 0.00944198388606,
        "dvar": 6.25757966191e-05,
        "dvar2": 0.000131032429636,
        "max": 0.0971010625362,
        "mean": 0.0320308618248,
        "median": 0.0262187961489,
        "min": 1.01773539915e-20,
        "var": 0.000522329006344
    },
    "spectral_energyband_high": {
        "dmean": 0.000406416627811,
        "dmean2": 0.000624941778369,
        "dvar": 5.20470621268e-07,
        "dvar2": 1.21692482935e-06,
        "max": 0.00915718264878,
        "mean": 0.00101131107658,
        "median": 0.000746158650145,
        "min": 6.91566370609e-21,
        "var": 1.16432943287e-06
    },
    "spectral_energyband_low": {
        "dmean": 0.00436392892152,
        "dmean2": 0.00614380137995,
        "dvar": 8.02336580819e-05,
        "dvar2": 0.000168500031577,
        "max": 0.0798015370965,
        "mean": 0.0118614165112,
        "median": 0.00287810224108,
        "min": 1.93071545074e-23,
        "var": 0.000285177549813
    },
    "spectral_energyband_middle_high": {
        "dmean": 0.00208272505552,
        "dmean2": 0.00333705660887,
        "dvar": 6.96505094311e-06,
        "dvar2": 1.72132131411e-05,
        "max": 0.0427874103189,
        "mean": 0.00623720930889,
        "median": 0.00486750295386,
        "min": 1.21169974102e-21,
        "var": 3.38473473676e-05
    },
    "spectral_energyband_middle_low": {
        "dmean": 0.00438589788973,
        "dmean2": 0.00672273337841,
        "dvar": 2.89394356514e-05,
        "dvar2": 6.3475650677e-05,
        "max": 0.0654055774212,
        "mean": 0.0136154256761,
        "median": 0.0114589156583,
        "min": 1.93293502134e-22,
        "var": 0.000107368898171
    },
    "spectral_entropy": {
        "dmean": 0.15762399137,
        "dmean2": 0.231436789036,
        "dvar": 0.028333902359,
        "dvar2": 0.0571580566466,
        "max": 9.82725143433,
        "mean": 7.60048007965,
        "median": 7.6506934166,
        "min": 5.62698030472,
        "var": 0.215999469161
    },
    "spectral_flux": {
        "dmean": 0.0245045684278,
        "dmean2": 0.0356844812632,
        "dvar": 0.000791739556007,
        "dvar2": 0.00130722974427,
        "max": 0.285193324089,
        "mean": 0.0795080885291,
        "median": 0.0730748921633,
        "min": 6.52876364082e-11,
        "var": 0.00243897712789
    },
    "spectral_kurtosis": {
        "dmean": 1.31960725784,
        "dmean2": 2.13772034645,
        "dvar": 5.965092659,
        "dvar2": 15.2889413834,
        "max": 63.7279205322,
        "mean": 4.37968969345,
        "median": 3.42002296448,
        "min": -1.37289571762,
        "var": 16.6505279541
    },
    "spectral_rms": {
        "dmean": 0.000552762357984,
        "dmean2": 0.000814506958704,
        "dvar": 3.81919818437e-07,
        "dvar2": 7.27717349491e-07,
        "max": 0.00973307434469,
        "mean": 0.00514259003103,
        "median": 0.00505759939551,
        "min": 3.15105146836e-12,
        "var": 4.80338576381e-06
    },
    "spectral_rolloff": {
        "dmean": 469.778961182,
        "dmean2": 794.57043457,
        "dvar": 768107.625,
        "dvar2": 1642154.875,
        "max": 19487.5488281,
        "mean": 1371.59936523,
        "median": 1012.06054688,
        "min": 64.599609375,
        "var": 2930857.5
    },
    "spectral_skewness": {
        "dmean": 0.178320094943,
        "dmean2": 0.278747051954,
        "dvar": 0.050945840776,
        "dvar2": 0.117537640035,
        "max": 6.16631889343,
        "mean": 1.61563587189,
        "median": 1.53682053089,
        "min": -0.261577486992,
        "var": 0.209645688534
    },
    "spectral_spread": {
        "dmean": 568429.375,
        "dmean2": 801466.0625,
        "dvar": 793450053632,
        "dvar2": 1.45684784742e+12,
        "max": 42152940,
        "mean": 5426872,
        "median": 5190212,
        "min": 1198473.125,
        "var": 8.88431601254e+12
    },
    "spectral_strongpeak": {
        "dmean": 0.578124940395,
        "dmean2": 0.972232460976,
        "dvar": 0.760430753231,
        "dvar2": 1.79087424278,
        "max": 11.6158561707,
        "mean": 1.14126229286,
        "median": 0.683983743191,
        "min": 0,
        "var": 1.42171561718
    },
    "zerocrossingrate": {
        "dmean": 0.00973814446479,
        "dmean2": 0.011826149188,
        "dvar": 0.000172982632648,
        "dvar2": 0.000220583562623,
        "max": 0.72900390625,
        "mean": 0.0610313825309,
        "median": 0.05615234375,
        "min": 0.00341796875,
        "var": 0.00192159647122
    },
    "barkbands": {
        "dmean": [0.00016401692119, 0.00371465738863, 0.0017791352002, 0.000860391184688, 0.00121818354819, 0.000870837597176, 0.00186745612882, 0.00130125554278, 0.000665390689392, 0.000678962853272, 0.000757811998483, 0.000442368356744, 0.000357985700248, 0.00028252278571, 0.000358569290256, 0.000234833816648, 0.000252270430792, 0.000176379020559, 0.000215565625695, 0.000145551442984, 0.000107507876237, 7.36722358852e-05, 6.65201223455e-05, 7.92150458437e-05, 7.01342505636e-05, 2.63147940132e-05, 4.83204257762e-06],
        "dmean2": [0.000236258580117, 0.00511230994016, 0.00311308470555, 0.00146388844587, 0.001993737882, 0.0012991722906, 0.00282515073195, 0.00198028585874, 0.00105331547093, 0.00105471129064, 0.00119124387857, 0.000716568203643, 0.000588275142945, 0.00046366112656, 0.00059268984478, 0.000398405391024, 0.000433057313785, 0.000299184204778, 0.000348420726368, 0.000236478474108, 0.000176680026925, 0.000122607350932, 0.000106022678665, 0.000119782409456, 0.000105422084744, 3.93015325244e-05, 7.74137606641e-06],
        "dvar": [1.3100006413e-07, 7.64761207392e-05, 2.81053180515e-05, 6.24105723546e-06, 4.14755686506e-06, 2.23440724767e-06, 1.47208656927e-05, 7.77836521593e-06, 3.25997393702e-06, 2.03551962841e-06, 2.01499096875e-06, 9.48936815348e-07, 7.09324126547e-07, 2.67088978489e-07, 3.59749549261e-07, 1.98125732709e-07, 1.54974742372e-07, 6.49147224863e-08, 1.14980039712e-07, 4.34335269972e-08, 2.61065782325e-08, 2.43387088261e-08, 2.30353549568e-08, 2.32128858357e-08, 2.16003286369e-08, 3.56662788192e-09, 1.88812451785e-10],
        "dvar2": [2.83147215896e-07, 0.000153841276187, 8.24840390123e-05, 1.69987179106e-05, 1.07417035906e-05, 4.95358881381e-06, 3.21087281918e-05, 1.55772158905e-05, 6.85815166435e-06, 4.51340747532e-06, 4.70307895739e-06, 2.25445546675e-06, 1.62416108651e-06, 6.70360577715e-07, 9.14879251468e-07, 5.35924812084e-07, 4.22214185392e-07, 1.74041531409e-07, 3.03111903577e-07, 1.10424224431e-07, 6.50180567163e-08, 6.16640960516e-08, 5.67390401329e-08, 5.17309857173e-08, 4.81247290907e-08, 7.90740095624e-09, 4.62405280732e-10],
        "max": [0.00569389760494, 0.0757410079241, 0.0442024096847, 0.0223166421056, 0.0263515021652, 0.0468499884009, 0.0543924942613, 0.0536508746445, 0.0584031976759, 0.0578288882971, 0.026770837605, 0.0181669443846, 0.034415833652, 0.0116604389623, 0.0167621746659, 0.0108050564304, 0.00857276376337, 0.00386221311055, 0.00853191781789, 0.0031316538807, 0.00297479191795, 0.00221584481187, 0.00259542325512, 0.00336175179109, 0.00371599942446, 0.000978471711278, 0.000178955640877],
        "mean": [0.000329395697918, 0.00852247700095, 0.00246756756678, 0.00109866389539, 0.00246315635741, 0.00231196079403, 0.0036396086216, 0.00263346522115, 0.00114507495891, 0.00117920048069, 0.00128935370594, 0.000718445458915, 0.00054758094484, 0.000443677068688, 0.000581543019507, 0.000349732261384, 0.000380397075787, 0.000300970685203, 0.000467107834993, 0.000314055127092, 0.000223316659685, 0.000128577041323, 0.000113898000563, 0.000174275264726, 0.000152620879817, 4.92454237246e-05, 5.50552022105e-06],
        "median": [1.2557032278e-05, 0.00100905227009, 0.000690666900482, 0.000355781725375, 0.00148395751603, 0.00101202062797, 0.00110174273141, 0.000799480301794, 0.000301386869978, 0.000436230911873, 0.000402278412366, 0.000246054609306, 0.00020753199351, 0.000191070983419, 0.000269723386737, 0.000160196272191, 0.000201402770472, 0.000180459639523, 0.00028869061498, 0.00021980710153, 0.00014797525364, 3.81074059987e-05, 2.79109553958e-05, 0.000120439122838, 0.000100005083368, 1.6658928871e-05, 4.39622823478e-07],
        "min": [1.92521365869e-24, 3.59130820368e-24, 2.40234434429e-24, 7.87045982797e-25, 1.21165784935e-23, 1.328029979e-23, 1.31333799684e-23, 4.81724104331e-24, 2.17435987448e-23, 2.15198241496e-23, 1.76175974641e-23, 2.43268089759e-23, 3.95713171997e-23, 3.35016415346e-23, 6.27131356114e-23, 5.2838644961e-23, 8.06705569986e-23, 8.49784064951e-23, 1.29616397429e-22, 1.91729954576e-22, 2.50305640957e-22, 3.821048102e-22, 3.99471967992e-22, 5.35156876728e-22, 9.09011009652e-22, 1.29180842711e-21, 1.84983353582e-21],
        "var": [4.09012585578e-07, 0.000216614585952, 2.41008201556e-05, 5.48140042156e-06, 8.1509242591e-06, 1.29390809889e-05, 4.43869103037e-05, 2.98868835671e-05, 9.52420214162e-06, 5.3544686125e-06, 5.26794565303e-06, 2.27107216233e-06, 1.4565021047e-06, 5.34996388524e-07, 8.88984686753e-07, 3.16573760983e-07, 2.58067473169e-07, 1.29633590973e-07, 3.73296387579e-07, 1.15623514318e-07, 6.16522086716e-08, 3.98085191478e-08, 3.58343861251e-08, 4.55176589753e-08, 3.95728712022e-08, 6.83049483641e-09, 2.20333667977e-10]
    },
    "erbbands": {
        "dmean": [0.119440831244, 0.883492588997, 1.95618236065, 2.54660391808, 2.9187681675, 4.44646024704, 6.77268505096, 7.4249420166, 19.5504302979, 36.2054824829, 19.9675006866, 17.5720996857, 13.3530502319, 23.5445747375, 30.3186759949, 20.5468673706, 16.62931633, 15.8611164093, 16.5936527252, 15.7193698883, 10.6644582748, 12.4463558197, 9.27909660339, 9.82527256012, 10.8414096832, 7.53885173798, 5.37051200867, 3.23438310623, 2.57658076286, 2.30009841919, 1.89166176319, 1.52036190033, 1.47712385654, 0.95006519556, 0.426760226488, 0.15169891715, 0.0434153974056, 0.00928140990436, 0.000701752549503, 1.6450376279e-05],
        "dmean2": [0.143446967006, 1.23441171646, 3.237803936, 4.31239032745, 4.9605846405, 7.2406744957, 10.3566331863, 11.1824893951, 29.4932689667, 55.2931022644, 30.0049381256, 27.3406143188, 21.0112419128, 36.8718948364, 47.4020729065, 33.2814369202, 27.2590827942, 26.0121631622, 27.5668621063, 26.0922927856, 18.1416549683, 21.4292526245, 15.865146637, 16.1123409271, 17.6028366089, 12.2562446594, 8.74615573883, 5.36380243301, 4.28663682938, 3.7960319519, 3.0252161026, 2.30577111244, 2.28611731529, 1.45409607887, 0.652101814747, 0.230898946524, 0.0647152662277, 0.0139957834035, 0.00113363040145, 2.48198030022e-05],
        "dvar": [0.0647598057985, 4.80984163284, 29.7779369354, 56.3904380798, 47.1704559326, 62.7912826538, 128.957351685, 223.95173645, 2081.01904297, 5841.19189453, 2012.19604492, 2483.49707031, 1559.90283203, 1922.99072266, 3298.91015625, 2186.55859375, 1447.91479492, 849.24798584, 943.535217285, 921.204467773, 328.377349854, 408.825500488, 198.723983765, 223.812484741, 351.778717041, 119.33997345, 61.7110290527, 30.2022380829, 27.997964859, 27.2422466278, 18.6339054108, 9.59013938904, 8.12986183167, 3.92891454697, 0.826072633266, 0.115116894245, 0.0107637336478, 0.000567532086279, 4.44499073637e-06, 1.08401321253e-09],
        "dvar2": [0.0888791680336, 10.3568782806, 83.9070358276, 154.8072052, 126.137031555, 161.175872803, 280.444213867, 479.615997314, 4560.59082031, 12349.5283203, 4086.04663086, 5172.49267578, 3633.55859375, 4273.12255859, 7639.46972656, 5174.09033203, 3411.55224609, 2158.27075195, 2480.31835938, 2320.61987305, 943.513549805, 1128.98144531, 542.87689209, 576.051025391, 938.74987793, 303.607513428, 151.341598511, 76.9947357178, 70.5735931396, 69.9394378662, 45.9673881531, 21.518497467, 18.7204113007, 8.91027832031, 1.84491932392, 0.259272933006, 0.0241136178374, 0.00129629031289, 1.11063591248e-05, 2.54585197368e-09],
        "max": [2.55584144592, 18.1281719208, 47.1390533447, 65.0033340454, 86.6305923462, 109.849884033, 388.158843994, 595.163146973, 841.963623047, 1116.08105469, 1321.27697754, 1611.96154785, 2355.24267578, 1119.81237793, 1321.83691406, 933.102783203, 1435.92956543, 603.40435791, 527.049865723, 1240.17651367, 326.138702393, 380.520782471, 203.287216187, 310.075042725, 553.552490234, 174.102584839, 128.838226318, 84.0520248413, 85.1184692383, 85.2001724243, 95.288192749, 54.6951332092, 68.6779632568, 56.8047485352, 21.5486774445, 8.11292171478, 1.75551378727, 0.323424220085, 0.035498842597, 0.000603978289291],
        "mean": [0.300872832537, 1.68270885944, 3.01882433891, 3.2727162838, 4.69300222397, 8.70417881012, 17.2035961151, 19.221660614, 39.6826896667, 74.2265930176, 41.7299385071, 32.2130050659, 24.1523571014, 42.1969947815, 55.2038612366, 36.1898536682, 27.3616523743, 26.3572616577, 27.6024894714, 26.0641307831, 17.908159256, 19.0658760071, 16.63397789, 20.1900730133, 23.5635433197, 16.8618392944, 11.6369876862, 6.56606340408, 4.62394142151, 3.83990311623, 3.26967406273, 3.0646853447, 3.19330668449, 2.08543372154, 0.86763215065, 0.285741448402, 0.0782706961036, 0.0146261136979, 0.000816742191091, 5.5339129176e-05],
        "median": [0.011437705718, 0.27190965414, 1.03284931183, 1.22373521328, 2.29281449318, 4.72424983978, 7.54447174072, 8.31622695923, 14.3017396927, 21.4588832855, 16.3238201141, 9.57466030121, 10.4945745468, 17.6957473755, 22.1470413208, 13.9539175034, 11.9149589539, 12.1904363632, 13.307847023, 13.0839614868, 9.72061061859, 10.0402288437, 10.7464618683, 13.6312456131, 14.4301395416, 11.3192024231, 8.36684608459, 3.83032417297, 1.52998650074, 0.772225856781, 0.859884083271, 1.68800365925, 2.27040195465, 1.43514811993, 0.486117094755, 0.117694355547, 0.0230795182288, 0.00257935281843, 0.000103771781141, 3.79176963179e-05],
        "min": [1.2334550859e-22, 7.53355550676e-22, 3.40644043021e-21, 6.60157135294e-21, 1.79170067177e-20, 4.51317206221e-20, 5.32930012007e-20, 1.30218184148e-19, 2.14816569107e-19, 1.65593803815e-19, 1.61100222685e-19, 5.75328259365e-19, 7.37967580827e-19, 9.35128509672e-19, 1.01062538758e-18, 1.08120322917e-18, 1.72954997823e-18, 2.3515714975e-18, 3.06155240458e-18, 4.4187458927e-18, 3.82296202547e-18, 4.87953140242e-18, 5.05907674463e-18, 7.75811786615e-18, 7.06228939897e-18, 9.2474755842e-18, 9.85704565711e-18, 9.32729189587e-18, 1.37816049005e-17, 1.35537356669e-17, 9.94936976682e-18, 9.18015052697e-18, 9.19125790823e-18, 8.5943991198e-18, 6.33359249655e-18, 3.67025290387e-18, 2.39306370421e-18, 1.02208587157e-18, 2.58892254737e-19, 2.6835903958e-20],
        "var": [0.275952219963, 9.69678878784, 30.1097145081, 45.642578125, 52.9942016602, 135.140670776, 812.404846191, 1380.32128906, 6224.61425781, 20270.5546875, 7161.82275391, 7283.45849609, 3919.39550781, 5191.32958984, 9249.18652344, 5544.01269531, 3131.22094727, 1734.60498047, 1975.18334961, 2444.94970703, 574.101257324, 653.297729492, 371.435852051, 601.128417969, 1051.01306152, 358.67477417, 156.508575439, 62.0576477051, 48.0797615051, 41.1613731384, 28.9631671906, 18.1616020203, 14.7787103653, 6.97586107254, 1.51080906391, 0.210523948073, 0.0193117205054, 0.000907511683181, 4.9013356147e-06, 2.96896884855e-09]
    },
    "gfcc": {
        "mean": [-0.371709167957, 81.8815765381, -118.102935791, 20.4768486023, -63.8303260803, 10.2538805008, -42.2820243835, 16.8672599792, -31.7043151855, 9.01623535156, -9.39191055298, -4.28309440613, -5.68207597733],
        "cov": [[19001.2832031, -1512.49536133, -209.976303101, 783.288208008, -347.324371338, 1088.5020752, -189.855819702, 1071.15490723, -96.1092987061, 673.643798828, -105.04863739, 308.078125, -466.254150391], [-1512.49536133, 1639.63549805, -127.37297821, -8.66297626495, 215.544815063, -283.425872803, -11.4287929535, -328.070861816, -82.4182052612, -264.74029541, 66.5960388184, -174.354354858, 151.001953125], [-209.976303101, -127.37297821, 748.089782715, 211.439819336, 194.131286621, 242.203491211, 120.686195374, 154.095214844, 124.665565491, 76.0056381226, -8.96647071838, 93.7100906372, -7.01937103271], [783.288208008, -8.66297626495, 211.439819336, 318.464263916, 159.947174072, 174.568908691, 132.315322876, 111.157279968, 126.83026886, 61.3884277344, 16.9063720703, 76.8661193848, -42.6469078064], [-347.324371338, 215.544815063, 194.131286621, 159.947174072, 347.893737793, 148.705673218, 215.389053345, 68.4634170532, 177.832504272, 37.6005477905, 34.6786346436, 72.6839752197, -40.385559082], [1088.5020752, -283.425872803, 242.203491211, 174.568908691, 148.705673218, 374.258728027, 198.54473877, 198.432571411, 173.130279541, 145.368240356, 16.4412250519, 128.132003784, -85.1067352295], [-189.855819702, -11.4287929535, 120.686195374, 132.315322876, 215.389053345, 198.54473877, 358.081207275, 131.251022339, 254.196762085, 125.029067993, 59.1382865906, 125.569129944, -64.2710418701], [1071.15490723, -328.070861816, 154.095214844, 111.157279968, 68.4634170532, 198.432571411, 131.251022339, 321.723968506, 120.712127686, 170.362380981, 45.9502792358, 85.7640075684, -20.8908786774], [-96.1092987061, -82.4182052612, 124.665565491, 126.83026886, 177.832504272, 173.130279541, 254.196762085, 120.712127686, 376.853271484, 134.885147095, 57.7490844727, 173.171234131, -91.4071960449], [673.643798828, -264.74029541, 76.0056381226, 61.3884277344, 37.6005477905, 145.368240356, 125.029067993, 170.362380981, 134.885147095, 212.750793457, 70.3113327026, 89.9614944458, -26.7838287354], [-105.04863739, 66.5960388184, -8.96647071838, 16.9063720703, 34.6786346436, 16.4412250519, 59.1382865906, 45.9502792358, 57.7490844727, 70.3113327026, 121.326843262, 43.1921005249, 22.5943031311], [308.078125, -174.354354858, 93.7100906372, 76.8661193848, 72.6839752197, 128.132003784, 125.569129944, 85.7640075684, 173.171234131, 89.9614944458, 43.1921005249, 186.128356934, -35.2706298828], [-466.254150391, 151.001953125, -7.01937103271, -42.6469078064, -40.385559082, -85.1067352295, -64.2710418701, -20.8908786774, -91.4071960449, -26.7838287354, 22.5943031311, -35.2706298828, 164.000259399]],
        "icov": [[0.000168735248735, -0.00024707938428, 0.000288534531137, -0.000424114667112, 0.000315977464197, -0.0004701539292, 0.000492402003147, -0.000547995849047, 0.000435812864453, -0.00056932575535, 0.000505566014908, -0.000506006763317, 0.000537715503015], [-0.00024707938428, 0.00194793066476, -0.000288339797407, 0.000265441020019, -0.00170962174889, 0.00105194712523, -0.000999534851871, 0.00182922894601, -0.00115028244909, 0.00228809681721, -0.00240143318661, 0.00219866563566, -0.00193684513215], [0.000288534531137, -0.000288339797407, 0.00254583056085, -0.00136539444793, -0.000367808883311, -0.00168768095318, 0.00138447037898, -0.00112376338802, 0.000567363866139, -0.000903802050743, 0.00147925748024, -0.00100663548801, 2.1065459805e-05], [-0.000424114667112, 0.000265441020019, -0.00136539444793, 0.00623039575294, -0.00180156750139, -4.55366753158e-05, -0.00106566841714, 0.000527628872078, -0.00122113095131, 0.00165726803243, -0.0011264954228, 0.000719538191333, -0.000806141702924], [0.000315977464197, -0.00170962174889, -0.000367808883311, -0.00180156750139, 0.00767924915999, -0.00173791241832, -0.00161399820354, -0.00161592406221, -1.68782262335e-05, -5.71205055167e-05, 0.000943032850046, -0.00100349658169, 0.00177454855293], [-0.0004701539292, 0.00105194712523, -0.00168768095318, -4.55366753158e-05, -0.00173791241832, 0.00845657009631, -0.00300377025269, 1.11299414129e-05, -0.000139523603139, -6.07650190432e-06, -0.000182909017894, -0.0002600857988, 0.000285968766548], [0.000492402003147, -0.000999534851871, 0.00138447037898, -0.00106566841714, -0.00161399820354, -0.00300377025269, 0.0090987496078, -0.00195896532387, -0.0015270144213, -0.00292240758426, 0.00111122976523, -0.00166295876261, 0.00162323354743], [-0.000547995849047, 0.00182922894601, -0.00112376338802, 0.000527628872078, -0.00161592406221, 1.11299414129e-05, -0.00195896532387, 0.00893119070679, -0.00161720789038, -0.00122771889437, -0.0025188352447, 0.00285211182199, -0.00331674027257], [0.000435812864453, -0.00115028244909, 0.000567363866139, -0.00122113095131, -1.68782262335e-05, -0.000139523603139, -0.0015270144213, -0.00161720789038, 0.00921502243727, -0.00369365490042, 0.00177411176264, -0.0061262534, 0.00409476971254], [-0.00056932575535, 0.00228809681721, -0.000903802050743, 0.00165726803243, -5.71205055167e-05, -6.07650190432e-06, -0.00292240758426, -0.00122771889437, -0.00369365490042, 0.0153316166252, -0.00778043875471, 0.00277074961923, -0.00253896065988], [0.000505566014908, -0.00240143318661, 0.00147925748024, -0.0011264954228, 0.000943032850046, -0.000182909017894, 0.00111122976523, -0.0025188352447, 0.00177411176264, -0.00778043875471, 0.015729220584, -0.00469730654731, 0.00021165504586], [-0.000506006763317, 0.00219866563566, -0.00100663548801, 0.000719538191333, -0.00100349658169, -0.0002600857988, -0.00166295876261, 0.00285211182199, -0.0061262534, 0.00277074961923, -0.00469730654731, 0.0136711737141, -0.00336413085461], [0.000537715503015, -0.00193684513215, 2.1065459805e-05, -0.000806141702924, 0.00177454855293, 0.000285968766548, 0.00162323354743, -0.00331674027257, 0.00409476971254, -0.00253896065988, 0.00021165504586, -0.00336413085461, 0.0111148627475]]
    },
    "melbands": {
        "dmean": [0.00103249342646, 0.000980846700259, 0.000437827548012, 0.000246552575845, 0.000231339392485, 0.000163831602549, 0.000319330079947, 0.000373770017177, 0.000151443717186, 0.000103591562947, 6.75458359183e-05, 9.87392777461e-05, 0.000106604034954, 6.16469988017e-05, 4.10974971601e-05, 3.23720014421e-05, 3.1415009289e-05, 2.58313866652e-05, 2.0560248231e-05, 2.23578244913e-05, 1.14570211736e-05, 1.33787152663e-05, 1.31472816065e-05, 8.77145066625e-06, 8.44539590616e-06, 9.92300920188e-06, 5.63769663131e-06, 5.33140746484e-06, 3.92094489143e-06, 2.78885477201e-06, 1.85573480849e-06, 1.58876343903e-06, 1.42332226005e-06, 1.28099418362e-06, 1.16666058148e-06, 1.0084781934e-06, 9.75137140813e-07, 1.10055248115e-06, 1.04560001546e-06, 7.98654696155e-07],
        "dmean2": [0.00134616054129, 0.00147306697909, 0.000735536857974, 0.000411463348428, 0.000359682104317, 0.000246633047936, 0.000483861047542, 0.000571703305468, 0.000230536083109, 0.000161859075888, 0.000106191859231, 0.000153785033035, 0.000167013524333, 9.88436295302e-05, 6.72683745506e-05, 5.29132048541e-05, 5.198866711e-05, 4.27544255217e-05, 3.41041959473e-05, 3.7312918721e-05, 1.95723278011e-05, 2.299663538e-05, 2.25019321078e-05, 1.46958682308e-05, 1.37998140417e-05, 1.61919688253e-05, 9.17815305002e-06, 8.71426709637e-06, 6.33562694929e-06, 4.62479511043e-06, 3.10166046802e-06, 2.65515791398e-06, 2.38649886342e-06, 2.1211103558e-06, 1.91058711607e-06, 1.58011505391e-06, 1.50333698912e-06, 1.73944454218e-06, 1.63144795806e-06, 1.23624124626e-06],
        "dvar": [5.30177430846e-06, 5.81700123803e-06, 1.50368293816e-06, 2.15848032781e-07, 1.33478977205e-07, 9.4474899015e-08, 5.0135525953e-07, 6.03038927238e-07, 1.14956307584e-07, 8.51005026448e-08, 3.83047087382e-08, 3.65868508823e-08, 4.10970706355e-08, 1.60673057081e-08, 5.39020295065e-09, 8.88002915644e-09, 3.52193785247e-09, 2.17571938244e-09, 1.17251841569e-09, 1.83937365339e-09, 4.0708453275e-10, 5.26006460611e-10, 5.40061995125e-10, 2.05654326901e-10, 1.95469487818e-10, 3.27614518847e-10, 8.86869952477e-11, 6.4708516323e-11, 3.37430534902e-11, 1.81902461843e-11, 1.06223649668e-11, 1.08682082431e-11, 8.95986410065e-12, 8.82568670924e-12, 7.76087961257e-12, 4.76425105964e-12, 3.79372878598e-12, 4.26400624878e-12, 4.0701383236e-12, 2.84055765021e-12],
        "dvar2": [9.22903473111e-06, 1.44867917697e-05, 4.11447354054e-06, 5.66116227674e-07, 3.06463221023e-07, 2.05575645396e-07, 1.09692166461e-06, 1.25605981793e-06, 2.40693140086e-07, 1.8046333139e-07, 8.92350513482e-08, 8.05763278322e-08, 9.60338510936e-08, 3.7818672638e-08, 1.32625785909e-08, 1.8819234171e-08, 8.99445673497e-09, 5.69654501348e-09, 2.95740854028e-09, 4.80728079566e-09, 1.17311838022e-09, 1.45754508463e-09, 1.4532698378e-09, 5.43266043262e-10, 4.94320029354e-10, 8.57484028227e-10, 2.20943222051e-10, 1.67782260307e-10, 8.26642157503e-11, 4.76942374483e-11, 2.7447785364e-11, 2.77113436364e-11, 2.33983145359e-11, 2.27853742818e-11, 1.99672101769e-11, 1.10211414647e-11, 8.69543239496e-12, 9.92824138873e-12, 9.61790976722e-12, 6.53143771706e-12],
        "max": [0.0199609436095, 0.0207113884389, 0.0107478639111, 0.00579204782844, 0.0106039345264, 0.0114532103762, 0.0126896966249, 0.0123825930059, 0.0101631926373, 0.00883922632784, 0.0115783372894, 0.00497806677595, 0.00390334636904, 0.00225523649715, 0.00172418658622, 0.00474817352369, 0.00137666473165, 0.000780959788244, 0.00120401510503, 0.0011882239487, 0.000289749470539, 0.000394122471334, 0.000523731694557, 0.000249947450357, 0.000313758646371, 0.000536491163075, 0.000295325909974, 0.000153911983944, 0.000116225106467, 6.64932522341e-05, 5.17894368386e-05, 4.81101051264e-05, 4.29184365203e-05, 5.13453196618e-05, 6.21955550741e-05, 3.70248890249e-05, 3.28739406541e-05, 4.35962137999e-05, 5.41543849977e-05, 4.85676682729e-05],
        "mean": [0.00249339547008, 0.00181330309715, 0.000620213220827, 0.000457451154944, 0.000577886763494, 0.000420304248109, 0.000643050996587, 0.000774849788286, 0.000303848239128, 0.000181167401024, 0.000116316237836, 0.000168665093952, 0.000183258045581, 0.000108054671728, 6.93197871442e-05, 5.12371516379e-05, 4.85470300191e-05, 4.15827198594e-05, 3.32039453497e-05, 3.42488237948e-05, 1.79585877049e-05, 1.94221083802e-05, 1.82839630725e-05, 1.56182522915e-05, 1.53524470079e-05, 1.97328045033e-05, 1.16652872748e-05, 1.10254504762e-05, 7.90288049757e-06, 5.16952150065e-06, 3.38691552315e-06, 2.66269148597e-06, 2.29256602324e-06, 2.04194725484e-06, 1.87246632777e-06, 1.79474238848e-06, 1.89961440356e-06, 2.23045731218e-06, 2.18188074541e-06, 1.63218771831e-06],
        "median": [0.000179153619683, 0.000621352228336, 0.000265519018285, 0.000251806981396, 0.000283514789771, 0.000191266881302, 0.000218864122871, 0.000229104567552, 0.000109563312435, 4.78973706777e-05, 4.82661998831e-05, 6.17953119217e-05, 5.96510326432e-05, 3.83544902434e-05, 2.6622612495e-05, 1.95459360839e-05, 1.89358979696e-05, 1.81527339009e-05, 1.63188142324e-05, 1.51187268784e-05, 9.0322964752e-06, 9.74380145635e-06, 8.69019004313e-06, 8.69993800734e-06, 8.87398164195e-06, 1.102821534e-05, 7.59395925343e-06, 7.0271853474e-06, 5.34435457666e-06, 3.28036117025e-06, 1.61734612902e-06, 8.81663140717e-07, 5.19823458944e-07, 3.76815279424e-07, 4.25329375275e-07, 6.30242709576e-07, 1.14093484171e-06, 1.55014481606e-06, 1.4899380858e-06, 1.07829680474e-06],
        "min": [1.04800555828e-24, 1.86976718946e-24, 2.07474362378e-24, 2.06330119635e-24, 1.94205347243e-24, 3.39135168573e-24, 3.18217693367e-24, 1.31798215904e-24, 1.35808656556e-24, 3.2193697532e-24, 3.22978113943e-24, 3.14228423769e-24, 2.63739649506e-24, 2.82162292934e-24, 3.36356879351e-24, 4.37207697374e-24, 3.91283804789e-24, 4.48719899551e-24, 5.85816864573e-24, 3.35924307473e-24, 3.82643647952e-24, 4.3849393508e-24, 5.94544466641e-24, 3.61155944641e-24, 5.85858871416e-24, 4.04307346131e-24, 5.42611071123e-24, 4.82182195859e-24, 5.3473902815e-24, 6.22156728248e-24, 5.08100694217e-24, 7.09523507375e-24, 5.87498479365e-24, 6.56176197014e-24, 5.37155387989e-24, 4.27634554744e-24, 5.59424970786e-24, 6.08240117475e-24, 6.02556059108e-24, 6.53883293907e-24],
        "var": [1.8698081476e-05, 8.89220882527e-06, 1.28372084873e-06, 3.32921928248e-07, 7.03440491634e-07, 5.57141618174e-07, 1.51814469973e-06, 2.21243089982e-06, 4.14537993265e-07, 2.42950392249e-07, 9.49208569523e-08, 9.79629817266e-08, 1.04781975097e-07, 3.97249166895e-08, 1.49696273155e-08, 1.70500733532e-08, 6.89583279367e-09, 4.59705118416e-09, 2.931894727e-09, 3.71382635755e-09, 6.50606679642e-10, 8.10665590212e-10, 7.92819532247e-10, 4.243266849e-10, 4.70037619937e-10, 8.71590022378e-10, 2.6283758503e-10, 1.69870048583e-10, 8.16429909789e-11, 3.63017463312e-11, 2.02105034097e-11, 1.6981981793e-11, 1.3919799341e-11, 1.25430351869e-11, 1.05572772746e-11, 8.22460936162e-12, 6.83580015509e-12, 7.49926336308e-12, 7.12544650019e-12, 4.78246218669e-12]
    },
    "mfcc": {
        "mean": [-638.125183105, 113.92591095, -0.141807734966, 11.0319747925, 2.68305206299, -11.2084474564, 8.77228546143, -9.67717838287, -0.278153270483, 0.602483212948, -3.60672545433, 2.74509859085, 0.707326829433],
        "cov": [[9716.87402344, -756.38684082, 2.79377317429, 213.024963379, 7.73659276962, 286.999908447, 257.075256348, 473.289459229, 292.113067627, 437.215911865, 450.250854492, 408.654937744, 469.169342041], [-756.38684082, 1336.60510254, -52.3739089966, 98.5919723511, 151.159591675, -84.0411148071, 88.2101364136, -154.290161133, -67.8366317749, -159.0572052, -127.525108337, -125.875465393, -135.545043945], [2.79377317429, -52.3739089966, 492.583496094, 88.2606506348, 135.385925293, 119.517486572, 53.1218948364, 108.250610352, 92.6144638062, 45.3657722473, 52.5501060486, 50.6430625916, 31.6673488617], [213.024963379, 98.5919723511, 88.2606506348, 235.116958618, 105.298873901, 85.4107131958, 54.2365036011, 95.1422042847, 71.5210418701, 28.7483386993, 53.9422073364, 56.4114074707, 47.2370834351], [7.73659276962, 151.159591675, 135.385925293, 105.298873901, 216.984771729, 78.2215270996, 60.3582687378, 87.3226318359, 65.7356414795, 13.2027978897, 42.9385566711, 44.2087669373, 16.9395008087], [286.999908447, -84.0411148071, 119.517486572, 85.4107131958, 78.2215270996, 386.438201904, -5.57892608643, 268.266326904, 91.3379592896, 91.0236358643, 183.125793457, 83.3159255981, 143.34614563], [257.075256348, 88.2101364136, 53.1218948364, 54.2365036011, 60.3582687378, -5.57892608643, 242.105148315, -9.55541706085, 79.7323150635, 32.531211853, 23.8302211761, 24.5728816986, 11.7363433838], [473.289459229, -154.290161133, 108.250610352, 95.1422042847, 87.3226318359, 268.266326904, -9.55541706085, 367.329650879, 123.711875916, 111.453773499, 190.97618103, 128.832107544, 161.182052612], [292.113067627, -67.8366317749, 92.6144638062, 71.5210418701, 65.7356414795, 91.3379592896, 79.7323150635, 123.711875916, 189.147018433, 82.3660964966, 110.030212402, 74.4376907349, 64.9581832886], [437.215911865, -159.0572052, 45.3657722473, 28.7483386993, 13.2027978897, 91.0236358643, 32.531211853, 111.453773499, 82.3660964966, 157.573898315, 116.362319946, 88.283821106, 97.1836090088], [450.250854492, -127.525108337, 52.5501060486, 53.9422073364, 42.9385566711, 183.125793457, 23.8302211761, 190.97618103, 110.030212402, 116.362319946, 231.405532837, 132.82220459, 139.908782959], [408.654937744, -125.875465393, 50.6430625916, 56.4114074707, 44.2087669373, 83.3159255981, 24.5728816986, 128.832107544, 74.4376907349, 88.283821106, 132.82220459, 166.851974487, 125.55960083], [469.169342041, -135.545043945, 31.6673488617, 47.2370834351, 16.9395008087, 143.34614563, 11.7363433838, 161.182052612, 64.9581832886, 97.1836090088, 139.908782959, 125.55960083, 194.194702148]],
