{
"lowlevel": {
    "average_loudness": 0.752031326294,
    "barkbands_crest": {
        "dmean": 2.44553208351,
        "dmean2": 3.71965551376,
        "dvar": 5.51795244217,
        "dvar2": 12.3100271225,
        "max": 26.5639133453,
        "mean": 9.95620918274,
        "median": 8.77504730225,
        "min": 2.32997703552,
        "var": 22.9363441467
    },
    "barkbands_flatness_db": {
        "dmean": 0.0186472777277,
        "dmean2": 0.0280696712434,
        "dvar": 0.000407675222959,
        "dvar2": 0.000897561432794,
        "max": 0.568369567394,
        "mean": 0.142243415117,
        "median": 0.118014678359,
        "min": 0.0184614937752,
        "var": 0.00626717507839
    },
    "barkbands_kurtosis": {
        "dmean": 1.8553917408,
        "dmean2": 2.89731550217,
        "dvar": 26.2859306335,
        "dvar2": 59.9445877075,
        "max": 194.985076904,
        "mean": 1.58714020252,
        "median": -0.00950503349304,
        "min": -1.8173917532,
        "var": 44.6015586853
    },
    "barkbands_skewness": {
        "dmean": 0.446757137775,
        "dmean2": 0.662296533585,
        "dvar": 0.330807298422,
        "dvar2": 0.704033076763,
        "max": 12.1114587784,
        "mean": 0.818667948246,
        "median": 0.653964221478,
        "min": -4.08443403244,
        "var": 1.30928552151
    },
    "barkbands_spread": {
        "dmean": 4.96993970871,
        "dmean2": 7.60515117645,
        "dvar": 30.0137710571,
        "dvar2": 70.1204299927,
        "max": 74.6407470703,
        "mean": 24.9390010834,
        "median": 24.2610149384,
        "min": 0.2208006531,
        "var": 158.189437866
    },
    "dissonance": {
        "dmean": 0.0178312975913,
        "dmean2": 0.0305097140372,
        "dvar": 0.000333005707944,
        "dvar2": 0.000916752731428,
        "max": 0.5,
        "mean": 0.469638049603,
        "median": 0.476088911295,
        "min": 0.239522024989,
        "var": 0.000617969257291
    },
    "dynamic_complexity": 3.68452239037,
    "erbbands_crest": {
        "dmean": 2.60789012909,
        "dmean2": 4.25395870209,
        "dvar": 5.86877584457,
        "dvar2": 14.6644163132,
        "max": 32.3122444153,
        "mean": 8.69381332397,
        "median": 7.78731679916,
        "min": 2.24470639229,
        "var": 15.8686962128
    },
    "erbbands_flatness_db": {
        "dmean": 0.0158359017223,
        "dmean2": 0.0227949153632,
        "dvar": 0.000223756782361,
        "dvar2": 0.000416646187659,
        "max": 0.598410487175,
        "mean": 0.194503292441,
        "median": 0.168113738298,
        "min": 0.0557928197086,
        "var": 0.00870334915817
    },
    "erbbands_kurtosis": {
        "dmean": 0.787495553493,
        "dmean2": 1.25384676456,
        "dvar": 2.05240368843,
        "dvar2": 4.49981212616,
        "max": 77.7762680054,
        "mean": 0.294243454933,
        "median": -0.148901224136,
        "min": -1.82906496525,
        "var": 5.61580753326
    },
    "erbbands_skewness": {
        "dmean": 0.339653521776,
        "dmean2": 0.53593224287,
        "dvar": 0.0914221033454,
        "dvar2": 0.225662082434,
        "max": 7.09803056717,
        "mean": 0.207805559039,
        "median": 0.20867806673,
        "min": -4.62970352173,
        "var": 0.380075961351
    },
    "erbbands_spread": {
        "dmean": 6.29818344116,
        "dmean2": 9.21040153503,
        "dvar": 50.0471076965,
        "dvar2": 88.6845245361,
        "max": 114.091392517,
        "mean": 30.7632274628,
        "median": 28.9415435791,
        "min": 0.723647117615,
        "var": 264.941558838
    },
    "hfc": {
        "dmean": 7.19241857529,
        "dmean2": 10.8475179672,
        "dvar": 117.426818848,
        "dvar2": 241.186080933,
        "max": 192.68762207,
        "mean": 28.5990753174,
        "median": 22.9436531067,
        "min": 1.08882584741e-16,
        "var": 603.866638184
    },
    "melbands_crest": {
        "dmean": 2.95373034477,
        "dmean2": 4.43915176392,
        "dvar": 7.96152162552,
        "dvar2": 18.3974437714,
        "max": 35.6697120667,
        "mean": 14.1799631119,
        "median": 12.4674882889,
        "min": 1.87096893787,
        "var": 48.2856369019
    },
    "melbands_flatness_db": {
        "dmean": 0.0213976036757,
        "dmean2": 0.0316895917058,
        "dvar": 0.000623433094006,
        "dvar2": 0.00136773264967,
        "max": 0.584873139858,
        "mean": 0.179747149348,
        "median": 0.157656237483,
        "min": 0.00364081980661,
        "var": 0.00662333052605
    },
    "melbands_kurtosis": {
        "dmean": 5.06917047501,
        "dmean2": 7.40278196335,
        "dvar": 200.993026733,
        "dvar2": 433.156494141,
        "max": 213.350723267,
        "mean": 7.38198280334,
        "median": 2.20342230797,
        "min": -1.75753891468,
        "var": 340.052276611
    },
    "melbands_skewness": {
        "dmean": 0.604163348675,
        "dmean2": 0.85403996706,
        "dvar": 0.71873742342,
        "dvar2": 1.310505867,
        "max": 11.671667099,
        "mean": 1.73543918133,
        "median": 1.37299394608,
        "min": -3.35930466652,
        "var": 3.00700879097
    },
    "melbands_spread": {
        "dmean": 7.18085289001,
        "dmean2": 10.9947900772,
        "dvar": 61.6975135803,
        "dvar2": 149.253967285,
        "max": 163.97668457,
        "mean": 32.008972168,
        "median": 31.0214271545,
        "min": 0.363784492016,
        "var": 307.429229736
    },
    "pitch_salience": {
        "dmean": 0.0671141669154,
        "dmean2": 0.104537256062,
        "dvar": 0.00470839766786,
        "dvar2": 0.0115388175473,
        "max": 0.981012761593,
        "mean": 0.530269861221,
        "median": 0.538179636002,
        "min": 0.0787345916033,
        "var": 0.0169297810644
    },
    "silence_rate_20dB": {
        "dmean": 0,
        "dmean2": 0,
        "dvar": 0,
        "dvar2": 0,
        "max": 1,
        "mean": 1,
        "median": 1,
        "min": 1,
        "var": 0
    },
    "silence_rate_30dB": {
        "dmean": 0.0120464647189,
        "dmean2": 0.0240963846445,
        "dvar": 0.0119012249634,
        "dvar2": 0.0355633758008,
        "max": 1,
        "mean": 0.993977606297,
        "median": 1,
        "min": 0,
        "var": 0.00598629657179
    },
    "silence_rate_60dB": {
        "dmean": 0.0269611366093,
        "dmean2": 0.0539300069213,
        "dvar": 0.026237193495,
        "dvar2": 0.0599096268415,
        "max": 1,
        "mean": 0.130054488778,
        "median": 0,
        "min": 0,
        "var": 0.113132588565
    },
    "spectral_centroid": {
        "dmean": 250.998138428,
        "dmean2": 393.520050049,
        "dvar": 94258.328125,
        "dvar2": 220045.140625,
        "max": 11570.2548828,
        "mean": 1843.41796875,
        "median": 1835.9753418,
        "min": 303.107147217,
        "var": 550163.0625
    },
    "spectral_complexity": {
        "dmean": 3.87121748924,
        "dmean2": 6.16351127625,
        "dvar": 17.9752845764,
        "dvar2": 39.682762146,
        "max": 58,
        "mean": 22.0987949371,
        "median": 22,
        "min": 0,
        "var": 135.624755859
    },
    "spectral_decrease": {
        "dmean": 1.52273194054e-09,
        "dmean2": 2.15654072377e-09,
        "dvar": 6.90767858913e-18,
        "dvar2": 1.53641668485e-17,
        "max": 1.46290244124e-28,
        "mean": -7.27903737285e-09,
        "median": -4.95213381413e-09,
        "min": -3.27203792949e-08,
        "var": 4.73988685412e-17
    },
    "spectral_energy": {
        "dmean": 0.00607712287456,
        "dmean2": 0.00864510703832,
        "dvar": 0.000101891477243,
        "dvar2": 0.000222867034608,
        "max": 0.126739948988,
        "mean": 0.030066754669,
        "median": 0.0211091525853,
        "min": 9.93124837217e-21,
        "var": 0.000756252091378
    },
    "spectral_energyband_high": {
        "dmean": 0.000575832556933,
        "dmean2": 0.000846856855787,
        "dvar": 1.21566472444e-06,
        "dvar2": 2.57468241216e-06,
        "max": 0.0218709763139,
        "mean": 0.00145262188744,
        "median": 0.000695970724337,
        "min": 7.16119256076e-21,
        "var": 3.51948756361e-06
    },
    "spectral_energyband_low": {
        "dmean": 0.00391664821655,
        "dmean2": 0.00514555210248,
        "dvar": 0.000105206927401,
        "dvar2": 0.000233355676755,
        "max": 0.111047193408,
        "mean": 0.0127178505063,
        "median": 0.00195772899315,
        "min": 3.98660545665e-23,
        "var": 0.000422990939114
    },
    "spectral_energyband_middle_high": {
        "dmean": 0.00267633539625,
        "dmean2": 0.00407091295347,
        "dvar": 1.13687747216e-05,
        "dvar2": 2.43163667619e-05,
        "max": 0.0569114759564,
        "mean": 0.00915546249598,
        "median": 0.00685036927462,
        "min": 1.18168798858e-21,
        "var": 6.76890340401e-05
    },
    "spectral_energyband_middle_low": {
        "dmean": 0.00329131819308,
        "dmean2": 0.00533272791654,
        "dvar": 5.85580237384e-05,
        "dvar2": 0.000154301538714,
        "max": 0.0771803706884,
        "mean": 0.0074898712337,
        "median": 0.00534976273775,
        "min": 1.5703958801e-22,
        "var": 7.67038654885e-05
    },
    "spectral_entropy": {
        "dmean": 0.138999611139,
        "dmean2": 0.208680167794,
        "dvar": 0.0196104999632,
        "dvar2": 0.0430953316391,
        "max": 9.81776237488,
        "mean": 7.63850450516,
        "median": 7.74072742462,
        "min": 5.07042551041,
        "var": 0.242126762867
    },
    "spectral_flux": {
        "dmean": 0.0209463201463,
        "dmean2": 0.0312508605421,
        "dvar": 0.000920400954783,
        "dvar2": 0.00147819984704,
        "max": 0.355885326862,
        "mean": 0.0793264806271,
        "median": 0.0715022236109,
        "min": 6.49756359827e-11,
        "var": 0.00291960919276
    },
    "spectral_kurtosis": {
        "dmean": 2.85192751884,
        "dmean2": 4.95437383652,
        "dvar": 41.0700454712,
        "dvar2": 129.371780396,
        "max": 110.22782135,
        "mean": 6.51629161835,
        "median": 3.5857770443,
        "min": -1.26386761665,
        "var": 86.0585403442
    },
    "spectral_rms": {
        "dmean": 0.00052225321997,
        "dmean2": 0.000742289004847,
        "dvar": 4.5171341867e-07,
        "dvar2": 9.10273172394e-07,
        "max": 0.0111197447404,
        "mean": 0.00477318605408,
        "median": 0.00453809369355,
        "min": 3.11271950056e-12,
        "var": 6.55009489492e-06
    },
    "spectral_rolloff": {
        "dmean": 442.717010498,
        "dmean2": 716.988525391,
        "dvar": 399540.75,
        "dvar2": 841497.9375,
        "max": 19293.75,
        "mean": 2054.50732422,
        "median": 1722.65625,
        "min": 64.599609375,
        "var": 2356160.5
    },
    "spectral_skewness": {
        "dmean": 0.268238604069,
        "dmean2": 0.454594403505,
        "dvar": 0.177884012461,
        "dvar2": 0.551230788231,
        "max": 7.95155286789,
        "mean": 1.56719219685,
        "median": 1.41079306602,
        "min": -0.0881984084845,
        "var": 0.420162677765
    },
    "spectral_spread": {
        "dmean": 423419.34375,
        "dmean2": 600834.5625,
        "dvar": 783718350848,
        "dvar2": 1.74126333952e+12,
        "max": 42732236,
        "mean": 4288716,
        "median": 4235349,
        "min": 628119.4375,
        "var": 6.56423780352e+12
    },
    "spectral_strongpeak": {
        "dmean": 0.624256253242,
        "dmean2": 1.04913198948,
        "dvar": 1.17278933525,
        "dvar2": 3.18762874603,
        "max": 11.3781604767,
        "mean": 1.14954042435,
        "median": 0.631110906601,
        "min": 0,
        "var": 1.80469942093
    },
    "zerocrossingrate": {
        "dmean": 0.00946486927569,
        "dmean2": 0.0111493682489,
        "dvar": 0.000137101247674,
        "dvar2": 0.00018747212016,
        "max": 0.83251953125,
        "mean": 0.0767257586122,
        "median": 0.07275390625,
        "min": 0.00732421875,
        "var": 0.00200253934599
    },
    "barkbands": {
        "dmean": [0.000253450620221, 0.00339616835117, 0.00147532601841, 0.00133000966161, 0.00100580358412, 0.000569412834011, 0.000575096579269, 0.000387183536077, 0.000739693641663, 0.000948811357375, 0.000738639268093, 0.00070856208913, 0.000446811987786, 0.000792607257608, 0.000330716487952, 0.000552577490453, 0.000395448354539, 0.000234061997617, 0.000261806533672, 0.000204998228583, 0.000186442019185, 0.00014370023564, 0.00012282737589, 9.83725985861e-05, 8.0604077084e-05, 3.69333611161e-05, 7.73387364461e-06],
        "dmean2": [0.00034322286956, 0.00433217547834, 0.00265257107094, 0.00221784203313, 0.00177547347266, 0.000879989180248, 0.000855136313476, 0.000611334689893, 0.00105988048017, 0.00152134511154, 0.00105259625707, 0.0011675208807, 0.000754611741286, 0.00127242982853, 0.000536634179298, 0.000932545401156, 0.00065742485458, 0.000395476672566, 0.000438261020463, 0.000332121853717, 0.000300004234305, 0.0002234349231, 0.000189350932487, 0.000147663609823, 0.000115906914289, 5.17594307894e-05, 1.18892712635e-05],
        "dvar": [2.85421009494e-07, 7.61761984904e-05, 4.19129864895e-05, 2.4595476134e-05, 1.09891270768e-05, 1.38165569297e-06, 1.01291391275e-06, 5.01415456711e-07, 1.36386972827e-06, 4.15921567765e-06, 2.22459948418e-06, 1.84571558748e-06, 8.68460347192e-07, 1.87051125522e-06, 3.96432454863e-07, 1.63955098742e-06, 5.9127626173e-07, 1.72871921222e-07, 2.2733837568e-07, 1.40769898849e-07, 1.40417597549e-07, 6.70093953659e-08, 6.07961254673e-08, 3.65061616492e-08, 3.61073055899e-08, 9.4170626852e-09, 5.40956168749e-10],
        "dvar2": [5.84948054438e-07, 0.000147861574078, 0.000120271164633, 6.48019922664e-05, 3.15083707392e-05, 3.02925377582e-06, 1.98744805857e-06, 1.09476707166e-06, 2.45578917202e-06, 9.75599050435e-06, 3.8475495785e-06, 4.9705577112e-06, 2.48143578574e-06, 4.70476697956e-06, 1.02520323253e-06, 4.35206857219e-06, 1.57391309585e-06, 4.68828545763e-07, 6.4227265284e-07, 3.31606514692e-07, 3.52200572706e-07, 1.52129842945e-07, 1.39264543009e-07, 7.03555329551e-08, 6.73192062095e-08, 1.89710345211e-08, 1.182540732e-09],
        "max": [0.00827509909868, 0.0878300815821, 0.0616239160299, 0.0606161542237, 0.0303055588156, 0.0512388572097, 0.0245922040194, 0.0164537038654, 0.0479660369456, 0.0397883206606, 0.04492412135, 0.0205106176436, 0.0193994902074, 0.0245765913278, 0.0102158412337, 0.0210739076138, 0.0121126715094, 0.00790389906615, 0.00940052513033, 0.00938652548939, 0.00946097448468, 0.0034084348008, 0.00316178216599, 0.00273595517501, 0.00278464588337, 0.00118833081797, 0.000381653575459],
        "mean": [0.000589919334743, 0.00998510606587, 0.00149817869533, 0.00132826447953, 0.00111499254126, 0.00125444494188, 0.00126344233286, 0.000687396735884, 0.00168478791602, 0.00166133092716, 0.00156643916853, 0.00109329354018, 0.000644919928163, 0.00121571391355, 0.000500292109791, 0.000724665471353, 0.000647682521958, 0.000415324262576, 0.000480013579363, 0.000388747575926, 0.000389416964026, 0.000307989801513, 0.000223470357014, 0.000190711696632, 0.000138557617902, 6.20669452474e-05, 9.62315152719e-06],
        "median": [2.23501047003e-05, 0.000916883233003, 8.45713657327e-05, 8.76846606843e-05, 0.000308598915581, 0.000514082435984, 0.000473564956337, 0.00033037061803, 0.000958635413554, 0.000417454692069, 0.000637572258711, 0.000439263822045, 0.000295932346489, 0.000559422711376, 0.000224765361054, 0.000280755513813, 0.000281094980892, 0.000232264574151, 0.000257772451732, 0.000217540364247, 0.000182312171091, 9.34686540859e-05, 8.32228397485e-05, 7.35552603146e-05, 3.05431167362e-05, 1.3076731193e-05, 3.65082343023e-07],
        "min": [1.53674117667e-24, 3.91209967408e-24, 4.14052263223e-24, 3.17940645417e-24, 1.48735100955e-23, 1.61725194595e-23, 2.80949592842e-23, 8.12102482983e-24, 1.80972438272e-23, 1.62793690914e-23, 1.54612067367e-23, 2.86370739646e-23, 7.15577241739e-23, 4.09223677176e-23, 4.81390376725e-23, 4.56426684053e-23, 9.02290709912e-23, 1.03703534693e-22, 1.43002180544e-22, 2.43649977324e-22, 3.17013965779e-22, 3.42715508455e-22, 4.09662914928e-22, 7.52559874013e-22, 9.32431671462e-22, 1.36562016039e-21, 2.08500344774e-21],
        "var": [1.16333785627e-06, 0.000293755001621, 2.73874338745e-05, 2.12323157029e-05, 8.0871177488e-06, 5.55581118533e-06, 4.49896651844e-06, 1.30620048822e-06, 5.89256706007e-06, 1.2239287571e-05, 9.64400078374e-06, 3.4671584217e-06, 1.02782792055e-06, 3.09811548505e-06, 6.35239757685e-07, 1.8434109279e-06, 1.14267288609e-06, 3.47110471921e-07, 4.7452320473e-07, 3.20561838407e-07, 3.23885075204e-07, 2.09338324453e-07, 1.16643882109e-07, 8.61541664676e-08, 7.12921419677e-08, 1.60317927822e-08, 7.22255644181e-10]
    },
    "erbbands": {
        "dmean": [0.12959446013, 0.829955637455, 1.6960105896, 3.23192024231, 3.7004635334, 3.4352953434, 3.03107500076, 5.43208789825, 5.72540140152, 10.7665462494, 10.192076683, 14.4987735748, 26.180978775, 22.5940723419, 25.9453659058, 23.8975486755, 15.4963293076, 31.3733348846, 22.3361949921, 28.3058509827, 24.3851051331, 22.9064731598, 12.8429222107, 12.0600528717, 11.4410524368, 8.92476081848, 8.458984375, 6.38605356216, 5.00056743622, 4.37067365646, 3.44725465775, 2.45472764969, 1.54002141953, 0.898717343807, 0.553081214428, 0.216710746288, 0.0596127174795, 0.0143538592383, 0.00105907220859, 2.25886687986e-05],
        "dmean2": [0.142239496112, 1.10208618641, 2.88212704659, 5.53567838669, 6.35650587082, 6.00587320328, 4.84401655197, 8.46471786499, 9.05045795441, 15.8186435699, 15.3669528961, 20.5978107452, 40.3876609802, 34.5697975159, 38.7371635437, 39.6222419739, 25.7411804199, 50.2975959778, 35.9500579834, 45.0434188843, 40.7020339966, 37.8906822205, 21.3549537659, 20.4994468689, 19.1229991913, 14.3765449524, 13.7138195038, 9.97559452057, 7.64604520798, 6.92586135864, 5.3075928688, 3.79212641716, 2.24788880348, 1.30850887299, 0.793536543846, 0.306746900082, 0.0853743255138, 0.0207178983837, 0.00166018225718, 3.26556437358e-05],
        "dvar": [0.081896468997, 5.21952581406, 45.6000061035, 164.416946411, 182.171981812, 127.629707336, 46.0853309631, 149.337936401, 87.0214920044, 473.36151123, 266.449310303, 724.218200684, 2213.2355957, 1332.1295166, 2214.74121094, 2112.7434082, 771.59173584, 3431.69042969, 1734.47399902, 4986.62207031, 3088.0168457, 1905.60180664, 444.790283203, 480.083221436, 396.666351318, 281.245880127, 319.552124023, 149.56477356, 80.4920501709, 72.8347625732, 50.9570655823, 24.0202541351, 9.01557254791, 3.83705282211, 1.89287662506, 0.319646149874, 0.025881132111, 0.00161248748191, 1.17222643894e-05, 3.32076033338e-09],
        "dvar2": [0.100352145731, 11.3585186005, 127.159927368, 453.678405762, 487.187988281, 363.34777832, 112.611618042, 314.424987793, 216.736953735, 875.915161133, 603.385375977, 1140.3302002, 5022.80615234, 2991.1394043, 4374.70556641, 5808.39257812, 2180.578125, 8566.21582031, 4426.8828125, 11733.0136719, 8259.11621094, 5027.93457031, 1204.57165527, 1368.09289551, 1050.94543457, 651.60949707, 827.269287109, 353.866546631, 179.866989136, 167.396194458, 116.857055664, 51.3726501465, 16.5955276489, 7.48870944977, 3.59116315842, 0.583079457283, 0.0541535578668, 0.00327169965021, 2.69116462732e-05, 6.95163970832e-09],
        "max": [3.16957759857, 22.912689209, 66.1282806396, 127.569122314, 172.062469482, 161.041381836, 167.689193726, 604.446899414, 199.471084595, 554.287780762, 294.166992188, 1441.6517334, 931.778137207, 582.260375977, 1273.9654541, 955.126281738, 703.533325195, 1388.69824219, 683.626098633, 1362.99523926, 1060.43798828, 620.13067627, 333.231872559, 524.834655762, 403.862670898, 396.494842529, 501.890594482, 251.494400024, 123.618499756, 121.632507324, 103.381965637, 65.7747039795, 42.0175361633, 30.8984565735, 16.2575397491, 7.26460886002, 2.22700285912, 0.569908082485, 0.0587570145726, 0.000987233361229],
        "mean": [0.377793908119, 1.83449912071, 2.22897958755, 3.1071460247, 3.82532739639, 4.03398180008, 6.03114461899, 11.4529924393, 12.4894332886, 23.4896965027, 20.9521999359, 34.155708313, 50.8571662903, 49.9067420959, 54.7776031494, 38.9258460999, 28.5797786713, 53.7611045837, 36.5678977966, 42.1754875183, 36.2546577454, 39.5064315796, 25.3496417999, 23.9221954346, 22.4776992798, 18.5073928833, 17.0001449585, 12.7759666443, 10.7918310165, 8.58717727661, 6.19542789459, 4.49166250229, 2.90604662895, 1.62580931187, 0.897305011749, 0.3677495718, 0.0958370864391, 0.0214192140847, 0.00129342416767, 6.23372980044e-05],
        "median": [0.021364280954, 0.148484408855, 0.272513985634, 0.323947995901, 0.566291093826, 1.13141989708, 2.1562063694, 4.73745775223, 6.65954875946, 7.16263818741, 12.2615795135, 18.1399650574, 20.9535827637, 21.607383728, 24.6368904114, 18.1326370239, 16.0926113129, 24.2760734558, 19.3461341858, 17.1691188812, 16.2904624939, 18.5140609741, 14.5173473358, 14.025267601, 13.3959102631, 10.3391199112, 8.82612991333, 5.04345464706, 3.38803339005, 2.72142195702, 2.34154558182, 1.71630644798, 1.08187329769, 0.462230861187, 0.151777952909, 0.0754832327366, 0.0202590469271, 0.00214543845505, 7.83354480518e-05, 3.1890180253e-05],
        "min": [2.18386561684e-22, 1.27402677024e-21, 4.86934205915e-21, 1.15335464941e-20, 2.29067815081e-20, 6.68935274505e-20, 9.44704236786e-20, 1.5310039096e-19, 2.99832706125e-19, 2.54559482689e-19, 2.69698206217e-19, 3.52530418397e-19, 9.67704846748e-19, 1.20220734508e-18, 9.41478775234e-19, 1.70149356282e-18, 3.15472975109e-18, 1.87083459821e-18, 3.77335848568e-18, 2.96572187625e-18, 2.8428127634e-18, 5.97276101052e-18, 5.91459697856e-18, 6.71878114291e-18, 9.35391304952e-18, 1.04948432684e-17, 1.13674534674e-17, 1.03364472801e-17, 1.2185698875e-17, 1.19971629067e-17, 1.0553381186e-17, 1.09896097713e-17, 1.01924889022e-17, 8.89089704729e-18, 7.50047426639e-18, 4.49322109915e-18, 2.59581932083e-18, 1.01301335461e-18, 2.6656345019e-19, 3.0730958522e-20],
        "var": [0.472889751196, 12.125082016, 36.8343658447, 119.61390686, 160.317047119, 101.044532776, 137.796859741, 588.297119141, 277.406219482, 2322.40673828, 728.784729004, 3702.2199707, 7043.06738281, 4792.23730469, 8968.75, 3747.36279297, 1284.26000977, 6850.61083984, 2765.08666992, 7331.9921875, 4144.46679688, 3937.53198242, 1119.70117188, 1152.27185059, 835.723693848, 726.568603516, 630.84967041, 350.475830078, 252.213607788, 175.139404297, 92.043006897, 48.6656494141, 21.2549934387, 8.13739967346, 3.45461416245, 0.596964001656, 0.0397267900407, 0.00250318949111, 1.4222138816e-05, 7.20775483742e-09]
    },
    "gfcc": {
        "mean": [-21.2808055878, 69.9550704956, -159.185256958, 9.45007419586, -62.1472511292, 9.45100212097, -29.57472229, 12.2060565948, -18.5977993011, 4.798807621, -11.282746315, 3.04349732399, -6.90177488327],
        "cov": [[21817.6191406, -2354.63208008, 4175.08740234, 3126.58203125, -522.044189453, 2675.83325195, -521.186828613, 921.245361328, -502.723968506, 857.647399902, -680.415222168, 512.292724609, -387.13973999], [-2354.63208008, 2683.23022461, -800.664611816, -595.042480469, 693.494018555, -524.083557129, 606.257019043, -205.568481445, 432.965759277, -114.882164001, 185.466400146, -211.994537354, 168.619628906], [4175.08740234, -800.664611816, 2827.98510742, 1469, 378.074249268, 1287.90734863, 146.398391724, 484.40322876, -4.94382047653, 410.639282227, -223.321609497, 183.801132202, -171.022994995], [3126.58203125, -595.042480469, 1469, 1217.58435059, 189.571685791, 853.028747559, 109.470413208, 351.171234131, 27.3255767822, 264.49319458, -129.524993896, 119.812911987, -84.7746200562], [-522.044189453, 693.494018555, 378.074249268, 189.571685791, 701.742431641, 286.581604004, 468.386322021, 126.538665771, 270.972808838, 153.181915283, 24.5589542389, 5.187084198, 21.7966308594], [2675.83325195, -524.083557129, 1287.90734863, 853.028747559, 286.581604004, 955.15435791, 230.021026611, 334.324523926, 88.3353271484, 307.884979248, -120.321388245, 127.492103577, -82.193939209], [-521.186828613, 606.257019043, 146.398391724, 109.470413208, 468.386322021, 230.021026611, 549.188171387, 138.866012573, 288.219299316, 164.111587524, 52.5407180786, -6.60417127609, 32.4539375305], [921.245361328, -205.568481445, 484.40322876, 351.171234131, 126.538665771, 334.324523926, 138.866012573, 313.698028564, 125.772872925, 148.623794556, -3.53643774986, 80.6247558594, -3.82089304924], [-502.723968506, 432.965759277, -4.94382047653, 27.3255767822, 270.972808838, 88.3353271484, 288.219299316, 125.772872925, 309.139373779, 121.572540283, 57.8272628784, 3.23498249054, 52.3819770813], [857.647399902, -114.882164001, 410.639282227, 264.49319458, 153.181915283, 307.884979248, 164.111587524, 148.623794556, 121.572540283, 245.107788086, 26.4330425262, 75.0888748169, -5.50303649902], [-680.415222168, 185.466400146, -223.321609497, -129.524993896, 24.5589542389, -120.321388245, 52.5407180786, -3.53643774986, 57.8272628784, 26.4330425262, 142.625442505, 32.8970756531, 49.9751434326], [512.292724609, -211.994537354, 183.801132202, 119.812911987, 5.187084198, 127.492103577, -6.60417127609, 80.6247558594, 3.23498249054, 75.0888748169, 32.8970756531, 132.620620728, 35.4178161621], [-387.13973999, 168.619628906, -171.022994995, -84.7746200562, 21.7966308594, -82.193939209, 32.4539375305, -3.82089304924, 52.3819770813, -5.50303649902, 49.9751434326, 35.4178161621, 96.6023178101]],
        "icov": [[0.000159572766279, -0.000316961115459, 0.000105889863335, -0.00019699864788, 0.000368949724361, -0.000329241069267, 0.000288461800665, -0.000264101749053, 0.000402796664275, -0.000625186657999, 0.00066348828841, -0.000523774302565, 0.000331368239131], [-0.000316961115459, 0.00190127536189, -0.000469944876386, 0.000393646914745, -0.00154655775987, 0.00122465775348, -0.00127639609855, 0.00134574226104, -0.00168936920818, 0.00209798361175, -0.00214583100751, 0.00247049820609, -0.00196257350035], [0.000105889863335, -0.000469944876386, 0.00148128252476, -0.000938482000493, -0.000236090054386, -0.000961550860666, 0.000829697353765, -0.000691893452313, 0.000981240184046, -0.00113670062274, 0.00111883552745, -0.000931710819714, 0.00113850610796], [-0.00019699864788, 0.000393646914745, -0.000938482000493, 0.0031863162294, -0.000298107304843, -0.00110131746624, -8.19790511741e-05, -0.000563224835787, -0.000276210019365, 0.000791299506091, -0.000853535602801, 0.00126777682453, -0.00103480508551], [0.000368949724361, -0.00154655775987, -0.000236090054386, -0.000298107304843, 0.0053058648482, -0.00138658238575, -0.00173129246105, -0.000128306899569, 2.86519552901e-05, -0.00106486154255, 0.00189472467173, -0.00246405578218, 0.00154516182374], [-0.000329241069267, 0.00122465775348, -0.000961550860666, -0.00110131746624, -0.00138658238575, 0.00655554281548, -0.00231589563191, -4.7748835641e-05, -0.000614940363448, -0.000885816582013, 0.00140321149956, -0.000703676138073, 0.000355949916411], [0.000288461800665, -0.00127639609855, 0.000829697353765, -8.19790511741e-05, -0.00173129246105, -0.00231589563191, 0.00733205256984, -0.00145189277828, -0.000895784294698, -0.00272222468629, 0.000388152286178, 0.000622856896371, 0.000581917294767], [-0.000264101749053, 0.00134574226104, -0.000691893452313, -0.000563224835787, -0.000128306899569, -4.7748835641e-05, -0.00145189277828, 0.00831639859825, -0.0045908074826, 0.0021880059503, -0.00211106287315, -0.000972128764261, -0.000259045686107], [0.000402796664275, -0.00168936920818, 0.000981240184046, -0.000276210019365, 2.86519552901e-05, -0.000614940363448, -0.000895784294698, -0.0045908074826, 0.0113234845921, -0.00559001928195, 0.00211312202737, 0.00093422801001, -0.00224673887715], [-0.000625186657999, 0.00209798361175, -0.00113670062274, 0.000791299506091, -0.00106486154255, -0.000885816582013, -0.00272222468629, 0.0021880059503, -0.00559001928195, 0.0141652906314, -0.00672101508826, -0.000271447293926, 0.000416751543526], [0.00066348828841, -0.00214583100751, 0.00111883552745, -0.000853535602801, 0.00189472467173, 0.00140321149956, 0.000388152286178, -0.00211106287315, 0.00211312202737, -0.00672101508826, 0.0163940191269, -0.00744867371395, 0.000909924157895], [-0.000523774302565, 0.00247049820609, -0.000931710819714, 0.00126777682453, -0.00246405578218, -0.000703676138073, 0.000622856896371, -0.000972128764261, 0.00093422801001, -0.000271447293926, -0.00744867371395, 0.0200374647975, -0.0112537732348], [0.000331368239131, -0.00196257350035, 0.00113850610796, -0.00103480508551, 0.00154516182374, 0.000355949916411, 0.000581917294767, -0.000259045686107, -0.00224673887715, 0.000416751543526, 0.000909924157895, -0.0112537732348, 0.020858656615]]
    },
    "melbands": {
        "dmean": [0.00100032438058, 0.00088169646915, 0.000576384889428, 0.000247458490776, 0.000112823458039, 0.000117923744256, 9.34733907343e-05, 0.00010939007916, 9.61960686254e-05, 9.45745414356e-05, 0.000142949662404, 0.000103897094959, 0.000104568927782, 7.72656712797e-05, 5.67293864151e-05, 4.61350646219e-05, 6.22495572316e-05, 4.8741363571e-05, 2.71725311904e-05, 3.81102618121e-05, 3.05662215396e-05, 2.64431819232e-05, 1.51153353727e-05, 1.29907784867e-05, 1.03618885987e-05, 1.11396138891e-05, 9.29002817429e-06, 5.35854951522e-06, 6.82293057253e-06, 4.17001865571e-06, 3.65881692233e-06, 3.01937666336e-06, 2.99779640045e-06, 2.44697048402e-06, 2.17506044464e-06, 1.93320670405e-06, 1.43625572946e-06, 1.16662988603e-06, 1.03786419459e-06, 6.95253788763e-07],
        "dmean2": [0.00119182793424, 0.00131730141584, 0.000974053633399, 0.000433891895227, 0.000184083372005, 0.000183701180504, 0.000145271638758, 0.000162567055668, 0.000142502220115, 0.000135505659273, 0.000222165923333, 0.000161742354976, 0.000151485393872, 0.00012683517707, 9.45428691921e-05, 7.54488355597e-05, 9.97807728709e-05, 7.83352006692e-05, 4.33743261965e-05, 6.14385207882e-05, 5.16407817486e-05, 4.41912743554e-05, 2.49034965236e-05, 2.19120138354e-05, 1.77392084879e-05, 1.84916207218e-05, 1.53066503117e-05, 8.64930279931e-06, 1.11501503852e-05, 6.74070315654e-06, 5.75046169615e-06, 4.66597748527e-06, 4.77438652524e-06, 3.90314471588e-06, 3.42667112818e-06, 3.0241026252e-06, 2.22863491217e-06, 1.71760177636e-06, 1.53972462158e-06, 1.02986928141e-06],
        "dvar": [5.39298480362e-06, 8.50148262543e-06, 4.76808327221e-06, 7.33263618713e-07, 7.03578351136e-08, 6.43166870873e-08, 2.10707113979e-08, 4.25743600374e-08, 2.14188933256e-08, 3.07041752023e-08, 6.96671733635e-08, 3.31261134079e-08, 4.58908431256e-08, 3.11332613023e-08, 1.44916736389e-08, 9.15860276507e-09, 1.21878809267e-08, 9.55184997764e-09, 2.76067835259e-09, 8.99287666556e-09, 6.31149754682e-09, 2.62341148805e-09, 8.71574645789e-10, 6.5584704334e-10, 3.99287769515e-10, 4.44099340635e-10, 3.30446808805e-10, 8.52940287843e-11, 2.52479009921e-10, 7.04061045576e-11, 4.62661402245e-11, 2.90277593629e-11, 3.29787239184e-11, 2.22233099978e-11, 2.04842913465e-11, 1.65078124781e-11, 7.54110402595e-12, 5.07094236393e-12, 4.80082119891e-12, 2.27306519961e-12],
        "dvar2": [8.29041891848e-06, 2.18336008402e-05, 1.29318586914e-05, 2.08084543374e-06, 1.81089632179e-07, 1.38779384429e-07, 5.02725185925e-08, 8.07788396173e-08, 4.76555861439e-08, 4.71151331283e-08, 1.59476869044e-07, 7.74787096702e-08, 8.11554130564e-08, 8.40649647671e-08, 3.83016178773e-08, 2.43784032961e-08, 3.02995850632e-08, 2.41341648888e-08, 6.38056807389e-09, 2.22728537835e-08, 1.69002305483e-08, 6.92030699412e-09, 2.28993890516e-09, 1.80422865537e-09, 1.16054799104e-09, 1.20291210326e-09, 7.77166275778e-10, 2.05131370223e-10, 6.47796649655e-10, 1.80746265177e-10, 1.08598297022e-10, 6.80535974795e-11, 7.70545502404e-11, 5.27588077393e-11, 4.93422490366e-11, 3.63974857198e-11, 1.66830386311e-11, 9.82575999731e-12, 9.80672227452e-12, 4.51404365276e-12],
        "max": [0.0247129295021, 0.0300640743226, 0.021171303466, 0.00766544509679, 0.00482143880799, 0.0121630784124, 0.00292763230391, 0.00498289149255, 0.00279908487573, 0.00957584753633, 0.00523525569588, 0.00311053660698, 0.00638919463381, 0.00300348270684, 0.00318623357452, 0.00191763846669, 0.00240159151144, 0.00164732965641, 0.000916231132578, 0.00186015118379, 0.00148851959966, 0.000750884122681, 0.000511931371875, 0.000463172415039, 0.000485136348289, 0.000345676147845, 0.000468530895887, 0.000176546556759, 0.000449105573352, 0.000246083625825, 0.000111748107884, 7.6938267739e-05, 8.85355693754e-05, 6.04213128099e-05, 6.19915008429e-05, 5.43428541278e-05, 3.2424901292e-05, 3.34013930114e-05, 3.77700234822e-05, 2.44068687607e-05],
        "mean": [0.00300861755386, 0.00161638867576, 0.000580770545639, 0.000267875264399, 0.000204437572393, 0.000257196545135, 0.00020709882665, 0.000230402525631, 0.00019451098342, 0.000215634165215, 0.000268478092039, 0.000217289183638, 0.000221991693252, 0.000112782028737, 8.47470291774e-05, 7.72586136009e-05, 0.000101566576632, 6.98932126397e-05, 4.19255557063e-05, 5.34282189619e-05, 4.00243407057e-05, 4.09215936088e-05, 2.71164553851e-05, 2.18815948756e-05, 1.8443004592e-05, 1.98294710572e-05, 1.54494318849e-05, 1.03412958197e-05, 1.21461189337e-05, 7.93373692431e-06, 6.80314906276e-06, 6.0698530433e-06, 5.70412930756e-06, 4.39874474978e-06, 3.61318393516e-06, 3.25615246766e-06, 2.49969866672e-06, 2.08463893614e-06, 1.77205674845e-06, 1.21364314509e-06],
        "median": [0.000275730446447, 0.000197739311261, 6.40940270387e-05, 6.53446331853e-05, 7.34139321139e-05, 0.000115324772196, 0.00010396950529, 6.88866421115e-05, 0.000106976083771, 0.000110338529339, 0.000101060111774, 8.41884757392e-05, 9.37446893658e-05, 3.52359711542e-05, 3.88308981201e-05, 3.13434793497e-05, 4.44781217084e-05, 2.87905386358e-05, 1.88596932276e-05, 2.13082712435e-05, 1.41411310324e-05, 1.83287465916e-05, 1.16778501251e-05, 1.11098743218e-05, 1.00765500974e-05, 1.00222223409e-05, 7.39188089938e-06, 5.54279358767e-06, 5.85789985053e-06, 3.37831193065e-06, 2.50503717325e-06, 1.77674667157e-06, 1.66459449247e-06, 1.38394307214e-06, 1.3151359326e-06, 1.20796289593e-06, 8.88378963282e-07, 7.38135668144e-07, 5.75964691052e-07, 3.09190141934e-07],
        "min": [2.47408296058e-24, 3.83072433297e-24, 2.4558360162e-24, 2.85111764973e-24, 3.58574436772e-24, 3.92953310565e-24, 4.89708875528e-24, 2.83503790347e-24, 1.93582935989e-24, 2.34950249656e-24, 4.30555430575e-24, 4.91758296717e-24, 1.93395837903e-24, 2.55747936333e-24, 3.79814477202e-24, 4.87137859509e-24, 3.38520448713e-24, 4.59582790317e-24, 3.23633913735e-24, 3.4574649349e-24, 3.12122973735e-24, 5.59133762783e-24, 4.21337827556e-24, 4.52588828417e-24, 5.06394900838e-24, 5.80432100034e-24, 6.77814375543e-24, 6.27441189123e-24, 6.67957952962e-24, 7.19327470705e-24, 4.78720082561e-24, 6.38489738304e-24, 5.68175410378e-24, 5.54493880154e-24, 6.04029217406e-24, 4.65706046993e-24, 6.64322645253e-24, 6.51023752011e-24, 5.92544507031e-24, 8.07031448426e-24],
        "var": [2.72669967671e-05, 1.15262673717e-05, 3.75661215912e-06, 5.4659608395e-07, 1.44425342796e-07, 2.54684209722e-07, 7.25395850054e-08, 2.00210678258e-07, 6.16922051222e-08, 1.56821016617e-07, 2.17389995782e-07, 1.08144853073e-07, 1.98326119971e-07, 5.36211537394e-08, 2.28017675852e-08, 1.619178569e-08, 2.32679724377e-08, 1.42339491305e-08, 5.06339725703e-09, 1.12995790502e-08, 7.21680049054e-09, 4.22693968716e-09, 2.15856821306e-09, 1.16466569722e-09, 8.14305622931e-10, 8.58328574882e-10, 6.45366537988e-10, 2.13944542637e-10, 4.37000574616e-10, 1.32657246299e-10, 1.02332184393e-10, 8.15016179545e-11, 8.44962294577e-11, 4.69095422229e-11, 3.33362157323e-11, 2.91386012541e-11, 1.51474180421e-11, 1.12662873822e-11, 9.43988290314e-12, 4.71463363141e-12]
    },
    "mfcc": {
        "mean": [-645.378051758, 100.749992371, -34.0561256409, -2.24758934975, -11.5040922165, -5.17370176315, -1.82273435593, 3.40969920158, -0.499116033316, 4.3507437706, -0.797828435898, 1.22313308716, -0.12917688489],
        "cov": [[11842.1582031, -1573.77929688, 3038.99414062, 1717.52062988, 749.670471191, 1495.36401367, 573.695068359, 461.523406982, 521.977416992, 297.350952148, 169.390045166, 118.034393311, 111.316238403], [-1573.77929688, 1979.77111816, -542.363098145, -150.201019287, 65.2949447632, -110.917472839, 56.7095718384, 13.2114048004, 132.043914795, 69.3776016235, 146.04006958, 29.30884552, 24.2228164673], [3038.99414062, -542.363098145, 1771.22314453, 748.178833008, 498.161804199, 774.225952148, 369.312835693, 305.973999023, 333.160522461, 231.56867981, 190.724472046, 89.8318252563, 60.3768501282], [1717.52062988, -150.201019287, 748.178833008, 677.91986084, 277.046875, 429.025482178, 230.572662354, 181.377761841, 232.885681152, 127.050338745, 113.755004883, 82.7591629028, 53.2174873352], [749.670471191, 65.2949447632, 498.161804199, 277.046875, 390.765106201, 346.172912598, 204.839508057, 183.993225098, 221.562637329, 122.787139893, 123.511657715, 87.4223632812, 63.290348053], [1495.36401367, -110.917472839, 774.225952148, 429.025482178, 346.172912598, 732.951660156, 349.805633545, 237.632873535, 355.832855225, 202.684555054, 213.506469727, 104.311264038, 128.157180786], [573.695068359, 56.7095718384, 369.312835693, 230.572662354, 204.839508057, 349.805633545, 309.734771729, 174.50894165, 204.688674927, 134.385238647, 151.837860107, 75.7354278564, 73.50050354], [461.523406982, 13.2114048004, 305.973999023, 181.377761841, 183.993225098, 237.632873535, 174.50894165, 247.457214355, 219.009735107, 125.922233582, 129.066085815, 80.4369888306, 60.6935920715], [521.977416992, 132.043914795, 333.160522461, 232.885681152, 221.562637329, 355.832855225, 204.688674927, 219.009735107, 367.679656982, 195.457382202, 188.024642944, 127.269042969, 106.942871094], [297.350952148, 69.3776016235, 231.56867981, 127.050338745, 122.787139893, 202.684555054, 134.385238647, 125.922233582, 195.457382202, 201.10333252, 143.069564819, 82.5769729614, 73.21824646], [169.390045166, 146.04006958, 190.724472046, 113.755004883, 123.511657715, 213.506469727, 151.837860107, 129.066085815, 188.024642944, 143.069564819, 218.814086914, 100.358680725, 83.9872283936], [118.034393311, 29.30884552, 89.8318252563, 82.7591629028, 87.4223632812, 104.311264038, 75.7354278564, 80.4369888306, 127.269042969, 82.5769729614, 100.358680725, 148.024154663, 82.1747741699], [111.316238403, 24.2228164673, 60.3768501282, 53.2174873352, 63.290348053, 128.157180786, 73.50050354, 60.6935920715, 106.942871094, 73.21824646, 83.9872283936, 82.1747741699, 125.355453491]],
