{
"lowlevel": {
    "average_loudness": 0.800848901272,
    "barkbands_crest": {
        "dmean": 2.58450508118,
        "dmean2": 4.03696537018,
        "dvar": 6.15827798843,
        "dvar2": 14.4736881256,
        "max": 25.9378738403,
        "mean": 10.8238716125,
        "median": 9.9662322998,
        "min": 2.12861680984,
        "var": 19.5590019226
    },
    "barkbands_flatness_db": {
        "dmean": 0.0235077217221,
        "dmean2": 0.0343431867659,
        "dvar": 0.000635398959275,
        "dvar2": 0.00138856226113,
        "max": 0.550832748413,
        "mean": 0.161171525717,
        "median": 0.149669513106,
        "min": 0.0149836437777,
        "var": 0.00542817311361
    },
    "barkbands_kurtosis": {
        "dmean": 3.79683470726,
        "dmean2": 5.80330991745,
        "dvar": 68.6239013672,
        "dvar2": 154.931900024,
        "max": 349.777954102,
        "mean": 6.63812255859,
        "median": 3.47000074387,
        "min": -1.88142967224,
        "var": 130.998550415
    },
    "barkbands_skewness": {
        "dmean": 0.568952739239,
        "dmean2": 0.837072193623,
        "dvar": 0.458215326071,
        "dvar2": 0.968525707722,
        "max": 16.7073307037,
        "mean": 1.66533362865,
        "median": 1.49254465103,
        "min": -2.49246454239,
        "var": 1.76813411713
    },
    "barkbands_spread": {
        "dmean": 5.25968313217,
        "dmean2": 7.73285198212,
        "dvar": 68.4430389404,
        "dvar2": 131.64050293,
        "max": 105.835121155,
        "mean": 17.3473091125,
        "median": 12.8294219971,
        "min": 0.571312129498,
        "var": 232.121429443
    },
    "dissonance": {
        "dmean": 0.0277352649719,
        "dmean2": 0.0455427132547,
        "dvar": 0.000744755903725,
        "dvar2": 0.00196680985391,
        "max": 0.500000119209,
        "mean": 0.440318644047,
        "median": 0.451451480389,
        "min": 0.149827703834,
        "var": 0.00205695605837
    },
    "dynamic_complexity": 3.95460748672,
    "erbbands_crest": {
        "dmean": 2.90385556221,
        "dmean2": 4.53466081619,
        "dvar": 7.65880632401,
        "dvar2": 16.9682044983,
        "max": 32.0876235962,
        "mean": 10.5051679611,
        "median": 9.5341758728,
        "min": 2.40668797493,
        "var": 25.7618045807
    },
    "erbbands_flatness_db": {
        "dmean": 0.0213167853653,
        "dmean2": 0.0297987349331,
        "dvar": 0.000504051218741,
        "dvar2": 0.000974862021394,
        "max": 0.492628663778,
        "mean": 0.177211612463,
        "median": 0.159723073244,
        "min": 0.041612572968,
        "var": 0.00622587092221
    },
    "erbbands_kurtosis": {
        "dmean": 1.89922630787,
        "dmean2": 2.85203719139,
        "dvar": 8.09283828735,
        "dvar2": 17.4627246857,
        "max": 78.3546295166,
        "mean": 2.88860297203,
        "median": 1.34946727753,
        "min": -1.86177170277,
        "var": 22.9768123627
    },
    "erbbands_skewness": {
        "dmean": 0.427919596434,
        "dmean2": 0.632405340672,
        "dvar": 0.175433605909,
        "dvar2": 0.36136636138,
        "max": 7.59441232681,
        "mean": 1.00654947758,
        "median": 0.896658301353,
        "min": -3.79844474792,
        "var": 0.838045477867
    },
    "erbbands_spread": {
        "dmean": 8.78419494629,
        "dmean2": 12.8405218124,
        "dvar": 143.5728302,
        "dvar2": 277.559387207,
        "max": 160.153457642,
        "mean": 31.3569316864,
        "median": 27.0017738342,
        "min": 1.56864821911,
        "var": 532.685974121
    },
    "hfc": {
        "dmean": 5.8345952034,
        "dmean2": 8.48930931091,
        "dvar": 86.3865737915,
        "dvar2": 193.472412109,
        "max": 144.622421265,
        "mean": 19.6387176514,
        "median": 13.6998500824,
        "min": 1.10731353263e-16,
        "var": 365.162597656
    },
    "melbands_crest": {
        "dmean": 3.08826780319,
        "dmean2": 4.74448776245,
        "dvar": 8.41536140442,
        "dvar2": 19.1337680817,
        "max": 36.0208053589,
        "mean": 14.5365934372,
        "median": 13.1015024185,
        "min": 1.57445251942,
        "var": 36.3435897827
    },
    "melbands_flatness_db": {
        "dmean": 0.0269306469709,
        "dmean2": 0.0388658195734,
        "dvar": 0.000906162371393,
        "dvar2": 0.00194949156139,
        "max": 0.698293328285,
        "mean": 0.232175588608,
        "median": 0.224893659353,
        "min": 0.00379587966017,
        "var": 0.00685296487063
    },
    "melbands_kurtosis": {
        "dmean": 7.53320789337,
        "dmean2": 11.5671930313,
        "dvar": 309.792449951,
        "dvar2": 702.370361328,
        "max": 368.857055664,
        "mean": 13.2720298767,
        "median": 7.14557361603,
        "min": -1.78348898888,
        "var": 521.538024902
    },
    "melbands_skewness": {
        "dmean": 0.734029948711,
        "dmean2": 1.08448171616,
        "dvar": 0.872220098972,
        "dvar2": 1.84192109108,
        "max": 18.1404857635,
        "mean": 2.22338175774,
        "median": 1.96982371807,
        "min": -1.31126773357,
        "var": 3.09394836426
    },
    "melbands_spread": {
        "dmean": 5.1426820755,
        "dmean2": 7.54754447937,
        "dvar": 90.9219818115,
        "dvar2": 163.135772705,
        "max": 200.624450684,
        "mean": 17.2251319885,
        "median": 13.0498008728,
        "min": 0.532274484634,
        "var": 311.161804199
    },
    "pitch_salience": {
        "dmean": 0.0711689665914,
        "dmean2": 0.113056108356,
        "dvar": 0.00537681207061,
        "dvar2": 0.0133628435433,
        "max": 0.900790989399,
        "mean": 0.557559907436,
        "median": 0.567293286324,
        "min": 0.0574479363859,
        "var": 0.016195749864
    },
    "silence_rate_20dB": {
        "dmean": 0,
        "dmean2": 0,
        "dvar": 0,
        "dvar2": 0,
        "max": 1,
        "mean": 1,
        "median": 1,
        "min": 1,
        "var": 0
    },
    "silence_rate_30dB": {
        "dmean": 0.0196739733219,
        "dmean2": 0.0393534786999,
        "dvar": 0.0192870330065,
        "dvar2": 0.0420184917748,
        "max": 1,
        "mean": 0.980469286442,
        "median": 1,
        "min": 0,
        "var": 0.0191492550075
    },
    "silence_rate_60dB": {
        "dmean": 0.0247329957783,
        "dmean2": 0.0494729429483,
        "dvar": 0.0241200271994,
        "dvar2": 0.0509555600584,
        "max": 1,
        "mean": 0.108472667634,
        "median": 0,
        "min": 0,
        "var": 0.0967130213976
    },
    "spectral_centroid": {
        "dmean": 197.644088745,
        "dmean2": 296.731506348,
        "dvar": 110584.09375,
        "dvar2": 234688.03125,
        "max": 11730.8007812,
        "mean": 1057.97961426,
        "median": 856.492797852,
        "min": 202.567428589,
        "var": 710973.25
    },
    "spectral_complexity": {
        "dmean": 2.69617772102,
        "dmean2": 4.2386507988,
        "dvar": 10.0710849762,
        "dvar2": 22.6704387665,
        "max": 49,
        "mean": 15.2762403488,
        "median": 13,
        "min": 0,
        "var": 85.9803848267
    },
    "spectral_decrease": {
        "dmean": 2.20181095578e-09,
        "dmean2": 3.2328957289e-09,
        "dvar": 1.14157674326e-17,
        "dvar2": 2.41906323163e-17,
        "max": 8.31919221914e-29,
        "mean": -7.64820828891e-09,
        "median": -5.75429925931e-09,
        "min": -4.1398632078e-08,
        "var": 4.85785439e-17
    },
    "spectral_energy": {
        "dmean": 0.00861848518252,
        "dmean2": 0.0126568125561,
        "dvar": 0.000170099825482,
        "dvar2": 0.000360646634363,
        "max": 0.159246355295,
        "mean": 0.0306474175304,
        "median": 0.0232129693031,
        "min": 1.02105373434e-20,
        "var": 0.00074981234502
    },
    "spectral_energyband_high": {
        "dmean": 0.000376913230866,
        "dmean2": 0.000543530739378,
        "dvar": 7.18001729183e-07,
        "dvar2": 1.51236338297e-06,
        "max": 0.0174202527851,
        "mean": 0.000813501130324,
        "median": 0.000265285809292,
        "min": 7.29307455409e-21,
        "var": 1.86962518001e-06
    },
    "spectral_energyband_low": {
        "dmean": 0.00529720261693,
        "dmean2": 0.00788860488683,
        "dvar": 0.000159875475219,
        "dvar2": 0.000355712603778,
        "max": 0.152629479766,
        "mean": 0.0114523768425,
        "median": 0.00334245176055,
        "min": 9.97803653288e-24,
        "var": 0.000406614271924
    },
    "spectral_energyband_middle_high": {
        "dmean": 0.00158949382603,
        "dmean2": 0.00235828943551,
        "dvar": 7.89840669313e-06,
        "dvar2": 1.7204134565e-05,
        "max": 0.0550869032741,
        "mean": 0.00429170811549,
        "median": 0.00198901677504,
        "min": 1.31168327905e-21,
        "var": 3.34927572112e-05
    },
    "spectral_energyband_middle_low": {
        "dmean": 0.00532986596227,
        "dmean2": 0.00809196569026,
        "dvar": 5.65866575926e-05,
        "dvar2": 0.000140528762131,
        "max": 0.0936973169446,
        "mean": 0.0152916554362,
        "median": 0.0121261570603,
        "min": 1.78163717951e-22,
        "var": 0.000177855836228
    },
    "spectral_entropy": {
        "dmean": 0.206348642707,
        "dmean2": 0.285366266966,
        "dvar": 0.0553941391408,
        "dvar2": 0.109108097851,
        "max": 9.81830406189,
        "mean": 7.37232875824,
        "median": 7.44127893448,
        "min": 4.76587486267,
        "var": 0.447078049183
    },
    "spectral_flux": {
        "dmean": 0.0257123056799,
        "dmean2": 0.0387341193855,
        "dvar": 0.00124049780425,
        "dvar2": 0.00219517364167,
        "max": 0.401390641928,
        "mean": 0.0766241773963,
        "median": 0.0655558556318,
        "min": 6.49324830015e-11,
        "var": 0.00313812238164
    },
    "spectral_kurtosis": {
        "dmean": 3.28564119339,
        "dmean2": 5.14234304428,
        "dvar": 73.6256484985,
        "dvar2": 183.555114746,
        "max": 243.837799072,
        "mean": 9.05262088776,
        "median": 4.72232532501,
        "min": -1.27296566963,
        "var": 322.562988281
    },
    "spectral_rms": {
        "dmean": 0.000725606631022,
        "dmean2": 0.00103663362097,
        "dvar": 7.83559471529e-07,
        "dvar2": 1.55980558247e-06,
        "max": 0.012464441359,
        "mean": 0.00487040402368,
        "median": 0.00475886557251,
        "min": 3.15618429829e-12,
        "var": 6.17907062406e-06
    },
    "spectral_rolloff": {
        "dmean": 469.88104248,
        "dmean2": 763.941162109,
        "dvar": 1463606.875,
        "dvar2": 2827835,
        "max": 19143.0175781,
        "mean": 1377.34033203,
        "median": 775.1953125,
        "min": 64.599609375,
        "var": 4510950
    },
    "spectral_skewness": {
        "dmean": 0.326433777809,
        "dmean2": 0.484253555536,
        "dvar": 0.232196256518,
        "dvar2": 0.545908927917,
        "max": 13.0070257187,
        "mean": 2.13457870483,
        "median": 1.87905502319,
        "min": -0.0719091743231,
        "var": 1.42457866669
    },
    "spectral_spread": {
        "dmean": 759384.375,
        "dmean2": 1047252.9375,
        "dvar": 1.58285378355e+12,
        "dvar2": 2.65881229722e+12,
        "max": 50923384,
        "mean": 5392505.5,
        "median": 5202483.5,
        "min": 329690.375,
        "var": 1.05716436173e+13
    },
    "spectral_strongpeak": {
        "dmean": 0.474387794733,
        "dmean2": 0.761656701565,
        "dvar": 0.545803904533,
        "dvar2": 1.20207536221,
        "max": 10.1581850052,
        "mean": 1.01943254471,
        "median": 0.572049438953,
        "min": 0,
        "var": 1.32441711426
    },
    "zerocrossingrate": {
        "dmean": 0.0120553867891,
        "dmean2": 0.0131746726111,
        "dvar": 0.000371294619981,
        "dvar2": 0.000358412100468,
        "max": 0.8251953125,
        "mean": 0.0603754930198,
        "median": 0.044921875,
        "min": 0.00341796875,
        "var": 0.00345493946224
    },
    "barkbands": {
        "dmean": [0.000237917149207, 0.00455940049142, 0.00162496510893, 0.0009101149044, 0.0013581556268, 0.00185062154196, 0.00112388131674, 0.00108307390474, 0.00111330777872, 0.00114704470616, 0.00057758402545, 0.000295219593681, 0.000160175870406, 0.00025686682784, 0.000157953836606, 0.000154883120558, 0.000123005840578, 0.0001026959726, 0.000123460486066, 7.24934652681e-05, 6.43870444037e-05, 6.99703887221e-05, 6.24637905275e-05, 7.78566682129e-05, 8.28215270303e-05, 5.47929594177e-05, 9.16586395761e-06],
        "dmean2": [0.000330329145072, 0.00677215261385, 0.0029543726705, 0.00165907887276, 0.00221273838542, 0.00272802286781, 0.00171556393616, 0.00158747832756, 0.00162696023472, 0.00164272182155, 0.000910967122763, 0.000480566755868, 0.000269932148512, 0.000417563482188, 0.000250573415542, 0.00025565183023, 0.000200369860977, 0.0001684865274, 0.000194856460439, 0.00011431855819, 0.000101824756712, 0.000111235764052, 9.3592403573e-05, 0.00011781934154, 0.000121007375128, 8.01896458142e-05, 1.53106266225e-05],
        "dvar": [3.53584141521e-07, 0.000129167165142, 3.89151791751e-05, 1.08637514131e-05, 8.15399926068e-06, 1.00712859421e-05, 4.36453319708e-06, 5.75575450057e-06, 6.13719430476e-06, 8.02064641903e-06, 2.51675942309e-06, 3.47921911725e-07, 1.29362490497e-07, 4.20104242949e-07, 1.43332329117e-07, 2.39604474928e-07, 1.02071062713e-07, 6.47703473078e-08, 1.31188301111e-07, 2.6046455659e-08, 2.20202291956e-08, 2.46347280353e-08, 1.88364719378e-08, 4.12334983935e-08, 4.63505003268e-08, 2.32752110918e-08, 1.26777977005e-09],
        "dvar2": [7.46523028283e-07, 0.000288693088805, 0.000113109257654, 3.1872314139e-05, 2.16330645344e-05, 2.36227569985e-05, 1.01299674498e-05, 1.20056083688e-05, 1.19052592709e-05, 1.4165140783e-05, 5.94116454522e-06, 8.79592221281e-07, 3.55362828941e-07, 9.96811650111e-07, 3.41540754789e-07, 6.47565968848e-07, 2.68904329914e-07, 1.75065551389e-07, 3.03506567434e-07, 6.40502477722e-08, 5.35964304049e-08, 5.88273501023e-08, 4.14716581076e-08, 9.10035211632e-08, 9.18892197888e-08, 5.01699801703e-08, 3.32033023298e-09],
        "max": [0.0119206355885, 0.13803832233, 0.0647553429008, 0.0393733456731, 0.0336520560086, 0.0568409450352, 0.0437247641385, 0.0498984418809, 0.0796510204673, 0.074263818562, 0.0364651829004, 0.0110210487619, 0.00609535211697, 0.0261603072286, 0.0126684457064, 0.0137791428715, 0.00671388534829, 0.00390716455877, 0.00668899621814, 0.00415651826188, 0.00349903758615, 0.00343418098055, 0.00218280381523, 0.00616375543177, 0.00523243099451, 0.00426447764039, 0.000569407013245],
        "mean": [0.00045268642134, 0.00877074711025, 0.00167084950954, 0.000964997452684, 0.00262450613081, 0.00412999978289, 0.00205365219153, 0.00198161089793, 0.00206521525979, 0.0019605148118, 0.000932287133764, 0.000463399890577, 0.000232800739468, 0.000412617810071, 0.000249367498327, 0.000230427307542, 0.000204477270017, 0.000163575008628, 0.000196301116375, 0.000149014391354, 0.000124279540614, 0.000135199152282, 0.000106205778138, 0.000131455468363, 0.000146884034621, 8.59909778228e-05, 8.33867306937e-06],
        "median": [9.93655430648e-06, 0.00152862526011, 0.000429472827818, 0.000367095286492, 0.00121467572171, 0.00191399618052, 0.00104171643034, 0.000646232510917, 0.000767130986787, 0.000502528564539, 0.00025793351233, 0.000189116239198, 8.47639748827e-05, 9.99363328447e-05, 7.97844404588e-05, 4.39217692474e-05, 4.09029162256e-05, 3.96256691602e-05, 4.0132272261e-05, 3.97741969209e-05, 3.65633022739e-05, 2.61953264271e-05, 2.06194363273e-05, 2.96497055388e-05, 5.1065311709e-05, 2.11665756069e-05, 4.71964369808e-07],
        "min": [2.11453928986e-24, 6.57629850725e-25, 8.6358565586e-25, 1.16831867924e-24, 1.50067045261e-23, 1.73399373582e-23, 1.05145763333e-23, 6.95379625775e-24, 2.07924454856e-23, 9.78062803565e-24, 1.24419725729e-23, 2.05987659338e-23, 4.13540197832e-23, 4.15529010837e-23, 6.65631744148e-23, 5.78837165279e-23, 8.35578447097e-23, 1.52553872467e-22, 1.19112720787e-22, 2.12076002608e-22, 2.72050333063e-22, 3.63266710809e-22, 3.57128565173e-22, 6.56898889844e-22, 9.68166641328e-22, 1.40260488788e-21, 1.87515362322e-21],
        "var": [1.02734759366e-06, 0.000299097184325, 2.39143118961e-05, 6.47915294394e-06, 1.60614090419e-05, 3.40636070177e-05, 9.94194397208e-06, 1.67314119608e-05, 1.98218476726e-05, 2.50903012784e-05, 5.1889351198e-06, 6.68477412091e-07, 1.69711853459e-07, 8.99523342923e-07, 2.33581999964e-07, 3.75105599915e-07, 2.01951195322e-07, 1.10620554494e-07, 2.3893713319e-07, 7.42548564858e-08, 5.5344624883e-08, 6.39057304852e-08, 3.964162687e-08, 7.79423885433e-08, 9.36830844012e-08, 4.14424299322e-08, 1.04510378129e-09]
    },
    "erbbands": {
        "dmean": [0.151371464133, 1.07120478153, 1.86819529533, 2.57612538338, 3.36311984062, 4.68652677536, 12.0684566498, 13.891825676, 16.4731178284, 19.3801441193, 24.8059597015, 23.0974655151, 43.9698143005, 20.0503787994, 18.7365913391, 12.1144342422, 7.39061832428, 13.3397464752, 8.04520225525, 7.97045707703, 6.81103372574, 5.65105342865, 4.07089519501, 9.30240726471, 3.18700051308, 3.27371191978, 2.69027066231, 2.51619315147, 2.5834543705, 2.3202445507, 1.80449986458, 1.62183463573, 1.33233785629, 0.955554306507, 0.60305762291, 0.289687216282, 0.0936611667275, 0.0183161944151, 0.00151430920232, 3.1899093301e-05],
        "dmean2": [0.206674128771, 1.64512753487, 3.29825854301, 4.66842222214, 5.97380018234, 7.49722099304, 18.2527580261, 20.5580253601, 24.6137866974, 28.6602516174, 36.9528160095, 33.3427391052, 62.2142829895, 30.9131240845, 29.9626255035, 19.4680500031, 12.2467842102, 22.1372833252, 12.5865182877, 12.6749458313, 11.0962362289, 9.26214885712, 6.71858167648, 14.9315948486, 5.11739683151, 5.14601802826, 4.21697759628, 4.00878238678, 4.12617969513, 3.58083724976, 2.72033119202, 2.44814705849, 2.06616163254, 1.40323507786, 0.887840926647, 0.42035895586, 0.139159396291, 0.0285725407302, 0.00252703507431, 4.99585730722e-05],
        "dvar": [0.122729174793, 8.40832805634, 46.3430290222, 94.0358276367, 100.638420105, 94.0487518311, 653.673217773, 727.308227539, 893.145874023, 1869.46948242, 3103.87329102, 3308.45410156, 12536.9677734, 2925.4609375, 3177.53369141, 611.264892578, 250.738021851, 945.117858887, 399.767578125, 406.719818115, 271.875518799, 202.461791992, 74.3687820435, 816.190185547, 47.4158935547, 50.4184570312, 40.3335380554, 40.2960968018, 37.51222229, 28.0072460175, 15.9521055222, 16.5671901703, 12.7845401764, 6.85331106186, 2.25708889961, 0.632870972157, 0.0753329098225, 0.00356465554796, 3.81867830583e-05, 8.34037283681e-09],
        "dvar2": [0.222886830568, 20.075252533, 130.371673584, 274.477050781, 294.677368164, 239.191131592, 1581.48193359, 1602.11828613, 1920.75927734, 4245.98730469, 6847.93457031, 5948.65966797, 22126.0195312, 6630.95019531, 7842.07568359, 1487.78125, 682.379760742, 2557.21972656, 768.884033203, 1031.98071289, 727.551574707, 531.486572266, 197.448272705, 2040.0592041, 124.3228302, 124.396438599, 97.318397522, 95.8409881592, 93.3491973877, 66.1369781494, 35.217300415, 34.8007774353, 30.3188228607, 14.088224411, 4.58934211731, 1.33691954613, 0.167693540454, 0.00886246096343, 0.000101063655165, 2.14243769392e-08],
        "max": [5.35399150848, 33.6158943176, 75.1047058105, 109.484031677, 120.611663818, 157.656463623, 628.578918457, 514.129577637, 650.76751709, 951.608581543, 1400.26489258, 2152.14257812, 2882.83300781, 1407.65405273, 1361.31787109, 545.251281738, 282.159698486, 644.979797363, 1131.69299316, 463.29675293, 356.130981445, 306.559661865, 194.436126709, 481.515289307, 162.802200317, 118.004478455, 254.467269897, 198.31539917, 158.483322144, 75.3599472046, 77.128326416, 133.173126221, 95.7408599854, 79.5132141113, 33.0232467651, 23.4675064087, 7.05932426453, 0.846124053001, 0.117831535637, 0.00170248909853],
        "mean": [0.333570092916, 1.61961388588, 2.10003209114, 2.93422794342, 4.45516300201, 9.08535289764, 25.6860923767, 30.1158332825, 32.665309906, 35.7023506165, 48.0029640198, 45.0520439148, 75.8621444702, 34.5373802185, 30.2635288239, 20.3538341522, 12.2748470306, 21.5279998779, 14.7817745209, 13.329834938, 11.8413820267, 10.1593027115, 7.73179769516, 15.0841856003, 6.23108768463, 6.78455400467, 5.35602712631, 5.04109048843, 4.69821071625, 4.02665042877, 3.09783244133, 2.61779761314, 2.18835282326, 1.65706026554, 1.04249787331, 0.479822844267, 0.137445300817, 0.0216517783701, 0.0013741113944, 6.28240595688e-05],
        "median": [0.028717815876, 0.326189160347, 0.650972783566, 1.23687708378, 2.11641979218, 4.09035015106, 9.47107887268, 13.2044115067, 17.1928215027, 14.0000486374, 19.4315090179, 17.0796813965, 18.0080814362, 12.7566413879, 9.08658504486, 8.61035823822, 5.6757645607, 6.44907331467, 4.80696392059, 3.74714875221, 2.69594669342, 2.29524803162, 2.17540955544, 2.31549668312, 1.7605278492, 1.83255028725, 1.80960190296, 1.30814254284, 0.980403959751, 0.707654833794, 0.58120405674, 0.514003038406, 0.543560147285, 0.533994913101, 0.368111789227, 0.131428569555, 0.0294416677207, 0.00357716088183, 0.000125860096887, 3.71626192646e-05],
        "min": [6.74344491965e-23, 8.53902549965e-23, 1.18515604831e-21, 1.06081050643e-20, 2.23203088382e-20, 4.69965508455e-20, 6.18470730167e-20, 1.00579352835e-19, 1.38299816281e-19, 1.75105359808e-19, 1.92673267227e-19, 5.29810629906e-19, 5.40852922397e-19, 7.1451747575e-19, 1.29873043038e-18, 1.24282356752e-18, 1.84142274396e-18, 1.94129921946e-18, 2.88075409053e-18, 4.61135820705e-18, 5.1409667981e-18, 5.31424666077e-18, 8.77931369138e-18, 8.06093876224e-18, 7.1209191336e-18, 1.01277355495e-17, 8.86104988924e-18, 1.08778576705e-17, 1.08075026507e-17, 1.29692730072e-17, 9.32129400925e-18, 9.96845034201e-18, 1.06770537866e-17, 8.24862687041e-18, 7.4943514755e-18, 4.4285674217e-18, 2.44510205013e-18, 9.43093121597e-19, 2.87511308064e-19, 2.67131678034e-20],
        "var": [0.481948077679, 12.0318069458, 32.077167511, 56.4130172729, 71.898727417, 214.368591309, 2166.34204102, 2284.19799805, 2284.92724609, 4845.01318359, 7624.00585938, 12477.8671875, 39091.015625, 5464.44042969, 6481.92041016, 1295.66601562, 361.386962891, 1759.21728516, 1001.44549561, 724.06463623, 544.135009766, 455.349212646, 183.050811768, 1633.12988281, 114.94720459, 149.666305542, 94.9859313965, 97.0295944214, 78.6766281128, 62.1165084839, 34.9275512695, 32.39427948, 21.5327606201, 13.2696247101, 4.42247152328, 1.17132544518, 0.124818392098, 0.00390244927257, 2.99493949569e-05, 9.16314313315e-09]
    },
    "gfcc": {
        "mean": [-35.4084510803, 91.0119552612, -102.300010681, 5.28469991684, -69.8623657227, 8.96008205414, -38.9890823364, 13.8490276337, -25.3661975861, 8.96436882019, -16.1549758911, 2.86661124229, -7.31188249588],
        "cov": [[26083.1757812, -479.375061035, 2129.02172852, 1513.74450684, -1137.44775391, 1262.27697754, -383.98538208, 1042.27441406, -546.106567383, 643.416381836, -402.443511963, 402.740997314, -346.366882324], [-479.375061035, 2675.9296875, 182.151809692, -251.292984009, 102.447486877, -366.076812744, 231.154373169, -64.56665802, 137.100357056, -277.87979126, 163.860122681, -231.501464844, 103.665405273], [2129.02172852, 182.151809692, 1777.81359863, 413.097045898, -109.546707153, 313.898376465, -23.3842811584, 163.506225586, -5.91358041763, 55.6707878113, -43.0294418335, 62.7111473083, -100.854202271], [1513.74450684, -251.292984009, 413.097045898, 641.836242676, 171.936843872, 290.01461792, 21.6641807556, 128.831481934, 54.719078064, 82.2856140137, 25.7071762085, 93.7032470703, -26.2705192566], [-1137.44775391, 102.447486877, -109.546707153, 171.936843872, 540.648498535, 137.470901489, 124.649116516, 43.4159584045, 103.516441345, 46.4968070984, 113.540679932, 34.3492507935, 54.3901557922], [1262.27697754, -366.076812744, 313.898376465, 290.01461792, 137.470901489, 441.818939209, 64.4671859741, 105.356315613, 22.3347759247, 136.452407837, 23.58735466, 86.155632019, -38.8435249329], [-383.98538208, 231.154373169, -23.3842811584, 21.6641807556, 124.649116516, 64.4671859741, 225.597000122, 38.9562568665, 83.2300415039, 17.566034317, 83.2791061401, -3.64135169983, 32.3274765015], [1042.27441406, -64.56665802, 163.506225586, 128.831481934, 43.4159584045, 105.356315613, 38.9562568665, 242.346343994, 40.7574424744, 78.0688705444, 20.4612255096, 42.4768447876, 9.32866764069], [-546.106567383, 137.100357056, -5.91358041763, 54.719078064, 103.516441345, 22.3347759247, 83.2300415039, 40.7574424744, 187.366043091, 6.75450897217, 60.2975120544, 25.249879837, 26.2420444489], [643.416381836, -277.87979126, 55.6707878113, 82.2856140137, 46.4968070984, 136.452407837, 17.566034317, 78.0688705444, 6.75450897217, 193.247177124, 41.3812217712, 55.0488891602, 24.2589073181], [-402.443511963, 163.860122681, -43.0294418335, 25.7071762085, 113.540679932, 23.58735466, 83.2791061401, 20.4612255096, 60.2975120544, 41.3812217712, 137.4634552, 25.3556537628, 44.808719635], [402.740997314, -231.501464844, 62.7111473083, 93.7032470703, 34.3492507935, 86.155632019, -3.64135169983, 42.4768447876, 25.249879837, 55.0488891602, 25.3556537628, 118.137069702, 25.8075218201], [-346.366882324, 103.665405273, -100.854202271, -26.2705192566, 54.3901557922, -38.8435249329, 32.3274765015, 9.32866764069, 26.2420444489, 24.2589073181, 44.808719635, 25.8075218201, 105.050765991]],
        "icov": [[0.000117998191854, -0.000207494158531, 9.22325343709e-05, -0.000239433575189, 0.000336306984536, -0.000245280127274, 9.73369096755e-05, -0.000362898339517, 0.000366615771782, -0.000373070099158, 0.000365450920071, -0.000506891112309, 0.000323155516526], [-0.000207494158531, 0.00120637973305, -0.000500579655636, 0.00054193509277, -0.000668795837555, 0.000761650269851, -0.000552980112843, 0.000517953711096, -0.000878987601027, 0.00169441848993, -0.0017056199722, 0.00243736314587, -0.00151056330651], [9.22325343709e-05, -0.000500579655636, 0.000985403545201, -0.000609330309089, 0.000645399326459, -0.000715191941708, 0.000280783569906, -0.000541434274055, 0.000376579904696, -0.000496201857459, 0.000649390451144, -0.0009923503967, 0.000942120503169], [-0.000239433575189, 0.00054193509277, -0.000609330309089, 0.00321861729026, -0.00136139220558, -0.000580216466915, 0.000284272624413, 0.000151303698658, -0.00113561749458, 0.00120838626754, -0.000911763461772, 0.000388486747397, -0.000416820228565], [0.000336306984536, -0.000668795837555, 0.000645399326459, -0.00136139220558, 0.00385401491076, -0.00162907573394, -6.49825087748e-05, -0.000941566715483, 0.000434274057625, -0.000750886916649, -0.000257677951595, -0.000997721333988, -2.62491539615e-05], [-0.000245280127274, 0.000761650269851, -0.000715191941708, -0.000580216466915, -0.00162907573394, 0.00590743077919, -0.00214806199074, 0.000686967454385, -0.000196916313143, -0.00151679234114, -0.000159987961524, -0.000600305618718, 0.00185093469918], [9.73369096755e-05, -0.000552980112843, 0.000280783569906, 0.000284272624413, -6.49825087748e-05, -0.00214806199074, 0.00755530595779, -0.000980613636784, -0.00153619551565, 0.000218102388317, -0.0024173411075, 0.00128887139726, -0.000743424287066], [-0.000362898339517, 0.000517953711096, -0.000541434274055, 0.000151303698658, -0.000941566715483, 0.000686967454385, -0.000980613636784, 0.00662152236328, -0.001883303863, -0.000762959651183, -0.000335878401529, 0.000864105590153, -0.0011567149777], [0.000366615771782, -0.000878987601027, 0.000376579904696, -0.00113561749458, 0.000434274057625, -0.000196916313143, -0.00153619551565, -0.001883303863, 0.00857605505735, -0.000657514727209, -3.72285940102e-05, -0.00344153447077, 0.00136690563522], [-0.000373070099158, 0.00169441848993, -0.000496201857459, 0.00120838626754, -0.000750886916649, -0.00151679234114, 0.000218102388317, -0.000762959651183, -0.000657514727209, 0.0108656864613, -0.00470716040581, 0.00250813248567, -0.00420104339719], [0.000365450920071, -0.0017056199722, 0.000649390451144, -0.000911763461772, -0.000257677951595, -0.000159987961524, -0.0024173411075, -0.000335878401529, -3.72285940102e-05, -0.00470716040581, 0.0148150902241, -0.00497901020572, 0.000131687149405], [-0.000506891112309, 0.00243736314587, -0.0009923503967, 0.000388486747397, -0.000997721333988, -0.000600305618718, 0.00128887139726, 0.000864105590153, -0.00344153447077, 0.00250813248567, -0.00497901020572, 0.0178281255066, -0.00708633102477], [0.000323155516526, -0.00151056330651, 0.000942120503169, -0.000416820228565, -2.62491539615e-05, 0.00185093469918, -0.000743424287066, -0.0011567149777, 0.00136690563522, -0.00420104339719, 0.000131687149405, -0.00708633102477, 0.0162184499204]]
    },
    "melbands": {
        "dmean": [0.001273644506, 0.00107272074092, 0.000460978306364, 0.00026956628426, 0.000364755251212, 0.000330683280481, 0.000249278236879, 0.000211126331124, 0.000219965600991, 0.000152126638568, 0.000217662993236, 7.72098501329e-05, 6.25975517323e-05, 3.76070638595e-05, 2.62246539933e-05, 1.68150545505e-05, 2.82802029687e-05, 1.35319914989e-05, 1.22687124531e-05, 1.43159331856e-05, 7.56270083002e-06, 7.15937312634e-06, 3.88724220102e-06, 4.52604672319e-06, 8.72379587236e-06, 2.39874907493e-06, 2.5757651656e-06, 2.35204765886e-06, 1.78563891495e-06, 1.78459720246e-06, 1.649943556e-06, 1.70944247202e-06, 1.31653985136e-06, 1.30042906221e-06, 1.11558631488e-06, 1.05699155029e-06, 1.00052170637e-06, 9.8320174402e-07, 9.01484611404e-07, 8.14087684375e-07],
        "dmean2": [0.00185220793355, 0.00174614752177, 0.000835459271912, 0.000454869034002, 0.000552491168492, 0.00048749812413, 0.000370737659978, 0.000307951442664, 0.00032738619484, 0.000219860987272, 0.000308761314955, 0.000119829790492, 9.96234812192e-05, 6.10019051237e-05, 4.26314836659e-05, 2.83512727037e-05, 4.70895756735e-05, 2.12915565498e-05, 1.93387040781e-05, 2.35858642554e-05, 1.23369418361e-05, 1.16923347377e-05, 6.37674702375e-06, 7.46900605009e-06, 1.40090814966e-05, 3.97666781282e-06, 4.16894954469e-06, 3.71481792172e-06, 2.79830896943e-06, 2.86827321361e-06, 2.66867050414e-06, 2.7562143714e-06, 2.11616838897e-06, 2.01107968678e-06, 1.71116994352e-06, 1.60480715294e-06, 1.53988344209e-06, 1.55283134973e-06, 1.38373331993e-06, 1.20937431802e-06],
        "dvar": [9.30790793063e-06, 1.08015128717e-05, 2.85452028947e-06, 4.40767536247e-07, 5.16901479841e-07, 3.54321343821e-07, 1.93823751715e-07, 2.32331103689e-07, 2.39970432858e-07, 1.5493496619e-07, 3.07959368229e-07, 4.32304112508e-08, 2.99741245158e-08, 7.37508720761e-09, 2.67598654347e-09, 1.64993474439e-09, 4.75700678848e-09, 1.52187384916e-09, 1.17298470936e-09, 2.33578512088e-09, 3.42784078899e-10, 3.82794101972e-10, 7.05219216357e-11, 1.09702733009e-10, 7.62981899882e-10, 2.38856850965e-11, 4.31629246234e-11, 2.93346076596e-11, 2.28098963329e-11, 2.0632651837e-11, 1.75500239341e-11, 1.58739618672e-11, 9.93939652805e-12, 8.58667390663e-12, 6.02762458002e-12, 6.47806591356e-12, 6.65416376514e-12, 7.25458885673e-12, 5.61513639405e-12, 5.04613104774e-12],
        "dvar2": [1.89871097973e-05, 2.79792238871e-05, 8.33381727716e-06, 1.24968698856e-06, 1.23280540265e-06, 7.8422056049e-07, 4.17404010022e-07, 5.04047932282e-07, 5.28432849478e-07, 2.80498085203e-07, 5.44604745301e-07, 9.77567324867e-08, 7.34247720402e-08, 1.85694482013e-08, 6.73890099279e-09, 4.44698544655e-09, 1.27752706192e-08, 2.61691557313e-09, 2.78501488538e-09, 6.26608276377e-09, 8.99427254897e-10, 1.00408370507e-09, 1.80862755328e-10, 3.04424568887e-10, 1.87378734751e-09, 6.58094412298e-11, 1.10568831868e-10, 7.22953988341e-11, 5.57312043736e-11, 5.3235901798e-11, 4.32615054891e-11, 3.95729768399e-11, 2.48615485837e-11, 2.01436211461e-11, 1.40189370529e-11, 1.42693695401e-11, 1.4016486756e-11, 1.77379153032e-11, 1.28209933989e-11, 1.03352439454e-11],
        "max": [0.0423156693578, 0.0369446650147, 0.0194667503238, 0.00775147648528, 0.0176155623049, 0.0102658616379, 0.00905695091933, 0.011786704883, 0.0113942017779, 0.0149328233674, 0.0142953358591, 0.00525272032246, 0.00365049089305, 0.00167899485677, 0.00150844582822, 0.000786580552813, 0.0014708393719, 0.00259539415129, 0.00134342128877, 0.00140248297248, 0.000372831680579, 0.000428314466262, 0.000196901077288, 0.000150429055793, 0.000476879416965, 8.33006997709e-05, 0.000193992338609, 0.000109401684313, 0.000248787895544, 9.43392733461e-05, 9.8115982837e-05, 8.5285930254e-05, 8.31754805404e-05, 4.09651001974e-05, 4.71626481158e-05, 5.4533174989e-05, 9.70825203694e-05, 6.80214579916e-05, 6.8371919042e-05, 6.59582656226e-05],
        "mean": [0.00265993224457, 0.00147640251089, 0.000541292713024, 0.0004467209219, 0.000801445450634, 0.000729601480998, 0.000490276899654, 0.000386254600016, 0.00041393013089, 0.000284398236545, 0.000368529843399, 0.00012588086247, 0.000101408106275, 6.10725401202e-05, 4.07673614973e-05, 2.44623479375e-05, 4.35063266195e-05, 2.3490840249e-05, 1.86741654034e-05, 2.02868541237e-05, 1.24622420117e-05, 1.19463620649e-05, 6.60088153381e-06, 7.81639937486e-06, 1.34702158903e-05, 3.91679259337e-06, 4.60887440568e-06, 4.51389314549e-06, 3.36199764206e-06, 3.0492640235e-06, 3.01602494801e-06, 2.97713381769e-06, 2.0996708372e-06, 2.16081548388e-06, 1.82146447969e-06, 1.64353309628e-06, 1.54415590714e-06, 1.52480697579e-06, 1.48589413129e-06, 1.36348899105e-06],
        "median": [0.000373089802451, 0.000469801336294, 0.000258660438703, 0.000223933689995, 0.000318357779179, 0.000336588534992, 0.000253072998021, 0.000134246045491, 0.00015972876281, 0.000100258475868, 8.21126086521e-05, 4.37006674474e-05, 2.93052162306e-05, 2.14522260649e-05, 1.86550751096e-05, 7.46406067265e-06, 1.09264838102e-05, 6.79166396367e-06, 5.66045537198e-06, 3.70545967598e-06, 2.64292839347e-06, 2.34152139456e-06, 1.92663924281e-06, 1.77738388629e-06, 1.79918060894e-06, 1.27465682453e-06, 1.02029673599e-06, 1.18283207939e-06, 1.19149217426e-06, 7.84506937634e-07, 6.75493538438e-07, 5.64638980904e-07, 3.99365575277e-07, 3.71062043314e-07, 3.42094494954e-07, 2.63203020268e-07, 3.13032359145e-07, 3.50061355903e-07, 4.1044032173e-07, 4.45006122618e-07],
        "min": [8.09599565381e-25, 2.71189178578e-25, 2.15783651229e-24, 3.51454375456e-24, 1.95757095808e-24, 2.95498834563e-24, 2.40026885125e-24, 2.09644992044e-24, 1.57684538598e-24, 2.8358595021e-24, 2.5957412866e-24, 2.66174922285e-24, 2.81241889473e-24, 3.5331695494e-24, 3.48412251704e-24, 4.7442146116e-24, 2.95112864643e-24, 4.48621410267e-24, 3.93133841384e-24, 3.32132134773e-24, 5.92151812073e-24, 4.84759443879e-24, 4.89825784714e-24, 7.05802213827e-24, 4.61364629887e-24, 4.81809419638e-24, 3.37045318263e-24, 6.44105717974e-24, 5.1357657219e-24, 5.91934402007e-24, 5.05297161445e-24, 4.61238412142e-24, 7.58535672075e-24, 6.82417142266e-24, 4.37430590022e-24, 5.62847996026e-24, 6.19542482651e-24, 6.80402628173e-24, 7.47889678614e-24, 4.98957677996e-24],
        "var": [2.80223575828e-05, 1.07944497358e-05, 1.70706834979e-06, 4.65483992684e-07, 1.7922080815e-06, 1.14370720894e-06, 5.06277046952e-07, 6.56928136777e-07, 5.65731681945e-07, 5.67959602904e-07, 9.55930431701e-07, 8.08616889003e-08, 6.20248101768e-08, 1.49844190389e-08, 4.55924986653e-09, 2.26495289191e-09, 8.58820659033e-09, 4.00924449195e-09, 1.70387859377e-09, 3.43212569476e-09, 6.71180389045e-10, 7.89058818285e-10, 1.41353179162e-10, 2.38534580976e-10, 1.47038481391e-09, 4.23392571003e-11, 9.14273864949e-11, 7.37361768866e-11, 4.02885017015e-11, 4.38056188545e-11, 3.95708223133e-11, 3.51847335989e-11, 1.73455399349e-11, 1.78072608742e-11, 1.19678459851e-11, 1.26247649487e-11, 1.22307624098e-11, 1.1168067339e-11, 1.01201130809e-11, 9.50257407484e-12]
    },
    "mfcc": {
        "mean": [-677.673156738, 131.281265259, 15.4668359756, 2.83339762688, -7.13694477081, -7.22092008591, -2.77314329147, -3.3733818531, 1.59142196178, -0.864297807217, 0.305284708738, -0.691249012947, -0.914565324783],
        "cov": [[12824.1425781, -511.496551514, 533.617004395, 638.843383789, 399.484222412, 486.471923828, 413.912567139, 236.031845093, 201.150863647, 349.156188965, 135.827667236, 25.0570735931, 285.226654053], [-511.496551514, 2433.35742188, 180.012115479, 48.5143966675, -67.4024124146, -254.500854492, 42.3374214172, 6.49011802673, 12.3409128189, -32.2109413147, 2.49891233444, -4.70682573318, -24.4805431366], [533.617004395, 180.012115479, 1143.60754395, 202.067733765, 107.692382812, 115.470901489, -1.54210102558, 93.3951644897, 9.47329998016, 14.9159555435, 18.946346283, 25.7757053375, 49.3376312256], [638.843383789, 48.5143966675, 202.067733765, 379.888214111, 188.803085327, 77.3539276123, 72.3552017212, 83.0375595093, 45.79271698, 47.5577774048, 21.1603507996, 38.7665710449, 53.6111526489], [399.484222412, -67.4024124146, 107.692382812, 188.803085327, 357.443634033, 162.417953491, 85.2867736816, 103.727973938, 40.4378395081, 62.81873703, 33.434677124, 46.631187439, 60.9300003052], [486.471923828, -254.500854492, 115.470901489, 77.3539276123, 162.417953491, 350.930450439, 110.697944641, 72.214881897, 13.7404289246, 65.8768310547, 53.577671051, 34.7073135376, 51.2043533325], [413.912567139, 42.3374214172, -1.54210102558, 72.3552017212, 85.2867736816, 110.697944641, 227.356369019, 38.5557594299, 23.4341831207, 82.2971572876, 33.03282547, 20.4484615326, 56.7157363892], [236.031845093, 6.49011802673, 93.3951644897, 83.0375595093, 103.727973938, 72.214881897, 38.5557594299, 189.723556519, 54.0118560791, 33.0277099609, 38.344165802, 47.1124801636, 40.5773925781], [201.150863647, 12.3409128189, 9.47329998016, 45.79271698, 40.4378395081, 13.7404289246, 23.4341831207, 54.0118560791, 108.349578857, 48.0430374146, 31.0566730499, 23.3942890167, 22.608877182], [349.156188965, -32.2109413147, 14.9159555435, 47.5577774048, 62.81873703, 65.8768310547, 82.2971572876, 33.0277099609, 48.0430374146, 136.884902954, 51.0225868225, 15.2174425125, 51.3463554382], [135.827667236, 2.49891233444, 18.946346283, 21.1603507996, 33.434677124, 53.577671051, 33.03282547, 38.344165802, 31.0566730499, 51.0225868225, 95.7381286621, 40.1972923279, 22.4479579926], [25.0570735931, -4.70682573318, 25.7757053375, 38.7665710449, 46.631187439, 34.7073135376, 20.4484615326, 47.1124801636, 23.3942890167, 15.2174425125, 40.1972923279, 104.164855957, 46.0051803589], [285.226654053, -24.4805431366, 49.3376312256, 53.6111526489, 60.9300003052, 51.2043533325, 56.7157363892, 40.5773925781, 22.608877182, 51.3463554382, 22.4479579926, 46.0051803589, 112.833023071]],
