{
"lowlevel": {
    "average_loudness": 0.683239877224,
    "barkbands_crest": {
        "dmean": 2.57499742508,
        "dmean2": 3.77381539345,
        "dvar": 7.25194597244,
        "dvar2": 15.2010812759,
        "max": 26.598526001,
        "mean": 12.5423440933,
        "median": 11.7318162918,
        "min": 2.10229873657,
        "var": 31.5675239563
    },
    "barkbands_flatness_db": {
        "dmean": 0.0280586127192,
        "dmean2": 0.0402123741806,
        "dvar": 0.00102298671845,
        "dvar2": 0.00222401274368,
        "max": 0.598961651325,
        "mean": 0.165855586529,
        "median": 0.151438206434,
        "min": 0.0209683403373,
        "var": 0.00634923717007
    },
    "barkbands_kurtosis": {
        "dmean": 9.46863555908,
        "dmean2": 13.7476806641,
        "dvar": 3575.15966797,
        "dvar2": 8881.45800781,
        "max": 3860.43896484,
        "mean": 15.1111898422,
        "median": 4.86807107925,
        "min": -1.93219387531,
        "var": 3996.46850586
    },
    "barkbands_skewness": {
        "dmean": 0.778219997883,
        "dmean2": 1.06906628609,
        "dvar": 1.66086268425,
        "dvar2": 3.33880782127,
        "max": 48.1930580139,
        "mean": 2.26745629311,
        "median": 2.02126550674,
        "min": -3.95056819916,
        "var": 6.58127641678
    },
    "barkbands_spread": {
        "dmean": 6.06441783905,
        "dmean2": 9.02616500854,
        "dvar": 73.438835144,
        "dvar2": 157.364303589,
        "max": 114.922897339,
        "mean": 18.8642501831,
        "median": 15.1896810532,
        "min": 0.0498479306698,
        "var": 223.191070557
    },
    "dissonance": {
        "dmean": 0.0211650915444,
        "dmean2": 0.0349039249122,
        "dvar": 0.000453252490843,
        "dvar2": 0.0011972192442,
        "max": 0.500000119209,
        "mean": 0.453963816166,
        "median": 0.463168442249,
        "min": 0.203033477068,
        "var": 0.00132283277344
    },
    "dynamic_complexity": 3.88075017929,
    "erbbands_crest": {
        "dmean": 2.44371700287,
        "dmean2": 3.85635924339,
        "dvar": 6.20793867111,
        "dvar2": 14.2894678116,
        "max": 30.5874519348,
        "mean": 8.9103975296,
        "median": 7.84256696701,
        "min": 2.08555960655,
        "var": 21.9389686584
    },
    "erbbands_flatness_db": {
        "dmean": 0.0190239548683,
        "dmean2": 0.0278795287013,
        "dvar": 0.000379289267585,
        "dvar2": 0.000819208566099,
        "max": 0.469936817884,
        "mean": 0.158046558499,
        "median": 0.138934418559,
        "min": 0.0461865104735,
        "var": 0.00480160536245
    },
    "erbbands_kurtosis": {
        "dmean": 1.50202047825,
        "dmean2": 2.31854748726,
        "dvar": 7.60419225693,
        "dvar2": 17.925868988,
        "max": 76.2451782227,
        "mean": 1.74569034576,
        "median": 0.41423368454,
        "min": -1.91456186771,
        "var": 19.8316040039
    },
    "erbbands_skewness": {
        "dmean": 0.433868080378,
        "dmean2": 0.639257371426,
        "dvar": 0.222566470504,
        "dvar2": 0.491180688143,
        "max": 8.02738189697,
        "mean": 0.675180017948,
        "median": 0.643705189228,
        "min": -3.65703439713,
        "var": 1.23117184639
    },
    "erbbands_spread": {
        "dmean": 10.0062665939,
        "dmean2": 14.8326425552,
        "dvar": 136.651641846,
        "dvar2": 284.581939697,
        "max": 174.008865356,
        "mean": 41.1531066895,
        "median": 37.1626167297,
        "min": 2.09595990181,
        "var": 540.418457031
    },
    "hfc": {
        "dmean": 7.81298160553,
        "dmean2": 11.9462022781,
        "dvar": 243.129714966,
        "dvar2": 606.618347168,
        "max": 194.716094971,
        "mean": 19.4346141815,
        "median": 11.4906702042,
        "min": 1.04944973415e-16,
        "var": 558.147033691
    },
    "melbands_crest": {
        "dmean": 2.92037463188,
        "dmean2": 4.2135682106,
        "dvar": 9.40751647949,
        "dvar2": 19.3836269379,
        "max": 37.0306434631,
        "mean": 16.4275188446,
        "median": 15.9139432907,
        "min": 1.00779652596,
        "var": 63.9983482361
    },
    "melbands_flatness_db": {
        "dmean": 0.0323240756989,
        "dmean2": 0.0454150550067,
        "dvar": 0.00148448103573,
        "dvar2": 0.00317263253964,
        "max": 0.741722524166,
        "mean": 0.222599163651,
        "median": 0.222814649343,
        "min": 6.94610150731e-07,
        "var": 0.0111770052463
    },
    "melbands_kurtosis": {
        "dmean": 16.217672348,
        "dmean2": 22.5445747375,
        "dvar": 1694.10107422,
        "dvar2": 3005.11254883,
        "max": 977.101806641,
        "mean": 31.5369586945,
        "median": 12.7905454636,
        "min": -1.872641325,
        "var": 4581.70507812
    },
    "melbands_skewness": {
        "dmean": 0.964044094086,
        "dmean2": 1.32372570038,
        "dvar": 1.7108206749,
        "dvar2": 3.07523965836,
        "max": 24.9077320099,
        "mean": 3.42733311653,
        "median": 2.87244462967,
        "min": -1.85355854034,
        "var": 8.59715366364
    },
    "melbands_spread": {
        "dmean": 7.01291894913,
        "dmean2": 10.4862298965,
        "dvar": 127.238021851,
        "dvar2": 267.550628662,
        "max": 204.822799683,
        "mean": 25.0506305695,
        "median": 12.9709091187,
        "min": 0.180261254311,
        "var": 1062.17321777
    },
    "pitch_salience": {
        "dmean": 0.0749254152179,
        "dmean2": 0.111517183483,
        "dvar": 0.00687265628949,
        "dvar2": 0.0151107106358,
        "max": 0.997421324253,
        "mean": 0.511150240898,
        "median": 0.512527287006,
        "min": 0.0139268785715,
        "var": 0.0307059120387
    },
    "silence_rate_20dB": {
        "dmean": 0,
        "dmean2": 0,
        "dvar": 0,
        "dvar2": 0,
        "max": 1,
        "mean": 1,
        "median": 1,
        "min": 1,
        "var": 0
    },
    "silence_rate_30dB": {
        "dmean": 0.0300412327051,
        "dmean2": 0.0600883662701,
        "dvar": 0.02913990058,
        "dvar2": 0.064721442759,
        "max": 1,
        "mean": 0.964955329895,
        "median": 1,
        "min": 0,
        "var": 0.0338133983314
    },
    "silence_rate_60dB": {
        "dmean": 0.0249361861497,
        "dmean2": 0.0498772710562,
        "dvar": 0.0243177674711,
        "dvar2": 0.0548625029624,
        "max": 1,
        "mean": 0.130558550358,
        "median": 0,
        "min": 0,
        "var": 0.113514870405
    },
    "spectral_centroid": {
        "dmean": 283.248748779,
        "dmean2": 425.600585938,
        "dvar": 139269.21875,
        "dvar2": 287595.1875,
        "max": 12012.9570312,
        "mean": 1738.65783691,
        "median": 1043.05541992,
        "min": 82.436920166,
        "var": 5237830
    },
    "spectral_complexity": {
        "dmean": 3.76477527618,
        "dmean2": 6.08659791946,
        "dvar": 31.3770580292,
        "dvar2": 77.0397796631,
        "max": 53,
        "mean": 13.9455184937,
        "median": 12,
        "min": 0,
        "var": 100.752540588
    },
    "spectral_decrease": {
        "dmean": 2.28929986079e-09,
        "dmean2": 2.79655076874e-09,
        "dvar": 9.35782809536e-18,
        "dvar2": 1.52684388906e-17,
        "max": 1.92455302485e-28,
        "mean": -8.54860182642e-09,
        "median": -6.01008887102e-09,
        "min": -4.43324879029e-08,
        "var": 6.88875881785e-17
    },
    "spectral_energy": {
        "dmean": 0.00894117448479,
        "dmean2": 0.0110305873677,
        "dvar": 0.000139023468364,
        "dvar2": 0.000228665914619,
        "max": 0.168768376112,
        "mean": 0.0340271778405,
        "median": 0.0243420060724,
        "min": 9.76411426758e-21,
        "var": 0.0010539352661
    },
    "spectral_energyband_high": {
        "dmean": 0.000717026763596,
        "dmean2": 0.00111396890134,
        "dvar": 2.93141602015e-06,
        "dvar2": 7.37959635444e-06,
        "max": 0.0212272275239,
        "mean": 0.00110055156983,
        "median": 0.000324954802636,
        "min": 6.83684324879e-21,
        "var": 4.39949963038e-06
    },
    "spectral_energyband_low": {
        "dmean": 0.00690776202828,
        "dmean2": 0.00809243507683,
        "dvar": 0.000148039529449,
        "dvar2": 0.000249742093729,
        "max": 0.166633039713,
        "mean": 0.0191276501864,
        "median": 0.00637832656503,
        "min": 1.13936403275e-23,
        "var": 0.000687976717018
    },
    "spectral_energyband_middle_high": {
        "dmean": 0.00141280377284,
        "dmean2": 0.00217117578723,
        "dvar": 6.33791341897e-06,
        "dvar2": 1.356012217e-05,
        "max": 0.0490569770336,
        "mean": 0.00381942116655,
        "median": 0.00174493249506,
        "min": 1.03994849035e-21,
        "var": 3.14528297167e-05
    },
    "spectral_energyband_middle_low": {
        "dmean": 0.00444316258654,
        "dmean2": 0.00695174420252,
        "dvar": 5.31169243914e-05,
        "dvar2": 0.000130736560095,
        "max": 0.0805912092328,
        "mean": 0.0105643728748,
        "median": 0.00670381169766,
        "min": 1.33085100871e-22,
        "var": 0.000134120185976
    },
    "spectral_entropy": {
        "dmean": 0.218549504876,
        "dmean2": 0.326680868864,
        "dvar": 0.0684466511011,
        "dvar2": 0.159785583615,
        "max": 9.82530879974,
        "mean": 7.65137720108,
        "median": 7.64416790009,
        "min": 4.52014636993,
        "var": 0.602613091469
    },
    "spectral_flux": {
        "dmean": 0.0280736554414,
        "dmean2": 0.0383247807622,
        "dvar": 0.00137397670187,
        "dvar2": 0.00235941330902,
        "max": 0.433794915676,
        "mean": 0.0745917409658,
        "median": 0.0565400458872,
        "min": 6.2555551017e-11,
        "var": 0.00402963487431
    },
    "spectral_kurtosis": {
        "dmean": 1.51703035831,
        "dmean2": 2.47256875038,
        "dvar": 8.49792957306,
        "dvar2": 21.190788269,
        "max": 120.602035522,
        "mean": 3.99874067307,
        "median": 3.00973176956,
        "min": -1.27847027779,
        "var": 26.1298065186
    },
    "spectral_rms": {
        "dmean": 0.000719550007489,
        "dmean2": 0.000890608876944,
        "dvar": 7.08732102339e-07,
        "dvar2": 1.13899704957e-06,
        "max": 0.0128316823393,
        "mean": 0.00496139982715,
        "median": 0.00487322267145,
        "min": 3.08641610533e-12,
        "var": 8.58195107867e-06
    },
    "spectral_rolloff": {
        "dmean": 547.491516113,
        "dmean2": 909.645874023,
        "dvar": 1343749.875,
        "dvar2": 2982756.25,
        "max": 19810.546875,
        "mean": 2281.30957031,
        "median": 753.662109375,
        "min": 64.599609375,
        "var": 18046418
    },
    "spectral_skewness": {
        "dmean": 0.241238027811,
        "dmean2": 0.374107837677,
        "dvar": 0.087799705565,
        "dvar2": 0.2001542449,
        "max": 8.83372402191,
        "mean": 1.50944590569,
        "median": 1.48630058765,
        "min": -0.179834246635,
        "var": 0.513478815556
    },
    "spectral_spread": {
        "dmean": 683843.625,
        "dmean2": 1011707.5625,
        "dvar": 743431864320,
        "dvar2": 1.4976801833e+12,
        "max": 45283704,
        "mean": 7324082,
        "median": 5559230,
        "min": 733737.125,
        "var": 6.25916782838e+13
    },
    "spectral_strongpeak": {
        "dmean": 0.342101186514,
        "dmean2": 0.560377001762,
        "dvar": 0.41621235013,
        "dvar2": 0.997270226479,
        "max": 10.1469812393,
        "mean": 0.779838979244,
        "median": 0.466766744852,
        "min": 0,
        "var": 0.975100934505
    },
    "zerocrossingrate": {
        "dmean": 0.012572882697,
        "dmean2": 0.014362228103,
        "dvar": 0.000267655093921,
        "dvar2": 0.000291934295092,
        "max": 0.845703125,
        "mean": 0.0822018384933,
        "median": 0.04833984375,
        "min": 0.001953125,
        "var": 0.0120599735528
    },
    "barkbands": {
        "dmean": [0.000393696216634, 0.00697322562337, 0.00205071736127, 0.00109976821113, 0.00141601683572, 0.00159374834038, 0.00094591564266, 0.000533198413905, 0.000591338903178, 0.000352127332008, 0.000382784928661, 0.000272994075203, 0.000196165870875, 0.000308566028252, 0.000210365731618, 0.000113610796689, 0.000142347169458, 0.000156269044965, 0.000122028111946, 0.000118484880659, 0.000129500593175, 0.00015958394215, 0.000149126441102, 0.000135835900437, 9.90309927147e-05, 4.66674027848e-05, 5.25539053342e-06],
        "dmean2": [0.000522736343555, 0.00923568475991, 0.00341674289666, 0.00203037657775, 0.00211027264595, 0.00241641607136, 0.00146853004117, 0.000840319029521, 0.000895433768164, 0.000539482221939, 0.000591866788454, 0.000430789892562, 0.000312642747303, 0.000472494866699, 0.00032866068068, 0.000184146367246, 0.000239263608819, 0.0002501088602, 0.000197064233362, 0.000195537795662, 0.000214271683944, 0.000253603386227, 0.000229800789384, 0.000216439570067, 0.000157412519911, 7.23479315639e-05, 8.50407377584e-06],
        "dvar": [6.99441613961e-07, 0.00022656407964, 4.23790261266e-05, 1.47984683281e-05, 6.82848258293e-06, 1.16010369311e-05, 8.00070665719e-06, 2.56600969806e-06, 1.79597793704e-06, 9.5231234809e-07, 1.12865768642e-06, 6.03684327416e-07, 2.63270379719e-07, 1.04720800209e-06, 4.87273098315e-07, 1.80344230216e-07, 1.35097110388e-07, 1.09751660204e-07, 1.09392743752e-07, 6.17345250475e-08, 7.8691520855e-08, 1.36523340188e-07, 1.40727067333e-07, 1.30830500211e-07, 7.47880761764e-08, 1.57628363695e-08, 1.95688173998e-10],
        "dvar2": [1.30606304083e-06, 0.000508436816745, 0.000113285379484, 4.28917446698e-05, 1.40710490086e-05, 2.52792779065e-05, 1.92788556888e-05, 5.82331358601e-06, 4.13372163166e-06, 1.85008400422e-06, 2.7188623335e-06, 1.26442444071e-06, 5.63128992326e-07, 2.14640135709e-06, 1.07247547021e-06, 3.70696739083e-07, 3.37708229381e-07, 2.57628073541e-07, 2.50993736017e-07, 1.56485853609e-07, 2.06757249543e-07, 3.34344179009e-07, 3.39773066571e-07, 3.37635071901e-07, 1.92927103626e-07, 3.94161077111e-08, 4.82918760536e-10],
        "max": [0.0106385229155, 0.161823809147, 0.0572193898261, 0.0371607616544, 0.050110232085, 0.0633856728673, 0.0628491938114, 0.045999776572, 0.0389352552593, 0.0358513481915, 0.0304865986109, 0.0237081311643, 0.0156429819763, 0.0321539975703, 0.0232914779335, 0.0253875162452, 0.008125978522, 0.00670734513551, 0.0111044989899, 0.00425054458901, 0.00384556758218, 0.00761162117124, 0.006751104258, 0.00446389010176, 0.00296273035929, 0.00168487429619, 0.000240004534135],
        "mean": [0.000904597574845, 0.0150237046182, 0.00266646314412, 0.0010205686558, 0.00302733643912, 0.00296929292381, 0.00160098355263, 0.000790292513557, 0.00106862699613, 0.00060201191809, 0.000611169263721, 0.000429790175986, 0.000346085085766, 0.000518244341947, 0.000353385985363, 0.000193792482605, 0.000222921793466, 0.000286242982838, 0.000197228291654, 0.000171739869984, 0.000176537592779, 0.000252269848716, 0.000221207432332, 0.000178430447704, 0.000126902654301, 6.16093748249e-05, 5.72662474951e-06],
        "median": [3.02689604723e-05, 0.00387615314685, 9.11164461286e-05, 0.000113999471068, 0.00106097070966, 0.00105231453199, 0.000569394323975, 0.000229410637985, 0.000431488733739, 0.00018530858506, 0.000201498303795, 0.000117429590318, 8.72502059792e-05, 0.000106461673568, 8.13361548353e-05, 3.97416333726e-05, 4.41030824732e-05, 5.5579454056e-05, 3.62210921594e-05, 4.56838170066e-05, 5.62283894396e-05, 6.08756963629e-05, 4.62979878648e-05, 3.54612930096e-05, 2.9757989978e-05, 1.25338274302e-05, 7.20383525277e-07],
        "min": [3.30532891851e-25, 2.65825456904e-24, 3.45737150419e-25, 1.95793156612e-25, 4.70784457399e-24, 5.04218709702e-24, 4.53297659384e-24, 3.2354305668e-24, 9.3691195333e-24, 7.358964685e-24, 1.07826573013e-23, 1.06903321764e-23, 1.46263047536e-23, 2.20422425509e-23, 4.36636151871e-23, 3.61081452506e-23, 6.13411424142e-23, 8.93232630345e-23, 8.48294380018e-23, 1.51184081769e-22, 1.88163811035e-22, 2.70189050467e-22, 3.22722516698e-22, 5.29367975591e-22, 8.14377791336e-22, 1.17977584023e-21, 1.90406172771e-21],
        "var": [2.63375795839e-06, 0.000523817492649, 4.60863484477e-05, 9.03534328245e-06, 2.60939359578e-05, 3.14201788569e-05, 1.63490112755e-05, 4.75899832963e-06, 4.59275725007e-06, 2.99609428112e-06, 2.00211889023e-06, 1.56102385063e-06, 6.82558948029e-07, 2.96528810395e-06, 1.01206057934e-06, 5.93188644871e-07, 2.73192455325e-07, 4.02136208777e-07, 3.55888062131e-07, 1.05609736067e-07, 1.00149861737e-07, 2.69068834768e-07, 2.53978811315e-07, 1.58798385996e-07, 7.88209817415e-08, 1.85006356901e-08, 2.09721157107e-10]
    },
    "erbbands": {
        "dmean": [0.229619622231, 1.58242475986, 2.28120040894, 3.35115718842, 2.81327056885, 5.47929430008, 12.1574983597, 11.9251527786, 10.0510396957, 16.8334617615, 11.5175151825, 10.8825836182, 12.9151239395, 11.4937028885, 11.5837450027, 9.39240932465, 8.15691375732, 13.8145780563, 11.4159450531, 10.4894371033, 5.54911422729, 8.56375980377, 8.53751468658, 5.56082248688, 6.91458415985, 5.49410915375, 4.61463022232, 5.57571840286, 5.95766496658, 5.43294095993, 4.08732748032, 3.25359559059, 2.00624799728, 1.20634102821, 0.663825213909, 0.27106076479, 0.0740934163332, 0.0129239587113, 0.000781155598816, 2.26160882448e-05],
        "dmean2": [0.274658799171, 2.24530673027, 3.53231811523, 6.08186578751, 4.717045784, 8.14218139648, 18.4061985016, 18.0277328491, 15.1438131332, 26.3776111603, 17.6954174042, 16.7022666931, 19.6432285309, 17.5188331604, 17.919506073, 14.7082471848, 12.6799173355, 21.3883018494, 17.5494022369, 16.0976657867, 8.90280342102, 14.2504329681, 13.751953125, 8.93574905396, 11.1989870071, 9.02147388458, 7.62069272995, 9.20865821838, 9.62221717834, 8.58963012695, 6.36154174805, 5.22857046127, 3.15670847893, 1.93112742901, 1.05457985401, 0.423020601273, 0.115909472108, 0.0202708188444, 0.00128633249551, 3.33117786795e-05],
        "dvar": [0.199367955327, 14.0543870926, 39.2196502686, 145.332641602, 38.4505844116, 110.78692627, 696.448242188, 811.768615723, 955.589355469, 2548.29272461, 1027.94689941, 632.499938965, 1070.41186523, 721.334838867, 1015.15960693, 750.796569824, 374.077056885, 1713.47827148, 2146.49291992, 1245.53894043, 268.172271729, 460.789031982, 331.238800049, 175.477050781, 377.860717773, 149.171463013, 94.8615188599, 161.75970459, 187.355331421, 192.791564941, 108.883010864, 73.5177459717, 28.7717571259, 10.8134326935, 3.39987063408, 0.557454884052, 0.0389980375767, 0.00109951815102, 4.63822652819e-06, 2.16207363124e-09],
        "dvar2": [0.335653483868, 33.3851394653, 96.3189468384, 414.388214111, 104.015541077, 241.374404907, 1515.13586426, 1631.43725586, 1995.91027832, 6146.69287109, 2314.29443359, 1486.81054688, 2308.71264648, 1572.28686523, 2353.02905273, 1469.08679199, 719.459716797, 3734.80737305, 4442.17626953, 2438.65893555, 579.099731445, 1151.9744873, 796.354125977, 423.588653564, 862.190368652, 371.943603516, 241.199752808, 427.982330322, 475.100036621, 473.298980713, 270.005218506, 190.058609009, 72.3610610962, 27.9237480164, 8.77656459808, 1.40013861656, 0.0985485985875, 0.00272204610519, 1.17568897622e-05, 5.29425303597e-09],
        "max": [4.93144369125, 38.8282699585, 56.7745857239, 113.081893921, 101.750526428, 269.723419189, 500.285339355, 581.985412598, 782.684814453, 1401.83459473, 826.958557129, 710.339172363, 821.403259277, 656.160644531, 889.186767578, 1054.63305664, 771.395446777, 1121.70227051, 1939.84985352, 1156.60754395, 849.131286621, 464.112304688, 390.383850098, 366.253692627, 783.75012207, 280.083648682, 167.569168091, 189.676818848, 206.081481934, 295.347930908, 192.819854736, 110.706726074, 71.2108917236, 38.5752182007, 22.067735672, 9.72364521027, 2.59389615059, 0.436192184687, 0.0412436947227, 0.000776117027272],
        "mean": [0.563208222389, 2.79495978355, 3.75009965897, 3.18223237991, 4.47497367859, 11.2708330154, 23.3116569519, 22.3515052795, 19.02784729, 26.7081565857, 19.2563304901, 19.4549541473, 23.7727012634, 21.4654846191, 19.8653354645, 15.4728679657, 15.6140060425, 24.0476722717, 20.5683460236, 18.5652713776, 10.5865192413, 14.7630882263, 15.4293365479, 9.26297092438, 11.5501470566, 8.04258537292, 6.42264556885, 7.61356306076, 9.17388248444, 8.12659549713, 5.96089982986, 4.25261688232, 2.67186832428, 1.53093016148, 0.845783472061, 0.354727208614, 0.0959515050054, 0.0163888912648, 0.000845223199576, 5.81807107665e-05],
        "median": [0.0895656272769, 0.656841397285, 0.282214313745, 0.406816273928, 1.17970252037, 3.96395802498, 8.15288257599, 7.43133211136, 6.25772571564, 9.01529216766, 7.27539253235, 7.94655704498, 8.55397224426, 8.21713256836, 6.16670942307, 4.99170875549, 4.99300909042, 5.6602730751, 4.97369432449, 4.06163644791, 2.43595504761, 2.93672132492, 3.13703799248, 2.0315515995, 2.18378853798, 2.11044979095, 2.04320383072, 2.35697627068, 2.22330379486, 1.73617374897, 1.20409226418, 0.817127883434, 0.537636220455, 0.334687411785, 0.193977981806, 0.0688084736466, 0.0187494438142, 0.00337980617769, 0.000131191060063, 3.94373055315e-05],
        "min": [6.36702005943e-23, 3.18529159318e-22, 1.42527783577e-21, 4.7489783943e-21, 8.41273217563e-21, 1.79025876025e-20, 2.97582716698e-20, 5.18751457761e-20, 1.13748449466e-19, 1.30975661869e-19, 1.97842461046e-19, 2.7633219473e-19, 2.58249509552e-19, 3.93426538075e-19, 8.15048768099e-19, 6.8616777311e-19, 1.17855938874e-18, 1.66256830435e-18, 2.01826899584e-18, 2.38257650161e-18, 3.35348036598e-18, 3.61393472545e-18, 4.35471094635e-18, 4.87860826885e-18, 5.90877652218e-18, 7.5437755171e-18, 7.60646505418e-18, 8.39982556021e-18, 9.86971889127e-18, 1.00998124135e-17, 8.20793123863e-18, 8.85760220045e-18, 8.99169562237e-18, 7.92073412995e-18, 5.73024116749e-18, 3.71984238159e-18, 2.23158626131e-18, 8.69786824749e-19, 2.44341113787e-19, 2.52505024541e-20],
        "var": [0.730864942074, 22.6815757751, 60.6972808838, 91.7647323608, 59.4641876221, 378.392547607, 1986.85717773, 2517.63598633, 2903.0222168, 4244.47216797, 1964.8684082, 1409.35314941, 2980.03295898, 1949.96740723, 2126.90478516, 1805.03051758, 1240.61230469, 4275.46142578, 5138.83447266, 3294.4074707, 917.066833496, 1064.046875, 1081.69116211, 468.054199219, 1152.79760742, 251.970504761, 128.322875977, 210.865707397, 345.674316406, 339.793426514, 184.255981445, 92.1531066895, 35.7616958618, 11.6359901428, 3.54893732071, 0.636881351471, 0.0448774285614, 0.00127610925119, 4.65137509309e-06, 4.38577041351e-09]
    },
    "gfcc": {
        "mean": [-86.3302688599, 63.8282966614, -103.365943909, 16.2151107788, -69.6599273682, 9.41527080536, -38.7226333618, 4.39482784271, -21.6155757904, 8.97816181183, -13.799161911, 7.91398191452, -6.25406551361],
        "cov": [[77355.046875, 4893.36669922, -4057.53735352, 2579.25537109, -2909.40917969, 1917.45275879, -1975.14489746, 1177.54760742, -921.603210449, 583.518066406, -855.760070801, 650.196777344, -674.112548828], [4893.36669922, 2306.7019043, 595.072570801, 508.49420166, 284.386413574, 160.232284546, 40.2064552307, -46.5139427185, 68.5721054077, -13.5570640564, 40.8254966736, -60.2586898804, 34.993724823], [-4057.53735352, 595.072570801, 2884.11694336, 938.441955566, 847.261901855, 551.259460449, 502.184020996, 205.466430664, 363.777801514, 39.2086181641, 117.636497498, 35.1814651489, 57.2790641785], [2579.25537109, 508.49420166, 938.441955566, 1099.6998291, 639.308166504, 489.565032959, 206.115921021, 237.218734741, 180.612365723, 66.6875915527, 56.6089553833, 50.1791534424, 7.29666471481], [-2909.40917969, 284.386413574, 847.261901855, 639.308166504, 1165.52954102, 425.405395508, 432.465545654, 214.551757812, 272.960998535, 33.5688934326, 152.616821289, -6.08580636978, 51.7698173523], [1917.45275879, 160.232284546, 551.259460449, 489.565032959, 425.405395508, 657.619262695, 314.984405518, 278.983673096, 154.905944824, 87.1783294678, 51.8384437561, 74.4159011841, -9.0952091217], [-1975.14489746, 40.2064552307, 502.184020996, 206.115921021, 432.465545654, 314.984405518, 445.832855225, 200.591827393, 164.782974243, 46.1164131165, 91.1963577271, 16.6387577057, 40.6807365417], [1177.54760742, -46.5139427185, 205.466430664, 237.218734741, 214.551757812, 278.983673096, 200.591827393, 311.409301758, 149.876937866, 68.6674804688, 35.9463615417, 64.2536239624, 17.0663757324], [-921.603210449, 68.5721054077, 363.777801514, 180.612365723, 272.960998535, 154.905944824, 164.782974243, 149.876937866, 245.394195557, 78.7784423828, 82.3208770752, 35.2618560791, 42.5528831482], [583.518066406, -13.5570640564, 39.2086181641, 66.6875915527, 33.5688934326, 87.1783294678, 46.1164131165, 68.6674804688, 78.7784423828, 164.539108276, 56.4254608154, 47.4857215881, 24.4302043915], [-855.760070801, 40.8254966736, 117.636497498, 56.6089553833, 152.616821289, 51.8384437561, 91.1963577271, 35.9463615417, 82.3208770752, 56.4254608154, 136.489807129, 36.5287208557, 32.9451293945], [650.196777344, -60.2586898804, 35.1814651489, 50.1791534424, -6.08580636978, 74.4159011841, 16.6387577057, 64.2536239624, 35.2618560791, 47.4857215881, 36.5287208557, 109.105476379, 30.8953742981], [-674.112548828, 34.993724823, 57.2790641785, 7.29666471481, 51.7698173523, -9.0952091217, 40.6807365417, 17.0663757324, 42.5528831482, 24.4302043915, 32.9451293945, 30.8953742981, 110.292205811]],
        "icov": [[0.000115907547297, -0.000296558398986, 0.000203561270609, -0.000311432959279, 0.000318690930726, -0.00041589490138, 0.000560540531296, -0.000689009146299, 0.000391528767068, -0.000308351183776, 0.000272457924439, -0.000342142098816, 0.000365087937098], [-0.000296558398986, 0.00129343161825, -0.000549041957129, 0.000516189669725, -0.000735050183721, 0.00090633041691, -0.00133531366009, 0.00207049050368, -0.00112389761489, 0.000902672298253, -0.000924263207708, 0.001382326358, -0.00125753250904], [0.000203561270609, -0.000549041957129, 0.000998646602966, -0.00100749870762, 0.000619445752818, -0.000799560977612, 0.000390800792957, -0.000563843466807, -7.86414602771e-05, -0.000239283559495, 0.000702206452843, -0.00081343279453, 0.000654254748952], [-0.000311432959279, 0.000516189669725, -0.00100749870762, 0.00314840092324, -0.00184830604121, 0.00023419696663, -0.00018644843658, 0.000828595540952, -0.000530840072315, 0.000421365635702, -0.000491949846037, 0.00069202913437, -0.000860320520587], [0.000318690930726, -0.000735050183721, 0.000619445752818, -0.00184830604121, 0.00312507199124, -0.00145838968456, 0.000320704653859, -0.00138244219124, -6.62348174956e-05, 8.56227707118e-05, -0.00055175909074, 0.000283434259472, 0.000582149776164], [-0.00041589490138, 0.00090633041691, -0.000799560977612, 0.00023419696663, -0.00145838968456, 0.00566460704431, -0.00391290197149, 0.000961094803642, -0.000742294359952, 0.000125260048662, 3.50973350578e-05, -0.000745485245716, 0.000473419582704], [0.000560540531296, -0.00133531366009, 0.000390800792957, -0.00018644843658, 0.000320704653859, -0.00391290197149, 0.0089611588046, -0.0057321023196, 0.00212720176205, -0.00121241703164, -0.000695103197359, 0.000576447753701, 0.000261583627434], [-0.000689009146299, 0.00207049050368, -0.000563843466807, 0.000828595540952, -0.00138244219124, 0.000961094803642, -0.0057321023196, 0.0123075777665, -0.00601828889921, 0.00180907477625, 0.000421338743763, -0.000545812712517, -0.00174392561894], [0.000391528767068, -0.00112389761489, -7.86414602771e-05, -0.000530840072315, -6.62348174956e-05, -0.000742294359952, 0.00212720176205, -0.00601828889921, 0.0107871275395, -0.00349588063546, -0.00135169830173, -0.000502340437379, 9.90746193565e-05], [-0.000308351183776, 0.000902672298253, -0.000239283559495, 0.000421365635702, 8.56227707118e-05, 0.000125260048662, -0.00121241703164, 0.00180907477625, -0.00349588063546, 0.00981310196221, -0.0034617644269, -0.000254620797932, -0.00165675382596], [0.000272457924439, -0.000924263207708, 0.000702206452843, -0.000491949846037, -0.00055175909074, 3.50973350578e-05, -0.000695103197359, 0.000421338743763, -0.00135169830173, -0.0034617644269, 0.0132701732218, -0.00506335357204, 0.000822231872007], [-0.000342142098816, 0.001382326358, -0.00081343279453, 0.00069202913437, 0.000283434259472, -0.000745485245716, 0.000576447753701, -0.000545812712517, -0.000502340437379, -0.000254620797932, -0.00506335357204, 0.0161185432225, -0.00522829266265], [0.000365087937098, -0.00125753250904, 0.000654254748952, -0.000860320520587, 0.000582149776164, 0.000473419582704, 0.000261583627434, -0.00174392561894, 9.90746193565e-05, -0.00165675382596, 0.000822231872007, -0.00522829266265, 0.0129012567922]]
    },
    "melbands": {
        "dmean": [0.00196509179659, 0.00132258154918, 0.000551507633645, 0.000254196318565, 0.000391392677557, 0.000274079793599, 0.000163936507306, 0.000170136350789, 9.44863932091e-05, 7.42421470932e-05, 6.81262536091e-05, 4.85809614474e-05, 4.9012418458e-05, 2.77807648672e-05, 2.3897846404e-05, 2.37674066739e-05, 2.616290476e-05, 2.1365684006e-05, 1.58360908245e-05, 1.10504133772e-05, 6.29711303191e-06, 8.97351401363e-06, 1.02326830529e-05, 6.48049172014e-06, 4.54715291198e-06, 5.31375962964e-06, 5.1072520364e-06, 3.48180060428e-06, 2.85715827886e-06, 3.00670308206e-06, 3.42662633557e-06, 3.38630024999e-06, 3.32902823175e-06, 3.09130587084e-06, 2.43379736276e-06, 2.13949965655e-06, 1.96936230168e-06, 1.43890179061e-06, 1.22994481444e-06, 9.86659983937e-07],
        "dmean2": [0.00251179281622, 0.00185251003131, 0.000991583685391, 0.000391222274629, 0.000588319788221, 0.000414809503127, 0.000248859782005, 0.000266809598543, 0.000144707970321, 0.000113890586363, 0.000103448408481, 7.37398659112e-05, 7.58985042921e-05, 4.36233567598e-05, 3.74493465642e-05, 3.69847548427e-05, 4.07550105592e-05, 3.28272362822e-05, 2.4981714887e-05, 1.68739807123e-05, 1.02715566754e-05, 1.49826091729e-05, 1.6401276298e-05, 1.05870940388e-05, 7.39251436244e-06, 8.57247687236e-06, 8.41257860884e-06, 5.75929789193e-06, 4.75673095934e-06, 5.05078423885e-06, 5.67270762986e-06, 5.49051719645e-06, 5.38342419532e-06, 4.92438630317e-06, 3.84772874895e-06, 3.34754440701e-06, 3.23323661178e-06, 2.26044039664e-06, 1.96729479285e-06, 1.59938838351e-06],
        "dvar": [1.63798995345e-05, 9.43372197071e-06, 3.49152014678e-06, 2.08218878583e-07, 6.37730522612e-07, 3.81538740157e-07, 2.25320150093e-07, 2.35777235957e-07, 5.32335420189e-08, 3.41281491956e-08, 2.98724032177e-08, 1.29714248231e-08, 1.97089562448e-08, 9.67639390836e-09, 2.90068480346e-09, 4.67335370402e-09, 5.97023452897e-09, 9.4752543589e-09, 3.06837977249e-09, 1.75565728622e-09, 2.91048962708e-10, 4.76063910515e-10, 6.10122619094e-10, 1.97720007034e-10, 1.39096636986e-10, 2.50328091589e-10, 1.39059028181e-10, 6.73827313391e-11, 3.6584391766e-11, 4.35813780897e-11, 6.16874468173e-11, 6.01753508134e-11, 6.61546650793e-11, 6.44545042339e-11, 3.96536380121e-11, 2.8287042847e-11, 2.87532046783e-11, 1.42850063375e-11, 1.1063544178e-11, 7.43025172639e-12],
        "dvar2": [3.32000781782e-05, 2.05922806344e-05, 9.93130561255e-06, 4.70435139732e-07, 1.35086133923e-06, 7.87406236213e-07, 5.03461706103e-07, 5.57746943741e-07, 1.19580121805e-07, 7.98127928192e-08, 6.36450607772e-08, 2.73017821684e-08, 4.72607410984e-08, 1.98455598621e-08, 5.99012528468e-09, 9.89607773505e-09, 1.30062378645e-08, 1.91666096327e-08, 6.65549970691e-09, 3.27624505303e-09, 6.70982713835e-10, 1.17245202436e-09, 1.4422469885e-09, 4.95879504125e-10, 3.35587058142e-10, 5.77723813233e-10, 3.42047917767e-10, 1.68867170247e-10, 9.27908028192e-11, 1.14533313389e-10, 1.62339863774e-10, 1.53090873312e-10, 1.64879318532e-10, 1.60547464212e-10, 1.00149388782e-10, 6.9034986061e-11, 7.59821233709e-11, 3.55985067813e-11, 2.83004626678e-11, 1.9393859782e-11],
        "max": [0.0420872531831, 0.0307197868824, 0.0175216533244, 0.00959468539804, 0.0162357017398, 0.0121228415519, 0.0100072631612, 0.0129563398659, 0.00566287059337, 0.00489677768201, 0.00463127251714, 0.00293612969108, 0.00438087573275, 0.00325033022091, 0.00147304346319, 0.00181180541404, 0.00190700229723, 0.00420403433964, 0.00238245050423, 0.00229100626893, 0.000652356597129, 0.000530356541276, 0.00052850152133, 0.000254075595876, 0.000349068141077, 0.000672075140756, 0.000325616972987, 0.000201550705242, 9.56285148277e-05, 0.000109344080556, 0.000140672374982, 0.000108378422738, 0.00018561037723, 0.00015227192489, 0.000129124397063, 8.20116256364e-05, 7.23664561519e-05, 5.38987842447e-05, 3.97413678002e-05, 3.31501869368e-05],
        "mean": [0.00451913662255, 0.00258906139061, 0.000591054558754, 0.000512713566422, 0.000782552408054, 0.000520690053236, 0.000299713050481, 0.000266756396741, 0.000155908608576, 0.000129353502416, 0.000121956509247, 8.92870812095e-05, 7.92442515376e-05, 4.33418244938e-05, 3.66272179235e-05, 4.23035635322e-05, 4.37798917119e-05, 3.61671227438e-05, 2.60880406131e-05, 1.84599648492e-05, 1.10102891995e-05, 1.44396581163e-05, 1.70896928466e-05, 1.11837762233e-05, 6.73623162584e-06, 8.54879181134e-06, 7.64617652749e-06, 4.67266909254e-06, 3.85573730455e-06, 3.89284059565e-06, 4.56459110865e-06, 5.08002904098e-06, 5.02926013723e-06, 4.38376764578e-06, 3.53577615897e-06, 2.89575655188e-06, 2.46595595854e-06, 1.90444779946e-06, 1.57124952693e-06, 1.20098366096e-06],
        "median": [0.001065623248, 0.000442157848738, 8.7077045464e-05, 0.000188105914276, 0.000296225683996, 0.000180701143108, 0.000103096404928, 8.44140449772e-05, 5.72529570491e-05, 4.95345193485e-05, 4.16878392571e-05, 3.37166784448e-05, 2.50313405559e-05, 9.25957920117e-06, 1.26970626297e-05, 8.90684805199e-06, 9.83079553407e-06, 7.16268550605e-06, 6.27811323284e-06, 3.34578658112e-06, 2.39996825258e-06, 2.85196915684e-06, 2.7913613394e-06, 2.44658940574e-06, 1.38679820338e-06, 1.43622457927e-06, 1.59467720096e-06, 1.24618497921e-06, 1.15870545869e-06, 1.20604317999e-06, 1.33149887915e-06, 1.21228765693e-06, 1.10014332222e-06, 8.73384351507e-07, 6.85503209752e-07, 5.49035746644e-07, 4.4417217282e-07, 3.71357941731e-07, 3.10496716338e-07, 2.58140289588e-07],
        "min": [9.13766379941e-25, 5.96751186694e-25, 1.15357881323e-24, 7.92702164791e-25, 9.58579102776e-25, 8.99150463696e-25, 1.65016428788e-24, 1.32022262262e-24, 1.68862618739e-24, 1.5529940779e-24, 1.07073786717e-24, 1.35309465376e-24, 2.16700011778e-24, 1.23573216841e-24, 1.87816559987e-24, 2.54410560719e-24, 1.75936413362e-24, 2.03226977492e-24, 3.01045808625e-24, 2.56476922696e-24, 3.40475482694e-24, 2.97932411291e-24, 2.55434088022e-24, 3.25518995475e-24, 3.50003265821e-24, 3.11243334661e-24, 3.3071226403e-24, 3.68555972691e-24, 4.61524137562e-24, 3.94249685134e-24, 4.10882225675e-24, 4.42077414628e-24, 4.37740927902e-24, 4.71000013641e-24, 4.16934050995e-24, 4.76411086692e-24, 4.73972717634e-24, 5.11045393647e-24, 5.0826446174e-24, 5.6474709977e-24],
        "var": [4.64030308649e-05, 1.92131374206e-05, 2.32830871028e-06, 6.56491010886e-07, 2.03551348932e-06, 1.16325088584e-06, 5.87392946727e-07, 4.09280517033e-07, 1.0696940933e-07, 7.76168107564e-08, 8.39357525706e-08, 3.70779531522e-08, 3.56137697111e-08, 2.53289407226e-08, 6.72948008429e-09, 1.2408329475e-08, 1.48470373773e-08, 2.32744934436e-08, 5.96746296821e-09, 5.67855629185e-09, 8.39904090721e-10, 1.08108622054e-09, 1.66555313985e-09, 5.8597343644e-10, 3.29925281539e-10, 7.26970372789e-10, 3.04639674598e-10, 9.76999037228e-11, 4.9975676375e-11, 5.20801839154e-11, 8.19437087629e-11, 1.09212597299e-10, 1.18396806248e-10, 1.072918282e-10, 6.61793259082e-11, 4.38179457996e-11, 3.23565375882e-11, 1.82701683643e-11, 1.27276288467e-11, 7.51242557745e-12]
    },
    "mfcc": {
        "mean": [-696.41583252, 100.205909729, 9.12686920166, 7.67704868317, -9.31458091736, 1.643440485, -8.84782791138, -3.64460635185, -4.40021800995, -2.78764057159, -0.299764811993, -2.2764070034, -2.061003685],
        "cov": [[22174.4433594, 2663.17797852, 1142.98059082, 916.916442871, 629.375427246, 663.275146484, 326.749664307, 796.562744141, 339.631500244, 489.608886719, 366.955200195, 85.6819839478, 63.5003318787], [2663.17797852, 2187.37280273, 386.703308105, 343.408508301, 172.157363892, 256.797851562, 85.6977844238, 24.4684257507, 37.9598045349, 19.7195625305, 65.1194992065, 0.963409364223, 0.475267797709], [1142.98059082, 386.703308105, 1697.26953125, 536.960754395, 493.698699951, 504.308319092, 284.565551758, 335.128692627, 265.22354126, 195.011474609, 128.333572388, 92.7734680176, 93.5538635254], [916.916442871, 343.408508301, 536.960754395, 771.535522461, 591.54510498, 376.241394043, 253.563781738, 222.90020752, 179.377838135, 142.76651001, 86.6273040771, 85.1521911621, 89.7403335571], [629.375427246, 172.157363892, 493.698699951, 591.54510498, 776.03692627, 454.759368896, 318.918945312, 307.983154297, 220.281814575, 210.894638062, 119.21648407, 128.042663574, 97.8724136353], [663.275146484, 256.797851562, 504.308319092, 376.241394043, 454.759368896, 497.102874756, 315.094726562, 258.304626465, 184.192977905, 160.036270142, 136.33265686, 93.8753051758, 69.7236251831], [326.749664307, 85.6977844238, 284.565551758, 253.563781738, 318.918945312, 315.094726562, 402.475494385, 272.360900879, 189.747879028, 156.298187256, 117.026443481, 90.2137451172, 54.5088310242], [796.562744141, 24.4684257507, 335.128692627, 222.90020752, 307.983154297, 258.304626465, 272.360900879, 402.253997803, 213.712371826, 201.818283081, 117.078330994, 69.7609786987, 62.512928009], [339.631500244, 37.9598045349, 265.22354126, 179.377838135, 220.281814575, 184.192977905, 189.747879028, 213.712371826, 277.597564697, 158.987365723, 104.91595459, 69.3843002319, 64.6673812866], [489.608886719, 19.7195625305, 195.011474609, 142.76651001, 210.894638062, 160.036270142, 156.298187256, 201.818283081, 158.987365723, 235.793289185, 109.775688171, 79.4263305664, 62.3702125549], [366.955200195, 65.1194992065, 128.333572388, 86.6273040771, 119.21648407, 136.33265686, 117.026443481, 117.078330994, 104.91595459, 109.775688171, 157.970230103, 68.2462387085, 45.8989219666], [85.6819839478, 0.963409364223, 92.7734680176, 85.1521911621, 128.042663574, 93.8753051758, 90.2137451172, 69.7609786987, 69.3843002319, 79.4263305664, 68.2462387085, 136.017379761, 75.1800765991], [63.5003318787, 0.475267797709, 93.5538635254, 89.7403335571, 97.8724136353, 69.7236251831, 54.5088310242, 62.512928009, 64.6673812866, 62.3702125549, 45.8989219666, 75.1800765991, 127.206695557]],
