{
"lowlevel": {
    "average_loudness": 0.87524586916,
    "barkbands_crest": {
        "dmean": 2.79681181908,
        "dmean2": 4.33881568909,
        "dvar": 7.62176084518,
        "dvar2": 16.5291690826,
        "max": 26.1086177826,
        "mean": 11.2903280258,
        "median": 9.8068523407,
        "min": 2.03395318985,
        "var": 29.0604610443
    },
    "barkbands_flatness_db": {
        "dmean": 0.0228701587766,
        "dmean2": 0.0337521545589,
        "dvar": 0.000607768422924,
        "dvar2": 0.00125846429728,
        "max": 0.338114053011,
        "mean": 0.13032117486,
        "median": 0.123533397913,
        "min": 0.0214144997299,
        "var": 0.00351089914329
    },
    "barkbands_kurtosis": {
        "dmean": 4.11554098129,
        "dmean2": 5.5539484024,
        "dvar": 154.657287598,
        "dvar2": 202.240936279,
        "max": 296.232177734,
        "mean": 6.00646114349,
        "median": 1.27743148804,
        "min": -1.84399187565,
        "var": 427.227233887
    },
    "barkbands_skewness": {
        "dmean": 0.58154886961,
        "dmean2": 0.823661983013,
        "dvar": 0.632560312748,
        "dvar2": 0.921797990799,
        "max": 16.0227775574,
        "mean": 1.67027103901,
        "median": 1.27087926865,
        "min": -2.0977704525,
        "var": 2.89764928818
    },
    "barkbands_spread": {
        "dmean": 5.62039804459,
        "dmean2": 8.27231884003,
        "dvar": 47.8020019531,
        "dvar2": 90.1074523926,
        "max": 83.1775970459,
        "mean": 22.6896572113,
        "median": 19.9849891663,
        "min": 1.07946586609,
        "var": 172.883255005
    },
    "dissonance": {
        "dmean": 0.0179830845445,
        "dmean2": 0.0302262213081,
        "dvar": 0.000291386561003,
        "dvar2": 0.000783574942034,
        "max": 0.500000059605,
        "mean": 0.464793026447,
        "median": 0.472361654043,
        "min": 0.242704451084,
        "var": 0.00088160863379
    },
    "dynamic_complexity": 3.70525074005,
    "erbbands_crest": {
        "dmean": 2.21764278412,
        "dmean2": 3.59306025505,
        "dvar": 4.31335449219,
        "dvar2": 10.8548717499,
        "max": 27.6799697876,
        "mean": 7.36595630646,
        "median": 6.57104730606,
        "min": 2.24089288712,
        "var": 12.4736061096
    },
    "erbbands_flatness_db": {
        "dmean": 0.0149480728433,
        "dmean2": 0.0215406734496,
        "dvar": 0.000207764023799,
        "dvar2": 0.000421508448198,
        "max": 0.367078900337,
        "mean": 0.148154869676,
        "median": 0.130017742515,
        "min": 0.0564113073051,
        "var": 0.00377914635465
    },
    "erbbands_kurtosis": {
        "dmean": 0.596479833126,
        "dmean2": 0.945354223251,
        "dvar": 0.485718816519,
        "dvar2": 1.14208543301,
        "max": 14.828830719,
        "mean": -0.11514582485,
        "median": -0.350195884705,
        "min": -1.70620119572,
        "var": 1.14315891266
    },
    "erbbands_skewness": {
        "dmean": 0.331559211016,
        "dmean2": 0.50530654192,
        "dvar": 0.0790172591805,
        "dvar2": 0.182393491268,
        "max": 2.83181619644,
        "mean": 0.269787698984,
        "median": 0.242783889174,
        "min": -1.96611571312,
        "var": 0.282378405333
    },
    "erbbands_spread": {
        "dmean": 7.14951372147,
        "dmean2": 10.6805562973,
        "dvar": 51.6485824585,
        "dvar2": 104.663383484,
        "max": 116.274742126,
        "mean": 39.694065094,
        "median": 38.1901512146,
        "min": 5.23678731918,
        "var": 279.7862854
    },
    "hfc": {
        "dmean": 9.99317836761,
        "dmean2": 13.7763710022,
        "dvar": 284.641876221,
        "dvar2": 577.145141602,
        "max": 167.764923096,
        "mean": 25.504114151,
        "median": 18.3756065369,
        "min": 1.16962597461e-16,
        "var": 671.618530273
    },
    "melbands_crest": {
        "dmean": 3.55165338516,
        "dmean2": 5.50533390045,
        "dvar": 10.6401796341,
        "dvar2": 25.1917266846,
        "max": 35.6050338745,
        "mean": 16.1929836273,
        "median": 14.4495716095,
        "min": 1.7550842762,
        "var": 54.0069007874
    },
    "melbands_flatness_db": {
        "dmean": 0.027238599956,
        "dmean2": 0.0397800654173,
        "dvar": 0.000925573811401,
        "dvar2": 0.00187789916527,
        "max": 0.460821032524,
        "mean": 0.186163246632,
        "median": 0.175945907831,
        "min": 0.00516391871497,
        "var": 0.0048074843362
    },
    "melbands_kurtosis": {
        "dmean": 9.7963180542,
        "dmean2": 13.5224885941,
        "dvar": 790.750488281,
        "dvar2": 1169.15673828,
        "max": 720.177612305,
        "mean": 18.2792491913,
        "median": 6.24963569641,
        "min": -1.682710886,
        "var": 2218.91088867
    },
    "melbands_skewness": {
        "dmean": 0.75462025404,
        "dmean2": 1.06524443626,
        "dvar": 0.957267224789,
        "dvar2": 1.45267033577,
        "max": 20.2466316223,
        "mean": 2.78472042084,
        "median": 2.2239253521,
        "min": -0.775644004345,
        "var": 5.08756351471
    },
    "melbands_spread": {
        "dmean": 6.54257726669,
        "dmean2": 9.84520721436,
        "dvar": 60.9300384521,
        "dvar2": 121.926452637,
        "max": 163.984939575,
        "mean": 23.105550766,
        "median": 20.8278045654,
        "min": 0.563936293125,
        "var": 197.309616089
    },
    "pitch_salience": {
        "dmean": 0.0814333036542,
        "dmean2": 0.129233583808,
        "dvar": 0.00772900693119,
        "dvar2": 0.0178117901087,
        "max": 0.880478203297,
        "mean": 0.517845749855,
        "median": 0.54717540741,
        "min": 0.0549825243652,
        "var": 0.0231732148677
    },
    "silence_rate_20dB": {
        "dmean": 0,
        "dmean2": 0,
        "dvar": 0,
        "dvar2": 0,
        "max": 1,
        "mean": 1,
        "median": 1,
        "min": 1,
        "var": 0
    },
    "silence_rate_30dB": {
        "dmean": 0.0445159561932,
        "dmean2": 0.0890438482165,
        "dvar": 0.0425355918705,
        "dvar2": 0.0821908563375,
        "max": 1,
        "mean": 0.937391042709,
        "median": 1,
        "min": 0,
        "var": 0.0586863793433
    },
    "silence_rate_60dB": {
        "dmean": 0.0286940205842,
        "dmean2": 0.0573957338929,
        "dvar": 0.0278712660074,
        "dvar2": 0.0632216185331,
        "max": 1,
        "mean": 0.130312368274,
        "median": 0,
        "min": 0,
        "var": 0.113319166005
    },
    "spectral_centroid": {
        "dmean": 275.682098389,
        "dmean2": 405.277923584,
        "dvar": 97098.234375,
        "dvar2": 173099.4375,
        "max": 11609.9941406,
        "mean": 1469.54248047,
        "median": 1381.99902344,
        "min": 219.68737793,
        "var": 365466.15625
    },
    "spectral_complexity": {
        "dmean": 5.24725151062,
        "dmean2": 7.6121764183,
        "dvar": 37.5514678955,
        "dvar2": 66.9085617065,
        "max": 64,
        "mean": 23.1544437408,
        "median": 22,
        "min": 0,
        "var": 189.951538086
    },
    "spectral_decrease": {
        "dmean": 2.52820187008e-09,
        "dmean2": 3.67577679405e-09,
        "dvar": 1.60372701827e-17,
        "dvar2": 3.34951436581e-17,
        "max": 1.43499740154e-28,
        "mean": -9.05937991291e-09,
        "median": -6.99924074254e-09,
        "min": -4.20676613544e-08,
        "var": 7.4523632913e-17
    },
    "spectral_energy": {
        "dmean": 0.0101839024574,
        "dmean2": 0.0147337336093,
        "dvar": 0.000245342060225,
        "dvar2": 0.000516596483067,
        "max": 0.161928161979,
        "mean": 0.036505382508,
        "median": 0.0288479384035,
        "min": 1.06548456156e-20,
        "var": 0.00113647745457
    },
    "spectral_energyband_high": {
        "dmean": 0.000794072810095,
        "dmean2": 0.0010637602536,
        "dvar": 2.48647756962e-06,
        "dvar2": 4.59927923657e-06,
        "max": 0.0139329414815,
        "mean": 0.00144839985296,
        "median": 0.0004998340155,
        "min": 7.44307131815e-21,
        "var": 5.26809026269e-06
    },
    "spectral_energyband_low": {
        "dmean": 0.0070509458892,
        "dmean2": 0.00986965093762,
        "dvar": 0.000233436803683,
        "dvar2": 0.000443720404292,
        "max": 0.13745111227,
        "mean": 0.0195198152214,
        "median": 0.00630163634196,
        "min": 2.40838697939e-23,
        "var": 0.000872114789672
    },
    "spectral_energyband_middle_high": {
        "dmean": 0.00199679657817,
        "dmean2": 0.00302527891472,
        "dvar": 6.95173912391e-06,
        "dvar2": 1.56845580932e-05,
        "max": 0.0313494428992,
        "mean": 0.00560224894434,
        "median": 0.00463459454477,
        "min": 1.34849170559e-21,
        "var": 2.17811339098e-05
    },
    "spectral_energyband_middle_low": {
        "dmean": 0.00559970736504,
        "dmean2": 0.00950349774212,
        "dvar": 0.000125558435684,
        "dvar2": 0.000359890749678,
        "max": 0.0943632349372,
        "mean": 0.010829414241,
        "median": 0.00803014542907,
        "min": 2.02005656727e-22,
        "var": 0.000126232538605
    },
    "spectral_entropy": {
        "dmean": 0.147254616022,
        "dmean2": 0.216126739979,
        "dvar": 0.0242661479861,
        "dvar2": 0.0531391017139,
        "max": 9.8190984726,
        "mean": 7.76621341705,
        "median": 7.81513404846,
        "min": 5.90854549408,
        "var": 0.170542255044
    },
    "spectral_flux": {
        "dmean": 0.02955679968,
        "dmean2": 0.0429076738656,
        "dvar": 0.0016933666775,
        "dvar2": 0.00264962855726,
        "max": 0.406204342842,
        "mean": 0.0890722647309,
        "median": 0.0781688168645,
        "min": 6.91289595012e-11,
        "var": 0.0043293889612
    },
    "spectral_kurtosis": {
        "dmean": 1.45751523972,
        "dmean2": 2.47342061996,
        "dvar": 10.0447921753,
        "dvar2": 30.0031700134,
        "max": 130.302246094,
        "mean": 4.68152427673,
        "median": 3.4460477829,
        "min": -1.23976755142,
        "var": 41.8622627258
    },
    "spectral_rms": {
        "dmean": 0.00079528830247,
        "dmean2": 0.00115455081686,
        "dvar": 9.45263934682e-07,
        "dvar2": 2.04306456908e-06,
        "max": 0.0125689571723,
        "mean": 0.00525516783819,
        "median": 0.00530512304977,
        "min": 3.22412344218e-12,
        "var": 7.99823919806e-06
    },
    "spectral_rolloff": {
        "dmean": 506.898712158,
        "dmean2": 788.199523926,
        "dvar": 655013.75,
        "dvar2": 1187374.75,
        "max": 19229.1503906,
        "mean": 1526.93811035,
        "median": 1313.52539062,
        "min": 43.06640625,
        "var": 1938890.25
    },
    "spectral_skewness": {
        "dmean": 0.191757947206,
        "dmean2": 0.311455786228,
        "dvar": 0.0595835745335,
        "dvar2": 0.165061593056,
        "max": 8.65672302246,
        "mean": 1.57040131092,
        "median": 1.48456072807,
        "min": -0.0623067729175,
        "var": 0.300125449896
    },
    "spectral_spread": {
        "dmean": 493177.59375,
        "dmean2": 687565.125,
        "dvar": 590989950976,
        "dvar2": 927059148800,
        "max": 41578972,
        "mean": 4833602.5,
        "median": 4810408.5,
        "min": 638110.3125,
        "var": 3.01901335757e+12
    },
    "spectral_strongpeak": {
        "dmean": 0.313578665257,
        "dmean2": 0.514412403107,
        "dvar": 0.261126428843,
        "dvar2": 0.686359763145,
        "max": 7.25696086884,
        "mean": 0.690877139568,
        "median": 0.448989927769,
        "min": 0,
        "var": 0.506581842899
    },
    "zerocrossingrate": {
        "dmean": 0.0111591713503,
        "dmean2": 0.0121879763901,
        "dvar": 0.000189720230992,
        "dvar2": 0.000206997865462,
        "max": 0.66796875,
        "mean": 0.0616542957723,
        "median": 0.05615234375,
        "min": 0.00244140625,
        "var": 0.0014116197126
    },
    "barkbands": {
        "dmean": [0.000349045963958, 0.00663872342557, 0.00251367036253, 0.00171445682645, 0.0021817102097, 0.000996288959868, 0.000857944891322, 0.000888418522663, 0.000906154571567, 0.000661882746499, 0.000223750801524, 0.000373691000277, 0.000363232131349, 0.000507069169544, 0.000302715227008, 0.000294913828839, 0.000242541762418, 0.0002043738059, 0.00025234487839, 0.000195809974684, 0.000169960607309, 0.000161473435583, 0.00015555327991, 0.000128912724904, 0.000100293837022, 5.04773124703e-05, 9.38502216741e-06],
        "dmean2": [0.000420826399932, 0.00906636379659, 0.00460676522925, 0.00319352117367, 0.00366955273785, 0.00161517038941, 0.00132681429386, 0.00139517185744, 0.00143758382183, 0.00106794375461, 0.000370206544176, 0.00060691870749, 0.000600483210292, 0.000834777252749, 0.000505996285938, 0.000470913742902, 0.000393127993448, 0.000325242523104, 0.000416312657762, 0.000307809503283, 0.000256561033893, 0.00023137727112, 0.000236130625126, 0.000175735287485, 0.000136908216518, 6.89071384841e-05, 1.50360801854e-05],
        "dvar": [4.59844727629e-07, 0.000214845742448, 9.69922184595e-05, 3.28810092469e-05, 2.13662278838e-05, 2.38316465584e-06, 2.09933273254e-06, 2.11392193705e-06, 2.74888407148e-06, 1.1407233842e-06, 1.25872759327e-07, 3.69884787688e-07, 3.92466546373e-07, 6.45817806344e-07, 2.65523766529e-07, 2.29929568718e-07, 1.68330728911e-07, 1.05038111542e-07, 1.90438214531e-07, 1.23542534425e-07, 1.04615288876e-07, 1.12412237741e-07, 1.04271776991e-07, 7.10094454348e-08, 3.97440942379e-08, 1.09420783545e-08, 5.63218194305e-10],
        "dvar2": [6.31186935607e-07, 0.000392630608985, 0.000277573853964, 9.59284225246e-05, 6.01544161327e-05, 5.69304938836e-06, 5.0276789807e-06, 4.94700361742e-06, 6.38722167423e-06, 2.84218299385e-06, 3.24746167735e-07, 9.59789645094e-07, 9.80536810857e-07, 1.60325907927e-06, 7.25291386061e-07, 5.48579976112e-07, 4.20016874614e-07, 2.47282684995e-07, 4.67465440579e-07, 2.86212099354e-07, 2.17412974735e-07, 2.2502182162e-07, 2.1779231929e-07, 1.29409130523e-07, 6.93931170304e-08, 1.99716172489e-08, 1.27752652901e-09],
        "max": [0.0114131625742, 0.133480593562, 0.0794360339642, 0.0444776155055, 0.0398161485791, 0.0254953913391, 0.0234071090817, 0.0219994485378, 0.0270670317113, 0.0186548307538, 0.00596357462928, 0.0157042983919, 0.00928417034447, 0.0145619632676, 0.00894950889051, 0.00997116137296, 0.00602809572592, 0.00531636876985, 0.00554105686024, 0.00449215294793, 0.00417595263571, 0.00337867811322, 0.00309239700437, 0.00296337343752, 0.00202093971893, 0.00128901738208, 0.000323283078615],
        "mean": [0.000768280995544, 0.0160541851074, 0.00197349791415, 0.00134398695081, 0.00308220740408, 0.00162840133999, 0.00157594447955, 0.00137226365041, 0.00154313270468, 0.00113793986384, 0.000332968891598, 0.000598465907387, 0.000513737963047, 0.000818294007331, 0.000479416718008, 0.000492160499562, 0.000402467267122, 0.000358980178135, 0.000400599936256, 0.000346548942616, 0.00028263888089, 0.000282917520963, 0.0002499888069, 0.000209921970963, 0.000167018486536, 7.92685823399e-05, 1.0186828149e-05],
        "median": [2.78906791209e-05, 0.00298712681979, 0.000244964001467, 0.000324679975165, 0.00170402484946, 0.000743306300137, 0.000568296003621, 0.000684426748194, 0.000619173981249, 0.000538594264071, 0.000183111958904, 0.000365351239452, 0.000283392670099, 0.000461238989374, 0.000258871325059, 0.000314988894388, 0.000221960886847, 0.000230251505855, 0.000219778012251, 0.000145475773024, 0.000108437568997, 9.16332719498e-05, 8.32432633615e-05, 5.85405505262e-05, 4.87407378387e-05, 1.97484096134e-05, 9.14257725526e-07],
        "min": [1.86421420033e-24, 6.81010918817e-24, 8.14413529891e-24, 9.19588331193e-24, 1.57744823348e-23, 1.37021384259e-23, 8.78335481243e-24, 1.31060301608e-23, 2.16982802635e-23, 1.90815797315e-23, 2.69175149634e-23, 5.73728754492e-23, 3.31452120895e-23, 8.1863384107e-23, 7.11127940016e-23, 9.90842870878e-23, 1.08236386253e-22, 1.64437311009e-22, 1.62618942446e-22, 3.06636368042e-22, 4.39701122612e-22, 3.84506380474e-22, 4.69056896193e-22, 7.64005450576e-22, 9.20857100363e-22, 1.40976022232e-21, 2.29657387254e-21],
        "var": [2.01260991162e-06, 0.000685454637278, 5.65415029996e-05, 1.87471232493e-05, 1.92331972357e-05, 4.7816283768e-06, 5.72784301767e-06, 3.86412875741e-06, 5.72653925701e-06, 2.84323732558e-06, 2.11592166011e-07, 6.53188578781e-07, 5.33743218512e-07, 1.22902906696e-06, 4.5441720431e-07, 3.714039849e-07, 2.88870978693e-07, 1.79544187517e-07, 2.72208836805e-07, 2.41989425831e-07, 1.93448229879e-07, 2.22567365427e-07, 1.79076167228e-07, 1.38833996743e-07, 8.12287339613e-08, 2.07591899226e-08, 6.8825883881e-10]
    },
    "erbbands": {
        "dmean": [0.266601443291, 1.52088928223, 2.80301833153, 4.52310609818, 6.46847867966, 7.02833461761, 8.51721763611, 8.98429203033, 14.2155256271, 10.4843130112, 19.3180370331, 22.1996116638, 20.5051803589, 10.7311096191, 10.6910591125, 12.2398004532, 17.0420780182, 17.6143264771, 19.6294689178, 15.0764331818, 17.640838623, 13.4245290756, 12.1051025391, 11.5274648666, 11.1574249268, 9.92909145355, 7.41049051285, 6.41525506973, 5.96138858795, 5.46277427673, 4.35582256317, 2.92444849014, 2.10979533195, 1.28030014038, 0.646635532379, 0.267159104347, 0.0851697176695, 0.0190837942064, 0.00137655762956, 3.35912482115e-05],
        "dmean2": [0.322701662779, 2.07057309151, 4.81841039658, 8.30682754517, 11.7325124741, 11.7069177628, 13.4699468613, 14.1558952332, 22.0290164948, 16.3908958435, 30.5827121735, 35.4602279663, 33.1176986694, 17.2285346985, 17.4014263153, 19.8191585541, 28.3172149658, 29.0482215881, 32.4922561646, 24.328371048, 28.340013504, 21.5314674377, 19.0282039642, 19.0620098114, 17.9550323486, 15.6570148468, 11.4878444672, 9.46520042419, 8.77157306671, 8.23900794983, 6.65645503998, 4.10872459412, 2.92083263397, 1.7613503933, 0.891386151314, 0.364916294813, 0.116391450167, 0.0281406380236, 0.00219426071271, 4.81855640828e-05],
        "dvar": [0.251722991467, 13.4604063034, 104.939735413, 249.205307007, 361.45324707, 213.575744629, 153.319152832, 194.211959839, 588.365661621, 258.725524902, 872.746582031, 1865.71166992, 1053.80810547, 233.61340332, 249.169647217, 327.357543945, 913.116699219, 914.338317871, 893.765014648, 586.170898438, 960.302978516, 471.536865234, 359.224517822, 404.457427979, 427.846435547, 327.806091309, 175.958328247, 174.600006104, 154.002120972, 135.502258301, 81.8826141357, 36.0680198669, 19.1826171875, 6.61578941345, 1.67905700207, 0.302235871553, 0.0313934460282, 0.00198416295461, 1.20807380881e-05, 4.09778211363e-09],
        "dvar2": [0.333168894053, 27.4234085083, 285.932098389, 719.17755127, 1045.63891602, 585.294250488, 371.942474365, 451.586273193, 1419.54577637, 602.716247559, 2200.00927734, 4280.15625, 2728.81396484, 569.683532715, 641.411132812, 837.046630859, 2285.97119141, 2254.81030273, 2275.25708008, 1509.32824707, 2316.72998047, 1169.92028809, 825.258666992, 1038.96582031, 990.911437988, 766.112243652, 388.46875, 359.976379395, 316.320465088, 294.601715088, 178.657684326, 67.8086013794, 34.5960578918, 11.4771852493, 2.98919844627, 0.571191966534, 0.0574691779912, 0.00397707149386, 2.73910427495e-05, 8.34855296006e-09],
        "max": [5.34747409821, 32.8512496948, 81.1235733032, 127.500091553, 160.90637207, 170.648284912, 179.532180786, 193.586853027, 414.249023438, 233.92149353, 428.7940979, 715.531066895, 584.192382812, 310.168334961, 295.336639404, 409.596984863, 477.394165039, 804.625488281, 473.587799072, 528.977050781, 673.816650391, 345.984039307, 276.518371582, 319.330535889, 260.644287109, 277.846405029, 126.905487061, 195.72052002, 124.819602966, 108.472740173, 91.3048553467, 59.1004753113, 46.8870429993, 28.2155208588, 14.2395915985, 6.05364942551, 2.27008509636, 0.557734072208, 0.0441730581224, 0.000769362435676],
        "mean": [0.638369739056, 2.87325525284, 2.66547751427, 3.78264045715, 6.07597208023, 9.60384273529, 14.7082519531, 15.5282936096, 25.6321544647, 18.8263149261, 32.3731842041, 37.7759819031, 36.9804458618, 20.994052887, 18.3717308044, 21.1873416901, 25.1032752991, 29.4408435822, 33.280166626, 27.9280357361, 29.0245704651, 23.8269958496, 21.5408248901, 20.4415683746, 18.0828819275, 17.3638553619, 12.7680540085, 10.3286294937, 10.1918926239, 8.97246074677, 6.76004981995, 4.75711297989, 3.30763363838, 2.09564733505, 1.06794118881, 0.426287204027, 0.128984898329, 0.0262122750282, 0.00151638220996, 7.34627683414e-05],
        "median": [0.0897276476026, 0.568583011627, 0.605181574821, 0.984475433826, 1.76873707771, 4.69749259949, 8.62352180481, 6.39479970932, 10.0026378632, 8.82381725311, 18.296415329, 15.0928087234, 18.2186546326, 14.0355052948, 11.6180438995, 14.2572612762, 14.7997083664, 17.6960010529, 21.2070045471, 17.3608665466, 18.1131286621, 13.8918647766, 13.2848548889, 13.0098628998, 9.03207015991, 7.01422786713, 5.07469701767, 3.66297912598, 3.26813960075, 2.98751544952, 2.24782514572, 1.39551520348, 0.883525729179, 0.591758191586, 0.310829699039, 0.115869507194, 0.0294923838228, 0.00431325100362, 0.000162291937158, 4.78486217617e-05],
        "min": [1.94897035473e-22, 1.02733661134e-21, 1.15049481784e-20, 2.25061982938e-20, 1.95639507823e-20, 7.59581861932e-20, 8.17797217856e-20, 9.59851141648e-20, 1.53342961675e-19, 6.6174588591e-19, 5.40553586413e-19, 5.14635174388e-19, 8.36096947472e-19, 5.49689279291e-19, 2.09701741734e-18, 1.73973949921e-18, 1.68098527389e-18, 3.22045504102e-18, 4.42529757674e-18, 6.81095263779e-18, 6.29655837976e-18, 6.68594248618e-18, 8.21030607417e-18, 8.89870811381e-18, 1.13320923234e-17, 1.33021304857e-17, 1.6441096449e-17, 1.55989819177e-17, 1.16354087007e-17, 1.09925801769e-17, 1.471807427e-17, 1.3992253061e-17, 1.08662862409e-17, 8.57974809679e-18, 7.7508113798e-18, 4.9314179607e-18, 2.83006735772e-18, 1.18156877521e-18, 2.59977386454e-19, 3.30353156875e-20],
        "var": [1.08986055851, 27.9390602112, 73.8579406738, 145.88269043, 227.140457153, 209.421524048, 311.987426758, 459.466552734, 1536.03369141, 576.419616699, 1681.6574707, 3747.5559082, 2818.38134766, 563.692260742, 472.818969727, 623.655029297, 1217.19213867, 1550.08886719, 1687.17590332, 1231.44372559, 1459.10473633, 884.616760254, 646.830566406, 584.964416504, 638.05255127, 630.506713867, 344.457580566, 300.649169922, 293.485656738, 231.748764038, 130.506942749, 70.691734314, 35.5524368286, 13.2012739182, 3.3666408062, 0.571378052235, 0.0577298887074, 0.00309528061189, 1.47131640915e-05, 8.25373547286e-09]
    },
    "gfcc": {
        "mean": [1.36077344418, 73.7284469604, -128.745651245, 18.28358078, -65.2657470703, 8.46561813354, -43.8049430847, 9.48532295227, -22.4679279327, 5.09014892578, -16.3344039917, 2.79809331894, -9.07911872864],
        "cov": [[15868.5322266, -2004.93554688, 1958.19311523, 2226.37084961, 417.449554443, 1308.4342041, 338.618133545, 969.651245117, 68.3130569458, 733.595092773, -4.9297952652, 415.424346924, -327.675750732], [-2004.93554688, 1493.24963379, 41.9227027893, 86.2026367188, 271.297027588, -38.8434829712, 191.188735962, -72.6534423828, 99.5245285034, -98.0376205444, 124.256958008, -81.5477981567, 109.651275635], [1958.19311523, 41.9227027893, 1582.04174805, 862.040039062, 521.036499023, 626.362304688, 384.482513428, 419.754638672, 168.476486206, 312.134307861, 163.716949463, 201.880584717, 8.13801002502], [2226.37084961, 86.2026367188, 862.040039062, 857.802001953, 368.393066406, 426.883178711, 278.743560791, 279.793884277, 124.92263031, 193.65814209, 115.132575989, 117.552261353, 4.34437465668], [417.449554443, 271.297027588, 521.036499023, 368.393066406, 415.383483887, 298.053253174, 249.498733521, 163.097808838, 103.074020386, 114.883117676, 111.952316284, 98.4896087646, 45.7700614929], [1308.4342041, -38.8434829712, 626.362304688, 426.883178711, 298.053253174, 441.051696777, 252.786270142, 242.169921875, 108.357963562, 166.201843262, 84.7777481079, 107.236457825, 7.71713113785], [338.618133545, 191.188735962, 384.482513428, 278.743560791, 249.498733521, 252.786270142, 298.979125977, 181.133071899, 135.499420166, 115.953491211, 95.3159713745, 79.9676971436, 40.8934516907], [969.651245117, -72.6534423828, 419.754638672, 279.793884277, 163.097808838, 242.169921875, 181.133071899, 258.37008667, 121.526229858, 159.432418823, 70.4408493042, 100.31313324, 22.2736625671], [68.3130569458, 99.5245285034, 168.476486206, 124.92263031, 103.074020386, 108.357963562, 135.499420166, 121.526229858, 146.701446533, 100.686912537, 68.2405319214, 53.6193275452, 40.1198425293], [733.595092773, -98.0376205444, 312.134307861, 193.65814209, 114.883117676, 166.201843262, 115.953491211, 159.432418823, 100.686912537, 178.793258667, 87.5765762329, 104.333610535, 31.0368938446], [-4.9297952652, 124.256958008, 163.716949463, 115.132575989, 111.952316284, 84.7777481079, 95.3159713745, 70.4408493042, 68.2405319214, 87.5765762329, 125.99495697, 88.1815185547, 58.352973938], [415.424346924, -81.5477981567, 201.880584717, 117.552261353, 98.4896087646, 107.236457825, 79.9676971436, 100.31313324, 53.6193275452, 104.333610535, 88.1815185547, 147.655273438, 68.3686065674], [-327.675750732, 109.651275635, 8.13801002502, 4.34437465668, 45.7700614929, 7.71713113785, 40.8934516907, 22.2736625671, 40.1198425293, 31.0368938446, 58.352973938, 68.3686065674, 101.990386963]],
        "icov": [[0.000226501899306, 1.66964800883e-05, 0.000287784263492, -0.000676883733831, 0.000232704420341, -0.000359181663953, 0.00021342607215, -0.000349160487531, 0.00054674531566, -0.000668606895488, 0.000619805068709, -0.000686351733748, 0.000722920405678], [1.66964800883e-05, 0.00180307100527, -0.000308525661239, -0.000135997906909, -0.00123477168381, 0.00101995503064, -0.000753245141823, 0.000352639181074, -0.000979593605734, 0.0019208121812, -0.00258007482626, 0.00320740230381, -0.00202557537705], [0.000287784263492, -0.000308525661239, 0.00254798284732, -0.00178254756611, -0.00034895533463, -0.0015385306906, 0.000557104242034, -0.0013332918752, 0.0017310139956, -0.0023094874341, 0.00131344422698, -0.001760757179, 0.00192044838332], [-0.000676883733831, -0.000135997906909, -0.00178254756611, 0.00504141068086, -0.00133232702501, 0.000245189003181, -0.000585853355005, 0.000284013309283, -0.00146276468877, 0.00199395394884, -0.00239989045076, 0.00238770525903, -0.00160765077453], [0.000232704420341, -0.00123477168381, -0.00034895533463, -0.00133232702501, 0.00837980117649, -0.00335823465139, -0.00231313984841, 0.00101448246278, 0.00115666503552, -0.000350668502506, 0.000284222653136, -0.00318233389407, 0.00098153098952], [-0.000359181663953, 0.00101995503064, -0.0015385306906, 0.000245189003181, -0.00335823465139, 0.0103263389319, -0.00375208607875, -0.0019431610126, 0.000501736765727, 0.000242964975769, -0.000847228802741, 0.00201419694349, -0.000620500883088], [0.00021342607215, -0.000753245141823, 0.000557104242034, -0.000585853355005, -0.00231313984841, -0.00375208607875, 0.0123839899898, -0.0032924131956, -0.00479448912665, 0.00174603483174, -0.000757622008678, -0.0010318349814, 0.0010314254323], [-0.000349160487531, 0.000352639181074, -0.0013332918752, 0.000284013309283, 0.00101448246278, -0.0019431610126, -0.0032924131956, 0.0159455742687, -0.00576673354954, -0.00420481339097, 0.00269425637089, -0.00176773453131, -0.000685587408952], [0.00054674531566, -0.000979593605734, 0.0017310139956, -0.00146276468877, 0.00115666503552, 0.000501736765727, -0.00479448912665, -0.00576673354954, 0.0208392441273, -0.0100997239351, 0.000558722880669, 0.0019890696276, -0.00141839508433], [-0.000668606895488, 0.0019208121812, -0.0023094874341, 0.00199395394884, -0.000350668502506, 0.000242964975769, 0.00174603483174, -0.00420481339097, -0.0100997239351, 0.0257213506848, -0.0107866618782, -0.00133132282645, -0.000547113304492], [0.000619805068709, -0.00258007482626, 0.00131344422698, -0.00239989045076, 0.000284222653136, -0.000847228802741, -0.000757622008678, 0.00269425637089, 0.000558722880669, -0.0107866618782, 0.0258687157184, -0.0125976782292, 0.00112146581523], [-0.000686351733748, 0.00320740230381, -0.001760757179, 0.00238770525903, -0.00318233389407, 0.00201419694349, -0.0010318349814, -0.00176773453131, 0.0019890696276, -0.00133132282645, -0.0125976782292, 0.0284493975341, -0.0157796666026], [0.000722920405678, -0.00202557537705, 0.00192044838332, -0.00160765077453, 0.00098153098952, -0.000620500883088, 0.0010314254323, -0.000685587408952, -0.00141839508433, -0.000547113304492, 0.00112146581523, -0.0157796666026, 0.0242236666381]]
    },
    "melbands": {
        "dmean": [0.00201882608235, 0.00150342576671, 0.000835994957015, 0.000473659049021, 0.000308947055601, 0.000202045965125, 0.000197591551114, 0.000140511474456, 0.000158403432579, 0.000131044944283, 0.000107464722532, 5.24529714312e-05, 3.43806750607e-05, 4.34263420175e-05, 3.89857705159e-05, 3.36021221301e-05, 3.69353510905e-05, 3.95570750698e-05, 2.50695738941e-05, 1.64169559866e-05, 2.19354114961e-05, 1.36486560223e-05, 1.48420267578e-05, 1.04275704871e-05, 9.83990867098e-06, 9.73261467152e-06, 7.2877483035e-06, 6.60766136207e-06, 5.17617127116e-06, 3.86142619391e-06, 3.8034827412e-06, 3.44693467014e-06, 3.49971219293e-06, 3.03306660498e-06, 2.6924553822e-06, 2.29084548664e-06, 1.65739902513e-06, 1.57398540068e-06, 1.26362067476e-06, 1.08548363187e-06],
        "dmean2": [0.00263422448188, 0.00224546925165, 0.00152703444473, 0.000826970383059, 0.000487602868816, 0.00032084621489, 0.000305223540636, 0.000217122986214, 0.00025123541127, 0.000209820369491, 0.000173585867742, 8.39120039018e-05, 5.63106150366e-05, 7.06047067069e-05, 6.4710402512e-05, 5.57741768716e-05, 6.09338203503e-05, 6.517971633e-05, 4.17921728513e-05, 2.58551317529e-05, 3.56814198312e-05, 2.23039951379e-05, 2.39002984017e-05, 1.67022135429e-05, 1.64941193361e-05, 1.60727286129e-05, 1.16913097372e-05, 1.04395176095e-05, 8.16014016891e-06, 5.981756658e-06, 5.73246552449e-06, 5.2887039601e-06, 5.20243111168e-06, 4.76506284031e-06, 4.29290230386e-06, 3.46657634509e-06, 2.39050859818e-06, 2.23378810915e-06, 1.79851713256e-06, 1.51577989982e-06],
        "dvar": [1.6538433556e-05, 1.93556788872e-05, 7.93037361291e-06, 1.45341903135e-06, 2.11989387822e-07, 9.56485806114e-08, 1.13575609362e-07, 4.79565045453e-08, 5.59721513582e-08, 5.95881601839e-08, 2.91874666658e-08, 5.994627017e-09, 2.59656718349e-09, 6.27674889842e-09, 3.83569043194e-09, 3.24494098258e-09, 3.94640098378e-09, 3.93548349464e-09, 1.9044579247e-09, 5.96834304201e-10, 1.52514256779e-09, 4.97541785549e-10, 7.43454797725e-10, 2.81051515394e-10, 2.97724789267e-10, 2.81849682482e-10, 1.74369407802e-10, 1.45080600311e-10, 8.75950770252e-11, 5.41486369632e-11, 6.44669595484e-11, 5.00984254082e-11, 6.03388866649e-11, 4.0263185147e-11, 3.09286173061e-11, 2.52439319448e-11, 1.11760913024e-11, 1.07586552514e-11, 6.75734078068e-12, 4.80768810179e-12],
        "dvar2": [2.55965696851e-05, 4.67778008897e-05, 2.28574735956e-05, 4.13006500821e-06, 5.2212016044e-07, 2.22754849233e-07, 2.7427807936e-07, 1.08341019711e-07, 1.42242740253e-07, 1.3942799626e-07, 7.50510409375e-08, 1.42965115302e-08, 6.5513279246e-09, 1.61022022382e-08, 9.65969260136e-09, 8.19736278856e-09, 9.89293091891e-09, 9.83523484877e-09, 5.08581088354e-09, 1.39453859571e-09, 3.7197285252e-09, 1.26283805635e-09, 1.79880965678e-09, 6.86926904248e-10, 7.86613107984e-10, 6.71559974297e-10, 4.07473527142e-10, 3.44328537905e-10, 2.04377473279e-10, 1.18659179704e-10, 1.34617719749e-10, 1.10769261819e-10, 1.22753446297e-10, 9.13461042917e-11, 7.17672657413e-11, 5.02603583752e-11, 2.18342895847e-11, 1.98295772164e-11, 1.26712694157e-11, 8.64465270201e-12],
        "max": [0.0398350991309, 0.0378197282553, 0.0218084529042, 0.00998978130519, 0.0061046932824, 0.0039833644405, 0.0058182766661, 0.00342049985193, 0.00350789120421, 0.00392943294719, 0.00287288147956, 0.0013018141035, 0.000913079304155, 0.00223406869918, 0.00104156322777, 0.000936757191084, 0.00138955342118, 0.00108046375681, 0.000905786233488, 0.000725478923414, 0.000809935154393, 0.000472930521937, 0.000436003349023, 0.000309162045596, 0.000284231588012, 0.000207294739084, 0.000175304056029, 0.000176707602805, 8.93533288036e-05, 9.37900622375e-05, 0.000138645424158, 7.8761651821e-05, 8.04733062978e-05, 6.54254035908e-05, 5.554202653e-05, 5.23849121237e-05, 3.32419404003e-05, 3.36889243044e-05, 3.04937038891e-05, 2.63573492703e-05],
        "mean": [0.00500666210428, 0.00221168505959, 0.000711777422111, 0.000548576703295, 0.000533816812094, 0.00035024000681, 0.000360818492481, 0.000235933766817, 0.000272832112387, 0.00021904145251, 0.000187416793779, 9.67794549069e-05, 5.59091713512e-05, 6.73008253216e-05, 5.67116876482e-05, 4.81762181153e-05, 5.90586387261e-05, 6.22140869382e-05, 3.95289389417e-05, 3.0888026231e-05, 3.32620293193e-05, 2.2927455575e-05, 2.27635009651e-05, 1.75669320015e-05, 1.64723842317e-05, 1.47368282342e-05, 1.216470082e-05, 1.09825114123e-05, 8.39195581648e-06, 6.07740821579e-06, 5.95135043113e-06, 5.78478648094e-06, 5.46109413335e-06, 4.82516406919e-06, 3.99785130867e-06, 3.37427945851e-06, 2.69779911832e-06, 2.35000970861e-06, 2.03539298127e-06, 1.69214774814e-06],
        "median": [0.000872956472449, 0.000656527117826, 0.000204930955078, 0.000203487870749, 0.000314404576784, 0.000150670210132, 0.00014129729243, 0.000120614713524, 0.000148760009324, 8.6324478616e-05, 8.71438533068e-05, 5.79603001825e-05, 3.3237876778e-05, 3.7989088014e-05, 3.18154307024e-05, 2.67972191068e-05, 3.28743954014e-05, 3.41758568538e-05, 2.07479461096e-05, 1.98242469196e-05, 1.89460006368e-05, 1.28471901917e-05, 1.21362018035e-05, 1.07723881229e-05, 1.02696340036e-05, 7.52964569983e-06, 5.38150743523e-06, 4.20042943006e-06, 3.18418119605e-06, 2.31673857343e-06, 2.02625938073e-06, 1.78811183105e-06, 1.71073816091e-06, 1.61834168466e-06, 1.34411823183e-06, 1.02163301108e-06, 7.72299756591e-07, 6.05316699875e-07, 5.74878242787e-07, 4.68819564503e-07],
        "min": [2.234396252e-24, 5.10640195243e-24, 5.91025831459e-24, 3.17099443591e-24, 3.23788944624e-24, 2.41308231894e-24, 2.33106326733e-24, 7.89803278458e-24, 4.49486830123e-24, 3.1811462869e-24, 4.26200484505e-24, 1.97469988935e-24, 5.13342951033e-24, 5.10271205554e-24, 3.45087952407e-24, 3.0401220173e-24, 5.7281947397e-24, 6.26845717469e-24, 7.18719890036e-24, 7.50259732318e-24, 6.41243927825e-24, 7.05963930312e-24, 7.74080807301e-24, 6.77553183697e-24, 7.06051809417e-24, 5.71353652079e-24, 1.18073639513e-23, 6.46213120439e-24, 1.00118021462e-23, 1.10213169129e-23, 8.29757505586e-24, 5.58266765205e-24, 8.16535171295e-24, 5.63681427573e-24, 8.09523144481e-24, 8.59829041065e-24, 7.93110262259e-24, 7.07957066276e-24, 7.32603368651e-24, 7.27499517481e-24],
        "var": [6.44423271297e-05, 2.35651514231e-05, 4.68804228149e-06, 1.0939643289e-06, 4.03116928283e-07, 2.23919101927e-07, 2.99127748349e-07, 9.38200557243e-08, 1.12834612764e-07, 1.20480564192e-07, 7.62377752039e-08, 1.47446650445e-08, 4.88941864774e-09, 1.11079412335e-08, 5.73920022617e-09, 4.51729320616e-09, 6.73952538222e-09, 7.617583897e-09, 3.42592842983e-09, 1.25930754713e-09, 2.2148485268e-09, 9.32421917454e-10, 1.07433151264e-09, 4.45453118836e-10, 4.03439587293e-10, 4.02203881311e-10, 3.06266095818e-10, 2.65675231814e-10, 1.5403865683e-10, 9.41625111217e-11, 1.05868140643e-10, 9.24747084463e-11, 9.95751189836e-11, 6.62550292407e-11, 4.5035242896e-11, 3.99001144624e-11, 2.23750306477e-11, 1.88145835717e-11, 1.26923159482e-11, 8.98666297627e-12]
    },
    "mfcc": {
        "mean": [-635.02142334, 106.492958069, -10.4379024506, 8.96186923981, -3.41712069511, -3.59296059608, -8.36141204834, -1.59709453583, -4.34033298492, 1.45748519897, -0.918546438217, -4.50240564346, -2.25144696236],
        "cov": [[10625.6416016, -942.134887695, 1470.78466797, 1064.65344238, 792.09185791, 818.284179688, 696.537902832, 596.240478516, 510.515563965, 536.139099121, 449.862030029, 544.66003418, 368.885284424], [-942.134887695, 950.581665039, -88.2980117798, 86.1170806885, 37.6841964722, 14.3225059509, 38.1378860474, 12.0172348022, -16.4404983521, -23.9415206909, -16.4561252594, -36.0258026123, -4.70261573792], [1470.78466797, -88.2980117798, 1114.48059082, 514.224365234, 448.192504883, 397.319946289, 415.240325928, 290.623199463, 274.488555908, 217.941040039, 205.308135986, 284.598693848, 207.199661255], [1064.65344238, 86.1170806885, 514.224365234, 511.795837402, 304.423248291, 267.220245361, 258.082122803, 192.890396118, 165.742828369, 124.383071899, 116.716468811, 179.315383911, 136.512023926], [792.09185791, 37.6841964722, 448.192504883, 304.423248291, 343.77243042, 257.273956299, 246.673660278, 174.244476318, 134.884140015, 109.930953979, 101.973464966, 133.333679199, 120.105903625], [818.284179688, 14.3225059509, 397.319946289, 267.220245361, 257.273956299, 320.791290283, 259.124023438, 192.448791504, 151.788040161, 122.476272583, 107.282409668, 138.877182007, 107.909706116], [696.537902832, 38.1378860474, 415.240325928, 258.082122803, 246.673660278, 259.124023438, 306.893798828, 201.13117981, 156.095123291, 117.493438721, 113.773757935, 150.180664062, 121.860618591], [596.240478516, 12.0172348022, 290.623199463, 192.890396118, 174.244476318, 192.448791504, 201.13117981, 206.135696411, 147.872970581, 109.42388916, 94.8506240845, 121.588775635, 91.3090667725], [510.515563965, -16.4404983521, 274.488555908, 165.742828369, 134.884140015, 151.788040161, 156.095123291, 147.872970581, 186.739837646, 122.989173889, 90.7155685425, 124.210319519, 88.4482192993], [536.139099121, -23.9415206909, 217.941040039, 124.383071899, 109.930953979, 122.476272583, 117.493438721, 109.42388916, 122.989173889, 143.356750488, 96.0158996582, 94.1132278442, 69.0351486206], [449.862030029, -16.4561252594, 205.308135986, 116.716468811, 101.973464966, 107.282409668, 113.773757935, 94.8506240845, 90.7155685425, 96.0158996582, 117.227256775, 105.249313354, 66.4404754639], [544.66003418, -36.0258026123, 284.598693848, 179.315383911, 133.333679199, 138.877182007, 150.180664062, 121.588775635, 124.210319519, 94.1132278442, 105.249313354, 184.17199707, 115.717887878], [368.885284424, -4.70261573792, 207.199661255, 136.512023926, 120.105903625, 107.909706116, 121.860618591, 91.3090667725, 88.4482192993, 69.0351486206, 66.4404754639, 115.717887878, 134.798690796]],
