{
"lowlevel": {
    "average_loudness": 0.844592034817,
    "barkbands_crest": {
        "dmean": 2.47517561913,
        "dmean2": 3.8858487606,
        "dvar": 7.34273386002,
        "dvar2": 16.37657547,
        "max": 26.6052837372,
        "mean": 12.3257455826,
        "median": 10.8021440506,
        "min": 1.89115166664,
        "var": 39.0033531189
    },
    "barkbands_flatness_db": {
        "dmean": 0.026636313647,
        "dmean2": 0.0382804386318,
        "dvar": 0.00153733789921,
        "dvar2": 0.0032638295088,
        "max": 0.646239876747,
        "mean": 0.178465247154,
        "median": 0.160038501024,
        "min": 0.0145038245246,
        "var": 0.014521448873
    },
    "barkbands_kurtosis": {
        "dmean": 18.2837600708,
        "dmean2": 25.1558303833,
        "dvar": 8448.81835938,
        "dvar2": 14748.4599609,
        "max": 2550.95947266,
        "mean": 38.2843894958,
        "median": 3.48518562317,
        "min": -1.84385418892,
        "var": 29888.0214844
    },
    "barkbands_skewness": {
        "dmean": 0.794746100903,
        "dmean2": 1.16051709652,
        "dvar": 2.72446870804,
        "dvar2": 5.15384817123,
        "max": 40.4343566895,
        "mean": 2.70516204834,
        "median": 1.65824604034,
        "min": -2.09711623192,
        "var": 14.9150438309
    },
    "barkbands_spread": {
        "dmean": 4.12361764908,
        "dmean2": 6.25562286377,
        "dvar": 32.1100730896,
        "dvar2": 73.6427230835,
        "max": 90.1927261353,
        "mean": 20.1487007141,
        "median": 13.6663017273,
        "min": 0.0508524142206,
        "var": 308.631103516
    },
    "dissonance": {
        "dmean": 0.0192430261523,
        "dmean2": 0.0316570773721,
        "dvar": 0.000496805063449,
        "dvar2": 0.00129820045549,
        "max": 0.500000059605,
        "mean": 0.460444301367,
        "median": 0.472734212875,
        "min": 0.21531689167,
        "var": 0.00143530091736
    },
    "dynamic_complexity": 2.66292381287,
    "erbbands_crest": {
        "dmean": 2.30292081833,
        "dmean2": 3.58244204521,
        "dvar": 5.32687759399,
        "dvar2": 11.7996873856,
        "max": 28.9309329987,
        "mean": 8.59708690643,
        "median": 7.09918737411,
        "min": 2.21843481064,
        "var": 25.0985374451
    },
    "erbbands_flatness_db": {
        "dmean": 0.0159293115139,
        "dmean2": 0.0232562031597,
        "dvar": 0.000391109788325,
        "dvar2": 0.000803664501291,
        "max": 0.383124351501,
        "mean": 0.151266559958,
        "median": 0.141377270222,
        "min": 0.0388783104718,
        "var": 0.00461339624599
    },
    "erbbands_kurtosis": {
        "dmean": 1.63209342957,
        "dmean2": 2.26076889038,
        "dvar": 18.0273551941,
        "dvar2": 26.8689098358,
        "max": 120.815292358,
        "mean": 2.04374265671,
        "median": 0.052253484726,
        "min": -1.7944123745,
        "var": 56.0706672668
    },
    "erbbands_skewness": {
        "dmean": 0.376482725143,
        "dmean2": 0.547803878784,
        "dvar": 0.203147917986,
        "dvar2": 0.370284438133,
        "max": 9.10536003113,
        "mean": 0.671095252037,
        "median": 0.42922270298,
        "min": -1.84760117531,
        "var": 1.18737030029
    },
    "erbbands_spread": {
        "dmean": 7.63725614548,
        "dmean2": 11.6340665817,
        "dvar": 88.3037414551,
        "dvar2": 200.089706421,
        "max": 160.318435669,
        "mean": 38.7782211304,
        "median": 36.948348999,
        "min": 1.99452960491,
        "var": 501.693908691
    },
    "hfc": {
        "dmean": 6.37342262268,
        "dmean2": 9.09728622437,
        "dvar": 114.693214417,
        "dvar2": 267.785308838,
        "max": 217.538024902,
        "mean": 28.8552494049,
        "median": 16.3139896393,
        "min": 1.12545810332e-16,
        "var": 835.104003906
    },
    "melbands_crest": {
        "dmean": 3.03089690208,
        "dmean2": 4.71443843842,
        "dvar": 9.70555305481,
        "dvar2": 23.1338043213,
        "max": 36.742603302,
        "mean": 16.9646987915,
        "median": 15.0505247116,
        "min": 1.93261086941,
        "var": 62.0320968628
    },
    "melbands_flatness_db": {
        "dmean": 0.0312268529087,
        "dmean2": 0.0451420880854,
        "dvar": 0.00204016314819,
        "dvar2": 0.00437269872054,
        "max": 0.80380743742,
        "mean": 0.260474324226,
        "median": 0.24371227622,
        "min": 0.00780080258846,
        "var": 0.0214466135949
    },
    "melbands_kurtosis": {
        "dmean": 17.3049983978,
        "dmean2": 23.8571949005,
        "dvar": 2282.50024414,
        "dvar2": 3530.37744141,
        "max": 1820.1619873,
        "mean": 40.7065582275,
        "median": 10.7817993164,
        "min": -1.53636443615,
        "var": 12197.3007812
    },
    "melbands_skewness": {
        "dmean": 0.909304141998,
        "dmean2": 1.32238125801,
        "dvar": 1.50264501572,
        "dvar2": 2.84965491295,
        "max": 29.2529907227,
        "mean": 3.63024735451,
        "median": 2.74576735497,
        "min": -1.384121418,
        "var": 10.3058309555
    },
    "melbands_spread": {
        "dmean": 4.63405847549,
        "dmean2": 7.22234106064,
        "dvar": 53.6829109192,
        "dvar2": 117.91519165,
        "max": 191.974960327,
        "mean": 18.1403255463,
        "median": 11.1176557541,
        "min": 0.156431406736,
        "var": 352.434661865
    },
    "pitch_salience": {
        "dmean": 0.0810877159238,
        "dmean2": 0.130128607154,
        "dvar": 0.010166826658,
        "dvar2": 0.0252506099641,
        "max": 0.975908100605,
        "mean": 0.488961726427,
        "median": 0.534473419189,
        "min": 0.0328767411411,
        "var": 0.0382811240852
    },
    "silence_rate_20dB": {
        "dmean": 0,
        "dmean2": 0,
        "dvar": 0,
        "dvar2": 0,
        "max": 1,
        "mean": 1,
        "median": 1,
        "min": 1,
        "var": 0
    },
    "silence_rate_30dB": {
        "dmean": 0.034049872309,
        "dmean2": 0.0681056007743,
        "dvar": 0.0328905694187,
        "dvar2": 0.0696586370468,
        "max": 1,
        "mean": 0.922620594501,
        "median": 1,
        "min": 0,
        "var": 0.0713871195912
    },
    "silence_rate_60dB": {
        "dmean": 0.00361134996638,
        "dmean2": 0.00722332112491,
        "dvar": 0.00359674589708,
        "dvar2": 0.00768830580637,
        "max": 1,
        "mean": 0.032241422683,
        "median": 0,
        "min": 0,
        "var": 0.0312000028789
    },
    "spectral_centroid": {
        "dmean": 182.685668945,
        "dmean2": 282.892242432,
        "dvar": 66053.140625,
        "dvar2": 146903.171875,
        "max": 11166.5478516,
        "mean": 1200.60595703,
        "median": 952.754760742,
        "min": 72.6571350098,
        "var": 723370.75
    },
    "spectral_complexity": {
        "dmean": 3.71229577065,
        "dmean2": 5.59858989716,
        "dvar": 16.168264389,
        "dvar2": 32.298789978,
        "max": 61,
        "mean": 20.5582504272,
        "median": 17,
        "min": 0,
        "var": 190.421417236
    },
    "spectral_decrease": {
        "dmean": 2.69747868487e-09,
        "dmean2": 4.19002788021e-09,
        "dvar": 1.38644553107e-17,
        "dvar2": 3.13229309736e-17,
        "max": -8.26797873266e-29,
        "mean": -1.20589565e-08,
        "median": -1.01161763411e-08,
        "min": -5.15739166929e-08,
        "var": 7.3575088361e-17
    },
    "spectral_energy": {
        "dmean": 0.0104047674686,
        "dmean2": 0.0161156021059,
        "dvar": 0.000201943592401,
        "dvar2": 0.000456651672721,
        "max": 0.196885496378,
        "mean": 0.0481304638088,
        "median": 0.0402278676629,
        "min": 1.05202865944e-20,
        "var": 0.00109831301961
    },
    "spectral_energyband_high": {
        "dmean": 0.000459432922071,
        "dmean2": 0.000660636113025,
        "dvar": 7.82354106832e-07,
        "dvar2": 1.76264529728e-06,
        "max": 0.0184738282114,
        "mean": 0.00176353217103,
        "median": 0.0003146820236,
        "min": 7.63136638302e-21,
        "var": 6.14131658949e-06
    },
    "spectral_energyband_low": {
        "dmean": 0.00922145787627,
        "dmean2": 0.0143978595734,
        "dvar": 0.000227218028158,
        "dvar2": 0.000511924852617,
        "max": 0.178828909993,
        "mean": 0.0299285240471,
        "median": 0.0193273276091,
        "min": 6.01384387672e-23,
        "var": 0.00114713457879
    },
    "spectral_energyband_middle_high": {
        "dmean": 0.00150109257083,
        "dmean2": 0.00235266843811,
        "dvar": 5.72400040255e-06,
        "dvar2": 1.42977087307e-05,
        "max": 0.033913820982,
        "mean": 0.00472906557843,
        "median": 0.00265028630383,
        "min": 1.55011415263e-21,
        "var": 2.64891532424e-05
    },
    "spectral_energyband_middle_low": {
        "dmean": 0.00523442495614,
        "dmean2": 0.00862100813538,
        "dvar": 0.000102288984635,
        "dvar2": 0.000288358685793,
        "max": 0.110884308815,
        "mean": 0.0129937371239,
        "median": 0.0111203994602,
        "min": 3.40143897634e-22,
        "var": 0.000140405230923
    },
    "spectral_entropy": {
        "dmean": 0.183373168111,
        "dmean2": 0.266910552979,
        "dvar": 0.0832656994462,
        "dvar2": 0.183782532811,
        "max": 9.80060195923,
        "mean": 7.47063350677,
        "median": 7.68851995468,
        "min": 4.51092767715,
        "var": 0.740468978882
    },
    "spectral_flux": {
        "dmean": 0.0300799701363,
        "dmean2": 0.044573109597,
        "dvar": 0.0017468953738,
        "dvar2": 0.00286164926365,
        "max": 0.467065572739,
        "mean": 0.0936156213284,
        "median": 0.0852152407169,
        "min": 1.02568446791e-10,
        "var": 0.00348319672048
    },
    "spectral_kurtosis": {
        "dmean": 2.96690678596,
        "dmean2": 4.85887765884,
        "dvar": 35.1002082825,
        "dvar2": 89.3112640381,
        "max": 110.90096283,
        "mean": 8.05703258514,
        "median": 4.12742042542,
        "min": -1.15660119057,
        "var": 95.13331604
    },
    "spectral_rms": {
        "dmean": 0.000762266165111,
        "dmean2": 0.00117163197137,
        "dvar": 8.0418124071e-07,
        "dvar2": 1.81169866664e-06,
        "max": 0.0138594163582,
        "mean": 0.00641526607797,
        "median": 0.0062647187151,
        "min": 3.20370010902e-12,
        "var": 5.80095138503e-06
    },
    "spectral_rolloff": {
        "dmean": 398.280639648,
        "dmean2": 634.198486328,
        "dvar": 695808.5,
        "dvar2": 1497237.5,
        "max": 18669.2871094,
        "mean": 1374.11022949,
        "median": 538.330078125,
        "min": 43.06640625,
        "var": 3752938.5
    },
    "spectral_skewness": {
        "dmean": 0.28689789772,
        "dmean2": 0.45427018404,
        "dvar": 0.212339580059,
        "dvar2": 0.516343772411,
        "max": 8.64548301697,
        "mean": 2.02666139603,
        "median": 1.66403448582,
        "min": -0.0403794981539,
        "var": 0.995313882828
    },
    "spectral_spread": {
        "dmean": 490698.78125,
        "dmean2": 739003.5,
        "dvar": 472396562432,
        "dvar2": 901233442816,
        "max": 39715344,
        "mean": 5058686,
        "median": 5046979.5,
        "min": 792356.9375,
        "var": 5.66635370906e+12
    },
    "spectral_strongpeak": {
        "dmean": 0.325132012367,
        "dmean2": 0.547507464886,
        "dvar": 0.281080454588,
        "dvar2": 0.720429003239,
        "max": 9.55985927582,
        "mean": 0.77577239275,
        "median": 0.570367097855,
        "min": 0,
        "var": 0.592631220818
    },
    "zerocrossingrate": {
        "dmean": 0.00869560427964,
        "dmean2": 0.0102593647316,
        "dvar": 0.000160022493219,
        "dvar2": 0.000191492872545,
        "max": 0.58935546875,
        "mean": 0.0594120025635,
        "median": 0.04052734375,
        "min": 0.001953125,
        "var": 0.00307634891942
    },
    "barkbands": {
        "dmean": [0.000300064159092, 0.00739508494735, 0.00413722638041, 0.00210308562964, 0.00198873109184, 0.00131405284628, 0.000991603708826, 0.000746222503949, 0.000654416740872, 0.000372656359104, 0.000527823576704, 0.000297734484775, 0.000391093519283, 0.000285681366222, 0.000239805274759, 0.000268259347649, 0.000166371348314, 0.000146112215589, 0.00014025947894, 0.000125272650621, 9.9818855233e-05, 0.000101028090285, 0.000106279127067, 0.000107296284114, 9.10281232791e-05, 6.13434385741e-05, 2.45538230956e-05],
        "dmean2": [0.000395223119995, 0.0109700970352, 0.00724961794913, 0.00373694906011, 0.00342080066912, 0.0020812433213, 0.00144539040048, 0.00112794910092, 0.000981396529824, 0.000597202102654, 0.000820922898129, 0.000492252002005, 0.000673135800753, 0.000477161345771, 0.000398503761971, 0.000452967447927, 0.000278017047094, 0.000237191386987, 0.000234189457842, 0.000200977068744, 0.000158522758284, 0.000160835901625, 0.000172972155269, 0.000165400459082, 0.000141854630783, 9.00738596101e-05, 3.71564747184e-05],
        "dvar": [3.20413022337e-07, 0.00017937796656, 9.43744453252e-05, 2.30362056755e-05, 1.95101365534e-05, 4.51280538982e-06, 2.81127836388e-06, 2.67903487838e-06, 1.54479232606e-06, 5.15053216077e-07, 1.10734970349e-06, 2.98914244468e-07, 6.18152171228e-07, 2.90501560585e-07, 2.75483102996e-07, 3.40412924515e-07, 1.00212965037e-07, 7.18572508163e-08, 7.73139348098e-08, 6.37860537722e-08, 3.33206990888e-08, 3.59252041449e-08, 4.73715111582e-08, 4.99994605718e-08, 3.59293323982e-08, 1.74503185235e-08, 2.54807708266e-09],
        "dvar2": [5.80459129651e-07, 0.000352593342541, 0.000270022981567, 6.56079500914e-05, 5.55115002498e-05, 1.10272358143e-05, 5.30501529283e-06, 5.5489335864e-06, 3.26853978549e-06, 1.22038090922e-06, 2.52051631833e-06, 7.42936094866e-07, 1.66931476997e-06, 7.48859804389e-07, 7.14465045348e-07, 9.35295588533e-07, 2.65503189212e-07, 1.79981157089e-07, 2.07079423831e-07, 1.65466630619e-07, 8.49833980965e-08, 9.21515237451e-08, 1.30115594743e-07, 1.25051926148e-07, 8.94255194339e-08, 3.88997634104e-08, 5.84672665838e-09],
        "max": [0.0132224839181, 0.159911081195, 0.103775843978, 0.0501826889813, 0.0481835491955, 0.035438247025, 0.0509586930275, 0.0411388352513, 0.0251049697399, 0.0168331246823, 0.0224581379443, 0.0112314997241, 0.0163594130427, 0.0125082414597, 0.0145022943616, 0.0144959231839, 0.00721535971388, 0.00607849098742, 0.00573767768219, 0.00548549415544, 0.00324741587974, 0.00350672192872, 0.00302951247431, 0.0034852840472, 0.00316017516889, 0.00287342118099, 0.0009005452157],
        "mean": [0.000922254461329, 0.022600620985, 0.00519918091595, 0.00250177201815, 0.00297135394067, 0.00245085009374, 0.00218347809277, 0.00156257313211, 0.00117913540453, 0.000557107268833, 0.000886347028427, 0.000511693186127, 0.000572444114368, 0.00045752839651, 0.000390133121982, 0.000429138162872, 0.000295458332403, 0.000286853552097, 0.000283795874566, 0.000289013580186, 0.000260271743173, 0.000267454306595, 0.000280518666841, 0.000288564857328, 0.000266648479737, 0.000188896185136, 4.73185791634e-05],
        "median": [0.000138730101753, 0.00893712416291, 0.00239253835753, 0.000900631654076, 0.00166417087894, 0.00122631085105, 0.000767886696849, 0.000303341104882, 0.000366279477021, 0.000225458730711, 0.000330720096827, 0.000245025759796, 0.000237706917687, 0.000212524901144, 0.000187846191693, 0.00016753343516, 0.000124207334011, 9.4498420367e-05, 7.05262718839e-05, 5.22260124853e-05, 4.39600844402e-05, 3.99613090849e-05, 4.16543662141e-05, 4.5576474804e-05, 4.33669702034e-05, 2.70344553428e-05, 2.44839952757e-06],
        "min": [1.03372743228e-23, 3.86758969634e-23, 2.6369294894e-24, 1.97942461397e-23, 3.18056095211e-23, 6.77566199902e-23, 6.41808965226e-23, 4.57103432046e-23, 9.31031689479e-23, 1.30495769079e-22, 1.22083469982e-22, 6.548560304e-23, 4.77721479318e-23, 1.60925037201e-22, 6.67589633806e-23, 1.63082527601e-22, 2.44646289714e-22, 2.17097020228e-22, 2.36823616812e-22, 2.27423196856e-22, 7.18307003394e-22, 7.50658883314e-22, 5.32141736752e-22, 8.04261035191e-22, 1.31835585586e-21, 1.25509087734e-21, 2.32031371379e-21],
        "var": [3.25195560436e-06, 0.00101469329093, 7.6429634646e-05, 1.95622942556e-05, 1.79739508894e-05, 1.04422870209e-05, 1.69930135598e-05, 1.35186210173e-05, 4.63351761937e-06, 9.33815158533e-07, 2.45945079769e-06, 5.98566259669e-07, 8.71767724675e-07, 5.29968303908e-07, 4.83078224534e-07, 5.58558667763e-07, 1.80698052077e-07, 1.75029143179e-07, 1.8364862342e-07, 2.08794020295e-07, 1.45098027815e-07, 1.57174056881e-07, 1.68033167824e-07, 1.9018862929e-07, 1.66795558698e-07, 9.29684205175e-08, 8.85177975363e-09]
    },
    "erbbands": {
        "dmean": [0.200626537204, 1.88236868382, 4.58969783783, 5.88315439224, 6.74942970276, 6.90866518021, 8.16073703766, 12.7103633881, 13.0101623535, 16.8232345581, 11.6673536301, 16.4067745209, 10.8370065689, 12.6840553284, 20.6411685944, 11.3563995361, 17.0919303894, 13.1997756958, 12.1330032349, 12.2863473892, 11.4197673798, 9.31554889679, 8.83878993988, 7.36063194275, 6.33778810501, 5.15792131424, 4.50495672226, 3.99937605858, 3.69073390961, 3.80562734604, 3.01340913773, 2.17127084732, 1.88012194633, 1.16614758968, 0.664943099022, 0.30658942461, 0.112638808787, 0.0344614349306, 0.0038196828682, 5.98334336246e-05],
        "dmean2": [0.253961533308, 2.88351416588, 7.89192819595, 10.4151182175, 11.7965326309, 11.8082942963, 13.3428421021, 19.6825790405, 19.7288742065, 24.1274490356, 17.9383277893, 24.6064910889, 17.1845779419, 20.2274589539, 32.0975227356, 18.8448181152, 29.2642765045, 22.0387229919, 20.2719764709, 20.5891132355, 19.1577606201, 15.457285881, 14.4113931656, 12.1550998688, 10.3818073273, 8.22035694122, 7.23525428772, 6.41976881027, 5.93891477585, 6.24196386337, 4.91885375977, 3.40417313576, 2.92230606079, 1.86569285393, 1.04593396187, 0.469054460526, 0.166327685118, 0.0503733754158, 0.00586682278663, 8.93706383067e-05],
        "dvar": [0.19189889729, 11.1030454636, 101.177146912, 190.914215088, 264.80267334, 220.577758789, 214.390762329, 436.144012451, 464.317932129, 927.749084473, 560.674987793, 1041.62536621, 404.619903564, 589.392150879, 2170.09814453, 407.004119873, 1159.64526367, 550.731079102, 540.603759766, 545.51361084, 486.019012451, 351.710601807, 293.285095215, 222.13381958, 150.944900513, 101.470794678, 64.7589874268, 62.4995765686, 50.2054862976, 58.9558105469, 39.378616333, 16.7974586487, 16.5264320374, 6.17960977554, 1.9309772253, 0.43334633112, 0.0580488741398, 0.00513566238806, 6.32074734312e-05, 1.1750856288e-08],
        "dvar2": [0.22099173069, 25.603849411, 288.002227783, 544.509765625, 755.10723877, 617.799926758, 556.082824707, 974.340942383, 1017.45825195, 1788.33764648, 1201.11755371, 2226.72192383, 963.518127441, 1399.98059082, 5005.32958984, 1044.25219727, 3131.91772461, 1450.94519043, 1429.54589844, 1455.39025879, 1322.26098633, 935.133789062, 735.107849121, 573.773254395, 401.540618896, 255.943115234, 166.129196167, 163.775192261, 129.395797729, 162.819320679, 107.921051025, 40.866153717, 42.4954681396, 16.1862220764, 4.73360681534, 1.01760792732, 0.127882272005, 0.0110714109614, 0.000147685655975, 2.58769397021e-08],
        "max": [6.34910535812, 37.4545288086, 109.200332642, 149.305435181, 168.279922485, 199.540786743, 215.498962402, 449.024261475, 384.325714111, 644.301208496, 754.49822998, 599.370910645, 624.815856934, 476.112854004, 1173.49487305, 418.937133789, 653.502563477, 426.378448486, 540.016479492, 518.919555664, 456.252075195, 477.477600098, 411.433776855, 367.652526855, 252.890548706, 229.096679688, 144.879135132, 168.43548584, 140.621170044, 155.639205933, 94.6604919434, 62.9532203674, 62.8552513123, 35.9083976746, 25.6533889771, 16.5908432007, 4.21400403976, 1.47512984276, 0.143659755588, 0.00209185993299],
        "mean": [0.736410856247, 4.61170816422, 6.88200902939, 7.40104579926, 8.48785972595, 10.1845636368, 14.1966819763, 24.6527347565, 26.621471405, 40.1752471924, 24.6822929382, 29.2226295471, 18.9124317169, 21.0519371033, 36.5300941467, 20.7360172272, 26.3818702698, 23.5808944702, 22.1699848175, 22.0626525879, 20.6292495728, 17.360376358, 17.2306156158, 14.9116649628, 13.7976570129, 12.5347537994, 11.129817009, 10.108915329, 9.45502853394, 9.21533107758, 7.86191272736, 6.1707701683, 4.6773481369, 3.12161898613, 1.85234606266, 0.899998545647, 0.329066246748, 0.0876194015145, 0.00725455256179, 0.000172419458977],
        "median": [0.139357566833, 2.26604175568, 3.98008322716, 3.58483433723, 3.91809797287, 5.31273651123, 7.31482648849, 11.3000602722, 11.5759429932, 11.8567056656, 8.33338451385, 9.8768081665, 8.76556396484, 9.66652107239, 13.6723661423, 11.1375999451, 11.775633812, 11.3916025162, 10.8826389313, 10.8142852783, 8.57304286957, 7.24249410629, 5.57536840439, 4.21433162689, 3.069034338, 2.39576816559, 2.05581212044, 1.61601185799, 1.46241092682, 1.29330325127, 1.17694199085, 0.990454316139, 0.745017468929, 0.49441459775, 0.299276083708, 0.134501323104, 0.0452926270664, 0.00944413151592, 0.000413451285567, 6.74437033013e-05],
        "min": [2.68344822413e-21, 2.28110805886e-21, 2.27437166636e-21, 3.67967999696e-20, 7.38548080671e-20, 6.36659462485e-20, 5.26673444036e-19, 4.99569733892e-19, 8.81682715934e-19, 8.62347369115e-19, 1.01385594146e-18, 1.94656463765e-18, 3.27094304369e-18, 4.27010277739e-18, 4.16140255951e-18, 3.16105209931e-18, 2.27720196337e-18, 9.0489861516e-18, 3.40564196181e-18, 4.50461137619e-18, 1.19949237288e-17, 1.34249254476e-17, 1.10764505007e-17, 1.08895134725e-17, 1.36632105395e-17, 1.0700124681e-17, 2.85343893234e-17, 2.41202938401e-17, 2.93321851719e-17, 1.94886184228e-17, 1.48866851117e-17, 1.61449889508e-17, 1.37770876672e-17, 1.37805684432e-17, 9.79830756181e-18, 3.89828509205e-18, 2.49477300515e-18, 1.12601170635e-18, 3.33389639969e-19, 3.42189109777e-20],
        "var": [1.99289345741, 33.7981681824, 92.3056793213, 145.220687866, 218.802825928, 235.564941406, 360.750335693, 1305.90209961, 1618.13134766, 5905.99121094, 2434.17163086, 2718.80883789, 816.753662109, 1166.60668945, 4835.41357422, 805.115112305, 1673.93005371, 1045.11242676, 1080.11157227, 1095.22729492, 929.153808594, 623.614135742, 674.728881836, 517.326171875, 419.7605896, 363.9581604, 258.173309326, 236.889328003, 200.865829468, 193.689575195, 132.585601807, 81.7883529663, 52.1638870239, 23.1695518494, 8.36289596558, 2.07221269608, 0.294435560703, 0.0242885518819, 0.000210250378586, 5.40780291658e-08]
    },
    "gfcc": {
        "mean": [0.362463206053, 88.6652984619, -92.2338485718, 26.0697116852, -45.878616333, 15.9737634659, -35.1344947815, 7.95109653473, -18.6055660248, 5.71911144257, -11.1413698196, 2.42762827873, -10.8190412521],
        "cov": [[11093.1591797, -4066.77294922, -411.047821045, -47.1882400513, -757.459777832, 714.336853027, -177.995834351, 491.014007568, -671.040222168, 334.0831604, -581.526977539, 511.991485596, -390.999969482], [-4066.77294922, 4766.57177734, 544.753967285, 116.668075562, 346.783905029, -577.357788086, 268.857208252, -230.872406006, 476.048706055, -390.188079834, 334.468902588, -440.543243408, 334.840576172], [-411.047821045, 544.753967285, 1590.47045898, 581.746276855, 397.445953369, 268.703765869, 256.052734375, 110.759231567, 183.603164673, 83.5861434937, 183.517791748, 64.3355255127, 97.581161499], [-47.1882400513, 116.668075562, 581.746276855, 536.537719727, 371.105255127, 270.694244385, 175.298416138, 55.0473175049, 94.8053207397, 75.7925338745, 123.898788452, 58.9684715271, 59.5457496643], [-757.459777832, 346.783905029, 397.445953369, 371.105255127, 587.391601562, 260.093109131, 211.596862793, 15.2071485519, 128.08052063, 43.1704177856, 147.49017334, 20.6875610352, 82.4406738281], [714.336853027, -577.357788086, 268.703765869, 270.694244385, 260.093109131, 414.05279541, 138.082443237, 104.093177795, -6.9181842804, 110.365959167, 27.3229007721, 116.264961243, -2.27861714363], [-177.995834351, 268.857208252, 256.052734375, 175.298416138, 211.596862793, 138.082443237, 243.566085815, 83.0765762329, 105.733726501, 9.58640575409, 73.5536193848, 3.94895744324, 54.7192230225], [491.014007568, -230.872406006, 110.759231567, 55.0473175049, 15.2071485519, 104.093177795, 83.0765762329, 142.054824829, 34.7681007385, 64.7782974243, -3.12718558311, 51.6672554016, -5.63882827759], [-671.040222168, 476.048706055, 183.603164673, 94.8053207397, 128.08052063, -6.9181842804, 105.733726501, 34.7681007385, 173.288864136, 39.8754997253, 106.566467285, -20.1157531738, 58.0771026611], [334.0831604, -390.188079834, 83.5861434937, 75.7925338745, 43.1704177856, 110.365959167, 9.58640575409, 64.7782974243, 39.8754997253, 157.5027771, 56.5120773315, 85.4153900146, -14.232632637], [-581.526977539, 334.468902588, 183.517791748, 123.898788452, 147.49017334, 27.3229007721, 73.5536193848, -3.12718558311, 106.566467285, 56.5120773315, 156.739517212, 27.012845993, 55.8249130249], [511.991485596, -440.543243408, 64.3355255127, 58.9684715271, 20.6875610352, 116.264961243, 3.94895744324, 51.6672554016, -20.1157531738, 85.4153900146, 27.012845993, 118.706123352, 4.28437185287], [-390.999969482, 334.840576172, 97.581161499, 59.5457496643, 82.4406738281, -2.27861714363, 54.7192230225, -5.63882827759, 58.0771026611, -14.232632637, 55.8249130249, 4.28437185287, 85.96824646]],
        "icov": [[0.000250504643191, -0.000117299772683, 6.39024219709e-05, -0.000233278202359, 0.000315238081384, -0.000154173816554, -0.000285242043901, -0.000331941060722, 0.000669509230647, -0.000497280794661, 0.000853795267176, -0.000925401342101, 0.000495726708323], [-0.000117299772683, 0.00101709540468, -0.000214670028072, 0.000125375401694, -0.000174257336766, 0.000484514166601, 0.000364015082596, -0.000140277537866, -0.0011943129357, 0.0018749225419, -0.00221233279444, 0.00296328612603, -0.00199296581559], [6.39024219709e-05, -0.000214670028072, 0.00117917987518, -0.00120616191998, 0.000241095374804, -0.000125869220938, -0.000153043743921, -0.000486324366648, -0.00013260023843, 1.44964114952e-05, 0.000202992450795, -0.000909889116883, 0.000460228533484], [-0.000233278202359, 0.000125375401694, -0.00120616191998, 0.00547608826309, -0.00174754066393, -0.0016282426659, 0.000193404397578, 0.000522517948411, -0.000295006902888, 9.74903014139e-05, -0.00190906028729, 0.00142230966594, -0.00104515103158], [0.000315238081384, -0.000174257336766, 0.000241095374804, -0.00174754066393, 0.00537792313844, -0.00309181539342, -0.00165236287285, 0.00187952024862, -0.000541805056855, -0.000195370841539, -0.00055243720999, 0.000245537405135, -0.000334751734044], [-0.000154173816554, 0.000484514166601, -0.000125869220938, -0.0016282426659, -0.00309181539342, 0.00913963280618, -0.0033483908046, -0.000825441617053, 0.0028136249166, -0.00250256294385, 0.0019940903876, -0.00279617821798, 0.000495985674206], [-0.000285242043901, 0.000364015082596, -0.000153043743921, 0.000193404397578, -0.00165236287285, -0.0033483908046, 0.0131009593606, -0.00730794901028, -0.0043735364452, 0.00676640402526, -0.00523684360087, 0.00456158537418, -0.00274962419644], [-0.000331941060722, -0.000140277537866, -0.000486324366648, 0.000522517948411, 0.00187952024862, -0.000825441617053, -0.00730794901028, 0.0192313343287, -0.00713496049866, -0.0041516548954, 0.00802651979029, -0.00687270658091, 0.00257858051918], [0.000669509230647, -0.0011943129357, -0.00013260023843, -0.000295006902888, -0.000541805056855, 0.0028136249166, -0.0043735364452, -0.00713496049866, 0.0247189793736, -0.0118822753429, -0.00466017471626, 0.00746962008998, -0.00505095394328], [-0.000497280794661, 0.0018749225419, 1.44964114952e-05, 9.74903014139e-05, -0.000195370841539, -0.00250256294385, 0.00676640402526, -0.0041516548954, -0.0118822753429, 0.0247509460896, -0.0104318605736, -0.00451655313373, 0.00501757534221], [0.000853795267176, -0.00221233279444, 0.000202992450795, -0.00190906028729, -0.00055243720999, 0.0019940903876, -0.00523684360087, 0.00802651979029, -0.00466017471626, -0.0104318605736, 0.0270142704248, -0.0157589856535, 0.00269877281971], [-0.000925401342101, 0.00296328612603, -0.000909889116883, 0.00142230966594, 0.000245537405135, -0.00279617821798, 0.00456158537418, -0.00687270658091, 0.00746962008998, -0.00451655313373, -0.0157589856535, 0.0374429151416, -0.016793532297], [0.000495726708323, -0.00199296581559, 0.000460228533484, -0.00104515103158, -0.000334751734044, 0.000495985674206, -0.00274962419644, 0.00257858051918, -0.00505095394328, 0.00501757534221, 0.00269877281971, -0.016793532297, 0.0274316798896]]
    },
    "melbands": {
        "dmean": [0.00189386727288, 0.00231795758009, 0.00102218496613, 0.000469647464342, 0.000283499452053, 0.000270265794825, 0.000199902278837, 0.000189661019249, 9.11241877475e-05, 0.000108091873699, 5.55391707167e-05, 5.25354371348e-05, 6.32919036434e-05, 4.02285331802e-05, 3.35359327437e-05, 4.64993972855e-05, 2.5473511414e-05, 2.13889288716e-05, 2.1153686248e-05, 2.22788712563e-05, 1.19252426884e-05, 1.10088103611e-05, 8.63888908498e-06, 6.53536471873e-06, 6.66026107865e-06, 5.41348254046e-06, 4.75963906865e-06, 4.11970586356e-06, 3.44306954503e-06, 2.65093558482e-06, 2.57923943536e-06, 2.42825331043e-06, 2.24003042604e-06, 2.28743419939e-06, 1.96222549675e-06, 1.69695556451e-06, 1.47368018588e-06, 1.48682011059e-06, 1.3428418697e-06, 9.70011228674e-07],
        "dmean2": [0.00263144471683, 0.00379622378387, 0.00179606978782, 0.000817462569103, 0.000464344309876, 0.000421538192313, 0.000298223167192, 0.000274499645457, 0.000140002637636, 0.000161614487297, 8.83812463144e-05, 8.41682340251e-05, 9.86961676972e-05, 6.51539521641e-05, 5.6833941926e-05, 7.95717642177e-05, 4.24425707024e-05, 3.58602192136e-05, 3.52620518242e-05, 3.78161967092e-05, 2.00787981157e-05, 1.85238750419e-05, 1.43531742651e-05, 1.05592644104e-05, 1.11225872388e-05, 9.06190416572e-06, 7.7905579019e-06, 6.63474702378e-06, 5.62680270377e-06, 4.29786905443e-06, 4.19234220317e-06, 3.98112979383e-06, 3.64257448382e-06, 3.82846292268e-06, 3.28802434524e-06, 2.7246414902e-06, 2.33469791056e-06, 2.33881701206e-06, 2.23927418119e-06, 1.55048883244e-06],
        "dvar": [1.34013980642e-05, 1.84930322575e-05, 5.84954705118e-06, 1.25367432702e-06, 2.53177034892e-07, 1.87754366721e-07, 1.07175189612e-07, 1.30071754256e-07, 3.51475826221e-08, 4.67002472249e-08, 1.11119637936e-08, 9.67624291803e-09, 1.68957274838e-08, 6.58613474869e-09, 4.58305660089e-09, 9.39309874326e-09, 2.24392437964e-09, 1.99269845069e-09, 2.82010992336e-09, 2.70338795794e-09, 4.83286077824e-10, 5.1346804586e-10, 2.5816082605e-10, 1.32782340678e-10, 1.92029933621e-10, 1.18658444181e-10, 1.13817621994e-10, 7.66398958185e-11, 4.04096825446e-11, 2.52193994854e-11, 2.76100427243e-11, 2.48452439178e-11, 1.94053488556e-11, 2.03208283533e-11, 1.62890829297e-11, 1.10446140081e-11, 8.03106799813e-12, 9.84122245501e-12, 9.98823940224e-12, 3.8132938647e-12],
        "dvar2": [2.09638637898e-05, 5.03173141624e-05, 1.66507397807e-05, 3.59636601388e-06, 6.65275024403e-07, 4.33351999618e-07, 2.23270774313e-07, 2.56342303828e-07, 7.36053777928e-08, 9.93145405914e-08, 2.64564956609e-08, 2.31435812736e-08, 3.88166618848e-08, 1.59394275556e-08, 1.21504122319e-08, 2.51422580533e-08, 5.83256998254e-09, 5.2412336693e-09, 7.25390325584e-09, 7.45861417073e-09, 1.29793364945e-09, 1.36641076232e-09, 6.69227007144e-10, 3.38086225682e-10, 4.98339647326e-10, 3.23256948986e-10, 3.01535657554e-10, 1.97123109502e-10, 1.06244672782e-10, 6.61339455421e-11, 7.43209660481e-11, 6.59227950006e-11, 5.20975484974e-11, 5.73768532686e-11, 4.5788442482e-11, 2.88536000648e-11, 2.00774102205e-11, 2.48549739817e-11, 2.78700396095e-11, 9.89866522083e-12],
        "max": [0.0489108711481, 0.0484819747508, 0.0260354019701, 0.0119748041034, 0.00645826151595, 0.00866180006415, 0.00804248359054, 0.00822772458196, 0.00572544336319, 0.00404260121286, 0.00316305458546, 0.00175716553349, 0.00306999287568, 0.00172743061557, 0.00145846907981, 0.00225679622963, 0.000956648320425, 0.00121817446779, 0.0015883713495, 0.00134078704286, 0.000422200188041, 0.000563086010516, 0.000334768323228, 0.000219540292164, 0.000340609549312, 0.000208977638977, 0.000296169688227, 0.000219500725507, 0.000120031516417, 8.83672910277e-05, 8.34648017189e-05, 0.000102365629573, 7.5009498687e-05, 7.18685114407e-05, 5.39791290066e-05, 6.49841458653e-05, 4.85513701278e-05, 5.20626272191e-05, 4.41837801191e-05, 2.96719408652e-05],
        "mean": [0.00638387724757, 0.00461364677176, 0.00136305158958, 0.000648891145829, 0.000510664482135, 0.000523574883118, 0.000423088175012, 0.00044300960144, 0.000181985844392, 0.000186474833754, 9.15191703825e-05, 8.23434311314e-05, 0.000110589047836, 7.361475582e-05, 4.95282874908e-05, 6.36285258224e-05, 4.17421651946e-05, 3.55075935659e-05, 3.24910943164e-05, 3.35303047905e-05, 2.0694318664e-05, 1.84737691598e-05, 1.58374405146e-05, 1.29786358229e-05, 1.20650402096e-05, 1.02587755464e-05, 9.21165337786e-06, 8.49948446557e-06, 7.40002269595e-06, 6.07668152952e-06, 5.68267523704e-06, 5.43684836884e-06, 5.07244294567e-06, 5.04075796925e-06, 4.51025380244e-06, 4.23735218646e-06, 3.67351071873e-06, 3.37957430929e-06, 2.94575761473e-06, 2.52320523941e-06],
        "median": [0.00199286779389, 0.00361282867379, 0.000737814814784, 0.0003592944704, 0.000281171349343, 0.000258626852883, 0.000167173857335, 0.000117735071399, 5.4020601965e-05, 5.66677372262e-05, 3.9254387957e-05, 3.44118125213e-05, 4.38688293798e-05, 3.15951256198e-05, 2.36516680161e-05, 2.31204612646e-05, 1.95353513845e-05, 1.66287773027e-05, 1.44293962876e-05, 1.29326544993e-05, 8.70014537213e-06, 7.61074215916e-06, 5.66211247133e-06, 4.00222597818e-06, 3.31378964802e-06, 2.45185628955e-06, 1.7895339397e-06, 1.5511619722e-06, 1.34276353947e-06, 9.99390749712e-07, 8.83284712927e-07, 8.27771259537e-07, 7.29008775124e-07, 7.04125739048e-07, 6.72826445225e-07, 6.20983712452e-07, 5.75349133669e-07, 5.15342776453e-07, 4.44148923862e-07, 3.98503857468e-07],
        "min": [1.58922655788e-23, 1.34216399984e-24, 8.02490922828e-24, 3.51238582556e-24, 1.55348895007e-23, 1.19328614661e-23, 1.30958798876e-23, 9.82362963245e-24, 9.5048359523e-24, 1.2643158925e-23, 1.78520011712e-23, 1.82373297467e-23, 1.73409628773e-23, 6.88891875918e-24, 6.00457491885e-24, 6.75984376015e-24, 1.8121024828e-23, 4.66017962594e-24, 5.71593189692e-24, 6.41415189527e-24, 1.59849535798e-23, 1.43817168522e-23, 1.03127076165e-23, 1.0626043168e-23, 8.30030214801e-24, 1.00180712238e-23, 8.31974756932e-24, 6.3440726479e-24, 1.56969278415e-23, 2.13244075261e-23, 1.13181502832e-23, 1.66936819942e-23, 1.37594633702e-23, 1.0121890841e-23, 8.89849695016e-24, 7.90972843636e-24, 1.05340793414e-23, 9.07786025418e-24, 1.00687247714e-23, 1.23666639665e-23],
        "var": [0.000106092411443, 2.58974196186e-05, 4.59995044366e-06, 1.03174659216e-06, 4.19887157932e-07, 5.2157497521e-07, 4.99939289966e-07, 7.81204789746e-07, 1.51848922769e-07, 1.19003132681e-07, 2.12098729691e-08, 1.88968893866e-08, 3.84410405729e-08, 1.44562584126e-08, 6.58263399345e-09, 1.31131869807e-08, 3.90486176727e-09, 3.5100649054e-09, 4.68612038063e-09, 4.06028632938e-09, 8.77816042077e-10, 8.04172950453e-10, 5.44563394378e-10, 3.38326949789e-10, 3.87806703417e-10, 2.53088827673e-10, 2.54242932263e-10, 1.99710581406e-10, 1.24480897812e-10, 8.51688858328e-11, 8.1411724584e-11, 7.42457068048e-11, 6.00264421502e-11, 5.92405360877e-11, 4.47576004037e-11, 4.05319978969e-11, 3.10776647472e-11, 2.82148089614e-11, 2.27634699285e-11, 1.52310889595e-11]
    },
    "mfcc": {
        "mean": [-652.272583008, 127.125236511, 13.0817871094, 19.6270694733, 13.0891742706, 9.86330223083, 1.66628801823, 3.33420348167, -0.434130847454, 2.52475810051, 0.673182308674, 3.24658131599, 2.99092769623],
        "cov": [[10863.6542969, -3636.00512695, -686.363769531, -789.292663574, -690.354553223, -118.886886597, 115.303367615, 91.043510437, -5.27330970764, -144.721740723, -173.085281372, -136.936935425, -66.13697052], [-3636.00512695, 3791.15917969, 446.145965576, 603.909973145, 116.647117615, -132.76789856, -131.167297363, 14.93562603, 74.9817886353, 90.0107498169, -13.3091650009, -16.3348407745, 2.20233893394], [-686.363769531, 446.145965576, 1067.10888672, 423.376922607, 253.969329834, 193.685913086, 151.65675354, 127.740119934, 83.5969009399, 81.3994827271, 83.7339477539, 87.7275772095, 70.8215332031], [-789.292663574, 603.909973145, 423.376922607, 463.284912109, 269.023529053, 195.447875977, 132.931533813, 97.6674041748, 74.6044692993, 73.7458343506, 74.4801559448, 72.3257827759, 54.8492889404], [-690.354553223, 116.647117615, 253.969329834, 269.023529053, 415.403045654, 305.04083252, 188.312576294, 94.9277648926, 55.1061515808, 55.3484306335, 82.6379623413, 86.2923736572, 64.4357910156], [-118.886886597, -132.76789856, 193.685913086, 195.447875977, 305.04083252, 353.27255249, 227.179153442, 123.414154053, 71.2606887817, 55.1937141418, 74.5271072388, 81.9477615356, 64.38722229], [115.303367615, -131.167297363, 151.65675354, 132.931533813, 188.312576294, 227.179153442, 229.751739502, 139.438568115, 79.8095626831, 49.8687782288, 51.986579895, 52.9141616821, 44.7887001038], [91.043510437, 14.93562603, 127.740119934, 97.6674041748, 94.9277648926, 123.414154053, 139.438568115, 149.801422119, 92.5418624878, 46.7809562683, 31.1908283234, 29.8625888824, 28.1438922882], [-5.27330970764, 74.9817886353, 83.5969009399, 74.6044692993, 55.1061515808, 71.2606887817, 79.8095626831, 92.5418624878, 114.619865417, 62.7671661377, 30.0954055786, 24.1157398224, 19.9659080505], [-144.721740723, 90.0107498169, 81.3994827271, 73.7458343506, 55.3484306335, 55.1937141418, 49.8687782288, 46.7809562683, 62.7671661377, 82.9266738892, 56.5490226746, 38.3194923401, 29.853263855], [-173.085281372, -13.3091650009, 83.7339477539, 74.4801559448, 82.6379623413, 74.5271072388, 51.986579895, 31.1908283234, 30.0954055786, 56.5490226746, 94.3883361816, 69.5244369507, 43.1914558411], [-136.936935425, -16.3348407745, 87.7275772095, 72.3257827759, 86.2923736572, 81.9477615356, 52.9141616821, 29.8625888824, 24.1157398224, 38.3194923401, 69.5244369507, 93.4924621582, 64.727935791], [-66.13697052, 2.20233893394, 70.8215332031, 54.8492889404, 64.4357910156, 64.38722229, 44.7887001038, 28.1438922882, 19.9659080505, 29.853263855, 43.1914558411, 64.727935791, 86.2061843872]],
