{
"lowlevel": {
    "average_loudness": 0.696347594261,
    "barkbands_crest": {
        "dmean": 2.97875618935,
        "dmean2": 4.6913228035,
        "dvar": 8.65986061096,
        "dvar2": 21.6911220551,
        "max": 26.1611118317,
        "mean": 10.9852695465,
        "median": 9.81391906738,
        "min": 2.27223587036,
        "var": 28.4361495972
    },
    "barkbands_flatness_db": {
        "dmean": 0.0226397570223,
        "dmean2": 0.0342025645077,
        "dvar": 0.000558971543796,
        "dvar2": 0.00128371466417,
        "max": 0.662444353104,
        "mean": 0.128284975886,
        "median": 0.116612687707,
        "min": 0.0106097841635,
        "var": 0.00464920885861
    },
    "barkbands_kurtosis": {
        "dmean": 2.05980587006,
        "dmean2": 3.17057085037,
        "dvar": 13.4857587814,
        "dvar2": 28.255361557,
        "max": 82.2421722412,
        "mean": 2.50104784966,
        "median": 0.766508340836,
        "min": -1.84747612476,
        "var": 32.294052124
    },
    "barkbands_skewness": {
        "dmean": 0.474100649357,
        "dmean2": 0.716825008392,
        "dvar": 0.258418619633,
        "dvar2": 0.548379957676,
        "max": 8.56083869934,
        "mean": 1.04632925987,
        "median": 0.873007416725,
        "min": -2.14297699928,
        "var": 1.30940175056
    },
    "barkbands_spread": {
        "dmean": 6.02710342407,
        "dmean2": 9.28419208527,
        "dvar": 46.9766235352,
        "dvar2": 99.1438446045,
        "max": 105.80166626,
        "mean": 25.8118610382,
        "median": 23.5690116882,
        "min": 0.741402685642,
        "var": 234.143875122
    },
    "dissonance": {
        "dmean": 0.0202035866678,
        "dmean2": 0.0343394391239,
        "dvar": 0.00051237171283,
        "dvar2": 0.00145335309207,
        "max": 0.500000059605,
        "mean": 0.464833676815,
        "median": 0.474067568779,
        "min": 0.23549978435,
        "var": 0.000964617647696
    },
    "dynamic_complexity": 3.62897658348,
    "erbbands_crest": {
        "dmean": 3.16684961319,
        "dmean2": 5.14997577667,
        "dvar": 11.1560535431,
        "dvar2": 27.1910381317,
        "max": 33.4700241089,
        "mean": 11.272028923,
        "median": 8.97341918945,
        "min": 2.22899079323,
        "var": 52.2180519104
    },
    "erbbands_flatness_db": {
        "dmean": 0.0193032678217,
        "dmean2": 0.0286398418248,
        "dvar": 0.000445790414233,
        "dvar2": 0.0009707439458,
        "max": 0.468882679939,
        "mean": 0.168163850904,
        "median": 0.157886043191,
        "min": 0.0455615930259,
        "var": 0.00547991646454
    },
    "erbbands_kurtosis": {
        "dmean": 1.69439077377,
        "dmean2": 2.75052118301,
        "dvar": 12.3562955856,
        "dvar2": 34.1226005554,
        "max": 51.6802520752,
        "mean": 1.65914356709,
        "median": 0.0998961925507,
        "min": -1.82811355591,
        "var": 22.006029129
    },
    "erbbands_skewness": {
        "dmean": 0.391100883484,
        "dmean2": 0.603501975536,
        "dvar": 0.163192823529,
        "dvar2": 0.401806920767,
        "max": 5.12935686111,
        "mean": 0.403186142445,
        "median": 0.285661131144,
        "min": -3.45953845978,
        "var": 0.71464574337
    },
    "erbbands_spread": {
        "dmean": 7.81749105453,
        "dmean2": 11.7558383942,
        "dvar": 88.9174804688,
        "dvar2": 181.984344482,
        "max": 171.327728271,
        "mean": 33.7489814758,
        "median": 31.0695800781,
        "min": 1.49642109871,
        "var": 420.070648193
    },
    "hfc": {
        "dmean": 8.45025920868,
        "dmean2": 12.8908634186,
        "dvar": 145.987380981,
        "dvar2": 340.856170654,
        "max": 148.484680176,
        "mean": 29.2757511139,
        "median": 22.4335746765,
        "min": 1.10297844447e-16,
        "var": 667.742492676
    },
    "melbands_crest": {
        "dmean": 3.45736551285,
        "dmean2": 5.36692810059,
        "dvar": 11.3314723969,
        "dvar2": 28.3520698547,
        "max": 34.2834510803,
        "mean": 15.0180864334,
        "median": 13.4201869965,
        "min": 1.69480967522,
        "var": 48.5085067749
    },
    "melbands_flatness_db": {
        "dmean": 0.0257940813899,
        "dmean2": 0.038901053369,
        "dvar": 0.000806381402072,
        "dvar2": 0.00185374333523,
        "max": 0.862322628498,
        "mean": 0.178196758032,
        "median": 0.16635607183,
        "min": 0.00463314820081,
        "var": 0.00570918666199
    },
    "melbands_kurtosis": {
        "dmean": 6.09519433975,
        "dmean2": 8.88635444641,
        "dvar": 318.737945557,
        "dvar2": 542.954162598,
        "max": 432.873779297,
        "mean": 10.7039260864,
        "median": 3.82075548172,
        "min": -1.89838445187,
        "var": 764.174804688
    },
    "melbands_skewness": {
        "dmean": 0.705533981323,
        "dmean2": 1.04275870323,
        "dvar": 0.886530578136,
        "dvar2": 1.66612660885,
        "max": 18.7205848694,
        "mean": 2.03983974457,
        "median": 1.66095876694,
        "min": -2.52243995667,
        "var": 4.37370586395
    },
    "melbands_spread": {
        "dmean": 7.9687871933,
        "dmean2": 12.3658399582,
        "dvar": 98.9256439209,
        "dvar2": 212.893081665,
        "max": 220.868255615,
        "mean": 29.9806346893,
        "median": 26.1478176117,
        "min": 0.78070127964,
        "var": 412.069274902
    },
    "pitch_salience": {
        "dmean": 0.0762092769146,
        "dmean2": 0.12051358819,
        "dvar": 0.00611702073365,
        "dvar2": 0.0147060919553,
        "max": 0.883620679379,
        "mean": 0.512961149216,
        "median": 0.529384970665,
        "min": 0.0541666485369,
        "var": 0.0199586879462
    },
    "silence_rate_20dB": {
        "dmean": 0,
        "dmean2": 0,
        "dvar": 0,
        "dvar2": 0,
        "max": 1,
        "mean": 1,
        "median": 1,
        "min": 1,
        "var": 0
    },
    "silence_rate_30dB": {
        "dmean": 0.00046565773664,
        "dmean2": 0.000931423914153,
        "dvar": 0.000465462508146,
        "dvar2": 0.00139635452069,
        "max": 1,
        "mean": 0.999767184258,
        "median": 1,
        "min": 0,
        "var": 0.00023272926046
    },
    "silence_rate_60dB": {
        "dmean": 0.021885914728,
        "dmean2": 0.0437769256532,
        "dvar": 0.0214055888355,
        "dvar2": 0.0465228967369,
        "max": 1,
        "mean": 0.0889302790165,
        "median": 0,
        "min": 0,
        "var": 0.0810280591249
    },
    "spectral_centroid": {
        "dmean": 256.128753662,
        "dmean2": 387.061279297,
        "dvar": 85065.4140625,
        "dvar2": 174524.8125,
        "max": 11438.3710938,
        "mean": 1700.73901367,
        "median": 1641.61083984,
        "min": 182.504104614,
        "var": 636238.875
    },
    "spectral_complexity": {
        "dmean": 3.70151329041,
        "dmean2": 5.78437519073,
        "dvar": 16.7803726196,
        "dvar2": 37.9194946289,
        "max": 58,
        "mean": 20.753112793,
        "median": 19,
        "min": 0,
        "var": 133.903427124
    },
    "spectral_decrease": {
        "dmean": 1.70889291606e-09,
        "dmean2": 2.65414579204e-09,
        "dvar": 5.25451139924e-18,
        "dvar2": 1.35612067622e-17,
        "max": 1.50721339481e-28,
        "mean": -6.52729026385e-09,
        "median": -4.82187934026e-09,
        "min": -3.57080089941e-08,
        "var": 2.82239583657e-17
    },
    "spectral_energy": {
        "dmean": 0.00696237524971,
        "dmean2": 0.0107227861881,
        "dvar": 8.33538797451e-05,
        "dvar2": 0.00021423745784,
        "max": 0.135913923383,
        "mean": 0.0272909514606,
        "median": 0.0208610258996,
        "min": 1.00719918609e-20,
        "var": 0.000473458843771
    },
    "spectral_energyband_high": {
        "dmean": 0.000545550254174,
        "dmean2": 0.000805118237622,
        "dvar": 9.9839894574e-07,
        "dvar2": 2.09959353015e-06,
        "max": 0.0138984248042,
        "mean": 0.00148820562754,
        "median": 0.000745275232475,
        "min": 7.16927857437e-21,
        "var": 3.59591899723e-06
    },
    "spectral_energyband_low": {
        "dmean": 0.00342130474746,
        "dmean2": 0.005368612241,
        "dvar": 5.99160521233e-05,
        "dvar2": 0.000144329314935,
        "max": 0.124797523022,
        "mean": 0.00982174184173,
        "median": 0.00182156777009,
        "min": 1.09847539988e-23,
        "var": 0.000240169232711
    },
    "spectral_energyband_middle_high": {
        "dmean": 0.00393431959674,
        "dmean2": 0.00628580199555,
        "dvar": 4.56260022474e-05,
        "dvar2": 0.000127131279442,
        "max": 0.0836469680071,
        "mean": 0.00991436094046,
        "median": 0.0055135875009,
        "min": 1.35282551808e-21,
        "var": 0.000134751244332
    },
    "spectral_energyband_middle_low": {
        "dmean": 0.00272971973754,
        "dmean2": 0.00422418350354,
        "dvar": 2.13142247958e-05,
        "dvar2": 5.24575116287e-05,
        "max": 0.0515752844512,
        "mean": 0.00683243665844,
        "median": 0.00492835789919,
        "min": 2.2314486969e-22,
        "var": 3.87051914004e-05
    },
    "spectral_entropy": {
        "dmean": 0.154644414783,
        "dmean2": 0.227790385485,
        "dvar": 0.0265448447317,
        "dvar2": 0.0533931218088,
        "max": 9.81948947906,
        "mean": 7.69229078293,
        "median": 7.80122613907,
        "min": 4.81210184097,
        "var": 0.309185743332
    },
    "spectral_flux": {
        "dmean": 0.0230378545821,
        "dmean2": 0.0343121401966,
        "dvar": 0.000727312930394,
        "dvar2": 0.00140680745244,
        "max": 0.286910504103,
        "mean": 0.0785877406597,
        "median": 0.0701977610588,
        "min": 6.4738991945e-11,
        "var": 0.00223219580948
    },
    "spectral_kurtosis": {
        "dmean": 1.79478049278,
        "dmean2": 2.97708320618,
        "dvar": 68.2589569092,
        "dvar2": 190.14289856,
        "max": 461.674438477,
        "mean": 5.56377744675,
        "median": 3.43802642822,
        "min": -1.26374602318,
        "var": 269.713745117
    },
    "spectral_rms": {
        "dmean": 0.000631965172943,
        "dmean2": 0.000951708760113,
        "dvar": 5.03870069224e-07,
        "dvar2": 1.22842550354e-06,
        "max": 0.0115151610225,
        "mean": 0.00467519648373,
        "median": 0.00451134331524,
        "min": 3.134698447e-12,
        "var": 4.76780132885e-06
    },
    "spectral_rolloff": {
        "dmean": 573.689758301,
        "dmean2": 956.229431152,
        "dvar": 972178.4375,
        "dvar2": 2128748,
        "max": 19595.2148438,
        "mean": 1998.16015625,
        "median": 1550.390625,
        "min": 64.599609375,
        "var": 3538837.5
    },
    "spectral_skewness": {
        "dmean": 0.200630143285,
        "dmean2": 0.314915060997,
        "dvar": 0.130300089717,
        "dvar2": 0.3193821311,
        "max": 16.8531742096,
        "mean": 1.60963761806,
        "median": 1.47197747231,
        "min": -0.302220404148,
        "var": 0.679241001606
    },
    "spectral_spread": {
        "dmean": 544877,
        "dmean2": 752629.6875,
        "dvar": 762397065216,
        "dvar2": 1.23452535603e+12,
        "max": 42047380,
        "mean": 5189472,
        "median": 5006198.5,
        "min": 168337.203125,
        "var": 7.31875796582e+12
    },
    "spectral_strongpeak": {
        "dmean": 0.84013569355,
        "dmean2": 1.39862883091,
        "dvar": 2.1664583683,
        "dvar2": 5.6308465004,
        "max": 14.2438831329,
        "mean": 1.62847733498,
        "median": 0.577226698399,
        "min": 0,
        "var": 4.85534238815
    },
    "zerocrossingrate": {
        "dmean": 0.011489729397,
        "dmean2": 0.0130488034338,
        "dvar": 0.00022674666252,
        "dvar2": 0.000245729548624,
        "max": 0.85400390625,
        "mean": 0.0784860253334,
        "median": 0.06884765625,
        "min": 0.00244140625,
        "var": 0.00236049667001
    },
    "barkbands": {
        "dmean": [0.000127633029479, 0.00316529534757, 0.00100872805342, 0.000937062839512, 0.00086054741405, 0.000591686053667, 0.00039296617615, 0.000583363813348, 0.00043237558566, 0.000560175452847, 0.00254149502143, 0.000646975298878, 0.000281250686385, 0.000506677490193, 0.000486792618176, 0.000507750432007, 0.000267949188128, 0.000189492624486, 0.000237779429881, 0.000157775633852, 0.000123949852423, 0.000106198182038, 0.000107791558548, 0.000123858742882, 9.09598675207e-05, 5.8730107412e-05, 1.58216898853e-05],
        "dmean2": [0.000175840992597, 0.00486169755459, 0.00177817093208, 0.001524753985, 0.00141899415758, 0.000888302223757, 0.000625538174063, 0.000890270341188, 0.000683820340782, 0.000850222771987, 0.00416934490204, 0.00102636928204, 0.000459506438347, 0.000800964247901, 0.000804987852462, 0.00080752215581, 0.00044560211245, 0.000314302858897, 0.000387281295843, 0.000261816690909, 0.000205786214792, 0.000167041784152, 0.000161204938195, 0.000189077924006, 0.000137284965604, 8.56176848174e-05, 2.36638315982e-05],
        "dvar": [8.25433090768e-08, 5.61288798053e-05, 1.49106654135e-05, 7.8117054727e-06, 3.93689924749e-06, 9.91204274214e-07, 8.14522024939e-07, 1.14743795621e-06, 1.26425686631e-06, 1.53689825311e-06, 4.15627546317e-05, 1.80293000085e-06, 3.88593178968e-07, 1.97392046175e-06, 2.20210881707e-06, 2.9010666367e-06, 2.84282663188e-07, 1.18310516939e-07, 1.70685808598e-07, 6.96252797638e-08, 4.89856866182e-08, 4.25240713753e-08, 3.74663216007e-08, 5.79074672657e-08, 3.37962120511e-08, 1.77108852029e-08, 1.56567492304e-09],
        "dvar2": [1.63608277148e-07, 0.000132614761242, 4.28995008406e-05, 1.89723505173e-05, 1.02312706076e-05, 2.40265785578e-06, 2.04514458346e-06, 2.49156801146e-06, 3.07382811116e-06, 3.28321243614e-06, 0.000117711657367, 4.07424977311e-06, 8.8376941676e-07, 4.48689297627e-06, 6.14933287579e-06, 6.84009455654e-06, 7.74492150413e-07, 3.09941867727e-07, 4.39196043089e-07, 1.82013067729e-07, 1.21924131236e-07, 9.66288524751e-08, 8.0810274028e-08, 1.27857390453e-07, 7.56092433107e-08, 3.82351039718e-08, 3.57932683492e-09],
        "max": [0.00680987536907, 0.112394243479, 0.0391213074327, 0.0354417562485, 0.0352852679789, 0.0270431153476, 0.0196708273143, 0.0217510722578, 0.0407348461449, 0.0427140593529, 0.0748997628689, 0.0250753052533, 0.0188548602164, 0.027799859643, 0.0321257673204, 0.0430051274598, 0.010338162072, 0.00482753617689, 0.00717326207086, 0.00536387925968, 0.00452283676714, 0.00423578824848, 0.0043326606974, 0.00392925366759, 0.00271126814187, 0.00182251748629, 0.000517418724485],
        "mean": [0.000319380371366, 0.00787873845547, 0.00109682744369, 0.00108197249938, 0.00143770663999, 0.00142945232801, 0.000652226852253, 0.000999124255031, 0.000743378361221, 0.00104636023752, 0.00406034523621, 0.00103439006489, 0.000433089910075, 0.000732501561288, 0.00073159695603, 0.000722121854778, 0.000483347481349, 0.000324138818542, 0.000448778067948, 0.000317437981721, 0.000258979212958, 0.00022483873181, 0.000229758676142, 0.000267042400083, 0.000193247615243, 0.00011962766439, 2.44872517214e-05],
        "median": [1.93982541532e-05, 0.000986569793895, 0.000136641247082, 0.000234465056565, 0.00082434801152, 0.000816750340164, 0.000241426037974, 0.00042913496145, 0.000294364523143, 0.000403600104619, 0.000425750855356, 0.000365523766959, 0.000178497444722, 0.000258032698184, 0.000279817584669, 0.000235324769164, 0.000223133771215, 0.00016683783906, 0.000233255632338, 0.000185108234291, 0.000110092012619, 6.46755797789e-05, 9.42559199757e-05, 0.000110269531433, 5.97127509536e-05, 1.59679239005e-05, 8.10170035948e-07],
        "min": [8.73152541837e-26, 6.34717287126e-24, 2.01801885475e-25, 2.81903921266e-24, 3.96636778233e-24, 1.44852280247e-23, 6.01657822639e-24, 7.92806235266e-24, 2.46682926623e-23, 1.24948128429e-23, 1.3480891341e-23, 3.00533443467e-23, 3.35068290839e-23, 4.68083807867e-23, 6.40138094719e-23, 6.39804627438e-23, 3.98085339848e-23, 1.04203672507e-22, 1.61030264935e-22, 1.79687999169e-22, 2.39194591905e-22, 3.65303764236e-22, 3.37690300405e-22, 6.63888677092e-22, 9.99141485652e-22, 1.39330142839e-21, 2.0116384243e-21],
        "var": [3.86367304372e-07, 0.000191567640286, 1.02551430246e-05, 7.54806069381e-06, 4.07957941206e-06, 2.92430627269e-06, 1.42503142797e-06, 2.5221688702e-06, 2.00047111321e-06, 4.05280570703e-06, 8.73151075211e-05, 3.5846769606e-06, 7.7531211673e-07, 3.15395914186e-06, 3.13955911224e-06, 3.8544144445e-06, 5.69502617509e-07, 2.06643534284e-07, 3.64882509984e-07, 1.57837732218e-07, 1.44043340811e-07, 1.17690049706e-07, 1.11874165043e-07, 1.44636118193e-07, 8.18819074766e-08, 4.29099529242e-08, 2.79734746478e-09]
    },
    "erbbands": {
        "dmean": [0.109240606427, 0.748949110508, 1.20155763626, 2.09296321869, 3.37151050568, 2.5800204277, 3.59976053238, 5.23690080643, 5.24819803238, 9.3412437439, 11.9897537231, 10.6489276886, 15.1193571091, 24.0729808807, 112.18270874, 26.8982887268, 12.4214715958, 26.4276428223, 17.6089572906, 33.3004264832, 19.5238113403, 11.244679451, 8.94914340973, 13.6810712814, 9.81306838989, 7.87779951096, 5.7629160881, 4.15952348709, 3.7433218956, 3.57640171051, 3.08793234825, 2.76608633995, 2.02623844147, 1.13734924793, 0.627078592777, 0.30049341917, 0.103112228215, 0.0261968504637, 0.00257914327085, 4.37373346358e-05],
        "dmean2": [0.153142690659, 1.1361105442, 2.03267455101, 3.46546602249, 5.51319408417, 4.27658367157, 5.48107814789, 8.06038475037, 7.78953266144, 14.7981386185, 18.0643348694, 16.6066017151, 23.0945587158, 37.7445487976, 183.816589355, 44.4327392578, 20.050655365, 41.5043334961, 28.6816692352, 54.235874176, 31.2524013519, 18.5763168335, 14.6121406555, 22.1862659454, 16.0832748413, 13.0515632629, 9.40660858154, 6.82247018814, 5.92464494705, 5.53690290451, 4.68112659454, 4.27691364288, 3.12306642532, 1.74547505379, 0.953673660755, 0.450373858213, 0.152205213904, 0.0383604094386, 0.00385602610186, 6.32901719655e-05],
        "dvar": [0.0574092268944, 3.38010573387, 17.7140312195, 36.2434654236, 95.2938613892, 38.4713668823, 46.0365829468, 97.3352661133, 112.185470581, 418.022918701, 564.418762207, 727.908081055, 994.03503418, 2725.97875977, 89134.8125, 2561.60644531, 735.514465332, 5162.51123047, 2101.01269531, 13391.4355469, 2851.37133789, 488.066802979, 244.111526489, 808.955627441, 295.766021729, 197.314285278, 94.5358505249, 67.2125930786, 54.0563049316, 48.3603057861, 31.5143508911, 33.8595085144, 14.5254497528, 5.07423448563, 1.78678166866, 0.444843500853, 0.0593358613551, 0.00405823951587, 4.20667420258e-05, 9.50169720682e-09],
        "dvar2": [0.120481908321, 8.06576156616, 49.2207603455, 97.1467971802, 238.447875977, 97.3190612793, 116.80834198, 239.138046265, 263.516082764, 999.605773926, 1194.51623535, 1812.96765137, 2294.54492188, 6519.9453125, 249305.3125, 6809.27929688, 1686.68579102, 11643.5058594, 5400.64746094, 35566.1132812, 6797.046875, 1317.30358887, 628.372497559, 2112.66455078, 773.574951172, 522.679931641, 236.111938477, 166.317611694, 125.245124817, 108.190376282, 68.7390899658, 77.1808013916, 32.605556488, 11.5156030655, 4.03495025635, 0.997582554817, 0.131016522646, 0.00893488805741, 9.55200084718e-05, 2.06868442376e-08],
        "max": [2.98642635345, 29.3546943665, 42.3021354675, 53.8437042236, 102.033622742, 204.107788086, 162.781494141, 276.928924561, 321.119659424, 464.589508057, 435.575775146, 831.364135742, 809.907958984, 1296.56958008, 3782.05151367, 871.284606934, 830.783996582, 1599.86242676, 1247.60595703, 2548.09033203, 1304.80957031, 532.331420898, 205.306503296, 685.280395508, 390.634002686, 335.381408691, 154.283096313, 193.236068726, 129.893234253, 190.931152344, 107.217460632, 104.813430786, 50.7806434631, 35.415473938, 17.2548770905, 8.25685119629, 3.88658690453, 0.908459067345, 0.0972765833139, 0.00149984506425],
        "mean": [0.280413419008, 1.52688753605, 1.58432650566, 2.63498950005, 4.36526489258, 4.15523862839, 8.3557100296, 11.279961586, 10.6160707474, 14.6343650818, 21.6822738647, 20.0791835785, 29.0570449829, 43.1162796021, 187.976928711, 48.2045516968, 21.7492389679, 40.122303009, 29.2214317322, 50.883102417, 32.6128692627, 22.1103839874, 17.6420288086, 24.4518184662, 19.2971363068, 15.967007637, 12.1019134521, 9.07018661499, 7.90198421478, 7.48670196533, 6.58618736267, 5.80283641815, 4.13070583344, 2.38095831871, 1.29287338257, 0.598002672195, 0.201425030828, 0.0482698455453, 0.00391061697155, 9.81874836725e-05],
        "median": [0.0289075169712, 0.189816728234, 0.261526823044, 0.683248996735, 1.46719157696, 2.25151133537, 5.11991977692, 5.17082452774, 4.05820035934, 5.76348114014, 9.59568405151, 8.7404127121, 12.2904195786, 16.8244495392, 22.1324424744, 17.8092060089, 11.1414880753, 15.2588586807, 13.9556503296, 17.5102844238, 13.9046039581, 11.4252948761, 9.34829044342, 12.8655500412, 10.4862422943, 9.08483314514, 6.12891721725, 3.02321767807, 2.29040527344, 2.42093133926, 2.7454226017, 2.36475729942, 1.68778467178, 0.878532469273, 0.295289427042, 0.0933178812265, 0.0257624387741, 0.00375210447237, 0.000134218629682, 3.83103943022e-05],
        "min": [2.52638043908e-22, 5.49301291598e-22, 1.27667926139e-21, 7.45946871977e-21, 1.34514697575e-20, 1.28278830121e-20, 8.31618501163e-20, 1.27959709657e-19, 1.24440870407e-19, 8.63037341144e-20, 3.05154010705e-19, 5.99613713463e-19, 5.93114245197e-19, 1.00265974168e-18, 1.13166631302e-18, 1.35843612019e-18, 2.28401607047e-18, 3.18156452414e-18, 3.53649614446e-18, 4.30313747593e-18, 3.34960047531e-18, 3.69128314376e-18, 6.29286046883e-18, 8.65833439089e-18, 8.01598645903e-18, 9.2157879493e-18, 8.58599992786e-18, 1.04380639368e-17, 1.2940675719e-17, 1.1233192955e-17, 1.13461725918e-17, 1.13885159673e-17, 1.13555792897e-17, 9.44509482281e-18, 6.13680250651e-18, 4.34687051491e-18, 2.33938257759e-18, 1.00014800775e-18, 2.54155689303e-19, 2.72202424436e-20],
        "var": [0.287232249975, 7.9004535675, 15.0036029816, 31.7031230927, 89.0351257324, 42.5637245178, 117.528503418, 263.234710693, 299.007202148, 694.584899902, 1409.82324219, 1268.87597656, 2680.30395508, 6308.41210938, 203398.71875, 6033.31591797, 1547.3815918, 8378.10058594, 3479.75610352, 19115.2011719, 4190.85839844, 993.221374512, 534.862792969, 1369.66638184, 654.259399414, 431.217071533, 257.423370361, 195.330169678, 146.937179565, 132.77142334, 89.5151672363, 76.0965118408, 34.0099639893, 11.6750679016, 4.16679763794, 1.01610100269, 0.13201905787, 0.00870504416525, 7.39623064874e-05, 2.20566445108e-08]
    },
    "gfcc": {
        "mean": [-5.886759758, 62.1387786865, -129.320861816, 13.1790733337, -60.8578186035, 14.8165206909, -38.1705055237, 11.9057102203, -29.9976406097, 2.74419617653, -11.0002317429, 2.68559360504, -4.95083284378],
        "cov": [[18812.0175781, -1703.77709961, 1302.52746582, 1731.73486328, 275.782684326, 1318.88745117, -126.234138489, 521.011291504, 2.66609883308, 402.265838623, -442.954284668, 428.274139404, -578.223205566], [-1703.77709961, 2053.71166992, -18.820432663, -62.178440094, 281.676574707, -133.723968506, 140.163574219, -103.403297424, -75.354309082, -93.9292449951, 226.397338867, -156.301849365, 187.208053589], [1302.52746582, -18.820432663, 1683.23876953, 714.696899414, 536.837524414, 645.891845703, 212.122085571, 198.525939941, 241.241958618, 222.306274414, -73.1866226196, 221.454086304, -119.468994141], [1731.73486328, -62.178440094, 714.696899414, 823.730712891, 383.11126709, 443.782592773, 119.04460907, 160.750152588, 196.29888916, 158.922836304, -22.4063606262, 102.956237793, -53.2271881104], [275.782684326, 281.676574707, 536.837524414, 383.11126709, 538.592895508, 314.267944336, 198.478927612, 112.434272766, 153.613174438, 104.178939819, 13.4021215439, 60.7053031921, -14.4168729782], [1318.88745117, -133.723968506, 645.891845703, 443.782592773, 314.267944336, 587.837768555, 177.565124512, 153.148483276, 142.237136841, 132.623748779, -8.02639865875, 109.417724609, -55.3101615906], [-126.234138489, 140.163574219, 212.122085571, 119.04460907, 198.478927612, 177.565124512, 313.332061768, 108.699829102, 105.854606628, 69.3367385864, 37.3030929565, 58.2709312439, 14.7376661301], [521.011291504, -103.403297424, 198.525939941, 160.750152588, 112.434272766, 153.148483276, 108.699829102, 229.49168396, 136.879043579, 92.9243469238, 22.2798709869, 59.8814811707, 20.9674968719], [2.66609883308, -75.354309082, 241.241958618, 196.29888916, 153.613174438, 142.237136841, 105.854606628, 136.879043579, 264.60345459, 115.519096375, 1.45917701721, 72.1393508911, 1.82801771164], [402.265838623, -93.9292449951, 222.306274414, 158.922836304, 104.178939819, 132.623748779, 69.3367385864, 92.9243469238, 115.519096375, 162.972198486, 21.6556816101, 53.2220344543, -3.18564844131], [-442.954284668, 226.397338867, -73.1866226196, -22.4063606262, 13.4021215439, -8.02639865875, 37.3030929565, 22.2798709869, 1.45917701721, 21.6556816101, 159.617614746, 2.04142475128, 68.4920959473], [428.274139404, -156.301849365, 221.454086304, 102.956237793, 60.7053031921, 109.417724609, 58.2709312439, 59.8814811707, 72.1393508911, 53.2220344543, 2.04142475128, 169.817230225, -0.734089255333], [-578.223205566, 187.208053589, -119.468994141, -53.2271881104, -14.4168729782, -55.3101615906, 14.7376661301, 20.9674968719, 1.82801771164, -3.18564844131, 68.4920959473, -0.734089255333, 136.528121948]],
        "icov": [[0.000112814064778, -5.13099694217e-05, 0.000121302597108, -0.000226046322496, 0.000106344239612, -0.000184766584425, 0.000159097937285, -0.000339814723702, 0.000371116504539, -0.00024063627643, 0.000266688119154, -0.00029036073829, 0.00039162102621], [-5.13099694217e-05, 0.00100970373023, -0.000350591231836, 0.000117394112749, -0.000752894207835, 0.000522733083926, -0.000486770411953, 0.00074609281728, -0.000150010542711, 0.000799899222329, -0.00125286239199, 0.00110421387944, -0.00113747338764], [0.000121302597108, -0.000350591231836, 0.00163954647724, -0.000606526038609, -0.000319104234222, -0.00100645201746, 0.000422086537583, -0.000523358641658, 0.000515091756824, -0.000996887800284, 0.001084422227, -0.00151092081796, 0.00120377668645], [-0.000226046322496, 0.000117394112749, -0.000606526038609, 0.00315219769254, -0.00114618148655, -0.000685208535288, 0.00043873937102, 0.00038039116771, -0.00125368358567, -2.0709263481e-05, -0.000419657124439, 0.000665635219775, -0.000694130721968], [0.000106344239612, -0.000752894207835, -0.000319104234222, -0.00114618148655, 0.00454922486097, -0.000942289247178, -0.00108095828909, -0.000261849985691, -0.000445298588602, -0.000408181658713, 0.000692808825988, -9.43477280089e-05, 0.000660585938022], [-0.000184766584425, 0.000522733083926, -0.00100645201746, -0.000685208535288, -0.000942289247178, 0.0046188281849, -0.00135982665233, -6.65233528707e-05, -1.83677875611e-05, 0.000272666860837, -0.00116181804333, 0.000461664021714, -0.000126512197312], [0.000159097937285, -0.000486770411953, 0.000422086537583, 0.00043873937102, -0.00108095828909, -0.00135982665233, 0.00548727903515, -0.00182076485362, -7.97195534687e-05, -0.000665033410769, 0.000142219665577, -0.00139988167211, 0.000810603029095], [-0.000339814723702, 0.00074609281728, -0.000523358641658, 0.00038039116771, -0.000261849985691, -6.65233528707e-05, -0.00182076485362, 0.00903722085059, -0.00350639643148, -0.000288166978862, -0.00158600846771, 0.00115529051982, -0.00317576318048], [0.000371116504539, -0.000150010542711, 0.000515091756824, -0.00125368358567, -0.000445298588602, -1.83677875611e-05, -7.97195534687e-05, -0.00350639643148, 0.00845407880843, -0.00371113256551, 0.00182441039942, -0.00199623941444, 0.00110628199764], [-0.00024063627643, 0.000799899222329, -0.000996887800284, -2.0709263481e-05, -0.000408181658713, 0.000272666860837, -0.000665033410769, -0.000288166978862, -0.00371113256551, 0.0118180671707, -0.00322887604125, 0.000863447552547, -0.000863047491293], [0.000266688119154, -0.00125286239199, 0.001084422227, -0.000419657124439, 0.000692808825988, -0.00116181804333, 0.000142219665577, -0.00158600846771, 0.00182441039942, -0.00322887604125, 0.0105746276677, -0.00187269807793, -0.00195138552226], [-0.00029036073829, 0.00110421387944, -0.00151092081796, 0.000665635219775, -9.43477280089e-05, 0.000461664021714, -0.00139988167211, 0.00115529051982, -0.00199623941444, 0.000863447552547, -0.00187269807793, 0.00960192549974, -0.00261773122475], [0.00039162102621, -0.00113747338764, 0.00120377668645, -0.000694130721968, 0.000660585938022, -0.000126512197312, 0.000810603029095, -0.00317576318048, 0.00110628199764, -0.000863047491293, -0.00195138552226, -0.00261773122475, 0.0126741994172]]
    },
    "melbands": {
        "dmean": [0.000911493843887, 0.000688427360728, 0.000416658644099, 0.000205574237043, 0.000119007301691, 0.000117079704069, 7.94483203208e-05, 0.00010578212823, 9.62745034485e-05, 6.56047704979e-05, 7.64767173678e-05, 8.33388767205e-05, 0.000349995068973, 0.000145980156958, 3.52636961907e-05, 2.89598956442e-05, 5.54050966457e-05, 2.95548525173e-05, 3.2017887861e-05, 5.19519198861e-05, 1.98438210646e-05, 1.32160594148e-05, 1.05770895971e-05, 1.02606190922e-05, 1.22109777294e-05, 8.93339165486e-06, 5.57017119718e-06, 5.75457625018e-06, 4.17481714976e-06, 3.31630349137e-06, 2.5817914775e-06, 2.22419316742e-06, 2.26907263823e-06, 2.10297298509e-06, 1.90351920537e-06, 1.87395346529e-06, 1.76282685516e-06, 1.57933106948e-06, 1.24388361655e-06, 9.569755548e-07],
        "dmean2": [0.00136019079946, 0.00109445967246, 0.000684680184349, 0.000335783028277, 0.000184475517017, 0.000176902103703, 0.000119820106192, 0.000165536272107, 0.000145507248817, 0.00010291551007, 0.000116754512419, 0.00012957090803, 0.000571842188947, 0.000238384076511, 5.81620079174e-05, 4.72516694572e-05, 8.69099530973e-05, 4.83244148199e-05, 5.26218973391e-05, 8.2441532868e-05, 3.25285072904e-05, 2.20917390834e-05, 1.72569343704e-05, 1.69116992765e-05, 1.98408943106e-05, 1.46852080434e-05, 9.25511540117e-06, 9.59503631748e-06, 6.83300913806e-06, 5.52624078409e-06, 4.26005180998e-06, 3.55487713932e-06, 3.60263402399e-06, 3.29208455696e-06, 2.91407718578e-06, 2.9252692002e-06, 2.77410981653e-06, 2.47232037509e-06, 1.9144140424e-06, 1.49860250076e-06],
        "dvar": [4.22383800469e-06, 3.9005749386e-06, 1.42372709888e-06, 2.7690273896e-07, 4.74923957938e-08, 4.45262671178e-08, 2.61053294537e-08, 4.73954031577e-08, 3.8417166337e-08, 2.70334670205e-08, 2.5908668988e-08, 4.13411989086e-08, 7.77384229877e-07, 1.24511686295e-07, 4.62800420209e-09, 4.61737537094e-09, 2.44796378723e-08, 5.9790163931e-09, 1.00981116802e-08, 2.5755788613e-08, 2.87872414795e-09, 6.63605836948e-10, 5.28750432327e-10, 4.59657256702e-10, 7.05219993513e-10, 2.82127599061e-10, 8.18055553853e-11, 1.11091393029e-10, 5.02333244445e-11, 4.43704205322e-11, 2.6471481257e-11, 1.95261376512e-11, 2.04626853656e-11, 1.63505164269e-11, 1.2092431223e-11, 1.36511635329e-11, 1.44097407617e-11, 8.66520570575e-12, 5.91881578471e-12, 3.63507292843e-12],
        "dvar2": [9.49479453993e-06, 1.0041515452e-05, 3.66517815564e-06, 6.986591643e-07, 1.23121580486e-07, 1.06755223328e-07, 6.23171203529e-08, 1.10321465741e-07, 8.23831101116e-08, 6.74035192105e-08, 5.97167826299e-08, 9.34932202767e-08, 2.1846162781e-06, 3.3009115441e-07, 1.18776810609e-08, 9.74662750508e-09, 5.54193171354e-08, 1.50051118197e-08, 2.74684861523e-08, 6.13106010405e-08, 7.39480254808e-09, 1.82200199372e-09, 1.31323540931e-09, 1.20961840544e-09, 1.83949955268e-09, 7.383163525e-10, 2.13894332801e-10, 3.04287040009e-10, 1.24885102259e-10, 1.11677507519e-10, 6.97328861321e-11, 4.64802363265e-11, 4.74276694307e-11, 3.77732498058e-11, 2.71662744383e-11, 3.07262999766e-11, 3.39003825012e-11, 1.98335341206e-11, 1.37321586394e-11, 8.54493212299e-12],
        "max": [0.0288495291024, 0.026170277968, 0.0122929839417, 0.0092408368364, 0.00459568016231, 0.00603213347495, 0.00480001373217, 0.00471315672621, 0.00536269973963, 0.00525976112112, 0.0040194010362, 0.00494411960244, 0.0101392865181, 0.00453596655279, 0.00111198413651, 0.00256742117926, 0.00324738468044, 0.00181247317232, 0.00232248497196, 0.00380403222516, 0.00138485082425, 0.000509362260345, 0.000494065927342, 0.000348161993315, 0.00063577137189, 0.000367411790648, 0.000140461677802, 0.000216766027734, 0.000113983522169, 0.000131330409204, 9.67590749497e-05, 9.50988105615e-05, 0.00012486045307, 8.49244752317e-05, 6.4187181124e-05, 6.99116790202e-05, 7.94758743723e-05, 4.47619822808e-05, 3.84308114008e-05, 3.08106682496e-05],
        "mean": [0.00233680498786, 0.00125603575725, 0.000514997926075, 0.000301263993606, 0.000266992487013, 0.000264704111032, 0.000156601890922, 0.000168269078131, 0.00017070811009, 0.000120016615256, 0.000141207201523, 0.000139133742778, 0.00057934736833, 0.000247840827797, 5.76700003876e-05, 4.46583326266e-05, 8.00087364041e-05, 4.44618381152e-05, 4.86626777274e-05, 7.57423476898e-05, 3.1619973015e-05, 2.39917735598e-05, 1.82696767297e-05, 1.70447601704e-05, 1.99861042347e-05, 1.55963498401e-05, 1.05476774479e-05, 1.05948765849e-05, 8.07219930721e-06, 6.02768841418e-06, 5.13245322509e-06, 4.36594382336e-06, 4.3826903493e-06, 4.06576873502e-06, 3.77065452994e-06, 3.67276425095e-06, 3.46768410964e-06, 3.0025344131e-06, 2.42036708187e-06, 1.8639781274e-06],
        "median": [0.000279537664028, 0.000183189607924, 0.000147007624037, 0.000138206218253, 0.000169440769241, 0.000129196443595, 5.81406857236e-05, 7.00743621564e-05, 7.41731273592e-05, 4.8087691539e-05, 5.60899607081e-05, 4.50597908639e-05, 6.27488698228e-05, 5.47311210539e-05, 2.35903189605e-05, 1.84272212209e-05, 2.66952338279e-05, 1.89092115761e-05, 1.89308066183e-05, 2.24901014008e-05, 1.30348862513e-05, 1.13872338261e-05, 7.962028576e-06, 8.23239952297e-06, 9.35641492106e-06, 7.27751466911e-06, 6.23776804787e-06, 5.71790315007e-06, 4.0579529923e-06, 2.25116286856e-06, 1.49815593886e-06, 1.21257369301e-06, 1.21030404898e-06, 1.31539479753e-06, 1.50316100189e-06, 1.51575363816e-06, 1.32813556775e-06, 1.15762190944e-06, 9.81864673122e-07, 6.00578516696e-07],
        "min": [2.08852462936e-24, 1.00953409383e-24, 1.74527586671e-24, 9.01951511555e-25, 3.11251992409e-24, 2.89875479043e-24, 1.71111385078e-24, 8.11668254498e-25, 2.81780681471e-24, 3.56061559801e-24, 2.5295538845e-24, 3.38727603586e-24, 3.37111622022e-24, 3.04563004136e-24, 3.20772537738e-24, 3.37079042067e-24, 5.2992078407e-24, 4.9387784764e-24, 5.22199492416e-24, 4.83541482085e-24, 2.78318489288e-24, 2.59705631773e-24, 4.41310523499e-24, 4.15948605953e-24, 6.3395860015e-24, 5.57191232247e-24, 4.9489926474e-24, 4.92826611597e-24, 4.41205999429e-24, 4.74160939846e-24, 5.54713380701e-24, 6.89534876442e-24, 6.1721999726e-24, 4.72315281429e-24, 6.15335211343e-24, 6.56869408534e-24, 5.79373606472e-24, 7.18459092621e-24, 7.48134225495e-24, 7.34560611443e-24],
        "var": [1.76580560947e-05, 5.76503089178e-06, 1.27560758756e-06, 2.76905353758e-07, 1.06623204488e-07, 1.30340211513e-07, 6.52533245216e-08, 8.28464266078e-08, 8.99411105593e-08, 4.7152546756e-08, 6.77318752196e-08, 9.75823155613e-08, 1.72882641891e-06, 2.90756418053e-07, 9.56679535591e-09, 9.29027965668e-09, 3.85513985179e-08, 9.27195209499e-09, 1.5263905695e-08, 3.91832841729e-08, 3.7879543946e-09, 1.26675492318e-09, 1.0987166732e-09, 7.21882498222e-10, 1.13433262783e-09, 5.57886181696e-10, 1.70096645102e-10, 2.12051098902e-10, 1.20185347785e-10, 1.02093958287e-10, 6.71413341591e-11, 4.6472454357e-11, 4.97171852298e-11, 4.13854644998e-11, 3.07655151355e-11, 3.10829036121e-11, 2.91692572874e-11, 1.89178585991e-11, 1.24943146107e-11, 7.68294195624e-12]
    },
    "mfcc": {
        "mean": [-643.182983398, 98.9711837769, -12.1870336533, 2.52047085762, -0.97478979826, -4.46411275864, 4.96112823486, -0.361936628819, -4.1207742691, 1.74490630627, -8.57644081116, -1.37262427807, 1.49725031853],
        "cov": [[10192.5927734, -1059.21203613, 833.997741699, 708.319335938, 712.470153809, 829.770141602, 56.169303894, 597.45098877, 424.196624756, 142.848114014, 274.168670654, 284.138519287, 424.360351562], [-1059.21203613, 1611.9029541, -55.4032936096, 59.459602356, 49.7349281311, -80.4035415649, 215.805511475, -89.3080291748, -79.6034393311, -21.6897964478, -63.1452789307, -69.7361907959, -21.3364677429], [833.997741699, -55.4032936096, 1178.00402832, 364.822540283, 474.55645752, 555.075866699, 141.400253296, 287.545623779, 218.180877686, 102.749694824, 172.93081665, 99.5088653564, 137.287750244], [708.319335938, 59.459602356, 364.822540283, 487.690460205, 315.551879883, 288.517669678, 103.753997803, 160.559844971, 161.377548218, 71.6895446777, 109.512405396, 78.8686294556, 80.2942504883], [712.470153809, 49.7349281311, 474.55645752, 315.551879883, 529.455627441, 353.627746582, 139.819412231, 181.448989868, 163.503723145, 110.106422424, 92.0263061523, 90.5996932983, 85.4094085693], [829.770141602, -80.4035415649, 555.075866699, 288.517669678, 353.627746582, 571.006896973, 153.448196411, 242.183486938, 187.691345215, 66.871383667, 162.033950806, 68.9156265259, 119.067985535], [56.169303894, 215.805511475, 141.400253296, 103.753997803, 139.819412231, 153.448196411, 280.562988281, 89.4513397217, 57.0082092285, 76.651802063, 45.8411979675, 19.5299701691, 50.8808898926], [597.45098877, -89.3080291748, 287.545623779, 160.559844971, 181.448989868, 242.183486938, 89.4513397217, 263.640808105, 159.789581299, 50.4940719604, 109.573043823, 76.1251525879, 94.9608840942], [424.196624756, -79.6034393311, 218.180877686, 161.377548218, 163.503723145, 187.691345215, 57.0082092285, 159.789581299, 255.726394653, 90.8451690674, 117.9114151, 80.4194946289, 71.2020187378], [142.848114014, -21.6897964478, 102.749694824, 71.6895446777, 110.106422424, 66.871383667, 76.651802063, 50.4940719604, 90.8451690674, 184.019714355, 65.3753356934, 45.8872947693, 25.4938392639], [274.168670654, -63.1452789307, 172.93081665, 109.512405396, 92.0263061523, 162.033950806, 45.8411979675, 109.573043823, 117.9114151, 65.3753356934, 176.467071533, 68.9764633179, 54.3399353027], [284.138519287, -69.7361907959, 99.5088653564, 78.8686294556, 90.5996932983, 68.9156265259, 19.5299701691, 76.1251525879, 80.4194946289, 45.8872947693, 68.9764633179, 127.806564331, 68.1974487305], [424.360351562, -21.3364677429, 137.287750244, 80.2942504883, 85.4094085693, 119.067985535, 50.8808898926, 94.9608840942, 71.2020187378, 25.4938392639, 54.3399353027, 68.1974487305, 149.554229736]],
