{
"lowlevel": {
    "average_loudness": 0.885036885738,
    "barkbands_crest": {
        "dmean": 2.76926207542,
        "dmean2": 4.26300668716,
        "dvar": 7.28490543365,
        "dvar2": 16.4144115448,
        "max": 26.2882461548,
        "mean": 11.5370101929,
        "median": 10.5796394348,
        "min": 2.40221261978,
        "var": 23.4749584198
    },
    "barkbands_flatness_db": {
        "dmean": 0.0289189144969,
        "dmean2": 0.0415516011417,
        "dvar": 0.00103804911487,
        "dvar2": 0.00213695084676,
        "max": 0.617121696472,
        "mean": 0.19226564467,
        "median": 0.179622590542,
        "min": 0.0265341438353,
        "var": 0.00763289770111
    },
    "barkbands_kurtosis": {
        "dmean": 4.51523256302,
        "dmean2": 6.71733617783,
        "dvar": 190.605377197,
        "dvar2": 397.250640869,
        "max": 407.88470459,
        "mean": 6.93630027771,
        "median": 3.01316690445,
        "min": -1.94097280502,
        "var": 312.613830566
    },
    "barkbands_skewness": {
        "dmean": 0.603699684143,
        "dmean2": 0.86586278677,
        "dvar": 0.600780308247,
        "dvar2": 1.1682882309,
        "max": 16.8701877594,
        "mean": 1.59354126453,
        "median": 1.36943662167,
        "min": -2.13356590271,
        "var": 2.15367722511
    },
    "barkbands_spread": {
        "dmean": 4.10494470596,
        "dmean2": 6.24899053574,
        "dvar": 41.0472640991,
        "dvar2": 86.0121994019,
        "max": 100.008056641,
        "mean": 12.8826751709,
        "median": 10.6480178833,
        "min": 0.109626792371,
        "var": 115.384506226
    },
    "dissonance": {
        "dmean": 0.0335040464997,
        "dmean2": 0.0559940300882,
        "dvar": 0.000937708595302,
        "dvar2": 0.0024862291757,
        "max": 0.5,
        "mean": 0.432315438986,
        "median": 0.442951858044,
        "min": 0.161831170321,
        "var": 0.0023820779752
    },
    "dynamic_complexity": 4.20608949661,
    "erbbands_crest": {
        "dmean": 3.36301183701,
        "dmean2": 5.29568576813,
        "dvar": 9.8866853714,
        "dvar2": 23.0435523987,
        "max": 31.2969112396,
        "mean": 12.7073202133,
        "median": 11.737909317,
        "min": 2.40996336937,
        "var": 32.4016571045
    },
    "erbbands_flatness_db": {
        "dmean": 0.0247000269592,
        "dmean2": 0.0355849899352,
        "dvar": 0.000673747214023,
        "dvar2": 0.00133558583912,
        "max": 0.504021525383,
        "mean": 0.212375894189,
        "median": 0.204740360379,
        "min": 0.0320449061692,
        "var": 0.00639133853838
    },
    "erbbands_kurtosis": {
        "dmean": 1.99692428112,
        "dmean2": 3.07852578163,
        "dvar": 7.38737726212,
        "dvar2": 16.6865749359,
        "max": 57.319442749,
        "mean": 2.96634864807,
        "median": 1.59966659546,
        "min": -1.86885976791,
        "var": 20.662815094
    },
    "erbbands_skewness": {
        "dmean": 0.450085878372,
        "dmean2": 0.678534090519,
        "dvar": 0.172962874174,
        "dvar2": 0.397588908672,
        "max": 5.67488384247,
        "mean": 0.87557464838,
        "median": 0.81749355793,
        "min": -3.19937849045,
        "var": 0.812195658684
    },
    "erbbands_spread": {
        "dmean": 7.34445142746,
        "dmean2": 10.7506723404,
        "dvar": 105.758483887,
        "dvar2": 207.163848877,
        "max": 167.809509277,
        "mean": 23.7713031769,
        "median": 18.652841568,
        "min": 0.976801514626,
        "var": 352.425384521
    },
    "hfc": {
        "dmean": 7.08258676529,
        "dmean2": 10.3353509903,
        "dvar": 113.477508545,
        "dvar2": 241.970748901,
        "max": 165.046173096,
        "mean": 20.7290630341,
        "median": 16.9996700287,
        "min": 1.11091520936e-16,
        "var": 333.585083008
    },
    "melbands_crest": {
        "dmean": 3.38339161873,
        "dmean2": 4.9893245697,
        "dvar": 9.81098651886,
        "dvar2": 21.8951511383,
        "max": 36.5729637146,
        "mean": 15.0749158859,
        "median": 13.6816654205,
        "min": 1.77778685093,
        "var": 39.9084510803
    },
    "melbands_flatness_db": {
        "dmean": 0.0317443683743,
        "dmean2": 0.0450690463185,
        "dvar": 0.00136427266989,
        "dvar2": 0.00282039539889,
        "max": 0.769996523857,
        "mean": 0.262077391148,
        "median": 0.244747981429,
        "min": 0.00498000858352,
        "var": 0.0100159058347
    },
    "melbands_kurtosis": {
        "dmean": 7.38438796997,
        "dmean2": 10.6222076416,
        "dvar": 401.512329102,
        "dvar2": 797.843078613,
        "max": 474.353912354,
        "mean": 11.9342708588,
        "median": 5.22727966309,
        "min": -1.61040830612,
        "var": 823.798339844
    },
    "melbands_skewness": {
        "dmean": 0.718942463398,
        "dmean2": 1.01090884209,
        "dvar": 0.849235355854,
        "dvar2": 1.61875593662,
        "max": 17.1937046051,
        "mean": 2.00955367088,
        "median": 1.6681085825,
        "min": -1.56487238407,
        "var": 3.23693561554
    },
    "melbands_spread": {
        "dmean": 4.50938272476,
        "dmean2": 6.83020496368,
        "dvar": 45.945690155,
        "dvar2": 98.5753707886,
        "max": 199.614425659,
        "mean": 15.2004861832,
        "median": 13.487493515,
        "min": 0.163922801614,
        "var": 148.531784058
    },
    "pitch_salience": {
        "dmean": 0.0762763470411,
        "dmean2": 0.119670435786,
        "dvar": 0.00614532781765,
        "dvar2": 0.0143970660865,
        "max": 0.944271206856,
        "mean": 0.536394655704,
        "median": 0.54349976778,
        "min": 0.0400321744382,
        "var": 0.0186327863485
    },
    "silence_rate_20dB": {
        "dmean": 0,
        "dmean2": 0,
        "dvar": 0,
        "dvar2": 0,
        "max": 1,
        "mean": 1,
        "median": 1,
        "min": 1,
        "var": 0
    },
    "silence_rate_30dB": {
        "dmean": 0.0396396405995,
        "dmean2": 0.0792894810438,
        "dvar": 0.0380665101111,
        "dvar2": 0.0778940171003,
        "max": 1,
        "mean": 0.95225840807,
        "median": 1,
        "min": 0,
        "var": 0.0454617924988
    },
    "silence_rate_60dB": {
        "dmean": 0.0131274135783,
        "dmean2": 0.026258205995,
        "dvar": 0.0129565773532,
        "dvar2": 0.0299430694431,
        "max": 1,
        "mean": 0.0932955890894,
        "median": 0,
        "min": 0,
        "var": 0.0845878198743
    },
    "spectral_centroid": {
        "dmean": 168.866989136,
        "dmean2": 256.910461426,
        "dvar": 70333.0625,
        "dvar2": 138561.453125,
        "max": 11468.5996094,
        "mean": 865.47479248,
        "median": 774.195068359,
        "min": 90.8832550049,
        "var": 322906.625
    },
    "spectral_complexity": {
        "dmean": 3.31196904182,
        "dmean2": 5.09100294113,
        "dvar": 22.4165744781,
        "dvar2": 46.0524024963,
        "max": 61,
        "mean": 14.4507789612,
        "median": 14,
        "min": 0,
        "var": 70.8783493042
    },
    "spectral_decrease": {
        "dmean": 2.84174683784e-09,
        "dmean2": 3.99931998629e-09,
        "dvar": 2.11496913914e-17,
        "dvar2": 4.35938377235e-17,
        "max": 1.1773787529e-28,
        "mean": -9.50527923038e-09,
        "median": -8.32499669201e-09,
        "min": -5.77078189679e-08,
        "var": 7.14313339982e-17
    },
    "spectral_energy": {
        "dmean": 0.0111550474539,
        "dmean2": 0.0156662277877,
        "dvar": 0.000309242401272,
        "dvar2": 0.000637453806121,
        "max": 0.219070911407,
        "mean": 0.0377552770078,
        "median": 0.0333791859448,
        "min": 1.00606496315e-20,
        "var": 0.00107452610973
    },
    "spectral_energyband_high": {
        "dmean": 0.000362585415132,
        "dmean2": 0.000530599267222,
        "dvar": 7.58047519867e-07,
        "dvar2": 1.59791341048e-06,
        "max": 0.0184871144593,
        "mean": 0.000510894577019,
        "median": 0.000130465705297,
        "min": 7.26440919157e-21,
        "var": 1.23390009321e-06
    },
    "spectral_energyband_low": {
        "dmean": 0.00648967921734,
        "dmean2": 0.00837085396051,
        "dvar": 0.000320506689604,
        "dvar2": 0.000622716965154,
        "max": 0.216378167272,
        "mean": 0.0139959966764,
        "median": 0.00414130603895,
        "min": 3.76908116412e-23,
        "var": 0.000780326721724
    },
    "spectral_energyband_middle_high": {
        "dmean": 0.00315887317993,
        "dmean2": 0.00462535070255,
        "dvar": 2.83505123662e-05,
        "dvar2": 5.74109362788e-05,
        "max": 0.0930076465011,
        "mean": 0.00787315331399,
        "median": 0.00361759820953,
        "min": 1.21123515874e-21,
        "var": 0.000109881504613
    },
    "spectral_energyband_middle_low": {
        "dmean": 0.00584919564426,
        "dmean2": 0.00907298363745,
        "dvar": 6.25993125141e-05,
        "dvar2": 0.000151100422954,
        "max": 0.0906325429678,
        "mean": 0.0165262725204,
        "median": 0.0136787882075,
        "min": 2.28354052724e-22,
        "var": 0.000173305510543
    },
    "spectral_entropy": {
        "dmean": 0.239250376821,
        "dmean2": 0.347402870655,
        "dvar": 0.0734506398439,
        "dvar2": 0.151936590672,
        "max": 9.81595993042,
        "mean": 7.07791042328,
        "median": 7.13638019562,
        "min": 3.64425730705,
        "var": 0.536963164806
    },
    "spectral_flux": {
        "dmean": 0.030706204474,
        "dmean2": 0.0459655448794,
        "dvar": 0.00180744531099,
        "dvar2": 0.00329276057892,
        "max": 0.43623560667,
        "mean": 0.0839342698455,
        "median": 0.0698995143175,
        "min": 6.43346209639e-11,
        "var": 0.00410991813987
    },
    "spectral_kurtosis": {
        "dmean": 5.820956707,
        "dmean2": 9.4745092392,
        "dvar": 221.976364136,
        "dvar2": 597.356323242,
        "max": 414.084869385,
        "mean": 15.4414453506,
        "median": 6.75536251068,
        "min": -1.22070121765,
        "var": 901.764709473
    },
    "spectral_rms": {
        "dmean": 0.000812806305476,
        "dmean2": 0.00114775146358,
        "dvar": 1.0333156979e-06,
        "dvar2": 2.14888905248e-06,
        "max": 0.0146194295958,
        "mean": 0.00544044701383,
        "median": 0.00570658035576,
        "min": 3.13293271534e-12,
        "var": 7.23595576346e-06
    },
    "spectral_rolloff": {
        "dmean": 311.72088623,
        "dmean2": 526.981811523,
        "dvar": 792105.75,
        "dvar2": 1627363.25,
        "max": 19078.4179688,
        "mean": 1059.58654785,
        "median": 839.794921875,
        "min": 43.06640625,
        "var": 2043510.5
    },
    "spectral_skewness": {
        "dmean": 0.452509909868,
        "dmean2": 0.711378872395,
        "dvar": 0.489416688681,
        "dvar2": 1.28107154369,
        "max": 15.8865566254,
        "mean": 2.60072660446,
        "median": 2.18277907372,
        "min": -0.159008353949,
        "var": 2.86258125305
    },
    "spectral_spread": {
        "dmean": 668971.375,
        "dmean2": 944031.875,
        "dvar": 1.11228734669e+12,
        "dvar2": 1.99301791744e+12,
        "max": 40536268,
        "mean": 4209156,
        "median": 3975992,
        "min": 223764.9375,
        "var": 6.02423584358e+12
    },
    "spectral_strongpeak": {
        "dmean": 0.705018758774,
        "dmean2": 1.15433132648,
        "dvar": 1.1692647934,
        "dvar2": 2.67651343346,
        "max": 12.5356807709,
        "mean": 1.48282396793,
        "median": 0.842036426067,
        "min": 0,
        "var": 2.75897836685
    },
    "zerocrossingrate": {
        "dmean": 0.00872395839542,
        "dmean2": 0.00999131891876,
        "dvar": 0.000195767424884,
        "dvar2": 0.000205473887036,
        "max": 0.7705078125,
        "mean": 0.044858854264,
        "median": 0.03759765625,
        "min": 0.001953125,
        "var": 0.00182162004057
    },
    "barkbands": {
        "dmean": [0.000377390038921, 0.00539734726772, 0.00218657776713, 0.00143547379412, 0.00213601090945, 0.00162809225731, 0.00192146981135, 0.000665197730996, 0.000986120197922, 0.00190548622049, 0.000426689337473, 0.000722431228496, 0.000438266404672, 0.000270929798717, 0.000434818735812, 0.000216533531784, 0.000110699664219, 7.0426336606e-05, 8.14580707811e-05, 7.50313483877e-05, 6.84202314005e-05, 6.56625416013e-05, 5.69949770579e-05, 6.32111696177e-05, 6.89651424182e-05, 3.6232140701e-05, 4.10488928537e-06],
        "dmean2": [0.000506115786266, 0.00684121577069, 0.00389509857632, 0.00242045824416, 0.00338059687056, 0.00247786054388, 0.00310897896998, 0.00101910636295, 0.0013797711581, 0.0027924713213, 0.000672734109685, 0.00106914388016, 0.00070996087743, 0.000431725551607, 0.000676374707837, 0.000340883882018, 0.000177530455403, 0.000116377821541, 0.000128746789414, 0.000116419716505, 0.000107237610791, 0.000102279518615, 8.82824679138e-05, 9.46409636526e-05, 0.000102249177871, 5.32675185241e-05, 6.54278483125e-06],
        "dvar": [6.89188141223e-07, 0.000278811960015, 7.14603520464e-05, 1.28185110952e-05, 1.62468950293e-05, 7.63242042012e-06, 1.27152134155e-05, 2.67019549938e-06, 6.2701119532e-06, 1.73450698639e-05, 3.19365426549e-06, 5.54403231945e-06, 1.21375012441e-06, 4.80894186694e-07, 1.58625118729e-06, 3.25324947426e-07, 8.96036809195e-08, 3.70320414333e-08, 5.91274051942e-08, 3.29118670095e-08, 3.19836708229e-08, 2.92670527813e-08, 3.01308205053e-08, 2.91177624234e-08, 3.62435912393e-08, 1.27725723331e-08, 2.24877935717e-10],
        "dvar2": [1.20361301015e-06, 0.00055005348986, 0.000202023875318, 3.46762026311e-05, 3.8481404772e-05, 1.77251531568e-05, 3.24747052218e-05, 5.85265524933e-06, 1.24783546198e-05, 3.56907657988e-05, 7.7854929259e-06, 1.03903330455e-05, 2.93723815048e-06, 1.08741221538e-06, 3.33402226715e-06, 7.25628410692e-07, 2.06797906799e-07, 9.50710727921e-08, 1.40667225423e-07, 7.19400148341e-08, 7.08389649162e-08, 6.97776698644e-08, 7.09143321842e-08, 6.26189802233e-08, 7.41274988059e-08, 2.44239881653e-08, 5.06165276359e-10],
        "max": [0.0106214713305, 0.212715506554, 0.0884535908699, 0.0472269020975, 0.0815389081836, 0.0535577535629, 0.0504599921405, 0.0438239723444, 0.0844072327018, 0.0628935694695, 0.0661961808801, 0.0837969332933, 0.0420857034624, 0.0173118393868, 0.0257101114839, 0.0172032210976, 0.0080746486783, 0.0032556981314, 0.00532103143632, 0.00315698748454, 0.00290525704622, 0.00310035049915, 0.00661092344671, 0.00472338404506, 0.00537835480645, 0.00254077278078, 0.000414233072661],
        "mean": [0.000854564306792, 0.00977412797511, 0.00228561717086, 0.00211767968722, 0.00432075979188, 0.00350317056291, 0.00291171530262, 0.00121547002345, 0.00231216382235, 0.00376243959181, 0.000557955354452, 0.00129643920809, 0.000612952921074, 0.000377615157049, 0.000614389544353, 0.000322389474604, 0.000149629922817, 8.68446513778e-05, 0.000105835213617, 0.000108171618194, 8.8815264462e-05, 8.56525002746e-05, 6.96412826073e-05, 8.30479038996e-05, 9.11960014491e-05, 4.29912979598e-05, 3.98203337681e-06],
        "median": [7.5133437349e-05, 0.00095901772147, 0.000260856293608, 0.000654389790725, 0.00188916688785, 0.00197219243273, 0.00115030014422, 0.000385686056688, 0.000462392054033, 0.000740915711503, 0.000100051096524, 0.000226261108764, 0.000226338030188, 0.0001227651519, 0.000160216339282, 9.77814052021e-05, 4.55615700048e-05, 2.73620880762e-05, 3.13687814923e-05, 3.59311816283e-05, 2.37500698859e-05, 2.0726934963e-05, 9.66035622696e-06, 1.70275634446e-05, 1.8778244339e-05, 3.90650438931e-06, 9.76931531227e-08],
        "min": [1.64679082282e-24, 9.87167441703e-24, 4.13953182293e-24, 3.29509882238e-24, 2.01275477607e-23, 2.04680658813e-23, 2.07228427102e-23, 3.46854314525e-23, 3.63129493188e-23, 1.27076348933e-23, 1.72886945315e-23, 3.49015036099e-23, 6.46115704006e-23, 6.49455236208e-23, 4.78418990131e-23, 6.43143907204e-23, 7.91851319141e-23, 1.32699227981e-22, 2.09918777266e-22, 2.11364323854e-22, 3.31727824626e-22, 2.87821618934e-22, 4.37061253235e-22, 7.2718960243e-22, 1.066183303e-21, 1.63232370783e-21, 2.10932631398e-21],
        "var": [2.2851495487e-06, 0.000583356944844, 4.93298757647e-05, 1.62740634551e-05, 4.26181504736e-05, 2.01678230951e-05, 2.11964925256e-05, 1.02262520159e-05, 2.49097211054e-05, 5.34119317308e-05, 5.56882150704e-06, 1.80074021046e-05, 2.04401726478e-06, 6.99391080161e-07, 2.99820112559e-06, 5.21763922734e-07, 1.24356304809e-07, 3.82656715203e-08, 7.33385334684e-08, 4.99518293395e-08, 4.09886489194e-08, 3.54037581474e-08, 3.79084461599e-08, 4.73502232978e-08, 6.4526673782e-08, 2.22283347284e-08, 2.70385103196e-10]
    },
    "erbbands": {
        "dmean": [0.200982540846, 1.224401474, 2.46957850456, 3.77577137947, 5.20906496048, 7.00129365921, 14.173084259, 14.0736703873, 30.487613678, 13.9520711899, 14.5996055603, 17.6552581787, 30.0928649902, 68.0766830444, 22.1911067963, 21.8663063049, 20.9436759949, 12.7581062317, 24.5013027191, 12.7268791199, 12.1923332214, 6.13395309448, 4.04962825775, 3.21563649178, 4.66360187531, 3.65789723396, 2.68439888954, 2.66994047165, 2.39165830612, 2.01814556122, 1.5493721962, 1.32619166374, 1.07334661484, 0.833447098732, 0.46356973052, 0.201998710632, 0.0575837828219, 0.0102970302105, 0.000614888384007, 2.20166748477e-05],
        "dmean2": [0.232850432396, 1.73386645317, 4.29898118973, 6.49708271027, 8.56027126312, 11.1926784515, 22.2882003784, 21.2199516296, 49.8196640015, 21.7636547089, 21.9347171783, 25.0543632507, 44.5746040344, 97.2052154541, 33.6493682861, 32.339050293, 33.4163894653, 20.4126396179, 37.8054656982, 19.6942615509, 19.0383281708, 9.68627071381, 6.64371490479, 5.10870265961, 7.27541208267, 5.59377336502, 4.17766141891, 4.14519691467, 3.7027926445, 3.19833636284, 2.39171719551, 2.00779342651, 1.61736631393, 1.26256799698, 0.682849645615, 0.296831697226, 0.0848741903901, 0.0154926097021, 0.000973251531832, 3.08312337438e-05],
        "dvar": [0.318354129791, 17.2082691193, 90.0168838501, 117.613983154, 146.859176636, 206.919387817, 803.461730957, 622.303466797, 3128.59643555, 1201.38952637, 1337.36730957, 2018.28991699, 3794.13549805, 25394.2050781, 4983.47265625, 3980.87109375, 2924.85107422, 1052.45544434, 4979.23535156, 1643.85803223, 1152.10424805, 288.075500488, 122.272941589, 67.7099304199, 210.532836914, 86.5992507935, 49.5806427002, 49.9056396484, 37.7792015076, 32.2142524719, 26.2346935272, 15.2206611633, 7.76283884048, 4.79215669632, 1.92559158802, 0.377029567957, 0.038284715265, 0.00113805849105, 5.16487989444e-06, 1.86130288959e-09],
        "dvar2": [0.473155885935, 39.5679931641, 250.314620972, 325.076934814, 374.952026367, 492.35067749, 1957.30908203, 1374.57775879, 8225.65234375, 2621.89794922, 2807.2487793, 4051.90356445, 8603.34277344, 50065.3398438, 11412.2197266, 7358.49951172, 6922.44091797, 2451.00708008, 9946.84277344, 3377.03833008, 2493.6262207, 666.110290527, 306.897064209, 165.283157349, 503.73135376, 183.666091919, 106.710479736, 112.627349854, 87.0139160156, 77.6786499023, 62.7124862671, 34.3126869202, 16.5341072083, 10.3969221115, 3.82812786102, 0.741450607777, 0.0739252865314, 0.00233998848125, 1.11879435281e-05, 3.76230069321e-09],
        "max": [8.19052791595, 47.2925338745, 101.529098511, 106.289665222, 243.844955444, 316.437255859, 494.397247314, 524.930480957, 869.127990723, 1208.41796875, 1179.07849121, 1365.94421387, 1563.62487793, 2504.30444336, 2088.5612793, 1994.73583984, 2015.46911621, 904.719482422, 1640.34729004, 1726.37780762, 1181.14245605, 464.38684082, 202.322219849, 150.498413086, 324.338195801, 199.390625, 124.739120483, 111.842376709, 108.889633179, 146.090682983, 231.014633179, 124.263778687, 77.4033584595, 52.6480026245, 48.0232048035, 12.4215068817, 4.63939666748, 0.902015507221, 0.0694229826331, 0.00123478437308],
        "mean": [0.410870879889, 1.67374801636, 2.6183693409, 5.38006639481, 8.24232292175, 13.085735321, 29.4726238251, 30.1538143158, 47.6756248474, 23.3350486755, 30.720790863, 43.9137687683, 67.9148406982, 127.804924011, 41.0586051941, 39.4682044983, 31.1276950836, 19.1716403961, 36.1682548523, 18.177482605, 18.6342830658, 8.79332065582, 5.31416082382, 4.37683010101, 6.36886119843, 5.3504743576, 3.62663221359, 3.50865626335, 3.20020008087, 2.4209561348, 1.93015861511, 1.69954490662, 1.41374802589, 1.10483396053, 0.58914154768, 0.242056965828, 0.0675880983472, 0.0114137092605, 0.000622394494712, 5.62268614885e-05],
        "median": [0.0411433987319, 0.134222611785, 0.397149264812, 1.63669013977, 3.26839995384, 5.35540533066, 13.147726059, 16.2315769196, 21.7982444763, 10.906662941, 10.3603181839, 10.2367868423, 24.5186805725, 25.7889080048, 10.9191789627, 11.2870950699, 12.0362653732, 7.64131069183, 10.734333992, 5.91816282272, 5.69867563248, 2.915153265, 1.83168315887, 1.53966271877, 2.02136993408, 1.77337384224, 1.02578020096, 0.931006789207, 0.787850856781, 0.444383919239, 0.267595857382, 0.285488128662, 0.310789883137, 0.254603981972, 0.0966133922338, 0.0241938903928, 0.00574064673856, 0.000778209010605, 4.29827377957e-05, 4.31432563346e-05],
        "min": [2.00635840786e-22, 1.33523530829e-21, 5.90108387173e-21, 2.00364922475e-20, 4.66284263924e-20, 4.86558654608e-20, 1.05327233842e-19, 1.72720843671e-19, 3.35276077054e-19, 1.94901200659e-19, 6.04814663263e-19, 8.25129049538e-19, 8.53339940931e-19, 8.733387383e-19, 1.2055772789e-18, 1.34424345864e-18, 3.30274607029e-18, 3.30014748239e-18, 2.52385315997e-18, 3.75986841066e-18, 3.73217729888e-18, 6.39397709486e-18, 6.85809035218e-18, 6.87875291029e-18, 8.82755321034e-18, 8.70403281101e-18, 1.30937843689e-17, 1.27595587337e-17, 9.25807176785e-18, 1.34351121768e-17, 1.12408931793e-17, 1.34835915782e-17, 1.10636689059e-17, 9.22626584612e-18, 7.5619552926e-18, 5.62703384246e-18, 3.01805780041e-18, 9.58762300543e-19, 2.68431585904e-19, 2.92478689201e-20],
        "var": [0.870939612389, 23.9809474945, 66.4352645874, 116.001792908, 222.641265869, 470.140533447, 2094.43188477, 1621.76293945, 5086.91162109, 1924.50036621, 6998.53076172, 9306.23828125, 13136.4921875, 68719.8046875, 12355.9335938, 11599.5712891, 4905.40771484, 1657.55212402, 9972.54101562, 2852.70410156, 1940.79602051, 406.670928955, 136.477828979, 82.1181945801, 264.68862915, 136.561645508, 65.9043960571, 64.050163269, 48.763092041, 38.3184089661, 31.6932678223, 22.4862003326, 12.8674812317, 7.92505598068, 3.41458415985, 0.641603529453, 0.06427808851, 0.00176251342054, 6.83976531946e-06, 4.11436396064e-09]
    },
    "gfcc": {
        "mean": [-51.2061042786, 112.764190674, -115.541732788, -0.919304072857, -66.2301025391, 8.03283882141, -41.8795013428, 1.00051367283, -26.7536010742, 1.59904611111, -14.4957056046, -0.0246168524027, -0.487170040607],
        "cov": [[25597.7929688, -337.402679443, 1929.05505371, 2232.74316406, -170.062240601, 1620.51818848, 232.372299194, 1205.93664551, -375.894226074, 782.940368652, -303.163269043, 315.227325439, 57.8317718506], [-337.402679443, 3172.43603516, 327.8230896, -420.56463623, 383.210205078, -623.640319824, 166.934997559, -463.781829834, 107.262214661, -370.177825928, 159.247283936, -324.40536499, 131.932357788], [1929.05505371, 327.8230896, 1303.26733398, 458.130401611, 185.978088379, 268.491546631, 178.074066162, 135.376739502, 78.5462722778, 92.3540344238, -21.5872573853, 36.5879669189, -27.6741027832], [2232.74316406, -420.56463623, 458.130401611, 705.248291016, 174.154998779, 408.662536621, 152.106033325, 258.192382812, 64.7031173706, 181.73765564, -18.3026828766, 86.8980484009, 15.3571977615], [-170.062240601, 383.210205078, 185.978088379, 174.154998779, 523.18145752, 182.547225952, 209.084411621, 60.9805488586, 119.798973083, 1.71474182606, 70.8882598877, -6.63969326019, 41.0256271362], [1620.51818848, -623.640319824, 268.491546631, 408.662536621, 182.547225952, 667.535766602, 217.095535278, 297.222137451, 56.6654663086, 218.858718872, -7.66503429413, 120.651031494, 6.45824480057], [232.372299194, 166.934997559, 178.074066162, 152.106033325, 209.084411621, 217.095535278, 289.645172119, 134.705337524, 107.196548462, 52.7369232178, 35.9212150574, 24.5572624207, 50.9206504822], [1205.93664551, -463.781829834, 135.376739502, 258.192382812, 60.9805488586, 297.222137451, 134.705337524, 332.666717529, 70.2316741943, 125.157546997, -9.95030403137, 103.150932312, 22.2279319763], [-375.894226074, 107.262214661, 78.5462722778, 64.7031173706, 119.798973083, 56.6654663086, 107.196548462, 70.2316741943, 186.551620483, 65.5472869873, 51.0513076782, 24.7454414368, 12.1678752899], [782.940368652, -370.177825928, 92.3540344238, 181.73765564, 1.71474182606, 218.858718872, 52.7369232178, 125.157546997, 65.5472869873, 244.773696899, 55.2658500671, 70.569442749, -1.56206572056], [-303.163269043, 159.247283936, -21.5872573853, -18.3026828766, 70.8882598877, -7.66503429413, 35.9212150574, -9.95030403137, 51.0513076782, 55.2658500671, 127.906211853, 25.564786911, 27.8268146515], [315.227325439, -324.40536499, 36.5879669189, 86.8980484009, -6.63969326019, 120.651031494, 24.5572624207, 103.150932312, 24.7454414368, 70.569442749, 25.564786911, 123.061424255, 16.5867137909], [57.8317718506, 131.932357788, -27.6741027832, 15.3571977615, 41.0256271362, 6.45824480057, 50.9206504822, 22.2279319763, 12.1678752899, -1.56206572056, 27.8268146515, 16.5867137909, 118.453201294]],
        "icov": [[0.000117326213513, -0.000288197072223, 4.39661016571e-05, -0.000296944985166, 0.000138844116009, -0.000142028467963, 0.000247956224484, -0.000447787489975, 0.000543908565305, -0.00044554946362, 0.000428005703725, -0.000352248636773, 0.00013660339755], [-0.000288197072223, 0.00180723459926, -0.00064392684726, 0.000989291467704, -0.000598049897235, 0.000827924115583, -0.00132933969144, 0.00169764971361, -0.00176843791269, 0.00203960458748, -0.00247015012428, 0.00287457532249, -0.00134967907798], [4.39661016571e-05, -0.00064392684726, 0.00134794437326, -0.000949586974457, 0.000131957654958, -0.00021188321989, -7.36529982532e-05, -0.000167620150023, 0.000317253899993, -0.000583496585023, 0.00106922665145, -0.00126284582075, 0.00104810064659], [-0.000296944985166, 0.000989291467704, -0.000949586974457, 0.00390346930362, -0.00118407572154, -0.000159089482622, -0.000352134549757, 0.000215751482756, -0.00121605535969, 3.12618103635e-05, -0.000319307087921, 0.00132258271333, -0.00114001368638], [0.000138844116009, -0.000598049897235, 0.000131957654958, -0.00118407572154, 0.00397943193093, -0.00154834182467, -0.000740037066862, -0.000131930675707, -0.00078786368249, 0.00152246048674, -0.00166450918186, 0.000451726897154, 0.000260483910097], [-0.000142028467963, 0.000827924115583, -0.00021188321989, -0.000159089482622, -0.00154834182467, 0.00504844449461, -0.00276707112789, -0.000478455971461, 0.00114476215094, -0.00209704763256, 0.000969700922724, -0.000637837278191, 0.00037489834358], [0.000247956224484, -0.00132933969144, -7.36529982532e-05, -0.000352134549757, -0.000740037066862, -0.00276707112789, 0.00894840806723, -0.00297984504141, -0.00127156882081, -0.000245371978963, 0.000624117499683, -1.36845856105e-05, -0.00150971522089], [-0.000447787489975, 0.00169764971361, -0.000167620150023, 0.000215751482756, -0.000131930675707, -0.000478455971461, -0.00297984504141, 0.00910212565213, -0.00362631375901, 0.00164157128893, -0.000322340929415, -0.000998187926598, -0.00148496415932], [0.000543908565305, -0.00176843791269, 0.000317253899993, -0.00121605535969, -0.00078786368249, 0.00114476215094, -0.00127156882081, -0.00362631375901, 0.0116246789694, -0.0050649754703, 0.00167351355776, -0.00323567958549, 0.00217249663547], [-0.00044554946362, 0.00203960458748, -0.000583496585023, 3.12618103635e-05, 0.00152246048674, -0.00209704763256, -0.000245371978963, 0.00164157128893, -0.0050649754703, 0.0121063655242, -0.00819444470108, 0.0033497333061, -0.000674160546623], [0.000428005703725, -0.00247015012428, 0.00106922665145, -0.000319307087921, -0.00166450918186, 0.000969700922724, 0.000624117499683, -0.000322340929415, 0.00167351355776, -0.00819444470108, 0.0172775276005, -0.00780898611993, -9.60131728789e-05], [-0.000352248636773, 0.00287457532249, -0.00126284582075, 0.00132258271333, 0.000451726897154, -0.000637837278191, -1.36845856105e-05, -0.000998187926598, -0.00323567958549, 0.0033497333061, -0.00780898611993, 0.0183995626867, -0.00379011663608], [0.00013660339755, -0.00134967907798, 0.00104810064659, -0.00114001368638, 0.000260483910097, 0.00037489834358, -0.00150971522089, -0.00148496415932, 0.00217249663547, -0.000674160546623, -9.60131728789e-05, -0.00379011663608, 0.0114096049219]]
    },
    "melbands": {
        "dmean": [0.00158613338135, 0.00130872055888, 0.000682706653606, 0.000419891934143, 0.000460214854684, 0.000310142408125, 0.000440859381342, 0.000141311436892, 0.000112650333904, 0.0001281916484, 0.000162238371558, 0.000298914965242, 6.99763113516e-05, 8.6610634753e-05, 5.56782833883e-05, 3.51628332282e-05, 2.30272016779e-05, 3.99233322241e-05, 2.40376884904e-05, 1.48692442963e-05, 1.42298104038e-05, 6.63082164465e-06, 5.14700650456e-06, 3.32319473273e-06, 2.54347787632e-06, 3.4253762351e-06, 3.20617277794e-06, 2.34455865211e-06, 1.71493547896e-06, 1.7844232616e-06, 1.50589141867e-06, 1.35561288062e-06, 1.32890681925e-06, 1.10864596081e-06, 9.23519564822e-07, 8.47723754305e-07, 8.15469547888e-07, 7.53852077651e-07, 7.78619551056e-07, 6.90792433033e-07],
        "dmean2": [0.00194578955416, 0.00209362898022, 0.00116038392298, 0.00067443260923, 0.000721596879885, 0.000468347861897, 0.000715025700629, 0.000219008885324, 0.000166928162798, 0.00018163358618, 0.00024188910902, 0.00042774627218, 0.000107310952444, 0.000129738313262, 8.5633371782e-05, 5.76649144932e-05, 3.72743052139e-05, 6.11305076745e-05, 3.84560262319e-05, 2.32050533668e-05, 2.24148298003e-05, 1.06089773908e-05, 8.41760356707e-06, 5.4984388953e-06, 4.10176971855e-06, 5.34535865881e-06, 5.05293610331e-06, 3.5996886254e-06, 2.67222276307e-06, 2.88943260784e-06, 2.33482592193e-06, 2.08896335607e-06, 2.16830994759e-06, 1.77147751401e-06, 1.45087506098e-06, 1.30623755012e-06, 1.24747168684e-06, 1.15345676477e-06, 1.18387492876e-06, 1.06249422061e-06],
        "dvar": [2.17782126128e-05, 2.10218968277e-05, 3.47263085132e-06, 8.12946893802e-07, 8.15774853891e-07, 2.82343791014e-07, 6.42893667191e-07, 1.19074933025e-07, 7.30027309714e-08, 1.11366546207e-07, 1.07472097e-07, 4.77984599456e-07, 7.15427930231e-08, 1.06143097867e-07, 2.52522323052e-08, 7.47879802532e-09, 3.60714658143e-09, 1.27631265556e-08, 4.43078507217e-09, 1.90882687434e-09, 1.66133484747e-09, 3.87479132113e-10, 2.1419602203e-10, 8.74743055768e-11, 4.43233991176e-11, 1.00441752138e-10, 7.50885048584e-11, 3.88087444125e-11, 2.09105077004e-11, 2.30847823496e-11, 1.59593570997e-11, 1.16727755933e-11, 1.50162139667e-11, 9.76848116285e-12, 1.04832505524e-11, 6.53687607516e-12, 5.78966085144e-12, 3.87214696071e-12, 4.12789420701e-12, 3.3529578853e-12],
        "dvar2": [3.75235649699e-05, 5.34229257028e-05, 9.52723166847e-06, 1.89419802155e-06, 1.95644634005e-06, 6.2693777636e-07, 1.67382631844e-06, 2.6365680128e-07, 1.49831592466e-07, 2.33077628309e-07, 2.45824935519e-07, 9.41187465742e-07, 1.74370910599e-07, 2.00027614028e-07, 5.16221163593e-08, 1.78588344113e-08, 8.42753600239e-09, 2.51081466729e-08, 1.063440358e-08, 4.19281853681e-09, 3.57660256967e-09, 8.87840134745e-10, 5.04301600479e-10, 2.28435034777e-10, 1.09564766981e-10, 2.35483105238e-10, 1.84195797504e-10, 8.2657040934e-11, 4.44344769313e-11, 5.49207623823e-11, 3.57450284649e-11, 2.60092641868e-11, 3.89937145073e-11, 2.30428228581e-11, 2.58986460749e-11, 1.51981847246e-11, 1.3180017841e-11, 8.44726458921e-12, 9.06240880949e-12, 7.4253164381e-12],
        "max": [0.0638593062758, 0.049540668726, 0.0206447932869, 0.0234641805291, 0.0162591636181, 0.0111184371635, 0.0122106168419, 0.0118303792551, 0.00868629477918, 0.0116918003187, 0.00790925975889, 0.0108896456659, 0.00990393571556, 0.0119727151468, 0.00457759154961, 0.00257051084191, 0.0014941918198, 0.00269438652322, 0.00153379177209, 0.00154167145956, 0.00150876294356, 0.000397775496822, 0.000414167239796, 0.000211046164623, 0.000118088384625, 0.00020387400582, 0.000210031328606, 0.000125606282381, 8.9227258286e-05, 7.67306846683e-05, 7.43019045331e-05, 6.88596992404e-05, 7.08869556547e-05, 8.65148031153e-05, 0.000153496090206, 9.18185833143e-05, 6.68530847179e-05, 4.71137936984e-05, 6.17410114501e-05, 3.99378805014e-05],
        "mean": [0.00312164914794, 0.00164509238675, 0.00100871000905, 0.000725880614482, 0.000971082597971, 0.000672372465488, 0.000694028101861, 0.00024012142967, 0.000249535689363, 0.000301071180729, 0.000357986689778, 0.00056409573881, 0.000111553468741, 0.000155811299919, 8.27779513202e-05, 5.11886537424e-05, 3.15524011967e-05, 5.80209234613e-05, 3.22673258779e-05, 2.08306901186e-05, 2.05340475077e-05, 8.54401605466e-06, 6.6498164415e-06, 4.06792742069e-06, 3.23989206663e-06, 4.6667882998e-06, 4.33810146205e-06, 3.25923815581e-06, 2.26540669246e-06, 2.13749444811e-06, 1.9616420559e-06, 1.84260795777e-06, 1.55522093337e-06, 1.28270596633e-06, 1.10343376036e-06, 1.06078175577e-06, 1.01705825273e-06, 9.49888828927e-07, 1.03822708297e-06, 8.88124986886e-07],
        "median": [0.000322847859934, 0.00027333869366, 0.000353898038156, 0.000280651554931, 0.000444235367468, 0.000372744281776, 0.000316326681059, 0.000109878485091, 7.14270572644e-05, 6.05649220233e-05, 0.000122364072013, 0.000102812424302, 2.46459949267e-05, 2.39408091147e-05, 2.46005256486e-05, 2.04280004255e-05, 1.00083680081e-05, 1.58696529979e-05, 9.53230482992e-06, 5.81484164286e-06, 5.66482094655e-06, 2.2275230549e-06, 2.08013170777e-06, 1.20268680348e-06, 1.08626795736e-06, 1.34617425829e-06, 1.44955538417e-06, 1.00414752069e-06, 6.09482754044e-07, 4.99836914969e-07, 5.19507523222e-07, 4.6632504791e-07, 3.18787812148e-07, 1.9306632737e-07, 1.33346134135e-07, 1.60884354727e-07, 1.58984448717e-07, 1.89240012105e-07, 2.44198673727e-07, 1.90438669279e-07],
        "min": [2.44869524729e-24, 3.0277538616e-24, 3.97730691651e-24, 4.68230204674e-24, 2.92265569813e-24, 4.06349273141e-24, 4.51204969174e-24, 3.13106979106e-24, 4.04805787894e-24, 5.09758327637e-24, 3.99945497528e-24, 3.23190475298e-24, 3.12957213864e-24, 4.42830855678e-24, 4.77386828745e-24, 7.8461462474e-24, 5.83153906815e-24, 3.92273785782e-24, 4.6171697461e-24, 4.83891420782e-24, 4.27247736799e-24, 4.57150101058e-24, 6.62953656038e-24, 5.96039160841e-24, 4.86921632735e-24, 6.94034381273e-24, 5.09384841441e-24, 4.53122019503e-24, 6.7808763696e-24, 7.4994915778e-24, 5.82579261089e-24, 4.63257738287e-24, 6.33920103738e-24, 7.45116595874e-24, 6.23300379346e-24, 7.9927244922e-24, 7.41033688487e-24, 7.47651600393e-24, 6.70114777563e-24, 8.15247198095e-24],
        "var": [5.34790851816e-05, 2.15569943975e-05, 3.51970106749e-06, 1.64548293924e-06, 2.27027794608e-06, 7.61886212786e-07, 1.06135166789e-06, 1.93795841597e-07, 4.28217020954e-07, 4.26318649716e-07, 3.75425315724e-07, 1.34230629101e-06, 1.36201322221e-07, 3.37988296906e-07, 5.10140232279e-08, 1.38380711334e-08, 5.10369213558e-09, 2.55307615049e-08, 6.38418073962e-09, 3.03863156859e-09, 2.6657389629e-09, 5.15674614121e-10, 2.86340035016e-10, 8.73024708081e-11, 4.98373599334e-11, 1.47645839998e-10, 9.23535900532e-11, 5.80002226802e-11, 2.8240914815e-11, 2.57563206874e-11, 2.06751248066e-11, 1.58630834163e-11, 1.46389532441e-11, 1.20565285186e-11, 1.15813036244e-11, 8.70570542738e-12, 8.45588789961e-12, 6.03971516897e-12, 6.7944812103e-12, 5.32086093935e-12]
    },
    "mfcc": {
        "mean": [-689.803710938, 148.233139038, 5.21528625488, -2.72112369537, -4.88285589218, -2.89379668236, -4.06445360184, -8.38709545135, -1.47802388668, -5.04636287689, -6.88749313354, -7.71957540512, -0.787425458431],
        "cov": [[15350.5830078, -682.946044922, 421.900909424, 940.329406738, 461.842681885, 698.651489258, 736.460021973, 472.466705322, 699.219421387, 543.682067871, 166.221755981, 187.009078979, 326.709228516], [-682.946044922, 2490.40332031, -16.3827438354, -22.7343673706, 90.3633270264, -78.3979873657, -74.8117141724, -96.9154968262, -116.094779968, -111.790634155, -68.2957839966, -77.3475952148, -96.327911377], [421.900909424, -16.3827438354, 809.088439941, 187.794845581, 108.646972656, 178.185897827, 61.447063446, 103.82219696, 82.4959411621, 85.3519897461, 58.3538284302, 97.1477127075, 19.4951725006], [940.329406738, -22.7343673706, 187.794845581, 365.518371582, 127.992279053, 110.953285217, 101.783180237, 81.3924942017, 106.016731262, 75.716506958, 27.6801242828, 53.8601036072, 44.824596405], [461.842681885, 90.3633270264, 108.646972656, 127.992279053, 253.501022339, 149.78918457, 109.35370636, 105.0965271, 77.0511550903, 69.4154205322, 36.6915779114, 59.3523750305, 34.9232215881], [698.651489258, -78.3979873657, 178.185897827, 110.953285217, 149.78918457, 353.034240723, 197.537857056, 120.393051147, 126.190063477, 142.099319458, 91.5907592773, 72.9647750854, 54.6225624084], [736.460021973, -74.8117141724, 61.447063446, 101.783180237, 109.35370636, 197.537857056, 276.055023193, 136.789337158, 143.15461731, 109.66885376, 52.8223762512, 47.8167686462, 58.8248901367], [472.466705322, -96.9154968262, 103.82219696, 81.3924942017, 105.0965271, 120.393051147, 136.789337158, 260.282592773, 146.512374878, 101.154571533, 50.5946235657, 58.8953361511, 30.8177185059], [699.219421387, -116.094779968, 82.4959411621, 106.016731262, 77.0511550903, 126.190063477, 143.15461731, 146.512374878, 213.944366455, 128.651062012, 54.0671691895, 51.4624404907, 41.9017944336], [543.682067871, -111.790634155, 85.3519897461, 75.716506958, 69.4154205322, 142.099319458, 109.66885376, 101.154571533, 128.651062012, 167.778533936, 94.2059326172, 68.420249939, 42.1959152222], [166.221755981, -68.2957839966, 58.3538284302, 27.6801242828, 36.6915779114, 91.5907592773, 52.8223762512, 50.5946235657, 54.0671691895, 94.2059326172, 143.991439819, 79.2058563232, 29.2916049957], [187.009078979, -77.3475952148, 97.1477127075, 53.8601036072, 59.3523750305, 72.9647750854, 47.8167686462, 58.8953361511, 51.4624404907, 68.420249939, 79.2058563232, 139.505569458, 60.4357414246], [326.709228516, -96.327911377, 19.4951725006, 44.824596405, 34.9232215881, 54.6225624084, 58.8248901367, 30.8177185059, 41.9017944336, 42.1959152222, 29.2916049957, 60.4357414246, 115.029724121]],
