{
"lowlevel": {
    "average_loudness": 0.894211113453,
    "barkbands_crest": {
        "dmean": 2.53054475784,
        "dmean2": 3.89037656784,
        "dvar": 6.10349988937,
        "dvar2": 13.5160541534,
        "max": 26.5434112549,
        "mean": 11.5950422287,
        "median": 10.8204898834,
        "min": 2.59084892273,
        "var": 24.6361312866
    },
    "barkbands_flatness_db": {
        "dmean": 0.0213664062321,
        "dmean2": 0.0315754637122,
        "dvar": 0.000594358483795,
        "dvar2": 0.00124590669293,
        "max": 0.472959429026,
        "mean": 0.157042905688,
        "median": 0.148507803679,
        "min": 0.0152670489624,
        "var": 0.00462583033368
    },
    "barkbands_kurtosis": {
        "dmean": 2.79974675179,
        "dmean2": 4.2117266655,
        "dvar": 93.8773040771,
        "dvar2": 173.724227905,
        "max": 712.445617676,
        "mean": 4.22680044174,
        "median": 1.58310127258,
        "min": -1.92089080811,
        "var": 198.470581055
    },
    "barkbands_skewness": {
        "dmean": 0.495209366083,
        "dmean2": 0.746674478054,
        "dvar": 0.391350418329,
        "dvar2": 0.802086353302,
        "max": 24.7754821777,
        "mean": 1.40561783314,
        "median": 1.21385717392,
        "min": -4.22204303741,
        "var": 1.67037570477
    },
    "barkbands_spread": {
        "dmean": 5.56667327881,
        "dmean2": 8.45743560791,
        "dvar": 45.981628418,
        "dvar2": 102.8957901,
        "max": 102.172073364,
        "mean": 22.9040546417,
        "median": 20.5915565491,
        "min": 0.373842447996,
        "var": 207.925384521
    },
    "dissonance": {
        "dmean": 0.0236446745694,
        "dmean2": 0.0398739017546,
        "dvar": 0.000558703613933,
        "dvar2": 0.00155487575103,
        "max": 0.500000119209,
        "mean": 0.45334866643,
        "median": 0.463995695114,
        "min": 0.218301713467,
        "var": 0.00139507348649
    },
    "dynamic_complexity": 2.829164505,
    "erbbands_crest": {
        "dmean": 3.01559090614,
        "dmean2": 4.89792251587,
        "dvar": 8.13186359406,
        "dvar2": 19.9960727692,
        "max": 33.8680686951,
        "mean": 10.9344348907,
        "median": 9.72392940521,
        "min": 2.36158537865,
        "var": 28.7383918762
    },
    "erbbands_flatness_db": {
        "dmean": 0.0178511291742,
        "dmean2": 0.0262812077999,
        "dvar": 0.000296736776363,
        "dvar2": 0.000588484865148,
        "max": 0.464450806379,
        "mean": 0.186244726181,
        "median": 0.169254511595,
        "min": 0.0545842014253,
        "var": 0.00533026503399
    },
    "erbbands_kurtosis": {
        "dmean": 1.42353379726,
        "dmean2": 2.24979734421,
        "dvar": 4.16839075089,
        "dvar2": 10.18110466,
        "max": 58.6771659851,
        "mean": 2.03904509544,
        "median": 0.710289955139,
        "min": -1.85517323017,
        "var": 16.2781829834
    },
    "erbbands_skewness": {
        "dmean": 0.37167686224,
        "dmean2": 0.571128606796,
        "dvar": 0.12928943336,
        "dvar2": 0.293062001467,
        "max": 5.37552165985,
        "mean": 0.697424888611,
        "median": 0.578403890133,
        "min": -3.30788254738,
        "var": 0.908128321171
    },
    "erbbands_spread": {
        "dmean": 7.88681077957,
        "dmean2": 11.9800243378,
        "dvar": 81.0959320068,
        "dvar2": 180.416671753,
        "max": 128.527038574,
        "mean": 32.3316764832,
        "median": 29.99036026,
        "min": 1.25874662399,
        "var": 326.137756348
    },
    "hfc": {
        "dmean": 11.3297863007,
        "dmean2": 16.2911376953,
        "dvar": 224.521148682,
        "dvar2": 434.974761963,
        "max": 231.044845581,
        "mean": 36.0675926208,
        "median": 28.9452381134,
        "min": 1.12561030455e-16,
        "var": 856.119445801
    },
    "melbands_crest": {
        "dmean": 3.01608705521,
        "dmean2": 4.65632915497,
        "dvar": 8.99153995514,
        "dvar2": 21.3928833008,
        "max": 35.0415611267,
        "mean": 16.1947193146,
        "median": 15.3539400101,
        "min": 1.91206645966,
        "var": 48.0597686768
    },
    "melbands_flatness_db": {
        "dmean": 0.0238302461803,
        "dmean2": 0.0349146537483,
        "dvar": 0.000844522030093,
        "dvar2": 0.00180110882502,
        "max": 0.578486859798,
        "mean": 0.195470258594,
        "median": 0.187121629715,
        "min": 0.00343736330979,
        "var": 0.0058607920073
    },
    "melbands_kurtosis": {
        "dmean": 6.09069347382,
        "dmean2": 9.30516910553,
        "dvar": 216.360748291,
        "dvar2": 445.004760742,
        "max": 580.643615723,
        "mean": 11.7196397781,
        "median": 6.03436946869,
        "min": -1.73369026184,
        "var": 541.241943359
    },
    "melbands_skewness": {
        "dmean": 0.645424425602,
        "dmean2": 0.975413024426,
        "dvar": 0.624185502529,
        "dvar2": 1.33291065693,
        "max": 18.1852836609,
        "mean": 2.28111600876,
        "median": 2.00923347473,
        "min": -2.99945306778,
        "var": 2.90836429596
    },
    "melbands_spread": {
        "dmean": 7.13273477554,
        "dmean2": 10.888381958,
        "dvar": 101.88230896,
        "dvar2": 214.380264282,
        "max": 208.273284912,
        "mean": 25.639503479,
        "median": 21.2275772095,
        "min": 0.35746923089,
        "var": 373.979187012
    },
    "pitch_salience": {
        "dmean": 0.0675883740187,
        "dmean2": 0.108664296567,
        "dvar": 0.00545764621347,
        "dvar2": 0.0135263800621,
        "max": 0.932076156139,
        "mean": 0.504890203476,
        "median": 0.512026548386,
        "min": 0.0305096022785,
        "var": 0.0178667642176
    },
    "silence_rate_20dB": {
        "dmean": 0,
        "dmean2": 0,
        "dvar": 0,
        "dvar2": 0,
        "max": 1,
        "mean": 1,
        "median": 1,
        "min": 1,
        "var": 0
    },
    "silence_rate_30dB": {
        "dmean": 0.00900154002011,
        "dmean2": 0.0180052127689,
        "dvar": 0.00892066210508,
        "dvar2": 0.0228906273842,
        "max": 1,
        "mean": 0.991117954254,
        "median": 1,
        "min": 0,
        "var": 0.00880312547088
    },
    "silence_rate_60dB": {
        "dmean": 0.00805400963873,
        "dmean2": 0.0161099266261,
        "dvar": 0.00799046084285,
        "dvar2": 0.019167015329,
        "max": 1,
        "mean": 0.0422785393894,
        "median": 0,
        "min": 0,
        "var": 0.0404894948006
    },
    "spectral_centroid": {
        "dmean": 240.795410156,
        "dmean2": 363.954742432,
        "dvar": 87367.8046875,
        "dvar2": 194536.765625,
        "max": 11231.1591797,
        "mean": 1449.82739258,
        "median": 1392.66967773,
        "min": 139.398391724,
        "var": 426117.84375
    },
    "spectral_complexity": {
        "dmean": 3.76856565475,
        "dmean2": 5.91518592834,
        "dvar": 17.8036670685,
        "dvar2": 39.3490333557,
        "max": 59,
        "mean": 19.9052581787,
        "median": 19,
        "min": 0,
        "var": 77.8710479736
    },
    "spectral_decrease": {
        "dmean": 1.94408444898e-09,
        "dmean2": 2.92182722461e-09,
        "dvar": 6.91662785618e-18,
        "dvar2": 1.59752349455e-17,
        "max": 5.53976655875e-29,
        "mean": -9.6995966814e-09,
        "median": -8.49099368594e-09,
        "min": -3.85664762348e-08,
        "var": 4.70288210224e-17
    },
    "spectral_energy": {
        "dmean": 0.0079360017553,
        "dmean2": 0.0118532953784,
        "dvar": 0.000106727260572,
        "dvar2": 0.000240615292569,
        "max": 0.149577692151,
        "mean": 0.0398799329996,
        "median": 0.0363406911492,
        "min": 1.01635342591e-20,
        "var": 0.000727285805624
    },
    "spectral_energyband_high": {
        "dmean": 0.000934623007197,
        "dmean2": 0.00135020026937,
        "dvar": 2.51899359682e-06,
        "dvar2": 5.18883734912e-06,
        "max": 0.0289901401848,
        "mean": 0.00202178186737,
        "median": 0.000894761178643,
        "min": 7.26119013421e-21,
        "var": 8.07473406894e-06
    },
    "spectral_energyband_low": {
        "dmean": 0.00416078185663,
        "dmean2": 0.00616221828386,
        "dvar": 9.95127775241e-05,
        "dvar2": 0.000240153065533,
        "max": 0.127485767007,
        "mean": 0.0167790614069,
        "median": 0.00301038939506,
        "min": 6.94948150414e-23,
        "var": 0.000546629831661
    },
    "spectral_energyband_middle_high": {
        "dmean": 0.00366347329691,
        "dmean2": 0.00544287497178,
        "dvar": 2.48275446211e-05,
        "dvar2": 4.99120469613e-05,
        "max": 0.0762867555022,
        "mean": 0.00974061712623,
        "median": 0.0072277719155,
        "min": 1.46967568482e-21,
        "var": 9.08066067495e-05
    },
    "spectral_energyband_middle_low": {
        "dmean": 0.00421841302887,
        "dmean2": 0.00677655451,
        "dvar": 4.7393328714e-05,
        "dvar2": 0.000125455931993,
        "max": 0.0815004631877,
        "mean": 0.0119594382122,
        "median": 0.00869752466679,
        "min": 2.7971705132e-22,
        "var": 0.00011127426842
    },
    "spectral_entropy": {
        "dmean": 0.156436145306,
        "dmean2": 0.235896229744,
        "dvar": 0.0302106421441,
        "dvar2": 0.0661529451609,
        "max": 9.82198429108,
        "mean": 7.57363557816,
        "median": 7.71343851089,
        "min": 5.06000232697,
        "var": 0.303318858147
    },
    "spectral_flux": {
        "dmean": 0.0261250920594,
        "dmean2": 0.0385782346129,
        "dvar": 0.00101332983468,
        "dvar2": 0.00161894410849,
        "max": 0.405210107565,
        "mean": 0.0927310436964,
        "median": 0.0859353840351,
        "min": 6.42410707963e-11,
        "var": 0.00287512200885
    },
    "spectral_kurtosis": {
        "dmean": 2.05627822876,
        "dmean2": 3.43158364296,
        "dvar": 39.6629486084,
        "dvar2": 116.41934967,
        "max": 222.681900024,
        "mean": 5.16033506393,
        "median": 2.82717633247,
        "min": -1.4044482708,
        "var": 140.561889648
    },
    "spectral_rms": {
        "dmean": 0.000638601894025,
        "dmean2": 0.000935494608711,
        "dvar": 5.46250532807e-07,
        "dvar2": 1.10629196115e-06,
        "max": 0.012080126442,
        "mean": 0.00578798959032,
        "median": 0.00595435407013,
        "min": 3.14891147012e-12,
        "var": 5.40631708645e-06
    },
    "spectral_rolloff": {
        "dmean": 599.327270508,
        "dmean2": 1000.1829834,
        "dvar": 1115047.5,
        "dvar2": 2476604.75,
        "max": 19013.8183594,
        "mean": 1810.75366211,
        "median": 1205.859375,
        "min": 64.599609375,
        "var": 3116498
    },
    "spectral_skewness": {
        "dmean": 0.238458395004,
        "dmean2": 0.378547072411,
        "dvar": 0.136109396815,
        "dvar2": 0.382630825043,
        "max": 12.4748106003,
        "mean": 1.61270737648,
        "median": 1.47492694855,
        "min": -0.146121263504,
        "var": 0.698083162308
    },
    "spectral_spread": {
        "dmean": 547484.875,
        "dmean2": 785932.625,
        "dvar": 407701094400,
        "dvar2": 685337935872,
        "max": 40529876,
        "mean": 5122801,
        "median": 5168504,
        "min": 332980.15625,
        "var": 3.12275815629e+12
    },
    "spectral_strongpeak": {
        "dmean": 0.658381998539,
        "dmean2": 1.08740568161,
        "dvar": 1.45933306217,
        "dvar2": 3.76394295692,
        "max": 20.6407699585,
        "mean": 1.46326172352,
        "median": 0.667207539082,
        "min": 0,
        "var": 2.98940420151
    },
    "zerocrossingrate": {
        "dmean": 0.0119869783521,
        "dmean2": 0.0140886669978,
        "dvar": 0.000186524528544,
        "dvar2": 0.000246583629632,
        "max": 0.68603515625,
        "mean": 0.0716209262609,
        "median": 0.0634765625,
        "min": 0.00341796875,
        "var": 0.00188494881149
    },
    "barkbands": {
        "dmean": [0.000443501136033, 0.00367859750986, 0.00161469855811, 0.00108379195444, 0.000930969952606, 0.000556328974199, 0.0010715277167, 0.00145835592411, 0.00121158431284, 0.000726460828446, 0.000699995493051, 0.00167032051831, 0.000802232592832, 0.000540693057701, 0.000509521865752, 0.000334424374159, 0.000233050595853, 0.000194419539184, 0.000232350561419, 0.000167655045516, 0.000127439037897, 0.000300746323774, 0.000182834439329, 0.000238624037593, 0.000184314892977, 4.37780399807e-05, 7.72409566707e-06],
        "dmean2": [0.000625579908956, 0.00493676867336, 0.00293646473438, 0.00197512609884, 0.00157067424152, 0.000880631676409, 0.00162000954151, 0.00218227645382, 0.00190034462139, 0.00118057138752, 0.00108191603795, 0.00265932874754, 0.00122462585568, 0.000838114588987, 0.000822156784125, 0.00053944386309, 0.000367022264982, 0.000321402039845, 0.000368838576833, 0.000262516638031, 0.000201770249987, 0.000454385852208, 0.00028159035719, 0.00035755886347, 0.000269572105026, 6.73156100675e-05, 1.25951655718e-05],
        "dvar": [1.15831835501e-06, 7.32054104446e-05, 4.67981299153e-05, 1.86383622349e-05, 4.42299005954e-06, 1.2415796391e-06, 4.7843923312e-06, 7.63083789934e-06, 6.70063627695e-06, 2.37861718233e-06, 4.5266624511e-06, 1.21395278256e-05, 2.81733832708e-06, 1.35151412906e-06, 1.38839232022e-06, 3.64607501524e-07, 2.11203627032e-07, 1.90034725733e-07, 2.03705482704e-07, 1.22394695268e-07, 6.09350294667e-08, 3.85343980724e-07, 1.55008564207e-07, 2.22034188369e-07, 1.93843504803e-07, 1.39860611981e-08, 6.72107314248e-10],
        "dvar2": [2.48804622061e-06, 0.000134774396429, 0.000137224677019, 5.35348735866e-05, 1.23253612401e-05, 3.01106501865e-06, 1.06869138108e-05, 1.53953606059e-05, 1.60345753102e-05, 6.20985565547e-06, 8.68337156135e-06, 2.73491277767e-05, 5.67602273804e-06, 3.01061481878e-06, 3.35386357619e-06, 8.62814999891e-07, 4.89739818477e-07, 5.2998461797e-07, 4.90062291192e-07, 2.54547785516e-07, 1.52988093305e-07, 8.29365262689e-07, 3.2042854059e-07, 4.83280757635e-07, 3.9141986008e-07, 3.31510712215e-08, 1.67161851028e-09],
        "max": [0.0206557363272, 0.114214658737, 0.0676616132259, 0.0479878634214, 0.025283433497, 0.0345066338778, 0.0463410280645, 0.059089217335, 0.0554092340171, 0.0248750913888, 0.0606529675424, 0.0743492618203, 0.0352304317057, 0.024066157639, 0.0213175285608, 0.0100565105677, 0.00918705482036, 0.00938384607434, 0.00669139297679, 0.0124247511849, 0.00584624381736, 0.0136954495683, 0.0121445758268, 0.0100521324202, 0.0101667046547, 0.00160712504294, 0.000484400312416],
        "mean": [0.00120599020738, 0.012988965027, 0.00203722179867, 0.00102846801747, 0.00166173395701, 0.00113465578761, 0.00234331935644, 0.00333378999494, 0.00233878241852, 0.00114221393596, 0.000980196753517, 0.0029342554044, 0.00121942127589, 0.000897523364983, 0.000868638802785, 0.000521928421222, 0.000390757399146, 0.000277429411653, 0.000370212626876, 0.000316000630846, 0.000229533907259, 0.000565364316572, 0.000313294644002, 0.000422640907345, 0.000292502198135, 5.61789711355e-05, 8.86996076588e-06],
        "median": [4.29611427535e-05, 0.00110310036689, 0.000239893735852, 0.000146448946907, 0.000950041459873, 0.000616504112259, 0.000642877945211, 0.000966371619143, 0.000902778934687, 0.000440794159658, 0.000259306485532, 0.000745991826989, 0.000362803169992, 0.0003018163261, 0.000286293739919, 0.000231391633861, 0.0001647422323, 0.000120011580293, 0.000161348143592, 0.000128317158669, 0.000109435102786, 0.00013494695304, 0.000114502785436, 0.000138095740112, 7.21858377801e-05, 4.35717447544e-06, 1.17467706673e-07],
        "min": [7.59247066839e-24, 3.32203558239e-23, 9.4762515774e-24, 1.29673097595e-23, 2.80421340025e-23, 4.51999060228e-23, 3.69869710089e-23, 3.83769281466e-23, 3.6715486106e-23, 3.06319769762e-23, 2.92888623989e-23, 5.33612779324e-23, 8.61785542328e-23, 1.40138186317e-22, 4.75208168474e-23, 1.25801592309e-22, 2.54162981457e-22, 1.04093604323e-22, 2.41821107445e-22, 2.73423430666e-22, 3.30436768558e-22, 4.98196786943e-22, 5.71426858371e-22, 7.39815112959e-22, 1.03453253741e-21, 1.53130730475e-21, 2.23276686454e-21],
        "var": [4.76082232126e-06, 0.000411598361097, 3.09178722091e-05, 1.19288124552e-05, 4.9007180678e-06, 3.01302816297e-06, 1.96495511773e-05, 3.86540705222e-05, 2.17580254684e-05, 4.03970534535e-06, 8.0524769146e-06, 3.86138162867e-05, 6.63615082885e-06, 3.95590859625e-06, 3.72253066416e-06, 6.63139530843e-07, 4.25394404147e-07, 2.39040190309e-07, 3.5590250036e-07, 4.78291383388e-07, 1.23516443296e-07, 1.26834299863e-06, 4.61278830244e-07, 4.77678668176e-07, 4.05211466159e-07, 1.7729862023e-08, 8.14907974434e-10]
    },
    "erbbands": {
        "dmean": [0.173146754503, 0.80141055584, 1.76495289803, 2.96846079826, 3.0746178627, 2.99603509903, 4.69179868698, 4.92895889282, 12.6763010025, 20.5147342682, 28.4657039642, 26.8430080414, 18.0184078217, 29.2384166718, 40.7714004517, 60.3429832458, 37.4601173401, 23.9807090759, 28.3920516968, 19.3099994659, 19.7116909027, 11.0974941254, 9.94081497192, 9.91366291046, 13.4442768097, 7.80389642715, 4.35035991669, 6.51098823547, 10.9353427887, 7.46776914597, 5.55372285843, 4.36999130249, 4.6747379303, 3.06631731987, 0.554190635681, 0.245036974549, 0.0659096837044, 0.0144995814189, 0.00128370418679, 2.88268274744e-05],
        "dmean2": [0.196810409427, 1.06996178627, 3.03672814369, 5.4400229454, 5.36157035828, 5.03793096542, 7.82868862152, 7.56482505798, 19.2940311432, 31.2005958557, 41.7625465393, 41.3361816406, 28.819814682, 46.9104995728, 62.7193412781, 96.071434021, 56.4482040405, 37.4230194092, 44.8050460815, 30.861782074, 31.8331489563, 17.3830051422, 15.4551467896, 16.8098297119, 20.8906612396, 11.9721240997, 6.95415306091, 10.0223646164, 16.5649490356, 11.3569259644, 8.52927589417, 6.53419876099, 6.96510744095, 4.46548461914, 0.824473142624, 0.386733859777, 0.10027551651, 0.0224270783365, 0.00210856832564, 4.4042164518e-05],
        "dvar": [0.117881819606, 4.39084100723, 46.7333450317, 151.075653076, 96.9831619263, 41.9842834473, 78.7536468506, 127.059959412, 773.218994141, 1653.43701172, 3386.53515625, 3970.0949707, 1241.8034668, 4404.40185547, 6217.72460938, 24860.765625, 6180.15771484, 2677.31225586, 2818.52319336, 3314.89599609, 1278.02441406, 403.504058838, 366.843780518, 685.13684082, 868.805786133, 260.602630615, 90.8297195435, 151.740905762, 545.868835449, 311.235931396, 141.334899902, 85.645980835, 89.0330886841, 60.9739341736, 1.46964597702, 0.457084953785, 0.0319747142494, 0.00172781536821, 1.91958915821e-05, 4.41906378157e-09],
        "dvar2": [0.153066202998, 9.10828971863, 131.96144104, 439.397247314, 275.282196045, 116.030967712, 215.452377319, 299.544555664, 1809.9317627, 3550.7578125, 6254.77246094, 8518.14453125, 3252.66699219, 11433.5712891, 12823.8476562, 56902.0585938, 12120.3818359, 5965.99316406, 6392.20410156, 7899.45019531, 3011.16748047, 949.540649414, 824.025512695, 2196.82397461, 2029.37695312, 532.14276123, 241.524520874, 340.298278809, 1167.85827637, 692.790466309, 292.180908203, 187.036361694, 188.386077881, 119.989677429, 3.18662571907, 1.12381052971, 0.0730519890785, 0.00403195945546, 4.79666887259e-05, 1.0505916137e-08],
        "max": [5.0490655899, 28.1189479828, 78.7765960693, 136.856506348, 123.088142395, 124.890327454, 153.010894775, 453.284667969, 844.918701172, 877.065612793, 1631.10717773, 1293.50280762, 883.018981934, 1222.85998535, 2062.79296875, 3779.0402832, 1700.85473633, 1091.66796875, 1245.28845215, 1398.4510498, 658.616760254, 361.477813721, 596.913085938, 500.418334961, 428.600341797, 544.816345215, 269.435699463, 205.286529541, 490.741119385, 503.375610352, 395.905273438, 204.79901123, 168.276672363, 175.610244751, 15.3373193741, 9.36626529694, 2.61795115471, 0.554964721203, 0.0930135175586, 0.00143710384145],
        "mean": [0.600251793861, 2.01207542419, 2.50459265709, 3.08399176598, 3.76680064201, 5.37236070633, 8.67130374908, 10.441028595, 27.4361991882, 51.6200714111, 65.940536499, 54.065032959, 34.2911262512, 45.1200485229, 71.0447998047, 110.749382019, 61.3087730408, 39.9903717041, 54.8641777039, 34.9916191101, 32.1695404053, 20.3844985962, 16.8829040527, 14.8917255402, 21.8539142609, 15.094581604, 8.2923822403, 12.0462913513, 20.3803062439, 13.5693016052, 9.475522995, 7.74538183212, 8.13468933105, 5.030356884, 0.827392935753, 0.310381859541, 0.0883128270507, 0.0192205440253, 0.0014973502839, 7.8041193774e-05],
        "median": [0.0256700087339, 0.229710787535, 0.570544362068, 0.633346557617, 1.44135975838, 2.89764142036, 4.69740104675, 5.73620033264, 9.93900489807, 14.3982305527, 25.7724685669, 21.3521461487, 16.2333087921, 19.7048225403, 27.8290615082, 29.1759338379, 21.5410995483, 16.4490585327, 21.2918548584, 13.420539856, 14.3677368164, 10.5161800385, 8.286901474, 7.17053699493, 8.84457206726, 6.59985351562, 4.19465732574, 4.61811208725, 4.77866172791, 3.96641159058, 3.49267745018, 2.73913121223, 2.30559206009, 1.20955252647, 0.186170250177, 0.0345602855086, 0.00719242962077, 0.0010172391776, 8.16747487988e-05, 5.88460934523e-05],
        "min": [8.64538439695e-22, 7.88163375476e-21, 1.18414563992e-20, 3.53847445029e-20, 5.96663858151e-20, 8.6682640996e-20, 2.03383201133e-19, 4.2760587363e-19, 4.58923526157e-19, 8.63067533236e-19, 7.70797603857e-19, 8.10391431058e-19, 9.81876415195e-19, 1.74203203028e-18, 1.61600372273e-18, 2.57097495113e-18, 3.85901386529e-18, 5.88093279558e-18, 4.79397611166e-18, 4.75107935227e-18, 6.90962618588e-18, 1.50900772438e-17, 6.78571659807e-18, 1.07504693747e-17, 1.30398199329e-17, 1.14996203857e-17, 1.04153479028e-17, 1.60151976952e-17, 1.47344325938e-17, 1.85790324233e-17, 1.69303258049e-17, 1.39578655086e-17, 1.3034787366e-17, 1.28037384502e-17, 7.59577043604e-18, 5.64534307173e-18, 2.84864045761e-18, 1.05690769381e-18, 3.26408313147e-19, 3.55629308391e-20],
        "var": [0.904984176159, 12.3723316193, 36.589263916, 93.6823120117, 67.6617736816, 53.6888313293, 136.232711792, 295.250549316, 2581.33325195, 8979.31835938, 15668.640625, 12908.1123047, 3153.77685547, 5962.51708984, 14060.0527344, 82016.46875, 15268.9707031, 5199.64306641, 11191.9121094, 8208.05566406, 2388.13427734, 862.731628418, 669.149353027, 698.119018555, 1517.78771973, 996.423583984, 223.416595459, 397.171081543, 1658.08569336, 867.041992188, 427.642181396, 186.447097778, 204.37310791, 134.91192627, 2.47112679482, 0.53001755476, 0.0451536215842, 0.002485957928, 2.25345720537e-05, 7.42673300635e-09]
    },
    "gfcc": {
        "mean": [0.161561578512, 77.022277832, -137.239578247, 15.3522939682, -75.684967041, 21.1514892578, -38.7799873352, 6.29751729965, -15.9389657974, 0.14752535522, -6.46316766739, -4.86759471893, -6.62544345856],
        "cov": [[17334.2539062, -2066.94091797, 1581.32006836, 1939.85961914, -243.225097656, 1581.3145752, 308.185058594, 1178.83117676, -180.406723022, 392.883575439, -57.6765098572, 681.356506348, -100.187728882], [-2066.94091797, 2244.68554688, 150.278366089, -91.6027526855, 460.996185303, -354.80255127, 189.627288818, -162.917495728, 214.657913208, -148.035675049, 59.4325561523, -136.92225647, 144.609085083], [1581.32006836, 150.278366089, 1944.06335449, 536.578125, 594.245605469, 604.681884766, 264.999603271, 539.882507324, 95.8676605225, 313.145202637, -133.361114502, 203.93862915, -185.918716431], [1939.85961914, -91.6027526855, 536.578125, 743.731689453, 214.801132202, 351.236968994, 151.340438843, 224.102737427, 90.0812988281, 78.6760177612, -0.740779697895, 112.643920898, 26.5086097717], [-243.225097656, 460.996185303, 594.245605469, 214.801132202, 1145.38232422, 201.090240479, 376.242889404, 189.681930542, 55.1702880859, 258.51260376, -90.0561523438, 270.254852295, -54.5309028625], [1581.3145752, -354.80255127, 604.681884766, 351.236968994, 201.090240479, 636.459899902, 170.354293823, 343.193267822, 85.4666976929, 180.181777954, 51.1490325928, 125.503875732, -45.5657119751], [308.185058594, 189.627288818, 264.999603271, 151.340438843, 376.242889404, 170.354293823, 315.489227295, 159.533187866, 80.022644043, 113.632301331, 28.7115402222, 137.618835449, -5.97066497803], [1178.83117676, -162.917495728, 539.882507324, 224.102737427, 189.681930542, 343.193267822, 159.533187866, 375.306030273, 93.0432281494, 186.80140686, 18.4070034027, 110.196090698, -42.1577758789], [-180.406723022, 214.657913208, 95.8676605225, 90.0812988281, 55.1702880859, 85.4666976929, 80.022644043, 93.0432281494, 228.641403198, 53.1467437744, 72.1703414917, -4.59954357147, 23.6209716797], [392.883575439, -148.035675049, 313.145202637, 78.6760177612, 258.51260376, 180.181777954, 113.632301331, 186.80140686, 53.1467437744, 231.925506592, 18.6632080078, 118.818351746, -50.1322746277], [-57.6765098572, 59.4325561523, -133.361114502, -0.740779697895, -90.0561523438, 51.1490325928, 28.7115402222, 18.4070034027, 72.1703414917, 18.6632080078, 184.008636475, 15.8218622208, 41.7379379272], [681.356506348, -136.92225647, 203.93862915, 112.643920898, 270.254852295, 125.503875732, 137.618835449, 110.196090698, -4.59954357147, 118.818351746, 15.8218622208, 237.531021118, -4.52770090103], [-100.187728882, 144.609085083, -185.918716431, 26.5086097717, -54.5309028625, -45.5657119751, -5.97066497803, -42.1577758789, 23.6209716797, -50.1322746277, 41.7379379272, -4.52770090103, 139.668304443]],
        "icov": [[0.000143287325045, -9.65227009146e-05, 0.000139039286296, -0.000343012245139, 0.000287033879431, -0.000191810817341, 4.63764336018e-05, -0.000364755338524, 0.00031543377554, -8.08598633739e-05, 0.000275145866908, -0.000473936001072, 0.000214321480598], [-9.65227009146e-05, 0.00144651217852, -0.000891332456376, 0.000580426072702, -0.00123541557696, 0.00122865708545, -0.000727689010091, 0.000551188597456, -0.00109024881385, 0.00154638581444, -0.00156271108426, 0.00180304364767, -0.00154493108857], [0.000139039286296, -0.000891332456376, 0.00182801566552, -0.000927332148422, 0.000608634902164, -0.00111371045932, 0.000645313470159, -0.00161662092432, 0.000657893659081, -0.000949675508309, 0.00182200840209, -0.00136563857086, 0.00200497941114], [-0.000343012245139, 0.000580426072702, -0.000927332148422, 0.00313044921495, -0.00100762210786, -0.000167158708791, -0.000407990039093, 0.00081669469364, -0.00144416280091, 0.00138703722041, -0.000642773113213, 0.00100668205414, -0.00192762503866], [0.000287033879431, -0.00123541557696, 0.000608634902164, -0.00100762210786, 0.00359222339466, -0.00116962811444, -0.00150629144628, 0.000299678998999, 0.00105714041274, -0.00306973094121, 0.00308360368945, -0.00294147618115, 0.00123596179765], [-0.000191810817341, 0.00122865708545, -0.00111371045932, -0.000167158708791, -0.00116962811444, 0.00490043079481, -0.000764953787439, -0.00159854907542, -0.000665383820888, 0.00107463996392, -0.00273096072488, 0.00183533597738, -0.000859770341776], [4.63764336018e-05, -0.000727689010091, 0.000645313470159, -0.000407990039093, -0.00150629144628, -0.000764953787439, 0.00761685706675, -0.00229049287736, -0.000619628583081, 0.000801917631179, -0.000622627208941, -0.00249773520045, 0.00101744465064], [-0.000364755338524, 0.000551188597456, -0.00161662092432, 0.00081669469364, 0.000299678998999, -0.00159854907542, -0.00229049287736, 0.00994043890387, -0.00211839168333, -0.00361700146459, -7.97011962277e-05, 0.0013285537716, -0.00151440803893], [0.00031543377554, -0.00109024881385, 0.000657893659081, -0.00144416280091, 0.00105714041274, -0.000665383820888, -0.000619628583081, -0.00211839168333, 0.00779845193028, -0.00211063795723, -0.00100340740755, 0.000356056087185, 0.000269610231044], [-8.08598633739e-05, 0.00154638581444, -0.000949675508309, 0.00138703722041, -0.00306973094121, 0.00107463996392, 0.000801917631179, -0.00361700146459, -0.00211063795723, 0.0126362331212, -0.00334115186706, -0.00070527457865, 0.000776262488216], [0.000275145866908, -0.00156271108426, 0.00182200840209, -0.000642773113213, 0.00308360368945, -0.00273096072488, -0.000622627208941, -7.97011962277e-05, -0.00100340740755, -0.00334115186706, 0.0107019674033, -0.00367299723439, 0.000278249179246], [-0.000473936001072, 0.00180304364767, -0.00136563857086, 0.00100668205414, -0.00294147618115, 0.00183533597738, -0.00249773520045, 0.0013285537716, 0.000356056087185, -0.00070527457865, -0.00367299723439, 0.0110525619239, -0.00332860904746], [0.000214321480598, -0.00154493108857, 0.00200497941114, -0.00192762503866, 0.00123596179765, -0.000859770341776, 0.00101744465064, -0.00151440803893, 0.000269610231044, 0.000776262488216, 0.000278249179246, -0.00332860904746, 0.0117783416063]]
    },
    "melbands": {
        "dmean": [0.00120966939721, 0.000884309236426, 0.000508522440214, 0.000210257843719, 0.000154867157107, 0.000107661850052, 0.00020032908651, 0.000253371690633, 0.000224737639655, 0.000172404732439, 9.46687650867e-05, 0.000124321100884, 0.000116618910397, 0.000205923279282, 0.000100112003565, 7.21682226867e-05, 4.71085950267e-05, 5.02595794387e-05, 3.48651774402e-05, 2.18730801862e-05, 2.31861085922e-05, 1.11425688374e-05, 1.42993412737e-05, 7.96661879576e-06, 8.39422682475e-06, 1.04449482023e-05, 8.32460227684e-06, 5.01140038978e-06, 3.17366402669e-06, 2.52146764979e-06, 4.71137718705e-06, 6.43797193334e-06, 6.34515072306e-06, 3.59978298548e-06, 3.53409541276e-06, 2.64909408543e-06, 2.9500799883e-06, 3.33103344019e-06, 3.8594621401e-06, 2.14611236515e-06],
        "dmean2": [0.00146696344018, 0.00135544664226, 0.000924175255932, 0.000355828989996, 0.000259026914136, 0.000165733785252, 0.000304694956867, 0.000387203530408, 0.000328542722855, 0.000268871895969, 0.00015210705169, 0.000200630092877, 0.000178393922397, 0.000330751558067, 0.000154288951308, 0.000111062203359, 7.29767270968e-05, 7.87926837802e-05, 5.68334471609e-05, 3.49002075382e-05, 3.75739218725e-05, 1.76713492692e-05, 2.23849256145e-05, 1.31545211843e-05, 1.445808266e-05, 1.64707089425e-05, 1.27720859382e-05, 7.80657683208e-06, 5.12874703418e-06, 4.09587482864e-06, 7.28686700313e-06, 9.63720231084e-06, 9.7814036053e-06, 5.61768774787e-06, 5.55098313271e-06, 4.06559456678e-06, 4.46987542091e-06, 5.10249537911e-06, 5.62027344131e-06, 3.19638343171e-06],
        "dvar": [6.1815007939e-06, 8.02304020908e-06, 4.15589784097e-06, 2.90606379849e-07, 8.69256950864e-08, 5.51891154998e-08, 1.7426134491e-07, 2.12953096934e-07, 2.08336842888e-07, 1.56967857379e-07, 3.46977735433e-08, 7.89094798392e-08, 9.01129766362e-08, 1.7198236435e-07, 5.31680051097e-08, 2.23522071963e-08, 1.15083995667e-08, 1.00677004511e-08, 8.88013484968e-09, 2.38030528621e-09, 1.78456993627e-09, 4.435130041e-10, 9.45597156132e-10, 3.07731867766e-10, 5.5012167044e-10, 5.73549152616e-10, 2.9505967114e-10, 1.25075769186e-10, 5.50011182432e-11, 3.25058903405e-11, 8.25946533389e-11, 1.87427198761e-10, 2.19165421922e-10, 8.00676400181e-11, 5.74792852204e-11, 4.27544215309e-11, 4.19100067151e-11, 4.64892464802e-11, 9.58986778876e-11, 2.84315019444e-11],
        "dvar2": [9.42349470279e-06, 2.07144985325e-05, 1.20039139802e-05, 8.1144133901e-07, 2.3738355992e-07, 1.28174946212e-07, 4.08077767133e-07, 4.83410815377e-07, 3.85632063171e-07, 3.62641770835e-07, 9.01381653762e-08, 2.08528604162e-07, 1.71747657873e-07, 4.24849417868e-07, 1.11135861403e-07, 4.83227182713e-08, 2.55108805192e-08, 2.2717040693e-08, 2.26684768734e-08, 5.27616439427e-09, 4.2704488834e-09, 1.06574526981e-09, 2.16985585055e-09, 8.30807644903e-10, 1.77306980209e-09, 1.37473621376e-09, 6.14236161933e-10, 2.65997640581e-10, 1.39294742407e-10, 9.00497454381e-11, 1.78507056359e-10, 3.90294796482e-10, 4.85401108197e-10, 1.88206145113e-10, 1.27608312805e-10, 8.60490151355e-11, 9.44294295535e-11, 1.05179386034e-10, 1.89507090576e-10, 5.7349385657e-11],
        "max": [0.0357319414616, 0.0358084365726, 0.0234280265868, 0.00669549312443, 0.00493228854612, 0.008913801983, 0.0110650155693, 0.00875758379698, 0.0125730140135, 0.00772670377046, 0.00464309053496, 0.00463440455496, 0.00927489809692, 0.00833256915212, 0.0055412822403, 0.00256712292321, 0.00228929473087, 0.00224682013504, 0.0018731780583, 0.00110588176176, 0.000731025298592, 0.000480488815811, 0.000676562020089, 0.000346299057128, 0.000449703657068, 0.000407868239563, 0.000584972673096, 0.000376439566026, 0.000257501378655, 0.000218814733671, 0.000142907403642, 0.000267996685579, 0.000420753727667, 0.000223840135732, 0.000235174404224, 0.000231258978602, 0.000138934788993, 0.00014002485841, 0.000183996904525, 0.000119416828966],
        "mean": [0.00432561989874, 0.00171305204276, 0.000545328832231, 0.00033855510992, 0.000292585318675, 0.000223240509513, 0.000437663402408, 0.000635785923805, 0.000509675242938, 0.000330045470037, 0.000170908853761, 0.00018430223281, 0.000190163191292, 0.000350261863787, 0.000175630964804, 0.000108347012429, 7.19403687981e-05, 9.50124667725e-05, 5.60543849133e-05, 3.70847556042e-05, 3.60485064448e-05, 1.90557166206e-05, 2.23485130846e-05, 1.15338989417e-05, 1.14039276014e-05, 1.57462436619e-05, 1.42950557347e-05, 8.91365198186e-06, 5.42989710084e-06, 4.19918478656e-06, 8.0816935224e-06, 1.16286591947e-05, 1.10363644126e-05, 5.91819798501e-06, 5.56427812626e-06, 4.5298297664e-06, 4.91533364766e-06, 5.61806200494e-06, 6.27325698588e-06, 3.34843002747e-06],
        "median": [0.000273886253126, 0.000399063428631, 0.000142830278492, 0.000162898475537, 0.000166398094734, 0.000120913842693, 0.000146093560033, 0.00017661540187, 0.00020280625904, 0.000121110810142, 7.46581790736e-05, 7.08052539267e-05, 5.91591233388e-05, 9.80194381555e-05, 4.38626957475e-05, 3.33039351972e-05, 2.53748548857e-05, 3.31148694386e-05, 1.8058659407e-05, 1.47638911585e-05, 1.52212523972e-05, 8.4646671894e-06, 9.26121447264e-06, 5.15405736223e-06, 4.71518251288e-06, 6.37021548755e-06, 5.24315873918e-06, 3.56721693606e-06, 2.33893229051e-06, 1.98722455025e-06, 2.68815392701e-06, 2.55150007433e-06, 2.41756583819e-06, 1.71124952431e-06, 1.95953680304e-06, 1.58887405632e-06, 1.50274081534e-06, 1.56824683017e-06, 1.30758382966e-06, 7.91896241026e-07],
        "min": [9.46482729377e-24, 8.80946768612e-24, 6.20066049634e-24, 5.5607633513e-24, 6.44533832787e-24, 8.79323766186e-24, 7.48256420049e-24, 8.90628616274e-24, 5.64266210162e-24, 5.36826393548e-24, 4.55805329872e-24, 6.31898568782e-24, 4.47542090776e-24, 7.15503073037e-24, 8.13569448722e-24, 9.20525419063e-24, 1.17442811113e-23, 8.9506446003e-24, 4.76926252306e-24, 8.15509257688e-24, 7.342908999e-24, 1.66926075657e-23, 7.20148911566e-24, 5.51402570925e-24, 8.44154848195e-24, 8.90848314036e-24, 9.25282802524e-24, 7.52815799423e-24, 7.01703371449e-24, 6.86641334642e-24, 9.54272809702e-24, 7.54070167149e-24, 1.06323808765e-23, 9.11343788101e-24, 9.25175359668e-24, 9.27028236163e-24, 7.98657847689e-24, 8.9417359941e-24, 9.49340614664e-24, 1.14666146944e-23],
        "var": [4.49247345387e-05, 1.04891232695e-05, 2.59580906459e-06, 2.78921788777e-07, 1.47623623548e-07, 1.34063171231e-07, 6.29021030818e-07, 1.21030893752e-06, 9.21020614442e-07, 4.99393308928e-07, 8.65777209924e-08, 1.0788694027e-07, 1.77214360519e-07, 4.59306193079e-07, 1.75805254798e-07, 4.65324347942e-08, 2.13632489476e-08, 3.9664953988e-08, 1.70155534107e-08, 5.94944671306e-09, 3.19703885587e-09, 9.05666486251e-10, 1.65866287372e-09, 4.04599770354e-10, 5.24142007574e-10, 8.57350690442e-10, 8.08252520468e-10, 4.1352829494e-10, 1.42100081701e-10, 4.59163401745e-11, 2.13799075666e-10, 5.77573489036e-10, 5.83703640977e-10, 1.77372033727e-10, 1.48442536041e-10, 1.20833953954e-10, 8.37846805823e-11, 9.64740023979e-11, 2.28398425173e-10, 5.85907988793e-11]
    },
    "mfcc": {
        "mean": [-627.821289062, 100.810844421, -2.64108252525, -7.22938728333, -6.56382513046, -0.343700557947, -4.30146121979, 0.0663515254855, -2.63426947594, 2.61765217781, 1.52364122868, 0.862988173962, 2.77336859703],
        "cov": [[9585.41894531, -957.226074219, 539.715332031, 325.292938232, 356.811553955, 517.037841797, 445.880981445, 536.780822754, 333.209655762, 211.60774231, 412.056945801, 180.234680176, 226.388977051], [-957.226074219, 1893.35119629, 79.4073410034, 242.378921509, 266.36831665, 61.7401351929, 71.2818756104, 72.4334487915, 93.9982833862, 162.615905762, -42.5648803711, 50.414680481, 37.1399536133], [539.715332031, 79.4073410034, 1291.71472168, 165.462051392, 299.624847412, 132.978866577, 139.518463135, 221.528747559, 198.071380615, 196.995010376, 173.054122925, 104.182876587, -26.4805011749], [325.292938232, 242.378921509, 165.462051392, 595.555480957, 300.279449463, 259.952850342, 154.516967773, 197.254974365, 155.923950195, 113.131736755, 6.1366724968, 54.0224647522, 99.0359802246], [356.811553955, 266.36831665, 299.624847412, 300.279449463, 481.123504639, 292.555541992, 227.768035889, 202.556838989, 193.135101318, 135.464691162, 102.152915955, 69.712387085, 98.1752319336], [517.037841797, 61.7401351929, 132.978866577, 259.952850342, 292.555541992, 369.518249512, 213.711975098, 216.452896118, 146.261978149, 88.177230835, 84.0173721313, 67.0547409058, 111.336753845], [445.880981445, 71.2818756104, 139.518463135, 154.516967773, 227.768035889, 213.711975098, 323.616088867, 177.230804443, 137.524353027, 70.9656677246, 108.330955505, 77.1552505493, 98.5375213623], [536.780822754, 72.4334487915, 221.528747559, 197.254974365, 202.556838989, 216.452896118, 177.230804443, 288.854553223, 151.869537354, 118.51864624, 83.851272583, 98.1797637939, 103.409683228], [333.209655762, 93.9982833862, 198.071380615, 155.923950195, 193.135101318, 146.261978149, 137.524353027, 151.869537354, 222.727523804, 113.166015625, 89.0629577637, 41.8963775635, 55.2476768494], [211.60774231, 162.615905762, 196.995010376, 113.131736755, 135.464691162, 88.177230835, 70.9656677246, 118.51864624, 113.166015625, 210.80557251, 97.0476074219, 63.2448997498, 36.4882354736], [412.056945801, -42.5648803711, 173.054122925, 6.1366724968, 102.152915955, 84.0173721313, 108.330955505, 83.851272583, 89.0629577637, 97.0476074219, 194.300476074, 80.4326019287, 38.4392471313], [180.234680176, 50.414680481, 104.182876587, 54.0224647522, 69.712387085, 67.0547409058, 77.1552505493, 98.1797637939, 41.8963775635, 63.2448997498, 80.4326019287, 180.166702271, 91.0480270386], [226.388977051, 37.1399536133, -26.4805011749, 99.0359802246, 98.1752319336, 111.336753845, 98.5375213623, 103.409683228, 55.2476768494, 36.4882354736, 38.4392471313, 91.0480270386, 168.138427734]],
