{
"lowlevel": {
    "average_loudness": 0.958828747272,
    "barkbands_crest": {
        "dmean": 3.46558785439,
        "dmean2": 5.50161361694,
        "dvar": 9.72013568878,
        "dvar2": 22.8075256348,
        "max": 26.5219745636,
        "mean": 11.1641302109,
        "median": 10.0510854721,
        "min": 2.25994253159,
        "var": 24.2697868347
    },
    "barkbands_flatness_db": {
        "dmean": 0.0403716191649,
        "dmean2": 0.0600026994944,
        "dvar": 0.0019138881471,
        "dvar2": 0.00398695748299,
        "max": 0.536508202553,
        "mean": 0.146123111248,
        "median": 0.124756217003,
        "min": 0.0299709327519,
        "var": 0.00644153915346
    },
    "barkbands_kurtosis": {
        "dmean": 7.76994800568,
        "dmean2": 12.4900712967,
        "dvar": 632.072265625,
        "dvar2": 1595.90710449,
        "max": 736.036071777,
        "mean": 9.37603282928,
        "median": 3.37836790085,
        "min": -1.76700246334,
        "var": 724.925537109
    },
    "barkbands_skewness": {
        "dmean": 0.860828578472,
        "dmean2": 1.32154858112,
        "dvar": 1.33722174168,
        "dvar2": 3.22712612152,
        "max": 23.9841423035,
        "mean": 2.17746734619,
        "median": 1.78029084206,
        "min": -2.29382801056,
        "var": 2.88095426559
    },
    "barkbands_spread": {
        "dmean": 6.77668714523,
        "dmean2": 10.2789545059,
        "dvar": 55.3106040955,
        "dvar2": 122.024856567,
        "max": 106.772102356,
        "mean": 20.1687297821,
        "median": 18.9451770782,
        "min": 0.218467891216,
        "var": 157.916656494
    },
    "dissonance": {
        "dmean": 0.0251009520143,
        "dmean2": 0.0413706190884,
        "dvar": 0.000707557017449,
        "dvar2": 0.00182657444384,
        "max": 0.500000119209,
        "mean": 0.454872310162,
        "median": 0.463501185179,
        "min": 0.185803562403,
        "var": 0.00123911548872
    },
    "dynamic_complexity": 2.80872964859,
    "erbbands_crest": {
        "dmean": 2.55324554443,
        "dmean2": 4.05831670761,
        "dvar": 6.34867334366,
        "dvar2": 15.256023407,
        "max": 27.3882446289,
        "mean": 8.12763690948,
        "median": 7.43020915985,
        "min": 2.32079935074,
        "var": 13.797949791
    },
    "erbbands_flatness_db": {
        "dmean": 0.0196616183966,
        "dmean2": 0.0295118298382,
        "dvar": 0.000591348914895,
        "dvar2": 0.00117379473522,
        "max": 0.505649387836,
        "mean": 0.137528926134,
        "median": 0.124311879277,
        "min": 0.0509022399783,
        "var": 0.00245044613257
    },
    "erbbands_kurtosis": {
        "dmean": 1.07268965244,
        "dmean2": 1.73048937321,
        "dvar": 7.11927890778,
        "dvar2": 18.9457054138,
        "max": 63.6113052368,
        "mean": 0.238938972354,
        "median": -0.314688324928,
        "min": -1.87645661831,
        "var": 6.99037122726
    },
    "erbbands_skewness": {
        "dmean": 0.414635539055,
        "dmean2": 0.629532814026,
        "dvar": 0.212719589472,
        "dvar2": 0.514327049255,
        "max": 6.802298069,
        "mean": 0.46364659071,
        "median": 0.478567570448,
        "min": -2.3068087101,
        "var": 0.520007789135
    },
    "erbbands_spread": {
        "dmean": 9.5066576004,
        "dmean2": 14.9037561417,
        "dvar": 95.9289550781,
        "dvar2": 223.458435059,
        "max": 136.364700317,
        "mean": 45.3700065613,
        "median": 44.5214767456,
        "min": 2.93815970421,
        "var": 274.055419922
    },
    "hfc": {
        "dmean": 9.520195961,
        "dmean2": 14.6564102173,
        "dvar": 216.484161377,
        "dvar2": 521.226623535,
        "max": 125.187835693,
        "mean": 18.1657180786,
        "median": 12.3931407928,
        "min": 1.07846643594e-16,
        "var": 342.520355225
    },
    "melbands_crest": {
        "dmean": 3.90661787987,
        "dmean2": 6.19864320755,
        "dvar": 11.5281667709,
        "dvar2": 28.5456981659,
        "max": 33.9262542725,
        "mean": 14.730471611,
        "median": 13.9597530365,
        "min": 1.76977193356,
        "var": 29.9140300751
    },
    "melbands_flatness_db": {
        "dmean": 0.0500869937241,
        "dmean2": 0.0738122388721,
        "dvar": 0.00288507435471,
        "dvar2": 0.00600953493267,
        "max": 0.63710463047,
        "mean": 0.221238031983,
        "median": 0.201931476593,
        "min": 0.00391305889934,
        "var": 0.00959803070873
    },
    "melbands_kurtosis": {
        "dmean": 15.0817890167,
        "dmean2": 24.0158405304,
        "dvar": 1100.63708496,
        "dvar2": 2676.07250977,
        "max": 854.330200195,
        "mean": 23.4772911072,
        "median": 11.1324100494,
        "min": -1.55151891708,
        "var": 1807.81396484
    },
    "melbands_skewness": {
        "dmean": 1.08570718765,
        "dmean2": 1.6710922718,
        "dvar": 1.64289748669,
        "dvar2": 3.98249411583,
        "max": 20.2318401337,
        "mean": 3.34653615952,
        "median": 2.82937574387,
        "min": -0.967058360577,
        "var": 4.16738319397
    },
    "melbands_spread": {
        "dmean": 7.64983129501,
        "dmean2": 11.8543777466,
        "dvar": 85.6953201294,
        "dvar2": 204.380065918,
        "max": 178.367050171,
        "mean": 18.9149951935,
        "median": 16.3498802185,
        "min": 0.289050400257,
        "var": 220.15335083
    },
    "pitch_salience": {
        "dmean": 0.100891381502,
        "dmean2": 0.155691117048,
        "dvar": 0.00810537207872,
        "dvar2": 0.0195101331919,
        "max": 0.939010381699,
        "mean": 0.527690172195,
        "median": 0.528257489204,
        "min": 0.0543102473021,
        "var": 0.0208357144147
    },
    "silence_rate_20dB": {
        "dmean": 0,
        "dmean2": 0,
        "dvar": 0,
        "dvar2": 0,
        "max": 1,
        "mean": 1,
        "median": 1,
        "min": 1,
        "var": 0
    },
    "silence_rate_30dB": {
        "dmean": 0.00331171508878,
        "dmean2": 0.00662434427068,
        "dvar": 0.00330109079368,
        "dvar2": 0.00878992862999,
        "max": 1,
        "mean": 0.997792482376,
        "median": 1,
        "min": 0,
        "var": 0.00220255367458
    },
    "silence_rate_60dB": {
        "dmean": 0.0137988133356,
        "dmean2": 0.0276014357805,
        "dvar": 0.0136087033898,
        "dvar2": 0.0342927761376,
        "max": 1,
        "mean": 0.0411147885025,
        "median": 0,
        "min": 0,
        "var": 0.0394269898534
    },
    "spectral_centroid": {
        "dmean": 310.91305542,
        "dmean2": 470.244689941,
        "dvar": 112112.078125,
        "dvar2": 244944.375,
        "max": 11714.5400391,
        "mean": 1256.73632812,
        "median": 1162.47900391,
        "min": 137.379135132,
        "var": 488771.1875
    },
    "spectral_complexity": {
        "dmean": 6.08803653717,
        "dmean2": 9.10157299042,
        "dvar": 49.6168212891,
        "dvar2": 99.0288619995,
        "max": 57,
        "mean": 16.858581543,
        "median": 14,
        "min": 0,
        "var": 128.253814697
    },
    "spectral_decrease": {
        "dmean": 3.40869754645e-09,
        "dmean2": 5.36455235789e-09,
        "dvar": 1.65066356233e-17,
        "dvar2": 4.02552375095e-17,
        "max": 2.51603066638e-29,
        "mean": -7.13643277805e-09,
        "median": -5.99054938988e-09,
        "min": -4.74658499172e-08,
        "var": 2.94765083364e-17
    },
    "spectral_energy": {
        "dmean": 0.0135577600449,
        "dmean2": 0.0213830862194,
        "dvar": 0.000264082744252,
        "dvar2": 0.000642884289846,
        "max": 0.180544152856,
        "mean": 0.0285821594298,
        "median": 0.0239942036569,
        "min": 1.02515781034e-20,
        "var": 0.000465505640022
    },
    "spectral_energyband_high": {
        "dmean": 0.000552459619939,
        "dmean2": 0.000845485075843,
        "dvar": 1.10756616323e-06,
        "dvar2": 2.67553446065e-06,
        "max": 0.0114423949271,
        "mean": 0.000955391384196,
        "median": 0.000446508929599,
        "min": 7.34029170366e-21,
        "var": 1.82449218755e-06
    },
    "spectral_energyband_low": {
        "dmean": 0.00733201066032,
        "dmean2": 0.0109009929001,
        "dvar": 0.000119814736536,
        "dvar2": 0.000284679146716,
        "max": 0.17332239449,
        "mean": 0.0124799357727,
        "median": 0.00748579669744,
        "min": 7.49010870842e-23,
        "var": 0.000214845786104
    },
    "spectral_energyband_middle_high": {
        "dmean": 0.00251560658216,
        "dmean2": 0.00392378913239,
        "dvar": 1.42286853588e-05,
        "dvar2": 3.30934926751e-05,
        "max": 0.0559178367257,
        "mean": 0.00397226912901,
        "median": 0.00237473100424,
        "min": 1.42409118702e-21,
        "var": 2.19039648073e-05
    },
    "spectral_energyband_middle_low": {
        "dmean": 0.00675289472565,
        "dmean2": 0.0105602983385,
        "dvar": 0.000115300128527,
        "dvar2": 0.000282344815787,
        "max": 0.0914491042495,
        "mean": 0.0120136616752,
        "median": 0.00857043638825,
        "min": 2.65949926533e-22,
        "var": 0.000152889682795
    },
    "spectral_entropy": {
        "dmean": 0.296648085117,
        "dmean2": 0.415948003531,
        "dvar": 0.10969543457,
        "dvar2": 0.228292942047,
        "max": 9.80778408051,
        "mean": 7.47054290771,
        "median": 7.56710004807,
        "min": 4.73191404343,
        "var": 0.316005825996
    },
    "spectral_flux": {
        "dmean": 0.0355518236756,
        "dmean2": 0.0570785887539,
        "dvar": 0.00133213447407,
        "dvar2": 0.00307359010912,
        "max": 0.327054947615,
        "mean": 0.0915745943785,
        "median": 0.0829673707485,
        "min": 6.8437214229e-11,
        "var": 0.00242119864561
    },
    "spectral_kurtosis": {
        "dmean": 2.26787567139,
        "dmean2": 3.78534293175,
        "dvar": 22.7028274536,
        "dvar2": 56.731842041,
        "max": 66.0328292847,
        "mean": 4.69542121887,
        "median": 3.31162166595,
        "min": -1.22812187672,
        "var": 32.5217590332
    },
    "spectral_rms": {
        "dmean": 0.00125608756207,
        "dmean2": 0.00195836904459,
        "dvar": 1.70941814304e-06,
        "dvar2": 4.077702215e-06,
        "max": 0.0132717983797,
        "mean": 0.00488947471604,
        "median": 0.00483828270808,
        "min": 3.16252102631e-12,
        "var": 3.97823532694e-06
    },
    "spectral_rolloff": {
        "dmean": 531.960083008,
        "dmean2": 874.611572266,
        "dvar": 592156.8125,
        "dvar2": 1310919.625,
        "max": 18733.8867188,
        "mean": 1159.91381836,
        "median": 753.662109375,
        "min": 21.533203125,
        "var": 1584374.875
    },
    "spectral_skewness": {
        "dmean": 0.302475988865,
        "dmean2": 0.479169696569,
        "dvar": 0.202952846885,
        "dvar2": 0.486049950123,
        "max": 6.52769613266,
        "mean": 1.55889618397,
        "median": 1.46147191525,
        "min": -0.114793725312,
        "var": 0.423361361027
    },
    "spectral_spread": {
        "dmean": 513591.09375,
        "dmean2": 772647.8125,
        "dvar": 480127352832,
        "dvar2": 880471310336,
        "max": 41800552,
        "mean": 4765102.5,
        "median": 4893157,
        "min": 931454.6875,
        "var": 2.06186256794e+12
    },
    "spectral_strongpeak": {
        "dmean": 0.396584630013,
        "dmean2": 0.675258815289,
        "dvar": 0.426129758358,
        "dvar2": 1.01481580734,
        "max": 6.7936463356,
        "mean": 0.628502190113,
        "median": 0.368210673332,
        "min": 0,
        "var": 0.542430400848
    },
    "zerocrossingrate": {
        "dmean": 0.0123095121235,
        "dmean2": 0.0141885261983,
        "dvar": 0.000159945338964,
        "dvar2": 0.000194877749891,
        "max": 0.5966796875,
        "mean": 0.0499233901501,
        "median": 0.04296875,
        "min": 0.001953125,
        "var": 0.00126800558064
    },
    "barkbands": {
        "dmean": [0.000264965870883, 0.00605044653639, 0.00179382425267, 0.00116386613809, 0.00244889478199, 0.00218485039659, 0.00103192881215, 0.000993776367977, 0.000763494987041, 0.000567578303162, 0.000289020332275, 0.000519497029018, 0.000300884858007, 0.000332864845404, 0.000241188812652, 0.000234653489315, 0.000175736815436, 0.000233232582104, 0.000180281829671, 0.000155489178724, 0.000168469647178, 0.000130126572913, 0.000122075027321, 6.43639214104e-05, 3.61178790627e-05, 1.75171553565e-05, 3.0126443562e-06],
        "dmean2": [0.000458195485407, 0.00907265208662, 0.00283729890361, 0.00188874220476, 0.00378864188679, 0.003641795367, 0.001705825096, 0.00154879351612, 0.00108905008528, 0.000880868290551, 0.000459764967673, 0.00081547832815, 0.000499038724229, 0.000556598475669, 0.000407838437241, 0.000389705237467, 0.000286221707938, 0.000389506923966, 0.000307001493638, 0.000250738114119, 0.00026851016446, 0.000202956842259, 0.000202295384952, 0.000103383797978, 5.43178903172e-05, 2.58272539213e-05, 4.83230678583e-06],
        "dvar": [3.39519971249e-07, 9.66406805674e-05, 1.07115820356e-05, 6.84231190462e-06, 1.44059458762e-05, 2.43454123847e-05, 3.77685364583e-06, 5.73801980863e-06, 2.76107994068e-06, 2.2778060611e-06, 6.42684938157e-07, 1.73180751517e-06, 3.75645271333e-07, 3.79570792575e-07, 1.59939716582e-07, 2.02032950369e-07, 7.76109416734e-08, 2.16713630152e-07, 1.25364834958e-07, 7.80023725611e-08, 1.26145224044e-07, 6.32530614553e-08, 1.48233212371e-07, 1.78526189387e-08, 4.41772574078e-09, 9.36778432603e-10, 3.8685790682e-11],
        "dvar2": [9.79494984676e-07, 0.000224168688874, 2.79272480839e-05, 1.79496964847e-05, 3.40229089488e-05, 6.27832268947e-05, 9.58270902629e-06, 1.35528534884e-05, 4.8113856792e-06, 4.5559049795e-06, 1.3375463368e-06, 3.73770330953e-06, 9.12501263883e-07, 9.82645929071e-07, 4.21313387733e-07, 5.14552084496e-07, 1.93612635258e-07, 5.65980258216e-07, 3.39838408081e-07, 1.9548048158e-07, 3.11268195219e-07, 1.53294863026e-07, 4.09644172805e-07, 4.40910028487e-08, 9.67419211406e-09, 1.80901593705e-09, 9.1249355294e-11],
        "max": [0.00906672514975, 0.161370277405, 0.0616061687469, 0.0703329518437, 0.0397870726883, 0.0699760168791, 0.0251110680401, 0.0441920608282, 0.0307583492249, 0.0456620380282, 0.0250272359699, 0.024129986763, 0.0115690678358, 0.00661158002913, 0.005623458419, 0.00610586395487, 0.00301609188318, 0.00466009881347, 0.00596118252724, 0.00447125034407, 0.00436523603275, 0.00445304624736, 0.00654663983732, 0.0016697680112, 0.00098473217804, 0.000443942903075, 0.00012878391135],
        "mean": [0.000327871093759, 0.00912450067699, 0.00222953758202, 0.00149927509483, 0.00374112487771, 0.00258624879643, 0.00148836313747, 0.00138274533674, 0.00123194197658, 0.000774728017859, 0.000372031412553, 0.000649961992167, 0.000372875510948, 0.000377641845262, 0.000279229687294, 0.000276809965726, 0.000240127992583, 0.00028048758395, 0.000253980106208, 0.000251663092058, 0.000252814788837, 0.000211604943615, 0.000169255145011, 0.000105855440779, 6.26289111096e-05, 3.41111481248e-05, 4.78466517961e-06],
        "median": [0.000115029222798, 0.00394468847662, 0.000901931955013, 0.000757374276873, 0.00225951289758, 0.000861064181663, 0.0004736330593, 0.000272519566352, 0.000184782475117, 0.000162332231412, 0.000111267974717, 0.000166958547197, 0.000168022030266, 0.00015886600886, 0.000129411288071, 0.000118298907182, 0.000125602862681, 0.000119022835861, 0.000119192278362, 0.00012633985898, 9.6472853329e-05, 9.03301843209e-05, 6.11276627751e-05, 4.99115340062e-05, 3.15635152219e-05, 1.85603385034e-05, 9.58396412898e-07],
        "min": [4.27506167632e-24, 2.75355653945e-23, 6.42103036794e-24, 3.46846954453e-24, 1.83126943622e-23, 1.84194493308e-23, 1.04650413904e-23, 3.18570432521e-23, 5.29600569652e-23, 2.44698057922e-23, 1.22001370072e-23, 3.80337547202e-23, 3.56059847973e-23, 5.29846883581e-23, 7.69683885942e-23, 6.734335785e-23, 1.11296182067e-22, 1.57193068787e-22, 1.83953414259e-22, 2.80732977948e-22, 3.40472467668e-22, 3.16440306128e-22, 5.09930897271e-22, 7.88856613818e-22, 1.048993052e-21, 1.54591968453e-21, 2.01469450931e-21],
        "var": [4.00255601107e-07, 0.000160184994456, 1.16940836961e-05, 6.43938392386e-06, 2.12225986616e-05, 2.29762754316e-05, 6.03617036177e-06, 8.41239034344e-06, 7.37760547054e-06, 4.05084210797e-06, 1.15503360121e-06, 2.40034364651e-06, 4.42588770966e-07, 4.02849252623e-07, 1.71936562765e-07, 2.12174171565e-07, 1.00469364384e-07, 2.17660357293e-07, 1.43881194958e-07, 1.36461167699e-07, 1.74150756038e-07, 1.02578589178e-07, 1.34207539304e-07, 2.54694647595e-08, 7.58432072701e-09, 2.032474411e-09, 7.80484218921e-11]
    },
    "erbbands": {
        "dmean": [0.149178907275, 1.47505986691, 2.22576546669, 3.13469719887, 5.90057945251, 8.28403949738, 15.3985023499, 17.0936775208, 16.9405193329, 14.8880405426, 18.6950836182, 16.0603523254, 18.9320220947, 13.0590877533, 16.0098342896, 16.5525569916, 12.7097768784, 16.9904346466, 12.7106561661, 13.2670307159, 12.427523613, 10.3565244675, 12.6284742355, 9.10586738586, 9.36773872375, 7.2235660553, 6.40550994873, 6.94737672806, 5.25522661209, 3.98056864738, 3.24919986725, 1.77608835697, 0.926173567772, 0.467993438244, 0.226234406233, 0.0943625718355, 0.0291610192508, 0.00631566578522, 0.000413446658058, 2.09822919714e-05],
        "dmean2": [0.227628007531, 2.2262878418, 3.49599671364, 5.0240020752, 9.26705360413, 13.0332155228, 25.1586589813, 28.2353668213, 27.9120807648, 24.9587593079, 28.2094306946, 23.1100330353, 28.429857254, 20.0668544769, 25.2354106903, 26.2736530304, 20.8907375336, 28.8610038757, 20.6280269623, 22.4089374542, 20.7910614014, 16.8288917542, 21.2328453064, 15.1597318649, 15.7789640427, 11.5165224075, 10.2250795364, 11.2776899338, 8.22644901276, 6.6400270462, 5.30881643295, 2.84561467171, 1.48936736584, 0.717517256737, 0.342999756336, 0.140141740441, 0.0432012975216, 0.00971525441855, 0.000669834204018, 3.29744361807e-05],
        "dvar": [0.0594069808722, 6.15932607651, 15.2653846741, 40.3569374084, 108.662223816, 176.614517212, 1109.72900391, 1176.98449707, 1009.9105835, 1413.84960938, 1786.23474121, 1148.16723633, 1673.55871582, 956.50201416, 1089.80615234, 1363.88256836, 642.086669922, 1072.15515137, 451.960998535, 629.90246582, 591.642456055, 279.696899414, 714.120605469, 207.726547241, 447.97845459, 155.365768433, 165.753875732, 235.751754761, 115.483940125, 87.3139801025, 100.811149597, 16.1488800049, 4.06733703613, 0.818481743336, 0.175874739885, 0.0281044542789, 0.00245438562706, 0.000128019062686, 7.20899777207e-07, 6.7701899642e-10],
        "dvar2": [0.153308495879, 13.9577169418, 37.6898765564, 97.8474655151, 266.74041748, 432.885528564, 2888.36303711, 2931.57421875, 2534.43481445, 3924.88671875, 3719.51708984, 2067.21728516, 3219.86279297, 1868.40576172, 2469.18725586, 3034.765625, 1587.19165039, 2876.96704102, 1085.67248535, 1685.43347168, 1519.12670898, 701.048217773, 1895.65100098, 536.91796875, 1224.9440918, 372.079193115, 410.077880859, 592.16809082, 280.377685547, 227.26651001, 280.710601807, 42.0179710388, 10.0765743256, 1.84927427769, 0.387703567743, 0.0573517233133, 0.00468939868733, 0.000271272583632, 1.76919866135e-06, 1.56848523059e-09],
        "max": [3.67862272263, 39.9698791504, 59.7286605835, 154.47492981, 120.942268372, 130.019882202, 402.598083496, 464.267150879, 396.266174316, 622.565673828, 669.87322998, 651.534851074, 821.392333984, 841.00793457, 478.292022705, 607.193664551, 471.462524414, 308.479827881, 319.275878906, 506.427825928, 223.821533203, 194.133758545, 289.07598877, 153.518753052, 400.549957275, 171.227249146, 152.156524658, 247.470245361, 176.694656372, 131.374130249, 179.950683594, 62.0997581482, 30.6216220856, 13.6738643646, 7.08011579514, 2.75068974495, 0.672209024429, 0.176755517721, 0.0173957813531, 0.000372946378775],
        "mean": [0.247198015451, 2.072286129, 2.93510150909, 4.33736038208, 8.42940425873, 11.743475914, 18.1327590942, 22.6217021942, 25.5741195679, 18.5871734619, 29.3375930786, 26.3972434998, 28.6908035278, 19.0879116058, 21.1337871552, 21.1475429535, 15.9931755066, 18.2148723602, 16.9434871674, 15.535867691, 14.5222072601, 14.6639251709, 15.3689899445, 12.782532692, 13.5106315613, 11.7003927231, 9.5111579895, 10.3572158813, 8.07716464996, 6.08409786224, 4.63166475296, 2.78590250015, 1.49826097488, 0.799872219563, 0.38539236784, 0.174516811967, 0.0558025613427, 0.011895833537, 0.000625845626928, 4.59239381598e-05],
        "median": [0.100927114487, 0.86863732338, 1.28547370434, 2.13673353195, 4.39228343964, 6.47521972656, 6.76923274994, 6.79149627686, 8.20915412903, 6.68280315399, 6.5330581665, 5.47750759125, 6.98064088821, 5.52711677551, 7.76634311676, 6.77118062973, 7.79294967651, 7.39926242828, 8.87606620789, 7.27812671661, 6.49642753601, 7.84117794037, 7.31571340561, 6.42303180695, 6.40781879425, 5.5888094902, 3.86678957939, 4.17580032349, 3.14952921867, 2.32985258102, 1.89444518089, 1.18645262718, 0.753898382187, 0.388349086046, 0.207839801908, 0.0970049500465, 0.0303738303483, 0.00505555607378, 0.000174594752025, 3.75866948161e-05],
        "min": [1.33636319006e-21, 2.37266681486e-21, 5.45804948994e-21, 1.11621343211e-20, 1.62572284289e-20, 6.25756058789e-20, 7.87272637666e-20, 1.17793995971e-19, 1.41173441729e-19, 5.97519292152e-19, 9.45637322366e-19, 1.09052989738e-18, 1.01556696456e-18, 1.71080803011e-18, 1.30521552638e-18, 2.09073063789e-18, 1.80351801957e-18, 2.97111054435e-18, 5.29562641159e-18, 3.15873351205e-18, 4.36763068034e-18, 7.0718664961e-18, 8.20301116835e-18, 1.10241553152e-17, 7.51130206061e-18, 1.26585318567e-17, 1.28932948135e-17, 1.41730416557e-17, 1.17973623928e-17, 1.27046140886e-17, 1.54478659459e-17, 1.59594539938e-17, 1.50047171677e-17, 1.18406446183e-17, 8.08074394764e-18, 5.17501479288e-18, 2.78605679964e-18, 1.00414897697e-18, 2.92986054647e-19, 2.92845685975e-20],
        "var": [0.114878751338, 9.25849246979, 18.6479187012, 46.6032714844, 142.007888794, 231.362823486, 1024.12841797, 1460.41662598, 1759.94421387, 1149.87719727, 3450.0637207, 3063.84301758, 3472.55688477, 1916.22546387, 1507.65393066, 1851.68762207, 726.969299316, 928.679443359, 639.866882324, 612.69909668, 573.352844238, 365.399658203, 659.56829834, 277.046386719, 464.919311523, 265.502960205, 219.766799927, 322.371398926, 178.356506348, 109.869522095, 89.6936950684, 20.6625442505, 5.45867872238, 1.34562027454, 0.27529501915, 0.0531299114227, 0.00546951172873, 0.000304337067064, 1.26743839246e-06, 1.31627375666e-09]
    },
    "gfcc": {
        "mean": [-6.10604763031, 85.3116226196, -102.92048645, 39.4702033997, -55.5697746277, 14.6473226547, -34.2017974854, 6.98182058334, -22.3835334778, 5.852684021, -14.597454071, 4.53929328918, -11.5284376144],
        "cov": [[11149.0888672, -952.231811523, -267.702850342, -234.188308716, -1033.55175781, -10.3355112076, -566.639099121, 327.880126953, -256.758392334, 228.407424927, -264.805877686, 241.483459473, -114.683776855], [-952.231811523, 2471.75439453, 921.094360352, 249.182174683, 504.401306152, -77.5419082642, 209.888305664, -238.87147522, 130.198394775, -128.495529175, 116.388183594, -72.8198547363, 143.619354248], [-267.702850342, 921.094360352, 957.738708496, 202.144699097, 209.666213989, 22.0725841522, 83.2087860107, -12.3877019882, 44.164768219, -46.7028961182, 10.0505466461, 23.3674240112, 60.9072227478], [-234.188308716, 249.182174683, 202.144699097, 485.477966309, 145.201980591, 106.034561157, 36.3023948669, -30.9259300232, 33.0861358643, -26.654630661, 45.9917297363, -48.7166404724, 21.5449199677], [-1033.55175781, 504.401306152, 209.666213989, 145.201980591, 408.949127197, 106.239379883, 164.975357056, -41.9373474121, 71.6222305298, -16.0778217316, 51.7906532288, -22.1140422821, 36.2068824768], [-10.3355112076, -77.5419082642, 22.0725841522, 106.034561157, 106.239379883, 218.642074585, 102.322952271, 41.0870628357, 24.5272426605, 21.6336746216, 43.5401496887, -6.35752296448, -7.64898490906], [-566.639099121, 209.888305664, 83.2087860107, 36.3023948669, 164.975357056, 102.322952271, 217.985321045, 53.9281387329, 58.3754234314, -15.5834884644, 48.6246795654, -3.50752162933, 4.39299345016], [327.880126953, -238.87147522, -12.3877019882, -30.9259300232, -41.9373474121, 41.0870628357, 53.9281387329, 170.328063965, 41.3091125488, 36.2992401123, -12.4739408493, 20.2200069427, -9.4933719635], [-256.758392334, 130.198394775, 44.164768219, 33.0861358643, 71.6222305298, 24.5272426605, 58.3754234314, 41.3091125488, 114.21685791, 44.9997215271, 31.8468360901, -16.3995265961, 14.1489906311], [228.407424927, -128.495529175, -46.7028961182, -26.654630661, -16.0778217316, 21.6336746216, -15.5834884644, 36.2992401123, 44.9997215271, 114.183624268, 37.1470794678, 6.5677652359, -21.7287368774], [-264.805877686, 116.388183594, 10.0505466461, 45.9917297363, 51.7906532288, 43.5401496887, 48.6246795654, -12.4739408493, 31.8468360901, 37.1470794678, 113.210952759, 13.1824626923, 1.96387779713], [241.483459473, -72.8198547363, 23.3674240112, -48.7166404724, -22.1140422821, -6.35752296448, -3.50752162933, 20.2200069427, -16.3995265961, 6.5677652359, 13.1824626923, 99.7000198364, 36.3061752319], [-114.683776855, 143.619354248, 60.9072227478, 21.5449199677, 36.2068824768, -7.64898490906, 4.39299345016, -9.4933719635, 14.1489906311, -21.7287368774, 1.96387779713, 36.3061752319, 108.69430542]],
        "icov": [[0.000218598957872, -0.000349202106008, 0.000206145195989, -0.000145092315506, 0.000529285578523, -0.000599190185312, 0.000511308317073, -0.000617479614448, 0.00049404829042, -0.000656644057017, 0.000774067942984, -0.000792992243078, 0.000367536296835], [-0.000349202106008, 0.00194695510436, -0.00139878131449, 0.000420525757363, -0.00136308011133, 0.00211176462471, -0.00170944875572, 0.00253327260725, -0.00169476156589, 0.00179325265344, -0.00242244172841, 0.00255800411105, -0.00157908548135], [0.000206145195989, -0.00139878131449, 0.00234646140598, -0.000812161131762, 0.000350133777829, -0.00107082002796, 0.00102319964208, -0.0018364636926, 0.000849235453643, -0.000878687482327, 0.00197290955111, -0.00248723849654, 0.00102707277983], [-0.000145092315506, 0.000420525757363, -0.000812161131762, 0.00328212720342, -0.00103863200638, -0.00108390080277, 0.00121048174333, 0.000310564384563, -0.00105030427221, 0.00218882248737, -0.00231788516976, 0.00243285018951, -0.000852766446769], [0.000529285578523, -0.00136308011133, 0.000350133777829, -0.00103863200638, 0.00679672043771, -0.00287623563781, -0.00226145773195, 0.00114019622561, -0.00022568993154, -0.00266876374371, 0.00332115706988, -0.00225753104314, 0.00028365466278], [-0.000599190185312, 0.00211176462471, -0.00107082002796, -0.00108390080277, -0.00287623563781, 0.0102406721562, -0.00522525282577, 0.00142201478593, 0.000581394182518, -0.000186838355148, -0.00373969203793, 0.00352127756923, -0.00181514269207], [0.000511308317073, -0.00170944875572, 0.00102319964208, 0.00121048174333, -0.00226145773195, -0.00522525282577, 0.0141279920936, -0.00714393891394, -0.00177595752757, 0.00483470223844, -0.00229035015218, -0.00251754745841, 0.00325552839786], [-0.000617479614448, 0.00253327260725, -0.0018364636926, 0.000310564384563, 0.00114019622561, 0.00142201478593, -0.00714393891394, 0.0143480664119, -0.00621530320495, -0.000517216976732, 0.00146499380935, 0.000370350753656, -0.00121360109188], [0.00049404829042, -0.00169476156589, 0.000849235453643, -0.00105030427221, -0.00022568993154, 0.000581394182518, -0.00177595752757, -0.00621530320495, 0.0195454694331, -0.00995498150587, 0.00067711668089, 0.00307015376166, -0.00343415350653], [-0.000656644057017, 0.00179325265344, -0.000878687482327, 0.00218882248737, -0.00266876374371, -0.000186838355148, 0.00483470223844, -0.000517216976732, -0.00995498150587, 0.0200254488736, -0.00897529814392, 0.00108229508623, 0.00273124501109], [0.000774067942984, -0.00242244172841, 0.00197290955111, -0.00231788516976, 0.00332115706988, -0.00373969203793, -0.00229035015218, 0.00146499380935, 0.00067711668089, -0.00897529814392, 0.0185851156712, -0.00782703980803, 0.00261872936971], [-0.000792992243078, 0.00255800411105, -0.00248723849654, 0.00243285018951, -0.00225753104314, 0.00352127756923, -0.00251754745841, 0.000370350753656, 0.00307015376166, 0.00108229508623, -0.00782703980803, 0.0198385659605, -0.00883958861232], [0.000367536296835, -0.00157908548135, 0.00102707277983, -0.000852766446769, 0.00028365466278, -0.00181514269207, 0.00325552839786, -0.00121360109188, -0.00343415350653, 0.00273124501109, 0.00261872936971, -0.00883958861232, 0.0147064048797]]
    },
    "melbands": {
        "dmean": [0.00153759354725, 0.00140770734288, 0.000564207846764, 0.000532545323949, 0.000489205820486, 0.000390372471884, 0.000241561894654, 0.000186653502169, 0.000131137712742, 0.000112956040539, 0.000100282049971, 6.03684020462e-05, 4.61816998722e-05, 6.78273863741e-05, 2.71406934189e-05, 3.5672012018e-05, 3.04657514789e-05, 2.16510543396e-05, 2.00911199499e-05, 1.61519001267e-05, 1.48899389387e-05, 1.07524865598e-05, 1.05230446934e-05, 1.13768146548e-05, 7.17197781341e-06, 7.59258819016e-06, 6.44387455395e-06, 4.60810997538e-06, 4.45215118816e-06, 3.79576772502e-06, 4.10220127378e-06, 3.25500286635e-06, 2.2793728931e-06, 2.43163094638e-06, 2.10094685826e-06, 1.51942333559e-06, 9.41386190334e-07, 7.0554682452e-07, 5.63921844332e-07, 3.71747177041e-07],
        "dmean2": [0.00230519054458, 0.00214157742448, 0.000887151050847, 0.000829276919831, 0.000788577250205, 0.000646969245281, 0.00039930731873, 0.000304274522932, 0.000198749577976, 0.000160724943271, 0.000150605614181, 9.2395079264e-05, 7.3310067819e-05, 0.000105356615677, 4.54429318779e-05, 5.90295458096e-05, 5.22232185176e-05, 3.50543596142e-05, 3.42019957316e-05, 2.68407056865e-05, 2.52882273344e-05, 1.75601635419e-05, 1.77241490746e-05, 1.88262474694e-05, 1.20263421195e-05, 1.28972569655e-05, 1.07224868771e-05, 7.44024055166e-06, 7.19267154636e-06, 6.28625821264e-06, 6.6868688009e-06, 5.21492620464e-06, 3.61380148206e-06, 4.13820635004e-06, 3.49667152477e-06, 2.42454848376e-06, 1.5268168454e-06, 1.15478258067e-06, 9.01763939964e-07, 5.75242779632e-07],
        "dvar": [6.05637887929e-06, 5.54637153982e-06, 1.06111713194e-06, 7.97877305558e-07, 9.39268943512e-07, 6.49888306725e-07, 2.01405271127e-07, 2.16901611338e-07, 8.6116763498e-08, 6.00879488388e-08, 4.89050258068e-08, 2.28082299714e-08, 1.24323173978e-08, 3.44089734483e-08, 5.37552402591e-09, 6.08264727475e-09, 3.61849727959e-09, 1.61906332785e-09, 1.27835375618e-09, 9.38874755718e-10, 1.00399011327e-09, 2.91213969605e-10, 4.62818283697e-10, 4.73508121601e-10, 1.25194979383e-10, 2.28183208439e-10, 2.28258162371e-10, 6.37903896372e-11, 8.0344494946e-11, 5.95260229996e-11, 9.67131930096e-11, 4.56385693126e-11, 1.77163388126e-11, 4.8437094613e-11, 5.23982246481e-11, 1.20013443627e-11, 4.13731505652e-12, 2.51429953246e-12, 1.36892916707e-12, 5.17596599262e-13],
        "dvar2": [1.44669738802e-05, 1.28975852931e-05, 2.57764645539e-06, 1.93474261323e-06, 2.39659198087e-06, 1.63507581874e-06, 5.11505334089e-07, 5.83738938076e-07, 1.80260855132e-07, 1.04694969139e-07, 9.41950517586e-08, 4.42177103821e-08, 2.83260614964e-08, 7.29802636101e-08, 1.40042173413e-08, 1.48020955493e-08, 9.83254455633e-09, 3.77447451072e-09, 3.37930861072e-09, 2.41885422803e-09, 2.63471999773e-09, 7.2146433272e-10, 1.24578247718e-09, 1.22105436873e-09, 3.25230925524e-10, 6.0204385921e-10, 6.33984420517e-10, 1.54905074878e-10, 1.98395758155e-10, 1.5699194722e-10, 2.33464941823e-10, 1.1417246315e-10, 4.04137522059e-11, 1.30812846666e-10, 1.47782702742e-10, 3.15902269621e-11, 1.06646176265e-11, 6.32829682753e-12, 3.3269292269e-12, 1.15666092156e-12],
        "max": [0.0410507656634, 0.0325659252703, 0.0253120474517, 0.0106506822631, 0.011517861858, 0.0112336566672, 0.0056476299651, 0.0085219675675, 0.00493325199932, 0.00458535412326, 0.00495446426794, 0.0044761816971, 0.00211902870797, 0.00344816129655, 0.00261462968774, 0.00149585865438, 0.000586298643611, 0.000700394331943, 0.000575064215809, 0.000597796577495, 0.000307560287183, 0.000212454644497, 0.000219677356654, 0.000220985937631, 0.000129251740873, 0.000235013867496, 0.00024883824517, 0.000105078375782, 0.000116680414067, 9.8183103546e-05, 0.000179324182682, 0.00012167236855, 5.54502366867e-05, 0.000110172084533, 0.000133842651849, 5.65843729419e-05, 3.36476077791e-05, 2.90532734653e-05, 1.55326324602e-05, 1.13154210339e-05],
        "mean": [0.00245921942405, 0.0020288862288, 0.000830257427879, 0.000768292637076, 0.000611780735198, 0.000506551528815, 0.000361198181054, 0.000237052241573, 0.000202681068913, 0.000182663177839, 0.000151095897309, 8.66668633535e-05, 5.95183555561e-05, 8.61126100062e-05, 3.24880129483e-05, 4.15976137447e-05, 3.12727752316e-05, 2.82348228211e-05, 2.25336079893e-05, 1.98960206035e-05, 1.59891460498e-05, 1.48983299368e-05, 1.29892450786e-05, 1.39660905916e-05, 9.81386347121e-06, 1.06510869955e-05, 9.31905742618e-06, 7.26887537894e-06, 6.14319287706e-06, 5.69753046875e-06, 5.80962569074e-06, 4.68930738862e-06, 3.75651256945e-06, 3.2579132494e-06, 2.78875654658e-06, 2.22387598114e-06, 1.45916033034e-06, 1.07065284283e-06, 8.85447093424e-07, 6.17020475602e-07],
        "median": [0.00106360716745, 0.00108006270602, 0.000493243685924, 0.000419042306021, 0.000258301442955, 0.000168075028341, 0.000117097049952, 6.5362706664e-05, 4.38598945038e-05, 2.40384542849e-05, 3.53687355528e-05, 2.0675612177e-05, 2.03869822144e-05, 2.10911348404e-05, 1.26022960103e-05, 1.5436708054e-05, 1.18589268823e-05, 1.32563618536e-05, 9.07341382117e-06, 9.05164961296e-06, 6.08011305303e-06, 7.75322587288e-06, 6.21751860308e-06, 6.00536804995e-06, 4.88651676278e-06, 4.4472517402e-06, 4.04503089158e-06, 3.43985311702e-06, 2.53566258834e-06, 2.35745028476e-06, 2.20976312448e-06, 1.81623204298e-06, 1.52577877088e-06, 1.04276284674e-06, 1.02113949652e-06, 1.00777106127e-06, 6.15573526375e-07, 5.33874697339e-07, 4.04483188277e-07, 2.93945589647e-07],
        "min": [1.59646419892e-23, 2.72244595583e-24, 2.28113724671e-24, 4.57143040752e-24, 2.85445650351e-24, 3.25751669999e-24, 2.06188026064e-24, 7.31072662951e-24, 9.02937134092e-24, 6.80687328073e-24, 4.39634351847e-24, 7.59977552037e-24, 2.35957112272e-24, 5.32728931678e-24, 5.62230357381e-24, 3.92300015407e-24, 4.26321574654e-24, 8.7996716114e-24, 3.9246208688e-24, 4.01062761228e-24, 4.92125353696e-24, 6.91221539943e-24, 5.75182112381e-24, 7.6743473306e-24, 8.31780302719e-24, 5.04028436452e-24, 7.42973260795e-24, 8.1598139094e-24, 7.78906742775e-24, 5.94192555791e-24, 7.13473412814e-24, 5.98682239304e-24, 6.63111901536e-24, 7.5683899004e-24, 7.73929188235e-24, 8.83201648623e-24, 7.87229540869e-24, 9.64550010689e-24, 9.27107674456e-24, 9.55713821917e-24],
        "var": [1.10800938273e-05, 7.87067801866e-06, 1.2684658941e-06, 1.08124572762e-06, 9.51262165927e-07, 7.3704757142e-07, 3.3178804415e-07, 2.04564884143e-07, 1.65568607713e-07, 1.63700150324e-07, 1.00271584813e-07, 4.48594406066e-08, 1.78236785331e-08, 4.82479762809e-08, 5.75963721161e-09, 6.94116453204e-09, 2.99948998972e-09, 2.44042053232e-09, 1.37837852243e-09, 1.0491419955e-09, 8.82299955318e-10, 3.88351850678e-10, 4.34630248458e-10, 4.99095154094e-10, 1.69504674186e-10, 2.8618254988e-10, 2.83795043021e-10, 9.94564777757e-11, 9.80404646356e-11, 8.08999256474e-11, 1.30224456218e-10, 6.35662494863e-11, 3.30277645511e-11, 4.77834195822e-11, 4.19163731502e-11, 1.43830034688e-11, 5.64430620298e-12, 3.18271407493e-12, 1.88965162962e-12, 8.42094243728e-13]
    },
    "mfcc": {
        "mean": [-652.200317383, 113.636161804, 12.8471012115, 29.987241745, 4.98079204559, 10.5537252426, 0.482135772705, 3.81543636322, -2.08960819244, 0.990059554577, -0.0654109939933, 1.03658866882, -0.0608186461031],
        "cov": [[8930.62304688, -1031.10583496, -227.377914429, -464.57510376, -602.001281738, -435.815704346, -390.468475342, -202.198989868, -75.2656478882, 33.6323852539, -111.444076538, -59.1939697266, -101.673477173], [-1031.10583496, 1808.18554688, 306.993835449, 175.186599731, 247.546615601, 179.615356445, 108.865081787, 67.0529632568, 55.3466415405, 22.6273212433, 29.4559497833, -64.8454818726, 22.078168869], [-227.377914429, 306.993835449, 504.562164307, 152.800231934, 136.845458984, 50.3388938904, 41.8432579041, 61.6290740967, 54.3712615967, 20.2101039886, -18.0447559357, 4.68978071213, 21.9811191559], [-464.57510376, 175.186599731, 152.800231934, 307.304992676, 157.215164185, 113.166877747, 44.4608840942, 44.0048904419, 32.2376365662, 7.4093132019, -6.49945783615, 17.2033023834, 9.74486923218], [-602.001281738, 247.546615601, 136.845458984, 157.215164185, 239.169845581, 153.580703735, 72.5977554321, 36.6002883911, 35.01404953, 26.5726318359, 10.2653264999, 7.94811248779, 21.1671562195], [-435.815704346, 179.615356445, 50.3388938904, 113.166877747, 153.580703735, 237.415390015, 110.357398987, 44.7372131348, 9.49348735809, 23.7925033569, 33.2395095825, 25.9009494781, 7.32394981384], [-390.468475342, 108.865081787, 41.8432579041, 44.4608840942, 72.5977554321, 110.357398987, 173.576904297, 99.6349105835, 27.0659713745, 17.9296913147, 44.2727737427, 35.5854454041, 19.129693985], [-202.198989868, 67.0529632568, 61.6290740967, 44.0048904419, 36.6002883911, 44.7372131348, 99.6349105835, 145.690231323, 61.8259658813, 13.0727910995, 14.0091304779, 23.0063343048, 13.4688911438], [-75.2656478882, 55.3466415405, 54.3712615967, 32.2376365662, 35.01404953, 9.49348735809, 27.0659713745, 61.8259658813, 125.292152405, 40.7028236389, -8.64364624023, -2.68106102943, 5.00074911118], [33.6323852539, 22.6273212433, 20.2101039886, 7.4093132019, 26.5726318359, 23.7925033569, 17.9296913147, 13.0727910995, 40.7028236389, 119.008483887, 64.9953155518, 12.9551115036, 0.365016251802], [-111.444076538, 29.4559497833, -18.0447559357, -6.49945783615, 10.2653264999, 33.2395095825, 44.2727737427, 14.0091304779, -8.64364624023, 64.9953155518, 139.93939209, 61.8570175171, 13.5614938736], [-59.1939697266, -64.8454818726, 4.68978071213, 17.2033023834, 7.94811248779, 25.9009494781, 35.5854454041, 23.0063343048, -2.68106102943, 12.9551115036, 61.8570175171, 106.396400452, 38.3524551392], [-101.673477173, 22.078168869, 21.9811191559, 9.74486923218, 21.1671562195, 7.32394981384, 19.129693985, 13.4688911438, 5.00074911118, 0.365016251802, 13.5614938736, 38.3524551392, 85.2777404785]],
