{
"lowlevel": {
    "average_loudness": 0.795830905437,
    "barkbands_crest": {
        "dmean": 2.67763066292,
        "dmean2": 4.19287633896,
        "dvar": 6.19314336777,
        "dvar2": 13.4527025223,
        "max": 26.1702880859,
        "mean": 9.69264221191,
        "median": 8.5453338623,
        "min": 2.26879906654,
        "var": 21.3937683105
    },
    "barkbands_flatness_db": {
        "dmean": 0.0301850214601,
        "dmean2": 0.0421871989965,
        "dvar": 0.000746137928218,
        "dvar2": 0.00149209809024,
        "max": 0.53885024786,
        "mean": 0.134179323912,
        "median": 0.123884558678,
        "min": 0.0205133035779,
        "var": 0.00322497216985
    },
    "barkbands_kurtosis": {
        "dmean": 3.40572071075,
        "dmean2": 5.32116127014,
        "dvar": 60.6181297302,
        "dvar2": 149.804870605,
        "max": 230.633468628,
        "mean": 5.0558848381,
        "median": 2.60874986649,
        "min": -1.76506698132,
        "var": 92.9086990356
    },
    "barkbands_skewness": {
        "dmean": 0.540873765945,
        "dmean2": 0.825333118439,
        "dvar": 0.385197937489,
        "dvar2": 0.876122534275,
        "max": 14.3010101318,
        "mean": 1.54787945747,
        "median": 1.37072920799,
        "min": -2.13448190689,
        "var": 1.41093111038
    },
    "barkbands_spread": {
        "dmean": 4.50047254562,
        "dmean2": 6.93353462219,
        "dvar": 19.7670307159,
        "dvar2": 46.335723877,
        "max": 71.4335250854,
        "mean": 15.5489187241,
        "median": 14.423784256,
        "min": 0.822978198528,
        "var": 58.7520828247
    },
    "dissonance": {
        "dmean": 0.0231472887099,
        "dmean2": 0.038772713393,
        "dvar": 0.000509819888975,
        "dvar2": 0.00135186454281,
        "max": 0.500000298023,
        "mean": 0.463947981596,
        "median": 0.471670776606,
        "min": 0.246729433537,
        "var": 0.000888803508133
    },
    "dynamic_complexity": 3.28339576721,
    "erbbands_crest": {
        "dmean": 2.73346018791,
        "dmean2": 4.46396255493,
        "dvar": 6.88967132568,
        "dvar2": 16.1180095673,
        "max": 27.2839126587,
        "mean": 8.49401473999,
        "median": 7.39439487457,
        "min": 2.38951659203,
        "var": 15.3589048386
    },
    "erbbands_flatness_db": {
        "dmean": 0.0219800490886,
        "dmean2": 0.0319376066327,
        "dvar": 0.000386621890357,
        "dvar2": 0.000792792998254,
        "max": 0.407862722874,
        "mean": 0.153780043125,
        "median": 0.148582175374,
        "min": 0.038002319634,
        "var": 0.00145190476906
    },
    "erbbands_kurtosis": {
        "dmean": 1.32889831066,
        "dmean2": 2.06167721748,
        "dvar": 3.58891129494,
        "dvar2": 7.93134069443,
        "max": 35.6855163574,
        "mean": 1.43497693539,
        "median": 0.64967250824,
        "min": -1.68901884556,
        "var": 7.10222768784
    },
    "erbbands_skewness": {
        "dmean": 0.374615639448,
        "dmean2": 0.581294596195,
        "dvar": 0.1313290447,
        "dvar2": 0.298896402121,
        "max": 4.71426486969,
        "mean": 0.702562749386,
        "median": 0.668461680412,
        "min": -2.26798605919,
        "var": 0.447783976793
    },
    "erbbands_spread": {
        "dmean": 6.83951663971,
        "dmean2": 10.4227790833,
        "dvar": 48.3051986694,
        "dvar2": 109.5727005,
        "max": 176.545379639,
        "mean": 28.7629928589,
        "median": 27.6119403839,
        "min": 3.68980574608,
        "var": 139.784225464
    },
    "hfc": {
        "dmean": 5.38189840317,
        "dmean2": 7.91788816452,
        "dvar": 46.5796127319,
        "dvar2": 95.4548110962,
        "max": 89.6352233887,
        "mean": 14.8154907227,
        "median": 11.3050289154,
        "min": 1.08620004528e-16,
        "var": 160.062744141
    },
    "melbands_crest": {
        "dmean": 3.15651011467,
        "dmean2": 5.00263738632,
        "dvar": 8.22439956665,
        "dvar2": 18.9162273407,
        "max": 33.1131896973,
        "mean": 12.2978601456,
        "median": 11.0777950287,
        "min": 1.59267556667,
        "var": 30.2942066193
    },
    "melbands_flatness_db": {
        "dmean": 0.0352646075189,
        "dmean2": 0.0490459837019,
        "dvar": 0.00106557982508,
        "dvar2": 0.00214616581798,
        "max": 0.703810453415,
        "mean": 0.210570305586,
        "median": 0.202219218016,
        "min": 0.00253158691339,
        "var": 0.00586063088849
    },
    "melbands_kurtosis": {
        "dmean": 5.67897415161,
        "dmean2": 8.86608505249,
        "dvar": 178.136398315,
        "dvar2": 405.695343018,
        "max": 435.808044434,
        "mean": 9.52779865265,
        "median": 5.14533424377,
        "min": -1.59129273891,
        "var": 339.622314453
    },
    "melbands_skewness": {
        "dmean": 0.640714466572,
        "dmean2": 0.974310696125,
        "dvar": 0.509059429169,
        "dvar2": 1.10483634472,
        "max": 15.6745758057,
        "mean": 2.04407334328,
        "median": 1.79062128067,
        "min": -1.24197375774,
        "var": 1.93139874935
    },
    "melbands_spread": {
        "dmean": 5.04183292389,
        "dmean2": 7.80479478836,
        "dvar": 28.8760681152,
        "dvar2": 68.3933029175,
        "max": 162.105438232,
        "mean": 18.8452720642,
        "median": 16.1588764191,
        "min": 0.741077244282,
        "var": 261.079833984
    },
    "pitch_salience": {
        "dmean": 0.0808974429965,
        "dmean2": 0.124487310648,
        "dvar": 0.00531452987343,
        "dvar2": 0.0110624125227,
        "max": 0.99180585146,
        "mean": 0.588693022728,
        "median": 0.612300992012,
        "min": 0.0622312687337,
        "var": 0.0188054647297
    },
    "silence_rate_20dB": {
        "dmean": 0,
        "dmean2": 0,
        "dvar": 0,
        "dvar2": 0,
        "max": 1,
        "mean": 1,
        "median": 1,
        "min": 1,
        "var": 0
    },
    "silence_rate_30dB": {
        "dmean": 0.0251189339906,
        "dmean2": 0.0502426475286,
        "dvar": 0.0244886614382,
        "dvar2": 0.063128054142,
        "max": 1,
        "mean": 0.979925811291,
        "median": 1,
        "min": 0,
        "var": 0.0196696259081
    },
    "silence_rate_60dB": {
        "dmean": 0.00951474811882,
        "dmean2": 0.0190313067287,
        "dvar": 0.00942506082356,
        "dvar2": 0.022473083809,
        "max": 1,
        "mean": 0.0565122254193,
        "median": 0,
        "min": 0,
        "var": 0.0533189326525
    },
    "spectral_centroid": {
        "dmean": 201.226928711,
        "dmean2": 312.610198975,
        "dvar": 49260.5546875,
        "dvar2": 103410.289062,
        "max": 11652.2060547,
        "mean": 1055.31799316,
        "median": 870.297424316,
        "min": 161.607696533,
        "var": 1167324.5
    },
    "spectral_complexity": {
        "dmean": 4.2173166275,
        "dmean2": 6.33114480972,
        "dvar": 18.5035400391,
        "dvar2": 38.4452362061,
        "max": 49,
        "mean": 18.1300544739,
        "median": 18,
        "min": 0,
        "var": 74.4677734375
    },
    "spectral_decrease": {
        "dmean": 2.71055355938e-09,
        "dmean2": 4.07361344656e-09,
        "dvar": 1.66866251615e-17,
        "dvar2": 4.12148894428e-17,
        "max": 1.9728457182e-28,
        "mean": -7.41259142956e-09,
        "median": -5.30842303448e-09,
        "min": -5.13658342527e-08,
        "var": 4.81100254923e-17
    },
    "spectral_energy": {
        "dmean": 0.0106022395194,
        "dmean2": 0.0159317553043,
        "dvar": 0.000247342570219,
        "dvar2": 0.000606879766565,
        "max": 0.199819505215,
        "mean": 0.0293205529451,
        "median": 0.021167004481,
        "min": 1.01332347302e-20,
        "var": 0.000727061880752
    },
    "spectral_energyband_high": {
        "dmean": 0.000212827711948,
        "dmean2": 0.000308867864078,
        "dvar": 9.07861519295e-08,
        "dvar2": 1.96448098677e-07,
        "max": 0.00351521698758,
        "mean": 0.000365236803191,
        "median": 0.000181723822607,
        "min": 7.07110176762e-21,
        "var": 2.1579332099e-07
    },
    "spectral_energyband_low": {
        "dmean": 0.00653893034905,
        "dmean2": 0.00979481358081,
        "dvar": 0.000195809800061,
        "dvar2": 0.000500060385093,
        "max": 0.168392002583,
        "mean": 0.0118448249996,
        "median": 0.00473426887766,
        "min": 1.7885747063e-23,
        "var": 0.000397200637963
    },
    "spectral_energyband_middle_high": {
        "dmean": 0.00192794273607,
        "dmean2": 0.00284936348908,
        "dvar": 6.40236112304e-06,
        "dvar2": 1.33639850901e-05,
        "max": 0.0373888760805,
        "mean": 0.00415049074218,
        "median": 0.00280183716677,
        "min": 1.2416381862e-21,
        "var": 1.8479569917e-05
    },
    "spectral_energyband_middle_low": {
        "dmean": 0.00636303937063,
        "dmean2": 0.00984795950353,
        "dvar": 0.00010563286196,
        "dvar2": 0.00023953425989,
        "max": 0.153584435582,
        "mean": 0.0139395408332,
        "median": 0.0100972875953,
        "min": 1.93413093447e-22,
        "var": 0.000202484967303
    },
    "spectral_entropy": {
        "dmean": 0.230030924082,
        "dmean2": 0.333863735199,
        "dvar": 0.0494221448898,
        "dvar2": 0.100895360112,
        "max": 9.82578849792,
        "mean": 7.50983333588,
        "median": 7.55031585693,
        "min": 5.06125831604,
        "var": 0.208912655711
    },
    "spectral_flux": {
        "dmean": 0.025277024135,
        "dmean2": 0.0385526157916,
        "dvar": 0.000816377694719,
        "dvar2": 0.00169217248913,
        "max": 0.352974563837,
        "mean": 0.0877254977822,
        "median": 0.0755239650607,
        "min": 6.469053071e-11,
        "var": 0.00286864326335
    },
    "spectral_kurtosis": {
        "dmean": 2.30737280846,
        "dmean2": 3.65184688568,
        "dvar": 25.1451911926,
        "dvar2": 55.7998733521,
        "max": 230.105712891,
        "mean": 6.43668699265,
        "median": 5.30299377441,
        "min": -1.26935827732,
        "var": 38.2244377136
    },
    "spectral_rms": {
        "dmean": 0.000868895964231,
        "dmean2": 0.00128169986419,
        "dvar": 9.3568075954e-07,
        "dvar2": 2.03958711609e-06,
        "max": 0.0139623014256,
        "mean": 0.00483355531469,
        "median": 0.00454430794343,
        "min": 3.14421427262e-12,
        "var": 5.24214829056e-06
    },
    "spectral_rolloff": {
        "dmean": 278.251861572,
        "dmean2": 450.872955322,
        "dvar": 162740.203125,
        "dvar2": 379712.25,
        "max": 19702.8808594,
        "mean": 1179.03503418,
        "median": 839.794921875,
        "min": 64.599609375,
        "var": 3898216.25
    },
    "spectral_skewness": {
        "dmean": 0.279471546412,
        "dmean2": 0.428624689579,
        "dvar": 0.11826184392,
        "dvar2": 0.255958884954,
        "max": 11.01957798,
        "mean": 1.96255683899,
        "median": 1.90083277225,
        "min": -0.0892529413104,
        "var": 0.385525375605
    },
    "spectral_spread": {
        "dmean": 712363.375,
        "dmean2": 1028059.0625,
        "dvar": 690060787712,
        "dvar2": 1.418706944e+12,
        "max": 42653484,
        "mean": 4674880,
        "median": 4338325,
        "min": 462002,
        "var": 1.32507678802e+13
    },
    "spectral_strongpeak": {
        "dmean": 0.425457298756,
        "dmean2": 0.711545348167,
        "dvar": 0.345359504223,
        "dvar2": 0.782494008541,
        "max": 8.56392478943,
        "mean": 0.737850546837,
        "median": 0.479239523411,
        "min": 0,
        "var": 0.622650563717
    },
    "zerocrossingrate": {
        "dmean": 0.00921992119402,
        "dmean2": 0.0113747837022,
        "dvar": 8.82995736902e-05,
        "dvar2": 0.00013188480807,
        "max": 0.76025390625,
        "mean": 0.052292779088,
        "median": 0.04296875,
        "min": 0.00244140625,
        "var": 0.00306515046395
    },
    "barkbands": {
        "dmean": [0.000112460707896, 0.00446759210899, 0.00321789248846, 0.00176894792821, 0.00292456662282, 0.00162940460723, 0.00117106374819, 0.000811735109892, 0.00128774053883, 0.000839057436679, 0.000587661983445, 0.000426202866947, 0.000259383115917, 0.000273801706498, 0.000188106350834, 0.000145483398228, 0.000118712305266, 9.82235578704e-05, 6.49447538308e-05, 5.31106488779e-05, 4.40522308054e-05, 3.62237879017e-05, 3.06489855575e-05, 4.1787752707e-05, 3.4447388316e-05, 2.09823101613e-05, 1.06268153104e-05],
        "dmean2": [0.000173090928001, 0.00631575658917, 0.00523588852957, 0.00303255557083, 0.00477391202003, 0.00266503775492, 0.00196139072068, 0.00139198848046, 0.00194842682686, 0.00133060733788, 0.000926819338929, 0.000662399746943, 0.000415527581936, 0.000434514135122, 0.000306713889586, 0.000240387249505, 0.00019763103046, 0.000162609634572, 0.000107190237031, 8.03283473942e-05, 6.59463985357e-05, 5.37325795449e-05, 4.68018188258e-05, 6.64795807097e-05, 5.5844662711e-05, 3.38659410772e-05, 1.7750186089e-05],
        "dvar": [7.90288154917e-08, 0.000139153446071, 7.76931265136e-05, 2.89291510853e-05, 3.96840805479e-05, 5.68240602661e-06, 2.55531040239e-06, 2.21414416046e-06, 4.17883620685e-06, 2.17442561734e-06, 1.21434038647e-06, 6.9222107868e-07, 1.78119080374e-07, 1.92410183786e-07, 8.54912585169e-08, 5.45014877673e-08, 3.63136756221e-08, 2.73661076022e-08, 1.59985589221e-08, 6.65188348847e-09, 4.49939729918e-09, 2.87933477061e-09, 2.46466136389e-09, 4.86693529922e-09, 3.6240981327e-09, 1.2102260305e-09, 1.32873623215e-09],
        "dvar2": [1.57811570034e-07, 0.000304534623865, 0.00020115012012, 7.73494539317e-05, 0.000102967103885, 1.4791358808e-05, 6.6830666583e-06, 6.11468067291e-06, 8.64183584781e-06, 5.32664671482e-06, 2.92382469524e-06, 1.42557917115e-06, 4.40482210706e-07, 4.67795501891e-07, 2.12202834859e-07, 1.38432369567e-07, 9.47350216052e-08, 7.10152718852e-08, 4.33821440993e-08, 1.48532102173e-08, 9.74662395237e-09, 6.13925976722e-09, 5.64431568151e-09, 1.19501573081e-08, 9.27243348769e-09, 3.00592284397e-09, 3.48420825524e-09],
        "max": [0.00919443834573, 0.155335888267, 0.112199753523, 0.0606356263161, 0.0922462195158, 0.0403159074485, 0.0338018201292, 0.0251314677298, 0.0454654581845, 0.0291763246059, 0.0212305840105, 0.0212433040142, 0.00754947541282, 0.00778627023101, 0.00518811866641, 0.00350195867941, 0.00292187696323, 0.00358705571853, 0.00246049650013, 0.00156771170441, 0.00104174041189, 0.000784543924965, 0.000687339052092, 0.000722720404156, 0.000692757195793, 0.000363758997992, 0.000353008392267],
        "mean": [0.000181792493095, 0.00707291252911, 0.00382331712171, 0.00168338732328, 0.00395285291597, 0.002791545121, 0.00165236054454, 0.00105964427348, 0.0023560479749, 0.00110993848648, 0.000849536270835, 0.000701354700141, 0.000351727183443, 0.00040885573253, 0.000279626488918, 0.000191439292394, 0.000178905815119, 0.000148141290992, 0.000114954600576, 9.64921200648e-05, 8.51916774991e-05, 6.2346472987e-05, 4.90417514811e-05, 4.93634215673e-05, 3.6932349758e-05, 2.18092955038e-05, 1.10631617645e-05],
        "median": [4.34929170297e-05, 0.00179892079905, 0.00118077523075, 0.000519094814081, 0.00173226860352, 0.00168508593924, 0.00103219808079, 0.00049518578453, 0.00129820103757, 0.000594968674704, 0.000372861220967, 0.000355500931619, 0.000200483947992, 0.000199383197469, 0.000160005321959, 9.09687732928e-05, 7.90932535892e-05, 7.14570414857e-05, 4.6764529543e-05, 4.1312596295e-05, 3.99765267503e-05, 2.76622668025e-05, 1.89678248717e-05, 1.80616880243e-05, 1.40439133247e-05, 7.48700540498e-06, 3.77148637654e-07],
        "min": [2.45506332694e-25, 3.49759665574e-24, 4.44788473179e-25, 7.72802754027e-25, 5.60072388931e-24, 8.68346530031e-24, 9.60115981313e-24, 7.57981891719e-24, 1.89717829153e-23, 1.51549393788e-23, 1.95775539376e-23, 2.66056687812e-23, 4.2372874663e-23, 4.2392634051e-23, 5.30733310803e-23, 5.39671546621e-23, 7.14150097698e-23, 8.50190990961e-23, 1.30333213245e-22, 1.80287811136e-22, 2.40300133132e-22, 2.59542684665e-22, 4.49000644103e-22, 5.95790265759e-22, 8.99601022391e-22, 1.34380892629e-21, 1.96374878658e-21],
        "var": [2.24823068606e-07, 0.000240778477746, 7.41011972423e-05, 2.14354931813e-05, 4.70579325338e-05, 1.18130910778e-05, 4.01083616453e-06, 2.91584569823e-06, 1.00940787888e-05, 2.5280050977e-06, 2.1978848963e-06, 1.54279257458e-06, 2.37220532995e-07, 3.70885999246e-07, 1.44290211779e-07, 7.5449484882e-08, 7.39515471082e-08, 4.75908308317e-08, 3.67654671152e-08, 2.00994065835e-08, 1.31108466306e-08, 7.39497085789e-09, 5.120166513e-09, 5.76695313725e-09, 3.63291441374e-09, 1.28189658888e-09, 1.63852509338e-09]
    },
    "erbbands": {
        "dmean": [0.101526595652, 1.11565971375, 3.20548892021, 4.31899356842, 7.28626394272, 12.5018692017, 8.09342765808, 16.3214893341, 18.1528263092, 18.2769546509, 17.5483932495, 20.0927677155, 37.675994873, 22.150100708, 20.5254077911, 15.3226127625, 11.7646770477, 14.9868812561, 9.56465816498, 9.0847568512, 7.90157938004, 6.78784036636, 4.9833741188, 3.90861868858, 3.06557154655, 2.63217496872, 1.77737903595, 1.91088712215, 1.38334691525, 1.01999235153, 0.882584095001, 0.820793330669, 0.717618942261, 0.390749275684, 0.25182133913, 0.116733595729, 0.0317523665726, 0.0181423518807, 0.000951498106588, 2.39789551415e-05],
        "dmean2": [0.141793251038, 1.61772477627, 5.26081800461, 6.95913553238, 12.1194591522, 20.6185016632, 13.610534668, 26.331281662, 30.98969841, 30.4232463837, 29.7765636444, 31.1729412079, 58.8842315674, 35.0518836975, 32.1948051453, 23.875825882, 18.6206531525, 23.7965526581, 15.3319740295, 15.0010232925, 13.0274171829, 11.2835407257, 8.19921016693, 6.50399827957, 4.92918157578, 3.9769449234, 2.72380590439, 2.84759831429, 2.05148100853, 1.5296831131, 1.36398088932, 1.29198527336, 1.15492630005, 0.630469620228, 0.411144524813, 0.18841189146, 0.0514745675027, 0.0300087742507, 0.00158831267618, 3.81028039556e-05],
        "dvar": [0.0572329051793, 9.39840507507, 73.4868850708, 141.498428345, 413.457519531, 617.921020508, 284.2109375, 628.30657959, 674.940185547, 1080.31469727, 1116.51318359, 765.038391113, 4016.46508789, 1313.7767334, 1342.28271484, 761.26953125, 401.409362793, 591.977355957, 217.913314819, 215.715896606, 161.515426636, 117.03377533, 65.1725387573, 62.2116508484, 26.2125358582, 17.2281570435, 7.70416879654, 7.97686195374, 4.43456745148, 2.56521606445, 2.04534983635, 1.84365200996, 1.4565962553, 0.436720967293, 0.214434236288, 0.0420362018049, 0.0027551590465, 0.00339026236907, 7.72849853092e-06, 1.94500238138e-09],
        "dvar2": [0.105107188225, 21.2989521027, 194.901184082, 335.531738281, 1078.62475586, 1588.2833252, 804.008850098, 1606.89050293, 1850.54321289, 2917.54199219, 3068.87524414, 1770.65368652, 9627.29199219, 3107.68896484, 3244.18164062, 1688.5123291, 981.665222168, 1456.71228027, 531.88293457, 549.640808105, 407.353942871, 303.769866943, 166.484939575, 172.062530518, 67.2046356201, 39.3823394775, 17.4356956482, 16.9159984589, 9.85074138641, 5.74742031097, 4.76118183136, 4.36639118195, 3.64183092117, 1.10846447945, 0.555069029331, 0.105408705771, 0.00688455952331, 0.00884152203798, 2.03891268029e-05, 4.96863439281e-09],
        "max": [3.70827841759, 38.7036933899, 98.647567749, 174.640563965, 303.913513184, 446.102111816, 454.994445801, 493.338378906, 482.182861328, 558.144897461, 625.598510742, 496.832550049, 1526.85754395, 486.511169434, 693.548583984, 652.788391113, 397.555358887, 423.558959961, 262.656768799, 217.790771484, 249.142730713, 151.67755127, 174.868789673, 149.845108032, 98.808052063, 87.444519043, 53.1191520691, 45.6497001648, 30.1457443237, 22.182308197, 18.9895095825, 15.070441246, 12.4227981567, 6.17756748199, 6.14484548569, 2.53198170662, 0.507122218609, 0.563194155693, 0.0286376941949, 0.000557267514523],
        "mean": [0.190133035183, 1.66188156605, 3.96972489357, 5.48619318008, 8.48313045502, 16.466463089, 12.1816711426, 27.6793003082, 25.9307117462, 25.9636478424, 24.1650009155, 38.1358413696, 62.4540710449, 33.4653701782, 33.8606910706, 26.1491355896, 17.2394714355, 22.8620834351, 14.7139472961, 12.7315626144, 11.0911035538, 10.392291069, 7.90223169327, 6.69511985779, 5.49599266052, 4.69953250885, 3.47364044189, 3.3736577034, 2.33825564384, 1.72972381115, 1.34290480614, 1.04925751686, 0.807436406612, 0.427825391293, 0.262284010649, 0.116353213787, 0.0334962569177, 0.0190903060138, 0.00105169799645, 5.00661153637e-05],
        "median": [0.0575673319399, 0.416589647532, 1.22824370861, 2.05578064919, 2.98795151711, 6.61136388779, 6.66734790802, 15.6724243164, 16.5580482483, 13.7622404099, 12.3077335358, 24.4894771576, 35.4478225708, 18.5416908264, 16.8974876404, 13.9944038391, 10.0690107346, 11.9676942825, 8.1062374115, 6.8271818161, 5.12117862701, 4.84866952896, 3.98397397995, 2.92560458183, 2.43200111389, 1.97373664379, 1.6099588871, 1.57010865211, 1.04280042648, 0.704088389874, 0.495633661747, 0.36584353447, 0.303460538387, 0.168715372682, 0.0959460884333, 0.0426184535027, 0.0109322331846, 0.00163399043959, 6.84711849317e-05, 3.01670770568e-05],
        "min": [6.22354203799e-23, 9.38660163759e-22, 2.88464597369e-21, 5.56778501484e-21, 5.48225987094e-21, 2.47071207242e-20, 4.48249464748e-20, 6.23194254582e-20, 1.00246593584e-19, 1.75391228258e-19, 3.31938480831e-19, 5.63386407958e-19, 6.03964321593e-19, 5.57094096737e-19, 9.84932330571e-19, 1.08716895915e-18, 1.84304753348e-18, 1.90834165552e-18, 2.47010523851e-18, 2.3840275832e-18, 3.75538964123e-18, 4.14854403689e-18, 5.58476201803e-18, 5.53390943551e-18, 5.38294607859e-18, 8.89184416909e-18, 7.32235581073e-18, 1.03637260423e-17, 1.0257178562e-17, 1.33402635119e-17, 1.16470496134e-17, 1.11052876712e-17, 9.50804905769e-18, 8.62570956035e-18, 6.49870767299e-18, 4.20306971491e-18, 2.50308472274e-18, 9.4839038624e-19, 2.44630756248e-19, 3.00279551677e-20],
        "var": [0.137552112341, 14.6640615463, 77.3348007202, 144.593307495, 354.335266113, 888.264038086, 430.915893555, 1341.8404541, 949.707458496, 1505.41040039, 1447.83178711, 1913.82629395, 6905.40332031, 1848.95581055, 2740.9855957, 1682.3067627, 560.905517578, 1116.42944336, 399.368804932, 305.337646484, 256.951904297, 230.952835083, 123.289718628, 123.197891235, 66.6571655273, 48.2387771606, 24.0685710907, 20.7093677521, 10.5393753052, 6.05146217346, 3.90895962715, 2.61211514473, 1.56442511082, 0.450122505426, 0.205216020346, 0.040938090533, 0.00301733170636, 0.00413576094434, 1.07375444713e-05, 3.66316577072e-09]
    },
    "gfcc": {
        "mean": [-27.8478775024, 105.382766724, -106.482040405, 14.9936275482, -60.0950241089, 14.2071399689, -31.9044723511, 10.7148113251, -22.6584815979, 4.77576446533, -15.9434118271, 3.35011172295, -7.51844358444],
        "cov": [[29755.109375, 1886.88256836, -468.211425781, 184.314682007, -1027.95861816, 756.851623535, -903.766967773, 255.732391357, -625.401794434, -26.6003246307, -463.266174316, 140.058486938, -300.499145508], [1886.88256836, 1339.96801758, 98.5672302246, 49.4440383911, 94.187461853, 96.1346817017, 40.5365943909, -40.102771759, 59.820224762, -35.4699287415, 59.4994697571, -69.2000427246, 62.9844970703], [-468.211425781, 98.5672302246, 755.425415039, 23.9769496918, 168.185806274, 94.5020370483, 74.3384399414, 14.9020366669, 51.1543159485, 10.8496046066, 22.0588283539, 14.3196840286, 11.4547424316], [184.314682007, 49.4440383911, 23.9769496918, 268.679168701, -20.4715270996, 29.6910266876, 20.0608177185, 4.14628744125, -2.35754609108, 0.375790625811, 3.43968439102, -11.2815675735, 6.90197896957], [-1027.95861816, 94.187461853, 168.185806274, -20.4715270996, 321.237518311, 17.2344703674, 73.5721359253, -3.45742034912, 72.5871429443, 7.98708248138, 48.890537262, -2.42032814026, 7.29333162308], [756.851623535, 96.1346817017, 94.5020370483, 29.6910266876, 17.2344703674, 169.718948364, 22.0284633636, 46.312374115, -3.71636271477, 14.7190647125, -10.967546463, 1.38042831421, 3.2426815033], [-903.766967773, 40.5365943909, 74.3384399414, 20.0608177185, 73.5721359253, 22.0284633636, 162.632904053, 18.0918331146, 64.825378418, 10.32924366, 32.6631736755, -2.87764453888, 19.8470802307], [255.732391357, -40.102771759, 14.9020366669, 4.14628744125, -3.45742034912, 46.312374115, 18.0918331146, 107.535682678, 27.262960434, 26.5317077637, 5.76185941696, 17.4066505432, 9.27007293701], [-625.401794434, 59.820224762, 51.1543159485, -2.35754609108, 72.5871429443, -3.71636271477, 64.825378418, 27.262960434, 101.384231567, 38.6277694702, 46.218711853, 9.26643562317, 21.5704574585], [-26.6003246307, -35.4699287415, 10.8496046066, 0.375790625811, 7.98708248138, 14.7190647125, 10.32924366, 26.5317077637, 38.6277694702, 72.987121582, 37.6201896667, 25.3662872314, 7.24712562561], [-463.266174316, 59.4994697571, 22.0588283539, 3.43968439102, 48.890537262, -10.967546463, 32.6631736755, 5.76185941696, 46.218711853, 37.6201896667, 80.6103210449, 26.340221405, 19.7231082916], [140.058486938, -69.2000427246, 14.3196840286, -11.2815675735, -2.42032814026, 1.38042831421, -2.87764453888, 17.4066505432, 9.26643562317, 25.3662872314, 26.340221405, 61.1014518738, 18.7270107269], [-300.499145508, 62.9844970703, 11.4547424316, 6.90197896957, 7.29333162308, 3.2426815033, 19.8470802307, 9.27007293701, 21.5704574585, 7.24712562561, 19.7231082916, 18.7270107269, 59.1673774719]],
        "icov": [[0.000103633043182, -0.000292463199003, 4.88113873871e-05, -6.86485145707e-05, 0.000149771556607, -0.000229804340051, 0.000289067975245, -0.000257197563769, 0.000269330455922, -0.000261051638518, 0.000667382613756, -0.00095648993738, 0.000787740573287], [-0.000292463199003, 0.00195781514049, -0.000158492737683, 0.00018880693824, -0.000334891519742, -0.000466850004159, -0.000228077697102, 0.00134622585028, -0.00167922989931, 0.00202521937899, -0.00357702793553, 0.00459987437353, -0.00352775910869], [4.88113873871e-05, -0.000158492737683, 0.00167190376669, -0.000165557503351, -0.000645613647066, -0.000980143202469, -0.000114490263513, 0.000193972940906, -0.000353276875103, 0.000132368411869, 0.000646577449515, -0.00122274807654, 0.000537625397556], [-6.86485145707e-05, 0.00018880693824, -0.000165557503351, 0.00401216791943, 0.000413387169829, -0.000492103630677, -0.00070369313471, 0.000193974992726, 0.0003444320173, 8.87105852598e-05, -0.00129393138923, 0.00189883285202, -0.00111005292274], [0.000149771556607, -0.000334891519742, -0.000645613647066, 0.000413387169829, 0.00480622192845, -0.00112864130642, 5.2311742138e-07, 0.000484575080918, -0.0024783811532, 0.0016017468879, -0.00141994736623, -0.000704241974745, 0.00199081399478], [-0.000229804340051, -0.000466850004159, -0.000980143202469, -0.000492103630677, -0.00112864130642, 0.00978034455329, -0.00256027979776, -0.00349914724939, 0.00371058960445, -0.00375621602871, 0.00218539871275, 0.00123915041331, -0.00142621272244], [0.000289067975245, -0.000228077697102, -0.000114490263513, -0.00070369313471, 5.2311742138e-07, -0.00256027979776, 0.0104112224653, -0.000605908455327, -0.00534570962191, 0.00259878160432, -0.000789276906289, -0.000409265776398, 0.000581201864406], [-0.000257197563769, 0.00134622585028, 0.000193972940906, 0.000193974992726, 0.000484575080918, -0.00349914724939, -0.000605908455327, 0.0137409763411, -0.00547459023073, -0.000605688721407, -3.46925444319e-05, 0.000147850078065, -0.00258228858002], [0.000269330455922, -0.00167922989931, -0.000353276875103, 0.0003444320173, -0.0024783811532, 0.00371058960445, -0.00534570962191, -0.00547459023073, 0.0244606081396, -0.0106290923432, -0.00146283826325, 0.000500400550663, -0.00134967942722], [-0.000261051638518, 0.00202521937899, 0.000132368411869, 8.87105852598e-05, 0.0016017468879, -0.00375621602871, 0.00259878160432, -0.000605688721407, -0.0106290923432, 0.0271461978555, -0.0117859402671, -0.00145669968333, 0.000653746246826], [0.000667382613756, -0.00357702793553, 0.000646577449515, -0.00129393138923, -0.00141994736623, 0.00218539871275, -0.000789276906289, -3.46925444319e-05, -0.00146283826325, -0.0117859402671, 0.0306032467633, -0.0154763739556, 0.00422240933403], [-0.00095648993738, 0.00459987437353, -0.00122274807654, 0.00189883285202, -0.000704241974745, 0.00123915041331, -0.000409265776398, 0.000147850078065, 0.000500400550663, -0.00145669968333, -0.0154763739556, 0.0363823212683, -0.0159665904939], [0.000787740573287, -0.00352775910869, 0.000537625397556, -0.00111005292274, 0.00199081399478, -0.00142621272244, 0.000581201864406, -0.00258228858002, -0.00134967942722, 0.000653746246826, 0.00422240933403, -0.0159665904939, 0.0287831500173]]
    },
    "melbands": {
        "dmean": [0.0011206214549, 0.00149603700265, 0.000808330369182, 0.000682292564306, 0.000338984275004, 0.000355704454705, 0.000259765685769, 0.000190097474842, 0.000136251692311, 0.000161069925525, 0.000190649210708, 9.21891114558e-05, 8.22091678856e-05, 5.2130460972e-05, 3.13292039209e-05, 2.73153546004e-05, 2.78558345599e-05, 1.59040482686e-05, 1.37859833558e-05, 1.06015477286e-05, 9.2788523034e-06, 7.95431333245e-06, 4.67773634227e-06, 5.51734183318e-06, 3.15569809572e-06, 2.57282044913e-06, 2.00849331122e-06, 1.8150718688e-06, 1.25885981106e-06, 1.07411335648e-06, 1.12646023354e-06, 8.68195741077e-07, 6.54195162042e-07, 5.58563215236e-07, 5.0594564982e-07, 5.41005931609e-07, 5.14439705057e-07, 5.31730961484e-07, 4.3464456212e-07, 2.993490682e-07],
        "dmean2": [0.00155559368432, 0.00240295217372, 0.00126074359287, 0.00111980503425, 0.000562343222555, 0.00057831191225, 0.000440076779341, 0.000317740952596, 0.00022902074852, 0.000245931121754, 0.000296816200716, 0.00014629366342, 0.000129415318952, 8.06196039775e-05, 5.01231006638e-05, 4.36247210018e-05, 4.44851029897e-05, 2.56473103946e-05, 2.25974035857e-05, 1.7551576093e-05, 1.5420406271e-05, 1.33162338898e-05, 7.74338695919e-06, 9.15802593227e-06, 5.31924206371e-06, 4.25771622758e-06, 3.15765259984e-06, 2.77345316135e-06, 1.97967960958e-06, 1.67170605891e-06, 1.70362159224e-06, 1.32722459512e-06, 9.90273747448e-07, 8.54974871345e-07, 7.92918797288e-07, 8.55425412283e-07, 8.22652395982e-07, 8.5803355887e-07, 7.12017879323e-07, 4.83857832023e-07],
        "dvar": [8.20607056085e-06, 1.29332647703e-05, 4.37262315245e-06, 2.42513669946e-06, 4.3712705633e-07, 2.79267993619e-07, 1.28131560473e-07, 1.13096312759e-07, 6.26107166113e-08, 5.80881867052e-08, 1.01070376957e-07, 2.30576731042e-08, 2.52213414598e-08, 1.21631584804e-08, 2.50363418886e-09, 1.8490111664e-09, 2.03158867507e-09, 6.17226603161e-10, 4.5736700538e-10, 3.08292169571e-10, 2.30372179666e-10, 1.75072456532e-10, 6.09373801419e-11, 1.11378635481e-10, 4.89264080639e-11, 2.1150733942e-11, 1.08834729423e-11, 8.60562749533e-12, 4.16816884827e-12, 3.00708611657e-12, 2.64552420769e-12, 1.8429617641e-12, 1.04719173871e-12, 8.21755966225e-13, 6.85862120136e-13, 8.40954476194e-13, 7.5186498737e-13, 8.0523928454e-13, 5.78006663799e-13, 2.59105210161e-13],
        "dvar2": [1.71854444488e-05, 3.41380509781e-05, 1.01406976682e-05, 6.31333887213e-06, 1.20904962841e-06, 7.21490607702e-07, 3.46675818719e-07, 3.08509669367e-07, 1.71529052295e-07, 1.2454368914e-07, 2.40446070165e-07, 5.43483764659e-08, 6.1011583341e-08, 2.42551188023e-08, 6.22718676624e-09, 4.6074211113e-09, 5.00027264039e-09, 1.50460588433e-09, 1.14766085524e-09, 7.83667852833e-10, 5.86868664776e-10, 4.62148957991e-10, 1.53882726006e-10, 2.90844431872e-10, 1.37045888526e-10, 5.6242621671e-11, 2.58943023274e-11, 2.05115369134e-11, 1.01889685925e-11, 6.60251063891e-12, 5.81490845059e-12, 4.32225869679e-12, 2.34328225227e-12, 1.91335315647e-12, 1.62509372278e-12, 1.96597425839e-12, 1.82105589289e-12, 2.01886510981e-12, 1.47613627051e-12, 6.6114057588e-13],
        "max": [0.0393303222954, 0.0377692952752, 0.0269350595772, 0.0238266661763, 0.0150627586991, 0.00970892980695, 0.00760103436187, 0.00581038743258, 0.00459942547604, 0.00498103490099, 0.00752975093201, 0.00224788743071, 0.00322832562961, 0.00296624028124, 0.000885481014848, 0.000619666883722, 0.000921216211282, 0.000385910447221, 0.000287903647404, 0.000258841144387, 0.000312252290314, 0.000203304574825, 0.000189789818251, 0.000276103906799, 0.000138638235512, 9.4595750852e-05, 5.55420592718e-05, 5.7644516346e-05, 4.33192253695e-05, 2.65028720605e-05, 2.82102537312e-05, 1.72751388163e-05, 1.60622330441e-05, 1.40607253343e-05, 1.12577490654e-05, 1.20071817946e-05, 8.82461608853e-06, 1.00024799394e-05, 6.28388625046e-06, 5.23157814314e-06],
        "mean": [0.00190345465671, 0.00218352954835, 0.0010656529339, 0.00088384601986, 0.000508976634592, 0.000604140746873, 0.000390206871089, 0.000265990529442, 0.000187015903066, 0.000294527184451, 0.000314709206577, 0.000130057407659, 0.00012556296133, 8.43578236527e-05, 4.56831876363e-05, 3.94988928747e-05, 4.12108565797e-05, 2.30306686717e-05, 1.95969187189e-05, 1.40287802424e-05, 1.24899670482e-05, 1.16269584396e-05, 6.67321864967e-06, 8.00450288807e-06, 5.03954106534e-06, 4.30263071394e-06, 3.41618692801e-06, 3.02889498016e-06, 2.26759584621e-06, 1.92179390979e-06, 1.89677120943e-06, 1.37076244755e-06, 1.05843048459e-06, 9.1665100399e-07, 7.73792010023e-07, 7.0849569056e-07, 6.2252479438e-07, 5.95061123931e-07, 4.58096849343e-07, 3.26820298824e-07],
        "median": [0.000531444384251, 0.000764810014516, 0.000419836112997, 0.000368458509911, 0.000259270163951, 0.000353567564161, 0.000255893653957, 0.000135020061862, 9.45503197727e-05, 0.000172679152456, 0.000177603928023, 6.78634896758e-05, 5.70565789531e-05, 4.10644352087e-05, 2.68423118541e-05, 2.16019761865e-05, 2.08346100408e-05, 1.17837362268e-05, 1.10819737529e-05, 6.91222021487e-06, 5.27445581611e-06, 4.99085354022e-06, 3.53368818651e-06, 3.34469700647e-06, 2.10175039683e-06, 1.76025901055e-06, 1.4636538026e-06, 1.19747710414e-06, 9.82259166449e-07, 8.59913313889e-07, 8.78628156897e-07, 6.17664511537e-07, 4.13935680399e-07, 3.8045291717e-07, 2.92456292073e-07, 2.330485529e-07, 2.13328902987e-07, 2.14850814473e-07, 1.74213454329e-07, 1.28803819166e-07],
        "min": [9.7181806231e-25, 1.89142812662e-24, 1.01840010155e-24, 9.21441602118e-25, 1.65594348287e-24, 1.5459804142e-24, 1.30450594959e-24, 1.99013750283e-24, 2.05766872948e-24, 3.15818885683e-24, 2.46312804919e-24, 1.80610670605e-24, 2.8510874758e-24, 2.76327187426e-24, 1.99762655383e-24, 3.98291335096e-24, 2.42087685633e-24, 2.74895720427e-24, 3.26355010541e-24, 2.96853821496e-24, 3.94574261954e-24, 3.79859087286e-24, 3.87625620113e-24, 3.72957224897e-24, 3.9394447485e-24, 3.18936897854e-24, 2.78608770379e-24, 4.37927454063e-24, 4.43588990451e-24, 5.06184787736e-24, 5.24109088009e-24, 4.02733410853e-24, 6.02572191314e-24, 6.18818663328e-24, 5.60895959716e-24, 6.61118371142e-24, 6.28834317482e-24, 5.91852163258e-24, 6.33184017627e-24, 6.55521442462e-24],
        "var": [1.56708392751e-05, 1.87690147868e-05, 4.78567471873e-06, 2.54156111623e-06, 7.09156267931e-07, 5.89481089719e-07, 2.00702430675e-07, 1.57743130558e-07, 8.36773565993e-08, 1.41274767884e-07, 1.7602857838e-07, 3.11942223163e-08, 4.77414801026e-08, 2.67818087707e-08, 3.77191256007e-09, 2.91019852661e-09, 3.80616693718e-09, 1.08376507768e-09, 6.92136736813e-10, 4.12584744147e-10, 3.66009667019e-10, 3.37158967412e-10, 8.80671646719e-11, 1.88839208159e-10, 8.41813077579e-11, 4.71460752383e-11, 2.72997718181e-11, 2.1729529634e-11, 1.15113951357e-11, 7.64799508446e-12, 6.43437169864e-12, 3.7854632623e-12, 2.39803663038e-12, 1.76463346973e-12, 1.31454265875e-12, 1.25842066802e-12, 9.6860681368e-13, 8.69421234225e-13, 5.54702171782e-13, 2.6712966149e-13]
    },
    "mfcc": {
        "mean": [-662.892150879, 140.394424438, 7.20018100739, 9.6831445694, -3.69545197487, 3.16461181641, 0.592062354088, 3.41633439064, 2.06630682945, 0.851077675819, -0.971231043339, -0.845765352249, -2.60264396667],
        "cov": [[11879.0683594, 1567.9083252, -153.138244629, -50.4319267273, -13.629652977, -36.2647285461, -33.7802314758, 18.92993927, -63.9995117188, -48.1790161133, -113.270980835, -42.189453125, -92.9865341187], [1567.9083252, 1598.19921875, 109.287879944, 64.6355743408, 123.455543518, 115.519104004, 56.7087249756, 42.15807724, 39.9448547363, 28.9505596161, 42.3294067383, 9.65913581848, 19.9260005951], [-153.138244629, 109.287879944, 410.653961182, 81.5268707275, 25.9009208679, 57.792881012, 41.0231933594, 30.542432785, 31.6882228851, 18.4156093597, 14.3363876343, 2.70992803574, -5.15922832489], [-50.4319267273, 64.6355743408, 81.5268707275, 209.028884888, 29.8550930023, 36.9009857178, 13.6181268692, 13.1044540405, 2.58477187157, 10.5438604355, 3.32352590561, 6.96992301941, 11.0530433655], [-13.629652977, 123.455543518, 25.9009208679, 29.8550930023, 192.364303589, 42.7974739075, 33.764919281, 15.6611356735, 14.6998710632, 9.17430973053, 23.0659484863, 15.8556909561, 8.00769996643], [-36.2647285461, 115.519104004, 57.792881012, 36.9009857178, 42.7974739075, 121.326477051, 46.5020256042, 20.3843898773, 17.4906158447, 19.3693752289, 8.44503688812, 6.87500905991, 12.6528205872], [-33.7802314758, 56.7087249756, 41.0231933594, 13.6181268692, 33.764919281, 46.5020256042, 82.7255325317, 40.6081504822, 25.0279579163, 19.3055343628, 16.6182804108, 8.68377113342, 3.00916218758], [18.92993927, 42.15807724, 30.542432785, 13.1044540405, 15.6611356735, 20.3843898773, 40.6081504822, 70.0866851807, 37.955165863, 20.3708953857, 11.3978910446, 6.96554756165, 4.11764240265], [-63.9995117188, 39.9448547363, 31.6882228851, 2.58477187157, 14.6998710632, 17.4906158447, 25.0279579163, 37.955165863, 73.3328094482, 32.7516593933, 16.5734157562, 8.1650390625, 3.15348172188], [-48.1790161133, 28.9505596161, 18.4156093597, 10.5438604355, 9.17430973053, 19.3693752289, 19.3055343628, 20.3708953857, 32.7516593933, 60.5605545044, 30.3872718811, 12.9544420242, 7.48837137222], [-113.270980835, 42.3294067383, 14.3363876343, 3.32352590561, 23.0659484863, 8.44503688812, 16.6182804108, 11.3978910446, 16.5734157562, 30.3872718811, 63.6938018799, 32.5335350037, 10.6878576279], [-42.189453125, 9.65913581848, 2.70992803574, 6.96992301941, 15.8556909561, 6.87500905991, 8.68377113342, 6.96554756165, 8.1650390625, 12.9544420242, 32.5335350037, 54.8056907654, 30.0471630096], [-92.9865341187, 19.9260005951, -5.15922832489, 11.0530433655, 8.00769996643, 12.6528205872, 3.00916218758, 4.11764240265, 3.15348172188, 7.48837137222, 10.6878576279, 30.0471630096, 64.585144043]],
