{
"lowlevel": {
    "average_loudness": 0.932231485844,
    "barkbands_crest": {
        "dmean": 3.5762629509,
        "dmean2": 5.97200345993,
        "dvar": 8.96490001678,
        "dvar2": 24.9220314026,
        "max": 26.5600090027,
        "mean": 12.7476291656,
        "median": 12.1287660599,
        "min": 2.38128829002,
        "var": 23.2934646606
    },
    "barkbands_flatness_db": {
        "dmean": 0.0377573184669,
        "dmean2": 0.0606899112463,
        "dvar": 0.00146501488052,
        "dvar2": 0.00397612620145,
        "max": 0.476829111576,
        "mean": 0.169596806169,
        "median": 0.164949029684,
        "min": 0.0192244444042,
        "var": 0.00387214706279
    },
    "barkbands_kurtosis": {
        "dmean": 13.1966505051,
        "dmean2": 22.0108413696,
        "dvar": 855.25402832,
        "dvar2": 2336.32641602,
        "max": 930.537841797,
        "mean": 17.1951274872,
        "median": 7.87899827957,
        "min": -1.93766903877,
        "var": 1191.56604004
    },
    "barkbands_skewness": {
        "dmean": 1.10846626759,
        "dmean2": 1.79797172546,
        "dvar": 1.7430690527,
        "dvar2": 4.68621253967,
        "max": 27.4113540649,
        "mean": 3.16958189011,
        "median": 2.83138132095,
        "min": -2.93891716003,
        "var": 4.42771053314
    },
    "barkbands_spread": {
        "dmean": 7.31233930588,
        "dmean2": 11.8494825363,
        "dvar": 70.7510757446,
        "dvar2": 175.554153442,
        "max": 110.920776367,
        "mean": 18.1448478699,
        "median": 14.7323169708,
        "min": 0.212902411819,
        "var": 187.274169922
    },
    "dissonance": {
        "dmean": 0.0118109472096,
        "dmean2": 0.0200993400067,
        "dvar": 0.000142074684845,
        "dvar2": 0.000386364408769,
        "max": 0.500000059605,
        "mean": 0.478581279516,
        "median": 0.484568417072,
        "min": 0.337271362543,
        "var": 0.000349660956999
    },
    "dynamic_complexity": 2.15982484818,
    "erbbands_crest": {
        "dmean": 2.08648657799,
        "dmean2": 3.58241224289,
        "dvar": 4.93971204758,
        "dvar2": 13.6227893829,
        "max": 25.2404632568,
        "mean": 6.13679409027,
        "median": 5.22382068634,
        "min": 2.04377770424,
        "var": 10.1066513062
    },
    "erbbands_flatness_db": {
        "dmean": 0.0147311007604,
        "dmean2": 0.0225246213377,
        "dvar": 0.000221956797759,
        "dvar2": 0.000512381549925,
        "max": 0.355309337378,
        "mean": 0.131010442972,
        "median": 0.113814838231,
        "min": 0.0325817577541,
        "var": 0.00263536558487
    },
    "erbbands_kurtosis": {
        "dmean": 0.745283782482,
        "dmean2": 1.22202455997,
        "dvar": 4.748046875,
        "dvar2": 13.0653800964,
        "max": 75.4940338135,
        "mean": -0.283005028963,
        "median": -0.777737498283,
        "min": -1.87673461437,
        "var": 7.94525575638
    },
    "erbbands_skewness": {
        "dmean": 0.370931595564,
        "dmean2": 0.583823978901,
        "dvar": 0.14440728724,
        "dvar2": 0.384138315916,
        "max": 8.03649044037,
        "mean": -0.0422469377518,
        "median": -0.0881062597036,
        "min": -5.01145744324,
        "var": 0.565275251865
    },
    "erbbands_spread": {
        "dmean": 11.7393131256,
        "dmean2": 18.681804657,
        "dvar": 121.820480347,
        "dvar2": 313.996643066,
        "max": 151.342895508,
        "mean": 57.9049911499,
        "median": 56.5812149048,
        "min": 3.94976949692,
        "var": 488.447601318
    },
    "hfc": {
        "dmean": 9.28334617615,
        "dmean2": 14.5956926346,
        "dvar": 154.515884399,
        "dvar2": 378.519683838,
        "max": 210.041412354,
        "mean": 24.7527923584,
        "median": 19.9164199829,
        "min": 1.09568343939e-16,
        "var": 382.961761475
    },
    "melbands_crest": {
        "dmean": 3.99036741257,
        "dmean2": 6.61779403687,
        "dvar": 11.8003692627,
        "dvar2": 29.8628807068,
        "max": 36.0606803894,
        "mean": 18.3739719391,
        "median": 18.723739624,
        "min": 1.53716731071,
        "var": 33.5419692993
    },
    "melbands_flatness_db": {
        "dmean": 0.0435447469354,
        "dmean2": 0.0697867050767,
        "dvar": 0.00187473453116,
        "dvar2": 0.00504338834435,
        "max": 0.58992087841,
        "mean": 0.251412570477,
        "median": 0.248806774616,
        "min": 0.00246570189483,
        "var": 0.00555034633726
    },
    "melbands_kurtosis": {
        "dmean": 32.8387832642,
        "dmean2": 55.5297584534,
        "dvar": 2840.05395508,
        "dvar2": 7942.87353516,
        "max": 954.870849609,
        "mean": 54.0775260925,
        "median": 33.0877685547,
        "min": -1.84886682034,
        "var": 4405.20996094
    },
    "melbands_skewness": {
        "dmean": 1.57497680187,
        "dmean2": 2.59776735306,
        "dvar": 2.88041043282,
        "dvar2": 7.97215747833,
        "max": 22.5718250275,
        "mean": 5.50425100327,
        "median": 5.16301441193,
        "min": -1.45654213428,
        "var": 8.85774040222
    },
    "melbands_spread": {
        "dmean": 5.98893356323,
        "dmean2": 9.7825460434,
        "dvar": 67.6584243774,
        "dvar2": 160.079071045,
        "max": 163.020812988,
        "mean": 13.5919427872,
        "median": 9.522108078,
        "min": 0.205042138696,
        "var": 191.988052368
    },
    "pitch_salience": {
        "dmean": 0.105028189719,
        "dmean2": 0.173750266433,
        "dvar": 0.00789040420204,
        "dvar2": 0.0218099895865,
        "max": 0.85314232111,
        "mean": 0.499130517244,
        "median": 0.514564871788,
        "min": 0.0383164547384,
        "var": 0.0181457605213
    },
    "silence_rate_20dB": {
        "dmean": 0,
        "dmean2": 0,
        "dvar": 0,
        "dvar2": 0,
        "max": 1,
        "mean": 1,
        "median": 1,
        "min": 1,
        "var": 0
    },
    "silence_rate_30dB": {
        "dmean": 0.151294589043,
        "dmean2": 0.3026252985,
        "dvar": 0.128406018019,
        "dvar2": 0.295750200748,
        "max": 1,
        "mean": 0.811142921448,
        "median": 1,
        "min": 0,
        "var": 0.153177499771
    },
    "silence_rate_60dB": {
        "dmean": 0.00310225505382,
        "dmean2": 0.00620525050908,
        "dvar": 0.00309254461899,
        "dvar2": 0.00735971517861,
        "max": 1,
        "mean": 0.0305416360497,
        "median": 0,
        "min": 0,
        "var": 0.0296105612069
    },
    "spectral_centroid": {
        "dmean": 376.230285645,
        "dmean2": 597.803161621,
        "dvar": 162817.703125,
        "dvar2": 416107,
        "max": 11337.7382812,
        "mean": 1346.14465332,
        "median": 1255.72827148,
        "min": 134.552734375,
        "var": 459491.125
    },
    "spectral_complexity": {
        "dmean": 7.02111911774,
        "dmean2": 10.766825676,
        "dvar": 51.7810821533,
        "dvar2": 124.713287354,
        "max": 66,
        "mean": 24.4250774384,
        "median": 24,
        "min": 0,
        "var": 139.829833984
    },
    "spectral_decrease": {
        "dmean": 6.82495215898e-09,
        "dmean2": 1.18238956404e-08,
        "dvar": 5.77339840605e-17,
        "dvar2": 1.79958489156e-16,
        "max": 9.74985278756e-28,
        "mean": -1.74934324804e-08,
        "median": -1.63383298002e-08,
        "min": -7.62116485475e-08,
        "var": 1.29924980881e-16
    },
    "spectral_energy": {
        "dmean": 0.0260328296572,
        "dmean2": 0.0451233834028,
        "dvar": 0.000832928635646,
        "dvar2": 0.00260434369557,
        "max": 0.289066374302,
        "mean": 0.0682695135474,
        "median": 0.064484834671,
        "min": 1.02064030559e-20,
        "var": 0.00188634567894
    },
    "spectral_energyband_high": {
        "dmean": 0.000726015656255,
        "dmean2": 0.00112069270108,
        "dvar": 1.36084236146e-06,
        "dvar2": 3.21417519444e-06,
        "max": 0.0207120794803,
        "mean": 0.00131230510306,
        "median": 0.00061398698017,
        "min": 7.31109885195e-21,
        "var": 3.15283000418e-06
    },
    "spectral_energyband_low": {
        "dmean": 0.0240360721946,
        "dmean2": 0.0412918888032,
        "dvar": 0.000801858666819,
        "dvar2": 0.00247303582728,
        "max": 0.288468807936,
        "mean": 0.0512519441545,
        "median": 0.0447532460093,
        "min": 2.06064731049e-23,
        "var": 0.00190483464394
    },
    "spectral_energyband_middle_high": {
        "dmean": 0.00194410758559,
        "dmean2": 0.00311654270627,
        "dvar": 7.60726607041e-06,
        "dvar2": 1.81412997335e-05,
        "max": 0.0723195895553,
        "mean": 0.00447404757142,
        "median": 0.00317869056016,
        "min": 1.35434497778e-21,
        "var": 2.29593406402e-05
    },
    "spectral_energyband_middle_low": {
        "dmean": 0.00749132875353,
        "dmean2": 0.01223144494,
        "dvar": 0.000145357858855,
        "dvar2": 0.000364633597201,
        "max": 0.135277613997,
        "mean": 0.0128356320783,
        "median": 0.00896447151899,
        "min": 1.60482025539e-22,
        "var": 0.000177053399966
    },
    "spectral_entropy": {
        "dmean": 0.178988277912,
        "dmean2": 0.281131774187,
        "dvar": 0.0351304747164,
        "dvar2": 0.0926519483328,
        "max": 9.81535720825,
        "mean": 7.74645423889,
        "median": 7.82068681717,
        "min": 5.08695316315,
        "var": 0.183974310756
    },
    "spectral_flux": {
        "dmean": 0.0354363061488,
        "dmean2": 0.0581265315413,
        "dvar": 0.00136475882027,
        "dvar2": 0.00360317761078,
        "max": 0.386119872332,
        "mean": 0.133630082011,
        "median": 0.123977288604,
        "min": 6.67770630458e-11,
        "var": 0.00428175833076
    },
    "spectral_kurtosis": {
        "dmean": 1.46699488163,
        "dmean2": 2.50900650024,
        "dvar": 4.2348484993,
        "dvar2": 12.3016662598,
        "max": 50.412979126,
        "mean": 3.47074365616,
        "median": 2.6619746685,
        "min": -1.22018098831,
        "var": 8.7299041748
    },
    "spectral_rms": {
        "dmean": 0.00147843558807,
        "dmean2": 0.00253862817772,
        "dvar": 2.14313649849e-06,
        "dvar2": 6.63239006826e-06,
        "max": 0.0167933311313,
        "mean": 0.00763116544113,
        "median": 0.0079317111522,
        "min": 3.15554526953e-12,
        "var": 8.36960043671e-06
    },
    "spectral_rolloff": {
        "dmean": 396.579345703,
        "dmean2": 689.244934082,
        "dvar": 613407.125,
        "dvar2": 1500174.375,
        "max": 20370.4101562,
        "mean": 724.835754395,
        "median": 258.3984375,
        "min": 21.533203125,
        "var": 1453162.125
    },
    "spectral_skewness": {
        "dmean": 0.203116059303,
        "dmean2": 0.329117417336,
        "dvar": 0.0421969480813,
        "dvar2": 0.111194558442,
        "max": 4.6104092598,
        "mean": 1.24841213226,
        "median": 1.19636368752,
        "min": -0.147814378142,
        "var": 0.144665032625
    },
    "spectral_spread": {
        "dmean": 481977.0625,
        "dmean2": 693299.9375,
        "dvar": 429910589440,
        "dvar2": 816652877824,
        "max": 41347356,
        "mean": 4640527,
        "median": 4622515.5,
        "min": 1005987.6875,
        "var": 3.61240828314e+12
    },
    "spectral_strongpeak": {
        "dmean": 0.33282583952,
        "dmean2": 0.566242933273,
        "dvar": 0.24342097342,
        "dvar2": 0.657039284706,
        "max": 11.3227396011,
        "mean": 0.540583848953,
        "median": 0.406549632549,
        "min": 0,
        "var": 0.310895860195
    },
    "zerocrossingrate": {
        "dmean": 0.0100304186344,
        "dmean2": 0.0125240059569,
        "dvar": 0.000130829837872,
        "dvar2": 0.000173633277882,
        "max": 0.64794921875,
        "mean": 0.0417305119336,
        "median": 0.0341796875,
        "min": 0.00244140625,
        "var": 0.00113491818774
    },
    "barkbands": {
        "dmean": [0.00425127148628, 0.0195253845304, 0.0076484256424, 0.00381336873397, 0.00376522773877, 0.000933629344217, 0.000552777550183, 0.000641372287646, 0.000366451014997, 0.000340135215083, 0.000411385612097, 0.000358954857802, 0.000245276314672, 0.000215342122829, 0.000212837825529, 0.00023126785527, 0.000271461351076, 0.000289408111712, 0.00032546147122, 0.000221128764679, 0.000193682586541, 0.000160392271937, 0.000135373920784, 0.000113434500236, 6.43854582449e-05, 3.34261349053e-05, 2.6991726827e-06],
        "dmean2": [0.00654768431559, 0.0330429524183, 0.0127196768299, 0.00650291563943, 0.00620662653819, 0.00155989814084, 0.000936556549277, 0.00104420236312, 0.000607203051914, 0.000564438232686, 0.000693071633577, 0.000603981607128, 0.000406698585721, 0.000355755124474, 0.000355229101842, 0.000383085280191, 0.000449188461062, 0.000469586695544, 0.000538957945537, 0.000359089288395, 0.000312565593049, 0.000258297339315, 0.000213183520827, 0.000180623392225, 9.55233626883e-05, 5.06965188833e-05, 4.58559088656e-06],
        "dvar": [4.96957218274e-05, 0.00066897488432, 9.2045564088e-05, 6.30994982203e-05, 6.35641554254e-05, 2.56003045251e-06, 1.03686420516e-06, 1.39989492709e-06, 4.48276978204e-07, 3.71395458387e-07, 1.00373688383e-06, 3.24527974271e-07, 1.48414571299e-07, 1.32159669874e-07, 1.51300042717e-07, 2.49625855986e-07, 4.64120461174e-07, 5.27367546965e-07, 3.61215825251e-07, 1.36841578069e-07, 1.08383993336e-07, 6.06760366395e-08, 5.54793047058e-08, 4.90945097908e-08, 1.6842090389e-08, 5.84423487382e-09, 5.02406900804e-11],
        "dvar2": [0.0001106721611, 0.00195244629867, 0.000248183350777, 0.000168462473084, 0.00016852086992, 6.98269059285e-06, 2.80073822978e-06, 3.43676833836e-06, 1.14122133255e-06, 9.63815978139e-07, 2.68865278485e-06, 8.80319191765e-07, 3.56394878054e-07, 3.52712191898e-07, 3.6322262531e-07, 5.68912980725e-07, 1.12956638532e-06, 1.25647181903e-06, 9.1143328973e-07, 3.32096902866e-07, 2.76367643437e-07, 1.50720481429e-07, 1.31514894974e-07, 1.1952069201e-07, 3.46705952836e-08, 1.18578151742e-08, 1.25506979809e-10],
        "max": [0.0598081238568, 0.272177755833, 0.125213041902, 0.115093663335, 0.11706225574, 0.0259393621236, 0.020772125572, 0.0256130378693, 0.0159503184259, 0.0138843962923, 0.019105695188, 0.00944994669408, 0.0123086683452, 0.00933325849473, 0.0161525458097, 0.0294556375593, 0.0290583893657, 0.0325501449406, 0.0267037078738, 0.0150537639856, 0.00663173571229, 0.00594788510352, 0.00954942125827, 0.00380796054378, 0.00240809540264, 0.00121174368542, 0.000164502562257],
        "mean": [0.00618569320068, 0.0320858508348, 0.0114992363378, 0.00388571876101, 0.0050969584845, 0.00137295038439, 0.000790939608123, 0.000934637384489, 0.000528663920704, 0.000468992715469, 0.000567618117202, 0.000526120187715, 0.000361904210877, 0.000307321781293, 0.000314316159347, 0.000373635382857, 0.000486532953801, 0.000501600909047, 0.000499801361002, 0.000340709550073, 0.000302021944663, 0.000251407007454, 0.000221494963625, 0.000191772691323, 0.000114396701974, 5.59930704185e-05, 3.23370932165e-06],
        "median": [0.00100191612728, 0.0216032657772, 0.00871393270791, 0.00184216408525, 0.00265542045236, 0.00070746068377, 0.000344073370798, 0.000317765923683, 0.000267943367362, 0.000251848163316, 0.000219864945393, 0.000289618299576, 0.000200119393412, 0.000186602002941, 0.000189659476746, 0.000237724496401, 0.000269414158538, 0.000280446896795, 0.000294230354484, 0.000206631520996, 0.000163065589732, 0.000118009185826, 8.02143840701e-05, 4.77496359963e-05, 2.58582986135e-05, 8.49175376061e-06, 9.90158923742e-08],
        "min": [3.30489331938e-25, 1.16135526598e-23, 2.05488858644e-24, 1.5870559085e-24, 1.20969768777e-23, 1.35573508954e-23, 2.64878729154e-23, 1.63345988211e-23, 2.23823283757e-23, 3.984875958e-23, 3.36424879161e-23, 1.69133545128e-23, 5.00012795234e-23, 6.70587999443e-23, 7.34027625461e-23, 8.17619302837e-23, 7.57160939952e-23, 1.50027927227e-22, 2.319373745e-22, 2.8620951541e-22, 2.96233728704e-22, 2.80581592385e-22, 6.62138390381e-22, 5.67150500201e-22, 1.02195569644e-21, 1.54927828823e-21, 2.08553800513e-21],
        "var": [8.26484174468e-05, 0.00123702641577, 0.000127114893985, 4.97539404023e-05, 6.75293704262e-05, 3.71882333638e-06, 1.68264659806e-06, 2.76750301964e-06, 8.52716482314e-07, 5.0534958973e-07, 1.42007934301e-06, 5.47795934835e-07, 2.97214711509e-07, 1.74568413058e-07, 2.27803553798e-07, 5.44411136616e-07, 1.26650240873e-06, 1.25895837755e-06, 7.43642033285e-07, 2.37746277776e-07, 1.59759991902e-07, 1.17716389525e-07, 1.25320241295e-07, 1.17301198088e-07, 4.68328629211e-08, 1.53141055392e-08, 9.07965022612e-11]
    },
    "erbbands": {
        "dmean": [0.753773331642, 4.12417507172, 7.6605386734, 11.6064929962, 13.0062179565, 11.4676055908, 10.1157560349, 7.4428768158, 9.77049827576, 11.6702251434, 9.63970088959, 7.83949279785, 11.8136463165, 7.75265693665, 19.9849491119, 12.9337682724, 11.0245838165, 10.7554416656, 10.0733089447, 11.1657066345, 12.8541555405, 14.6942129135, 15.3962182999, 16.1082668304, 15.228222847, 10.9005489349, 8.49865055084, 7.01928806305, 5.97976970673, 4.8023519516, 3.84341716766, 2.88877439499, 1.69017148018, 0.829644918442, 0.416182458401, 0.175635263324, 0.0602439567447, 0.00842031743377, 0.000417410861701, 3.19294194924e-05],
        "dmean2": [1.27187228203, 6.89251899719, 12.9397525787, 19.485496521, 21.4472465515, 19.1841869354, 16.8494129181, 12.4455451965, 16.3314113617, 19.0639877319, 15.7675209045, 13.0957717896, 19.7018489838, 12.9544763565, 33.7953033447, 21.7153511047, 18.244720459, 17.7059803009, 16.4339447021, 18.6649932861, 21.1311168671, 23.933921814, 25.0174427032, 26.1989212036, 25.3838882446, 17.758014679, 13.6957044601, 11.321100235, 9.75956344604, 7.62512969971, 6.09139537811, 4.62079954147, 2.73296165466, 1.24859046936, 0.624590337276, 0.264306664467, 0.0932826474309, 0.013280859217, 0.00070375832729, 5.47569761693e-05],
        "dvar": [1.22992753983, 33.6113243103, 89.3901596069, 419.843048096, 899.259277344, 548.602478027, 406.492156982, 153.799560547, 362.492370605, 470.676635742, 274.402069092, 183.552490234, 510.50881958, 164.870574951, 2727.62817383, 385.417327881, 295.982574463, 329.812347412, 278.304351807, 392.73651123, 892.730651855, 1333.83728027, 1896.36218262, 889.215637207, 737.560791016, 332.954406738, 222.580337524, 140.710266113, 91.257774353, 55.2377510071, 45.9280471802, 37.3229942322, 9.94145488739, 2.87991833687, 0.753972113132, 0.166999399662, 0.0196827892214, 0.000305320776533, 1.28973726987e-06, 1.27319843557e-09],
        "dvar2": [3.49955511093, 90.3506698608, 246.674606323, 1106.14306641, 2323.0625, 1531.24853516, 1152.22802734, 404.994995117, 976.692687988, 1141.80505371, 687.30871582, 473.405151367, 1310.47753906, 414.883117676, 7448.68505859, 1039.48217773, 724.323608398, 856.671569824, 687.311828613, 968.229980469, 1916.76696777, 3246.76074219, 4324.13232422, 2193.93774414, 1961.09375, 820.586364746, 557.655456543, 358.950805664, 231.61026001, 131.64541626, 110.265083313, 91.9409332275, 25.0876731873, 6.04818630219, 1.63003742695, 0.348164975643, 0.0404473468661, 0.000701814133208, 3.23666426993e-06, 3.80249476351e-09],
        "max": [13.5404481888, 64.3057632446, 112.626213074, 285.514221191, 419.294006348, 425.731719971, 345.800750732, 233.550460815, 396.475219727, 573.442749023, 298.796905518, 443.088928223, 564.079345703, 298.216796875, 1075.36254883, 458.494567871, 488.103302002, 359.696075439, 409.207427979, 842.980163574, 1883.87402344, 1842.40222168, 2246.39501953, 1050.16467285, 940.005859375, 586.08996582, 470.149810791, 206.806762695, 208.829269409, 251.044662476, 262.636627197, 126.886169434, 56.0246429443, 38.6252784729, 15.694067955, 6.74928760529, 2.75327539444, 0.260907649994, 0.0295302327722, 0.000515169580467],
        "mean": [1.1312032938, 6.38524436951, 13.6700963974, 14.0108661652, 15.1471624374, 15.3003969193, 13.9555387497, 10.9742908478, 14.5752592087, 16.7144870758, 14.9661722183, 11.6365995407, 16.4790363312, 12.3489427567, 28.4325027466, 20.1964969635, 17.097650528, 16.1977825165, 15.4855699539, 18.0051021576, 22.1915493011, 27.3645076752, 27.9111366272, 26.5038757324, 23.0008831024, 16.5418758392, 13.3116569519, 10.84237957, 9.26748657227, 7.60947704315, 6.13131189346, 4.49002695084, 2.95069432259, 1.49501490593, 0.709876894951, 0.288470774889, 0.0982349142432, 0.0139461345971, 0.000564629386645, 9.14849006222e-05],
        "median": [0.639965832233, 3.82241725922, 11.3070955276, 8.23017120361, 6.61758518219, 7.8319644928, 6.55121517181, 5.63444709778, 5.31554603577, 6.41010427475, 6.35463809967, 6.26876735687, 8.67023944855, 6.90167617798, 10.9860305786, 12.2537441254, 9.83926773071, 9.95411014557, 9.3812122345, 11.6174049377, 14.1322307587, 15.2324714661, 15.2915945053, 16.001247406, 13.9333848953, 9.97952461243, 7.56000041962, 5.73761558533, 4.47168540955, 3.13122653961, 2.11076641083, 1.138692379, 0.73197633028, 0.357155382633, 0.149546965957, 0.0498112887144, 0.0128398761153, 0.00147499889135, 7.86521850387e-05, 8.81394662429e-05],
        "min": [3.6974844639e-22, 1.67781389574e-21, 2.79273158658e-21, 9.4585275768e-21, 2.06507627096e-20, 6.25028656838e-20, 7.45679605397e-20, 1.27760061862e-19, 2.98515472699e-19, 2.80232118674e-19, 2.22884565685e-19, 5.14425277308e-19, 1.2066481676e-18, 1.63793600308e-18, 1.7565885479e-18, 7.87377870549e-19, 2.3669653287e-18, 3.49561894653e-18, 3.30399490622e-18, 6.15631569716e-18, 6.27917145687e-18, 4.61818658301e-18, 6.41094215563e-18, 1.02232674656e-17, 1.15661687203e-17, 1.19247937021e-17, 1.1716716419e-17, 1.12679262689e-17, 1.07316758311e-17, 1.47767858955e-17, 1.82993576951e-17, 1.36867157038e-17, 9.79655145737e-18, 9.7520028183e-18, 7.01167504446e-18, 5.47231963505e-18, 2.84445285576e-18, 1.02955376153e-18, 3.00931357075e-19, 3.03617128514e-20],
        "var": [1.91739654541, 55.0242614746, 147.884963989, 380.27645874, 849.519226074, 584.673522949, 542.869750977, 246.082122803, 659.996948242, 926.730407715, 568.114135742, 361.777648926, 731.818359375, 291.034332275, 3897.35717773, 666.275512695, 590.36328125, 485.063354492, 432.221038818, 670.695495605, 2216.6574707, 3931.1159668, 4784.83203125, 1873.45227051, 1267.66589355, 536.957092285, 346.939483643, 208.596801758, 160.56072998, 123.166969299, 99.7631072998, 72.1301422119, 26.7332077026, 7.88114309311, 1.88696634769, 0.396241217852, 0.0505496002734, 0.000879354192875, 2.38350207837e-06, 3.60539886834e-09]
    },
    "gfcc": {
        "mean": [11.4110517502, 101.572792053, -106.951141357, 58.255065918, -41.2943534851, 18.0970172882, -25.999162674, 9.60278701782, -21.2220020294, -0.892689287663, -11.6067762375, -0.26776599884, -10.6408910751],
        "cov": [[14622.8457031, -1740.86352539, -40.6211204529, 326.923370361, -499.57409668, 865.035461426, -479.248748779, 558.088684082, -295.863739014, 373.383880615, -150.740509033, 388.193664551, -135.603424072], [-1740.86352539, 2157.31787109, -913.807312012, -270.098602295, 152.29258728, -665.610229492, 264.354797363, -325.346466064, 215.416671753, -307.763244629, 235.076690674, -204.45161438, 153.573257446], [-40.6211204529, -913.807312012, 986.577331543, 178.674331665, 46.4690818787, 354.654083252, -119.299797058, 176.434173584, -83.6383895874, 181.973831177, -134.566940308, 87.3507766724, -70.9868469238], [326.923370361, -270.098602295, 178.674331665, 329.775146484, 113.310920715, 173.372940063, 28.8151359558, 26.4197540283, 19.2576313019, 46.4377212524, -13.4368505478, -10.0731344223, 2.98271393776], [-499.57409668, 152.29258728, 46.4690818787, 113.310920715, 301.285552979, 101.821624756, 99.4787902832, -27.5403957367, 76.3154602051, 20.3038005829, 30.3566894531, -29.5301036835, 47.6701545715], [865.035461426, -665.610229492, 354.654083252, 173.372940063, 101.821624756, 412.537536621, 6.57739686966, 134.401489258, -14.3111505508, 143.467010498, -65.314781189, 62.3855056763, -28.9699802399], [-479.248748779, 264.354797363, -119.299797058, 28.8151359558, 99.4787902832, 6.57739686966, 178.329421997, -31.5886230469, 85.3026199341, -18.4333839417, 40.3151130676, -37.9781913757, 24.3583660126], [558.088684082, -325.346466064, 176.434173584, 26.4197540283, -27.5403957367, 134.401489258, -31.5886230469, 169.141342163, -9.54267597198, 62.4057884216, -21.1985187531, 53.1409263611, -27.0802898407], [-295.863739014, 215.416671753, -83.6383895874, 19.2576313019, 76.3154602051, -14.3111505508, 85.3026199341, -9.54267597198, 123.084335327, 11.3458843231, 44.3103790283, -19.5355815887, 30.5148715973], [373.383880615, -307.763244629, 181.973831177, 46.4377212524, 20.3038005829, 143.467010498, -18.4333839417, 62.4057884216, 11.3458843231, 131.283157349, -18.2790813446, 45.5934410095, -7.37680578232], [-150.740509033, 235.076690674, -134.566940308, -13.4368505478, 30.3566894531, -65.314781189, 40.3151130676, -21.1985187531, 44.3103790283, -18.2790813446, 90.343170166, 0.943446695805, 31.8814849854], [388.193664551, -204.45161438, 87.3507766724, -10.0731344223, -29.5301036835, 62.3855056763, -37.9781913757, 53.1409263611, -19.5355815887, 45.5934410095, 0.943446695805, 87.1465454102, -0.516828775406], [-135.603424072, 153.573257446, -70.9868469238, 2.98271393776, 47.6701545715, -28.9699802399, 24.3583660126, -27.0802898407, 30.5148715973, -7.37680578232, 31.8814849854, -0.516828775406, 64.5408859253]],
        "icov": [[0.000152237189468, -0.000271966826404, 0.00031697601662, -0.000317809201078, 0.000335488759447, -0.00063354964368, 0.000513695005793, -0.000302835687762, 0.000275846919976, -0.000366430613212, 0.000247483782005, -0.000442963675596, 0.0001791081595], [-0.000271966826404, 0.00321341073141, -0.000373973452952, 0.00171393773053, -0.00189104734454, 0.00366177270189, -0.00234505417757, 0.00107680074871, -0.00194542086683, 0.00246135541238, -0.00243952660821, 0.0026738664601, -0.00190335698426], [0.00031697601662, -0.000373973452952, 0.00283442041837, -0.00116965477355, -0.000247813382884, -0.00124053249601, 0.00166660023388, -0.00148720340803, 0.0011285218643, -0.00217015994713, 0.0022430322133, -0.0014571348438, 0.00119933846872], [-0.000317809201078, 0.00171393773053, -0.00116965477355, 0.00571608217433, -0.00170333636925, 0.000111740031571, -0.00129384268075, 0.00143284315709, -0.00171850831248, 0.00225129094906, -0.00250313221477, 0.00362979667261, -0.00156351272017], [0.000335488759447, -0.00189104734454, -0.000247813382884, -0.00170333636925, 0.00783334672451, -0.00517324404791, 0.000573292665649, 0.00090341665782, -0.000680840923451, -0.000611326890066, -0.000491421553306, 0.000335316668497, -0.00243693310767], [-0.00063354964368, 0.00366177270189, -0.00124053249601, 0.000111740031571, -0.00517324404791, 0.013229938224, -0.00610841438174, -0.001638506772, 0.000187736470252, -0.00185915885959, 0.00105206773151, 0.000780814152677, -0.000851209857501], [0.000513695005793, -0.00234505417757, 0.00166660023388, -0.00129384268075, 0.000573292665649, -0.00610841438174, 0.0134056657553, -0.000229079523706, -0.00433055590838, 0.000335972523317, -2.28904391406e-05, -0.000193543193745, 0.00232695182785], [-0.000302835687762, 0.00107680074871, -0.00148720340803, 0.00143284315709, 0.00090341665782, -0.001638506772, -0.000229079523706, 0.0113289123401, -0.00349139003083, 0.00180196447764, -0.00251473416574, -0.00168602121994, 0.00162210105918], [0.000275846919976, -0.00194542086683, 0.0011285218643, -0.00171850831248, -0.000680840923451, 0.000187736470252, -0.00433055590838, -0.00349139003083, 0.0180674754083, -0.00743607152253, -0.00146138691343, 0.000702243007254, -0.00137879513204], [-0.000366430613212, 0.00246135541238, -0.00217015994713, 0.00225129094906, -0.000611326890066, -0.00185915885959, 0.000335972523317, 0.00180196447764, -0.00743607152253, 0.0185933317989, -0.00267923926003, -0.00136339257006, -0.00191778445151], [0.000247483782005, -0.00243952660821, 0.0022430322133, -0.00250313221477, -0.000491421553306, 0.00105206773151, -2.28904391406e-05, -0.00251473416574, -0.00146138691343, -0.00267923926003, 0.0220661312342, -0.00793543644249, -0.00188272213563], [-0.000442963675596, 0.0026738664601, -0.0014571348438, 0.00362979667261, 0.000335316668497, 0.000780814152677, -0.000193543193745, -0.00168602121994, 0.000702243007254, -0.00136339257006, -0.00793543644249, 0.0230208914727, -0.00597867183387], [0.0001791081595, -0.00190335698426, 0.00119933846872, -0.00156351272017, -0.00243693310767, -0.000851209857501, 0.00232695182785, 0.00162210105918, -0.00137879513204, -0.00191778445151, -0.00188272213563, -0.00597867183387, 0.0243258122355]]
    },
    "melbands": {
        "dmean": [0.00586113333702, 0.00410640891641, 0.00196796678938, 0.000850144133437, 0.000403194339015, 0.000177533511305, 0.000134731395519, 0.000140650343383, 7.51834304538e-05, 4.93338011438e-05, 5.9665657318e-05, 3.09996212309e-05, 5.83381188335e-05, 4.93591251143e-05, 2.88454102702e-05, 2.31286485359e-05, 2.11514361581e-05, 1.6906471501e-05, 1.65132059919e-05, 1.56914902618e-05, 1.64328903338e-05, 1.65011060744e-05, 1.55479228852e-05, 1.42179042086e-05, 1.37493998409e-05, 1.24806501844e-05, 9.39905203268e-06, 7.20009666111e-06, 5.58154215469e-06, 4.91279251946e-06, 4.00780618293e-06, 3.43186911778e-06, 3.30926491188e-06, 2.58521640717e-06, 2.41729480877e-06, 2.04570665119e-06, 1.71733938714e-06, 1.24738039631e-06, 9.66428046922e-07, 6.64170897835e-07],
        "dmean2": [0.00989946629852, 0.00689491815865, 0.00326453056186, 0.0014075654326, 0.000669199973345, 0.000296053854981, 0.000225144918659, 0.000229107856285, 0.000123459787574, 8.24184389785e-05, 9.93592111627e-05, 5.17601511092e-05, 9.85074657365e-05, 8.36548933876e-05, 4.81228962599e-05, 3.84590457543e-05, 3.50478294422e-05, 2.7884476367e-05, 2.76732826023e-05, 2.62921530521e-05, 2.73513160209e-05, 2.7127463909e-05, 2.57372976193e-05, 2.32422116824e-05, 2.26570391533e-05, 2.09957761399e-05, 1.56061105372e-05, 1.18328107419e-05, 9.0992098194e-06, 8.08375898487e-06, 6.50715173833e-06, 5.64016045246e-06, 5.40728660781e-06, 4.12764620705e-06, 3.9027972889e-06, 3.27527004629e-06, 2.78247057395e-06, 2.05405831366e-06, 1.50863411363e-06, 1.01305181488e-06],
        "dvar": [6.30130816717e-05, 2.56859348156e-05, 1.10035880425e-05, 3.65505411537e-06, 6.56757947581e-07, 8.67977334451e-08, 6.42089901248e-08, 7.00980677948e-08, 1.85759816418e-08, 7.0085603987e-09, 1.28601422844e-08, 2.64131605476e-09, 2.08130011004e-08, 8.30838420285e-09, 1.91362525825e-09, 1.42266121106e-09, 1.30844535207e-09, 8.41235137106e-10, 9.56120183027e-10, 7.49473538786e-10, 1.8822718939e-09, 2.06751371579e-09, 1.45597267576e-09, 1.50763412865e-09, 6.45254016884e-10, 7.17246817494e-10, 2.19702048221e-10, 1.58047172572e-10, 1.02773387023e-10, 6.85358367281e-11, 4.70494060378e-11, 3.11424844246e-11, 2.69280882315e-11, 1.78322964034e-11, 1.80528803712e-11, 1.66805371599e-11, 1.40391153564e-11, 5.58454150978e-12, 3.75718380019e-12, 1.94845029867e-12],
        "dvar2": [0.000186029894394, 7.12003020453e-05, 2.8342645237e-05, 9.66091010923e-06, 1.86351383036e-06, 2.3053181053e-07, 1.72144652311e-07, 1.71065138943e-07, 4.69274539228e-08, 1.80720434173e-08, 3.30039640062e-08, 6.66178756603e-09, 5.63923023833e-08, 2.291692347e-08, 4.74613015555e-09, 3.42627592964e-09, 3.47617112872e-09, 2.15621920319e-09, 2.30514407562e-09, 1.79091286245e-09, 4.22181534177e-09, 5.2217417057e-09, 3.90174781373e-09, 3.42670247733e-09, 1.60883928402e-09, 1.93519311686e-09, 5.69823799257e-10, 3.88383741834e-10, 2.5001040127e-10, 1.80444492681e-10, 1.19913107222e-10, 7.88126994222e-11, 6.91828122568e-11, 4.26952605215e-11, 4.50264131535e-11, 4.06914259232e-11, 3.54390752855e-11, 1.45776602595e-11, 8.6658007159e-12, 4.15288550076e-12],
        "max": [0.0939737483859, 0.0598944500089, 0.0435693487525, 0.0294647105038, 0.0123961707577, 0.00457802833989, 0.00509740971029, 0.00673804059625, 0.00260837818496, 0.00240323110484, 0.00279188062996, 0.00112313928548, 0.00273366016336, 0.00159259676002, 0.00095710309688, 0.00151663669385, 0.000712917302735, 0.000688666012138, 0.00133838295005, 0.00115264242049, 0.00263646477833, 0.00219249934889, 0.00211781961843, 0.00187035207637, 0.000955885392614, 0.0013051351998, 0.000368671346223, 0.000460769690108, 0.000401398836402, 0.000178322792635, 0.000124416561448, 0.000113198446343, 0.000121711309475, 0.000170674495166, 0.000169647159055, 0.000102003454231, 6.60902805976e-05, 3.78365293727e-05, 4.82027680846e-05, 2.47591360676e-05],
        "mean": [0.00985244940966, 0.00778320105746, 0.00251186732203, 0.0010843364289, 0.000564821879379, 0.000264583650278, 0.000202346462174, 0.000196983586648, 0.000115673741675, 7.15168134775e-05, 8.18198823254e-05, 4.626962982e-05, 8.29023047118e-05, 7.13734261808e-05, 4.29153151345e-05, 3.41533959727e-05, 2.96515263472e-05, 2.43649665208e-05, 2.40729841607e-05, 2.47363495873e-05, 2.628186121e-05, 2.81253760477e-05, 2.71280860034e-05, 2.35453971982e-05, 2.1259089408e-05, 1.83189204108e-05, 1.34814790727e-05, 1.04017744889e-05, 8.45863905852e-06, 7.08824154572e-06, 5.96539575781e-06, 5.15522606293e-06, 4.86894441565e-06, 4.01414899898e-06, 3.63046660823e-06, 3.13094847115e-06, 2.5540759907e-06, 2.05163541978e-06, 1.72694581124e-06, 1.12329519197e-06],
        "median": [0.00677849538624, 0.00639883801341, 0.00155474618077, 0.000561624532565, 0.000258548650891, 0.000130108732264, 7.82101560617e-05, 6.97401046637e-05, 4.98487352161e-05, 3.78957956855e-05, 4.2250376282e-05, 2.48329724855e-05, 3.30319744535e-05, 3.54927105946e-05, 2.51342135016e-05, 1.84231284948e-05, 1.7898151782e-05, 1.42795715874e-05, 1.45172234625e-05, 1.57913382282e-05, 1.61418829521e-05, 1.49513907672e-05, 1.51112017193e-05, 1.25595406644e-05, 1.26038285089e-05, 1.03104557638e-05, 8.12607322587e-06, 5.94944140175e-06, 4.635082405e-06, 3.93604477722e-06, 2.92689082926e-06, 2.47800289799e-06, 2.09181985156e-06, 1.56438568411e-06, 1.28612168737e-06, 8.38290588945e-07, 6.19766069576e-07, 5.17036255587e-07, 4.01944532769e-07, 2.605087559e-07],
        "min": [3.27846904285e-24, 1.4797774321e-24, 2.06628545715e-24, 2.9325986982e-24, 2.99053737624e-24, 3.15630446535e-24, 4.54214315756e-24, 2.95173035009e-24, 1.52416426865e-24, 3.48654077015e-24, 5.02996330286e-24, 6.12900076614e-24, 5.01769178262e-24, 3.07648929389e-24, 1.92289085775e-24, 4.33557401307e-24, 4.98017198025e-24, 4.81343045071e-24, 5.7981745906e-24, 8.47966545203e-24, 7.10775902948e-24, 4.64213837704e-24, 4.50848561818e-24, 6.39244954291e-24, 7.82680495573e-24, 9.92088434915e-24, 7.41167873727e-24, 7.81716586433e-24, 6.25584447211e-24, 7.3258845918e-24, 5.04576182021e-24, 5.86484359228e-24, 5.77288765428e-24, 6.98849982669e-24, 1.04699733488e-23, 8.13714835787e-24, 7.95243973236e-24, 6.35265821556e-24, 7.3313569199e-24, 8.0461603522e-24],
        "var": [0.000118313648272, 4.77655703435e-05, 1.05638664536e-05, 3.55129941454e-06, 8.9103633627e-07, 1.47407632767e-07, 1.17908612651e-07, 1.33559922233e-07, 3.63519205848e-08, 1.41129081754e-08, 1.8385936329e-08, 4.44689884915e-09, 2.97473707889e-08, 1.33398545543e-08, 3.37275163353e-09, 2.9004056934e-09, 1.70505931596e-09, 1.15110310173e-09, 1.4155383532e-09, 1.47063028422e-09, 3.87404019975e-09, 4.90332929814e-09, 3.46955708608e-09, 3.47399775613e-09, 1.22698795568e-09, 1.27579180553e-09, 3.0761923564e-10, 2.48982084949e-10, 1.64999985897e-10, 9.00358676503e-11, 6.87905427066e-11, 5.23026622012e-11, 4.86484706685e-11, 3.80616718698e-11, 3.48026919783e-11, 3.44184854228e-11, 2.42687328567e-11, 1.26880598042e-11, 1.03762935744e-11, 4.76110470493e-12]
    },
    "mfcc": {
        "mean": [-624.563293457, 119.258041382, 3.92084932327, 43.9497718811, 13.2351903915, 15.4304065704, 9.77508926392, 12.3021402359, 1.52423882484, 2.70703673363, 1.1523809433, 2.58343434334, 1.51613080502],
        "cov": [[8074.55322266, -881.114135742, 438.07824707, -147.682846069, 89.1137008667, 73.3219070435, 57.8179512024, 148.645797729, -21.1606788635, 67.3179397583, 25.2323474884, 54.0512771606, 30.343378067], [-881.114135742, 1888.09973145, -744.937011719, 173.052627563, -251.038452148, -239.861846924, -127.446708679, -66.6432876587, -99.8394088745, -110.177085876, -51.8760681152, 4.63400030136, 17.3191814423], [438.07824707, -744.937011719, 722.079956055, -49.3083305359, 177.121429443, 105.291000366, 58.2366409302, 29.8710594177, 67.3271255493, 63.7172851562, 17.2842884064, 21.4768428802, -2.39926624298], [-147.682846069, 173.052627563, -49.3083305359, 231.231826782, 35.1373405457, 38.6167907715, 7.05608654022, 2.55078434944, -0.951829373837, 4.94672870636, 5.48715782166, 0.0516149029136, -0.67811691761], [89.1137008667, -251.038452148, 177.121429443, 35.1373405457, 252.219223022, 149.860671997, 73.4343643188, 34.2574882507, 58.1923828125, 61.6901550293, 21.9809474945, 5.18788099289, 15.5067911148], [73.3219070435, -239.861846924, 105.291000366, 38.6167907715, 149.860671997, 265.48928833, 103.429092407, 21.3921089172, 85.2801208496, 80.228729248, 41.025554657, -2.29602956772, 18.2079620361], [57.8179512024, -127.446708679, 58.2366409302, 7.05608654022, 73.4343643188, 103.429092407, 109.020507812, 43.606716156, 39.1163673401, 39.8478279114, 21.5620594025, 6.23608064651, 4.91856527328], [148.645797729, -66.6432876587, 29.8710594177, 2.55078434944, 34.2574882507, 21.3921089172, 43.606716156, 99.7939071655, 29.3859806061, 19.8650283813, 26.871383667, 13.8695650101, 11.9009876251], [-21.1606788635, -99.8394088745, 67.3271255493, -0.951829373837, 58.1923828125, 85.2801208496, 39.1163673401, 29.3859806061, 96.8226242065, 58.1718254089, 25.3280162811, 13.0475072861, 14.2216978073], [67.3179397583, -110.177085876, 63.7172851562, 4.94672870636, 61.6901550293, 80.228729248, 39.8478279114, 19.8650283813, 58.1718254089, 87.5000762939, 36.5577354431, 12.0156459808, 13.1942863464], [25.2323474884, -51.8760681152, 17.2842884064, 5.48715782166, 21.9809474945, 41.025554657, 21.5620594025, 26.871383667, 25.3280162811, 36.5577354431, 60.2040290833, 22.814031601, 15.5568218231], [54.0512771606, 4.63400030136, 21.4768428802, 0.0516149029136, 5.18788099289, -2.29602956772, 6.23608064651, 13.8695650101, 13.0475072861, 12.0156459808, 22.814031601, 50.9815406799, 23.5756263733], [30.343378067, 17.3191814423, -2.39926624298, -0.67811691761, 15.5067911148, 18.2079620361, 4.91856527328, 11.9009876251, 14.2216978073, 13.1942863464, 15.5568218231, 23.5756263733, 55.91456604]],
