{
"lowlevel": {
    "average_loudness": 0.932695448399,
    "barkbands_crest": {
        "dmean": 2.80868220329,
        "dmean2": 4.4799785614,
        "dvar": 6.72890901566,
        "dvar2": 16.4433002472,
        "max": 26.4615345001,
        "mean": 12.1151342392,
        "median": 11.4495658875,
        "min": 2.68836259842,
        "var": 20.4710769653
    },
    "barkbands_flatness_db": {
        "dmean": 0.0314534120262,
        "dmean2": 0.0453367568552,
        "dvar": 0.00103256187867,
        "dvar2": 0.00221190438606,
        "max": 0.470749884844,
        "mean": 0.184638440609,
        "median": 0.177468568087,
        "min": 0.0332203991711,
        "var": 0.00493464898318
    },
    "barkbands_kurtosis": {
        "dmean": 6.86169910431,
        "dmean2": 10.5099239349,
        "dvar": 124.01663208,
        "dvar2": 281.563934326,
        "max": 255.761016846,
        "mean": 13.5394601822,
        "median": 8.59907150269,
        "min": -1.85222923756,
        "var": 305.9347229
    },
    "barkbands_skewness": {
        "dmean": 0.74365401268,
        "dmean2": 1.10294651985,
        "dvar": 0.635723531246,
        "dvar2": 1.39496219158,
        "max": 14.5900754929,
        "mean": 2.76811695099,
        "median": 2.58905911446,
        "min": -2.06140804291,
        "var": 2.51273131371
    },
    "barkbands_spread": {
        "dmean": 4.42945718765,
        "dmean2": 6.7799987793,
        "dvar": 32.2442207336,
        "dvar2": 73.2473068237,
        "max": 87.7288818359,
        "mean": 13.9710350037,
        "median": 10.6008338928,
        "min": 0.506619632244,
        "var": 127.226799011
    },
    "dissonance": {
        "dmean": 0.0181547142565,
        "dmean2": 0.029990836978,
        "dvar": 0.000411114800954,
        "dvar2": 0.001054636552,
        "max": 0.500000059605,
        "mean": 0.461887121201,
        "median": 0.468463152647,
        "min": 0.100497543812,
        "var": 0.000813622726128
    },
    "dynamic_complexity": 2.69419336319,
    "erbbands_crest": {
        "dmean": 2.86542701721,
        "dmean2": 4.59470844269,
        "dvar": 7.50062513351,
        "dvar2": 17.5211639404,
        "max": 32.7921218872,
        "mean": 9.01351070404,
        "median": 7.88231468201,
        "min": 2.28159785271,
        "var": 20.8780727386
    },
    "erbbands_flatness_db": {
        "dmean": 0.0219416208565,
        "dmean2": 0.0305395219475,
        "dvar": 0.00053906388348,
        "dvar2": 0.000998337520286,
        "max": 0.469126105309,
        "mean": 0.14985793829,
        "median": 0.141560316086,
        "min": 0.0562802478671,
        "var": 0.00215471675619
    },
    "erbbands_kurtosis": {
        "dmean": 1.13347232342,
        "dmean2": 1.7720335722,
        "dvar": 5.55737113953,
        "dvar2": 13.0143270493,
        "max": 77.4645843506,
        "mean": 0.453808188438,
        "median": -0.329561233521,
        "min": -1.82722604275,
        "var": 8.88709449768
    },
    "erbbands_skewness": {
        "dmean": 0.425977498293,
        "dmean2": 0.639230370522,
        "dvar": 0.17169483006,
        "dvar2": 0.382952600718,
        "max": 6.4836974144,
        "mean": 0.555345237255,
        "median": 0.479964673519,
        "min": -6.26336622238,
        "var": 0.681945323944
    },
    "erbbands_spread": {
        "dmean": 10.3729228973,
        "dmean2": 15.1758852005,
        "dvar": 98.6533660889,
        "dvar2": 205.271514893,
        "max": 135.101425171,
        "mean": 46.8514022827,
        "median": 43.5067100525,
        "min": 1.39025485516,
        "var": 450.081512451
    },
    "hfc": {
        "dmean": 4.77598381042,
        "dmean2": 6.9246635437,
        "dvar": 45.6013565063,
        "dvar2": 98.9101867676,
        "max": 95.7956161499,
        "mean": 15.2807655334,
        "median": 12.0429916382,
        "min": 1.11572807704e-16,
        "var": 154.862075806
    },
    "melbands_crest": {
        "dmean": 3.24271416664,
        "dmean2": 5.03386640549,
        "dvar": 8.97006988525,
        "dvar2": 21.3959407806,
        "max": 33.4257545471,
        "mean": 15.6977014542,
        "median": 15.205329895,
        "min": 1.00061583519,
        "var": 24.1580429077
    },
    "melbands_flatness_db": {
        "dmean": 0.0355536490679,
        "dmean2": 0.0507604926825,
        "dvar": 0.00132609391585,
        "dvar2": 0.0028393836692,
        "max": 0.602331697941,
        "mean": 0.266195625067,
        "median": 0.262688159943,
        "min": 3.75347525505e-07,
        "var": 0.008080791682
    },
    "melbands_kurtosis": {
        "dmean": 16.4309005737,
        "dmean2": 24.6867465973,
        "dvar": 593.634338379,
        "dvar2": 1339.46618652,
        "max": 496.330047607,
        "mean": 35.2545852661,
        "median": 22.7350025177,
        "min": -1.90741288662,
        "var": 1606.70458984
    },
    "melbands_skewness": {
        "dmean": 1.05401694775,
        "dmean2": 1.53430187702,
        "dvar": 1.16471683979,
        "dvar2": 2.4935362339,
        "max": 18.0649547577,
        "mean": 4.1873626709,
        "median": 3.81122112274,
        "min": -1.6794989109,
        "var": 4.72248411179
    },
    "melbands_spread": {
        "dmean": 4.39855337143,
        "dmean2": 6.67467927933,
        "dvar": 45.8062515259,
        "dvar2": 99.044128418,
        "max": 153.869552612,
        "mean": 12.247428894,
        "median": 7.8284778595,
        "min": 0.583063960075,
        "var": 179.81741333
    },
    "pitch_salience": {
        "dmean": 0.0856947377324,
        "dmean2": 0.132535859942,
        "dvar": 0.00633305124938,
        "dvar2": 0.014482203871,
        "max": 0.997739911079,
        "mean": 0.534295618534,
        "median": 0.544619739056,
        "min": 0.0573855899274,
        "var": 0.017886351794
    },
    "silence_rate_20dB": {
        "dmean": 0,
        "dmean2": 0,
        "dvar": 0,
        "dvar2": 0,
        "max": 1,
        "mean": 1,
        "median": 1,
        "min": 1,
        "var": 0
    },
    "silence_rate_30dB": {
        "dmean": 0.0430363044143,
        "dmean2": 0.086083970964,
        "dvar": 0.0411850884557,
        "dvar2": 0.0995277762413,
        "max": 1,
        "mean": 0.954857468605,
        "median": 1,
        "min": 0,
        "var": 0.0431092455983
    },
    "silence_rate_60dB": {
        "dmean": 0.0208580866456,
        "dmean2": 0.0417216792703,
        "dvar": 0.0204237718135,
        "dvar2": 0.045261207968,
        "max": 1,
        "mean": 0.0551742352545,
        "median": 0,
        "min": 0,
        "var": 0.052137106657
    },
    "spectral_centroid": {
        "dmean": 241.210281372,
        "dmean2": 365.642669678,
        "dvar": 89512.875,
        "dvar2": 207448.59375,
        "max": 11781.5136719,
        "mean": 940.276916504,
        "median": 752.699584961,
        "min": 154.09197998,
        "var": 505512.25
    },
    "spectral_complexity": {
        "dmean": 3.47749185562,
        "dmean2": 5.08080291748,
        "dvar": 18.9343490601,
        "dvar2": 35.3583869934,
        "max": 54,
        "mean": 14.8371171951,
        "median": 13,
        "min": 0,
        "var": 72.6558074951
    },
    "spectral_decrease": {
        "dmean": 4.01895405844e-09,
        "dmean2": 6.18176976275e-09,
        "dvar": 2.59477260648e-17,
        "dvar2": 6.25241075785e-17,
        "max": 1.4331996663e-28,
        "mean": -1.21587966362e-08,
        "median": -1.15303526727e-08,
        "min": -6.6494393991e-08,
        "var": 7.61581616557e-17
    },
    "spectral_energy": {
        "dmean": 0.0154858129099,
        "dmean2": 0.0237830039114,
        "dvar": 0.000382331752917,
        "dvar2": 0.000917617056984,
        "max": 0.25491181016,
        "mean": 0.0472760759294,
        "median": 0.0448521524668,
        "min": 1.00784921758e-20,
        "var": 0.0011296258308
    },
    "spectral_energyband_high": {
        "dmean": 0.0002613121178,
        "dmean2": 0.000377063464839,
        "dvar": 2.35547133798e-07,
        "dvar2": 5.36451068456e-07,
        "max": 0.0100138038397,
        "mean": 0.000567426730413,
        "median": 0.000222714385018,
        "min": 7.15462923803e-21,
        "var": 8.53735741657e-07
    },
    "spectral_energyband_low": {
        "dmean": 0.012212863192,
        "dmean2": 0.018623791635,
        "dvar": 0.000302848551655,
        "dvar2": 0.000762728159316,
        "max": 0.204814165831,
        "mean": 0.0285105090588,
        "median": 0.0232695750892,
        "min": 1.90130624288e-23,
        "var": 0.000708755222149
    },
    "spectral_energyband_middle_high": {
        "dmean": 0.00127540237736,
        "dmean2": 0.00189212325495,
        "dvar": 4.75215301776e-06,
        "dvar2": 1.06348461486e-05,
        "max": 0.0366668812931,
        "mean": 0.00285486062057,
        "median": 0.00170141155832,
        "min": 1.33939241593e-21,
        "var": 1.18722537081e-05
    },
    "spectral_energyband_middle_low": {
        "dmean": 0.00860184710473,
        "dmean2": 0.0134995440021,
        "dvar": 0.00017290955293,
        "dvar2": 0.00042519994895,
        "max": 0.166928753257,
        "mean": 0.0181489512324,
        "median": 0.014278751798,
        "min": 2.10105579528e-22,
        "var": 0.000272108241916
    },
    "spectral_entropy": {
        "dmean": 0.242963775992,
        "dmean2": 0.34658485651,
        "dvar": 0.0732780769467,
        "dvar2": 0.152189403772,
        "max": 9.81225967407,
        "mean": 7.35830354691,
        "median": 7.43238544464,
        "min": 4.26351356506,
        "var": 0.315885424614
    },
    "spectral_flux": {
        "dmean": 0.0343377627432,
        "dmean2": 0.0530005209148,
        "dvar": 0.00141373439692,
        "dvar2": 0.00280482158996,
        "max": 0.382270365953,
        "mean": 0.0973087027669,
        "median": 0.0835058391094,
        "min": 6.4436185554e-11,
        "var": 0.00370694021694
    },
    "spectral_kurtosis": {
        "dmean": 2.09072256088,
        "dmean2": 3.36938929558,
        "dvar": 17.3037967682,
        "dvar2": 42.0023994446,
        "max": 119.614105225,
        "mean": 4.91030979156,
        "median": 3.40102481842,
        "min": -1.26085960865,
        "var": 36.6476402283
    },
    "spectral_rms": {
        "dmean": 0.00108500325587,
        "dmean2": 0.00160855671857,
        "dvar": 1.49163042806e-06,
        "dvar2": 3.22595565194e-06,
        "max": 0.0157700497657,
        "mean": 0.00624984269962,
        "median": 0.00661499798298,
        "min": 3.13570979078e-12,
        "var": 7.06255150362e-06
    },
    "spectral_rolloff": {
        "dmean": 290.484680176,
        "dmean2": 477.102844238,
        "dvar": 381272.09375,
        "dvar2": 782156.6875,
        "max": 19379.8828125,
        "mean": 748.916259766,
        "median": 322.998046875,
        "min": 43.06640625,
        "var": 1486242.75
    },
    "spectral_skewness": {
        "dmean": 0.266511827707,
        "dmean2": 0.408638447523,
        "dvar": 0.124071888626,
        "dvar2": 0.280695259571,
        "max": 8.7095079422,
        "mean": 1.62293756008,
        "median": 1.47623872757,
        "min": -0.0855675712228,
        "var": 0.474957674742
    },
    "spectral_spread": {
        "dmean": 629355.875,
        "dmean2": 854316.8125,
        "dvar": 692533395456,
        "dvar2": 1.31089262182e+12,
        "max": 42697224,
        "mean": 4638213,
        "median": 4633288,
        "min": 830597.5625,
        "var": 3.59136310067e+12
    },
    "spectral_strongpeak": {
        "dmean": 0.302847057581,
        "dmean2": 0.50307649374,
        "dvar": 0.19417694211,
        "dvar2": 0.489893317223,
        "max": 8.71326828003,
        "mean": 0.627637922764,
        "median": 0.519245743752,
        "min": 0,
        "var": 0.269562095404
    },
    "zerocrossingrate": {
        "dmean": 0.00814459566027,
        "dmean2": 0.00947326235473,
        "dvar": 0.000131579348817,
        "dvar2": 0.00014799607743,
        "max": 0.7412109375,
        "mean": 0.0385847873986,
        "median": 0.0302734375,
        "min": 0.0029296875,
        "var": 0.0012356264051
    },
    "barkbands": {
        "dmean": [0.000330779730575, 0.00863929651678, 0.00498236808926, 0.00358137348667, 0.00558488443494, 0.00151395110879, 0.00057400210062, 0.00058773055207, 0.00038050848525, 0.000342731073033, 0.000323459564243, 0.000271259312285, 0.000177285255631, 0.000291396514513, 0.000123490113765, 0.000117618714285, 0.000122458717669, 8.77858619788e-05, 0.000106506086013, 0.00011203095346, 8.91699819476e-05, 5.73699544475e-05, 4.17212395405e-05, 3.60924677807e-05, 2.52919489867e-05, 7.41533494875e-06, 3.21006751847e-07],
        "dmean2": [0.000566685339436, 0.0130481934175, 0.00751095358282, 0.00589846912771, 0.00925573147833, 0.00249164830893, 0.000919084937777, 0.000886196270585, 0.000594760174863, 0.000555674836505, 0.000495893938933, 0.000435611698776, 0.000291959993774, 0.000447333004558, 0.000205799224204, 0.000203058152692, 0.00019717439136, 0.000142737917486, 0.000175560198841, 0.000182315779966, 0.000148658160469, 8.33866070025e-05, 6.02572181378e-05, 4.99602756463e-05, 3.4006745409e-05, 1.01730229289e-05, 5.27789154603e-07],
        "dvar": [1.85836142919e-07, 0.000173141495907, 0.000100435463537, 5.26061885466e-05, 0.000110735942144, 5.58889041713e-06, 1.02093474652e-06, 1.81533982868e-06, 9.71916847448e-07, 4.39021505372e-07, 7.7677225363e-07, 7.50568233343e-07, 2.80044105239e-07, 7.00582404534e-07, 7.39957854989e-08, 5.81334695937e-08, 5.21679019982e-08, 3.24983808753e-08, 4.47345414045e-08, 5.31786739089e-08, 6.0642044275e-08, 1.54141552855e-08, 5.23573584488e-09, 4.93412732894e-09, 1.85150472731e-09, 1.64288679882e-10, 1.17131792546e-12],
        "dvar2": [5.2239681736e-07, 0.000441642041551, 0.00023263390176, 0.000143958081026, 0.000303077191347, 1.57486065291e-05, 2.59496414401e-06, 3.3493349747e-06, 1.96423229681e-06, 1.10166229206e-06, 1.59810861078e-06, 1.60384581704e-06, 6.99155862094e-07, 1.38008851991e-06, 2.00558432084e-07, 1.62255005876e-07, 1.27841076392e-07, 8.53890114172e-08, 1.22758436305e-07, 1.38029335517e-07, 1.70785057207e-07, 3.55226461579e-08, 1.06600195338e-08, 1.12462537061e-08, 3.49733464411e-09, 2.7927035684e-10, 2.67441819558e-12],
        "max": [0.00484460219741, 0.16686797142, 0.170618519187, 0.108730003238, 0.145812690258, 0.0372209101915, 0.0175599232316, 0.0272456891835, 0.0359207130969, 0.0136099169031, 0.0220940895379, 0.0356682799757, 0.0160221494734, 0.0196599010378, 0.00492697674781, 0.0041327108629, 0.00406531570479, 0.00445266161114, 0.00465142121539, 0.00444261962548, 0.00601416965947, 0.00225288211368, 0.00110721134115, 0.00206740177236, 0.00121368351392, 0.000405970728025, 3.38809695677e-05],
        "mean": [0.00047640822595, 0.0178846158087, 0.00748308375478, 0.00529155228287, 0.00800525117666, 0.00232972740196, 0.000841393892188, 0.000875858357176, 0.000553975114599, 0.000516047002748, 0.000488886435051, 0.000341800070601, 0.000229545505135, 0.00044435064774, 0.000174679487827, 0.000154437322635, 0.000197281231522, 0.000138298288221, 0.000182040734217, 0.000198925321456, 0.000152952881763, 0.000109417596832, 7.92237260612e-05, 7.49050086597e-05, 4.05961036449e-05, 1.061176863e-05, 3.05188848415e-07],
        "median": [0.000338620215189, 0.0120375650004, 0.00353091582656, 0.0028583551757, 0.00466213654727, 0.00116823264398, 0.000362895429134, 0.000323830288835, 0.000211748643778, 0.000246761541348, 0.000129579537315, 0.000111982924864, 5.83600267419e-05, 0.000103148857306, 7.82108545536e-05, 6.06026369496e-05, 9.01918538148e-05, 6.76862327964e-05, 8.26872783364e-05, 7.75104854256e-05, 5.48232710571e-05, 3.66167550965e-05, 2.64129648713e-05, 1.98478119273e-05, 1.16488517961e-05, 3.68229120795e-06, 4.22297432578e-08],
        "min": [6.11583645257e-25, 1.1851648236e-23, 1.97583742677e-24, 6.77443295373e-24, 2.36940778434e-23, 7.44395340349e-24, 1.60444242257e-23, 1.46938170476e-23, 2.91454853517e-23, 2.20442809675e-23, 2.3580005401e-23, 2.19531123126e-23, 3.72224523e-23, 5.22730316919e-23, 7.35395699597e-23, 8.45224638246e-23, 6.12097181874e-23, 1.57720255064e-22, 2.14079684064e-22, 1.83024451657e-22, 3.60140145808e-22, 4.33195355172e-22, 4.85686891868e-22, 6.49892694289e-22, 8.92382680051e-22, 1.43306506672e-21, 2.18393493562e-21],
        "var": [2.63484821517e-07, 0.000361934944522, 0.000138372677611, 5.63679896004e-05, 0.0001087363853, 9.40312020248e-06, 1.70742782757e-06, 4.12094550484e-06, 2.00962085728e-06, 7.25088057152e-07, 1.67767666426e-06, 1.15024477054e-06, 4.52824821195e-07, 1.50847768055e-06, 9.95928743919e-08, 7.90136809314e-08, 9.98963045618e-08, 4.70573873201e-08, 7.07302660885e-08, 9.40982616271e-08, 8.34886648704e-08, 4.09294251824e-08, 1.71749938715e-08, 3.18076587291e-08, 6.18113027429e-09, 4.30569302434e-10, 1.36634670592e-12]
    },
    "erbbands": {
        "dmean": [0.194004163146, 2.20027661324, 5.4474234581, 9.0152797699, 16.7130966187, 19.187122345, 13.0256099701, 12.9583435059, 10.9706583023, 9.29790782928, 12.4331035614, 8.85325717926, 11.292632103, 8.71903991699, 13.129357338, 12.8248310089, 8.96384143829, 15.0284519196, 6.92207622528, 6.39236593246, 6.62020540237, 5.25718402863, 4.40859985352, 5.10641908646, 5.202252388, 5.81239938736, 4.01300907135, 3.19736933708, 2.1702029705, 1.5167247057, 1.23009228706, 0.941999495029, 0.532458543777, 0.314241677523, 0.159666523337, 0.0486994795501, 0.010886781849, 0.00145427393727, 4.7361569159e-05, 1.78500395123e-05],
        "dmean2": [0.298031270504, 3.29783940315, 8.14440345764, 14.3560142517, 27.1129817963, 32.4849395752, 21.1979427338, 21.4642658234, 16.9325008392, 15.0258274078, 18.7143535614, 13.491394043, 18.2766780853, 13.7781839371, 20.2084598541, 20.4988975525, 14.4825544357, 23.0309352875, 11.2985057831, 10.5421953201, 11.2277393341, 8.41421890259, 7.10457468033, 8.52600955963, 8.21737480164, 9.51859855652, 6.77704381943, 5.06948518753, 3.23836612701, 2.19689369202, 1.75681066513, 1.38190686703, 0.737624645233, 0.428326994181, 0.216695606709, 0.066942229867, 0.0147036528215, 0.00206159357913, 7.02894394635e-05, 2.70631990134e-05],
        "dvar": [0.104253612459, 11.0629777908, 95.0066299438, 384.270111084, 973.655273438, 1383.81640625, 444.834289551, 550.507385254, 388.591644287, 382.435516357, 1023.14044189, 605.973144531, 555.579345703, 345.617980957, 1424.83666992, 1786.65344238, 670.200378418, 1810.40222168, 201.853439331, 271.367004395, 160.276565552, 80.3643188477, 73.7325592041, 115.77381134, 96.1524047852, 148.095489502, 204.915985107, 41.6601028442, 23.7321071625, 7.74746417999, 4.31161117554, 4.83956384659, 0.945439577103, 0.273482978344, 0.0966985747218, 0.00732999667525, 0.000341459352057, 1.04818373075e-05, 1.24327979023e-08, 4.91450047324e-10],
        "dvar2": [0.252594262362, 28.3613166809, 221.982696533, 1000.04437256, 2568.25634766, 3842.81518555, 1196.4822998, 1591.2935791, 895.012390137, 910.757873535, 1780.89953613, 1117.93786621, 1468.7890625, 840.775939941, 2733.72851562, 3786.41772461, 1622.5682373, 3491.94067383, 528.880432129, 714.372497559, 445.359619141, 191.258956909, 188.05166626, 323.650756836, 245.171524048, 383.468261719, 585.455871582, 108.399040222, 57.2067146301, 15.6246891022, 8.77476787567, 13.1896476746, 1.81472063065, 0.526380419731, 0.203630447388, 0.0127889011055, 0.000585184723604, 2.04546468012e-05, 2.60126533647e-08, 1.14053599898e-09],
        "max": [3.74792957306, 40.1403846741, 129.199249268, 351.017730713, 503.218505859, 343.770965576, 237.897506714, 381.146942139, 283.78704834, 516.106933594, 751.924072266, 970.240539551, 681.938781738, 370.486816406, 1028.27050781, 1787.69775391, 877.718322754, 1102.73840332, 284.629882812, 410.114074707, 231.761154175, 142.233383179, 169.236572266, 305.727020264, 158.996948242, 294.515014648, 360.240631104, 137.612960815, 87.3446350098, 65.5086593628, 34.9754486084, 58.1863288879, 25.4662151337, 14.3352041245, 9.34988689423, 2.40117359161, 0.633996963501, 0.135119989514, 0.00405175797641, 0.000282099412289],
        "mean": [0.388786882162, 4.39839506149, 9.05514335632, 14.457736969, 25.0235500336, 24.1768474579, 19.5667266846, 19.0508880615, 17.2443981171, 13.0915184021, 18.4143810272, 13.7228870392, 17.24634552, 14.122800827, 19.9258842468, 16.5527305603, 12.4350004196, 23.6086463928, 10.8957939148, 9.44075393677, 10.001502037, 8.94102668762, 7.33873605728, 8.50302124023, 9.61521434784, 10.150642395, 6.721118927, 5.54031896591, 4.05687618256, 2.92310237885, 2.28260397911, 1.85314512253, 1.04732167721, 0.527723908424, 0.236141234636, 0.0701645985246, 0.0154050439596, 0.00191120407544, 7.54791326472e-05, 5.53405843675e-05],
        "median": [0.258630782366, 2.91885519028, 5.51903390884, 8.21041202545, 13.4421977997, 12.8844194412, 10.608745575, 8.95200634003, 6.32760810852, 5.73672676086, 6.36723279953, 5.78467082977, 8.60808753967, 6.23309516907, 5.96061372757, 5.50302696228, 3.72117519379, 5.96424674988, 4.98376941681, 4.1166601181, 4.52819633484, 4.43022537231, 3.97806739807, 3.99961876869, 3.92992734909, 4.01608657837, 2.68218207359, 1.88270235062, 1.33703374863, 0.99730682373, 0.72835123539, 0.472198784351, 0.295154988766, 0.1533344239, 0.0700036585331, 0.0238182097673, 0.00522906519473, 0.00062461476773, 4.16677139583e-05, 5.23736853211e-05],
        "min": [2.59040009874e-22, 1.45585736611e-21, 2.72029148677e-21, 1.93279829723e-20, 2.06411208856e-20, 8.95339713416e-20, 7.89013982102e-20, 6.52262996895e-20, 9.57366691754e-20, 2.1230811805e-19, 3.28781080734e-19, 6.06216837799e-19, 8.09501901706e-19, 6.98149897873e-19, 1.2118961116e-18, 1.2544037859e-18, 1.98781282607e-18, 3.05923981438e-18, 3.27703440172e-18, 3.0284982673e-18, 5.2279452531e-18, 5.24032856046e-18, 7.47111597209e-18, 7.13486705309e-18, 9.99238398585e-18, 9.24718193509e-18, 1.29314807793e-17, 1.09115925775e-17, 1.43415036049e-17, 1.37903291745e-17, 1.3963981682e-17, 1.15710681111e-17, 1.19962323285e-17, 8.0894367887e-18, 6.99034867391e-18, 4.52557296009e-18, 2.97533206061e-18, 1.00042893896e-18, 2.62187587201e-19, 3.07969746435e-20],
        "var": [0.201745092869, 22.7014827728, 144.390625, 445.511291504, 1169.02722168, 1229.23815918, 681.063781738, 814.261352539, 815.936401367, 656.448852539, 2325.56054688, 1320.36047363, 895.873474121, 647.866699219, 2797.72802734, 2757.49121094, 1114.24902344, 4045.54345703, 350.931396484, 326.654602051, 230.044387817, 167.325408936, 114.010147095, 165.628677368, 199.624206543, 252.560089111, 182.260498047, 100.038146973, 58.8768806458, 27.2896995544, 14.9910430908, 20.7901630402, 5.02948474884, 1.09104096889, 0.209425702691, 0.018978420645, 0.000877480779309, 2.02817882382e-05, 1.96210194758e-08, 1.48283074708e-09]
    },
    "gfcc": {
        "mean": [-12.9027843475, 111.206573486, -97.8259506226, 47.4003639221, -54.2324256897, 16.3615150452, -32.8581237793, 5.4233417511, -25.267250061, -1.06534671783, -14.7446908951, -3.44392633438, -7.02531433105],
        "cov": [[6794.42382812, -435.175201416, -104.121932983, 549.487487793, -283.473968506, 265.812927246, -284.16696167, 116.469184875, -261.180541992, 286.571960449, -20.626657486, 54.1093215942, -128.019165039], [-435.175201416, 1698.90454102, 361.757049561, -83.4836120605, 447.162597656, -73.1738357544, 301.657745361, -85.1109313965, 226.067337036, -180.919372559, 176.052261353, -89.8821258545, 169.332015991], [-104.121932983, 361.757049561, 943.407653809, 282.908477783, 225.147888184, 248.807449341, 175.990249634, 46.9831161499, 5.82556438446, -90.4966278076, -26.0676250458, -21.2098960876, 42.67237854], [549.487487793, -83.4836120605, 282.908477783, 433.694000244, 91.8631210327, 173.395141602, 76.9037094116, 35.0198478699, -9.61164474487, -4.50768661499, -4.26198720932, -33.4636497498, -0.59674936533], [-283.473968506, 447.162597656, 225.147888184, 91.8631210327, 345.240509033, 109.693161011, 180.223739624, 17.9591350555, 80.0089263916, -57.5866889954, 34.1749954224, -38.0465354919, 39.880947113], [265.812927246, -73.1738357544, 248.807449341, 173.395141602, 109.693161011, 272.586242676, 125.615661621, 74.7237014771, -14.6242313385, -10.4898996353, -18.4235897064, -5.91400623322, -6.10637140274], [-284.16696167, 301.657745361, 175.990249634, 76.9037094116, 180.223739624, 125.615661621, 242.529220581, 58.402507782, 71.8475036621, -61.6311340332, 25.7105674744, -20.790594101, 47.0032844543], [116.469184875, -85.1109313965, 46.9831161499, 35.0198478699, 17.9591350555, 74.7237014771, 58.402507782, 116.18421936, 31.8421039581, 13.2885150909, -22.8322257996, 6.43450689316, 1.24194550514], [-261.180541992, 226.067337036, 5.82556438446, -9.61164474487, 80.0089263916, -14.6242313385, 71.8475036621, 31.8421039581, 130.358184814, 16.3060474396, 40.7603797913, -24.9143009186, 27.1756057739], [286.571960449, -180.919372559, -90.4966278076, -4.50768661499, -57.5866889954, -10.4898996353, -61.6311340332, 13.2885150909, 16.3060474396, 127.849052429, 27.0812683105, 9.44391727448, -38.9812507629], [-20.626657486, 176.052261353, -26.0676250458, -4.26198720932, 34.1749954224, -18.4235897064, 25.7105674744, -22.8322257996, 40.7603797913, 27.0812683105, 104.359214783, 15.3503131866, 25.4780960083], [54.1093215942, -89.8821258545, -21.2098960876, -33.4636497498, -38.0465354919, -5.91400623322, -20.790594101, 6.43450689316, -24.9143009186, 9.44391727448, 15.3503131866, 80.1775360107, 24.6195640564], [-128.019165039, 169.332015991, 42.67237854, -0.59674936533, 39.880947113, -6.10637140274, 47.0032844543, 1.24194550514, 27.1756057739, -38.9812507629, 25.4780960083, 24.6195640564, 83.8535995483]],
        "icov": [[0.000383789534681, -0.000834289181512, 0.000443908706075, -0.000849773059599, 0.000519221182913, -0.000669335247949, 0.000706366205122, -0.000966648862232, 0.00135399354622, -0.00134071451612, 0.000732406741008, -0.000614290358499, 0.000257164851064], [-0.000834289181512, 0.00442182645202, -0.00193066685461, 0.0029931771569, -0.00275551201776, 0.00283153471537, -0.00233533605933, 0.00318458187394, -0.00431977398694, 0.00495825475082, -0.00491708843037, 0.0040544681251, -0.00241209636442], [0.000443908706075, -0.00193066685461, 0.00258971285075, -0.00205806479789, 0.000668130174745, -0.00229822285473, 0.00115750031546, -0.00119979400188, 0.00185270223301, -0.00163760175928, 0.00259242812172, -0.00199479865842, 0.000564034737181], [-0.000849773059599, 0.0029931771569, -0.00205806479789, 0.00594483083114, -0.00192316784523, 0.000364538718713, -0.00160625763237, 0.00236724130809, -0.00268441229127, 0.00311922142282, -0.0037485063076, 0.00460798898712, -0.00233949278481], [0.000519221182913, -0.00275551201776, 0.000668130174745, -0.00192316784523, 0.00753613188863, -0.0030227729585, -0.00105428975075, -0.000227334036026, 0.000181212672032, -0.00188949506264, 0.00230863783509, -0.00163226691075, 0.0016341105802], [-0.000669335247949, 0.00283153471537, -0.00229822285473, 0.000364538718713, -0.0030227729585, 0.0111807733774, -0.00568114127964, -0.00148182699922, 0.00152549589984, 0.00112019537482, -0.00264332792722, 0.00201492523775, 0.000128549276269], [0.000706366205122, -0.00233533605933, 0.00115750031546, -0.00160625763237, -0.00105428975075, -0.00568114127964, 0.0135506018996, -0.00560046872124, -0.000789795420133, 0.0022728620097, -0.00100481661502, -0.000601717852987, -0.000436613452621], [-0.000966648862232, 0.00318458187394, -0.00119979400188, 0.00236724130809, -0.000227334036026, -0.00148182699922, -0.00560046872124, 0.0190707426518, -0.0104282191023, 0.0013896637829, 0.00385703053325, -0.00216283253394, -0.000933472474571], [0.00135399354622, -0.00431977398694, 0.00185270223301, -0.00268441229127, 0.000181212672032, 0.00152549589984, -0.000789795420133, -0.0104282191023, 0.023710263893, -0.0115857599303, 9.43278209888e-05, 0.00436489610001, -0.0039296913892], [-0.00134071451612, 0.00495825475082, -0.00163760175928, 0.00311922142282, -0.00188949506264, 0.00112019537482, 0.0022728620097, 0.0013896637829, -0.0115857599303, 0.0225356835872, -0.011254504323, 0.00111323059537, 0.00580542674288], [0.000732406741008, -0.00491708843037, 0.00259242812172, -0.0037485063076, 0.00230863783509, -0.00264332792722, -0.00100481661502, 0.00385703053325, 9.43278209888e-05, -0.011254504323, 0.022775484249, -0.00940561573952, -0.000503777642734], [-0.000614290358499, 0.0040544681251, -0.00199479865842, 0.00460798898712, -0.00163226691075, 0.00201492523775, -0.000601717852987, -0.00216283253394, 0.00436489610001, 0.00111323059537, -0.00940561573952, 0.0249785035849, -0.0121580567211], [0.000257164851064, -0.00241209636442, 0.000564034737181, -0.00233949278481, 0.0016341105802, 0.000128549276269, -0.000436613452621, -0.000933472474571, -0.0039296913892, 0.00580542674288, -0.000503777642734, -0.0121580567211, 0.0240711774677]]
    },
    "melbands": {
        "dmean": [0.00206118403003, 0.00276110367849, 0.00162041990552, 0.0013251445489, 0.000529720040504, 0.000289999792585, 0.000156045804033, 0.000101631703728, 0.000100247321825, 5.53146201128e-05, 5.63541761949e-05, 3.46603410435e-05, 4.7844278015e-05, 3.12771953759e-05, 2.36128234974e-05, 2.09820500459e-05, 3.07769405481e-05, 1.22683650261e-05, 7.65176810091e-06, 9.46492673393e-06, 8.46012426337e-06, 6.39770541966e-06, 4.78372658108e-06, 4.56190991827e-06, 4.48647870144e-06, 4.12962572227e-06, 3.76462185159e-06, 3.9998453758e-06, 2.95669065054e-06, 2.01722946258e-06, 1.99330179385e-06, 1.33516084588e-06, 1.12045267997e-06, 8.05657919045e-07, 7.90548824625e-07, 6.71023201448e-07, 5.66060180063e-07, 4.15760524675e-07, 3.12991687679e-07, 2.6888946536e-07],
        "dmean2": [0.00311892107129, 0.00413715140894, 0.00252134772018, 0.00220990483649, 0.000857512874063, 0.000474266940728, 0.000241482266574, 0.000162542593898, 0.00015235011233, 8.4677747509e-05, 9.13644616958e-05, 5.51010525669e-05, 7.30782921892e-05, 5.03734554513e-05, 3.77099313482e-05, 3.37176315952e-05, 4.72697975056e-05, 1.99492496904e-05, 1.26278364405e-05, 1.58560651471e-05, 1.43724746522e-05, 1.03195898191e-05, 7.71373652242e-06, 7.47425974623e-06, 7.59695694796e-06, 6.79806635162e-06, 5.87168233324e-06, 6.68047005092e-06, 5.03608498548e-06, 3.37523738381e-06, 3.16895807373e-06, 2.06073104891e-06, 1.69184488641e-06, 1.20896640965e-06, 1.1547944041e-06, 1.05549861473e-06, 8.34306376873e-07, 5.95947085458e-07, 4.51325007589e-07, 3.7599852476e-07],
        "dvar": [1.04646233012e-05, 1.78199807124e-05, 9.2250020316e-06, 6.99660768078e-06, 7.13141048436e-07, 2.48285715543e-07, 7.61594307619e-08, 4.86295839153e-08, 6.59671428593e-08, 2.47454998714e-08, 1.37736080319e-08, 6.02076966061e-09, 1.87704767285e-08, 7.63865948272e-09, 5.58967228059e-09, 3.84519083241e-09, 7.95098742401e-09, 6.57140009075e-10, 2.85585111115e-10, 4.66077010319e-10, 2.76248829367e-10, 1.38917877202e-10, 1.40115405389e-10, 1.16773493652e-10, 1.0086825819e-10, 7.26939203277e-11, 6.15957840289e-11, 7.27570018122e-11, 1.19126625231e-10, 1.5643725898e-11, 2.0647225249e-11, 9.64806273068e-12, 5.89376551036e-12, 2.01042719798e-12, 1.69822023197e-12, 2.21316086117e-12, 1.89445746417e-12, 6.23453274683e-13, 4.0873559962e-13, 2.12493474964e-13],
        "dvar2": [2.57571555267e-05, 4.30119325756e-05, 2.29293200391e-05, 1.9184049961e-05, 1.913389724e-06, 6.96918789345e-07, 1.77702489168e-07, 1.12134642904e-07, 1.16114776461e-07, 4.58768596445e-08, 3.64859111812e-08, 1.47315581955e-08, 3.82372498109e-08, 1.62004702986e-08, 1.20990657493e-08, 9.1655856238e-09, 1.5599539438e-08, 1.61369473339e-09, 7.59061646871e-10, 1.23493970605e-09, 7.65561614102e-10, 3.372198909e-10, 3.50647844094e-10, 3.09423708877e-10, 2.85089507557e-10, 1.95686314375e-10, 1.56155269271e-10, 1.91237164993e-10, 3.40033862178e-10, 4.22521878596e-11, 5.51906437218e-11, 2.44022250323e-11, 1.2961847741e-11, 4.27242616285e-12, 3.51938855662e-12, 5.87611860212e-12, 5.33368228056e-12, 1.29449337534e-12, 9.71719016016e-13, 4.23057557953e-13],
        "max": [0.0425628572702, 0.049320101738, 0.0541831105947, 0.0364844687283, 0.0107669383287, 0.00839500129223, 0.00386121263728, 0.0054894904606, 0.00593664264306, 0.00671402411535, 0.0033451220952, 0.00159745709971, 0.00355393951759, 0.00289998203516, 0.00301083992235, 0.00160372746177, 0.00210071820766, 0.000481997296447, 0.000343039253494, 0.000396999763325, 0.000326919049257, 0.000206674827496, 0.00029606683529, 0.000295638659736, 0.000312600750476, 0.000205998527235, 0.000193603031221, 0.000201691640541, 0.000269243726507, 7.99525951152e-05, 0.000114148853754, 5.45430157217e-05, 6.41868100502e-05, 2.41713187279e-05, 2.00887352548e-05, 3.2596730307e-05, 3.56983728125e-05, 1.87361729331e-05, 1.91344097402e-05, 1.2633332517e-05],
        "mean": [0.00438140053302, 0.00538506358862, 0.00285563850775, 0.00182422599755, 0.000776867615059, 0.00043902604375, 0.000244134804234, 0.000143567536725, 0.000144223609823, 8.38674968691e-05, 8.50243159221e-05, 5.39444263268e-05, 7.23387420294e-05, 4.07138795708e-05, 3.12457304972e-05, 2.78260176856e-05, 4.70604827569e-05, 1.84375567187e-05, 1.1261158761e-05, 1.29602940433e-05, 1.23050476759e-05, 1.03169741124e-05, 7.00183409208e-06, 6.99853035258e-06, 6.79431468598e-06, 6.71902535032e-06, 6.8586659836e-06, 6.60453679302e-06, 4.4945022637e-06, 3.31141927745e-06, 3.19957371175e-06, 2.2903466288e-06, 2.0579007014e-06, 1.442621965e-06, 1.35734831019e-06, 1.18856576137e-06, 1.0861328974e-06, 7.60214447837e-07, 5.69531209749e-07, 4.08702391042e-07],
        "median": [0.00276372511871, 0.00410132296383, 0.00191966234706, 0.0010635930812, 0.000417302187998, 0.000204573851079, 9.25577187445e-05, 6.04680535616e-05, 4.74851258332e-05, 3.39416219504e-05, 4.16167458752e-05, 2.29144461628e-05, 1.86281213246e-05, 1.47990194819e-05, 9.36051401368e-06, 6.73425984132e-06, 1.06157658593e-05, 7.81504422775e-06, 5.19025479662e-06, 4.97383916809e-06, 5.23417702425e-06, 4.55298322777e-06, 3.16835485137e-06, 3.16451178151e-06, 2.92571553473e-06, 2.56807493315e-06, 2.60986325884e-06, 2.47316529567e-06, 1.57553085955e-06, 1.36753419611e-06, 9.50950493461e-07, 7.70074620959e-07, 5.94272592025e-07, 5.15588055805e-07, 4.43396430683e-07, 3.17717649523e-07, 2.70737587016e-07, 2.11620516666e-07, 1.60396183446e-07, 1.13686596137e-07],
        "min": [3.08534110211e-24, 1.23073729837e-24, 3.49559965435e-24, 2.74292853202e-24, 3.3836977628e-24, 1.2790691297e-24, 1.73049991031e-24, 2.39115415514e-24, 2.47834379555e-24, 3.75620892629e-24, 4.13869010834e-24, 2.59519066169e-24, 4.31418089418e-24, 2.1248848062e-24, 3.65172508826e-24, 6.05042943112e-24, 4.67790690821e-24, 4.76509063216e-24, 5.26085302906e-24, 3.81729239834e-24, 6.7285504369e-24, 4.30139976979e-24, 7.38319218112e-24, 6.70112489867e-24, 5.14558861789e-24, 6.9214214062e-24, 6.36376892698e-24, 6.01961889075e-24, 6.59209130536e-24, 8.00173249488e-24, 6.12834640602e-24, 6.35663289123e-24, 6.97289615799e-24, 7.5656517642e-24, 7.40530631888e-24, 6.39637570364e-24, 6.85342554047e-24, 8.01718549115e-24, 8.24413761814e-24, 5.90670212963e-24],
        "var": [2.28242388403e-05, 3.38644204021e-05, 1.24878952192e-05, 6.37120183455e-06, 1.02069282093e-06, 4.04243593266e-07, 1.57677149559e-07, 8.80662867075e-08, 1.47177431131e-07, 5.50355601092e-08, 2.20748308521e-08, 1.10239524176e-08, 3.98459150119e-08, 1.17771694619e-08, 9.06379149512e-09, 6.38275654552e-09, 1.7360576976e-08, 1.17292520141e-09, 3.83473114374e-10, 6.49914566608e-10, 4.00887878449e-10, 2.81486889353e-10, 1.87048168621e-10, 1.61905766571e-10, 1.33247413103e-10, 1.15212596408e-10, 1.13281710401e-10, 1.14118346717e-10, 1.01097664962e-10, 2.52453006416e-11, 4.52667139883e-11, 1.84608595771e-11, 1.82052983799e-11, 5.99983127417e-12, 5.08983827308e-12, 6.25737786239e-12, 7.97017486731e-12, 2.5023702728e-12, 1.78087611932e-12, 6.43849177532e-13]
    },
    "mfcc": {
        "mean": [-657.580444336, 132.199645996, 18.7678661346, 35.7650184631, 6.95420646667, 12.0045413971, 4.98944568634, 4.65503454208, 0.315475940704, 2.37525677681, -4.47589540482, -1.99386608601, -2.58319139481],
        "cov": [[5158.83251953, -786.702880859, -10.2642126083, 136.608230591, 6.82178640366, 65.6221466064, 47.6775512695, -187.531433105, -165.557357788, 44.5432319641, 63.2102355957, 63.8255729675, 38.103351593], [-786.702880859, 1684.41430664, 99.7839355469, 117.311775208, 165.894714355, 67.1630554199, 86.4563522339, 132.692474365, 93.1751251221, 23.558298111, 11.8972587585, 35.6871147156, 30.4032592773], [-10.2642126083, 99.7839355469, 723.943237305, 180.694076538, 176.48097229, 184.957672119, 183.065307617, 158.060760498, 95.4523696899, 43.8184165955, 1.04302692413, -19.8792972565, -32.8943252563], [136.608230591, 117.311775208, 180.694076538, 259.5206604, 115.41015625, 109.843994141, 83.4683685303, 64.7351837158, 41.0580062866, 45.4481201172, 14.8806228638, -2.92241048813, -3.74652552605], [6.82178640366, 165.894714355, 176.48097229, 115.41015625, 190.643554688, 120.947875977, 96.075958252, 75.4252853394, 54.4112510681, 37.3979492188, 22.6895980835, 9.46645832062, -6.90285110474], [65.6221466064, 67.1630554199, 184.957672119, 109.843994141, 120.947875977, 194.556045532, 145.147262573, 96.0797042847, 55.0673217773, 45.8028717041, 31.7283363342, 8.79799461365, -5.37408065796], [47.6775512695, 86.4563522339, 183.065307617, 83.4683685303, 96.075958252, 145.147262573, 191.416107178, 135.39402771, 72.5298690796, 41.9458885193, 15.7633666992, 3.43326592445, 0.474694699049], [-187.531433105, 132.692474365, 158.060760498, 64.7351837158, 75.4252853394, 96.0797042847, 135.39402771, 182.758361816, 111.05091095, 34.2326316833, 0.417039573193, -4.25821208954, 0.980469107628], [-165.557357788, 93.1751251221, 95.4523696899, 41.0580062866, 54.4112510681, 55.0673217773, 72.5298690796, 111.05091095, 128.840744019, 60.1932678223, 18.4158267975, -2.26761269569, -6.52588748932], [44.5432319641, 23.558298111, 43.8184165955, 45.4481201172, 37.3979492188, 45.8028717041, 41.9458885193, 34.2326316833, 60.1932678223, 103.388938904, 55.2313690186, 11.5985593796, -4.67539262772], [63.2102355957, 11.8972587585, 1.04302692413, 14.8806228638, 22.6895980835, 31.7283363342, 15.7633666992, 0.417039573193, 18.4158267975, 55.2313690186, 81.6655349731, 39.1832580566, 5.24831724167], [63.8255729675, 35.6871147156, -19.8792972565, -2.92241048813, 9.46645832062, 8.79799461365, 3.43326592445, -4.25821208954, -2.26761269569, 11.5985593796, 39.1832580566, 74.3246841431, 37.4288825989], [38.103351593, 30.4032592773, -32.8943252563, -3.74652552605, -6.90285110474, -5.37408065796, 0.474694699049, 0.980469107628, -6.52588748932, -4.67539262772, 5.24831724167, 37.4288825989, 71.6569442749]],
