{
"lowlevel": {
    "average_loudness": 0.970136165619,
    "barkbands_crest": {
        "dmean": 3.73244309425,
        "dmean2": 5.8269109726,
        "dvar": 11.6891422272,
        "dvar2": 23.6677360535,
        "max": 26.1499938965,
        "mean": 12.5639429092,
        "median": 11.6189422607,
        "min": 2.08995342255,
        "var": 36.2136955261
    },
    "barkbands_flatness_db": {
        "dmean": 0.037627466023,
        "dmean2": 0.0542754009366,
        "dvar": 0.0012421796564,
        "dvar2": 0.00254594674334,
        "max": 0.375765740871,
        "mean": 0.121506229043,
        "median": 0.109950810671,
        "min": 0.0140904225409,
        "var": 0.00379391550086
    },
    "barkbands_kurtosis": {
        "dmean": 6.50119590759,
        "dmean2": 10.0828666687,
        "dvar": 221.955459595,
        "dvar2": 504.445556641,
        "max": 367.617004395,
        "mean": 7.30938243866,
        "median": 2.00257825851,
        "min": -1.87541854382,
        "var": 339.047058105
    },
    "barkbands_skewness": {
        "dmean": 0.974967062473,
        "dmean2": 1.43696200848,
        "dvar": 1.14840233326,
        "dvar2": 2.33050560951,
        "max": 17.479598999,
        "mean": 2.09155607224,
        "median": 1.7587864399,
        "min": -2.15283799171,
        "var": 3.35580039024
    },
    "barkbands_spread": {
        "dmean": 11.3788509369,
        "dmean2": 17.69597435,
        "dvar": 133.866104126,
        "dvar2": 279.381866455,
        "max": 114.742614746,
        "mean": 34.6698455811,
        "median": 32.3098106384,
        "min": 0.967377364635,
        "var": 381.029724121
    },
    "dissonance": {
        "dmean": 0.0120599390939,
        "dmean2": 0.0200713537633,
        "dvar": 0.000153492888785,
        "dvar2": 0.000412662775489,
        "max": 0.5,
        "mean": 0.478183060884,
        "median": 0.481795340776,
        "min": 0.294996678829,
        "var": 0.000235031504417
    },
    "dynamic_complexity": 1.29634726048,
    "erbbands_crest": {
        "dmean": 2.40931963921,
        "dmean2": 3.98583173752,
        "dvar": 6.37202310562,
        "dvar2": 15.6911487579,
        "max": 30.1505889893,
        "mean": 6.9321346283,
        "median": 6.04981946945,
        "min": 2.15804123878,
        "var": 11.2622737885
    },
    "erbbands_flatness_db": {
        "dmean": 0.0168510302901,
        "dmean2": 0.0252077523619,
        "dvar": 0.000289091170998,
        "dvar2": 0.000647500914056,
        "max": 0.338260501623,
        "mean": 0.105526581407,
        "median": 0.0979991257191,
        "min": 0.0419948287308,
        "var": 0.00108297960833
    },
    "erbbands_kurtosis": {
        "dmean": 0.699282169342,
        "dmean2": 1.1292103529,
        "dvar": 0.685678243637,
        "dvar2": 1.69152164459,
        "max": 11.4334182739,
        "mean": -0.400678277016,
        "median": -0.674088478088,
        "min": -1.79198646545,
        "var": 1.13822042942
    },
    "erbbands_skewness": {
        "dmean": 0.359466314316,
        "dmean2": 0.546362161636,
        "dvar": 0.104100912809,
        "dvar2": 0.232594385743,
        "max": 2.69829201698,
        "mean": -0.30359056592,
        "median": -0.258149802685,
        "min": -2.71993255615,
        "var": 0.297724992037
    },
    "erbbands_spread": {
        "dmean": 13.9094114304,
        "dmean2": 21.7629070282,
        "dvar": 174.330413818,
        "dvar2": 419.566772461,
        "max": 171.210327148,
        "mean": 61.6539115906,
        "median": 59.0674743652,
        "min": 5.8449845314,
        "var": 500.16986084
    },
    "hfc": {
        "dmean": 19.6004676819,
        "dmean2": 30.4993896484,
        "dvar": 595.500244141,
        "dvar2": 1424.32177734,
        "max": 219.753082275,
        "mean": 39.637512207,
        "median": 32.6998062134,
        "min": 1.08537637191e-16,
        "var": 856.506958008
    },
    "melbands_crest": {
        "dmean": 4.55428409576,
        "dmean2": 7.11250782013,
        "dvar": 17.4966831207,
        "dvar2": 36.0087814331,
        "max": 35.7395896912,
        "mean": 17.9562740326,
        "median": 17.5085334778,
        "min": 1.83436453342,
        "var": 49.6656951904
    },
    "melbands_flatness_db": {
        "dmean": 0.0480103753507,
        "dmean2": 0.0690099224448,
        "dvar": 0.00195643538609,
        "dvar2": 0.00396748771891,
        "max": 0.506366968155,
        "mean": 0.195790424943,
        "median": 0.187872454524,
        "min": 0.00537928240374,
        "var": 0.00637101568282
    },
    "melbands_kurtosis": {
        "dmean": 23.3417396545,
        "dmean2": 35.8068580627,
        "dvar": 1722.77685547,
        "dvar2": 3758.83544922,
        "max": 1274.11340332,
        "mean": 36.2867050171,
        "median": 17.6247444153,
        "min": -1.48958528042,
        "var": 3607.91967773
    },
    "melbands_skewness": {
        "dmean": 1.55940830708,
        "dmean2": 2.31640791893,
        "dvar": 2.66091489792,
        "dvar2": 5.6403799057,
        "max": 28.5463047028,
        "mean": 4.52486848831,
        "median": 3.89757084846,
        "min": -0.566045165062,
        "var": 8.57948493958
    },
    "melbands_spread": {
        "dmean": 13.6987819672,
        "dmean2": 21.4651527405,
        "dvar": 293.47088623,
        "dvar2": 653.387145996,
        "max": 159.957580566,
        "mean": 27.587846756,
        "median": 19.8542346954,
        "min": 0.391205519438,
        "var": 570.551086426
    },
    "pitch_salience": {
        "dmean": 0.102825455368,
        "dmean2": 0.157131716609,
        "dvar": 0.00848220754415,
        "dvar2": 0.0178607441485,
        "max": 0.869212269783,
        "mean": 0.465689212084,
        "median": 0.488500893116,
        "min": 0.0498011484742,
        "var": 0.0260056424886
    },
    "silence_rate_20dB": {
        "dmean": 0,
        "dmean2": 0,
        "dvar": 0,
        "dvar2": 0,
        "max": 1,
        "mean": 1,
        "median": 1,
        "min": 1,
        "var": 0
    },
    "silence_rate_30dB": {
        "dmean": 0.00990455597639,
        "dmean2": 0.0198108963668,
        "dvar": 0.00980747304857,
        "dvar2": 0.0257245711982,
        "max": 1,
        "mean": 0.991356790066,
        "median": 1,
        "min": 0,
        "var": 0.00857001170516
    },
    "silence_rate_60dB": {
        "dmean": 0.00306140817702,
        "dmean2": 0.006123367697,
        "dvar": 0.00305139017291,
        "dvar2": 0.00806756969541,
        "max": 1,
        "mean": 0.00261096609756,
        "median": 0,
        "min": 0,
        "var": 0.00260444125161
    },
    "spectral_centroid": {
        "dmean": 444.103149414,
        "dmean2": 667.845581055,
        "dvar": 151156.53125,
        "dvar2": 332714.625,
        "max": 11142.2314453,
        "mean": 1944.13952637,
        "median": 1899.87988281,
        "min": 174.671463013,
        "var": 505866.84375
    },
    "spectral_complexity": {
        "dmean": 8.61498260498,
        "dmean2": 12.3625392914,
        "dvar": 57.1608009338,
        "dvar2": 114.068618774,
        "max": 58,
        "mean": 24.2198619843,
        "median": 23,
        "min": 0,
        "var": 124.807792664
    },
    "spectral_decrease": {
        "dmean": 4.14133038973e-09,
        "dmean2": 6.55636789304e-09,
        "dvar": 1.5866108316e-17,
        "dvar2": 4.17793442579e-17,
        "max": 1.28021582858e-28,
        "mean": -1.13208669106e-08,
        "median": -9.84129044923e-09,
        "min": -4.94692358188e-08,
        "var": 4.50524218412e-17
    },
    "spectral_energy": {
        "dmean": 0.0162652432919,
        "dmean2": 0.025861505419,
        "dvar": 0.000231337893638,
        "dvar2": 0.000614263408352,
        "max": 0.188463270664,
        "mean": 0.0463227368891,
        "median": 0.0415481552482,
        "min": 1.04929169328e-20,
        "var": 0.000638263125438
    },
    "spectral_energyband_high": {
        "dmean": 0.0017533195205,
        "dmean2": 0.00278677162714,
        "dvar": 6.21753906671e-06,
        "dvar2": 1.49846791828e-05,
        "max": 0.0223118364811,
        "mean": 0.0030355642084,
        "median": 0.00217141350731,
        "min": 7.76469190345e-21,
        "var": 8.88317754288e-06
    },
    "spectral_energyband_low": {
        "dmean": 0.0140568576753,
        "dmean2": 0.0215148366988,
        "dvar": 0.000237725966144,
        "dvar2": 0.000613835349213,
        "max": 0.184810057282,
        "mean": 0.0278506893665,
        "median": 0.0182115770876,
        "min": 3.38640253018e-23,
        "var": 0.000674248090945
    },
    "spectral_energyband_middle_high": {
        "dmean": 0.00342070637271,
        "dmean2": 0.00536530651152,
        "dvar": 1.70555158547e-05,
        "dvar2": 4.22626144427e-05,
        "max": 0.0425222627819,
        "mean": 0.00566654046997,
        "median": 0.00417706929147,
        "min": 1.34010771714e-21,
        "var": 2.3936645448e-05
    },
    "spectral_energyband_middle_low": {
        "dmean": 0.00764362234622,
        "dmean2": 0.0125541426241,
        "dvar": 0.000167700782185,
        "dvar2": 0.000433366483776,
        "max": 0.103299193084,
        "mean": 0.0122932521626,
        "median": 0.00827535428107,
        "min": 2.18793411962e-22,
        "var": 0.00017027600552
    },
    "spectral_entropy": {
        "dmean": 0.20018222928,
        "dmean2": 0.306241422892,
        "dvar": 0.0420994833112,
        "dvar2": 0.0969258844852,
        "max": 9.80696105957,
        "mean": 7.94442272186,
        "median": 7.98637771606,
        "min": 5.83332633972,
        "var": 0.114005386829
    },
    "spectral_flux": {
        "dmean": 0.0394038520753,
        "dmean2": 0.058654692024,
        "dvar": 0.00108129775617,
        "dvar2": 0.00235044420697,
        "max": 0.366865962744,
        "mean": 0.122617334127,
        "median": 0.112725585699,
        "min": 6.60243110184e-11,
        "var": 0.00279429391958
    },
    "spectral_kurtosis": {
        "dmean": 0.855329394341,
        "dmean2": 1.3770481348,
        "dvar": 1.2501475811,
        "dvar2": 3.33403897285,
        "max": 23.7560558319,
        "mean": 2.44954395294,
        "median": 2.15813779831,
        "min": -1.23340606689,
        "var": 2.30503702164
    },
    "spectral_rms": {
        "dmean": 0.00118654977996,
        "dmean2": 0.00185447791591,
        "dvar": 1.02500121102e-06,
        "dvar2": 2.53757502833e-06,
        "max": 0.0135597418994,
        "mean": 0.00645579909906,
        "median": 0.00636669341475,
        "min": 3.19953005062e-12,
        "var": 3.51538710675e-06
    },
    "spectral_rolloff": {
        "dmean": 1230.20861816,
        "dmean2": 2011.72216797,
        "dvar": 2875752.75,
        "dvar2": 6264112,
        "max": 19186.0839844,
        "mean": 2104.31420898,
        "median": 1227.39257812,
        "min": 43.06640625,
        "var": 5630665.5
    },
    "spectral_skewness": {
        "dmean": 0.178137868643,
        "dmean2": 0.271694034338,
        "dvar": 0.0380427613854,
        "dvar2": 0.0800250321627,
        "max": 3.75811243057,
        "mean": 1.11906337738,
        "median": 1.10668563843,
        "min": -0.16321721673,
        "var": 0.0959668308496
    },
    "spectral_spread": {
        "dmean": 869726.75,
        "dmean2": 1222318.125,
        "dvar": 794849771520,
        "dvar2": 1.58311002931e+12,
        "max": 41460588,
        "mean": 6110357.5,
        "median": 6170461.5,
        "min": 1967423.125,
        "var": 3.63030799974e+12
    },
    "spectral_strongpeak": {
        "dmean": 0.47822958231,
        "dmean2": 0.832009971142,
        "dvar": 1.04891526699,
        "dvar2": 2.74187064171,
        "max": 15.9609460831,
        "mean": 0.749655604362,
        "median": 0.533070325851,
        "min": 0,
        "var": 1.00561201572
    },
    "zerocrossingrate": {
        "dmean": 0.0215221848339,
        "dmean2": 0.0244170092046,
        "dvar": 0.00044987470028,
        "dvar2": 0.000506424228661,
        "max": 0.63916015625,
        "mean": 0.083645388484,
        "median": 0.07421875,
        "min": 0.0029296875,
        "var": 0.00264576170594
    },
    "barkbands": {
        "dmean": [0.000407972023822, 0.012347898446, 0.00480479327962, 0.005040042568, 0.00247158133425, 0.000915230659302, 0.000819962238893, 0.000302508997265, 0.000520275556482, 0.000332416500896, 0.000316522404319, 0.00065259396797, 0.000674689072184, 0.000481446972117, 0.000438081333414, 0.000185795332072, 0.000273646961432, 0.000333800853696, 0.00064748537261, 0.000392724847188, 0.000467243342428, 0.000352506991476, 0.000254212296568, 0.000251336110523, 0.000258967862464, 0.000189008394955, 7.09092637408e-05],
        "dmean2": [0.000579535029829, 0.0180959384888, 0.00803445838392, 0.008610278368, 0.00412225164473, 0.00140354887117, 0.00132762570865, 0.00050204875879, 0.000813474238385, 0.000531198631506, 0.00053326349007, 0.00107960728928, 0.00107185076922, 0.000786596094258, 0.000723479606677, 0.000303561741021, 0.00044687447371, 0.00053976138588, 0.00104263622779, 0.000618444755673, 0.000755977001972, 0.000584129011258, 0.000414403097238, 0.000394449540181, 0.000418899522629, 0.000308371149004, 0.000122309982544],
        "dvar": [6.69997632485e-07, 0.000220760033699, 8.51975128171e-05, 0.00011241753964, 1.89307975234e-05, 1.89390596006e-06, 2.62026514974e-06, 3.48903910208e-07, 7.15452074473e-07, 4.18216245635e-07, 3.79761871727e-07, 2.09893482861e-06, 1.86582201422e-06, 2.194095714e-06, 2.16674789044e-06, 3.85945668313e-07, 3.12371355449e-07, 1.87228266668e-07, 8.51723768847e-07, 2.47808230824e-07, 4.24290476531e-07, 3.32196208319e-07, 1.38196114108e-07, 1.54567743493e-07, 1.88525447697e-07, 1.08122314657e-07, 2.02123580095e-08],
        "dvar2": [1.1510484228e-06, 0.000530174700543, 0.000223826777074, 0.000313972239383, 4.86111748614e-05, 3.95466622649e-06, 6.39007885184e-06, 8.34854517962e-07, 1.65270387242e-06, 9.66589823292e-07, 9.33640762923e-07, 5.04960098624e-06, 4.42493728769e-06, 5.82161510465e-06, 5.66637072552e-06, 9.47430976339e-07, 7.98158396265e-07, 4.53733065342e-07, 2.03798731491e-06, 5.98660903961e-07, 1.03831303022e-06, 8.82462643403e-07, 3.3895153706e-07, 3.62156043821e-07, 4.63113963178e-07, 2.75562854313e-07, 5.43900036121e-08],
        "max": [0.0108340783045, 0.178909644485, 0.083584010601, 0.0906922221184, 0.0432074852288, 0.0237401966006, 0.0271185003221, 0.0175104681402, 0.0137139130384, 0.011350617744, 0.00948681216687, 0.0328734889627, 0.0276698898524, 0.0260322056711, 0.0255704931915, 0.0277471914887, 0.0140538373962, 0.0094614578411, 0.0147043913603, 0.0085813337937, 0.00709914742038, 0.00871488265693, 0.00353750446811, 0.00427087023854, 0.00737467594445, 0.00539294583723, 0.00127722125035],
        "mean": [0.000573528639507, 0.0200156457722, 0.00482688378543, 0.00528210448101, 0.00305913877673, 0.0015853830846, 0.00114856299479, 0.000376554875402, 0.000743832730222, 0.000441159209004, 0.000355653173756, 0.000726346275769, 0.000903232197743, 0.000535413390025, 0.000481959141325, 0.000235261541093, 0.000352283386746, 0.000446925114375, 0.00091513863299, 0.00058125378564, 0.00065752887167, 0.00051965424791, 0.000399789627409, 0.000379345699912, 0.000416503811721, 0.000290691998089, 7.28676823201e-05],
        "median": [0.00011212604295, 0.00915740057826, 0.0019945721142, 0.00159348535817, 0.00140581827145, 0.000765834876802, 0.000390107627027, 0.00011975018424, 0.000291441305308, 0.000138234128826, 0.00011718938913, 0.000193273561308, 0.000357099459507, 0.000180131755769, 0.000170924293343, 0.000104076316347, 0.000212841943721, 0.000288377166726, 0.000585479428992, 0.000432998233009, 0.000454631401226, 0.000343389197951, 0.000245107687078, 0.000208053505048, 0.000242824884481, 0.000128951709485, 1.94916865439e-05],
        "min": [4.95900768032e-26, 1.72558873842e-23, 6.74339995458e-24, 1.91907770135e-23, 3.09852951538e-23, 1.04014087144e-23, 1.04545361298e-23, 1.34480337066e-23, 3.58122214369e-23, 3.3458973626e-23, 5.37110146816e-23, 8.08646230922e-23, 3.26049748981e-23, 4.29865453384e-23, 7.27745074103e-23, 1.28503308381e-22, 1.1087867901e-22, 1.42952248804e-22, 1.82420007499e-22, 1.86313458896e-22, 2.76417820444e-22, 4.72004231996e-22, 4.22210650083e-22, 6.97453206618e-22, 9.80485998095e-22, 1.40533775449e-21, 2.23994976493e-21],
        "var": [1.2403453411e-06, 0.000543749483768, 7.42143165553e-05, 9.2379457783e-05, 1.98443085537e-05, 4.62782736577e-06, 3.87887894249e-06, 5.05919672378e-07, 1.24368466459e-06, 7.09333676241e-07, 4.77878927541e-07, 2.62142611973e-06, 2.72809370472e-06, 2.22632843361e-06, 2.07880384551e-06, 3.63741662568e-07, 3.12687831183e-07, 2.49631852967e-07, 1.12418592835e-06, 3.24405959873e-07, 4.82943846691e-07, 3.52525205471e-07, 2.01705290692e-07, 2.26276696935e-07, 3.65872466546e-07, 1.83454531566e-07, 1.79785288879e-08]
    },
    "erbbands": {
        "dmean": [0.319217979908, 3.04551410675, 5.76133203506, 10.1113023758, 13.1557312012, 7.59798145294, 6.99200534821, 6.06951141357, 9.23626899719, 11.2567148209, 7.86539840698, 11.1749505997, 9.15032672882, 10.6330575943, 16.117269516, 26.101606369, 27.6293945312, 20.889799118, 21.6756858826, 21.29728508, 10.6669607162, 15.6289463043, 17.3784503937, 28.9215335846, 28.5698661804, 18.6592063904, 21.2082672119, 15.9876346588, 13.2762708664, 9.42199325562, 7.25758934021, 5.23350954056, 4.46280193329, 2.93039155006, 1.89430177212, 0.892327547073, 0.33744853735, 0.106489881873, 0.0112212765962, 0.00016706828319],
        "dmean2": [0.405119508505, 4.54884624481, 9.35233402252, 16.3157405853, 22.2934494019, 12.3448400497, 10.8573846817, 9.39474010468, 15.056268692, 18.3897304535, 12.5174531937, 17.4371147156, 14.9169626236, 17.2286090851, 26.9989242554, 42.7825431824, 43.8917999268, 34.147644043, 35.4390563965, 35.0046348572, 17.4637737274, 25.3747329712, 28.0166282654, 46.5897865295, 45.8455696106, 29.2170028687, 34.2378501892, 26.0929737091, 22.2478885651, 15.248295784, 11.7387151718, 8.21728420258, 7.13948535919, 4.74519872665, 3.06397676468, 1.4362282753, 0.549392819405, 0.178523033857, 0.0193825140595, 0.000283435365418],
        "dvar": [0.220705166459, 13.7031335831, 91.588142395, 382.233825684, 655.125366211, 185.060058594, 115.000144958, 77.892791748, 344.855804443, 696.641967773, 167.326370239, 345.943939209, 228.022537231, 386.378814697, 1375.421875, 2707.33740234, 2962.359375, 1958.92883301, 5630.63916016, 5632.66503906, 1291.31518555, 1011.57501221, 548.699829102, 1842.36157227, 1858.28161621, 498.125427246, 875.835876465, 573.193481445, 569.81854248, 154.201248169, 133.643051147, 64.2946243286, 50.0497703552, 22.4050102234, 10.4464483261, 2.33911108971, 0.332841306925, 0.0397947281599, 0.000511341961101, 9.5911737219e-08],
        "dvar2": [0.325784265995, 35.5110015869, 239.446075439, 1022.00213623, 1754.37207031, 461.507781982, 248.525131226, 172.817565918, 841.583007812, 1652.01586914, 391.989562988, 801.859680176, 554.022399902, 924.235595703, 3356.48095703, 6600.23486328, 7075.05859375, 5119.63818359, 14364.3662109, 14981.5410156, 3195.37255859, 2577.28637695, 1324.16149902, 4407.74121094, 4673.29394531, 1169.41796875, 2140.83984375, 1443.02661133, 1546.00158691, 370.191497803, 332.666320801, 148.339187622, 119.061927795, 53.7395820618, 26.6796722412, 5.89821624756, 0.836048364639, 0.105385035276, 0.00137855845969, 2.57309125118e-07],
        "max": [5.7102766037, 42.9733085632, 90.5299987793, 175.693466187, 201.981613159, 196.463180542, 247.20980835, 160.783111572, 375.538787842, 532.218688965, 348.635894775, 311.48260498, 270.202697754, 312.127868652, 1143.58935547, 1133.74035645, 1081.28210449, 689.348327637, 1397.18164062, 1574.13720703, 1640.97058105, 802.536804199, 601.688293457, 951.49017334, 572.210083008, 375.557373047, 411.835418701, 326.075531006, 393.411437988, 134.24432373, 113.470489502, 82.1272125244, 76.8472671509, 93.0194854736, 54.5455284119, 26.5000514984, 11.3040494919, 1.85082054138, 0.205994471908, 0.00283769308589],
        "mean": [0.545126855373, 4.46822071075, 6.97768783569, 11.6237573624, 14.7397422791, 10.0197029114, 11.8568325043, 10.7437286377, 13.4615955353, 14.6079483032, 11.9536600113, 16.1810073853, 12.3898038864, 14.2318840027, 17.0202007294, 32.6265029907, 37.5321769714, 26.3538990021, 24.0910434723, 25.2367630005, 13.9829092026, 20.8707466125, 24.2741565704, 40.5575637817, 40.1613235474, 28.0095214844, 30.3765830994, 21.8903636932, 19.136516571, 14.4301691055, 11.4423427582, 8.18379974365, 6.35025691986, 4.52402353287, 2.91444301605, 1.3635969162, 0.52221596241, 0.138699054718, 0.0114595843479, 0.000235420884565],
        "median": [0.165659457445, 2.2792031765, 3.38993763924, 4.43399572372, 5.75620937347, 4.38434696198, 5.97470855713, 5.73074769974, 4.90087842941, 5.0376086235, 5.38687705994, 6.57360458374, 5.0694694519, 5.82589864731, 5.93316841125, 12.2155275345, 17.0496940613, 11.986743927, 9.09952068329, 9.44476413727, 7.2773733139, 12.8419885635, 16.1203575134, 25.6527481079, 26.6755123138, 20.6412143707, 21.8676586151, 13.964682579, 12.7716798782, 9.7518529892, 6.56663942337, 4.53905820847, 3.50278401375, 2.60924077034, 1.56635046005, 0.633775830269, 0.22446782887, 0.0507084466517, 0.00280474335887, 0.000123632926261],
        "min": [2.02355734264e-22, 4.7262620275e-21, 8.33690863247e-21, 4.31157619159e-20, 6.07972451101e-20, 5.4427224148e-20, 7.08323805817e-20, 1.10682995664e-19, 2.19164424277e-19, 2.62141161689e-19, 3.87083846385e-19, 7.45304517764e-19, 1.76685799521e-18, 2.30147578524e-18, 2.3441347302e-18, 2.87735106949e-18, 1.68391938692e-18, 2.22127938409e-18, 2.57080289756e-18, 4.99930550075e-18, 7.74587393872e-18, 7.34614717951e-18, 7.86896089541e-18, 9.11776621953e-18, 9.68771682264e-18, 8.59083810726e-18, 8.23076804098e-18, 1.42581684669e-17, 1.3528354457e-17, 1.62399128892e-17, 9.61137549672e-18, 1.40144893302e-17, 1.15409876881e-17, 9.42281471301e-18, 7.7465786966e-18, 4.33641660633e-18, 2.78110178098e-18, 1.20503609598e-18, 2.76949245618e-19, 3.18959713289e-20],
        "var": [0.701124250889, 26.8623142242, 98.620262146, 363.401763916, 574.428527832, 246.519271851, 260.700653076, 183.052078247, 600.440063477, 924.889282227, 299.470001221, 587.274841309, 371.916046143, 558.000915527, 1419.36608887, 3502.48193359, 4203.28271484, 2214.07861328, 4944.50292969, 5752.96386719, 1139.83032227, 1029.56811523, 725.006103516, 2577.73168945, 2021.81542969, 696.543151855, 984.8515625, 614.334655762, 540.555847168, 228.55847168, 191.042449951, 101.357940674, 68.1712417603, 39.4735031128, 19.2549934387, 4.48241662979, 0.599963486195, 0.04547386989, 0.00045618659351, 9.25365455373e-08]
    },
    "gfcc": {
        "mean": [55.5067176819, 49.4828529358, -88.8494720459, 49.4131126404, -45.93309021, 18.145734787, -28.4008617401, 9.71080589294, -29.2229290009, 10.4889278412, -13.8978023529, 2.89303398132, -17.9487266541],
        "cov": [[2958.64257812, -979.362060547, 108.822799683, -288.818786621, -247.364776611, 68.1025466919, -237.785339355, -40.9037971497, -166.236724854, -9.71094322205, -178.968231201, 33.8035926819, -149.766098022], [-979.362060547, 1341.77026367, -420.744720459, 255.801361084, 154.788024902, -104.356880188, 199.990615845, -51.2437591553, 85.1283874512, -60.7213096619, 131.876846313, -91.0816574097, 71.5331878662], [108.822799683, -420.744720459, 666.89251709, 26.8542518616, 44.2732505798, 157.818618774, -44.607334137, 93.6667785645, 5.50894546509, 64.4506912231, -51.0245475769, 45.7213401794, -19.0456466675], [-288.818786621, 255.801361084, 26.8542518616, 366.386352539, 112.569793701, 15.9295158386, 92.7225799561, 28.4741687775, 34.6078453064, 23.2841053009, 42.6219825745, -20.6195411682, 29.1640949249], [-247.364776611, 154.788024902, 44.2732505798, 112.569793701, 224.548660278, 56.412147522, 77.8637084961, 37.2933273315, 46.2176055908, 26.7361564636, 29.9053726196, -10.3894090652, 13.0783557892], [68.1025466919, -104.356880188, 157.818618774, 15.9295158386, 56.412147522, 224.334564209, 10.988697052, 41.4072799683, 40.4428138733, 44.9045295715, 0.356818765402, 19.9191684723, -0.455647468567], [-237.785339355, 199.990615845, -44.607334137, 92.7225799561, 77.8637084961, 10.988697052, 199.068954468, 58.478427887, 58.7249069214, 12.0588092804, 51.5174293518, -6.41286611557, 18.0134086609], [-40.9037971497, -51.2437591553, 93.6667785645, 28.4741687775, 37.2933273315, 41.4072799683, 58.478427887, 153.12387085, 49.5501976013, 30.2804851532, 5.93290567398, 3.2931227684, 5.02888154984], [-166.236724854, 85.1283874512, 5.50894546509, 34.6078453064, 46.2176055908, 40.4428138733, 58.7249069214, 49.5501976013, 154.116226196, 71.2750015259, 48.9225234985, 4.71173334122, 26.7313251495], [-9.71094322205, -60.7213096619, 64.4506912231, 23.2841053009, 26.7361564636, 44.9045295715, 12.0588092804, 30.2804851532, 71.2750015259, 130.269241333, 50.4769554138, 27.645822525, 13.40163517], [-178.968231201, 131.876846313, -51.0245475769, 42.6219825745, 29.9053726196, 0.356818765402, 51.5174293518, 5.93290567398, 48.9225234985, 50.4769554138, 114.836105347, 43.517742157, 32.2726898193], [33.8035926819, -91.0816574097, 45.7213401794, -20.6195411682, -10.3894090652, 19.9191684723, -6.41286611557, 3.2931227684, 4.71173334122, 27.645822525, 43.517742157, 99.7291564941, 34.5727386475], [-149.766098022, 71.5331878662, -19.0456466675, 29.1640949249, 13.0783557892, -0.455647468567, 18.0134086609, 5.02888154984, 26.7313251495, 13.40163517, 32.2726898193, 34.5727386475, 82.6476364136]],
        "icov": [[0.000527176482137, 0.000273620738881, 0.000222589878831, -8.82518634171e-06, 0.000245781382546, -0.000222046932322, 8.6561885837e-05, 6.26016480965e-06, 0.000215745254536, -0.000215434134589, 0.000454591179732, -0.0003274033661, 0.000638118304778], [0.000273620738881, 0.00179975840729, 0.000638216210064, -0.000578614417464, -0.000443616096163, 6.20106875431e-05, -0.000486481992994, 0.000632835726719, -0.00048007935402, 0.00121983420104, -0.00160729524214, 0.00164857308846, -0.000677105039358], [0.000222589878831, 0.000638216210064, 0.00264270510525, -0.000614428077824, -0.000391794514144, -0.00111618917435, 0.00050489307614, -0.00102119252551, 0.000287190807285, -0.000746046018321, 0.00143807043787, -0.00125097879209, 0.000674558919854], [-8.82518634171e-06, -0.000578614417464, -0.000614428077824, 0.0038989353925, -0.00104168069083, 0.000111460889457, -0.000867761089467, -5.6628807215e-05, 0.000746707082726, -0.000727877137251, -0.000540042237844, 0.00115014624316, -0.00106830790173], [0.000245781382546, -0.000443616096163, -0.000391794514144, -0.00104168069083, 0.00652718776837, -0.00136563496199, -0.0012154369615, -0.000281540298602, -9.1196874564e-05, -0.000575989368372, 2.34861381614e-05, 0.000413155066781, 0.000289163755951], [-0.000222046932322, 6.20106875431e-05, -0.00111618917435, 0.000111460889457, -0.00136563496199, 0.0061160447076, -0.000162703552633, -0.000124516984215, -0.00122808327433, -0.000616894452833, 0.000493991363328, -0.000744089076761, 0.000155871035531], [8.6561885837e-05, -0.000486481992994, 0.00050489307614, -0.000867761089467, -0.0012154369615, -0.000162703552633, 0.00832217559218, -0.00291153742, -0.00132719462272, 0.00142852589488, -0.00230153813027, 0.000114341528388, 0.000603728578426], [6.26016480965e-06, 0.000632835726719, -0.00102119252551, -5.6628807215e-05, -0.000281540298602, -0.000124516984215, -0.00291153742, 0.00928838271648, -0.00214508897625, -0.000119076030387, 0.000625248998404, 0.00053123262478, -0.000391720881453], [0.000215745254536, -0.00048007935402, 0.000287190807285, 0.000746707082726, -9.1196874564e-05, -0.00122808327433, -0.00132719462272, -0.00214508897625, 0.0115921981633, -0.00549844186753, -0.00118736410514, 0.00198562256992, -0.00218811118975], [-0.000215434134589, 0.00121983420104, -0.000746046018321, -0.000727877137251, -0.000575989368372, -0.000616894452833, 0.00142852589488, -0.000119076030387, -0.00549844186753, 0.0143430223688, -0.00652035372332, 0.000608915346675, 0.000166391517268], [0.000454591179732, -0.00160729524214, 0.00143807043787, -0.000540042237844, 2.34861381614e-05, 0.000493991363328, -0.00230153813027, 0.000625248998404, -0.00118736410514, -0.00652035372332, 0.0199146810919, -0.00982143823057, 0.000972867885139], [-0.0003274033661, 0.00164857308846, -0.00125097879209, 0.00115014624316, 0.000413155066781, -0.000744089076761, 0.000114341528388, 0.00053123262478, 0.00198562256992, 0.000608915346675, -0.00982143823057, 0.0193826444447, -0.00785490777344], [0.000638118304778, -0.000677105039358, 0.000674558919854, -0.00106830790173, 0.000289163755951, 0.000155871035531, 0.000603728578426, -0.000391720881453, -0.00218811118975, 0.000166391517268, 0.000972867885139, -0.00785490777344, 0.0178083907813]]
    },
    "melbands": {
        "dmean": [0.00312720984221, 0.00313457008451, 0.0018733900506, 0.000690177199431, 0.000240006105741, 0.000149396728375, 0.000146477861563, 0.000108911241114, 7.65276417951e-05, 6.66253836243e-05, 4.78495312564e-05, 4.44611396233e-05, 5.05785938003e-05, 6.19483253104e-05, 8.99120859685e-05, 4.69363440061e-05, 4.20981850766e-05, 4.2048850446e-05, 3.06648471451e-05, 1.87579298654e-05, 1.22415813166e-05, 1.61299176398e-05, 1.64779521583e-05, 1.67938869708e-05, 2.52948029811e-05, 2.60491378867e-05, 1.58986240422e-05, 1.20347058328e-05, 1.40553374877e-05, 1.15646171253e-05, 8.93114611245e-06, 8.36676281324e-06, 6.03627722739e-06, 5.21081483384e-06, 4.52763970316e-06, 3.57272620022e-06, 3.24088409798e-06, 3.36859852723e-06, 2.80711196865e-06, 2.45690694101e-06],
        "dmean2": [0.00448600202799, 0.00494137778878, 0.00300348852761, 0.00115294754505, 0.000374198396457, 0.000229600962484, 0.000239479253651, 0.000178579590283, 0.000119290518342, 0.000105050188722, 7.77542954893e-05, 7.17530492693e-05, 8.46565671964e-05, 0.000103692706034, 0.000143129349453, 7.65759759815e-05, 6.87752763042e-05, 6.85774211888e-05, 5.0976206694e-05, 3.08434027829e-05, 2.0049566956e-05, 2.63961792371e-05, 2.69381362159e-05, 2.71898898063e-05, 4.12727931689e-05, 4.20728247263e-05, 2.58737345575e-05, 1.90667451534e-05, 2.27994496527e-05, 1.89633537957e-05, 1.46809188664e-05, 1.41886612255e-05, 9.89369709714e-06, 8.51196273288e-06, 7.30447072783e-06, 5.88396414969e-06, 5.08790162712e-06, 5.4294482652e-06, 4.5263791435e-06, 4.0094587348e-06],
        "dvar": [1.62367250596e-05, 1.67922626133e-05, 1.26372151499e-05, 1.50926632614e-06, 1.22267337588e-07, 4.65221354773e-08, 7.98517802991e-08, 6.06896648492e-08, 1.51691050831e-08, 1.24150476566e-08, 6.41478337116e-09, 7.4163351016e-09, 1.07529780635e-08, 1.89223268166e-08, 3.70651846993e-08, 6.11272099604e-09, 1.1313367132e-08, 2.33205845745e-08, 1.07312549957e-08, 2.9507032373e-09, 1.37342115458e-09, 9.50859946336e-10, 8.05542132998e-10, 5.59909729692e-10, 1.59728785754e-09, 1.43602452152e-09, 7.94096899348e-10, 2.10891443198e-10, 4.22265111766e-10, 2.69660377361e-10, 1.78808842732e-10, 3.30577815122e-10, 6.83033005155e-11, 4.64172901504e-11, 5.29218509293e-11, 3.13089762449e-11, 2.57232343065e-11, 3.03829982007e-11, 2.12688252427e-11, 1.56307085331e-11],
        "dvar2": [3.37076889991e-05, 4.23586789111e-05, 3.32848576363e-05, 3.88368016502e-06, 2.76611814343e-07, 1.0048459842e-07, 1.98390409878e-07, 1.45319987155e-07, 3.41825980854e-08, 2.97194748811e-08, 1.54129882191e-08, 1.75140399961e-08, 2.63201709316e-08, 4.54448247922e-08, 8.89770106483e-08, 1.50942458532e-08, 2.98017219791e-08, 5.99697145276e-08, 2.85979897541e-08, 7.63631113898e-09, 3.40376837826e-09, 2.4334640969e-09, 2.04884331723e-09, 1.34295785603e-09, 3.85529874691e-09, 3.48440631903e-09, 2.10086503749e-09, 5.0440146504e-10, 1.0497388514e-09, 6.73077926727e-10, 4.52939658002e-10, 9.2406293728e-10, 1.68567743097e-10, 1.12630252347e-10, 1.32109004292e-10, 7.83396195136e-11, 5.9843588418e-11, 7.61275209538e-11, 4.97154886703e-11, 3.8084518178e-11],
        "max": [0.0466467961669, 0.0355408079922, 0.0316788442433, 0.0115455873311, 0.00640602735803, 0.00351339788176, 0.00485331984237, 0.00468628527597, 0.00329151749611, 0.00167047744617, 0.00142061826773, 0.00149408902507, 0.00249787815847, 0.00411975523457, 0.00333856418729, 0.00113564520143, 0.00178524386138, 0.00259279203601, 0.00217492459342, 0.00137441756669, 0.00165880599525, 0.000701302778907, 0.000663994229399, 0.000633299932815, 0.000940247962717, 0.000503924384248, 0.000478968198877, 0.000202460258151, 0.000283802830381, 0.000260842294665, 0.000164032710018, 0.000345720618498, 7.45102151996e-05, 7.27714141249e-05, 7.36948713893e-05, 5.30709548912e-05, 5.17690386914e-05, 6.32346054772e-05, 8.3868530055e-05, 6.75989504089e-05],
        "mean": [0.00526787247509, 0.00460095191374, 0.00222865957767, 0.000855222635437, 0.000411907123635, 0.000267296709353, 0.000209524514503, 0.000136833434226, 0.000117216754006, 9.31468966883e-05, 6.31605289527e-05, 5.9900648921e-05, 5.5485896155e-05, 6.43748790026e-05, 0.000120624303236, 5.9899113694e-05, 5.07503573317e-05, 4.42350137746e-05, 3.50829286617e-05, 2.28760909522e-05, 1.52063857968e-05, 2.08500914596e-05, 2.0872843379e-05, 2.25009825954e-05, 3.40702426911e-05, 3.43300198438e-05, 2.24144860113e-05, 1.72244344867e-05, 1.94263466256e-05, 1.53224773385e-05, 1.18349107652e-05, 1.12329826152e-05, 9.10600101633e-06, 7.53641688789e-06, 6.8405906859e-06, 5.4137162806e-06, 4.85920645588e-06, 4.48640048489e-06, 4.13438283431e-06, 3.70123598259e-06],
        "median": [0.00210553477518, 0.00241612736136, 0.000907093926799, 0.000426167534897, 0.000225639989367, 0.000138079034514, 7.54324792069e-05, 4.40504518338e-05, 4.84767588205e-05, 3.65445084753e-05, 2.29603538173e-05, 2.3291366233e-05, 1.81222658284e-05, 1.81157120096e-05, 4.43654862465e-05, 2.50383873208e-05, 2.05072592507e-05, 1.35422415042e-05, 1.32394152388e-05, 9.1293359219e-06, 7.83918221714e-06, 1.22443361761e-05, 1.29683439809e-05, 1.42362659972e-05, 2.04202551686e-05, 2.05436681426e-05, 1.58558214025e-05, 1.23456647998e-05, 1.36915577968e-05, 9.76965748123e-06, 7.26661028239e-06, 7.18973706171e-06, 5.70703377889e-06, 4.89585863761e-06, 3.71485725736e-06, 3.0714818422e-06, 2.554603725e-06, 2.35014226746e-06, 2.23592041948e-06, 2.05146352528e-06],
        "min": [3.53868920915e-24, 5.45724902331e-24, 8.32801404275e-24, 3.62223943977e-24, 2.06675147673e-24, 2.83577055803e-24, 3.26848936075e-24, 2.80135788155e-24, 3.90018471897e-24, 3.95850757227e-24, 7.97520625808e-24, 7.88555379392e-24, 7.53892515673e-24, 1.08310389294e-23, 6.08612420379e-24, 2.7632438697e-24, 3.3594809163e-24, 3.72590128475e-24, 6.03201150114e-24, 6.23188716085e-24, 9.19160847469e-24, 7.70826756067e-24, 8.14799203987e-24, 6.43399214147e-24, 7.37201244437e-24, 6.80281853568e-24, 7.18710739249e-24, 5.29198108595e-24, 5.18482932033e-24, 5.18140448071e-24, 8.83887010978e-24, 7.68847109625e-24, 8.61662353809e-24, 8.80462644674e-24, 4.35982990818e-24, 7.47222144516e-24, 8.42783413511e-24, 7.50795526645e-24, 8.90441182923e-24, 6.82154372699e-24],
        "var": [4.51738960692e-05, 2.77968119917e-05, 1.24995322039e-05, 1.52175357471e-06, 2.64965478891e-07, 1.14630815062e-07, 1.27918013959e-07, 7.89948160218e-08, 2.98625515427e-08, 1.96686276155e-08, 1.07408117955e-08, 1.10819797783e-08, 1.2051459386e-08, 2.17157083426e-08, 5.23460172985e-08, 8.40349745346e-09, 1.21028200795e-08, 2.09662669448e-08, 1.08728430703e-08, 3.05789371602e-09, 1.22426035976e-09, 1.02146380243e-09, 8.10300659904e-10, 7.57950313623e-10, 2.20727058853e-09, 1.79006420797e-09, 7.40312533498e-10, 2.8517141426e-10, 4.49382336898e-10, 2.94685553737e-10, 1.97008423464e-10, 2.73910477633e-10, 9.96155449795e-11, 6.53701606734e-11, 7.43752628929e-11, 4.33018863821e-11, 3.97990251866e-11, 3.60661223109e-11, 3.51495985096e-11, 2.66076258248e-11]
    },
    "mfcc": {
        "mean": [-597.310974121, 84.4790420532, 16.8304767609, 38.9887924194, 9.03187942505, 15.3662052155, 12.7500419617, 3.65931892395, -3.03768110275, 3.36946320534, 5.70974588394, 1.81534743309, -0.737295567989],
        "cov": [[2204.36523438, -616.3671875, -2.62641501427, -325.813446045, -113.707557678, -80.4410934448, -107.303268433, -86.1521377563, -76.8017654419, -124.47882843, -84.9755020142, -26.4883022308, -60.2651596069], [-616.3671875, 847.389770508, -268.523651123, 186.545455933, -36.0256347656, 24.7000522614, 54.5796813965, 35.4349021912, -3.61977124214, 31.827747345, 29.9366283417, 12.7123250961, 12.0555143356], [-2.62641501427, -268.523651123, 508.90423584, -64.1761856079, 114.660934448, 45.6278419495, 2.46205639839, 21.1226863861, 45.7711219788, 20.1982936859, 14.9200344086, 9.86391735077, 9.07832241058], [-325.813446045, 186.545455933, -64.1761856079, 392.423278809, 20.548330307, 33.2688064575, 76.7197723389, 24.7557792664, 17.5501441956, 50.5066413879, 30.8008232117, 8.138422966, 12.2477531433], [-113.707557678, -36.0256347656, 114.660934448, 20.548330307, 203.389053345, 69.9180145264, 24.3739395142, 20.0843315125, 35.1875801086, 38.7364959717, 16.2936611176, 0.730059981346, 14.1663274765], [-80.4410934448, 24.7000522614, 45.6278419495, 33.2688064575, 69.9180145264, 172.752059937, 35.1371231079, 16.7258777618, 13.8506765366, 29.4988269806, 23.550737381, 31.1320514679, 19.9143009186], [-107.303268433, 54.5796813965, 2.46205639839, 76.7197723389, 24.3739395142, 35.1371231079, 129.391876221, 54.5902481079, 22.5614891052, 18.4407253265, 22.5172080994, 4.96684551239, 7.35657262802], [-86.1521377563, 35.4349021912, 21.1226863861, 24.7557792664, 20.0843315125, 16.7258777618, 54.5902481079, 112.927124023, 44.4676322937, 14.5518312454, 22.210308075, 8.42086601257, 7.42048072815], [-76.8017654419, -3.61977124214, 45.7711219788, 17.5501441956, 35.1875801086, 13.8506765366, 22.5614891052, 44.4676322937, 105.795845032, 59.7410125732, 29.7270812988, 6.3283200264, 1.23905897141], [-124.47882843, 31.827747345, 20.1982936859, 50.5066413879, 38.7364959717, 29.4988269806, 18.4407253265, 14.5518312454, 59.7410125732, 126.372131348, 59.128112793, 22.8775405884, 8.11939907074], [-84.9755020142, 29.9366283417, 14.9200344086, 30.8008232117, 16.2936611176, 23.550737381, 22.5172080994, 22.210308075, 29.7270812988, 59.128112793, 93.0643844604, 46.4146080017, 15.9082899094], [-26.4883022308, 12.7123250961, 9.86391735077, 8.138422966, 0.730059981346, 31.1320514679, 4.96684551239, 8.42086601257, 6.3283200264, 22.8775405884, 46.4146080017, 90.7183380127, 38.5764884949], [-60.2651596069, 12.0555143356, 9.07832241058, 12.2477531433, 14.1663274765, 19.9143009186, 7.35657262802, 7.42048072815, 1.23905897141, 8.11939907074, 15.9082899094, 38.5764884949, 84.3359222412]],
