{
"lowlevel": {
    "average_loudness": 0.539785444736,
    "barkbands_crest": {
        "dmean": 2.08245539665,
        "dmean2": 3.21066737175,
        "dvar": 4.11381196976,
        "dvar2": 9.43275737762,
        "max": 26.055147171,
        "mean": 10.9869241714,
        "median": 10.2750406265,
        "min": 2.86895799637,
        "var": 19.2874774933
    },
    "barkbands_flatness_db": {
        "dmean": 0.0178269278258,
        "dmean2": 0.0269092358649,
        "dvar": 0.000325320812408,
        "dvar2": 0.000733188469894,
        "max": 0.39548894763,
        "mean": 0.19950479269,
        "median": 0.196638405323,
        "min": 0.0183127634227,
        "var": 0.00264880759642
    },
    "barkbands_kurtosis": {
        "dmean": 2.38765978813,
        "dmean2": 3.62484455109,
        "dvar": 16.8721981049,
        "dvar2": 37.3448829651,
        "max": 99.4214859009,
        "mean": 4.48016119003,
        "median": 1.99781131744,
        "min": -1.68567538261,
        "var": 62.3629684448
    },
    "barkbands_skewness": {
        "dmean": 0.436649024487,
        "dmean2": 0.645026683807,
        "dvar": 0.225701823831,
        "dvar2": 0.504947602749,
        "max": 8.52542114258,
        "mean": 1.39759206772,
        "median": 1.32365882397,
        "min": -5.56155729294,
        "var": 1.82354569435
    },
    "barkbands_spread": {
        "dmean": 3.36520314217,
        "dmean2": 5.09016561508,
        "dvar": 14.2291259766,
        "dvar2": 33.0094184875,
        "max": 71.5163574219,
        "mean": 15.7076530457,
        "median": 14.8950195312,
        "min": 0.911933243275,
        "var": 78.9389419556
    },
    "dissonance": {
        "dmean": 0.0191610865295,
        "dmean2": 0.032126057893,
        "dvar": 0.000329143658746,
        "dvar2": 0.000868240138516,
        "max": 0.500000059605,
        "mean": 0.449532926083,
        "median": 0.453772902489,
        "min": 0.324555337429,
        "var": 0.000928794208448
    },
    "dynamic_complexity": 8.21406841278,
    "erbbands_crest": {
        "dmean": 2.71921491623,
        "dmean2": 4.23421621323,
        "dvar": 6.31763029099,
        "dvar2": 13.7392206192,
        "max": 30.9469642639,
        "mean": 11.1048803329,
        "median": 9.84838294983,
        "min": 2.65397286415,
        "var": 26.4651508331
    },
    "erbbands_flatness_db": {
        "dmean": 0.0159926488996,
        "dmean2": 0.0234560724348,
        "dvar": 0.000261009525275,
        "dvar2": 0.000571997079533,
        "max": 0.370033949614,
        "mean": 0.219034165144,
        "median": 0.217505469918,
        "min": 0.0891446247697,
        "var": 0.000986064434983
    },
    "erbbands_kurtosis": {
        "dmean": 0.898331701756,
        "dmean2": 1.35151648521,
        "dvar": 1.69541347027,
        "dvar2": 3.33309793472,
        "max": 34.7392539978,
        "mean": 0.500321149826,
        "median": -0.219299316406,
        "min": -1.68081331253,
        "var": 5.93768358231
    },
    "erbbands_skewness": {
        "dmean": 0.352200120687,
        "dmean2": 0.521337807178,
        "dvar": 0.093847386539,
        "dvar2": 0.199893310666,
        "max": 5.05042600632,
        "mean": 0.373481422663,
        "median": 0.268437594175,
        "min": -1.9834779501,
        "var": 0.732835412025
    },
    "erbbands_spread": {
        "dmean": 5.19646167755,
        "dmean2": 7.86492538452,
        "dvar": 25.047876358,
        "dvar2": 58.8522033691,
        "max": 73.2493896484,
        "mean": 28.3967475891,
        "median": 28.2950611115,
        "min": 2.36897039413,
        "var": 103.014900208
    },
    "hfc": {
        "dmean": 3.2545902729,
        "dmean2": 4.4747133255,
        "dvar": 31.6081924438,
        "dvar2": 54.0514335632,
        "max": 109.909217834,
        "mean": 12.6560630798,
        "median": 7.19485759735,
        "min": 1.14301908155e-16,
        "var": 234.176940918
    },
    "melbands_crest": {
        "dmean": 2.59575438499,
        "dmean2": 3.98407578468,
        "dvar": 6.31595420837,
        "dvar2": 14.9291343689,
        "max": 35.5394439697,
        "mean": 14.8041267395,
        "median": 14.3236446381,
        "min": 1.00116872787,
        "var": 31.3289909363
    },
    "melbands_flatness_db": {
        "dmean": 0.0191368982196,
        "dmean2": 0.0280873235315,
        "dvar": 0.000437970622443,
        "dvar2": 0.000912571733352,
        "max": 0.496739685535,
        "mean": 0.242827489972,
        "median": 0.238552540541,
        "min": 2.71803202168e-07,
        "var": 0.00581913487986
    },
    "melbands_kurtosis": {
        "dmean": 4.39349842072,
        "dmean2": 6.69098567963,
        "dvar": 54.0902824402,
        "dvar2": 123.257118225,
        "max": 174.711654663,
        "mean": 9.87376689911,
        "median": 5.60250473022,
        "min": -1.55113387108,
        "var": 206.205917358
    },
    "melbands_skewness": {
        "dmean": 0.535847842693,
        "dmean2": 0.788285911083,
        "dvar": 0.336611419916,
        "dvar2": 0.756604909897,
        "max": 10.595205307,
        "mean": 2.15656900406,
        "median": 2.00018715858,
        "min": -3.58263731003,
        "var": 2.18637871742
    },
    "melbands_spread": {
        "dmean": 4.92332935333,
        "dmean2": 7.48454618454,
        "dvar": 44.2711868286,
        "dvar2": 107.304016113,
        "max": 155.123062134,
        "mean": 21.6381607056,
        "median": 16.1723804474,
        "min": 0.977413237095,
        "var": 440.780151367
    },
    "pitch_salience": {
        "dmean": 0.0533290393651,
        "dmean2": 0.0826505348086,
        "dvar": 0.00241597974673,
        "dvar2": 0.00567866675556,
        "max": 0.99606359005,
        "mean": 0.483365923166,
        "median": 0.475958615541,
        "min": 0.139494299889,
        "var": 0.014274476096
    },
    "silence_rate_20dB": {
        "dmean": 0,
        "dmean2": 0,
        "dvar": 0,
        "dvar2": 0,
        "max": 1,
        "mean": 1,
        "median": 1,
        "min": 1,
        "var": 0
    },
    "silence_rate_30dB": {
        "dmean": 0.00467532454059,
        "dmean2": 0.00935307890177,
        "dvar": 0.00465340865776,
        "dvar2": 0.0103049390018,
        "max": 1,
        "mean": 0.993508160114,
        "median": 1,
        "min": 0,
        "var": 0.00644959136844
    },
    "silence_rate_60dB": {
        "dmean": 0.0342857129872,
        "dmean2": 0.0685892403126,
        "dvar": 0.0331096835434,
        "dvar2": 0.0737536624074,
        "max": 1,
        "mean": 0.234224870801,
        "median": 0,
        "min": 0,
        "var": 0.179372102022
    },
    "spectral_centroid": {
        "dmean": 168.412567139,
        "dmean2": 255.523269653,
        "dvar": 60147.2929688,
        "dvar2": 118678.039062,
        "max": 11218.6494141,
        "mean": 1158.46472168,
        "median": 975.875488281,
        "min": 217.976074219,
        "var": 767188.0625
    },
    "spectral_complexity": {
        "dmean": 1.70597398281,
        "dmean2": 2.71810865402,
        "dvar": 3.06937122345,
        "dvar2": 6.87222337723,
        "max": 35,
        "mean": 12.1848869324,
        "median": 12,
        "min": 0,
        "var": 66.1616973877
    },
    "spectral_decrease": {
        "dmean": 9.995294592e-10,
        "dmean2": 1.38179534481e-09,
        "dvar": 2.16122483084e-18,
        "dvar2": 3.54945144721e-18,
        "max": 1.96229463137e-28,
        "mean": -4.96825069973e-09,
        "median": -4.2474259665e-09,
        "min": -3.53182478818e-08,
        "var": 2.35463826962e-17
    },
    "spectral_energy": {
        "dmean": 0.00402848469093,
        "dmean2": 0.0055544259958,
        "dvar": 3.52376046067e-05,
        "dvar2": 5.77531645831e-05,
        "max": 0.141423046589,
        "mean": 0.0198992099613,
        "median": 0.0169443897903,
        "min": 1.0359933109e-20,
        "var": 0.000381277728593
    },
    "spectral_energyband_high": {
        "dmean": 8.24057060527e-05,
        "dmean2": 0.000132205648697,
        "dvar": 5.86551394122e-08,
        "dvar2": 1.50225730522e-07,
        "max": 0.00475674448535,
        "mean": 0.000158763170475,
        "median": 5.37925770914e-05,
        "min": 7.65554929904e-21,
        "var": 8.25746653277e-08
    },
    "spectral_energyband_low": {
        "dmean": 0.00106402917299,
        "dmean2": 0.00148016319145,
        "dvar": 3.11051826429e-06,
        "dvar2": 6.63884429741e-06,
        "max": 0.0516433306038,
        "mean": 0.0051182443276,
        "median": 0.00274498900399,
        "min": 3.25509757914e-23,
        "var": 3.68760338461e-05
    },
    "spectral_energyband_middle_high": {
        "dmean": 0.00151987851132,
        "dmean2": 0.00212730676867,
        "dvar": 8.68584993441e-06,
        "dvar2": 1.62192918651e-05,
        "max": 0.0537417158484,
        "mean": 0.00445394730195,
        "median": 0.00163223431446,
        "min": 1.17054366853e-21,
        "var": 4.24430181738e-05
    },
    "spectral_energyband_middle_low": {
        "dmean": 0.00300880288705,
        "dmean2": 0.00412672245875,
        "dvar": 2.20243764488e-05,
        "dvar2": 3.52319621015e-05,
        "max": 0.101173043251,
        "mean": 0.0106137171388,
        "median": 0.00682904897258,
        "min": 2.23841137257e-22,
        "var": 0.000170263330801
    },
    "spectral_entropy": {
        "dmean": 0.140159875154,
        "dmean2": 0.211538180709,
        "dvar": 0.0216002706438,
        "dvar2": 0.0490092597902,
        "max": 9.81264686584,
        "mean": 7.04529476166,
        "median": 7.03655147552,
        "min": 5.32468509674,
        "var": 0.163769230247
    },
    "spectral_flux": {
        "dmean": 0.0138815110549,
        "dmean2": 0.0233340468258,
        "dvar": 0.000302218948491,
        "dvar2": 0.000778513785917,
        "max": 0.210658207536,
        "mean": 0.0446515753865,
        "median": 0.0416147373617,
        "min": 6.44692216278e-11,
        "var": 0.000920331745874
    },
    "spectral_kurtosis": {
        "dmean": 3.30420899391,
        "dmean2": 5.79163455963,
        "dvar": 9.75113677979,
        "dvar2": 29.6642131805,
        "max": 40.4052429199,
        "mean": 6.40617370605,
        "median": 5.41285133362,
        "min": -1.24618518353,
        "var": 18.4633598328
    },
    "spectral_rms": {
        "dmean": 0.000419059681008,
        "dmean2": 0.000581847212743,
        "dvar": 2.40393802642e-07,
        "dvar2": 4.12983723663e-07,
        "max": 0.011746221222,
        "mean": 0.0037674412597,
        "median": 0.00406584702432,
        "min": 3.17919041787e-12,
        "var": 5.22026311955e-06
    },
    "spectral_rolloff": {
        "dmean": 245.189117432,
        "dmean2": 413.500854492,
        "dvar": 184446.296875,
        "dvar2": 342520.0625,
        "max": 19056.8847656,
        "mean": 1283.86584473,
        "median": 882.861328125,
        "min": 64.599609375,
        "var": 2277465
    },
    "spectral_skewness": {
        "dmean": 0.32547929883,
        "dmean2": 0.556524276733,
        "dvar": 0.0774121358991,
        "dvar2": 0.226894751191,
        "max": 4.58104515076,
        "mean": 1.58937311172,
        "median": 1.49525415897,
        "min": -0.0211528986692,
        "var": 0.275032550097
    },
    "spectral_spread": {
        "dmean": 297102.1875,
        "dmean2": 486524.21875,
        "dvar": 576331841536,
        "dvar2": 1.1756821545e+12,
        "max": 42297804,
        "mean": 2946243.75,
        "median": 2785946,
        "min": 1271339.5,
        "var": 3.67042101248e+12
    },
    "spectral_strongpeak": {
        "dmean": 0.427264034748,
        "dmean2": 0.691123604774,
        "dvar": 0.882411241531,
        "dvar2": 1.96677589417,
        "max": 12.7820320129,
        "mean": 0.951499760151,
        "median": 0.460693567991,
        "min": 0,
        "var": 1.55037844181
    },
    "zerocrossingrate": {
        "dmean": 0.00524223828688,
        "dmean2": 0.00643442803994,
        "dvar": 9.13670301088e-05,
        "dvar2": 0.000161945339642,
        "max": 0.5126953125,
        "mean": 0.046462032944,
        "median": 0.0380859375,
        "min": 0.0029296875,
        "var": 0.00180632725824
    },
    "barkbands": {
        "dmean": [9.54472761805e-06, 0.000616031407844, 0.000440457079094, 0.000454134744359, 0.000892669719178, 0.00140833901241, 0.000440257543232, 0.000379953533411, 0.000820393906906, 0.000235629588133, 0.000322342617437, 0.000463748467155, 0.000352910690708, 0.000153790257173, 0.000341261358699, 0.000257604173385, 0.00024739454966, 0.000134106026962, 0.000102890458948, 7.7540629718e-05, 2.23228907998e-05, 1.07843570731e-05, 8.49426669447e-06, 4.00410772272e-06, 2.94872643281e-06, 3.20918417174e-07, 7.72748176558e-09],
        "dmean2": [1.35310692713e-05, 0.000844003108796, 0.000639606034383, 0.000681781559251, 0.00141472672112, 0.00174870609771, 0.000620239356067, 0.000504832074512, 0.00113157567102, 0.000333258503815, 0.000476934423205, 0.000648982066195, 0.000542952097021, 0.000223809707677, 0.00053219642723, 0.000398066098569, 0.000397796538891, 0.000218031083932, 0.000162116688443, 0.000127325271023, 3.55526390194e-05, 1.72412837856e-05, 1.3702598153e-05, 6.99527890902e-06, 5.13602026331e-06, 5.16900684033e-07, 1.16554428331e-08],
        "dvar": [4.94234342341e-09, 1.8117387981e-06, 6.23245853149e-07, 7.58425244385e-07, 3.3236112813e-06, 8.89397415449e-06, 1.39787130138e-06, 1.55081113462e-06, 5.03307910549e-06, 7.19805996141e-07, 6.79815002513e-07, 2.26130441661e-06, 7.88358647696e-07, 3.07673275302e-07, 6.74538512158e-07, 4.37951740651e-07, 5.74190096359e-07, 8.56943813687e-08, 8.23840053954e-08, 4.70877736802e-08, 2.47858777946e-09, 5.94436666557e-10, 8.33627111785e-10, 3.11676823239e-10, 2.92340263108e-10, 1.69560337993e-11, 8.19550709171e-15],
        "dvar2": [9.24173182426e-09, 4.54564269603e-06, 1.29628631385e-06, 1.66714994521e-06, 7.90479407442e-06, 1.13614441943e-05, 2.56746147898e-06, 2.5759413802e-06, 9.04338412511e-06, 1.40595375342e-06, 1.4047706145e-06, 4.19409661845e-06, 1.74080673787e-06, 5.04055947204e-07, 1.66289646586e-06, 9.01580506252e-07, 1.37243785048e-06, 2.31538848539e-07, 1.95629908717e-07, 1.22692199511e-07, 6.12645534304e-09, 1.4704181206e-09, 2.07990913381e-09, 8.619048808e-10, 7.65740804098e-10, 3.62676277899e-11, 1.51750695885e-14],
        "max": [0.00334741151892, 0.0372477322817, 0.0223772227764, 0.0191155076027, 0.0258930586278, 0.085605673492, 0.0471678860486, 0.0317813567817, 0.047617867589, 0.0348247922957, 0.0176461841911, 0.0249102711678, 0.0208562649786, 0.0190949235111, 0.0191589761525, 0.0131399519742, 0.0188509859145, 0.0050087608397, 0.00625619851053, 0.00379565940239, 0.0011309676338, 0.000285354384687, 0.000494301784784, 0.000265681446763, 0.000587807619013, 0.000261044595391, 5.37281630386e-06],
        "mean": [2.44257571467e-05, 0.00304665556177, 0.00166081858333, 0.000941426609643, 0.00178200996015, 0.00467182369903, 0.000938783807214, 0.000760306254961, 0.00142097787466, 0.000441093696281, 0.000623300089501, 0.000762357783969, 0.000547544681467, 0.00026628683554, 0.000590291921981, 0.00041064681136, 0.000388247804949, 0.000220046509639, 0.000183007883606, 0.000134024798172, 4.66070268885e-05, 1.92565566977e-05, 1.11427316369e-05, 4.81780170958e-06, 2.8745482723e-06, 4.79402672227e-07, 7.62570628865e-09],
        "median": [5.67343249713e-07, 0.000650914735161, 0.00058440444991, 0.00035172252683, 0.000718034803867, 0.00111474271398, 0.000138787392643, 0.000146274935105, 0.000263856636593, 8.54942263686e-05, 9.98804171104e-05, 8.56032129377e-05, 0.000121384829981, 3.35049917339e-05, 8.19898050395e-05, 6.16410543444e-05, 5.26201401954e-05, 5.95257915847e-05, 4.51840969617e-05, 4.21945551352e-05, 1.65177771123e-05, 5.6543744904e-06, 2.50335915553e-06, 1.0908108834e-06, 2.35705272189e-07, 4.55117543652e-08, 2.11293080254e-10],
        "min": [1.19320990321e-24, 8.35682797617e-24, 4.26869123008e-24, 2.60315204316e-24, 1.42067396148e-23, 1.33759176203e-23, 1.68770716443e-23, 3.78810564925e-23, 4.17882277581e-23, 3.01818277001e-23, 4.20352169521e-23, 3.9656261742e-23, 2.98596001084e-23, 4.86159861313e-23, 6.72747837493e-23, 5.79223454687e-23, 7.41248416425e-23, 1.30883232312e-22, 1.29948400585e-22, 2.44494904151e-22, 2.77491882966e-22, 3.10850576593e-22, 5.53515904046e-22, 6.93539699221e-22, 1.13137295067e-21, 1.51833313032e-21, 2.12096924461e-21],
        "var": [3.0304004639e-08, 2.08442361327e-05, 5.29406270289e-06, 2.9295006243e-06, 8.56825954543e-06, 8.49689749884e-05, 5.07563254359e-06, 4.74376020065e-06, 1.25409760585e-05, 1.69550833107e-06, 2.18996569856e-06, 5.02064358443e-06, 1.42112594403e-06, 8.98336395494e-07, 1.92372931451e-06, 1.17519869036e-06, 1.14046952149e-06, 1.65894576298e-07, 1.35422183689e-07, 6.36312549318e-08, 5.82731152221e-09, 1.02279817948e-09, 8.94821328146e-10, 3.19152537731e-10, 3.46870393519e-10, 4.9479833425e-11, 1.78629694044e-14]
    },
    "erbbands": {
        "dmean": [0.00837316457182, 0.168751075864, 0.520216703415, 0.923785746098, 1.80418479443, 3.54996132851, 6.19904661179, 15.193353653, 5.67092657089, 7.6278963089, 11.0801906586, 19.1556587219, 7.94016742706, 9.30408573151, 10.5894527435, 17.8703022003, 18.6588726044, 9.22622299194, 17.1437072754, 11.554684639, 12.4232683182, 10.57924366, 9.28894901276, 4.57281398773, 4.85935115814, 3.06574821472, 1.4363900423, 0.844355583191, 0.403041541576, 0.349890768528, 0.231791853905, 0.101167015731, 0.0697344839573, 0.04177069664, 0.0117907896638, 0.00255726254545, 0.000555996201001, 5.61432352697e-05, 3.13726400236e-06, 4.73907311971e-06],
        "dmean2": [0.01264672447, 0.228780418634, 0.720183670521, 1.42253100872, 2.73634910583, 5.6394162178, 8.42637062073, 18.9215126038, 8.09029483795, 10.347325325, 14.3804473877, 26.9176826477, 11.4224729538, 12.6674289703, 16.5693359375, 24.9756183624, 27.9371376038, 13.4196033478, 27.1178131104, 17.7294597626, 19.373626709, 16.9252624512, 15.1288862228, 7.25640487671, 7.79402589798, 5.0286450386, 2.29966974258, 1.32729876041, 0.646309733391, 0.551619470119, 0.38391572237, 0.172699674964, 0.123375400901, 0.0742551162839, 0.0199952628464, 0.0042141363956, 0.000917083700188, 8.13869264675e-05, 4.36078107668e-06, 6.51269238006e-06],
        "dvar": [0.00122374866623, 0.108313106, 0.718294858932, 3.12581801414, 10.329375267, 68.938041687, 141.628463745, 1335.98608398, 112.777305603, 402.207000732, 1890.76794434, 2305.22167969, 405.311401367, 666.376831055, 941.526306152, 3141.97241211, 2035.1751709, 759.155090332, 2189.58813477, 575.570556641, 937.12713623, 911.963256836, 419.250335693, 126.181381226, 289.742919922, 81.4262008667, 13.7550506592, 5.63158559799, 0.820202410221, 1.29431962967, 0.75192207098, 0.158333450556, 0.103058233857, 0.0541785210371, 0.00936612952501, 0.000668875174597, 5.82958309678e-05, 5.89844489696e-07, 2.49623821613e-10, 4.91388041368e-11],
        "dvar2": [0.00331063452177, 0.256158828735, 1.38598883152, 7.06001091003, 24.3381748199, 155.101211548, 276.056488037, 1655.85888672, 217.336364746, 740.163574219, 2803.94433594, 4580.57275391, 824.376281738, 1084.43249512, 2291.46923828, 5869.69726562, 4358.88964844, 1209.35742188, 5715.58251953, 1216.68469238, 2165.10546875, 2147.17382812, 1136.51306152, 314.585571289, 682.654541016, 213.271286011, 34.8446273804, 13.6407461166, 2.07560038567, 2.97975730896, 2.01897335052, 0.431050807238, 0.287899672985, 0.149884998798, 0.0234529767185, 0.00141513929702, 0.000153328495799, 8.11544850876e-07, 3.78073100604e-10, 8.04840222246e-11],
        "max": [1.04820787907, 8.42040729523, 22.638879776, 42.993938446, 68.033454895, 115.958877563, 237.628601074, 1070.19836426, 340.689361572, 629.34387207, 1058.45239258, 739.722351074, 662.825622559, 684.374328613, 753.525817871, 908.674377441, 942.847839355, 984.404602051, 1233.9934082, 397.245605469, 612.729125977, 662.713867188, 349.388671875, 283.61138916, 419.526092529, 164.280731201, 71.1417541504, 61.9123153687, 12.5639400482, 21.8437538147, 15.985833168, 6.20405054092, 4.37070894241, 4.05537986755, 5.45026302338, 1.69860732555, 0.399909853935, 0.0535297133029, 0.00109581230208, 0.000163523334777],
        "mean": [0.0319155193865, 0.850079774857, 2.31387257576, 2.27204704285, 3.4807767868, 6.55846595764, 17.7182426453, 51.1713371277, 14.9228038788, 15.7540788651, 21.4779853821, 33.5353851318, 15.5449476242, 20.4958362579, 19.1230163574, 30.9684696198, 30.2149524689, 17.5365123749, 30.6554412842, 22.7757740021, 22.1399936676, 18.3454055786, 15.2658166885, 9.16657543182, 8.088971138, 5.45740842819, 2.82535481453, 1.69355738163, 0.765604674816, 0.514623820782, 0.296932071447, 0.131412893534, 0.0749694034457, 0.0405433773994, 0.0127847194672, 0.00349164637737, 0.000736466259696, 7.65698787291e-05, 1.20694794532e-05, 2.31841859204e-05],
        "median": [0.00560829974711, 0.232587710023, 0.889969706535, 1.12776529789, 1.74111449718, 2.19672751427, 5.16345596313, 10.3008317947, 5.59823179245, 4.25367498398, 3.54773879051, 6.81224966049, 5.16912078857, 3.55998158455, 4.37892580032, 3.95893502235, 7.23360586166, 3.66615080833, 6.04743051529, 4.81693315506, 3.86496019363, 3.74775958061, 4.23974466324, 2.75072407722, 1.96323215961, 1.81782281399, 1.03851234913, 0.508820056915, 0.237160131335, 0.130925536156, 0.063223041594, 0.030088217929, 0.0129953837022, 0.00407243240625, 0.00123942829669, 0.000330559996655, 7.90819176473e-05, 7.35369712856e-06, 8.77517777553e-06, 1.94399126485e-05],
        "min": [2.98561663547e-22, 1.65444483174e-21, 7.7885444319e-21, 1.65676489564e-20, 1.9052740239e-20, 6.05566001753e-20, 1.95009264051e-19, 1.07697151533e-19, 3.21793420811e-19, 4.58928334144e-19, 8.94881726775e-19, 6.32379991887e-19, 4.61905667362e-19, 1.27597655288e-18, 1.46953371429e-18, 1.90177777056e-18, 1.83569203668e-18, 2.49030395509e-18, 4.53031146423e-18, 4.10975298847e-18, 3.54962391437e-18, 4.67328508361e-18, 7.21357990582e-18, 7.4702284073e-18, 8.61538303758e-18, 1.06621397201e-17, 1.22685360502e-17, 1.2352914263e-17, 1.20275684116e-17, 1.41174286487e-17, 1.71185441358e-17, 1.27538305079e-17, 1.16319850001e-17, 1.08115649347e-17, 6.92484920429e-18, 5.02339506814e-18, 2.71816160817e-18, 1.08322330763e-18, 2.64493172213e-19, 3.2725756268e-20],
        "var": [0.00474647572264, 1.55409824848, 8.70579051971, 12.8867349625, 23.6270847321, 150.537490845, 788.248535156, 13071.8896484, 576.27545166, 1253.79602051, 5761.58398438, 5289.23046875, 1027.28405762, 2745.69848633, 1864.99841309, 7209.67236328, 4054.53881836, 2228.9765625, 6041.05224609, 2064.29345703, 2425.83129883, 1941.71984863, 809.743164062, 274.804107666, 382.003051758, 111.564910889, 22.5809211731, 10.5728960037, 1.52908575535, 1.52609920502, 0.707900643349, 0.17048946023, 0.0949254110456, 0.0501937381923, 0.0142593514174, 0.00184400065336, 0.000120415097626, 1.82785981906e-06, 8.74647243521e-10, 5.25260890338e-10]
    },
    "gfcc": {
        "mean": [-124.180412292, 141.665969849, -150.883117676, 38.65990448, -50.8570594788, -2.25163817406, -27.2920417786, -6.67080211639, -15.4964237213, -8.22371292114, -5.1994843483, -10.259185791, -2.56468153],
        "cov": [[34324.1875, 5903.74658203, -781.185974121, -620.91204834, -1254.58129883, -1038.13684082, -1347.13342285, 54.6451911926, 148.958496094, 346.592529297, 644.263549805, 172.905792236, 545.992248535], [5903.74658203, 2436.88867188, 328.603118896, -268.917724609, -125.613235474, -363.506652832, -162.028167725, -80.3397293091, 135.736328125, 6.25857257843, 234.045318604, -68.5454559326, 160.073516846], [-781.185974121, 328.603118896, 620.352905273, 32.0825462341, 114.160621643, 41.8636703491, 74.2245635986, 33.7932281494, 33.7885627747, 46.2780189514, 64.4114456177, 9.40736865997, 26.4015445709], [-620.91204834, -268.917724609, 32.0825462341, 262.426849365, 126.789512634, 153.554779053, 120.561355591, 35.6129798889, 37.4969100952, 14.7983846664, -0.0104046314955, 14.1207180023, -9.29872226715], [-1254.58129883, -125.613235474, 114.160621643, 126.789512634, 333.821472168, 161.654754639, 163.140579224, 14.1961336136, 47.7231216431, 37.773727417, 20.8704032898, 3.23103284836, -8.26163005829], [-1038.13684082, -363.506652832, 41.8636703491, 153.554779053, 161.654754639, 297.151519775, 154.138748169, 53.7030410767, 1.14183032513, 17.0086593628, -3.52898168564, 0.121540464461, -33.5399894714], [-1347.13342285, -162.028167725, 74.2245635986, 120.561355591, 163.140579224, 154.138748169, 238.87008667, 57.4415779114, 58.1015129089, -4.40436601639, -2.21896123886, -7.23081493378, -24.8127288818], [54.6451911926, -80.3397293091, 33.7932281494, 35.6129798889, 14.1961336136, 53.7030410767, 57.4415779114, 111.042327881, 35.7683830261, 22.2249469757, -5.16830396652, 14.5793418884, -3.15327882767], [148.958496094, 135.736328125, 33.7885627747, 37.4969100952, 47.7231216431, 1.14183032513, 58.1015129089, 35.7683830261, 133.006362915, 35.8788909912, 28.600730896, 3.56206655502, 14.9610967636], [346.592529297, 6.25857257843, 46.2780189514, 14.7983846664, 37.773727417, 17.0086593628, -4.40436601639, 22.2249469757, 35.8788909912, 113.399917603, 55.0764923096, 33.2049598694, 19.9384822845], [644.263549805, 234.045318604, 64.4114456177, -0.0104046314955, 20.8704032898, -3.52898168564, -2.21896123886, -5.16830396652, 28.600730896, 55.0764923096, 127.541908264, 43.4609489441, 31.0137214661], [172.905792236, -68.5454559326, 9.40736865997, 14.1207180023, 3.23103284836, 0.121540464461, -7.23081493378, 14.5793418884, 3.56206655502, 33.2049598694, 43.4609489441, 87.3659667969, 36.936870575], [545.992248535, 160.073516846, 26.4015445709, -9.29872226715, -8.26163005829, -33.5399894714, -24.8127288818, -3.15327882767, 14.9610967636, 19.9384822845, 31.0137214661, 36.936870575, 95.9293212891]],
        "icov": [[0.000145844955114, -0.000522975053173, 0.000410845561419, -0.000354092568159, 0.000224245683057, -0.000305857451167, 0.000629712245427, -0.000550183409359, 0.000234932565945, -0.000505641743075, 0.000282958091702, -0.000571160460822, 0.000149245664943], [-0.000522975053173, 0.00298746116459, -0.00190199946519, 0.00178664398845, -0.000867993454449, 0.00188370526303, -0.00192702817731, 0.00179578061216, -0.00173309328966, 0.00286739692092, -0.00351468427107, 0.00447364011779, -0.00207933364436], [0.000410845561419, -0.00190199946519, 0.00321195973083, -0.00114141206723, 8.96477286005e-05, -0.000888721260708, 0.00125957629643, -0.00215100962669, 0.00138159561902, -0.00210548751056, 0.000807791133411, -0.00186273816507, 0.000471094273962], [-0.000354092568159, 0.00178664398845, -0.00114141206723, 0.00727166654542, -0.00114684645087, -0.00135002692696, -0.00233602384105, 0.00166294153314, -0.00235323072411, 0.00183125480544, -0.00107735267375, 0.00103822024539, -0.00113235320896], [0.000224245683057, -0.000867993454449, 8.96477286005e-05, -0.00114684645087, 0.0061707124114, -0.00214233784936, -0.00201728497632, 0.00173142261337, -0.000293324526865, -0.00275785499252, 0.000992700690404, -0.00109494919889, 7.3380448157e-05], [-0.000305857451167, 0.00188370526303, -0.000888721260708, -0.00135002692696, -0.00214233784936, 0.00862982030958, -0.00377160543576, -0.00113650085405, 0.00207007071003, 0.000604068569373, -0.00284546008334, 0.00360656739213, -0.000386011757655], [0.000629712245427, -0.00192702817731, 0.00125957629643, -0.00233602384105, -0.00201728497632, -0.00377160543576, 0.0130474381149, -0.00530549325049, -0.00250888429582, 0.00180161173921, -4.95511594636e-05, -0.00163261487614, 0.0014278559247], [-0.000550183409359, 0.00179578061216, -0.00215100962669, 0.00166294153314, 0.00173142261337, -0.00113650085405, -0.00530549325049, 0.0155529389158, -0.00387825327925, -0.00104832288343, 0.00253799860366, -0.00149274128489, 0.000355747062713], [0.000234932565945, -0.00173309328966, 0.00138159561902, -0.00235323072411, -0.000293324526865, 0.00207007071003, -0.00250888429582, -0.00387825327925, 0.0127536486834, -0.00460969144478, 0.000398200936615, 1.3614542695e-05, -0.000296394049656], [-0.000505641743075, 0.00286739692092, -0.00210548751056, 0.00183125480544, -0.00275785499252, 0.000604068569373, 0.00180161173921, -0.00104832288343, -0.00460969144478, 0.0168506894261, -0.00766012445092, 0.00196491740644, -0.00180808233563], [0.000282958091702, -0.00351468427107, 0.000807791133411, -0.00107735267375, 0.000992700690404, -0.00284546008334, -4.95511594636e-05, 0.00253799860366, 0.000398200936615, -0.00766012445092, 0.0186777450144, -0.0113315181807, 0.00294348271564], [-0.000571160460822, 0.00447364011779, -0.00186273816507, 0.00103822024539, -0.00109494919889, 0.00360656739213, -0.00163261487614, -0.00149274128489, 1.3614542695e-05, 0.00196491740644, -0.0113315181807, 0.02509688586, -0.00931598711759], [0.000149245664943, -0.00207933364436, 0.000471094273962, -0.00113235320896, 7.3380448157e-05, -0.000386011757655, 0.0014278559247, 0.000355747062713, -0.000296394049656, -0.00180808233563, 0.00294348271564, -0.00931598711759, 0.01611501351]]
    },
    "melbands": {
        "dmean": [0.000123918493045, 0.000256681494648, 0.000186508317711, 0.000172391868546, 0.000214919287828, 0.000307202135446, 8.99119477253e-05, 7.97351676738e-05, 0.000102217345557, 0.00012406129099, 3.95634815504e-05, 3.87792060792e-05, 3.42842540704e-05, 2.71290900855e-05, 6.68262000545e-05, 4.00707103836e-05, 1.54034860316e-05, 2.71220815193e-05, 2.08899182326e-05, 2.42421083385e-05, 1.40514830491e-05, 1.51386084326e-05, 6.97530413163e-06, 5.54583994017e-06, 4.21667346018e-06, 3.87813724956e-06, 3.04777518068e-06, 2.3673958367e-06, 1.25184840272e-06, 6.05015713973e-07, 4.60368255517e-07, 2.55769180058e-07, 1.98902100124e-07, 1.97689601578e-07, 1.48404836864e-07, 9.0294982158e-08, 6.09274053431e-08, 6.09584986933e-08, 4.07303950567e-08, 3.20666977416e-08],
        "dmean2": [0.000175788707566, 0.000345039588865, 0.00027746357955, 0.000274231744697, 0.000300996005535, 0.000383645296097, 0.00012884788157, 0.000106822997623, 0.000131542372401, 0.000176424888195, 5.74190089537e-05, 5.29703538632e-05, 5.26414551132e-05, 3.97882395191e-05, 9.33598712436e-05, 6.2428865931e-05, 2.20243655349e-05, 4.31562002632e-05, 3.12171760015e-05, 3.78694130632e-05, 2.23510396609e-05, 2.42973983404e-05, 1.13175719889e-05, 9.01750718185e-06, 6.76445824865e-06, 6.2104427343e-06, 5.05118896399e-06, 3.90554669139e-06, 2.01326065508e-06, 9.89259319795e-07, 7.24296000953e-07, 4.21658256755e-07, 3.16374240583e-07, 3.14272881496e-07, 2.4891514272e-07, 1.50337029936e-07, 1.06170098491e-07, 1.08912793451e-07, 7.11510708129e-08, 5.76472629632e-08],
        "dvar": [1.15215229357e-07, 1.62691819128e-07, 1.09053303277e-07, 1.30104794493e-07, 1.62788808211e-07, 5.01354975313e-07, 3.62374095175e-08, 4.34585487596e-08, 1.90634921182e-07, 9.82912240488e-08, 1.19726495384e-08, 1.19657119768e-08, 8.0726847429e-09, 4.59064031233e-09, 5.49420420271e-08, 1.41742333426e-08, 3.49737683258e-09, 6.0738747365e-09, 2.81691181492e-09, 3.77491415904e-09, 1.96932203878e-09, 1.87549353825e-09, 2.27375923645e-10, 1.33018346338e-10, 1.22997126373e-10, 1.8574608518e-10, 8.3662791972e-11, 6.50735090812e-11, 1.42482206589e-11, 1.99567120641e-12, 1.69556317771e-12, 3.53870307623e-13, 2.5059102471e-13, 5.22623882105e-13, 3.5600735142e-13, 1.64195900257e-13, 9.19770038127e-14, 9.5935209104e-14, 4.71614256979e-14, 3.51298207375e-14],
        "dvar2": [3.10660198011e-07, 3.06833300101e-07, 2.43844283432e-07, 3.13507655392e-07, 3.41081175748e-07, 6.28244151812e-07, 6.67862849468e-08, 7.8007907689e-08, 2.78511379292e-07, 2.03126077736e-07, 2.43788793597e-08, 2.01734611238e-08, 1.88474533758e-08, 9.47064471291e-09, 1.03503985827e-07, 3.15060795231e-08, 5.23935739238e-09, 1.58279291895e-08, 5.72053560077e-09, 7.99362531723e-09, 4.93231544496e-09, 4.44218573037e-09, 6.10298367398e-10, 3.61065261023e-10, 3.08369441093e-10, 4.34317665166e-10, 2.12169531943e-10, 1.71195252419e-10, 3.66530902851e-11, 4.98516202277e-12, 4.16252492544e-12, 9.26818734606e-13, 6.00499034178e-13, 1.18141369083e-12, 9.66222653102e-13, 4.33328123817e-13, 2.55371272089e-13, 2.70856931718e-13, 1.23459930972e-13, 9.82016185491e-14],
        "max": [0.00985625013709, 0.0103948125616, 0.00656634336337, 0.00553815858439, 0.00671901553869, 0.0207174066454, 0.00731325289235, 0.00556495320052, 0.0115218563005, 0.00508976215497, 0.00385277438909, 0.00349708413705, 0.00204995158128, 0.00172459427267, 0.00387342926115, 0.00283485744148, 0.00223736627959, 0.00203805533238, 0.00114993716124, 0.00122835161164, 0.00110709981527, 0.000878364196979, 0.000256510975305, 0.000193735177163, 0.000281714193989, 0.000345906650182, 0.000157967529958, 0.000155668356456, 7.82299321145e-05, 2.62182456936e-05, 3.22094492731e-05, 8.86667112354e-06, 7.64432843425e-06, 1.48531944433e-05, 1.14132044473e-05, 6.83990629113e-06, 5.64525817026e-06, 4.05338187193e-06, 3.28802821059e-06, 3.44445811606e-06],
        "mean": [0.000567871786188, 0.00126342626754, 0.000460494455183, 0.000318602804327, 0.000598209095187, 0.00103059131652, 0.000217485867324, 0.000162953743711, 0.000190570819541, 0.000212806306081, 7.31711697881e-05, 8.14059967524e-05, 6.33152376395e-05, 5.13132763444e-05, 0.000106620616862, 5.71489508729e-05, 2.75275397144e-05, 4.60723640572e-05, 3.70674351871e-05, 3.80264427804e-05, 2.31645499298e-05, 2.4028646294e-05, 1.13233736556e-05, 9.53854942054e-06, 7.55926521379e-06, 6.03344187766e-06, 4.75905062558e-06, 3.6650826587e-06, 2.14655960917e-06, 1.16097100999e-06, 8.45271244998e-07, 4.51183609584e-07, 3.12850204409e-07, 2.62717691157e-07, 1.80676849482e-07, 1.15096625564e-07, 7.07105911602e-08, 6.05358820849e-08, 4.15583194524e-08, 3.01587803619e-08],
        "median": [0.000114475573355, 0.000550988595933, 0.000256842613453, 0.000161799835041, 0.000210850455915, 0.00022872799309, 7.25938589312e-05, 4.00247372454e-05, 2.13464736589e-05, 4.13569614466e-05, 2.11962869798e-05, 1.22382889458e-05, 1.21750554172e-05, 9.24790401768e-06, 1.1425955563e-05, 1.11395611384e-05, 3.89857041228e-06, 7.93272101873e-06, 4.38527331426e-06, 5.42763746125e-06, 3.12278052661e-06, 3.71849137082e-06, 2.87134866994e-06, 3.01235286315e-06, 1.74415140464e-06, 1.3132849972e-06, 1.11887050025e-06, 1.06436527858e-06, 7.10640506441e-07, 3.60941868394e-07, 2.35615516431e-07, 1.29187256448e-07, 7.698506721e-08, 5.82458135057e-08, 3.68741979173e-08, 2.0524597133e-08, 1.52167842771e-08, 9.36967659015e-09, 4.49394566004e-09, 2.68821609417e-09],
        "min": [2.95887033014e-24, 4.75493247028e-24, 3.81700091423e-24, 2.76494485103e-24, 6.87437216409e-24, 2.27929860916e-24, 4.37418599337e-24, 6.32564840703e-24, 6.80948677691e-24, 4.25333802471e-24, 1.67965092244e-24, 4.33010168497e-24, 4.57818581789e-24, 3.98326163305e-24, 3.30751608467e-24, 2.71917494409e-24, 4.83159752293e-24, 5.3592843318e-24, 4.35023814844e-24, 4.89432931983e-24, 3.5865367785e-24, 4.67150490753e-24, 4.8374153721e-24, 5.69991802055e-24, 5.62121652348e-24, 5.68759680207e-24, 6.93082383933e-24, 5.60942068636e-24, 5.68150087942e-24, 5.57060123565e-24, 7.33793680871e-24, 4.84381816164e-24, 5.495881514e-24, 7.38805077544e-24, 8.5924236521e-24, 7.94384272621e-24, 8.28724492231e-24, 8.51301139135e-24, 7.16939194315e-24, 9.44414178311e-24],
        "var": [7.64862875258e-07, 2.61967466031e-06, 4.02824127832e-07, 2.43836723257e-07, 7.96100152911e-07, 4.86842282044e-06, 1.55213044195e-07, 1.37552859769e-07, 5.77153741688e-07, 2.13535557236e-07, 2.86923071968e-08, 4.45547456707e-08, 1.97090930243e-08, 1.24859003137e-08, 1.15306114878e-07, 2.29375114458e-08, 1.01978994138e-08, 1.61938000787e-08, 8.78288375361e-09, 9.95200011289e-09, 4.05659106306e-09, 3.78492970299e-09, 4.60119137236e-10, 2.70583194739e-10, 2.45940184884e-10, 2.48016496229e-10, 1.07054018428e-10, 7.35240410221e-11, 1.74633918437e-11, 4.33940773939e-12, 2.89729329937e-12, 5.95608740279e-13, 3.74946222074e-13, 5.83606242759e-13, 3.13037573293e-13, 1.55607270775e-13, 8.14071981483e-14, 7.59578692804e-14, 4.43613617791e-14, 3.29323055642e-14]
    },
    "mfcc": {
        "mean": [-738.815368652, 153.863265991, -23.4657001495, 33.0960769653, -1.99702358246, 4.16140937805, -2.14696907997, -1.3010160923, -4.94822788239, -1.36615109444, -5.10257434845, -0.831312716007, -1.9577845335],
        "cov": [[20060.4453125, 3722.96899414, -1768.1607666, 1276.92602539, -390.089538574, 235.629547119, -465.078918457, 34.2412528992, -245.846038818, 10.6694450378, -224.340560913, 193.565612793, 113.397277832], [3722.96899414, 2188.85864258, -169.050552368, 439.838348389, 58.2012481689, 59.5313224792, -5.44580698013, -39.0177345276, -27.0581226349, 11.9627027512, 6.5535492897, 25.4650440216, 3.6900396347], [-1768.1607666, -169.050552368, 498.150421143, -52.1174697876, 105.318992615, 25.036737442, 112.443367004, 33.2639541626, 49.7612304688, 20.7013397217, 68.3768081665, 14.9958343506, 0.710744917393], [1276.92602539, 439.838348389, -52.1174697876, 276.009277344, 19.6260662079, 59.8389701843, -13.5195798874, 22.3223400116, 15.570397377, 29.073097229, 9.12334728241, 27.3917446136, 16.4936790466], [-390.089538574, 58.2012481689, 105.318992615, 19.6260662079, 164.009567261, 81.4184951782, 79.7147598267, 10.7510795593, 36.7589683533, 18.3129272461, 35.6532859802, 36.7292976379, 19.3010234833], [235.629547119, 59.5313224792, 25.036737442, 59.8389701843, 81.4184951782, 184.050506592, 96.5152359009, 53.2983589172, 33.4087181091, 47.4056777954, 41.3984718323, 44.6148910522, 17.7312088013], [-465.078918457, -5.44580698013, 112.443367004, -13.5195798874, 79.7147598267, 96.5152359009, 183.76914978, 62.081489563, 39.1655769348, 18.4622325897, 43.5302429199, 36.6893081665, 19.0981311798], [34.2412528992, -39.0177345276, 33.2639541626, 22.3223400116, 10.7510795593, 53.2983589172, 62.081489563, 136.859786987, 51.7342414856, 37.4877548218, 30.2851238251, 20.4879646301, 6.86899709702], [-245.846038818, -27.0581226349, 49.7612304688, 15.570397377, 36.7589683533, 33.4087181091, 39.1655769348, 51.7342414856, 114.846633911, 56.9193382263, 19.4417457581, 11.0986995697, 8.16111087799], [10.6694450378, 11.9627027512, 20.7013397217, 29.073097229, 18.3129272461, 47.4056777954, 18.4622325897, 37.4877548218, 56.9193382263, 101.333992004, 45.3369750977, 14.0396156311, 2.19598031044], [-224.340560913, 6.5535492897, 68.3768081665, 9.12334728241, 35.6532859802, 41.3984718323, 43.5302429199, 30.2851238251, 19.4417457581, 45.3369750977, 101.848365784, 47.1169242859, 2.29873847961], [193.565612793, 25.4650440216, 14.9958343506, 27.3917446136, 36.7292976379, 44.6148910522, 36.6893081665, 20.4879646301, 11.0986995697, 14.0396156311, 47.1169242859, 119.422348022, 55.3825531006], [113.397277832, 3.6900396347, 0.710744917393, 16.4936790466, 19.3010234833, 17.7312088013, 19.0981311798, 6.86899709702, 8.16111087799, 2.19598031044, 2.29873847961, 55.3825531006, 104.503456116]],
