{
"lowlevel": {
    "average_loudness": 0.956738948822,
    "barkbands_crest": {
        "dmean": 3.25091147423,
        "dmean2": 5.4383263588,
        "dvar": 9.41644763947,
        "dvar2": 19.5414295197,
        "max": 26.7186965942,
        "mean": 15.6533355713,
        "median": 15.6915311813,
        "min": 3.42129206657,
        "var": 26.240606308
    },
    "barkbands_flatness_db": {
        "dmean": 0.0798713043332,
        "dmean2": 0.111881770194,
        "dvar": 0.00661710137501,
        "dvar2": 0.0131167434156,
        "max": 0.744460642338,
        "mean": 0.324955701828,
        "median": 0.298815846443,
        "min": 0.0292131230235,
        "var": 0.0226624831557
    },
    "barkbands_kurtosis": {
        "dmean": 31.7803115845,
        "dmean2": 55.196144104,
        "dvar": 8968.62890625,
        "dvar2": 24035.0117188,
        "max": 2130.68139648,
        "mean": 42.0490379333,
        "median": 19.9327964783,
        "min": -1.85507941246,
        "var": 9442.63378906
    },
    "barkbands_skewness": {
        "dmean": 1.58468747139,
        "dmean2": 2.63280653954,
        "dvar": 5.46675157547,
        "dvar2": 14.0904521942,
        "max": 38.5958557129,
        "mean": 3.99819946289,
        "median": 3.37443947792,
        "min": -1.97590088844,
        "var": 8.5939283371
    },
    "barkbands_spread": {
        "dmean": 3.68166637421,
        "dmean2": 6.14899206161,
        "dvar": 59.1773719788,
        "dvar2": 138.898620605,
        "max": 118.146354675,
        "mean": 5.56706380844,
        "median": 2.74859619141,
        "min": 0.0321718305349,
        "var": 80.6924514771
    },
    "dissonance": {
        "dmean": 0.0291783995926,
        "dmean2": 0.0493276417255,
        "dvar": 0.000829916330986,
        "dvar2": 0.00225366069935,
        "max": 0.500000119209,
        "mean": 0.457344144583,
        "median": 0.466263711452,
        "min": 0.218828722835,
        "var": 0.00123703095596
    },
    "dynamic_complexity": 4.25361204147,
    "erbbands_crest": {
        "dmean": 2.62969708443,
        "dmean2": 4.19251012802,
        "dvar": 7.71255874634,
        "dvar2": 16.1691951752,
        "max": 26.9476547241,
        "mean": 8.38968467712,
        "median": 7.11576080322,
        "min": 2.48406648636,
        "var": 21.0892887115
    },
    "erbbands_flatness_db": {
        "dmean": 0.0431159734726,
        "dmean2": 0.0611118003726,
        "dvar": 0.002466423437,
        "dvar2": 0.00508109619841,
        "max": 0.510115623474,
        "mean": 0.197050392628,
        "median": 0.186073049903,
        "min": 0.0309704132378,
        "var": 0.00630126334727
    },
    "erbbands_kurtosis": {
        "dmean": 2.82989478111,
        "dmean2": 4.39361715317,
        "dvar": 60.3530807495,
        "dvar2": 111.92300415,
        "max": 108.843734741,
        "mean": 2.96740269661,
        "median": 0.498585700989,
        "min": -1.71083343029,
        "var": 115.757858276
    },
    "erbbands_skewness": {
        "dmean": 0.544072329998,
        "dmean2": 0.838625073433,
        "dvar": 0.514260947704,
        "dvar2": 1.10950672626,
        "max": 8.34516811371,
        "mean": 1.00997757912,
        "median": 0.781797647476,
        "min": -1.23087382317,
        "var": 1.37314414978
    },
    "erbbands_spread": {
        "dmean": 12.7406492233,
        "dmean2": 20.8020629883,
        "dvar": 286.893157959,
        "dvar2": 716.947387695,
        "max": 119.149589539,
        "mean": 31.733039856,
        "median": 26.2045097351,
        "min": 1.46292412281,
        "var": 452.974487305
    },
    "hfc": {
        "dmean": 5.98300027847,
        "dmean2": 10.3341770172,
        "dvar": 162.988052368,
        "dvar2": 456.900421143,
        "max": 134.37059021,
        "mean": 10.6079435349,
        "median": 7.30360460281,
        "min": 1.24462041888e-16,
        "var": 163.075012207
    },
    "melbands_crest": {
        "dmean": 5.66349077225,
        "dmean2": 9.85748577118,
        "dvar": 19.6279506683,
        "dvar2": 48.1956329346,
        "max": 36.7550697327,
        "mean": 24.2632026672,
        "median": 25.4818077087,
        "min": 2.65965676308,
        "var": 57.3753089905
    },
    "melbands_flatness_db": {
        "dmean": 0.088340729475,
        "dmean2": 0.125134721398,
        "dvar": 0.0084449024871,
        "dvar2": 0.01685000211,
        "max": 0.917195618153,
        "mean": 0.444052994251,
        "median": 0.419007837772,
        "min": 0.00754384091124,
        "var": 0.0281630568206
    },
    "melbands_kurtosis": {
        "dmean": 45.3781585693,
        "dmean2": 80.7322692871,
        "dvar": 8691.76757812,
        "dvar2": 25077.0585938,
        "max": 989.411560059,
        "mean": 60.694770813,
        "median": 37.8156738281,
        "min": -1.08368957043,
        "var": 7502.43603516
    },
    "melbands_skewness": {
        "dmean": 1.89209330082,
        "dmean2": 3.24199032784,
        "dvar": 5.4837884903,
        "dvar2": 15.9220819473,
        "max": 24.226266861,
        "mean": 5.07477855682,
        "median": 4.7078166008,
        "min": -0.52507942915,
        "var": 8.33615016937
    },
    "melbands_spread": {
        "dmean": 2.65735077858,
        "dmean2": 4.36563396454,
        "dvar": 27.1573143005,
        "dvar2": 63.9022521973,
        "max": 121.264778137,
        "mean": 4.45057010651,
        "median": 2.16510653496,
        "min": 0.151850521564,
        "var": 45.8694343567
    },
    "pitch_salience": {
        "dmean": 0.121470056474,
        "dmean2": 0.195362046361,
        "dvar": 0.0122118350118,
        "dvar2": 0.0259215794504,
        "max": 0.94772207737,
        "mean": 0.37484562397,
        "median": 0.335600852966,
        "min": 0.0236212518066,
        "var": 0.0354528203607
    },
    "silence_rate_20dB": {
        "dmean": 0,
        "dmean2": 0,
        "dvar": 0,
        "dvar2": 0,
        "max": 1,
        "mean": 1,
        "median": 1,
        "min": 1,
        "var": 0
    },
    "silence_rate_30dB": {
        "dmean": 0.195884779096,
        "dmean2": 0.391834050417,
        "dvar": 0.157523825765,
        "dvar2": 0.356192618608,
        "max": 1,
        "mean": 0.632653057575,
        "median": 1,
        "min": 0,
        "var": 0.232395321131
    },
    "silence_rate_60dB": {
        "dmean": 0.00691358046606,
        "dmean2": 0.0138294370845,
        "dvar": 0.00686598708853,
        "dvar2": 0.0149548044428,
        "max": 1,
        "mean": 0.089532583952,
        "median": 0,
        "min": 0,
        "var": 0.081516854465
    },
    "spectral_centroid": {
        "dmean": 239.934768677,
        "dmean2": 400.352935791,
        "dvar": 135130.890625,
        "dvar2": 329981.90625,
        "max": 11294.9589844,
        "mean": 519.071472168,
        "median": 375.13293457,
        "min": 69.0666427612,
        "var": 187394.484375
    },
    "spectral_complexity": {
        "dmean": 3.85053491592,
        "dmean2": 6.26967382431,
        "dvar": 30.1411838531,
        "dvar2": 76.7537689209,
        "max": 56,
        "mean": 10.911948204,
        "median": 9,
        "min": 0,
        "var": 69.2408599854
    },
    "spectral_decrease": {
        "dmean": 1.04956230373e-08,
        "dmean2": 1.81670323229e-08,
        "dvar": 8.19100579981e-17,
        "dvar2": 2.65277325372e-16,
        "max": 1.22178239185e-28,
        "mean": -2.21229878861e-08,
        "median": -2.24116405434e-08,
        "min": -8.30674480312e-08,
        "var": 1.98198046656e-16
    },
    "spectral_energy": {
        "dmean": 0.0399772077799,
        "dmean2": 0.0692638009787,
        "dvar": 0.0012031677179,
        "dvar2": 0.00388982798904,
        "max": 0.324542850256,
        "mean": 0.0844593942165,
        "median": 0.0855922698975,
        "min": 1.08279565848e-20,
        "var": 0.00288109085523
    },
    "spectral_energyband_high": {
        "dmean": 0.000212474857108,
        "dmean2": 0.000379436998628,
        "dvar": 3.08208257138e-07,
        "dvar2": 8.34593038235e-07,
        "max": 0.00676114670932,
        "mean": 0.000189551094081,
        "median": 1.20218419397e-05,
        "min": 8.15766004776e-21,
        "var": 2.7353289056e-07
    },
    "spectral_energyband_low": {
        "dmean": 0.0382522381842,
        "dmean2": 0.065392754972,
        "dvar": 0.00104777549859,
        "dvar2": 0.00335853849538,
        "max": 0.286029338837,
        "mean": 0.0699065253139,
        "median": 0.0669232606888,
        "min": 4.44072112535e-23,
        "var": 0.00237863906659
    },
    "spectral_energyband_middle_high": {
        "dmean": 0.00102566659916,
        "dmean2": 0.00177872879431,
        "dvar": 5.97966118221e-06,
        "dvar2": 1.63804852491e-05,
        "max": 0.0248998329043,
        "mean": 0.00131043139845,
        "median": 0.000426680664532,
        "min": 1.37992335718e-21,
        "var": 6.1250411818e-06
    },
    "spectral_energyband_middle_low": {
        "dmean": 0.00849371030927,
        "dmean2": 0.0135902995244,
        "dvar": 0.000474008556921,
        "dvar2": 0.0011850517476,
        "max": 0.243682906032,
        "mean": 0.0107229147106,
        "median": 0.00464795622975,
        "min": 1.29908843944e-22,
        "var": 0.000430406274972
    },
    "spectral_entropy": {
        "dmean": 0.49540618062,
        "dmean2": 0.71052390337,
        "dvar": 0.362332373857,
        "dvar2": 0.823930501938,
        "max": 9.79898452759,
        "mean": 6.70514965057,
        "median": 6.83514356613,
        "min": 3.94649553299,
        "var": 0.843390464783
    },
    "spectral_flux": {
        "dmean": 0.0556739754975,
        "dmean2": 0.0880109444261,
        "dvar": 0.00284189777449,
        "dvar2": 0.00694215483963,
        "max": 0.538848698139,
        "mean": 0.151378855109,
        "median": 0.146259903908,
        "min": 1.04057470973e-10,
        "var": 0.00778750097379
    },
    "spectral_kurtosis": {
        "dmean": 20.9874572754,
        "dmean2": 32.6701965332,
        "dvar": 1454.11706543,
        "dvar2": 3181.92822266,
        "max": 697.844055176,
        "mean": 30.3857727051,
        "median": 11.1932868958,
        "min": -1.19066667557,
        "var": 2208.859375
    },
    "spectral_rms": {
        "dmean": 0.00210102042183,
        "dmean2": 0.00360870617442,
        "dvar": 2.89573381451e-06,
        "dvar2": 8.72769214766e-06,
        "max": 0.017794020474,
        "mean": 0.00832962058485,
        "median": 0.00913808867335,
        "min": 3.25020934645e-12,
        "var": 1.30167027237e-05
    },
    "spectral_rolloff": {
        "dmean": 201.185531616,
        "dmean2": 345.821960449,
        "dvar": 1012053.9375,
        "dvar2": 2478424,
        "max": 19143.0175781,
        "mean": 296.378662109,
        "median": 107.666015625,
        "min": 43.06640625,
        "var": 924181.25
    },
    "spectral_skewness": {
        "dmean": 1.31182420254,
        "dmean2": 2.01280641556,
        "dvar": 3.2785654068,
        "dvar2": 7.20832777023,
        "max": 23.803812027,
        "mean": 3.42277884483,
        "median": 2.55391025543,
        "min": -0.0283632576466,
        "var": 6.28233528137
    },
    "spectral_spread": {
        "dmean": 931617.9375,
        "dmean2": 1386545.125,
        "dvar": 1.48521589146e+12,
        "dvar2": 2.70276047667e+12,
        "max": 40548828,
        "mean": 2924038.5,
        "median": 2607628,
        "min": 150497.1875,
        "var": 3.31013475533e+12
    },
    "spectral_strongpeak": {
        "dmean": 0.250276565552,
        "dmean2": 0.39852386713,
        "dvar": 0.0622895173728,
        "dvar2": 0.14573007822,
        "max": 3.33478522301,
        "mean": 0.421294569969,
        "median": 0.371302127838,
        "min": 0,
        "var": 0.148395881057
    },
    "zerocrossingrate": {
        "dmean": 0.00624485593289,
        "dmean2": 0.00799924321473,
        "dvar": 0.000203211588087,
        "dvar2": 0.00026156482636,
        "max": 0.53125,
        "mean": 0.014826037921,
        "median": 0.00830078125,
        "min": 0.001953125,
        "var": 0.000534410763066
    },
    "barkbands": {
        "dmean": [0.0104290442541, 0.0309527460486, 0.00760306278244, 0.00247501418926, 0.00530244875699, 0.00159116159193, 0.000939085672144, 0.000447779719252, 0.00035064574331, 0.000280183012364, 0.00012581764895, 0.000152081760461, 0.000139565818245, 0.000108293257654, 8.65522524691e-05, 5.68542163819e-05, 0.000111464476504, 0.000111692366772, 8.75990008353e-05, 9.39531309996e-05, 4.17981682403e-05, 4.0932711272e-05, 2.4556327844e-05, 1.80130318768e-05, 1.5380925106e-05, 1.54760145961e-05, 7.85273095971e-06],
        "dmean2": [0.0176239404827, 0.0520261265337, 0.012261708267, 0.00427720649168, 0.00966232828796, 0.00283838785253, 0.00162807304878, 0.000762463256251, 0.000609235197771, 0.000482039788039, 0.000214947285713, 0.00026516316575, 0.000235112966038, 0.000189216094441, 0.000153382192366, 0.000101440127764, 0.000205873788218, 0.000201998074772, 0.000159023024025, 0.000175017659785, 7.70357146394e-05, 7.3449278716e-05, 4.36009613622e-05, 3.1568310078e-05, 2.60294091277e-05, 2.68435978796e-05, 1.33662542794e-05],
        "dvar": [0.000152867287397, 0.000736307003535, 0.000281212764094, 4.20678443334e-05, 0.000281974149402, 1.23951540445e-05, 6.97258383298e-06, 1.22660003399e-06, 6.45610498395e-07, 4.53125721833e-07, 5.71479183975e-08, 9.04458161699e-08, 8.65132960826e-08, 6.20083113745e-08, 7.39589864907e-08, 3.47480337837e-08, 1.22313011275e-07, 1.04129433964e-07, 4.49073489506e-08, 6.71862778745e-08, 1.1629780694e-08, 1.38970079888e-08, 5.5042219671e-09, 2.54131715671e-09, 2.39380293365e-09, 2.26367058431e-09, 8.16249401403e-10],
        "dvar2": [0.000398830568884, 0.00206847442314, 0.000639915990178, 0.00010841924086, 0.000796953390818, 3.5487486457e-05, 2.00240392587e-05, 2.92152549264e-06, 1.78791685812e-06, 1.25119345284e-06, 1.52686155275e-07, 2.47181816349e-07, 2.27037048717e-07, 1.69304328779e-07, 2.07332888635e-07, 9.66074509279e-08, 3.4749851352e-07, 2.9081488151e-07, 1.23057276369e-07, 1.90558182567e-07, 3.26916200777e-08, 3.78504090293e-08, 1.45542067287e-08, 6.73933708839e-09, 5.97697269455e-09, 5.96152505139e-09, 2.10642436826e-09],
        "max": [0.097236469388, 0.250075012445, 0.137212529778, 0.0661308839917, 0.169146537781, 0.0373732000589, 0.0346068963408, 0.0373347401619, 0.0156296398491, 0.0104704555124, 0.00434166006744, 0.00368049694225, 0.00612608110532, 0.00311464164406, 0.00444013392553, 0.0034296028316, 0.00383093440905, 0.00446085631847, 0.00262041087262, 0.00374447321519, 0.00166130356956, 0.00155569147319, 0.00106200855225, 0.000993902329355, 0.000707782572135, 0.000725195161067, 0.000423431338277],
        "mean": [0.0157033149153, 0.0475609228015, 0.00902424380183, 0.00243109674193, 0.00443714344874, 0.00177347194403, 0.00104033260141, 0.000501236820128, 0.000422755954787, 0.000323476822814, 0.00014684292546, 0.000174879707629, 0.000182277130079, 0.000115769937111, 8.54576574056e-05, 5.12677361257e-05, 8.97736172192e-05, 9.39631718211e-05, 7.7818207501e-05, 7.64413416618e-05, 3.66121676052e-05, 3.72418253392e-05, 2.45089195232e-05, 1.7438278519e-05, 1.31910128403e-05, 1.20842969409e-05, 5.70121756027e-06],
        "median": [0.00735326483846, 0.0408674106002, 0.00369705073535, 0.00067695917096, 0.00118625699542, 0.000715613830835, 0.000398903444875, 0.000153974062414, 0.000132353874505, 8.40432694531e-05, 3.720906534e-05, 4.93465195177e-05, 4.62895040982e-05, 3.53334180545e-05, 1.29123864099e-05, 7.41137318983e-06, 8.83189568412e-06, 1.0470756024e-05, 8.09687844594e-06, 6.52129710943e-06, 2.41740599449e-06, 1.78992252131e-06, 8.04243484254e-07, 4.05497331712e-07, 1.75077062181e-07, 2.9974410154e-07, 3.50045965547e-08],
        "min": [9.06451509425e-24, 1.21752263575e-23, 2.1191590171e-23, 4.23004730092e-24, 2.4646958708e-23, 3.27069683023e-23, 1.46375523324e-23, 1.20540778328e-23, 3.27521984311e-23, 1.36469200558e-22, 4.51212345024e-23, 7.4309176348e-23, 1.23766861288e-22, 1.24694852013e-22, 8.44085207554e-23, 1.15012789781e-22, 1.49902782333e-22, 2.18049585548e-22, 1.67940181594e-22, 3.15442024741e-22, 4.87867984986e-22, 5.59021471589e-22, 6.16284140014e-22, 9.83609129973e-22, 1.26746587089e-21, 1.99325708168e-21, 2.34084358534e-21],
        "var": [0.000353115232429, 0.00152537645772, 0.000289690127829, 3.45459084201e-05, 0.000173471533344, 1.00796805782e-05, 5.19202967553e-06, 1.61128571108e-06, 7.34268382985e-07, 5.02464217789e-07, 7.86804861264e-08, 1.03765586346e-07, 1.44037102245e-07, 5.60252289006e-08, 5.77493679543e-08, 2.54740637473e-08, 8.0752265319e-08, 7.26512539018e-08, 3.6360344069e-08, 4.6340819182e-08, 9.35319999229e-09, 1.20862182484e-08, 6.06293415473e-09, 2.97928548498e-09, 2.35765562628e-09, 1.82575488061e-09, 6.1826133102e-10]
    },
    "erbbands": {
        "dmean": [1.80909824371, 4.09274482727, 8.12197113037, 7.45583724976, 11.921661377, 20.1687030792, 13.3305234909, 12.9417610168, 12.8028354645, 12.1590032578, 8.99472808838, 8.39370727539, 8.94228458405, 7.74736261368, 4.44390583038, 6.08193206787, 6.24091053009, 5.9680724144, 5.06202459335, 3.25529360771, 3.68952870369, 6.23588943481, 5.73145961761, 5.54690313339, 4.15480709076, 4.33853769302, 2.83449149132, 1.22108769417, 1.47498488426, 1.07425558567, 0.689878225327, 0.426776468754, 0.285806626081, 0.162442058325, 0.126183062792, 0.0474501810968, 0.0328194908798, 0.0121859293431, 0.00120699114632, 5.39936190762e-05],
        "dmean2": [3.20113396645, 5.98040294647, 12.3541879654, 11.6687021255, 20.0162506104, 37.3379478455, 24.3519153595, 23.3545303345, 22.1597270966, 20.9409427643, 15.2137737274, 14.4504795074, 15.6588201523, 13.2077493668, 7.72320795059, 10.6051607132, 10.5290670395, 10.3716573715, 8.92859172821, 5.74383640289, 6.6261639595, 11.5072565079, 10.315653801, 10.0740585327, 7.55912876129, 8.04868793488, 5.26369285583, 2.22394108772, 2.66293811798, 1.91522800922, 1.22940683365, 0.752330362797, 0.503495931625, 0.281551152468, 0.21300265193, 0.0802304148674, 0.0573987551033, 0.0202985033393, 0.00205575255677, 9.33034243644e-05],
        "dvar": [2.85430335999, 23.0680656433, 271.594909668, 283.057342529, 1156.22680664, 4163.89013672, 1313.13134766, 786.341125488, 1158.01477051, 1034.16247559, 408.580993652, 369.362548828, 638.031860352, 251.144485474, 80.7309036255, 147.786193848, 169.749481201, 167.115737915, 229.637329102, 87.8624725342, 151.497711182, 373.057037354, 276.414672852, 211.958114624, 105.129104614, 139.967941284, 56.8673973083, 11.5253009796, 17.6980419159, 10.3669881821, 4.14372968674, 1.6052634716, 0.624082446098, 0.229586049914, 0.201060175896, 0.0230324007571, 0.0099504860118, 0.00153503823094, 2.08259025385e-05, 4.50704273902e-09],
        "dvar2": [9.54450702667, 43.8796577454, 571.958435059, 644.980163574, 3002.82250977, 11931.2626953, 3796.22412109, 2244.18164062, 3332.72998047, 2818.96801758, 1021.34002686, 1003.90393066, 1803.75061035, 659.692199707, 222.438446045, 397.989959717, 442.031494141, 452.580657959, 643.625, 239.313522339, 422.414520264, 1054.33630371, 773.235290527, 592.042358398, 288.622924805, 395.479797363, 159.813049316, 32.2959365845, 48.5773391724, 28.1236228943, 10.8276147842, 4.27248096466, 1.64291369915, 0.587741076946, 0.510134875774, 0.0589769892395, 0.0264041088521, 0.00385492783971, 5.44163849554e-05, 1.25191137457e-08],
        "max": [11.1742095947, 54.4410820007, 135.04296875, 162.441650391, 376.231964111, 628.528930664, 418.2862854, 284.564880371, 404.0831604, 661.769287109, 597.830932617, 385.056274414, 401.805633545, 359.0909729, 172.552062988, 145.661636353, 293.753051758, 164.189407349, 280.786956787, 159.610305786, 224.861938477, 210.650863647, 260.948364258, 157.848068237, 130.475875854, 197.527786255, 79.6394348145, 49.0299263, 60.9410247803, 48.6246032715, 32.4895553589, 26.132232666, 13.9447259903, 6.66085672379, 7.3560962677, 2.26830649376, 1.52962577343, 0.707771360874, 0.075335457921, 0.00105203024577],
        "mean": [2.10880303383, 8.0050201416, 11.2858753204, 8.93570137024, 11.4931964874, 16.0984554291, 12.7299375534, 14.3233852386, 15.0105142593, 13.4403533936, 10.633769989, 10.2450180054, 9.81170558929, 9.61668109894, 5.52117776871, 7.32187271118, 8.34492588043, 6.80444955826, 5.24653148651, 3.21577525139, 3.29338717461, 5.09219646454, 4.99558925629, 4.75245666504, 3.62415003777, 3.62530994415, 2.22136378288, 1.15686750412, 1.32271432877, 1.04479026794, 0.678108453751, 0.420510262251, 0.264678359032, 0.14227412641, 0.103460885584, 0.0400470532477, 0.0248222872615, 0.00970601476729, 0.000896485813428, 0.000104319340608],
        "median": [1.54941701889, 6.3763628006, 5.57484722137, 3.23359918594, 3.26673150063, 4.17216396332, 4.27966594696, 5.74430751801, 6.30825567245, 4.69800758362, 3.32207012177, 3.25022172928, 2.75646615028, 2.38594102859, 1.61913132668, 2.13386249542, 2.19160175323, 2.10040259361, 1.05329310894, 0.509582221508, 0.453392863274, 0.506703555584, 0.5499817729, 0.528800487518, 0.419202178717, 0.310003459454, 0.14724239707, 0.0697441250086, 0.0643150210381, 0.0414142981172, 0.0219421051443, 0.0122470594943, 0.00511171389371, 0.00221205898561, 0.00117454770952, 0.000929788686335, 0.000631992763374, 0.000148307648487, 5.98996921326e-05, 0.00010152766481],
        "min": [3.47561184384e-22, 2.90185561174e-21, 1.43320737976e-20, 3.2346361479e-20, 1.84458013113e-20, 1.33134784214e-19, 1.03782991036e-19, 3.8575327467e-19, 1.20620536748e-19, 3.33860951972e-19, 3.2570802721e-19, 6.84051328115e-19, 1.51184968949e-18, 5.48488326779e-18, 2.01405616498e-18, 3.57913565067e-18, 6.16544570317e-18, 7.02789688346e-18, 4.24435305852e-18, 6.16898479543e-18, 4.89117396954e-18, 8.90847794403e-18, 1.14879439041e-17, 8.94439743495e-18, 1.03498715943e-17, 1.40616915647e-17, 1.71384957322e-17, 2.1740486946e-17, 1.76369134103e-17, 1.85701269968e-17, 1.80237824741e-17, 1.86149403337e-17, 1.76448295287e-17, 1.37615788579e-17, 9.86843593414e-18, 6.19543803141e-18, 3.52104316984e-18, 1.50858677217e-18, 2.80777463342e-19, 3.66114824319e-20],
        "var": [3.83357191086, 56.5763092041, 341.191070557, 306.898376465, 896.98046875, 2456.04907227, 847.277648926, 631.858520508, 890.315856934, 917.94921875, 551.50604248, 450.002593994, 528.569274902, 399.625579834, 104.99521637, 186.663635254, 301.271881104, 167.322402954, 184.948028564, 72.9653015137, 107.963218689, 251.893295288, 198.88293457, 153.571853638, 83.5653762817, 99.8620681763, 39.9361495972, 10.177573204, 15.2414274216, 9.97586631775, 4.64489269257, 1.86539626122, 0.692317664623, 0.23773445189, 0.175456449389, 0.020826485008, 0.00773063953966, 0.00127932231408, 1.52802058437e-05, 6.14484418904e-09]
    },
    "gfcc": {
        "mean": [-107.196044922, 164.282119751, -63.8985557556, 27.5528469086, -26.7955360413, 2.88433384895, -9.8152513504, 3.19475865364, -8.12975120544, 3.19783878326, 1.11589086056, -0.914020717144, -7.88962650299],
        "cov": [[17555.6191406, -4551.91992188, -2329.11621094, 1103.99963379, -1127.66333008, 670.832092285, -650.4296875, 478.835998535, -736.182128906, 366.278808594, -613.583679199, 566.829101562, -544.18939209], [-4551.91992188, 2794.65014648, 686.560852051, -509.2684021, 637.691345215, -310.231903076, 483.409332275, -290.923675537, 410.864746094, -211.192428589, 337.13848877, -241.083847046, 279.698425293], [-2329.11621094, 686.560852051, 1347.57067871, -141.270935059, 372.549957275, -57.7272033691, 213.978378296, 13.3616952896, 162.087966919, -26.5282096863, 119.128639221, -101.311584473, 88.1293106079], [1103.99963379, -509.2684021, -141.270935059, 590.118041992, -104.510040283, 29.4945678711, 5.06968355179, 24.9159564972, -16.2806453705, -0.286347180605, -20.4179973602, -11.0982933044, -17.9068698883], [-1127.66333008, 637.691345215, 372.549957275, -104.510040283, 434.605926514, -40.4725646973, 194.323471069, -29.847492218, 135.823867798, -12.9243440628, 109.529434204, -56.2194252014, 66.1171112061], [670.832092285, -310.231903076, -57.7272033691, 29.4945678711, -40.4725646973, 144.854934692, -41.7694015503, 53.7107200623, -34.6359214783, 28.9490203857, -29.0329551697, 35.376033783, -32.9444999695], [-650.4296875, 483.409332275, 213.978378296, 5.06968355179, 194.323471069, -41.7694015503, 253.81741333, -23.7610797882, 132.091537476, -9.2542924881, 95.1012039185, -38.1474761963, 54.9320487976], [478.835998535, -290.923675537, 13.3616952896, 24.9159564972, -29.847492218, 53.7107200623, -23.7610797882, 115.433959961, -12.0364141464, 49.6568603516, -17.3289985657, 30.6863975525, -22.986618042], [-736.182128906, 410.864746094, 162.087966919, -16.2806453705, 135.823867798, -34.6359214783, 132.091537476, -12.0364141464, 141.549072266, -3.80420517921, 86.3740844727, -33.0624160767, 58.571182251], [366.278808594, -211.192428589, -26.5282096863, -0.286347180605, -12.9243440628, 28.9490203857, -9.2542924881, 49.6568603516, -3.80420517921, 81.9695281982, 2.05317568779, 43.767288208, -16.9219474792], [-613.583679199, 337.13848877, 119.128639221, -20.4179973602, 109.529434204, -29.0329551697, 95.1012039185, -17.3289985657, 86.3740844727, 2.05317568779, 104.446594238, -14.8902416229, 58.2197952271], [566.829101562, -241.083847046, -101.311584473, -11.0982933044, -56.2194252014, 35.376033783, -38.1474761963, 30.6863975525, -33.0624160767, 43.767288208, -14.8902416229, 82.2470855713, -13.3648414612], [-544.18939209, 279.698425293, 88.1293106079, -17.9068698883, 66.1171112061, -32.9444999695, 54.9320487976, -22.986618042, 58.571182251, -16.9219474792, 58.2197952271, -13.3648414612, 75.06275177]],
        "icov": [[0.000140509102494, -3.39408256878e-06, 0.00013229608885, -0.00020074294298, -1.53243527166e-05, -0.000217360793613, -0.000160363677423, -0.000205744086998, 0.000250555138336, -7.21010801499e-05, 0.000276907841908, -0.000522144022398, 0.000281042885035], [-3.39408256878e-06, 0.00300037884153, 0.000142935590702, 0.00214176648296, -0.000751455372665, 0.00141627364792, -0.00134011707269, 0.00259717740119, -0.00275513413362, 0.00346617377363, -0.00276872655377, 0.00275368569419, -0.0022329504136], [0.00013229608885, 0.000142935590702, 0.00122559291776, 0.000101809884654, -0.000668568594847, -5.70864431211e-05, -0.000461877614725, -0.000875819532666, 0.000107166160888, 0.000157815942657, 0.000102502737718, 0.000628240290098, -0.000370184337953], [-0.00020074294298, 0.00214176648296, 0.000101809884654, 0.00372991454788, 0.000125511811348, 0.000937438511755, -0.00146407820284, 0.0016371399397, -0.002076969482, 0.00253403163515, -0.00238247471862, 0.00372880883515, -0.00208834162913], [-1.53243527166e-05, -0.000751455372665, -0.000668568594847, 0.000125511811348, 0.00477911205962, -0.000870009243954, -0.00159029185306, -7.36635483918e-05, -1.38970799526e-05, -0.00139869179111, -0.000856281199958, 0.000698218296748, 0.00053769198712], [-0.000217360793613, 0.00141627364792, -5.70864431211e-05, 0.000937438511755, -0.000870009243954, 0.0104261338711, 0.000152208449435, -0.00187431438826, -0.00139128509909, 0.00246742647141, -0.00179269909859, -0.000635846459772, 0.0010135397315], [-0.000160363677423, -0.00134011707269, -0.000461877614725, -0.00146407820284, -0.00159029185306, 0.000152208449435, 0.0100156711414, -0.00023360166233, -0.0050015556626, -0.000856460363138, -0.0012935885461, -0.00138288608287, 0.00255708233453], [-0.000205744086998, 0.00259717740119, -0.000875819532666, 0.0016371399397, -7.36635483918e-05, -0.00187431438826, -0.00023360166233, 0.0168402064592, -0.00474398676306, -0.0041045434773, -0.000456910114735, 0.00247022067197, -0.00160952983424], [0.000250555138336, -0.00275513413362, 0.000107166160888, -0.002076969482, -1.38970799526e-05, -0.00139128509909, -0.0050015556626, -0.00474398676306, 0.0244340766221, -0.00559618184343, -0.00485343392938, 0.00148514134344, -0.00322817498818], [-7.21010801499e-05, 0.00346617377363, 0.000157815942657, 0.00253403163515, -0.00139869179111, 0.00246742647141, -0.000856460363138, -0.0041045434773, -0.00559618184343, 0.0277258586138, -0.00860952585936, -0.00750075699762, 0.00462493672967], [0.000276907841908, -0.00276872655377, 0.000102502737718, -0.00238247471862, -0.000856281199958, -0.00179269909859, -0.0012935885461, -0.000456910114735, -0.00485343392938, -0.00860952585936, 0.030161254108, -0.00397185608745, -0.00984468776733], [-0.000522144022398, 0.00275368569419, 0.000628240290098, 0.00372880883515, 0.000698218296748, -0.000635846459772, -0.00138288608287, 0.00247022067197, 0.00148514134344, -0.00750075699762, -0.00397185608745, 0.0268617831171, -0.00800632406026], [0.000281042885035, -0.0022329504136, -0.000370184337953, -0.00208834162913, 0.00053769198712, 0.0010135397315, 0.00255708233453, -0.00160952983424, -0.00322817498818, 0.00462493672967, -0.00984468776733, -0.00800632406026, 0.0309952888638]]
    },
    "melbands": {
        "dmean": [0.0117325671017, 0.00377277540974, 0.00122431607451, 0.00127451377921, 0.000529679702595, 0.000289105664706, 0.000196267763386, 0.000123395817354, 7.0335023338e-05, 5.14678613399e-05, 4.46308295068e-05, 3.2386265957e-05, 1.48156050273e-05, 1.7360513084e-05, 1.49802426677e-05, 1.35395921461e-05, 1.11603139885e-05, 8.29098280519e-06, 5.90530953559e-06, 3.62175637747e-06, 4.53092297903e-06, 6.5418153099e-06, 5.71404279981e-06, 5.42821271665e-06, 4.46315971203e-06, 3.39629514201e-06, 2.70382929557e-06, 3.01930435853e-06, 2.18049217438e-06, 9.08993570192e-07, 6.75038222653e-07, 8.20053571715e-07, 8.49608397857e-07, 5.00618455135e-07, 3.93947715338e-07, 3.61172936891e-07, 2.27066351499e-07, 1.9592873457e-07, 1.84852311236e-07, 1.21323921576e-07],
        "dmean2": [0.0202837996185, 0.00542313372716, 0.00181154045276, 0.00227980245836, 0.000973938265815, 0.000518545683008, 0.000339171732776, 0.000211749764276, 0.000118364405353, 8.91832314664e-05, 7.8119293903e-05, 5.50596123503e-05, 2.56143503066e-05, 3.04615132336e-05, 2.58457203017e-05, 2.28823228099e-05, 1.94532603928e-05, 1.46052088894e-05, 1.04304435808e-05, 6.45116278974e-06, 8.15999374026e-06, 1.21056036733e-05, 1.03865795609e-05, 9.83582594927e-06, 8.12061080069e-06, 6.21645040155e-06, 4.95277026857e-06, 5.61617798667e-06, 4.07273182645e-06, 1.67445818988e-06, 1.22970516259e-06, 1.49019865603e-06, 1.52468021497e-06, 8.9195577857e-07, 6.97539292105e-07, 6.45227771656e-07, 3.9720552536e-07, 3.4387329606e-07, 3.28401796423e-07, 2.09848778354e-07],
        "dvar": [0.000108902509965, 3.66271124221e-05, 6.6007028181e-06, 1.5688716303e-05, 2.35209517996e-06, 3.96836668415e-07, 2.82944910168e-07, 1.03386284422e-07, 2.29235546101e-08, 1.50661421117e-08, 1.6100393907e-08, 4.44167058689e-09, 8.31169022497e-10, 1.18327503351e-09, 1.03039488053e-09, 8.04961874934e-10, 5.82309644948e-10, 5.92579152414e-10, 3.44048511902e-10, 1.09511226476e-10, 2.37958014404e-10, 4.20750434493e-10, 2.92796425994e-10, 2.62466465228e-10, 1.3217463235e-10, 6.94235016696e-11, 4.76577562136e-11, 7.26305127152e-11, 3.72062901322e-11, 4.74814155008e-12, 4.34524334916e-12, 5.9044553101e-12, 5.99609294508e-12, 2.51717743871e-12, 1.41553663322e-12, 1.16425575777e-12, 4.94374940291e-13, 3.07440027212e-13, 2.66320060623e-13, 1.39837346889e-13],
        "dvar2": [0.000339514022926, 6.55347539578e-05, 1.29569607452e-05, 4.37328635599e-05, 6.79890081301e-06, 1.13388466616e-06, 8.13787437437e-07, 2.72873364793e-07, 5.83060213444e-08, 4.17110364026e-08, 4.55685338352e-08, 1.16524772054e-08, 2.24754148626e-09, 3.24351412395e-09, 2.76559997126e-09, 2.14732698289e-09, 1.5853464097e-09, 1.65749658443e-09, 9.58295776066e-10, 2.99220648259e-10, 6.66374289082e-10, 1.19586673897e-09, 8.19329770696e-10, 7.37286010022e-10, 3.705338536e-10, 1.90929688726e-10, 1.34516828232e-10, 2.05458594582e-10, 1.05118823368e-10, 1.31607311854e-11, 1.22928342852e-11, 1.63248824181e-11, 1.63545409854e-11, 6.87748642758e-12, 3.66545726063e-12, 3.13857230136e-12, 1.32550936373e-12, 8.10128548447e-13, 7.0932490567e-13, 3.54802884121e-13],
        "max": [0.078883305192, 0.0561255551875, 0.0260614287108, 0.0423673950136, 0.0155850090086, 0.00665091536939, 0.00652292696759, 0.00845235399902, 0.00426191138104, 0.00238302024081, 0.00201230752282, 0.00151299184654, 0.000480698770843, 0.00041307421634, 0.000681407749653, 0.00042940460844, 0.00030527979834, 0.000438518734882, 0.000331956980517, 0.000223548515351, 0.000279966305243, 0.00023024926486, 0.000273781537544, 0.000193090832909, 0.000130504646222, 9.94350484689e-05, 7.61134797358e-05, 0.000160541239893, 6.66775376885e-05, 3.56078926416e-05, 3.01472409774e-05, 4.02300647693e-05, 2.99163857562e-05, 2.3866596166e-05, 2.34438139159e-05, 1.73501739482e-05, 1.70584044099e-05, 1.05188091766e-05, 7.35235789762e-06, 5.1732895372e-06],
        "mean": [0.0168850310147, 0.00736830802634, 0.00163559545763, 0.00109598087147, 0.000483820680529, 0.00032522183028, 0.000229408193263, 0.000137425260618, 8.44090172905e-05, 6.17047844571e-05, 4.77901376144e-05, 3.93726841139e-05, 1.82857875188e-05, 1.95802203962e-05, 1.87513378478e-05, 1.72998516064e-05, 1.206007164e-05, 8.50315882417e-06, 5.76930005991e-06, 3.34584387929e-06, 3.92793117499e-06, 5.14664498041e-06, 5.02922966916e-06, 4.44870329375e-06, 3.80188680538e-06, 2.82651103589e-06, 2.37592621488e-06, 2.43603722083e-06, 1.61669026966e-06, 8.03614909728e-07, 6.26462679065e-07, 7.26634254988e-07, 7.52222319989e-07, 5.03723299516e-07, 3.93935465581e-07, 3.26252916238e-07, 2.30157809256e-07, 1.87502507742e-07, 1.54448073886e-07, 1.06546124812e-07],
        "median": [0.0142512824386, 0.0049438602291, 0.000613046926446, 0.000301923428196, 0.000159204224474, 0.000131915905513, 9.42694896366e-05, 4.76006680401e-05, 2.58962609223e-05, 1.95000247913e-05, 1.30884527607e-05, 9.73885835265e-06, 5.28136388311e-06, 5.32614558324e-06, 5.16626369063e-06, 4.44698616775e-06, 3.6662495404e-06, 1.70276018707e-06, 8.78051082509e-07, 5.06009541823e-07, 4.94992946187e-07, 4.80543292269e-07, 4.71979433314e-07, 4.92943058816e-07, 4.0024750092e-07, 2.87726606985e-07, 2.60163233179e-07, 1.81168019253e-07, 9.63715933722e-08, 5.43042872891e-08, 3.31606031523e-08, 3.63079735166e-08, 3.09707104407e-08, 1.81994757043e-08, 1.24712649097e-08, 8.98870045063e-09, 5.67822144859e-09, 3.64023700072e-09, 2.27595364777e-09, 1.47465217815e-09],
        "min": [4.1894663238e-24, 7.27378979534e-24, 4.87758732484e-24, 5.06539499042e-24, 4.7381167168e-24, 7.65999716188e-24, 2.17281915025e-24, 3.43062828134e-24, 2.66315497298e-24, 4.81635791353e-24, 8.11339496715e-24, 2.35136085564e-23, 5.95004845865e-24, 6.84031703881e-24, 1.48585816917e-23, 1.07796343863e-23, 1.36472573727e-23, 5.85754544562e-24, 7.09269494164e-24, 9.24931128332e-24, 4.73025571788e-24, 8.56552112865e-24, 1.0888129582e-23, 1.07962777737e-23, 6.50105794019e-24, 7.95938880807e-24, 8.57123011502e-24, 9.61738668195e-24, 9.84859786897e-24, 1.27119846724e-23, 1.24176882787e-23, 9.58270441225e-24, 1.06369073604e-23, 1.01945646519e-23, 9.60490926901e-24, 1.10612458965e-23, 1.13119916461e-23, 1.3660713762e-23, 1.00743990479e-23, 1.21090843149e-23],
        "var": [0.000190357051906, 7.27000369807e-05, 9.08333822736e-06, 1.00923225546e-05, 1.43568377098e-06, 3.22615591131e-07, 2.17464361185e-07, 1.02464298379e-07, 3.20929629538e-08, 1.6872341746e-08, 1.30585364744e-08, 6.95622626168e-09, 1.15600751194e-09, 1.34135813568e-09, 1.51151791083e-09, 1.16261089644e-09, 5.53758428001e-10, 4.79978001788e-10, 2.68875866016e-10, 8.80774203571e-11, 1.65861671619e-10, 2.75260120253e-10, 2.12970710511e-10, 1.75943259961e-10, 9.60701310171e-11, 5.3614019474e-11, 3.6432985101e-11, 5.00467063624e-11, 2.46843014778e-11, 4.12346545797e-12, 3.59022555609e-12, 4.90696979577e-12, 5.0912590116e-12, 2.5115148676e-12, 1.63740147743e-12, 1.1572730621e-12, 5.92733978219e-13, 3.59761049076e-13, 2.55702441642e-13, 1.42983498305e-13]
    },
    "mfcc": {
        "mean": [-759.984619141, 189.295074463, 34.3864250183, 38.3087081909, 11.9718132019, 13.619187355, 11.7150650024, 8.78453922272, -0.332296311855, 8.2626581192, 9.99265384674, 6.19227218628, 3.18041753769],
        "cov": [[15186.7880859, -2606.71679688, -2836.51782227, 315.24005127, -656.481689453, -82.5943450928, -203.678131104, 119.62084198, -336.44241333, -31.3874893188, -236.747802734, -159.510055542, -149.477874756], [-2606.71679688, 2211.7565918, 376.63482666, -104.979621887, 210.940002441, 116.944389343, 155.754226685, 63.1439704895, 107.423179626, 48.7076759338, 118.728027344, 73.0167770386, 73.1817245483], [-2836.51782227, 376.63482666, 1123.42553711, 19.239107132, 176.519973755, 22.5353145599, 51.6639709473, 7.70562744141, 99.1304321289, 15.7529573441, 54.4045333862, 39.8948936462, 29.4359874725], [315.24005127, -104.979621887, 19.239107132, 439.153198242, 28.2881565094, 67.2133255005, 57.4626426697, 37.7666091919, 29.9566040039, 43.43724823, 27.8677501678, 11.4900503159, 16.2906227112], [-656.481689453, 210.940002441, 176.519973755, 28.2881565094, 213.382263184, 38.5578193665, 50.8134460449, 17.6268539429, 36.4984016418, 18.9498710632, 28.276052475, 22.3789272308, 5.88167715073], [-82.5943450928, 116.944389343, 22.5353145599, 67.2133255005, 38.5578193665, 111.963157654, 41.3200759888, 33.8794937134, 16.1926765442, 19.5495891571, 22.8750953674, 16.917881012, 14.3911371231], [-203.678131104, 155.754226685, 51.6639709473, 57.4626426697, 50.8134460449, 41.3200759888, 92.6956787109, 32.5242919922, 29.4166278839, 28.0802135468, 30.9186248779, 17.7551689148, 13.8639278412], [119.62084198, 63.1439704895, 7.70562744141, 37.7666091919, 17.6268539429, 33.8794937134, 32.5242919922, 71.2234649658, 25.5625152588, 23.4930686951, 18.2377891541, 15.8414773941, 12.5476827621], [-336.44241333, 107.423179626, 99.1304321289, 29.9566040039, 36.4984016418, 16.1926765442, 29.4166278839, 25.5625152588, 61.5132713318, 30.3736991882, 24.8610286713, 16.2926368713, 16.6456851959], [-31.3874893188, 48.7076759338, 15.7529573441, 43.43724823, 18.9498710632, 19.5495891571, 28.0802135468, 23.4930686951, 30.3736991882, 58.4108963013, 34.3831787109, 18.8749980927, 13.3000593185], [-236.747802734, 118.728027344, 54.4045333862, 27.8677501678, 28.276052475, 22.8750953674, 30.9186248779, 18.2377891541, 24.8610286713, 34.3831787109, 59.799697876, 27.9820404053, 18.2433166504], [-159.510055542, 73.0167770386, 39.8948936462, 11.4900503159, 22.3789272308, 16.917881012, 17.7551689148, 15.8414773941, 16.2926368713, 18.8749980927, 27.9820404053, 40.8375244141, 21.8313560486], [-149.477874756, 73.1817245483, 29.4359874725, 16.2906227112, 5.88167715073, 14.3911371231, 13.8639278412, 12.5476827621, 16.6456851959, 13.3000593185, 18.2433166504, 21.8313560486, 38.9386863708]],
