{
"lowlevel": {
    "average_loudness": 0.891260504723,
    "barkbands_crest": {
        "dmean": 2.49270892143,
        "dmean2": 3.91337275505,
        "dvar": 5.68662500381,
        "dvar2": 13.2132940292,
        "max": 24.9701862335,
        "mean": 8.99976921082,
        "median": 8.03500843048,
        "min": 1.96946024895,
        "var": 18.0611438751
    },
    "barkbands_flatness_db": {
        "dmean": 0.0226913020015,
        "dmean2": 0.0350903682411,
        "dvar": 0.000534917518962,
        "dvar2": 0.00119545077905,
        "max": 0.357460379601,
        "mean": 0.0895478278399,
        "median": 0.0820260047913,
        "min": 0.0116468379274,
        "var": 0.00178977986798
    },
    "barkbands_kurtosis": {
        "dmean": 2.12763905525,
        "dmean2": 3.35280370712,
        "dvar": 35.0500984192,
        "dvar2": 74.5816116333,
        "max": 279.37399292,
        "mean": 2.0893099308,
        "median": 0.118072628975,
        "min": -1.84913706779,
        "var": 66.4983291626
    },
    "barkbands_skewness": {
        "dmean": 0.492275863886,
        "dmean2": 0.757587313652,
        "dvar": 0.349635154009,
        "dvar2": 0.761135041714,
        "max": 15.1182661057,
        "mean": 1.2118588686,
        "median": 1.01302313805,
        "min": -2.19698262215,
        "var": 1.214366436
    },
    "barkbands_spread": {
        "dmean": 7.77636814117,
        "dmean2": 12.1569747925,
        "dvar": 69.8653411865,
        "dvar2": 161.543228149,
        "max": 106.296340942,
        "mean": 32.4014778137,
        "median": 30.6697216034,
        "min": 1.31882786751,
        "var": 212.130081177
    },
    "dissonance": {
        "dmean": 0.0123635921627,
        "dmean2": 0.0210926048458,
        "dvar": 0.000156988098752,
        "dvar2": 0.000429669365985,
        "max": 0.500000059605,
        "mean": 0.478171080351,
        "median": 0.481573075056,
        "min": 0.141224682331,
        "var": 0.00025248710881
    },
    "dynamic_complexity": 2.41072297096,
    "erbbands_crest": {
        "dmean": 1.99215304852,
        "dmean2": 3.31397914886,
        "dvar": 3.5002219677,
        "dvar2": 9.07624912262,
        "max": 27.3263168335,
        "mean": 6.59281015396,
        "median": 5.89622402191,
        "min": 2.10437965393,
        "var": 8.76675891876
    },
    "erbbands_flatness_db": {
        "dmean": 0.014142501168,
        "dmean2": 0.0213525667787,
        "dvar": 0.000191247629118,
        "dvar2": 0.000385302642826,
        "max": 0.321442902088,
        "mean": 0.12268269062,
        "median": 0.118017151952,
        "min": 0.0449772626162,
        "var": 0.00110255600885
    },
    "erbbands_kurtosis": {
        "dmean": 0.459844201803,
        "dmean2": 0.739826440811,
        "dvar": 0.26637122035,
        "dvar2": 0.617036402225,
        "max": 12.1938276291,
        "mean": -0.268689721823,
        "median": -0.463139653206,
        "min": -1.66671085358,
        "var": 0.703947007656
    },
    "erbbands_skewness": {
        "dmean": 0.250026285648,
        "dmean2": 0.396433830261,
        "dvar": 0.0468416251242,
        "dvar2": 0.110709570348,
        "max": 2.86210012436,
        "mean": 0.00727727962658,
        "median": 0.012503195554,
        "min": -3.08618879318,
        "var": 0.15143366158
    },
    "erbbands_spread": {
        "dmean": 7.53892183304,
        "dmean2": 11.563123703,
        "dvar": 47.9343223572,
        "dvar2": 103.803741455,
        "max": 155.684570312,
        "mean": 41.7122116089,
        "median": 39.865196228,
        "min": 7.18032693863,
        "var": 215.322860718
    },
    "hfc": {
        "dmean": 13.5371761322,
        "dmean2": 21.2593955994,
        "dvar": 339.312866211,
        "dvar2": 860.6796875,
        "max": 199.288818359,
        "mean": 34.2617492676,
        "median": 28.1494407654,
        "min": 1.06402472272e-16,
        "var": 712.340393066
    },
    "melbands_crest": {
        "dmean": 3.70471096039,
        "dmean2": 5.87275505066,
        "dvar": 12.6361598969,
        "dvar2": 30.7806835175,
        "max": 38.0546379089,
        "mean": 15.3414812088,
        "median": 14.4375,
        "min": 1.49644637108,
        "var": 44.2865562439
    },
    "melbands_flatness_db": {
        "dmean": 0.0303256250918,
        "dmean2": 0.0464930459857,
        "dvar": 0.000922080653254,
        "dvar2": 0.00206548906863,
        "max": 0.471140563488,
        "mean": 0.154273673892,
        "median": 0.146183848381,
        "min": 0.00318341632374,
        "var": 0.00362817756832
    },
    "melbands_kurtosis": {
        "dmean": 6.46025323868,
        "dmean2": 10.0555944443,
        "dvar": 547.325805664,
        "dvar2": 1002.2253418,
        "max": 1705.30004883,
        "mean": 10.8500213623,
        "median": 5.1850399971,
        "min": -1.61435425282,
        "var": 943.194030762
    },
    "melbands_skewness": {
        "dmean": 0.685786128044,
        "dmean2": 1.05302333832,
        "dvar": 0.838239252567,
        "dvar2": 1.74828088284,
        "max": 34.9088249207,
        "mean": 2.484375,
        "median": 2.15878343582,
        "min": -0.794871151447,
        "var": 2.74477577209
    },
    "melbands_spread": {
        "dmean": 9.63068294525,
        "dmean2": 15.1198339462,
        "dvar": 105.778594971,
        "dvar2": 252.647491455,
        "max": 176.209381104,
        "mean": 32.8701972961,
        "median": 31.2025375366,
        "min": 0.410285919905,
        "var": 343.224517822
    },
    "pitch_salience": {
        "dmean": 0.0783020555973,
        "dmean2": 0.123914979398,
        "dvar": 0.00554487248883,
        "dvar2": 0.0134062385187,
        "max": 0.973182320595,
        "mean": 0.544303357601,
        "median": 0.55624884367,
        "min": 0.0356493405998,
        "var": 0.0152126308531
    },
    "silence_rate_20dB": {
        "dmean": 0,
        "dmean2": 0,
        "dvar": 0,
        "dvar2": 0,
        "max": 1,
        "mean": 1,
        "median": 1,
        "min": 1,
        "var": 0
    },
    "silence_rate_30dB": {
        "dmean": 0.00715485122055,
        "dmean2": 0.014310747385,
        "dvar": 0.00710387295112,
        "dvar2": 0.0196512844414,
        "max": 1,
        "mean": 0.99554681778,
        "median": 1,
        "min": 0,
        "var": 0.00443267216906
    },
    "silence_rate_60dB": {
        "dmean": 0.00832299049944,
        "dmean2": 0.0166471954435,
        "dvar": 0.00825311150402,
        "dvar2": 0.018558204174,
        "max": 1,
        "mean": 0.0309534240514,
        "median": 0,
        "min": 0,
        "var": 0.0299984756857
    },
    "spectral_centroid": {
        "dmean": 307.124633789,
        "dmean2": 482.409729004,
        "dvar": 97999.4609375,
        "dvar2": 224005.515625,
        "max": 11681.1660156,
        "mean": 1829.62158203,
        "median": 1796.25292969,
        "min": 345.988006592,
        "var": 748576.25
    },
    "spectral_complexity": {
        "dmean": 5.70460700989,
        "dmean2": 8.82622623444,
        "dvar": 33.6233901978,
        "dvar2": 72.0371856689,
        "max": 59,
        "mean": 27.9691925049,
        "median": 28,
        "min": 0,
        "var": 134.487106323
    },
    "spectral_decrease": {
        "dmean": 2.7278368453e-09,
        "dmean2": 4.28881863357e-09,
        "dvar": 1.37392292649e-17,
        "dvar2": 3.51563870259e-17,
        "max": 1.80839031951e-28,
        "mean": -8.74888517188e-09,
        "median": -7.82258346987e-09,
        "min": -4.78780535218e-08,
        "var": 3.35011159021e-17
    },
    "spectral_energy": {
        "dmean": 0.010984766297,
        "dmean2": 0.017271425575,
        "dvar": 0.000201630173251,
        "dvar2": 0.000511826248839,
        "max": 0.18463806808,
        "mean": 0.036127936095,
        "median": 0.0328765511513,
        "min": 1.00154479268e-20,
        "var": 0.000526423682459
    },
    "spectral_energyband_high": {
        "dmean": 0.00123602489475,
        "dmean2": 0.00197751098312,
        "dvar": 3.88688295061e-06,
        "dvar2": 9.92653349385e-06,
        "max": 0.0209994129837,
        "mean": 0.00213652011007,
        "median": 0.00114880362526,
        "min": 6.90462682258e-21,
        "var": 6.21796425548e-06
    },
    "spectral_energyband_low": {
        "dmean": 0.00782712455839,
        "dmean2": 0.0124696819112,
        "dvar": 0.000218886954826,
        "dvar2": 0.000572464254219,
        "max": 0.174830421805,
        "mean": 0.0163074322045,
        "median": 0.0109504591674,
        "min": 1.16497416538e-23,
        "var": 0.000348890695022
    },
    "spectral_energyband_middle_high": {
        "dmean": 0.00268348958343,
        "dmean2": 0.0043064407073,
        "dvar": 9.38360699365e-06,
        "dvar2": 2.30529913097e-05,
        "max": 0.0424906909466,
        "mean": 0.00795354042202,
        "median": 0.00727066863328,
        "min": 1.21923393064e-21,
        "var": 3.03858560073e-05
    },
    "spectral_energyband_middle_low": {
        "dmean": 0.00431810133159,
        "dmean2": 0.00694931671023,
        "dvar": 3.27992383973e-05,
        "dvar2": 8.1205063907e-05,
        "max": 0.0626275390387,
        "mean": 0.0105440327898,
        "median": 0.0091255242005,
        "min": 1.36493838262e-22,
        "var": 5.64817673876e-05
    },
    "spectral_entropy": {
        "dmean": 0.154610693455,
        "dmean2": 0.240650430322,
        "dvar": 0.0236607342958,
        "dvar2": 0.0541078448296,
        "max": 9.82419013977,
        "mean": 7.93744087219,
        "median": 7.92524719238,
        "min": 6.43392133713,
        "var": 0.109679281712
    },
    "spectral_flux": {
        "dmean": 0.0263903439045,
        "dmean2": 0.040860068053,
        "dvar": 0.000802435097285,
        "dvar2": 0.00173587840982,
        "max": 0.358157992363,
        "mean": 0.0984215810895,
        "median": 0.0922166258097,
        "min": 6.41893690978e-11,
        "var": 0.00224785320461
    },
    "spectral_kurtosis": {
        "dmean": 0.985165596008,
        "dmean2": 1.62315309048,
        "dvar": 1.21887159348,
        "dvar2": 3.22415208817,
        "max": 37.928024292,
        "mean": 3.30796265602,
        "median": 3.0149846077,
        "min": -1.27531301975,
        "var": 4.32989406586
    },
    "spectral_rms": {
        "dmean": 0.000852082215715,
        "dmean2": 0.0013097190531,
        "dvar": 8.23655909699e-07,
        "dvar2": 1.93797359316e-06,
        "max": 0.0134214265272,
        "mean": 0.00560396071523,
        "median": 0.00566345173866,
        "min": 3.1258869191e-12,
        "var": 3.84229406336e-06
    },
    "spectral_rolloff": {
        "dmean": 802.098327637,
        "dmean2": 1305.54980469,
        "dvar": 1055209.5,
        "dvar2": 2472581.5,
        "max": 19552.1484375,
        "mean": 2110.53881836,
        "median": 1744.18945312,
        "min": 43.06640625,
        "var": 3720533
    },
    "spectral_skewness": {
        "dmean": 0.156242355704,
        "dmean2": 0.250960677862,
        "dvar": 0.021591566503,
        "dvar2": 0.0529275424778,
        "max": 4.51280832291,
        "mean": 1.36323642731,
        "median": 1.33999478817,
        "min": -0.06332398206,
        "var": 0.107550486922
    },
    "spectral_spread": {
        "dmean": 577183.375,
        "dmean2": 838606.4375,
        "dvar": 432266838016,
        "dvar2": 805878890496,
        "max": 42603496,
        "mean": 5229412,
        "median": 4935149,
        "min": 1552147.125,
        "var": 8.08354316288e+12
    },
    "spectral_strongpeak": {
        "dmean": 0.352150738239,
        "dmean2": 0.613302350044,
        "dvar": 0.427984774113,
        "dvar2": 1.13176071644,
        "max": 12.3200016022,
        "mean": 0.558865249157,
        "median": 0.334433197975,
        "min": 0,
        "var": 0.517274320126
    },
    "zerocrossingrate": {
        "dmean": 0.0137748289853,
        "dmean2": 0.0163911487907,
        "dvar": 0.00017035358178,
        "dvar2": 0.00024428620236,
        "max": 0.84326171875,
        "mean": 0.0785345062613,
        "median": 0.07080078125,
        "min": 0.00341796875,
        "var": 0.00241536088288
    },
    "barkbands": {
        "dmean": [0.000750753562897, 0.0056900922209, 0.00261067715473, 0.00104411249049, 0.00181787705515, 0.00140445434954, 0.000682852172758, 0.000754388282076, 0.000553521269467, 0.000784922682215, 0.000392038549762, 0.000665881554596, 0.000490359787364, 0.000487822690047, 0.000500516383909, 0.000314521108521, 0.000389708671719, 0.0002651339164, 0.000291329517495, 0.000231774713029, 0.000255940714851, 0.000251163321082, 0.000269620737527, 0.000236071733525, 0.000157107104314, 7.68020618125e-05, 1.44409114e-05],
        "dmean2": [0.0011843565153, 0.00900085642934, 0.00429874565452, 0.00178974983282, 0.00306450063363, 0.00222752452828, 0.00111370382365, 0.00120075058658, 0.000909838243388, 0.00127457443159, 0.000649754947517, 0.00111069343984, 0.000818198604975, 0.00081649213098, 0.000841542263515, 0.000520065717865, 0.000645464286208, 0.000432290777098, 0.00048400479136, 0.000381062796805, 0.000431218970334, 0.000419811665779, 0.00044237615657, 0.00037730357144, 0.000244846829446, 0.000120931996207, 2.37939057115e-05],
        "dvar": [1.86919714906e-06, 9.6603151178e-05, 5.51103985345e-05, 6.92011781211e-06, 7.25771997168e-06, 5.62486729905e-06, 1.06027550828e-06, 1.58298973929e-06, 7.02730574176e-07, 1.44926627854e-06, 4.59734792457e-07, 8.71110387379e-07, 5.40889004697e-07, 5.64142624171e-07, 5.85087207128e-07, 2.28190046414e-07, 2.53057748978e-07, 1.30161708967e-07, 1.59687246537e-07, 9.76450778012e-08, 1.7983236944e-07, 1.56860693323e-07, 2.09922632166e-07, 1.60852238196e-07, 7.08378919967e-08, 1.8856917805e-08, 9.57728230055e-10],
        "dvar2": [4.7830362746e-06, 0.00024987544748, 0.000141636934131, 1.91148392332e-05, 1.93607902474e-05, 1.33225230456e-05, 2.61819127445e-06, 3.70423686036e-06, 1.73969976913e-06, 3.67303596249e-06, 1.05741401057e-06, 2.26040469897e-06, 1.41780583363e-06, 1.50373989527e-06, 1.57079080054e-06, 5.97045016093e-07, 6.49307423828e-07, 3.06245169668e-07, 4.1590342903e-07, 2.47795043151e-07, 4.84515624066e-07, 4.21180885724e-07, 5.39850532277e-07, 4.10906608295e-07, 1.7522269502e-07, 4.50114328032e-08, 2.37843167383e-09],
        "max": [0.0275721698999, 0.114136137068, 0.0966793373227, 0.0404257513583, 0.0378369800746, 0.0314952246845, 0.0246383734047, 0.0258056689054, 0.0193459000438, 0.0328623615205, 0.027948692441, 0.0151749728248, 0.0154350958765, 0.0132473818958, 0.0205882675946, 0.00749842170626, 0.00612339423969, 0.0057178218849, 0.0111469747499, 0.00462960638106, 0.00637685367838, 0.00420341314748, 0.00521127646789, 0.00437803147361, 0.00310309533961, 0.0017149905907, 0.000355793279596],
        "mean": [0.00164449261501, 0.0113614909351, 0.0027322396636, 0.00123992736917, 0.00285350298509, 0.00232541910373, 0.00127419736236, 0.00137354817707, 0.00100195070263, 0.0013652772177, 0.000600713596214, 0.00100915052462, 0.000856581435073, 0.000802407797892, 0.000881420797668, 0.00057844206458, 0.000750128820073, 0.00053438678151, 0.000590045005083, 0.000450959400041, 0.000422842218541, 0.000402283971198, 0.000389241118683, 0.000343336781953, 0.00022396746499, 0.000104052844108, 1.59288738359e-05],
        "median": [0.000652862712741, 0.00696236919612, 0.000769522041082, 0.000531708705239, 0.00190689624287, 0.00131272478029, 0.000701109413058, 0.000565652444493, 0.000491267070174, 0.00079658429604, 0.000344374100678, 0.000576739897951, 0.000442102784291, 0.000384489714634, 0.000490928185172, 0.00034377729753, 0.00048837531358, 0.000372607668396, 0.000389943277696, 0.00030480150599, 0.000260586675722, 0.000207725097425, 0.000145760946907, 0.000110896697151, 7.63547868701e-05, 3.46559245372e-05, 3.33154480359e-06],
        "min": [4.34704907962e-25, 2.44406206998e-24, 6.24574360125e-25, 7.07155524431e-25, 7.27902546517e-24, 7.73310642399e-24, 6.57803617061e-24, 3.00389141086e-24, 1.42769340359e-23, 8.97658313572e-24, 1.46236415592e-23, 2.03224058706e-23, 2.08428110989e-23, 3.64357434073e-23, 5.41560900043e-23, 5.67089953549e-23, 9.49387157458e-23, 9.76970089216e-23, 1.10767392825e-22, 1.97758644184e-22, 2.20418717863e-22, 3.51543859104e-22, 4.18542737174e-22, 5.0098539131e-22, 8.09633973127e-22, 1.34172491986e-21, 1.97923095808e-21],
        "var": [7.79954461905e-06, 0.000171606588992, 4.79069385619e-05, 5.47414447283e-06, 9.7747088148e-06, 8.79951221577e-06, 2.7646090075e-06, 4.71257862955e-06, 2.45685419031e-06, 4.02754812967e-06, 9.45722035794e-07, 1.44812634062e-06, 1.20948914173e-06, 1.17498109375e-06, 1.24855296235e-06, 5.0713526889e-07, 6.12929625277e-07, 2.98468307847e-07, 4.29440291327e-07, 2.09389725114e-07, 2.28114814149e-07, 2.29887149317e-07, 2.92592488904e-07, 2.40546256691e-07, 1.04126051781e-07, 2.78913923069e-08, 1.02251429546e-09]
    },
    "erbbands": {
        "dmean": [0.192707419395, 1.30201983452, 3.20509910583, 2.8209002018, 4.65202617645, 5.64293146133, 14.0153207779, 9.63357639313, 10.7068576813, 10.5347747803, 16.7072620392, 14.056271553, 18.6714248657, 22.041934967, 17.5845966339, 30.3830318451, 23.0960502625, 24.5879898071, 27.0980205536, 18.9276733398, 16.4202270508, 17.1978874207, 15.1781835556, 13.6851835251, 14.6332597733, 11.5699338913, 10.2267093658, 10.1858768463, 8.73970890045, 8.30283355713, 7.41196632385, 5.67635822296, 3.60605168343, 2.06129717827, 0.993598043919, 0.359899610281, 0.141557753086, 0.0319462865591, 0.0021755064372, 4.58808499388e-05],
        "dmean2": [0.295273333788, 2.08916139603, 5.27529001236, 4.6248550415, 8.13413715363, 9.5821685791, 22.2621498108, 15.8998193741, 17.2416439056, 17.4032688141, 26.7449188232, 22.8870449066, 30.6058368683, 36.1913566589, 28.9503269196, 50.6689453125, 38.3577194214, 40.8900947571, 45.7560653687, 31.4675140381, 27.1138000488, 28.3462524414, 24.7046852112, 22.4988594055, 24.3819103241, 19.1659183502, 17.0934791565, 17.2649040222, 14.6979999542, 13.6606111526, 12.1266107559, 9.26476097107, 5.71852827072, 3.24360847473, 1.57366454601, 0.567899763584, 0.226261198521, 0.0520882532001, 0.00358331203461, 7.31787586119e-05],
        "dvar": [0.0954558625817, 6.52966165543, 74.3288650513, 49.7048988342, 83.7078933716, 70.7601013184, 1052.66870117, 226.456542969, 281.687957764, 283.997253418, 961.758544922, 499.321716309, 869.111328125, 1541.4140625, 1012.60516357, 1923.77368164, 1173.05822754, 1335.78686523, 1911.39306641, 766.695983887, 572.422363281, 503.221832275, 400.862823486, 362.14074707, 430.072937012, 241.734542847, 248.65612793, 314.776916504, 193.690811157, 183.822097778, 157.587936401, 98.9665985107, 36.8928184509, 12.4163780212, 3.10829520226, 0.405825376511, 0.0630529299378, 0.00391730386764, 2.16976659431e-05, 6.18434636834e-09],
        "dvar2": [0.235313758254, 17.0024776459, 191.048141479, 131.793838501, 238.115432739, 193.675384521, 2424.50634766, 585.501403809, 692.758789062, 717.827148438, 2249.56933594, 1216.07617188, 2123.50927734, 3938.89282227, 2303.95141602, 4996.20849609, 3071.48193359, 3527.27954102, 5156.984375, 2021.25744629, 1536.25646973, 1276.03930664, 967.755126953, 906.543029785, 1156.33764648, 612.158996582, 665.231506348, 861.66619873, 522.049255371, 479.95614624, 400.174285889, 256.688293457, 92.989906311, 30.5726680756, 7.76479005814, 0.981256902218, 0.150764659047, 0.00959917530417, 5.39447100891e-05, 1.51230015177e-08],
        "max": [5.06583499908, 28.7376613617, 112.078918457, 84.6887893677, 141.734069824, 130.277664185, 415.395812988, 370.963989258, 345.498077393, 313.161376953, 722.66619873, 540.132324219, 685.269592285, 1283.0612793, 1380.15124512, 770.936035156, 629.95300293, 664.364562988, 779.173522949, 647.861694336, 394.73324585, 366.794464111, 287.837646484, 421.757171631, 668.872802734, 217.823562622, 211.787094116, 256.077514648, 143.632873535, 157.653152466, 122.606781006, 109.986297607, 76.2168121338, 41.8457107544, 20.7194976807, 7.42520141602, 2.83067703247, 0.681356668472, 0.0738312974572, 0.00102916057222],
        "mean": [0.440243929625, 2.05917167664, 3.67453050613, 3.68554973602, 6.28362751007, 8.89688587189, 18.1251754761, 17.2073459625, 20.9922733307, 19.4336166382, 29.9973106384, 27.2279033661, 32.4804573059, 37.4601478577, 30.1928024292, 47.4815559387, 41.7422676086, 45.0533180237, 46.3777961731, 37.3346405029, 33.3723526001, 35.4436607361, 32.6217346191, 29.346118927, 29.1514549255, 22.7145080566, 18.2218990326, 16.0047340393, 13.7743272781, 12.9317121506, 10.9478197098, 8.05520915985, 5.24049568176, 2.99171638489, 1.34085059166, 0.497927039862, 0.186516419053, 0.0391628853977, 0.0023750604596, 8.87154601514e-05],
        "median": [0.252451211214, 0.966657161713, 1.12202620506, 1.69630408287, 3.48887324333, 5.60776042938, 7.20902919769, 9.95087242126, 10.963259697, 9.77015781403, 13.9101133347, 13.611536026, 18.1242370605, 20.9955177307, 19.2006263733, 27.7357978821, 23.5595054626, 24.7813854218, 26.3497200012, 23.1999397278, 21.9220600128, 24.678024292, 24.2632904053, 21.0939674377, 19.3999900818, 15.6090431213, 11.7926712036, 9.35437965393, 7.17498683929, 5.92495775223, 4.10152816772, 2.68435764313, 1.67729687691, 0.947285056114, 0.474891364574, 0.178916037083, 0.0571852475405, 0.0115709956735, 0.000506337033585, 6.06996327406e-05],
        "min": [6.47910709664e-23, 5.41934214267e-22, 1.5216131761e-21, 2.45152806573e-21, 1.70103715299e-20, 2.38181293635e-20, 3.09242409043e-20, 8.640066288e-20, 1.49241011791e-19, 1.22835196515e-19, 2.10484236499e-19, 2.88690428178e-19, 5.20391679368e-19, 5.45425990414e-19, 1.3365013583e-18, 9.4723626249e-19, 1.20508159092e-18, 1.56507338523e-18, 2.72181361057e-18, 2.86723340983e-18, 3.2914562957e-18, 5.89445182193e-18, 6.02205559835e-18, 5.19350062521e-18, 7.59270159597e-18, 9.43900015605e-18, 8.53187915474e-18, 1.10805905397e-17, 1.04691725453e-17, 1.27125856282e-17, 1.23046342122e-17, 1.0217081809e-17, 1.01274253568e-17, 6.9580001217e-18, 6.56416619717e-18, 4.39117389493e-18, 2.43838720472e-18, 9.81466340406e-19, 2.50518007463e-19, 2.7459527054e-20],
        "var": [0.264762282372, 9.08587741852, 70.7757568359, 44.2493171692, 81.2025146484, 101.407844543, 1162.52355957, 483.651519775, 732.915161133, 777.453125, 2566.34741211, 1841.98852539, 2196.72021484, 4190.28955078, 2137.56713867, 3192.2109375, 2591.29980469, 3103.73999023, 3734.51074219, 1962.73706055, 1340.93469238, 1225.84216309, 941.225463867, 904.051635742, 1154.54101562, 527.909057617, 383.745178223, 368.259338379, 270.822479248, 273.633117676, 233.813766479, 137.650817871, 55.7911300659, 18.7492256165, 4.04372549057, 0.576275467873, 0.0932591855526, 0.00482347887009, 2.31900467043e-05, 8.714975408e-09]
    },
    "gfcc": {
        "mean": [41.9500617981, 68.8575210571, -117.182624817, 33.8973045349, -53.662273407, 20.8337898254, -33.6741752625, 13.0175437927, -21.447183609, 8.38406181335, -11.8478374481, 7.05911540985, -9.83985996246],
        "cov": [[14854.5869141, -610.344848633, -307.154602051, 593.863952637, -436.613739014, 356.72164917, -315.355377197, 289.643951416, -209.678573608, 237.181716919, -176.742523193, 190.415893555, -152.125350952], [-610.344848633, 1176.49682617, -143.373809814, 52.9499435425, 249.326889038, -31.686756134, 114.674545288, -83.4953994751, 5.7378282547, -96.1998901367, 39.0765914917, -75.2707519531, 34.7219657898], [-307.154602051, -143.373809814, 625.450012207, 136.496658325, 109.62525177, 84.7292633057, 52.0867805481, 59.0690917969, 5.44508504868, 13.2115526199, -15.3506765366, 40.0798568726, 8.25655555725], [593.863952637, 52.9499435425, 136.496658325, 252.711395264, 42.575553894, 89.9479598999, 27.4516162872, 45.3685379028, 11.4618463516, 4.68285179138, 5.78730869293, 6.72322273254, 13.1249303818], [-436.613739014, 249.326889038, 109.62525177, 42.575553894, 215.33782959, 37.7355232239, 80.1239318848, 3.98763632774, 16.1587238312, -0.633183479309, 13.9017763138, -8.36864852905, 8.86776542664], [356.72164917, -31.686756134, 84.7292633057, 89.9479598999, 37.7355232239, 146.629211426, 35.2695999146, 41.8857460022, 12.6020593643, 11.6925439835, -1.60176670551, 10.4521884918, 7.61388683319], [-315.355377197, 114.674545288, 52.0867805481, 27.4516162872, 80.1239318848, 35.2695999146, 115.086074829, 52.5995826721, 44.4106483459, 4.68768596649, 3.02762055397, -14.656496048, 6.40395212173], [289.643951416, -83.4953994751, 59.0690917969, 45.3685379028, 3.98763632774, 41.8857460022, 52.5995826721, 106.789672852, 48.9610137939, 37.8830337524, -8.11443328857, 2.86745667458, -5.43354940414], [-209.678573608, 5.7378282547, 5.44508504868, 11.4618463516, 16.1587238312, 12.6020593643, 44.4106483459, 48.9610137939, 84.6216583252, 37.2606658936, 11.5153770447, -12.6918382645, 0.455160439014], [237.181716919, -96.1998901367, 13.2115526199, 4.68285179138, -0.633183479309, 11.6925439835, 4.68768596649, 37.8830337524, 37.2606658936, 77.7007369995, 23.3097629547, 14.5830163956, -10.1128816605], [-176.742523193, 39.0765914917, -15.3506765366, 5.78730869293, 13.9017763138, -1.60176670551, 3.02762055397, -8.11443328857, 11.5153770447, 23.3097629547, 66.2148208618, 32.6095085144, 18.5589561462], [190.415893555, -75.2707519531, 40.0798568726, 6.72322273254, -8.36864852905, 10.4521884918, -14.656496048, 2.86745667458, -12.6918382645, 14.5830163956, 32.6095085144, 74.5659103394, 34.5870780945], [-152.125350952, 34.7219657898, 8.25655555725, 13.1249303818, 8.86776542664, 7.61388683319, 6.40395212173, -5.43354940414, 0.455160439014, -10.1128816605, 18.5589561462, 34.5870780945, 60.683506012]],
        "icov": [[0.000164594181115, -0.000184286327567, 0.000226891235798, -0.000410661072237, 0.000257348059677, -0.000273883633781, 0.00036606338108, -0.000481756665977, 0.000611828872934, -0.000816158542875, 0.000997118419036, -0.000988150248304, 0.000608652480878], [-0.000184286327567, 0.00210932432674, 0.000400054646889, -0.000272276607575, -0.00222296803258, 0.00103253254201, -0.00142053002492, 0.00144429586362, -0.000829175696708, 0.00280293705873, -0.00272448267788, 0.00289341225289, -0.00153247721028], [0.000226891235798, 0.000400054646889, 0.00279040727764, -0.00172660977114, -0.00140969722997, -0.000278483901639, -5.19801906194e-05, -0.000715965405107, 0.000729096063878, -0.000523085705936, 0.00260016438551, -0.00320793106221, 0.0014565148158], [-0.000410661072237, -0.000272276607575, -0.00172660977114, 0.00717069162056, -0.000378956494387, -0.00242155906744, 0.00105960143264, -0.00182703440078, -0.000816430139821, 0.0024892736692, -0.00420678546652, 0.00411826465279, -0.0027455855161], [0.000257348059677, -0.00222296803258, -0.00140969722997, -0.000378956494387, 0.0102212233469, -0.00187232997268, -0.004906963557, 0.00228870753199, 0.00202950136736, -0.00472728256136, 0.0019061275525, -0.00195825588889, 0.00138502998743], [-0.000273883633781, 0.00103253254201, -0.000278483901639, -0.00242155906744, -0.00187232997268, 0.0105439117178, -0.00249687465839, -0.000545050133951, -0.000269231502898, 0.00114912027493, -0.000788681616541, 0.000739003997296, -0.00153685873374], [0.00036606338108, -0.00142053002492, -5.19801906194e-05, 0.00105960143264, -0.004906963557, -0.00249687465839, 0.0221026279032, -0.0120020769536, -0.0036297691986, 0.00351479020901, -0.000998640316539, 0.0017362824874, -0.000939673220273], [-0.000481756665977, 0.00144429586362, -0.000715965405107, -0.00182703440078, 0.00228870753199, -0.000545050133951, -0.0120020769536, 0.0253100246191, -0.00894162245095, -0.00458244234324, 0.00548652326688, -0.00337852700613, 0.0012763030827], [0.000611828872934, -0.000829175696708, 0.000729096063878, -0.000816430139821, 0.00202950136736, -0.000269231502898, -0.0036297691986, -0.00894162245095, 0.027075720951, -0.0127945588902, -0.00138168956619, 0.00697182957083, -0.00448115542531], [-0.000816158542875, 0.00280293705873, -0.000523085705936, 0.0024892736692, -0.00472728256136, 0.00114912027493, 0.00351479020901, -0.00458244234324, -0.0127945588902, 0.031577359885, -0.0145839201286, 0.000862491026055, 0.00497535709292], [0.000997118419036, -0.00272448267788, 0.00260016438551, -0.00420678546652, 0.0019061275525, -0.000788681616541, -0.000998640316539, 0.00548652326688, -0.00138168956619, -0.0145839201286, 0.0352803505957, -0.0209564622492, 0.00376609526575], [-0.000988150248304, 0.00289341225289, -0.00320793106221, 0.00411826465279, -0.00195825588889, 0.000739003997296, 0.0017362824874, -0.00337852700613, 0.00697182957083, 0.000862491026055, -0.0209564622492, 0.0404914915562, -0.02145713754], [0.000608652480878, -0.00153247721028, 0.0014565148158, -0.0027455855161, 0.00138502998743, -0.00153685873374, -0.000939673220273, 0.0012763030827, -0.00448115542531, 0.00497535709292, 0.00376609526575, -0.02145713754, 0.0314217731357]]
    },
    "melbands": {
        "dmean": [0.00156724441331, 0.00166602549143, 0.000512680737302, 0.00036625249777, 0.000422914570663, 0.000222100978135, 0.000156148133101, 0.000119796699437, 0.000132282570121, 8.77677448443e-05, 9.46449872572e-05, 9.45722276811e-05, 5.43389360246e-05, 7.57670713938e-05, 6.31507282378e-05, 4.60942246718e-05, 5.01796421304e-05, 4.46847989224e-05, 2.97486894851e-05, 2.60856049863e-05, 2.00939375645e-05, 1.80587612704e-05, 2.14244228118e-05, 1.2996827536e-05, 1.17748986668e-05, 1.28389265228e-05, 8.32642672322e-06, 8.11420341051e-06, 6.84358974468e-06, 6.45689442536e-06, 6.12696976532e-06, 5.19298828294e-06, 4.98327062814e-06, 4.72262308904e-06, 4.32738443124e-06, 4.37292464994e-06, 3.23275662595e-06, 2.69516340268e-06, 2.09135623663e-06, 1.72183581526e-06],
        "dmean2": [0.00245158141479, 0.00273225293495, 0.000834798440337, 0.000634289172012, 0.000671636138577, 0.000363170169294, 0.000251327408478, 0.000195947868633, 0.00021191079577, 0.000143403216498, 0.000155104440637, 0.00015544235066, 8.99891310837e-05, 0.000125760518131, 0.000104582824861, 7.66787561588e-05, 8.37714833324e-05, 7.52835330786e-05, 5.01150934724e-05, 4.33284949395e-05, 3.32440722559e-05, 2.96512444038e-05, 3.57596400136e-05, 2.12644699786e-05, 1.94152689801e-05, 2.13908588194e-05, 1.3890579794e-05, 1.33629000629e-05, 1.13984224299e-05, 1.09235497803e-05, 1.04600530904e-05, 8.80134120962e-06, 8.24737890071e-06, 7.84643816587e-06, 7.08924744686e-06, 7.3177975537e-06, 5.2739255807e-06, 4.33080549556e-06, 3.32132594849e-06, 2.72513170785e-06],
        "dvar": [6.28378711554e-06, 1.64805169334e-05, 1.46527554534e-06, 3.57425165021e-07, 8.45286024287e-07, 1.13011445535e-07, 5.79248329302e-08, 3.71100128405e-08, 5.75427279159e-08, 1.96016198828e-08, 2.20161666675e-08, 2.94204696161e-08, 8.73393801726e-09, 1.09863185216e-08, 7.35675920183e-09, 5.36075006607e-09, 6.21020790348e-09, 5.06908914844e-09, 2.20763807235e-09, 1.52634827e-09, 8.78521921877e-10, 5.55114620937e-10, 8.51333004093e-10, 3.7324279778e-10, 2.88322699049e-10, 3.67847446947e-10, 1.34094291226e-10, 1.20845375373e-10, 1.08678260835e-10, 1.12237295846e-10, 1.05669084594e-10, 7.25684512481e-11, 5.98285448961e-11, 6.52463361117e-11, 5.31818304672e-11, 6.19477177888e-11, 3.32148510085e-11, 2.24038617519e-11, 1.09487592603e-11, 9.75620799426e-12],
        "dvar2": [1.58495386131e-05, 4.30943400715e-05, 3.81363406632e-06, 1.03061165646e-06, 1.94272070075e-06, 2.85687917767e-07, 1.4058718989e-07, 9.1922110812e-08, 1.34954476039e-07, 4.77460524451e-08, 5.36598179224e-08, 7.56331175467e-08, 2.02088177303e-08, 2.80838605704e-08, 1.8918834499e-08, 1.39269822341e-08, 1.66082081421e-08, 1.36690507802e-08, 5.9276650255e-09, 4.02189082038e-09, 2.36281261223e-09, 1.39254874298e-09, 2.20444862364e-09, 9.26456356076e-10, 7.28870019895e-10, 9.82445791387e-10, 3.54430845784e-10, 3.0514221705e-10, 2.90906576605e-10, 3.03844699401e-10, 2.91198898328e-10, 1.96709593059e-10, 1.59298463309e-10, 1.71216943401e-10, 1.33967975602e-10, 1.63016350418e-10, 8.57388257614e-11, 5.73269522131e-11, 2.63939876899e-11, 2.46308095447e-11],
        "max": [0.032687805593, 0.0503839813173, 0.015476337634, 0.0101828454062, 0.0119305672124, 0.00733362603933, 0.00529958214611, 0.00375792942941, 0.00578400911763, 0.003493049182, 0.00338767212816, 0.00559621956199, 0.00372952176258, 0.00220456090756, 0.00106815062463, 0.00212409812957, 0.00150524138007, 0.00117966916878, 0.00215593725443, 0.000713058107067, 0.000514270446729, 0.00033226137748, 0.000474027940072, 0.00041821715422, 0.000383420963772, 0.000733583234251, 0.000178788497578, 0.000142666161992, 0.000150319276145, 0.00015381713456, 0.000141053373227, 8.76108606462e-05, 7.9318000644e-05, 0.000106854327896, 8.48653871799e-05, 9.81453267741e-05, 7.139518857e-05, 6.69272485538e-05, 2.83307763311e-05, 4.13372436014e-05],
        "mean": [0.00351940724067, 0.00223455042578, 0.000699556316249, 0.000561996421311, 0.000574701756705, 0.000399796874262, 0.000307427340886, 0.000221321068238, 0.000236139108893, 0.000162675976753, 0.000160283059813, 0.000155266330694, 8.67568305694e-05, 0.000119546297356, 0.000104489154182, 8.13913575257e-05, 8.49401694722e-05, 7.20749230823e-05, 5.39086468052e-05, 4.80440030515e-05, 3.75925701519e-05, 3.4316755773e-05, 4.05453574785e-05, 2.56198873103e-05, 2.25972908083e-05, 2.33542486967e-05, 1.60565250553e-05, 1.48002527567e-05, 1.16193559734e-05, 1.02888598121e-05, 9.01429302758e-06, 7.7729973782e-06, 7.66350967751e-06, 6.90079059495e-06, 6.33148692941e-06, 5.83192013437e-06, 4.5592855713e-06, 3.82888310924e-06, 2.95257314065e-06, 2.42455757871e-06],
        "median": [0.00229602423497, 0.000911757000722, 0.000367211119737, 0.0003452450037, 0.000265078619123, 0.000231511337915, 0.000161471980391, 0.000102985781268, 0.000108763895696, 7.8288547229e-05, 8.92386888154e-05, 8.09393677628e-05, 5.19753302797e-05, 7.24273559172e-05, 5.97620964982e-05, 4.37734670413e-05, 4.07223851653e-05, 3.82050529879e-05, 3.05188332277e-05, 2.9285052733e-05, 2.28958979278e-05, 2.28587741731e-05, 2.5851513783e-05, 1.59693408932e-05, 1.47587788888e-05, 1.4444005501e-05, 1.07020860014e-05, 9.52794289333e-06, 7.13424833521e-06, 6.08295613347e-06, 4.95265521749e-06, 3.91409366785e-06, 3.54234725819e-06, 2.9520147109e-06, 2.39608016273e-06, 2.02404862648e-06, 1.42702333505e-06, 1.22922097034e-06, 9.24938660773e-07, 7.51328968818e-07],
        "min": [8.68263502421e-25, 1.29486449161e-24, 4.65685299951e-25, 1.52970108613e-24, 1.0254144555e-24, 1.96431650768e-24, 2.01923838441e-24, 8.54257572871e-25, 1.6693779813e-24, 1.51179966282e-24, 2.38373787655e-24, 1.62226474285e-24, 3.95491707186e-24, 2.87910229313e-24, 1.85204168213e-24, 2.75379449935e-24, 2.80900924068e-24, 3.1640623207e-24, 3.09198054992e-24, 2.41057492455e-24, 2.86438214863e-24, 5.41267601559e-24, 3.53009023085e-24, 4.64623808717e-24, 3.52850777588e-24, 4.59363605315e-24, 4.30839854374e-24, 5.4678256759e-24, 5.54983052801e-24, 4.26005162545e-24, 5.69986635016e-24, 4.56395516159e-24, 6.35650904007e-24, 5.73851619578e-24, 6.62332980278e-24, 6.78866163788e-24, 5.60838570085e-24, 5.89139152276e-24, 6.37855967452e-24, 5.25308629902e-24],
        "var": [1.48112958414e-05, 1.74657616299e-05, 1.36267601647e-06, 4.56545819816e-07, 9.67829578258e-07, 2.37647199697e-07, 1.57208418727e-07, 1.09924769731e-07, 1.54331942781e-07, 7.15814536534e-08, 5.5091064155e-08, 8.0840734995e-08, 1.78646786253e-08, 1.95276417259e-08, 1.43734357749e-08, 1.15112959165e-08, 1.38806646177e-08, 9.49160927632e-09, 4.76785322334e-09, 3.61910501567e-09, 2.01301819658e-09, 1.28802757349e-09, 2.17225792909e-09, 9.2904639537e-10, 6.63574362125e-10, 1.01221619975e-09, 2.81642625888e-10, 2.51086623715e-10, 1.8258332346e-10, 1.44454212481e-10, 1.23306975741e-10, 9.28997989647e-11, 9.28159563096e-11, 8.6499800378e-11, 8.02207675288e-11, 7.46241332616e-11, 4.73818484448e-11, 3.18481976902e-11, 1.71790255632e-11, 1.35692334105e-11]
    },
    "mfcc": {
        "mean": [-594.956054688, 99.3812408447, -2.86324000359, 18.9026470184, 5.09754085541, 9.05359268188, 2.91786074638, 6.25666475296, 0.0400169156492, 3.60388302803, 1.88065004349, 2.99350595474, 1.47263395786],
        "cov": [[6491.02783203, -242.612030029, 299.029846191, 104.564193726, 48.0578536987, 23.6892566681, -10.8136730194, 9.19133663177, 24.8483085632, 35.088973999, -0.434172540903, 50.3570976257, 39.8759727478], [-242.612030029, 1041.81066895, -190.940078735, 151.806442261, 88.1517868042, 98.8766403198, 94.9343490601, 48.1902694702, 3.50812792778, -3.68826079369, -4.41602802277, -19.6419487, -12.0743236542], [299.029846191, -190.940078735, 431.031280518, 86.120552063, 78.7208023071, 38.395614624, 40.3437004089, 53.8088302612, 42.4193077087, 12.6414461136, -0.305201083422, -0.168934673071, 12.4176549911], [104.564193726, 151.806442261, 86.120552063, 183.891143799, 66.7647171021, 37.815284729, 45.7681274414, 34.8734512329, 23.8672447205, 17.9095497131, 7.88655233383, 3.795814991, 11.5749969482], [48.0578536987, 88.1517868042, 78.7208023071, 66.7647171021, 118.640594482, 69.0874023438, 48.3411521912, 27.3560695648, 11.6793260574, 3.71356916428, 1.5949652195, 1.42139685154, 8.50370502472], [23.6892566681, 98.8766403198, 38.395614624, 37.815284729, 69.0874023438, 104.198379517, 53.3795433044, 30.8429660797, 14.762919426, 6.31325244904, 5.06477022171, 1.44109678268, 0.756626307964], [-10.8136730194, 94.9343490601, 40.3437004089, 45.7681274414, 48.3411521912, 53.3795433044, 85.174949646, 45.2206001282, 22.7803916931, 9.35375404358, 5.7219543457, 6.06602907181, 7.45426511765], [9.19133663177, 48.1902694702, 53.8088302612, 34.8734512329, 27.3560695648, 30.8429660797, 45.2206001282, 76.0696029663, 46.5407447815, 19.8344573975, 7.27592134476, 5.83625268936, 2.19484996796], [24.8483085632, 3.50812792778, 42.4193077087, 23.8672447205, 11.6793260574, 14.762919426, 22.7803916931, 46.5407447815, 88.0151596069, 53.5857086182, 26.8724727631, 6.76328229904, 0.945578217506], [35.088973999, -3.68826079369, 12.6414461136, 17.9095497131, 3.71356916428, 6.31325244904, 9.35375404358, 19.8344573975, 53.5857086182, 85.0902862549, 46.0060768127, 6.42235279083, -0.154891014099], [-0.434172540903, -4.41602802277, -0.305201083422, 7.88655233383, 1.5949652195, 5.06477022171, 5.7219543457, 7.27592134476, 26.8724727631, 46.0060768127, 64.9266204834, 26.9094104767, 8.55542850494], [50.3570976257, -19.6419487, -0.168934673071, 3.795814991, 1.42139685154, 1.44109678268, 6.06602907181, 5.83625268936, 6.76328229904, 6.42235279083, 26.9094104767, 58.0560379028, 29.7839164734], [39.8759727478, -12.0743236542, 12.4176549911, 11.5749969482, 8.50370502472, 0.756626307964, 7.45426511765, 2.19484996796, 0.945578217506, -0.154891014099, 8.55542850494, 29.7839164734, 54.2764434814]],
