{
"lowlevel": {
    "average_loudness": 0.855101644993,
    "barkbands_crest": {
        "dmean": 3.80551600456,
        "dmean2": 6.05268478394,
        "dvar": 11.947312355,
        "dvar2": 27.6292152405,
        "max": 26.8635215759,
        "mean": 12.9351520538,
        "median": 12.1800384521,
        "min": 2.37744450569,
        "var": 31.053232193
    },
    "barkbands_flatness_db": {
        "dmean": 0.0472040586174,
        "dmean2": 0.0680096372962,
        "dvar": 0.00253201369196,
        "dvar2": 0.00505701545626,
        "max": 0.701288759708,
        "mean": 0.164097979665,
        "median": 0.149883285165,
        "min": 0.0221685562283,
        "var": 0.00708126742393
    },
    "barkbands_kurtosis": {
        "dmean": 9.9937505722,
        "dmean2": 15.9006547928,
        "dvar": 1330.33129883,
        "dvar2": 3429.54907227,
        "max": 1440.8951416,
        "mean": 11.5493822098,
        "median": 3.84879970551,
        "min": -1.95370125771,
        "var": 1342.19165039
    },
    "barkbands_skewness": {
        "dmean": 1.09545207024,
        "dmean2": 1.67448556423,
        "dvar": 2.07228684425,
        "dvar2": 4.72655677795,
        "max": 34.406124115,
        "mean": 2.11450409889,
        "median": 1.73987841606,
        "min": -4.21487998962,
        "var": 4.61255216599
    },
    "barkbands_spread": {
        "dmean": 9.11648750305,
        "dmean2": 13.5404787064,
        "dvar": 120.233505249,
        "dvar2": 239.663299561,
        "max": 121.657249451,
        "mean": 20.3481006622,
        "median": 15.5473070145,
        "min": 0.0490594953299,
        "var": 279.667480469
    },
    "dissonance": {
        "dmean": 0.0275233089924,
        "dmean2": 0.0460184328258,
        "dvar": 0.00092955637956,
        "dvar2": 0.002506185323,
        "max": 0.500000059605,
        "mean": 0.457424402237,
        "median": 0.468727737665,
        "min": 0.190583437681,
        "var": 0.00154186447617
    },
    "dynamic_complexity": 4.00881052017,
    "erbbands_crest": {
        "dmean": 3.51634407043,
        "dmean2": 5.56137514114,
        "dvar": 11.3335123062,
        "dvar2": 25.7599372864,
        "max": 32.4694595337,
        "mean": 10.516831398,
        "median": 8.91793823242,
        "min": 2.267131567,
        "var": 34.108379364
    },
    "erbbands_flatness_db": {
        "dmean": 0.0311738941818,
        "dmean2": 0.0441228710115,
        "dvar": 0.00104048207868,
        "dvar2": 0.00202433113009,
        "max": 0.483716368675,
        "mean": 0.161690637469,
        "median": 0.147735789418,
        "min": 0.0326555557549,
        "var": 0.00443843984976
    },
    "erbbands_kurtosis": {
        "dmean": 2.7067964077,
        "dmean2": 4.22418022156,
        "dvar": 47.5401039124,
        "dvar2": 99.7340545654,
        "max": 198.517684937,
        "mean": 2.37648177147,
        "median": 0.355246305466,
        "min": -1.86474978924,
        "var": 78.3296890259
    },
    "erbbands_skewness": {
        "dmean": 0.632754802704,
        "dmean2": 0.955421745777,
        "dvar": 0.477046102285,
        "dvar2": 1.02507901192,
        "max": 11.9372377396,
        "mean": 0.691669285297,
        "median": 0.570476174355,
        "min": -3.86515808105,
        "var": 1.36959481239
    },
    "erbbands_spread": {
        "dmean": 13.5102758408,
        "dmean2": 20.0257663727,
        "dvar": 210.116165161,
        "dvar2": 452.651977539,
        "max": 195.738006592,
        "mean": 39.4204978943,
        "median": 34.9910926819,
        "min": 0.676279306412,
        "var": 594.950744629
    },
    "hfc": {
        "dmean": 16.0935096741,
        "dmean2": 24.3992519379,
        "dvar": 585.461608887,
        "dvar2": 1345.76257324,
        "max": 225.695480347,
        "mean": 17.9358577728,
        "median": 6.88301515579,
        "min": 1.04433312575e-16,
        "var": 684.879516602
    },
    "melbands_crest": {
        "dmean": 4.22758197784,
        "dmean2": 6.7965221405,
        "dvar": 14.1789016724,
        "dvar2": 34.2531356812,
        "max": 39.9341392517,
        "mean": 16.4103221893,
        "median": 15.9348907471,
        "min": 1.70704948902,
        "var": 37.1975402832
    },
    "melbands_flatness_db": {
        "dmean": 0.0586431398988,
        "dmean2": 0.0830926820636,
        "dvar": 0.00380953634158,
        "dvar2": 0.00762371718884,
        "max": 0.843909680843,
        "mean": 0.232070684433,
        "median": 0.218981534243,
        "min": 0.00344642577693,
        "var": 0.0114167202264
    },
    "melbands_kurtosis": {
        "dmean": 18.8200473785,
        "dmean2": 30.2072029114,
        "dvar": 2473.67553711,
        "dvar2": 5929.08886719,
        "max": 1910.3046875,
        "mean": 25.5822467804,
        "median": 10.9033937454,
        "min": -1.83781456947,
        "var": 3177.48828125
    },
    "melbands_skewness": {
        "dmean": 1.37838423252,
        "dmean2": 2.1527633667,
        "dvar": 2.69114398956,
        "dvar2": 6.30215358734,
        "max": 32.5976982117,
        "mean": 3.16518831253,
        "median": 2.64389061928,
        "min": -3.77250623703,
        "var": 6.5102930069
    },
    "melbands_spread": {
        "dmean": 10.9091300964,
        "dmean2": 17.0697650909,
        "dvar": 245.370437622,
        "dvar2": 542.833740234,
        "max": 283.776031494,
        "mean": 21.728717804,
        "median": 14.0042362213,
        "min": 0.142332687974,
        "var": 599.112060547
    },
    "pitch_salience": {
        "dmean": 0.112879186869,
        "dmean2": 0.179248586297,
        "dvar": 0.0116900186986,
        "dvar2": 0.029200123623,
        "max": 0.969181597233,
        "mean": 0.503728270531,
        "median": 0.509929358959,
        "min": 0.0055284621194,
        "var": 0.0258708465844
    },
    "silence_rate_20dB": {
        "dmean": 0,
        "dmean2": 0,
        "dvar": 0,
        "dvar2": 0,
        "max": 1,
        "mean": 1,
        "median": 1,
        "min": 1,
        "var": 0
    },
    "silence_rate_30dB": {
        "dmean": 0.0117942281067,
        "dmean2": 0.0235914159566,
        "dvar": 0.0116538899019,
        "dvar2": 0.0320666618645,
        "max": 1,
        "mean": 0.992472708225,
        "median": 1,
        "min": 0,
        "var": 0.00747100682929
    },
    "silence_rate_60dB": {
        "dmean": 0.0913425311446,
        "dmean2": 0.182707995176,
        "dvar": 0.082999072969,
        "dvar2": 0.169391274452,
        "max": 1,
        "mean": 0.183038517833,
        "median": 0,
        "min": 0,
        "var": 0.149539917707
    },
    "spectral_centroid": {
        "dmean": 390.088592529,
        "dmean2": 590.94744873,
        "dvar": 230285.265625,
        "dvar2": 466682.78125,
        "max": 11878.375,
        "mean": 1280.34265137,
        "median": 1056.04553223,
        "min": 64.5226135254,
        "var": 1193197.125
    },
    "spectral_complexity": {
        "dmean": 6.12220811844,
        "dmean2": 9.076420784,
        "dvar": 54.9823913574,
        "dvar2": 112.372016907,
        "max": 60,
        "mean": 12.3120059967,
        "median": 10,
        "min": 0,
        "var": 104.878204346
    },
    "spectral_decrease": {
        "dmean": 3.6019907057e-09,
        "dmean2": 5.51664358639e-09,
        "dvar": 2.69730627562e-17,
        "dvar2": 6.36311333184e-17,
        "max": 1.77286353242e-28,
        "mean": -5.79355896591e-09,
        "median": -3.74214703669e-09,
        "min": -6.26785521263e-08,
        "var": 4.17602330771e-17
    },
    "spectral_energy": {
        "dmean": 0.0149039635435,
        "dmean2": 0.022755144164,
        "dvar": 0.000455320900073,
        "dvar2": 0.00107187591493,
        "max": 0.244959369302,
        "mean": 0.0234930515289,
        "median": 0.0150925731286,
        "min": 9.94315201817e-21,
        "var": 0.000684026337694
    },
    "spectral_energyband_high": {
        "dmean": 0.000951631402131,
        "dmean2": 0.00143678288441,
        "dvar": 2.69089400717e-06,
        "dvar2": 5.68013729207e-06,
        "max": 0.02389074862,
        "mean": 0.000988266780041,
        "median": 0.000180862552952,
        "min": 6.92225610939e-21,
        "var": 3.47925015376e-06
    },
    "spectral_energyband_low": {
        "dmean": 0.00522750243545,
        "dmean2": 0.00815382786095,
        "dvar": 8.22550500743e-05,
        "dvar2": 0.000208355035284,
        "max": 0.108986064792,
        "mean": 0.00935338344425,
        "median": 0.00403678044677,
        "min": 1.43319318405e-23,
        "var": 0.000180544142495
    },
    "spectral_energyband_middle_high": {
        "dmean": 0.00501694530249,
        "dmean2": 0.00836242176592,
        "dvar": 0.000139570081956,
        "dvar2": 0.000358709163265,
        "max": 0.114253878593,
        "mean": 0.00456126779318,
        "median": 0.00115268875379,
        "min": 1.14955870627e-21,
        "var": 0.000114803478937
    },
    "spectral_energyband_middle_low": {
        "dmean": 0.0079309977591,
        "dmean2": 0.0123917907476,
        "dvar": 0.000214234445593,
        "dvar2": 0.000527027237695,
        "max": 0.232990339398,
        "mean": 0.00971756037325,
        "median": 0.00387402065098,
        "min": 1.61091354324e-22,
        "var": 0.000237895757891
    },
    "spectral_entropy": {
        "dmean": 0.352069795132,
        "dmean2": 0.504627406597,
        "dvar": 0.159051224589,
        "dvar2": 0.294777274132,
        "max": 9.8176202774,
        "mean": 7.51956415176,
        "median": 7.62581539154,
        "min": 4.00847864151,
        "var": 0.44254347682
    },
    "spectral_flux": {
        "dmean": 0.0437001176178,
        "dmean2": 0.0647495687008,
        "dvar": 0.00253355503082,
        "dvar2": 0.00524547323585,
        "max": 0.408015400171,
        "mean": 0.0880068615079,
        "median": 0.0692546442151,
        "min": 6.45261066801e-11,
        "var": 0.00448186835274
    },
    "spectral_kurtosis": {
        "dmean": 3.44034147263,
        "dmean2": 5.37152433395,
        "dvar": 39.7863578796,
        "dvar2": 89.770690918,
        "max": 209.705978394,
        "mean": 5.66105365753,
        "median": 3.6695098877,
        "min": -1.26711595058,
        "var": 56.153087616
    },
    "spectral_rms": {
        "dmean": 0.00140166119672,
        "dmean2": 0.00201660464518,
        "dvar": 2.61034324467e-06,
        "dvar2": 5.6870071603e-06,
        "max": 0.0154591314495,
        "mean": 0.00408325530589,
        "median": 0.00383724668063,
        "min": 3.11458432829e-12,
        "var": 6.24712356512e-06
    },
    "spectral_rolloff": {
        "dmean": 786.174682617,
        "dmean2": 1304.01782227,
        "dvar": 1868439.125,
        "dvar2": 3911417,
        "max": 19552.1484375,
        "mean": 1568.46704102,
        "median": 839.794921875,
        "min": 21.533203125,
        "var": 5362085.5
    },
    "spectral_skewness": {
        "dmean": 0.439598709345,
        "dmean2": 0.658042490482,
        "dvar": 0.317038923502,
        "dvar2": 0.636353373528,
        "max": 12.3503217697,
        "mean": 1.71979367733,
        "median": 1.58610475063,
        "min": -0.0946550220251,
        "var": 0.691821098328
    },
    "spectral_spread": {
        "dmean": 1171887.375,
        "dmean2": 1602572,
        "dvar": 1.95208295219e+12,
        "dvar2": 3.39507360563e+12,
        "max": 42668680,
        "mean": 5462042.5,
        "median": 5008728,
        "min": 588600.625,
        "var": 1.24050944819e+13
    },
    "spectral_strongpeak": {
        "dmean": 0.614598572254,
        "dmean2": 1.01276576519,
        "dvar": 1.22554969788,
        "dvar2": 2.95414590836,
        "max": 10.5790615082,
        "mean": 0.782116889954,
        "median": 0.381436854601,
        "min": 0,
        "var": 1.31879293919
    },
    "zerocrossingrate": {
        "dmean": 0.0187068078667,
        "dmean2": 0.020874466747,
        "dvar": 0.000430262560258,
        "dvar2": 0.000517237232998,
        "max": 0.6787109375,
        "mean": 0.0628424286842,
        "median": 0.04833984375,
        "min": 0,
        "var": 0.00342766032554
    },
    "barkbands": {
        "dmean": [9.33383707888e-05, 0.00317791290581, 0.00221741222776, 0.00198713969439, 0.00268567213789, 0.000888004549779, 0.00107812008355, 0.000938569544815, 0.00131560710724, 0.00160406297073, 0.000758663809393, 0.00105337949935, 0.000408912688727, 0.000559993903153, 0.000290368945571, 0.000296762125799, 0.000230442528846, 0.000134016852826, 0.000152343287482, 0.000132467306685, 0.000220682399231, 0.000202460025321, 0.000144059740705, 0.000156050824444, 0.000135912341648, 7.58448513807e-05, 1.45970943777e-05],
        "dmean2": [0.000121728342492, 0.00459568062797, 0.00355842430145, 0.00359965814278, 0.00436229025945, 0.00139940739609, 0.00163455842994, 0.00151811167598, 0.00202619307674, 0.00268315128051, 0.00128479395062, 0.00184324139263, 0.000689489417709, 0.000966580933891, 0.000494137406349, 0.000518106331583, 0.0004064370587, 0.000231166777667, 0.000254438928096, 0.000212757528061, 0.000358509481885, 0.000322505075019, 0.000216176063986, 0.000235408166191, 0.000206429918762, 0.000112500405521, 2.23654624278e-05],
        "dvar": [4.67699010187e-07, 3.02291227854e-05, 2.92611803161e-05, 3.37945239153e-05, 4.20849937655e-05, 4.36419759353e-06, 1.06979532575e-05, 7.36689526093e-06, 2.15681920963e-05, 4.13733177993e-05, 2.17079032154e-05, 2.58545151155e-05, 5.27306519871e-06, 2.09781887861e-06, 4.30753772207e-07, 6.41477925001e-07, 4.78751701394e-07, 1.12028772037e-07, 1.3458539172e-07, 8.80819754911e-08, 2.07669955898e-07, 1.83360512551e-07, 7.2166763232e-08, 7.4896057356e-08, 5.68051383709e-08, 1.71653518066e-08, 2.94596436134e-09],
        "dvar2": [7.10306665042e-07, 6.78921351209e-05, 7.09442319931e-05, 9.64078499237e-05, 0.000105006569356, 9.49889727053e-06, 2.31622016145e-05, 1.73151329363e-05, 4.98146291648e-05, 0.000107424355519, 5.57356397621e-05, 6.92518733558e-05, 1.41660966619e-05, 5.47612398805e-06, 1.09979248464e-06, 1.72232387285e-06, 1.33456001095e-06, 2.96127808497e-07, 3.62824550848e-07, 2.19159971948e-07, 5.23554888332e-07, 4.49731345498e-07, 1.42061352904e-07, 1.58368095526e-07, 1.19839128843e-07, 3.5332391235e-08, 6.39671915437e-09],
        "max": [0.0294173527509, 0.0964431464672, 0.0694793611765, 0.0619503855705, 0.200207740068, 0.028352143243, 0.0731805562973, 0.0589646287262, 0.0830329507589, 0.0788821950555, 0.108895868063, 0.0887699946761, 0.0548093281686, 0.0224507264793, 0.00651843007654, 0.0149471433833, 0.00819981470704, 0.0061862305738, 0.00549554359168, 0.00457043666393, 0.00744992401451, 0.00622904906049, 0.00505008781329, 0.00407997751608, 0.00324352970347, 0.00140554574318, 0.00120522128418],
        "mean": [0.000150000952999, 0.00576578779146, 0.00245156371966, 0.00175934762228, 0.00323889544234, 0.00108507589903, 0.00119562470354, 0.000936820404604, 0.0012917725835, 0.00138126558159, 0.000587713904679, 0.000796531676315, 0.00037242443068, 0.000452248437796, 0.000251438934356, 0.000258144369582, 0.000193498213775, 0.000123721009004, 0.000142485761899, 0.000136620161356, 0.000199273825274, 0.000190318081877, 0.000153637418407, 0.000153620596393, 0.000133560868562, 7.7762408182e-05, 1.39084831972e-05],
        "median": [1.81950690603e-05, 0.00194159848616, 0.000436408561654, 0.000268574221991, 0.000800998881459, 0.000210618047277, 0.000181665091077, 0.000134674366564, 0.000130197382532, 0.00011836617341, 5.93040531385e-05, 8.84042747202e-05, 6.30771828583e-05, 6.15689277765e-05, 4.28024941357e-05, 4.63957512693e-05, 4.24735662818e-05, 2.94139517791e-05, 3.09230126732e-05, 3.31388691848e-05, 3.68780238205e-05, 3.2015992474e-05, 2.00185058929e-05, 1.79476683115e-05, 1.14200720418e-05, 7.44194903746e-06, 2.25761596084e-07],
        "min": [1.84858114655e-24, 4.65052949049e-24, 1.69507354756e-24, 1.43723396626e-24, 7.87730388658e-24, 8.75103439229e-24, 1.3641323561e-23, 8.16318865635e-24, 6.74351749485e-24, 1.70573452938e-23, 1.06122838561e-23, 3.49898086997e-23, 3.35153677144e-23, 4.27641307394e-23, 4.20422819903e-23, 4.46097118479e-23, 7.74741557195e-23, 8.93989305725e-23, 1.68361572157e-22, 1.46707554879e-22, 2.44805096881e-22, 3.65252393614e-22, 4.4364174158e-22, 5.66883120531e-22, 8.29524930459e-22, 1.26475087671e-21, 1.91629717492e-21],
        "var": [1.38706536745e-06, 8.46470575198e-05, 3.17985322908e-05, 2.32440597756e-05, 5.25557370565e-05, 6.02635918767e-06, 1.38118875839e-05, 8.25643382996e-06, 2.35726402025e-05, 3.55855736416e-05, 1.65109195223e-05, 1.75340192072e-05, 3.81389213544e-06, 1.59662829446e-06, 3.59095025715e-07, 4.87456532028e-07, 3.12648069212e-07, 8.80636648048e-08, 1.03267318252e-07, 8.45047267717e-08, 1.85938958452e-07, 1.86910440902e-07, 1.01139406183e-07, 9.29871788458e-08, 7.2102004367e-08, 2.36319586122e-08, 3.16176662629e-09]
    },
    "erbbands": {
        "dmean": [0.0861927643418, 0.764810621738, 2.08062529564, 5.07860040665, 8.15898036957, 8.55516719818, 8.33556365967, 7.4961309433, 12.3260202408, 20.2319374084, 21.3636665344, 28.8472995758, 44.0053215027, 38.7158203125, 39.6399841309, 32.4996604919, 19.6829109192, 15.9348869324, 29.5813484192, 15.844294548, 15.4239311218, 13.8125572205, 7.64761543274, 7.77757692337, 7.20711708069, 6.00646543503, 7.52603054047, 9.0877199173, 7.61271286011, 6.01238250732, 3.93616557121, 3.0593752861, 2.69881463051, 1.70693397522, 0.875558972359, 0.394939422607, 0.125143185258, 0.0298582240939, 0.00209691585042, 5.09009551024e-05],
        "dmean2": [0.122177958488, 1.13090217113, 3.24885129929, 8.68040180206, 13.8716411591, 14.1240062714, 13.0687055588, 11.6633148193, 18.881187439, 31.748500824, 33.4978218079, 44.6301345825, 73.2984237671, 63.6084251404, 67.8701019287, 56.7930374146, 33.1540298462, 26.5109558105, 51.5172767639, 26.8947811127, 26.996969223, 24.28647995, 13.1786413193, 13.3108644485, 11.7548389435, 9.67896461487, 11.9469022751, 14.9833288193, 12.2596940994, 9.18623161316, 5.97839832306, 4.68386220932, 4.07296085358, 2.6089925766, 1.33527934551, 0.605151712894, 0.184311151505, 0.0429354012012, 0.00320222578011, 7.4053525168e-05],
        "dvar": [0.0288716312498, 1.73659181595, 20.8489303589, 196.52331543, 481.559570312, 398.035247803, 464.330566406, 292.252380371, 1007.21044922, 5314.0546875, 4739.49414062, 11163.7128906, 27945.9414062, 21022.2792969, 34154.2539062, 17894.0039062, 10512.9287109, 1227.46740723, 6253.54394531, 1332.67578125, 1870.64489746, 1845.75805664, 343.871307373, 386.885620117, 206.721939087, 208.540374756, 233.770080566, 351.253326416, 268.577667236, 150.519851685, 55.6021881104, 27.9380588531, 23.8698425293, 9.09766292572, 2.37597942352, 0.487663149834, 0.0492202714086, 0.0063661262393, 6.16292309132e-05, 1.26808208378e-08],
        "dvar2": [0.0646317377687, 3.92596673965, 50.668422699, 534.1640625, 1261.00378418, 1015.24206543, 1152.71118164, 627.142883301, 2265.99731445, 11684.4277344, 11713.4033203, 24853.3808594, 73962.03125, 53155.4257812, 89058.578125, 48480.4882812, 27880.75, 2960.36401367, 16425.1914062, 3411.29150391, 5061.94189453, 5162.87304688, 904.878356934, 1063.56665039, 497.280151367, 531.365112305, 569.40612793, 903.089904785, 676.302062988, 329.853271484, 114.207984924, 58.513759613, 51.9320602417, 18.9332561493, 5.19097137451, 1.06927192211, 0.097182571888, 0.0127440346405, 0.000136916118208, 2.64888093682e-08],
        "max": [3.47028660774, 21.1096916199, 53.6615753174, 168.625198364, 760.054504395, 361.420837402, 650.973754883, 302.866149902, 612.274719238, 1888.72253418, 1060.39697266, 2410.92016602, 2487.53833008, 2605.74047852, 3539.71484375, 2175.91113281, 2368.81469727, 626.92565918, 877.280151367, 403.818725586, 886.105529785, 533.404541016, 295.947265625, 271.17489624, 224.574661255, 260.756713867, 301.377593994, 227.07270813, 223.008453369, 198.54258728, 127.038627625, 78.3280944824, 75.7994003296, 47.5019226074, 17.0902366638, 8.46539211273, 2.31246781349, 1.60630428791, 0.167696267366, 0.0023270426318],
        "mean": [0.155911400914, 1.33264923096, 2.68994998932, 5.0610332489, 8.25135612488, 10.0130672455, 11.2968816757, 9.03704071045, 14.0249185562, 20.7857074738, 22.062494278, 28.628030777, 38.3662223816, 33.3723564148, 30.1855621338, 25.4388961792, 18.2929706573, 14.9198408127, 22.9095401764, 14.6112346649, 13.5220422745, 11.5572071075, 7.08039188385, 7.08179187775, 7.13338041306, 6.23206567764, 7.40658950806, 7.81523227692, 7.04110574722, 6.08406639099, 4.07493257523, 3.04418230057, 2.60747504234, 1.67736017704, 0.854503631592, 0.385132193565, 0.131521463394, 0.0311155486852, 0.00198336970061, 6.26027103863e-05],
        "median": [0.0431565009058, 0.447650372982, 0.660591542721, 0.942281186581, 1.67149662971, 2.51615524292, 2.56570267677, 1.78606081009, 2.54976296425, 2.97861218452, 3.64652490616, 3.19945240021, 4.18688058853, 3.71845722198, 3.60155725479, 3.56957983971, 3.53898429871, 3.00888347626, 3.0517373085, 2.90219759941, 2.81499648094, 2.65075349808, 1.82633030415, 1.80096292496, 1.6307169199, 1.5728405714, 1.49628555775, 1.35260689259, 1.15425181389, 0.844787895679, 0.530162930489, 0.379784375429, 0.26239824295, 0.150784671307, 0.0734624043107, 0.0345009379089, 0.0113744642586, 0.00166368030477, 6.22197112534e-05, 2.42519618041e-05],
        "min": [1.37315730351e-22, 9.48409222371e-22, 1.22408876998e-21, 7.78089947358e-21, 1.59842798294e-20, 2.81761368831e-20, 9.6972115119e-20, 8.17915608081e-20, 1.56964410095e-19, 2.13415454397e-19, 3.24481576856e-19, 1.62028849245e-19, 4.70557045991e-19, 6.71904542711e-19, 1.09889000503e-18, 1.53360071389e-18, 1.8003422664e-18, 1.61455594986e-18, 2.24326708554e-18, 2.97813351455e-18, 2.55090879024e-18, 4.44241607952e-18, 6.13060402859e-18, 7.78762588014e-18, 8.83997250006e-18, 7.05133091021e-18, 9.77953635217e-18, 1.04068535851e-17, 9.83820579148e-18, 1.21731679159e-17, 1.24424127237e-17, 1.02818508781e-17, 8.70117490199e-18, 9.17057591138e-18, 6.13579913643e-18, 4.39458725573e-18, 2.39145359715e-18, 9.44380421426e-19, 2.63783864838e-19, 2.86517754289e-20],
        "var": [0.0816098898649, 4.49411678314, 26.9929351807, 158.717605591, 488.84274292, 465.754577637, 637.021362305, 412.956359863, 1286.19104004, 6589.59179688, 4601.09863281, 13159.3095703, 22896.8789062, 17730.1015625, 24950.078125, 12061.5527344, 7850.91162109, 1208.61181641, 4518.02783203, 1174.23217773, 1378.82226562, 1189.23168945, 269.958587646, 276.631622314, 209.575744629, 191.243469238, 233.517303467, 298.519561768, 260.86428833, 183.718399048, 72.418182373, 35.3815002441, 28.4622344971, 11.5464038849, 2.92503929138, 0.605270266533, 0.0698855370283, 0.0081687932834, 6.44436731818e-05, 1.61538284971e-08]
    },
    "gfcc": {
        "mean": [-57.0000305176, 82.1488342285, -101.999000549, 28.0216617584, -56.2429161072, 18.0627841949, -31.5963802338, 8.77488422394, -21.9037704468, 3.60124468803, -18.77277565, 1.80426037312, -9.99571704865],
        "cov": [[20466.9609375, -1749.52819824, 157.814086914, 421.808807373, -907.070739746, 530.921875, -1059.53393555, 64.8100585938, -766.852355957, 472.331542969, -497.67199707, 248.768569946, -403.961608887], [-1749.52819824, 2701.08178711, 56.3475112915, 69.823600769, 383.49609375, -324.954101562, 283.106231689, -191.33241272, 310.347167969, -174.498077393, 272.584289551, -115.872550964, 208.184066772], [157.814086914, 56.3475112915, 1847.60766602, 314.134429932, 231.025939941, 74.0689315796, -38.2872009277, 51.9707527161, -28.1691493988, 159.764404297, 24.606962204, 91.9325408936, -48.3817863464], [421.808807373, 69.823600769, 314.134429932, 683.813781738, 131.749008179, 93.0942077637, 20.4985160828, -53.4534835815, -3.42870879173, 31.7356033325, 59.0260238647, -5.15213108063, 10.325044632], [-907.070739746, 383.49609375, 231.025939941, 131.749008179, 601.049377441, 109.939918518, 167.516662598, -22.39909935, 75.5584869385, 21.856420517, 70.0843887329, 50.2945976257, 51.9025421143], [530.921875, -324.954101562, 74.0689315796, 93.0942077637, 109.939918518, 326.291931152, 67.0345306396, 88.8395309448, -57.5820465088, 25.6360569, -30.9901294708, 49.5539398193, 5.77689886093], [-1059.53393555, 283.106231689, -38.2872009277, 20.4985160828, 167.516662598, 67.0345306396, 353.292297363, 93.5732345581, 96.7768554688, -78.8292007446, 38.4626960754, -8.92558288574, 66.7866363525], [64.8100585938, -191.33241272, 51.9707527161, -53.4534835815, -22.39909935, 88.8395309448, 93.5732345581, 231.515151978, 45.198802948, 6.20969057083, -57.1816940308, 1.66789126396, 1.41382420063], [-766.852355957, 310.347167969, -28.1691493988, -3.42870879173, 75.5584869385, -57.5820465088, 96.7768554688, 45.198802948, 211.390945435, 39.0584220886, 45.3158378601, -47.8775253296, 26.8503189087], [472.331542969, -174.498077393, 159.764404297, 31.7356033325, 21.856420517, 25.6360569, -78.8292007446, 6.20969057083, 39.0584220886, 191.66835022, 38.4250221252, 28.661945343, -51.9211044312], [-497.67199707, 272.584289551, 24.606962204, 59.0260238647, 70.0843887329, -30.9901294708, 38.4626960754, -57.1816940308, 45.3158378601, 38.4250221252, 167.907150269, 45.2282066345, 29.1701831818], [248.768569946, -115.872550964, 91.9325408936, -5.15213108063, 50.2945976257, 49.5539398193, -8.92558288574, 1.66789126396, -47.8775253296, 28.661945343, 45.2282066345, 141.957809448, 39.5659408569], [-403.961608887, 208.184066772, -48.3817863464, 10.325044632, 51.9025421143, 5.77689886093, 66.7866363525, 1.41382420063, 26.8503189087, -51.9211044312, 29.1701831818, 39.5659408569, 126.880569458]],
        "icov": [[9.42821716308e-05, -0.000122361932881, 5.81613348913e-05, -0.000117063296784, 0.000151941989316, -0.000150110936374, 0.000128751024022, -8.27839685371e-05, 0.000256578641711, -0.000338806363288, 0.00042300435598, -0.000342500483384, 0.000227094104048], [-0.000122361932881, 0.00104542064946, -0.000247002084507, 0.000266474293312, -0.000602005631663, 0.000683059624862, -0.000208435973036, 0.00050518423086, -0.000985700404271, 0.00127933197655, -0.00173602916766, 0.00150066358037, -0.00123824505135], [5.81613348913e-05, -0.000247002084507, 0.000772472703829, -0.000425799778895, -0.000126813203678, 0.00010527199629, 0.000120031581901, -0.000524712668266, 0.000580108433496, -0.000859561434481, 0.000633380317595, -0.000778217858169, 0.000531961733941], [-0.000117063296784, 0.000266474293312, -0.000425799778895, 0.00202282401733, -0.000344478990883, -0.000521346810274, -0.000125430553453, 0.000721704971511, -0.000287412636681, 0.00047466889373, -0.00141132203862, 0.00154384633061, -0.000816172338091], [0.000151941989316, -0.000602005631663, -0.000126813203678, -0.000344478990883, 0.0030000123661, -0.00143767194822, -0.000926726614125, 0.00110886769835, -0.000512672646437, -0.001011952525, 0.00140410778113, -0.00194322271273, 0.000742440926842], [-0.000150110936374, 0.000683059624862, 0.00010527199629, -0.000521346810274, -0.00143767194822, 0.00570708326995, -0.00135859451257, -0.0017515765503, 0.00204275175929, -0.000923849758692, -0.000261827837676, 0.000525810581166, -0.00136731332168], [0.000128751024022, -0.000208435973036, 0.000120031581901, -0.000125430553453, -0.000926726614125, -0.00135859451257, 0.00600909115747, -0.00239070923999, -0.00167283497285, 0.0028779534623, -0.00153214670718, 8.14136874396e-05, -2.89927338599e-05], [-8.27839685371e-05, 0.00050518423086, -0.000524712668266, 0.000721704971511, 0.00110886769835, -0.0017515765503, -0.00239070923999, 0.00805360171944, -0.00341077987105, 0.000229224620853, 0.0024137746077, -0.00108002428897, 4.09810818383e-05], [0.000256578641711, -0.000985700404271, 0.000580108433496, -0.000287412636681, -0.000512672646437, 0.00204275175929, -0.00167283497285, -0.00341077987105, 0.0118029676378, -0.00640058331192, -0.000105890729174, 0.00378292566165, -0.00255817081779], [-0.000338806363288, 0.00127933197655, -0.000859561434481, 0.00047466889373, -0.001011952525, -0.000923849758692, 0.0028779534623, 0.000229224620853, -0.00640058331192, 0.0126217715442, -0.00492578186095, -0.00100279645994, 0.00335901835933], [0.00042300435598, -0.00173602916766, 0.000633380317595, -0.00141132203862, 0.00140410778113, -0.000261827837676, -0.00153214670718, 0.0024137746077, -0.000105890729174, -0.00492578186095, 0.0137123502791, -0.00706980796531, 0.0018275474431], [-0.000342500483384, 0.00150066358037, -0.000778217858169, 0.00154384633061, -0.00194322271273, 0.000525810581166, 8.14136874396e-05, -0.00108002428897, 0.00378292566165, -0.00100279645994, -0.00706980796531, 0.0158463642001, -0.00776195013896], [0.000227094104048, -0.00123824505135, 0.000531961733941, -0.000816172338091, 0.000742440926842, -0.00136731332168, -2.89927338599e-05, 4.09810818383e-05, -0.00255817081779, 0.00335901835933, 0.0018275474431, -0.00776195013896, 0.014594967477]]
    },
    "melbands": {
        "dmean": [0.000840037246235, 0.000996389426291, 0.000938666576985, 0.000617013603915, 0.000313019263558, 0.000172042651684, 0.000191299404833, 0.000220365254791, 0.000184633128811, 0.000181487717782, 0.000231731173699, 0.000172590531292, 0.000125476508401, 0.000126872997498, 6.05583336437e-05, 3.25182008964e-05, 2.93595221592e-05, 5.87701106269e-05, 2.01076964004e-05, 2.06905842788e-05, 1.72482941707e-05, 1.57667145686e-05, 8.85250665306e-06, 5.829494512e-06, 6.48082414045e-06, 5.93938830207e-06, 4.87777833769e-06, 3.74755927623e-06, 4.40028907178e-06, 5.1564916248e-06, 5.37966479897e-06, 4.12848839915e-06, 4.26819269705e-06, 3.15901297654e-06, 2.34767867369e-06, 1.78994844191e-06, 2.03645640795e-06, 1.93626283362e-06, 1.68445455984e-06, 1.41139378229e-06],
        "dmean2": [0.00120379263535, 0.00155406934209, 0.00159357895609, 0.00101980764885, 0.000493851548526, 0.000267741183052, 0.000292235345114, 0.000347997673089, 0.000289714080282, 0.000280262989691, 0.000386948988307, 0.00028287054738, 0.000213082515984, 0.000222485978156, 0.000105787483335, 5.33783204446e-05, 4.89650628879e-05, 0.000102968850115, 3.42602215824e-05, 3.57613789674e-05, 3.03877204715e-05, 2.78447114397e-05, 1.55753568833e-05, 9.95861864794e-06, 1.12313273348e-05, 9.83095742413e-06, 7.93625258666e-06, 6.10068718743e-06, 7.04859439793e-06, 8.38050891616e-06, 9.01303883438e-06, 6.71455427437e-06, 6.86672410666e-06, 4.78234323964e-06, 3.57676231033e-06, 2.7450998914e-06, 3.16221780849e-06, 2.96894427265e-06, 2.55148847828e-06, 2.18873242375e-06],
        "dvar": [2.24264772442e-06, 3.53420409738e-06, 6.06465482633e-06, 2.43957401835e-06, 6.12520580034e-07, 1.521360673e-07, 2.38242179762e-07, 5.16732143296e-07, 4.1136758e-07, 4.80260098357e-07, 8.15591249648e-07, 4.16817300675e-07, 4.92805384056e-07, 4.05395837788e-07, 1.27628055679e-07, 1.51152512728e-08, 4.5661283643e-09, 2.81619900733e-08, 2.43031506031e-09, 2.68463873354e-09, 2.6204418635e-09, 2.97665891935e-09, 5.88711079885e-10, 2.680999589e-10, 3.18933129906e-10, 1.65329042123e-10, 1.48853554482e-10, 8.34941768502e-11, 7.63753227329e-11, 1.27098900848e-10, 1.26088792185e-10, 7.79993361566e-11, 9.77366104715e-11, 4.17682693987e-11, 2.09406693374e-11, 1.0136300653e-11, 1.33292136009e-11, 1.28842379474e-11, 9.39027675062e-12, 6.40136338034e-12],
        "dvar2": [4.95147605761e-06, 8.94396544027e-06, 1.6474752556e-05, 6.08596792517e-06, 1.53623693677e-06, 3.27269958689e-07, 5.33731622454e-07, 1.13941939617e-06, 1.02987428363e-06, 1.06474328732e-06, 2.15097293221e-06, 1.04709317839e-06, 1.27427324514e-06, 1.09014354166e-06, 3.48301711028e-07, 3.78328977035e-08, 1.11509841361e-08, 7.46387414097e-08, 6.27970564437e-09, 7.07322955762e-09, 7.09385572506e-09, 8.38614777621e-09, 1.60781876701e-09, 7.21028681205e-10, 8.88421891609e-10, 4.29528301815e-10, 3.75872527547e-10, 2.11940687223e-10, 1.85190779378e-10, 3.21113163837e-10, 3.28144261763e-10, 1.9876415791e-10, 2.42859066191e-10, 9.00528679404e-11, 4.39301373056e-11, 2.14285186817e-11, 2.90542468556e-11, 2.85866018357e-11, 1.96667144375e-11, 1.36462499287e-11],
        "max": [0.0283203087747, 0.02261409536, 0.0274200700223, 0.0514006391168, 0.0236468594521, 0.00612176861614, 0.00789475813508, 0.0171816106886, 0.00986760575324, 0.0162765588611, 0.0134629132226, 0.00990395620465, 0.0165158733726, 0.0116365747526, 0.006925964728, 0.00273385317996, 0.0014877099311, 0.00189829000738, 0.000547396426555, 0.000904368818738, 0.000978350057267, 0.000715936068445, 0.000395509385271, 0.000422150769737, 0.000259632244706, 0.000167255915585, 0.000238650754909, 0.000157024507644, 0.000157365517225, 0.000222517555812, 0.000117656280054, 0.000108021049527, 0.00015042826999, 0.000113307200081, 8.30467324704e-05, 5.4081374401e-05, 4.96604698128e-05, 6.12222502241e-05, 3.65332925867e-05, 4.25110192737e-05],
        "mean": [0.00155109877232, 0.00157737394329, 0.000953826936893, 0.000682602520101, 0.000420594005845, 0.000208561410545, 0.000215472537093, 0.000226556076086, 0.000186860866961, 0.000178409725777, 0.000201037881197, 0.000150463412865, 9.55911236815e-05, 9.43193517742e-05, 4.97337896377e-05, 3.26563676936e-05, 2.68664352916e-05, 4.42122473032e-05, 1.79093731276e-05, 1.85701519513e-05, 1.48783492477e-05, 1.2896743101e-05, 7.50513709136e-06, 5.53052450414e-06, 5.70343036088e-06, 5.60025546292e-06, 4.85612463308e-06, 3.83952828997e-06, 4.42029704573e-06, 4.63367723569e-06, 4.47024331152e-06, 3.83171163776e-06, 3.83903261536e-06, 3.24201937474e-06, 2.3998738925e-06, 1.83464135262e-06, 1.93530445358e-06, 1.83990425739e-06, 1.65615188052e-06, 1.36106871196e-06],
        "median": [0.000494140142109, 0.000521202513482, 0.000208755605854, 0.000164495228091, 9.86806917354e-05, 4.05438549933e-05, 3.75175804948e-05, 3.15402103297e-05, 2.65252183453e-05, 1.72451000253e-05, 1.99792320927e-05, 1.50803334691e-05, 1.03104739537e-05, 9.59153476288e-06, 7.47461854189e-06, 5.79696143177e-06, 4.87504030389e-06, 4.95880885865e-06, 3.20047638525e-06, 3.23140466207e-06, 2.64155255536e-06, 2.61193122242e-06, 1.58223974722e-06, 1.33989817641e-06, 1.35289621994e-06, 1.13158228032e-06, 1.11139900127e-06, 9.21095534068e-07, 8.9041782303e-07, 7.95750452198e-07, 7.36403649171e-07, 6.34006653399e-07, 5.5280122524e-07, 4.07917127632e-07, 3.12955279469e-07, 2.3171294572e-07, 2.1135771533e-07, 1.83012048183e-07, 1.56907404403e-07, 1.08733104298e-07],
        "min": [2.02777425383e-24, 7.83223212154e-25, 1.85527187032e-24, 1.79696380816e-24, 3.23535010299e-24, 1.98219919554e-24, 2.66032315955e-24, 2.81749639795e-24, 2.27892666124e-24, 9.79341428763e-25, 2.35467269093e-24, 2.54677846515e-24, 2.26930117769e-24, 3.85658871547e-24, 3.28905240076e-24, 2.7693819964e-24, 2.28525135355e-24, 2.6697725299e-24, 3.35219539141e-24, 4.3909362714e-24, 2.14889773216e-24, 4.84650186644e-24, 3.3148952868e-24, 4.78072506644e-24, 5.84260757552e-24, 6.16642945508e-24, 5.51020604474e-24, 4.05328250472e-24, 4.12653612838e-24, 5.05138363745e-24, 5.58369869326e-24, 4.32098126961e-24, 6.0646999249e-24, 6.10973678284e-24, 6.85708033305e-24, 6.84311118414e-24, 4.89649000985e-24, 5.34077489395e-24, 6.72879577264e-24, 7.76714340547e-24],
        "var": [6.70898589306e-06, 6.07926949669e-06, 4.91783612233e-06, 2.88681371785e-06, 8.35671755794e-07, 2.15547814264e-07, 3.00663174357e-07, 6.42541294837e-07, 3.78611929364e-07, 5.7058667835e-07, 6.76043384829e-07, 3.66477706848e-07, 3.68549422092e-07, 2.72463893225e-07, 8.56677289107e-08, 1.40752556277e-08, 4.36033520401e-09, 1.98717522437e-08, 1.96863414459e-09, 2.21273022127e-09, 1.94136728915e-09, 1.87095761106e-09, 4.08856087875e-10, 2.02385067039e-10, 2.15591849928e-10, 1.41110123586e-10, 1.31713459584e-10, 7.78365705223e-11, 7.95962878941e-11, 1.11121042923e-10, 1.03074923596e-10, 7.61142121553e-11, 9.16746331625e-11, 5.28330955374e-11, 2.66835442631e-11, 1.29815975677e-11, 1.56051248312e-11, 1.48684207307e-11, 1.15844452087e-11, 7.85287720267e-12]
    },
    "mfcc": {
        "mean": [-700.68359375, 115.06665802, 11.6684408188, 17.3273715973, 1.86322021484, 9.45722579956, 2.12616562843, 5.01721382141, 3.73661708832, 1.28396785259, -0.236882671714, -1.12332522869, -0.835793554783],
        "cov": [[12485.1074219, -1547.68200684, 360.821228027, -51.1616592407, -21.6390151978, 176.214569092, -169.382141113, -357.66897583, -255.49105835, -116.427757263, -153.367675781, -73.7147445679, -71.7647018433], [-1547.68200684, 2280.08837891, 103.658309937, 251.788162231, 147.153152466, 4.64162445068, 7.51878070831, 35.579410553, 34.7889785767, 6.43130683899, 39.2304573059, 54.2256164551, 77.5718841553], [360.821228027, 103.658309937, 1247.26623535, 327.037963867, 183.87210083, 44.306476593, 41.6526184082, -32.9129638672, -17.9967784882, 30.948972702, 32.1591033936, 27.2332019806, 29.1146564484], [-51.1616592407, 251.788162231, 327.037963867, 563.747802734, 191.125488281, 151.839279175, 46.6112442017, -10.5675344467, -18.4376068115, 11.4002666473, 31.769701004, 48.8162345886, 42.2101173401], [-21.6390151978, 147.153152466, 183.87210083, 191.125488281, 378.176086426, 184.110275269, 79.3852310181, 2.14458489418, 11.0626773834, 7.64996147156, 21.0250225067, 42.0997467041, 41.7601280212], [176.214569092, 4.64162445068, 44.306476593, 151.839279175, 184.110275269, 281.87097168, 120.954299927, 29.7072410583, 6.93672132492, -1.9678684473, 20.2364368439, 21.3040313721, 30.8733139038], [-169.382141113, 7.51878070831, 41.6526184082, 46.6112442017, 79.3852310181, 120.954299927, 230.096435547, 140.044998169, 57.8217277527, 6.54355955124, -0.513084888458, 2.55741453171, 11.263215065], [-357.66897583, 35.579410553, -32.9129638672, -10.5675344467, 2.14458489418, 29.7072410583, 140.044998169, 215.695037842, 120.839752197, 26.0712661743, -9.73856258392, -9.53030204773, -2.52418112755], [-255.49105835, 34.7889785767, -17.9967784882, -18.4376068115, 11.0626773834, 6.93672132492, 57.8217277527, 120.839752197, 178.730911255, 89.8604888916, 20.0560760498, -17.8666973114, -23.8052463531], [-116.427757263, 6.43130683899, 30.948972702, 11.4002666473, 7.64996147156, -1.9678684473, 6.54355955124, 26.0712661743, 89.8604888916, 150.361480713, 77.5084075928, 3.18937540054, -13.6309194565], [-153.367675781, 39.2304573059, 32.1591033936, 31.769701004, 21.0250225067, 20.2364368439, -0.513084888458, -9.73856258392, 20.0560760498, 77.5084075928, 125.609558105, 52.2583961487, 14.3488426208], [-73.7147445679, 54.2256164551, 27.2332019806, 48.8162345886, 42.0997467041, 21.3040313721, 2.55741453171, -9.53030204773, -17.8666973114, 3.18937540054, 52.2583961487, 112.773735046, 59.8019752502], [-71.7647018433, 77.5718841553, 29.1146564484, 42.2101173401, 41.7601280212, 30.8733139038, 11.263215065, -2.52418112755, -23.8052463531, -13.6309194565, 14.3488426208, 59.8019752502, 104.62008667]],
