{
"lowlevel": {
    "average_loudness": 0.824456632137,
    "barkbands_crest": {
        "dmean": 3.24342346191,
        "dmean2": 5.26422691345,
        "dvar": 9.31770515442,
        "dvar2": 22.9868412018,
        "max": 26.4980583191,
        "mean": 12.4516048431,
        "median": 11.7339849472,
        "min": 2.34011077881,
        "var": 24.4990253448
    },
    "barkbands_flatness_db": {
        "dmean": 0.0449248589575,
        "dmean2": 0.0685184821486,
        "dvar": 0.00195469101891,
        "dvar2": 0.00447261286899,
        "max": 0.493519037962,
        "mean": 0.167257651687,
        "median": 0.155053943396,
        "min": 0.0333787016571,
        "var": 0.00495840935037
    },
    "barkbands_kurtosis": {
        "dmean": 5.55739116669,
        "dmean2": 8.67237854004,
        "dvar": 71.059135437,
        "dvar2": 166.705917358,
        "max": 160.105880737,
        "mean": 6.65892267227,
        "median": 3.81351542473,
        "min": -1.93878161907,
        "var": 101.878440857
    },
    "barkbands_skewness": {
        "dmean": 0.913232386112,
        "dmean2": 1.43553507328,
        "dvar": 0.869119346142,
        "dvar2": 2.11968636513,
        "max": 11.9500789642,
        "mean": 2.13759589195,
        "median": 2.06964302063,
        "min": -3.26920962334,
        "var": 1.94433355331
    },
    "barkbands_spread": {
        "dmean": 10.5158424377,
        "dmean2": 17.1348381042,
        "dvar": 115.14414978,
        "dvar2": 261.860748291,
        "max": 129.975967407,
        "mean": 24.4413452148,
        "median": 21.3204917908,
        "min": 0.723184049129,
        "var": 267.179443359
    },
    "dissonance": {
        "dmean": 0.0189555622637,
        "dmean2": 0.0302568580955,
        "dvar": 0.000686978630256,
        "dvar2": 0.00155975914095,
        "max": 0.500000178814,
        "mean": 0.461318582296,
        "median": 0.477138072252,
        "min": 0.222483634949,
        "var": 0.00183663726784
    },
    "dynamic_complexity": 4.60326957703,
    "erbbands_crest": {
        "dmean": 2.73953151703,
        "dmean2": 4.35197734833,
        "dvar": 10.0054779053,
        "dvar2": 23.6084861755,
        "max": 31.3126182556,
        "mean": 8.62325000763,
        "median": 6.61356258392,
        "min": 2.41259264946,
        "var": 29.0529747009
    },
    "erbbands_flatness_db": {
        "dmean": 0.0273373425007,
        "dmean2": 0.0410060435534,
        "dvar": 0.00114071706776,
        "dvar2": 0.00250641349703,
        "max": 0.427819758654,
        "mean": 0.16832703352,
        "median": 0.143842160702,
        "min": 0.0593690499663,
        "var": 0.00483451364562
    },
    "erbbands_kurtosis": {
        "dmean": 1.57899534702,
        "dmean2": 2.45528483391,
        "dvar": 8.54852485657,
        "dvar2": 18.902469635,
        "max": 51.6298484802,
        "mean": 0.455203026533,
        "median": -0.861205458641,
        "min": -1.93221545219,
        "var": 12.7101478577
    },
    "erbbands_skewness": {
        "dmean": 0.561764955521,
        "dmean2": 0.872965693474,
        "dvar": 0.392103284597,
        "dvar2": 0.940520524979,
        "max": 6.02198028564,
        "mean": 0.170253232121,
        "median": -0.0278039649129,
        "min": -4.2921423912,
        "var": 1.22477281094
    },
    "erbbands_spread": {
        "dmean": 13.8250799179,
        "dmean2": 21.7615604401,
        "dvar": 176.640319824,
        "dvar2": 399.898254395,
        "max": 136.637878418,
        "mean": 56.220123291,
        "median": 58.5125083923,
        "min": 2.80979156494,
        "var": 640.899108887
    },
    "hfc": {
        "dmean": 9.7419424057,
        "dmean2": 16.4171237946,
        "dvar": 341.046112061,
        "dvar2": 908.812316895,
        "max": 149.68788147,
        "mean": 13.9300642014,
        "median": 8.34608268738,
        "min": 1.0596278938e-16,
        "var": 333.813171387
    },
    "melbands_crest": {
        "dmean": 3.65488576889,
        "dmean2": 5.92716789246,
        "dvar": 12.2608375549,
        "dvar2": 30.7051315308,
        "max": 34.2228507996,
        "mean": 17.3211765289,
        "median": 17.086643219,
        "min": 1.72772479057,
        "var": 33.0422935486
    },
    "melbands_flatness_db": {
        "dmean": 0.0515589267015,
        "dmean2": 0.0803974494338,
        "dvar": 0.00256103579886,
        "dvar2": 0.00604143785313,
        "max": 0.618249952793,
        "mean": 0.210900083184,
        "median": 0.20859144628,
        "min": 0.00301928818226,
        "var": 0.00546375708655
    },
    "melbands_kurtosis": {
        "dmean": 15.1541786194,
        "dmean2": 23.8564510345,
        "dvar": 409.474365234,
        "dvar2": 1003.9699707,
        "max": 402.99105835,
        "mean": 26.8557739258,
        "median": 19.5756626129,
        "min": -1.9398277998,
        "var": 744.244750977
    },
    "melbands_skewness": {
        "dmean": 1.21725177765,
        "dmean2": 1.91229963303,
        "dvar": 1.45816969872,
        "dvar2": 3.64912414551,
        "max": 16.9026947021,
        "mean": 4.12612104416,
        "median": 3.96592521667,
        "min": -1.2700304985,
        "var": 4.10695171356
    },
    "melbands_spread": {
        "dmean": 12.9036540985,
        "dmean2": 21.7254829407,
        "dvar": 275.9949646,
        "dvar2": 678.820495605,
        "max": 242.519760132,
        "mean": 22.3339443207,
        "median": 14.7353916168,
        "min": 0.608140707016,
        "var": 533.62878418
    },
    "pitch_salience": {
        "dmean": 0.102556623518,
        "dmean2": 0.169169515371,
        "dvar": 0.0100300740451,
        "dvar2": 0.0260137617588,
        "max": 0.987236499786,
        "mean": 0.52114713192,
        "median": 0.523389339447,
        "min": 0.087762452662,
        "var": 0.021202351898
    },
    "silence_rate_20dB": {
        "dmean": 0,
        "dmean2": 0,
        "dvar": 0,
        "dvar2": 0,
        "max": 1,
        "mean": 1,
        "median": 1,
        "min": 1,
        "var": 0
    },
    "silence_rate_30dB": {
        "dmean": 0.00802864227444,
        "dmean2": 0.0160590279847,
        "dvar": 0.00796384550631,
        "dvar2": 0.0233972221613,
        "max": 1,
        "mean": 0.995769143105,
        "median": 1,
        "min": 0,
        "var": 0.00421305606142
    },
    "silence_rate_60dB": {
        "dmean": 0.0371053479612,
        "dmean2": 0.07421875,
        "dvar": 0.0357256568968,
        "dvar2": 0.0795488879085,
        "max": 1,
        "mean": 0.201019749045,
        "median": 0,
        "min": 0,
        "var": 0.160612076521
    },
    "spectral_centroid": {
        "dmean": 504.308624268,
        "dmean2": 816.227783203,
        "dvar": 279589.1875,
        "dvar2": 661842.25,
        "max": 11891.4404297,
        "mean": 1617.76428223,
        "median": 1424.50927734,
        "min": 183.357711792,
        "var": 1134473.5
    },
    "spectral_complexity": {
        "dmean": 6.11283493042,
        "dmean2": 9.36805534363,
        "dvar": 69.687286377,
        "dvar2": 146.316482544,
        "max": 73,
        "mean": 13.7230415344,
        "median": 10,
        "min": 0,
        "var": 151.337844849
    },
    "spectral_decrease": {
        "dmean": 2.37709962825e-09,
        "dmean2": 3.73623354477e-09,
        "dvar": 1.7737435707e-17,
        "dvar2": 4.28240535193e-17,
        "max": 2.07825053998e-28,
        "mean": -4.93803220536e-09,
        "median": -3.32107141787e-09,
        "min": -5.33516804069e-08,
        "var": 3.10091185015e-17
    },
    "spectral_energy": {
        "dmean": 0.00963734928519,
        "dmean2": 0.0151528650895,
        "dvar": 0.000283979956293,
        "dvar2": 0.000685702776536,
        "max": 0.20885668695,
        "mean": 0.0199007522315,
        "median": 0.0134503617883,
        "min": 1.00212131495e-20,
        "var": 0.000490662991069
    },
    "spectral_energyband_high": {
        "dmean": 0.000773564272095,
        "dmean2": 0.00133275846019,
        "dvar": 1.78883306035e-06,
        "dvar2": 4.70284930998e-06,
        "max": 0.0150392632931,
        "mean": 0.000981611432508,
        "median": 0.000499082030728,
        "min": 6.93711951102e-21,
        "var": 2.03343415706e-06
    },
    "spectral_energyband_low": {
        "dmean": 0.00486289616674,
        "dmean2": 0.00766727654263,
        "dvar": 7.25477439119e-05,
        "dvar2": 0.000189298181795,
        "max": 0.114521145821,
        "mean": 0.00837285257876,
        "median": 0.00371020333841,
        "min": 1.90830154584e-23,
        "var": 0.000134492845973
    },
    "spectral_energyband_middle_high": {
        "dmean": 0.00171407207381,
        "dmean2": 0.00291736121289,
        "dvar": 1.42241860885e-05,
        "dvar2": 3.89359483961e-05,
        "max": 0.0314812883735,
        "mean": 0.00221712631173,
        "median": 0.0012182018254,
        "min": 1.14537362877e-21,
        "var": 1.15399661809e-05
    },
    "spectral_energyband_middle_low": {
        "dmean": 0.00551081588492,
        "dmean2": 0.00860256329179,
        "dvar": 0.000178946997039,
        "dvar2": 0.000459609029349,
        "max": 0.18784494698,
        "mean": 0.00956492125988,
        "median": 0.00530158216134,
        "min": 1.85636994892e-22,
        "var": 0.000202041817829
    },
    "spectral_entropy": {
        "dmean": 0.344528377056,
        "dmean2": 0.542593300343,
        "dvar": 0.216673105955,
        "dvar2": 0.509108066559,
        "max": 9.8213634491,
        "mean": 7.63040828705,
        "median": 7.78369808197,
        "min": 5.10842943192,
        "var": 0.36801096797
    },
    "spectral_flux": {
        "dmean": 0.0296275988221,
        "dmean2": 0.0460163764656,
        "dvar": 0.00153569190297,
        "dvar2": 0.00298275402747,
        "max": 0.387623071671,
        "mean": 0.067261248827,
        "median": 0.0516023188829,
        "min": 6.4164569491e-11,
        "var": 0.00327884010039
    },
    "spectral_kurtosis": {
        "dmean": 1.50456309319,
        "dmean2": 2.52077198029,
        "dvar": 4.07152032852,
        "dvar2": 10.1971826553,
        "max": 26.3490867615,
        "mean": 2.57584261894,
        "median": 1.96433734894,
        "min": -1.26010477543,
        "var": 5.9234828949
    },
    "spectral_rms": {
        "dmean": 0.000898332335055,
        "dmean2": 0.0013585453853,
        "dvar": 1.47170851506e-06,
        "dvar2": 3.2628649933e-06,
        "max": 0.0142745450139,
        "mean": 0.00377379124984,
        "median": 0.00362247205339,
        "min": 3.12678637322e-12,
        "var": 5.17388525623e-06
    },
    "spectral_rolloff": {
        "dmean": 1054.31323242,
        "dmean2": 1839.14208984,
        "dvar": 1965765.375,
        "dvar2": 4559309,
        "max": 19616.7480469,
        "mean": 1664.52880859,
        "median": 796.728515625,
        "min": 86.1328125,
        "var": 4816428.5
    },
    "spectral_skewness": {
        "dmean": 0.264249682426,
        "dmean2": 0.417077809572,
        "dvar": 0.0926316380501,
        "dvar2": 0.214415132999,
        "max": 3.53319358826,
        "mean": 1.030564785,
        "median": 0.936668395996,
        "min": -0.0966731011868,
        "var": 0.226523458958
    },
    "spectral_spread": {
        "dmean": 646468.1875,
        "dmean2": 1037812.875,
        "dvar": 668302508032,
        "dvar2": 1.46084947558e+12,
        "max": 42518300,
        "mean": 4826793,
        "median": 4497282,
        "min": 1499732.875,
        "var": 8.84997514854e+12
    },
    "spectral_strongpeak": {
        "dmean": 0.206832915545,
        "dmean2": 0.337102353573,
        "dvar": 0.116074495018,
        "dvar2": 0.301360934973,
        "max": 7.58770942688,
        "mean": 0.523081302643,
        "median": 0.404585719109,
        "min": 0,
        "var": 0.206656008959
    },
    "zerocrossingrate": {
        "dmean": 0.0133044319227,
        "dmean2": 0.0169257055968,
        "dvar": 0.000192269289983,
        "dvar2": 0.000258855288848,
        "max": 0.6435546875,
        "mean": 0.0611290745437,
        "median": 0.05126953125,
        "min": 0.00390625,
        "var": 0.0024223071523
    },
    "barkbands": {
        "dmean": [5.92298674746e-05, 0.00266593182459, 0.00238918303512, 0.00189707125537, 0.00317163928412, 0.000878467806615, 0.000529380631633, 0.000116382114356, 0.000175286157173, 0.000154551831656, 0.000104435588582, 0.000135865615448, 0.000131547029014, 0.000127327512018, 0.000124930113088, 0.000218110188143, 0.000229655168368, 0.00025260966504, 0.000369209388737, 0.000338364159688, 0.000226369869779, 0.000168315425981, 0.000126137791085, 8.29516138765e-05, 4.33087116107e-05, 2.22420330829e-05, 3.03784372591e-06],
        "dmean2": [8.35735700093e-05, 0.00420804321766, 0.00383205432445, 0.00297337211668, 0.00522128492594, 0.0015415691305, 0.000929776986595, 0.0001976317144, 0.000277188490145, 0.000244726310484, 0.000170055238414, 0.000222700080485, 0.000219419671339, 0.000218033965211, 0.000212079641642, 0.000384516926715, 0.000394082861021, 0.00044616710511, 0.0006571735139, 0.000603561464231, 0.000390615547076, 0.000289689138299, 0.000215157415369, 0.00014245325292, 7.86797318142e-05, 3.98080846935e-05, 5.20192315889e-06],
        "dvar": [2.42933619887e-08, 2.88520004688e-05, 2.48190426646e-05, 2.7798139854e-05, 7.44853605283e-05, 7.5323373494e-06, 3.03989850181e-06, 7.77692150677e-08, 1.43450066048e-07, 9.56591676982e-08, 6.28040908168e-08, 1.07845480102e-07, 1.22597555219e-07, 8.91912605994e-08, 6.80552716403e-08, 3.00711491263e-07, 2.4248853947e-07, 3.3563173929e-07, 8.84956193659e-07, 6.3681187612e-07, 1.58309703124e-07, 6.93059476475e-08, 7.0688891185e-08, 4.02033322189e-08, 7.12125292068e-09, 3.94345578414e-09, 5.85302861733e-10],
        "dvar2": [4.87406346394e-08, 7.16900322004e-05, 6.3440624217e-05, 7.04548656358e-05, 0.000203876406886, 2.1997571821e-05, 8.74238685356e-06, 2.06664978464e-07, 3.47891017327e-07, 2.24717595643e-07, 1.59696398327e-07, 2.71458588941e-07, 3.07222279616e-07, 2.43303361458e-07, 1.82977160534e-07, 8.31280544844e-07, 6.56747261019e-07, 9.24578444028e-07, 2.47731463787e-06, 1.78063112344e-06, 4.24474677629e-07, 1.79311413717e-07, 1.78180087573e-07, 1.03843689203e-07, 1.91153830542e-08, 1.02790540524e-08, 1.55713353323e-09],
        "max": [0.00241494458169, 0.089897364378, 0.0718778520823, 0.0790691524744, 0.124279379845, 0.0353205166757, 0.0190938748419, 0.00380881130695, 0.0083204973489, 0.00575212901458, 0.00433546863496, 0.00754583626986, 0.00788840744644, 0.00515206810087, 0.00389141892083, 0.00787247996777, 0.00580273987725, 0.00511944759637, 0.00966118928045, 0.00768584059551, 0.00542904064059, 0.003008446889, 0.00475100241601, 0.00425244541839, 0.000635746575426, 0.000873764511198, 0.000636641867459],
        "mean": [9.77824383881e-05, 0.00409197574481, 0.00298708747141, 0.00287118903361, 0.00433001667261, 0.00112881546374, 0.000715412839781, 0.000131942346343, 0.00032966886647, 0.000244373106398, 0.000115496084618, 0.00015445202007, 0.000154377834406, 0.000133420107886, 0.000147326703882, 0.000218720771954, 0.000265876151389, 0.000239103886997, 0.000377629301511, 0.000343552615959, 0.000302156695398, 0.000225654861424, 0.000149254265125, 9.38094817684e-05, 3.3639393223e-05, 1.5700725271e-05, 2.2730434921e-06],
        "median": [3.99255623051e-06, 0.00111258612014, 0.000637153687421, 0.00061328150332, 0.0014586430043, 0.000394057075027, 0.000192631705431, 3.66454951291e-05, 5.5352684285e-05, 5.6623313867e-05, 3.12643169309e-05, 4.73143372801e-05, 5.21970723639e-05, 5.03778683196e-05, 6.5732114308e-05, 8.6597756308e-05, 0.000109352971776, 8.84345790837e-05, 0.000171894324012, 0.000133936046041, 0.000137908646138, 0.000118657088024, 5.89906121604e-05, 2.77539365925e-05, 6.73321437716e-06, 1.25855524402e-06, 4.99745524962e-08],
        "min": [5.63846516439e-25, 2.13170549481e-24, 8.4645485105e-25, 5.79639166634e-25, 8.27447247539e-24, 9.19842975493e-24, 9.38761516609e-24, 1.36995225631e-23, 8.07328139012e-24, 1.04344627752e-23, 1.70787881109e-23, 1.5766456464e-23, 4.0071514967e-23, 3.94418935241e-23, 5.39158787032e-23, 5.27304384883e-23, 6.62835011358e-23, 5.82069664833e-23, 1.29842478653e-22, 1.57700602961e-22, 2.34133512773e-22, 2.82150554684e-22, 4.04098176507e-22, 5.03088633323e-22, 8.59573336536e-22, 1.20290599928e-21, 1.96247590586e-21],
        "var": [7.35028038434e-08, 4.72358806292e-05, 3.23421372741e-05, 3.73379662051e-05, 7.286460459e-05, 5.56013537789e-06, 2.42935766437e-06, 7.99280925889e-08, 4.42395702294e-07, 2.37951269355e-07, 7.14832708582e-08, 1.18705031582e-07, 1.38704649544e-07, 7.37359755476e-08, 6.48264020242e-08, 2.14577326574e-07, 2.12304541947e-07, 2.38887338355e-07, 6.10071822393e-07, 4.91647483614e-07, 2.14709302782e-07, 9.0367208827e-08, 7.6968341034e-08, 4.61304168198e-08, 5.05119013283e-09, 2.98720626013e-09, 4.30055324685e-10]
    },
    "erbbands": {
        "dmean": [0.0466232933104, 0.719861924648, 2.60666227341, 3.99562978745, 10.5704460144, 10.4168901443, 6.02656793594, 7.83362674713, 9.23018455505, 3.96869397163, 2.73446583748, 4.44622564316, 3.9127702713, 3.96899533272, 4.65446233749, 5.31311321259, 6.31300115585, 6.23625183105, 6.43910884857, 8.9314622879, 11.8223438263, 12.1395406723, 12.6226377487, 18.5298805237, 17.2838153839, 16.4619159698, 10.5396718979, 8.41860866547, 6.22020292282, 4.99183511734, 3.34328985214, 2.0316016674, 1.25093376637, 0.565748333931, 0.272195965052, 0.11501288414, 0.0327823832631, 0.00913095939904, 0.000347286841134, 1.85665794561e-05],
        "dmean2": [0.0723520815372, 1.1385216713, 4.17250061035, 6.09986448288, 17.3039417267, 16.9694862366, 10.4272470474, 13.875415802, 16.3768825531, 6.74353313446, 4.55522632599, 7.01171255112, 6.25848674774, 6.43082618713, 7.55627202988, 8.79686355591, 10.4912462234, 10.7673110962, 10.9824438095, 15.4406738281, 20.6785049438, 20.7902030945, 22.0154094696, 33.3530731201, 30.4094104767, 29.3831481934, 18.1980495453, 14.6880168915, 10.6824131012, 8.49096679688, 5.73105049133, 3.52576565742, 2.15425205231, 1.01768350601, 0.496219366789, 0.21099768579, 0.05813761428, 0.0153615940362, 0.000603661814239, 3.01005457004e-05],
        "dvar": [0.0104606775567, 2.20550060272, 26.0502796173, 88.3487243652, 997.25994873, 722.560791016, 337.020111084, 619.016357422, 1011.74395752, 104.064819336, 38.7961616516, 96.0957565308, 71.7517166138, 62.8339347839, 93.6390075684, 207.563537598, 314.747436523, 246.997314453, 211.139343262, 441.379211426, 763.582336426, 659.797241211, 801.31060791, 2318.30078125, 1697.24157715, 1539.51550293, 386.039215088, 238.548828125, 84.3572006226, 80.3619308472, 47.2592849731, 14.977268219, 13.6865224838, 1.26353776455, 0.318747192621, 0.0812100768089, 0.00917903520167, 0.00386095582508, 4.82879022456e-06, 2.00038385856e-09],
        "dvar2": [0.0242432337254, 5.51113414764, 67.1779556274, 203.634750366, 2758.43432617, 1936.19726562, 969.734924316, 1805.06738281, 2921.6105957, 287.469055176, 104.011604309, 229.322296143, 178.671112061, 157.294631958, 243.084793091, 523.646972656, 782.589111328, 683.571228027, 574.694335938, 1197.24963379, 2106.1496582, 1776.85083008, 2187.37548828, 6517.00976562, 4699.05224609, 4305.08007812, 1023.11297607, 659.171142578, 219.160873413, 202.175323486, 118.380615234, 39.8669586182, 34.9400253296, 3.36520767212, 0.860945343971, 0.223330438137, 0.0234941188246, 0.00961366854608, 1.27099810925e-05, 5.0503063953e-09],
        "max": [1.02171909809, 24.8670196533, 69.0683822632, 130.57484436, 455.21685791, 408.844726562, 244.373321533, 321.164672852, 351.124267578, 132.491500854, 85.1093597412, 218.479766846, 161.654693604, 109.294883728, 151.683105469, 388.963500977, 419.666900635, 236.376541138, 211.525268555, 321.435028076, 365.661468506, 293.267700195, 334.491149902, 498.631195068, 414.91116333, 361.266418457, 237.935546875, 247.405700684, 119.387069702, 158.722198486, 98.9142532349, 74.46434021, 71.1267700195, 14.0886363983, 4.12108564377, 2.47300744057, 1.59649515152, 1.34317183495, 0.0544398911297, 0.000931717513595],
        "mean": [0.0794266015291, 1.05199658871, 3.53250789642, 6.45236444473, 14.6063642502, 13.9163179398, 7.60305309296, 9.59959888458, 12.073141098, 5.86355924606, 3.84295463562, 8.71022796631, 6.52156448364, 5.55742740631, 5.64973306656, 6.09249210358, 7.48783636093, 6.51508426666, 7.49659109116, 9.53690242767, 12.909705162, 14.1526851654, 12.7009944916, 17.3241615295, 19.1859893799, 16.6542930603, 12.7989397049, 10.8759860992, 8.7499961853, 6.14463186264, 3.91975736618, 2.4210100174, 1.25828874111, 0.476747304201, 0.197784647346, 0.0773639902472, 0.0242779385298, 0.00723358569667, 0.000261313078227, 2.96720263577e-05],
        "median": [0.0128868790343, 0.322290092707, 0.990605115891, 2.15638542175, 4.88613700867, 4.55227851868, 3.32143592834, 3.23353123665, 2.84488344193, 1.81582403183, 1.44316053391, 1.52218949795, 1.99016451836, 1.98408985138, 2.01856422424, 2.24160337448, 2.58527374268, 2.46184372902, 3.2871837616, 4.10371494293, 5.62951564789, 6.03531932831, 5.00375747681, 6.96646547318, 9.11936378479, 6.27688503265, 5.87104701996, 5.07414388657, 4.49114227295, 2.71446800232, 1.58855438232, 0.852782249451, 0.298657894135, 0.103022754192, 0.0306496471167, 0.00662117451429, 0.0020705955103, 0.000361492799129, 2.36880950979e-05, 1.85827811947e-05],
        "min": [1.18315239209e-22, 4.32356209117e-22, 1.43546966623e-21, 6.96631559391e-21, 1.09140544544e-20, 2.02194978801e-20, 3.94797667488e-20, 1.00891794462e-19, 1.04763729974e-19, 2.71449399273e-19, 4.36031716295e-19, 2.29074125564e-19, 3.56318104272e-19, 6.56470748348e-19, 1.0238379435e-18, 1.2517758331e-18, 2.22045199668e-18, 2.15419565679e-18, 2.93319961611e-18, 4.01417557741e-18, 3.69370761014e-18, 5.20184605041e-18, 4.5558436346e-18, 7.79546176208e-18, 5.84222529241e-18, 8.89908778971e-18, 9.13248507135e-18, 9.88407295644e-18, 9.50494961193e-18, 1.06157638391e-17, 1.3038844687e-17, 1.14335650507e-17, 9.45694087636e-18, 8.01183070363e-18, 6.1522054367e-18, 4.10822104998e-18, 1.99518590046e-18, 1.03989879247e-18, 2.56892700703e-19, 2.8826956773e-20],
        "var": [0.0224596466869, 3.32727074623, 37.7162742615, 136.631225586, 919.883361816, 758.276184082, 246.632125854, 436.502502441, 787.639587402, 109.64087677, 44.8751792908, 316.884307861, 152.380661011, 94.825630188, 105.146408081, 207.567138672, 351.867736816, 195.29473877, 186.351516724, 345.537780762, 580.636779785, 583.655517578, 595.253540039, 1527.59533691, 1305.25488281, 1172.61975098, 395.473815918, 303.144165039, 127.31452179, 99.4330062866, 49.9066619873, 20.314283371, 13.4530324936, 1.00895643234, 0.213201507926, 0.0510842353106, 0.00776668824255, 0.00322637939826, 3.58626834895e-06, 2.0461834449e-09]
    },
    "gfcc": {
        "mean": [-69.747795105, 67.7919082642, -129.5677948, 51.98595047, -70.4132232666, 5.33026599884, -36.9918174744, -0.678309082985, -21.4559669495, -1.61014306545, -12.8297586441, 0.152578368783, -7.93144464493],
        "cov": [[24775.4414062, 2535.29223633, 2286.703125, 4616.05615234, 1749.22351074, 1076.64660645, -519.904174805, -446.677215576, -1071.30700684, -690.210021973, -830.91394043, -340.454742432, -615.885131836], [2535.29223633, 2111.1159668, 743.733703613, 1137.54040527, 727.394348145, 132.312759399, 73.4830474854, -329.637481689, -82.9134063721, -314.552734375, -19.1917209625, -184.025527954, 33.2879066467], [2286.703125, 743.733703613, 1512.06677246, 1400.40637207, 868.759033203, 328.557922363, -13.9951877594, -167.86505127, -187.707778931, -196.959335327, -155.793441772, -69.2421417236, -117.027938843], [4616.05615234, 1137.54040527, 1400.40637207, 2146.82080078, 1071.3972168, 489.359008789, -9.10927867889, -257.597686768, -248.247802734, -314.633178711, -198.993347168, -183.268081665, -135.81690979], [1749.22351074, 727.394348145, 868.759033203, 1071.3972168, 857.281982422, 307.537261963, 74.2438735962, -128.21887207, -124.591720581, -167.839157104, -123.310920715, -95.116394043, -78.2205657959], [1076.64660645, 132.312759399, 328.557922363, 489.359008789, 307.537261963, 311.3878479, 122.901420593, 49.3752403259, -40.0334281921, -67.5748519897, -85.0941314697, -63.5724945068, -55.7914924622], [-519.904174805, 73.4830474854, -13.9951877594, -9.10927867889, 74.2438735962, 122.901420593, 254.794830322, 101.055030823, 94.3737411499, 0.429743140936, 7.37879228592, -28.9801654816, -3.07479906082], [-446.677215576, -329.637481689, -167.86505127, -257.597686768, -128.21887207, 49.3752403259, 101.055030823, 216.140365601, 85.4791870117, 88.8854751587, -5.86184310913, 11.1348133087, -13.1071834564], [-1071.30700684, -82.9134063721, -187.707778931, -248.247802734, -124.591720581, -40.0334281921, 94.3737411499, 85.4791870117, 189.689590454, 102.876556396, 90.8736419678, 22.9698448181, 28.2270965576], [-690.210021973, -314.552734375, -196.959335327, -314.633178711, -167.839157104, -67.5748519897, 0.429743140936, 88.8854751587, 102.876556396, 189.254440308, 94.2478866577, 83.5619354248, 9.47901248932], [-830.91394043, -19.1917209625, -155.793441772, -198.993347168, -123.310920715, -85.0941314697, 7.37879228592, -5.86184310913, 90.8736419678, 94.2478866577, 171.203048706, 73.6140594482, 45.7939338684], [-340.454742432, -184.025527954, -69.2421417236, -183.268081665, -95.116394043, -63.5724945068, -28.9801654816, 11.1348133087, 22.9698448181, 83.5619354248, 73.6140594482, 134.235290527, 38.4159393311], [-615.885131836, 33.2879066467, -117.027938843, -135.81690979, -78.2205657959, -55.7914924622, -3.07479906082, -13.1071834564, 28.2270965576, 9.47901248932, 45.7939338684, 38.4159393311, 115.535545349]],
        "icov": [[0.000143671626574, -0.000244757247856, 0.000222971488256, -0.000402050907724, 0.000267428869847, -0.000207460121601, 0.000263347144937, -0.000272434903309, 0.000425133039244, -0.000289660703856, 0.000500570982695, -0.000559915264603, 0.000554254162125], [-0.000244757247856, 0.00160910433624, -0.000416827300796, 0.000368294364307, -0.00108748394996, 0.00112330215052, -0.00101150886621, 0.00119032443035, -0.00108200730756, 0.00150523195043, -0.00177393201739, 0.00201608869247, -0.0016696852399], [0.000222971488256, -0.000416827300796, 0.00252622086555, -0.00151710247155, -0.000787228636909, -7.42917545722e-05, 0.000732147425879, -0.000707937462721, 0.000523211492691, -0.000150609412231, 0.00128023442812, -0.00230551254936, 0.00159812765196], [-0.000402050907724, 0.000368294364307, -0.00151710247155, 0.00346208829433, -0.00151651911438, -0.00173159362748, 0.000516148109455, 0.00173624127638, -0.00139863509685, 0.00124571006745, -0.00179378653411, 0.0022868916858, -0.00117828929797], [0.000267428869847, -0.00108748394996, -0.000787228636909, -0.00151651911438, 0.00522544188425, -0.00190186593682, -0.000870626885444, 0.000888505834155, 0.00128423864953, -0.00187862617895, 0.0021771308966, -0.00136104098056, 0.00128575332928], [-0.000207460121601, 0.00112330215052, -7.42917545722e-05, -0.00173159362748, -0.00190186593682, 0.0108475722373, -0.00459056114778, -0.00337241520174, 0.00165850296617, 0.000668407941703, -0.000534090097062, 0.00152606284246, -0.000850268348586], [0.000263347144937, -0.00101150886621, 0.000732147425879, 0.000516148109455, -0.000870626885444, -0.00459056114778, 0.0099954418838, -0.00342870666645, -0.00402391515672, 0.00295177614316, -0.000307181850076, -0.00137611781247, 0.00143470556941], [-0.000272434903309, 0.00119032443035, -0.000707937462721, 0.00173624127638, 0.000888505834155, -0.00337241520174, -0.00342870666645, 0.0131573537365, -0.00324667501263, -0.00394383259118, 0.00313487206586, 0.00166008691303, -0.000774592801463], [0.000425133039244, -0.00108200730756, 0.000523211492691, -0.00139863509685, 0.00128423864953, 0.00165850296617, -0.00402391515672, -0.00324667501263, 0.0151622034609, -0.00657405145466, -0.00267255422659, 0.00205173902214, -0.000129159452626], [-0.000289660703856, 0.00150523195043, -0.000150609412231, 0.00124571006745, -0.00187862617895, 0.000668407941703, 0.00295177614316, -0.00394383259118, -0.00657405145466, 0.0173107739538, -0.00605263933539, -0.00398091925308, 0.00192468357272], [0.000500570982695, -0.00177393201739, 0.00128023442812, -0.00179378653411, 0.0021771308966, -0.000534090097062, -0.000307181850076, 0.00313487206586, -0.00267255422659, -0.00605263933539, 0.0159870367497, -0.00681915599853, 0.00101138884202], [-0.000559915264603, 0.00201608869247, -0.00230551254936, 0.0022868916858, -0.00136104098056, 0.00152606284246, -0.00137611781247, 0.00166008691303, 0.00205173902214, -0.00398091925308, -0.00681915599853, 0.0178172606975, -0.00664149038494], [0.000554254162125, -0.0016696852399, 0.00159812765196, -0.00117828929797, 0.00128575332928, -0.000850268348586, 0.00143470556941, -0.000774592801463, -0.000129159452626, 0.00192468357272, 0.00101138884202, -0.00664149038494, 0.0144159086049]]
    },
    "melbands": {
        "dmean": [0.000570811156649, 0.00120231695473, 0.000863312394358, 0.000815645616967, 0.000238660693867, 0.000176493907929, 0.000129728621687, 3.66356143786e-05, 2.49643180723e-05, 2.55306949839e-05, 2.04334428417e-05, 1.7319656763e-05, 1.58834045578e-05, 1.62191590789e-05, 1.35799436976e-05, 1.24278130897e-05, 1.18234129332e-05, 1.0452303286e-05, 9.58795135375e-06, 1.46282618516e-05, 1.45160593092e-05, 1.29095578814e-05, 1.21254970509e-05, 1.20148733913e-05, 1.5629831978e-05, 1.37024962896e-05, 1.25103933897e-05, 1.05696599348e-05, 7.12285691407e-06, 5.57728480999e-06, 5.04324543726e-06, 3.85333896702e-06, 3.04149193653e-06, 2.77618846667e-06, 2.1344749257e-06, 1.42969304306e-06, 1.19618482586e-06, 9.35313096306e-07, 6.53899519421e-07, 4.41979665311e-07],
        "dmean2": [0.000893879274372, 0.00192198960576, 0.00131630478427, 0.00132785004098, 0.000405254133511, 0.000312062096782, 0.000229707089602, 6.1681457737e-05, 4.06552899221e-05, 4.0539958718e-05, 3.25722066918e-05, 2.7785605198e-05, 2.57486553892e-05, 2.6456778869e-05, 2.24967170652e-05, 2.10879516089e-05, 2.0404211682e-05, 1.78134141606e-05, 1.63309377967e-05, 2.58137970377e-05, 2.54998449236e-05, 2.21942991629e-05, 2.08393867069e-05, 2.13045987039e-05, 2.82783257717e-05, 2.40788813244e-05, 2.22256676352e-05, 1.88977810467e-05, 1.23528325275e-05, 9.70115979726e-06, 8.82850326889e-06, 6.69182372803e-06, 5.13850818606e-06, 4.75483602713e-06, 3.66018230125e-06, 2.49569006883e-06, 2.07546736419e-06, 1.60492254508e-06, 1.14854378808e-06, 8.07269884717e-07],
        "dvar": [1.27779867398e-06, 5.28664668309e-06, 4.65172888653e-06, 4.82058430862e-06, 4.80289600091e-07, 3.16250577725e-07, 1.96845817868e-07, 7.809103586e-09, 2.89638069084e-09, 3.02606339986e-09, 1.97919924894e-09, 1.19964083112e-09, 1.35516242672e-09, 1.36986266774e-09, 1.19583165592e-09, 9.01896002325e-10, 9.39565092395e-10, 5.62841107055e-10, 4.1183939592e-10, 1.46162371095e-09, 1.1540509659e-09, 7.55935647412e-10, 7.14089953835e-10, 7.62655882891e-10, 1.68977742909e-09, 1.15825349312e-09, 9.91911774939e-10, 6.04987560049e-10, 1.99680924573e-10, 1.00166805406e-10, 9.70623026397e-11, 3.36762874531e-11, 2.49584849316e-11, 3.3235518504e-11, 2.37177395779e-11, 6.33030867309e-12, 5.63984969837e-12, 6.55802408905e-12, 4.06869720207e-12, 7.16171208708e-13],
        "dvar2": [3.15689953823e-06, 1.37448269015e-05, 1.1257468941e-05, 1.3130280422e-05, 1.35575271543e-06, 9.23153777421e-07, 5.67730069179e-07, 2.11937027927e-08, 7.64025642752e-09, 7.33875316072e-09, 4.84376316834e-09, 2.93503066295e-09, 3.47111495103e-09, 3.42369843587e-09, 2.98019608991e-09, 2.34021113599e-09, 2.60808463715e-09, 1.53179469109e-09, 1.10429509981e-09, 4.03533872984e-09, 3.19699355877e-09, 2.06850825357e-09, 1.91742999256e-09, 2.10263784162e-09, 4.76142547612e-09, 3.22754312165e-09, 2.75126144089e-09, 1.70013314538e-09, 5.25396115503e-10, 2.72420752623e-10, 2.71472760938e-10, 8.88330312088e-11, 6.28352370136e-11, 8.43611916435e-11, 5.87487072878e-11, 1.67840307624e-11, 1.50500480134e-11, 1.60728999554e-11, 1.1012721117e-11, 1.93085044481e-12],
        "max": [0.0177878718823, 0.0293134525418, 0.032513409853, 0.0325167886913, 0.00994551088661, 0.00712919794023, 0.00485602440313, 0.00127927947324, 0.000752089545131, 0.00117140600923, 0.00079528283095, 0.00045895439689, 0.000674713926855, 0.000743566604797, 0.000644930289127, 0.000591221905779, 0.000511989637744, 0.000337419158313, 0.000270143238595, 0.00061733374605, 0.000458832713775, 0.000341434351867, 0.000378836004529, 0.000259788444964, 0.000443170196377, 0.00041861977661, 0.00035040488001, 0.000217854321818, 0.000217482593143, 0.000154600231326, 0.000207333665458, 6.68232460157e-05, 9.18099831324e-05, 0.000114094531455, 8.24088929221e-05, 3.1847768696e-05, 5.55214210181e-05, 4.79139125673e-05, 3.89124215872e-05, 7.7235408753e-06],
        "mean": [0.000923868443351, 0.00173889833968, 0.00139004562516, 0.00113401981071, 0.000309754221234, 0.000222264876356, 0.000172746746102, 5.31855876034e-05, 3.93945883843e-05, 4.81939896417e-05, 3.26720546582e-05, 2.46225481533e-05, 1.86203451449e-05, 1.85876378964e-05, 1.56519927259e-05, 1.3861566913e-05, 1.20658196465e-05, 1.19293499665e-05, 1.08574549813e-05, 1.44939804159e-05, 1.55662273755e-05, 1.49203960973e-05, 1.2706365851e-05, 1.13046380648e-05, 1.40898009704e-05, 1.45798194353e-05, 1.31547803903e-05, 1.02748417703e-05, 8.29108012113e-06, 6.71973475619e-06, 6.24296808382e-06, 5.18091474078e-06, 3.8934931581e-06, 3.24557709064e-06, 2.42586725108e-06, 1.66020754477e-06, 1.38867881105e-06, 9.31335989662e-07, 5.96946165388e-07, 3.46985331134e-07],
        "median": [0.000219242065214, 0.000573475903366, 0.000499207759276, 0.000403804238886, 0.000135845300974, 7.50580511522e-05, 4.26413680543e-05, 1.55399175128e-05, 1.01501900645e-05, 8.70149324328e-06, 7.33995966584e-06, 7.68479003455e-06, 6.0112997744e-06, 5.47633680981e-06, 5.41085773875e-06, 4.8099363994e-06, 4.29997999163e-06, 5.02575221617e-06, 4.76345212519e-06, 5.80712139708e-06, 6.53213874102e-06, 6.34158050161e-06, 4.63979631604e-06, 4.1529756345e-06, 5.33295269634e-06, 6.58132057652e-06, 5.39790426046e-06, 3.70779048353e-06, 3.65856703866e-06, 3.23834433402e-06, 2.57984993368e-06, 2.50217749453e-06, 1.91721937881e-06, 1.25516521621e-06, 9.61767568697e-07, 5.89580622545e-07, 4.27798198643e-07, 2.27485713822e-07, 9.610819518e-08, 6.99816951055e-08],
        "min": [1.64530115761e-24, 1.19974837682e-24, 1.7705340096e-24, 1.37219603311e-24, 2.08358912111e-24, 1.78414402959e-24, 1.80159461889e-24, 2.65108303455e-24, 3.43880285247e-24, 1.23082791876e-24, 1.54190673648e-24, 2.24123587327e-24, 3.64982511677e-24, 2.22435779977e-24, 4.47209940892e-24, 3.35912395674e-24, 3.20190772542e-24, 4.08085910981e-24, 4.09657795221e-24, 4.54156926125e-24, 3.79890010633e-24, 4.27695573135e-24, 4.93607583894e-24, 3.25962078924e-24, 5.97674982257e-24, 4.14778646344e-24, 4.03165824958e-24, 5.84721925637e-24, 4.67129901483e-24, 4.75450687983e-24, 6.18121941376e-24, 5.30360574025e-24, 4.81565227745e-24, 5.43110380633e-24, 6.78722748875e-24, 6.68358852074e-24, 5.63798573417e-24, 5.24372449222e-24, 6.76312542151e-24, 6.55547790417e-24],
        "var": [2.3926306767e-06, 8.0897616499e-06, 6.33313948128e-06, 4.84952306579e-06, 3.77811488761e-07, 2.28682637271e-07, 1.56706704502e-07, 8.89438300788e-09, 5.0250403838e-09, 9.32988619695e-09, 4.4224166551e-09, 2.1372699166e-09, 1.55145551961e-09, 1.61598934234e-09, 1.35407585145e-09, 8.89312734564e-10, 7.56917362121e-10, 4.87429763218e-10, 3.65983604533e-10, 1.03270447749e-09, 8.69881056076e-10, 6.50450804329e-10, 5.86747039844e-10, 5.3924975596e-10, 1.09851783225e-09, 8.33952795709e-10, 7.94218746325e-10, 4.44629000285e-10, 2.00107971859e-10, 9.86257117641e-11, 1.30097904671e-10, 4.48584641655e-11, 3.60887153494e-11, 3.73157130196e-11, 2.40004717489e-11, 7.75205941106e-12, 7.43499359301e-12, 6.8232073637e-12, 3.53408795284e-12, 5.07218887117e-13]
    },
    "mfcc": {
        "mean": [-696.280578613, 82.3645324707, -1.34994840622, 36.6906471252, -5.62421894073, 7.44947290421, -6.86156988144, 1.93890285492, -5.38499593735, -0.605863630772, -5.63861560822, -0.78201675415, -1.24931275845],
        "cov": [[15741.6855469, 1321.86608887, 1607.5625, 3178.22924805, 2038.96386719, 1631.89685059, 710.942199707, 447.26272583, -202.382598877, -284.190643311, -451.818450928, -314.349304199, -328.395965576], [1321.86608887, 1370.32873535, 228.368530273, 583.497802734, 337.998535156, 294.156921387, 111.912902832, 71.6153945923, -24.2446994781, -71.2372360229, -92.5413742065, -43.6187438965, -43.2996482849], [1607.5625, 228.368530273, 772.738037109, 769.566894531, 562.869934082, 420.899078369, 196.551269531, 139.012710571, -17.7826576233, -40.7764129639, -74.6851348877, -67.1558837891, -42.908996582], [3178.22924805, 583.497802734, 769.566894531, 1407.36791992, 926.706970215, 743.618591309, 316.160095215, 195.686401367, -40.1351776123, -80.9859466553, -143.956283569, -102.527175903, -99.8249816895], [2038.96386719, 337.998535156, 562.869934082, 926.706970215, 800.925964355, 548.035522461, 262.073150635, 142.755493164, -16.7681484222, -58.0134658813, -106.846351624, -86.3200302124, -89.8483123779], [1631.89685059, 294.156921387, 420.899078369, 743.618591309, 548.035522461, 529.329833984, 245.876098633, 167.074829102, 17.4649887085, -18.1207866669, -58.5356483459, -56.108505249, -57.5534324646], [710.942199707, 111.912902832, 196.551269531, 316.160095215, 262.073150635, 245.876098633, 232.184249878, 142.676528931, 58.1342163086, 19.2419967651, -14.9033718109, -24.1672973633, -37.237827301], [447.26272583, 71.6153945923, 139.012710571, 195.686401367, 142.755493164, 167.074829102, 142.676528931, 179.643630981, 81.0092391968, 47.7889518738, 10.4793043137, -16.4124031067, -25.7689666748], [-202.382598877, -24.2446994781, -17.7826576233, -40.1351776123, -16.7681484222, 17.4649887085, 58.1342163086, 81.0092391968, 139.694854736, 86.8239364624, 41.9337005615, 5.38916635513, -24.0070552826], [-284.190643311, -71.2372360229, -40.7764129639, -80.9859466553, -58.0134658813, -18.1207866669, 19.2419967651, 47.7889518738, 86.8239364624, 131.011352539, 77.484413147, 24.8838710785, -7.19727134705], [-451.818450928, -92.5413742065, -74.6851348877, -143.956283569, -106.846351624, -58.5356483459, -14.9033718109, 10.4793043137, 41.9337005615, 77.484413147, 122.681472778, 75.430557251, 52.7662696838], [-314.349304199, -43.6187438965, -67.1558837891, -102.527175903, -86.3200302124, -56.108505249, -24.1672973633, -16.4124031067, 5.38916635513, 24.8838710785, 75.430557251, 129.469055176, 99.3064956665], [-328.395965576, -43.2996482849, -42.908996582, -99.8249816895, -89.8483123779, -57.5534324646, -37.237827301, -25.7689666748, -24.0070552826, -7.19727134705, 52.7662696838, 99.3064956665, 164.974456787]],
