{
"lowlevel": {
    "average_loudness": 0.836918950081,
    "barkbands_crest": {
        "dmean": 3.22148346901,
        "dmean2": 4.9156088829,
        "dvar": 9.00965881348,
        "dvar2": 18.4165306091,
        "max": 26.8811397552,
        "mean": 10.5098314285,
        "median": 9.20753002167,
        "min": 1.8512789011,
        "var": 30.3989505768
    },
    "barkbands_flatness_db": {
        "dmean": 0.0274823810905,
        "dmean2": 0.0408652089536,
        "dvar": 0.000765897508245,
        "dvar2": 0.00159511400852,
        "max": 0.653232395649,
        "mean": 0.127398997545,
        "median": 0.109479643404,
        "min": 0.0180557575077,
        "var": 0.00539841596037
    },
    "barkbands_kurtosis": {
        "dmean": 7.49281215668,
        "dmean2": 12.6162509918,
        "dvar": 4844.71777344,
        "dvar2": 16276.5302734,
        "max": 3765.82128906,
        "mean": 8.5289850235,
        "median": 1.01803398132,
        "min": -1.87630569935,
        "var": 6346.19091797
    },
    "barkbands_skewness": {
        "dmean": 0.726876139641,
        "dmean2": 1.10124838352,
        "dvar": 1.3434265852,
        "dvar2": 3.62497496605,
        "max": 49.5484352112,
        "mean": 1.52259612083,
        "median": 1.12272310257,
        "min": -2.1960310936,
        "var": 4.59550619125
    },
    "barkbands_spread": {
        "dmean": 6.6368894577,
        "dmean2": 10.3591356277,
        "dvar": 44.9868011475,
        "dvar2": 98.7256164551,
        "max": 95.3071060181,
        "mean": 23.8790779114,
        "median": 23.1851463318,
        "min": 0.044424161315,
        "var": 169.397445679
    },
    "dissonance": {
        "dmean": 0.0179475639015,
        "dmean2": 0.0303876344115,
        "dvar": 0.000376223499188,
        "dvar2": 0.00102729164064,
        "max": 0.500000119209,
        "mean": 0.469904631376,
        "median": 0.479501962662,
        "min": 0.223157197237,
        "var": 0.000923001265619
    },
    "dynamic_complexity": 4.95739030838,
    "erbbands_crest": {
        "dmean": 2.6958925724,
        "dmean2": 4.36795425415,
        "dvar": 7.51089000702,
        "dvar2": 17.8456897736,
        "max": 34.0018348694,
        "mean": 8.12438201904,
        "median": 6.74141788483,
        "min": 1.75194334984,
        "var": 22.0772418976
    },
    "erbbands_flatness_db": {
        "dmean": 0.0168416257948,
        "dmean2": 0.0245813243091,
        "dvar": 0.00028028775705,
        "dvar2": 0.000589167757425,
        "max": 0.416766107082,
        "mean": 0.15456686914,
        "median": 0.135090127587,
        "min": 0.0254139397293,
        "var": 0.00363441137597
    },
    "erbbands_kurtosis": {
        "dmean": 0.835655808449,
        "dmean2": 1.32745957375,
        "dvar": 2.50542235374,
        "dvar2": 5.83059501648,
        "max": 88.9593353271,
        "mean": 0.204205960035,
        "median": -0.353310585022,
        "min": -1.81492817402,
        "var": 5.8665189743
    },
    "erbbands_skewness": {
        "dmean": 0.353253304958,
        "dmean2": 0.549012362957,
        "dvar": 0.106276504695,
        "dvar2": 0.255062758923,
        "max": 8.218998909,
        "mean": 0.212606966496,
        "median": 0.124675936997,
        "min": -4.01336288452,
        "var": 0.445796608925
    },
    "erbbands_spread": {
        "dmean": 9.21031856537,
        "dmean2": 13.7785644531,
        "dvar": 85.74269104,
        "dvar2": 176.096084595,
        "max": 176.981948853,
        "mean": 39.6340026855,
        "median": 37.2507286072,
        "min": 1.49548387527,
        "var": 359.876434326
    },
    "hfc": {
        "dmean": 8.22024154663,
        "dmean2": 12.2533655167,
        "dvar": 129.144470215,
        "dvar2": 289.088287354,
        "max": 113.701217651,
        "mean": 17.8097457886,
        "median": 12.4858531952,
        "min": 1.07147292165e-16,
        "var": 305.663818359
    },
    "melbands_crest": {
        "dmean": 4.2314581871,
        "dmean2": 6.68455553055,
        "dvar": 15.4101066589,
        "dvar2": 33.8931274414,
        "max": 39.9267654419,
        "mean": 15.0326471329,
        "median": 13.6459474564,
        "min": 1.53232812881,
        "var": 55.8684043884
    },
    "melbands_flatness_db": {
        "dmean": 0.0359186753631,
        "dmean2": 0.0527488999069,
        "dvar": 0.00131577707361,
        "dvar2": 0.00263823824935,
        "max": 0.724474728107,
        "mean": 0.1850399822,
        "median": 0.16998590529,
        "min": 0.00272388523445,
        "var": 0.00874308962375
    },
    "melbands_kurtosis": {
        "dmean": 13.5677366257,
        "dmean2": 21.0143737793,
        "dvar": 6817.6484375,
        "dvar2": 18563.078125,
        "max": 8483.95410156,
        "mean": 21.7199554443,
        "median": 5.1769285202,
        "min": -1.87046837807,
        "var": 19315.5449219
    },
    "melbands_skewness": {
        "dmean": 0.989183604717,
        "dmean2": 1.47129929066,
        "dvar": 1.85522282124,
        "dvar2": 3.90659689903,
        "max": 71.6114120483,
        "mean": 2.75283789635,
        "median": 1.99598062038,
        "min": -2.35870289803,
        "var": 8.03671360016
    },
    "melbands_spread": {
        "dmean": 9.45934963226,
        "dmean2": 14.8543348312,
        "dvar": 107.07081604,
        "dvar2": 236.601745605,
        "max": 176.984237671,
        "mean": 27.8462600708,
        "median": 22.2779941559,
        "min": 0.0379242561758,
        "var": 484.168609619
    },
    "pitch_salience": {
        "dmean": 0.0964457318187,
        "dmean2": 0.146234109998,
        "dvar": 0.00778594566509,
        "dvar2": 0.0167392864823,
        "max": 0.980362474918,
        "mean": 0.540494263172,
        "median": 0.562961041927,
        "min": 0.0101941805333,
        "var": 0.0263840574771
    },
    "silence_rate_20dB": {
        "dmean": 0,
        "dmean2": 0,
        "dvar": 0,
        "dvar2": 0,
        "max": 1,
        "mean": 1,
        "median": 1,
        "min": 1,
        "var": 0
    },
    "silence_rate_30dB": {
        "dmean": 0.00504403514788,
        "dmean2": 0.0100884744897,
        "dvar": 0.00501793576404,
        "dvar2": 0.0147889191285,
        "max": 1,
        "mean": 0.997357964516,
        "median": 1,
        "min": 0,
        "var": 0.00263526872732
    },
    "silence_rate_60dB": {
        "dmean": 0.0352281816304,
        "dmean2": 0.0704591870308,
        "dvar": 0.0339796692133,
        "dvar2": 0.0835953727365,
        "max": 1,
        "mean": 0.187902808189,
        "median": 0,
        "min": 0,
        "var": 0.152570217848
    },
    "spectral_centroid": {
        "dmean": 354.281188965,
        "dmean2": 563.794372559,
        "dvar": 130829.414062,
        "dvar2": 307451.65625,
        "max": 11990.6611328,
        "mean": 1699.23730469,
        "median": 1590.17712402,
        "min": 148.566467285,
        "var": 1738784
    },
    "spectral_complexity": {
        "dmean": 6.08462762833,
        "dmean2": 9.17698860168,
        "dvar": 45.1840057373,
        "dvar2": 95.8761138916,
        "max": 59,
        "mean": 18.8121776581,
        "median": 17,
        "min": 0,
        "var": 165.822219849
    },
    "spectral_decrease": {
        "dmean": 2.70125832813e-09,
        "dmean2": 3.87226251064e-09,
        "dvar": 1.57905337865e-17,
        "dvar2": 2.8227280323e-17,
        "max": 1.87373796512e-28,
        "mean": -6.01337557526e-09,
        "median": -3.38788708198e-09,
        "min": -3.60554288648e-08,
        "var": 4.33639046742e-17
    },
    "spectral_energy": {
        "dmean": 0.0107297059149,
        "dmean2": 0.0153461582959,
        "dvar": 0.000240154739004,
        "dvar2": 0.000431293505244,
        "max": 0.142981022596,
        "mean": 0.0243113003671,
        "median": 0.0143889477476,
        "min": 9.85096015397e-21,
        "var": 0.000670497305691
    },
    "spectral_energyband_high": {
        "dmean": 0.000545539485756,
        "dmean2": 0.000825146911666,
        "dvar": 7.03098294252e-07,
        "dvar2": 1.43522572671e-06,
        "max": 0.0090936338529,
        "mean": 0.00101166625973,
        "median": 0.000492636871058,
        "min": 6.79006149995e-21,
        "var": 1.53328483066e-06
    },
    "spectral_energyband_low": {
        "dmean": 0.00704115210101,
        "dmean2": 0.0105823092163,
        "dvar": 0.000187188416021,
        "dvar2": 0.000387984560803,
        "max": 0.118353500962,
        "mean": 0.0113914133981,
        "median": 0.00197036890313,
        "min": 8.11117590143e-24,
        "var": 0.000365516636521
    },
    "spectral_energyband_middle_high": {
        "dmean": 0.00214294996113,
        "dmean2": 0.00341206742451,
        "dvar": 8.41580822453e-06,
        "dvar2": 2.08431192732e-05,
        "max": 0.0484522543848,
        "mean": 0.00435142219067,
        "median": 0.00312485406175,
        "min": 1.05227128024e-21,
        "var": 1.891402826e-05
    },
    "spectral_energyband_middle_low": {
        "dmean": 0.00731805246323,
        "dmean2": 0.0117188990116,
        "dvar": 0.000208738143556,
        "dvar2": 0.00051637343131,
        "max": 0.127321913838,
        "mean": 0.00907774548978,
        "median": 0.00414213817567,
        "min": 1.24035705084e-22,
        "var": 0.000210128244362
    },
    "spectral_entropy": {
        "dmean": 0.17692515254,
        "dmean2": 0.274929910898,
        "dvar": 0.0348726920784,
        "dvar2": 0.0802746191621,
        "max": 9.83229446411,
        "mean": 7.72166395187,
        "median": 7.84871959686,
        "min": 5.10543107986,
        "var": 0.33264747262
    },
    "spectral_flux": {
        "dmean": 0.0336063243449,
        "dmean2": 0.0504515692592,
        "dvar": 0.00172469194513,
        "dvar2": 0.00302757089958,
        "max": 0.378374546766,
        "mean": 0.0924620479345,
        "median": 0.0792889744043,
        "min": 6.26042689911e-11,
        "var": 0.00532377697527
    },
    "spectral_kurtosis": {
        "dmean": 1.94340085983,
        "dmean2": 3.28765249252,
        "dvar": 15.2049636841,
        "dvar2": 44.0831985474,
        "max": 96.1012954712,
        "mean": 4.80248498917,
        "median": 2.78850841522,
        "min": -1.2706155777,
        "var": 49.5210723877
    },
    "spectral_rms": {
        "dmean": 0.00100328645203,
        "dmean2": 0.00139650481287,
        "dvar": 1.45163164689e-06,
        "dvar2": 2.46509830504e-06,
        "max": 0.0118107441813,
        "mean": 0.00411317590624,
        "median": 0.00374673167244,
        "min": 3.10011174717e-12,
        "var": 6.80030507283e-06
    },
    "spectral_rolloff": {
        "dmean": 679.954833984,
        "dmean2": 1106.63745117,
        "dvar": 704219.0625,
        "dvar2": 1510433.375,
        "max": 19745.9472656,
        "mean": 1864.02734375,
        "median": 1248.92578125,
        "min": 21.533203125,
        "var": 5911403
    },
    "spectral_skewness": {
        "dmean": 0.229354828596,
        "dmean2": 0.37308999896,
        "dvar": 0.0884169265628,
        "dvar2": 0.240981072187,
        "max": 7.83665990829,
        "mean": 1.43498122692,
        "median": 1.24956083298,
        "min": -0.265479534864,
        "var": 0.488226920366
    },
    "spectral_spread": {
        "dmean": 460984.75,
        "dmean2": 693269,
        "dvar": 277770272768,
        "dvar2": 562973966336,
        "max": 43211904,
        "mean": 4939916,
        "median": 4553779.5,
        "min": 814750.9375,
        "var": 2.0650448126e+13
    },
    "spectral_strongpeak": {
        "dmean": 0.383953362703,
        "dmean2": 0.629919230938,
        "dvar": 0.371655791998,
        "dvar2": 0.920665323734,
        "max": 9.49639606476,
        "mean": 0.628570914268,
        "median": 0.420506179333,
        "min": 0,
        "var": 0.5375020504
    },
    "zerocrossingrate": {
        "dmean": 0.012352029793,
        "dmean2": 0.0140633564442,
        "dvar": 0.000144822493894,
        "dvar2": 0.000173892840394,
        "max": 0.66015625,
        "mean": 0.0687342509627,
        "median": 0.05810546875,
        "min": 0.00048828125,
        "var": 0.00385093875229
    },
    "barkbands": {
        "dmean": [0.000233184880926, 0.00440455321223, 0.00373571459204, 0.00322074699216, 0.00372891477309, 0.000692000205163, 0.000543383648619, 0.000695568742231, 0.000548293290194, 0.000380537268938, 0.000533477752469, 0.000430759100709, 0.000314799079206, 0.000311145529849, 0.000251516728895, 0.000237789878156, 0.000237328247749, 0.000234097940847, 0.000241136323893, 0.000186626202776, 0.000173375621671, 0.000131286025862, 0.000101056350104, 6.83766338625e-05, 4.11260843975e-05, 1.47534046846e-05, 2.48784954238e-06],
        "dmean2": [0.00034674431663, 0.0059059872292, 0.00633467175066, 0.0054780235514, 0.00689510209486, 0.00120762875304, 0.000895762001164, 0.00113699119538, 0.000917458033655, 0.000627907691523, 0.000877718965057, 0.000715179659892, 0.000525674899109, 0.000513324630447, 0.000415805465309, 0.000396226794692, 0.000387330481317, 0.000382483442081, 0.000399967218982, 0.000300564424833, 0.000278623832855, 0.00019589375006, 0.000154965484398, 0.000103501835838, 6.1794584326e-05, 2.1922722226e-05, 4.09253925682e-06],
        "dvar": [4.07184927553e-07, 8.51003424032e-05, 9.7521180578e-05, 5.54807993467e-05, 0.000113316717034, 2.3665675144e-06, 9.82765527624e-07, 1.60343358857e-06, 1.08034794266e-06, 5.61168064905e-07, 1.00574163753e-06, 7.6733442711e-07, 4.64085673002e-07, 4.22493940277e-07, 2.90285441906e-07, 1.83165866474e-07, 1.27912556991e-07, 1.42502585732e-07, 1.55972301741e-07, 8.20164132165e-08, 7.42854595615e-08, 3.95863963831e-08, 2.87298593804e-08, 1.25217773927e-08, 6.2344032159e-09, 8.96031027153e-10, 3.83891703148e-11],
        "dvar2": [9.43948407439e-07, 0.000148824372445, 0.000248272757744, 0.000141584372614, 0.00032575475052, 6.45451518722e-06, 2.47138495979e-06, 3.96139103032e-06, 2.67668337983e-06, 1.39034489166e-06, 2.44537068284e-06, 1.92815400624e-06, 1.12625662041e-06, 1.06371396669e-06, 7.67153835568e-07, 4.73944169244e-07, 3.19003731875e-07, 3.6861274566e-07, 4.00180226734e-07, 1.96583854972e-07, 1.8226846521e-07, 7.9148165355e-08, 6.39389341472e-08, 2.50937244317e-08, 1.31512685186e-08, 2.02724770304e-09, 9.62638024848e-11],
        "max": [0.0217768512666, 0.0812999978662, 0.0849292650819, 0.0716932788491, 0.100378260016, 0.032611258328, 0.0182490423322, 0.0228322409093, 0.0237009394914, 0.0165065508336, 0.0238747317344, 0.0427563264966, 0.0344726517797, 0.0159436333925, 0.0170525219291, 0.0159092452377, 0.00791917089373, 0.00645014597103, 0.00746155064553, 0.00657968502492, 0.00288687343709, 0.00306659424677, 0.00200587441213, 0.00131280254573, 0.000889454793651, 0.000337516627042, 0.000123196135974],
        "mean": [0.000308518414386, 0.00663200812414, 0.00304945209064, 0.0027631840203, 0.00291152647696, 0.000798488617875, 0.000733985973056, 0.00093032955192, 0.000698290474247, 0.00050258327974, 0.000695080438163, 0.000567018287256, 0.000421019591158, 0.000398819654947, 0.000353275157977, 0.000334461336024, 0.000357237033313, 0.000338149257004, 0.000361457990948, 0.000308013724862, 0.000268497649813, 0.000220955582336, 0.000160283423611, 0.000114625348942, 6.05353707215e-05, 2.02991286642e-05, 3.07250320475e-06],
        "median": [3.4523778595e-05, 0.000638047466055, 0.000316391175147, 0.000301442982163, 0.000707935949322, 0.000311244570184, 0.000333252683049, 0.000370689871488, 0.000229300363571, 0.000202290408197, 0.0002788331185, 0.000230495410506, 0.000159873568919, 0.000149528204929, 0.000118438532809, 0.000155529211042, 0.00017876662605, 0.000161912641488, 0.000186031655176, 0.000157568443683, 0.000129015999846, 9.77419040282e-05, 6.74681359669e-05, 4.6225170081e-05, 1.95788470592e-05, 6.65669267619e-06, 3.50483560396e-07],
        "min": [2.4809633561e-25, 9.08494915549e-25, 7.59094767381e-25, 6.75092716673e-25, 4.29106450864e-24, 7.67796346899e-24, 5.22644409967e-24, 5.37338482605e-24, 9.12231966594e-24, 1.24517670699e-23, 9.85382959449e-24, 1.99286096622e-23, 2.44413405353e-23, 2.02508104326e-23, 2.74484215081e-23, 4.44830870508e-23, 5.9679902322e-23, 8.1758951545e-23, 1.00925589415e-22, 1.39683512135e-22, 2.21252562772e-22, 2.72193034846e-22, 3.14722533108e-22, 5.46723672813e-22, 8.08836226493e-22, 1.21702643277e-21, 1.78825745169e-21],
        "var": [6.8521404728e-07, 0.000173980966792, 7.90780686657e-05, 4.82958203065e-05, 6.82140525896e-05, 2.41633983933e-06, 1.33219441523e-06, 2.40178042077e-06, 1.99861483452e-06, 8.9561109462e-07, 1.57228521402e-06, 1.19372236895e-06, 7.3609305673e-07, 5.59411432732e-07, 4.84150518787e-07, 2.93285012276e-07, 2.32866412375e-07, 2.3586123632e-07, 2.52285190072e-07, 1.62179247809e-07, 1.19482095329e-07, 8.41580458655e-08, 4.84192845818e-08, 2.46920990321e-08, 9.49570466702e-09, 1.19529475207e-09, 6.07194225455e-11]
    },
    "erbbands": {
        "dmean": [0.149928480387, 1.02605080605, 3.2481610775, 8.77186775208, 11.7568216324, 12.5265550613, 7.85204792023, 5.43274641037, 6.66660261154, 12.7278156281, 12.6682357788, 12.6417922974, 13.2818613052, 13.9285926819, 21.1264438629, 17.9908885956, 14.2122831345, 17.004486084, 12.13717556, 12.5578165054, 11.0204372406, 11.7142276764, 11.4708919525, 13.7830476761, 11.5996236801, 8.63905715942, 7.48437166214, 6.31079864502, 4.87456178665, 3.80496501923, 2.75381612778, 1.69096624851, 1.02642095089, 0.563932538033, 0.242014974356, 0.0756615698338, 0.0262794569135, 0.00472433492541, 0.000412847177358, 1.69666745933e-05],
        "dmean2": [0.205010399222, 1.33898532391, 4.93348169327, 15.0481643677, 20.8306999207, 23.3172035217, 14.1341714859, 9.39122200012, 11.0818691254, 20.4681777954, 21.1883773804, 21.0628757477, 22.2123355865, 22.8392124176, 34.9832267761, 29.4579124451, 23.517988205, 28.0341968536, 19.8469944, 20.9855823517, 18.1201438904, 19.0310974121, 18.6823959351, 22.8122024536, 19.2045516968, 14.0435791016, 12.2413578033, 9.88249874115, 7.30462026596, 5.68433523178, 4.25976991653, 2.55907940865, 1.55501043797, 0.84861934185, 0.366859853268, 0.112611182034, 0.0393576323986, 0.00719474535435, 0.000688800239004, 2.48809083132e-05],
        "dvar": [0.094805367291, 4.72517585754, 58.9836502075, 446.320831299, 939.678222656, 1365.4473877, 419.526428223, 136.453430176, 129.959106445, 567.970031738, 565.649108887, 618.317321777, 766.510986328, 757.19921875, 1839.01660156, 1597.77294922, 870.911132812, 1215.93017578, 649.454528809, 462.537475586, 288.384552002, 316.782012939, 348.777740479, 474.488342285, 392.534637451, 189.013290405, 148.104309082, 86.6031188965, 53.6833114624, 35.4628410339, 21.6787853241, 7.50226783752, 3.09000205994, 1.08271729946, 0.243878439069, 0.0218080468476, 0.00318895676173, 8.18354965304e-05, 1.21102016237e-06, 6.00022698194e-10],
        "dvar2": [0.173868387938, 8.27206516266, 134.995574951, 1162.00341797, 2590.1171875, 3950.12255859, 1188.17980957, 369.316741943, 331.229736328, 1359.78112793, 1428.31787109, 1520.17358398, 1928.0489502, 1860.20178223, 4511.45019531, 3999.04370117, 2075.81811523, 3080.02685547, 1712.81506348, 1232.36804199, 744.060791016, 786.247314453, 880.120239258, 1243.21618652, 1025.34155273, 466.703796387, 372.694335938, 196.147003174, 109.590888977, 72.2264480591, 49.9727134705, 15.3254384995, 6.35677957535, 2.14815855026, 0.56099152565, 0.0487259402871, 0.0074163088575, 0.000183390337043, 3.09714187097e-06, 1.2469429933e-09],
        "max": [2.87607645988, 19.9365139008, 72.5428924561, 159.894088745, 268.744842529, 396.007110596, 340.488220215, 208.776947021, 185.41583252, 463.726318359, 437.928985596, 663.094787598, 612.063537598, 612.945983887, 1151.52172852, 2115.02783203, 1493.00390625, 871.862976074, 860.661621094, 589.931091309, 415.997039795, 260.606567383, 374.959442139, 330.444549561, 415.793182373, 369.585998535, 149.423202515, 119.001800537, 109.665351868, 107.220672607, 54.5435905457, 35.0753364563, 23.5590610504, 13.0563678741, 5.52874708176, 1.99650466442, 0.57032752037, 0.163730353117, 0.0230340566486, 0.000398602074711],
        "mean": [0.202960953116, 1.43397831917, 3.20689249039, 7.24538564682, 9.55169773102, 9.64765357971, 7.47682857513, 6.48000907898, 9.23480987549, 17.8423271179, 16.8831615448, 16.675983429, 17.5410499573, 18.792848587, 27.7365856171, 24.7094974518, 20.1894378662, 23.029132843, 17.912946701, 18.3101978302, 17.5561733246, 18.2733516693, 17.8342857361, 20.5568370819, 17.5391082764, 14.1639280319, 11.5912418365, 10.2295980453, 8.04108142853, 6.34013366699, 4.28741073608, 2.81870961189, 1.65852034092, 0.849601387978, 0.33878839016, 0.104030407965, 0.0350674167275, 0.00738922739401, 0.000472539220937, 3.8139121898e-05],
        "median": [0.0195664428174, 0.127005398273, 0.413517087698, 1.04307317734, 1.41617298126, 2.23650336266, 2.35046386719, 2.56774330139, 4.63268280029, 7.43545627594, 7.25639247894, 5.81858873367, 7.03903722763, 7.59591007233, 11.7424459457, 10.5373878479, 8.93354606628, 9.94619083405, 7.52404594421, 9.03112506866, 10.1813793182, 9.75366973877, 9.1511592865, 10.5985050201, 8.45898342133, 7.14232730865, 5.70611906052, 4.89443302155, 3.5731112957, 2.75450944901, 1.77551007271, 1.14580500126, 0.643605470657, 0.281274020672, 0.109575867653, 0.0377196259797, 0.0104267578572, 0.00174091290683, 6.28004345344e-05, 2.30435107369e-05],
        "min": [6.82481497539e-23, 3.35926356934e-22, 1.92927760974e-21, 2.87856672126e-21, 1.4398951027e-20, 1.47784992968e-20, 2.96767523742e-20, 5.91418499092e-20, 7.50241247982e-20, 1.20769752375e-19, 1.50255393716e-19, 2.59023854003e-19, 5.41429053694e-19, 4.8376257088e-19, 4.87590194068e-19, 9.17248173551e-19, 1.34275649809e-18, 1.65743316711e-18, 2.12499039091e-18, 1.96762444925e-18, 3.15850024712e-18, 4.17208601071e-18, 5.06145116658e-18, 5.466553359e-18, 5.12236185176e-18, 6.24614461655e-18, 9.33961109673e-18, 9.76879954782e-18, 1.06990261852e-17, 8.23173418794e-18, 9.78150586921e-18, 1.05205330167e-17, 8.7164959413e-18, 7.82250891375e-18, 5.99568094452e-18, 3.91443662069e-18, 2.04847266873e-18, 8.77340017718e-19, 2.23564714944e-19, 2.53376423773e-20],
        "var": [0.178128600121, 8.93175697327, 65.6460647583, 344.534851074, 667.111206055, 812.873779297, 314.572784424, 146.644241333, 180.795639038, 876.784973145, 878.24420166, 1182.73583984, 1101.98583984, 1131.52661133, 2779.76416016, 2532.77856445, 1472.48693848, 1605.25378418, 1083.98095703, 707.655151367, 525.053100586, 570.845214844, 625.683288574, 790.814941406, 649.937011719, 344.861175537, 234.653137207, 164.329223633, 111.333045959, 71.7890853882, 35.230014801, 14.947435379, 5.52449417114, 1.78068101406, 0.324202239513, 0.0294251553714, 0.00401604827493, 0.000173664258909, 1.60074068845e-06, 1.61805180365e-09]
    },
    "gfcc": {
        "mean": [-56.1247406006, 85.9067306519, -125.222351074, 32.3852615356, -59.3378067017, 13.0329351425, -31.0360870361, 8.05426025391, -22.0908374786, 2.8691740036, -13.2099924088, -0.460535436869, -11.7562398911],
        "cov": [[42197.3867188, -2981.46386719, -2503.6237793, 2298.46142578, -1593.59985352, 1692.51477051, -1171.46325684, 528.379882812, -786.922668457, 4.0361456871, -816.161499023, 404.448486328, -790.982849121], [-2981.46386719, 2298.46875, -182.082763672, -421.208770752, 233.522277832, -425.780853271, 236.880691528, -176.943954468, 116.998672485, -65.8801040649, 160.437942505, -203.016052246, 185.244140625], [-2503.6237793, -182.082763672, 1061.54223633, 297.999542236, 327.800567627, 141.117706299, 136.602020264, 54.6192245483, 52.8794403076, -17.4002609253, 7.56619024277, 12.4563302994, -20.0193786621], [2298.46142578, -421.208770752, 297.999542236, 604.700195312, 79.7150802612, 295.718719482, 16.1657524109, 108.966156006, -12.0317621231, -0.392721831799, -51.9062538147, 42.6083831787, -61.8514900208], [-1593.59985352, 233.522277832, 327.800567627, 79.7150802612, 409.56048584, 56.7867546082, 160.528778076, 10.611620903, 77.7186050415, 5.29469442368, 43.7326622009, -27.0531654358, 24.8078994751], [1692.51477051, -425.780853271, 141.117706299, 295.718719482, 56.7867546082, 332.847076416, 36.2121238708, 123.907409668, 13.7319316864, 27.9285812378, -19.1558189392, 66.8808059692, -41.3394699097], [-1171.46325684, 236.880691528, 136.602020264, 16.1657524109, 160.528778076, 36.2121238708, 218.08757019, 63.3260612488, 84.7982711792, 20.044418335, 65.8268661499, -0.82015734911, 43.694694519], [528.379882812, -176.943954468, 54.6192245483, 108.966156006, 10.611620903, 123.907409668, 63.3260612488, 167.346847534, 66.3418121338, 45.7890205383, 13.7158222198, 52.0590057373, -5.72291660309], [-786.922668457, 116.998672485, 52.8794403076, -12.0317621231, 77.7186050415, 13.7319316864, 84.7982711792, 66.3418121338, 161.273498535, 55.6738471985, 57.2268028259, 2.08672952652, 37.1324310303], [4.0361456871, -65.8801040649, -17.4002609253, -0.392721831799, 5.29469442368, 27.9285812378, 20.044418335, 45.7890205383, 55.6738471985, 112.181091309, 43.652885437, 29.4370155334, 3.30947327614], [-816.161499023, 160.437942505, 7.56619024277, -51.9062538147, 43.7326622009, -19.1558189392, 65.8268661499, 13.7158222198, 57.2268028259, 43.652885437, 114.971420288, 39.1542549133, 45.4943695068], [404.448486328, -203.016052246, 12.4563302994, 42.6083831787, -27.0531654358, 66.8808059692, -0.82015734911, 52.0590057373, 2.08672952652, 29.4370155334, 39.1542549133, 118.498977661, 28.8368453979], [-790.982849121, 185.244140625, -20.0193786621, -61.8514900208, 24.8078994751, -41.3394699097, 43.694694519, -5.72291660309, 37.1324310303, 3.30947327614, 45.4943695068, 28.8368453979, 105.415458679]],
        "icov": [[0.000100343611848, -0.000135843569296, 0.000291658128845, -0.000338804471539, 0.000126069848193, -0.000346599466866, 0.000252319470746, -7.30816318537e-05, 0.000103666374343, -8.84368128027e-05, 0.00044022226939, -0.000467491394375, 0.000478252099128], [-0.000135843569296, 0.00123282999266, -0.000140253672726, 0.0003767577291, -0.000496245047543, 0.00122470920905, -0.000984114944004, 0.000205685952096, -0.000101989935501, 0.000727121077944, -0.00191879516933, 0.00244739674963, -0.00180345412809], [0.000291658128845, -0.000140253672726, 0.00238035386428, -0.00162938260473, -0.000750215025619, -0.000514781568199, 0.000273395417025, -9.08013098524e-05, 1.92136867554e-05, 0.000334358599503, 0.00116761692334, -0.00162450817879, 0.00171058205888], [-0.000338804471539, 0.0003767577291, -0.00162938260473, 0.00454469816759, -0.000483120005811, -0.00148411362898, -0.000389377062675, -0.000341564009432, 6.02800682827e-05, 0.000493291881867, -0.000847155111842, 0.00168767827563, -0.001305399579], [0.000126069848193, -0.000496245047543, -0.000750215025619, -0.000483120005811, 0.00499445060268, -0.00162505637854, -0.00211014272645, 0.0017670749221, -0.000928315566853, -0.000381759688025, 0.000604735512752, -3.06626702695e-06, 0.000628840527497], [-0.000346599466866, 0.00122470920905, -0.000514781568199, -0.00148411362898, -0.00162505637854, 0.00911858305335, -0.00199790787883, -0.00220741238445, -0.000193035477423, 0.000282633671304, -0.00096945813857, -0.000319965009112, -0.000489717291202], [0.000252319470746, -0.000984114944004, 0.000273395417025, -0.000389377062675, -0.00211014272645, -0.00199790787883, 0.0110027780756, -0.00461211288348, 9.40216978051e-06, 0.000699302763678, -0.00265356060117, 0.00122626102529, -0.000867361668497], [-7.30816318537e-05, 0.000205685952096, -9.08013098524e-05, -0.000341564009432, 0.0017670749221, -0.00220741238445, -0.00461211288348, 0.0138314757496, -0.00542002217844, -0.00154879689217, 0.00303812255152, -0.0047862729989, 0.00220959959552], [0.000103666374343, -0.000101989935501, 1.92136867554e-05, 6.02800682827e-05, -0.000928315566853, -0.000193035477423, 9.40216978051e-06, -0.00542002217844, 0.0125954952091, -0.00383014813997, -0.00309790112078, 0.00428495695814, -0.00331097841263], [-8.84368128027e-05, 0.000727121077944, 0.000334358599503, 0.000493291881867, -0.000381759688025, 0.000282633671304, 0.000699302763678, -0.00154879689217, -0.00383014813997, 0.0138413785025, -0.00534523930401, -0.000199707748834, 0.00151443597861], [0.00044022226939, -0.00191879516933, 0.00116761692334, -0.000847155111842, 0.000604735512752, -0.00096945813857, -0.00265356060117, 0.00303812255152, -0.00309790112078, -0.00534523930401, 0.0213824473321, -0.0115245478228, 0.00232564099133], [-0.000467491394375, 0.00244739674963, -0.00162450817879, 0.00168767827563, -3.06626702695e-06, -0.000319965009112, 0.00122626102529, -0.0047862729989, 0.00428495695814, -0.000199707748834, -0.0115245478228, 0.0224672053009, -0.01069515571], [0.000478252099128, -0.00180345412809, 0.00171058205888, -0.001305399579, 0.000628840527497, -0.000489717291202, -0.000867361668497, 0.00220959959552, -0.00331097841263, 0.00151443597861, 0.00232564099133, -0.01069515571, 0.0189831331372]]
    },
    "melbands": {
        "dmean": [0.00128007784951, 0.00139166787267, 0.00146953866351, 0.000900150451344, 0.000332464376697, 0.000123786230688, 0.000106007973955, 0.000146495833178, 0.000100245306385, 8.15258754301e-05, 6.55102849123e-05, 5.35951512575e-05, 6.64391627652e-05, 5.51885568711e-05, 3.61940219591e-05, 3.30524453602e-05, 3.46334309143e-05, 1.95062730199e-05, 1.97399112949e-05, 1.98313664441e-05, 1.2407255781e-05, 1.26228378576e-05, 1.19804371934e-05, 1.15609163913e-05, 1.17146437333e-05, 9.66833704297e-06, 7.18897172192e-06, 5.97077041675e-06, 4.79735945191e-06, 4.73196178064e-06, 3.67502775589e-06, 2.98583358926e-06, 2.44482225753e-06, 2.13176303987e-06, 1.75679770109e-06, 1.27126565985e-06, 1.02245178368e-06, 7.8319254726e-07, 6.18704632416e-07, 4.57471941218e-07],
        "dmean2": [0.00168529897928, 0.00188808934763, 0.00243146647699, 0.00165679620113, 0.000602473097388, 0.000213756648009, 0.000175089706318, 0.000235536019318, 0.000167343154317, 0.000136050148285, 0.000109519409307, 8.80310108187e-05, 0.000110136716103, 9.08806396183e-05, 5.97171783738e-05, 5.49196520296e-05, 5.74165860598e-05, 3.19814644172e-05, 3.27629713865e-05, 3.3139171137e-05, 2.04218413273e-05, 2.05543055927e-05, 1.97071294679e-05, 1.89634538401e-05, 1.94509120774e-05, 1.64063621924e-05, 1.15900920719e-05, 9.79539618129e-06, 7.87479257269e-06, 7.80352274887e-06, 5.74229352424e-06, 4.53989514426e-06, 3.73945135834e-06, 3.23556355397e-06, 2.78593734038e-06, 1.94728636416e-06, 1.57872875661e-06, 1.20773006529e-06, 9.6364374258e-07, 6.86930377469e-07],
        "dvar": [6.76042373016e-06, 8.88084923645e-06, 1.08474278022e-05, 6.6332249844e-06, 7.87237411259e-07, 6.88075303401e-08, 3.39512844505e-08, 7.53617825922e-08, 3.69528905253e-08, 2.64155453067e-08, 1.88166779935e-08, 1.17678835565e-08, 1.63697198019e-08, 1.07896207524e-08, 5.5901536733e-09, 7.02830060817e-09, 5.8201545805e-09, 1.56421020581e-09, 1.89650362081e-09, 1.49618428757e-09, 3.67455121886e-10, 3.77725239975e-10, 3.69144215195e-10, 3.88154758335e-10, 3.56453477846e-10, 3.48311463005e-10, 1.34986105627e-10, 9.49091777391e-11, 6.04932701154e-11, 6.2186943095e-11, 3.08561787232e-11, 2.05645795531e-11, 1.47678883011e-11, 1.18477424052e-11, 9.05093795051e-12, 4.38920514517e-12, 2.76949361881e-12, 1.78213325173e-12, 1.19838774321e-12, 7.75929179849e-13],
        "dvar2": [1.23241725305e-05, 1.79119815584e-05, 2.62197772827e-05, 1.89647525985e-05, 2.24914174396e-06, 1.85790199225e-07, 8.55612114492e-08, 1.80389804427e-07, 9.11610129606e-08, 6.50756177834e-08, 4.73132288903e-08, 2.88623134281e-08, 3.98757080688e-08, 2.6863345326e-08, 1.4115673963e-08, 1.69047051912e-08, 1.47801619832e-08, 4.12258405191e-09, 5.00779018253e-09, 3.87525656009e-09, 9.36042576782e-10, 9.42084632527e-10, 9.41898448126e-10, 1.00078523246e-09, 9.34511468209e-10, 9.12582398538e-10, 3.31554284028e-10, 2.41190234451e-10, 1.52424184385e-10, 1.59179613934e-10, 6.8547938159e-11, 4.41946201857e-11, 3.08801040294e-11, 2.52514554405e-11, 2.15704815121e-11, 9.59127482297e-12, 5.96119377819e-12, 3.80474037692e-12, 2.54082649018e-12, 1.58045224043e-12],
        "max": [0.0237228646874, 0.0284175593406, 0.0262866336852, 0.0208878479898, 0.013256939128, 0.00413707550615, 0.00336663727649, 0.00539003033191, 0.00333682564087, 0.00449528638273, 0.00298579712398, 0.00254997680895, 0.00330709037371, 0.00516114477068, 0.00295241666026, 0.00468893395737, 0.00195323512889, 0.00129257689696, 0.00183450675104, 0.0016060116468, 0.00053142075194, 0.000391513953218, 0.000318626320222, 0.000517679611221, 0.000301702966681, 0.000433299224824, 0.000348812289303, 0.00020952707564, 0.000107631814899, 8.87505011633e-05, 7.43419805076e-05, 7.63213029131e-05, 6.33630625089e-05, 6.73116519465e-05, 3.72806316591e-05, 2.67571340373e-05, 2.33968185057e-05, 1.80731003638e-05, 1.55970610649e-05, 9.93370758806e-06],
        "mean": [0.0018426568713, 0.00180591153912, 0.00134839909151, 0.000691980356351, 0.000305565161398, 0.000148722610902, 0.00014723026834, 0.000203993244213, 0.000131501525175, 0.000104697115603, 8.43341695145e-05, 7.0062247687e-05, 8.64298344823e-05, 7.32545886422e-05, 4.89390477014e-05, 4.39039504272e-05, 4.39112591266e-05, 2.6723879273e-05, 2.71967728622e-05, 2.69886349997e-05, 1.88405538211e-05, 1.89591555682e-05, 1.73512089532e-05, 1.64070770552e-05, 1.66303561855e-05, 1.30047046696e-05, 1.10670407594e-05, 9.1960428108e-06, 7.26968983145e-06, 6.66898040436e-06, 5.75316107643e-06, 4.65774337499e-06, 3.93758091377e-06, 3.33048160428e-06, 2.55283111983e-06, 2.01407874556e-06, 1.6205300426e-06, 1.2158110394e-06, 9.32286127409e-07, 6.49450157653e-07],
        "median": [0.000186249017133, 0.0002161545126, 0.00020914261404, 0.000139215990203, 9.51986803557e-05, 5.953622167e-05, 7.12965120329e-05, 8.34383972688e-05, 5.38821077498e-05, 3.40743281413e-05, 3.13905693474e-05, 2.51036999543e-05, 3.56426789949e-05, 3.11595649691e-05, 2.0366105673e-05, 1.49403249452e-05, 1.63769182109e-05, 1.07637479232e-05, 9.36951346375e-06, 1.15446537166e-05, 1.03640204543e-05, 9.59709996096e-06, 8.20041805127e-06, 7.66213725001e-06, 8.03338298283e-06, 5.70593283555e-06, 5.38683798368e-06, 4.34325829701e-06, 3.40136921295e-06, 3.01152113025e-06, 2.6781312954e-06, 2.03421404876e-06, 1.65259166351e-06, 1.39404880883e-06, 1.03747640878e-06, 7.77133948304e-07, 6.52493895359e-07, 4.73269437862e-07, 3.32358098376e-07, 1.95642840595e-07],
        "min": [7.68980377814e-25, 8.98948613912e-25, 7.53992513653e-25, 7.25664912977e-25, 8.89643407889e-25, 1.39274122513e-24, 1.09537843058e-24, 1.11289597445e-24, 1.49737908826e-24, 1.24786800457e-24, 2.26631790296e-24, 1.49995678987e-24, 1.21236640422e-24, 1.7614246383e-24, 1.9257384484e-24, 2.18590733874e-24, 2.50654695342e-24, 2.17326564552e-24, 2.02241709943e-24, 2.54697824418e-24, 2.16196541027e-24, 3.44280434941e-24, 2.85726741213e-24, 3.66946538673e-24, 3.66103088593e-24, 3.24114744178e-24, 3.57575462764e-24, 3.00138460812e-24, 4.92266678127e-24, 4.7291201526e-24, 4.54215854034e-24, 4.99523212379e-24, 3.86607082355e-24, 3.81541412052e-24, 5.08017745492e-24, 5.35166669647e-24, 6.04147152111e-24, 4.9827890263e-24, 5.48141143841e-24, 5.49963136431e-24],
        "var": [1.35068803502e-05, 1.45751737364e-05, 9.99022358883e-06, 4.05285800298e-06, 5.46808507806e-07, 7.48268504935e-08, 4.80268731451e-08, 1.17081455642e-07, 6.25349514394e-08, 4.98194623333e-08, 2.74108273857e-08, 1.7626160087e-08, 2.49747351688e-08, 1.70767009422e-08, 8.53528181466e-09, 1.1216205742e-08, 7.38446193083e-09, 2.48417086901e-09, 3.03117198008e-09, 2.26518093172e-09, 6.5410149519e-10, 6.66659560888e-10, 6.23309681647e-10, 6.31018015618e-10, 5.77525249845e-10, 4.81431117194e-10, 2.47931508657e-10, 1.63773120065e-10, 9.96502949602e-11, 8.52722129019e-11, 5.75470122943e-11, 3.95728450009e-11, 2.88085891947e-11, 2.14090186551e-11, 1.32793446378e-11, 8.05107976815e-12, 5.11322364657e-12, 3.04831962623e-12, 1.92209963223e-12, 1.18607825384e-12]
    },
    "mfcc": {
        "mean": [-674.906555176, 104.626853943, -3.63157582283, 18.7084770203, -2.17883896828, 4.91012001038, 0.948171615601, 4.18275690079, -1.45981872082, 1.61163401604, -0.191884741187, 2.45974230766, 0.352803260088],
        "cov": [[19487.4082031, -1219.92504883, -225.349014282, 900.708496094, 63.3344764709, 691.913146973, 81.2874984741, 491.048553467, -11.8249235153, -52.0813789368, 9.00908279419, -13.2369298935, -129.529296875], [-1219.92504883, 1704.50756836, -90.1506118774, -114.065361023, -13.1214647293, -125.041435242, 7.20466804504, -89.7465591431, 1.09474217892, 21.1336688995, -21.6299571991, 11.9665441513, 20.2890720367], [-225.349014282, -90.1506118774, 486.604949951, 201.045211792, 139.792190552, 103.815322876, 71.6122970581, 76.9901657104, 36.5406417847, 16.9273643494, 17.4838218689, -4.19030094147, -5.16402769089], [900.708496094, -114.065361023, 201.045211792, 337.386352539, 144.210891724, 145.254180908, 89.928314209, 103.05380249, 53.9657821655, 38.0880432129, 28.6764144897, 17.0522346497, 2.01220107079], [63.3344764709, -13.1214647293, 139.792190552, 144.210891724, 233.763946533, 132.33795166, 75.7430953979, 63.2167816162, 41.7079696655, 35.1196594238, 20.8604106903, 10.7530536652, 5.2633471489], [691.913146973, -125.041435242, 103.815322876, 145.254180908, 132.33795166, 200.049362183, 99.5573348999, 84.3644180298, 46.2504768372, 32.1623268127, 26.9303016663, 23.7129802704, 12.4434833527], [81.2874984741, 7.20466804504, 71.6122970581, 89.928314209, 75.7430953979, 99.5573348999, 150.854507446, 88.2336502075, 37.4893760681, 26.2889919281, 21.2522144318, 19.7582626343, 20.4214344025], [491.048553467, -89.7465591431, 76.9901657104, 103.05380249, 63.2167816162, 84.3644180298, 88.2336502075, 169.527816772, 73.118522644, 27.1736469269, 37.8020629883, 28.1760215759, 25.7686328888], [-11.8249235153, 1.09474217892, 36.5406417847, 53.9657821655, 41.7079696655, 46.2504768372, 37.4893760681, 73.118522644, 110.480316162, 60.80418396, 31.5106830597, 26.8464946747, 17.4984779358], [-52.0813789368, 21.1336688995, 16.9273643494, 38.0880432129, 35.1196594238, 32.1623268127, 26.2889919281, 27.1736469269, 60.80418396, 106.128639221, 53.9668731689, 26.7525444031, 14.8126153946], [9.00908279419, -21.6299571991, 17.4838218689, 28.6764144897, 20.8604106903, 26.9303016663, 21.2522144318, 37.8020629883, 31.5106830597, 53.9668731689, 91.7875137329, 50.1640548706, 22.077255249], [-13.2369298935, 11.9665441513, -4.19030094147, 17.0522346497, 10.7530536652, 23.7129802704, 19.7582626343, 28.1760215759, 26.8464946747, 26.7525444031, 50.1640548706, 85.4311141968, 49.9498405457], [-129.529296875, 20.2890720367, -5.16402769089, 2.01220107079, 5.2633471489, 12.4434833527, 20.4214344025, 25.7686328888, 17.4984779358, 14.8126153946, 22.077255249, 49.9498405457, 87.1497879028]],
