{
"lowlevel": {
    "average_loudness": 0.923405528069,
    "barkbands_crest": {
        "dmean": 3.195520401,
        "dmean2": 4.85013580322,
        "dvar": 8.35481071472,
        "dvar2": 17.2583694458,
        "max": 26.6487617493,
        "mean": 12.8627986908,
        "median": 11.8914890289,
        "min": 2.16104960442,
        "var": 29.4824142456
    },
    "barkbands_flatness_db": {
        "dmean": 0.0307060088962,
        "dmean2": 0.0456180684268,
        "dvar": 0.000976485083811,
        "dvar2": 0.00202490249649,
        "max": 0.625280380249,
        "mean": 0.137439280748,
        "median": 0.12144382298,
        "min": 0.0141792008653,
        "var": 0.00562443491071
    },
    "barkbands_kurtosis": {
        "dmean": 9.99211597443,
        "dmean2": 14.5775928497,
        "dvar": 2869.25537109,
        "dvar2": 5469.75976562,
        "max": 3462.13793945,
        "mean": 15.9496088028,
        "median": 4.506731987,
        "min": -1.89478337765,
        "var": 8061.46826172
    },
    "barkbands_skewness": {
        "dmean": 0.927596390247,
        "dmean2": 1.38835132122,
        "dvar": 1.45976018906,
        "dvar2": 3.03094911575,
        "max": 43.4451332092,
        "mean": 2.75068187714,
        "median": 2.30512094498,
        "min": -4.67015504837,
        "var": 5.78790473938
    },
    "barkbands_spread": {
        "dmean": 9.38328266144,
        "dmean2": 15.131319046,
        "dvar": 110.516967773,
        "dvar2": 273.182434082,
        "max": 116.013168335,
        "mean": 27.7607479095,
        "median": 25.9730911255,
        "min": 0.0491156503558,
        "var": 314.242614746
    },
    "dissonance": {
        "dmean": 0.00952936336398,
        "dmean2": 0.0160218030214,
        "dvar": 0.000164990022313,
        "dvar2": 0.000453082408058,
        "max": 0.500000059605,
        "mean": 0.482290357351,
        "median": 0.485750764608,
        "min": 0.0078961532563,
        "var": 0.000247585820034
    },
    "dynamic_complexity": 2.56982851028,
    "erbbands_crest": {
        "dmean": 1.75937831402,
        "dmean2": 2.8832757473,
        "dvar": 3.40032792091,
        "dvar2": 8.04383945465,
        "max": 27.1981525421,
        "mean": 5.72889947891,
        "median": 4.9643573761,
        "min": 2.13551306725,
        "var": 7.47596979141
    },
    "erbbands_flatness_db": {
        "dmean": 0.012103295885,
        "dmean2": 0.0180589854717,
        "dvar": 0.00018038773851,
        "dvar2": 0.000371138768969,
        "max": 0.380310565233,
        "mean": 0.105493098497,
        "median": 0.0950838923454,
        "min": 0.0267974734306,
        "var": 0.0015788753517
    },
    "erbbands_kurtosis": {
        "dmean": 0.737810134888,
        "dmean2": 1.15618598461,
        "dvar": 2.49893546104,
        "dvar2": 4.82553863525,
        "max": 63.509185791,
        "mean": -0.295645594597,
        "median": -0.772168517113,
        "min": -1.82051634789,
        "var": 5.36379337311
    },
    "erbbands_skewness": {
        "dmean": 0.341573596001,
        "dmean2": 0.53137075901,
        "dvar": 0.144300937653,
        "dvar2": 0.316970556974,
        "max": 7.75159788132,
        "mean": -0.3135176301,
        "median": -0.436776518822,
        "min": -4.4919962883,
        "var": 0.567707300186
    },
    "erbbands_spread": {
        "dmean": 11.7162876129,
        "dmean2": 18.4442367554,
        "dvar": 129.557006836,
        "dvar2": 303.548522949,
        "max": 180.431518555,
        "mean": 66.9987487793,
        "median": 66.8219146729,
        "min": 5.39592456818,
        "var": 514.230834961
    },
    "hfc": {
        "dmean": 12.3105955124,
        "dmean2": 20.3625030518,
        "dvar": 340.628356934,
        "dvar2": 906.573181152,
        "max": 222.818008423,
        "mean": 30.1093864441,
        "median": 25.9409770966,
        "min": 1.06900646759e-16,
        "var": 511.514160156
    },
    "melbands_crest": {
        "dmean": 3.88777112961,
        "dmean2": 6.25235843658,
        "dvar": 11.6776895523,
        "dvar2": 29.1733474731,
        "max": 36.9545059204,
        "mean": 18.4675045013,
        "median": 18.0956535339,
        "min": 1.00347507,
        "var": 36.7926254272
    },
    "melbands_flatness_db": {
        "dmean": 0.037975974381,
        "dmean2": 0.0570102035999,
        "dvar": 0.00149570021313,
        "dvar2": 0.00316247087903,
        "max": 0.736218512058,
        "mean": 0.218928322196,
        "median": 0.207577347755,
        "min": 5.17721161941e-07,
        "var": 0.0084696887061
    },
    "melbands_kurtosis": {
        "dmean": 25.6234855652,
        "dmean2": 38.5305290222,
        "dvar": 2155.53735352,
        "dvar2": 4659.30175781,
        "max": 992.010559082,
        "mean": 51.536315918,
        "median": 28.5987586975,
        "min": -1.90354704857,
        "var": 5443.53076172
    },
    "melbands_skewness": {
        "dmean": 1.40530431271,
        "dmean2": 2.11995720863,
        "dvar": 2.40693998337,
        "dvar2": 5.2952671051,
        "max": 27.2407264709,
        "mean": 5.46598148346,
        "median": 4.91043663025,
        "min": -1.55013728142,
        "var": 9.11501121521
    },
    "melbands_spread": {
        "dmean": 8.98958873749,
        "dmean2": 14.5532007217,
        "dvar": 170.618347168,
        "dvar2": 391.013275146,
        "max": 257.290710449,
        "mean": 20.8837852478,
        "median": 13.7341995239,
        "min": 0.147972494364,
        "var": 612.550476074
    },
    "pitch_salience": {
        "dmean": 0.0983564853668,
        "dmean2": 0.152601137757,
        "dvar": 0.00785647239536,
        "dvar2": 0.0181522406638,
        "max": 0.997051894665,
        "mean": 0.4964184165,
        "median": 0.515513718128,
        "min": 0.0102120125666,
        "var": 0.0245100148022
    },
    "silence_rate_20dB": {
        "dmean": 0,
        "dmean2": 0,
        "dvar": 0,
        "dvar2": 0,
        "max": 1,
        "mean": 1,
        "median": 1,
        "min": 1,
        "var": 0
    },
    "silence_rate_30dB": {
        "dmean": 0.064089037478,
        "dmean2": 0.128190368414,
        "dvar": 0.0599779821932,
        "dvar2": 0.142471045256,
        "max": 1,
        "mean": 0.922966241837,
        "median": 1,
        "min": 0,
        "var": 0.0710879713297
    },
    "silence_rate_60dB": {
        "dmean": 0.00978604983538,
        "dmean2": 0.0195739772171,
        "dvar": 0.00969147309661,
        "dvar2": 0.0239868555218,
        "max": 1,
        "mean": 0.0657137408853,
        "median": 0,
        "min": 0,
        "var": 0.0613951720297
    },
    "spectral_centroid": {
        "dmean": 400.355834961,
        "dmean2": 640.092895508,
        "dvar": 170768.859375,
        "dvar2": 415350.6875,
        "max": 11710.6279297,
        "mean": 1872.28430176,
        "median": 1792.74169922,
        "min": 78.113494873,
        "var": 1685810.125
    },
    "spectral_complexity": {
        "dmean": 6.36553764343,
        "dmean2": 9.51947784424,
        "dvar": 45.8313865662,
        "dvar2": 95.7643280029,
        "max": 61,
        "mean": 25.0156364441,
        "median": 25,
        "min": 0,
        "var": 189.523513794
    },
    "spectral_decrease": {
        "dmean": 4.99567720524e-09,
        "dmean2": 7.82336240235e-09,
        "dvar": 3.28147611345e-17,
        "dvar2": 7.81888238851e-17,
        "max": 1.57670142868e-28,
        "mean": -1.35783233546e-08,
        "median": -1.1997039806e-08,
        "min": -7.14547141456e-08,
        "var": 8.94069811781e-17
    },
    "spectral_energy": {
        "dmean": 0.0193515326828,
        "dmean2": 0.030338363722,
        "dvar": 0.000484556047013,
        "dvar2": 0.00115627038758,
        "max": 0.27212035656,
        "mean": 0.0539789423347,
        "median": 0.0486385971308,
        "min": 9.96465386734e-21,
        "var": 0.0013127438724
    },
    "spectral_energyband_high": {
        "dmean": 0.00128835707437,
        "dmean2": 0.00217449758202,
        "dvar": 5.11842790729e-06,
        "dvar2": 1.3911863789e-05,
        "max": 0.0305088832974,
        "mean": 0.00248021283187,
        "median": 0.00174558535218,
        "min": 7.084565263e-21,
        "var": 6.33337731415e-06
    },
    "spectral_energyband_low": {
        "dmean": 0.0169715527445,
        "dmean2": 0.0264450181276,
        "dvar": 0.000449391227448,
        "dvar2": 0.00107050419319,
        "max": 0.268663048744,
        "mean": 0.0374497808516,
        "median": 0.0284766424447,
        "min": 6.65932552588e-24,
        "var": 0.00119267264381
    },
    "spectral_energyband_middle_high": {
        "dmean": 0.00143626832869,
        "dmean2": 0.00234672077931,
        "dvar": 4.10339862356e-06,
        "dvar2": 1.08168815132e-05,
        "max": 0.0205718837678,
        "mean": 0.00368718826212,
        "median": 0.00309173995629,
        "min": 1.19269720515e-21,
        "var": 8.74292072695e-06
    },
    "spectral_energyband_middle_low": {
        "dmean": 0.00808955356479,
        "dmean2": 0.0135826766491,
        "dvar": 0.000213528226595,
        "dvar2": 0.000574584817514,
        "max": 0.157843604684,
        "mean": 0.0127832945436,
        "median": 0.00859590061009,
        "min": 1.53276039916e-22,
        "var": 0.000210980317206
    },
    "spectral_entropy": {
        "dmean": 0.155740454793,
        "dmean2": 0.240525454283,
        "dvar": 0.0334777161479,
        "dvar2": 0.0737121626735,
        "max": 9.83367824554,
        "mean": 7.9011759758,
        "median": 7.98551750183,
        "min": 5.19786262512,
        "var": 0.234988987446
    },
    "spectral_flux": {
        "dmean": 0.0408309809864,
        "dmean2": 0.0621980726719,
        "dvar": 0.00184974877629,
        "dvar2": 0.00373131409287,
        "max": 0.502851963043,
        "mean": 0.116322822869,
        "median": 0.103038139641,
        "min": 6.36558999956e-11,
        "var": 0.00461979908869
    },
    "spectral_kurtosis": {
        "dmean": 1.07208764553,
        "dmean2": 1.80281829834,
        "dvar": 10.031955719,
        "dvar2": 28.1663341522,
        "max": 107.182731628,
        "mean": 2.9339094162,
        "median": 2.0541870594,
        "min": -1.26610791683,
        "var": 30.5394973755
    },
    "spectral_rms": {
        "dmean": 0.001263566548,
        "dmean2": 0.00195926474407,
        "dvar": 1.71344731825e-06,
        "dvar2": 3.79582706955e-06,
        "max": 0.0162936579436,
        "mean": 0.00671097822487,
        "median": 0.00688856188208,
        "min": 3.11795012552e-12,
        "var": 7.62486934036e-06
    },
    "spectral_rolloff": {
        "dmean": 830.289550781,
        "dmean2": 1428.44958496,
        "dvar": 1565489.5,
        "dvar2": 3805877.25,
        "max": 19638.28125,
        "mean": 1553.31164551,
        "median": 409.130859375,
        "min": 43.06640625,
        "var": 7079071.5
    },
    "spectral_skewness": {
        "dmean": 0.161397814751,
        "dmean2": 0.25920137763,
        "dvar": 0.0579643622041,
        "dvar2": 0.144931212068,
        "max": 7.80945968628,
        "mean": 1.12302231789,
        "median": 1.04152703285,
        "min": -0.101947210729,
        "var": 0.338765054941
    },
    "spectral_spread": {
        "dmean": 484940.9375,
        "dmean2": 724027.8125,
        "dvar": 425443819520,
        "dvar2": 891059961856,
        "max": 42472604,
        "mean": 5943882.5,
        "median": 5576121,
        "min": 518229.65625,
        "var": 1.74751188255e+13
    },
    "spectral_strongpeak": {
        "dmean": 0.230335682631,
        "dmean2": 0.381932348013,
        "dvar": 0.0913080871105,
        "dvar2": 0.245203912258,
        "max": 6.97314739227,
        "mean": 0.487863987684,
        "median": 0.421333968639,
        "min": 0,
        "var": 0.129502132535
    },
    "zerocrossingrate": {
        "dmean": 0.0141440406442,
        "dmean2": 0.0170532055199,
        "dvar": 0.000234313265537,
        "dvar2": 0.000307664624415,
        "max": 0.85888671875,
        "mean": 0.0704723224044,
        "median": 0.0595703125,
        "min": 0.001953125,
        "var": 0.00469191139564
    },
    "barkbands": {
        "dmean": [0.000799625238869, 0.0127633335069, 0.00773939816281, 0.004379295744, 0.00398809043691, 0.000734321482014, 0.000504959723912, 0.000209498248296, 0.000250691227848, 0.000165718171047, 0.000215678694076, 0.000163207922014, 0.000140422998811, 0.000181852185051, 0.000221685637371, 0.000226034855586, 0.000241630885284, 0.000271567900199, 0.000282520835754, 0.000376185838832, 0.000344794505509, 0.000385587190976, 0.000238577849814, 0.000153874949319, 9.14248375921e-05, 6.76831186865e-05, 1.29863565235e-05],
        "dmean2": [0.00124500808306, 0.0189319401979, 0.012993324548, 0.00760817527771, 0.00675085512921, 0.00119053001981, 0.00078714126721, 0.000340484024491, 0.000405452679843, 0.000271917291684, 0.000353146955604, 0.000273249694146, 0.000232961101574, 0.000305052264594, 0.000374655617634, 0.000375321920728, 0.000405619823141, 0.000461890769657, 0.000472877465654, 0.000636849494185, 0.000576307473239, 0.00068214366911, 0.000406090402976, 0.000254874903476, 0.000149207771756, 0.000110414453957, 2.15899308387e-05],
        "dvar": [1.46983757077e-06, 0.000306832895149, 0.000166469297255, 7.45475845179e-05, 6.61791782477e-05, 1.22474443742e-06, 5.38328549737e-07, 1.03300855869e-07, 1.55852617922e-07, 7.11442353918e-08, 1.18513575842e-07, 1.03804993046e-07, 4.75238941533e-08, 7.23606703446e-08, 1.19070968196e-07, 1.16345837853e-07, 1.16495272096e-07, 1.70097479213e-07, 1.39746362038e-07, 2.97001122362e-07, 3.44024385868e-07, 9.83802465271e-07, 1.87565063925e-07, 5.53788126467e-08, 2.20088551828e-08, 1.60827333673e-08, 8.3513662652e-10],
        "dvar2": [3.51803441845e-06, 0.000651627895422, 0.000429638836067, 0.000205916512641, 0.000181487514055, 3.17686794915e-06, 1.21655273233e-06, 2.44747212719e-07, 3.89890658425e-07, 1.77440313109e-07, 2.92413119496e-07, 2.71568353583e-07, 1.22045236139e-07, 1.89238988924e-07, 2.98032574619e-07, 2.98996951642e-07, 3.04560160203e-07, 4.68547199262e-07, 3.76203615815e-07, 7.91729121374e-07, 9.31403008053e-07, 2.81619873022e-06, 5.04938554968e-07, 1.46722882732e-07, 5.67253444217e-08, 4.01848261333e-08, 2.15107043289e-09],
        "max": [0.0256194770336, 0.212125897408, 0.134513795376, 0.100576728582, 0.107813410461, 0.0228106603026, 0.0154059529305, 0.00781305041164, 0.00897922739387, 0.00650143809617, 0.00678050890565, 0.011804966256, 0.00370347127318, 0.00682012084872, 0.00632500601932, 0.00902347359806, 0.00562725076452, 0.0049593844451, 0.00459850672632, 0.00746102491394, 0.0105895958841, 0.0144620258361, 0.0145900733769, 0.00250600720756, 0.00277282088064, 0.00167165102903, 0.000663581129629],
        "mean": [0.00104899599683, 0.0248063560575, 0.00922330562025, 0.00490087643266, 0.00520660541952, 0.00112272670958, 0.000875539612025, 0.000281389278825, 0.000342692219419, 0.000235590952798, 0.000327426212607, 0.00022807980713, 0.000214563042391, 0.000271374563454, 0.000335457123583, 0.000376130308723, 0.000408946187235, 0.000455092027551, 0.000523910159245, 0.000688316475134, 0.000644973362796, 0.000517177395523, 0.000369497778593, 0.000277002167422, 0.000177895301022, 0.000103365156974, 1.54338340508e-05],
        "median": [0.000473354652058, 0.0141213405877, 0.00446153897792, 0.00203955639154, 0.0025523356162, 0.00070108671207, 0.000492486055009, 0.000152314838488, 0.000203774630791, 0.00013197127555, 0.000166585872648, 0.000127398976474, 0.000126254511997, 0.000162279058713, 0.000196183886146, 0.000251777295489, 0.000275903905276, 0.000323775224388, 0.00040944153443, 0.000511720892973, 0.000478631496662, 0.000280573149212, 0.000197472210857, 0.000166135083418, 0.000113791502372, 5.82004940952e-05, 5.35724575457e-06],
        "min": [6.45426862775e-25, 1.05242367239e-24, 8.70736285536e-25, 7.95884577594e-25, 4.84129262345e-24, 5.13412804666e-24, 5.72920645381e-24, 7.44449298435e-24, 1.84030710006e-23, 1.31875755015e-23, 1.60962287213e-23, 2.53778541139e-23, 2.49722675904e-23, 4.57741020984e-23, 3.8968797862e-23, 4.4458477746e-23, 7.13641061533e-23, 9.27530093693e-23, 1.32332843111e-22, 1.43051190894e-22, 2.23797844571e-22, 3.24259142011e-22, 4.04924574569e-22, 5.83149306179e-22, 8.01360399953e-22, 1.36598689867e-21, 1.8513241169e-21],
        "var": [2.18251989281e-06, 0.000894204771612, 0.000171098290593, 6.42889863229e-05, 6.49675275781e-05, 1.85456769941e-06, 1.35820471314e-06, 1.57770031706e-07, 2.10920703125e-07, 1.07688855167e-07, 2.35309315144e-07, 1.27205552758e-07, 7.09416099198e-08, 1.09220174238e-07, 1.92425787304e-07, 2.00415726681e-07, 2.05547181054e-07, 2.32179218074e-07, 2.32346238249e-07, 4.69104691092e-07, 4.49179452744e-07, 7.02363990968e-07, 2.17265025526e-07, 9.37367587994e-08, 4.07560349913e-08, 1.920796322e-08, 8.96743457268e-10]
    },
    "erbbands": {
        "dmean": [0.45960611105, 2.83814382553, 8.23230743408, 11.3474159241, 17.4726428986, 10.5501995087, 6.13804674149, 5.85418081284, 6.85765457153, 6.38847732544, 5.00344753265, 4.92575931549, 5.31671380997, 6.6280798912, 6.79243087769, 6.2387752533, 6.35395812988, 7.87520837784, 10.0487747192, 11.2110519409, 12.7552108765, 13.5496225357, 13.6421480179, 14.6105327606, 14.0342140198, 18.0695362091, 14.484079361, 13.5629253387, 17.2782516479, 8.36281585693, 6.69872140884, 3.89770960808, 2.36387515068, 1.21054184437, 0.596705973148, 0.260080873966, 0.138241022825, 0.032062176615, 0.00185189663898, 4.67075115012e-05],
        "dmean2": [0.63487637043, 4.36631155014, 13.6614789963, 19.2466125488, 29.3690414429, 18.0799102783, 10.2735033035, 9.41877841949, 10.5723543167, 10.2650508881, 8.14208030701, 7.99022102356, 8.66383647919, 10.6571378708, 11.3239822388, 10.4502792358, 10.5303096771, 13.0717964172, 16.9950771332, 18.8866481781, 20.8644104004, 22.8140411377, 23.1142311096, 24.8403949738, 23.5826053619, 30.4078330994, 24.0054683685, 23.0203495026, 31.0420780182, 14.3425836563, 11.3914108276, 6.5266752243, 3.93126773834, 1.98828911781, 0.979866504669, 0.427969366312, 0.224850043654, 0.0523571781814, 0.00309263309464, 7.52191263018e-05],
        "dvar": [0.427198499441, 16.4093360901, 191.211196899, 415.37210083, 1148.71472168, 513.751586914, 126.176231384, 79.5665512085, 132.918548584, 92.6520843506, 66.1580429077, 62.9857177734, 67.8427581787, 97.6356658936, 134.132171631, 129.903564453, 99.5900344849, 132.517242432, 278.810241699, 271.573791504, 377.537841797, 403.006286621, 420.716003418, 430.399871826, 373.37286377, 810.001037598, 394.131408691, 682.680847168, 2604.40332031, 239.196975708, 142.148773193, 37.900226593, 13.1781549454, 3.62160634995, 1.01604807377, 0.206095799804, 0.0718503594398, 0.00398352835327, 2.02034607355e-05, 5.48874234951e-09],
        "dvar2": [0.740652143955, 38.3965873718, 484.973571777, 1133.03833008, 3066.33642578, 1467.59082031, 346.75970459, 198.421310425, 285.177062988, 230.219345093, 158.121414185, 159.14074707, 171.562942505, 231.87588501, 348.895507812, 344.440582275, 260.511260986, 346.275726318, 702.199401855, 727.390930176, 928.998779297, 1055.01098633, 1155.85693359, 1176.62902832, 1007.3081665, 2110.44189453, 1025.64819336, 1856.56799316, 7515.19482422, 656.795410156, 381.957336426, 102.42175293, 34.6829719543, 9.33363723755, 2.62444710732, 0.525483429432, 0.179390236735, 0.0100192213431, 5.26536168763e-05, 1.39432092539e-08],
        "max": [8.67860031128, 48.0870056152, 175.001251221, 259.168670654, 431.907714844, 324.43270874, 231.426803589, 223.882873535, 280.182678223, 146.971618652, 218.411819458, 157.34828186, 174.005325317, 244.38482666, 233.164031982, 325.476531982, 151.528488159, 171.075134277, 384.036315918, 307.947509766, 384.083587646, 375.031921387, 286.201293945, 222.740127563, 264.924163818, 448.845977783, 363.24520874, 459.586334229, 778.699829102, 296.736846924, 424.300811768, 80.4763565063, 51.8830223083, 34.5700836182, 18.6139698029, 6.34666252136, 3.79185700417, 1.22666299343, 0.117945924401, 0.00178363639861],
        "mean": [0.836034655571, 5.09588813782, 10.5458879471, 14.1473712921, 21.9024105072, 13.357468605, 8.52654647827, 9.21269893646, 12.2413473129, 9.92196941376, 6.81510829926, 6.68008470535, 7.80307531357, 10.8914222717, 10.3030376434, 8.95435619354, 10.2330684662, 12.8148651123, 15.1427688599, 19.365650177, 22.5124874115, 23.9448661804, 24.1799087524, 25.8556880951, 27.7727298737, 32.670665741, 28.995344162, 22.9328536987, 20.751739502, 12.9863119125, 10.2947807312, 6.44713544846, 4.22834539413, 2.29841732979, 1.13497257233, 0.456880331039, 0.190142527223, 0.0425352863967, 0.00217086984776, 0.00010482736252],
        "median": [0.419063329697, 2.85205602646, 5.74645853043, 7.60329723358, 9.55691337585, 7.52897167206, 4.99217128754, 5.86468601227, 6.43647384644, 5.72706127167, 3.78271245956, 3.93039464951, 4.78400993347, 6.61007499695, 6.16279363632, 5.38607788086, 6.30094909668, 7.9791727066, 9.49077796936, 13.1589508057, 14.9656009674, 16.6930580139, 17.679265976, 19.8844490051, 21.9270915985, 23.7927246094, 22.6791057587, 15.4372787476, 10.6735677719, 7.21270418167, 5.49649238586, 3.55015182495, 2.58201217651, 1.45158410072, 0.729876279831, 0.278542041779, 0.100002914667, 0.0201516486704, 0.000736435933504, 8.97980498848e-05],
        "min": [7.31890317279e-23, 1.68437441643e-22, 1.45125041843e-21, 3.40987436067e-21, 1.35790971021e-20, 1.81604159221e-20, 4.39433658123e-20, 7.82314723869e-20, 8.91406534227e-20, 1.06209648147e-19, 1.84046238727e-19, 4.59032145311e-19, 4.58175186197e-19, 8.01230095581e-19, 8.22155180139e-19, 1.17323720528e-18, 1.40114821151e-18, 2.27655945083e-18, 1.90848496456e-18, 3.04235478333e-18, 3.73571184164e-18, 4.90916680222e-18, 5.68862777883e-18, 6.19388541341e-18, 6.34467754394e-18, 7.00486486648e-18, 7.90091901838e-18, 9.68490937164e-18, 1.11568888522e-17, 9.87456368812e-18, 1.09915809427e-17, 1.06337558446e-17, 9.39680236429e-18, 8.24701138667e-18, 6.20142226956e-18, 4.21733320381e-18, 2.25695775186e-18, 8.98794084278e-19, 2.56679856791e-19, 2.68927080016e-20],
        "var": [1.31116831303, 37.7406959534, 200.82409668, 380.816894531, 1232.5802002, 411.582061768, 132.596862793, 129.591537476, 352.881591797, 158.396118164, 97.938659668, 79.5970458984, 94.2052154541, 209.486953735, 200.431564331, 153.94303894, 145.758499146, 221.720352173, 411.491516113, 472.214599609, 732.56439209, 697.72479248, 629.590454102, 603.855285645, 670.387390137, 1207.47277832, 717.771057129, 746.641967773, 1644.30578613, 265.841766357, 169.693466187, 55.3698616028, 23.0401859283, 6.7391242981, 1.77323794365, 0.315976440907, 0.0774604231119, 0.00431337626651, 2.10483121919e-05, 7.60431273505e-09]
    },
    "gfcc": {
        "mean": [1.7132409811, 65.9309463501, -87.2452850342, 62.1081695557, -44.7044334412, 16.4693336487, -29.33502388, 8.97859954834, -23.6858558655, 5.00888967514, -17.037727356, 2.09796380997, -10.9821767807],
        "cov": [[43724.828125, -1496.87744141, -2375.37841797, 2474.46313477, -1100.90771484, 1016.59356689, -1169.56005859, 844.265014648, -781.206176758, 558.597351074, -793.7421875, 258.773376465, -548.695983887], [-1496.87744141, 1869.59814453, -257.485473633, 29.9653282166, 92.2884979248, -255.103515625, 306.419311523, -209.219421387, 174.437194824, -174.900375366, 180.412643433, -158.109283447, 172.347198486], [-2375.37841797, -257.485473633, 616.092773438, -80.4992904663, 116.617172241, 58.3009643555, 27.9251213074, 33.6433486938, 30.4275245667, 21.8335113525, 26.6621570587, 34.1976585388, 12.515335083], [2474.46313477, 29.9653282166, -80.4992904663, 434.913085938, 7.40481710434, 103.226112366, -12.4321584702, 57.6907272339, 8.66025066376, 17.5838413239, -3.21962165833, -12.0152521133, 25.6313591003], [-1100.90771484, 92.2884979248, 116.617172241, 7.40481710434, 229.418548584, 16.8498420715, 84.9528274536, 20.2179355621, 47.5759925842, 22.664150238, 49.7663879395, 11.0185155869, 39.4821739197], [1016.59356689, -255.103515625, 58.3009643555, 103.226112366, 16.8498420715, 168.606933594, -25.0345306396, 77.0067672729, -2.68694639206, 42.4597396851, -2.76685452461, 37.6024894714, -15.8707876205], [-1169.56005859, 306.419311523, 27.9251213074, -12.4321584702, 84.9528274536, -25.0345306396, 191.902664185, -14.7033653259, 96.9891815186, -21.0230731964, 75.913230896, -17.9524288177, 52.6381454468], [844.265014648, -209.219421387, 33.6433486938, 57.6907272339, 20.2179355621, 77.0067672729, -14.7033653259, 142.182693481, 6.77125501633, 83.4748458862, -4.24364805222, 44.9043807983, -1.17994689941], [-781.206176758, 174.437194824, 30.4275245667, 8.66025066376, 47.5759925842, -2.68694639206, 96.9891815186, 6.77125501633, 139.804016113, 14.162528038, 81.9133911133, -5.52966451645, 43.4497718811], [558.597351074, -174.900375366, 21.8335113525, 17.5838413239, 22.664150238, 42.4597396851, -21.0230731964, 83.4748458862, 14.162528038, 117.334838867, 20.7902069092, 51.5181465149, 0.746786117554], [-793.7421875, 180.412643433, 26.6621570587, -3.21962165833, 49.7663879395, -2.76685452461, 75.913230896, -4.24364805222, 81.9133911133, 20.7902069092, 114.579406738, 20.4742202759, 51.7144966125], [258.773376465, -158.109283447, 34.1976585388, -12.0152521133, 11.0185155869, 37.6024894714, -17.9524288177, 44.9043807983, -5.52966451645, 51.5181465149, 20.4742202759, 85.5078353882, 13.6893558502], [-548.695983887, 172.347198486, 12.515335083, 25.6313591003, 39.4821739197, -15.8707876205, 52.6381454468, -1.17994689941, 43.4497718811, 0.746786117554, 51.7144966125, 13.6893558502, 85.5878829956]],
        "icov": [[0.000110984125058, -0.000181427953066, 0.000275760045042, -0.000487800571136, 0.000283711357042, -0.000364737526979, 0.00017404553364, -0.000187131998246, 0.000117036783195, -0.000403007143177, 0.000553557823878, -0.000565678579733, 0.000574578996748], [-0.000181427953066, 0.00177309883293, 4.33131390309e-05, 0.000516509520821, -0.000659700890537, 0.00179428863339, -0.00127543997951, 0.000629172369372, 2.48471387749e-05, 0.00151913496666, -0.00253960839473, 0.00265621417202, -0.00238067936152], [0.000275760045042, 4.33131390309e-05, 0.00284769944847, -0.000674267183058, -0.000351290218532, -0.00141602708027, 0.000379766221158, -0.000537684478331, -3.98959746235e-05, -0.000327427958837, 0.000956581323408, -0.00111206888687, 0.000747652491555], [-0.000487800571136, 0.000516509520821, -0.000674267183058, 0.00552824093029, -0.00133978400845, -0.00114137819037, -2.36492614931e-05, 1.75563254743e-05, -0.000569952302612, 0.00157269299962, -0.00189833703917, 0.00434068776667, -0.00457473751158], [0.000283711357042, -0.000659700890537, -0.000351290218532, -0.00133978400845, 0.00691272225231, -0.00155009771697, -0.00204240437597, -0.000442354852566, 0.00110342912376, -0.00272199627943, 0.00109127769247, -0.00113939133007, 0.000360020756489], [-0.000364737526979, 0.00179428863339, -0.00141602708027, -0.00114137819037, -0.00155009771697, 0.0127728274092, -0.000734235567506, -0.00335993571207, -0.000646319880616, 0.00382405053824, -0.00434929737821, -0.000456951587694, 0.0010820524767], [0.00017404553364, -0.00127543997951, 0.000379766221158, -2.36492614931e-05, -0.00204240437597, -0.000734235567506, 0.0118546206504, -0.00223474111408, -0.00462555186823, 0.00248302263208, -0.00109894445632, -0.000350455346052, 0.00016669605975], [-0.000187131998246, 0.000629172369372, -0.000537684478331, 1.75563254743e-05, -0.000442354852566, -0.00335993571207, -0.00223474111408, 0.0167293380946, -0.00166981329676, -0.00921491254121, 0.00431734742597, -0.000923966348637, -0.00273997965269], [0.000117036783195, 2.48471387749e-05, -3.98959746235e-05, -0.000569952302612, 0.00110342912376, -0.000646319880616, -0.00462555186823, -0.00166981329676, 0.0162665955722, -0.00242689927109, -0.00830915477127, 0.00431300560012, -0.000836285878904], [-0.000403007143177, 0.00151913496666, -0.000327427958837, 0.00157269299962, -0.00272199627943, 0.00382405053824, 0.00248302263208, -0.00921491254121, -0.00242689927109, 0.0216353628784, -0.00758613180369, -0.00302243279293, 0.000355262280209], [0.000553557823878, -0.00253960839473, 0.000956581323408, -0.00189833703917, 0.00109127769247, -0.00434929737821, -0.00109894445632, 0.00431734742597, -0.00830915477127, -0.00758613180369, 0.0263639669865, -0.00977526046336, -0.00156498781871], [-0.000565678579733, 0.00265621417202, -0.00111206888687, 0.00434068776667, -0.00113939133007, -0.000456951587694, -0.000350455346052, -0.000923966348637, 0.00431300560012, -0.00302243279293, -0.00977526046336, 0.0261593889445, -0.00990970153362], [0.000574578996748, -0.00238067936152, 0.000747652491555, -0.00457473751158, 0.000360020756489, 0.0010820524767, 0.00016669605975, -0.00273997965269, -0.000836285878904, 0.000355262280209, -0.00156498781871, -0.00990970153362, 0.0242684390396]]
    },
    "melbands": {
        "dmean": [0.00366488238797, 0.00375573663041, 0.00208740192465, 0.00104278058279, 0.000232439808315, 0.000133084569825, 0.000100809862488, 6.30075737718e-05, 4.31618173025e-05, 3.12305237458e-05, 2.7277668778e-05, 2.64664158749e-05, 2.74825906672e-05, 1.6330201106e-05, 1.80871684279e-05, 1.54361478053e-05, 1.48249100675e-05, 1.68950464285e-05, 1.8084570911e-05, 1.53211021825e-05, 1.61106181622e-05, 1.59417668328e-05, 1.19908581837e-05, 1.40453012136e-05, 1.24670295918e-05, 1.18797106552e-05, 1.18496573123e-05, 1.31178367155e-05, 9.73126498138e-06, 9.87109251582e-06, 6.96877896189e-06, 1.07692203528e-05, 6.71829411658e-06, 4.44993429483e-06, 4.17724641011e-06, 2.99295902551e-06, 2.31170247389e-06, 1.79500773356e-06, 1.33685887249e-06, 1.0058196267e-06],
        "dmean2": [0.00514476699755, 0.00614193733782, 0.00348814716563, 0.00177032733336, 0.000391492416384, 0.000213265928323, 0.000156164896907, 0.0001013769579, 7.05148704583e-05, 5.0608694437e-05, 4.44836041424e-05, 4.2743042286e-05, 4.56224479422e-05, 2.72695633612e-05, 3.03616543533e-05, 2.54038841376e-05, 2.46554918704e-05, 2.87252933049e-05, 3.04163586407e-05, 2.56719358731e-05, 2.62462581304e-05, 2.6799587431e-05, 2.0450910597e-05, 2.40339995798e-05, 2.12821687455e-05, 1.99540409085e-05, 2.02869559871e-05, 2.21112950385e-05, 1.60552226589e-05, 1.69936974999e-05, 1.16705205073e-05, 1.9386619897e-05, 1.18472562463e-05, 7.59680506235e-06, 7.11145412424e-06, 5.07176537212e-06, 3.8847824726e-06, 2.98646796182e-06, 2.23646543418e-06, 1.65554888554e-06],
        "dvar": [2.54309197771e-05, 3.35265358444e-05, 1.30285043269e-05, 4.50690959042e-06, 1.94167981249e-07, 3.87870642271e-08, 2.46963072215e-08, 8.86291662283e-09, 5.7111546603e-09, 2.28693641802e-09, 1.82558879125e-09, 1.53043844264e-09, 2.15849249585e-09, 1.6446177753e-09, 9.03191132995e-10, 6.17408679737e-10, 4.53685061741e-10, 8.43239256199e-10, 8.65970961605e-10, 5.84990222929e-10, 6.16157680433e-10, 6.30177576788e-10, 3.29171689906e-10, 4.53290405211e-10, 3.15190179512e-10, 2.65458183213e-10, 2.97229935109e-10, 4.63804633588e-10, 1.61755567274e-10, 4.1052808375e-10, 1.33380542722e-10, 1.02414887682e-09, 2.15629819555e-10, 7.1185141115e-11, 6.15837519868e-11, 2.42312940546e-11, 1.40546593461e-11, 7.45606614644e-12, 4.42283883129e-12, 2.52041399904e-12],
        "dvar2": [4.67033132736e-05, 8.51287986734e-05, 3.48140929418e-05, 1.23601676023e-05, 5.48708612769e-07, 9.75043974449e-08, 5.41731068893e-08, 2.17357136734e-08, 1.36535751594e-08, 5.78706371712e-09, 4.60696103488e-09, 3.66301367016e-09, 5.5378266417e-09, 4.25457757913e-09, 2.43738007555e-09, 1.57277169066e-09, 1.18606735544e-09, 2.15025419692e-09, 2.19048623684e-09, 1.58585389265e-09, 1.50606305205e-09, 1.64113234113e-09, 8.89547935312e-10, 1.25202881396e-09, 8.61757776249e-10, 7.14919401457e-10, 8.12598544009e-10, 1.19016785316e-09, 4.21782747617e-10, 1.15724163585e-09, 3.44696771126e-10, 2.95717406118e-09, 6.09164885201e-10, 1.94331009618e-10, 1.65810060127e-10, 6.54349421869e-11, 3.83899648182e-11, 1.96740471137e-11, 1.15760612901e-11, 6.56676492697e-12],
        "max": [0.0673151314259, 0.0784497335553, 0.0431472510099, 0.0272682569921, 0.00811185780913, 0.0044978694059, 0.00364580773748, 0.00151673692744, 0.00226527242921, 0.000834629230667, 0.000940295052715, 0.000899851729628, 0.000760048802476, 0.00176523299888, 0.000558185391128, 0.000500303169247, 0.000317252037348, 0.000617235782556, 0.000464520358946, 0.000845891714562, 0.000483380747028, 0.000508024764713, 0.000247296644375, 0.000262732442934, 0.00019751866057, 0.000217318229261, 0.00029893903411, 0.000346850429196, 0.000251586781815, 0.000406521430705, 0.000172487983946, 0.000487260287628, 0.000189965590835, 0.000237795189605, 0.000351423863322, 8.09247067082e-05, 4.82635696244e-05, 4.62250718556e-05, 3.70217348973e-05, 2.83756180579e-05],
        "mean": [0.00716227060184, 0.00599644100294, 0.0027848763857, 0.00134128902573, 0.000321809464367, 0.000215145439142, 0.000181511568371, 9.58873715717e-05, 5.61638480576e-05, 4.23507226515e-05, 3.90929417335e-05, 4.29300125688e-05, 4.11872606492e-05, 2.20167366933e-05, 2.53198068094e-05, 2.40465542447e-05, 2.29578108701e-05, 2.30847163039e-05, 2.73431596725e-05, 2.46869894909e-05, 2.61674540525e-05, 2.59756889136e-05, 2.0010080334e-05, 2.25082876568e-05, 2.0322000637e-05, 2.13280090975e-05, 2.05346968869e-05, 2.17151773541e-05, 1.88083104149e-05, 1.58428738359e-05, 1.18359503176e-05, 1.23784348034e-05, 8.75556543178e-06, 6.75954652252e-06, 6.22168454356e-06, 4.56644602309e-06, 3.70249972548e-06, 3.08327821585e-06, 2.30798968914e-06, 1.85532712749e-06],
        "median": [0.00397790875286, 0.00412756204605, 0.00157669594046, 0.000668070861138, 0.000200235750526, 0.000140427146107, 0.000103591708466, 5.43222013221e-05, 2.89173294732e-05, 2.54508158832e-05, 2.30316818488e-05, 2.58995023614e-05, 2.21883492486e-05, 1.15836974146e-05, 1.38537179737e-05, 1.28078336274e-05, 1.38969589898e-05, 1.32734912768e-05, 1.54193912749e-05, 1.62949399964e-05, 1.56096430146e-05, 1.6626669094e-05, 1.38481100294e-05, 1.56592195708e-05, 1.48797198563e-05, 1.61917050718e-05, 1.45728772623e-05, 1.50953546836e-05, 1.44675041156e-05, 1.10412975118e-05, 7.88365832705e-06, 6.37468292553e-06, 4.46657395514e-06, 3.642971933e-06, 3.28108740177e-06, 2.39771406996e-06, 2.01648936127e-06, 1.90883861251e-06, 1.34743697799e-06, 1.1740564787e-06],
        "min": [8.0054008953e-25, 6.20813564367e-25, 6.57838356523e-25, 1.13080893485e-24, 1.95340636415e-24, 1.70018674674e-24, 1.11411821581e-24, 1.17477195588e-24, 1.65115243477e-24, 2.84852131127e-24, 2.02647795815e-24, 2.83169904969e-24, 2.39874220819e-24, 2.51020174599e-24, 2.69380892447e-24, 3.2633777393e-24, 3.78406518258e-24, 2.86064590617e-24, 3.47221505611e-24, 2.91626040278e-24, 3.29012249057e-24, 3.9268655725e-24, 2.0273865287e-24, 4.58632962344e-24, 4.48522487109e-24, 3.98365566907e-24, 3.98584436365e-24, 4.21509483689e-24, 3.4378810685e-24, 4.80614019265e-24, 4.26178238627e-24, 5.31121509254e-24, 5.33974740262e-24, 4.62029047984e-24, 5.94005753529e-24, 5.04952310901e-24, 5.56414598686e-24, 5.48349679221e-24, 5.98469404632e-24, 6.20893051964e-24],
        "var": [8.25444149086e-05, 4.47196616733e-05, 1.2904130017e-05, 4.29176316175e-06, 1.79862396976e-07, 6.54789147347e-08, 6.40328750023e-08, 1.51831454076e-08, 8.27058155295e-09, 2.92175439398e-09, 2.5766591083e-09, 3.16568860015e-09, 3.6346818888e-09, 1.92672500177e-09, 1.17134624222e-09, 1.04997477379e-09, 7.41268102455e-10, 1.13810538771e-09, 1.35462163708e-09, 8.68022542733e-10, 1.1735533656e-09, 1.03420205733e-09, 4.73211969609e-10, 6.08344874475e-10, 4.20462692441e-10, 4.30119051487e-10, 4.8381726403e-10, 6.32895680308e-10, 3.15547227236e-10, 3.81065290433e-10, 1.88378285193e-10, 6.38389785479e-10, 1.81701154123e-10, 7.95514695784e-11, 7.06071243139e-11, 3.05527755873e-11, 1.94527345621e-11, 1.27349216242e-11, 7.55241962719e-12, 4.70726409241e-12]
    },
    "mfcc": {
        "mean": [-627.407043457, 85.4091110229, 20.0034637451, 47.6130714417, 12.9187631607, 15.8381719589, 7.80183553696, 6.32746171951, 3.73161840439, 3.49577832222, -1.95868098736, 1.08312916756, 0.227456852794],
        "cov": [[16486.1015625, 462.02911377, 65.6104354858, 801.240600586, 260.763183594, 181.909042358, 76.0289459229, 21.8351535797, 85.7767105103, 26.2797451019, -57.3158340454, -13.1370363235, 12.5471639633], [462.02911377, 1187.5871582, -7.95168304443, 292.09753418, -41.0140800476, 60.2712097168, 50.2576141357, 30.9937152863, 37.6278991699, 17.416513443, 22.6200866699, 16.5558929443, 8.67187690735], [65.6104354858, -7.95168304443, 345.267120361, 32.4193077087, 65.0551986694, 43.0413284302, 17.2742118835, 37.1818199158, 7.53032493591, 17.0223026276, 8.60868835449, 0.314547687769, -3.28040289879], [801.240600586, 292.09753418, 32.4193077087, 324.198394775, 59.2912559509, 68.6972885132, 52.98695755, 25.1886520386, 47.8268318176, 17.9881057739, 11.3390769958, 7.81215953827, 12.904750824], [260.763183594, -41.0140800476, 65.0551986694, 59.2912559509, 163.892059326, 48.5648002625, 43.6545753479, 17.5343723297, 19.2793941498, 17.5177268982, 2.81200575829, 14.569647789, 21.9929714203], [181.909042358, 60.2712097168, 43.0413284302, 68.6972885132, 48.5648002625, 104.185272217, 32.5331306458, 38.2389831543, 6.284927845, 18.7324333191, 9.74252510071, 11.1310329437, 5.10961914062], [76.0289459229, 50.2576141357, 17.2742118835, 52.98695755, 43.6545753479, 32.5331306458, 89.5046691895, 27.3273735046, 30.6344146729, 7.78444290161, 13.6047964096, 12.4587955475, 15.2087335587], [21.8351535797, 30.9937152863, 37.1818199158, 25.1886520386, 17.5343723297, 38.2389831543, 27.3273735046, 77.1982574463, 21.0336551666, 20.6628646851, 10.2063045502, 17.1228504181, 7.22000551224], [85.7767105103, 37.6278991699, 7.53032493591, 47.8268318176, 19.2793941498, 6.284927845, 30.6344146729, 21.0336551666, 73.9743041992, 24.6914024353, 19.5464439392, 10.5774316788, 18.6900997162], [26.2797451019, 17.416513443, 17.0223026276, 17.9881057739, 17.5177268982, 18.7324333191, 7.78444290161, 20.6628646851, 24.6914024353, 70.5308151245, 26.557636261, 20.1009178162, 12.7316360474], [-57.3158340454, 22.6200866699, 8.60868835449, 11.3390769958, 2.81200575829, 9.74252510071, 13.6047964096, 10.2063045502, 19.5464439392, 26.557636261, 64.2883300781, 31.2472476959, 19.2455425262], [-13.1370363235, 16.5558929443, 0.314547687769, 7.81215953827, 14.569647789, 11.1310329437, 12.4587955475, 17.1228504181, 10.5774316788, 20.1009178162, 31.2472476959, 62.8324394226, 34.9701461792], [12.5471639633, 8.67187690735, -3.28040289879, 12.904750824, 21.9929714203, 5.10961914062, 15.2087335587, 7.22000551224, 18.6900997162, 12.7316360474, 19.2455425262, 34.9701461792, 67.2681274414]],
