{
"lowlevel": {
    "average_loudness": 0.889606654644,
    "barkbands_crest": {
        "dmean": 3.38967490196,
        "dmean2": 5.10060882568,
        "dvar": 8.77991962433,
        "dvar2": 18.6926307678,
        "max": 26.4658546448,
        "mean": 12.0049057007,
        "median": 11.1159744263,
        "min": 1.87824082375,
        "var": 32.8198928833
    },
    "barkbands_flatness_db": {
        "dmean": 0.0354147329926,
        "dmean2": 0.0523743107915,
        "dvar": 0.00119272607844,
        "dvar2": 0.00234396243468,
        "max": 0.388313174248,
        "mean": 0.133015885949,
        "median": 0.118232354522,
        "min": 0.00817922502756,
        "var": 0.00508379517123
    },
    "barkbands_kurtosis": {
        "dmean": 7.0391125679,
        "dmean2": 10.6122512817,
        "dvar": 194.770095825,
        "dvar2": 425.654388428,
        "max": 262.796447754,
        "mean": 10.366109848,
        "median": 3.46463418007,
        "min": -1.91851568222,
        "var": 375.897979736
    },
    "barkbands_skewness": {
        "dmean": 0.855109632015,
        "dmean2": 1.28601157665,
        "dvar": 0.90202498436,
        "dvar2": 1.79507267475,
        "max": 14.4669437408,
        "mean": 2.27849268913,
        "median": 1.80273509026,
        "min": -3.33965110779,
        "var": 3.61587381363
    },
    "barkbands_spread": {
        "dmean": 7.36630058289,
        "dmean2": 11.3339042664,
        "dvar": 71.0506439209,
        "dvar2": 153.978134155,
        "max": 87.9541091919,
        "mean": 20.316991806,
        "median": 17.4703845978,
        "min": 0.527202308178,
        "var": 209.31086731
    },
    "dissonance": {
        "dmean": 0.0155990701169,
        "dmean2": 0.0265162959695,
        "dvar": 0.00038712535752,
        "dvar2": 0.00109959859401,
        "max": 0.500000178814,
        "mean": 0.474374204874,
        "median": 0.47911298275,
        "min": 0,
        "var": 0.000457140558865
    },
    "dynamic_complexity": 4.49381256104,
    "erbbands_crest": {
        "dmean": 2.34786128998,
        "dmean2": 3.87305855751,
        "dvar": 5.16270780563,
        "dvar2": 13.5562362671,
        "max": 25.6727561951,
        "mean": 6.79488801956,
        "median": 5.9859161377,
        "min": 2.14279103279,
        "var": 10.5794878006
    },
    "erbbands_flatness_db": {
        "dmean": 0.0169059280306,
        "dmean2": 0.0262631680816,
        "dvar": 0.000281093467493,
        "dvar2": 0.000648338347673,
        "max": 0.419039696455,
        "mean": 0.124481640756,
        "median": 0.115924656391,
        "min": 0.0539547093213,
        "var": 0.00206505763344
    },
    "erbbands_kurtosis": {
        "dmean": 0.701752185822,
        "dmean2": 1.1265155077,
        "dvar": 0.796139836311,
        "dvar2": 1.95472025871,
        "max": 17.6043777466,
        "mean": 0.142860859632,
        "median": -0.201534986496,
        "min": -1.78597199917,
        "var": 1.76306939125
    },
    "erbbands_skewness": {
        "dmean": 0.333788007498,
        "dmean2": 0.52178800106,
        "dvar": 0.102655112743,
        "dvar2": 0.251480787992,
        "max": 2.75802564621,
        "mean": 0.327609866858,
        "median": 0.311781644821,
        "min": -3.21831822395,
        "var": 0.28467977047
    },
    "erbbands_spread": {
        "dmean": 8.29392623901,
        "dmean2": 12.8373117447,
        "dvar": 64.8791427612,
        "dvar2": 152.873001099,
        "max": 115.282119751,
        "mean": 40.8383789062,
        "median": 40.5221481323,
        "min": 5.18496990204,
        "var": 213.487930298
    },
    "hfc": {
        "dmean": 8.47663116455,
        "dmean2": 12.3507976532,
        "dvar": 149.516845703,
        "dvar2": 319.882080078,
        "max": 114.904754639,
        "mean": 15.2229309082,
        "median": 10.491153717,
        "min": 1.13440793285e-16,
        "var": 278.908813477
    },
    "melbands_crest": {
        "dmean": 4.47393751144,
        "dmean2": 7.12988996506,
        "dvar": 16.7631435394,
        "dvar2": 38.8155288696,
        "max": 36.4341506958,
        "mean": 18.3575706482,
        "median": 17.8751068115,
        "min": 2.09360146523,
        "var": 59.3391952515
    },
    "melbands_flatness_db": {
        "dmean": 0.0453150942922,
        "dmean2": 0.0670013204217,
        "dvar": 0.00194068346173,
        "dvar2": 0.00380044267513,
        "max": 0.504109382629,
        "mean": 0.213686138391,
        "median": 0.202878072858,
        "min": 0.00541198300198,
        "var": 0.00777405779809
    },
    "melbands_kurtosis": {
        "dmean": 14.0732793808,
        "dmean2": 20.9000301361,
        "dvar": 596.840087891,
        "dvar2": 1189.27734375,
        "max": 505.735443115,
        "mean": 25.2402229309,
        "median": 10.9871330261,
        "min": -1.71521866322,
        "var": 1488.56933594
    },
    "melbands_skewness": {
        "dmean": 1.04705429077,
        "dmean2": 1.58063614368,
        "dvar": 1.30268251896,
        "dvar2": 2.61649608612,
        "max": 17.0030231476,
        "mean": 3.50501799583,
        "median": 2.88983035088,
        "min": -1.74657595158,
        "var": 5.44012975693
    },
    "melbands_spread": {
        "dmean": 8.54676532745,
        "dmean2": 13.4558458328,
        "dvar": 140.263031006,
        "dvar2": 297.997589111,
        "max": 168.877120972,
        "mean": 20.0176448822,
        "median": 15.2608366013,
        "min": 0.508692264557,
        "var": 369.437683105
    },
    "pitch_salience": {
        "dmean": 0.106088101864,
        "dmean2": 0.162517622113,
        "dvar": 0.00943164713681,
        "dvar2": 0.0210877042264,
        "max": 0.978408157825,
        "mean": 0.514458477497,
        "median": 0.546663403511,
        "min": 0.0442212671041,
        "var": 0.0324925109744
    },
    "silence_rate_20dB": {
        "dmean": 0,
        "dmean2": 0,
        "dvar": 0,
        "dvar2": 0,
        "max": 1,
        "mean": 1,
        "median": 1,
        "min": 1,
        "var": 0
    },
    "silence_rate_30dB": {
        "dmean": 0.0898656919599,
        "dmean2": 0.179775282741,
        "dvar": 0.0817909985781,
        "dvar2": 0.168468594551,
        "max": 1,
        "mean": 0.90234375,
        "median": 1,
        "min": 0,
        "var": 0.0881164669991
    },
    "silence_rate_60dB": {
        "dmean": 0.040048841387,
        "dmean2": 0.0801172479987,
        "dvar": 0.0384433567524,
        "dvar2": 0.0912775471807,
        "max": 1,
        "mean": 0.1240234375,
        "median": 0,
        "min": 0,
        "var": 0.108640678227
    },
    "spectral_centroid": {
        "dmean": 351.736938477,
        "dmean2": 533.343566895,
        "dvar": 169248.890625,
        "dvar2": 331035.84375,
        "max": 11205.5810547,
        "mean": 1350.25732422,
        "median": 1191.46875,
        "min": 219.654373169,
        "var": 724779.75
    },
    "spectral_complexity": {
        "dmean": 6.14261293411,
        "dmean2": 9.12848091125,
        "dvar": 46.8292541504,
        "dvar2": 94.7657089233,
        "max": 60,
        "mean": 17.5942382812,
        "median": 16,
        "min": 0,
        "var": 143.942687988
    },
    "spectral_decrease": {
        "dmean": 4.40891234632e-09,
        "dmean2": 6.70153887938e-09,
        "dvar": 4.67048937858e-17,
        "dvar2": 1.01781656081e-16,
        "max": 2.42527166914e-29,
        "mean": -9.79871117579e-09,
        "median": -5.7937610265e-09,
        "min": -5.80436001485e-08,
        "var": 1.17754533562e-16
    },
    "spectral_energy": {
        "dmean": 0.0171668790281,
        "dmean2": 0.026061501354,
        "dvar": 0.000685043167323,
        "dvar2": 0.00149940419942,
        "max": 0.223562628031,
        "mean": 0.038363378495,
        "median": 0.0232375077903,
        "min": 1.02300213242e-20,
        "var": 0.00173598038964
    },
    "spectral_energyband_high": {
        "dmean": 0.000504740688484,
        "dmean2": 0.00073572533438,
        "dvar": 7.90034960119e-07,
        "dvar2": 1.52858376623e-06,
        "max": 0.00996805075556,
        "mean": 0.000694857444614,
        "median": 0.000241457979428,
        "min": 7.68725358095e-21,
        "var": 1.44356965848e-06
    },
    "spectral_energyband_low": {
        "dmean": 0.0135782193393,
        "dmean2": 0.0192044172436,
        "dvar": 0.000488932302687,
        "dvar2": 0.000937629141845,
        "max": 0.194425329566,
        "mean": 0.0256661511958,
        "median": 0.0101399123669,
        "min": 2.76940664831e-23,
        "var": 0.00121148373
    },
    "spectral_energyband_middle_high": {
        "dmean": 0.00196305522695,
        "dmean2": 0.0030794213526,
        "dvar": 8.77266302268e-06,
        "dvar2": 2.12462709896e-05,
        "max": 0.0388028770685,
        "mean": 0.0034747668542,
        "median": 0.00205647945404,
        "min": 1.23919309604e-21,
        "var": 1.68043643498e-05
    },
    "spectral_energyband_middle_low": {
        "dmean": 0.00969740562141,
        "dmean2": 0.0169386193156,
        "dvar": 0.000505600997712,
        "dvar2": 0.00137198274024,
        "max": 0.168240875006,
        "mean": 0.0109171504155,
        "median": 0.0050990334712,
        "min": 2.24655039763e-22,
        "var": 0.00037659460213
    },
    "spectral_entropy": {
        "dmean": 0.209476515651,
        "dmean2": 0.321625977755,
        "dvar": 0.0530182123184,
        "dvar2": 0.119311749935,
        "max": 9.81888389587,
        "mean": 7.78264474869,
        "median": 7.84063911438,
        "min": 5.97777366638,
        "var": 0.144977852702
    },
    "spectral_flux": {
        "dmean": 0.040178347379,
        "dmean2": 0.056558072567,
        "dvar": 0.00261728721671,
        "dvar2": 0.00444664759561,
        "max": 0.437315881252,
        "mean": 0.106827951968,
        "median": 0.0780464410782,
        "min": 6.25888507688e-11,
        "var": 0.00782617554069
    },
    "spectral_kurtosis": {
        "dmean": 1.39064693451,
        "dmean2": 2.3129658699,
        "dvar": 4.6568775177,
        "dvar2": 11.0931015015,
        "max": 50.3341560364,
        "mean": 4.14786529541,
        "median": 3.48200893402,
        "min": -1.21914517879,
        "var": 8.12009525299
    },
    "spectral_rms": {
        "dmean": 0.00123697600793,
        "dmean2": 0.00182230817154,
        "dvar": 2.25685425903e-06,
        "dvar2": 4.68474036097e-06,
        "max": 0.0147685436532,
        "mean": 0.0052028647624,
        "median": 0.00476138014346,
        "min": 3.15919426036e-12,
        "var": 1.03579204733e-05
    },
    "spectral_rolloff": {
        "dmean": 553.222839355,
        "dmean2": 878.541931152,
        "dvar": 714778.3125,
        "dvar2": 1405104,
        "max": 18755.4199219,
        "mean": 1177.47045898,
        "median": 710.595703125,
        "min": 64.599609375,
        "var": 2375077.75
    },
    "spectral_skewness": {
        "dmean": 0.215892419219,
        "dmean2": 0.347870707512,
        "dvar": 0.0605726949871,
        "dvar2": 0.13514533639,
        "max": 4.94813632965,
        "mean": 1.54999125004,
        "median": 1.49544382095,
        "min": -0.027299951762,
        "var": 0.16869468987
    },
    "spectral_spread": {
        "dmean": 552976.75,
        "dmean2": 843709.625,
        "dvar": 756746551296,
        "dvar2": 1.35104063078e+12,
        "max": 41079708,
        "mean": 4757461.5,
        "median": 4765234.5,
        "min": 982857,
        "var": 2.90503550566e+12
    },
    "spectral_strongpeak": {
        "dmean": 0.243426531553,
        "dmean2": 0.407031208277,
        "dvar": 0.176498070359,
        "dvar2": 0.482544034719,
        "max": 8.05509185791,
        "mean": 0.383440226316,
        "median": 0.208209484816,
        "min": 0,
        "var": 0.20362405479
    },
    "zerocrossingrate": {
        "dmean": 0.013863729313,
        "dmean2": 0.0164139550179,
        "dvar": 0.000257426785538,
        "dvar2": 0.000304939516354,
        "max": 0.70068359375,
        "mean": 0.0522983074188,
        "median": 0.0419921875,
        "min": 0.00244140625,
        "var": 0.00223342771642
    },
    "barkbands": {
        "dmean": [0.000931371818297, 0.0104014500976, 0.00557896262035, 0.0058437907137, 0.00333263236098, 0.000961695099249, 0.00051964254817, 0.000361915241228, 0.000516272324603, 0.000375088566216, 0.000448568665888, 0.000308651011437, 0.000282692839392, 0.000252502242802, 0.000215345193283, 0.000205126852961, 0.00016977362975, 0.000153751112521, 0.000166243844433, 0.000124249199871, 0.000132350600325, 0.000110113200208, 8.62409797264e-05, 7.01150784153e-05, 5.09173441969e-05, 2.90417938231e-05, 2.95437644127e-06],
        "dmean2": [0.00143006071448, 0.0151373296976, 0.0088978651911, 0.0108924498782, 0.00600322661921, 0.00157956173643, 0.000854746962432, 0.000580050691497, 0.000794457679149, 0.000617277109995, 0.000740744289942, 0.000524373666849, 0.000473282911116, 0.00042700447375, 0.000358018965926, 0.00033263314981, 0.00027782577672, 0.000250803452218, 0.000265265261987, 0.000198901965632, 0.000208007899346, 0.000169635080965, 0.000129319858388, 0.000104685022961, 7.16778013157e-05, 4.05497303291e-05, 4.67896234113e-06],
        "dvar": [1.62327592079e-06, 0.000360097852536, 0.000184945616638, 0.000297237857012, 6.17226323811e-05, 2.77665662907e-06, 7.14311511274e-07, 4.12464714827e-07, 8.874917512e-07, 3.96607617859e-07, 7.0392775342e-07, 3.20492290484e-07, 2.47737858672e-07, 2.06728046237e-07, 1.32733276814e-07, 1.17284074008e-07, 8.28266735198e-08, 8.14810263705e-08, 9.81434027381e-08, 5.23049585865e-08, 5.82767682999e-08, 4.28750439596e-08, 2.68969309047e-08, 1.8005620106e-08, 8.47817194227e-09, 2.85654455645e-09, 3.58592669447e-11],
        "dvar2": [3.89566321246e-06, 0.000707579951268, 0.000421342410846, 0.000845567090437, 0.000173856562469, 7.02911802364e-06, 1.69937641203e-06, 9.58693703978e-07, 1.98963016373e-06, 9.97317215479e-07, 1.87792488759e-06, 8.84783219135e-07, 6.50246761325e-07, 5.42216980648e-07, 3.34756407483e-07, 2.88489786726e-07, 2.00877636303e-07, 1.98499108706e-07, 2.30918274724e-07, 1.23723779666e-07, 1.27523108517e-07, 9.17240825515e-08, 5.32329345049e-08, 3.74709472339e-08, 1.54225148208e-08, 5.02008967729e-09, 8.30260790674e-11],
        "max": [0.0150244571269, 0.1570392102, 0.109363488853, 0.107423260808, 0.0680225789547, 0.0185508113354, 0.0109732439741, 0.0115977209061, 0.024223940447, 0.0133320819587, 0.0142947658896, 0.0106971859932, 0.0063810935244, 0.00655540218577, 0.00361568387598, 0.00396463088691, 0.00324126938358, 0.00415076455101, 0.00382777163759, 0.00486257346347, 0.00348442653194, 0.00226265075617, 0.0021737110801, 0.00137463922147, 0.000954262621235, 0.000518152897712, 8.29941636766e-05],
        "mean": [0.00136236660182, 0.0167260263115, 0.00528677226976, 0.0040141697973, 0.00310911983252, 0.0013787986245, 0.000717412098311, 0.000562191708013, 0.000939456571359, 0.000575386278797, 0.00072554073995, 0.000401791970944, 0.000367240107153, 0.000312693329761, 0.000237229731283, 0.000252213591011, 0.000217635257286, 0.000196317967493, 0.00020212684467, 0.000176023168024, 0.000172879037564, 0.000139304727782, 0.00010879686306, 8.56932456372e-05, 5.91022035223e-05, 3.38744648616e-05, 3.21286665894e-06],
        "median": [0.00066853169119, 0.00549754872918, 0.000675600778777, 0.000406050006859, 0.000982098048553, 0.00068116246257, 0.000353754265234, 0.000291948963422, 0.000381006713724, 0.000251878576819, 0.000274222664302, 0.000194473948795, 0.000153029250214, 0.00014920043759, 0.000103205675259, 0.000117696792586, 0.000109264699859, 8.35325481603e-05, 8.26702016639e-05, 7.48806996853e-05, 6.3643194153e-05, 5.35847138963e-05, 3.37587043759e-05, 2.29563083849e-05, 1.39322510222e-05, 8.26662562758e-06, 7.18830222013e-07],
        "min": [6.76747796156e-25, 1.70874434928e-23, 1.31135898149e-24, 5.45721273571e-24, 3.07194111634e-23, 9.21939057805e-24, 3.15210610817e-23, 2.12448635256e-23, 1.83545387e-23, 1.81793405816e-23, 3.64816519565e-23, 2.47610074845e-23, 3.35105872173e-23, 3.84170369905e-23, 8.34759230824e-23, 1.12694131943e-22, 1.04428226497e-22, 1.13584711729e-22, 1.96191133389e-22, 3.18352732155e-22, 3.48273708797e-22, 4.40736865426e-22, 5.6170319477e-22, 6.55867892817e-22, 9.82141167113e-22, 1.38467883791e-21, 2.10977322578e-21],
        "var": [3.3463309137e-06, 0.000677933974657, 0.000172795320395, 0.000173038512003, 4.11738437833e-05, 3.84522081731e-06, 1.07809341898e-06, 7.3199197459e-07, 2.44541456595e-06, 7.81764811109e-07, 2.04859998121e-06, 3.80726845606e-07, 3.07142613565e-07, 2.23856034154e-07, 1.36361947511e-07, 1.40086541478e-07, 9.97426781169e-08, 1.01775164296e-07, 1.20049122643e-07, 9.06698431891e-08, 9.20326996834e-08, 6.03328444981e-08, 4.23650163839e-08, 2.7922535395e-08, 1.42718086238e-08, 4.73929651079e-09, 4.20677312429e-11]
    },
    "erbbands": {
        "dmean": [0.34844648838, 2.46470212936, 6.05348491669, 14.8607091904, 13.3689260483, 10.7487449646, 10.4250850677, 7.64493656158, 7.11770915985, 8.27666664124, 6.97255086899, 10.7924518585, 13.4093923569, 12.8118038177, 15.8841676712, 12.0567140579, 12.5078268051, 13.1673879623, 11.1577157974, 10.3812017441, 10.7158021927, 9.40369129181, 8.75069046021, 8.29667854309, 7.95353126526, 5.32048797607, 5.66260290146, 5.02261304855, 4.15005207062, 3.00327253342, 2.39818835258, 1.68667221069, 1.07549154758, 0.602807700634, 0.346172869205, 0.150766327977, 0.0482723675668, 0.00894080754369, 0.000453170359833, 2.5905575967e-05],
        "dmean2": [0.496023803949, 3.50468206406, 9.06746292114, 26.7258338928, 24.4595489502, 19.0116882324, 17.6222190857, 12.6162700653, 11.8537025452, 13.3890609741, 11.1170225143, 16.6119403839, 21.4792137146, 21.2429904938, 26.4559402466, 20.3681297302, 20.7136611938, 22.2297534943, 18.3284072876, 16.7663784027, 17.3173370361, 15.2790050507, 14.0403814316, 13.2713184357, 12.7797079086, 8.48379993439, 8.79687786102, 7.99167442322, 6.39593029022, 4.64800977707, 3.60402607918, 2.54550743103, 1.59033715725, 0.869055628777, 0.486271053553, 0.212662830949, 0.06763009727, 0.0124619482085, 0.000712339300662, 3.81899590138e-05],
        "dvar": [0.313705325127, 24.5116596222, 187.084365845, 1743.22387695, 1392.73022461, 579.330383301, 458.883239746, 166.380615234, 142.103485107, 181.332611084, 121.82207489, 287.372192383, 530.882202148, 547.152648926, 835.380981445, 494.923950195, 476.77041626, 498.777282715, 337.223510742, 273.27633667, 341.530029297, 252.775268555, 267.31539917, 225.112579346, 248.000396729, 88.7344512939, 103.765701294, 91.2062301636, 60.8101234436, 30.9572315216, 22.4094848633, 10.7763319016, 4.16095066071, 1.10211467743, 0.427479922771, 0.0813529938459, 0.00804273784161, 0.000256577041, 9.52072980454e-07, 1.08150377542e-09],
        "dvar2": [0.714026391506, 48.2578811646, 415.439025879, 4815.87304688, 3908.14819336, 1629.38037109, 1219.07116699, 428.543670654, 349.092376709, 428.709472656, 294.356079102, 651.847106934, 1250.46655273, 1468.99902344, 2218.57885742, 1370.54187012, 1225.65588379, 1336.07800293, 813.007019043, 667.663574219, 843.272888184, 613.596801758, 645.751037598, 528.79876709, 585.502807617, 203.19128418, 227.242538452, 212.764480591, 132.066375732, 63.4485092163, 44.1185379028, 22.4499473572, 8.65053844452, 2.09760499001, 0.772354602814, 0.143154278398, 0.0149331558496, 0.000477033259813, 2.25234612117e-06, 2.3217023859e-09],
        "max": [5.37846374512, 38.9688110352, 108.645332336, 259.040496826, 299.542724609, 257.788238525, 270.149780273, 186.747894287, 165.071411133, 245.447341919, 167.88053894, 319.926818848, 410.10067749, 469.997833252, 520.119445801, 396.641937256, 276.454345703, 318.699829102, 184.831619263, 160.771148682, 228.457229614, 179.185943604, 223.559860229, 166.339920044, 178.302581787, 128.764846802, 227.295928955, 159.512252808, 81.9200439453, 79.0454711914, 52.3970031738, 35.1057777405, 24.1214256287, 10.4572305679, 7.24779462814, 3.03515291214, 0.877962648869, 0.188508659601, 0.013609345071, 0.000294657511404],
        "mean": [0.587276875973, 3.2734131813, 6.08207273483, 11.2469100952, 10.4212760925, 10.6150245667, 11.9841079712, 10.7842483521, 10.109454155, 12.5602149963, 11.9253883362, 19.7836303711, 22.7148590088, 20.9095668793, 26.1148147583, 16.2203407288, 16.7581100464, 17.0964126587, 13.379817009, 12.5456399918, 13.7359876633, 12.3337440491, 11.2161388397, 10.5553646088, 9.66467380524, 7.74101257324, 7.67619228363, 6.45708274841, 5.29694890976, 3.8372502327, 2.95533943176, 2.07888841629, 1.27349710464, 0.699763953686, 0.397132605314, 0.175463348627, 0.0555013567209, 0.0106754461303, 0.000488999357913, 5.37977539352e-05],
        "median": [0.220930606127, 0.837980747223, 1.18491983414, 1.53566968441, 1.86135017872, 3.97556591034, 4.21682834625, 5.71920204163, 5.45469760895, 6.94132232666, 6.14656257629, 9.51293182373, 9.75036907196, 8.67728614807, 11.2976713181, 8.05088806152, 7.44851732254, 8.52814483643, 6.33130550385, 6.03010654449, 6.70986652374, 6.24799489975, 4.92706155777, 4.51403665543, 3.97291278839, 3.47118973732, 2.9948425293, 2.2231388092, 2.08450746536, 1.34721851349, 0.867068648338, 0.550799190998, 0.34437328577, 0.180267125368, 0.0883374214172, 0.0405046492815, 0.0133083704859, 0.00285793794319, 0.000114291513455, 3.54003605025e-05],
        "min": [8.71503942649e-22, 2.39824236698e-21, 6.29168275751e-21, 1.27346822138e-20, 5.93458468654e-20, 9.02136229994e-20, 9.8045737393e-20, 9.13838444593e-20, 4.35626449494e-19, 4.22713074457e-19, 5.98659612325e-19, 5.32030058887e-19, 8.70559101249e-19, 1.86002293401e-18, 1.43636149698e-18, 1.49138637851e-18, 1.5761721845e-18, 2.12457183752e-18, 4.35346355799e-18, 5.29196820533e-18, 5.97695812494e-18, 5.87585804253e-18, 5.67420174894e-18, 5.76447031483e-18, 1.4892773161e-17, 1.37570823041e-17, 1.53650552405e-17, 1.16163107547e-17, 1.3306313538e-17, 1.58409636797e-17, 1.63252961264e-17, 1.42543386206e-17, 1.02437906438e-17, 8.97724891297e-18, 7.90118206181e-18, 5.4668010996e-18, 2.85058681359e-18, 9.82020551417e-19, 3.06341531872e-19, 3.10137864368e-20],
        "var": [0.678191781044, 37.9367980957, 197.91104126, 1113.89709473, 862.044677734, 411.087799072, 433.280426025, 228.76171875, 206.194152832, 305.651519775, 258.673492432, 805.875915527, 1192.94848633, 1365.19311523, 2147.39379883, 568.827270508, 594.815429688, 589.915405273, 394.079559326, 317.595092773, 402.022857666, 311.245849609, 332.437316895, 294.0418396, 291.092071533, 154.894256592, 186.936065674, 137.21824646, 84.8675765991, 47.1953353882, 34.0399398804, 16.8005008698, 6.2148141861, 1.78548157215, 0.707939088345, 0.134581103921, 0.0126373721287, 0.00041327092913, 1.05175467979e-06, 2.71201794355e-09]
    },
    "gfcc": {
        "mean": [-23.1183223724, 87.4771957397, -104.74508667, 35.5543441772, -51.6599731445, 21.0608940125, -27.2769412994, 12.5678091049, -19.7475547791, 7.03890895844, -13.3763494492, 6.4816327095, -7.65200185776],
        "cov": [[20351.796875, 1671.8203125, 909.730224609, -22.2751102448, -114.259384155, 427.555633545, -347.497528076, 174.94631958, -418.859649658, 174.165435791, -421.043151855, 257.804199219, -334.009796143], [1671.8203125, 1945.28540039, 694.154418945, -197.34602356, 170.359375, 38.0939674377, 111.686424255, -31.4768886566, 73.5842590332, -59.1332893372, 30.8647899628, -25.0244884491, 42.5685501099], [909.730224609, 694.154418945, 802.946594238, -64.8863830566, 142.382904053, 50.5182609558, 32.2029304504, 3.79072451591, -16.7551727295, 32.2169837952, -38.233379364, 14.1964454651, -51.3273849487], [-22.2751102448, -197.34602356, -64.8863830566, 233.990631104, 4.20800685883, 27.2124710083, 13.7333221436, 3.40202498436, 11.5787658691, -8.60160541534, 22.9990634918, -25.8820266724, 16.8317089081], [-114.259384155, 170.359375, 142.382904053, 4.20800685883, 150.408218384, 33.3363037109, 67.8914337158, 9.96160697937, 37.0083847046, -3.20237827301, 10.6723947525, -0.899981617928, -0.158974483609], [427.555633545, 38.0939674377, 50.5182609558, 27.2124710083, 33.3363037109, 89.1308517456, 35.1969070435, 35.2349853516, 16.2974452972, 22.4324588776, 8.81610202789, 10.0834674835, 2.49924945831], [-347.497528076, 111.686424255, 32.2029304504, 13.7333221436, 67.8914337158, 35.1969070435, 146.295028687, 56.594493866, 75.8161621094, 15.6117353439, 41.1736183167, 8.42594623566, 32.3843917847], [174.94631958, -31.4768886566, 3.79072451591, 3.40202498436, 9.96160697937, 35.2349853516, 56.594493866, 91.7358016968, 45.9175224304, 40.5577964783, 15.7196760178, 27.8998756409, 9.21213626862], [-418.859649658, 73.5842590332, -16.7551727295, 11.5787658691, 37.0083847046, 16.2974452972, 75.8161621094, 45.9175224304, 105.794410706, 30.4746761322, 50.9936561584, 5.36524820328, 32.3039093018], [174.165435791, -59.1332893372, 32.2169837952, -8.60160541534, -3.20237827301, 22.4324588776, 15.6117353439, 40.5577964783, 30.4746761322, 91.4110107422, 30.498041153, 39.7838020325, -2.78504753113], [-421.043151855, 30.8647899628, -38.233379364, 22.9990634918, 10.6723947525, 8.81610202789, 41.1736183167, 15.7196760178, 50.9936561584, 30.498041153, 87.0710601807, 26.5612831116, 39.2129745483], [257.804199219, -25.0244884491, 14.1964454651, -25.8820266724, -0.899981617928, 10.0834674835, 8.42594623566, 27.8998756409, 5.36524820328, 39.7838020325, 26.5612831116, 72.3347473145, 16.6622257233], [-334.009796143, 42.5685501099, -51.3273849487, 16.8317089081, -0.158974483609, 2.49924945831, 32.3843917847, 9.21213626862, 32.3039093018, -2.78504753113, 39.2129745483, 16.6622257233, 67.2382736206]],
        "icov": [[0.000129232881591, -0.000296951708151, 0.000188505364349, -0.000385075865779, 0.000132073415443, -0.000499855726957, 0.000252609344898, -0.000279321131529, 0.000334029959049, -0.000315314653562, 0.000797091983259, -0.000866604328621, 0.000582111882977], [-0.000296951708151, 0.00182899204083, -0.00152501359116, 0.00195006211288, -0.000116881717986, 0.000566137663554, -0.000728908344172, 0.00119640026242, -0.00167670671362, 0.00214512529783, -0.00274646747857, 0.00271309539676, -0.00229572225362], [0.000188505364349, -0.00152501359116, 0.00306331110187, -0.00120101904031, -0.00172022206243, -0.000632620183751, 0.000284595240373, -0.000528022355866, 0.00204715435393, -0.00287372781895, 0.0027637174353, -0.00210998766124, 0.00230421661399], [-0.000385075865779, 0.00195006211288, -0.00120101904031, 0.00732853682712, -0.000572935678065, -0.000888069858775, -0.00048047475866, 0.000526198244188, -0.00060759257758, 0.00219144788571, -0.00544009171426, 0.00658369623125, -0.00378404185176], [0.000132073415443, -0.000116881717986, -0.00172022206243, -0.000572935678065, 0.0120682017878, -0.00352284195833, -0.00451138243079, 0.00368380360305, -0.00401460938156, 0.00320923677646, 0.000999398995191, -0.00331661757082, 0.00368870608509], [-0.000499855726957, 0.000566137663554, -0.000632620183751, -0.000888069858775, -0.00352284195833, 0.0180354453623, -0.0020622392185, -0.0045735030435, 0.0021253451705, -0.0023313940037, -0.00267417216673, 0.00395855028182, -0.00270001613535], [0.000252609344898, -0.000728908344172, 0.000284595240373, -0.00048047475866, -0.00451138243079, -0.0020622392185, 0.016274927184, -0.00780774652958, -0.00402943370864, 0.00141474674456, -0.00109245313797, 0.000374813069357, -0.0021103117615], [-0.000279321131529, 0.00119640026242, -0.000528022355866, 0.000526198244188, 0.00368380360305, -0.0045735030435, -0.00780774652958, 0.0248911455274, -0.00947024021298, -0.00274654966779, 0.00506269047037, -0.00614978605881, 0.000856700993609], [0.000334029959049, -0.00167670671362, 0.00204715435393, -0.00060759257758, -0.00401460938156, 0.0021253451705, -0.00402943370864, -0.00947024021298, 0.0264043677598, -0.0082892421633, -0.00583394942805, 0.00699864048511, -0.00377565599047], [-0.000315314653562, 0.00214512529783, -0.00287372781895, 0.00219144788571, 0.00320923677646, -0.0023313940037, 0.00141474674456, -0.00274654966779, -0.0082892421633, 0.0245496574789, -0.0088754883036, -0.0065167970024, 0.00591283058748], [0.000797091983259, -0.00274646747857, 0.0027637174353, -0.00544009171426, 0.000999398995191, -0.00267417216673, -0.00109245313797, 0.00506269047037, -0.00583394942805, -0.0088754883036, 0.0305719133466, -0.0129206422716, -0.003088057274], [-0.000866604328621, 0.00271309539676, -0.00210998766124, 0.00658369623125, -0.00331661757082, 0.00395855028182, 0.000374813069357, -0.00614978605881, 0.00699864048511, -0.0065167970024, -0.0129206422716, 0.0331827327609, -0.0130943637341], [0.000582111882977, -0.00229572225362, 0.00230421661399, -0.00378404185176, 0.00368870608509, -0.00270001613535, -0.0021103117615, 0.000856700993609, -0.00377565599047, 0.00591283058748, -0.003088057274, -0.0130943637341, 0.0300366226584]]
    },
    "melbands": {
        "dmean": [0.00293768011034, 0.00310513796285, 0.00247518462129, 0.000814887578599, 0.000389727501897, 0.000170134939253, 0.000108992659079, 9.0259789431e-05, 6.02699437877e-05, 7.43536365917e-05, 6.84879123583e-05, 5.21463080077e-05, 5.65450718568e-05, 3.82519829145e-05, 2.80415679299e-05, 2.99163712043e-05, 2.52190620813e-05, 1.82635831152e-05, 1.67618982232e-05, 1.41787131724e-05, 1.2388635696e-05, 1.00327724795e-05, 8.94450386113e-06, 7.52552068661e-06, 6.84260930939e-06, 6.22913830739e-06, 5.37585538041e-06, 3.25754535879e-06, 3.65791811419e-06, 3.43600527231e-06, 2.87105126517e-06, 2.53130133387e-06, 1.93967866835e-06, 1.65398193985e-06, 1.4463645357e-06, 1.20914273793e-06, 9.88753185993e-07, 7.80632376518e-07, 6.38733752112e-07, 4.65151487106e-07],
        "dmean2": [0.00404417421669, 0.00427544396371, 0.00437903217971, 0.00147141329944, 0.000661865458824, 0.000280276144622, 0.000180446906597, 0.00014500580437, 9.62048361544e-05, 0.000114231479529, 0.000109751927084, 8.6450127128e-05, 9.38902885537e-05, 6.42670274829e-05, 4.68498983537e-05, 5.06862525071e-05, 4.28801504313e-05, 3.02726421069e-05, 2.80311869574e-05, 2.3158332624e-05, 2.01884286071e-05, 1.63405456988e-05, 1.46374541146e-05, 1.23465524666e-05, 1.10175378722e-05, 1.01370869743e-05, 8.75535533851e-06, 5.24746428709e-06, 5.78233584747e-06, 5.43792884855e-06, 4.67127210868e-06, 3.97472513214e-06, 3.00085321214e-06, 2.611810487e-06, 2.19830508286e-06, 1.85699695976e-06, 1.51074607402e-06, 1.16487456125e-06, 9.62339640864e-07, 6.75225408031e-07],
        "dvar": [2.22679773287e-05, 3.89665765397e-05, 4.60737464891e-05, 4.30881073044e-06, 6.48111438295e-07, 8.05861972708e-08, 3.07364871333e-08, 2.30199894702e-08, 1.05587680821e-08, 1.53471422237e-08, 1.40368250356e-08, 8.50249826101e-09, 1.12048654799e-08, 4.96034946451e-09, 2.10535699985e-09, 3.2819362783e-09, 2.03268868404e-09, 9.88744752739e-10, 8.93136842262e-10, 5.52532242182e-10, 4.74112693549e-10, 2.78136708109e-10, 2.78169681733e-10, 2.08201622609e-10, 1.57138482781e-10, 1.57105634058e-10, 1.1269152278e-10, 3.40257093334e-11, 4.85085513424e-11, 4.16294464178e-11, 3.2494219121e-11, 2.27825692339e-11, 1.40355279482e-11, 9.56119211581e-12, 8.36587570052e-12, 5.72441096261e-12, 4.03189157408e-12, 2.26046265039e-12, 1.41175157502e-12, 6.74697548265e-13],
        "dvar2": [4.53409629699e-05, 8.18544722279e-05, 0.00012548592349, 1.21621078506e-05, 1.73382193225e-06, 2.07847648426e-07, 7.53629691985e-08, 5.36192139577e-08, 2.54016399026e-08, 3.41212604837e-08, 3.30400347082e-08, 2.28439827055e-08, 3.01171176886e-08, 1.34272681862e-08, 5.54409540499e-09, 8.88617890382e-09, 5.47158629516e-09, 2.40048114719e-09, 2.31283614482e-09, 1.33492383814e-09, 1.1827403501e-09, 6.86925294424e-10, 6.83491763187e-10, 5.15235965004e-10, 3.738853116e-10, 3.75418335308e-10, 2.66482724776e-10, 8.26765669815e-11, 1.13379368394e-10, 9.26765816867e-11, 7.96140584014e-11, 5.11893999411e-11, 2.96185263815e-11, 2.0462086886e-11, 1.67379426291e-11, 1.20863640277e-11, 8.63315755689e-12, 4.71597890947e-12, 2.97070723056e-12, 1.28172082323e-12],
        "max": [0.0472277514637, 0.0514955297112, 0.04204730317, 0.0166947264224, 0.00977227184922, 0.00388292875141, 0.00248093693517, 0.00290047284216, 0.00180046679452, 0.00266258371994, 0.00208432390355, 0.00173027999699, 0.00215544551611, 0.00139858725015, 0.000521595182363, 0.000846672570333, 0.000679086660966, 0.000334678334184, 0.000363288068911, 0.000268551491899, 0.000265223294264, 0.000184812699445, 0.000189918820979, 0.000199536341825, 0.000145573227201, 0.000190396531252, 0.000114340728032, 0.000116640578199, 0.000207871795283, 0.000114256254165, 9.47685330175e-05, 4.84652809973e-05, 4.13527486671e-05, 5.18549277331e-05, 3.22931518895e-05, 2.40567587753e-05, 2.14685715036e-05, 1.95730099222e-05, 1.19039896163e-05, 7.90650392446e-06],
        "mean": [0.00491385301575, 0.00368469650857, 0.00193927099463, 0.000727781269234, 0.000440953590441, 0.000245527218794, 0.000155558416736, 0.000136936403578, 9.88832471194e-05, 0.000134141140734, 0.000112891888421, 8.1728285295e-05, 9.31065296754e-05, 5.16672917001e-05, 3.61445854651e-05, 3.76708740077e-05, 3.13456403092e-05, 2.17167525989e-05, 1.82997882803e-05, 1.71345436684e-05, 1.54866484081e-05, 1.28858819153e-05, 1.08916510726e-05, 9.37776439969e-06, 8.47813225846e-06, 7.1874387686e-06, 6.5237400122e-06, 4.81825509269e-06, 4.9527052397e-06, 4.35632955487e-06, 3.50919458469e-06, 3.14616295327e-06, 2.37425479099e-06, 2.07193306778e-06, 1.74273225184e-06, 1.47208163526e-06, 1.18280229344e-06, 9.40000006722e-07, 7.05915624621e-07, 5.41197721304e-07],
        "median": [0.00174994859844, 0.000916520948522, 0.000273375655524, 0.000217345950659, 0.000157563248649, 0.000129900116008, 8.36046237964e-05, 7.28813465685e-05, 4.66547899123e-05, 6.00014900556e-05, 4.5026295993e-05, 3.22267587762e-05, 3.77867327188e-05, 2.48085161729e-05, 1.66229729075e-05, 1.51049844135e-05, 1.52040720423e-05, 9.70082510321e-06, 7.47128660805e-06, 7.91364982433e-06, 7.01495855537e-06, 6.52010930935e-06, 4.49290109827e-06, 3.9130291043e-06, 3.49159017787e-06, 2.89337344839e-06, 2.59205444308e-06, 2.12626127905e-06, 1.93359460354e-06, 1.53421638061e-06, 1.15496618491e-06, 1.23131167129e-06, 8.55308826431e-07, 7.08015249984e-07, 5.12684380283e-07, 3.94815003801e-07, 2.96318376058e-07, 2.51889787251e-07, 1.86314423445e-07, 1.40340262078e-07],
        "min": [5.76822785291e-24, 3.66393586621e-24, 5.56822439774e-24, 6.71534648307e-24, 3.68031064645e-24, 2.34053590908e-24, 6.78894957211e-24, 4.51657657005e-24, 5.20785577573e-24, 2.98034450449e-24, 3.94106073006e-24, 6.4610122052e-24, 5.01396875358e-24, 2.91449236827e-24, 4.77514505883e-24, 3.11689770769e-24, 3.86272368673e-24, 7.02734097108e-24, 7.43501166513e-24, 6.15890648306e-24, 5.42861297802e-24, 6.72587304299e-24, 5.02103773615e-24, 4.65503625284e-24, 4.2487760421e-24, 7.33593625746e-24, 9.93305331748e-24, 8.70304719456e-24, 1.02256244723e-23, 6.33435309269e-24, 6.69020864146e-24, 6.73033562913e-24, 7.96391686967e-24, 7.37424176529e-24, 9.2654703101e-24, 7.32637368556e-24, 9.64144378411e-24, 6.94899209484e-24, 6.84886355786e-24, 7.2230849718e-24],
        "var": [4.98874542245e-05, 5.35867766303e-05, 3.06867004838e-05, 2.78084189631e-06, 5.78901108383e-07, 1.13207363484e-07, 4.55859456849e-08, 3.96217210152e-08, 2.18471836178e-08, 4.27140101067e-08, 3.12775263467e-08, 2.00381222726e-08, 3.46988464628e-08, 6.15725381792e-09, 2.58684984544e-09, 3.73359965167e-09, 2.23176321867e-09, 1.13593723317e-09, 8.72536931595e-10, 6.60869248215e-10, 5.41533262677e-10, 3.34594935092e-10, 3.27212312801e-10, 2.4589491554e-10, 1.99919622523e-10, 1.71064523657e-10, 1.34064745416e-10, 6.44958600415e-11, 8.90044080104e-11, 6.35773170221e-11, 4.26525308128e-11, 3.00977194556e-11, 1.95380621404e-11, 1.3972384881e-11, 1.21612962756e-11, 8.71263998448e-12, 5.80724530963e-12, 3.49017928274e-12, 1.96170098395e-12, 1.08390998e-12]
    },
    "mfcc": {
        "mean": [-662.860473633, 118.559326172, 8.19345283508, 23.4407901764, 3.91594028473, 12.1325302124, 5.61604547501, 8.4859752655, 4.03220844269, 3.68585658073, 1.24730145931, 2.71902728081, 1.65282821655],
        "cov": [[12649.1708984, 949.577819824, -33.8807449341, 89.1125946045, -29.3545475006, 176.148727417, -3.46246957779, 138.730758667, -18.8917655945, -57.8787269592, -85.7059173584, -64.955871582, -98.8774871826], [949.577819824, 1794.36889648, 347.999359131, -11.2108955383, 75.2430038452, 83.4983978271, 58.5016441345, 88.9507675171, 72.2333908081, -6.69596004486, 24.6543674469, -20.1399116516, 40.6501808167], [-33.8807449341, 347.999359131, 338.692443848, 55.3649978638, 64.1229705811, 47.6553421021, 33.8726501465, 4.17976331711, 11.4934921265, 2.12156486511, 9.33352470398, -9.56905174255, 6.69738054276], [89.1125946045, -11.2108955383, 55.3649978638, 147.839599609, 32.7009849548, 36.6453857422, 27.52110672, 20.3076286316, 12.3433790207, 21.6283683777, -0.719630479813, 15.603055954, -1.63090491295], [-29.3545475006, 75.2430038452, 64.1229705811, 32.7009849548, 95.193687439, 37.9942550659, 16.081413269, 8.17859554291, -0.222265809774, 0.363763689995, 4.01303434372, -7.4771156311, -1.02680528164], [176.148727417, 83.4983978271, 47.6553421021, 36.6453857422, 37.9942550659, 75.6092376709, 33.4608383179, 19.425951004, 14.1675662994, 14.7924089432, 10.3792858124, 7.23439025879, 8.29607582092], [-3.46246957779, 58.5016441345, 33.8726501465, 27.52110672, 16.081413269, 33.4608383179, 66.0282592773, 36.9305496216, 21.5189971924, 15.7600078583, 10.1245565414, 12.7392721176, 11.3744239807], [138.730758667, 88.9507675171, 4.17976331711, 20.3076286316, 8.17859554291, 19.425951004, 36.9305496216, 78.1750717163, 43.2696151733, 23.1496238708, 15.1177110672, 14.4771471024, 14.5693998337], [-18.8917655945, 72.2333908081, 11.4934921265, 12.3433790207, -0.222265809774, 14.1675662994, 21.5189971924, 43.2696151733, 67.400604248, 37.6693840027, 18.6044769287, 12.2197208405, 10.9317874908], [-57.8787269592, -6.69596004486, 2.12156486511, 21.6283683777, 0.363763689995, 14.7924089432, 15.7600078583, 23.1496238708, 37.6693840027, 66.8167037964, 34.6842536926, 19.5997200012, 10.1636247635], [-85.7059173584, 24.6543674469, 9.33352470398, -0.719630479813, 4.01303434372, 10.3792858124, 10.1245565414, 15.1177110672, 18.6044769287, 34.6842536926, 60.0985832214, 28.336397171, 19.3429737091], [-64.955871582, -20.1399116516, -9.56905174255, 15.603055954, -7.4771156311, 7.23439025879, 12.7392721176, 14.4771471024, 12.2197208405, 19.5997200012, 28.336397171, 56.6860275269, 30.4666252136], [-98.8774871826, 40.6501808167, 6.69738054276, -1.63090491295, -1.02680528164, 8.29607582092, 11.3744239807, 14.5693998337, 10.9317874908, 10.1636247635, 19.3429737091, 30.4666252136, 57.6623916626]],
