{
"lowlevel": {
    "average_loudness": 0.970417201519,
    "barkbands_crest": {
        "dmean": 3.4011862278,
        "dmean2": 5.30970430374,
        "dvar": 9.12801933289,
        "dvar2": 20.9951057434,
        "max": 26.1691055298,
        "mean": 13.0742673874,
        "median": 12.8824691772,
        "min": 1.93669402599,
        "var": 30.2106208801
    },
    "barkbands_flatness_db": {
        "dmean": 0.0460593961179,
        "dmean2": 0.0694677531719,
        "dvar": 0.00175888021477,
        "dvar2": 0.00381443928927,
        "max": 0.575493216515,
        "mean": 0.161099910736,
        "median": 0.159716054797,
        "min": 0.010742389597,
        "var": 0.0059491856955
    },
    "barkbands_kurtosis": {
        "dmean": 16.3059978485,
        "dmean2": 25.8561439514,
        "dvar": 635.255310059,
        "dvar2": 1600.21044922,
        "max": 375.954711914,
        "mean": 23.0226840973,
        "median": 11.5424718857,
        "min": -1.81773281097,
        "var": 1015.51153564
    },
    "barkbands_skewness": {
        "dmean": 1.44932329655,
        "dmean2": 2.17277002335,
        "dvar": 2.19472908974,
        "dvar2": 4.73988723755,
        "max": 17.6626873016,
        "mean": 3.4805085659,
        "median": 3.35192418098,
        "min": -2.93454551697,
        "var": 7.26389455795
    },
    "barkbands_spread": {
        "dmean": 9.02711296082,
        "dmean2": 14.385351181,
        "dvar": 96.6353607178,
        "dvar2": 231.836837769,
        "max": 128.726928711,
        "mean": 18.5296936035,
        "median": 13.9180355072,
        "min": 0.445748001337,
        "var": 258.904541016
    },
    "dissonance": {
        "dmean": 0.014790407382,
        "dmean2": 0.0245327334851,
        "dvar": 0.000212410770473,
        "dvar2": 0.000573685392737,
        "max": 0.500000178814,
        "mean": 0.471070110798,
        "median": 0.475093275309,
        "min": 0.33242174983,
        "var": 0.000426003738539
    },
    "dynamic_complexity": 3.3684387207,
    "erbbands_crest": {
        "dmean": 2.67148566246,
        "dmean2": 4.26804256439,
        "dvar": 7.57244110107,
        "dvar2": 17.8416252136,
        "max": 28.8110313416,
        "mean": 8.0092382431,
        "median": 6.72600078583,
        "min": 2.14167118073,
        "var": 19.401309967
    },
    "erbbands_flatness_db": {
        "dmean": 0.0206651464105,
        "dmean2": 0.0318328477442,
        "dvar": 0.000440291303676,
        "dvar2": 0.000987549312413,
        "max": 0.414543628693,
        "mean": 0.117310002446,
        "median": 0.108998917043,
        "min": 0.0524447634816,
        "var": 0.00123008119408
    },
    "erbbands_kurtosis": {
        "dmean": 1.00086581707,
        "dmean2": 1.64750814438,
        "dvar": 5.89702224731,
        "dvar2": 14.3955955505,
        "max": 69.0366134644,
        "mean": -0.0413462407887,
        "median": -0.736400365829,
        "min": -1.82753074169,
        "var": 8.54410076141
    },
    "erbbands_skewness": {
        "dmean": 0.450335234404,
        "dmean2": 0.713104128838,
        "dvar": 0.24927534163,
        "dvar2": 0.589357316494,
        "max": 7.41584444046,
        "mean": 0.247287198901,
        "median": 0.166047751904,
        "min": -2.48167538643,
        "var": 0.70255947113
    },
    "erbbands_spread": {
        "dmean": 13.8691883087,
        "dmean2": 20.840385437,
        "dvar": 178.360153198,
        "dvar2": 352.707061768,
        "max": 147.313842773,
        "mean": 62.1393699646,
        "median": 63.1174659729,
        "min": 2.05549526215,
        "var": 536.806030273
    },
    "hfc": {
        "dmean": 8.59102725983,
        "dmean2": 12.1339530945,
        "dvar": 110.07837677,
        "dvar2": 243.718566895,
        "max": 94.9723587036,
        "mean": 17.7814617157,
        "median": 14.8533201218,
        "min": 1.16255060252e-16,
        "var": 201.732513428
    },
    "melbands_crest": {
        "dmean": 4.38457393646,
        "dmean2": 6.7357673645,
        "dvar": 13.9641628265,
        "dvar2": 33.0657157898,
        "max": 33.8656959534,
        "mean": 18.6250591278,
        "median": 19.3509101868,
        "min": 1.83603286743,
        "var": 42.4481925964
    },
    "melbands_flatness_db": {
        "dmean": 0.0553609803319,
        "dmean2": 0.0808284506202,
        "dvar": 0.00271656643599,
        "dvar2": 0.00500131538138,
        "max": 0.721648514271,
        "mean": 0.24288970232,
        "median": 0.255720227957,
        "min": 0.00460350094363,
        "var": 0.0113107953221
    },
    "melbands_kurtosis": {
        "dmean": 41.6735153198,
        "dmean2": 64.71534729,
        "dvar": 3179.92260742,
        "dvar2": 7360.57666016,
        "max": 725.237670898,
        "mean": 71.8418273926,
        "median": 45.9486427307,
        "min": -1.66572082043,
        "var": 6784.74023438
    },
    "melbands_skewness": {
        "dmean": 1.95260906219,
        "dmean2": 2.93457865715,
        "dvar": 3.72518634796,
        "dvar2": 7.29177331924,
        "max": 20.9828166962,
        "mean": 5.88232564926,
        "median": 5.90572071075,
        "min": -1.53782534599,
        "var": 13.0565767288
    },
    "melbands_spread": {
        "dmean": 9.31559181213,
        "dmean2": 14.5104408264,
        "dvar": 183.510498047,
        "dvar2": 347.126525879,
        "max": 178.763549805,
        "mean": 19.0374450684,
        "median": 7.65496349335,
        "min": 0.405823379755,
        "var": 681.136962891
    },
    "pitch_salience": {
        "dmean": 0.0965545699,
        "dmean2": 0.153138399124,
        "dvar": 0.00832114461809,
        "dvar2": 0.0196814257652,
        "max": 0.901889801025,
        "mean": 0.474582701921,
        "median": 0.481203347445,
        "min": 0.0701586008072,
        "var": 0.0233992226422
    },
    "silence_rate_20dB": {
        "dmean": 0,
        "dmean2": 0,
        "dvar": 0,
        "dvar2": 0,
        "max": 1,
        "mean": 1,
        "median": 1,
        "min": 1,
        "var": 0
    },
    "silence_rate_30dB": {
        "dmean": 0.112325772643,
        "dmean2": 0.224682241678,
        "dvar": 0.0997102558613,
        "dvar2": 0.218491405249,
        "max": 1,
        "mean": 0.863779187202,
        "median": 1,
        "min": 0,
        "var": 0.11766269058
    },
    "silence_rate_60dB": {
        "dmean": 0.0899152755737,
        "dmean2": 0.179855138063,
        "dvar": 0.0818269327283,
        "dvar2": 0.194792926311,
        "max": 1,
        "mean": 0.124060660601,
        "median": 0,
        "min": 0,
        "var": 0.108665846288
    },
    "spectral_centroid": {
        "dmean": 425.451721191,
        "dmean2": 633.749694824,
        "dvar": 195458.109375,
        "dvar2": 366238.46875,
        "max": 11554.5371094,
        "mean": 1361.40930176,
        "median": 1173.69519043,
        "min": 134.850021362,
        "var": 846905.4375
    },
    "spectral_complexity": {
        "dmean": 5.32877826691,
        "dmean2": 7.60994958878,
        "dvar": 44.5510292053,
        "dvar2": 84.6917800903,
        "max": 57,
        "mean": 13.9909820557,
        "median": 11,
        "min": 0,
        "var": 112.289718628
    },
    "spectral_decrease": {
        "dmean": 7.61095630963e-09,
        "dmean2": 1.22612737741e-08,
        "dvar": 8.23087921405e-17,
        "dvar2": 1.89252055244e-16,
        "max": 1.72010400567e-28,
        "mean": -1.54874317815e-08,
        "median": -1.70756919715e-08,
        "min": -7.17118453508e-08,
        "var": 1.57123817622e-16
    },
    "spectral_energy": {
        "dmean": 0.0292427875102,
        "dmean2": 0.047053322196,
        "dvar": 0.00120923435315,
        "dvar2": 0.00276381056756,
        "max": 0.275987505913,
        "mean": 0.0600660741329,
        "median": 0.0663847699761,
        "min": 1.07669915965e-20,
        "var": 0.00231587979943
    },
    "spectral_energyband_high": {
        "dmean": 0.000561262306292,
        "dmean2": 0.000805308052804,
        "dvar": 5.73574823193e-07,
        "dvar2": 1.22956066662e-06,
        "max": 0.00642219791189,
        "mean": 0.000909865600988,
        "median": 0.000552219862584,
        "min": 7.79012366832e-21,
        "var": 9.71494728219e-07
    },
    "spectral_energyband_low": {
        "dmean": 0.0260740015656,
        "dmean2": 0.0422387234867,
        "dvar": 0.000996600138023,
        "dvar2": 0.00237955222838,
        "max": 0.235312014818,
        "mean": 0.0492933429778,
        "median": 0.0489733628929,
        "min": 3.96456499851e-23,
        "var": 0.00188666023314
    },
    "spectral_energyband_middle_high": {
        "dmean": 0.0012951460667,
        "dmean2": 0.00197110860609,
        "dvar": 4.23389292337e-06,
        "dvar2": 1.05226408778e-05,
        "max": 0.0253234673291,
        "mean": 0.00243734079413,
        "median": 0.00158214918338,
        "min": 1.23285433993e-21,
        "var": 6.48077048027e-06
    },
    "spectral_energyband_middle_low": {
        "dmean": 0.00932292919606,
        "dmean2": 0.0154668111354,
        "dvar": 0.000259120308328,
        "dvar2": 0.000662253354676,
        "max": 0.150502622128,
        "mean": 0.014545544982,
        "median": 0.0070600383915,
        "min": 1.74351096398e-22,
        "var": 0.000336788070854
    },
    "spectral_entropy": {
        "dmean": 0.28710398078,
        "dmean2": 0.44041416049,
        "dvar": 0.0799190253019,
        "dvar2": 0.189940467477,
        "max": 9.81828022003,
        "mean": 7.63053321838,
        "median": 7.74646139145,
        "min": 4.2626619339,
        "var": 0.2595295012
    },
    "spectral_flux": {
        "dmean": 0.069419324398,
        "dmean2": 0.113035164773,
        "dvar": 0.00403683073819,
        "dvar2": 0.00925292260945,
        "max": 0.480578035116,
        "mean": 0.119748048484,
        "median": 0.102797947824,
        "min": 6.7896341327e-11,
        "var": 0.00655585154891
    },
    "spectral_kurtosis": {
        "dmean": 1.1355919838,
        "dmean2": 1.83974885941,
        "dvar": 14.2053632736,
        "dvar2": 29.1397285461,
        "max": 213.271560669,
        "mean": 3.20749211311,
        "median": 2.58554887772,
        "min": -1.26745724678,
        "var": 34.1996917725
    },
    "spectral_rms": {
        "dmean": 0.00201148516499,
        "dmean2": 0.00308924796991,
        "dvar": 4.69933775094e-06,
        "dvar2": 8.16884949018e-06,
        "max": 0.0164090245962,
        "mean": 0.00670934189111,
        "median": 0.00804770924151,
        "min": 3.24104632021e-12,
        "var": 1.35856935231e-05
    },
    "spectral_rolloff": {
        "dmean": 615.746765137,
        "dmean2": 982.796936035,
        "dvar": 1151428.375,
        "dvar2": 2112536.25,
        "max": 19229.1503906,
        "mean": 1277.95117188,
        "median": 193.798828125,
        "min": 64.599609375,
        "var": 5374650
    },
    "spectral_skewness": {
        "dmean": 0.181538552046,
        "dmean2": 0.287000864744,
        "dvar": 0.0626140832901,
        "dvar2": 0.12166467309,
        "max": 12.8958320618,
        "mean": 1.36314463615,
        "median": 1.30460846424,
        "min": -0.0150156971067,
        "var": 0.226708099246
    },
    "spectral_spread": {
        "dmean": 678146,
        "dmean2": 1006282.9375,
        "dvar": 567420256256,
        "dvar2": 1.10223818752e+12,
        "max": 42833416,
        "mean": 5862797,
        "median": 5818030,
        "min": 569308.875,
        "var": 2.45685472461e+12
    },
    "spectral_strongpeak": {
        "dmean": 0.351493746042,
        "dmean2": 0.579706907272,
        "dvar": 0.138978153467,
        "dvar2": 0.325139850378,
        "max": 3.97526454926,
        "mean": 0.697247564793,
        "median": 0.546649813652,
        "min": 0,
        "var": 0.27004262805
    },
    "zerocrossingrate": {
        "dmean": 0.017159903422,
        "dmean2": 0.0186413731426,
        "dvar": 0.000327544548782,
        "dvar2": 0.000338972895406,
        "max": 0.81298828125,
        "mean": 0.0609550327063,
        "median": 0.04052734375,
        "min": 0.00439453125,
        "var": 0.00409325445071
    },
    "barkbands": {
        "dmean": [0.000512384343892, 0.0136242229491, 0.0142057612538, 0.00726267555729, 0.00167537527159, 0.000669208355248, 0.000454813824035, 0.000212443366763, 0.000316329707857, 0.000188124642591, 0.000226920325076, 0.000205752381589, 0.000138640709338, 0.000167885969859, 0.000140295378515, 0.000131648237584, 0.000136460905196, 0.000161931689945, 0.000191613129573, 0.000186496035894, 0.000163426375366, 0.00011000635277, 7.82531424193e-05, 6.72864771332e-05, 8.04034643807e-05, 3.05091998598e-05, 3.37072515322e-06],
        "dmean2": [0.00086152437143, 0.0219441056252, 0.0223063267767, 0.0120854405686, 0.00280258688144, 0.00112849473953, 0.000751964224037, 0.000351212336682, 0.000488323043101, 0.000299808190903, 0.000324753287714, 0.000334513228154, 0.000236010644585, 0.000285354413791, 0.000227298456593, 0.000219186287723, 0.000215719584958, 0.000258905347437, 0.000327523914166, 0.000287560251309, 0.000250037963269, 0.000168530008523, 0.00011643471953, 9.87417661236e-05, 0.000120228040032, 4.51356245321e-05, 5.55336328034e-06],
        "dvar": [1.45567958043e-06, 0.000305112887872, 0.00055177253671, 0.000191969433217, 7.99058489065e-06, 1.66372080912e-06, 7.73934857534e-07, 1.66133617086e-07, 3.33190939728e-07, 1.52264107101e-07, 1.7399665353e-07, 2.00017765906e-07, 8.83211868086e-08, 1.21727296687e-07, 5.82788111103e-08, 7.3417403712e-08, 5.17137017653e-08, 7.18152080026e-08, 1.78115129756e-07, 8.77492070117e-08, 7.07437024516e-08, 2.84770695913e-08, 1.18753229472e-08, 8.05749156285e-09, 1.55540931246e-08, 1.74986491963e-09, 4.38719442719e-11],
        "dvar2": [4.14155783801e-06, 0.000808335375041, 0.00135803944431, 0.00049632898299, 2.14387964661e-05, 4.47783804702e-06, 2.02099909075e-06, 3.96922587242e-07, 7.06000946593e-07, 3.60773640296e-07, 2.92531950663e-07, 5.01446606904e-07, 2.39910747268e-07, 3.15895363201e-07, 1.37603052508e-07, 1.85491941807e-07, 1.16496146063e-07, 1.6637510214e-07, 4.81714778289e-07, 1.92697925172e-07, 1.53477387244e-07, 6.53129959005e-08, 2.63553783242e-08, 1.75877765685e-08, 3.31977467738e-08, 3.61962659845e-09, 1.09455396136e-10],
        "max": [0.0175245255232, 0.223609000444, 0.19326582551, 0.140028983355, 0.0493815205991, 0.0133345006034, 0.0125843789428, 0.00546724535525, 0.0130949271843, 0.00827902369201, 0.00826372392476, 0.00641721254215, 0.0046058841981, 0.00570490257815, 0.00500836083665, 0.00568980583921, 0.00258434959687, 0.00397977465764, 0.00374895823188, 0.00353483716026, 0.00256331870332, 0.00200671539642, 0.00115833850577, 0.000891452131327, 0.00117179972585, 0.000359725614544, 0.000137360868393],
        "mean": [0.000673857924994, 0.0213299114257, 0.020234907046, 0.00982243847102, 0.00233946181834, 0.000887249363586, 0.00057991448557, 0.000276091392152, 0.000526971416548, 0.000267994269961, 0.000420416676207, 0.000242898793658, 0.000162530239322, 0.000187034966075, 0.000199664340471, 0.000175927736564, 0.000212437866139, 0.000238119930145, 0.000219437846681, 0.000290502910502, 0.000245048518991, 0.000172794723767, 0.000116183924547, 0.000100510376797, 9.8338292446e-05, 4.14621390519e-05, 3.94057497033e-06],
        "median": [0.000168660277268, 0.0154885193333, 0.00699454918504, 0.00231970241293, 0.00155345629901, 0.000423333549406, 0.000210503218113, 9.19597150641e-05, 0.000140371310408, 8.4444793174e-05, 0.000102800884633, 6.80609518895e-05, 7.07275539753e-05, 7.52676642151e-05, 0.000116518946015, 7.05722122802e-05, 0.000101511490357, 0.000108658561658, 8.9138498879e-05, 0.000133178575197, 0.000122054152598, 9.87257008092e-05, 6.75274059176e-05, 6.10032075201e-05, 4.8251269618e-05, 2.3447746571e-05, 1.51793926761e-06],
        "min": [2.10763202378e-24, 1.7843325279e-23, 1.91672176826e-24, 2.80235283237e-24, 8.06981040214e-24, 1.76937020311e-23, 2.50625511433e-23, 2.5687409444e-23, 3.26479141749e-23, 1.29186259976e-23, 1.49563136692e-23, 9.03488390093e-23, 1.73465338131e-23, 1.33770463225e-22, 6.80797247952e-23, 1.53962096468e-22, 1.20398766011e-22, 1.49236112826e-22, 1.56472466439e-22, 2.32645784214e-22, 3.6406329624e-22, 4.46343508139e-22, 4.90851721987e-22, 6.9137728633e-22, 1.15579204533e-21, 1.45878925286e-21, 2.13487823815e-21],
        "var": [2.24344830713e-06, 0.000583633838687, 0.000754403008614, 0.000255005550571, 8.10264191387e-06, 1.82177723218e-06, 9.60581814979e-07, 2.30847277294e-07, 7.87466603924e-07, 2.73991815902e-07, 9.47381295191e-07, 2.28381097145e-07, 7.8761416944e-08, 1.22133897662e-07, 8.67403571192e-08, 8.88209186201e-08, 8.37531857201e-08, 1.0938880024e-07, 1.54019758725e-07, 1.41990582847e-07, 1.0694861885e-07, 4.45580035091e-08, 1.80040977682e-08, 1.23121113305e-08, 1.9499411863e-08, 2.53785525928e-09, 5.0473909774e-11]
    },
    "erbbands": {
        "dmean": [0.375986099243, 3.29405021667, 13.1768531799, 23.3963794708, 11.0109701157, 5.35307407379, 4.87699651718, 5.27141284943, 6.06416416168, 5.68830490112, 6.68900966644, 5.93019294739, 5.94893741608, 8.54528236389, 5.79703187943, 8.0380859375, 6.89737796783, 8.4199256897, 6.03193855286, 7.00190448761, 7.8279671669, 7.40796804428, 8.73297977448, 9.51944732666, 10.2417402267, 7.95676803589, 6.6603345871, 6.52191638947, 4.26570653915, 2.88058185577, 2.13347101212, 1.58362007141, 1.04401218891, 0.92648011446, 0.551414072514, 0.179000169039, 0.0508867427707, 0.00837747845799, 0.000469629012514, 3.7285277358e-05],
        "dmean2": [0.605328679085, 5.26018810272, 20.5020866394, 37.6713676453, 18.7623634338, 8.78570842743, 7.82442045212, 9.09089851379, 10.338643074, 9.33185863495, 10.5282392502, 9.29271411896, 9.26209163666, 12.2313127518, 9.18539619446, 13.0550088882, 11.4820394516, 14.4633054733, 9.9708404541, 11.3323774338, 12.9259033203, 11.5119981766, 13.9275102615, 15.9332857132, 16.7664089203, 12.1621866226, 10.3003368378, 10.0163450241, 6.48873615265, 4.31114435196, 3.20538973808, 2.37979102135, 1.54518401623, 1.39572286606, 0.833689272404, 0.265955001116, 0.0757681503892, 0.0127486074343, 0.000762218958698, 5.85755624343e-05],
        "dvar": [0.252184182405, 17.4932003021, 413.352996826, 1670.66174316, 417.786254883, 71.2494354248, 72.0417327881, 139.748886108, 164.930969238, 116.658882141, 173.774337769, 117.106384277, 154.833694458, 232.126525879, 138.280151367, 289.776428223, 206.537765503, 359.686798096, 101.420036316, 124.797065735, 227.67388916, 152.971939087, 238.911453247, 379.734436035, 471.752227783, 164.699920654, 118.889007568, 113.314651489, 46.0017127991, 17.1913089752, 8.58592414856, 5.13446712494, 1.77398562431, 1.95466589928, 0.783971965313, 0.0633084997535, 0.00498862517998, 0.000150395644596, 1.04412310975e-06, 1.74087866345e-09],
        "dvar2": [0.677406787872, 46.0726127625, 973.976074219, 4311.84521484, 1127.74438477, 184.794418335, 177.709884644, 386.352874756, 453.377319336, 296.375152588, 382.640380859, 264.861633301, 359.166107178, 385.039520264, 343.772003174, 729.982177734, 557.500183105, 958.485107422, 256.570251465, 301.580444336, 568.238830566, 334.373199463, 549.74609375, 1000.00384521, 1227.05981445, 368.17401123, 264.885131836, 257.82333374, 104.139938354, 38.1080322266, 19.0996284485, 11.7780675888, 3.72977304459, 4.22730779648, 1.67051315308, 0.132570177317, 0.0104264421389, 0.000337126548402, 2.59002649727e-06, 3.79126419148e-09],
        "max": [5.69670581818, 56.3776702881, 169.857452393, 402.176025391, 208.52015686, 132.305145264, 129.615600586, 125.861595154, 195.555511475, 137.067230225, 270.826416016, 191.211669922, 215.8777771, 308.207305908, 162.714660645, 211.852020264, 246.603240967, 292.666381836, 131.077590942, 169.2837677, 220.468551636, 176.275848389, 268.255279541, 220.529571533, 268.892944336, 133.111618042, 108.312713623, 101.359558105, 93.5374755859, 50.7338752747, 38.8488540649, 24.7943534851, 12.8017520905, 13.8887805939, 8.03553962708, 2.21286487579, 0.735802054405, 0.163693830371, 0.0231636296958, 0.000329058064381],
        "mean": [0.555024862289, 5.20891952515, 20.1035938263, 33.9194488525, 14.4805927277, 7.90544462204, 7.47504663467, 6.32013654709, 7.51621389389, 7.25198602676, 10.4793071747, 9.85805130005, 8.78861427307, 16.1171379089, 8.49963378906, 9.78288841248, 8.52953720093, 9.2369966507, 8.72727298737, 10.5077142715, 11.1968812943, 12.0735425949, 13.1971664429, 12.4486980438, 12.7599744797, 12.3395328522, 9.88729286194, 9.65599155426, 6.61711120605, 4.45565795898, 3.14437437057, 2.29152369499, 1.54584145546, 1.15426540375, 0.659671187401, 0.230993121862, 0.0693201869726, 0.0117754731327, 0.000603236898314, 7.9937693954e-05],
        "median": [0.354154467583, 4.01951169968, 9.28852653503, 14.1796274185, 7.11820459366, 5.10121536255, 3.84472203255, 3.00452685356, 2.89953708649, 2.35058164597, 2.86003398895, 3.11620306969, 2.863509655, 4.75484228134, 3.05931186676, 3.07418990135, 3.89153599739, 3.93230128288, 5.39049196243, 6.42652368546, 5.8173532486, 6.21493959427, 5.6625328064, 5.24506044388, 5.12484025955, 6.06056785583, 5.13123226166, 4.95808315277, 3.67368507385, 2.52137613297, 1.88296818733, 1.35048687458, 0.92802131176, 0.596107780933, 0.304116904736, 0.122388057411, 0.0399849228561, 0.00693735247478, 0.000275786878774, 8.85894696694e-05],
        "min": [3.94433633298e-22, 3.59727075519e-21, 4.59206489781e-21, 6.39972070422e-21, 1.75542007774e-20, 3.07203473457e-20, 7.88838787833e-20, 1.5033418267e-19, 2.36275042989e-19, 2.84352020962e-19, 8.61301347532e-19, 8.62298772254e-19, 5.99727812688e-19, 8.07891484451e-19, 1.43764755604e-18, 3.16015688309e-18, 1.37530016154e-18, 5.18284488456e-18, 4.23923570566e-18, 6.39627624337e-18, 7.30704056169e-18, 6.91733840432e-18, 6.92477682598e-18, 6.21053531836e-18, 9.2783103959e-18, 1.11314133437e-17, 1.52718501834e-17, 1.299230916e-17, 1.3296508139e-17, 1.7301991289e-17, 1.53566841727e-17, 1.72791726846e-17, 1.00364139827e-17, 9.47714310846e-18, 7.68310830102e-18, 5.02838089928e-18, 2.76389663103e-18, 1.25151847653e-18, 2.62083646787e-19, 2.83415019198e-20],
        "var": [0.44814953208, 33.6357536316, 645.542602539, 2132.66015625, 420.844970703, 85.9472351074, 115.376777649, 111.85748291, 163.552597046, 151.414825439, 363.558197021, 248.817428589, 282.294891357, 1301.88684082, 220.457061768, 330.971588135, 195.348846436, 324.636413574, 126.421417236, 189.046356201, 277.230560303, 257.044616699, 366.84967041, 392.979156494, 460.46270752, 267.042724609, 176.101959229, 163.287033081, 71.0414581299, 28.2679538727, 12.853928566, 7.04895210266, 2.82172441483, 2.43978261948, 0.972587049007, 0.0879792124033, 0.00714381458238, 0.000211626218515, 1.22684809867e-06, 3.47600925821e-09]
    },
    "gfcc": {
        "mean": [-26.4157657623, 64.6891403198, -85.7465362549, 53.8708229065, -46.1925773621, 20.5416297913, -30.2126674652, 13.8215856552, -24.5893249512, 5.53923273087, -20.8052845001, 0.428383380175, -12.7766036987],
        "cov": [[32087.7851562, 3603.83154297, 1658.24121094, 1694.77416992, -22.5803470612, 1092.0135498, -504.95703125, 80.6463394165, -481.957672119, -193.142791748, -489.213592529, -151.904220581, -297.238861084], [3603.83154297, 1223.11437988, 605.956115723, 330.829864502, 246.993484497, 202.837814331, 74.244140625, -46.382183075, -18.6439533234, -126.754631042, -40.4446754456, -76.2486495972, -5.76415157318], [1658.24121094, 605.956115723, 1121.51281738, 425.267456055, 303.277099609, 168.611740112, 49.872631073, -8.61733150482, -2.46273255348, -103.387741089, -51.7874107361, -70.6326904297, -9.23092746735], [1694.77416992, 330.829864502, 425.267456055, 471.349700928, 196.09211731, 96.301574707, 16.9341869354, -9.22929000854, 9.92653274536, -41.2602310181, -44.2709465027, -48.6792526245, -20.7235298157], [-22.5803470612, 246.993484497, 303.277099609, 196.09211731, 363.143981934, 113.676498413, 40.0420074463, -32.4500465393, 50.4569854736, -17.6618003845, 21.8166351318, -6.85559415817, 14.6289510727], [1092.0135498, 202.837814331, 168.611740112, 96.301574707, 113.676498413, 242.487228394, 105.843864441, 23.2278823853, -21.3200969696, -5.46613836288, -1.16677618027, -9.77589893341, 2.75020766258], [-504.95703125, 74.244140625, 49.872631073, 16.9341869354, 40.0420074463, 105.843864441, 226.049377441, 72.279045105, 27.6242179871, -6.37125921249, 18.5023231506, -16.4249572754, 10.2717380524], [80.6463394165, -46.382183075, -8.61733150482, -9.22929000854, -32.4500465393, 23.2278823853, 72.279045105, 135.138717651, 51.7587013245, 33.8467826843, 20.9641551971, 20.4927082062, 2.40072989464], [-481.957672119, -18.6439533234, -2.46273255348, 9.92653274536, 50.4569854736, -21.3200969696, 27.6242179871, 51.7587013245, 108.435096741, 39.0610122681, 33.4233360291, 16.0997066498, 24.4482498169], [-193.142791748, -126.754631042, -103.387741089, -41.2602310181, -17.6618003845, -5.46613836288, -6.37125921249, 33.8467826843, 39.0610122681, 88.0807800293, 42.6923561096, 19.4464511871, -1.91989326477], [-489.213592529, -40.4446754456, -51.7874107361, -44.2709465027, 21.8166351318, -1.16677618027, 18.5023231506, 20.9641551971, 33.4233360291, 42.6923561096, 90.5487289429, 45.1795272827, 7.75136137009], [-151.904220581, -76.2486495972, -70.6326904297, -48.6792526245, -6.85559415817, -9.77589893341, -16.4249572754, 20.4927082062, 16.0997066498, 19.4464511871, 45.1795272827, 89.1781997681, 44.6486968994], [-297.238861084, -5.76415157318, -9.23092746735, -20.7235298157, 14.6289510727, 2.75020766258, 10.2717380524, 2.40072989464, 24.4482498169, -1.91989326477, 7.75136137009, 44.6486968994, 88.1361083984]],
        "icov": [[0.000143981989822, -0.000455737870652, 7.86197924754e-05, -0.000368397362763, 0.000410162989283, -0.000636425858829, 0.000677984906361, -0.000422296492616, 0.000264130329015, -0.000470996339573, 0.000679254240822, -0.000600143801421, 0.000422412937041], [-0.000455737870652, 0.00288305501454, -0.000575238023885, 0.000799308065325, -0.00124294823036, 0.00103163719177, -0.00184055196587, 0.00155865761917, -0.00143661885522, 0.00343785178848, -0.00319457496516, 0.00291833421215, -0.00159860658459], [7.86197924754e-05, -0.000575238023885, 0.00182441924699, -0.00110259267967, -0.000536074803676, -0.000608977221418, 0.000840752618387, -0.00120441825129, 0.000495776184835, 0.00100968708284, -6.2179104134e-05, 0.000649270135909, -0.000236819832935], [-0.000368397362763, 0.000799308065325, -0.00110259267967, 0.00483430689201, -0.00228801718913, 0.0014677910367, -0.00151690538041, 0.000793275539763, -0.00108672736678, 0.000591794028878, 0.000275964383036, 0.001295069349, -4.57797541458e-05], [0.000410162989283, -0.00124294823036, -0.000536074803676, -0.00228801718913, 0.00719232670963, -0.00444014463574, 0.00189779058564, 0.00249490467831, -0.00417412212119, 0.000180772811291, -6.31017319392e-05, -0.00229762680829, 0.00169478461612], [-0.000636425858829, 0.00103163719177, -0.000608977221418, 0.0014677910367, -0.00444014463574, 0.0113992365077, -0.00673326058313, 0.000222578295507, 0.00476770102978, -0.00266783661209, -0.000958473596256, 0.00121752591804, -0.00255072140135], [0.000677984906361, -0.00184055196587, 0.000840752618387, -0.00151690538041, 0.00189779058564, -0.00673326058313, 0.0119197089225, -0.0067697414197, 0.000162638010806, 0.00251753581688, -0.00164517352823, 0.00329780951142, -0.000928364985157], [-0.000422296492616, 0.00155865761917, -0.00120441825129, 0.000793275539763, 0.00249490467831, 0.000222578295507, -0.0067697414197, 0.0167165566236, -0.00900991540402, -0.00156697281636, 0.00148497929331, -0.00543557340279, 0.00373884174041], [0.000264130329015, -0.00143661885522, 0.000495776184835, -0.00108672736678, -0.00417412212119, 0.00476770102978, 0.000162638010806, -0.00900991540402, 0.0217915102839, -0.00823578890413, -0.00151384691708, 0.00310673750937, -0.00630114367232], [-0.000470996339573, 0.00343785178848, 0.00100968708284, 0.000591794028878, 0.000180772811291, -0.00266783661209, 0.00251753581688, -0.00156697281636, -0.00823578890413, 0.0257184077054, -0.012573286891, 0.00634357146919, -0.000579190615099], [0.000679254240822, -0.00319457496516, -6.2179104134e-05, 0.000275964383036, -6.31017319392e-05, -0.000958473596256, -0.00164517352823, 0.00148497929331, -0.00151384691708, -0.012573286891, 0.0280696973205, -0.0180037748069, 0.00912977475673], [-0.000600143801421, 0.00291833421215, 0.000649270135909, 0.001295069349, -0.00229762680829, 0.00121752591804, 0.00329780951142, -0.00543557340279, 0.00310673750937, 0.00634357146919, -0.0180037748069, 0.0310102514923, -0.0162031538785], [0.000422412937041, -0.00159860658459, -0.000236819832935, -4.57797541458e-05, 0.00169478461612, -0.00255072140135, -0.000928364985157, 0.00373884174041, -0.00630114367232, -0.000579190615099, 0.00912977475673, -0.0162031538785, 0.0215758532286]]
    },
    "melbands": {
        "dmean": [0.00363593525253, 0.00560710486025, 0.00361431227066, 0.000514206942171, 0.000167273436091, 0.000122023418953, 9.54818024184e-05, 5.55045080546e-05, 6.47939523333e-05, 3.54614894604e-05, 2.97455699183e-05, 3.33180978487e-05, 2.22076960199e-05, 2.03493018489e-05, 2.09638474189e-05, 1.48638719111e-05, 1.67846610566e-05, 9.60861962085e-06, 1.25771803141e-05, 8.98570488062e-06, 9.33380306378e-06, 8.30158478493e-06, 7.97465327196e-06, 7.13522285878e-06, 8.00209090812e-06, 7.83624636824e-06, 7.6921442087e-06, 5.11070584253e-06, 4.26056703873e-06, 4.54739210909e-06, 3.65166465599e-06, 2.84723728328e-06, 1.70238399733e-06, 1.68394069533e-06, 1.3605855429e-06, 1.03914146621e-06, 1.02430942661e-06, 7.77415209541e-07, 6.73357646974e-07, 8.57071597693e-07],
        "dmean2": [0.00587096856907, 0.00880765169859, 0.00581192644313, 0.000865396286827, 0.00026894180337, 0.000209654230275, 0.000162032767548, 9.08530782908e-05, 0.000100679273601, 5.57148559892e-05, 4.65489501948e-05, 4.82451978314e-05, 3.37893688993e-05, 3.36948505719e-05, 3.37980745826e-05, 2.53542712016e-05, 2.88609317067e-05, 1.61752213899e-05, 2.03432518902e-05, 1.47440923683e-05, 1.5478592104e-05, 1.3205653886e-05, 1.25362839754e-05, 1.14337644845e-05, 1.35686577778e-05, 1.34751435326e-05, 1.2080497072e-05, 7.96526001068e-06, 6.86166731612e-06, 7.17938928574e-06, 5.63820276511e-06, 4.42040027337e-06, 2.68953795057e-06, 2.5528140668e-06, 2.07245761885e-06, 1.63581194101e-06, 1.56878058988e-06, 1.17878187211e-06, 1.01909245132e-06, 1.30996522785e-06],
        "dvar": [2.23921124416e-05, 5.7339490013e-05, 3.8729460357e-05, 7.71252246068e-07, 7.49190931515e-08, 6.82434659893e-08, 3.78687801117e-08, 1.11094857758e-08, 1.78986709898e-08, 4.22546531098e-09, 4.05503763901e-09, 3.45812445346e-09, 1.65613989189e-09, 2.57001575577e-09, 1.92408355915e-09, 1.14207143742e-09, 1.41068035031e-09, 2.79011147519e-10, 5.31359622968e-10, 3.24529902951e-10, 3.06043884679e-10, 1.94235183493e-10, 1.88912191446e-10, 1.50280621281e-10, 2.81143747172e-10, 3.33161442878e-10, 2.21292373315e-10, 7.19632894941e-11, 4.76995179466e-11, 5.95369170631e-11, 3.51643644758e-11, 2.24244806751e-11, 6.16820440211e-12, 6.017974747e-12, 3.59514089505e-12, 2.57765206749e-12, 2.34376407171e-12, 1.04125735811e-12, 8.21970529835e-13, 1.84275511517e-12],
        "dvar2": [6.09113121754e-05, 0.000134007132147, 9.99007170321e-05, 2.08172150451e-06, 1.8401773616e-07, 1.88315894434e-07, 1.03020418862e-07, 2.79152434501e-08, 3.8317441664e-08, 9.63318225189e-09, 9.39434752212e-09, 6.05383698726e-09, 3.68457997446e-09, 6.69481803328e-09, 4.53002435563e-09, 3.10625614119e-09, 3.69513020182e-09, 7.07621294893e-10, 1.19982190849e-09, 8.17718726065e-10, 7.57242046845e-10, 4.40886438469e-10, 4.30914998129e-10, 3.52884249599e-10, 7.4616690604e-10, 9.0087010074e-10, 5.27258348093e-10, 1.64735267094e-10, 1.12668881169e-10, 1.38376227143e-10, 8.04285665845e-11, 5.17255960286e-11, 1.41729501399e-11, 1.37771486927e-11, 8.12444122394e-12, 6.32483865629e-12, 5.45642697691e-12, 2.30591348967e-12, 1.74735475655e-12, 4.05955824512e-12],
        "max": [0.0551476106048, 0.0627307742834, 0.0610444284976, 0.0138362105936, 0.00399474287406, 0.00267134490423, 0.00289327232167, 0.00134853378404, 0.00289631984197, 0.00103658263106, 0.00117820105515, 0.00113455974497, 0.000674482202157, 0.000889719929546, 0.000840845343191, 0.000411405868363, 0.000665387662593, 0.000306692731101, 0.000534216233063, 0.000504873576574, 0.000233662503888, 0.000215906155063, 0.000201232673135, 0.000153928398504, 0.000191481711227, 0.000167273057741, 0.000177246110979, 9.52247501118e-05, 6.93995680194e-05, 7.7778888226e-05, 6.10172937741e-05, 6.45542531856e-05, 2.6684741897e-05, 2.70310429187e-05, 2.13730327232e-05, 2.80882286461e-05, 1.50223459059e-05, 1.03062775452e-05, 8.90387309482e-06, 1.35711243274e-05],
        "mean": [0.00555689632893, 0.00942930392921, 0.00528163975105, 0.000702122808434, 0.000263122579781, 0.000150925290654, 0.000119710559375, 6.95399867254e-05, 0.00010252136417, 5.83247601753e-05, 4.1872892325e-05, 6.14738455624e-05, 3.69676090486e-05, 2.24602135859e-05, 2.63773999905e-05, 1.65252913575e-05, 1.76617286343e-05, 1.26822342281e-05, 1.7707603547e-05, 1.23672816699e-05, 1.27865605464e-05, 1.29522441057e-05, 1.18079606182e-05, 1.03530092019e-05, 1.00730412669e-05, 8.27758594824e-06, 1.04919936348e-05, 7.61692899687e-06, 6.06207413512e-06, 6.26136716164e-06, 5.15776036991e-06, 4.17531737185e-06, 2.55537497651e-06, 2.41486895902e-06, 1.90002458567e-06, 1.47874368395e-06, 1.38255745696e-06, 1.12514032935e-06, 9.1787819656e-07, 1.00484760424e-06],
        "median": [0.00394375203177, 0.00620211148635, 0.00245904061012, 0.000435219350038, 0.000158202805324, 7.24873170839e-05, 4.48730752396e-05, 2.103404222e-05, 2.13319854083e-05, 1.90239497897e-05, 1.1052773516e-05, 1.74685555976e-05, 1.16695036922e-05, 6.14905911789e-06, 7.86756663729e-06, 6.11216501056e-06, 6.70870531394e-06, 6.30067506791e-06, 9.63741149462e-06, 5.10959944222e-06, 5.71121381654e-06, 5.98291262577e-06, 5.27803467776e-06, 5.03430737808e-06, 3.850338544e-06, 3.20499361806e-06, 3.77806509277e-06, 3.36660241373e-06, 3.02568150801e-06, 2.81384859591e-06, 2.66547999672e-06, 2.09809036278e-06, 1.48629931118e-06, 1.28739941374e-06, 1.09026450446e-06, 8.86304519554e-07, 7.83869495535e-07, 6.6773418439e-07, 5.28245209352e-07, 4.8675792641e-07],
        "min": [6.00614632978e-24, 3.35362717395e-24, 1.47512236389e-24, 1.78784832318e-24, 2.34945398161e-24, 3.25875836706e-24, 4.06038067514e-24, 3.00561566359e-24, 5.7956190757e-24, 5.49698276382e-24, 2.62763374971e-24, 3.44112920328e-24, 2.93481026975e-24, 1.14855662888e-23, 3.24171798543e-24, 3.49203991952e-24, 1.02555948758e-23, 5.37688460746e-24, 3.91584005806e-24, 9.99227704994e-24, 6.12883116105e-24, 7.45736325001e-24, 5.67503222e-24, 6.75513899371e-24, 4.65130217975e-24, 6.0107887762e-24, 5.46331299709e-24, 7.09079536458e-24, 7.71427710304e-24, 7.21233989741e-24, 7.4470544157e-24, 7.41358856952e-24, 8.49983583652e-24, 7.33603486507e-24, 7.9315664728e-24, 9.79458377392e-24, 9.11770640736e-24, 7.28477705003e-24, 6.00934279416e-24, 7.52133592512e-24],
        "var": [4.18087183789e-05, 0.000102803292975, 4.84006050101e-05, 7.62846354974e-07, 1.19583106084e-07, 5.82435433216e-08, 3.97167276844e-08, 1.4594067288e-08, 4.0538015611e-08, 8.78173800345e-09, 7.40120498222e-09, 1.81169461655e-08, 5.17155207547e-09, 2.36689423616e-09, 2.8630411375e-09, 9.91342563594e-10, 1.35235644905e-09, 3.34273886349e-10, 8.23062673572e-10, 4.38132308211e-10, 3.7518627094e-10, 3.13914394479e-10, 2.99705510409e-10, 2.14507647756e-10, 2.82156603637e-10, 2.65237665165e-10, 2.86519585835e-10, 1.12002136732e-10, 6.61728866147e-11, 7.79055847611e-11, 4.92097404492e-11, 3.30929970926e-11, 9.61827492652e-12, 8.98456222614e-12, 5.13382478889e-12, 3.15260729848e-12, 2.9506963279e-12, 1.55780965384e-12, 1.15457925338e-12, 2.17170942687e-12]
    },
    "mfcc": {
        "mean": [-666.402160645, 92.0841674805, 24.0468158722, 39.2829284668, 13.3704633713, 14.159122467, 8.4615278244, 7.56278181076, 6.58495616913, 3.66905665398, 0.266198515892, 0.53748947382, -1.54509830475],
        "cov": [[14522.2226562, 2250.49584961, 787.956115723, 1057.08044434, 568.083679199, 603.462402344, 379.467132568, 288.330352783, 158.070968628, 73.9693145752, 12.959405899, 17.8264331818, -18.8053684235], [2250.49584961, 1115.70300293, 428.580780029, 276.292022705, 255.164367676, 220.442764282, 158.046737671, 135.46975708, 62.0610618591, 17.6481227875, -18.3279266357, -5.20862722397, -0.402972251177], [787.956115723, 428.580780029, 731.759155273, 353.034301758, 208.976348877, 147.236709595, 122.085243225, 100.881004333, 76.4102096558, 9.80385780334, -5.03949737549, -29.8398647308, -29.3029098511], [1057.08044434, 276.292022705, 353.034301758, 435.314849854, 237.614746094, 133.063339233, 46.9706230164, 66.2801361084, 56.2627487183, 15.8016843796, 8.08048248291, -4.60004806519, -26.5882854462], [568.083679199, 255.164367676, 208.976348877, 237.614746094, 325.696594238, 163.164093018, 42.4596824646, 35.618888855, 17.4895095825, 1.89152801037, 0.624483287334, -0.0703806653619, -5.65312957764], [603.462402344, 220.442764282, 147.236709595, 133.063339233, 163.164093018, 233.393035889, 122.264358521, 56.4536514282, 34.9163589478, 19.7998256683, -10.2632408142, -9.93884277344, -4.05966567993], [379.467132568, 158.046737671, 122.085243225, 46.9706230164, 42.4596824646, 122.264358521, 162.166366577, 87.1903152466, 41.9736175537, 27.9772930145, 13.3205928802, 8.7185792923, 19.9358310699], [288.330352783, 135.46975708, 100.881004333, 66.2801361084, 35.618888855, 56.4536514282, 87.1903152466, 120.775978088, 63.286945343, 18.0408554077, 9.61901187897, 15.532286644, 30.4351825714], [158.070968628, 62.0610618591, 76.4102096558, 56.2627487183, 17.4895095825, 34.9163589478, 41.9736175537, 63.286945343, 104.19909668, 46.8415718079, 7.83089256287, -1.23959767818, 3.24942803383], [73.9693145752, 17.6481227875, 9.80385780334, 15.8016843796, 1.89152801037, 19.7998256683, 27.9772930145, 18.0408554077, 46.8415718079, 78.1680679321, 36.6541442871, 11.6845216751, -2.89711904526], [12.959405899, -18.3279266357, -5.03949737549, 8.08048248291, 0.624483287334, -10.2632408142, 13.3205928802, 9.61901187897, 7.83089256287, 36.6541442871, 85.4050216675, 44.2202148438, 8.1007194519], [17.8264331818, -5.20862722397, -29.8398647308, -4.60004806519, -0.0703806653619, -9.93884277344, 8.7185792923, 15.532286644, -1.23959767818, 11.6845216751, 44.2202148438, 80.8113708496, 36.8365058899], [-18.8053684235, -0.402972251177, -29.3029098511, -26.5882854462, -5.65312957764, -4.05966567993, 19.9358310699, 30.4351825714, 3.24942803383, -2.89711904526, 8.1007194519, 36.8365058899, 85.2955780029]],
