{
"lowlevel": {
    "average_loudness": 0.530077278614,
    "barkbands_crest": {
        "dmean": 3.124106884,
        "dmean2": 4.99016714096,
        "dvar": 7.87786960602,
        "dvar2": 18.1431770325,
        "max": 26.0828380585,
        "mean": 11.133354187,
        "median": 10.2760906219,
        "min": 1.95336818695,
        "var": 26.6411685944
    },
    "barkbands_flatness_db": {
        "dmean": 0.0274509396404,
        "dmean2": 0.0405399799347,
        "dvar": 0.000677998410538,
        "dvar2": 0.00144187884871,
        "max": 0.515634894371,
        "mean": 0.169859021902,
        "median": 0.163042277098,
        "min": 0.0171790849417,
        "var": 0.00804165098816
    },
    "barkbands_kurtosis": {
        "dmean": 5.20286226273,
        "dmean2": 8.16101264954,
        "dvar": 168.7578125,
        "dvar2": 438.677764893,
        "max": 351.664642334,
        "mean": 7.63762712479,
        "median": 1.85762739182,
        "min": -1.80266439915,
        "var": 452.276763916
    },
    "barkbands_skewness": {
        "dmean": 0.729800581932,
        "dmean2": 1.08264374733,
        "dvar": 0.621126651764,
        "dvar2": 1.32645606995,
        "max": 15.9280653,
        "mean": 1.71795248985,
        "median": 1.36645340919,
        "min": -4.46940898895,
        "var": 3.01120424271
    },
    "barkbands_spread": {
        "dmean": 6.54135370255,
        "dmean2": 9.54806518555,
        "dvar": 66.0968475342,
        "dvar2": 129.89402771,
        "max": 95.3264312744,
        "mean": 20.535572052,
        "median": 15.2216072083,
        "min": 0.376970529556,
        "var": 275.01550293
    },
    "dissonance": {
        "dmean": 0.0201737545431,
        "dmean2": 0.0347493030131,
        "dvar": 0.000585348694585,
        "dvar2": 0.00166498648468,
        "max": 0.500000178814,
        "mean": 0.461553245783,
        "median": 0.477999210358,
        "min": 0.150476574898,
        "var": 0.00206446624361
    },
    "dynamic_complexity": 8.64483261108,
    "erbbands_crest": {
        "dmean": 2.34089708328,
        "dmean2": 3.9213783741,
        "dvar": 5.31952953339,
        "dvar2": 14.5535898209,
        "max": 30.4960289001,
        "mean": 8.25882720947,
        "median": 6.75659179688,
        "min": 2.06143641472,
        "var": 23.8549957275
    },
    "erbbands_flatness_db": {
        "dmean": 0.0168212093413,
        "dmean2": 0.0260398425162,
        "dvar": 0.000288985378575,
        "dvar2": 0.000698096526321,
        "max": 0.513720393181,
        "mean": 0.189986467361,
        "median": 0.14169254899,
        "min": 0.0545588694513,
        "var": 0.00997347943485
    },
    "erbbands_kurtosis": {
        "dmean": 1.27812492847,
        "dmean2": 2.12035632133,
        "dvar": 15.0809116364,
        "dvar2": 44.2792015076,
        "max": 111.534637451,
        "mean": 1.06035482883,
        "median": -0.23025727272,
        "min": -1.74621844292,
        "var": 32.4480438232
    },
    "erbbands_skewness": {
        "dmean": 0.383204579353,
        "dmean2": 0.60562902689,
        "dvar": 0.143230497837,
        "dvar2": 0.37774297595,
        "max": 8.63109874725,
        "mean": 0.301979243755,
        "median": 0.147884503007,
        "min": -2.32931423187,
        "var": 0.903261899948
    },
    "erbbands_spread": {
        "dmean": 7.49256467819,
        "dmean2": 11.4367599487,
        "dvar": 65.4373092651,
        "dvar2": 138.053939819,
        "max": 131.073059082,
        "mean": 35.4707336426,
        "median": 33.7044906616,
        "min": 0.929093778133,
        "var": 467.787719727
    },
    "hfc": {
        "dmean": 8.03277778625,
        "dmean2": 11.4083967209,
        "dvar": 236.594924927,
        "dvar2": 460.687469482,
        "max": 185.624343872,
        "mean": 14.9899730682,
        "median": 4.82763290405,
        "min": 1.14215034339e-16,
        "var": 531.417419434
    },
    "melbands_crest": {
        "dmean": 4.19967985153,
        "dmean2": 6.54565286636,
        "dvar": 13.3038034439,
        "dvar2": 31.1091079712,
        "max": 38.1804084778,
        "mean": 15.9610595703,
        "median": 15.0300979614,
        "min": 2.36436629295,
        "var": 46.1236763
    },
    "melbands_flatness_db": {
        "dmean": 0.03434259817,
        "dmean2": 0.0489960685372,
        "dvar": 0.00105100253131,
        "dvar2": 0.00208581448533,
        "max": 0.62717705965,
        "mean": 0.230053171515,
        "median": 0.222799301147,
        "min": 0.00698526483029,
        "var": 0.0108922431245
    },
    "melbands_kurtosis": {
        "dmean": 11.0361843109,
        "dmean2": 16.6689605713,
        "dvar": 587.425964355,
        "dvar2": 1189.96325684,
        "max": 585.61730957,
        "mean": 17.8724765778,
        "median": 7.03637695312,
        "min": -1.75220584869,
        "var": 1174.68969727
    },
    "melbands_skewness": {
        "dmean": 0.943301558495,
        "dmean2": 1.4041634798,
        "dvar": 1.21008455753,
        "dvar2": 2.34470891953,
        "max": 21.2238960266,
        "mean": 2.75619602203,
        "median": 2.29056119919,
        "min": -3.99578356743,
        "var": 5.2068157196
    },
    "melbands_spread": {
        "dmean": 8.27785968781,
        "dmean2": 12.3200864792,
        "dvar": 135.266220093,
        "dvar2": 257.236297607,
        "max": 174.222564697,
        "mean": 21.6885299683,
        "median": 15.9486398697,
        "min": 0.31812825799,
        "var": 418.340423584
    },
    "pitch_salience": {
        "dmean": 0.0889022126794,
        "dmean2": 0.138469040394,
        "dvar": 0.00662995502353,
        "dvar2": 0.0149289984256,
        "max": 0.901340961456,
        "mean": 0.535507023335,
        "median": 0.555393218994,
        "min": 0.0318184383214,
        "var": 0.0217426288873
    },
    "silence_rate_20dB": {
        "dmean": 0,
        "dmean2": 0,
        "dvar": 0,
        "dvar2": 0,
        "max": 1,
        "mean": 1,
        "median": 1,
        "min": 1,
        "var": 0
    },
    "silence_rate_30dB": {
        "dmean": 0.0353784449399,
        "dmean2": 0.070761539042,
        "dvar": 0.0341294519603,
        "dvar2": 0.082325398922,
        "max": 1,
        "mean": 0.968569159508,
        "median": 1,
        "min": 0,
        "var": 0.0304409638047
    },
    "silence_rate_60dB": {
        "dmean": 0.038008812815,
        "dmean2": 0.0760226249695,
        "dvar": 0.0365646257997,
        "dvar2": 0.0852295383811,
        "max": 1,
        "mean": 0.444765925407,
        "median": 0,
        "min": 0,
        "var": 0.246937468648
    },
    "spectral_centroid": {
        "dmean": 288.665008545,
        "dmean2": 425.117401123,
        "dvar": 118414.34375,
        "dvar2": 226572.59375,
        "max": 11183.28125,
        "mean": 1359.22497559,
        "median": 1199.77368164,
        "min": 153.331268311,
        "var": 583998.3125
    },
    "spectral_complexity": {
        "dmean": 5.02952575684,
        "dmean2": 7.20741796494,
        "dvar": 52.8885536194,
        "dvar2": 95.2826919556,
        "max": 66,
        "mean": 15.4522619247,
        "median": 10,
        "min": 0,
        "var": 256.122558594
    },
    "spectral_decrease": {
        "dmean": 2.89619239702e-09,
        "dmean2": 4.15174561397e-09,
        "dvar": 2.87036139331e-17,
        "dvar2": 5.93511023057e-17,
        "max": 1.12602611798e-28,
        "mean": -6.20924289763e-09,
        "median": -1.56763335646e-09,
        "min": -7.42793417885e-08,
        "var": 7.79842521934e-17
    },
    "spectral_energy": {
        "dmean": 0.0114118214697,
        "dmean2": 0.0163341350853,
        "dvar": 0.000432623957749,
        "dvar2": 0.000887981150299,
        "max": 0.285939306021,
        "mean": 0.0247947815806,
        "median": 0.00663140043616,
        "min": 1.03694569952e-20,
        "var": 0.00120431859978
    },
    "spectral_energyband_high": {
        "dmean": 0.000684627390001,
        "dmean2": 0.000996101414785,
        "dvar": 2.02767728297e-06,
        "dvar2": 3.6550625282e-06,
        "max": 0.0142070110887,
        "mean": 0.00104500434827,
        "median": 0.000129108128021,
        "min": 7.5701162436e-21,
        "var": 4.0746808736e-06
    },
    "spectral_energyband_low": {
        "dmean": 0.00880180578679,
        "dmean2": 0.0131688471884,
        "dvar": 0.000348587171175,
        "dvar2": 0.00079360260861,
        "max": 0.251489251852,
        "mean": 0.0151009233668,
        "median": 0.00154343876056,
        "min": 5.07030754282e-23,
        "var": 0.000676638388541
    },
    "spectral_energyband_middle_high": {
        "dmean": 0.00154061592184,
        "dmean2": 0.00227114744484,
        "dvar": 8.8461647465e-06,
        "dvar2": 1.98505113076e-05,
        "max": 0.0457943528891,
        "mean": 0.00289867422543,
        "median": 0.000950867193751,
        "min": 1.09886612585e-21,
        "var": 1.84629843716e-05
    },
    "spectral_energyband_middle_low": {
        "dmean": 0.00465106684715,
        "dmean2": 0.00716580776498,
        "dvar": 0.000155549321789,
        "dvar2": 0.000343463208992,
        "max": 0.16791638732,
        "mean": 0.00684114312753,
        "median": 0.00136143388227,
        "min": 1.96186564307e-22,
        "var": 0.000193698404473
    },
    "spectral_entropy": {
        "dmean": 0.165843099356,
        "dmean2": 0.251688152552,
        "dvar": 0.0284348074347,
        "dvar2": 0.0695298984647,
        "max": 9.80997943878,
        "mean": 7.45695257187,
        "median": 7.70229482651,
        "min": 4.17034101486,
        "var": 0.634771585464
    },
    "spectral_flux": {
        "dmean": 0.0244780350477,
        "dmean2": 0.0366425439715,
        "dvar": 0.00136157264933,
        "dvar2": 0.00264040310867,
        "max": 0.441150397062,
        "mean": 0.0716150328517,
        "median": 0.0522233694792,
        "min": 6.85888082441e-11,
        "var": 0.00538808992133
    },
    "spectral_kurtosis": {
        "dmean": 4.47316122055,
        "dmean2": 7.61812353134,
        "dvar": 80.3112487793,
        "dvar2": 232.203277588,
        "max": 192.683242798,
        "mean": 11.340010643,
        "median": 3.70545744896,
        "min": -1.21660637856,
        "var": 397.792907715
    },
    "spectral_rms": {
        "dmean": 0.000895524863154,
        "dmean2": 0.00124099408276,
        "dvar": 1.68942608525e-06,
        "dvar2": 2.97460292131e-06,
        "max": 0.0167022496462,
        "mean": 0.00364322587848,
        "median": 0.00254355184734,
        "min": 3.18065127188e-12,
        "var": 1.0916991414e-05
    },
    "spectral_rolloff": {
        "dmean": 561.532409668,
        "dmean2": 864.777404785,
        "dvar": 789300.125,
        "dvar2": 1406887.375,
        "max": 18841.5527344,
        "mean": 1448.66101074,
        "median": 1055.12695312,
        "min": 43.06640625,
        "var": 2296564.5
    },
    "spectral_skewness": {
        "dmean": 0.372021883726,
        "dmean2": 0.612675487995,
        "dvar": 0.269527763128,
        "dvar2": 0.784084618092,
        "max": 11.131354332,
        "mean": 1.96818423271,
        "median": 1.48016166687,
        "min": -0.00555020943284,
        "var": 2.01465940475
    },
    "spectral_spread": {
        "dmean": 479745.8125,
        "dmean2": 702461.125,
        "dvar": 352611205120,
        "dvar2": 727769874432,
        "max": 42025044,
        "mean": 3902370.5,
        "median": 4067851.5,
        "min": 450646.28125,
        "var": 3.70417965466e+12
    },
    "spectral_strongpeak": {
        "dmean": 0.183259263635,
        "dmean2": 0.301027089357,
        "dvar": 0.0849090740085,
        "dvar2": 0.215218871832,
        "max": 5.51431035995,
        "mean": 0.315523922443,
        "median": 0.210899949074,
        "min": 0,
        "var": 0.122801683843
    },
    "zerocrossingrate": {
        "dmean": 0.0120085012168,
        "dmean2": 0.0126367742196,
        "dvar": 0.000220390909817,
        "dvar2": 0.000218125598622,
        "max": 0.74365234375,
        "mean": 0.0575732663274,
        "median": 0.04638671875,
        "min": 0.00244140625,
        "var": 0.00172720861156
    },
    "barkbands": {
        "dmean": [0.000940829049796, 0.00608915835619, 0.00289628282189, 0.00228215102106, 0.002777118003, 0.000543690868653, 0.000378881813958, 0.000316499819746, 0.000232593840337, 0.000298342609312, 0.000154346707859, 0.000252112862654, 0.000259553547949, 0.000203783376492, 0.000201172297238, 0.000195613800315, 0.000146699996549, 0.000134878355311, 0.000171103078173, 0.000223687005928, 0.000182053816388, 0.000143029319588, 0.000115429138532, 0.000102851321572, 7.09622472641e-05, 2.24838950089e-05, 7.68930760842e-07],
        "dmean2": [0.0012914526742, 0.00914134085178, 0.00467842258513, 0.0038836626336, 0.00491317873821, 0.000894664204679, 0.000626254419331, 0.000527105119545, 0.00038575247163, 0.000487405864988, 0.000256622355664, 0.000411839981098, 0.000425773003371, 0.000330953596858, 0.000330849841703, 0.000308635790134, 0.000235354717006, 0.0002174309775, 0.000269777869107, 0.000341305858456, 0.00026536398218, 0.000209152130992, 0.000172423009644, 0.000152508611791, 0.000102968748251, 3.21377810906e-05, 1.27437567699e-06],
        "dvar": [4.54723704024e-06, 0.000135227761348, 0.000180281349458, 7.11674510967e-05, 0.000107380641566, 1.13455917017e-06, 4.9346851938e-07, 5.21193214809e-07, 2.26679674142e-07, 3.96689074478e-07, 1.09360307476e-07, 2.12649823084e-07, 3.47299305758e-07, 2.60870507418e-07, 1.9083705638e-07, 1.83290566724e-07, 1.17019730794e-07, 8.85590054622e-08, 1.58968092023e-07, 2.5288986194e-07, 1.53964862193e-07, 1.03227741022e-07, 5.64206104059e-08, 4.67535201665e-08, 2.57297205764e-08, 3.75044706402e-09, 1.60284788914e-11],
        "dvar2": [8.24578182801e-06, 0.000310103059746, 0.000459401897388, 0.000189390571904, 0.000311367737595, 2.92994536721e-06, 1.24154314562e-06, 1.36929088512e-06, 5.80247899507e-07, 9.9551925814e-07, 2.90757242283e-07, 5.27345491719e-07, 9.02718113593e-07, 6.22995003141e-07, 4.91359969601e-07, 4.40556988224e-07, 2.70037787686e-07, 2.18351033254e-07, 3.89379351873e-07, 5.90712886606e-07, 3.1036506698e-07, 2.04736181786e-07, 1.13815978864e-07, 1.05274949647e-07, 4.75109516174e-08, 6.72987088279e-09, 4.19642515181e-11],
        "max": [0.0423248484731, 0.205781042576, 0.210862398148, 0.121837601066, 0.14762173593, 0.0209475122392, 0.0112058455124, 0.0127512384206, 0.0117574827746, 0.0126647194847, 0.00842943042517, 0.00942337699234, 0.0181592479348, 0.0192757286131, 0.00749361841008, 0.00783168710768, 0.0122460052371, 0.00620717741549, 0.00706417672336, 0.00635627144948, 0.00584442913532, 0.00398798845708, 0.00271795666777, 0.00235533574596, 0.00184981373604, 0.00176028674468, 0.000154826018843],
        "mean": [0.0015692160232, 0.00969947874546, 0.00279853842221, 0.00195436994545, 0.00284635578282, 0.000738987757359, 0.000477581081213, 0.000398710923037, 0.000335067859851, 0.000464716984425, 0.000204395124456, 0.000364524399629, 0.000318296195474, 0.000266075396212, 0.000260556960711, 0.000278991792584, 0.000205402451684, 0.000194208623725, 0.00023896303901, 0.000287677568849, 0.000256492203334, 0.000214291998418, 0.000163347503985, 0.00013365286577, 9.38917437452e-05, 2.99538332911e-05, 8.52378434502e-07],
        "median": [3.64273728337e-05, 0.000735898327548, 0.000133137888042, 6.5274478402e-05, 0.000221689464524, 0.000215126114199, 0.000146521153511, 0.00012138360762, 0.000102439254988, 0.000126124257804, 5.37945670658e-05, 0.000137414142955, 7.37487935112e-05, 5.67661591049e-05, 6.64958570269e-05, 7.46063451516e-05, 4.51237283414e-05, 3.55059746653e-05, 3.87767504435e-05, 3.86737592635e-05, 2.89381114271e-05, 1.93717933143e-05, 1.40854644997e-05, 1.14391859825e-05, 5.32362400918e-06, 1.46692332237e-06, 2.95923174853e-09],
        "min": [9.34543319576e-24, 1.56768245102e-23, 1.83793010438e-23, 3.49409963534e-24, 1.50828122485e-23, 1.64110851967e-23, 2.4564967661e-23, 5.94397225753e-24, 3.91679726188e-23, 4.57103148056e-23, 4.00835624508e-23, 4.41953516134e-23, 8.32953559766e-23, 3.64941412024e-23, 6.58853409488e-23, 1.34424359496e-22, 1.23611436757e-22, 1.28689214497e-22, 2.10752483336e-22, 2.49077870466e-22, 3.27006296471e-22, 5.6958958239e-22, 5.41359317683e-22, 9.57799317715e-22, 1.05438315555e-21, 1.37278407764e-21, 2.21053456804e-21],
        "var": [1.33464209284e-05, 0.000300862389849, 0.000146477119415, 5.25831019331e-05, 7.085823745e-05, 1.48530955357e-06, 6.68291875172e-07, 6.20230309778e-07, 3.49198444383e-07, 7.95134326381e-07, 1.37776353881e-07, 3.47274863088e-07, 3.93090886064e-07, 3.33725211021e-07, 2.48885129395e-07, 2.88126585701e-07, 1.76787892769e-07, 1.30767261908e-07, 2.15017962546e-07, 3.43354344068e-07, 2.79751276366e-07, 2.02868889687e-07, 1.06933185862e-07, 7.01763553934e-08, 4.17611545345e-08, 7.15983805577e-09, 1.86507320005e-11]
    },
    "erbbands": {
        "dmean": [0.222428932786, 1.26724755764, 2.80331921577, 6.11778640747, 7.59637117386, 9.52430820465, 5.55682468414, 4.55328226089, 6.21301412582, 4.95093536377, 6.0850610733, 5.30812835693, 7.31763362885, 8.13828372955, 7.46788597107, 9.03289318085, 11.7209730148, 10.1874113083, 9.70861911774, 10.9368753433, 10.4219493866, 7.995885849, 7.41163492203, 8.62574100494, 8.26016807556, 10.7862586975, 8.28085422516, 6.9476313591, 5.56448984146, 3.94867396355, 3.36098051071, 2.5036740303, 1.5669028759, 0.934358716011, 0.434217184782, 0.143232062459, 0.0318995602429, 0.00373959285207, 0.000117619434604, 1.63021122717e-05],
        "dmean2": [0.33984297514, 1.87396109104, 4.48365783691, 10.1807546616, 12.427901268, 17.2750911713, 9.02906608582, 7.38871097565, 10.270236969, 8.26825523376, 10.0724468231, 8.72883319855, 11.8979511261, 13.3350734711, 12.2225551605, 14.6397266388, 19.1235580444, 16.4225482941, 15.7277145386, 17.8745937347, 16.2580127716, 12.7053079605, 11.9326887131, 13.7830305099, 12.6442461014, 16.4952907562, 12.1787977219, 10.0065231323, 8.15038967133, 5.94027042389, 5.00027179718, 3.74835729599, 2.32301616669, 1.3853405714, 0.633410215378, 0.210912406445, 0.0441632643342, 0.00531787099317, 0.000178427202627, 2.31471130974e-05],
        "dvar": [0.191651776433, 6.56723070145, 136.272842407, 554.754577637, 522.199523926, 1649.47631836, 165.635452271, 83.5657653809, 140.983627319, 108.642410278, 182.296173096, 133.263412476, 200.202560425, 321.587036133, 222.035522461, 282.08013916, 691.460693359, 590.61315918, 506.277435303, 673.653442383, 501.172393799, 339.838378906, 294.919677734, 382.327880859, 336.735778809, 625.500915527, 343.196289062, 222.856002808, 156.804718018, 77.015914917, 45.2627677917, 28.2157669067, 11.0910282135, 4.47501564026, 0.965595543385, 0.117006286979, 0.0146495811641, 0.000224457777222, 2.49386573614e-07, 8.00019772651e-10],
        "dvar2": [0.450396209955, 14.6254062653, 338.880981445, 1396.00305176, 1299.37927246, 4821.77636719, 422.159637451, 215.242355347, 358.853302002, 288.012817383, 473.355987549, 336.812866211, 492.885070801, 832.684570312, 572.00378418, 699.408325195, 1783.47924805, 1446.79992676, 1228.55908203, 1737.36193848, 1183.26477051, 786.769836426, 750.096862793, 924.118225098, 788.091064453, 1434.35632324, 684.738891602, 453.395233154, 299.815765381, 177.14352417, 91.1299972534, 60.2119369507, 25.5266342163, 8.59528446198, 1.7674946785, 0.218270599842, 0.0246362630278, 0.000401379249524, 5.84945382798e-07, 1.49528078808e-09],
        "max": [7.97577142715, 38.7655639648, 190.311767578, 402.295288086, 303.934265137, 577.441711426, 188.444946289, 225.070205688, 205.067367554, 181.93170166, 251.539718628, 369.205291748, 368.118927002, 369.991821289, 276.836547852, 253.522186279, 949.352539062, 568.583557129, 812.892944336, 507.671875, 407.366546631, 551.856018066, 394.556610107, 538.906494141, 347.943237305, 276.430755615, 326.182830811, 209.246139526, 188.59602356, 132.568954468, 70.3101501465, 61.3433647156, 32.6755409241, 22.3097419739, 13.1319675446, 5.12904071808, 4.56069469452, 0.515741825104, 0.0170387532562, 0.000462974829134],
        "mean": [0.34360525012, 1.92063784599, 3.17078518867, 5.90074825287, 8.23644828796, 8.87457180023, 7.10401153564, 6.24280071259, 7.92301750183, 6.40869903564, 8.18297767639, 7.53529548645, 11.7187604904, 12.5546627045, 11.3757162094, 13.3262653351, 15.1550006866, 13.4728879929, 13.6637144089, 14.3915328979, 15.2563037872, 11.7669792175, 10.5753355026, 12.1399126053, 12.0085811615, 13.7650222778, 11.2795944214, 9.71886634827, 8.24432945251, 5.46994304657, 4.59594774246, 3.30348610878, 2.00583386421, 1.20668148994, 0.574686944485, 0.185334354639, 0.0436878688633, 0.00544248335063, 0.000165419551195, 3.54812837031e-05],
        "median": [0.0248055253178, 0.118085339665, 0.184049546719, 0.240961432457, 0.367705285549, 0.767717838287, 1.04195332527, 2.00583314896, 2.75565290451, 2.10364532471, 2.50961828232, 2.29209470749, 3.94586610794, 3.49216771126, 3.82269954681, 5.24619340897, 3.75631952286, 2.97578954697, 3.39347410202, 4.31360912323, 4.03959560394, 2.708507061, 2.0028181076, 1.90411508083, 2.09333181381, 1.83355712891, 1.31430006027, 0.95462757349, 0.71593439579, 0.490895181894, 0.395644247532, 0.283694386482, 0.164679124951, 0.0742815732956, 0.0290355235338, 0.00874167308211, 0.00196662731469, 0.000183272873983, 1.90258979273e-05, 1.36581556944e-05],
        "min": [3.6635664742e-22, 4.29300517905e-21, 3.13481968177e-20, 8.20882730788e-21, 4.35735805356e-20, 4.54009162127e-20, 1.08543001871e-19, 1.43811346552e-19, 4.19340684949e-19, 3.86515082165e-19, 3.17103358436e-19, 5.99543041219e-19, 2.08222225811e-18, 1.68410870788e-18, 1.62476232464e-18, 2.90675775385e-18, 4.03477485621e-18, 1.73036712928e-18, 3.17030907754e-18, 2.94800532189e-18, 7.39701051538e-18, 6.71160907341e-18, 8.51930683661e-18, 1.07611921169e-17, 1.02954149858e-17, 1.30515700335e-17, 1.35600247211e-17, 1.46008412705e-17, 1.91395349695e-17, 1.58650147832e-17, 1.58732981699e-17, 1.72637441118e-17, 1.26343211074e-17, 9.59890823053e-18, 7.72113213942e-18, 4.05538778348e-18, 2.87289690868e-18, 1.13241708283e-18, 3.09395250049e-19, 3.28080575077e-20],
        "var": [0.408690005541, 13.5555639267, 123.585670471, 460.68536377, 500.878265381, 983.744812012, 208.561264038, 107.496231079, 186.644348145, 121.996353149, 234.635452271, 197.783737183, 385.358978271, 557.642028809, 345.022399902, 430.419219971, 823.208190918, 744.752258301, 732.94354248, 810.124145508, 826.958129883, 523.988891602, 399.893310547, 544.067687988, 505.707305908, 841.281616211, 575.390686035, 403.176605225, 314.470672607, 125.58416748, 85.8016281128, 44.5306739807, 15.9966955185, 6.85099315643, 1.58274972439, 0.194047898054, 0.0292151998729, 0.000445848068921, 3.52153620042e-07, 2.37734210096e-09]
    },
    "gfcc": {
        "mean": [-121.894561768, 111.765823364, -133.263092041, 20.395734787, -55.8713760376, 8.88041114807, -33.7275505066, 4.98981571198, -20.7328987122, 1.30429089069, -8.68782711029, -1.17033350468, -3.41522622108],
        "cov": [[40263.3046875, -6848.21777344, 3228.40844727, 6885.38378906, -162.608306885, 4135.60400391, -132.10760498, 1599.82775879, -699.275512695, 1062.88623047, -879.380004883, 745.506835938, -556.558532715], [-6848.21777344, 3113.56054688, -914.85144043, -1328.74914551, 397.435668945, -1078.93322754, 239.205764771, -545.951293945, 248.793304443, -413.914672852, 344.599151611, -299.06036377, 270.402770996], [3228.40844727, -914.85144043, 1614.17431641, 767.549499512, 140.277435303, 656.645019531, -87.4261474609, 311.341949463, -134.412460327, 272.540008545, -282.324279785, 173.319366455, -193.451156616], [6885.38378906, -1328.74914551, 767.549499512, 1663.13574219, -5.3030705452, 892.354370117, 3.41335940361, 312.607513428, -138.83241272, 181.281845093, -143.47996521, 126.935066223, -83.6963577271], [-162.608306885, 397.435668945, 140.277435303, -5.3030705452, 417.513336182, 22.8691425323, 121.973320007, 7.69337701797, 45.7170066833, 16.2676677704, -22.1539325714, -8.47074604034, 16.6749916077], [4135.60400391, -1078.93322754, 656.645019531, 892.354370117, 22.8691425323, 761.512329102, 12.3256864548, 302.787994385, -64.9634017944, 186.742782593, -155.829269409, 114.105644226, -90.3452301025], [-132.10760498, 239.205764771, -87.4261474609, 3.41335940361, 121.973320007, 12.3256864548, 225.523239136, 28.0509567261, 68.143951416, 10.0332565308, 57.9347419739, -8.81701469421, 50.1908302307], [1599.82775879, -545.951293945, 311.341949463, 312.607513428, 7.69337701797, 302.787994385, 28.0509567261, 237.281097412, 9.00457859039, 127.441673279, -69.4791412354, 71.2840881348, -48.3257751465], [-699.275512695, 248.793304443, -134.412460327, -138.83241272, 45.7170066833, -64.9634017944, 68.143951416, 9.00457859039, 171.519287109, 6.01502513885, 45.4091491699, -20.0010089874, 42.1778068542], [1062.88623047, -413.914672852, 272.540008545, 181.281845093, 16.2676677704, 186.742782593, 10.0332565308, 127.441673279, 6.01502513885, 170.858261108, -40.571811676, 75.0947647095, -42.5425415039], [-879.380004883, 344.599151611, -282.324279785, -143.47996521, -22.1539325714, -155.829269409, 57.9347419739, -69.4791412354, 45.4091491699, -40.571811676, 179.992752075, -12.412727356, 69.731628418], [745.506835938, -299.06036377, 173.319366455, 126.935066223, -8.47074604034, 114.105644226, -8.81701469421, 71.2840881348, -20.0010089874, 75.0947647095, -12.412727356, 109.516067505, -7.70073413849], [-556.558532715, 270.402770996, -193.451156616, -83.6963577271, 16.6749916077, -90.3452301025, 50.1908302307, -48.3257751465, 42.1778068542, -42.5425415039, 69.731628418, -7.70073413849, 108.612167358]],
        "icov": [[0.000106342922663, -6.67694257572e-05, 0.000143396784551, -0.00038561646943, 4.06018552894e-05, -0.000141054377309, 5.27242882526e-05, -7.69589023548e-05, 0.000119475778774, -0.000224029718083, 0.000229740646319, -0.000267181399977, 0.000186651071999], [-6.67694257572e-05, 0.00216370075941, -0.0010319649009, 0.000673962465953, -0.00150444312021, 0.00133617629763, -0.000872044533025, 0.00147024868056, -0.00129738624673, 0.00221415935084, -0.00203354191035, 0.00256783678196, -0.00178931897972], [0.000143396784551, -0.0010319649009, 0.0020940429531, -0.000857739127241, 0.000107798579847, -0.00110897340346, 0.000824104237836, -0.000878389633726, 0.00106710917316, -0.00204234453849, 0.00208105100319, -0.00234416732565, 0.00194544694386], [-0.00038561646943, 0.000673962465953, -0.000857739127241, 0.003273088485, -0.000353133276803, -0.00151482061483, -0.000363106722943, 0.000803932605777, 4.45543919341e-05, 0.00148338172585, -0.00182202737778, 0.00170770555269, -0.0014851592714], [4.06018552894e-05, -0.00150444312021, 0.000107798579847, -0.000353133276803, 0.00437856419012, -0.000880887440871, -0.00148604705464, -0.000140982083394, 0.000330237409798, -0.00159261270892, 0.00233915355057, -0.00144810951315, 0.000735921843443], [-0.000141054377309, 0.00133617629763, -0.00110897340346, -0.00151482061483, -0.000880887440871, 0.0071946461685, -0.00106767343823, -0.00258087716065, -0.000741534051485, 0.000905693857931, 0.000186676086741, 0.00133610283956, -0.00110939773731], [5.27242882526e-05, -0.000872044533025, 0.000824104237836, -0.000363106722943, -0.00148604705464, -0.00106767343823, 0.00765643967316, -0.00236112601124, -0.000384566810681, -0.00143082055729, -0.00130846793763, 0.000207042292459, -0.00117573980242], [-7.69589023548e-05, 0.00147024868056, -0.000878389633726, 0.000803932605777, -0.000140982083394, -0.00258087716065, -0.00236112601124, 0.0130145577714, -0.00317840324715, -0.00186191883404, -0.000168836442754, -0.00028434037813, 0.00035011372529], [0.000119475778774, -0.00129738624673, 0.00106710917316, 4.45543919341e-05, 0.000330237409798, -0.000741534051485, -0.000384566810681, -0.00317840324715, 0.00941790267825, -0.00331817241386, 0.0005289146211, 0.000698041461874, -0.00137387751602], [-0.000224029718083, 0.00221415935084, -0.00204234453849, 0.00148338172585, -0.00159261270892, 0.000905693857931, -0.00143082055729, -0.00186191883404, -0.00331817241386, 0.015623007901, -0.00321423728019, -0.0025006281212, 0.000969960936345], [0.000229740646319, -0.00203354191035, 0.00208105100319, -0.00182202737778, 0.00233915355057, 0.000186676086741, -0.00130846793763, -0.000168836442754, 0.0005289146211, -0.00321423728019, 0.0123374061659, -0.00466834474355, -0.000848057388794], [-0.000267181399977, 0.00256783678196, -0.00234416732565, 0.00170770555269, -0.00144810951315, 0.00133610283956, 0.000207042292459, -0.00028434037813, 0.000698041461874, -0.0025006281212, -0.00466834474355, 0.0192532967776, -0.00639808084816], [0.000186651071999, -0.00178931897972, 0.00194544694386, -0.0014851592714, 0.000735921843443, -0.00110939773731, -0.00117573980242, 0.00035011372529, -0.00137387751602, 0.000969960936345, -0.000848057388794, -0.00639808084816, 0.0176064483821]]
    },
    "melbands": {
        "dmean": [0.00181460438762, 0.00143813027535, 0.000996135640889, 0.000674064853229, 0.00022898579482, 0.000103185033367, 8.77440106706e-05, 6.01296742389e-05, 4.67751015094e-05, 3.38702084264e-05, 3.83399710699e-05, 3.59005607606e-05, 2.27212167374e-05, 3.00133651763e-05, 2.41393900069e-05, 2.57504179899e-05, 1.93188607227e-05, 1.61334519362e-05, 1.56649875862e-05, 1.44474124681e-05, 1.20635713756e-05, 8.91321360541e-06, 7.28071518097e-06, 6.5792460191e-06, 7.43204418541e-06, 6.04166780249e-06, 6.67390213493e-06, 7.61683440942e-06, 5.80619689572e-06, 4.02660270993e-06, 4.19733578383e-06, 3.57572912435e-06, 2.42745090873e-06, 2.17503657041e-06, 1.99579585569e-06, 1.81621237516e-06, 1.42060139297e-06, 1.16878982226e-06, 9.24659957491e-07, 7.84944461429e-07],
        "dmean2": [0.00272012199275, 0.00219003274105, 0.00155320786871, 0.00117975333706, 0.000382981699659, 0.00016785315529, 0.000144853678648, 0.000100546341855, 7.7559678175e-05, 5.58506508241e-05, 6.26286491752e-05, 5.88478360442e-05, 3.74278861273e-05, 4.92493272759e-05, 3.95779534301e-05, 4.19974639954e-05, 3.14648568747e-05, 2.62622415903e-05, 2.59526277659e-05, 2.30502137128e-05, 1.90535793081e-05, 1.42900644278e-05, 1.19462729344e-05, 1.06213628897e-05, 1.20415070342e-05, 9.57574502536e-06, 1.03419733932e-05, 1.17577201308e-05, 8.55501912156e-06, 6.12132089373e-06, 6.09880771663e-06, 5.24986762684e-06, 3.73463444703e-06, 3.33093862537e-06, 2.97433552987e-06, 2.753880608e-06, 2.16981834456e-06, 1.77351898856e-06, 1.35964273795e-06, 1.18601826671e-06],
        "dvar": [1.18512725749e-05, 1.95109805645e-05, 1.15172124424e-05, 6.3735974436e-06, 4.25434279805e-07, 3.97590333989e-08, 2.66514135205e-08, 1.72665490794e-08, 1.00138839443e-08, 5.36577404731e-09, 5.69842795173e-09, 6.37883790233e-09, 2.2357338203e-09, 3.17525739035e-09, 2.70925282209e-09, 3.57274654306e-09, 2.28253460577e-09, 1.65072044922e-09, 1.13607268037e-09, 1.18308496333e-09, 6.93039681199e-10, 4.3094955382e-10, 3.20220183703e-10, 2.11569706199e-10, 2.92180141193e-10, 1.93657728742e-10, 2.08355166453e-10, 3.22830789878e-10, 1.7441527389e-10, 7.21618528821e-11, 8.80465422792e-11, 6.80794171037e-11, 2.90442652567e-11, 2.39660340184e-11, 1.63103107409e-11, 1.47771586634e-11, 9.10262143439e-12, 6.47788333391e-12, 3.80915828394e-12, 3.53326157394e-12],
        "dvar2": [2.68911335297e-05, 4.63654905616e-05, 2.67588311544e-05, 1.81043014891e-05, 1.16575120046e-06, 1.02682456316e-07, 6.79365115275e-08, 4.58184281626e-08, 2.59383838852e-08, 1.35586946115e-08, 1.4030917761e-08, 1.64469859953e-08, 5.84390313918e-09, 7.94924481795e-09, 6.86931755922e-09, 9.25448695455e-09, 5.59198598538e-09, 3.95838428702e-09, 2.95306312736e-09, 2.93664759177e-09, 1.68824132452e-09, 9.74845315582e-10, 8.24967094637e-10, 5.19255860532e-10, 7.19983239694e-10, 4.7066123221e-10, 4.81771011973e-10, 7.61305962715e-10, 3.58645640963e-10, 1.50329693138e-10, 1.90201743244e-10, 1.33410185676e-10, 6.40820105313e-11, 5.74842985712e-11, 3.38346989315e-11, 3.08180599096e-11, 1.91048218912e-11, 1.58575565873e-11, 8.23199841626e-12, 6.9629753352e-12],
        "max": [0.064224742353, 0.0703369528055, 0.0571203045547, 0.0370325148106, 0.00820286478847, 0.0046683549881, 0.00263867131434, 0.00186894508079, 0.00186300498899, 0.00234135333449, 0.00196236744523, 0.00158987671603, 0.00105345924385, 0.00133115123026, 0.000940729805734, 0.00207066140138, 0.0012963921763, 0.00181412522215, 0.000597880571149, 0.000733737833798, 0.000523043447174, 0.000446091551566, 0.000815295963548, 0.000297895167023, 0.000469615508337, 0.000270023301709, 0.000165521734743, 0.000215250373003, 0.000214452200453, 0.000127474762849, 0.000190659295185, 0.000134341273224, 6.74353141221e-05, 8.63407622091e-05, 4.39830619143e-05, 4.45852383564e-05, 3.0766997952e-05, 2.62116336671e-05, 2.17691904254e-05, 2.24935884034e-05],
        "mean": [0.00300172739662, 0.00201949011534, 0.001055437373, 0.000665426370688, 0.000271439290373, 0.000143076496897, 0.000111782268505, 7.60030088713e-05, 6.34501702734e-05, 4.73367254017e-05, 6.06464527664e-05, 5.46273658983e-05, 3.26027766278e-05, 4.25509824709e-05, 3.18103921018e-05, 3.15627476084e-05, 2.44072834903e-05, 2.19403846131e-05, 1.97914323508e-05, 1.93896630662e-05, 1.70124385477e-05, 1.24723583212e-05, 9.82362507784e-06, 9.2212258096e-06, 9.97822553472e-06, 8.5690708147e-06, 9.18891782931e-06, 9.08932906896e-06, 7.42887277738e-06, 5.86413852943e-06, 5.4956758504e-06, 4.97667315358e-06, 3.56541431756e-06, 2.81220764009e-06, 2.65963763013e-06, 2.43253998633e-06, 1.84263956271e-06, 1.43705460687e-06, 1.19558728784e-06, 9.59871158557e-07],
        "median": [0.000234457605984, 0.000132766028401, 4.60209921584e-05, 4.1370785766e-05, 3.61204765795e-05, 4.81820607092e-05, 3.92173460568e-05, 2.32472630159e-05, 1.90111841221e-05, 1.40076735988e-05, 1.9585564587e-05, 1.43073775689e-05, 9.85277984e-06, 1.59285773407e-05, 9.47830994846e-06, 6.95310427545e-06, 4.98612007505e-06, 5.01123486174e-06, 5.19452714798e-06, 5.6027570281e-06, 4.23306573794e-06, 2.76627133644e-06, 1.89799152395e-06, 1.63150389199e-06, 1.43443332945e-06, 1.48498725139e-06, 1.4113297766e-06, 1.07141454464e-06, 7.97379584583e-07, 5.77907314891e-07, 4.90718264246e-07, 3.80379390208e-07, 3.40285282618e-07, 2.34400175714e-07, 2.16912866335e-07, 2.04250568459e-07, 1.51129142978e-07, 1.18295218954e-07, 8.00050869998e-08, 5.2089845326e-08],
        "min": [4.21731942464e-24, 1.27047389849e-23, 2.82914254871e-24, 3.04243456305e-24, 3.21729248522e-24, 3.77710427395e-24, 5.48669917306e-24, 5.02509287563e-24, 2.67347386527e-24, 4.60746162937e-24, 1.07547245255e-23, 6.20262673215e-24, 5.91085982104e-24, 6.83382155812e-24, 9.3799774148e-24, 6.03896097128e-24, 3.04058527587e-24, 5.00088746762e-24, 4.35439505098e-24, 3.78782016049e-24, 8.77913992862e-24, 5.08470985525e-24, 9.7688369317e-24, 5.87887939994e-24, 8.91123153175e-24, 7.29613901365e-24, 6.93327561902e-24, 8.20564988344e-24, 9.30991315578e-24, 6.95984918747e-24, 8.17643205323e-24, 1.02775614966e-23, 8.6589853687e-24, 8.76211867687e-24, 9.37404202535e-24, 9.37930451645e-24, 1.0362981722e-23, 8.61278099662e-24, 8.31199306662e-24, 8.01784813431e-24],
        "var": [2.81630982499e-05, 2.39175296883e-05, 1.1430597624e-05, 4.35525316789e-06, 3.87175816741e-07, 5.20566700857e-08, 3.51522899678e-08, 1.95810034853e-08, 1.3323674608e-08, 8.02484123597e-09, 1.09674775928e-08, 1.13807860913e-08, 3.05234193476e-09, 5.15395459644e-09, 3.36456840166e-09, 4.12446654607e-09, 2.78467737758e-09, 2.24913354607e-09, 1.41482614513e-09, 1.59670909827e-09, 1.07623554513e-09, 6.69040767232e-10, 3.84430015599e-10, 3.1388672217e-10, 3.88411885988e-10, 2.67053518188e-10, 3.11139114473e-10, 4.0040620819e-10, 2.64727934018e-10, 1.39201580818e-10, 1.39835948376e-10, 1.24554463965e-10, 5.35396449397e-11, 3.50590841081e-11, 2.99078713184e-11, 2.49444319367e-11, 1.38430551744e-11, 8.51840820104e-12, 5.85655265603e-12, 4.91976251404e-12]
    },
    "mfcc": {
        "mean": [-738.543334961, 119.942955017, -4.02861976624, 9.53480815887, 0.426932275295, 1.83156681061, 0.135580450296, 0.265412122011, -1.89811336994, 1.09900534153, -4.78282213211, -0.286915481091, 3.4319050312],
        "cov": [[27657.2675781, -2682.11132812, 1120.31018066, 2984.2902832, 1286.35351562, 2241.83129883, 1272.04260254, 1097.94995117, 855.969482422, 667.210205078, 533.709716797, 448.855804443, -174.337280273], [-2682.11132812, 1819.24084473, -428.109527588, -345.385040283, -17.0708656311, -277.146484375, -110.731285095, -137.465072632, -122.187446594, -91.044708252, -144.662490845, -84.1441574097, 92.6372299194], [1120.31018066, -428.109527588, 943.247619629, 309.900939941, 141.017562866, 272.076049805, 80.2880172729, 87.1696624756, 74.6196060181, 64.1620483398, 115.437469482, 15.8178853989, -74.348197937], [2984.2902832, -345.385040283, 309.900939941, 659.197998047, 254.981735229, 369.333465576, 225.03767395, 175.406784058, 123.748939514, 84.0441513062, 64.5440063477, 52.7068824768, -23.2688026428], [1286.35351562, -17.0708656311, 141.017562866, 254.981735229, 302.506103516, 223.967544556, 119.620048523, 96.5012588501, 89.2356567383, 60.747833252, 28.1992835999, 19.9453201294, -1.03287255764], [2241.83129883, -277.146484375, 272.076049805, 369.333465576, 223.967544556, 393.515167236, 187.672927856, 145.53944397, 137.714660645, 94.3827514648, 77.0120010376, 51.1241874695, -23.2891807556], [1272.04260254, -110.731285095, 80.2880172729, 225.03767395, 119.620048523, 187.672927856, 232.607269287, 120.281967163, 70.626991272, 47.5152435303, 32.4189453125, 37.2283477783, 16.6570701599], [1097.94995117, -137.465072632, 87.1696624756, 175.406784058, 96.5012588501, 145.53944397, 120.281967163, 148.891220093, 99.3735275269, 59.1651229858, 42.6778907776, 37.1767349243, 13.4504327774], [855.969482422, -122.187446594, 74.6196060181, 123.748939514, 89.2356567383, 137.714660645, 70.626991272, 99.3735275269, 167.750213623, 92.680519104, 49.758228302, 43.125213623, 12.1704072952], [667.210205078, -91.044708252, 64.1620483398, 84.0441513062, 60.747833252, 94.3827514648, 47.5152435303, 59.1651229858, 92.680519104, 108.531814575, 62.2399749756, 27.5452747345, 8.72821235657], [533.709716797, -144.662490845, 115.437469482, 64.5440063477, 28.1992835999, 77.0120010376, 32.4189453125, 42.6778907776, 49.758228302, 62.2399749756, 100.046180725, 46.4253883362, -1.91337788105], [448.855804443, -84.1441574097, 15.8178853989, 52.7068824768, 19.9453201294, 51.1241874695, 37.2283477783, 37.1767349243, 43.125213623, 27.5452747345, 46.4253883362, 78.1409912109, 36.4716567993], [-174.337280273, 92.6372299194, -74.348197937, -23.2688026428, -1.03287255764, -23.2891807556, 16.6570701599, 13.4504327774, 12.1704072952, 8.72821235657, -1.91337788105, 36.4716567993, 102.979431152]],
