{
"lowlevel": {
    "average_loudness": 0.931936681271,
    "barkbands_crest": {
        "dmean": 1.89453995228,
        "dmean2": 2.96728825569,
        "dvar": 3.29626584053,
        "dvar2": 7.90519046783,
        "max": 24.1543235779,
        "mean": 12.4322395325,
        "median": 11.5434455872,
        "min": 3.04015398026,
        "var": 21.110414505
    },
    "barkbands_flatness_db": {
        "dmean": 0.017103953287,
        "dmean2": 0.025329913944,
        "dvar": 0.000293946970487,
        "dvar2": 0.000609586189967,
        "max": 0.377554357052,
        "mean": 0.197852447629,
        "median": 0.194594711065,
        "min": 0.0172254573554,
        "var": 0.00262969476171
    },
    "barkbands_kurtosis": {
        "dmean": 3.07893157005,
        "dmean2": 4.68550252914,
        "dvar": 20.50258255,
        "dvar2": 43.6798934937,
        "max": 136.638259888,
        "mean": 8.22432899475,
        "median": 4.33666133881,
        "min": -1.23959898949,
        "var": 116.440460205
    },
    "barkbands_skewness": {
        "dmean": 0.463084936142,
        "dmean2": 0.699328064919,
        "dvar": 0.183807402849,
        "dvar2": 0.40989613533,
        "max": 9.38793849945,
        "mean": 2.20711994171,
        "median": 1.90727186203,
        "min": -1.92450726032,
        "var": 1.69710528851
    },
    "barkbands_spread": {
        "dmean": 2.44392180443,
        "dmean2": 3.81366586685,
        "dvar": 8.06992053986,
        "dvar2": 19.7487926483,
        "max": 58.0349807739,
        "mean": 12.6274795532,
        "median": 11.7837209702,
        "min": 0.828457713127,
        "var": 46.4897193909
    },
    "dissonance": {
        "dmean": 0.0229129176587,
        "dmean2": 0.0388220772147,
        "dvar": 0.000389714579796,
        "dvar2": 0.00110529502854,
        "max": 0.499742209911,
        "mean": 0.449829727411,
        "median": 0.453774601221,
        "min": 0.313468724489,
        "var": 0.000795164902229
    },
    "dynamic_complexity": 2.9038002491,
    "erbbands_crest": {
        "dmean": 3.06960248947,
        "dmean2": 4.94734859467,
        "dvar": 7.77475881577,
        "dvar2": 19.4203548431,
        "max": 30.8082008362,
        "mean": 9.84410190582,
        "median": 8.69539356232,
        "min": 2.2248852253,
        "var": 21.7055587769
    },
    "erbbands_flatness_db": {
        "dmean": 0.0156983565539,
        "dmean2": 0.0235387701541,
        "dvar": 0.000204392592423,
        "dvar2": 0.000412652094383,
        "max": 0.286146730185,
        "mean": 0.172828167677,
        "median": 0.174360975623,
        "min": 0.0588260032237,
        "var": 0.00126570218708
    },
    "erbbands_kurtosis": {
        "dmean": 0.960540235043,
        "dmean2": 1.55155181885,
        "dvar": 1.3034979105,
        "dvar2": 3.01279401779,
        "max": 17.2100601196,
        "mean": 0.685669779778,
        "median": 0.258024215698,
        "min": -1.64790654182,
        "var": 3.10672807693
    },
    "erbbands_skewness": {
        "dmean": 0.319932371378,
        "dmean2": 0.505951344967,
        "dvar": 0.0714768990874,
        "dvar2": 0.180861860514,
        "max": 3.04494714737,
        "mean": 0.700058460236,
        "median": 0.669703960419,
        "min": -1.12660109997,
        "var": 0.244795307517
    },
    "erbbands_spread": {
        "dmean": 6.91771793365,
        "dmean2": 10.7470722198,
        "dvar": 40.6903419495,
        "dvar2": 95.8904418945,
        "max": 110.486595154,
        "mean": 33.4707221985,
        "median": 30.7131519318,
        "min": 5.01469564438,
        "var": 231.954605103
    },
    "hfc": {
        "dmean": 3.27019691467,
        "dmean2": 4.57862091064,
        "dvar": 19.5492343903,
        "dvar2": 35.966003418,
        "max": 125.981666565,
        "mean": 13.8705720901,
        "median": 9.89155292511,
        "min": 1.06948179865e-16,
        "var": 165.53163147
    },
    "melbands_crest": {
        "dmean": 2.58400416374,
        "dmean2": 3.89700436592,
        "dvar": 5.96598958969,
        "dvar2": 14.1227006912,
        "max": 34.6297874451,
        "mean": 18.9849243164,
        "median": 18.7005767822,
        "min": 1.56451761723,
        "var": 38.5814819336
    },
    "melbands_flatness_db": {
        "dmean": 0.0181838609278,
        "dmean2": 0.0267005097121,
        "dvar": 0.000342562969308,
        "dvar2": 0.000683275517076,
        "max": 0.491639107466,
        "mean": 0.27609077096,
        "median": 0.273052066565,
        "min": 0.00203044642694,
        "var": 0.00422029243782
    },
    "melbands_kurtosis": {
        "dmean": 7.16683101654,
        "dmean2": 10.8394346237,
        "dvar": 106.534355164,
        "dvar2": 226.287857056,
        "max": 205.925064087,
        "mean": 18.8270168304,
        "median": 10.1974582672,
        "min": -1.30627834797,
        "var": 545.967102051
    },
    "melbands_skewness": {
        "dmean": 0.683673799038,
        "dmean2": 1.03823554516,
        "dvar": 0.401785850525,
        "dvar2": 0.894885063171,
        "max": 11.3290081024,
        "mean": 3.10314655304,
        "median": 2.6571495533,
        "min": -0.176450163126,
        "var": 3.18287754059
    },
    "melbands_spread": {
        "dmean": 2.5196557045,
        "dmean2": 3.88046598434,
        "dvar": 9.33677577972,
        "dvar2": 18.3148727417,
        "max": 135.934188843,
        "mean": 12.3090829849,
        "median": 10.9984874725,
        "min": 0.66346013546,
        "var": 109.699424744
    },
    "pitch_salience": {
        "dmean": 0.0610616542399,
        "dmean2": 0.0964817106724,
        "dvar": 0.00336549733765,
        "dvar2": 0.00815497618169,
        "max": 0.953237235546,
        "mean": 0.439490884542,
        "median": 0.445375651121,
        "min": 0.132362917066,
        "var": 0.0124675789848
    },
    "silence_rate_20dB": {
        "dmean": 0,
        "dmean2": 0,
        "dvar": 0,
        "dvar2": 0,
        "max": 1,
        "mean": 1,
        "median": 1,
        "min": 1,
        "var": 0
    },
    "silence_rate_30dB": {
        "dmean": 0.00665680458769,
        "dmean2": 0.0133185349405,
        "dvar": 0.00661226920784,
        "dvar2": 0.0138804065064,
        "max": 1,
        "mean": 0.98964881897,
        "median": 1,
        "min": 0,
        "var": 0.0102438516915
    },
    "silence_rate_60dB": {
        "dmean": 0.00295857992023,
        "dmean2": 0.00591934891418,
        "dvar": 0.00294976728037,
        "dvar2": 0.00662428187206,
        "max": 1,
        "mean": 0.0221811458468,
        "median": 0,
        "min": 0,
        "var": 0.0216892436147
    },
    "spectral_centroid": {
        "dmean": 149.398742676,
        "dmean2": 237.127151489,
        "dvar": 45834.234375,
        "dvar2": 104433.695312,
        "max": 11780.7509766,
        "mean": 923.023742676,
        "median": 816.894775391,
        "min": 240.316009521,
        "var": 525052.375
    },
    "spectral_complexity": {
        "dmean": 2.19156813622,
        "dmean2": 3.49759531021,
        "dvar": 3.80871939659,
        "dvar2": 8.3136138916,
        "max": 40,
        "mean": 15.1619224548,
        "median": 14,
        "min": 0,
        "var": 45.0437316895
    },
    "spectral_decrease": {
        "dmean": 2.06730876862e-09,
        "dmean2": 3.16976511705e-09,
        "dvar": 5.17262961758e-18,
        "dvar2": 1.27846570478e-17,
        "max": 9.92029542096e-29,
        "mean": -9.94321514014e-09,
        "median": -9.0828811139e-09,
        "min": -3.59419871643e-08,
        "var": 2.94221063219e-17
    },
    "spectral_energy": {
        "dmean": 0.00801849924028,
        "dmean2": 0.0122648794204,
        "dvar": 7.7881202742e-05,
        "dvar2": 0.000189834245248,
        "max": 0.141702070832,
        "mean": 0.038786072284,
        "median": 0.0352768748999,
        "min": 1.01306804869e-20,
        "var": 0.000458169117337
    },
    "spectral_energyband_high": {
        "dmean": 0.000102859914477,
        "dmean2": 0.000158359514899,
        "dvar": 5.35599546936e-08,
        "dvar2": 1.33085805487e-07,
        "max": 0.00396941835061,
        "mean": 0.000266875256784,
        "median": 0.000108394575363,
        "min": 7.13440935726e-21,
        "var": 1.56588356504e-07
    },
    "spectral_energyband_low": {
        "dmean": 0.00558726210147,
        "dmean2": 0.00881638284773,
        "dvar": 4.40847652499e-05,
        "dvar2": 0.000125803169794,
        "max": 0.102777324617,
        "mean": 0.0222261417657,
        "median": 0.0209126137197,
        "min": 3.20708087802e-23,
        "var": 0.000138236675411
    },
    "spectral_energyband_middle_high": {
        "dmean": 0.00150977470912,
        "dmean2": 0.00223164330237,
        "dvar": 8.34805541672e-06,
        "dvar2": 1.7687692889e-05,
        "max": 0.0764421522617,
        "mean": 0.0041311304085,
        "median": 0.00210162997246,
        "min": 1.40644796577e-21,
        "var": 3.82868602173e-05
    },
    "spectral_energyband_middle_low": {
        "dmean": 0.00440685125068,
        "dmean2": 0.00657341722399,
        "dvar": 3.06998663291e-05,
        "dvar2": 6.85127670295e-05,
        "max": 0.0768425315619,
        "mean": 0.0131176738068,
        "median": 0.0100434180349,
        "min": 1.8997970573e-22,
        "var": 0.000133026871481
    },
    "spectral_entropy": {
        "dmean": 0.129705712199,
        "dmean2": 0.192527711391,
        "dvar": 0.0147595563903,
        "dvar2": 0.028087541461,
        "max": 9.80550765991,
        "mean": 7.28296470642,
        "median": 7.27041912079,
        "min": 6.02122497559,
        "var": 0.134032487869
    },
    "spectral_flux": {
        "dmean": 0.0174681693316,
        "dmean2": 0.0284351147711,
        "dvar": 0.000394767790567,
        "dvar2": 0.000939297198784,
        "max": 0.224294036627,
        "mean": 0.072573043406,
        "median": 0.0668566375971,
        "min": 6.56825566159e-11,
        "var": 0.00140894472133
    },
    "spectral_kurtosis": {
        "dmean": 2.0578057766,
        "dmean2": 3.5975420475,
        "dvar": 4.89697551727,
        "dvar2": 15.1413269043,
        "max": 28.9207344055,
        "mean": 5.1239824295,
        "median": 4.36143398285,
        "min": -1.23986911774,
        "var": 10.6554784775
    },
    "spectral_rms": {
        "dmean": 0.000609182170592,
        "dmean2": 0.000925386499148,
        "dvar": 3.52937092885e-07,
        "dvar2": 8.79096319295e-07,
        "max": 0.0117578022182,
        "mean": 0.00589621067047,
        "median": 0.00586655456573,
        "min": 3.14381788831e-12,
        "var": 3.07487152895e-06
    },
    "spectral_rolloff": {
        "dmean": 142.417785645,
        "dmean2": 240.912963867,
        "dvar": 121773.59375,
        "dvar2": 230491.421875,
        "max": 19099.9511719,
        "mean": 628.625183105,
        "median": 516.796875,
        "min": 64.599609375,
        "var": 1631122.75
    },
    "spectral_skewness": {
        "dmean": 0.232756853104,
        "dmean2": 0.390426188707,
        "dvar": 0.0455006994307,
        "dvar2": 0.131545469165,
        "max": 4.04980993271,
        "mean": 1.62997794151,
        "median": 1.58893346786,
        "min": -0.0782845392823,
        "var": 0.209300115705
    },
    "spectral_spread": {
        "dmean": 330889.375,
        "dmean2": 499725.03125,
        "dvar": 482085699584,
        "dvar2": 937533702144,
        "max": 41212204,
        "mean": 3763189.5,
        "median": 3316142.75,
        "min": 1962195.75,
        "var": 6.09651209011e+12
    },
    "spectral_strongpeak": {
        "dmean": 0.309710413218,
        "dmean2": 0.547998666763,
        "dvar": 0.750524103642,
        "dvar2": 1.91269779205,
        "max": 12.7765645981,
        "mean": 0.567700982094,
        "median": 0.36542069912,
        "min": 0,
        "var": 0.809674739838
    },
    "zerocrossingrate": {
        "dmean": 0.00472607137635,
        "dmean2": 0.00586280738935,
        "dvar": 0.000114941452921,
        "dvar2": 0.000129523774376,
        "max": 0.7763671875,
        "mean": 0.0302431117743,
        "median": 0.02490234375,
        "min": 0.001953125,
        "var": 0.00155685516074
    },
    "barkbands": {
        "dmean": [0.000657361000776, 0.00436987355351, 0.00199306150898, 0.000660273479298, 0.00151252874639, 0.00152471999172, 0.00111350463703, 0.00164367852267, 0.000403865560656, 0.000968467094935, 0.000568242743611, 0.000379695789889, 0.00011269224342, 0.000154035282321, 0.000154824811034, 0.000103421472886, 0.000136621747515, 8.54015379446e-05, 8.54476747918e-05, 6.24023450655e-05, 5.21342626598e-05, 2.29457091336e-05, 1.22279489005e-05, 9.11073857424e-06, 4.79775326312e-06, 1.50407015553e-06, 9.17271876233e-08],
        "dmean2": [0.00108575145714, 0.00689711933956, 0.00310958875343, 0.00103438703809, 0.00218149856664, 0.00236899661832, 0.00166627240833, 0.00257117277943, 0.000626799068414, 0.0015534759732, 0.000915493932553, 0.000589121773373, 0.000185950731975, 0.000256812258158, 0.000265093607595, 0.00017562037101, 0.000224498682655, 0.000137007184094, 0.000144171266584, 0.000103164682514, 8.85226036189e-05, 3.61720012734e-05, 1.81589966814e-05, 1.29127993205e-05, 7.34454761186e-06, 2.22156336349e-06, 1.50578500779e-07],
        "dvar": [1.44127432122e-06, 3.23391468555e-05, 9.08437596081e-06, 1.32317495627e-06, 5.34150967724e-06, 6.43072917228e-06, 4.04574984714e-06, 8.49733896757e-06, 7.39921517834e-07, 4.40634994447e-06, 2.69954603027e-06, 2.452766239e-06, 1.77835019599e-07, 1.24859781181e-07, 1.18908317859e-07, 6.11980794929e-08, 8.07823283822e-08, 4.8043364842e-08, 4.65417002715e-08, 2.0401266454e-08, 3.0978771548e-08, 2.2740551664e-09, 6.35248187386e-10, 4.1383976801e-10, 1.84415399618e-10, 2.52021337827e-11, 2.32027613269e-13],
        "dvar2": [3.4260197026e-06, 9.32715120143e-05, 2.18380046135e-05, 3.44613818015e-06, 1.10934925033e-05, 1.68641381606e-05, 1.02271460491e-05, 1.77149522642e-05, 1.62492165146e-06, 1.01485738924e-05, 6.35164906271e-06, 5.24545066583e-06, 4.7472471465e-07, 3.11804029707e-07, 3.33710346467e-07, 1.66154094927e-07, 2.309516276e-07, 1.21906865047e-07, 1.29852480768e-07, 5.42869393882e-08, 8.88000784016e-08, 5.85545256726e-09, 1.34471578317e-09, 7.56227025445e-10, 4.25095431078e-10, 4.76101102986e-11, 4.89566286815e-13],
        "max": [0.0172955896705, 0.0847878828645, 0.0464156009257, 0.0133362766355, 0.0386228896677, 0.045705512166, 0.0405972599983, 0.0638663992286, 0.0252550654113, 0.0445611067116, 0.0438944287598, 0.0649588480592, 0.0126464460045, 0.00785996206105, 0.00639900378883, 0.00379867386073, 0.00447466643527, 0.00512915011495, 0.00361335254274, 0.00248033925891, 0.00357860699296, 0.000919890182558, 0.000451479223557, 0.000371475791326, 0.000354388757842, 0.000142744233017, 1.33902849484e-05],
        "mean": [0.00221909536049, 0.0152068743482, 0.00426410743967, 0.00110882928129, 0.00298451934941, 0.0029515621718, 0.00207592942752, 0.00251499307342, 0.000683745776769, 0.00156999717001, 0.000978477182798, 0.000554581114557, 0.000162492142408, 0.000220805901336, 0.000227122145589, 0.000176306275534, 0.000243594724452, 0.000158882394317, 0.000155402434757, 0.000129070263938, 9.33716364671e-05, 4.8653135309e-05, 2.67254108621e-05, 1.9217874069e-05, 9.123396012e-06, 2.56264888776e-06, 8.86779716325e-08],
        "median": [0.000212725644815, 0.0145103409886, 0.00222324067727, 0.000529831973836, 0.00167285860516, 0.00160663248971, 0.00105067854747, 0.000949142675381, 0.00033644947689, 0.000515276915394, 0.000206034717849, 0.000155051413458, 5.84084700677e-05, 8.191109373e-05, 9.86699524219e-05, 6.89780790708e-05, 0.000108443957288, 7.72527782829e-05, 6.86351850163e-05, 5.29425014975e-05, 3.60982630809e-05, 1.6899082766e-05, 7.53528092901e-06, 4.36850496044e-06, 1.56726093792e-06, 3.38850043136e-07, 4.20482271224e-09],
        "min": [2.73493204624e-24, 9.91727057735e-24, 4.84243883835e-24, 1.57632641411e-24, 1.39699219933e-23, 1.64235791757e-23, 9.1444598361e-24, 1.12305938225e-23, 2.38077306117e-23, 3.3758904853e-23, 3.21815175196e-23, 2.90995799579e-23, 4.94211701463e-23, 6.35029305279e-23, 8.40793007007e-23, 8.68497107801e-23, 1.2945906701e-22, 1.6270937746e-22, 1.9942247174e-22, 2.21649568067e-22, 3.12859559194e-22, 4.26792228002e-22, 4.86601213212e-22, 7.99017849096e-22, 9.26060199702e-22, 1.41691131584e-21, 2.01308942349e-21],
        "var": [1.10146129373e-05, 7.43216005503e-05, 2.61071727437e-05, 2.35714264818e-06, 1.35854188557e-05, 1.37588895086e-05, 8.31322995509e-06, 1.98564121092e-05, 1.42516785218e-06, 1.01732848634e-05, 9.25523272599e-06, 5.14962857778e-06, 1.96407683006e-07, 1.84170787065e-07, 1.57336828011e-07, 1.18565203877e-07, 1.54342444603e-07, 9.54136183395e-08, 8.28174790968e-08, 4.86057061266e-08, 3.16233723652e-08, 5.97817217951e-09, 2.00998995226e-09, 1.20215670751e-09, 4.4665901533e-10, 6.02436503461e-11, 3.04625899158e-13]
    },
    "erbbands": {
        "dmean": [0.147703900933, 0.987244844437, 2.33596920967, 2.1334168911, 3.35834360123, 5.18617010117, 8.68994617462, 13.5749912262, 16.3226604462, 27.9725437164, 30.4495258331, 10.9062366486, 26.9579868317, 20.9167633057, 23.2072811127, 17.4974899292, 6.39065027237, 8.13283824921, 7.13721370697, 7.38026714325, 5.60891819, 5.28367471695, 4.36467647552, 4.6744685173, 3.66297507286, 3.57369470596, 2.60747456551, 1.37494134903, 0.805961489677, 0.50315541029, 0.367347598076, 0.214628204703, 0.145402938128, 0.0648460164666, 0.0307577606291, 0.00847697723657, 0.00252594612539, 0.000435278256191, 1.51240546984e-05, 8.99561746337e-06],
        "dmean2": [0.23399823904, 1.56363260746, 3.61644291878, 3.3199634552, 5.06091594696, 7.69925403595, 12.7934532166, 21.3041419983, 22.5379810333, 46.0138053894, 46.4016189575, 16.7435970306, 43.9228515625, 33.0203742981, 37.2041091919, 26.7037773132, 10.2360258102, 13.461151123, 12.3311681747, 12.374417305, 9.20325946808, 8.70471191406, 7.01677179337, 7.81575870514, 6.08365774155, 5.92357969284, 4.46903085709, 2.25641608238, 1.28592419624, 0.760990858078, 0.543487787247, 0.298008948565, 0.220642119646, 0.0997969061136, 0.046690620482, 0.0126834111288, 0.00381321576424, 0.000696735631209, 2.35976804106e-05, 1.35739755933e-05],
        "dvar": [0.0517068617046, 1.71630549431, 9.51237010956, 17.5206375122, 23.9310035706, 95.8267211914, 233.7628479, 675.582641602, 709.264160156, 3552.86328125, 4446.93652344, 562.571716309, 3652.57543945, 3480.29223633, 4595.46289062, 5672.73388672, 574.222473145, 308.876617432, 259.18572998, 442.757293701, 134.90927124, 96.5497207642, 98.5726318359, 168.812957764, 95.8967132568, 60.3055763245, 118.117164612, 10.5086202621, 2.85136127472, 0.953819036484, 0.600016772747, 0.199258357286, 0.130926296115, 0.0286001395434, 0.0152173181996, 0.000871870492119, 7.48900929466e-05, 3.5383325212e-06, 3.63275898252e-09, 9.92692664181e-11],
        "dvar2": [0.124805539846, 4.98051977158, 22.7002067566, 44.0325698853, 51.1667480469, 201.992019653, 550.839111328, 1799.94763184, 1465.11401367, 9529.51367188, 8539.92382812, 1273.69555664, 8184.98339844, 8328.89648438, 10019.5839844, 11915.3232422, 1470.64294434, 766.313781738, 770.332519531, 1202.40979004, 366.267669678, 272.789978027, 251.280700684, 486.646179199, 250.510009766, 152.81729126, 343.097473145, 28.0610542297, 7.23310232162, 2.09500622749, 1.30917000771, 0.373181939125, 0.273286223412, 0.0679366216063, 0.037463478744, 0.00164253346156, 0.000147905026097, 8.04810497357e-06, 8.58648263602e-09, 2.31179533849e-10],
        "max": [2.4495985508, 18.2846221924, 38.5556259155, 52.0351486206, 61.7833099365, 162.874008179, 262.856872559, 553.554748535, 372.339324951, 1178.78076172, 1753.2310791, 649.587402344, 1049.30651855, 1787.25866699, 1454.99804688, 3173.9362793, 654.676940918, 388.584350586, 388.972808838, 457.022735596, 173.827407837, 142.103302002, 203.638626099, 261.464782715, 191.089141846, 139.664489746, 227.864700317, 62.7356948853, 31.7876148224, 16.4465408325, 17.0221366882, 8.65101242065, 7.75840139389, 2.83658504486, 3.69485449791, 0.909836888313, 0.203441798687, 0.0367373116314, 0.00146676611621, 0.000187805606402],
        "mean": [0.553211867809, 2.87934184074, 5.58895635605, 4.39165353775, 5.30533599854, 9.56615447998, 16.9069671631, 24.6605587006, 34.2590866089, 42.3793182373, 47.5889625549, 19.6358413696, 43.6449699402, 37.571144104, 40.7000732422, 26.3210983276, 9.82154273987, 12.2829322815, 11.0982351303, 11.6039152145, 10.7588605881, 10.5728139877, 8.79627609253, 8.84441661835, 7.01491975784, 7.32543230057, 4.53985643387, 2.97964715958, 1.76414144039, 1.10878908634, 0.773025751114, 0.45169070363, 0.286688506603, 0.125799059868, 0.0537975952029, 0.0158050917089, 0.00404554139823, 0.000551121018361, 3.33290081471e-05, 4.40800758952e-05],
        "median": [0.43521797657, 2.51842570305, 3.5414185524, 2.10023021698, 3.19701719284, 4.47880125046, 7.16092634201, 12.8511152267, 17.4177818298, 14.4816055298, 17.8537921906, 10.0481653214, 16.9783725739, 11.7594337463, 9.81019973755, 8.08362770081, 3.68522667885, 5.4521446228, 5.14313316345, 5.03666067123, 4.69989681244, 5.39360904694, 4.5339922905, 4.02680158615, 3.1842648983, 2.75134801865, 1.81309711933, 1.16346395016, 0.642480134964, 0.356676459312, 0.20986558497, 0.116325713694, 0.0542200915515, 0.0218980107456, 0.00839649420232, 0.00221152789891, 0.000503518560436, 6.21066355961e-05, 1.98892630578e-05, 3.95574788854e-05],
        "min": [1.73501449027e-22, 1.39323266496e-21, 8.19823713421e-21, 1.11301311556e-20, 2.82093468922e-20, 5.77270544067e-20, 1.12041071133e-19, 1.67519441507e-19, 1.73302687684e-19, 1.70611041971e-19, 4.51489240402e-19, 6.56153421186e-19, 5.35119940367e-19, 1.19118412944e-18, 1.48806411098e-18, 1.71293109255e-18, 2.27726462231e-18, 3.43708847357e-18, 4.16448256652e-18, 4.18955523807e-18, 4.55753315101e-18, 8.50796288169e-18, 9.73120418898e-18, 9.40646879692e-18, 1.08048126594e-17, 9.44687491549e-18, 1.09345724821e-17, 1.36330697323e-17, 1.61432105125e-17, 1.27740898155e-17, 1.52458783665e-17, 1.31212343575e-17, 1.20921422661e-17, 8.27487661996e-18, 7.34839462924e-18, 4.60395866288e-18, 2.72463863916e-18, 9.6151308967e-19, 2.37010509951e-19, 2.79351785244e-20],
        "var": [0.217828154564, 3.93921589851, 31.2653770447, 41.2635726929, 43.2804946899, 217.536575317, 754.454406738, 1214.04663086, 2141.0559082, 5732.06445312, 10421.3730469, 1033.80993652, 7371.40478516, 8731.9296875, 13594.7773438, 12151.1279297, 733.16027832, 465.479522705, 332.548461914, 531.883422852, 294.00213623, 214.8543396, 209.956497192, 299.65057373, 178.526672363, 165.474243164, 97.0137939453, 26.4166622162, 7.5113492012, 3.13510608673, 1.76917624474, 0.605536282063, 0.320239692926, 0.0657564327121, 0.0249054990709, 0.0023289390374, 0.000154891924467, 4.54729752164e-06, 4.60926230517e-09, 6.26059537545e-10]
    },
    "gfcc": {
        "mean": [-28.2618560791, 142.460174561, -115.55128479, 41.1345672607, -53.6149139404, 9.18750286102, -19.7482261658, 11.6848468781, -8.78241825104, 2.08845186234, -3.26117062569, -1.27255630493, 0.166958868504],
        "cov": [[9491.67578125, 68.2895965576, -958.538452148, 154.074050903, -670.455932617, 111.888786316, -261.602233887, 209.081100464, -294.342834473, 108.689430237, -205.76171875, 140.480133057, -119.142379761], [68.2895965576, 1056.26745605, -145.080337524, -30.2865943909, 253.465576172, -229.138427734, 138.536209106, -132.864334106, 165.619934082, -99.6281051636, 144.507888794, -97.2188415527, 124.813644409], [-958.538452148, -145.080337524, 408.657318115, 53.5870285034, 52.0245056152, 93.4286499023, -53.3918838501, -10.3337860107, -3.41128945351, 10.837562561, -7.36523866653, -14.1315050125, -12.6096220016], [154.074050903, -30.2865943909, 53.5870285034, 206.235580444, 16.8714809418, 23.1301898956, -3.54829835892, -28.6340370178, -5.84631729126, -14.5897731781, -5.34977960587, -6.85909461975, 11.4691562653], [-670.455932617, 253.465576172, 52.0245056152, 16.8714809418, 206.727157593, -37.494354248, 58.3353538513, -56.6412086487, 51.1565055847, -25.775642395, 47.7957801819, -28.992401123, 46.4129943848], [111.888786316, -229.138427734, 93.4286499023, 23.1301898956, -37.494354248, 151.953598022, -26.7127342224, 35.4855041504, -49.6792831421, 13.7784767151, -26.5193500519, 23.9497585297, -24.3159141541], [-261.602233887, 138.536209106, -53.3918838501, -3.54829835892, 58.3353538513, -26.7127342224, 113.081420898, -3.24923253059, 30.3578109741, -31.8690109253, 28.9184246063, -9.73528194427, 32.1493339539], [209.081100464, -132.864334106, -10.3337860107, -28.6340370178, -56.6412086487, 35.4855041504, -3.24923253059, 96.9812316895, 2.64446949959, 20.5247497559, -17.7686920166, 11.3263521194, -25.9350624084], [-294.342834473, 165.619934082, -3.41128945351, -5.84631729126, 51.1565055847, -49.6792831421, 30.3578109741, 2.64446949959, 105.417121887, 9.89433956146, 40.5608978271, -25.6331939697, 22.975358963], [108.689430237, -99.6281051636, 10.837562561, -14.5897731781, -25.775642395, 13.7784767151, -31.8690109253, 20.5247497559, 9.89433956146, 74.8553695679, 6.63799381256, 14.8634700775, -11.8165616989], [-205.76171875, 144.507888794, -7.36523866653, -5.34977960587, 47.7957801819, -26.5193500519, 28.9184246063, -17.7686920166, 40.5608978271, 6.63799381256, 83.357208252, 10.9925270081, 34.1821708679], [140.480133057, -97.2188415527, -14.1315050125, -6.85909461975, -28.992401123, 23.9497585297, -9.73528194427, 11.3263521194, -25.6331939697, 14.8634700775, 10.9925270081, 65.9955062866, 22.6995182037], [-119.142379761, 124.813644409, -12.6096220016, 11.4691562653, 46.4129943848, -24.3159141541, 32.1493339539, -25.9350624084, 22.975358963, -11.8165616989, 34.1821708679, 22.6995182037, 87.7168884277]],
        "icov": [[0.000725773803424, -0.00239783478901, 0.0014460257953, -0.00166191475, 0.00183439010289, -0.00171991914976, 0.00140116852708, -0.0019684380386, 0.00221725250594, -0.00260756118223, 0.00249838712625, -0.00226363819093, 0.000960100092925], [-0.00239783478901, 0.0117151448503, -0.00369661790319, 0.00631372304633, -0.00752172246575, 0.0073033310473, -0.00398545572534, 0.00797912757844, -0.00902010407299, 0.0119455670938, -0.0121819218621, 0.01217592787, -0.00589105952531], [0.0014460257953, -0.00369661790319, 0.00681959977373, -0.00349710835144, 0.00171505007893, -0.00563879217952, 0.00524809444323, -0.00327225355431, 0.00318451295607, -0.00410099839792, 0.00369768589735, -0.0020957372617, 0.00101489189547], [-0.00166191475, 0.00631372304633, -0.00349710835144, 0.00944738928229, -0.0042365710251, 0.00300527946092, -0.00299118412659, 0.00666681677103, -0.00588322104886, 0.00740830786526, -0.00600796984509, 0.00686556799337, -0.00373345357366], [0.00183439010289, -0.00752172246575, 0.00171505007893, -0.0042365710251, 0.0141664175317, -0.00505604967475, 6.01313195148e-06, -0.00181607797276, 0.00462801009417, -0.00743763661012, 0.00574244465679, -0.00461888732389, 0.00130170246121], [-0.00171991914976, 0.0073033310473, -0.00563879217952, 0.00300527946092, -0.00505604967475, 0.016326662153, -0.00405253004283, 0.00125465414021, -0.00136001210194, 0.00638921232894, -0.00703171920031, 0.00448397221044, -0.0020774921868], [0.00140116852708, -0.00398545572534, 0.00524809444323, -0.00299118412659, 6.01313195148e-06, -0.00405253004283, 0.0178400017321, -0.00711159175262, 0.00276608834974, 0.00119590735994, 0.0010721962899, -0.00152666354552, -0.00163433712441], [-0.0019684380386, 0.00797912757844, -0.00327225355431, 0.00666681677103, -0.00181607797276, 0.00125465414021, -0.00711159175262, 0.023132218048, -0.0127646625042, 0.00641939183697, -0.00469889119267, 0.00390042085201, 0.000415217626141], [0.00221725250594, -0.00902010407299, 0.00318451295607, -0.00588322104886, 0.00462801009417, -0.00136001210194, 0.00276608834974, -0.0127646625042, 0.0270008500665, -0.0143505968153, 0.00243557640351, 0.000738090253435, -0.000685781124048], [-0.00260756118223, 0.0119455670938, -0.00410099839792, 0.00740830786526, -0.00743763661012, 0.00638921232894, 0.00119590735994, 0.00641939183697, -0.0143505968153, 0.0313753709197, -0.0150442598388, 0.00742745911703, -0.00300526851788], [0.00249838712625, -0.0121819218621, 0.00369768589735, -0.00600796984509, 0.00574244465679, -0.00703171920031, 0.0010721962899, -0.00469889119267, 0.00243557640351, -0.0150442598388, 0.0329380966723, -0.0199029985815, 0.00492478348315], [-0.00226363819093, 0.01217592787, -0.0020957372617, 0.00686556799337, -0.00461888732389, 0.00448397221044, -0.00152666354552, 0.00390042085201, 0.000738090253435, 0.00742745911703, -0.0199029985815, 0.0419069044292, -0.0184806883335], [0.000960100092925, -0.00589105952531, 0.00101489189547, -0.00373345357366, 0.00130170246121, -0.0020774921868, -0.00163433712441, 0.000415217626141, -0.000685781124048, -0.00300526851788, 0.00492478348315, -0.0184806883335, 0.0238161291927]]
    },
    "melbands": {
        "dmean": [0.00120684620924, 0.00121575559024, 0.000377938325983, 0.000290520401904, 0.000299648643704, 0.00031011691317, 0.000242066234932, 0.000310516392346, 0.000221981026698, 6.54624891467e-05, 0.000135591602884, 8.58733837958e-05, 8.4737308498e-05, 4.4570027967e-05, 2.85534933937e-05, 1.02064605016e-05, 1.73556964e-05, 1.15055645438e-05, 8.77399725141e-06, 1.07526502688e-05, 7.26316693545e-06, 6.49763160254e-06, 5.98000315222e-06, 4.33105105913e-06, 4.20317292082e-06, 3.02507942251e-06, 2.0563425096e-06, 2.50975040217e-06, 1.93832602235e-06, 1.33617766096e-06, 7.57387567774e-07, 5.4958684359e-07, 3.80792158694e-07, 2.60598397972e-07, 2.43986306714e-07, 1.58578075116e-07, 1.34003244057e-07, 1.14142864049e-07, 8.18520504708e-08, 5.32866373248e-08],
        "dmean2": [0.00191037799232, 0.00188114354387, 0.000575287733227, 0.000438512593973, 0.000433849432738, 0.000475288747111, 0.000337966746883, 0.000510512094479, 0.000336956290994, 0.000102337027784, 0.000220605128561, 0.000135134512675, 0.000136585178552, 7.04458652763e-05, 4.27026388934e-05, 1.66941954376e-05, 2.8957872928e-05, 1.99652349693e-05, 1.48616591105e-05, 1.82228450285e-05, 1.20243203128e-05, 1.08400045065e-05, 1.00622210084e-05, 6.7220494202e-06, 7.16632075637e-06, 5.09609026267e-06, 3.38401969202e-06, 4.14705073126e-06, 3.34118226419e-06, 2.24542554861e-06, 1.25128553918e-06, 8.97028940017e-07, 5.92043818415e-07, 3.99129788775e-07, 3.736635108e-07, 2.3142797545e-07, 1.9049738853e-07, 1.75512198552e-07, 1.26959250224e-07, 8.45553316253e-08],
        "dvar": [2.7080423024e-06, 2.17010892811e-06, 4.16642905066e-07, 1.75357072862e-07, 2.66865839649e-07, 3.10068998033e-07, 1.51100977064e-07, 3.92157033957e-07, 2.60870564261e-07, 1.95077323184e-08, 9.08382205012e-08, 6.56473915228e-08, 6.29236964755e-08, 2.08856292261e-08, 1.91069702282e-08, 1.14700082765e-09, 1.54383494877e-09, 6.01513561183e-10, 4.10306566501e-10, 7.38212768692e-10, 2.5566887496e-10, 1.58440399689e-10, 3.25231064302e-10, 1.80355522184e-10, 1.63022664812e-10, 5.68585248328e-11, 3.06726172239e-11, 3.12137260483e-11, 7.07260985888e-11, 1.02571787869e-11, 3.72586813832e-12, 1.62739212297e-12, 6.85867161676e-13, 2.9492977071e-13, 2.58943392987e-13, 1.15057824921e-13, 8.61638166957e-14, 6.36314799137e-14, 7.24837331541e-14, 2.09150374835e-14],
        "dvar2": [7.22900449546e-06, 5.68898531128e-06, 1.03906916138e-06, 3.84240166795e-07, 5.94992286551e-07, 7.94818163286e-07, 3.23847643813e-07, 1.02706837879e-06, 4.93530421863e-07, 4.47343531107e-08, 2.02738945632e-07, 1.56773978688e-07, 1.48201735328e-07, 4.3924917037e-08, 4.07945321967e-08, 2.99512947777e-09, 3.88748100377e-09, 1.77719550187e-09, 1.11682596504e-09, 1.98946348284e-09, 7.18373138753e-10, 4.62312882421e-10, 9.10820918687e-10, 4.38437397499e-10, 4.77753336892e-10, 1.53604351461e-10, 8.26136381527e-11, 7.92765297852e-11, 2.06210326592e-10, 2.72910184035e-11, 1.03884782721e-11, 4.32081497317e-12, 1.63367626718e-12, 6.57311986958e-13, 5.93805495226e-13, 2.38521306655e-13, 1.66342444376e-13, 1.4206257698e-13, 1.50469819439e-13, 5.302739652e-14],
        "max": [0.022647742182, 0.0179496090859, 0.00803466048092, 0.005924471654, 0.00763699505478, 0.0109972786158, 0.00573874870315, 0.0113205108792, 0.0132474508137, 0.00372911174782, 0.00524878920987, 0.00776087399572, 0.00663858931512, 0.00485958904028, 0.00590165751055, 0.000948151340708, 0.000891679897904, 0.00058539188467, 0.000387605716242, 0.000449688959634, 0.000260993430857, 0.000203165807761, 0.000400502292905, 0.000364135048585, 0.000265934912022, 0.000138060175232, 0.000159837683896, 0.000103187761852, 0.000173484702827, 6.14670934738e-05, 3.36649318342e-05, 2.23470251512e-05, 1.55970974447e-05, 9.8051959867e-06, 1.02053800219e-05, 6.00162502451e-06, 7.05050888428e-06, 3.92683659811e-06, 7.1510212365e-06, 2.74958620139e-06],
        "mean": [0.0045698764734, 0.00333521212451, 0.000790085934568, 0.000495984859299, 0.000589943374507, 0.000584459514357, 0.000505882489961, 0.00047099305084, 0.000344418833265, 0.000111884095531, 0.000217173306737, 0.000147941929754, 0.000147716113133, 6.91252935212e-05, 4.18468371208e-05, 1.49939514813e-05, 2.46754007094e-05, 1.7287038645e-05, 1.32769937409e-05, 1.68299320649e-05, 1.26841769088e-05, 1.1830213225e-05, 9.65768504102e-06, 7.83403265814e-06, 7.12542805559e-06, 5.17597663929e-06, 4.10672055295e-06, 4.87200031785e-06, 2.85525698018e-06, 2.41484030994e-06, 1.48090509811e-06, 1.06627419427e-06, 7.65833931382e-07, 5.31835326001e-07, 4.74725680988e-07, 3.19753468148e-07, 2.55816388517e-07, 2.08846003602e-07, 1.52898451233e-07, 9.26183432171e-08],
        "median": [0.00445494707674, 0.00281980633736, 0.000452428939752, 0.000280016829493, 0.000243820482865, 0.000306143221678, 0.000266232760623, 0.000166333542438, 0.000119825039292, 5.72069038753e-05, 8.40055654407e-05, 3.92990368709e-05, 3.01152249449e-05, 2.22633716476e-05, 1.15429011203e-05, 5.9177014009e-06, 9.48764773057e-06, 8.02617705631e-06, 5.90994204686e-06, 6.4805594775e-06, 4.95706080983e-06, 5.80796449867e-06, 4.25483312938e-06, 3.3610938317e-06, 2.83046801997e-06, 2.15661657421e-06, 1.85151134247e-06, 1.73180217189e-06, 1.05637343495e-06, 9.3208979024e-07, 5.36038214705e-07, 3.75906950012e-07, 2.38281202769e-07, 1.62048493735e-07, 1.26072592366e-07, 8.57192361536e-08, 6.27407175102e-08, 4.05895050903e-08, 2.44558933105e-08, 1.63283004895e-08],
        "min": [2.55128108599e-24, 3.76429159513e-24, 3.90670110447e-24, 2.42937860752e-24, 4.66047584321e-24, 4.14567823267e-24, 2.29822594607e-24, 1.82448716514e-24, 4.30101322795e-24, 3.78828440513e-24, 2.8812184125e-24, 4.81143029389e-24, 4.71833760732e-24, 3.22075637346e-24, 3.41853819911e-24, 5.63289048158e-24, 6.29321005217e-24, 5.4261426601e-24, 4.73263768338e-24, 6.1929765967e-24, 4.42281453501e-24, 6.94490342876e-24, 7.22777396102e-24, 5.78105354794e-24, 7.16858888274e-24, 7.11580225527e-24, 7.77567572502e-24, 5.66511663285e-24, 6.16147225315e-24, 7.18535848787e-24, 7.21792976578e-24, 8.16233195341e-24, 7.25440117201e-24, 6.9538073018e-24, 6.56748318385e-24, 7.93098823776e-24, 7.64903120643e-24, 7.42127128588e-24, 8.57310129309e-24, 5.93250695314e-24],
        "var": [8.6195559561e-06, 6.62537786411e-06, 9.6395831406e-07, 3.5830851175e-07, 8.23628226954e-07, 6.44310659936e-07, 4.40933604295e-07, 6.72464523177e-07, 6.0794690171e-07, 3.57232323722e-08, 1.85221182392e-07, 1.5937189346e-07, 2.1550602014e-07, 4.73746553098e-08, 3.6628694744e-08, 1.34677269337e-09, 2.24970730933e-09, 7.76076203302e-10, 5.48169454273e-10, 1.14542864083e-09, 4.91027718486e-10, 3.29641369756e-10, 4.19085793846e-10, 3.59189122889e-10, 2.57336013609e-10, 9.90662066269e-11, 4.8960276805e-11, 8.10947906049e-11, 5.38391484173e-11, 1.79781883825e-11, 7.82148738138e-12, 3.19016276069e-12, 1.80513427556e-12, 8.24758555722e-13, 6.78671637118e-13, 3.21303151186e-13, 2.20222630279e-13, 1.50691349047e-13, 1.5596279422e-13, 3.88001025894e-14]
    },
    "mfcc": {
        "mean": [-664.919006348, 160.400009155, 2.7843413353, 36.9756889343, -1.7314902544, 5.87987041473, 1.66858029366, 9.11045265198, 5.90837049484, 7.79413414001, 0.982233703136, 6.0401725769, 4.82233476639],
        "cov": [[4968.84277344, -283.43270874, -241.160247803, -87.7841033936, -312.706695557, -128.181045532, -48.412021637, 13.6855239868, -14.549990654, -89.8076553345, -112.790077209, 76.9638214111, 34.1706199646], [-283.43270874, 1056.18347168, -233.40234375, 163.853973389, 50.0965919495, -0.710178256035, -16.5040283203, -13.9474639893, -0.0562506690621, 49.1300315857, -9.14849567413, 19.6991767883, 15.0960474014], [-241.160247803, -233.40234375, 339.398254395, -37.8671684265, 80.9305267334, 43.2257194519, 10.7320098877, 0.465963363647, -8.15766716003, 0.531281590462, 17.5509586334, -23.0481967926, -22.4513721466], [-87.7841033936, 163.853973389, -37.8671684265, 201.780609131, 28.7085819244, 42.9068946838, -2.97746253014, -4.51137781143, 3.4300327301, 7.89412260056, -24.8674888611, 0.694566965103, 0.912104308605], [-312.706695557, 50.0965919495, 80.9305267334, 28.7085819244, 129.809768677, 50.6788368225, 7.64585733414, -12.8687477112, -4.98211479187, 13.497379303, 4.24265098572, -10.9469823837, -0.0404803417623], [-128.181045532, -0.710178256035, 43.2257194519, 42.9068946838, 50.6788368225, 102.158538818, 33.4901237488, -1.46559500694, -3.8052945137, -9.63698101044, -18.9559059143, -9.8578453064, -1.60532987118], [-48.412021637, -16.5040283203, 10.7320098877, -2.97746253014, 7.64585733414, 33.4901237488, 77.9277648926, 28.0647563934, 0.484945803881, -7.17829704285, -8.80152130127, -8.35970592499, -1.50040447712], [13.6855239868, -13.9474639893, 0.465963363647, -4.51137781143, -12.8687477112, -1.46559500694, 28.0647563934, 71.1221160889, 17.0262947083, -1.42225122452, -3.26842832565, -0.876305222511, -5.53542518616], [-14.549990654, -0.0562506690621, -8.15766716003, 3.4300327301, -4.98211479187, -3.8052945137, 0.484945803881, 17.0262947083, 53.426322937, 17.7754440308, -0.0696156099439, -1.22541236877, -4.8469376564], [-89.8076553345, 49.1300315857, 0.531281590462, 7.89412260056, 13.497379303, -9.63698101044, -7.17829704285, -1.42225122452, 17.7754440308, 61.5995674133, 26.4184169769, 0.980799496174, -5.89361047745], [-112.790077209, -9.14849567413, 17.5509586334, -24.8674888611, 4.24265098572, -18.9559059143, -8.80152130127, -3.26842832565, -0.0696156099439, 26.4184169769, 67.1407089233, 16.8322906494, -7.33402824402], [76.9638214111, 19.6991767883, -23.0481967926, 0.694566965103, -10.9469823837, -9.8578453064, -8.35970592499, -0.876305222511, -1.22541236877, 0.980799496174, 16.8322906494, 57.6051521301, 21.5603885651], [34.1706199646, 15.0960474014, -22.4513721466, 0.912104308605, -0.0404803417623, -1.60532987118, -1.50040447712, -5.53542518616, -4.8469376564, -5.89361047745, -7.33402824402, 21.5603885651, 54.671459198]],
