{
"lowlevel": {
    "average_loudness": 0.698985695839,
    "barkbands_crest": {
        "dmean": 2.70241308212,
        "dmean2": 4.44923830032,
        "dvar": 6.05971097946,
        "dvar2": 16.5997238159,
        "max": 24.4586334229,
        "mean": 11.4402303696,
        "median": 10.8821601868,
        "min": 2.37943744659,
        "var": 17.5832042694
    },
    "barkbands_flatness_db": {
        "dmean": 0.0300945974886,
        "dmean2": 0.0455790348351,
        "dvar": 0.000940584868658,
        "dvar2": 0.00206628581509,
        "max": 0.433434128761,
        "mean": 0.167633026838,
        "median": 0.158766806126,
        "min": 0.0156092261896,
        "var": 0.00572333298624
    },
    "barkbands_kurtosis": {
        "dmean": 3.56691646576,
        "dmean2": 5.73393774033,
        "dvar": 27.3341217041,
        "dvar2": 70.1643447876,
        "max": 75.6954040527,
        "mean": 5.67540121078,
        "median": 3.48020124435,
        "min": -1.78380632401,
        "var": 55.2208747864
    },
    "barkbands_skewness": {
        "dmean": 0.593487262726,
        "dmean2": 0.923927605152,
        "dvar": 0.325570106506,
        "dvar2": 0.802132725716,
        "max": 7.96682071686,
        "mean": 1.76366257668,
        "median": 1.66896700859,
        "min": -2.36909222603,
        "var": 1.46492564678
    },
    "barkbands_spread": {
        "dmean": 6.90441036224,
        "dmean2": 10.8146123886,
        "dvar": 101.01159668,
        "dvar2": 236.530227661,
        "max": 94.1854705811,
        "mean": 17.4332904816,
        "median": 13.1415681839,
        "min": 0.913131475449,
        "var": 178.345397949
    },
    "dissonance": {
        "dmean": 0.0265786536038,
        "dmean2": 0.0439781211317,
        "dvar": 0.000687588413712,
        "dvar2": 0.0018388684839,
        "max": 0.500000119209,
        "mean": 0.442473262548,
        "median": 0.454036831856,
        "min": 0.1905195117,
        "var": 0.00195189681835
    },
    "dynamic_complexity": 5.43170785904,
    "erbbands_crest": {
        "dmean": 2.98426175117,
        "dmean2": 4.79788827896,
        "dvar": 7.52303743362,
        "dvar2": 18.9013366699,
        "max": 31.313703537,
        "mean": 10.700884819,
        "median": 9.74691963196,
        "min": 2.47407436371,
        "var": 24.9531993866
    },
    "erbbands_flatness_db": {
        "dmean": 0.0294781364501,
        "dmean2": 0.0429882258177,
        "dvar": 0.000852634490002,
        "dvar2": 0.00178156537004,
        "max": 0.384873479605,
        "mean": 0.169016718864,
        "median": 0.16065621376,
        "min": 0.0453483015299,
        "var": 0.00488152867183
    },
    "erbbands_kurtosis": {
        "dmean": 1.47316563129,
        "dmean2": 2.35264658928,
        "dvar": 6.18509483337,
        "dvar2": 15.4497127533,
        "max": 73.6900024414,
        "mean": 1.34215021133,
        "median": 0.161393523216,
        "min": -1.71205675602,
        "var": 12.9001321793
    },
    "erbbands_skewness": {
        "dmean": 0.427620977163,
        "dmean2": 0.656553328037,
        "dvar": 0.154290109873,
        "dvar2": 0.37733951211,
        "max": 5.16900491714,
        "mean": 0.607684195042,
        "median": 0.544005274773,
        "min": -2.49388360977,
        "var": 0.715394198895
    },
    "erbbands_spread": {
        "dmean": 11.2324342728,
        "dmean2": 17.0554180145,
        "dvar": 182.522445679,
        "dvar2": 399.291320801,
        "max": 130.659301758,
        "mean": 35.4154815674,
        "median": 30.8106594086,
        "min": 1.64617836475,
        "var": 479.187438965
    },
    "hfc": {
        "dmean": 12.1268310547,
        "dmean2": 18.721031189,
        "dvar": 479.137908936,
        "dvar2": 1095.71008301,
        "max": 183.332885742,
        "mean": 19.624212265,
        "median": 11.117433548,
        "min": 1.11867125183e-16,
        "var": 706.07232666
    },
    "melbands_crest": {
        "dmean": 3.00775146484,
        "dmean2": 4.92674207687,
        "dvar": 7.31070709229,
        "dvar2": 19.4786758423,
        "max": 33.0256500244,
        "mean": 15.2168245316,
        "median": 14.7428207397,
        "min": 1.85266399384,
        "var": 27.0656242371
    },
    "melbands_flatness_db": {
        "dmean": 0.0319624841213,
        "dmean2": 0.0487423948944,
        "dvar": 0.00109953631181,
        "dvar2": 0.00244665471837,
        "max": 0.570069253445,
        "mean": 0.253830194473,
        "median": 0.246815949678,
        "min": 0.00440140068531,
        "var": 0.00796289648861
    },
    "melbands_kurtosis": {
        "dmean": 8.18869686127,
        "dmean2": 13.0327806473,
        "dvar": 178.882965088,
        "dvar2": 451.243682861,
        "max": 235.392745972,
        "mean": 14.9543457031,
        "median": 9.39352035522,
        "min": -1.72663855553,
        "var": 327.77935791
    },
    "melbands_skewness": {
        "dmean": 0.804371118546,
        "dmean2": 1.24163293839,
        "dvar": 0.696946084499,
        "dvar2": 1.65254986286,
        "max": 12.0814466476,
        "mean": 2.71430897713,
        "median": 2.50445699692,
        "min": -1.75188314915,
        "var": 2.78797960281
    },
    "melbands_spread": {
        "dmean": 4.72595405579,
        "dmean2": 7.30571651459,
        "dvar": 32.0351295471,
        "dvar2": 72.9240264893,
        "max": 172.465377808,
        "mean": 15.648267746,
        "median": 12.3511257172,
        "min": 1.05921590328,
        "var": 194.60697937
    },
    "pitch_salience": {
        "dmean": 0.0747930631042,
        "dmean2": 0.123194389045,
        "dvar": 0.00523429131135,
        "dvar2": 0.0135454330593,
        "max": 0.987065076828,
        "mean": 0.514616370201,
        "median": 0.508012771606,
        "min": 0.097686804831,
        "var": 0.0183631516993
    },
    "silence_rate_20dB": {
        "dmean": 0,
        "dmean2": 0,
        "dvar": 0,
        "dvar2": 0,
        "max": 1,
        "mean": 1,
        "median": 1,
        "min": 1,
        "var": 0
    },
    "silence_rate_30dB": {
        "dmean": 0.0409066937864,
        "dmean2": 0.0818220153451,
        "dvar": 0.0392353534698,
        "dvar2": 0.093901835382,
        "max": 1,
        "mean": 0.947185337543,
        "median": 1,
        "min": 0,
        "var": 0.0500214397907
    },
    "silence_rate_60dB": {
        "dmean": 0.00948866643012,
        "dmean2": 0.0189793333411,
        "dvar": 0.0093996655196,
        "dvar2": 0.0205210540444,
        "max": 1,
        "mean": 0.180898159742,
        "median": 0,
        "min": 0,
        "var": 0.148163557053
    },
    "spectral_centroid": {
        "dmean": 193.421020508,
        "dmean2": 295.81652832,
        "dvar": 59717.8828125,
        "dvar2": 127994.75,
        "max": 11534.046875,
        "mean": 962.257751465,
        "median": 789.858398438,
        "min": 210.911819458,
        "var": 432076.34375
    },
    "spectral_complexity": {
        "dmean": 3.56141281128,
        "dmean2": 5.31737661362,
        "dvar": 28.5593929291,
        "dvar2": 53.0507888794,
        "max": 58,
        "mean": 13.755112648,
        "median": 12,
        "min": 0,
        "var": 112.300720215
    },
    "spectral_decrease": {
        "dmean": 3.21920512469e-09,
        "dmean2": 5.0759392245e-09,
        "dvar": 2.93690476487e-17,
        "dvar2": 6.81787804204e-17,
        "max": 1.33235063181e-28,
        "mean": -8.81121220431e-09,
        "median": -6.12637762742e-09,
        "min": -6.22156619556e-08,
        "var": 8.12230944255e-17
    },
    "spectral_energy": {
        "dmean": 0.0129234269261,
        "dmean2": 0.0202297735959,
        "dvar": 0.000465251447167,
        "dvar2": 0.00107367883902,
        "max": 0.237689256668,
        "mean": 0.0350355580449,
        "median": 0.0247051790357,
        "min": 1.03521589038e-20,
        "var": 0.0012605470838
    },
    "spectral_energyband_high": {
        "dmean": 0.000934575975407,
        "dmean2": 0.00145963346586,
        "dvar": 3.02702392219e-06,
        "dvar2": 7.17216425983e-06,
        "max": 0.0186843015254,
        "mean": 0.00101854687091,
        "median": 0.000154298235429,
        "min": 7.57953107763e-21,
        "var": 4.29709143646e-06
    },
    "spectral_energyband_low": {
        "dmean": 0.00812932197005,
        "dmean2": 0.0132936127484,
        "dvar": 0.000267408235231,
        "dvar2": 0.000665418920107,
        "max": 0.226048871875,
        "mean": 0.018681012094,
        "median": 0.00898083578795,
        "min": 3.46612228891e-23,
        "var": 0.000675624411087
    },
    "spectral_energyband_middle_high": {
        "dmean": 0.00137332978193,
        "dmean2": 0.00206908816472,
        "dvar": 1.05907174657e-05,
        "dvar2": 1.88004541997e-05,
        "max": 0.0475389286876,
        "mean": 0.00312880473211,
        "median": 0.00198134267703,
        "min": 1.34468730082e-21,
        "var": 2.19414014282e-05
    },
    "spectral_energyband_middle_low": {
        "dmean": 0.00674908375368,
        "dmean2": 0.0109602781013,
        "dvar": 0.000147540631588,
        "dvar2": 0.000385723193176,
        "max": 0.135118424892,
        "mean": 0.0135829634964,
        "median": 0.00939625687897,
        "min": 1.87520062671e-22,
        "var": 0.000224243136472
    },
    "spectral_entropy": {
        "dmean": 0.272411495447,
        "dmean2": 0.39731618762,
        "dvar": 0.0860877558589,
        "dvar2": 0.192372754216,
        "max": 9.81004524231,
        "mean": 7.25623846054,
        "median": 7.32557010651,
        "min": 5.35520029068,
        "var": 0.403882980347
    },
    "spectral_flux": {
        "dmean": 0.0291411075741,
        "dmean2": 0.0453982725739,
        "dvar": 0.00169958779588,
        "dvar2": 0.00359838246368,
        "max": 0.39193162322,
        "mean": 0.0770490169525,
        "median": 0.0612932816148,
        "min": 6.70733329988e-11,
        "var": 0.00392116326839
    },
    "spectral_kurtosis": {
        "dmean": 3.02379465103,
        "dmean2": 4.93695354462,
        "dvar": 17.2942390442,
        "dvar2": 46.5050811768,
        "max": 101.685333252,
        "mean": 8.25322532654,
        "median": 5.10315084457,
        "min": -1.23819196224,
        "var": 71.9049530029
    },
    "spectral_rms": {
        "dmean": 0.000915076292586,
        "dmean2": 0.00140120415017,
        "dvar": 1.55735108365e-06,
        "dvar2": 3.43233386957e-06,
        "max": 0.0152279995382,
        "mean": 0.00503657851368,
        "median": 0.00490944134071,
        "min": 3.1779973618e-12,
        "var": 8.8138922365e-06
    },
    "spectral_rolloff": {
        "dmean": 485.959472656,
        "dmean2": 849.651245117,
        "dvar": 1410026.5,
        "dvar2": 3736772.5,
        "max": 19293.75,
        "mean": 1048.1541748,
        "median": 624.462890625,
        "min": 64.599609375,
        "var": 2052770.625
    },
    "spectral_skewness": {
        "dmean": 0.325996041298,
        "dmean2": 0.516555905342,
        "dvar": 0.126576498151,
        "dvar2": 0.311907052994,
        "max": 8.39527130127,
        "mean": 2.09268140793,
        "median": 1.82660114765,
        "min": -0.0560035482049,
        "var": 0.810764908791
    },
    "spectral_spread": {
        "dmean": 1105244.25,
        "dmean2": 1578486.375,
        "dvar": 2.08734532403e+12,
        "dvar2": 4.19096795546e+12,
        "max": 41855576,
        "mean": 4740770.5,
        "median": 4353184,
        "min": 1009395,
        "var": 6.56273362125e+12
    },
    "spectral_strongpeak": {
        "dmean": 0.324163019657,
        "dmean2": 0.562277317047,
        "dvar": 0.29437738657,
        "dvar2": 0.773783862591,
        "max": 8.6285200119,
        "mean": 0.612491369247,
        "median": 0.441932916641,
        "min": 0,
        "var": 0.385545134544
    },
    "zerocrossingrate": {
        "dmean": 0.0131416898221,
        "dmean2": 0.0163740515709,
        "dvar": 0.000284962705337,
        "dvar2": 0.000405968079576,
        "max": 0.68798828125,
        "mean": 0.0486858524382,
        "median": 0.0390625,
        "min": 0.0048828125,
        "var": 0.00150360865518
    },
    "barkbands": {
        "dmean": [0.000387275300454, 0.00600349158049, 0.00249772961251, 0.0021671068389, 0.00233520963229, 0.00169551826548, 0.00117655622307, 0.000904797052499, 0.000653061026242, 0.00035034888424, 0.000359057739843, 0.000214991378016, 0.000267191207968, 0.000204455165658, 0.000134818561492, 0.000141912212712, 0.000126618993818, 0.000144645891851, 0.000118267729704, 0.000129167936393, 0.00013652999769, 9.87979583442e-05, 0.000106924737338, 0.000126862185425, 0.000174644927029, 0.000208503275644, 4.69673686894e-05],
        "dmean2": [0.000641514430754, 0.0101153831929, 0.00431043561548, 0.00378410168923, 0.00380970654078, 0.00283446232788, 0.00181612046435, 0.00136594031937, 0.00104779319372, 0.000569077616092, 0.000581591681112, 0.000339386897394, 0.000421646429459, 0.000324102147715, 0.000208277706406, 0.000221180496737, 0.00019584823167, 0.000216717133299, 0.000182456715265, 0.000205773001653, 0.000214072380913, 0.000149481682456, 0.000163847857038, 0.000202566196094, 0.000283110333839, 0.000347394845448, 8.13387014205e-05],
        "dvar": [7.16033071058e-07, 0.000166527257534, 4.13415436924e-05, 3.85466737498e-05, 2.3532731575e-05, 1.79352955456e-05, 4.47139927928e-06, 3.58291003977e-06, 2.21958725888e-06, 1.25078065594e-06, 6.63759919917e-07, 4.48347122983e-07, 3.88336047763e-07, 3.60984500958e-07, 2.29895604775e-07, 1.43938365227e-07, 1.10260053532e-07, 1.66027916748e-07, 9.24025442828e-08, 1.23211634673e-07, 7.61457599197e-08, 3.95673218634e-08, 4.33941167444e-08, 5.97374594236e-08, 1.19965761769e-07, 1.84969309203e-07, 1.41145415355e-08],
        "dvar2": [1.96901555682e-06, 0.00046198250493, 0.000106532716018, 0.000108377382276, 5.91291973251e-05, 4.85979508085e-05, 1.06241750473e-05, 8.1077178038e-06, 5.43143005416e-06, 3.434705377e-06, 1.6713217974e-06, 9.79872083917e-07, 8.74899569681e-07, 7.88883653513e-07, 4.77115861486e-07, 2.94301543136e-07, 1.91895921375e-07, 3.26920769567e-07, 1.94141705379e-07, 3.03938577417e-07, 1.78100179937e-07, 8.6128302712e-08, 9.93465931742e-08, 1.4356714928e-07, 3.01112493162e-07, 4.6702635359e-07, 3.72403867743e-08],
        "max": [0.0137366726995, 0.208207845688, 0.0992105156183, 0.112873464823, 0.0563410744071, 0.0630573108792, 0.0470573231578, 0.038614500314, 0.0527962893248, 0.026940535754, 0.0251114927232, 0.0253955088556, 0.0118917385116, 0.0116172889248, 0.00916097313166, 0.00748527701944, 0.00499027455226, 0.00720191467553, 0.00418953690678, 0.00883966870606, 0.00395080074668, 0.00283916527405, 0.00274378876202, 0.00247279112227, 0.00291863433085, 0.00404036184773, 0.0015664936509],
        "mean": [0.000608358823229, 0.0122127002105, 0.00460167182609, 0.0026855270844, 0.00339881400578, 0.00277530332096, 0.0018852900248, 0.00152800080832, 0.00107299152296, 0.000504332827404, 0.000614924589172, 0.00037183589302, 0.000469602324301, 0.000270639895461, 0.000181145253009, 0.000196250039153, 0.000183766605915, 0.000205144664505, 0.000175589855644, 0.000194247069885, 0.000171643827343, 0.000126593848108, 0.000120999327919, 0.000129188396386, 0.000152618944412, 0.000164035736816, 3.43189130945e-05],
        "median": [0.000132835295517, 0.00465341098607, 0.0010199144017, 0.000741426134482, 0.000926231383346, 0.000795395113528, 0.000685944047291, 0.000326229666825, 0.000302097643726, 7.41389958421e-05, 0.000178523347131, 0.000126236031065, 0.000123732083011, 7.82687857281e-05, 4.74235603178e-05, 5.62096574868e-05, 4.92710823892e-05, 6.00589410169e-05, 4.72339270345e-05, 3.62955943274e-05, 2.85567621177e-05, 2.1654250304e-05, 1.86167744687e-05, 1.30779917527e-05, 1.06116631287e-05, 8.5881947598e-06, 1.07495839075e-06],
        "min": [2.03334006195e-24, 8.57082286558e-25, 2.17223263217e-24, 5.16603076496e-24, 2.67285386004e-23, 1.44627928206e-23, 9.50257902125e-24, 6.49912286439e-24, 3.00493653323e-23, 2.74061259418e-23, 1.36775243879e-23, 4.86199399021e-23, 3.67509627587e-23, 5.13685490215e-23, 7.16142571018e-23, 5.8551301113e-23, 1.39489603814e-22, 1.43643581257e-22, 1.53256072269e-22, 2.1127232374e-22, 2.76748485692e-22, 4.2119070973e-22, 5.3278145877e-22, 6.24301693114e-22, 1.03708213585e-21, 1.55254843854e-21, 2.11762376756e-21],
        "var": [1.6947030872e-06, 0.000344615924405, 7.88212346379e-05, 3.37855381076e-05, 3.35796030413e-05, 2.75829515886e-05, 1.06592069642e-05, 8.6205527623e-06, 5.14046178068e-06, 2.04689058592e-06, 1.23424661069e-06, 9.3417673952e-07, 7.23009236481e-07, 4.38635566979e-07, 2.94260303235e-07, 2.10520553878e-07, 2.03533616627e-07, 2.48771755196e-07, 1.51576642793e-07, 2.29931529816e-07, 1.27413812834e-07, 8.05312367902e-08, 6.71201902946e-08, 7.63371232892e-08, 1.12340536873e-07, 1.52903680828e-07, 1.02127089008e-08]
    },
    "erbbands": {
        "dmean": [0.153307259083, 1.45392727852, 2.69708371162, 5.4305357933, 8.25273323059, 7.71885538101, 7.89225482941, 17.1458759308, 15.958741188, 22.1934833527, 12.1792535782, 17.1338100433, 13.0902423859, 7.78602218628, 14.3128414154, 8.40236759186, 12.4222507477, 10.9225969315, 7.78103113174, 6.66606473923, 6.81634902954, 7.05026769638, 8.35960388184, 6.78760004044, 5.55759143829, 5.46554279327, 6.64567184448, 4.74035835266, 3.54563093185, 3.46421480179, 2.99411010742, 2.30340576172, 2.27719402313, 1.49328637123, 1.52741897106, 1.02134442329, 0.352450996637, 0.0854699164629, 0.00798076298088, 0.00013223705173],
        "dmean2": [0.26198926568, 2.4482383728, 4.48258590698, 9.45710849762, 13.685880661, 12.9804840088, 13.2100353241, 28.4074230194, 25.2459373474, 33.6124839783, 19.3024692535, 27.3489933014, 21.2134513855, 12.3947792053, 23.2606983185, 13.4473085403, 19.6833896637, 17.3231754303, 12.1637268066, 10.1751375198, 10.5081882477, 10.7774810791, 12.592874527, 10.2991333008, 8.73641967773, 8.50714302063, 10.6271438599, 7.41940021515, 5.40779018402, 5.28267240524, 4.61663579941, 3.67196393013, 3.62007761002, 2.35294485092, 2.52916169167, 1.70829546452, 0.585179269314, 0.145197451115, 0.0138328997418, 0.000223024821025],
        "dvar": [0.104951672256, 10.2486257553, 38.9771232605, 239.114730835, 325.497772217, 287.086486816, 353.15322876, 2099.47363281, 1150.04443359, 1437.72351074, 734.238647461, 1628.82409668, 1636.51464844, 478.559783936, 1079.28979492, 782.935852051, 838.769348145, 1073.63635254, 765.657348633, 294.199035645, 384.960510254, 355.308105469, 548.32220459, 364.062042236, 236.859481812, 168.818054199, 273.982086182, 91.0734024048, 51.2270622253, 45.8973083496, 35.8709754944, 20.2268238068, 19.5299263, 8.26454639435, 9.87275409698, 4.60856676102, 0.525529563427, 0.0362647213042, 0.00042415491771, 9.16588049904e-08],
        "dvar2": [0.298965424299, 28.0795974731, 96.0636825562, 663.675720215, 848.842346191, 755.164489746, 941.503601074, 5688.08496094, 2973.71533203, 3281.54321289, 1835.0916748, 4010.51245117, 4591.88574219, 1113.10900879, 2827.63793945, 1669.48620605, 1983.08557129, 2534.72192383, 1512.30041504, 537.875488281, 703.340698242, 609.829406738, 1015.8001709, 761.211486816, 584.548095703, 385.617248535, 678.086120605, 214.90802002, 111.558799744, 104.948066711, 82.919342041, 49.2456932068, 46.661693573, 19.9052352905, 25.3683128357, 11.7559728622, 1.31751525402, 0.0938749462366, 0.0011215575505, 2.38349784354e-07],
        "max": [5.21404886246, 48.8595275879, 105.169471741, 262.887634277, 214.260253906, 246.756668091, 439.897399902, 801.807373047, 798.393127441, 765.309509277, 579.275634766, 1460.2701416, 1126.36743164, 1051.64587402, 1085.58032227, 1092.59143066, 517.742370605, 611.970153809, 445.536224365, 276.954284668, 365.196563721, 276.97668457, 359.5675354, 296.059356689, 255.04838562, 214.268890381, 424.883331299, 144.579208374, 108.12979126, 76.2237548828, 81.0198364258, 42.1430549622, 49.6503715515, 26.6247119904, 25.9742698669, 19.4139080048, 7.34414958954, 2.10325336456, 0.352814525366, 0.00441848952323],
        "mean": [0.27770704031, 2.89674043655, 5.95691490173, 7.57820224762, 10.8399715424, 11.1385946274, 14.5875101089, 26.1927185059, 25.8766422272, 37.994808197, 20.5218505859, 27.6615924835, 19.6827869415, 13.3195753098, 25.5523014069, 15.9940080643, 22.6809711456, 16.1374645233, 11.1449050903, 10.1373252869, 10.1727581024, 10.5219860077, 12.1533441544, 9.7815580368, 8.10180091858, 8.28268432617, 8.81294059753, 5.87438821793, 4.60901737213, 3.98543858528, 3.32157731056, 2.3501906395, 2.34022188187, 1.4753895998, 1.23992037773, 0.790035426617, 0.280004113913, 0.0659096762538, 0.00579134747386, 0.000130504486151],
        "median": [0.0927277877927, 0.970074534416, 1.47136187553, 2.30950117111, 2.82221603394, 3.03664636612, 4.10171794891, 8.78142261505, 8.39437103271, 14.0699119568, 6.28054714203, 8.18086624146, 4.55362033844, 4.17929410934, 7.16952323914, 6.45248031616, 7.56930065155, 7.02037620544, 3.6041841507, 3.24071598053, 3.2616481781, 3.09235715866, 3.54904460907, 2.94425320625, 2.03427863121, 1.64138638973, 1.31088232994, 1.07010126114, 0.787992477417, 0.702489197254, 0.494623363018, 0.292753577232, 0.198759675026, 0.124319255352, 0.0716687813401, 0.0378138273954, 0.0149825783446, 0.00337233627215, 0.000186292978469, 4.30819309258e-05],
        "min": [3.07002733979e-23, 5.48602903572e-22, 3.4215348608e-21, 2.26543573275e-20, 1.8168164278e-20, 1.01526597421e-19, 1.08690731158e-19, 1.49899951622e-19, 1.97285833118e-19, 1.84113124034e-19, 2.41141424081e-19, 5.93681742796e-19, 9.53569053863e-19, 1.37189414197e-18, 7.92913208112e-19, 2.03693618752e-18, 1.98513296768e-18, 3.18348296277e-18, 2.9280206383e-18, 4.61102981635e-18, 3.11576375398e-18, 7.29692166126e-18, 6.6081833727e-18, 6.49608551044e-18, 7.41843697478e-18, 8.6053303116e-18, 1.16303463553e-17, 1.18057086452e-17, 1.31541313305e-17, 1.33609860406e-17, 1.58339541512e-17, 1.30105699993e-17, 1.02516745022e-17, 9.55881478624e-18, 7.03281199066e-18, 5.13827184366e-18, 2.85017446405e-18, 1.19947568451e-18, 2.52534415302e-19, 3.05666403858e-20],
        "var": [0.205458939075, 21.4595508575, 100.453895569, 226.10824585, 399.512115479, 401.414306641, 931.942626953, 2484.40063477, 2356.97045898, 3485.44067383, 1712.29064941, 3119.14208984, 2522.54980469, 989.85369873, 2087.97924805, 1694.36523438, 1522.46789551, 1194.15490723, 976.437805176, 512.570373535, 620.023376465, 657.128967285, 872.171081543, 522.227905273, 363.173095703, 306.251556396, 558.336120605, 149.570526123, 104.71761322, 68.4740142822, 53.555229187, 24.7326622009, 26.2142219543, 9.84935283661, 8.28335571289, 3.72417092323, 0.439759969711, 0.0281009599566, 0.000303049397189, 7.26069160351e-08]
    },
    "gfcc": {
        "mean": [-45.7554588318, 104.69694519, -96.0208206177, 17.1589889526, -53.4676017761, 10.6629705429, -34.7193183899, 6.3532128334, -20.1532936096, 6.79757070541, -9.91578197479, 0.975595295429, -14.7818250656],
        "cov": [[21274.5820312, -4120.90722656, 1884.54321289, 1050.86889648, 569.910461426, 404.394378662, -111.734306335, 765.360046387, -808.17767334, 478.395721436, -828.664367676, 516.598144531, -496.434997559], [-4120.90722656, 2648.68286133, -405.752044678, -345.639831543, 258.478942871, 75.238494873, 199.597702026, -131.731689453, 419.123596191, -184.333618164, 442.702423096, -160.630279541, 208.514083862], [1884.54321289, -405.752044678, 1072.16503906, 162.229492188, 122.418960571, 179.806671143, 109.391677856, 121.030639648, -53.2286720276, 109.208877563, -77.239982605, 123.040046692, -57.8827934265], [1050.86889648, -345.639831543, 162.229492188, 472.304412842, 67.9486465454, 24.1231708527, 80.9877090454, 14.7558574677, -87.7790222168, 43.9522743225, -20.9147186279, 10.2266120911, -25.2778968811], [569.910461426, 258.478942871, 122.418960571, 67.9486465454, 371.681243896, 123.828330994, 94.9250640869, 62.3266983032, 32.4358940125, -5.54733943939, 66.1608963013, 43.333782196, 11.6349487305], [404.394378662, 75.238494873, 179.806671143, 24.1231708527, 123.828330994, 237.453369141, 116.8595047, 99.0324401855, 49.0755157471, 23.0023956299, 13.3689184189, 27.0285129547, 5.46822547913], [-111.734306335, 199.597702026, 109.391677856, 80.9877090454, 94.9250640869, 116.8595047, 277.071472168, 118.232208252, 102.161941528, 18.7649765015, 26.7040920258, -28.8605327606, 8.00899505615], [765.360046387, -131.731689453, 121.030639648, 14.7558574677, 62.3266983032, 99.0324401855, 118.232208252, 194.595947266, 64.6333236694, 52.7615661621, -31.0530548096, 14.2878408432, -27.6380233765], [-808.17767334, 419.123596191, -53.2286720276, -87.7790222168, 32.4358940125, 49.0755157471, 102.161941528, 64.6333236694, 209.223815918, 28.7376346588, 90.3779754639, -56.495300293, 16.7540740967], [478.395721436, -184.333618164, 109.208877563, 43.9522743225, -5.54733943939, 23.0023956299, 18.7649765015, 52.7615661621, 28.7376346588, 143.937988281, 27.5271110535, 3.25959181786, -40.4048347473], [-828.664367676, 442.702423096, -77.239982605, -20.9147186279, 66.1608963013, 13.3689184189, 26.7040920258, -31.0530548096, 90.3779754639, 27.5271110535, 199.282608032, 4.54096746445, 52.2142906189], [516.598144531, -160.630279541, 123.040046692, 10.2266120911, 43.333782196, 27.0285129547, -28.8605327606, 14.2878408432, -56.495300293, 3.25959181786, 4.54096746445, 141.548751831, 35.794834137], [-496.434997559, 208.514083862, -57.8827934265, -25.2778968811, 11.6349487305, 5.46822547913, 8.00899505615, -27.6380233765, 16.7540740967, -40.4048347473, 52.2142906189, 35.794834137, 112.269897461]],
        "icov": [[0.00011345614621, 1.503081603e-05, -4.93284314871e-05, -0.000126754952362, -0.000184003263712, -2.07249922823e-05, 0.000215920634218, -0.000426778191468, 0.000286126625724, -0.000225649331696, 0.000246142124524, -0.000115922492114, 0.00011798232299], [1.503081603e-05, 0.0015588614624, -0.000147547005326, 0.000683978374582, -0.000738919246942, -0.000151187196025, -0.000577153870836, 0.0010966588743, -0.0015697266208, 0.00201154407114, -0.00227262638509, 0.00142041861545, -0.000793466344476], [-4.93284314871e-05, -0.000147547005326, 0.00148345925845, -0.000192490260815, -9.90293119685e-06, -0.000709738989826, -0.000538334716111, 0.000507457007188, -1.21299881357e-05, -0.00104667118285, 0.000892062787898, -0.00145963113755, 0.000651934591588], [-0.000126754952362, 0.000683978374582, -0.000192490260815, 0.00348448147997, -0.000613695592619, 0.000277887826087, -0.0021113245748, 0.00127822509967, 0.00134840363171, -4.7730125516e-05, -0.0015734245535, 0.00146726169623, -0.000584601890296], [-0.000184003263712, -0.000738919246942, -9.90293119685e-06, -0.000613695592619, 0.00458305235952, -0.00129290297627, -0.000389719556551, -0.000669527740683, 0.000442709395429, 0.00109041715041, -0.00132796890102, -0.00140623131301, 0.00125877128448], [-2.07249922823e-05, -0.000151187196025, -0.000709738989826, 0.000277887826087, -0.00129290297627, 0.00705502647907, -0.00141514220741, -0.00188201584388, -0.000116344082926, -0.00013585081615, 0.000101443169115, -0.000437372247688, -0.000625448708888], [0.000215920634218, -0.000577153870836, -0.000538334716111, -0.0021113245748, -0.000389719556551, -0.00141514220741, 0.00814816914499, -0.00464875297621, -0.0011031862814, 0.000201089191251, 0.000851077318657, 0.00147074379493, -0.000970329449046], [-0.000426778191468, 0.0010966588743, 0.000507457007188, 0.00127822509967, -0.000669527740683, -0.00188201584388, -0.00464875297621, 0.014091078192, -0.00612053694203, -0.00111141405068, 0.00204082927667, -0.00223870901391, 0.000865068985149], [0.000286126625724, -0.0015697266208, -1.21299881357e-05, 0.00134840363171, 0.000442709395429, -0.000116344082926, -0.0011031862814, -0.00612053694203, 0.0143239693716, -0.0036407248117, -0.00205522566102, 0.00337509065866, -0.000558379280847], [-0.000225649331696, 0.00201154407114, -0.00104667118285, -4.7730125516e-05, 0.00109041715041, -0.00013585081615, 0.000201089191251, -0.00111141405068, -0.0036407248117, 0.0145539222285, -0.00758889131248, 0.00152444164269, 0.00314607121982], [0.000246142124524, -0.00227262638509, 0.000892062787898, -0.0015734245535, -0.00132796890102, 0.000101443169115, 0.000851077318657, 0.00204082927667, -0.00205522566102, -0.00758889131248, 0.0144446054474, -0.0044551207684, -0.00173264869954], [-0.000115922492114, 0.00142041861545, -0.00145963113755, 0.00146726169623, -0.00140623131301, -0.000437372247688, 0.00147074379493, -0.00223870901391, 0.00337509065866, 0.00152444164269, -0.0044551207684, 0.014410908334, -0.00653950823471], [0.00011798232299, -0.000793466344476, 0.000651934591588, -0.000584601890296, 0.00125877128448, -0.000625448708888, -0.000970329449046, 0.000865068985149, -0.000558379280847, 0.00314607121982, -0.00173264869954, -0.00653950823471, 0.015395520255]]
    },
    "melbands": {
        "dmean": [0.00153712427709, 0.00155692826957, 0.00100175151601, 0.000580015301239, 0.000281135959085, 0.000368261826225, 0.000239119865, 0.000244771654252, 9.37308577704e-05, 0.000110847468022, 6.38280180283e-05, 3.1294857763e-05, 4.27105042036e-05, 2.49631266342e-05, 2.89777362923e-05, 2.94892106467e-05, 2.15748823393e-05, 1.33468547574e-05, 1.00683600976e-05, 1.13966671051e-05, 7.44245289752e-06, 7.65983168094e-06, 7.77351397119e-06, 7.00872396919e-06, 5.68568248127e-06, 4.49651406598e-06, 4.03018248107e-06, 3.81238396585e-06, 4.51372989119e-06, 3.7075549244e-06, 2.59512262346e-06, 2.09878658097e-06, 1.88200601769e-06, 1.99163787329e-06, 1.92027755475e-06, 1.42267458614e-06, 1.40750978517e-06, 1.53369524014e-06, 1.64100401889e-06, 1.13431167392e-06],
        "dmean2": [0.00260735792108, 0.00253506819718, 0.00171978934668, 0.000955861236434, 0.000469686405268, 0.000611856812611, 0.000375622621505, 0.000368705659639, 0.000150211417349, 0.000176942150574, 0.000103457743535, 4.99397974636e-05, 6.94815535098e-05, 3.95952301915e-05, 4.61932577309e-05, 4.70149243483e-05, 3.4672608308e-05, 2.11503956962e-05, 1.56813748617e-05, 1.74422912096e-05, 1.17208101074e-05, 1.22373230624e-05, 1.14358463179e-05, 1.06543211587e-05, 8.87236274139e-06, 7.32861008146e-06, 6.50752099318e-06, 5.94467883275e-06, 7.34914465284e-06, 5.91623256696e-06, 4.14879650634e-06, 3.25328232975e-06, 2.92411164082e-06, 3.06003266815e-06, 3.00564647659e-06, 2.24352652367e-06, 2.27436112255e-06, 2.44214038503e-06, 2.63165156866e-06, 1.79305163783e-06],
        "dvar": [1.06120696728e-05, 1.09784186861e-05, 6.73440490573e-06, 1.56762882852e-06, 4.00290019797e-07, 8.81059520452e-07, 2.18211454239e-07, 1.97660895651e-07, 5.39435092151e-08, 7.10612084731e-08, 4.07540987624e-08, 7.84476483773e-09, 9.26613985541e-09, 3.80052167515e-09, 7.98798538426e-09, 4.79310724444e-09, 4.61246063566e-09, 2.01271976863e-09, 1.1308528558e-09, 7.44328154667e-10, 5.00472663312e-10, 3.83395648562e-10, 5.09515041269e-10, 4.62668958701e-10, 2.49902043503e-10, 1.55870233387e-10, 9.88610096564e-11, 8.29781868217e-11, 1.88369417287e-10, 5.94955543165e-11, 3.00235808437e-11, 1.80579232123e-11, 1.71423829992e-11, 1.51073095006e-11, 1.60424000473e-11, 8.23341742007e-12, 7.86404708714e-12, 9.36137452279e-12, 1.02143319844e-11, 4.95647663537e-12],
        "dvar2": [2.99098301184e-05, 2.69147531071e-05, 1.83920856216e-05, 3.9593596739e-06, 1.07904963897e-06, 2.4039886739e-06, 5.4995228993e-07, 4.47105350077e-07, 1.35751605512e-07, 1.74858257651e-07, 1.14140192409e-07, 1.8490803555e-08, 2.42219719837e-08, 8.4946005785e-09, 1.7647943551e-08, 1.11047731011e-08, 1.11610161113e-08, 3.9744652014e-09, 2.27503060835e-09, 1.62865188003e-09, 9.43251476926e-10, 7.66902708005e-10, 9.0552709775e-10, 9.58364276826e-10, 5.42099864997e-10, 3.95782656648e-10, 2.36023367517e-10, 1.94635654815e-10, 4.94888297009e-10, 1.44634915156e-10, 7.20747003746e-11, 4.01401065164e-11, 4.01977028053e-11, 3.48476386636e-11, 3.80281951762e-11, 1.95902495614e-11, 1.93216709993e-11, 2.24673821214e-11, 2.47659566466e-11, 1.20734507461e-11],
        "max": [0.0537985041738, 0.0462783947587, 0.0399103686213, 0.0153150763363, 0.0130877513438, 0.015439581126, 0.0103774545714, 0.00939755979925, 0.00603831419721, 0.00960293691605, 0.00552469491959, 0.00403582816944, 0.0029948039446, 0.00234359526075, 0.00387193798088, 0.00164661149029, 0.00130493554752, 0.000678511103615, 0.000673071888741, 0.000508026161697, 0.000385392399039, 0.000316997349728, 0.000365848827641, 0.000417964183725, 0.000258429849055, 0.000162001888384, 0.000143210403621, 0.000173016931512, 0.000416285649408, 0.000129876221763, 6.53608731227e-05, 5.65298432775e-05, 5.84368899581e-05, 4.55181834695e-05, 5.34618448e-05, 3.82003163395e-05, 3.06105648633e-05, 3.86361170968e-05, 3.01363506878e-05, 2.46743929893e-05],
        "mean": [0.00296615879051, 0.00359176588245, 0.00144406082109, 0.000801802438218, 0.000511399353854, 0.000576756894588, 0.000384357146686, 0.000418253592215, 0.000150653359015, 0.000176285248017, 9.30891474127e-05, 5.03845658386e-05, 7.63667849242e-05, 4.64333243144e-05, 4.67727259092e-05, 5.19072200404e-05, 2.77258804999e-05, 1.84310865734e-05, 1.33221765282e-05, 1.54621939146e-05, 1.07570222099e-05, 1.09122074718e-05, 1.09747652459e-05, 9.56045460043e-06, 7.82798360888e-06, 5.995790616e-06, 5.6485641835e-06, 5.60112221137e-06, 5.92563810642e-06, 4.46460262538e-06, 3.06989159071e-06, 2.64727145804e-06, 2.29021497944e-06, 2.22663607019e-06, 2.08002029467e-06, 1.52067923409e-06, 1.38017389872e-06, 1.58896853009e-06, 1.60375600444e-06, 1.11823067073e-06],
        "median": [0.00121504592244, 0.00110485055484, 0.000478196016047, 0.000208911398659, 0.000166180776432, 0.000205737858778, 0.000116476032417, 0.000134480302222, 3.8682424929e-05, 4.87399083795e-05, 1.80352399184e-05, 1.06981970021e-05, 2.20499860006e-05, 1.93197520275e-05, 1.15457714855e-05, 1.0932013538e-05, 9.04927037482e-06, 5.13475606567e-06, 3.49485162587e-06, 4.43544604423e-06, 3.14211683872e-06, 2.95329573419e-06, 3.01783165924e-06, 2.68365420197e-06, 2.13143448491e-06, 1.38555731155e-06, 1.15734394512e-06, 9.71471308731e-07, 8.00632278697e-07, 6.64462390887e-07, 5.68452378502e-07, 4.27456257057e-07, 3.61414919325e-07, 3.67339907825e-07, 3.0889512459e-07, 1.87655771811e-07, 1.63741333381e-07, 1.38793552651e-07, 1.15214533025e-07, 9.63357678074e-08],
        "min": [4.29794988384e-25, 1.98396801891e-24, 4.51956911389e-24, 3.27385361491e-24, 4.59668066181e-24, 3.29970261462e-24, 2.53778209818e-24, 2.73925086248e-24, 2.1104831643e-24, 4.57292687666e-24, 4.52326374394e-24, 5.09195514824e-24, 2.06427031197e-24, 5.33064513107e-24, 4.65729476161e-24, 3.93824567992e-24, 5.15160407673e-24, 4.53179172476e-24, 4.65289646764e-24, 5.5143696526e-24, 2.72919485809e-24, 5.73917134476e-24, 4.41325748514e-24, 6.03208604849e-24, 4.54881968183e-24, 5.25411260706e-24, 5.48915765807e-24, 5.70616185461e-24, 7.93506428206e-24, 6.53331643476e-24, 6.51935083572e-24, 8.09514703669e-24, 6.05316717289e-24, 5.97466880751e-24, 7.58081130421e-24, 5.53075271588e-24, 7.03133891815e-24, 7.25750928398e-24, 6.42013895511e-24, 8.24205108105e-24],
        "var": [1.96450127987e-05, 3.16996520269e-05, 6.98348185324e-06, 2.04984530683e-06, 8.72494638315e-07, 1.10152757316e-06, 4.75686050549e-07, 4.83035591969e-07, 1.36164970854e-07, 1.31804412717e-07, 6.29535392704e-08, 1.64141038539e-08, 1.78282704155e-08, 7.99361377091e-09, 1.61096007645e-08, 9.6254897386e-09, 4.75140149447e-09, 2.61388932721e-09, 1.53674406533e-09, 1.10761155803e-09, 7.80098985409e-10, 6.50202613972e-10, 8.35831404089e-10, 6.12913109155e-10, 3.44123424201e-10, 2.01833452729e-10, 1.63449753732e-10, 1.4748535726e-10, 3.65699026617e-10, 9.24769705257e-11, 4.29282477621e-11, 3.42009164045e-11, 3.0398742551e-11, 2.07843950384e-11, 2.157375667e-11, 1.18340519675e-11, 8.91845625128e-12, 1.25629636902e-11, 1.21483717183e-11, 5.78592295603e-12]
    },
    "mfcc": {
        "mean": [-696.23059082, 140.882766724, 13.5374727249, 16.1513824463, 5.12856674194, 4.32544374466, -0.105407103896, 0.280992358923, -3.81079387665, 0.290780752897, 3.65694308281, 5.17563581467, 0.289105981588],
        "cov": [[15160.4785156, -2348.73193359, 589.288269043, 1124.57922363, 185.927062988, 276.257537842, 468.678009033, 226.739135742, 307.187988281, -48.8643760681, -169.366363525, -4.12010908127, 118.363891602], [-2348.73193359, 2425.66210938, -217.050170898, -288.543701172, 201.441558838, 80.430229187, -7.4287071228, 136.562927246, -2.06311321259, 43.6178627014, 126.389709473, 161.793640137, 111.297782898], [589.288269043, -217.050170898, 739.18560791, 111.887916565, 17.6636161804, 99.4745864868, 83.3822937012, 40.7826347351, 60.009967804, 40.1386680603, 20.0850009918, 19.6079883575, 67.5751495361], [1124.57922363, -288.543701172, 111.887916565, 423.634674072, 57.8689575195, 70.6221237183, 116.408325195, 4.78621244431, -5.19570064545, 2.13741254807, -13.0944242477, 22.4592933655, 29.347278595], [185.927062988, 201.441558838, 17.6636161804, 57.8689575195, 227.700866699, 79.9702758789, 60.3539619446, 60.4376449585, 3.05638599396, -34.3534317017, -0.902628004551, 44.7338409424, 62.5189857483], [276.257537842, 80.430229187, 99.4745864868, 70.6221237183, 79.9702758789, 152.222457886, 98.1138076782, 55.2792816162, 33.1809158325, 15.2912921906, 17.1963634491, 36.5831184387, 37.1057052612], [468.678009033, -7.4287071228, 83.3822937012, 116.408325195, 60.3539619446, 98.1138076782, 180.48197937, 96.5070343018, 60.1067390442, 36.1125984192, 17.6671447754, 37.6496658325, 45.519569397], [226.739135742, 136.562927246, 40.7826347351, 4.78621244431, 60.4376449585, 55.2792816162, 96.5070343018, 180.734512329, 102.100128174, 30.0867652893, 16.0840015411, 28.5875682831, 52.9376983643], [307.187988281, -2.06311321259, 60.009967804, -5.19570064545, 3.05638599396, 33.1809158325, 60.1067390442, 102.100128174, 161.175109863, 82.4462585449, 29.1815853119, 31.7179756165, 38.7676544189], [-48.8643760681, 43.6178627014, 40.1386680603, 2.13741254807, -34.3534317017, 15.2912921906, 36.1125984192, 30.0867652893, 82.4462585449, 157.868179321, 114.111320496, 39.7536849976, -15.0484495163], [-169.366363525, 126.389709473, 20.0850009918, -13.0944242477, -0.902628004551, 17.1963634491, 17.6671447754, 16.0840015411, 29.1815853119, 114.111320496, 179.418640137, 80.3400039673, -28.0143089294], [-4.12010908127, 161.793640137, 19.6079883575, 22.4592933655, 44.7338409424, 36.5831184387, 37.6496658325, 28.5875682831, 31.7179756165, 39.7536849976, 80.3400039673, 138.859954834, 73.6031799316], [118.363891602, 111.297782898, 67.5751495361, 29.347278595, 62.5189857483, 37.1057052612, 45.519569397, 52.9376983643, 38.7676544189, -15.0484495163, -28.0143089294, 73.6031799316, 172.085922241]],
