{
"lowlevel": {
    "average_loudness": 0.721469342709,
    "barkbands_crest": {
        "dmean": 2.84754180908,
        "dmean2": 4.56117343903,
        "dvar": 6.56709623337,
        "dvar2": 16.0336666107,
        "max": 26.7853775024,
        "mean": 9.91635608673,
        "median": 9.13247013092,
        "min": 2.11490559578,
        "var": 19.5765686035
    },
    "barkbands_flatness_db": {
        "dmean": 0.0251533798873,
        "dmean2": 0.0381074547768,
        "dvar": 0.00070509215584,
        "dvar2": 0.00152649614029,
        "max": 0.522090017796,
        "mean": 0.127829000354,
        "median": 0.112763561308,
        "min": 0.0177494809031,
        "var": 0.00401752348989
    },
    "barkbands_kurtosis": {
        "dmean": 3.52006292343,
        "dmean2": 5.52876281738,
        "dvar": 60.6487312317,
        "dvar2": 142.278549194,
        "max": 277.609527588,
        "mean": 3.94361305237,
        "median": 0.681358575821,
        "min": -1.89379370213,
        "var": 115.701072693
    },
    "barkbands_skewness": {
        "dmean": 0.662414669991,
        "dmean2": 1.01062130928,
        "dvar": 0.541166067123,
        "dvar2": 1.20940613747,
        "max": 15.7212152481,
        "mean": 1.51713621616,
        "median": 1.33191895485,
        "min": -2.36712837219,
        "var": 2.14166879654
    },
    "barkbands_spread": {
        "dmean": 7.79691839218,
        "dmean2": 12.2276554108,
        "dvar": 70.8096694946,
        "dvar2": 174.827224731,
        "max": 134.508880615,
        "mean": 30.4014129639,
        "median": 29.6390781403,
        "min": 0.228052273393,
        "var": 255.788818359
    },
    "dissonance": {
        "dmean": 0.00998244900256,
        "dmean2": 0.0165797770023,
        "dvar": 0.000158470560564,
        "dvar2": 0.000412498513469,
        "max": 0.500000059605,
        "mean": 0.479695677757,
        "median": 0.484728574753,
        "min": 0.199028789997,
        "var": 0.000458110269392
    },
    "dynamic_complexity": 4.22684669495,
    "erbbands_crest": {
        "dmean": 1.95651745796,
        "dmean2": 3.13198041916,
        "dvar": 4.63088941574,
        "dvar2": 10.1436481476,
        "max": 32.7105979919,
        "mean": 6.93051481247,
        "median": 5.70291090012,
        "min": 2.00214147568,
        "var": 16.8009986877
    },
    "erbbands_flatness_db": {
        "dmean": 0.0147153902799,
        "dmean2": 0.0217722486705,
        "dvar": 0.000275165453786,
        "dvar2": 0.000556758488528,
        "max": 0.50116610527,
        "mean": 0.148104980588,
        "median": 0.132760256529,
        "min": 0.044955920428,
        "var": 0.0034073353745
    },
    "erbbands_kurtosis": {
        "dmean": 0.831461787224,
        "dmean2": 1.29338097572,
        "dvar": 4.54335546494,
        "dvar2": 9.25121498108,
        "max": 78.5414886475,
        "mean": 0.0122585808858,
        "median": -0.576162576675,
        "min": -1.84690833092,
        "var": 12.3815288544
    },
    "erbbands_skewness": {
        "dmean": 0.345277935266,
        "dmean2": 0.529586076736,
        "dvar": 0.14803801477,
        "dvar2": 0.313655585051,
        "max": 7.59257411957,
        "mean": -0.345570415258,
        "median": -0.435782283545,
        "min": -3.10820484161,
        "var": 0.631907224655
    },
    "erbbands_spread": {
        "dmean": 9.66153717041,
        "dmean2": 14.8163862228,
        "dvar": 96.5011749268,
        "dvar2": 209.556228638,
        "max": 152.539871216,
        "mean": 49.9597549438,
        "median": 47.6221542358,
        "min": 0.753852128983,
        "var": 386.598114014
    },
    "hfc": {
        "dmean": 6.28394985199,
        "dmean2": 8.83693599701,
        "dvar": 85.0446853638,
        "dvar2": 165.166900635,
        "max": 107.349906921,
        "mean": 18.4757232666,
        "median": 14.6628417969,
        "min": 1.12339041649e-16,
        "var": 271.723602295
    },
    "melbands_crest": {
        "dmean": 3.7579202652,
        "dmean2": 6.04775953293,
        "dvar": 11.1686000824,
        "dvar2": 27.8222560883,
        "max": 35.5456047058,
        "mean": 15.1724004745,
        "median": 14.6981067657,
        "min": 1.66265308857,
        "var": 31.7002468109
    },
    "melbands_flatness_db": {
        "dmean": 0.0318647809327,
        "dmean2": 0.0477769970894,
        "dvar": 0.00110927701462,
        "dvar2": 0.00236352812499,
        "max": 0.561211526394,
        "mean": 0.180757686496,
        "median": 0.173601940274,
        "min": 0.00385535997339,
        "var": 0.00593065004796
    },
    "melbands_kurtosis": {
        "dmean": 10.7776136398,
        "dmean2": 16.8907012939,
        "dvar": 336.911437988,
        "dvar2": 789.871765137,
        "max": 463.498260498,
        "mean": 18.6993484497,
        "median": 9.37426948547,
        "min": -1.62089288235,
        "var": 742.610107422
    },
    "melbands_skewness": {
        "dmean": 0.961748659611,
        "dmean2": 1.4640982151,
        "dvar": 1.10721957684,
        "dvar2": 2.46196079254,
        "max": 18.0655822754,
        "mean": 3.32186555862,
        "median": 2.93147659302,
        "min": -2.15112757683,
        "var": 4.46438550949
    },
    "melbands_spread": {
        "dmean": 10.6661491394,
        "dmean2": 16.5797595978,
        "dvar": 159.763549805,
        "dvar2": 386.064361572,
        "max": 203.331802368,
        "mean": 32.4069747925,
        "median": 24.8087234497,
        "min": 0.389986425638,
        "var": 758.432250977
    },
    "pitch_salience": {
        "dmean": 0.0840950161219,
        "dmean2": 0.132110357285,
        "dvar": 0.00589030003175,
        "dvar2": 0.0138358287513,
        "max": 0.99178558588,
        "mean": 0.554374575615,
        "median": 0.570994257927,
        "min": 0.0582387633622,
        "var": 0.0167459882796
    },
    "silence_rate_20dB": {
        "dmean": 0,
        "dmean2": 0,
        "dvar": 0,
        "dvar2": 0,
        "max": 1,
        "mean": 1,
        "median": 1,
        "min": 1,
        "var": 0
    },
    "silence_rate_30dB": {
        "dmean": 0.0243252255023,
        "dmean2": 0.0486545041203,
        "dvar": 0.0237345378846,
        "dvar2": 0.0614524781704,
        "max": 1,
        "mean": 0.982340693474,
        "median": 1,
        "min": 0,
        "var": 0.0173472203314
    },
    "silence_rate_60dB": {
        "dmean": 0.0298233926296,
        "dmean2": 0.0596517547965,
        "dvar": 0.0289307553321,
        "dvar2": 0.0625881627202,
        "max": 1,
        "mean": 0.163182005286,
        "median": 0,
        "min": 0,
        "var": 0.136541947722
    },
    "spectral_centroid": {
        "dmean": 351.111450195,
        "dmean2": 548.019226074,
        "dvar": 161013.203125,
        "dvar2": 370093.25,
        "max": 11654.6650391,
        "mean": 1874.02502441,
        "median": 1818.7557373,
        "min": 185.805526733,
        "var": 743631.9375
    },
    "spectral_complexity": {
        "dmean": 5.46634435654,
        "dmean2": 7.78855276108,
        "dvar": 46.2322387695,
        "dvar2": 80.7379684448,
        "max": 62,
        "mean": 21.0834655762,
        "median": 21,
        "min": 0,
        "var": 196.221130371
    },
    "spectral_decrease": {
        "dmean": 3.09733416692e-09,
        "dmean2": 4.76161376994e-09,
        "dvar": 2.47402690179e-17,
        "dvar2": 5.65241232268e-17,
        "max": 1.83909457802e-28,
        "mean": -6.46164055595e-09,
        "median": -4.50095871685e-09,
        "min": -6.11592838595e-08,
        "var": 4.92394678269e-17
    },
    "spectral_energy": {
        "dmean": 0.012126901187,
        "dmean2": 0.018548252061,
        "dvar": 0.000367186090443,
        "dvar2": 0.000835582206491,
        "max": 0.233943998814,
        "mean": 0.0260634664446,
        "median": 0.0185894798487,
        "min": 1.01697865813e-20,
        "var": 0.00075163366273
    },
    "spectral_energyband_high": {
        "dmean": 0.000460278795799,
        "dmean2": 0.000653736060485,
        "dvar": 5.64366473554e-07,
        "dvar2": 1.07365758595e-06,
        "max": 0.0099321315065,
        "mean": 0.00108992448077,
        "median": 0.000646294793114,
        "min": 7.26952333264e-21,
        "var": 1.69797147009e-06
    },
    "spectral_energyband_low": {
        "dmean": 0.00834456738085,
        "dmean2": 0.0131579479203,
        "dvar": 0.00024488120107,
        "dvar2": 0.00058041815646,
        "max": 0.227558463812,
        "mean": 0.0131669817492,
        "median": 0.00646197935566,
        "min": 2.81854826508e-23,
        "var": 0.000393209571484
    },
    "spectral_energyband_middle_high": {
        "dmean": 0.00133731891401,
        "dmean2": 0.0019455596339,
        "dvar": 3.88330499845e-06,
        "dvar2": 7.93335584603e-06,
        "max": 0.0289468932897,
        "mean": 0.00380455097184,
        "median": 0.00280680693686,
        "min": 1.24187244633e-21,
        "var": 1.36309427035e-05
    },
    "spectral_energyband_middle_low": {
        "dmean": 0.00615960778669,
        "dmean2": 0.00999857578427,
        "dvar": 0.000125892067445,
        "dvar2": 0.000309814407956,
        "max": 0.120584636927,
        "mean": 0.00966347474605,
        "median": 0.00575930904597,
        "min": 1.84358964495e-22,
        "var": 0.000157697577379
    },
    "spectral_entropy": {
        "dmean": 0.142618358135,
        "dmean2": 0.220016121864,
        "dvar": 0.0309362281114,
        "dvar2": 0.0672770366073,
        "max": 9.81815814972,
        "mean": 7.7578868866,
        "median": 7.80633068085,
        "min": 4.51109266281,
        "var": 0.185825020075
    },
    "spectral_flux": {
        "dmean": 0.0300567466766,
        "dmean2": 0.0464530177414,
        "dvar": 0.00139560096432,
        "dvar2": 0.00304039753973,
        "max": 0.423896402121,
        "mean": 0.0843945369124,
        "median": 0.0720392093062,
        "min": 6.41272035473e-11,
        "var": 0.00378232472576
    },
    "spectral_kurtosis": {
        "dmean": 1.40462946892,
        "dmean2": 2.40456271172,
        "dvar": 6.42268610001,
        "dvar2": 16.8785743713,
        "max": 97.0696334839,
        "mean": 3.24183940887,
        "median": 2.597615242,
        "min": -1.25456249714,
        "var": 13.754278183
    },
    "spectral_rms": {
        "dmean": 0.00102014874574,
        "dmean2": 0.00149382185191,
        "dvar": 1.54727672452e-06,
        "dvar2": 3.28660394189e-06,
        "max": 0.0151075487956,
        "mean": 0.00435588276014,
        "median": 0.00425864756107,
        "min": 3.1498798795e-12,
        "var": 6.45392265142e-06
    },
    "spectral_rolloff": {
        "dmean": 704.348937988,
        "dmean2": 1152.39550781,
        "dvar": 764022.125,
        "dvar2": 1714318.75,
        "max": 19573.6816406,
        "mean": 2216.75219727,
        "median": 1873.38867188,
        "min": 64.599609375,
        "var": 5828317
    },
    "spectral_skewness": {
        "dmean": 0.199861437082,
        "dmean2": 0.328206211329,
        "dvar": 0.0731641426682,
        "dvar2": 0.180579990149,
        "max": 7.42459249496,
        "mean": 1.06223988533,
        "median": 1.04601049423,
        "min": -0.284094810486,
        "var": 0.185605376959
    },
    "spectral_spread": {
        "dmean": 414443.40625,
        "dmean2": 628341.5625,
        "dvar": 860649226240,
        "dvar2": 1.88282686669e+12,
        "max": 51528344,
        "mean": 4351864,
        "median": 4174150.25,
        "min": 965212.4375,
        "var": 4.82367556813e+12
    },
    "spectral_strongpeak": {
        "dmean": 0.308578103781,
        "dmean2": 0.520526945591,
        "dvar": 0.299799352884,
        "dvar2": 0.73540019989,
        "max": 11.3829231262,
        "mean": 0.52503323555,
        "median": 0.367025345564,
        "min": 0,
        "var": 0.404832184315
    },
    "zerocrossingrate": {
        "dmean": 0.0120709678158,
        "dmean2": 0.0139325112104,
        "dvar": 0.000210464000702,
        "dvar2": 0.000320727791404,
        "max": 0.8408203125,
        "mean": 0.0796825811267,
        "median": 0.06494140625,
        "min": 0.00244140625,
        "var": 0.00583808962256
    },
    "barkbands": {
        "dmean": [0.000109296765004, 0.00405440526083, 0.00512247439474, 0.00275451340713, 0.00332542927936, 0.00119424704462, 0.000288413866656, 0.000242452602834, 0.000206415308639, 0.000159309434821, 0.000146915044752, 0.000106798805064, 0.000213328850805, 0.000169575490872, 0.000238592212554, 0.000268693896942, 0.000284428504528, 0.000229332596064, 0.000242242429522, 0.000226012503845, 0.000165900913998, 0.000129133666633, 7.11670218152e-05, 4.74346525152e-05, 2.41737980105e-05, 9.18990008358e-06, 1.2731222796e-06],
        "dmean2": [0.000186633624253, 0.00660185376182, 0.00841035321355, 0.00463901041076, 0.00569353112951, 0.00195494107902, 0.00046118022874, 0.000357029872248, 0.000312765041599, 0.000243828908424, 0.000224807765335, 0.000165859499248, 0.00032852057484, 0.000266382325208, 0.000380757555831, 0.000434124929598, 0.000465458782855, 0.000360167381587, 0.000387666863389, 0.000356980337529, 0.000254769489402, 0.000192823601537, 0.000102313133539, 7.19026065781e-05, 3.57162934961e-05, 1.34403580887e-05, 2.09718950828e-06],
        "dvar": [1.94870438008e-07, 0.000110594948637, 9.58046439337e-05, 4.56484849565e-05, 5.12061742484e-05, 5.15405326951e-06, 3.73741130488e-07, 3.30511483071e-07, 1.50320246917e-07, 1.58579510412e-07, 9.19183733572e-08, 5.86015289628e-08, 2.20725965505e-07, 1.29302975438e-07, 1.84891518984e-07, 2.30687916769e-07, 1.87891743053e-07, 1.28085403617e-07, 1.23526618268e-07, 1.43070593595e-07, 7.45629691323e-08, 5.14210611868e-08, 1.46122722811e-08, 7.89578535887e-09, 2.29929253415e-09, 4.70327887747e-10, 2.18526672452e-11],
        "dvar2": [5.00431781347e-07, 0.000277320563328, 0.000253013306065, 0.000121065175335, 0.000138853036333, 1.31432334456e-05, 9.0137098141e-07, 5.71549549022e-07, 3.29322034531e-07, 2.87423546297e-07, 1.9598226686e-07, 1.29218179268e-07, 4.48495256933e-07, 3.02913832684e-07, 4.06915603435e-07, 5.88013108427e-07, 4.70606124736e-07, 3.04945444896e-07, 2.89976128443e-07, 3.38633128649e-07, 1.64947778103e-07, 1.06421438772e-07, 2.83179151239e-08, 1.98686453956e-08, 5.41501288254e-09, 1.08728748227e-09, 4.83449599797e-11],
        "max": [0.00829558912665, 0.151933774352, 0.188528627157, 0.105299606919, 0.087824203074, 0.0566372796893, 0.0211902540177, 0.029281584546, 0.0103337625042, 0.0209990367293, 0.0159122738987, 0.00722846016288, 0.0158657841384, 0.0132552087307, 0.0234540812671, 0.0112838083878, 0.00786800589412, 0.00549022294581, 0.00510704005137, 0.00504223071039, 0.00394607102498, 0.00400156201795, 0.00155209843069, 0.00233777984977, 0.000960903184023, 0.000460071169073, 0.000294995261356],
        "mean": [0.000106085892185, 0.00503207556903, 0.00641228212044, 0.00284760631621, 0.00376112526283, 0.00172726658639, 0.000447975093266, 0.00046400204883, 0.000354336749297, 0.000284892099444, 0.000262477056822, 0.000166263533174, 0.000356689793989, 0.000279235420749, 0.000410656561144, 0.000450907828053, 0.000504230381921, 0.000417902949266, 0.000471481966088, 0.000414423673647, 0.000333796662744, 0.00023878797947, 0.00013574193872, 0.000112823363452, 5.16089203302e-05, 1.71544670593e-05, 1.68134533851e-06],
        "median": [2.09263926081e-05, 0.00150462961756, 0.00264188880101, 0.000857670558617, 0.00169137166813, 0.000578085018788, 0.000156700378284, 0.000132921180921, 0.000157978574862, 0.000100484554423, 8.80439765751e-05, 6.64026738377e-05, 0.000132377143018, 0.000131524793687, 0.000226516320254, 0.000266159506282, 0.000312623771606, 0.000255405146163, 0.00031851005042, 0.000257612671703, 0.000207228498766, 0.000118545453006, 6.06151952525e-05, 3.62532082363e-05, 1.7529246179e-05, 5.58992724109e-06, 2.32316793358e-07],
        "min": [7.92936653695e-25, 3.41578586341e-24, 2.09337927937e-24, 5.15467590109e-24, 1.75191555118e-23, 1.13758475698e-23, 1.84719401354e-23, 1.02862113564e-23, 1.21342268897e-23, 1.94891431405e-23, 2.13268103964e-23, 3.94785566236e-23, 3.00274444655e-23, 4.92470369901e-23, 7.21168498509e-23, 9.06817256895e-23, 6.98119686798e-23, 9.08565120225e-23, 1.37215753275e-22, 1.76930406501e-22, 2.18222327154e-22, 3.6542712946e-22, 4.8416516025e-22, 6.59247751588e-22, 8.7628355621e-22, 1.27850346121e-21, 1.99264275467e-21],
        "var": [1.56405249641e-07, 0.000120896074804, 0.000109429012809, 3.85073872167e-05, 4.22286975663e-05, 9.96330436465e-06, 7.62059414683e-07, 1.54728684265e-06, 3.78281242774e-07, 5.75149215365e-07, 3.07365212393e-07, 1.14987720679e-07, 5.74311229684e-07, 3.19982206065e-07, 5.14514852057e-07, 4.0586706973e-07, 3.51953929112e-07, 2.50012220704e-07, 2.55046415987e-07, 2.40529374196e-07, 1.57081203156e-07, 1.10282392995e-07, 3.77576050425e-08, 4.6028766576e-08, 8.13902278907e-09, 8.71917982259e-10, 2.91928738128e-11]
    },
    "erbbands": {
        "dmean": [0.0949147939682, 1.02236807346, 4.75958871841, 8.05081939697, 11.174618721, 11.1851205826, 5.52869558334, 13.2580537796, 4.34202623367, 5.62656402588, 3.5908138752, 5.49517202377, 3.64089608192, 6.15170717239, 5.16278409958, 5.031229496, 9.43783378601, 8.77871417999, 11.084643364, 11.7243432999, 13.1114168167, 13.9638795853, 13.8462896347, 12.1171617508, 12.2872276306, 10.6608057022, 6.48585224152, 7.33908224106, 4.8419675827, 2.92696046829, 2.03209066391, 1.34962975979, 0.62629532814, 0.335248738527, 0.134085699916, 0.0478593818843, 0.0163363385946, 0.003071075771, 0.000172316154931, 1.58984985319e-05],
        "dmean2": [0.155052438378, 1.65968668461, 7.80231952667, 13.0269460678, 19.0578346252, 19.0671882629, 9.14373588562, 21.6277008057, 7.096763134, 8.56716823578, 5.46861410141, 8.28873062134, 5.78447389603, 9.16986083984, 7.90236568451, 7.66832494736, 14.4680805206, 13.6026582718, 17.575170517, 18.7594451904, 21.0185050964, 22.7378883362, 21.7513179779, 19.2675132751, 19.630865097, 16.8561534882, 9.91893482208, 11.5419607162, 7.26625680923, 4.18414163589, 2.947732687, 2.09130930901, 0.942647576332, 0.500438511372, 0.197723776102, 0.0696795135736, 0.0243837740272, 0.00472076702863, 0.000282023509499, 2.38910270127e-05],
        "dvar": [0.126329436898, 5.56917047501, 78.6293334961, 310.072235107, 660.489135742, 561.598205566, 99.3829345703, 719.963928223, 70.2974700928, 172.474960327, 53.8852005005, 113.055885315, 37.4073257446, 269.101074219, 97.3121566772, 136.745758057, 449.217254639, 345.432342529, 382.26461792, 380.839141846, 414.157226562, 455.609222412, 499.66708374, 303.389373779, 387.739959717, 317.905883789, 110.554824829, 162.24772644, 67.7291183472, 24.1139202118, 12.7445020676, 7.33768606186, 1.36939024925, 0.471197903156, 0.0651593133807, 0.0094507355243, 0.00180359894875, 0.000101741083199, 4.23062090249e-07, 5.88466997353e-10],
        "dvar2": [0.325096875429, 13.9899644852, 207.000061035, 789.424499512, 1767.85375977, 1529.19641113, 267.936431885, 1832.72692871, 186.784255981, 339.721405029, 114.443847656, 243.188583374, 88.4577178955, 476.243408203, 223.691162109, 291.988189697, 912.484558105, 789.897705078, 863.461608887, 919.258605957, 1029.2479248, 1137.63220215, 1211.58825684, 703.005493164, 933.516967773, 745.809570312, 227.782943726, 379.148345947, 138.856018066, 48.4308853149, 25.4819889069, 19.7106513977, 3.21939277649, 1.12096381187, 0.14500772953, 0.0216567032039, 0.00422321958467, 0.000217166845687, 1.0370815744e-06, 1.31726585195e-09],
        "max": [6.37989091873, 30.8000869751, 149.452453613, 295.439056396, 261.868743896, 414.558258057, 166.605422974, 727.100891113, 159.871582031, 606.108520508, 298.922576904, 285.972229004, 149.805175781, 769.600524902, 201.627853394, 364.83807373, 675.532531738, 725.403320312, 573.850341797, 809.882446289, 440.782012939, 270.874084473, 372.49887085, 219.638748169, 289.074066162, 268.054077148, 188.492538452, 211.142410278, 120.355880737, 76.6302337646, 50.2967376709, 65.6572952271, 35.2545204163, 14.8324136734, 5.44256162643, 1.90249931812, 0.860638201237, 0.552537500858, 0.0376637987792, 0.000630648632068],
        "mean": [0.10745100677, 1.31546401978, 6.21534729004, 9.71020126343, 11.3989562988, 13.1354894638, 8.51747226715, 18.7610168457, 6.9685997963, 10.4573888779, 6.80058574677, 9.53892707825, 6.74974966049, 11.9793577194, 9.08580970764, 8.54426193237, 16.2953491211, 16.1912765503, 19.1723155975, 21.8174514771, 24.4305438995, 26.2317085266, 25.4561958313, 23.4582805634, 23.0936641693, 19.9049816132, 13.2550621033, 13.3334770203, 9.0828037262, 5.57729673386, 3.84285235405, 2.86921715736, 1.48925209045, 0.722901403904, 0.279835820198, 0.0950175449252, 0.0281936172396, 0.00527326669544, 0.000239989007241, 3.68383152818e-05],
        "median": [0.0269771777093, 0.449450910091, 2.70338439941, 3.82464528084, 3.89152860641, 5.9002866745, 4.73154830933, 5.08640623093, 2.94229745865, 3.13683629036, 2.69476938248, 4.14791154861, 3.55731153488, 3.37323856354, 3.88828849792, 3.57531094551, 6.38748264313, 8.10418224335, 10.854724884, 13.9105052948, 16.1583957672, 17.477186203, 15.7204961777, 15.7065458298, 14.8700723648, 12.7071533203, 8.61828994751, 7.70162248611, 4.65165805817, 2.62067866325, 1.67148196697, 0.952850043774, 0.490168184042, 0.240810796618, 0.102429948747, 0.0327427349985, 0.00862231198698, 0.00143773003947, 5.55554324819e-05, 2.81829688902e-05],
        "min": [8.86894416961e-23, 3.18079193058e-22, 3.9929385456e-21, 1.23720919543e-20, 1.47994986983e-20, 2.97293494289e-20, 8.80682396079e-20, 1.04741253926e-19, 1.69756060335e-19, 2.5594733666e-19, 1.85571365906e-19, 3.20327424121e-19, 8.42013150008e-19, 6.9002987939e-19, 1.36552174932e-18, 1.6407424201e-18, 1.73788144476e-18, 2.38087726583e-18, 3.4938624285e-18, 4.14452063039e-18, 4.5856759034e-18, 4.13413289625e-18, 4.63438526095e-18, 7.25634927939e-18, 8.79564885411e-18, 9.50847671006e-18, 8.72061612793e-18, 9.70272353331e-18, 1.26362724264e-17, 1.3692816988e-17, 1.28706044222e-17, 1.28451967425e-17, 1.00718528817e-17, 8.21582419603e-18, 6.95959906182e-18, 4.28568189705e-18, 2.52966224261e-18, 1.00767297318e-18, 2.61783690418e-19, 2.67174846522e-20],
        "var": [0.105099648237, 6.67291879654, 96.3840713501, 319.258911133, 524.944091797, 491.568634033, 137.257003784, 1396.83679199, 118.786598206, 678.636108398, 190.659606934, 287.286621094, 103.134216309, 1052.61584473, 215.139068604, 284.440032959, 1166.73754883, 929.209716797, 797.070861816, 921.286560059, 823.126281738, 827.316589355, 969.936279297, 656.098876953, 683.709899902, 544.638427734, 233.913772583, 285.759490967, 151.101287842, 62.9942245483, 31.4327487946, 29.6602745056, 7.54316806793, 1.72914266586, 0.211093485355, 0.0244231633842, 0.00273007131182, 0.000148171762703, 4.76421035955e-07, 1.30677457744e-09]
    },
    "gfcc": {
        "mean": [-43.1155090332, 82.1035232544, -126.747665405, 58.7362976074, -49.9397125244, 4.46562385559, -36.2027511597, 1.25333857536, -23.1355705261, 0.0049047828652, -18.2748603821, -3.0984082222, -10.9236059189],
        "cov": [[35913.171875, 1015.76165771, 876.874633789, 1915.8145752, -671.73638916, 1527.71337891, -1564.90234375, 423.902160645, -1060.76745605, -80.2539367676, -657.714904785, 235.974411011, -345.491394043], [1015.76165771, 1878.80541992, -663.519592285, 40.6297569275, 167.786621094, -398.692657471, 261.738220215, -211.184249878, 224.979812622, -129.710281372, 127.762435913, -155.202484131, 108.415756226], [876.874633789, -663.519592285, 1194.3236084, 230.319976807, 205.43309021, 476.971557617, -183.101135254, 192.83114624, -187.456848145, 53.566570282, -71.5137023926, 105.104034424, -46.8688087463], [1915.8145752, 40.6297569275, 230.319976807, 468.380249023, 85.2488555908, 183.95942688, -45.7569313049, 28.564332962, -38.3077468872, -47.3059806824, -25.9206409454, -5.62505292892, 8.50754928589], [-671.73638916, 167.786621094, 205.43309021, 85.2488555908, 327.112457275, 63.6883010864, 103.354759216, 37.6598052979, 8.4556646347, -7.21624040604, 3.48304772377, -13.6653327942, 18.3777160645], [1527.71337891, -398.692657471, 476.971557617, 183.95942688, 63.6883010864, 418.119049072, -102.781852722, 151.690536499, -113.610267639, 23.9147624969, -52.5877304077, 56.5798072815, -27.6629486084], [-1564.90234375, 261.738220215, -183.101135254, -45.7569313049, 103.354759216, -102.781852722, 240.952301025, -7.83662891388, 119.781188965, -35.3320121765, 40.0862312317, -45.4934082031, 34.0993690491], [423.902160645, -211.184249878, 192.83114624, 28.564332962, 37.6598052979, 151.690536499, -7.83662891388, 168.489654541, -10.940032959, 40.2438735962, -26.5773525238, 32.7898864746, -7.96896219254], [-1060.76745605, 224.979812622, -187.456848145, -38.3077468872, 8.4556646347, -113.610267639, 119.781188965, -10.940032959, 163.694732666, 4.21418333054, 59.4434356689, -39.7931175232, 33.1943206787], [-80.2539367676, -129.710281372, 53.566570282, -47.3059806824, -7.21624040604, 23.9147624969, -35.3320121765, 40.2438735962, 4.21418333054, 97.6577301025, 27.2241287231, 31.8787021637, -14.1417331696], [-657.714904785, 127.762435913, -71.5137023926, -25.9206409454, 3.48304772377, -52.5877304077, 40.0862312317, -26.5773525238, 59.4434356689, 27.2241287231, 102.483757019, 18.7995834351, 32.3141822815], [235.974411011, -155.202484131, 105.104034424, -5.62505292892, -13.6653327942, 56.5798072815, -45.4934082031, 32.7898864746, -39.7931175232, 31.8787021637, 18.7995834351, 96.5253067017, 16.9804458618], [-345.491394043, 108.415756226, -46.8688087463, 8.50754928589, 18.3777160645, -27.6629486084, 34.0993690491, -7.96896219254, 33.1943206787, -14.1417331696, 32.3141822815, 16.9804458618, 85.203414917]],
        "icov": [[0.000155720263137, -0.000479224370793, 0.000163536358741, -0.000465738092316, 0.000445294193923, -0.000421181553975, 0.000626274792012, -0.000447063852334, 0.000437827489804, -0.000262115849182, 0.00077618524665, -0.00056386727374, 0.00045634873095], [-0.000479224370793, 0.00256933411583, -9.15245982469e-05, 0.0011819669744, -0.0022295655217, 0.00170449947473, -0.00159359094687, 0.00155051832553, -0.00168699712958, 0.00177337892819, -0.00346332043409, 0.00259144883603, -0.00181517889723], [0.000163536358741, -9.15245982469e-05, 0.00236551766284, -0.000623108469881, -0.00124330294784, -0.00171677186154, 0.00198104116134, -0.000889815273695, 0.00047914753668, 0.000216213637032, 0.000411010580137, -0.00120707135648, 0.00091165327467], [-0.000465738092316, 0.0011819669744, -0.000623108469881, 0.00459667574614, -0.0019469182007, -0.00043583731167, -0.000701529090293, 0.00176100607496, -0.00220902892761, 0.00260536628775, -0.0024194100406, 0.00202922988683, -0.00166412396356], [0.000445294193923, -0.0022295655217, -0.00124330294784, -0.0019469182007, 0.00733818439767, -0.00114457134623, -0.00248731649481, -0.00132448377553, 0.00345295458101, -0.0031324585434, 0.0029433676973, -0.000597539939918, 0.000207898716326], [-0.000421181553975, 0.00170449947473, -0.00171677186154, -0.00043583731167, -0.00114457134623, 0.00819283910096, -0.00148464215454, -0.0031466234941, 0.00130374834407, 0.00142166041769, -0.00330600771122, 0.00190116337035, -0.000967867148574], [0.000626274792012, -0.00159359094687, 0.00198104116134, -0.000701529090293, -0.00248731649481, -0.00148464215454, 0.0134458309039, -0.00388776347972, -0.00407868809998, 0.00445371493697, 0.0010567860445, -0.00188520178199, 0.00233982410282], [-0.000447063852334, 0.00155051832553, -0.000889815273695, 0.00176100607496, -0.00132448377553, -0.0031466234941, -0.00388776347972, 0.0140491658822, -0.00503927934915, -0.00414026901126, 0.00355153623968, -0.00131837325171, -0.0021251924336], [0.000437827489804, -0.00168699712958, 0.00047914753668, -0.00220902892761, 0.00345295458101, 0.00130374834407, -0.00407868809998, -0.00503927934915, 0.0177983399481, -0.00420103454962, -0.00399653008208, 0.00490927649662, -0.00184836029075], [-0.000262115849182, 0.00177337892819, 0.000216213637032, 0.00260536628775, -0.0031324585434, 0.00142166041769, 0.00445371493697, -0.00414026901126, -0.00420103454962, 0.0201308894902, -0.0089925667271, -0.00173781544436, 0.00424175616354], [0.00077618524665, -0.00346332043409, 0.000411010580137, -0.0024194100406, 0.0029433676973, -0.00330600771122, 0.0010567860445, 0.00355153623968, -0.00399653008208, -0.0089925667271, 0.0242257770151, -0.00963195133954, -0.00098093575798], [-0.00056386727374, 0.00259144883603, -0.00120707135648, 0.00202922988683, -0.000597539939918, 0.00190116337035, -0.00188520178199, -0.00131837325171, 0.00490927649662, -0.00173781544436, -0.00963195133954, 0.0215650293976, -0.00791896227747], [0.00045634873095, -0.00181517889723, 0.00091165327467, -0.00166412396356, 0.000207898716326, -0.000967867148574, 0.00233982410282, -0.0021251924336, -0.00184836029075, 0.00424175616354, -0.00098093575798, -0.00791896227747, 0.0184444952756]]
    },
    "melbands": {
        "dmean": [0.000983684440143, 0.00197266647592, 0.00137366121635, 0.000858240411617, 0.000233196406043, 0.00026615159004, 6.54037212371e-05, 6.16793695372e-05, 2.70039581665e-05, 3.61710699508e-05, 1.83570300578e-05, 2.56533639913e-05, 1.67392918229e-05, 1.27566081574e-05, 1.50155201482e-05, 2.38919037656e-05, 1.74710512511e-05, 1.73836378963e-05, 1.73661246663e-05, 2.19430294237e-05, 1.5426068785e-05, 1.60857398441e-05, 1.48166491272e-05, 1.10615974336e-05, 1.06404249891e-05, 9.48018259805e-06, 9.2554892035e-06, 7.18200226402e-06, 4.73173349747e-06, 3.84182476409e-06, 4.90084084959e-06, 3.10380073643e-06, 2.10025132219e-06, 1.55822169745e-06, 1.35024333758e-06, 9.67960886555e-07, 7.89408602486e-07, 4.89086744437e-07, 4.00310938176e-07, 2.66028308715e-07],
        "dmean2": [0.00159445859026, 0.0031791056972, 0.00216601905413, 0.00146800314542, 0.000388007319998, 0.000434854679042, 0.000106207771751, 9.2722591944e-05, 4.16886286985e-05, 5.45982256881e-05, 2.94240398944e-05, 3.82984690077e-05, 2.58829986706e-05, 1.93290779862e-05, 2.34723411268e-05, 3.69267363567e-05, 2.73804635071e-05, 2.79384275927e-05, 2.77076578641e-05, 3.57820681529e-05, 2.49936510954e-05, 2.65056987701e-05, 2.38097491092e-05, 1.75411241798e-05, 1.71160372702e-05, 1.5345396605e-05, 1.50200103235e-05, 1.14372514872e-05, 7.36884658181e-06, 6.04431534157e-06, 7.83976975072e-06, 4.74430407849e-06, 3.17450280818e-06, 2.2815693228e-06, 2.00379190574e-06, 1.45859007716e-06, 1.25965141251e-06, 7.53605149839e-07, 6.1802518303e-07, 4.0564759729e-07],
        "dvar": [9.00635131984e-06, 1.28206675072e-05, 7.87676435721e-06, 3.39687039741e-06, 1.94522286279e-07, 2.80488308135e-07, 1.66270677227e-08, 2.17403304248e-08, 3.07805203548e-09, 5.08144815115e-09, 9.83550796363e-10, 4.85389506366e-09, 9.91293269692e-10, 7.46346373592e-10, 1.24968302373e-09, 2.91254775853e-09, 1.67497971049e-09, 9.37447008909e-10, 1.23094934246e-09, 1.8054300277e-09, 5.53808110482e-10, 6.39807318237e-10, 4.8221932003e-10, 3.0715419097e-10, 2.37445813012e-10, 2.27539598274e-10, 2.57131482773e-10, 1.40503830792e-10, 6.28488441845e-11, 3.46850083377e-11, 8.00395860701e-11, 2.99233762768e-11, 1.22037475611e-11, 7.05937391876e-12, 5.87368998925e-12, 3.02328778332e-12, 2.96052028378e-12, 8.93676354707e-13, 6.80323148077e-13, 3.19003449958e-13],
        "dvar2": [2.29137422139e-05, 3.27666020894e-05, 1.9063216314e-05, 9.18043770071e-06, 5.21439233125e-07, 7.14868349405e-07, 4.27645368006e-08, 4.03207174315e-08, 6.80009737408e-09, 1.0971396236e-08, 2.34061259263e-09, 8.52185433331e-09, 2.26738228193e-09, 1.60875379684e-09, 2.63333799211e-09, 6.09013817154e-09, 3.87458909401e-09, 2.15962159267e-09, 2.61428345638e-09, 4.6639336837e-09, 1.3830890877e-09, 1.62890700928e-09, 1.21621923643e-09, 7.32186422603e-10, 5.7342447457e-10, 5.65184898882e-10, 6.34845898073e-10, 3.32876115561e-10, 1.36605490808e-10, 7.75777150852e-11, 1.95038291073e-10, 6.35642302682e-11, 2.58697126221e-11, 1.45651060657e-11, 1.22751583204e-11, 7.07646354708e-12, 8.53069784951e-12, 2.19590600044e-12, 1.6955899575e-12, 7.88014022524e-13],
        "max": [0.0496572069824, 0.0562051013112, 0.0420584641397, 0.0219688601792, 0.00749495625496, 0.0139653552324, 0.00322118005715, 0.00730451988056, 0.00216012191959, 0.00197936827317, 0.000745368131902, 0.00342957046814, 0.00106698845048, 0.000886354362592, 0.00139212794602, 0.00219077756628, 0.00166627648287, 0.000872793490998, 0.00256566680036, 0.000924140040297, 0.000502331240568, 0.000344340485753, 0.000306588131934, 0.000326034351019, 0.000187635698239, 0.000222675429541, 0.000215658699744, 0.000173111533513, 0.000152813314344, 8.38095656945e-05, 0.000150917025167, 8.59012143337e-05, 6.8892550189e-05, 4.19807365688e-05, 3.2502142858e-05, 3.48443609255e-05, 3.83724291169e-05, 3.10453397105e-05, 2.0777915779e-05, 1.12869975055e-05],
        "mean": [0.00118083425332, 0.00282757822424, 0.00174604728818, 0.000936944619752, 0.000356665841537, 0.000378425786039, 0.000103166676126, 0.000116657138278, 4.84115043946e-05, 6.11035211477e-05, 3.24641405314e-05, 4.84601259814e-05, 2.93275479635e-05, 2.16533571802e-05, 2.460354699e-05, 3.86778228858e-05, 2.93310240522e-05, 2.82450873783e-05, 2.97244368994e-05, 3.47866734955e-05, 2.71154567599e-05, 2.79660034721e-05, 2.5549225029e-05, 1.9616292775e-05, 1.88806170627e-05, 1.67835023603e-05, 1.58366692631e-05, 1.25884871522e-05, 8.6707796072e-06, 7.24149185771e-06, 8.05049421615e-06, 5.40413930139e-06, 3.83970200346e-06, 2.77270828519e-06, 2.31408057516e-06, 1.89728007172e-06, 1.63986521784e-06, 1.05934350358e-06, 8.5461050503e-07, 5.29434885266e-07],
        "median": [0.000337383564329, 0.00131940643769, 0.000754337059334, 0.00038982622209, 0.000207428311114, 0.000108858395834, 4.10938519053e-05, 3.32199088007e-05, 1.95521661226e-05, 2.55431186815e-05, 1.61285224749e-05, 1.26901040858e-05, 1.16332994367e-05, 9.18876776268e-06, 9.56184157985e-06, 1.41117006933e-05, 1.27694293042e-05, 1.56934911502e-05, 1.59695900948e-05, 1.85666267498e-05, 1.74020951818e-05, 1.77228466782e-05, 1.57063514052e-05, 1.18234756883e-05, 1.19069609354e-05, 1.02557696664e-05, 9.7191768873e-06, 7.63047137298e-06, 5.23550943399e-06, 4.5994984248e-06, 4.14441547036e-06, 2.69088195637e-06, 1.80452309451e-06, 1.26020336211e-06, 9.71873873823e-07, 7.10140113824e-07, 4.82512120925e-07, 3.43349370269e-07, 2.60684402065e-07, 1.72013983502e-07],
        "min": [1.40289938701e-24, 2.43369781819e-24, 1.97716330474e-24, 1.84170819592e-24, 3.06921224926e-24, 2.5599709805e-24, 3.1651554847e-24, 2.96113929132e-24, 1.39561021364e-24, 1.70753991645e-24, 3.50732449399e-24, 2.69252801157e-24, 3.56785181909e-24, 2.83825270887e-24, 4.55972805043e-24, 2.73688625192e-24, 4.35357581893e-24, 4.60295289487e-24, 4.8936256559e-24, 5.73222266348e-24, 3.85708530341e-24, 4.00485551704e-24, 4.2136378108e-24, 4.6580587734e-24, 5.36938687898e-24, 5.31933089353e-24, 4.41733274058e-24, 6.17606026344e-24, 5.6914271162e-24, 4.76630074479e-24, 4.2500350641e-24, 5.13849794165e-24, 5.82217016161e-24, 6.52995825388e-24, 6.5672350871e-24, 7.0008265672e-24, 6.61102396709e-24, 6.89791729553e-24, 7.23914933527e-24, 5.96804040375e-24],
        "var": [8.56583938003e-06, 1.83909651241e-05, 9.05614160729e-06, 2.77239496427e-06, 2.41794197109e-07, 5.41993870229e-07, 2.99767748402e-08, 9.36033472954e-08, 9.36725186307e-09, 1.26800330236e-08, 2.63500021802e-09, 1.86788824408e-08, 2.58408539011e-09, 1.58062163358e-09, 3.10200776177e-09, 6.7812426785e-09, 4.39537073404e-09, 1.67482772095e-09, 4.19107015759e-09, 3.03105140986e-09, 1.04145336799e-09, 1.07127995363e-09, 8.89088136447e-10, 5.8414545423e-10, 4.76207240308e-10, 3.95106281026e-10, 3.78302111859e-10, 2.38026626187e-10, 1.18793697101e-10, 6.98124336118e-11, 1.25448290644e-10, 5.78602304957e-11, 3.11692199828e-11, 1.64815383563e-11, 1.19988853922e-11, 9.83504597207e-12, 1.1083299209e-11, 3.74481652285e-12, 2.91124329505e-12, 9.46745394755e-13]
    },
    "mfcc": {
        "mean": [-662.923095703, 95.3340454102, -7.32333135605, 45.2100906372, 8.49796962738, 9.39718914032, -2.3846514225, 0.19902689755, -0.778200387955, -0.490066796541, -3.8772559166, -1.99197387695, -4.37580919266],
        "cov": [[16483.7128906, 930.377197266, 680.263061523, 1110.046875, 649.397338867, 739.434875488, 213.032089233, 377.494262695, -59.34116745, -0.320041239262, -172.062042236, -221.780319214, -184.581558228], [930.377197266, 1250.94616699, -247.713546753, 290.81161499, 65.1658477783, 26.3379135132, 38.5972824097, 5.69055843353, 52.3087921143, 7.06061315536, 15.416384697, 46.289150238, 35.434715271], [680.263061523, -247.713546753, 555.630126953, -2.10386991501, 179.101837158, 123.993637085, 58.1546058655, 80.4723205566, -25.4812278748, 17.4695415497, -13.3483915329, -25.858997345, -18.2548408508], [1110.046875, 290.81161499, -2.10386991501, 439.717956543, 132.948608398, 139.711288452, 65.0990829468, 63.1737747192, 36.8886070251, 9.95567321777, -10.0142259598, -22.4046592712, -26.0986862183], [649.397338867, 65.1658477783, 179.101837158, 132.948608398, 240.302963257, 133.846633911, 96.8038787842, 75.8670654297, 21.268819809, 29.4962425232, -5.44244670868, -20.398601532, -19.9742126465], [739.434875488, 26.3379135132, 123.993637085, 139.711288452, 133.846633911, 190.516967773, 85.7668380737, 81.5678787231, 9.10409450531, 15.6274909973, -4.20112848282, -27.7162590027, -21.9167957306], [213.032089233, 38.5972824097, 58.1546058655, 65.0990829468, 96.8038787842, 85.7668380737, 129.162277222, 76.4498672485, 36.7459449768, 18.4155235291, 1.46499407291, -6.65414190292, -4.24047040939], [377.494262695, 5.69055843353, 80.4723205566, 63.1737747192, 75.8670654297, 81.5678787231, 76.4498672485, 138.932540894, 53.061340332, 32.2464408875, 2.85475993156, -17.4624996185, -9.27047538757], [-59.34116745, 52.3087921143, -25.4812278748, 36.8886070251, 21.268819809, 9.10409450531, 36.7459449768, 53.061340332, 93.7952423096, 48.5361633301, 10.4225502014, -0.967913269997, -3.34748768806], [-0.320041239262, 7.06061315536, 17.4695415497, 9.95567321777, 29.4962425232, 15.6274909973, 18.4155235291, 32.2464408875, 48.5361633301, 83.9912567139, 34.9025726318, 5.88924455643, -6.74184274673], [-172.062042236, 15.416384697, -13.3483915329, -10.0142259598, -5.44244670868, -4.20112848282, 1.46499407291, 2.85475993156, 10.4225502014, 34.9025726318, 65.2312393188, 34.3013343811, 10.4719896317], [-221.780319214, 46.289150238, -25.858997345, -22.4046592712, -20.398601532, -27.7162590027, -6.65414190292, -17.4624996185, -0.967913269997, 5.88924455643, 34.3013343811, 71.5646057129, 39.8525390625], [-184.581558228, 35.434715271, -18.2548408508, -26.0986862183, -19.9742126465, -21.9167957306, -4.24047040939, -9.27047538757, -3.34748768806, -6.74184274673, 10.4719896317, 39.8525390625, 68.0894927979]],
