{
"lowlevel": {
    "average_loudness": 0.571498334408,
    "barkbands_crest": {
        "dmean": 2.22485113144,
        "dmean2": 3.7107732296,
        "dvar": 4.00419139862,
        "dvar2": 10.8922843933,
        "max": 22.5367336273,
        "mean": 8.50040817261,
        "median": 7.94154453278,
        "min": 1.83592271805,
        "var": 9.95924091339
    },
    "barkbands_flatness_db": {
        "dmean": 0.0175789985806,
        "dmean2": 0.0280135478824,
        "dvar": 0.000272252858849,
        "dvar2": 0.00066449312726,
        "max": 0.278149098158,
        "mean": 0.0995132625103,
        "median": 0.0919801369309,
        "min": 0.0219827517867,
        "var": 0.00165277137421
    },
    "barkbands_kurtosis": {
        "dmean": 1.36035907269,
        "dmean2": 2.23937273026,
        "dvar": 2.95917248726,
        "dvar2": 7.76791477203,
        "max": 43.3516654968,
        "mean": 1.61536157131,
        "median": 0.933716058731,
        "min": -1.79602718353,
        "var": 7.17731237411
    },
    "barkbands_skewness": {
        "dmean": 0.381058216095,
        "dmean2": 0.623497128487,
        "dvar": 0.117526948452,
        "dvar2": 0.309788733721,
        "max": 4.9379401207,
        "mean": 1.17799115181,
        "median": 1.17774569988,
        "min": -2.62130594254,
        "var": 0.635281860828
    },
    "barkbands_spread": {
        "dmean": 5.27248001099,
        "dmean2": 8.34570598602,
        "dvar": 29.6246070862,
        "dvar2": 68.0300979614,
        "max": 141.797653198,
        "mean": 27.5096302032,
        "median": 26.8562202454,
        "min": 1.80809020996,
        "var": 159.118942261
    },
    "dissonance": {
        "dmean": 0.0154763553292,
        "dmean2": 0.0261232629418,
        "dvar": 0.000238098044065,
        "dvar2": 0.000670073262881,
        "max": 0.5,
        "mean": 0.469959199429,
        "median": 0.476380944252,
        "min": 0.315213680267,
        "var": 0.000586042995565
    },
    "dynamic_complexity": 4.64019393921,
    "erbbands_crest": {
        "dmean": 1.99218142033,
        "dmean2": 3.28023052216,
        "dvar": 4.36956214905,
        "dvar2": 11.3976621628,
        "max": 27.7722740173,
        "mean": 7.18828058243,
        "median": 6.16651153564,
        "min": 2.29927825928,
        "var": 13.1683130264
    },
    "erbbands_flatness_db": {
        "dmean": 0.0127572705969,
        "dmean2": 0.0196347404271,
        "dvar": 0.00016942693037,
        "dvar2": 0.000380477606086,
        "max": 0.295782744884,
        "mean": 0.136144801974,
        "median": 0.123666629195,
        "min": 0.0606979504228,
        "var": 0.00191394065041
    },
    "erbbands_kurtosis": {
        "dmean": 0.498800396919,
        "dmean2": 0.819641530514,
        "dvar": 0.451103240252,
        "dvar2": 1.16405367851,
        "max": 12.5156240463,
        "mean": -0.124892234802,
        "median": -0.433814287186,
        "min": -1.62770569324,
        "var": 1.3110704422
    },
    "erbbands_skewness": {
        "dmean": 0.256113380194,
        "dmean2": 0.405880570412,
        "dvar": 0.0493265762925,
        "dvar2": 0.121978677809,
        "max": 2.9988462925,
        "mean": 0.138618722558,
        "median": 0.104432575405,
        "min": -1.31940877438,
        "var": 0.313525140285
    },
    "erbbands_spread": {
        "dmean": 5.95286035538,
        "dmean2": 9.62793731689,
        "dvar": 32.1614608765,
        "dvar2": 78.2538986206,
        "max": 100.550338745,
        "mean": 38.6553726196,
        "median": 38.8507995605,
        "min": 3.74252414703,
        "var": 166.088439941
    },
    "hfc": {
        "dmean": 4.60041427612,
        "dmean2": 6.52032804489,
        "dvar": 69.682510376,
        "dvar2": 144.662780762,
        "max": 124.036834717,
        "mean": 18.5509243011,
        "median": 10.4589118958,
        "min": 1.00118420863e-16,
        "var": 401.439605713
    },
    "melbands_crest": {
        "dmean": 3.39403438568,
        "dmean2": 5.73268699646,
        "dvar": 9.30660629272,
        "dvar2": 26.3184146881,
        "max": 32.874382019,
        "mean": 13.1231641769,
        "median": 12.4438076019,
        "min": 1.13236880302,
        "var": 27.0622005463
    },
    "melbands_flatness_db": {
        "dmean": 0.0226830095053,
        "dmean2": 0.0363799668849,
        "dvar": 0.000466115918243,
        "dvar2": 0.00115132890642,
        "max": 0.370106995106,
        "mean": 0.163106948137,
        "median": 0.160657927394,
        "min": 7.3195056757e-05,
        "var": 0.0027801936958
    },
    "melbands_kurtosis": {
        "dmean": 3.66864824295,
        "dmean2": 6.07786130905,
        "dvar": 22.810754776,
        "dvar2": 60.5779838562,
        "max": 84.4895858765,
        "mean": 7.49785041809,
        "median": 5.80074596405,
        "min": -1.51995551586,
        "var": 48.5906219482
    },
    "melbands_skewness": {
        "dmean": 0.543128013611,
        "dmean2": 0.891491830349,
        "dvar": 0.267488718033,
        "dvar2": 0.707805812359,
        "max": 8.3084602356,
        "mean": 2.22489500046,
        "median": 2.15780210495,
        "min": -1.29982829094,
        "var": 1.14702296257
    },
    "melbands_spread": {
        "dmean": 6.76973867416,
        "dmean2": 10.9164466858,
        "dvar": 46.5196418762,
        "dvar2": 115.724464417,
        "max": 213.826965332,
        "mean": 28.8358612061,
        "median": 24.6253185272,
        "min": 2.11256527901,
        "var": 419.308013916
    },
    "pitch_salience": {
        "dmean": 0.066484965384,
        "dmean2": 0.111734323204,
        "dvar": 0.00346339447424,
        "dvar2": 0.00943075213581,
        "max": 0.995763421059,
        "mean": 0.575124204159,
        "median": 0.577064216137,
        "min": 0.211342036724,
        "var": 0.00898688659072
    },
    "silence_rate_20dB": {
        "dmean": 0,
        "dmean2": 0,
        "dvar": 0,
        "dvar2": 0,
        "max": 1,
        "mean": 1,
        "median": 1,
        "min": 1,
        "var": 0
    },
    "silence_rate_30dB": {
        "dmean": 0.00730117317289,
        "dmean2": 0.0146042509004,
        "dvar": 0.00724791223183,
        "dvar2": 0.0183029789478,
        "max": 1,
        "mean": 0.992960512638,
        "median": 1,
        "min": 0,
        "var": 0.00698996242136
    },
    "silence_rate_60dB": {
        "dmean": 0.02190352045,
        "dmean2": 0.04381275177,
        "dvar": 0.0214202292264,
        "dvar2": 0.0491979010403,
        "max": 1,
        "mean": 0.242993086576,
        "median": 0,
        "min": 0,
        "var": 0.183961987495
    },
    "spectral_centroid": {
        "dmean": 232.796447754,
        "dmean2": 367.598846436,
        "dvar": 63120.3515625,
        "dvar2": 142472.484375,
        "max": 11810.5439453,
        "mean": 1857.05249023,
        "median": 1680.54248047,
        "min": 306.086029053,
        "var": 2304041
    },
    "spectral_complexity": {
        "dmean": 3.37262058258,
        "dmean2": 5.05541801453,
        "dvar": 15.8815813065,
        "dvar2": 29.7710552216,
        "max": 62,
        "mean": 22.5393047333,
        "median": 17,
        "min": 0,
        "var": 259.24987793
    },
    "spectral_decrease": {
        "dmean": 1.82273818261e-09,
        "dmean2": 2.91354962378e-09,
        "dvar": 9.4251060033e-18,
        "dvar2": 2.32826477384e-17,
        "max": 6.19648505557e-24,
        "mean": -5.62329072196e-09,
        "median": -3.44878992031e-09,
        "min": -4.10042737542e-08,
        "var": 3.82541188629e-17
    },
    "spectral_energy": {
        "dmean": 0.00715847825631,
        "dmean2": 0.0113655654714,
        "dvar": 0.00014489426394,
        "dvar2": 0.000353516807081,
        "max": 0.158157646656,
        "mean": 0.0229062270373,
        "median": 0.0140920253471,
        "min": 9.64323199926e-21,
        "var": 0.000621959741693
    },
    "spectral_energyband_high": {
        "dmean": 0.000345541135175,
        "dmean2": 0.000505748495925,
        "dvar": 4.03451991815e-07,
        "dvar2": 8.52592677347e-07,
        "max": 0.0104586360976,
        "mean": 0.00112503301352,
        "median": 0.00045567844063,
        "min": 7.10797431278e-21,
        "var": 2.01335842576e-06
    },
    "spectral_energyband_low": {
        "dmean": 0.00515630980954,
        "dmean2": 0.00851993821561,
        "dvar": 9.1859656095e-05,
        "dvar2": 0.00024380038667,
        "max": 0.133612975478,
        "mean": 0.0106193330139,
        "median": 0.00420974101871,
        "min": 1.3687653362e-23,
        "var": 0.000236758220126
    },
    "spectral_energyband_middle_high": {
        "dmean": 0.00136114575434,
        "dmean2": 0.00205848901533,
        "dvar": 5.49888954993e-06,
        "dvar2": 1.16803248602e-05,
        "max": 0.045439671725,
        "mean": 0.00450960965827,
        "median": 0.00272383238189,
        "min": 1.18101267315e-21,
        "var": 2.44739239861e-05
    },
    "spectral_energyband_middle_low": {
        "dmean": 0.00283808773383,
        "dmean2": 0.00457055866718,
        "dvar": 2.5827137506e-05,
        "dvar2": 6.45987965981e-05,
        "max": 0.088032335043,
        "mean": 0.00717408116907,
        "median": 0.00461956206709,
        "min": 1.43751131398e-22,
        "var": 6.29336573184e-05
    },
    "spectral_entropy": {
        "dmean": 0.113726653159,
        "dmean2": 0.175747841597,
        "dvar": 0.0212750155479,
        "dvar2": 0.0471280328929,
        "max": 9.82182788849,
        "mean": 7.80069065094,
        "median": 7.90005922318,
        "min": 5.98117446899,
        "var": 0.245624437928
    },
    "spectral_flux": {
        "dmean": 0.0160661879927,
        "dmean2": 0.0253567602485,
        "dvar": 0.000511049700435,
        "dvar2": 0.0011779225897,
        "max": 0.340093255043,
        "mean": 0.0688057243824,
        "median": 0.05895011127,
        "min": 6.288406601e-11,
        "var": 0.00246035470627
    },
    "spectral_kurtosis": {
        "dmean": 1.15075111389,
        "dmean2": 1.9596310854,
        "dvar": 2.77918696404,
        "dvar2": 7.78480386734,
        "max": 33.2463035583,
        "mean": 3.95796227455,
        "median": 3.20627641678,
        "min": -1.26653707027,
        "var": 8.22325706482
    },
    "spectral_rms": {
        "dmean": 0.000613881100435,
        "dmean2": 0.000959546188824,
        "dvar": 6.268290349e-07,
        "dvar2": 1.48060871652e-06,
        "max": 0.0124217607081,
        "mean": 0.00400663958862,
        "median": 0.00370787247084,
        "min": 3.06725131405e-12,
        "var": 6.29433679933e-06
    },
    "spectral_rolloff": {
        "dmean": 497.69039917,
        "dmean2": 828.441894531,
        "dvar": 431496.21875,
        "dvar2": 1023671.1875,
        "max": 19401.4160156,
        "mean": 1959.21166992,
        "median": 1313.52539062,
        "min": 86.1328125,
        "var": 7753402.5
    },
    "spectral_skewness": {
        "dmean": 0.170660883188,
        "dmean2": 0.278520613909,
        "dvar": 0.0420936532319,
        "dvar2": 0.108246393502,
        "max": 4.37988901138,
        "mean": 1.37900483608,
        "median": 1.28987014294,
        "min": -0.0937900021672,
        "var": 0.228086054325
    },
    "spectral_spread": {
        "dmean": 406513.84375,
        "dmean2": 614574.625,
        "dvar": 444455157760,
        "dvar2": 838609338368,
        "max": 42804620,
        "mean": 5223046.5,
        "median": 4374789.5,
        "min": 1775120.875,
        "var": 2.96956870001e+13
    },
    "spectral_strongpeak": {
        "dmean": 0.261652112007,
        "dmean2": 0.453323870897,
        "dvar": 0.19653275609,
        "dvar2": 0.5275375247,
        "max": 5.86726808548,
        "mean": 0.395067602396,
        "median": 0.231120467186,
        "min": 0,
        "var": 0.240682065487
    },
    "zerocrossingrate": {
        "dmean": 0.00898819509894,
        "dmean2": 0.0114040318877,
        "dvar": 0.000104684339021,
        "dvar2": 0.000139195748488,
        "max": 0.86767578125,
        "mean": 0.0757883638144,
        "median": 0.0634765625,
        "min": 0.0146484375,
        "var": 0.00540929147974
    },
    "barkbands": {
        "dmean": [0.00101632671431, 0.0035132591147, 0.00185474345926, 0.0010785558261, 0.00116873800289, 0.000754732929636, 0.000520184345078, 0.000370796013158, 0.000568918767385, 0.00037010628148, 0.000538006366696, 0.000235322469962, 0.00027227535611, 0.000197030371055, 0.000197856381419, 0.000153002634761, 0.000181358293048, 0.000174378888914, 0.000166200537933, 0.000149311410496, 0.000141816432006, 8.99020014913e-05, 4.81733804918e-05, 3.88831867895e-05, 3.83826518373e-05, 2.52400022873e-05, 3.63357617061e-06],
        "dmean2": [0.00172745855525, 0.00588401127607, 0.00315744802356, 0.00181775167584, 0.00196427945048, 0.00124858599156, 0.000830286822747, 0.000599102349952, 0.000884743523784, 0.000594067736529, 0.000851261778735, 0.000393094378524, 0.000442684016889, 0.000320216815453, 0.00033488671761, 0.000250790384598, 0.000299219362205, 0.000287157745333, 0.00026718058507, 0.000232911072089, 0.000221576498006, 0.00014159696002, 7.57265952416e-05, 5.8083973272e-05, 5.88162583881e-05, 3.78967160941e-05, 5.70409474676e-06],
        "dvar": [5.01090607941e-06, 4.94801715831e-05, 1.55340949277e-05, 6.13444990449e-06, 5.88192460782e-06, 1.69839859154e-06, 1.37550580348e-06, 5.49456785848e-07, 1.29294176077e-06, 4.54609448752e-07, 1.37216511575e-06, 2.52412149848e-07, 4.30571105881e-07, 2.24784031388e-07, 1.04618081309e-07, 6.53480682899e-08, 8.0932977653e-08, 8.4978452719e-08, 7.51928084242e-08, 5.85904267325e-08, 6.02748428946e-08, 3.56494354037e-08, 9.02435637329e-09, 5.74819525312e-09, 7.11676673149e-09, 3.1468838646e-09, 1.37494363117e-10],
        "dvar2": [1.36371490953e-05, 0.000134409216116, 4.44234974566e-05, 1.65393430507e-05, 1.62119722518e-05, 4.43505950898e-06, 3.46847355104e-06, 1.31409069581e-06, 2.88263731818e-06, 1.07614994249e-06, 3.12407064484e-06, 6.72361238685e-07, 1.04426999314e-06, 5.33116065071e-07, 2.85842475023e-07, 1.71752276401e-07, 2.11797214433e-07, 2.2692952939e-07, 1.94150914012e-07, 1.38500681146e-07, 1.41347058502e-07, 8.26624102501e-08, 2.1772111225e-08, 1.30090587191e-08, 1.6823378246e-08, 7.15442993737e-09, 3.29646226982e-10],
        "max": [0.0528411194682, 0.112277790904, 0.0535163283348, 0.041806705296, 0.0341815687716, 0.021494217217, 0.0449435710907, 0.0192497968674, 0.0309223290533, 0.0126569345593, 0.0216662585735, 0.013279302977, 0.0144690368325, 0.0133441276848, 0.00539951678365, 0.00440595997497, 0.00381645420566, 0.00492976093665, 0.00402113236487, 0.00386531464756, 0.00368536217138, 0.00336317182519, 0.00137988571078, 0.0011746956734, 0.00196704012342, 0.00116245250683, 0.000360194273526],
        "mean": [0.0016534968745, 0.0061161168851, 0.0024853781797, 0.00136871449649, 0.00175523851067, 0.00123365595937, 0.000865832203999, 0.00058673141757, 0.00104837003164, 0.000670426699799, 0.00083618296776, 0.000378652650397, 0.000417473987909, 0.000334293261403, 0.000338322890457, 0.000309272436425, 0.000388780637877, 0.00040262658149, 0.000418168085162, 0.000380716810469, 0.000390448316466, 0.000199313857593, 0.000109826178232, 9.35011121328e-05, 7.41318435757e-05, 4.64954464405e-05, 4.04991988034e-06],
        "median": [0.000226117001148, 0.00151209218893, 0.000805799325462, 0.00037495882134, 0.000794722524006, 0.000690159853548, 0.000360132893547, 0.000246874667937, 0.000446398509666, 0.000262236368144, 0.000317051570164, 0.000140492527862, 0.000164411278092, 0.000159695759066, 0.000175018562004, 0.000141377968248, 0.000172935498995, 0.000171395789948, 0.00016396700812, 0.000142064818647, 0.000124957907246, 7.89092009654e-05, 4.32109191024e-05, 2.90187472274e-05, 1.98372054001e-05, 1.21490111269e-05, 2.80364673699e-07],
        "min": [2.78079601251e-26, 2.52699363644e-24, 9.5433690465e-25, 8.56242149694e-25, 6.3159118913e-24, 8.43560993706e-24, 6.98884377005e-24, 6.76900085754e-24, 1.49014815254e-23, 1.26570902085e-23, 1.38917395667e-23, 2.18548959745e-23, 1.9050503345e-23, 2.87615151947e-23, 3.06695740869e-23, 5.53066026138e-23, 4.17516435447e-23, 8.95767335097e-23, 1.29582520586e-22, 1.20413356782e-22, 2.23317131668e-22, 2.74486512243e-22, 3.62216099545e-22, 6.30325662179e-22, 7.67769061778e-22, 1.29279322844e-21, 1.73307283222e-21],
        "var": [1.04343407656e-05, 0.000103096223029, 1.95414777409e-05, 7.83350333222e-06, 7.5805482993e-06, 2.83069448415e-06, 2.66468146037e-06, 1.11420581561e-06, 3.02373496197e-06, 1.13835346838e-06, 2.49596382673e-06, 3.95880192627e-07, 6.42538111606e-07, 3.65180028439e-07, 1.98143666807e-07, 1.67959996134e-07, 2.59117683754e-07, 2.62579249011e-07, 2.79135633718e-07, 2.41166674186e-07, 2.76657146969e-07, 8.02644990472e-08, 2.31240395721e-08, 1.86136830393e-08, 1.34764830406e-08, 6.03635053054e-09, 1.54665835694e-10]
    },
    "erbbands": {
        "dmean": [0.151016741991, 0.69550716877, 1.96581351757, 2.64421606064, 4.02028083801, 4.29829645157, 3.86936736107, 6.64214754105, 5.53028774261, 11.9080753326, 7.18567180634, 12.2030286789, 12.7711772919, 12.9561052322, 18.7111968994, 9.28602027893, 12.9198102951, 10.4884786606, 6.78112077713, 12.0610237122, 7.98968505859, 9.45041370392, 8.48152923584, 9.6930437088, 7.34117794037, 7.276014328, 6.74389028549, 5.16629934311, 3.28876805305, 2.08436560631, 1.29934799671, 0.920589804649, 0.633140087128, 0.431466042995, 0.296029269695, 0.123694524169, 0.0459092743695, 0.00912593398243, 0.000515745137818, 1.53966866492e-05],
        "dmean2": [0.259555846453, 1.16187369823, 3.33161687851, 4.46248579025, 6.79989719391, 7.26719284058, 6.47839450836, 10.983581543, 9.06505298615, 18.9581050873, 11.6238708496, 19.1664199829, 20.108215332, 20.4971523285, 30.0127944946, 15.4201860428, 20.7609214783, 16.9619426727, 11.3142280579, 20.3774700165, 13.0946922302, 15.4236860275, 13.9932174683, 15.6925697327, 11.8138647079, 11.2806282043, 10.7294244766, 8.11741638184, 5.16679382324, 3.26533508301, 2.04686784744, 1.39947545528, 0.954959511757, 0.66757363081, 0.46168795228, 0.186564490199, 0.0690604224801, 0.013648154214, 0.000810621189885, 2.34566396102e-05],
        "dvar": [0.103588812053, 2.37550711632, 18.6677913666, 30.6840381622, 105.612625122, 69.3039550781, 58.722858429, 134.980438232, 110.881217957, 757.136047363, 248.524414062, 665.583312988, 599.127380371, 635.203979492, 1810.96374512, 399.986999512, 1046.02905273, 682.337097168, 167.298995972, 418.162963867, 169.337844849, 231.37449646, 203.58581543, 260.350311279, 146.515533447, 144.264938354, 138.195556641, 80.0599136353, 45.1517066956, 18.4842739105, 6.89593362808, 3.30710530281, 1.59019684792, 0.881212234497, 0.525464296341, 0.0755556598306, 0.00999994296581, 0.000509170233272, 2.74340050055e-06, 1.05154185359e-09],
        "dvar2": [0.286896109581, 6.38687896729, 52.4701766968, 85.4606170654, 281.867034912, 190.955749512, 163.385818481, 344.784210205, 278.56427002, 1810.4387207, 580.269287109, 1532.65979004, 1363.38024902, 1389.92431641, 4187.83056641, 1065.27209473, 2511.03222656, 1596.70727539, 445.27166748, 1149.92126465, 443.566833496, 599.338378906, 535.440063477, 675.790649414, 367.691192627, 342.201904297, 340.742279053, 188.091262817, 105.405693054, 42.755443573, 16.811788559, 7.7424120903, 3.66762828827, 2.05284309387, 1.33495604992, 0.176309943199, 0.0228733886033, 0.00112892012112, 6.53393317407e-06, 2.3708435215e-09],
        "max": [5.71750211716, 25.0652198792, 63.3834457397, 87.1777191162, 229.659683228, 155.225494385, 113.325889587, 215.644104004, 232.783828735, 845.408935547, 474.245025635, 897.75769043, 430.052490234, 619.713867188, 761.865661621, 613.668884277, 714.251281738, 733.221496582, 270.116668701, 369.865783691, 187.17918396, 231.630371094, 234.530578613, 206.071792603, 171.813278198, 189.326690674, 188.895019531, 144.852920532, 116.513710022, 71.6253738403, 40.4678077698, 28.4668064117, 17.5855731964, 11.7651166916, 20.3757648468, 7.11437416077, 1.76673161983, 0.516197323799, 0.053872846067, 0.000862038403284],
        "mean": [0.241860330105, 1.1160017252, 2.79337596893, 3.90998744965, 5.36858034134, 6.36202287674, 6.02243757248, 10.8797531128, 9.38376617432, 19.2723827362, 13.0487632751, 22.5215053558, 24.1716861725, 23.7163505554, 30.5403022766, 16.5831661224, 20.605638504, 18.4780826569, 12.8645582199, 20.8449325562, 18.2081127167, 21.5387477875, 20.9769649506, 23.5514640808, 18.9631652832, 18.4859371185, 17.2449302673, 13.4087457657, 7.50986099243, 4.66833639145, 2.97824668884, 2.11297464371, 1.40507817268, 0.85387969017, 0.514687716961, 0.229763746262, 0.0827937275171, 0.0139344641939, 0.000612217467278, 4.11468572565e-05],
        "median": [0.0387145541608, 0.305985659361, 0.947476267815, 1.33653771877, 1.99444997311, 2.79438877106, 3.19154596329, 5.88478946686, 4.84570646286, 7.56450033188, 6.25350189209, 9.5511636734, 10.5845823288, 10.4897050858, 12.822271347, 6.94663190842, 8.21383094788, 9.08747959137, 6.18653774261, 11.144695282, 9.05439281464, 9.80851554871, 8.93441677094, 9.41756057739, 7.95610570908, 7.05281829834, 5.70194816589, 4.20998620987, 2.9260699749, 1.99258184433, 1.12582266331, 0.653220713139, 0.430135756731, 0.247304707766, 0.136634916067, 0.0579228438437, 0.0214738938957, 0.00274948729202, 8.06877069408e-05, 2.09564677789e-05],
        "min": [2.91029499717e-23, 2.53552440982e-22, 1.09030422086e-21, 4.46138167014e-21, 1.3262222304e-20, 2.29841035083e-20, 5.03483739293e-20, 7.36933462889e-20, 8.3154502426e-20, 9.2659822253e-20, 2.31795782424e-19, 2.90909753761e-19, 3.79416916082e-19, 7.33827955451e-19, 6.94885481284e-19, 1.15875875283e-18, 1.29870437419e-18, 1.92756181743e-18, 2.25889583603e-18, 2.65782870865e-18, 2.97817383961e-18, 3.50529613252e-18, 5.16365181281e-18, 5.31705990203e-18, 7.00785347003e-18, 6.53776672792e-18, 7.51443459359e-18, 9.49178668684e-18, 1.00091443194e-17, 1.12886074386e-17, 1.12478539042e-17, 1.02426168745e-17, 9.97082600473e-18, 7.06831871845e-18, 5.74845692535e-18, 4.26412267516e-18, 2.29718747415e-18, 8.93114868987e-19, 2.17910599415e-19, 2.7023830669e-20],
        "var": [0.199731975794, 3.97323155403, 24.4757556915, 43.510269165, 113.180435181, 101.356277466, 74.9359130859, 243.305892944, 211.282592773, 1523.11962891, 505.824371338, 1453.9354248, 1498.04406738, 1528.98547363, 3074.60327148, 673.862915039, 1587.38037109, 1129.85852051, 309.235473633, 746.585144043, 512.637939453, 792.371704102, 696.161437988, 893.125, 558.833312988, 572.499389648, 545.018676758, 332.283630371, 110.689193726, 43.4212646484, 17.2383747101, 9.87682056427, 4.36459922791, 1.72574198246, 0.761855185032, 0.148557543755, 0.019408788532, 0.000792193925008, 3.07716845782e-06, 2.72087841147e-09]
    },
    "gfcc": {
        "mean": [-35.6298942566, 83.0494766235, -118.364807129, 31.6443271637, -57.2963600159, 10.9682588577, -30.3160400391, 12.6909942627, -26.5727005005, 6.09072303772, -18.643743515, 5.28860759735, -10.7813882828],
        "cov": [[40315.1484375, 463.636444092, -2547.74755859, 2045.9239502, -1103.59851074, 969.41418457, -554.067260742, 882.035766602, -725.458679199, 476.937591553, -712.690979004, 251.184326172, -482.751953125], [463.636444092, 1002.20074463, -443.217834473, -193.128982544, -129.699661255, -178.337203979, -86.10912323, -115.068740845, -55.9433937073, -84.8718566895, 20.5716018677, -35.646446228, 24.5047721863], [-2547.74755859, -443.217834473, 751.553527832, 51.55260849, 268.682647705, 87.7130432129, 122.298301697, 54.0332450867, 75.1373291016, 50.2523803711, 24.3144435883, -4.90873575211, 9.95973873138], [2045.9239502, -193.128982544, 51.55260849, 362.904541016, 66.7966766357, 140.7059021, 39.1116714478, 91.3473129272, 9.06703472137, 51.2232894897, -37.0970916748, 2.46676039696, -23.6369380951], [-1103.59851074, -129.699661255, 268.682647705, 66.7966766357, 260.907806396, 48.7628059387, 101.191696167, 37.1575202942, 44.155872345, 21.330493927, 9.42593193054, -8.15344238281, -2.47249436378], [969.41418457, -178.337203979, 87.7130432129, 140.7059021, 48.7628059387, 166.508834839, 46.7877044678, 75.2769088745, 6.94662475586, 40.0472412109, -14.3654623032, 5.87334346771, -17.1889629364], [-554.067260742, -86.10912323, 122.298301697, 39.1116714478, 101.191696167, 46.7877044678, 146.595596313, 48.7205047607, 31.4394855499, 18.8655509949, 17.9627532959, -2.26102399826, 6.98942327499], [882.035766602, -115.068740845, 54.0332450867, 91.3473129272, 37.1575202942, 75.2769088745, 48.7205047607, 115.304039001, 23.8993911743, 51.406867981, -14.8033428192, 15.4054746628, -12.7544584274], [-725.458679199, -55.9433937073, 75.1373291016, 9.06703472137, 44.155872345, 6.94662475586, 31.4394855499, 23.8993911743, 88.6441726685, 26.6600627899, 26.9376831055, -0.419141769409, 14.8050136566], [476.937591553, -84.8718566895, 50.2523803711, 51.2232894897, 21.330493927, 40.0472412109, 18.8655509949, 51.406867981, 26.6600627899, 77.0160980225, 10.2184000015, 13.9797334671, -5.06292486191], [-712.690979004, 20.5716018677, 24.3144435883, -37.0970916748, 9.42593193054, -14.3654623032, 17.9627532959, -14.8033428192, 26.9376831055, 10.2184000015, 62.8728027344, 15.0215110779, 21.1955356598], [251.184326172, -35.646446228, -4.90873575211, 2.46676039696, -8.15344238281, 5.87334346771, -2.26102399826, 15.4054746628, -0.419141769409, 13.9797334671, 15.0215110779, 58.3283042908, 21.5964565277], [-482.751953125, 24.5047721863, 9.95973873138, -23.6369380951, -2.47249436378, -17.1889629364, 6.98942327499, -12.7544584274, 14.8050136566, -5.06292486191, 21.1955356598, 21.5964565277, 62.1749649048]],
        "icov": [[0.000187525336514, -0.000228921475355, 0.000384724233299, -0.000744312419556, 0.000394991831854, -0.000439242314314, 0.000322269450407, -0.000732608838007, 0.000954021350481, -0.000910374801606, 0.000927106360905, -0.000803341448773, 0.000571101496462], [-0.000228921475355, 0.0020792465657, 0.000616978155449, 0.00125331722666, -0.00112382078078, 0.00146858859807, -9.05342240003e-05, 0.000560175394639, -0.000358205666998, 0.00150581041817, -0.00227218284272, 0.00263776862994, -0.00166660326067], [0.000384724233299, 0.000616978155449, 0.00372572615743, -0.000860897707753, -0.00170434871688, -0.00123902701307, 0.00071926205419, -0.00140669313259, 0.00184333219659, -0.00240920158103, 0.00131498288829, -0.000431264081271, 0.00010654838843], [-0.000744312419556, 0.00125331722666, -0.000860897707753, 0.00765691464767, -0.0027079009451, -0.0011924544815, -0.000900030136108, 0.00200167833827, -0.00385261303745, 0.0024671999272, -0.00184999429621, 0.00359090068378, -0.00264819408767], [0.000394991831854, -0.00112382078078, -0.00170434871688, -0.0027079009451, 0.00869443546981, -0.000778190267738, -0.00296462071128, -0.000626922759693, 0.000282339431578, -0.00147818645928, 0.00290304748341, -0.00249182898551, 0.00277692242526], [-0.000439242314314, 0.00146858859807, -0.00123902701307, -0.0011924544815, -0.000778190267738, 0.0128814168274, -0.00187551032286, -0.00254189758562, -0.00011073485075, 0.00156552519184, -0.00330240745097, 0.00264862086624, -0.000664813211188], [0.000322269450407, -9.05342240003e-05, 0.00071926205419, -0.000900030136108, -0.00296462071128, -0.00187551032286, 0.012504379265, -0.00682573625818, 0.00216969964094, 0.000564234971534, -0.00331383547746, 0.00196397467516, -0.00138496386353], [-0.000732608838007, 0.000560175394639, -0.00140669313259, 0.00200167833827, -0.000626922759693, -0.00254189758562, -0.00682573625818, 0.0240199565887, -0.00848461687565, -0.00513763353229, 0.00534517131746, -0.00377235258929, 0.00113445124589], [0.000954021350481, -0.000358205666998, 0.00184333219659, -0.00385261303745, 0.000282339431578, -0.00011073485075, 0.00216969964094, -0.00848461687565, 0.0226311795413, -0.00772335287184, -0.0029960940592, 0.00183650478721, -0.00184949859977], [-0.000910374801606, 0.00150581041817, -0.00240920158103, 0.0024671999272, -0.00147818645928, 0.00156552519184, 0.000564234971534, -0.00513763353229, -0.00772335287184, 0.0268568061292, -0.0106935231015, 0.00182610959746, -4.42840646429e-05], [0.000927106360905, -0.00227218284272, 0.00131498288829, -0.00184999429621, 0.00290304748341, -0.00330240745097, -0.00331383547746, 0.00534517131746, -0.0029960940592, -0.0106935231015, 0.0321694910526, -0.0120791904628, 0.000923215469811], [-0.000803341448773, 0.00263776862994, -0.000431264081271, 0.00359090068378, -0.00249182898551, 0.00264862086624, 0.00196397467516, -0.00377235258929, 0.00183650478721, 0.00182610959746, -0.0120791904628, 0.0298957470804, -0.0127594135702], [0.000571101496462, -0.00166660326067, 0.00010654838843, -0.00264819408767, 0.00277692242526, -0.000664813211188, -0.00138496386353, 0.00113445124589, -0.00184949859977, -4.42840646429e-05, 0.000923215469811, -0.0127594135702, 0.0250200275332]]
    },
    "melbands": {
        "dmean": [0.00111225014552, 0.000942492973991, 0.000489196158014, 0.000290893833153, 0.000139373514685, 0.000147709259181, 9.06060522539e-05, 0.000120957527542, 6.80973680574e-05, 7.54498469178e-05, 6.36699187453e-05, 5.08068114868e-05, 7.29972089175e-05, 2.89143845293e-05, 3.14474491461e-05, 2.38479697146e-05, 2.02829342015e-05, 1.12197603812e-05, 1.53912551468e-05, 1.40046731758e-05, 1.0123060747e-05, 1.14066078822e-05, 8.91532272362e-06, 9.55844825512e-06, 8.73704357218e-06, 6.54793666399e-06, 5.41595863979e-06, 5.24214647157e-06, 4.83856456412e-06, 4.04780575991e-06, 3.20759704664e-06, 2.0374095584e-06, 1.86334568752e-06, 1.1057853726e-06, 8.52314826716e-07, 6.95657035976e-07, 5.40622806966e-07, 4.79172399537e-07, 4.60369022903e-07, 3.56493558229e-07],
        "dmean2": [0.00188290432561, 0.0015729899751, 0.000824530550744, 0.000490845064633, 0.000232341626543, 0.000244146183832, 0.000147378057591, 0.00019324850291, 0.000109336295282, 0.000118099713291, 0.000100521472632, 8.11239297036e-05, 0.000116204144433, 4.78139772895e-05, 5.17884545843e-05, 3.86759529647e-05, 3.28764217556e-05, 1.88619815162e-05, 2.59336156887e-05, 2.34301442106e-05, 1.67355356098e-05, 1.87204568647e-05, 1.47962364281e-05, 1.58501115948e-05, 1.43697734529e-05, 1.06011375465e-05, 8.74443776411e-06, 8.23901609692e-06, 7.89288606029e-06, 6.41731048745e-06, 5.17387070431e-06, 3.28358237311e-06, 2.95479708257e-06, 1.77493143383e-06, 1.37910512876e-06, 1.09388872715e-06, 8.35972912228e-07, 7.41243127322e-07, 7.08641152869e-07, 5.66881681152e-07],
        "dvar": [5.03780665895e-06, 4.29977626482e-06, 1.12745226488e-06, 3.77029778065e-07, 6.91503956318e-08, 6.54473666373e-08, 3.02405105401e-08, 7.25748989794e-08, 2.5497518763e-08, 2.41550708324e-08, 1.47807579509e-08, 9.75777147971e-09, 2.75049973908e-08, 3.87542975488e-09, 5.27918864179e-09, 3.12133452418e-09, 2.4738140425e-09, 5.31887922595e-10, 6.72724820294e-10, 5.58350587987e-10, 2.79653994406e-10, 3.6478184362e-10, 2.24436302876e-10, 2.85401285938e-10, 2.18086326775e-10, 1.15411791235e-10, 8.43868100397e-11, 7.64996538338e-11, 7.10553629824e-11, 4.96862793964e-11, 3.38157730984e-11, 1.41906946263e-11, 2.77438644974e-11, 4.46768707099e-12, 2.88935477107e-12, 2.11231141085e-12, 1.08819561435e-12, 8.60511260772e-13, 1.02929871657e-12, 5.90359521251e-13],
        "dvar2": [1.39006815516e-05, 1.17345125545e-05, 3.05940579892e-06, 1.02277658698e-06, 1.92467595639e-07, 1.68017010083e-07, 7.68987717947e-08, 1.72962373313e-07, 5.77174077421e-08, 5.54243904105e-08, 3.36313803473e-08, 2.17372733147e-08, 6.42248849658e-08, 9.67530944251e-09, 1.31794504199e-08, 7.60829621527e-09, 5.80884229606e-09, 1.43853728929e-09, 1.8599374263e-09, 1.49124368409e-09, 7.49318440629e-10, 9.50150180756e-10, 6.08748385034e-10, 7.82152065337e-10, 5.76795500251e-10, 3.00064945113e-10, 2.12783859976e-10, 1.84181947471e-10, 1.8391232981e-10, 1.23957580311e-10, 8.44607161987e-11, 3.49476628192e-11, 6.21181786564e-11, 1.11586356474e-11, 7.21882666491e-12, 5.17081343021e-12, 2.57635883114e-12, 2.06753321061e-12, 2.39770291295e-12, 1.42799758563e-12],
        "max": [0.0352443195879, 0.0302163865417, 0.0178926791996, 0.00942099560052, 0.00351216434501, 0.0043143494986, 0.00548824388534, 0.00759541522712, 0.00509345438331, 0.00593371270224, 0.0021378621459, 0.00227845110931, 0.00333261443302, 0.00121209875215, 0.00129507493693, 0.000992652610876, 0.0014421613887, 0.000397935335059, 0.000421907112468, 0.000393195368815, 0.000253798090853, 0.000311333540594, 0.000186353252502, 0.00027420380502, 0.000171448147739, 0.000160814030096, 0.000145325320773, 0.00012914785475, 0.000130796863232, 0.000108936787001, 9.23510378925e-05, 6.32330556982e-05, 0.000109772445285, 3.2589523471e-05, 2.73585519608e-05, 2.40709450736e-05, 1.77098736458e-05, 1.41976825034e-05, 1.47496893987e-05, 1.03668135125e-05],
        "mean": [0.00197993358597, 0.00150024145842, 0.000742616772186, 0.000434991845395, 0.000225804004003, 0.000243105489062, 0.000155258458108, 0.000195394153707, 0.000119366479339, 0.000140963398735, 0.000117467810924, 8.94741315278e-05, 0.000114727146865, 4.74669286632e-05, 4.86884055135e-05, 3.83565093216e-05, 3.3799376979e-05, 1.89934653463e-05, 2.58717464021e-05, 2.52513382293e-05, 2.07713474083e-05, 2.32856255025e-05, 1.87539917533e-05, 2.01268376259e-05, 1.89903494174e-05, 1.48622584675e-05, 1.23515510495e-05, 1.20674394566e-05, 1.09553611765e-05, 9.55279847403e-06, 7.2054544944e-06, 4.36705886386e-06, 3.35839922627e-06, 2.2939932478e-06, 1.78574020993e-06, 1.43894374105e-06, 1.19475612337e-06, 9.99586859507e-07, 8.76738170064e-07, 6.64520257487e-07],
        "median": [0.000464826822281, 0.000539564760402, 0.000277823593933, 0.0001806057262, 0.000123465448269, 0.00013396909344, 7.86697783042e-05, 7.85991724115e-05, 5.16897125635e-05, 6.11235882388e-05, 4.88079967909e-05, 3.66316417058e-05, 4.45827899966e-05, 1.86063698493e-05, 1.71639112523e-05, 1.61095867952e-05, 1.58706916409e-05, 8.21734556666e-06, 1.2945753042e-05, 1.25851802295e-05, 9.4715569503e-06, 9.99030817184e-06, 7.7295317169e-06, 8.50034939504e-06, 7.0862101893e-06, 5.77478385821e-06, 4.90524098495e-06, 4.35829542766e-06, 3.53215500581e-06, 2.93276002594e-06, 2.22064363697e-06, 1.66786151112e-06, 1.22007043046e-06, 9.63943080023e-07, 6.75876208334e-07, 4.30958380093e-07, 3.66506554883e-07, 2.88230722845e-07, 2.51961751019e-07, 1.9008321317e-07],
        "min": [6.27164831427e-25, 7.81763425049e-25, 1.021281416e-24, 9.909290066e-25, 1.72203839103e-24, 1.84424773639e-24, 1.29755154907e-24, 8.88086393678e-25, 1.5289547251e-24, 1.61329480271e-24, 1.64245051012e-24, 2.39187004641e-24, 2.12320985729e-24, 3.23466556894e-24, 1.25477990521e-24, 2.6522947249e-24, 2.88319766452e-24, 3.40036442157e-24, 2.56255075288e-24, 2.85258788924e-24, 3.12618496712e-24, 3.21087786277e-24, 2.4772460956e-24, 3.3247351433e-24, 4.11690492558e-24, 4.89518602278e-24, 3.70308387749e-24, 3.9836832792e-24, 3.99393610439e-24, 4.65425528055e-24, 4.92393250859e-24, 5.26215070525e-24, 4.70048726276e-24, 6.02643307125e-24, 5.33105454988e-24, 4.49978921556e-24, 5.29615928773e-24, 5.96816346605e-24, 6.12987758504e-24, 5.13485340426e-24],
        "var": [1.08994408947e-05, 6.50420770398e-06, 1.58029388331e-06, 5.00044279761e-07, 9.5487131091e-08, 1.16192019561e-07, 5.92009570255e-08, 1.46963714087e-07, 5.15031857162e-08, 5.35215143316e-08, 3.67761856523e-08, 2.30731576067e-08, 4.64695446567e-08, 6.33778762804e-09, 8.09358446929e-09, 4.82604312069e-09, 4.00820576729e-09, 8.14076472899e-10, 1.24171395388e-09, 1.14211973212e-09, 7.42323202907e-10, 1.0485247115e-09, 6.09672201612e-10, 7.1792649603e-10, 6.23153251222e-10, 3.67261610013e-10, 2.55440613106e-10, 2.64827521024e-10, 2.3020986506e-10, 1.80601603117e-10, 1.02325641016e-10, 3.57640410342e-11, 4.10203468415e-11, 1.02103733454e-11, 6.44814366832e-12, 4.82795964665e-12, 3.24854487928e-12, 2.28587071147e-12, 1.98497945511e-12, 1.07796172162e-12]
    },
    "mfcc": {
        "mean": [-660.927307129, 113.086044312, -5.68478822708, 25.2708454132, -4.86612033844, 3.20639395714, 2.34147524834, 4.62433385849, 2.09439110756, 0.193515047431, -0.772135853767, -0.700931966305, -0.535496115685],
        "cov": [[15091.8710938, -451.247131348, 219.502166748, 988.283691406, 385.68081665, 507.491638184, 489.231994629, 391.228149414, 432.835235596, 283.367340088, 147.316146851, 309.163269043, 44.4823989868], [-451.247131348, 1154.94689941, -185.157669067, -44.6100387573, -106.531929016, -109.147972107, -72.1296539307, -56.2549133301, -96.1449050903, -76.3862228394, -46.9169235229, -74.4280090332, -16.8127651215], [219.502166748, -185.157669067, 290.808990479, 32.9634170532, 80.3086547852, 44.8279457092, 50.2221374512, 15.1561956406, 43.3898277283, 39.5431213379, 24.9574985504, 16.1956176758, 1.24350941181], [988.283691406, -44.6100387573, 32.9634170532, 208.643188477, 75.5910491943, 64.1125793457, 59.5387573242, 38.7354621887, 58.3278923035, 35.3640975952, 17.1587219238, 31.3147544861, 1.80890393257], [385.68081665, -106.531929016, 80.3086547852, 75.5910491943, 152.475997925, 62.5505523682, 39.9435081482, 25.6658668518, 41.4421691895, 34.1764831543, 21.0753993988, 23.6973800659, 4.65466356277], [507.491638184, -109.147972107, 44.8279457092, 64.1125793457, 62.5505523682, 99.3715667725, 60.5763015747, 33.7232170105, 35.0532569885, 29.8210525513, 19.4431972504, 21.5320987701, -0.0948654487729], [489.231994629, -72.1296539307, 50.2221374512, 59.5387573242, 39.9435081482, 60.5763015747, 128.304779053, 51.4393997192, 50.142780304, 30.4143066406, 27.8671550751, 33.4978294373, -8.56537914276], [391.228149414, -56.2549133301, 15.1561956406, 38.7354621887, 25.6658668518, 33.7232170105, 51.4393997192, 72.8385925293, 43.8607025146, 18.5149536133, 11.4569272995, 20.1319103241, 9.84498977661], [432.835235596, -96.1449050903, 43.3898277283, 58.3278923035, 41.4421691895, 35.0532569885, 50.142780304, 43.8607025146, 92.1681137085, 44.8633956909, 22.1584415436, 27.4332370758, 7.45342445374], [283.367340088, -76.3862228394, 39.5431213379, 35.3640975952, 34.1764831543, 29.8210525513, 30.4143066406, 18.5149536133, 44.8633956909, 77.3353042603, 33.3336715698, 19.7393722534, 0.0193181037903], [147.316146851, -46.9169235229, 24.9574985504, 17.1587219238, 21.0753993988, 19.4431972504, 27.8671550751, 11.4569272995, 22.1584415436, 33.3336715698, 64.1832962036, 32.1223869324, -1.97337961197], [309.163269043, -74.4280090332, 16.1956176758, 31.3147544861, 23.6973800659, 21.5320987701, 33.4978294373, 20.1319103241, 27.4332370758, 19.7393722534, 32.1223869324, 68.1008834839, 18.7963008881], [44.4823989868, -16.8127651215, 1.24350941181, 1.80890393257, 4.65466356277, -0.0948654487729, -8.56537914276, 9.84498977661, 7.45342445374, 0.0193181037903, -1.97337961197, 18.7963008881, 67.6492462158]],
