{
"lowlevel": {
    "average_loudness": 0.947750449181,
    "barkbands_crest": {
        "dmean": 3.13853311539,
        "dmean2": 4.75735664368,
        "dvar": 8.25698757172,
        "dvar2": 17.1969280243,
        "max": 26.5426559448,
        "mean": 11.1169548035,
        "median": 10.2901315689,
        "min": 2.19015789032,
        "var": 29.1369590759
    },
    "barkbands_flatness_db": {
        "dmean": 0.0297806635499,
        "dmean2": 0.0447952523828,
        "dvar": 0.00114597345237,
        "dvar2": 0.00220232689753,
        "max": 0.436033189297,
        "mean": 0.11908531189,
        "median": 0.104580335319,
        "min": 0.0275367703289,
        "var": 0.00376083096489
    },
    "barkbands_kurtosis": {
        "dmean": 5.01360177994,
        "dmean2": 7.98889017105,
        "dvar": 284.007904053,
        "dvar2": 636.611083984,
        "max": 452.151855469,
        "mean": 6.03541469574,
        "median": 1.35691022873,
        "min": -1.87528347969,
        "var": 371.527435303
    },
    "barkbands_skewness": {
        "dmean": 0.74202889204,
        "dmean2": 1.15680813789,
        "dvar": 0.974347829819,
        "dvar2": 2.06388378143,
        "max": 20.3614311218,
        "mean": 1.81600618362,
        "median": 1.47435617447,
        "min": -2.30904078484,
        "var": 2.53495907784
    },
    "barkbands_spread": {
        "dmean": 7.09348630905,
        "dmean2": 10.5596256256,
        "dvar": 54.7619934082,
        "dvar2": 106.151481628,
        "max": 75.0996932983,
        "mean": 24.6990451813,
        "median": 24.7187213898,
        "min": 0.51712501049,
        "var": 155.407867432
    },
    "dissonance": {
        "dmean": 0.0142767187208,
        "dmean2": 0.0244294404984,
        "dvar": 0.000259533611825,
        "dvar2": 0.000673061993439,
        "max": 0.500000119209,
        "mean": 0.478968352079,
        "median": 0.484833031893,
        "min": 0.155519336462,
        "var": 0.000517404580023
    },
    "dynamic_complexity": 2.89908480644,
    "erbbands_crest": {
        "dmean": 2.01098680496,
        "dmean2": 3.34382581711,
        "dvar": 3.61715269089,
        "dvar2": 9.19182872772,
        "max": 23.3895130157,
        "mean": 6.37497615814,
        "median": 5.65299797058,
        "min": 2.39709329605,
        "var": 7.28923177719
    },
    "erbbands_flatness_db": {
        "dmean": 0.0158547591418,
        "dmean2": 0.0244771838188,
        "dvar": 0.00025904685026,
        "dvar2": 0.000558774161618,
        "max": 0.427894413471,
        "mean": 0.130264222622,
        "median": 0.125409141183,
        "min": 0.0616283677518,
        "var": 0.00107303308323
    },
    "erbbands_kurtosis": {
        "dmean": 0.74111109972,
        "dmean2": 1.19656813145,
        "dvar": 1.68552732468,
        "dvar2": 4.08457279205,
        "max": 34.7227401733,
        "mean": 0.147072941065,
        "median": -0.115474700928,
        "min": -1.83248341084,
        "var": 2.27690005302
    },
    "erbbands_skewness": {
        "dmean": 0.32956930995,
        "dmean2": 0.511779785156,
        "dvar": 0.120634905994,
        "dvar2": 0.279964536428,
        "max": 5.41443586349,
        "mean": 0.115160092711,
        "median": 0.0858417451382,
        "min": -2.72608232498,
        "var": 0.322736531496
    },
    "erbbands_spread": {
        "dmean": 9.80361270905,
        "dmean2": 15.5493297577,
        "dvar": 109.148292542,
        "dvar2": 250.892654419,
        "max": 151.458190918,
        "mean": 41.7537956238,
        "median": 38.288646698,
        "min": 2.48865246773,
        "var": 294.074615479
    },
    "hfc": {
        "dmean": 9.4783000946,
        "dmean2": 13.2171077728,
        "dvar": 179.014526367,
        "dvar2": 391.933685303,
        "max": 140.50579834,
        "mean": 19.1347427368,
        "median": 13.5207567215,
        "min": 1.19702153475e-16,
        "var": 339.565124512
    },
    "melbands_crest": {
        "dmean": 4.17462444305,
        "dmean2": 6.69330310822,
        "dvar": 15.1856431961,
        "dvar2": 38.6528511047,
        "max": 33.078414917,
        "mean": 16.482624054,
        "median": 16.8534679413,
        "min": 1.74392735958,
        "var": 37.3224143982
    },
    "melbands_flatness_db": {
        "dmean": 0.038135048002,
        "dmean2": 0.057227447629,
        "dvar": 0.00175613106694,
        "dvar2": 0.00345877720974,
        "max": 0.54733723402,
        "mean": 0.188065588474,
        "median": 0.175197690725,
        "min": 0.00511628948152,
        "var": 0.00595557270572
    },
    "melbands_kurtosis": {
        "dmean": 11.6294965744,
        "dmean2": 18.2551555634,
        "dvar": 805.725219727,
        "dvar2": 1589.2734375,
        "max": 734.293395996,
        "mean": 18.928106308,
        "median": 8.91599750519,
        "min": -1.72692608833,
        "var": 1534.13134766
    },
    "melbands_skewness": {
        "dmean": 1.01237928867,
        "dmean2": 1.61534178257,
        "dvar": 1.44773733616,
        "dvar2": 3.19583892822,
        "max": 19.8990154266,
        "mean": 3.14347743988,
        "median": 2.75726008415,
        "min": -1.23690807819,
        "var": 4.18084001541
    },
    "melbands_spread": {
        "dmean": 8.81142520905,
        "dmean2": 13.6805620193,
        "dvar": 104.950416565,
        "dvar2": 220.26574707,
        "max": 185.284164429,
        "mean": 24.322353363,
        "median": 21.5679512024,
        "min": 0.433792978525,
        "var": 289.86416626
    },
    "pitch_salience": {
        "dmean": 0.0956041589379,
        "dmean2": 0.151290312409,
        "dvar": 0.00837306026369,
        "dvar2": 0.0191867370158,
        "max": 0.903668820858,
        "mean": 0.519943714142,
        "median": 0.533571302891,
        "min": 0.0566086173058,
        "var": 0.0241736508906
    },
    "silence_rate_20dB": {
        "dmean": 0,
        "dmean2": 0,
        "dvar": 0,
        "dvar2": 0,
        "max": 1,
        "mean": 1,
        "median": 1,
        "min": 1,
        "var": 0
    },
    "silence_rate_30dB": {
        "dmean": 0.000284738052869,
        "dmean2": 0.00056955718901,
        "dvar": 0.000284667301457,
        "dvar2": 0.00085405271966,
        "max": 1,
        "mean": 0.999857664108,
        "median": 1,
        "min": 0,
        "var": 0.000142322998727
    },
    "silence_rate_60dB": {
        "dmean": 0.00854214094579,
        "dmean2": 0.0170867145061,
        "dvar": 0.00846897624433,
        "dvar2": 0.0204958822578,
        "max": 1,
        "mean": 0.0558007135987,
        "median": 0,
        "min": 0,
        "var": 0.0526860207319
    },
    "spectral_centroid": {
        "dmean": 331.200195312,
        "dmean2": 502.684082031,
        "dvar": 124108.609375,
        "dvar2": 260859.71875,
        "max": 11118.8222656,
        "mean": 1478.13427734,
        "median": 1499.60424805,
        "min": 191.540237427,
        "var": 395489.75
    },
    "spectral_complexity": {
        "dmean": 6.44988632202,
        "dmean2": 9.11775588989,
        "dvar": 44.8466644287,
        "dvar2": 81.5834655762,
        "max": 62,
        "mean": 23.2780075073,
        "median": 22,
        "min": 0,
        "var": 171.770431519
    },
    "spectral_decrease": {
        "dmean": 2.54291143698e-09,
        "dmean2": 3.76260622659e-09,
        "dvar": 9.11496125007e-18,
        "dvar2": 1.96656896679e-17,
        "max": -1.58536177141e-30,
        "mean": -6.75758338176e-09,
        "median": -5.76445824407e-09,
        "min": -3.1702761305e-08,
        "var": 2.30209029772e-17
    },
    "spectral_energy": {
        "dmean": 0.0102146426216,
        "dmean2": 0.0151383150369,
        "dvar": 0.000148197854287,
        "dvar2": 0.000311437412165,
        "max": 0.127723515034,
        "mean": 0.0272402763367,
        "median": 0.0234947167337,
        "min": 1.10672872395e-20,
        "var": 0.000371484609786
    },
    "spectral_energyband_high": {
        "dmean": 0.00053660874255,
        "dmean2": 0.000740247371141,
        "dvar": 5.9111266637e-07,
        "dvar2": 1.20257323033e-06,
        "max": 0.00769043713808,
        "mean": 0.000881626096088,
        "median": 0.000489128055051,
        "min": 8.16487283652e-21,
        "var": 1.09285508643e-06
    },
    "spectral_energyband_low": {
        "dmean": 0.00632155640051,
        "dmean2": 0.0099406959489,
        "dvar": 5.91755488131e-05,
        "dvar2": 0.0001526298729,
        "max": 0.0694007724524,
        "mean": 0.0140972640365,
        "median": 0.0095046851784,
        "min": 3.03917498979e-23,
        "var": 0.00015301075473
    },
    "spectral_energyband_middle_high": {
        "dmean": 0.00317510496825,
        "dmean2": 0.00492809247226,
        "dvar": 2.42900514422e-05,
        "dvar2": 6.05262321187e-05,
        "max": 0.0474485009909,
        "mean": 0.00578516628593,
        "median": 0.00380927254446,
        "min": 1.58012075539e-21,
        "var": 3.93570626329e-05
    },
    "spectral_energyband_middle_low": {
        "dmean": 0.00553630851209,
        "dmean2": 0.00808487739414,
        "dvar": 0.000102409852843,
        "dvar2": 0.000212927654502,
        "max": 0.0946531519294,
        "mean": 0.0084327571094,
        "median": 0.00478313816711,
        "min": 3.30356923213e-22,
        "var": 0.000130578599055
    },
    "spectral_entropy": {
        "dmean": 0.168707236648,
        "dmean2": 0.255587369204,
        "dvar": 0.047688473016,
        "dvar2": 0.0990414097905,
        "max": 9.79835224152,
        "mean": 7.82771396637,
        "median": 7.91842508316,
        "min": 4.83754348755,
        "var": 0.129334136844
    },
    "spectral_flux": {
        "dmean": 0.0284913778305,
        "dmean2": 0.0441561490297,
        "dvar": 0.00103484978899,
        "dvar2": 0.00197492609732,
        "max": 0.280589669943,
        "mean": 0.0906740874052,
        "median": 0.0792452469468,
        "min": 6.81083800469e-11,
        "var": 0.00278919422999
    },
    "spectral_kurtosis": {
        "dmean": 1.4704785347,
        "dmean2": 2.41468167305,
        "dvar": 18.8244228363,
        "dvar2": 38.6206207275,
        "max": 145.316009521,
        "mean": 3.86759519577,
        "median": 3.10060930252,
        "min": -1.19936776161,
        "var": 35.5844421387
    },
    "spectral_rms": {
        "dmean": 0.000922996434383,
        "dmean2": 0.00137143128086,
        "dvar": 9.55132804847e-07,
        "dvar2": 1.92487664208e-06,
        "max": 0.0111628090963,
        "mean": 0.00479061575606,
        "median": 0.00478765880689,
        "min": 3.28593272383e-12,
        "var": 3.62597052117e-06
    },
    "spectral_rolloff": {
        "dmean": 536.116271973,
        "dmean2": 868.14239502,
        "dvar": 536994.5625,
        "dvar2": 1091343.375,
        "max": 18992.2851562,
        "mean": 1342.41137695,
        "median": 1205.859375,
        "min": 64.599609375,
        "var": 1261531.375
    },
    "spectral_skewness": {
        "dmean": 0.222760036588,
        "dmean2": 0.34918025136,
        "dvar": 0.117630936205,
        "dvar2": 0.239181756973,
        "max": 10.3133907318,
        "mean": 1.43149244785,
        "median": 1.36033964157,
        "min": -0.00424215057865,
        "var": 0.27983674407
    },
    "spectral_spread": {
        "dmean": 561021.75,
        "dmean2": 860139.375,
        "dvar": 588192940032,
        "dvar2": 1.14223795405e+12,
        "max": 40393020,
        "mean": 4722885.5,
        "median": 4598874,
        "min": 676153.125,
        "var": 1.60456690893e+12
    },
    "spectral_strongpeak": {
        "dmean": 0.213355109096,
        "dmean2": 0.364263057709,
        "dvar": 0.112123943865,
        "dvar2": 0.298185139894,
        "max": 5.0976805687,
        "mean": 0.410912066698,
        "median": 0.342202097178,
        "min": 0,
        "var": 0.118215225637
    },
    "zerocrossingrate": {
        "dmean": 0.0124548561871,
        "dmean2": 0.0141719756648,
        "dvar": 0.000174689979758,
        "dvar2": 0.000230209654546,
        "max": 0.50390625,
        "mean": 0.0565597191453,
        "median": 0.0537109375,
        "min": 0.00390625,
        "var": 0.00092648237478
    },
    "barkbands": {
        "dmean": [0.000156155787408, 0.00369441043586, 0.00290317903273, 0.00378139386885, 0.00177207496017, 0.000638947065454, 0.000709761923645, 0.00038185462472, 0.000584073539358, 0.000665699364617, 0.000629694841336, 0.000637989898678, 0.000425664969953, 0.000428263214417, 0.000471805804409, 0.000328033755068, 0.000281094544334, 0.000278433552012, 0.000203527597478, 0.000209470832488, 0.000164544166182, 0.000129771578941, 9.3302121968e-05, 5.21947404195e-05, 3.38770041708e-05, 2.07677549042e-05, 2.18512877836e-06],
        "dmean2": [0.000222984090215, 0.00497241411358, 0.00470329914242, 0.00652419822291, 0.00301730167121, 0.00101499282755, 0.00123158865608, 0.000641703431029, 0.000987970735878, 0.00119869376067, 0.00110441027209, 0.00109898019582, 0.000703811703715, 0.000712015025783, 0.000736043090001, 0.000543425558135, 0.00044808635721, 0.000443396507762, 0.000327609217493, 0.000325656350469, 0.000254200480413, 0.000198424284463, 0.000131356893689, 7.67396413721e-05, 4.81250572193e-05, 2.95685458696e-05, 3.5978307551e-06],
        "dvar": [6.78243381458e-08, 2.34334038396e-05, 2.45761475526e-05, 9.32766124606e-05, 1.39529984153e-05, 1.12791201445e-06, 1.58208422363e-06, 3.33074410719e-07, 7.246924838e-07, 1.90412936263e-06, 1.19257424558e-06, 1.07328901322e-06, 4.14083274336e-07, 4.84743736706e-07, 6.89100488671e-07, 3.02160572119e-07, 2.10693102076e-07, 1.92576791846e-07, 8.77064536553e-08, 1.13380060895e-07, 7.43155510463e-08, 4.74504524561e-08, 1.57744022289e-08, 5.4625672874e-09, 2.66732169685e-09, 1.31253774516e-09, 2.2066889982e-11],
        "dvar2": [1.52376614437e-07, 4.41471202066e-05, 6.46016414976e-05, 0.000245682167588, 3.53357645508e-05, 2.61219202002e-06, 4.44923352916e-06, 8.71852876116e-07, 1.94406925402e-06, 5.42699717698e-06, 3.27991779159e-06, 3.012013849e-06, 1.04747016394e-06, 1.27626060475e-06, 1.51883000399e-06, 7.95705716428e-07, 4.81869108171e-07, 4.61543038455e-07, 2.15233583845e-07, 2.56251610153e-07, 1.67670663132e-07, 1.09897129619e-07, 2.95375830461e-08, 1.19857803682e-08, 5.54583046153e-09, 2.63141974877e-09, 5.62413622618e-11],
        "max": [0.0024979643058, 0.043975930661, 0.0467040613294, 0.07719553262, 0.0297633428127, 0.0108948145062, 0.0138490265235, 0.00703186960891, 0.0117840301245, 0.0135125759989, 0.0168410502374, 0.0119034573436, 0.00649180961773, 0.00902592670172, 0.0117602692917, 0.0090846857056, 0.00610866956413, 0.0060460716486, 0.0032963717822, 0.0038571995683, 0.00330598372966, 0.00215073977597, 0.00114302709699, 0.00097521673888, 0.000869860348757, 0.000581904838327, 6.91674940754e-05],
        "mean": [0.000208487588679, 0.0074782371521, 0.00455174455419, 0.0032295754645, 0.00188638479449, 0.000881811371073, 0.000896300887689, 0.000536302221008, 0.000805360323284, 0.000670860987157, 0.000714914465789, 0.000867774302606, 0.0006670159637, 0.000572861055844, 0.000697501993272, 0.000465187098598, 0.000396759016439, 0.000368372828234, 0.000291840347927, 0.000311943353154, 0.000247560354182, 0.000190655424376, 0.00014118674153, 8.10859128251e-05, 5.06332544319e-05, 2.78528641502e-05, 2.07575476452e-06],
        "median": [6.09352391621e-05, 0.00240916619077, 0.00300536840223, 0.00070415076334, 0.00087283825269, 0.000408289168263, 0.000506223470438, 0.000340835540555, 0.000489167170599, 0.000284726294922, 0.000342101237038, 0.000453814369394, 0.000335770571837, 0.000288988958346, 0.000282624183455, 0.000225739218877, 0.000175668814336, 0.000174736051122, 0.000158741488121, 0.000162481344887, 0.000120058772154, 0.000101731297036, 7.26257567294e-05, 5.03071605635e-05, 2.8658836527e-05, 1.08703316073e-05, 3.07725741777e-07],
        "min": [9.4634625644e-24, 8.95298436174e-24, 5.32457839627e-24, 3.08446507208e-24, 5.45407322708e-23, 5.07468698302e-23, 4.07862355689e-23, 3.54879680504e-23, 9.96944741534e-23, 3.92580700006e-23, 4.62587845495e-23, 6.9798576977e-23, 5.6902247344e-23, 7.91792249236e-23, 7.54231299877e-23, 1.20055819776e-22, 1.44239366878e-22, 2.71927422223e-22, 3.00600458779e-22, 3.38826638762e-22, 3.58123691117e-22, 4.98055069659e-22, 6.62993843768e-22, 8.15245765524e-22, 1.19323792197e-21, 1.54367866323e-21, 2.213829558e-21],
        "var": [1.19130767473e-07, 9.47193693719e-05, 3.00024821627e-05, 6.87892825226e-05, 1.12720235848e-05, 1.65756114257e-06, 1.53555708948e-06, 4.26017095378e-07, 9.35554396619e-07, 1.38708423947e-06, 1.11228860078e-06, 1.30312616875e-06, 7.47647391108e-07, 6.11906614267e-07, 1.29513841785e-06, 4.11875674899e-07, 3.29918890429e-07, 2.60581231259e-07, 1.31524188873e-07, 1.76335902324e-07, 1.17572184877e-07, 6.59688694782e-08, 2.86708683461e-08, 8.6702911517e-09, 4.26891189065e-09, 2.03352601424e-09, 2.06127632324e-11]
    },
    "erbbands": {
        "dmean": [0.0911212414503, 0.956213653088, 2.927724123, 8.21263504028, 7.98063707352, 7.09290266037, 4.06549072266, 6.191883564, 7.96004343033, 11.62296772, 8.82447433472, 11.2261371613, 19.3715267181, 23.6381988525, 23.6893463135, 23.4219684601, 20.234292984, 21.0820541382, 24.4085788727, 21.0887413025, 16.4619445801, 15.8430585861, 15.3969602585, 10.8806371689, 11.4195127487, 9.67378616333, 7.12452077866, 6.19028139114, 4.42796945572, 3.67588210106, 2.51972389221, 1.37393760681, 0.809631824493, 0.437806874514, 0.226079851389, 0.106539651752, 0.034988977015, 0.00526891602203, 0.000351421447704, 1.7069029127e-05],
        "dmean2": [0.119085498154, 1.28176534176, 4.71043682098, 13.5788068771, 13.3257274628, 12.5274782181, 6.78258609772, 9.93451786041, 13.9235782623, 19.6036300659, 14.9322729111, 18.9937744141, 34.50025177, 42.3527526855, 41.2230377197, 39.6309394836, 32.9180221558, 34.7542915344, 37.970249176, 34.3297080994, 26.4903469086, 25.2456264496, 24.1583518982, 17.3422622681, 18.1096801758, 14.8934049606, 11.0467529297, 9.72642040253, 6.79825639725, 5.23115253448, 3.63508486748, 2.01513361931, 1.19781923294, 0.64484757185, 0.320294082165, 0.152529805899, 0.0503134466708, 0.00786077417433, 0.000580507447012, 2.52774916589e-05],
        "dvar": [0.0159245338291, 1.65460431576, 21.6788330078, 356.270385742, 376.975738525, 252.196594238, 59.0909996033, 118.759971619, 244.635253906, 413.361907959, 195.502349854, 281.751586914, 1321.58898926, 2288.59960938, 1568.51708984, 1367.6295166, 960.346862793, 1147.2265625, 2087.54931641, 1170.42443848, 736.882019043, 664.187988281, 564.085266113, 269.940002441, 295.237915039, 246.123733521, 128.438308716, 113.059921265, 51.1890182495, 26.8584747314, 11.9999904633, 3.63495802879, 1.34374129772, 0.463636487722, 0.115614168346, 0.0352983698249, 0.00425943778828, 7.54023640184e-05, 6.85093823449e-07, 4.5212295019e-10],
        "dvar2": [0.0314174182713, 3.11673116684, 57.2815551758, 894.041748047, 968.994445801, 692.418395996, 155.843460083, 279.33984375, 696.21862793, 1049.29931641, 525.523925781, 759.580505371, 3779.48217773, 6488.76708984, 4278.54541016, 3744.18017578, 2407.59570312, 2987.85473633, 4742.95947266, 2808.00878906, 1804.06591797, 1515.39147949, 1351.83825684, 660.40045166, 701.461486816, 546.38873291, 276.479278564, 267.195068359, 114.09487915, 52.9395370483, 23.9859409332, 7.78078269958, 2.9936606884, 1.01675510406, 0.226254120469, 0.0727943405509, 0.00833847932518, 0.000174667482497, 1.79005678547e-06, 9.60039936437e-10],
        "max": [1.13466441631, 11.9557161331, 45.0647506714, 154.056854248, 165.115280151, 119.492095947, 78.2720947266, 111.77243042, 154.047912598, 298.218841553, 184.8021698, 172.142288208, 441.269378662, 460.233184814, 567.844299316, 416.047973633, 335.942871094, 543.589477539, 702.239074707, 473.581237793, 390.402252197, 334.110687256, 265.675720215, 190.067321777, 210.86920166, 186.888870239, 143.03767395, 140.621505737, 69.5429763794, 61.787021637, 33.8253555298, 24.7228050232, 13.0436925888, 11.5879735947, 6.27804040909, 3.08463358879, 1.16046977043, 0.118419118226, 0.0108507145196, 0.000216754517169],
        "mean": [0.187780156732, 1.7891613245, 4.87170505524, 9.0963010788, 7.70768976212, 6.99663209915, 5.18486499786, 8.13667297363, 10.1446332932, 15.5489912033, 12.5387420654, 15.7262811661, 22.7268009186, 25.1920032501, 30.5820922852, 34.3330764771, 33.4898681641, 30.8128662109, 35.8085708618, 30.4506626129, 24.3107833862, 23.1054534912, 20.5960960388, 15.838186264, 16.5230770111, 14.5549211502, 10.7427511215, 9.04210567474, 6.72294187546, 5.48636388779, 3.77621531487, 2.09604692459, 1.19874918461, 0.641882181168, 0.328528791666, 0.147528409958, 0.0460732989013, 0.00657461909577, 0.000347377092112, 3.99675409426e-05],
        "median": [0.05097746104, 0.554778039455, 3.28705382347, 4.14247608185, 2.55204606056, 2.9080529213, 2.52867221832, 3.55539655685, 5.0570731163, 9.05689239502, 8.03338909149, 9.28758430481, 11.5690670013, 11.4949216843, 17.14868927, 18.5885467529, 17.1153240204, 16.4438610077, 14.577665329, 13.9024038315, 12.2767333984, 10.6627426147, 10.0559597015, 8.52718162537, 9.06487464905, 7.41584348679, 5.3275308609, 4.44552850723, 3.80409884453, 2.83506727219, 1.98331093788, 1.25912499428, 0.708000540733, 0.368502378464, 0.171348392963, 0.0635184049606, 0.0162473078817, 0.00218698848039, 8.00837224233e-05, 3.44493055309e-05],
        "min": [5.60920947674e-22, 1.11039869168e-21, 4.78982649549e-21, 1.61159356406e-20, 4.89164273537e-20, 1.83629611117e-19, 5.71786375379e-19, 3.87548282449e-19, 5.68149003732e-19, 3.80834134965e-19, 1.06695855864e-18, 1.79204337011e-18, 2.15357733929e-18, 1.90564339236e-18, 1.47508864569e-18, 2.88857735797e-18, 3.1967720329e-18, 4.42425160686e-18, 5.47753624959e-18, 5.96018124776e-18, 5.46599294414e-18, 9.81932208527e-18, 1.45427318325e-17, 1.44968779024e-17, 1.50123768601e-17, 1.92879559868e-17, 1.42997723429e-17, 1.57646347615e-17, 1.96028851527e-17, 2.12394487597e-17, 1.86506017443e-17, 1.79423366166e-17, 1.37968680372e-17, 1.14186021806e-17, 9.36900826852e-18, 5.08848094746e-18, 3.07081351872e-18, 1.09182112631e-18, 3.34942568171e-19, 3.00817703752e-20],
        "var": [0.0624802857637, 5.90183401108, 31.445936203, 309.200927734, 297.516540527, 173.106292725, 57.8051071167, 166.541091919, 220.751296997, 508.899932861, 227.146957397, 348.070129395, 1150.50073242, 1704.39086914, 1632.75463867, 1900.35888672, 1825.20397949, 1620.36877441, 3718.63769531, 1847.38952637, 1109.9810791, 1089.48144531, 790.378845215, 395.086029053, 434.376556396, 393.663696289, 215.776046753, 161.311798096, 75.9294662476, 46.2921600342, 20.6569881439, 5.86795520782, 2.0488653183, 0.674702882767, 0.193689316511, 0.0531084835529, 0.00651057669893, 9.93252979242e-05, 5.94526454734e-07, 8.82391715251e-10]
    },
    "gfcc": {
        "mean": [7.2773938179, 84.2041397095, -115.974731445, 37.9822731018, -56.01537323, 24.5375022888, -30.4719047546, 10.2271194458, -23.526348114, 4.16668748856, -18.496295929, -0.794280052185, -16.1149673462],
        "cov": [[7656.24316406, -858.656860352, -842.835510254, 258.645721436, 570.432373047, 376.315368652, -56.8362007141, 149.826370239, -122.768356323, 269.615997314, -22.390750885, 218.001586914, -122.670158386], [-858.656860352, 956.817810059, 189.244735718, -26.3436203003, 161.022644043, -1.29016697407, 138.855712891, -69.7985153198, 82.168006897, -71.9381484985, 130.721679688, -80.1242980957, 41.6413230896], [-842.835510254, 189.244735718, 650.652893066, 83.4487991333, -103.112785339, -28.8264541626, 30.5196285248, -10.6260433197, 19.1311149597, -33.0159988403, -36.9882087708, -35.0864753723, 0.11894878], [258.645721436, -26.3436203003, 83.4487991333, 267.549621582, 101.196228027, 67.7754745483, 34.3310928345, 26.085735321, 30.8477401733, 25.5202388763, 19.5137825012, -9.98153686523, 7.12873363495], [570.432373047, 161.022644043, -103.112785339, 101.196228027, 382.310943604, 149.097808838, 127.651268005, 49.7225532532, 86.7469329834, 65.1893768311, 84.4690704346, 21.5970115662, 15.6773386002], [376.315368652, -1.29016697407, -28.8264541626, 67.7754745483, 149.097808838, 163.012817383, 86.2055358887, 52.8014831543, 57.2466201782, 64.4623641968, 41.2147941589, 30.2162761688, 14.2776889801], [-56.8362007141, 138.855712891, 30.5196285248, 34.3310928345, 127.651268005, 86.2055358887, 171.088150024, 72.7959213257, 67.585975647, 26.9678936005, 65.2531738281, 21.3509311676, 19.9387397766], [149.826370239, -69.7985153198, -10.6260433197, 26.085735321, 49.7225532532, 52.8014831543, 72.7959213257, 123.421295166, 57.3243789673, 46.9532546997, 37.5148124695, 29.4192523956, 8.48066425323], [-122.768356323, 82.168006897, 19.1311149597, 30.8477401733, 86.7469329834, 57.2466201782, 67.585975647, 57.3243789673, 115.634223938, 59.2631111145, 50.6495399475, 17.9294700623, 31.8013935089], [269.615997314, -71.9381484985, -33.0159988403, 25.5202388763, 65.1893768311, 64.4623641968, 26.9678936005, 46.9532546997, 59.2631111145, 100.755104065, 48.9233703613, 37.8556365967, 12.2299079895], [-22.390750885, 130.721679688, -36.9882087708, 19.5137825012, 84.4690704346, 41.2147941589, 65.2531738281, 37.5148124695, 50.6495399475, 48.9233703613, 119.534492493, 26.9039077759, 23.6075286865], [218.001586914, -80.1242980957, -35.0864753723, -9.98153686523, 21.5970115662, 30.2162761688, 21.3509311676, 29.4192523956, 17.9294700623, 37.8556365967, 26.9039077759, 75.5451507568, 29.7012348175], [-122.670158386, 41.6413230896, 0.11894878, 7.12873363495, 15.6773386002, 14.2776889801, 19.9387397766, 8.48066425323, 31.8013935089, 12.2299079895, 23.6075286865, 29.7012348175, 66.7398605347]],
        "icov": [[0.00029412197182, -0.000216236541746, 0.000303164764773, -0.00033933063969, -0.000356457865564, -0.000282522989437, 0.000419589574449, -0.000546479597688, 0.00103994295932, -0.000881295709405, 0.000750065606553, -0.000998744275421, 0.000644608517177], [-0.000216236541746, 0.00383613794111, -0.00134472618811, 0.00178299949039, -0.00110236683395, 0.00031299283728, -0.00182203517761, 0.00385926594026, -0.00365724111907, 0.0050130658783, -0.00564593449235, 0.00465158745646, -0.00198202696629], [0.000303164764773, -0.00134472618811, 0.00267418497242, -0.00176517548971, 0.00112133170478, -1.26203503896e-05, -0.000472914602142, -0.000853287696373, 0.000813179067336, -0.00203449721448, 0.00303800404072, -0.00192226108629, 0.00133522192482], [-0.00033933063969, 0.00178299949039, -0.00176517548971, 0.00598798878491, -0.00146135617979, -0.00123432034161, 6.88414656906e-05, 0.000939503021073, -0.0015654147137, 0.00243348884396, -0.00330063118599, 0.00468763429672, -0.00252388254739], [-0.000356457865564, -0.00110236683395, 0.00112133170478, -0.00146135617979, 0.00649835029617, -0.00267062475905, -0.00222060922533, 0.00122509256471, -0.00232936674729, -0.000153079585289, -0.000240469584242, -0.000139478186611, 0.00102443119977], [-0.000282522989437, 0.00031299283728, -1.26203503896e-05, -0.00123432034161, -0.00267062475905, 0.0142018105835, -0.00519757624716, 0.000536175211892, -0.000121910379676, -0.00569706875831, 0.00208592950366, -0.000106091385533, -0.00109748099931], [0.000419589574449, -0.00182203517761, -0.000472914602142, 6.88414656906e-05, -0.00222060922533, -0.00519757624716, 0.0155105413869, -0.00758311804384, -0.000365062849596, 0.00387339666486, -0.00167966354638, -0.00399574683979, 0.00170138152316], [-0.000546479597688, 0.00385926594026, -0.000853287696373, 0.000939503021073, 0.00122509256471, 0.000536175211892, -0.00758311804384, 0.0186367984861, -0.00915104430169, 0.0031324471347, -0.00551173044369, 0.00194879237097, 0.000852405617479], [0.00103994295932, -0.00365724111907, 0.000813179067336, -0.0015654147137, -0.00232936674729, -0.000121910379676, -0.000365062849596, -0.00915104430169, 0.026542339474, -0.0165852177888, 0.00615689484403, -0.000380882644095, -0.00541227310896], [-0.000881295709405, 0.0050130658783, -0.00203449721448, 0.00243348884396, -0.000153079585289, -0.00569706875831, 0.00387339666486, 0.0031324471347, -0.0165852177888, 0.0325628891587, -0.0142049519345, -0.000883153814357, 0.00204894598573], [0.000750065606553, -0.00564593449235, 0.00303800404072, -0.00330063118599, -0.000240469584242, 0.00208592950366, -0.00167966354638, -0.00551173044369, 0.00615689484403, -0.0142049519345, 0.023096287623, -0.00840149912983, 0.00129937368911], [-0.000998744275421, 0.00465158745646, -0.00192226108629, 0.00468763429672, -0.000139478186611, -0.000106091385533, -0.00399574683979, 0.00194879237097, -0.000380882644095, -0.000883153814357, -0.00840149912983, 0.0304450299591, -0.0144675308838], [0.000644608517177, -0.00198202696629, 0.00133522192482, -0.00252388254739, 0.00102443119977, -0.00109748099931, 0.00170138152316, 0.000852405617479, -0.00541227310896, 0.00204894598573, 0.00129937368911, -0.0144675308838, 0.0252320934087]]
    },
    "melbands": {
        "dmean": [0.000928944908082, 0.00135217607021, 0.00141529948451, 0.000463822245365, 0.000176405737875, 0.000132052635308, 0.000128350162413, 0.000114365961053, 7.36872534617e-05, 7.75012158556e-05, 9.82441197266e-05, 9.64300415944e-05, 8.54942991282e-05, 7.46901132516e-05, 5.6586413848e-05, 4.09237727581e-05, 4.04558268201e-05, 4.03242593165e-05, 3.14329372486e-05, 2.56194489339e-05, 1.93006289919e-05, 1.75952045538e-05, 1.45854155562e-05, 1.42158341987e-05, 8.54579229781e-06, 8.47184037411e-06, 8.61928401719e-06, 6.17596606389e-06, 4.65369339508e-06, 4.29126339441e-06, 3.60514604836e-06, 2.63298511527e-06, 2.39904670707e-06, 1.94311087398e-06, 1.56335261181e-06, 1.13917462841e-06, 7.79411436724e-07, 6.26228256806e-07, 4.27533393577e-07, 3.60750874506e-07],
        "dmean2": [0.0012236784678, 0.00213332823478, 0.0023333763238, 0.000760910625104, 0.000304673420032, 0.000211566060898, 0.000224400850129, 0.000192423089175, 0.000124792917632, 0.000131293869345, 0.000175144319655, 0.00017302451306, 0.000148927065311, 0.000129598862259, 9.39466699492e-05, 6.72824826324e-05, 6.78297219565e-05, 6.34354000795e-05, 5.04384224769e-05, 4.29305946454e-05, 3.14401768264e-05, 2.80961230601e-05, 2.31468238781e-05, 2.29112247325e-05, 1.38840132422e-05, 1.36784574352e-05, 1.37622610055e-05, 9.51189122134e-06, 7.334910606e-06, 6.90092656441e-06, 5.68115819988e-06, 4.14473970523e-06, 3.64470383829e-06, 2.78296124634e-06, 2.31766966863e-06, 1.69844884113e-06, 1.18125751669e-06, 9.40696111229e-07, 6.53475808576e-07, 5.39526183729e-07],
        "dvar": [1.50012044742e-06, 3.53224868377e-06, 1.08492558866e-05, 9.42462293096e-07, 1.3297064072e-07, 5.21513499052e-08, 5.94399125475e-08, 3.69800474687e-08, 1.34471696001e-08, 1.30988748737e-08, 3.43364199296e-08, 3.90893362123e-08, 2.09585042654e-08, 1.7244250472e-08, 7.0411898534e-09, 3.85926401947e-09, 4.38714264916e-09, 5.86286574844e-09, 2.76162626101e-09, 2.04807282245e-09, 1.04295283521e-09, 8.87728335286e-10, 5.51162060436e-10, 5.57160262371e-10, 1.7616139103e-10, 1.55280330261e-10, 2.05300901279e-10, 1.0202336892e-10, 4.95207971851e-11, 7.06874281331e-11, 3.51932163967e-11, 1.7280133921e-11, 1.53520841872e-11, 7.16404453122e-12, 4.76354762927e-12, 2.66400356635e-12, 1.33877446889e-12, 8.37171315344e-13, 4.03499987329e-13, 3.41740524767e-13],
        "dvar2": [2.69354063676e-06, 9.55048471951e-06, 2.750665044e-05, 2.21307891479e-06, 3.65957617987e-07, 1.22671266922e-07, 1.69613201706e-07, 9.29608887645e-08, 3.64244989726e-08, 3.54157165816e-08, 9.8105161328e-08, 1.10862295344e-07, 5.67034987853e-08, 4.98804695326e-08, 1.80257107019e-08, 9.90654225319e-09, 1.17661427268e-08, 1.35609043994e-08, 6.26773033474e-09, 5.36167998888e-09, 2.54499554764e-09, 2.02981675912e-09, 1.29065180765e-09, 1.36179001409e-09, 4.43279413176e-10, 3.7785977125e-10, 4.88680373945e-10, 2.28250696122e-10, 1.09309589158e-10, 1.7337083158e-10, 8.28152268983e-11, 3.8714892403e-11, 3.43469488961e-11, 1.40766920689e-11, 9.95125943454e-12, 5.57786108968e-12, 3.0800954235e-12, 1.87632223127e-12, 9.32955102062e-13, 7.53307572571e-13],
        "max": [0.0108220586553, 0.017387887463, 0.0272832475603, 0.00783924199641, 0.00331044755876, 0.00239139795303, 0.00244772294536, 0.00271699135192, 0.00142430886626, 0.00133846164681, 0.00219459086657, 0.00187300355174, 0.0025481658522, 0.00163427635562, 0.000949736509938, 0.000889890769031, 0.0009252182208, 0.00118435150944, 0.000757148838602, 0.000804639188573, 0.000468707730761, 0.000374672294129, 0.00033196376171, 0.000437944516307, 0.000155075540533, 0.000145293030073, 0.000168319893419, 0.000119585398352, 0.000103721591586, 9.73813002929e-05, 6.92893445375e-05, 3.66712920368e-05, 4.99944399053e-05, 2.75662150671e-05, 2.39682740357e-05, 2.35690786212e-05, 1.75255609065e-05, 1.03126867543e-05, 7.62644003771e-06, 1.11693479994e-05],
        "mean": [0.00192562537268, 0.00256217573769, 0.00156811077613, 0.000505395990331, 0.000206963144592, 0.000175597961061, 0.000166543832165, 0.000157614835189, 0.00010091382137, 0.000106325423985, 0.000113578586024, 9.9022872746e-05, 0.000102956168121, 9.52969276113e-05, 8.77984493854e-05, 6.41533188173e-05, 5.45461989532e-05, 5.64147194382e-05, 4.53446991742e-05, 3.51767521352e-05, 2.67978557531e-05, 2.44639923039e-05, 1.95847333089e-05, 1.79926973942e-05, 1.19401247503e-05, 1.17768649943e-05, 1.18351345009e-05, 8.96524215932e-06, 6.85598934069e-06, 5.69756775803e-06, 5.19265313415e-06, 3.82211510441e-06, 3.4918170968e-06, 2.82184714706e-06, 2.29599640988e-06, 1.63010440701e-06, 1.14724161904e-06, 8.94888444236e-07, 6.23667176569e-07, 5.1308336424e-07],
        "median": [0.0006163418293, 0.00154420430772, 0.000730838452, 0.00020905972633, 0.00010884146468, 7.8545876022e-05, 8.99044389371e-05, 9.55402647378e-05, 6.2780774897e-05, 6.22841107543e-05, 5.63006542507e-05, 4.2061219574e-05, 5.32869671588e-05, 4.81202259834e-05, 4.36072514276e-05, 3.41502745869e-05, 2.77355884464e-05, 2.10917751247e-05, 2.04504667636e-05, 1.64715365827e-05, 1.27434186652e-05, 1.05544759208e-05, 8.78094488144e-06, 8.48776380735e-06, 6.22512925474e-06, 6.3693919401e-06, 5.7461616052e-06, 4.27470513387e-06, 3.34285164172e-06, 2.57348528976e-06, 2.50013431469e-06, 2.18221862269e-06, 1.73714420271e-06, 1.45492276715e-06, 1.170668952e-06, 9.0529482577e-07, 6.8486639293e-07, 5.18087858836e-07, 3.61052400422e-07, 2.86323853516e-07],
        "min": [4.23732848707e-24, 4.06545068418e-24, 3.05190582429e-24, 7.89376820253e-24, 1.78916224991e-23, 8.52837445748e-24, 9.45069642837e-24, 3.83643805251e-24, 8.47824076923e-24, 1.34911765095e-23, 1.0140799048e-23, 6.64338422471e-24, 5.81641581574e-24, 5.17987132954e-24, 9.30034663958e-24, 6.28608466605e-24, 7.82227452755e-24, 8.43067166779e-24, 6.10266543368e-24, 9.95383822461e-24, 5.22112441615e-24, 7.20685731412e-24, 1.18649089878e-23, 1.24512487882e-23, 1.14294546126e-23, 1.00282143973e-23, 9.45348899598e-24, 1.43977954152e-23, 8.91509379475e-24, 7.95488204572e-24, 9.99639095956e-24, 9.29265761234e-24, 1.21944658861e-23, 1.20463982719e-23, 1.18378605251e-23, 8.54225840942e-24, 8.52879334262e-24, 9.42958256624e-24, 9.4814312381e-24, 9.75908739977e-24],
        "var": [6.29027044852e-06, 7.20941079635e-06, 9.24405503611e-06, 8.66945867983e-07, 1.02720619566e-07, 7.36004892588e-08, 5.39068629735e-08, 4.73099284193e-08, 1.52550541088e-08, 1.646310821e-08, 2.96994464577e-08, 2.87430861334e-08, 2.10841459847e-08, 1.79374186615e-08, 1.26271295642e-08, 6.4045662107e-09, 5.57592727546e-09, 1.00629593547e-08, 4.42198411221e-09, 2.67195376935e-09, 1.49689483031e-09, 1.39632438945e-09, 8.16217982091e-10, 6.98751445594e-10, 2.42879216739e-10, 2.2214707851e-10, 2.77842443497e-10, 1.59901591967e-10, 8.35009353328e-11, 8.77086736573e-11, 5.17935069833e-11, 2.48651464002e-11, 2.24708359559e-11, 1.20733327849e-11, 7.82706972152e-12, 3.98025319301e-12, 1.92717131316e-12, 1.21787280781e-12, 5.91334544265e-13, 4.73989283153e-13]
    },
    "mfcc": {
        "mean": [-631.966918945, 110.788619995, 1.45393395424, 20.7113685608, 1.48399829865, 14.1970491409, 4.40720939636, 8.07871055603, 1.37100756168, 4.81430006027, 0.780521571636, 1.40149497986, 0.277505785227],
        "cov": [[7104.79248047, -498.864471436, -1259.33874512, -36.5023117065, 367.023773193, 357.058868408, 218.911239624, 85.7195053101, 15.4554405212, 26.677154541, 56.8539810181, 131.222045898, 143.77166748], [-498.864471436, 808.473205566, 102.515419006, 42.3203926086, 64.057144165, 63.4608268738, 94.0251846313, 56.7898216248, -2.93029665947, 24.592792511, 43.1365242004, 37.5928611755, 27.076795578], [-1259.33874512, 102.515419006, 678.636413574, 88.9569549561, -88.6985397339, -72.4175872803, -69.1059265137, -31.5768108368, 4.62434244156, -11.1402101517, -36.9906578064, -48.1186561584, -59.7375602722], [-36.5023117065, 42.3203926086, 88.9569549561, 192.685012817, 75.3831176758, 51.0030555725, 37.6303482056, 30.493019104, 14.4104890823, 32.3506355286, 16.1447181702, 4.9580783844, 3.74882984161], [367.023773193, 64.057144165, -88.6985397339, 75.3831176758, 181.191452026, 112.636322021, 59.9452285767, 29.4395294189, 33.2365493774, 45.2656440735, 45.3576202393, 38.4142951965, 32.9959831238], [357.058868408, 63.4608268738, -72.4175872803, 51.0030555725, 112.636322021, 184.167495728, 71.4463424683, 40.0334091187, 45.9530715942, 34.9480819702, 39.0543937683, 41.7063522339, 35.4420280457], [218.911239624, 94.0251846313, -69.1059265137, 37.6303482056, 59.9452285767, 71.4463424683, 137.535263062, 73.8485717773, 21.0259361267, 38.8610343933, 50.1344947815, 42.8666687012, 40.9419059753], [85.7195053101, 56.7898216248, -31.5768108368, 30.493019104, 29.4395294189, 40.0334091187, 73.8485717773, 102.659942627, 48.3296775818, 32.7034034729, 35.4681587219, 31.2076206207, 30.2510948181], [15.4554405212, -2.93029665947, 4.62434244156, 14.4104890823, 33.2365493774, 45.9530715942, 21.0259361267, 48.3296775818, 93.1287536621, 43.1302604675, 26.5299072266, 24.6666259766, 21.095085144], [26.677154541, 24.592792511, -11.1402101517, 32.3506355286, 45.2656440735, 34.9480819702, 38.8610343933, 32.7034034729, 43.1302604675, 77.6159973145, 53.2464485168, 28.0230255127, 26.2698783875], [56.8539810181, 43.1365242004, -36.9906578064, 16.1447181702, 45.3576202393, 39.0543937683, 50.1344947815, 35.4681587219, 26.5299072266, 53.2464485168, 88.9866714478, 58.1954460144, 38.0170631409], [131.222045898, 37.5928611755, -48.1186561584, 4.9580783844, 38.4142951965, 41.7063522339, 42.8666687012, 31.2076206207, 24.6666259766, 28.0230255127, 58.1954460144, 78.2789840698, 51.4913482666], [143.77166748, 27.076795578, -59.7375602722, 3.74882984161, 32.9959831238, 35.4420280457, 40.9419059753, 30.2510948181, 21.095085144, 26.2698783875, 38.0170631409, 51.4913482666, 71.2637405396]],
