{
"lowlevel": {
    "average_loudness": 0.904931128025,
    "barkbands_crest": {
        "dmean": 2.51523423195,
        "dmean2": 4.09699106216,
        "dvar": 5.97744226456,
        "dvar2": 15.6031761169,
        "max": 25.5741214752,
        "mean": 9.0265007019,
        "median": 8.18999958038,
        "min": 2.26262378693,
        "var": 14.9549274445
    },
    "barkbands_flatness_db": {
        "dmean": 0.0185322258621,
        "dmean2": 0.0302895735949,
        "dvar": 0.00043098279275,
        "dvar2": 0.0010668176692,
        "max": 0.533366560936,
        "mean": 0.103373251855,
        "median": 0.0873196795583,
        "min": 0.028508676216,
        "var": 0.00319795613177
    },
    "barkbands_kurtosis": {
        "dmean": 2.45903253555,
        "dmean2": 4.00163507462,
        "dvar": 65.8971176147,
        "dvar2": 144.585769653,
        "max": 273.87109375,
        "mean": 3.44092202187,
        "median": 0.962174415588,
        "min": -1.77079224586,
        "var": 212.332122803
    },
    "barkbands_skewness": {
        "dmean": 0.46749818325,
        "dmean2": 0.762029469013,
        "dvar": 0.340345859528,
        "dvar2": 0.787449538708,
        "max": 12.9184970856,
        "mean": 1.5053383112,
        "median": 1.32393980026,
        "min": -1.99384176731,
        "var": 1.28743743896
    },
    "barkbands_spread": {
        "dmean": 4.96628952026,
        "dmean2": 8.26618003845,
        "dvar": 24.5251541138,
        "dvar2": 65.4878082275,
        "max": 135.494232178,
        "mean": 26.520778656,
        "median": 27.5636882782,
        "min": 0.32273876667,
        "var": 98.5747833252
    },
    "dissonance": {
        "dmean": 0.0118743777275,
        "dmean2": 0.0201212931424,
        "dvar": 0.000129752355861,
        "dvar2": 0.000364465056919,
        "max": 0.500000059605,
        "mean": 0.478290468454,
        "median": 0.481560498476,
        "min": 0.36324608326,
        "var": 0.000237594169448
    },
    "dynamic_complexity": 3.27771425247,
    "erbbands_crest": {
        "dmean": 1.7255423069,
        "dmean2": 2.86105632782,
        "dvar": 3.15056347847,
        "dvar2": 8.36214065552,
        "max": 24.5642929077,
        "mean": 6.14024591446,
        "median": 5.42755365372,
        "min": 2.27243494987,
        "var": 6.87120723724
    },
    "erbbands_flatness_db": {
        "dmean": 0.00975156016648,
        "dmean2": 0.0156954340637,
        "dvar": 9.40480240388e-05,
        "dvar2": 0.000230185556575,
        "max": 0.363391041756,
        "mean": 0.127233579755,
        "median": 0.113069824874,
        "min": 0.0297222621739,
        "var": 0.00218469696119
    },
    "erbbands_kurtosis": {
        "dmean": 0.367604583502,
        "dmean2": 0.605891883373,
        "dvar": 0.193957492709,
        "dvar2": 0.511790156364,
        "max": 7.87771511078,
        "mean": -0.434414863586,
        "median": -0.544905424118,
        "min": -1.76120054722,
        "var": 0.358585745096
    },
    "erbbands_skewness": {
        "dmean": 0.237609788775,
        "dmean2": 0.374067336321,
        "dvar": 0.0470904186368,
        "dvar2": 0.117534451187,
        "max": 2.63034582138,
        "mean": 0.0374522916973,
        "median": 0.0195305161178,
        "min": -1.64598321915,
        "var": 0.140813410282
    },
    "erbbands_spread": {
        "dmean": 5.83178186417,
        "dmean2": 9.54414081573,
        "dvar": 35.6860580444,
        "dvar2": 91.0274505615,
        "max": 137.406082153,
        "mean": 40.2887649536,
        "median": 39.6298065186,
        "min": 8.57917881012,
        "var": 130.903259277
    },
    "hfc": {
        "dmean": 6.38479614258,
        "dmean2": 10.2574071884,
        "dvar": 73.806640625,
        "dvar2": 186.900558472,
        "max": 109.2759552,
        "mean": 28.8494358063,
        "median": 29.3325653076,
        "min": 1.14995773723e-16,
        "var": 262.650512695
    },
    "melbands_crest": {
        "dmean": 3.49308252335,
        "dmean2": 5.67585277557,
        "dvar": 10.2197055817,
        "dvar2": 26.3325405121,
        "max": 36.7524909973,
        "mean": 15.0922269821,
        "median": 14.0948266983,
        "min": 1.64477145672,
        "var": 35.4801521301
    },
    "melbands_flatness_db": {
        "dmean": 0.024440381676,
        "dmean2": 0.0397053323686,
        "dvar": 0.000684148166329,
        "dvar2": 0.00170639506541,
        "max": 0.675921142101,
        "mean": 0.178975269198,
        "median": 0.166181564331,
        "min": 0.00435997499153,
        "var": 0.00425077509135
    },
    "melbands_kurtosis": {
        "dmean": 6.07656383514,
        "dmean2": 9.94972705841,
        "dvar": 236.61958313,
        "dvar2": 528.342590332,
        "max": 702.964660645,
        "mean": 12.2101926804,
        "median": 6.57843494415,
        "min": -1.52148008347,
        "var": 1027.74743652
    },
    "melbands_skewness": {
        "dmean": 0.656191647053,
        "dmean2": 1.05882370472,
        "dvar": 0.620080471039,
        "dvar2": 1.50669133663,
        "max": 23.309387207,
        "mean": 2.65512895584,
        "median": 2.38014626503,
        "min": -0.345918357372,
        "var": 2.31580924988
    },
    "melbands_spread": {
        "dmean": 6.34752321243,
        "dmean2": 10.533706665,
        "dvar": 42.6794891357,
        "dvar2": 110.673461914,
        "max": 207.429870605,
        "mean": 25.5796413422,
        "median": 24.4734611511,
        "min": 0.276825636625,
        "var": 194.711853027
    },
    "pitch_salience": {
        "dmean": 0.0741327628493,
        "dmean2": 0.120615243912,
        "dvar": 0.00470213964581,
        "dvar2": 0.0119671411812,
        "max": 0.911958396435,
        "mean": 0.544040977955,
        "median": 0.550782561302,
        "min": 0.0701501294971,
        "var": 0.012528273277
    },
    "silence_rate_20dB": {
        "dmean": 0,
        "dmean2": 0,
        "dvar": 0,
        "dvar2": 0,
        "max": 1,
        "mean": 1,
        "median": 1,
        "min": 1,
        "var": 0
    },
    "silence_rate_30dB": {
        "dmean": 0.0301409829408,
        "dmean2": 0.0602892898023,
        "dvar": 0.0292354151607,
        "dvar2": 0.0651631131768,
        "max": 1,
        "mean": 0.97241461277,
        "median": 1,
        "min": 0,
        "var": 0.0268254112452
    },
    "silence_rate_60dB": {
        "dmean": 0.00777831813321,
        "dmean2": 0.0155585268512,
        "dvar": 0.00771833723411,
        "dvar2": 0.0172625407577,
        "max": 1,
        "mean": 0.08530806005,
        "median": 0,
        "min": 0,
        "var": 0.0780290663242
    },
    "spectral_centroid": {
        "dmean": 219.966018677,
        "dmean2": 363.529144287,
        "dvar": 54096.453125,
        "dvar2": 125029.476562,
        "max": 11461.6230469,
        "mean": 1634.44140625,
        "median": 1698.35437012,
        "min": 120.642829895,
        "var": 322317.78125
    },
    "spectral_complexity": {
        "dmean": 4.26883792877,
        "dmean2": 6.74073171616,
        "dvar": 17.2525653839,
        "dvar2": 39.0881919861,
        "max": 58,
        "mean": 31.8482189178,
        "median": 35,
        "min": 0,
        "var": 175.378067017
    },
    "spectral_decrease": {
        "dmean": 3.91989996018e-09,
        "dmean2": 6.71794264662e-09,
        "dvar": 4.26374945126e-17,
        "dvar2": 1.1608301992e-16,
        "max": 4.49266041562e-29,
        "mean": -1.13027720516e-08,
        "median": -1.05398134664e-08,
        "min": -8.78181722896e-08,
        "var": 5.9302305267e-17
    },
    "spectral_energy": {
        "dmean": 0.0151725122705,
        "dmean2": 0.0259255208075,
        "dvar": 0.000626421940979,
        "dvar2": 0.00170138431713,
        "max": 0.337263435125,
        "mean": 0.0452758483589,
        "median": 0.0427153706551,
        "min": 1.04541630364e-20,
        "var": 0.000900790269952
    },
    "spectral_energyband_high": {
        "dmean": 0.000459147733636,
        "dmean2": 0.000781318289228,
        "dvar": 5.16983732268e-07,
        "dvar2": 1.38994676036e-06,
        "max": 0.00831871014088,
        "mean": 0.001259721932,
        "median": 0.00116966152564,
        "min": 7.40061611166e-21,
        "var": 8.3491784153e-07
    },
    "spectral_energyband_low": {
        "dmean": 0.0122779607773,
        "dmean2": 0.0211172644049,
        "dvar": 0.000566465023439,
        "dvar2": 0.00155747297686,
        "max": 0.309491127729,
        "mean": 0.0236497502774,
        "median": 0.0178659278899,
        "min": 2.02142483074e-23,
        "var": 0.00060518149985
    },
    "spectral_energyband_middle_high": {
        "dmean": 0.00179875525646,
        "dmean2": 0.00277274125256,
        "dvar": 4.13550287703e-06,
        "dvar2": 9.72026373347e-06,
        "max": 0.0308011677116,
        "mean": 0.00793845392764,
        "median": 0.00781361013651,
        "min": 1.45724333793e-21,
        "var": 2.4191391276e-05
    },
    "spectral_energyband_middle_low": {
        "dmean": 0.00460336031392,
        "dmean2": 0.00761413667351,
        "dvar": 4.08437263104e-05,
        "dvar2": 0.000110343462438,
        "max": 0.0767852142453,
        "mean": 0.0129329822958,
        "median": 0.0114122405648,
        "min": 2.10571461846e-22,
        "var": 8.7723332399e-05
    },
    "spectral_entropy": {
        "dmean": 0.0988789871335,
        "dmean2": 0.156996428967,
        "dvar": 0.0125409010798,
        "dvar2": 0.0301832202822,
        "max": 9.8168258667,
        "mean": 7.83539056778,
        "median": 7.9073548317,
        "min": 5.67380523682,
        "var": 0.0925198048353
    },
    "spectral_flux": {
        "dmean": 0.0307824667543,
        "dmean2": 0.0466946028173,
        "dvar": 0.00145422422793,
        "dvar2": 0.00282254698686,
        "max": 0.43127694726,
        "mean": 0.102574214339,
        "median": 0.0948164910078,
        "min": 6.4443707315e-11,
        "var": 0.00327007123269
    },
    "spectral_kurtosis": {
        "dmean": 1.33033299446,
        "dmean2": 2.32312250137,
        "dvar": 7.61129379272,
        "dvar2": 24.04246521,
        "max": 71.6527099609,
        "mean": 4.462703228,
        "median": 3.62365865707,
        "min": -1.23987627029,
        "var": 20.2819271088
    },
    "spectral_rms": {
        "dmean": 0.000982528901659,
        "dmean2": 0.00164281891193,
        "dvar": 1.64406628755e-06,
        "dvar2": 4.34816683992e-06,
        "max": 0.0181393902749,
        "mean": 0.00619784230366,
        "median": 0.0064555038698,
        "min": 3.19361594461e-12,
        "var": 5.75834292249e-06
    },
    "spectral_rolloff": {
        "dmean": 394.949493408,
        "dmean2": 672.486572266,
        "dvar": 235602.3125,
        "dvar2": 558168.25,
        "max": 18927.6855469,
        "mean": 1340.74108887,
        "median": 1248.92578125,
        "min": 64.599609375,
        "var": 1329504.25
    },
    "spectral_skewness": {
        "dmean": 0.163291573524,
        "dmean2": 0.277479141951,
        "dvar": 0.0442198514938,
        "dvar2": 0.133152723312,
        "max": 6.13372659683,
        "mean": 1.44149565697,
        "median": 1.39969372749,
        "min": -0.048117492348,
        "var": 0.162735059857
    },
    "spectral_spread": {
        "dmean": 318982.78125,
        "dmean2": 516066.46875,
        "dvar": 336010674176,
        "dvar2": 570233061376,
        "max": 41517092,
        "mean": 4419804,
        "median": 4509925.5,
        "min": 968262.625,
        "var": 2.38507052237e+12
    },
    "spectral_strongpeak": {
        "dmean": 0.32724148035,
        "dmean2": 0.57731038332,
        "dvar": 0.327931910753,
        "dvar2": 0.840490400791,
        "max": 6.3783826828,
        "mean": 0.456561803818,
        "median": 0.234570369124,
        "min": 0,
        "var": 0.414272338152
    },
    "zerocrossingrate": {
        "dmean": 0.00718173431233,
        "dmean2": 0.00925603695214,
        "dvar": 9.99133408186e-05,
        "dvar2": 0.000139497671626,
        "max": 0.84326171875,
        "mean": 0.0573199093342,
        "median": 0.0556640625,
        "min": 0.001953125,
        "var": 0.00140215852298
    },
    "barkbands": {
        "dmean": [0.00164699042216, 0.009157855995, 0.00364852463827, 0.00133745616768, 0.00192680081818, 0.00145999900997, 0.00111912551802, 0.00054771557916, 0.000930364185479, 0.000366821215721, 0.000562089378946, 0.000567250710446, 0.000425411970355, 0.000397787807742, 0.000383838225389, 0.000474414613564, 0.000344892265275, 0.00021258131892, 0.000259210501099, 0.000203651652555, 0.000177768873982, 0.000121285556816, 6.93786496413e-05, 5.19213172083e-05, 3.25707660522e-05, 1.51979711518e-05, 4.0221962081e-06],
        "dmean2": [0.0028061978519, 0.0156125864014, 0.00644055102021, 0.00228713871911, 0.00326880859211, 0.00234386743978, 0.00182143528946, 0.000882546242792, 0.00146058364771, 0.000610625196714, 0.000851865741424, 0.000896459736396, 0.000699854106642, 0.000650816829875, 0.000640020589344, 0.000802608090453, 0.000571699580178, 0.000357703131158, 0.000427491759183, 0.000347944209352, 0.000305203633616, 0.000210958547541, 0.000116322218673, 8.82326057763e-05, 5.53287718503e-05, 2.37337026192e-05, 6.30442355032e-06],
        "dvar": [7.94021798356e-06, 0.000329434638843, 5.69755829929e-05, 4.60393312096e-06, 1.24728794617e-05, 6.21407161816e-06, 3.31766432282e-06, 1.08192580228e-06, 1.89486479485e-06, 2.53471142742e-07, 5.95619496835e-07, 6.58790952457e-07, 3.13372339633e-07, 3.00747501569e-07, 2.89727267955e-07, 5.25457380718e-07, 3.53293017952e-07, 5.81404115962e-08, 9.50692111701e-08, 6.28855829632e-08, 7.68924479644e-08, 4.72728665102e-08, 1.29287638373e-08, 6.82668055418e-09, 1.97983651695e-09, 3.67390701195e-10, 3.11959486021e-11],
        "dvar2": [2.15515610762e-05, 0.000902584462892, 0.000162510725204, 1.25118149299e-05, 3.35675758834e-05, 1.45440608321e-05, 8.72195778356e-06, 2.51136452789e-06, 4.25091911893e-06, 6.7483716748e-07, 1.30277885546e-06, 1.58068917244e-06, 8.1836856225e-07, 7.46915475247e-07, 7.79456513555e-07, 1.41587111102e-06, 9.21312391711e-07, 1.57779183496e-07, 2.50432918847e-07, 1.74827306409e-07, 2.14616136418e-07, 1.30669249643e-07, 3.36539756063e-08, 1.83857906677e-08, 5.30379029584e-09, 8.47232894952e-10, 7.12031128502e-11],
        "max": [0.0407776869833, 0.262539058924, 0.101519390941, 0.0493733659387, 0.0439739227295, 0.0521000437438, 0.0385243631899, 0.0309792105108, 0.0293798688799, 0.00808279123157, 0.0168216526508, 0.0161714665592, 0.00711796618998, 0.00917061604559, 0.00707877520472, 0.0105734411627, 0.0107485111803, 0.00327183585614, 0.00388326286338, 0.00278194225393, 0.00387567747384, 0.00336232664995, 0.00101811857894, 0.000748408958316, 0.000456274166936, 0.000245167175308, 7.7345619502e-05],
        "mean": [0.00393801229075, 0.0144098456949, 0.00487165618688, 0.00183117482811, 0.00271526607685, 0.00289174681529, 0.00223325518891, 0.00106935144868, 0.00204975507222, 0.000649752735626, 0.00107198709156, 0.00108864507638, 0.000766149489209, 0.000728306011297, 0.000714241818059, 0.000890399969649, 0.000688149826601, 0.000511398422532, 0.0006301907124, 0.000521068228409, 0.000399057928007, 0.00021264400857, 0.000137730545248, 0.000116704584798, 8.48078780109e-05, 4.63131145807e-05, 8.39556832943e-06],
        "median": [0.00126454909332, 0.00950436294079, 0.00318590435199, 0.00102533935569, 0.00146049889736, 0.00162593927234, 0.00123392278329, 0.00050863774959, 0.00111188669689, 0.000447838654509, 0.000637224409729, 0.00072301144246, 0.000582298263907, 0.000535932544153, 0.00054953811923, 0.000719699601177, 0.000535012222826, 0.000465649121907, 0.00055608607363, 0.000490168342367, 0.000358486518962, 0.000161666088388, 0.000110793596832, 0.000103092053905, 7.94554434833e-05, 4.06565923186e-05, 5.38127369509e-06],
        "min": [9.17236480455e-25, 4.04536234123e-24, 4.36619207138e-24, 2.72273724272e-24, 1.20434337326e-23, 3.41378452329e-23, 2.87744398917e-23, 1.7841788578e-23, 2.85544486734e-23, 3.98954349021e-23, 2.83319772763e-23, 1.99737640604e-23, 6.91569238276e-23, 3.60602582382e-23, 7.46865863377e-23, 5.03733441916e-23, 9.10677942165e-23, 1.10525748952e-22, 2.06163635274e-22, 2.98240161707e-22, 3.09680209933e-22, 3.6171766567e-22, 5.1860973038e-22, 7.30225946987e-22, 8.46067331019e-22, 1.22987075439e-21, 2.13882451167e-21],
        "var": [3.05378889607e-05, 0.000321907835314, 4.50035768154e-05, 6.33431409369e-06, 1.43606685015e-05, 1.64389621204e-05, 8.15174644231e-06, 3.59504156222e-06, 6.88859245201e-06, 5.00064459175e-07, 1.89096874692e-06, 1.58222428581e-06, 5.48440937109e-07, 5.51682319383e-07, 4.69141866688e-07, 7.11448592483e-07, 5.13187330853e-07, 1.35751250241e-07, 2.44486443535e-07, 1.32552088417e-07, 1.01481326453e-07, 4.94750089786e-08, 1.82780848235e-08, 9.76484137993e-09, 3.80392872756e-09, 1.41403466714e-09, 1.00554300997e-10]
    },
    "erbbands": {
        "dmean": [0.314597457647, 2.04150509834, 4.52039051056, 3.90675091743, 6.79706573486, 5.44214820862, 9.38105678558, 11.9171934128, 13.4834327698, 14.8252239227, 15.0034732819, 18.3668403625, 13.0313310623, 19.7528209686, 13.9482879639, 20.9998474121, 19.8900547028, 17.8941040039, 17.4232940674, 18.9117698669, 26.8770465851, 16.420835495, 11.6585617065, 14.3904304504, 10.1731395721, 9.26162147522, 7.59440565109, 6.78326320648, 5.07606840134, 2.64273309708, 1.86836791039, 1.41166353226, 0.741538822651, 0.439305245876, 0.205993026495, 0.0812091752887, 0.0269485041499, 0.00698403688148, 0.000647051609121, 2.2588246793e-05],
        "dmean2": [0.530179917812, 3.50095462799, 8.00203895569, 6.71840667725, 11.7756795883, 9.16837596893, 14.6972618103, 19.4100780487, 22.111328125, 24.3760948181, 23.185962677, 29.1922454834, 21.1427268982, 30.0368366241, 22.0780715942, 33.399017334, 32.2662391663, 29.1718063354, 28.5472602844, 31.426607132, 45.2553939819, 27.1975002289, 19.6796302795, 23.7612266541, 17.1961669922, 15.8349428177, 12.9674758911, 11.8845682144, 8.90515136719, 4.35341644287, 3.17997503281, 2.41720700264, 1.25340473652, 0.749774992466, 0.34807062149, 0.13121150434, 0.0428614914417, 0.0108955251053, 0.00102223991416, 3.73421680706e-05],
        "dvar": [0.215510383248, 22.4708366394, 104.124458313, 40.0547370911, 162.548080444, 95.7734909058, 335.877197266, 367.748443604, 562.398681641, 568.057678223, 597.112548828, 869.070495605, 322.05090332, 799.154541016, 317.858001709, 968.248901367, 641.00579834, 629.346618652, 660.008850098, 953.567565918, 1600.00061035, 629.559265137, 192.895828247, 302.482849121, 149.024902344, 134.411270142, 94.8037261963, 165.300552368, 93.6260452271, 15.6628484726, 10.3160295486, 6.32363510132, 1.03364562988, 0.363336712122, 0.0715724900365, 0.00980760902166, 0.00121313298587, 9.29115267354e-05, 8.72220653036e-07, 1.02404063007e-09],
        "dvar2": [0.612256169319, 60.5193023682, 294.878631592, 110.610809326, 452.337677002, 253.056213379, 736.813842773, 906.178222656, 1486.57226562, 1483.61535645, 1318.54846191, 1892.35266113, 802.654724121, 1754.52429199, 750.418884277, 2382.42871094, 1660.82519531, 1535.68286133, 1751.3770752, 2501.22851562, 4232.59423828, 1636.17626953, 527.446655273, 780.838378906, 419.746337891, 371.511383057, 259.789123535, 469.098815918, 261.423980713, 38.9140625, 27.6709461212, 17.4184188843, 2.74137854576, 0.968795478344, 0.192927867174, 0.0238579679281, 0.00289463205263, 0.000220662856009, 2.04417733585e-06, 2.6770758943e-09],
        "max": [5.82707071304, 63.0326652527, 135.732269287, 98.6045608521, 163.118621826, 137.345153809, 282.316497803, 417.043182373, 542.670837402, 385.550598145, 596.228210449, 836.442138672, 440.971252441, 656.510131836, 374.603851318, 631.648010254, 325.990966797, 413.642028809, 670.376953125, 520.41809082, 631.699401855, 470.575561523, 223.671966553, 247.18699646, 160.86328125, 129.812088013, 121.539100647, 191.748046875, 158.480606079, 42.3248786926, 35.7907066345, 27.0606613159, 10.7440319061, 5.63370895386, 3.07463049889, 1.24012541771, 0.441003143787, 0.124496020377, 0.0140077080578, 0.00042888140888],
        "mean": [0.599896132946, 2.51924419403, 5.698533535, 6.12761259079, 8.26070976257, 8.30745983124, 16.1549625397, 24.5185203552, 28.2996578217, 28.3081130981, 33.5704193115, 39.6376609802, 27.4147605896, 39.1326141357, 29.5995941162, 41.2081985474, 40.5057411194, 36.3751373291, 36.1420593262, 39.050491333, 54.2828598022, 36.4984664917, 28.4750709534, 36.1739883423, 27.0137577057, 23.369556427, 18.7930431366, 13.0944433212, 8.5076417923, 5.33725547791, 3.65226984024, 2.68246507645, 1.78325080872, 1.06430959702, 0.536001324654, 0.237312868237, 0.0782876387239, 0.0184078551829, 0.00127230107319, 7.4799034337e-05],
        "median": [0.382667928934, 1.43668913841, 3.71766757965, 4.3305106163, 4.13112783432, 4.24759817123, 7.68265485764, 14.3952503204, 17.5480270386, 16.3875961304, 15.7411775589, 22.2971858978, 19.1207332611, 23.5275802612, 21.9842414856, 28.1329097748, 31.5656261444, 27.7727565765, 29.8797569275, 31.9111785889, 43.846031189, 30.0625934601, 25.5593948364, 32.1188316345, 26.065946579, 22.0928974152, 17.6361312866, 10.9437942505, 6.42798089981, 4.22216320038, 2.96876168251, 2.18254971504, 1.63803637028, 0.984259665012, 0.499956846237, 0.21159863472, 0.0684936270118, 0.0147286001593, 0.000773775100242, 7.08346196916e-05],
        "min": [2.1018447824e-22, 6.06098368006e-22, 4.72477124448e-21, 9.05522856056e-21, 7.9533157403e-21, 3.79197945864e-20, 1.37526221462e-19, 2.16554126608e-19, 3.62176404165e-19, 3.9573964526e-19, 5.95770011951e-19, 5.99522826993e-19, 1.04754928256e-18, 1.26542958648e-18, 9.68808719276e-19, 9.60614254537e-19, 3.58331622149e-18, 2.38868295568e-18, 4.79319938906e-18, 4.67961466966e-18, 3.48569236559e-18, 6.06242614815e-18, 6.30896691613e-18, 7.36224659577e-18, 1.17307586371e-17, 1.28499836367e-17, 1.37315563376e-17, 1.19527540611e-17, 1.27130008729e-17, 1.17008643297e-17, 1.49893481519e-17, 1.43296418349e-17, 9.96300997512e-18, 9.36377221525e-18, 5.62719721063e-18, 3.95642844449e-18, 2.2148788673e-18, 1.08159210746e-18, 2.85643637639e-19, 2.97176978145e-20],
        "var": [0.370812922716, 18.2067909241, 75.8115463257, 48.8870277405, 154.8644104, 136.954849243, 732.159423828, 1036.85437012, 1282.32092285, 1201.48120117, 2418.20532227, 2858.3918457, 900.33392334, 2517.28369141, 865.744628906, 2161.63476562, 1363.92687988, 1265.46557617, 1048.57714844, 1411.21166992, 2473.3215332, 1076.79309082, 432.916992188, 829.342468262, 335.608703613, 271.499328613, 176.1459198, 159.545883179, 87.0523834229, 27.2565460205, 12.8729028702, 7.06413936615, 1.88113594055, 0.628473937511, 0.155823171139, 0.0340727083385, 0.00418403372169, 0.000314463919494, 2.49502591032e-06, 2.19898410592e-09]
    },
    "gfcc": {
        "mean": [32.3385658264, 87.3753051758, -118.331565857, 34.7532310486, -46.0354919434, 13.4586486816, -29.1312599182, 13.9446401596, -21.0243167877, 10.3998422623, -13.8221826553, 3.37332081795, -9.6416721344],
        "cov": [[20272.1699219, -2601.68432617, 862.409545898, 1439.62011719, -494.671142578, 1070.28833008, -260.084960938, 1018.34637451, -26.1907196045, 731.207946777, -202.411178589, 431.846496582, -280.0184021], [-2601.68432617, 1268.97705078, -407.347991943, -175.687332153, 174.153884888, -341.397186279, 115.990402222, -266.819763184, 27.2394256592, -191.889572144, 62.0314826965, -163.86479187, 103.638565063], [862.409545898, -407.347991943, 554.520507812, 162.08114624, 9.16387176514, 238.840942383, 15.795715332, 142.451065063, 47.8655738831, 79.2489547729, -8.29389572144, 92.3834609985, -42.148765564], [1439.62011719, -175.687332153, 162.08114624, 298.261779785, -6.28125715256, 139.440048218, 8.96564483643, 88.4260559082, 30.6794109344, 54.0407371521, -3.41648554802, 16.8578281403, -9.42896652222], [-494.671142578, 174.153884888, 9.16387176514, -6.28125715256, 184.001403809, -9.61341381073, 80.2779769897, -9.46333885193, 15.5547676086, -5.92400026321, 21.8581256866, -11.2571964264, 21.761428833], [1070.28833008, -341.397186279, 238.840942383, 139.440048218, -9.61341381073, 228.143005371, 10.8865194321, 132.453567505, 23.15209198, 72.4871826172, -8.70930671692, 52.1815109253, -38.5976753235], [-260.084960938, 115.990402222, 15.795715332, 8.96564483643, 80.2779769897, 10.8865194321, 105.986946106, 18.0770893097, 36.3040161133, -3.45084786415, 14.5227003098, -13.756149292, 10.0393829346], [1018.34637451, -266.819763184, 142.451065063, 88.4260559082, -9.46333885193, 132.453567505, 18.0770893097, 158.109008789, 34.4905891418, 75.3527526855, -13.9662714005, 32.5160827637, -28.7991256714], [-26.1907196045, 27.2394256592, 47.8655738831, 30.6794109344, 15.5547676086, 23.15209198, 36.3040161133, 34.4905891418, 75.0484008789, 25.3283042908, 18.435136795, -2.81009674072, -3.1288933754], [731.207946777, -191.889572144, 79.2489547729, 54.0407371521, -5.92400026321, 72.4871826172, -3.45084786415, 75.3527526855, 25.3283042908, 87.5670394897, 18.1137256622, 37.291683197, -16.6123371124], [-202.411178589, 62.0314826965, -8.29389572144, -3.41648554802, 21.8581256866, -8.70930671692, 14.5227003098, -13.9662714005, 18.435136795, 18.1137256622, 61.0539207458, 22.2470378876, 18.93176651], [431.846496582, -163.86479187, 92.3834609985, 16.8578281403, -11.2571964264, 52.1815109253, -13.756149292, 32.5160827637, -2.81009674072, 37.291683197, 22.2470378876, 78.3037643433, 11.2393884659], [-280.0184021, 103.638565063, -42.148765564, -9.42896652222, 21.761428833, -38.5976753235, 10.0393829346, -28.7991256714, -3.1288933754, -16.6123371124, 18.93176651, 11.2393884659, 59.1191558838]],
        "icov": [[0.000172914224095, -0.000202499257284, 0.000257119972957, -0.000731764710508, 0.000262341025518, 2.39101227635e-05, 1.22165165521e-05, -0.000501632574014, 0.000511352729518, -0.00097682827618, 0.000941138423514, -0.00115872418974, 0.000584694440477], [-0.000202499257284, 0.00350646302104, -7.87928365753e-05, 0.000735969806556, -0.00166315340903, 0.00162636418827, -0.000996403046884, 0.0017751401756, -0.00248959986493, 0.00478741899133, -0.00455520255491, 0.0054671256803, -0.00270413653925], [0.000257119972957, -7.87928365753e-05, 0.00453715398908, -0.00176104123238, -0.000673369155265, -0.00277095357887, 0.000259323423961, -0.000291902426397, -0.00199567805976, 0.000201239497983, 0.00309238699265, -0.00607053376734, 0.00267712888308], [-0.000731764710508, 0.000735969806556, -0.00176104123238, 0.00838559679687, -0.000693376874551, -0.00334111601114, 0.000498343026266, 0.00208685896359, -0.00257641007192, 0.00222719018348, -0.00389997824095, 0.00793144851923, -0.00543796783313], [0.000262341025518, -0.00166315340903, -0.000673369155265, -0.000693376874551, 0.00997621845454, -0.000457183923572, -0.00670591928065, 2.6736242944e-05, 0.00405054632574, -0.00512737082317, 0.00131276180036, -0.00112124695443, -0.000685002305545], [2.39101227635e-05, 0.00162636418827, -0.00277095357887, -0.00334111601114, -0.000457183923572, 0.015589104034, -0.00203536939807, -0.00627922592685, 0.00182693637908, 0.00175292510539, -0.00245012366213, -0.00160086876713, 0.00406483979896], [1.22165165521e-05, -0.000996403046884, 0.000259323423961, 0.000498343026266, -0.00670591928065, -0.00203536939807, 0.0194713994861, -0.00478457054123, -0.00621654093266, 0.00470015732571, -0.00227474817075, 0.00156316231005, -0.00100578321144], [-0.000501632574014, 0.0017751401756, -0.000291902426397, 0.00208685896359, 2.6736242944e-05, -0.00627922592685, -0.00478457054123, 0.0221061594784, -0.00610266393051, -0.00830108392984, 0.00606233580038, 0.00299533596262, -0.00305772852153], [0.000511352729518, -0.00248959986493, -0.00199567805976, -0.00257641007192, 0.00405054632574, 0.00182693637908, -0.00621654093266, -0.00610266393051, 0.0253712553531, -0.00954881031066, -0.00345630408265, 0.00181627878919, 0.00215840595774], [-0.00097682827618, 0.00478741899133, 0.000201239497983, 0.00222719018348, -0.00512737082317, 0.00175292510539, 0.00470015732571, -0.00830108392984, -0.00954881031066, 0.0400183871388, -0.0195942781866, 0.002916529309, 0.00212915986776], [0.000941138423514, -0.00455520255491, 0.00309238699265, -0.00389997824095, 0.00131276180036, -0.00245012366213, -0.00227474817075, 0.00606233580038, -0.00345630408265, -0.0195942781866, 0.0396038740873, -0.0207957923412, 0.000864832603838], [-0.00115872418974, 0.0054671256803, -0.00607053376734, 0.00793144851923, -0.00112124695443, -0.00160086876713, 0.00156316231005, 0.00299533596262, 0.00181627878919, 0.002916529309, -0.0207957923412, 0.0431914106011, -0.0182103402913], [0.000584694440477, -0.00270413653925, 0.00267712888308, -0.00543796783313, -0.000685002305545, 0.00406483979896, -0.00100578321144, -0.00305772852153, 0.00215840595774, 0.00212915986776, 0.000864832603838, -0.0182103402913, 0.0309510994703]]
    },
    "melbands": {
        "dmean": [0.00257758307271, 0.00246615335345, 0.00073308579158, 0.00046868273057, 0.000281765562249, 0.000266141054453, 0.000215048756218, 0.000151654399815, 0.000139647818287, 0.00011961832206, 6.66865962557e-05, 7.77939494583e-05, 5.73900106247e-05, 4.37995295215e-05, 7.68453464843e-05, 4.48939354101e-05, 3.59092155122e-05, 3.08872513415e-05, 3.34825344908e-05, 2.95441604976e-05, 3.45184525941e-05, 2.0993355065e-05, 1.23189738588e-05, 9.5900886663e-06, 1.34663578137e-05, 9.37319327932e-06, 8.51463573781e-06, 6.65990864945e-06, 5.44473869013e-06, 4.51633377452e-06, 4.00454609917e-06, 3.32872195941e-06, 1.93351320377e-06, 1.44617558817e-06, 1.10694838895e-06, 1.13982707717e-06, 8.18925855128e-07, 5.78478363877e-07, 4.77550429423e-07, 3.743914192e-07],
        "dmean2": [0.00438476540148, 0.00430723233148, 0.00126502325293, 0.000806168594863, 0.000442169781309, 0.000431209540693, 0.000351472262992, 0.000247952324571, 0.000214994855924, 0.000189758982742, 0.000108657579403, 0.000119433134387, 8.95434932318e-05, 7.0610527473e-05, 0.000122826415463, 7.32333137421e-05, 5.8733367041e-05, 5.08743578393e-05, 5.59163127036e-05, 4.97610089951e-05, 5.80090600124e-05, 3.48452922481e-05, 2.07360480999e-05, 1.61330081028e-05, 2.2239779355e-05, 1.58420371008e-05, 1.45129988596e-05, 1.14028871394e-05, 9.31744216359e-06, 7.72293060436e-06, 7.09071036908e-06, 5.87857948631e-06, 3.29564477397e-06, 2.35360039369e-06, 1.88370279375e-06, 1.97438725991e-06, 1.41562384215e-06, 9.73685132521e-07, 8.2173175997e-07, 6.3971367581e-07],
        "dvar": [1.93814466911e-05, 3.33347816195e-05, 1.25883411783e-06, 8.07706101114e-07, 2.74445056903e-07, 1.79798576028e-07, 1.29689780692e-07, 5.98283733666e-08, 5.23100709415e-08, 3.65100554234e-08, 8.54011439344e-09, 1.16758558377e-08, 5.81305137359e-09, 3.77831055332e-09, 1.40593092723e-08, 3.87640985977e-09, 2.69299960109e-09, 2.4125295095e-09, 2.35064856469e-09, 2.68819277949e-09, 3.11728909352e-09, 1.23115284634e-09, 2.05111011509e-10, 1.20203291765e-10, 2.7748672804e-10, 1.22454726914e-10, 1.20770018985e-10, 6.59287832661e-11, 4.49347815901e-11, 3.817333602e-11, 6.32986302262e-11, 4.07678092673e-11, 9.63894068728e-12, 4.68213141869e-12, 3.50088859812e-12, 4.0468548651e-12, 2.01964768694e-12, 5.76470674581e-13, 3.97841346455e-13, 2.64974701252e-13],
        "dvar2": [5.34742684977e-05, 9.22174731386e-05, 3.51562812284e-06, 2.21682353185e-06, 6.01102954079e-07, 4.38759030885e-07, 3.42434702816e-07, 1.52289459265e-07, 1.14011861285e-07, 7.8021109573e-08, 2.15037392337e-08, 2.61544048641e-08, 1.34628468373e-08, 9.60505452952e-09, 3.3642091779e-08, 9.80330838729e-09, 6.66884014677e-09, 6.40123820617e-09, 6.20333295842e-09, 7.22712512058e-09, 8.22023960012e-09, 3.2245510706e-09, 5.546484938e-10, 3.28825577878e-10, 7.11303960177e-10, 3.37776862036e-10, 3.38118782972e-10, 1.82519027669e-10, 1.23348678494e-10, 1.0523806826e-10, 1.80576317788e-10, 1.14567341725e-10, 2.58936361935e-11, 1.1437456017e-11, 9.36501050319e-12, 1.11213104698e-11, 5.59431277344e-12, 1.53131880006e-12, 1.08690660638e-12, 7.11666619732e-13],
        "max": [0.0657380893826, 0.0703095197678, 0.0165633428842, 0.0120362527668, 0.00843756180257, 0.0083366939798, 0.00812642090023, 0.00440471339971, 0.00497136591002, 0.00553012313321, 0.00221147411503, 0.0024310159497, 0.00180579407606, 0.00111165584531, 0.00226202607155, 0.000866977148689, 0.000733506574761, 0.00130239978898, 0.000645317893941, 0.000921160157304, 0.00101679249201, 0.000676402298268, 0.000194822612684, 0.000159280956723, 0.000242936599534, 0.000121730197861, 0.000144317964441, 0.000100283978099, 8.3812570665e-05, 8.0794277892e-05, 0.000114091846626, 0.00010968370043, 4.01564138883e-05, 2.56134371739e-05, 2.47158404818e-05, 1.71934334503e-05, 1.62798096426e-05, 9.1024194262e-06, 6.69056316838e-06, 4.92427261634e-06],
        "mean": [0.00480447430164, 0.00314497039653, 0.00114749278873, 0.000612510135397, 0.000505198317114, 0.000552104553208, 0.000453358486993, 0.000290914584184, 0.000301701133139, 0.000254936428973, 0.000131858221721, 0.000151053987793, 0.000114561218652, 8.63157838467e-05, 0.000130772794364, 7.93950384832e-05, 6.53255629004e-05, 5.57272796868e-05, 5.94800258114e-05, 5.37497980986e-05, 6.42901432002e-05, 4.05033060815e-05, 2.66777587967e-05, 2.28389217227e-05, 3.076665962e-05, 2.18141212827e-05, 1.82315379789e-05, 1.4784666746e-05, 1.23753370644e-05, 9.49106743064e-06, 6.66604273647e-06, 5.18547176398e-06, 3.3349331261e-06, 2.81214488496e-06, 2.08412689062e-06, 1.94223343897e-06, 1.51171389007e-06, 1.30953230837e-06, 1.0562987427e-06, 8.40789368795e-07],
        "median": [0.0030991572421, 0.00205553369597, 0.000828754389659, 0.000307921494823, 0.000267761846771, 0.000338737183483, 0.000279814034002, 0.000159240007633, 0.000129070103867, 0.000144667632412, 8.8264234364e-05, 9.23528132262e-05, 7.74307482061e-05, 6.07125693932e-05, 7.22336262697e-05, 5.42544585187e-05, 4.63844226033e-05, 4.12295776187e-05, 4.22179873567e-05, 4.19535135734e-05, 4.91994760523e-05, 3.03029064526e-05, 2.32601578318e-05, 2.0802977815e-05, 2.59098887909e-05, 1.99537189474e-05, 1.61751722771e-05, 1.34291594804e-05, 1.12604320748e-05, 8.3746308519e-06, 5.1751862884e-06, 3.81230961466e-06, 2.47747357207e-06, 2.18923264583e-06, 1.65532230767e-06, 1.49443087594e-06, 1.22477001696e-06, 1.18511093206e-06, 9.69297502706e-07, 7.6476931099e-07],
        "min": [1.74166406706e-24, 1.89926506528e-24, 3.11123092537e-24, 9.29928266344e-25, 5.54111322058e-24, 5.65828549185e-24, 5.88419790016e-24, 3.83749591498e-24, 3.67748967985e-24, 3.69243859401e-24, 5.09511650832e-24, 5.59957570227e-24, 3.41963747678e-24, 2.37465019893e-24, 2.98464714908e-24, 6.91467901204e-24, 2.95250303934e-24, 5.99613607932e-24, 6.13722542994e-24, 3.20839945902e-24, 3.89770493471e-24, 6.23949493542e-24, 5.09766807891e-24, 4.56397369982e-24, 5.72320085574e-24, 8.74111841071e-24, 7.89477478905e-24, 7.11709362057e-24, 8.44356165498e-24, 7.24949997921e-24, 5.94557877277e-24, 5.85155365261e-24, 6.33697960507e-24, 5.23881698853e-24, 8.00975678801e-24, 8.52779385586e-24, 8.74953713429e-24, 6.02236176011e-24, 6.68331557487e-24, 8.00930003754e-24],
        "var": [2.59137759713e-05, 2.497483365e-05, 1.51092308442e-06, 8.28764598282e-07, 6.06137405157e-07, 5.02218711063e-07, 3.06557211616e-07, 1.4257987857e-07, 2.13185273878e-07, 1.20623667499e-07, 2.30678818269e-08, 3.62653977959e-08, 1.69569229769e-08, 8.02706612291e-09, 3.09332328641e-08, 7.32732541309e-09, 4.91497775812e-09, 3.41646666513e-09, 3.94144583638e-09, 3.33792926632e-09, 4.35336833249e-09, 1.82102410928e-09, 4.26488011573e-10, 2.73871342271e-10, 6.99155622286e-10, 2.61438953819e-10, 2.03091835016e-10, 1.24638535604e-10, 8.26763865702e-11, 5.7011197846e-11, 5.45045814038e-11, 3.59871889233e-11, 1.20775186727e-11, 8.2849751365e-12, 4.3965651432e-12, 4.25475193272e-12, 2.24081365442e-12, 1.07847292295e-12, 6.50300505719e-13, 4.24933905337e-13]
    },
    "mfcc": {
        "mean": [-603.581237793, 114.187255859, -6.72564983368, 26.9053230286, 5.65163087845, 6.71655321121, 5.78298807144, 3.09272050858, 4.66125011444, 4.53773832321, 1.37650346756, 4.43850231171, 3.44275546074],
        "cov": [[11950.3916016, -353.156646729, 56.0636863708, 541.65222168, 42.9602546692, 150.855514526, 146.745681763, 149.164047241, 257.917816162, 233.61366272, 174.332946777, 254.592697144, 143.400283813], [-353.156646729, 599.781616211, -126.280670166, 52.2105407715, 9.59228229523, -13.3559799194, -1.73696243763, -31.9975204468, -17.3271408081, -22.5206832886, -19.9982051849, -28.8203105927, -25.9317188263], [56.0636863708, -126.280670166, 385.612884521, -7.14842176437, 69.4349060059, 72.3699874878, 11.7545557022, 91.0573577881, 22.4119110107, 42.2461166382, 25.4234085083, 26.2817764282, 28.3128738403], [541.65222168, 52.2105407715, -7.14842176437, 155.044174194, 20.9389705658, 28.6701068878, 10.6841335297, 3.7808983326, 22.7385807037, 10.2959527969, 9.60284328461, 14.5809803009, -0.272099137306], [42.9602546692, 9.59228229523, 69.4349060059, 20.9389705658, 102.786209106, 44.1812782288, 35.3496398926, 31.2658309937, 17.3920764923, 23.2070503235, 10.1224536896, 10.6657438278, 16.2335262299], [150.855514526, -13.3559799194, 72.3699874878, 28.6701068878, 44.1812782288, 80.1542816162, 31.1915550232, 34.9409561157, 11.8397331238, 14.3202819824, 11.2787351608, 13.9999647141, 14.6406478882], [146.745681763, -1.73696243763, 11.7545557022, 10.6841335297, 35.3496398926, 31.1915550232, 73.3546524048, 34.1794052124, 23.9368286133, 19.188785553, 11.3447208405, 11.9052820206, 10.2056865692], [149.164047241, -31.9975204468, 91.0573577881, 3.7808983326, 31.2658309937, 34.9409561157, 34.1794052124, 79.5931243896, 38.4588317871, 33.1070137024, 17.3187427521, 16.970697403, 16.4835567474], [257.917816162, -17.3271408081, 22.4119110107, 22.7385807037, 17.3920764923, 11.8397331238, 23.9368286133, 38.4588317871, 67.0701751709, 44.1130332947, 21.6896495819, 16.7069606781, 5.43390464783], [233.61366272, -22.5206832886, 42.2461166382, 10.2959527969, 23.2070503235, 14.3202819824, 19.188785553, 33.1070137024, 44.1130332947, 70.600479126, 39.7275848389, 23.1741065979, 9.69392967224], [174.332946777, -19.9982051849, 25.4234085083, 9.60284328461, 10.1224536896, 11.2787351608, 11.3447208405, 17.3187427521, 21.6896495819, 39.7275848389, 55.5050086975, 34.7429504395, 12.5983610153], [254.592697144, -28.8203105927, 26.2817764282, 14.5809803009, 10.6657438278, 13.9999647141, 11.9052820206, 16.970697403, 16.7069606781, 23.1741065979, 34.7429504395, 56.0570030212, 30.4181537628], [143.400283813, -25.9317188263, 28.3128738403, -0.272099137306, 16.2335262299, 14.6406478882, 10.2056865692, 16.4835567474, 5.43390464783, 9.69392967224, 12.5983610153, 30.4181537628, 52.7714118958]],
