{
"lowlevel": {
    "average_loudness": 0.95062994957,
    "barkbands_crest": {
        "dmean": 3.32576179504,
        "dmean2": 5.13222837448,
        "dvar": 9.38648414612,
        "dvar2": 20.9172000885,
        "max": 26.7334899902,
        "mean": 12.1845617294,
        "median": 11.3715848923,
        "min": 1.95717096329,
        "var": 28.7712097168
    },
    "barkbands_flatness_db": {
        "dmean": 0.0317453071475,
        "dmean2": 0.0469159446657,
        "dvar": 0.00122530746739,
        "dvar2": 0.00266700191423,
        "max": 0.751955270767,
        "mean": 0.136332273483,
        "median": 0.120353527367,
        "min": 0.021025903523,
        "var": 0.00623806379735
    },
    "barkbands_kurtosis": {
        "dmean": 7.55037260056,
        "dmean2": 11.3293409348,
        "dvar": 1665.5390625,
        "dvar2": 3221.76245117,
        "max": 2730.75390625,
        "mean": 10.3910894394,
        "median": 3.95060157776,
        "min": -1.90057086945,
        "var": 2171.65625
    },
    "barkbands_skewness": {
        "dmean": 0.85154914856,
        "dmean2": 1.2383813858,
        "dvar": 1.29780173302,
        "dvar2": 2.63523340225,
        "max": 38.1430969238,
        "mean": 2.33200240135,
        "median": 2.069917202,
        "min": -2.34550905228,
        "var": 3.56237912178
    },
    "barkbands_spread": {
        "dmean": 7.90811061859,
        "dmean2": 12.1680545807,
        "dvar": 75.9218978882,
        "dvar2": 176.761459351,
        "max": 134.967697144,
        "mean": 24.5951404572,
        "median": 21.9998950958,
        "min": 0.0454566776752,
        "var": 245.165130615
    },
    "dissonance": {
        "dmean": 0.0173732675612,
        "dmean2": 0.0288563333452,
        "dvar": 0.000626554712653,
        "dvar2": 0.00164956203662,
        "max": 0.500000119209,
        "mean": 0.466760993004,
        "median": 0.474882602692,
        "min": 0.0292974058539,
        "var": 0.00115000165533
    },
    "dynamic_complexity": 2.78760814667,
    "erbbands_crest": {
        "dmean": 2.3488676548,
        "dmean2": 3.70394515991,
        "dvar": 5.67772197723,
        "dvar2": 12.646440506,
        "max": 31.3108825684,
        "mean": 7.76586151123,
        "median": 6.5168223381,
        "min": 2.24769735336,
        "var": 18.4763660431
    },
    "erbbands_flatness_db": {
        "dmean": 0.0151280723512,
        "dmean2": 0.0227437559515,
        "dvar": 0.000317649071803,
        "dvar2": 0.000690384651534,
        "max": 0.529571831226,
        "mean": 0.12758693099,
        "median": 0.117108121514,
        "min": 0.016658032313,
        "var": 0.00219472451136
    },
    "erbbands_kurtosis": {
        "dmean": 0.8777795434,
        "dmean2": 1.36881482601,
        "dvar": 8.44965839386,
        "dvar2": 17.3781394958,
        "max": 154.417098999,
        "mean": 0.0744290426373,
        "median": -0.661123514175,
        "min": -1.87853515148,
        "var": 19.877538681
    },
    "erbbands_skewness": {
        "dmean": 0.376701682806,
        "dmean2": 0.565906465054,
        "dvar": 0.160769641399,
        "dvar2": 0.338206112385,
        "max": 9.80859184265,
        "mean": 0.252611219883,
        "median": 0.202285125852,
        "min": -2.89451169968,
        "var": 0.769087672234
    },
    "erbbands_spread": {
        "dmean": 11.2256326675,
        "dmean2": 16.8544998169,
        "dvar": 129.337890625,
        "dvar2": 284.994903564,
        "max": 172.544464111,
        "mean": 57.3118629456,
        "median": 55.8912506104,
        "min": 1.36832976341,
        "var": 457.742370605
    },
    "hfc": {
        "dmean": 8.34013843536,
        "dmean2": 12.9805192947,
        "dvar": 117.540176392,
        "dvar2": 291.738983154,
        "max": 101.74647522,
        "mean": 21.5027770996,
        "median": 19.7294330597,
        "min": 1.09236022473e-16,
        "var": 214.403747559
    },
    "melbands_crest": {
        "dmean": 4.38413143158,
        "dmean2": 6.9004368782,
        "dvar": 16.1525039673,
        "dvar2": 37.6947746277,
        "max": 39.8506240845,
        "mean": 17.1854553223,
        "median": 16.5649795532,
        "min": 1.66049742699,
        "var": 41.9400634766
    },
    "melbands_flatness_db": {
        "dmean": 0.038757622242,
        "dmean2": 0.0567383430898,
        "dvar": 0.00181105511729,
        "dvar2": 0.00386194558814,
        "max": 0.904057443142,
        "mean": 0.203180402517,
        "median": 0.190340384841,
        "min": 0.00420637335628,
        "var": 0.00990277901292
    },
    "melbands_kurtosis": {
        "dmean": 22.1219348907,
        "dmean2": 33.7860527039,
        "dvar": 31559.3808594,
        "dvar2": 92438.390625,
        "max": 12328.8457031,
        "mean": 35.4858055115,
        "median": 18.159078598,
        "min": -1.82256221771,
        "var": 18563.9804688
    },
    "melbands_skewness": {
        "dmean": 1.28103685379,
        "dmean2": 1.88155019283,
        "dvar": 3.95673799515,
        "dvar2": 9.66851806641,
        "max": 93.5833892822,
        "mean": 4.22481203079,
        "median": 3.67277479172,
        "min": -0.775544822216,
        "var": 7.84258937836
    },
    "melbands_spread": {
        "dmean": 9.53168296814,
        "dmean2": 14.7542600632,
        "dvar": 173.993484497,
        "dvar2": 373.72064209,
        "max": 230.549819946,
        "mean": 22.5537319183,
        "median": 15.4159975052,
        "min": 0.031437266618,
        "var": 510.864990234
    },
    "pitch_salience": {
        "dmean": 0.0985516235232,
        "dmean2": 0.153421014547,
        "dvar": 0.00908128079027,
        "dvar2": 0.0204910971224,
        "max": 0.926780879498,
        "mean": 0.513980507851,
        "median": 0.529099345207,
        "min": 0.015211218968,
        "var": 0.023645048961
    },
    "silence_rate_20dB": {
        "dmean": 0,
        "dmean2": 0,
        "dvar": 0,
        "dvar2": 0,
        "max": 1,
        "mean": 1,
        "median": 1,
        "min": 1,
        "var": 0
    },
    "silence_rate_30dB": {
        "dmean": 0.00751445069909,
        "dmean2": 0.0150303496048,
        "dvar": 0.0074582900852,
        "dvar2": 0.0194312017411,
        "max": 1,
        "mean": 0.994701862335,
        "median": 1,
        "min": 0,
        "var": 0.0052699316293
    },
    "silence_rate_60dB": {
        "dmean": 0.0300578027964,
        "dmean2": 0.0601213984191,
        "dvar": 0.0291548687965,
        "dvar2": 0.0692159608006,
        "max": 1,
        "mean": 0.0573162510991,
        "median": 0,
        "min": 0,
        "var": 0.0540402941406
    },
    "spectral_centroid": {
        "dmean": 372.518157959,
        "dmean2": 557.683349609,
        "dvar": 164762.40625,
        "dvar2": 326281.78125,
        "max": 11838.7880859,
        "mean": 1469.46398926,
        "median": 1299.49902344,
        "min": 81.7904663086,
        "var": 924282.875
    },
    "spectral_complexity": {
        "dmean": 6.20289039612,
        "dmean2": 9.41998291016,
        "dvar": 45.928565979,
        "dvar2": 101.931304932,
        "max": 56,
        "mean": 18.4680671692,
        "median": 18,
        "min": 0,
        "var": 108.854988098
    },
    "spectral_decrease": {
        "dmean": 3.45420092529e-09,
        "dmean2": 5.25668575335e-09,
        "dvar": 1.5806496718e-17,
        "dvar2": 3.48190462285e-17,
        "max": 1.7634559665e-28,
        "mean": -8.90215900995e-09,
        "median": -8.28480928305e-09,
        "min": -4.66856526771e-08,
        "var": 4.03056425873e-17
    },
    "spectral_energy": {
        "dmean": 0.0135271782055,
        "dmean2": 0.0206089429557,
        "dvar": 0.000238141568843,
        "dvar2": 0.000526157731656,
        "max": 0.178702577949,
        "mean": 0.0355491377413,
        "median": 0.0335039868951,
        "min": 1.00162662217e-20,
        "var": 0.000605032371823
    },
    "spectral_energyband_high": {
        "dmean": 0.000622940307949,
        "dmean2": 0.000974779773969,
        "dvar": 7.40179814329e-07,
        "dvar2": 1.83567999557e-06,
        "max": 0.0108332913369,
        "mean": 0.00142205262091,
        "median": 0.00104911951348,
        "min": 7.14529518336e-21,
        "var": 1.65020469467e-06
    },
    "spectral_energyband_low": {
        "dmean": 0.00796619988978,
        "dmean2": 0.0118719469756,
        "dvar": 0.000157473114086,
        "dvar2": 0.00035220204154,
        "max": 0.171550661325,
        "mean": 0.0154711455107,
        "median": 0.00894565880299,
        "min": 1.49883114453e-23,
        "var": 0.000349816138623
    },
    "spectral_energyband_middle_high": {
        "dmean": 0.00181130098645,
        "dmean2": 0.00291072041728,
        "dvar": 6.63147193336e-06,
        "dvar2": 1.67037142091e-05,
        "max": 0.0248432103544,
        "mean": 0.00348262116313,
        "median": 0.00266234762967,
        "min": 1.19935160661e-21,
        "var": 9.97540428216e-06
    },
    "spectral_energyband_middle_low": {
        "dmean": 0.00910582393408,
        "dmean2": 0.0145110301673,
        "dvar": 0.000160154391779,
        "dvar2": 0.000373701594071,
        "max": 0.138604819775,
        "mean": 0.0173215661198,
        "median": 0.011192990467,
        "min": 1.91062729711e-22,
        "var": 0.000323588959873
    },
    "spectral_entropy": {
        "dmean": 0.188166514039,
        "dmean2": 0.283266365528,
        "dvar": 0.0463399887085,
        "dvar2": 0.100749887526,
        "max": 9.81787109375,
        "mean": 7.75270414352,
        "median": 7.86313343048,
        "min": 3.82055854797,
        "var": 0.305330574512
    },
    "spectral_flux": {
        "dmean": 0.0375036597252,
        "dmean2": 0.057110298425,
        "dvar": 0.00157377857249,
        "dvar2": 0.00342906406149,
        "max": 0.387676626444,
        "mean": 0.0994078144431,
        "median": 0.0842573642731,
        "min": 6.44618664003e-11,
        "var": 0.00320115941577
    },
    "spectral_kurtosis": {
        "dmean": 2.94227170944,
        "dmean2": 5.0732178688,
        "dvar": 582.994812012,
        "dvar2": 1779.54577637,
        "max": 794.718444824,
        "mean": 6.56174945831,
        "median": 2.02164268494,
        "min": -1.26525652409,
        "var": 1964.31591797
    },
    "spectral_rms": {
        "dmean": 0.00113803439308,
        "dmean2": 0.00170197302941,
        "dvar": 1.4070154748e-06,
        "dvar2": 2.89229637929e-06,
        "max": 0.0132039375603,
        "mean": 0.0054428121075,
        "median": 0.00571723841131,
        "min": 3.12601463812e-12,
        "var": 5.05795514982e-06
    },
    "spectral_rolloff": {
        "dmean": 710.606689453,
        "dmean2": 1146.81384277,
        "dvar": 1100134,
        "dvar2": 2248058.5,
        "max": 19638.28125,
        "mean": 1507.66430664,
        "median": 710.595703125,
        "min": 21.533203125,
        "var": 3914990.5
    },
    "spectral_skewness": {
        "dmean": 0.209119051695,
        "dmean2": 0.325494349003,
        "dvar": 0.294926434755,
        "dvar2": 0.748707830906,
        "max": 22.0756397247,
        "mean": 1.33625531197,
        "median": 1.13317024708,
        "min": -0.0817100480199,
        "var": 2.22103381157
    },
    "spectral_spread": {
        "dmean": 481162.65625,
        "dmean2": 711012.5625,
        "dvar": 406641836032,
        "dvar2": 753778425856,
        "max": 42355152,
        "mean": 5556810.5,
        "median": 5475904.5,
        "min": 111042.351562,
        "var": 5.60675212493e+12
    },
    "spectral_strongpeak": {
        "dmean": 0.352545112371,
        "dmean2": 0.568676829338,
        "dvar": 0.225160762668,
        "dvar2": 0.530366063118,
        "max": 8.387550354,
        "mean": 0.743580102921,
        "median": 0.523710906506,
        "min": 0,
        "var": 0.472924500704
    },
    "zerocrossingrate": {
        "dmean": 0.0140367690474,
        "dmean2": 0.0158739630133,
        "dvar": 0.00026496022474,
        "dvar2": 0.000304105458781,
        "max": 0.83154296875,
        "mean": 0.0668282583356,
        "median": 0.05712890625,
        "min": 0.00146484375,
        "var": 0.00249004433863
    },
    "barkbands": {
        "dmean": [0.000185250770301, 0.00480613578111, 0.00408065831289, 0.00344732869416, 0.00492645986378, 0.00139067310374, 0.00113823474385, 0.000414196838392, 0.000483936513774, 0.000317076803185, 0.000380337674869, 0.000287909875624, 0.000319886894431, 0.000202778581297, 0.000206904282095, 0.000207444332773, 0.000208444980672, 0.000206441647606, 0.000169999198988, 0.000170331521076, 0.000199878602871, 0.000178640111699, 0.0001312369277, 8.80821171449e-05, 4.66037345177e-05, 1.98060261027e-05, 3.08247172143e-06],
        "dmean2": [0.000285185786197, 0.00701629230753, 0.00652239937335, 0.00564626371488, 0.00795813556761, 0.00222555710934, 0.0017664404586, 0.000679166812915, 0.000766584358644, 0.000525904528331, 0.000612129224464, 0.000479944807012, 0.000523851136677, 0.00034196008346, 0.000347435649019, 0.000350761110894, 0.000346724176779, 0.000336690049153, 0.000282682914985, 0.000281092507066, 0.000325579661876, 0.000292464130325, 0.00020708120428, 0.000141162629006, 7.33256529202e-05, 3.17332669511e-05, 5.15609826834e-06],
        "dvar": [2.884438004e-07, 7.69049511291e-05, 8.17248073872e-05, 4.81563110952e-05, 7.32054322725e-05, 8.25558163342e-06, 4.66709252578e-06, 8.16423948891e-07, 9.02827537175e-07, 4.30176811506e-07, 5.4334361721e-07, 2.99632887391e-07, 2.94837803949e-07, 1.24316315464e-07, 1.19840819934e-07, 1.30187572722e-07, 1.21746907666e-07, 1.26275693901e-07, 8.00289114977e-08, 6.68698305617e-08, 9.69233724391e-08, 7.00623274952e-08, 3.27571640923e-08, 1.41383074137e-08, 4.79151651689e-09, 1.04063668793e-09, 4.10762882042e-11],
        "dvar2": [6.34297180113e-07, 0.000160387775395, 0.000200318580028, 0.000119964126498, 0.000169642094988, 1.87834957615e-05, 1.01745172287e-05, 1.9537856133e-06, 1.89724187294e-06, 1.00188924534e-06, 1.23506345062e-06, 7.3942965173e-07, 7.1380168265e-07, 3.13434071586e-07, 3.02426713006e-07, 3.40609602745e-07, 3.14984134775e-07, 3.13161876875e-07, 2.11146215179e-07, 1.76819895614e-07, 2.40772862981e-07, 1.74640732098e-07, 7.71506591946e-08, 3.45851525196e-08, 1.16146594564e-08, 2.60994448276e-09, 1.07233492919e-10],
        "max": [0.0116679668427, 0.119568608701, 0.132026433945, 0.094516441226, 0.106410510838, 0.0728202983737, 0.0355575792491, 0.0241515878588, 0.0252245590091, 0.0230088848621, 0.0141283944249, 0.00902741868049, 0.00949407275766, 0.0102235199884, 0.00581966992468, 0.00792126171291, 0.00743579678237, 0.00649032369256, 0.00444583641365, 0.0036721159704, 0.00456318398938, 0.00602442398667, 0.00304398103617, 0.00146376423072, 0.00114337296691, 0.00047924433602, 8.80240258994e-05],
        "mean": [0.000248926779022, 0.00828168354928, 0.00485494313762, 0.0041680810973, 0.00749116577208, 0.0023886191193, 0.00189713202417, 0.000570914067794, 0.000688335043378, 0.000394372909795, 0.000515549269039, 0.000369660701836, 0.000435963418568, 0.00025624234695, 0.000275166792562, 0.000269966083579, 0.000296620157314, 0.000317823985824, 0.000277836836176, 0.000293014833005, 0.000356539327186, 0.000347688153852, 0.000251975201536, 0.000173468128196, 9.0499255748e-05, 3.35463919328e-05, 3.42595649272e-06],
        "median": [6.09692760918e-05, 0.00284919003025, 0.00146637542639, 0.00122890993953, 0.00255500408821, 0.000560375745408, 0.000461600604467, 0.000151045547682, 0.000241468311287, 0.00013326847693, 0.000182190036867, 0.000149542436702, 0.000190829261555, 0.000129138483317, 0.000140549338539, 0.0001548807777, 0.000178861489985, 0.000193554486032, 0.000190267062862, 0.000214373794734, 0.000229600656894, 0.000231461977819, 0.000167494989, 0.000117547242553, 5.57419371034e-05, 2.08039964491e-05, 1.35987113481e-06],
        "min": [5.5212887516e-25, 1.88146836326e-24, 7.28601940735e-25, 1.2776612102e-24, 6.26231234267e-24, 1.07770934653e-23, 4.99918983895e-24, 7.05581963862e-24, 2.49732505111e-23, 3.22959749261e-23, 2.454134601e-23, 3.01002531716e-23, 3.49370149724e-23, 5.25499187142e-23, 7.03859691179e-23, 7.62770813839e-23, 6.20436325166e-23, 8.60991001624e-23, 1.36845884796e-22, 1.73782523323e-22, 2.65246691746e-22, 3.12824117252e-22, 3.40533001698e-22, 6.38415462316e-22, 9.22019212384e-22, 1.4192335204e-21, 1.97323410059e-21],
        "var": [4.99099485296e-07, 0.000179979600944, 8.90638038982e-05, 6.08515765634e-05, 0.000157725808094, 2.99111470667e-05, 1.2157830497e-05, 1.62184301189e-06, 1.81963309842e-06, 8.7335729404e-07, 9.2850547162e-07, 3.95030042455e-07, 4.47675745363e-07, 1.59400599387e-07, 1.58400339956e-07, 1.4413328131e-07, 1.57588843308e-07, 1.81494300477e-07, 1.06095569663e-07, 9.14891842285e-08, 1.68524167066e-07, 1.56370219884e-07, 7.44726307289e-08, 3.0971897047e-08, 1.1511487763e-08, 1.65767777283e-09, 3.93793990472e-11]
    },
    "erbbands": {
        "dmean": [0.137212589383, 1.15188467503, 4.01883935928, 8.26899242401, 13.2009029388, 19.8499221802, 12.720158577, 11.8680372238, 13.086892128, 14.975271225, 8.76467037201, 11.0715970993, 10.1399784088, 13.4466457367, 11.7349824905, 11.3688783646, 14.2748451233, 10.6160755157, 9.91110706329, 10.1631393433, 12.362118721, 10.3472757339, 11.2492551804, 9.94187545776, 8.03345584869, 7.5716252327, 8.76471614838, 7.29900503159, 6.77788925171, 5.01711320877, 3.49062752724, 2.38035964966, 1.23634910583, 0.663108825684, 0.277984470129, 0.110456086695, 0.0319301187992, 0.00656217476353, 0.000461324467324, 2.03366635105e-05],
        "dmean2": [0.188627660275, 1.7257527113, 6.23549556732, 13.2120523453, 21.7993068695, 31.3316001892, 20.5612335205, 18.7049655914, 20.5342121124, 23.5897083282, 14.2114124298, 17.5171432495, 16.2979412079, 21.7482032776, 19.1988792419, 18.9564628601, 23.5304698944, 17.7031497955, 16.5075054169, 17.0578403473, 20.9037857056, 17.0913791656, 18.3275642395, 16.5779533386, 13.3559064865, 12.4785432816, 14.1796712875, 11.8718996048, 11.0544567108, 8.11876010895, 5.45030927658, 3.80885529518, 1.97610652447, 1.05371975899, 0.437652647495, 0.176495984197, 0.0516179986298, 0.0107345273718, 0.000770655693486, 3.16311852657e-05],
        "dvar": [0.0659068599343, 4.7573800087, 73.7019958496, 271.603363037, 574.118286133, 1524.67590332, 813.510009766, 633.377197266, 617.262268066, 760.309509277, 325.676605225, 537.160095215, 427.080505371, 820.454833984, 435.458465576, 468.794708252, 595.887939453, 312.810394287, 242.160339355, 320.976593018, 452.484191895, 316.811401367, 346.263427734, 316.287628174, 170.099838257, 138.349456787, 210.795471191, 118.526290894, 107.188163757, 51.9922523499, 22.8244819641, 10.8086471558, 2.85924077034, 0.982160449028, 0.198918938637, 0.029290612787, 0.00316291977651, 0.000161300442414, 9.90283183455e-07, 6.11162731534e-10],
        "dvar2": [0.118811450899, 10.2675580978, 174.622573853, 672.164794922, 1406.87878418, 3413.0065918, 1833.10510254, 1354.28320312, 1374.95056152, 1680.61791992, 760.539428711, 1114.72521973, 960.499755859, 1925.5916748, 1057.97436523, 1166.39709473, 1439.71911621, 796.68737793, 611.665161133, 831.224609375, 1176.16638184, 804.934020996, 862.439819336, 827.343017578, 449.485687256, 365.928405762, 517.96307373, 297.344360352, 263.573455811, 129.949539185, 53.1793823242, 26.5684947968, 7.01631212234, 2.41057825089, 0.486292183399, 0.0730296447873, 0.00808199495077, 0.000419583753683, 2.52862741945e-06, 1.41743172755e-09],
        "max": [4.41276264191, 31.8069648743, 108.348396301, 211.5965271, 462.373321533, 620.075073242, 658.123596191, 576.274291992, 458.271820068, 456.424377441, 375.869934082, 704.49609375, 703.802124023, 589.607116699, 454.431518555, 426.378051758, 452.273895264, 420.539794922, 244.373092651, 375.093780518, 328.767333984, 343.596679688, 297.580841064, 294.712493896, 177.827209473, 164.33644104, 242.091339111, 136.314056396, 256.233917236, 151.308761597, 74.7382507324, 39.5830841064, 22.0676651001, 17.5748119354, 11.9737157822, 3.15887117386, 0.73740786314, 0.144180342555, 0.015929415822, 0.000298590224702],
        "mean": [0.242647916079, 1.86557495594, 5.17109966278, 10.6566801071, 18.0550918579, 30.2406253815, 20.9380207062, 19.7226085663, 21.7190246582, 24.2872562408, 12.7989463806, 15.9029579163, 13.7122869492, 18.7403888702, 16.3385238647, 15.1906423569, 20.0489692688, 15.0223999023, 13.7929706573, 14.1799650192, 16.8155708313, 15.8183822632, 17.58253479, 15.609588623, 13.5611352921, 13.3382139206, 15.3750314713, 13.3961009979, 12.9545669556, 9.29458332062, 6.82790231705, 4.48643398285, 2.38674235344, 1.26578831673, 0.531800866127, 0.194881290197, 0.0507432147861, 0.0093903709203, 0.000527728290763, 5.31814621354e-05],
        "median": [0.0719590187073, 0.660829901695, 1.90455055237, 4.23950147629, 7.34570741653, 8.32289123535, 5.59554433823, 5.04009246826, 6.68491172791, 7.35118770599, 4.71753025055, 5.91295385361, 5.16413068771, 7.11723184586, 7.34306955338, 7.26509237289, 9.55254077911, 8.51061916351, 7.86791133881, 8.33917999268, 10.4486341476, 10.052567482, 10.7670898438, 10.3741264343, 9.67097663879, 9.68266582489, 9.60345554352, 8.96085643768, 8.47953701019, 6.48594522476, 4.46277236938, 2.91578316689, 1.60959768295, 0.760160207748, 0.326325923204, 0.119894854724, 0.0313658900559, 0.00550010753796, 0.000200505703106, 5.04242707393e-05],
        "min": [5.74979004363e-23, 3.74287943314e-22, 2.02987517186e-21, 8.36179675227e-21, 1.26439427624e-20, 1.64149582008e-20, 3.9802651531e-20, 1.48901518773e-19, 1.5475905611e-19, 1.87408779616e-19, 2.62882754958e-19, 5.25922312341e-19, 7.44347831687e-19, 9.97429375265e-19, 8.11794691268e-19, 1.42031140136e-18, 1.75667540187e-18, 2.27787983789e-18, 3.69515517621e-18, 3.70348281702e-18, 4.08289112526e-18, 4.71324038874e-18, 5.00187017424e-18, 6.16846863472e-18, 9.05769057318e-18, 9.29813212492e-18, 9.36225682036e-18, 1.12807037278e-17, 1.0617663873e-17, 1.16196624905e-17, 9.70534486867e-18, 1.22077357937e-17, 1.08144170535e-17, 8.24529333254e-18, 7.07605203e-18, 4.40442243321e-18, 2.21555177873e-18, 9.36503490645e-19, 2.71626751966e-19, 2.58701819019e-20],
        "var": [0.184582859278, 9.39745044708, 88.8813018799, 313.67980957, 962.633056641, 3383.86474609, 2434.31225586, 1781.6932373, 1645.31408691, 1785.30310059, 623.841552734, 1134.65588379, 886.060180664, 1382.71020508, 710.51953125, 585.312805176, 882.219055176, 417.751800537, 326.475463867, 412.37487793, 491.95501709, 434.262268066, 524.081298828, 394.316802979, 221.050231934, 191.631195068, 365.990692139, 217.631393433, 236.060089111, 96.9261703491, 57.2660102844, 23.3151245117, 6.02227735519, 2.27442932129, 0.477426975965, 0.0570202283561, 0.00404754467309, 0.000173732521944, 9.67388245954e-07, 1.22495258381e-09]
    },
    "gfcc": {
        "mean": [8.56327629089, 71.8144302368, -100.542419434, 49.3911056519, -61.2622566223, 18.0887641907, -37.2550315857, 4.43922662735, -25.7547283173, 1.86472523212, -17.5280094147, 2.11779022217, -13.3138818741],
        "cov": [[14828.6660156, -1269.17138672, -1306.82580566, 517.557128906, -634.275756836, 212.510604858, -777.78527832, 32.7898406982, -500.31918335, 184.749450684, -389.82208252, 128.282424927, -300.708709717], [-1269.17138672, 1496.0994873, 470.878173828, -175.175582886, 149.406906128, -114.674171448, 195.942077637, -87.0662307739, 136.813186646, -102.832214355, 123.005371094, -75.19140625, 97.4186477661], [-1306.82580566, 470.878173828, 762.467895508, 40.2578353882, 171.860565186, 31.4486160278, 154.152420044, 18.1752090454, 69.2491836548, -22.3284397125, 43.0453262329, -23.7381916046, 27.6835193634], [517.557128906, -175.175582886, 40.2578353882, 490.889801025, 153.064071655, 124.785667419, 20.3057231903, 54.3926734924, 18.9621715546, 12.0606575012, -29.0849761963, -9.39251422882, -1.15521979332], [-634.275756836, 149.406906128, 171.860565186, 153.064071655, 262.002288818, 85.523979187, 121.092277527, 40.3594093323, 62.2275466919, 10.3754072189, 25.443403244, -15.3488712311, 20.3579177856], [212.510604858, -114.674171448, 31.4486160278, 124.785667419, 85.523979187, 251.038803101, 108.039161682, 73.2493972778, 40.3841438293, 17.1193637848, -5.88054609299, 9.12566566467, -9.25806427002], [-777.78527832, 195.942077637, 154.152420044, 20.3057231903, 121.092277527, 108.039161682, 239.208572388, 102.945808411, 109.255249023, 4.92951345444, 42.5952987671, 1.78606843948, 36.7716331482], [32.7898406982, -87.0662307739, 18.1752090454, 54.3926734924, 40.3594093323, 73.2493972778, 102.945808411, 172.681304932, 82.0065078735, 60.6890716553, 17.4301548004, 18.5431518555, 9.07857894897], [-500.31918335, 136.813186646, 69.2491836548, 18.9621715546, 62.2275466919, 40.3841438293, 109.255249023, 82.0065078735, 156.439376831, 61.6443748474, 62.0386314392, 9.2107000351, 23.2944335938], [184.749450684, -102.832214355, -22.3284397125, 12.0606575012, 10.3754072189, 17.1193637848, 4.92951345444, 60.6890716553, 61.6443748474, 136.037261963, 61.7531318665, 31.0138282776, -7.39617586136], [-389.82208252, 123.005371094, 43.0453262329, -29.0849761963, 25.443403244, -5.88054609299, 42.5952987671, 17.4301548004, 62.0386314392, 61.7531318665, 116.168205261, 42.0697288513, 26.5699996948], [128.282424927, -75.19140625, -23.7381916046, -9.39251422882, -15.3488712311, 9.12566566467, 1.78606843948, 18.5431518555, 9.2107000351, 31.0138282776, 42.0697288513, 87.4162368774, 39.9159164429], [-300.708709717, 97.4186477661, 27.6835193634, -1.15521979332, 20.3579177856, -9.25806427002, 36.7716331482, 9.07857894897, 23.2944335938, -7.39617586136, 26.5699996948, 39.9159164429, 95.0723419189]],
        "icov": [[0.000177980517037, -0.000331090384861, 0.000225703450269, -0.000292500248179, 0.000353123206878, -0.000345103646396, 0.000387807871448, -0.000346638524206, 0.000562804285437, -0.000702043180354, 0.000853639328852, -0.000808826065622, 0.000515318184625], [-0.000331090384861, 0.00226066308096, -0.000958831573371, 0.000965876039118, -0.000953526759986, 0.00122174120042, -0.00124627584592, 0.00159196439199, -0.00223829224706, 0.00285945576616, -0.00354621536098, 0.00358149572276, -0.00216132495552], [0.000225703450269, -0.000958831573371, 0.00216004671529, -0.000499105837662, -0.000263545807684, -0.000320131948683, -0.000205954682315, -0.000446240039309, 0.00105406192597, -0.00104626209941, 0.00127807992976, -0.00139277044218, 0.0010967834387], [-0.000292500248179, 0.000965876039118, -0.000499105837662, 0.00369733478874, -0.00273307994939, -0.000599368591793, 0.00112945900764, -0.000249792006798, -0.00153384101577, 0.00176220422145, -0.00116443785373, 0.00195953482762, -0.00159511086531], [0.000353123206878, -0.000953526759986, -0.000263545807684, -0.00273307994939, 0.00795670878142, -0.00125443050638, -0.00217604846694, 0.000481609371491, 0.00140027166344, -0.00273131555878, 0.00121350307018, -0.000114865273645, 0.000260731292656], [-0.000345103646396, 0.00122174120042, -0.000320131948683, -0.000599368591793, -0.00125443050638, 0.00743624940515, -0.00460124062374, 0.00090118375374, -0.00101065333001, 0.00108367751818, -0.000472530547995, -0.000180592367542, 0.000968649575952], [0.000387807871448, -0.00124627584592, -0.000205954682315, 0.00112945900764, -0.00217604846694, -0.00460124062374, 0.0139855425805, -0.00654393481091, -0.00281844590791, 0.00325192417949, -0.000784190604463, -0.000477182707982, -0.000826079340186], [-0.000346638524206, 0.00159196439199, -0.000446240039309, -0.000249792006798, 0.000481609371491, 0.00090118375374, -0.00654393481091, 0.0132186003029, -0.00436743581668, -0.00313781248406, 0.00176434486639, 0.000294118275633, -0.00113792391494], [0.000562804285437, -0.00223829224706, 0.00105406192597, -0.00153384101577, 0.00140027166344, -0.00101065333001, -0.00281844590791, -0.00436743581668, 0.0167787838727, -0.00750856054947, -4.36320042354e-05, -0.000565129565075, 0.000411215703934], [-0.000702043180354, 0.00285945576616, -0.00104626209941, 0.00176220422145, -0.00273131555878, 0.00108367751818, 0.00325192417949, -0.00313781248406, -0.00750856054947, 0.0198780149221, -0.0123283332214, 0.00281971693039, 0.000555485195946], [0.000853639328852, -0.00354621536098, 0.00127807992976, -0.00116443785373, 0.00121350307018, -0.000472530547995, -0.000784190604463, 0.00176434486639, -4.36320042354e-05, -0.0123283332214, 0.0248005371541, -0.0133288400248, 0.00349305523559], [-0.000808826065622, 0.00358149572276, -0.00139277044218, 0.00195953482762, -0.000114865273645, -0.000180592367542, -0.000477182707982, 0.000294118275633, -0.000565129565075, 0.00281971693039, -0.0133288400248, 0.0268073771149, -0.012807469815], [0.000515318184625, -0.00216132495552, 0.0010967834387, -0.00159511086531, 0.000260731292656, 0.000968649575952, -0.000826079340186, -0.00113792391494, 0.000411215703934, 0.000555485195946, 0.00349305523559, -0.012807469815, 0.0188342500478]]
    },
    "melbands": {
        "dmean": [0.00127173389774, 0.0017497226363, 0.00148665334564, 0.00120960630011, 0.000522429123521, 0.000259284628555, 0.00021440704586, 0.000147906612256, 7.14543712093e-05, 7.19717063475e-05, 5.07269905938e-05, 5.35051658517e-05, 4.2666477384e-05, 3.28882197209e-05, 2.93146440526e-05, 3.428603668e-05, 1.93392570509e-05, 1.63148342835e-05, 1.61448770086e-05, 1.40317933983e-05, 1.58912353072e-05, 1.18713614938e-05, 1.04261152956e-05, 1.01260238807e-05, 8.47333922138e-06, 6.23007508693e-06, 6.04823435424e-06, 5.2507075452e-06, 5.68098676013e-06, 5.23937433172e-06, 4.43631506641e-06, 4.38011147708e-06, 3.24971824739e-06, 2.82839641841e-06, 2.14923238673e-06, 1.91026765606e-06, 1.40009467486e-06, 9.44160944982e-07, 7.87230362675e-07, 5.2722430155e-07],
        "dmean2": [0.00179292238317, 0.00265301507898, 0.00235143327154, 0.00195361115038, 0.00082970270887, 0.000410730222939, 0.000334658659995, 0.000233392886003, 0.000116299845104, 0.000113574671559, 8.17203399492e-05, 8.67447524797e-05, 6.93577312632e-05, 5.48292082385e-05, 4.92860017403e-05, 5.55799852009e-05, 3.25144865201e-05, 2.72329416475e-05, 2.71626868198e-05, 2.3757429517e-05, 2.6921808967e-05, 1.97483986994e-05, 1.69303057191e-05, 1.67597154359e-05, 1.42027693073e-05, 1.03378788481e-05, 1.02286212496e-05, 8.68550341693e-06, 9.21147056943e-06, 8.66937352839e-06, 7.21512515156e-06, 7.17729608368e-06, 5.38343738299e-06, 4.62837670057e-06, 3.40202382176e-06, 3.03969295601e-06, 2.27514829021e-06, 1.52388599872e-06, 1.2768156239e-06, 8.43774841996e-07],
        "dvar": [5.31969908479e-06, 1.15245084089e-05, 7.56234203436e-06, 4.3939344323e-06, 1.16059618449e-06, 2.82556953835e-07, 1.61444020819e-07, 7.16233330422e-08, 2.24634977286e-08, 2.2903323682e-08, 1.10586002577e-08, 1.27448895881e-08, 5.64545787896e-09, 3.35859717815e-09, 4.0265861756e-09, 3.5096388018e-09, 1.27526256222e-09, 6.84863332712e-10, 7.8094480882e-10, 6.47193520997e-10, 7.88533238705e-10, 4.1810618856e-10, 3.38760991481e-10, 3.37086636382e-10, 2.37017377946e-10, 1.03755282144e-10, 1.14231755999e-10, 6.20426765519e-11, 9.10879913163e-11, 7.89349280383e-11, 4.4510686803e-11, 4.81359396787e-11, 2.41922627764e-11, 1.70567934776e-11, 9.11050054841e-12, 7.93031178919e-12, 3.73402437442e-12, 1.69786342104e-12, 1.35890192328e-12, 6.57648523313e-13],
        "dvar2": [1.05737726699e-05, 2.59451462625e-05, 1.8200951672e-05, 1.02815192804e-05, 2.60017964138e-06, 6.22247171123e-07, 3.57551357411e-07, 1.61040532021e-07, 5.09112716429e-08, 4.75356500829e-08, 2.48003946268e-08, 3.00699483091e-08, 1.33552706671e-08, 8.43769676351e-09, 9.75790914737e-09, 8.32852808941e-09, 3.23812643366e-09, 1.71601821641e-09, 1.97254812484e-09, 1.69324587684e-09, 1.98904248627e-09, 1.07636788371e-09, 8.30070456814e-10, 8.62087956577e-10, 6.22964957397e-10, 2.68324779062e-10, 3.1471178441e-10, 1.62430555117e-10, 2.22403831462e-10, 1.97880517527e-10, 1.11823869609e-10, 1.17464857285e-10, 6.21434223524e-11, 4.20639009735e-11, 2.16831518018e-11, 1.90678896284e-11, 9.4898212552e-12, 4.18466390012e-12, 3.46973751814e-12, 1.64148588385e-12],
        "max": [0.0371899008751, 0.0451647564769, 0.0322367884219, 0.0305241812021, 0.018609886989, 0.0116358343512, 0.00627529621124, 0.00485926447436, 0.00402516964823, 0.00440309848636, 0.00345264165662, 0.0022441376932, 0.00132591440342, 0.000929171044845, 0.00149760511704, 0.000912869523745, 0.000991070875898, 0.000529524812009, 0.000522560148966, 0.000768074125517, 0.000569035182707, 0.000390713539673, 0.000366998603567, 0.000314824195812, 0.000271847558906, 0.000178425543709, 0.000181838142453, 0.000102153426269, 0.000215895022848, 0.000150056017446, 0.000103235674032, 0.000173352324055, 9.79700926109e-05, 9.39979217947e-05, 5.74937912461e-05, 5.4650776292e-05, 2.75170368695e-05, 1.64591892826e-05, 1.75885561475e-05, 1.48703784362e-05],
        "mean": [0.00225478014909, 0.00265425210819, 0.00204361858778, 0.00181351299398, 0.000855391554069, 0.000437085254816, 0.000359259400284, 0.000237533546169, 9.82666679192e-05, 0.000102271944343, 6.59372890368e-05, 7.29169405531e-05, 5.83087312407e-05, 4.29774772783e-05, 3.72207141481e-05, 4.7787620133e-05, 2.5026176445e-05, 2.14261945075e-05, 2.09894460568e-05, 1.84025338967e-05, 2.0328177925e-05, 1.68012084032e-05, 1.56649311975e-05, 1.47030650623e-05, 1.24755906654e-05, 1.01038222056e-05, 9.21120954445e-06, 8.8276092356e-06, 9.72083034867e-06, 8.43877569423e-06, 7.70858332544e-06, 7.9521587395e-06, 5.72510998609e-06, 4.89651392854e-06, 4.01331499233e-06, 3.34484593623e-06, 2.5112080948e-06, 1.70996906945e-06, 1.40387692227e-06, 9.42140104598e-07],
        "median": [0.000747232174035, 0.00117652653717, 0.000918041274417, 0.00064469082281, 0.000242842419539, 0.000105067891127, 0.000100453107734, 7.00003729435e-05, 3.11384828819e-05, 3.496203135e-05, 2.22897124331e-05, 2.53634298133e-05, 2.42690457526e-05, 1.74284577952e-05, 1.64466582646e-05, 1.858754149e-05, 1.25634196593e-05, 1.1181433365e-05, 1.08217736852e-05, 9.59913359111e-06, 1.14570357255e-05, 1.02057674667e-05, 9.40658901527e-06, 8.71827342053e-06, 7.97121447249e-06, 6.9517141128e-06, 6.31587317912e-06, 6.12350822848e-06, 5.97761891186e-06, 5.30020133738e-06, 4.90544289278e-06, 4.83528356199e-06, 3.96367295252e-06, 3.32397803504e-06, 2.58835439126e-06, 1.99921623789e-06, 1.63394759056e-06, 1.17327977023e-06, 8.13114468201e-07, 5.67732683976e-07],
        "min": [1.34894021641e-24, 1.66002958514e-24, 1.62228633791e-24, 7.01964523852e-25, 1.41934329118e-24, 3.01774794988e-24, 1.86199671232e-24, 1.75904247558e-24, 1.9394884912e-24, 3.55925560181e-24, 3.33481560237e-24, 4.0432533216e-24, 2.86518974499e-24, 3.0068916461e-24, 4.20671634521e-24, 3.1209130097e-24, 3.43432646126e-24, 5.12282406432e-24, 4.8101507615e-24, 5.52847133014e-24, 3.98790368505e-24, 2.88604722732e-24, 4.17281386452e-24, 3.47583671653e-24, 4.26302957536e-24, 5.08280712275e-24, 5.67067967996e-24, 5.29603543657e-24, 5.06471538675e-24, 6.18771173901e-24, 6.34012439907e-24, 4.81169929545e-24, 6.13472197986e-24, 6.22591193392e-24, 4.94035304276e-24, 5.57276744769e-24, 7.03349803045e-24, 6.69998972782e-24, 6.2270191002e-24, 6.99295767967e-24],
        "var": [1.38314553624e-05, 1.76415305759e-05, 1.00808283605e-05, 9.53405015025e-06, 2.89121453534e-06, 8.382585861e-07, 4.17668843511e-07, 1.66729151374e-07, 4.19042436306e-08, 4.83956910102e-08, 2.31188899136e-08, 2.1610594203e-08, 9.33850774487e-09, 4.83602535795e-09, 4.93626295395e-09, 5.93544591254e-09, 1.63090374539e-09, 9.36390409656e-10, 9.85855286295e-10, 7.83394349391e-10, 9.0248208906e-10, 5.32289046173e-10, 4.99880636884e-10, 4.2577563697e-10, 2.85688722679e-10, 1.40105205215e-10, 1.22427970539e-10, 8.93564666704e-11, 1.60338742283e-10, 1.15062799566e-10, 8.40667951918e-11, 1.0805598083e-10, 4.0227314535e-11, 3.02341485181e-11, 2.15565829076e-11, 1.56543476099e-11, 7.42145407628e-12, 3.1518281908e-12, 3.1181908184e-12, 1.30591685469e-12]
    },
    "mfcc": {
        "mean": [-630.40826416, 92.5250701904, 18.6108398438, 32.3328285217, 4.62101650238, 12.984541893, 0.0826930403709, 4.38057661057, -2.57878708839, -2.07370066643, -2.5814936161, 0.580246627331, -2.5146343708],
        "cov": [[8197.15234375, -455.826049805, -590.959228516, -121.720046997, -62.667514801, 39.393157959, -200.964981079, -188.199523926, -234.961364746, -119.940330505, -132.760437012, -73.0800552368, -102.671783447], [-455.826049805, 1087.89624023, 262.595611572, 63.2110786438, 8.38924694061, -31.6323814392, 4.22847414017, -0.982650101185, 15.0294914246, 7.89427614212, -5.7967634201, -7.17803382874, 18.0507392883], [-590.959228516, 262.595611572, 509.484741211, 122.606765747, 70.2552185059, 48.1903915405, 49.3336601257, 66.0489273071, 54.1813163757, 33.8586196899, 25.3305091858, 6.28456640244, 7.08460664749], [-121.720046997, 63.2110786438, 122.606765747, 309.409362793, 127.203201294, 59.0543251038, 55.4165420532, 40.0032920837, 56.4335861206, 24.9153442383, 28.1944446564, 22.1721744537, 5.39562702179], [-62.667514801, 8.38924694061, 70.2552185059, 127.203201294, 172.018753052, 97.9518280029, 56.0824546814, 28.3725166321, 27.1589050293, 19.3061199188, 24.8996448517, 20.6067714691, 8.95848846436], [39.393157959, -31.6323814392, 48.1903915405, 59.0543251038, 97.9518280029, 193.80909729, 78.0724868774, 65.594619751, 32.4857254028, 27.0066585541, 26.3026313782, 18.9713134766, -4.96811771393], [-200.964981079, 4.22847414017, 49.3336601257, 55.4165420532, 56.0824546814, 78.0724868774, 129.792068481, 81.5127639771, 57.5913352966, 38.1993713379, 27.6933040619, 21.7423915863, 14.3188295364], [-188.199523926, -0.982650101185, 66.0489273071, 40.0032920837, 28.3725166321, 65.594619751, 81.5127639771, 160.316314697, 97.6209793091, 44.447177887, 30.174156189, 28.0780315399, -2.7107834816], [-234.961364746, 15.0294914246, 54.1813163757, 56.4335861206, 27.1589050293, 32.4857254028, 57.5913352966, 97.6209793091, 143.439956665, 72.8696136475, 43.1494407654, 27.9780826569, 16.0647888184], [-119.940330505, 7.89427614212, 33.8586196899, 24.9153442383, 19.3061199188, 27.0066585541, 38.1993713379, 44.447177887, 72.8696136475, 106.426109314, 63.950088501, 35.9478912354, 26.2077007294], [-132.760437012, -5.7967634201, 25.3305091858, 28.1944446564, 24.8996448517, 26.3026313782, 27.6933040619, 30.174156189, 43.1494407654, 63.950088501, 99.6202392578, 68.1539001465, 40.1707687378], [-73.0800552368, -7.17803382874, 6.28456640244, 22.1721744537, 20.6067714691, 18.9713134766, 21.7423915863, 28.0780315399, 27.9780826569, 35.9478912354, 68.1539001465, 104.504325867, 62.8692092896], [-102.671783447, 18.0507392883, 7.08460664749, 5.39562702179, 8.95848846436, -4.96811771393, 14.3188295364, -2.7107834816, 16.0647888184, 26.2077007294, 40.1707687378, 62.8692092896, 105.976615906]],
