{
"lowlevel": {
    "average_loudness": 0.701716065407,
    "barkbands_crest": {
        "dmean": 2.67047452927,
        "dmean2": 4.33549022675,
        "dvar": 6.18373298645,
        "dvar2": 15.2926082611,
        "max": 25.2686080933,
        "mean": 9.97810459137,
        "median": 9.37375640869,
        "min": 2.23984336853,
        "var": 12.9986505508
    },
    "barkbands_flatness_db": {
        "dmean": 0.0280548352748,
        "dmean2": 0.0433892831206,
        "dvar": 0.000838991836645,
        "dvar2": 0.00190078676678,
        "max": 0.484405338764,
        "mean": 0.15561953187,
        "median": 0.146070823073,
        "min": 0.0230627153069,
        "var": 0.0043171774596
    },
    "barkbands_kurtosis": {
        "dmean": 4.55540084839,
        "dmean2": 7.21727132797,
        "dvar": 53.6668663025,
        "dvar2": 127.228775024,
        "max": 140.966766357,
        "mean": 7.59072113037,
        "median": 4.70170068741,
        "min": -1.87473785877,
        "var": 97.3852233887
    },
    "barkbands_skewness": {
        "dmean": 0.639359712601,
        "dmean2": 0.988022506237,
        "dvar": 0.510664105415,
        "dvar2": 1.16493058205,
        "max": 10.980679512,
        "mean": 2.11354279518,
        "median": 2.08442878723,
        "min": -2.38028812408,
        "var": 1.72981989384
    },
    "barkbands_spread": {
        "dmean": 5.42305421829,
        "dmean2": 8.43346595764,
        "dvar": 48.4452667236,
        "dvar2": 112.063262939,
        "max": 132.789382935,
        "mean": 17.8228702545,
        "median": 15.3892602921,
        "min": 0.886083483696,
        "var": 152.114318848
    },
    "dissonance": {
        "dmean": 0.0205685254186,
        "dmean2": 0.0340735949576,
        "dvar": 0.000414737703977,
        "dvar2": 0.0010986214038,
        "max": 0.500000178814,
        "mean": 0.459599792957,
        "median": 0.469206273556,
        "min": 0.198121398687,
        "var": 0.00116907700431
    },
    "dynamic_complexity": 3.76176762581,
    "erbbands_crest": {
        "dmean": 2.24163174629,
        "dmean2": 3.58140611649,
        "dvar": 5.11371469498,
        "dvar2": 11.8276424408,
        "max": 29.9854068756,
        "mean": 8.15096187592,
        "median": 7.20075035095,
        "min": 2.36035776138,
        "var": 16.2606563568
    },
    "erbbands_flatness_db": {
        "dmean": 0.0163634289056,
        "dmean2": 0.0235492046922,
        "dvar": 0.00032353203278,
        "dvar2": 0.000650548550766,
        "max": 0.421507894993,
        "mean": 0.150236979127,
        "median": 0.127727627754,
        "min": 0.0553213432431,
        "var": 0.00405303342268
    },
    "erbbands_kurtosis": {
        "dmean": 0.813268244267,
        "dmean2": 1.25250935555,
        "dvar": 1.66144585609,
        "dvar2": 3.74067568779,
        "max": 40.3573036194,
        "mean": 0.303243309259,
        "median": -0.330895900726,
        "min": -1.79354846478,
        "var": 4.93299722672
    },
    "erbbands_skewness": {
        "dmean": 0.34518879652,
        "dmean2": 0.530832350254,
        "dvar": 0.121731266379,
        "dvar2": 0.282798141241,
        "max": 4.62203073502,
        "mean": 0.417620629072,
        "median": 0.366065561771,
        "min": -2.37375497818,
        "var": 0.527734398842
    },
    "erbbands_spread": {
        "dmean": 8.47987556458,
        "dmean2": 12.4728269577,
        "dvar": 77.2612075806,
        "dvar2": 163.771743774,
        "max": 152.465942383,
        "mean": 44.6535568237,
        "median": 44.4828414917,
        "min": 2.28431653976,
        "var": 391.09262085
    },
    "hfc": {
        "dmean": 5.54539680481,
        "dmean2": 7.99622774124,
        "dvar": 87.0727996826,
        "dvar2": 185.895721436,
        "max": 143.487319946,
        "mean": 14.5439043045,
        "median": 9.36695384979,
        "min": 1.09858472576e-16,
        "var": 228.406097412
    },
    "melbands_crest": {
        "dmean": 3.21981930733,
        "dmean2": 5.27587223053,
        "dvar": 8.92029762268,
        "dvar2": 23.3522186279,
        "max": 32.91746521,
        "mean": 13.6231918335,
        "median": 12.965927124,
        "min": 1.55894339085,
        "var": 18.7095413208
    },
    "melbands_flatness_db": {
        "dmean": 0.0342817157507,
        "dmean2": 0.0520196557045,
        "dvar": 0.00132352393121,
        "dvar2": 0.00293019949459,
        "max": 0.625748217106,
        "mean": 0.230028092861,
        "median": 0.224802583456,
        "min": 0.00483015598729,
        "var": 0.00643055373803
    },
    "melbands_kurtosis": {
        "dmean": 10.9751911163,
        "dmean2": 17.538110733,
        "dvar": 372.116485596,
        "dvar2": 847.118774414,
        "max": 474.92477417,
        "mean": 21.5190429688,
        "median": 15.0478343964,
        "min": -1.65626335144,
        "var": 656.416320801
    },
    "melbands_skewness": {
        "dmean": 0.862008750439,
        "dmean2": 1.33651149273,
        "dvar": 0.975651323795,
        "dvar2": 2.20318865776,
        "max": 18.1523761749,
        "mean": 3.34192061424,
        "median": 3.23836421967,
        "min": -0.995397150517,
        "var": 3.19701623917
    },
    "melbands_spread": {
        "dmean": 5.84988451004,
        "dmean2": 9.13837337494,
        "dvar": 84.8493652344,
        "dvar2": 187.329498291,
        "max": 184.602935791,
        "mean": 17.2478256226,
        "median": 12.5924758911,
        "min": 0.913781046867,
        "var": 289.773681641
    },
    "pitch_salience": {
        "dmean": 0.0803936496377,
        "dmean2": 0.131502196193,
        "dvar": 0.00560241751373,
        "dvar2": 0.014444113709,
        "max": 0.940235316753,
        "mean": 0.58527725935,
        "median": 0.600239276886,
        "min": 0.116373099387,
        "var": 0.0132540725172
    },
    "silence_rate_20dB": {
        "dmean": 0,
        "dmean2": 0,
        "dvar": 0,
        "dvar2": 0,
        "max": 1,
        "mean": 1,
        "median": 1,
        "min": 1,
        "var": 0
    },
    "silence_rate_30dB": {
        "dmean": 0.0447262078524,
        "dmean2": 0.0894586518407,
        "dvar": 0.0427359342575,
        "dvar2": 0.10824201256,
        "max": 1,
        "mean": 0.966353178024,
        "median": 1,
        "min": 0,
        "var": 0.032512113452
    },
    "silence_rate_60dB": {
        "dmean": 0.0515535734594,
        "dmean2": 0.103114329278,
        "dvar": 0.0488983355463,
        "dvar2": 0.114491842687,
        "max": 1,
        "mean": 0.113061651587,
        "median": 0,
        "min": 0,
        "var": 0.100273475051
    },
    "spectral_centroid": {
        "dmean": 252.644241333,
        "dmean2": 387.311004639,
        "dvar": 92090.25,
        "dvar2": 204522.546875,
        "max": 11488.0859375,
        "mean": 1061.38574219,
        "median": 924.154296875,
        "min": 186.983474731,
        "var": 413521.71875
    },
    "spectral_complexity": {
        "dmean": 4.22223758698,
        "dmean2": 6.24663829803,
        "dvar": 30.8411140442,
        "dvar2": 61.4229545593,
        "max": 58,
        "mean": 15.9375133514,
        "median": 13,
        "min": 0,
        "var": 111.695701599
    },
    "spectral_decrease": {
        "dmean": 3.79337761203e-09,
        "dmean2": 5.89807624962e-09,
        "dvar": 3.7321380078e-17,
        "dvar2": 8.62679101628e-17,
        "max": 6.54927403546e-29,
        "mean": -7.98491139875e-09,
        "median": -6.24810292393e-09,
        "min": -6.65826291879e-08,
        "var": 6.81959526899e-17
    },
    "spectral_energy": {
        "dmean": 0.0146994655952,
        "dmean2": 0.0227828659117,
        "dvar": 0.000552123819944,
        "dvar2": 0.00126720510889,
        "max": 0.25433331728,
        "mean": 0.0314561016858,
        "median": 0.0245862994343,
        "min": 9.99114303399e-21,
        "var": 0.00103435060009
    },
    "spectral_energyband_high": {
        "dmean": 0.000337896199198,
        "dmean2": 0.000470534578199,
        "dvar": 3.75481675974e-07,
        "dvar2": 7.4210799994e-07,
        "max": 0.00898673105985,
        "mean": 0.0006794949295,
        "median": 0.000241793910391,
        "min": 7.25875059764e-21,
        "var": 1.04912464849e-06
    },
    "spectral_energyband_low": {
        "dmean": 0.0107439961284,
        "dmean2": 0.0172195509076,
        "dvar": 0.000421954871854,
        "dvar2": 0.00103818823118,
        "max": 0.236458212137,
        "mean": 0.0151229463518,
        "median": 0.00785817950964,
        "min": 2.65795196199e-23,
        "var": 0.000512647500727
    },
    "spectral_energyband_middle_high": {
        "dmean": 0.00119040906429,
        "dmean2": 0.00183326879051,
        "dvar": 3.5612974898e-06,
        "dvar2": 8.35362789076e-06,
        "max": 0.0298368055373,
        "mean": 0.00281076016836,
        "median": 0.00184993096627,
        "min": 1.33285161045e-21,
        "var": 8.29461623653e-06
    },
    "spectral_energyband_middle_low": {
        "dmean": 0.00715713808313,
        "dmean2": 0.0116719296202,
        "dvar": 0.000146264952491,
        "dvar2": 0.000384726328775,
        "max": 0.139090135694,
        "mean": 0.0147624127567,
        "median": 0.0104472460225,
        "min": 2.4823587189e-22,
        "var": 0.00024220944033
    },
    "spectral_entropy": {
        "dmean": 0.223016306758,
        "dmean2": 0.329215347767,
        "dvar": 0.0638475641608,
        "dvar2": 0.138665035367,
        "max": 9.80592536926,
        "mean": 7.3646569252,
        "median": 7.48391056061,
        "min": 4.47254228592,
        "var": 0.36582800746
    },
    "spectral_flux": {
        "dmean": 0.0357319973409,
        "dmean2": 0.056255325675,
        "dvar": 0.00178737414535,
        "dvar2": 0.00383545504883,
        "max": 0.385661303997,
        "mean": 0.0861668810248,
        "median": 0.0683305189013,
        "min": 6.66780450298e-11,
        "var": 0.00435855705291
    },
    "spectral_kurtosis": {
        "dmean": 2.72732710838,
        "dmean2": 4.47329187393,
        "dvar": 74.4221496582,
        "dvar2": 195.749191284,
        "max": 230.04309082,
        "mean": 6.44313287735,
        "median": 3.73223781586,
        "min": -1.26305747032,
        "var": 167.536010742
    },
    "spectral_rms": {
        "dmean": 0.00112402706873,
        "dmean2": 0.00168304762337,
        "dvar": 2.05542505682e-06,
        "dvar2": 4.21998811362e-06,
        "max": 0.0157521441579,
        "mean": 0.00484554795548,
        "median": 0.004897614941,
        "min": 3.12209177782e-12,
        "var": 7.20933712728e-06
    },
    "spectral_rolloff": {
        "dmean": 398.145965576,
        "dmean2": 664.597351074,
        "dvar": 565827.6875,
        "dvar2": 1203080.125,
        "max": 18841.5527344,
        "mean": 1087.13684082,
        "median": 602.9296875,
        "min": 64.599609375,
        "var": 2387341.25
    },
    "spectral_skewness": {
        "dmean": 0.294489920139,
        "dmean2": 0.460548907518,
        "dvar": 0.244925916195,
        "dvar2": 0.64704567194,
        "max": 12.9501438141,
        "mean": 1.75767850876,
        "median": 1.59085333347,
        "min": -0.0718491598964,
        "var": 0.807606577873
    },
    "spectral_spread": {
        "dmean": 494348.25,
        "dmean2": 725762.375,
        "dvar": 357857492992,
        "dvar2": 732970418176,
        "max": 42293568,
        "mean": 4799193.5,
        "median": 4984125.5,
        "min": 381558.71875,
        "var": 2.91001073664e+12
    },
    "spectral_strongpeak": {
        "dmean": 0.288417935371,
        "dmean2": 0.494846820831,
        "dvar": 0.193826779723,
        "dvar2": 0.486935675144,
        "max": 8.14734268188,
        "mean": 0.493727684021,
        "median": 0.31844612956,
        "min": 0,
        "var": 0.29672947526
    },
    "zerocrossingrate": {
        "dmean": 0.0101374657825,
        "dmean2": 0.0115215051919,
        "dvar": 0.000161707328516,
        "dvar2": 0.000186737946933,
        "max": 0.7900390625,
        "mean": 0.0519442148507,
        "median": 0.0439453125,
        "min": 0.00390625,
        "var": 0.0017740126932
    },
    "barkbands": {
        "dmean": [0.000294052326353, 0.00698030740023, 0.00406300881878, 0.0031662043184, 0.00341346487403, 0.00108812109102, 0.000842841574922, 0.000507029180881, 0.000297417631373, 0.000336687429808, 0.000160104304086, 0.000258068786934, 0.000189830185263, 0.000141224154504, 0.000185117096407, 0.000156066307682, 0.000122190627735, 0.000121886492707, 0.000117059797049, 9.55585710471e-05, 9.39042511163e-05, 9.27413639147e-05, 6.0449456214e-05, 4.61914205516e-05, 3.94144044549e-05, 1.92731131392e-05, 1.40041015584e-06],
        "dmean2": [0.000506295124069, 0.011501098983, 0.00691397581249, 0.00531967449933, 0.00562151987106, 0.00177764333785, 0.00146022299305, 0.000833038706332, 0.000463090953417, 0.00053234945517, 0.000255632417975, 0.000408142252127, 0.000302299449686, 0.000224718940444, 0.000292092794552, 0.000270398391876, 0.000196236942429, 0.000200995287742, 0.000194208623725, 0.000141578406328, 0.000141443379107, 0.000131028951728, 8.8007436716e-05, 7.03160621924e-05, 5.82786015002e-05, 2.93131397484e-05, 2.37454742091e-06],
        "dvar": [3.73548743937e-07, 0.000179997412488, 0.000110497130663, 4.41945485363e-05, 3.84730483347e-05, 4.6197365009e-06, 5.11992629981e-06, 1.06371692254e-06, 3.1614391105e-07, 4.24603001647e-07, 9.73112292968e-08, 2.59539035596e-07, 1.17359611806e-07, 7.78440778504e-08, 1.17953334211e-07, 1.18345177214e-07, 4.63631977254e-08, 5.53140466764e-08, 4.85817750473e-08, 2.68127742231e-08, 3.07725933624e-08, 3.33589866841e-08, 1.4190010944e-08, 7.43265493597e-09, 5.93091264989e-09, 1.53839518902e-09, 1.44995361204e-11],
        "dvar2": [1.07808568828e-06, 0.000464851880679, 0.000299361214275, 0.000120689357573, 0.000100647346699, 1.19551114039e-05, 1.45370549944e-05, 2.86346471512e-06, 6.98673886745e-07, 1.04539822132e-06, 2.3518605019e-07, 6.23396374522e-07, 2.73208115686e-07, 1.83439823331e-07, 2.73342891433e-07, 3.24432164689e-07, 1.15976099835e-07, 1.49218337242e-07, 1.30215028094e-07, 5.54042607348e-08, 6.9053200491e-08, 6.62607675395e-08, 3.08884864353e-08, 1.86129689439e-08, 1.33553905712e-08, 3.73717590207e-09, 3.95881452619e-11],
        "max": [0.00748695619404, 0.168643712997, 0.115811541677, 0.0934523642063, 0.0905799269676, 0.0430618748069, 0.0342304669321, 0.0224409140646, 0.0101326815784, 0.0152538875118, 0.00874331966043, 0.0144842239097, 0.0104961628094, 0.00682986620814, 0.00757435057312, 0.00540536595508, 0.00404271250591, 0.00594994192943, 0.00316205946729, 0.00351987569593, 0.00322508951649, 0.00226630899124, 0.00190430763178, 0.00157964532264, 0.00150263379328, 0.000750129984226, 6.51771551929e-05],
        "mean": [0.000340421567671, 0.00844796095043, 0.00446954322979, 0.00396991614252, 0.00644866935909, 0.00189007003792, 0.00105129589792, 0.000818530737888, 0.000487829762278, 0.000522232614458, 0.000236502964981, 0.000430294137914, 0.00031170703005, 0.000220099973376, 0.000295817153528, 0.000194937398192, 0.000197742381715, 0.000182852847502, 0.000172466039658, 0.000164133147337, 0.000161222968018, 0.000157449045219, 0.000103262900666, 8.1644851889e-05, 6.69616856612e-05, 3.10237264785e-05, 1.42869475894e-06],
        "median": [7.18430674169e-05, 0.00279487599619, 0.00191109010484, 0.00208784383722, 0.00385162699968, 0.000918087898754, 0.000399895710871, 0.000342218816513, 0.00020261228201, 0.000211686594412, 8.13418009784e-05, 0.000173895707121, 0.000129188498249, 9.30628593778e-05, 0.000115839553473, 6.68822758598e-05, 8.36313556647e-05, 7.36792280804e-05, 6.244207907e-05, 5.16914369655e-05, 5.01068461745e-05, 4.63683136331e-05, 3.03745364363e-05, 2.44656439463e-05, 2.03383933695e-05, 1.09480115498e-05, 2.40497143977e-07],
        "min": [8.79778071181e-24, 1.28857257647e-23, 1.11115050137e-23, 3.34942796874e-25, 8.47307688575e-24, 4.70936076465e-23, 3.23195555563e-23, 1.04030605891e-23, 4.34908483379e-23, 3.33830441861e-23, 3.69790666226e-23, 3.45834727583e-23, 7.51324505213e-23, 1.02568060928e-22, 6.81994801915e-23, 9.6930444381e-23, 1.23192949202e-22, 1.7557816007e-22, 2.08194112757e-22, 2.07270552274e-22, 3.8140362014e-22, 4.26055469782e-22, 3.65115018221e-22, 7.93173563614e-22, 1.09873183017e-21, 1.60336632794e-21, 2.20858960308e-21],
        "var": [4.64261859179e-07, 0.000200782524189, 8.85298941284e-05, 4.21618424298e-05, 5.96699210291e-05, 7.97507345851e-06, 4.50526704299e-06, 1.82776625479e-06, 6.2637496967e-07, 7.18656508525e-07, 1.68100186215e-07, 5.63887624594e-07, 2.58070457448e-07, 1.50381723074e-07, 2.50654210276e-07, 1.19949788768e-07, 8.50651531437e-08, 7.55494014015e-08, 6.90338737286e-08, 6.4654315679e-08, 6.70701396643e-08, 7.46314512412e-08, 3.0519050398e-08, 1.88681266167e-08, 1.36926106009e-08, 2.91754376214e-09, 1.36452802182e-11]
    },
    "erbbands": {
        "dmean": [0.170242890716, 1.70650923252, 4.32074213028, 7.78918409348, 12.4859189987, 10.9567346573, 10.7137308121, 7.8438615799, 11.2392959595, 11.177895546, 11.0447568893, 6.71486139297, 7.73957872391, 10.5475587845, 6.34906005859, 11.5201425552, 8.57698345184, 7.55910158157, 9.88944244385, 7.50632667542, 8.65908813477, 5.95182657242, 6.3609957695, 5.83998394012, 5.70577001572, 4.7162361145, 4.07434511185, 3.43120718002, 3.54595303535, 2.6102232933, 1.47080028057, 1.09538555145, 0.7467187047, 0.493795961142, 0.261199086905, 0.110132075846, 0.0302950199693, 0.00459664920345, 0.000203201649128, 1.92524912563e-05],
        "dmean2": [0.282679289579, 2.82322573662, 7.29198455811, 12.9907894135, 20.8577785492, 17.8373775482, 17.4741573334, 12.8653707504, 19.227640152, 19.6016025543, 17.817199707, 10.4812002182, 12.1786909103, 16.4237861633, 10.1275587082, 18.0139694214, 13.6547775269, 11.9893417358, 15.5332126617, 12.5255784988, 14.6484060287, 9.54849338531, 10.3627195358, 9.71856021881, 9.24942874908, 7.0506029129, 6.11779785156, 5.17426156998, 4.9590716362, 3.79054188728, 2.16442155838, 1.69744229317, 1.12594687939, 0.742604017258, 0.388117223978, 0.166782140732, 0.0477221645415, 0.00720655126497, 0.00033648245153, 2.91862488666e-05],
        "dvar": [0.115290746093, 11.1211442947, 116.012680054, 274.481445312, 537.019836426, 434.080078125, 414.721099854, 256.282989502, 768.352416992, 1126.31323242, 494.929046631, 150.119506836, 253.16217041, 404.433776855, 129.628723145, 576.633544922, 242.006027222, 245.583984375, 358.875183105, 233.916427612, 353.079864502, 104.877952576, 136.14289856, 131.670837402, 108.005348206, 71.0507202148, 61.5853729248, 41.04737854, 51.8697013855, 29.2629985809, 8.1812505722, 4.43902158737, 2.0837495327, 0.877754688263, 0.318946778774, 0.0505625829101, 0.00420255260542, 0.000114769049105, 3.37365634095e-07, 8.94277929486e-10],
        "dvar2": [0.297581136227, 28.8601074219, 313.53503418, 742.866882324, 1436.23693848, 1119.33569336, 1063.76025391, 664.081787109, 2159.85620117, 3225.89282227, 1266.29382324, 350.201965332, 586.430175781, 958.921325684, 320.863037109, 1367.19812012, 553.14251709, 595.583068848, 804.487304688, 620.073486328, 943.059936523, 265.597259521, 359.629211426, 360.460784912, 279.193725586, 149.679962158, 136.414489746, 90.2581176758, 103.477127075, 61.076133728, 18.6921005249, 11.5315437317, 5.03220844269, 2.04806804657, 0.734044253826, 0.120206788182, 0.0107362959534, 0.000300180603517, 9.23656330087e-07, 1.95721483465e-09],
        "max": [3.70608854294, 41.5617904663, 118.710174561, 223.165237427, 285.097076416, 311.222869873, 401.403106689, 308.278503418, 446.254486084, 525.123962402, 638.284667969, 248.797317505, 246.037765503, 566.662231445, 328.644561768, 718.984619141, 517.320495605, 463.568511963, 469.40737915, 260.333312988, 347.669616699, 168.857162476, 265.937927246, 221.64453125, 169.577377319, 210.328933716, 214.294036865, 132.026138306, 110.266304016, 81.5386810303, 63.4400177002, 45.7097702026, 24.082244873, 16.6783714294, 12.6396179199, 5.19509124756, 1.0016258955, 0.188333302736, 0.0110063673928, 0.000299937761156],
        "mean": [0.19469319284, 2.06175994873, 5.08465862274, 9.96074962616, 19.1368255615, 20.5376167297, 19.6918373108, 13.293091774, 15.2850389481, 13.7841072083, 19.1858711243, 11.7429199219, 12.3043117523, 17.2560863495, 11.2284402847, 19.6867465973, 14.9145622253, 12.7950839996, 16.316526413, 10.6578044891, 12.0464334488, 9.93517112732, 10.266699791, 8.90873718262, 8.86297416687, 8.06342601776, 6.62485408783, 6.08783817291, 5.86938095093, 4.36441469193, 2.64825248718, 1.87230622768, 1.29599511623, 0.822911679745, 0.429677307606, 0.179176986217, 0.0470149517059, 0.00654295831919, 0.00024559153826, 4.27771265095e-05],
        "median": [0.0511940456927, 0.721327602863, 2.46283507347, 5.51827383041, 12.2746772766, 10.772143364, 10.22352314, 5.98072147369, 6.36940908432, 5.40093612671, 8.15594768524, 5.78542852402, 4.93239974976, 7.37449359894, 5.78484153748, 8.44961071014, 6.93668174744, 5.87082099915, 6.69213724136, 4.74940729141, 4.58681631088, 4.44006729126, 4.58496999741, 3.79414582253, 3.37307548523, 2.60301852226, 2.02286624908, 1.98785245419, 1.60494756699, 1.20204305649, 0.880441486835, 0.563339233398, 0.396237820387, 0.243166536093, 0.132457450032, 0.0618258118629, 0.0168692395091, 0.00213156966493, 7.22920158296e-05, 3.17068806908e-05],
        "min": [2.28663639608e-22, 3.40460795051e-21, 1.53647247818e-20, 2.97650926787e-21, 5.93503099249e-21, 4.57280273709e-20, 2.15778179494e-19, 4.15609841893e-19, 4.547361828e-19, 4.95011244934e-19, 2.86912429301e-19, 7.91140766854e-19, 2.26081551544e-18, 2.04873198985e-18, 1.85774611937e-18, 1.81734992698e-18, 3.44456515233e-18, 4.75390334688e-18, 4.41196962912e-18, 4.83854667101e-18, 6.24012480965e-18, 7.04653243548e-18, 1.03010480858e-17, 9.38809711552e-18, 8.99925522599e-18, 8.80015781563e-18, 1.53311309092e-17, 1.49984851889e-17, 1.35455043927e-17, 1.27814616491e-17, 1.04856789344e-17, 1.44907352592e-17, 1.40510887636e-17, 1.16646321645e-17, 7.64057880983e-18, 4.82679119374e-18, 2.90899610459e-18, 1.26096684368e-18, 2.78729028103e-19, 3.25254073075e-20],
        "var": [0.126867204905, 12.0573577881, 98.0749893188, 258.490081787, 635.171691895, 687.277404785, 801.644226074, 427.800140381, 774.621398926, 890.086853027, 1037.06347656, 287.542633057, 429.793334961, 756.09753418, 262.14074707, 1143.22729492, 556.845397949, 469.726135254, 801.200134277, 288.658843994, 419.024688721, 187.690292358, 208.248291016, 173.518615723, 174.689743042, 159.878860474, 120.341880798, 99.4638290405, 112.192771912, 59.5073738098, 18.4574508667, 10.4675645828, 4.76292228699, 1.89860796928, 0.649480044842, 0.100846000016, 0.00679938774556, 0.000155230271048, 3.18726250725e-07, 1.93379068314e-09]
    },
    "gfcc": {
        "mean": [-27.9137496948, 99.8620376587, -105.51714325, 33.2503662109, -57.614238739, 12.7849817276, -39.8867988586, 3.09321451187, -28.8538646698, 1.32969117165, -15.8996658325, 0.370548248291, -11.1605901718],
        "cov": [[15270.1533203, -991.798522949, 1215.66931152, 1377.34033203, -300.589477539, 752.982177734, -461.451538086, 358.083312988, -306.618621826, 275.720031738, -656.674682617, 311.229888916, -259.534790039], [-991.798522949, 2099.67919922, 54.2138061523, -97.0627822876, 555.49029541, -97.5769271851, 354.36138916, -138.793365479, 134.379272461, -222.728607178, 203.951004028, -193.133987427, 164.654754639], [1215.66931152, 54.2138061523, 1581.15356445, 492.300567627, 210.399795532, 441.079589844, 114.394630432, 178.2684021, -18.2763195038, 52.9474182129, -243.41394043, 15.9868831635, -133.512664795], [1377.34033203, -97.0627822876, 492.300567627, 581.564453125, 145.82258606, 250.533889771, 67.8749465942, 93.9445419312, 27.6944885254, 19.8040313721, -98.9877624512, 8.77105617523, -30.5431938171], [-300.589477539, 555.49029541, 210.399795532, 145.82258606, 485.880218506, 124.761535645, 162.155715942, 32.1386184692, 44.5368156433, -54.7186164856, 31.4470252991, -46.9823188782, 9.32663249969], [752.982177734, -97.5769271851, 441.079589844, 250.533889771, 124.761535645, 341.5730896, 85.3425064087, 116.829048157, -4.08610105515, 24.3211688995, -86.7034835815, 9.60276222229, -49.1283912659], [-461.451538086, 354.36138916, 114.394630432, 67.8749465942, 162.155715942, 85.3425064087, 224.606109619, 39.4675216675, 48.4589042664, -44.6702003479, 37.609703064, -45.7863883972, 29.3481826782], [358.083312988, -138.793365479, 178.2684021, 93.9445419312, 32.1386184692, 116.829048157, 39.4675216675, 139.721313477, 2.90133357048, 19.0058231354, -51.7301368713, 7.74302005768, -38.691204071], [-306.618621826, 134.379272461, -18.2763195038, 27.6944885254, 44.5368156433, -4.08610105515, 48.4589042664, 2.90133357048, 110.55254364, 17.4232654572, 28.766456604, -13.9096240997, 32.4061050415], [275.720031738, -222.728607178, 52.9474182129, 19.8040313721, -54.7186164856, 24.3211688995, -44.6702003479, 19.0058231354, 17.4232654572, 107.975006104, -6.02737140656, 30.0211772919, -23.447227478], [-656.674682617, 203.951004028, -243.41394043, -98.9877624512, 31.4470252991, -86.7034835815, 37.609703064, -51.7301368713, 28.766456604, -6.02737140656, 151.715560913, 2.08221936226, 42.5507011414], [311.229888916, -193.133987427, 15.9868831635, 8.77105617523, -46.9823188782, 9.60276222229, -45.7863883972, 7.74302005768, -13.9096240997, 30.0211772919, 2.08221936226, 97.224357605, 4.56926965714], [-259.534790039, 164.654754639, -133.512664795, -30.5431938171, 9.32663249969, -49.1283912659, 29.3481826782, -38.691204071, 32.4061050415, -23.447227478, 42.5507011414, 4.56926965714, 102.446136475]],
        "icov": [[0.000178929811227, -0.000389595283195, 0.000243362897891, -0.000517138803843, 0.000312730408041, -0.00023748294916, 0.0003738347732, -0.000324738706695, 0.000599473598413, -0.000667822139803, 0.000746915640775, -0.000699288328178, 0.000248839816777], [-0.000389595283195, 0.00253753666766, -0.00121234881226, 0.00161248049699, -0.00186843133997, 0.00102787837386, -0.00147204427049, 0.00173191947397, -0.00212683179416, 0.00326798250899, -0.00304302270524, 0.00334685039707, -0.00189046666492], [0.000243362897891, -0.00121234881226, 0.00195834692568, -0.00129923678469, 0.000605779874604, -0.00119683879893, -1.70199036802e-05, -0.000506402924657, 0.00123325828463, -0.00219143391587, 0.00320707005449, -0.00224863318726, 0.00179101258982], [-0.000517138803843, 0.00161248049699, -0.00129923678469, 0.00451229466125, -0.00163436250295, -0.000519317400176, -0.00106238771696, 0.0011771536665, -0.00287883472629, 0.00251857424155, -0.00181511219125, 0.00225055171177, -0.00146039598621], [0.000312730408041, -0.00186843133997, 0.000605779874604, -0.00163436250295, 0.00458717346191, -0.00152745726518, 0.000117812014651, -0.00114107562695, 0.000922076927964, -0.000958089716733, 0.000866105896421, -0.00182131433394, 0.00169320986606], [-0.00023748294916, 0.00102787837386, -0.00119683879893, -0.000519317400176, -0.00152745726518, 0.00745143322274, -0.00272899121046, -0.00169167446438, 0.000317761296174, -0.000128486935864, 9.1802849056e-06, 0.000518801040016, -0.000269850774202], [0.0003738347732, -0.00147204427049, -1.70199036802e-05, -0.00106238771696, 0.000117812014651, -0.00272899121046, 0.0107433721423, -0.00390828028321, -0.00070974288974, 0.00132120959461, -0.00209679617546, 0.0012835675152, -0.00155856751371], [-0.000324738706695, 0.00173191947397, -0.000506402924657, 0.0011771536665, -0.00114107562695, -0.00169167446438, -0.00390828028321, 0.0131514091045, -0.00262789707631, 0.00116068008356, 0.000871909258422, 0.000329091824824, 0.00218399241567], [0.000599473598413, -0.00212683179416, 0.00123325828463, -0.00287883472629, 0.000922076927964, 0.000317761296174, -0.00070974288974, -0.00262789707631, 0.0156035292894, -0.00814749114215, 0.00232958374545, -0.000969785091002, -0.00275961100124], [-0.000667822139803, 0.00326798250899, -0.00219143391587, 0.00251857424155, -0.000958089716733, -0.000128486935864, 0.00132120959461, 0.00116068008356, -0.00814749114215, 0.0187226943672, -0.0068900254555, 0.00201134732924, 0.000670540845022], [0.000746915640775, -0.00304302270524, 0.00320707005449, -0.00181511219125, 0.000866105896421, 9.1802849056e-06, -0.00209679617546, 0.000871909258422, 0.00232958374545, -0.0068900254555, 0.0173157602549, -0.00744764134288, 0.00210332195275], [-0.000699288328178, 0.00334685039707, -0.00224863318726, 0.00225055171177, -0.00182131433394, 0.000518801040016, 0.0012835675152, 0.000329091824824, -0.000969785091002, 0.00201134732924, -0.00744764134288, 0.0186776984483, -0.00621168268844], [0.000248839816777, -0.00189046666492, 0.00179101258982, -0.00146039598621, 0.00169320986606, -0.000269850774202, -0.00155856751371, 0.00218399241567, -0.00275961100124, 0.000670540845022, 0.00210332195275, -0.00621168268844, 0.0167463943362]]
    },
    "melbands": {
        "dmean": [0.00175014231354, 0.00221716193482, 0.00143669091631, 0.000873630633578, 0.000360534177162, 0.000181286799489, 0.000170392391738, 0.000115423754323, 8.17692416604e-05, 4.296276893e-05, 4.03682315664e-05, 4.59615148429e-05, 2.12046961678e-05, 3.00007686747e-05, 2.33662649407e-05, 1.73892367457e-05, 1.4057505723e-05, 1.56854202942e-05, 1.16510700536e-05, 1.05131084638e-05, 1.06067709567e-05, 6.47415890853e-06, 6.26269820714e-06, 6.21789604338e-06, 4.78019319416e-06, 5.01902559336e-06, 3.74451178686e-06, 3.10294308292e-06, 2.8268996175e-06, 2.29568559007e-06, 2.08679489333e-06, 2.12958252632e-06, 1.86141176073e-06, 1.4477654986e-06, 8.82127608293e-07, 7.69647613197e-07, 6.80288621879e-07, 5.56681129638e-07, 4.86448072934e-07, 4.13730901982e-07],
        "dmean2": [0.0028815199621, 0.00364856142551, 0.00237555522472, 0.00144188059494, 0.000587868562434, 0.000298136932543, 0.000292047538096, 0.000200920636416, 0.000131029475597, 6.70567460475e-05, 6.39614081592e-05, 7.18590308679e-05, 3.38412864949e-05, 4.74913103972e-05, 3.67772408936e-05, 2.76985192613e-05, 2.23249353439e-05, 2.47512998612e-05, 1.8685548639e-05, 1.81646701094e-05, 1.7917205696e-05, 1.04624641608e-05, 1.00004253909e-05, 1.02863086795e-05, 8.01752958068e-06, 8.31263332657e-06, 5.76541742703e-06, 4.76671084471e-06, 4.30586806033e-06, 3.5481600662e-06, 3.17419539897e-06, 3.04598347611e-06, 2.80714903056e-06, 2.14853548641e-06, 1.32060279157e-06, 1.19068772619e-06, 1.07802043203e-06, 8.49187415497e-07, 7.45337274566e-07, 6.30146303138e-07],
        "dvar": [1.14462836791e-05, 2.34451872529e-05, 8.43892121338e-06, 2.62385356109e-06, 4.42595620598e-07, 1.35164697213e-07, 1.7939592567e-07, 1.06636228736e-07, 2.63857362626e-08, 6.85495793462e-09, 6.98166946478e-09, 7.82083997564e-09, 1.66258040668e-09, 3.46646489291e-09, 1.62614688382e-09, 1.00237329548e-09, 8.63643712101e-10, 8.92884988168e-10, 4.8103648842e-10, 5.56745261004e-10, 5.61480917316e-10, 1.34582178735e-10, 1.27775193204e-10, 1.55288698567e-10, 9.23459295143e-11, 9.1376496647e-11, 4.30526378437e-11, 3.21537935166e-11, 3.35766171811e-11, 2.22821431445e-11, 1.58838463216e-11, 1.97453026152e-11, 1.43998563074e-11, 9.58897631437e-12, 3.04287693133e-12, 2.52258630651e-12, 1.88915745027e-12, 1.19812883573e-12, 8.57807802655e-13, 6.75524469262e-13],
        "dvar2": [2.93576340482e-05, 6.10953356954e-05, 2.25036637858e-05, 6.91725927027e-06, 1.12539464681e-06, 3.52741977849e-07, 5.05811783569e-07, 3.05450413407e-07, 6.62566392862e-08, 1.57163846382e-08, 1.63580065049e-08, 1.8572343663e-08, 4.01676691908e-09, 8.31679525248e-09, 3.90829457686e-09, 2.38668063091e-09, 2.0830333014e-09, 2.00356509161e-09, 1.20417509297e-09, 1.54709878242e-09, 1.49630252633e-09, 3.41552647276e-10, 3.1809699319e-10, 4.18363399479e-10, 2.54160220647e-10, 2.42128372907e-10, 9.80375641779e-11, 7.11425293676e-11, 7.83334230814e-11, 5.18672708949e-11, 3.60072249794e-11, 4.07176722894e-11, 3.15306530885e-11, 2.04606349224e-11, 7.01298567829e-12, 6.27656954189e-12, 5.05050081617e-12, 2.92399416311e-12, 2.07593729533e-12, 1.56977133115e-12],
        "max": [0.0411317721009, 0.0564176216722, 0.0378404147923, 0.0228089280427, 0.0118753118441, 0.00717820646241, 0.00681756949052, 0.00519716134295, 0.0051390635781, 0.00155162496958, 0.00132161763031, 0.00242586713284, 0.00133648572955, 0.00162618211471, 0.00102322781458, 0.00073399906978, 0.000778637826443, 0.000710842316039, 0.000491685874294, 0.000345422507962, 0.000384590850445, 0.000179264097824, 0.000197006593226, 0.000368372973753, 0.000193638712517, 0.000176544112037, 0.000113558635348, 0.000123577250633, 0.000220580084715, 8.30057542771e-05, 9.44093189901e-05, 7.14463822078e-05, 4.8421050451e-05, 4.15506438003e-05, 3.08247581415e-05, 3.68505461665e-05, 2.95483532682e-05, 1.79183552973e-05, 1.65321289387e-05, 1.7321550331e-05],
        "mean": [0.00211488851346, 0.00278755370528, 0.00200842134655, 0.00151421315968, 0.000710775435437, 0.00030634747236, 0.000230490986723, 0.000148640494444, 0.000145297992276, 7.04333433532e-05, 6.24907988822e-05, 7.31156469556e-05, 3.40676670021e-05, 5.10046374984e-05, 3.95336355723e-05, 2.85524729406e-05, 2.25434614549e-05, 2.50744851655e-05, 1.75680761458e-05, 1.30996049847e-05, 1.43608513099e-05, 1.01519863165e-05, 9.88939245872e-06, 9.16466797207e-06, 6.75084947943e-06, 7.16299109627e-06, 5.81374843023e-06, 5.059554951e-06, 4.31268881584e-06, 3.53583686774e-06, 3.5187542835e-06, 3.30748184751e-06, 3.05911362375e-06, 2.19226058107e-06, 1.51553297201e-06, 1.28111071263e-06, 1.10055589175e-06, 9.13650524126e-07, 8.19555452836e-07, 6.52341270779e-07],
        "median": [0.000642981845886, 0.00137899152469, 0.00124330085237, 0.00089516188018, 0.000386738596717, 0.000140224612551, 9.6261544968e-05, 6.11226569163e-05, 6.46187036182e-05, 3.01635191136e-05, 2.38398606598e-05, 2.92787262879e-05, 1.34940501084e-05, 2.14548217627e-05, 1.82500971277e-05, 1.23456838992e-05, 9.08624224394e-06, 1.0038608707e-05, 7.26855114408e-06, 4.8532369874e-06, 5.08721950609e-06, 4.13299540014e-06, 3.92340552935e-06, 3.38307177117e-06, 2.51012011176e-06, 2.45455908043e-06, 1.8302027911e-06, 1.52061750214e-06, 1.14832027975e-06, 9.89001250673e-07, 1.15860416372e-06, 8.71021086368e-07, 8.78111961811e-07, 5.15585952598e-07, 4.82033840399e-07, 4.24405612875e-07, 3.07843805558e-07, 2.73447625432e-07, 2.45539041543e-07, 1.81434970159e-07],
        "min": [2.87732045356e-24, 6.95537476842e-24, 7.22271085451e-25, 1.48018842863e-24, 7.0023317138e-24, 8.42294950839e-24, 6.46867204459e-24, 5.50163467658e-24, 1.91629183906e-24, 6.07931593975e-24, 1.09366106067e-23, 6.51804448206e-24, 5.29005271547e-24, 5.19292658309e-24, 5.33080921413e-24, 8.47729176957e-24, 7.95803512276e-24, 7.43880135291e-24, 6.53381381156e-24, 6.54627268626e-24, 7.31088361283e-24, 5.89821871946e-24, 9.00711205276e-24, 1.00220541825e-23, 6.93979792099e-24, 7.02413819581e-24, 6.27850371275e-24, 4.52395636382e-24, 8.41752451194e-24, 5.89403144577e-24, 1.0139143229e-23, 7.38573073552e-24, 9.15108153454e-24, 6.34062295916e-24, 5.65204875753e-24, 8.28586914889e-24, 8.35714115395e-24, 8.42324375351e-24, 8.28398377132e-24, 8.63387592609e-24],
        "var": [1.30516209538e-05, 2.317635699e-05, 8.79160234035e-06, 3.63211393051e-06, 8.72709449595e-07, 2.18231832605e-07, 1.77610786523e-07, 8.93066669505e-08, 5.73501921508e-08, 1.27235244562e-08, 1.15119664912e-08, 1.44826319826e-08, 3.15680326324e-09, 7.9377517892e-09, 3.43170114547e-09, 2.0089920838e-09, 1.6923575874e-09, 1.93819027494e-09, 7.99696309173e-10, 5.28381838283e-10, 6.65747457163e-10, 2.25854404623e-10, 2.40156644571e-10, 2.12341574879e-10, 1.15468454243e-10, 1.32369282202e-10, 8.21811507734e-11, 6.79862763309e-11, 6.00410693385e-11, 3.9921427275e-11, 3.59503954384e-11, 3.86113536976e-11, 2.85984604054e-11, 1.72557263617e-11, 6.39556376608e-12, 4.95389363211e-12, 3.9590262492e-12, 2.48555408026e-12, 1.93990526767e-12, 1.31571750023e-12]
    },
    "mfcc": {
        "mean": [-670.38092041, 126.738899231, 11.0244626999, 23.1845397949, 5.32553815842, 6.96454143524, 0.0444585420191, 0.110112585127, -5.23411750793, -2.43125295639, -1.88630890846, -2.65721011162, -2.53232550621],
        "cov": [[9870.09082031, -1038.72253418, 924.414123535, 648.299560547, 210.394744873, 456.903045654, 42.2540054321, 222.472824097, 324.323822021, -1.17678010464, 6.88523817062, -36.0649986267, -22.9131717682], [-1038.72253418, 1730.87097168, 20.4677124023, 43.2024269104, 251.998626709, 57.5108261108, 223.045684814, 103.807846069, 30.2787303925, 31.8455848694, 11.0510759354, -21.9746723175, -16.7338695526], [924.414123535, 20.4677124023, 1163.24377441, 280.715637207, 220.981002808, 304.4637146, 158.085205078, 169.472640991, 213.475601196, 56.1378059387, 30.5754489899, 16.9238395691, 4.0067076683], [648.299560547, 43.2024269104, 280.715637207, 355.602233887, 200.143615723, 164.741943359, 98.2172164917, 112.339157104, 102.142478943, 43.0827484131, 31.7335834503, -14.7119131088, -6.90640544891], [210.394744873, 251.998626709, 220.981002808, 200.143615723, 337.793640137, 177.525772095, 141.573577881, 126.538154602, 92.7051696777, 45.277381897, 29.8663539886, -9.5469417572, -10.9577713013], [456.903045654, 57.5108261108, 304.4637146, 164.741943359, 177.525772095, 256.586151123, 125.127197266, 114.542503357, 111.1901474, 48.0752258301, 31.2264842987, 8.06378364563, 1.44012105465], [42.2540054321, 223.045684814, 158.085205078, 98.2172164917, 141.573577881, 125.127197266, 224.467254639, 137.519546509, 72.4163970947, 43.9983787537, 24.2912216187, 5.08543252945, -9.08646583557], [222.472824097, 103.807846069, 169.472640991, 112.339157104, 126.538154602, 114.542503357, 137.519546509, 185.189376831, 100.136512756, 30.3113059998, 20.5980644226, -4.73391771317, -7.54526281357], [324.323822021, 30.2787303925, 213.475601196, 102.142478943, 92.7051696777, 111.1901474, 72.4163970947, 100.136512756, 161.075576782, 52.9749603271, 12.0942087173, -5.49993991852, -5.66591310501], [-1.17678010464, 31.8455848694, 56.1378059387, 43.0827484131, 45.277381897, 48.0752258301, 43.9983787537, 30.3113059998, 52.9749603271, 101.795837402, 27.2931938171, -5.34057569504, -4.85896062851], [6.88523817062, 11.0510759354, 30.5754489899, 31.7335834503, 29.8663539886, 31.2264842987, 24.2912216187, 20.5980644226, 12.0942087173, 27.2931938171, 86.4671554565, 28.8892040253, 4.67609214783], [-36.0649986267, -21.9746723175, 16.9238395691, -14.7119131088, -9.5469417572, 8.06378364563, 5.08543252945, -4.73391771317, -5.49993991852, -5.34057569504, 28.8892040253, 92.2016830444, 32.6622505188], [-22.9131717682, -16.7338695526, 4.0067076683, -6.90640544891, -10.9577713013, 1.44012105465, -9.08646583557, -7.54526281357, -5.66591310501, -4.85896062851, 4.67609214783, 32.6622505188, 77.2357788086]],
