{
"lowlevel": {
    "average_loudness": 0.946407973766,
    "barkbands_crest": {
        "dmean": 3.40568566322,
        "dmean2": 5.24727773666,
        "dvar": 8.95413208008,
        "dvar2": 19.8168621063,
        "max": 26.2097606659,
        "mean": 13.3442087173,
        "median": 12.475728035,
        "min": 2.07267737389,
        "var": 34.8260803223
    },
    "barkbands_flatness_db": {
        "dmean": 0.039393350482,
        "dmean2": 0.0543988496065,
        "dvar": 0.00157432758715,
        "dvar2": 0.00302856322378,
        "max": 0.57673984766,
        "mean": 0.164813548326,
        "median": 0.150699287653,
        "min": 0.0209069494158,
        "var": 0.00658471975476
    },
    "barkbands_kurtosis": {
        "dmean": 10.2296409607,
        "dmean2": 16.0047740936,
        "dvar": 482.54876709,
        "dvar2": 1145.28222656,
        "max": 430.758972168,
        "mean": 14.2685098648,
        "median": 5.63485145569,
        "min": -1.91911506653,
        "var": 722.866455078
    },
    "barkbands_skewness": {
        "dmean": 1.0014424324,
        "dmean2": 1.49899053574,
        "dvar": 1.33115100861,
        "dvar2": 2.99482011795,
        "max": 17.5068225861,
        "mean": 2.66487026215,
        "median": 2.33798193932,
        "min": -4.1583571434,
        "var": 4.39150190353
    },
    "barkbands_spread": {
        "dmean": 7.72132253647,
        "dmean2": 11.6727495193,
        "dvar": 76.1473388672,
        "dvar2": 162.459487915,
        "max": 115.069969177,
        "mean": 20.3753890991,
        "median": 17.393075943,
        "min": 0.182656720281,
        "var": 223.019622803
    },
    "dissonance": {
        "dmean": 0.015692807734,
        "dmean2": 0.0253980644047,
        "dvar": 0.000294758181553,
        "dvar2": 0.000719582021702,
        "max": 0.500000059605,
        "mean": 0.470815122128,
        "median": 0.477935433388,
        "min": 0.164915561676,
        "var": 0.000686791609041
    },
    "dynamic_complexity": 3.09499979019,
    "erbbands_crest": {
        "dmean": 2.79342794418,
        "dmean2": 4.54354476929,
        "dvar": 8.04046726227,
        "dvar2": 19.0009403229,
        "max": 33.5086555481,
        "mean": 7.74828672409,
        "median": 6.39005374908,
        "min": 2.29336476326,
        "var": 19.1411380768
    },
    "erbbands_flatness_db": {
        "dmean": 0.0225476082414,
        "dmean2": 0.0320056155324,
        "dvar": 0.00056371075334,
        "dvar2": 0.00109740719199,
        "max": 0.471234291792,
        "mean": 0.13651637733,
        "median": 0.127022758126,
        "min": 0.0368966422975,
        "var": 0.00227670371532
    },
    "erbbands_kurtosis": {
        "dmean": 1.27059972286,
        "dmean2": 1.99761271477,
        "dvar": 9.24432563782,
        "dvar2": 21.5755462646,
        "max": 107.589553833,
        "mean": 0.263434976339,
        "median": -0.655885219574,
        "min": -1.85428512096,
        "var": 13.3149871826
    },
    "erbbands_skewness": {
        "dmean": 0.490432113409,
        "dmean2": 0.734302222729,
        "dvar": 0.288635611534,
        "dvar2": 0.604559898376,
        "max": 8.04905414581,
        "mean": 0.252559661865,
        "median": 0.122881166637,
        "min": -3.96769356728,
        "var": 0.841786801815
    },
    "erbbands_spread": {
        "dmean": 13.2911214828,
        "dmean2": 20.3622436523,
        "dvar": 181.833847046,
        "dvar2": 403.607299805,
        "max": 156.970535278,
        "mean": 53.1058959961,
        "median": 50.1513404846,
        "min": 0.965117871761,
        "var": 494.756103516
    },
    "hfc": {
        "dmean": 8.31804084778,
        "dmean2": 12.0856723785,
        "dvar": 121.341758728,
        "dvar2": 253.473968506,
        "max": 120.806343079,
        "mean": 19.4499168396,
        "median": 15.4686117172,
        "min": 1.069272158e-16,
        "var": 270.222290039
    },
    "melbands_crest": {
        "dmean": 3.79317808151,
        "dmean2": 5.86098766327,
        "dvar": 10.6684904099,
        "dvar2": 24.2253742218,
        "max": 32.6924972534,
        "mean": 16.9989929199,
        "median": 16.8836402893,
        "min": 1.62830591202,
        "var": 35.2540664673
    },
    "melbands_flatness_db": {
        "dmean": 0.0452575795352,
        "dmean2": 0.0625089779496,
        "dvar": 0.00206334912218,
        "dvar2": 0.00400262558833,
        "max": 0.692509293556,
        "mean": 0.235094934702,
        "median": 0.227034464478,
        "min": 0.00286165741272,
        "var": 0.0101075917482
    },
    "melbands_kurtosis": {
        "dmean": 22.8086185455,
        "dmean2": 35.6926841736,
        "dvar": 1612.54699707,
        "dvar2": 4026.88671875,
        "max": 748.84954834,
        "mean": 38.5808067322,
        "median": 21.9628829956,
        "min": -1.8332451582,
        "var": 2656.54370117
    },
    "melbands_skewness": {
        "dmean": 1.33146011829,
        "dmean2": 2.0066318512,
        "dvar": 1.981549263,
        "dvar2": 4.5807723999,
        "max": 22.090379715,
        "mean": 4.34977006912,
        "median": 3.95286250114,
        "min": -2.20759868622,
        "var": 6.81799077988
    },
    "melbands_spread": {
        "dmean": 7.95882940292,
        "dmean2": 12.0819892883,
        "dvar": 125.383018494,
        "dvar2": 268.978912354,
        "max": 209.274505615,
        "mean": 19.2871055603,
        "median": 11.7393016815,
        "min": 0.282060772181,
        "var": 494.724334717
    },
    "pitch_salience": {
        "dmean": 0.0974707454443,
        "dmean2": 0.148097425699,
        "dvar": 0.00723418546841,
        "dvar2": 0.0159718785435,
        "max": 0.905317783356,
        "mean": 0.485449373722,
        "median": 0.498583137989,
        "min": 0.047959279269,
        "var": 0.0254014953971
    },
    "silence_rate_20dB": {
        "dmean": 0,
        "dmean2": 0,
        "dvar": 0,
        "dvar2": 0,
        "max": 1,
        "mean": 1,
        "median": 1,
        "min": 1,
        "var": 0
    },
    "silence_rate_30dB": {
        "dmean": 0.0368217043579,
        "dmean2": 0.0736498981714,
        "dvar": 0.0354608483613,
        "dvar2": 0.0904294550419,
        "max": 1,
        "mean": 0.966880977154,
        "median": 1,
        "min": 0,
        "var": 0.0320236422122
    },
    "silence_rate_60dB": {
        "dmean": 0.0147991543636,
        "dmean2": 0.0296009164304,
        "dvar": 0.0145778991282,
        "dvar2": 0.0333130098879,
        "max": 1,
        "mean": 0.0905487537384,
        "median": 0,
        "min": 0,
        "var": 0.0823324993253
    },
    "spectral_centroid": {
        "dmean": 399.74621582,
        "dmean2": 596.344482422,
        "dvar": 179184.515625,
        "dvar2": 366543.46875,
        "max": 11765.1376953,
        "mean": 1475.18615723,
        "median": 1334.95751953,
        "min": 132.296783447,
        "var": 1441381.375
    },
    "spectral_complexity": {
        "dmean": 6.33033847809,
        "dmean2": 8.99427318573,
        "dvar": 59.010723114,
        "dvar2": 104.635185242,
        "max": 61,
        "mean": 20.3101387024,
        "median": 17,
        "min": 0,
        "var": 206.911895752
    },
    "spectral_decrease": {
        "dmean": 4.56614968058e-09,
        "dmean2": 6.95025281772e-09,
        "dvar": 2.67069769511e-17,
        "dvar2": 6.61694065112e-17,
        "max": 1.69054603659e-28,
        "mean": -1.15267910772e-08,
        "median": -1.03988737621e-08,
        "min": -5.14147160402e-08,
        "var": 7.93206915132e-17
    },
    "spectral_energy": {
        "dmean": 0.0176682788879,
        "dmean2": 0.0268791485578,
        "dvar": 0.000393666792661,
        "dvar2": 0.000973379705101,
        "max": 0.195498481393,
        "mean": 0.0452689267695,
        "median": 0.0416157692671,
        "min": 1.00779291436e-20,
        "var": 0.00116805476137
    },
    "spectral_energyband_high": {
        "dmean": 0.000657010881696,
        "dmean2": 0.000969422108028,
        "dvar": 7.73976069013e-07,
        "dvar2": 1.58993168498e-06,
        "max": 0.0132609363645,
        "mean": 0.00110198662151,
        "median": 0.000632011739071,
        "min": 6.89244368001e-21,
        "var": 1.62712183283e-06
    },
    "spectral_energyband_low": {
        "dmean": 0.0147386947647,
        "dmean2": 0.0224511362612,
        "dvar": 0.000352183385985,
        "dvar2": 0.000882301246747,
        "max": 0.185669615865,
        "mean": 0.0303718820214,
        "median": 0.019870441407,
        "min": 1.48388806794e-23,
        "var": 0.00095369911287
    },
    "spectral_energyband_middle_high": {
        "dmean": 0.00181129772682,
        "dmean2": 0.00275100814179,
        "dvar": 9.16374392546e-06,
        "dvar2": 2.03268446057e-05,
        "max": 0.0523466579616,
        "mean": 0.0034970024135,
        "median": 0.00204366166145,
        "min": 1.12589277814e-21,
        "var": 1.70846142282e-05
    },
    "spectral_energyband_middle_low": {
        "dmean": 0.00662026926875,
        "dmean2": 0.00993995927274,
        "dvar": 7.70627084421e-05,
        "dvar2": 0.000168557977304,
        "max": 0.106302492321,
        "mean": 0.0119881480932,
        "median": 0.00892357807606,
        "min": 1.76809363684e-22,
        "var": 0.000131962733576
    },
    "spectral_entropy": {
        "dmean": 0.247720584273,
        "dmean2": 0.354534447193,
        "dvar": 0.0866673216224,
        "dvar2": 0.1741720438,
        "max": 9.8308506012,
        "mean": 7.65799665451,
        "median": 7.75797939301,
        "min": 4.57331562042,
        "var": 0.290088385344
    },
    "spectral_flux": {
        "dmean": 0.0359846241772,
        "dmean2": 0.0582003965974,
        "dvar": 0.0013800439192,
        "dvar2": 0.00336967594922,
        "max": 0.340557843447,
        "mean": 0.105712935328,
        "median": 0.0975593402982,
        "min": 6.42636777126e-11,
        "var": 0.00348080019467
    },
    "spectral_kurtosis": {
        "dmean": 1.65187954903,
        "dmean2": 2.67416477203,
        "dvar": 8.08748626709,
        "dvar2": 18.8868675232,
        "max": 65.0869903564,
        "mean": 3.46109342575,
        "median": 2.68560886383,
        "min": -1.28403556347,
        "var": 13.7892980576
    },
    "spectral_rms": {
        "dmean": 0.00128011929337,
        "dmean2": 0.00188212189823,
        "dvar": 1.67844723364e-06,
        "dvar2": 3.78174127036e-06,
        "max": 0.0138105116785,
        "mean": 0.0059940260835,
        "median": 0.00637187156826,
        "min": 3.13562197041e-12,
        "var": 8.23627760838e-06
    },
    "spectral_rolloff": {
        "dmean": 562.873352051,
        "dmean2": 928.880981445,
        "dvar": 1019995.75,
        "dvar2": 2276344.75,
        "max": 19573.6816406,
        "mean": 1318.05871582,
        "median": 452.197265625,
        "min": 64.599609375,
        "var": 5133340.5
    },
    "spectral_skewness": {
        "dmean": 0.282405763865,
        "dmean2": 0.425106972456,
        "dvar": 0.11658641696,
        "dvar2": 0.249210298061,
        "max": 6.4796538353,
        "mean": 1.28650391102,
        "median": 1.17593872547,
        "min": -0.448188006878,
        "var": 0.310259103775
    },
    "spectral_spread": {
        "dmean": 731333.5625,
        "dmean2": 1101980.125,
        "dvar": 1.09557776384e+12,
        "dvar2": 2.58348626739e+12,
        "max": 53200220,
        "mean": 5085702.5,
        "median": 4554919,
        "min": 1072083.125,
        "var": 1.33920131645e+13
    },
    "spectral_strongpeak": {
        "dmean": 0.301948130131,
        "dmean2": 0.499006837606,
        "dvar": 0.208841383457,
        "dvar2": 0.555426239967,
        "max": 9.29894733429,
        "mean": 0.592096626759,
        "median": 0.509616374969,
        "min": 0,
        "var": 0.242926567793
    },
    "zerocrossingrate": {
        "dmean": 0.0131338713691,
        "dmean2": 0.0149015905336,
        "dvar": 0.000202607508982,
        "dvar2": 0.000243379807216,
        "max": 0.87744140625,
        "mean": 0.0545342601836,
        "median": 0.04248046875,
        "min": 0.00244140625,
        "var": 0.00363522465341
    },
    "barkbands": {
        "dmean": [0.000288249138976, 0.0121591985226, 0.00505911605433, 0.00235478952527, 0.00386937148869, 0.00125940679573, 0.000718023162335, 0.000769874663092, 0.000345226319041, 0.000344991276506, 0.000156446811161, 0.000328379159328, 0.000233015889535, 0.000188314530533, 0.0002780269715, 0.000228213350056, 0.000237175030634, 0.000286843627691, 0.000246980926022, 0.000282334192889, 0.000200489710551, 0.00012492852693, 7.35348221497e-05, 6.69082801323e-05, 6.62415186525e-05, 2.47286661761e-05, 5.80132518735e-06],
        "dmean2": [0.00044497763156, 0.018381331116, 0.00788846425712, 0.00383628811687, 0.00617902772501, 0.00194751482923, 0.0011017905781, 0.00119156111032, 0.000558406230994, 0.000567362003494, 0.000249348056968, 0.000554187339731, 0.000382227270165, 0.000312798656523, 0.000451484840596, 0.000360730075045, 0.000373709423002, 0.000457666348666, 0.000396361458115, 0.000441313110059, 0.000304650660837, 0.000192277846509, 0.000113023459562, 0.000104646904219, 0.000109696185973, 3.94523085561e-05, 1.00398528957e-05],
        "dvar": [3.75907774242e-07, 0.000291875010589, 9.72185662249e-05, 2.82636956399e-05, 3.74789415218e-05, 3.52466372533e-06, 2.19035018745e-06, 3.47024774783e-06, 6.11759503499e-07, 5.08440507474e-07, 9.70486269125e-08, 1.2147391999e-06, 5.92027674884e-07, 1.4640943391e-07, 3.07346596173e-07, 1.85172183365e-07, 1.65513611705e-07, 3.08064159071e-07, 1.38061452049e-07, 1.62420136007e-07, 7.69424630676e-08, 3.53879201498e-08, 1.00347596899e-08, 9.41459177284e-09, 1.47073357937e-08, 1.90816651369e-09, 2.41095809983e-10],
        "dvar2": [8.71113741141e-07, 0.00072118017124, 0.000227706084843, 7.49486935092e-05, 8.93767864909e-05, 7.85121119407e-06, 4.88758951178e-06, 7.78544745117e-06, 1.43673662478e-06, 1.24168218463e-06, 2.30294403991e-07, 3.40619089911e-06, 1.47662240124e-06, 3.58371551101e-07, 7.55143332754e-07, 4.20112456823e-07, 3.67706633142e-07, 7.34986315365e-07, 3.2903403735e-07, 3.63510224588e-07, 1.64043271411e-07, 7.82922739972e-08, 2.2119731824e-08, 2.16900790662e-08, 3.82173652724e-08, 4.65442218101e-09, 6.43108899467e-10],
        "max": [0.008710029535, 0.182998657227, 0.102689243853, 0.0672273188829, 0.0776965990663, 0.0472494736314, 0.0303788278252, 0.0406777746975, 0.0249912589788, 0.0164751466364, 0.00942123588175, 0.0477555990219, 0.0346313007176, 0.0110697643831, 0.00718740560114, 0.00560496980324, 0.0055751055479, 0.00631148833781, 0.00544727314264, 0.00463685207069, 0.00476161856204, 0.00340437283739, 0.00153236358892, 0.00149501592387, 0.00158997252584, 0.00110143446364, 0.000268815172603],
        "mean": [0.000321947474731, 0.0224289745092, 0.00600160239264, 0.00253662909381, 0.00507530290633, 0.00181126955431, 0.000970433698967, 0.000998667441308, 0.00048419367522, 0.000416202994529, 0.00020028273866, 0.000393482856452, 0.000305268767988, 0.000239512330154, 0.000370870664483, 0.000324085092871, 0.000359005614882, 0.000412845343817, 0.000373329210561, 0.000420936034061, 0.000313364202157, 0.000196104956558, 0.000119917625852, 9.48717279243e-05, 6.69282744639e-05, 2.83349763777e-05, 4.52649555882e-06],
        "median": [5.29326644028e-05, 0.0106472624466, 0.00188639108092, 0.000832282647025, 0.00280399154872, 0.00102993799374, 0.00041204309673, 0.000368653069017, 0.000224345858442, 0.000164206809131, 8.21680951049e-05, 0.000131792054162, 0.000121967546875, 8.89219591045e-05, 0.000145244543091, 0.000114790433145, 0.000144015619298, 0.000133746958454, 0.000173137261299, 0.000186640056199, 0.000161201882293, 8.32508303574e-05, 6.19174024905e-05, 4.01433862862e-05, 1.81821087608e-05, 5.32518788532e-06, 1.94763927652e-07],
        "min": [1.21128384053e-25, 2.58220364461e-24, 1.24867964383e-24, 2.23113135393e-24, 5.76109970577e-24, 1.05631946197e-23, 5.72521481763e-24, 8.15089820345e-24, 1.07638043145e-23, 9.16069774898e-24, 9.9544921903e-24, 2.21664865657e-23, 2.97419462376e-23, 2.12905022844e-23, 4.60526993712e-23, 5.64369771821e-23, 6.700990319e-23, 1.09518417752e-22, 1.376823929e-22, 1.73855805346e-22, 2.30024847499e-22, 3.12886948445e-22, 3.57390896134e-22, 6.48214149744e-22, 8.79554615285e-22, 1.24299214919e-21, 1.94249412224e-21],
        "var": [4.73496982067e-07, 0.000741195515729, 0.000122179248137, 2.5914680009e-05, 4.61538547825e-05, 6.15736962573e-06, 3.11574217449e-06, 4.81119695905e-06, 1.08956066924e-06, 6.2614702756e-07, 1.35290761705e-07, 1.22012738757e-06, 5.86374824252e-07, 1.84186305319e-07, 3.77782527039e-07, 2.83394314238e-07, 2.96426577506e-07, 4.40802438106e-07, 2.48568255756e-07, 3.03724419837e-07, 1.53460746333e-07, 6.60619292603e-08, 2.23867751004e-08, 1.78586141431e-08, 1.42372202916e-08, 3.89737619955e-09, 1.87363485837e-10]
    },
    "erbbands": {
        "dmean": [0.329840362072, 2.92333221436, 5.38941383362, 6.86830806732, 8.81157684326, 14.9881839752, 15.6140089035, 8.77634620667, 10.6078100204, 11.462928772, 15.6981811523, 8.21006965637, 9.06747817993, 9.73628139496, 7.31632137299, 14.9995985031, 10.4703760147, 10.1149940491, 14.6748161316, 11.5293302536, 12.8068666458, 11.3378353119, 14.1834859848, 12.1771659851, 13.6861925125, 14.4476900101, 11.1754131317, 6.13631343842, 4.59982967377, 3.21423411369, 2.00381231308, 1.51134431362, 1.16584706306, 1.00487363338, 0.284568548203, 0.121812924743, 0.0405074693263, 0.0129913883284, 0.000722782628145, 2.88359224214e-05],
        "dmean2": [0.481535226107, 4.40203475952, 8.14473152161, 10.5696439743, 14.2145519257, 24.078754425, 24.4217147827, 13.7108001709, 16.043794632, 17.850440979, 24.4991188049, 13.100394249, 14.8189382553, 15.9128522873, 11.659327507, 25.2594051361, 17.2370872498, 16.3794288635, 24.4447288513, 17.9970340729, 20.1977367401, 17.4122047424, 22.3992919922, 19.2266788483, 22.1799793243, 22.881734848, 17.1174812317, 9.16620254517, 7.03564405441, 4.9649643898, 3.15200710297, 2.32499909401, 1.8715993166, 1.69393336773, 0.457082539797, 0.195921674371, 0.064421005547, 0.0213902164251, 0.0012447090121, 4.55709923699e-05],
        "dvar": [0.283168524504, 16.3134059906, 79.9301757812, 204.045547485, 255.8228302, 734.185974121, 476.643493652, 339.992828369, 425.986572266, 1067.61376953, 1264.6072998, 441.186431885, 327.777740479, 521.971923828, 250.370040894, 2950.18457031, 1167.71691895, 444.855743408, 842.601806641, 512.477478027, 495.528747559, 393.04196167, 725.893554688, 483.878692627, 425.374328613, 459.918609619, 248.327255249, 82.5769271851, 50.8798408508, 19.5960254669, 8.08637523651, 4.48897314072, 3.50265789032, 3.76704072952, 0.206210047007, 0.0440058112144, 0.00564282387495, 0.000755050044972, 4.08858477385e-06, 1.36105338111e-09],
        "dvar2": [0.626561403275, 40.6744003296, 184.121429443, 495.851165771, 644.802368164, 1742.08459473, 1110.41625977, 753.43170166, 926.674377441, 2436.78759766, 2847.34716797, 1038.15539551, 798.601867676, 1283.6887207, 634.399719238, 8278.81738281, 2960.59863281, 1060.58068848, 2159.49633789, 1138.73522949, 1113.74328613, 817.546142578, 1682.12597656, 1136.77600098, 1060.29174805, 1089.58435059, 550.600646973, 168.923858643, 109.59576416, 44.1038703918, 18.9698410034, 10.0887775421, 8.68115615845, 10.0142459869, 0.501939296722, 0.110943838954, 0.013262424618, 0.0019037994789, 1.09513339339e-05, 3.51154416656e-09],
        "max": [5.94278621674, 44.2432136536, 91.1180419922, 178.234527588, 181.879638672, 340.833099365, 488.744598389, 591.381835938, 421.84185791, 784.094421387, 966.561035156, 701.418151855, 371.47555542, 567.533447266, 374.70980835, 2416.79833984, 1515.65429688, 535.735961914, 404.477966309, 331.261230469, 281.688415527, 265.003723145, 319.461975098, 405.127380371, 270.252929688, 277.431762695, 240.708816528, 145.238479614, 133.077163696, 64.3673858643, 41.9583473206, 31.6247444153, 27.6772289276, 24.8736591339, 6.63292598724, 4.51685810089, 2.26386451721, 0.429253667593, 0.0403521955013, 0.000639663543552],
        "mean": [0.537436068058, 5.34669160843, 8.04621696472, 8.60001850128, 10.5631685257, 18.0471687317, 20.7412338257, 12.7092494965, 14.8940982819, 15.1598834991, 20.6919116974, 12.1614208221, 11.3901538849, 12.5696372986, 10.0771150589, 18.3606433868, 14.1802749634, 13.8843784332, 19.3308143616, 15.942317009, 19.6599006653, 18.306016922, 21.1145076752, 18.9620704651, 19.9869174957, 21.3907413483, 16.4061489105, 10.0797109604, 7.25750923157, 5.01749420166, 3.15588879585, 2.26973867416, 1.46814465523, 0.970114946365, 0.321247369051, 0.133686631918, 0.0479308888316, 0.012375254184, 0.000608186062891, 6.33626186755e-05],
        "median": [0.168214410543, 2.70030045509, 3.91486501694, 3.16448569298, 4.95937156677, 8.65728378296, 11.4889793396, 6.47352457047, 6.70943784714, 6.30436086655, 8.17232704163, 5.94451618195, 4.7933216095, 5.23909521103, 4.73639059067, 6.00182437897, 6.010887146, 5.66620445251, 7.746717453, 6.04143333435, 7.96026706696, 7.35807561874, 7.33728313446, 7.51230669022, 9.71973896027, 8.95011806488, 8.04164600372, 4.77485466003, 2.97462415695, 2.36359667778, 1.63787889481, 1.08550870419, 0.555530846119, 0.25786960125, 0.0914341509342, 0.0283417180181, 0.00857825763524, 0.00139519455843, 6.33104791632e-05, 5.90213312535e-05],
        "min": [6.1171177599e-23, 6.82942406878e-22, 1.84464406799e-21, 5.21997172313e-21, 1.42161166466e-20, 2.80897966755e-20, 6.49658864305e-20, 8.97724255402e-20, 9.93580465101e-20, 1.50065555766e-19, 3.47489579744e-19, 3.53690901098e-19, 6.55038743612e-19, 4.13469460359e-19, 9.96317024136e-19, 9.54129158535e-19, 1.61206582602e-18, 1.53681493095e-18, 2.54511728518e-18, 2.2487854142e-18, 3.11517087227e-18, 4.4680417213e-18, 5.27364615476e-18, 6.2117880834e-18, 8.10632202654e-18, 8.97371188867e-18, 8.74956496783e-18, 1.06818688049e-17, 1.02001295695e-17, 1.07163101241e-17, 1.0621314221e-17, 1.04294025286e-17, 1.01629924687e-17, 9.21080997637e-18, 6.22729606553e-18, 3.93844347002e-18, 2.21968437307e-18, 9.72668654206e-19, 2.282704679e-19, 2.63199629756e-20],
        "var": [0.622657477856, 40.7315368652, 128.350463867, 242.320510864, 264.698303223, 826.368103027, 711.89654541, 582.938049316, 648.692321777, 1406.4675293, 1807.22070312, 759.107543945, 429.598693848, 650.346740723, 320.979553223, 2951.13720703, 1137.07226562, 575.433044434, 1011.55273438, 705.227416992, 852.207458496, 771.737365723, 1098.11865234, 798.261779785, 677.234436035, 834.791442871, 432.420288086, 175.291854858, 95.5238952637, 39.649974823, 16.0048961639, 9.41125392914, 4.96421337128, 3.26779508591, 0.285803049803, 0.0683908313513, 0.0139893228188, 0.000868253118824, 3.27554585056e-06, 2.44247688741e-09]
    },
    "gfcc": {
        "mean": [-17.0349731445, 91.5589599609, -101.213996887, 53.5030975342, -54.4466972351, 12.2648105621, -32.6135749817, 6.83184766769, -21.3572120667, 3.53822612762, -11.7879400253, -1.15176403522, -8.0749578476],
        "cov": [[23544.8242188, 216.111846924, -1161.53881836, 1024.02416992, -422.629180908, 296.19354248, -414.411376953, 381.547027588, -379.552947998, 499.505645752, -290.384094238, 211.806182861, -223.301559448], [216.111846924, 1481.43371582, 196.34274292, 192.066375732, 234.940826416, -45.1099739075, 144.122650146, -50.7348060608, 183.416748047, -101.370780945, 145.408004761, -86.8265151978, 117.351501465], [-1161.53881836, 196.34274292, 1209.31982422, 277.735839844, 324.944488525, 180.565689087, 187.495178223, 63.1523361206, 101.817100525, 51.6217346191, 56.8687133789, 55.9106750488, 98.5359954834], [1024.02416992, 192.066375732, 277.735839844, 577.711303711, 133.931106567, 130.589874268, 76.712928772, 31.1708507538, 63.0481033325, 22.1790904999, 64.3314971924, -10.1506462097, 74.9849395752], [-422.629180908, 234.940826416, 324.944488525, 133.931106567, 448.130767822, 92.4592590332, 101.682304382, 27.0800361633, 80.8627243042, 52.4520301819, 29.9134464264, 20.2729511261, 24.2679271698], [296.19354248, -45.1099739075, 180.565689087, 130.589874268, 92.4592590332, 227.093734741, 88.2916412354, 47.5417709351, -2.26387834549, 28.2183570862, 3.57727360725, 15.2737321854, 24.5144519806], [-414.411376953, 144.122650146, 187.495178223, 76.712928772, 101.682304382, 88.2916412354, 203.475540161, 66.2809829712, 51.8327178955, -4.6917719841, 37.8916893005, -4.09319877625, 39.8918914795], [381.547027588, -50.7348060608, 63.1523361206, 31.1708507538, 27.0800361633, 47.5417709351, 66.2809829712, 150.032974243, 51.091342926, 38.1984176636, -15.5339956284, 9.59774875641, -18.6715011597], [-379.552947998, 183.416748047, 101.817100525, 63.0481033325, 80.8627243042, -2.26387834549, 51.8327178955, 51.091342926, 159.599151611, 29.7885398865, 53.5238685608, -16.5676193237, 18.972158432], [499.505645752, -101.370780945, 51.6217346191, 22.1790904999, 52.4520301819, 28.2183570862, -4.6917719841, 38.1984176636, 29.7885398865, 116.580039978, 20.8959465027, 29.8048534393, -16.037115097], [-290.384094238, 145.408004761, 56.8687133789, 64.3314971924, 29.9134464264, 3.57727360725, 37.8916893005, -15.5339956284, 53.5238685608, 20.8959465027, 129.636932373, 10.6802892685, 49.1091156006], [211.806182861, -86.8265151978, 55.9106750488, -10.1506462097, 20.2729511261, 15.2737321854, -4.09319877625, 9.59774875641, -16.5676193237, 29.8048534393, 10.6802892685, 88.3701934814, 20.5983543396], [-223.301559448, 117.351501465, 98.5359954834, 74.9849395752, 24.2679271698, 24.5144519806, 39.8918914795, -18.6715011597, 18.972158432, -16.037115097, 49.1091156006, 20.5983543396, 109.223022461]],
        "icov": [[0.000109094165964, -0.000229577752179, 0.000143296070746, -0.000294539000606, 0.000189626298379, -0.00012460508151, 0.000210962127312, -0.000351659429725, 0.000456140987808, -0.00068044353975, 0.000344430562109, -0.000340477796271, 0.000121510362078], [-0.000229577752179, 0.00165965675842, -0.000280399050098, 0.000481604511151, -0.000968615233433, 0.000710783235263, -0.000776512199081, 0.00107862730511, -0.00180914904922, 0.00257096323185, -0.0014382674126, 0.00150258187205, -0.00075147516327], [0.000143296070746, -0.000280399050098, 0.00144178222399, -0.000665899890009, -0.000276061502518, -0.000488450634293, -0.000314525183057, -0.000286736729322, 0.000189485625015, -0.000999619369395, 0.000766321376432, -0.00108588428702, -0.000331950635882], [-0.000294539000606, 0.000481604511151, -0.000665899890009, 0.00322668510489, -0.000743868644349, -0.000809534918517, 3.89847300539e-05, 0.000424930127338, -0.00126880488824, 0.00164843071252, -0.00160571141168, 0.00199181493372, -0.00151995744091], [0.000189626298379, -0.000968615233433, -0.000276061502518, -0.000743868644349, 0.00394320068881, -0.000928683846723, -0.000705057696905, 0.000587480317336, -0.000289585354039, -0.00280270306394, 0.0016984132817, -0.00172320497222, 0.0010784881888], [-0.00012460508151, 0.000710783235263, -0.000488450634293, -0.000809534918517, -0.000928683846723, 0.00721268123016, -0.00265029864386, -0.000540103239473, 0.00137598847505, -0.000443856784841, 0.000104775441287, 0.000755772634875, -0.00105267786421], [0.000210962127312, -0.000776512199081, -0.000314525183057, 3.89847300539e-05, -0.000705057696905, -0.00265029864386, 0.00977325066924, -0.00514160981402, 0.0010621874826, 0.00121838157065, -0.00192134513054, 0.000934074749239, -0.00149226596113], [-0.000351659429725, 0.00107862730511, -0.000286736729322, 0.000424930127338, 0.000587480317336, -0.000540103239473, -0.00514160981402, 0.0131570855156, -0.00617956370115, -0.000390850094846, 0.00275484286249, -0.00146212510299, 0.00225997599773], [0.000456140987808, -0.00180914904922, 0.000189485625015, -0.00126880488824, -0.000289585354039, 0.00137598847505, 0.0010621874826, -0.00617956370115, 0.0136026972905, -0.00525140063837, -0.00210421928205, 0.00215279101394, -0.000706099788658], [-0.00068044353975, 0.00257096323185, -0.000999619369395, 0.00164843071252, -0.00280270306394, -0.000443856784841, 0.00121838157065, -0.000390850094846, -0.00525140063837, 0.0185165014118, -0.00618171785027, -0.00126227748115, 0.00247564190067], [0.000344430562109, -0.0014382674126, 0.000766321376432, -0.00160571141168, 0.0016984132817, 0.000104775441287, -0.00192134513054, 0.00275484286249, -0.00210421928205, -0.00618171785027, 0.0142946606502, -0.00305074849166, -0.00296170846559], [-0.000340477796271, 0.00150258187205, -0.00108588428702, 0.00199181493372, -0.00172320497222, 0.000755772634875, 0.000934074749239, -0.00146212510299, 0.00215279101394, -0.00126227748115, -0.00305074849166, 0.0174853391945, -0.00556131638587], [0.000121510362078, -0.00075147516327, -0.000331950635882, -0.00151995744091, 0.0010784881888, -0.00105267786421, -0.00149226596113, 0.00225997599773, -0.000706099788658, 0.00247564190067, -0.00296170846559, -0.00556131638587, 0.0153489802033]]
    },
    "melbands": {
        "dmean": [0.00319892098196, 0.00295621808618, 0.00113068486098, 0.000878006976563, 0.000561040942557, 0.000198639638256, 0.000160374300322, 0.00012934897677, 0.000119244446978, 5.14629500685e-05, 4.59248840343e-05, 4.19947318733e-05, 2.27845157497e-05, 3.58723700629e-05, 2.81476768578e-05, 2.51603141805e-05, 1.84326254384e-05, 2.27558775805e-05, 1.84510045074e-05, 1.66785448528e-05, 1.62860214914e-05, 1.36422113428e-05, 1.07703217509e-05, 1.63558488566e-05, 9.58256532613e-06, 1.09963275463e-05, 7.88326724432e-06, 1.09838256321e-05, 8.4753619376e-06, 4.64995264338e-06, 3.4828058233e-06, 2.87535340249e-06, 2.21695836444e-06, 1.68727365235e-06, 1.1698950857e-06, 1.13924352263e-06, 8.92035700417e-07, 7.7669028542e-07, 1.0778099977e-06, 7.48451498112e-07],
        "dmean2": [0.00476305140182, 0.00447040004656, 0.00170765118673, 0.0013991179876, 0.000882031396031, 0.000308917224174, 0.000243125221459, 0.000202032912057, 0.000186877296073, 8.29907294246e-05, 7.52596388338e-05, 6.90592278261e-05, 3.63639701391e-05, 6.01906976954e-05, 4.73748295917e-05, 4.10673965234e-05, 3.01506461255e-05, 3.81870595447e-05, 2.95822483167e-05, 2.64313966909e-05, 2.59307562374e-05, 2.15797881538e-05, 1.72530744749e-05, 2.60529959633e-05, 1.55119432748e-05, 1.80063088919e-05, 1.28168776428e-05, 1.76279118023e-05, 1.33699413709e-05, 7.10977246854e-06, 5.28678856426e-06, 4.45799514637e-06, 3.47533637068e-06, 2.62664116235e-06, 1.86899660548e-06, 1.79561504865e-06, 1.38430027619e-06, 1.23669258301e-06, 1.83354791261e-06, 1.25701558318e-06],
        "dvar": [2.22922499233e-05, 1.59542196343e-05, 4.90014599563e-06, 2.36726441472e-06, 5.89194371514e-07, 1.39214364481e-07, 1.02681390501e-07, 1.45180450772e-07, 7.17688237728e-08, 1.93032221318e-08, 8.27439983198e-09, 1.00103596523e-08, 2.34016783729e-09, 1.4593425135e-08, 5.03237318483e-09, 9.99474725205e-09, 1.49137946437e-09, 1.87507409599e-09, 1.35659694589e-09, 1.09132525239e-09, 7.70291552765e-10, 5.96240390394e-10, 4.34997371457e-10, 1.02738273444e-09, 3.26451504717e-10, 2.94851282279e-10, 1.30854188596e-10, 2.8746732772e-10, 1.53495272048e-10, 4.46871255277e-11, 2.84379603199e-11, 2.19375646121e-11, 1.06869730079e-11, 5.37556370944e-12, 2.88325570016e-12, 2.77444907326e-12, 1.58446888422e-12, 1.4360581951e-12, 4.36604571941e-12, 2.02468727548e-12],
        "dvar2": [5.32181802555e-05, 3.92605325032e-05, 1.13985979624e-05, 5.62445757168e-06, 1.40541135352e-06, 3.08304350938e-07, 2.2415474632e-07, 3.29623503603e-07, 1.62685950045e-07, 4.53411530543e-08, 2.03322017001e-08, 2.46243896385e-08, 5.74301628475e-09, 4.10035418952e-08, 1.37393882937e-08, 2.48980303041e-08, 3.53130702457e-09, 4.84174700333e-09, 3.21347903842e-09, 2.50519316403e-09, 1.76866210566e-09, 1.33799871183e-09, 1.06105579878e-09, 2.44133002703e-09, 7.99128374585e-10, 7.53927920094e-10, 3.20398402254e-10, 6.92151724824e-10, 3.55244056394e-10, 9.6704338981e-11, 6.03243288655e-11, 4.91113955059e-11, 2.45838002733e-11, 1.23786172285e-11, 6.95371017712e-12, 6.5595033745e-12, 3.64152024507e-12, 3.4306331647e-12, 1.17573719857e-11, 5.3053043729e-12],
        "max": [0.0543238557875, 0.0425579659641, 0.0271479003131, 0.0179256927222, 0.0136013235897, 0.011457468383, 0.00669882632792, 0.00961607228965, 0.00732338149101, 0.0047945715487, 0.00183976418339, 0.0025698360987, 0.00150919996668, 0.00533745577559, 0.00268222671002, 0.00470256991684, 0.00123850803357, 0.000634913449176, 0.000474162021419, 0.000475272245239, 0.000363446830306, 0.000310919160256, 0.000491392856929, 0.00039171584649, 0.000394962553401, 0.0002734567679, 0.000160183830303, 0.000222383314394, 0.000175866473, 0.000114314636448, 8.49285133881e-05, 9.28783774725e-05, 4.78572910652e-05, 3.48421344825e-05, 2.49699151027e-05, 2.62936191575e-05, 1.91234084923e-05, 2.61450950347e-05, 2.4073802706e-05, 1.90601604118e-05],
        "mean": [0.005762509536, 0.00544891366735, 0.00149148493074, 0.00106897763908, 0.000745943689253, 0.000288191484287, 0.00022317096591, 0.000170637154952, 0.000156431982759, 7.27371734683e-05, 5.63588982914e-05, 5.21475740243e-05, 2.95637437375e-05, 4.41800766566e-05, 3.65937667084e-05, 3.14444841933e-05, 2.39692017203e-05, 2.9354410799e-05, 2.43127724389e-05, 2.21942300414e-05, 2.39285982389e-05, 2.02069950319e-05, 1.57886861416e-05, 2.21627851715e-05, 1.39732255775e-05, 1.51843787535e-05, 1.16570654427e-05, 1.53530672833e-05, 1.12644020192e-05, 7.30674628358e-06, 5.38905214853e-06, 4.29835336035e-06, 3.29052795678e-06, 2.55067061516e-06, 1.79693029168e-06, 1.62823141636e-06, 1.28302474423e-06, 1.01812543107e-06, 1.03457432488e-06, 7.23526056845e-07],
        "median": [0.0024296597112, 0.00344774918631, 0.000624478037935, 0.000513527193107, 0.000423948426032, 0.000153595145093, 9.75279108388e-05, 6.81170931784e-05, 6.30055146758e-05, 3.24699867633e-05, 2.30529858527e-05, 2.04505013244e-05, 1.25764881886e-05, 1.59085884661e-05, 1.35085738293e-05, 1.18882999232e-05, 9.15268810786e-06, 1.17238159874e-05, 8.87913483893e-06, 7.40842870073e-06, 9.48120759858e-06, 7.54239817979e-06, 6.11709538134e-06, 6.60688601783e-06, 5.24905908605e-06, 6.84622727931e-06, 5.78732715439e-06, 5.7210390878e-06, 5.32656849828e-06, 3.5922380448e-06, 2.23688994083e-06, 1.6837776684e-06, 1.38617065204e-06, 1.22417407056e-06, 9.14633289995e-07, 7.87060173479e-07, 5.73994157094e-07, 4.01457526777e-07, 2.95024136676e-07, 1.84177892493e-07],
        "min": [7.20471644423e-25, 1.33229682903e-24, 1.42482981878e-24, 1.30665638442e-24, 2.38015467311e-24, 1.91366236845e-24, 1.91118495078e-24, 1.64322152305e-24, 2.95853979742e-24, 2.27117334184e-24, 2.94886520728e-24, 1.44510985493e-24, 2.42436934077e-24, 2.81567057938e-24, 1.78369516773e-24, 3.73503432188e-24, 2.11516682871e-24, 2.31436465969e-24, 2.92440834985e-24, 3.59292024094e-24, 2.84116833878e-24, 3.90489737402e-24, 3.42170468678e-24, 4.32960667475e-24, 3.94861683424e-24, 5.42302863168e-24, 4.16893266887e-24, 4.81765598415e-24, 3.96704541385e-24, 5.21525292443e-24, 5.57340326958e-24, 5.03565927303e-24, 5.72153714809e-24, 4.94835209234e-24, 4.92757112952e-24, 4.75973308332e-24, 5.61661628111e-24, 5.82281663313e-24, 5.62685924553e-24, 7.05613912729e-24],
        "var": [5.51577904844e-05, 3.56059463229e-05, 6.33783611192e-06, 2.69239762929e-06, 8.5936233063e-07, 2.42954996565e-07, 1.53503947331e-07, 1.9138705909e-07, 1.02688893833e-07, 3.39061152488e-08, 1.05383959337e-08, 1.22433938543e-08, 3.07463454696e-09, 1.46402250323e-08, 5.78251890815e-09, 9.3343333063e-09, 1.92285631861e-09, 2.2985908732e-09, 1.69378255865e-09, 1.56373114457e-09, 1.29892241407e-09, 1.02907682376e-09, 6.30862528883e-10, 1.3780672159e-09, 4.90422369381e-10, 4.45097070312e-10, 2.17745516062e-10, 4.89517815172e-10, 2.27255797514e-10, 9.13665323954e-11, 5.5769111551e-11, 3.68248834204e-11, 1.91225212748e-11, 1.07038189076e-11, 5.42780490692e-12, 4.8290013481e-12, 3.2287725011e-12, 2.53499456669e-12, 3.59256418017e-12, 1.85506623084e-12]
    },
    "mfcc": {
        "mean": [-651.86895752, 110.789161682, 14.3570823669, 40.4424133301, 6.75036144257, 9.9869594574, 2.62745690346, 2.55756449699, -0.403344988823, 3.45151472092, -0.790955305099, 2.21569681168, -0.160703584552],
        "cov": [[11774.7998047, 13.8126859665, -414.462463379, 594.35534668, 133.03578186, 207.343170166, 161.842712402, -8.8447637558, 148.239303589, 156.240310669, 62.641456604, 96.5955657959, 50.8853378296], [13.8126859665, 1365.92724609, 154.25163269, 229.117141724, 170.075057983, 81.2903213501, 37.1393127441, 81.5526275635, 55.5729217529, 37.3121376038, 53.1871185303, 26.2741661072, 44.4295578003], [-414.462463379, 154.25163269, 796.557373047, 239.972229004, 143.485275269, 162.862319946, 137.792785645, 98.0009231567, 88.3670578003, 50.648525238, 29.5840492249, 4.49476242065, 28.7569446564], [594.35534668, 229.117141724, 239.972229004, 450.62109375, 187.50428772, 141.046218872, 78.567855835, 66.3607254028, 60.2324371338, 65.4007797241, 30.1466064453, 43.001209259, 29.8812522888], [133.03578186, 170.075057983, 143.485275269, 187.50428772, 299.939178467, 152.368881226, 67.7271881104, 34.3409385681, 56.1608963013, 46.2622108459, 45.5979385376, 13.7353219986, 37.1776580811], [207.343170166, 81.2903213501, 162.862319946, 141.046218872, 152.368881226, 225.560348511, 118.115661621, 46.4746131897, 49.8882026672, 32.0067176819, 12.6212711334, 15.3749742508, 16.3448162079], [161.842712402, 37.1393127441, 137.792785645, 78.567855835, 67.7271881104, 118.115661621, 191.635131836, 73.3366775513, 56.4692687988, 32.8053321838, 7.07516241074, 20.2378635406, 20.5662593842], [-8.8447637558, 81.5526275635, 98.0009231567, 66.3607254028, 34.3409385681, 46.4746131897, 73.3366775513, 134.37928772, 73.4329605103, 33.2925491333, 31.0284633636, 5.80912590027, 6.75365924835], [148.239303589, 55.5729217529, 88.3670578003, 60.2324371338, 56.1608963013, 49.8882026672, 56.4692687988, 73.4329605103, 125.543945312, 58.7167778015, 33.0159454346, 10.8765382767, 9.02608966827], [156.240310669, 37.3121376038, 50.648525238, 65.4007797241, 46.2622108459, 32.0067176819, 32.8053321838, 33.2925491333, 58.7167778015, 103.416801453, 45.6550369263, 29.9777240753, 22.1289157867], [62.641456604, 53.1871185303, 29.5840492249, 30.1466064453, 45.5979385376, 12.6212711334, 7.07516241074, 31.0284633636, 33.0159454346, 45.6550369263, 99.4270858765, 33.3385047913, 20.7091941833], [96.5955657959, 26.2741661072, 4.49476242065, 43.001209259, 13.7353219986, 15.3749742508, 20.2378635406, 5.80912590027, 10.8765382767, 29.9777240753, 33.3385047913, 97.1427383423, 47.0923461914], [50.8853378296, 44.4295578003, 28.7569446564, 29.8812522888, 37.1776580811, 16.3448162079, 20.5662593842, 6.75365924835, 9.02608966827, 22.1289157867, 20.7091941833, 47.0923461914, 74.9735412598]],
