{
"lowlevel": {
    "average_loudness": 0.935243904591,
    "barkbands_crest": {
        "dmean": 2.5230474472,
        "dmean2": 4.17216539383,
        "dvar": 6.39161348343,
        "dvar2": 15.4001731873,
        "max": 26.8843669891,
        "mean": 8.23191928864,
        "median": 7.09957313538,
        "min": 1.90806865692,
        "var": 17.4361476898
    },
    "barkbands_flatness_db": {
        "dmean": 0.0211652498692,
        "dmean2": 0.0314889326692,
        "dvar": 0.000551373581402,
        "dvar2": 0.00101761065889,
        "max": 0.547564804554,
        "mean": 0.106401957572,
        "median": 0.095002502203,
        "min": 0.0151165574789,
        "var": 0.00277258339338
    },
    "barkbands_kurtosis": {
        "dmean": 3.81125712395,
        "dmean2": 5.82954263687,
        "dvar": 418.103118896,
        "dvar2": 840.947814941,
        "max": 1535.53356934,
        "mean": 5.30072116852,
        "median": 1.76781916618,
        "min": -1.88421034813,
        "var": 670.804321289
    },
    "barkbands_skewness": {
        "dmean": 0.526271224022,
        "dmean2": 0.791683375835,
        "dvar": 0.623880624771,
        "dvar2": 1.12908041477,
        "max": 38.6974220276,
        "mean": 1.543192029,
        "median": 1.27419042587,
        "min": -2.64915728569,
        "var": 2.136241436
    },
    "barkbands_spread": {
        "dmean": 4.85014629364,
        "dmean2": 7.37135601044,
        "dvar": 28.785900116,
        "dvar2": 60.7334671021,
        "max": 136.972824097,
        "mean": 20.1134262085,
        "median": 18.4236755371,
        "min": 0.294578820467,
        "var": 113.572219849
    },
    "dissonance": {
        "dmean": 0.0169170554727,
        "dmean2": 0.0288480315357,
        "dvar": 0.000253083329881,
        "dvar2": 0.000708599865902,
        "max": 0.500000238419,
        "mean": 0.472084343433,
        "median": 0.476975917816,
        "min": 0.295610427856,
        "var": 0.000431801279774
    },
    "dynamic_complexity": 2.66532731056,
    "erbbands_crest": {
        "dmean": 2.14682149887,
        "dmean2": 3.48265028,
        "dvar": 4.87209796906,
        "dvar2": 11.5389890671,
        "max": 33.315700531,
        "mean": 7.23933506012,
        "median": 6.27714014053,
        "min": 2.0043797493,
        "var": 12.6035871506
    },
    "erbbands_flatness_db": {
        "dmean": 0.0162543673068,
        "dmean2": 0.0236128959805,
        "dvar": 0.000279002648313,
        "dvar2": 0.000542633933946,
        "max": 0.437390714884,
        "mean": 0.141705706716,
        "median": 0.133170127869,
        "min": 0.0363742075861,
        "var": 0.00188954558689
    },
    "erbbands_kurtosis": {
        "dmean": 0.797736763954,
        "dmean2": 1.25647675991,
        "dvar": 2.12783694267,
        "dvar2": 4.85994291306,
        "max": 69.4381103516,
        "mean": 0.557684957981,
        "median": 0.174453377724,
        "min": -1.84895813465,
        "var": 3.66806721687
    },
    "erbbands_skewness": {
        "dmean": 0.303587704897,
        "dmean2": 0.473177880049,
        "dvar": 0.0910044312477,
        "dvar2": 0.199439927936,
        "max": 7.63418292999,
        "mean": 0.562826275826,
        "median": 0.543295502663,
        "min": -1.90536606312,
        "var": 0.297043412924
    },
    "erbbands_spread": {
        "dmean": 6.64083051682,
        "dmean2": 9.98793411255,
        "dvar": 46.8539199829,
        "dvar2": 96.9806442261,
        "max": 164.293533325,
        "mean": 34.9916610718,
        "median": 32.4946098328,
        "min": 1.92361044884,
        "var": 216.207168579
    },
    "hfc": {
        "dmean": 8.45447444916,
        "dmean2": 13.1211385727,
        "dvar": 129.152694702,
        "dvar2": 324.71875,
        "max": 111.905548096,
        "mean": 22.106256485,
        "median": 19.6880722046,
        "min": 1.07413862698e-16,
        "var": 244.207824707
    },
    "melbands_crest": {
        "dmean": 3.28586435318,
        "dmean2": 5.24280977249,
        "dvar": 9.69923877716,
        "dvar2": 22.6890945435,
        "max": 39.971534729,
        "mean": 11.5681180954,
        "median": 9.9263458252,
        "min": 1.00092387199,
        "var": 32.894241333
    },
    "melbands_flatness_db": {
        "dmean": 0.0260891821235,
        "dmean2": 0.0381922759116,
        "dvar": 0.000847774150316,
        "dvar2": 0.00149961886927,
        "max": 0.681421875954,
        "mean": 0.169484436512,
        "median": 0.160573840141,
        "min": -2.32973349057e-07,
        "var": 0.00453909719363
    },
    "melbands_kurtosis": {
        "dmean": 7.65146636963,
        "dmean2": 11.6417570114,
        "dvar": 1161.28466797,
        "dvar2": 2664.86694336,
        "max": 2650.74633789,
        "mean": 12.9546279907,
        "median": 4.97683143616,
        "min": -1.81673765182,
        "var": 1863.68847656
    },
    "melbands_skewness": {
        "dmean": 0.68351817131,
        "dmean2": 1.03671431541,
        "dvar": 1.00593721867,
        "dvar2": 1.95720720291,
        "max": 49.5481376648,
        "mean": 2.26540875435,
        "median": 1.82577824593,
        "min": -2.5583178997,
        "var": 3.46098709106
    },
    "melbands_spread": {
        "dmean": 5.78014755249,
        "dmean2": 8.85984325409,
        "dvar": 48.5676841736,
        "dvar2": 98.724571228,
        "max": 191.169998169,
        "mean": 22.9687175751,
        "median": 20.3891773224,
        "min": 0.269148856401,
        "var": 251.724319458
    },
    "pitch_salience": {
        "dmean": 0.0769854262471,
        "dmean2": 0.122368216515,
        "dvar": 0.00624430552125,
        "dvar2": 0.0131787844002,
        "max": 0.997744083405,
        "mean": 0.631364107132,
        "median": 0.669015467167,
        "min": 0.0032694588881,
        "var": 0.0213834419847
    },
    "silence_rate_20dB": {
        "dmean": 0,
        "dmean2": 0,
        "dvar": 0,
        "dvar2": 0,
        "max": 1,
        "mean": 1,
        "median": 1,
        "min": 1,
        "var": 0
    },
    "silence_rate_30dB": {
        "dmean": 0.0125574944541,
        "dmean2": 0.025116821751,
        "dvar": 0.0123996464536,
        "dvar2": 0.0314975455403,
        "max": 1,
        "mean": 0.990436553955,
        "median": 1,
        "min": 0,
        "var": 0.0094720646739
    },
    "silence_rate_60dB": {
        "dmean": 0.014455719851,
        "dmean2": 0.0289135519415,
        "dvar": 0.014249461703,
        "dvar2": 0.0324503965676,
        "max": 1,
        "mean": 0.0702292323112,
        "median": 0,
        "min": 0,
        "var": 0.0653055086732
    },
    "spectral_centroid": {
        "dmean": 212.971313477,
        "dmean2": 318.733520508,
        "dvar": 58498.0234375,
        "dvar2": 108279.367188,
        "max": 11752.3779297,
        "mean": 1215.42602539,
        "median": 1120.29272461,
        "min": 123.293357849,
        "var": 564107.375
    },
    "spectral_complexity": {
        "dmean": 4.62349414825,
        "dmean2": 6.90785646439,
        "dvar": 24.9492435455,
        "dvar2": 49.6944732666,
        "max": 55,
        "mean": 22.2216377258,
        "median": 22,
        "min": 0,
        "var": 99.4420471191
    },
    "spectral_decrease": {
        "dmean": 3.08254022308e-09,
        "dmean2": 4.89509366375e-09,
        "dvar": 1.79745553014e-17,
        "dvar2": 4.21438595928e-17,
        "max": 1.65140114936e-28,
        "mean": -7.38975947101e-09,
        "median": -6.57622134526e-09,
        "min": -5.2098815928e-08,
        "var": 3.69694775931e-17
    },
    "spectral_energy": {
        "dmean": 0.0122644761577,
        "dmean2": 0.0194633696228,
        "dvar": 0.000275000551483,
        "dvar2": 0.000649233232252,
        "max": 0.200034111738,
        "mean": 0.0298957657069,
        "median": 0.0270541571081,
        "min": 1.00304090715e-20,
        "var": 0.000564215937629
    },
    "spectral_energyband_high": {
        "dmean": 0.000364715582691,
        "dmean2": 0.000551146978978,
        "dvar": 2.89916130214e-07,
        "dvar2": 6.82332995439e-07,
        "max": 0.00753978034481,
        "mean": 0.000774518703111,
        "median": 0.000560956890695,
        "min": 7.29371755777e-21,
        "var": 6.00741884682e-07
    },
    "spectral_energyband_low": {
        "dmean": 0.00549183273688,
        "dmean2": 0.0084417425096,
        "dvar": 0.000117246432637,
        "dvar2": 0.000252693454968,
        "max": 0.137801289558,
        "mean": 0.00795562658459,
        "median": 0.00246506836265,
        "min": 9.25370839401e-24,
        "var": 0.00020765219233
    },
    "spectral_energyband_middle_high": {
        "dmean": 0.00287856883369,
        "dmean2": 0.00462298328057,
        "dvar": 2.36536525335e-05,
        "dvar2": 6.18549674982e-05,
        "max": 0.0593008212745,
        "mean": 0.00659705186263,
        "median": 0.00480781681836,
        "min": 1.19103224164e-21,
        "var": 4.00868484576e-05
    },
    "spectral_energyband_middle_low": {
        "dmean": 0.00933104846627,
        "dmean2": 0.0151836480945,
        "dvar": 0.000292276090477,
        "dvar2": 0.000700253585819,
        "max": 0.192339375615,
        "mean": 0.0166421271861,
        "median": 0.0127260312438,
        "min": 1.60078153999e-22,
        "var": 0.000324721448123
    },
    "spectral_entropy": {
        "dmean": 0.153257906437,
        "dmean2": 0.226511970162,
        "dvar": 0.0307739768177,
        "dvar2": 0.0603654198349,
        "max": 9.80970478058,
        "mean": 7.7224354744,
        "median": 7.76161384583,
        "min": 4.59576511383,
        "var": 0.155205518007
    },
    "spectral_flux": {
        "dmean": 0.0285180918872,
        "dmean2": 0.0423673130572,
        "dvar": 0.00134491105564,
        "dvar2": 0.00230453372933,
        "max": 0.421053975821,
        "mean": 0.0989374369383,
        "median": 0.0868455320597,
        "min": 6.34309479941e-11,
        "var": 0.00388645497151
    },
    "spectral_kurtosis": {
        "dmean": 1.41690051556,
        "dmean2": 2.28657650948,
        "dvar": 5.83028030396,
        "dvar2": 16.0555267334,
        "max": 86.5828475952,
        "mean": 5.15234422684,
        "median": 4.41301393509,
        "min": -1.27611303329,
        "var": 14.5523443222
    },
    "spectral_rms": {
        "dmean": 0.00102713657543,
        "dmean2": 0.00160201382823,
        "dvar": 1.43501119965e-06,
        "dvar2": 3.27738075612e-06,
        "max": 0.0139697967097,
        "mean": 0.00492307543755,
        "median": 0.00513753853738,
        "min": 3.1282207727e-12,
        "var": 4.92946355735e-06
    },
    "spectral_rolloff": {
        "dmean": 439.39743042,
        "dmean2": 695.54119873,
        "dvar": 661053.625,
        "dvar2": 1424376.875,
        "max": 19401.4160156,
        "mean": 1567.19030762,
        "median": 1248.92578125,
        "min": 21.533203125,
        "var": 2806127.75
    },
    "spectral_skewness": {
        "dmean": 0.184884622693,
        "dmean2": 0.285393357277,
        "dvar": 0.0456204898655,
        "dvar2": 0.114374868572,
        "max": 6.52637624741,
        "mean": 1.8015152216,
        "median": 1.75223922729,
        "min": -0.126067906618,
        "var": 0.180919393897
    },
    "spectral_spread": {
        "dmean": 551439.875,
        "dmean2": 821421.625,
        "dvar": 585149382656,
        "dvar2": 1.1586395177e+12,
        "max": 44077804,
        "mean": 5153461.5,
        "median": 5013925.5,
        "min": 817363.5,
        "var": 6.07171484058e+12
    },
    "spectral_strongpeak": {
        "dmean": 0.496995449066,
        "dmean2": 0.826405405998,
        "dvar": 0.420925736427,
        "dvar2": 1.00783038139,
        "max": 8.77749252319,
        "mean": 0.905678510666,
        "median": 0.593313515186,
        "min": 0,
        "var": 0.878345608711
    },
    "zerocrossingrate": {
        "dmean": 0.0116738323122,
        "dmean2": 0.0129118235782,
        "dvar": 0.000173873850144,
        "dvar2": 0.000184750548215,
        "max": 0.85107421875,
        "mean": 0.070047326386,
        "median": 0.0615234375,
        "min": 0,
        "var": 0.00233382196166
    },
    "barkbands": {
        "dmean": [2.68267376669e-05, 0.00187300727703, 0.0033781977836, 0.00393866514787, 0.00425243936479, 0.00183808722068, 0.00138962827623, 0.00105618615635, 0.000964915147051, 0.000965959159657, 0.000688396336045, 0.000686603656504, 0.000446497608209, 0.000425912847277, 0.000302351691062, 0.000280334614217, 0.000178514892468, 0.000138482544571, 0.000124461716041, 0.000106093750219, 6.75330738886e-05, 6.03831394983e-05, 5.41427361895e-05, 7.23169505363e-05, 7.68504105508e-05, 3.87864893128e-05, 1.0647734598e-05],
        "dmean2": [4.43370663561e-05, 0.0028455585707, 0.00530994776636, 0.00691256159917, 0.007560828235, 0.00309540401213, 0.00221961643547, 0.00174130918458, 0.0015821987763, 0.00161661859602, 0.00109739485197, 0.00110164808575, 0.000746161211282, 0.000705901475158, 0.000484927440993, 0.000474625005154, 0.000291527656373, 0.000221605689148, 0.000202777329832, 0.000172102314536, 0.000106527506432, 9.4462367997e-05, 8.21099674795e-05, 0.000111133755127, 0.000124859143398, 6.04491906415e-05, 1.70285547938e-05],
        "dvar": [4.92757523674e-09, 2.34159542742e-05, 8.29326090752e-05, 0.000125629972899, 0.000130232830998, 8.17249292595e-06, 4.14276473748e-06, 2.90923298962e-06, 2.06650406653e-06, 5.26962958247e-06, 1.66084669218e-06, 1.32980778744e-06, 4.75228546293e-07, 5.1969186643e-07, 2.05145639143e-07, 3.45043901007e-07, 9.23283707266e-08, 4.78498520806e-08, 4.32350084623e-08, 2.85686994062e-08, 9.31583166164e-09, 8.24037105218e-09, 6.14420869738e-09, 1.47052530153e-08, 1.99281924296e-08, 3.9793048856e-09, 3.53477830339e-10],
        "dvar2": [1.20170380313e-08, 5.08368684677e-05, 0.000196414606762, 0.000347203953424, 0.000365135085303, 2.25217518164e-05, 9.85989663604e-06, 7.01051794749e-06, 5.14599878443e-06, 1.41012278618e-05, 3.97078156311e-06, 2.92898880616e-06, 1.22866072161e-06, 1.31107913148e-06, 4.86202281991e-07, 9.29388647819e-07, 2.32430352298e-07, 1.15180739613e-07, 1.07206851396e-07, 7.18484827189e-08, 2.23006253464e-08, 1.92236750962e-08, 1.32319764035e-08, 3.60005891764e-08, 5.28326253857e-08, 9.35164656823e-09, 8.7036489127e-10],
        "max": [0.00211222865619, 0.0653486251831, 0.115335449576, 0.123042277992, 0.126937061548, 0.0515106022358, 0.041848577559, 0.0544535815716, 0.0259392149746, 0.0489843264222, 0.0294847674668, 0.0249900016934, 0.0125773930922, 0.0107614845037, 0.0119150057435, 0.0103832585737, 0.00811379961669, 0.00368003197946, 0.00317303999327, 0.00203248974867, 0.00114491139539, 0.00164717400912, 0.000977427582256, 0.00253883725964, 0.00185720459558, 0.000875700206961, 0.000305145600578],
        "mean": [3.79028824682e-05, 0.00241344608366, 0.00364650855772, 0.00349690322764, 0.00432175770402, 0.00278409547172, 0.00236813165247, 0.00162851146888, 0.00165767711587, 0.00137004454155, 0.00110824033618, 0.00116599199828, 0.000686330429744, 0.000644806015771, 0.000548595911823, 0.000403819867643, 0.000288145238301, 0.000244596536504, 0.000209009464015, 0.000178773887455, 0.000130728323711, 0.000113873094961, 0.000110983259219, 0.000133404770168, 0.000128771498566, 6.15632816334e-05, 1.31488786792e-05],
        "median": [9.6887251857e-06, 0.000190440870938, 0.000798927387223, 0.000973166897893, 0.00186393363401, 0.00170807703398, 0.00132073764689, 0.000906324479729, 0.000992145156488, 0.000616136880126, 0.000471886567539, 0.000579571118578, 0.000378657190595, 0.000326627399772, 0.000330641138135, 0.000221139096539, 0.00016937131295, 0.000149641899043, 0.000129193678731, 0.000117926836538, 9.12572431844e-05, 7.26875296095e-05, 7.35278808861e-05, 8.15801176941e-05, 7.73237625253e-05, 3.2040716178e-05, 4.67659901915e-06],
        "min": [3.54514879667e-25, 3.73289848098e-24, 2.19743989353e-24, 2.15720364863e-24, 1.15269317881e-23, 9.27826957829e-24, 8.10535016364e-24, 1.01709848105e-23, 2.43107651229e-23, 1.00359373456e-23, 2.7153639965e-23, 1.93288260942e-23, 4.24505932394e-23, 2.96970284976e-23, 5.3630790683e-23, 4.93651294676e-23, 8.64968501417e-23, 8.16373218151e-23, 1.31315704793e-22, 1.94031863319e-22, 2.71722091196e-22, 3.79405391291e-22, 3.78519393209e-22, 5.31062776982e-22, 1.02502672563e-21, 1.41456417066e-21, 2.07063825279e-21],
        "var": [1.38289388829e-08, 3.91186949855e-05, 8.64175381139e-05, 8.5769846919e-05, 8.59129795572e-05, 1.12446687126e-05, 1.04894916149e-05, 5.67510460314e-06, 4.34712592323e-06, 6.31532338957e-06, 3.60953981726e-06, 3.28966029883e-06, 7.67207041008e-07, 7.75406022058e-07, 4.63191554445e-07, 3.8488119003e-07, 1.34789530648e-07, 7.96673305103e-08, 6.31073646673e-08, 3.98538944069e-08, 1.8191848028e-08, 1.56429642573e-08, 1.44022953563e-08, 2.74773608311e-08, 2.77578688923e-08, 6.46537401394e-09, 4.24171447966e-10]
    },
    "erbbands": {
        "dmean": [0.0270303189754, 0.53397589922, 3.02566504478, 8.4559211731, 14.8510379791, 13.1777124405, 12.3091096878, 17.0080356598, 19.6181468964, 19.77602005, 23.0115871429, 20.529384613, 28.3253612518, 27.2778453827, 25.5993404388, 25.2066268921, 20.5827007294, 21.1457557678, 15.3314743042, 17.3949604034, 12.628613472, 10.132229805, 7.60715150833, 6.73836946487, 5.88323307037, 4.76552915573, 3.22259616852, 2.49687790871, 2.18502688408, 1.93876230717, 1.50040221214, 1.479144454, 1.23639774323, 1.07703232765, 0.461913496256, 0.189832538366, 0.0692157670856, 0.0185676254332, 0.0017007883871, 3.59595687769e-05],
        "dmean2": [0.0393910855055, 0.827421545982, 4.72344970703, 13.54210186, 26.0384044647, 23.7224597931, 21.106004715, 28.804058075, 31.9758052826, 31.8392486572, 37.3862342834, 33.9169197083, 46.420425415, 44.4283905029, 41.7890586853, 40.4292869568, 34.0829238892, 34.9700202942, 24.7960891724, 28.7712154388, 20.9585762024, 16.4979400635, 12.1234254837, 10.7430820465, 9.6295042038, 7.72717189789, 5.18104219437, 3.90511393547, 3.41423082352, 2.98681235313, 2.29132461548, 2.25310516357, 1.97153496742, 1.79620993137, 0.736914098263, 0.299824118614, 0.108718506992, 0.0288308467716, 0.0027271641884, 5.66892085772e-05],
        "dvar": [0.00526123959571, 1.7655197382, 61.9891281128, 436.107330322, 1898.67614746, 1160.57507324, 405.877960205, 801.380004883, 847.859924316, 987.249328613, 1488.03259277, 989.892456055, 3586.72509766, 3576.30615234, 2485.3894043, 1753.49523926, 1001.20574951, 1313.04003906, 601.085693359, 998.094299316, 475.056732178, 321.387756348, 138.252716064, 125.479103088, 104.820587158, 60.9487113953, 22.4149494171, 13.0302848816, 10.2333164215, 9.32639884949, 4.94421672821, 5.4810552597, 4.79525089264, 4.74385595322, 0.561680197716, 0.0982275009155, 0.0133043918759, 0.00098670553416, 8.89774582902e-06, 2.53531973193e-09],
        "dvar2": [0.0113855944946, 4.02674055099, 147.767745972, 1052.92651367, 5203.26074219, 3310.4777832, 1118.44445801, 2202.8359375, 2149.78491211, 2196.76074219, 3520.85327148, 2448.57470703, 9340.63671875, 8539.97167969, 6291.29736328, 3863.95874023, 2594.38500977, 3326.89697266, 1422.63256836, 2595.26342773, 1232.1697998, 805.458068848, 327.526580811, 303.114929199, 267.985473633, 152.919631958, 54.9499778748, 30.3077869415, 24.1077136993, 22.0581321716, 10.6030273438, 12.0100793839, 12.3311452866, 13.0384407043, 1.41460323334, 0.239281222224, 0.0313969552517, 0.00235711201094, 2.16790376726e-05, 6.15319484254e-09],
        "max": [1.49439716339, 16.2409572601, 111.656089783, 228.181686401, 519.397766113, 404.173278809, 274.344360352, 506.367645264, 737.163513184, 1127.39111328, 1492.34313965, 630.789611816, 1481.51843262, 2243.60253906, 826.415588379, 1282.13049316, 449.406341553, 629.261291504, 683.484130859, 599.584472656, 385.027008057, 546.729003906, 218.114089966, 174.170791626, 150.608306885, 97.3593673706, 55.7346839905, 47.924823761, 64.7372283936, 48.8987083435, 28.2305316925, 45.2684326172, 48.3422584534, 26.7068462372, 9.75848960876, 3.84027886391, 1.57501399517, 0.507680594921, 0.0413766205311, 0.000651535461657],
        "mean": [0.0368510857224, 0.688012003899, 3.57767391205, 9.02384281158, 13.8406105042, 13.2575340271, 16.2993812561, 25.189371109, 33.2616157532, 33.7599449158, 37.9397010803, 34.9741439819, 44.6578178406, 44.809047699, 42.6510810852, 43.9104576111, 33.8703269958, 33.4778633118, 28.0140113831, 28.5652828217, 20.664270401, 16.8338890076, 13.8162736893, 11.921210289, 9.9587059021, 8.04264450073, 5.88589048386, 4.91362333298, 4.0807723999, 3.71383357048, 3.05854105949, 2.87049794197, 2.12127494812, 1.6424959898, 0.810707867146, 0.307510107756, 0.106460906565, 0.0261238161474, 0.00208164565265, 6.91361565259e-05],
        "median": [0.00378935062326, 0.0705596804619, 0.794347167015, 2.85528731346, 4.49521446228, 5.63578224182, 9.60352897644, 14.4512357712, 20.0170059204, 19.0084495544, 22.6943569183, 21.6722450256, 23.3764076233, 21.8848381042, 21.317691803, 23.1052818298, 19.6008300781, 18.7492713928, 16.539264679, 16.8168392181, 12.6954154968, 10.1036510468, 8.67523574829, 7.53308773041, 6.54246425629, 5.36334896088, 4.14538002014, 3.32579660416, 2.61149072647, 2.51342988014, 1.9561111927, 1.81308054924, 1.24808359146, 0.934338569641, 0.49702578783, 0.173458352685, 0.0529664941132, 0.0116331130266, 0.000698199146427, 5.39539541933e-05],
        "min": [1.53901448842e-22, 5.92624371309e-22, 2.82766441743e-21, 4.98270821223e-21, 1.9005348606e-20, 4.18716079576e-20, 5.4285511307e-20, 1.01038328215e-19, 1.4300120069e-19, 1.95830460529e-19, 2.34307464655e-19, 6.2317047314e-19, 5.3249074679e-19, 8.87210763967e-19, 1.34575750936e-18, 1.271465937e-18, 2.46997516436e-18, 2.09861098079e-18, 2.33139180607e-18, 3.55242185279e-18, 3.80826013086e-18, 5.6936888834e-18, 5.70373623271e-18, 6.76930905703e-18, 8.06097846691e-18, 8.43152477565e-18, 9.81801183118e-18, 1.06432667673e-17, 1.23294645198e-17, 1.18253310237e-17, 9.84353614335e-18, 9.78986618366e-18, 1.09373741428e-17, 8.85244224779e-18, 7.10936838353e-18, 4.60056722237e-18, 2.46631757849e-18, 9.22633843122e-19, 2.74910193709e-19, 2.73909679984e-20],
        "var": [0.0103284688666, 2.94831824303, 73.4897384644, 420.813415527, 1301.48132324, 757.060424805, 432.207977295, 1086.37890625, 1869.55700684, 2642.68017578, 2957.91040039, 1909.50390625, 4578.15917969, 7160.46777344, 3985.64599609, 4169.46875, 1721.99462891, 1916.45092773, 1224.65625, 1363.42272949, 667.193664551, 459.091827393, 244.361282349, 199.536987305, 136.173156738, 81.791053772, 36.975643158, 27.5259475708, 19.7689914703, 17.0204734802, 11.4932327271, 11.6514053345, 7.71928501129, 5.35997056961, 0.975600540638, 0.154330804944, 0.0205542631447, 0.00135857099667, 1.08017702587e-05, 3.74911257595e-09]
    },
    "gfcc": {
        "mean": [-0.628227770329, 75.2863082886, -117.240783691, 5.52214622498, -64.1905593872, 8.0002412796, -44.9423332214, 4.90813398361, -28.8469104767, 1.42236995697, -20.3079929352, -1.6074873209, -15.4789838791],
        "cov": [[28656.7695312, 184.920150757, -58.4599761963, 174.672348022, -1209.48706055, 347.315551758, -1075.578125, 237.22668457, -871.450439453, 95.6963500977, -464.133209229, -7.71506547928, -412.457946777], [184.920150757, 1591.49401855, -142.627532959, 177.712783813, 188.022537231, -61.0055999756, 157.700942993, -68.8246231079, 115.786071777, -100.189819336, 88.6633682251, -103.910247803, 78.8803939819], [-58.4599761963, -142.627532959, 782.985839844, 257.87878418, 149.916641235, 164.558120728, 62.0016136169, 88.1492919922, -37.8107185364, 24.8536243439, -26.3543758392, -5.29665470123, -42.8470039368], [174.672348022, 177.712783813, 257.87878418, 394.854095459, 106.789741516, 117.888198853, 72.6729278564, 47.0079269409, 26.5847644806, -0.492637604475, 21.949640274, -19.3081989288, 12.4524459839], [-1209.48706055, 188.022537231, 149.916641235, 106.789741516, 268.985015869, 55.2508049011, 131.823074341, 20.6041812897, 82.5603561401, 8.39785766602, 32.4379386902, -3.94885087013, 12.9744911194], [347.315551758, -61.0055999756, 164.558120728, 117.888198853, 55.2508049011, 214.623733521, 46.0398483276, 65.2315750122, -4.57329654694, 28.8725967407, 15.5828075409, 8.22784614563, -9.61708164215], [-1075.578125, 157.700942993, 62.0016136169, 72.6729278564, 131.823074341, 46.0398483276, 177.411575317, 20.7109489441, 72.9409790039, 0.910310745239, 48.0069503784, -4.16366434097, 20.1380157471], [237.22668457, -68.8246231079, 88.1492919922, 47.0079269409, 20.6041812897, 65.2315750122, 20.7109489441, 112.203659058, 37.7833023071, 43.9071159363, 2.4439303875, 20.4845867157, 3.35006928444], [-871.450439453, 115.786071777, -37.8107185364, 26.5847644806, 82.5603561401, -4.57329654694, 72.9409790039, 37.7833023071, 129.222305298, 29.703130722, 42.0697250366, 5.19373321533, 31.2208480835], [95.6963500977, -100.189819336, 24.8536243439, -0.492637604475, 8.39785766602, 28.8725967407, 0.910310745239, 43.9071159363, 29.703130722, 86.7568359375, 29.3773422241, 33.4919776917, 3.00020194054], [-464.133209229, 88.6633682251, -26.3543758392, 21.949640274, 32.4379386902, 15.5828075409, 48.0069503784, 2.4439303875, 42.0697250366, 29.3773422241, 87.4014663696, 31.8656635284, 34.44871521], [-7.71506547928, -103.910247803, -5.29665470123, -19.3081989288, -3.94885087013, 8.22784614563, -4.16366434097, 20.4845867157, 5.19373321533, 33.4919776917, 31.8656635284, 77.9798660278, 26.1126594543], [-412.457946777, 78.8803939819, -42.8470039368, 12.4524459839, 12.9744911194, -9.61708164215, 20.1380157471, 3.35006928444, 31.2208480835, 3.00020194054, 34.44871521, 26.1126594543, 73.6741790771]],
        "icov": [[8.75742407516e-05, -0.000174592350959, 7.00975942891e-05, -0.00011711075058, 0.000256447063293, -0.000162657001056, 0.000280634238152, -0.000294961442705, 0.000431463937275, -0.0003047187638, 0.000327754532918, -0.000286654452793, 0.00038599272375], [-0.000174592350959, 0.00141475570854, 0.00012951863755, -0.000172153697349, -0.00110327301081, 0.000711666827556, -0.000578469655011, 0.000445132696768, -0.000878675258718, 0.00161129899789, -0.0020427138079, 0.00225936248899, -0.00150159827899], [7.00975942891e-05, 0.00012951863755, 0.00239767506719, -0.00126254896168, -0.0012016275432, -0.00028145161923, -7.52272826503e-05, -0.00159496127162, 0.00231266138144, -0.000626252207439, 0.000615803408436, -2.28891822189e-05, 0.000895190984011], [-0.00011711075058, -0.000172153697349, -0.00126254896168, 0.0043063769117, -0.000529798446223, -0.00125317391939, -0.000223508759518, -7.21635078662e-05, -0.00100144941825, 0.00105205876753, -0.00116374122445, 0.00145441573113, -0.00152916356456], [0.000256447063293, -0.00110327301081, -0.0012016275432, -0.000529798446223, 0.00856075435877, -0.00152556737885, -0.00287265889347, 0.00170006952249, -0.00292279268615, -0.00140054384246, 0.0030135079287, -0.00272109452635, 0.00185981404502], [-0.000162657001056, 0.000711666827556, -0.00028145161923, -0.00125317391939, -0.00152556737885, 0.00819341931492, -0.00185721856542, -0.00372528214939, 0.00279101380147, -0.000165955192642, -0.0030345544219, 0.00164947693702, 4.9070615205e-05], [0.000280634238152, -0.000578469655011, -7.52272826503e-05, -0.000223508759518, -0.00287265889347, -0.00185721856542, 0.0125442845747, -0.00189446320292, -0.00197670585476, 0.00252624345012, -0.00404607411474, 0.000606487039477, 0.00151694682427], [-0.000294961442705, 0.000445132696768, -0.00159496127162, -7.21635078662e-05, 0.00170006952249, -0.00372528214939, -0.00189446320292, 0.0185335464776, -0.00860669463873, -0.00467425771058, 0.00567211676389, -0.00317235523835, -0.00184407131746], [0.000431463937275, -0.000878675258718, 0.00231266138144, -0.00100144941825, -0.00292279268615, 0.00279101380147, -0.00197670585476, -0.00860669463873, 0.020253829658, -0.00574718602002, -0.00222135311924, 0.0030994489789, -0.00172755157109], [-0.0003047187638, 0.00161129899789, -0.000626252207439, 0.00105205876753, -0.00140054384246, -0.000165955192642, 0.00252624345012, -0.00467425771058, -0.00574718602002, 0.0224943179637, -0.00922892149538, -0.00272492645308, 0.00257441215217], [0.000327754532918, -0.0020427138079, 0.000615803408436, -0.00116374122445, 0.0030135079287, -0.0030345544219, -0.00404607411474, 0.00567211676389, -0.00222135311924, -0.00922892149538, 0.02609751001, -0.00973878894001, -0.00293578323908], [-0.000286654452793, 0.00225936248899, -2.28891822189e-05, 0.00145441573113, -0.00272109452635, 0.00164947693702, 0.000606487039477, -0.00317235523835, 0.0030994489789, -0.00272492645308, -0.00973878894001, 0.02467774041, -0.00900541711599], [0.00038599272375, -0.00150159827899, 0.000895190984011, -0.00152916356456, 0.00185981404502, 4.9070615205e-05, 0.00151694682427, -0.00184407131746, -0.00172755157109, 0.00257441215217, -0.00293578323908, -0.00900541711599, 0.0226608961821]]
    },
    "melbands": {
        "dmean": [0.000391150912037, 0.00126247073058, 0.00154816731811, 0.00102841597982, 0.000439642928541, 0.000372012611479, 0.000293855380733, 0.000221116599278, 0.000190136794117, 0.000130117492517, 0.000146886683069, 0.000115504793939, 8.69142604643e-05, 7.96563836047e-05, 6.57385389786e-05, 4.2046613089e-05, 4.14836285927e-05, 2.67440846073e-05, 2.54992173723e-05, 2.19729190576e-05, 1.37615506901e-05, 1.15291186376e-05, 8.00176712801e-06, 6.83794496581e-06, 5.72225326323e-06, 4.78099627799e-06, 4.38428833149e-06, 3.06819038087e-06, 2.2770684609e-06, 1.71506201241e-06, 1.52016821175e-06, 1.31164790673e-06, 1.18752882372e-06, 1.11055908292e-06, 8.63106663473e-07, 1.00675640624e-06, 9.4382937732e-07, 8.89868772447e-07, 9.6286828466e-07, 9.29091243052e-07],
        "dmean2": [0.000583147048019, 0.0020149142947, 0.00245264288969, 0.00181981024798, 0.000762401905376, 0.000627531553619, 0.000475484470371, 0.000359137920896, 0.000309776456561, 0.000213953535422, 0.000241254616412, 0.000189819416846, 0.00014111836208, 0.000128555271658, 0.000105040075141, 7.08563384251e-05, 6.89962762408e-05, 4.37229537056e-05, 4.1315346607e-05, 3.72123722627e-05, 2.28891167353e-05, 1.89555303223e-05, 1.27927669382e-05, 1.11045173981e-05, 9.22794788494e-06, 7.86632244854e-06, 7.20675643606e-06, 5.03359524373e-06, 3.74746105081e-06, 2.74168996839e-06, 2.42381406679e-06, 2.07603261515e-06, 1.88014416835e-06, 1.73092803379e-06, 1.33878700126e-06, 1.55062855356e-06, 1.46914271681e-06, 1.43268346164e-06, 1.59144269674e-06, 1.56258954576e-06],
        "dvar": [1.07254538761e-06, 9.26818938751e-06, 1.46751053762e-05, 8.46170405566e-06, 5.89383091665e-07, 3.613516526e-07, 1.80412058626e-07, 1.10252543095e-07, 9.79309007221e-08, 3.89375607313e-08, 1.01048506451e-07, 6.6373985419e-08, 2.78469709514e-08, 2.04732160114e-08, 1.41517233487e-08, 4.44057013382e-09, 5.26603516349e-09, 2.12231077157e-09, 1.64350100196e-09, 2.33503993918e-09, 5.06554298507e-10, 4.52359344427e-10, 1.40634698331e-10, 1.31494301558e-10, 9.3351375241e-11, 6.99579214003e-11, 5.63078576821e-11, 2.38684193937e-11, 1.10487270374e-11, 6.61778618016e-12, 4.48986811272e-12, 3.70094059565e-12, 3.3381979906e-12, 3.00172126738e-12, 1.53980246522e-12, 2.5524948908e-12, 2.38969673043e-12, 2.47162034762e-12, 3.59061370046e-12, 3.29366590425e-12],
        "dvar2": [2.30645537158e-06, 2.30757486861e-05, 3.54298608727e-05, 2.3451193556e-05, 1.65800975083e-06, 9.97550046122e-07, 4.54298799468e-07, 2.56103277252e-07, 2.36271887388e-07, 9.59221466701e-08, 2.65488893092e-07, 1.63005807963e-07, 7.01951137216e-08, 4.66898555374e-08, 3.23364126587e-08, 1.18452652131e-08, 1.34335307322e-08, 5.07702768715e-09, 3.93224475204e-09, 6.32478291962e-09, 1.31093291778e-09, 1.14468234891e-09, 3.35832417431e-10, 3.26914162407e-10, 2.27406940501e-10, 1.78096024039e-10, 1.44182929485e-10, 6.0289433168e-11, 2.77517227948e-11, 1.64385623169e-11, 1.05601040065e-11, 8.88854007758e-12, 7.98180271877e-12, 7.18870969696e-12, 3.43110934629e-12, 5.49685470752e-12, 5.62808350271e-12, 6.46367985177e-12, 9.57639349763e-12, 9.19078528561e-12],
        "max": [0.0159237552434, 0.0418731682003, 0.0462908446789, 0.0337479226291, 0.00940076168627, 0.0106194820255, 0.00947133637965, 0.0103160412982, 0.0112872924656, 0.00396391609684, 0.00726318731904, 0.00936302915215, 0.00292960670777, 0.00366650265642, 0.00283899554051, 0.00100700918119, 0.00137046468444, 0.00104356405791, 0.00121355860028, 0.000888536276761, 0.000423603487434, 0.000749278289732, 0.000177093097591, 0.000213277846342, 0.000168506463524, 0.000142405318911, 0.000101240133517, 7.33888882678e-05, 4.12786794186e-05, 3.21729894495e-05, 2.72646720987e-05, 4.02933255828e-05, 3.00977462757e-05, 2.97153601423e-05, 1.63717231771e-05, 2.18195054913e-05, 3.14103526762e-05, 3.46322231053e-05, 3.30262992065e-05, 2.19639332499e-05],
        "mean": [0.000505191914272, 0.00158293545246, 0.00172272662167, 0.000992029090412, 0.000567995186429, 0.000566149421502, 0.000507001008373, 0.000368051754776, 0.000307020527544, 0.000220057496335, 0.000224934206926, 0.000182866540854, 0.000143271157867, 0.00012999647879, 0.000102279111161, 6.52945454931e-05, 6.1340200773e-05, 4.40677649749e-05, 4.37281050836e-05, 3.20506005664e-05, 2.17292781599e-05, 1.78132759174e-05, 1.3513610611e-05, 1.15622697194e-05, 9.4590086519e-06, 7.77269633545e-06, 6.7069531724e-06, 4.95385120303e-06, 3.87831642001e-06, 2.99954081129e-06, 2.80894323623e-06, 2.32441288972e-06, 2.10301527659e-06, 2.02581259146e-06, 1.69504846781e-06, 1.8017583443e-06, 1.75095988197e-06, 1.49923732806e-06, 1.41405905651e-06, 1.37310485115e-06],
        "median": [4.25527323387e-05, 0.000339259800967, 0.000601902836934, 0.000386079336749, 0.000338652549544, 0.000333250703989, 0.000308551883791, 0.000207804405363, 0.000181639305083, 0.000132682514959, 0.000112547451863, 8.57002451085e-05, 6.7866538302e-05, 6.13834345131e-05, 4.75161650684e-05, 3.56542695954e-05, 3.1909577956e-05, 2.31997801166e-05, 2.46760646405e-05, 1.73217376869e-05, 1.30613607325e-05, 1.00178403954e-05, 8.15163912193e-06, 6.76900981489e-06, 5.64015635973e-06, 4.68078633276e-06, 4.05478795074e-06, 3.1705812944e-06, 2.67269979304e-06, 1.89283537111e-06, 1.86286365533e-06, 1.42427165883e-06, 1.32628974825e-06, 1.35206983032e-06, 1.07018445306e-06, 1.01437046851e-06, 1.09440929918e-06, 8.77234583641e-07, 7.57709074151e-07, 7.75192120273e-07],
        "min": [1.35243664515e-24, 1.11029934017e-24, 1.99749303913e-24, 2.13055730776e-24, 2.01047749241e-24, 2.24714779411e-24, 2.35981744454e-24, 2.0507523915e-24, 1.65159804257e-24, 3.44159305349e-24, 2.15432825063e-24, 3.30077231001e-24, 3.87910951102e-24, 2.06096222376e-24, 4.66928623623e-24, 2.89696644276e-24, 3.00296055499e-24, 3.4111864099e-24, 4.6445806904e-24, 3.77015480381e-24, 4.68261206908e-24, 5.27744435162e-24, 4.61813373413e-24, 3.13388306627e-24, 4.87354480713e-24, 5.32500438116e-24, 5.34582281488e-24, 4.88977404254e-24, 4.24695535113e-24, 5.76922181765e-24, 4.99773912375e-24, 5.60948300637e-24, 4.45027833299e-24, 6.09475591982e-24, 5.35256165917e-24, 5.92591049825e-24, 5.7123023479e-24, 6.1523739259e-24, 6.72505262764e-24, 7.05912181037e-24],
        "var": [1.75478442088e-06, 1.22888168335e-05, 1.4565458514e-05, 5.63814046473e-06, 5.4345036915e-07, 5.01720990087e-07, 4.07500749589e-07, 2.74201710226e-07, 1.87708494082e-07, 7.85384273172e-08, 1.2481038425e-07, 1.22250682466e-07, 4.9107288902e-08, 4.93519927147e-08, 2.64044626164e-08, 7.2625891967e-09, 7.37868788292e-09, 3.94384480629e-09, 3.42843886614e-09, 2.64974309161e-09, 7.33589522461e-10, 6.31083463265e-10, 2.45863329695e-10, 2.00201272227e-10, 1.4518398983e-10, 9.50803047406e-11, 7.08188022114e-11, 3.25244796373e-11, 1.69876803596e-11, 1.17723712723e-11, 9.13230515515e-12, 6.93440660796e-12, 5.74720132596e-12, 5.3195902544e-12, 3.59033375946e-12, 5.04521337902e-12, 4.65707377176e-12, 4.06483440657e-12, 4.27149244794e-12, 3.67255054493e-12]
    },
    "mfcc": {
        "mean": [-635.016052246, 116.133094788, -3.55368876457, 0.448681712151, -2.77891778946, -4.06090259552, -5.4632730484, -4.27576255798, -4.96789884567, -2.45131206512, -4.17252969742, -3.78081798553, -2.91721844673],
        "cov": [[12336.6767578, 1116.0970459, 248.527038574, -15.0706424713, -104.013122559, -70.2146987915, 1.80879437923, -109.860038757, -202.571487427, -149.702819824, -162.00843811, -135.760223389, -106.424087524], [1116.0970459, 1489.81835938, -145.380249023, 167.65977478, 20.4832763672, 34.7559738159, 12.2762479782, 23.3525981903, 14.7118120193, 10.572728157, 9.7585849762, -6.73675346375, 6.89619493484], [248.527038574, -145.380249023, 541.648010254, 164.285354614, 141.717453003, 94.1614227295, 132.21774292, 61.2291297913, 44.3694114685, 30.9535694122, 17.0001716614, 13.3934049606, -1.42430853844], [-15.0706424713, 167.65977478, 164.285354614, 302.385406494, 100.773368835, 81.4489593506, 62.5787277222, 53.5235328674, 43.8800010681, 35.2001190186, 20.1398506165, 11.9560251236, 5.8475112915], [-104.013122559, 20.4832763672, 141.717453003, 100.773368835, 169.462432861, 79.9106292725, 61.7306632996, 51.1164016724, 49.0171432495, 34.6667098999, 31.4398651123, 19.6978206635, 14.3154592514], [-70.2146987915, 34.7559738159, 94.1614227295, 81.4489593506, 79.9106292725, 140.159179688, 88.0710372925, 54.6516418457, 25.096622467, 29.9295101166, 22.8989925385, 24.3539581299, 14.1989402771], [1.80879437923, 12.2762479782, 132.21774292, 62.5787277222, 61.7306632996, 88.0710372925, 133.590194702, 56.475643158, 27.612569809, 19.4772357941, 20.9914169312, 18.1372280121, 16.924156189], [-109.860038757, 23.3525981903, 61.2291297913, 53.5235328674, 51.1164016724, 54.6516418457, 56.475643158, 94.759475708, 45.048538208, 31.776512146, 19.0809612274, 19.8793048859, 14.7941255569], [-202.571487427, 14.7118120193, 44.3694114685, 43.8800010681, 49.0171432495, 25.096622467, 27.612569809, 45.048538208, 85.7219619751, 44.7284469604, 27.3209075928, 14.4877176285, 13.3543252945], [-149.702819824, 10.572728157, 30.9535694122, 35.2001190186, 34.6667098999, 29.9295101166, 19.4772357941, 31.776512146, 44.7284469604, 75.4329910278, 38.5299606323, 19.3951091766, 13.524356842], [-162.00843811, 9.7585849762, 17.0001716614, 20.1398506165, 31.4398651123, 22.8989925385, 20.9914169312, 19.0809612274, 27.3209075928, 38.5299606323, 67.152053833, 35.6936798096, 18.7406826019], [-135.760223389, -6.73675346375, 13.3934049606, 11.9560251236, 19.6978206635, 24.3539581299, 18.1372280121, 19.8793048859, 14.4877176285, 19.3951091766, 35.6936798096, 62.6488876343, 34.5152740479], [-106.424087524, 6.89619493484, -1.42430853844, 5.8475112915, 14.3154592514, 14.1989402771, 16.924156189, 14.7941255569, 13.3543252945, 13.524356842, 18.7406826019, 34.5152740479, 59.5368728638]],
