{
"lowlevel": {
    "average_loudness": 0.916186690331,
    "barkbands_crest": {
        "dmean": 3.43465423584,
        "dmean2": 5.78502702713,
        "dvar": 8.82499313354,
        "dvar2": 23.2098865509,
        "max": 25.8438262939,
        "mean": 10.6607704163,
        "median": 9.82487487793,
        "min": 2.09381055832,
        "var": 19.7754230499
    },
    "barkbands_flatness_db": {
        "dmean": 0.0303475949913,
        "dmean2": 0.0461401119828,
        "dvar": 0.000981730991043,
        "dvar2": 0.00207381811924,
        "max": 0.778957366943,
        "mean": 0.130772098899,
        "median": 0.119036287069,
        "min": 0.0139358909801,
        "var": 0.005508211907
    },
    "barkbands_kurtosis": {
        "dmean": 5.80379199982,
        "dmean2": 9.45883083344,
        "dvar": 245.741821289,
        "dvar2": 635.757141113,
        "max": 360.722503662,
        "mean": 7.63979768753,
        "median": 3.33759045601,
        "min": -1.83113014698,
        "var": 347.710357666
    },
    "barkbands_skewness": {
        "dmean": 0.732968211174,
        "dmean2": 1.15028786659,
        "dvar": 0.69992595911,
        "dvar2": 1.73713481426,
        "max": 16.9795379639,
        "mean": 2.16107344627,
        "median": 1.91914510727,
        "min": -2.04837083817,
        "var": 2.08357930183
    },
    "barkbands_spread": {
        "dmean": 7.09996366501,
        "dmean2": 11.1959199905,
        "dvar": 52.6015090942,
        "dvar2": 128.344802856,
        "max": 92.2411270142,
        "mean": 23.6676158905,
        "median": 21.4047775269,
        "min": 0.105459533632,
        "var": 193.557037354
    },
    "dissonance": {
        "dmean": 0.0126674510539,
        "dmean2": 0.0211755465716,
        "dvar": 0.00016735252575,
        "dvar2": 0.000430019455962,
        "max": 0.5,
        "mean": 0.475395321846,
        "median": 0.479892641306,
        "min": 0.250752985477,
        "var": 0.000342816143529
    },
    "dynamic_complexity": 3.64324164391,
    "erbbands_crest": {
        "dmean": 2.19014978409,
        "dmean2": 3.59613704681,
        "dvar": 5.10074424744,
        "dvar2": 12.473274231,
        "max": 27.3506546021,
        "mean": 6.64351415634,
        "median": 5.62692022324,
        "min": 2.32359218597,
        "var": 11.3275003433
    },
    "erbbands_flatness_db": {
        "dmean": 0.0144801419228,
        "dmean2": 0.0221264250576,
        "dvar": 0.000338475278113,
        "dvar2": 0.000695711351,
        "max": 0.52802413702,
        "mean": 0.125858530402,
        "median": 0.115597493947,
        "min": 0.0478734448552,
        "var": 0.00211587967351
    },
    "erbbands_kurtosis": {
        "dmean": 0.823632180691,
        "dmean2": 1.33966910839,
        "dvar": 12.078212738,
        "dvar2": 29.8860321045,
        "max": 97.4030609131,
        "mean": -0.180248707533,
        "median": -0.76706469059,
        "min": -1.8435703516,
        "var": 16.0213165283
    },
    "erbbands_skewness": {
        "dmean": 0.344554483891,
        "dmean2": 0.532835960388,
        "dvar": 0.186991646886,
        "dvar2": 0.433496505022,
        "max": 7.56530857086,
        "mean": 0.15428738296,
        "median": 0.0535537377,
        "min": -3.47205781937,
        "var": 0.525466561317
    },
    "erbbands_spread": {
        "dmean": 9.37508678436,
        "dmean2": 14.7969923019,
        "dvar": 98.8469238281,
        "dvar2": 234.081787109,
        "max": 169.641845703,
        "mean": 53.8060073853,
        "median": 52.9217681885,
        "min": 1.21905338764,
        "var": 393.157958984
    },
    "hfc": {
        "dmean": 6.00718593597,
        "dmean2": 8.90503501892,
        "dvar": 69.0556716919,
        "dvar2": 165.806945801,
        "max": 122.829940796,
        "mean": 19.3748264313,
        "median": 15.7672595978,
        "min": 1.17591797357e-16,
        "var": 262.412628174
    },
    "melbands_crest": {
        "dmean": 3.97293353081,
        "dmean2": 6.57022762299,
        "dvar": 10.3032474518,
        "dvar2": 26.6313476562,
        "max": 33.0400085449,
        "mean": 15.0555715561,
        "median": 14.4893684387,
        "min": 1.79922199249,
        "var": 24.3512554169
    },
    "melbands_flatness_db": {
        "dmean": 0.0378182642162,
        "dmean2": 0.0568807572126,
        "dvar": 0.0013797164429,
        "dvar2": 0.00291381240822,
        "max": 0.962496757507,
        "mean": 0.207024469972,
        "median": 0.197534322739,
        "min": 0.00532172201201,
        "var": 0.00798951927572
    },
    "melbands_kurtosis": {
        "dmean": 14.4955844879,
        "dmean2": 23.2402324677,
        "dvar": 856.499206543,
        "dvar2": 2113.16918945,
        "max": 743.690795898,
        "mean": 26.4648723602,
        "median": 15.1353292465,
        "min": -1.59886908531,
        "var": 1779.28820801
    },
    "melbands_skewness": {
        "dmean": 1.02964019775,
        "dmean2": 1.62437021732,
        "dvar": 1.27502584457,
        "dvar2": 3.20872068405,
        "max": 20.2114868164,
        "mean": 3.82258152962,
        "median": 3.44417309761,
        "min": -0.158483415842,
        "var": 4.18597269058
    },
    "melbands_spread": {
        "dmean": 7.46250152588,
        "dmean2": 11.7829475403,
        "dvar": 83.2246932983,
        "dvar2": 195.986328125,
        "max": 184.503463745,
        "mean": 19.4192714691,
        "median": 15.5982990265,
        "min": 0.264084637165,
        "var": 235.237747192
    },
    "pitch_salience": {
        "dmean": 0.0942404717207,
        "dmean2": 0.156430244446,
        "dvar": 0.0066948053427,
        "dvar2": 0.0175203420222,
        "max": 0.982363164425,
        "mean": 0.566036224365,
        "median": 0.583903729916,
        "min": 0.0923405736685,
        "var": 0.0143067222089
    },
    "silence_rate_20dB": {
        "dmean": 0,
        "dmean2": 0,
        "dvar": 0,
        "dvar2": 0,
        "max": 1,
        "mean": 1,
        "median": 1,
        "min": 1,
        "var": 0
    },
    "silence_rate_30dB": {
        "dmean": 0.0186915881932,
        "dmean2": 0.0373885519803,
        "dvar": 0.0183433741331,
        "dvar2": 0.0500871278346,
        "max": 1,
        "mean": 0.988211631775,
        "median": 1,
        "min": 0,
        "var": 0.011648312211
    },
    "silence_rate_60dB": {
        "dmean": 0.0204169657081,
        "dmean2": 0.0408398061991,
        "dvar": 0.019999358803,
        "dvar2": 0.0495303422213,
        "max": 1,
        "mean": 0.053335249424,
        "median": 0,
        "min": 0,
        "var": 0.0504879206419
    },
    "spectral_centroid": {
        "dmean": 312.301757812,
        "dmean2": 488.065765381,
        "dvar": 110414.0625,
        "dvar2": 240916.375,
        "max": 11427.6269531,
        "mean": 1318.46911621,
        "median": 1243.15759277,
        "min": 84.4709777832,
        "var": 417867.84375
    },
    "spectral_complexity": {
        "dmean": 4.57972669601,
        "dmean2": 6.92062139511,
        "dvar": 24.4320430756,
        "dvar2": 53.049156189,
        "max": 60,
        "mean": 20.8749275208,
        "median": 20,
        "min": 0,
        "var": 141.836791992
    },
    "spectral_decrease": {
        "dmean": 3.76568376481e-09,
        "dmean2": 5.97558491577e-09,
        "dvar": 2.10886620059e-17,
        "dvar2": 5.40300479485e-17,
        "max": 8.88339760932e-29,
        "mean": -8.25674373317e-09,
        "median": -6.60501608962e-09,
        "min": -4.95877259254e-08,
        "var": 4.75611084378e-17
    },
    "spectral_energy": {
        "dmean": 0.0145624848083,
        "dmean2": 0.0230709817261,
        "dvar": 0.000312499760184,
        "dvar2": 0.000795851345174,
        "max": 0.192359566689,
        "mean": 0.0329201184213,
        "median": 0.0266129504889,
        "min": 1.05308428408e-20,
        "var": 0.000727981852833
    },
    "spectral_energyband_high": {
        "dmean": 0.000432940025348,
        "dmean2": 0.000656146323308,
        "dvar": 4.41654123051e-07,
        "dvar2": 1.10144867449e-06,
        "max": 0.0109703401104,
        "mean": 0.00113950367086,
        "median": 0.000720135984011,
        "min": 7.47327633521e-21,
        "var": 1.71165095253e-06
    },
    "spectral_energyband_low": {
        "dmean": 0.00990188866854,
        "dmean2": 0.0163488090038,
        "dvar": 0.000179416048923,
        "dvar2": 0.000496588472743,
        "max": 0.151528522372,
        "mean": 0.0160383991897,
        "median": 0.0104444157332,
        "min": 9.50644033761e-23,
        "var": 0.000298806407955
    },
    "spectral_energyband_middle_high": {
        "dmean": 0.00118972512428,
        "dmean2": 0.00184634723701,
        "dvar": 2.46090394285e-06,
        "dvar2": 6.05972718404e-06,
        "max": 0.0268146079034,
        "mean": 0.00346264592372,
        "median": 0.00288287689909,
        "min": 1.28967251994e-21,
        "var": 8.0778827396e-06
    },
    "spectral_energyband_middle_low": {
        "dmean": 0.00836667977273,
        "dmean2": 0.0134587390348,
        "dvar": 0.000188388861716,
        "dvar2": 0.000472866027849,
        "max": 0.133492529392,
        "mean": 0.0143511751667,
        "median": 0.00957369245589,
        "min": 2.73715296579e-22,
        "var": 0.000253357284237
    },
    "spectral_entropy": {
        "dmean": 0.17973677814,
        "dmean2": 0.274396508932,
        "dvar": 0.0551627539098,
        "dvar2": 0.116171017289,
        "max": 9.81126976013,
        "mean": 7.72968244553,
        "median": 7.81462192535,
        "min": 3.50571036339,
        "var": 0.244621440768
    },
    "spectral_flux": {
        "dmean": 0.0312605835497,
        "dmean2": 0.0497998744249,
        "dvar": 0.000987593899481,
        "dvar2": 0.00232642726041,
        "max": 0.330541670322,
        "mean": 0.0991286858916,
        "median": 0.0912646055222,
        "min": 6.67293650891e-11,
        "var": 0.00292135728523
    },
    "spectral_kurtosis": {
        "dmean": 1.8162406683,
        "dmean2": 3.02706980705,
        "dvar": 101.93812561,
        "dvar2": 265.963256836,
        "max": 520.644592285,
        "mean": 4.27962303162,
        "median": 2.64326143265,
        "min": -1.2504543066,
        "var": 149.792785645
    },
    "spectral_rms": {
        "dmean": 0.00117179972585,
        "dmean2": 0.00180358544458,
        "dvar": 1.29613704303e-06,
        "dvar2": 3.21746711052e-06,
        "max": 0.0136991925538,
        "mean": 0.00515628652647,
        "median": 0.00509547395632,
        "min": 3.20530689664e-12,
        "var": 5.52990650249e-06
    },
    "spectral_rolloff": {
        "dmean": 594.814208984,
        "dmean2": 975.140563965,
        "dvar": 725139.875,
        "dvar2": 1607933.75,
        "max": 18992.2851562,
        "mean": 1231.46386719,
        "median": 689.0625,
        "min": 64.599609375,
        "var": 1964738.125
    },
    "spectral_skewness": {
        "dmean": 0.207053542137,
        "dmean2": 0.326011538506,
        "dvar": 0.198423370719,
        "dvar2": 0.394620597363,
        "max": 18.131526947,
        "mean": 1.39547407627,
        "median": 1.26233315468,
        "min": -0.0551350973547,
        "var": 0.587021350861
    },
    "spectral_spread": {
        "dmean": 440868.90625,
        "dmean2": 667347.6875,
        "dvar": 633034702848,
        "dvar2": 1.14089590784e+12,
        "max": 41992488,
        "mean": 4910046,
        "median": 4944866,
        "min": 166625.375,
        "var": 2.75099890483e+12
    },
    "spectral_strongpeak": {
        "dmean": 0.289852946997,
        "dmean2": 0.495600730181,
        "dvar": 0.182323992252,
        "dvar2": 0.499406278133,
        "max": 9.40050792694,
        "mean": 0.463326990604,
        "median": 0.341957002878,
        "min": 0,
        "var": 0.188409820199
    },
    "zerocrossingrate": {
        "dmean": 0.0114898793399,
        "dmean2": 0.0137683516368,
        "dvar": 0.000167457546922,
        "dvar2": 0.000215571475565,
        "max": 0.67333984375,
        "mean": 0.0591939948499,
        "median": 0.05126953125,
        "min": 0.0029296875,
        "var": 0.0014042085968
    },
    "barkbands": {
        "dmean": [0.000271726603387, 0.00726885581389, 0.0035043915268, 0.00320273963735, 0.00535134179518, 0.0012285244884, 0.000474413303891, 0.000444274948677, 0.000279321568087, 0.000265691720415, 0.000171697625774, 0.00027344445698, 0.000194920081412, 0.000180852759513, 0.000214414598304, 0.000207144199521, 0.000207153556403, 0.000135931375553, 0.000164534780197, 0.000122460231069, 0.000112077483209, 0.000137745242682, 7.53221247578e-05, 6.26502223895e-05, 4.67156278319e-05, 3.13934215228e-05, 7.42959537092e-06],
        "dmean2": [0.000456725247204, 0.0123578086495, 0.00574943656102, 0.0053654438816, 0.00899139977992, 0.00192391907331, 0.000742309435736, 0.000690198154189, 0.000449192972155, 0.000436536647612, 0.000285056245048, 0.000455560017144, 0.000311395007884, 0.000298452854622, 0.000351807597326, 0.000336033117492, 0.000351032824256, 0.000228637072723, 0.000269446958555, 0.000199369562324, 0.00017790516722, 0.000217306878767, 0.000118726726214, 9.70307883108e-05, 7.08854058757e-05, 4.71702551295e-05, 1.16778837764e-05],
        "dvar": [2.39581538608e-07, 0.00011945208098, 3.30784932885e-05, 2.81550401269e-05, 0.000120857243019, 2.89869944936e-06, 5.04865340645e-07, 4.3000812866e-07, 2.06652288171e-07, 1.50532756038e-07, 6.82654999196e-08, 1.80530065563e-07, 9.61373274322e-08, 9.7600448612e-08, 1.1362079988e-07, 8.67348148859e-08, 1.28516788322e-07, 3.61626284473e-08, 5.64537749881e-08, 3.95034476242e-08, 3.95960775279e-08, 4.43405241413e-08, 1.63841082923e-08, 1.03957047415e-08, 7.79399389472e-09, 6.02670846561e-09, 7.4536643524e-10],
        "dvar2": [6.73022611863e-07, 0.000341476406902, 8.33240628708e-05, 7.58070527809e-05, 0.000311806419631, 6.86038947606e-06, 1.13990893169e-06, 9.88557417259e-07, 4.95189340199e-07, 3.90416346363e-07, 1.77104453769e-07, 4.7387942459e-07, 2.19176484961e-07, 2.49890263149e-07, 2.83141105228e-07, 2.18528299456e-07, 3.73154591671e-07, 9.9290524247e-08, 1.49835940988e-07, 1.02478004749e-07, 1.00332954389e-07, 1.10351727756e-07, 4.06366673644e-08, 2.63976467352e-08, 1.92704003865e-08, 1.41036373691e-08, 1.77987147243e-09],
        "max": [0.00667476095259, 0.126370996237, 0.0731550008059, 0.0692538022995, 0.114133693278, 0.0320984944701, 0.0118785006925, 0.0125011568889, 0.00918565690517, 0.00642402004451, 0.00310250115581, 0.00567345693707, 0.00775984348729, 0.00651080487296, 0.00623633898795, 0.00431434670463, 0.0145315555856, 0.00344518339261, 0.00494531402364, 0.00417382642627, 0.0075844428502, 0.00310447672382, 0.00221762899309, 0.00179296825081, 0.00205827550963, 0.00179746362846, 0.000474696280435],
        "mean": [0.000339906400768, 0.00970991235226, 0.00398500123993, 0.00386095605791, 0.00632145674899, 0.00210552336648, 0.000775062246248, 0.000729281688109, 0.000435120717157, 0.00039864066639, 0.000241104178713, 0.000388433691114, 0.000328149733832, 0.000294344121357, 0.000379167962819, 0.000386917992728, 0.000391744630178, 0.000258089567069, 0.000334765791195, 0.000255438528256, 0.000241057394305, 0.000309373339405, 0.000154668843606, 0.000133825989906, 9.45632564253e-05, 6.0389033024e-05, 7.29840530767e-06],
        "median": [0.000112393012387, 0.00479624280706, 0.00177179626189, 0.00176886701956, 0.00254838168621, 0.00132697075605, 0.00047062151134, 0.000410845881561, 0.00023539319227, 0.000240931694862, 0.000134415487992, 0.000220109533984, 0.00018843243015, 0.000149907966261, 0.000223630311666, 0.000241812944296, 0.000263633119175, 0.000184021395398, 0.000215075793676, 0.000166040073964, 0.000141920929309, 0.000172002532054, 7.90852645878e-05, 4.61285671918e-05, 3.07100854116e-05, 1.34824713314e-05, 4.98935150972e-07],
        "min": [5.21555348044e-24, 1.78926969276e-23, 1.76975280065e-23, 8.18733805524e-24, 1.64399653944e-23, 3.08848005854e-23, 6.26860619051e-23, 7.13738233419e-24, 4.59958540543e-23, 4.23685264617e-23, 4.34560248621e-23, 5.1489692813e-23, 5.91167313663e-23, 4.49339967888e-23, 7.70890969344e-23, 1.13064353832e-22, 1.21074094054e-22, 1.23722760808e-22, 2.92201576628e-22, 2.26866021243e-22, 2.77264968704e-22, 3.56517847993e-22, 5.19090519013e-22, 5.9136290068e-22, 1.14907281844e-21, 1.54458409884e-21, 2.22097126092e-21],
        "var": [3.10572914941e-07, 0.00016269403568, 3.56361088052e-05, 3.10994182655e-05, 0.000121691606182, 6.21020535618e-06, 9.83389895737e-07, 9.47238277149e-07, 4.0323510575e-07, 2.48980967399e-07, 9.62524353554e-08, 2.51328827972e-07, 2.22563500074e-07, 1.83407180998e-07, 2.61682544078e-07, 2.01322720272e-07, 2.58655177277e-07, 6.87169574576e-08, 1.42451028751e-07, 9.19630522844e-08, 1.15781062959e-07, 1.39179334724e-07, 3.96231705224e-08, 3.52701832185e-08, 2.57164494144e-08, 2.0898919928e-08, 8.74368744075e-10]
    },
    "erbbands": {
        "dmean": [0.193300053477, 1.73348772526, 3.77835631371, 7.60072755814, 18.9922447205, 14.2515239716, 10.9481191635, 10.0086393356, 8.15033340454, 6.60593175888, 9.2057466507, 6.927526474, 6.74479913712, 7.87875699997, 7.47322130203, 12.2927780151, 9.48315238953, 8.7295255661, 11.1717414856, 9.79656982422, 11.4740762711, 9.81411933899, 6.76619911194, 7.79432439804, 8.43286705017, 5.82010126114, 5.07638502121, 4.25880289078, 5.04975891113, 3.69941401482, 2.0836994648, 1.58078563213, 0.969128012657, 0.558148562908, 0.325435727835, 0.135132223368, 0.0646969899535, 0.0159977208823, 0.00102927116677, 2.99000203086e-05],
        "dmean2": [0.315316170454, 2.97439479828, 6.1715722084, 12.5648269653, 31.7189159393, 24.2735748291, 16.9293174744, 16.1966171265, 12.6280879974, 10.4481086731, 14.5805158615, 11.1477680206, 10.8126831055, 12.9096250534, 12.3453464508, 20.4431190491, 15.1806325912, 14.2555809021, 18.133146286, 16.0923786163, 18.7022838593, 16.4856185913, 11.3012599945, 12.8152666092, 13.8144493103, 9.51546859741, 8.02711009979, 6.87352228165, 8.02162456512, 5.88533115387, 3.30765509605, 2.52835607529, 1.50155746937, 0.860681593418, 0.494741886854, 0.201440006495, 0.0996776148677, 0.0244618989527, 0.00165005866438, 4.69628321298e-05],
        "dvar": [0.0910071209073, 7.12023210526, 37.6802482605, 165.003448486, 1545.68041992, 826.65411377, 289.651397705, 245.251800537, 151.500320435, 126.802436829, 212.588500977, 127.738182068, 138.728637695, 131.177810669, 143.150802612, 365.747741699, 234.617355347, 220.169906616, 333.499176025, 217.781021118, 269.595031738, 265.613647461, 88.9877548218, 121.967529297, 167.007965088, 77.9083786011, 79.3381347656, 50.2729034424, 58.3393974304, 40.7003135681, 13.0850038528, 6.88498401642, 2.52080869675, 0.899483561516, 0.478626787663, 0.0838221088052, 0.0313485376537, 0.00285298330709, 1.6789908841e-05, 4.01892163993e-09],
        "dvar2": [0.24620988965, 20.229227066, 94.9619293213, 438.118347168, 3917.43994141, 2181.23608398, 663.617919922, 590.593017578, 324.468139648, 299.524597168, 506.91418457, 316.683746338, 336.80090332, 340.823425293, 380.399261475, 946.849304199, 534.337646484, 546.193969727, 804.040100098, 554.149169922, 703.750732422, 764.958496094, 241.65461731, 333.894378662, 441.090789795, 198.980178833, 205.918807983, 130.280288696, 143.543685913, 101.574546814, 33.1637153625, 17.9720191956, 6.42132091522, 2.21748900414, 1.17679977417, 0.19789019227, 0.0769313275814, 0.00655818171799, 4.20583164669e-05, 9.85208803428e-09],
        "max": [3.36729717255, 33.3288574219, 84.5766067505, 168.196121216, 382.815490723, 380.682281494, 364.331359863, 262.466705322, 201.667068481, 231.670516968, 327.416473389, 228.514770508, 248.353424072, 175.957992554, 170.403030396, 287.831604004, 398.480865479, 363.089813232, 363.805480957, 254.650695801, 341.268951416, 670.309143066, 166.259002686, 164.955963135, 267.211761475, 197.713043213, 221.489715576, 234.884384155, 140.203521729, 105.528076172, 69.1057434082, 52.5400047302, 30.0253639221, 19.86460495, 19.0928459167, 7.77076768875, 4.24371290207, 1.00944268703, 0.0611167810857, 0.000969637825619],
        "mean": [0.275771737099, 2.16183853149, 4.5669708252, 9.91257667542, 21.1639976501, 16.7719287872, 17.9353218079, 15.8622083664, 13.8074731827, 11.1592655182, 14.7840385437, 11.276807785, 10.9641180038, 12.1419391632, 11.3862504959, 18.251159668, 16.4518470764, 15.5132341385, 20.2285747528, 18.2596092224, 23.3754520416, 19.6286697388, 13.8982419968, 16.0133419037, 16.4557876587, 12.4099340439, 10.8926410675, 8.94113731384, 11.1714954376, 7.92737388611, 4.18155479431, 3.12034130096, 2.00829124451, 1.14213502407, 0.638352632523, 0.287465333939, 0.108327411115, 0.0207441300154, 0.00105910771526, 5.9410383983e-05],
        "median": [0.10694283247, 1.08925080299, 2.25756120682, 5.21373462677, 7.11098575592, 7.16788244247, 9.44393920898, 8.84069919586, 8.16348075867, 6.673828125, 8.43625259399, 6.66250228882, 6.07899475098, 7.74083328247, 7.02546548843, 10.7723665237, 9.74258804321, 9.40567970276, 11.8236885071, 11.7441272736, 15.4890031815, 14.100233078, 10.675163269, 10.6803455353, 10.3354377747, 8.20463943481, 6.72012615204, 5.30539131165, 6.1845459938, 4.31000900269, 2.03823447227, 1.14058601856, 0.669090390205, 0.383631944656, 0.193285405636, 0.0740950405598, 0.0211791414768, 0.00362138589844, 0.000120577475172, 4.02378791478e-05],
        "min": [4.54987252715e-22, 4.85128100668e-21, 2.43368572337e-20, 2.80667002418e-20, 3.1162565856e-20, 5.02275312429e-20, 1.45878096086e-19, 4.04914034681e-19, 7.2800667189e-19, 5.46824546034e-19, 4.38945976991e-19, 9.80018567539e-19, 9.02218922206e-19, 1.57884770019e-18, 2.37945927147e-18, 2.59889891425e-18, 2.6554757934e-18, 2.54803785313e-18, 3.11474487426e-18, 4.772569091e-18, 7.81257199305e-18, 6.39854602697e-18, 7.84068786207e-18, 1.30061272122e-17, 1.26102369167e-17, 9.12727714221e-18, 7.41299826226e-18, 1.50336966132e-17, 9.73175260973e-18, 1.48312011449e-17, 1.41939759426e-17, 1.26670923489e-17, 1.02932022777e-17, 1.13878401608e-17, 7.9897267833e-18, 5.62938965285e-18, 2.58676107273e-18, 1.18354997617e-18, 3.00444251092e-19, 3.30459204015e-20],
        "var": [0.158901959658, 8.57339477539, 42.517288208, 187.97857666, 1558.64538574, 804.812316895, 645.495910645, 459.365661621, 331.119750977, 242.332702637, 400.377044678, 229.553909302, 259.366485596, 206.709777832, 194.756271362, 534.66619873, 538.905334473, 436.970031738, 816.666137695, 466.777252197, 670.101257324, 531.508789062, 174.943374634, 296.403869629, 381.04498291, 206.192352295, 196.379058838, 141.795379639, 187.269836426, 96.1192398071, 30.7905883789, 18.5065155029, 8.68128585815, 3.35402083397, 1.39661693573, 0.412806421518, 0.0767497718334, 0.00413646781817, 1.75365967152e-05, 5.89109161453e-09]
    },
    "gfcc": {
        "mean": [-3.65404510498, 91.3140716553, -105.041213989, 48.2406997681, -50.1109466553, 13.1649475098, -37.42786026, 4.94783210754, -23.2261352539, 2.84135460854, -17.4388408661, 2.95373439789, -11.7697372437],
        "cov": [[18335.3671875, -2311.71264648, -454.864044189, 647.405273438, -977.881408691, 530.855041504, -605.209472656, 289.141174316, -574.291503906, 238.805908203, -442.178588867, 174.992736816, -307.183258057], [-2311.71264648, 1729.6619873, -240.892791748, 8.64813041687, 362.04397583, -256.176055908, 320.135192871, -105.501411438, 251.089706421, -150.304504395, 189.477935791, -105.427307129, 132.482406616], [-454.864044189, -240.892791748, 703.969848633, 102.61416626, 148.152389526, 99.1575927734, 7.59744691849, 46.0768051147, -61.4103431702, 4.67452478409, -68.0474777222, -2.72345876694, -16.8409309387], [647.405273438, 8.64813041687, 102.61416626, 424.273681641, 66.8127975464, 98.582649231, 70.3111495972, -5.45994615555, 29.2450771332, -13.6311006546, -17.0304813385, -31.3930644989, 23.081615448], [-977.881408691, 362.04397583, 148.152389526, 66.8127975464, 268.768280029, -11.4696826935, 134.042953491, -21.2472190857, 62.4735603333, -25.0000514984, 21.586555481, -28.4736347198, 34.1493415833], [530.855041504, -256.176055908, 99.1575927734, 98.582649231, -11.4696826935, 168.882965088, -13.2764511108, 52.1710548401, -22.07563591, 36.1248855591, -21.0574703217, 4.93552017212, -10.41310215], [-605.209472656, 320.135192871, 7.59744691849, 70.3111495972, 134.042953491, -13.2764511108, 169.707183838, 3.70161342621, 77.118888855, -23.1269493103, 31.4894237518, -27.4259376526, 25.1678581238], [289.141174316, -105.501411438, 46.0768051147, -5.45994615555, -21.2472190857, 52.1710548401, 3.70161342621, 95.8863525391, 11.0853290558, 29.2165107727, 4.10420227051, 10.5305957794, -8.29866790771], [-574.291503906, 251.089706421, -61.4103431702, 29.2450771332, 62.4735603333, -22.07563591, 77.118888855, 11.0853290558, 112.952804565, 10.2495727539, 55.7236175537, -12.3953695297, 29.9740009308], [238.805908203, -150.304504395, 4.67452478409, -13.6311006546, -25.0000514984, 36.1248855591, -23.1269493103, 29.2165107727, 10.2495727539, 89.8963546753, 5.84499645233, 25.0637397766, -7.96359014511], [-442.178588867, 189.477935791, -68.0474777222, -17.0304813385, 21.586555481, -21.0574703217, 31.4894237518, 4.10420227051, 55.7236175537, 5.84499645233, 96.6150894165, 13.4936380386, 33.7353820801], [174.992736816, -105.427307129, -2.72345876694, -31.3930644989, -28.4736347198, 4.93552017212, -27.4259376526, 10.5305957794, -12.3953695297, 25.0637397766, 13.4936380386, 68.7390289307, 12.8391647339], [-307.183258057, 132.482406616, -16.8409309387, 23.081615448, 34.1493415833, -10.41310215, 25.1678581238, -8.29866790771, 29.9740009308, -7.96359014511, 33.7353820801, 12.8391647339, 64.4274139404]],
        "icov": [[0.000122299432405, -0.000118554366054, 0.000185977551155, -0.000351694907295, 0.000195378612261, -8.56907281559e-05, 0.000160258015967, -0.000461490999442, 0.00060834485339, -0.000274070771411, 0.000368214939954, -0.000347416265868, 0.000321579020238], [-0.000118554366054, 0.00251214788295, 0.000323276239214, 0.000524447939824, -0.00191552366596, 0.00196493021213, -0.00138558750041, 0.000806584430393, -0.00202541844919, 0.00218585785478, -0.00255727511831, 0.00247162068263, -0.00179735803977], [0.000185977551155, 0.000323276239214, 0.00272418186069, -0.000901139806956, -0.00235451897606, -0.000100390854641, 0.000887962523848, -0.00227438076399, 0.00225398829207, -5.64226320421e-05, 0.000906570872758, -0.000370876194211, 0.000392435438698], [-0.000351694907295, 0.000524447939824, -0.000901139806956, 0.00455894879997, -0.000121674776892, -0.00234178663231, -0.00183462933637, 0.00312594464049, -0.00330736557953, 0.00159572577104, -0.000104480139271, 0.00194646103773, -0.00241601653397], [0.000195378612261, -0.00191552366596, -0.00235451897606, -0.000121674776892, 0.0104043614119, -0.00182062142994, -0.00469199521467, 0.00246077636257, 1.16804194477e-05, -0.00189741770737, 0.00209780992009, -0.00101784907747, -0.000496183987707], [-8.56907281559e-05, 0.00196493021213, -0.000100390854641, -0.00234178663231, -0.00182062142994, 0.012050694786, -0.000597246165853, -0.00461888313293, 0.00191415962763, -0.00182961614337, -0.00210689008236, 0.00274140038528, -0.0016450578114], [0.000160258015967, -0.00138558750041, 0.000887962523848, -0.00183462933637, -0.00469199521467, -0.000597246165853, 0.0148669788614, -0.00367440935224, -0.00400505494326, 0.00162193260621, 0.00160420278553, -0.000740848714486, 0.00198361114599], [-0.000461490999442, 0.000806584430393, -0.00227438076399, 0.00312594464049, 0.00246077636257, -0.00461888313293, -0.00367440935224, 0.0181378144771, -0.00675174128264, -0.000213382721995, -0.00209746789187, 6.2733219238e-05, 0.000348014436895], [0.00060834485339, -0.00202541844919, 0.00225398829207, -0.00330736557953, 1.16804194477e-05, 0.00191415962763, -0.00400505494326, -0.00675174128264, 0.0258756875992, -0.00860610976815, -0.00446333177388, 0.00216132379137, -0.00135819311254], [-0.000274070771411, 0.00218585785478, -5.64226320421e-05, 0.00159572577104, -0.00189741770737, -0.00182961614337, 0.00162193260621, -0.000213382721995, -0.00860610976815, 0.0186905283481, -0.00209045596421, -0.00348399532959, 0.00176399433985], [0.000368214939954, -0.00255727511831, 0.000906570872758, -0.000104480139271, 0.00209780992009, -0.00210689008236, 0.00160420278553, -0.00209746789187, -0.00446333177388, -0.00209045596421, 0.0209331493825, -0.00649830838665, -0.0029086174909], [-0.000347416265868, 0.00247162068263, -0.000370876194211, 0.00194646103773, -0.00101784907747, 0.00274140038528, -0.000740848714486, 6.2733219238e-05, 0.00216132379137, -0.00348399532959, -0.00649830838665, 0.0237957108766, -0.00902863033116], [0.000321579020238, -0.00179735803977, 0.000392435438698, -0.00241601653397, -0.000496183987707, -0.0016450578114, 0.00198361114599, 0.000348014436895, -0.00135819311254, 0.00176399433985, -0.0029086174909, -0.00902863033116, 0.025157880038]]
    },
    "melbands": {
        "dmean": [0.0018883474404, 0.00198902795091, 0.00154550129082, 0.00133383099455, 0.000378179858672, 0.000219463152462, 0.00011830812582, 7.35732392059e-05, 7.0138470619e-05, 4.46658559667e-05, 3.41234954249e-05, 3.37619421771e-05, 2.40302524617e-05, 2.84637644654e-05, 2.72885190498e-05, 1.86575271073e-05, 1.74448123289e-05, 1.84145228559e-05, 1.34311821967e-05, 1.53610762936e-05, 1.47647251652e-05, 1.2574365428e-05, 7.36454603611e-06, 6.93007177688e-06, 6.78391870679e-06, 7.25454128769e-06, 4.62284197056e-06, 4.13302132074e-06, 3.76260913981e-06, 2.93790276373e-06, 2.75012257589e-06, 3.13514851769e-06, 2.89494823846e-06, 1.83491852113e-06, 1.25251119698e-06, 1.19021342471e-06, 9.62008130045e-07, 7.65426761973e-07, 5.68380130517e-07, 4.82390419165e-07],
        "dmean2": [0.00315564405173, 0.00330003257841, 0.00251253903843, 0.00225368770771, 0.000597078178544, 0.000351549126208, 0.000183137904969, 0.000115495087812, 0.000111830529931, 7.18824230717e-05, 5.48787465959e-05, 5.56974446226e-05, 3.99662822019e-05, 4.72925748909e-05, 4.48037062597e-05, 2.9935819839e-05, 2.86834329017e-05, 2.99516304949e-05, 2.2409723897e-05, 2.50088214671e-05, 2.42939513555e-05, 2.13051825995e-05, 1.2351989426e-05, 1.16417240861e-05, 1.12516563604e-05, 1.20710665215e-05, 7.56759982323e-06, 6.78195192449e-06, 6.02275076744e-06, 4.63371361548e-06, 4.49479375675e-06, 5.06872402184e-06, 4.59594957647e-06, 2.95500512948e-06, 2.01616762752e-06, 1.91353365153e-06, 1.56025782871e-06, 1.22430321881e-06, 8.83616507963e-07, 7.62543834298e-07],
        "dvar": [8.03054899734e-06, 9.32425245992e-06, 5.99679788138e-06, 7.83194627729e-06, 3.33428857857e-07, 1.06867851457e-07, 3.17044417386e-08, 1.58895758773e-08, 1.22878800468e-08, 5.80629233582e-09, 3.49153661539e-09, 2.45765030549e-09, 1.42107381418e-09, 1.86125992396e-09, 1.68400970946e-09, 8.59277982102e-10, 9.9152219768e-10, 8.98898400159e-10, 4.24307394775e-10, 5.0449067146e-10, 4.70045113943e-10, 5.40962330486e-10, 1.08993314374e-10, 9.87194839763e-11, 9.71215954881e-11, 1.35917541111e-10, 4.92071834668e-11, 4.06250588725e-11, 4.64558391755e-11, 4.50039241984e-11, 1.88128210926e-11, 2.34484046763e-11, 2.15396121078e-11, 1.07036575783e-11, 4.95453634716e-12, 4.0511235859e-12, 2.57400979871e-12, 1.6425865659e-12, 8.95531858305e-13, 7.87541418797e-13],
        "dvar2": [2.27901618928e-05, 2.45681167144e-05, 1.54113658937e-05, 2.0358384063e-05, 8.05606873655e-07, 2.55776342328e-07, 6.82434020405e-08, 3.65455044005e-08, 2.95295343733e-08, 1.41488802896e-08, 8.48157988287e-09, 6.41181330252e-09, 3.72594177733e-09, 4.89352736111e-09, 4.18919166023e-09, 1.92631177676e-09, 2.52606535689e-09, 2.13787321179e-09, 1.1250723686e-09, 1.27964483454e-09, 1.26516663812e-09, 1.58350987878e-09, 2.92141949521e-10, 2.72489891762e-10, 2.65420602164e-10, 3.61971536078e-10, 1.29442068175e-10, 1.04107833465e-10, 1.22820531523e-10, 1.05455699728e-10, 5.03059260915e-11, 5.98985583355e-11, 5.19090603834e-11, 2.69604703146e-11, 1.28384906872e-11, 1.04485170516e-11, 6.85949430937e-12, 4.34163685906e-12, 2.19842828837e-12, 2.01001216539e-12],
        "max": [0.0322499908507, 0.0400155708194, 0.0284518934786, 0.0292246155441, 0.0100602051243, 0.00517462287098, 0.00277917389758, 0.00262150121853, 0.00240354659036, 0.0015455193352, 0.00122840947006, 0.00076257850742, 0.000487825949676, 0.000597309903242, 0.000795737316366, 0.000931357615627, 0.000630190654192, 0.000559776381124, 0.000448808743386, 0.000334850046784, 0.000535823055543, 0.000999020645395, 0.000239130444243, 0.000179636874236, 0.000156541311298, 0.000269704585662, 0.000135575974127, 0.000124036116176, 0.000136517395731, 0.000327314133756, 8.37680854602e-05, 7.7473167039e-05, 7.72881394369e-05, 6.55444455333e-05, 5.04017225467e-05, 3.80485907954e-05, 2.96553716908e-05, 2.19854227907e-05, 2.27554046432e-05, 1.95364318643e-05],
        "mean": [0.0026060952805, 0.00263135856949, 0.00202905735932, 0.00148804369383, 0.000605372129939, 0.000358265329851, 0.000199711997993, 0.000124581158161, 0.000111061395728, 6.94953851053e-05, 5.40819419257e-05, 4.96618413308e-05, 3.43740357494e-05, 4.2577230488e-05, 4.26112746936e-05, 3.17466983688e-05, 2.84085290332e-05, 3.18919446727e-05, 2.33277114603e-05, 2.75436523225e-05, 2.80256208498e-05, 2.28412627621e-05, 1.32521608975e-05, 1.25863507492e-05, 1.26786999317e-05, 1.31742444864e-05, 9.02911688172e-06, 8.07511696621e-06, 7.2963821367e-06, 5.48198795514e-06, 5.12637961947e-06, 6.33778836345e-06, 6.00844987275e-06, 3.66744689018e-06, 2.35993866227e-06, 2.12678105527e-06, 1.80670542704e-06, 1.46336924445e-06, 1.12397401608e-06, 9.20099523682e-07],
        "median": [0.00123899616301, 0.00146316387691, 0.00102957733907, 0.000533576880116, 0.000333832955221, 0.000214177707676, 0.000117578470963, 7.239288243e-05, 6.37302946416e-05, 3.63922736142e-05, 2.93849498121e-05, 3.01526361e-05, 1.94553958863e-05, 2.61805689661e-05, 2.51118672168e-05, 1.87856694538e-05, 1.46024049172e-05, 1.76198227564e-05, 1.45352114487e-05, 1.63299464475e-05, 1.7594993551e-05, 1.49476782099e-05, 9.78064963419e-06, 8.56645510794e-06, 8.02997055871e-06, 7.65478944231e-06, 5.86714122619e-06, 5.04159834236e-06, 4.43496537628e-06, 2.82847463495e-06, 2.96026883007e-06, 3.3819546843e-06, 2.93225093628e-06, 1.94715948965e-06, 1.08288713818e-06, 8.05370746093e-07, 6.34053037629e-07, 4.82213067698e-07, 3.49351751083e-07, 3.09431356982e-07],
        "min": [4.69183819179e-24, 1.57408579276e-23, 5.49144969343e-24, 2.1306174584e-24, 5.09459349354e-24, 8.30419280999e-24, 1.23505199281e-23, 4.29570656064e-24, 4.24016680861e-24, 5.95510229604e-24, 4.65957535849e-24, 5.67236744786e-24, 6.90804153639e-24, 6.89621572255e-24, 7.13100912694e-24, 5.56211112015e-24, 4.33943469834e-24, 4.85823814456e-24, 5.9586998962e-24, 5.47930202435e-24, 9.09826729694e-24, 5.42338519681e-24, 8.10159360801e-24, 5.33430741782e-24, 1.07312283034e-23, 9.9510275132e-24, 7.12184887411e-24, 5.04881116204e-24, 5.27196886808e-24, 4.87063391039e-24, 7.35578478669e-24, 4.9659342242e-24, 7.59419511833e-24, 7.63156188169e-24, 8.32448546792e-24, 9.21998853461e-24, 6.92628788912e-24, 6.28796531045e-24, 8.50324371563e-24, 9.68218450557e-24],
        "var": [1.22022620417e-05, 1.14972599476e-05, 7.2625903158e-06, 7.59015529184e-06, 6.37270318293e-07, 2.0933362066e-07, 6.86046774945e-08, 3.26287405983e-08, 2.27071801362e-08, 1.06073443362e-08, 6.48461595532e-09, 3.78451847638e-09, 1.96105021111e-09, 2.66985744624e-09, 2.85225598695e-09, 1.96700478128e-09, 1.85868875846e-09, 2.08751038677e-09, 7.64771579398e-10, 1.14927112271e-09, 1.09109565827e-09, 9.95065696507e-10, 1.80748610523e-10, 1.85872706115e-10, 2.08439238092e-10, 2.91823065712e-10, 1.10262202146e-10, 9.68837024495e-11, 8.75190059313e-11, 1.04737489515e-10, 4.39687522502e-11, 6.15134471138e-11, 6.32110613852e-11, 2.18557758697e-11, 1.07868826718e-11, 8.64256843175e-12, 6.61489092668e-12, 4.74722171295e-12, 3.08674071546e-12, 2.39364994839e-12]
    },
    "mfcc": {
        "mean": [-641.378662109, 112.075660706, 8.14213848114, 36.3946037292, 10.4341869354, 12.2668323517, -1.13153779507, 4.32446718216, -0.779883623123, -0.825229823589, -1.12694275379, -0.853928685188, 1.00638234615],
        "cov": [[11705.0722656, -407.553985596, -234.283248901, -28.7224254608, -203.719299316, 136.005828857, -159.161987305, -94.6277999878, -137.171875, -83.9163818359, -56.8867759705, -176.871429443, -15.6486034393], [-407.553985596, 1375.3416748, -256.417388916, 174.307937622, -4.99296236038, -37.1991119385, 4.72834539413, 74.9461212158, 23.606306076, 12.1214199066, 21.4334335327, 54.079082489, 58.8931465149], [-234.283248901, -256.417388916, 470.277160645, 74.2353897095, 153.850921631, 71.5280151367, 78.8948974609, 25.6865825653, 38.7832489014, 7.48533058167, -1.29572474957, -10.3578090668, -46.3992462158], [-28.7224254608, 174.307937622, 74.2353897095, 285.600219727, 70.4236602783, 113.288642883, 41.6288452148, 53.1714363098, 53.3785057068, 15.9320116043, 26.9507083893, -10.3865184784, 10.7385520935], [-203.719299316, -4.99296236038, 153.850921631, 70.4236602783, 150.957351685, 64.9797973633, 55.9636726379, 21.8153800964, 34.7568740845, 13.6283712387, 0.66263884306, 9.76932430267, -12.4835863113], [136.005828857, -37.1991119385, 71.5280151367, 113.288642883, 64.9797973633, 141.864837646, 50.7526435852, 23.9443206787, 42.1311721802, 16.9459705353, 20.7565975189, -15.4666509628, 6.01945209503], [-159.161987305, 4.72834539413, 78.8948974609, 41.6288452148, 55.9636726379, 50.7526435852, 90.5425567627, 37.2371826172, 32.3445091248, 18.1659984589, 7.16493606567, 9.38195228577, -7.04931306839], [-94.6277999878, 74.9461212158, 25.6865825653, 53.1714363098, 21.8153800964, 23.9443206787, 37.2371826172, 82.7784423828, 27.8389987946, 14.2103509903, 11.6244468689, 8.67143249512, 6.07592391968], [-137.171875, 23.606306076, 38.7832489014, 53.3785057068, 34.7568740845, 42.1311721802, 32.3445091248, 27.8389987946, 76.3524627686, 31.9773521423, 17.6667118073, 5.69938802719, 4.45458698273], [-83.9163818359, 12.1214199066, 7.48533058167, 15.9320116043, 13.6283712387, 16.9459705353, 18.1659984589, 14.2103509903, 31.9773521423, 63.5585632324, 27.2859268188, 15.2103710175, 4.40967512131], [-56.8867759705, 21.4334335327, -1.29572474957, 26.9507083893, 0.66263884306, 20.7565975189, 7.16493606567, 11.6244468689, 17.6667118073, 27.2859268188, 58.756061554, 20.5102291107, 16.2925834656], [-176.871429443, 54.079082489, -10.3578090668, -10.3865184784, 9.76932430267, -15.4666509628, 9.38195228577, 8.67143249512, 5.69938802719, 15.2103710175, 20.5102291107, 72.785369873, 22.3228321075], [-15.6486034393, 58.8931465149, -46.3992462158, 10.7385520935, -12.4835863113, 6.01945209503, -7.04931306839, 6.07592391968, 4.45458698273, 4.40967512131, 16.2925834656, 22.3228321075, 61.0523986816]],
