{
"lowlevel": {
    "average_loudness": 0.603783369064,
    "barkbands_crest": {
        "dmean": 2.9199154377,
        "dmean2": 4.5537519455,
        "dvar": 8.64282608032,
        "dvar2": 19.882806778,
        "max": 26.9986820221,
        "mean": 12.0159454346,
        "median": 11.3057489395,
        "min": 1.70017397404,
        "var": 36.3659248352
    },
    "barkbands_flatness_db": {
        "dmean": 0.0412652119994,
        "dmean2": 0.0613582804799,
        "dvar": 0.00374365644529,
        "dvar2": 0.00780854746699,
        "max": 0.823673188686,
        "mean": 0.174173772335,
        "median": 0.114581227303,
        "min": 0.00814721547067,
        "var": 0.0282926745713
    },
    "barkbands_kurtosis": {
        "dmean": 48.1419029236,
        "dmean2": 66.5695037842,
        "dvar": 1013828.4375,
        "dvar2": 1877764.5,
        "max": 47484.1132812,
        "mean": 56.8846282959,
        "median": 3.73546028137,
        "min": -1.72800076008,
        "var": 1356305.625
    },
    "barkbands_skewness": {
        "dmean": 1.10203826427,
        "dmean2": 1.64446091652,
        "dvar": 33.3893051147,
        "dvar2": 72.5488052368,
        "max": 186.07258606,
        "mean": 2.27910375595,
        "median": 1.78704762459,
        "min": -99.160369873,
        "var": 27.9377269745
    },
    "barkbands_spread": {
        "dmean": 7.39102315903,
        "dmean2": 11.7976140976,
        "dvar": 91.5242538452,
        "dvar2": 211.193115234,
        "max": 118.47769165,
        "mean": 22.2400054932,
        "median": 20.5297355652,
        "min": 0.00217701145448,
        "var": 270.275238037
    },
    "dissonance": {
        "dmean": 0.0194181725383,
        "dmean2": 0.0319942347705,
        "dvar": 0.000948164088186,
        "dvar2": 0.00224814726971,
        "max": 0.500000119209,
        "mean": 0.452863186598,
        "median": 0.481294095516,
        "min": 0.0279666557908,
        "var": 0.00643813051283
    },
    "dynamic_complexity": 3.76504564285,
    "erbbands_crest": {
        "dmean": 1.71151852608,
        "dmean2": 2.79861855507,
        "dvar": 5.81830835342,
        "dvar2": 15.2654476166,
        "max": 32.5726356506,
        "mean": 7.72095394135,
        "median": 5.51251220703,
        "min": 2.30349636078,
        "var": 36.5364685059
    },
    "erbbands_flatness_db": {
        "dmean": 0.0242567341775,
        "dmean2": 0.0363467037678,
        "dvar": 0.00210425187834,
        "dvar2": 0.00441891606897,
        "max": 0.752381622791,
        "mean": 0.156710490584,
        "median": 0.11589101702,
        "min": 0.0497047193348,
        "var": 0.0140805523843
    },
    "erbbands_kurtosis": {
        "dmean": 3.63294482231,
        "dmean2": 5.24193716049,
        "dvar": 250.637054443,
        "dvar2": 525.110961914,
        "max": 294.665740967,
        "mean": 6.57623052597,
        "median": -0.403514146805,
        "min": -1.52516162395,
        "var": 805.617126465
    },
    "erbbands_skewness": {
        "dmean": 0.405948787928,
        "dmean2": 0.599132716656,
        "dvar": 0.522490262985,
        "dvar2": 1.20646214485,
        "max": 12.829577446,
        "mean": 0.448709398508,
        "median": 0.0980668067932,
        "min": -3.42093515396,
        "var": 2.3594353199
    },
    "erbbands_spread": {
        "dmean": 9.08254909515,
        "dmean2": 14.1195278168,
        "dvar": 132.48576355,
        "dvar2": 318.916503906,
        "max": 113.255561829,
        "mean": 41.9967651367,
        "median": 43.1262054443,
        "min": 0.18459866941,
        "var": 380.97064209
    },
    "hfc": {
        "dmean": 9.45800113678,
        "dmean2": 13.6816110611,
        "dvar": 213.203735352,
        "dvar2": 480.262207031,
        "max": 147.165588379,
        "mean": 18.5754928589,
        "median": 14.2716197968,
        "min": 1.15387447052e-16,
        "var": 334.753173828
    },
    "melbands_crest": {
        "dmean": 4.02970075607,
        "dmean2": 6.50222873688,
        "dvar": 18.0044746399,
        "dvar2": 44.2203636169,
        "max": 35.8888778687,
        "mean": 17.8821926117,
        "median": 16.915397644,
        "min": 1.87986123562,
        "var": 64.8458709717
    },
    "melbands_flatness_db": {
        "dmean": 0.0506332851946,
        "dmean2": 0.0742687880993,
        "dvar": 0.00471735885367,
        "dvar2": 0.00998435169458,
        "max": 0.964825809002,
        "mean": 0.25367051363,
        "median": 0.198565125465,
        "min": 0.00571502326056,
        "var": 0.0365151278675
    },
    "melbands_kurtosis": {
        "dmean": 15.8459692001,
        "dmean2": 24.3116493225,
        "dvar": 1549.72473145,
        "dvar2": 3713.12353516,
        "max": 996.017150879,
        "mean": 28.5792617798,
        "median": 12.2317399979,
        "min": -1.66832196712,
        "var": 3006.09863281
    },
    "melbands_skewness": {
        "dmean": 1.11176276207,
        "dmean2": 1.6720083952,
        "dvar": 2.18229651451,
        "dvar2": 4.76512241364,
        "max": 20.8090457916,
        "mean": 3.44799804688,
        "median": 3.02944469452,
        "min": -15.6814498901,
        "var": 6.00177383423
    },
    "melbands_spread": {
        "dmean": 8.88587188721,
        "dmean2": 14.1278858185,
        "dvar": 152.760147095,
        "dvar2": 351.363647461,
        "max": 162.736755371,
        "mean": 21.7828960419,
        "median": 14.886964798,
        "min": 0.131076872349,
        "var": 438.793762207
    },
    "pitch_salience": {
        "dmean": 0.0925382897258,
        "dmean2": 0.146497860551,
        "dvar": 0.00941586121917,
        "dvar2": 0.021501660347,
        "max": 0.969932436943,
        "mean": 0.506625831127,
        "median": 0.535823643208,
        "min": 0.00380205339752,
        "var": 0.0328566990793
    },
    "silence_rate_20dB": {
        "dmean": 0.00249532121234,
        "dmean2": 0.00499168038368,
        "dvar": 0.00248928577639,
        "dvar2": 0.00663057249039,
        "max": 1,
        "mean": 0.998336791992,
        "median": 1,
        "min": 0,
        "var": 0.00166047737002
    },
    "silence_rate_30dB": {
        "dmean": 0.075691409409,
        "dmean2": 0.151414304972,
        "dvar": 0.0699635446072,
        "dvar2": 0.155948534608,
        "max": 1,
        "mean": 0.87920999527,
        "median": 1,
        "min": 0,
        "var": 0.106198072433
    },
    "silence_rate_60dB": {
        "dmean": 0.030775628984,
        "dmean2": 0.0615640580654,
        "dvar": 0.0298275128007,
        "dvar2": 0.068169131875,
        "max": 1,
        "mean": 0.146361753345,
        "median": 0,
        "min": 0,
        "var": 0.124941386282
    },
    "spectral_centroid": {
        "dmean": 318.744476318,
        "dmean2": 495.553619385,
        "dvar": 165126.578125,
        "dvar2": 381353.6875,
        "max": 10922.2480469,
        "mean": 1354.64953613,
        "median": 1298.56762695,
        "min": 97.3252410889,
        "var": 677974.75
    },
    "spectral_complexity": {
        "dmean": 5.53337478638,
        "dmean2": 8.51247882843,
        "dvar": 49.643611908,
        "dvar2": 113.792243958,
        "max": 56,
        "mean": 19.5948028564,
        "median": 20,
        "min": 0,
        "var": 139.067382812
    },
    "spectral_decrease": {
        "dmean": 6.06110539536e-09,
        "dmean2": 9.07680686169e-09,
        "dvar": 8.67136281641e-17,
        "dvar2": 1.95629776586e-16,
        "max": 4.38196646359e-30,
        "mean": -1.19363123829e-08,
        "median": -5.71596814325e-09,
        "min": -1.09776365775e-07,
        "var": 2.29014389062e-16
    },
    "spectral_energy": {
        "dmean": 0.0235503055155,
        "dmean2": 0.0351401232183,
        "dvar": 0.00128126482014,
        "dvar2": 0.00289181433618,
        "max": 0.4169280231,
        "mean": 0.0467352457345,
        "median": 0.0232388935983,
        "min": 1.04584855398e-20,
        "var": 0.00336481514387
    },
    "spectral_energyband_high": {
        "dmean": 0.000566261180211,
        "dmean2": 0.000839448999614,
        "dvar": 9.38094729008e-07,
        "dvar2": 2.03229342333e-06,
        "max": 0.0106368530542,
        "mean": 0.000909510592464,
        "median": 0.00050048599951,
        "min": 7.65271475141e-21,
        "var": 1.36903736347e-06
    },
    "spectral_energyband_low": {
        "dmean": 0.0181424096227,
        "dmean2": 0.0277851559222,
        "dvar": 0.00099566904828,
        "dvar2": 0.00224984018132,
        "max": 0.388792961836,
        "mean": 0.0317223221064,
        "median": 0.00867273658514,
        "min": 1.85713318763e-23,
        "var": 0.00253767939284
    },
    "spectral_energyband_middle_high": {
        "dmean": 0.00186048587784,
        "dmean2": 0.00291274860501,
        "dvar": 9.9558792499e-06,
        "dvar2": 2.42060232267e-05,
        "max": 0.0391772426665,
        "mean": 0.00378610379994,
        "median": 0.00322599709034,
        "min": 1.4589350596e-21,
        "var": 1.45539243022e-05
    },
    "spectral_energyband_middle_low": {
        "dmean": 0.00710373558104,
        "dmean2": 0.0114351790398,
        "dvar": 0.000172657499206,
        "dvar2": 0.00041638922994,
        "max": 0.153950929642,
        "mean": 0.0112207774073,
        "median": 0.00648554693907,
        "min": 2.53075262176e-22,
        "var": 0.000219339635805
    },
    "spectral_entropy": {
        "dmean": 0.286284536123,
        "dmean2": 0.410016685724,
        "dvar": 0.258570700884,
        "dvar2": 0.551272988319,
        "max": 9.81852340698,
        "mean": 7.31031560898,
        "median": 7.76861858368,
        "min": 2.37546157837,
        "var": 1.68309926987
    },
    "spectral_flux": {
        "dmean": 0.0458608977497,
        "dmean2": 0.0709249079227,
        "dvar": 0.00308920443058,
        "dvar2": 0.00683477660641,
        "max": 0.536920070648,
        "mean": 0.102875672281,
        "median": 0.0789530873299,
        "min": 6.81092959809e-11,
        "var": 0.00707921991125
    },
    "spectral_kurtosis": {
        "dmean": 8.9285697937,
        "dmean2": 15.1213083267,
        "dvar": 941.376586914,
        "dvar2": 2742.40527344,
        "max": 506.810852051,
        "mean": 17.1099853516,
        "median": 3.50176596642,
        "min": -1.22150933743,
        "var": 2435.53833008
    },
    "spectral_rms": {
        "dmean": 0.00165367126465,
        "dmean2": 0.00244444096461,
        "dvar": 4.37091694039e-06,
        "dvar2": 9.48887645791e-06,
        "max": 0.0201682671905,
        "mean": 0.00560371670872,
        "median": 0.00476152170449,
        "min": 3.19427622374e-12,
        "var": 1.41937589433e-05
    },
    "spectral_rolloff": {
        "dmean": 609.722900391,
        "dmean2": 983.057006836,
        "dvar": 1005055.6875,
        "dvar2": 2034903.375,
        "max": 19638.28125,
        "mean": 1349.27807617,
        "median": 645.99609375,
        "min": 64.599609375,
        "var": 2903180.25
    },
    "spectral_skewness": {
        "dmean": 0.505598723888,
        "dmean2": 0.817867159843,
        "dvar": 1.43775606155,
        "dvar2": 3.64629459381,
        "max": 19.883228302,
        "mean": 2.32661008835,
        "median": 1.45871591568,
        "min": -0.00713126081973,
        "var": 7.45881557465
    },
    "spectral_spread": {
        "dmean": 685725.6875,
        "dmean2": 1013570.5625,
        "dvar": 1.23683287859e+12,
        "dvar2": 2.56362335437e+12,
        "max": 41284656,
        "mean": 4757611.5,
        "median": 4869557.5,
        "min": 217419.046875,
        "var": 3.70169007309e+12
    },
    "spectral_strongpeak": {
        "dmean": 0.254518061876,
        "dmean2": 0.425900369883,
        "dvar": 0.133670479059,
        "dvar2": 0.356636345387,
        "max": 3.33282661438,
        "mean": 0.434025019407,
        "median": 0.323757857084,
        "min": 0,
        "var": 0.174811974168
    },
    "zerocrossingrate": {
        "dmean": 0.0139505881816,
        "dmean2": 0.017322814092,
        "dvar": 0.000434126326581,
        "dvar2": 0.000697681854945,
        "max": 0.5048828125,
        "mean": 0.0526533685625,
        "median": 0.044921875,
        "min": 0.001953125,
        "var": 0.00193355744705
    },
    "barkbands": {
        "dmean": [0.0031116285827, 0.0124287307262, 0.0053959605284, 0.00257695978507, 0.00334298168309, 0.00142255285755, 0.00063347426476, 0.000336200435413, 0.00055125716608, 0.000310076924507, 0.000295399397146, 0.000288734678179, 0.000283616129309, 0.000212357306737, 0.000208607976674, 0.000230263467529, 0.000176715737325, 0.000194772524992, 0.000174884757143, 0.000130787680973, 0.000121314798889, 0.000108761523734, 8.74894685694e-05, 8.92922253115e-05, 7.50517574488e-05, 6.25215834589e-05, 4.07762081522e-06],
        "dmean2": [0.00556716136634, 0.0190968457609, 0.00907910056412, 0.00441874703392, 0.0055066854693, 0.00226361723617, 0.000995622831397, 0.000523705035448, 0.00083099573385, 0.000513730570674, 0.000453448330518, 0.000450697931228, 0.000443953002105, 0.00033676889143, 0.000337631092407, 0.000394411938032, 0.000289155490464, 0.000331242423272, 0.000294043915346, 0.000204213589313, 0.000187842568266, 0.000159371484187, 0.000131665947265, 0.00013649048924, 0.00011411106243, 9.66270381468e-05, 6.4929445216e-06],
        "dvar": [6.35404358036e-05, 0.000519550347235, 0.000197706569452, 3.50131012965e-05, 5.57578532607e-05, 9.65167055256e-06, 2.07414859688e-06, 5.52563108158e-07, 1.22023516269e-06, 4.77805144783e-07, 4.05736784614e-07, 4.72187821288e-07, 3.45238333921e-07, 1.41755435834e-07, 1.16794680594e-07, 1.99608535922e-07, 1.00962317617e-07, 1.25315054333e-07, 1.0438283482e-07, 5.27499750547e-08, 4.48388490781e-08, 4.05492137645e-08, 2.32702568326e-08, 2.50372487187e-08, 1.73825789318e-08, 1.2404331784e-08, 7.2704037235e-11],
        "dvar2": [0.000181154362508, 0.00118069956079, 0.000523642054759, 9.48925298871e-05, 0.000130135842483, 2.52753034147e-05, 4.76995501231e-06, 1.36836933962e-06, 2.69086899607e-06, 1.17470051464e-06, 9.08751076167e-07, 1.09978657292e-06, 8.09103482879e-07, 3.46713136423e-07, 2.93280066899e-07, 5.37603739303e-07, 2.62120295247e-07, 3.41130032666e-07, 2.7777727496e-07, 1.2805253391e-07, 1.07307094765e-07, 8.72296013199e-08, 5.09878219646e-08, 5.50537997412e-08, 3.63674139692e-08, 2.62253028183e-08, 1.80689130325e-10],
        "max": [0.137360349298, 0.322303444147, 0.218044087291, 0.0784755200148, 0.0798431113362, 0.0649331659079, 0.0467358380556, 0.016115559265, 0.0174411330372, 0.00950746610761, 0.0108668422326, 0.0116376513615, 0.00741731887683, 0.00530513562262, 0.00395996263251, 0.00866142474115, 0.00498668616638, 0.00390130933374, 0.00443112105131, 0.00448809796944, 0.00254409038462, 0.00316639430821, 0.00176944443956, 0.00167063984554, 0.00139932858292, 0.000778374029323, 0.000103386359115],
        "mean": [0.00418334733695, 0.0212489590049, 0.00543307606131, 0.00283735757694, 0.00404526665807, 0.0021240117494, 0.000911507231649, 0.00044961515232, 0.00076244759839, 0.00039663084317, 0.00047009906848, 0.000458100636024, 0.000447830185294, 0.000359612778993, 0.000361830490874, 0.000346231943695, 0.000294598285109, 0.000298245926388, 0.000273281009868, 0.000226517600822, 0.000219541630941, 0.000181198091013, 0.000127697945572, 0.000112817280751, 9.10559683689e-05, 7.05876809661e-05, 3.80578262593e-06],
        "median": [0.000487695622724, 0.00402347790077, 0.000806231168099, 0.000844474241603, 0.0016033500433, 0.000821884488687, 0.000385032559279, 0.000177863927092, 0.00031992275035, 0.000150867679622, 0.000207160264836, 0.000199453759706, 0.000213588908082, 0.000225527764997, 0.000239855842665, 0.000190252176253, 0.000172993022716, 0.000174234053702, 0.000174027823959, 0.000132075991132, 0.000129700085381, 9.50022949837e-05, 6.41415608698e-05, 4.4440253987e-05, 3.13239179377e-05, 2.02611936402e-05, 7.01651629242e-07],
        "min": [1.29991355639e-23, 2.69061955983e-24, 1.90954609225e-24, 2.74356356505e-24, 3.22631520015e-23, 3.78567816647e-23, 2.21693280427e-23, 2.60974246327e-23, 8.97542824336e-24, 1.26075962865e-23, 4.8366128639e-23, 6.22625382623e-23, 7.80490775472e-23, 8.57544436775e-23, 8.98607360573e-23, 1.11064812319e-22, 1.206261599e-22, 1.09042337041e-22, 2.39522732798e-22, 2.46445397449e-22, 4.13076978708e-22, 4.97828180641e-22, 4.9362230246e-22, 8.34610950217e-22, 1.11632002047e-21, 1.49761625456e-21, 2.14935975537e-21],
        "var": [0.000101541700133, 0.00146281684283, 0.000172515996383, 3.40330843756e-05, 5.90407908021e-05, 1.13978621812e-05, 2.88446835839e-06, 6.54922018839e-07, 1.52090342453e-06, 5.69312078369e-07, 6.39436279926e-07, 7.22221273008e-07, 5.3232878372e-07, 1.96641522621e-07, 1.68499354913e-07, 2.1211639023e-07, 1.39424031431e-07, 1.4941250015e-07, 1.1918966436e-07, 8.21739121193e-08, 7.20924759889e-08, 6.35407673144e-08, 3.16845039094e-08, 3.0583510835e-08, 2.16976729916e-08, 1.47265666328e-08, 6.51183829081e-11]
    },
    "erbbands": {
        "dmean": [0.494688212872, 2.42414045334, 5.8119726181, 7.25248146057, 9.33169269562, 12.3022232056, 11.9315443039, 11.1207408905, 8.68124580383, 8.8745765686, 7.98161554337, 12.0824317932, 11.1473369598, 9.39891719818, 11.3416595459, 12.2267532349, 14.1320877075, 10.2649555206, 9.43720436096, 13.9576864243, 11.2543840408, 9.86227989197, 10.1824359894, 9.74839782715, 7.9299530983, 6.36497735977, 5.21433115005, 4.72924280167, 3.80471754074, 2.95984435081, 2.52996730804, 2.17132377625, 1.32509565353, 0.910152792931, 0.527047038078, 0.297107249498, 0.108360044658, 0.0197151638567, 0.000406793085858, 3.625532554e-05],
        "dmean2": [0.781462907791, 3.75197291374, 9.6199131012, 11.8994140625, 15.8117008209, 20.4130573273, 19.6826190948, 17.6163692474, 13.9162054062, 13.5052175522, 12.3327493668, 18.2093734741, 17.3348751068, 14.898270607, 17.6463661194, 19.1740646362, 21.9232521057, 16.3928318024, 14.9480733871, 23.2243537903, 18.8821487427, 16.3631095886, 17.1948795319, 16.3975696564, 13.1163787842, 9.94905662537, 8.20938682556, 7.25959396362, 5.67598438263, 4.40383243561, 3.76898336411, 3.38067007065, 2.00509214401, 1.37693274021, 0.796956956387, 0.465093374252, 0.168394252658, 0.0294880010188, 0.000611017632764, 5.35843719263e-05],
        "dvar": [1.13402295113, 22.8280410767, 215.911071777, 273.950256348, 453.003082275, 731.283935547, 910.249450684, 519.376953125, 498.949523926, 347.420623779, 336.443817139, 682.32989502, 478.366333008, 406.500793457, 598.541320801, 973.418273926, 850.410217285, 420.522003174, 247.844711304, 566.533874512, 408.062469482, 326.892150879, 343.288818359, 364.186645508, 202.899734497, 129.53805542, 83.184425354, 66.306892395, 49.3654785156, 28.9428424835, 19.1358661652, 15.2610092163, 5.4536523819, 2.59550642967, 0.858014643192, 0.284782677889, 0.0364261008799, 0.00136016157921, 5.8022817484e-07, 2.6673339093e-09],
        "dvar2": [2.65800046921, 52.2334823608, 566.012695312, 715.058959961, 1042.53540039, 1794.68969727, 2527.72973633, 1309.74438477, 1162.609375, 782.170410156, 814.307312012, 1588.3951416, 1096.82800293, 948.16192627, 1354.27893066, 2349.92749023, 1982.1114502, 1053.33569336, 619.431030273, 1455.26049805, 1075.1307373, 856.698059082, 926.608459473, 991.98034668, 528.449829102, 317.796569824, 196.805114746, 157.348571777, 112.705619812, 59.470993042, 41.3969726562, 34.9053192139, 11.7248315811, 5.6780295372, 1.72710382938, 0.611184477806, 0.078616514802, 0.00293339556083, 1.27308828723e-06, 5.86696158322e-09],
        "max": [18.9630813599, 64.5026550293, 209.991775513, 176.716125488, 218.801208496, 325.956756592, 686.558288574, 354.087341309, 849.612792969, 337.382080078, 394.595184326, 500.942382812, 369.266540527, 301.447692871, 403.981414795, 553.757385254, 383.308166504, 300.514007568, 181.882156372, 332.148681641, 273.051147461, 256.601379395, 197.830276489, 270.277893066, 175.889373779, 190.177322388, 125.019744873, 131.892837524, 120.959327698, 78.9183502197, 46.2550430298, 42.4860649109, 21.8748912811, 16.3788471222, 8.16916656494, 4.89181661606, 1.45144665241, 0.33327704668, 0.00712322397158, 0.000483071431518],
        "mean": [0.918692827225, 3.53560900688, 6.23750782013, 8.6349439621, 10.5311603546, 14.8754920959, 16.1152553558, 16.9383430481, 12.4766254425, 12.9954557419, 10.8761262894, 16.4004554749, 15.4902153015, 14.4543609619, 18.4783840179, 20.3372459412, 23.5123977661, 17.0073471069, 17.1752071381, 22.258430481, 18.6105995178, 16.329082489, 16.3251781464, 14.5751285553, 13.5173511505, 11.0536556244, 9.48875808716, 8.15800476074, 6.27533054352, 4.84210538864, 3.66751480103, 2.68666434288, 1.68485724926, 1.09537243843, 0.628549277782, 0.335099041462, 0.120097048581, 0.02187852934, 0.000462125783088, 6.75894334563e-05],
        "median": [0.0997187197208, 0.835898160934, 1.32961344719, 2.4640417099, 3.66519808769, 5.73952245712, 7.15481567383, 6.54065895081, 5.18323659897, 5.51313304901, 4.58874940872, 7.0054731369, 6.45369529724, 7.7655878067, 9.70042133331, 9.85814666748, 12.4585847855, 10.3428421021, 11.8402290344, 13.2719993591, 10.4242925644, 9.99044418335, 10.4501028061, 9.28459262848, 8.157579422, 6.78848266602, 5.63819646835, 4.71283197403, 3.44194483757, 2.36231279373, 1.7913954258, 1.0946366787, 0.648141086102, 0.375297576189, 0.206030189991, 0.0989023000002, 0.0336754657328, 0.00579404272139, 0.000141058990266, 3.84298982681e-05],
        "min": [1.21633756157e-22, 4.07160118022e-22, 3.11482271163e-21, 6.06365757774e-21, 6.5955414163e-20, 1.09864733092e-19, 1.34741711801e-19, 2.60650659774e-19, 2.8084878182e-19, 2.31712418128e-19, 5.28680442696e-19, 2.57470538059e-19, 5.18943699705e-19, 1.00147894135e-18, 2.86810401742e-18, 2.60315413811e-18, 3.66996835374e-18, 4.05147852791e-18, 4.32700742686e-18, 4.30843887647e-18, 8.02064844896e-18, 6.6983915544e-18, 7.41570727876e-18, 1.0026440666e-17, 8.74349511649e-18, 1.37823733513e-17, 1.61679481759e-17, 1.56261845793e-17, 1.70930471206e-17, 1.75521604847e-17, 1.39599814366e-17, 1.53071128929e-17, 1.26142123467e-17, 1.08351933489e-17, 8.69714405087e-18, 5.01679333967e-18, 2.61968037957e-18, 1.25320178907e-18, 2.73648433082e-19, 3.27189417214e-20],
        "var": [3.73958420753, 44.7720832825, 195.601409912, 284.530426025, 466.040740967, 756.816223145, 790.813842773, 721.21862793, 661.589477539, 518.404602051, 396.338592529, 798.458862305, 597.00189209, 546.19921875, 876.437927246, 1486.06542969, 1379.33178711, 513.24407959, 372.856658936, 751.956604004, 544.261474609, 427.94921875, 415.548370361, 383.866912842, 268.299713135, 195.365951538, 135.219512939, 104.24974823, 72.6155776978, 46.2993774414, 27.0946083069, 17.7896366119, 6.83265829086, 3.12252616882, 1.0991756916, 0.332386046648, 0.0420931242406, 0.00157906790264, 6.58801923237e-07, 5.72203706639e-09]
    },
    "gfcc": {
        "mean": [-34.3874588013, 88.2870483398, -91.7306976318, 39.4971580505, -48.0967407227, 14.9998664856, -38.0076942444, 5.23825359344, -25.8786697388, 4.87186908722, -15.8601465225, 4.55549621582, -9.72186279297],
        "cov": [[31158.0390625, -3186.99707031, -5833.25732422, 89.5062179565, -816.48260498, 1617.26806641, 483.018157959, 2061.82910156, 112.016036987, 1551.86425781, -198.226028442, 1028.36230469, -341.625183105], [-3186.99707031, 2431.44799805, 1137.16931152, -112.961845398, 552.681213379, -310.981536865, 255.359329224, -308.692565918, 185.369766235, -279.316741943, 277.632598877, -229.116729736, 185.57585144], [-5833.25732422, 1137.16931152, 2497.45703125, 204.817810059, 286.216217041, -396.202575684, -92.0592269897, -442.113677979, -59.1052970886, -363.284667969, 30.8672771454, -231.800918579, 32.8924942017], [89.5062179565, -112.961845398, 204.817810059, 424.002838135, 20.1100482941, -10.3244476318, -26.5237007141, -30.2171096802, -11.8101978302, -32.1396217346, -46.1973381042, -13.5573415756, -13.9977893829], [-816.48260498, 552.681213379, 286.216217041, 20.1100482941, 467.748077393, 23.3703250885, 169.035217285, -53.4853935242, 51.4952125549, -41.6325683594, 66.8114547729, -45.3816757202, 51.8679046631], [1617.26806641, -310.981536865, -396.202575684, -10.3244476318, 23.3703250885, 387.365814209, 179.423614502, 215.861846924, 50.720123291, 91.0872344971, -18.1499767303, 49.6225166321, -24.7851352692], [483.018157959, 255.359329224, -92.0592269897, -26.5237007141, 169.035217285, 179.423614502, 310.773040771, 140.442474365, 115.625144958, 37.1595726013, 40.6974754333, -5.26897573471, 27.6505184174], [2061.82910156, -308.692565918, -442.113677979, -30.2171096802, -53.4853935242, 215.861846924, 140.442474365, 307.943695068, 73.5341262817, 144.243438721, -11.7616701126, 69.5805664062, -34.5187072754], [112.016036987, 185.369766235, -59.1052970886, -11.8101978302, 51.4952125549, 50.720123291, 115.625144958, 73.5341262817, 143.578033447, 53.9334945679, 61.2381134033, -0.972844898701, 16.7830753326], [1551.86425781, -279.316741943, -363.284667969, -32.1396217346, -41.6325683594, 91.0872344971, 37.1595726013, 144.243438721, 53.9334945679, 209.460723877, 48.2040367126, 95.8220977783, -14.1034727097], [-198.226028442, 277.632598877, 30.8672771454, -46.1973381042, 66.8114547729, -18.1499767303, 40.6974754333, -11.7616701126, 61.2381134033, 48.2040367126, 148.451400757, 37.782787323, 58.071056366], [1028.36230469, -229.116729736, -231.800918579, -13.5573415756, -45.3816757202, 49.6225166321, -5.26897573471, 69.5805664062, -0.972844898701, 95.8220977783, 37.782787323, 126.792800903, 25.281129837], [-341.625183105, 185.57585144, 32.8924942017, -13.9977893829, 51.8679046631, -24.7851352692, 27.6505184174, -34.5187072754, 16.7830753326, -14.1034727097, 58.071056366, 25.281129837, 87.715461731]],
        "icov": [[0.000157960224897, -0.000370787864085, 0.000237249027123, -0.000265761162154, 0.000125979058794, -0.00024749073782, 0.000158409180585, -0.000525434094016, 0.000536244304385, -0.000674122129567, 0.000629228947219, -0.000881319108885, 0.000493600324262], [-0.000370787864085, 0.00254443613812, -0.000734670553356, 0.000993367750198, -0.00100874667987, 0.00165530841332, -0.00140873691998, 0.0011880856473, -0.00210292264819, 0.00307143945247, -0.00399522576481, 0.00390089885332, -0.00200050068088], [0.000237249027123, -0.000734670553356, 0.00108475401066, -0.000721460324712, 3.01399977616e-05, -9.87297098618e-05, 0.000215547028347, -0.000462604744826, 0.000953968323302, -0.000399866286898, 0.000633844407275, -0.00117890408728, 0.00133403390646], [-0.000265761162154, 0.000993367750198, -0.000721460324712, 0.00317009608261, -0.000605681736488, 0.000401973782573, -8.1113386841e-05, 0.00107035669498, -0.00180864718277, 0.00141187268309, -0.000258437765297, 0.00121042365208, -0.00104643322993], [0.000125979058794, -0.00100874667987, 3.01399977616e-05, -0.000605681736488, 0.00391089450568, -0.000852334313095, -0.00189639558084, 0.000875624245964, 0.00149053928908, -0.00168051687069, 0.000627296685707, -0.000607653346378, 0.000110255394247], [-0.00024749073782, 0.00165530841332, -9.87297098618e-05, 0.000401973782573, -0.000852334313095, 0.00643008900806, -0.00344528630376, -0.00133369199466, -0.000418609735789, 0.00250966637395, -0.00232231779955, 0.00139293819666, 0.000136930175358], [0.000158409180585, -0.00140873691998, 0.000215547028347, -8.1113386841e-05, -0.00189639558084, -0.00344528630376, 0.00991370901465, -0.00366627355106, -0.00303209596314, -0.000623498868663, 0.00250878790393, -0.000247117801337, -0.0020262261387], [-0.000525434094016, 0.0011880856473, -0.000462604744826, 0.00107035669498, 0.000875624245964, -0.00133369199466, -0.00366627355106, 0.011527845636, -0.00392807647586, -0.000891547242645, 0.000342282815836, 0.000406913401093, 0.000846291426569], [0.000536244304385, -0.00210292264819, 0.000953968323302, -0.00180864718277, 0.00149053928908, -0.000418609735789, -0.00303209596314, -0.00392807647586, 0.0164645146579, -0.00586169539019, -0.00192877510563, 0.00102178938687, 0.00119123572949], [-0.000674122129567, 0.00307143945247, -0.000399866286898, 0.00141187268309, -0.00168051687069, 0.00250966637395, -0.000623498868663, -0.000891547242645, -0.00586169539019, 0.0172394253314, -0.00890847854316, -0.00171694508754, 0.00308622955345], [0.000629228947219, -0.00399522576481, 0.000633844407275, -0.000258437765297, 0.000627296685707, -0.00232231779955, 0.00250878790393, 0.000342282815836, -0.00192877510563, -0.00890847854316, 0.0209021996707, -0.00898045673966, -0.00337209110148], [-0.000881319108885, 0.00390089885332, -0.00117890408728, 0.00121042365208, -0.000607653346378, 0.00139293819666, -0.000247117801337, 0.000406913401093, 0.00102178938687, -0.00171694508754, -0.00898045673966, 0.0254183113575, -0.011911409907], [0.000493600324262, -0.00200050068088, 0.00133403390646, -0.00104643322993, 0.000110255394247, 0.000136930175358, -0.0020262261387, 0.000846291426569, 0.00119123572949, 0.00308622955345, -0.00337209110148, -0.011911409907, 0.0237671490759]]
    },
    "melbands": {
        "dmean": [0.00388015829958, 0.00297831953503, 0.00126818509307, 0.000812047393993, 0.000430425367085, 0.000252091791481, 0.00012945815979, 8.86768903001e-05, 6.57906202832e-05, 7.87475073594e-05, 5.59634863748e-05, 3.83424667234e-05, 4.24217578257e-05, 3.1801249861e-05, 3.39068174071e-05, 2.55954983004e-05, 1.9100800273e-05, 1.5869636627e-05, 1.64783305081e-05, 1.8348922822e-05, 1.31563820105e-05, 1.05041071947e-05, 1.03912079794e-05, 9.32435705181e-06, 8.14520262793e-06, 6.39642621536e-06, 5.15389592692e-06, 4.26682527177e-06, 3.35747768077e-06, 3.21191464536e-06, 2.76337163996e-06, 2.41974976234e-06, 1.7313727767e-06, 1.61683578881e-06, 1.50232551732e-06, 1.48064418681e-06, 1.30452713165e-06, 9.68060021478e-07, 8.53392066347e-07, 7.39153165341e-07],
        "dmean2": [0.0060557234101, 0.00467114429921, 0.00206770584919, 0.00134649698157, 0.000706686580088, 0.000398966250941, 0.000207108358154, 0.000134245361551, 0.000102177094959, 0.000118856842164, 8.7379499746e-05, 6.12185103819e-05, 6.51350637781e-05, 5.00586029375e-05, 5.26277653989e-05, 4.02602308895e-05, 3.06828296743e-05, 2.51212914009e-05, 2.70257260127e-05, 3.11994590447e-05, 2.19293488044e-05, 1.7435524569e-05, 1.74122778844e-05, 1.57867125381e-05, 1.36823346111e-05, 1.0760868463e-05, 8.37221796246e-06, 6.63358696329e-06, 5.33199090569e-06, 4.96941447636e-06, 4.30063619206e-06, 3.64594620805e-06, 2.57711917584e-06, 2.4525227218e-06, 2.22875837608e-06, 2.29950160247e-06, 2.05013179766e-06, 1.46585909988e-06, 1.30856017222e-06, 1.12145983167e-06],
        "dvar": [5.72913304495e-05, 4.35694964835e-05, 7.3958080975e-06, 3.69235726794e-06, 1.07738731003e-06, 2.72739839602e-07, 9.78314602662e-08, 3.3018334733e-08, 2.27786713936e-08, 2.6553886201e-08, 1.22966117289e-08, 7.05259584066e-09, 8.01303645659e-09, 6.73904576587e-09, 4.54522552928e-09, 2.76056222326e-09, 1.43365774807e-09, 6.96527946431e-10, 7.60914942166e-10, 1.33805078129e-09, 5.52249301844e-10, 3.80409037604e-10, 3.69018426927e-10, 2.78348816218e-10, 2.73627426273e-10, 1.24975085836e-10, 9.8501845569e-11, 5.81506405528e-11, 3.32055147267e-11, 3.30916440083e-11, 2.4787446401e-11, 2.06926212276e-11, 1.06857821203e-11, 8.43899082559e-12, 6.94361235176e-12, 6.95722993105e-12, 5.82627956297e-12, 2.94396256505e-12, 2.2497140869e-12, 1.71076607741e-12],
        "dvar2": [0.000135354479426, 0.000106528983451, 1.88203448488e-05, 8.68119786901e-06, 2.94817550639e-06, 6.89498108386e-07, 2.27948930842e-07, 7.51713642444e-08, 5.45456266821e-08, 5.98683982389e-08, 2.84111578708e-08, 1.65096434301e-08, 1.77242096555e-08, 1.56834953913e-08, 1.08767661544e-08, 6.72828504023e-09, 3.5975831203e-09, 1.7317357548e-09, 1.91778748437e-09, 3.61520013925e-09, 1.4560151973e-09, 9.92432802605e-10, 9.86786763413e-10, 7.54750928422e-10, 7.49215467444e-10, 3.28169907915e-10, 2.55735571608e-10, 1.43674169784e-10, 8.00212257568e-11, 7.91607612793e-11, 6.00465163703e-11, 4.77492004269e-11, 2.25754519245e-11, 1.82334390642e-11, 1.49674699718e-11, 1.61332856796e-11, 1.37371867354e-11, 6.52430887094e-12, 4.82861190268e-12, 3.74574590095e-12],
        "max": [0.123360127211, 0.0780462250113, 0.0289505440742, 0.0219252817333, 0.0229853708297, 0.00882963743061, 0.0111977662891, 0.00315714953467, 0.00295731704682, 0.00273397006094, 0.00189819058869, 0.00132299668621, 0.00153799832333, 0.00147686817218, 0.00122831913177, 0.000850065727718, 0.000598171667662, 0.000372129230527, 0.00030934085953, 0.00078367680544, 0.000283797591692, 0.000297717517242, 0.00022069773695, 0.000189723868971, 0.000240143563133, 0.000144143850775, 0.000203051138669, 0.000106933155621, 8.42336230562e-05, 0.000108884349174, 0.000107329389721, 8.93068354344e-05, 4.81370916532e-05, 4.48016180599e-05, 3.29293507093e-05, 2.90349908028e-05, 3.15112993121e-05, 1.78431819222e-05, 1.70095736394e-05, 1.21632774608e-05],
        "mean": [0.00702846795321, 0.00378790916875, 0.00156510621309, 0.000934637035243, 0.000597051228397, 0.000386097759474, 0.000186044999282, 0.000130088650621, 8.94280528883e-05, 0.000106063940621, 7.6677686593e-05, 5.72072058276e-05, 6.83818216203e-05, 4.87517063448e-05, 5.71529053559e-05, 4.14547539549e-05, 3.07213631459e-05, 2.78397183138e-05, 2.70006494247e-05, 2.66558654403e-05, 2.11829792534e-05, 1.67120251717e-05, 1.59450810315e-05, 1.4322037714e-05, 1.14398380902e-05, 1.00589659269e-05, 8.78246828506e-06, 6.91795867169e-06, 5.71462442167e-06, 5.58694546271e-06, 4.4258977141e-06, 3.83392307413e-06, 2.84436578113e-06, 2.49058780355e-06, 2.18689388021e-06, 1.8442841565e-06, 1.53906830747e-06, 1.20555137073e-06, 1.03407262486e-06, 8.82166261817e-07],
        "median": [0.00111537473276, 0.00100761698559, 0.000496213091537, 0.000354528718162, 0.000271762954071, 0.000147627477418, 7.92155769886e-05, 5.39694156032e-05, 3.73693692381e-05, 4.47431048087e-05, 3.10238901875e-05, 2.91820870189e-05, 3.19507453241e-05, 1.87718469533e-05, 2.81849752355e-05, 2.37812710111e-05, 1.76311732503e-05, 1.81897084985e-05, 1.7022510292e-05, 1.456519567e-05, 1.12324960355e-05, 9.52435038926e-06, 9.47461194301e-06, 8.48904164741e-06, 6.42527129457e-06, 6.09784365224e-06, 5.06228388986e-06, 3.79937046091e-06, 3.17821832141e-06, 3.07752952722e-06, 2.36755090555e-06, 2.01402508537e-06, 1.45855938172e-06, 1.18652314995e-06, 1.03188972389e-06, 7.76491731358e-07, 5.63709477319e-07, 4.66972437607e-07, 3.546987557e-07, 2.89649506158e-07],
        "min": [2.05749991325e-24, 1.23667396972e-24, 2.62662952978e-24, 7.53656646262e-24, 4.77686280345e-24, 6.73930971078e-24, 4.93126181526e-24, 2.47827181199e-24, 2.91106220384e-24, 1.56913959544e-24, 2.22911798369e-24, 3.60271513237e-24, 7.91100244673e-24, 7.87975803285e-24, 7.4752877475e-24, 7.34279698075e-24, 6.80779545913e-24, 6.70374786118e-24, 6.80708075115e-24, 4.37618772791e-24, 9.26275662859e-24, 6.20828049826e-24, 7.25222076047e-24, 5.90686463498e-24, 8.24685918826e-24, 6.44339536346e-24, 6.09379272065e-24, 9.30312264111e-24, 8.96983679726e-24, 1.01425747739e-23, 8.81710701513e-24, 8.24870038962e-24, 1.05242777447e-23, 9.18377114159e-24, 7.01414963902e-24, 7.47279652476e-24, 1.02695861128e-23, 8.63795749241e-24, 8.2311032694e-24, 8.53155356693e-24],
        "var": [0.000178542672074, 5.27636184415e-05, 8.01900478109e-06, 3.67346183339e-06, 9.87927023743e-07, 3.69920343246e-07, 1.30848704316e-07, 4.88895608441e-08, 2.68766857658e-08, 3.19201092225e-08, 1.52999977132e-08, 9.36731403556e-09, 1.29918165115e-08, 9.74076552751e-09, 7.81367237579e-09, 3.60400265187e-09, 1.80079084977e-09, 1.05814190743e-09, 1.02006358915e-09, 1.33741684394e-09, 7.66054497614e-10, 5.03565911192e-10, 4.36730623887e-10, 3.30210886412e-10, 2.7372423772e-10, 1.59506061137e-10, 1.26744725826e-10, 8.92892496052e-11, 5.22160405192e-11, 5.16889690771e-11, 3.53170097334e-11, 2.96227348207e-11, 1.63943251336e-11, 1.23835447105e-11, 1.00931155794e-11, 8.173595481e-12, 6.40588103396e-12, 3.63579630812e-12, 2.71751436458e-12, 2.06816725204e-12]
    },
    "mfcc": {
        "mean": [-671.407714844, 112.192512512, 13.309296608, 30.3351097107, 13.0223007202, 13.0977249146, 3.35960817337, 2.92935872078, -1.53075528145, -0.876094639301, -2.30635881424, -1.64742875099, -2.01374316216],
        "cov": [[21701.7402344, -137.983566284, -2910.76855469, -1085.17565918, -1174.51757812, -394.368804932, -115.892181396, 328.531280518, 557.469909668, 725.385803223, 724.862182617, 853.47845459, 779.60760498], [-137.983566284, 1783.10131836, 177.270599365, 67.8425445557, 131.645172119, 50.4544715881, 163.125671387, 70.3503646851, 56.8799972534, 82.2086105347, 127.375312805, 122.290870667, 94.9955444336], [-2910.76855469, 177.270599365, 1019.58929443, 280.588195801, 261.443756104, 107.903427124, 69.8953475952, -15.2318620682, -63.6412506104, -97.3174972534, -97.2423553467, -99.9496841431, -93.0603942871], [-1085.17565918, 67.8425445557, 280.588195801, 416.225006104, 220.250564575, 91.0860290527, 29.4263095856, -35.2142524719, -25.5716724396, -58.3929100037, -66.0271759033, -61.8321495056, -48.5181922913], [-1174.51757812, 131.645172119, 261.443756104, 220.250564575, 293.597747803, 104.954833984, 80.9063568115, 6.66322612762, -16.3315601349, -50.1741218567, -50.8340530396, -54.464805603, -53.930934906], [-394.368804932, 50.4544715881, 107.903427124, 91.0860290527, 104.954833984, 161.582519531, 97.7196273804, 64.273727417, 43.3488807678, 15.0872612, -6.39572477341, -17.5868930817, -14.1975622177], [-115.892181396, 163.125671387, 69.8953475952, 29.4263095856, 80.9063568115, 97.7196273804, 184.954299927, 100.110824585, 72.755355835, 50.4685020447, 27.2739696503, 13.0511436462, -6.97553491592], [328.531280518, 70.3503646851, -15.2318620682, -35.2142524719, 6.66322612762, 64.273727417, 100.110824585, 160.985488892, 110.436431885, 79.2118606567, 48.7513809204, 29.289434433, 17.7290287018], [557.469909668, 56.8799972534, -63.6412506104, -25.5716724396, -16.3315601349, 43.3488807678, 72.755355835, 110.436431885, 144.988739014, 103.782485962, 71.9102630615, 39.6017913818, 26.6148414612], [725.385803223, 82.2086105347, -97.3174972534, -58.3929100037, -50.1741218567, 15.0872612, 50.4685020447, 79.2118606567, 103.782485962, 137.99609375, 101.232765198, 67.0483703613, 49.3163070679], [724.862182617, 127.375312805, -97.2423553467, -66.0271759033, -50.8340530396, -6.39572477341, 27.2739696503, 48.7513809204, 71.9102630615, 101.232765198, 131.99621582, 90.2835922241, 61.4494056702], [853.47845459, 122.290870667, -99.9496841431, -61.8321495056, -54.464805603, -17.5868930817, 13.0511436462, 29.289434433, 39.6017913818, 67.0483703613, 90.2835922241, 122.24004364, 89.2383804321], [779.60760498, 94.9955444336, -93.0603942871, -48.5181922913, -53.930934906, -14.1975622177, -6.97553491592, 17.7290287018, 26.6148414612, 49.3163070679, 61.4494056702, 89.2383804321, 122.29095459]],
