{
"lowlevel": {
    "average_loudness": 0.822751998901,
    "barkbands_crest": {
        "dmean": 3.09960961342,
        "dmean2": 4.87602472305,
        "dvar": 8.14355564117,
        "dvar2": 19.6243114471,
        "max": 23.9231929779,
        "mean": 9.31942749023,
        "median": 8.50483512878,
        "min": 2.23053884506,
        "var": 16.4071731567
    },
    "barkbands_flatness_db": {
        "dmean": 0.0324507504702,
        "dmean2": 0.0493450947106,
        "dvar": 0.000780527538154,
        "dvar2": 0.00173527828883,
        "max": 0.566843211651,
        "mean": 0.127768144011,
        "median": 0.115209914744,
        "min": 0.0203184373677,
        "var": 0.00436536222696
    },
    "barkbands_kurtosis": {
        "dmean": 1.47871887684,
        "dmean2": 2.40815043449,
        "dvar": 4.35281944275,
        "dvar2": 10.2650928497,
        "max": 62.7657775879,
        "mean": 1.55799818039,
        "median": 0.675871610641,
        "min": -1.75224673748,
        "var": 14.3157091141
    },
    "barkbands_skewness": {
        "dmean": 0.478373259306,
        "dmean2": 0.772105395794,
        "dvar": 0.217156261206,
        "dvar2": 0.551510095596,
        "max": 5.51479244232,
        "mean": 0.956383645535,
        "median": 0.939667761326,
        "min": -2.12864422798,
        "var": 0.773090004921
    },
    "barkbands_spread": {
        "dmean": 5.36969327927,
        "dmean2": 8.6076374054,
        "dvar": 32.8394432068,
        "dvar2": 82.9575653076,
        "max": 115.605926514,
        "mean": 20.8862838745,
        "median": 20.323797226,
        "min": 0.590566694736,
        "var": 73.2616119385
    },
    "dissonance": {
        "dmean": 0.0166465770453,
        "dmean2": 0.0281083416194,
        "dvar": 0.000263616646407,
        "dvar2": 0.000702349003404,
        "max": 0.500000119209,
        "mean": 0.471917688847,
        "median": 0.477837532759,
        "min": 0.214071139693,
        "var": 0.0005256915465
    },
    "dynamic_complexity": 3.49440169334,
    "erbbands_crest": {
        "dmean": 2.53431177139,
        "dmean2": 3.9837141037,
        "dvar": 6.25941371918,
        "dvar2": 14.4202003479,
        "max": 29.2589874268,
        "mean": 8.82972335815,
        "median": 7.53113079071,
        "min": 2.10933089256,
        "var": 20.7553920746
    },
    "erbbands_flatness_db": {
        "dmean": 0.0216389428824,
        "dmean2": 0.0323370471597,
        "dvar": 0.000353843002813,
        "dvar2": 0.00078358099563,
        "max": 0.399963051081,
        "mean": 0.171333432198,
        "median": 0.156537547708,
        "min": 0.0275493375957,
        "var": 0.00347732473165
    },
    "erbbands_kurtosis": {
        "dmean": 0.690546452999,
        "dmean2": 1.08151710033,
        "dvar": 0.833258986473,
        "dvar2": 1.88802504539,
        "max": 22.4334697723,
        "mean": 0.279757082462,
        "median": -0.0826759338379,
        "min": -1.68813753128,
        "var": 2.16330695152
    },
    "erbbands_skewness": {
        "dmean": 0.288583189249,
        "dmean2": 0.444601625204,
        "dvar": 0.0649647861719,
        "dvar2": 0.149064734578,
        "max": 4.07110643387,
        "mean": 0.330889642239,
        "median": 0.308830589056,
        "min": -1.71067655087,
        "var": 0.317199885845
    },
    "erbbands_spread": {
        "dmean": 5.50489521027,
        "dmean2": 8.6846446991,
        "dvar": 25.0507907867,
        "dvar2": 61.4172592163,
        "max": 85.5246276855,
        "mean": 28.341884613,
        "median": 28.1315364838,
        "min": 4.81050825119,
        "var": 98.1849365234
    },
    "hfc": {
        "dmean": 10.8819570541,
        "dmean2": 16.1575679779,
        "dvar": 195.918899536,
        "dvar2": 471.845123291,
        "max": 151.363067627,
        "mean": 21.931306839,
        "median": 17.7518959045,
        "min": 1.04708101975e-16,
        "var": 357.301483154
    },
    "melbands_crest": {
        "dmean": 4.78717660904,
        "dmean2": 7.71093463898,
        "dvar": 19.7997817993,
        "dvar2": 49.0358314514,
        "max": 35.4547615051,
        "mean": 13.8540992737,
        "median": 12.5683012009,
        "min": 1.41307806969,
        "var": 42.8303375244
    },
    "melbands_flatness_db": {
        "dmean": 0.0410667806864,
        "dmean2": 0.0623481236398,
        "dvar": 0.0013838862069,
        "dvar2": 0.00321102468297,
        "max": 0.727094233036,
        "mean": 0.184349745512,
        "median": 0.178371265531,
        "min": 0.0036653955467,
        "var": 0.00643205689266
    },
    "melbands_kurtosis": {
        "dmean": 3.44384384155,
        "dmean2": 5.59888839722,
        "dvar": 36.0976715088,
        "dvar2": 79.0817260742,
        "max": 220.883132935,
        "mean": 5.33565092087,
        "median": 3.2045211792,
        "min": -1.53044748306,
        "var": 92.0562286377
    },
    "melbands_skewness": {
        "dmean": 0.612890481949,
        "dmean2": 0.991078794003,
        "dvar": 0.395306259394,
        "dvar2": 0.996983706951,
        "max": 9.29535770416,
        "mean": 1.70236349106,
        "median": 1.56211066246,
        "min": -0.865552008152,
        "var": 1.10818731785
    },
    "melbands_spread": {
        "dmean": 8.27006435394,
        "dmean2": 13.4927062988,
        "dvar": 74.504234314,
        "dvar2": 189.770523071,
        "max": 161.833297729,
        "mean": 27.5982494354,
        "median": 23.3826580048,
        "min": 0.315381646156,
        "var": 456.267822266
    },
    "pitch_salience": {
        "dmean": 0.0921530872583,
        "dmean2": 0.148395016789,
        "dvar": 0.00702150678262,
        "dvar2": 0.0178858730942,
        "max": 0.918809950352,
        "mean": 0.563472628593,
        "median": 0.567925870419,
        "min": 0.187089130282,
        "var": 0.0148313511163
    },
    "silence_rate_20dB": {
        "dmean": 0,
        "dmean2": 0,
        "dvar": 0,
        "dvar2": 0,
        "max": 1,
        "mean": 1,
        "median": 1,
        "min": 1,
        "var": 0
    },
    "silence_rate_30dB": {
        "dmean": 0.00462836911902,
        "dmean2": 0.00925799831748,
        "dvar": 0.00460699945688,
        "dvar2": 0.0124395349994,
        "max": 1,
        "mean": 0.997005581856,
        "median": 1,
        "min": 0,
        "var": 0.00298551260494
    },
    "silence_rate_60dB": {
        "dmean": 0.0196025054902,
        "dmean2": 0.0392103455961,
        "dvar": 0.0192156564444,
        "dvar2": 0.0420197471976,
        "max": 1,
        "mean": 0.0959575325251,
        "median": 0,
        "min": 0,
        "var": 0.0867495089769
    },
    "spectral_centroid": {
        "dmean": 301.759155273,
        "dmean2": 482.543365479,
        "dvar": 99569.1484375,
        "dvar2": 237236.984375,
        "max": 11954.7900391,
        "mean": 1663.67089844,
        "median": 1334.55615234,
        "min": 151.756011963,
        "var": 2963033.25
    },
    "spectral_complexity": {
        "dmean": 5.73019313812,
        "dmean2": 8.6034040451,
        "dvar": 31.6607894897,
        "dvar2": 69.6660232544,
        "max": 57,
        "mean": 23.6322307587,
        "median": 25,
        "min": 0,
        "var": 145.857269287
    },
    "spectral_decrease": {
        "dmean": 2.97090707591e-09,
        "dmean2": 4.73181138716e-09,
        "dvar": 1.19092427065e-17,
        "dvar2": 3.03344369067e-17,
        "max": 2.15021820866e-28,
        "mean": -7.42786587793e-09,
        "median": -6.36982289137e-09,
        "min": -3.60503484842e-08,
        "var": 3.21054967726e-17
    },
    "spectral_energy": {
        "dmean": 0.0117513304576,
        "dmean2": 0.0186406318098,
        "dvar": 0.000183043550351,
        "dvar2": 0.000461745104985,
        "max": 0.139222726226,
        "mean": 0.0300236884505,
        "median": 0.0260838419199,
        "min": 9.73894422783e-21,
        "var": 0.000510404177476
    },
    "spectral_energyband_high": {
        "dmean": 0.000546563707758,
        "dmean2": 0.000835642567836,
        "dvar": 7.59544889206e-07,
        "dvar2": 1.75152433712e-06,
        "max": 0.00992198195308,
        "mean": 0.000693391601089,
        "median": 0.000309011054924,
        "min": 7.05819080304e-21,
        "var": 1.08961057776e-06
    },
    "spectral_energyband_low": {
        "dmean": 0.00814521405846,
        "dmean2": 0.0135797383264,
        "dvar": 0.000141434837133,
        "dvar2": 0.000383044942282,
        "max": 0.106740921736,
        "mean": 0.0113697675988,
        "median": 0.00639883056283,
        "min": 8.56757690017e-24,
        "var": 0.000199499481823
    },
    "spectral_energyband_middle_high": {
        "dmean": 0.00376463937573,
        "dmean2": 0.00586119620129,
        "dvar": 2.32389375014e-05,
        "dvar2": 5.7928114984e-05,
        "max": 0.0474249981344,
        "mean": 0.00743718491867,
        "median": 0.00583068141714,
        "min": 1.18639853579e-21,
        "var": 4.24261779699e-05
    },
    "spectral_energyband_middle_low": {
        "dmean": 0.00476908590645,
        "dmean2": 0.00738868536428,
        "dvar": 4.10447828472e-05,
        "dvar2": 0.000102230464108,
        "max": 0.075005710125,
        "mean": 0.0112674981356,
        "median": 0.00924137793481,
        "min": 1.36187242738e-22,
        "var": 8.9994238806e-05
    },
    "spectral_entropy": {
        "dmean": 0.200737640262,
        "dmean2": 0.299772173166,
        "dvar": 0.0372851081192,
        "dvar2": 0.0820054486394,
        "max": 9.82919406891,
        "mean": 7.64910316467,
        "median": 7.69863796234,
        "min": 5.08269357681,
        "var": 0.351699531078
    },
    "spectral_flux": {
        "dmean": 0.0287488698959,
        "dmean2": 0.0424747131765,
        "dvar": 0.000787976721767,
        "dvar2": 0.00157254782971,
        "max": 0.29680365324,
        "mean": 0.09438572824,
        "median": 0.0894686579704,
        "min": 6.34370056485e-11,
        "var": 0.00316408509389
    },
    "spectral_kurtosis": {
        "dmean": 2.45700335503,
        "dmean2": 4.18039274216,
        "dvar": 12.9803180695,
        "dvar2": 35.2647590637,
        "max": 81.3541717529,
        "mean": 6.33381986618,
        "median": 4.77244472504,
        "min": -1.27500712872,
        "var": 38.3941612244
    },
    "spectral_rms": {
        "dmean": 0.000973557704128,
        "dmean2": 0.00151099974755,
        "dvar": 9.44299358707e-07,
        "dvar2": 2.36760047301e-06,
        "max": 0.0116544859484,
        "mean": 0.00492281187326,
        "median": 0.0050445664674,
        "min": 3.08243556547e-12,
        "var": 5.05723346578e-06
    },
    "spectral_rolloff": {
        "dmean": 520.132263184,
        "dmean2": 868.122741699,
        "dvar": 396246.625,
        "dvar2": 925752.3125,
        "max": 19810.546875,
        "mean": 1914.86132812,
        "median": 1205.859375,
        "min": 43.06640625,
        "var": 9622824
    },
    "spectral_skewness": {
        "dmean": 0.270408481359,
        "dmean2": 0.455035358667,
        "dvar": 0.0849329307675,
        "dvar2": 0.223660334945,
        "max": 6.50283098221,
        "mean": 1.70644021034,
        "median": 1.648619771,
        "min": -0.0951837524772,
        "var": 0.377876907587
    },
    "spectral_spread": {
        "dmean": 624029.6875,
        "dmean2": 984628.125,
        "dvar": 536527077376,
        "dvar2": 1.1091420119e+12,
        "max": 43541532,
        "mean": 4860168,
        "median": 3750981.75,
        "min": 999448.125,
        "var": 4.1312556417e+13
    },
    "spectral_strongpeak": {
        "dmean": 0.543133020401,
        "dmean2": 0.931025743484,
        "dvar": 0.648202478886,
        "dvar2": 1.52877187729,
        "max": 7.36385393143,
        "mean": 0.852901995182,
        "median": 0.392046093941,
        "min": 0,
        "var": 1.10952889919
    },
    "zerocrossingrate": {
        "dmean": 0.0119585040957,
        "dmean2": 0.0157433971763,
        "dvar": 0.000126166138216,
        "dvar2": 0.00020893070905,
        "max": 0.7314453125,
        "mean": 0.0682793557644,
        "median": 0.05322265625,
        "min": 0.00146484375,
        "var": 0.00651229312643
    },
    "barkbands": {
        "dmean": [0.000723523611668, 0.00621643383056, 0.00230357586406, 0.000631884206086, 0.00145456648897, 0.00106195593253, 0.00096704455791, 0.0018098927103, 0.000835714454297, 0.00103294558357, 0.000460462353658, 0.000886942143552, 0.000421109405579, 0.000514145649504, 0.000454644148704, 0.000329754373524, 0.000471903127618, 0.000299362669466, 0.000261083449004, 0.000173921944224, 0.000142156670336, 9.88753163256e-05, 7.67047895351e-05, 7.67328747315e-05, 6.67060594424e-05, 2.7111840609e-05, 1.90640560049e-06],
        "dmean2": [0.00114169402514, 0.00997368246317, 0.00418495386839, 0.00107104703784, 0.00245685339905, 0.00174339627847, 0.00166757404804, 0.00271925213747, 0.00129658111837, 0.00164167664479, 0.000770688173361, 0.00141549226828, 0.000685440725647, 0.000840189517476, 0.000730745552573, 0.000553509802558, 0.000765790813603, 0.000491121027153, 0.000431220338214, 0.000274143560091, 0.000225809330004, 0.0001574967755, 0.000120337601402, 0.000124723606859, 0.000107626729005, 4.43486242148e-05, 3.26106055581e-06],
        "dvar": [1.42255328228e-06, 9.08700530999e-05, 2.64996797341e-05, 1.06863103611e-06, 6.37782341073e-06, 2.7077157938e-06, 5.47556828678e-06, 6.0448928707e-06, 1.73153921423e-06, 3.19989362652e-06, 8.3075741486e-07, 1.83817689958e-06, 4.62086518382e-07, 7.76149136072e-07, 5.42636144019e-07, 2.60172669186e-07, 4.40515407263e-07, 2.01345883966e-07, 2.03016710998e-07, 7.46397077478e-08, 5.10322522018e-08, 2.75849973974e-08, 2.01952090606e-08, 2.57375614154e-08, 2.01152285939e-08, 3.51887585737e-09, 2.59498741939e-11],
        "dvar2": [3.58935608347e-06, 0.000235006969888, 7.51781262807e-05, 2.84688280772e-06, 1.7502652554e-05, 7.16215117791e-06, 1.56825954036e-05, 1.34188157972e-05, 3.63281719729e-06, 7.76570323069e-06, 2.09224344871e-06, 4.62842172055e-06, 1.05398953565e-06, 1.84786188129e-06, 1.25045983168e-06, 6.79142829085e-07, 1.1235108559e-06, 5.06910680542e-07, 5.18498609381e-07, 1.79994543714e-07, 1.24479754504e-07, 6.82999115043e-08, 4.69671839198e-08, 6.23525480137e-08, 4.7036294859e-08, 8.00223531883e-09, 6.62803492646e-11],
        "max": [0.0102449730039, 0.0969536602497, 0.0604514740407, 0.017027515918, 0.026062162593, 0.0234876442701, 0.036552131176, 0.0327180847526, 0.0382146798074, 0.033390879631, 0.0204199012369, 0.0270469058305, 0.0147568332031, 0.0116965062916, 0.013203647919, 0.00653371214867, 0.0104655902833, 0.00599464541301, 0.00814088899642, 0.00396025786176, 0.00266915629618, 0.00260934210382, 0.00200608628802, 0.00208233599551, 0.00202636793256, 0.00084249448264, 8.96766214282e-05],
        "mean": [0.00074059254257, 0.00814146734774, 0.00202382449061, 0.000781394948717, 0.00199316535145, 0.0017871723976, 0.00134536111727, 0.00340046035126, 0.00141375395469, 0.00182791310363, 0.000626734981779, 0.001394784078, 0.000640873040538, 0.000666644307785, 0.00063980394043, 0.000467194273369, 0.000648866582196, 0.000370420282707, 0.000319607410347, 0.000225725249038, 0.000179469454451, 0.000127994455397, 9.17461220524e-05, 7.79884067015e-05, 6.41293954686e-05, 2.51431501965e-05, 1.48304729919e-06],
        "median": [0.000164112498169, 0.00368722598068, 0.000713346176781, 0.000357914366759, 0.00121795281302, 0.00123223068658, 0.000740773626603, 0.00213035498746, 0.00069792434806, 0.000763485033531, 0.000303929205984, 0.000780065020081, 0.000399759213906, 0.000375287461793, 0.000391481036786, 0.000316051446134, 0.000426708662417, 0.0002173341054, 0.000170905157574, 0.000119975971757, 7.98116598162e-05, 5.68020259379e-05, 3.05670873786e-05, 2.11551723623e-05, 1.26936629385e-05, 4.8212218644e-06, 1.51551688532e-07],
        "min": [3.14514824651e-25, 2.1114739736e-24, 2.95526277061e-25, 1.15591019303e-24, 6.8542704105e-24, 1.30012777157e-24, 6.21785963623e-24, 7.44000752124e-24, 6.91818549877e-24, 9.51577508647e-24, 1.31932537223e-23, 2.18104657506e-23, 2.30145136166e-23, 2.27641670306e-23, 3.33004599157e-23, 2.17805647668e-23, 5.71219293289e-23, 6.87924953329e-23, 1.08993490774e-22, 1.57128243354e-22, 2.23143178372e-22, 2.91573643347e-22, 3.90074753967e-22, 5.68094760394e-22, 8.01413966764e-22, 1.27269582936e-21, 1.86677740978e-21],
        "var": [1.59673959388e-06, 0.000127576146042, 1.78365662578e-05, 1.27569580854e-06, 6.55829671814e-06, 4.14533133153e-06, 4.85784130433e-06, 1.56538117153e-05, 5.22146319781e-06, 1.03303300421e-05, 1.48395724864e-06, 3.66558606402e-06, 8.06362209005e-07, 1.0015286307e-06, 7.50197500565e-07, 3.00091670624e-07, 5.55487758902e-07, 2.1854665988e-07, 2.13766853108e-07, 9.52987235792e-08, 6.7385620639e-08, 3.68324961642e-08, 2.7773991107e-08, 2.73751634694e-08, 2.18390550089e-08, 3.86016374421e-09, 2.12883113915e-11]
    },
    "erbbands": {
        "dmean": [0.268967747688, 1.22878813744, 2.67814707756, 2.35746526718, 2.64732837677, 5.48759412766, 10.200170517, 7.60790967941, 13.7114610672, 18.9159584045, 42.2042922974, 20.6894226074, 24.3807487488, 31.8823451996, 19.356306076, 40.2301330566, 18.9725837708, 26.3792953491, 27.649936676, 17.4626140594, 20.9567050934, 19.3840351105, 16.9117279053, 14.1973838806, 11.9534072876, 8.53549289703, 7.35144853592, 4.36535310745, 3.52640008926, 3.00025677681, 2.17096042633, 1.61998355389, 1.30448687077, 0.813950896263, 0.421168237925, 0.161442756653, 0.0404358543456, 0.00668234750628, 0.000269392796326, 1.73623830051e-05],
        "dmean2": [0.405505418777, 2.02834296227, 4.82272624969, 4.0120434761, 4.52516508102, 9.35847473145, 16.5196018219, 12.7827739716, 23.2756347656, 30.3150119781, 63.8858795166, 31.5672855377, 38.5014152527, 51.0305175781, 31.6637172699, 63.6340293884, 30.6108455658, 42.3158721924, 44.6373901367, 28.9318561554, 34.0823249817, 31.3893718719, 27.59333992, 23.4750099182, 19.7612380981, 13.4534492493, 11.6937932968, 6.80082702637, 5.64457416534, 4.8074669838, 3.42888045311, 2.58370685577, 2.15395760536, 1.31167185307, 0.685106933117, 0.262458950281, 0.0668164789677, 0.0110388780013, 0.000459355098428, 2.72682827926e-05],
        "dvar": [0.165795132518, 4.30424880981, 34.9069519043, 17.5468769073, 31.3773193359, 96.6345214844, 301.028167725, 158.712860107, 988.790771484, 1174.47595215, 3560.50341797, 1138.1706543, 1830.89257812, 3207.3894043, 980.26751709, 3790.2355957, 916.062988281, 1861.02282715, 2062.91894531, 651.288269043, 881.696105957, 791.084594727, 654.116333008, 525.937438965, 503.942169189, 176.776092529, 130.678710938, 49.562664032, 35.824836731, 29.2496433258, 17.2916927338, 12.0005235672, 7.61901044846, 2.82775878906, 0.850006639957, 0.165300816298, 0.00631711957976, 0.000179375507287, 4.74253425864e-07, 4.97903329677e-10],
        "dvar2": [0.418105185032, 11.4457273483, 98.4104766846, 47.5358963013, 89.5240402222, 263.687835693, 761.5703125, 428.865447998, 2820.90893555, 3005.51538086, 7862.36962891, 2308.69335938, 4452.98779297, 7787.64746094, 2366.42016602, 9422.7890625, 2020.83325195, 4236.96533203, 4807.96582031, 1708.65710449, 2262.59082031, 2016.35632324, 1634.66577148, 1324.58947754, 1312.78979492, 430.905426025, 320.788024902, 118.444602966, 89.3825912476, 71.3421478271, 40.126033783, 28.7309761047, 18.9078025818, 6.57755184174, 1.98911833763, 0.389012932777, 0.0144708817825, 0.000419846212026, 1.20256538594e-06, 1.20223575539e-09],
        "max": [3.83263802528, 22.277349472, 67.7462615967, 68.7520217896, 93.7495956421, 90.7761383057, 274.286193848, 168.533920288, 529.789978027, 453.340484619, 851.700195312, 1090.12561035, 805.47644043, 1278.15466309, 1003.37365723, 1367.42224121, 766.761962891, 602.765258789, 765.729614258, 288.39755249, 484.210479736, 444.762115479, 331.92880249, 280.457275391, 535.277526855, 162.684661865, 139.617370605, 96.5848693848, 80.905166626, 72.35962677, 60.1269187927, 51.3789825439, 36.736415863, 23.0032100677, 12.4378051758, 5.56861066818, 1.08042609692, 0.18071231246, 0.0128476005048, 0.000322989712004],
        "mean": [0.311528563499, 1.50807452202, 2.48181295395, 2.74488854408, 3.23832845688, 6.773478508, 15.9363737106, 11.8423376083, 20.8491287231, 30.7535018921, 76.3707962036, 38.7454223633, 47.773349762, 48.4804077148, 31.1194000244, 65.1778259277, 31.4276046753, 37.5622329712, 37.6892356873, 25.944934845, 31.647480011, 27.8571529388, 21.9478931427, 17.9793891907, 14.2388143539, 11.0744333267, 9.08537006378, 5.89036273956, 4.55719184875, 3.60013389587, 2.56399536133, 1.76477062702, 1.25056648254, 0.792330741882, 0.400640308857, 0.149522677064, 0.0372839272022, 0.00585231510922, 0.000228934164625, 4.15232425439e-05],
        "median": [0.111180596054, 0.620372891426, 1.03355264664, 1.31647408009, 1.62889206409, 3.83567428589, 8.64676570892, 8.21847820282, 11.7435064316, 17.3653755188, 46.6918334961, 21.5414028168, 22.5211353302, 23.3903312683, 18.0802955627, 37.7653160095, 21.0689353943, 22.6856937408, 22.5610408783, 17.632314682, 22.7976818085, 18.7400722504, 13.3759498596, 10.526260376, 7.36402368546, 5.93992185593, 4.23844194412, 2.83380746841, 2.01643776894, 1.28661072254, 0.846003472805, 0.547450721264, 0.305664002895, 0.164979621768, 0.0762327462435, 0.0276424996555, 0.00706030149013, 0.000949656532612, 4.27489503636e-05, 3.51075796061e-05],
        "min": [5.47357513084e-23, 5.24423420681e-22, 6.04881073588e-22, 3.72339358428e-21, 1.04467353746e-20, 1.25101527607e-20, 2.62673481494e-20, 1.58967214691e-20, 1.07956672988e-19, 1.3983517982e-19, 2.25425974719e-19, 2.61696939851e-19, 4.94101966645e-19, 5.96862872637e-19, 9.45842359761e-19, 1.09510586053e-18, 1.09754666372e-18, 1.56246973086e-18, 2.24701007781e-18, 2.82848061851e-18, 2.47442560285e-18, 4.18757786281e-18, 4.12429399646e-18, 5.92642690209e-18, 6.67137707636e-18, 6.31481797819e-18, 9.06207545761e-18, 8.71479277642e-18, 9.45945302388e-18, 9.52907268014e-18, 1.15567479603e-17, 9.96445175093e-18, 1.00194336191e-17, 8.14105947637e-18, 5.50094091143e-18, 3.98217650901e-18, 2.34587822014e-18, 9.86157798648e-19, 2.27909636207e-19, 2.62693094722e-20],
        "var": [0.215441137552, 5.15873861313, 24.3614864349, 17.335899353, 27.1128406525, 90.9068984985, 485.285919189, 195.752227783, 985.734802246, 1859.16455078, 8606.15722656, 3925.48681641, 6749.14990234, 5819.41503906, 2799.21728516, 7952.12890625, 1738.70068359, 2694.97851562, 2716.2265625, 759.091186523, 1146.6015625, 975.001037598, 731.321533203, 576.938415527, 487.819213867, 222.184448242, 169.596893311, 70.4698867798, 47.119934082, 37.6354980469, 22.7696723938, 13.3701858521, 7.54048776627, 3.12421321869, 0.915754258633, 0.169434294105, 0.00702838459983, 0.000183071635547, 3.94610623289e-07, 1.18265952587e-09]
    },
    "gfcc": {
        "mean": [-39.2983627319, 98.7863616943, -135.790328979, 17.3633270264, -54.257144928, 12.1417770386, -31.883430481, 13.736456871, -15.6149492264, 7.17856788635, -10.8011798859, 2.58442354202, -8.36319255829],
        "cov": [[54593.9804688, 1603.40026855, -3612.8671875, 2289.2487793, -2923.70605469, 1219.52868652, -1214.93688965, 942.313354492, -1014.85455322, 567.282104492, -815.792602539, 170.940917969, -614.589904785], [1603.40026855, 1600.17358398, -196.293670654, 145.116195679, 324.073059082, -34.9266090393, 101.3152771, -27.197479248, 139.805664062, -54.2584915161, 83.9680023193, -42.1118850708, 80.9765853882], [-3612.8671875, -196.293670654, 1575.14855957, 374.672088623, 487.381561279, 218.630432129, 244.297714233, 120.216331482, 61.5474891663, 50.1979408264, -19.2552108765, 61.9856910706, 32.2299461365], [2289.2487793, 145.116195679, 374.672088623, 524.094299316, 66.1898269653, 174.119476318, 89.97996521, 84.4560546875, -8.51780033112, 39.8412742615, -40.400177002, -3.85719537735, -8.99283313751], [-2923.70605469, 324.073059082, 487.381561279, 66.1898269653, 488.944549561, 22.0577354431, 172.853469849, -5.21241188049, 98.7109375, -22.0963191986, 63.654750824, 0.762032806873, 55.8348999023], [1219.52868652, -34.9266090393, 218.630432129, 174.119476318, 22.0577354431, 201.361679077, 44.5330657959, 101.698127747, -12.1807489395, 48.2873573303, -29.4724979401, 39.3612518311, -15.233212471], [-1214.93688965, 101.3152771, 244.297714233, 89.97996521, 172.853469849, 44.5330657959, 181.858581543, 33.4454879761, 71.0281600952, -6.22070360184, 30.8588886261, -10.133392334, 31.7569961548], [942.313354492, -27.197479248, 120.216331482, 84.4560546875, -5.21241188049, 101.698127747, 33.4454879761, 141.993255615, 13.2447862625, 45.5867729187, -21.9719581604, 34.5283203125, -11.5227298737], [-1014.85455322, 139.805664062, 61.5474891663, -8.51780033112, 98.7109375, -12.1807489395, 71.0281600952, 13.2447862625, 124.273643494, 17.0306968689, 51.7863006592, -2.12767958641, 33.2392158508], [567.282104492, -54.2584915161, 50.1979408264, 39.8412742615, -22.0963191986, 48.2873573303, -6.22070360184, 45.5867729187, 17.0306968689, 84.2379760742, 9.41552448273, 31.6407356262, -8.99745845795], [-815.792602539, 83.9680023193, -19.2552108765, -40.400177002, 63.654750824, -29.4724979401, 30.8588886261, -21.9719581604, 51.7863006592, 9.41552448273, 96.7413024902, 23.787984848, 34.5503501892], [170.940917969, -42.1118850708, 61.9856910706, -3.85719537735, 0.762032806873, 39.3612518311, -10.133392334, 34.5283203125, -2.12767958641, 31.6407356262, 23.787984848, 84.5951461792, 25.3443202972], [-614.589904785, 80.9765853882, 32.2299461365, -8.99283313751, 55.8348999023, -15.233212471, 31.7569961548, -11.5227298737, 33.2392158508, -8.99745845795, 34.5503501892, 25.3443202972, 75.4957885742]],
        "icov": [[0.000206101991353, -0.000407434417866, 0.000471990235383, -0.000924469495658, 0.000696547096595, -0.000480053859064, 0.000507056131028, -0.000714427616913, 0.000818461703602, -0.000634509779047, 0.000469565915409, -0.000419494463131, 0.000358828459866], [-0.000407434417866, 0.00190370786004, -0.000299607898341, 0.00109677319415, -0.00256614550017, 0.000962443533354, -0.000471067294711, 0.0011523491703, -0.00248823221773, 0.00186916580424, -0.000951964349952, 0.000954749528319, -0.00120065081865], [0.000471990235383, -0.000299607898341, 0.00279399543069, -0.00302966148593, -0.000337323755957, -0.00127410551067, 0.000683490769006, -0.00164878810756, 0.00150577246677, -0.0016711683711, 0.0023629006464, -0.0021958174184, 0.000856910541188], [-0.000924469495658, 0.00109677319415, -0.00302966148593, 0.00783742684871, -0.00202294834889, -0.000182238960406, -0.00332722533494, 0.00334049621597, -0.00226238789037, 0.00148928526323, -0.00206730701029, 0.00399742182344, -0.00232877535746], [0.000696547096595, -0.00256614550017, -0.000337323755957, -0.00202294834889, 0.00822611805052, -0.00192165817134, -0.000800478796009, -0.00122848409228, 0.00233375583775, -0.00121448771097, -0.000140655232826, -0.0011343806982, 0.00127644836903], [-0.000480053859064, 0.000962443533354, -0.00127410551067, -0.000182238960406, -0.00192165817134, 0.012940200977, -0.00333626032807, -0.00272294715978, -5.22524314874e-05, -0.000730036001187, 0.000905661552679, -0.00326584232971, 0.00121983094141], [0.000507056131028, -0.000471067294711, 0.000683490769006, -0.00332722533494, -0.000800478796009, -0.00333626032807, 0.014038621448, -0.00476191611961, -0.00190946832299, 0.0017362452345, -0.00193953234702, 0.00374764413573, -0.00209116376936], [-0.000714427616913, 0.0011523491703, -0.00164878810756, 0.00334049621597, -0.00122848409228, -0.00272294715978, -0.00476191611961, 0.0168286189437, -0.00614049378783, -0.000710576190613, 0.0031706369482, -0.00401159841567, 0.00149508810136], [0.000818461703602, -0.00248823221773, 0.00150577246677, -0.00226238789037, 0.00233375583775, -5.22524314874e-05, -0.00190946832299, -0.00614049378783, 0.0200615003705, -0.00847025029361, -0.00374477310106, 0.00375878927298, -0.00284130685031], [-0.000634509779047, 0.00186916580424, -0.0016711683711, 0.00148928526323, -0.00121448771097, -0.000730036001187, 0.0017362452345, -0.000710576190613, -0.00847025029361, 0.0223515480757, -0.0047533265315, -0.00393833220005, 0.00352326896973], [0.000469565915409, -0.000951964349952, 0.0023629006464, -0.00206730701029, -0.000140655232826, 0.000905661552679, -0.00193953234702, 0.0031706369482, -0.00374477310106, -0.0047533265315, 0.0213432665914, -0.00940749887377, -0.00035203655716], [-0.000419494463131, 0.000954749528319, -0.0021958174184, 0.00399742182344, -0.0011343806982, -0.00326584232971, 0.00374764413573, -0.00401159841567, 0.00375878927298, -0.00393833220005, -0.00940749887377, 0.0262601152062, -0.0116688162088], [0.000358828459866, -0.00120065081865, 0.000856910541188, -0.00232877535746, 0.00127644836903, 0.00121983094141, -0.00209116376936, 0.00149508810136, -0.00284130685031, 0.00352326896973, -0.00035203655716, -0.0116688162088, 0.0229706726968]]
    },
    "melbands": {
        "dmean": [0.00195844192058, 0.00142023782246, 0.000392809859477, 0.000287660979666, 0.000323230051436, 0.000179287206265, 0.000206603377592, 0.000231089070439, 0.000326186855091, 0.000124760073959, 0.000123604782857, 0.000135944428621, 6.00274761382e-05, 0.000104750302853, 6.20322316536e-05, 4.16928924096e-05, 5.22228365298e-05, 4.5434513595e-05, 2.62697358266e-05, 2.62771409325e-05, 2.81560132862e-05, 2.29514007515e-05, 1.87759669643e-05, 1.49369998326e-05, 1.15593784358e-05, 1.00067172752e-05, 6.17747627984e-06, 5.89229875914e-06, 4.91319588036e-06, 3.63552271665e-06, 2.35987658925e-06, 2.05743617698e-06, 1.9313406483e-06, 1.58276429829e-06, 1.31187766783e-06, 1.06750007944e-06, 9.65468643699e-07, 1.00649083379e-06, 7.58010571644e-07, 6.7422098482e-07],
        "dmean2": [0.00301674078219, 0.00248908554204, 0.000670531007927, 0.000487620622152, 0.000526090501808, 0.000299987819744, 0.000351814349415, 0.000366067630239, 0.000494151434395, 0.000190638864296, 0.000196146444068, 0.000217596985749, 0.000100453304185, 0.000167007674463, 0.000101333251223, 6.71975576552e-05, 8.42663575895e-05, 7.43213822716e-05, 4.26688238804e-05, 4.44877041446e-05, 4.5717737521e-05, 3.71136011381e-05, 3.13647651637e-05, 2.46383788181e-05, 1.93138730538e-05, 1.67374200828e-05, 1.01118503153e-05, 9.31014346861e-06, 7.8074153862e-06, 5.90874333284e-06, 3.74811452275e-06, 3.32085915034e-06, 3.1679546737e-06, 2.54936071542e-06, 2.0888724066e-06, 1.7047344727e-06, 1.56200394485e-06, 1.69538338923e-06, 1.23418999465e-06, 1.09537961634e-06],
        "dvar": [8.72745840752e-06, 7.78672711021e-06, 4.48140099252e-07, 3.42253457575e-07, 2.78609491033e-07, 8.45633252311e-08, 2.28700159255e-07, 1.44444996408e-07, 2.10444753179e-07, 4.67904577306e-08, 4.8377156503e-08, 5.96225646632e-08, 1.07197202226e-08, 2.57143941695e-08, 7.73051755942e-09, 5.64762059341e-09, 8.59989501834e-09, 5.48958123403e-09, 1.51542789428e-09, 1.63405844411e-09, 1.63953595145e-09, 1.04548003588e-09, 1.02262298629e-09, 5.15544329449e-10, 3.85617177079e-10, 3.72427616524e-10, 1.07882362765e-10, 8.82543899072e-11, 5.8365569322e-11, 3.96717346474e-11, 1.52911364126e-11, 1.18753193043e-11, 1.28124013135e-11, 9.01398747311e-12, 6.54743620432e-12, 5.04858351305e-12, 4.30135614626e-12, 4.64401824288e-12, 2.90484715275e-12, 1.90262757806e-12],
        "dvar2": [2.21512673306e-05, 2.15901163756e-05, 1.20466393128e-06, 9.45783256157e-07, 7.19452202702e-07, 2.28581981787e-07, 6.52346784591e-07, 3.51900411033e-07, 4.65096633206e-07, 9.14840967425e-08, 1.17956069801e-07, 1.4366324308e-07, 2.68884310373e-08, 6.45631388352e-08, 2.03430321477e-08, 1.20622098976e-08, 1.9380262728e-08, 1.31923725277e-08, 3.61156371476e-09, 4.32416458196e-09, 4.17816048426e-09, 2.65839195102e-09, 2.62493671244e-09, 1.3096765894e-09, 9.72294578183e-10, 9.67755653392e-10, 2.76490441653e-10, 2.14738241078e-10, 1.41354206118e-10, 9.98206864389e-11, 3.69767237662e-11, 3.0034186943e-11, 3.22148523135e-11, 2.22088597512e-11, 1.55561865472e-11, 1.19438981275e-11, 1.0476756615e-11, 1.18431332449e-11, 7.08610817593e-12, 4.40478426303e-12],
        "max": [0.0306324623525, 0.026626881212, 0.0102542228997, 0.00708902534097, 0.00769972288981, 0.00336722587235, 0.00797256175429, 0.00565782282501, 0.00635844841599, 0.00743011198938, 0.004282257054, 0.00559932179749, 0.00277755106799, 0.00313040753826, 0.00148138275836, 0.00166339043062, 0.00136095262133, 0.00116451154463, 0.000597906531766, 0.000507955031935, 0.000811330566648, 0.00046974021825, 0.000430030107964, 0.000379539065761, 0.000233269747696, 0.000441352749476, 0.000155603323947, 0.000135113499709, 0.000105440776679, 8.31204160932e-05, 5.09672463522e-05, 4.91166865686e-05, 4.99652014696e-05, 3.54314761353e-05, 3.4117972973e-05, 3.77012474928e-05, 2.8836506317e-05, 3.37789024343e-05, 2.44971397478e-05, 2.17009983317e-05],
        "mean": [0.00249938759953, 0.00155279668979, 0.000472041603643, 0.000345416134223, 0.000500608584844, 0.000286245951429, 0.000307635607896, 0.000393004942453, 0.000581805245019, 0.00022297425312, 0.00023992388742, 0.000205951626413, 8.4018560301e-05, 0.000169488892425, 0.000101946840005, 6.29330097581e-05, 7.08494408173e-05, 5.90253221162e-05, 3.86377396353e-05, 3.61341844837e-05, 3.99048512918e-05, 3.19324826705e-05, 2.28291901294e-05, 1.82871754077e-05, 1.39861394928e-05, 1.13955384222e-05, 7.68583140598e-06, 7.39656798032e-06, 6.03084572504e-06, 4.29109923061e-06, 3.15898250847e-06, 2.62267258222e-06, 2.27831833399e-06, 1.85263854746e-06, 1.50078210481e-06, 1.23160680232e-06, 1.0046657053e-06, 9.24284734083e-07, 7.33198532998e-07, 6.49317996704e-07],
        "median": [0.00106742233038, 0.000725859543309, 0.000246912153671, 0.000174235901795, 0.00028858720907, 0.00019973583403, 0.000173265769263, 0.000225885072723, 0.000357988261385, 0.000106952196802, 0.000109531320049, 9.07301873667e-05, 4.41675510956e-05, 9.43776249187e-05, 7.01548924553e-05, 3.80994933948e-05, 3.96261930291e-05, 3.46296001226e-05, 2.49459899351e-05, 2.37393287534e-05, 2.69330375886e-05, 2.07732646231e-05, 1.27065641209e-05, 1.03098063846e-05, 7.6388441812e-06, 5.45566263099e-06, 4.03534841098e-06, 3.80398091693e-06, 2.83161784864e-06, 1.79890980689e-06, 1.50362052409e-06, 1.20058075481e-06, 8.11115569377e-07, 6.28278996828e-07, 4.7906587497e-07, 4.10560119235e-07, 2.90088109978e-07, 2.0735923556e-07, 1.59758002383e-07, 1.26103401499e-07],
        "min": [8.53889174829e-25, 4.85055828782e-25, 6.54313528784e-25, 1.43261429819e-24, 1.08729181744e-24, 3.0380418897e-25, 1.52930596542e-24, 1.61469729879e-24, 1.83855255508e-24, 1.17222245604e-24, 2.07552656822e-24, 2.23884227207e-24, 1.91427491894e-24, 2.09534275416e-24, 2.43478191029e-24, 2.32802595563e-24, 2.46038379932e-24, 2.04208517673e-24, 2.48876642304e-24, 3.16081458036e-24, 2.25333167474e-24, 3.70013393214e-24, 2.70069982169e-24, 2.81411040973e-24, 4.20275586904e-24, 4.22561824136e-24, 4.04211341759e-24, 2.98143116038e-24, 4.40724478732e-24, 3.96616386179e-24, 3.446132948e-24, 3.85351334123e-24, 4.08428671045e-24, 4.3987452055e-24, 5.42223148773e-24, 6.11666455931e-24, 5.23554163805e-24, 5.77664618206e-24, 6.48787765219e-24, 5.47156763761e-24],
        "var": [1.2277386304e-05, 6.62372849547e-06, 4.47099267831e-07, 3.00847688095e-07, 4.27439204032e-07, 1.09586714814e-07, 2.23790181053e-07, 2.75795656535e-07, 4.99517000208e-07, 1.67541543306e-07, 1.84173913453e-07, 1.20184523666e-07, 2.29256276185e-08, 5.53426779959e-08, 1.30089707895e-08, 1.00651273982e-08, 1.23374084282e-08, 6.73344224822e-09, 2.08232564525e-09, 1.8132664259e-09, 2.12553930012e-09, 1.33916655543e-09, 1.03465758183e-09, 5.63883495452e-10, 4.09010519897e-10, 3.51434742418e-10, 1.15909747078e-10, 1.09350709043e-10, 7.6862231857e-11, 4.58506947687e-11, 2.10171133969e-11, 1.53190359703e-11, 1.49431612917e-11, 1.1242107939e-11, 8.29965523391e-12, 5.97143775399e-12, 4.55017230491e-12, 4.26570801251e-12, 2.92045944719e-12, 2.10798240842e-12]
    },
    "mfcc": {
        "mean": [-651.60357666, 124.417388916, -20.7082080841, 10.5208148956, -2.33095574379, 0.739713788033, -2.85779213905, 3.65956187248, 2.14754271507, 4.30860328674, 2.93008995056, 5.95813560486, 2.7196521759],
        "cov": [[18511.96875, 1969.53125, 320.843933105, 714.302490234, 37.6623954773, 216.536636353, 144.163589478, 249.00769043, 190.899169922, 119.646369934, 115.33605957, 136.576751709, -5.14973640442], [1969.53125, 1489.69348145, -122.398246765, 258.527313232, 147.456298828, 95.5451583862, 14.6462669373, 67.0206832886, 38.1447105408, 50.3814239502, 36.971321106, 68.0598602295, 37.637802124], [320.843933105, -122.398246765, 707.432373047, 270.215820312, 222.905548096, 168.347808838, 158.748199463, 130.199005127, 120.980987549, 54.0590286255, 40.0241127014, 11.0191793442, 26.4325504303], [714.302490234, 258.527313232, 270.215820312, 323.489562988, 162.763931274, 143.421508789, 95.465637207, 91.6851425171, 73.2043685913, 52.0276145935, 30.6919441223, 23.7041282654, 13.8353891373], [37.6623954773, 147.456298828, 222.905548096, 162.763931274, 223.353729248, 113.280792236, 85.6586303711, 67.5876083374, 48.1383476257, 29.9089946747, 17.3154506683, 15.014749527, 17.6032848358], [216.536636353, 95.5451583862, 168.347808838, 143.421508789, 113.280792236, 153.928771973, 79.3874969482, 61.0403709412, 48.8032531738, 30.0910606384, 22.2414226532, 14.5822629929, 11.5697717667], [144.163589478, 14.6462669373, 158.748199463, 95.465637207, 85.6586303711, 79.3874969482, 123.168319702, 75.5602798462, 47.8156547546, 26.0213623047, 8.61474227905, 10.9746541977, 14.3767814636], [249.00769043, 67.0206832886, 130.199005127, 91.6851425171, 67.5876083374, 61.0403709412, 75.5602798462, 110.281639099, 60.2710189819, 31.6048069, 19.1478347778, 13.4052810669, 14.8773069382], [190.899169922, 38.1447105408, 120.980987549, 73.2043685913, 48.1383476257, 48.8032531738, 47.8156547546, 60.2710189819, 100.57434082, 41.9192390442, 22.3560390472, 19.8430652618, 7.45160531998], [119.646369934, 50.3814239502, 54.0590286255, 52.0276145935, 29.9089946747, 30.0910606384, 26.0213623047, 31.6048069, 41.9192390442, 71.9989700317, 31.9285449982, 11.4361867905, 7.71180057526], [115.33605957, 36.971321106, 40.0241127014, 30.6919441223, 17.3154506683, 22.2414226532, 8.61474227905, 19.1478347778, 22.3560390472, 31.9285449982, 70.3786087036, 30.1838302612, 11.3325548172], [136.576751709, 68.0598602295, 11.0191793442, 23.7041282654, 15.014749527, 14.5822629929, 10.9746541977, 13.4052810669, 19.8430652618, 11.4361867905, 30.1838302612, 70.22315979, 37.6538200378], [-5.14973640442, 37.637802124, 26.4325504303, 13.8353891373, 17.6032848358, 11.5697717667, 14.3767814636, 14.8773069382, 7.45160531998, 7.71180057526, 11.3325548172, 37.6538200378, 66.1910552979]],
