{
"lowlevel": {
    "average_loudness": 0.936053574085,
    "barkbands_crest": {
        "dmean": 3.22478938103,
        "dmean2": 4.7902545929,
        "dvar": 9.00289726257,
        "dvar2": 18.9233989716,
        "max": 26.3927974701,
        "mean": 11.2719688416,
        "median": 10.2447795868,
        "min": 1.85089564323,
        "var": 33.2919235229
    },
    "barkbands_flatness_db": {
        "dmean": 0.0305900797248,
        "dmean2": 0.0463880859315,
        "dvar": 0.00141107535455,
        "dvar2": 0.00304754194804,
        "max": 0.862280189991,
        "mean": 0.106562182307,
        "median": 0.0910479053855,
        "min": 0.0106059676036,
        "var": 0.00452072918415
    },
    "barkbands_kurtosis": {
        "dmean": 7.79536581039,
        "dmean2": 12.2332468033,
        "dvar": 1191.86010742,
        "dvar2": 2750.38598633,
        "max": 1052.28027344,
        "mean": 8.85040664673,
        "median": 1.36404657364,
        "min": -1.95487296581,
        "var": 1459.9934082
    },
    "barkbands_skewness": {
        "dmean": 0.872088372707,
        "dmean2": 1.32322573662,
        "dvar": 1.67226040363,
        "dvar2": 3.62904334068,
        "max": 25.5923557281,
        "mean": 1.86887443066,
        "median": 1.42647218704,
        "min": -7.60345029831,
        "var": 4.51502561569
    },
    "barkbands_spread": {
        "dmean": 9.84951877594,
        "dmean2": 15.4034147263,
        "dvar": 111.727806091,
        "dvar2": 254.609298706,
        "max": 127.186569214,
        "mean": 31.8396911621,
        "median": 30.4486732483,
        "min": 0.0922442451119,
        "var": 280.956695557
    },
    "dissonance": {
        "dmean": 0.0146145327017,
        "dmean2": 0.0247209537774,
        "dvar": 0.000279709114693,
        "dvar2": 0.000715835310984,
        "max": 0.500000119209,
        "mean": 0.476888686419,
        "median": 0.483120143414,
        "min": 0.12537895143,
        "var": 0.000507118646055
    },
    "dynamic_complexity": 3.06693887711,
    "erbbands_crest": {
        "dmean": 2.33273887634,
        "dmean2": 3.74641466141,
        "dvar": 6.76876831055,
        "dvar2": 14.6723079681,
        "max": 32.2083625793,
        "mean": 7.52602338791,
        "median": 5.828997612,
        "min": 2.13579106331,
        "var": 22.6626815796
    },
    "erbbands_flatness_db": {
        "dmean": 0.016244424507,
        "dmean2": 0.0239072460681,
        "dvar": 0.000464320881292,
        "dvar2": 0.00089685380226,
        "max": 0.567074537277,
        "mean": 0.111705377698,
        "median": 0.0995138883591,
        "min": 0.0450149364769,
        "var": 0.00192807090934
    },
    "erbbands_kurtosis": {
        "dmean": 0.912840604782,
        "dmean2": 1.46766066551,
        "dvar": 17.8328037262,
        "dvar2": 41.3509063721,
        "max": 133.3490448,
        "mean": 0.143342629075,
        "median": -0.374765992165,
        "min": -1.86001253128,
        "var": 16.7066287994
    },
    "erbbands_skewness": {
        "dmean": 0.360823452473,
        "dmean2": 0.546324014664,
        "dvar": 0.214570820332,
        "dvar2": 0.440178483725,
        "max": 9.99197769165,
        "mean": 0.117420874536,
        "median": 0.0695140063763,
        "min": -3.41324496269,
        "var": 0.528742611408
    },
    "erbbands_spread": {
        "dmean": 10.2392454147,
        "dmean2": 15.7340354919,
        "dvar": 126.567520142,
        "dvar2": 281.880615234,
        "max": 183.742706299,
        "mean": 48.1659317017,
        "median": 46.1147346497,
        "min": 0.624224126339,
        "var": 361.54888916
    },
    "hfc": {
        "dmean": 13.6220331192,
        "dmean2": 20.0999202728,
        "dvar": 312.582244873,
        "dvar2": 736.608642578,
        "max": 161.964538574,
        "mean": 31.7939014435,
        "median": 25.3474769592,
        "min": 1.06004135176e-16,
        "var": 662.426574707
    },
    "melbands_crest": {
        "dmean": 4.62997293472,
        "dmean2": 7.15489768982,
        "dvar": 19.9433403015,
        "dvar2": 44.2260971069,
        "max": 39.950969696,
        "mean": 18.1748790741,
        "median": 17.7895336151,
        "min": 1.00121843815,
        "var": 72.2608947754
    },
    "melbands_flatness_db": {
        "dmean": 0.0393655113876,
        "dmean2": 0.0586457401514,
        "dvar": 0.00203374051489,
        "dvar2": 0.00443088170141,
        "max": 1,
        "mean": 0.173013910651,
        "median": 0.159748405218,
        "min": 9.01700161648e-07,
        "var": 0.00769538199529
    },
    "melbands_kurtosis": {
        "dmean": 19.6289272308,
        "dmean2": 31.0986537933,
        "dvar": 3005.05883789,
        "dvar2": 7066.15820312,
        "max": 2113.1574707,
        "mean": 29.5549278259,
        "median": 9.70103168488,
        "min": -1.82469403744,
        "var": 4924.56005859
    },
    "melbands_skewness": {
        "dmean": 1.29098284245,
        "dmean2": 1.99035060406,
        "dvar": 3.24986243248,
        "dvar2": 7.36690664291,
        "max": 45.2083969116,
        "mean": 3.6109316349,
        "median": 2.82496213913,
        "min": -3.07248139381,
        "var": 9.27843570709
    },
    "melbands_spread": {
        "dmean": 11.692111969,
        "dmean2": 18.1771297455,
        "dvar": 212.196929932,
        "dvar2": 457.709991455,
        "max": 272.10345459,
        "mean": 30.6282119751,
        "median": 25.3477287292,
        "min": 0.206536993384,
        "var": 612.136901855
    },
    "pitch_salience": {
        "dmean": 0.0997374653816,
        "dmean2": 0.152414783835,
        "dvar": 0.0102516179904,
        "dvar2": 0.0229322630912,
        "max": 0.997747838497,
        "mean": 0.495431125164,
        "median": 0.506227135658,
        "min": 0.00973701011389,
        "var": 0.0298126377165
    },
    "silence_rate_20dB": {
        "dmean": 0,
        "dmean2": 0,
        "dvar": 0,
        "dvar2": 0,
        "max": 1,
        "mean": 1,
        "median": 1,
        "min": 1,
        "var": 0
    },
    "silence_rate_30dB": {
        "dmean": 0.0723588988185,
        "dmean2": 0.144726902246,
        "dvar": 0.0671309754252,
        "dvar2": 0.165828213096,
        "max": 1,
        "mean": 0.941487371922,
        "median": 1,
        "min": 0,
        "var": 0.0550856031477
    },
    "silence_rate_60dB": {
        "dmean": 0.0255458373576,
        "dmean2": 0.0510948896408,
        "dvar": 0.0248906202614,
        "dvar2": 0.0589413866401,
        "max": 1,
        "mean": 0.061595570296,
        "median": 0,
        "min": 0,
        "var": 0.0577938593924
    },
    "spectral_centroid": {
        "dmean": 368.612640381,
        "dmean2": 557.699768066,
        "dvar": 156632.1875,
        "dvar2": 316935.03125,
        "max": 11645.6279297,
        "mean": 1996.72143555,
        "median": 1949.7364502,
        "min": 78.9460906982,
        "var": 839993.875
    },
    "spectral_complexity": {
        "dmean": 6.15843439102,
        "dmean2": 8.96451091766,
        "dvar": 42.5471458435,
        "dvar2": 83.0557861328,
        "max": 63,
        "mean": 23.7884101868,
        "median": 23,
        "min": 0,
        "var": 194.574752808
    },
    "spectral_decrease": {
        "dmean": 4.25794421943e-09,
        "dmean2": 6.41004538338e-09,
        "dvar": 3.3219705749e-17,
        "dvar2": 7.7047407284e-17,
        "max": 2.16876230738e-18,
        "mean": -1.04612061236e-08,
        "median": -8.02059574312e-09,
        "min": -5.56374963878e-08,
        "var": 8.20966170047e-17
    },
    "spectral_energy": {
        "dmean": 0.0167562160641,
        "dmean2": 0.025083405897,
        "dvar": 0.000481549068354,
        "dvar2": 0.00109681428876,
        "max": 0.211581662297,
        "mean": 0.0423667170107,
        "median": 0.0337495915592,
        "min": 9.98862918041e-21,
        "var": 0.00124128162861
    },
    "spectral_energyband_high": {
        "dmean": 0.00115777389146,
        "dmean2": 0.00173921196256,
        "dvar": 2.63788206212e-06,
        "dvar2": 5.9903663896e-06,
        "max": 0.01691451855,
        "mean": 0.00228446722031,
        "median": 0.00153511378448,
        "min": 6.79739868892e-21,
        "var": 5.2050204431e-06
    },
    "spectral_energyband_low": {
        "dmean": 0.0140784364194,
        "dmean2": 0.0222580172122,
        "dvar": 0.000505747273564,
        "dvar2": 0.00128766684793,
        "max": 0.208916112781,
        "mean": 0.0267614759505,
        "median": 0.0154080586508,
        "min": 2.13803535415e-23,
        "var": 0.000961405108683
    },
    "spectral_energyband_middle_high": {
        "dmean": 0.00261495634913,
        "dmean2": 0.00428398745134,
        "dvar": 1.3828851479e-05,
        "dvar2": 3.59465739166e-05,
        "max": 0.0374664254487,
        "mean": 0.00583475874737,
        "median": 0.00445438176394,
        "min": 1.25495688458e-21,
        "var": 2.70906803053e-05
    },
    "spectral_energyband_middle_low": {
        "dmean": 0.00580070493743,
        "dmean2": 0.0099554490298,
        "dvar": 0.00012682461238,
        "dvar2": 0.000344865373336,
        "max": 0.0979982614517,
        "mean": 0.00840771850199,
        "median": 0.00521013140678,
        "min": 1.99394363048e-22,
        "var": 0.000111151966848
    },
    "spectral_entropy": {
        "dmean": 0.18665163219,
        "dmean2": 0.283435553312,
        "dvar": 0.0806233361363,
        "dvar2": 0.176793217659,
        "max": 9.83467960358,
        "mean": 8.02033996582,
        "median": 8.10460948944,
        "min": 3.22954821587,
        "var": 0.182366192341
    },
    "spectral_flux": {
        "dmean": 0.040652230382,
        "dmean2": 0.059800516814,
        "dvar": 0.00208022072911,
        "dvar2": 0.00352243403904,
        "max": 0.417657524347,
        "mean": 0.110682733357,
        "median": 0.0915232524276,
        "min": 6.34175559289e-11,
        "var": 0.00533601129428
    },
    "spectral_kurtosis": {
        "dmean": 0.90233027935,
        "dmean2": 1.47409105301,
        "dvar": 119.485237122,
        "dvar2": 326.271148682,
        "max": 1048.84179688,
        "mean": 2.7766122818,
        "median": 2.48673295975,
        "min": -1.28287708759,
        "var": 77.3620223999
    },
    "spectral_rms": {
        "dmean": 0.00121485441923,
        "dmean2": 0.00174631981645,
        "dvar": 1.77034189619e-06,
        "dvar2": 3.58155784852e-06,
        "max": 0.0143673634157,
        "mean": 0.00579923344776,
        "median": 0.00573815591633,
        "min": 3.12169886295e-12,
        "var": 7.70219958213e-06
    },
    "spectral_rolloff": {
        "dmean": 957.258361816,
        "dmean2": 1521.74621582,
        "dvar": 1684196,
        "dvar2": 3571892,
        "max": 19487.5488281,
        "mean": 2135.80053711,
        "median": 1356.59179688,
        "min": 21.533203125,
        "var": 5714114.5
    },
    "spectral_skewness": {
        "dmean": 0.152623251081,
        "dmean2": 0.233617380261,
        "dvar": 0.11744658649,
        "dvar2": 0.268585979939,
        "max": 28.4539604187,
        "mean": 1.3006914854,
        "median": 1.28631401062,
        "min": -0.0723435655236,
        "var": 0.163098007441
    },
    "spectral_spread": {
        "dmean": 555725,
        "dmean2": 829735,
        "dvar": 587767939072,
        "dvar2": 1.11967469568e+12,
        "max": 43212232,
        "mean": 6163571.5,
        "median": 6012965,
        "min": 158728.203125,
        "var": 6.34262598451e+12
    },
    "spectral_strongpeak": {
        "dmean": 0.355753809214,
        "dmean2": 0.60511136055,
        "dvar": 0.35885822773,
        "dvar2": 0.889780282974,
        "max": 7.5936293602,
        "mean": 0.636202335358,
        "median": 0.359569132328,
        "min": 0,
        "var": 0.659394145012
    },
    "zerocrossingrate": {
        "dmean": 0.0176635663956,
        "dmean2": 0.0198578257114,
        "dvar": 0.000345662847394,
        "dvar2": 0.000445949262939,
        "max": 0.849609375,
        "mean": 0.0832391083241,
        "median": 0.07275390625,
        "min": 0.00244140625,
        "var": 0.00360476318747
    },
    "barkbands": {
        "dmean": [0.00197699270211, 0.00963692553341, 0.00591176375747, 0.00235995440744, 0.00163422944024, 0.00143922260031, 0.000636723532807, 0.000730950792786, 0.000496119318996, 0.000729320861865, 0.000531255616806, 0.000516059168149, 0.000375265080947, 0.000298772647511, 0.000375049945433, 0.000255363673205, 0.000321100873407, 0.000254759332165, 0.000254114944255, 0.000259887194261, 0.000235853352933, 0.000237747910433, 0.000224437681027, 0.000203359260922, 0.00016770781076, 9.22739636735e-05, 1.6359901565e-05],
        "dmean2": [0.00294985924847, 0.0147281726822, 0.0104687213898, 0.00434913299978, 0.00287644029595, 0.0025856459979, 0.00108309916686, 0.00116498593707, 0.000815460458398, 0.00118189980276, 0.000933263509069, 0.00088770542061, 0.000644365733024, 0.000508386001457, 0.000635611999314, 0.000418774405262, 0.000535156752449, 0.000423383782618, 0.000408420630265, 0.000398684438551, 0.000377432559617, 0.000364317733329, 0.00035565107828, 0.000316892808769, 0.000256007188, 0.000143667843076, 2.62064404524e-05],
        "dvar": [1.35392774609e-05, 0.000241628469666, 0.000264745263848, 4.75519918837e-05, 9.85439146461e-06, 1.10555938591e-05, 1.64500090705e-06, 2.08225469578e-06, 1.26320719573e-06, 1.66565382642e-06, 1.3033917412e-06, 9.18281273243e-07, 4.80722803786e-07, 2.64933731842e-07, 4.50630324167e-07, 1.91702284269e-07, 2.32292734381e-07, 1.52996463498e-07, 1.71109675762e-07, 1.35959808745e-07, 1.06858536242e-07, 1.11166613692e-07, 1.15645761412e-07, 8.4965599001e-08, 5.96369389427e-08, 1.70603779992e-08, 6.50511533529e-10],
        "dvar2": [3.09644710796e-05, 0.000599723367486, 0.000727880687919, 0.000136561982799, 2.75907204923e-05, 3.14523822453e-05, 4.28558450949e-06, 4.7763674047e-06, 3.01693421534e-06, 3.94949211113e-06, 3.47187256011e-06, 2.32972638514e-06, 1.34347601488e-06, 6.94528921485e-07, 1.22551296045e-06, 4.94727430578e-07, 6.19195077434e-07, 4.12780849501e-07, 4.08398420859e-07, 2.94996681305e-07, 2.67504219664e-07, 2.44588022724e-07, 2.68051138619e-07, 1.97034125904e-07, 1.40357869327e-07, 4.02755695461e-08, 1.54886015125e-09],
        "max": [0.0648585557938, 0.184761166573, 0.116390526295, 0.0634816512465, 0.0419669114053, 0.0411492362618, 0.0254003722221, 0.0361342579126, 0.0290105268359, 0.0209318418056, 0.0201823450625, 0.0157654937357, 0.0134779261425, 0.0163171887398, 0.0127150332555, 0.0117456279695, 0.00866929721087, 0.00542893726379, 0.0077208164148, 0.0077286651358, 0.00584427407011, 0.00376596068963, 0.00392659893259, 0.00315048010089, 0.00301328953356, 0.00156097055878, 0.000536345643923],
        "mean": [0.00339510990307, 0.017627235502, 0.00502478238195, 0.00184659578372, 0.00194162433036, 0.00148207508028, 0.000817100983113, 0.00116985070053, 0.000739066279493, 0.00116819911636, 0.000613656127825, 0.000690284650773, 0.000567849958315, 0.000419105403125, 0.000585589092225, 0.000420766620664, 0.000503480958287, 0.00039947082405, 0.000437027250882, 0.000466564437374, 0.000442063377704, 0.000433399021858, 0.000370879599359, 0.000337812962243, 0.000271789176622, 0.000164705212228, 3.05700959871e-05],
        "median": [0.000682259153109, 0.0085068596527, 0.000681918812916, 0.000417847069912, 0.000961647252552, 0.000576640013605, 0.000344264204614, 0.000428300816566, 0.000284627894871, 0.000482675735839, 0.00019420060562, 0.000301992578898, 0.000245351344347, 0.000193923668121, 0.000319619575748, 0.00024258645135, 0.000329776201397, 0.000253196718404, 0.000279174768366, 0.000285666057607, 0.000297677353956, 0.000271388678811, 0.000219438632485, 0.000204351032153, 0.000162404292496, 0.000103479367681, 1.56639034685e-05],
        "min": [2.39429786445e-25, 6.39356656995e-24, 2.45699011971e-24, 2.46885419329e-24, 4.3312108234e-24, 4.48805451516e-24, 1.53109886877e-23, 1.13967886714e-23, 1.45696377193e-23, 1.04733417849e-23, 2.13975712196e-23, 2.62516832272e-23, 2.48604528679e-23, 2.95792736526e-23, 4.66614570208e-23, 3.87178233428e-23, 6.21459635532e-23, 8.31963381558e-23, 1.32203078648e-22, 1.76788512513e-22, 1.87113502693e-22, 3.2638063511e-22, 3.44393952025e-22, 6.1495925759e-22, 8.59943003067e-22, 1.24862469178e-21, 1.9629296839e-21],
        "var": [3.19671598845e-05, 0.000487432786031, 0.000186571283848, 2.80693348031e-05, 8.59802548803e-06, 7.78233879828e-06, 2.19573007598e-06, 4.75743217976e-06, 2.29046395361e-06, 3.59579735232e-06, 1.71179590325e-06, 1.56728640377e-06, 1.00164322703e-06, 4.36208324572e-07, 7.60684542911e-07, 4.00920384891e-07, 3.29788520048e-07, 2.06840567785e-07, 2.83447036509e-07, 2.81089313603e-07, 1.99542412815e-07, 2.19600920559e-07, 1.87829613196e-07, 1.4390300862e-07, 9.29581105424e-08, 3.28236993141e-08, 1.79976777925e-09]
    },
    "erbbands": {
        "dmean": [0.43399348855, 1.83693277836, 5.93235492706, 7.99428415298, 5.97866106033, 5.28884124756, 8.45180606842, 12.7443265915, 10.6215076447, 9.55887126923, 15.6787624359, 12.7403049469, 15.9345626831, 22.5095653534, 24.0442638397, 22.2131729126, 17.7307853699, 15.8416604996, 21.649597168, 13.0110177994, 14.0578012466, 14.130988121, 13.3226127625, 13.4471645355, 13.1884565353, 13.092590332, 9.51679134369, 9.50026512146, 8.76622486115, 7.35119247437, 6.71280908585, 4.53559160233, 3.35257840157, 2.01136040688, 1.17588400841, 0.486283779144, 0.161405310035, 0.0338139533997, 0.00259523792192, 5.26419826201e-05],
        "dmean2": [0.618743538857, 2.74540948868, 10.0967245102, 14.3470554352, 10.7507152557, 9.27875423431, 14.8865261078, 22.9513912201, 18.1621742249, 15.8808116913, 25.0369091034, 20.7001018524, 25.8836917877, 37.6010856628, 41.674030304, 37.9855422974, 30.4125289917, 26.8725337982, 36.5646209717, 21.6499137878, 22.8580703735, 23.5301074982, 22.0307502747, 21.9657344818, 20.9453487396, 20.2252674103, 15.1090393066, 15.1912965775, 13.7288761139, 11.7109909058, 10.6292524338, 6.99780988693, 5.29056549072, 3.1387321949, 1.80543935299, 0.766357958317, 0.251678258181, 0.0531978048384, 0.0041144634597, 7.91192433098e-05],
        "dvar": [0.551996409893, 9.87001895905, 228.909194946, 521.406066895, 206.367980957, 103.567779541, 311.661315918, 890.010803223, 425.517059326, 346.296875, 1140.59423828, 906.324279785, 1040.83740234, 1777.73181152, 2621.90917969, 1710.72058105, 1089.09875488, 722.876953125, 1553.3260498, 440.401977539, 405.111358643, 438.391082764, 400.765441895, 393.538208008, 497.435394287, 357.371582031, 204.661010742, 164.78678894, 159.744277954, 108.186805725, 110.068832397, 41.4867019653, 24.1450233459, 8.30990695953, 3.11437153816, 0.494667619467, 0.0541343986988, 0.00240615638904, 1.6076317479e-05, 4.46209069693e-09],
        "dvar2": [1.38164412975, 23.2371940613, 609.76776123, 1461.26135254, 586.905029297, 288.726287842, 865.826538086, 2526.80639648, 1106.92150879, 868.500244141, 2595.88891602, 2115.56933594, 2435.60522461, 4381.4765625, 6850.99902344, 4311.46777344, 3042.92333984, 1895.77661133, 4255.77441406, 1160.56506348, 1001.54650879, 1165.01025391, 1081.09460449, 997.255737305, 1202.15112305, 802.522888184, 546.56829834, 389.682098389, 368.933532715, 268.55078125, 250.917892456, 94.8997192383, 57.2803764343, 19.6527900696, 7.19792795181, 1.17357289791, 0.128822818398, 0.0057377750054, 3.79712946597e-05, 9.85296466638e-09],
        "max": [7.25318670273, 45.3731193542, 116.598731995, 194.49079895, 156.672485352, 166.731872559, 289.586273193, 388.069091797, 383.697418213, 389.960021973, 850.639709473, 791.063232422, 764.533203125, 766.651550293, 1012.24658203, 801.496948242, 672.520690918, 884.730834961, 741.698913574, 484.858856201, 323.966217041, 403.888977051, 308.622131348, 304.916351318, 462.119476318, 371.171844482, 274.685058594, 143.637786865, 170.041503906, 175.551300049, 136.043151855, 78.4763031006, 51.4788208008, 34.8696136475, 26.8023109436, 8.3217830658, 2.9654045105, 0.818845570087, 0.0992183312774, 0.00150875304826],
        "mean": [0.749849736691, 3.01758337021, 5.73440361023, 6.54740715027, 5.83164930344, 6.07868623734, 9.71178722382, 12.6640167236, 13.4207763672, 14.3195896149, 24.9468517303, 20.5681552887, 27.8561897278, 31.6431789398, 30.529586792, 32.560749054, 27.6332473755, 24.3494815826, 33.1674423218, 22.8217487335, 24.6994228363, 23.490404129, 22.4417629242, 22.0245323181, 23.103931427, 23.6032886505, 17.9362983704, 16.9513339996, 15.9521722794, 12.5377874374, 10.5735177994, 7.76483535767, 5.27132701874, 3.23105859756, 1.85118854046, 0.812651991844, 0.281601339579, 0.0659110695124, 0.00483370525762, 0.000131871944177],
        "median": [0.282477408648, 1.09988617897, 1.32834815979, 1.47986388206, 2.12177228928, 2.85901403427, 3.82388949394, 4.08919858932, 5.44695186615, 6.43305015564, 9.24073696136, 8.53415489197, 11.530374527, 13.9483375549, 11.3830385208, 15.2374401093, 12.7342147827, 13.0028171539, 17.739074707, 14.0170707703, 16.1523170471, 15.876663208, 14.902756691, 13.8761301041, 14.7518959045, 14.6918430328, 11.7138328552, 10.897110939, 9.9116153717, 8.08759880066, 6.0231423378, 4.63359451294, 3.14563989639, 1.98414003849, 1.07118725777, 0.488734304905, 0.172912761569, 0.0411062240601, 0.00237603206187, 0.000101094650745],
        "min": [2.11852799148e-22, 1.31240059974e-21, 3.74182541399e-21, 9.85064673006e-21, 1.50883365973e-20, 1.25512032141e-20, 3.12258419417e-20, 5.55373522289e-20, 1.20477783468e-19, 2.47560604128e-19, 3.46977425698e-19, 3.40841632559e-19, 5.85500151056e-19, 7.08581058988e-19, 8.81049819367e-19, 8.4764454392e-19, 1.77078338081e-18, 3.066347157e-18, 2.51174778529e-18, 3.57935237199e-18, 3.20346268329e-18, 4.88936699349e-18, 6.10088508355e-18, 6.85841957006e-18, 7.64290153299e-18, 8.84430030902e-18, 8.05082647925e-18, 1.03729408344e-17, 1.10303732319e-17, 1.07199571634e-17, 9.32751358027e-18, 1.08877681215e-17, 9.81449383204e-18, 8.62759139624e-18, 6.18686140923e-18, 4.12715231906e-18, 2.49306549757e-18, 1.01657902004e-18, 2.36363577164e-19, 2.6838259484e-20],
        "var": [1.07098257542, 17.9720420837, 185.204574585, 327.813262939, 140.263687134, 91.2744903564, 293.926147461, 630.768432617, 542.614990234, 597.238342285, 2432.25439453, 1765.56433105, 2728.45288086, 3016.68212891, 3906.42407227, 3460.02783203, 2194.66210938, 1251.11303711, 2621.04467773, 807.215576172, 788.586242676, 647.900512695, 593.038452148, 605.702026367, 807.866149902, 705.219909668, 357.624450684, 307.183807373, 301.41796875, 181.652038574, 169.684249878, 77.0318984985, 36.1372795105, 12.7294921875, 4.77321243286, 0.835404634476, 0.104128733277, 0.00625643320382, 4.66249912279e-05, 1.48512109277e-08]
    },
    "gfcc": {
        "mean": [26.6186943054, 39.4699440002, -101.598518372, 33.8129272461, -51.4212150574, 24.0891685486, -28.4240722656, 16.9380245209, -21.023645401, 10.8998937607, -16.3153686523, 7.37040472031, -11.2553062439],
        "cov": [[20994.7519531, 1416.11071777, 675.117492676, 649.606994629, -344.316925049, 240.148406982, -640.01385498, -114.778549194, -550.278625488, 1.93385255337, -197.787307739, 353.134887695, -79.1756362915], [1416.11071777, 1291.25830078, 524.242919922, 238.381835938, 238.973480225, 20.2109241486, 59.8137741089, -50.136920929, 0.379363238811, -12.9981908798, 42.2099227905, -21.3833408356, 29.1750106812], [675.117492676, 524.242919922, 986.102722168, 425.24697876, 294.617675781, 111.139465332, 67.9049835205, 11.9721164703, 31.2418880463, -17.7311878204, -2.2901134491, -6.59987449646, 9.30809402466], [649.606994629, 238.381835938, 425.24697876, 471.555419922, 247.589569092, 164.78276062, 60.5531463623, 41.8270339966, 18.8929309845, 4.23233366013, -2.5658826828, -27.852399826, -10.8227796555], [-344.316925049, 238.973480225, 294.617675781, 247.589569092, 394.134124756, 148.277862549, 150.93309021, 46.3572540283, 63.0022888184, 24.5185909271, 35.2813186646, -22.4912528992, -3.93785595894], [240.148406982, 20.2109241486, 111.139465332, 164.78276062, 148.277862549, 205.145935059, 104.828643799, 66.9501037598, 13.6653308868, 9.8223285675, 5.48997688293, 10.3100252151, -2.25732660294], [-640.01385498, 59.8137741089, 67.9049835205, 60.5531463623, 150.93309021, 104.828643799, 201.095062256, 113.078697205, 90.0825271606, 23.4090919495, 18.0040054321, -8.23040390015, 21.0838737488], [-114.778549194, -50.136920929, 11.9721164703, 41.8270339966, 46.3572540283, 66.9501037598, 113.078697205, 153.528808594, 101.356185913, 40.3383293152, -3.50867581367, 1.2805737257, 22.2744235992], [-550.278625488, 0.379363238811, 31.2418880463, 18.8929309845, 63.0022888184, 13.6653308868, 90.0825271606, 101.356185913, 151.011047363, 72.4832229614, 23.2310752869, -19.0029144287, 15.210108757], [1.93385255337, -12.9981908798, -17.7311878204, 4.23233366013, 24.5185909271, 9.8223285675, 23.4090919495, 40.3383293152, 72.4832229614, 102.397117615, 49.264591217, 0.844582736492, -5.0769701004], [-197.787307739, 42.2099227905, -2.2901134491, -2.5658826828, 35.2813186646, 5.48997688293, 18.0040054321, -3.50867581367, 23.2310752869, 49.264591217, 87.8964614868, 39.3166542053, 8.74443721771], [353.134887695, -21.3833408356, -6.59987449646, -27.852399826, -22.4912528992, 10.3100252151, -8.23040390015, 1.2805737257, -19.0029144287, 0.844582736492, 39.3166542053, 95.3574829102, 44.3947715759], [-79.1756362915, 29.1750106812, 9.30809402466, -10.8227796555, -3.93785595894, -2.25732660294, 21.0838737488, 22.2744235992, 15.210108757, -5.0769701004, 8.74443721771, 44.3947715759, 77.3971252441]],
        "icov": [[0.000117026458611, -0.00022339829593, 3.33931384375e-05, -0.000155498433742, 9.54708521022e-05, -0.000118062496767, 0.000372681970475, -0.000358759833034, 0.000453584594652, -0.00069108401658, 0.00089088868117, -0.000955133058596, 0.000494042702485], [-0.00022339829593, 0.00156807352323, -0.000572398712393, 0.00017962109996, -0.000441508658696, 0.000683951948304, -0.00113269197755, 0.00110231980216, -0.000392893562093, 0.00134624738712, -0.00253638555296, 0.00271403510123, -0.00184154009912], [3.33931384375e-05, -0.000572398712393, 0.0021378302481, -0.00172112020664, -0.000479573616758, 0.000540270470083, -8.76663762028e-05, 0.00066050386522, -0.00101225532126, 0.000241829620791, 0.00149437249638, -0.00196375255473, 0.000749659433495], [-0.000155498433742, 0.00017962109996, -0.00172112020664, 0.00602045375854, -0.00203273561783, -0.00337515072897, 0.0029550108593, -0.00200282991864, 0.000248088676017, 0.00132042029873, -0.00252841901965, 0.00432521523908, -0.0017657688586], [9.54708521022e-05, -0.000441508658696, -0.000479573616758, -0.00203273561783, 0.00670093018562, -0.00189847487491, -0.00391227193177, 0.00315805128776, -0.00152648694348, -0.000346391956555, -0.000742672884371, -8.23060254334e-05, 0.000888347916771], [-0.000118062496767, 0.000683951948304, 0.000540270470083, -0.00337515072897, -0.00189847487491, 0.012465659529, -0.00593518605456, -0.00230814469978, 0.00474707968533, -0.00219902186655, 0.00172776367981, -0.00347805744968, 0.0023551825434], [0.000372681970475, -0.00113269197755, -8.76663762028e-05, 0.0029550108593, -0.00391227193177, -0.00593518605456, 0.018433380872, -0.0105327172205, -0.00157888198737, 0.00385216274299, -0.00349689181894, 0.00252072233707, -0.00161822105292], [-0.000358759833034, 0.00110231980216, 0.00066050386522, -0.00200282991864, 0.00315805128776, -0.00230814469978, -0.0105327172205, 0.0242684073746, -0.0131131941453, -0.00134567369241, 0.00678481115028, -0.0040937634185, -0.00109338120092], [0.000453584594652, -0.000392893562093, -0.00101225532126, 0.000248088676017, -0.00152648694348, 0.00474707968533, -0.00157888198737, -0.0131131941453, 0.0255016237497, -0.0133751258254, 0.000690843444318, 0.00375380367041, -0.00308684306219], [-0.00069108401658, 0.00134624738712, 0.000241829620791, 0.00132042029873, -0.000346391956555, -0.00219902186655, 0.00385216274299, -0.00134567369241, -0.0133751258254, 0.0284221861511, -0.0190321486443, 0.00879540387541, -0.000204598356504], [0.00089088868117, -0.00253638555296, 0.00149437249638, -0.00252841901965, -0.000742672884371, 0.00172776367981, -0.00349689181894, 0.00678481115028, 0.000690843444318, -0.0190321486443, 0.0360106900334, -0.0237696189433, 0.00852819066495], [-0.000955133058596, 0.00271403510123, -0.00196375255473, 0.00432521523908, -8.23060254334e-05, -0.00347805744968, 0.00252072233707, -0.0040937634185, 0.00375380367041, 0.00879540387541, -0.0237696189433, 0.0355332903564, -0.0186303220689], [0.000494042702485, -0.00184154009912, 0.000749659433495, -0.0017657688586, 0.000888347916771, 0.0023551825434, -0.00161822105292, -0.00109338120092, -0.00308684306219, -0.000204598356504, 0.00852819066495, -0.0186303220689, 0.0249682292342]]
    },
    "melbands": {
        "dmean": [0.00311738089658, 0.00263183563948, 0.00131339149084, 0.000383459933801, 0.00027798928204, 0.000279784755548, 0.000155509886099, 0.000113802256237, 0.000119474985695, 8.00972557045e-05, 8.06441748864e-05, 9.45290885284e-05, 7.52541673137e-05, 6.80754747009e-05, 4.02453624702e-05, 3.67357170035e-05, 3.10659088427e-05, 3.44227628375e-05, 2.01279581233e-05, 2.0890865926e-05, 1.77976326086e-05, 1.61036896316e-05, 1.52067859744e-05, 1.30919570438e-05, 1.13771875476e-05, 1.0779920558e-05, 9.22674553294e-06, 9.07802768779e-06, 6.31381180938e-06, 5.92691321799e-06, 6.06875664744e-06, 5.23508060724e-06, 4.64984896098e-06, 4.0944655666e-06, 4.18741183239e-06, 3.26122039951e-06, 2.76847526948e-06, 2.480146577e-06, 2.06046638596e-06, 1.6659537323e-06],
        "dmean2": [0.00459876656532, 0.00414625322446, 0.00234242877923, 0.000679967226461, 0.000487943761982, 0.000503129442222, 0.000265605049208, 0.000186747682164, 0.000191781218746, 0.000130409534904, 0.000130899701617, 0.000157162197866, 0.000132159009809, 0.000116533832625, 6.83612597641e-05, 6.32792362012e-05, 5.28104283148e-05, 5.81024687563e-05, 3.37896090059e-05, 3.45043772541e-05, 2.91559463221e-05, 2.7055360988e-05, 2.53736616287e-05, 2.18189998122e-05, 1.87511923286e-05, 1.73471871676e-05, 1.47610753629e-05, 1.42385488289e-05, 1.0094731806e-05, 9.74560498435e-06, 9.76915634965e-06, 8.23900154501e-06, 7.3480091487e-06, 6.72249370837e-06, 6.67872791382e-06, 5.17077569384e-06, 4.33047716797e-06, 3.96053565055e-06, 3.27686575474e-06, 2.63735773842e-06],
        "dvar": [2.57010124187e-05, 3.1549428968e-05, 1.32271525217e-05, 6.18212823156e-07, 3.16160026159e-07, 4.22240248099e-07, 9.18576859021e-08, 4.83209170454e-08, 6.48941380632e-08, 3.60131870991e-08, 2.59929180402e-08, 3.34038219307e-08, 2.65885820028e-08, 1.56266892759e-08, 4.39025304999e-09, 5.17900922148e-09, 3.17445114639e-09, 3.69587738192e-09, 1.10394149377e-09, 1.62140634252e-09, 7.06982639098e-10, 6.44287456719e-10, 4.94731589029e-10, 4.06260386443e-10, 2.9348506958e-10, 4.50685461173e-10, 1.84293441619e-10, 1.73188186015e-10, 8.90988324787e-11, 7.07703340375e-11, 7.41206887533e-11, 6.00773250592e-11, 3.9830520826e-11, 3.65954662407e-11, 4.40652306311e-11, 2.27648889323e-11, 1.52495724381e-11, 1.31530489625e-11, 9.09573805163e-12, 5.75112527046e-12],
        "dvar2": [6.34976458969e-05, 7.91029451648e-05, 3.6896133679e-05, 1.73194212039e-06, 8.81361984284e-07, 1.19922276554e-06, 2.38076694359e-07, 1.17408582412e-07, 1.48459193383e-07, 8.37235987206e-08, 6.06703736139e-08, 8.16745426846e-08, 7.12417573823e-08, 3.9606163682e-08, 1.16932632466e-08, 1.43144589515e-08, 8.28041812895e-09, 1.00827275418e-08, 2.85192780503e-09, 4.24531743093e-09, 1.80501091851e-09, 1.72825775913e-09, 1.32889022009e-09, 1.0840494058e-09, 7.50112694181e-10, 1.08781805785e-09, 4.15817713595e-10, 4.1329367706e-10, 2.38521091767e-10, 1.91033952546e-10, 1.7628001836e-10, 1.41924735853e-10, 9.08141131739e-11, 9.58606180546e-11, 1.00473490638e-10, 5.27222328295e-11, 3.61997792853e-11, 3.20312595892e-11, 2.18252308587e-11, 1.36008912466e-11],
        "max": [0.0483611412346, 0.0462970137596, 0.0289570670575, 0.0091209243983, 0.00908934418112, 0.00819014851004, 0.00587137369439, 0.00448362436146, 0.00593891041353, 0.00431140093133, 0.00380632956512, 0.00340388133191, 0.00270517263561, 0.00180398917291, 0.001173258177, 0.00180800177623, 0.00202399701811, 0.00114344083704, 0.00129923387431, 0.00120862806216, 0.000516721745953, 0.000592552707531, 0.000371172616724, 0.000424168945756, 0.000274882360827, 0.000476853252621, 0.000321722676745, 0.000218438144657, 0.000175204040715, 0.000127614097437, 0.000102825659269, 0.000118559437396, 6.59550350974e-05, 0.000125763501273, 8.91232702998e-05, 5.44603753951e-05, 4.39638206444e-05, 3.47241766576e-05, 3.16334626405e-05, 3.20257058775e-05],
        "mean": [0.00583436246961, 0.00335190095939, 0.00113299000077, 0.000418375129811, 0.000327965244651, 0.000281458284007, 0.000197412489797, 0.000175195382326, 0.000187970479601, 0.000125303442474, 0.000138317351229, 0.000130375250592, 8.80426669028e-05, 9.35115604079e-05, 6.22636653134e-05, 5.54201615159e-05, 4.38749957539e-05, 5.15880929015e-05, 3.21802253893e-05, 3.39094331139e-05, 2.86832037091e-05, 2.50031007454e-05, 2.28502649406e-05, 1.99871046789e-05, 1.70104121935e-05, 1.71166902874e-05, 1.59448554768e-05, 1.53427445184e-05, 1.1190954865e-05, 1.00885818028e-05, 9.90856642602e-06, 9.03178261069e-06, 8.09089306131e-06, 6.51168966215e-06, 6.23272489975e-06, 5.34203536517e-06, 4.47100273959e-06, 3.75982745027e-06, 3.14506769428e-06, 2.59659441326e-06],
        "median": [0.00283192191273, 0.00125339650549, 0.000300606072415, 0.000183250493137, 0.00014264996571, 9.65254075709e-05, 7.92849459685e-05, 7.48375896364e-05, 7.04089907231e-05, 4.57622481917e-05, 5.62929781154e-05, 4.99616799061e-05, 2.89092367893e-05, 4.0253115003e-05, 3.21018123941e-05, 2.3225804398e-05, 1.96899782168e-05, 2.71431617875e-05, 1.89001984836e-05, 1.84248929145e-05, 1.82314797712e-05, 1.63667900779e-05, 1.36970265885e-05, 1.21133016364e-05, 9.82257733995e-06, 1.02462090581e-05, 9.63695947576e-06, 9.20455477171e-06, 7.19141826266e-06, 6.46252055958e-06, 5.96908284933e-06, 5.43051464774e-06, 5.22990376339e-06, 4.01288798457e-06, 3.45170337823e-06, 3.12582551487e-06, 2.57508031609e-06, 2.25867643167e-06, 1.83389010999e-06, 1.57987392413e-06],
        "min": [1.79807117165e-24, 1.95895422568e-24, 1.7492521201e-24, 8.29346331561e-25, 1.4766870695e-24, 1.06197845428e-24, 2.04738040556e-24, 2.81966103227e-24, 3.06262210526e-24, 2.07742279263e-24, 2.10997060193e-24, 2.72013834047e-24, 3.20491210217e-24, 1.92722426792e-24, 2.47190373233e-24, 2.14674710012e-24, 5.00191338123e-24, 2.76328173502e-24, 3.87619703656e-24, 3.00286569447e-24, 3.8767208402e-24, 4.26892867721e-24, 4.59517630406e-24, 4.34072133047e-24, 4.50625116966e-24, 5.0189866978e-24, 4.48526036983e-24, 4.48668584149e-24, 5.06439905353e-24, 4.48225480979e-24, 5.10813547427e-24, 5.13435957734e-24, 6.45561876319e-24, 4.98592198739e-24, 4.53368538536e-24, 6.02936447837e-24, 6.00256214025e-24, 5.256945801e-24, 5.76206763811e-24, 6.40369988271e-24],
        "var": [5.43372007087e-05, 3.49549482053e-05, 8.50043943501e-06, 4.89960541472e-07, 2.98690935097e-07, 2.98269753785e-07, 1.20595771591e-07, 9.59794093092e-08, 1.35416570402e-07, 7.25095787857e-08, 6.73874538393e-08, 5.86259041313e-08, 3.38820989043e-08, 2.57126853143e-08, 8.93605811569e-09, 1.13220171016e-08, 5.60128876614e-09, 6.31551388963e-09, 1.82064663345e-09, 3.34737193519e-09, 1.1062111227e-09, 8.57068083171e-10, 7.36450234129e-10, 5.61785562514e-10, 4.21513740578e-10, 6.24046536668e-10, 3.40866918025e-10, 3.13872094981e-10, 1.49832174445e-10, 1.16761045277e-10, 1.20953580485e-10, 1.04237708742e-10, 7.72935604409e-11, 5.39272342059e-11, 6.40787908845e-11, 3.96102109446e-11, 2.64976113967e-11, 1.87223968967e-11, 1.32324776136e-11, 8.52064599433e-12]
    },
    "mfcc": {
        "mean": [-616.825256348, 78.158241272, 8.41048336029, 19.5268669128, 5.75738334656, 11.0684652328, 6.27232503891, 8.32745075226, 6.02126646042, 5.69130659103, 2.36279654503, 3.31222009659, 3.25656247139],
        "cov": [[10469.3681641, 1055.20263672, 282.365905762, 309.441467285, 161.940734863, 133.135253906, -0.836313486099, -51.4768447876, -170.229400635, -161.923080444, -37.7368507385, 31.6129951477, 8.11472129822], [1055.20263672, 1134.35571289, 260.932861328, 239.884597778, 141.481948853, 95.7392044067, 82.8418960571, 11.6241340637, 22.9867610931, 0.311886787415, 15.7819318771, 18.3567314148, 22.2184772491], [282.365905762, 260.932861328, 562.220581055, 280.343780518, 181.997375488, 109.674247742, 59.8360290527, 54.3135032654, 50.4420013428, 22.5445652008, 20.5290393829, 5.31161022186, -9.14706516266], [309.441467285, 239.884597778, 280.343780518, 346.082672119, 223.404800415, 140.192108154, 96.3929977417, 59.3893661499, 63.2024536133, 56.0243415833, 39.3994026184, 27.2907371521, 15.0648336411], [161.940734863, 141.481948853, 181.997375488, 223.404800415, 255.435623169, 161.125305176, 108.10584259, 65.1131973267, 48.4900016785, 36.5706672668, 38.0219230652, 29.6262016296, 20.7951545715], [133.135253906, 95.7392044067, 109.674247742, 140.192108154, 161.125305176, 182.52671814, 123.184288025, 66.6256561279, 38.7358627319, 25.7631874084, 34.6498718262, 27.5010223389, 23.5915279388], [-0.836313486099, 82.8418960571, 59.8360290527, 96.3929977417, 108.10584259, 123.184288025, 153.33706665, 91.6959228516, 57.0153770447, 26.9686183929, 27.0518131256, 25.4144611359, 26.6939525604], [-51.4768447876, 11.6241340637, 54.3135032654, 59.3893661499, 65.1131973267, 66.6256561279, 91.6959228516, 134.620727539, 92.4972839355, 35.8180770874, 15.5658092499, 21.9570350647, 18.7746524811], [-170.229400635, 22.9867610931, 50.4420013428, 63.2024536133, 48.4900016785, 38.7358627319, 57.0153770447, 92.4972839355, 154.769317627, 94.8104171753, 40.0443267822, 19.6623344421, 15.5039701462], [-161.923080444, 0.311886787415, 22.5445652008, 56.0243415833, 36.5706672668, 25.7631874084, 26.9686183929, 35.8180770874, 94.8104171753, 132.226135254, 71.2137985229, 27.1585254669, 15.1622371674], [-37.7368507385, 15.7819318771, 20.5290393829, 39.3994026184, 38.0219230652, 34.6498718262, 27.0518131256, 15.5658092499, 40.0443267822, 71.2137985229, 101.600959778, 52.8147468567, 18.5569839478], [31.6129951477, 18.3567314148, 5.31161022186, 27.2907371521, 29.6262016296, 27.5010223389, 25.4144611359, 21.9570350647, 19.6623344421, 27.1585254669, 52.8147468567, 78.4855499268, 42.5999794006], [8.11472129822, 22.2184772491, -9.14706516266, 15.0648336411, 20.7951545715, 23.5915279388, 26.6939525604, 18.7746524811, 15.5039701462, 15.1622371674, 18.5569839478, 42.5999794006, 70.6359405518]],
