{
"lowlevel": {
    "average_loudness": 0.942600846291,
    "barkbands_crest": {
        "dmean": 2.52577829361,
        "dmean2": 3.90584659576,
        "dvar": 6.01538896561,
        "dvar2": 14.0311813354,
        "max": 24.088394165,
        "mean": 9.89681625366,
        "median": 9.08412075043,
        "min": 2.64846897125,
        "var": 16.1827507019
    },
    "barkbands_flatness_db": {
        "dmean": 0.0291732754558,
        "dmean2": 0.0422942303121,
        "dvar": 0.000809104414657,
        "dvar2": 0.00173395150341,
        "max": 0.582969963551,
        "mean": 0.164413809776,
        "median": 0.136163428426,
        "min": 0.0381001383066,
        "var": 0.0095120081678
    },
    "barkbands_kurtosis": {
        "dmean": 3.52973079681,
        "dmean2": 5.29068851471,
        "dvar": 32.2697868347,
        "dvar2": 74.9634628296,
        "max": 118.264953613,
        "mean": 5.77346897125,
        "median": 3.47709465027,
        "min": -1.7403627634,
        "var": 61.2914581299
    },
    "barkbands_skewness": {
        "dmean": 0.571074128151,
        "dmean2": 0.832529485226,
        "dvar": 0.359343528748,
        "dvar2": 0.783618450165,
        "max": 9.94364833832,
        "mean": 1.99166512489,
        "median": 1.83006691933,
        "min": -2.88039970398,
        "var": 1.11369431019
    },
    "barkbands_spread": {
        "dmean": 4.90578317642,
        "dmean2": 7.2914891243,
        "dvar": 24.8018112183,
        "dvar2": 53.9685249329,
        "max": 68.4940567017,
        "mean": 18.6425933838,
        "median": 18.1189041138,
        "min": 0.399673730135,
        "var": 113.599349976
    },
    "dissonance": {
        "dmean": 0.017269698903,
        "dmean2": 0.0285143014044,
        "dvar": 0.000402703823056,
        "dvar2": 0.00105790398084,
        "max": 0.500000178814,
        "mean": 0.467600286007,
        "median": 0.477640211582,
        "min": 0.160336911678,
        "var": 0.00109322299249
    },
    "dynamic_complexity": 3.47262811661,
    "erbbands_crest": {
        "dmean": 1.92510843277,
        "dmean2": 3.01958012581,
        "dvar": 3.76799464226,
        "dvar2": 8.37318992615,
        "max": 26.6972007751,
        "mean": 6.9354596138,
        "median": 5.93362474442,
        "min": 2.37764573097,
        "var": 11.698018074
    },
    "erbbands_flatness_db": {
        "dmean": 0.0154151599854,
        "dmean2": 0.022146075964,
        "dvar": 0.000287666160148,
        "dvar2": 0.000574349134695,
        "max": 0.445271760225,
        "mean": 0.162657007575,
        "median": 0.140466317534,
        "min": 0.0774023085833,
        "var": 0.00381488772109
    },
    "erbbands_kurtosis": {
        "dmean": 0.609813451767,
        "dmean2": 0.91250616312,
        "dvar": 2.12335658073,
        "dvar2": 4.60668039322,
        "max": 61.3655395508,
        "mean": -0.13083447516,
        "median": -0.803078889847,
        "min": -1.8709782362,
        "var": 6.45404624939
    },
    "erbbands_skewness": {
        "dmean": 0.26867762208,
        "dmean2": 0.405981123447,
        "dvar": 0.0685229226947,
        "dvar2": 0.152650475502,
        "max": 6.35826873779,
        "mean": 0.347432345152,
        "median": 0.232673317194,
        "min": -2.36930131912,
        "var": 0.403561323881
    },
    "erbbands_spread": {
        "dmean": 7.32808446884,
        "dmean2": 10.8656587601,
        "dvar": 47.4276657104,
        "dvar2": 103.244636536,
        "max": 128.381546021,
        "mean": 47.4175376892,
        "median": 48.573184967,
        "min": 2.01555800438,
        "var": 384.529968262
    },
    "hfc": {
        "dmean": 6.58961200714,
        "dmean2": 9.93115615845,
        "dvar": 87.1135101318,
        "dvar2": 203.799026489,
        "max": 95.5004196167,
        "mean": 17.2743358612,
        "median": 14.4914360046,
        "min": 1.18997038252e-16,
        "var": 178.758270264
    },
    "melbands_crest": {
        "dmean": 3.2136785984,
        "dmean2": 4.8731970787,
        "dvar": 8.83214187622,
        "dvar2": 21.3104515076,
        "max": 35.5345726013,
        "mean": 14.613193512,
        "median": 13.8658256531,
        "min": 2.03133773804,
        "var": 26.3896083832
    },
    "melbands_flatness_db": {
        "dmean": 0.0356759242713,
        "dmean2": 0.0512229539454,
        "dvar": 0.00119413889479,
        "dvar2": 0.00260435324162,
        "max": 0.742342114449,
        "mean": 0.238939419389,
        "median": 0.205736115575,
        "min": 0.00731179164723,
        "var": 0.0147526152432
    },
    "melbands_kurtosis": {
        "dmean": 9.43492984772,
        "dmean2": 14.1540727615,
        "dvar": 240.326431274,
        "dvar2": 544.975952148,
        "max": 378.906280518,
        "mean": 19.1362075806,
        "median": 12.9784803391,
        "min": -1.73634719849,
        "var": 453.010314941
    },
    "melbands_skewness": {
        "dmean": 0.823099911213,
        "dmean2": 1.2074201107,
        "dvar": 0.807708442211,
        "dvar2": 1.73194766045,
        "max": 15.5224189758,
        "mean": 3.35725498199,
        "median": 3.04919576645,
        "min": -0.938132584095,
        "var": 2.61844825745
    },
    "melbands_spread": {
        "dmean": 5.57735347748,
        "dmean2": 8.3182926178,
        "dvar": 39.4373588562,
        "dvar2": 89.1676864624,
        "max": 117.035400391,
        "mean": 16.7206401825,
        "median": 14.6848812103,
        "min": 0.424450546503,
        "var": 135.503677368
    },
    "pitch_salience": {
        "dmean": 0.0816556364298,
        "dmean2": 0.122488647699,
        "dvar": 0.00626690825447,
        "dvar2": 0.0139680951834,
        "max": 0.998155891895,
        "mean": 0.583789110184,
        "median": 0.605635225773,
        "min": 0.0949412286282,
        "var": 0.0164836607873
    },
    "silence_rate_20dB": {
        "dmean": 0,
        "dmean2": 0,
        "dvar": 0,
        "dvar2": 0,
        "max": 1,
        "mean": 1,
        "median": 1,
        "min": 1,
        "var": 0
    },
    "silence_rate_30dB": {
        "dmean": 0.0359297133982,
        "dmean2": 0.0718688517809,
        "dvar": 0.034639492631,
        "dvar2": 0.0771979317069,
        "max": 1,
        "mean": 0.963550567627,
        "median": 1,
        "min": 0,
        "var": 0.0351228788495
    },
    "silence_rate_60dB": {
        "dmean": 0.00498295295984,
        "dmean2": 0.00996721349657,
        "dvar": 0.00495822448283,
        "dvar2": 0.0119661577046,
        "max": 1,
        "mean": 0.0702766478062,
        "median": 0,
        "min": 0,
        "var": 0.0653379634023
    },
    "spectral_centroid": {
        "dmean": 264.705291748,
        "dmean2": 394.20401001,
        "dvar": 72796.96875,
        "dvar2": 154755.25,
        "max": 10888.7900391,
        "mean": 1203.64575195,
        "median": 1196.09997559,
        "min": 130.76663208,
        "var": 355660.4375
    },
    "spectral_complexity": {
        "dmean": 5.61368989944,
        "dmean2": 8.5502948761,
        "dvar": 35.2773971558,
        "dvar2": 76.883354187,
        "max": 57,
        "mean": 21.4499797821,
        "median": 20,
        "min": 0,
        "var": 132.437240601
    },
    "spectral_decrease": {
        "dmean": 3.21569548767e-09,
        "dmean2": 4.69002348069e-09,
        "dvar": 2.58144010936e-17,
        "dvar2": 6.0431433273e-17,
        "max": 1.94798195935e-24,
        "mean": -8.74756800329e-09,
        "median": -6.58790355601e-09,
        "min": -6.97398832017e-08,
        "var": 6.18637659868e-17
    },
    "spectral_energy": {
        "dmean": 0.0125375241041,
        "dmean2": 0.0183097310364,
        "dvar": 0.000381401972845,
        "dvar2": 0.000890407420229,
        "max": 0.266958713531,
        "mean": 0.0345821529627,
        "median": 0.0263891890645,
        "min": 1.12351055452e-20,
        "var": 0.000928189605474
    },
    "spectral_energyband_high": {
        "dmean": 0.000439772993559,
        "dmean2": 0.000679977994878,
        "dvar": 4.43128726602e-07,
        "dvar2": 1.04963828562e-06,
        "max": 0.0066518234089,
        "mean": 0.000858928600792,
        "median": 0.000592553056777,
        "min": 8.40136167338e-21,
        "var": 8.4439773218e-07
    },
    "spectral_energyband_low": {
        "dmean": 0.00966274552047,
        "dmean2": 0.0142409084365,
        "dvar": 0.000372521026293,
        "dvar2": 0.000913239025977,
        "max": 0.250666826963,
        "mean": 0.0172843113542,
        "median": 0.00862447638065,
        "min": 4.64382409391e-23,
        "var": 0.000614613469224
    },
    "spectral_energyband_middle_high": {
        "dmean": 0.00175195652992,
        "dmean2": 0.00273616611958,
        "dvar": 5.81114909437e-06,
        "dvar2": 1.44073446791e-05,
        "max": 0.0286059007049,
        "mean": 0.00384364160709,
        "median": 0.00312487664632,
        "min": 1.8028474152e-21,
        "var": 1.04988876046e-05
    },
    "spectral_energyband_middle_low": {
        "dmean": 0.00662664929405,
        "dmean2": 0.0100175058469,
        "dvar": 0.000133446737891,
        "dvar2": 0.000303907552734,
        "max": 0.136396124959,
        "mean": 0.0152344005182,
        "median": 0.0121231302619,
        "min": 2.81688597738e-22,
        "var": 0.000200148264412
    },
    "spectral_entropy": {
        "dmean": 0.191027164459,
        "dmean2": 0.289950042963,
        "dvar": 0.0523477047682,
        "dvar2": 0.11844855547,
        "max": 9.79734039307,
        "mean": 7.38291120529,
        "median": 7.66954660416,
        "min": 4.06507539749,
        "var": 0.601656019688
    },
    "spectral_flux": {
        "dmean": 0.0289069097489,
        "dmean2": 0.0438982211053,
        "dvar": 0.0012570793042,
        "dvar2": 0.00253459322266,
        "max": 0.391319692135,
        "mean": 0.0902330055833,
        "median": 0.0724598914385,
        "min": 1.05995781596e-10,
        "var": 0.0041292430833
    },
    "spectral_kurtosis": {
        "dmean": 4.74960136414,
        "dmean2": 7.75428009033,
        "dvar": 201.12461853,
        "dvar2": 460.695220947,
        "max": 330.468353271,
        "mean": 10.9768981934,
        "median": 2.34558439255,
        "min": -1.1809720993,
        "var": 891.734680176
    },
    "spectral_rms": {
        "dmean": 0.000928396708332,
        "dmean2": 0.00131261080969,
        "dvar": 1.28198746552e-06,
        "dvar2": 2.70841724159e-06,
        "max": 0.0161383859813,
        "mean": 0.0052792923525,
        "median": 0.00507400743663,
        "min": 3.31075206313e-12,
        "var": 5.86763462707e-06
    },
    "spectral_rolloff": {
        "dmean": 405.243133545,
        "dmean2": 635.520019531,
        "dvar": 311535.25,
        "dvar2": 678230.375,
        "max": 17958.6914062,
        "mean": 942.725830078,
        "median": 667.529296875,
        "min": 64.599609375,
        "var": 788415.9375
    },
    "spectral_skewness": {
        "dmean": 0.363588511944,
        "dmean2": 0.596505701542,
        "dvar": 0.472201377153,
        "dvar2": 1.15146136284,
        "max": 14.8936090469,
        "mean": 1.69119083881,
        "median": 1.07018744946,
        "min": -0.00270780874416,
        "var": 3.47486615181
    },
    "spectral_spread": {
        "dmean": 352602,
        "dmean2": 536580.625,
        "dvar": 246397485056,
        "dvar2": 329635627008,
        "max": 41113412,
        "mean": 3794458,
        "median": 4106882,
        "min": 344475.1875,
        "var": 1.55476282573e+12
    },
    "spectral_strongpeak": {
        "dmean": 0.286075741053,
        "dmean2": 0.47750928998,
        "dvar": 0.158626228571,
        "dvar2": 0.393294304609,
        "max": 6.41815185547,
        "mean": 0.521979093552,
        "median": 0.392099320889,
        "min": 0,
        "var": 0.235822692513
    },
    "zerocrossingrate": {
        "dmean": 0.00830334238708,
        "dmean2": 0.00969467218965,
        "dvar": 7.06707724021e-05,
        "dvar2": 0.000104766753793,
        "max": 0.505859375,
        "mean": 0.044899597764,
        "median": 0.04345703125,
        "min": 0.00146484375,
        "var": 0.000597244536038
    },
    "barkbands": {
        "dmean": [0.000197382018087, 0.00572465499863, 0.00571142137051, 0.00301757082343, 0.00346392067149, 0.00132071482949, 0.000621848157607, 0.000525887939148, 0.000661663594656, 0.000402756937547, 0.000470911560114, 0.000289254472591, 0.000305423338432, 0.000177843860001, 0.000170069397427, 0.0001289806969, 0.000152039065142, 0.000154080655193, 0.000202833136427, 0.000185711498489, 0.000225701922318, 9.98360628728e-05, 5.42886773474e-05, 3.02007829305e-05, 8.98020789464e-06, 3.4708145904e-06, 3.48138314621e-07],
        "dmean2": [0.000319468643283, 0.00830476731062, 0.00921751186252, 0.0048198569566, 0.00553925847635, 0.00200421502814, 0.000955510535277, 0.000872416654602, 0.00104359223042, 0.00064192013815, 0.000743086391594, 0.000488069024868, 0.000503834220581, 0.00029443600215, 0.000270883203484, 0.00021561421454, 0.000242154841544, 0.000257212086581, 0.00033416892984, 0.000298227736494, 0.000366755062714, 0.000158807830303, 8.31474753795e-05, 4.84790216433e-05, 1.37767920023e-05, 5.01829663335e-06, 5.70971167235e-07],
        "dvar": [2.7901828048e-07, 0.000160779469297, 0.000233713522903, 3.77718424716e-05, 5.59070431336e-05, 3.92706851926e-06, 9.06213358576e-07, 1.58982470566e-06, 1.13317139494e-06, 4.89509375257e-07, 8.30915780625e-07, 2.04311547236e-07, 2.27972421385e-07, 6.58995986669e-08, 4.85291700159e-08, 4.01240605186e-08, 3.99900201842e-08, 4.85329394451e-08, 9.97697071625e-08, 5.99104339472e-08, 1.22975023942e-07, 2.59341046416e-08, 8.1242337302e-09, 4.6446189117e-09, 2.25963261991e-10, 3.20076951055e-11, 4.30681369474e-13],
        "dvar2": [7.11301993306e-07, 0.000354998919647, 0.000609787297435, 0.0001015746966, 0.000147950326209, 9.48373599385e-06, 2.18058630708e-06, 4.33113928011e-06, 2.73573982668e-06, 1.10739199499e-06, 1.99753321795e-06, 5.1057327255e-07, 5.89673106788e-07, 1.72406743104e-07, 1.17528628607e-07, 1.08167284907e-07, 9.52338510274e-08, 1.28136349531e-07, 2.52559686942e-07, 1.47299047626e-07, 3.11977316869e-07, 6.02435648034e-08, 1.81842629843e-08, 1.21955672228e-08, 5.30457566761e-10, 6.25788448838e-11, 1.11005996062e-12],
        "max": [0.0276135504246, 0.136950999498, 0.188658088446, 0.0584113895893, 0.100557856262, 0.0429129004478, 0.0129323732108, 0.0157398059964, 0.0137649094686, 0.0121825039387, 0.0278519075364, 0.00646781176329, 0.0123413223773, 0.00337409134954, 0.00291274487972, 0.00236976053566, 0.00308299902827, 0.00236073345877, 0.00364241446368, 0.00274083181284, 0.0031235893257, 0.00188976072241, 0.00107079267036, 0.00125188101083, 0.000143494980875, 4.77406501886e-05, 7.64983178669e-06],
        "mean": [0.000323390180711, 0.007692463696, 0.00673935655504, 0.00453297747299, 0.00533649045974, 0.00243092211895, 0.00104739679955, 0.000669055094477, 0.00100191612728, 0.000627308676485, 0.000733256223612, 0.000360429869033, 0.000466485042125, 0.000258936692262, 0.000275129830698, 0.000188702571904, 0.000257389125181, 0.000233903730987, 0.000331927003572, 0.000353297393303, 0.000374239869416, 0.000180879273103, 9.79022879619e-05, 4.6764020226e-05, 1.49872603288e-05, 6.25089205641e-06, 4.23443253794e-07],
        "median": [8.4611820057e-05, 0.00247314875014, 0.00272036576644, 0.00233226129785, 0.00325407157652, 0.00144407828338, 0.000570442993194, 0.000299097271636, 0.000523331167642, 0.000277200771961, 0.000363289756933, 0.000160990923177, 0.000291459698929, 0.00017225749616, 0.000191792234546, 0.000131063134177, 0.000179103866685, 0.000159372575581, 0.000229684213991, 0.000245471223025, 0.000253612059169, 0.000114803573524, 5.68034593016e-05, 2.47418774961e-05, 7.41279063732e-06, 2.26231827583e-06, 7.28148705775e-08],
        "min": [1.04209164557e-23, 2.54173334468e-23, 1.1763389689e-23, 6.32032280706e-24, 5.32546933578e-23, 2.80707538762e-23, 4.02754828427e-23, 9.37629343437e-24, 1.01753154991e-22, 7.57036678583e-23, 8.26665391719e-23, 2.16655961785e-23, 1.12488964999e-22, 1.61692024571e-22, 1.09609079959e-22, 2.60903791581e-22, 3.29247923619e-22, 1.63109942095e-22, 3.11307080933e-22, 4.21665692348e-22, 4.86729854338e-22, 7.31171721792e-22, 6.71509755012e-22, 6.61117389799e-22, 1.48470670361e-21, 1.86405918443e-21, 2.43434346928e-21],
        "var": [7.21508058632e-07, 0.000221003458137, 0.000197967368877, 4.05812643294e-05, 5.43745445611e-05, 8.71103202371e-06, 1.6917698531e-06, 1.52598431669e-06, 1.7621898678e-06, 1.02713056549e-06, 1.60336230692e-06, 2.88756524469e-07, 3.40256605114e-07, 8.21899632797e-08, 8.07181379514e-08, 4.64171883152e-08, 7.02154991927e-08, 6.40268069674e-08, 1.37668067168e-07, 1.31272614112e-07, 1.82815909966e-07, 4.73827590497e-08, 1.51773615897e-08, 5.07076824974e-09, 3.96911309375e-10, 8.41421307629e-11, 6.45987441057e-13]
    },
    "erbbands": {
        "dmean": [0.111128695309, 1.4983433485, 5.63249111176, 8.75329399109, 10.4850120544, 11.5729875565, 9.91781997681, 10.7013616562, 7.35741710663, 12.78266716, 11.7961883545, 16.6101493835, 12.1545648575, 12.3999996185, 16.9736480713, 10.9870967865, 14.5591716766, 9.37118530273, 6.27380228043, 11.2600135803, 6.69367074966, 7.94138813019, 8.25175666809, 10.0422792435, 8.98857402802, 9.74688625336, 8.44240283966, 8.45732593536, 4.01518821716, 2.46439027786, 1.29811179638, 0.76675349474, 0.432718932629, 0.138827413321, 0.0522632226348, 0.0184882506728, 0.00581114087254, 0.00117411639076, 4.96071443195e-05, 1.47878736243e-05],
        "dmean2": [0.165233075619, 2.16932368279, 8.90645503998, 13.7550125122, 16.5482749939, 18.6536254883, 15.1005563736, 16.8052310944, 11.9724063873, 19.5042953491, 19.375749588, 26.1914730072, 19.2442111969, 19.8075370789, 27.2555828094, 18.2488536835, 23.9094772339, 15.5376033783, 10.1944284439, 17.9647293091, 11.0516557693, 12.7424516678, 13.6451120377, 16.7051677704, 14.4457807541, 15.8671569824, 13.6798782349, 13.7146892548, 6.37292575836, 3.82266449928, 2.0135281086, 1.22345650196, 0.710899412632, 0.216403260827, 0.0804046243429, 0.0274406205863, 0.00856604240835, 0.00177771481685, 7.98813271103e-05, 2.16974494833e-05],
        "dvar": [0.0491396225989, 11.181014061, 198.79284668, 372.127410889, 488.830474854, 589.567138672, 245.693008423, 282.795776367, 166.607192993, 565.27947998, 732.526428223, 745.040161133, 476.570922852, 440.411499023, 859.308654785, 273.316162109, 533.13848877, 183.682006836, 95.2422561646, 224.5574646, 96.5357131958, 112.979759216, 150.07244873, 328.977630615, 143.479553223, 175.25579834, 159.533279419, 176.659423828, 40.1774368286, 17.8792076111, 4.59854078293, 1.5022841692, 1.83175289631, 0.0682276263833, 0.00725023401901, 0.000817587366328, 0.00010036394815, 4.34135927208e-06, 1.08401021492e-08, 4.7986281615e-10],
        "dvar2": [0.118310764432, 24.2415676117, 511.047729492, 943.240356445, 1232.0012207, 1586.11560059, 612.172302246, 719.741882324, 457.33291626, 1356.4375, 1960.1072998, 1802.44958496, 1072.75854492, 1038.06311035, 2097.01000977, 664.22869873, 1370.9041748, 480.906280518, 247.952636719, 539.037597656, 255.063796997, 275.996124268, 393.278991699, 876.078613281, 340.0519104, 441.256347656, 396.142120361, 440.96206665, 97.8341217041, 41.1671295166, 10.4507722855, 3.59945297241, 4.95011425018, 0.17009717226, 0.0161168854684, 0.00181478867307, 0.000188278761925, 8.90772844286e-06, 2.74954707891e-08, 1.11007047998e-09],
        "max": [2.41913819313, 35.3997688293, 181.847625732, 222.813751221, 295.946289062, 318.215362549, 295.745178223, 298.06262207, 208.510696411, 445.833221436, 310.905914307, 414.649200439, 450.780883789, 371.461791992, 849.210388184, 296.236328125, 608.471069336, 169.693572998, 156.72102356, 222.360870361, 138.171875, 132.353515625, 127.536651611, 256.184112549, 115.5936203, 153.984451294, 117.173141479, 118.947952271, 76.2679748535, 47.4656028748, 25.8772602081, 12.1891059875, 26.8497314453, 3.91694259644, 1.03568172455, 0.253924548626, 0.0825919285417, 0.017236020416, 0.00137369439472, 0.000291590287816],
        "mean": [0.17600017786, 1.92608010769, 7.16261148453, 12.7307138443, 16.2803115845, 17.846206665, 18.5013275146, 18.7109184265, 12.0578260422, 19.6582984924, 16.600353241, 25.1563167572, 19.5142440796, 20.9060459137, 26.7404270172, 16.2014408112, 22.5536060333, 13.7111597061, 10.0467376709, 17.6205806732, 11.1205015182, 13.7125682831, 13.1891784668, 15.9192399979, 16.4867668152, 18.0574569702, 14.2820205688, 13.8362674713, 7.34241294861, 4.36817359924, 2.31702303886, 1.24573886395, 0.616504132748, 0.216718375683, 0.0901002809405, 0.0322723090649, 0.0104251177981, 0.00190980208572, 7.72814528318e-05, 4.172887202e-05],
        "median": [0.0689086616039, 0.532175481319, 2.90272784233, 6.7881026268, 9.00630092621, 10.9167900085, 11.4112348557, 11.1003770828, 8.00477790833, 7.79661655426, 8.45721721649, 13.1422271729, 9.71068191528, 11.6356372833, 14.9726257324, 8.99348926544, 13.7451028824, 8.660572052, 6.76700401306, 11.3868026733, 8.04662418365, 9.59833240509, 9.18242931366, 11.2221422195, 11.4260005951, 12.5412759781, 9.22235393524, 9.32996940613, 4.80204582214, 2.5491900444, 1.36313617229, 0.683843433857, 0.308059900999, 0.119723655283, 0.038422178477, 0.0139848710969, 0.00340932747349, 0.000426274200436, 3.27047673636e-05, 3.28754867951e-05],
        "min": [6.73333046067e-22, 5.89872390283e-21, 1.32224150448e-20, 2.2046772165e-20, 4.12587640589e-20, 3.12925656903e-19, 1.44378133292e-19, 2.46779254491e-19, 5.68931464893e-19, 3.99832715877e-19, 4.6825613972e-19, 2.80855714628e-18, 2.58507755339e-18, 2.22257785085e-18, 2.79165453764e-18, 1.49671062992e-18, 5.33726378849e-18, 3.69960251277e-18, 1.13179930298e-17, 7.10523248047e-18, 1.51281110084e-17, 1.86807806017e-17, 1.15914713481e-17, 9.06543629244e-18, 1.95471579948e-17, 2.04586134225e-17, 1.85455299541e-17, 1.8972596687e-17, 2.72189719717e-17, 2.53311588711e-17, 1.71989494001e-17, 1.4207937097e-17, 1.22250743265e-17, 1.63147727346e-17, 1.07483749533e-17, 9.09728853629e-18, 2.83693916066e-18, 1.14859425406e-18, 3.88936834354e-19, 3.33093515772e-20],
        "var": [0.0745120495558, 15.6468486786, 192.261581421, 375.384399414, 535.484375, 575.513061523, 468.929016113, 538.413085938, 225.896087646, 914.589111328, 767.670166016, 1145.78515625, 937.954101562, 850.301391602, 1592.75427246, 439.899383545, 806.361633301, 231.807998657, 124.83203125, 373.26763916, 132.121307373, 196.023452759, 196.453796387, 360.032745361, 282.635498047, 347.849182129, 259.408874512, 263.397216797, 72.8857803345, 30.3416023254, 8.66812801361, 2.52557277679, 1.57752251625, 0.0885155647993, 0.015711966902, 0.00196175649762, 0.00025663888664, 1.00994075183e-05, 1.54094319527e-08, 1.20985643726e-09]
    },
    "gfcc": {
        "mean": [-25.0967712402, 127.087692261, -117.780250549, 50.7780075073, -55.9222831726, 6.40089559555, -22.5096912384, -3.88774514198, -23.8199081421, -4.54221916199, -14.2621603012, -4.13347053528, -7.84665346146],
        "cov": [[20315.484375, -5340.62646484, -2553.80175781, 1451.0246582, -2055.24829102, 1071.08288574, -1048.32983398, 594.950012207, -514.819824219, 538.002319336, -458.335784912, 408.367584229, -316.617919922], [-5340.62646484, 2373.28369141, 536.08972168, -457.429473877, 719.004333496, -440.249572754, 472.967834473, -270.361206055, 281.966064453, -298.207733154, 226.926055908, -218.735275269, 186.1927948], [-2553.80175781, 536.08972168, 847.441162109, -138.909973145, 308.793273926, -87.4152145386, 72.9578323364, -39.1879425049, 10.3387727737, 7.59558868408, 36.5761833191, -2.8637239933, -4.85023784637], [1451.0246582, -457.429473877, -138.909973145, 333.919647217, -137.595199585, 121.714080811, -56.675945282, 32.5552062988, -18.5840206146, 33.4648513794, -4.03979158401, 28.8121318817, 0.943217873573], [-2055.24829102, 719.004333496, 308.793273926, -137.595199585, 347.811950684, -107.017837524, 157.840118408, -68.5487670898, 70.1261901855, -72.5706329346, 59.9579277039, -54.5958480835, 44.7504196167], [1071.08288574, -440.249572754, -87.4152145386, 121.714080811, -107.017837524, 212.277130127, -40.1617546082, 83.0210418701, -30.6440868378, 42.1934967041, -26.3765201569, 30.4832115173, -19.3250980377], [-1048.32983398, 472.967834473, 72.9578323364, -56.675945282, 157.840118408, -40.1617546082, 190.380447388, -20.6063022614, 77.5354537964, -69.5826416016, 42.7838516235, -47.3164863586, 48.4699134827], [594.950012207, -270.361206055, -39.1879425049, 32.5552062988, -68.5487670898, 83.0210418701, -20.6063022614, 122.979286194, 2.83286714554, 53.5316352844, -23.690782547, 16.7800827026, -15.5681228638], [-514.819824219, 281.966064453, 10.3387727737, -18.5840206146, 70.1261901855, -30.6440868378, 77.5354537964, 2.83286714554, 121.309341431, -11.3614263535, 47.1194267273, -38.7216758728, 22.2961883545], [538.002319336, -298.207733154, 7.59558868408, 33.4648513794, -72.5706329346, 42.1934967041, -69.5826416016, 53.5316352844, -11.3614263535, 117.711883545, -2.70614004135, 50.3370895386, -37.7714996338], [-458.335784912, 226.926055908, 36.5761833191, -4.03979158401, 59.9579277039, -26.3765201569, 42.7838516235, -23.690782547, 47.1194267273, -2.70614004135, 97.2576065063, 2.03341150284, 35.3563575745], [408.367584229, -218.735275269, -2.8637239933, 28.8121318817, -54.5958480835, 30.4832115173, -47.3164863586, 16.7800827026, -38.7216758728, 50.3370895386, 2.03341150284, 90.9049758911, 1.93654358387], [-316.617919922, 186.1927948, -4.85023784637, 0.943217873573, 44.7504196167, -19.3250980377, 48.4699134827, -15.5681228638, 22.2961883545, -37.7714996338, 35.3563575745, 1.93654358387, 82.4895553589]],
        "icov": [[0.000235209066886, -0.000275391590549, 0.000458606198663, -0.000620843318757, 0.000551081669983, -0.000401372613851, 0.000444004661404, -0.000451283151051, 0.000409350934206, -0.00034698806121, 0.000468771148007, -0.000379675475415, 0.000357876444468], [-0.000275391590549, 0.00904667843133, -0.00207035150379, 0.0053131938912, -0.00522834714502, 0.00571062928066, -0.00591147644445, 0.00591113884002, -0.00682521890849, 0.00636638468131, -0.00737452367321, 0.00587425986305, -0.00511319702491], [0.000458606198663, -0.00207035150379, 0.0032268918585, -0.00197685626335, -0.000594874378294, -0.00154725101311, 0.00219284091145, -0.00208247476257, 0.00265594688244, -0.00265702465549, 0.0020729652606, -0.00211586477235, 0.00215110904537], [-0.000620843318757, 0.0053131938912, -0.00197685626335, 0.00841748248786, -0.00253894738853, 0.00139507511631, -0.00370061257854, 0.00523840123788, -0.00491067301482, 0.0035836729221, -0.0053296899423, 0.00409791572019, -0.00456450833008], [0.000551081669983, -0.00522834714502, -0.000594874378294, -0.00253894738853, 0.0126575268805, -0.00324857025407, -0.000472125946544, -0.00190483685583, 0.00362686766312, -0.00333505542949, 0.00332689075731, -0.00220516277477, 0.00231909705326], [-0.000401372613851, 0.00571062928066, -0.00154725101311, 0.00139507511631, -0.00324857025407, 0.0123924659565, -0.00491423625499, -0.00107649562415, -0.00266949902289, 0.00484303990379, -0.00518446136266, 0.00292902882211, -0.00209488417022], [0.000444004661404, -0.00591147644445, 0.00219284091145, -0.00370061257854, -0.000472125946544, -0.00491423625499, 0.0169128980488, -0.00620970828459, -7.4182440585e-05, 0.000633228512015, 0.00442667817697, -0.0041809338145, 0.00172454910353], [-0.000451283151051, 0.00591113884002, -0.00208247476257, 0.00523840123788, -0.00190483685583, -0.00107649562415, -0.00620970828459, 0.0195130370557, -0.00737676443532, -0.00262977695093, -0.000955451803748, 0.0053723398596, -0.00607122201473], [0.000409350934206, -0.00682521890849, 0.00265594688244, -0.00491067301482, 0.00362686766312, -0.00266949902289, -7.4182440585e-05, -0.00737676443532, 0.0214523244649, -0.00916259456426, 8.56878032209e-05, 0.00191674788948, 0.00317201111466], [-0.00034698806121, 0.00636638468131, -0.00265702465549, 0.0035836729221, -0.00333505542949, 0.00484303990379, 0.000633228512015, -0.00262977695093, -0.00916259456426, 0.0257096346468, -0.00927189085633, -0.00518203759566, 0.00452102161944], [0.000468771148007, -0.00737452367321, 0.0020729652606, -0.0053296899423, 0.00332689075731, -0.00518446136266, 0.00442667817697, -0.000955451803748, 8.56878032209e-05, -0.00927189085633, 0.0233813058585, -0.00720358453691, -0.00129435549024], [-0.000379675475415, 0.00587425986305, -0.00211586477235, 0.00409791572019, -0.00220516277477, 0.00292902882211, -0.0041809338145, 0.0053723398596, 0.00191674788948, -0.00518203759566, -0.00720358453691, 0.0240588076413, -0.00990283023566], [0.000357876444468, -0.00511319702491, 0.00215110904537, -0.00456450833008, 0.00231909705326, -0.00209488417022, 0.00172454910353, -0.00607122201473, 0.00317201111466, 0.00452102161944, -0.00129435549024, -0.00990283023566, 0.0233084242791]]
    },
    "melbands": {
        "dmean": [0.00130890973378, 0.00244704424404, 0.00142055656761, 0.000863880559336, 0.00034425657941, 0.000239362139837, 0.000114275870146, 0.000133115885546, 0.00010360620945, 9.69567408902e-05, 6.14424934611e-05, 5.04637282575e-05, 6.82566897012e-05, 3.60678131983e-05, 3.09740862576e-05, 2.59026219283e-05, 1.70699222508e-05, 1.09353713924e-05, 1.22705741887e-05, 1.22811898109e-05, 8.27116855362e-06, 8.91384661372e-06, 7.78665889811e-06, 9.06563036551e-06, 8.4566163423e-06, 8.09258472145e-06, 6.63076707497e-06, 6.23616369921e-06, 5.17053467775e-06, 5.7556721913e-06, 4.7594589887e-06, 2.44173588726e-06, 1.77016715952e-06, 1.39315420711e-06, 8.11243126009e-07, 5.85729594604e-07, 4.27996269536e-07, 3.45822371628e-07, 1.98837582843e-07, 9.53806420512e-08],
        "dmean2": [0.00190434744582, 0.00370879308321, 0.00214775279164, 0.00138780276757, 0.000525825191289, 0.000369929417502, 0.000184267744771, 0.000206539101782, 0.000168868165929, 0.000153413042426, 9.74354916252e-05, 8.09451958048e-05, 0.000107890657091, 6.11425639363e-05, 5.06753131049e-05, 4.32048000221e-05, 2.83074732579e-05, 1.78949831025e-05, 1.96390265046e-05, 1.9897472157e-05, 1.38234172482e-05, 1.43239640238e-05, 1.26898539747e-05, 1.51347912833e-05, 1.42799208334e-05, 1.32814211611e-05, 1.05547633211e-05, 1.02549674921e-05, 8.37906827655e-06, 9.59217049967e-06, 7.70408496464e-06, 3.92961646867e-06, 2.90191928798e-06, 2.18590071199e-06, 1.28164867874e-06, 9.46371187638e-07, 6.80858988744e-07, 5.74066859826e-07, 3.31571783363e-07, 1.47864525957e-07],
        "dvar": [7.90316335042e-06, 3.06163346977e-05, 8.26841278467e-06, 3.80928440791e-06, 2.90470154596e-07, 1.3563517598e-07, 3.63488901201e-08, 6.74634605957e-08, 4.90414784338e-08, 2.44836915186e-08, 1.22597620944e-08, 7.40768424379e-09, 1.71057976672e-08, 3.49986928327e-09, 2.18621454273e-09, 1.49616874445e-09, 6.12756123619e-10, 2.99942987114e-10, 2.58303017864e-10, 2.90723861651e-10, 1.49080844891e-10, 1.47488132818e-10, 1.35750855002e-10, 1.83190282388e-10, 2.73703004705e-10, 1.24898605347e-10, 7.54784360013e-11, 7.08592698406e-11, 5.59283938606e-11, 7.82211101447e-11, 5.46879694308e-11, 1.56830364667e-11, 8.6121431167e-12, 5.65023115101e-12, 1.8669081038e-12, 9.2043267539e-13, 4.67983399428e-13, 1.47774435917e-12, 2.49410708015e-13, 2.50389088668e-14],
        "dvar2": [1.74303277163e-05, 7.57341404096e-05, 1.98261059268e-05, 9.93754929368e-06, 7.47262618006e-07, 3.38010238465e-07, 9.84956116667e-08, 1.70730885429e-07, 1.29887141043e-07, 5.9720740353e-08, 2.76712839309e-08, 1.73962035888e-08, 4.13035152746e-08, 8.78691075457e-09, 5.63297097855e-09, 3.89046261873e-09, 1.61585800296e-09, 7.89535326007e-10, 6.34108987541e-10, 7.32961358274e-10, 3.96196547792e-10, 3.63958946314e-10, 3.31592087122e-10, 4.87148876793e-10, 7.36886274222e-10, 3.09731740256e-10, 1.80983616982e-10, 1.81460499404e-10, 1.37047664883e-10, 2.04239111734e-10, 1.35430666681e-10, 3.89827545244e-11, 2.08067122559e-11, 1.28667632104e-11, 4.40076100561e-12, 2.15754736126e-12, 1.13680755347e-12, 4.01453870147e-12, 6.7177589446e-13, 5.57508886604e-14],
        "max": [0.0319380164146, 0.0716725960374, 0.0336510948837, 0.0274869445711, 0.00840319041163, 0.00645651621744, 0.00289175077341, 0.00484275491908, 0.00259428820573, 0.00235003768466, 0.00224633188918, 0.00164687959477, 0.0038947686553, 0.000876694160979, 0.00115163158625, 0.000797228480224, 0.000292092619929, 0.000271700439043, 0.000198573208763, 0.00021579436725, 0.000161546020536, 0.000138536575832, 0.00019292270008, 0.000150953099364, 0.000242949419771, 0.000131480410346, 8.97468198673e-05, 9.71440094872e-05, 7.41855837987e-05, 8.80681473063e-05, 6.72796959407e-05, 4.84828888148e-05, 3.49294314219e-05, 2.78235947917e-05, 1.64258417499e-05, 1.03167167254e-05, 8.46961665957e-06, 2.47329389822e-05, 9.9975241028e-06, 1.69559893948e-06],
        "mean": [0.00188152224291, 0.00341517385095, 0.00230705761351, 0.00129607436247, 0.000668302876875, 0.000430131010944, 0.000189330865396, 0.000198988578632, 0.000146834368934, 0.000146429723827, 9.50883841142e-05, 8.27827097964e-05, 0.00010746577027, 4.4421711209e-05, 4.86099270347e-05, 3.93365808122e-05, 2.412597496e-05, 1.6079073248e-05, 1.9369625079e-05, 1.89026668522e-05, 1.25446840684e-05, 1.46035308717e-05, 1.20355516628e-05, 1.29937425299e-05, 1.25569667944e-05, 1.29989493871e-05, 1.23115050883e-05, 1.1193012142e-05, 8.42351073516e-06, 8.91980562301e-06, 7.63409570936e-06, 4.36089658251e-06, 2.81533107227e-06, 2.38084658122e-06, 1.4047723198e-06, 9.2161116072e-07, 6.76221418416e-07, 4.68773549755e-07, 2.71411778385e-07, 1.53217655452e-07],
        "median": [0.000651030626614, 0.00128513679374, 0.00132067501545, 0.000760625582188, 0.0004465294478, 0.000257105071796, 0.000124471087474, 8.05073286756e-05, 7.26294965716e-05, 7.73538049543e-05, 4.36118425569e-05, 4.33822533523e-05, 5.44395807083e-05, 1.90395858226e-05, 3.11025214614e-05, 2.59738735622e-05, 1.48056342368e-05, 1.02771709862e-05, 1.35383497764e-05, 1.26700842884e-05, 8.37739025883e-06, 9.62211652222e-06, 7.48671482143e-06, 8.33938793221e-06, 8.44330497785e-06, 8.95902394404e-06, 8.11797508504e-06, 7.66621633375e-06, 5.2593595683e-06, 5.84328608966e-06, 4.78043011753e-06, 2.73796149486e-06, 1.68667747857e-06, 1.28720034809e-06, 7.93747346961e-07, 4.94712651289e-07, 3.55000508989e-07, 2.20356227487e-07, 1.42119262136e-07, 7.77157964649e-08],
        "min": [7.18045098418e-24, 7.62903200476e-24, 3.43934913865e-24, 1.26671379299e-23, 7.36963323988e-24, 6.40415860533e-24, 8.27724768805e-24, 3.57248953236e-24, 4.82239151616e-24, 1.79100991992e-23, 1.22624499189e-23, 8.1644003467e-24, 1.13253241843e-23, 2.38318902658e-24, 8.78267008117e-24, 9.66843308227e-24, 6.09968906149e-24, 2.17049398273e-23, 7.49313888093e-24, 1.21823079618e-23, 1.94098989071e-23, 1.92821065959e-23, 1.3705013035e-23, 9.45259048341e-24, 5.97773313769e-24, 1.45232116773e-23, 1.35417330272e-23, 1.38607862425e-23, 1.17983733036e-23, 1.17660576166e-23, 9.41189157158e-24, 1.32012543496e-23, 1.79077405051e-23, 1.31513817743e-23, 1.00068970091e-23, 9.09848107824e-24, 8.73544413422e-24, 7.53504396107e-24, 1.11665659271e-23, 1.45310781983e-23],
        "var": [1.13741571113e-05, 3.80731580663e-05, 9.86068062048e-06, 3.63450408258e-06, 5.13626332577e-07, 2.78677418919e-07, 5.17910265785e-08, 9.30227841422e-08, 5.35453210659e-08, 3.73958179978e-08, 2.40908857307e-08, 1.44628780063e-08, 3.30667475623e-08, 4.73209693652e-09, 3.41852124386e-09, 2.04667505166e-09, 7.64644125795e-10, 3.75829395383e-10, 4.07739730868e-10, 4.26215007732e-10, 1.98271524199e-10, 2.44561620955e-10, 2.0822997493e-10, 2.25381616148e-10, 2.7533761382e-10, 1.94086122174e-10, 1.70293293356e-10, 1.38167088881e-10, 9.43597838754e-11, 1.10284316401e-10, 8.42271183354e-11, 2.74549254858e-11, 1.31454231181e-11, 9.79482207147e-12, 3.40247513324e-12, 1.52294322986e-12, 7.65553419269e-13, 1.22018595314e-12, 2.24081156733e-13, 4.28637363776e-14]
    },
    "mfcc": {
        "mean": [-652.405578613, 132.438293457, 5.41748046875, 42.5015029907, -5.48897266388, 14.5769605637, 3.64527368546, 4.43574142456, -2.17001366615, -0.583071053028, -4.7108039856, -1.62360489368, -3.82933831215],
        "cov": [[14126.9873047, -1652.66577148, -2042.58496094, 61.7016181946, -947.615234375, 52.1901130676, -318.143554688, -92.2581634521, -176.156402588, 20.6402206421, -66.0654067993, 79.5169219971, -73.8926849365], [-1652.66577148, 1385.16296387, -16.8198261261, -9.17922210693, 67.8825302124, -44.2464294434, 65.6506195068, 40.5056343079, 46.6314086914, 12.9026136398, 6.00402545929, -31.3697109222, 8.26519870758], [-2042.58496094, -16.8198261261, 767.196899414, 5.80085754395, 230.11529541, 13.4897165298, 60.1414604187, 2.65311479568, 14.2098560333, -14.0987329483, 20.6232051849, 18.635219574, 34.1456451416], [61.7016181946, -9.17922210693, 5.80085754395, 183.022567749, 21.2720012665, 38.177406311, 3.07387733459, 2.2172961235, -0.488677203655, -1.82102656364, -5.62390851974, 3.58545732498, 7.66070985794], [-947.615234375, 67.8825302124, 230.11529541, 21.2720012665, 172.335479736, 24.0004291534, 40.7305183411, 3.21392273903, 7.63844585419, 0.382941454649, 8.24371623993, 10.4636592865, 9.54422855377], [52.1901130676, -44.2464294434, 13.4897165298, 38.177406311, 24.0004291534, 95.7899017334, 27.5293941498, 27.437078476, 4.47784376144, -0.191707253456, 4.67902612686, 1.13102078438, 3.45465636253], [-318.143554688, 65.6506195068, 60.1414604187, 3.07387733459, 40.7305183411, 27.5293941498, 91.5761032104, 38.9179763794, 24.5507736206, 3.74322485924, -5.82192516327, 2.83771514893, -2.9062974453], [-92.2581634521, 40.5056343079, 2.65311479568, 2.2172961235, 3.21392273903, 27.437078476, 38.9179763794, 84.2747039795, 42.254322052, 22.4683551788, 1.68773627281, -4.59335374832, -8.79767799377], [-176.156402588, 46.6314086914, 14.2098560333, -0.488677203655, 7.63844585419, 4.47784376144, 24.5507736206, 42.254322052, 73.6934585571, 38.9316711426, 8.69954395294, -4.8187584877, -9.71450138092], [20.6402206421, 12.9026136398, -14.0987329483, -1.82102656364, 0.382941454649, -0.191707253456, 3.74322485924, 22.4683551788, 38.9316711426, 72.1890640259, 28.7834529877, 10.5960435867, -8.15076637268], [-66.0654067993, 6.00402545929, 20.6232051849, -5.62390851974, 8.24371623993, 4.67902612686, -5.82192516327, 1.68773627281, 8.69954395294, 28.7834529877, 65.1516876221, 32.0031776428, 13.3620061874], [79.5169219971, -31.3697109222, 18.635219574, 3.58545732498, 10.4636592865, 1.13102078438, 2.83771514893, -4.59335374832, -4.8187584877, 10.5960435867, 32.0031776428, 63.705242157, 26.6360454559], [-73.8926849365, 8.26519870758, 34.1456451416, 7.66070985794, 9.54422855377, 3.45465636253, -2.9062974453, -8.79767799377, -9.71450138092, -8.15076637268, 13.3620061874, 26.6360454559, 64.3324813843]],
