{
"lowlevel": {
    "average_loudness": 0.352420330048,
    "barkbands_crest": {
        "dmean": 2.39587044716,
        "dmean2": 3.87030339241,
        "dvar": 4.49848842621,
        "dvar2": 11.1528730392,
        "max": 26.5102062225,
        "mean": 11.6397914886,
        "median": 10.8695926666,
        "min": 3.25868058205,
        "var": 17.8122787476
    },
    "barkbands_flatness_db": {
        "dmean": 0.0256543979049,
        "dmean2": 0.0383200645447,
        "dvar": 0.000649789930321,
        "dvar2": 0.00139767501969,
        "max": 0.53854238987,
        "mean": 0.274446099997,
        "median": 0.279146194458,
        "min": 0.021832274273,
        "var": 0.0062919408083
    },
    "barkbands_kurtosis": {
        "dmean": 4.43737745285,
        "dmean2": 7.10400819778,
        "dvar": 91.4257507324,
        "dvar2": 227.575836182,
        "max": 438.340637207,
        "mean": 8.39452075958,
        "median": 3.97432374954,
        "min": -1.80803537369,
        "var": 249.167037964
    },
    "barkbands_skewness": {
        "dmean": 0.602222502232,
        "dmean2": 0.952299296856,
        "dvar": 0.388087183237,
        "dvar2": 0.951804757118,
        "max": 17.1572875977,
        "mean": 1.70087563992,
        "median": 1.58451485634,
        "min": -2.18235373497,
        "var": 2.22378206253
    },
    "barkbands_spread": {
        "dmean": 2.36512231827,
        "dmean2": 3.80978655815,
        "dvar": 10.0131511688,
        "dvar2": 26.6673965454,
        "max": 82.1119537354,
        "mean": 8.54308223724,
        "median": 6.32574129105,
        "min": 0.117258951068,
        "var": 53.7505760193
    },
    "dissonance": {
        "dmean": 0.0395433083177,
        "dmean2": 0.0669867917895,
        "dvar": 0.00128116342239,
        "dvar2": 0.00353188649751,
        "max": 0.500000119209,
        "mean": 0.41316023469,
        "median": 0.423307418823,
        "min": 0.163324788213,
        "var": 0.00337639078498
    },
    "dynamic_complexity": 4.35011196136,
    "erbbands_crest": {
        "dmean": 3.15662479401,
        "dmean2": 5.12959718704,
        "dvar": 8.53256511688,
        "dvar2": 21.6013431549,
        "max": 30.3714790344,
        "mean": 12.9106321335,
        "median": 12.1103982925,
        "min": 2.75999832153,
        "var": 27.6401176453
    },
    "erbbands_flatness_db": {
        "dmean": 0.0213932432234,
        "dmean2": 0.032038629055,
        "dvar": 0.000461364339571,
        "dvar2": 0.000995497219265,
        "max": 0.472215503454,
        "mean": 0.258589267731,
        "median": 0.263694167137,
        "min": 0.057526730001,
        "var": 0.00372053449973
    },
    "erbbands_kurtosis": {
        "dmean": 1.79735720158,
        "dmean2": 2.78959059715,
        "dvar": 7.99504470825,
        "dvar2": 16.6190433502,
        "max": 110.477523804,
        "mean": 2.67682790756,
        "median": 0.839300632477,
        "min": -1.89441084862,
        "var": 38.3696479797
    },
    "erbbands_skewness": {
        "dmean": 0.454657107592,
        "dmean2": 0.702520787716,
        "dvar": 0.173454642296,
        "dvar2": 0.394490510225,
        "max": 8.63989543915,
        "mean": 0.581794500351,
        "median": 0.437583863735,
        "min": -3.59778523445,
        "var": 1.5385248661
    },
    "erbbands_spread": {
        "dmean": 5.05880212784,
        "dmean2": 8.00673770905,
        "dvar": 32.4184608459,
        "dvar2": 77.7956390381,
        "max": 149.445892334,
        "mean": 21.1735839844,
        "median": 18.2133026123,
        "min": 0.830841422081,
        "var": 223.357894897
    },
    "hfc": {
        "dmean": 2.77678179741,
        "dmean2": 4.09230470657,
        "dvar": 19.9357585907,
        "dvar2": 41.6514778137,
        "max": 112.379226685,
        "mean": 8.62243652344,
        "median": 5.87177228928,
        "min": 1.02496035728e-16,
        "var": 88.9916381836
    },
    "melbands_crest": {
        "dmean": 2.87684607506,
        "dmean2": 4.66405248642,
        "dvar": 6.70975446701,
        "dvar2": 17.2366924286,
        "max": 32.0759735107,
        "mean": 15.4752244949,
        "median": 15.328625679,
        "min": 1.61161887646,
        "var": 26.7746372223
    },
    "melbands_flatness_db": {
        "dmean": 0.0292671024799,
        "dmean2": 0.0435551032424,
        "dvar": 0.000923933694139,
        "dvar2": 0.00201436085626,
        "max": 0.665107190609,
        "mean": 0.363146662712,
        "median": 0.37475001812,
        "min": 0.00330619583838,
        "var": 0.0109795266762
    },
    "melbands_kurtosis": {
        "dmean": 6.80473709106,
        "dmean2": 10.8891172409,
        "dvar": 123.866020203,
        "dvar2": 311.874023438,
        "max": 286.581878662,
        "mean": 13.9232206345,
        "median": 7.21437931061,
        "min": -1.71668410301,
        "var": 443.789825439
    },
    "melbands_skewness": {
        "dmean": 0.704060316086,
        "dmean2": 1.11026906967,
        "dvar": 0.475685060024,
        "dvar2": 1.15604424477,
        "max": 14.7497529984,
        "mean": 2.37446165085,
        "median": 2.15956020355,
        "min": -1.7813090086,
        "var": 2.82663297653
    },
    "melbands_spread": {
        "dmean": 3.29096150398,
        "dmean2": 5.38296413422,
        "dvar": 24.6808013916,
        "dvar2": 65.8239822388,
        "max": 170.151947021,
        "mean": 12.8765096664,
        "median": 7.03560113907,
        "min": 0.361473679543,
        "var": 471.285369873
    },
    "pitch_salience": {
        "dmean": 0.0659581497312,
        "dmean2": 0.10700596869,
        "dvar": 0.00351575063542,
        "dvar2": 0.0087911169976,
        "max": 0.906148016453,
        "mean": 0.487171888351,
        "median": 0.486622184515,
        "min": 0.109930880368,
        "var": 0.0140771651641
    },
    "silence_rate_20dB": {
        "dmean": 0,
        "dmean2": 0,
        "dvar": 0,
        "dvar2": 0,
        "max": 1,
        "mean": 1,
        "median": 1,
        "min": 1,
        "var": 0
    },
    "silence_rate_30dB": {
        "dmean": 0.0193224586546,
        "dmean2": 0.0386497676373,
        "dvar": 0.0189464874566,
        "dvar2": 0.0426784455776,
        "max": 1,
        "mean": 0.969765424728,
        "median": 1,
        "min": 0,
        "var": 0.0293214395642
    },
    "silence_rate_60dB": {
        "dmean": 0.0265997499228,
        "dmean2": 0.0532061755657,
        "dvar": 0.0258888509125,
        "dvar2": 0.0611735992134,
        "max": 1,
        "mean": 0.129469320178,
        "median": 0,
        "min": 0,
        "var": 0.112715885043
    },
    "spectral_centroid": {
        "dmean": 113.425796509,
        "dmean2": 182.859863281,
        "dvar": 42834.1367188,
        "dvar2": 90042.6328125,
        "max": 11793.2470703,
        "mean": 813.075866699,
        "median": 434.215332031,
        "min": 120.386459351,
        "var": 3014431
    },
    "spectral_complexity": {
        "dmean": 1.67126727104,
        "dmean2": 2.73509860039,
        "dvar": 3.73786401749,
        "dvar2": 8.33507156372,
        "max": 37,
        "mean": 8.83239269257,
        "median": 9,
        "min": 0,
        "var": 21.149187088
    },
    "spectral_decrease": {
        "dmean": 2.15810480597e-09,
        "dmean2": 3.17509818437e-09,
        "dvar": 1.17481153678e-17,
        "dvar2": 2.34851481698e-17,
        "max": 1.72986798901e-28,
        "mean": -6.88154155881e-09,
        "median": -4.1761625269e-09,
        "min": -8.06605839898e-08,
        "var": 6.41131016829e-17
    },
    "spectral_energy": {
        "dmean": 0.00835446827114,
        "dmean2": 0.0122864805162,
        "dvar": 0.000174772954779,
        "dvar2": 0.000349078763975,
        "max": 0.311284273863,
        "mean": 0.0267545524985,
        "median": 0.0163582768291,
        "min": 9.69809976171e-21,
        "var": 0.000956805073656
    },
    "spectral_energyband_high": {
        "dmean": 2.77885010291e-05,
        "dmean2": 4.61730523966e-05,
        "dvar": 1.31267965386e-08,
        "dvar2": 3.53403990516e-08,
        "max": 0.00312204309739,
        "mean": 4.52457534266e-05,
        "median": 3.72578369934e-06,
        "min": 6.81332514689e-21,
        "var": 2.4218747896e-08
    },
    "spectral_energyband_low": {
        "dmean": 0.00511662010103,
        "dmean2": 0.00788525491953,
        "dvar": 8.23798545753e-05,
        "dvar2": 0.0001750515803,
        "max": 0.205777406693,
        "mean": 0.0115763703361,
        "median": 0.00531819369644,
        "min": 1.27507264203e-23,
        "var": 0.000335436488967
    },
    "spectral_energyband_middle_high": {
        "dmean": 0.00106124777813,
        "dmean2": 0.00167438131757,
        "dvar": 4.4399221224e-06,
        "dvar2": 1.0307163393e-05,
        "max": 0.0624402537942,
        "mean": 0.00224421592429,
        "median": 0.000915159820579,
        "min": 1.13601463348e-21,
        "var": 1.28287629195e-05
    },
    "spectral_energyband_middle_low": {
        "dmean": 0.00519918929785,
        "dmean2": 0.00753497611731,
        "dvar": 9.02842657524e-05,
        "dvar2": 0.000177498237463,
        "max": 0.30473986268,
        "mean": 0.0143674556166,
        "median": 0.00757962139323,
        "min": 1.35413527962e-22,
        "var": 0.000423216901254
    },
    "spectral_entropy": {
        "dmean": 0.214544400573,
        "dmean2": 0.322033345699,
        "dvar": 0.0553195141256,
        "dvar2": 0.119447134435,
        "max": 9.82351493835,
        "mean": 6.42311954498,
        "median": 6.31513643265,
        "min": 4.0995759964,
        "var": 0.684192538261
    },
    "spectral_flux": {
        "dmean": 0.0190532170236,
        "dmean2": 0.0313471853733,
        "dvar": 0.000568286108319,
        "dvar2": 0.0013380930759,
        "max": 0.37329569459,
        "mean": 0.0599160753191,
        "median": 0.0520154498518,
        "min": 6.16262804676e-11,
        "var": 0.00163625436835
    },
    "spectral_kurtosis": {
        "dmean": 10.2213850021,
        "dmean2": 17.5203762054,
        "dvar": 125.508331299,
        "dvar2": 333.093658447,
        "max": 192.197402954,
        "mean": 23.8455181122,
        "median": 17.8047447205,
        "min": -1.25821220875,
        "var": 425.736907959
    },
    "spectral_rms": {
        "dmean": 0.000720053794794,
        "dmean2": 0.00105341081508,
        "dvar": 7.05669094714e-07,
        "dvar2": 1.38407801842e-06,
        "max": 0.0174267608672,
        "mean": 0.00440196832642,
        "median": 0.00399490864947,
        "min": 3.07596504691e-12,
        "var": 6.72466512697e-06
    },
    "spectral_rolloff": {
        "dmean": 171.669235229,
        "dmean2": 304.848602295,
        "dvar": 162638.140625,
        "dvar2": 387786.09375,
        "max": 19659.8144531,
        "mean": 1086.41516113,
        "median": 452.197265625,
        "min": 107.666015625,
        "var": 8931431
    },
    "spectral_skewness": {
        "dmean": 0.723827958107,
        "dmean2": 1.22435355186,
        "dvar": 0.502435803413,
        "dvar2": 1.33071267605,
        "max": 11.7037477493,
        "mean": 3.26630926132,
        "median": 3.05444216728,
        "min": -0.102567769587,
        "var": 2.44980764389
    },
    "spectral_spread": {
        "dmean": 384599.9375,
        "dmean2": 624719.625,
        "dvar": 423200423936,
        "dvar2": 767149932544,
        "max": 42779836,
        "mean": 3238113.75,
        "median": 1975159,
        "min": 450965.9375,
        "var": 3.9478500524e+13
    },
    "spectral_strongpeak": {
        "dmean": 0.368935674429,
        "dmean2": 0.604531168938,
        "dvar": 0.402368247509,
        "dvar2": 0.934467852116,
        "max": 13.7075910568,
        "mean": 0.779307961464,
        "median": 0.504108250141,
        "min": 0,
        "var": 0.7552947402
    },
    "zerocrossingrate": {
        "dmean": 0.00395520078018,
        "dmean2": 0.00518795009702,
        "dvar": 5.67527240491e-05,
        "dvar2": 7.9412406194e-05,
        "max": 0.6611328125,
        "mean": 0.0359401591122,
        "median": 0.01953125,
        "min": 0.00390625,
        "var": 0.00633609713987
    },
    "barkbands": {
        "dmean": [9.21319497138e-06, 0.00169754074886, 0.00337928626686, 0.00168761704117, 0.00236745271832, 0.00150573207065, 0.000595299061388, 0.00044422748033, 0.00052030920051, 0.000226734380703, 0.000275769416476, 0.000466284807771, 0.00014817470219, 0.000202332128538, 4.90023485327e-05, 4.58469585283e-05, 3.73602852051e-05, 3.09395654767e-05, 2.78131756204e-05, 1.47120035763e-05, 8.97586505744e-06, 3.81157929041e-06, 6.11953464613e-06, 1.57632723585e-06, 1.25332394418e-06, 4.68397786335e-07, 2.61135788548e-08],
        "dmean2": [1.59298342624e-05, 0.00247911526822, 0.00537961255759, 0.00278324610554, 0.00333484984003, 0.00224192696624, 0.000869327574037, 0.000697984418366, 0.000792646256741, 0.000372661481379, 0.000441678159405, 0.000775269756559, 0.00023425949621, 0.000308102113195, 8.0650759628e-05, 7.35412322683e-05, 6.49065550533e-05, 5.35240760655e-05, 4.69062906632e-05, 2.4896908144e-05, 1.50202404257e-05, 6.43695966573e-06, 1.10999608296e-05, 2.52173367699e-06, 1.9647877707e-06, 7.06091952907e-07, 4.37449578783e-08],
        "dvar": [5.44362166455e-10, 1.64917237271e-05, 3.38971040037e-05, 1.25581291286e-05, 3.71429850929e-05, 2.22181151912e-05, 3.06371839542e-06, 1.73121134139e-06, 1.74951026111e-06, 4.46864106607e-07, 8.53071810525e-07, 1.34176445954e-06, 3.16408488743e-07, 7.05113166077e-07, 3.85214491416e-08, 3.77924145312e-08, 2.66130122384e-08, 2.00437320075e-08, 1.7722763701e-08, 4.72520289563e-09, 1.18338761013e-09, 3.55136170471e-10, 3.90451404542e-09, 7.15269718454e-11, 8.77693612233e-11, 9.0993861751e-12, 3.54639278013e-14],
        "dvar2": [1.38816846906e-09, 3.09407660097e-05, 7.97818793217e-05, 3.12115334964e-05, 6.28811249044e-05, 4.63327451143e-05, 5.99661598244e-06, 4.2325314098e-06, 3.73583452529e-06, 1.14705346732e-06, 1.94312929125e-06, 3.39954840456e-06, 7.21248966329e-07, 1.48893536789e-06, 9.88185959727e-08, 7.84494176287e-08, 7.72179262754e-08, 6.01167329251e-08, 4.83371387361e-08, 1.29893269474e-08, 3.10714431961e-09, 9.84914261259e-10, 1.17252270115e-08, 1.90166146719e-10, 2.23938936839e-10, 1.81137223276e-11, 8.28152853911e-14],
        "max": [0.000546938274056, 0.107791692019, 0.117034204304, 0.0769305601716, 0.29636362195, 0.162992790341, 0.0443299338222, 0.04098405689, 0.0362690128386, 0.0143671510741, 0.0242524277419, 0.0343151539564, 0.0161751918495, 0.0458231829107, 0.00506789563224, 0.00892478507012, 0.00491897109896, 0.00353234983049, 0.00459952978417, 0.00236484501511, 0.000657870667055, 0.000621962826699, 0.00189131638035, 0.000243673988734, 0.000324534426909, 0.000110375382064, 7.53609492676e-06],
        "mean": [1.00810048025e-05, 0.00360192358494, 0.00657000904903, 0.00284029613249, 0.00586020573974, 0.00289686210454, 0.00101571390405, 0.000687126885168, 0.000879169791006, 0.000349252455635, 0.000447354948847, 0.000775922264438, 0.000214600746403, 0.000312195596052, 6.0199683503e-05, 5.81614549446e-05, 4.93520237796e-05, 3.8137743104e-05, 3.67838038073e-05, 2.03932595468e-05, 1.29322916109e-05, 6.82012978359e-06, 6.48678133075e-06, 2.44575107899e-06, 1.59251135301e-06, 5.53549682536e-07, 2.33951311657e-08],
        "median": [3.28686155626e-06, 0.000725684396457, 0.00282255047932, 0.00103895773645, 0.00174080487341, 0.000480535527458, 0.000225808922551, 0.000149673665874, 0.000158366659889, 6.13982047071e-05, 4.25931721111e-05, 8.61931403051e-05, 2.58659965766e-05, 3.07906702801e-05, 9.46737964114e-06, 8.43353973323e-06, 6.6600127866e-06, 7.40334644433e-06, 4.88999558002e-06, 2.45923683906e-06, 1.02522858469e-06, 3.93983555114e-07, 2.17242273948e-07, 1.17674751721e-07, 7.16570696113e-08, 2.7108827183e-08, 1.15094633824e-09],
        "min": [5.30871292436e-25, 2.78702822321e-24, 6.09906921403e-25, 1.27744387902e-25, 2.89247249939e-24, 5.18236649659e-24, 9.05404138801e-24, 3.84251425363e-24, 9.79078856411e-24, 7.173975225e-24, 1.65934966593e-23, 1.76002030812e-23, 3.09674384984e-23, 1.48999337803e-23, 4.00994848193e-23, 6.2880727533e-23, 4.55620310436e-23, 8.47102947616e-23, 9.77467828893e-23, 1.61499163857e-22, 2.03584325171e-22, 2.99143300158e-22, 4.19718127301e-22, 5.27027545192e-22, 8.55789328546e-22, 1.29226937431e-21, 1.74567643135e-21],
        "var": [6.54423348845e-10, 8.05131567176e-05, 0.000102629943285, 2.63192177954e-05, 0.000210229787626, 5.89971277805e-05, 7.27668566469e-06, 2.95330937661e-06, 5.12009046361e-06, 9.65475464909e-07, 1.91999424715e-06, 3.03375281874e-06, 6.16990064373e-07, 1.78696564035e-06, 3.89907341969e-08, 5.56777415284e-08, 2.83618941666e-08, 1.86971558236e-08, 2.20051230571e-08, 5.89000004325e-09, 1.69148661744e-09, 8.25582546771e-10, 2.46835729634e-09, 1.27493918201e-10, 9.22297099804e-11, 1.25887659672e-11, 3.34145553024e-14]
    },
    "erbbands": {
        "dmean": [0.0169789064676, 0.508065581322, 3.28016161919, 4.75141096115, 8.10239696503, 7.42447519302, 7.2839922905, 14.7381944656, 10.1075744629, 9.9442281723, 9.79510688782, 8.7165594101, 13.4768390656, 6.04456233978, 13.1858577728, 17.8608989716, 6.55519008636, 12.5745773315, 2.63570547104, 2.86965203285, 2.30164432526, 1.63409590721, 1.63762331009, 1.78486454487, 0.936135530472, 0.65771818161, 0.591331422329, 0.248790889978, 0.159308344126, 0.110040843487, 0.243766471744, 0.0439587533474, 0.0289262961596, 0.0169624742121, 0.00737182190642, 0.00237143598497, 0.000893579388503, 0.000126019265736, 7.0089113251e-06, 9.25236690819e-06],
        "dmean2": [0.0257799178362, 0.750243604183, 5.19845151901, 7.74196052551, 12.1366930008, 10.2097768784, 10.358124733, 22.1623954773, 14.592083931, 14.9844856262, 15.3503952026, 13.2272930145, 21.2788200378, 9.59227275848, 21.3913269043, 30.010635376, 10.2323799133, 19.0118217468, 4.28861236572, 4.67316102982, 3.65402698517, 2.79367637634, 2.81409692764, 3.03103613853, 1.6048104763, 1.11313188076, 1.00913405418, 0.407708466053, 0.267873197794, 0.189038783312, 0.451206415892, 0.0714926123619, 0.0484318546951, 0.0267379861325, 0.0116733759642, 0.00356625276618, 0.00133727258071, 0.000193656538613, 1.06311917989e-05, 1.35807094921e-05],
        "dvar": [0.00118155230302, 1.42782354355, 34.9759140015, 87.8593673706, 338.761047363, 851.370849609, 834.90411377, 2513.83764648, 996.658325195, 1028.16931152, 1016.69274902, 498.918243408, 1155.00805664, 282.049041748, 1282.12756348, 1840.55688477, 509.837860107, 2781.5300293, 77.6856460571, 139.736587524, 93.2193603516, 48.2590332031, 49.1551094055, 68.6689529419, 29.9707431793, 7.73579597473, 10.0912570953, 0.711467206478, 0.890204370022, 0.269713133574, 7.69338274002, 0.0569365955889, 0.0305708590895, 0.0166751164943, 0.00378594198264, 0.000228783799685, 4.3860560254e-05, 6.83098619447e-07, 1.09460251974e-09, 2.11645312387e-10],
        "dvar2": [0.00269292946905, 2.65111064911, 78.1742706299, 214.305175781, 734.744628906, 1217.95947266, 1438.31799316, 5271.64013672, 1957.61279297, 2016.43811035, 2491.65625, 1001.75878906, 2820.21386719, 695.747253418, 3051.38647461, 5060.13330078, 1150.8503418, 5872.25830078, 202.409835815, 325.072692871, 189.484054565, 137.667449951, 143.452957153, 198.375106812, 82.4009933472, 21.2379188538, 28.0956287384, 1.74433469772, 2.53599238396, 0.772148787975, 23.2192020416, 0.149446606636, 0.0876974016428, 0.0439493618906, 0.00980583112687, 0.00048313033767, 9.42575061345e-05, 1.42677970416e-06, 2.71069211522e-09, 4.21427337471e-10],
        "max": [0.705895900726, 32.6275253296, 133.996246338, 269.271972656, 364.020904541, 1744.10876465, 1181.60168457, 1866.57824707, 1163.37060547, 1069.78674316, 1110.09301758, 638.287353516, 1084.75061035, 391.08001709, 666.08972168, 806.514831543, 618.45916748, 2879.13500977, 280.63583374, 305.274017334, 489.859680176, 184.13772583, 146.856185913, 250.994827271, 207.962692261, 65.1176147461, 128.905380249, 21.4539241791, 34.8908576965, 14.2532167435, 83.6784896851, 6.07284593582, 5.75693178177, 5.43140602112, 2.54005742073, 0.489623039961, 0.278375208378, 0.0331407226622, 0.00185972487088, 0.000341417500749],
        "mean": [0.0349052771926, 1.09744989872, 6.50101041794, 9.43627166748, 17.136598587, 18.8018054962, 14.1169834137, 27.6264247894, 20.2281188965, 15.3025197983, 15.0970153809, 15.1250162125, 23.5324840546, 10.6609182358, 23.7721843719, 29.010175705, 10.6517963409, 19.7030410767, 3.99186110497, 3.55788254738, 3.34242415428, 2.24032688141, 2.09562540054, 2.33032536507, 1.25999069214, 0.931701242924, 0.787215590477, 0.410864412785, 0.275682002306, 0.171835333109, 0.220198169351, 0.064577549696, 0.0423553921282, 0.0219677332789, 0.00913347769529, 0.00291000050493, 0.000992552028038, 0.000138846764457, 1.62475662364e-05, 2.98361010209e-05],
        "median": [0.0113799721003, 0.290865391493, 2.67171597481, 4.20128965378, 5.42582035065, 4.40087652206, 3.20011329651, 4.14619684219, 3.67132711411, 4.47169542313, 3.14209222794, 3.68291425705, 4.64297008514, 2.46427226067, 3.76950550079, 3.97201991081, 2.35551285744, 2.34368610382, 0.777393221855, 0.533328354359, 0.537098348141, 0.41936430335, 0.395835220814, 0.344216614962, 0.203904986382, 0.127555087209, 0.0636664405465, 0.0309562105685, 0.0143963396549, 0.0104495203122, 0.00570816593245, 0.00320543488488, 0.00172023510095, 0.000977558665909, 0.000430002546636, 0.000151512533193, 5.4008596635e-05, 8.18660555524e-06, 8.75464411365e-06, 1.83457268577e-05],
        "min": [8.94770530457e-23, 4.20051417878e-22, 1.8672707697e-21, 2.13093903282e-21, 6.99585902803e-21, 9.03658468504e-21, 4.70943552594e-20, 5.71871962723e-20, 6.49095153642e-20, 1.7914528407e-19, 2.34808064022e-19, 2.43442769792e-19, 3.66325309473e-19, 5.71156580741e-19, 6.64047360868e-19, 9.9875948169e-19, 1.67249416151e-18, 1.87893600513e-18, 1.67297402966e-18, 2.85003529091e-18, 3.47018603783e-18, 2.97345498101e-18, 4.8805943295e-18, 6.16233674484e-18, 6.59130309794e-18, 7.11798016089e-18, 7.94705749858e-18, 9.24147438886e-18, 9.67736962035e-18, 1.05315477537e-17, 1.23761811992e-17, 9.85901186543e-18, 9.21710895674e-18, 7.7261630519e-18, 5.8111778953e-18, 3.71311492167e-18, 2.38704348371e-18, 9.67213087874e-19, 2.18076630073e-19, 2.61228419582e-20],
        "var": [0.00413254229352, 6.96457242966, 118.743453979, 230.835922241, 1020.35614014, 5783.87255859, 2225.91430664, 6339.98193359, 3627.1472168, 1720.58044434, 1663.35839844, 1487.33911133, 3251.19848633, 668.944274902, 2999.26171875, 3785.54882812, 1058.79650879, 6997.85302734, 115.364204407, 162.617980957, 148.950820923, 47.6535987854, 51.9346466064, 74.3311767578, 34.1128196716, 10.2819423676, 10.1769075394, 1.92064797878, 1.47710978985, 0.548915565014, 4.47241163254, 0.0804748386145, 0.0449488684535, 0.0165684912354, 0.00369248189963, 0.000305536668748, 5.33136844751e-05, 8.65549225182e-07, 1.24960797265e-09, 1.1691413393e-09]
    },
    "gfcc": {
        "mean": [-155.642196655, 179.653503418, -101.186408997, 14.4638299942, -39.8012542725, -1.85597729683, -22.0587081909, -8.77470302582, -22.0656700134, -12.2421731949, -7.22710609436, -12.678396225, -9.99057674408],
        "cov": [[36049.1679688, 3925.4128418, -3989.4765625, 690.394165039, -1209.89379883, 541.409729004, -316.739379883, -93.948600769, -937.319030762, -119.211387634, -345.636413574, -339.503204346, -460.356170654], [3925.4128418, 2006.9732666, -283.230377197, -333.767333984, 29.9426670074, -348.610473633, -21.3835773468, -118.389587402, 23.5323143005, -155.981246948, 125.989227295, -103.449363708, 95.0368499756], [-3989.4765625, -283.230377197, 1132.75671387, 27.3877658844, 105.110717773, -10.2996225357, 26.2305850983, -36.2659988403, 89.0749893188, 9.66303443909, 58.7320709229, 26.3922615051, 75.8030014038], [690.394165039, -333.767333984, 27.3877658844, 457.419250488, -0.447809129953, 133.207168579, -50.6391334534, -22.3726196289, 24.0024795532, 11.9707794189, -78.1056289673, -6.3789768219, -40.4165115356], [-1209.89379883, 29.9426670074, 105.110717773, -0.447809129953, 339.940307617, -19.7107772827, 51.657875061, -9.82438087463, 90.2811431885, -3.59293079376, 8.84488391876, -3.64413189888, 20.288980484], [541.409729004, -348.610473633, -10.2996225357, 133.207168579, -19.7107772827, 334.952636719, 100.484909058, 24.3204078674, -57.0029029846, 37.9448547363, -52.7415428162, -13.1190738678, -73.4089889526], [-316.739379883, -21.3835773468, 26.2305850983, -50.6391334534, 51.657875061, 100.484909058, 242.438293457, 56.7283401489, -31.4596252441, 9.23641872406, 31.6831569672, -14.6737413406, -18.0822906494], [-93.948600769, -118.389587402, -36.2659988403, -22.3726196289, -9.82438087463, 24.3204078674, 56.7283401489, 145.760467529, 11.7507228851, 19.4673538208, -4.32860374451, 19.3387966156, -11.0056390762], [-937.319030762, 23.5323143005, 89.0749893188, 24.0024795532, 90.2811431885, -57.0029029846, -31.4596252441, 11.7507228851, 206.727279663, 29.9438152313, 3.00203156471, 15.8010387421, 49.230506897], [-119.211387634, -155.981246948, 9.66303443909, 11.9707794189, -3.59293079376, 37.9448547363, 9.23641872406, 19.4673538208, 29.9438152313, 120.363967896, 28.8250102997, 21.1131572723, -6.43763256073], [-345.636413574, 125.989227295, 58.7320709229, -78.1056289673, 8.84488391876, -52.7415428162, 31.6831569672, -4.32860374451, 3.00203156471, 28.8250102997, 124.142776489, 34.600025177, 17.4887599945], [-339.503204346, -103.449363708, 26.3922615051, -6.3789768219, -3.64413189888, -13.1190738678, -14.6737413406, 19.3387966156, 15.8010387421, 21.1131572723, 34.600025177, 120.159606934, 39.3464622498], [-460.356170654, 95.0368499756, 75.8030014038, -40.4165115356, 20.288980484, -73.4089889526, -18.0822906494, -11.0056390762, 49.230506897, -6.43763256073, 17.4887599945, 39.3464622498, 129.455184937]],
        "icov": [[0.000178552450961, -0.000573772878852, 0.000378818396712, -0.000491902057547, 0.000297136080917, -0.00045277303434, 0.000263887195615, -0.00025809314684, 0.000636452634353, -0.000600600556936, 0.000468536483822, -0.00021907449991, 0.000123765712488], [-0.000573772878852, 0.00278716278262, -0.000882992171682, 0.00190094695427, -0.000910624745302, 0.00188041792717, -0.000954434974119, 0.00136942812242, -0.00238678022288, 0.00303337303922, -0.00266696559265, 0.00175725354347, -0.000899162958376], [0.000378818396712, -0.000882992171682, 0.00191611482296, -0.00106071250048, 0.000475404231111, -0.000992258312181, 0.000438917719293, -0.000130981949042, 0.000921675411519, -0.000754112727009, 2.99121584248e-05, -4.5021490223e-05, -0.00042316847248], [-0.000491902057547, 0.00190094695427, -0.00106071250048, 0.00444374838844, -0.000844789785333, 0.000145060534123, 5.26197909494e-05, 0.00141363439616, -0.00252427952364, 0.00195514550433, -0.000408681778936, 0.000540426583029, 0.000153995235451], [0.000297136080917, -0.000910624745302, 0.000475404231111, -0.000844789785333, 0.0042104148306, -0.000417246716097, -0.000941885518841, 0.000413648696849, -0.000795128347818, -0.000510055979248, 0.000964149425272, -0.000429714331403, 0.000467529520392], [-0.00045277303434, 0.00188041792717, -0.000992258312181, 0.000145060534123, -0.000417246716097, 0.00688241887838, -0.00352173764259, 0.00141479598824, -0.00071290350752, -0.000111008237582, 0.00115040480159, -1.25562555695e-05, 0.00134623108897], [0.000263887195615, -0.000954434974119, 0.000438917719293, 5.26197909494e-05, -0.000941885518841, -0.00352173764259, 0.00736701674759, -0.00326332775876, 0.00195026269648, -0.000213536113733, -0.00221365201287, 0.00145534949843, -0.000594890501816], [-0.00025809314684, 0.00136942812242, -0.000130981949042, 0.00141363439616, 0.000413648696849, 0.00141479598824, -0.00326332775876, 0.00949682295322, -0.00244898744859, 0.000398845790187, 0.000828923482914, -0.00151517300401, 0.000983590027317], [0.000636452634353, -0.00238678022288, 0.000921675411519, -0.00252427952364, -0.000795128347818, -0.00071290350752, 0.00195026269648, -0.00244898744859, 0.00955616496503, -0.00480234716088, 0.0026456923224, -0.000734789471608, -0.00153473275714], [-0.000600600556936, 0.00303337303922, -0.000754112727009, 0.00195514550433, -0.000510055979248, -0.000111008237582, -0.000213536113733, 0.000398845790187, -0.00480234716088, 0.0140205863863, -0.0065451534465, 0.00119950110093, -0.000246483046794], [0.000468536483822, -0.00266696559265, 2.99121584248e-05, -0.000408681778936, 0.000964149425272, 0.00115040480159, -0.00221365201287, 0.000828923482914, 0.0026456923224, -0.0065451534465, 0.0155367925763, -0.00557808205485, 0.00200630514883], [-0.00021907449991, 0.00175725354347, -4.5021490223e-05, 0.000540426583029, -0.000429714331403, -1.25562555695e-05, 0.00145534949843, -0.00151517300401, -0.000734789471608, 0.00119950110093, -0.00557808205485, 0.0126219457015, -0.00448296498507], [0.000123765712488, -0.000899162958376, -0.00042316847248, 0.000153995235451, 0.000467529520392, 0.00134623108897, -0.000594890501816, 0.000983590027317, -0.00153473275714, -0.000246483046794, 0.00200630514883, -0.00448296498507, 0.0114743113518]]
    },
    "melbands": {
        "dmean": [0.000305457535433, 0.00134252361022, 0.000880450766999, 0.000531200319529, 0.000274341698969, 0.000315839599352, 0.000153960572788, 0.000104081547761, 7.21795295249e-05, 6.80706216372e-05, 6.77735733916e-05, 2.32544516621e-05, 4.39449395344e-05, 5.87817630731e-05, 2.04373827728e-05, 2.25565854635e-05, 2.23330443987e-05, 3.98898782805e-06, 3.77899527848e-06, 3.49512970388e-06, 2.92230970445e-06, 1.97138660951e-06, 1.30518537844e-06, 1.9238088953e-06, 1.49434004015e-06, 7.58059400141e-07, 4.77664400478e-07, 4.78369713619e-07, 5.04731815454e-07, 2.02045455922e-07, 1.28467505078e-07, 1.04038932136e-07, 6.30185894579e-08, 5.0811831187e-08, 1.79019778557e-07, 5.27231520664e-08, 1.94489775396e-08, 2.3740563293e-08, 1.47292116282e-08, 1.51460248787e-08],
        "dmean2": [0.000452591921203, 0.00207979697734, 0.00138201098889, 0.000766390061472, 0.000382158497814, 0.000471773208119, 0.000223041206482, 0.00015828209871, 0.000113702757517, 0.000103615733678, 0.000107125764771, 3.70236994058e-05, 7.0486763434e-05, 9.76382434601e-05, 3.46370070474e-05, 3.35356671712e-05, 3.42746861861e-05, 6.69706105327e-06, 6.23160485702e-06, 5.72764656681e-06, 4.71735756946e-06, 3.40973815582e-06, 2.28428939408e-06, 3.35408867613e-06, 2.5449523946e-06, 1.28709280034e-06, 8.13206668226e-07, 8.15815553779e-07, 8.66379650688e-07, 3.33934195851e-07, 2.11833295793e-07, 1.74541355591e-07, 1.0948856044e-07, 8.50395522889e-08, 3.34903944577e-07, 8.91032243544e-08, 3.11557393218e-08, 4.06848670309e-08, 2.37326229779e-08, 2.42979574239e-08],
        "dvar": [4.69119328272e-07, 6.25517168373e-06, 2.74070589512e-06, 1.84888210697e-06, 9.75845296125e-07, 1.08203232685e-06, 2.1033602593e-07, 9.47704350551e-08, 5.73871474785e-08, 3.12929131496e-08, 2.93743234181e-08, 4.75238293163e-09, 1.87331909984e-08, 2.29867875845e-08, 3.45359874032e-09, 8.1800095586e-09, 8.83454287504e-09, 2.09956316222e-10, 2.62285915209e-10, 2.38971648026e-10, 1.47150305829e-10, 7.52600620713e-11, 7.59313237286e-11, 1.01348852921e-10, 5.65417018761e-11, 1.42143250295e-11, 8.24347881623e-12, 4.22719888607e-12, 9.62895301687e-12, 6.2196428563e-13, 2.26986276454e-13, 4.51562615425e-13, 8.55470479611e-14, 5.19424252416e-14, 4.47816393342e-12, 1.41040960378e-13, 1.06872433944e-14, 3.10470846623e-14, 1.00189225406e-14, 1.3944685623e-14],
        "dvar2": [9.65736262515e-07, 1.29439376906e-05, 6.50559604765e-06, 3.41062605003e-06, 1.54292672505e-06, 2.26967267736e-06, 4.22487488549e-07, 1.91655189496e-07, 1.41622166439e-07, 6.45566800017e-08, 7.15557888498e-08, 1.17917400289e-08, 4.25572252993e-08, 5.72503147112e-08, 9.32346733151e-09, 1.75211418707e-08, 1.92752551698e-08, 5.68575964088e-10, 6.70810240688e-10, 5.41256761633e-10, 3.1695199243e-10, 2.13199333188e-10, 2.32460203864e-10, 3.0772701054e-10, 1.62221916455e-10, 3.57507322357e-11, 2.38628387883e-11, 1.16700815678e-11, 2.71071724095e-11, 1.49674695381e-12, 5.75867695543e-13, 1.29311448702e-12, 2.5016157223e-13, 1.44799821547e-13, 1.35408212421e-11, 4.02819758886e-13, 2.7506107472e-14, 9.11548804104e-14, 2.70531820144e-14, 3.6935359556e-14],
        "max": [0.0168861746788, 0.0629119426012, 0.0408798679709, 0.0617998428643, 0.0386968739331, 0.0382751338184, 0.0155029864982, 0.0098641468212, 0.00863764621317, 0.00430338643491, 0.00540251005441, 0.00140778464265, 0.0031673477497, 0.00488143460825, 0.00137914624065, 0.00401469739154, 0.00489222677425, 0.000485506141558, 0.000368839129806, 0.000574751466047, 0.000543498957995, 0.000223548238864, 0.000353078910848, 0.000261383363977, 0.000240042369114, 0.000145148980664, 9.81047851383e-05, 3.93402006011e-05, 0.000136703194585, 2.1944695618e-05, 1.2553846318e-05, 2.52547324635e-05, 7.45446368455e-06, 6.46372518531e-06, 6.34623647784e-05, 1.08810654638e-05, 2.88928936243e-06, 6.58363433104e-06, 3.88953958463e-06, 4.89387457492e-06],
        "mean": [0.000633523857687, 0.00285397213884, 0.0019284770824, 0.00128944707103, 0.000581166357733, 0.000604717060924, 0.000301099236822, 0.000158572249347, 0.000106938110548, 0.000116196963063, 0.000117434479762, 3.7698981032e-05, 7.44660646887e-05, 9.93205103441e-05, 2.88484552584e-05, 3.45710213878e-05, 3.41289014614e-05, 5.65234813621e-06, 4.46011654276e-06, 4.32985825682e-06, 4.07832021665e-06, 2.64364211944e-06, 1.49266736571e-06, 2.28629824051e-06, 1.88859064565e-06, 9.92673108158e-07, 5.9390123397e-07, 6.57433361084e-07, 6.14507257524e-07, 2.98933343856e-07, 2.02234815561e-07, 1.66888384001e-07, 1.0497365821e-07, 8.08406355191e-08, 1.47866558109e-07, 6.63338255436e-08, 2.89915949025e-08, 3.20051434244e-08, 2.1931995775e-08, 1.76297128007e-08],
        "median": [0.00015023900778, 0.00118350540288, 0.000880408100784, 0.000372719601728, 0.00011394941248, 8.94978729775e-05, 6.05872301094e-05, 4.36211594206e-05, 1.7915834178e-05, 2.22803937504e-05, 2.17648885155e-05, 6.47248862151e-06, 9.15286182135e-06, 1.11272229333e-05, 3.94749122279e-06, 3.71526357412e-06, 3.62760943062e-06, 8.65760057422e-07, 6.92332832841e-07, 5.28928524091e-07, 5.74781552132e-07, 3.87211571251e-07, 2.54152240586e-07, 3.51738407289e-07, 2.49875085956e-07, 1.56934888196e-07, 9.85160184541e-08, 7.08230700752e-08, 4.25890860356e-08, 2.19557971803e-08, 1.35014168734e-08, 8.14851830455e-09, 6.18680484621e-09, 4.85071893763e-09, 3.22774051931e-09, 2.34626584827e-09, 1.61021340706e-09, 1.17323217808e-09, 9.5352326035e-10, 7.14582892858e-10],
        "min": [7.50963041258e-25, 1.22924575961e-24, 1.00130410523e-24, 1.28139281811e-24, 1.60823948621e-24, 1.24646994583e-24, 1.234418715e-24, 1.97329749187e-24, 1.8282194633e-24, 1.34770209922e-24, 1.7813425873e-24, 2.05147952404e-24, 2.02988366789e-24, 2.12616591631e-24, 2.95366759526e-24, 3.21515940533e-24, 2.55303610428e-24, 2.43703174159e-24, 2.5293905903e-24, 3.65224731418e-24, 3.7817068829e-24, 2.13540485802e-24, 3.65828052238e-24, 4.00657483938e-24, 3.33228730317e-24, 3.60979042583e-24, 3.10660721439e-24, 4.2046684623e-24, 4.16846724093e-24, 4.63478067138e-24, 5.15548093364e-24, 5.01621385172e-24, 4.09675978465e-24, 5.18009852148e-24, 5.71309278653e-24, 5.33715205024e-24, 5.49299428308e-24, 5.63666912532e-24, 4.8580405349e-24, 5.86210900595e-24],
        "var": [2.05020637623e-06, 2.50609100476e-05, 8.27787607705e-06, 9.63309685176e-06, 4.11304972658e-06, 2.88655655822e-06, 7.20008472399e-07, 1.61514833508e-07, 9.15015476721e-08, 9.29609669242e-08, 8.28090591654e-08, 1.06782112042e-08, 4.28301127897e-08, 5.3658880006e-08, 5.33455102314e-09, 1.89937559014e-08, 2.10420001423e-08, 3.00367009043e-10, 2.46248660352e-10, 3.0104410631e-10, 2.23040919067e-10, 7.24508369965e-11, 6.39546124392e-11, 9.00970340001e-11, 5.98192884116e-11, 1.95749336879e-11, 7.23434246536e-12, 6.1555031905e-12, 8.98528734056e-12, 1.19705449979e-12, 5.38135942058e-13, 6.01404017732e-13, 2.21227807666e-13, 1.24770717846e-13, 2.53767254606e-12, 1.27514562494e-13, 1.706084445e-14, 3.25288705477e-14, 1.30590000212e-14, 1.26218912099e-14]
    },
    "mfcc": {
        "mean": [-783.520019531, 201.982681274, 6.95322561264, 23.7578964233, 3.77433824539, 5.36490249634, 7.1494512558, 1.48915743828, -6.67599534988, -3.10813713074, -2.13407921791, -2.03154087067, -3.70867848396],
        "cov": [[10732.1894531, 1606.52075195, -1316.06445312, 503.185668945, -471.470184326, 472.04095459, 383.192657471, 156.568984985, -0.739119946957, 71.9793014526, 63.9122657776, 167.771453857, -138.810180664], [1606.52075195, 2484.97192383, 25.776008606, 39.8253746033, 39.5186386108, -151.306671143, 87.8795700073, -25.8705787659, -51.2759666443, -54.756149292, -28.6041526794, -5.96965837479, 63.2366752625], [-1316.06445312, 25.776008606, 874.574584961, 21.9945888519, 114.974082947, -6.02405452728, -23.3736515045, -45.6232032776, -31.2882347107, -7.81504821777, -30.1755180359, -53.8766365051, -6.19130516052], [503.185668945, 39.8253746033, 21.9945888519, 268.913146973, 84.6231384277, 69.5412368774, -17.7601070404, 9.14185523987, 21.6085243225, -4.33918333054, 20.7503910065, 9.24246025085, -35.1304473877], [-471.470184326, 39.5186386108, 114.974082947, 84.6231384277, 283.764373779, 37.8578186035, -119.8335495, -14.4521017075, 32.6780967712, 7.63706111908, 8.07442378998, -25.8086109161, -24.8200874329], [472.04095459, -151.306671143, -6.02405452728, 69.5412368774, 37.8578186035, 264.294647217, 73.5555801392, 29.9268779755, 28.3035202026, 29.9600830078, 35.1421852112, 30.6429729462, -37.5834350586], [383.192657471, 87.8795700073, -23.3736515045, -17.7601070404, -119.8335495, 73.5555801392, 267.045349121, 77.0066986084, -20.545797348, 11.5632667542, 17.7889881134, 37.9803466797, 19.1005630493], [156.568984985, -25.8705787659, -45.6232032776, 9.14185523987, -14.4521017075, 29.9268779755, 77.0066986084, 129.595870972, 41.1737518311, 3.93264460564, 16.0920886993, 23.8896617889, 3.18494772911], [-0.739119946957, -51.2759666443, -31.2882347107, 21.6085243225, 32.6780967712, 28.3035202026, -20.545797348, 41.1737518311, 132.417037964, 35.7240371704, -1.11076521873, 7.11896944046, -6.78137111664], [71.9793014526, -54.756149292, -7.81504821777, -4.33918333054, 7.63706111908, 29.9600830078, 11.5632667542, 3.93264460564, 35.7240371704, 139.6953125, 42.5855979919, -13.7832889557, -43.1743850708], [63.9122657776, -28.6041526794, -30.1755180359, 20.7503910065, 8.07442378998, 35.1421852112, 17.7889881134, 16.0920886993, -1.11076521873, 42.5855979919, 113.38293457, 36.9190711975, -18.3943328857], [167.771453857, -5.96965837479, -53.8766365051, 9.24246025085, -25.8086109161, 30.6429729462, 37.9803466797, 23.8896617889, 7.11896944046, -13.7832889557, 36.9190711975, 115.987678528, 61.1573295593], [-138.810180664, 63.2366752625, -6.19130516052, -35.1304473877, -24.8200874329, -37.5834350586, 19.1005630493, 3.18494772911, -6.78137111664, -43.1743850708, -18.3943328857, 61.1573295593, 154.151031494]],
