{
"lowlevel": {
    "average_loudness": 0.94281989336,
    "barkbands_crest": {
        "dmean": 2.99125957489,
        "dmean2": 4.78283596039,
        "dvar": 7.9175696373,
        "dvar2": 18.6494979858,
        "max": 26.3674545288,
        "mean": 10.37733078,
        "median": 9.44161319733,
        "min": 2.12637758255,
        "var": 23.0624198914
    },
    "barkbands_flatness_db": {
        "dmean": 0.0320969708264,
        "dmean2": 0.0462894067168,
        "dvar": 0.00115405640099,
        "dvar2": 0.00225618481636,
        "max": 0.407782912254,
        "mean": 0.136456131935,
        "median": 0.126394078135,
        "min": 0.0156840141863,
        "var": 0.00423763971776
    },
    "barkbands_kurtosis": {
        "dmean": 4.05495405197,
        "dmean2": 6.24771022797,
        "dvar": 62.0857887268,
        "dvar2": 130.402008057,
        "max": 151.608123779,
        "mean": 5.75391721725,
        "median": 1.92858791351,
        "min": -1.80297243595,
        "var": 138.692337036
    },
    "barkbands_skewness": {
        "dmean": 0.651045024395,
        "dmean2": 0.990846097469,
        "dvar": 0.55326873064,
        "dvar2": 1.13921606541,
        "max": 11.1821184158,
        "mean": 1.69121038914,
        "median": 1.45700967312,
        "min": -2.39074230194,
        "var": 2.18070173264
    },
    "barkbands_spread": {
        "dmean": 7.24251127243,
        "dmean2": 11.5789260864,
        "dvar": 85.5149917603,
        "dvar2": 208.699172974,
        "max": 90.5981903076,
        "mean": 20.2731246948,
        "median": 17.1791687012,
        "min": 0.643916666508,
        "var": 174.704879761
    },
    "dissonance": {
        "dmean": 0.0201215986162,
        "dmean2": 0.033805642277,
        "dvar": 0.000381558726076,
        "dvar2": 0.00102797639556,
        "max": 0.500000119209,
        "mean": 0.460660517216,
        "median": 0.467050462961,
        "min": 0.184464693069,
        "var": 0.000859724532347
    },
    "dynamic_complexity": 2.68696689606,
    "erbbands_crest": {
        "dmean": 2.68307209015,
        "dmean2": 4.40404415131,
        "dvar": 6.54672050476,
        "dvar2": 16.5468940735,
        "max": 29.9950294495,
        "mean": 8.10709095001,
        "median": 7.18390846252,
        "min": 2.23937940598,
        "var": 15.1641530991
    },
    "erbbands_flatness_db": {
        "dmean": 0.0237190369517,
        "dmean2": 0.03441035375,
        "dvar": 0.000648936373182,
        "dvar2": 0.0012952729594,
        "max": 0.417684525251,
        "mean": 0.155565783381,
        "median": 0.147622823715,
        "min": 0.0453289151192,
        "var": 0.00348183838651
    },
    "erbbands_kurtosis": {
        "dmean": 0.810199081898,
        "dmean2": 1.29513120651,
        "dvar": 1.35052847862,
        "dvar2": 2.93901729584,
        "max": 44.2545700073,
        "mean": 0.149661019444,
        "median": -0.274129390717,
        "min": -1.70954191685,
        "var": 2.82886433601
    },
    "erbbands_skewness": {
        "dmean": 0.377371042967,
        "dmean2": 0.589965879917,
        "dvar": 0.114678062499,
        "dvar2": 0.267497181892,
        "max": 5.65116739273,
        "mean": 0.343796312809,
        "median": 0.305867433548,
        "min": -1.86249625683,
        "var": 0.376811534166
    },
    "erbbands_spread": {
        "dmean": 9.5640039444,
        "dmean2": 14.7979536057,
        "dvar": 101.376281738,
        "dvar2": 243.916992188,
        "max": 139.654556274,
        "mean": 39.3915176392,
        "median": 36.671333313,
        "min": 3.49186778069,
        "var": 357.14465332
    },
    "hfc": {
        "dmean": 10.7273292542,
        "dmean2": 17.9925899506,
        "dvar": 202.802337646,
        "dvar2": 542.346191406,
        "max": 121.536964417,
        "mean": 24.4103527069,
        "median": 20.552690506,
        "min": 1.1773677234e-16,
        "var": 302.781341553
    },
    "melbands_crest": {
        "dmean": 3.84823322296,
        "dmean2": 5.94182252884,
        "dvar": 11.7465591431,
        "dvar2": 27.2312355042,
        "max": 33.6467208862,
        "mean": 14.4943885803,
        "median": 13.5395994186,
        "min": 1.94672334194,
        "var": 37.8801383972
    },
    "melbands_flatness_db": {
        "dmean": 0.0370910987258,
        "dmean2": 0.0544348284602,
        "dvar": 0.00171122525353,
        "dvar2": 0.00329581159167,
        "max": 0.540812075138,
        "mean": 0.198563590646,
        "median": 0.186550691724,
        "min": 0.00306172203273,
        "var": 0.00655393488705
    },
    "melbands_kurtosis": {
        "dmean": 9.19450092316,
        "dmean2": 13.9779615402,
        "dvar": 317.40435791,
        "dvar2": 672.22052002,
        "max": 405.370697021,
        "mean": 16.2389640808,
        "median": 7.69721794128,
        "min": -1.49083960056,
        "var": 744.953186035
    },
    "melbands_skewness": {
        "dmean": 0.851859748363,
        "dmean2": 1.28100860119,
        "dvar": 0.905979216099,
        "dvar2": 1.8710013628,
        "max": 17.2026367188,
        "mean": 2.75043749809,
        "median": 2.39166307449,
        "min": -1.48042345047,
        "var": 3.9356648922
    },
    "melbands_spread": {
        "dmean": 7.67688655853,
        "dmean2": 12.3323841095,
        "dvar": 100.183769226,
        "dvar2": 249.107345581,
        "max": 158.463989258,
        "mean": 21.6586360931,
        "median": 18.4321212769,
        "min": 0.617120087147,
        "var": 263.816894531
    },
    "pitch_salience": {
        "dmean": 0.084341622889,
        "dmean2": 0.130968391895,
        "dvar": 0.00634792121127,
        "dvar2": 0.0140192219988,
        "max": 0.878237962723,
        "mean": 0.555803358555,
        "median": 0.575120687485,
        "min": 0.0745102241635,
        "var": 0.0187935288996
    },
    "silence_rate_20dB": {
        "dmean": 0,
        "dmean2": 0,
        "dvar": 0,
        "dvar2": 0,
        "max": 1,
        "mean": 1,
        "median": 1,
        "min": 1,
        "var": 0
    },
    "silence_rate_30dB": {
        "dmean": 0.0209253206849,
        "dmean2": 0.0418546609581,
        "dvar": 0.020488794893,
        "dvar2": 0.0489312261343,
        "max": 1,
        "mean": 0.977349102497,
        "median": 1,
        "min": 0,
        "var": 0.0221391189843
    },
    "silence_rate_60dB": {
        "dmean": 0.0111345751211,
        "dmean2": 0.0222712866962,
        "dvar": 0.0110095022246,
        "dvar2": 0.0277291182429,
        "max": 1,
        "mean": 0.0422305390239,
        "median": 0,
        "min": 0,
        "var": 0.0404489673674
    },
    "spectral_centroid": {
        "dmean": 312.453308105,
        "dmean2": 488.823455811,
        "dvar": 130225.695312,
        "dvar2": 300005.125,
        "max": 11215.9189453,
        "mean": 1313.09899902,
        "median": 1217.34338379,
        "min": 197.369400024,
        "var": 479495.4375
    },
    "spectral_complexity": {
        "dmean": 5.34497976303,
        "dmean2": 8.08063697815,
        "dvar": 35.6285934448,
        "dvar2": 72.4673461914,
        "max": 61,
        "mean": 21.8165855408,
        "median": 20,
        "min": 0,
        "var": 125.062843323
    },
    "spectral_decrease": {
        "dmean": 3.40910610852e-09,
        "dmean2": 5.24101428923e-09,
        "dvar": 1.57505048623e-17,
        "dvar2": 3.53819194743e-17,
        "max": 3.29351143211e-29,
        "mean": -1.01518597972e-08,
        "median": -8.99020946576e-09,
        "min": -5.3102809261e-08,
        "var": 5.51443826564e-17
    },
    "spectral_energy": {
        "dmean": 0.0133558940142,
        "dmean2": 0.020720904693,
        "dvar": 0.000235205894569,
        "dvar2": 0.000535252736881,
        "max": 0.203021198511,
        "mean": 0.040529627353,
        "median": 0.0366832911968,
        "min": 1.06291771673e-20,
        "var": 0.000815628271084
    },
    "spectral_energyband_high": {
        "dmean": 0.00081856775796,
        "dmean2": 0.00138142495416,
        "dvar": 1.88248384347e-06,
        "dvar2": 4.96447182741e-06,
        "max": 0.0143134780228,
        "mean": 0.00115286791697,
        "median": 0.00048117278493,
        "min": 7.91352463699e-21,
        "var": 2.4160533485e-06
    },
    "spectral_energyband_low": {
        "dmean": 0.00900404434651,
        "dmean2": 0.0132833570242,
        "dvar": 0.000210327736568,
        "dvar2": 0.000430052547017,
        "max": 0.184393569827,
        "mean": 0.0181243587285,
        "median": 0.0074209230952,
        "min": 3.99278981061e-23,
        "var": 0.000624697946478
    },
    "spectral_energyband_middle_high": {
        "dmean": 0.00288649532013,
        "dmean2": 0.00469305226579,
        "dvar": 1.30009584609e-05,
        "dvar2": 3.40129736287e-05,
        "max": 0.0664406046271,
        "mean": 0.0063083008863,
        "median": 0.00494145182893,
        "min": 1.41481196134e-21,
        "var": 2.79571904684e-05
    },
    "spectral_energyband_middle_low": {
        "dmean": 0.00839179195464,
        "dmean2": 0.0130186285824,
        "dvar": 0.000124026380945,
        "dvar2": 0.000272738718195,
        "max": 0.119134791195,
        "mean": 0.0170075278729,
        "median": 0.0130156613886,
        "min": 2.61272700806e-22,
        "var": 0.000229483703151
    },
    "spectral_entropy": {
        "dmean": 0.230215325952,
        "dmean2": 0.342270582914,
        "dvar": 0.0667410194874,
        "dvar2": 0.1386603266,
        "max": 9.81293201447,
        "mean": 7.58710432053,
        "median": 7.65594053268,
        "min": 5.26516580582,
        "var": 0.261992871761
    },
    "spectral_flux": {
        "dmean": 0.0342807620764,
        "dmean2": 0.0538170523942,
        "dvar": 0.00133533228654,
        "dvar2": 0.00308288726956,
        "max": 0.374894320965,
        "mean": 0.106553770602,
        "median": 0.0983839035034,
        "min": 6.63724630812e-11,
        "var": 0.00343120330945
    },
    "spectral_kurtosis": {
        "dmean": 2.48305034637,
        "dmean2": 4.08330154419,
        "dvar": 26.7003955841,
        "dvar2": 66.2744522095,
        "max": 111.04901886,
        "mean": 5.19648694992,
        "median": 3.54899168015,
        "min": -1.23835706711,
        "var": 44.7300186157
    },
    "spectral_rms": {
        "dmean": 0.00101573590655,
        "dmean2": 0.0015492849052,
        "dvar": 1.13112150757e-06,
        "dvar2": 2.38023653765e-06,
        "max": 0.0140737155452,
        "mean": 0.00580738252029,
        "median": 0.00598235521466,
        "min": 3.22023744476e-12,
        "var": 5.81522272114e-06
    },
    "spectral_rolloff": {
        "dmean": 619.707763672,
        "dmean2": 1062.85656738,
        "dvar": 1214563.375,
        "dvar2": 3169289,
        "max": 19143.0175781,
        "mean": 1430.01464844,
        "median": 1098.19335938,
        "min": 64.599609375,
        "var": 2062749
    },
    "spectral_skewness": {
        "dmean": 0.288186639547,
        "dmean2": 0.459141641855,
        "dvar": 0.132655024529,
        "dvar2": 0.335137635469,
        "max": 8.00078868866,
        "mean": 1.56465566158,
        "median": 1.43195831776,
        "min": 0.000464124925202,
        "var": 0.400851875544
    },
    "spectral_spread": {
        "dmean": 720945.4375,
        "dmean2": 1068666.375,
        "dvar": 886118678528,
        "dvar2": 1.8104067031e+12,
        "max": 41423088,
        "mean": 4480008,
        "median": 4298084,
        "min": 657338.125,
        "var": 2.88227328e+12
    },
    "spectral_strongpeak": {
        "dmean": 0.512961089611,
        "dmean2": 0.860134840012,
        "dvar": 0.527175962925,
        "dvar2": 1.34375441074,
        "max": 10.5084857941,
        "mean": 0.93980884552,
        "median": 0.682227253914,
        "min": 0,
        "var": 0.805498659611
    },
    "zerocrossingrate": {
        "dmean": 0.0123967565596,
        "dmean2": 0.0145701123402,
        "dvar": 0.000187421595911,
        "dvar2": 0.000240637193201,
        "max": 0.7333984375,
        "mean": 0.0591759942472,
        "median": 0.0537109375,
        "min": 0.00244140625,
        "var": 0.00143666646909
    },
    "barkbands": {
        "dmean": [0.000292638054816, 0.00539566762745, 0.00453932117671, 0.00295210583135, 0.00445900205523, 0.0017804246163, 0.00173748203088, 0.00100064708386, 0.000904691813048, 0.00111773516983, 0.000541004410479, 0.000625505577773, 0.000578492297791, 0.000286319234874, 0.000371127738617, 0.000313514174195, 0.000198656736757, 0.000174164786586, 0.000245397037361, 0.000168828977621, 0.000209857258596, 0.000176308793016, 0.000152551656356, 0.000127784078359, 8.45017784741e-05, 5.58940628252e-05, 1.2269232684e-05],
        "dmean2": [0.000446622434538, 0.00782148912549, 0.00667306687683, 0.00466699711978, 0.0072010117583, 0.00285316933878, 0.00281118019484, 0.00162915000692, 0.0014814917231, 0.00181105127558, 0.000856669328641, 0.00102222943678, 0.000988323008642, 0.000496639404446, 0.000631991308182, 0.00051927997265, 0.000327175541315, 0.000285498856101, 0.000416462717112, 0.000280811393168, 0.000354430259904, 0.000291944306809, 0.000264967646217, 0.000222274233238, 0.000146944497828, 9.60509860306e-05, 2.15254549403e-05],
        "dvar": [3.69035177528e-07, 0.000126074621221, 9.42084006965e-05, 4.68702091894e-05, 6.12431394984e-05, 8.83929260453e-06, 6.05265222475e-06, 4.138685199e-06, 2.71027170129e-06, 4.32398746852e-06, 1.17237470931e-06, 1.48250683196e-06, 1.02349235931e-06, 3.16954015034e-07, 5.50810909772e-07, 5.28884186224e-07, 1.28302701796e-07, 7.67039409766e-08, 2.44086720613e-07, 6.34666719179e-08, 2.80996090396e-07, 1.21849154766e-07, 7.9181184276e-08, 6.0376336819e-08, 3.0216725122e-08, 1.27813137851e-08, 8.96401508577e-10],
        "dvar2": [8.6047447212e-07, 0.000251476449193, 0.00020189814677, 0.000118864481919, 0.000157696165843, 2.03137860808e-05, 1.46573602251e-05, 1.06629913716e-05, 6.98715120961e-06, 1.16030805657e-05, 2.60201727542e-06, 3.43032047567e-06, 2.82750329461e-06, 8.75060095495e-07, 1.40108295454e-06, 1.3377535879e-06, 2.91360834126e-07, 1.91422998341e-07, 6.6158872869e-07, 1.65743387015e-07, 7.94904622126e-07, 3.27714332116e-07, 2.08988268469e-07, 1.63578391721e-07, 8.06841811141e-08, 3.36879182328e-08, 2.40202169266e-09],
        "max": [0.0131759382784, 0.183489665389, 0.137955382466, 0.0789594203234, 0.081662632525, 0.0839687436819, 0.0431273169816, 0.060270447284, 0.037203732878, 0.0590227395296, 0.0175785925239, 0.0297001227736, 0.0293786991388, 0.00904362089932, 0.0176961459219, 0.0245905965567, 0.0103366086259, 0.00681207701564, 0.00837373547256, 0.00296561396681, 0.0109494412318, 0.00528998160735, 0.00305538857356, 0.00243038171902, 0.0021654246375, 0.00101570563857, 0.000345729466062],
        "mean": [0.000392638845369, 0.00988741591573, 0.0058229570277, 0.00353476381861, 0.00599911017343, 0.00245028338395, 0.00235470221378, 0.00134862866253, 0.00124696432613, 0.00157644960564, 0.000699798809364, 0.000897424120922, 0.000784066738561, 0.000361434911611, 0.00049496255815, 0.000447582220659, 0.000304491375573, 0.00028432047111, 0.000365193933249, 0.000276690436294, 0.00029036187334, 0.00023076137586, 0.000178628964932, 0.000145911137224, 8.89110451681e-05, 5.40060027561e-05, 1.11470017146e-05],
        "median": [7.68018217059e-05, 0.00161356211174, 0.00132809299976, 0.000788033357821, 0.00275636021979, 0.00122386647854, 0.00129272474442, 0.000538237334695, 0.000557710358407, 0.000729591003619, 0.000257312553003, 0.000357950164471, 0.000433458219049, 0.000166792713571, 0.000238995009568, 0.000219699941226, 0.000159168645041, 0.000173161068233, 0.000210364043596, 0.000152987078764, 0.000138199218782, 8.59481733642e-05, 4.80518938275e-05, 3.29638824041e-05, 2.11070964724e-05, 7.70480983192e-06, 2.98517306874e-07],
        "min": [1.98843218277e-24, 7.77456422e-24, 1.60457842219e-23, 5.70479594196e-24, 2.27581101565e-23, 3.68700586673e-23, 3.28772833717e-23, 1.57125599092e-23, 5.75882092328e-23, 2.7882345493e-23, 3.68313098196e-23, 3.69262697399e-23, 4.2982900801e-23, 7.64965803531e-23, 6.32664110959e-23, 9.44040321351e-23, 1.02197163774e-22, 9.51296895046e-23, 1.59658315914e-22, 2.44635081579e-22, 3.31725224541e-22, 3.9044237577e-22, 5.41827080645e-22, 8.26653830173e-22, 1.15058470507e-21, 1.57776724883e-21, 2.36918502264e-21],
        "var": [6.78484695982e-07, 0.000364710984286, 0.000129917199956, 4.85919263156e-05, 7.49174650991e-05, 1.49031866385e-05, 9.22875005926e-06, 5.7989986999e-06, 4.08010419051e-06, 6.63063610773e-06, 1.88678484392e-06, 2.96840653391e-06, 1.36110452331e-06, 3.31875696702e-07, 6.46594742193e-07, 6.53667257211e-07, 1.96312186063e-07, 1.18389273496e-07, 2.53171464237e-07, 1.09221439004e-07, 2.38262444441e-07, 1.37757197649e-07, 8.59554774024e-08, 7.03115077272e-08, 3.00198905734e-08, 1.18447225361e-08, 9.28356225227e-10]
    },
    "erbbands": {
        "dmean": [0.157751753926, 1.30525481701, 4.57035303116, 7.96114349365, 10.4228239059, 16.9657688141, 16.9374084473, 13.5589504242, 23.1267871857, 19.9174938202, 22.3958530426, 24.2179393768, 12.8576278687, 41.0345230103, 23.6960525513, 21.5434246063, 28.4440097809, 13.3286981583, 17.522436142, 19.0337238312, 17.793554306, 10.1347446442, 9.76550102234, 9.06953430176, 12.8961381912, 8.42169284821, 9.16056060791, 6.94609165192, 6.07453966141, 5.27523422241, 4.1422419548, 3.03132390976, 2.13516545296, 0.988400578499, 0.615736365318, 0.234548538923, 0.114580854774, 0.0242567900568, 0.00212605833076, 4.41789961769e-05],
        "dmean2": [0.225652471185, 1.88543653488, 6.62169837952, 12.1425151825, 16.7842540741, 27.8019943237, 27.2071609497, 21.9553642273, 37.3301506042, 32.9328575134, 36.3149757385, 39.745475769, 21.0085659027, 66.368522644, 37.8311920166, 36.0030632019, 48.5173339844, 23.3674545288, 30.214099884, 31.9714260101, 29.1835975647, 16.5246601105, 15.9823513031, 15.0060024261, 22.0758857727, 14.0766792297, 15.7556800842, 11.2656831741, 10.0652713776, 8.95403289795, 7.18400287628, 5.27199554443, 3.74779987335, 1.72378182411, 1.07348287106, 0.403387516737, 0.198705583811, 0.0413633622229, 0.00375687773339, 7.57093075663e-05],
        "dvar": [0.12713599205, 7.14555358887, 89.8157501221, 294.81640625, 435.094390869, 939.376586914, 815.842651367, 615.917053223, 1095.75317383, 1132.42199707, 2077.3503418, 2126.31396484, 520.317077637, 5912.49169922, 1523.53381348, 1361.0748291, 2593.64770508, 816.106445312, 736.715759277, 2528.6953125, 1449.27111816, 248.623291016, 264.392272949, 238.280303955, 817.983520508, 159.125091553, 446.018920898, 209.662033081, 143.303771973, 112.784126282, 59.9933815002, 31.3703536987, 18.4983501434, 3.95963382721, 1.7035292387, 0.224275976419, 0.0570292696357, 0.00267607043497, 2.83496920019e-05, 6.60956711585e-09],
        "dvar2": [0.241060659289, 14.1582393646, 180.310348511, 689.427368164, 1120.00244141, 2469.44897461, 1805.07531738, 1458.48474121, 2613.98339844, 2999.13208008, 5294.79101562, 5457.86376953, 1329.78674316, 16235.0800781, 3534.43676758, 3437.25292969, 7159.36474609, 2264.64086914, 2036.4440918, 6248.39892578, 3541.01489258, 583.07208252, 649.811828613, 621.176147461, 2244.50488281, 422.933868408, 1263.83557129, 570.712524414, 387.50579834, 299.877441406, 157.986984253, 82.7974014282, 50.7508049011, 10.5665779114, 4.57944631577, 0.591731369495, 0.151398599148, 0.00698074745014, 7.67216115491e-05, 1.79649966014e-08],
        "max": [5.47679185867, 40.9536819458, 130.731109619, 190.435958862, 250.636245728, 397.149597168, 738.723693848, 685.441772461, 604.333618164, 473.709960938, 1308.24865723, 1133.78808594, 469.103088379, 2327.53662109, 642.680297852, 671.118103027, 1552.8449707, 460.325256348, 437.867889404, 1299.15771484, 1060.40856934, 287.916015625, 267.995941162, 270.986999512, 573.129394531, 152.23765564, 399.902160645, 256.902862549, 163.311599731, 148.007369995, 81.1852493286, 60.6840667725, 48.843460083, 24.0960865021, 23.7409629822, 5.44369411469, 2.40831518173, 0.569718837738, 0.0659689158201, 0.000974872149527],
        "mean": [0.272520184517, 2.2935385704, 6.44869709015, 10.2427892685, 13.5328445435, 21.7561264038, 24.1198329926, 19.0277557373, 31.5174503326, 27.1022987366, 32.7949790955, 33.4025802612, 20.5548000336, 58.7152023315, 36.7037506104, 32.2950706482, 39.1158676147, 17.6091804504, 24.9934673309, 26.1472759247, 25.6137504578, 17.0563964844, 16.4140453339, 15.0590238571, 18.5633106232, 13.8004865646, 12.9672937393, 9.88928985596, 8.14487075806, 6.60049104691, 4.75591087341, 3.485861063, 2.32146930695, 1.08980965614, 0.606674492359, 0.233979597688, 0.103348128498, 0.0244200471789, 0.00185437477194, 7.76430824772e-05],
        "median": [0.0357671566308, 0.431410908699, 1.84862065315, 3.44483447075, 5.76393508911, 9.19361495972, 10.7050094604, 9.71955966949, 17.3334255219, 15.7266921997, 15.2290067673, 15.4202241898, 11.5111637115, 29.0741024017, 19.0993671417, 17.048992157, 21.6500911713, 9.76559925079, 14.7682437897, 12.1048154831, 11.9417886734, 9.49838638306, 9.57881736755, 9.25340175629, 10.6995010376, 7.91131544113, 6.35831212997, 4.48919868469, 3.0853073597, 2.18734025955, 1.26606190205, 0.78740721941, 0.503272533417, 0.276649534702, 0.124965257943, 0.0440852716565, 0.0123321935534, 0.00173291773535, 7.14852358215e-05, 5.52909077669e-05],
        "min": [1.84328634371e-22, 1.40797015177e-21, 1.56566129093e-20, 1.73564933019e-20, 5.37635861899e-20, 7.99706713236e-20, 1.07146501277e-19, 3.22119743562e-19, 5.1596626309e-19, 2.68098852503e-19, 4.81258229877e-19, 1.23857227276e-18, 1.30312710213e-18, 1.24262845629e-18, 2.15933782507e-18, 1.71186723488e-18, 2.75928654668e-18, 4.60772026672e-18, 3.06885682298e-18, 5.69146997141e-18, 4.219074419e-18, 5.37031958013e-18, 4.82566043784e-18, 6.98431273698e-18, 7.95384451551e-18, 1.28625071511e-17, 1.22954144571e-17, 1.36715311493e-17, 1.54399415557e-17, 1.4761569081e-17, 1.4426231715e-17, 1.47407390188e-17, 1.23436639022e-17, 1.16082027303e-17, 9.10881695248e-18, 5.72770379096e-18, 3.0931411914e-18, 1.02091561779e-18, 2.862170289e-19, 3.31110899553e-20],
        "var": [0.344579279423, 19.2952842712, 144.087097168, 352.719909668, 442.957427979, 1044.25708008, 1777.78417969, 946.270568848, 1740.79833984, 1326.65991211, 3009.93457031, 3047.73095703, 850.182739258, 8694.66894531, 2915.38989258, 2284.23535156, 3394.27172852, 772.880065918, 929.10925293, 2784.52661133, 1955.92321777, 441.291442871, 414.735809326, 324.021026611, 753.067810059, 258.057800293, 407.301818848, 222.265686035, 170.867523193, 119.599533081, 63.1265106201, 36.8211402893, 19.7094745636, 4.38935804367, 1.52599442005, 0.204980179667, 0.0488571114838, 0.00329159176908, 2.63306028501e-05, 7.20952630928e-09]
    },
    "gfcc": {
        "mean": [4.54844522476, 92.1257171631, -121.778121948, 25.7692527771, -61.1541481018, 9.26407241821, -33.39037323, 4.30800867081, -25.6531639099, 2.31890368462, -14.6275281906, 1.60065686703, -9.71497631073],
        "cov": [[17892.9042969, 194.924804688, 1514.60571289, 1024.57653809, -507.542663574, 704.112792969, -349.251159668, 154.469314575, -222.76159668, 100.387763977, -262.663909912, 103.674232483, -169.419723511], [194.924804688, 1967.04528809, -155.087936401, -52.3762283325, 292.590484619, -70.1288299561, 188.453933716, -152.052185059, 77.5965194702, -202.313659668, 115.007270813, -175.553466797, 87.5440139771], [1514.60571289, -155.087936401, 1287.45727539, 414.743621826, 156.577331543, 238.858078003, 53.7605934143, 75.0467224121, -26.4008407593, 36.8388977051, -116.038803101, 5.37689590454, -103.309295654], [1024.57653809, -52.3762283325, 414.743621826, 593.894104004, 125.206916809, 178.175003052, 68.217300415, 94.4140090942, 54.6325721741, 55.4871025085, -34.2918014526, -6.46920537949, -5.13373994827], [-507.542663574, 292.590484619, 156.577331543, 125.206916809, 361.5909729, 69.1831207275, 133.346862793, 43.6037254333, 77.7612762451, -3.38242769241, 15.9404649734, -26.6901988983, -0.8963149786], [704.112792969, -70.1288299561, 238.858078003, 178.175003052, 69.1831207275, 207.063491821, 61.2975082397, 77.0023574829, 31.5375785828, 36.2690734863, -11.513926506, 10.9716691971, -11.6247911453], [-349.251159668, 188.453933716, 53.7605934143, 68.217300415, 133.346862793, 61.2975082397, 175.68270874, 64.4976577759, 55.1810760498, 5.0344543457, 29.8846549988, -17.9541931152, 8.06450080872], [154.469314575, -152.052185059, 75.0467224121, 94.4140090942, 43.6037254333, 77.0023574829, 64.4976577759, 152.651000977, 59.5180702209, 65.9150238037, 7.25686216354, 28.1892719269, 0.220267027617], [-222.76159668, 77.5965194702, -26.4008407593, 54.6325721741, 77.7612762451, 31.5375785828, 55.1810760498, 59.5180702209, 130.82661438, 48.0035896301, 42.1735534668, 10.7868099213, 32.8332939148], [100.387763977, -202.313659668, 36.8388977051, 55.4871025085, -3.38242769241, 36.2690734863, 5.0344543457, 65.9150238037, 48.0035896301, 114.635520935, 21.550907135, 35.1785240173, -0.00225003296509], [-262.663909912, 115.007270813, -116.038803101, -34.2918014526, 15.9404649734, -11.513926506, 29.8846549988, 7.25686216354, 42.1735534668, 21.550907135, 97.8858718872, 20.823720932, 34.6222915649], [103.674232483, -175.553466797, 5.37689590454, -6.46920537949, -26.6901988983, 10.9716691971, -17.9541931152, 28.1892719269, 10.7868099213, 35.1785240173, 20.823720932, 95.2465362549, 31.7796001434], [-169.419723511, 87.5440139771, -103.309295654, -5.13373994827, -0.8963149786, -11.6247911453, 8.06450080872, 0.220267027617, 32.8332939148, -0.00225003296509, 34.6222915649, 31.7796001434, 101.186309814]],
        "icov": [[0.000107559681055, -0.000187149038538, -3.10602154059e-05, -0.000126705679577, 0.000249555101618, -0.000361142883776, 0.000354703428457, -0.00020068930462, 0.000187955898582, -0.000153069486259, 0.00019629864255, -0.000307173642796, 0.00020507107547], [-0.000187149038538, 0.00148716964759, -7.63872085372e-05, 0.00024747531279, -0.000887371366844, 0.000769425416365, -0.00122928409837, 0.00119302188978, -0.000971754314378, 0.00182181585114, -0.00174282933585, 0.00229534786195, -0.00129874539562], [-3.10602154059e-05, -7.63872085372e-05, 0.00138559646439, -0.000567250186577, -0.000423354649683, -0.000788133766036, -0.000160249808687, 0.000290052645141, 0.000441754556959, -0.000324952590745, 0.00115093321074, -0.000904528715182, 0.00106474512722], [-0.000126705679577, 0.00024747531279, -0.000567250186577, 0.00292308093049, -0.000644497165922, -0.000925273110624, -0.000241362955421, -0.000215644817217, -0.000599484483246, -0.000516891421285, 0.000346450600773, 0.00138895458076, -0.00130966887809], [0.000249555101618, -0.000887371366844, -0.000423354649683, -0.000644497165922, 0.00525827193633, -0.00091187300859, -0.00163484644145, -0.000133249413921, -0.00161026429851, 9.35816424317e-05, 0.000969921587966, -0.00112793850712, 0.0013379259035], [-0.000361142883776, 0.000769425416365, -0.000788133766036, -0.000925273110624, -0.00091187300859, 0.00954797770828, -0.00268972292542, -0.00130561133847, -0.000749640341382, 0.000465454242658, -0.000653566443361, 0.000546525872778, -0.000520687084645], [0.000354703428457, -0.00122928409837, -0.000160249808687, -0.000241362955421, -0.00163484644145, -0.00268972292542, 0.0122878961265, -0.00537845259532, 0.000397593597881, 0.000952359347139, -0.00203162687831, 0.00100042193662, 0.000442415330326], [-0.00020068930462, 0.00119302188978, 0.000290052645141, -0.000215644817217, -0.000133249413921, -0.00130561133847, -0.00537845259532, 0.0140309007838, -0.0038023525849, -0.00335429585539, 0.00134059519041, -0.00141897576395, 0.000384624523576], [0.000187955898582, -0.000971754314378, 0.000441754556959, -0.000599484483246, -0.00161026429851, -0.000749640341382, 0.000397593597881, -0.0038023525849, 0.0148708131164, -0.00535731343552, -0.00203220383264, 0.000453982764157, -0.00282043847255], [-0.000153069486259, 0.00182181585114, -0.000324952590745, -0.000516891421285, 9.35816424317e-05, 0.000465454242658, 0.000952359347139, -0.00335429585539, -0.00535731343552, 0.0175490640104, -0.0050623244606, -0.000600928324275, 0.0014548531035], [0.00019629864255, -0.00174282933585, 0.00115093321074, 0.000346450600773, 0.000969921587966, -0.000653566443361, -0.00203162687831, 0.00134059519041, -0.00203220383264, -0.0050623244606, 0.017947556451, -0.00551448296756, -0.000628074223641], [-0.000307173642796, 0.00229534786195, -0.000904528715182, 0.00138895458076, -0.00112793850712, 0.000546525872778, 0.00100042193662, -0.00141897576395, 0.000453982764157, -0.000600928324275, -0.00551448296756, 0.0193938557059, -0.00772857572883], [0.00020507107547, -0.00129874539562, 0.00106474512722, -0.00130966887809, 0.0013379259035, -0.000520687084645, 0.000442415330326, 0.000384624523576, -0.00282043847255, 0.0014548531035, -0.000628074223641, -0.00772857572883, 0.0158437713981]]
    },
    "melbands": {
        "dmean": [0.00142310082447, 0.00199938123114, 0.00131857534871, 0.00105402769987, 0.000604000117164, 0.0003035851405, 0.000358794670319, 0.00021666289831, 0.000181342285941, 0.000136567585287, 6.90089582349e-05, 0.000178867427167, 8.62098168e-05, 7.80283808126e-05, 5.61166343687e-05, 5.12495535077e-05, 2.28122898989e-05, 2.93616431009e-05, 2.54604437941e-05, 2.2726433599e-05, 2.12620197999e-05, 1.04838081825e-05, 1.19836013255e-05, 8.49974821904e-06, 7.47563581172e-06, 1.07016539914e-05, 7.41995381759e-06, 5.57254998057e-06, 5.5340842664e-06, 6.50860010865e-06, 3.51767926077e-06, 3.50703794538e-06, 3.70532211491e-06, 2.69693919108e-06, 2.20867514145e-06, 2.71215753855e-06, 1.53837936523e-06, 1.86887348264e-06, 8.93631295185e-07, 7.71720294779e-07],
        "dmean2": [0.00205160304904, 0.00288591487333, 0.00196891045198, 0.00169773760717, 0.000976225943305, 0.000489442434628, 0.000578641425818, 0.000356871954864, 0.000293968128972, 0.000224600327783, 0.000112582041766, 0.000289413786959, 0.000136507296702, 0.000126664686832, 9.5648894785e-05, 8.78295031725e-05, 4.01164070354e-05, 5.05966199853e-05, 4.35556394223e-05, 3.76463904104e-05, 3.49528672814e-05, 1.72488817043e-05, 1.97298249986e-05, 1.39570265674e-05, 1.24081352624e-05, 1.8251934307e-05, 1.27856483232e-05, 9.22826529859e-06, 9.4920014817e-06, 1.12379620987e-05, 5.59384488952e-06, 5.80767436986e-06, 6.33909894532e-06, 4.6185004976e-06, 3.80186702387e-06, 4.8392817007e-06, 2.60397587226e-06, 3.32814011017e-06, 1.54432041199e-06, 1.34662320761e-06],
        "dvar": [9.44282692217e-06, 1.41958735185e-05, 7.06401851858e-06, 3.76824527848e-06, 1.00499948985e-06, 2.90874709208e-07, 2.62366199877e-07, 1.35121311473e-07, 1.12710935696e-07, 6.71782203199e-08, 1.5741512982e-08, 1.14097019832e-07, 2.67791495645e-08, 2.72334155227e-08, 9.63569313228e-09, 7.30930693749e-09, 2.72300293425e-09, 2.16428630573e-09, 2.75506217839e-09, 4.54303661357e-09, 2.06252104284e-09, 2.81624723542e-10, 6.16433404321e-10, 2.29515170758e-10, 1.78684372854e-10, 4.92845375621e-10, 2.64385596749e-10, 6.51506765204e-11, 1.14653668504e-10, 4.79691786293e-10, 4.21650284133e-11, 5.27840479658e-11, 7.75545530574e-11, 3.00150460042e-11, 1.82825334732e-11, 2.70453763551e-11, 8.09400203111e-12, 1.59597057792e-11, 2.71704078507e-12, 2.49507467638e-12],
        "dvar2": [1.88097928913e-05, 2.78387506114e-05, 1.6006455553e-05, 9.75669991021e-06, 2.34620779338e-06, 6.82785469053e-07, 6.21392757694e-07, 3.60545158173e-07, 2.85405832301e-07, 1.73519822511e-07, 3.95864958591e-08, 3.11801841235e-07, 6.10826091929e-08, 6.18868156721e-08, 2.63122519328e-08, 2.03171257596e-08, 7.56708917748e-09, 5.94389781838e-09, 7.0630852278e-09, 1.15527729605e-08, 4.98826180362e-09, 6.49696296762e-10, 1.5002494802e-09, 5.84486403721e-10, 4.66220839712e-10, 1.34547306629e-09, 7.28178406462e-10, 1.70850264491e-10, 3.17500248315e-10, 1.38097144831e-09, 1.09251427349e-10, 1.4385467817e-10, 2.14681036836e-10, 8.01420041441e-11, 4.8123227625e-11, 7.28776691772e-11, 2.13299447549e-11, 4.45939361826e-11, 7.23223694474e-12, 6.66346275033e-12],
        "max": [0.0529765561223, 0.0487863644958, 0.0291960369796, 0.0199003741145, 0.0214408431202, 0.015373390168, 0.00962642114609, 0.00661873351783, 0.00867270678282, 0.00641782907769, 0.00238264608197, 0.0101217925549, 0.0026694543194, 0.00414955336601, 0.00235923868604, 0.0022684156429, 0.000848526484333, 0.000974500377197, 0.00120082334615, 0.00236640358344, 0.00124588934705, 0.000423660734668, 0.000722466968, 0.000474737171317, 0.000259461201495, 0.000355671218131, 0.000300586310914, 0.000117548843264, 0.000234191902564, 0.000479668175103, 0.000120720593259, 0.000116516544949, 0.000194495500182, 8.63607783685e-05, 5.19649584021e-05, 5.12848309882e-05, 3.38570353051e-05, 4.62974676338e-05, 2.33985501836e-05, 2.03200870601e-05],
        "mean": [0.00263741449453, 0.00330012990162, 0.00181278516538, 0.00135267048609, 0.000873230863363, 0.000423121324275, 0.000485812546685, 0.000297825608868, 0.000268989242613, 0.000184104268556, 0.000103556660179, 0.000252199242823, 0.000120950724522, 0.000112950896437, 7.66977318563e-05, 6.93652036716e-05, 2.7772217436e-05, 4.0386832552e-05, 3.39669677487e-05, 3.1469953683e-05, 2.90284351649e-05, 1.61511106853e-05, 1.84636464837e-05, 1.26471331896e-05, 1.16627625175e-05, 1.52271559273e-05, 1.04311557152e-05, 8.87542773853e-06, 7.88564739196e-06, 7.89583918959e-06, 5.05186699229e-06, 4.71903831567e-06, 4.28061548519e-06, 3.34651986122e-06, 2.59491207544e-06, 2.73022669717e-06, 1.88011222235e-06, 1.91667572835e-06, 1.0105571846e-06, 8.41578639665e-07],
        "median": [0.000407474464737, 0.00106971105561, 0.000720703217667, 0.000571572571062, 0.000421315868152, 0.000216763466597, 0.000265330134425, 0.000168292259332, 0.000131420456455, 8.16868268885e-05, 5.33883903699e-05, 0.000119448464829, 5.21633519384e-05, 4.19631578552e-05, 4.06947474403e-05, 3.83619626518e-05, 1.32310169647e-05, 2.25345593208e-05, 1.62176984304e-05, 1.44975365401e-05, 1.27702915051e-05, 8.34389265947e-06, 8.72576856636e-06, 7.32000580683e-06, 6.87913689035e-06, 8.48464605951e-06, 5.90368381381e-06, 4.82240056954e-06, 3.88099397242e-06, 3.36561834047e-06, 2.21296613745e-06, 1.74391152541e-06, 1.46105355725e-06, 1.047632054e-06, 7.34227171506e-07, 5.48659841115e-07, 4.34281361095e-07, 3.71998510218e-07, 2.56295095369e-07, 2.08149927516e-07],
        "min": [3.0696855658e-24, 5.89421880024e-24, 4.07646633786e-24, 5.634685929e-24, 4.72783588705e-24, 8.16666989953e-24, 7.4335270289e-24, 3.28740506197e-24, 4.192652533e-24, 8.24752656459e-24, 6.52114786086e-24, 4.82444334338e-24, 4.87414552471e-24, 3.92038271358e-24, 5.57957571174e-24, 6.16479651301e-24, 8.40175044928e-24, 3.01493566075e-24, 5.38652054341e-24, 5.99063101349e-24, 4.60702105055e-24, 5.62045290612e-24, 5.07421879408e-24, 4.25903754475e-24, 5.37722105663e-24, 5.41551236497e-24, 7.28067733991e-24, 8.62265122427e-24, 7.17781618875e-24, 8.72422022126e-24, 7.3141187314e-24, 8.45049968664e-24, 6.04907574581e-24, 8.54465733543e-24, 7.87577428528e-24, 8.63232265896e-24, 8.49309817552e-24, 8.37186997591e-24, 8.675941145e-24, 9.89354558562e-24],
        "var": [2.7658914405e-05, 2.99592466035e-05, 9.14028350962e-06, 4.07718152928e-06, 2.0184540972e-06, 4.59357181626e-07, 4.14744391719e-07, 1.60604770372e-07, 1.72913075858e-07, 9.50344798412e-08, 2.53121292815e-08, 1.69545643303e-07, 4.43712053766e-08, 5.63597382097e-08, 1.32897657323e-08, 9.39608924e-09, 2.47786680063e-09, 2.75127987059e-09, 3.12519388146e-09, 4.59341853443e-09, 2.68744826393e-09, 4.67530569814e-10, 9.1665508517e-10, 2.86113938097e-10, 2.28706290017e-10, 4.84813023061e-10, 2.41050540639e-10, 1.17068091332e-10, 1.2565552765e-10, 3.34671096391e-10, 5.50242594544e-11, 6.5192164167e-11, 6.42523464989e-11, 3.21951666715e-11, 1.97082888204e-11, 2.43445350684e-11, 1.18753054265e-11, 1.55720696754e-11, 3.27623258384e-12, 2.76180055388e-12]
    },
    "mfcc": {
        "mean": [-631.464233398, 121.797569275, -3.54302620888, 19.0174007416, -5.62421321869, 4.55218982697, -0.315128356218, 1.14908492565, -2.84908485413, -0.548145473003, -3.72455883026, -0.488066881895, 0.679538488388],
        "cov": [[10074.7412109, 153.270202637, 863.471191406, 660.62097168, 96.2953033447, 269.406402588, 6.39934253693, 40.6017303467, 28.676202774, 99.1957168579, -63.1506843567, -5.25547647476, 2.34657740593], [153.270202637, 1874.45251465, -223.697158813, 69.4336547852, 34.5047683716, 37.6960830688, 94.3468093872, 40.632434845, -1.59240353107, -55.6906852722, -14.1360311508, -8.58649635315, 24.7801132202], [863.471191406, -223.697158813, 892.852783203, 271.21206665, 169.571838379, 188.229431152, 83.4537811279, 70.678237915, 63.1212615967, 49.499912262, 9.25583839417, 4.83098268509, -28.2210025787], [660.62097168, 69.4336547852, 271.21206665, 403.09085083, 155.148895264, 149.651184082, 79.056678772, 73.9797210693, 78.0093917847, 62.9496536255, 31.6715393066, 23.3098697662, 3.04333734512], [96.2953033447, 34.5047683716, 169.571838379, 155.148895264, 232.548812866, 117.482322693, 59.7953071594, 61.3598098755, 68.8680038452, 46.0326881409, 29.3213577271, 26.466085434, 5.07206773758], [269.406402588, 37.6960830688, 188.229431152, 149.651184082, 117.482322693, 175.80065918, 69.7905426025, 57.405090332, 53.1217956543, 38.3303909302, 19.7191123962, 17.9696998596, 3.698097229], [6.39934253693, 94.3468093872, 83.4537811279, 79.056678772, 59.7953071594, 69.7905426025, 140.025985718, 67.3004608154, 40.2548828125, 36.9841918945, 33.1437072754, 10.4240045547, -0.480680555105], [40.6017303467, 40.632434845, 70.678237915, 73.9797210693, 61.3598098755, 57.405090332, 67.3004608154, 115.603843689, 60.3162078857, 36.6708641052, 28.0806655884, 17.9868831635, 10.0215377808], [28.676202774, -1.59240353107, 63.1212615967, 78.0093917847, 68.8680038452, 53.1217956543, 40.2548828125, 60.3162078857, 121.806922913, 55.7813568115, 23.5474720001, 26.525094986, 19.6537284851], [99.1957168579, -55.6906852722, 49.499912262, 62.9496536255, 46.0326881409, 38.3303909302, 36.9841918945, 36.6708641052, 55.7813568115, 100.610076904, 51.5194740295, 22.3604640961, 12.3245344162], [-63.1506843567, -14.1360311508, 9.25583839417, 31.6715393066, 29.3213577271, 19.7191123962, 33.1437072754, 28.0806655884, 23.5474720001, 51.5194740295, 90.3234786987, 43.7783088684, 14.5393610001], [-5.25547647476, -8.58649635315, 4.83098268509, 23.3098697662, 26.466085434, 17.9696998596, 10.4240045547, 17.9868831635, 26.525094986, 22.3604640961, 43.7783088684, 71.51587677, 30.3900852203], [2.34657740593, 24.7801132202, -28.2210025787, 3.04333734512, 5.07206773758, 3.698097229, -0.480680555105, 10.0215377808, 19.6537284851, 12.3245344162, 14.5393610001, 30.3900852203, 78.1058425903]],
