{
"lowlevel": {
    "average_loudness": 0.830204427242,
    "barkbands_crest": {
        "dmean": 2.81499385834,
        "dmean2": 4.27331876755,
        "dvar": 7.79843902588,
        "dvar2": 15.163351059,
        "max": 25.7909660339,
        "mean": 9.59198570251,
        "median": 7.89776325226,
        "min": 1.88924252987,
        "var": 31.2661399841
    },
    "barkbands_flatness_db": {
        "dmean": 0.0236393585801,
        "dmean2": 0.0341734886169,
        "dvar": 0.000496121414471,
        "dvar2": 0.000996307702735,
        "max": 0.412204444408,
        "mean": 0.110367931426,
        "median": 0.0965543314815,
        "min": 0.021792979911,
        "var": 0.00284655462019
    },
    "barkbands_kurtosis": {
        "dmean": 2.61506748199,
        "dmean2": 3.84732818604,
        "dvar": 63.1524162292,
        "dvar2": 133.657211304,
        "max": 426.157409668,
        "mean": 2.5145816803,
        "median": -0.621138572693,
        "min": -1.88127875328,
        "var": 125.646034241
    },
    "barkbands_skewness": {
        "dmean": 0.596271574497,
        "dmean2": 0.853814423084,
        "dvar": 0.433166652918,
        "dvar2": 0.803454399109,
        "max": 16.3526153564,
        "mean": 1.10297608376,
        "median": 0.718839049339,
        "min": -3.17108535767,
        "var": 2.23334813118
    },
    "barkbands_spread": {
        "dmean": 8.17145252228,
        "dmean2": 12.2524175644,
        "dvar": 71.3865737915,
        "dvar2": 146.003128052,
        "max": 122.165115356,
        "mean": 40.2473373413,
        "median": 39.3415985107,
        "min": 0.453044503927,
        "var": 410.928619385
    },
    "dissonance": {
        "dmean": 0.0116839464754,
        "dmean2": 0.0199813097715,
        "dvar": 0.000179883776582,
        "dvar2": 0.000504906871356,
        "max": 0.500000119209,
        "mean": 0.479532241821,
        "median": 0.485023111105,
        "min": 0.30523365736,
        "var": 0.000408028921811
    },
    "dynamic_complexity": 3.63377475739,
    "erbbands_crest": {
        "dmean": 1.76078605652,
        "dmean2": 2.9486989975,
        "dvar": 3.42958784103,
        "dvar2": 8.64257335663,
        "max": 26.6369457245,
        "mean": 5.9147605896,
        "median": 5.12386465073,
        "min": 1.97745227814,
        "var": 7.21973562241
    },
    "erbbands_flatness_db": {
        "dmean": 0.0129056954756,
        "dmean2": 0.0200423952192,
        "dvar": 0.000174811022589,
        "dvar2": 0.000411684333812,
        "max": 0.350105583668,
        "mean": 0.131460875273,
        "median": 0.113898068666,
        "min": 0.0336973890662,
        "var": 0.00223266123794
    },
    "erbbands_kurtosis": {
        "dmean": 0.687114238739,
        "dmean2": 1.10279607773,
        "dvar": 0.774883687496,
        "dvar2": 1.87856066227,
        "max": 39.7444419861,
        "mean": -0.0785975083709,
        "median": -0.397240400314,
        "min": -1.80218696594,
        "var": 2.45303010941
    },
    "erbbands_skewness": {
        "dmean": 0.311641156673,
        "dmean2": 0.492570787668,
        "dvar": 0.0819582566619,
        "dvar2": 0.190150812268,
        "max": 2.98754692078,
        "mean": -0.434400826693,
        "median": -0.477550476789,
        "min": -3.93872952461,
        "var": 0.385841310024
    },
    "erbbands_spread": {
        "dmean": 9.13139724731,
        "dmean2": 14.1294307709,
        "dvar": 76.090385437,
        "dvar2": 164.607955933,
        "max": 158.03465271,
        "mean": 49.2845115662,
        "median": 46.8198204041,
        "min": 3.650141716,
        "var": 356.546112061
    },
    "hfc": {
        "dmean": 15.9638032913,
        "dmean2": 24.2903137207,
        "dvar": 383.097961426,
        "dvar2": 879.961975098,
        "max": 241.250442505,
        "mean": 41.7184486389,
        "median": 36.8401412964,
        "min": 1.14066274177e-16,
        "var": 1017.30743408
    },
    "melbands_crest": {
        "dmean": 3.6927523613,
        "dmean2": 5.61248588562,
        "dvar": 10.4073295593,
        "dvar2": 23.021987915,
        "max": 35.6737060547,
        "mean": 14.2879495621,
        "median": 13.3926477432,
        "min": 1.60482347012,
        "var": 37.5404663086
    },
    "melbands_flatness_db": {
        "dmean": 0.0292733740062,
        "dmean2": 0.0419704392552,
        "dvar": 0.000885094807018,
        "dvar2": 0.00160246307496,
        "max": 0.515583276749,
        "mean": 0.140917420387,
        "median": 0.119620107114,
        "min": 0.0013734283857,
        "var": 0.00565605377778
    },
    "melbands_kurtosis": {
        "dmean": 9.79186248779,
        "dmean2": 14.0128765106,
        "dvar": 377.967102051,
        "dvar2": 713.143981934,
        "max": 426.322265625,
        "mean": 17.3809642792,
        "median": 4.51147127151,
        "min": -1.92710232735,
        "var": 1181.96032715
    },
    "melbands_skewness": {
        "dmean": 0.911966562271,
        "dmean2": 1.30408215523,
        "dvar": 1.09667694569,
        "dvar2": 1.93414568901,
        "max": 16.3503017426,
        "mean": 3.0036034584,
        "median": 2.1585547924,
        "min": -1.64918529987,
        "var": 5.95595169067
    },
    "melbands_spread": {
        "dmean": 13.8382959366,
        "dmean2": 21.1067829132,
        "dvar": 264.82925415,
        "dvar2": 559.941711426,
        "max": 272.444274902,
        "mean": 45.964756012,
        "median": 41.2157936096,
        "min": 0.394850313663,
        "var": 1097.9810791
    },
    "pitch_salience": {
        "dmean": 0.0790567621589,
        "dmean2": 0.116098843515,
        "dvar": 0.00575385661796,
        "dvar2": 0.0101363472641,
        "max": 0.973436951637,
        "mean": 0.539112508297,
        "median": 0.574716448784,
        "min": 0.0687289535999,
        "var": 0.0238759666681
    },
    "silence_rate_20dB": {
        "dmean": 0,
        "dmean2": 0,
        "dvar": 0,
        "dvar2": 0,
        "max": 1,
        "mean": 1,
        "median": 1,
        "min": 1,
        "var": 0
    },
    "silence_rate_30dB": {
        "dmean": 0.0385164059699,
        "dmean2": 0.0770373865962,
        "dvar": 0.0370314009488,
        "dvar2": 0.0878738462925,
        "max": 1,
        "mean": 0.958573579788,
        "median": 1,
        "min": 0,
        "var": 0.0397062636912
    },
    "silence_rate_60dB": {
        "dmean": 0.02365668118,
        "dmean2": 0.0473161749542,
        "dvar": 0.0230901353061,
        "dvar2": 0.053654640913,
        "max": 1,
        "mean": 0.0969390794635,
        "median": 0,
        "min": 0,
        "var": 0.0875440686941
    },
    "spectral_centroid": {
        "dmean": 323.841766357,
        "dmean2": 492.92010498,
        "dvar": 106112.75,
        "dvar2": 213102.390625,
        "max": 11277.1630859,
        "mean": 2395.38891602,
        "median": 2542.70239258,
        "min": 169.980102539,
        "var": 658600.4375
    },
    "spectral_complexity": {
        "dmean": 6.06431293488,
        "dmean2": 9.22903156281,
        "dvar": 33.0886230469,
        "dvar2": 74.8225631714,
        "max": 62,
        "mean": 27.9630908966,
        "median": 30,
        "min": 0,
        "var": 188.252655029
    },
    "spectral_decrease": {
        "dmean": 3.10070014109e-09,
        "dmean2": 4.48959003307e-09,
        "dvar": 1.83156415727e-17,
        "dvar2": 3.95737432552e-17,
        "max": 1.38603809568e-28,
        "mean": -7.97458366009e-09,
        "median": -5.44899680932e-09,
        "min": -6.49381064477e-08,
        "var": 6.60935176531e-17
    },
    "spectral_energy": {
        "dmean": 0.0126878069714,
        "dmean2": 0.0184959452599,
        "dvar": 0.000270061049378,
        "dvar2": 0.000593207369093,
        "max": 0.246990934014,
        "mean": 0.0338819101453,
        "median": 0.0255396421999,
        "min": 1.03756487329e-20,
        "var": 0.000980908982456
    },
    "spectral_energyband_high": {
        "dmean": 0.00168188137468,
        "dmean2": 0.00258032931015,
        "dvar": 5.40694827578e-06,
        "dvar2": 1.22395267681e-05,
        "max": 0.0357263237238,
        "mean": 0.00388074084185,
        "median": 0.00285804248415,
        "min": 7.42463666116e-21,
        "var": 1.4294313587e-05
    },
    "spectral_energyband_low": {
        "dmean": 0.00918016303331,
        "dmean2": 0.0131426723674,
        "dvar": 0.00029310057289,
        "dvar2": 0.000619973812718,
        "max": 0.245525449514,
        "mean": 0.0180801413953,
        "median": 0.00515932915732,
        "min": 1.83070950275e-23,
        "var": 0.000868110335432
    },
    "spectral_energyband_middle_high": {
        "dmean": 0.00220449850895,
        "dmean2": 0.00355370622128,
        "dvar": 6.70835834171e-06,
        "dvar2": 1.62172964338e-05,
        "max": 0.0338469259441,
        "mean": 0.00562456995249,
        "median": 0.0049941376783,
        "min": 1.34724124115e-21,
        "var": 1.78874488483e-05
    },
    "spectral_energyband_middle_low": {
        "dmean": 0.00437145121396,
        "dmean2": 0.00687684537843,
        "dvar": 7.30891115381e-05,
        "dvar2": 0.000165105026099,
        "max": 0.117762334645,
        "mean": 0.00728913350031,
        "median": 0.00473260693252,
        "min": 2.21572625729e-22,
        "var": 8.91900344868e-05
    },
    "spectral_entropy": {
        "dmean": 0.122202247381,
        "dmean2": 0.187125563622,
        "dvar": 0.0168677959591,
        "dvar2": 0.038342833519,
        "max": 9.80605125427,
        "mean": 8.01105594635,
        "median": 8.11309051514,
        "min": 6.03281354904,
        "var": 0.141740649939
    },
    "spectral_flux": {
        "dmean": 0.0272818114609,
        "dmean2": 0.0422299616039,
        "dvar": 0.000854081998114,
        "dvar2": 0.00193171296269,
        "max": 0.441276013851,
        "mean": 0.0992906466126,
        "median": 0.0912338942289,
        "min": 6.61651983203e-11,
        "var": 0.00304236379452
    },
    "spectral_kurtosis": {
        "dmean": 0.882579147816,
        "dmean2": 1.48844254017,
        "dvar": 3.07989168167,
        "dvar2": 8.69186019897,
        "max": 41.4770545959,
        "mean": 2.54665565491,
        "median": 1.8701710701,
        "min": -1.23597800732,
        "var": 8.05465126038
    },
    "spectral_rms": {
        "dmean": 0.00101550668478,
        "dmean2": 0.00146669975948,
        "dvar": 1.08472966076e-06,
        "dvar2": 2.21743107431e-06,
        "max": 0.0155231039971,
        "mean": 0.00511281332001,
        "median": 0.00499166548252,
        "min": 3.18160081614e-12,
        "var": 6.91451214152e-06
    },
    "spectral_rolloff": {
        "dmean": 923.851501465,
        "dmean2": 1386.1986084,
        "dvar": 1322367.125,
        "dvar2": 2527213.75,
        "max": 19487.5488281,
        "mean": 3390.95141602,
        "median": 3531.4453125,
        "min": 21.533203125,
        "var": 5807758
    },
    "spectral_skewness": {
        "dmean": 0.137003228068,
        "dmean2": 0.225796997547,
        "dvar": 0.0319886878133,
        "dvar2": 0.0849087387323,
        "max": 5.01351356506,
        "mean": 1.08155989647,
        "median": 0.998865664005,
        "min": -0.0242224875838,
        "var": 0.155819699168
    },
    "spectral_spread": {
        "dmean": 478299.875,
        "dmean2": 716875.6875,
        "dvar": 252960849920,
        "dvar2": 491723784192,
        "max": 41804188,
        "mean": 5313420.5,
        "median": 5437771.5,
        "min": 1409878.875,
        "var": 1.8683110359e+12
    },
    "spectral_strongpeak": {
        "dmean": 0.378042966127,
        "dmean2": 0.632269442081,
        "dvar": 0.557357847691,
        "dvar2": 1.57648742199,
        "max": 20.5110473633,
        "mean": 0.629273355007,
        "median": 0.421976357698,
        "min": 0,
        "var": 0.614039123058
    },
    "zerocrossingrate": {
        "dmean": 0.0165850203484,
        "dmean2": 0.018086636439,
        "dvar": 0.000263058027485,
        "dvar2": 0.000279799045529,
        "max": 0.521484375,
        "mean": 0.109959572554,
        "median": 0.11083984375,
        "min": 0.00439453125,
        "var": 0.00320539390668
    },
    "barkbands": {
        "dmean": [0.000155115136295, 0.00682157184929, 0.00420826114714, 0.00177574553527, 0.00183601491153, 0.000827450247016, 0.000821117311716, 0.000486712087877, 0.000470896658953, 0.000392179645132, 0.000353358191205, 0.000371008442016, 0.000325510860421, 0.000213179184357, 0.000308583053993, 0.00028259458486, 0.000332344439812, 0.00037049598177, 0.00043849289068, 0.00044299068395, 0.000449968647445, 0.00046120735351, 0.000334790034685, 0.000306760484818, 0.000182533010957, 7.41541953175e-05, 2.68692042482e-06],
        "dmean2": [0.000265166250756, 0.00933489948511, 0.00624226173386, 0.00301873357967, 0.00304869003594, 0.00137693062425, 0.00133616267703, 0.000803882838227, 0.000795797852334, 0.000659445358906, 0.000600881467108, 0.000612051575445, 0.000528598902747, 0.000352232425939, 0.000518880202435, 0.000482952746097, 0.000563052890357, 0.000620838312898, 0.000737290305551, 0.000726683647372, 0.000737213762477, 0.000741938245483, 0.00053014914738, 0.000472176208859, 0.000273817364359, 0.000114290312922, 4.51159803561e-06],
        "dvar": [1.76147224806e-07, 0.000195298853214, 0.00013313900854, 3.01377440337e-05, 2.34350154642e-05, 3.03000115309e-06, 1.84218117738e-06, 6.90696538186e-07, 7.24770018223e-07, 7.03827197412e-07, 5.78544359087e-07, 7.48414493046e-07, 2.67091621708e-07, 1.17543464739e-07, 2.43932475996e-07, 1.85482917914e-07, 2.16268276176e-07, 2.27593943691e-07, 3.02920597051e-07, 3.51964388301e-07, 3.81195519594e-07, 4.47522978675e-07, 2.73858404398e-07, 2.23710884484e-07, 7.72457653397e-08, 1.11198543706e-08, 2.82519459216e-11],
        "dvar2": [4.98397866977e-07, 0.000379603152396, 0.000296237849398, 8.14048398752e-05, 6.24685344519e-05, 8.13117094367e-06, 4.5794054131e-06, 1.72843658675e-06, 1.89793524896e-06, 1.88650665223e-06, 1.57874148954e-06, 1.7509622694e-06, 6.49234323191e-07, 2.94673952794e-07, 6.4343583972e-07, 5.06634989961e-07, 5.8027023897e-07, 6.07266940733e-07, 8.19299771138e-07, 8.96334938716e-07, 9.46232262322e-07, 1.06775075892e-06, 6.36829383893e-07, 4.88245291308e-07, 1.57646709908e-07, 2.45789504305e-08, 7.43893072142e-11],
        "max": [0.0125651331618, 0.199945732951, 0.149044126272, 0.0781632587314, 0.0636877119541, 0.0299492627382, 0.0240962654352, 0.0147555824369, 0.0129740303382, 0.0185393299907, 0.0179891400039, 0.0221661999822, 0.00941378530115, 0.00774956680834, 0.00847546756268, 0.00837150588632, 0.00735763972625, 0.0103420112282, 0.0104778762907, 0.0164166763425, 0.0158177297562, 0.0101508749649, 0.0056312889792, 0.0160561427474, 0.0104587031528, 0.00293944659643, 0.000114117712656],
        "mean": [0.000199456902919, 0.0118960700929, 0.00506766838953, 0.00174563459586, 0.00216402346268, 0.000990449101664, 0.00109840114601, 0.000644102459773, 0.000576784368604, 0.000516651722137, 0.000450182182249, 0.000518332817592, 0.000497500761412, 0.000328950787662, 0.000445998623036, 0.00042590778321, 0.000526815070771, 0.000630357011687, 0.000839005224407, 0.000834118342027, 0.000884735200088, 0.000909644179046, 0.000652952876408, 0.000580898486078, 0.000335458287736, 0.000118968418974, 2.78534503195e-06],
        "median": [2.52081645158e-05, 0.00215037446469, 0.000718926312402, 0.000334486918291, 0.000766579993069, 0.000361065933248, 0.000544451235328, 0.000299187813653, 0.000253115547821, 0.00019363364845, 0.000168007682078, 0.000191193292267, 0.000264885224169, 0.000200410242542, 0.000273179524811, 0.000303513865219, 0.000389002059819, 0.000495974090882, 0.000655533396639, 0.00064956524875, 0.000697506475262, 0.000605791516136, 0.000427841354394, 0.000345984677551, 0.000201767048566, 6.91451205057e-05, 2.72090829867e-07],
        "min": [1.25966325004e-24, 3.98134391219e-24, 7.71631236418e-24, 9.80939779286e-24, 3.16068291947e-23, 3.77178506375e-23, 9.91896268399e-24, 1.393634334e-23, 3.6789061585e-23, 1.14791496942e-23, 1.5880167608e-23, 4.81467685094e-23, 6.69841232156e-23, 8.85939705939e-23, 6.27405564165e-23, 1.079118047e-22, 1.30805557912e-22, 1.54876342081e-22, 1.46124492006e-22, 2.05906542349e-22, 2.8449302981e-22, 4.46950867927e-22, 6.22411809577e-22, 5.09723849682e-22, 1.04354973505e-21, 1.69823067619e-21, 2.05974192536e-21],
        "var": [2.6848294965e-07, 0.000510887068231, 0.000158676601131, 2.30891982937e-05, 2.0240455342e-05, 2.99889825328e-06, 2.56508974417e-06, 1.01081707271e-06, 8.40816653636e-07, 1.13713576866e-06, 8.18454736873e-07, 1.34626293402e-06, 4.77604260141e-07, 1.89245454862e-07, 3.33501020577e-07, 2.2563283153e-07, 3.08532918325e-07, 3.64062799463e-07, 6.19772833943e-07, 7.58706391935e-07, 8.39441213429e-07, 9.5511870768e-07, 5.18206718425e-07, 6.25117593245e-07, 1.83099786e-07, 2.36453292501e-08, 3.69839714409e-11]
    },
    "erbbands": {
        "dmean": [0.160592868924, 1.70922970772, 4.40523862839, 5.01811313629, 6.04064893723, 6.80859804153, 7.33444070816, 6.74778461456, 10.6740531921, 10.5486326218, 11.0911464691, 11.0890989304, 7.70704030991, 15.5318670273, 13.9983406067, 14.3849048615, 13.7481470108, 11.4742355347, 12.9053430557, 16.4485836029, 15.9385089874, 16.8244991302, 17.7220668793, 19.5977554321, 22.2888526917, 23.5277233124, 21.4072494507, 16.498884201, 16.243686676, 12.6544551849, 9.14239597321, 7.31660223007, 4.58166360855, 2.48116612434, 1.09909367561, 0.413264274597, 0.116480045021, 0.0187010262161, 0.000371966074454, 2.80788244709e-05],
        "dmean2": [0.235408052802, 2.28371882439, 6.29939746857, 7.82188558578, 10.6328334808, 11.2602214813, 12.4879074097, 11.1505804062, 17.5638980865, 17.0575866699, 18.4378261566, 18.6547031403, 12.9093980789, 25.9665985107, 23.5650901794, 23.566986084, 22.5313148499, 18.6315155029, 21.4562015533, 28.0171718597, 27.1155548096, 28.5286979675, 29.5620193481, 32.6529922485, 37.276058197, 38.6317214966, 35.2364997864, 26.9956054688, 26.221944809, 20.0184421539, 14.4585895538, 11.5150117874, 7.03112125397, 3.75116825104, 1.66121041775, 0.634076178074, 0.180929452181, 0.029703842476, 0.000587013026234, 4.18304698542e-05],
        "dvar": [0.121834591031, 12.1441030502, 115.680686951, 191.649230957, 396.117614746, 310.872955322, 364.218261719, 186.946533203, 381.343658447, 301.613769531, 361.534912109, 389.672027588, 262.171295166, 915.002563477, 653.337463379, 1302.37072754, 553.203552246, 337.756439209, 479.074645996, 810.201538086, 660.485839844, 524.952209473, 585.705505371, 607.559143066, 810.730041504, 973.579650879, 1108.27600098, 495.991790771, 549.912719727, 357.747741699, 192.771347046, 140.658813477, 55.0043182373, 15.2893915176, 2.57481861115, 0.356759637594, 0.0325863361359, 0.000802168971859, 3.04005084217e-07, 9.04888330933e-10],
        "dvar2": [0.268907755613, 23.3488407135, 245.396469116, 461.558166504, 1130.90893555, 840.291809082, 1023.56176758, 484.164459229, 968.76348877, 717.29498291, 923.561889648, 1015.79943848, 660.043273926, 2306.87719727, 1740.33959961, 2902.94946289, 1345.37561035, 846.944702148, 1252.01220703, 2191.10839844, 1822.43554688, 1436.14794922, 1559.87585449, 1618.93127441, 2176.03100586, 2506.52880859, 2696.95385742, 1197.2442627, 1315.61242676, 841.979980469, 440.576934814, 334.808013916, 119.422088623, 31.4095478058, 5.4020781517, 0.78490793705, 0.0727633535862, 0.00190179003403, 7.19942590877e-07, 2.11809636497e-09],
        "max": [5.79996061325, 52.3304252625, 144.774398804, 216.142578125, 285.374481201, 227.802490234, 233.332382202, 353.193054199, 366.319946289, 476.97354126, 349.534088135, 320.661224365, 533.534545898, 852.828308105, 566.02545166, 1121.67114258, 477.418548584, 455.666717529, 520.573181152, 553.295349121, 534.134765625, 376.281646729, 709.897766113, 497.891052246, 555.96307373, 590.686645508, 1160.21459961, 618.789916992, 304.242797852, 221.306747437, 168.830032349, 303.237945557, 366.449279785, 174.90411377, 21.0056781769, 18.1374492645, 6.0446023941, 0.600587666035, 0.0112589364871, 0.000381290912628],
        "mean": [0.262905538082, 2.93510866165, 6.37578821182, 5.77318048477, 5.8094420433, 8.0191526413, 8.27258968353, 8.28150653839, 14.0452890396, 15.047829628, 14.8635120392, 13.9296741486, 10.6957149506, 20.8829631805, 19.7874088287, 21.3299293518, 22.0698833466, 19.0300483704, 20.8896846771, 24.0015068054, 25.7106666565, 28.1487159729, 32.1541671753, 38.4254608154, 43.8438186646, 43.9340858459, 39.105430603, 33.3185157776, 31.968132019, 24.0010929108, 17.8765029907, 13.581328392, 8.57222557068, 4.59439277649, 1.91128754616, 0.687232613564, 0.1834590137, 0.0259374883026, 0.000551477132831, 6.90792367095e-05],
        "median": [0.0491599030793, 0.532299995422, 1.1216353178, 1.63817334175, 1.52833747864, 2.66324591637, 3.12772011757, 3.27311682701, 6.19867706299, 8.5597114563, 7.58890724182, 6.62484264374, 5.07730722427, 10.2615690231, 10.2728481293, 9.30548095703, 12.8837766647, 11.7601890564, 13.0630168915, 15.0431165695, 18.0422267914, 22.2217636108, 26.073797226, 31.5901298523, 34.7736587524, 34.2869911194, 29.9118041992, 25.4859313965, 21.365852356, 16.1739635468, 11.8943500519, 8.16625118256, 5.057554245, 2.70614004135, 1.19450581074, 0.42871773243, 0.103651113808, 0.0107609955594, 0.000261676032096, 6.17081241217e-05],
        "min": [1.54069394173e-22, 7.348828769e-22, 6.05775099118e-21, 2.3114852975e-20, 2.52578921496e-20, 1.17799424344e-19, 1.60585548323e-19, 4.29055352557e-19, 2.18866794353e-19, 4.03526206559e-19, 2.87401680784e-19, 7.11502454116e-19, 6.87386261851e-19, 5.36205304728e-19, 9.34733324134e-19, 2.15223958144e-18, 3.32629218001e-18, 3.19187326252e-18, 4.29020781577e-18, 4.83496952846e-18, 7.6056196756e-18, 7.48763559611e-18, 7.94510866106e-18, 6.19670527211e-18, 8.49874726249e-18, 1.18404204524e-17, 9.01070175131e-18, 1.18977597853e-17, 1.6765066699e-17, 1.32175471321e-17, 1.26948442584e-17, 1.04039179211e-17, 1.04291378308e-17, 1.10776945804e-17, 7.30928056679e-18, 5.39449558789e-18, 2.91300482864e-18, 1.2482942299e-18, 2.71346363588e-19, 3.04421723218e-20],
        "var": [0.241562560201, 32.4874076843, 186.704452515, 186.170761108, 261.643218994, 271.323120117, 278.28225708, 204.092041016, 507.382995605, 462.082611084, 490.935913086, 468.661010742, 435.484832764, 1436.77307129, 982.509094238, 2385.96020508, 969.169372559, 597.138793945, 780.870849609, 999.556274414, 892.287902832, 707.20123291, 950.409301758, 1158.27832031, 1704.19934082, 2008.91479492, 2065.68334961, 1189.6307373, 1132.93591309, 676.143432617, 375.066741943, 319.569061279, 154.84928894, 40.0246620178, 4.95983171463, 0.706266522408, 0.0645075514913, 0.00155833561439, 6.12056908267e-07, 2.64482280521e-09]
    },
    "gfcc": {
        "mean": [13.116856575, 39.5866012573, -123.631027222, 45.0447692871, -70.0324478149, 14.9922018051, -39.9687995911, 11.9089384079, -27.2387962341, 7.53658723831, -16.7182636261, 3.35224199295, -14.0304908752],
        "cov": [[23348.9804688, -1674.27050781, 1743.14807129, 2562.92749023, 314.976043701, 1770.1463623, 325.243896484, 1047.0546875, -33.2234230042, 536.411499023, -218.739059448, 161.497375488, -440.737213135], [-1674.27050781, 1514.39001465, -29.1222782135, -29.7149906158, 269.967285156, -122.791938782, 130.63609314, -165.865570068, 76.1597290039, -144.983169556, 37.5505981445, -106.944534302, 106.6770401], [1743.14807129, -29.1222782135, 1318.2043457, 889.953857422, 529.980651855, 596.91973877, 331.217132568, 353.279602051, 163.672821045, 152.513214111, -10.3654918671, 40.3095016479, -81.5690155029], [2562.92749023, -29.7149906158, 889.953857422, 1001.24407959, 438.871795654, 575.216125488, 329.259735107, 327.744842529, 165.122940063, 148.052032471, 12.7267045975, 11.8505649567, -67.5549545288], [314.976043701, 269.967285156, 529.980651855, 438.871795654, 430.342041016, 296.26071167, 244.625320435, 157.229858398, 123.548820496, 65.9804382324, 20.5821743011, -4.30680704117, -28.4239959717], [1770.1463623, -122.791938782, 596.91973877, 575.216125488, 296.26071167, 475.71875, 237.68838501, 243.344039917, 100.185279846, 112.911338806, 2.13366508484, 20.821434021, -54.8317222595], [325.243896484, 130.63609314, 331.217132568, 329.259735107, 244.625320435, 237.68838501, 256.623413086, 165.1222229, 122.120674133, 69.1831130981, 30.5715694427, 6.88227844238, -12.2168006897], [1047.0546875, -165.865570068, 353.279602051, 327.744842529, 157.229858398, 243.344039917, 165.1222229, 234.768997192, 110.272979736, 110.246711731, 19.7271118164, 38.6767044067, -32.4055252075], [-33.2234230042, 76.1597290039, 163.672821045, 165.122940063, 123.548820496, 100.185279846, 122.120674133, 110.272979736, 131.557479858, 71.336555481, 38.4905471802, 18.4417247772, 6.91544866562], [536.411499023, -144.983169556, 152.513214111, 148.052032471, 65.9804382324, 112.911338806, 69.1831130981, 110.246711731, 71.336555481, 111.272163391, 40.2348060608, 38.5794525146, -14.5747442245], [-218.739059448, 37.5505981445, -10.3654918671, 12.7267045975, 20.5821743011, 2.13366508484, 30.5715694427, 19.7271118164, 38.4905471802, 40.2348060608, 67.5440139771, 29.8610286713, 20.7726917267], [161.497375488, -106.944534302, 40.3095016479, 11.8505649567, -4.30680704117, 20.821434021, 6.88227844238, 38.6767044067, 18.4417247772, 38.5794525146, 29.8610286713, 69.6671600342, 22.5573196411], [-440.737213135, 106.6770401, -81.5690155029, -67.5549545288, -28.4239959717, -54.8317222595, -12.2168006897, -32.4055252075, 6.91544866562, -14.5747442245, 20.7726917267, 22.5573196411, 79.520324707]],
        "icov": [[0.000127364852233, -0.000194703505258, 0.00021540299349, -0.000401872210205, 0.00028540781932, -0.000331588642439, 0.000324519351125, -0.000483534211526, 0.000663441780489, -0.000605294946581, 0.000650083937217, -0.000542023975868, 0.000388145272154], [-0.000194703505258, 0.00213895784691, -0.00048032522318, 0.000589676201344, -0.00189756182954, 0.0011762001086, -0.00124273449183, 0.00224192556925, -0.00259127258323, 0.00331678125076, -0.00268043880351, 0.00310758384876, -0.00243292958476], [0.00021540299349, -0.00048032522318, 0.00316765694879, -0.00184029573575, -0.00145091093145, -0.00127388664987, 0.00150360248517, -0.00194018834736, 0.0013844819041, -0.00120464270003, 0.00299993762746, -0.00293493829668, 0.00127513997722], [-0.000401872210205, 0.000589676201344, -0.00184029573575, 0.00554524967447, -0.00116322992835, -0.0021177069284, -0.00091757113114, 0.000588345632423, -0.00266035203822, 0.00200151419267, -0.00312451436184, 0.00374292372726, -0.00161982385907], [0.00028540781932, -0.00189756182954, -0.00145091093145, -0.00116322992835, 0.00985881313682, -0.00241728499532, -0.0032151658088, 0.000952570117079, 4.83605617774e-05, -0.00206947722472, 0.00126625585835, -0.00186790793668, 0.00321794697084], [-0.000331588642439, 0.0011762001086, -0.00127388664987, -0.0021177069284, -0.00241728499532, 0.0117843672633, -0.00468244124204, -0.00124582101125, 0.00254119327292, -0.00110642414074, 0.000345818873029, 0.0013986590784, -0.00139774207491], [0.000324519351125, -0.00124273449183, 0.00150360248517, -0.00091757113114, -0.0032151658088, -0.00468244124204, 0.0168595276773, -0.00751190260053, -0.00352488085628, 0.00243399641477, -0.00203315983526, 0.00063149741618, 0.000484258052893], [-0.000483534211526, 0.00224192556925, -0.00194018834736, 0.000588345632423, 0.000952570117079, -0.00124582101125, -0.00751190260053, 0.0227167867124, -0.0103487847373, -0.00301154679619, 0.0017996840179, -0.00254334323108, 0.00100624503102], [0.000663441780489, -0.00259127258323, 0.0013844819041, -0.00266035203822, 4.83605617774e-05, 0.00254119327292, -0.00352488085628, -0.0103487847373, 0.0279460400343, -0.0138282645494, 0.0019601683598, -0.000451946165413, -0.00202451902442], [-0.000605294946581, 0.00331678125076, -0.00120464270003, 0.00200151419267, -0.00206947722472, -0.00110642414074, 0.00243399641477, -0.00301154679619, -0.0138282645494, 0.0346014648676, -0.0172223001719, -0.000433356704889, 0.00247069238685], [0.000650083937217, -0.00268043880351, 0.00299993762746, -0.00312451436184, 0.00126625585835, 0.000345818873029, -0.00203315983526, 0.0017996840179, 0.0019601683598, -0.0172223001719, 0.0344815067947, -0.0134831788018, 0.000224124814849], [-0.000542023975868, 0.00310758384876, -0.00293493829668, 0.00374292372726, -0.00186790793668, 0.0013986590784, 0.00063149741618, -0.00254334323108, -0.000451946165413, -0.000433356704889, -0.0134831788018, 0.0327540226281, -0.0134557131678], [0.000388145272154, -0.00243292958476, 0.00127513997722, -0.00161982385907, 0.00321794697084, -0.00139774207491, 0.000484258052893, 0.00100624503102, -0.00202451902442, 0.00247069238685, 0.000224124814849, -0.0134557131678, 0.0229805670679]]
    },
    "melbands": {
        "dmean": [0.00168986001518, 0.00207140762359, 0.000869179726578, 0.000455851433799, 0.000265453098109, 0.000149998115376, 0.00016487929679, 0.000111264496809, 9.19768790482e-05, 6.51334266877e-05, 4.01613870054e-05, 6.53548995615e-05, 5.18519009347e-05, 4.57828136859e-05, 3.11793191941e-05, 2.99994062516e-05, 2.08307537832e-05, 2.12415015994e-05, 2.11361275433e-05, 1.99678361241e-05, 1.99090281967e-05, 1.87617588381e-05, 1.72798118001e-05, 2.03143190447e-05, 1.62606393133e-05, 2.02189185075e-05, 1.47881191879e-05, 1.56766363943e-05, 1.56054065883e-05, 1.12714478746e-05, 1.02066496765e-05, 1.01086225186e-05, 9.04266107682e-06, 7.10846688889e-06, 5.86212399867e-06, 4.72374313176e-06, 4.56376983493e-06, 3.64147149412e-06, 2.59649755208e-06, 2.05667447517e-06],
        "dmean2": [0.00236898241565, 0.00291949836537, 0.00133248465136, 0.000776757544372, 0.000447825383162, 0.000247968448093, 0.000269795389613, 0.000180107352207, 0.000153456436237, 0.000109922235424, 6.75945411786e-05, 0.000109278240416, 8.75395708135e-05, 7.57712114137e-05, 5.0781029131e-05, 4.9130700063e-05, 3.3937561966e-05, 3.53701980202e-05, 3.57300268661e-05, 3.42174062098e-05, 3.39656508004e-05, 3.18993334076e-05, 2.92728855129e-05, 3.41640916304e-05, 2.72910001513e-05, 3.44018189935e-05, 2.41317011387e-05, 2.59438056673e-05, 2.60034630628e-05, 1.86177294381e-05, 1.68744136317e-05, 1.65729234141e-05, 1.46431993926e-05, 1.1516255654e-05, 9.40858990361e-06, 7.56879444452e-06, 7.25288828107e-06, 5.6930066421e-06, 3.99281361751e-06, 3.12509291689e-06],
        "dvar": [1.27202456497e-05, 1.83109114005e-05, 5.40450264452e-06, 1.67402379248e-06, 4.76847901609e-07, 9.01296530742e-08, 8.39840623712e-08, 2.97889091172e-08, 2.23821867706e-08, 1.34898083815e-08, 7.36056593453e-09, 1.69805289829e-08, 1.17005427569e-08, 1.1809308198e-08, 3.26274673945e-09, 1.98581218136e-09, 1.0736099787e-09, 1.34725619549e-09, 1.25883092839e-09, 9.23661092056e-10, 1.09294107098e-09, 7.28355986634e-10, 6.27285279275e-10, 7.55899010052e-10, 4.67367922141e-10, 6.65218824469e-10, 3.49722861781e-10, 4.70725070034e-10, 7.78046127525e-10, 2.43389031152e-10, 2.06732853059e-10, 2.09613146285e-10, 1.85191875723e-10, 1.19328602555e-10, 8.16720510666e-11, 5.29956703521e-11, 6.19222312315e-11, 3.72364777901e-11, 2.08285715064e-11, 1.03312610203e-11],
        "dvar2": [2.57937135757e-05, 3.72023532691e-05, 1.2491536836e-05, 4.66542951472e-06, 1.33232720145e-06, 2.3470421695e-07, 2.11240802628e-07, 7.13118311069e-08, 5.77394523305e-08, 3.51872664339e-08, 1.87511464134e-08, 4.33204760952e-08, 3.1613634377e-08, 2.82021854758e-08, 7.46662731643e-09, 5.03260944029e-09, 2.69283639831e-09, 3.47543704926e-09, 3.33849681233e-09, 2.52777820897e-09, 3.0271254392e-09, 1.99718175331e-09, 1.6861544383e-09, 2.00227279201e-09, 1.25438504028e-09, 1.81783288422e-09, 8.68085769934e-10, 1.20325405195e-09, 1.91841165176e-09, 5.77114411815e-10, 5.20084919575e-10, 5.1498261211e-10, 4.55750742701e-10, 2.88406853954e-10, 1.90752552642e-10, 1.27080901358e-10, 1.51525056391e-10, 8.37431582412e-11, 4.6296549927e-11, 2.10847519999e-11],
        "max": [0.0571619905531, 0.0574635863304, 0.0351419895887, 0.0181381814182, 0.0094606038183, 0.00710036698729, 0.00543234264478, 0.00426533306018, 0.0025808068458, 0.00173377338797, 0.0027817687951, 0.00355259492062, 0.00268590869382, 0.00256871967576, 0.00115871499293, 0.000723378034309, 0.000852668541484, 0.000821713299956, 0.000632908311673, 0.000524094619323, 0.000610357383266, 0.00044054898899, 0.00051757961046, 0.00051377521595, 0.000445759767899, 0.000475348031614, 0.000404205435188, 0.000441812851932, 0.00112433789764, 0.000408741703723, 0.000320435879985, 0.000242134032305, 0.000146915568621, 0.000131980559672, 0.000121989505715, 9.34164781938e-05, 0.000222730610403, 0.00027907997719, 0.000224415882258, 0.000116395582154],
        "mean": [0.00292475568131, 0.00366543303244, 0.00103569251951, 0.000498541223351, 0.000310548581183, 0.000183667929377, 0.00021923930035, 0.000160022129421, 0.000119748307043, 8.06347452453e-05, 5.30172983417e-05, 8.56982296682e-05, 6.8929293775e-05, 6.27156114206e-05, 4.73323525512e-05, 4.68728358101e-05, 3.27699490299e-05, 3.2631050999e-05, 3.05677967845e-05, 2.927389869e-05, 3.03136785078e-05, 2.85472087853e-05, 2.80595231743e-05, 3.27335365e-05, 2.96577163681e-05, 3.55785377906e-05, 2.85786118184e-05, 2.74723352049e-05, 2.56431285379e-05, 2.0104333089e-05, 1.92975548998e-05, 1.8601793272e-05, 1.63078093465e-05, 1.23883137348e-05, 1.06954512376e-05, 8.70947769727e-06, 8.026143405e-06, 6.36033519186e-06, 4.77916410091e-06, 3.56173927685e-06],
        "median": [0.000535503379069, 0.00077044084901, 0.000295525620459, 0.000164279335877, 0.000125864215079, 7.20356911188e-05, 0.000103058984678, 9.30068126763e-05, 6.32096707704e-05, 3.57549142791e-05, 2.27121327043e-05, 3.96306131734e-05, 2.96935959341e-05, 2.21917907766e-05, 2.31999274547e-05, 2.59039679804e-05, 1.92855932255e-05, 1.90660284716e-05, 1.89722704818e-05, 2.0363182557e-05, 1.91716426343e-05, 2.11517453863e-05, 1.99920959858e-05, 2.43875092565e-05, 2.29861489061e-05, 2.72541074082e-05, 2.2282345526e-05, 2.06927979889e-05, 1.86256656889e-05, 1.50341629706e-05, 1.39515041155e-05, 1.19049427667e-05, 1.07907699203e-05, 8.04356113804e-06, 6.97082623446e-06, 5.57773364562e-06, 4.53767779618e-06, 3.72333693122e-06, 2.71626026915e-06, 2.06612207876e-06],
        "min": [1.22302154846e-24, 2.80643775135e-24, 6.815106622e-24, 3.79592215642e-24, 5.1873935127e-24, 9.63608820743e-24, 2.99388845737e-24, 4.47632257578e-24, 2.3557705881e-24, 4.17497297682e-24, 3.07219473513e-24, 1.94677303001e-24, 2.56673763213e-24, 5.61784453754e-24, 7.41655941969e-24, 6.39420357513e-24, 6.43937217285e-24, 6.33955286934e-24, 4.56129906692e-24, 5.8006291313e-24, 8.13120981298e-24, 6.59428552197e-24, 4.39418046187e-24, 7.47401689258e-24, 4.27786804899e-24, 5.67392781473e-24, 6.63789533053e-24, 7.03981443971e-24, 4.7857824537e-24, 6.60930937791e-24, 6.60361774648e-24, 9.92823258849e-24, 7.48139589749e-24, 7.1856685102e-24, 6.40803546225e-24, 7.0137828187e-24, 5.52077638644e-24, 6.00984608742e-24, 7.39757390429e-24, 1.02746442889e-23],
        "var": [3.03541746689e-05, 4.54880537291e-05, 5.70678685108e-06, 1.28433543978e-06, 3.69169868009e-07, 9.80703589448e-08, 1.13852458128e-07, 4.72419579012e-08, 2.90052248886e-08, 1.62593778441e-08, 1.19274448096e-08, 2.62496335779e-08, 1.68946225898e-08, 2.03858636638e-08, 5.95015947624e-09, 3.56180462902e-09, 1.8520034395e-09, 2.1886605861e-09, 1.61960456158e-09, 1.12435283306e-09, 1.54105572747e-09, 9.03873420555e-10, 1.00990982244e-09, 1.12338949254e-09, 8.17106049489e-10, 1.18032872365e-09, 7.93922150244e-10, 9.18189635435e-10, 1.14150655595e-09, 5.30823551781e-10, 4.48246023632e-10, 4.13140549549e-10, 3.27246785226e-10, 1.98434602083e-10, 1.45516904082e-10, 9.63388674391e-11, 1.40744624288e-10, 8.80692255234e-11, 6.03239749819e-11, 2.24620183564e-11]
    },
    "mfcc": {
        "mean": [-616.797058105, 61.8967323303, 1.8706805706, 24.6989402771, -3.50078368187, 2.97903418541, -1.60445261002, 1.22879755497, -2.99592614174, 0.874519705772, -0.25347456336, 1.36858201027, 0.657398700714],
        "cov": [[14556.5273438, -554.297607422, 891.321228027, 986.940185547, 549.670715332, 751.413391113, 563.918334961, 519.682922363, 304.147399902, 354.097961426, 315.005737305, 252.822967529, 139.610351562], [-554.297607422, 1213.28308105, -149.576263428, 66.0459976196, 21.1317329407, 20.6424293518, -16.0417022705, -20.8707027435, -9.66005897522, -37.626411438, -69.9243621826, -57.2210273743, -56.7263870239], [891.321228027, -149.576263428, 802.552856445, 470.952484131, 412.93182373, 369.253875732, 301.853912354, 288.670501709, 243.259780884, 190.111068726, 156.692611694, 122.71055603, 73.8886032104], [986.940185547, 66.0459976196, 470.952484131, 511.591949463, 338.926727295, 318.52923584, 256.591156006, 241.519302368, 208.144485474, 177.968154907, 135.693984985, 116.107322693, 73.5413208008], [549.670715332, 21.1317329407, 412.93182373, 338.926727295, 351.985717773, 284.398803711, 219.511184692, 196.856536865, 166.689178467, 134.326889038, 111.067024231, 88.5045623779, 55.2634048462], [751.413391113, 20.6424293518, 369.253875732, 318.52923584, 284.398803711, 334.321105957, 237.967422485, 204.184448242, 168.119171143, 141.668518066, 107.758285522, 86.7107086182, 56.4779510498], [563.918334961, -16.0417022705, 301.853912354, 256.591156006, 219.511184692, 237.967422485, 237.365081787, 184.428390503, 146.059875488, 124.629203796, 99.0221557617, 79.4517822266, 53.7295608521], [519.682922363, -20.8707027435, 288.670501709, 241.519302368, 196.856536865, 204.184448242, 184.428390503, 210.245452881, 159.892333984, 122.70690918, 100.647666931, 82.7094268799, 54.9584655762], [304.147399902, -9.66005897522, 243.259780884, 208.144485474, 166.689178467, 168.119171143, 146.059875488, 159.892333984, 175.590545654, 124.589920044, 85.2767333984, 77.0387954712, 52.3263816833], [354.097961426, -37.626411438, 190.111068726, 177.968154907, 134.326889038, 141.668518066, 124.629203796, 122.70690918, 124.589920044, 137.45425415, 95.0899887085, 68.9856948853, 50.9422302246], [315.005737305, -69.9243621826, 156.692611694, 135.693984985, 111.067024231, 107.758285522, 99.0221557617, 100.647666931, 85.2767333984, 95.0899887085, 113.835121155, 80.7052536011, 49.4255599976], [252.822967529, -57.2210273743, 122.71055603, 116.107322693, 88.5045623779, 86.7107086182, 79.4517822266, 82.7094268799, 77.0387954712, 68.9856948853, 80.7052536011, 104.939620972, 64.8400497437], [139.610351562, -56.7263870239, 73.8886032104, 73.5413208008, 55.2634048462, 56.4779510498, 53.7295608521, 54.9584655762, 52.3263816833, 50.9422302246, 49.4255599976, 64.8400497437, 78.1841812134]],
