{
"lowlevel": {
    "average_loudness": 0.921536326408,
    "barkbands_crest": {
        "dmean": 3.11003994942,
        "dmean2": 5.08288526535,
        "dvar": 7.29912948608,
        "dvar2": 18.8233966827,
        "max": 25.6202278137,
        "mean": 11.1065616608,
        "median": 11.026684761,
        "min": 1.99991047382,
        "var": 17.5651245117
    },
    "barkbands_flatness_db": {
        "dmean": 0.0294722951949,
        "dmean2": 0.0427158288658,
        "dvar": 0.000713337096386,
        "dvar2": 0.00134076084942,
        "max": 0.414181441069,
        "mean": 0.143518507481,
        "median": 0.136666744947,
        "min": 0.0125314546749,
        "var": 0.00323946843855
    },
    "barkbands_kurtosis": {
        "dmean": 6.55339193344,
        "dmean2": 9.85611820221,
        "dvar": 89.1704711914,
        "dvar2": 181.056106567,
        "max": 175.137817383,
        "mean": 10.4006757736,
        "median": 5.2757434845,
        "min": -1.89682364464,
        "var": 232.621994019
    },
    "barkbands_skewness": {
        "dmean": 0.845857083797,
        "dmean2": 1.24202907085,
        "dvar": 0.651477277279,
        "dvar2": 1.30499362946,
        "max": 11.227771759,
        "mean": 2.602871418,
        "median": 2.41686820984,
        "min": -2.52567124367,
        "var": 2.95002269745
    },
    "barkbands_spread": {
        "dmean": 6.3616566658,
        "dmean2": 9.55237007141,
        "dvar": 40.8891830444,
        "dvar2": 85.1755981445,
        "max": 138.931350708,
        "mean": 19.8262271881,
        "median": 17.4774627686,
        "min": 0.490194439888,
        "var": 147.435531616
    },
    "dissonance": {
        "dmean": 0.010619298555,
        "dmean2": 0.018041357398,
        "dvar": 9.82277852017e-05,
        "dvar2": 0.000276017090073,
        "max": 0.500000119209,
        "mean": 0.480322241783,
        "median": 0.48279440403,
        "min": 0.348223775625,
        "var": 0.0001615487854
    },
    "dynamic_complexity": 2.0895075798,
    "erbbands_crest": {
        "dmean": 2.24576640129,
        "dmean2": 3.54218435287,
        "dvar": 4.84585237503,
        "dvar2": 10.4951629639,
        "max": 27.4511890411,
        "mean": 6.94621562958,
        "median": 5.79005432129,
        "min": 2.39537501335,
        "var": 13.4730100632
    },
    "erbbands_flatness_db": {
        "dmean": 0.0150048630312,
        "dmean2": 0.0207058098167,
        "dvar": 0.000230038000154,
        "dvar2": 0.000387041160138,
        "max": 0.321739524603,
        "mean": 0.136617213488,
        "median": 0.131117880344,
        "min": 0.0508727952838,
        "var": 0.00112408900168
    },
    "erbbands_kurtosis": {
        "dmean": 0.502644956112,
        "dmean2": 0.820868611336,
        "dvar": 0.634943664074,
        "dvar2": 1.47143125534,
        "max": 30.6309242249,
        "mean": -0.701083004475,
        "median": -0.970444560051,
        "min": -1.80892372131,
        "var": 1.52384877205
    },
    "erbbands_skewness": {
        "dmean": 0.357465445995,
        "dmean2": 0.535127580166,
        "dvar": 0.122609116137,
        "dvar2": 0.253237247467,
        "max": 5.35174369812,
        "mean": 0.0992963090539,
        "median": 0.0352248884737,
        "min": -2.90223455429,
        "var": 0.408310413361
    },
    "erbbands_spread": {
        "dmean": 9.43578243256,
        "dmean2": 14.9419307709,
        "dvar": 76.5123519897,
        "dvar2": 185.70451355,
        "max": 149.673477173,
        "mean": 58.8274345398,
        "median": 59.1269187927,
        "min": 7.28186321259,
        "var": 301.156524658
    },
    "hfc": {
        "dmean": 5.25446081161,
        "dmean2": 8.56608009338,
        "dvar": 40.7866363525,
        "dvar2": 105.535476685,
        "max": 62.9741210938,
        "mean": 18.2468299866,
        "median": 17.0973472595,
        "min": 1.14397371415e-16,
        "var": 91.392364502
    },
    "melbands_crest": {
        "dmean": 3.82642579079,
        "dmean2": 6.23137998581,
        "dvar": 9.41291809082,
        "dvar2": 24.0213069916,
        "max": 32.9363594055,
        "mean": 17.2594680786,
        "median": 17.6454963684,
        "min": 1.88878881931,
        "var": 28.2566890717
    },
    "melbands_flatness_db": {
        "dmean": 0.0353507958353,
        "dmean2": 0.0514374747872,
        "dvar": 0.000991777400486,
        "dvar2": 0.00193209969439,
        "max": 0.519797861576,
        "mean": 0.213036328554,
        "median": 0.209383845329,
        "min": 0.00557797122747,
        "var": 0.00527581386268
    },
    "melbands_kurtosis": {
        "dmean": 20.0336647034,
        "dmean2": 30.4111404419,
        "dvar": 732.715759277,
        "dvar2": 1567.9642334,
        "max": 534.608276367,
        "mean": 38.6344261169,
        "median": 23.7018585205,
        "min": -1.79900252819,
        "var": 2063.671875
    },
    "melbands_skewness": {
        "dmean": 1.2926350832,
        "dmean2": 1.9391310215,
        "dvar": 1.51583051682,
        "dvar2": 3.23788261414,
        "max": 20.0153598785,
        "mean": 4.75548267365,
        "median": 4.43887138367,
        "min": -0.594074726105,
        "var": 6.90107965469
    },
    "melbands_spread": {
        "dmean": 6.86495065689,
        "dmean2": 10.4360942841,
        "dvar": 60.8707427979,
        "dvar2": 136.826324463,
        "max": 186.276260376,
        "mean": 18.4160766602,
        "median": 12.3821706772,
        "min": 0.410717338324,
        "var": 334.796722412
    },
    "pitch_salience": {
        "dmean": 0.0917229726911,
        "dmean2": 0.146709948778,
        "dvar": 0.00664058467373,
        "dvar2": 0.0167044587433,
        "max": 0.882365167141,
        "mean": 0.532238960266,
        "median": 0.545013666153,
        "min": 0.0938597247005,
        "var": 0.0158382430673
    },
    "silence_rate_20dB": {
        "dmean": 0,
        "dmean2": 0,
        "dvar": 0,
        "dvar2": 0,
        "max": 1,
        "mean": 1,
        "median": 1,
        "min": 1,
        "var": 0
    },
    "silence_rate_30dB": {
        "dmean": 0.0190686974674,
        "dmean2": 0.038140643388,
        "dvar": 0.0187069959939,
        "dvar2": 0.048611421138,
        "max": 1,
        "mean": 0.986210405827,
        "median": 1,
        "min": 0,
        "var": 0.0135974669829
    },
    "silence_rate_60dB": {
        "dmean": 0.00374563713558,
        "dmean2": 0.00749191222712,
        "dvar": 0.00373194692656,
        "dvar2": 0.00981855764985,
        "max": 1,
        "mean": 0.0208546128124,
        "median": 0,
        "min": 0,
        "var": 0.0204196479172
    },
    "spectral_centroid": {
        "dmean": 328.086029053,
        "dmean2": 488.319335938,
        "dvar": 94170.0703125,
        "dvar2": 203318.625,
        "max": 11037.4150391,
        "mean": 1286.52807617,
        "median": 1161.13684082,
        "min": 189.058868408,
        "var": 477777.1875
    },
    "spectral_complexity": {
        "dmean": 5.1536564827,
        "dmean2": 7.95147275925,
        "dvar": 23.8108501434,
        "dvar2": 50.7460517883,
        "max": 57,
        "mean": 23.498468399,
        "median": 24,
        "min": 0,
        "var": 107.963821411
    },
    "spectral_decrease": {
        "dmean": 4.55284965284e-09,
        "dmean2": 7.13659087381e-09,
        "dvar": 2.83357071577e-17,
        "dvar2": 6.9135173262e-17,
        "max": 1.40107021964e-28,
        "mean": -1.03364277138e-08,
        "median": -9.15227715836e-09,
        "min": -5.81037085112e-08,
        "var": 5.35221689786e-17
    },
    "spectral_energy": {
        "dmean": 0.0175132602453,
        "dmean2": 0.0274986550212,
        "dvar": 0.000420147844125,
        "dvar2": 0.00102780770976,
        "max": 0.22225689888,
        "mean": 0.0406672172248,
        "median": 0.0362352207303,
        "min": 1.04428611966e-20,
        "var": 0.000790119753219
    },
    "spectral_energyband_high": {
        "dmean": 0.00032760418253,
        "dmean2": 0.000517592707183,
        "dvar": 1.93452038388e-07,
        "dvar2": 4.57968354795e-07,
        "max": 0.00478583015501,
        "mean": 0.000848803611007,
        "median": 0.00064380542608,
        "min": 7.73688603329e-21,
        "var": 5.18520607784e-07
    },
    "spectral_energyband_low": {
        "dmean": 0.0109568033367,
        "dmean2": 0.017177188769,
        "dvar": 0.000220427056774,
        "dvar2": 0.0005201290478,
        "max": 0.191398516297,
        "mean": 0.0176057815552,
        "median": 0.0115498621017,
        "min": 3.6051003322e-23,
        "var": 0.000352640839992
    },
    "spectral_energyband_middle_high": {
        "dmean": 0.00105824845377,
        "dmean2": 0.00169312243816,
        "dvar": 1.34123138196e-06,
        "dvar2": 3.43207284459e-06,
        "max": 0.0275989100337,
        "mean": 0.00351604726166,
        "median": 0.00317715667188,
        "min": 1.27566941846e-21,
        "var": 5.38555832463e-06
    },
    "spectral_energyband_middle_low": {
        "dmean": 0.0130211086944,
        "dmean2": 0.02075538598,
        "dvar": 0.000294824480079,
        "dvar2": 0.00078859081259,
        "max": 0.203012257814,
        "mean": 0.0229779500514,
        "median": 0.0171609185636,
        "min": 1.73394504732e-22,
        "var": 0.000420581374783
    },
    "spectral_entropy": {
        "dmean": 0.165519654751,
        "dmean2": 0.24305409193,
        "dvar": 0.0293412655592,
        "dvar2": 0.0553228519857,
        "max": 9.82269001007,
        "mean": 7.65484476089,
        "median": 7.71453046799,
        "min": 5.23740243912,
        "var": 0.108258984983
    },
    "spectral_flux": {
        "dmean": 0.0371870324016,
        "dmean2": 0.0582877025008,
        "dvar": 0.00148513156455,
        "dvar2": 0.00323084788397,
        "max": 0.426995366812,
        "mean": 0.102706477046,
        "median": 0.0914148166776,
        "min": 6.97000859806e-11,
        "var": 0.00297604152001
    },
    "spectral_kurtosis": {
        "dmean": 1.09127449989,
        "dmean2": 1.92854034901,
        "dvar": 1.39063715935,
        "dvar2": 4.25635766983,
        "max": 22.9086437225,
        "mean": 3.12115883827,
        "median": 2.89674425125,
        "min": -1.20823097229,
        "var": 1.90428185463
    },
    "spectral_rms": {
        "dmean": 0.00127695896663,
        "dmean2": 0.0019577650819,
        "dvar": 1.61634534379e-06,
        "dvar2": 3.77824108e-06,
        "max": 0.0147253517061,
        "mean": 0.00588554423302,
        "median": 0.00594570767134,
        "min": 3.19188924423e-12,
        "var": 5.03540377395e-06
    },
    "spectral_rolloff": {
        "dmean": 478.935394287,
        "dmean2": 781.404663086,
        "dvar": 442761.375,
        "dvar2": 976369.0625,
        "max": 19207.6171875,
        "mean": 1098.33728027,
        "median": 473.73046875,
        "min": 86.1328125,
        "var": 1630089.25
    },
    "spectral_skewness": {
        "dmean": 0.164996936917,
        "dmean2": 0.272332459688,
        "dvar": 0.0236893128604,
        "dvar2": 0.0618888996542,
        "max": 3.40182209015,
        "mean": 1.16497063637,
        "median": 1.16084206104,
        "min": -0.035272244364,
        "var": 0.0730473101139
    },
    "spectral_spread": {
        "dmean": 381614.46875,
        "dmean2": 530459.875,
        "dvar": 236066668544,
        "dvar2": 453208866816,
        "max": 40947244,
        "mean": 4350433.5,
        "median": 4292898,
        "min": 2003670,
        "var": 1.24945852006e+12
    },
    "spectral_strongpeak": {
        "dmean": 0.372324645519,
        "dmean2": 0.616862595081,
        "dvar": 0.154844433069,
        "dvar2": 0.412830740213,
        "max": 5.69301319122,
        "mean": 0.699461340904,
        "median": 0.573783874512,
        "min": 0,
        "var": 0.24574509263
    },
    "zerocrossingrate": {
        "dmean": 0.0105064641684,
        "dmean2": 0.012383828871,
        "dvar": 0.000106014638732,
        "dvar2": 0.000133554160129,
        "max": 0.64892578125,
        "mean": 0.052524857223,
        "median": 0.04638671875,
        "min": 0.0048828125,
        "var": 0.00112035090569
    },
    "barkbands": {
        "dmean": [5.140741996e-05, 0.00357192964293, 0.00707913096994, 0.00830373074859, 0.00538902077824, 0.000627633708064, 0.000658481847495, 0.000307903450448, 0.000387259933632, 0.000336300814524, 0.000278157938737, 0.000162211421411, 0.000154745473992, 0.000160523763043, 0.000133147041197, 0.000181790543138, 0.000153039261932, 0.000185330980457, 0.000158603201271, 0.000180664996151, 0.000119501492009, 5.48265343241e-05, 4.19813077315e-05, 2.87415714411e-05, 2.52093050221e-05, 1.41310192703e-05, 4.23990150011e-06],
        "dmean2": [8.70253570611e-05, 0.00577202159911, 0.0114024179056, 0.0131480358541, 0.00872306153178, 0.00106482417323, 0.00110238860361, 0.000532728852704, 0.00064958864823, 0.000559651933145, 0.00046063598711, 0.00027640350163, 0.000259860389633, 0.000268935866188, 0.000218179819058, 0.000301917112665, 0.000251931225648, 0.000312636577291, 0.000266017188551, 0.000307321781293, 0.000189493730431, 8.95283592399e-05, 6.62908496452e-05, 4.61143354187e-05, 3.79553712264e-05, 2.06144632102e-05, 6.98147050571e-06],
        "dvar": [7.19602111232e-09, 8.18034022814e-05, 0.000102781494206, 0.000128617160954, 5.24951210537e-05, 1.0548355931e-06, 1.65961080256e-06, 2.67548301736e-07, 3.06567471853e-07, 2.47722596214e-07, 3.06945480588e-07, 1.08875845228e-07, 6.1252947603e-08, 4.47020376271e-08, 5.22987768647e-08, 4.22794208532e-08, 2.52010039503e-08, 4.80784372314e-08, 3.56392391154e-08, 6.05661369946e-08, 2.01637870845e-08, 6.078875181e-09, 3.9297849419e-09, 1.89909843407e-09, 1.92567806145e-09, 7.29337146232e-10, 9.50554149282e-11],
        "dvar2": [1.87191488976e-08, 0.000206877637538, 0.000256338709733, 0.000327169633238, 0.000138515824801, 2.77644267044e-06, 4.17435876443e-06, 7.44035844491e-07, 8.07075082321e-07, 6.68651011893e-07, 7.7644438079e-07, 3.09794899067e-07, 1.71156727902e-07, 1.21733137348e-07, 1.29974679908e-07, 1.12969750887e-07, 6.57207692711e-08, 1.31582964968e-07, 9.62938386806e-08, 1.68206042872e-07, 4.92217964165e-08, 1.52258934349e-08, 9.29204890809e-09, 4.46422321332e-09, 4.26934354536e-09, 1.47443668386e-09, 2.38301767208e-10],
        "max": [0.00136642344296, 0.114124253392, 0.117000088096, 0.181257337332, 0.116555258632, 0.0144537063316, 0.0218601133674, 0.00664400681853, 0.0105679854751, 0.0109117776155, 0.0203500054777, 0.00847956631333, 0.00596920913085, 0.00462216231972, 0.00822187773883, 0.0029415267054, 0.00228655315004, 0.00717442156747, 0.00341828283854, 0.00276413070969, 0.00192503549624, 0.00112502032425, 0.0009198129992, 0.000803610135335, 0.000977172283456, 0.00059910712298, 0.000169324601302],
        "mean": [5.21002584719e-05, 0.0035689889919, 0.00979805737734, 0.0114119518548, 0.0088022602722, 0.000871764845215, 0.000779402907938, 0.000392983580241, 0.000592179247178, 0.000546623719856, 0.000443261349574, 0.000248420314165, 0.000251612684224, 0.000266482151346, 0.00024046121689, 0.000328254507622, 0.000325731089106, 0.000384373764973, 0.000356168689905, 0.000381725520128, 0.000282963970676, 0.000120054530271, 8.95224220585e-05, 6.60152581986e-05, 4.12879417127e-05, 2.03381914616e-05, 4.0817185436e-06],
        "median": [1.69862632902e-05, 0.00112734804861, 0.00503238476813, 0.00561509979889, 0.00623003439978, 0.000494773499668, 0.000303435488604, 0.000194515203475, 0.000378704920877, 0.000337413453963, 0.000200708629563, 0.000114106180263, 0.000149003375554, 0.000189707629033, 0.000155619956786, 0.000261329812929, 0.000274419377092, 0.000320478779031, 0.000295111589367, 0.000308479910018, 0.000223577022552, 7.83616051194e-05, 6.19923230261e-05, 4.38084789494e-05, 1.84921955224e-05, 7.24281062503e-06, 4.08465098189e-07],
        "min": [2.33255165064e-24, 1.84098788702e-23, 4.74058861244e-24, 8.73584566442e-24, 4.78254654627e-23, 2.3042811635e-23, 1.55958652932e-23, 1.97201689452e-23, 2.64395441409e-23, 3.43369631917e-23, 1.72745549886e-23, 5.17693913356e-23, 5.33738429089e-23, 8.04184118097e-23, 1.17194589718e-22, 7.90074236402e-23, 6.48195961767e-23, 1.93828412936e-22, 2.03847867822e-22, 2.1411166764e-22, 4.07321752466e-22, 4.80615412394e-22, 4.41542235612e-22, 6.77886578404e-22, 9.66126053803e-22, 1.58777732574e-21, 2.18465831476e-21],
        "var": [7.59513607562e-09, 7.62723284424e-05, 0.000150091116666, 0.000191526240087, 8.3824932517e-05, 1.28190924897e-06, 1.84626139799e-06, 3.33815933118e-07, 4.59622185645e-07, 4.17923473606e-07, 5.79937989187e-07, 1.73769294065e-07, 1.00361575051e-07, 7.63915863899e-08, 1.13023332915e-07, 6.77441391872e-08, 5.91385358462e-08, 9.6198824906e-08, 7.9410064302e-08, 9.39281008527e-08, 5.42214699806e-08, 1.69498743929e-08, 9.81545777989e-09, 6.44671027672e-09, 3.76078768127e-09, 1.36148503582e-09, 8.71487881859e-11]
    },
    "erbbands": {
        "dmean": [0.0556692183018, 1.02640795708, 6.51282644272, 16.3709888458, 30.4075717926, 13.3830795288, 4.28894758224, 6.33661365509, 7.58473396301, 8.78199863434, 6.81971120834, 9.63439369202, 9.34929943085, 11.8825483322, 7.1799826622, 5.50919103622, 6.82662343979, 6.27264928818, 7.25399923325, 6.54121017456, 10.5323905945, 8.2633934021, 10.8457803726, 8.17634296417, 7.54358243942, 8.73050880432, 5.40572881699, 5.03685188293, 2.18965935707, 1.71053516865, 1.08924841881, 0.73099064827, 0.419582813978, 0.333074688911, 0.162091806531, 0.0650339201093, 0.0249665491283, 0.00738056143746, 0.000723191944417, 2.62623561866e-05],
        "dmean2": [0.0834521576762, 1.67270112038, 10.4303245544, 26.7415428162, 48.0268936157, 21.376914978, 6.94959640503, 10.7714557648, 12.9374523163, 14.6542930603, 11.8548307419, 16.0924854279, 15.6560716629, 19.4512939453, 12.0938653946, 9.38453578949, 11.522974968, 10.5391407013, 12.1238164902, 10.6877765656, 17.5822200775, 13.5502748489, 18.284576416, 13.6701068878, 12.6938934326, 14.703086853, 8.95186424255, 8.06926441193, 3.52945923805, 2.85512065887, 1.67683112621, 1.18930625916, 0.645467579365, 0.519175291061, 0.24204044044, 0.0939327329397, 0.0371738746762, 0.011216818355, 0.00120746542234, 4.20771175413e-05],
        "dvar": [0.0174721833318, 5.88183355331, 87.3196640015, 495.762115479, 1701.10632324, 325.102203369, 47.7102546692, 116.953651428, 187.507049561, 314.995544434, 130.257049561, 211.531036377, 180.126708984, 469.688842773, 144.320175171, 96.8189086914, 122.343009949, 67.7697219849, 99.0859375, 76.7110900879, 137.613586426, 75.714302063, 171.588623047, 99.178352356, 76.7934417725, 113.981323242, 61.2069587708, 34.6333198547, 8.87220287323, 6.84507608414, 2.45009112358, 1.3822581768, 0.397401958704, 0.303950548172, 0.109155148268, 0.0155593156815, 0.00241510989144, 0.000243826041697, 2.83600184048e-06, 1.1409876377e-09],
        "dvar2": [0.0387402735651, 14.9734964371, 214.165359497, 1333.16687012, 4271.82714844, 812.881225586, 118.860061646, 309.580108643, 497.043548584, 794.79888916, 361.936187744, 548.493835449, 485.699981689, 1184.07885742, 404.830780029, 280.750518799, 345.936889648, 185.195251465, 260.876220703, 199.029556274, 369.947143555, 197.622558594, 467.237182617, 266.655609131, 211.361968994, 311.399200439, 163.066696167, 87.968460083, 21.429775238, 17.4766025543, 5.41284608841, 3.47646737099, 0.92725288868, 0.683593809605, 0.248938962817, 0.0303040090948, 0.00513948779553, 0.000556624785531, 7.29963767299e-06, 2.85701595715e-09],
        "max": [2.39389753342, 31.5469493866, 114.619300842, 314.006195068, 571.639648438, 235.151428223, 152.073547363, 181.002761841, 177.593490601, 336.037475586, 164.029312134, 294.752563477, 266.619171143, 881.132202148, 189.163955688, 198.002319336, 284.008148193, 171.335357666, 307.187469482, 251.039352417, 138.562271118, 154.352462769, 410.354980469, 237.745925903, 120.980438232, 139.377120972, 91.7942657471, 83.0597000122, 47.3540649414, 30.5123214722, 25.0334510803, 20.455997467, 14.3219890594, 7.64264774323, 10.0493078232, 3.56380558014, 0.940233230591, 0.254784077406, 0.0265933331102, 0.000424179190304],
        "mean": [0.0615607127547, 1.11244511604, 9.46786975861, 24.1423587799, 44.9067077637, 23.3470478058, 7.5396771431, 8.57082939148, 9.15660667419, 10.9946403503, 9.26807785034, 14.4468536377, 16.0982074738, 20.8131046295, 12.4257955551, 9.16409873962, 11.6303215027, 11.956946373, 13.5970468521, 13.2380685806, 19.708732605, 18.8060703278, 22.645614624, 18.2613773346, 17.5062255859, 18.6549072266, 11.6477794647, 11.1594696045, 4.89464569092, 3.36066842079, 2.42604017258, 1.62159943581, 0.929603636265, 0.547029972076, 0.255899727345, 0.100694790483, 0.0338127240539, 0.00891457498074, 0.000681069155689, 5.75817794015e-05],
        "median": [0.0141750667244, 0.480449795723, 4.89209222794, 16.0918960571, 25.0912704468, 15.7948093414, 4.66578722, 4.44525432587, 4.22604131699, 5.12936878204, 5.18691396713, 9.04452800751, 10.8924465179, 12.3243637085, 6.77254295349, 5.22613096237, 7.25563240051, 8.96812152863, 10.0222387314, 9.96525192261, 15.9477214813, 16.1901245117, 18.861530304, 15.0758552551, 14.8217964172, 15.2850551605, 8.48618793488, 8.89916229248, 3.3034324646, 2.10335254669, 1.64031124115, 1.06285381317, 0.590263724327, 0.267172068357, 0.10123616457, 0.0397591032088, 0.011281227693, 0.00219503464177, 8.85028784978e-05, 5.09766578034e-05],
        "min": [3.05213717353e-22, 2.01929610536e-21, 8.20985320571e-21, 2.08271815935e-20, 3.44516072237e-20, 1.72302096411e-19, 2.29877162842e-19, 1.17625755189e-19, 1.37736971573e-19, 5.82532847404e-19, 2.33800351241e-19, 7.43859433234e-19, 9.2203103525e-19, 9.14839010017e-19, 1.10000887021e-18, 2.03897043144e-18, 2.60737462039e-18, 4.23780178806e-18, 4.71494644875e-18, 4.49360201582e-18, 4.8343019937e-18, 5.53061146641e-18, 1.01672565848e-17, 1.06401640128e-17, 9.77642201717e-18, 1.09611878454e-17, 1.54508090546e-17, 1.57142693884e-17, 1.50964862392e-17, 1.47879296727e-17, 1.28026548436e-17, 1.68269960571e-17, 1.00596097814e-17, 9.02957884006e-18, 7.62113344799e-18, 5.18480240748e-18, 2.80457902792e-18, 1.22737472881e-18, 3.09359474487e-19, 2.85425165022e-20],
        "var": [0.0223242808133, 5.41487026215, 132.687866211, 648.25592041, 2808.75683594, 640.398681641, 91.6147766113, 146.494567871, 189.656387329, 343.966125488, 152.981338501, 313.375549316, 311.556152344, 962.08026123, 263.449920654, 156.140060425, 200.829696655, 129.802459717, 185.067138672, 164.859985352, 226.304260254, 180.471862793, 332.048553467, 211.420349121, 173.279190063, 201.989959717, 115.723342896, 83.4833908081, 25.340303421, 14.0803050995, 7.6089348793, 3.96153140068, 1.28001523018, 0.55896884203, 0.189267963171, 0.0327923595905, 0.00401243567467, 0.000304561282974, 2.41917405219e-06, 1.70171232661e-09]
    },
    "gfcc": {
        "mean": [8.63824367523, 90.2512054443, -115.576416016, 53.1378479004, -50.4786148071, 4.17339134216, -33.9188690186, 3.02828598022, -33.4927253723, -10.1271934509, -28.027015686, -10.8366880417, -13.1007261276],
        "cov": [[10593.1552734, 308.51449585, 465.090484619, 156.662628174, -219.616577148, 286.138061523, -252.360565186, -17.2069988251, -283.612426758, -73.8020095825, -268.972991943, 28.6531162262, -286.935974121], [308.51449585, 897.714660645, -221.34614563, 157.134796143, 137.771942139, -95.3934707642, 102.946685791, -66.0894317627, 54.0327148438, -108.103263855, 41.7174453735, -127.165077209, 103.883811951], [465.090484619, -221.34614563, 740.570861816, 93.7209472656, 159.619918823, 89.4529037476, -72.0549545288, -5.37309551239, -67.1295776367, 25.2566375732, -74.711769104, 13.3693265915, -92.3998718262], [156.662628174, 157.134796143, 93.7209472656, 233.585388184, 101.027366638, 19.4522418976, 35.3387718201, 0.00346622476354, 14.2881603241, -28.899307251, -15.9266910553, -50.3317070007, 23.5842609406], [-219.616577148, 137.771942139, 159.619918823, 101.027366638, 226.817443848, -7.14608716965, 64.2396697998, 9.83302688599, 4.68740367889, 0.734538078308, -38.3420944214, -29.2740917206, 24.0869140625], [286.138061523, -95.3934707642, 89.4529037476, 19.4522418976, -7.14608716965, 152.666564941, -1.64778292179, 26.5422077179, -8.33998680115, 6.99402284622, 25.9653759003, 19.5765247345, -19.7362804413], [-252.360565186, 102.946685791, -72.0549545288, 35.3387718201, 64.2396697998, -1.64778292179, 106.461151123, 29.4248981476, 45.4674491882, 2.16498804092, 7.50617170334, -9.05192470551, 27.1099224091], [-17.2069988251, -66.0894317627, -5.37309551239, 0.00346622476354, 9.83302688599, 26.5422077179, 29.4248981476, 87.8477630615, 28.2398796082, 51.1402206421, 0.258348405361, 24.4531021118, 10.3731079102], [-283.612426758, 54.0327148438, -67.1295776367, 14.2881603241, 4.68740367889, -8.33998680115, 45.4674491882, 28.2398796082, 84.4389038086, 29.1046276093, 34.1854438782, -3.65453052521, 12.6870193481], [-73.8020095825, -108.103263855, 25.2566375732, -28.899307251, 0.734538078308, 6.99402284622, 2.16498804092, 51.1402206421, 29.1046276093, 106.240455627, 16.0427761078, 41.2464790344, -6.52053308487], [-268.972991943, 41.7174453735, -74.711769104, -15.9266910553, -38.3420944214, 25.9653759003, 7.50617170334, 0.258348405361, 34.1854438782, 16.0427761078, 87.8079376221, 19.1152839661, 15.9307641983], [28.6531162262, -127.165077209, 13.3693265915, -50.3317070007, -29.2740917206, 19.5765247345, -9.05192470551, 24.4531021118, -3.65453052521, 41.2464790344, 19.1152839661, 76.4963302612, 4.55783462524], [-286.935974121, 103.883811951, -92.3998718262, 23.5842609406, 24.0869140625, -19.7362804413, 27.1099224091, 10.3731079102, 12.6870193481, -6.52053308487, 15.9307641983, 4.55783462524, 72.2561035156]],
        "icov": [[0.000229254481383, -0.000631840550341, 4.61852141598e-05, -0.000308852584567, 0.000531011726707, -0.000623086467385, 0.000373827875592, -0.000260502798483, 0.00037814679672, -0.000210556041566, 0.00128224666696, -0.00111950247083, 0.0012311169412], [-0.000631840550341, 0.00434207823128, 0.000258354324615, 0.000296812853776, -0.00269688200206, 0.00268478365615, -0.00168791855685, 0.00159222434741, -0.0011404203251, 0.00164507562295, -0.00576641876251, 0.00598868401721, -0.00523892184719], [4.61852141598e-05, 0.000258354324615, 0.00347269582562, -0.00129513954744, -0.00354459579103, -0.00131013197824, 0.00339248823002, 0.000182533069164, 6.6074676397e-06, 4.01380566473e-05, 0.00101940101013, -0.00224651396275, 0.00411965092644], [-0.000308852584567, 0.000296812853776, -0.00129513954744, 0.00748206023127, -0.00160855683498, -0.000848466355819, -0.000831832701806, 0.000131601424073, -0.00214888295159, 0.000866321846843, -0.00077120604692, 0.00513145932928, -0.00485204393044], [0.000531011726707, -0.00269688200206, -0.00354459579103, -0.00160855683498, 0.012942975387, -0.00100151868537, -0.00706289708614, 0.000784811971243, 0.00293425330892, -0.00408277707174, 0.00618736119941, -6.47490887786e-05, -0.00231630029157], [-0.000623086467385, 0.00268478365615, -0.00131013197824, -0.000848466355819, -0.00100151868537, 0.012381750159, -0.00285992468707, -0.00454889284447, 0.00289728865027, 0.00350187066942, -0.010624717921, 0.00285527389497, -0.000321125407936], [0.000373827875592, -0.00168791855685, 0.00339248823002, -0.000831832701806, -0.00706289708614, -0.00285992468707, 0.0219320263714, -0.00522974692285, -0.00843963772058, 0.00395089946687, 0.00361211062409, -0.00546478433535, 0.00400309124961], [-0.000260502798483, 0.00159222434741, 0.000182533069164, 0.000131601424073, 0.000784811971243, -0.00454889284447, -0.00522974692285, 0.0236376337707, -0.00543567631394, -0.00931557361037, 0.00586050795391, -0.000181460942258, -0.00723546510562], [0.00037814679672, -0.0011404203251, 6.6074676397e-06, -0.00214888295159, 0.00293425330892, 0.00289728865027, -0.00843963772058, -0.00543567631394, 0.025504745543, -0.0059250430204, -0.00794657226652, 0.00382198649459, 0.00410919217393], [-0.000210556041566, 0.00164507562295, 4.01380566473e-05, 0.000866321846843, -0.00408277707174, 0.00350187066942, 0.00395089946687, -0.00931557361037, -0.0059250430204, 0.0201596170664, -0.00505514442921, -0.00570964813232, 0.00307408161461], [0.00128224666696, -0.00576641876251, 0.00101940101013, -0.00077120604692, 0.00618736119941, -0.010624717921, 0.00361211062409, 0.00586050795391, -0.00794657226652, -0.00505514442921, 0.0305503942072, -0.0125641180202, 0.00277248118073], [-0.00111950247083, 0.00598868401721, -0.00224651396275, 0.00513145932928, -6.47490887786e-05, 0.00285527389497, -0.00546478433535, -0.000181460942258, 0.00382198649459, -0.00570964813232, -0.0125641180202, 0.033180564642, -0.0152347395197], [0.0012311169412, -0.00523892184719, 0.00411965092644, -0.00485204393044, -0.00231630029157, -0.000321125407936, 0.00400309124961, -0.00723546510562, 0.00410919217393, 0.00307408161461, 0.00277248118073, -0.0152347395197, 0.0332393273711]]
    },
    "melbands": {
        "dmean": [0.000750121078454, 0.00259218527935, 0.00340252672322, 0.00152899301611, 0.000193594562006, 0.000134108355269, 0.000124787373352, 8.96123747225e-05, 5.47447089048e-05, 6.29552014288e-05, 4.85796226712e-05, 4.96174543514e-05, 2.78401039395e-05, 1.85160843102e-05, 1.33145458676e-05, 1.83285301318e-05, 1.2696754311e-05, 1.356321809e-05, 1.17271101772e-05, 9.95247592073e-06, 1.41978598549e-05, 8.63994773681e-06, 1.12932648335e-05, 8.28168504086e-06, 7.25805875845e-06, 6.61623334963e-06, 5.42990710528e-06, 6.52685048408e-06, 4.16716875407e-06, 2.88532532977e-06, 3.17967692354e-06, 1.3556492604e-06, 9.57094357545e-07, 1.07776861569e-06, 6.96830113611e-07, 4.77442085867e-07, 4.7974174322e-07, 2.91105067163e-07, 3.12659125257e-07, 2.89692309252e-07],
        "dmean2": [0.00117890792899, 0.00412259716541, 0.00539679080248, 0.00243333703838, 0.000308533140924, 0.000228253338719, 0.000211381629924, 0.000149682236952, 9.53565831878e-05, 0.000104913357063, 8.12786456663e-05, 8.10735145933e-05, 4.64441764052e-05, 3.1493629649e-05, 2.26324027608e-05, 3.10516370519e-05, 2.13337316382e-05, 2.29219313042e-05, 1.9197961592e-05, 1.63629774761e-05, 2.39844994212e-05, 1.42555891216e-05, 1.88886951946e-05, 1.40031106639e-05, 1.22332212413e-05, 1.11805811684e-05, 9.28689223656e-06, 1.0998785001e-05, 7.0936694101e-06, 4.68010921395e-06, 5.18276738148e-06, 2.2262991024e-06, 1.55489999543e-06, 1.835744456e-06, 1.08203948912e-06, 7.59179044962e-07, 7.90112892446e-07, 4.54135829386e-07, 4.85257316996e-07, 4.56946764871e-07],
        "dvar": [3.66068115909e-06, 1.47273640323e-05, 1.95742959477e-05, 3.91632374885e-06, 8.14503025026e-08, 5.08335489258e-08, 5.364190514e-08, 2.86845196484e-08, 8.68429772538e-09, 9.06549590951e-09, 5.01252017671e-09, 7.15451831113e-09, 2.18286411169e-09, 1.72700387324e-09, 8.84256501354e-10, 1.00882524556e-09, 3.11222436711e-10, 3.25769966558e-10, 4.78832307138e-10, 1.58533658423e-10, 2.6166560585e-10, 8.25281440409e-11, 1.8629305043e-10, 8.18331374886e-11, 8.09672259794e-11, 6.44449840714e-11, 4.36423085171e-11, 6.31695598607e-11, 4.68451423485e-11, 1.19907894378e-11, 1.5044692922e-11, 3.4170272948e-12, 2.06757267557e-12, 2.9707594891e-12, 1.08247970049e-12, 4.92880747067e-13, 5.79898921851e-13, 2.01399958993e-13, 2.15178881115e-13, 2.5801173806e-13],
        "dvar2": [8.98007419892e-06, 3.54028888978e-05, 5.10066565766e-05, 1.03914071587e-05, 2.05844116863e-07, 1.34912582439e-07, 1.39252108511e-07, 7.33340641546e-08, 2.40889459491e-08, 2.33882406775e-08, 1.35364341958e-08, 1.82296968632e-08, 5.81545211986e-09, 4.8142880793e-09, 2.6071544923e-09, 2.84555112806e-09, 8.47863834696e-10, 8.86724915716e-10, 1.19602783233e-09, 4.14918932545e-10, 7.10576320007e-10, 2.19957357883e-10, 5.01524877183e-10, 2.26929863789e-10, 2.20161208708e-10, 1.78423539832e-10, 1.22651111489e-10, 1.72467207182e-10, 1.30239485863e-10, 3.04302416598e-11, 3.95605145864e-11, 8.56187343246e-12, 5.10886558752e-12, 7.85461366087e-12, 2.44018043619e-12, 1.17834529027e-12, 1.49931456139e-12, 4.91519205979e-13, 5.00729991325e-13, 5.92022687384e-13],
        "max": [0.0270193442702, 0.0466207489371, 0.0613712593913, 0.0304901171476, 0.00553434994072, 0.00350236240774, 0.00339463190176, 0.00306321098469, 0.00148676207755, 0.00201527844183, 0.00136310467497, 0.00329377711751, 0.00136519200169, 0.00118177756667, 0.00082752131857, 0.000747824669816, 0.000378378375899, 0.000373895018129, 0.000740050629247, 0.000200372101972, 0.000167398524354, 0.000159483359312, 0.000466417521238, 0.000202609822736, 0.00020726803632, 0.000108021733467, 7.8472221503e-05, 9.14512493182e-05, 7.45733923395e-05, 6.60145306028e-05, 5.26435724169e-05, 2.80668464256e-05, 2.35370844166e-05, 1.82380281331e-05, 1.68254919117e-05, 1.15189759526e-05, 1.27885514303e-05, 1.12648940558e-05, 8.13824044599e-06, 7.71827671997e-06],
        "mean": [0.000761752249673, 0.00371366040781, 0.00523822847754, 0.00253926962614, 0.000348418223439, 0.000181138922926, 0.00014940102119, 0.000114383867185, 7.24905039533e-05, 9.33700866881e-05, 8.06814496173e-05, 8.54691243148e-05, 4.68593207188e-05, 2.94829387713e-05, 2.06616477954e-05, 2.84284597001e-05, 2.18800851144e-05, 2.25653893722e-05, 2.03660783882e-05, 1.75097611645e-05, 2.44315288001e-05, 1.80728056876e-05, 2.25722742471e-05, 1.67218167917e-05, 1.44793748404e-05, 1.3616862816e-05, 1.14072499855e-05, 1.28800547827e-05, 7.39198503652e-06, 6.71122734275e-06, 6.21651588517e-06, 2.71794465334e-06, 2.00432646125e-06, 1.82725409559e-06, 1.46199693063e-06, 1.06136303657e-06, 9.72276893663e-07, 6.34133073163e-07, 5.77987520956e-07, 4.21846806375e-07],
        "median": [0.000202406896278, 0.00196034321561, 0.00337137561291, 0.00185250106733, 0.000223499184358, 9.74930953817e-05, 6.56094925944e-05, 5.62910208828e-05, 3.91367575503e-05, 5.75271405978e-05, 5.18315500813e-05, 5.0318409194e-05, 2.48035885306e-05, 1.33023304443e-05, 1.14078884508e-05, 1.58693837875e-05, 1.55758680194e-05, 1.62499090948e-05, 1.23110548884e-05, 1.3346749256e-05, 1.91299586731e-05, 1.51044496306e-05, 1.84726595762e-05, 1.39401217893e-05, 1.14891063276e-05, 1.10347846203e-05, 9.45731335378e-06, 1.02333706309e-05, 4.91831679028e-06, 5.29005410499e-06, 4.75240221931e-06, 1.78417417374e-06, 1.16651290227e-06, 1.12974043986e-06, 9.48611841523e-07, 7.05762886355e-07, 6.13427289409e-07, 3.90838863495e-07, 3.28329861077e-07, 1.79737838835e-07],
        "min": [5.77540569829e-24, 6.39734363597e-24, 4.07866765422e-24, 5.78217136384e-24, 7.67665080445e-24, 2.9909564586e-24, 2.3115490179e-24, 5.858734259e-24, 1.5349386295e-24, 4.57203822485e-24, 4.48275297545e-24, 3.96262818721e-24, 2.54843684799e-24, 5.32224810116e-24, 6.04742111006e-24, 5.236877574e-24, 7.47791938748e-24, 7.41609083631e-24, 7.61780966953e-24, 6.25548199052e-24, 5.18278695945e-24, 3.55812871401e-24, 1.17019129698e-23, 7.47036131115e-24, 8.60768258859e-24, 6.22449829518e-24, 6.38346993923e-24, 6.22412161409e-24, 8.37285210774e-24, 1.11052895786e-23, 7.52606199081e-24, 6.80955698553e-24, 8.37991162398e-24, 7.55217249791e-24, 6.54819080155e-24, 9.71081226782e-24, 9.90926758346e-24, 6.45561836876e-24, 6.9326303308e-24, 6.82563002648e-24],
        "var": [3.72082831746e-06, 2.13775929296e-05, 2.99539005937e-05, 6.34891785012e-06, 1.58913891823e-07, 6.14272792632e-08, 5.63418041111e-08, 3.17102326619e-08, 9.79818359781e-09, 1.38888243129e-08, 8.57209769833e-09, 1.46751863994e-08, 4.17689616228e-09, 2.93851853961e-09, 1.16432508079e-09, 1.51505330503e-09, 5.41492517492e-10, 5.24958299053e-10, 1.0065609457e-09, 2.46238307522e-10, 3.92641086311e-10, 1.82999795872e-10, 3.41692923955e-10, 1.71219108336e-10, 1.54136953201e-10, 1.27459015564e-10, 7.67600150109e-11, 1.08040465463e-10, 6.35717867237e-11, 3.19899037815e-11, 3.02250273421e-11, 8.60047710133e-12, 5.70007756273e-12, 4.51676543389e-12, 2.99029594489e-12, 1.54966631975e-12, 1.48653550407e-12, 6.13521874363e-13, 5.39866491355e-13, 4.11188173354e-13]
    },
    "mfcc": {
        "mean": [-627.576599121, 111.931533813, -2.73277592659, 45.5173149109, 5.10493993759, 5.89283943176, 5.18737316132, 3.56308555603, 3.06359934807, -2.16444444656, -9.24967193604, -7.57707214355, -12.8087120056],
        "cov": [[5439.42041016, 374.560516357, 247.752365112, -46.9344291687, -27.2376270294, 53.8618011475, -46.7466201782, 59.3276138306, -142.011260986, 16.1728401184, -76.4196395874, -36.232421875, -18.7580718994], [374.560516357, 719.188903809, -157.781738281, 222.547836304, 45.4802703857, 13.0800886154, 45.6123580933, -10.7146720886, 62.2966499329, -10.5111169815, -10.054274559, -10.4254350662, -48.9831428528], [247.752365112, -157.781738281, 469.644775391, 2.26073646545, 156.324066162, 78.6109466553, 20.7189617157, 13.2219810486, -60.5715293884, 16.0551452637, -3.78237390518, -21.2349014282, 11.5575304031], [-46.9344291687, 222.547836304, 2.26073646545, 291.822570801, 94.3092041016, 38.5504264832, 39.7401542664, -4.53072404861, 94.1435012817, -2.33917927742, 15.9838047028, -19.9237194061, -46.2045211792], [-27.2376270294, 45.4802703857, 156.324066162, 94.3092041016, 162.264083862, 62.2221488953, 54.450843811, 5.73685503006, 26.1670608521, 2.72881197929, 3.38735580444, -13.224319458, -13.5358934402], [53.8618011475, 13.0800886154, 78.6109466553, 38.5504264832, 62.2221488953, 88.2182922363, 38.0176429749, 26.4707374573, 1.5731626749, 12.7847738266, 4.73438310623, -2.72818946838, -2.72270321846], [-46.7466201782, 45.6123580933, 20.7189617157, 39.7401542664, 54.450843811, 38.0176429749, 79.974571228, 24.0932788849, 33.0096969604, -1.19181203842, 5.83223199844, -0.273239910603, -6.88406085968], [59.3276138306, -10.7146720886, 13.2219810486, -4.53072404861, 5.73685503006, 26.4707374573, 24.0932788849, 68.7626647949, 10.0317869186, 15.1944255829, -2.4589111805, 4.93471384048, 0.7701395154], [-142.011260986, 62.2966499329, -60.5715293884, 94.1435012817, 26.1670608521, 1.5731626749, 33.0096969604, 10.0317869186, 109.561859131, 14.3831911087, 23.066778183, 0.116592809558, -8.72658538818], [16.1728401184, -10.5111169815, 16.0551452637, -2.33917927742, 2.72881197929, 12.7847738266, -1.19181203842, 15.1944255829, 14.3831911087, 59.2642021179, 25.6009998322, 17.5954837799, 11.1719121933], [-76.4196395874, -10.054274559, -3.78237390518, 15.9838047028, 3.38735580444, 4.73438310623, 5.83223199844, -2.4589111805, 23.066778183, 25.6009998322, 54.4306793213, 28.3797531128, 17.0842151642], [-36.232421875, -10.4254350662, -21.2349014282, -19.9237194061, -13.224319458, -2.72818946838, -0.273239910603, 4.93471384048, 0.116592809558, 17.5954837799, 28.3797531128, 52.7443275452, 31.7504634857], [-18.7580718994, -48.9831428528, 11.5575304031, -46.2045211792, -13.5358934402, -2.72270321846, -6.88406085968, 0.7701395154, -8.72658538818, 11.1719121933, 17.0842151642, 31.7504634857, 58.349319458]],
