{
"lowlevel": {
    "average_loudness": 0.898471653461,
    "barkbands_crest": {
        "dmean": 3.0345389843,
        "dmean2": 4.98899936676,
        "dvar": 6.87092065811,
        "dvar2": 18.0534095764,
        "max": 22.5115642548,
        "mean": 9.16856861115,
        "median": 8.46525669098,
        "min": 2.47364783287,
        "var": 12.3770771027
    },
    "barkbands_flatness_db": {
        "dmean": 0.0297018401325,
        "dmean2": 0.044040068984,
        "dvar": 0.000767366902437,
        "dvar2": 0.00169514375739,
        "max": 0.322373360395,
        "mean": 0.129926204681,
        "median": 0.125118508935,
        "min": 0.0214731711894,
        "var": 0.00272457976826
    },
    "barkbands_kurtosis": {
        "dmean": 3.49324440956,
        "dmean2": 5.58767700195,
        "dvar": 18.3120594025,
        "dvar2": 46.8818092346,
        "max": 72.5673980713,
        "mean": 5.37691497803,
        "median": 3.91570997238,
        "min": -1.72114646435,
        "var": 34.6756095886
    },
    "barkbands_skewness": {
        "dmean": 0.596739530563,
        "dmean2": 0.94160503149,
        "dvar": 0.299222677946,
        "dvar2": 0.74181419611,
        "max": 7.21361446381,
        "mean": 1.92910563946,
        "median": 1.85322892666,
        "min": -2.16715526581,
        "var": 0.851360976696
    },
    "barkbands_spread": {
        "dmean": 8.01596164703,
        "dmean2": 12.1933498383,
        "dvar": 81.0326690674,
        "dvar2": 175.969146729,
        "max": 82.6577987671,
        "mean": 21.3222064972,
        "median": 17.5553627014,
        "min": 1.86570727825,
        "var": 203.123748779
    },
    "dissonance": {
        "dmean": 0.0189683511853,
        "dmean2": 0.0318501628935,
        "dvar": 0.000343144551152,
        "dvar2": 0.000908137240913,
        "max": 0.499999910593,
        "mean": 0.465092420578,
        "median": 0.471248358488,
        "min": 0.265795379877,
        "var": 0.000685828505084
    },
    "dynamic_complexity": 2.0349881649,
    "erbbands_crest": {
        "dmean": 2.29697370529,
        "dmean2": 3.74106359482,
        "dvar": 4.62657546997,
        "dvar2": 11.1698570251,
        "max": 23.9375152588,
        "mean": 6.87610387802,
        "median": 5.95034313202,
        "min": 1.83243858814,
        "var": 11.3657140732
    },
    "erbbands_flatness_db": {
        "dmean": 0.0209818985313,
        "dmean2": 0.0294363107532,
        "dvar": 0.000462832278572,
        "dvar2": 0.000824980845209,
        "max": 0.310027182102,
        "mean": 0.131915956736,
        "median": 0.123349674046,
        "min": 0.025905283168,
        "var": 0.00167897518259
    },
    "erbbands_kurtosis": {
        "dmean": 0.981304883957,
        "dmean2": 1.52786839008,
        "dvar": 1.87389945984,
        "dvar2": 3.86499524117,
        "max": 22.2791385651,
        "mean": 0.180560454726,
        "median": -0.416810512543,
        "min": -1.72782182693,
        "var": 3.69472980499
    },
    "erbbands_skewness": {
        "dmean": 0.401813954115,
        "dmean2": 0.612937748432,
        "dvar": 0.122760534286,
        "dvar2": 0.281843006611,
        "max": 3.61448192596,
        "mean": 0.555097103119,
        "median": 0.530534982681,
        "min": -1.37769007683,
        "var": 0.379458397627
    },
    "erbbands_spread": {
        "dmean": 12.6179895401,
        "dmean2": 19.0050792694,
        "dvar": 167.120819092,
        "dvar2": 328.75177002,
        "max": 135.8618927,
        "mean": 48.6947784424,
        "median": 47.2261390686,
        "min": 3.72973489761,
        "var": 444.155578613
    },
    "hfc": {
        "dmean": 9.56684494019,
        "dmean2": 13.6245117188,
        "dvar": 201.110031128,
        "dvar2": 369.163848877,
        "max": 191.327224731,
        "mean": 20.6063137054,
        "median": 13.8408794403,
        "min": 1.12795711521e-16,
        "var": 439.902618408
    },
    "melbands_crest": {
        "dmean": 3.53705716133,
        "dmean2": 5.88657426834,
        "dvar": 9.64143562317,
        "dvar2": 25.6111297607,
        "max": 33.1841545105,
        "mean": 12.6011924744,
        "median": 11.9678707123,
        "min": 1.6290448904,
        "var": 17.1484489441
    },
    "melbands_flatness_db": {
        "dmean": 0.0365648455918,
        "dmean2": 0.0545967034996,
        "dvar": 0.00115937413648,
        "dvar2": 0.00265210447833,
        "max": 0.440841704607,
        "mean": 0.201658666134,
        "median": 0.196936145425,
        "min": 0.0041533797048,
        "var": 0.00438929256052
    },
    "melbands_kurtosis": {
        "dmean": 8.58548355103,
        "dmean2": 13.8086843491,
        "dvar": 132.050354004,
        "dvar2": 338.170410156,
        "max": 213.001083374,
        "mean": 16.8400764465,
        "median": 12.6588029861,
        "min": -1.33815670013,
        "var": 228.140792847
    },
    "melbands_skewness": {
        "dmean": 0.846377491951,
        "dmean2": 1.31101500988,
        "dvar": 0.646264731884,
        "dvar2": 1.54012036324,
        "max": 13.0268373489,
        "mean": 3.09706115723,
        "median": 2.88963508606,
        "min": -0.816196680069,
        "var": 1.75467073917
    },
    "melbands_spread": {
        "dmean": 6.9056854248,
        "dmean2": 10.7255716324,
        "dvar": 73.6332168579,
        "dvar2": 169.565887451,
        "max": 164.289245605,
        "mean": 17.8998126984,
        "median": 13.9534444809,
        "min": 1.61872959137,
        "var": 184.946594238
    },
    "pitch_salience": {
        "dmean": 0.0845158323646,
        "dmean2": 0.139729052782,
        "dvar": 0.004927046597,
        "dvar2": 0.0137377446517,
        "max": 0.994887113571,
        "mean": 0.610236167908,
        "median": 0.619241774082,
        "min": 0.208134323359,
        "var": 0.00983936153352
    },
    "silence_rate_20dB": {
        "dmean": 0,
        "dmean2": 0,
        "dvar": 0,
        "dvar2": 0,
        "max": 1,
        "mean": 1,
        "median": 1,
        "min": 1,
        "var": 0
    },
    "silence_rate_30dB": {
        "dmean": 0.0158227849752,
        "dmean2": 0.031651828438,
        "dvar": 0.0155730852857,
        "dvar2": 0.0409377925098,
        "max": 1,
        "mean": 0.988728523254,
        "median": 1,
        "min": 0,
        "var": 0.0111442459747
    },
    "silence_rate_60dB": {
        "dmean": 0.00356012652628,
        "dmean2": 0.00712166167796,
        "dvar": 0.00354720070027,
        "dvar2": 0.00786295905709,
        "max": 1,
        "mean": 0.0124579789117,
        "median": 0,
        "min": 0,
        "var": 0.0123020866886
    },
    "spectral_centroid": {
        "dmean": 318.182403564,
        "dmean2": 487.723388672,
        "dvar": 119826.820312,
        "dvar2": 264792.5625,
        "max": 11343.7001953,
        "mean": 1135.50061035,
        "median": 985.084838867,
        "min": 243.38684082,
        "var": 534564.25
    },
    "spectral_complexity": {
        "dmean": 5.26621818542,
        "dmean2": 7.77487659454,
        "dvar": 34.1024627686,
        "dvar2": 60.3626174927,
        "max": 59,
        "mean": 19.65691185,
        "median": 16,
        "min": 0,
        "var": 117.401550293
    },
    "spectral_decrease": {
        "dmean": 3.4439606722e-09,
        "dmean2": 5.40665467952e-09,
        "dvar": 2.20338994898e-17,
        "dvar2": 5.23459611609e-17,
        "max": 1.08584700637e-28,
        "mean": -7.88989940048e-09,
        "median": -6.31771346349e-09,
        "min": -5.68349030061e-08,
        "var": 3.61453608576e-17
    },
    "spectral_energy": {
        "dmean": 0.0135993473232,
        "dmean2": 0.0211894419044,
        "dvar": 0.000338380225003,
        "dvar2": 0.000792154693045,
        "max": 0.220351874828,
        "mean": 0.0316473916173,
        "median": 0.0254677720368,
        "min": 1.02624542359e-20,
        "var": 0.000570792995859
    },
    "spectral_energyband_high": {
        "dmean": 0.000856760365423,
        "dmean2": 0.00121531449258,
        "dvar": 2.06019717552e-06,
        "dvar2": 3.50609684574e-06,
        "max": 0.0189720839262,
        "mean": 0.00130657153204,
        "median": 0.000497294706292,
        "min": 7.35441031963e-21,
        "var": 4.42781083621e-06
    },
    "spectral_energyband_low": {
        "dmean": 0.00799977686256,
        "dmean2": 0.013078940101,
        "dvar": 0.000189128957572,
        "dvar2": 0.000476101238746,
        "max": 0.150024950504,
        "mean": 0.0125554101542,
        "median": 0.00752812344581,
        "min": 2.24605076469e-23,
        "var": 0.000246979790973
    },
    "spectral_energyband_middle_high": {
        "dmean": 0.00146932154894,
        "dmean2": 0.00216884119436,
        "dvar": 4.11062001149e-06,
        "dvar2": 8.43842735776e-06,
        "max": 0.023504531011,
        "mean": 0.00338083179668,
        "median": 0.00237221550196,
        "min": 1.18144171251e-21,
        "var": 1.05552735477e-05
    },
    "spectral_energyband_middle_low": {
        "dmean": 0.00783227011561,
        "dmean2": 0.0126641942188,
        "dvar": 0.000128466723254,
        "dvar2": 0.000332790106768,
        "max": 0.151605561376,
        "mean": 0.0158336106688,
        "median": 0.0120227169245,
        "min": 2.05804040919e-22,
        "var": 0.000180100018042
    },
    "spectral_entropy": {
        "dmean": 0.243670091033,
        "dmean2": 0.342449754477,
        "dvar": 0.0652684867382,
        "dvar2": 0.128996387124,
        "max": 9.82034778595,
        "mean": 7.67938566208,
        "median": 7.76297521591,
        "min": 6.11085748672,
        "var": 0.224190220237
    },
    "spectral_flux": {
        "dmean": 0.0285868737847,
        "dmean2": 0.0453519821167,
        "dvar": 0.00104739773087,
        "dvar2": 0.00245896610431,
        "max": 0.346591889858,
        "mean": 0.0987422764301,
        "median": 0.0881584584713,
        "min": 6.57360554879e-11,
        "var": 0.00211596256122
    },
    "spectral_kurtosis": {
        "dmean": 1.87688088417,
        "dmean2": 2.95709514618,
        "dvar": 8.02894020081,
        "dvar2": 19.8779468536,
        "max": 31.4166259766,
        "mean": 3.83205723763,
        "median": 2.48423242569,
        "min": -1.23546850681,
        "var": 15.1865510941
    },
    "spectral_rms": {
        "dmean": 0.00110712146852,
        "dmean2": 0.00168370036408,
        "dvar": 1.39001770094e-06,
        "dvar2": 3.05667936118e-06,
        "max": 0.0146621093154,
        "mean": 0.00523081002757,
        "median": 0.00498463725671,
        "min": 3.16419828707e-12,
        "var": 3.51405446963e-06
    },
    "spectral_rolloff": {
        "dmean": 630.82043457,
        "dmean2": 1042.79956055,
        "dvar": 1214917.375,
        "dvar2": 2718732.5,
        "max": 19293.75,
        "mean": 1195.3560791,
        "median": 732.12890625,
        "min": 43.06640625,
        "var": 2336369.5
    },
    "spectral_skewness": {
        "dmean": 0.305738568306,
        "dmean2": 0.451903909445,
        "dvar": 0.135724008083,
        "dvar2": 0.311669290066,
        "max": 4.21994686127,
        "mean": 1.48818147182,
        "median": 1.33882260323,
        "min": -0.0393551513553,
        "var": 0.347200155258
    },
    "spectral_spread": {
        "dmean": 775640.9375,
        "dmean2": 1056911.375,
        "dvar": 930029436928,
        "dvar2": 1.7256457175e+12,
        "max": 42180176,
        "mean": 5115078,
        "median": 5130435,
        "min": 1588187.25,
        "var": 4.51101012787e+12
    },
    "spectral_strongpeak": {
        "dmean": 0.393843919039,
        "dmean2": 0.657762467861,
        "dvar": 0.250628709793,
        "dvar2": 0.631858944893,
        "max": 5.12251186371,
        "mean": 0.629298388958,
        "median": 0.403298765421,
        "min": 0,
        "var": 0.432545989752
    },
    "zerocrossingrate": {
        "dmean": 0.014330224134,
        "dmean2": 0.0168888326734,
        "dvar": 0.000256440107478,
        "dvar2": 0.000308273389237,
        "max": 0.79443359375,
        "mean": 0.0571355670691,
        "median": 0.04931640625,
        "min": 0.0087890625,
        "var": 0.00163818954024
    },
    "barkbands": {
        "dmean": [0.000313966651447, 0.00574837625027, 0.00272232550196, 0.00202830228955, 0.00442146277055, 0.00189838791266, 0.00118680938613, 0.000721729360521, 0.000685202481691, 0.000675646122545, 0.0002724090009, 0.000236776002566, 0.000177185109351, 0.000170547646121, 0.000141786629683, 0.000139539726661, 0.000162948257639, 0.0001572008332, 0.000194911073777, 0.000167618665728, 0.000162995915161, 0.000247900490649, 0.000155669855303, 0.000151094325702, 7.67761011957e-05, 4.88737678097e-05, 4.76017930851e-06],
        "dmean2": [0.000539510743693, 0.00965210516006, 0.004446989391, 0.00338893337175, 0.00738066853955, 0.00310944556259, 0.00197688583285, 0.00113847025204, 0.00108505703975, 0.00107922020834, 0.000439985014964, 0.000384993181797, 0.00029273799737, 0.0002734567679, 0.000234434133745, 0.000228240183787, 0.000260768312728, 0.00024757446954, 0.000304529588902, 0.000257395178778, 0.000247399293585, 0.000359564379323, 0.000217339736992, 0.00022276508389, 0.00011435621127, 7.61446353863e-05, 8.56536098581e-06],
        "dvar": [4.40591435336e-07, 0.000115623217425, 3.1056250009e-05, 1.82631974894e-05, 5.13290287927e-05, 6.7647342803e-06, 3.10369910039e-06, 1.37957954394e-06, 2.39475934904e-06, 1.72266970822e-06, 2.19630678089e-07, 1.16187237609e-07, 1.17567239499e-07, 5.75848311257e-08, 6.6263751819e-08, 1.11711436546e-07, 6.15394171177e-08, 6.31894252479e-08, 1.23742495362e-07, 8.523218753e-08, 7.86154643606e-08, 2.48335283004e-07, 6.27620835303e-08, 6.57125411863e-08, 1.68147344937e-08, 9.59139256906e-09, 2.67215083394e-10],
        "dvar2": [1.23800828078e-06, 0.000295176927466, 8.54221725604e-05, 4.74211010442e-05, 0.000139070645673, 1.87108125829e-05, 8.43933867145e-06, 3.2373313843e-06, 5.34284981768e-06, 3.90425475416e-06, 5.14733926593e-07, 2.86799632931e-07, 2.93620701086e-07, 1.36670465167e-07, 1.68915534005e-07, 3.01757182797e-07, 1.51368880097e-07, 1.52287356059e-07, 2.77770368484e-07, 1.99388949795e-07, 1.51581886598e-07, 4.43656148263e-07, 1.09512470203e-07, 1.39153584655e-07, 3.59258258698e-08, 2.22558380614e-08, 7.32536808989e-10],
        "max": [0.00951496511698, 0.106849610806, 0.102874785662, 0.0554661862552, 0.117335364223, 0.0330119878054, 0.0304116122425, 0.0331680066884, 0.0310490950942, 0.017457421869, 0.0112763876095, 0.0055935899727, 0.00462297303602, 0.00316693005152, 0.00335463671945, 0.0093066804111, 0.00283518270589, 0.00269982777536, 0.00468987505883, 0.00440279161558, 0.00325915892608, 0.00715024210513, 0.00335899111815, 0.00340389576741, 0.00145091477316, 0.000843348097987, 0.000227118245675],
        "mean": [0.000347791588865, 0.00700057577342, 0.00399817014113, 0.00248761870898, 0.00586997671053, 0.00288432394154, 0.00186526833568, 0.00114239053801, 0.00116294890177, 0.000966641528066, 0.000442416203441, 0.00037961176713, 0.000265023700194, 0.000264813628746, 0.000207487595617, 0.000214682047954, 0.000243872360443, 0.000208725759876, 0.000282958004391, 0.00026390448329, 0.000239534419961, 0.000337908277288, 0.000216710919631, 0.000203587755095, 9.76954615908e-05, 4.96370485052e-05, 3.09594383907e-06],
        "median": [9.69604298007e-05, 0.00301730399951, 0.00236046570353, 0.00132554501761, 0.00336974300444, 0.0018725550035, 0.0011524790898, 0.000576324644499, 0.000490415084641, 0.000422102137236, 0.000228897450143, 0.000212501021451, 0.000130196975078, 0.000141345517477, 0.000101919118606, 8.7944601546e-05, 0.000108642707346, 9.64928476606e-05, 0.000128060099087, 0.000115834525786, 9.42939586821e-05, 0.000106866711576, 7.12315886631e-05, 7.32191765564e-05, 2.25466301345e-05, 9.02622923604e-06, 4.04468245563e-08],
        "min": [2.48869404506e-24, 5.23310366343e-24, 4.75623645736e-24, 1.97693374621e-24, 1.44399426756e-23, 2.60109197235e-23, 1.13775436208e-23, 1.73376891046e-23, 3.86159971771e-23, 1.98828857064e-23, 2.673653765e-23, 2.5738259418e-23, 4.7542529455e-23, 4.5379608537e-23, 3.22001251707e-23, 6.69952114445e-23, 6.62345602052e-23, 1.1849797726e-22, 2.09480208468e-22, 1.94508878042e-22, 2.98104149465e-22, 3.65223287802e-22, 4.76329815086e-22, 6.61355587927e-22, 1.00256925668e-21, 1.45775265177e-21, 1.88921125077e-21],
        "var": [4.38474756947e-07, 0.000132078566821, 3.26064946421e-05, 1.60510116984e-05, 5.36192274012e-05, 1.05108601929e-05, 5.02010925629e-06, 2.93337029689e-06, 8.01694568509e-06, 2.6682380394e-06, 5.89775879689e-07, 2.09472858614e-07, 1.6854833973e-07, 1.07020326823e-07, 9.24760570342e-08, 1.78030759912e-07, 1.03601152546e-07, 8.83707187427e-08, 1.91117649706e-07, 1.84953563576e-07, 1.57498647013e-07, 4.32912287351e-07, 1.3284177669e-07, 1.03323365863e-07, 2.88652035607e-08, 1.07296944662e-08, 1.69888839108e-10]
    },
    "erbbands": {
        "dmean": [0.19803096354, 1.2039192915, 2.65583896637, 5.03924512863, 12.1045475006, 15.59968853, 11.9329833984, 17.381811142, 23.1187858582, 16.8800392151, 11.6784677505, 12.0006055832, 25.6800327301, 12.4430551529, 9.40285396576, 9.3648815155, 8.41629123688, 8.77770519257, 7.00299692154, 6.9878988266, 7.09589719772, 8.80246734619, 8.51147842407, 10.181427002, 8.30060768127, 8.16663074493, 6.88079738617, 6.84676456451, 9.11968803406, 7.11262512207, 4.21299648285, 4.26569032669, 1.75776743889, 1.06479859352, 0.471587568521, 0.240649208426, 0.0822805911303, 0.0146078141406, 0.000569906551391, 2.65697763098e-05],
        "dmean2": [0.339180827141, 2.0293135643, 4.37665700912, 8.14792060852, 20.5384349823, 25.8750743866, 20.0308113098, 28.2848377228, 38.1024284363, 27.3570137024, 19.1580352783, 19.0941200256, 40.6377105713, 19.9978027344, 15.1319675446, 15.1309328079, 13.9234685898, 14.0948934555, 11.4632472992, 11.3392810822, 11.4114494324, 13.9217586517, 13.406080246, 16.0090618134, 12.7482757568, 12.7898874283, 10.5641269684, 9.99596118927, 13.360452652, 10.2644634247, 5.86642122269, 6.2691822052, 2.56310677528, 1.5968606472, 0.715377509594, 0.372495681047, 0.128178209066, 0.0248099435121, 0.000995575333945, 4.10520733567e-05],
        "dvar": [0.180391222239, 4.61347484589, 26.2907218933, 89.2427215576, 439.163024902, 813.254882812, 326.738494873, 638.120727539, 1007.55853271, 850.872009277, 295.596435547, 452.902923584, 2104.79321289, 563.3828125, 242.450485229, 176.948577881, 273.459381104, 159.976730347, 148.781402588, 174.499191284, 164.959777832, 185.918655396, 187.393493652, 338.140167236, 230.374679565, 227.446350098, 140.72833252, 151.503051758, 343.901885986, 161.901397705, 41.4759292603, 55.1852798462, 9.23626899719, 3.31683087349, 0.714329600334, 0.218986034393, 0.0271315667778, 0.00129376084078, 3.65191704077e-06, 1.75961811788e-09],
        "dvar2": [0.469106525183, 11.8451070786, 71.784576416, 232.591918945, 1144.50952148, 2201.30688477, 869.74206543, 1678.28820801, 2813.36401367, 2148.04785156, 761.628662109, 1080.56140137, 4911.36767578, 1264.83251953, 590.585449219, 432.113708496, 685.509338379, 383.974487305, 376.169372559, 445.485473633, 424.702514648, 445.778381348, 459.021697998, 784.080322266, 509.405151367, 551.539245605, 274.27130127, 268.572784424, 640.859619141, 303.838989258, 74.4122467041, 124.863525391, 19.7362804413, 7.29177236557, 1.5684517622, 0.504243195057, 0.0615950003266, 0.0033727507107, 9.97009738057e-06, 4.18560563986e-09],
        "max": [4.08011054993, 21.8247947693, 83.9884872437, 152.811630249, 248.826278687, 574.175720215, 248.644332886, 364.951141357, 551.355102539, 694.099121094, 243.724990845, 398.727478027, 879.637084961, 417.936096191, 257.550964355, 229.666824341, 231.335144043, 161.926345825, 161.525680542, 256.083435059, 315.437713623, 163.335327148, 162.237167358, 242.097137451, 218.644058228, 217.461196899, 165.805496216, 163.458236694, 245.035644531, 165.210220337, 84.8189239502, 90.9109573364, 42.8743247986, 17.9354610443, 10.641957283, 3.87016630173, 1.49626886845, 0.404611885548, 0.0288264043629, 0.000474666419905],
        "mean": [0.218876108527, 1.50974524021, 3.9094851017, 7.50448656082, 13.8936824799, 19.9965591431, 16.4486484528, 26.4777812958, 36.257358551, 26.1050300598, 18.7897663116, 20.8658657074, 41.0273551941, 20.6852684021, 15.6277112961, 15.6686973572, 13.0955018997, 14.0118026733, 10.9925861359, 11.4184789658, 11.8074941635, 13.3330411911, 11.8141441345, 14.4098129272, 12.2443695068, 12.7357587814, 10.2799310684, 10.2122211456, 12.2396430969, 9.41432952881, 5.91352748871, 5.39309120178, 2.42281007767, 1.3471634388, 0.579337954521, 0.25866651535, 0.08170132339, 0.0114381723106, 0.000422658777097, 4.90510101372e-05],
        "median": [0.0662769749761, 0.734671056271, 2.57505941391, 4.50602054596, 6.60635471344, 10.4579553604, 9.95065307617, 16.1234340668, 22.014503479, 13.3971233368, 11.3419742584, 11.1204814911, 16.7100429535, 10.5277032852, 9.16149902344, 8.67781066895, 6.72201728821, 7.77453565598, 6.47204732895, 5.49138641357, 5.45676374435, 6.05571985245, 5.66246938705, 6.14457321167, 5.8154592514, 5.49785852432, 4.08490753174, 3.84759426117, 3.78096675873, 2.99350261688, 1.99968695641, 1.81916165352, 0.784587621689, 0.331128239632, 0.13179025054, 0.0536895394325, 0.0146703151986, 0.00106625654735, 4.2660642066e-05, 3.51425333065e-05],
        "min": [2.10386590715e-22, 6.7523221923e-22, 4.13497975472e-21, 8.62527235662e-21, 1.88949539216e-20, 3.411710637e-20, 1.0367326682e-19, 2.29949954736e-19, 2.75017727189e-19, 3.38655239104e-19, 4.45523872318e-19, 6.51811239958e-19, 1.04843333184e-18, 8.98816521552e-19, 1.15416273055e-18, 1.46321694954e-18, 1.75280915968e-18, 1.89073263464e-18, 4.00393839015e-18, 3.95974337079e-18, 3.96146928314e-18, 5.40156715495e-18, 6.40544760841e-18, 7.90780529698e-18, 1.01122896059e-17, 1.14889174957e-17, 1.45120384687e-17, 9.57531786664e-18, 1.23502846558e-17, 1.49996597854e-17, 1.26954472731e-17, 1.31290900918e-17, 1.24208729406e-17, 9.68363220477e-18, 8.32576063535e-18, 4.66646787459e-18, 2.53962708066e-18, 1.0440444149e-18, 2.45223818898e-19, 2.91147380779e-20],
        "var": [0.181252777576, 5.41436195374, 26.4759120941, 100.056739807, 452.603118896, 841.964416504, 385.167633057, 1078.9375, 1793.15307617, 1399.56555176, 483.434356689, 1392.06677246, 5665.84179688, 1120.28125, 459.727172852, 342.006866455, 388.62878418, 292.264038086, 199.480819702, 288.612426758, 304.347503662, 308.406738281, 263.181915283, 507.077606201, 359.45223999, 456.17855835, 291.776794434, 315.702850342, 578.982421875, 291.123931885, 91.1476745605, 78.5924453735, 15.6858482361, 5.35586357117, 1.12368881702, 0.266381651163, 0.0303310751915, 0.000978145049885, 2.37976473727e-06, 2.18107065741e-09]
    },
    "gfcc": {
        "mean": [14.9409046173, 101.437194824, -101.202575684, 40.3482818604, -69.1977005005, 15.7347307205, -37.6781959534, 8.18755245209, -23.1742649078, 1.80582201481, -14.5575962067, 1.89326941967, -10.5511331558],
        "cov": [[7041.05126953, -1344.31689453, -257.307342529, 352.136383057, -462.550048828, 224.464355469, -288.139343262, 193.616729736, -234.300033569, 196.265380859, -181.952529907, 187.207061768, -244.19682312], [-1344.31689453, 1532.8293457, -168.616348267, -230.595581055, 210.891693115, -182.734024048, 112.382469177, -132.828186035, 109.995414734, -170.225387573, 121.642822266, -171.82901001, 175.802932739], [-257.307342529, -168.616348267, 468.460754395, 25.4233722687, 0.718243658543, 97.0765380859, 44.615447998, 24.3434848785, -0.278703182936, 28.870967865, -15.3784952164, 54.9970207214, -12.5360937119], [352.136383057, -230.595581055, 25.4233722687, 268.768829346, -21.5223121643, 47.1118736267, 4.54380512238, 27.5308227539, -15.6132793427, 26.3202819824, -3.08182859421, 1.60491132736, -13.1938228607], [-462.550048828, 210.891693115, 0.718243658543, -21.5223121643, 166.030700684, -14.8488674164, 48.632648468, -2.41475057602, 42.0923461914, -11.2474956512, 29.6800765991, -10.9867181778, 21.8486232758], [224.464355469, -182.734024048, 97.0765380859, 47.1118736267, -14.8488674164, 127.843276978, 16.5797939301, 48.1858177185, 2.54506778717, 27.6519908905, -5.01609182358, 42.9292793274, -19.3158378601], [-288.139343262, 112.382469177, 44.615447998, 4.54380512238, 48.632648468, 16.5797939301, 104.046775818, 26.4380168915, 19.778383255, -11.5014219284, 13.7929611206, -0.450574457645, 30.9404830933], [193.616729736, -132.828186035, 24.3434848785, 27.5308227539, -2.41475057602, 48.1858177185, 26.4380168915, 84.8567581177, 22.0435180664, 29.379076004, 1.40008330345, 31.8520107269, -5.52727174759], [-234.300033569, 109.995414734, -0.278703182936, -15.6132793427, 42.0923461914, 2.54506778717, 19.778383255, 22.0435180664, 77.4512634277, 19.6690044403, 30.7538166046, 1.86111736298, 14.2713127136], [196.265380859, -170.225387573, 28.870967865, 26.3202819824, -11.2474956512, 27.6519908905, -11.5014219284, 29.379076004, 19.6690044403, 80.9260559082, 10.7601442337, 31.6932659149, -17.6674385071], [-181.952529907, 121.642822266, -15.3784952164, -3.08182859421, 29.6800765991, -5.01609182358, 13.7929611206, 1.40008330345, 30.7538166046, 10.7601442337, 63.2935791016, 6.61219024658, 19.616104126], [187.207061768, -171.82901001, 54.9970207214, 1.60491132736, -10.9867181778, 42.9292793274, -0.450574457645, 31.8520107269, 1.86111736298, 31.6932659149, 6.61219024658, 74.6948547363, -7.66782569885], [-244.19682312, 175.802932739, -12.5360937119, -13.1938228607, 21.8486232758, -19.3158378601, 30.9404830933, -5.52727174759, 14.2713127136, -17.6674385071, 19.616104126, -7.66782569885, 68.7897109985]],
        "icov": [[0.000331144809024, -0.000453221378848, 0.000325771979988, -0.000468247075332, 0.000512024911586, -0.000251283025136, 0.000640012265649, -0.000969573913608, 0.00110954558477, -0.000900257495232, 0.000970085675362, -0.00111033627763, 0.000842609268147], [-0.000453221378848, 0.0037918468006, -0.00041804232751, 0.0022811787203, -0.00172668148298, 0.000461504765553, -0.0019499611808, 0.003576771589, -0.00428759725764, 0.00482044415548, -0.00527989352122, 0.00609921244904, -0.00478269904852], [0.000325771979988, -0.00041804232751, 0.00316275819205, -0.000456462497823, 0.000491017766763, -0.00204558973201, -0.000955321127549, 0.000635587086435, 0.00076741684461, -0.00147209642455, 0.00211693765596, -0.00260181073099, 0.00103309063707], [-0.000468247075332, 0.0022811787203, -0.000456462497823, 0.00588082894683, -0.00112283043563, -0.00110946409404, -0.00158230878878, 0.00134670548141, -0.00109535525553, 0.00150202587247, -0.00418239273131, 0.00596033222973, -0.00311233731918], [0.000512024911586, -0.00172668148298, 0.000491017766763, -0.00112283043563, 0.0095761269331, 0.00026666271151, -0.00232040509582, -0.000569936761167, -0.00129581743386, -0.00138677342329, 0.00105762446765, -0.00323374429718, 0.00338642881252], [-0.000251283025136, 0.000461504765553, -0.00204558973201, -0.00110946409404, 0.00026666271151, 0.0136809442192, -0.00180281512439, -0.00374895799905, -0.0010155759519, 0.00116772076581, -0.000701724784449, -0.00322112534195, 0.00196109665558], [0.000640012265649, -0.0019499611808, -0.000955321127549, -0.00158230878878, -0.00232040509582, -0.00180281512439, 0.0175552368164, -0.0088850101456, 0.00359005550854, -7.31408217689e-05, 0.00194966758136, -0.00130866863765, -0.00306679587811], [-0.000969573913608, 0.003576771589, 0.000635587086435, 0.00134670548141, -0.000569936761167, -0.00374895799905, -0.0088850101456, 0.0258333068341, -0.0115050598979, 0.00183775508776, -0.00176174635999, 0.000455995294033, -0.00359631865285], [0.00110954558477, -0.00428759725764, 0.00076741684461, -0.00109535525553, -0.00129581743386, -0.0010155759519, 0.00359005550854, -0.0115050598979, 0.0278611816466, -0.0113652134314, -0.000807016855106, -0.00329805794172, 0.00357677624561], [-0.000900257495232, 0.00482044415548, -0.00147209642455, 0.00150202587247, -0.00138677342329, 0.00116772076581, -7.31408217689e-05, 0.00183775508776, -0.0113652134314, 0.0259582940489, -0.00983252376318, 0.0026281864848, -0.00242490228266], [0.000970085675362, -0.00527989352122, 0.00211693765596, -0.00418239273131, 0.00105762446765, -0.000701724784449, 0.00194966758136, -0.00176174635999, -0.000807016855106, -0.00983252376318, 0.0307944472879, -0.0130138313398, 0.00237960647792], [-0.00111033627763, 0.00609921244904, -0.00260181073099, 0.00596033222973, -0.00323374429718, -0.00322112534195, -0.00130866863765, 0.000455995294033, -0.00329805794172, 0.0026281864848, -0.0130138313398, 0.032312206924, -0.00944015663117], [0.000842609268147, -0.00478269904852, 0.00103309063707, -0.00311233731918, 0.00338642881252, 0.00196109665558, -0.00306679587811, -0.00359631865285, 0.00357677624561, -0.00242490228266, 0.00237960647792, -0.00944015663117, 0.0268123354763]]
    },
    "melbands": {
        "dmean": [0.00166286306921, 0.00137413176708, 0.00102325750049, 0.000966413586866, 0.000507214281242, 0.000408947176766, 0.000323405110976, 0.000181854193215, 9.46759901126e-05, 8.75052210176e-05, 0.000132974644657, 5.54643556825e-05, 3.34381220455e-05, 2.48051546805e-05, 2.70187047136e-05, 1.66089594131e-05, 1.74372162292e-05, 1.18266270874e-05, 1.10520986709e-05, 1.14622816909e-05, 8.21215871838e-06, 9.68304993876e-06, 8.72117198014e-06, 7.07296703695e-06, 8.92955358722e-06, 7.20188563719e-06, 5.31672139914e-06, 5.77793070988e-06, 4.67987774755e-06, 3.99177952204e-06, 4.16130751546e-06, 5.44351541976e-06, 4.86284989165e-06, 3.76744992536e-06, 2.47765001404e-06, 2.49892855209e-06, 2.47765228778e-06, 1.21742368719e-06, 1.06404138478e-06, 8.73542433055e-07],
        "dmean2": [0.00281540793367, 0.00225811009295, 0.00166944146622, 0.00164086790755, 0.000832735560834, 0.000665721017867, 0.000531389261596, 0.000291521922918, 0.000157494767336, 0.000138562754728, 0.00021072794334, 8.9534871222e-05, 5.43613350601e-05, 3.9938804548e-05, 4.4092121243e-05, 2.78617644653e-05, 2.81820775854e-05, 1.93166706595e-05, 1.82896874321e-05, 1.90373539226e-05, 1.32593277158e-05, 1.55457892106e-05, 1.38278883242e-05, 1.13437527034e-05, 1.41963964779e-05, 1.13226988105e-05, 8.18471471575e-06, 9.2040418167e-06, 7.2898169492e-06, 6.39487234366e-06, 5.96625568505e-06, 8.01357327873e-06, 7.12356131771e-06, 5.52189294467e-06, 3.54205394615e-06, 3.64009019904e-06, 3.68218229596e-06, 1.77973311111e-06, 1.61025491252e-06, 1.33181185902e-06],
        "dvar": [1.11431018013e-05, 5.88637021792e-06, 3.53566929334e-06, 2.68336134468e-06, 6.65979257519e-07, 3.2650549997e-07, 1.96564784005e-07, 1.02246744405e-07, 2.11280273277e-08, 3.38452217363e-08, 5.74274352516e-08, 1.36819071628e-08, 2.81133893942e-09, 1.25450116961e-09, 2.46686360228e-09, 1.34939981411e-09, 6.5397132154e-10, 4.19149687181e-10, 4.22407137046e-10, 9.28533638866e-10, 1.6306621331e-10, 2.28734767238e-10, 1.92606847138e-10, 1.38156597274e-10, 2.74337302875e-10, 1.90546356471e-10, 7.95244009533e-11, 1.22970578165e-10, 6.56477719407e-11, 4.70576633216e-11, 6.15953399397e-11, 1.44359205145e-10, 7.76906941558e-11, 4.56135858251e-11, 1.50685054712e-11, 1.62874071868e-11, 1.9156972883e-11, 4.54480029999e-12, 3.22212092077e-12, 2.32077746777e-12],
        "dvar2": [2.86581052933e-05, 1.56078040163e-05, 9.12951509235e-06, 7.31758382244e-06, 1.71254043835e-06, 8.81440882949e-07, 5.47099887171e-07, 2.52435654602e-07, 5.55355263998e-08, 7.69602905848e-08, 1.32451518198e-07, 3.03475502506e-08, 6.93706869725e-09, 2.99205415999e-09, 6.14477135841e-09, 3.46798345596e-09, 1.58077073653e-09, 1.06408448719e-09, 1.09296915962e-09, 2.55348409084e-09, 4.06686684329e-10, 5.6120480485e-10, 4.73881656138e-10, 3.37679550988e-10, 6.53618659197e-10, 4.39099590022e-10, 1.77605818941e-10, 3.1001137768e-10, 1.37384825738e-10, 1.02933120361e-10, 1.07795911086e-10, 2.76794170917e-10, 1.53789994628e-10, 8.80563122418e-11, 2.8831591628e-11, 3.37490382862e-11, 4.45228645618e-11, 9.98839119054e-12, 7.09728803505e-12, 5.21383890922e-12],
        "max": [0.0321259386837, 0.0326638296247, 0.0223294030875, 0.0231489576399, 0.0147418212146, 0.00746511295438, 0.00714507419616, 0.00827261060476, 0.00168396194931, 0.00370106543414, 0.0044626952149, 0.00171581713948, 0.000856130616739, 0.000521189416759, 0.00122519605793, 0.000539234606549, 0.000344553584, 0.000275379628874, 0.000348366826074, 0.000844659050927, 0.000217402353883, 0.000165138335433, 0.000143093813676, 0.00013818469597, 0.00021894229576, 0.000177396927029, 0.000133456182084, 0.000180600691237, 0.000104796927189, 7.71323393565e-05, 0.000119457479741, 0.00016698858235, 9.71495610429e-05, 8.70577496244e-05, 4.96097309224e-05, 4.89389749418e-05, 5.41619701835e-05, 3.14712342515e-05, 2.01572511287e-05, 1.53593391587e-05],
        "mean": [0.00196464615874, 0.00210442324169, 0.00150591449346, 0.0012115893187, 0.000700368371326, 0.000627540575806, 0.000513025559485, 0.000276246719295, 0.000144717691001, 0.000150084582856, 0.00020986792515, 8.5807441792e-05, 5.41847948625e-05, 3.99448872486e-05, 4.13768721046e-05, 2.34661438299e-05, 2.6915291528e-05, 1.75592231244e-05, 1.59576393344e-05, 1.71250230778e-05, 1.28589290398e-05, 1.42443577715e-05, 1.1947888197e-05, 9.43512168305e-06, 1.2116373e-05, 1.00521147033e-05, 7.56118788559e-06, 8.82349377207e-06, 6.66355708745e-06, 5.70486736251e-06, 5.95301798967e-06, 7.05696402292e-06, 6.33186255072e-06, 4.83450048705e-06, 3.42490056937e-06, 3.23903054777e-06, 3.10793416247e-06, 1.67174209764e-06, 1.35352229336e-06, 1.06316372239e-06],
        "median": [0.000734463450499, 0.00138440355659, 0.000954737188295, 0.000679846270941, 0.00038339587627, 0.000396635645302, 0.000320000981446, 0.000127207007608, 8.32840742078e-05, 6.98656367604e-05, 8.37059924379e-05, 3.97514013457e-05, 3.02058542729e-05, 2.38904322032e-05, 1.87513724086e-05, 1.13895375762e-05, 1.38280229294e-05, 1.0234813999e-05, 7.3910177889e-06, 6.29929718343e-06, 6.0373577071e-06, 6.24199083177e-06, 5.40104974789e-06, 4.38247570855e-06, 4.79765230921e-06, 4.11610380979e-06, 3.63932258551e-06, 3.42248517882e-06, 2.55591317e-06, 2.2835135951e-06, 2.03186141334e-06, 2.12095096686e-06, 1.9456431346e-06, 1.49382549353e-06, 1.13212195174e-06, 1.18014600048e-06, 1.03738659618e-06, 5.36535310403e-07, 3.61947940064e-07, 2.41858828076e-07],
        "min": [2.16337826015e-24, 1.8978017283e-24, 1.49195586675e-24, 3.67028856308e-24, 4.40677462622e-24, 5.1261357024e-24, 3.89044662552e-24, 3.84179086818e-24, 3.39953059559e-24, 5.18553692856e-24, 4.79318394115e-24, 2.73458928618e-24, 3.79679305886e-24, 3.78001083196e-24, 3.78995600139e-24, 4.83210712707e-24, 3.10251716782e-24, 5.07585134172e-24, 2.53884134116e-24, 6.70919021256e-24, 3.86540226393e-24, 3.93581598833e-24, 5.32445375625e-24, 4.37747830435e-24, 6.52104136464e-24, 6.47319576745e-24, 7.61472601225e-24, 5.93086967233e-24, 8.53500641111e-24, 8.14881166635e-24, 4.2914123963e-24, 6.21529899373e-24, 8.36434897604e-24, 6.16643892141e-24, 7.12427619912e-24, 6.47283131371e-24, 6.41441655811e-24, 8.85067777981e-24, 7.1644410521e-24, 7.79428258719e-24],
        "var": [1.20994618555e-05, 6.81314395479e-06, 3.65398409485e-06, 2.55260442827e-06, 8.66533696353e-07, 5.40882865607e-07, 3.35450749844e-07, 1.83976453627e-07, 3.19908508573e-08, 1.13316801276e-07, 1.51376525537e-07, 2.35350228195e-08, 5.975406836e-09, 2.34802333132e-09, 4.34164570962e-09, 1.67899083525e-09, 1.21099785755e-09, 5.36357236403e-10, 6.2230498532e-10, 1.37257627486e-09, 3.02145003461e-10, 3.71944364197e-10, 2.69382266493e-10, 1.84552539917e-10, 3.9508718519e-10, 2.72472905349e-10, 1.32806307618e-10, 2.47129205988e-10, 1.2802395255e-10, 8.56974699537e-11, 1.21982729473e-10, 2.23846483016e-10, 1.3358274209e-10, 7.83094283863e-11, 3.21489709854e-11, 2.70333148228e-11, 2.62896544811e-11, 7.74774602114e-12, 5.25147937289e-12, 3.48804080237e-12]
    },
    "mfcc": {
        "mean": [-625.873840332, 124.170120239, 21.3250370026, 25.7503299713, -1.4740499258, 6.06757831573, -2.8200905323, 4.69272470474, -2.8644258976, 0.561684250832, -2.49964141846, -0.147368609905, -1.38378369808],
        "cov": [[4376.66796875, -1466.12158203, 61.2748031616, 8.51736450195, -56.2292747498, -13.9310302734, -34.5026626587, -4.75520372391, -75.0819168091, -6.89381599426, 69.967300415, -19.3110580444, 19.5674037933], [-1466.12158203, 1497.21765137, -207.045150757, -27.3848114014, 36.1724739075, -45.3742256165, 7.67517614365, -18.2551994324, 30.3444766998, -6.64607477188, -58.453704834, 6.69972038269, -46.4147377014], [61.2748031616, -207.045150757, 400.342956543, 2.06362485886, 4.26364040375, 56.5778770447, 33.4784698486, 31.9262046814, 9.66692447662, 2.83307957649, 11.9262590408, -3.26387739182, 4.64337348938], [8.51736450195, -27.3848114014, 2.06362485886, 161.436080933, 15.9422502518, 20.7723312378, 26.3565940857, -5.41585588455, 13.7415494919, 5.51712656021, 5.76768493652, 0.450534880161, 6.57473564148], [-56.2292747498, 36.1724739075, 4.26364040375, 15.9422502518, 86.991569519, 23.0156879425, 0.578386843204, 12.308467865, -0.672680199146, 13.9695549011, 9.93831825256, 17.4566364288, 3.55561113358], [-13.9310302734, -45.3742256165, 56.5778770447, 20.7723312378, 23.0156879425, 69.9320373535, 22.4073638916, 17.2817764282, 4.82080078125, 9.05102348328, 5.59873580933, 3.2351732254, 8.1853685379], [-34.5026626587, 7.67517614365, 33.4784698486, 26.3565940857, 0.578386843204, 22.4073638916, 75.7178344727, 29.4515361786, 18.9681606293, 0.238147810102, 1.36266410351, -3.7504696846, 1.52401101589], [-4.75520372391, -18.2551994324, 31.9262046814, -5.41585588455, 12.308467865, 17.2817764282, 29.4515361786, 83.8593902588, 17.805814743, 14.6723833084, 1.20982336998, 11.3219051361, 2.21066021919], [-75.0819168091, 30.3444766998, 9.66692447662, 13.7415494919, -0.672680199146, 4.82080078125, 18.9681606293, 17.805814743, 60.5740470886, 17.7296943665, 2.47306728363, 0.271226972342, 7.58833026886], [-6.89381599426, -6.64607477188, 2.83307957649, 5.51712656021, 13.9695549011, 9.05102348328, 0.238147810102, 14.6723833084, 17.7296943665, 54.5117912292, 15.3847389221, 17.2591953278, 6.86664676666], [69.967300415, -58.453704834, 11.9262590408, 5.76768493652, 9.93831825256, 5.59873580933, 1.36266410351, 1.20982336998, 2.47306728363, 15.3847389221, 44.4475975037, 18.3210144043, 10.1477632523], [-19.3110580444, 6.69972038269, -3.26387739182, 0.450534880161, 17.4566364288, 3.2351732254, -3.7504696846, 11.3219051361, 0.271226972342, 17.2591953278, 18.3210144043, 49.6144790649, 21.0234794617], [19.5674037933, -46.4147377014, 4.64337348938, 6.57473564148, 3.55561113358, 8.1853685379, 1.52401101589, 2.21066021919, 7.58833026886, 6.86664676666, 10.1477632523, 21.0234794617, 47.290802002]],
