{
"lowlevel": {
    "average_loudness": 0.963027238846,
    "barkbands_crest": {
        "dmean": 3.11215496063,
        "dmean2": 4.16430521011,
        "dvar": 7.46351242065,
        "dvar2": 13.9699640274,
        "max": 26.8047084808,
        "mean": 14.7059240341,
        "median": 14.8637180328,
        "min": 1.95744514465,
        "var": 31.9669551849
    },
    "barkbands_flatness_db": {
        "dmean": 0.0420074649155,
        "dmean2": 0.0560743659735,
        "dvar": 0.00194498093333,
        "dvar2": 0.00385878770612,
        "max": 0.703626215458,
        "mean": 0.172042787075,
        "median": 0.152927532792,
        "min": 0.00669801281765,
        "var": 0.00944917183369
    },
    "barkbands_kurtosis": {
        "dmean": 11.0768737793,
        "dmean2": 16.9260387421,
        "dvar": 1003.09844971,
        "dvar2": 2380.67822266,
        "max": 1021.00878906,
        "mean": 16.2756156921,
        "median": 7.23923587799,
        "min": -1.74398624897,
        "var": 1474.32702637
    },
    "barkbands_skewness": {
        "dmean": 1.00427162647,
        "dmean2": 1.45002377033,
        "dvar": 1.57295513153,
        "dvar2": 3.36599826813,
        "max": 30.1343727112,
        "mean": 2.88302326202,
        "median": 2.56434106827,
        "min": -11.9720277786,
        "var": 4.95526218414
    },
    "barkbands_spread": {
        "dmean": 6.60674571991,
        "dmean2": 9.73033046722,
        "dvar": 54.3404693604,
        "dvar2": 119.51499939,
        "max": 90.5389099121,
        "mean": 16.5410041809,
        "median": 13.9956598282,
        "min": 0.065674379468,
        "var": 149.992675781
    },
    "dissonance": {
        "dmean": 0.0192798804492,
        "dmean2": 0.0316678397357,
        "dvar": 0.000638939556666,
        "dvar2": 0.0015257523628,
        "max": 0.499999970198,
        "mean": 0.464490830898,
        "median": 0.477324515581,
        "min": 0.0792403891683,
        "var": 0.00217680307105
    },
    "dynamic_complexity": 2.88619160652,
    "erbbands_crest": {
        "dmean": 2.2536907196,
        "dmean2": 3.68630361557,
        "dvar": 5.90283823013,
        "dvar2": 13.7668771744,
        "max": 33.1752166748,
        "mean": 7.29478549957,
        "median": 5.94183683395,
        "min": 2.17997980118,
        "var": 17.9779624939
    },
    "erbbands_flatness_db": {
        "dmean": 0.0208684466779,
        "dmean2": 0.0302456822246,
        "dvar": 0.000838196836412,
        "dvar2": 0.00160060531925,
        "max": 0.649377167225,
        "mean": 0.132203146815,
        "median": 0.114751592278,
        "min": 0.0387832261622,
        "var": 0.0052211470902
    },
    "erbbands_kurtosis": {
        "dmean": 1.06428945065,
        "dmean2": 1.73193943501,
        "dvar": 12.8327989578,
        "dvar2": 33.3753204346,
        "max": 179.531707764,
        "mean": 0.482153564692,
        "median": -0.231985092163,
        "min": -1.81578242779,
        "var": 14.8400468826
    },
    "erbbands_skewness": {
        "dmean": 0.345088630915,
        "dmean2": 0.525804042816,
        "dvar": 0.178672641516,
        "dvar2": 0.397601246834,
        "max": 10.900592804,
        "mean": 0.311661303043,
        "median": 0.228925317526,
        "min": -2.38671350479,
        "var": 0.438112527132
    },
    "erbbands_spread": {
        "dmean": 9.47780227661,
        "dmean2": 14.7418365479,
        "dvar": 108.333930969,
        "dvar2": 245.131896973,
        "max": 198.017974854,
        "mean": 44.2951011658,
        "median": 43.0514335632,
        "min": 0.22225946188,
        "var": 364.139343262
    },
    "hfc": {
        "dmean": 9.07856750488,
        "dmean2": 13.5457668304,
        "dvar": 138.707214355,
        "dvar2": 327.876647949,
        "max": 117.521095276,
        "mean": 22.7171764374,
        "median": 18.5311698914,
        "min": 1.07659237555e-16,
        "var": 321.750335693
    },
    "melbands_crest": {
        "dmean": 4.16454553604,
        "dmean2": 6.13767337799,
        "dvar": 15.9010353088,
        "dvar2": 32.6123847961,
        "max": 39.2664299011,
        "mean": 21.7059383392,
        "median": 21.9980754852,
        "min": 1.64223444462,
        "var": 55.2087059021
    },
    "melbands_flatness_db": {
        "dmean": 0.0482564345002,
        "dmean2": 0.0642326101661,
        "dvar": 0.00257362145931,
        "dvar2": 0.00518108112738,
        "max": 0.837961733341,
        "mean": 0.261152595282,
        "median": 0.245110064745,
        "min": 0.00289821531624,
        "var": 0.0136081706733
    },
    "melbands_kurtosis": {
        "dmean": 21.7641353607,
        "dmean2": 33.1341247559,
        "dvar": 2081.06835938,
        "dvar2": 4685.63232422,
        "max": 1698.90893555,
        "mean": 38.6155586243,
        "median": 20.6395072937,
        "min": -1.704677701,
        "var": 4038.25317383
    },
    "melbands_skewness": {
        "dmean": 1.28675091267,
        "dmean2": 1.88304364681,
        "dvar": 2.29784655571,
        "dvar2": 4.76227855682,
        "max": 33.7355995178,
        "mean": 4.37988948822,
        "median": 3.91888856888,
        "min": -3.86214280128,
        "var": 7.69864940643
    },
    "melbands_spread": {
        "dmean": 6.15839958191,
        "dmean2": 8.9974822998,
        "dvar": 61.6220932007,
        "dvar2": 131.576416016,
        "max": 163.351608276,
        "mean": 14.6749944687,
        "median": 9.48346233368,
        "min": 0.129952996969,
        "var": 296.631652832
    },
    "pitch_salience": {
        "dmean": 0.0900286510587,
        "dmean2": 0.128892853856,
        "dvar": 0.00721558742225,
        "dvar2": 0.0136733781546,
        "max": 0.902456581593,
        "mean": 0.427769869566,
        "median": 0.41646066308,
        "min": 0.0192250683904,
        "var": 0.0282145626843
    },
    "silence_rate_20dB": {
        "dmean": 0,
        "dmean2": 0,
        "dvar": 0,
        "dvar2": 0,
        "max": 1,
        "mean": 1,
        "median": 1,
        "min": 1,
        "var": 0
    },
    "silence_rate_30dB": {
        "dmean": 0.128328174353,
        "dmean2": 0.256676226854,
        "dvar": 0.111866846681,
        "dvar2": 0.231205627322,
        "max": 1,
        "mean": 0.769909441471,
        "median": 1,
        "min": 0,
        "var": 0.177162736654
    },
    "silence_rate_60dB": {
        "dmean": 0.0134674925357,
        "dmean2": 0.0269370693713,
        "dvar": 0.013287759386,
        "dvar2": 0.0322545431554,
        "max": 1,
        "mean": 0.0748394057155,
        "median": 0,
        "min": 0,
        "var": 0.06925098598
    },
    "spectral_centroid": {
        "dmean": 291.42678833,
        "dmean2": 443.646148682,
        "dvar": 103220.890625,
        "dvar2": 221054.109375,
        "max": 11848.6132812,
        "mean": 1245.62634277,
        "median": 1152.96484375,
        "min": 104.62311554,
        "var": 1167986.25
    },
    "spectral_complexity": {
        "dmean": 6.0580496788,
        "dmean2": 8.79015445709,
        "dvar": 40.4125671387,
        "dvar2": 85.3857955933,
        "max": 60,
        "mean": 21.6091632843,
        "median": 21,
        "min": 0,
        "var": 161.021240234
    },
    "spectral_decrease": {
        "dmean": 4.95495644515e-09,
        "dmean2": 7.14652337308e-09,
        "dvar": 2.83551028887e-17,
        "dvar2": 6.68385956268e-17,
        "max": 1.67701288798e-28,
        "mean": -1.79473200745e-08,
        "median": -1.83647568264e-08,
        "min": -5.49442482622e-08,
        "var": 1.15429136954e-16
    },
    "spectral_energy": {
        "dmean": 0.0189615190029,
        "dmean2": 0.0274326428771,
        "dvar": 0.000413217843743,
        "dvar2": 0.000975210568868,
        "max": 0.210581243038,
        "mean": 0.0697977244854,
        "median": 0.0710878670216,
        "min": 1.004983166e-20,
        "var": 0.00170277396683
    },
    "spectral_energyband_high": {
        "dmean": 0.000575599144213,
        "dmean2": 0.000894813274499,
        "dvar": 7.34847617423e-07,
        "dvar2": 1.78394964223e-06,
        "max": 0.00845588836819,
        "mean": 0.000982194440439,
        "median": 0.000579600338824,
        "min": 7.10428915853e-21,
        "var": 1.24651080569e-06
    },
    "spectral_energyband_low": {
        "dmean": 0.0183711294085,
        "dmean2": 0.0262557733804,
        "dvar": 0.00042650080286,
        "dvar2": 0.00102277076803,
        "max": 0.1888897717,
        "mean": 0.0518593639135,
        "median": 0.0511281304061,
        "min": 1.27548971279e-23,
        "var": 0.00144068093505
    },
    "spectral_energyband_middle_high": {
        "dmean": 0.0025659580715,
        "dmean2": 0.00384450517595,
        "dvar": 1.12426050691e-05,
        "dvar2": 2.54624646914e-05,
        "max": 0.0453432686627,
        "mean": 0.005121614784,
        "median": 0.00362043362111,
        "min": 1.14615890509e-21,
        "var": 2.6430010621e-05
    },
    "spectral_energyband_middle_low": {
        "dmean": 0.00693209143355,
        "dmean2": 0.0102401580662,
        "dvar": 0.000103935977677,
        "dvar2": 0.000221862239414,
        "max": 0.105732262135,
        "mean": 0.0133196832612,
        "median": 0.00961610674858,
        "min": 1.53410638519e-22,
        "var": 0.000174380591488
    },
    "spectral_entropy": {
        "dmean": 0.235541701317,
        "dmean2": 0.339232832193,
        "dvar": 0.104203566909,
        "dvar2": 0.221539393067,
        "max": 9.82534599304,
        "mean": 7.63485193253,
        "median": 7.83224534988,
        "min": 3.01411008835,
        "var": 0.532180190086
    },
    "spectral_flux": {
        "dmean": 0.0418386347592,
        "dmean2": 0.0678946301341,
        "dvar": 0.00161885318812,
        "dvar2": 0.00418774085119,
        "max": 0.362712919712,
        "mean": 0.119398579001,
        "median": 0.115294732153,
        "min": 6.31190308353e-11,
        "var": 0.00439319945872
    },
    "spectral_kurtosis": {
        "dmean": 6.43945074081,
        "dmean2": 10.1692552567,
        "dvar": 1242.8046875,
        "dvar2": 3051.94555664,
        "max": 1094.41186523,
        "mean": 12.6348714828,
        "median": 3.21703767776,
        "min": -1.25237095356,
        "var": 2939.16259766
    },
    "spectral_rms": {
        "dmean": 0.00113186181989,
        "dmean2": 0.00157723482698,
        "dvar": 1.39841426972e-06,
        "dvar2": 2.75216666523e-06,
        "max": 0.0143333571032,
        "mean": 0.00766597734764,
        "median": 0.00832790601999,
        "min": 3.13124786516e-12,
        "var": 9.32829425437e-06
    },
    "spectral_rolloff": {
        "dmean": 362.79498291,
        "dmean2": 563.288146973,
        "dvar": 360486.75,
        "dvar2": 771630.5,
        "max": 19530.6152344,
        "mean": 868.622009277,
        "median": 366.064453125,
        "min": 43.06640625,
        "var": 4030379.75
    },
    "spectral_skewness": {
        "dmean": 0.37882360816,
        "dmean2": 0.568535625935,
        "dvar": 1.08138489723,
        "dvar2": 2.18216323853,
        "max": 26.0915870667,
        "mean": 1.93766129017,
        "median": 1.47641122341,
        "min": -0.0970460176468,
        "var": 4.89845514297
    },
    "spectral_spread": {
        "dmean": 708964.8125,
        "dmean2": 1008207.5625,
        "dvar": 1.02650268877e+12,
        "dvar2": 1.83990301491e+12,
        "max": 42348060,
        "mean": 5237132.5,
        "median": 5001048,
        "min": 124425.84375,
        "var": 1.36538782433e+13
    },
    "spectral_strongpeak": {
        "dmean": 0.232623368502,
        "dmean2": 0.386075764894,
        "dvar": 0.0789942890406,
        "dvar2": 0.21235871315,
        "max": 3.73552274704,
        "mean": 0.529282212257,
        "median": 0.474948227406,
        "min": 0,
        "var": 0.128142863512
    },
    "zerocrossingrate": {
        "dmean": 0.0114398775622,
        "dmean2": 0.0126827266067,
        "dvar": 0.000165375968209,
        "dvar2": 0.000223783194087,
        "max": 0.79150390625,
        "mean": 0.0411207936704,
        "median": 0.0283203125,
        "min": 0.0009765625,
        "var": 0.00317516783252
    },
    "barkbands": {
        "dmean": [0.00270991167054, 0.0153741445392, 0.00616115424782, 0.00403121626005, 0.00245048478246, 0.00148571399041, 0.00100900884718, 0.00059491751017, 0.000800599926151, 0.000436122325482, 0.000444261619123, 0.000647903012577, 0.000587570713833, 0.000376849930035, 0.000351556431269, 0.000267435476417, 0.000213439197978, 0.000189761369256, 0.000165036151884, 0.000163732212968, 0.000141563141369, 0.000116514631372, 7.34384229872e-05, 8.0002057075e-05, 8.06187817943e-05, 4.84531265101e-05, 9.83131667454e-06],
        "dmean2": [0.00388837768696, 0.0186696648598, 0.0098849767819, 0.0065723056905, 0.00402886932716, 0.00246343528852, 0.00170360307675, 0.000971250818111, 0.00126305245794, 0.000702506222297, 0.000715515227057, 0.00106480333488, 0.000942792976275, 0.000610445102211, 0.000570896081626, 0.000426425860496, 0.000348245346686, 0.000313043768983, 0.000273457349977, 0.000273769459454, 0.000234897393966, 0.0001907171536, 0.000114561182272, 0.000125534148538, 0.000127673629322, 7.444628136e-05, 1.63872064149e-05],
        "dvar": [1.39445719469e-05, 0.000334462471073, 0.000217158507439, 7.68233512645e-05, 1.75796776603e-05, 4.70169379696e-06, 3.16525392918e-06, 8.3777359805e-07, 1.49389950366e-06, 5.71394764393e-07, 5.14447037858e-07, 1.16644889658e-06, 8.85220003966e-07, 4.9368748023e-07, 3.36649577548e-07, 1.84505310585e-07, 1.11101748246e-07, 8.50616217463e-08, 7.55073727987e-08, 6.71294841936e-08, 5.09586257635e-08, 3.48697213326e-08, 1.2336108135e-08, 1.50135992527e-08, 1.77473840068e-08, 6.76436151537e-09, 4.49902115562e-10],
        "dvar2": [2.98123286484e-05, 0.000669766799547, 0.000555125938263, 0.000186644654605, 4.56024754385e-05, 1.28296342154e-05, 8.73778571986e-06, 2.01197576644e-06, 3.59069463229e-06, 1.38623897783e-06, 1.27909868297e-06, 3.0909477573e-06, 2.30485693464e-06, 1.26890518004e-06, 8.33681099266e-07, 4.25175926466e-07, 2.7221608434e-07, 2.16077339132e-07, 1.90208936601e-07, 1.7185035972e-07, 1.29827895989e-07, 8.91436187089e-08, 2.81825371928e-08, 3.43912667233e-08, 4.32763975766e-08, 1.62777133994e-08, 1.16572718145e-09],
        "max": [0.0344581454992, 0.180137187243, 0.0984419360757, 0.0753113031387, 0.0662575364113, 0.0338741540909, 0.0250963009894, 0.0200490262359, 0.0240825004876, 0.0227899923921, 0.0171494167298, 0.0178399197757, 0.0150812389329, 0.018744578585, 0.010844681412, 0.00858474336565, 0.00603290041909, 0.00404897145927, 0.00508512696251, 0.00392311904579, 0.00265380111523, 0.00197271304205, 0.001600013813, 0.00140195968561, 0.00121324276552, 0.00105824624188, 0.000330427428707],
        "mean": [0.00465837912634, 0.0397891998291, 0.00602330872789, 0.00392322102562, 0.00344028417021, 0.0022021359764, 0.00135802582372, 0.000922929553781, 0.00127820507623, 0.000624290609267, 0.000649000750855, 0.000836948456708, 0.000780698552262, 0.000511413323693, 0.000484501273604, 0.000378336990252, 0.000314385135425, 0.00028334086528, 0.000238884545979, 0.000254168146057, 0.000229094308452, 0.000195877582883, 0.000135797105031, 0.000123968377011, 0.00010014075815, 5.29746102984e-05, 8.18294938654e-06],
        "median": [0.00270424596965, 0.0350935719907, 0.00145345821511, 0.00106735434383, 0.00195381557569, 0.00141711486503, 0.000705718528479, 0.000506947049871, 0.000685423670802, 0.000340645783581, 0.000341663486324, 0.00041975750355, 0.000390756147681, 0.000234131861362, 0.000225107360166, 0.000191023587831, 0.00017415585171, 0.000158702547196, 0.000132122921059, 0.000141056269058, 0.000126366809127, 0.000107920954179, 7.56816007197e-05, 6.75562550896e-05, 4.4555941713e-05, 1.46056972881e-05, 8.55914777276e-07],
        "min": [3.82882515034e-25, 3.25210945292e-24, 6.93715405366e-25, 8.005306232e-25, 1.07592723086e-23, 9.78274612718e-24, 4.20085747527e-24, 8.10488000254e-24, 1.04641318338e-23, 1.87237240259e-23, 1.90018290495e-23, 2.29540916044e-23, 1.95282343538e-23, 2.63994321416e-23, 4.43889885666e-23, 4.59682407672e-23, 6.45825971173e-23, 9.20285447575e-23, 1.19587185911e-22, 1.39792109883e-22, 2.32047385886e-22, 3.14271077479e-22, 4.35916256341e-22, 5.706053828e-22, 7.43207189608e-22, 1.24277485272e-21, 1.98048869266e-21],
        "var": [2.92070853902e-05, 0.00118441053201, 0.000193031242816, 7.00684104231e-05, 2.02741484827e-05, 6.30182012173e-06, 3.74805290448e-06, 1.61748039318e-06, 2.91173410005e-06, 1.00026181826e-06, 8.88602528448e-07, 1.43080671933e-06, 1.26568227188e-06, 6.3995793198e-07, 4.94889889069e-07, 2.88951554239e-07, 1.68521793853e-07, 1.31944261739e-07, 1.00391154945e-07, 1.03752888947e-07, 7.82881528494e-08, 5.53435910433e-08, 2.69406115194e-08, 2.36303101531e-08, 2.08244514965e-08, 7.84921994068e-09, 3.65107499789e-10]
    },
    "erbbands": {
        "dmean": [0.604867756367, 3.32645130157, 6.64738893509, 7.731341362, 11.1720104218, 8.50748538971, 9.55358314514, 13.18409729, 13.2273521423, 15.9557714462, 12.2360067368, 18.1576385498, 13.4483346939, 14.3988342285, 19.3888282776, 24.8851566315, 26.3920841217, 20.3239326477, 18.1553859711, 15.5806322098, 13.4346456528, 11.893611908, 10.7967386246, 8.93599414825, 8.47650432587, 7.27128171921, 6.32403612137, 5.54943656921, 4.14812374115, 3.21162462234, 2.11115264893, 1.51165914536, 1.39520788193, 1.00470459461, 0.534928143024, 0.212276443839, 0.0893477424979, 0.0212300140411, 0.00142447592225, 3.76765237888e-05],
        "dmean2": [0.798423349857, 3.84586715698, 10.3434019089, 11.817902565, 18.3532714844, 14.358250618, 15.8380079269, 22.0398807526, 22.5265903473, 26.3340873718, 19.7734775543, 28.6314640045, 21.2740154266, 23.3363018036, 31.3541679382, 40.6293334961, 42.4153709412, 32.1255073547, 29.2576332092, 24.4367542267, 21.2290744781, 19.3310871124, 17.7114887238, 14.7900876999, 14.1328220367, 12.0180482864, 10.4977378845, 9.23870754242, 6.82933330536, 5.2119884491, 3.31985616684, 2.35529589653, 2.19260549545, 1.59576642513, 0.845566511154, 0.32614043355, 0.139989778399, 0.0333677381277, 0.00240042316727, 5.99540981057e-05],
        "dvar": [0.553112149239, 19.2565307617, 202.991821289, 253.359054565, 475.447601318, 255.881912231, 241.467803955, 409.731628418, 562.279785156, 730.008605957, 352.115142822, 806.688171387, 520.35168457, 577.158691406, 779.963684082, 1806.8347168, 1805.72216797, 1108.19775391, 944.348327637, 631.632507324, 485.215667725, 332.017944336, 297.762573242, 196.696182251, 224.276123047, 135.886474609, 107.983955383, 75.6183929443, 41.8409538269, 24.9672718048, 10.3768367767, 5.1283326149, 4.95096921921, 2.64715790749, 0.816347002983, 0.123105451465, 0.0250779315829, 0.00162992288824, 1.05730869109e-05, 2.86048251752e-09],
        "dvar2": [1.11430537701, 32.8139724731, 513.327941895, 464.858581543, 1240.39807129, 689.80267334, 658.575866699, 1105.11328125, 1584.67224121, 1892.72143555, 827.501403809, 1911.84973145, 1215.30517578, 1439.00439453, 1983.45996094, 4804.77392578, 4712.17236328, 2740.60498047, 2394.22827148, 1437.24731445, 1097.01843262, 798.000793457, 754.824829102, 498.667510986, 581.060058594, 343.604766846, 276.843414307, 195.028198242, 106.341293335, 62.1809577942, 23.8412189484, 11.6586761475, 11.4057416916, 6.40225839615, 1.97970664501, 0.296272873878, 0.0611475668848, 0.00400512106717, 2.774870336e-05, 7.39140126882e-09],
        "max": [7.31702852249, 40.038105011, 104.436317444, 151.781295776, 269.356170654, 293.838409424, 272.437957764, 280.584106445, 378.260559082, 444.538208008, 330.496856689, 695.471618652, 686.967956543, 590.208496094, 614.570739746, 675.82611084, 663.922729492, 727.914001465, 695.557556152, 444.878387451, 523.783508301, 357.11114502, 266.605041504, 191.56187439, 362.887359619, 152.800170898, 107.24861145, 107.042648315, 70.1728286743, 59.6006393433, 47.9268798828, 28.9096069336, 22.3696670532, 15.7747306824, 6.69497823715, 4.01868867874, 1.91426241398, 0.527771532536, 0.0583545938134, 0.000872748496477],
        "mean": [1.51999819279, 7.24875545502, 9.01662635803, 9.96966457367, 12.7581701279, 11.1657629013, 13.9734277725, 18.7348194122, 18.1134548187, 23.3675098419, 20.32289505, 29.0336437225, 20.9744052887, 21.5823764801, 27.9577064514, 33.9451293945, 36.6256599426, 29.7024555206, 26.4291000366, 23.3230304718, 19.3348674774, 18.2537555695, 16.2901439667, 12.9731054306, 12.6251001358, 11.2760782242, 9.57158374786, 9.09344482422, 6.92980670929, 5.57576560974, 3.82485294342, 2.67388606071, 1.99532318115, 1.26314675808, 0.646551966667, 0.248249515891, 0.093355871737, 0.0205079782754, 0.00118911382742, 9.99355252134e-05],
        "median": [1.23612058163, 4.05150175095, 2.45781540871, 3.38901519775, 5.1503367424, 5.81410312653, 9.08980941772, 10.8552236557, 10.5538158417, 11.7407245636, 11.4028139114, 15.4709377289, 12.2312278748, 12.6430912018, 15.8381376266, 18.1167526245, 19.3167457581, 16.1149730682, 13.5095205307, 11.7967348099, 10.2916765213, 10.4393005371, 9.03605365753, 7.25914430618, 6.99887800217, 6.39755010605, 5.26436471939, 4.96816158295, 3.81669545174, 3.02350568771, 2.1632168293, 1.52430820465, 1.0313385725, 0.575544536114, 0.264805138111, 0.0870442986488, 0.021470669657, 0.00365304294974, 0.000154149500304, 9.3552233011e-05],
        "min": [3.23107771121e-23, 4.81356361043e-22, 1.70624520007e-21, 6.29907851151e-21, 1.48322014131e-20, 3.35437603456e-20, 3.11150902125e-20, 8.6976354737e-20, 1.48774637022e-19, 6.956559871e-20, 2.05271034086e-19, 2.50973086047e-19, 4.65076560842e-19, 6.05712878011e-19, 9.70684764905e-19, 1.18890452307e-18, 1.25429325389e-18, 1.73925291022e-18, 2.38581263896e-18, 2.35377655422e-18, 3.56387664991e-18, 4.32074318809e-18, 5.53590087284e-18, 5.61418359165e-18, 7.53617538163e-18, 7.33653037771e-18, 7.35327913075e-18, 1.04821079957e-17, 9.8132580242e-18, 1.27420977781e-17, 1.24375050611e-17, 1.16727790664e-17, 8.89369043621e-18, 8.18703996508e-18, 5.44503921845e-18, 3.80770137035e-18, 2.20624165414e-18, 9.59970501226e-19, 2.51457426145e-19, 2.58566594376e-20],
        "var": [1.74094843864, 66.9589614868, 241.819564819, 340.603546143, 444.701538086, 266.779266357, 289.223846436, 539.606750488, 610.320007324, 1106.02331543, 717.086120605, 1544.28808594, 1007.91967773, 945.821655273, 1306.81494141, 2276.14672852, 2598.04223633, 1670.41882324, 1339.72619629, 1068.35803223, 726.134094238, 540.269958496, 455.076568604, 278.28326416, 292.462005615, 204.207992554, 147.475982666, 122.704208374, 68.1027069092, 44.664730072, 21.6145381927, 9.97968864441, 6.93203163147, 3.14220404625, 0.952474355698, 0.153379037976, 0.0272721666843, 0.0015737619251, 8.22985566629e-06, 4.54358994872e-09]
    },
    "gfcc": {
        "mean": [0.705337524414, 97.9383544922, -93.0406799316, 34.8083992004, -47.6953201294, 23.4336357117, -27.7782154083, 11.5487775803, -16.2889575958, 8.90339756012, -9.48329353333, 3.97737884521, -7.31234741211],
        "cov": [[27609.9804688, -1720.75939941, -2059.45288086, 2061.72827148, -409.089447021, 1382.3671875, -463.156921387, 583.212341309, -557.500793457, 568.010314941, -405.923156738, 389.574005127, -423.123565674], [-1720.75939941, 2129.15063477, 378.281646729, -399.066558838, 146.023574829, -343.887451172, 182.044662476, -167.261825562, 213.333938599, -178.772064209, 182.926452637, -165.193466187, 156.67956543], [-2059.45288086, 378.281646729, 934.789001465, -176.77935791, 72.3385314941, -121.62877655, 54.5597457886, -8.17351150513, 67.574508667, -43.8552246094, 39.1189956665, -29.9250259399, 35.8484115601], [2061.72827148, -399.066558838, -176.77935791, 583.82598877, 48.3374214172, 238.436294556, 40.5420684814, 89.54347229, 4.98318958282, 45.5856056213, -6.40936899185, 32.8579101562, -9.9920539856], [-409.089447021, 146.023574829, 72.3385314941, 48.3374214172, 283.890045166, 49.603767395, 118.38470459, 15.3126316071, 57.4844818115, -13.9448890686, 32.5613517761, -15.5513896942, 11.8596067429], [1382.3671875, -343.887451172, -121.62877655, 238.436294556, 49.603767395, 254.961990356, 34.9024658203, 78.1741409302, -13.6296110153, 49.077671051, -22.8395175934, 28.9770336151, -28.111240387], [-463.156921387, 182.044662476, 54.5597457886, 40.5420684814, 118.38470459, 34.9024658203, 164.06350708, 37.8703765869, 81.8599243164, -7.72590684891, 55.1606216431, -15.0692386627, 30.9447917938], [583.212341309, -167.261825562, -8.17351150513, 89.54347229, 15.3126316071, 78.1741409302, 37.8703765869, 105.162757874, 25.9912071228, 38.0903205872, -3.82802343369, 23.3588962555, -12.2765779495], [-557.500793457, 213.333938599, 67.574508667, 4.98318958282, 57.4844818115, -13.6296110153, 81.8599243164, 25.9912071228, 120.837295532, 8.66934108734, 58.5725975037, -9.79917621613, 43.5841674805], [568.010314941, -178.772064209, -43.8552246094, 45.5856056213, -13.9448890686, 49.077671051, -7.72590684891, 38.0903205872, 8.66934108734, 86.3043365479, 17.7971687317, 38.888130188, -8.99955654144], [-405.923156738, 182.926452637, 39.1189956665, -6.40936899185, 32.5613517761, -22.8395175934, 55.1606216431, -3.82802343369, 58.5725975037, 17.7971687317, 104.796058655, 22.1631622314, 49.0156059265], [389.574005127, -165.193466187, -29.9250259399, 32.8579101562, -15.5513896942, 28.9770336151, -15.0692386627, 23.3588962555, -9.79917621613, 38.888130188, 22.1631622314, 85.0856323242, 20.9582767487], [-423.123565674, 156.67956543, 35.8484115601, -9.9920539856, 11.8596067429, -28.111240387, 30.9447917938, -12.2765779495, 43.5841674805, -8.99955654144, 49.0156059265, 20.9582767487, 88.1951980591]],
        "icov": [[0.000155582922162, -0.000425337202614, 0.000186923280125, -0.000438106362708, 0.000107145882794, -0.000410478387494, 0.000365355052054, -0.000656591204461, 0.000765142729506, -0.000869056559168, 0.000595657329541, -0.000659997574985, 0.000370590976672], [-0.000425337202614, 0.00237442599609, -0.000577974773478, 0.00153700669762, -0.00042134342948, 0.00155353988521, -0.00122726394329, 0.00247953669168, -0.00307642598636, 0.00366724003106, -0.00310494052246, 0.00345944939181, -0.00172409496736], [0.000186923280125, -0.000577974773478, 0.0014807790285, -0.000273244921118, -0.000176549539901, -0.000101674195321, 0.00051429431187, -0.00138001923915, 0.000644309388008, -0.000662520586047, 0.000618897378445, -0.000751794374082, 0.000358185119694], [-0.000438106362708, 0.00153700669762, -0.000273244921118, 0.00422984082252, -0.000420276832301, -0.00128463469446, -0.000693994981702, 0.0011420478113, -0.00266065611504, 0.0033016372472, -0.00255809933878, 0.00245496234857, -0.00170249724761], [0.000107145882794, -0.00042134342948, -0.000176549539901, -0.000420276832301, 0.00550472224131, -0.00142802321352, -0.0035097701475, 0.00117429869715, -0.00035240149009, 3.7340032577e-05, 0.00081416068133, -0.00130450341385, 0.00152171892114], [-0.000410478387494, 0.00155353988521, -0.000101674195321, -0.00128463469446, -0.00142802321352, 0.0101109035313, -0.00325715844519, -0.000671163434163, 5.65968730371e-05, -0.000236919790041, 5.92613650952e-05, 0.00156161107589, -0.000825399649329], [0.000365355052054, -0.00122726394329, 0.00051429431187, -0.000693994981702, -0.0035097701475, -0.00325715844519, 0.0162536501884, -0.00685335882008, -0.00249672913924, 0.00181279238313, -0.00428558606654, 0.00166395003907, -0.000172505548107], [-0.000656591204461, 0.00247953669168, -0.00138001923915, 0.0011420478113, 0.00117429869715, -0.000671163434163, -0.00685335882008, 0.0219373609871, -0.00948713626713, 9.51559632085e-05, 0.00236463919282, -0.0021740316879, 0.00212226412259], [0.000765142729506, -0.00307642598636, 0.000644309388008, -0.00266065611504, -0.00035240149009, 5.65968730371e-05, -0.00249672913924, -0.00948713626713, 0.0239599701017, -0.00952682737261, -0.00112540461123, 0.00238676602021, -0.00456069083884], [-0.000869056559168, 0.00366724003106, -0.000662520586047, 0.0033016372472, 3.7340032577e-05, -0.000236919790041, 0.00181279238313, 9.51559632085e-05, -0.00952682737261, 0.0272821560502, -0.0107610356063, -0.00155284733046, 0.00309721054509], [0.000595657329541, -0.00310494052246, 0.000618897378445, -0.00255809933878, 0.00081416068133, 5.92613650952e-05, -0.00428558606654, 0.00236463919282, -0.00112540461123, -0.0107610356063, 0.0246030520648, -0.0098849311471, -0.00229185190983], [-0.000659997574985, 0.00345944939181, -0.000751794374082, 0.00245496234857, -0.00130450341385, 0.00156161107589, 0.00166395003907, -0.0021740316879, 0.00238676602021, -0.00155284733046, -0.0098849311471, 0.0267013385892, -0.0111311459914], [0.000370590976672, -0.00172409496736, 0.000358185119694, -0.00170249724761, 0.00152171892114, -0.000825399649329, -0.000172505548107, 0.00212226412259, -0.00456069083884, 0.00309721054509, -0.00229185190983, -0.0111311459914, 0.0222177654505]]
    },
    "melbands": {
        "dmean": [0.00464025977999, 0.00329746864736, 0.00146280624904, 0.000632597424556, 0.000326394190779, 0.000289057439659, 0.000203654606594, 0.000164673503605, 0.000109963177238, 0.000117323390441, 6.77783536958e-05, 5.92346768826e-05, 5.99070262979e-05, 6.14812379354e-05, 7.25589416106e-05, 6.18667036179e-05, 3.74284281861e-05, 3.0667433748e-05, 2.73482419288e-05, 2.03101935767e-05, 1.53100208991e-05, 1.35061072797e-05, 1.04100145109e-05, 9.13884196052e-06, 7.52729465603e-06, 6.40359758108e-06, 6.00567955189e-06, 5.09481242261e-06, 4.4294856707e-06, 3.51363678419e-06, 3.2798848224e-06, 2.50100856647e-06, 2.24736845666e-06, 1.66892357356e-06, 1.33155128879e-06, 1.01489115423e-06, 9.82796791504e-07, 1.03309480437e-06, 9.12556515686e-07, 8.85588804067e-07],
        "dmean2": [0.00595700694248, 0.0049628415145, 0.00213659484871, 0.00103169679642, 0.00054813636234, 0.000483811920276, 0.000345612934325, 0.000270572607405, 0.00017618756101, 0.000184944481589, 0.00010793653928, 9.64250866673e-05, 9.67710948316e-05, 9.91118431557e-05, 0.000119977892609, 9.9492528534e-05, 6.02725594945e-05, 5.0039117923e-05, 4.42652926722e-05, 3.24179745803e-05, 2.44706989179e-05, 2.20207966777e-05, 1.73321368493e-05, 1.50967734953e-05, 1.25839342218e-05, 1.06250836325e-05, 1.02081903606e-05, 8.45849444886e-06, 7.45073521102e-06, 5.83365545026e-06, 5.47729860045e-06, 4.14941769122e-06, 3.72945601157e-06, 2.7117114314e-06, 2.14301826418e-06, 1.57121235134e-06, 1.56980058819e-06, 1.65368430771e-06, 1.44138880387e-06, 1.42951932958e-06],
        "dvar": [3.0470373531e-05, 3.0407883969e-05, 8.00872203399e-06, 1.2586702951e-06, 2.91949731945e-07, 1.90314366932e-07, 1.32641801542e-07, 7.54338529418e-08, 3.29509326491e-08, 3.60970666691e-08, 1.3743377103e-08, 9.64793311908e-09, 7.72588748532e-09, 8.00746047247e-09, 2.06133279335e-08, 1.21799939024e-08, 4.50408821351e-09, 3.20131121612e-09, 2.4321449299e-09, 1.07120534665e-09, 6.64089727653e-10, 4.29846352956e-10, 3.11421610721e-10, 1.98403293794e-10, 1.46039624838e-10, 1.23082627423e-10, 1.17490545071e-10, 6.77635794699e-11, 5.51905014745e-11, 3.05984994287e-11, 2.7091887761e-11, 1.50986827208e-11, 1.36857122857e-11, 6.60483733678e-12, 4.07195241067e-12, 2.60743358328e-12, 2.14690960322e-12, 2.76289321283e-12, 2.11822725159e-12, 2.16526731441e-12],
        "dvar2": [6.2940234784e-05, 7.36566726118e-05, 1.6172627511e-05, 3.21562765748e-06, 8.02920169463e-07, 5.19055902259e-07, 3.72589255448e-07, 1.91044577491e-07, 7.55675770847e-08, 8.58227764411e-08, 3.22953717102e-08, 2.43267095357e-08, 1.95991560759e-08, 2.03165786417e-08, 5.51559615758e-08, 3.2284926732e-08, 1.14208251745e-08, 8.26251955743e-09, 5.92514703968e-09, 2.54592857907e-09, 1.53172075024e-09, 1.04472608342e-09, 8.07267808156e-10, 5.04033370596e-10, 3.73756386951e-10, 3.11403597353e-10, 3.12973841288e-10, 1.71303998764e-10, 1.4367243506e-10, 7.77179917644e-11, 7.06299810305e-11, 3.86842155531e-11, 3.52059353892e-11, 1.64365760585e-11, 9.73455517583e-12, 5.94937510714e-12, 5.0855396283e-12, 6.57383435881e-12, 4.91762056423e-12, 5.34347696299e-12],
        "max": [0.0506676696241, 0.0471186637878, 0.0294010397047, 0.0161400083452, 0.0070817116648, 0.00561108533293, 0.00524078635499, 0.0052576684393, 0.0033586025238, 0.00465197442099, 0.00340376165695, 0.00217197625898, 0.00171240989584, 0.00112775573507, 0.00240898528136, 0.0020260529127, 0.00165013608057, 0.00162705115508, 0.00108171137981, 0.000664275547024, 0.000566148024518, 0.000442554417532, 0.00033754602191, 0.000273540033959, 0.000169935301528, 0.000239630680881, 0.000258220359683, 0.00010544747056, 8.08483746368e-05, 8.98807120393e-05, 5.75256817683e-05, 4.57643727714e-05, 4.87419383717e-05, 3.26144872815e-05, 2.68041803793e-05, 3.0906037864e-05, 1.85492317542e-05, 2.1675357857e-05, 1.95963348233e-05, 1.46927613969e-05],
        "mean": [0.0122359655797, 0.00653682881966, 0.00188063876703, 0.000852388446219, 0.000484797696117, 0.000418034964241, 0.000278055522358, 0.000244221417233, 0.000173563996213, 0.000184275384527, 0.000101543519122, 8.52773227962e-05, 8.73166500241e-05, 8.43765010359e-05, 9.14256888791e-05, 8.08878467069e-05, 5.1196799177e-05, 4.19351636083e-05, 3.67628017557e-05, 2.93434659397e-05, 2.02733535843e-05, 1.97816571017e-05, 1.49803900058e-05, 1.32899513119e-05, 1.00857696452e-05, 9.06165678316e-06, 8.67093876877e-06, 7.35649473427e-06, 6.20438140686e-06, 5.50261438548e-06, 5.08785842612e-06, 3.97099120164e-06, 3.5706179915e-06, 2.82072028313e-06, 2.24705831897e-06, 1.82102166946e-06, 1.58559510055e-06, 1.43756619764e-06, 1.21581524581e-06, 1.03814352315e-06],
        "median": [0.0107114557177, 0.00245923828334, 0.000711268337909, 0.000440142175648, 0.000329357688315, 0.000255178572843, 0.000157976362971, 0.000122229466797, 8.47388873808e-05, 9.53757917159e-05, 5.63664798392e-05, 4.73201107525e-05, 4.85175951326e-05, 4.64341501356e-05, 4.2521427531e-05, 3.74594128516e-05, 2.4965565899e-05, 2.01733710128e-05, 1.56970691023e-05, 1.4860191186e-05, 9.72012458078e-06, 1.0826694961e-05, 8.2540409494e-06, 7.18351839168e-06, 5.18317528986e-06, 4.78625952383e-06, 4.3269787966e-06, 3.99227792514e-06, 3.22780488204e-06, 3.01886075249e-06, 2.62104617832e-06, 2.12744703276e-06, 1.88220496966e-06, 1.48769549924e-06, 1.25541930629e-06, 1.00898387245e-06, 8.8076535576e-07, 7.52781261326e-07, 5.86916087286e-07, 4.43733995326e-07],
        "min": [6.94656812249e-25, 9.83637959683e-25, 1.29210781717e-24, 1.33043768109e-24, 1.33007569254e-24, 1.60130677936e-24, 2.09059203658e-24, 9.48776717168e-25, 1.00264092864e-24, 1.26552310606e-24, 2.13406754157e-24, 1.84162990147e-24, 2.99755981602e-24, 2.02153890002e-24, 1.67109178161e-24, 2.95013310397e-24, 2.77642455213e-24, 2.49951938604e-24, 3.12642951401e-24, 2.91663905601e-24, 3.82348377315e-24, 3.8356310478e-24, 4.39077849922e-24, 4.07281470073e-24, 3.50108539309e-24, 4.5153881511e-24, 4.4172889588e-24, 4.2717236114e-24, 4.23210110028e-24, 5.36482055763e-24, 6.09517993255e-24, 5.44663411097e-24, 5.51208629471e-24, 5.68945930267e-24, 6.15585595794e-24, 5.73828269295e-24, 6.36336148032e-24, 5.20530341627e-24, 5.1485677511e-24, 6.36994176356e-24],
        "var": [0.000101188350527, 6.39006248093e-05, 1.06467687147e-05, 1.39295025292e-06, 3.26119447891e-07, 2.46227614298e-07, 1.44915787814e-07, 1.23580207401e-07, 6.76357387874e-08, 6.73004976193e-08, 2.57924046565e-08, 1.55793564716e-08, 1.34390685247e-08, 1.15442704285e-08, 2.31962431485e-08, 1.67461546852e-08, 6.01983307646e-09, 4.05388078661e-09, 3.53641715911e-09, 1.72851888358e-09, 9.11474118404e-10, 6.88102241853e-10, 4.11735867623e-10, 3.05709846327e-10, 1.91634194624e-10, 1.64721139506e-10, 1.54419227405e-10, 9.47695949494e-11, 6.89910628626e-11, 4.6701718881e-11, 4.11115412546e-11, 2.33618263623e-11, 2.03062497373e-11, 1.18264087759e-11, 7.59522826577e-12, 5.37575756479e-12, 3.67224479991e-12, 3.71462496179e-12, 2.8155119295e-12, 2.33903586604e-12]
    },
    "mfcc": {
        "mean": [-637.434997559, 124.29524231, 17.9414196014, 23.746049881, 9.16647529602, 14.8816652298, 6.37396860123, 6.78240680695, 3.86058545113, 5.10853338242, 4.23852872849, 5.81196069717, 2.24675035477],
        "cov": [[13707.5439453, -662.256164551, -1289.43664551, 249.920776367, 326.083526611, 667.245300293, 339.801391602, 190.591323853, 135.485534668, 68.82472229, 157.672729492, 112.446029663, 112.153648376], [-662.256164551, 1471.87536621, 304.132171631, 114.179016113, 0.883427381516, -35.8209838867, 11.2876548767, 31.3856811523, 5.26985883713, 24.8690700531, 1.4574406147, 44.625038147, 21.5235176086], [-1289.43664551, 304.132171631, 709.27331543, 63.4412117004, -24.6724376678, -105.361602783, -49.9422302246, -24.4393215179, -6.81717014313, 0.99493932724, -2.35759472847, -8.44943332672, -22.5855941772], [249.920776367, 114.179016113, 63.4412117004, 232.532104492, 65.7490615845, 62.4306983948, 38.0928001404, 54.2188720703, 33.670135498, 31.8125171661, 21.5188922882, 26.2336273193, 13.7779407501], [326.083526611, 0.883427381516, -24.6724376678, 65.7490615845, 147.591781616, 85.4312896729, 58.1452026367, 46.7462615967, 35.5955810547, 21.4308986664, 15.4510583878, 19.0213928223, 8.69145488739], [667.245300293, -35.8209838867, -105.361602783, 62.4306983948, 85.4312896729, 157.83770752, 78.5721206665, 58.2717704773, 41.0038375854, 28.1199455261, 25.3638420105, 26.4276847839, 17.5589904785], [339.801391602, 11.2876548767, -49.9422302246, 38.0928001404, 58.1452026367, 78.5721206665, 106.64541626, 60.2449111938, 32.4829330444, 31.2844181061, 21.6537590027, 20.830072403, 13.3705797195], [190.591323853, 31.3856811523, -24.4393215179, 54.2188720703, 46.7462615967, 58.2717704773, 60.2449111938, 102.844398499, 49.9940452576, 36.9345970154, 24.6760807037, 20.5752029419, 10.3409481049], [135.485534668, 5.26985883713, -6.81717014313, 33.670135498, 35.5955810547, 41.0038375854, 32.4829330444, 49.9940452576, 79.8357162476, 36.6173973083, 20.983247757, 16.9910182953, 5.95659589767], [68.82472229, 24.8690700531, 0.99493932724, 31.8125171661, 21.4308986664, 28.1199455261, 31.2844181061, 36.9345970154, 36.6173973083, 77.4067077637, 35.9600753784, 16.6411991119, 7.93061208725], [157.672729492, 1.4574406147, -2.35759472847, 21.5188922882, 15.4510583878, 25.3638420105, 21.6537590027, 24.6760807037, 20.983247757, 35.9600753784, 64.9090270996, 34.0531959534, 11.8582239151], [112.446029663, 44.625038147, -8.44943332672, 26.2336273193, 19.0213928223, 26.4276847839, 20.830072403, 20.5752029419, 16.9910182953, 16.6411991119, 34.0531959534, 65.5627212524, 31.6228809357], [112.153648376, 21.5235176086, -22.5855941772, 13.7779407501, 8.69145488739, 17.5589904785, 13.3705797195, 10.3409481049, 5.95659589767, 7.93061208725, 11.8582239151, 31.6228809357, 67.5663146973]],
