{
"lowlevel": {
    "average_loudness": 0.795249640942,
    "barkbands_crest": {
        "dmean": 3.14573335648,
        "dmean2": 5.03979349136,
        "dvar": 8.87757778168,
        "dvar2": 21.2885513306,
        "max": 26.6494274139,
        "mean": 12.511505127,
        "median": 12.0331459045,
        "min": 2.19696521759,
        "var": 25.373796463
    },
    "barkbands_flatness_db": {
        "dmean": 0.0448853187263,
        "dmean2": 0.0683034434915,
        "dvar": 0.00231261271983,
        "dvar2": 0.00499135861173,
        "max": 0.559237420559,
        "mean": 0.186416342854,
        "median": 0.166559621692,
        "min": 0.0237126592547,
        "var": 0.00940722320229
    },
    "barkbands_kurtosis": {
        "dmean": 18.2061595917,
        "dmean2": 29.08659935,
        "dvar": 3745.46533203,
        "dvar2": 9525.66796875,
        "max": 2060.40698242,
        "mean": 23.3497982025,
        "median": 5.90211868286,
        "min": -1.88883638382,
        "var": 4142.69238281
    },
    "barkbands_skewness": {
        "dmean": 1.35030722618,
        "dmean2": 2.0779042244,
        "dvar": 3.48703026772,
        "dvar2": 7.94566345215,
        "max": 41.0972061157,
        "mean": 2.93454885483,
        "median": 2.42379355431,
        "min": -4.03947305679,
        "var": 8.66128921509
    },
    "barkbands_spread": {
        "dmean": 8.93079566956,
        "dmean2": 13.9712333679,
        "dvar": 110.442977905,
        "dvar2": 251.680892944,
        "max": 135.842636108,
        "mean": 20.316444397,
        "median": 16.4021701813,
        "min": 0.12535841763,
        "var": 312.448455811
    },
    "dissonance": {
        "dmean": 0.0164216924459,
        "dmean2": 0.0275200977921,
        "dvar": 0.000449269224191,
        "dvar2": 0.00121987715829,
        "max": 0.500000119209,
        "mean": 0.468696802855,
        "median": 0.482006430626,
        "min": 0.066286586225,
        "var": 0.00197464367375
    },
    "dynamic_complexity": 4.64352703094,
    "erbbands_crest": {
        "dmean": 2.60813498497,
        "dmean2": 4.30642795563,
        "dvar": 6.83544921875,
        "dvar2": 15.8746480942,
        "max": 27.7547359467,
        "mean": 8.26637840271,
        "median": 7.29504108429,
        "min": 2.40578794479,
        "var": 15.1849994659
    },
    "erbbands_flatness_db": {
        "dmean": 0.0214553568512,
        "dmean2": 0.0324453450739,
        "dvar": 0.000456461537397,
        "dvar2": 0.000970380089711,
        "max": 0.516673505306,
        "mean": 0.149374037981,
        "median": 0.136134341359,
        "min": 0.0371705777943,
        "var": 0.00414262060076
    },
    "erbbands_kurtosis": {
        "dmean": 1.41550540924,
        "dmean2": 2.27299380302,
        "dvar": 5.44095134735,
        "dvar2": 13.1318874359,
        "max": 60.1925582886,
        "mean": 1.00811839104,
        "median": 0.0254454612732,
        "min": -1.86417341232,
        "var": 11.0873804092
    },
    "erbbands_skewness": {
        "dmean": 0.523736000061,
        "dmean2": 0.799935996532,
        "dvar": 0.331299483776,
        "dvar2": 0.691674292088,
        "max": 7.28137159348,
        "mean": 0.0124865518883,
        "median": -0.101536497474,
        "min": -2.98430752754,
        "var": 1.12939202785
    },
    "erbbands_spread": {
        "dmean": 13.9981136322,
        "dmean2": 21.6063747406,
        "dvar": 233.782119751,
        "dvar2": 549.757385254,
        "max": 165.228103638,
        "mean": 46.0468788147,
        "median": 42.563167572,
        "min": 1.92217302322,
        "var": 644.487060547
    },
    "hfc": {
        "dmean": 7.11973190308,
        "dmean2": 10.2163619995,
        "dvar": 100.120819092,
        "dvar2": 211.930023193,
        "max": 108.229301453,
        "mean": 15.1210289001,
        "median": 9.52962779999,
        "min": 1.08678833613e-16,
        "var": 241.89125061
    },
    "melbands_crest": {
        "dmean": 4.96140289307,
        "dmean2": 8.27685260773,
        "dvar": 22.7296524048,
        "dvar2": 58.5663490295,
        "max": 39.9265823364,
        "mean": 20.0284748077,
        "median": 19.958694458,
        "min": 2.1394109726,
        "var": 58.6046676636
    },
    "melbands_flatness_db": {
        "dmean": 0.0531335324049,
        "dmean2": 0.0788904428482,
        "dvar": 0.00331223942339,
        "dvar2": 0.00697390595451,
        "max": 0.697132349014,
        "mean": 0.260321438313,
        "median": 0.243372529745,
        "min": 0.00483025284484,
        "var": 0.0157740358263
    },
    "melbands_kurtosis": {
        "dmean": 42.9434547424,
        "dmean2": 69.9440307617,
        "dvar": 21518.7871094,
        "dvar2": 56645.6914062,
        "max": 6518.62939453,
        "mean": 58.0829963684,
        "median": 21.2685909271,
        "min": -1.74611663818,
        "var": 21303.2792969
    },
    "melbands_skewness": {
        "dmean": 1.90315711498,
        "dmean2": 2.97116804123,
        "dvar": 7.68355607986,
        "dvar2": 19.0930271149,
        "max": 75.96824646,
        "mean": 4.76135873795,
        "median": 4.13306236267,
        "min": -2.40731906891,
        "var": 15.2813768387
    },
    "melbands_spread": {
        "dmean": 10.7954959869,
        "dmean2": 17.0277500153,
        "dvar": 260.384765625,
        "dvar2": 560.644470215,
        "max": 228.165283203,
        "mean": 21.1723670959,
        "median": 11.7063465118,
        "min": 0.0834011659026,
        "var": 692.719909668
    },
    "pitch_salience": {
        "dmean": 0.101292513311,
        "dmean2": 0.165976792574,
        "dvar": 0.00986966490746,
        "dvar2": 0.0240899734199,
        "max": 0.947185456753,
        "mean": 0.472358703613,
        "median": 0.478829950094,
        "min": 0.0116388686001,
        "var": 0.0242508128285
    },
    "silence_rate_20dB": {
        "dmean": 0,
        "dmean2": 0,
        "dvar": 0,
        "dvar2": 0,
        "max": 1,
        "mean": 1,
        "median": 1,
        "min": 1,
        "var": 0
    },
    "silence_rate_30dB": {
        "dmean": 0.0692419856787,
        "dmean2": 0.13849657774,
        "dvar": 0.0644545853138,
        "dvar2": 0.14846226573,
        "max": 1,
        "mean": 0.92429625988,
        "median": 1,
        "min": 0,
        "var": 0.0699769482017
    },
    "silence_rate_60dB": {
        "dmean": 0.0379008762538,
        "dmean2": 0.0758086591959,
        "dvar": 0.0364623516798,
        "dvar2": 0.0777086764574,
        "max": 1,
        "mean": 0.145759314299,
        "median": 0,
        "min": 0,
        "var": 0.124510094523
    },
    "spectral_centroid": {
        "dmean": 433.717346191,
        "dmean2": 649.72088623,
        "dvar": 243153.125,
        "dvar2": 475418.8125,
        "max": 11317.4091797,
        "mean": 1586.85339355,
        "median": 1502.87402344,
        "min": 116.253753662,
        "var": 1037955.5
    },
    "spectral_complexity": {
        "dmean": 6.08345460892,
        "dmean2": 8.90678787231,
        "dvar": 51.7200584412,
        "dvar2": 104.103652954,
        "max": 58,
        "mean": 15.311378479,
        "median": 12,
        "min": 0,
        "var": 157.235977173
    },
    "spectral_decrease": {
        "dmean": 5.15002218648e-09,
        "dmean2": 7.82780062991e-09,
        "dvar": 4.68448990675e-17,
        "dvar2": 1.05646746829e-16,
        "max": 4.13155577329e-29,
        "mean": -1.05647108839e-08,
        "median": -8.03548605433e-09,
        "min": -7.84062805792e-08,
        "var": 1.06872959369e-16
    },
    "spectral_energy": {
        "dmean": 0.0198460165411,
        "dmean2": 0.0299671553075,
        "dvar": 0.000681606004946,
        "dvar2": 0.00153099233285,
        "max": 0.299732297659,
        "mean": 0.0412451960146,
        "median": 0.0316608287394,
        "min": 1.01926124041e-20,
        "var": 0.00158403068781
    },
    "spectral_energyband_high": {
        "dmean": 0.000379019387765,
        "dmean2": 0.000552581681404,
        "dvar": 3.70493125956e-07,
        "dvar2": 7.68981465171e-07,
        "max": 0.0154859283939,
        "mean": 0.000754467502702,
        "median": 0.000263491412625,
        "min": 7.37956905027e-21,
        "var": 1.15038949389e-06
    },
    "spectral_energyband_low": {
        "dmean": 0.0158061031252,
        "dmean2": 0.0248113553971,
        "dvar": 0.000531098863576,
        "dvar2": 0.00125815765932,
        "max": 0.254181742668,
        "mean": 0.029661083594,
        "median": 0.020078362897,
        "min": 1.82706859412e-23,
        "var": 0.0011180882575
    },
    "spectral_energyband_middle_high": {
        "dmean": 0.00198920117691,
        "dmean2": 0.00306924711913,
        "dvar": 8.60333693709e-06,
        "dvar2": 2.08345572901e-05,
        "max": 0.0310301017016,
        "mean": 0.00318584567867,
        "median": 0.00143657228909,
        "min": 1.31371326429e-21,
        "var": 1.59539049491e-05
    },
    "spectral_energyband_middle_low": {
        "dmean": 0.0076796123758,
        "dmean2": 0.0121231880039,
        "dvar": 0.000292871322017,
        "dvar2": 0.000697112875059,
        "max": 0.166099518538,
        "mean": 0.00970812793821,
        "median": 0.0034040142782,
        "min": 1.85799828405e-22,
        "var": 0.000312516349368
    },
    "spectral_entropy": {
        "dmean": 0.253667771816,
        "dmean2": 0.382429927588,
        "dvar": 0.0878318473697,
        "dvar2": 0.190116941929,
        "max": 9.80943584442,
        "mean": 7.50527191162,
        "median": 7.66940259933,
        "min": 4.44981527328,
        "var": 0.4769538939
    },
    "spectral_flux": {
        "dmean": 0.0403403639793,
        "dmean2": 0.0593272857368,
        "dvar": 0.00195132440422,
        "dvar2": 0.00387068092823,
        "max": 0.433079212904,
        "mean": 0.103267416358,
        "median": 0.0879662632942,
        "min": 6.65465321736e-11,
        "var": 0.00573696801439
    },
    "spectral_kurtosis": {
        "dmean": 2.93355250359,
        "dmean2": 4.94766044617,
        "dvar": 161.314819336,
        "dvar2": 500.42565918,
        "max": 530.310852051,
        "mean": 9.54131126404,
        "median": 3.36080026627,
        "min": -1.24368476868,
        "var": 1503.31005859
    },
    "spectral_rms": {
        "dmean": 0.00143488845788,
        "dmean2": 0.00207624281757,
        "dvar": 2.31238072956e-06,
        "dvar2": 4.67048403152e-06,
        "max": 0.0171003434807,
        "mean": 0.00549922697246,
        "median": 0.00555775221437,
        "min": 3.1534128607e-12,
        "var": 9.9977305581e-06
    },
    "spectral_rolloff": {
        "dmean": 608.251708984,
        "dmean2": 1027.78955078,
        "dvar": 957087.375,
        "dvar2": 2072294.25,
        "max": 19186.0839844,
        "mean": 1181.38293457,
        "median": 322.998046875,
        "min": 21.533203125,
        "var": 3135948.25
    },
    "spectral_skewness": {
        "dmean": 0.293807059526,
        "dmean2": 0.461578547955,
        "dvar": 0.153399899602,
        "dvar2": 0.389104545116,
        "max": 19.095533371,
        "mean": 1.69261014462,
        "median": 1.32237279415,
        "min": -0.0195729006082,
        "var": 3.48543000221
    },
    "spectral_spread": {
        "dmean": 691509.0625,
        "dmean2": 1044097.5625,
        "dvar": 640259719168,
        "dvar2": 1.31186255462e+12,
        "max": 41989056,
        "mean": 4583680.5,
        "median": 4397480,
        "min": 189329.40625,
        "var": 2.85658159514e+12
    },
    "spectral_strongpeak": {
        "dmean": 0.286481499672,
        "dmean2": 0.466015458107,
        "dvar": 0.276095807552,
        "dvar2": 0.614963412285,
        "max": 7.95475673676,
        "mean": 0.435017675161,
        "median": 0.233008340001,
        "min": 0,
        "var": 0.442807793617
    },
    "zerocrossingrate": {
        "dmean": 0.0131388846785,
        "dmean2": 0.0155043872073,
        "dvar": 0.000240541034145,
        "dvar2": 0.000263734953478,
        "max": 0.81298828125,
        "mean": 0.0515757910907,
        "median": 0.0390625,
        "min": 0.0009765625,
        "var": 0.00258421665058
    },
    "barkbands": {
        "dmean": [0.00374892214313, 0.00916432868689, 0.00510640442371, 0.00532181421295, 0.00217008870095, 0.000629739079159, 0.000361680635251, 0.000330514390953, 0.000523202994373, 0.000237549422309, 0.000300708139548, 0.000251313700574, 0.000280446751276, 0.000251503370237, 0.000245069240918, 0.000188276797417, 0.000263410009211, 0.000276984355878, 0.000197594126803, 0.00021514861146, 0.000129097257741, 9.13231560844e-05, 5.85566158406e-05, 4.11397886637e-05, 2.55357481365e-05, 1.33568964884e-05, 9.48780211729e-07],
        "dmean2": [0.0063788886182, 0.0145864915103, 0.00836663134396, 0.0090416232124, 0.00384319480509, 0.0010406213114, 0.000603672116995, 0.000558661762625, 0.000852667901199, 0.000398415111704, 0.00049147522077, 0.000406892679166, 0.000442895136075, 0.000415139598772, 0.000412595138187, 0.000314806791721, 0.000435178197222, 0.000446024700068, 0.00031304746517, 0.000328409427311, 0.000199863585294, 0.000139125200803, 8.53768651723e-05, 6.62100064801e-05, 3.92888396163e-05, 2.03975832846e-05, 1.61243281127e-06],
        "dvar": [3.58875913662e-05, 0.000219922701945, 0.000204695403227, 0.000182254254469, 4.26432125096e-05, 2.06724462259e-06, 6.49799972052e-07, 5.29269470917e-07, 1.31541173687e-06, 2.23980748615e-07, 4.60959228121e-07, 3.07375017883e-07, 3.63156658523e-07, 2.38295953636e-07, 2.04981589036e-07, 1.30064080395e-07, 2.62785277982e-07, 3.28441785769e-07, 1.16167768738e-07, 1.28946595623e-07, 4.65979361763e-08, 2.63142059254e-08, 1.32126070085e-08, 6.08405814617e-09, 2.14794715347e-09, 5.17582310344e-10, 7.59929185551e-12],
        "dvar2": [9.91267006611e-05, 0.000552312994841, 0.00052100897301, 0.000479446956888, 0.000118860371003, 5.11381358592e-06, 1.64032326211e-06, 1.33028765958e-06, 3.28174724018e-06, 5.7461841152e-07, 1.13265195978e-06, 7.32536761916e-07, 7.87531632795e-07, 5.60027274332e-07, 5.34029936716e-07, 3.45039580907e-07, 6.71386032991e-07, 8.07796538993e-07, 2.75483898804e-07, 2.86923267367e-07, 1.10971349443e-07, 6.11640231796e-08, 2.82947940633e-08, 1.58130983863e-08, 4.63996618905e-09, 1.20687604355e-09, 1.88666946649e-11],
        "max": [0.103890419006, 0.189425855875, 0.162236332893, 0.145662769675, 0.0697380751371, 0.0222674738616, 0.0121099520475, 0.013651044108, 0.013719830662, 0.00622928654775, 0.0162282027304, 0.0160598680377, 0.0165055319667, 0.0141385756433, 0.00598400086164, 0.00415926612914, 0.00665400270373, 0.00642489315942, 0.00489356741309, 0.00579967955127, 0.0052137747407, 0.00323533895425, 0.00294722081162, 0.00121425534599, 0.00150319479872, 0.000335067947162, 9.71463159658e-05],
        "mean": [0.00513034360483, 0.0167433340102, 0.00577577250078, 0.00539928302169, 0.00214878097177, 0.000757180387154, 0.00042714108713, 0.000350384623744, 0.000544174748939, 0.000254699756624, 0.000344997504726, 0.000314272358082, 0.000366003252566, 0.000307691778289, 0.000278050196357, 0.000205630494747, 0.000295052712318, 0.000348016095813, 0.000314012460876, 0.000350226589944, 0.000205523174373, 0.000148543753312, 9.85325241345e-05, 7.28343002265e-05, 4.55326044175e-05, 1.8215214368e-05, 9.02825718185e-07],
        "median": [0.00201063021086, 0.0093223201111, 0.00170625047758, 0.000971300993115, 0.000504081195686, 0.000237200481934, 0.000132894681883, 9.05605702428e-05, 0.000137463692226, 6.45817126497e-05, 6.10871938989e-05, 6.48290588288e-05, 9.05472261366e-05, 7.64607539168e-05, 7.13068293408e-05, 5.84890658502e-05, 7.71932973294e-05, 8.30865101307e-05, 8.25928727863e-05, 9.36134965741e-05, 8.13108999864e-05, 3.57677017746e-05, 2.55414361163e-05, 1.69899940374e-05, 1.24721436805e-05, 5.02793682244e-06, 4.59351028326e-08],
        "min": [6.16075438973e-24, 8.64020653485e-24, 2.94826626464e-24, 6.50190281022e-24, 2.21818693534e-23, 1.3358139851e-23, 1.02260520349e-23, 2.20510052178e-23, 3.78872727164e-23, 3.49525113561e-23, 2.91076137173e-23, 5.53623340591e-23, 4.34692524818e-23, 4.02862839262e-23, 6.30227792939e-23, 1.0687324723e-22, 1.42300637074e-22, 1.41177198171e-22, 1.81854728707e-22, 2.44719395032e-22, 3.46288455132e-22, 4.32518070753e-22, 6.34317121654e-22, 7.25140886483e-22, 1.25317307444e-21, 1.5383984196e-21, 1.96283860517e-21],
        "var": [6.65904080961e-05, 0.000460259616375, 0.000179737340659, 0.000150620224304, 3.03777269437e-05, 2.70782311418e-06, 8.69032419359e-07, 5.9714903955e-07, 1.33691719384e-06, 2.52308211657e-07, 6.10059316841e-07, 6.16382124008e-07, 6.84987014665e-07, 3.86318163237e-07, 2.45937229693e-07, 1.29851486008e-07, 3.04680185081e-07, 4.22452899329e-07, 2.77522161696e-07, 2.95617553547e-07, 8.90355380534e-08, 6.23323401783e-08, 2.78660632347e-08, 1.71307998897e-08, 6.98813318323e-09, 1.06428887925e-09, 9.4003468204e-12]
    },
    "erbbands": {
        "dmean": [0.42358726263, 1.66389286518, 5.00091171265, 13.0950927734, 11.5893373489, 5.68444728851, 7.15386629105, 4.32079458237, 4.59565734863, 6.06449079514, 7.90996074677, 13.2083911896, 8.29585456848, 8.36719894409, 11.7617359161, 10.7932071686, 12.5367860794, 12.6759958267, 11.6700468063, 12.2069034576, 11.018409729, 13.7657470703, 15.7547664642, 11.1134843826, 10.4524793625, 9.78944301605, 6.80304193497, 3.84034585953, 3.31752800941, 2.59968066216, 1.49680316448, 0.931274235249, 0.686780273914, 0.359695911407, 0.162359505892, 0.070926964283, 0.0223088003695, 0.0030566053465, 0.000159079718287, 2.31084541156e-05],
        "dmean2": [0.686842679977, 2.55297398567, 7.89521074295, 21.9531211853, 19.8595485687, 9.93158912659, 12.18775177, 7.10867166519, 7.82365179062, 10.0870199203, 12.9801435471, 21.6920375824, 13.836514473, 13.8451681137, 19.2173652649, 17.3099536896, 19.7380523682, 20.8496208191, 19.3750915527, 20.2770366669, 18.3531360626, 22.6014347076, 25.177936554, 17.9067306519, 16.3788490295, 14.7978115082, 10.5594244003, 5.91445112228, 5.13018369675, 3.8796415329, 2.18552470207, 1.44377672672, 1.1370126009, 0.561326861382, 0.257412225008, 0.107582837343, 0.0347186475992, 0.00483948038891, 0.000265722977929, 3.36193916155e-05],
        "dvar": [0.437727719545, 9.61955547333, 164.981521606, 1038.46435547, 1102.44775391, 258.180786133, 340.067871094, 109.412994385, 110.832839966, 198.851104736, 280.435302734, 989.286987305, 253.95539856, 346.151367188, 782.2109375, 575.584106445, 751.668884277, 576.347290039, 468.36315918, 510.735137939, 498.654693604, 615.543029785, 987.60534668, 492.279418945, 299.540527344, 275.139129639, 131.063644409, 44.5710220337, 35.0178871155, 21.9100265503, 8.83788108826, 2.79566240311, 2.26874732971, 0.391401022673, 0.117216914892, 0.0139853609726, 0.0016609110171, 3.86670835724e-05, 2.07508676908e-07, 8.01675392736e-10],
        "dvar2": [1.16434848309, 22.935918808, 394.339141846, 2715.3605957, 2939.21411133, 716.062438965, 927.648132324, 256.336517334, 301.781463623, 464.272583008, 691.046813965, 2494.03320312, 634.601379395, 855.814208984, 1934.58874512, 1335.3347168, 1612.96289062, 1393.14001465, 1187.55395508, 1323.28051758, 1337.26269531, 1554.6138916, 2398.43432617, 1251.96777344, 702.302490234, 592.11920166, 309.985137939, 99.0058517456, 83.8024215698, 45.6634063721, 19.4511127472, 6.8061747551, 6.33311700821, 0.859707355499, 0.284894168377, 0.031428232789, 0.00416254950687, 9.38678713283e-05, 5.1603689144e-07, 1.72482705896e-09],
        "max": [8.21705627441, 40.4363441467, 147.831039429, 407.478729248, 341.108520508, 214.383361816, 258.551269531, 217.069976807, 137.300811768, 270.445800781, 317.231109619, 372.543609619, 188.574981689, 252.516220093, 793.039733887, 734.514770508, 672.694580078, 470.909606934, 415.333374023, 269.420532227, 355.682159424, 286.213592529, 399.795837402, 256.229095459, 281.702819824, 273.662872314, 252.656402588, 159.689498901, 107.466255188, 82.3548660278, 69.8604354858, 23.68683815, 25.3024635315, 29.5519294739, 6.63198375702, 2.00434780121, 0.563414752483, 0.200088009238, 0.0141548272222, 0.000327135086991],
        "mean": [0.690603971481, 2.93815207481, 6.62517213821, 13.9789037704, 11.5332994461, 6.02391386032, 7.56598091125, 5.34711456299, 5.06215429306, 7.30818080902, 8.95405101776, 13.2829236984, 9.07007598877, 9.52016448975, 14.3312482834, 14.0255289078, 16.4246711731, 16.0795478821, 14.5066690445, 14.0722179413, 12.5384368896, 16.1142311096, 20.158700943, 15.4055252075, 17.5850486755, 16.0842781067, 10.8881158829, 6.4962682724, 5.3468503952, 4.22790288925, 2.52135896683, 1.66554272175, 1.16194808483, 0.640006244183, 0.257345825434, 0.101240515709, 0.0291909314692, 0.00380850862712, 0.00018217843899, 5.1206916396e-05],
        "median": [0.398397535086, 1.15771353245, 2.42899227142, 3.59954404831, 2.3807849884, 1.52297878265, 2.23212575912, 1.74431431293, 1.70898735523, 2.30366444588, 2.64981031418, 3.25629973412, 2.66400718689, 2.67473649979, 2.77572655678, 3.39656257629, 4.47771263123, 4.38767623901, 4.50504589081, 4.07500934601, 3.57280874252, 4.95560598373, 4.83740329742, 4.74463796616, 4.88379096985, 4.17844629288, 4.10701084137, 2.21239948273, 1.34692907333, 0.963980615139, 0.694147229195, 0.438083916903, 0.252615839243, 0.182458981872, 0.0563786290586, 0.030238809064, 0.00696334475651, 0.000586375768762, 4.57586320408e-05, 4.03330450354e-05],
        "min": [2.90471863409e-22, 1.84338592951e-21, 3.47406002191e-21, 1.61748431786e-20, 7.07513362687e-20, 4.40724899984e-20, 1.14845265108e-19, 1.49662150121e-19, 1.23093457812e-19, 2.52283029944e-19, 7.05652529426e-19, 8.57951679641e-19, 6.76536547346e-19, 1.12859023512e-18, 1.4789967639e-18, 2.08929899504e-18, 2.58091001067e-18, 2.10832993939e-18, 2.69032346504e-18, 4.92145043432e-18, 6.39750584735e-18, 8.26384037623e-18, 9.50764208483e-18, 7.81201695486e-18, 7.11835818243e-18, 1.34702814149e-17, 1.2089938657e-17, 1.44955957724e-17, 1.37894490543e-17, 1.59737096244e-17, 1.84131578951e-17, 1.47090530382e-17, 1.21947656017e-17, 1.26642741445e-17, 9.24900090525e-18, 4.7875191398e-18, 2.70076269116e-18, 9.92351003292e-19, 2.52627395573e-19, 3.10790755441e-20],
        "var": [0.800513386726, 19.3086204529, 178.169952393, 872.95690918, 842.95489502, 206.486068726, 286.846374512, 158.704681396, 102.893890381, 335.020141602, 336.351928711, 934.553222656, 280.70614624, 381.118011475, 1111.68811035, 1132.83947754, 1379.31896973, 955.934143066, 699.554626465, 567.341918945, 489.454315186, 775.056091309, 1361.66015625, 660.374938965, 855.490234375, 639.81237793, 261.944549561, 98.5466079712, 81.5573806763, 49.5355682373, 18.0435771942, 8.02460575104, 4.8697514534, 1.66677212715, 0.220018103719, 0.0297700185329, 0.00295622833073, 6.99236697983e-05, 2.53259827332e-07, 2.15720508123e-09]
    },
    "gfcc": {
        "mean": [-53.8644599915, 86.9733581543, -99.4009780884, 52.4015045166, -45.7867546082, 19.9700756073, -26.4296627045, 13.619433403, -21.3614368439, 6.28687334061, -13.4200811386, -1.85920858383, -8.47523021698],
        "cov": [[22329.4726562, -1370.80065918, -2728.46508789, 1438.78649902, 340.270599365, 1324.66662598, 122.762359619, 387.46295166, -423.563812256, 31.9268779755, -211.54234314, 109.040893555, -308.856201172], [-1370.80065918, 2534.30932617, 963.802734375, -360.518096924, 266.251281738, -275.701202393, 181.962799072, -184.871063232, 169.837127686, -212.189071655, 138.333984375, -219.953369141, -22.3053665161], [-2728.46508789, 963.802734375, 1936.94958496, 87.8294754028, 69.3713226318, -120.087142944, 29.5740871429, -105.210426331, 57.1878242493, -85.1193695068, -33.0353164673, -37.9950904846, 7.82661294937], [1438.78649902, -360.518096924, 87.8294754028, 693.901428223, 183.780975342, 167.388656616, 47.8863258362, 34.6126022339, -10.4867458344, 18.9701957703, -0.646958708763, 3.94727158546, 16.2524394989], [340.270599365, 266.251281738, 69.3713226318, 183.780975342, 391.146881104, 109.639442444, 100.475654602, 27.1694202423, 52.1781539917, -10.2543373108, 51.2711181641, -32.3556671143, 0.837725162506], [1324.66662598, -275.701202393, -120.087142944, 167.388656616, 109.639442444, 346.353607178, 116.7915802, 63.7166900635, -27.4744186401, 26.9081439972, 18.1111450195, 31.7385234833, -1.09490287304], [122.762359619, 181.962799072, 29.5740871429, 47.8863258362, 100.475654602, 116.7915802, 232.568725586, 28.287311554, 31.928861618, -3.33005356789, 62.7132720947, -22.1496639252, 28.244972229], [387.46295166, -184.871063232, -105.210426331, 34.6126022339, 27.1694202423, 63.7166900635, 28.287311554, 162.338165283, 39.4672164917, 40.2531585693, 11.5126142502, 25.8195381165, 10.5927038193], [-423.563812256, 169.837127686, 57.1878242493, -10.4867458344, 52.1781539917, -27.4744186401, 31.928861618, 39.4672164917, 131.235839844, 27.1675643921, 38.9895133972, -13.3539152145, 24.5191898346], [31.9268779755, -212.189071655, -85.1193695068, 18.9701957703, -10.2543373108, 26.9081439972, -3.33005356789, 40.2531585693, 27.1675643921, 106.051445007, 27.737695694, 31.1096229553, 20.4262924194], [-211.54234314, 138.333984375, -33.0353164673, -0.646958708763, 51.2711181641, 18.1111450195, 62.7132720947, 11.5126142502, 38.9895133972, 27.737695694, 118.516616821, 10.1746740341, 21.6467857361], [109.040893555, -219.953369141, -37.9950904846, 3.94727158546, -32.3556671143, 31.7385234833, -22.1496639252, 25.8195381165, -13.3539152145, 31.1096229553, 10.1746740341, 99.004234314, 31.4664669037], [-308.856201172, -22.3053665161, 7.82661294937, 16.2524394989, 0.837725162506, -1.09490287304, 28.244972229, 10.5927038193, 24.5191898346, 20.4262924194, 21.6467857361, 31.4664669037, 108.243766785]],
        "icov": [[0.000129227424623, -0.0002782564261, 0.000268578878604, -0.000374923227355, 0.000164792771102, -0.000423068413511, 9.92660206975e-05, -0.000261985871475, 0.000327211368131, -0.00025401104358, 0.000520570611116, -0.00039605126949, 0.000327286630636], [-0.0002782564261, 0.00193506386131, -0.00106150156353, 0.00156032445375, -0.00111364468466, 0.00143050448969, -0.000653771799989, 0.00123945798259, -0.00162059091963, 0.00241781398654, -0.00265733432025, 0.00236969976686, -0.000726961181499], [0.000268578878604, -0.00106150156353, 0.00132894341368, -0.00118722114712, 0.000549108430278, -0.000829398049973, 0.000130827582325, -0.000379614182748, 0.000544568756595, -0.000831282057334, 0.00195994484238, -0.00162303796969, 0.000733523862436], [-0.000374923227355, 0.00156032445375, -0.00118722114712, 0.00337829743512, -0.00170790869743, 0.000777802662924, -0.000229232464335, 0.00099032104481, -0.000995936919935, 0.00133800692856, -0.00207278062589, 0.00229609175585, -0.00146551034413], [0.000164792771102, -0.00111364468466, 0.000549108430278, -0.00170790869743, 0.00439700391144, -0.00172525504604, -2.32627953665e-05, -0.000803348608315, -0.000461947725853, -0.000353507173713, 0.000328214024194, -0.000393278547563, 0.000710701395292], [-0.000423068413511, 0.00143050448969, -0.000829398049973, 0.000777802662924, -0.00172525504604, 0.00668859481812, -0.00325081171468, 7.56630470278e-05, 0.000351604918251, 0.000505123578478, -0.00145600177348, -0.000158530732733, 0.00011496606021], [9.92660206975e-05, -0.000653771799989, 0.000130827582325, -0.000229232464335, -2.32627953665e-05, -0.00325081171468, 0.00770753528923, -0.00115385523532, 0.00011422989337, 0.000664324557874, -0.00249423226342, 0.00227905809879, -0.00207245978527], [-0.000261985871475, 0.00123945798259, -0.000379614182748, 0.00099032104481, -0.000803348608315, 7.56630470278e-05, -0.00115385523532, 0.00925123877823, -0.00425860239193, -0.000190310442122, -0.00048143780441, -0.00058344588615, 5.58253996132e-05], [0.000327211368131, -0.00162059091963, 0.000544568756595, -0.000995936919935, -0.000461947725853, 0.000351604918251, 0.00011422989337, -0.00425860239193, 0.0132366530597, -0.00462520727888, 1.00732258943e-05, 0.000797095126472, -0.00125533971004], [-0.00025401104358, 0.00241781398654, -0.000831282057334, 0.00133800692856, -0.000353507173713, 0.000505123578478, 0.000664324557874, -0.000190310442122, -0.00462520727888, 0.0161961782724, -0.00579567858949, 0.000568218238186, -0.00152899965178], [0.000520570611116, -0.00265733432025, 0.00195994484238, -0.00207278062589, 0.000328214024194, -0.00145600177348, -0.00249423226342, -0.00048143780441, 1.00732258943e-05, -0.00579567858949, 0.0160526111722, -0.00575438328087, 0.00134194060229], [-0.00039605126949, 0.00236969976686, -0.00162303796969, 0.00229609175585, -0.000393278547563, -0.000158530732733, 0.00227905809879, -0.00058344588615, 0.000797095126472, 0.000568218238186, -0.00575438328087, 0.0180298946798, -0.00578361004591], [0.000327286630636, -0.000726961181499, 0.000733523862436, -0.00146551034413, 0.000710701395292, 0.00011496606021, -0.00207245978527, 5.58253996132e-05, -0.00125533971004, -0.00152899965178, 0.00134194060229, -0.00578361004591, 0.0127062741667]]
    },
    "melbands": {
        "dmean": [0.0031802568119, 0.00230561639182, 0.00219407072291, 0.000558639119845, 0.000241801928496, 0.000100275727164, 7.04635531292e-05, 6.69160508551e-05, 6.53423121548e-05, 8.2922168076e-05, 4.01483157475e-05, 3.32039453497e-05, 4.07067891501e-05, 2.8998561902e-05, 3.06650072162e-05, 2.67450886895e-05, 2.39627970586e-05, 1.93172309082e-05, 1.88716912817e-05, 1.38953137139e-05, 1.35078034873e-05, 1.49999168571e-05, 1.38793739097e-05, 1.52966058522e-05, 8.67167000251e-06, 8.04726823844e-06, 8.59286956256e-06, 6.45065983917e-06, 4.64639379061e-06, 3.57798626283e-06, 2.03845024771e-06, 2.0477216367e-06, 1.75312788997e-06, 1.37685015034e-06, 9.54051529334e-07, 7.20504544915e-07, 5.8525284885e-07, 5.87609406466e-07, 3.67471926666e-07, 3.04286743358e-07],
        "dmean2": [0.00513329869136, 0.00351683562621, 0.0036508818157, 0.000963621889241, 0.00041320984019, 0.000164976067026, 0.000118731091789, 0.000111949913844, 0.000106385923573, 0.000136824746733, 6.71573143336e-05, 5.50067597942e-05, 6.64782783133e-05, 4.69807127956e-05, 4.9448270147e-05, 4.18976487708e-05, 3.97829680878e-05, 3.18716702168e-05, 3.18518286804e-05, 2.33696973737e-05, 2.26570573432e-05, 2.49710174103e-05, 2.26318061323e-05, 2.45834980888e-05, 1.4210203517e-05, 1.26318864204e-05, 1.36022481456e-05, 9.85731458059e-06, 7.31032287149e-06, 5.67416918784e-06, 3.13483769787e-06, 3.21561992678e-06, 2.74486274066e-06, 2.05026685762e-06, 1.41820328281e-06, 1.1359529708e-06, 9.29309919684e-07, 9.9849205526e-07, 5.88236900967e-07, 4.77480568861e-07],
        "dvar": [2.26108368224e-05, 2.56895636994e-05, 2.83860226773e-05, 2.63486504082e-06, 4.05741417353e-07, 5.54865628999e-08, 2.50973606342e-08, 2.28323919771e-08, 1.67354414771e-08, 4.02977349268e-08, 6.01454130944e-09, 5.47740119927e-09, 8.71093330801e-09, 3.9042555855e-09, 4.54158932683e-09, 3.50337980848e-09, 2.20764695413e-09, 1.39248912401e-09, 1.271298955e-09, 7.30954408112e-10, 8.29497470711e-10, 7.97448551637e-10, 7.01346258847e-10, 1.17908061092e-09, 3.30497434975e-10, 2.02503847024e-10, 2.44084363832e-10, 1.21469959091e-10, 7.04881361613e-11, 3.59755385204e-11, 1.41822378494e-11, 1.58529248756e-11, 1.02020458054e-11, 6.60945950748e-12, 3.71660081183e-12, 2.02191150107e-12, 1.18041383959e-12, 1.92361361215e-12, 4.46620740608e-13, 3.08753700775e-13],
        "dvar2": [5.89547016716e-05, 5.82613829465e-05, 7.27937440388e-05, 7.08578136255e-06, 1.11344934339e-06, 1.30720323455e-07, 6.73527082995e-08, 5.47726877187e-08, 4.07731732821e-08, 1.01693942156e-07, 1.49687551243e-08, 1.36164866049e-08, 2.16358149174e-08, 9.51480139122e-09, 1.07432205354e-08, 7.58726326211e-09, 5.35259969681e-09, 3.40845973668e-09, 3.32627347888e-09, 1.95960980776e-09, 2.23036189517e-09, 2.04512873303e-09, 1.6512664569e-09, 2.90392643265e-09, 8.50241377304e-10, 4.57433646517e-10, 5.84990333952e-10, 2.68010169613e-10, 1.68132438527e-10, 8.89063406229e-11, 3.09751634064e-11, 4.11429050551e-11, 2.36955143007e-11, 1.34984566927e-11, 8.27405852166e-12, 4.89717207758e-12, 3.12940754039e-12, 5.62107738827e-12, 1.06171159104e-12, 6.91138227378e-13],
        "max": [0.0615268535912, 0.0717768743634, 0.0608227550983, 0.0161229409277, 0.00793480221182, 0.00443190289661, 0.00194617651869, 0.00288045755588, 0.00228840159252, 0.00247608521022, 0.000940670899581, 0.000944654690102, 0.00225669681095, 0.0020076429937, 0.00218223547563, 0.00125015422236, 0.00107433064841, 0.00100564735476, 0.000506959331688, 0.000314152537612, 0.000511255988386, 0.000361757236533, 0.000449444109108, 0.000377752818167, 0.000209290810744, 0.000224564049859, 0.000304569199216, 0.000225219715503, 0.000188599689864, 0.000135450085509, 0.000102332094684, 7.97142347437e-05, 6.12939038547e-05, 5.40965666005e-05, 4.57120659121e-05, 2.47202497121e-05, 1.74106517079e-05, 2.20532801904e-05, 1.79907110578e-05, 3.42418788932e-05],
        "mean": [0.00556039251387, 0.0036591347307, 0.00239058071747, 0.000584441702813, 0.000259266438661, 0.000124385944218, 7.91900820332e-05, 7.85543743405e-05, 7.49566897866e-05, 8.21679350338e-05, 4.34077883256e-05, 3.66513195331e-05, 4.82191317133e-05, 3.64945954061e-05, 3.74459741579e-05, 3.50377231371e-05, 2.94220862997e-05, 2.38113680098e-05, 2.1028885385e-05, 1.52495094881e-05, 1.47929422383e-05, 1.68341794051e-05, 1.65627188835e-05, 1.85787102964e-05, 1.12810175779e-05, 1.28904102894e-05, 1.29091176859e-05, 1.00716879388e-05, 7.0890432653e-06, 5.2437726481e-06, 3.32165382133e-06, 3.15612783197e-06, 2.63686661128e-06, 2.18141940422e-06, 1.49293919094e-06, 1.1794168131e-06, 9.8022428574e-07, 9.13828955618e-07, 6.05530885878e-07, 5.09145593242e-07],
        "median": [0.00342215504497, 0.00149734597653, 0.000643663690425, 0.000134687463287, 7.99149274826e-05, 4.09990825574e-05, 2.65359358309e-05, 2.40921526711e-05, 2.24293053179e-05, 1.87520781765e-05, 1.18431344163e-05, 9.51964830165e-06, 8.95556240721e-06, 6.69872815706e-06, 9.31139220484e-06, 8.53938581713e-06, 7.33973001843e-06, 6.4242717599e-06, 5.2885579862e-06, 4.28828889198e-06, 3.71148621525e-06, 5.02877810504e-06, 4.06492745242e-06, 3.95072947867e-06, 2.92331264973e-06, 3.14369799526e-06, 3.49821243617e-06, 2.50998868978e-06, 2.20413585339e-06, 2.28139492719e-06, 7.64231003814e-07, 7.99979318344e-07, 5.86868793562e-07, 4.86222631935e-07, 3.78527005296e-07, 3.31583294155e-07, 2.33174588971e-07, 1.73894306954e-07, 1.64376388057e-07, 1.46133231738e-07],
        "min": [3.00889239457e-24, 2.05919241432e-24, 4.33224107574e-24, 4.27716477949e-24, 3.8670505888e-24, 3.03980252864e-24, 2.13833843451e-24, 2.5344769682e-24, 6.31265941779e-24, 5.03185420245e-24, 3.25252656312e-24, 4.49146476085e-24, 4.1966185312e-24, 6.58678069375e-24, 6.25642152386e-24, 4.61694768176e-24, 3.59542566318e-24, 3.60915420951e-24, 5.20929031928e-24, 4.90265890213e-24, 6.23187572236e-24, 8.80186464471e-24, 7.39798490082e-24, 7.62471693561e-24, 6.0616186342e-24, 5.19180166744e-24, 6.02692571488e-24, 8.81371491323e-24, 8.14422680677e-24, 7.72443053175e-24, 8.08314215144e-24, 6.29298364909e-24, 7.94638916921e-24, 8.5010104504e-24, 8.43231486505e-24, 7.68895782343e-24, 9.03715266489e-24, 7.04773539206e-24, 6.98054731991e-24, 1.15025835963e-23],
        "var": [4.59169095848e-05, 3.75500931113e-05, 2.46516410698e-05, 2.06746949516e-06, 3.3180566561e-07, 8.06706381695e-08, 2.52285712321e-08, 3.51068756288e-08, 2.06835863992e-08, 3.75125246421e-08, 6.7487904154e-09, 5.98762017745e-09, 1.18595631093e-08, 7.44043715528e-09, 8.4244158316e-09, 6.22801943351e-09, 3.52626927658e-09, 2.21530971345e-09, 1.38483491341e-09, 7.09303560331e-10, 7.85936482561e-10, 9.20443998798e-10, 1.01431296695e-09, 1.47016532281e-09, 4.16022410965e-10, 5.52868972825e-10, 4.94866092549e-10, 2.68339184206e-10, 1.33673738745e-10, 5.76861856894e-11, 3.1949092677e-11, 3.40073212646e-11, 1.88530198397e-11, 1.43722785409e-11, 6.89845836704e-12, 4.13080160355e-12, 3.37110157497e-12, 3.4669240135e-12, 1.12587500087e-12, 1.43476452507e-12]
    },
    "mfcc": {
        "mean": [-690.179260254, 106.878623962, 10.9461860657, 37.9896774292, 11.0981750488, 13.5142965317, 11.1681404114, 6.58684635162, 5.51622390747, 7.26004505157, 2.51157140732, 4.43735599518, -0.317205756903],
        "cov": [[14333.8056641, 142.986053467, -1222.90966797, 284.195800781, 27.9612941742, 501.526519775, 269.222259521, 461.793334961, -127.257415771, 148.232025146, 122.328842163, -217.960571289, 35.8199043274], [142.986053467, 1988.28967285, 366.089935303, 59.0819702148, 138.563964844, 46.5260124207, 96.8159637451, 69.7571640015, 12.0681085587, 35.9257545471, 59.7503242493, 29.5816402435, -4.2043337822], [-1222.90966797, 366.089935303, 1236.30529785, 255.575714111, 131.710296631, 76.7001495361, 6.62806129456, 0.665606975555, 48.923374176, -51.7491645813, -62.0182685852, 1.16771411896, 37.3185310364], [284.195800781, 59.0819702148, 255.575714111, 477.264770508, 183.031326294, 98.4350204468, 43.5855941772, 30.3181381226, 21.5353889465, 35.3634719849, -3.93325567245, -23.3868675232, 32.4256858826], [27.9612941742, 138.563964844, 131.710296631, 183.031326294, 293.057617188, 89.403213501, 43.6164741516, 52.8420372009, 33.2697906494, 27.8734931946, 28.2027397156, -0.297966301441, 14.1929149628], [501.526519775, 46.5260124207, 76.7001495361, 98.4350204468, 89.403213501, 251.790863037, 133.751403809, 71.1822052002, 14.3790159225, 17.9972953796, 10.3863105774, 2.93293023109, 21.5828838348], [269.222259521, 96.8159637451, 6.62806129456, 43.5855941772, 43.6164741516, 133.751403809, 223.206329346, 93.6576843262, 32.0067100525, 38.5256767273, 22.5917358398, 24.2468986511, 16.5294189453], [461.793334961, 69.7571640015, 0.665606975555, 30.3181381226, 52.8420372009, 71.1822052002, 93.6576843262, 146.46963501, 39.3911247253, 24.8640098572, 27.9574699402, 4.60080337524, 17.6575164795], [-127.257415771, 12.0681085587, 48.923374176, 21.5353889465, 33.2697906494, 14.3790159225, 32.0067100525, 39.3911247253, 118.695541382, 39.919052124, 3.6704518795, 21.2414741516, -0.0174492113292], [148.232025146, 35.9257545471, -51.7491645813, 35.3634719849, 27.8734931946, 17.9972953796, 38.5256767273, 24.8640098572, 39.919052124, 102.087623596, 45.4259567261, 10.5818023682, 6.728266716], [122.328842163, 59.7503242493, -62.0182685852, -3.93325567245, 28.2027397156, 10.3863105774, 22.5917358398, 27.9574699402, 3.6704518795, 45.4259567261, 103.742538452, 31.1147880554, 13.9944152832], [-217.960571289, 29.5816402435, 1.16771411896, -23.3868675232, -0.297966301441, 2.93293023109, 24.2468986511, 4.60080337524, 21.2414741516, 10.5818023682, 31.1147880554, 81.6750411987, 18.6538619995], [35.8199043274, -4.2043337822, 37.3185310364, 32.4256858826, 14.1929149628, 21.5828838348, 16.5294189453, 17.6575164795, -0.0174492113292, 6.728266716, 13.9944152832, 18.6538619995, 78.7395782471]],
