{
"lowlevel": {
    "average_loudness": 0.826474189758,
    "barkbands_crest": {
        "dmean": 3.47794818878,
        "dmean2": 5.60622501373,
        "dvar": 9.04943943024,
        "dvar2": 22.3682060242,
        "max": 25.553855896,
        "mean": 10.3980817795,
        "median": 9.29498291016,
        "min": 2.06785821915,
        "var": 27.2856254578
    },
    "barkbands_flatness_db": {
        "dmean": 0.0326103493571,
        "dmean2": 0.0495830625296,
        "dvar": 0.00123672594782,
        "dvar2": 0.00264453887939,
        "max": 0.434359759092,
        "mean": 0.104082919657,
        "median": 0.0913952812552,
        "min": 0.0129434615374,
        "var": 0.00311911804602
    },
    "barkbands_kurtosis": {
        "dmean": 7.96869564056,
        "dmean2": 13.0816230774,
        "dvar": 944.337524414,
        "dvar2": 2458.78955078,
        "max": 648.407897949,
        "mean": 5.79090499878,
        "median": 0.0253490209579,
        "min": -1.93320071697,
        "var": 724.360656738
    },
    "barkbands_skewness": {
        "dmean": 1.15357100964,
        "dmean2": 1.71137559414,
        "dvar": 2.19356036186,
        "dvar2": 4.91558742523,
        "max": 22.3514022827,
        "mean": 1.38456082344,
        "median": 1.05819499493,
        "min": -3.71293735504,
        "var": 4.24812364578
    },
    "barkbands_spread": {
        "dmean": 16.1164855957,
        "dmean2": 25.2760410309,
        "dvar": 240.513397217,
        "dvar2": 512.76361084,
        "max": 135.848770142,
        "mean": 46.9532165527,
        "median": 48.1199798584,
        "min": 0.403878986835,
        "var": 556.174621582
    },
    "dissonance": {
        "dmean": 0.00736240809783,
        "dmean2": 0.0123793669045,
        "dvar": 7.25175996195e-05,
        "dvar2": 0.000190233957255,
        "max": 0.500000119209,
        "mean": 0.489416182041,
        "median": 0.492289632559,
        "min": 0.36097022891,
        "var": 0.000104700440716
    },
    "dynamic_complexity": 3.27450084686,
    "erbbands_crest": {
        "dmean": 2.03945016861,
        "dmean2": 3.4199051857,
        "dvar": 5.28187894821,
        "dvar2": 13.5719451904,
        "max": 31.4097423553,
        "mean": 5.73843431473,
        "median": 4.90396118164,
        "min": 2.18869352341,
        "var": 7.47994089127
    },
    "erbbands_flatness_db": {
        "dmean": 0.0182032529265,
        "dmean2": 0.0292642526329,
        "dvar": 0.000351689261151,
        "dvar2": 0.000864080328029,
        "max": 0.373993813992,
        "mean": 0.109599925578,
        "median": 0.104251399636,
        "min": 0.0373687148094,
        "var": 0.000830534729175
    },
    "erbbands_kurtosis": {
        "dmean": 1.82464313507,
        "dmean2": 2.95025253296,
        "dvar": 7.44886255264,
        "dvar2": 18.7548866272,
        "max": 31.6046485901,
        "mean": 1.1198554039,
        "median": 0.332911252975,
        "min": -1.85156607628,
        "var": 8.20816707611
    },
    "erbbands_skewness": {
        "dmean": 0.484457582235,
        "dmean2": 0.746211469173,
        "dvar": 0.26762586832,
        "dvar2": 0.616566956043,
        "max": 4.04988241196,
        "mean": -0.909872531891,
        "median": -0.900463938713,
        "min": -4.27592182159,
        "var": 0.484896689653
    },
    "erbbands_spread": {
        "dmean": 16.9583911896,
        "dmean2": 26.8029441833,
        "dvar": 256.71685791,
        "dvar2": 607.061889648,
        "max": 160.40953064,
        "mean": 53.4740600586,
        "median": 51.0403785706,
        "min": 4.26515245438,
        "var": 532.849609375
    },
    "hfc": {
        "dmean": 26.6447486877,
        "dmean2": 43.7521324158,
        "dvar": 1265.63366699,
        "dvar2": 3224.69775391,
        "max": 233.638046265,
        "mean": 37.871673584,
        "median": 23.8557128906,
        "min": 1.09838520979e-16,
        "var": 1532.37548828
    },
    "melbands_crest": {
        "dmean": 4.64993429184,
        "dmean2": 7.43293571472,
        "dvar": 15.4724283218,
        "dvar2": 39.3660850525,
        "max": 37.5292015076,
        "mean": 17.1693191528,
        "median": 16.6089324951,
        "min": 1.84286689758,
        "var": 48.2899093628
    },
    "melbands_flatness_db": {
        "dmean": 0.0464946478605,
        "dmean2": 0.0693124756217,
        "dvar": 0.0019921392668,
        "dvar2": 0.00429224316031,
        "max": 0.544483304024,
        "mean": 0.157753378153,
        "median": 0.149025693536,
        "min": 0.0036583840847,
        "var": 0.00657342467457
    },
    "melbands_kurtosis": {
        "dmean": 27.8979969025,
        "dmean2": 44.704788208,
        "dvar": 7133.79296875,
        "dvar2": 18206.6230469,
        "max": 1568.53723145,
        "mean": 30.475774765,
        "median": 11.3284816742,
        "min": -1.90110337734,
        "var": 6092.17138672
    },
    "melbands_skewness": {
        "dmean": 1.77052164078,
        "dmean2": 2.68291687965,
        "dvar": 4.94425153732,
        "dvar2": 11.4549942017,
        "max": 29.6264286041,
        "mean": 3.93318367004,
        "median": 3.36505889893,
        "min": -2.07737588882,
        "var": 9.69461154938
    },
    "melbands_spread": {
        "dmean": 25.155462265,
        "dmean2": 40.1479568481,
        "dvar": 731.283081055,
        "dvar2": 1646.14562988,
        "max": 214.002319336,
        "mean": 48.156211853,
        "median": 35.8233261108,
        "min": 0.201114177704,
        "var": 1613.13012695
    },
    "pitch_salience": {
        "dmean": 0.101351231337,
        "dmean2": 0.161415398121,
        "dvar": 0.00827674008906,
        "dvar2": 0.0194196775556,
        "max": 0.953793942928,
        "mean": 0.553213238716,
        "median": 0.586474299431,
        "min": 0.0463980063796,
        "var": 0.0243986099958
    },
    "silence_rate_20dB": {
        "dmean": 0,
        "dmean2": 0,
        "dvar": 0,
        "dvar2": 0,
        "max": 1,
        "mean": 1,
        "median": 1,
        "min": 1,
        "var": 0
    },
    "silence_rate_30dB": {
        "dmean": 0.00128054642119,
        "dmean2": 0.00256136595272,
        "dvar": 0.00127901043743,
        "dvar2": 0.00276778545231,
        "max": 1,
        "mean": 0.997652590275,
        "median": 1,
        "min": 0,
        "var": 0.0023421049118
    },
    "silence_rate_60dB": {
        "dmean": 0.0309465378523,
        "dmean2": 0.0618996806443,
        "dvar": 0.0299895331264,
        "dvar2": 0.0725941583514,
        "max": 1,
        "mean": 0.0887750759721,
        "median": 0,
        "min": 0,
        "var": 0.0808868706226
    },
    "spectral_centroid": {
        "dmean": 585.36920166,
        "dmean2": 890.530822754,
        "dvar": 300162.15625,
        "dvar2": 621682.125,
        "max": 11361.1884766,
        "mean": 2603.1484375,
        "median": 2651.27685547,
        "min": 152.043136597,
        "var": 829218.6875
    },
    "spectral_complexity": {
        "dmean": 8.51435279846,
        "dmean2": 12.7660617828,
        "dvar": 72.2490997314,
        "dvar2": 145.51348877,
        "max": 59,
        "mean": 22.0626335144,
        "median": 22,
        "min": 0,
        "var": 218.393096924
    },
    "spectral_decrease": {
        "dmean": 2.57209831211e-09,
        "dmean2": 4.11267064848e-09,
        "dvar": 9.1599342328e-18,
        "dvar2": 2.20204478787e-17,
        "max": 3.70795199592e-29,
        "mean": -5.51875700694e-09,
        "median": -4.34423430562e-09,
        "min": -4.79258019936e-08,
        "var": 2.41018956889e-17
    },
    "spectral_energy": {
        "dmean": 0.0114464154467,
        "dmean2": 0.0184636134654,
        "dvar": 0.000166157231433,
        "dvar2": 0.000404156977311,
        "max": 0.181967899203,
        "mean": 0.0242642294616,
        "median": 0.0200081095099,
        "min": 1.01141586851e-20,
        "var": 0.000409870757721
    },
    "spectral_energyband_high": {
        "dmean": 0.00327618676238,
        "dmean2": 0.00543741602451,
        "dvar": 2.33295268117e-05,
        "dvar2": 6.06705762038e-05,
        "max": 0.0345235727727,
        "mean": 0.004203021992,
        "median": 0.00230236398056,
        "min": 7.30622624115e-21,
        "var": 2.44015172939e-05
    },
    "spectral_energyband_low": {
        "dmean": 0.00656807562336,
        "dmean2": 0.0101238228381,
        "dvar": 8.46080074552e-05,
        "dvar2": 0.000193123050849,
        "max": 0.175734803081,
        "mean": 0.0124512948096,
        "median": 0.00672212056816,
        "min": 2.19441319201e-23,
        "var": 0.00023885590781
    },
    "spectral_energyband_middle_high": {
        "dmean": 0.00201090774499,
        "dmean2": 0.00341808609664,
        "dvar": 7.69657162891e-06,
        "dvar2": 2.05180604098e-05,
        "max": 0.0215587560087,
        "mean": 0.00302448449656,
        "median": 0.00226936722174,
        "min": 1.12374717745e-21,
        "var": 8.50238848216e-06
    },
    "spectral_energyband_middle_low": {
        "dmean": 0.0042162174359,
        "dmean2": 0.0067702406086,
        "dvar": 6.17230398348e-05,
        "dvar2": 0.000151015352458,
        "max": 0.0949743762612,
        "mean": 0.00548839429393,
        "median": 0.00269697280601,
        "min": 1.93822341863e-22,
        "var": 7.25001591491e-05
    },
    "spectral_entropy": {
        "dmean": 0.147480979562,
        "dmean2": 0.234767213464,
        "dvar": 0.0230512171984,
        "dvar2": 0.0555094890296,
        "max": 9.81548023224,
        "mean": 8.17648983002,
        "median": 8.21656227112,
        "min": 5.5021777153,
        "var": 0.0580922663212
    },
    "spectral_flux": {
        "dmean": 0.0295782741159,
        "dmean2": 0.0466659665108,
        "dvar": 0.000958281976636,
        "dvar2": 0.00205986597575,
        "max": 0.285711526871,
        "mean": 0.0921741276979,
        "median": 0.0884772017598,
        "min": 6.37277591808e-11,
        "var": 0.00226058298722
    },
    "spectral_kurtosis": {
        "dmean": 0.67585760355,
        "dmean2": 1.11406457424,
        "dvar": 0.566406071186,
        "dvar2": 1.54705989361,
        "max": 15.4090557098,
        "mean": 2.02252984047,
        "median": 1.86534500122,
        "min": -1.23915600777,
        "var": 1.04910731316
    },
    "spectral_rms": {
        "dmean": 0.00111972237937,
        "dmean2": 0.00176290050149,
        "dvar": 1.16510864245e-06,
        "dvar2": 2.75169759334e-06,
        "max": 0.0133240250871,
        "mean": 0.00438492232934,
        "median": 0.00441815657541,
        "min": 3.14125331649e-12,
        "var": 4.44484248874e-06
    },
    "spectral_rolloff": {
        "dmean": 1649.17480469,
        "dmean2": 2653.74780273,
        "dvar": 2979027.75,
        "dvar2": 5981979.5,
        "max": 19573.6816406,
        "mean": 3659.37866211,
        "median": 3768.31054688,
        "min": 43.06640625,
        "var": 8474839
    },
    "spectral_skewness": {
        "dmean": 0.137625083327,
        "dmean2": 0.225799962878,
        "dvar": 0.0219381079078,
        "dvar2": 0.0589110888541,
        "max": 3.26286673546,
        "mean": 0.982273161411,
        "median": 0.967361271381,
        "min": -0.0439949557185,
        "var": 0.0516895763576
    },
    "spectral_spread": {
        "dmean": 744439,
        "dmean2": 1181598.5,
        "dvar": 654972420096,
        "dvar2": 1.50808100864e+12,
        "max": 41622032,
        "mean": 5795058.5,
        "median": 5672762.5,
        "min": 2375254.25,
        "var": 2.47364897997e+12
    },
    "spectral_strongpeak": {
        "dmean": 0.348363041878,
        "dmean2": 0.621042072773,
        "dvar": 0.886460721493,
        "dvar2": 2.52627587318,
        "max": 10.5636472702,
        "mean": 0.439350277185,
        "median": 0.253312885761,
        "min": 0,
        "var": 0.665164232254
    },
    "zerocrossingrate": {
        "dmean": 0.0284449495375,
        "dmean2": 0.033381242305,
        "dvar": 0.000575984362513,
        "dvar2": 0.000783640192822,
        "max": 0.74365234375,
        "mean": 0.114332266152,
        "median": 0.1064453125,
        "min": 0.0029296875,
        "var": 0.00455713970587
    },
    "barkbands": {
        "dmean": [0.000394368107663, 0.00496495794505, 0.00218766345643, 0.00202999543399, 0.00209785113111, 0.000557204824872, 0.000215192398173, 8.13952356111e-05, 0.000108730120701, 7.34664718038e-05, 7.75003281888e-05, 0.000107440311695, 0.000178621470695, 0.000240475885221, 0.000163493314176, 0.000155405228725, 0.000243421454797, 0.00025515948073, 0.000495283631608, 0.000851880817208, 0.00133399525657, 0.000481618655613, 0.000374346389435, 0.000366942404071, 0.000347978144418, 0.000165086079505, 2.07955472433e-05],
        "dmean2": [0.00066300254548, 0.00749193271622, 0.00347498920746, 0.00334283011034, 0.00356468022801, 0.000960765173659, 0.000369325920474, 0.000140338626807, 0.000186894831131, 0.000124636149849, 0.000130572458147, 0.000185373748536, 0.000302799860947, 0.000431566790212, 0.000280642358121, 0.000265602371655, 0.000413171539549, 0.000426691054599, 0.000867593160365, 0.00149404455442, 0.00235353270546, 0.000785469717812, 0.000604815431871, 0.000580787134822, 0.000570993637666, 0.000267363997409, 3.46429733327e-05],
        "dvar": [1.06895811314e-06, 6.53313691146e-05, 1.6632677216e-05, 1.77061956492e-05, 1.96017845155e-05, 1.40160386763e-06, 2.09005662555e-07, 2.96708311254e-08, 5.5431456758e-08, 3.27506342046e-08, 1.72769443196e-08, 2.91621908843e-08, 9.83832606494e-08, 3.32208372811e-07, 7.20845605429e-08, 7.55739080205e-08, 1.23685538256e-07, 1.1548653589e-07, 6.2858129013e-07, 1.84499776879e-06, 8.2844935605e-06, 3.71699712787e-07, 2.22361009605e-07, 2.0634983855e-07, 2.91171318167e-07, 6.88836792051e-08, 1.91591120746e-09],
        "dvar2": [2.79177902485e-06, 0.000142886041431, 4.05782775488e-05, 4.55708504887e-05, 5.19355489814e-05, 3.65802566193e-06, 5.65255731999e-07, 7.84764537798e-08, 1.53749510901e-07, 8.6544162059e-08, 4.27689315075e-08, 8.10873643786e-08, 2.64613106538e-07, 9.43134068621e-07, 1.97110850308e-07, 2.09870904655e-07, 3.25381421362e-07, 2.99264712567e-07, 1.71222768586e-06, 4.97450946568e-06, 2.28566550504e-05, 9.4456692068e-07, 5.55811993763e-07, 4.84370104914e-07, 7.35437367894e-07, 1.67172103716e-07, 4.88103690799e-09],
        "max": [0.0331401377916, 0.145355433226, 0.0480598881841, 0.0485281571746, 0.0571821555495, 0.0148422466591, 0.00847798492759, 0.00297688902356, 0.00302793714218, 0.00597320776433, 0.00414725206792, 0.00190810265485, 0.00428923778236, 0.00581662356853, 0.00462701078504, 0.00531509611756, 0.00361114554107, 0.0050285672769, 0.00604161713272, 0.0119498390704, 0.0225432477891, 0.00601811660454, 0.00443686218932, 0.00528000481427, 0.0045046438463, 0.00222406932153, 0.000665950938128],
        "mean": [0.000598464335781, 0.00818872265518, 0.00279882084578, 0.00220918888226, 0.00224923621863, 0.000555743172299, 0.000240287292399, 8.26684845379e-05, 0.000124364160001, 9.36536744121e-05, 0.000101642850495, 0.000138655916089, 0.000216082175029, 0.000231660509598, 0.000232819322264, 0.000237014581216, 0.000333800766384, 0.000407604384236, 0.000574213685468, 0.000894379219972, 0.00129090365954, 0.000724678102415, 0.000563010689802, 0.000557860999834, 0.000412304245401, 0.000187771714991, 1.86723045772e-05],
        "median": [8.47156916279e-05, 0.00307401572354, 0.00109568831977, 0.000650402042083, 0.000869760522619, 0.000198982772417, 0.00010535371257, 3.70679772459e-05, 5.44378999621e-05, 4.00784265366e-05, 5.40746332263e-05, 7.20923708286e-05, 0.000108368491055, 0.000106805717223, 0.000151207947056, 0.000168672326254, 0.00022977514891, 0.000306446600007, 0.000356742064469, 0.000490213744342, 0.000565372291021, 0.000427987833973, 0.000308265385684, 0.000279795145616, 0.000174320681253, 7.23701959942e-05, 3.14928752232e-06],
        "min": [1.03034463894e-24, 1.26739528993e-23, 4.18660709745e-24, 2.21863086681e-24, 1.91096552912e-23, 2.03172104327e-23, 1.71009850791e-23, 5.62795931207e-24, 3.08486044916e-23, 3.69617179936e-23, 1.75425042169e-23, 4.89682440799e-23, 2.81923078753e-23, 5.57359512055e-23, 1.09608852767e-22, 7.84851724774e-23, 1.22694124053e-22, 7.66857996853e-23, 1.85606563794e-22, 2.14639156839e-22, 2.40594599131e-22, 4.47006252273e-22, 5.1421699945e-22, 6.80336111421e-22, 1.02150434179e-21, 1.29133031429e-21, 2.05265676799e-21],
        "var": [2.46616036748e-06, 0.000164822791703, 2.10682574107e-05, 1.92964544112e-05, 1.77839865501e-05, 1.23448364775e-06, 1.84157215699e-07, 2.51354403957e-08, 5.38571285347e-08, 4.6475161497e-08, 3.0423681352e-08, 3.52588500618e-08, 9.7906891483e-08, 2.20270635509e-07, 8.86004229983e-08, 8.49164152328e-08, 1.39883837846e-07, 1.83069943205e-07, 5.17853266047e-07, 1.45684998643e-06, 5.57886642127e-06, 6.02942293426e-07, 3.99750803126e-07, 4.77542471344e-07, 3.21913205426e-07, 7.52601962972e-08, 1.72133163279e-09]
    },
    "erbbands": {
        "dmean": [0.166208088398, 1.06099796295, 2.24588775635, 4.43985366821, 7.55958461761, 7.38671588898, 6.02237939835, 4.22749328613, 3.33143925667, 2.37498688698, 1.75133395195, 2.34155726433, 2.53801012039, 2.71945214272, 3.22797012329, 4.26046562195, 7.60659885406, 9.23876953125, 10.8617401123, 8.39745903015, 8.94048404694, 13.9679813385, 13.0599746704, 20.4440479279, 29.3576831818, 40.0859603882, 63.2886772156, 38.8784446716, 19.1944885254, 12.668176651, 10.7077474594, 8.78348350525, 5.58112096786, 4.21725177765, 2.32543921471, 0.906298458576, 0.264209657907, 0.0511952899396, 0.00359939248301, 7.78883331805e-05],
        "dmean2": [0.255008488894, 1.58764135838, 3.43418431282, 7.21767187119, 12.7254829407, 12.693903923, 10.44556427, 7.36267995834, 5.81170940399, 4.04137420654, 3.00283074379, 4.02125310898, 4.33694171906, 4.55321264267, 5.54602766037, 7.33007287979, 12.8236074448, 16.2576961517, 19.0916881561, 14.2828207016, 15.1835832596, 23.8198356628, 21.5716514587, 35.0160369873, 51.9461402893, 70.5840759277, 113.137298584, 66.9102554321, 31.6121292114, 20.2067737579, 17.4466781616, 14.1047172546, 8.85466766357, 6.92485427856, 3.82946825027, 1.48185992241, 0.428232043982, 0.0826338008046, 0.00603285199031, 0.000127157210954],
        "dvar": [0.108278892934, 3.02072167397, 13.8784894943, 73.272026062, 274.41796875, 251.458648682, 201.153884888, 102.080787659, 73.0249633789, 18.3965206146, 15.8602724075, 24.5531024933, 32.3785247803, 43.8431091309, 28.3112125397, 43.5024719238, 167.223342896, 381.181274414, 405.424621582, 219.051712036, 206.281845093, 445.062561035, 314.627655029, 834.447692871, 2274.0144043, 4392.81445312, 22081.6074219, 4599.89355469, 637.464782715, 236.018066406, 190.128173828, 136.799423218, 47.6337356567, 36.5207443237, 14.7720775604, 1.97287511826, 0.194030076265, 0.00853198952973, 6.11213108641e-05, 1.72930896269e-08],
        "dvar2": [0.233471393585, 6.70391559601, 32.1462478638, 186.401260376, 717.444396973, 678.467529297, 554.034301758, 277.381134033, 202.567398071, 48.9017410278, 42.3321914673, 68.3906173706, 87.8403396606, 116.67527771, 75.7359085083, 121.074638367, 446.549316406, 1063.09753418, 1139.27307129, 585.97052002, 569.608154297, 1183.31066895, 745.95690918, 2221.91137695, 6189.08789062, 11936.2802734, 61856.8007812, 12234.6044922, 1632.05981445, 592.782104492, 493.232391357, 339.647674561, 111.533126831, 91.3557281494, 37.5944366455, 4.83647251129, 0.473835676908, 0.0211286451668, 0.000157644768478, 4.34889670942e-08],
        "max": [8.37059688568, 23.9785633087, 60.8411979675, 109.788520813, 208.327804565, 259.330718994, 172.114639282, 135.777099609, 164.401748657, 72.1250610352, 61.7741470337, 69.3432159424, 101.598464966, 291.528381348, 109.832633972, 69.8902587891, 165.392578125, 211.143295288, 190.102600098, 330.042663574, 274.983093262, 228.969558716, 294.7550354, 263.123138428, 328.77432251, 608.115966797, 1176.29711914, 511.762390137, 266.984771729, 153.081314087, 134.666763306, 160.425689697, 74.6923141479, 59.914024353, 35.1814346313, 11.155216217, 4.65750789642, 1.26887750626, 0.132062748075, 0.00198734132573],
        "mean": [0.265987634659, 1.71816253662, 3.22288370132, 5.39602518082, 8.17470836639, 7.69012260437, 5.57132482529, 4.25620555878, 3.42711114883, 2.80585360527, 1.88980698586, 2.64845848083, 3.21195173264, 3.79910326004, 4.1891708374, 5.75538444519, 9.54573249817, 10.1842041016, 12.8870992661, 12.5508861542, 14.0611114502, 19.4348869324, 21.6112957001, 26.4848155975, 33.1135635376, 41.9389533997, 56.7298278809, 42.0690612793, 27.4614753723, 19.9283542633, 15.7199640274, 13.0906352997, 8.18447113037, 5.23272562027, 2.58068919182, 1.00213873386, 0.297004759312, 0.0562790520489, 0.00328249437734, 9.95027803583e-05],
        "median": [0.0809011012316, 0.645933270454, 1.50046563148, 2.36146235466, 2.79648256302, 2.68569803238, 1.89025878906, 1.57291102409, 1.54877221584, 1.29003715515, 0.927999854088, 1.26013612747, 1.33658492565, 1.871530056, 2.40862369537, 3.25723910332, 4.83508682251, 5.56870079041, 7.50957012177, 8.7728805542, 10.4460783005, 13.415681839, 15.7148218155, 18.2124519348, 19.3994636536, 23.1052360535, 23.0762176514, 21.0477561951, 15.9501209259, 11.6482963562, 8.41201400757, 6.40951156616, 4.13274478912, 2.3440117836, 0.993946611881, 0.389540731907, 0.111984476447, 0.0183582119644, 0.000644205836579, 5.5149092077e-05],
        "min": [1.08551690801e-22, 3.20793041179e-21, 4.80748122779e-21, 1.09871080734e-20, 4.88842771698e-20, 7.21214640182e-20, 7.75201422966e-20, 2.03284805414e-19, 2.04576641811e-19, 2.68222541854e-19, 3.50380524286e-19, 9.47052318202e-19, 8.74566481124e-19, 9.64697011246e-19, 7.64743107062e-19, 2.35788391955e-18, 1.57099723919e-18, 2.91704974183e-18, 4.22808737895e-18, 4.98499196743e-18, 4.50942019068e-18, 6.54272319415e-18, 4.18677260249e-18, 7.5570360495e-18, 8.82617016435e-18, 1.01129281893e-17, 9.92572480901e-18, 1.35185085262e-17, 1.48163532529e-17, 1.62629597954e-17, 1.29342832673e-17, 1.43235107722e-17, 1.13176414781e-17, 1.04751712591e-17, 7.45630034014e-18, 4.50440747616e-18, 2.34138456146e-18, 1.07586522589e-18, 2.75029540362e-19, 3.25171064208e-20],
        "var": [0.268429905176, 6.79743480682, 23.2176990509, 79.1744232178, 275.905334473, 219.16104126, 144.125289917, 82.7107391357, 51.9092826843, 19.7975120544, 13.4000234604, 20.7637901306, 41.5714302063, 63.0271148682, 32.6962738037, 54.1302261353, 176.183837891, 286.221130371, 337.180786133, 248.693603516, 239.213592529, 488.242858887, 582.312316895, 849.147338867, 1830.44091797, 3370.91015625, 13849.1015625, 3737.17700195, 909.503845215, 472.698242188, 329.238494873, 285.903015137, 96.2144317627, 46.0794563293, 14.7192020416, 2.09482550621, 0.205745637417, 0.00884555559605, 5.18172819284e-05, 1.71418079731e-08]
    },
    "gfcc": {
        "mean": [-1.13884890079, 27.0223274231, -93.361038208, 68.185798645, -47.4256362915, 23.5203495026, -36.3737068176, 7.52146100998, -29.5915126801, 8.43360328674, -18.4716854095, 3.85152363777, -12.7065515518],
        "cov": [[21549.7011719, -862.296508789, -320.776245117, 1239.57043457, -429.918365479, 157.821380615, -553.390075684, 47.5717010498, -571.651184082, 79.4203567505, -363.015289307, -19.9793186188, -267.062744141], [-862.296508789, 1432.49230957, 58.7929267883, 40.7955245972, 146.129806519, 3.09071445465, 97.6245193481, -17.1696586609, 140.945510864, -54.6146507263, 42.3924064636, -0.12611977756, 64.885017395], [-320.776245117, 58.7929267883, 441.501373291, 117.066558838, 133.372955322, 28.2695846558, 47.9485588074, 20.2268638611, 30.6844654083, 12.854801178, 16.4908046722, 9.7569475174, 14.2825841904], [1239.57043457, 40.7955245972, 117.066558838, 359.678009033, 80.3712234497, 63.3787879944, 16.1916408539, 26.7696075439, -4.87007188797, -4.57603168488, -16.0389118195, -8.15026855469, -7.91090774536], [-429.918365479, 146.129806519, 133.372955322, 80.3712234497, 243.203613281, 79.0568008423, 75.672706604, 2.96908187866, 33.7685699463, -4.58288002014, 12.7781915665, 9.06514453888, 11.1294908524], [157.821380615, 3.09071445465, 28.2695846558, 63.3787879944, 79.0568008423, 146.891799927, 53.6114730835, 40.8409042358, 10.5455284119, 4.66095113754, 13.3134336472, -2.39594316483, 8.62722969055], [-553.390075684, 97.6245193481, 47.9485588074, 16.1916408539, 75.672706604, 53.6114730835, 173.279388428, 69.0165557861, 69.4177398682, 25.5172939301, 41.2484931946, 6.52603960037, 33.8779945374], [47.5717010498, -17.1696586609, 20.2268638611, 26.7696075439, 2.96908187866, 40.8409042358, 69.0165557861, 103.333106995, 46.4772453308, 34.1112251282, 23.1963558197, 9.75807952881, 19.3793258667], [-571.651184082, 140.945510864, 30.6844654083, -4.87007188797, 33.7685699463, 10.5455284119, 69.4177398682, 46.4772453308, 107.072654724, 42.2777671814, 41.3528060913, 16.3489894867, 26.6673774719], [79.4203567505, -54.6146507263, 12.854801178, -4.57603168488, -4.58288002014, 4.66095113754, 25.5172939301, 34.1112251282, 42.2777671814, 84.7005310059, 45.2621612549, 20.5381565094, 14.5414381027], [-363.015289307, 42.3924064636, 16.4908046722, -16.0389118195, 12.7781915665, 13.3134336472, 41.2484931946, 23.1963558197, 41.3528060913, 45.2621612549, 76.0045852661, 25.9441490173, 24.9900989532], [-19.9793186188, -0.12611977756, 9.7569475174, -8.15026855469, 9.06514453888, -2.39594316483, 6.52603960037, 9.75807952881, 16.3489894867, 20.5381565094, 25.9441490173, 51.0106887817, 24.4604530334], [-267.062744141, 64.885017395, 14.2825841904, -7.91090774536, 11.1294908524, 8.62722969055, 33.8779945374, 19.3793258667, 26.6673774719, 14.5414381027, 24.9900989532, 24.4604530334, 56.7125854492]],
        "icov": [[0.000106773091829, -7.92229911895e-05, 8.697026351e-05, -0.000371925183572, 0.000203671152121, -0.000159584946232, 0.000100489873148, -0.000202917435672, 0.000648607616313, -0.000684516387992, 0.00054957420798, -0.000418405194068, 0.000322093546856], [-7.92229911895e-05, 0.00112120853737, 4.1072962631e-05, 6.37844495941e-05, -0.000542997848243, 0.000388212269172, 1.63436325238e-05, 0.000799786590505, -0.0023934005294, 0.00220971135423, -0.00117564352695, 0.0010090097785, -0.00125115353148], [8.697026351e-05, 4.1072962631e-05, 0.00302099389955, -0.00104382506106, -0.00151495856699, 0.000695132359397, 0.000211383827263, -0.000630700029433, 0.000358120043529, -0.000624866341241, 7.6842488852e-06, -6.3516163209e-05, -0.000247226213105], [-0.000371925183572, 6.37844495941e-05, -0.00104382506106, 0.00480118580163, -0.00133895524777, -0.000469208578579, 9.31799877435e-05, -0.000514891871717, -0.00142172712367, 0.00180130463559, -0.000800272042397, 0.00151630840264, -0.000532067497261], [0.000203671152121, -0.000542997848243, -0.00151495856699, -0.00133895524777, 0.00813337508589, -0.00400720257312, -0.00281760073267, 0.00350609025918, -0.000198061738047, -0.000909469439648, 0.00227317609824, -0.00353379151784, 0.00212242710404], [-0.000159584946232, 0.000388212269172, 0.000695132359397, -0.000469208578579, -0.00400720257312, 0.0108553096652, -0.000714382913429, -0.00404995819554, 0.00120119436178, 0.00192514213268, -0.00317287258804, 0.00295592239127, -0.00142568268348], [0.000100489873148, 1.63436325238e-05, 0.000211383827263, 9.31799877435e-05, -0.00281760073267, -0.000714382913429, 0.0120218163356, -0.00595990661532, -0.00286610610783, 0.00129112799186, -0.0030208688695, 0.00358505896293, -0.00326741347089], [-0.000202917435672, 0.000799786590505, -0.000630700029433, -0.000514891871717, 0.00350609025918, -0.00404995819554, -0.00595990661532, 0.0192106645554, -0.006497355178, -0.00185783836059, 0.0016113743186, -0.000979059142992, -0.00161603162996], [0.000648607616313, -0.0023934005294, 0.000358120043529, -0.00142172712367, -0.000198061738047, 0.00120119436178, -0.00286610610783, -0.006497355178, 0.0244535692036, -0.0113716907799, 0.00146066397429, -0.00300036277622, 0.00136023841333], [-0.000684516387992, 0.00220971135423, -0.000624866341241, 0.00180130463559, -0.000909469439648, 0.00192514213268, 0.00129112799186, -0.00185783836059, -0.0113716907799, 0.0276678316295, -0.014516803436, 0.00116968119983, -0.00144847296178], [0.00054957420798, -0.00117564352695, 7.6842488852e-06, -0.000800272042397, 0.00227317609824, -0.00317287258804, -0.0030208688695, 0.0016113743186, 0.00146066397429, -0.014516803436, 0.0288202092052, -0.00944211427122, -0.000481711147586], [-0.000418405194068, 0.0010090097785, -6.3516163209e-05, 0.00151630840264, -0.00353379151784, 0.00295592239127, 0.00358505896293, -0.000979059142992, -0.00300036277622, 0.00116968119983, -0.00944211427122, 0.0316399559379, -0.0128353526816], [0.000322093546856, -0.00125115353148, -0.000247226213105, -0.000532067497261, 0.00212242710404, -0.00142568268348, -0.00326741347089, -0.00161603162996, 0.00136023841333, -0.00144847296178, -0.000481711147586, -0.0128353526816, 0.0283534377813]]
    },
    "melbands": {
        "dmean": [0.00141171657015, 0.00114871340338, 0.000863373104949, 0.000508205208462, 0.000234719103901, 9.55198920565e-05, 4.92107501486e-05, 2.3350072297e-05, 1.41594437082e-05, 1.57406757353e-05, 1.27940465973e-05, 1.09694592538e-05, 1.04794271465e-05, 1.16645824164e-05, 1.29075442601e-05, 1.96473301912e-05, 1.8463602828e-05, 2.05096421269e-05, 1.34592373797e-05, 1.07829237095e-05, 1.08966742118e-05, 1.55352208822e-05, 1.20524409795e-05, 1.2965152564e-05, 1.69434661075e-05, 2.2468086172e-05, 2.56838939094e-05, 2.44227194344e-05, 4.66825295007e-05, 2.47686621151e-05, 2.21774807869e-05, 1.16069031719e-05, 8.01359055913e-06, 7.05532875145e-06, 6.65243078402e-06, 5.7026545619e-06, 5.40407427252e-06, 4.09108906751e-06, 3.72712497665e-06, 3.68955238628e-06],
        "dmean2": [0.00214048451744, 0.00174052000511, 0.00137570407242, 0.00085591484094, 0.000407645507948, 0.000165631063282, 8.56043916428e-05, 3.98161791964e-05, 2.42651258304e-05, 2.70668133453e-05, 2.18606783164e-05, 1.83556458069e-05, 1.78812697413e-05, 2.02192222787e-05, 2.20567017095e-05, 3.33320094796e-05, 3.28908972733e-05, 3.65383421013e-05, 2.31654739764e-05, 1.83248394023e-05, 1.86051493074e-05, 2.67016657745e-05, 1.99158839678e-05, 2.19805442612e-05, 2.89204399451e-05, 4.01281868108e-05, 4.55239824078e-05, 4.26213591709e-05, 8.41504806885e-05, 4.31727457908e-05, 3.79853663617e-05, 1.93644063984e-05, 1.29810532599e-05, 1.13764681373e-05, 1.09633665488e-05, 9.2390437203e-06, 8.7388089014e-06, 6.49498133498e-06, 6.02451473242e-06, 6.14184045844e-06],
        "dvar": [6.0219263105e-06, 2.99171165352e-06, 2.65156450041e-06, 1.06545326162e-06, 3.22589073676e-07, 5.0004310026e-08, 1.45809462282e-08, 1.75295689075e-09, 1.03266284412e-09, 1.20812204685e-09, 8.37203695259e-10, 7.63595076059e-10, 2.94273411194e-10, 3.55443813271e-10, 4.10193184974e-10, 1.38331790467e-09, 1.75393244373e-09, 1.82888781897e-09, 5.33396993241e-10, 3.90697696417e-10, 2.81817957859e-10, 5.6218990574e-10, 2.8724844725e-10, 3.06551228846e-10, 5.59403467992e-10, 1.61800461917e-09, 2.07429051713e-09, 1.3963251666e-09, 1.30797372933e-08, 1.98210825531e-09, 1.48130474553e-09, 2.34399805121e-10, 1.04654077071e-10, 7.88540760466e-11, 8.15585446401e-11, 5.35884878139e-11, 5.4970424046e-11, 2.47034545597e-11, 2.4403926796e-11, 2.95772330239e-11],
        "dvar2": [1.30911676024e-05, 6.67534550303e-06, 6.56806969346e-06, 2.78956804323e-06, 8.97994254956e-07, 1.34425647502e-07, 4.04199447246e-08, 4.65673455352e-09, 2.75695311025e-09, 3.3744917971e-09, 2.26045804297e-09, 2.03488070838e-09, 7.6870537713e-10, 1.00182839802e-09, 1.10788589414e-09, 3.68870711753e-09, 4.93945195856e-09, 5.16638998249e-09, 1.44358713872e-09, 1.07725039999e-09, 7.72514219261e-10, 1.5013575938e-09, 6.90469459386e-10, 8.16795742153e-10, 1.48209489126e-09, 4.47984094265e-09, 5.71534553018e-09, 3.74365249911e-09, 3.67002321866e-08, 5.35369704124e-09, 3.92581833708e-09, 6.07446148937e-10, 2.6393648378e-10, 1.98663183126e-10, 2.17637283195e-10, 1.36347780288e-10, 1.35765065856e-10, 5.73916504598e-11, 6.14025913448e-11, 7.48591119648e-11],
        "max": [0.0522844009101, 0.0313455462456, 0.0200238432735, 0.0127801997587, 0.00823686923832, 0.00306658982299, 0.00232854834758, 0.000638647354208, 0.000502404698636, 0.000487485231133, 0.000575074227527, 0.00120049272664, 0.000423685880378, 0.000228270204389, 0.000250616052654, 0.000562038097996, 0.000409688072978, 0.000436305243056, 0.000403007201385, 0.000402665376896, 0.000309303723043, 0.000247116578976, 0.00029188071494, 0.000223624359933, 0.000235922736465, 0.000333755160682, 0.0004804720229, 0.000319292157656, 0.000930995738599, 0.000316641264362, 0.000354034767952, 0.00016983677051, 0.000127068225993, 9.61187470239e-05, 9.88447718555e-05, 9.30895985221e-05, 9.51153124333e-05, 5.11048419867e-05, 5.50888034923e-05, 5.07169606863e-05],
        "mean": [0.00237373961136, 0.00192296598107, 0.0010828821687, 0.000566634931602, 0.000226128671784, 9.61937257671e-05, 5.24636707269e-05, 2.74429112324e-05, 1.4817444935e-05, 1.78695045179e-05, 1.60494928423e-05, 1.49919724208e-05, 1.35211148518e-05, 1.46116017277e-05, 1.70361126948e-05, 2.29570432566e-05, 1.87208006537e-05, 2.15427789954e-05, 1.8692942831e-05, 1.58541006385e-05, 1.63592576428e-05, 2.02023984457e-05, 1.90786322491e-05, 1.93557934836e-05, 2.11906681216e-05, 2.37391559494e-05, 2.72123943432e-05, 2.59127191384e-05, 3.94046473957e-05, 2.56445218838e-05, 2.39385026362e-05, 1.57756458066e-05, 1.2598140529e-05, 1.04706214188e-05, 9.2983700597e-06, 8.22356014396e-06, 7.81845665188e-06, 5.81217636864e-06, 5.07293498231e-06, 4.24230256613e-06],
        "median": [0.000871993834153, 0.000945906795096, 0.000461555377115, 0.000220787565922, 8.08160984889e-05, 3.53701907443e-05, 2.41215475398e-05, 1.30576181618e-05, 6.78432388668e-06, 7.91111597209e-06, 6.32452520222e-06, 6.98717576597e-06, 7.72938983573e-06, 7.72429848439e-06, 8.69061932463e-06, 1.09942484414e-05, 9.43426130107e-06, 1.1207611351e-05, 1.1617967175e-05, 1.08367603389e-05, 1.20419008454e-05, 1.33040957735e-05, 1.30153293867e-05, 1.4125659618e-05, 1.39827161547e-05, 1.36720227601e-05, 1.41373111546e-05, 1.49312945723e-05, 1.42343706102e-05, 1.31326705741e-05, 1.14883941933e-05, 9.28669305722e-06, 7.24115125195e-06, 5.73482839172e-06, 4.86854787596e-06, 4.13608086092e-06, 3.67197299056e-06, 2.88995624942e-06, 2.42721171162e-06, 1.72906118223e-06],
        "min": [2.59096276167e-24, 3.46190661623e-24, 2.56330214289e-24, 4.49162647734e-24, 3.43582135268e-24, 4.76131435501e-24, 3.39540879737e-24, 2.57895432654e-24, 3.99641431092e-24, 5.48239317581e-24, 3.47288953218e-24, 3.93430176983e-24, 2.38353494209e-24, 4.63230167598e-24, 6.01601221869e-24, 2.96077010442e-24, 5.3838482771e-24, 5.36522208783e-24, 7.09761033394e-24, 6.65345166758e-24, 4.67328615545e-24, 5.9829711741e-24, 2.95637062715e-24, 4.93559029505e-24, 5.59500701433e-24, 6.64821284231e-24, 8.2223642683e-24, 5.83075572928e-24, 5.39450223805e-24, 5.96316682108e-24, 8.38954203791e-24, 6.37886851357e-24, 8.96721146817e-24, 6.99430347637e-24, 7.22378863573e-24, 7.36818252468e-24, 8.05720913804e-24, 7.03774289098e-24, 7.90356506611e-24, 7.99049911559e-24],
        "var": [1.57073973241e-05, 6.72164378557e-06, 3.23936251334e-06, 1.05641083792e-06, 2.29170169064e-07, 4.11850891169e-08, 1.08068292093e-08, 1.8298154103e-09, 8.73392747014e-10, 1.0743691492e-09, 1.09827569261e-09, 1.10346110027e-09, 3.7813630005e-10, 3.98478444685e-10, 5.60902324587e-10, 1.33053090767e-09, 1.23139687336e-09, 1.3260199605e-09, 6.57011833827e-10, 4.48557163635e-10, 3.2134525596e-10, 5.76661440821e-10, 5.10179010149e-10, 4.060476122e-10, 5.81618198048e-10, 1.16963372321e-09, 1.59819624201e-09, 1.14729004075e-09, 8.09335531926e-09, 1.47472645207e-09, 1.27258314997e-09, 3.02674718622e-10, 2.14304712864e-10, 1.40042935581e-10, 1.2403104932e-10, 1.02511735212e-10, 1.07969709562e-10, 4.85985210408e-11, 4.12513113945e-11, 3.3456445947e-11]
    },
    "mfcc": {
        "mean": [-638.965148926, 51.7329406738, 17.0959358215, 44.8172531128, 16.1142139435, 20.4167575836, 8.71903800964, 2.97662043571, 0.601289749146, 0.863676548004, -1.58342707157, 1.27313423157, -2.04308176041],
        "cov": [[11137.2714844, -791.618713379, 279.131958008, 451.670257568, 154.116821289, 48.4657096863, 25.7892532349, -171.697463989, -143.012466431, -138.787246704, -111.445075989, -77.3031845093, -122.62084198], [-791.618713379, 1182.8269043, 34.1789894104, 95.8964538574, 61.2174072266, 84.9785461426, -14.020070076, 79.7552185059, 48.9706268311, 31.1912517548, 14.6753482819, 16.4669075012, 27.7601509094], [279.131958008, 34.1789894104, 292.743927002, 126.606018066, 70.0243835449, 29.81914711, 27.0888404846, 21.0965652466, 14.5785236359, 29.5027503967, 2.93492150307, 7.42782831192, 11.4302425385], [451.670257568, 95.8964538574, 126.606018066, 277.444396973, 95.4136352539, 70.103767395, 28.068605423, 37.1603279114, 27.788690567, 15.0726547241, 7.45905399323, 15.9625310898, 0.593590438366], [154.116821289, 61.2174072266, 70.0243835449, 95.4136352539, 183.296920776, 94.837600708, 41.4028778076, 32.821182251, 13.365073204, -9.85255050659, 5.03132820129, 4.06638908386, -6.57455968857], [48.4657096863, 84.9785461426, 29.81914711, 70.103767395, 94.837600708, 128.793609619, 59.4767379761, 41.1987686157, 26.5233268738, 5.98677062988, 13.952922821, 17.0327587128, -2.93642354012], [25.7892532349, -14.020070076, 27.0888404846, 28.068605423, 41.4028778076, 59.4767379761, 120.53805542, 50.6493225098, 38.1979370117, 31.7140750885, 14.1909265518, 19.4581241608, 6.85623216629], [-171.697463989, 79.7552185059, 21.0965652466, 37.1603279114, 32.821182251, 41.1987686157, 50.6493225098, 91.9078063965, 50.0396232605, 25.9663581848, 14.6249771118, 8.83367061615, 8.6033411026], [-143.012466431, 48.9706268311, 14.5785236359, 27.788690567, 13.365073204, 26.5233268738, 38.1979370117, 50.0396232605, 79.1873168945, 41.844329834, 19.554485321, 19.0096244812, 12.6623973846], [-138.787246704, 31.1912517548, 29.5027503967, 15.0726547241, -9.85255050659, 5.98677062988, 31.7140750885, 25.9663581848, 41.844329834, 76.8491668701, 31.3895797729, 22.4247779846, 25.4746284485], [-111.445075989, 14.6753482819, 2.93492150307, 7.45905399323, 5.03132820129, 13.952922821, 14.1909265518, 14.6249771118, 19.554485321, 31.3895797729, 56.2290496826, 32.8863754272, 22.1122512817], [-77.3031845093, 16.4669075012, 7.42782831192, 15.9625310898, 4.06638908386, 17.0327587128, 19.4581241608, 8.83367061615, 19.0096244812, 22.4247779846, 32.8863754272, 56.3780479431, 27.2354774475], [-122.62084198, 27.7601509094, 11.4302425385, 0.593590438366, -6.57455968857, -2.93642354012, 6.85623216629, 8.6033411026, 12.6623973846, 25.4746284485, 22.1122512817, 27.2354774475, 53.6556053162]],
