{
"lowlevel": {
    "average_loudness": 0.494578242302,
    "barkbands_crest": {
        "dmean": 3.03762173653,
        "dmean2": 4.76642656326,
        "dvar": 8.73782348633,
        "dvar2": 20.141872406,
        "max": 26.8780479431,
        "mean": 14.4429531097,
        "median": 13.6496257782,
        "min": 2.16623020172,
        "var": 38.2419395447
    },
    "barkbands_flatness_db": {
        "dmean": 0.0381822474301,
        "dmean2": 0.0543873347342,
        "dvar": 0.0019771780353,
        "dvar2": 0.00400659348816,
        "max": 0.868735611439,
        "mean": 0.207331582904,
        "median": 0.174808710814,
        "min": 0.0155685255304,
        "var": 0.0158372819424
    },
    "barkbands_kurtosis": {
        "dmean": 21.4774608612,
        "dmean2": 32.6147689819,
        "dvar": 29457.9960938,
        "dvar2": 86626.640625,
        "max": 15762.4335938,
        "mean": 33.7185821533,
        "median": 8.62232398987,
        "min": -1.91341042519,
        "var": 19648.0585938
    },
    "barkbands_skewness": {
        "dmean": 1.18381726742,
        "dmean2": 1.70665371418,
        "dvar": 2.96969103813,
        "dvar2": 6.78338098526,
        "max": 71.7233810425,
        "mean": 3.58320975304,
        "median": 2.6854352951,
        "min": -2.65457463264,
        "var": 10.4488201141
    },
    "barkbands_spread": {
        "dmean": 5.85919809341,
        "dmean2": 9.14248371124,
        "dvar": 75.3434753418,
        "dvar2": 183.795928955,
        "max": 146.306472778,
        "mean": 17.0369529724,
        "median": 11.7107715607,
        "min": 0.00778410956264,
        "var": 298.416168213
    },
    "dissonance": {
        "dmean": 0.015064693056,
        "dmean2": 0.0250884015113,
        "dvar": 0.000342185026966,
        "dvar2": 0.000882590364199,
        "max": 0.500000178814,
        "mean": 0.472284853458,
        "median": 0.48181450367,
        "min": 0.179396882653,
        "var": 0.000962399761193
    },
    "dynamic_complexity": 4.86066102982,
    "erbbands_crest": {
        "dmean": 2.22495651245,
        "dmean2": 3.58108091354,
        "dvar": 5.51333379745,
        "dvar2": 13.0580844879,
        "max": 30.1242027283,
        "mean": 7.69794178009,
        "median": 6.22756767273,
        "min": 2.12827253342,
        "var": 19.3091526031
    },
    "erbbands_flatness_db": {
        "dmean": 0.0183410737664,
        "dmean2": 0.0269013717771,
        "dvar": 0.000596265192144,
        "dvar2": 0.0011601371225,
        "max": 0.49167355895,
        "mean": 0.150045797229,
        "median": 0.131811738014,
        "min": 0.0247727967799,
        "var": 0.00393146462739
    },
    "erbbands_kurtosis": {
        "dmean": 1.65043246746,
        "dmean2": 2.72090291977,
        "dvar": 61.1450500488,
        "dvar2": 205.754745483,
        "max": 565.759155273,
        "mean": 2.2772154808,
        "median": -0.43568444252,
        "min": -1.94646584988,
        "var": 510.027557373
    },
    "erbbands_skewness": {
        "dmean": 0.416428208351,
        "dmean2": 0.628521740437,
        "dvar": 0.25747820735,
        "dvar2": 0.550175011158,
        "max": 16.4851512909,
        "mean": 0.306568682194,
        "median": 0.013476382941,
        "min": -5.05356168747,
        "var": 1.89440083504
    },
    "erbbands_spread": {
        "dmean": 9.92415428162,
        "dmean2": 15.1723461151,
        "dvar": 116.413978577,
        "dvar2": 249.012542725,
        "max": 175.187240601,
        "mean": 47.5351104736,
        "median": 46.3278503418,
        "min": 0.52034932375,
        "var": 476.077453613
    },
    "hfc": {
        "dmean": 4.52281141281,
        "dmean2": 6.29192018509,
        "dvar": 91.0952301025,
        "dvar2": 172.976287842,
        "max": 176.944839478,
        "mean": 11.4326305389,
        "median": 6.15106678009,
        "min": 1.06327423829e-16,
        "var": 276.2472229
    },
    "melbands_crest": {
        "dmean": 3.89421081543,
        "dmean2": 6.22267961502,
        "dvar": 13.5150165558,
        "dvar2": 32.8644981384,
        "max": 39.1458015442,
        "mean": 20.7428417206,
        "median": 20.2062644958,
        "min": 1.62983417511,
        "var": 52.8517379761
    },
    "melbands_flatness_db": {
        "dmean": 0.0448396168649,
        "dmean2": 0.0639766380191,
        "dvar": 0.00262810220011,
        "dvar2": 0.00540040386841,
        "max": 1,
        "mean": 0.295223742723,
        "median": 0.261814653873,
        "min": 0.00322356913239,
        "var": 0.0223177354783
    },
    "melbands_kurtosis": {
        "dmean": 29.8377075195,
        "dmean2": 44.0952720642,
        "dvar": 3642.45800781,
        "dvar2": 7781.18408203,
        "max": 2933.97973633,
        "mean": 61.2268371582,
        "median": 26.5537643433,
        "min": -1.91746306419,
        "var": 9491.05761719
    },
    "melbands_skewness": {
        "dmean": 1.41866219044,
        "dmean2": 2.10292220116,
        "dvar": 2.79105830193,
        "dvar2": 5.88743114471,
        "max": 37.9543113708,
        "mean": 5.25554513931,
        "median": 4.31844043732,
        "min": -1.47150599957,
        "var": 11.6978054047
    },
    "melbands_spread": {
        "dmean": 6.10931491852,
        "dmean2": 9.78419685364,
        "dvar": 115.301887512,
        "dvar2": 303.168243408,
        "max": 209.911010742,
        "mean": 14.1780796051,
        "median": 7.88159322739,
        "min": 0.0661558061838,
        "var": 302.509246826
    },
    "pitch_salience": {
        "dmean": 0.0899570137262,
        "dmean2": 0.139438405633,
        "dvar": 0.00780022330582,
        "dvar2": 0.0172456614673,
        "max": 0.937340974808,
        "mean": 0.446334123611,
        "median": 0.487153887749,
        "min": 0.00968176685274,
        "var": 0.0339841321111
    },
    "silence_rate_20dB": {
        "dmean": 0.0171045754105,
        "dmean2": 0.0342107750475,
        "dvar": 0.0168132390827,
        "dvar2": 0.0374100394547,
        "max": 1,
        "mean": 0.981660962105,
        "median": 1,
        "min": 0,
        "var": 0.0180022474378
    },
    "silence_rate_30dB": {
        "dmean": 0.0526440814137,
        "dmean2": 0.105293169618,
        "dvar": 0.0498721972108,
        "dvar2": 0.103145100176,
        "max": 1,
        "mean": 0.882649183273,
        "median": 1,
        "min": 0,
        "var": 0.103582844138
    },
    "silence_rate_60dB": {
        "dmean": 0.0267021432519,
        "dmean2": 0.0534068234265,
        "dvar": 0.0259832814336,
        "dvar2": 0.0580501817167,
        "max": 1,
        "mean": 0.140535920858,
        "median": 0,
        "min": 0,
        "var": 0.120806753635
    },
    "spectral_centroid": {
        "dmean": 287.346679688,
        "dmean2": 435.359405518,
        "dvar": 120382.328125,
        "dvar2": 252184.03125,
        "max": 11612.8867188,
        "mean": 1217.69458008,
        "median": 1084.83581543,
        "min": 53.0493469238,
        "var": 790736.1875
    },
    "spectral_complexity": {
        "dmean": 3.79702568054,
        "dmean2": 5.70569229126,
        "dvar": 25.9405288696,
        "dvar2": 51.7788047791,
        "max": 64,
        "mean": 13.4752941132,
        "median": 10,
        "min": 0,
        "var": 137.670379639
    },
    "spectral_decrease": {
        "dmean": 5.31753752142e-09,
        "dmean2": 7.11479319904e-09,
        "dvar": 1.11646803973e-16,
        "dvar2": 2.12870642536e-16,
        "max": 2.41694217259e-28,
        "mean": -1.23246577388e-08,
        "median": -4.71546179881e-09,
        "min": -1.87732879908e-07,
        "var": 3.90866662233e-16
    },
    "spectral_energy": {
        "dmean": 0.0203411113471,
        "dmean2": 0.0271906256676,
        "dvar": 0.00162003596779,
        "dvar2": 0.00308437296189,
        "max": 0.71956050396,
        "mean": 0.0475531183183,
        "median": 0.0185178797692,
        "min": 9.94230221934e-21,
        "var": 0.00572098838165
    },
    "spectral_energyband_high": {
        "dmean": 0.00023502233671,
        "dmean2": 0.000335716234986,
        "dvar": 4.62873032347e-07,
        "dvar2": 9.28901215502e-07,
        "max": 0.0161234159023,
        "mean": 0.000470153056085,
        "median": 0.000151681568241,
        "min": 7.03230909716e-21,
        "var": 1.06474476524e-06
    },
    "spectral_energyband_low": {
        "dmean": 0.0187892448157,
        "dmean2": 0.0250368993729,
        "dvar": 0.00156501471065,
        "dvar2": 0.00285078515299,
        "max": 0.690658271313,
        "mean": 0.0390317589045,
        "median": 0.0116566745564,
        "min": 2.61487416123e-23,
        "var": 0.00498367380351
    },
    "spectral_energyband_middle_high": {
        "dmean": 0.000968735665083,
        "dmean2": 0.00149372813758,
        "dvar": 4.20596870754e-06,
        "dvar2": 9.72409270616e-06,
        "max": 0.0335998870432,
        "mean": 0.00199561449699,
        "median": 0.00105913414154,
        "min": 1.198125275e-21,
        "var": 8.92161733645e-06
    },
    "spectral_energyband_middle_low": {
        "dmean": 0.00560675328597,
        "dmean2": 0.00899105332792,
        "dvar": 0.000315881246934,
        "dvar2": 0.00078260875307,
        "max": 0.403280556202,
        "mean": 0.00800899695605,
        "median": 0.00317705841735,
        "min": 2.04686673089e-22,
        "var": 0.000303032720694
    },
    "spectral_entropy": {
        "dmean": 0.223058179021,
        "dmean2": 0.325527071953,
        "dvar": 0.100163847208,
        "dvar2": 0.199516415596,
        "max": 9.82237529755,
        "mean": 7.40050029755,
        "median": 7.68426656723,
        "min": 3.00176429749,
        "var": 0.719012022018
    },
    "spectral_flux": {
        "dmean": 0.0349985547364,
        "dmean2": 0.0523908659816,
        "dvar": 0.0024462393485,
        "dvar2": 0.00498068332672,
        "max": 0.693027257919,
        "mean": 0.0900273546576,
        "median": 0.0593611523509,
        "min": 6.35381400271e-11,
        "var": 0.00859052035958
    },
    "spectral_kurtosis": {
        "dmean": 4.31554937363,
        "dmean2": 6.99259138107,
        "dvar": 191.116760254,
        "dvar2": 420.387329102,
        "max": 397.437438965,
        "mean": 8.97499847412,
        "median": 3.30452418327,
        "min": -1.26929450035,
        "var": 500.119628906
    },
    "spectral_rms": {
        "dmean": 0.00120842189062,
        "dmean2": 0.0016169132432,
        "dvar": 2.72869488072e-06,
        "dvar2": 4.69433916805e-06,
        "max": 0.026495475322,
        "mean": 0.00543567491695,
        "median": 0.00425043795258,
        "min": 3.11445118827e-12,
        "var": 1.6846561266e-05
    },
    "spectral_rolloff": {
        "dmean": 427.527191162,
        "dmean2": 726.071655273,
        "dvar": 1157955.875,
        "dvar2": 3112396.75,
        "max": 19982.8125,
        "mean": 869.724243164,
        "median": 236.865234375,
        "min": 21.533203125,
        "var": 2920829
    },
    "spectral_skewness": {
        "dmean": 0.376082360744,
        "dmean2": 0.590744018555,
        "dvar": 0.536715328693,
        "dvar2": 1.14460897446,
        "max": 16.7505607605,
        "mean": 1.76291453838,
        "median": 1.31616520882,
        "min": -0.0460016652942,
        "var": 2.17073631287
    },
    "spectral_spread": {
        "dmean": 495359.84375,
        "dmean2": 734646.9375,
        "dvar": 552736063488,
        "dvar2": 1.10759038157e+12,
        "max": 42373584,
        "mean": 4105026.5,
        "median": 4067360.5,
        "min": 184634.859375,
        "var": 4.08941336986e+12
    },
    "spectral_strongpeak": {
        "dmean": 0.190999135375,
        "dmean2": 0.298054128885,
        "dvar": 0.0795659199357,
        "dvar2": 0.185808196664,
        "max": 4.86360502243,
        "mean": 0.414818763733,
        "median": 0.283126980066,
        "min": 0,
        "var": 0.182641729712
    },
    "zerocrossingrate": {
        "dmean": 0.00958441291004,
        "dmean2": 0.0116502847522,
        "dvar": 0.000292644399451,
        "dvar2": 0.000470805360237,
        "max": 0.82177734375,
        "mean": 0.0407556183636,
        "median": 0.029296875,
        "min": 0.0009765625,
        "var": 0.00306300772354
    },
    "barkbands": {
        "dmean": [0.000723700039089, 0.0153242219239, 0.00787927024066, 0.0036826049909, 0.00233043753542, 0.000460683833808, 0.000274043995887, 0.000194392487174, 0.000166544370586, 0.000151396612637, 0.000108640051621, 0.000132640721858, 0.000189490092453, 0.000123780380818, 0.000144194797031, 0.000141000695294, 0.000138786825119, 0.000103923608549, 0.000110558299639, 8.72242453624e-05, 7.65498698456e-05, 5.17782791576e-05, 3.8311805838e-05, 2.60045690084e-05, 2.32530765061e-05, 9.20303045859e-06, 2.11192559618e-06],
        "dmean2": [0.00112703128252, 0.0212106388062, 0.0123709132895, 0.00629744725302, 0.00394875230268, 0.000743050943129, 0.000450784398708, 0.000325179164065, 0.000276396342088, 0.000248931348324, 0.000181583600352, 0.000222471047891, 0.000315718149068, 0.00020715984283, 0.000235176383285, 0.000232487072935, 0.00023174569651, 0.000169758190168, 0.000181892202818, 0.000141420343425, 0.000116730581794, 7.704555901e-05, 5.73339602852e-05, 3.97945186705e-05, 3.2475880289e-05, 1.43118668348e-05, 3.65713594874e-06],
        "dvar": [2.28058547691e-06, 0.00124745746143, 0.000810786557849, 0.00021548429504, 5.53005629627e-05, 1.07796824977e-06, 4.17721565782e-07, 2.12786190446e-07, 1.34577973654e-07, 9.26534511336e-08, 5.31822728078e-08, 8.20136705215e-08, 1.98060504886e-07, 7.3738725348e-08, 1.01861296287e-07, 1.14357966652e-07, 1.29997459908e-07, 5.12859088531e-08, 6.7278911331e-08, 4.60763693866e-08, 3.74042379292e-08, 2.36960566724e-08, 1.47907304182e-08, 8.853558775e-09, 3.14268895352e-08, 1.59375257436e-09, 2.26325624908e-10],
        "dvar2": [5.67404140384e-06, 0.00239846948534, 0.00188535242341, 0.00058693200117, 0.000152782900841, 2.55247300629e-06, 1.08322649339e-06, 5.38074232281e-07, 3.48079254309e-07, 2.33384028547e-07, 1.4192379183e-07, 2.18913868366e-07, 5.08177890879e-07, 1.92086901052e-07, 2.48747653586e-07, 2.82353028069e-07, 3.37126749628e-07, 1.26750009599e-07, 1.70462968185e-07, 1.10366634942e-07, 7.90233443126e-08, 4.83288076225e-08, 3.32318883522e-08, 2.09448138833e-08, 6.90098005407e-08, 4.00328570294e-09, 6.31896868164e-10],
        "max": [0.0330161228776, 0.597672581673, 0.433478236198, 0.352329432964, 0.164747774601, 0.0197343174368, 0.0109687699005, 0.0109524969012, 0.0078676296398, 0.00585977965966, 0.00377999478951, 0.00484128389508, 0.00911179743707, 0.00542516587302, 0.0077567412518, 0.00620038295165, 0.00926881283522, 0.00406080903485, 0.00468477001414, 0.00564989121631, 0.00502617377788, 0.006043353118, 0.00312933535315, 0.00220557884313, 0.0119266202673, 0.000617089739535, 0.000326830515405],
        "mean": [0.00127773860004, 0.027237072587, 0.00859066937119, 0.00357475155033, 0.00282512558624, 0.000690618006047, 0.00038016308099, 0.000243219750701, 0.000245741481194, 0.000220280184294, 0.000142746968777, 0.000186149598449, 0.000264185917331, 0.000172791944351, 0.000214083280298, 0.000194839769392, 0.000204926996958, 0.000168143378687, 0.000180573348189, 0.000147034588736, 0.000140134274261, 9.62236226769e-05, 7.12582841516e-05, 4.12366098317e-05, 3.12697338813e-05, 1.03816537376e-05, 1.71338274413e-06],
        "median": [0.000323693966493, 0.00568563351408, 0.00154339335859, 0.000674217008054, 0.000823898473755, 0.000265925860731, 0.000146792881424, 6.87354113325e-05, 7.58045935072e-05, 7.98502733232e-05, 4.99289453728e-05, 7.37868977012e-05, 8.71665542945e-05, 6.43747771392e-05, 7.78307876317e-05, 6.43195890007e-05, 7.04686754034e-05, 6.28104899079e-05, 6.69177243253e-05, 4.65797202196e-05, 4.48325736215e-05, 2.5287092285e-05, 2.11648730328e-05, 1.06133120426e-05, 4.24049721914e-06, 1.37521737997e-06, 3.29306573121e-08],
        "min": [8.57663775653e-25, 9.52715677161e-24, 1.95571792381e-24, 2.95667670518e-24, 9.08705048373e-24, 1.0828914527e-23, 1.07478109485e-23, 1.74892876602e-23, 3.38073693116e-23, 2.47071330179e-23, 2.72615308933e-23, 3.86365391151e-23, 4.50699175228e-23, 4.53977239388e-23, 7.0849718356e-23, 6.36548903818e-23, 8.96238632156e-23, 1.08841209064e-22, 1.02030398579e-22, 1.93825913825e-22, 2.82354396342e-22, 3.99416659377e-22, 4.20988281711e-22, 6.6092165132e-22, 9.1692910317e-22, 1.32764326045e-21, 1.92816103709e-21],
        "var": [4.93677316626e-06, 0.00290081161074, 0.000829912663903, 0.000151830594405, 4.42839445896e-05, 1.69446695963e-06, 4.76766217616e-07, 2.918931159e-07, 2.0575578219e-07, 1.47490595737e-07, 6.47695870271e-08, 1.06371835784e-07, 2.87466519922e-07, 1.01716494783e-07, 1.66176263861e-07, 1.50154448875e-07, 1.70416925016e-07, 8.91821514415e-08, 1.08976834667e-07, 7.78025750492e-08, 8.17997189984e-08, 5.5675798194e-08, 3.24376152605e-08, 1.38976608e-08, 3.64935246466e-08, 1.58424295904e-09, 1.47772391546e-10]
    },
    "erbbands": {
        "dmean": [0.484490215778, 3.53437948227, 8.42171287537, 10.5871191025, 9.87138366699, 7.3953537941, 3.76058387756, 4.06249904633, 4.3379201889, 3.46751832962, 4.06000471115, 3.95386219025, 3.64781427383, 4.82012844086, 4.83495664597, 5.50262355804, 8.85634040833, 6.52071094513, 6.88852977753, 7.63792848587, 7.4785284996, 7.25505208969, 5.36979532242, 6.02292633057, 5.17987918854, 4.1170873642, 3.39902257919, 2.75132155418, 1.94699883461, 1.58623075485, 0.992026150227, 0.58081227541, 0.421099245548, 0.278404563665, 0.165519878268, 0.0425235927105, 0.0169476587325, 0.00443056505173, 0.000337263918482, 2.59556181845e-05],
        "dmean2": [0.673872351646, 4.83595943451, 12.5226173401, 16.9205417633, 16.6683864594, 12.4994421005, 6.30596446991, 6.49471092224, 7.17580032349, 5.6918296814, 6.84890985489, 6.50163936615, 6.08748435974, 7.84789943695, 8.12959671021, 9.13527202606, 14.7781143188, 10.7758455276, 11.2923908234, 12.624920845, 12.2660474777, 12.0635900497, 8.6153793335, 9.88376712799, 8.38355636597, 6.64560651779, 5.31887531281, 4.2086391449, 2.86601758003, 2.43379878998, 1.48865664005, 0.886308073997, 0.644140839577, 0.409735530615, 0.228259831667, 0.0639052093029, 0.0269048884511, 0.00718196015805, 0.000583878252655, 3.59274163202e-05],
        "dvar": [0.974501371384, 80.9001693726, 795.096191406, 1523.31311035, 1243.43395996, 544.327819824, 82.2855834961, 97.0528640747, 127.25970459, 66.0206375122, 103.275314331, 74.4851531982, 65.3569717407, 93.7853012085, 101.03931427, 144.379013062, 450.416687012, 209.70489502, 249.813659668, 317.099609375, 332.914886475, 378.737762451, 130.644393921, 183.544128418, 163.552398682, 104.878738403, 73.6874160767, 52.7308540344, 32.2953643799, 30.2024345398, 9.05635261536, 3.36539268494, 2.91571760178, 9.37494468689, 0.688018023968, 0.0264384225011, 0.00625846907496, 0.000676510622725, 6.05512923357e-06, 2.98933655607e-09],
        "dvar2": [1.86429297924, 149.839141846, 1753.59143066, 3698.58789062, 3386.26782227, 1518.53564453, 222.897766113, 222.264801025, 342.405181885, 161.504867554, 274.073486328, 189.921783447, 170.455123901, 231.63230896, 271.968048096, 378.452148438, 1171.78735352, 530.325073242, 620.260498047, 823.736877441, 815.351989746, 980.00579834, 309.233825684, 466.940460205, 396.76260376, 251.220825195, 165.635437012, 109.284233093, 64.4604949951, 71.5948104858, 20.4128360748, 7.61049032211, 6.88753938675, 21.2729854584, 1.30187666416, 0.0590334497392, 0.016248177737, 0.00184331624769, 1.69438408193e-05, 6.57508314461e-09],
        "max": [16.8446483612, 150.847671509, 434.74307251, 829.136535645, 627.860473633, 744.992248535, 199.459320068, 191.018066406, 218.570571899, 212.954925537, 165.169845581, 176.567565918, 147.514724731, 196.821609497, 164.3203125, 212.137985229, 461.808349609, 297.01184082, 479.141967773, 395.816253662, 363.357574463, 461.714813232, 262.086334229, 215.565719604, 247.720489502, 323.059814453, 289.158752441, 279.15927124, 231.578140259, 141.53994751, 92.0991287231, 42.7482719421, 54.2854614258, 222.225921631, 34.8025398254, 3.17036175728, 1.47772157192, 0.50181889534, 0.0471089147031, 0.000794090679847],
        "mean": [0.924729704857, 5.53730630875, 10.3151292801, 11.3064174652, 10.8886575699, 9.24095058441, 5.53355693817, 6.00372409821, 5.99944591522, 5.01259851456, 5.21700048447, 6.0731215477, 5.06683921814, 7.30356359482, 7.0041012764, 8.18651390076, 12.4541769028, 9.629322052, 10.3851490021, 10.9779205322, 10.9552602768, 10.9733095169, 9.21648025513, 9.76523780823, 8.69340324402, 7.10187196732, 6.22537088394, 4.91148328781, 3.57184243202, 2.77544784546, 1.88476490974, 1.04844963551, 0.603535830975, 0.373780965805, 0.214904129505, 0.0515922382474, 0.0184787847102, 0.00444770697504, 0.000288982235361, 5.77642167627e-05],
        "median": [0.196467161179, 1.09158873558, 2.19687414169, 2.7335691452, 2.7619407177, 2.78769898415, 2.07728242874, 2.20741891861, 2.29473471642, 1.96779429913, 1.76817262173, 1.96335494518, 1.89337682724, 2.87897157669, 2.93860197067, 3.46673154831, 4.23461437225, 3.80546140671, 4.03464508057, 3.73624992371, 3.81717920303, 3.87916469574, 3.67668247223, 3.65621423721, 3.14139652252, 2.21428155899, 2.01825666428, 1.51938438416, 0.933830499649, 0.772078514099, 0.573200941086, 0.30147343874, 0.138708695769, 0.0605179034173, 0.0220924764872, 0.00761934369802, 0.00206662341952, 0.000288749521133, 2.59278240264e-05, 2.30698551604e-05],
        "min": [2.21314131788e-22, 1.74737784655e-21, 3.335645402e-21, 8.77903101533e-21, 1.86324904826e-20, 4.35618319859e-20, 3.2586566974e-20, 1.20325000624e-19, 1.92625949911e-19, 2.10690656835e-19, 4.50002951937e-19, 8.32886194226e-19, 6.97747526204e-19, 1.07182982527e-18, 8.24932904335e-19, 1.41212789677e-18, 2.17346027967e-18, 2.17737842744e-18, 2.82252429772e-18, 4.03132964896e-18, 5.23936075914e-18, 6.7463862279e-18, 5.24093116153e-18, 5.03512779795e-18, 7.29912940631e-18, 9.14428314843e-18, 1.04072589036e-17, 1.24201954796e-17, 1.44885581198e-17, 1.3745284227e-17, 1.23894260152e-17, 1.05792338889e-17, 1.16244154703e-17, 9.82740281268e-18, 6.32030384001e-18, 4.20715640073e-18, 2.64558540161e-18, 9.78296997889e-19, 2.68278014654e-19, 2.68202634589e-20],
        "var": [2.57961964607, 162.652038574, 986.765197754, 1372.5411377, 928.306152344, 450.508087158, 93.8716125488, 153.979598999, 131.96824646, 94.954750061, 112.9896698, 121.073760986, 82.5935211182, 159.638809204, 132.390792847, 195.486984253, 629.96105957, 309.925933838, 390.027374268, 445.370544434, 466.228942871, 490.634155273, 251.645858765, 296.067504883, 275.874450684, 183.348739624, 148.106323242, 112.999473572, 77.2605133057, 53.1298217773, 21.4970016479, 7.06102132797, 3.85233020782, 9.70414161682, 1.09168148041, 0.0348691269755, 0.00565285980701, 0.000509247474838, 3.91556659451e-06, 8.09651723443e-09]
    },
    "gfcc": {
        "mean": [-75.6410675049, 112.757492065, -98.429359436, 54.3417434692, -35.9334068298, 19.2698020935, -24.0223655701, 4.55036687851, -16.6723461151, 1.11031115055, -8.54980754852, -0.971314072609, -7.71603298187],
        "cov": [[24071.4238281, -1051.69335938, -2527.00048828, 996.468383789, -1320.83752441, 496.412597656, -836.745117188, 397.90713501, -595.428955078, 300.999694824, -573.416564941, 202.641403198, -416.158111572], [-1051.69335938, 2237.75024414, 470.818603516, -286.234344482, 435.689849854, -268.762420654, 231.679504395, -271.768127441, 182.47869873, -255.925262451, 219.047363281, -196.678085327, 188.387802124], [-2527.00048828, 470.818603516, 1250.78417969, -63.9960975647, 351.003051758, -2.63786506653, 215.074493408, -56.5951080322, 137.596908569, -46.5196304321, 76.4296798706, -45.5174102783, 71.8341903687], [996.468383789, -286.234344482, -63.9960975647, 416.488708496, -2.33052921295, 100.496055603, -7.98830747604, 49.8689117432, 28.3034420013, 27.707654953, -5.06752252579, -6.58387088776, -9.91215515137], [-1320.83752441, 435.689849854, 351.003051758, -2.33052921295, 431.399017334, -6.7011961937, 158.285720825, -30.5020961761, 127.903953552, -39.8292694092, 87.8637542725, -47.6763801575, 76.9048995972], [496.412597656, -268.762420654, -2.63786506653, 100.496055603, -6.7011961937, 200.319046021, 40.3779449463, 55.351108551, -5.21502971649, 32.8873443604, -10.0078039169, 32.2267913818, -9.22449874878], [-836.745117188, 231.679504395, 215.074493408, -7.98830747604, 158.285720825, 40.3779449463, 221.424911499, 14.6343574524, 91.2763137817, -16.543838501, 73.8829269409, -13.446554184, 44.8752059937], [397.90713501, -271.768127441, -56.5951080322, 49.8689117432, -30.5020961761, 55.351108551, 14.6343574524, 143.59588623, 28.220703125, 60.8081321716, -15.9548139572, 33.8387794495, -14.8347759247], [-595.428955078, 182.47869873, 137.596908569, 28.3034420013, 127.903953552, -5.21502971649, 91.2763137817, 28.220703125, 165.513549805, 33.8664970398, 79.024017334, -23.5217819214, 47.9932670593], [300.999694824, -255.925262451, -46.5196304321, 27.707654953, -39.8292694092, 32.8873443604, -16.543838501, 60.8081321716, 33.8664970398, 137.991989136, 15.6414680481, 30.4129829407, -14.0639238358], [-573.416564941, 219.047363281, 76.4296798706, -5.06752252579, 87.8637542725, -10.0078039169, 73.8829269409, -15.9548139572, 79.024017334, 15.6414680481, 129.977218628, 7.50958108902, 51.1520881653], [202.641403198, -196.678085327, -45.5174102783, -6.58387088776, -47.6763801575, 32.2267913818, -13.446554184, 33.8387794495, -23.5217819214, 30.4129829407, 7.50958108902, 95.4294509888, 12.0705070496], [-416.158111572, 188.387802124, 71.8341903687, -9.91215515137, 76.9048995972, -9.22449874878, 44.8752059937, -14.8347759247, 47.9932670593, -14.0639238358, 51.1520881653, 12.0705070496, 96.643119812]],
        "icov": [[0.000116212431749, -0.000332718918798, 0.000140765085234, -0.000344077910995, 0.000149234008859, -0.000324487453327, 0.00022270710906, -0.000298798520816, 0.000224685354624, -0.0004566697462, 0.0005063933786, -0.000447011872893, 0.000319842394674], [-0.000332718918798, 0.00237575848587, -0.000406365812523, 0.00158290134277, -0.000668116670568, 0.00165841565467, -0.00099464203231, 0.00174579769373, -0.00110156508163, 0.00288118026219, -0.0028440807946, 0.00316535611637, -0.00210332870483], [0.000140765085234, -0.000406365812523, 0.00130620261189, -0.00027722469531, -0.000450999272289, -0.000441333802883, -0.000397606141632, 0.000206667216844, -0.000215824169572, -0.000590296636801, 0.00111501058564, -0.000748690217733, 0.000456697336631], [-0.000344077910995, 0.00158290134277, -0.00027722469531, 0.00424313452095, -0.000627798668575, -0.000441029667854, 3.34308642778e-05, 0.000688875268679, -0.00169715471566, 0.00224389624782, -0.00226806779392, 0.00296869920567, -0.00137922924478], [0.000149234008859, -0.000668116670568, -0.000450999272289, -0.000627798668575, 0.00455637369305, -0.000646732689347, -0.000940937025007, -0.000164236087585, -0.00117183791008, -5.03940282215e-05, 0.000400669756345, 0.000256072613411, -0.000729436520487], [-0.000324487453327, 0.00165841565467, -0.000441333802883, -0.000441029667854, -0.000646732689347, 0.00857474375516, -0.00327654904686, 8.87760616024e-05, 0.000775579770561, 0.000805857533123, -0.00113316217903, 0.000327882356942, -0.00118816364557], [0.00022270710906, -0.00099464203231, -0.000397606141632, 3.34308642778e-05, -0.000940937025007, -0.00327654904686, 0.00938522163779, -0.00279005989432, -0.00146100774873, 0.00115394731984, -0.00195048353635, -0.000441069860244, 0.000827582378406], [-0.000298798520816, 0.00174579769373, 0.000206667216844, 0.000688875268679, -0.000164236087585, 8.87760616024e-05, -0.00279005989432, 0.0133056202903, -0.00507684238255, -0.00100704911165, 0.00225114636123, -0.00196906854399, 0.000133438836201], [0.000224685354624, -0.00110156508163, -0.000215824169572, -0.00169715471566, -0.00117183791008, 0.000775579770561, -0.00146100774873, -0.00507684238255, 0.0154548203573, -0.00523265032098, -0.00390247721225, 0.00392464362085, -0.00285421987064], [-0.0004566697462, 0.00288118026219, -0.000590296636801, 0.00224389624782, -5.03940282215e-05, 0.000805857533123, 0.00115394731984, -0.00100704911165, -0.00523265032098, 0.0149922501296, -0.00592191843316, 0.00136925419793, 0.000256389030255], [0.0005063933786, -0.0028440807946, 0.00111501058564, -0.00226806779392, 0.000400669756345, -0.00113316217903, -0.00195048353635, 0.00225114636123, -0.00390247721225, -0.00592191843316, 0.0186734814197, -0.00754812825471, -0.000377272313926], [-0.000447011872893, 0.00316535611637, -0.000748690217733, 0.00296869920567, 0.000256072613411, 0.000327882356942, -0.000441069860244, -0.00196906854399, 0.00392464362085, 0.00136925419793, -0.00754812825471, 0.0205679293722, -0.007827591151], [0.000319842394674, -0.00210332870483, 0.000456697336631, -0.00137922924478, -0.000729436520487, -0.00118816364557, 0.000827582378406, 0.000133438836201, -0.00285421987064, 0.000256389030255, -0.000377272313926, -0.007827591151, 0.018079072237]]
    },
    "melbands": {
        "dmean": [0.00419715093449, 0.00404419843107, 0.00172293896321, 0.000627973058727, 0.000157204500283, 8.81001615198e-05, 6.45569671178e-05, 3.85565144825e-05, 3.3277876355e-05, 2.37722615566e-05, 1.85415556189e-05, 2.04505813599e-05, 1.59829705808e-05, 1.50193882291e-05, 1.85888366104e-05, 1.67949128809e-05, 1.24383368529e-05, 1.12203197205e-05, 1.0053544429e-05, 1.04769042082e-05, 8.86881298356e-06, 8.22469155537e-06, 6.36899585515e-06, 4.97104338137e-06, 5.2214918469e-06, 4.09331278206e-06, 3.48295725416e-06, 2.78434299616e-06, 2.33533955907e-06, 1.96054224944e-06, 1.65565086263e-06, 1.18923298942e-06, 9.878807532e-07, 9.20894706269e-07, 6.33007971373e-07, 4.49078726206e-07, 3.54998633156e-07, 3.44329833979e-07, 2.22751339152e-07, 2.4981795832e-07],
        "dmean2": [0.00581933651119, 0.00543063413352, 0.00265774782747, 0.00105812912807, 0.00026690759114, 0.000140994074172, 0.00010630338511, 6.33915842627e-05, 5.62731438549e-05, 3.91695684812e-05, 3.09551505779e-05, 3.33565367328e-05, 2.68439907813e-05, 2.53199850704e-05, 3.09864553856e-05, 2.79828309431e-05, 2.07562552532e-05, 1.8608479877e-05, 1.65428464243e-05, 1.74724755198e-05, 1.4597986592e-05, 1.38849609357e-05, 1.04175942397e-05, 8.20618697617e-06, 8.67417747941e-06, 6.67513268127e-06, 5.724867151e-06, 4.54614746559e-06, 3.74747241949e-06, 3.04362947645e-06, 2.56884095506e-06, 1.76456160261e-06, 1.56867110945e-06, 1.43819556797e-06, 9.7248084785e-07, 6.78322749081e-07, 5.59920806609e-07, 5.39842517355e-07, 3.4126776427e-07, 3.75688870236e-07],
        "dvar": [7.98040418886e-05, 0.000125987280626, 3.58353499905e-05, 3.96060750063e-06, 1.72493727746e-07, 4.38050484775e-08, 2.59391299551e-08, 8.07855649043e-09, 6.89873269621e-09, 2.75669043148e-09, 1.65985591938e-09, 1.72994762959e-09, 1.1512996112e-09, 9.92401494315e-10, 1.74847891721e-09, 1.52079004945e-09, 7.73998698467e-10, 6.71970645794e-10, 4.96043484066e-10, 6.64377108883e-10, 4.83241946458e-10, 5.83471659876e-10, 1.77857242822e-10, 1.19823553857e-10, 1.41181705215e-10, 9.08894071117e-11, 7.4875189382e-11, 4.86210134654e-11, 3.53507362272e-11, 2.54614281048e-11, 1.97856800388e-11, 1.24089211129e-11, 8.94281870778e-12, 1.12188114701e-11, 3.66871203555e-12, 1.65171663239e-12, 1.43305701507e-12, 2.03585781046e-12, 1.82346737536e-12, 1.02732882964e-11],
        "dvar2": [0.000151865169755, 0.000235663494095, 8.23252921691e-05, 1.08276053652e-05, 4.75549114753e-07, 1.01275226427e-07, 6.88993253561e-08, 1.97476914821e-08, 1.84836377315e-08, 7.05910307985e-09, 4.32869118328e-09, 4.29222213327e-09, 3.10566838913e-09, 2.64640553915e-09, 4.51426407366e-09, 3.8916945222e-09, 1.98276439711e-09, 1.7210882719e-09, 1.2426319973e-09, 1.71070169142e-09, 1.19180265656e-09, 1.54524726348e-09, 4.3501729996e-10, 2.98868096937e-10, 3.66284697018e-10, 2.25416241229e-10, 1.8134120594e-10, 1.20374196722e-10, 8.37429153799e-11, 5.71899853863e-11, 4.22017386315e-11, 2.49420224058e-11, 2.11304758413e-11, 2.76513950626e-11, 8.62659856743e-12, 3.61277782863e-12, 3.45357488267e-12, 4.92678163891e-12, 4.38761353638e-12, 2.30076565438e-11],
        "max": [0.155731767416, 0.167496457696, 0.137185364962, 0.0442281812429, 0.0134865744039, 0.003915598616, 0.00288053881377, 0.00253357342444, 0.00136935687624, 0.00106896390207, 0.000719787029084, 0.000891505449545, 0.000571519020014, 0.000659559911583, 0.000816980551463, 0.000696470029652, 0.000590905663557, 0.000778359884862, 0.000452147825854, 0.000547803996596, 0.000470259867143, 0.000613099196926, 0.000243652582867, 0.000204616299015, 0.000210914222407, 0.000172537256731, 0.000211619757465, 0.000185303084436, 0.000195950109628, 0.00013285613386, 0.000198634312255, 0.000148427527165, 7.7671953477e-05, 7.97059401521e-05, 5.38213935215e-05, 3.55676747859e-05, 2.61429631792e-05, 3.42284583894e-05, 8.55260223034e-05, 0.000234040286159],
        "mean": [0.00790007598698, 0.0061299870722, 0.00200450373814, 0.000756772176828, 0.000225004652748, 0.000132276676595, 8.90673545655e-05, 5.42098459846e-05, 4.37191702076e-05, 3.58480538125e-05, 2.5154406103e-05, 3.02091502817e-05, 2.19004541577e-05, 2.14248102566e-05, 2.61449458776e-05, 2.33037790167e-05, 1.73879034264e-05, 1.61252137332e-05, 1.46048669194e-05, 1.42566959767e-05, 1.25455908346e-05, 1.13609166874e-05, 1.00915231087e-05, 7.78188677941e-06, 7.92425998952e-06, 6.6115790105e-06, 5.41009330846e-06, 4.53679149359e-06, 3.9943356569e-06, 3.27000134348e-06, 2.76812261291e-06, 2.07609969038e-06, 1.68160374869e-06, 1.49525658344e-06, 1.12879752123e-06, 8.29871964925e-07, 5.65428933896e-07, 4.61785589323e-07, 3.09495078454e-07, 3.14523447287e-07],
        "median": [0.00171639188193, 0.00146039191168, 0.000515835825354, 0.00022001072648, 8.56645783642e-05, 4.90520251333e-05, 3.4109911212e-05, 1.99165151571e-05, 1.49017078002e-05, 1.11477302198e-05, 9.11242386792e-06, 1.10525297714e-05, 8.45315935294e-06, 8.59135616338e-06, 9.92773311737e-06, 8.04352930572e-06, 6.31111015537e-06, 6.09233848081e-06, 5.25503946847e-06, 4.53572465631e-06, 4.14019086747e-06, 3.66651465811e-06, 3.73871421289e-06, 2.76040509561e-06, 2.80941048914e-06, 2.39282053371e-06, 1.76021444531e-06, 1.32661989483e-06, 1.28964256874e-06, 1.0004808928e-06, 7.86032387623e-07, 5.21726803981e-07, 4.33802824773e-07, 4.04106685892e-07, 3.29316321768e-07, 2.4393636977e-07, 1.45611068092e-07, 9.81870016403e-08, 6.52765379527e-08, 4.39038672084e-08],
        "min": [2.80665626582e-24, 3.01198117945e-24, 1.48812279161e-24, 2.19762744521e-24, 1.24212223756e-24, 2.50105648152e-24, 2.88737685238e-24, 2.30937669218e-24, 5.0137372229e-24, 4.4813353924e-24, 3.11021349202e-24, 3.75644834558e-24, 2.80254925873e-24, 3.45386457373e-24, 2.32058226413e-24, 4.30180169442e-24, 3.33136473034e-24, 3.756148184e-24, 4.21688200127e-24, 3.24425417324e-24, 5.1148632745e-24, 5.32239561815e-24, 5.51064465141e-24, 4.51470933629e-24, 3.28506037014e-24, 4.26432804041e-24, 6.33372318725e-24, 5.34587685185e-24, 5.34818979203e-24, 5.57814077375e-24, 6.07464075559e-24, 7.80074572459e-24, 5.55380914799e-24, 7.40025050934e-24, 5.87654713267e-24, 6.60809965971e-24, 5.69788078726e-24, 7.21495891561e-24, 7.74540634322e-24, 7.73032805588e-24],
        "var": [0.000207405741094, 0.000240046618273, 3.62154460163e-05, 3.22126925312e-06, 1.71664368054e-07, 7.14873138463e-08, 2.7826340343e-08, 1.23115242445e-08, 7.39835970265e-09, 4.39137037844e-09, 2.10359218933e-09, 2.92795410139e-09, 1.42272382764e-09, 1.36753308677e-09, 2.47485965055e-09, 2.13901474311e-09, 1.09547171334e-09, 9.72716462933e-10, 7.71669617095e-10, 8.17807266351e-10, 6.61676047287e-10, 6.50564324634e-10, 3.20179244229e-10, 2.01784408627e-10, 2.08499870147e-10, 1.54328771984e-10, 1.16460799338e-10, 7.93691709577e-11, 6.22410664675e-11, 4.84587613092e-11, 3.91497390062e-11, 2.83056425521e-11, 1.7100735758e-11, 1.73544061066e-11, 8.04846987668e-12, 3.92103450403e-12, 2.44488370521e-12, 2.52326263182e-12, 1.89555706201e-12, 1.07067922236e-11]
    },
    "mfcc": {
        "mean": [-710.267700195, 130.31993103, 10.2476148605, 41.5002479553, 16.2585716248, 20.644525528, 8.9490146637, 9.72346782684, 1.51835429668, 4.86213302612, 1.55033886433, 3.75356698036, 0.714020252228],
        "cov": [[14692.6162109, -1481.54040527, -1283.31323242, 202.7840271, -547.256164551, 51.443359375, -296.431335449, -6.89132070541, -149.300537109, 21.3958969116, -103.838302612, -57.6791305542, -102.824440002], [-1481.54040527, 1997.8951416, 373.953277588, 25.2031078339, 191.301010132, 13.8888406754, 90.277015686, 7.59709644318, -7.16716098785, -45.9681434631, -25.7671432495, -0.674909114838, -6.18146753311], [-1283.31323242, 373.953277588, 768.033630371, 88.8580474854, 130.686553955, 78.4649505615, 68.0036315918, 34.7241249084, 51.3248672485, 15.5659637451, 24.201177597, 4.92406702042, 10.6594381332], [202.7840271, 25.2031078339, 88.8580474854, 272.145935059, 105.109954834, 58.8841629028, 24.3741455078, 30.9271125793, 31.8542633057, 44.6065292358, 29.3583106995, 11.0678453445, 14.6994819641], [-547.256164551, 191.301010132, 130.686553955, 105.109954834, 246.547210693, 75.256652832, 45.595741272, 31.1374397278, 46.5501747131, 29.0479698181, 21.8638362885, 13.166893959, 22.9017982483], [51.443359375, 13.8888406754, 78.4649505615, 58.8841629028, 75.256652832, 156.651672363, 69.94506073, 37.3247146606, 31.7690410614, 26.497674942, 14.7348241806, 19.5205001831, 16.2247238159], [-296.431335449, 90.277015686, 68.0036315918, 24.3741455078, 45.595741272, 69.94506073, 127.955314636, 61.597984314, 34.397518158, 12.0099697113, 18.4570617676, 14.8246574402, 15.2467794418], [-6.89132070541, 7.59709644318, 34.7241249084, 30.9271125793, 31.1374397278, 37.3247146606, 61.597984314, 117.039031982, 47.9550666809, 14.2555274963, 9.81935214996, 12.8021841049, 14.7704496384], [-149.300537109, -7.16716098785, 51.3248672485, 31.8542633057, 46.5501747131, 31.7690410614, 34.397518158, 47.9550666809, 104.522247314, 46.0413970947, 24.8897724152, 19.0698051453, 17.2369441986], [21.3958969116, -45.9681434631, 15.5659637451, 44.6065292358, 29.0479698181, 26.497674942, 12.0099697113, 14.2555274963, 46.0413970947, 108.285255432, 53.4731140137, 22.5513725281, 19.0781974792], [-103.838302612, -25.7671432495, 24.201177597, 29.3583106995, 21.8638362885, 14.7348241806, 18.4570617676, 9.81935214996, 24.8897724152, 53.4731140137, 88.8249893188, 36.7715454102, 20.1269607544], [-57.6791305542, -0.674909114838, 4.92406702042, 11.0678453445, 13.166893959, 19.5205001831, 14.8246574402, 12.8021841049, 19.0698051453, 22.5513725281, 36.7715454102, 73.9203948975, 34.8194656372], [-102.824440002, -6.18146753311, 10.6594381332, 14.6994819641, 22.9017982483, 16.2247238159, 15.2467794418, 14.7704496384, 17.2369441986, 19.0781974792, 20.1269607544, 34.8194656372, 66.457244873]],
