{
"lowlevel": {
    "average_loudness": 0.768106997013,
    "barkbands_crest": {
        "dmean": 2.58699011803,
        "dmean2": 4.13605451584,
        "dvar": 6.68121004105,
        "dvar2": 15.6893224716,
        "max": 24.3973407745,
        "mean": 9.62118911743,
        "median": 8.73220729828,
        "min": 2.22082233429,
        "var": 17.7395267487
    },
    "barkbands_flatness_db": {
        "dmean": 0.0218901149929,
        "dmean2": 0.0326059423387,
        "dvar": 0.000533521699253,
        "dvar2": 0.00109125918243,
        "max": 0.371611326933,
        "mean": 0.13483017683,
        "median": 0.127092882991,
        "min": 0.0254381354898,
        "var": 0.00277357641608
    },
    "barkbands_kurtosis": {
        "dmean": 1.97002530098,
        "dmean2": 3.02941584587,
        "dvar": 11.1782493591,
        "dvar2": 24.2968521118,
        "max": 54.1745605469,
        "mean": 2.64379310608,
        "median": 0.839171171188,
        "min": -1.71929693222,
        "var": 31.5262355804
    },
    "barkbands_skewness": {
        "dmean": 0.467908740044,
        "dmean2": 0.691902399063,
        "dvar": 0.23988302052,
        "dvar2": 0.474966794252,
        "max": 6.73724365234,
        "mean": 1.2027772665,
        "median": 1.04829657078,
        "min": -2.035998106,
        "var": 1.14266502857
    },
    "barkbands_spread": {
        "dmean": 5.25558423996,
        "dmean2": 7.99545288086,
        "dvar": 29.8846359253,
        "dvar2": 62.1308937073,
        "max": 69.5634994507,
        "mean": 23.5215320587,
        "median": 22.3026733398,
        "min": 1.6438703537,
        "var": 152.435928345
    },
    "dissonance": {
        "dmean": 0.0207354482263,
        "dmean2": 0.0349463187158,
        "dvar": 0.00042168496293,
        "dvar2": 0.00113887968473,
        "max": 0.500000178814,
        "mean": 0.462235331535,
        "median": 0.468569874763,
        "min": 0.25450438261,
        "var": 0.000776175060309
    },
    "dynamic_complexity": 4.24964332581,
    "erbbands_crest": {
        "dmean": 2.86326527596,
        "dmean2": 4.5523853302,
        "dvar": 7.54206180573,
        "dvar2": 18.6509590149,
        "max": 31.9152774811,
        "mean": 10.2709589005,
        "median": 9.2074842453,
        "min": 2.68768453598,
        "var": 24.2505626678
    },
    "erbbands_flatness_db": {
        "dmean": 0.0176096446812,
        "dmean2": 0.026200344786,
        "dvar": 0.000298716302495,
        "dvar2": 0.000644001178443,
        "max": 0.440151304007,
        "mean": 0.168371990323,
        "median": 0.154273882508,
        "min": 0.0760572999716,
        "var": 0.00304751168005
    },
    "erbbands_kurtosis": {
        "dmean": 0.90413993597,
        "dmean2": 1.42371082306,
        "dvar": 1.80248510838,
        "dvar2": 4.62231731415,
        "max": 28.5197315216,
        "mean": 0.473932862282,
        "median": -0.0304539203644,
        "min": -1.6576949358,
        "var": 3.73561620712
    },
    "erbbands_skewness": {
        "dmean": 0.367451280355,
        "dmean2": 0.559299767017,
        "dvar": 0.13232447207,
        "dvar2": 0.299854069948,
        "max": 4.96564054489,
        "mean": 0.327878057957,
        "median": 0.245296090841,
        "min": -3.05560851097,
        "var": 0.545557141304
    },
    "erbbands_spread": {
        "dmean": 6.96881437302,
        "dmean2": 10.4614944458,
        "dvar": 43.3192596436,
        "dvar2": 93.9204711914,
        "max": 117.859458923,
        "mean": 34.8185920715,
        "median": 33.2282104492,
        "min": 2.9537858963,
        "var": 246.65486145
    },
    "hfc": {
        "dmean": 7.33795976639,
        "dmean2": 10.3544330597,
        "dvar": 129.760269165,
        "dvar2": 247.405609131,
        "max": 135.000915527,
        "mean": 21.7969303131,
        "median": 14.0096940994,
        "min": 1.1453309521e-16,
        "var": 456.578033447
    },
    "melbands_crest": {
        "dmean": 3.12082982063,
        "dmean2": 4.84059238434,
        "dvar": 9.17396354675,
        "dvar2": 19.9302806854,
        "max": 33.280670166,
        "mean": 13.603767395,
        "median": 12.4820251465,
        "min": 1.00071358681,
        "var": 29.6367950439
    },
    "melbands_flatness_db": {
        "dmean": 0.0264089293778,
        "dmean2": 0.0383948124945,
        "dvar": 0.000810487021226,
        "dvar2": 0.00157425692305,
        "max": 0.490726053715,
        "mean": 0.182812929153,
        "median": 0.174269035459,
        "min": 1.63944648079e-07,
        "var": 0.00449334131554
    },
    "melbands_kurtosis": {
        "dmean": 4.51968479156,
        "dmean2": 6.77064466476,
        "dvar": 60.164932251,
        "dvar2": 121.84941864,
        "max": 187.711242676,
        "mean": 8.79626274109,
        "median": 4.44073200226,
        "min": -1.66134369373,
        "var": 200.941299438
    },
    "melbands_skewness": {
        "dmean": 0.608556807041,
        "dmean2": 0.888411700726,
        "dvar": 0.417060822248,
        "dvar2": 0.817825436592,
        "max": 11.4981918335,
        "mean": 2.09607791901,
        "median": 1.82593214512,
        "min": -1.29226446152,
        "var": 2.21236205101
    },
    "melbands_spread": {
        "dmean": 7.60624361038,
        "dmean2": 11.3105068207,
        "dvar": 70.0556259155,
        "dvar2": 138.850814819,
        "max": 157.085906982,
        "mean": 28.2916278839,
        "median": 24.6387577057,
        "min": 1.71559822559,
        "var": 329.042816162
    },
    "pitch_salience": {
        "dmean": 0.0679313838482,
        "dmean2": 0.104590825737,
        "dvar": 0.00443301629275,
        "dvar2": 0.00953331496567,
        "max": 0.996083498001,
        "mean": 0.50223916769,
        "median": 0.5011729002,
        "min": 0.149014905095,
        "var": 0.0148436855525
    },
    "silence_rate_20dB": {
        "dmean": 0,
        "dmean2": 0,
        "dvar": 0,
        "dvar2": 0,
        "max": 1,
        "mean": 1,
        "median": 1,
        "min": 1,
        "var": 0
    },
    "silence_rate_30dB": {
        "dmean": 0.00130662019365,
        "dmean2": 0.00261380965821,
        "dvar": 0.00130496697966,
        "dvar2": 0.00391409639269,
        "max": 1,
        "mean": 0.999346852303,
        "median": 1,
        "min": 0,
        "var": 0.000652763294056
    },
    "silence_rate_60dB": {
        "dmean": 0.0209059230983,
        "dmean2": 0.0418209545314,
        "dvar": 0.0204694084823,
        "dvar2": 0.0457344651222,
        "max": 1,
        "mean": 0.131286740303,
        "median": 0,
        "min": 0,
        "var": 0.114050485194
    },
    "spectral_centroid": {
        "dmean": 271.478088379,
        "dmean2": 404.916290283,
        "dvar": 94117.953125,
        "dvar2": 184161.90625,
        "max": 11527.3349609,
        "mean": 1618.05102539,
        "median": 1585.25463867,
        "min": 219.548950195,
        "var": 595911.125
    },
    "spectral_complexity": {
        "dmean": 2.99520897865,
        "dmean2": 4.7074713707,
        "dvar": 15.0610389709,
        "dvar2": 30.9542541504,
        "max": 57,
        "mean": 16.3291969299,
        "median": 16,
        "min": 0,
        "var": 83.0417785645
    },
    "spectral_decrease": {
        "dmean": 1.82167525509e-09,
        "dmean2": 2.70915112566e-09,
        "dvar": 7.60725418449e-18,
        "dvar2": 1.66521581998e-17,
        "max": 1.0433146491e-28,
        "mean": -5.49516077086e-09,
        "median": -3.99675093021e-09,
        "min": -3.04050580269e-08,
        "var": 2.5591024278e-17
    },
    "spectral_energy": {
        "dmean": 0.0074072740972,
        "dmean2": 0.010955392383,
        "dvar": 0.000122454657685,
        "dvar2": 0.000266702612862,
        "max": 0.122017040849,
        "mean": 0.0227169971913,
        "median": 0.0168852768838,
        "min": 1.01453920234e-20,
        "var": 0.000417148257839
    },
    "spectral_energyband_high": {
        "dmean": 0.000450543564511,
        "dmean2": 0.000651984009892,
        "dvar": 5.58640749659e-07,
        "dvar2": 1.03315187516e-06,
        "max": 0.0112698273733,
        "mean": 0.00112841965165,
        "median": 0.00047467587865,
        "min": 7.03129612402e-21,
        "var": 2.17417823478e-06
    },
    "spectral_energyband_low": {
        "dmean": 0.00319908303209,
        "dmean2": 0.00476681534201,
        "dvar": 5.89824812778e-05,
        "dvar2": 0.000123040488688,
        "max": 0.0868949666619,
        "mean": 0.00742742978036,
        "median": 0.00216274382547,
        "min": 3.19686576038e-23,
        "var": 0.000165205987287
    },
    "spectral_energyband_middle_high": {
        "dmean": 0.00253170542419,
        "dmean2": 0.00361328036524,
        "dvar": 1.99680416699e-05,
        "dvar2": 3.78971453756e-05,
        "max": 0.083879455924,
        "mean": 0.00620788149536,
        "median": 0.00413863360882,
        "min": 1.33929517778e-21,
        "var": 5.27447955392e-05
    },
    "spectral_energyband_middle_low": {
        "dmean": 0.00381289655343,
        "dmean2": 0.00576532725245,
        "dvar": 4.98057052027e-05,
        "dvar2": 0.000115408467536,
        "max": 0.105097852647,
        "mean": 0.0090979328379,
        "median": 0.00617603911087,
        "min": 2.14111288987e-22,
        "var": 0.000102660589619
    },
    "spectral_entropy": {
        "dmean": 0.192283079028,
        "dmean2": 0.289827018976,
        "dvar": 0.0427009128034,
        "dvar2": 0.0953079089522,
        "max": 9.8069152832,
        "mean": 7.31926298141,
        "median": 7.33012533188,
        "min": 5.42712593079,
        "var": 0.258699446917
    },
    "spectral_flux": {
        "dmean": 0.0216769613326,
        "dmean2": 0.0355007611215,
        "dvar": 0.000815815292299,
        "dvar2": 0.00185741565656,
        "max": 0.265721857548,
        "mean": 0.0670560225844,
        "median": 0.0538409687579,
        "min": 6.57371032609e-11,
        "var": 0.00219778437167
    },
    "spectral_kurtosis": {
        "dmean": 1.59408092499,
        "dmean2": 2.6162571907,
        "dvar": 6.44573402405,
        "dvar2": 16.0499076843,
        "max": 85.7033004761,
        "mean": 4.99654006958,
        "median": 4.19386291504,
        "min": -1.25599813461,
        "var": 18.269443512
    },
    "spectral_rms": {
        "dmean": 0.000701075536199,
        "dmean2": 0.00100269087125,
        "dvar": 7.66797199958e-07,
        "dvar2": 1.52375366724e-06,
        "max": 0.0109105920419,
        "mean": 0.00417599035427,
        "median": 0.00405874848366,
        "min": 3.1460997002e-12,
        "var": 4.72409283248e-06
    },
    "spectral_rolloff": {
        "dmean": 532.116760254,
        "dmean2": 871.093261719,
        "dvar": 630499.9375,
        "dvar2": 1258684.375,
        "max": 19444.4824219,
        "mean": 1963.14953613,
        "median": 1679.58984375,
        "min": 86.1328125,
        "var": 2587249.25
    },
    "spectral_skewness": {
        "dmean": 0.212355002761,
        "dmean2": 0.336272776127,
        "dvar": 0.0558282211423,
        "dvar2": 0.131039768457,
        "max": 7.47533321381,
        "mean": 1.66177904606,
        "median": 1.59956479073,
        "min": -0.045477475971,
        "var": 0.243225380778
    },
    "spectral_spread": {
        "dmean": 506678.625,
        "dmean2": 770293.5,
        "dvar": 722157109248,
        "dvar2": 1.63493380096e+12,
        "max": 42496864,
        "mean": 4746570.5,
        "median": 4668780,
        "min": 973196.5625,
        "var": 4.10720193741e+12
    },
    "spectral_strongpeak": {
        "dmean": 0.730949580669,
        "dmean2": 1.21834242344,
        "dvar": 2.02646279335,
        "dvar2": 4.61796569824,
        "max": 20.517036438,
        "mean": 1.32232964039,
        "median": 0.70241945982,
        "min": 0,
        "var": 3.33030080795
    },
    "zerocrossingrate": {
        "dmean": 0.0121560981497,
        "dmean2": 0.0135933840647,
        "dvar": 0.000170350365806,
        "dvar2": 0.000217950859223,
        "max": 0.5185546875,
        "mean": 0.0777330324054,
        "median": 0.07177734375,
        "min": 0.00732421875,
        "var": 0.00177624868229
    },
    "barkbands": {
        "dmean": [5.06460237375e-05, 0.00198448891751, 0.00181958230678, 0.00084105017595, 0.00134189624805, 0.00113819248509, 0.000628928653896, 0.000697529525496, 0.000674649782013, 0.000391237204894, 0.000858863233589, 0.00049535871949, 0.000352135655703, 0.000408041261835, 0.000488045800012, 0.000149684492499, 0.00018023022858, 0.000237440195633, 0.00022756854014, 0.000172689833562, 0.000146821257658, 0.000106856532511, 7.02218094375e-05, 6.73325484968e-05, 5.20687062817e-05, 5.14812927577e-05, 7.50717731535e-07],
        "dmean2": [8.01291898824e-05, 0.00302306888625, 0.0026488606818, 0.00130497000646, 0.00218851678073, 0.00166660861578, 0.000963478698395, 0.00109504000284, 0.00106951151974, 0.000581074447837, 0.00134024943691, 0.000757952628192, 0.000556672632229, 0.000605624401942, 0.000740112445783, 0.000246585026616, 0.000267526571406, 0.000398467411287, 0.000343384221196, 0.000264152244199, 0.000220656933379, 0.000164133409271, 0.000102868310933, 0.000106450192106, 7.96699241619e-05, 7.99928675406e-05, 1.27602174871e-06],
        "dvar": [2.13241460045e-08, 3.18878155667e-05, 3.00652045553e-05, 3.74929163627e-06, 1.57710583153e-05, 8.36395611259e-06, 2.17936326408e-06, 3.14001704282e-06, 3.03089700537e-06, 2.1146738618e-06, 5.68377845411e-06, 1.80567440111e-06, 1.09345012334e-06, 1.53975827288e-06, 1.57133206358e-06, 2.00599828304e-07, 3.52401372083e-07, 3.42186496027e-07, 3.43562248872e-07, 9.05261643425e-08, 6.98523976439e-08, 3.85778236023e-08, 1.89389535166e-08, 1.44021923276e-08, 9.56763823723e-09, 1.85094020111e-08, 3.61252304112e-12],
        "dvar2": [4.50700845533e-08, 6.77424977766e-05, 6.42030136078e-05, 8.91552554094e-06, 4.20991964347e-05, 1.54470326379e-05, 4.18116724177e-06, 6.79509457768e-06, 6.92652065482e-06, 4.07789502788e-06, 1.16358705782e-05, 3.70850170839e-06, 2.39502628574e-06, 3.36837229042e-06, 3.35868162438e-06, 4.70942239872e-07, 5.40923963399e-07, 8.25913105018e-07, 6.45418595013e-07, 1.90502802866e-07, 1.44715428974e-07, 8.46705816571e-08, 3.85699010508e-08, 3.32002407788e-08, 2.02876400124e-08, 3.94194543674e-08, 9.73088883777e-12],
        "max": [0.00309600750916, 0.0801758393645, 0.0718484893441, 0.0369527712464, 0.0482422113419, 0.0885178819299, 0.0598573610187, 0.0357258319855, 0.0332437194884, 0.0464369095862, 0.0493667423725, 0.0243981108069, 0.02427174896, 0.0266022160649, 0.0208014138043, 0.00877102278173, 0.0252731498331, 0.00854198727757, 0.0220081415027, 0.00397225515917, 0.00452837580815, 0.00265238038264, 0.0020209623035, 0.00189358240459, 0.00206040753983, 0.00222703278996, 3.10794130201e-05],
        "mean": [7.36250294722e-05, 0.00334932073019, 0.00292134797201, 0.0020642648451, 0.00190709903836, 0.00206428114325, 0.00107182771899, 0.000933109608013, 0.000950495305005, 0.000541262503248, 0.00123309495393, 0.000821403460577, 0.000644003273919, 0.000828148855362, 0.000771292718127, 0.000220910544158, 0.000340909115039, 0.000333040719852, 0.000356278702384, 0.000334006210323, 0.000309778697556, 0.000188830468687, 0.000130008600536, 0.000123190155136, 0.000102681813587, 0.000102072648588, 7.25182189854e-07],
        "median": [9.10220660444e-06, 0.000410773471231, 0.000602504238486, 0.000366323074559, 0.000772893778048, 0.000746299163438, 0.00035278199357, 0.000231964586419, 0.000288824783638, 0.000208345401916, 0.000489012920298, 0.000344043597579, 0.000264285714366, 0.000154869499966, 0.000203319475986, 3.59001132892e-05, 8.82414460648e-05, 0.000102613070339, 0.000109850239824, 0.000118028307043, 0.00010678779654, 6.41862134216e-05, 4.60328410554e-05, 4.17195915361e-05, 2.98842787743e-05, 2.00306512852e-05, 2.21750262597e-08],
        "min": [7.12070108149e-24, 3.54508292679e-24, 3.4853744393e-24, 1.80632877039e-24, 9.16444168283e-24, 1.37439022999e-23, 8.77865872347e-24, 9.10978624388e-24, 5.87539878785e-23, 1.74397440399e-23, 2.43821570348e-23, 4.95802802355e-23, 4.64193240546e-23, 5.90341786503e-23, 5.62292101524e-23, 5.83969431219e-23, 9.1168844143e-23, 1.46001669519e-22, 1.48054487543e-22, 1.91772704526e-22, 2.62100992135e-22, 4.17776191566e-22, 4.18899251816e-22, 6.38679156429e-22, 8.56429908844e-22, 1.58048860438e-21, 2.05439312026e-21],
        "var": [6.77424552009e-08, 6.87098727212e-05, 4.42886557721e-05, 1.591668115e-05, 1.40372867463e-05, 1.97384797502e-05, 4.82210862174e-06, 5.61050637771e-06, 5.69901840208e-06, 3.58585521099e-06, 1.00908819149e-05, 3.1872616546e-06, 1.99373153009e-06, 4.30587806477e-06, 3.11517055707e-06, 3.40705582857e-07, 1.45734964008e-06, 4.57044109226e-07, 9.14313829981e-07, 2.72253288358e-07, 2.35762271927e-07, 9.56103676231e-08, 5.35655075851e-08, 4.1803311035e-08, 3.1335691375e-08, 5.62876891763e-08, 3.98043403793e-12]
    },
    "erbbands": {
        "dmean": [0.0385573357344, 0.508185148239, 1.81632101536, 2.49492120743, 2.7411096096, 5.86077928543, 9.90746212006, 7.36168956757, 8.7997045517, 8.07580280304, 20.8032779694, 13.9374876022, 8.11927223206, 27.2180538177, 23.184463501, 20.5881958008, 14.6698112488, 14.0864019394, 19.2606506348, 22.6014919281, 8.31852817535, 11.5899343491, 13.6683797836, 11.2181882858, 11.2207307816, 7.36799907684, 6.15870666504, 4.99379014969, 3.63774561882, 3.30832910538, 2.13131284714, 1.57320213318, 1.00034511089, 0.474279105663, 0.423778235912, 0.413066625595, 0.0413577929139, 0.00608193082735, 0.00012300578237, 1.27227931443e-05],
        "dmean2": [0.0603136569262, 0.765112102032, 2.561876297, 3.79971599579, 4.19440793991, 10.0154848099, 15.7166500092, 10.837887764, 13.370057106, 12.766078949, 32.3420333862, 22.1897277832, 12.5811700821, 41.6480712891, 35.5896224976, 31.9191989899, 22.7410583496, 20.2827606201, 29.5095157623, 34.3398971558, 13.6975851059, 17.1461162567, 22.8641910553, 17.3572807312, 16.7891330719, 11.4288787842, 9.33057880402, 7.50953292847, 5.53910493851, 5.14166879654, 3.13898706436, 2.5055205822, 1.59625124931, 0.753447532654, 0.646868765354, 0.635096728802, 0.0651742517948, 0.0100312214345, 0.000199159403564, 1.88344292837e-05],
        "dvar": [0.0152596002445, 2.04468202591, 26.3446598053, 39.0624580383, 45.0016479492, 374.13168335, 723.668945312, 247.300338745, 556.99395752, 395.561004639, 2271.75268555, 1150.5246582, 340.338439941, 5757.69824219, 6756.24804688, 3452.98461914, 1491.99841309, 1368.28869629, 3233.54345703, 3261.33325195, 495.662445068, 1699.53552246, 788.85168457, 1028.20373535, 946.137756348, 163.905899048, 101.219497681, 123.125343323, 45.1638145447, 54.1028900146, 16.9587669373, 8.77014923096, 3.44390392303, 0.806069433689, 0.601170599461, 1.13364923, 0.00573658756912, 0.00013149305596, 5.16035143505e-08, 3.68275909768e-10],
        "dvar2": [0.0371076948941, 4.1818189621, 52.7041549683, 94.4920043945, 112.914474487, 1034.26318359, 1658.81762695, 498.490692139, 1006.88793945, 901.488952637, 4813.03564453, 2734.34838867, 716.404785156, 11669.8251953, 13056.5009766, 7973.59960938, 3290.99560547, 2759.82104492, 7346.36132812, 7106.00488281, 1253.6295166, 2594.6784668, 2019.71594238, 1836.59484863, 1878.58740234, 356.731201172, 203.694229126, 271.887268066, 99.7165908813, 126.816886902, 34.2201690674, 20.3590106964, 8.36876487732, 1.81380164623, 1.28856706619, 2.41521906853, 0.0137427551672, 0.000345683307387, 1.32276667841e-07, 8.097729709e-10],
        "max": [2.0126850605, 20.5674686432, 70.289604187, 99.2102966309, 110.68196106, 247.460098267, 691.900512695, 359.337158203, 1072.79455566, 518.937072754, 1268.35131836, 632.770507812, 485.210021973, 1470.73901367, 2379.30981445, 1222.32531738, 911.643371582, 1156.01330566, 1487.09472656, 963.605102539, 362.54486084, 1791.24169922, 398.148010254, 1577.35839844, 496.16027832, 173.562576294, 145.079833984, 220.908569336, 91.4964447021, 117.597999573, 71.0541305542, 51.6594810486, 36.5529899597, 18.4073581696, 15.6820297241, 19.2024765015, 1.16239881516, 0.153580054641, 0.00260984734632, 0.000227378157433],
        "mean": [0.0582448728383, 0.897724509239, 3.29474782944, 5.40423488617, 6.00721311569, 7.10196352005, 14.8334541321, 13.6055202484, 15.2289962769, 12.3272752762, 30.6690349579, 19.5655441284, 12.2338180542, 39.7224960327, 35.114074707, 34.6487693787, 29.0757465363, 33.1999969482, 35.2518501282, 36.8333473206, 13.7538490295, 22.3163089752, 20.5352993011, 18.7710170746, 17.4662914276, 14.3443660736, 13.1347341537, 10.4325313568, 6.31978845596, 5.90593719482, 3.9769141674, 2.8177781105, 1.74860477448, 0.827788114548, 0.851040542126, 0.846829950809, 0.0744964927435, 0.00832112971693, 0.00019988520944, 3.84880586353e-05],
        "median": [0.0065818214789, 0.139355659485, 0.7565497756, 1.3648930788, 1.95177662373, 2.63587617874, 4.36115646362, 5.29706096649, 5.48911571503, 4.43970060349, 8.56005477905, 6.57947492599, 5.57601213455, 14.9595899582, 13.3652391434, 15.1656885147, 13.3731689453, 8.80887031555, 13.2707681656, 11.1468381882, 4.38085985184, 6.05401325226, 7.17434883118, 6.83913087845, 4.97257900238, 5.05743980408, 4.96706819534, 3.33277702332, 2.13397216797, 1.94792759418, 1.34247303009, 0.970500409603, 0.605999052525, 0.283790200949, 0.234391972423, 0.159082770348, 0.0218977313489, 0.00242697726935, 6.775118527e-05, 2.72861307167e-05],
        "min": [7.28638064648e-23, 1.41212049415e-21, 4.16474735156e-21, 1.02650900663e-20, 4.3395497597e-20, 2.80100416011e-20, 6.0632687867e-20, 1.48938935771e-19, 1.49497980619e-19, 2.07306208585e-19, 3.28841800961e-19, 9.03347196562e-19, 3.76998860356e-19, 1.63997262515e-18, 1.11518308496e-18, 2.24992196036e-18, 2.52241097057e-18, 3.3433548481e-18, 3.84782500673e-18, 3.49364488e-18, 3.48418110661e-18, 6.19833647228e-18, 7.63276443458e-18, 6.75769130533e-18, 9.70720354351e-18, 9.60638180737e-18, 1.35617113424e-17, 9.25059570947e-18, 1.3764281257e-17, 1.4374827403e-17, 1.24948129612e-17, 1.198265085e-17, 1.18828630896e-17, 9.03845779676e-18, 6.88683032897e-18, 5.63638346493e-18, 2.74522240832e-18, 9.64285075301e-19, 2.7146147094e-19, 2.85460804874e-20],
        "var": [0.0241203773767, 4.69581699371, 48.4773597717, 106.499023438, 131.696578979, 270.69128418, 1208.27563477, 578.070129395, 1247.79956055, 652.29107666, 4773.53125, 1945.33251953, 583.557861328, 9827.75195312, 14040.0351562, 4667.63183594, 2980.42871094, 6082.69335938, 6122.59570312, 6205.51171875, 790.548217773, 6940.86181641, 1217.01257324, 3422.71289062, 1641.6932373, 461.918945312, 358.642242432, 355.586883545, 105.728004456, 116.469642639, 53.2502861023, 24.1665878296, 8.62471580505, 2.29939198494, 1.91512453556, 3.53100132942, 0.0132609633729, 0.000174576824065, 8.20318888373e-08, 1.25455401623e-09]
    },
    "gfcc": {
        "mean": [-26.5336990356, 64.8410797119, -128.88343811, 21.521188736, -62.9555015564, 19.2174301147, -35.5029525757, 10.6181898117, -31.3335075378, 9.54880905151, -18.7444133759, 3.32320904732, -14.2803668976],
        "cov": [[19118.5058594, 1497.69885254, 2239.93920898, 1742.12976074, -57.1550712585, 138.173919678, -1093.72729492, -616.380187988, -783.302978516, 33.3293952942, -504.778106689, -167.949050903, -373.824493408], [1497.69885254, 1703.22045898, 746.620239258, 343.322845459, 117.867721558, -145.349334717, -69.6441879272, -266.966400146, -27.0705795288, -94.3790130615, 82.6044235229, -176.770584106, -17.8036117554], [2239.93920898, 746.620239258, 1383.24267578, 574.885925293, 116.915733337, 69.8325271606, -210.984649658, -284.806335449, -191.373916626, -18.3048152924, -89.3111572266, -132.811187744, -84.6824417114], [1742.12976074, 343.322845459, 574.885925293, 529.122375488, 108.457641602, 71.0343399048, -101.829238892, -149.209655762, -92.2870025635, -0.153433769941, -49.7012748718, -112.635536194, -49.9308700562], [-57.1550712585, 117.867721558, 116.915733337, 108.457641602, 289.625854492, 98.895614624, 56.0323982239, 6.43846178055, 20.1282138824, 10.8962593079, -29.8036708832, -16.4524040222, -12.6291351318], [138.173919678, -145.349334717, 69.8325271606, 71.0343399048, 98.895614624, 229.769683838, 76.7832336426, 21.8989925385, -2.97543621063, 11.8942756653, -33.2228012085, -8.03878307343, 3.22881293297], [-1093.72729492, -69.6441879272, -210.984649658, -101.829238892, 56.0323982239, 76.7832336426, 255.4168396, 123.533615112, 60.8661956787, 8.7106218338, 62.6581077576, -7.89486217499, 9.89098930359], [-616.380187988, -266.966400146, -284.806335449, -149.209655762, 6.43846178055, 21.8989925385, 123.533615112, 277.763641357, 127.140037537, -9.15834903717, 29.1435775757, 87.2347335815, 11.90974617], [-783.302978516, -27.0705795288, -191.373916626, -92.2870025635, 20.1282138824, -2.97543621063, 60.8661956787, 127.140037537, 201.347900391, 19.8236980438, 26.9267654419, 17.4201259613, 37.6114959717], [33.3293952942, -94.3790130615, -18.3048152924, -0.153433769941, 10.8962593079, 11.8942756653, 8.7106218338, -9.15834903717, 19.8236980438, 141.965133667, 18.8647556305, -15.3515949249, -7.23712110519], [-504.778106689, 82.6044235229, -89.3111572266, -49.7012748718, -29.8036708832, -33.2228012085, 62.6581077576, 29.1435775757, 26.9267654419, 18.8647556305, 166.426986694, 44.8941192627, 14.3516864777], [-167.949050903, -176.770584106, -132.811187744, -112.635536194, -16.4524040222, -8.03878307343, -7.89486217499, 87.2347335815, 17.4201259613, -15.3515949249, 44.8941192627, 220.293930054, 75.2893066406], [-373.824493408, -17.8036117554, -84.6824417114, -49.9308700562, -12.6291351318, 3.22881293297, 9.89098930359, 11.90974617, 37.6114959717, -7.23712110519, 14.3516864777, 75.2893066406, 127.37411499]],
        "icov": [[0.00015278958017, -0.000276043429039, 0.000149114915985, -0.000404176942538, 0.000279956526356, -0.000388015178032, 0.000582994543947, -0.000455673754914, 0.000541390443686, -0.000396360090235, 0.000396458373871, -0.000274510995951, 0.000320664170431], [-0.000276043429039, 0.00191213586368, -0.000992933171801, 0.000608756730799, -0.00118826329708, 0.00201549846679, -0.00158372428268, 0.00189815892372, -0.00191190349869, 0.0019416436553, -0.0018365328433, 0.00122592388652, -0.00103061494883], [0.000149114915985, -0.000992933171801, 0.00204484770074, -0.001600670279, 0.000434454588685, -0.00127908703871, 0.001330445637, -0.000409562606364, 0.00128895824309, -0.000808066222817, 0.000961692014243, -0.000752361258492, 0.000951174879447], [-0.000404176942538, 0.000608756730799, -0.001600670279, 0.00520164053887, -0.00170259887818, -7.81172730058e-06, -0.000147470957018, 0.000845349743031, -0.000782110262662, 0.00102165318094, -0.00174052536022, 0.00232242280617, -0.00125009508338], [0.000279956526356, -0.00118826329708, 0.000434454588685, -0.00170259887818, 0.00564432423562, -0.00242385175079, -0.000416229828261, -0.000517744745594, 6.96244460414e-05, -0.00151220802218, 0.00249876989983, -0.0020645596087, 0.00181108119432], [-0.000388015178032, 0.00201549846679, -0.00127908703871, -7.81172730058e-06, -0.00242385175079, 0.00863788370043, -0.00475206784904, 0.00202227360569, -0.00179225171451, 0.00137151987292, -2.05147671295e-06, 0.000525859475601, -0.00169330392964], [0.000582994543947, -0.00158372428268, 0.001330445637, -0.000147470957018, -0.000416229828261, -0.00475206784904, 0.011141252704, -0.00593868689612, 0.00390753149986, -0.00166981085204, -0.00205769343302, 0.00260091735981, -0.000468555255793], [-0.000455673754914, 0.00189815892372, -0.000409562606364, 0.000845349743031, -0.000517744745594, 0.00202227360569, -0.00593868689612, 0.0113455457613, -0.00728131877258, 0.00309935375117, -0.000222120783292, -0.00337064568885, 0.0026283217594], [0.000541390443686, -0.00191190349869, 0.00128895824309, -0.000782110262662, 6.96244460414e-05, -0.00179225171451, 0.00390753149986, -0.00728131877258, 0.0116081871092, -0.0034560719505, 0.000762810639571, 0.00173691264354, -0.00243494939059], [-0.000396360090235, 0.0019416436553, -0.000808066222817, 0.00102165318094, -0.00151220802218, 0.00137151987292, -0.00166981085204, 0.00309935375117, -0.0034560719505, 0.00969064887613, -0.00316118239425, 0.00168491527438, -0.000442067044787], [0.000396458373871, -0.0018365328433, 0.000961692014243, -0.00174052536022, 0.00249876989983, -2.05147671295e-06, -0.00205769343302, -0.000222120783292, 0.000762810639571, -0.00316118239425, 0.0106344753876, -0.00453946786001, 0.00237242714502], [-0.000274510995951, 0.00122592388652, -0.000752361258492, 0.00232242280617, -0.0020645596087, 0.000525859475601, 0.00260091735981, -0.00337064568885, 0.00173691264354, 0.00168491527438, -0.00453946786001, 0.0104337800294, -0.00640188809484], [0.000320664170431, -0.00103061494883, 0.000951174879447, -0.00125009508338, 0.00181108119432, -0.00169330392964, -0.000468555255793, 0.0026283217594, -0.00243494939059, -0.000442067044787, 0.00237242714502, -0.00640188809484, 0.0130140464753]]
    },
    "melbands": {
        "dmean": [0.000450559600722, 0.000783500901889, 0.0004189167812, 0.000256541155977, 0.000335924676619, 0.00018197108875, 0.000131089225761, 8.95536068128e-05, 0.000190597347682, 7.58560418035e-05, 4.26414990216e-05, 0.000106121842691, 8.77754500834e-05, 5.00015703437e-05, 6.78944707033e-05, 2.4468095944e-05, 2.9865615943e-05, 3.14098906529e-05, 5.00152200402e-05, 1.33288367579e-05, 9.15148393688e-06, 1.28043757286e-05, 9.82545861916e-06, 1.23133440866e-05, 9.7798929346e-06, 7.61318824516e-06, 7.46468413126e-06, 5.15908277521e-06, 4.27319537266e-06, 4.4944408728e-06, 2.55161148743e-06, 2.35120819525e-06, 1.84699786132e-06, 1.77022354819e-06, 1.40678014304e-06, 1.01343437109e-06, 1.08324763914e-06, 8.48603974646e-07, 5.2574870324e-07, 3.99154089337e-07],
        "dmean2": [0.000679063319694, 0.00111334281974, 0.00061242870288, 0.000406682520406, 0.000551749020815, 0.000266683113296, 0.000199673362658, 0.000143111858051, 0.000296171405353, 0.000121408251289, 6.53149763821e-05, 0.000161060088431, 0.000134489950142, 7.72956336732e-05, 0.000104543927591, 3.85393504985e-05, 4.28583116445e-05, 4.89545127493e-05, 7.51731422497e-05, 2.12312952499e-05, 1.54304598254e-05, 1.89092897926e-05, 1.62057822308e-05, 2.03728723136e-05, 1.51183166963e-05, 1.16155715659e-05, 1.12982297651e-05, 8.11497375253e-06, 6.5039293986e-06, 6.77385423842e-06, 3.91552475776e-06, 3.65978121408e-06, 2.84444490717e-06, 2.78107927443e-06, 2.08674396163e-06, 1.57691545155e-06, 1.78015056918e-06, 1.37417259793e-06, 8.43031216391e-07, 6.5106155489e-07],
        "dvar": [1.79400001343e-06, 4.14543410443e-06, 9.28034239678e-07, 5.33377260581e-07, 8.17735724468e-07, 1.6335441444e-07, 1.06616042217e-07, 5.61218058692e-08, 1.87944877439e-07, 3.39455397125e-08, 1.25587478195e-08, 9.21701897028e-08, 6.31046432886e-08, 2.6462016578e-08, 4.6318731961e-08, 4.14770706669e-09, 7.06814295981e-09, 1.42711318318e-08, 1.83602129056e-08, 1.22757215504e-09, 6.08356365284e-10, 2.1418014029e-09, 3.92143845174e-10, 1.0549513485e-09, 9.07260766514e-10, 5.17464682215e-10, 2.57603383069e-10, 1.03134993601e-10, 5.47468737011e-11, 8.54130238759e-11, 3.63388139024e-11, 2.18563483284e-11, 1.39227162785e-11, 1.48735104094e-11, 8.43804626866e-12, 3.73619277877e-12, 4.45051894643e-12, 2.51110590654e-12, 9.31186226218e-13, 6.50739607599e-13],
        "dvar2": [3.96335235564e-06, 8.17246291263e-06, 2.05948094845e-06, 1.39315397973e-06, 2.04234356715e-06, 3.09901281526e-07, 1.99756357233e-07, 1.29367592194e-07, 3.99947964524e-07, 8.09351590192e-08, 2.55066048283e-08, 1.83852790769e-07, 1.21985436863e-07, 5.08189721415e-08, 1.06510711362e-07, 7.21865101028e-09, 1.43819560705e-08, 3.25103322041e-08, 3.86667089458e-08, 2.715250913e-09, 1.60982172037e-09, 3.23347504327e-09, 9.44044176165e-10, 2.45014275535e-09, 1.58014668017e-09, 1.054047849e-09, 5.25668619744e-10, 2.26779664492e-10, 1.12080636439e-10, 1.67371269622e-10, 7.98007007696e-11, 5.19538127797e-11, 3.06292838315e-11, 3.51784330832e-11, 1.84101709572e-11, 8.41681498803e-12, 1.10656761532e-11, 6.31568798995e-12, 2.32609721415e-12, 1.53231507344e-12],
        "max": [0.0210732072592, 0.0264197122306, 0.0142042301595, 0.0102026714012, 0.0181368514895, 0.0105379456654, 0.0141590386629, 0.00684493035078, 0.011738024652, 0.00329051865265, 0.0031738334801, 0.00628779036924, 0.00581791438162, 0.00419687200338, 0.0052385176532, 0.00262391753495, 0.00266202352941, 0.00325140915811, 0.00232989923097, 0.000750235689338, 0.000403002777603, 0.00200089695863, 0.000469032878755, 0.000477160036098, 0.00158366863616, 0.00035856149043, 0.000249640113907, 0.00014178143465, 9.76995797828e-05, 0.000194792475668, 0.000124224010506, 5.66143535252e-05, 5.75861704419e-05, 6.00842577114e-05, 5.33391648787e-05, 2.84254529106e-05, 3.29155373038e-05, 2.59781008936e-05, 1.84145737876e-05, 1.3823459085e-05],
        "mean": [0.000737427675631, 0.00158487691078, 0.000989127787761, 0.000439089664724, 0.000470464030514, 0.000340203521773, 0.000227124997764, 0.000127125444124, 0.000280684384052, 0.000104513390397, 5.96730424149e-05, 0.000154189940076, 0.000131398672238, 7.40789473639e-05, 0.00011546658061, 4.61801173515e-05, 6.71924135531e-05, 5.5188069382e-05, 7.92332648416e-05, 2.04633197427e-05, 1.36862554427e-05, 2.40912577283e-05, 1.56405458256e-05, 1.76701614691e-05, 1.55359666678e-05, 1.042742133e-05, 1.25003052744e-05, 9.33096089284e-06, 8.18290027382e-06, 9.29674297367e-06, 4.6348077376e-06, 3.70396173821e-06, 3.10323844133e-06, 3.02863736579e-06, 2.38801362684e-06, 1.7736447262e-06, 1.74193371549e-06, 1.35899722409e-06, 8.77320474046e-07, 6.16573743173e-07],
        "median": [8.88059439603e-05, 0.000382616504794, 0.000285643793177, 0.000177282272489, 0.000165091405506, 0.000132592205773, 8.26560863061e-05, 4.21524819103e-05, 7.64512951719e-05, 3.5501729144e-05, 2.24023624469e-05, 5.82757857046e-05, 5.26212024852e-05, 2.93992288789e-05, 4.05047503591e-05, 1.51969998115e-05, 1.3703546756e-05, 1.35595655593e-05, 1.86989182112e-05, 5.33294360139e-06, 3.37973369824e-06, 5.66678500036e-06, 5.61475053473e-06, 5.57080784347e-06, 4.96136317452e-06, 2.11993369703e-06, 3.37330470757e-06, 2.64174832409e-06, 2.75994329968e-06, 2.38810048359e-06, 1.32733805458e-06, 1.09114398583e-06, 8.51834158766e-07, 9.6152587048e-07, 6.82597317336e-07, 5.74999319269e-07, 4.62687893332e-07, 4.11408564105e-07, 2.6845285106e-07, 1.69052398746e-07],
        "min": [1.28176713261e-24, 2.77213137387e-24, 2.94953258361e-24, 1.95367615458e-24, 2.15339857805e-24, 3.21153813935e-24, 2.21669026899e-24, 2.27487132454e-24, 3.50559728304e-24, 6.65143060594e-24, 1.30871186011e-24, 5.82693843135e-24, 2.96648224623e-24, 4.05225856326e-24, 6.25353034864e-24, 5.11990725112e-24, 5.28380217608e-24, 5.343811614e-24, 4.79213515057e-24, 4.11054867884e-24, 4.02089069266e-24, 4.75241837058e-24, 5.98311277464e-24, 6.60260327135e-24, 5.02411626583e-24, 5.32663180121e-24, 6.96843120526e-24, 5.41313237162e-24, 7.56359283723e-24, 8.13929011523e-24, 4.92709268538e-24, 7.93489941013e-24, 7.87105531935e-24, 6.5824514251e-24, 7.00622947554e-24, 6.50304074207e-24, 6.37388804024e-24, 8.14070296511e-24, 7.34961904986e-24, 7.23603096811e-24],
        "var": [3.49487186213e-06, 9.97156712401e-06, 3.09168308377e-06, 6.20321145561e-07, 1.06381889964e-06, 3.9397235696e-07, 2.3643269742e-07, 8.19762675519e-08, 4.03000910865e-07, 5.62557325168e-08, 2.17777476053e-08, 1.59085701057e-07, 1.29337990984e-07, 5.27406704975e-08, 6.46380939884e-08, 1.67698654963e-08, 2.98528135545e-08, 2.70204765229e-08, 3.7224594962e-08, 2.25229856987e-09, 9.49322620514e-10, 8.8685441213e-09, 8.65264693228e-10, 1.45114342764e-09, 3.2255655924e-09, 8.3593609812e-10, 5.68932179146e-10, 2.97189495235e-10, 1.68791591815e-10, 3.3216435158e-10, 9.33668697911e-11, 4.18396151058e-11, 3.22686703746e-11, 3.10531392267e-11, 2.29984486316e-11, 9.56258336404e-12, 1.03134055116e-11, 5.38954601434e-12, 2.2971986726e-12, 1.53665415895e-12]
    },
    "mfcc": {
        "mean": [-669.643188477, 102.187889099, -7.50701284409, 9.58452224731, -7.80613660812, 6.66647720337, 3.81458330154, 2.22257852554, -3.42120194435, 0.508481740952, -2.79104948044, 1.51778554916, -2.7283976078],
        "cov": [[13481.5634766, 1081.29125977, 1372.421875, 1222.67163086, 648.4609375, 548.48046875, -189.457702637, -420.543731689, -347.044647217, -81.6890640259, -201.700363159, -42.6938323975, -75.5371932983], [1081.29125977, 1451.11206055, 456.678924561, 357.245330811, 140.221679688, 107.819084167, -5.68928956985, -104.884757996, -122.271011353, -8.95161342621, -11.7283382416, 24.9118251801, -17.1839447021], [1372.421875, 456.678924561, 1092.10876465, 417.953796387, 242.946456909, 231.297225952, 2.52717995644, -161.544754028, -108.707313538, -2.6016702652, -100.960426331, -36.1913604736, -66.201789856], [1222.67163086, 357.245330811, 417.953796387, 436.70123291, 179.219406128, 145.591903687, 16.7759208679, -102.467391968, -70.5157394409, 33.7802429199, -34.0948486328, -16.5548915863, -22.2482318878], [648.4609375, 140.221679688, 242.946456909, 179.219406128, 280.821472168, 140.170150757, -7.92737817764, -13.0847759247, 11.5680828094, 4.31273794174, -20.5828971863, -21.2038440704, -10.046959877], [548.48046875, 107.819084167, 231.297225952, 145.591903687, 140.170150757, 290.046508789, 76.0944976807, -84.0684509277, -4.37125015259, 41.5861091614, -38.2632637024, -22.404460907, -49.0245056152], [-189.457702637, -5.68928956985, 2.52717995644, 16.7759208679, -7.92737817764, 76.0944976807, 198.302886963, 48.4488868713, -3.37547397614, 51.7747001648, 24.8066501617, 7.042719841, -4.09085798264], [-420.543731689, -104.884757996, -161.544754028, -102.467391968, -13.0847759247, -84.0684509277, 48.4488868713, 245.8565979, 96.0748596191, -33.3062324524, 45.626739502, 21.7074012756, 52.476764679], [-347.044647217, -122.271011353, -108.707313538, -70.5157394409, 11.5680828094, -4.37125015259, -3.37547397614, 96.0748596191, 181.307754517, 34.1886711121, 10.6368522644, 9.80823326111, -17.3284778595], [-81.6890640259, -8.95161342621, -2.6016702652, 33.7802429199, 4.31273794174, 41.5861091614, 51.7747001648, -33.3062324524, 34.1886711121, 179.142593384, 57.4214515686, -12.6198406219, -9.54369926453], [-201.700363159, -11.7283382416, -100.960426331, -34.0948486328, -20.5828971863, -38.2632637024, 24.8066501617, 45.626739502, 10.6368522644, 57.4214515686, 136.535598755, 37.0684814453, -9.20261287689], [-42.6938323975, 24.9118251801, -36.1913604736, -16.5548915863, -21.2038440704, -22.404460907, 7.042719841, 21.7074012756, 9.80823326111, -12.6198406219, 37.0684814453, 124.187347412, 16.1042709351], [-75.5371932983, -17.1839447021, -66.201789856, -22.2482318878, -10.046959877, -49.0245056152, -4.09085798264, 52.476764679, -17.3284778595, -9.54369926453, -9.20261287689, 16.1042709351, 202.942138672]],
