{
"lowlevel": {
    "average_loudness": 0.905078411102,
    "barkbands_crest": {
        "dmean": 3.16543292999,
        "dmean2": 5.06621646881,
        "dvar": 9.76932430267,
        "dvar2": 24.952085495,
        "max": 26.1451854706,
        "mean": 13.2635269165,
        "median": 12.8211803436,
        "min": 2.32074785233,
        "var": 23.1825714111
    },
    "barkbands_flatness_db": {
        "dmean": 0.0330832488835,
        "dmean2": 0.05005543679,
        "dvar": 0.00112204055768,
        "dvar2": 0.00250827008858,
        "max": 0.402668863535,
        "mean": 0.150405883789,
        "median": 0.14279730618,
        "min": 0.0184330586344,
        "var": 0.00436310842633
    },
    "barkbands_kurtosis": {
        "dmean": 4.36620092392,
        "dmean2": 6.95670509338,
        "dvar": 149.456787109,
        "dvar2": 372.811584473,
        "max": 649.63079834,
        "mean": 5.86970281601,
        "median": 2.99347114563,
        "min": -1.7884106636,
        "var": 167.129806519
    },
    "barkbands_skewness": {
        "dmean": 0.703196823597,
        "dmean2": 1.07317388058,
        "dvar": 0.638611376286,
        "dvar2": 1.48093569279,
        "max": 22.0723266602,
        "mean": 1.82292473316,
        "median": 1.66378736496,
        "min": -2.21197128296,
        "var": 1.79269719124
    },
    "barkbands_spread": {
        "dmean": 8.56573200226,
        "dmean2": 13.2579517365,
        "dvar": 100.840652466,
        "dvar2": 230.095901489,
        "max": 84.846572876,
        "mean": 22.5250339508,
        "median": 18.2456626892,
        "min": 0.366935372353,
        "var": 223.510223389
    },
    "dissonance": {
        "dmean": 0.0249049756676,
        "dmean2": 0.0408509671688,
        "dvar": 0.000603367632721,
        "dvar2": 0.0015435348032,
        "max": 0.500000059605,
        "mean": 0.446354687214,
        "median": 0.454235076904,
        "min": 0.241279497743,
        "var": 0.00151038309559
    },
    "dynamic_complexity": 2.57991981506,
    "erbbands_crest": {
        "dmean": 3.23217844963,
        "dmean2": 4.96747159958,
        "dvar": 11.1484870911,
        "dvar2": 23.3493556976,
        "max": 31.9430332184,
        "mean": 11.6851005554,
        "median": 10.3845386505,
        "min": 2.64072751999,
        "var": 35.6185073853
    },
    "erbbands_flatness_db": {
        "dmean": 0.0223696641624,
        "dmean2": 0.0317821875215,
        "dvar": 0.000672983122058,
        "dvar2": 0.00121146603487,
        "max": 0.395279288292,
        "mean": 0.15226097405,
        "median": 0.135043114424,
        "min": 0.0409393683076,
        "var": 0.00388510618359
    },
    "erbbands_kurtosis": {
        "dmean": 1.26464700699,
        "dmean2": 1.96713352203,
        "dvar": 4.46747303009,
        "dvar2": 9.42882156372,
        "max": 29.926322937,
        "mean": 1.10250973701,
        "median": 0.0813918113708,
        "min": -1.79417598248,
        "var": 11.9459667206
    },
    "erbbands_skewness": {
        "dmean": 0.426687240601,
        "dmean2": 0.642211377621,
        "dvar": 0.198358654976,
        "dvar2": 0.428823918104,
        "max": 4.78385686874,
        "mean": 0.56719660759,
        "median": 0.499786585569,
        "min": -2.91524004936,
        "var": 0.762478709221
    },
    "erbbands_spread": {
        "dmean": 10.6273536682,
        "dmean2": 15.4977855682,
        "dvar": 116.68712616,
        "dvar2": 236.647094727,
        "max": 155.735046387,
        "mean": 41.0578155518,
        "median": 38.7088661194,
        "min": 2.92528510094,
        "var": 410.505462646
    },
    "hfc": {
        "dmean": 13.1415462494,
        "dmean2": 19.7477226257,
        "dvar": 397.063049316,
        "dvar2": 921.641906738,
        "max": 168.276199341,
        "mean": 25.4661941528,
        "median": 16.3147296906,
        "min": 1.19673658758e-16,
        "var": 620.182128906
    },
    "melbands_crest": {
        "dmean": 3.29573845863,
        "dmean2": 5.34044933319,
        "dvar": 10.940653801,
        "dvar2": 29.7304134369,
        "max": 34.9726104736,
        "mean": 16.840423584,
        "median": 16.917596817,
        "min": 1.84297204018,
        "var": 25.7564373016
    },
    "melbands_flatness_db": {
        "dmean": 0.0402512811124,
        "dmean2": 0.0598204471171,
        "dvar": 0.00174443679862,
        "dvar2": 0.00388896628283,
        "max": 0.520943343639,
        "mean": 0.219442591071,
        "median": 0.214269950986,
        "min": 0.00853354576975,
        "var": 0.00573443388566
    },
    "melbands_kurtosis": {
        "dmean": 10.0096464157,
        "dmean2": 15.9771642685,
        "dvar": 329.06262207,
        "dvar2": 819.432617188,
        "max": 460.620788574,
        "mean": 16.940990448,
        "median": 10.3566293716,
        "min": -1.67486917973,
        "var": 547.635559082
    },
    "melbands_skewness": {
        "dmean": 0.938244044781,
        "dmean2": 1.41422510147,
        "dvar": 1.0263671875,
        "dvar2": 2.41280078888,
        "max": 13.4031896591,
        "mean": 2.95081543922,
        "median": 2.75941085815,
        "min": -2.08540582657,
        "var": 3.30855679512
    },
    "melbands_spread": {
        "dmean": 8.6702671051,
        "dmean2": 13.8467350006,
        "dvar": 126.99949646,
        "dvar2": 307.801544189,
        "max": 144.599761963,
        "mean": 20.6340236664,
        "median": 15.9636211395,
        "min": 0.391994506121,
        "var": 252.213684082
    },
    "pitch_salience": {
        "dmean": 0.0836987644434,
        "dmean2": 0.135498926044,
        "dvar": 0.00737719330937,
        "dvar2": 0.0179400667548,
        "max": 0.935115277767,
        "mean": 0.453514635563,
        "median": 0.445062339306,
        "min": 0.0769741311669,
        "var": 0.0152179030702
    },
    "silence_rate_20dB": {
        "dmean": 0,
        "dmean2": 0,
        "dvar": 0,
        "dvar2": 0,
        "max": 1,
        "mean": 1,
        "median": 1,
        "min": 1,
        "var": 0
    },
    "silence_rate_30dB": {
        "dmean": 0.0307878050953,
        "dmean2": 0.0615849047899,
        "dvar": 0.0298388991505,
        "dvar2": 0.0834496542811,
        "max": 1,
        "mean": 0.98159044981,
        "median": 1,
        "min": 0,
        "var": 0.0180697571486
    },
    "silence_rate_60dB": {
        "dmean": 0.0120736490935,
        "dmean2": 0.0241509433836,
        "dvar": 0.0119271064177,
        "dvar2": 0.0289990510792,
        "max": 1,
        "mean": 0.0267089176923,
        "median": 0,
        "min": 0,
        "var": 0.0259985234588
    },
    "spectral_centroid": {
        "dmean": 335.703186035,
        "dmean2": 528.229614258,
        "dvar": 162069.640625,
        "dvar2": 396745.875,
        "max": 11299.1025391,
        "mean": 1311.83569336,
        "median": 1202.18347168,
        "min": 158.204605103,
        "var": 426651.84375
    },
    "spectral_complexity": {
        "dmean": 6.01328086853,
        "dmean2": 9.16015052795,
        "dvar": 64.90284729,
        "dvar2": 131.307220459,
        "max": 59,
        "mean": 16.4976615906,
        "median": 14,
        "min": 0,
        "var": 116.963470459
    },
    "spectral_decrease": {
        "dmean": 3.66115315842e-09,
        "dmean2": 5.51778445157e-09,
        "dvar": 2.92407188485e-17,
        "dvar2": 7.24424994314e-17,
        "max": 1.64510131214e-28,
        "mean": -8.88779450037e-09,
        "median": -6.24837426244e-09,
        "min": -4.69131009595e-08,
        "var": 5.87334564685e-17
    },
    "spectral_energy": {
        "dmean": 0.0145715400577,
        "dmean2": 0.0218702666461,
        "dvar": 0.000436410249677,
        "dvar2": 0.00107033713721,
        "max": 0.179302662611,
        "mean": 0.0358545407653,
        "median": 0.0261841285974,
        "min": 1.07699965886e-20,
        "var": 0.000901296269149
    },
    "spectral_energyband_high": {
        "dmean": 0.00111651001498,
        "dmean2": 0.00172911805566,
        "dvar": 3.40804558618e-06,
        "dvar2": 7.73923420638e-06,
        "max": 0.0135473441333,
        "mean": 0.00150129490066,
        "median": 0.00050506030675,
        "min": 7.8320788506e-21,
        "var": 5.02008060721e-06
    },
    "spectral_energyband_low": {
        "dmean": 0.00990086514503,
        "dmean2": 0.0151382656768,
        "dvar": 0.000352112983819,
        "dvar2": 0.000932213850319,
        "max": 0.166704058647,
        "mean": 0.0178257413208,
        "median": 0.0062817549333,
        "min": 2.77704818612e-23,
        "var": 0.000608107424341
    },
    "spectral_energyband_middle_high": {
        "dmean": 0.00239628809504,
        "dmean2": 0.00367046310566,
        "dvar": 1.20003014672e-05,
        "dvar2": 2.67809427896e-05,
        "max": 0.0464897118509,
        "mean": 0.00520994979888,
        "median": 0.0031673705671,
        "min": 1.26908438627e-21,
        "var": 3.1701183616e-05
    },
    "spectral_energyband_middle_low": {
        "dmean": 0.00598639296368,
        "dmean2": 0.00957627873868,
        "dvar": 0.000135536276503,
        "dvar2": 0.000349043111783,
        "max": 0.138240680099,
        "mean": 0.0122096305713,
        "median": 0.00891046691686,
        "min": 3.24321342116e-22,
        "var": 0.000151291344082
    },
    "spectral_entropy": {
        "dmean": 0.300838053226,
        "dmean2": 0.436216205359,
        "dvar": 0.118363857269,
        "dvar2": 0.236612915993,
        "max": 9.81261634827,
        "mean": 7.43280315399,
        "median": 7.47425079346,
        "min": 4.89647436142,
        "var": 0.4239602983
    },
    "spectral_flux": {
        "dmean": 0.0361441187561,
        "dmean2": 0.0577627830207,
        "dvar": 0.00176694907714,
        "dvar2": 0.00387195288204,
        "max": 0.349292397499,
        "mean": 0.0884892046452,
        "median": 0.067037768662,
        "min": 6.85266982048e-11,
        "var": 0.00428977562115
    },
    "spectral_kurtosis": {
        "dmean": 1.63685405254,
        "dmean2": 2.62534880638,
        "dvar": 5.67539215088,
        "dvar2": 14.9690380096,
        "max": 42.5868492126,
        "mean": 4.1452088356,
        "median": 3.31713008881,
        "min": -1.23461425304,
        "var": 11.9762334824
    },
    "spectral_rms": {
        "dmean": 0.00108260381967,
        "dmean2": 0.00158124906011,
        "dvar": 1.75411594228e-06,
        "dvar2": 3.90974764741e-06,
        "max": 0.0132260890678,
        "mean": 0.00539424363524,
        "median": 0.00505425455049,
        "min": 3.24149864936e-12,
        "var": 5.88204147789e-06
    },
    "spectral_rolloff": {
        "dmean": 840.389587402,
        "dmean2": 1459.47143555,
        "dvar": 2264482,
        "dvar2": 5546906.5,
        "max": 19272.2167969,
        "mean": 1465.20019531,
        "median": 947.4609375,
        "min": 64.599609375,
        "var": 2816209.75
    },
    "spectral_skewness": {
        "dmean": 0.244273379445,
        "dmean2": 0.368357360363,
        "dvar": 0.0683748796582,
        "dvar2": 0.156137734652,
        "max": 4.91118717194,
        "mean": 1.53580999374,
        "median": 1.48937523365,
        "min": 0.00689237331972,
        "var": 0.223081767559
    },
    "spectral_spread": {
        "dmean": 721220.0625,
        "dmean2": 1123061.25,
        "dvar": 979680690176,
        "dvar2": 2.07459857203e+12,
        "max": 42166700,
        "mean": 5605029.5,
        "median": 5904723,
        "min": 1401148.5,
        "var": 3.68705798144e+12
    },
    "spectral_strongpeak": {
        "dmean": 0.506522536278,
        "dmean2": 0.858291924,
        "dvar": 0.823718249798,
        "dvar2": 1.88578414917,
        "max": 11.7049121857,
        "mean": 1.10329461098,
        "median": 0.715964794159,
        "min": 0,
        "var": 1.3018014431
    },
    "zerocrossingrate": {
        "dmean": 0.0163183659315,
        "dmean2": 0.0198907721788,
        "dvar": 0.000372086273273,
        "dvar2": 0.000509788107593,
        "max": 0.66845703125,
        "mean": 0.0633299350739,
        "median": 0.05517578125,
        "min": 0.0029296875,
        "var": 0.00160808383953
    },
    "barkbands": {
        "dmean": [0.000164164128364, 0.00703330850229, 0.00322278193198, 0.00136467127595, 0.0036884744186, 0.00113405496813, 0.000704413221683, 0.000474393775221, 0.000668950204272, 0.000318786507705, 0.000682181038428, 0.000527451978996, 0.000374293478671, 0.00028585162363, 0.000308308692183, 0.000240730500082, 0.000231008976698, 0.000196778317331, 0.000211848586332, 0.000201293791179, 0.000212282742723, 0.000203816496651, 0.00018779731181, 0.000189345533727, 0.000207804943784, 9.12412360776e-05, 2.84449106402e-05],
        "dmean2": [0.000273444718914, 0.0104242060333, 0.00533914985135, 0.00221413676627, 0.00640818476677, 0.00179877236951, 0.00111881946214, 0.000805100193247, 0.000957536452916, 0.000491366430651, 0.00103536888491, 0.00081039610086, 0.000600867497269, 0.000448994047474, 0.000492383085657, 0.000388035638025, 0.000369066925487, 0.000328279857058, 0.000353945360985, 0.000329188245814, 0.000348712375853, 0.000323741493048, 0.00029461455415, 0.000286868569674, 0.000335760501912, 0.00014151315554, 4.70491177111e-05],
        "dvar": [2.48568568395e-07, 0.000223451890633, 7.55319779273e-05, 1.10066475827e-05, 0.000102286248875, 5.13163331561e-06, 2.23529309551e-06, 1.32545380893e-06, 1.43463023505e-06, 1.20342201626e-06, 2.45558931056e-06, 1.73667160652e-06, 1.04501373244e-06, 5.72235762775e-07, 8.07719288787e-07, 3.33853307666e-07, 3.9474349478e-07, 1.04990007799e-07, 1.54474903979e-07, 1.1012135559e-07, 1.43014673881e-07, 1.42183893104e-07, 1.17933630861e-07, 1.1668264932e-07, 2.26407365744e-07, 2.26105907331e-08, 5.61990365355e-09],
        "dvar2": [6.50386084544e-07, 0.000485867552925, 0.000208102501347, 2.72976303677e-05, 0.000284827227006, 1.31099914142e-05, 4.89526973979e-06, 3.44785507878e-06, 2.65265794042e-06, 2.19524531531e-06, 5.18302204e-06, 3.29304862134e-06, 2.28007320402e-06, 1.03861339085e-06, 1.70485066064e-06, 6.87882163675e-07, 7.55386963647e-07, 2.65747530648e-07, 3.9233364646e-07, 2.77183914932e-07, 3.65010521364e-07, 3.53218013061e-07, 2.61260112211e-07, 2.58656683627e-07, 5.59648810849e-07, 5.19198373183e-08, 1.4350064248e-08],
        "max": [0.0205213166773, 0.154335826635, 0.0983196571469, 0.0482686720788, 0.114536829293, 0.0509870797396, 0.0337746851146, 0.0240230727941, 0.0306890755892, 0.0275014936924, 0.030793229118, 0.0287484955043, 0.0288423616439, 0.0230761747807, 0.0300052892417, 0.0182338971645, 0.0264999400824, 0.00549403671175, 0.00542072812095, 0.00408030999824, 0.0037878556177, 0.00314121111296, 0.00361704779789, 0.0032399056945, 0.00491087604314, 0.00157160998788, 0.00117584515829],
        "mean": [0.000230005811318, 0.0126585634425, 0.00408549886197, 0.00178294442594, 0.00439357059076, 0.00221620034426, 0.00133397057652, 0.000698210555129, 0.00171185738873, 0.000448011240223, 0.00119957665447, 0.00081938348012, 0.000574211764615, 0.000443847093266, 0.000445152982138, 0.000310945819365, 0.000308731221594, 0.000275975180557, 0.000263412162894, 0.000280749663943, 0.000287768081762, 0.000265786307864, 0.000249099190114, 0.000227859811275, 0.000205422198633, 0.000107458821731, 3.02650551021e-05],
        "median": [4.09381209465e-05, 0.00249870796688, 0.000775885593612, 0.00053767405916, 0.00137135724071, 0.000803300063126, 0.000293021847028, 0.000189170037629, 0.000481732422486, 6.82886966388e-05, 0.000233881743043, 0.000173700536834, 0.000151678570546, 0.000131691151182, 0.000142225966556, 9.79234318947e-05, 9.62351696217e-05, 0.00014231755631, 0.00011704073404, 0.000116303010145, 9.8562653875e-05, 7.09715823177e-05, 6.16519173491e-05, 6.48975546937e-05, 6.05622190051e-05, 4.80623530166e-05, 1.15057109724e-05],
        "min": [4.34945480956e-24, 3.92450293409e-24, 2.72465378029e-24, 2.59260240906e-23, 3.42749177038e-23, 3.09069202452e-23, 3.0771652688e-23, 1.35827743046e-23, 4.51569257252e-23, 5.2775397249e-23, 5.5760330163e-23, 6.4146786177e-23, 2.0430460882e-23, 4.98287083118e-23, 4.46478422286e-23, 9.44501457882e-23, 1.3055702255e-22, 1.90747500894e-22, 1.26059429918e-22, 3.63668158968e-22, 3.02655157447e-22, 4.34278606345e-22, 5.96019426697e-22, 6.88178625753e-22, 1.0729697787e-21, 1.62044540635e-21, 2.11070299617e-21],
        "var": [5.9679905462e-07, 0.000390874192817, 8.05086456239e-05, 1.27628009068e-05, 8.42804365675e-05, 1.26560389617e-05, 7.85538577475e-06, 2.22672133532e-06, 8.65849597176e-06, 2.51267715612e-06, 7.36767879062e-06, 4.55148528999e-06, 2.71130420515e-06, 1.49231595969e-06, 1.45840817822e-06, 6.96280267221e-07, 6.99327131315e-07, 1.54610319214e-07, 1.64727978813e-07, 1.56745016966e-07, 1.91265840499e-07, 2.20949516461e-07, 2.11777901882e-07, 1.49984217046e-07, 1.97510729549e-07, 2.58543391141e-08, 4.63058169586e-09]
    },
    "erbbands": {
        "dmean": [0.118483155966, 1.86344838142, 4.02338695526, 4.16644763947, 7.20927190781, 16.2581501007, 9.70474910736, 9.85200786591, 7.84993457794, 12.0502929688, 11.9010877609, 12.750784874, 11.92902565, 20.3092346191, 20.6643695831, 17.563955307, 17.0143165588, 14.0738353729, 12.3901405334, 15.7575788498, 14.4444131851, 13.6306037903, 10.9022045135, 10.916891098, 10.064406395, 9.09225463867, 9.50632476807, 7.87205982208, 7.07253170013, 5.65129327774, 5.2725520134, 4.26746225357, 3.23953390121, 2.38125443459, 1.45377087593, 0.458177268505, 0.165905117989, 0.0478423833847, 0.00443585030735, 7.81914714025e-05],
        "dmean2": [0.172598525882, 2.79649114609, 6.60498857498, 6.54821014404, 11.5538396835, 29.2103557587, 16.68592453, 15.1909284592, 12.3948316574, 19.5114078522, 19.3347110748, 18.6710948944, 17.1706809998, 30.1956348419, 32.1171607971, 27.6425361633, 26.7340259552, 22.4691925049, 19.5673141479, 24.8456630707, 22.8475971222, 21.7631206512, 18.0424213409, 18.5815944672, 16.51014328, 14.8391370773, 15.8704662323, 12.8857088089, 11.2359342575, 8.78851699829, 8.25873947144, 6.46132087708, 4.96669244766, 3.85609078407, 2.3619222641, 0.71707367897, 0.261150121689, 0.0767546966672, 0.00733862770721, 0.000122826371808],
        "dvar": [0.0533925630152, 16.2600708008, 83.4998779297, 126.244728088, 329.805297852, 2227.84960938, 514.319213867, 364.443695068, 267.060241699, 680.037231445, 777.349731445, 710.665100098, 868.278320312, 2778.18383789, 1765.1505127, 1636.2409668, 2224.14672852, 1359.93859863, 924.790649414, 1859.76525879, 1413.7578125, 1664.74755859, 333.224243164, 411.818206787, 305.355560303, 227.055526733, 311.223358154, 195.294937134, 174.050689697, 90.8151016235, 93.1501541138, 51.9819412231, 41.7785949707, 27.2054634094, 12.5122613907, 0.656305909157, 0.0783966705203, 0.00998182129115, 0.000146411708556, 2.76447931213e-08],
        "dvar2": [0.109604366124, 36.561164856, 246.476516724, 318.972381592, 857.945739746, 6464.76806641, 1439.74645996, 888.778503418, 575.812255859, 1584.74230957, 1925.35009766, 1307.9621582, 1538.59790039, 5454.12109375, 3917.36425781, 3281.64355469, 4541.22607422, 2802.24414062, 1789.71350098, 3731.42285156, 2841.07250977, 3164.63354492, 815.114196777, 1084.4407959, 755.478088379, 563.616577148, 809.002197266, 490.223175049, 438.078033447, 192.276184082, 211.20513916, 112.873687744, 96.5236816406, 67.0336914062, 31.8439331055, 1.53551208973, 0.182549834251, 0.0244494900107, 0.000375855801394, 6.92286477033e-08],
        "max": [3.42274904251, 39.0607681274, 86.2294769287, 135.623123169, 267.847564697, 523.641906738, 336.683319092, 386.111022949, 349.498382568, 473.044342041, 464.847137451, 801.918334961, 798.582763672, 1330.25305176, 764.916748047, 1011.98699951, 1414.6505127, 1037.36633301, 888.642211914, 1280.69726562, 1250.24584961, 1825.06616211, 373.118621826, 252.170516968, 213.55897522, 211.976791382, 150.352310181, 108.955863953, 128.072174072, 92.5286102295, 114.038581848, 79.7802200317, 66.5124206543, 53.1065673828, 37.6075668335, 8.90736198425, 2.54758834839, 1.2197136879, 0.186274841428, 0.00245086452924],
        "mean": [0.234486743808, 3.21856117249, 5.73973464966, 5.38299798965, 8.9853477478, 18.7221317291, 14.1395673752, 19.3976192474, 14.2463617325, 23.7515964508, 22.2213134766, 30.6805896759, 25.1693782806, 34.9364547729, 35.9341659546, 27.5237846375, 28.7080898285, 22.5603713989, 17.7942962646, 24.3069801331, 20.2626514435, 19.2594680786, 15.3512744904, 14.5040082932, 13.6153841019, 12.6229295731, 12.3164024353, 10.5314702988, 9.30718326569, 8.08107185364, 6.80577754974, 5.20981502533, 3.71711659431, 2.38057899475, 1.40342521667, 0.517207980156, 0.19084200263, 0.054573148489, 0.00481859222054, 0.000116830902698],
        "median": [0.0446152165532, 0.596174240112, 1.15418338776, 1.97518563271, 3.03689527512, 4.97561979294, 5.83489608765, 6.67785453796, 4.94063138962, 5.53463554382, 6.22025442123, 9.13785266876, 6.60849571228, 8.28809261322, 10.9756536484, 8.48865318298, 7.97443246841, 8.10346221924, 5.59406757355, 8.4703130722, 6.91903781891, 6.80988693237, 7.54280948639, 7.50678634644, 6.4189081192, 5.24152088165, 4.08964824677, 3.36896896362, 2.58349823952, 2.1126844883, 1.7089215517, 1.34764873981, 1.0669157505, 0.699362158775, 0.412866026163, 0.207852557302, 0.0843818560243, 0.0251061599702, 0.00184620288201, 7.36565634725e-05],
        "min": [2.00386194709e-22, 7.11557130835e-22, 4.32655405757e-21, 7.07892573299e-20, 8.1460779036e-20, 6.93657053451e-20, 6.85305372698e-20, 3.29046890054e-19, 5.03002791928e-19, 4.84412269552e-19, 5.95312219181e-19, 1.1491217885e-18, 2.83975157474e-18, 1.23605268062e-18, 2.71094487091e-18, 2.5657707443e-18, 1.28644297257e-18, 2.11065990038e-18, 2.9557318092e-18, 3.67978367888e-18, 6.1732096204e-18, 8.16750940364e-18, 1.03650726924e-17, 8.99446833178e-18, 9.99637678667e-18, 1.28652897867e-17, 1.16529846343e-17, 1.24383760823e-17, 1.49983743467e-17, 1.50415846076e-17, 1.85031137867e-17, 1.68472421298e-17, 1.24469465007e-17, 1.11674238245e-17, 8.36190015631e-18, 5.64826798238e-18, 3.00600722645e-18, 1.04626704921e-18, 2.71463383795e-19, 3.40435842307e-20],
        "var": [0.132972970605, 27.1344718933, 99.651802063, 128.401580811, 304.615631104, 1796.99719238, 614.702636719, 1078.15966797, 790.80670166, 2278.63671875, 1899.37841797, 3150.89990234, 3262.73657227, 7314.93261719, 4662.98339844, 3914.99145508, 6356.27636719, 3274.46362305, 2087.74194336, 4012.36206055, 3105.27148438, 3019.76367188, 504.30291748, 408.957946777, 363.280975342, 322.739807129, 373.607391357, 267.977844238, 264.056427002, 200.573425293, 161.395355225, 79.8918380737, 45.6422348022, 24.2157382965, 10.3013277054, 0.706957638264, 0.0853674784303, 0.00933336559683, 0.000119650219858, 2.65971227265e-08]
    },
    "gfcc": {
        "mean": [7.25778913498, 62.3517303467, -106.559738159, 23.559923172, -55.6363296509, 9.68769836426, -32.52917099, 8.31182003021, -25.23087883, 4.93431425095, -15.2114219666, 5.7898888588, -10.2327423096],
        "cov": [[9141.40527344, -1395.88500977, 1609.45019531, 779.662841797, 414.355865479, 1030.71533203, -348.05368042, 121.602561951, -332.238616943, 111.02986145, -275.811706543, 103.47517395, -399.022064209], [-1395.88500977, 1542.69494629, 63.6231193542, 139.709579468, 93.4788970947, -169.013885498, 223.578414917, -8.59564685822, 173.76612854, -114.671699524, 80.3914794922, -130.751174927, 129.730865479], [1609.45019531, 63.6231193542, 1589.04736328, 658.018310547, 545.444885254, 688.281677246, 84.0171127319, 98.9822387695, -64.5667266846, -3.44504547119, -96.3538208008, -13.1555118561, -133.68963623], [779.662841797, 139.709579468, 658.018310547, 597.548156738, 281.030334473, 370.446899414, 93.2980575562, 50.1673202515, 15.5552225113, -20.5613956451, -54.6927642822, -59.7508544922, -37.0867614746], [414.355865479, 93.4788970947, 545.444885254, 281.030334473, 411.966491699, 357.627593994, 117.477622986, 54.7042236328, -16.3721389771, -6.40004062653, -32.9962654114, -20.8846492767, -45.7828102112], [1030.71533203, -169.013885498, 688.281677246, 370.446899414, 357.627593994, 594.231933594, 172.840118408, 169.689315796, -2.86581087112, 23.5075492859, -56.4139328003, -12.8231973648, -76.6056747437], [-348.05368042, 223.578414917, 84.0171127319, 93.2980575562, 117.477622986, 172.840118408, 265.268157959, 165.913223267, 121.434631348, 3.13828396797, 20.7848129272, -28.8972816467, 32.814163208], [121.602561951, -8.59564685822, 98.9822387695, 50.1673202515, 54.7042236328, 169.689315796, 165.913223267, 257.403106689, 154.684249878, 76.8262710571, -1.34267938137, -27.3169727325, -1.69939565659], [-332.238616943, 173.76612854, -64.5667266846, 15.5552225113, -16.3721389771, -2.86581087112, 121.434631348, 154.684249878, 234.168579102, 104.180381775, 49.4705047607, -51.5488853455, 22.111618042], [111.02986145, -114.671699524, -3.44504547119, -20.5613956451, -6.40004062653, 23.5075492859, 3.13828396797, 76.8262710571, 104.180381775, 164.411743164, 73.9889602661, 7.3176612854, -38.0241470337], [-275.811706543, 80.3914794922, -96.3538208008, -54.6927642822, -32.9962654114, -56.4139328003, 20.7848129272, -1.34267938137, 49.4705047607, 73.9889602661, 144.008605957, 70.9294967651, 14.326089859], [103.47517395, -130.751174927, -13.1555118561, -59.7508544922, -20.8846492767, -12.8231973648, -28.8972816467, -27.3169727325, -51.5488853455, 7.3176612854, 70.9294967651, 151.709762573, 43.3241500854], [-399.022064209, 129.730865479, -133.68963623, -37.0867614746, -45.7828102112, -76.6056747437, 32.814163208, -1.69939565659, 22.111618042, -38.0241470337, 14.326089859, 43.3241500854, 131.596725464]],
        "icov": [[0.000218548899284, -3.99912241846e-05, 1.4639265828e-05, -0.000185088560102, 0.000169275168446, -0.000387961481465, 0.000538576743565, -0.000243898131885, 6.99936717865e-05, -0.000161715608556, 0.000453924527392, -0.000506331969518, 0.000419203395722], [-3.99912241846e-05, 0.00192216329742, -0.000785151612945, -8.49080315675e-05, -0.000851052580401, 0.00182262517046, -0.00117278087419, 0.000182200659765, -0.000859474472236, 0.00256203091703, -0.00337779079564, 0.00302699091844, -0.00152216129936], [1.4639265828e-05, -0.000785151612945, 0.00227018166333, -0.00108343688771, -0.000821307941806, -0.00170172960497, 0.00152708415408, -0.000400665128836, -3.47947388946e-05, -0.000582348904572, 0.00172918499447, -0.00218233163469, 0.00152484665159], [-0.000185088560102, -8.49080315675e-05, -0.00108343688771, 0.00429133092985, -9.49349996517e-05, -0.00189692364074, 9.60325342021e-05, 0.0017826409312, -0.00174903857987, 0.00115797587205, -0.00102849805262, 0.00205824128352, -0.00144416477997], [0.000169275168446, -0.000851052580401, -0.000821307941806, -9.49349996517e-05, 0.00709209870547, -0.00367993116379, -0.00149493198842, 0.00222488329746, 0.000663847604301, -0.00199259724468, 0.00179729936644, -0.000872709904797, 0.000622167484835], [-0.000387961481465, 0.00182262517046, -0.00170172960497, -0.00189692364074, -0.00367993116379, 0.0107120992616, -0.00548316724598, -0.0031847411301, 0.0033318833448, -0.000517166859936, -0.00106069620233, 0.00137514807284, -1.41757789152e-06], [0.000538576743565, -0.00117278087419, 0.00152708415408, 9.60325342021e-05, -0.00149493198842, -0.00548316724598, 0.0152799738571, -0.00663468847051, -0.00339862401597, 0.0063453684561, -0.00432562222704, 0.000556725135539, -0.000548006093595], [-0.000243898131885, 0.000182200659765, -0.000400665128836, 0.0017826409312, 0.00222488329746, -0.0031847411301, -0.00663468847051, 0.0148866465315, -0.00721779558808, -0.00362401036546, 0.00581024540588, -0.00264905625954, 0.000348179542925], [6.99936717865e-05, -0.000859474472236, -3.47947388946e-05, -0.00174903857987, 0.000663847604301, 0.0033318833448, -0.00339862401597, -0.00721779558808, 0.0179455410689, -0.00965079385787, -0.00167633569799, 0.00542052369565, -0.00394986895844], [-0.000161715608556, 0.00256203091703, -0.000582348904572, 0.00115797587205, -0.00199259724468, -0.000517166859936, 0.0063453684561, -0.00362401036546, -0.00965079385787, 0.0223618298769, -0.0138926599175, 0.00446538440883, 0.00222057569772], [0.000453924527392, -0.00337779079564, 0.00172918499447, -0.00102849805262, 0.00179729936644, -0.00106069620233, -0.00432562222704, 0.00581024540588, -0.00167633569799, -0.0138926599175, 0.0267530735582, -0.0173294972628, 0.00639479840174], [-0.000506331969518, 0.00302699091844, -0.00218233163469, 0.00205824128352, -0.000872709904797, 0.00137514807284, 0.000556725135539, -0.00264905625954, 0.00542052369565, 0.00446538440883, -0.0173294972628, 0.0226706974208, -0.0110300881788], [0.000419203395722, -0.00152216129936, 0.00152484665159, -0.00144416477997, 0.000622167484835, -1.41757789152e-06, -0.000548006093595, 0.000348179542925, -0.00394986895844, 0.00222057569772, 0.00639479840174, -0.0110300881788, 0.0161099731922]]
    },
    "melbands": {
        "dmean": [0.00156525301281, 0.00227561406791, 0.000739961804356, 0.000863894529175, 0.000423052639235, 0.000214670857531, 0.000129983469378, 0.000123970719869, 0.000104758197267, 8.22466754471e-05, 6.1181061028e-05, 7.8810051491e-05, 8.56384285726e-05, 5.40592373e-05, 4.87235629407e-05, 3.58556171705e-05, 2.54105780186e-05, 2.07761077036e-05, 2.49395125138e-05, 1.63083586813e-05, 1.71981846506e-05, 1.59828159667e-05, 9.63569709711e-06, 1.03286010926e-05, 9.16933458939e-06, 7.5864968494e-06, 7.36687979952e-06, 6.08963728155e-06, 6.64412664264e-06, 5.2611612773e-06, 4.59182319901e-06, 4.46094009021e-06, 3.49567471858e-06, 3.19740479426e-06, 3.15600595968e-06, 2.91989817924e-06, 2.63194328909e-06, 2.37691460825e-06, 2.15558861782e-06, 1.95998586605e-06],
        "dmean2": [0.00228209863417, 0.00358347338624, 0.00113347882871, 0.00150912941899, 0.000741058262065, 0.000332746945787, 0.000204719020985, 0.000201743067009, 0.000167040765518, 0.000118406358524, 8.80335792317e-05, 0.000117114461318, 0.000132330547785, 8.49427524372e-05, 7.40340037737e-05, 5.82914835832e-05, 4.04896200052e-05, 3.27443885908e-05, 3.99130913138e-05, 2.61514705926e-05, 2.72131783277e-05, 2.55945051322e-05, 1.57395079441e-05, 1.73304397322e-05, 1.57694485097e-05, 1.24247044369e-05, 1.20360291476e-05, 1.00812212622e-05, 1.12727093438e-05, 8.67978178576e-06, 7.54124994273e-06, 7.25894642528e-06, 5.62179820918e-06, 5.07173217557e-06, 5.03120236317e-06, 4.59289549326e-06, 4.04314141633e-06, 3.64301263289e-06, 3.45140938407e-06, 3.20221079164e-06],
        "dvar": [1.03288411992e-05, 2.10932903428e-05, 3.10341101795e-06, 5.70998099647e-06, 1.14799354378e-06, 1.71962099671e-07, 6.76638549635e-08, 6.81493688148e-08, 5.75673801961e-08, 2.59813823789e-08, 2.55210235167e-08, 4.11565004299e-08, 3.52595463937e-08, 1.98240730498e-08, 2.35111183855e-08, 9.16325415545e-09, 4.2976950887e-09, 3.64410324138e-09, 7.45762029908e-09, 1.45965595166e-09, 2.1404245043e-09, 2.80549405929e-09, 3.31828675648e-10, 3.07514430586e-10, 3.19390014436e-10, 1.67313135568e-10, 1.60417262807e-10, 1.1030063668e-10, 1.66012481539e-10, 1.03520796102e-10, 6.98946525657e-11, 8.38364863642e-11, 3.77827456821e-11, 3.1089516378e-11, 3.45932033019e-11, 2.9930589257e-11, 2.11657618515e-11, 2.37331231057e-11, 2.02498851021e-11, 1.88526069755e-11],
        "dvar2": [2.13805342355e-05, 5.86836831644e-05, 7.41521034797e-06, 1.60955860338e-05, 3.27489624397e-06, 4.24292494472e-07, 1.45443166844e-07, 1.63030946965e-07, 1.34123695261e-07, 4.67851251074e-08, 4.50909176664e-08, 8.06556386124e-08, 7.89281742186e-08, 4.18965271365e-08, 4.25669810511e-08, 2.07190176127e-08, 8.6339291272e-09, 6.50937481694e-09, 1.57840798209e-08, 2.99990254859e-09, 4.30139657226e-09, 5.21206722226e-09, 7.47068962248e-10, 7.83239417768e-10, 8.46663517073e-10, 4.12230388713e-10, 3.95757288052e-10, 2.77187578446e-10, 4.40367520227e-10, 2.62845523125e-10, 1.76666972718e-10, 2.20013660068e-10, 9.14688602638e-11, 6.88717624597e-11, 8.17423836952e-11, 6.65223154339e-11, 4.72494370019e-11, 5.56626099379e-11, 4.87357411372e-11, 4.73174971427e-11],
        "max": [0.0397786311805, 0.0439105853438, 0.0205276031047, 0.0270078424364, 0.0145766222849, 0.00830455496907, 0.00499812653288, 0.00419034995139, 0.00427138851956, 0.00435005035251, 0.0039235772565, 0.00495036039501, 0.00381561229005, 0.00394645659253, 0.00403019599617, 0.0023685619235, 0.00174124969635, 0.00208141608164, 0.00318892393261, 0.00112097896636, 0.00147918052971, 0.00242447480559, 0.000300522864563, 0.000379947072361, 0.000240506604314, 0.000183118376299, 0.000231204918236, 0.000127503808471, 0.000119885720778, 0.000174049768248, 7.66283628764e-05, 8.6660598754e-05, 6.71892339597e-05, 6.01016472501e-05, 6.26164255664e-05, 6.80405210005e-05, 4.61012241431e-05, 5.49842443434e-05, 4.21617623942e-05, 4.62723619421e-05],
        "mean": [0.00292868283577, 0.00367638957687, 0.00103686586954, 0.00101181049831, 0.000584403169341, 0.000425550708314, 0.000244299415499, 0.000234331819229, 0.000207100107218, 0.000201865652343, 0.000122946570627, 0.000131643071654, 0.000149600702571, 8.00628986326e-05, 7.94947409304e-05, 5.55491460545e-05, 3.89757769881e-05, 2.73752430076e-05, 3.71087917301e-05, 2.3048811272e-05, 2.25014773605e-05, 2.15050313273e-05, 1.21992725326e-05, 1.46470565596e-05, 1.13058104034e-05, 1.01365631053e-05, 9.94050787995e-06, 7.79802121542e-06, 8.16041028884e-06, 6.66882260703e-06, 5.88281727687e-06, 5.48038497072e-06, 4.78564152218e-06, 4.36152186012e-06, 3.90589275412e-06, 3.63106391887e-06, 3.05792559629e-06, 2.71588169198e-06, 2.21085224439e-06, 1.90903051589e-06],
        "median": [0.000596478348598, 0.000806531345006, 0.00043889740482, 0.000329165020958, 0.000235322338995, 0.000147192549775, 8.00048437668e-05, 5.23174676346e-05, 4.18928975705e-05, 5.87868671573e-05, 2.16160642594e-05, 2.71146200248e-05, 3.92124238715e-05, 1.59277533385e-05, 1.28265664898e-05, 1.62675405591e-05, 1.26896875372e-05, 6.21727440375e-06, 1.12565539894e-05, 7.41526218917e-06, 6.44227975499e-06, 6.1755445131e-06, 4.5366705308e-06, 7.22522236174e-06, 5.22337313669e-06, 4.87954775963e-06, 4.07743300457e-06, 2.67800487563e-06, 2.60420324594e-06, 1.98100406124e-06, 1.77348454145e-06, 1.40446434216e-06, 1.26738598283e-06, 1.07310324893e-06, 9.79265109891e-07, 8.69553900884e-07, 7.91548416146e-07, 7.43915848034e-07, 6.46174896701e-07, 5.5532694887e-07],
        "min": [1.72772607815e-24, 1.34772152492e-24, 1.21279451903e-23, 8.4045587941e-24, 2.44286083203e-24, 7.26010936952e-24, 7.72130900915e-24, 4.48375325107e-24, 5.83397940936e-24, 6.79504667804e-24, 1.34279445747e-23, 4.54428925365e-24, 8.22809928708e-24, 8.25088474546e-24, 4.79914220756e-24, 2.1546658831e-24, 4.31307136132e-24, 3.93159321591e-24, 3.15441060753e-24, 4.63879242351e-24, 7.66568563786e-24, 7.81172351294e-24, 9.04282063049e-24, 9.22348082184e-24, 6.22977616906e-24, 5.01604385219e-24, 9.02933505332e-24, 7.98595922108e-24, 6.4886290422e-24, 6.34768878629e-24, 7.38322925758e-24, 9.01824130241e-24, 8.28687415768e-24, 8.11859040507e-24, 8.72288783519e-24, 1.33654510138e-23, 8.65457011421e-24, 8.44128184696e-24, 9.00109777722e-24, 9.20062278825e-24],
        "var": [1.99818641704e-05, 3.18821475958e-05, 3.63668709724e-06, 4.58658269054e-06, 1.05964750219e-06, 4.8723643431e-07, 2.12529542409e-07, 2.0782643162e-07, 1.8481247821e-07, 1.33776708822e-07, 9.13113282763e-08, 1.06523799559e-07, 9.71556204377e-08, 5.36146238517e-08, 6.17488211674e-08, 2.17496349819e-08, 1.02625064002e-08, 8.55861514992e-09, 1.27822721296e-08, 3.08023984097e-09, 4.45207914979e-09, 5.01858066215e-09, 4.93201091079e-10, 4.82356488085e-10, 3.07532943555e-10, 2.0464081818e-10, 2.3545479455e-10, 1.45166781373e-10, 1.86942517022e-10, 1.25420673847e-10, 9.18672221628e-11, 1.02348692022e-10, 7.33799132568e-11, 6.08595535079e-11, 5.43223105387e-11, 4.92273825869e-11, 2.84787783633e-11, 2.54515835491e-11, 1.92557168127e-11, 1.61924414849e-11]
    },
    "mfcc": {
        "mean": [-645.736755371, 99.7189712524, 5.04339742661, 20.6101474762, -0.634925067425, 3.29706335068, 2.15411686897, 2.15477013588, -1.25627195835, 0.112945042551, -1.54286968708, -0.505408883095, 0.287583142519],
        "cov": [[6730.65429688, -832.466918945, 1063.53137207, 184.465255737, 695.211242676, 580.129394531, 259.753143311, 163.895904541, 24.5678977966, -23.7472171783, -55.4592933655, 81.7089385986, 33.1127853394], [-832.466918945, 1115.81665039, 94.5543060303, 178.395782471, -9.41739654541, -43.8124198914, 29.5952548981, 44.8705253601, 51.3996810913, 59.9526138306, 41.9019432068, -15.980257988, -21.1391963959], [1063.53137207, 94.5543060303, 1202.90039062, 351.818695068, 581.150146484, 489.033233643, 328.547576904, 255.336151123, 155.357192993, 107.584335327, 10.5135288239, 48.0366897583, 62.3225212097], [184.465255737, 178.395782471, 351.818695068, 303.881652832, 186.870834351, 171.869659424, 91.9681396484, 80.2240600586, 57.578704834, 54.3775024414, 3.25794625282, -1.96486186981, -0.201818838716], [695.211242676, -9.41739654541, 581.150146484, 186.870834351, 465.927856445, 350.952850342, 236.528793335, 143.201126099, 93.697769165, 45.7506980896, 4.5237121582, 37.3553962708, 27.1694221497], [580.129394531, -43.8124198914, 489.033233643, 171.869659424, 350.952850342, 372.999969482, 241.320632935, 156.511154175, 84.8999176025, 44.7815246582, 2.23523545265, 24.9115619659, 22.9351043701], [259.753143311, 29.5952548981, 328.547576904, 91.9681396484, 236.528793335, 241.320632935, 262.261810303, 178.639602661, 103.629463196, 44.8628005981, 15.5387573242, 27.1950817108, 25.398607254], [163.895904541, 44.8705253601, 255.336151123, 80.2240600586, 143.201126099, 156.511154175, 178.639602661, 217.976425171, 146.826202393, 67.2627944946, 15.055934906, 19.6535949707, 31.7516746521], [24.5678977966, 51.3996810913, 155.357192993, 57.578704834, 93.697769165, 84.8999176025, 103.629463196, 146.826202393, 219.090835571, 159.210540771, 51.2752418518, 15.4707336426, 23.9732265472], [-23.7472171783, 59.9526138306, 107.584335327, 54.3775024414, 45.7506980896, 44.7815246582, 44.8628005981, 67.2627944946, 159.210540771, 228.795837402, 127.554023743, 37.2298278809, 8.26543712616], [-55.4592933655, 41.9019432068, 10.5135288239, 3.25794625282, 4.5237121582, 2.23523545265, 15.5387573242, 15.055934906, 51.2752418518, 127.554023743, 179.126495361, 111.42124939, 16.1593151093], [81.7089385986, -15.980257988, 48.0366897583, -1.96486186981, 37.3553962708, 24.9115619659, 27.1950817108, 19.6535949707, 15.4707336426, 37.2298278809, 111.42124939, 171.624969482, 95.7091751099], [33.1127853394, -21.1391963959, 62.3225212097, -0.201818838716, 27.1694221497, 22.9351043701, 25.398607254, 31.7516746521, 23.9732265472, 8.26543712616, 16.1593151093, 95.7091751099, 172.38911438]],
