{
"lowlevel": {
    "average_loudness": 0.885511696339,
    "barkbands_crest": {
        "dmean": 3.0480427742,
        "dmean2": 4.93176603317,
        "dvar": 8.89632987976,
        "dvar2": 22.0701313019,
        "max": 25.562746048,
        "mean": 11.7691965103,
        "median": 11.4464864731,
        "min": 2.52504611015,
        "var": 20.2135219574
    },
    "barkbands_flatness_db": {
        "dmean": 0.0394089967012,
        "dmean2": 0.0620966143906,
        "dvar": 0.00211819959804,
        "dvar2": 0.00513210799545,
        "max": 0.512898027897,
        "mean": 0.141205996275,
        "median": 0.131445512176,
        "min": 0.0254829060286,
        "var": 0.00429640663788
    },
    "barkbands_kurtosis": {
        "dmean": 10.7483415604,
        "dmean2": 17.5629024506,
        "dvar": 1353.1373291,
        "dvar2": 3553.63110352,
        "max": 693.270690918,
        "mean": 12.4149799347,
        "median": 4.30107116699,
        "min": -1.86491107941,
        "var": 1163.68676758
    },
    "barkbands_skewness": {
        "dmean": 1.02468979359,
        "dmean2": 1.59068846703,
        "dvar": 2.2895154953,
        "dvar2": 5.48203277588,
        "max": 21.4134464264,
        "mean": 2.47016739845,
        "median": 2.20272350311,
        "min": -3.38564014435,
        "var": 4.45089673996
    },
    "barkbands_spread": {
        "dmean": 9.38017272949,
        "dmean2": 15.0272855759,
        "dvar": 121.061561584,
        "dvar2": 289.210571289,
        "max": 126.357444763,
        "mean": 25.0406475067,
        "median": 23.4785118103,
        "min": 0.274515718222,
        "var": 232.7134552
    },
    "dissonance": {
        "dmean": 0.0171425938606,
        "dmean2": 0.0284205097705,
        "dvar": 0.000422155892011,
        "dvar2": 0.00118188455235,
        "max": 0.500000119209,
        "mean": 0.466118574142,
        "median": 0.470536619425,
        "min": 0.210355818272,
        "var": 0.000558221014217
    },
    "dynamic_complexity": 3.36171460152,
    "erbbands_crest": {
        "dmean": 2.27308511734,
        "dmean2": 3.67353129387,
        "dvar": 5.93715953827,
        "dvar2": 14.0001955032,
        "max": 26.6779136658,
        "mean": 7.02317905426,
        "median": 6.07337522507,
        "min": 2.05879044533,
        "var": 11.5534543991
    },
    "erbbands_flatness_db": {
        "dmean": 0.0178166553378,
        "dmean2": 0.0275808610022,
        "dvar": 0.000518604298122,
        "dvar2": 0.00114833586849,
        "max": 0.319950729609,
        "mean": 0.124086365104,
        "median": 0.112793408334,
        "min": 0.0199231859297,
        "var": 0.00154168612789
    },
    "erbbands_kurtosis": {
        "dmean": 0.886245131493,
        "dmean2": 1.48440432549,
        "dvar": 5.66270971298,
        "dvar2": 14.0860719681,
        "max": 48.3366241455,
        "mean": -0.349835425615,
        "median": -0.885218143463,
        "min": -1.84970402718,
        "var": 5.36477088928
    },
    "erbbands_skewness": {
        "dmean": 0.441018849611,
        "dmean2": 0.682624399662,
        "dvar": 0.319078475237,
        "dvar2": 0.735763669014,
        "max": 6.59125423431,
        "mean": 0.243921801448,
        "median": 0.184773251414,
        "min": -2.32552218437,
        "var": 0.588331878185
    },
    "erbbands_spread": {
        "dmean": 11.8538990021,
        "dmean2": 18.6294765472,
        "dvar": 170.310501099,
        "dvar2": 389.915527344,
        "max": 154.127853394,
        "mean": 64.969581604,
        "median": 64.8880691528,
        "min": 5.67529630661,
        "var": 460.578063965
    },
    "hfc": {
        "dmean": 10.1589803696,
        "dmean2": 15.8513717651,
        "dvar": 215.816345215,
        "dvar2": 512.554748535,
        "max": 139.292251587,
        "mean": 18.7818641663,
        "median": 14.2265396118,
        "min": 1.09250388946e-16,
        "var": 288.137634277
    },
    "melbands_crest": {
        "dmean": 4.0773100853,
        "dmean2": 6.67631149292,
        "dvar": 18.2089366913,
        "dvar2": 44.7306785583,
        "max": 39.8366889954,
        "mean": 17.1390075684,
        "median": 16.6734104156,
        "min": 1.6225028038,
        "var": 44.1368331909
    },
    "melbands_flatness_db": {
        "dmean": 0.0466756559908,
        "dmean2": 0.0721149742603,
        "dvar": 0.00300600077026,
        "dvar2": 0.00701976148412,
        "max": 0.607041478157,
        "mean": 0.201757743955,
        "median": 0.195790559053,
        "min": 0.00360072473995,
        "var": 0.0073736817576
    },
    "melbands_kurtosis": {
        "dmean": 27.0962810516,
        "dmean2": 44.1067848206,
        "dvar": 8355.95605469,
        "dvar2": 23215.9980469,
        "max": 3618.23486328,
        "mean": 42.3403778076,
        "median": 23.0110359192,
        "min": -1.76637423038,
        "var": 6773.77734375
    },
    "melbands_skewness": {
        "dmean": 1.4327327013,
        "dmean2": 2.26138901711,
        "dvar": 4.05028247833,
        "dvar2": 10.1709003448,
        "max": 45.3182525635,
        "mean": 4.61159944534,
        "median": 4.24991750717,
        "min": -1.57130050659,
        "var": 8.25821781158
    },
    "melbands_spread": {
        "dmean": 10.4510717392,
        "dmean2": 16.6689109802,
        "dvar": 261.029296875,
        "dvar2": 581.884460449,
        "max": 219.694229126,
        "mean": 23.752664566,
        "median": 15.4440126419,
        "min": 0.0681506097317,
        "var": 658.53125
    },
    "pitch_salience": {
        "dmean": 0.106263019145,
        "dmean2": 0.171062067151,
        "dvar": 0.0118598733097,
        "dvar2": 0.0300827343017,
        "max": 0.947523474693,
        "mean": 0.511554002762,
        "median": 0.511189460754,
        "min": 0.017726527527,
        "var": 0.0228207074106
    },
    "silence_rate_20dB": {
        "dmean": 0,
        "dmean2": 0,
        "dvar": 0,
        "dvar2": 0,
        "max": 1,
        "mean": 1,
        "median": 1,
        "min": 1,
        "var": 0
    },
    "silence_rate_30dB": {
        "dmean": 0.0293921176344,
        "dmean2": 0.0587940551341,
        "dvar": 0.0285305343568,
        "dvar2": 0.0783832073212,
        "max": 1,
        "mean": 0.981799960136,
        "median": 1,
        "min": 0,
        "var": 0.0178671330214
    },
    "silence_rate_60dB": {
        "dmean": 0.060788244009,
        "dmean2": 0.12159679085,
        "dvar": 0.057090908289,
        "dvar2": 0.134538769722,
        "max": 1,
        "mean": 0.111704789102,
        "median": 0,
        "min": 0,
        "var": 0.0992292463779
    },
    "spectral_centroid": {
        "dmean": 424.538421631,
        "dmean2": 659.867736816,
        "dvar": 264961.46875,
        "dvar2": 545320.3125,
        "max": 11868.9873047,
        "mean": 1517.37329102,
        "median": 1267.33044434,
        "min": 106.590652466,
        "var": 1694725.25
    },
    "spectral_complexity": {
        "dmean": 5.25684690475,
        "dmean2": 8.31401348114,
        "dvar": 39.7472991943,
        "dvar2": 89.3231201172,
        "max": 48,
        "mean": 14.0566034317,
        "median": 14,
        "min": 0,
        "var": 78.8017730713
    },
    "spectral_decrease": {
        "dmean": 3.92310006703e-09,
        "dmean2": 5.94955373856e-09,
        "dvar": 3.01114984967e-17,
        "dvar2": 6.39662407282e-17,
        "max": 1.70556179014e-28,
        "mean": -7.8443749274e-09,
        "median": -5.60736390653e-09,
        "min": -5.43772102901e-08,
        "var": 6.09884368451e-17
    },
    "spectral_energy": {
        "dmean": 0.0155010912567,
        "dmean2": 0.0234704762697,
        "dvar": 0.000453672400909,
        "dvar2": 0.000958677032031,
        "max": 0.209170073271,
        "mean": 0.0313099659979,
        "median": 0.0229175910354,
        "min": 1.00678462643e-20,
        "var": 0.000925520143937
    },
    "spectral_energyband_high": {
        "dmean": 0.000862065353431,
        "dmean2": 0.00138986448292,
        "dvar": 1.81734026228e-06,
        "dvar2": 4.4513371904e-06,
        "max": 0.0105160400271,
        "mean": 0.00135131715797,
        "median": 0.000946448300965,
        "min": 6.98500793705e-21,
        "var": 2.06768027056e-06
    },
    "spectral_energyband_low": {
        "dmean": 0.00873983465135,
        "dmean2": 0.0134899560362,
        "dvar": 0.000213403938687,
        "dvar2": 0.000499716959894,
        "max": 0.162863209844,
        "mean": 0.0151578933001,
        "median": 0.00453711114824,
        "min": 1.90880215697e-23,
        "var": 0.000434022280388
    },
    "spectral_energyband_middle_high": {
        "dmean": 0.00126434094273,
        "dmean2": 0.00206111674197,
        "dvar": 4.16384318669e-06,
        "dvar2": 1.06539609988e-05,
        "max": 0.0269263889641,
        "mean": 0.00244495877996,
        "median": 0.00178689160384,
        "min": 1.23987850889e-21,
        "var": 5.76577667744e-06
    },
    "spectral_energyband_middle_low": {
        "dmean": 0.010712874122,
        "dmean2": 0.0171617735177,
        "dvar": 0.000360643491149,
        "dvar2": 0.000868651550263,
        "max": 0.16496579349,
        "mean": 0.0154930707067,
        "median": 0.00817536748946,
        "min": 1.62734355952e-22,
        "var": 0.000423087563831
    },
    "spectral_entropy": {
        "dmean": 0.30854794383,
        "dmean2": 0.486839860678,
        "dvar": 0.128448307514,
        "dvar2": 0.319363117218,
        "max": 9.82619190216,
        "mean": 7.66859149933,
        "median": 7.6986284256,
        "min": 4.84717178345,
        "var": 0.286513894796
    },
    "spectral_flux": {
        "dmean": 0.0440520979464,
        "dmean2": 0.0701326578856,
        "dvar": 0.00240909401327,
        "dvar2": 0.00514218118042,
        "max": 0.418274760246,
        "mean": 0.0919883847237,
        "median": 0.0767125859857,
        "min": 6.37905075984e-11,
        "var": 0.0051156533882
    },
    "spectral_kurtosis": {
        "dmean": 0.97851806879,
        "dmean2": 1.61557745934,
        "dvar": 4.56259441376,
        "dvar2": 11.9282455444,
        "max": 59.4557228088,
        "mean": 2.11771655083,
        "median": 1.80638313293,
        "min": -1.25303649902,
        "var": 4.93674850464
    },
    "spectral_rms": {
        "dmean": 0.0013009631075,
        "dmean2": 0.00190493348055,
        "dvar": 2.23698543778e-06,
        "dvar2": 4.23917708758e-06,
        "max": 0.0142852496356,
        "mean": 0.0048242895864,
        "median": 0.0047284909524,
        "min": 3.13405312986e-12,
        "var": 7.27263568479e-06
    },
    "spectral_rolloff": {
        "dmean": 849.910095215,
        "dmean2": 1435.97338867,
        "dvar": 1952251.5,
        "dvar2": 4277190.5,
        "max": 19487.5488281,
        "mean": 1795.56518555,
        "median": 581.396484375,
        "min": 21.533203125,
        "var": 7195558
    },
    "spectral_skewness": {
        "dmean": 0.197264015675,
        "dmean2": 0.310981094837,
        "dvar": 0.0765822455287,
        "dvar2": 0.188181772828,
        "max": 6.32227802277,
        "mean": 1.17051482201,
        "median": 1.15729534626,
        "min": -0.0626891553402,
        "var": 0.139227107167
    },
    "spectral_spread": {
        "dmean": 532032.875,
        "dmean2": 841763.75,
        "dvar": 1.54969584435e+12,
        "dvar2": 3.58512931635e+12,
        "max": 42520860,
        "mean": 6484659,
        "median": 6128026,
        "min": 1381675.75,
        "var": 1.49347547218e+13
    },
    "spectral_strongpeak": {
        "dmean": 0.319666177034,
        "dmean2": 0.52222853899,
        "dvar": 0.188455238938,
        "dvar2": 0.480978965759,
        "max": 5.57337284088,
        "mean": 0.647712230682,
        "median": 0.518078386784,
        "min": 0,
        "var": 0.310624092817
    },
    "zerocrossingrate": {
        "dmean": 0.016911752522,
        "dmean2": 0.0206110626459,
        "dvar": 0.000513240171131,
        "dvar2": 0.000691544730216,
        "max": 0.68408203125,
        "mean": 0.0745539963245,
        "median": 0.0595703125,
        "min": 0.001953125,
        "var": 0.00459411833435
    },
    "barkbands": {
        "dmean": [0.000134791698656, 0.003638953669, 0.00421799207106, 0.00555366789922, 0.0053118406795, 0.00124386465177, 0.000513127248269, 0.000511236547027, 0.000363320694305, 0.000151308107888, 0.000172970903805, 0.000254882848822, 0.000178090136615, 0.000178659989615, 0.000151507178089, 0.000123443940538, 0.000118633826787, 0.000139938754728, 0.000172402884346, 0.000148204329889, 0.000219023902901, 0.00019465512014, 0.000199857240659, 0.000141026335768, 8.51648073876e-05, 2.93978228001e-05, 3.00158990285e-06],
        "dmean2": [0.000210073703784, 0.00534510193393, 0.00713244918734, 0.00917405169457, 0.0095074288547, 0.00207805354148, 0.000790357298683, 0.000840508146212, 0.00060078286333, 0.000250102661084, 0.000300083425827, 0.000421971461037, 0.000299566047033, 0.000288512150291, 0.000247882475378, 0.000202335300855, 0.000193378917174, 0.000225097086513, 0.000296789541608, 0.000244687340455, 0.000357454875484, 0.00031569894054, 0.000325563363731, 0.000226380565437, 0.000139329888043, 4.77101930301e-05, 4.93667948831e-06],
        "dvar": [7.07213914097e-08, 5.14497914992e-05, 8.8945220341e-05, 0.000134551126393, 0.000165565361385, 7.13212375558e-06, 1.24806592794e-06, 1.71698411577e-06, 1.21271682474e-06, 1.18090717649e-07, 1.908470324e-07, 2.9733195106e-07, 9.41189384207e-08, 1.13088532316e-07, 5.95088067712e-08, 5.30183861258e-08, 3.54044118467e-08, 4.45700578666e-08, 8.85445174958e-08, 5.0121268913e-08, 1.20076833809e-07, 7.98835131377e-08, 9.62090140888e-08, 4.50976926913e-08, 1.8616827191e-08, 2.31754127e-09, 2.66856450132e-11],
        "dvar2": [1.76091305093e-07, 0.000115534079669, 0.00022642899421, 0.000340481317835, 0.000466230296297, 1.85308563232e-05, 2.50173911809e-06, 3.63260664926e-06, 2.82374230665e-06, 2.89584221491e-07, 5.15173951499e-07, 7.42145857657e-07, 2.4028537382e-07, 2.56827121348e-07, 1.42701949812e-07, 1.19087331996e-07, 8.6577713887e-08, 1.0117692284e-07, 2.3624149037e-07, 1.28908226316e-07, 3.00501199035e-07, 1.86836089711e-07, 2.38719422896e-07, 1.06065243699e-07, 4.70139696063e-08, 5.70523450705e-09, 6.49201387093e-11],
        "max": [0.00496964296326, 0.0871066153049, 0.0842582285404, 0.123590134084, 0.13099886477, 0.0354930646718, 0.0223594736308, 0.0147737469524, 0.0140608344227, 0.00575049081817, 0.00532040977851, 0.00824735220522, 0.00514736864716, 0.00509047461674, 0.00371947931126, 0.00271263718605, 0.00269993301481, 0.00224911188707, 0.00283598760143, 0.00291151739657, 0.00346111110412, 0.00222663162276, 0.00251517840661, 0.00173857971095, 0.00152128830086, 0.000444425997557, 6.80580342305e-05],
        "mean": [0.00019934969896, 0.00691547943279, 0.00492425449193, 0.00626765098423, 0.0056451940909, 0.00159596384037, 0.000999012379907, 0.000559175736271, 0.00039070416824, 0.000220552494284, 0.000206669297768, 0.000369192537619, 0.000267814757535, 0.000244607304921, 0.000237246844335, 0.000172370520886, 0.000199487723876, 0.000214356230572, 0.000209137200727, 0.000229874043725, 0.000304630404571, 0.000290177704301, 0.000270782969892, 0.000213588253246, 0.00011865937995, 4.05124228564e-05, 3.6074768559e-06],
        "median": [7.20423995517e-05, 0.00132846448105, 0.00102545914706, 0.00136164936703, 0.00244089495391, 0.000614029122517, 0.000251801626291, 0.000114050853881, 8.70875592227e-05, 6.56674747006e-05, 6.91335517331e-05, 0.00013060423953, 0.000126928585814, 6.76520139677e-05, 0.000123890800751, 9.51454421738e-05, 0.000119567914226, 0.000100502686109, 0.000114204500278, 0.00015376463125, 0.000192059829715, 0.000187735611689, 0.000163808203069, 0.000145764381159, 7.04616250005e-05, 2.03279359994e-05, 9.85177848634e-07],
        "min": [6.27661813797e-25, 2.26816048482e-24, 6.60899383355e-25, 8.08652833687e-25, 5.21197757395e-24, 1.07702374752e-23, 1.03490772596e-23, 7.06653710288e-24, 1.05854886178e-23, 1.4108770979e-23, 2.6599272697e-23, 3.33049564228e-23, 3.50621661773e-23, 4.48871984045e-23, 3.59671726514e-23, 6.14508761215e-23, 4.95061209995e-23, 7.63279850004e-23, 1.53193518754e-22, 1.66256171821e-22, 1.6760670169e-22, 2.90762770067e-22, 3.92059805683e-22, 6.00070460948e-22, 9.2911305354e-22, 1.27193175762e-21, 2.03048222873e-21],
        "var": [1.19077945726e-07, 0.000131126187625, 9.56254079938e-05, 0.000155488029122, 0.000112520210678, 7.2851648838e-06, 3.62540322385e-06, 1.88220838027e-06, 1.18855200526e-06, 1.8787721956e-07, 1.92347215489e-07, 3.91312710235e-07, 1.56260028916e-07, 1.76551509412e-07, 1.089454571e-07, 6.93797446161e-08, 6.42416324581e-08, 8.3957374386e-08, 8.1426300369e-08, 6.27259595376e-08, 1.2532214555e-07, 1.0280191276e-07, 1.04181303584e-07, 5.73439287166e-08, 2.0808464285e-08, 2.68759170474e-09, 3.41510014712e-11]
    },
    "erbbands": {
        "dmean": [0.0799803510308, 0.956706881523, 4.14031839371, 12.1887121201, 19.6005382538, 16.4784145355, 12.6190690994, 10.3706989288, 7.53906297684, 8.06538772583, 10.042257309, 6.2580780983, 7.88436365128, 5.73630905151, 8.62598419189, 8.00186061859, 8.18360233307, 6.43337440491, 8.6580247879, 6.75833511353, 7.53494548798, 6.76087903976, 7.11287403107, 8.69255447388, 8.54730510712, 7.35138130188, 9.20867538452, 7.77506828308, 6.73145723343, 7.35968351364, 5.20436954498, 3.50069642067, 1.995860219, 1.11447679996, 0.540223360062, 0.190195411444, 0.0420584864914, 0.00705958995968, 0.000406751496485, 2.44098464464e-05],
        "dmean2": [0.115892007947, 1.41998291016, 6.72957468033, 19.8822441101, 33.8140258789, 29.7167892456, 21.4440135956, 17.0273017883, 11.7759218216, 12.6394739151, 16.5797100067, 10.4898338318, 12.7549638748, 9.446808815, 15.0098314285, 13.503616333, 13.6782960892, 10.6553955078, 13.7768611908, 11.1377859116, 12.1347970963, 11.0514354706, 11.240942955, 14.9244651794, 14.4695644379, 12.1971054077, 15.5771255493, 12.4372529984, 10.8734855652, 12.0429668427, 8.45652198792, 5.62871646881, 3.23772311211, 1.82942223549, 0.879827260971, 0.311671167612, 0.0682363212109, 0.0113155608997, 0.000672379741445, 3.7235153286e-05],
        "dvar": [0.0230898298323, 3.54608559608, 73.1255645752, 590.681152344, 1780.68151855, 1859.31530762, 695.178039551, 510.76473999, 281.021911621, 217.436859131, 673.043151855, 276.70413208, 545.949829102, 132.112884521, 453.772369385, 295.708465576, 211.215591431, 112.902297974, 222.615524292, 107.840270996, 222.613998413, 121.101799011, 120.64125824, 230.609176636, 190.532318115, 121.659294128, 290.883209229, 128.159133911, 88.9650268555, 133.270553589, 57.3760528564, 26.8302745819, 9.28689479828, 3.01766467094, 0.746597707272, 0.104324422777, 0.00426371581852, 0.00011520976841, 5.35880474217e-07, 9.58809920348e-10],
        "dvar2": [0.0573675483465, 7.86716222763, 175.31880188, 1481.24304199, 4845.55761719, 5213.62548828, 1907.43261719, 1245.65515137, 578.08782959, 458.423278809, 1473.83581543, 673.193115234, 1235.48522949, 323.00881958, 1253.74511719, 781.587280273, 537.407897949, 277.038208008, 491.008087158, 267.147491455, 493.079925537, 306.729187012, 256.455718994, 616.205383301, 493.514587402, 311.26651001, 783.449829102, 301.396209717, 208.345275879, 332.99508667, 139.251922607, 64.1195220947, 22.1021709442, 7.6165804863, 1.85791957378, 0.26093313098, 0.0102150356397, 0.000268520379905, 1.33267224101e-06, 2.02381555958e-09],
        "max": [2.53231024742, 25.2235565186, 97.8839111328, 315.284088135, 386.599639893, 563.723083496, 321.537353516, 324.594329834, 338.251617432, 237.732376099, 273.951202393, 232.78112793, 309.581207275, 149.263839722, 261.919128418, 343.492584229, 243.775619507, 124.511489868, 219.562866211, 127.57170105, 202.039550781, 179.598312378, 141.864883423, 137.465438843, 136.643966675, 138.960372925, 214.398956299, 127.631904602, 80.5663833618, 81.9017410278, 74.1536178589, 45.4035720825, 25.9255199432, 19.5880260468, 9.74674606323, 3.08618474007, 0.678575754166, 0.096290782094, 0.0103558059782, 0.00024469345226],
        "mean": [0.136827871203, 1.7611477375, 5.74872875214, 14.1422662735, 20.7605133057, 16.2942028046, 17.3160800934, 13.384677887, 13.2389202118, 14.1251392365, 11.088508606, 6.84521245956, 10.0695543289, 8.65289592743, 10.8141460419, 11.6168107986, 12.9061746597, 9.16241455078, 14.1073217392, 10.749835968, 11.3866462708, 11.2539434433, 11.75822258, 11.037062645, 10.9839286804, 11.3103303909, 11.5175304413, 11.5514955521, 10.1917657852, 9.65770435333, 7.49840450287, 5.13847064972, 2.9365503788, 1.59312260151, 0.713061094284, 0.245765894651, 0.0607779398561, 0.0107892099768, 0.000513350474648, 4.92382023367e-05],
        "median": [0.0409502200782, 0.297366648912, 1.43616497517, 3.34255504608, 7.18736028671, 5.43729352951, 6.21268749237, 4.79874610901, 4.36648082733, 3.79939079285, 2.60587739944, 1.92263758183, 3.21212935448, 3.76567268372, 4.22190666199, 5.24999332428, 6.36280679703, 4.29494667053, 7.47216129303, 6.9836397171, 6.3637342453, 7.38461017609, 6.01457309723, 6.0855383873, 6.52550411224, 7.57764053345, 6.82270383835, 7.35365152359, 6.76051330566, 5.93714523315, 4.82282924652, 3.43391013145, 1.94279170036, 1.00404477119, 0.382906526327, 0.119442246854, 0.0311705991626, 0.00567099219188, 0.000179016045877, 3.80403871532e-05],
        "min": [4.99573336601e-23, 3.19327107901e-22, 7.82175403713e-22, 4.05688025318e-21, 6.76236064295e-21, 1.77950331203e-20, 6.3195597135e-20, 8.07035727334e-20, 1.14512350761e-19, 1.76379734939e-19, 2.80765805265e-19, 2.00421752368e-19, 6.40336280308e-19, 7.08301265145e-19, 1.25217629191e-18, 1.42631683601e-18, 1.50086111204e-18, 2.08332261512e-18, 2.19537746398e-18, 3.10911301506e-18, 3.76854222656e-18, 3.06290505168e-18, 5.20104203085e-18, 7.03267881458e-18, 6.32286313683e-18, 7.88152411455e-18, 7.66595836538e-18, 1.05715005773e-17, 9.41160145262e-18, 1.02856567361e-17, 1.04378240544e-17, 1.23910257825e-17, 8.96451281308e-18, 7.87630295053e-18, 6.14046608945e-18, 3.96928903506e-18, 2.21194134215e-18, 9.97658814487e-19, 2.41236834195e-19, 2.83458963168e-20],
        "var": [0.0496962592006, 8.79402160645, 107.365608215, 674.95526123, 1486.24243164, 1245.6270752, 733.783081055, 593.618896484, 589.581176758, 593.989807129, 712.63848877, 259.841766357, 578.359069824, 189.465377808, 392.994537354, 324.005462646, 359.394012451, 164.386871338, 406.320007324, 163.167526245, 315.144042969, 182.560897827, 255.698318481, 221.859909058, 190.958175659, 153.490158081, 241.763153076, 163.479736328, 120.639755249, 138.707595825, 70.5069580078, 33.2250938416, 11.4741573334, 3.47344732285, 0.82507276535, 0.111001253128, 0.0056116185151, 0.000172667219886, 6.53722736388e-07, 1.8798913537e-09]
    },
    "gfcc": {
        "mean": [-27.6504535675, 55.1394271851, -99.1521148682, 49.5903434753, -63.3603363037, 17.9595241547, -44.1714439392, 0.788554430008, -28.0556926727, 2.56783413887, -15.945980072, 3.33766484261, -11.4908542633],
        "cov": [[31789.9316406, 1310.6439209, -1064.76049805, 1057.1295166, -1126.5098877, 602.266723633, -1098.88623047, -22.3071537018, -839.915161133, 68.0316467285, -656.527404785, -68.7511672974, -637.078308105], [1310.6439209, 2058.71679688, 864.560302734, 628.524291992, 460.179748535, 129.846115112, 211.764785767, -108.033088684, -32.0641822815, -272.656524658, -50.7059211731, -196.938705444, 52.4128570557], [-1064.76049805, 864.560302734, 1298.76696777, 527.480224609, 494.710174561, 223.929336548, 234.981567383, 2.71149778366, 25.5327758789, -44.6502799988, -30.5369052887, -125.23147583, -10.1436567307], [1057.1295166, 628.524291992, 527.480224609, 659.994812012, 247.720275879, 248.494384766, 97.6759338379, -4.09787034988, -12.7015113831, -111.55191803, -44.6428604126, -105.936630249, -11.4827680588], [-1126.5098877, 460.179748535, 494.710174561, 247.720275879, 436.127532959, 154.341537476, 205.755371094, 37.8210601807, 80.5970993042, -22.6766223907, 29.2621097565, -33.3903160095, 14.2423439026], [602.266723633, 129.846115112, 223.929336548, 248.494384766, 154.341537476, 246.738204956, 107.87727356, 58.123336792, 19.4336795807, -1.68382513523, -21.1422786713, -27.6333351135, -18.3364257812], [-1098.88623047, 211.764785767, 234.981567383, 97.6759338379, 205.755371094, 107.87727356, 277.021697998, 102.972572327, 103.046333313, -9.18151664734, 15.4043455124, -39.4758491516, 26.53997612], [-22.3071537018, -108.033088684, 2.71149778366, -4.09787034988, 37.8210601807, 58.123336792, 102.972572327, 172.201477051, 104.070106506, 79.6116333008, 17.6231098175, 22.0406169891, -10.8216018677], [-839.915161133, -32.0641822815, 25.5327758789, -12.7015113831, 80.5970993042, 19.4336795807, 103.046333313, 104.070106506, 177.001296997, 91.2494659424, 62.8407478333, 13.1804151535, -3.59462022781], [68.0316467285, -272.656524658, -44.6502799988, -111.55191803, -22.6766223907, -1.68382513523, -9.18151664734, 79.6116333008, 91.2494659424, 208.372497559, 87.3075637817, 73.8439559937, -24.6834392548], [-656.527404785, -50.7059211731, -30.5369052887, -44.6428604126, 29.2621097565, -21.1422786713, 15.4043455124, 17.6231098175, 62.8407478333, 87.3075637817, 134.155670166, 80.9522247314, 37.7156486511], [-68.7511672974, -196.938705444, -125.23147583, -105.936630249, -33.3903160095, -27.6333351135, -39.4758491516, 22.0406169891, 13.1804151535, 73.8439559937, 80.9522247314, 146.624984741, 67.3058700562], [-637.078308105, 52.4128570557, -10.1436567307, -11.4827680588, 14.2423439026, -18.3364257812, 26.53997612, -10.8216018677, -3.59462022781, -24.6834392548, 37.7156486511, 67.3058700562, 139.031463623]],
        "icov": [[0.000138805102324, -0.000367060711142, 0.000281990884105, -0.000285299902316, 0.000363659579307, -0.00038765204954, 0.000222548493184, -0.00027067490737, 0.000594783457927, -0.000765437842347, 0.000849865202326, -0.000698476505931, 0.000606571033131], [-0.000367060711142, 0.0020189313218, -0.00100385677069, 0.000141671553138, -0.00148274400271, 0.00167442730162, -0.000692757894285, 0.000867112306878, -0.00151025562081, 0.00276641035452, -0.00278894882649, 0.00264863390476, -0.00200570537709], [0.000281990884105, -0.00100385677069, 0.00255048042163, -0.00157576089259, -0.000882077030838, -0.000188413061551, -0.000261240638793, -9.41797334235e-05, 0.00220228149556, -0.00346805504523, 0.00274678505957, -0.000874640827533, 0.000954093877226], [-0.000285299902316, 0.000141671553138, -0.00157576089259, 0.00520133599639, -0.000568761839531, -0.00344991451129, 0.00188611086924, -0.00044487620471, -0.00188942241948, 0.00384754221886, -0.0036870141048, 0.00337443593889, -0.0018366681179], [0.000363659579307, -0.00148274400271, -0.000882077030838, -0.000568761839531, 0.0076722484082, -0.00294477934949, -0.00207676901482, 0.000986233004369, -0.000780835107435, -0.000519264605828, 0.00120034650899, -0.00421591009945, 0.00301585067064], [-0.00038765204954, 0.00167442730162, -0.000188413061551, -0.00344991451129, -0.00294477934949, 0.0113081056625, -0.00388608057983, -0.000268489733571, 0.000803556293249, -0.000435342808487, 0.000524514762219, -0.000121694713016, -0.000332148600137], [0.000222548493184, -0.000692757894285, -0.000261240638793, 0.00188611086924, -0.00207676901482, -0.00388608057983, 0.0115911876783, -0.00620409706607, -0.0013629036257, 0.00195461558178, -0.00193234009203, 0.00476599764079, -0.00304896058515], [-0.00027067490737, 0.000867112306878, -9.41797334235e-05, -0.00044487620471, 0.000986233004369, -0.000268489733571, -0.00620409706607, 0.015281281434, -0.00700798584148, -0.00213102204725, 0.00423523318022, -0.00423767976463, 0.000969540327787], [0.000594783457927, -0.00151025562081, 0.00220228149556, -0.00188942241948, -0.000780835107435, 0.000803556293249, -0.0013629036257, -0.00700798584148, 0.0170190837234, -0.00749877654016, -0.00078417599434, 0.00121955235954, 0.00193112506531], [-0.000765437842347, 0.00276641035452, -0.00346805504523, 0.00384754221886, -0.000519264605828, -0.000435342808487, 0.00195461558178, -0.00213102204725, -0.00749877654016, 0.0186214968562, -0.011653800495, 0.00125928025227, 0.000635106523987], [0.000849865202326, -0.00278894882649, 0.00274678505957, -0.0036870141048, 0.00120034650899, 0.000524514762219, -0.00193234009203, 0.00423523318022, -0.00078417599434, -0.011653800495, 0.0247170701623, -0.0136777339503, 0.00331340683624], [-0.000698476505931, 0.00264863390476, -0.000874640827533, 0.00337443593889, -0.00421591009945, -0.000121694713016, 0.00476599764079, -0.00423767976463, 0.00121955235954, 0.00125928025227, -0.0136777339503, 0.025550570339, -0.0132116675377], [0.000606571033131, -0.00200570537709, 0.000954093877226, -0.0018366681179, 0.00301585067064, -0.000332148600137, -0.00304896058515, 0.000969540327787, 0.00193112506531, 0.000635106523987, 0.00331340683624, -0.0132116675377, 0.0166105404496]]
    },
    "melbands": {
        "dmean": [0.000833202037029, 0.00177939608693, 0.0022453640122, 0.00131125969347, 0.000493830826599, 0.000225545110879, 0.00011562796135, 9.94303190964e-05, 7.15033820597e-05, 4.57816277049e-05, 4.00354947487e-05, 2.26242409553e-05, 2.59645148617e-05, 3.19835853588e-05, 1.76079374796e-05, 1.79060061782e-05, 1.21696321003e-05, 1.55397847266e-05, 1.32307432068e-05, 7.44023691368e-06, 9.04476473806e-06, 7.42779047869e-06, 6.57471673549e-06, 6.4184769144e-06, 7.45691340853e-06, 6.34023308521e-06, 6.16843999524e-06, 4.71617795483e-06, 5.78543222218e-06, 5.51250377612e-06, 4.41161046183e-06, 3.95131792175e-06, 3.94573316953e-06, 4.50664174423e-06, 3.36846755999e-06, 2.33757714341e-06, 2.15121940528e-06, 1.56431462983e-06, 1.10184407731e-06, 9.34277693432e-07],
        "dmean2": [0.00120494898874, 0.00276959245093, 0.00362435076386, 0.00232831272297, 0.000851518358104, 0.000371617177734, 0.000179571638, 0.000157409609528, 0.000118780211778, 7.61586052249e-05, 6.46474873065e-05, 3.71598507627e-05, 4.54902474303e-05, 5.28945274709e-05, 3.02041062241e-05, 2.97878596029e-05, 2.01158763957e-05, 2.46568324656e-05, 2.17100641748e-05, 1.2391207747e-05, 1.447079012e-05, 1.22625815493e-05, 1.0303896488e-05, 1.04250730146e-05, 1.29077889142e-05, 1.08189260573e-05, 1.02117564893e-05, 7.82328970672e-06, 1.00013739939e-05, 8.91277704795e-06, 7.0507358032e-06, 6.40519465378e-06, 6.39302788841e-06, 7.47753074393e-06, 5.50469485461e-06, 3.78153799829e-06, 3.48213188772e-06, 2.57670330939e-06, 1.76283242581e-06, 1.56821135988e-06],
        "dvar": [2.57584656538e-06, 1.20610293379e-05, 1.81704563147e-05, 9.99770873022e-06, 1.15893305974e-06, 2.39242581301e-07, 6.28057463814e-08, 3.82788307718e-08, 3.39442998154e-08, 1.78719137267e-08, 1.41364857598e-08, 2.05632844086e-09, 4.44066738936e-09, 5.119833002e-09, 1.77028569581e-09, 8.26053336844e-10, 4.24416918277e-10, 9.5679975054e-10, 4.90334162162e-10, 1.43217299131e-10, 3.35483391067e-10, 1.76191589096e-10, 9.71124847204e-11, 9.76740702208e-11, 1.80052805998e-10, 1.08089877326e-10, 9.68906135879e-11, 5.22894713639e-11, 1.31601146647e-10, 6.71840985622e-11, 4.37284930488e-11, 2.94719457172e-11, 3.66100899596e-11, 5.80593836896e-11, 2.47647284624e-11, 1.00515915036e-11, 1.0612081526e-11, 6.08125485732e-12, 2.39316227425e-12, 2.43002276287e-12],
        "dvar2": [6.00621024205e-06, 2.76733881037e-05, 4.41661250079e-05, 2.79769792542e-05, 3.16861610372e-06, 5.91510286085e-07, 1.27971958364e-07, 8.01168127396e-08, 7.64317462654e-08, 4.14719991682e-08, 3.19704476226e-08, 4.94820140418e-09, 1.22627694665e-08, 1.26028130154e-08, 4.73430983305e-09, 2.05279637733e-09, 1.02846486882e-09, 2.12228945529e-09, 1.2050628273e-09, 3.56594503925e-10, 7.28731963662e-10, 4.51960996406e-10, 2.03985120462e-10, 2.29108662597e-10, 4.84491169406e-10, 2.83645384958e-10, 2.40402558971e-10, 1.3399985288e-10, 3.63643504198e-10, 1.63111107954e-10, 1.01404738773e-10, 6.86011594753e-11, 8.87280873774e-11, 1.49020934481e-10, 6.1443912458e-11, 2.40697444615e-11, 2.51106323235e-11, 1.47450489318e-11, 5.54515895007e-12, 6.37466598605e-12],
        "max": [0.023882528767, 0.0467671304941, 0.0488232709467, 0.0287007894367, 0.0140380281955, 0.00699642580003, 0.00517341122031, 0.00231689750217, 0.00180395075586, 0.00176938332152, 0.001571642817, 0.000572562625166, 0.000788470264524, 0.000866892049089, 0.000803259841632, 0.000376631738618, 0.000210743761272, 0.000490321835969, 0.000332792697009, 0.000144604535308, 0.000255448714597, 0.000248192460276, 0.000138359944685, 0.000145150275785, 0.000127326347865, 0.000128533807583, 0.00010636128718, 0.000112135821837, 0.000151072323206, 7.85579031799e-05, 7.26711223251e-05, 5.07654367539e-05, 5.66203416383e-05, 6.80891462252e-05, 5.0313257816e-05, 3.1453804695e-05, 2.76111331914e-05, 2.11767692235e-05, 1.31605738716e-05, 1.94772819668e-05],
        "mean": [0.00157736777328, 0.00285000656731, 0.00273928279057, 0.00129950756673, 0.000645708059892, 0.00029139011167, 0.000212122133235, 0.00015561345208, 7.58471724112e-05, 4.94622763654e-05, 5.144964598e-05, 3.48217072315e-05, 3.18504935422e-05, 4.49374892924e-05, 2.46592153417e-05, 2.76233149634e-05, 1.60285435413e-05, 2.3846694603e-05, 1.99696787604e-05, 1.08646272565e-05, 1.33532257678e-05, 1.16767914733e-05, 1.09890279418e-05, 9.61836667557e-06, 8.88742943062e-06, 7.96457334218e-06, 8.07740434539e-06, 7.30038163965e-06, 6.62757338432e-06, 7.66468929214e-06, 6.30740987617e-06, 5.77138416702e-06, 5.52603796677e-06, 5.32946432941e-06, 4.62941761725e-06, 3.48201842826e-06, 2.97014048556e-06, 2.18559375753e-06, 1.63596894254e-06, 1.24429357129e-06],
        "median": [0.000380437908461, 0.000639490608592, 0.000886539230123, 0.000476307090139, 0.000237169617321, 0.00010573957843, 7.0212459832e-05, 4.04482489103e-05, 1.55142497533e-05, 1.14878921522e-05, 1.57642189151e-05, 1.42115895869e-05, 1.26106206153e-05, 1.37549695864e-05, 8.34415550344e-06, 1.2107015209e-05, 5.47437002751e-06, 9.62113608693e-06, 9.78901425697e-06, 6.04319166086e-06, 6.22469588052e-06, 6.60191517454e-06, 5.86239502809e-06, 4.45275236416e-06, 4.53087159258e-06, 4.41714519184e-06, 4.59769671579e-06, 4.64551703772e-06, 3.36469838658e-06, 4.68839152745e-06, 3.72819658878e-06, 3.66656513506e-06, 3.37044525622e-06, 2.95337372336e-06, 2.88040587293e-06, 2.28868748309e-06, 1.83086069683e-06, 1.36315622967e-06, 1.04896025732e-06, 7.40758821394e-07],
        "min": [5.3577559138e-25, 3.01198433489e-25, 7.32517156015e-25, 3.39599368842e-25, 2.30691406565e-24, 1.78930850472e-24, 2.48387193556e-24, 1.73105743776e-24, 2.10909476911e-24, 1.27621226993e-24, 2.61352576128e-24, 2.51841990169e-24, 3.45760456328e-24, 3.37381373008e-24, 3.13998727195e-24, 3.25856765993e-24, 3.12786681857e-24, 2.96902987252e-24, 2.61189853845e-24, 3.51073395082e-24, 2.88059639568e-24, 2.99923792038e-24, 4.47449084076e-24, 3.27008463472e-24, 4.54149313617e-24, 4.07529172397e-24, 3.67398753187e-24, 4.31398880655e-24, 4.7148804244e-24, 4.25625326019e-24, 5.45613317956e-24, 5.06493666223e-24, 4.91922931988e-24, 4.22489327819e-24, 5.70927193873e-24, 5.29014816764e-24, 6.80412015617e-24, 5.69135966859e-24, 6.18746048682e-24, 5.83503451083e-24],
        "var": [6.50186620987e-06, 2.32032780332e-05, 2.18178684008e-05, 6.87438114255e-06, 1.10669031983e-06, 2.70835926131e-07, 1.45520829165e-07, 7.21733854903e-08, 3.51242341878e-08, 1.75898406951e-08, 1.51756989197e-08, 3.20490967098e-09, 4.0005461166e-09, 6.8836367717e-09, 2.17290940796e-09, 1.5493447636e-09, 6.1624771952e-10, 1.59635804575e-09, 8.09156797121e-10, 2.17159346061e-10, 5.18527831783e-10, 2.6325538971e-10, 2.27562538258e-10, 1.71425457163e-10, 1.67732869261e-10, 1.08986299152e-10, 1.1077113532e-10, 7.28933857719e-11, 1.02660144274e-10, 7.7934367293e-11, 5.61597920945e-11, 4.12342486544e-11, 4.36625700873e-11, 5.36840051579e-11, 2.86044625486e-11, 1.42406208353e-11, 1.24953962108e-11, 7.06142869872e-12, 3.38217843489e-12, 2.44412888366e-12]
    },
    "mfcc": {
        "mean": [-661.786499023, 76.8687820435, 21.3389968872, 29.260225296, 7.23359775543, 12.8468151093, -2.04705119133, -0.333770662546, -6.49094772339, -4.38113117218, -5.71409320831, -0.912514090538, -0.288782954216],
        "cov": [[13565.5488281, 1177.44677734, 556.610351562, 303.011993408, 159.260528564, 252.79208374, -30.1798267365, -0.512880682945, -160.196166992, 19.8081970215, -44.4620437622, -158.474319458, -280.0496521], [1177.44677734, 1622.86108398, 632.35925293, 480.210510254, 306.543731689, 237.43069458, 237.98260498, 151.126983643, 127.959312439, 24.5345478058, -48.4648933411, -69.240196228, -91.2384872437], [556.610351562, 632.35925293, 772.36114502, 434.879089355, 295.994567871, 262.356109619, 213.051681519, 107.142913818, 119.70059967, 62.8691139221, 28.5631427765, -25.7877731323, -76.5874176025], [303.011993408, 480.210510254, 434.879089355, 412.468597412, 255.95161438, 207.910369873, 157.918029785, 121.099647522, 86.9398880005, 46.225402832, 7.51447629929, -9.96947860718, -33.65990448], [159.260528564, 306.543731689, 295.994567871, 255.95161438, 294.529846191, 197.064361572, 123.101951599, 87.7751159668, 53.2541351318, 27.9406700134, 24.6430435181, 20.5136737823, 0.00361592695117], [252.79208374, 237.43069458, 262.356109619, 207.910369873, 197.064361572, 257.832305908, 154.937149048, 96.8006820679, 66.4800872803, 39.7399215698, 14.7495708466, 4.45116949081, -24.5336742401], [-30.1798267365, 237.98260498, 213.051681519, 157.918029785, 123.101951599, 154.937149048, 206.40071106, 120.520027161, 94.7417831421, 43.1004676819, 15.849606514, -10.3346786499, -22.693397522], [-0.512880682945, 151.126983643, 107.142913818, 121.099647522, 87.7751159668, 96.8006820679, 120.520027161, 178.981109619, 111.289497375, 55.7352828979, 7.50446081161, -8.44290542603, -8.16611480713], [-160.196166992, 127.959312439, 119.70059967, 86.9398880005, 53.2541351318, 66.4800872803, 94.7417831421, 111.289497375, 173.235748291, 97.6691589355, 43.5473403931, 17.2323665619, 2.62409329414], [19.8081970215, 24.5345478058, 62.8691139221, 46.225402832, 27.9406700134, 39.7399215698, 43.1004676819, 55.7352828979, 97.6691589355, 144.561355591, 90.5890197754, 35.6306838989, 5.11193752289], [-44.4620437622, -48.4648933411, 28.5631427765, 7.51447629929, 24.6430435181, 14.7495708466, 15.849606514, 7.50446081161, 43.5473403931, 90.5890197754, 158.771499634, 96.34400177, 39.642665863], [-158.474319458, -69.240196228, -25.7877731323, -9.96947860718, 20.5136737823, 4.45116949081, -10.3346786499, -8.44290542603, 17.2323665619, 35.6306838989, 96.34400177, 148.250717163, 99.38697052], [-280.0496521, -91.2384872437, -76.5874176025, -33.65990448, 0.00361592695117, -24.5336742401, -22.693397522, -8.16611480713, 2.62409329414, 5.11193752289, 39.642665863, 99.38697052, 147.848587036]],
