{
"lowlevel": {
    "average_loudness": 0.971605837345,
    "barkbands_crest": {
        "dmean": 3.45014572144,
        "dmean2": 5.38194465637,
        "dvar": 11.1106214523,
        "dvar2": 26.2135772705,
        "max": 26.3396625519,
        "mean": 13.2216701508,
        "median": 12.8180522919,
        "min": 2.3665201664,
        "var": 25.8908939362
    },
    "barkbands_flatness_db": {
        "dmean": 0.0563842914999,
        "dmean2": 0.0760205686092,
        "dvar": 0.00319742178544,
        "dvar2": 0.00689097493887,
        "max": 0.592293322086,
        "mean": 0.212058648467,
        "median": 0.209933698177,
        "min": 0.0306522976607,
        "var": 0.00835954397917
    },
    "barkbands_kurtosis": {
        "dmean": 11.1863050461,
        "dmean2": 16.5443229675,
        "dvar": 471.591247559,
        "dvar2": 1138.34387207,
        "max": 481.467590332,
        "mean": 16.8461666107,
        "median": 8.38744831085,
        "min": -1.67882347107,
        "var": 685.722595215
    },
    "barkbands_skewness": {
        "dmean": 1.08292722702,
        "dmean2": 1.56253325939,
        "dvar": 1.52289175987,
        "dvar2": 3.5797431469,
        "max": 17.7698745728,
        "mean": 2.99945831299,
        "median": 2.70948123932,
        "min": -2.18368554115,
        "var": 3.98056292534
    },
    "barkbands_spread": {
        "dmean": 7.79664373398,
        "dmean2": 12.3390016556,
        "dvar": 96.2981719971,
        "dvar2": 228.852294922,
        "max": 76.2343292236,
        "mean": 13.5854511261,
        "median": 9.11248207092,
        "min": 0.281264424324,
        "var": 141.45803833
    },
    "dissonance": {
        "dmean": 0.0208354722708,
        "dmean2": 0.032414637506,
        "dvar": 0.000561266904697,
        "dvar2": 0.00124137487728,
        "max": 0.5,
        "mean": 0.461312741041,
        "median": 0.471946895123,
        "min": 0.236082687974,
        "var": 0.00121752754785
    },
    "dynamic_complexity": 3.50016713142,
    "erbbands_crest": {
        "dmean": 2.42606401443,
        "dmean2": 3.83533906937,
        "dvar": 5.96552562714,
        "dvar2": 14.1427869797,
        "max": 25.0266361237,
        "mean": 7.78408384323,
        "median": 6.80635356903,
        "min": 2.1668844223,
        "var": 13.7985343933
    },
    "erbbands_flatness_db": {
        "dmean": 0.0295413658023,
        "dmean2": 0.0399861000478,
        "dvar": 0.00108112161979,
        "dvar2": 0.00206266413443,
        "max": 0.362562000751,
        "mean": 0.169655531645,
        "median": 0.162894070148,
        "min": 0.0440572574735,
        "var": 0.00275015784428
    },
    "erbbands_kurtosis": {
        "dmean": 1.00788700581,
        "dmean2": 1.55502474308,
        "dvar": 8.55840396881,
        "dvar2": 19.5233612061,
        "max": 92.2943572998,
        "mean": 0.0239727161825,
        "median": -0.62849521637,
        "min": -1.7507712841,
        "var": 10.8261795044
    },
    "erbbands_skewness": {
        "dmean": 0.477396965027,
        "dmean2": 0.717541098595,
        "dvar": 0.295956134796,
        "dvar2": 0.667599081993,
        "max": 6.95413541794,
        "mean": 0.321350514889,
        "median": 0.200800925493,
        "min": -2.21489262581,
        "var": 0.703935921192
    },
    "erbbands_spread": {
        "dmean": 10.4834651947,
        "dmean2": 15.3104257584,
        "dvar": 110.795043945,
        "dvar2": 245.277648926,
        "max": 125.877189636,
        "mean": 44.1726875305,
        "median": 43.0369873047,
        "min": 3.12991690636,
        "var": 258.971984863
    },
    "hfc": {
        "dmean": 9.66729545593,
        "dmean2": 15.4104213715,
        "dvar": 189.120773315,
        "dvar2": 486.655548096,
        "max": 104.836021423,
        "mean": 13.1392059326,
        "median": 8.29730224609,
        "min": 1.07963626785e-16,
        "var": 218.36366272
    },
    "melbands_crest": {
        "dmean": 3.50283432007,
        "dmean2": 5.41237783432,
        "dvar": 12.1529035568,
        "dvar2": 27.4002399445,
        "max": 33.7518615723,
        "mean": 17.069234848,
        "median": 16.6002693176,
        "min": 1.62103295326,
        "var": 35.5682754517
    },
    "melbands_flatness_db": {
        "dmean": 0.0653690695763,
        "dmean2": 0.088438346982,
        "dvar": 0.00451080128551,
        "dvar2": 0.00999162718654,
        "max": 0.727765262127,
        "mean": 0.289015889168,
        "median": 0.289472967386,
        "min": 0.00282730767503,
        "var": 0.0129772862419
    },
    "melbands_kurtosis": {
        "dmean": 20.5785694122,
        "dmean2": 30.3195800781,
        "dvar": 888.514648438,
        "dvar2": 2006.63208008,
        "max": 353.9324646,
        "mean": 37.1586837769,
        "median": 23.871465683,
        "min": -1.67940235138,
        "var": 1714.11230469
    },
    "melbands_skewness": {
        "dmean": 1.24544429779,
        "dmean2": 1.80369758606,
        "dvar": 1.63875329494,
        "dvar2": 3.7132499218,
        "max": 15.6950178146,
        "mean": 4.42502593994,
        "median": 4.09646224976,
        "min": -0.327314317226,
        "var": 4.92216539383
    },
    "melbands_spread": {
        "dmean": 7.91357374191,
        "dmean2": 12.8764295578,
        "dvar": 133.014022827,
        "dvar2": 328.731719971,
        "max": 167.686538696,
        "mean": 13.6397457123,
        "median": 7.11622953415,
        "min": 0.351245611906,
        "var": 371.915313721
    },
    "pitch_salience": {
        "dmean": 0.106266707182,
        "dmean2": 0.159112170339,
        "dvar": 0.0108372885734,
        "dvar2": 0.0223655514419,
        "max": 0.890468597412,
        "mean": 0.487928986549,
        "median": 0.500978767872,
        "min": 0.0541861280799,
        "var": 0.0277913324535
    },
    "silence_rate_20dB": {
        "dmean": 0,
        "dmean2": 0,
        "dvar": 0,
        "dvar2": 0,
        "max": 1,
        "mean": 1,
        "median": 1,
        "min": 1,
        "var": 0
    },
    "silence_rate_30dB": {
        "dmean": 0.0477611944079,
        "dmean2": 0.0955443307757,
        "dvar": 0.0454772561789,
        "dvar2": 0.105247430503,
        "max": 1,
        "mean": 0.949035823345,
        "median": 1,
        "min": 0,
        "var": 0.0483647920191
    },
    "silence_rate_60dB": {
        "dmean": 0.0376578643918,
        "dmean2": 0.0753330290318,
        "dvar": 0.0362406037748,
        "dvar2": 0.077468059957,
        "max": 1,
        "mean": 0.0925160720944,
        "median": 0,
        "min": 0,
        "var": 0.0839575082064
    },
    "spectral_centroid": {
        "dmean": 432.299743652,
        "dmean2": 678.028137207,
        "dvar": 290755.625,
        "dvar2": 667448.8125,
        "max": 11843.7412109,
        "mean": 1048.48986816,
        "median": 677.467956543,
        "min": 112.528709412,
        "var": 1838499.25
    },
    "spectral_complexity": {
        "dmean": 6.63696908951,
        "dmean2": 9.87505722046,
        "dvar": 61.3936004639,
        "dvar2": 132.343444824,
        "max": 56,
        "mean": 15.1375112534,
        "median": 12,
        "min": 0,
        "var": 122.914604187
    },
    "spectral_decrease": {
        "dmean": 4.91393370439e-09,
        "dmean2": 7.23555571014e-09,
        "dvar": 4.16028106803e-17,
        "dvar2": 1.02542033588e-16,
        "max": 3.28776475099e-22,
        "mean": -1.01476338443e-08,
        "median": -6.93280011177e-09,
        "min": -5.67544766739e-08,
        "var": 9.50193156075e-17
    },
    "spectral_energy": {
        "dmean": 0.0190803837031,
        "dmean2": 0.0282053779811,
        "dvar": 0.000617228040937,
        "dvar2": 0.00152446364518,
        "max": 0.219282954931,
        "mean": 0.0394911840558,
        "median": 0.0274852123111,
        "min": 9.97905925002e-21,
        "var": 0.00140634970739
    },
    "spectral_energyband_high": {
        "dmean": 0.000562221743166,
        "dmean2": 0.000950362824369,
        "dvar": 9.9152043731e-07,
        "dvar2": 2.58439740719e-06,
        "max": 0.00820028409362,
        "mean": 0.000452179141575,
        "median": 6.49185676593e-05,
        "min": 7.20934513529e-21,
        "var": 8.03209786682e-07
    },
    "spectral_energyband_low": {
        "dmean": 0.0145607329905,
        "dmean2": 0.0206540189683,
        "dvar": 0.000465469318442,
        "dvar2": 0.00106335361488,
        "max": 0.200310081244,
        "mean": 0.0261183083057,
        "median": 0.0124546680599,
        "min": 1.86239063002e-23,
        "var": 0.00101515569258
    },
    "spectral_energyband_middle_high": {
        "dmean": 0.00222985888831,
        "dmean2": 0.00354768219404,
        "dvar": 1.2491455891e-05,
        "dvar2": 3.19533100992e-05,
        "max": 0.0338152013719,
        "mean": 0.00264563714154,
        "median": 0.00119542807806,
        "min": 1.12484365624e-21,
        "var": 1.36595544973e-05
    },
    "spectral_energyband_middle_low": {
        "dmean": 0.00825847033411,
        "dmean2": 0.0125194145367,
        "dvar": 0.000159421237186,
        "dvar2": 0.000377514894353,
        "max": 0.141430869699,
        "mean": 0.0141656165943,
        "median": 0.00812359526753,
        "min": 1.58919449858e-22,
        "var": 0.00030406715814
    },
    "spectral_entropy": {
        "dmean": 0.405914157629,
        "dmean2": 0.565252244473,
        "dvar": 0.192874774337,
        "dvar2": 0.414222985506,
        "max": 9.81620025635,
        "mean": 7.18095064163,
        "median": 7.18243122101,
        "min": 4.55743980408,
        "var": 0.51376914978
    },
    "spectral_flux": {
        "dmean": 0.0436196401715,
        "dmean2": 0.0675461813807,
        "dvar": 0.00245168316178,
        "dvar2": 0.00548257865012,
        "max": 0.36835488677,
        "mean": 0.0972241982818,
        "median": 0.075145483017,
        "min": 6.46159306616e-11,
        "var": 0.00524883810431
    },
    "spectral_kurtosis": {
        "dmean": 4.54098749161,
        "dmean2": 7.44350576401,
        "dvar": 53.2227745056,
        "dvar2": 126.165855408,
        "max": 126.952987671,
        "mean": 7.35146903992,
        "median": 4.6272649765,
        "min": -1.27034056187,
        "var": 74.9005584717
    },
    "spectral_rms": {
        "dmean": 0.00144890148658,
        "dmean2": 0.00200436660089,
        "dvar": 2.64997129307e-06,
        "dvar2": 5.83211431149e-06,
        "max": 0.0146265029907,
        "mean": 0.0054161855951,
        "median": 0.0051783034578,
        "min": 3.12020309763e-12,
        "var": 9.19303693081e-06
    },
    "spectral_rolloff": {
        "dmean": 521.812255859,
        "dmean2": 900.33380127,
        "dvar": 788955.875,
        "dvar2": 1867135,
        "max": 19595.2148438,
        "mean": 967.739074707,
        "median": 279.931640625,
        "min": 64.599609375,
        "var": 5463856
    },
    "spectral_skewness": {
        "dmean": 0.49296823144,
        "dmean2": 0.769908487797,
        "dvar": 0.352420151234,
        "dvar2": 0.834526956081,
        "max": 7.47553491592,
        "mean": 1.74442839622,
        "median": 1.5481595993,
        "min": -0.0868220850825,
        "var": 0.656876802444
    },
    "spectral_spread": {
        "dmean": 706177.4375,
        "dmean2": 988026.625,
        "dvar": 981456257024,
        "dvar2": 1.83800745165e+12,
        "max": 42166388,
        "mean": 4017776.25,
        "median": 3478267.5,
        "min": 453117.78125,
        "var": 2.00836844093e+13
    },
    "spectral_strongpeak": {
        "dmean": 0.262811034918,
        "dmean2": 0.410354167223,
        "dvar": 0.115561001003,
        "dvar2": 0.303864508867,
        "max": 7.324177742,
        "mean": 0.572803556919,
        "median": 0.445971250534,
        "min": 0,
        "var": 0.22274646163
    },
    "zerocrossingrate": {
        "dmean": 0.0108803194016,
        "dmean2": 0.0135139739141,
        "dvar": 0.000157380331075,
        "dvar2": 0.000219466921408,
        "max": 0.52783203125,
        "mean": 0.0361441336572,
        "median": 0.02392578125,
        "min": 0.00244140625,
        "var": 0.00364251807332
    },
    "barkbands": {
        "dmean": [3.99019227189e-05, 0.0097689377144, 0.00652453722432, 0.00404304685071, 0.0040266555734, 0.000732493936084, 0.000445122481324, 0.000373132410459, 0.000342459534295, 0.000217650464037, 0.000233365746681, 0.000229628625675, 0.000210646088817, 0.000342143379385, 0.000264103815425, 0.000241854824708, 0.000314553501084, 0.000231987651205, 0.000227083073696, 0.000303704495309, 0.000148776656715, 0.00014114138321, 4.97209766763e-05, 3.27156412823e-05, 2.541377944e-05, 1.79600665433e-05, 3.65478939557e-07],
        "dmean2": [6.58840726828e-05, 0.0143170664087, 0.00981770455837, 0.00591537589207, 0.00670057255775, 0.00117319391575, 0.000738301314414, 0.000581267639063, 0.000578996201511, 0.000353349751094, 0.00036181366886, 0.000402356847189, 0.000352957868017, 0.000547099625692, 0.000455988716567, 0.00039995246334, 0.000519864843227, 0.000380673853215, 0.000374185707187, 0.000523826514836, 0.000249344942858, 0.000244435243076, 8.02097492851e-05, 5.46871306142e-05, 4.40672920377e-05, 3.18776037602e-05, 6.73011982144e-07],
        "dvar": [5.04380270883e-09, 0.000306068715872, 0.000113903879537, 5.35776889592e-05, 5.13368868269e-05, 1.33060370899e-06, 5.167744348e-07, 4.27760198818e-07, 3.49427608626e-07, 1.46638427623e-07, 2.07646266404e-07, 2.23643610298e-07, 1.79133266442e-07, 5.937178571e-07, 2.81425855064e-07, 2.47578441304e-07, 3.8193732621e-07, 2.65575266667e-07, 2.389778615e-07, 4.84295185288e-07, 7.4814721529e-08, 1.15845445237e-07, 8.18184364704e-09, 2.81405498903e-09, 2.25480412119e-09, 1.47016832042e-09, 1.15172769325e-12],
        "dvar2": [1.3109867858e-08, 0.00070436403621, 0.000281591521343, 0.000118175477837, 0.000133632434881, 3.45985654349e-06, 1.33059347718e-06, 1.03595687051e-06, 9.01848579815e-07, 3.8082717424e-07, 4.49569995453e-07, 6.10987740401e-07, 4.47418898375e-07, 1.44437024119e-06, 7.43874750242e-07, 6.16429304046e-07, 9.68592644313e-07, 6.89556713951e-07, 6.46667274395e-07, 1.32698266953e-06, 1.95241881329e-07, 3.22903559891e-07, 1.99445562288e-08, 6.98657132148e-09, 5.99599614404e-09, 4.0001961743e-09, 3.2481589033e-12],
        "max": [0.000741533294786, 0.162914574146, 0.0901098325849, 0.121081896126, 0.0758255794644, 0.0153605686501, 0.00774050410837, 0.00879596173763, 0.00570183433592, 0.00863109249622, 0.00560174044222, 0.00514199910685, 0.00501647079363, 0.00932013243437, 0.00586482696235, 0.0064662671648, 0.007129448466, 0.00616838643327, 0.00595266139135, 0.00988941825926, 0.00260487268679, 0.00628424389288, 0.00101337989327, 0.000495097658131, 0.000317994039506, 0.000252499448834, 1.17621029858e-05],
        "mean": [4.485790123e-05, 0.0133720999584, 0.008889015764, 0.00663388380781, 0.00486837746575, 0.00104624032974, 0.000572943710722, 0.000497671717312, 0.000391663634218, 0.000288505048957, 0.000280819338514, 0.000225021402002, 0.000236893276451, 0.000371023576008, 0.000231935991906, 0.0002324142406, 0.000310558505589, 0.000219182897126, 0.000210646059713, 0.000233802042203, 0.00012619359768, 0.000105709848867, 4.26055958087e-05, 2.76950977423e-05, 1.92530260392e-05, 1.20645072457e-05, 2.24137011173e-07],
        "median": [1.00996885521e-05, 0.00291599752381, 0.00281365518458, 0.00236505130306, 0.00204816227779, 0.000583512592129, 0.000287854520138, 0.000220996662392, 0.000174726737896, 0.000145243495353, 9.33290575631e-05, 9.18853329495e-05, 8.72244345373e-05, 0.00010309155914, 6.81651654304e-05, 7.19590680092e-05, 9.01892053662e-05, 4.86165481561e-05, 5.29971512151e-05, 3.76092903025e-05, 2.26758984354e-05, 1.13138303277e-05, 4.33997411164e-06, 2.48222886512e-06, 1.37149243074e-06, 4.35503693552e-07, 2.80465295432e-09],
        "min": [6.02720349253e-25, 4.53152469534e-24, 5.85696977437e-25, 1.6073780501e-24, 1.24234043649e-23, 1.1326641582e-23, 6.50682214682e-24, 9.46159217519e-24, 1.98714724668e-23, 1.50836610629e-23, 2.30880969841e-23, 3.22121884316e-23, 3.29807850779e-23, 4.75846356947e-23, 4.93847815705e-23, 3.75024537451e-23, 7.86685857933e-23, 1.07415768963e-22, 1.08659846787e-22, 1.52417696142e-22, 2.52170381919e-22, 2.92826404952e-22, 3.86069360052e-22, 5.17412226904e-22, 7.99656157475e-22, 1.25858953225e-21, 1.98353892117e-21],
        "var": [6.25812024424e-09, 0.000508362078108, 0.00017302314518, 0.000137690280098, 6.41773658572e-05, 1.86465342722e-06, 6.49741991765e-07, 6.33175943676e-07, 3.68209299495e-07, 1.77307086346e-07, 2.81690773818e-07, 1.76395076323e-07, 2.17912074163e-07, 7.13977215128e-07, 2.25383004704e-07, 2.24269442128e-07, 3.59383790283e-07, 2.29385676676e-07, 1.84431002026e-07, 3.30757302436e-07, 6.10693788872e-08, 7.67182015693e-08, 8.06336242221e-09, 2.7454969409e-09, 1.6850543183e-09, 9.66394519963e-10, 6.78493285861e-13]
    },
    "erbbands": {
        "dmean": [0.161669254303, 2.62087655067, 7.05062055588, 11.4512634277, 14.1347961426, 12.9325428009, 7.83697462082, 6.36657810211, 7.39676856995, 6.98236751556, 7.69135522842, 7.93384933472, 7.07912445068, 6.03137540817, 9.27646350861, 10.4182157516, 10.0170955658, 17.093744278, 15.1151409149, 12.3189086914, 15.412399292, 16.5130672455, 11.4643688202, 12.287856102, 12.8376646042, 12.729095459, 8.55406188965, 5.83012104034, 5.70516681671, 2.65313339233, 1.27021229267, 0.743934512138, 0.536057889462, 0.352153748274, 0.146308168769, 0.0749858543277, 0.0332721807063, 0.00473774736747, 9.76991796051e-05, 2.32584516198e-05],
        "dmean2": [0.235501751304, 3.85072779655, 10.7307491302, 16.1270885468, 22.1092147827, 21.9949913025, 13.0120849609, 10.0557479858, 12.1720895767, 10.8525047302, 12.9437227249, 13.2727642059, 11.3233661652, 9.99871444702, 14.4618577957, 18.1121063232, 16.7196216583, 27.2322349548, 25.4140701294, 20.9039840698, 25.4191169739, 27.1079387665, 18.5286140442, 19.8173027039, 21.7100582123, 21.9905071259, 14.4896583557, 9.93193244934, 9.94399738312, 4.42148160934, 2.05708312988, 1.22099840641, 0.91185438633, 0.614667534828, 0.251697152853, 0.129709243774, 0.059853002429, 0.00859899446368, 0.0001746697817, 3.57599310519e-05],
        "dvar": [0.0710679665208, 23.1072788239, 149.489074707, 348.460906982, 778.522033691, 523.73626709, 198.411727905, 100.146316528, 156.460739136, 130.769790649, 223.820648193, 189.465957642, 183.545135498, 135.507171631, 352.409698486, 435.903991699, 378.472808838, 1451.18322754, 952.91394043, 521.005065918, 871.057983398, 1179.89013672, 561.328674316, 626.01763916, 1037.44677734, 737.743591309, 295.491973877, 128.25642395, 265.648132324, 21.8266239166, 5.23320770264, 1.44062817097, 0.878608822823, 0.455548197031, 0.0709775835276, 0.0203695632517, 0.00570405600592, 0.000132903252961, 4.81163802135e-08, 8.42445002647e-10],
        "dvar2": [0.176822125912, 52.8346290588, 369.510345459, 821.06463623, 1903.28015137, 1403.28515625, 536.662475586, 254.64414978, 399.396026611, 295.342895508, 610.032836914, 478.407806396, 475.074371338, 360.03237915, 765.721252441, 1190.68945312, 945.66015625, 3448.79614258, 2501.75488281, 1345.12963867, 2167.20581055, 2983.74316406, 1418.0090332, 1643.53710938, 2869.46411133, 2013.12194824, 785.306091309, 343.519165039, 752.605407715, 55.6455612183, 12.6914901733, 3.38664984703, 2.29193592072, 1.22484898567, 0.186714291573, 0.0540231801569, 0.0157460924238, 0.000367270899005, 1.33276216729e-07, 2.10567252523e-09],
        "max": [2.2989025116, 44.6571998596, 108.759262085, 283.797180176, 296.15512085, 196.2394104, 145.516159058, 160.668746948, 164.386871338, 194.102920532, 152.255401611, 154.77394104, 356.881500244, 117.423469543, 279.444976807, 222.260818481, 203.087585449, 518.958862305, 368.881378174, 224.829818726, 348.549316406, 386.273101807, 318.000762939, 294.51071167, 395.001861572, 340.94342041, 199.94380188, 125.617263794, 336.246307373, 38.705116272, 21.2088470459, 13.5896921158, 6.72629785538, 4.45789432526, 1.89541924, 1.15361177921, 0.549678504467, 0.0848278477788, 0.00159819284454, 0.000246159674134],
        "mean": [0.233561933041, 3.52490782738, 9.29283905029, 19.1911811829, 19.9611091614, 14.1131591797, 9.67240428925, 9.31900691986, 9.79276275635, 10.2479743958, 8.88042163849, 9.61172676086, 9.59492778778, 7.55653142929, 11.261762619, 10.6882562637, 11.567949295, 19.2467441559, 13.9604692459, 11.9381580353, 15.4844608307, 15.9009447098, 11.2865667343, 12.2685670853, 10.6253032684, 9.92269897461, 7.01507329941, 4.64801025391, 4.22269487381, 2.14017510414, 1.08492171764, 0.639902114868, 0.43900769949, 0.265750616789, 0.111217588186, 0.0534302778542, 0.0216955877841, 0.00300823664293, 7.72687853896e-05, 4.65815173811e-05],
        "median": [0.054391503334, 0.809924840927, 3.43672299385, 8.14136505127, 6.42082834244, 5.68095970154, 4.82460689545, 5.09555149078, 4.95786094666, 4.69964790344, 4.175157547, 4.41935348511, 4.65949058533, 4.01263284683, 3.65797662735, 4.47875928879, 4.33848142624, 5.73223686218, 4.3946557045, 4.16656017303, 5.44930553436, 4.45927238464, 2.86419844627, 3.01094245911, 2.23132753372, 1.78389835358, 1.21555936337, 0.729409813881, 0.432571709156, 0.227670624852, 0.113492637873, 0.0619220212102, 0.0381275340915, 0.0189204961061, 0.00746627524495, 0.00244552176446, 0.000660582329147, 7.13962363079e-05, 2.33612954617e-05, 3.36697485182e-05],
        "min": [9.76037655626e-23, 7.06280774717e-22, 1.23507577223e-21, 7.05746621221e-21, 2.23141679915e-20, 4.19876394256e-20, 5.00270045678e-20, 8.63522922013e-20, 1.28423228068e-19, 1.74148647882e-19, 2.78078864142e-19, 4.40517465058e-19, 5.07521989807e-19, 6.72390097731e-19, 1.2734753655e-18, 1.23423526141e-18, 1.98044119925e-18, 2.63455908404e-18, 2.98530041417e-18, 3.13498122756e-18, 2.97168957078e-18, 4.93614777944e-18, 4.93578878306e-18, 5.94974719151e-18, 6.86037874734e-18, 8.13734295388e-18, 9.29554222242e-18, 8.67932327175e-18, 1.13384516879e-17, 1.20692037206e-17, 1.13601709693e-17, 1.27357516484e-17, 8.54606282071e-18, 8.24304174691e-18, 6.5148943568e-18, 3.80422927973e-18, 2.46132823183e-18, 9.27318477123e-19, 2.5769749574e-19, 2.82475813774e-20],
        "var": [0.13140912354, 36.5792961121, 197.689559937, 757.891723633, 1295.04516602, 484.161376953, 197.876739502, 159.76121521, 198.511108398, 235.564315796, 197.385314941, 219.64112854, 217.790740967, 131.18737793, 464.400665283, 355.873809814, 462.902130127, 1846.18786621, 790.163879395, 462.68850708, 810.54095459, 1069.72155762, 526.592468262, 556.108703613, 704.434265137, 514.333618164, 222.72177124, 96.3797225952, 166.133453369, 19.2823162079, 5.11227321625, 1.49579131603, 0.764652371407, 0.333677172661, 0.0546948499978, 0.0146599914879, 0.00358834816143, 8.25613678899e-05, 3.09550500788e-08, 1.8166360638e-09]
    },
    "gfcc": {
        "mean": [-75.778213501, 134.908477783, -111.375587463, 45.5528564453, -38.6113204956, 5.44092941284, -26.934633255, -1.14349484444, -20.3135662079, -3.81886291504, -14.9206924438, -8.76852321625, -9.54496192932],
        "cov": [[31546.9082031, -794.555358887, -1815.32116699, 1438.6340332, -1447.46398926, 605.499694824, -1292.51403809, 490.107696533, -963.239746094, 403.211303711, -759.531433105, 281.725524902, -496.463134766], [-794.555358887, 2611.17529297, -170.423904419, -211.910552979, 531.487182617, -291.202056885, 437.821685791, -328.511322021, 342.251831055, -290.373809814, 302.859130859, -273.508758545, 198.389068604], [-1815.32116699, -170.423904419, 914.993103027, 86.1537017822, 211.893417358, 76.3677825928, 106.873062134, 99.0932769775, 67.9215087891, 81.9437179565, 34.9551124573, 57.7660522461, 32.3011894226], [1438.6340332, -211.910552979, 86.1537017822, 389.14666748, 5.15771818161, 95.007270813, -17.46509552, 80.5137481689, -0.753512024879, 40.5318756104, -17.6855602264, 19.6227474213, 1.63754570484], [-1447.46398926, 531.487182617, 211.893417358, 5.15771818161, 396.890197754, -15.8438005447, 213.117080688, -44.6293296814, 155.788085938, -48.3517379761, 102.389350891, -59.9648895264, 71.801902771], [605.499694824, -291.202056885, 76.3677825928, 95.007270813, -15.8438005447, 206.255783081, 0.703597009182, 86.6244735718, -18.7696170807, 64.9039840698, -3.21626257896, 43.3750038147, -5.79712677002], [-1292.51403809, 437.821685791, 106.873062134, -17.46509552, 213.117080688, 0.703597009182, 284.502838135, -11.6489439011, 146.657653809, -37.6627960205, 102.505409241, -41.3260917664, 80.1491241455], [490.107696533, -328.511322021, 99.0932769775, 80.5137481689, -44.6293296814, 86.6244735718, -11.6489439011, 164.199249268, -1.84369063377, 82.3477554321, -21.8403587341, 66.7615203857, -1.03620398045], [-963.239746094, 342.251831055, 67.9215087891, -0.753512024879, 155.788085938, -18.7696170807, 146.657653809, -1.84369063377, 173.202667236, -10.5934944153, 91.5137176514, -30.2420063019, 66.1351928711], [403.211303711, -290.373809814, 81.9437179565, 40.5318756104, -48.3517379761, 64.9039840698, -37.6627960205, 82.3477554321, -10.5934944153, 129.609329224, -5.01084423065, 64.9140930176, -10.950961113], [-759.531433105, 302.859130859, 34.9551124573, -17.6855602264, 102.389350891, -3.21626257896, 102.505409241, -21.8403587341, 91.5137176514, -5.01084423065, 134.586914062, -8.16342449188, 58.2507209778], [281.725524902, -273.508758545, 57.7660522461, 19.6227474213, -59.9648895264, 43.3750038147, -41.3260917664, 66.7615203857, -30.2420063019, 64.9140930176, -8.16342449188, 109.554519653, 6.67429733276], [-496.463134766, 198.389068604, 32.3011894226, 1.63754570484, 71.801902771, -5.79712677002, 80.1491241455, -1.03620398045, 66.1351928711, -10.950961113, 58.2507209778, 6.67429733276, 91.1628494263]],
        "icov": [[0.000134964226163, -0.000414942303905, 0.000223694005399, -0.000500692171045, 0.000205379357794, -0.000379915814847, 0.000298760220176, -0.000360520294635, 0.000422214856371, -0.000457560876384, 0.000625270768069, -0.000405163998948, 0.000383915437851], [-0.000414942303905, 0.00246013933793, -0.000469852151582, 0.00164123333525, -0.0011891919421, 0.00185971253086, -0.00126469240058, 0.0017705981154, -0.0016407140065, 0.00207651313394, -0.00311973458156, 0.0024275907781, -0.00203416333534], [0.000223694005399, -0.000469852151582, 0.00192720582709, -0.000917139986996, -0.000896184472367, -0.000484190677525, 0.000246405572398, -0.00102556915954, 0.000886242545675, -0.00132236280479, 0.00101184356026, -0.0011173664825, 0.00065457780147], [-0.000500692171045, 0.00164123333525, -0.000917139986996, 0.00499250506982, -0.00112711114343, 0.000336669065291, -0.000464842363726, 0.000200934155146, -0.00182183331344, 0.00184402544983, -0.00202805479057, 0.00230594351888, -0.00207274220884], [0.000205379357794, -0.0011891919421, -0.000896184472367, -0.00112711114343, 0.0063781356439, -0.00122795568313, -0.00152709917165, 0.000656608026475, -0.00161593954545, -0.000226067000767, 0.00105942867231, -0.000101507241197, 0.000768234953284], [-0.000379915814847, 0.00185971253086, -0.000484190677525, 0.000336669065291, -0.00122795568313, 0.0087102688849, -0.00216201669537, -0.00120403605979, 0.000853377161548, -0.000155349567649, -0.00361475348473, 0.00173133262433, -0.000997170805931], [0.000298760220176, -0.00126469240058, 0.000246405572398, -0.000464842363726, -0.00152709917165, -0.00216201669537, 0.00929197669029, -0.00228550750762, -0.00226121488959, 0.000575696409214, 0.000164608398336, 6.7598921305e-05, -0.00123032275587], [-0.000360520294635, 0.0017705981154, -0.00102556915954, 0.000200934155146, 0.000656608026475, -0.00120403605979, -0.00228550750762, 0.0141370659694, -0.00429620407522, -0.00237451004796, 0.00117116759066, -0.00238161557354, -0.00162290083244], [0.000422214856371, -0.0016407140065, 0.000886242545675, -0.00182183331344, -0.00161593954545, 0.000853377161548, -0.00226121488959, -0.00429620407522, 0.0167890097946, -0.00392954843119, -0.00254559749737, 0.00213483185507, -0.00232676463202], [-0.000457560876384, 0.00207651313394, -0.00132236280479, 0.00184402544983, -0.000226067000767, -0.000155349567649, 0.000575696409214, -0.00237451004796, -0.00392954843119, 0.0169255323708, -0.00473995134234, -0.00321066216566, 0.00120740884449], [0.000625270768069, -0.00311973458156, 0.00101184356026, -0.00202805479057, 0.00105942867231, -0.00361475348473, 0.000164608398336, 0.00117116759066, -0.00254559749737, -0.00473995134234, 0.0185801573098, -0.00462073460221, -0.00158005417325], [-0.000405163998948, 0.0024275907781, -0.0011173664825, 0.00230594351888, -0.000101507241197, 0.00173133262433, 6.7598921305e-05, -0.00238161557354, 0.00213483185507, -0.00321066216566, -0.00462073460221, 0.0197441391647, -0.00745879951864], [0.000383915437851, -0.00203416333534, 0.00065457780147, -0.00207274220884, 0.000768234953284, -0.000997170805931, -0.00123032275587, -0.00162290083244, -0.00232676463202, 0.00120740884449, -0.00158005417325, -0.00745879951864, 0.0210756603628]]
    },
    "melbands": {
        "dmean": [0.002152136527, 0.00356184551492, 0.00199862453155, 0.000939903839026, 0.000356803939212, 0.000144542995258, 0.000106478248199, 7.77790992288e-05, 6.74347465974e-05, 4.67402678623e-05, 3.4854056139e-05, 2.39139462792e-05, 3.09324168484e-05, 2.44680213655e-05, 2.47399948421e-05, 2.2897409508e-05, 3.4893888369e-05, 2.5610679586e-05, 1.74729993887e-05, 1.63627555594e-05, 1.95018765226e-05, 2.04214393307e-05, 1.05734334284e-05, 1.01832856672e-05, 1.00850684248e-05, 8.44046553539e-06, 1.04529544842e-05, 8.32225669001e-06, 6.57004511595e-06, 3.74250907953e-06, 3.07593768412e-06, 3.60822514267e-06, 2.09805352824e-06, 1.23722861645e-06, 7.71834947955e-07, 5.30841020918e-07, 4.14313575448e-07, 3.64800598618e-07, 3.45238674981e-07, 2.92099173294e-07],
        "dmean2": [0.00313879549503, 0.00521228369325, 0.00281941704452, 0.00155678822193, 0.000587569957133, 0.000228567078011, 0.000174738379428, 0.000119374839414, 0.000115028342407, 7.79363690526e-05, 5.58024512429e-05, 4.01831275667e-05, 4.77254543512e-05, 4.13189081883e-05, 4.25930738857e-05, 3.83904807677e-05, 5.52285637241e-05, 4.3097694288e-05, 3.03232336591e-05, 2.72719753411e-05, 3.25191467709e-05, 3.39752768923e-05, 1.73410189745e-05, 1.6594396584e-05, 1.63381919265e-05, 1.42301241794e-05, 1.80222868948e-05, 1.45268677443e-05, 1.13129553938e-05, 6.33290937913e-06, 5.27181418875e-06, 6.32582714388e-06, 3.60819103662e-06, 2.05132869269e-06, 1.26086695218e-06, 8.65287006491e-07, 6.85742179485e-07, 6.13506756508e-07, 6.01564408953e-07, 5.14186410783e-07],
        "dvar": [1.33113535412e-05, 3.63156650565e-05, 9.72399357124e-06, 3.00358055938e-06, 3.88922444472e-07, 5.1168466797e-08, 3.07466052618e-08, 1.72772036677e-08, 1.74785554918e-08, 6.70883038012e-09, 4.51762893761e-09, 2.14854778413e-09, 3.83978226992e-09, 1.97761185206e-09, 2.64578048359e-09, 2.37844832718e-09, 7.08263359073e-09, 2.863765447e-09, 1.15714782201e-09, 1.20342669163e-09, 1.37534272859e-09, 1.86040682859e-09, 5.78437076015e-10, 4.64366795017e-10, 4.44405484634e-10, 4.29135338376e-10, 9.71735913957e-10, 2.84608087098e-10, 2.35384656211e-10, 4.90229246086e-11, 3.71530167742e-11, 1.27125032723e-10, 1.78316909849e-11, 5.14090896589e-12, 2.13603288703e-12, 8.71484254119e-13, 4.39763893703e-13, 3.72964002347e-13, 4.35131775446e-13, 3.33139576038e-13],
        "dvar2": [3.15536162816e-05, 8.49780699355e-05, 2.22675589612e-05, 7.73671308707e-06, 1.03333150037e-06, 1.30358799311e-07, 7.81822393492e-08, 3.82857336945e-08, 4.78147228478e-08, 1.66509597221e-08, 1.16959482099e-08, 5.74677638809e-09, 8.1505575622e-09, 5.28232169117e-09, 6.95858615174e-09, 5.94273519283e-09, 1.67752123303e-08, 7.54625162358e-09, 3.06895642233e-09, 3.02811020703e-09, 3.47864825834e-09, 4.72818939556e-09, 1.4773385848e-09, 1.18605858468e-09, 1.17283127654e-09, 1.17492315876e-09, 2.73761147085e-09, 7.68051566791e-10, 6.41400932366e-10, 1.26943580647e-10, 9.95014209915e-11, 3.63047120144e-10, 4.7766526845e-11, 1.29790076256e-11, 5.28891513918e-12, 2.04443168124e-12, 1.0615402871e-12, 9.52326108597e-13, 1.17561624498e-12, 9.0248636472e-13],
        "max": [0.0316693037748, 0.0511757619679, 0.0489157810807, 0.0182148776948, 0.00533914240077, 0.00309222843498, 0.00217314297333, 0.00225687678903, 0.00139420223422, 0.00102439627517, 0.00176197837573, 0.000509191362653, 0.000809263379779, 0.000510087120347, 0.000761329720262, 0.000659917364828, 0.0011793411104, 0.000674737850204, 0.000455646775663, 0.000503174262121, 0.000455265457276, 0.000487247016281, 0.000436131900642, 0.000254426675383, 0.000247204210609, 0.000352950039087, 0.000566700357012, 0.000203511968721, 0.000193736152141, 6.73070026096e-05, 8.04860537755e-05, 0.000243309972575, 5.65684022149e-05, 3.09005154122e-05, 1.46246247823e-05, 1.05157105281e-05, 7.79683250585e-06, 5.71911778025e-06, 4.55714553027e-06, 3.99232840209e-06],
        "mean": [0.00303766434081, 0.00510287098587, 0.00342191662639, 0.00117426621728, 0.000427355553256, 0.000211071775993, 0.000141529540997, 0.000113333539048, 7.3611670814e-05, 5.71923483221e-05, 4.6520421165e-05, 2.87330640276e-05, 3.731859033e-05, 2.64965819952e-05, 2.55799768638e-05, 2.51244146057e-05, 3.86448155041e-05, 2.34385770455e-05, 1.55109482876e-05, 1.63748227351e-05, 1.9221304683e-05, 1.92291372514e-05, 1.02709191196e-05, 1.00431734609e-05, 1.00215229395e-05, 7.13287272447e-06, 8.17590989755e-06, 6.3640695771e-06, 5.12360020366e-06, 3.16979048876e-06, 2.42235796577e-06, 2.6465238534e-06, 1.58962905061e-06, 1.02036938188e-06, 6.47488263894e-07, 4.59187901924e-07, 3.55349044412e-07, 3.0832450193e-07, 2.62082977542e-07, 2.1434831865e-07],
        "median": [0.000661981874146, 0.00183816056233, 0.0015456720721, 0.00046523695346, 0.000196969660465, 0.000118034426123, 7.14764028089e-05, 4.9773727369e-05, 3.36199118465e-05, 2.67174000328e-05, 2.22569906327e-05, 1.46223901538e-05, 1.17268336908e-05, 1.14968743219e-05, 9.85501810646e-06, 8.2862261479e-06, 9.89399086393e-06, 7.04042940924e-06, 4.94415235153e-06, 5.24127699464e-06, 6.32773571851e-06, 5.05955085828e-06, 2.35744164456e-06, 2.40759209191e-06, 2.35020138462e-06, 1.38881807743e-06, 1.43154352372e-06, 1.02318540485e-06, 7.66813059272e-07, 4.94650521432e-07, 3.59679631856e-07, 2.58776594819e-07, 1.60892653867e-07, 9.64596509334e-08, 6.3581694576e-08, 4.8229772176e-08, 3.10008871907e-08, 2.70839972671e-08, 1.95172340511e-08, 1.35156801306e-08],
        "min": [1.80229709952e-24, 5.96360552635e-25, 1.35543500685e-24, 2.18615661879e-24, 1.50114964617e-24, 2.17917776358e-24, 1.94332846887e-24, 2.37202348933e-24, 1.85504073408e-24, 3.01309524826e-24, 2.51737209719e-24, 2.49012365823e-24, 4.02594176903e-24, 3.56584850683e-24, 3.73203467828e-24, 3.4870543186e-24, 3.98030734896e-24, 3.7413294319e-24, 3.10760394015e-24, 2.52092078797e-24, 3.74302469399e-24, 3.86332282659e-24, 3.2538512578e-24, 5.10781953547e-24, 4.03842588729e-24, 4.42039983178e-24, 4.08544870256e-24, 4.64746871018e-24, 3.53655336825e-24, 5.54530325528e-24, 4.46092361648e-24, 5.44489664483e-24, 6.00446487276e-24, 6.09850813671e-24, 5.33057728903e-24, 4.94859190606e-24, 6.83515473305e-24, 5.0263526865e-24, 6.1581389214e-24, 5.99065389046e-24],
        "var": [2.38426673604e-05, 5.72348944843e-05, 2.17753113247e-05, 3.87693489756e-06, 4.05108551149e-07, 7.82304070412e-08, 3.99126847128e-08, 3.18347908035e-08, 1.43672949093e-08, 8.1860020984e-09, 5.33155253279e-09, 2.04393302283e-09, 5.38663780247e-09, 1.84516968371e-09, 2.34463781723e-09, 2.87182677638e-09, 9.00717367358e-09, 2.3474791e-09, 9.22326881536e-10, 1.08521402975e-09, 1.25664489925e-09, 1.65157276744e-09, 5.25049947964e-10, 4.19590584499e-10, 3.9046613165e-10, 3.01767694166e-10, 6.09213068881e-10, 2.0175659754e-10, 1.61241270336e-10, 4.09414446789e-11, 2.75352865509e-11, 7.72606006949e-11, 1.32012820814e-11, 4.68055412137e-12, 1.98453081225e-12, 8.78562413792e-13, 4.58410544767e-13, 3.72666551481e-13, 3.19232460562e-13, 2.35391973925e-13]
    },
    "mfcc": {
        "mean": [-703.843505859, 151.044342041, -1.16538834572, 41.4612960815, 10.5635194778, 12.2937297821, 4.35331249237, 2.15470409393, 1.69568884373, 0.642057716846, -1.34476149082, -1.21824455261, -2.81046533585],
        "cov": [[14127.8574219, -714.437255859, -220.102310181, 548.067871094, -162.641052246, 129.210845947, -244.589065552, -49.091053009, -114.682891846, -88.8819046021, -107.32698822, -93.8925247192, -69.6464157104], [-714.437255859, 2371.42163086, -83.1329116821, 155.019470215, 165.713546753, 81.4122238159, 116.155441284, 35.2826385498, 39.8910179138, 32.0632209778, 30.9266796112, 46.8898429871, 29.9531974792], [-220.102310181, -83.1329116821, 497.670043945, 107.597595215, 99.6097335815, 54.0399360657, 66.6302719116, 43.5088653564, 51.2432899475, 35.9761657715, 39.0026741028, 36.6329879761, 46.1836547852], [548.067871094, 155.019470215, 107.597595215, 333.2628479, 108.599212646, 71.1741638184, 35.2887687683, 54.6699371338, 61.1917190552, 41.6556777954, 30.0602817535, 23.5716953278, 13.2254896164], [-162.641052246, 165.713546753, 99.6097335815, 108.599212646, 189.235809326, 73.0556564331, 45.7659568787, 39.1993598938, 30.299325943, 39.2518463135, 33.8182601929, 24.9913158417, 12.1860294342], [129.210845947, 81.4122238159, 54.0399360657, 71.1741638184, 73.0556564331, 142.025665283, 63.9240608215, 41.5303039551, 38.0919761658, 31.6595973969, 35.224155426, 22.0470085144, 6.68587684631], [-244.589065552, 116.155441284, 66.6302719116, 35.2887687683, 45.7659568787, 63.9240608215, 127.56313324, 52.2601776123, 48.1085624695, 27.6164169312, 31.2381782532, 30.5784378052, 21.6903533936], [-49.091053009, 35.2826385498, 43.5088653564, 54.6699371338, 39.1993598938, 41.5303039551, 52.2601776123, 103.432777405, 53.1634597778, 28.7579631805, 23.4516620636, 28.3084545135, 14.9788351059], [-114.682891846, 39.8910179138, 51.2432899475, 61.1917190552, 30.299325943, 38.0919761658, 48.1085624695, 53.1634597778, 120.471099854, 43.9404258728, 23.8225002289, 36.3265953064, 26.7206935883], [-88.8819046021, 32.0632209778, 35.9761657715, 41.6556777954, 39.2518463135, 31.6595973969, 27.6164169312, 28.7579631805, 43.9404258728, 86.6161117554, 41.418170929, 17.5969657898, 11.8149280548], [-107.32698822, 30.9266796112, 39.0026741028, 30.0602817535, 33.8182601929, 35.224155426, 31.2381782532, 23.4516620636, 23.8225002289, 41.418170929, 78.0145721436, 30.7192382812, 13.9840726852], [-93.8925247192, 46.8898429871, 36.6329879761, 23.5716953278, 24.9913158417, 22.0470085144, 30.5784378052, 28.3084545135, 36.3265953064, 17.5969657898, 30.7192382812, 80.9424743652, 35.1769714355], [-69.6464157104, 29.9531974792, 46.1836547852, 13.2254896164, 12.1860294342, 6.68587684631, 21.6903533936, 14.9788351059, 26.7206935883, 11.8149280548, 13.9840726852, 35.1769714355, 71.9479751587]],
