{
"lowlevel": {
    "average_loudness": 0.870232462883,
    "barkbands_crest": {
        "dmean": 2.94039678574,
        "dmean2": 4.70931434631,
        "dvar": 7.20275688171,
        "dvar2": 16.9121246338,
        "max": 26.4878101349,
        "mean": 9.99583816528,
        "median": 8.82550144196,
        "min": 2.18706798553,
        "var": 21.7223625183
    },
    "barkbands_flatness_db": {
        "dmean": 0.0262678135186,
        "dmean2": 0.0388722270727,
        "dvar": 0.000641354359686,
        "dvar2": 0.00135359191336,
        "max": 0.629750430584,
        "mean": 0.149989962578,
        "median": 0.136177420616,
        "min": 0.0163990203291,
        "var": 0.00655100587755
    },
    "barkbands_kurtosis": {
        "dmean": 5.64260005951,
        "dmean2": 8.96287155151,
        "dvar": 231.701675415,
        "dvar2": 623.87677002,
        "max": 499.00869751,
        "mean": 9.7648563385,
        "median": 3.21085977554,
        "min": -1.8297059536,
        "var": 679.724487305
    },
    "barkbands_skewness": {
        "dmean": 0.678573846817,
        "dmean2": 1.02851617336,
        "dvar": 0.597880899906,
        "dvar2": 1.42435801029,
        "max": 18.0043849945,
        "mean": 1.94794273376,
        "median": 1.62947309017,
        "min": -2.11079454422,
        "var": 2.81122493744
    },
    "barkbands_spread": {
        "dmean": 5.08996486664,
        "dmean2": 7.33308887482,
        "dvar": 36.2677955627,
        "dvar2": 67.1744003296,
        "max": 140.168258667,
        "mean": 18.0948905945,
        "median": 14.8869056702,
        "min": 0.131724148989,
        "var": 169.447174072
    },
    "dissonance": {
        "dmean": 0.0202535316348,
        "dmean2": 0.0341084264219,
        "dvar": 0.000473244290333,
        "dvar2": 0.00126342871226,
        "max": 0.5,
        "mean": 0.463135898113,
        "median": 0.472108662128,
        "min": 0,
        "var": 0.00102581933606
    },
    "dynamic_complexity": 4.48805046082,
    "erbbands_crest": {
        "dmean": 2.44024729729,
        "dmean2": 3.95034122467,
        "dvar": 5.69606208801,
        "dvar2": 14.6627502441,
        "max": 27.6112709045,
        "mean": 8.16913604736,
        "median": 7.01116609573,
        "min": 2.25826191902,
        "var": 18.0665149689
    },
    "erbbands_flatness_db": {
        "dmean": 0.0177472438663,
        "dmean2": 0.0251786634326,
        "dvar": 0.000302085391013,
        "dvar2": 0.000615673838183,
        "max": 0.440292477608,
        "mean": 0.155345216393,
        "median": 0.140324145555,
        "min": 0.0350970737636,
        "var": 0.00315889320336
    },
    "erbbands_kurtosis": {
        "dmean": 1.83199441433,
        "dmean2": 2.93131566048,
        "dvar": 32.137348175,
        "dvar2": 99.9898986816,
        "max": 212.275970459,
        "mean": 2.60797810555,
        "median": 0.197485327721,
        "min": -1.73285448551,
        "var": 139.288101196
    },
    "erbbands_skewness": {
        "dmean": 0.392257332802,
        "dmean2": 0.596152365208,
        "dvar": 0.181453987956,
        "dvar2": 0.435618668795,
        "max": 10.5577726364,
        "mean": 0.720167398453,
        "median": 0.515402257442,
        "min": -1.98323214054,
        "var": 1.45107460022
    },
    "erbbands_spread": {
        "dmean": 8.99386405945,
        "dmean2": 13.0358409882,
        "dvar": 84.2802810669,
        "dvar2": 168.956283569,
        "max": 140.540390015,
        "mean": 37.4073944092,
        "median": 35.1481361389,
        "min": 0.931504011154,
        "var": 403.70993042
    },
    "hfc": {
        "dmean": 6.23300600052,
        "dmean2": 9.0261964798,
        "dvar": 83.5649871826,
        "dvar2": 178.788360596,
        "max": 127.666091919,
        "mean": 17.608587265,
        "median": 14.4260978699,
        "min": 1.09560641233e-16,
        "var": 244.338699341
    },
    "melbands_crest": {
        "dmean": 3.67340278625,
        "dmean2": 6.13232517242,
        "dvar": 10.1465415955,
        "dvar2": 26.0530128479,
        "max": 35.9597129822,
        "mean": 14.0008144379,
        "median": 13.251367569,
        "min": 1.00046765804,
        "var": 30.3332271576
    },
    "melbands_flatness_db": {
        "dmean": 0.0316243134439,
        "dmean2": 0.0462666526437,
        "dvar": 0.000902832776774,
        "dvar2": 0.00183809839655,
        "max": 0.789830803871,
        "mean": 0.222632870078,
        "median": 0.212648198009,
        "min": -1.8120155687e-07,
        "var": 0.0100139323622
    },
    "melbands_kurtosis": {
        "dmean": 10.3292303085,
        "dmean2": 16.3530197144,
        "dvar": 454.047943115,
        "dvar2": 1163.21716309,
        "max": 613.336608887,
        "mean": 19.4403209686,
        "median": 8.97310066223,
        "min": -1.62348914146,
        "var": 1429.84802246
    },
    "melbands_skewness": {
        "dmean": 0.871363639832,
        "dmean2": 1.32560360432,
        "dvar": 0.933397054672,
        "dvar2": 2.12597823143,
        "max": 21.3212051392,
        "mean": 2.80885696411,
        "median": 2.39853143692,
        "min": -0.800954461098,
        "var": 3.95527887344
    },
    "melbands_spread": {
        "dmean": 5.93627166748,
        "dmean2": 8.84063243866,
        "dvar": 68.5385894775,
        "dvar2": 133.85585022,
        "max": 198.28288269,
        "mean": 19.0151119232,
        "median": 14.1248006821,
        "min": 0.242420047522,
        "var": 372.405822754
    },
    "pitch_salience": {
        "dmean": 0.0847881212831,
        "dmean2": 0.137371301651,
        "dvar": 0.00609051715583,
        "dvar2": 0.0146064963192,
        "max": 0.997746884823,
        "mean": 0.572164058685,
        "median": 0.595984518528,
        "min": 0.0565344691277,
        "var": 0.0198788419366
    },
    "silence_rate_20dB": {
        "dmean": 0,
        "dmean2": 0,
        "dvar": 0,
        "dvar2": 0,
        "max": 1,
        "mean": 1,
        "median": 1,
        "min": 1,
        "var": 0
    },
    "silence_rate_30dB": {
        "dmean": 0.038889426738,
        "dmean2": 0.0777863785625,
        "dvar": 0.0373804308474,
        "dvar2": 0.07966555655,
        "max": 1,
        "mean": 0.954439938068,
        "median": 1,
        "min": 0,
        "var": 0.0434838905931
    },
    "silence_rate_60dB": {
        "dmean": 0.0162522979081,
        "dmean2": 0.0325077399611,
        "dvar": 0.0159857310355,
        "dvar2": 0.0359088629484,
        "max": 1,
        "mean": 0.128941774368,
        "median": 0,
        "min": 0,
        "var": 0.112298570573
    },
    "spectral_centroid": {
        "dmean": 231.660583496,
        "dmean2": 334.763885498,
        "dvar": 83115.15625,
        "dvar2": 146218.859375,
        "max": 11567.8173828,
        "mean": 1150.3449707,
        "median": 907.620483398,
        "min": 100.045669556,
        "var": 1189889.75
    },
    "spectral_complexity": {
        "dmean": 4.15304231644,
        "dmean2": 5.90634679794,
        "dvar": 25.1879482269,
        "dvar2": 42.6682090759,
        "max": 59,
        "mean": 19.3298511505,
        "median": 17,
        "min": 0,
        "var": 161.860290527
    },
    "spectral_decrease": {
        "dmean": 3.97155552889e-09,
        "dmean2": 6.42322417477e-09,
        "dvar": 4.39977467079e-17,
        "dvar2": 1.09946305922e-16,
        "max": 1.62629183771e-28,
        "mean": -9.30268040378e-09,
        "median": -6.91323531754e-09,
        "min": -7.98562638238e-08,
        "var": 9.01537068956e-17
    },
    "spectral_energy": {
        "dmean": 0.015399790369,
        "dmean2": 0.0248339921236,
        "dvar": 0.000645264575724,
        "dvar2": 0.00161069445312,
        "max": 0.304172188044,
        "mean": 0.0367075763643,
        "median": 0.0276736542583,
        "min": 9.92315508843e-21,
        "var": 0.00134344492108
    },
    "spectral_energyband_high": {
        "dmean": 0.000363637285773,
        "dmean2": 0.000498798966873,
        "dvar": 3.38505259379e-07,
        "dvar2": 6.27465340131e-07,
        "max": 0.00932600535452,
        "mean": 0.000688122818246,
        "median": 0.000276067876257,
        "min": 7.0410058027e-21,
        "var": 9.10340872906e-07
    },
    "spectral_energyband_low": {
        "dmean": 0.0116905160248,
        "dmean2": 0.0189633388072,
        "dvar": 0.000587620190345,
        "dvar2": 0.00146899127867,
        "max": 0.290257483721,
        "mean": 0.0187484342605,
        "median": 0.00689503364265,
        "min": 1.58308653791e-23,
        "var": 0.000937434087973
    },
    "spectral_energyband_middle_high": {
        "dmean": 0.00192910863552,
        "dmean2": 0.00297524430789,
        "dvar": 1.11701556307e-05,
        "dvar2": 2.70469281531e-05,
        "max": 0.0536879077554,
        "mean": 0.00469252001494,
        "median": 0.00307325040922,
        "min": 1.11281732659e-21,
        "var": 2.89716626867e-05
    },
    "spectral_energyband_middle_low": {
        "dmean": 0.00662777759135,
        "dmean2": 0.010981538333,
        "dvar": 0.000121648714412,
        "dvar2": 0.000319543643855,
        "max": 0.129522964358,
        "mean": 0.014107904397,
        "median": 0.011107894592,
        "min": 1.77736811673e-22,
        "var": 0.000178027083166
    },
    "spectral_entropy": {
        "dmean": 0.174165531993,
        "dmean2": 0.244828075171,
        "dvar": 0.0344540923834,
        "dvar2": 0.0684508532286,
        "max": 9.82126903534,
        "mean": 7.53145647049,
        "median": 7.64253139496,
        "min": 3.46591520309,
        "var": 0.423243403435
    },
    "spectral_flux": {
        "dmean": 0.0303469523787,
        "dmean2": 0.0474628806114,
        "dvar": 0.00169065396767,
        "dvar2": 0.0035864689853,
        "max": 0.463529139757,
        "mean": 0.0982336699963,
        "median": 0.0888815671206,
        "min": 6.35853869557e-11,
        "var": 0.00478236237541
    },
    "spectral_kurtosis": {
        "dmean": 2.31776070595,
        "dmean2": 3.77576828003,
        "dvar": 23.7286014557,
        "dvar2": 70.6061019897,
        "max": 143.527755737,
        "mean": 6.44484996796,
        "median": 3.540350914,
        "min": -1.24259603024,
        "var": 122.17111969
    },
    "spectral_rms": {
        "dmean": 0.00106717878953,
        "dmean2": 0.00168284843676,
        "dvar": 1.85865428648e-06,
        "dvar2": 4.35938045484e-06,
        "max": 0.017226530239,
        "mean": 0.00521837500855,
        "median": 0.00519602559507,
        "min": 3.11145098401e-12,
        "var": 8.58091425471e-06
    },
    "spectral_rolloff": {
        "dmean": 382.187469482,
        "dmean2": 595.928100586,
        "dvar": 479547.15625,
        "dvar2": 921282.0625,
        "max": 19401.4160156,
        "mean": 1239.94299316,
        "median": 710.595703125,
        "min": 21.533203125,
        "var": 4270842.5
    },
    "spectral_skewness": {
        "dmean": 0.270571500063,
        "dmean2": 0.406281709671,
        "dvar": 0.10818991065,
        "dvar2": 0.272502660751,
        "max": 9.9967956543,
        "mean": 1.76126098633,
        "median": 1.53835165501,
        "min": -0.082062035799,
        "var": 0.932539701462
    },
    "spectral_spread": {
        "dmean": 502806.53125,
        "dmean2": 709674.1875,
        "dvar": 427063377920,
        "dvar2": 750122827776,
        "max": 41983920,
        "mean": 4789830.5,
        "median": 4495977,
        "min": 724885.375,
        "var": 1.24949857567e+13
    },
    "spectral_strongpeak": {
        "dmean": 0.371892660856,
        "dmean2": 0.64170229435,
        "dvar": 0.34135183692,
        "dvar2": 0.886316716671,
        "max": 7.55086898804,
        "mean": 0.588331758976,
        "median": 0.344084560871,
        "min": 0,
        "var": 0.517631947994
    },
    "zerocrossingrate": {
        "dmean": 0.00991030968726,
        "dmean2": 0.0108387479559,
        "dvar": 0.000143055265653,
        "dvar2": 0.000151953689056,
        "max": 0.86669921875,
        "mean": 0.053007658571,
        "median": 0.04052734375,
        "min": 0.00244140625,
        "var": 0.00329253543168
    },
    "barkbands": {
        "dmean": [0.000747282349039, 0.00890608597547, 0.00445771915838, 0.00286701670848, 0.00245786854066, 0.00145681237336, 0.00124546058942, 0.000797175976913, 0.000741958618164, 0.000688539643306, 0.000524892937392, 0.000412480992964, 0.000281263957731, 0.000300194398733, 0.00022301953868, 0.000162938245921, 0.000135058566229, 0.000132848726935, 0.000120459815662, 0.000129451917019, 0.000105745399196, 8.87061178219e-05, 5.81415733905e-05, 4.42818891315e-05, 3.04628738377e-05, 1.16237379189e-05, 6.1906166593e-07],
        "dmean2": [0.00128032942303, 0.0146646881476, 0.0075632869266, 0.00497945398092, 0.00414130371064, 0.00243568164296, 0.00202431739308, 0.00131134560797, 0.00118413672317, 0.00112454872578, 0.000851966731716, 0.000677230884321, 0.000463991396828, 0.000485050462885, 0.00036905502202, 0.000261239008978, 0.000219681751332, 0.000207150078495, 0.0001830549445, 0.00019615412748, 0.000156255220645, 0.000132168075652, 8.15475650597e-05, 6.17636469542e-05, 4.09219974244e-05, 1.71904630406e-05, 9.76344722403e-07],
        "dvar": [2.55520308201e-06, 0.000484354823129, 0.000160465380759, 4.3268504669e-05, 1.90587197721e-05, 5.41781173524e-06, 3.42623775396e-06, 1.75517754997e-06, 1.38211692047e-06, 2.11504584513e-06, 1.39902670071e-06, 8.2731673956e-07, 3.00429206845e-07, 5.61466720228e-07, 2.95644127846e-07, 1.28480536432e-07, 6.95272959206e-08, 8.98177674458e-08, 4.9444007999e-08, 6.67444481905e-08, 2.94229245412e-08, 1.92807902977e-08, 8.33977864545e-09, 5.6828470818e-09, 3.39411321271e-09, 6.50749509834e-10, 3.31407687751e-12],
        "dvar2": [6.74602733852e-06, 0.0012426013127, 0.000425669102697, 0.000117835385026, 5.10424906679e-05, 1.48667040776e-05, 9.05764500203e-06, 4.53962729807e-06, 3.34225910592e-06, 5.30232364326e-06, 3.56289046977e-06, 2.05810897569e-06, 7.80373625275e-07, 1.31275396598e-06, 7.70449958054e-07, 3.35035792887e-07, 1.77650633759e-07, 2.10641445619e-07, 1.1366370245e-07, 1.58617709189e-07, 6.55791723148e-08, 4.04718498714e-08, 1.60061794929e-08, 1.02180033323e-08, 5.32062172098e-09, 1.41488842864e-09, 7.67162375293e-12],
        "max": [0.0452806949615, 0.266489446163, 0.144591003656, 0.0729320049286, 0.0635149627924, 0.0507765747607, 0.0331132300198, 0.0357951074839, 0.0244202744216, 0.0329782404006, 0.0288397744298, 0.0370264165103, 0.0128469737247, 0.0296623893082, 0.00950969848782, 0.0117528056726, 0.00385681120679, 0.00620324769989, 0.00509385997429, 0.00424878485501, 0.00251673255116, 0.00172626867425, 0.00134375551715, 0.00113142770715, 0.0010274896631, 0.000442558870418, 4.49422259408e-05],
        "mean": [0.000888425682206, 0.011678009294, 0.00482637155801, 0.00292094051838, 0.00356879131868, 0.00242726062424, 0.00222549634054, 0.00127302738838, 0.00133849179838, 0.00118952617049, 0.000851830525789, 0.000659387791529, 0.000426339276601, 0.000432224944234, 0.000312017655233, 0.000263597408775, 0.000222325950745, 0.000214173545828, 0.000207147444598, 0.000217388776946, 0.000186178207514, 0.00014626745542, 9.61332334555e-05, 7.19714444131e-05, 4.78612091683e-05, 1.57772155944e-05, 7.09573953372e-07],
        "median": [0.000247050775215, 0.00290693505667, 0.000933540519327, 0.000913259224035, 0.00208687456325, 0.00146034522913, 0.00125250942074, 0.000624222739134, 0.000676366209518, 0.000431301130448, 0.000266354705673, 0.000310014758725, 0.000200234819204, 0.000174067681655, 0.000121940989629, 0.00011032558541, 9.93216090137e-05, 8.03928633104e-05, 7.80417540227e-05, 7.28416198399e-05, 7.43564669392e-05, 5.50408658455e-05, 3.68597939087e-05, 2.74114299827e-05, 1.61863390531e-05, 4.11202927353e-06, 7.80376154808e-08],
        "min": [4.81127745208e-25, 7.1729894447e-25, 9.77043575554e-25, 2.41229621904e-25, 1.46167737361e-23, 2.43443579756e-24, 8.90500347491e-24, 1.1996092612e-23, 1.36431647623e-23, 1.77729983293e-23, 9.92578554196e-24, 2.02510612904e-23, 3.12855892569e-23, 3.33739091769e-23, 4.00392284679e-23, 6.1324639444e-23, 4.59217800153e-23, 9.90278362014e-23, 1.20487333002e-22, 1.56590151864e-22, 2.15921554371e-22, 3.01846202677e-22, 3.79591612952e-22, 6.35969362421e-22, 8.28278504985e-22, 1.3030324158e-21, 2.05439130272e-21],
        "var": [4.04310640079e-06, 0.000565411231946, 0.000133658497361, 3.58972501999e-05, 2.17337674258e-05, 8.73207045515e-06, 7.84193798609e-06, 3.55059978574e-06, 3.5601988202e-06, 5.017456715e-06, 3.34942546942e-06, 1.30634975903e-06, 4.84660347411e-07, 8.27813494197e-07, 3.48878415934e-07, 1.92290926293e-07, 1.08426888801e-07, 1.36153133212e-07, 1.02808151325e-07, 1.29669516014e-07, 6.7266043402e-08, 4.26519584096e-08, 1.84642896528e-08, 1.27505872527e-08, 7.89351073394e-09, 1.06401010225e-09, 5.15678645618e-12]
    },
    "erbbands": {
        "dmean": [0.23149985075, 2.19836258888, 4.86795043945, 7.50622844696, 8.97131252289, 7.94625425339, 12.1493062973, 11.3811635971, 16.5380401611, 16.7036094666, 18.8499240875, 15.8153705597, 19.2565574646, 23.9188098907, 14.1123228073, 15.0057525635, 12.7052154541, 14.0259523392, 12.9757184982, 9.76330471039, 8.13618659973, 7.62892246246, 7.02834606171, 6.4952507019, 5.80438232422, 6.11589241028, 5.07773017883, 3.98348164558, 3.14268517494, 2.3082652092, 1.59930086136, 1.1131632328, 0.659012377262, 0.387029975653, 0.194757610559, 0.0743534937501, 0.0182623434812, 0.00223398162052, 0.000105751852971, 1.88510657608e-05],
        "dmean2": [0.390469521284, 3.63628458977, 8.10729598999, 12.8787822723, 15.4057750702, 13.4635286331, 20.8005313873, 18.9258804321, 27.2493190765, 27.0820350647, 30.5082931519, 25.295331955, 31.2288208008, 38.598991394, 22.915184021, 24.5615272522, 20.8441638947, 22.629026413, 21.2078475952, 15.7947311401, 13.0119848251, 12.3008460999, 11.051817894, 9.73249149323, 8.82424259186, 9.30340671539, 7.49347114563, 5.91309785843, 4.71314334869, 3.32007527351, 2.25601458549, 1.56266617775, 0.946857869625, 0.527181446552, 0.266525059938, 0.109886370599, 0.0269763823599, 0.0032909703441, 0.000162392912898, 2.98506092804e-05],
        "dvar": [0.287738263607, 28.9366931915, 159.42199707, 344.650177002, 383.848114014, 181.975372314, 380.774200439, 445.231109619, 645.471191406, 779.922973633, 991.616455078, 615.278503418, 1514.41540527, 2692.16088867, 780.627624512, 904.965454102, 573.917724609, 1071.76477051, 1207.91894531, 460.28112793, 353.543121338, 242.809204102, 270.483276367, 152.530441284, 115.888938904, 153.81477356, 76.3175811768, 40.3693618774, 24.7586364746, 13.2256364822, 6.49493265152, 3.60883808136, 1.32237422466, 0.509123086929, 0.148122131824, 0.0297367926687, 0.00165538373403, 2.27190303121e-05, 8.62656150957e-08, 8.28868806924e-10],
        "dvar2": [0.765737712383, 73.6270446777, 412.207489014, 933.327209473, 1040.28588867, 481.559112549, 1067.47595215, 1239.21911621, 1780.28796387, 2058.25, 2539.84741211, 1504.41894531, 3835.48095703, 7079.05566406, 1943.99731445, 2264.17944336, 1466.20324707, 2565.08959961, 3057.27587891, 1176.98535156, 903.661499023, 616.145019531, 660.385986328, 338.443847656, 270.446502686, 372.257537842, 170.600646973, 89.7212142944, 53.8037986755, 26.2492771149, 12.7315015793, 6.73275136948, 2.56097817421, 0.856064200401, 0.245282039046, 0.0645286664367, 0.00365841342136, 4.71895436931e-05, 1.96654468709e-07, 2.02958871931e-09],
        "max": [6.95053482056, 67.7181243896, 163.693161011, 206.201187134, 305.570709229, 201.099777222, 429.721038818, 569.84979248, 378.257415771, 480.583312988, 656.95715332, 487.439666748, 851.385131836, 1184.82116699, 684.536804199, 1198.8527832, 685.729797363, 918.903991699, 918.137268066, 384.800506592, 653.566650391, 244.229309082, 348.481018066, 255.715087891, 183.561325073, 221.261672974, 129.757202148, 83.4924316406, 70.0252304077, 45.8614616394, 35.8725776672, 31.7072429657, 16.7252616882, 10.7802362442, 6.39490604401, 2.90587687492, 0.800501644611, 0.0629724487662, 0.00551463291049, 0.000330363604007],
        "mean": [0.291158974171, 2.75518608093, 5.93391084671, 8.16009616852, 10.34349823, 11.6510190964, 17.292219162, 19.1850986481, 29.6577396393, 29.4522609711, 33.1097259521, 29.4063549042, 35.200668335, 41.1181488037, 24.3513069153, 24.9363536835, 21.0167121887, 21.7037315369, 18.8265247345, 15.4021568298, 14.0152196884, 12.9169473648, 11.6682443619, 11.1176080704, 10.0986709595, 10.3245191574, 8.79185199738, 6.79365491867, 5.29342651367, 3.77338242531, 2.5996696949, 1.7667337656, 1.05607712269, 0.611375570297, 0.295028716326, 0.101058453321, 0.0238994974643, 0.00305100856349, 0.000141317825182, 4.5839969971e-05],
        "median": [0.0815544500947, 0.606291532516, 1.32643783092, 2.69994926453, 4.67872428894, 6.44835138321, 10.4087085724, 10.9124507904, 16.8336143494, 16.8094425201, 16.5532341003, 15.9074401855, 14.3211565018, 15.1238746643, 11.6978740692, 13.1123352051, 11.2011928558, 10.1467227936, 7.72645807266, 6.80853033066, 6.06762218475, 5.68606901169, 4.70820999146, 3.90365123749, 4.09128713608, 3.46945667267, 3.40594387054, 2.5721013546, 2.01343536377, 1.42357540131, 1.01879477501, 0.667044043541, 0.388196110725, 0.215909451246, 0.0972653627396, 0.0274599157274, 0.00569248571992, 0.000701348180883, 4.16692018916e-05, 3.64814841305e-05],
        "min": [6.79886965576e-23, 3.60958592153e-22, 1.25469677505e-21, 6.86361191202e-21, 1.49693098308e-20, 3.47007436845e-20, 3.95356466766e-20, 4.09338856422e-20, 1.04117365874e-19, 2.27420048682e-19, 3.79203917074e-19, 3.30182505637e-19, 3.15078833887e-19, 4.83011284089e-19, 6.22710664117e-19, 1.01566943155e-18, 1.59713521597e-18, 2.18201001848e-18, 2.43215543278e-18, 3.59622023904e-18, 4.01906586919e-18, 3.22954699673e-18, 5.46304776757e-18, 6.50880672108e-18, 7.19501880006e-18, 7.85542822059e-18, 9.14820067581e-18, 8.31309401863e-18, 1.02926455851e-17, 1.13749402791e-17, 9.73594393389e-18, 1.14563555309e-17, 1.03333387354e-17, 7.7424957331e-18, 5.86550877229e-18, 4.32561610907e-18, 2.36907856837e-18, 9.23595957572e-19, 2.62257483963e-19, 2.82994061814e-20],
        "var": [0.328680336475, 33.7770652771, 158.324707031, 287.306610107, 319.074279785, 242.515228271, 471.564086914, 666.422607422, 1366.89123535, 1428.32348633, 2312.91064453, 1518.7833252, 3855.00952148, 5927.70654297, 1478.09069824, 1521.18725586, 1038.23510742, 1679.71618652, 1425.86450195, 648.398986816, 556.704711914, 374.870147705, 380.808929443, 325.335754395, 232.418197632, 288.947753906, 171.323440552, 90.2562484741, 56.9330329895, 28.6655845642, 13.6387376785, 7.63603878021, 2.82243084908, 1.16088628769, 0.321120500565, 0.0473229363561, 0.00258980318904, 4.1224546294e-05, 1.36657888561e-07, 1.78961623298e-09]
    },
    "gfcc": {
        "mean": [-34.5501441956, 106.339599609, -106.706916809, 32.3675956726, -64.4657592773, 15.8254995346, -34.2407302856, 8.21934509277, -21.0255889893, 2.92296218872, -14.2195739746, -2.13012862206, -9.16963291168],
        "cov": [[32269.6914062, 80.216796875, -2876.88598633, 450.928131104, -2254.33251953, 87.7628631592, -830.753051758, 425.924072266, -489.097137451, 626.02520752, -151.674560547, 599.479003906, 7.28579235077], [80.216796875, 1848.35656738, -164.991577148, -401.739624023, 331.99597168, 88.1619720459, 272.023193359, -75.1474227905, 263.835968018, -144.244140625, 187.598098755, -199.462020874, 148.308731079], [-2876.88598633, -164.991577148, 880.795471191, 202.301254272, 186.514343262, 13.1841955185, 76.2783584595, -10.0289382935, 6.56259012222, -9.38461589813, -6.39385604858, 1.25768685341, -10.1042041779], [450.928131104, -401.739624023, 202.301254272, 546.940429688, 101.873817444, 87.3331375122, -4.42075634003, 50.6719169617, -50.075378418, 58.4676055908, -29.9483356476, 51.6275558472, -20.9853191376], [-2254.33251953, 331.99597168, 186.514343262, 101.873817444, 662.583740234, 237.852493286, 267.914245605, -5.22597789764, 109.728683472, -40.5199813843, 71.7191543579, -72.5162200928, 40.5148353577], [87.7628631592, 88.1619720459, 13.1841955185, 87.3331375122, 237.852493286, 250.92906189, 150.66557312, 51.2336273193, 26.6926746368, 8.72162437439, 26.0447292328, -1.38923835754, 21.6906242371], [-830.753051758, 272.023193359, 76.2783584595, -4.42075634003, 267.914245605, 150.66557312, 237.549728394, 47.9214363098, 88.9264297485, -19.4002628326, 57.6362113953, -27.0602970123, 43.2453689575], [425.924072266, -75.1474227905, -10.0289382935, 50.6719169617, -5.22597789764, 51.2336273193, 47.9214363098, 103.198364258, 31.1172180176, 33.3068809509, 1.52404379845, 26.4406642914, 3.70062565804], [-489.097137451, 263.835968018, 6.56259012222, -50.075378418, 109.728683472, 26.6926746368, 88.9264297485, 31.1172180176, 136.216690063, 13.4440469742, 60.145866394, -29.4898967743, 36.2444229126], [626.02520752, -144.244140625, -9.38461589813, 58.4676055908, -40.5199813843, 8.72162437439, -19.4002628326, 33.3068809509, 13.4440469742, 95.0818328857, 23.1144161224, 51.7648239136, 4.59711122513], [-151.674560547, 187.598098755, -6.39385604858, -29.9483356476, 71.7191543579, 26.0447292328, 57.6362113953, 1.52404379845, 60.145866394, 23.1144161224, 93.3124465942, 15.3514938354, 44.3585014343], [599.479003906, -199.462020874, 1.25768685341, 51.6275558472, -72.5162200928, -1.38923835754, -27.0602970123, 26.4406642914, -29.4898967743, 51.7648239136, 15.3514938354, 102.531463623, 19.8040180206], [7.28579235077, 148.308731079, -10.1042041779, -20.9853191376, 40.5148353577, 21.6906242371, 43.2453689575, 3.70062565804, 36.2444229126, 4.59711122513, 44.3585014343, 19.8040180206, 72.7888946533]],
        "icov": [[0.000159334667842, -0.000477344641695, 0.000390357949072, -0.000342328014085, 0.000461957562948, -0.000372781098122, 0.000172231346369, -0.000388436019421, 0.000654777570162, -0.00101558910683, 0.000614960677922, -0.000660077494103, 0.000226450152695], [-0.000477344641695, 0.00304609816521, -0.000974501715973, 0.0013705935562, -0.00103238772135, 0.00064811197808, -0.000979477306828, 0.00207974785008, -0.00336101744324, 0.00458745658398, -0.00383725110441, 0.00429453514516, -0.0024872480426], [0.000390357949072, -0.000974501715973, 0.00240340316668, -0.00137702946085, 0.000838002713863, -0.00018318403454, -0.000523006892763, -0.000263238616753, 0.00125108123757, -0.00218346435577, 0.00173265615012, -0.00194261630531, 0.000782952061854], [-0.000342328014085, 0.0013705935562, -0.00137702946085, 0.00364188035019, -0.00192180776503, 0.000126160259242, 0.000790870108176, -0.000624730542768, -0.000322868989315, 0.000985560240224, -0.00111688696779, 0.00162722764071, -0.000969099870417], [0.000461957562948, -0.00103238772135, 0.000838002713863, -0.00192180776503, 0.00584344891831, -0.00367010524496, -0.00270051578991, 0.00255933450535, -0.00043285015272, -0.00185956561472, 0.00081908312859, -0.000526000047103, 0.000911935872864], [-0.000372781098122, 0.00064811197808, -0.00018318403454, 0.000126160259242, -0.00367010524496, 0.010416016914, -0.00451327580959, -0.00245480705053, 0.00282129715197, -0.000296988495393, -0.000713962770533, 0.00161176430993, -0.000916647491977], [0.000172231346369, -0.000979477306828, -0.000523006892763, 0.000790870108176, -0.00270051578991, -0.00451327580959, 0.014858388342, -0.00691682845354, -0.00122114119586, 0.00274374010041, -0.00236044591293, -0.000675691990182, -0.00143699569162], [-0.000388436019421, 0.00207974785008, -0.000263238616753, -0.000624730542768, 0.00255933450535, -0.00245480705053, -0.00691682845354, 0.0212888941169, -0.0104872267693, 0.000669353932608, 0.00400301860645, -0.00315025355667, 0.0015161014162], [0.000654777570162, -0.00336101744324, 0.00125108123757, -0.000322868989315, -0.00043285015272, 0.00282129715197, -0.00122114119586, -0.0104872267693, 0.0238053742796, -0.011489671655, -0.00381333404221, 0.00565822562203, -0.0028214759659], [-0.00101558910683, 0.00458745658398, -0.00218346435577, 0.000985560240224, -0.00185956561472, -0.000296988495393, 0.00274374010041, 0.000669353932608, -0.011489671655, 0.0285985749215, -0.0108136394992, -0.002780306153, 0.00145646079909], [0.000614960677922, -0.00383725110441, 0.00173265615012, -0.00111688696779, 0.00081908312859, -0.000713962770533, -0.00236044591293, 0.00400301860645, -0.00381333404221, -0.0108136394992, 0.0286400131881, -0.0108976736665, -0.00327569921501], [-0.000660077494103, 0.00429453514516, -0.00194261630531, 0.00162722764071, -0.000526000047103, 0.00161176430993, -0.000675691990182, -0.00315025355667, 0.00565822562203, -0.002780306153, -0.0108976736665, 0.0284048002213, -0.0118394698948], [0.000226450152695, -0.0024872480426, 0.000782952061854, -0.000969099870417, 0.000911935872864, -0.000916647491977, -0.00143699569162, 0.0015161014162, -0.0028214759659, 0.00145646079909, -0.00327569921501, -0.0118394698948, 0.0256854426116]]
    },
    "melbands": {
        "dmean": [0.00228071562015, 0.00251782103442, 0.00133875489701, 0.000566561240703, 0.000396252551582, 0.000263109541265, 0.000253234931733, 0.000175927605596, 0.000165076824487, 9.63624988799e-05, 9.9362237961e-05, 9.96039816528e-05, 5.42948218936e-05, 4.53080574516e-05, 3.62121973012e-05, 2.93441407848e-05, 2.76936170849e-05, 2.28528424486e-05, 1.68779206433e-05, 1.237876495e-05, 9.60432407737e-06, 8.55277812661e-06, 6.88810177962e-06, 6.4842656684e-06, 5.48296793568e-06, 4.900640306e-06, 4.09856556871e-06, 4.35113815911e-06, 3.54634585165e-06, 2.61441618932e-06, 2.47248522101e-06, 1.92436300495e-06, 1.64564460192e-06, 1.22284779991e-06, 9.79694505077e-07, 8.1069464386e-07, 6.60635635086e-07, 4.86251337861e-07, 4.0240044541e-07, 3.17697100627e-07],
        "dmean2": [0.00378118571825, 0.00412313546985, 0.00227882456966, 0.000960026460234, 0.000676046358421, 0.000437496346422, 0.000413027388277, 0.00028604597901, 0.000267294904916, 0.000153990244144, 0.000161291754921, 0.000160733019584, 8.83194225025e-05, 7.43955242797e-05, 6.01312094659e-05, 4.83107833134e-05, 4.50560473837e-05, 3.73750117433e-05, 2.79135765595e-05, 2.00297708943e-05, 1.56116802827e-05, 1.40220608955e-05, 1.09762077045e-05, 1.01047407952e-05, 8.39989206725e-06, 7.61345381761e-06, 6.3316520027e-06, 6.7689570642e-06, 5.34080209036e-06, 3.94285825678e-06, 3.74528895009e-06, 2.91592004942e-06, 2.52417953561e-06, 1.78980155852e-06, 1.41070586324e-06, 1.18221566936e-06, 9.38869845868e-07, 7.22777031115e-07, 5.73685269956e-07, 4.45056997478e-07],
        "dvar": [3.14990684274e-05, 3.25068613165e-05, 9.29493944568e-06, 1.15759769415e-06, 4.13078538486e-07, 2.08288753356e-07, 1.39068106364e-07, 8.41534912865e-08, 8.01906949732e-08, 2.22222560353e-08, 4.26866009207e-08, 4.31274536083e-08, 1.17540928102e-08, 1.29903341417e-08, 5.07263298033e-09, 3.70751207512e-09, 4.45769732238e-09, 4.05220701438e-09, 1.46853440519e-09, 7.21417370286e-10, 4.87059947929e-10, 3.02659897145e-10, 2.0395225786e-10, 2.27825869281e-10, 1.09045814045e-10, 8.5963243468e-11, 6.21451085037e-11, 8.19834061749e-11, 3.9940786789e-11, 2.02159608498e-11, 1.60992955078e-11, 9.14511522065e-12, 7.51347595251e-12, 3.76611155456e-12, 2.54536734572e-12, 1.80394306264e-12, 1.38846399655e-12, 7.04915130174e-13, 5.43874244686e-13, 3.71120235237e-13],
        "dvar2": [8.16591855255e-05, 8.11397694633e-05, 2.48962423939e-05, 3.09556162392e-06, 1.14929900974e-06, 5.76091736093e-07, 3.75499496386e-07, 2.21021309699e-07, 2.04888763733e-07, 5.40779367952e-08, 1.07517053038e-07, 1.12685434317e-07, 2.94643420773e-08, 3.22930944208e-08, 1.32551774001e-08, 9.43774214335e-09, 1.05317887744e-08, 1.01207433545e-08, 3.81702802699e-09, 1.90317805959e-09, 1.24399890389e-09, 7.84768361406e-10, 4.99339070092e-10, 5.44897738042e-10, 2.50806569957e-10, 2.09503900339e-10, 1.48408493827e-10, 2.03745645355e-10, 9.01678870457e-11, 4.74038759635e-11, 3.68957295271e-11, 2.00993041655e-11, 1.72696353745e-11, 7.57538129448e-12, 5.13393320911e-12, 3.81549566247e-12, 2.59631725841e-12, 1.48330761736e-12, 9.86391524016e-13, 6.75717240408e-13],
        "max": [0.0680238828063, 0.0673214867711, 0.0319400504231, 0.0165545511991, 0.0150728076696, 0.011511830613, 0.00597147922963, 0.00477689132094, 0.00458183372393, 0.00287256063893, 0.00469144480303, 0.00443485472351, 0.00315221305937, 0.00409984309226, 0.00164355128072, 0.00158999313135, 0.00194807583466, 0.00208180746995, 0.000654552073684, 0.00102375086863, 0.000779422989581, 0.000250732497079, 0.000220311703742, 0.00033594344859, 0.000222664646572, 0.00016181722458, 0.00012460743892, 0.000171253443114, 0.000105720973806, 5.96541103732e-05, 6.02964137215e-05, 4.13459747506e-05, 3.54527037416e-05, 2.58087457041e-05, 2.38892534981e-05, 1.91826002265e-05, 2.25533003686e-05, 1.20218528536e-05, 1.14091999421e-05, 9.54331517278e-06],
        "mean": [0.00303448364139, 0.00341855874285, 0.00150858098641, 0.000770496728364, 0.000590039184317, 0.000450542836916, 0.000469533115393, 0.000305476976791, 0.000283651635982, 0.000175783454324, 0.000175537599716, 0.000168246348039, 9.063383186e-05, 7.28114828235e-05, 5.52232413611e-05, 4.39924151578e-05, 4.01155593863e-05, 3.09620954795e-05, 2.38781267399e-05, 1.88853973668e-05, 1.55969246407e-05, 1.35528007377e-05, 1.12069719762e-05, 1.00412298707e-05, 8.88223621587e-06, 7.79384026828e-06, 6.7760629463e-06, 6.88643422109e-06, 5.80803362027e-06, 4.35962238043e-06, 3.87763839171e-06, 3.13054351864e-06, 2.48452261076e-06, 1.93652522285e-06, 1.53721623519e-06, 1.23988127143e-06, 1.01523289686e-06, 7.50667709326e-07, 6.15934141024e-07, 4.84096915443e-07],
        "median": [0.000858908344526, 0.000803917180747, 0.000561411026865, 0.000409272877732, 0.000367353786714, 0.000262317655142, 0.000272676843451, 0.000172567975824, 0.000129301304696, 9.14572010515e-05, 6.13761221757e-05, 6.02452637395e-05, 3.70044908777e-05, 3.09959141305e-05, 2.78488405456e-05, 2.0052661057e-05, 1.68609658431e-05, 1.15309112516e-05, 9.45456486079e-06, 7.48371712689e-06, 6.55393705529e-06, 5.9434596551e-06, 4.65539505967e-06, 3.43540477843e-06, 3.01256341118e-06, 2.95268046102e-06, 2.52490008279e-06, 2.20221318159e-06, 2.16066291614e-06, 1.66739505403e-06, 1.36366827519e-06, 1.1748252291e-06, 9.00900545275e-07, 7.43240775591e-07, 5.91613741108e-07, 4.66269369781e-07, 3.81703273433e-07, 2.71152600817e-07, 2.13522838521e-07, 1.71856385123e-07],
        "min": [9.88441925381e-25, 7.68347169026e-25, 1.69243875214e-24, 1.39641445733e-24, 1.60286645597e-24, 7.96483766756e-25, 1.72297398006e-24, 2.67160998416e-24, 3.07949919268e-24, 2.33514345315e-24, 1.26812940388e-24, 1.8336555038e-24, 1.53540583237e-24, 2.34373395119e-24, 3.55952460338e-24, 2.98235728309e-24, 3.46730203039e-24, 2.08273991234e-24, 3.71084074677e-24, 3.34774463818e-24, 4.34412644857e-24, 2.53325837531e-24, 4.28741957683e-24, 4.71377838572e-24, 4.22055493764e-24, 4.78315554689e-24, 4.64876046991e-24, 4.83253705627e-24, 4.31311711525e-24, 5.33790541241e-24, 4.58357018799e-24, 4.29360897949e-24, 4.19142190998e-24, 5.13418997224e-24, 4.69327786294e-24, 6.36376103837e-24, 6.32128127306e-24, 6.39697168805e-24, 6.51532567295e-24, 5.66576428766e-24],
        "var": [3.64215557056e-05, 4.25702346547e-05, 8.01512578619e-06, 1.21371510886e-06, 5.1421312719e-07, 3.34912925837e-07, 3.22984277545e-07, 1.53952385062e-07, 1.86043308759e-07, 5.59421735602e-08, 1.07420511597e-07, 9.57061274676e-08, 2.63017803093e-08, 1.97917398026e-08, 7.80064191019e-09, 5.90377080556e-09, 6.87207091232e-09, 4.65770844116e-09, 1.89080462398e-09, 9.83849668401e-10, 7.38218319807e-10, 4.31300772874e-10, 3.12417369752e-10, 3.30531962911e-10, 2.17972195848e-10, 1.50689113965e-10, 1.17174020486e-10, 1.39711395231e-10, 8.3977637344e-11, 3.91879376171e-11, 3.21430382311e-11, 2.08493170645e-11, 1.36495545769e-11, 7.78987811756e-12, 4.98499288723e-12, 3.42554652179e-12, 2.77690717643e-12, 1.40304142002e-12, 1.12812612984e-12, 7.78461171393e-13]
    },
    "mfcc": {
        "mean": [-662.662658691, 128.343536377, 12.8582115173, 19.2431926727, -2.39937853813, 5.71661901474, -1.25331687927, 2.53442454338, 0.53994768858, 2.18938684464, -0.112986244261, 1.89499032497, -0.137057796121],
        "cov": [[15180.7265625, 548.954345703, -558.833007812, 422.411376953, -471.974700928, 55.0703315735, -66.0948867798, -101.804122925, -147.176071167, -53.8274269104, -117.436210632, -15.3647003174, -33.2912406921], [548.954345703, 1998.8515625, -178.219802856, -340.719909668, -0.218685775995, 39.6269226074, 26.8958415985, 50.6790657043, 76.453338623, 78.1228561401, 35.2677078247, 47.1997146606, 41.8116912842], [-558.833007812, -178.219802856, 580.013427734, 172.679641724, -17.9453639984, -38.664188385, -43.0170669556, -16.7004756927, -21.7207336426, -18.659029007, -8.42983341217, -9.23736667633, -1.47313332558], [422.411376953, -340.719909668, 172.679641724, 351.411590576, 82.1017913818, 44.3487586975, 14.6338605881, 4.46619033813, -2.54216599464, 7.0205745697, -3.39444971085, 5.13654279709, 11.9507427216], [-471.974700928, -0.218685775995, -17.9453639984, 82.1017913818, 235.428939819, 150.367446899, 114.755058289, 61.3239746094, 63.7683258057, 45.7511177063, 29.4469223022, 24.7115192413, 33.8118133545], [55.0703315735, 39.6269226074, -38.664188385, 44.3487586975, 150.367446899, 204.07850647, 145.231704712, 76.4260635376, 65.3328018188, 45.9122047424, 23.8155975342, 24.9179515839, 30.8088092804], [-66.0948867798, 26.8958415985, -43.0170669556, 14.6338605881, 114.755058289, 145.231704712, 186.775558472, 103.840751648, 77.665687561, 41.4061203003, 23.7287864685, 25.3294944763, 31.0602092743], [-101.804122925, 50.6790657043, -16.7004756927, 4.46619033813, 61.3239746094, 76.4260635376, 103.840751648, 119.088851929, 75.8796844482, 35.7558937073, 21.6733970642, 20.5376968384, 24.7128753662], [-147.176071167, 76.453338623, -21.7207336426, -2.54216599464, 63.7683258057, 65.3328018188, 77.665687561, 75.8796844482, 103.159667969, 55.6861763, 26.6390476227, 22.5804901123, 20.2629070282], [-53.8274269104, 78.1228561401, -18.659029007, 7.0205745697, 45.7511177063, 45.9122047424, 41.4061203003, 35.7558937073, 55.6861763, 81.8338623047, 36.9564743042, 19.1986598969, 13.8220815659], [-117.436210632, 35.2677078247, -8.42983341217, -3.39444971085, 29.4469223022, 23.8155975342, 23.7287864685, 21.6733970642, 26.6390476227, 36.9564743042, 60.0484848022, 27.8403587341, 16.7906856537], [-15.3647003174, 47.1997146606, -9.23736667633, 5.13654279709, 24.7115192413, 24.9179515839, 25.3294944763, 20.5376968384, 22.5804901123, 19.1986598969, 27.8403587341, 59.7799606323, 35.176486969], [-33.2912406921, 41.8116912842, -1.47313332558, 11.9507427216, 33.8118133545, 30.8088092804, 31.0602092743, 24.7128753662, 20.2629070282, 13.8220815659, 16.7906856537, 35.176486969, 62.683177948]],
