{
"lowlevel": {
    "average_loudness": 0.495771497488,
    "barkbands_crest": {
        "dmean": 3.45889925957,
        "dmean2": 5.18369626999,
        "dvar": 11.5870361328,
        "dvar2": 25.7659702301,
        "max": 26.7090702057,
        "mean": 13.4770317078,
        "median": 12.4109954834,
        "min": 1.79786276817,
        "var": 41.2778511047
    },
    "barkbands_flatness_db": {
        "dmean": 0.0431810691953,
        "dmean2": 0.0612120255828,
        "dvar": 0.00232201698236,
        "dvar2": 0.00465909158811,
        "max": 0.749020040035,
        "mean": 0.16594786942,
        "median": 0.147989332676,
        "min": 0.0105485012755,
        "var": 0.0114713441581
    },
    "barkbands_kurtosis": {
        "dmean": 20.3198890686,
        "dmean2": 30.9254932404,
        "dvar": 3128.70849609,
        "dvar2": 6673.65966797,
        "max": 2560.66894531,
        "mean": 29.5282344818,
        "median": 9.08105373383,
        "min": -1.95776987076,
        "var": 6212.52050781
    },
    "barkbands_skewness": {
        "dmean": 1.54935383797,
        "dmean2": 2.26986265182,
        "dvar": 3.54406142235,
        "dvar2": 7.66801357269,
        "max": 39.7716255188,
        "mean": 3.46427941322,
        "median": 2.851344347,
        "min": -5.73700237274,
        "var": 10.2308101654
    },
    "barkbands_spread": {
        "dmean": 13.9287538528,
        "dmean2": 21.5941295624,
        "dvar": 333.327758789,
        "dvar2": 755.710388184,
        "max": 132.721786499,
        "mean": 26.3608036041,
        "median": 17.7910194397,
        "min": 0.0680396556854,
        "var": 611.928466797
    },
    "dissonance": {
        "dmean": 0.0142242675647,
        "dmean2": 0.0235986784101,
        "dvar": 0.000214308456634,
        "dvar2": 0.000532404752448,
        "max": 0.500000119209,
        "mean": 0.473916321993,
        "median": 0.480370998383,
        "min": 0.263536781073,
        "var": 0.000601360050496
    },
    "dynamic_complexity": 4.21583747864,
    "erbbands_crest": {
        "dmean": 2.58806991577,
        "dmean2": 4.2044262886,
        "dvar": 7.35930490494,
        "dvar2": 17.0253276825,
        "max": 27.0164985657,
        "mean": 7.6409535408,
        "median": 6.25486755371,
        "min": 2.03499388695,
        "var": 18.7808074951
    },
    "erbbands_flatness_db": {
        "dmean": 0.0207246989012,
        "dmean2": 0.0314498059452,
        "dvar": 0.00060778693296,
        "dvar2": 0.00126289948821,
        "max": 0.477631449699,
        "mean": 0.115174517035,
        "median": 0.101086325943,
        "min": 0.0372058525681,
        "var": 0.00325396494009
    },
    "erbbands_kurtosis": {
        "dmean": 2.15420222282,
        "dmean2": 3.46538186073,
        "dvar": 38.2813491821,
        "dvar2": 86.7476196289,
        "max": 275.652618408,
        "mean": 2.50017666817,
        "median": -0.524235606194,
        "min": -1.90019845963,
        "var": 296.066345215
    },
    "erbbands_skewness": {
        "dmean": 0.666804671288,
        "dmean2": 1.00316226482,
        "dvar": 0.718039989471,
        "dvar2": 1.57649374008,
        "max": 11.9250125885,
        "mean": 0.428307086229,
        "median": 0.085619173944,
        "min": -3.47262883186,
        "var": 2.41162014008
    },
    "erbbands_spread": {
        "dmean": 18.8965473175,
        "dmean2": 28.9570484161,
        "dvar": 450.641418457,
        "dvar2": 1077.2857666,
        "max": 199.03956604,
        "mean": 65.6344299316,
        "median": 62.7898025513,
        "min": 0.705356299877,
        "var": 913.695617676
    },
    "hfc": {
        "dmean": 9.78797245026,
        "dmean2": 15.2050828934,
        "dvar": 184.773895264,
        "dvar2": 462.82019043,
        "max": 200.049499512,
        "mean": 15.3357810974,
        "median": 9.14731025696,
        "min": 1.09653821475e-16,
        "var": 267.069274902
    },
    "melbands_crest": {
        "dmean": 4.18467617035,
        "dmean2": 6.30580425262,
        "dvar": 15.7243118286,
        "dvar2": 34.9863090515,
        "max": 38.1048927307,
        "mean": 19.7508964539,
        "median": 19.0464935303,
        "min": 1.96608281136,
        "var": 58.2369613647
    },
    "melbands_flatness_db": {
        "dmean": 0.0558314584196,
        "dmean2": 0.0780694931746,
        "dvar": 0.00379974232055,
        "dvar2": 0.00775074632838,
        "max": 0.91922467947,
        "mean": 0.251190423965,
        "median": 0.241869091988,
        "min": 0.00645146612078,
        "var": 0.0175774674863
    },
    "melbands_kurtosis": {
        "dmean": 47.0044822693,
        "dmean2": 72.7961196899,
        "dvar": 5571.90234375,
        "dvar2": 13102.8378906,
        "max": 1292.16516113,
        "mean": 80.1717300415,
        "median": 39.4896583557,
        "min": -1.86652815342,
        "var": 10742.3125
    },
    "melbands_skewness": {
        "dmean": 2.0502102375,
        "dmean2": 3.06911206245,
        "dvar": 5.42850971222,
        "dvar2": 12.3999538422,
        "max": 28.2181739807,
        "mean": 6.0616569519,
        "median": 5.10380554199,
        "min": -1.57568442822,
        "var": 15.4300603867
    },
    "melbands_spread": {
        "dmean": 13.9758253098,
        "dmean2": 22.1390571594,
        "dvar": 556.576843262,
        "dvar2": 1322.74938965,
        "max": 263.988952637,
        "mean": 21.6116256714,
        "median": 9.08528137207,
        "min": 0.0619759485126,
        "var": 904.198852539
    },
    "pitch_salience": {
        "dmean": 0.0984918698668,
        "dmean2": 0.146173283458,
        "dvar": 0.011244604364,
        "dvar2": 0.0225914139301,
        "max": 0.963865756989,
        "mean": 0.485817551613,
        "median": 0.537365734577,
        "min": 0.0192274674773,
        "var": 0.0411071367562
    },
    "silence_rate_20dB": {
        "dmean": 0,
        "dmean2": 0,
        "dvar": 0,
        "dvar2": 0,
        "max": 1,
        "mean": 1,
        "median": 1,
        "min": 1,
        "var": 0
    },
    "silence_rate_30dB": {
        "dmean": 0.0516210272908,
        "dmean2": 0.103248551488,
        "dvar": 0.0489600114524,
        "dvar2": 0.0948488637805,
        "max": 1,
        "mean": 0.897960484028,
        "median": 1,
        "min": 0,
        "var": 0.091622017324
    },
    "silence_rate_60dB": {
        "dmean": 0.050487883389,
        "dmean2": 0.100982122123,
        "dvar": 0.0479495748878,
        "dvar2": 0.111467339098,
        "max": 1,
        "mean": 0.128352001309,
        "median": 0,
        "min": 0,
        "var": 0.111881777644
    },
    "spectral_centroid": {
        "dmean": 513.1875,
        "dmean2": 788.479248047,
        "dvar": 371063.5,
        "dvar2": 828281.9375,
        "max": 11385.7636719,
        "mean": 1363.07312012,
        "median": 1206.18310547,
        "min": 75.495552063,
        "var": 920555.5
    },
    "spectral_complexity": {
        "dmean": 4.43877887726,
        "dmean2": 7.17703342438,
        "dvar": 35.3274841309,
        "dvar2": 85.138092041,
        "max": 53,
        "mean": 11.0497293472,
        "median": 9,
        "min": 0,
        "var": 82.0657958984
    },
    "spectral_decrease": {
        "dmean": 4.04139210985e-09,
        "dmean2": 5.95014792992e-09,
        "dvar": 5.49845912144e-17,
        "dvar2": 1.06482576442e-16,
        "max": 1.10895327643e-10,
        "mean": -9.00360674905e-09,
        "median": -3.89593068917e-09,
        "min": -7.73316202185e-08,
        "var": 1.5216398973e-16
    },
    "spectral_energy": {
        "dmean": 0.0157217457891,
        "dmean2": 0.0230634640902,
        "dvar": 0.000797813583631,
        "dvar2": 0.00153749191668,
        "max": 0.296411365271,
        "mean": 0.0353725887835,
        "median": 0.0158987157047,
        "min": 1.03920170539e-20,
        "var": 0.0022303564474
    },
    "spectral_energyband_high": {
        "dmean": 0.000820702756755,
        "dmean2": 0.00132159469649,
        "dvar": 1.65855806245e-06,
        "dvar2": 4.17891169491e-06,
        "max": 0.0257970523089,
        "mean": 0.00108395994175,
        "median": 0.000499011250213,
        "min": 7.42532974804e-21,
        "var": 2.19913226829e-06
    },
    "spectral_energyband_low": {
        "dmean": 0.0128050288185,
        "dmean2": 0.0185040086508,
        "dvar": 0.000688640400767,
        "dvar2": 0.00128534657415,
        "max": 0.288837462664,
        "mean": 0.026248164475,
        "median": 0.00787125620991,
        "min": 1.444630405e-23,
        "var": 0.00183281046338
    },
    "spectral_energyband_middle_high": {
        "dmean": 0.000851152930409,
        "dmean2": 0.00142594100907,
        "dvar": 2.64149571194e-06,
        "dvar2": 7.15348778613e-06,
        "max": 0.0227986630052,
        "mean": 0.00137883063871,
        "median": 0.000771538587287,
        "min": 1.28080345145e-21,
        "var": 3.4065071759e-06
    },
    "spectral_energyband_middle_low": {
        "dmean": 0.00890619587153,
        "dmean2": 0.0152698317543,
        "dvar": 0.000531282450538,
        "dvar2": 0.00147859111894,
        "max": 0.198819503188,
        "mean": 0.00910400599241,
        "median": 0.0034419351723,
        "min": 2.45437346808e-22,
        "var": 0.000362988212146
    },
    "spectral_entropy": {
        "dmean": 0.333986461163,
        "dmean2": 0.492501348257,
        "dvar": 0.179269552231,
        "dvar2": 0.384651750326,
        "max": 9.81906890869,
        "mean": 7.69350242615,
        "median": 7.89093589783,
        "min": 3.26050925255,
        "var": 0.662443757057
    },
    "spectral_flux": {
        "dmean": 0.0408811718225,
        "dmean2": 0.0631808489561,
        "dvar": 0.00315300724469,
        "dvar2": 0.00597055116668,
        "max": 0.476546019316,
        "mean": 0.0962742567062,
        "median": 0.0649797320366,
        "min": 6.5566524432e-11,
        "var": 0.00843244139105
    },
    "spectral_kurtosis": {
        "dmean": 1.86310660839,
        "dmean2": 2.92678022385,
        "dvar": 29.8389911652,
        "dvar2": 64.2003860474,
        "max": 176.505935669,
        "mean": 4.32786846161,
        "median": 2.0422744751,
        "min": -1.2412866354,
        "var": 137.986877441
    },
    "spectral_rms": {
        "dmean": 0.00120608694851,
        "dmean2": 0.00167936319485,
        "dvar": 2.70360624199e-06,
        "dvar2": 4.58849262941e-06,
        "max": 0.0170053467155,
        "mean": 0.0048306779936,
        "median": 0.00393839320168,
        "min": 3.18410944312e-12,
        "var": 1.11743265734e-05
    },
    "spectral_rolloff": {
        "dmean": 1497.15283203,
        "dmean2": 2552.98779297,
        "dvar": 7398284,
        "dvar2": 16807630,
        "max": 19272.2167969,
        "mean": 1973.18701172,
        "median": 279.931640625,
        "min": 43.06640625,
        "var": 10383543
    },
    "spectral_skewness": {
        "dmean": 0.306715399027,
        "dmean2": 0.452793478966,
        "dvar": 0.230313226581,
        "dvar2": 0.482205718756,
        "max": 11.6040487289,
        "mean": 1.45634257793,
        "median": 1.2568821907,
        "min": -0.151120170951,
        "var": 0.981794655323
    },
    "spectral_spread": {
        "dmean": 1095285.875,
        "dmean2": 1602418,
        "dvar": 2.09074651136e+12,
        "dvar2": 4.24214685286e+12,
        "max": 40673368,
        "mean": 6699284.5,
        "median": 6352200,
        "min": 512835.40625,
        "var": 5.76056511693e+12
    },
    "spectral_strongpeak": {
        "dmean": 0.416267335415,
        "dmean2": 0.693292498589,
        "dvar": 3.28005290031,
        "dvar2": 9.10744762421,
        "max": 25.122636795,
        "mean": 0.527910530567,
        "median": 0.260413348675,
        "min": 0,
        "var": 2.14238619804
    },
    "zerocrossingrate": {
        "dmean": 0.0271191131324,
        "dmean2": 0.0308625157923,
        "dvar": 0.0011088354513,
        "dvar2": 0.0014135602396,
        "max": 0.70556640625,
        "mean": 0.0749748721719,
        "median": 0.05322265625,
        "min": 0.00146484375,
        "var": 0.00478840852156
    },
    "barkbands": {
        "dmean": [0.000356709264452, 0.00840414036065, 0.00870513170958, 0.00493470951915, 0.00387933501042, 0.000651303038467, 0.000416821218096, 0.000247813615715, 0.000186426157597, 0.000114780981676, 0.000117521834909, 9.62701524259e-05, 0.000128154628328, 0.000113580099423, 0.000100031946204, 0.000120755001262, 0.000108024214569, 8.97520658327e-05, 9.45194988162e-05, 9.25501663005e-05, 0.000118113857752, 0.000144000150613, 0.000142164615681, 0.000139176132507, 0.000135208450956, 0.000161661853781, 1.05338504e-05],
        "dmean2": [0.000461454095785, 0.0122456857935, 0.0135444253683, 0.00869189482182, 0.00705223530531, 0.0011175731197, 0.000724416458979, 0.000410415930673, 0.000306941248709, 0.000193755273358, 0.000197794783162, 0.000165194898727, 0.000216188374907, 0.000191029423149, 0.000173227992491, 0.000216126514715, 0.000186634293641, 0.000151342101162, 0.000158778013429, 0.000155686197104, 0.000192750667338, 0.000235592655372, 0.00023327038798, 0.000228694436373, 0.000221838767175, 0.000269818119705, 1.86229681276e-05],
        "dvar": [3.0428844866e-07, 0.000306799833197, 0.000659487675875, 0.000218251589104, 0.000123281788547, 1.7375355128e-06, 1.3294566088e-06, 6.77558375628e-07, 1.47643703485e-07, 8.28717148238e-08, 7.9287062249e-08, 5.4077009537e-08, 1.09631578482e-07, 6.55780070247e-08, 4.50742732028e-08, 8.39587244172e-08, 4.50838442134e-08, 3.12694119486e-08, 2.72122608891e-08, 2.4059266579e-08, 4.57639117712e-08, 6.00162550768e-08, 9.17458464755e-08, 6.75362912261e-08, 5.60990187637e-08, 1.68607428463e-07, 4.88898366235e-10],
        "dvar2": [5.37413654911e-07, 0.000610799004789, 0.00138617493212, 0.000620443432126, 0.00035529199522, 4.7421895033e-06, 3.61671254723e-06, 1.58759667102e-06, 3.52576080331e-07, 2.1742020806e-07, 1.98934031914e-07, 1.38177810527e-07, 2.84444496401e-07, 1.62968987638e-07, 1.2183774345e-07, 2.40230406234e-07, 1.23029479937e-07, 7.88225946735e-08, 7.15925807526e-08, 6.27503951023e-08, 1.12434193511e-07, 1.46169696791e-07, 2.21992792149e-07, 1.71719918285e-07, 1.54740646963e-07, 4.29988460837e-07, 1.34693045606e-09],
        "max": [0.0138573953882, 0.204789280891, 0.212664783001, 0.11618976295, 0.11020282656, 0.0138331679627, 0.0286590121686, 0.0206036474556, 0.0102750472724, 0.0118077192456, 0.00867630075663, 0.00788555759937, 0.0114096226171, 0.00725429365411, 0.00511234439909, 0.00371428439394, 0.00320065091364, 0.00731044029817, 0.00373304123059, 0.0023498092778, 0.00306393811479, 0.00291832722723, 0.0144671630114, 0.00687143439427, 0.00248830392957, 0.00354555738159, 0.000264567730483],
        "mean": [0.000656892196275, 0.0150674199685, 0.00810873135924, 0.00429517729208, 0.00317159853876, 0.000720919109881, 0.000390448869439, 0.000246951938607, 0.000230400983128, 0.000136901566293, 0.000131520893774, 0.0001080552247, 0.000153477536514, 0.00014461344108, 0.000125751175801, 0.000134656773298, 0.000138315343065, 0.000122878540424, 0.000140744450619, 0.000135009628139, 0.000173990963958, 0.000199919071747, 0.000183844284038, 0.000160841504112, 0.000148890947457, 0.000135821843287, 8.90375213203e-06],
        "median": [0.000195837841602, 0.00346625596285, 0.000702491379343, 0.0010511118453, 0.000742778531276, 0.000255000137258, 9.92963032331e-05, 5.24614915776e-05, 7.5720687164e-05, 4.5316926844e-05, 4.44374454673e-05, 3.67621978512e-05, 5.46026058146e-05, 4.94508822158e-05, 5.51008270122e-05, 5.50649747311e-05, 5.79113693675e-05, 5.3986957937e-05, 6.73530448694e-05, 5.96123063588e-05, 6.70882727718e-05, 6.78366486682e-05, 6.58151402604e-05, 6.24602471362e-05, 5.76520033064e-05, 2.70718810498e-05, 2.04824755201e-06],
        "min": [2.37573606596e-24, 5.2875326993e-24, 2.01554059892e-24, 3.02003288549e-24, 1.33865293772e-23, 2.0780652015e-23, 1.98630253443e-23, 3.41156845524e-23, 4.47703428609e-23, 1.99014176268e-23, 4.06221556561e-23, 3.10609342929e-23, 8.39313482602e-23, 6.82276204377e-23, 1.06589333035e-22, 3.6301797981e-23, 1.34232394928e-22, 1.4896392426e-22, 1.69525602687e-22, 3.21253367392e-22, 3.70999440946e-22, 4.91037312559e-22, 4.78674082504e-22, 7.25172238971e-22, 1.05031833832e-21, 1.24585385888e-21, 2.19331846764e-21],
        "var": [1.1487845768e-06, 0.000742269505281, 0.000683229474816, 0.000135176582262, 7.36160509405e-05, 1.76885259862e-06, 1.05506615e-06, 7.30358408418e-07, 2.05219066629e-07, 9.36281736585e-08, 8.6926370102e-08, 5.98138356622e-08, 1.28828006041e-07, 8.74334489254e-08, 4.78696620121e-08, 6.49923777019e-08, 4.97312910852e-08, 4.13901624086e-08, 4.09296774251e-08, 3.74984985285e-08, 7.2861581657e-08, 9.16119091698e-08, 1.14665105855e-07, 7.24529769514e-08, 5.0834525922e-08, 1.35246153832e-07, 3.7792030616e-10]
    },
    "erbbands": {
        "dmean": [0.282711297274, 1.98528945446, 7.91741704941, 13.8399677277, 14.0875120163, 12.6652297974, 8.01158905029, 4.8315038681, 4.36965703964, 8.17375183105, 4.15487194061, 4.68128967285, 3.47863984108, 3.60326266289, 4.69949293137, 4.00847864151, 5.72925186157, 5.60521125793, 5.67137241364, 5.56312990189, 6.57836055756, 5.96112918854, 4.65118074417, 5.00572633743, 4.77754545212, 4.43850183487, 4.50346851349, 4.93188238144, 5.31036186218, 4.32777023315, 4.30030584335, 3.2789683342, 2.11157798767, 1.68322336674, 0.867180943489, 0.369632124901, 0.485259711742, 0.0443579182029, 0.00220715953037, 5.83603687119e-05],
        "dmean2": [0.347542703152, 2.8146135807, 11.8216209412, 21.8381462097, 24.9766635895, 23.2172164917, 14.4763698578, 8.08349132538, 7.49465227127, 13.9122333527, 6.80573034286, 7.696870327, 5.88998985291, 6.03354501724, 7.96029520035, 6.79586315155, 9.60878658295, 9.4527721405, 9.75008296967, 9.66229915619, 11.7338619232, 10.3235454559, 7.82084274292, 8.40936374664, 8.13820457458, 7.51471281052, 7.32766819, 8.0999622345, 8.77250289917, 7.03439474106, 7.05073165894, 5.37049722672, 3.49868941307, 2.78011465073, 1.43784451485, 0.607382953167, 0.814722418785, 0.0749746933579, 0.00390106672421, 9.49475142988e-05],
        "dvar": [0.248409479856, 18.1068496704, 473.618896484, 1545.2902832, 1563.29211426, 1299.25366211, 450.28338623, 79.7265396118, 112.095832825, 657.752929688, 157.264404297, 97.8019561768, 89.5852355957, 68.3601608276, 121.307510376, 83.8991394043, 202.165145874, 191.060760498, 177.109390259, 117.719520569, 245.279953003, 146.511581421, 82.9258499146, 88.1033096313, 65.0653991699, 54.6388473511, 61.6891136169, 79.2599105835, 81.41431427, 74.3007202148, 76.938293457, 38.4006004333, 17.1450805664, 9.57219409943, 2.10996198654, 0.376798480749, 2.24704241753, 0.0092402016744, 1.91294329852e-05, 8.63824833885e-09],
        "dvar2": [0.347432404757, 38.381275177, 897.332519531, 3828.20678711, 4470.734375, 3756.93481445, 1293.09069824, 208.21206665, 305.334014893, 1664.36572266, 386.70501709, 230.387527466, 237.665588379, 175.636016846, 308.040222168, 208.743179321, 515.911315918, 491.658172607, 473.88772583, 321.676483154, 701.901733398, 405.39175415, 215.714538574, 226.668869019, 173.597473145, 142.847564697, 153.609405518, 188.938735962, 202.220001221, 182.667922974, 187.563537598, 94.8341598511, 45.3247184753, 26.5379676819, 5.71355581284, 0.98495477438, 5.75499296188, 0.0235920790583, 5.24485876667e-05, 2.21966640623e-08],
        "max": [7.6645860672, 53.1553268433, 226.563110352, 324.487091064, 380.317077637, 332.216400146, 221.702896118, 125.789375305, 220.293029785, 668.616943359, 512.430786133, 286.255157471, 433.493865967, 234.799804688, 353.309265137, 262.640075684, 413.25881958, 394.081268311, 323.754577637, 204.309371948, 221.343322754, 154.87449646, 310.496734619, 277.243713379, 166.537658691, 111.257324219, 120.165786743, 148.848495483, 97.7367095947, 315.900726318, 380.546661377, 156.372497559, 125.771965027, 33.7789993286, 15.172000885, 5.74163246155, 13.245598793, 0.80941349268, 0.056643281132, 0.000838586944155],
        "mean": [0.512707591057, 3.12259817123, 8.38801670074, 13.2202157974, 12.4999828339, 10.1384057999, 7.24153137207, 5.57828521729, 4.38618087769, 7.64878177643, 4.74115085602, 5.78868913651, 4.08237791061, 4.52332830429, 5.32399892807, 4.86463689804, 7.11234140396, 7.21042871475, 6.98372840881, 7.09137773514, 7.73523426056, 7.68127155304, 6.52098941803, 7.29219436646, 6.8206448555, 6.50566053391, 6.566655159, 7.35089254379, 7.23000144958, 5.79588651657, 5.40102815628, 3.89590334892, 2.40401506424, 1.84223198891, 0.934412062168, 0.374667972326, 0.378493398428, 0.038353677839, 0.00176452053711, 7.97421962488e-05],
        "median": [0.134224772453, 0.514511466026, 1.07221984863, 2.67271852493, 3.42899179459, 2.33947324753, 2.15837168694, 1.98858010769, 1.38872230053, 1.47603654861, 1.48790359497, 1.87709152699, 1.46914505959, 1.75225865841, 1.95024931431, 1.87887763977, 2.69562482834, 2.49075078964, 2.67804908752, 3.34420776367, 3.25662684441, 3.30472517014, 2.98809623718, 3.41190361977, 3.26438426971, 3.00186777115, 2.68687343597, 2.46698522568, 2.36616158485, 1.98429560661, 1.89747142792, 1.46937036514, 0.989337205887, 0.723094165325, 0.337371408939, 0.12809574604, 0.0464485250413, 0.00993999931961, 0.000366632826626, 4.2103274609e-05],
        "min": [1.57655391765e-22, 7.09546684108e-22, 2.07087069539e-21, 1.72287310558e-20, 4.62477326713e-20, 3.89625171408e-20, 5.90073942856e-20, 1.13717275096e-19, 2.22503209573e-19, 7.81130847467e-19, 6.895132017e-19, 1.03736513825e-18, 7.02502108666e-19, 7.16471069562e-19, 1.89446487356e-18, 2.4531674747e-18, 3.78664093837e-18, 3.56217638016e-18, 4.37049851552e-18, 4.45010306895e-18, 4.11723980019e-18, 8.53332093055e-18, 7.3930971239e-18, 8.70811825605e-18, 8.42256227371e-18, 1.1685014722e-17, 1.24165054269e-17, 1.44517254215e-17, 1.57005299184e-17, 1.58091039913e-17, 1.41961977497e-17, 1.21114627237e-17, 1.02293852934e-17, 1.02332308561e-17, 8.00927967862e-18, 4.86623157894e-18, 2.54139807435e-18, 1.14994566039e-18, 3.17664522934e-19, 2.70497802295e-20],
        "var": [0.764325976372, 38.9615516663, 589.550354004, 1300.76037598, 972.954650879, 773.818237305, 293.836791992, 99.3316955566, 88.323677063, 628.518981934, 167.054794312, 137.491363525, 87.5301818848, 86.5554122925, 130.355621338, 106.125549316, 255.660568237, 233.885925293, 184.346588135, 126.660980225, 200.303787231, 149.635055542, 104.297332764, 123.455589294, 92.5692062378, 84.0032196045, 91.1761169434, 149.323928833, 118.190788269, 95.5160446167, 96.7108230591, 44.2842483521, 16.6122703552, 8.19237804413, 2.04266643524, 0.352789729834, 1.74007534981, 0.00760013004765, 1.41993241414e-05, 9.29268129113e-09]
    },
    "gfcc": {
        "mean": [-41.4292907715, 58.9729385376, -70.8377990723, 49.387878418, -44.5730018616, 21.9380092621, -37.9229049683, 8.64338111877, -25.3352355957, 3.42207527161, -19.0114135742, 2.68064618111, -13.9086971283],
        "cov": [[18424.4335938, -1654.84667969, -1695.93139648, 7.73115444183, -1552.9284668, 463.738342285, 92.0025558472, 501.362060547, -83.3649139404, 757.151977539, -94.3731002808, 260.569702148, -135.676498413], [-1654.84667969, 2090.90405273, 145.611038208, 62.5421638489, 519.054504395, -92.4981384277, 190.604171753, -93.5808639526, 181.556427002, -170.100921631, 177.963165283, -117.247398376, 122.198822021], [-1695.93139648, 145.611038208, 1267.9107666, 123.495986938, 198.219726562, -9.02669906616, -46.3597793579, -19.2518558502, -42.6897544861, -71.1207046509, -68.4204559326, -18.8866271973, -50.41822052], [7.73115444183, 62.5421638489, 123.495986938, 467.645629883, 124.345825195, 92.0248260498, 84.5010604858, -0.00474099861458, 50.7004737854, -8.52060508728, 18.723197937, -21.7859230042, 27.6788063049], [-1552.9284668, 519.054504395, 198.219726562, 124.345825195, 505.567932129, 20.2981510162, 104.548835754, -8.56995391846, 81.974899292, -72.3085250854, 57.964969635, -44.3383293152, 26.4837551117], [463.738342285, -92.4981384277, -9.02669906616, 92.0248260498, 20.2981510162, 228.195236206, 127.357551575, 90.5039138794, 62.3523292542, 70.3811264038, 43.7569999695, 20.2105827332, 15.6956586838], [92.0025558472, 190.604171753, -46.3597793579, 84.5010604858, 104.548835754, 127.357551575, 295.992034912, 110.923583984, 140.659683228, 63.8295021057, 81.9152450562, 8.74558734894, 48.564491272], [501.362060547, -93.5808639526, -19.2518558502, -0.00474099861458, -8.56995391846, 90.5039138794, 110.923583984, 169.091506958, 86.1419754028, 79.1248855591, 33.6512489319, 28.5575618744, 13.5509395599], [-83.3649139404, 181.556427002, -42.6897544861, 50.7004737854, 81.974899292, 62.3523292542, 140.659683228, 86.1419754028, 179.566558838, 64.7854690552, 79.4087677002, 10.7492589951, 47.0901412964], [757.151977539, -170.100921631, -71.1207046509, -8.52060508728, -72.3085250854, 70.3811264038, 63.8295021057, 79.1248855591, 64.7854690552, 139.632568359, 46.5607337952, 45.2124786377, 9.80386257172], [-94.3731002808, 177.963165283, -68.4204559326, 18.723197937, 57.964969635, 43.7569999695, 81.9152450562, 33.6512489319, 79.4087677002, 46.5607337952, 124.353942871, 34.4847373962, 45.7030792236], [260.569702148, -117.247398376, -18.8866271973, -21.7859230042, -44.3383293152, 20.2105827332, 8.74558734894, 28.5575618744, 10.7492589951, 45.2124786377, 34.4847373962, 93.3097839355, 29.4417533875], [-135.676498413, 122.198822021, -50.41822052, 27.6788063049, 26.4837551117, 15.6956586838, 48.564491272, 13.5509395599, 47.0901412964, 9.80386257172, 45.7030792236, 29.4417533875, 84.4607772827]],
        "icov": [[0.000126282408019, -0.00014030301827, 0.000156536203576, -0.000171293577296, 0.000283664674498, -0.000123878708109, 2.74067897408e-05, -0.000292132637696, 0.000318080361467, -0.000636615615804, 0.000374767289031, -0.00025068470859, 0.000301759544527], [-0.00014030301827, 0.00123778765555, -0.000320448656566, 0.000460349023342, -0.00073791394243, 0.000592258467805, -0.000483614800032, 0.000893152668141, -0.00101659388747, 0.0018505648477, -0.00193860882428, 0.00161904899869, -0.00126565794926], [0.000156536203576, -0.000320448656566, 0.00115846586414, -0.000482207280584, -6.09173839621e-05, -0.000226270029088, 0.000263103982434, -0.000636617653072, 0.000524640432559, -0.000757791043725, 0.00123522931244, -0.00101060618181, 0.00105598836672], [-0.000171293577296, 0.000460349023342, -0.000482207280584, 0.0029893820174, -0.000799232278951, -0.000948528817389, -0.000434961315477, 0.00143340346403, -0.00107646663673, 0.00123304012232, -0.000476117769722, 0.00125589943491, -0.00148481270298], [0.000283664674498, -0.00073791394243, -6.09173839621e-05, -0.000799232278951, 0.00402358733118, -0.000532577512786, -0.00046457114513, -0.000586530717555, -0.000338236131938, 0.000618925958406, -0.000296589190839, -0.000231130034081, 0.00130519852974], [-0.000123878708109, 0.000592258467805, -0.000226270029088, -0.000948528817389, -0.000532577512786, 0.0075534763746, -0.00225660670549, -0.00169282406569, 0.000866674468853, -0.000921497878153, -0.00170320866164, 0.000719293777365, -0.000253010832239], [2.74067897408e-05, -0.000483614800032, 0.000263103982434, -0.000434961315477, -0.00046457114513, -0.00225660670549, 0.00736957322806, -0.00243406603113, -0.00233288970776, -0.000642779690679, -0.000375868054107, 0.000580963795073, -0.000862430664711], [-0.000292132637696, 0.000893152668141, -0.000636617653072, 0.00143340346403, -0.000586530717555, -0.00169282406569, -0.00243406603113, 0.0124159511179, -0.00470152404159, -0.00072380452184, 0.000514291925356, -0.000617854006123, -6.28383131698e-05], [0.000318080361467, -0.00101659388747, 0.000524640432559, -0.00107646663673, -0.000338236131938, 0.000866674468853, -0.00233288970776, -0.00470152404159, 0.0147100854665, -0.00625804997981, -0.00185098475777, 0.00177898211405, -0.00240511423908], [-0.000636615615804, 0.0018505648477, -0.000757791043725, 0.00123304012232, 0.000618925958406, -0.000921497878153, -0.000642779690679, -0.00072380452184, -0.00625804997981, 0.0195558909327, -0.00634717661887, -0.00176701322198, 0.00117603735998], [0.000374767289031, -0.00193860882428, 0.00123522931244, -0.000476117769722, -0.000296589190839, -0.00170320866164, -0.000375868054107, 0.000514291925356, -0.00185098475777, -0.00634717661887, 0.0184518508613, -0.00640923576429, -0.00113834580407], [-0.00025068470859, 0.00161904899869, -0.00101060618181, 0.00125589943491, -0.000231130034081, 0.000719293777365, 0.000580963795073, -0.000617854006123, 0.00177898211405, -0.00176701322198, -0.00640923576429, 0.0189467277378, -0.0079792663455], [0.000301759544527, -0.00126565794926, 0.00105598836672, -0.00148481270298, 0.00130519852974, -0.000253010832239, -0.000862430664711, -6.28383131698e-05, -0.00240511423908, 0.00117603735998, -0.00113834580407, -0.0079792663455, 0.0200182758272]]
    },
    "melbands": {
        "dmean": [0.00228270469233, 0.00306908297352, 0.00231799180619, 0.000977723393589, 0.00032758229645, 0.000108520813228, 7.21904434613e-05, 8.35757455206e-05, 3.25722758134e-05, 2.74869762507e-05, 1.71914070961e-05, 1.44283694681e-05, 1.71116225829e-05, 1.1107359569e-05, 1.21077464428e-05, 1.2415492165e-05, 1.04233495222e-05, 9.8976688605e-06, 6.87806959832e-06, 8.10717574495e-06, 7.98777364253e-06, 6.95016387908e-06, 4.12842018704e-06, 4.95307995152e-06, 4.19525895268e-06, 3.69414647139e-06, 3.41549730365e-06, 2.97487099488e-06, 2.80707854472e-06, 3.18469597005e-06, 2.93199627777e-06, 3.37740357281e-06, 2.70650821221e-06, 2.31820149565e-06, 2.41141492552e-06, 2.63154788627e-06, 1.81153177436e-06, 1.32567799938e-06, 1.75330762886e-06, 1.32998081881e-06],
        "dmean2": [0.00311896181665, 0.00444132182747, 0.00359491701238, 0.00176558468957, 0.000595288467593, 0.000182232819498, 0.000124445592519, 0.000141315613291, 5.30587749381e-05, 4.54527616967e-05, 2.91819687845e-05, 2.41681882471e-05, 2.87885686703e-05, 1.91642830032e-05, 2.03757899726e-05, 2.10743164644e-05, 1.75722361746e-05, 1.70246621565e-05, 1.1892796465e-05, 1.43198740261e-05, 1.42234339364e-05, 1.20952290672e-05, 6.9422908382e-06, 8.34987167764e-06, 7.08177503839e-06, 6.27670578979e-06, 5.87225167692e-06, 5.04301715409e-06, 4.51658979728e-06, 5.28374539499e-06, 4.82362520415e-06, 5.64039783058e-06, 4.43136195827e-06, 3.80377218789e-06, 3.94245716961e-06, 4.34930143456e-06, 2.98779332297e-06, 2.180878937e-06, 2.97930819215e-06, 2.18788954953e-06],
        "dvar": [1.92475072254e-05, 5.72431636101e-05, 3.87638647226e-05, 7.61687442719e-06, 7.7150383504e-07, 4.07232221278e-08, 3.30929275094e-08, 6.89507970719e-08, 9.02640184819e-09, 3.27039151315e-09, 2.24044960362e-09, 1.14234055548e-09, 1.71646463709e-09, 6.98324675863e-10, 8.93946416891e-10, 1.16171450237e-09, 6.37696839778e-10, 5.5206345051e-10, 1.88828772063e-10, 3.17490034263e-10, 3.44984457668e-10, 2.11073547529e-10, 5.59736770822e-11, 1.1917493381e-10, 6.29756732873e-11, 4.05862149444e-11, 3.43182461615e-11, 2.57387531427e-11, 2.22129693112e-11, 4.54864687582e-11, 2.59339407588e-11, 3.36140698609e-11, 2.39302327953e-11, 2.73854636884e-11, 2.82462733758e-11, 2.83389076094e-11, 1.15214461235e-11, 7.42511954699e-12, 1.36178221477e-11, 5.39471722502e-12],
        "dvar2": [3.00894935208e-05, 9.58460004767e-05, 9.47265871218e-05, 2.19111479964e-05, 2.22403377848e-06, 1.07307698727e-07, 9.02544243786e-08, 1.70660626964e-07, 2.23074874128e-08, 7.81637687908e-09, 5.93628612933e-09, 2.92848767458e-09, 4.2777337228e-09, 1.79311177018e-09, 2.25191021386e-09, 3.0509985649e-09, 1.61812374611e-09, 1.46840994919e-09, 5.04968455939e-10, 8.95511664822e-10, 9.81413950107e-10, 5.8719917817e-10, 1.45016221254e-10, 3.00582614354e-10, 1.62912877633e-10, 1.08611411531e-10, 9.13898748345e-11, 6.76088837692e-11, 5.49126057126e-11, 1.16459911159e-10, 6.26162663386e-11, 8.36222480149e-11, 5.91407339767e-11, 6.65682023393e-11, 6.80425021882e-11, 7.22602533365e-11, 2.88907127388e-11, 1.90373307396e-11, 3.82395157206e-11, 1.48453593168e-11],
        "max": [0.0604216717184, 0.0930031239986, 0.0497923642397, 0.0275660865009, 0.0089477552101, 0.00263502052985, 0.00388245028444, 0.00606697937474, 0.00467676436529, 0.00164686061908, 0.00217742240056, 0.00106878846418, 0.00126447807997, 0.000979784876108, 0.000974241702352, 0.001340839779, 0.000673243950587, 0.00053289643256, 0.000298115512123, 0.000261092995061, 0.000286575697828, 0.000180538248969, 0.000144798599649, 0.000543070840649, 0.000237069281866, 0.00014051348262, 6.52043672744e-05, 8.33549856907e-05, 8.34727761685e-05, 0.000108039246697, 9.38286975725e-05, 6.37853881926e-05, 5.77806749789e-05, 0.000266150134848, 0.00029385308153, 9.58804812399e-05, 0.000101931451354, 0.000102231002529, 5.18959095643e-05, 2.99356051983e-05],
        "mean": [0.00436121458188, 0.00434311805293, 0.0023291844409, 0.00082268123515, 0.000288306240691, 0.000125671664136, 7.03723999322e-05, 7.89222976891e-05, 3.87248946936e-05, 3.364985605e-05, 1.95102675207e-05, 1.78022364707e-05, 1.92915449588e-05, 1.20941149362e-05, 1.48388771777e-05, 1.49873203554e-05, 1.3103330275e-05, 1.16589271784e-05, 8.72232703841e-06, 9.30555142986e-06, 9.16916269489e-06, 8.51754157338e-06, 5.59860700378e-06, 6.39596873953e-06, 5.81962967772e-06, 5.1547158364e-06, 4.55220197182e-06, 4.22748780693e-06, 4.02349905926e-06, 4.11044220527e-06, 4.3451741476e-06, 4.31318903793e-06, 3.58112515642e-06, 2.99198154607e-06, 3.05591333927e-06, 2.99797079606e-06, 2.12448503589e-06, 1.56328383127e-06, 1.78251730176e-06, 1.46621016484e-06],
        "median": [0.00112153275404, 0.000694803660735, 0.000534774386324, 0.00020585450693, 8.40091452119e-05, 4.55297886219e-05, 2.05936339626e-05, 1.51122139869e-05, 1.26593768073e-05, 1.09016946226e-05, 6.39413110548e-06, 6.57002055959e-06, 6.56942211208e-06, 3.9748524614e-06, 5.82011307415e-06, 5.13202166985e-06, 4.3128429752e-06, 4.07870902563e-06, 3.94569633499e-06, 3.96052382712e-06, 3.57234307558e-06, 3.35939353135e-06, 2.58171303358e-06, 2.65492917606e-06, 2.56521343545e-06, 2.41392126554e-06, 2.04750404009e-06, 1.78914490334e-06, 1.59739806804e-06, 1.47514128912e-06, 1.34231549964e-06, 1.33601042762e-06, 1.19720220937e-06, 1.01211912806e-06, 1.05883873402e-06, 1.04000446299e-06, 8.07246067325e-07, 6.45395346055e-07, 6.71483007864e-07, 5.72169824409e-07],
        "min": [1.93935675142e-24, 1.17188166813e-24, 3.78724863076e-24, 3.94484134595e-24, 2.18097991631e-24, 3.28873113715e-24, 3.5884525272e-24, 8.37289865053e-24, 5.46761781105e-24, 6.95082540758e-24, 3.22702209841e-24, 2.56286136686e-24, 6.24127657777e-24, 3.92581835965e-24, 9.18295151511e-24, 7.86853175331e-24, 6.32019698374e-24, 6.06336793326e-24, 7.54878039602e-24, 2.61336700302e-24, 4.91442239595e-24, 9.04485983593e-24, 7.29027541054e-24, 5.75262773408e-24, 7.07396659488e-24, 4.41857992967e-24, 7.83465806604e-24, 6.35436531056e-24, 7.34307071548e-24, 9.73816838629e-24, 7.14307633221e-24, 6.38943688311e-24, 9.63634064292e-24, 7.26468476277e-24, 7.52969942844e-24, 5.08937991181e-24, 6.92553689354e-24, 6.07610093713e-24, 8.43256651168e-24, 8.44300077488e-24],
        "var": [5.74299665459e-05, 0.000101517318399, 3.42924140568e-05, 4.60082537757e-06, 4.84450936256e-07, 4.95620540164e-08, 2.57875125698e-08, 6.91029029554e-08, 9.63225854633e-09, 4.48493242544e-09, 2.17166573613e-09, 1.46576328852e-09, 1.89824800323e-09, 7.35849992051e-10, 1.14730447365e-09, 1.26694732483e-09, 7.97509835948e-10, 5.73679381777e-10, 2.1472511269e-10, 2.72665001688e-10, 2.95568097775e-10, 2.08633138543e-10, 7.34340019348e-11, 1.41010786381e-10, 8.52988166211e-11, 5.66859371942e-11, 4.36413752358e-11, 4.11764095043e-11, 3.49363940555e-11, 5.63206876969e-11, 5.28831041458e-11, 4.62694327297e-11, 3.35197425372e-11, 3.2704450259e-11, 3.55478667335e-11, 2.94503935128e-11, 1.32770140368e-11, 7.93177416109e-12, 1.019215181e-11, 4.84635725648e-12]
    },
    "mfcc": {
        "mean": [-691.531188965, 90.2428131104, 33.7784881592, 33.6940612793, 20.1256771088, 15.5781145096, 5.48031759262, 6.08168411255, 1.21515345573, 1.20529294014, -0.0179906785488, -0.654551506042, -1.61179637909],
        "cov": [[12149.2617188, -661.749938965, -981.381103516, -277.317626953, -825.431396484, -133.280181885, -210.858016968, -29.7566299438, 39.3231086731, 225.10949707, 138.088363647, 59.0495147705, 93.9822616577], [-661.749938965, 1461.08032227, 78.0539474487, 114.478935242, 206.671676636, 38.0757522583, 77.5071868896, 65.1709671021, 28.2191352844, 30.0854949951, 30.4653396606, 36.9331245422, 34.8221130371], [-981.381103516, 78.0539474487, 861.625488281, 172.542160034, 146.927047729, 41.142074585, 30.136138916, 9.06193828583, 19.078578949, -50.7119178772, -4.59982252121, -25.4844207764, -30.9906158447], [-277.317626953, 114.478935242, 172.542160034, 366.629364014, 160.708221436, 113.654045105, 60.509513855, 54.3177032471, 44.728603363, 11.4770593643, 11.0705966949, 9.35898017883, -9.6959104538], [-825.431396484, 206.671676636, 146.927047729, 160.708221436, 303.82711792, 82.9095993042, 56.6974258423, 37.2742233276, 10.8032493591, -12.1247797012, -4.73399448395, -2.04216432571, -8.21338748932], [-133.280181885, 38.0757522583, 41.142074585, 113.654045105, 82.9095993042, 184.409545898, 84.1179428101, 60.5382461548, 44.0843353271, 36.365436554, 33.1501846313, 33.980846405, 15.8024358749], [-210.858016968, 77.5071868896, 30.136138916, 60.509513855, 56.6974258423, 84.1179428101, 144.175918579, 76.6579589844, 51.134765625, 49.6585731506, 45.203327179, 25.2624130249, 25.7834625244], [-29.7566299438, 65.1709671021, 9.06193828583, 54.3177032471, 37.2742233276, 60.5382461548, 76.6579589844, 123.026535034, 71.5838165283, 55.5273551941, 48.1452102661, 41.2637214661, 33.3592300415], [39.3231086731, 28.2191352844, 19.078578949, 44.728603363, 10.8032493591, 44.0843353271, 51.134765625, 71.5838165283, 125.454330444, 74.3220825195, 55.9232978821, 36.136680603, 25.8739280701], [225.10949707, 30.0854949951, -50.7119178772, 11.4770593643, -12.1247797012, 36.365436554, 49.6585731506, 55.5273551941, 74.3220825195, 135.696228027, 77.8466644287, 37.0206985474, 39.264793396], [138.088363647, 30.4653396606, -4.59982252121, 11.0705966949, -4.73399448395, 33.1501846313, 45.203327179, 48.1452102661, 55.9232978821, 77.8466644287, 109.528564453, 61.1815757751, 39.7794151306], [59.0495147705, 36.9331245422, -25.4844207764, 9.35898017883, -2.04216432571, 33.980846405, 25.2624130249, 41.2637214661, 36.136680603, 37.0206985474, 61.1815757751, 90.1970291138, 44.1720695496], [93.9822616577, 34.8221130371, -30.9906158447, -9.6959104538, -8.21338748932, 15.8024358749, 25.7834625244, 33.3592300415, 25.8739280701, 39.264793396, 39.7794151306, 44.1720695496, 78.3303756714]],
