{
"lowlevel": {
    "average_loudness": 0.89393633604,
    "barkbands_crest": {
        "dmean": 2.61179804802,
        "dmean2": 4.28086709976,
        "dvar": 5.51527881622,
        "dvar2": 14.3093509674,
        "max": 25.4111976624,
        "mean": 9.61318492889,
        "median": 8.93764877319,
        "min": 2.87409472466,
        "var": 13.3116588593
    },
    "barkbands_flatness_db": {
        "dmean": 0.0235175546259,
        "dmean2": 0.0355030298233,
        "dvar": 0.000544001173694,
        "dvar2": 0.00116643251386,
        "max": 0.63239634037,
        "mean": 0.173188358545,
        "median": 0.158612310886,
        "min": 0.0211140103638,
        "var": 0.00585537962615
    },
    "barkbands_kurtosis": {
        "dmean": 2.6173760891,
        "dmean2": 4.21221160889,
        "dvar": 21.9677467346,
        "dvar2": 55.3901939392,
        "max": 233.652450562,
        "mean": 4.22057533264,
        "median": 2.53867721558,
        "min": -1.61936295033,
        "var": 59.9541625977
    },
    "barkbands_skewness": {
        "dmean": 0.49866309762,
        "dmean2": 0.78946018219,
        "dvar": 0.243873625994,
        "dvar2": 0.585425913334,
        "max": 12.7660865784,
        "mean": 1.55858540535,
        "median": 1.46305143833,
        "min": -2.16921448708,
        "var": 0.950911104679
    },
    "barkbands_spread": {
        "dmean": 3.01820111275,
        "dmean2": 4.76358127594,
        "dvar": 9.68602180481,
        "dvar2": 22.6796245575,
        "max": 86.877571106,
        "mean": 13.1566209793,
        "median": 12.6594429016,
        "min": 0.228905364871,
        "var": 38.4008674622
    },
    "dissonance": {
        "dmean": 0.0222702939063,
        "dmean2": 0.0378603823483,
        "dvar": 0.000421119737439,
        "dvar2": 0.00119028193876,
        "max": 0.500000238419,
        "mean": 0.460501343012,
        "median": 0.467338562012,
        "min": 0.245646119118,
        "var": 0.000832142308354
    },
    "dynamic_complexity": 2.55222439766,
    "erbbands_crest": {
        "dmean": 2.35477972031,
        "dmean2": 3.77873110771,
        "dvar": 4.5617556572,
        "dvar2": 11.0473308563,
        "max": 27.311170578,
        "mean": 8.4042596817,
        "median": 7.60746574402,
        "min": 2.18314385414,
        "var": 11.9308843613
    },
    "erbbands_flatness_db": {
        "dmean": 0.0176534429193,
        "dmean2": 0.0256332978606,
        "dvar": 0.000299023202388,
        "dvar2": 0.000603427179158,
        "max": 0.415978163481,
        "mean": 0.182233065367,
        "median": 0.173282057047,
        "min": 0.0250210296363,
        "var": 0.00272347219288
    },
    "erbbands_kurtosis": {
        "dmean": 0.8232858181,
        "dmean2": 1.32516789436,
        "dvar": 1.46477591991,
        "dvar2": 3.72673416138,
        "max": 52.0253829956,
        "mean": 0.558245420456,
        "median": 0.091680765152,
        "min": -1.65277016163,
        "var": 3.23356151581
    },
    "erbbands_skewness": {
        "dmean": 0.297367155552,
        "dmean2": 0.469290137291,
        "dvar": 0.0732963755727,
        "dvar2": 0.181831404567,
        "max": 5.21972465515,
        "mean": 0.298154830933,
        "median": 0.277859449387,
        "min": -2.24811553955,
        "var": 0.322192043066
    },
    "erbbands_spread": {
        "dmean": 5.48492288589,
        "dmean2": 8.46063804626,
        "dvar": 24.7011756897,
        "dvar2": 56.4467964172,
        "max": 120.471702576,
        "mean": 27.1653766632,
        "median": 26.2762775421,
        "min": 3.08547401428,
        "var": 115.421859741
    },
    "hfc": {
        "dmean": 5.20229244232,
        "dmean2": 8.06580162048,
        "dvar": 45.528591156,
        "dvar2": 101.863883972,
        "max": 93.7648620605,
        "mean": 17.8227939606,
        "median": 15.9564380646,
        "min": 1.08544420072e-16,
        "var": 134.89956665
    },
    "melbands_crest": {
        "dmean": 3.38579273224,
        "dmean2": 5.59057331085,
        "dvar": 9.5601978302,
        "dvar2": 24.8295135498,
        "max": 35.9508323669,
        "mean": 13.830786705,
        "median": 13.1743202209,
        "min": 1.56136190891,
        "var": 26.8715457916
    },
    "melbands_flatness_db": {
        "dmean": 0.0273852050304,
        "dmean2": 0.0414468087256,
        "dvar": 0.000765419739764,
        "dvar2": 0.00157938164193,
        "max": 0.794449388981,
        "mean": 0.25980296731,
        "median": 0.246363982558,
        "min": 0.00286548607983,
        "var": 0.00921344105154
    },
    "melbands_kurtosis": {
        "dmean": 4.99528074265,
        "dmean2": 8.04742145538,
        "dvar": 89.5763778687,
        "dvar2": 238.309921265,
        "max": 521.874755859,
        "mean": 9.28850746155,
        "median": 5.87078094482,
        "min": -1.67627739906,
        "var": 193.126419067
    },
    "melbands_skewness": {
        "dmean": 0.637577831745,
        "dmean2": 1.01048660278,
        "dvar": 0.401220560074,
        "dvar2": 0.97263365984,
        "max": 16.5530757904,
        "mean": 2.29244017601,
        "median": 2.13388228416,
        "min": -0.860582947731,
        "var": 1.40472376347
    },
    "melbands_spread": {
        "dmean": 3.89194393158,
        "dmean2": 6.18418931961,
        "dvar": 18.0473957062,
        "dvar2": 40.5064125061,
        "max": 160.419174194,
        "mean": 15.5231351852,
        "median": 13.5828905106,
        "min": 0.249450355768,
        "var": 205.730804443
    },
    "pitch_salience": {
        "dmean": 0.0732298716903,
        "dmean2": 0.119998052716,
        "dvar": 0.00423768348992,
        "dvar2": 0.010900311172,
        "max": 0.992086529732,
        "mean": 0.591133415699,
        "median": 0.603419482708,
        "min": 0.115858234465,
        "var": 0.0118929883465
    },
    "silence_rate_20dB": {
        "dmean": 0,
        "dmean2": 0,
        "dvar": 0,
        "dvar2": 0,
        "max": 1,
        "mean": 1,
        "median": 1,
        "min": 1,
        "var": 0
    },
    "silence_rate_30dB": {
        "dmean": 0.0207064561546,
        "dmean2": 0.0414160639048,
        "dvar": 0.0202767662704,
        "dvar2": 0.0524873435497,
        "max": 1,
        "mean": 0.982187688351,
        "median": 1,
        "min": 0,
        "var": 0.0174965932965
    },
    "silence_rate_60dB": {
        "dmean": 0.00502436049283,
        "dmean2": 0.0100494865328,
        "dvar": 0.00500042457134,
        "dvar2": 0.0116218561307,
        "max": 1,
        "mean": 0.0400395840406,
        "median": 0,
        "min": 0,
        "var": 0.0384351499379
    },
    "spectral_centroid": {
        "dmean": 150.836929321,
        "dmean2": 235.470657349,
        "dvar": 35268.1914062,
        "dvar2": 70573.8671875,
        "max": 12017.7431641,
        "mean": 883.163208008,
        "median": 729.672363281,
        "min": 107.487838745,
        "var": 1230174.125
    },
    "spectral_complexity": {
        "dmean": 3.28989028931,
        "dmean2": 5.05382585526,
        "dvar": 12.411772728,
        "dvar2": 24.7398109436,
        "max": 52,
        "mean": 19.3281574249,
        "median": 19,
        "min": 0,
        "var": 63.4714775085
    },
    "spectral_decrease": {
        "dmean": 3.40107653152e-09,
        "dmean2": 5.5043991587e-09,
        "dvar": 1.73868070803e-17,
        "dvar2": 4.43217798236e-17,
        "max": 2.05342722893e-28,
        "mean": -1.08508766417e-08,
        "median": -9.86688153404e-09,
        "min": -5.15914706511e-08,
        "var": 4.92433125624e-17
    },
    "spectral_energy": {
        "dmean": 0.013189541176,
        "dmean2": 0.0213264953345,
        "dvar": 0.000256980303675,
        "dvar2": 0.00065385538619,
        "max": 0.196900114417,
        "mean": 0.042570207268,
        "median": 0.0388976968825,
        "min": 1.00812209024e-20,
        "var": 0.000736220390536
    },
    "spectral_energyband_high": {
        "dmean": 0.000118534102512,
        "dmean2": 0.000177203328349,
        "dvar": 4.49093420229e-08,
        "dvar2": 9.84501298262e-08,
        "max": 0.00322667043656,
        "mean": 0.000234705454204,
        "median": 0.000116520190204,
        "min": 6.90716571776e-21,
        "var": 9.99257565582e-08
    },
    "spectral_energyband_low": {
        "dmean": 0.00897331256419,
        "dmean2": 0.0148201454431,
        "dvar": 0.000197390589165,
        "dvar2": 0.000511866528541,
        "max": 0.17658020556,
        "mean": 0.0185907203704,
        "median": 0.0117899747565,
        "min": 1.39873100654e-23,
        "var": 0.000435924506746
    },
    "spectral_energyband_middle_high": {
        "dmean": 0.00242220354266,
        "dmean2": 0.00380037818104,
        "dvar": 1.22831133922e-05,
        "dvar2": 2.81610409729e-05,
        "max": 0.052314247936,
        "mean": 0.00608582701534,
        "median": 0.00460851797834,
        "min": 1.16513256234e-21,
        "var": 2.92870608973e-05
    },
    "spectral_energyband_middle_low": {
        "dmean": 0.00716707669199,
        "dmean2": 0.0114082489163,
        "dvar": 9.20241000131e-05,
        "dvar2": 0.000225234180107,
        "max": 0.118328623474,
        "mean": 0.0197989176959,
        "median": 0.016402406618,
        "min": 1.64921091003e-22,
        "var": 0.000209201534744
    },
    "spectral_entropy": {
        "dmean": 0.161913201213,
        "dmean2": 0.2425455302,
        "dvar": 0.0275860968977,
        "dvar2": 0.0560173280537,
        "max": 9.82015419006,
        "mean": 7.23563766479,
        "median": 7.30527544022,
        "min": 4.44665670395,
        "var": 0.347089767456
    },
    "spectral_flux": {
        "dmean": 0.0267335679382,
        "dmean2": 0.0427300035954,
        "dvar": 0.000922561797779,
        "dvar2": 0.00202292390168,
        "max": 0.346736550331,
        "mean": 0.0985031053424,
        "median": 0.0912229195237,
        "min": 6.36867364401e-11,
        "var": 0.00233692536131
    },
    "spectral_kurtosis": {
        "dmean": 4.45893526077,
        "dmean2": 7.41997098923,
        "dvar": 81.8973083496,
        "dvar2": 219.662612915,
        "max": 228.952301025,
        "mean": 12.6247348785,
        "median": 7.30265331268,
        "min": -1.27193975449,
        "var": 437.782531738
    },
    "spectral_rms": {
        "dmean": 0.000940357800573,
        "dmean2": 0.0015026840847,
        "dvar": 9.85245947049e-07,
        "dvar2": 2.4213445613e-06,
        "max": 0.0138599304482,
        "mean": 0.00604698294774,
        "median": 0.00616027368233,
        "min": 3.13613414751e-12,
        "var": 4.96615120937e-06
    },
    "spectral_rolloff": {
        "dmean": 215.511535645,
        "dmean2": 360.717651367,
        "dvar": 99413.25,
        "dvar2": 222423.53125,
        "max": 19659.8144531,
        "mean": 973.571899414,
        "median": 753.662109375,
        "min": 43.06640625,
        "var": 3672121.25
    },
    "spectral_skewness": {
        "dmean": 0.372744113207,
        "dmean2": 0.605321884155,
        "dvar": 0.247658118606,
        "dvar2": 0.657944262028,
        "max": 12.1400222778,
        "mean": 2.3171505928,
        "median": 2.0110001564,
        "min": -0.100306838751,
        "var": 1.73444545269
    },
    "spectral_spread": {
        "dmean": 376163.15625,
        "dmean2": 554741.8125,
        "dvar": 309797453824,
        "dvar2": 496420552704,
        "max": 42818060,
        "mean": 3561407.25,
        "median": 3145798,
        "min": 283779.125,
        "var": 1.59501464371e+13
    },
    "spectral_strongpeak": {
        "dmean": 0.376641839743,
        "dmean2": 0.652473211288,
        "dvar": 0.334282755852,
        "dvar2": 0.852061033249,
        "max": 7.72135543823,
        "mean": 0.615180134773,
        "median": 0.42156663537,
        "min": 0,
        "var": 0.430343776941
    },
    "zerocrossingrate": {
        "dmean": 0.00554256467149,
        "dmean2": 0.00695500615984,
        "dvar": 4.61988165625e-05,
        "dvar2": 6.433515955e-05,
        "max": 0.8271484375,
        "mean": 0.039391476661,
        "median": 0.03271484375,
        "min": 0.00146484375,
        "var": 0.00276050157845
    },
    "barkbands": {
        "dmean": [0.000583642453421, 0.00587384961545, 0.00395054463297, 0.00263317953795, 0.00413223635405, 0.00129649275914, 0.000851939141285, 0.000714210385922, 0.0014533380745, 0.00072291365359, 0.00105698802508, 0.00049139757175, 0.000472148647532, 0.000374950526748, 0.00018238722987, 0.000218564498937, 0.000155492671183, 8.70514195412e-05, 7.77498644311e-05, 5.38775566383e-05, 3.94259513996e-05, 2.42309524765e-05, 1.54658664542e-05, 1.16124183478e-05, 8.30239787319e-06, 5.09461688125e-06, 7.68505651649e-06],
        "dmean2": [0.000956672767643, 0.00959427841008, 0.00674133189023, 0.00445644976571, 0.00653230305761, 0.00212963134982, 0.00136534124613, 0.001156803919, 0.00228027394041, 0.00118312076665, 0.00170683057513, 0.000803189002909, 0.000735157926101, 0.000612942851149, 0.0003020457807, 0.000348280591425, 0.000250088050961, 0.000142735880218, 0.000125990845845, 8.44239548314e-05, 6.13527008682e-05, 3.80992532882e-05, 2.3959992177e-05, 1.77392812475e-05, 1.28007723106e-05, 8.23913524073e-06, 1.25699725686e-05],
        "dvar": [3.06042193188e-06, 0.000101446945337, 5.64901783946e-05, 2.81144912151e-05, 3.81866448151e-05, 5.05958905705e-06, 1.73595549313e-06, 1.70096188867e-06, 3.90884088119e-06, 1.67475934632e-06, 3.2307566471e-06, 1.03792149275e-06, 7.37047457733e-07, 3.50943281546e-07, 9.970739967e-08, 2.19073982066e-07, 1.32327997449e-07, 3.09067864634e-08, 2.28752643494e-08, 9.3391525624e-09, 6.1758451686e-09, 2.42323361377e-09, 1.09592468434e-09, 6.09124584106e-10, 3.1799160527e-10, 1.26896521069e-10, 5.77045355943e-10],
        "dvar2": [7.83639916335e-06, 0.000255379301962, 0.000157222777489, 7.94485604274e-05, 9.17633151403e-05, 1.36432108775e-05, 4.3443337745e-06, 4.08728828916e-06, 9.24452979234e-06, 3.99918508265e-06, 8.02325394034e-06, 2.64190884991e-06, 1.72811883203e-06, 8.72919883932e-07, 2.45856170977e-07, 5.09267692905e-07, 3.15933675665e-07, 8.02608894901e-08, 5.90164397352e-08, 2.15480113752e-08, 1.4225673084e-08, 5.62582602726e-09, 2.65411137512e-09, 1.42110589962e-09, 7.4361511393e-10, 3.18627485507e-10, 1.50009737965e-09],
        "max": [0.0381206870079, 0.165943071246, 0.0956038460135, 0.0927898436785, 0.095981374383, 0.0407882928848, 0.0316912233829, 0.0363921187818, 0.0339006707072, 0.0310385599732, 0.0427158623934, 0.0200383905321, 0.0229375474155, 0.00939696282148, 0.00557916006073, 0.0113441050053, 0.00690652243793, 0.00320140342228, 0.00308728707023, 0.00197046273388, 0.00224318401888, 0.000669126340654, 0.000574616307858, 0.000404100632295, 0.000347781053279, 0.000226256583119, 0.000389258610085],
        "mean": [0.000765765551478, 0.00988716911525, 0.0058979918249, 0.00415083672851, 0.00792862661183, 0.00220598373562, 0.00144886120688, 0.00115479517262, 0.00267887767404, 0.00115118548274, 0.00161197024863, 0.000743074342608, 0.000847024086397, 0.000622278021183, 0.000298495258903, 0.000366043997929, 0.000252228113823, 0.000148732709931, 0.000132652174216, 8.82354215719e-05, 6.93131078151e-05, 4.03734848078e-05, 2.72469933407e-05, 2.01835155167e-05, 1.19253427329e-05, 6.52340622764e-06, 1.39929807119e-05],
        "median": [0.000140943055158, 0.0044972281903, 0.00284526520409, 0.00219181505963, 0.00463734474033, 0.0013427680824, 0.000906266446691, 0.000582161708735, 0.00167807610705, 0.000640271580778, 0.000799585191999, 0.000339814898325, 0.000384483166272, 0.000344727304764, 0.000174077504198, 0.000157706846949, 0.000111722198199, 8.0255427747e-05, 6.65016632411e-05, 4.26414626418e-05, 3.26997833326e-05, 1.62372125487e-05, 8.38498817757e-06, 5.22384971191e-06, 2.70615169029e-06, 2.12916938835e-06, 9.36841431098e-08],
        "min": [1.84356596335e-25, 4.94911610413e-24, 8.83134023522e-25, 4.99014870412e-25, 5.79471228009e-24, 1.25317110228e-23, 4.25174492011e-24, 5.13513660533e-24, 1.41684798609e-23, 1.91065045807e-23, 1.87979432154e-23, 2.12706214119e-23, 1.86660709156e-23, 3.76126197482e-23, 4.16761337789e-23, 4.99791598636e-23, 5.50727653089e-23, 8.47521485657e-23, 1.36237931784e-22, 1.37539362951e-22, 2.37334470512e-22, 2.87186642703e-22, 3.77490617615e-22, 6.20942281618e-22, 8.50727492107e-22, 1.31145931829e-21, 1.96274813229e-21],
        "var": [5.49063315702e-06, 0.000201618458959, 6.8893925345e-05, 3.27034031216e-05, 8.28143893159e-05, 7.2762986747e-06, 3.00542160403e-06, 3.35146728503e-06, 9.34248964768e-06, 3.00987517221e-06, 5.46814771951e-06, 1.54149051923e-06, 1.62613696375e-06, 6.10547829183e-07, 1.57005146662e-07, 4.55516868669e-07, 2.18184268874e-07, 4.95456866645e-08, 3.6261376124e-08, 1.62424189654e-08, 1.15813563184e-08, 4.03208133548e-09, 2.47005882414e-09, 1.37974243142e-09, 5.08127373511e-10, 1.41570602463e-10, 1.51237955492e-09]
    },
    "erbbands": {
        "dmean": [0.182577595115, 1.35714352131, 4.12996673584, 6.54761362076, 11.6332435608, 15.3209552765, 9.68162918091, 10.8670415878, 10.2131376266, 15.9636058807, 17.4458999634, 31.9303703308, 24.1288509369, 27.8979663849, 36.1435127258, 18.6244831085, 22.6151695251, 16.5524425507, 13.1479883194, 11.7941961288, 10.3690929413, 8.83383560181, 4.57008647919, 4.17727279663, 3.67579221725, 2.59637999535, 1.93871307373, 1.33623027802, 0.930933117867, 0.596466302872, 0.417867004871, 0.263638496399, 0.194833740592, 0.108004644513, 0.0523192286491, 0.0258110314608, 0.00818572565913, 0.0100617446005, 0.000800201960374, 2.24200612138e-05],
        "dmean2": [0.295427531004, 2.23460316658, 7.00924301147, 11.1243057251, 18.5089092255, 24.7946662903, 15.825334549, 17.9054546356, 17.0815429688, 24.9086856842, 28.2713890076, 50.1378517151, 39.0821914673, 45.0741043091, 58.0790863037, 29.9236488342, 34.656337738, 26.9685764313, 21.7578964233, 19.1266174316, 16.6222000122, 14.2541313171, 7.376994133, 6.84818220139, 5.87617826462, 4.08266687393, 3.02687478065, 2.07537841797, 1.45339691639, 0.927076101303, 0.656309127808, 0.40618827939, 0.301178216934, 0.165212392807, 0.0817759260535, 0.0415767990053, 0.0135333826765, 0.016424536705, 0.0013015801087, 3.62689970643e-05],
        "dvar": [0.148925691843, 5.19459009171, 57.4603424072, 178.535202026, 323.246032715, 520.433227539, 247.994781494, 400.956451416, 326.20401001, 620.111633301, 901.88079834, 2256.74951172, 1574.04882812, 2402.58325195, 3855.12353516, 1383.5703125, 1720.00720215, 730.513244629, 485.337799072, 672.735412598, 468.960723877, 535.843688965, 83.2828292847, 57.6127586365, 55.0319442749, 23.6377410889, 15.1121931076, 6.63282680511, 3.64279961586, 1.46745789051, 0.9115665555, 0.327648550272, 0.174670964479, 0.0536609850824, 0.0136525304988, 0.003427217016, 0.000403682293836, 0.000835925282445, 5.59503541808e-06, 1.06373587716e-09],
        "dvar2": [0.358356833458, 13.3667564392, 158.948791504, 500.117614746, 779.378662109, 1357.19287109, 635.809387207, 1093.67858887, 870.007446289, 1395.66748047, 2203.12353516, 5187.703125, 3982.82470703, 5644.72119141, 9732.94140625, 3418.06933594, 3984.07226562, 1786.84265137, 1241.36743164, 1592.02746582, 1099.43835449, 1305.04162598, 206.654663086, 145.251617432, 139.279098511, 55.447517395, 36.0130462646, 14.7492513657, 8.38866615295, 3.40434670448, 2.27353262901, 0.786681652069, 0.419489622116, 0.125833556056, 0.032286144793, 0.00823666434735, 0.00107626966201, 0.00216940022074, 1.45056083056e-05, 2.76140177391e-09],
        "max": [7.08147382736, 30.6220932007, 97.2410583496, 209.392105103, 295.164520264, 325.666717529, 339.304077148, 308.66998291, 297.309906006, 562.361633301, 987.525634766, 912.944946289, 1482.53186035, 1094.85302734, 1822.83776855, 720.901489258, 1102.4498291, 435.939331055, 364.108123779, 825.283752441, 545.289306641, 462.514678955, 215.14012146, 138.640869141, 162.327774048, 129.270523071, 137.124664307, 67.56199646, 25.8919696808, 15.7635345459, 20.9969482422, 10.6587324142, 6.70890522003, 4.68368434906, 2.39606380463, 1.42219603062, 0.373204439878, 0.475703328848, 0.0373057350516, 0.000519633875228],
        "mean": [0.289424866438, 2.18927025795, 6.64859676361, 11.0116224289, 21.511089325, 27.3973121643, 17.745059967, 18.1595478058, 15.6438207626, 28.421754837, 31.0382156372, 58.0529174805, 42.9680595398, 48.5895996094, 58.6318473816, 31.729801178, 42.1333503723, 29.2224655151, 21.9648017883, 20.5973758698, 17.3560886383, 14.6416215897, 8.47576999664, 7.16327619553, 6.43286132812, 4.29167938232, 3.2494494915, 2.39191102982, 1.54550719261, 1.03221583366, 0.730508983135, 0.470157802105, 0.309745848179, 0.158428549767, 0.0734384059906, 0.0314115136862, 0.01046979893, 0.0185471270233, 0.00143725681119, 6.70499139233e-05],
        "median": [0.0909005925059, 1.02793669701, 3.41019153595, 7.06836366653, 13.1281518936, 16.5983982086, 10.8329782486, 10.9913072586, 9.42002487183, 16.894235611, 18.1061191559, 34.270942688, 26.7330646515, 29.7619743347, 31.0404548645, 17.8642158508, 19.2044296265, 17.2217578888, 12.4210138321, 10.0109329224, 8.71785354614, 6.17920017242, 4.79558134079, 3.69571447372, 3.15401887894, 2.08393454552, 1.54111540318, 1.11234617233, 0.644777595997, 0.363585978746, 0.225360825658, 0.129800140858, 0.076348438859, 0.0355234369636, 0.0155891366303, 0.00695170229301, 0.00316541013308, 0.000708972162101, 4.58987669845e-05, 5.31314544787e-05],
        "min": [6.56090250618e-23, 6.06079485831e-22, 2.34887951575e-21, 5.79893635571e-21, 8.87675788105e-21, 2.37595094e-20, 5.05491817165e-20, 9.77482884146e-20, 1.40055985345e-19, 5.33487809621e-20, 2.25641713763e-19, 2.93298599672e-19, 4.75603674908e-19, 7.66662993264e-19, 9.5675545698e-19, 1.1293418321e-18, 1.07970727304e-18, 1.87211838252e-18, 2.64653541854e-18, 2.45909711892e-18, 3.62492588784e-18, 3.89642145413e-18, 5.64759962044e-18, 4.87474161308e-18, 6.83267026478e-18, 7.70509228016e-18, 9.7364170812e-18, 9.87379358297e-18, 9.49138054116e-18, 1.02148765455e-17, 1.06109115976e-17, 1.05450589219e-17, 9.45788386226e-18, 8.15635239153e-18, 5.87594117418e-18, 3.70707939833e-18, 2.36004575608e-18, 1.01004811891e-18, 2.2886991535e-19, 2.54498998337e-20],
        "var": [0.322563380003, 9.18385791779, 81.8781661987, 193.726379395, 661.904846191, 943.233764648, 516.924743652, 524.872253418, 406.800109863, 1388.18151855, 1858.08911133, 5367.38427734, 2890.93115234, 4397.51416016, 6588.05224609, 2192.53662109, 4016.12353516, 1331.22900391, 748.712585449, 1522.28039551, 819.773742676, 873.570678711, 146.479431152, 97.5234375, 92.4385910034, 38.9309997559, 25.891368866, 13.0658454895, 5.8545794487, 2.86415362358, 1.89996850491, 0.776270031929, 0.331253170967, 0.0880665257573, 0.0202544052154, 0.00406397692859, 0.000385351828299, 0.00228732079268, 1.46184002006e-05, 3.47526230016e-09]
    },
    "gfcc": {
        "mean": [-25.2401828766, 140.646957397, -112.062278748, 16.3204021454, -44.2946128845, 9.17332744598, -22.8952140808, -0.660473525524, -20.8095359802, -6.04386281967, -16.1254863739, -5.64317750931, -8.18880939484],
        "cov": [[25845.46875, -422.07800293, -2652.5859375, 589.09387207, -1071.59753418, 316.810394287, -764.727233887, 269.935577393, -539.237365723, 219.848953247, -409.631561279, 199.852035522, -396.581939697], [-422.07800293, 1825.0682373, -19.3550815582, -143.218841553, 243.716766357, -73.9443511963, 216.785812378, -172.282028198, 134.3881073, -166.542327881, 126.042526245, -179.308654785, 153.67767334], [-2652.5859375, -19.3550815582, 847.960327148, -59.025478363, 350.553253174, 33.9681663513, 169.658172607, -8.33270168304, 45.8432617188, 22.6999492645, 37.4531211853, 14.2621536255, -25.1951961517], [589.09387207, -143.218841553, -59.025478363, 303.283813477, -82.2859039307, 100.47063446, -52.0612297058, 66.0153503418, -8.28748130798, 17.2039203644, 0.618966937065, -1.40049815178, 3.77178287506], [-1071.59753418, 243.716766357, 350.553253174, -82.2859039307, 427.513061523, -39.7003707886, 160.677566528, -33.5803031921, 81.9312896729, -22.6876831055, 24.0718212128, 7.54366827011, 3.13820743561], [316.810394287, -73.9443511963, 33.9681663513, 100.47063446, -39.7003707886, 251.546279907, -11.079293251, 66.7763900757, -45.6385498047, 46.4355964661, 25.8535232544, 1.87549054623, 5.72424459457], [-764.727233887, 216.785812378, 169.658172607, -52.0612297058, 160.677566528, -11.079293251, 204.864624023, -20.4523563385, 65.5593185425, -45.0081176758, 24.9016494751, -13.208609581, 23.0667514801], [269.935577393, -172.282028198, -8.33270168304, 66.0153503418, -33.5803031921, 66.7763900757, -20.4523563385, 128.530853271, 12.8698749542, 47.5473442078, -11.5334377289, 23.2015285492, -2.20918607712], [-539.237365723, 134.3881073, 45.8432617188, -8.28748130798, 81.9312896729, -45.6385498047, 65.5593185425, 12.8698749542, 124.016242981, -5.26082086563, 21.126039505, -14.1828374863, 21.4891281128], [219.848953247, -166.542327881, 22.6999492645, 17.2039203644, -22.6876831055, 46.4355964661, -45.0081176758, 47.5473442078, -5.26082086563, 102.806549072, 17.2777557373, 20.6759147644, -17.4740962982], [-409.631561279, 126.042526245, 37.4531211853, 0.618966937065, 24.0718212128, 25.8535232544, 24.9016494751, -11.5334377289, 21.126039505, 17.2777557373, 80.0815963745, 6.53192615509, 28.2113780975], [199.852035522, -179.308654785, 14.2621536255, -1.40049815178, 7.54366827011, 1.87549054623, -13.208609581, 23.2015285492, -14.1828374863, 20.6759147644, 6.53192615509, 87.3632278442, 3.57501959801], [-396.581939697, 153.67767334, -25.1951961517, 3.77178287506, 3.13820743561, 5.72424459457, 23.0667514801, -2.20918607712, 21.4891281128, -17.4740962982, 28.2113780975, 3.57501959801, 77.5353088379]],
        "icov": [[0.000113420370326, -0.000222472241148, 0.00036978290882, -0.000207972378121, -9.40728477872e-06, -0.000130859058117, -8.88082795427e-05, -1.81224822882e-05, 0.000239030239754, -0.000429150852142, 0.000625251966994, -0.000725121411961, 0.000830270349979], [-0.000222472241148, 0.0018257049378, -0.000340688769938, 0.000804042676464, -0.000780434114859, 0.000185832526768, 3.79955381504e-05, 0.000420848606154, -0.000592383148614, 0.0020422404632, -0.0030777240172, 0.00406890921295, -0.00333112408407], [0.00036978290882, -0.000340688769938, 0.00332411914133, -0.000589269853663, -0.00169732479844, -0.000727879290935, -0.00126243871637, 5.38679705642e-05, 0.00121867086273, -0.0018675737083, 0.00116187322419, -0.00171303527895, 0.00307261478156], [-0.000207972378121, 0.000804042676464, -0.000589269853663, 0.0048736394383, 0.000181694456842, -0.00135542836506, 0.00131796509959, -0.00147654092871, -0.00135315547232, 0.00246182084084, -0.0020388700068, 0.00233153044246, -0.00186321313959], [-9.40728477872e-06, -0.000780434114859, -0.00169732479844, 0.000181694456842, 0.00520799076185, 5.47735617147e-05, -0.00173937436193, 0.000827941694297, -0.00192529626656, -0.000521645299159, 0.00142996932846, -0.00258238823153, 0.00127937365323], [-0.000130859058117, 0.000185832526768, -0.000727879290935, -0.00135542836506, 5.47735617147e-05, 0.00704415142536, -0.00122084910981, -0.00346120260656, 0.00410883547738, -0.00116650492419, -0.00345736253075, 0.00262898113579, -0.0017308461247], [-8.88082795427e-05, 3.79955381504e-05, -0.00126243871637, 0.00131796509959, -0.00173937436193, -0.00122084910981, 0.00968618132174, -0.000564736139495, -0.0034297129605, 0.00479170447215, -0.00193679600488, 0.000795866770204, -0.00104262155946], [-1.81224822882e-05, 0.000420848606154, 5.38679705642e-05, -0.00147654092871, 0.000827941694297, -0.00346120260656, -0.000564736139495, 0.014465989545, -0.00488945748657, -0.00512501969934, 0.00561003247276, -0.00298075773753, -0.00173897366039], [0.000239030239754, -0.000592383148614, 0.00121867086273, -0.00135315547232, -0.00192529626656, 0.00410883547738, -0.0034297129605, -0.00488945748657, 0.0148941306397, -0.00238472712226, -0.00221642828546, 0.00204075290821, -0.000438869232312], [-0.000429150852142, 0.0020422404632, -0.0018675737083, 0.00246182084084, -0.000521645299159, -0.00116650492419, 0.00479170447215, -0.00512501969934, -0.00238472712226, 0.0198074746877, -0.0102632241324, 0.00335467467085, 0.000270763179287], [0.000625251966994, -0.0030777240172, 0.00116187322419, -0.0020388700068, 0.00142996932846, -0.00345736253075, -0.00193679600488, 0.00561003247276, -0.00221642828546, -0.0102632241324, 0.0256409347057, -0.00965463090688, 0.000125301623484], [-0.000725121411961, 0.00406890921295, -0.00171303527895, 0.00233153044246, -0.00258238823153, 0.00262898113579, 0.000795866770204, -0.00298075773753, 0.00204075290821, 0.00335467467085, -0.00965463090688, 0.0235301181674, -0.010236589238], [0.000830270349979, -0.00333112408407, 0.00307261478156, -0.00186321313959, 0.00127937365323, -0.0017308461247, -0.00104262155946, -0.00173897366039, -0.000438869232312, 0.000270763179287, 0.000125301623484, -0.010236589238, 0.0257812440395]]
    },
    "melbands": {
        "dmean": [0.00159443716984, 0.0019280416891, 0.00115506979637, 0.00106886890717, 0.000361053331289, 0.000241393092438, 0.000156274501933, 0.000168313854374, 0.000166702491697, 0.000197610934265, 0.000123244913993, 0.000113330766908, 0.000151785716298, 6.10145689279e-05, 5.27055744897e-05, 3.87659820262e-05, 3.20253493555e-05, 2.57845513261e-05, 1.40084621307e-05, 1.51754966282e-05, 1.27670746224e-05, 1.01653085949e-05, 6.01245574217e-06, 4.32212755186e-06, 3.46667752638e-06, 3.32470244757e-06, 2.12465693039e-06, 1.744367637e-06, 1.37172526138e-06, 9.12462894576e-07, 7.85448378338e-07, 5.44022555005e-07, 4.66163072588e-07, 3.19821083394e-07, 2.70900045507e-07, 1.9750774527e-07, 1.60498544233e-07, 1.42144912729e-07, 1.2597324428e-07, 8.39748608428e-08],
        "dmean2": [0.00258943275549, 0.00322101241909, 0.00193111866247, 0.00169148866553, 0.000590053969063, 0.000397320371121, 0.000258631305769, 0.00026385448291, 0.000269015145022, 0.000309931929223, 0.000199995571165, 0.000183462558198, 0.00024397110974, 9.96002490865e-05, 8.21257563075e-05, 6.10794668319e-05, 5.23446578882e-05, 4.29480169259e-05, 2.2994219762e-05, 2.43406338996e-05, 2.06886124943e-05, 1.65376532095e-05, 9.82927485893e-06, 7.15389160177e-06, 5.73260285819e-06, 5.41367762708e-06, 3.3887954487e-06, 2.76959372059e-06, 2.18030345422e-06, 1.45603303281e-06, 1.22938467939e-06, 8.56785561609e-07, 7.53767892547e-07, 4.98901727042e-07, 4.31783860222e-07, 3.10674522552e-07, 2.51875206914e-07, 2.21501892383e-07, 1.97756676812e-07, 1.29664940118e-07],
        "dvar": [8.74937632034e-06, 1.08364611151e-05, 4.69127098768e-06, 2.73191335509e-06, 2.99874699294e-07, 1.92882623651e-07, 7.1022633108e-08, 6.63572379267e-08, 6.1742746027e-08, 8.07521871593e-08, 4.04087856509e-08, 4.05829112538e-08, 6.44799911242e-08, 1.86692830084e-08, 9.33285715377e-09, 4.02378441677e-09, 2.78791700836e-09, 1.88774129661e-09, 6.71015465414e-10, 1.1718608306e-09, 7.83136555604e-10, 7.96650745372e-10, 1.56189741696e-10, 7.72294173057e-11, 3.96724077201e-11, 5.27755547597e-11, 1.51045651681e-11, 1.09186583386e-11, 7.89499542131e-12, 3.22653904462e-12, 2.17928973478e-12, 1.13791333127e-12, 1.06479896515e-12, 4.09123445842e-13, 4.2538959551e-13, 1.99497902464e-13, 1.26180004487e-13, 9.74652081048e-14, 7.09577457013e-14, 3.45048154545e-14],
        "dvar2": [2.16075241042e-05, 2.91816031677e-05, 1.291614808e-05, 6.57360396872e-06, 7.69297059833e-07, 5.2503111192e-07, 1.86884747677e-07, 1.50527398546e-07, 1.52398868636e-07, 1.88848844118e-07, 1.02074608321e-07, 9.4685006502e-08, 1.59303127134e-07, 4.73055372652e-08, 2.28398082669e-08, 9.41956201927e-09, 6.89045220881e-09, 4.94741891899e-09, 1.61382773811e-09, 2.73648814719e-09, 1.85047699386e-09, 1.94612681526e-09, 3.96147697979e-10, 2.0379554988e-10, 1.00673316905e-10, 1.4059556297e-10, 3.56563077675e-11, 2.60163366544e-11, 1.93984186353e-11, 7.53227862027e-12, 4.91106807998e-12, 2.61715605784e-12, 2.57062795529e-12, 9.79560291388e-13, 1.09360480741e-12, 4.91699129329e-13, 3.13477813586e-13, 2.37512429429e-13, 1.72843835598e-13, 8.08186186702e-14],
        "max": [0.0536470152438, 0.0473997667432, 0.0340442359447, 0.0260743349791, 0.0111768813804, 0.00710752652958, 0.00513150868937, 0.00695655494928, 0.00747700640932, 0.00498735392466, 0.00716190319508, 0.00453820591792, 0.00594221660867, 0.00295802298933, 0.00269742845558, 0.00136803917121, 0.000883352418896, 0.000588805007283, 0.000554353056941, 0.00105532992166, 0.000554079888389, 0.000581103900913, 0.000225795025472, 0.00019542456721, 0.000112748864922, 0.000180266200914, 5.96190657234e-05, 9.21037426451e-05, 0.00010793311958, 3.552027556e-05, 3.51960370608e-05, 1.37785782499e-05, 1.443396377e-05, 1.19157293739e-05, 1.50213481902e-05, 7.9432329585e-06, 6.15898079559e-06, 5.41721692571e-06, 4.8778197197e-06, 4.78850415675e-06],
        "mean": [0.00265955342911, 0.00335129792802, 0.00214783707634, 0.00201317085885, 0.000701406272128, 0.000407656712923, 0.000249829376116, 0.000300203362713, 0.000288270937745, 0.000361782673281, 0.000210354744922, 0.000190925711649, 0.000235993415117, 8.99491205928e-05, 9.33448391152e-05, 7.2370392445e-05, 5.36388542969e-05, 3.91826288251e-05, 2.35835959757e-05, 2.52683585131e-05, 1.95950742636e-05, 1.56529567903e-05, 9.80113600235e-06, 7.01849785401e-06, 5.5248569879e-06, 5.37441110282e-06, 3.50234108737e-06, 2.66306597041e-06, 2.18018431042e-06, 1.49598042753e-06, 1.3506992218e-06, 8.83366965354e-07, 6.88622776579e-07, 5.42958844107e-07, 4.50186064427e-07, 3.28979496089e-07, 2.67226056394e-07, 2.22660020199e-07, 1.75638646738e-07, 1.20048881058e-07],
        "median": [0.00110670283902, 0.00185209698975, 0.00148758781143, 0.00116731144954, 0.000457393820398, 0.000249898002949, 0.000154318506247, 0.000182577539817, 0.00017096287047, 0.0002185117919, 0.000124622398289, 0.000114518887131, 0.000118159790873, 3.80368583137e-05, 4.55918197986e-05, 3.81246500183e-05, 3.04731038341e-05, 2.0630292056e-05, 1.27395423988e-05, 1.13049709398e-05, 9.24071173358e-06, 6.05637569606e-06, 5.02929287904e-06, 3.56868099516e-06, 2.69336010206e-06, 2.51854066846e-06, 1.70551311385e-06, 1.25266660689e-06, 1.02126455204e-06, 6.73471504342e-07, 6.15604221821e-07, 3.7433588318e-07, 2.51715619015e-07, 1.77604704277e-07, 1.35891411901e-07, 9.77022978077e-08, 7.0989862877e-08, 5.3847731607e-08, 3.81762781387e-08, 2.56038834578e-08],
        "min": [1.35481200395e-24, 1.12298530821e-24, 1.13282910902e-24, 9.14683726566e-25, 1.98746543373e-24, 2.56629370066e-24, 2.10119314385e-24, 6.85028469078e-25, 1.88151510327e-24, 1.85394086476e-24, 2.27064046629e-24, 2.71053869211e-24, 2.66331471731e-24, 2.66318810514e-24, 2.68786446312e-24, 2.08170472962e-24, 2.49784897308e-24, 3.37710446335e-24, 2.96564191215e-24, 2.95049933264e-24, 3.94031565094e-24, 3.62722346297e-24, 4.30636525476e-24, 3.93389392874e-24, 2.98266198061e-24, 3.76745729394e-24, 4.48538343214e-24, 3.61060255813e-24, 5.28981842378e-24, 4.28725707148e-24, 4.89260092559e-24, 5.87762313895e-24, 4.48954625113e-24, 6.03896925432e-24, 5.10747756427e-24, 5.4436230289e-24, 5.24538741101e-24, 6.41206338603e-24, 5.40296395455e-24, 6.84943863746e-24],
        "var": [1.83047359315e-05, 1.82699877769e-05, 5.873095688e-06, 5.58535839446e-06, 6.78092078488e-07, 2.59673043956e-07, 9.51118508397e-08, 1.45704788679e-07, 1.29143430172e-07, 1.91481447587e-07, 7.49484883045e-08, 7.54393028046e-08, 1.13025464543e-07, 2.63485233631e-08, 1.81990191805e-08, 9.09628194989e-09, 4.83255169215e-09, 2.68381228352e-09, 1.23483367975e-09, 2.54960674795e-09, 1.31147170901e-09, 1.20264265213e-09, 2.28405239167e-10, 1.25759833103e-10, 6.28161550553e-11, 7.46599587709e-11, 2.79466345898e-11, 1.62126111147e-11, 1.24294238096e-11, 5.65750397918e-12, 4.23535512217e-12, 1.88338971155e-12, 1.44056750036e-12, 8.78643457904e-13, 8.24346450476e-13, 3.76398754829e-13, 2.66591219586e-13, 1.76741583066e-13, 1.0767255143e-13, 5.62817479254e-14]
    },
    "mfcc": {
        "mean": [-658.697875977, 169.640716553, -4.97032785416, 18.1448764801, -0.530541598797, 10.0030126572, 4.10606813431, 5.77288579941, 1.44963419437, 2.24162864685, -3.22721600533, -2.7569231987, -5.45341444016],
        "cov": [[9874.32910156, 214.030349731, -869.19909668, 133.27243042, -163.023071289, -13.5356483459, -91.8046417236, -35.5816802979, -107.038490295, -41.3080596924, -34.4385070801, -2.00964307785, -42.9297447205], [214.030349731, 1701.50817871, -55.4562263489, 0.485134422779, 62.7523612976, 83.9388198853, 75.5230102539, 28.8455219269, 36.716091156, 33.8916091919, -5.16407966614, -7.90956068039, -18.2514266968], [-869.19909668, -55.4562263489, 501.957702637, 12.9083538055, 93.9167175293, 79.3748397827, 98.9769973755, 30.5699214935, 6.51481533051, 28.5203971863, 40.0996932983, 14.172908783, 6.27360153198], [133.27243042, 0.485134422779, 12.9083538055, 202.439788818, 47.0193443298, 9.26439189911, -11.9415788651, 35.8793334961, 30.0231266022, 14.4082603455, 4.15709161758, 3.87849140167, -2.92104172707], [-163.023071289, 62.7523612976, 93.9167175293, 47.0193443298, 198.049804688, 61.4665298462, 49.7715759277, 23.5332431793, 18.0338058472, 25.9078025818, 32.7485427856, 7.36000299454, 11.9351806641], [-13.5356483459, 83.9388198853, 79.3748397827, 9.26439189911, 61.4665298462, 132.338760376, 80.0883178711, 31.6940441132, 2.89166283607, 19.3310222626, 10.4295473099, 12.0378036499, 5.80172252655], [-91.8046417236, 75.5230102539, 98.9769973755, -11.9415788651, 49.7715759277, 80.0883178711, 140.668685913, 36.6262817383, 14.4294223785, 7.39548826218, 13.2016868591, 12.1311244965, 15.302482605], [-35.5816802979, 28.8455219269, 30.5699214935, 35.8793334961, 23.5332431793, 31.6940441132, 36.6262817383, 104.749771118, 42.521938324, 13.2273283005, -6.97538137436, 1.01275277138, 10.4159612656], [-107.038490295, 36.716091156, 6.51481533051, 30.0231266022, 18.0338058472, 2.89166283607, 14.4294223785, 42.521938324, 87.0928955078, 32.93907547, 2.82893872261, -2.30733776093, 12.4554281235], [-41.3080596924, 33.8916091919, 28.5203971863, 14.4082603455, 25.9078025818, 19.3310222626, 7.39548826218, 13.2273283005, 32.93907547, 76.603187561, 34.3488082886, 9.3362865448, 1.98334980011], [-34.4385070801, -5.16407966614, 40.0996932983, 4.15709161758, 32.7485427856, 10.4295473099, 13.2016868591, -6.97538137436, 2.82893872261, 34.3488082886, 69.2724990845, 27.0357532501, -0.372638255358], [-2.00964307785, -7.90956068039, 14.172908783, 3.87849140167, 7.36000299454, 12.0378036499, 12.1311244965, 1.01275277138, -2.30733776093, 9.3362865448, 27.0357532501, 52.7734718323, 17.9416694641], [-42.9297447205, -18.2514266968, 6.27360153198, -2.92104172707, 11.9351806641, 5.80172252655, 15.302482605, 10.4159612656, 12.4554281235, 1.98334980011, -0.372638255358, 17.9416694641, 53.6937561035]],
