{
"lowlevel": {
    "average_loudness": 0.954365253448,
    "barkbands_crest": {
        "dmean": 2.33712983131,
        "dmean2": 3.63993668556,
        "dvar": 6.2921538353,
        "dvar2": 14.23092556,
        "max": 21.2734451294,
        "mean": 12.4860210419,
        "median": 12.3280439377,
        "min": 2.08479356766,
        "var": 18.4943943024
    },
    "barkbands_flatness_db": {
        "dmean": 0.0267559960485,
        "dmean2": 0.0392298810184,
        "dvar": 0.000806514406577,
        "dvar2": 0.00137905857991,
        "max": 0.320223867893,
        "mean": 0.10472599417,
        "median": 0.10418099165,
        "min": 0.0155138196424,
        "var": 0.00185420224443
    },
    "barkbands_kurtosis": {
        "dmean": 1.67550969124,
        "dmean2": 2.74834060669,
        "dvar": 9.8989982605,
        "dvar2": 22.2359294891,
        "max": 36.5220718384,
        "mean": 2.07596611977,
        "median": 0.910751581192,
        "min": -1.74330508709,
        "var": 15.7680864334
    },
    "barkbands_skewness": {
        "dmean": 0.404782265425,
        "dmean2": 0.641705989838,
        "dvar": 0.294746011496,
        "dvar2": 0.612402439117,
        "max": 5.26833772659,
        "mean": 1.20040082932,
        "median": 1.09318375587,
        "min": -2.09069037437,
        "var": 0.926880002022
    },
    "barkbands_spread": {
        "dmean": 9.94865608215,
        "dmean2": 15.5298223495,
        "dvar": 143.227645874,
        "dvar2": 263.932525635,
        "max": 110.613525391,
        "mean": 39.6191978455,
        "median": 36.5640411377,
        "min": 5.228474617,
        "var": 360.416809082
    },
    "dissonance": {
        "dmean": 0.0259118732065,
        "dmean2": 0.0426890216768,
        "dvar": 0.000834087142721,
        "dvar2": 0.00212044687942,
        "max": 0.500000119209,
        "mean": 0.458033174276,
        "median": 0.468120932579,
        "min": 0.209062188864,
        "var": 0.00129688158631
    },
    "dynamic_complexity": 2.30279135704,
    "erbbands_crest": {
        "dmean": 3.51495099068,
        "dmean2": 5.15974807739,
        "dvar": 16.8901138306,
        "dvar2": 28.382478714,
        "max": 33.1164207458,
        "mean": 11.5816297531,
        "median": 9.70837402344,
        "min": 2.16107988358,
        "var": 51.8925743103
    },
    "erbbands_flatness_db": {
        "dmean": 0.0228026509285,
        "dmean2": 0.0324116945267,
        "dvar": 0.000627194298431,
        "dvar2": 0.000973911373876,
        "max": 0.37399533391,
        "mean": 0.123042717576,
        "median": 0.112578168511,
        "min": 0.0487667433918,
        "var": 0.00179892475717
    },
    "erbbands_kurtosis": {
        "dmean": 1.50147032738,
        "dmean2": 2.26348924637,
        "dvar": 7.87858390808,
        "dvar2": 13.3514919281,
        "max": 31.8988227844,
        "mean": 1.48195672035,
        "median": 0.152422189713,
        "min": -1.39864182472,
        "var": 14.8633594513
    },
    "erbbands_skewness": {
        "dmean": 0.34875357151,
        "dmean2": 0.515161335468,
        "dvar": 0.187000244856,
        "dvar2": 0.318764775991,
        "max": 4.4991569519,
        "mean": 0.81019026041,
        "median": 0.713852405548,
        "min": -1.40066194534,
        "var": 0.586643755436
    },
    "erbbands_spread": {
        "dmean": 9.12905979156,
        "dmean2": 13.7650938034,
        "dvar": 81.7869262695,
        "dvar2": 146.636016846,
        "max": 89.9786071777,
        "mean": 38.3564109802,
        "median": 39.7251281738,
        "min": 3.11918830872,
        "var": 233.034301758
    },
    "hfc": {
        "dmean": 21.9617023468,
        "dmean2": 30.290391922,
        "dvar": 586.307861328,
        "dvar2": 947.132446289,
        "max": 160.619949341,
        "mean": 44.1087722778,
        "median": 33.3479423523,
        "min": 1.10953295747e-16,
        "var": 1274.09594727
    },
    "melbands_crest": {
        "dmean": 2.52167201042,
        "dmean2": 3.99765896797,
        "dvar": 6.99982738495,
        "dvar2": 16.2123088837,
        "max": 31.800617218,
        "mean": 11.6740159988,
        "median": 11.0818214417,
        "min": 1.67351925373,
        "var": 17.156419754
    },
    "melbands_flatness_db": {
        "dmean": 0.0273546613753,
        "dmean2": 0.0398315191269,
        "dvar": 0.000977114774287,
        "dvar2": 0.00152437970974,
        "max": 0.326362937689,
        "mean": 0.135029539466,
        "median": 0.134156256914,
        "min": 0.00346636888571,
        "var": 0.00250408542342
    },
    "melbands_kurtosis": {
        "dmean": 2.40595459938,
        "dmean2": 3.81863260269,
        "dvar": 14.1698980331,
        "dvar2": 32.0155639648,
        "max": 53.0125350952,
        "mean": 4.80249786377,
        "median": 3.5408000946,
        "min": -1.48528289795,
        "var": 27.2916164398
    },
    "melbands_skewness": {
        "dmean": 0.47532081604,
        "dmean2": 0.720022261143,
        "dvar": 0.282918423414,
        "dvar2": 0.546406924725,
        "max": 5.86470890045,
        "mean": 1.45273244381,
        "median": 1.43159008026,
        "min": -2.34766077995,
        "var": 0.878048062325
    },
    "melbands_spread": {
        "dmean": 10.0855083466,
        "dmean2": 15.4346446991,
        "dvar": 177.333908081,
        "dvar2": 346.362945557,
        "max": 169.80682373,
        "mean": 40.1308135986,
        "median": 35.1547775269,
        "min": 4.64431381226,
        "var": 568.804199219
    },
    "pitch_salience": {
        "dmean": 0.0606608688831,
        "dmean2": 0.0951578840613,
        "dvar": 0.00467461487278,
        "dvar2": 0.0113512277603,
        "max": 0.958140194416,
        "mean": 0.492506235838,
        "median": 0.471031159163,
        "min": 0.251705884933,
        "var": 0.0119114033878
    },
    "silence_rate_20dB": {
        "dmean": 0,
        "dmean2": 0,
        "dvar": 0,
        "dvar2": 0,
        "max": 1,
        "mean": 1,
        "median": 1,
        "min": 1,
        "var": 0
    },
    "silence_rate_30dB": {
        "dmean": 0.0230120178312,
        "dmean2": 0.0460358038545,
        "dvar": 0.0224815513939,
        "dvar2": 0.058751616627,
        "max": 1,
        "mean": 0.982106328011,
        "median": 1,
        "min": 0,
        "var": 0.0175736397505
    },
    "silence_rate_60dB": {
        "dmean": 0.0184096135199,
        "dmean2": 0.0368286445737,
        "dvar": 0.0180692262948,
        "dvar2": 0.0482615977526,
        "max": 1,
        "mean": 0.0199386496097,
        "median": 0,
        "min": 0,
        "var": 0.0195403210819
    },
    "spectral_centroid": {
        "dmean": 304.616210938,
        "dmean2": 481.581268311,
        "dvar": 154063.578125,
        "dvar2": 284240.6875,
        "max": 11602.3076172,
        "mean": 1745.25549316,
        "median": 1648.48022461,
        "min": 527.815246582,
        "var": 740847.3125
    },
    "spectral_complexity": {
        "dmean": 8.14369773865,
        "dmean2": 11.4491052628,
        "dvar": 72.840461731,
        "dvar2": 103.211631775,
        "max": 60,
        "mean": 20.9394168854,
        "median": 17,
        "min": 0,
        "var": 177.087097168
    },
    "spectral_decrease": {
        "dmean": 3.99206578905e-09,
        "dmean2": 5.91847193476e-09,
        "dvar": 2.84332747653e-17,
        "dvar2": 4.40475529069e-17,
        "max": 1.49993000924e-28,
        "mean": -1.11137277159e-08,
        "median": -8.61727933454e-09,
        "min": -4.43172893938e-08,
        "var": 7.76122194411e-17
    },
    "spectral_energy": {
        "dmean": 0.0168506354094,
        "dmean2": 0.0246476940811,
        "dvar": 0.000469024118502,
        "dvar2": 0.000722206314094,
        "max": 0.175049349666,
        "mean": 0.0459464527667,
        "median": 0.0365425609052,
        "min": 1.05693931732e-20,
        "var": 0.0012572092237
    },
    "spectral_energyband_high": {
        "dmean": 0.00168117613066,
        "dmean2": 0.00235689315014,
        "dvar": 3.70474663214e-06,
        "dvar2": 5.3232861319e-06,
        "max": 0.0122813479975,
        "mean": 0.00297439331189,
        "median": 0.00171658140607,
        "min": 7.36420885559e-21,
        "var": 8.16732335807e-06
    },
    "spectral_energyband_low": {
        "dmean": 0.00310303946026,
        "dmean2": 0.00516844866797,
        "dvar": 1.92009811144e-05,
        "dvar2": 4.10064239986e-05,
        "max": 0.039813041687,
        "mean": 0.00729497801512,
        "median": 0.00487839430571,
        "min": 3.50203912592e-23,
        "var": 3.89427914342e-05
    },
    "spectral_energyband_middle_high": {
        "dmean": 0.00368712772615,
        "dmean2": 0.00548838218674,
        "dvar": 2.05778578675e-05,
        "dvar2": 4.11557630287e-05,
        "max": 0.0454945713282,
        "mean": 0.00838376674801,
        "median": 0.00763205531985,
        "min": 1.32054497643e-21,
        "var": 4.49944491265e-05
    },
    "spectral_energyband_middle_low": {
        "dmean": 0.00478229671717,
        "dmean2": 0.00716280983761,
        "dvar": 4.19041716668e-05,
        "dvar2": 7.06282517058e-05,
        "max": 0.0528637543321,
        "mean": 0.0113987224177,
        "median": 0.00746284332126,
        "min": 2.04637738469e-22,
        "var": 0.000113062451419
    },
    "spectral_entropy": {
        "dmean": 0.28476524353,
        "dmean2": 0.406614750624,
        "dvar": 0.0877942964435,
        "dvar2": 0.130223065615,
        "max": 9.82028007507,
        "mean": 7.9256772995,
        "median": 8.02969455719,
        "min": 5.76418733597,
        "var": 0.22604689002
    },
    "spectral_flux": {
        "dmean": 0.0450242869556,
        "dmean2": 0.0714578032494,
        "dvar": 0.00205868319608,
        "dvar2": 0.00532208103687,
        "max": 0.311335325241,
        "mean": 0.0905816257,
        "median": 0.0814569965005,
        "min": 6.50773948618e-11,
        "var": 0.00295786536299
    },
    "spectral_kurtosis": {
        "dmean": 0.83160763979,
        "dmean2": 1.29542660713,
        "dvar": 0.859625399113,
        "dvar2": 1.83079993725,
        "max": 10.7835741043,
        "mean": 2.78246855736,
        "median": 2.56841230392,
        "min": -1.2446641922,
        "var": 1.6018024683
    },
    "spectral_rms": {
        "dmean": 0.00133119837847,
        "dmean2": 0.00198253965937,
        "dvar": 2.54291603596e-06,
        "dvar2": 4.3270219976e-06,
        "max": 0.0130682764575,
        "mean": 0.00616772845387,
        "median": 0.00597086921334,
        "min": 3.21116852726e-12,
        "var": 6.78494961903e-06
    },
    "spectral_rolloff": {
        "dmean": 810.839294434,
        "dmean2": 1410.54345703,
        "dvar": 2731230.5,
        "dvar2": 5612121,
        "max": 19379.8828125,
        "mean": 2119.34423828,
        "median": 1184.32617188,
        "min": 86.1328125,
        "var": 7573628.5
    },
    "spectral_skewness": {
        "dmean": 0.164984628558,
        "dmean2": 0.250203996897,
        "dvar": 0.031426474452,
        "dvar2": 0.0608825869858,
        "max": 2.79430103302,
        "mean": 1.47832620144,
        "median": 1.45570898056,
        "min": -0.0711570605636,
        "var": 0.0738631859422
    },
    "spectral_spread": {
        "dmean": 733198.125,
        "dmean2": 1149069.25,
        "dvar": 1.25732808294e+12,
        "dvar2": 2.73039255142e+12,
        "max": 41933816,
        "mean": 7120788.5,
        "median": 6958857,
        "min": 4184032.75,
        "var": 5.89268569293e+12
    },
    "spectral_strongpeak": {
        "dmean": 0.198516175151,
        "dmean2": 0.367861032486,
        "dvar": 0.609103143215,
        "dvar2": 1.48886179924,
        "max": 6.57415246964,
        "mean": 0.209712743759,
        "median": 0,
        "min": 0,
        "var": 0.754852414131
    },
    "zerocrossingrate": {
        "dmean": 0.0273318886757,
        "dmean2": 0.0303994417191,
        "dvar": 0.000787830795161,
        "dvar2": 0.00108565355185,
        "max": 0.5224609375,
        "mean": 0.0971275269985,
        "median": 0.080078125,
        "min": 0.0029296875,
        "var": 0.00516321370378
    },
    "barkbands": {
        "dmean": [0.00867361482233, 0.000943866034504, 0.000383752310881, 0.000497836444993, 0.000956315896474, 0.00159712636378, 0.000711323518772, 0.000898428203072, 0.00112740509212, 0.00115397677291, 0.000467443082016, 0.000671493995469, 0.000450116000138, 0.000806125754025, 0.000494171632454, 0.000354400253855, 0.000265169335762, 0.000214479878196, 0.000183435127838, 0.000223748225835, 0.000242577691097, 0.000241864545387, 0.000233272381593, 0.000277248414932, 0.000319417566061, 0.000385606370401, 3.31904229824e-05],
        "dmean2": [0.0129588292912, 0.00170774105936, 0.000654668139759, 0.000862144690473, 0.00156608177349, 0.00255521503277, 0.00114236073568, 0.00138316641096, 0.0017551764613, 0.00178547797259, 0.000731146952603, 0.0010296338005, 0.000668619119097, 0.00125402898993, 0.000767362944316, 0.000545901129954, 0.000402559555368, 0.000323840766214, 0.000277061277302, 0.000324603053741, 0.000352343457052, 0.000345288543031, 0.000344315980328, 0.000388547196053, 0.000466514204163, 0.000561751134228, 5.18449742231e-05],
        "dvar": [0.000173264241312, 2.13510929825e-06, 4.46578610536e-07, 6.94001812462e-07, 2.21468326345e-06, 7.3048026934e-06, 1.62821220329e-06, 2.12551094592e-06, 2.92386448564e-06, 3.03705701299e-06, 6.399845347e-07, 2.31111835092e-06, 1.1611756463e-06, 2.360778808e-06, 1.29935529003e-06, 4.27740872055e-07, 1.90794068544e-07, 7.78829516435e-08, 5.03155348497e-08, 6.63952519631e-08, 8.34852187381e-08, 7.74360415789e-08, 7.48910977677e-08, 9.84523325087e-08, 1.34514408501e-07, 2.02430058494e-07, 1.96464911006e-09],
        "dvar2": [0.000282501656329, 5.84576173424e-06, 1.16344733669e-06, 1.8847854335e-06, 5.30584429725e-06, 1.40859629028e-05, 3.35997196999e-06, 4.27087479693e-06, 5.79667039347e-06, 5.97815278525e-06, 1.4039673033e-06, 4.66016035716e-06, 2.28619819609e-06, 5.29037242814e-06, 3.1911295082e-06, 1.02285514458e-06, 4.04211675686e-07, 1.58696920494e-07, 1.07884197575e-07, 1.23823326703e-07, 1.52520769348e-07, 1.39170907687e-07, 1.36270287499e-07, 1.58441693543e-07, 2.1105529413e-07, 3.24795195183e-07, 4.42488357066e-09],
        "max": [0.128082066774, 0.0158725120127, 0.00949106831104, 0.0119673758745, 0.0176005642861, 0.0197591744363, 0.0248799659312, 0.0272605679929, 0.0242838449776, 0.0195599962026, 0.00955497473478, 0.0274426434189, 0.0158783271909, 0.0118312463164, 0.0147890551016, 0.015767512843, 0.00749269267544, 0.00351659324951, 0.00217180303298, 0.00235890410841, 0.00250724214129, 0.00245581474155, 0.00214373972267, 0.00263188662939, 0.0022916761227, 0.00291028036736, 0.000454471504781],
        "mean": [0.0221320409328, 0.00104482576717, 0.000442206306616, 0.000791649741586, 0.00141505408101, 0.00265498296358, 0.00133131572511, 0.00188920472283, 0.00223880750127, 0.00269209826365, 0.000851496704854, 0.00129891035613, 0.000605153851211, 0.00110365729779, 0.000745509983972, 0.00052967708325, 0.000378728378564, 0.000355294760084, 0.000312109361403, 0.00036212959094, 0.000391088658944, 0.000404887192417, 0.00037052037078, 0.000441498443251, 0.000509483390488, 0.000614902703092, 3.92525471398e-05],
        "median": [0.0132225826383, 0.000712965382263, 0.00022300001001, 0.000715269590728, 0.000960937177297, 0.000876073143445, 0.000573733239435, 0.000475538196042, 0.000834932434373, 0.000908448477276, 0.000271018885542, 0.000168257189216, 0.000110697452328, 0.000203715462703, 0.000185891040019, 0.00024411486811, 0.000167727441294, 0.000221821828745, 0.000194344000192, 0.000261164095718, 0.000252278958214, 0.000271290482488, 0.000224060699111, 0.000249701959547, 0.000244392926106, 0.000268721370958, 1.46099609992e-05],
        "min": [9.53322725349e-25, 3.80642189506e-24, 2.71315810475e-24, 5.73434746033e-24, 1.33691444606e-23, 2.0794144692e-23, 7.26073809167e-24, 1.39420278717e-23, 2.5937137563e-23, 2.03967370783e-23, 1.409561909e-23, 2.26951811444e-23, 4.35717223579e-23, 5.49175679698e-23, 6.00301313203e-23, 7.66038906797e-23, 4.51478538248e-23, 8.32184956809e-23, 1.81580508035e-22, 2.44289749829e-22, 2.50199113181e-22, 4.1834866477e-22, 5.18492398364e-22, 6.51951457169e-22, 9.93050015338e-22, 1.44266579424e-21, 2.04711792945e-21],
        "var": [0.000503681425471, 1.85927763141e-06, 4.45419090056e-07, 6.70375698064e-07, 2.63945253209e-06, 1.51589183588e-05, 5.70433530811e-06, 9.13843905437e-06, 9.87242037809e-06, 1.28484480229e-05, 1.64407128977e-06, 7.32579019314e-06, 2.15411819227e-06, 3.87772752219e-06, 2.22892117563e-06, 5.64827075777e-07, 3.03714955407e-07, 1.54927334961e-07, 1.13598353835e-07, 1.29948219296e-07, 1.727647998e-07, 1.60074350219e-07, 1.42995688179e-07, 2.11784637827e-07, 2.77949993688e-07, 4.07588089502e-07, 2.71769495797e-09]
    },
    "erbbands": {
        "dmean": [0.0504156351089, 0.172490909696, 0.403422474861, 1.09559631348, 2.01053071022, 3.61076974869, 9.73002243042, 12.1726970673, 10.9931659698, 9.56558799744, 25.2725334167, 23.7282924652, 40.9137268066, 29.5296726227, 16.1252613068, 29.1119709015, 24.9557952881, 40.9318618774, 27.0981884003, 18.8746051788, 17.8222732544, 15.0740070343, 11.4181842804, 8.95125293732, 9.80728721619, 10.7871732712, 10.8079929352, 9.18988800049, 8.5261516571, 7.37796878815, 6.62467861176, 6.00250530243, 4.70187711716, 3.46436285973, 2.43418359756, 1.46349990368, 0.735962629318, 0.170484542847, 0.00333674252033, 0.000113440473797],
        "dmean2": [0.0900853574276, 0.306643515825, 0.682639658451, 1.89343297482, 3.40944027901, 6.0237827301, 15.3059492111, 20.0587615967, 17.6697731018, 15.5685987473, 38.5304298401, 36.5855789185, 63.6624336243, 44.617641449, 24.5795478821, 44.1308174133, 36.8902587891, 63.3283653259, 42.2493591309, 29.235742569, 27.2161846161, 22.4575710297, 16.9158267975, 13.3039302826, 14.7930011749, 15.7237863541, 16.019733429, 13.3112564087, 12.1616983414, 10.8241138458, 9.71626186371, 8.43590354919, 6.75327301025, 5.11618280411, 3.54782390594, 2.10550451279, 1.0818310976, 0.251702219248, 0.00490692909807, 0.000159627263201],
        "dvar": [0.0058974744752, 0.0751236528158, 0.466059863567, 3.52766895294, 11.7520723343, 39.8815383911, 265.733551025, 445.152038574, 341.846130371, 331.429718018, 1816.75866699, 1731.34790039, 4749.00683594, 2668.21557617, 955.676391602, 4453.60058594, 3285.63989258, 6323.30078125, 2343.3762207, 1268.46984863, 729.929870605, 541.536437988, 222.095535278, 126.652137756, 144.131134033, 152.913101196, 170.957611084, 125.974868774, 98.0166854858, 71.5477600098, 60.5791168213, 46.9508209229, 28.8808956146, 15.9098033905, 7.67969036102, 2.84521079063, 0.735284984112, 0.0402916818857, 1.53636137838e-05, 1.57704711512e-08],
        "dvar2": [0.0155014805496, 0.202330797911, 1.18891584873, 9.48485946655, 28.6531009674, 102.697151184, 490.174102783, 975.768981934, 680.620422363, 762.790405273, 3458.16967773, 3322.97167969, 9313.55664062, 5163.1171875, 1994.93286133, 8849.33300781, 6434.29931641, 14198.7539062, 5604.59863281, 3039.84375, 1656.16271973, 1157.79602051, 457.765869141, 251.354278564, 302.172149658, 285.831420898, 327.168365479, 232.746002197, 171.70993042, 130.882095337, 110.295646667, 80.3580474854, 48.2446861267, 27.0571956635, 12.2240562439, 4.61126995087, 1.25554418564, 0.0722147598863, 2.75015590887e-05, 2.54912126962e-08],
        "max": [0.78743070364, 4.04862451553, 8.98622703552, 29.964384079, 34.0004730225, 97.7661895752, 145.053421021, 189.989227295, 301.684753418, 281.859710693, 863.186340332, 775.588134766, 1257.83703613, 829.549133301, 432.880310059, 1257.52172852, 858.524902344, 729.869934082, 620.717041016, 671.352355957, 380.562591553, 398.300476074, 170.579376221, 141.10697937, 132.339065552, 118.92552948, 125.92905426, 111.149513245, 101.495765686, 63.0438957214, 59.8313560486, 59.9000091553, 44.9858055115, 28.1801509857, 19.0908813477, 14.2156476974, 5.89468669891, 1.51270401478, 0.0303170401603, 0.000875255733263],
        "mean": [0.0806707069278, 0.215142995119, 0.522261023521, 1.79143428802, 3.09367537498, 4.86262702942, 16.8250675201, 18.3757686615, 20.2902240753, 17.3691959381, 55.4118652344, 48.9230613708, 82.5821762085, 76.4128646851, 27.2305850983, 57.8838195801, 39.4536933899, 58.0268745422, 41.1573867798, 29.0090084076, 27.1458072662, 23.3014202118, 18.4068317413, 14.5924282074, 17.4619903564, 18.0864582062, 17.6993980408, 14.4483890533, 14.0207166672, 11.7954120636, 10.3490629196, 9.50986194611, 7.33894205093, 5.43929862976, 3.76710009575, 2.28869438171, 1.14536190033, 0.249272823334, 0.00488330656663, 0.000200852460694],
        "median": [0.0516887120903, 0.14816634357, 0.305839627981, 1.48324155807, 1.99280905724, 3.3997297287, 6.81723690033, 6.06393671036, 7.78030967712, 7.79655647278, 14.5334415436, 17.7645130157, 24.6274299622, 20.4163856506, 12.5080871582, 10.2376651764, 11.6659317017, 13.4010734558, 16.8791942596, 12.158203125, 14.6857690811, 12.8477306366, 11.2529964447, 9.93535804749, 11.8632087708, 13.117814064, 11.4347772598, 9.12703323364, 9.29870414734, 7.79841709137, 5.91919517517, 5.57082509995, 3.84672641754, 2.67901515961, 1.79310083389, 1.07641386986, 0.508385181427, 0.105629503727, 0.00208406546153, 0.000122571567772],
        "min": [1.40284081409e-22, 9.5558616529e-22, 3.96497071283e-21, 1.97054972178e-20, 1.57904546098e-20, 4.17612051952e-20, 5.20478649654e-20, 1.85647104631e-19, 1.40077918556e-19, 3.00633701302e-19, 3.0022248914e-19, 6.4949782258e-19, 8.48392366892e-19, 9.33149583454e-19, 7.6698486992e-19, 1.27283895342e-18, 2.13079347649e-18, 1.93585947295e-18, 3.18707127227e-18, 4.21137212672e-18, 5.46583950213e-18, 3.67135098613e-18, 6.20536916185e-18, 5.98257013181e-18, 1.01246013621e-17, 1.08750179595e-17, 1.35102383744e-17, 1.06266363011e-17, 1.40196046151e-17, 1.33445309367e-17, 1.38109358979e-17, 1.25249620401e-17, 1.2759065734e-17, 9.46962155515e-18, 7.02211240943e-18, 4.6955701565e-18, 2.62985221956e-18, 1.17332747137e-18, 2.60274034101e-19, 3.05141176481e-20],
        "var": [0.00683005200699, 0.0748898386955, 0.506095945835, 3.52680134773, 12.7825050354, 41.5533981323, 614.512268066, 742.003051758, 1012.55767822, 810.14855957, 8642.51660156, 6436.64111328, 16959.1796875, 16478.5039062, 1792.40795898, 14502.1074219, 6338.86669922, 10544.8125, 4094.01171875, 1835.24462891, 1069.76452637, 874.058105469, 417.933563232, 231.847946167, 339.347229004, 309.227416992, 353.808258057, 240.56729126, 203.386047363, 140.743667603, 115.195022583, 97.6622085571, 59.8873252869, 31.6379203796, 15.8381204605, 5.83256912231, 1.43326675892, 0.0752025842667, 2.89030285785e-05, 3.37640919668e-08]
    },
    "gfcc": {
        "mean": [39.3938713074, 32.7328681946, -98.3319091797, 11.5826692581, -62.0695152283, 16.5298023224, -38.1111602783, 15.3503923416, -26.942943573, 11.936378479, -22.9775352478, 9.70160293579, -10.8887023926],
        "cov": [[15002.7089844, -28.3642539978, -631.424316406, -159.780563354, -728.947937012, 3.00014638901, -342.869110107, 170.606079102, -176.307144165, 122.382003784, -249.427566528, 102.999893188, -38.4362831116], [-28.3642539978, 992.751708984, 134.081359863, 50.1133270264, -51.356678009, -90.87940979, -6.47108268738, -33.6442451477, -9.55505752563, -65.9924316406, -7.35522174835, -13.1027755737, 31.1321773529], [-631.424316406, 134.081359863, 256.253967285, 96.1672821045, 35.1925125122, -51.994884491, -6.89184761047, -34.2101325989, -6.8562374115, -24.6185073853, 1.47863447666, 1.80759501457, 3.18325185776], [-159.780563354, 50.1133270264, 96.1672821045, 143.902267456, 90.2631988525, 39.8362731934, -22.4853630066, -46.5916099548, -26.0508766174, 6.59004116058, 2.37869524956, -15.7705450058, -9.96666908264], [-728.947937012, -51.356678009, 35.1925125122, 90.2631988525, 168.010757446, 97.2088165283, 14.5076007843, -59.592918396, -18.1944961548, 22.2236061096, 36.0836334229, -18.2994670868, -15.309006691], [3.00014638901, -90.87940979, -51.994884491, 39.8362731934, 97.2088165283, 130.958389282, 34.5260009766, -30.9521579742, -45.7311286926, 12.9089889526, 29.9259643555, 3.02621030807, -24.4529724121], [-342.869110107, -6.47108268738, -6.89184761047, -22.4853630066, 14.5076007843, 34.5260009766, 75.7852325439, 30.5313987732, -15.1824836731, -38.2082138062, 6.37556219101, 18.2317371368, 3.73031973839], [170.606079102, -33.6442451477, -34.2101325989, -46.5916099548, -59.592918396, -30.9521579742, 30.5313987732, 88.4885864258, 37.4256668091, -33.6706199646, -44.0691680908, 7.69322252274, 21.2260608673], [-176.307144165, -9.55505752563, -6.8562374115, -26.0508766174, -18.1944961548, -45.7311286926, -15.1824836731, 37.4256668091, 90.5305328369, 29.6496562958, -34.8984870911, -36.8801765442, 13.5314998627], [122.382003784, -65.9924316406, -24.6185073853, 6.59004116058, 22.2236061096, 12.9089889526, -38.2082138062, -33.6706199646, 29.6496562958, 92.6450881958, 33.4005241394, -38.9590492249, -35.3660545349], [-249.427566528, -7.35522174835, 1.47863447666, 2.37869524956, 36.0836334229, 29.9259643555, 6.37556219101, -44.0691680908, -34.8984870911, 33.4005241394, 100.038330078, 30.311088562, -44.8992004395], [102.999893188, -13.1027755737, 1.80759501457, -15.7705450058, -18.2994670868, 3.02621030807, 18.2317371368, 7.69322252274, -36.8801765442, -38.9590492249, 30.311088562, 99.3292922974, 34.2430381775], [-38.4362831116, 31.1321773529, 3.18325185776, -9.96666908264, -15.309006691, -24.4529724121, 3.73031973839, 21.2260608673, 13.5314998627, -35.3660545349, -44.8992004395, 34.2430381775, 99.4752044678]],
        "icov": [[0.000205204589292, -0.00015673157759, 4.50833067589e-05, 1.75951026904e-05, 0.000924601801671, -0.000996180111542, 0.00130057439674, -0.0010986418929, 0.00128304574173, -0.00128955463879, 0.00111305178143, -0.000659747282043, 0.000308226502966], [-0.00015673157759, 0.00162376172375, 7.07694780431e-05, -0.00170502322726, 0.00159995723516, 0.000760052585974, -0.00191619526595, 0.00344286765903, -0.00303034903482, 0.00403123255819, -0.00309593533166, 0.00231764302589, -0.00132132903673], [4.50833067589e-05, 7.07694780431e-05, 0.0105395801365, -0.00888765137643, -0.00152055150829, 0.011695612222, -0.00921760965139, 0.00718941586092, -0.00133015867323, -2.42928472289e-05, 0.00290537066758, -0.00353907956742, 0.00292206252925], [1.75951026904e-05, -0.00170502322726, -0.00888765137643, 0.0241951718926, -0.0127413012087, -0.00613899016753, 0.0155318425968, -0.0111553985626, 0.0111752515659, -0.0044301901944, 0.00604805490002, -0.000270864140475, 0.00130484055262], [0.000924601801671, 0.00159995723516, -0.00152055150829, -0.0127413012087, 0.0360448546708, -0.0252578314394, 0.00157032546122, 0.0122496765107, -0.0159595124424, 0.0102359866723, -0.0116103859618, 0.00736177060753, -0.00667032646015], [-0.000996180111542, 0.000760052585974, 0.011695612222, -0.00613899016753, -0.0252578314394, 0.0473384223878, -0.028610335663, 0.00753447460011, 0.0128857670352, -0.0135543430224, 0.0127091752365, -0.00855034962296, 0.00771065289155], [0.00130057439674, -0.00191619526595, -0.00921760965139, 0.0155318425968, 0.00157032546122, -0.028610335663, 0.0545084103942, -0.0319776013494, 0.0108679803088, 0.00914054736495, -0.00975136179477, 0.0066300467588, -0.00397095829248], [-0.0010986418929, 0.00344286765903, 0.00718941586092, -0.0111553985626, 0.0122496765107, 0.00753447460011, -0.0319776013494, 0.0564092434943, -0.0350188612938, 0.020489146933, 0.00188943033572, -0.00379059370607, 0.0042557856068], [0.00128304574173, -0.00303034903482, -0.00133015867323, 0.0111752515659, -0.0159595124424, 0.0128857670352, 0.0108679803088, -0.0350188612938, 0.0552861280739, -0.0383062325418, 0.0220368430018, -0.00395954307169, 0.00055282615358], [-0.00128955463879, 0.00403123255819, -2.42928472289e-05, -0.0044301901944, 0.0102359866723, -0.0135543430224, 0.00914054736495, 0.020489146933, -0.0383062325418, 0.0588841028512, -0.0372100323439, 0.0229140426964, -0.00721178622916], [0.00111305178143, -0.00309593533166, 0.00290537066758, 0.00604805490002, -0.0116103859618, 0.0127091752365, -0.00975136179477, 0.00188943033572, 0.0220368430018, -0.0372100323439, 0.0542140342295, -0.032273195684, 0.0225647669286], [-0.000659747282043, 0.00231764302589, -0.00353907956742, -0.000270864140475, 0.00736177060753, -0.00855034962296, 0.0066300467588, -0.00379059370607, -0.00395954307169, 0.0229140426964, -0.032273195684, 0.0358716323972, -0.0195328556001], [0.000308226502966, -0.00132132903673, 0.00292206252925, 0.00130484055262, -0.00667032646015, 0.00771065289155, -0.00397095829248, 0.0042557856068, 0.00055282615358, -0.00721178622916, 0.0225647669286, -0.0195328556001, 0.0250019002706]]
    },
    "melbands": {
        "dmean": [0.000597289588768, 0.000208381199627, 0.000199827642064, 0.0002018182131, 0.000282583932858, 0.000280918204226, 0.000165397679666, 0.00010439415928, 0.00022251586779, 0.000153521614266, 0.00020138148102, 0.000119020653074, 5.58505744266e-05, 6.7456960096e-05, 6.39565187157e-05, 5.26869480382e-05, 8.29254495329e-05, 4.24834579462e-05, 3.98595911975e-05, 2.18650766328e-05, 2.28738026635e-05, 1.75036548171e-05, 1.32499526444e-05, 8.96422443475e-06, 7.39611004974e-06, 7.3108540164e-06, 7.95907908469e-06, 7.431213362e-06, 6.74357170283e-06, 6.20664513917e-06, 5.52685150979e-06, 5.23494327354e-06, 4.54783639725e-06, 4.14708074459e-06, 3.85596467822e-06, 4.04147931476e-06, 3.74374258172e-06, 3.44237651007e-06, 3.14397902912e-06, 2.99259249914e-06],
        "dmean2": [0.00102126749698, 0.000357150478521, 0.000345476379152, 0.000332172377966, 0.000444909615908, 0.000457986199763, 0.000264126050752, 0.000170687460923, 0.000337123638019, 0.000237632964854, 0.00031380384462, 0.000180425893632, 8.55459511513e-05, 0.00010399412713, 9.70191686065e-05, 7.85155352787e-05, 0.000128770043375, 6.66629130137e-05, 6.2234372308e-05, 3.39817052009e-05, 3.5398214095e-05, 2.6654188332e-05, 2.01368093258e-05, 1.35011523525e-05, 1.11829194793e-05, 1.12961934065e-05, 1.19469823403e-05, 1.10434066301e-05, 1.00958122857e-05, 9.17642319109e-06, 8.19784327177e-06, 7.68211612012e-06, 6.5839412855e-06, 6.23012419965e-06, 5.80847063247e-06, 5.84652570979e-06, 5.34820310349e-06, 4.97980909131e-06, 4.69275573778e-06, 4.43437875219e-06],
        "dvar": [7.77335571911e-07, 1.09506686385e-07, 1.15515682353e-07, 1.23339987113e-07, 2.02344281774e-07, 2.27111470963e-07, 7.77254527407e-08, 3.87679222058e-08, 1.43107882877e-07, 6.83197782791e-08, 1.16511046144e-07, 4.36980407414e-08, 1.15534959377e-08, 2.14584687797e-08, 2.09257216e-08, 1.39048328407e-08, 2.78651182128e-08, 6.1974647636e-09, 8.8848297608e-09, 3.12892134424e-09, 1.22047139062e-09, 8.46960612755e-10, 3.79681064366e-10, 1.3229338458e-10, 9.10142031185e-11, 8.92795004592e-11, 1.00159790184e-10, 7.75748701387e-11, 6.78345088434e-11, 5.63260306452e-11, 4.79018595623e-11, 3.85134008019e-11, 2.85628690838e-11, 2.28032974448e-11, 2.08735580903e-11, 2.3315556083e-11, 1.84583581059e-11, 1.57529527617e-11, 1.33455338794e-11, 1.17189834226e-11],
        "dvar2": [1.75746879449e-06, 2.8099631777e-07, 3.05674234369e-07, 3.03002991586e-07, 3.8362207988e-07, 4.770190003e-07, 1.55173708549e-07, 8.97073348938e-08, 2.6824551469e-07, 1.31712155849e-07, 2.28092147836e-07, 8.4726245575e-08, 2.40734117085e-08, 4.73639047982e-08, 4.06143350062e-08, 2.7908557243e-08, 6.26750491506e-08, 1.45332350598e-08, 2.21433449354e-08, 7.77634490134e-09, 2.77156875228e-09, 1.85521498164e-09, 8.12454215016e-10, 2.65822835965e-10, 1.88012438951e-10, 1.95245694612e-10, 2.06733088981e-10, 1.50371090579e-10, 1.33367081268e-10, 1.10183785706e-10, 9.47439279808e-11, 7.30768015544e-11, 5.3892435653e-11, 4.48270205677e-11, 4.01980011777e-11, 4.45934955629e-11, 3.30939407822e-11, 2.77517505504e-11, 2.43811741629e-11, 2.09929400252e-11],
        "max": [0.00813082512468, 0.00513545516878, 0.00497265625745, 0.00411989819258, 0.00387834804133, 0.00392473489046, 0.00492662750185, 0.0029994470533, 0.00793435517699, 0.00475731445476, 0.00605008471757, 0.00330221140757, 0.00154966278933, 0.00201266095974, 0.00279839755967, 0.0018106357893, 0.00147180084605, 0.000785868265666, 0.00117914984003, 0.00164794584271, 0.000422364333645, 0.000529356650077, 0.000222936258069, 0.000138232397148, 0.000137733208248, 0.000102224534203, 9.98577888822e-05, 0.000106930376205, 8.0246682046e-05, 7.42874835851e-05, 7.13877889211e-05, 6.81998790242e-05, 5.39834145457e-05, 3.76336247427e-05, 3.4589866118e-05, 5.34225873707e-05, 3.77797805413e-05, 3.39288344549e-05, 2.43285649049e-05, 2.72878623946e-05],
        "mean": [0.00129186396953, 0.000279572588624, 0.000337747507729, 0.000277258630376, 0.000487616489409, 0.000439655937953, 0.000313777156407, 0.000183881813427, 0.000489322643261, 0.000304579269141, 0.000391361449147, 0.00030428962782, 9.50639441726e-05, 0.000121890858281, 0.00012357023661, 7.536981866e-05, 0.000113023415906, 6.04931628914e-05, 5.94116536377e-05, 2.98594623018e-05, 3.39984799211e-05, 2.58384116023e-05, 2.00666327146e-05, 1.38717223308e-05, 1.14230733743e-05, 1.2161264749e-05, 1.30450225697e-05, 1.1834947145e-05, 1.05015942609e-05, 9.56764688453e-06, 8.32960176922e-06, 8.31725719763e-06, 7.0093492468e-06, 6.34676825939e-06, 5.81641597819e-06, 6.06594494457e-06, 5.73487568545e-06, 5.21954598298e-06, 4.62023535874e-06, 4.57923897557e-06],
        "median": [0.00084059976507, 0.000209047837416, 0.000277469516732, 0.000189150901861, 0.000202176874154, 0.000137647570227, 0.000123183970572, 7.2384820669e-05, 0.000121445031255, 0.000108814856503, 8.25789975352e-05, 6.75871488056e-05, 3.35730510415e-05, 2.32700786e-05, 1.96427026822e-05, 1.79866765393e-05, 1.72258532984e-05, 1.70106341102e-05, 1.60247254826e-05, 1.06685474748e-05, 1.60894051078e-05, 1.21306056826e-05, 1.09475004137e-05, 8.57652958075e-06, 7.71738086769e-06, 7.05165848558e-06, 8.66553818923e-06, 7.95116466179e-06, 6.58617636873e-06, 5.86103078604e-06, 5.35001481694e-06, 5.63732646697e-06, 4.26193400926e-06, 4.05840182793e-06, 3.41962595485e-06, 3.43583815265e-06, 3.50135178451e-06, 2.90447360385e-06, 2.27031614486e-06, 2.2964522941e-06],
        "min": [9.45153281815e-25, 2.00838286949e-24, 3.27813831292e-24, 1.90512787953e-24, 2.07972291381e-24, 4.41726016537e-24, 2.0351151962e-24, 3.044102215e-24, 1.94258654519e-24, 3.67852782081e-24, 3.99460821388e-24, 3.26499273479e-24, 2.31614235774e-24, 2.55819367688e-24, 5.32923109789e-24, 2.75126383356e-24, 3.09884561195e-24, 3.93217657855e-24, 5.43200705207e-24, 6.21318326878e-24, 5.41121346747e-24, 2.96249494878e-24, 5.00682877353e-24, 3.30386050324e-24, 4.10407015866e-24, 7.63063260354e-24, 5.56068446521e-24, 7.36756721317e-24, 8.84822442239e-24, 5.47610437667e-24, 6.77933177995e-24, 7.60691628929e-24, 7.04594152237e-24, 7.33256782139e-24, 7.13692952803e-24, 7.01688540864e-24, 7.35586209506e-24, 8.12106269515e-24, 6.49660994798e-24, 7.032655527e-24],
        "var": [1.42723592944e-06, 1.23216196357e-07, 1.1123550081e-07, 1.36587743782e-07, 4.44340372496e-07, 4.09170155535e-07, 2.56818935895e-07, 8.9221565247e-08, 7.10387382696e-07, 2.48790172463e-07, 4.1560664954e-07, 2.67847497071e-07, 2.41021496095e-08, 5.4978237074e-08, 6.81027216842e-08, 2.56771794938e-08, 4.56891946499e-08, 1.00366728262e-08, 1.41638292206e-08, 3.60925667131e-09, 1.89232940428e-09, 1.39090572393e-09, 6.97949253947e-10, 2.34176872338e-10, 1.57518803556e-10, 1.98013633268e-10, 1.98862426526e-10, 1.57679022617e-10, 1.31506597278e-10, 1.13641797361e-10, 8.53816808921e-11, 7.58714271965e-11, 5.74178170287e-11, 4.18395491864e-11, 3.7445015838e-11, 4.35470201565e-11, 3.6959046934e-11, 3.15480315483e-11, 2.51879610919e-11, 2.27812213538e-11]
    },
    "mfcc": {
        "mean": [-612.263793945, 84.6957855225, 12.6438131332, 6.59297990799, -0.553599894047, 1.75578653812, 0.419618785381, 2.89736843109, 5.03510141373, 4.00318479538, -0.624673008919, -0.24228900671, 0.646770477295],
        "cov": [[7939.39501953, 2.29059672356, 19.8422698975, -172.022140503, -192.26512146, -173.309387207, -162.224975586, -75.4798355103, 69.4176864624, 29.0144309998, -0.375561505556, 55.2506141663, -46.6213378906], [2.29059672356, 789.50213623, 151.278701782, 95.7230224609, -36.1935539246, -44.7747344971, -39.2768058777, -0.00502989534289, -8.19305610657, -26.7724742889, -49.8931274414, -37.5015525818, 9.78421211243], [19.8422698975, 151.278701782, 143.736755371, 84.1266860962, 8.05269241333, -12.4797897339, -16.2700691223, -8.29942703247, -5.56244707108, -21.6334323883, -27.2874164581, -14.8979663849, -8.28063869476], [-172.022140503, 95.7230224609, 84.1266860962, 103.565689087, 51.16664505, 22.7756500244, -3.59184002876, -19.417470932, -10.0669279099, -6.37625598907, -13.6022958755, -16.5451507568, -17.5340518951], [-192.26512146, -36.1935539246, 8.05269241333, 51.16664505, 102.472953796, 86.5972900391, 25.7728385925, -32.3477783203, -29.2869968414, 0.352569013834, 12.6457834244, 1.77194988728, -22.6345863342], [-173.309387207, -44.7747344971, -12.4797897339, 22.7756500244, 86.5972900391, 142.739654541, 77.6350402832, -25.8733692169, -54.1052207947, -20.3299007416, 12.5795917511, 23.4620742798, -12.2927017212], [-162.224975586, -39.2768058777, -16.2700691223, -3.59184002876, 25.7728385925, 77.6350402832, 115.413619995, 39.5539321899, -50.9643783569, -43.177822113, -10.1513957977, 19.6766090393, 23.1896533966], [-75.4798355103, -0.00502989534289, -8.29942703247, -19.417470932, -32.3477783203, -25.8733692169, 39.5539321899, 102.698173523, 27.7548274994, -42.7289619446, -40.9547843933, -8.65793418884, 33.006778717], [69.4176864624, -8.19305610657, -5.56244707108, -10.0669279099, -29.2869968414, -54.1052207947, -50.9643783569, 27.7548274994, 130.06137085, 32.2476654053, -35.5480117798, -46.4265403748, -50.4406433105], [29.0144309998, -26.7724742889, -21.6334323883, -6.37625598907, 0.352569013834, -20.3299007416, -43.177822113, -42.7289619446, 32.2476654053, 116.809776306, 55.7129249573, -18.2520580292, -46.5546684265], [-0.375561505556, -49.8931274414, -27.2874164581, -13.6022958755, 12.6457834244, 12.5795917511, -10.1513957977, -40.9547843933, -35.5480117798, 55.7129249573, 92.1118087769, 25.7663612366, -1.73188650608], [55.2506141663, -37.5015525818, -14.8979663849, -16.5451507568, 1.77194988728, 23.4620742798, 19.6766090393, -8.65793418884, -46.4265403748, -18.2520580292, 25.7663612366, 75.3475570679, 31.405752182], [-46.6213378906, 9.78421211243, -8.28063869476, -17.5340518951, -22.6345863342, -12.2927017212, 23.1896533966, 33.006778717, -50.4406433105, -46.5546684265, -1.73188650608, 31.405752182, 107.818237305]],
