{
"lowlevel": {
    "average_loudness": 0.885383844376,
    "barkbands_crest": {
        "dmean": 2.87921023369,
        "dmean2": 4.53151035309,
        "dvar": 6.71940135956,
        "dvar2": 16.5961475372,
        "max": 24.6128387451,
        "mean": 10.8560676575,
        "median": 10.2929420471,
        "min": 2.14687538147,
        "var": 17.5375099182
    },
    "barkbands_flatness_db": {
        "dmean": 0.0239238534123,
        "dmean2": 0.0358963981271,
        "dvar": 0.000681253091898,
        "dvar2": 0.00152240786701,
        "max": 0.377815246582,
        "mean": 0.13025392592,
        "median": 0.128726914525,
        "min": 0.0217469036579,
        "var": 0.00272663123906
    },
    "barkbands_kurtosis": {
        "dmean": 2.40013861656,
        "dmean2": 3.61723732948,
        "dvar": 11.8102560043,
        "dvar2": 26.1716518402,
        "max": 82.1165390015,
        "mean": 3.67145657539,
        "median": 1.8543806076,
        "min": -1.86724627018,
        "var": 33.9175300598
    },
    "barkbands_skewness": {
        "dmean": 0.48791885376,
        "dmean2": 0.710407912731,
        "dvar": 0.210070580244,
        "dvar2": 0.460655122995,
        "max": 7.60722303391,
        "mean": 1.52727651596,
        "median": 1.41530525684,
        "min": -2.25870013237,
        "var": 1.10999262333
    },
    "barkbands_spread": {
        "dmean": 7.29123783112,
        "dmean2": 11.1645393372,
        "dvar": 83.9274902344,
        "dvar2": 180.126937866,
        "max": 100.27520752,
        "mean": 23.9355812073,
        "median": 19.4641246796,
        "min": 1.44017159939,
        "var": 255.077804565
    },
    "dissonance": {
        "dmean": 0.0194154120982,
        "dmean2": 0.0321419201791,
        "dvar": 0.000308271613903,
        "dvar2": 0.000798494147602,
        "max": 0.499999970198,
        "mean": 0.459542155266,
        "median": 0.464186698198,
        "min": 0.324254304171,
        "var": 0.000707098108251
    },
    "dynamic_complexity": 2.82861471176,
    "erbbands_crest": {
        "dmean": 2.5032184124,
        "dmean2": 3.86208987236,
        "dvar": 5.49427509308,
        "dvar2": 11.8276185989,
        "max": 27.4715766907,
        "mean": 8.3623380661,
        "median": 7.41051387787,
        "min": 2.20780277252,
        "var": 16.6782131195
    },
    "erbbands_flatness_db": {
        "dmean": 0.0202546864748,
        "dmean2": 0.0287883281708,
        "dvar": 0.000565613154322,
        "dvar2": 0.00100206607021,
        "max": 0.338465422392,
        "mean": 0.147376090288,
        "median": 0.134902179241,
        "min": 0.0437807627022,
        "var": 0.00337865576148
    },
    "erbbands_kurtosis": {
        "dmean": 0.834503471851,
        "dmean2": 1.3026252985,
        "dvar": 1.22737705708,
        "dvar2": 2.80101394653,
        "max": 29.4358863831,
        "mean": 0.202449887991,
        "median": -0.283477783203,
        "min": -1.77057945728,
        "var": 2.74258852005
    },
    "erbbands_skewness": {
        "dmean": 0.359016537666,
        "dmean2": 0.546908199787,
        "dvar": 0.107942789793,
        "dvar2": 0.250341057777,
        "max": 4.37582445145,
        "mean": 0.376915961504,
        "median": 0.398321688175,
        "min": -2.97548317909,
        "var": 0.481173425913
    },
    "erbbands_spread": {
        "dmean": 9.69763278961,
        "dmean2": 14.9681072235,
        "dvar": 126.13318634,
        "dvar2": 272.682617188,
        "max": 121.592857361,
        "mean": 41.5923728943,
        "median": 38.3541030884,
        "min": 3.21905231476,
        "var": 342.980957031
    },
    "hfc": {
        "dmean": 9.71944522858,
        "dmean2": 14.5731735229,
        "dvar": 213.177337646,
        "dvar2": 527.201660156,
        "max": 189.800125122,
        "mean": 22.9976139069,
        "median": 15.2194662094,
        "min": 1.13686988705e-16,
        "var": 581.692626953
    },
    "melbands_crest": {
        "dmean": 3.59719800949,
        "dmean2": 5.63521718979,
        "dvar": 10.6376953125,
        "dvar2": 25.2328224182,
        "max": 31.5421447754,
        "mean": 15.0981807709,
        "median": 14.4401865005,
        "min": 1.82687246799,
        "var": 29.1929416656
    },
    "melbands_flatness_db": {
        "dmean": 0.0292434673756,
        "dmean2": 0.0435679741204,
        "dvar": 0.00101494311821,
        "dvar2": 0.00236092018895,
        "max": 0.492695629597,
        "mean": 0.193508684635,
        "median": 0.191664561629,
        "min": 0.00508634187281,
        "var": 0.00419512018561
    },
    "melbands_kurtosis": {
        "dmean": 5.7357840538,
        "dmean2": 8.64899730682,
        "dvar": 60.771900177,
        "dvar2": 139.303985596,
        "max": 212.17036438,
        "mean": 12.006565094,
        "median": 7.96262550354,
        "min": -1.64818310738,
        "var": 174.268447876
    },
    "melbands_skewness": {
        "dmean": 0.687469124794,
        "dmean2": 0.98925948143,
        "dvar": 0.408906579018,
        "dvar2": 0.858547151089,
        "max": 11.4254808426,
        "mean": 2.59313249588,
        "median": 2.40625333786,
        "min": -1.46894776821,
        "var": 1.89120709896
    },
    "melbands_spread": {
        "dmean": 7.20258283615,
        "dmean2": 11.1750087738,
        "dvar": 83.8297348022,
        "dvar2": 187.064620972,
        "max": 216.609542847,
        "mean": 23.7355327606,
        "median": 18.8625965118,
        "min": 1.46622252464,
        "var": 361.436798096
    },
    "pitch_salience": {
        "dmean": 0.0794374123216,
        "dmean2": 0.128218397498,
        "dvar": 0.00581472506747,
        "dvar2": 0.0151962619275,
        "max": 0.932699024677,
        "mean": 0.522337257862,
        "median": 0.517180621624,
        "min": 0.175545319915,
        "var": 0.0121165467426
    },
    "silence_rate_20dB": {
        "dmean": 0,
        "dmean2": 0,
        "dvar": 0,
        "dvar2": 0,
        "max": 1,
        "mean": 1,
        "median": 1,
        "min": 1,
        "var": 0
    },
    "silence_rate_30dB": {
        "dmean": 0.00871959608048,
        "dmean2": 0.0174411926419,
        "dvar": 0.00864370260388,
        "dvar2": 0.0233335997909,
        "max": 1,
        "mean": 0.993805229664,
        "median": 1,
        "min": 0,
        "var": 0.00615628482774
    },
    "silence_rate_60dB": {
        "dmean": 0.0296007338911,
        "dmean2": 0.0592082627118,
        "dvar": 0.0287227258086,
        "dvar2": 0.0635071396828,
        "max": 1,
        "mean": 0.0683721452951,
        "median": 0,
        "min": 0,
        "var": 0.0636942312121
    },
    "spectral_centroid": {
        "dmean": 280.412322998,
        "dmean2": 430.224914551,
        "dvar": 104236.515625,
        "dvar2": 245098.734375,
        "max": 11530.6015625,
        "mean": 1387.26831055,
        "median": 1272.51989746,
        "min": 192.901702881,
        "var": 581994.25
    },
    "spectral_complexity": {
        "dmean": 4.46810483932,
        "dmean2": 7.02214574814,
        "dvar": 32.1458435059,
        "dvar2": 72.9444656372,
        "max": 57,
        "mean": 18.3727207184,
        "median": 16,
        "min": 0,
        "var": 97.755065918
    },
    "spectral_decrease": {
        "dmean": 2.60617971648e-09,
        "dmean2": 3.6373630774e-09,
        "dvar": 9.71433384039e-18,
        "dvar2": 2.15687874119e-17,
        "max": 1.41075078613e-28,
        "mean": -7.71278685363e-09,
        "median": -6.16039530499e-09,
        "min": -4.28723367918e-08,
        "var": 4.11576584706e-17
    },
    "spectral_energy": {
        "dmean": 0.0104459179565,
        "dmean2": 0.0146557008848,
        "dvar": 0.000155860878294,
        "dvar2": 0.000350145739503,
        "max": 0.17275775969,
        "mean": 0.0311957746744,
        "median": 0.0251937322319,
        "min": 1.05109250748e-20,
        "var": 0.00064320594538
    },
    "spectral_energyband_high": {
        "dmean": 0.000834794249386,
        "dmean2": 0.00127842277288,
        "dvar": 2.09900645132e-06,
        "dvar2": 4.89866852149e-06,
        "max": 0.0216663274914,
        "mean": 0.00137793901376,
        "median": 0.000412397639593,
        "min": 7.43244317819e-21,
        "var": 5.95809569859e-06
    },
    "spectral_energyband_low": {
        "dmean": 0.0061514894478,
        "dmean2": 0.00886997580528,
        "dvar": 7.00055024936e-05,
        "dvar2": 0.000151585758431,
        "max": 0.0926685854793,
        "mean": 0.013303656131,
        "median": 0.00926318578422,
        "min": 1.95847688594e-23,
        "var": 0.00022280914709
    },
    "spectral_energyband_middle_high": {
        "dmean": 0.00184518389869,
        "dmean2": 0.00286596291699,
        "dvar": 6.87285182721e-06,
        "dvar2": 1.64616430993e-05,
        "max": 0.0401975736022,
        "mean": 0.00448866421357,
        "median": 0.00310899573378,
        "min": 1.31527927309e-21,
        "var": 1.74629421963e-05
    },
    "spectral_energyband_middle_low": {
        "dmean": 0.00566645665094,
        "dmean2": 0.00844767969102,
        "dvar": 5.95352139499e-05,
        "dvar2": 0.000138479997986,
        "max": 0.12158061564,
        "mean": 0.0130084920675,
        "median": 0.00825066398829,
        "min": 1.93069011253e-22,
        "var": 0.000183302821824
    },
    "spectral_entropy": {
        "dmean": 0.21015816927,
        "dmean2": 0.308526873589,
        "dvar": 0.0650098770857,
        "dvar2": 0.133087977767,
        "max": 9.82170009613,
        "mean": 7.62232637405,
        "median": 7.6316652298,
        "min": 5.65308046341,
        "var": 0.250538557768
    },
    "spectral_flux": {
        "dmean": 0.0269704330713,
        "dmean2": 0.0409196466208,
        "dvar": 0.000917925091926,
        "dvar2": 0.00191598234233,
        "max": 0.3127861619,
        "mean": 0.0822350680828,
        "median": 0.0734276622534,
        "min": 6.54142642831e-11,
        "var": 0.00235612504184
    },
    "spectral_kurtosis": {
        "dmean": 1.64485216141,
        "dmean2": 2.67951440811,
        "dvar": 4.32322502136,
        "dvar2": 11.1698150635,
        "max": 44.7442588806,
        "mean": 3.96919846535,
        "median": 3.28399419785,
        "min": -1.24461519718,
        "var": 9.04422569275
    },
    "spectral_rms": {
        "dmean": 0.000894593307748,
        "dmean2": 0.0011930745095,
        "dvar": 8.12397559002e-07,
        "dvar2": 1.60761487678e-06,
        "max": 0.0129824560136,
        "mean": 0.00501899980009,
        "median": 0.00495774671435,
        "min": 3.20227438316e-12,
        "var": 5.24461256646e-06
    },
    "spectral_rolloff": {
        "dmean": 660.718261719,
        "dmean2": 1090.57019043,
        "dvar": 1269484.75,
        "dvar2": 2940794.25,
        "max": 19250.6835938,
        "mean": 1670.57043457,
        "median": 1012.06054688,
        "min": 64.599609375,
        "var": 3339686
    },
    "spectral_skewness": {
        "dmean": 0.242134526372,
        "dmean2": 0.385960578918,
        "dvar": 0.070759549737,
        "dvar2": 0.169430792332,
        "max": 4.94404649734,
        "mean": 1.46293520927,
        "median": 1.41103363037,
        "min": -0.0710153803229,
        "var": 0.188948124647
    },
    "spectral_spread": {
        "dmean": 715790.75,
        "dmean2": 1038907.5,
        "dvar": 1.00954662502e+12,
        "dvar2": 1.8289590272e+12,
        "max": 41843960,
        "mean": 5090335.5,
        "median": 4973435,
        "min": 1114706.25,
        "var": 4.9319420887e+12
    },
    "spectral_strongpeak": {
        "dmean": 0.429647922516,
        "dmean2": 0.721156418324,
        "dvar": 0.524548470974,
        "dvar2": 1.21481668949,
        "max": 11.5568151474,
        "mean": 0.829768836498,
        "median": 0.495352983475,
        "min": 0,
        "var": 0.880367100239
    },
    "zerocrossingrate": {
        "dmean": 0.0125044481829,
        "dmean2": 0.0149821387604,
        "dvar": 0.000202289404115,
        "dvar2": 0.000272140139714,
        "max": 0.6171875,
        "mean": 0.0654444172978,
        "median": 0.05615234375,
        "min": 0.0048828125,
        "var": 0.00201638019644
    },
    "barkbands": {
        "dmean": [0.000322505016811, 0.00507278321311, 0.00177680514753, 0.00117169355508, 0.00285997753963, 0.0012864607852, 0.00154256552923, 0.000580183754209, 0.000700197357219, 0.000651225447655, 0.000447384401923, 0.000381720106816, 0.000203305738978, 0.000221340174903, 0.000169441176695, 0.00018310645828, 0.000189402737305, 0.000222211601795, 0.000176866960828, 0.000168251470313, 0.000197314482648, 0.000151594649651, 0.00016198673984, 0.000144941615872, 0.000126371509396, 5.83038345212e-05, 1.31240576593e-05],
        "dmean2": [0.000531678204425, 0.00750484224409, 0.00280341785401, 0.00199704314582, 0.00434497091919, 0.00189442897681, 0.0022601839155, 0.000873711833265, 0.00107178837061, 0.0010511293076, 0.000683799618855, 0.000604882778134, 0.000326985988067, 0.000351203198079, 0.000278869469184, 0.000303467590129, 0.000315174023854, 0.000383017264539, 0.000307967391564, 0.000290169147775, 0.000339211866958, 0.000246648589382, 0.000256553961663, 0.00021690671565, 0.000193288273294, 8.02480426501e-05, 1.83031625056e-05],
        "dvar": [4.71701412152e-07, 6.09542439634e-05, 1.50247715283e-05, 8.90986029844e-06, 2.02907322091e-05, 6.64786375637e-06, 1.31245915327e-05, 2.41453267336e-06, 1.67093378423e-06, 1.84775103662e-06, 7.40752170714e-07, 5.06777723785e-07, 2.00104693704e-07, 2.64773888148e-07, 8.67305303132e-08, 1.06090851659e-07, 1.26941742451e-07, 1.87370488902e-07, 1.21413407328e-07, 9.39899535979e-08, 1.53363714617e-07, 8.25056503118e-08, 8.92828424526e-08, 7.32314404672e-08, 9.39449193993e-08, 1.55692418957e-08, 1.11187037355e-09],
        "dvar2": [1.28879514705e-06, 0.000124233745737, 3.67225366062e-05, 2.4894672606e-05, 4.47496531706e-05, 1.38236464409e-05, 2.7555237466e-05, 4.88575369673e-06, 3.48140929418e-06, 4.61853869638e-06, 1.61159141499e-06, 1.13761348075e-06, 4.65167317998e-07, 5.21435936207e-07, 2.0400817391e-07, 2.69626355021e-07, 3.32876055609e-07, 5.20570154094e-07, 3.40832855272e-07, 2.55228968626e-07, 4.07480513331e-07, 2.00653985871e-07, 2.25750127925e-07, 1.47732606592e-07, 2.30845344618e-07, 2.92474098273e-08, 2.22132112704e-09],
        "max": [0.00935785192996, 0.0899581164122, 0.0513566881418, 0.0533365681767, 0.0932580828667, 0.066174916923, 0.0767236351967, 0.051435995847, 0.0397457294166, 0.0235346537083, 0.023910947144, 0.0197127591819, 0.0161983929574, 0.0175075493753, 0.0083514098078, 0.0126674650237, 0.00700972042978, 0.00746109522879, 0.00490826601163, 0.00311356806196, 0.00591360311955, 0.00623076083139, 0.00370594859123, 0.00696984538808, 0.00705781485885, 0.00259380228817, 0.000531365571078],
        "mean": [0.000410393025959, 0.00914151687175, 0.00283159501851, 0.00152851431631, 0.00460017938167, 0.00224116002209, 0.0024344495032, 0.000893879041541, 0.00120014080312, 0.000850948563311, 0.00072520703543, 0.000655760930385, 0.000362636434147, 0.000358897843398, 0.000310832023388, 0.000295703473967, 0.000276815670077, 0.000321367842844, 0.000253929261817, 0.000239751112531, 0.000278581253951, 0.000227335229283, 0.000229569355724, 0.000236364547163, 0.000192862542463, 8.30639473861e-05, 1.42626504385e-05],
        "median": [6.78601572872e-05, 0.00440729502589, 0.000454911350971, 0.00046146067325, 0.00216609193012, 0.000880371429957, 0.000813281279989, 0.000354423042154, 0.000524669361766, 0.000349503039615, 0.000261167093413, 0.000248235824984, 0.000139755036798, 0.000136687478516, 0.000145539379446, 0.000163633783814, 0.000143200275488, 0.000157090064022, 0.00011810734577, 0.000105283987068, 8.95825141924e-05, 6.87324209139e-05, 5.41784247616e-05, 4.35910042142e-05, 3.20071885653e-05, 1.5423318473e-05, 9.34851982493e-07],
        "min": [1.56121154334e-24, 5.91679836593e-24, 1.73656605346e-24, 4.84810562066e-24, 1.16521161252e-23, 1.73444101995e-23, 1.76431802233e-23, 2.92269178852e-23, 9.79375625883e-24, 1.9126636311e-23, 1.910173355e-23, 1.26177497152e-23, 4.52219909727e-23, 5.30328719822e-23, 6.34944676282e-23, 8.67040555025e-23, 1.41182297368e-22, 7.89167488123e-23, 2.10762656486e-22, 2.29421728627e-22, 3.70205076947e-22, 4.11188104913e-22, 4.08308850962e-22, 5.36979814373e-22, 1.02139912667e-21, 1.59158183149e-21, 2.31467551664e-21],
        "var": [6.63533228362e-07, 0.000140360629302, 3.20263752656e-05, 1.09632810563e-05, 4.56755988125e-05, 1.55392972374e-05, 2.69046704489e-05, 4.6239342737e-06, 4.12161443819e-06, 2.57042688645e-06, 1.77279889613e-06, 1.27766315927e-06, 6.16879503923e-07, 6.10724669059e-07, 2.97761630463e-07, 1.75568658278e-07, 1.75590059825e-07, 2.55872549815e-07, 1.45534443163e-07, 1.15641853426e-07, 3.01765425093e-07, 1.458304979e-07, 1.72864815795e-07, 3.34306463401e-07, 2.17233719013e-07, 3.16746913143e-08, 1.54041479572e-09]
    },
    "erbbands": {
        "dmean": [0.190626963973, 1.04948818684, 1.69655525684, 3.36919903755, 5.76577234268, 10.4557571411, 13.2740850449, 11.0684680939, 18.958946228, 18.8214492798, 14.1515750885, 12.6028709412, 18.8861789703, 17.054725647, 14.7874422073, 12.5028743744, 9.88114070892, 9.38389015198, 8.93823814392, 9.16171455383, 9.71680641174, 11.7317199707, 10.8806476593, 10.6288566589, 8.56106090546, 7.49744462967, 7.90785455704, 7.60304307938, 5.92519140244, 5.04177236557, 4.33861446381, 3.09242224693, 2.45913815498, 1.58931601048, 0.88608288765, 0.305458724499, 0.0956141576171, 0.0221382342279, 0.00223497045226, 4.35554684373e-05],
        "dmean2": [0.280368447304, 1.5712659359, 2.65575146675, 5.50685405731, 9.73396492004, 16.2163772583, 18.13829422, 16.8786029816, 28.1961936951, 27.0167369843, 20.954870224, 19.5552368164, 29.9535331726, 26.5266742706, 23.1473751068, 19.9454612732, 15.6336917877, 14.9923467636, 14.2993297577, 15.0042171478, 16.0522518158, 19.4081077576, 18.5898361206, 18.5899848938, 14.959897995, 12.960483551, 13.4156656265, 13.1492128372, 9.73250293732, 8.1017780304, 6.87323284149, 4.8470249176, 3.65220403671, 2.48554491997, 1.34255945683, 0.42217284441, 0.136052206159, 0.0299318935722, 0.00313560967334, 5.92323049204e-05],
        "dvar": [0.0837809890509, 2.8088760376, 11.0606126785, 72.2449035645, 116.786102295, 315.054046631, 869.834533691, 573.24017334, 2394.74169922, 2460.20605469, 1007.80633545, 497.181274414, 1242.72717285, 766.971740723, 793.032531738, 477.509368896, 496.647369385, 334.907165527, 420.343048096, 249.036651611, 406.267181396, 526.503173828, 389.77444458, 492.227966309, 322.336120605, 191.405654907, 233.763046265, 247.927627563, 132.214904785, 90.2554168701, 65.9320526123, 29.9793567657, 28.7762546539, 13.891494751, 5.62105512619, 0.50694334507, 0.0374899990857, 0.0023309965618, 3.32995223289e-05, 7.17426695829e-09],
        "dvar2": [0.179646372795, 5.92896413803, 27.87059021, 193.469543457, 301.399475098, 794.155334473, 1514.55163574, 1354.67614746, 5181.25341797, 4693.21972656, 1961.44238281, 1101.85180664, 2931.515625, 1822.39221191, 1791.85559082, 1074.26281738, 1136.71740723, 706.082885742, 821.190002441, 579.496582031, 1024.64978027, 1364.34545898, 1081.30969238, 1385.29919434, 914.689941406, 517.017028809, 612.958068848, 675.305114746, 337.289154053, 219.456604004, 175.42388916, 65.8121871948, 59.2580223083, 35.1265068054, 13.6795158386, 1.01851415634, 0.0694259703159, 0.00439552683383, 6.72846654197e-05, 1.43274903053e-08],
        "max": [3.36165904999, 21.8757133484, 40.0072593689, 164.18019104, 190.461273193, 523.821472168, 579.616271973, 503.391845703, 1370.08068848, 1277.42663574, 975.792175293, 612.145568848, 639.09185791, 585.661804199, 920.650085449, 438.509979248, 839.717895508, 626.099365234, 807.647644043, 541.532226562, 894.880554199, 489.988861084, 361.727478027, 282.760406494, 162.487380981, 160.041625977, 281.054412842, 143.87651062, 243.231414795, 135.931808472, 120.08997345, 121.611885071, 147.508377075, 66.8105773926, 58.2030792236, 17.6594848633, 3.62103676796, 0.680445730686, 0.100324653089, 0.00136694835965],
        "mean": [0.32344609499, 1.83916544914, 2.88321042061, 5.20061159134, 8.16772079468, 15.538269043, 22.7172374725, 18.4644298553, 30.3445281982, 30.0719394684, 24.3300437927, 21.5613765717, 28.0094089508, 27.5638008118, 25.4056167603, 22.8398017883, 19.4815349579, 16.1932487488, 16.0340633392, 17.7769317627, 16.1665439606, 17.8861293793, 16.6477489471, 15.4894227982, 12.3114023209, 10.8622264862, 11.7208156586, 9.80491828918, 8.31980133057, 7.45987272263, 6.2391705513, 5.07238769531, 3.80938744545, 2.42569231987, 1.26230788231, 0.448008537292, 0.133266091347, 0.0283755194396, 0.00238378462382, 7.74755390012e-05],
        "median": [0.133188292384, 0.968226015568, 0.939442813396, 1.53923404217, 3.95915102959, 6.82986783981, 7.10271835327, 7.24120283127, 10.8987569809, 9.54097652435, 10.8499984741, 10.2240571976, 12.7008142471, 14.1496019363, 10.9078292847, 9.77587413788, 7.62460231781, 6.76369476318, 7.68884277344, 10.1803913116, 9.19443893433, 9.51994991302, 8.32461166382, 7.6857175827, 5.68229579926, 4.64552927017, 4.03569364548, 3.0953681469, 2.57766914368, 1.88927650452, 1.4558621645, 1.00635385513, 0.67756074667, 0.371181696653, 0.21478971839, 0.0787193402648, 0.0268693752587, 0.00451327767223, 0.000184323434951, 4.68879952678e-05],
        "min": [2.92782556907e-22, 9.23952363363e-22, 3.22306805934e-21, 1.61830778263e-20, 2.00455556913e-20, 3.28315449135e-20, 7.28092840846e-20, 1.23675792964e-19, 2.38069146039e-19, 5.49828142236e-19, 3.95690195369e-19, 3.89361565749e-19, 6.77671387448e-19, 1.19420116733e-18, 1.23573835198e-18, 6.85213982165e-19, 2.67202767745e-18, 2.09633044384e-18, 3.64417768942e-18, 3.96566350244e-18, 5.23405108679e-18, 8.65821693124e-18, 4.61067991895e-18, 7.17709958645e-18, 1.08779941553e-17, 1.18979856056e-17, 1.26933826303e-17, 1.36733021429e-17, 1.51857291011e-17, 1.19885610555e-17, 1.29827022844e-17, 1.26659210611e-17, 9.97288982036e-18, 8.02293560335e-18, 7.65852780194e-18, 4.41210321879e-18, 2.92828471571e-18, 1.15132550105e-18, 2.78984342569e-19, 3.06274446232e-20],
        "var": [0.189520567656, 6.08864450455, 22.9669113159, 120.466629028, 173.538085938, 553.198730469, 2172.31445312, 1097.70080566, 4799.71972656, 4909.79199219, 2278.46166992, 1164.0123291, 2079.75390625, 1518.30761719, 1850.63146973, 1315.10021973, 1658.75683594, 811.657531738, 934.659606934, 937.124938965, 590.047973633, 749.081420898, 589.049499512, 604.627563477, 321.314941406, 239.274505615, 530.597717285, 304.235748291, 203.495101929, 165.652267456, 137.592300415, 125.580329895, 98.5810012817, 38.70835495, 9.28787231445, 1.05044853687, 0.0715209469199, 0.00385375926271, 4.45205769211e-05, 1.16956559992e-08]
    },
    "gfcc": {
        "mean": [5.88829231262, 82.3401412964, -117.419319153, 27.6950588226, -62.6741867065, 9.46835803986, -36.1743202209, 9.72725105286, -21.8686294556, 2.96881723404, -13.6878919601, 6.19249296188, -6.70999145508],
        "cov": [[7964.91503906, -1053.72192383, 2090.63330078, 682.522155762, 233.713607788, 959.215759277, 48.2182426453, 442.457702637, -241.629364014, 312.561462402, -188.251174927, 210.745346069, -255.248306274], [-1053.72192383, 1845.99060059, -150.535980225, 4.58522319794, 301.637176514, -173.476898193, 210.791091919, -114.19392395, 122.317764282, -151.422546387, 124.993377686, -129.72076416, 105.089294434], [2090.63330078, -150.535980225, 1877.95874023, 394.912628174, 427.965881348, 604.026123047, 168.173065186, 233.980728149, -44.7001838684, 147.289962769, -75.5979919434, 85.6845779419, -137.232543945], [682.522155762, 4.58522319794, 394.912628174, 375.366241455, 147.42880249, 177.544952393, 58.2596435547, 71.7524337769, 0.462751418352, 13.4568433762, -14.7361726761, 14.0606584549, -13.5312929153], [233.713607788, 301.637176514, 427.965881348, 147.42880249, 342.020751953, 166.428924561, 137.470077515, 57.6050338745, 27.996629715, 22.7672195435, 6.8193821907, -5.27503538132, -24.1623706818], [959.215759277, -173.476898193, 604.026123047, 177.544952393, 166.428924561, 367.328948975, 112.082305908, 130.07333374, -14.0863046646, 81.2602233887, -21.1372718811, 38.5709571838, -66.7850265503], [48.2182426453, 210.791091919, 168.173065186, 58.2596435547, 137.470077515, 112.082305908, 199.531112671, 61.2005805969, 43.9750823975, 15.0545301437, 24.8358650208, -5.52840948105, -25.3553771973], [442.457702637, -114.19392395, 233.980728149, 71.7524337769, 57.6050338745, 130.07333374, 61.2005805969, 150.56703186, 37.2683563232, 55.460723877, -8.60247612, 28.6512451172, -28.3641662598], [-241.629364014, 122.317764282, -44.7001838684, 0.462751418352, 27.996629715, -14.0863046646, 43.9750823975, 37.2683563232, 102.009246826, 30.1330661774, 25.5654010773, -9.13691997528, 5.41193389893], [312.561462402, -151.422546387, 147.289962769, 13.4568433762, 22.7672195435, 81.2602233887, 15.0545301437, 55.460723877, 30.1330661774, 112.907745361, 21.0647697449, 32.0639877319, -30.118516922], [-188.251174927, 124.993377686, -75.5979919434, -14.7361726761, 6.8193821907, -21.1372718811, 24.8358650208, -8.60247612, 25.5654010773, 21.0647697449, 90.450340271, 30.3079891205, 17.0506801605], [210.745346069, -129.72076416, 85.6845779419, 14.0606584549, -5.27503538132, 38.5709571838, -5.52840948105, 28.6512451172, -9.13691997528, 32.0639877319, 30.3079891205, 94.108253479, 16.767698288], [-255.248306274, 105.089294434, -137.232543945, -13.5312929153, -24.1623706818, -66.7850265503, -25.3553771973, -28.3641662598, 5.41193389893, -30.118516922, 17.0506801605, 16.767698288, 93.6487808228]],
        "icov": [[0.000273590005236, -0.000133271372761, -7.07098297426e-05, -0.000279952888377, 0.000257078994764, -0.000263583177002, 0.000158028371516, -0.000415356742451, 0.000768530881032, -0.000607044785284, 0.000474200816825, -0.000353846990038, 0.000283890985884], [-0.000133271372761, 0.00153921521269, -0.000291980686598, 0.000309956783894, -0.00123177142814, 0.000857220671605, -0.000959562079515, 0.000773178355303, -0.00140049064066, 0.0020049684681, -0.00249783555046, 0.00216457759961, -0.0014127161121], [-7.07098297426e-05, -0.000291980686598, 0.00158145313617, -0.00033088561031, -0.000949351408053, -0.00147371541243, 0.000496728694998, -0.00025796375121, 0.000512914906722, -0.000694902904797, 0.00137126701884, -0.00129028130323, 0.000893239979632], [-0.000279952888377, 0.000309956783894, -0.00033088561031, 0.00426314305514, -0.00120663654525, -0.00103936716914, 0.000371668982552, -0.000134750443976, -0.00135958765168, 0.00213212054223, -0.00102660444099, 0.000820009678137, -0.00116810679901], [0.000257078994764, -0.00123177142814, -0.000949351408053, -0.00120663654525, 0.00690040038899, -0.00121698819567, -0.00184048176743, 0.000184524236829, 0.000396199931856, -0.00147190724965, 0.00128018634859, -0.000440014177002, 0.000336908036843], [-0.000263583177002, 0.000857220671605, -0.00147371541243, -0.00103936716914, -0.00121698819567, 0.00952944438905, -0.00338744861074, -0.00227716052905, 0.00243255868554, -0.00185219198465, -0.000665128289256, 0.000849829579238, 0.000117573174066], [0.000158028371516, -0.000959562079515, 0.000496728694998, 0.000371668982552, -0.00184048176743, -0.00338744861074, 0.010212241672, -0.00243536708876, -0.00197032280266, 0.00182429328561, -0.0018199441256, -0.000229775585467, 0.00249893125147], [-0.000415356742451, 0.000773178355303, -0.00025796375121, -0.000134750443976, 0.000184524236829, -0.00227716052905, -0.00243536708876, 0.0144033497199, -0.00736399553716, -0.000272372126346, 0.00236040866002, -0.0027387640439, 0.00012811315537], [0.000768530881032, -0.00140049064066, 0.000512914906722, -0.00135958765168, 0.000396199931856, 0.00243255868554, -0.00197032280266, -0.00736399553716, 0.0202275607735, -0.00883303675801, -0.000150089952513, 0.00245880405419, -0.00112808065023], [-0.000607044785284, 0.0020049684681, -0.000694902904797, 0.00213212054223, -0.00147190724965, -0.00185219198465, 0.00182429328561, -0.000272372126346, -0.00883303675801, 0.0199265852571, -0.00761371850967, -0.000329230359057, 0.00246034446172], [0.000474200816825, -0.00249783555046, 0.00137126701884, -0.00102660444099, 0.00128018634859, -0.000665128289256, -0.0018199441256, 0.00236040866002, -0.000150089952513, -0.00761371850967, 0.0221268702298, -0.0108981942758, 0.00151738314889], [-0.000353846990038, 0.00216457759961, -0.00129028130323, 0.000820009678137, -0.000440014177002, 0.000849829579238, -0.000229775585467, -0.0027387640439, 0.00245880405419, -0.000329230359057, -0.0108981942758, 0.0211183782667, -0.00760990241542], [0.000283890985884, -0.0014127161121, 0.000893239979632, -0.00116810679901, 0.000336908036843, 0.000117573174066, 0.00249893125147, 0.00012811315537, -0.00112808065023, 0.00246034446172, 0.00151738314889, -0.00760990241542, 0.01700633578]]
    },
    "melbands": {
        "dmean": [0.00154748687055, 0.000936822616495, 0.00061619101325, 0.000573847384658, 0.000475183536764, 0.000253167439951, 0.000288025214104, 0.000187795347301, 0.000122581492178, 8.29703858471e-05, 0.000101525947684, 7.68252721173e-05, 5.69134535908e-05, 3.88047883462e-05, 3.68434157281e-05, 2.04221742024e-05, 1.76935554919e-05, 1.6215877622e-05, 1.41466007335e-05, 1.31967990455e-05, 1.131447425e-05, 1.37721171996e-05, 8.91255604074e-06, 1.14127524284e-05, 8.8314709501e-06, 6.82147083353e-06, 6.36871345705e-06, 4.90926504426e-06, 5.30115266884e-06, 4.41179827249e-06, 4.74924991067e-06, 3.57792396244e-06, 2.84216389446e-06, 2.98013333122e-06, 2.79373125522e-06, 2.13686234929e-06, 1.95201187125e-06, 1.75938157554e-06, 1.69786972037e-06, 1.27759722091e-06],
        "dmean2": [0.00227855728008, 0.00140352535527, 0.00102119415533, 0.000924466934521, 0.000654443050735, 0.000382851605536, 0.000425497011747, 0.000270811287919, 0.000182280738954, 0.000129512118292, 0.000161499803653, 0.000120799501019, 8.83978646016e-05, 6.24054664513e-05, 5.81136409892e-05, 3.26443077938e-05, 2.84628276859e-05, 2.58318614215e-05, 2.33102291531e-05, 2.19084540731e-05, 1.89167367353e-05, 2.27583113883e-05, 1.53183227667e-05, 1.94256226678e-05, 1.55042289407e-05, 1.1850125702e-05, 1.11178533189e-05, 8.4802541096e-06, 9.13878011488e-06, 7.49356831875e-06, 8.29171403893e-06, 5.95705341766e-06, 4.64957338409e-06, 4.80637254441e-06, 4.52945550933e-06, 3.42965040545e-06, 3.10893074129e-06, 2.61153422798e-06, 2.72126226264e-06, 1.99424471248e-06],
        "dvar": [5.56823124498e-06, 2.1081457362e-06, 2.03077047445e-06, 8.58818964389e-07, 9.91111051007e-07, 2.78953223187e-07, 4.86416183776e-07, 2.27856872925e-07, 6.7466807252e-08, 2.19619700204e-08, 3.70513006942e-08, 1.72856893244e-08, 1.3203335314e-08, 7.18302795022e-09, 6.59556897986e-09, 1.59553037449e-09, 1.18576792829e-09, 1.96069849245e-09, 6.66076915845e-10, 4.51330528506e-10, 6.4661503929e-10, 7.037110894e-10, 3.83337611654e-10, 4.63968308217e-10, 3.37872729794e-10, 1.98243504945e-10, 1.48189530091e-10, 8.60240281786e-11, 1.05356855185e-10, 8.25926965708e-11, 1.0842340914e-10, 4.96868865496e-11, 2.76121105147e-11, 3.35326488798e-11, 3.12510295419e-11, 1.53588721602e-11, 1.29690164857e-11, 1.30790040256e-11, 1.90277706785e-11, 9.28821863172e-12],
        "dvar2": [1.14641270557e-05, 4.96615939483e-06, 5.63345656701e-06, 2.15720092456e-06, 1.75861600837e-06, 6.53517304272e-07, 1.03961212972e-06, 4.29231619137e-07, 1.30813987198e-07, 4.94786185357e-08, 8.82387496404e-08, 4.23603587762e-08, 2.91005211039e-08, 1.71840195407e-08, 1.44154181925e-08, 3.68497365955e-09, 2.55050180975e-09, 3.74389808044e-09, 1.60659396897e-09, 1.11167586248e-09, 1.6422173621e-09, 1.80332415667e-09, 1.09459197262e-09, 1.22940879699e-09, 9.4480046009e-10, 5.61452551118e-10, 4.09670075641e-10, 2.32648400544e-10, 2.83365053644e-10, 2.04288586048e-10, 2.97406377303e-10, 1.28506011388e-10, 6.81646683542e-11, 8.32946281393e-11, 8.96948626483e-11, 3.74177841489e-11, 2.89576349011e-11, 2.42504783615e-11, 4.93037971561e-11, 2.33832033597e-11],
        "max": [0.0268120188266, 0.0155580341816, 0.0245959311724, 0.0238183718175, 0.0200731325895, 0.0114815691486, 0.0177088920027, 0.0117100086063, 0.00724357226864, 0.00385014037602, 0.00319648208097, 0.00218776240945, 0.00388836394995, 0.00269256299362, 0.00184450077359, 0.00105468789116, 0.00107761798427, 0.0018258781638, 0.000801890622824, 0.000476993562188, 0.0011318748584, 0.000517259526532, 0.000280615582597, 0.000559733947739, 0.000251663761446, 0.00016484502703, 0.0001061382427, 0.000137120310683, 0.000153030574438, 0.000209470497794, 9.68109161477e-05, 0.000141604818054, 0.000108892229036, 6.61657686578e-05, 7.92388964328e-05, 5.63939247513e-05, 8.76020712894e-05, 9.51892143348e-05, 9.02463798411e-05, 6.55945914332e-05],
        "mean": [0.00276231835596, 0.00184406433254, 0.000941152276937, 0.000854153651744, 0.000804979354143, 0.00042649245006, 0.000466673634946, 0.000293672055705, 0.000206845172215, 0.000137550785439, 0.000145640806295, 0.000117394331028, 9.46754516917e-05, 6.13510346739e-05, 6.62499587634e-05, 3.52403185389e-05, 2.87001894321e-05, 2.64080063062e-05, 2.53428370343e-05, 2.23163769988e-05, 1.69535251189e-05, 1.97686458705e-05, 1.25401593323e-05, 1.65680721693e-05, 1.2029690879e-05, 9.55776249612e-06, 8.4940211309e-06, 6.74495231578e-06, 7.25693735149e-06, 6.86741896061e-06, 5.35804065294e-06, 4.74084572488e-06, 4.20236938226e-06, 4.16118291469e-06, 3.74138812731e-06, 3.11214125759e-06, 3.16183172799e-06, 2.76312403003e-06, 2.33038645092e-06, 1.94369681594e-06],
        "median": [0.00127669004723, 0.00105482689105, 0.000382688973332, 0.000426744867582, 0.000277785205981, 0.000173586173332, 0.000170425671968, 9.22356848605e-05, 8.00851776148e-05, 6.32999654044e-05, 6.27723347861e-05, 5.9188092564e-05, 3.8017242332e-05, 2.25228050112e-05, 2.08421133721e-05, 1.30963526317e-05, 1.122984213e-05, 1.07677751657e-05, 1.1415494555e-05, 1.16638439067e-05, 8.59306601342e-06, 9.89135969576e-06, 5.76384536544e-06, 7.87082990428e-06, 5.59643740417e-06, 4.34473759015e-06, 3.61123784387e-06, 2.69677843789e-06, 2.57481133303e-06, 1.95226016331e-06, 1.66708844063e-06, 1.48475032802e-06, 1.17142610634e-06, 9.9415024124e-07, 8.73722797223e-07, 6.79642539581e-07, 5.71919940739e-07, 4.82513485167e-07, 3.73774383888e-07, 2.87152403189e-07],
        "min": [2.84382660281e-24, 2.05242221282e-24, 2.98608031213e-24, 1.51014295631e-24, 2.36053136366e-24, 3.0281826075e-24, 3.71430660716e-24, 6.11312533486e-24, 2.26687937471e-24, 1.7935255579e-24, 3.25070173063e-24, 4.65959941875e-24, 3.62273760544e-24, 1.65151126787e-24, 3.16748222994e-24, 5.32719425904e-24, 3.31733641687e-24, 4.47638095148e-24, 5.99230339861e-24, 5.98114969427e-24, 5.71638194207e-24, 7.19074719671e-24, 5.53119053368e-24, 3.70251313663e-24, 4.83301747256e-24, 7.50330650913e-24, 8.78665698418e-24, 7.11193999228e-24, 6.43176439828e-24, 7.27492575505e-24, 6.10619834725e-24, 7.19852852068e-24, 8.01793017585e-24, 5.97637550807e-24, 7.05164183127e-24, 8.04665812343e-24, 6.75806487881e-24, 5.35882955349e-24, 6.386536636e-24, 7.17490765859e-24],
        "var": [1.28998226501e-05, 5.5507948673e-06, 2.91028095489e-06, 1.52110658291e-06, 2.47309253609e-06, 5.45726891232e-07, 1.00521651802e-06, 4.61273430119e-07, 1.66406991298e-07, 4.9653692713e-08, 6.0256411416e-08, 2.95593149957e-08, 3.13452055423e-08, 1.31938939774e-08, 2.14555058164e-08, 4.35205427252e-09, 2.78484368899e-09, 4.10417566599e-09, 2.12312567527e-09, 1.16507714587e-09, 8.51227588416e-10, 1.02081942899e-09, 4.11751938101e-10, 7.49575235215e-10, 4.16597312203e-10, 2.08347991637e-10, 1.56840110344e-10, 1.05561483166e-10, 1.72472119919e-10, 2.97986912923e-10, 9.83494743978e-11, 7.04563005161e-11, 5.03396491158e-11, 5.49875735223e-11, 5.5427027551e-11, 3.27094497321e-11, 6.23191012683e-11, 5.44103477551e-11, 3.7835925365e-11, 2.51118049965e-11]
    },
    "mfcc": {
        "mean": [-636.450927734, 113.761749268, 0.0997010692954, 19.7306575775, -3.32796788216, 0.870063602924, -2.76307368279, 4.39159870148, -1.32849633694, -0.937150597572, -3.05471467972, -1.03344380856, 0.777608692646],
        "cov": [[5286.20751953, -859.674072266, 1466.94958496, 171.997741699, 501.3152771, 406.198394775, 421.572753906, 239.161819458, 185.69694519, 144.626815796, 105.220817566, 136.033950806, 10.7627830505], [-859.674072266, 1569.49035645, -104.576019287, 182.924682617, 74.3686981201, 54.2098884583, 86.8440093994, 53.7383041382, 30.1956996918, 32.2139968872, -0.933296620846, 5.23643445969, 32.6798400879], [1466.94958496, -104.576019287, 1232.58251953, 146.773117065, 428.441650391, 321.011077881, 296.18069458, 189.711776733, 143.163299561, 119.174758911, 84.3255844116, 77.1698608398, 18.3005237579], [171.997741699, 182.924682617, 146.773117065, 260.534301758, 132.019729614, 87.2498321533, 70.3196029663, 63.5723228455, 40.1865539551, 28.1696605682, 10.2383575439, 4.61505937576, 3.46050834656], [501.3152771, 74.3686981201, 428.441650391, 132.019729614, 309.302642822, 168.30947876, 143.092834473, 87.8842926025, 67.5027542114, 68.2106323242, 36.2660751343, 12.314078331, 2.22007513046], [406.198394775, 54.2098884583, 321.011077881, 87.2498321533, 168.30947876, 219.985305786, 155.195724487, 82.421005249, 55.0737571716, 58.9824256897, 47.308139801, 36.3549194336, 3.96709632874], [421.572753906, 86.8440093994, 296.18069458, 70.3196029663, 143.092834473, 155.195724487, 208.01322937, 110.173187256, 63.0951347351, 52.8233184814, 47.4125671387, 52.4007339478, 8.8071231842], [239.161819458, 53.7383041382, 189.711776733, 63.5723228455, 87.8842926025, 82.421005249, 110.173187256, 142.114761353, 67.7240142822, 41.0350723267, 37.3125, 35.1907539368, 16.0065593719], [185.69694519, 30.1956996918, 143.163299561, 40.1865539551, 67.5027542114, 55.0737571716, 63.0951347351, 67.7240142822, 105.827735901, 65.1576461792, 29.8623104095, 17.0892734528, 3.58051204681], [144.626815796, 32.2139968872, 119.174758911, 28.1696605682, 68.2106323242, 58.9824256897, 52.8233184814, 41.0350723267, 65.1576461792, 109.136505127, 59.1379737854, 20.7303905487, -1.9620552063], [105.220817566, -0.933296620846, 84.3255844116, 10.2383575439, 36.2660751343, 47.308139801, 47.4125671387, 37.3125, 29.8623104095, 59.1379737854, 99.4924087524, 56.177482605, 11.7633972168], [136.033950806, 5.23643445969, 77.1698608398, 4.61505937576, 12.314078331, 36.3549194336, 52.4007339478, 35.1907539368, 17.0892734528, 20.7303905487, 56.177482605, 104.585868835, 43.7389068604], [10.7627830505, 32.6798400879, 18.3005237579, 3.46050834656, 2.22007513046, 3.96709632874, 8.8071231842, 16.0065593719, 3.58051204681, -1.9620552063, 11.7633972168, 43.7389068604, 91.0666122437]],
