{
"lowlevel": {
    "average_loudness": 0.0366367734969,
    "barkbands_crest": {
        "dmean": 1.86895537376,
        "dmean2": 2.90801358223,
        "dvar": 3.94699311256,
        "dvar2": 10.3700675964,
        "max": 26.865020752,
        "mean": 14.4844150543,
        "median": 13.8383865356,
        "min": 3.71019387245,
        "var": 24.1550064087
    },
    "barkbands_flatness_db": {
        "dmean": 0.027465319261,
        "dmean2": 0.0387284643948,
        "dvar": 0.00116235471796,
        "dvar2": 0.00222476664931,
        "max": 0.698341548443,
        "mean": 0.327607542276,
        "median": 0.312167972326,
        "min": 0.0402977354825,
        "var": 0.0135913500562
    },
    "barkbands_kurtosis": {
        "dmean": 11.6057004929,
        "dmean2": 17.8138256073,
        "dvar": 1650.3704834,
        "dvar2": 4256.52246094,
        "max": 2048.75878906,
        "mean": 31.0229167938,
        "median": 12.3487539291,
        "min": -1.95750463009,
        "var": 5206.27587891
    },
    "barkbands_skewness": {
        "dmean": 0.745453238487,
        "dmean2": 1.13318324089,
        "dvar": 1.2673470974,
        "dvar2": 2.99323797226,
        "max": 35.4137649536,
        "mean": 2.91754674911,
        "median": 2.43381690979,
        "min": -3.48058843613,
        "var": 6.36249542236
    },
    "barkbands_spread": {
        "dmean": 1.61574292183,
        "dmean2": 2.53264331818,
        "dvar": 11.9406051636,
        "dvar2": 28.9172668457,
        "max": 66.9754486084,
        "mean": 5.2518696785,
        "median": 2.83209037781,
        "min": 0.0420879274607,
        "var": 36.0653266907
    },
    "dissonance": {
        "dmean": 0.0313266180456,
        "dmean2": 0.051452409476,
        "dvar": 0.000859218474943,
        "dvar2": 0.0021989333909,
        "max": 0.499805241823,
        "mean": 0.398816019297,
        "median": 0.412827283144,
        "min": 0.147503644228,
        "var": 0.00432059541345
    },
    "dynamic_complexity": 6.61569452286,
    "erbbands_crest": {
        "dmean": 2.14700889587,
        "dmean2": 3.29324555397,
        "dvar": 5.41873407364,
        "dvar2": 12.6896810532,
        "max": 32.183807373,
        "mean": 14.4968423843,
        "median": 13.4924821854,
        "min": 2.9811270237,
        "var": 38.7057304382
    },
    "erbbands_flatness_db": {
        "dmean": 0.0211651735008,
        "dmean2": 0.0298019293696,
        "dvar": 0.000669735018164,
        "dvar2": 0.00124861986842,
        "max": 0.522214353085,
        "mean": 0.271194249392,
        "median": 0.265794843435,
        "min": 0.0673666149378,
        "var": 0.00555287953466
    },
    "erbbands_kurtosis": {
        "dmean": 4.58606767654,
        "dmean2": 6.80461120605,
        "dvar": 105.263961792,
        "dvar2": 225.426605225,
        "max": 426.089996338,
        "mean": 13.0034036636,
        "median": 2.53844690323,
        "min": -1.96248042583,
        "var": 953.240844727
    },
    "erbbands_skewness": {
        "dmean": 0.511048018932,
        "dmean2": 0.759414315224,
        "dvar": 0.419532716274,
        "dvar2": 0.88105404377,
        "max": 16.7838592529,
        "mean": 1.92703485489,
        "median": 1.44772815704,
        "min": -6.07736778259,
        "var": 4.5244140625
    },
    "erbbands_spread": {
        "dmean": 5.37469530106,
        "dmean2": 8.39033794403,
        "dvar": 84.3649902344,
        "dvar2": 191.628036499,
        "max": 113.028907776,
        "mean": 19.8640880585,
        "median": 16.6081981659,
        "min": 0.428878605366,
        "var": 246.092575073
    },
    "hfc": {
        "dmean": 1.4084495306,
        "dmean2": 2.03282999992,
        "dvar": 19.7518081665,
        "dvar2": 50.2554321289,
        "max": 107.07232666,
        "mean": 5.05209684372,
        "median": 1.93672132492,
        "min": 1.17488578452e-16,
        "var": 70.28931427
    },
    "melbands_crest": {
        "dmean": 2.17536973953,
        "dmean2": 3.40443539619,
        "dvar": 5.65608644485,
        "dvar2": 14.5729084015,
        "max": 35.3665733337,
        "mean": 18.9815330505,
        "median": 19.2015094757,
        "min": 2.21865057945,
        "var": 34.4804954529
    },
    "melbands_flatness_db": {
        "dmean": 0.0311977900565,
        "dmean2": 0.0435126833618,
        "dvar": 0.00162228941917,
        "dvar2": 0.00302116316743,
        "max": 0.859533131123,
        "mean": 0.441142231226,
        "median": 0.428204119205,
        "min": 0.00566732930019,
        "var": 0.0206758901477
    },
    "melbands_kurtosis": {
        "dmean": 12.8932657242,
        "dmean2": 20.1230640411,
        "dvar": 808.943908691,
        "dvar2": 1934.15222168,
        "max": 745.834106445,
        "mean": 35.2943267822,
        "median": 17.8092708588,
        "min": -1.84500813484,
        "var": 2508.09350586
    },
    "melbands_skewness": {
        "dmean": 0.781039118767,
        "dmean2": 1.20349061489,
        "dvar": 1.13389623165,
        "dvar2": 2.61415958405,
        "max": 17.3567867279,
        "mean": 3.22991919518,
        "median": 2.75317287445,
        "min": -1.96049678326,
        "var": 5.91847372055
    },
    "melbands_spread": {
        "dmean": 1.72895765305,
        "dmean2": 2.69388890266,
        "dvar": 17.1274852753,
        "dvar2": 39.1818351746,
        "max": 165.331466675,
        "mean": 6.11716604233,
        "median": 2.95870780945,
        "min": 0.209273919463,
        "var": 81.4219741821
    },
    "pitch_salience": {
        "dmean": 0.0565876737237,
        "dmean2": 0.0884480774403,
        "dvar": 0.0035342448391,
        "dvar2": 0.00824034400284,
        "max": 0.992738068104,
        "mean": 0.41225284338,
        "median": 0.435132235289,
        "min": 0.0160573869944,
        "var": 0.0291171036661
    },
    "silence_rate_20dB": {
        "dmean": 0.00604150258005,
        "dmean2": 0.0120845921338,
        "dvar": 0.00600523501635,
        "dvar2": 0.0153530426323,
        "max": 1,
        "mean": 0.987655937672,
        "median": 1,
        "min": 0,
        "var": 0.0121918460354
    },
    "silence_rate_30dB": {
        "dmean": 0.027318097651,
        "dmean2": 0.0546433739364,
        "dvar": 0.0265729222447,
        "dvar2": 0.0571774952114,
        "max": 1,
        "mean": 0.910833895206,
        "median": 1,
        "min": 0,
        "var": 0.0812204554677
    },
    "silence_rate_60dB": {
        "dmean": 0.0472813248634,
        "dmean2": 0.0945750698447,
        "dvar": 0.045046672225,
        "dvar2": 0.0971973016858,
        "max": 1,
        "mean": 0.281418263912,
        "median": 0,
        "min": 0,
        "var": 0.202234089375
    },
    "spectral_centroid": {
        "dmean": 75.6516418457,
        "dmean2": 117.514533997,
        "dvar": 28206.3710938,
        "dvar2": 57782.1757812,
        "max": 11587.6337891,
        "mean": 440.011535645,
        "median": 310.28137207,
        "min": 110.073997498,
        "var": 204922.75
    },
    "spectral_complexity": {
        "dmean": 0.94168639183,
        "dmean2": 1.54735326767,
        "dvar": 1.7246837616,
        "dvar2": 3.7376127243,
        "max": 24,
        "mean": 4.79960584641,
        "median": 4,
        "min": 0,
        "var": 11.2390775681
    },
    "spectral_decrease": {
        "dmean": 2.22745177858e-09,
        "dmean2": 3.19553050687e-09,
        "dvar": 8.30830861335e-17,
        "dvar2": 2.19501904662e-16,
        "max": 1.68588526808e-21,
        "mean": -8.02793653776e-09,
        "median": -1.86527904233e-09,
        "min": -2.354613855e-07,
        "var": 3.11372593663e-16
    },
    "spectral_energy": {
        "dmean": 0.00852748844773,
        "dmean2": 0.0122329611331,
        "dvar": 0.00121052935719,
        "dvar2": 0.00319727370515,
        "max": 0.898396968842,
        "mean": 0.0307574570179,
        "median": 0.00725868856534,
        "min": 1.05605381401e-20,
        "var": 0.00453223148361
    },
    "spectral_energyband_high": {
        "dmean": 1.10172986751e-05,
        "dmean2": 1.79982398549e-05,
        "dvar": 1.67681657448e-09,
        "dvar2": 3.73601061199e-09,
        "max": 0.00137553096283,
        "mean": 1.26410759549e-05,
        "median": 7.87578130712e-07,
        "min": 7.72843651258e-21,
        "var": 2.47754639027e-09
    },
    "spectral_energyband_low": {
        "dmean": 0.00687514478341,
        "dmean2": 0.0102833649144,
        "dvar": 0.00108112918679,
        "dvar2": 0.00296557415277,
        "max": 0.853822588921,
        "mean": 0.0231025908142,
        "median": 0.00210583815351,
        "min": 3.06747900352e-23,
        "var": 0.00381016521715
    },
    "spectral_energyband_middle_high": {
        "dmean": 0.000129477048176,
        "dmean2": 0.00019309601339,
        "dvar": 7.59890355084e-08,
        "dvar2": 1.58015978968e-07,
        "max": 0.00444042542949,
        "mean": 0.000332519528456,
        "median": 9.84772486845e-05,
        "min": 1.39491570286e-21,
        "var": 2.89644958684e-07
    },
    "spectral_energyband_middle_low": {
        "dmean": 0.00381724443287,
        "dmean2": 0.00532294716686,
        "dvar": 0.000150802705321,
        "dvar2": 0.0003512930125,
        "max": 0.293889641762,
        "mean": 0.0105419680476,
        "median": 0.00352222868241,
        "min": 1.92858151888e-22,
        "var": 0.000469181657536
    },
    "spectral_entropy": {
        "dmean": 0.258673578501,
        "dmean2": 0.369777202606,
        "dvar": 0.125079646707,
        "dvar2": 0.237718194723,
        "max": 9.8039855957,
        "mean": 5.80790090561,
        "median": 5.90962266922,
        "min": 3.16882801056,
        "var": 0.989316344261
    },
    "spectral_flux": {
        "dmean": 0.0149264512584,
        "dmean2": 0.024506540969,
        "dvar": 0.00135011633392,
        "dvar2": 0.00315689994022,
        "max": 0.835034132004,
        "mean": 0.0361505486071,
        "median": 0.0232838205993,
        "min": 6.58865184633e-11,
        "var": 0.00256541138515
    },
    "spectral_kurtosis": {
        "dmean": 9.90575885773,
        "dmean2": 15.7091970444,
        "dvar": 166.553283691,
        "dvar2": 376.842681885,
        "max": 366.977783203,
        "mean": 36.8843078613,
        "median": 23.6162223816,
        "min": -1.24243402481,
        "var": 1326.63452148
    },
    "spectral_rms": {
        "dmean": 0.000556039158255,
        "dmean2": 0.000756790337618,
        "dvar": 1.62116077718e-06,
        "dvar2": 3.57530984729e-06,
        "max": 0.0296054873616,
        "mean": 0.00396170513704,
        "median": 0.00266113644466,
        "min": 3.20982303237e-12,
        "var": 1.4312170606e-05
    },
    "spectral_rolloff": {
        "dmean": 87.7083511353,
        "dmean2": 152.338119507,
        "dvar": 129010.734375,
        "dvar2": 253422.09375,
        "max": 19121.484375,
        "mean": 444.809234619,
        "median": 258.3984375,
        "min": 43.06640625,
        "var": 545702.75
    },
    "spectral_skewness": {
        "dmean": 0.671299040318,
        "dmean2": 1.05342388153,
        "dvar": 0.550506711006,
        "dvar2": 1.10179305077,
        "max": 16.8743553162,
        "mean": 4.38158798218,
        "median": 3.81468629837,
        "min": -0.0293402504176,
        "var": 5.55703115463
    },
    "spectral_spread": {
        "dmean": 506109.34375,
        "dmean2": 799446.1875,
        "dvar": 575579619328,
        "dvar2": 1.15730874368e+12,
        "max": 42059612,
        "mean": 2499641.5,
        "median": 2302473.25,
        "min": 397061.3125,
        "var": 2.52853695283e+12
    },
    "spectral_strongpeak": {
        "dmean": 0.169361770153,
        "dmean2": 0.274405628443,
        "dvar": 0.0788718685508,
        "dvar2": 0.195957258344,
        "max": 4.62947416306,
        "mean": 0.588144361973,
        "median": 0.415570646524,
        "min": 0,
        "var": 0.300909280777
    },
    "zerocrossingrate": {
        "dmean": 0.00323552056216,
        "dmean2": 0.00416716281325,
        "dvar": 6.91604291205e-05,
        "dvar2": 6.99212250765e-05,
        "max": 0.73046875,
        "mean": 0.0192470662296,
        "median": 0.01416015625,
        "min": 0.00146484375,
        "var": 0.00059101608349
    },
    "barkbands": {
        "dmean": [5.25375435245e-05, 0.00234728190117, 0.00426149740815, 0.00232632365078, 0.0014835112961, 0.000461089133751, 0.000164529061294, 9.15751006687e-05, 6.0091548221e-05, 3.09123133775e-05, 4.71694620501e-05, 3.47885434167e-05, 2.04514853976e-05, 9.82333858701e-06, 1.1242450455e-05, 7.65792083257e-06, 9.43778832152e-06, 1.34283291118e-05, 8.51323238749e-06, 3.75773720407e-06, 1.86339718766e-06, 1.33930234369e-06, 2.53287203122e-06, 1.81868767868e-06, 1.75813522674e-06, 9.38369510095e-07, 9.71182601006e-08],
        "dmean2": [7.96842941782e-05, 0.0032336039003, 0.0065766973421, 0.00350739643909, 0.00195575901307, 0.000724488520063, 0.000251599121839, 0.000138798903208, 9.04369589989e-05, 4.65752600576e-05, 7.36448128009e-05, 5.12139231432e-05, 3.20088111039e-05, 1.56952992256e-05, 1.67133912328e-05, 1.22560340969e-05, 1.54065382958e-05, 2.2897071176e-05, 1.43876395668e-05, 6.12970052316e-06, 2.89558556688e-06, 2.21898653763e-06, 4.33100831287e-06, 3.07667755806e-06, 3.04243599203e-06, 1.54868348545e-06, 1.70676571543e-07],
        "dvar": [3.77036464272e-08, 9.83288337011e-05, 0.000427848717663, 0.000107405554445, 2.5411543902e-05, 2.33591686083e-06, 2.77293167983e-07, 1.46880907437e-07, 7.22231234818e-08, 7.93731214088e-09, 2.20359108738e-08, 1.22183569928e-08, 3.49389717158e-09, 8.01809063589e-10, 1.56159118969e-09, 7.82345466188e-10, 9.26355714359e-10, 1.68700553527e-09, 5.4266369176e-10, 3.11329545477e-10, 1.59318114257e-10, 3.73139748266e-11, 1.37609590389e-10, 6.55479281964e-11, 6.12214723361e-11, 3.46168059495e-11, 9.76870711059e-13],
        "dvar2": [8.26341022275e-08, 0.000198690846446, 0.00127451925073, 0.000278008024907, 4.08466694353e-05, 6.38965957478e-06, 6.77028253904e-07, 3.33808230835e-07, 1.67827323594e-07, 1.67255080896e-08, 5.33355013488e-08, 2.41888056252e-08, 8.28734858516e-09, 2.08241313082e-09, 3.0367235393e-09, 1.99663752198e-09, 2.30170460469e-09, 4.54447146581e-09, 1.50949885924e-09, 7.3788430921e-10, 2.35932690051e-10, 9.75241762347e-11, 3.25370452803e-10, 1.64487826138e-10, 1.54349671933e-10, 8.00407587431e-11, 2.53738740089e-12],
        "max": [0.00689760269597, 0.408778548241, 0.431194365025, 0.276699542999, 0.176130056381, 0.0431636534631, 0.0148958321661, 0.00971024762839, 0.0116837024689, 0.00300958380103, 0.00330824172124, 0.00262332055718, 0.00143388181459, 0.000600424420554, 0.000780596863478, 0.000789589306805, 0.000785507610999, 0.00102148938458, 0.000423590827268, 0.000996115268208, 0.00105249101762, 0.000154067471158, 0.000423001736635, 0.000219021792873, 0.000156539244927, 0.00036914049997, 2.55798604485e-05],
        "mean": [0.000129387888592, 0.00822360441089, 0.0115263890475, 0.00492223724723, 0.00355069898069, 0.00122775067575, 0.000514500483405, 0.000179983544513, 0.000125891820062, 5.77598111704e-05, 9.2430091172e-05, 6.28267516731e-05, 3.17640115099e-05, 1.57244885486e-05, 1.94658023247e-05, 1.1524499314e-05, 1.48265608004e-05, 1.97973331524e-05, 1.46264101204e-05, 5.66785638512e-06, 2.73932141681e-06, 1.47712262333e-06, 2.34044091485e-06, 1.63036611411e-06, 1.48319861637e-06, 9.07737387479e-07, 7.18072712402e-08],
        "median": [6.12689154877e-06, 0.000300820480334, 0.000781749899033, 0.000682837737259, 0.000673489412293, 0.000184545380762, 3.17060766974e-05, 1.80609531526e-05, 2.03440322366e-05, 1.27522380353e-05, 1.16027358672e-05, 8.21119556349e-06, 6.08465325058e-06, 4.29877263741e-06, 3.65843334293e-06, 2.53679854723e-06, 2.31155604524e-06, 1.02139142655e-06, 6.24742995115e-07, 2.67707122248e-07, 1.23343895098e-07, 5.01414554321e-08, 5.06196222716e-08, 3.25818838576e-08, 1.14097304049e-07, 6.94143977853e-08, 5.47489220626e-10],
        "min": [1.16775947547e-24, 2.89151837213e-24, 1.71047487345e-24, 6.20278568762e-24, 2.06129180985e-23, 2.22916156825e-23, 3.91012665407e-23, 6.07689374234e-24, 2.10820883887e-23, 3.9365585431e-23, 2.34230631017e-23, 6.31766513467e-23, 1.0314699648e-22, 8.36399177983e-23, 5.47815683497e-23, 6.93634160582e-23, 8.93062804369e-23, 1.24634835476e-22, 2.08922565849e-22, 2.70076464239e-22, 2.64114569062e-22, 3.81822259156e-22, 5.4494592112e-22, 6.712804931e-22, 9.76640193897e-22, 1.39414274539e-21, 2.21207200115e-21],
        "var": [2.84082204871e-07, 0.000895231903996, 0.00087380775949, 0.000236921739997, 0.000101841564174, 1.04730570456e-05, 2.68153689831e-06, 4.20602162876e-07, 1.44391364643e-07, 1.84502635392e-08, 5.3014066026e-08, 2.97580786679e-08, 6.99568447615e-09, 1.04516140187e-09, 2.77348810584e-09, 9.33447208418e-10, 1.46844403304e-09, 2.59838550676e-09, 1.27306054587e-09, 4.26281482335e-10, 4.27852392404e-10, 4.69037239603e-11, 1.46315015659e-10, 6.31543775609e-11, 5.50467796345e-11, 5.71309666242e-11, 8.08537427548e-13]
    },
    "erbbands": {
        "dmean": [0.0281572733074, 0.681118071079, 3.86804270744, 7.32329130173, 5.46773052216, 5.30685520172, 3.45021128654, 4.0817656517, 2.69404125214, 1.99181568623, 2.42076182365, 1.20268881321, 0.945499658585, 1.49688303471, 1.39547359943, 1.39539194107, 1.08855032921, 0.569954633713, 0.347512602806, 0.62170791626, 0.400619804859, 0.493797451258, 0.694368600845, 0.561933219433, 0.353802800179, 0.18825571239, 0.100701205432, 0.0512176007032, 0.0517788976431, 0.0564495027065, 0.0734482482076, 0.0459049157798, 0.0279724281281, 0.0279030930251, 0.00792337115854, 0.00576405925676, 0.00120868789963, 0.00015470602375, 2.29981942539e-05, 9.53957896854e-06],
        "dmean2": [0.0404310114682, 0.941038370132, 5.76051807404, 11.4797887802, 7.7181520462, 6.94845199585, 4.89204216003, 6.42972326279, 4.22921657562, 2.82988476753, 3.66599202156, 1.81805431843, 1.44087696075, 2.26889109612, 2.17160916328, 2.08412027359, 1.67672908306, 0.896104514599, 0.53210568428, 0.933924198151, 0.626122951508, 0.804680168629, 1.18573451042, 0.927085042, 0.601060152054, 0.305464148521, 0.154179573059, 0.0825328379869, 0.0865015760064, 0.0945778489113, 0.126536548138, 0.0785437300801, 0.0471024848521, 0.0486980751157, 0.0134108671919, 0.00948929879814, 0.00200573774055, 0.000253653357504, 3.94370035792e-05, 1.37529177664e-05],
        "dvar": [0.0135115431622, 8.63301086426, 330.580474854, 1152.3626709, 326.851104736, 464.305267334, 129.051559448, 228.308364868, 71.5984649658, 55.1071434021, 125.061676025, 20.3262023926, 6.20082044601, 16.8385829926, 20.5423088074, 17.9658641815, 10.2361688614, 2.61650872231, 0.828879117966, 6.0585975647, 1.43035662174, 2.68510198593, 5.02436923981, 2.59158015251, 1.48148322105, 0.518367707729, 0.640525460243, 0.0567296780646, 0.0679391101003, 0.0580774694681, 0.123092323542, 0.0537774041295, 0.013916018419, 0.0167010445148, 0.00112532649655, 0.000990390894003, 8.6059095338e-05, 2.12931649912e-06, 3.88245027239e-08, 1.43399325747e-09],
        "dvar2": [0.0307975560427, 18.0376911163, 917.059631348, 3216.02392578, 680.595947266, 719.210205078, 243.699005127, 626.339416504, 182.728012085, 103.133895874, 291.137390137, 46.79504776, 14.0732250214, 37.7271118164, 51.9796180725, 37.1409759521, 23.6743526459, 6.61712646484, 1.95168602467, 11.1385250092, 3.4664068222, 6.49166727066, 13.8533439636, 6.62222337723, 4.25732564926, 1.21945011616, 0.870863497257, 0.130950421095, 0.181312963367, 0.139032617211, 0.30990344286, 0.134426414967, 0.0346312373877, 0.0426152385771, 0.00272958050482, 0.00240422156639, 0.000191755127162, 4.63430887976e-06, 9.91857262989e-08, 3.77845621458e-09],
        "max": [3.65620136261, 121.692260742, 448.880310059, 851.050842285, 434.33694458, 910.30279541, 368.284973145, 340.654785156, 231.835784912, 342.844116211, 355.320007324, 181.479614258, 116.49230957, 89.4892501831, 121.418624878, 94.6451873779, 65.7733154297, 35.9821434021, 22.9493637085, 53.7468452454, 29.4130306244, 50.3640136719, 45.6644821167, 43.8369026184, 34.6738090515, 38.431640625, 70.5126647949, 7.46657276154, 6.0902557373, 3.64725804329, 11.2527732849, 7.67898988724, 2.84467196465, 1.91280901432, 1.04948806763, 1.74479210377, 0.561236083508, 0.0952955931425, 0.00507688568905, 0.000973720045295],
        "mean": [0.0850038528442, 2.40900158882, 11.6171989441, 17.6652736664, 12.3284816742, 12.7532434464, 8.57273960114, 11.0411434174, 8.2491607666, 6.68069314957, 4.82623910904, 2.59122610092, 2.0799946785, 3.09745931625, 2.82956767082, 2.51741957664, 1.80548083782, 0.932437002659, 0.644552648067, 1.07739400864, 0.668675422668, 0.788128852844, 1.06125545502, 0.914478778839, 0.610946655273, 0.29759144783, 0.153273999691, 0.0745360553265, 0.0548012629151, 0.0571740716696, 0.0660154446959, 0.0425687842071, 0.024208156392, 0.0218475032598, 0.00774584710598, 0.0055098249577, 0.0011943038553, 0.000145204801811, 2.8294412914e-05, 3.37900601153e-05],
        "median": [0.00545129226521, 0.102644063532, 0.808421373367, 2.41584920883, 2.97208309174, 2.06867575645, 1.55874323845, 1.5534529686, 0.756584942341, 0.504839718342, 0.550477325916, 0.497112631798, 0.558437466621, 0.482683509588, 0.473135650158, 0.415608257055, 0.385647594929, 0.292708218098, 0.208511650562, 0.177101165056, 0.171221211553, 0.120443753898, 0.068351842463, 0.0463010594249, 0.0232584048063, 0.0131556624547, 0.0068432232365, 0.00381629029289, 0.00200995896012, 0.00169374106918, 0.00140486238524, 0.000719806936104, 0.00055971875554, 0.000700419477653, 0.00114467961248, 0.000455561588751, 0.000119980490126, 7.09392043063e-06, 4.13700126956e-06, 8.14361555967e-06],
        "min": [1.93634226936e-22, 3.09865396608e-22, 1.93440810864e-21, 1.54483944239e-20, 4.21098198182e-20, 4.95445805561e-20, 9.69300064559e-20, 2.44347576135e-19, 2.50613831167e-19, 1.92867719294e-19, 3.02734507413e-19, 5.38863553024e-19, 6.51612199623e-19, 1.3210476599e-18, 1.51291892383e-18, 3.49110750347e-18, 4.92624063724e-18, 3.93180741356e-18, 3.03814133209e-18, 4.52939412093e-18, 5.98668287382e-18, 5.64439594993e-18, 7.04668711825e-18, 8.18554690407e-18, 1.35538895225e-17, 1.02843762605e-17, 1.32956180927e-17, 1.18479411785e-17, 1.38674389512e-17, 1.10408610549e-17, 1.71861380268e-17, 1.42145925922e-17, 1.22255019789e-17, 9.96712437149e-18, 7.0335994666e-18, 5.07601368127e-18, 2.57589584859e-18, 1.18783921784e-18, 2.90576089782e-19, 3.11752579085e-20],
        "var": [0.0582123398781, 76.4943466187, 1113.86535645, 2046.91821289, 996.559265137, 1940.03405762, 582.841247559, 1147.27661133, 488.438293457, 665.280639648, 317.367034912, 47.5219192505, 15.9314804077, 47.5244293213, 45.1715087891, 39.9985237122, 20.8564281464, 3.5240445137, 1.38463294506, 11.2201547623, 2.20760202408, 4.1724820137, 7.42397356033, 4.86463212967, 2.88175535202, 0.91692751646, 1.77908754349, 0.109640315175, 0.0756932944059, 0.0610231645405, 0.117810823023, 0.0585539974272, 0.0135178463534, 0.0134351551533, 0.00135532056447, 0.00147246418055, 0.000136182832648, 3.62662490261e-06, 3.21942508208e-08, 5.34945332475e-09]
    },
    "gfcc": {
        "mean": [-197.027648926, 164.122558594, -72.913482666, 8.86826515198, -27.3897438049, -0.57726675272, -38.4477043152, 2.2607011795, -34.5606536865, -7.37777042389, -17.2179527283, -6.68887472153, -8.61722755432],
        "cov": [[9498.48730469, 46.3093986511, -1485.3560791, 1178.86975098, -947.434020996, -200.491210938, 209.354949951, -70.0242996216, 434.090423584, -517.848693848, 538.659301758, -142.407852173, -260.125335693], [46.3093986511, 1256.27124023, 704.447998047, -126.542701721, 476.438110352, -163.200546265, 249.824539185, -102.724143982, 110.079627991, -37.9625854492, 15.1301050186, -122.248565674, 140.780334473], [-1485.3560791, 704.447998047, 2357.19116211, 450.454284668, 690.035461426, 210.178787231, 267.472717285, -76.9984741211, 142.608444214, 18.3411827087, -66.7921524048, -166.049835205, 104.630195618], [1178.86975098, -126.542701721, 450.454284668, 893.130371094, 99.6088638306, 76.4432983398, 246.073684692, 45.4268493652, 131.106918335, -157.854690552, 159.336334229, -65.5361175537, -118.016304016], [-947.434020996, 476.438110352, 690.035461426, 99.6088638306, 909.555236816, 147.751419067, 188.206115723, 84.0555038452, 0.608478605747, 27.8382511139, -107.499557495, -58.292766571, 77.548286438], [-200.491210938, -163.200546265, 210.178787231, 76.4432983398, 147.751419067, 368.496002197, 62.9795761108, 46.3830947876, 22.7300701141, 29.8401508331, -51.2151374817, -39.2110366821, -29.2199573517], [209.354949951, 249.824539185, 267.472717285, 246.073684692, 188.206115723, 62.9795761108, 336.273010254, 68.2151107788, 42.5384788513, -76.7535018921, 65.9357910156, -69.2851486206, -50.4241981506], [-70.0242996216, -102.724143982, -76.9984741211, 45.4268493652, 84.0555038452, 46.3830947876, 68.2151107788, 236.672424316, 40.8820114136, 21.7899246216, 17.1579437256, 24.5844345093, -58.8367462158], [434.090423584, 110.079627991, 142.608444214, 131.106918335, 0.608478605747, 22.7300701141, 42.5384788513, 40.8820114136, 257.669281006, 2.51769685745, 55.5695610046, -17.8753032684, -20.7639141083], [-517.848693848, -37.9625854492, 18.3411827087, -157.854690552, 27.8382511139, 29.8401508331, -76.7535018921, 21.7899246216, 2.51769685745, 227.502105713, 30.9636039734, 61.3961486816, 45.4828224182], [538.659301758, 15.1301050186, -66.7921524048, 159.336334229, -107.499557495, -51.2151374817, 65.9357910156, 17.1579437256, 55.5695610046, 30.9636039734, 256.409210205, 64.2834854126, -31.8584861755], [-142.407852173, -122.248565674, -166.049835205, -65.5361175537, -58.292766571, -39.2110366821, -69.2851486206, 24.5844345093, -17.8753032684, 61.3961486816, 64.2834854126, 147.468597412, 39.3012313843], [-260.125335693, 140.780334473, 104.630195618, -118.016304016, 77.548286438, -29.2199573517, -50.4241981506, -58.8367462158, -20.7639141083, 45.4828224182, -31.8584861755, 39.3012313843, 151.438552856]],
        "icov": [[0.000287938222755, -0.000452242442407, 0.000353665323928, -0.000634146621451, 0.000318255741149, -0.000318207312375, 0.000380505225621, -8.40999055072e-05, -0.00014078670938, 0.000238774009631, -0.000198433685, 0.000264996517217, -0.000155418922077], [-0.000452242442407, 0.00403257180005, -0.00107859831769, 0.00297265988775, -0.00197516102344, 0.00256560905837, -0.00291699497029, 0.0014612119412, -0.00152136129327, 0.000583588145673, -0.00150224659592, 0.00194477429613, -0.00156546023209], [0.000353665323928, -0.00107859831769, 0.00126563385129, -0.00148080417421, 0.000248612486757, -0.000829763535876, 0.00057952204952, 0.00011630604422, -0.000180762493983, -0.000306090281811, 0.000253863894613, 0.000464398239274, -0.000467484147521], [-0.000634146621451, 0.00297265988775, -0.00148080417421, 0.00473321415484, -0.0017046140274, 0.00159547058865, -0.00254212971777, 0.000951437163167, -0.00115600391291, 0.00154162093531, -0.00204924214631, 0.000709838990588, 0.000326099281665], [0.000318255741149, -0.00197516102344, 0.000248612486757, -0.0017046140274, 0.00293044163845, -0.00148724857718, 0.00051618978614, -0.00153128104284, 0.000921561266296, -0.000562730769161, 0.00144435907714, -0.000683600141201, -0.00055136816809], [-0.000318207312375, 0.00256560905837, -0.000829763535876, 0.00159547058865, -0.00148724857718, 0.00500879390165, -0.00232639862224, 0.000761397299357, -0.0010506917024, -0.000800767331384, 0.000246172043262, 0.00122651399579, -3.58278120984e-05], [0.000380505225621, -0.00291699497029, 0.00057952204952, -0.00254212971777, 0.00051618978614, -0.00232639862224, 0.00783517118543, -0.00259485398419, 0.00140421313699, 0.00138455140404, -0.00163995637558, 0.00121693138499, 0.000987193081528], [-8.40999055072e-05, 0.0014612119412, 0.00011630604422, 0.000951437163167, -0.00153128104284, 0.000761397299357, -0.00259485398419, 0.00701025594026, -0.00180882855784, -0.000803671660833, 0.000517866166774, -0.00189490593038, 0.0025430014357], [-0.00014078670938, -0.00152136129327, -0.000180762493983, -0.00115600391291, 0.000921561266296, -0.0010506917024, 0.00140421313699, -0.00180882855784, 0.00564507115632, -0.000809441611636, -1.78914415301e-05, -0.00018520251615, 0.000548035430256], [0.000238774009631, 0.000583588145673, -0.000306090281811, 0.00154162093531, -0.000562730769161, -0.000800767331384, 0.00138455140404, -0.000803671660833, -0.000809441611636, 0.00760840764269, -0.0031787964981, -8.15129169496e-05, -0.00148073991295], [-0.000198433685, -0.00150224659592, 0.000253863894613, -0.00204924214631, 0.00144435907714, 0.000246172043262, -0.00163995637558, 0.000517866166774, -1.78914415301e-05, -0.0031787964981, 0.00885856151581, -0.00548496842384, 0.00248563173227], [0.000264996517217, 0.00194477429613, 0.000464398239274, 0.000709838990588, -0.000683600141201, 0.00122651399579, 0.00121693138499, -0.00189490593038, -0.00018520251615, -8.15129169496e-05, -0.00548496842384, 0.0143653275445, -0.00574757019058], [-0.000155418922077, -0.00156546023209, -0.000467484147521, 0.000326099281665, -0.00055136816809, -3.58278120984e-05, 0.000987193081528, 0.0025430014357, 0.000548035430256, -0.00148073991295, 0.00248563173227, -0.00574757019058, 0.0124952951446]]
    },
    "melbands": {
        "dmean": [0.00044170441106, 0.00163398694713, 0.00117646646686, 0.000361239770427, 0.000148500053911, 8.95963603398e-05, 4.12553381466e-05, 1.98586531042e-05, 2.00331978704e-05, 6.93056108503e-06, 4.68676080345e-06, 5.87028580412e-06, 5.90341142015e-06, 3.23323934026e-06, 3.89129354517e-06, 1.59592627824e-06, 1.07089852008e-06, 4.88154853429e-07, 8.98411883554e-07, 7.15860664968e-07, 4.54255058457e-07, 5.00761075273e-07, 6.24184508524e-07, 7.10071617505e-07, 4.64132881461e-07, 3.36118574751e-07, 1.60809165095e-07, 1.1987665971e-07, 6.87248018494e-08, 4.22181720694e-08, 2.65911612729e-08, 2.80987375589e-08, 2.85017485169e-08, 3.64274832521e-08, 4.52096351466e-08, 3.81968661145e-08, 2.43191013993e-08, 1.77567063275e-08, 2.2452567805e-08, 2.49663560936e-08],
        "dmean2": [0.000615876808297, 0.00239913212135, 0.00179759832099, 0.000485008116812, 0.000201186092454, 0.00014105567243, 6.41081060166e-05, 2.82765104203e-05, 3.03938450088e-05, 1.05285143945e-05, 7.16807426215e-06, 8.86082762008e-06, 9.26012762648e-06, 4.86577573611e-06, 5.84985218666e-06, 2.47434172707e-06, 1.71069541466e-06, 7.6110018199e-07, 1.35276923174e-06, 1.09061102194e-06, 7.23277423731e-07, 8.15007467736e-07, 1.07507639768e-06, 1.19994649594e-06, 7.69368909914e-07, 5.75147112158e-07, 2.64940666739e-07, 1.97416980541e-07, 1.06285675372e-07, 6.59568826222e-08, 4.33400977329e-08, 4.70444057044e-08, 4.81356217108e-08, 6.11994863675e-08, 7.79924178573e-08, 6.5533271254e-08, 4.16530632208e-08, 2.99705789075e-08, 3.85000511471e-08, 4.39350067438e-08],
        "dvar": [3.3941428228e-06, 5.93992590439e-05, 2.52140798693e-05, 1.51451536112e-06, 2.77222170553e-07, 1.01472053871e-07, 1.57679345136e-08, 4.83707385257e-09, 9.1765128829e-09, 5.91823867691e-10, 1.53427076599e-10, 2.6611357562e-10, 4.09166062143e-10, 6.66691424289e-11, 2.33889713153e-10, 2.06822701326e-11, 1.01993248916e-11, 1.51038513294e-12, 9.90675944057e-12, 8.20735666929e-12, 1.80965247128e-12, 2.82458778589e-12, 6.17556136437e-12, 4.81601303975e-12, 1.7905279039e-12, 1.18051564617e-12, 8.83189083933e-13, 1.79171700263e-13, 2.24275703261e-13, 7.68728545988e-14, 1.6164663263e-14, 2.0710023323e-14, 2.38742910803e-14, 2.90850785296e-14, 4.49587368473e-14, 4.43396404662e-14, 1.85133958402e-14, 7.10353889765e-15, 1.07102598207e-14, 1.47409448743e-14],
        "dvar2": [7.12664041203e-06, 0.000160972718732, 6.95563285262e-05, 2.63041988546e-06, 4.51015154113e-07, 2.7848307127e-07, 3.98903807763e-08, 9.04404906521e-09, 2.1437159603e-08, 1.3638464802e-09, 3.47934070444e-10, 5.89028825715e-10, 1.01713459877e-09, 1.46929926559e-10, 4.71090555454e-10, 4.86646209441e-11, 2.64430179142e-11, 3.60552581714e-12, 2.07810175318e-11, 1.78557273134e-11, 4.44756601339e-12, 6.36859965805e-12, 1.73801962405e-11, 1.27557990212e-11, 4.59108142128e-12, 3.50166857316e-12, 2.15382616256e-12, 4.17856341976e-13, 3.16525749838e-13, 1.21277337131e-13, 3.97189673187e-14, 5.54575950321e-14, 6.47755164936e-14, 6.92549994132e-14, 1.16378857506e-13, 9.99371755055e-14, 4.75411132987e-14, 1.8097395937e-14, 2.74164337879e-14, 3.78495656041e-14],
        "max": [0.0631611272693, 0.221286356449, 0.120833024383, 0.0455797463655, 0.0182807296515, 0.00691124843433, 0.0038032066077, 0.00304611073807, 0.00365395494737, 0.000926974636968, 0.000573478173465, 0.000330609473167, 0.000532135891262, 0.000227416065172, 0.000400050368626, 0.000101145982626, 6.25070824753e-05, 3.25251603499e-05, 7.32026601327e-05, 6.84456535964e-05, 3.25812980009e-05, 5.77758073632e-05, 6.48165587336e-05, 6.90583910909e-05, 3.90376189898e-05, 2.32192560361e-05, 5.27715783392e-05, 1.57490285346e-05, 4.06649014622e-05, 2.2069485567e-05, 3.31477940563e-06, 3.70427483176e-06, 4.02098658014e-06, 2.83597410089e-06, 4.50057814305e-06, 1.12903226182e-05, 5.17339731232e-06, 2.73984551313e-06, 1.53186044827e-06, 1.50525590925e-06],
        "mean": [0.00150151422713, 0.00538869109005, 0.00293749081902, 0.000854703597724, 0.000369699933799, 0.00024116646091, 0.000131659893668, 6.27318149782e-05, 3.8198686525e-05, 1.48899143824e-05, 9.93496450974e-06, 1.17747304103e-05, 1.16045348477e-05, 6.13641805103e-06, 6.50888068776e-06, 2.50525590673e-06, 1.65358130744e-06, 8.58070166032e-07, 1.55154179993e-06, 1.1592486544e-06, 7.0622235171e-07, 7.71463419369e-07, 9.1826160542e-07, 1.01602915947e-06, 7.14024679382e-07, 5.4266592997e-07, 2.7207408948e-07, 1.71128732518e-07, 9.9708962864e-08, 5.9585168799e-08, 3.68414738716e-08, 2.95631039648e-08, 2.8311015754e-08, 3.56086324871e-08, 3.96769870292e-08, 3.4521445258e-08, 2.19750138086e-08, 1.54976671496e-08, 1.77657195621e-08, 1.91783051662e-08],
        "median": [6.74285183777e-05, 0.000352363334969, 0.000525951036252, 0.000181588256964, 6.03547123319e-05, 3.4378557757e-05, 9.77900890575e-06, 4.21893764724e-06, 4.03020703743e-06, 2.90557295557e-06, 2.38648976847e-06, 1.73774833456e-06, 1.64796961144e-06, 9.09136133487e-07, 8.97984250514e-07, 5.88081036312e-07, 4.46271116061e-07, 2.80291288846e-07, 2.53214551549e-07, 1.87606843838e-07, 1.55142004132e-07, 1.31305114337e-07, 6.79805864934e-08, 4.71097258981e-08, 3.27005267309e-08, 2.07372092831e-08, 1.00831156757e-08, 7.54286055837e-09, 4.40565539606e-09, 2.65495736507e-09, 1.75738101849e-09, 1.08576703184e-09, 7.76424202709e-10, 8.20367329624e-10, 8.07993949525e-10, 5.02738684016e-10, 3.45171224936e-10, 3.3039715408e-10, 3.47253087396e-10, 6.22034812547e-10],
        "min": [2.69621376694e-24, 1.88350303275e-24, 2.6342832555e-24, 4.67921996718e-24, 3.30870489806e-24, 5.34313753236e-24, 4.62811755774e-24, 1.26681644351e-24, 3.31462667966e-24, 3.1889280053e-24, 3.02350012638e-24, 4.67511749605e-24, 3.96465674303e-24, 6.95652098332e-24, 1.25444416601e-23, 8.53007129729e-24, 6.9954449581e-24, 4.7047258124e-24, 4.68678474883e-24, 6.05023379362e-24, 5.81991599158e-24, 5.32051970692e-24, 7.53504790538e-24, 4.87768277701e-24, 5.73660163036e-24, 7.06002742269e-24, 6.48059015514e-24, 6.07991862948e-24, 7.92828007827e-24, 6.31650195926e-24, 5.51150253764e-24, 6.83388861129e-24, 7.2850783949e-24, 5.11635185502e-24, 9.97254842756e-24, 9.22203562866e-24, 7.67400259839e-24, 8.24080389196e-24, 8.26320754166e-24, 7.22184488246e-24],
        "var": [2.44827133429e-05, 0.000259204418398, 4.8956637329e-05, 5.35374692845e-06, 1.23638369587e-06, 4.96939662753e-07, 1.25134093309e-07, 5.437533801e-08, 2.14970654611e-08, 1.38024758289e-09, 3.86087412041e-10, 7.33680505238e-10, 8.84838924353e-10, 2.26205068565e-10, 4.61970517396e-10, 3.51744466887e-11, 1.32008223797e-11, 2.41930780964e-12, 1.70924281673e-11, 1.35795012388e-11, 2.61224809145e-12, 4.4040890726e-12, 7.63713918495e-12, 7.17743139228e-12, 3.14427477111e-12, 2.21615477705e-12, 1.14058014335e-12, 3.26949432155e-13, 6.08476702184e-13, 1.99534480735e-13, 2.88918770906e-14, 2.35657965987e-14, 2.19417600002e-14, 2.89199680913e-14, 3.82084161944e-14, 5.57424251072e-14, 1.72205321834e-14, 6.6393199498e-15, 8.88290058643e-15, 1.13592488416e-14]
    },
    "mfcc": {
        "mean": [-849.967834473, 191.981414795, 24.8714694977, 23.3510951996, 20.9283981323, 4.95031547546, 4.52512693405, 5.54991102219, -7.05741643906, -4.90184831619, -7.45720672607, -5.95939159393, -4.40508460999],
        "cov": [[7540.43212891, 372.271179199, -1412.72387695, 594.745849609, -568.13659668, -666.205932617, 53.2258033752, 138.507095337, -387.173797607, 122.043083191, 30.2936973572, 80.8017272949, 114.803199768], [372.271179199, 1483.06652832, 242.325790405, 100.743904114, 168.517578125, 67.5023498535, 37.4284896851, -7.88353490829, 114.094245911, 77.2814483643, -20.8495121002, -27.4738445282, 20.6714782715], [-1412.72387695, 242.325790405, 1501.82348633, 443.231567383, 338.809509277, 397.034515381, 149.196289062, 45.1274490356, 148.996383667, 118.990638733, 71.5520858765, -9.2429857254, -27.3636474609], [594.745849609, 100.743904114, 443.231567383, 840.055175781, 203.787063599, 62.859752655, 247.275268555, 202.386108398, 9.86991214752, 73.6877212524, 114.154823303, 80.9184646606, 23.8565750122], [-568.13659668, 168.517578125, 338.809509277, 203.787063599, 509.085723877, 275.268432617, 104.940338135, 104.41532135, 177.824356079, 68.9109954834, 49.7932929993, 18.5840835571, 4.61679601669], [-666.205932617, 67.5023498535, 397.034515381, 62.859752655, 275.268432617, 384.357299805, 145.451370239, 32.2194519043, 138.347305298, 59.6859397888, 23.4857063293, -16.5479125977, -19.8609275818], [53.2258033752, 37.4284896851, 149.196289062, 247.275268555, 104.940338135, 145.451370239, 307.072723389, 154.348831177, 24.5003013611, 65.6292419434, 77.5596923828, 32.1978759766, -9.27583789825], [138.507095337, -7.88353490829, 45.1274490356, 202.386108398, 104.41532135, 32.2194519043, 154.348831177, 245.755722046, 77.2015380859, 54.9393157959, 75.1832199097, 37.4562187195, 2.85312819481], [-387.173797607, 114.094245911, 148.996383667, 9.86991214752, 177.824356079, 138.347305298, 24.5003013611, 77.2015380859, 222.486633301, 70.9360046387, 1.0724272728, -10.6994380951, -13.4772567749], [122.043083191, 77.2814483643, 118.990638733, 73.6877212524, 68.9109954834, 59.6859397888, 65.6292419434, 54.9393157959, 70.9360046387, 186.475372314, 64.24609375, -4.76810312271, 3.30992507935], [30.2936973572, -20.8495121002, 71.5520858765, 114.154823303, 49.7932929993, 23.4857063293, 77.5596923828, 75.1832199097, 1.0724272728, 64.24609375, 178.542724609, 79.2520523071, 20.6864948273], [80.8017272949, -27.4738445282, -9.2429857254, 80.9184646606, 18.5840835571, -16.5479125977, 32.1978759766, 37.4562187195, -10.6994380951, -4.76810312271, 79.2520523071, 157.707321167, 66.4095840454], [114.803199768, 20.6714782715, -27.3636474609, 23.8565750122, 4.61679601669, -19.8609275818, -9.27583789825, 2.85312819481, -13.4772567749, 3.30992507935, 20.6864948273, 66.4095840454, 127.301383972]],
