{
"lowlevel": {
    "average_loudness": 0.969639062881,
    "barkbands_crest": {
        "dmean": 3.5494158268,
        "dmean2": 5.46688985825,
        "dvar": 13.8477859497,
        "dvar2": 30.476360321,
        "max": 26.4235668182,
        "mean": 14.2881612778,
        "median": 14.3022117615,
        "min": 2.02769565582,
        "var": 41.3506202698
    },
    "barkbands_flatness_db": {
        "dmean": 0.0505372695625,
        "dmean2": 0.069067068398,
        "dvar": 0.00235226214863,
        "dvar2": 0.00533671723679,
        "max": 0.689650893211,
        "mean": 0.183995842934,
        "median": 0.166547417641,
        "min": 0.0248118955642,
        "var": 0.0090372338891
    },
    "barkbands_kurtosis": {
        "dmean": 18.3478298187,
        "dmean2": 27.9986972809,
        "dvar": 2248.2512207,
        "dvar2": 5664.19482422,
        "max": 938.856262207,
        "mean": 21.3423023224,
        "median": 6.33771419525,
        "min": -1.7939864397,
        "var": 2619.51635742
    },
    "barkbands_skewness": {
        "dmean": 1.39029562473,
        "dmean2": 1.98308265209,
        "dvar": 3.15622186661,
        "dvar2": 7.4320807457,
        "max": 27.1477584839,
        "mean": 3.17972350121,
        "median": 2.5091047287,
        "min": -3.02223849297,
        "var": 7.6945643425
    },
    "barkbands_spread": {
        "dmean": 7.14577436447,
        "dmean2": 10.9201107025,
        "dvar": 59.4963378906,
        "dvar2": 136.31678772,
        "max": 125.397331238,
        "mean": 17.1995582581,
        "median": 15.0824775696,
        "min": 0.104339256883,
        "var": 161.362930298
    },
    "dissonance": {
        "dmean": 0.0130880922079,
        "dmean2": 0.0217297188938,
        "dvar": 0.000233966420637,
        "dvar2": 0.000569684721995,
        "max": 0.500000238419,
        "mean": 0.476625084877,
        "median": 0.483302801847,
        "min": 0.252629727125,
        "var": 0.000566838949453
    },
    "dynamic_complexity": 2.77114725113,
    "erbbands_crest": {
        "dmean": 2.23360896111,
        "dmean2": 3.68205475807,
        "dvar": 5.63877773285,
        "dvar2": 13.4111862183,
        "max": 27.5697193146,
        "mean": 6.81025838852,
        "median": 5.84316062927,
        "min": 1.89916312695,
        "var": 11.4694232941
    },
    "erbbands_flatness_db": {
        "dmean": 0.0219099149108,
        "dmean2": 0.0322085060179,
        "dvar": 0.000526696036104,
        "dvar2": 0.00108199112583,
        "max": 0.461265355349,
        "mean": 0.148746013641,
        "median": 0.136227354407,
        "min": 0.0229798834771,
        "var": 0.00253574480303
    },
    "erbbands_kurtosis": {
        "dmean": 1.07976233959,
        "dmean2": 1.73570466042,
        "dvar": 7.85828351974,
        "dvar2": 20.3857917786,
        "max": 87.5508651733,
        "mean": 0.0300850141793,
        "median": -0.560109019279,
        "min": -1.80804347992,
        "var": 7.31448364258
    },
    "erbbands_skewness": {
        "dmean": 0.474596768618,
        "dmean2": 0.730911254883,
        "dvar": 0.286283105612,
        "dvar2": 0.658291399479,
        "max": 8.62506771088,
        "mean": -0.0631103739142,
        "median": -0.148360282183,
        "min": -3.32481789589,
        "var": 0.767958402634
    },
    "erbbands_spread": {
        "dmean": 12.4489974976,
        "dmean2": 18.4995956421,
        "dvar": 146.107589722,
        "dvar2": 339.28302002,
        "max": 152.783065796,
        "mean": 48.8484306335,
        "median": 46.2577819824,
        "min": 2.04491114616,
        "var": 456.331085205
    },
    "hfc": {
        "dmean": 8.27972126007,
        "dmean2": 11.79093647,
        "dvar": 116.48348999,
        "dvar2": 256.312347412,
        "max": 101.071365356,
        "mean": 16.937122345,
        "median": 13.3662691116,
        "min": 1.12150497409e-16,
        "var": 210.144561768
    },
    "melbands_crest": {
        "dmean": 3.71447849274,
        "dmean2": 5.85799598694,
        "dvar": 15.1119356155,
        "dvar2": 31.7952575684,
        "max": 36.0616645813,
        "mean": 17.3319282532,
        "median": 17.3495368958,
        "min": 1.52776038647,
        "var": 44.0681762695
    },
    "melbands_flatness_db": {
        "dmean": 0.0584753081203,
        "dmean2": 0.0790282040834,
        "dvar": 0.00314084650017,
        "dvar2": 0.00706905685365,
        "max": 0.875041306019,
        "mean": 0.270257264376,
        "median": 0.257762163877,
        "min": 0.00240956875496,
        "var": 0.0133666861802
    },
    "melbands_kurtosis": {
        "dmean": 34.1910705566,
        "dmean2": 50.0636901855,
        "dvar": 3405.86816406,
        "dvar2": 7925.68164062,
        "max": 950.22088623,
        "mean": 51.2352294922,
        "median": 23.8256340027,
        "min": -1.63475179672,
        "var": 5907.87158203
    },
    "melbands_skewness": {
        "dmean": 1.72774899006,
        "dmean2": 2.46107745171,
        "dvar": 3.52496361732,
        "dvar2": 8.17380619049,
        "max": 24.8401165009,
        "mean": 5.01719903946,
        "median": 4.34805202484,
        "min": -0.862650632858,
        "var": 10.261089325
    },
    "melbands_spread": {
        "dmean": 7.45205163956,
        "dmean2": 11.3195638657,
        "dvar": 96.9230194092,
        "dvar2": 216.505874634,
        "max": 226.476959229,
        "mean": 15.9992542267,
        "median": 10.0403327942,
        "min": 0.257823944092,
        "var": 367.516235352
    },
    "pitch_salience": {
        "dmean": 0.107110932469,
        "dmean2": 0.150420054793,
        "dvar": 0.0122648803517,
        "dvar2": 0.0261772610247,
        "max": 0.991640031338,
        "mean": 0.477722167969,
        "median": 0.492262005806,
        "min": 0.0304178744555,
        "var": 0.0506005212665
    },
    "silence_rate_20dB": {
        "dmean": 0.000253710517427,
        "dmean2": 0.000507485412527,
        "dvar": 0.000253672420513,
        "dvar2": 0.000761075643823,
        "max": 1,
        "mean": 0.999873161316,
        "median": 1,
        "min": 0,
        "var": 0.000126815371914
    },
    "silence_rate_30dB": {
        "dmean": 0.0956488624215,
        "dmean2": 0.191321998835,
        "dvar": 0.086505189538,
        "dvar2": 0.154721677303,
        "max": 1,
        "mean": 0.848680853844,
        "median": 1,
        "min": 0,
        "var": 0.128416717052
    },
    "silence_rate_60dB": {
        "dmean": 0.0180134475231,
        "dmean2": 0.0360314622521,
        "dvar": 0.0176901370287,
        "dvar2": 0.0405688770115,
        "max": 1,
        "mean": 0.046423137188,
        "median": 0,
        "min": 0,
        "var": 0.0442664064467
    },
    "spectral_centroid": {
        "dmean": 363.988616943,
        "dmean2": 545.513671875,
        "dvar": 146887.578125,
        "dvar2": 293376.71875,
        "max": 11685.6757812,
        "mean": 1345.13256836,
        "median": 1246.13745117,
        "min": 91.6791229248,
        "var": 1155479.75
    },
    "spectral_complexity": {
        "dmean": 7.75593042374,
        "dmean2": 10.8251714706,
        "dvar": 61.212348938,
        "dvar2": 109.333763123,
        "max": 59,
        "mean": 20.898021698,
        "median": 20,
        "min": 0,
        "var": 179.488067627
    },
    "spectral_decrease": {
        "dmean": 6.30209573416e-09,
        "dmean2": 8.20879275665e-09,
        "dvar": 6.64150990055e-17,
        "dvar2": 1.05439700213e-16,
        "max": 5.08977852323e-22,
        "mean": -1.36451872024e-08,
        "median": -8.94253293637e-09,
        "min": -9.96325795199e-08,
        "var": 1.90408466976e-16
    },
    "spectral_energy": {
        "dmean": 0.0243235528469,
        "dmean2": 0.0317079424858,
        "dvar": 0.000956315838266,
        "dvar2": 0.00152332882863,
        "max": 0.380027145147,
        "mean": 0.0530361533165,
        "median": 0.0349803641438,
        "min": 1.0278321725e-20,
        "var": 0.00277270167135
    },
    "spectral_energyband_high": {
        "dmean": 0.000345592270605,
        "dmean2": 0.00049574841978,
        "dvar": 2.3563146101e-07,
        "dvar2": 4.47967124728e-07,
        "max": 0.0040549649857,
        "mean": 0.000518784159794,
        "median": 0.000264502421487,
        "min": 7.16068041964e-21,
        "var": 4.25562404871e-07
    },
    "spectral_energyband_low": {
        "dmean": 0.0214435961097,
        "dmean2": 0.0260700695217,
        "dvar": 0.00102919351775,
        "dvar2": 0.00148092443123,
        "max": 0.372567147017,
        "mean": 0.0399109721184,
        "median": 0.0213608499616,
        "min": 1.22812626738e-23,
        "var": 0.00271297246218
    },
    "spectral_energyband_middle_high": {
        "dmean": 0.00243384577334,
        "dmean2": 0.00371617358178,
        "dvar": 1.2488972061e-05,
        "dvar2": 3.05667126668e-05,
        "max": 0.0350707918406,
        "mean": 0.00379501981661,
        "median": 0.00243932474405,
        "min": 1.16827346568e-21,
        "var": 1.84380860446e-05
    },
    "spectral_energyband_middle_low": {
        "dmean": 0.00901202950627,
        "dmean2": 0.0140087753534,
        "dvar": 0.000220797330257,
        "dvar2": 0.000531458994374,
        "max": 0.122465454042,
        "mean": 0.011447539553,
        "median": 0.00514557491988,
        "min": 1.16538118606e-22,
        "var": 0.000226651303819
    },
    "spectral_entropy": {
        "dmean": 0.246049389243,
        "dmean2": 0.367324829102,
        "dvar": 0.084446914494,
        "dvar2": 0.184132605791,
        "max": 9.82947254181,
        "mean": 7.56879091263,
        "median": 7.69157314301,
        "min": 4.04811143875,
        "var": 0.312798827887
    },
    "spectral_flux": {
        "dmean": 0.0431247130036,
        "dmean2": 0.0571736209095,
        "dvar": 0.00159179093316,
        "dvar2": 0.00312552391551,
        "max": 0.393157064915,
        "mean": 0.118623644114,
        "median": 0.0911863744259,
        "min": 6.58711071799e-11,
        "var": 0.00634525809437
    },
    "spectral_kurtosis": {
        "dmean": 3.72651314735,
        "dmean2": 6.03164339066,
        "dvar": 106.333534241,
        "dvar2": 261.463470459,
        "max": 383.703643799,
        "mean": 7.03977966309,
        "median": 4.09717750549,
        "min": -1.25394511223,
        "var": 187.17175293
    },
    "spectral_rms": {
        "dmean": 0.00151063443627,
        "dmean2": 0.00189879140817,
        "dvar": 2.26487463806e-06,
        "dvar2": 3.28684973283e-06,
        "max": 0.0192550811917,
        "mean": 0.00642161816359,
        "median": 0.00584184750915,
        "min": 3.16664337981e-12,
        "var": 1.05055114545e-05
    },
    "spectral_rolloff": {
        "dmean": 455.15927124,
        "dmean2": 742.294921875,
        "dvar": 496860.03125,
        "dvar2": 1068620.25,
        "max": 19616.7480469,
        "mean": 961.492614746,
        "median": 322.998046875,
        "min": 43.06640625,
        "var": 3732762
    },
    "spectral_skewness": {
        "dmean": 0.381422042847,
        "dmean2": 0.589627087116,
        "dvar": 0.344879031181,
        "dvar2": 0.787634134293,
        "max": 16.9837265015,
        "mean": 1.57160234451,
        "median": 1.39341330528,
        "min": -0.185901433229,
        "var": 1.03123283386
    },
    "spectral_spread": {
        "dmean": 617690.6875,
        "dmean2": 906859.0625,
        "dvar": 669181870080,
        "dvar2": 1.32447718605e+12,
        "max": 42383720,
        "mean": 4124774.75,
        "median": 3825824,
        "min": 193590.6875,
        "var": 1.09057618739e+13
    },
    "spectral_strongpeak": {
        "dmean": 0.22857581079,
        "dmean2": 0.340584605932,
        "dvar": 0.0673410817981,
        "dvar2": 0.144065797329,
        "max": 2.96514940262,
        "mean": 0.511799395084,
        "median": 0.35872733593,
        "min": 0,
        "var": 0.179110795259
    },
    "zerocrossingrate": {
        "dmean": 0.0105338795111,
        "dmean2": 0.0116170300171,
        "dvar": 0.000143589160871,
        "dvar2": 0.000170006664121,
        "max": 0.86328125,
        "mean": 0.043095652014,
        "median": 0.0341796875,
        "min": 0.00244140625,
        "var": 0.00345487170853
    },
    "barkbands": {
        "dmean": [0.000274799531326, 0.0188473761082, 0.0065289135091, 0.00535670202225, 0.00343305128627, 0.000669680070132, 0.000829249736853, 0.000351341645001, 0.000463948730612, 0.000312482385198, 0.000231730853557, 0.000246788898949, 0.000275002268609, 0.000334247248247, 0.000304649380269, 0.000348843517713, 0.000367761735106, 0.000291405012831, 0.000227634634939, 0.000192963227164, 9.52161863097e-05, 7.63001153246e-05, 5.34523860551e-05, 2.89774725388e-05, 2.14800675167e-05, 1.83527390618e-05, 1.85232909189e-06],
        "dmean2": [0.000444669887656, 0.0240284372121, 0.00934387091547, 0.00927260145545, 0.00605112081394, 0.00108315353282, 0.0013106809929, 0.000593387056142, 0.000759659800678, 0.000527093012352, 0.000378671655199, 0.000431426655268, 0.000463237258373, 0.000564621062949, 0.000492264749482, 0.000568948336877, 0.000613978423644, 0.000460567767732, 0.00035575646325, 0.000293421384413, 0.000141326003359, 0.000109933622298, 7.87617173046e-05, 4.27818631579e-05, 3.27827801812e-05, 2.96591933875e-05, 3.33237062478e-06],
        "dvar": [1.23286881148e-07, 0.00103991525248, 0.000149401748786, 0.000135985566885, 4.96741486131e-05, 9.37453251026e-07, 1.56347948632e-06, 3.10755979172e-07, 6.61258752643e-07, 3.39102683711e-07, 2.26643408041e-07, 1.99967871595e-07, 2.57172104057e-07, 3.12733192231e-07, 1.86060759688e-07, 2.52340129236e-07, 4.68175954893e-07, 2.3017949502e-07, 1.5322194713e-07, 9.05173962451e-08, 1.83466504211e-08, 1.32558790611e-08, 7.92802179461e-09, 2.0996688832e-09, 1.32340216563e-09, 1.16842358011e-09, 2.13615236611e-11],
        "dvar2": [2.8270684993e-07, 0.00156268570572, 0.000235160885495, 0.000371394417016, 0.000138686809805, 2.29653460337e-06, 3.78912704946e-06, 8.33072533624e-07, 1.65442975231e-06, 9.09381583369e-07, 5.01482702475e-07, 5.65149264276e-07, 6.68531697556e-07, 8.36526055537e-07, 4.4670969146e-07, 6.44668318728e-07, 1.26308691506e-06, 5.40318353615e-07, 3.60303744174e-07, 2.03050717573e-07, 3.86508105521e-08, 2.46505429402e-08, 1.70074958561e-08, 4.49942572089e-09, 3.00305158518e-09, 2.87909651675e-09, 5.99540625479e-11],
        "max": [0.00411575566977, 0.332044512033, 0.140334799886, 0.0990152955055, 0.0718122497201, 0.0154633838683, 0.0168251693249, 0.00834463723004, 0.0106288818642, 0.00956337619573, 0.01686979644, 0.00653555616736, 0.00979860685766, 0.00620924448594, 0.00536182289943, 0.00579012185335, 0.00852215010673, 0.00642818305641, 0.00578932091594, 0.00356493261643, 0.00141500507016, 0.0016221057158, 0.00112985935993, 0.000476849032566, 0.000298486440443, 0.000256604864262, 5.97195030423e-05],
        "mean": [0.000561653694604, 0.0284726433456, 0.00831060763448, 0.00500992033631, 0.00340745528229, 0.000928360212129, 0.0010463091312, 0.000419278279878, 0.000531599100213, 0.00032842339715, 0.000254561484326, 0.000282711756881, 0.000319985236274, 0.000388136599213, 0.000410390959587, 0.00047560693929, 0.000486559176352, 0.00041650258936, 0.00031545443926, 0.000272832723567, 0.000136208313052, 9.98418981908e-05, 7.13820918463e-05, 4.09806525568e-05, 2.79732757917e-05, 1.94553649635e-05, 1.38935195082e-06],
        "median": [0.000387175474316, 0.0136406756938, 0.00223751412705, 0.00136359070893, 0.00111460266635, 0.000489731552079, 0.000489689875394, 0.00022344943136, 0.000221572350711, 0.000137011113111, 8.53863166412e-05, 0.000120338605484, 0.00013185327407, 0.000164784316439, 0.000228616409004, 0.000261338427663, 0.000221362235607, 0.000195257598534, 0.000157069414854, 0.000131019478431, 6.8984576501e-05, 3.22084670188e-05, 2.22144371946e-05, 1.21988086903e-05, 8.01445730758e-06, 3.24171151078e-06, 7.87250797885e-08],
        "min": [3.97622527419e-27, 2.09735060238e-24, 5.98171925185e-25, 8.62882386363e-25, 9.32816581941e-24, 8.29707570691e-24, 1.03375756676e-23, 7.58101404146e-24, 1.27409492782e-23, 2.10635659346e-23, 1.76497893e-23, 1.9265505807e-23, 3.69223380572e-23, 4.52319937289e-23, 6.19546805609e-23, 8.22599602613e-23, 4.19008928726e-23, 7.67690024227e-23, 1.34911926022e-22, 1.99125531873e-22, 2.73574387089e-22, 3.40759966447e-22, 4.28200111215e-22, 6.47465426082e-22, 8.80931398446e-22, 1.31662485522e-21, 1.92656402921e-21],
        "var": [2.84447594368e-07, 0.0019571154844, 0.000248287979048, 9.34687486733e-05, 3.45128610206e-05, 1.33392370572e-06, 2.19195817408e-06, 3.04855205968e-07, 6.98022063261e-07, 2.80440644929e-07, 2.86698281116e-07, 2.14755246475e-07, 2.63116135102e-07, 3.34351881293e-07, 2.70375181799e-07, 3.53433250666e-07, 5.09946346483e-07, 3.22676811493e-07, 1.9510373761e-07, 1.31150812877e-07, 2.97555935447e-08, 2.30823147263e-08, 1.25013155383e-08, 3.90347398849e-09, 2.29606533786e-09, 1.48013490353e-09, 1.49361547436e-11]
    },
    "erbbands": {
        "dmean": [0.277114152908, 5.03525972366, 9.03582954407, 12.3155374527, 15.6519241333, 10.6843080521, 4.9020652771, 6.18103075027, 10.5128355026, 11.9489583969, 7.56652355194, 11.7920789719, 9.07509040833, 9.8944272995, 9.52168178558, 10.1975126266, 12.2952985764, 15.5512161255, 15.1168613434, 17.286397934, 19.017118454, 21.3032302856, 15.5570392609, 14.585644722, 9.71031475067, 9.85189342499, 4.91865587234, 3.11652803421, 2.82836031914, 2.27921557426, 1.34314346313, 0.800111889839, 0.387316524982, 0.244757637382, 0.153445646167, 0.0916603058577, 0.032004095614, 0.00515866698697, 0.000300079991575, 2.97104961646e-05],
        "dmean2": [0.369565457106, 6.31078386307, 11.2579994202, 20.3433685303, 27.1315155029, 18.1795082092, 7.95037126541, 9.87544250488, 16.5429420471, 19.3665180206, 12.5482225418, 19.4701213837, 15.2574357986, 16.3788089752, 15.9515180588, 17.7497558594, 20.3771495819, 26.1134281158, 24.5975036621, 27.8738498688, 31.2674293518, 35.732624054, 24.6915721893, 22.8405914307, 15.1049480438, 14.9105176926, 7.24254179001, 4.68091869354, 4.13371276855, 3.36094903946, 1.98436069489, 1.20217442513, 0.558854877949, 0.361963450909, 0.241975039244, 0.151170670986, 0.0511545054615, 0.00859081931412, 0.000533329497557, 4.01267388952e-05],
        "dvar": [0.162644550204, 76.3451843262, 239.797409058, 647.300720215, 1295.18237305, 297.399902344, 46.9926605225, 88.8214797974, 320.639770508, 304.817596436, 153.278839111, 460.99029541, 233.447860718, 392.554016113, 333.038269043, 331.167297363, 496.508270264, 777.019836426, 468.316680908, 623.500854492, 822.47833252, 1722.60009766, 652.28515625, 723.811157227, 255.121276855, 239.27053833, 47.7719841003, 20.6807956696, 17.8747138977, 13.4312114716, 5.13483047485, 1.7215873003, 0.364218384027, 0.159246638417, 0.0738583058119, 0.0300225876272, 0.00370097719133, 9.96400340227e-05, 6.1447360622e-07, 1.24173560323e-09],
        "dvar2": [0.284385234118, 112.882476807, 329.679412842, 1710.01342773, 3569.63745117, 778.337341309, 120.178573608, 213.712402344, 766.500732422, 769.545166016, 404.24697876, 1153.41235352, 625.267211914, 1017.03411865, 765.56237793, 930.050231934, 1283.46923828, 2059.48925781, 1128.45581055, 1456.20751953, 2191.70922852, 4698.71679688, 1547.76782227, 1668.39697266, 604.72277832, 517.93762207, 99.9963531494, 41.5943222046, 33.694278717, 27.5952911377, 11.1842842102, 3.89309000969, 0.722844839096, 0.328462988138, 0.176818817854, 0.0779668316245, 0.00881882198155, 0.000252716563409, 1.74387071183e-06, 2.0835604353e-09],
        "max": [4.04431581497, 89.9682159424, 178.622451782, 256.153198242, 325.880523682, 183.35017395, 79.1095352173, 184.108169556, 263.931030273, 165.204544067, 184.875488281, 303.296539307, 200.215148926, 325.792236328, 598.618835449, 299.624237061, 465.420410156, 342.486968994, 209.763656616, 316.609008789, 330.429412842, 548.673950195, 309.635040283, 480.314331055, 173.568786621, 195.26776123, 64.0874862671, 48.1872024536, 54.8246917725, 41.4048309326, 29.1746826172, 12.6406812668, 7.96549081802, 5.23848772049, 2.19436120987, 1.30818033218, 0.490067988634, 0.0764706507325, 0.0109098795801, 0.000413166766521],
        "mean": [0.476965129375, 7.35204410553, 12.9498348236, 12.7813796997, 13.9923648834, 12.3845682144, 6.75087690353, 8.32894325256, 13.0898637772, 14.5841312408, 9.52658081055, 13.1836442947, 10.1185054779, 10.3990917206, 10.7818889618, 12.1414394379, 15.1362638474, 18.5019397736, 21.0206069946, 23.6508045197, 26.6723136902, 28.1233062744, 22.8485584259, 20.4601593018, 13.7290344238, 13.7829275131, 7.21297836304, 4.34709739685, 3.6736805439, 2.95120191574, 1.79321730137, 1.09664583206, 0.5578160882, 0.347111731768, 0.182219460607, 0.09608412534, 0.0342781022191, 0.0050568273291, 0.000255896651652, 6.46244152449e-05],
        "median": [0.311783015728, 3.27190375328, 4.77916240692, 4.83662462234, 4.00545597076, 4.06100463867, 3.6627972126, 4.08569145203, 5.1947889328, 6.77475261688, 5.24060821533, 5.25238037109, 4.79189538956, 4.01790237427, 4.15999794006, 5.21263122559, 6.46765422821, 7.70312786102, 10.9627027512, 12.8871879578, 14.5089139938, 13.0915985107, 11.0136346817, 10.0966053009, 7.36971187592, 6.26972484589, 3.80347967148, 2.08780097961, 1.23096430302, 0.904604434967, 0.577859759331, 0.311749875546, 0.167493879795, 0.100318223238, 0.0488941669464, 0.0193436928093, 0.00466507067904, 0.000562034896575, 4.6002351155e-05, 4.291607911e-05],
        "min": [6.97307538718e-23, 4.26036991504e-22, 1.043131197e-21, 4.45389544326e-21, 1.23305317831e-20, 2.33645161172e-20, 6.13993485855e-20, 6.81481536446e-20, 1.09070652629e-19, 1.59035554027e-19, 1.80913408479e-19, 3.98049340325e-19, 3.84847201707e-19, 6.80226858553e-19, 1.03744196265e-18, 1.00887414282e-18, 1.67804299245e-18, 2.26205794072e-18, 2.5544431262e-18, 3.44874117366e-18, 5.49467253675e-18, 3.79592479997e-18, 4.84576382186e-18, 6.64079620912e-18, 6.4448114794e-18, 9.45822300631e-18, 8.37680595095e-18, 1.02860165597e-17, 1.16254651625e-17, 1.19529352137e-17, 1.04964554434e-17, 1.16384643058e-17, 9.93851798436e-18, 7.8241194344e-18, 6.46618210412e-18, 4.1934748334e-18, 2.50114994728e-18, 9.95744201562e-19, 2.38516469805e-19, 2.95004498126e-20],
        "var": [0.326708853245, 145.538726807, 496.506408691, 519.535461426, 870.388427734, 303.632171631, 59.5111923218, 123.272972107, 443.729644775, 378.702209473, 155.559585571, 477.074645996, 210.593261719, 337.740264893, 416.556060791, 395.241821289, 544.067993164, 807.156799316, 727.917175293, 889.44140625, 1113.75561523, 1768.8918457, 931.93737793, 912.684448242, 332.388122559, 352.552856445, 78.5581436157, 33.8907661438, 30.7647476196, 21.5352268219, 7.87903547287, 2.82645320892, 0.774409115314, 0.354507595301, 0.105238124728, 0.0353949666023, 0.0048647467047, 0.000106316503661, 4.35477943483e-07, 3.59040597253e-09]
    },
    "gfcc": {
        "mean": [-28.6015720367, 112.397201538, -108.420829773, 50.6649551392, -32.3432617188, 10.7064027786, -27.4609222412, 11.2202396393, -14.8331518173, 3.99319601059, -13.918296814, -2.21364402771, -10.4958400726],
        "cov": [[21352.8164062, -725.542541504, -1473.4831543, 951.704406738, -879.065917969, 618.231384277, -781.187683105, 232.53187561, -581.942260742, 222.205307007, -478.14654541, 139.580230713, -451.549865723], [-725.542541504, 2123.03588867, -42.674331665, -241.270339966, 469.023284912, -358.168243408, 345.229309082, -204.040237427, 230.308105469, -150.175186157, 221.263046265, -155.492782593, 194.553695679], [-1473.4831543, -42.674331665, 1113.29736328, -64.448097229, 32.3795471191, 257.433959961, 32.4832191467, 41.9018211365, 24.4022674561, 2.43672657013, 47.3843269348, 34.5554428101, -5.66117668152], [951.704406738, -241.270339966, -64.448097229, 619.635986328, 38.4676475525, 47.9478111267, 60.6731567383, 0.809371590614, 25.6197528839, 9.92422389984, -39.1964073181, -41.0759277344, 37.6237831116], [-879.065917969, 469.023284912, 32.3795471191, 38.4676475525, 482.367401123, -40.9323272705, 217.276290894, -13.012254715, 115.031028748, -33.4813537598, 76.269241333, -47.7303657532, 56.0562591553], [618.231384277, -358.168243408, 257.433959961, 47.9478111267, -40.9323272705, 323.656463623, -45.2644996643, 75.0318527222, -30.9857254028, 23.6924819946, -4.95828151703, 46.8018035889, -42.5198516846], [-781.187683105, 345.229309082, 32.4832191467, 60.6731567383, 217.276290894, -45.2644996643, 263.285736084, 14.2254219055, 132.967163086, -7.92278003693, 77.3754272461, -40.5565757751, 69.6323699951], [232.53187561, -204.040237427, 41.9018211365, 0.809371590614, -13.012254715, 75.0318527222, 14.2254219055, 169.400405884, 38.4998588562, 64.9475097656, 0.900239467621, 26.8051548004, -21.9617080688], [-581.942260742, 230.308105469, 24.4022674561, 25.6197528839, 115.031028748, -30.9857254028, 132.967163086, 38.4998588562, 156.706207275, 25.5371227264, 72.0557022095, -18.3783302307, 49.0068702698], [222.205307007, -150.175186157, 2.43672657013, 9.92422389984, -33.4813537598, 23.6924819946, -7.92278003693, 64.9475097656, 25.5371227264, 93.654548645, 15.4184112549, 35.5646820068, -7.53444766998], [-478.14654541, 221.263046265, 47.3843269348, -39.1964073181, 76.269241333, -4.95828151703, 77.3754272461, 0.900239467621, 72.0557022095, 15.4184112549, 104.541023254, 5.94068527222, 43.0833396912], [139.580230713, -155.492782593, 34.5554428101, -41.0759277344, -47.7303657532, 46.8018035889, -40.5565757751, 26.8051548004, -18.3783302307, 35.5646820068, 5.94068527222, 71.8397903442, -4.74746608734], [-451.549865723, 194.553695679, -5.66117668152, 37.6237831116, 56.0562591553, -42.5198516846, 69.6323699951, -21.9617080688, 49.0068702698, -7.53444766998, 43.0833396912, -4.74746608734, 84.91381073]],
        "icov": [[0.000152763546794, -0.000432523054769, 0.000277995713986, -0.000419178570155, 0.000233744241996, -0.000550554133952, 0.000116640527267, -0.000244906434091, 0.000439134135377, -0.0005509632756, 0.000520518282428, -0.000538789550774, 0.00082208076492], [-0.000432523054769, 0.00259384466335, -0.000851140008308, 0.00179108208977, -0.00117353373207, 0.0022586309351, -0.000408006628277, 0.00135095603764, -0.00180749199353, 0.00254783546552, -0.00301571260206, 0.00319519499317, -0.00352570554242], [0.000277995713986, -0.000851140008308, 0.00168221711647, -0.00056594988564, 0.000462722236989, -0.0021179697942, 9.71893859969e-06, -0.000293246353976, 0.000594157958403, -0.000869298411999, 0.000848050345667, -0.00110630132258, 0.00142933416646], [-0.000419178570155, 0.00179108208977, -0.00056594988564, 0.00357948546298, -0.00089904962806, 0.000747296086047, -0.000859984778799, 0.00150292576291, -0.00167325511575, 0.000475191947771, -1.20192971735e-05, 0.00390912871808, -0.00466237356886], [0.000233744241996, -0.00117353373207, 0.000462722236989, -0.00089904962806, 0.00401871558279, -0.00117127818521, -0.00228301412426, -0.000402290985221, 0.000438094459241, -0.00012117154256, 0.000553966849111, -0.00115954270586, 0.00228011677973], [-0.000550554133952, 0.0022586309351, -0.0021179697942, 0.000747296086047, -0.00117127818521, 0.00770279811695, -5.93385448155e-05, -0.00101428374182, -0.000753899279516, 0.00405940180644, -0.00440278835595, 4.00963435823e-05, -0.00112689973321], [0.000116640527267, -0.000408006628277, 9.71893859969e-06, -0.000859984778799, -0.00228301412426, -5.93385448155e-05, 0.0100977122784, -0.0015881244326, -0.00398640194908, 0.00077082804637, -0.00131042476278, 0.00177412200719, -0.0021438607946], [-0.000244906434091, 0.00135095603764, -0.000293246353976, 0.00150292576291, -0.000402290985221, -0.00101428374182, -0.0015881244326, 0.0110771115869, -0.0043493071571, -0.00444285897538, 0.00157048157416, 0.000734364148229, 0.000201972652576], [0.000439134135377, -0.00180749199353, 0.000594157958403, -0.00167325511575, 0.000438094459241, -0.000753899279516, -0.00398640194908, -0.0043493071571, 0.0177549626678, -0.00561267044395, -0.00398998055607, 0.00180491129868, 0.000115184484457], [-0.0005509632756, 0.00254783546552, -0.000869298411999, 0.000475191947771, -0.00012117154256, 0.00405940180644, 0.00077082804637, -0.00444285897538, -0.00561267044395, 0.0228198226541, -0.00660765869543, -0.00557014532387, -0.000399200391257], [0.000520518282428, -0.00301571260206, 0.000848050345667, -1.20192971735e-05, 0.000553966849111, -0.00440278835595, -0.00131042476278, 0.00157048157416, -0.00398998055607, -0.00660765869543, 0.0230113621801, -0.00580328237265, -0.00163360219449], [-0.000538789550774, 0.00319519499317, -0.00110630132258, 0.00390912871808, -0.00115954270586, 4.00963435823e-05, 0.00177412200719, 0.000734364148229, 0.00180491129868, -0.00557014532387, -0.00580328237265, 0.0276510659605, -0.00951663963497], [0.00082208076492, -0.00352570554242, 0.00142933416646, -0.00466237356886, 0.00228011677973, -0.00112689973321, -0.0021438607946, 0.000201972652576, 0.000115184484457, -0.000399200391257, -0.00163360219449, -0.00951663963497, 0.0263230819255]]
    },
    "melbands": {
        "dmean": [0.00397607963532, 0.00533276051283, 0.00213895412162, 0.000924431136809, 0.000219627123442, 0.000140952033689, 0.00015699621872, 0.000116979259474, 6.40272846795e-05, 7.1066977398e-05, 4.43020508101e-05, 4.03408848797e-05, 3.22962259816e-05, 2.797340494e-05, 2.85330661427e-05, 2.62336852757e-05, 3.07791997329e-05, 2.56299899775e-05, 2.25361982302e-05, 2.50455432251e-05, 2.28226472245e-05, 2.37379208556e-05, 1.69716295204e-05, 1.41782911669e-05, 1.24758253151e-05, 7.47980220694e-06, 7.58198575568e-06, 6.37811444903e-06, 3.26700546793e-06, 2.41108591581e-06, 1.65359472248e-06, 1.59488945428e-06, 1.57165891324e-06, 1.26188365357e-06, 8.73310114002e-07, 5.60146247608e-07, 4.80934716052e-07, 2.66567553808e-07, 2.48690014359e-07, 2.03563459422e-07],
        "dmean2": [0.00508598750457, 0.00607589865103, 0.00339388055727, 0.00160739419516, 0.000356514443411, 0.000222916787607, 0.000247500749538, 0.000191276762052, 0.000106516956293, 0.000117240771942, 7.50442195567e-05, 6.70325534884e-05, 5.28548116563e-05, 4.94475534651e-05, 4.95534295624e-05, 4.32410924986e-05, 5.23789167346e-05, 4.22520788561e-05, 3.64902007277e-05, 4.05108403356e-05, 3.80376441171e-05, 4.02103069064e-05, 2.82901710307e-05, 2.22270246013e-05, 1.97327844944e-05, 1.19428623293e-05, 1.19094256661e-05, 9.68619588093e-06, 4.95989206684e-06, 3.62765786122e-06, 2.49796789831e-06, 2.37382960222e-06, 2.31078843171e-06, 1.90898776964e-06, 1.32159050281e-06, 8.38080666199e-07, 7.4775715575e-07, 3.88487507053e-07, 3.6752138044e-07, 3.08203738086e-07],
        "dvar": [4.18410963903e-05, 7.63681237004e-05, 1.74489960045e-05, 3.72179920305e-06, 9.13285731485e-08, 4.47115731106e-08, 6.557210952e-08, 3.01294633687e-08, 1.18893677126e-08, 1.64420974613e-08, 5.6190168074e-09, 6.51818998776e-09, 4.21907042636e-09, 2.8149742537e-09, 2.6081501403e-09, 2.36861419367e-09, 3.18589687964e-09, 1.40634881518e-09, 1.01768093952e-09, 1.29907817836e-09, 1.25200982914e-09, 1.96573579636e-09, 9.94322402192e-10, 5.93227911239e-10, 5.56344026403e-10, 1.44853462558e-10, 1.70449446224e-10, 9.68939442569e-11, 2.11178019516e-11, 1.25973910123e-11, 6.30342349497e-12, 5.63730832848e-12, 6.66348660278e-12, 4.23908044084e-12, 2.38816063279e-12, 8.10644195e-13, 6.74613088916e-13, 1.82731501913e-13, 1.71064171942e-13, 1.16221661743e-13],
        "dvar2": [6.35004253127e-05, 0.000101264689874, 4.41045558546e-05, 1.03221991594e-05, 2.20502343495e-07, 1.05804666362e-07, 1.58764180469e-07, 7.70817862872e-08, 3.15211039492e-08, 4.08141076491e-08, 1.5148813759e-08, 1.69942406814e-08, 9.20999099208e-09, 8.07645683665e-09, 7.06601488432e-09, 6.15830542117e-09, 8.56264836813e-09, 3.47281714497e-09, 2.45567033375e-09, 3.09273517907e-09, 3.42280359611e-09, 5.35205835206e-09, 2.61860066963e-09, 1.43666423202e-09, 1.30184230063e-09, 3.54870799413e-10, 4.17318790635e-10, 2.07469666447e-10, 4.58626192579e-11, 2.76590417236e-11, 1.26930046335e-11, 1.10088101829e-11, 1.38304671535e-11, 9.22802893127e-12, 5.49163188882e-12, 1.71421828555e-12, 1.60822516328e-12, 3.75924687429e-13, 3.64515302708e-13, 2.45022182882e-13],
        "max": [0.0667773261666, 0.0902024507523, 0.0390103161335, 0.0192600637674, 0.00279903667979, 0.00386846833862, 0.00382024445571, 0.00174482085276, 0.00202152179554, 0.00172990001738, 0.0010193529306, 0.00136253214441, 0.00231367000379, 0.000678282813169, 0.00115354324225, 0.000794118735939, 0.000655709125567, 0.000391253066482, 0.00043797242688, 0.00038040833897, 0.00047372886911, 0.00054795172764, 0.000405356375268, 0.0004124425177, 0.000438333605416, 0.000139399780892, 0.00016990788572, 0.000124907892314, 4.41595693701e-05, 3.779511826e-05, 2.67254417849e-05, 2.74314861599e-05, 3.85197781725e-05, 2.43829163082e-05, 2.09567770071e-05, 9.38179891818e-06, 8.21620324132e-06, 6.68741267873e-06, 4.74932812722e-06, 5.84017698202e-06],
        "mean": [0.00633836910129, 0.00837116315961, 0.00234839576297, 0.000923446030356, 0.000306210044073, 0.000192638588487, 0.000197642788407, 0.000141967728268, 7.82030183473e-05, 7.90687990957e-05, 4.85208147438e-05, 4.15419090132e-05, 3.65279774996e-05, 3.10942814394e-05, 3.30706679961e-05, 3.22623091051e-05, 3.46504602931e-05, 3.37818382832e-05, 3.03732649627e-05, 3.25652908941e-05, 3.06921283482e-05, 2.99516450468e-05, 2.28756452998e-05, 1.93648338609e-05, 1.66597401403e-05, 1.00334882518e-05, 1.01013256426e-05, 8.69270752446e-06, 4.60253477286e-06, 3.34020569426e-06, 2.19684307012e-06, 2.0322288492e-06, 1.94640165319e-06, 1.57544093327e-06, 1.09518293812e-06, 7.74453326358e-07, 6.28352438525e-07, 3.80376064868e-07, 3.31506981865e-07, 2.8495739457e-07],
        "median": [0.0033344689291, 0.00354009889998, 0.000899986596778, 0.000286247581244, 0.000145752142998, 9.53041453613e-05, 8.63846944412e-05, 6.67482672725e-05, 4.07905245083e-05, 3.12745869451e-05, 2.30085352086e-05, 1.57109079737e-05, 1.28599722302e-05, 1.30644875753e-05, 1.33487938001e-05, 1.39725907502e-05, 1.36411326821e-05, 1.68697115441e-05, 1.67684447661e-05, 1.6974452592e-05, 1.59885312314e-05, 1.37965171234e-05, 9.77471972874e-06, 9.19284502743e-06, 7.67095116316e-06, 4.97562996316e-06, 5.04950912728e-06, 3.6671201542e-06, 2.34191247728e-06, 1.63867821357e-06, 9.74542444965e-07, 7.14500004051e-07, 5.34971491106e-07, 4.71447719974e-07, 3.40918006714e-07, 2.45631355256e-07, 1.65727556123e-07, 1.10950480803e-07, 9.66997930618e-08, 7.86985765444e-08],
        "min": [1.32186414356e-24, 3.745977992e-25, 9.46720156788e-25, 1.22193006079e-24, 2.67769999035e-24, 1.69921289795e-24, 1.98682823133e-24, 1.7081907267e-24, 1.48465476186e-24, 1.85148573241e-24, 1.81291556174e-24, 2.44335623668e-24, 3.75131719982e-24, 2.72914713201e-24, 3.37453750997e-24, 2.87362503465e-24, 3.62013278673e-24, 2.67962698033e-24, 4.87868857466e-24, 4.33235861602e-24, 5.0867348612e-24, 2.00311564523e-24, 4.98368832773e-24, 4.17816431361e-24, 4.41444787625e-24, 3.44636645083e-24, 5.29832549978e-24, 5.11526914343e-24, 3.86572017488e-24, 5.5128179632e-24, 5.30477798755e-24, 4.9485276139e-24, 6.44752662802e-24, 5.31369921553e-24, 4.27314040559e-24, 6.26412120072e-24, 6.52778415323e-24, 6.19985033619e-24, 6.60132492226e-24, 6.7345292137e-24],
        "var": [8.24159578769e-05, 0.000177458277903, 1.59100254677e-05, 2.6200289085e-06, 1.32667963726e-07, 6.40351842662e-08, 9.24911915945e-08, 3.56139544522e-08, 1.15754890118e-08, 1.72031899837e-08, 4.97117458309e-09, 5.45764144988e-09, 5.58590240729e-09, 2.64322363996e-09, 2.80038636724e-09, 2.55626120271e-09, 3.10234549161e-09, 2.08956607572e-09, 1.48060397276e-09, 1.79004933099e-09, 1.59071800176e-09, 2.01362926333e-09, 1.17149001611e-09, 7.53742790405e-10, 6.70106026224e-10, 1.81145140554e-10, 2.06083858312e-10, 1.43477785208e-10, 3.31208740989e-11, 1.95482952742e-11, 9.77568633681e-12, 9.39326567917e-12, 1.01906217839e-11, 6.34711597516e-12, 3.16871615752e-12, 1.4770618539e-12, 9.92775306408e-13, 3.65959839472e-13, 3.09384950384e-13, 2.69576678688e-13]
    },
    "mfcc": {
        "mean": [-663.479370117, 134.461685181, -4.37747383118, 44.9413337708, 17.3111114502, 12.6122188568, 4.17883348465, 7.99643135071, 5.00036525726, 7.93849229813, 3.09009075165, 2.64579224586, 1.85207653046],
        "cov": [[10014.0751953, -518.146179199, -652.053344727, 254.130157471, -18.7255096436, 66.7112731934, -181.727981567, -5.81081628799, -149.824295044, -37.400100708, -97.1759185791, -97.9106826782, -83.513710022], [-518.146179199, 2119.21557617, -122.47756958, 63.4722633362, 141.047546387, -6.49435138702, 118.323112488, 9.54912376404, 64.3238830566, -11.3053245544, 48.3810501099, 82.4812469482, 69.7157363892], [-652.053344727, -122.47756958, 1015.73962402, -184.537643433, 79.2870025635, 92.9815444946, 27.8452129364, 74.3881835938, -41.4980506897, 34.1072273254, -0.809644401073, -20.1039123535, 27.6586914062], [254.130157471, 63.4722633362, -184.537643433, 577.745239258, 49.3467483521, 86.0724258423, 50.3085861206, -3.71846413612, 119.757858276, 35.8014602661, 19.6457366943, 16.6682720184, -23.8284988403], [-18.7255096436, 141.047546387, 79.2870025635, 49.3467483521, 210.675216675, 95.330116272, 79.0315628052, 62.1039237976, 32.7421340942, 20.883600235, 24.1259288788, 24.6931991577, 18.7163391113], [66.7112731934, -6.49435138702, 92.9815444946, 86.0724258423, 95.330116272, 181.347320557, 68.9958343506, 54.1971740723, 21.3245334625, 2.19145965576, 1.92612576485, 9.15147304535, 9.65486431122], [-181.727981567, 118.323112488, 27.8452129364, 50.3085861206, 79.0315628052, 68.9958343506, 122.345283508, 58.4824485779, 45.1847991943, 23.5660610199, 25.8208007812, 24.6131134033, 15.1922550201], [-5.81081628799, 9.54912376404, 74.3881835938, -3.71846413612, 62.1039237976, 54.1971740723, 58.4824485779, 109.872039795, 39.4451179504, 46.8022003174, 31.9742851257, 15.2248373032, 19.4361629486], [-149.824295044, 64.3238830566, -41.4980506897, 119.757858276, 32.7421340942, 21.3245334625, 45.1847991943, 39.4451179504, 113.820068359, 47.5280418396, 37.9631881714, 30.0580730438, 13.2864046097], [-37.400100708, -11.3053245544, 34.1072273254, 35.8014602661, 20.883600235, 2.19145965576, 23.5660610199, 46.8022003174, 47.5280418396, 95.1755752563, 51.5012664795, 22.179145813, 18.7337589264], [-97.1759185791, 48.3810501099, -0.809644401073, 19.6457366943, 24.1259288788, 1.92612576485, 25.8208007812, 31.9742851257, 37.9631881714, 51.5012664795, 75.5912246704, 39.083656311, 25.3448429108], [-97.9106826782, 82.4812469482, -20.1039123535, 16.6682720184, 24.6931991577, 9.15147304535, 24.6131134033, 15.2248373032, 30.0580730438, 22.179145813, 39.083656311, 65.0775222778, 34.9650154114], [-83.513710022, 69.7157363892, 27.6586914062, -23.8284988403, 18.7163391113, 9.65486431122, 15.1922550201, 19.4361629486, 13.2864046097, 18.7337589264, 25.3448429108, 34.9650154114, 57.6443214417]],
