{
"lowlevel": {
    "average_loudness": 0.760319590569,
    "barkbands_crest": {
        "dmean": 3.09045553207,
        "dmean2": 5.03111553192,
        "dvar": 7.18100309372,
        "dvar2": 17.8441905975,
        "max": 25.1740589142,
        "mean": 11.0870752335,
        "median": 10.4111967087,
        "min": 2.58403635025,
        "var": 17.4099082947
    },
    "barkbands_flatness_db": {
        "dmean": 0.0367372147739,
        "dmean2": 0.0581303425133,
        "dvar": 0.00132259889506,
        "dvar2": 0.00316054490395,
        "max": 0.512813687325,
        "mean": 0.168610423803,
        "median": 0.162968367338,
        "min": 0.0182967297733,
        "var": 0.0036464901641
    },
    "barkbands_kurtosis": {
        "dmean": 6.82202672958,
        "dmean2": 10.9544916153,
        "dvar": 105.981704712,
        "dvar2": 262.386627197,
        "max": 262.354156494,
        "mean": 10.2074890137,
        "median": 5.99331760406,
        "min": -1.90469110012,
        "var": 178.815368652
    },
    "barkbands_skewness": {
        "dmean": 0.848667621613,
        "dmean2": 1.34947693348,
        "dvar": 0.74338722229,
        "dvar2": 1.84121882915,
        "max": 10.0058116913,
        "mean": 2.55001473427,
        "median": 2.38710021973,
        "min": -2.77904033661,
        "var": 1.99875581264
    },
    "barkbands_spread": {
        "dmean": 6.01265382767,
        "dmean2": 9.89806461334,
        "dvar": 48.9281463623,
        "dvar2": 122.169578552,
        "max": 107.663352966,
        "mean": 15.4907684326,
        "median": 13.2813520432,
        "min": 0.285473763943,
        "var": 121.119796753
    },
    "dissonance": {
        "dmean": 0.0150552587584,
        "dmean2": 0.0258229747415,
        "dvar": 0.00021869810007,
        "dvar2": 0.000607742811553,
        "max": 0.500000119209,
        "mean": 0.473822146654,
        "median": 0.477880835533,
        "min": 0.331262916327,
        "var": 0.000368443987099
    },
    "dynamic_complexity": 4.76098299026,
    "erbbands_crest": {
        "dmean": 2.29083657265,
        "dmean2": 3.78438830376,
        "dvar": 5.11594581604,
        "dvar2": 12.4597043991,
        "max": 27.7685985565,
        "mean": 7.37934398651,
        "median": 6.3225030899,
        "min": 2.43589091301,
        "var": 13.7855157852
    },
    "erbbands_flatness_db": {
        "dmean": 0.0169444959611,
        "dmean2": 0.026165612042,
        "dvar": 0.000312571617542,
        "dvar2": 0.000701411510818,
        "max": 0.34953558445,
        "mean": 0.149681597948,
        "median": 0.146375477314,
        "min": 0.028116831556,
        "var": 0.00141565012746
    },
    "erbbands_kurtosis": {
        "dmean": 0.663253426552,
        "dmean2": 1.09197163582,
        "dvar": 1.74542987347,
        "dvar2": 4.70542812347,
        "max": 30.6186141968,
        "mean": -0.336074590683,
        "median": -0.750721812248,
        "min": -1.77186226845,
        "var": 2.6509552002
    },
    "erbbands_skewness": {
        "dmean": 0.358586043119,
        "dmean2": 0.582032620907,
        "dvar": 0.151616826653,
        "dvar2": 0.385812342167,
        "max": 5.11157846451,
        "mean": 0.168259054422,
        "median": 0.127055346966,
        "min": -2.2338783741,
        "var": 0.342384368181
    },
    "erbbands_spread": {
        "dmean": 8.86647510529,
        "dmean2": 13.8198471069,
        "dvar": 71.8462524414,
        "dvar2": 169.156097412,
        "max": 137.107971191,
        "mean": 46.3187446594,
        "median": 45.163433075,
        "min": 5.51422834396,
        "var": 279.597717285
    },
    "hfc": {
        "dmean": 4.99286985397,
        "dmean2": 7.59571266174,
        "dvar": 67.2219390869,
        "dvar2": 154.630401611,
        "max": 85.4228515625,
        "mean": 10.2838020325,
        "median": 7.25937080383,
        "min": 1.1660123203e-16,
        "var": 112.013664246
    },
    "melbands_crest": {
        "dmean": 3.81681036949,
        "dmean2": 6.28675937653,
        "dvar": 10.3113803864,
        "dvar2": 28.1219272614,
        "max": 37.8113327026,
        "mean": 16.2108631134,
        "median": 15.9166507721,
        "min": 1.03274381161,
        "var": 24.2126083374
    },
    "melbands_flatness_db": {
        "dmean": 0.0443349964917,
        "dmean2": 0.0699212476611,
        "dvar": 0.0019382404862,
        "dvar2": 0.00459119258448,
        "max": 0.648888170719,
        "mean": 0.264963060617,
        "median": 0.262024879456,
        "min": 2.43800586759e-05,
        "var": 0.00598842417821
    },
    "melbands_kurtosis": {
        "dmean": 16.6207904816,
        "dmean2": 26.6989612579,
        "dvar": 508.31552124,
        "dvar2": 1284.12963867,
        "max": 350.560974121,
        "mean": 29.3940906525,
        "median": 20.0124130249,
        "min": -1.61105394363,
        "var": 924.923156738
    },
    "melbands_skewness": {
        "dmean": 1.1783452034,
        "dmean2": 1.87743794918,
        "dvar": 1.3929643631,
        "dvar2": 3.4975810051,
        "max": 16.7845668793,
        "mean": 4.13078927994,
        "median": 3.90936350822,
        "min": -1.27408599854,
        "var": 3.76461434364
    },
    "melbands_spread": {
        "dmean": 6.1428232193,
        "dmean2": 10.1579914093,
        "dvar": 77.4592590332,
        "dvar2": 187.542602539,
        "max": 145.572784424,
        "mean": 13.6786546707,
        "median": 9.82490539551,
        "min": 0.370944857597,
        "var": 204.011505127
    },
    "pitch_salience": {
        "dmean": 0.0944453179836,
        "dmean2": 0.153899937868,
        "dvar": 0.0069927778095,
        "dvar2": 0.0178977511823,
        "max": 0.997571706772,
        "mean": 0.549184024334,
        "median": 0.560734391212,
        "min": 0.113644368947,
        "var": 0.0146517390385
    },
    "silence_rate_20dB": {
        "dmean": 0,
        "dmean2": 0,
        "dvar": 0,
        "dvar2": 0,
        "max": 1,
        "mean": 1,
        "median": 1,
        "min": 1,
        "var": 0
    },
    "silence_rate_30dB": {
        "dmean": 0.0449592843652,
        "dmean2": 0.0899288803339,
        "dvar": 0.0429344326258,
        "dvar2": 0.102270998061,
        "max": 1,
        "mean": 0.96112382412,
        "median": 1,
        "min": 0,
        "var": 0.0373680628836
    },
    "silence_rate_60dB": {
        "dmean": 0.0142218144611,
        "dmean2": 0.0284468922764,
        "dvar": 0.0140230534598,
        "dvar2": 0.0333818867803,
        "max": 1,
        "mean": 0.094380736351,
        "median": 0,
        "min": 0,
        "var": 0.0854758620262
    },
    "spectral_centroid": {
        "dmean": 325.096038818,
        "dmean2": 526.842590332,
        "dvar": 134505.859375,
        "dvar2": 328754.15625,
        "max": 11686.5849609,
        "mean": 1079.22875977,
        "median": 964.935302734,
        "min": 143.580535889,
        "var": 411351.46875
    },
    "spectral_complexity": {
        "dmean": 4.89413928986,
        "dmean2": 7.2959394455,
        "dvar": 32.0614585876,
        "dvar2": 67.3888092041,
        "max": 52,
        "mean": 14.2858943939,
        "median": 13,
        "min": 0,
        "var": 91.5851898193
    },
    "spectral_decrease": {
        "dmean": 4.17269996333e-09,
        "dmean2": 6.50643894318e-09,
        "dvar": 4.46336699279e-17,
        "dvar2": 1.03482921756e-16,
        "max": 1.6652570116e-28,
        "mean": -8.06365108019e-09,
        "median": -5.43072875558e-09,
        "min": -8.74798189443e-08,
        "var": 7.66224482074e-17
    },
    "spectral_energy": {
        "dmean": 0.0160769429058,
        "dmean2": 0.0250105652958,
        "dvar": 0.000655547366478,
        "dvar2": 0.00151129742153,
        "max": 0.335622936487,
        "mean": 0.0313668400049,
        "median": 0.0212333165109,
        "min": 1.04986853867e-20,
        "var": 0.0011402949458
    },
    "spectral_energyband_high": {
        "dmean": 0.000200983762625,
        "dmean2": 0.000332622556016,
        "dvar": 1.88539800661e-07,
        "dvar2": 4.95810809298e-07,
        "max": 0.00446860492229,
        "mean": 0.000301063322695,
        "median": 0.000112826877739,
        "min": 7.6194401188e-21,
        "var": 2.34864359072e-07
    },
    "spectral_energyband_low": {
        "dmean": 0.012776536867,
        "dmean2": 0.0208447948098,
        "dvar": 0.000496219669003,
        "dvar2": 0.00127730378881,
        "max": 0.278763771057,
        "mean": 0.0202415734529,
        "median": 0.0121489018202,
        "min": 3.69190942611e-23,
        "var": 0.000649349414743
    },
    "spectral_energyband_middle_high": {
        "dmean": 0.00120729790069,
        "dmean2": 0.00194187252782,
        "dvar": 4.24509653385e-06,
        "dvar2": 1.08098893179e-05,
        "max": 0.0257979314774,
        "mean": 0.00241603283212,
        "median": 0.00159015436657,
        "min": 1.30426026202e-21,
        "var": 6.8256904342e-06
    },
    "spectral_energyband_middle_low": {
        "dmean": 0.00758648989722,
        "dmean2": 0.012707802467,
        "dvar": 0.000247258954914,
        "dvar2": 0.000649504363537,
        "max": 0.159000262618,
        "mean": 0.0104499449953,
        "median": 0.00600127875805,
        "min": 2.08975640411e-22,
        "var": 0.00022789023933
    },
    "spectral_entropy": {
        "dmean": 0.220296666026,
        "dmean2": 0.350641906261,
        "dvar": 0.0524987876415,
        "dvar2": 0.130712166429,
        "max": 9.81691265106,
        "mean": 7.4316163063,
        "median": 7.46089458466,
        "min": 5.21448373795,
        "var": 0.155800923705
    },
    "spectral_flux": {
        "dmean": 0.0344324111938,
        "dmean2": 0.052951104939,
        "dvar": 0.00195215572603,
        "dvar2": 0.00355079746805,
        "max": 0.433642536402,
        "mean": 0.0914062783122,
        "median": 0.0712715387344,
        "min": 6.55086748735e-11,
        "var": 0.00509734358639
    },
    "spectral_kurtosis": {
        "dmean": 2.39617180824,
        "dmean2": 4.12411928177,
        "dvar": 13.6097354889,
        "dvar2": 40.5305976868,
        "max": 98.6182174683,
        "mean": 6.04647779465,
        "median": 4.52438926697,
        "min": -1.22431099415,
        "var": 54.2991485596
    },
    "spectral_rms": {
        "dmean": 0.0012126469519,
        "dmean2": 0.00184422347229,
        "dvar": 2.19470598495e-06,
        "dvar2": 4.78150195704e-06,
        "max": 0.0180952213705,
        "mean": 0.00484656356275,
        "median": 0.0045514209196,
        "min": 3.20040933859e-12,
        "var": 7.1124563874e-06
    },
    "spectral_rolloff": {
        "dmean": 356.965148926,
        "dmean2": 620.19152832,
        "dvar": 347087.84375,
        "dvar2": 831150.125,
        "max": 19422.9492188,
        "mean": 716.09185791,
        "median": 366.064453125,
        "min": 43.06640625,
        "var": 1080078.75
    },
    "spectral_skewness": {
        "dmean": 0.274848401546,
        "dmean2": 0.454977631569,
        "dvar": 0.0948101952672,
        "dvar2": 0.254158824682,
        "max": 7.48410654068,
        "mean": 1.56168651581,
        "median": 1.4397816658,
        "min": -0.0649586841464,
        "var": 0.455490648746
    },
    "spectral_spread": {
        "dmean": 424809.15625,
        "dmean2": 649113.4375,
        "dvar": 319271534592,
        "dvar2": 627406929920,
        "max": 41159084,
        "mean": 3660733.5,
        "median": 3438542,
        "min": 762691.1875,
        "var": 1.94778365952e+12
    },
    "spectral_strongpeak": {
        "dmean": 0.208011895418,
        "dmean2": 0.351577073336,
        "dvar": 0.092865370214,
        "dvar2": 0.246844351292,
        "max": 5.5847325325,
        "mean": 0.343556374311,
        "median": 0.255121588707,
        "min": 0,
        "var": 0.119262486696
    },
    "zerocrossingrate": {
        "dmean": 0.00793391186744,
        "dmean2": 0.010264435783,
        "dvar": 8.04475930636e-05,
        "dvar2": 0.000104943130282,
        "max": 0.71484375,
        "mean": 0.0360928885639,
        "median": 0.0302734375,
        "min": 0.0029296875,
        "var": 0.00102828687523
    },
    "barkbands": {
        "dmean": [0.000343084800988, 0.00673417700455, 0.00727792177349, 0.00370279536583, 0.00396983744577, 0.00064561230829, 0.000282985361991, 0.000400886405259, 0.000286058784695, 0.000301356689306, 0.000222507602302, 0.000164350567502, 0.000122219425975, 0.000118710617244, 0.000160984287504, 0.000151909553097, 0.000109750420961, 0.000115619215649, 0.000175751047209, 6.06327303103e-05, 0.000105083381641, 3.52295137418e-05, 2.13035600609e-05, 1.15981983981e-05, 1.37514216476e-05, 6.81211486153e-06, 5.92000901634e-07],
        "dmean2": [0.000579950923566, 0.0108461026102, 0.0126025546342, 0.00642906269059, 0.00699285324663, 0.00108006608207, 0.000473574735224, 0.000652947579511, 0.000486680131871, 0.000490075384732, 0.000372515351046, 0.000270720018307, 0.00020764952933, 0.000198258756427, 0.000275302270893, 0.000256098865066, 0.000176908171852, 0.000188252568478, 0.000300497515127, 9.41331018112e-05, 0.000181093608262, 5.75952471991e-05, 3.69514964405e-05, 1.92417464859e-05, 2.27522177738e-05, 1.09796219476e-05, 1.02820433767e-06],
        "dvar": [2.83047512539e-07, 0.000124922415125, 0.000249407894444, 5.88540679018e-05, 9.84256112133e-05, 2.10452049032e-06, 2.97786755254e-07, 5.0094325843e-07, 2.78088208461e-07, 2.70596558494e-07, 1.69564515318e-07, 9.35069550678e-08, 4.74724544119e-08, 5.31967110362e-08, 7.22193576053e-08, 9.39638624686e-08, 3.02422158427e-08, 4.99864363235e-08, 1.99797455025e-07, 7.25972570947e-09, 7.68387806716e-08, 6.14060402526e-09, 2.49707055033e-09, 6.91622203952e-10, 9.88658932499e-10, 2.17611040298e-10, 1.70380766787e-12],
        "dvar2": [8.48808326737e-07, 0.000305369583657, 0.000686934217811, 0.000160276365932, 0.000275765080005, 5.76416050535e-06, 7.97087125193e-07, 1.22767460198e-06, 7.50554818296e-07, 6.83290522829e-07, 4.48404847475e-07, 2.43986420401e-07, 1.30481438987e-07, 1.35287010039e-07, 1.9225679182e-07, 2.45136874355e-07, 7.36284277991e-08, 1.26477317508e-07, 5.42090219824e-07, 1.56279931218e-08, 2.08253027267e-07, 1.62812394677e-08, 6.83972167792e-09, 1.87063009527e-09, 2.37267583358e-09, 5.07416775264e-10, 4.59392333202e-12],
        "max": [0.00859516393393, 0.161252900958, 0.19384688139, 0.108060389757, 0.108336277306, 0.0362631231546, 0.0117577742785, 0.0131426490843, 0.00660782400519, 0.0104494700208, 0.00846798252314, 0.00491495290771, 0.00345223722979, 0.00268699973822, 0.00426671467721, 0.00502978404984, 0.00308400159702, 0.00284261954948, 0.00615386944264, 0.00140177051071, 0.00332886073738, 0.000908041314688, 0.000609938928392, 0.000552644080017, 0.000304711342324, 0.00016030871484, 1.65902220033e-05],
        "mean": [0.000703039579093, 0.0101139424369, 0.00750859361142, 0.00370157929137, 0.00436042342335, 0.000829800381325, 0.00037222733954, 0.000562638568226, 0.000363145518349, 0.000555699050892, 0.000375369068934, 0.000252537836786, 0.000179930895683, 0.000146180158481, 0.000211009537452, 0.000184617922059, 0.000197058325284, 0.000171554871486, 0.000208372599445, 0.000122463257867, 0.000123154677567, 4.89541307616e-05, 2.55496361206e-05, 2.35327570408e-05, 1.72626059793e-05, 7.5663433563e-06, 6.13244537817e-07],
        "median": [0.000432614353485, 0.00510198157281, 0.00301357870921, 0.00143050495535, 0.00194284785539, 0.000414455629652, 0.000177795853233, 0.000237831365666, 0.00015197522589, 0.000193854401005, 0.000130209547933, 0.000102590900497, 7.85044176155e-05, 6.57463533571e-05, 9.70866240095e-05, 8.86984562385e-05, 0.000105075116153, 9.21788596315e-05, 9.24911364564e-05, 5.88829934713e-05, 4.18961972173e-05, 1.64837238117e-05, 6.0618876887e-06, 2.66732808996e-06, 2.47163734457e-06, 1.5145768657e-06, 1.66075324159e-07],
        "min": [3.46385628596e-24, 2.01875958528e-23, 5.8309852878e-24, 4.0568946988e-24, 2.72138205857e-23, 1.23073250604e-23, 1.83132844301e-23, 2.18428784675e-23, 3.76005754199e-23, 1.33767522352e-23, 3.17558071544e-23, 5.13618815692e-23, 4.54871649882e-23, 1.09200083978e-22, 6.5774010587e-23, 5.51672771562e-23, 1.285754292e-22, 1.66490709634e-22, 1.1689173024e-22, 2.34870447698e-22, 2.8071215202e-22, 3.7367449983e-22, 4.85044494034e-22, 7.20234853228e-22, 1.00034873314e-21, 1.5754292923e-21, 2.19073918278e-21],
        "var": [7.40959308132e-07, 0.000189595826669, 0.000196277527721, 4.66242308903e-05, 7.05795828253e-05, 1.92592756321e-06, 3.63134631698e-07, 7.74779266521e-07, 3.32624864541e-07, 1.0060916793e-06, 4.77541391319e-07, 1.62218825039e-07, 9.35166895033e-08, 5.6858418418e-08, 9.53170555817e-08, 8.95288678748e-08, 6.85139482925e-08, 6.58001653164e-08, 1.6150289639e-07, 2.39440627325e-08, 6.48950759796e-08, 7.54949258663e-09, 2.49727127866e-09, 3.82871423454e-09, 1.3402551291e-09, 2.36726832581e-10, 1.62099749856e-12]
    },
    "erbbands": {
        "dmean": [0.175227433443, 1.6994253397, 7.12238121033, 10.7224884033, 15.1378631592, 12.138917923, 6.66028642654, 5.0491604805, 3.70400333405, 8.07671356201, 6.98572778702, 6.52850103378, 8.45716953278, 9.09266662598, 8.67550468445, 6.65772247314, 5.60092926025, 5.88883590698, 6.25443315506, 8.88872718811, 8.7053527832, 5.60396623611, 6.28182315826, 6.6421995163, 8.48694705963, 3.00573039055, 3.28571987152, 3.92517185211, 1.44250226021, 0.851024091244, 0.516437768936, 0.330871731043, 0.171106666327, 0.181516692042, 0.0725294053555, 0.0345478951931, 0.0120688844472, 0.00201465119608, 9.08157016966e-05, 1.86367342394e-05],
        "dmean2": [0.281106203794, 2.69466972351, 12.1105384827, 18.439661026, 26.6194705963, 21.4264717102, 11.3525400162, 8.384806633, 6.00032758713, 13.2601490021, 11.7104139328, 11.115114212, 13.7252120972, 15.3552007675, 14.3954105377, 10.9724092484, 9.43549346924, 9.80221939087, 10.6519842148, 15.0169048309, 14.7101449966, 9.02204704285, 10.1683015823, 11.0166025162, 14.613407135, 4.71794462204, 5.4737944603, 6.77311515808, 2.39634776115, 1.41717398167, 0.884298026562, 0.559502601624, 0.285972267389, 0.298266977072, 0.118460416794, 0.0555019378662, 0.0196769200265, 0.00333471316844, 0.000153393499204, 2.87209404632e-05],
        "dvar": [0.0821509286761, 8.55245494843, 229.025588989, 493.217285156, 1293.53601074, 980.325500488, 257.428924561, 105.918304443, 40.6536636353, 238.482192993, 145.540908813, 142.00201416, 194.473922729, 406.193206787, 302.981781006, 144.99899292, 95.6939926147, 119.743499756, 118.826919556, 237.451217651, 325.434112549, 74.8481369019, 145.369384766, 136.473800659, 609.632019043, 18.9861850739, 57.1390571594, 102.858695984, 14.3765659332, 2.95531320572, 1.47333538532, 0.718585312366, 0.129928380251, 0.195477113128, 0.0264878254384, 0.00584735535085, 0.00070685177343, 1.82008479896e-05, 3.8073448394e-08, 8.11876010864e-10],
        "dvar2": [0.21979573369, 20.3793964386, 617.487976074, 1343.40490723, 3622.75952148, 2747.79443359, 694.988708496, 281.424346924, 106.003349304, 606.02532959, 378.412597656, 383.521636963, 480.424102783, 1080.66308594, 800.158813477, 372.539459229, 259.792572021, 301.262268066, 318.821685791, 609.416442871, 852.874938965, 178.888214111, 362.722198486, 344.831237793, 1686.67016602, 42.1486663818, 149.502761841, 281.775634766, 39.6514320374, 7.66121816635, 4.02568483353, 2.10284805298, 0.331309437752, 0.459847450256, 0.0640204176307, 0.0137606123462, 0.00168007891625, 4.54479231848e-05, 1.01031929489e-07, 1.81815729139e-09],
        "max": [5.24886989594, 33.2021751404, 192.389144897, 279.15057373, 391.607330322, 394.821624756, 284.565734863, 236.817855835, 141.639785767, 276.61907959, 155.422164917, 147.223693848, 271.859283447, 450.726318359, 374.49710083, 243.787948608, 151.452545166, 127.144294739, 143.647415161, 279.957580566, 281.537200928, 118.035926819, 141.654190063, 137.724716187, 362.820800781, 70.6190032959, 98.9484634399, 105.356513977, 51.363193512, 14.3366718292, 18.4604187012, 16.4448013306, 6.00886487961, 4.43993520737, 1.4588419199, 0.800496518612, 0.290317922831, 0.0445855036378, 0.00237212935463, 0.000370792753529],
        "mean": [0.259511619806, 2.40709900856, 7.86118125916, 11.6892976761, 15.9600849152, 12.4698286057, 7.698823452, 6.70190954208, 5.52756071091, 10.5452213287, 9.66600131989, 8.78258514404, 14.9794235229, 16.4849872589, 14.9705142975, 11.2540550232, 8.76265144348, 7.63956880569, 8.49775028229, 11.7160902023, 11.2603168488, 9.8932094574, 9.89523792267, 9.73976707458, 9.93798923492, 5.79708719254, 4.72486162186, 4.40087842941, 1.95064437389, 1.12681782246, 0.683793962002, 0.588334739208, 0.313952207565, 0.235026568174, 0.0905475690961, 0.0394193790853, 0.0127307008952, 0.00218720547855, 0.000105104671093, 3.72678150597e-05],
        "median": [0.12917432189, 1.12828552723, 3.43782424927, 5.07926273346, 6.62048244476, 5.19422340393, 3.35700559616, 3.33940601349, 2.85207343102, 4.12198829651, 4.29900598526, 4.08812236786, 6.42441415787, 4.79991340637, 6.59906721115, 4.80671930313, 4.15828466415, 3.6658680439, 4.41393852234, 5.66515731812, 5.68043422699, 5.68496227264, 5.43947553635, 4.94685840607, 4.67106056213, 2.84920501709, 1.91555261612, 1.50453531742, 0.67487847805, 0.310165911913, 0.155008152127, 0.0705478787422, 0.0398174375296, 0.0258418787271, 0.0172472931445, 0.00777592603117, 0.00242917076685, 0.000673896283843, 3.88592961826e-05, 2.53686121141e-05],
        "min": [5.78980990399e-22, 4.14626988151e-21, 7.68393435719e-21, 1.92297843551e-20, 5.89644390548e-20, 9.47738632541e-20, 5.44331953581e-20, 8.46378634465e-20, 2.56899033804e-19, 6.75426419266e-19, 6.00957520067e-19, 7.20725414548e-19, 6.18683225112e-19, 1.00725566056e-18, 1.45374469755e-18, 2.57455726356e-18, 2.14001716071e-18, 4.05034239533e-18, 4.43354415386e-18, 5.37663469052e-18, 4.80917845055e-18, 7.92245218408e-18, 9.83190102085e-18, 8.63661014646e-18, 7.12328073425e-18, 1.06957439325e-17, 1.0886190688e-17, 1.32034933335e-17, 1.36800196767e-17, 1.65838661684e-17, 1.38163828822e-17, 1.37101100258e-17, 1.2350422795e-17, 1.00654778007e-17, 7.80632512507e-18, 5.64677864369e-18, 2.91311587763e-18, 1.19990364708e-18, 2.89142844274e-19, 3.30938613341e-20],
        "var": [0.125512763858, 12.0987272263, 193.50680542, 409.442108154, 926.492553711, 695.318115234, 210.672576904, 117.959182739, 63.4008522034, 315.488952637, 210.130386353, 174.932052612, 634.044677734, 1285.7512207, 712.724365234, 317.45111084, 196.758255005, 135.472137451, 147.975738525, 313.784637451, 313.651000977, 144.63734436, 208.123245239, 186.06652832, 444.756958008, 53.3558692932, 63.7820663452, 84.7640380859, 14.44227314, 4.02704906464, 1.82805609703, 2.5360352993, 0.563549160957, 0.282361060381, 0.0331938043237, 0.00651339348406, 0.000714975001756, 1.77217953024e-05, 3.78595892414e-08, 1.50405154997e-09]
    },
    "gfcc": {
        "mean": [-52.4165802002, 124.308860779, -108.395545959, 44.3888549805, -34.1476783752, 6.37592601776, -22.2754211426, 8.09452533722, -24.8913555145, -0.89272415638, -18.5927314758, -0.650523245335, -9.74661540985],
        "cov": [[17190.015625, -1487.85498047, -1001.18145752, 1144.27453613, -297.270782471, 473.953887939, -128.735595703, 205.266708374, -454.101837158, 102.565582275, -472.47555542, 36.5225105286, -90.0626678467], [-1487.85498047, 1484.61889648, -55.5395584106, -286.809265137, 346.740203857, -323.741485596, 168.963546753, -123.342430115, 124.319534302, -161.885726929, 135.504486084, -92.7126617432, 62.5087585449], [-1001.18145752, -55.5395584106, 553.357299805, 25.8988552094, -46.8321228027, 126.357192993, -5.26760530472, 28.6747760773, 1.40544092655, 34.0789680481, 16.6592769623, -26.2344932556, 2.92555117607], [1144.27453613, -286.809265137, 25.8988552094, 350.097930908, -22.1591472626, 102.805549622, 8.17337989807, -10.0152416229, -13.3653707504, 30.207326889, -8.9500617981, -24.2268390656, 22.5271968842], [-297.270782471, 346.740203857, -46.8321228027, -22.1591472626, 284.135772705, -72.8101425171, 59.8407058716, -53.6953430176, 14.6931648254, -20.2139091492, 9.7963180542, -5.2910695076, 6.41632080078], [473.953887939, -323.741485596, 126.357192993, 102.805549622, -72.8101425171, 210.498703003, -28.2302074432, 39.9868049622, -36.3298530579, 41.709438324, -19.9946746826, 0.0619888007641, 2.4481048584], [-128.735595703, 168.963546753, -5.26760530472, 8.17337989807, 59.8407058716, -28.2302074432, 153.361190796, 10.2996206284, 37.1390724182, -19.4352626801, 27.6927604675, 0.705908358097, 18.1748027802], [205.266708374, -123.342430115, 28.6747760773, -10.0152416229, -53.6953430176, 39.9868049622, 10.2996206284, 106.762443542, 15.3227062225, 10.019821167, -7.09196281433, 11.2913770676, -4.61433792114], [-454.101837158, 124.319534302, 1.40544092655, -13.3653707504, 14.6931648254, -36.3298530579, 37.1390724182, 15.3227062225, 100.086425781, 1.34701001644, 39.7054138184, -6.39504623413, 13.951625824], [102.565582275, -161.885726929, 34.0789680481, 30.207326889, -20.2139091492, 41.709438324, -19.4352626801, 10.019821167, 1.34701001644, 102.1483078, 2.56834602356, 22.2075462341, -6.52914857864], [-472.47555542, 135.504486084, 16.6592769623, -8.9500617981, 9.7963180542, -19.9946746826, 27.6927604675, -7.09196281433, 39.7054138184, 2.56834602356, 100.649414062, -4.32538747787, 26.1854057312], [36.5225105286, -92.7126617432, -26.2344932556, -24.2268390656, -5.2910695076, 0.0619888007641, 0.705908358097, 11.2913770676, -6.39504623413, 22.2075462341, -4.32538747787, 78.6182556152, 1.17027854919], [-90.0626678467, 62.5087585449, 2.92555117607, 22.5271968842, 6.41632080078, 2.4481048584, 18.1748027802, -4.61433792114, 13.951625824, -6.52914857864, 26.1854057312, 1.17027854919, 75.1649169922]],
        "icov": [[0.00015229966084, -0.000287185976049, 0.000379218166927, -0.000649134803098, 0.000249032775173, -0.000285641028313, 7.47692247387e-05, -0.000556365936063, 0.000618353311438, -0.000264595088083, 0.000536890584044, -0.000235329251154, 0.000215781969018], [-0.000287185976049, 0.00336843216792, -0.00113249232527, 0.00298652332276, -0.0025078477338, 0.00243193050846, -0.00135370937642, 0.00247721280903, -0.00218479451723, 0.0024257034529, -0.00273620639928, 0.00314807216637, -0.00186164886691], [0.000379218166927, -0.00113249232527, 0.00323135289364, -0.0015089858789, 0.000975746195763, -0.00250629428774, 0.000197268629563, -0.00160208332818, 0.00145733472891, -0.00138391612563, 0.00112834386528, -4.26856131526e-05, 0.000791815517005], [-0.000649134803098, 0.00298652332276, -0.0015089858789, 0.00763934059069, -0.00216041621752, 0.000317091675242, -0.00186668138485, 0.0044078733772, -0.00339828245342, 0.00130769307725, -0.00278945220634, 0.00415667146444, -0.00294479401782], [0.000249032775173, -0.0025078477338, 0.000975746195763, -0.00216041621752, 0.00642093271017, -0.00100534514058, -0.000832568563055, 0.000267489027465, 0.00156754755881, -0.0019314539386, 0.00259484560229, -0.00221580197103, 0.0013676387025], [-0.000285641028313, 0.00243193050846, -0.00250629428774, 0.000317091675242, -0.00100534514058, 0.0103301377967, -0.000387786829378, -0.000879418221302, 0.00108335830737, -0.000153181870701, -0.00171911262441, 0.00238591525704, -0.00222568400204], [7.47692247387e-05, -0.00135370937642, 0.000197268629563, -0.00186668138485, -0.000832568563055, -0.000387786829378, 0.00908913090825, -0.00277664372697, -0.00120462873019, 0.000760897353757, -0.000337004923495, -0.00220941845328, -7.58704263717e-05], [-0.000556365936063, 0.00247721280903, -0.00160208332818, 0.0044078733772, 0.000267489027465, -0.000879418221302, -0.00277664372697, 0.0153903001919, -0.00613781576976, 0.00199511623941, -0.00106015149504, 0.000725875434, -0.000692847184837], [0.000618353311438, -0.00218479451723, 0.00145733472891, -0.00339828245342, 0.00156754755881, 0.00108335830737, -0.00120462873019, -0.00613781576976, 0.0171814709902, -0.00346265244298, -0.00151241221465, -0.000139686788316, 0.000304137560306], [-0.000264595088083, 0.0024257034529, -0.00138391612563, 0.00130769307725, -0.0019314539386, -0.000153181870701, 0.000760897353757, 0.00199511623941, -0.00346265244298, 0.0141930719838, -0.00328111904673, -0.00197714893147, 0.000485420401674], [0.000536890584044, -0.00273620639928, 0.00112834386528, -0.00278945220634, 0.00259484560229, -0.00171911262441, -0.000337004923495, -0.00106015149504, -0.00151241221465, -0.00328111904673, 0.0162687674165, -0.00189810746815, -0.00208055553958], [-0.000235329251154, 0.00314807216637, -4.26856131526e-05, 0.00415667146444, -0.00221580197103, 0.00238591525704, -0.00220941845328, 0.000725875434, -0.000139686788316, -0.00197714893147, -0.00189810746815, 0.0180633366108, -0.00321965222247], [0.000215781969018, -0.00186164886691, 0.000791815517005, -0.00294479401782, 0.0013676387025, -0.00222568400204, -7.58704263717e-05, -0.000692847184837, 0.000304137560306, 0.000485420401674, -0.00208055553958, -0.00321965222247, 0.0166547689587]]
    },
    "melbands": {
        "dmean": [0.00166014523711, 0.00303979264572, 0.00192090508062, 0.00102565088309, 0.000274667807389, 0.000113762202091, 5.71361852053e-05, 9.11067982088e-05, 5.67086644878e-05, 4.04694437748e-05, 4.19706775574e-05, 3.68924374925e-05, 2.77671588265e-05, 2.11966944335e-05, 1.52005432028e-05, 1.12318284664e-05, 1.15313505376e-05, 9.91145952867e-06, 1.20785434774e-05, 1.07935111373e-05, 1.07431469587e-05, 6.12174335402e-06, 5.64124093216e-06, 5.95162100581e-06, 5.07212280354e-06, 8.77129878063e-06, 3.06733772959e-06, 1.84111036106e-06, 1.45759133829e-06, 3.97211488234e-06, 1.71248052538e-06, 9.0165013944e-07, 5.27525401139e-07, 5.24999904883e-07, 3.67485682773e-07, 1.96838485067e-07, 2.04059119824e-07, 1.3117198705e-07, 1.42208008924e-07, 1.59944406164e-07],
        "dmean2": [0.00266902591102, 0.00498948572204, 0.00327275600284, 0.00181302102283, 0.000469422375318, 0.000188565536519, 9.30598835112e-05, 0.000148946986883, 9.5797382528e-05, 6.87277206453e-05, 6.81498859194e-05, 6.25266693532e-05, 4.61548879684e-05, 3.49411311618e-05, 2.54814603977e-05, 1.90131086129e-05, 1.93048726942e-05, 1.70444000105e-05, 2.06117747439e-05, 1.79602120625e-05, 1.83328393177e-05, 9.94399943011e-06, 9.10870312509e-06, 9.84258895187e-06, 8.44131682243e-06, 1.53112669068e-05, 5.0560015552e-06, 2.88061914944e-06, 2.33648552239e-06, 6.94769232723e-06, 2.93119251182e-06, 1.52816437549e-06, 8.48112847507e-07, 9.09950529149e-07, 6.36727122583e-07, 3.35663742135e-07, 3.43981071182e-07, 2.24114231173e-07, 2.43510839937e-07, 2.61504851551e-07],
        "dvar": [7.26489815861e-06, 3.5462257074e-05, 1.51323793034e-05, 6.73632894177e-06, 4.02597692073e-07, 5.42094191758e-08, 1.00662154168e-08, 3.0199640122e-08, 1.06260698018e-08, 5.19229637064e-09, 4.79034500955e-09, 6.91487800353e-09, 2.66362221168e-09, 1.61035063062e-09, 7.22060355951e-10, 3.58748197815e-10, 4.80611606068e-10, 3.23082699483e-10, 4.01087663082e-10, 3.29612698247e-10, 4.95123386735e-10, 8.62330484797e-11, 8.93429913384e-11, 1.49250931059e-10, 7.10172337604e-11, 6.45337394634e-10, 4.54358460578e-11, 7.17079000345e-12, 6.89209019716e-12, 1.5799636599e-10, 1.92130963916e-11, 6.53869926953e-12, 1.06854520891e-12, 1.40089914495e-12, 8.28187399302e-13, 2.23180984327e-13, 2.86866830203e-13, 8.54736745791e-14, 9.70228603947e-14, 1.72337580946e-13],
        "dvar2": [1.81879040611e-05, 9.1824127594e-05, 4.04151360271e-05, 1.8978409571e-05, 1.08393794562e-06, 1.45471332758e-07, 2.62236152793e-08, 7.52863087428e-08, 2.7787113055e-08, 1.3940093524e-08, 1.18565912643e-08, 1.82520718539e-08, 7.0840462385e-09, 4.18973300498e-09, 1.97519756107e-09, 9.52232737106e-10, 1.21105458994e-09, 8.7833401663e-10, 1.05741282397e-09, 8.26532786657e-10, 1.31433919304e-09, 2.11533429662e-10, 2.17196136076e-10, 3.81600168131e-10, 1.77917638955e-10, 1.77296655135e-09, 1.23671115015e-10, 1.59222478952e-11, 1.59673784611e-11, 4.30851382349e-10, 5.42759275024e-11, 1.83439704399e-11, 2.59117792327e-12, 3.79916714408e-12, 2.27374781329e-12, 6.46984852845e-13, 8.49160639808e-13, 2.31163016246e-13, 2.52814967312e-13, 4.02717057835e-13],
        "max": [0.0469466336071, 0.075919508934, 0.0456951111555, 0.0278927665204, 0.0085086543113, 0.00552209094167, 0.0021452086512, 0.0030591848772, 0.00150859321002, 0.000921191589441, 0.00134838465601, 0.0018792450428, 0.00105486495886, 0.000579624145757, 0.00039072256186, 0.000271626922768, 0.000266649323748, 0.000230139616178, 0.000304445275106, 0.000289047020487, 0.000329646427417, 0.000127921302919, 0.000149485451402, 0.000155608140631, 0.000115225717309, 0.000353649433237, 0.00012971740216, 4.13099878642e-05, 4.61943636765e-05, 0.000155324552907, 5.61182350793e-05, 3.54770891136e-05, 1.83698557521e-05, 1.03737083919e-05, 1.38100185723e-05, 8.18550688564e-06, 1.06165389298e-05, 5.04430681758e-06, 4.72013425679e-06, 4.12503504776e-06],
        "mean": [0.00262021669187, 0.0039294459857, 0.00220512901433, 0.00107267766725, 0.000316468853271, 0.000151716943947, 8.32629666547e-05, 0.000121341785416, 7.5270414527e-05, 5.45973671251e-05, 7.32852713554e-05, 6.48422646918e-05, 4.70070408483e-05, 3.49447145709e-05, 2.40973495238e-05, 1.57749309437e-05, 1.41430164149e-05, 1.28509491333e-05, 1.53902237798e-05, 1.44738396557e-05, 1.32940331241e-05, 1.03356624095e-05, 9.59368117037e-06, 8.49977732287e-06, 7.48589718569e-06, 8.73550561664e-06, 5.0531789384e-06, 3.43869464814e-06, 2.64286654783e-06, 3.74251294488e-06, 2.08662117984e-06, 1.12490977244e-06, 7.85284953508e-07, 5.8039876194e-07, 4.32881222423e-07, 3.1680946222e-07, 3.63562975281e-07, 2.14661071141e-07, 2.14044305835e-07, 1.92121575537e-07],
        "median": [0.00135041668545, 0.00196151225828, 0.0010308411438, 0.000458801689092, 0.000137724971864, 7.63914504205e-05, 4.15516187786e-05, 4.77469657199e-05, 3.084630589e-05, 2.46319614234e-05, 2.94074707199e-05, 1.62871565408e-05, 1.84902291949e-05, 1.43001761899e-05, 9.80056029221e-06, 7.46316527511e-06, 6.28476755082e-06, 6.14856571701e-06, 7.46161140341e-06, 7.2561615525e-06, 6.22819516138e-06, 5.83917790209e-06, 5.39141228728e-06, 4.27731856689e-06, 3.7144086491e-06, 3.31798537445e-06, 2.51984488386e-06, 1.59311184689e-06, 1.07814275907e-06, 1.00962961369e-06, 7.07552544554e-07, 3.74988530893e-07, 2.11018061691e-07, 1.40726442055e-07, 9.35582704642e-08, 4.96144920703e-08, 3.74008308768e-08, 2.76704454905e-08, 2.26075371756e-08, 1.96305318667e-08],
        "min": [6.2883778847e-24, 4.60096733197e-24, 4.26123886111e-24, 5.90510665845e-24, 2.66199120593e-24, 1.90906212608e-24, 4.05490953033e-24, 6.25126789556e-24, 5.20815633173e-24, 3.97475613477e-24, 2.88043152375e-24, 3.70425770252e-24, 4.10378222443e-24, 5.57944121095e-24, 6.2128519472e-24, 4.69089905289e-24, 8.46603709103e-24, 8.17480778862e-24, 6.94841149321e-24, 5.78789928288e-24, 5.59991925119e-24, 8.04014292122e-24, 6.52468392987e-24, 9.0124826178e-24, 6.79194803241e-24, 3.8717742879e-24, 7.88432317091e-24, 6.06323698235e-24, 6.00322162797e-24, 4.94155132248e-24, 8.26537217599e-24, 7.14026798739e-24, 8.27279535711e-24, 6.84193341481e-24, 6.76940554318e-24, 8.46791773543e-24, 7.20609133018e-24, 7.57385512875e-24, 7.82055402192e-24, 8.96313542387e-24],
        "var": [1.18869265862e-05, 3.65824889741e-05, 1.30447915581e-05, 4.67179688712e-06, 3.37120667382e-07, 5.83631596385e-08, 1.50544945399e-08, 4.22412860246e-08, 1.48238745723e-08, 6.70455735374e-09, 1.56948303243e-08, 2.28128556046e-08, 6.71351019221e-09, 2.920738984e-09, 1.47085266189e-09, 5.22886456356e-10, 5.27652532778e-10, 3.80801279398e-10, 4.86851448045e-10, 4.22512747011e-10, 4.67490213207e-10, 1.6025770988e-10, 1.67895974901e-10, 1.86760704124e-10, 1.06754854956e-10, 4.54922877147e-10, 5.59300522562e-11, 1.99492384417e-11, 1.74082987608e-11, 1.11458758889e-10, 1.81771334096e-11, 5.5240330539e-12, 2.27208117771e-12, 1.27604036278e-12, 8.11588047201e-13, 6.00013257395e-13, 1.00651681e-12, 2.60873354169e-13, 2.6616174e-13, 2.14323825072e-13]
    },
    "mfcc": {
        "mean": [-691.03527832, 147.13873291, -6.78633928299, 46.1767883301, 9.63964366913, 11.3551216125, 9.57407665253, 8.90041351318, 5.64713907242, 0.611156046391, -1.39330506325, -1.68230366707, -0.421999305487],
        "cov": [[9789.77441406, 65.6500244141, -145.930358887, 288.019714355, -240.212966919, 167.353622437, 146.308013916, 74.5824432373, 117.216072083, -34.9510650635, -68.9730834961, -51.1961174011, -73.0719223022], [65.6500244141, 1521.05200195, -355.782775879, 228.973144531, 53.4545097351, -35.2540130615, 41.1101112366, 35.8576278687, -2.95447778702, -20.2050075531, 1.25148963928, 9.85421180725, -7.24119281769], [-145.930358887, -355.782775879, 495.597137451, -59.49193573, 46.0387229919, 14.6834278107, 28.2292995453, -22.2906551361, 15.6547985077, 36.7380371094, -23.5395812988, 24.7212142944, -19.936750412], [288.019714355, 228.973144531, -59.49193573, 225.343566895, 17.0198898315, 58.7604789734, 38.3705329895, 10.285820961, 18.815574646, 4.2447180748, 9.74238491058, 0.300348013639, 3.3731842041], [-240.212966919, 53.4545097351, 46.0387229919, 17.0198898315, 137.832733154, 44.8414916992, 19.8321723938, -12.9294471741, -7.81668615341, 9.47406578064, -2.20892858505, -1.20814025402, 3.97297668457], [167.353622437, -35.2540130615, 14.6834278107, 58.7604789734, 44.8414916992, 145.457290649, 36.9310913086, -16.9261989594, 6.83938884735, -2.44361591339, 4.37466526031, -11.941488266, 5.91001796722], [146.308013916, 41.1101112366, 28.2292995453, 38.3705329895, 19.8321723938, 36.9310913086, 106.581222534, 17.6739311218, 12.6056652069, 13.2335977554, -9.46956539154, 6.05503702164, -5.82340478897], [74.5824432373, 35.8576278687, -22.2906551361, 10.285820961, -12.9294471741, -16.9261989594, 17.6739311218, 92.7844467163, 23.515253067, 1.4975066185, 6.17388629913, 1.27871215343, -2.54023313522], [117.216072083, -2.95447778702, 15.6547985077, 18.815574646, -7.81668615341, 6.83938884735, 12.6056652069, 23.515253067, 76.3208770752, 19.4141807556, -5.43795442581, 5.52412843704, -0.985753118992], [-34.9510650635, -20.2050075531, 36.7380371094, 4.2447180748, 9.47406578064, -2.44361591339, 13.2335977554, 1.4975066185, 19.4141807556, 67.3606719971, 6.14114952087, 14.9560241699, 5.84241819382], [-68.9730834961, 1.25148963928, -23.5395812988, 9.74238491058, -2.20892858505, 4.37466526031, -9.46956539154, 6.17388629913, -5.43795442581, 6.14114952087, 70.8642425537, 9.94129180908, 7.38749647141], [-51.1961174011, 9.85421180725, 24.7212142944, 0.300348013639, -1.20814025402, -11.941488266, 6.05503702164, 1.27871215343, 5.52412843704, 14.9560241699, 9.94129180908, 67.9255828857, 14.4042043686], [-73.0719223022, -7.24119281769, -19.936750412, 3.3731842041, 3.97297668457, 5.91001796722, -5.82340478897, -2.54023313522, -0.985753118992, 5.84241819382, 7.38749647141, 14.4042043686, 53.7052879333]],
