{
"lowlevel": {
    "average_loudness": 0.925168275833,
    "barkbands_crest": {
        "dmean": 2.91039896011,
        "dmean2": 4.54310798645,
        "dvar": 8.03469276428,
        "dvar2": 16.7929840088,
        "max": 25.721622467,
        "mean": 12.2697868347,
        "median": 10.5866146088,
        "min": 2.41549992561,
        "var": 34.529800415
    },
    "barkbands_flatness_db": {
        "dmean": 0.0399029515684,
        "dmean2": 0.0582821592689,
        "dvar": 0.00133096578065,
        "dvar2": 0.00295422412455,
        "max": 0.456619352102,
        "mean": 0.143776908517,
        "median": 0.124886021018,
        "min": 0.0209333784878,
        "var": 0.00509640062228
    },
    "barkbands_kurtosis": {
        "dmean": 8.79559326172,
        "dmean2": 13.9983778,
        "dvar": 304.372161865,
        "dvar2": 758.195495605,
        "max": 395.375213623,
        "mean": 12.4283971786,
        "median": 5.56440448761,
        "min": -1.89430177212,
        "var": 527.391967773
    },
    "barkbands_skewness": {
        "dmean": 0.954921543598,
        "dmean2": 1.48993468285,
        "dvar": 1.12744891644,
        "dvar2": 2.79158782959,
        "max": 17.5088863373,
        "mean": 2.62332177162,
        "median": 2.28491997719,
        "min": -5.84301805496,
        "var": 3.37516069412
    },
    "barkbands_spread": {
        "dmean": 8.1554889679,
        "dmean2": 12.7781419754,
        "dvar": 80.0027618408,
        "dvar2": 200.969787598,
        "max": 139.271697998,
        "mean": 20.0825214386,
        "median": 18.07147789,
        "min": 0.231773689389,
        "var": 196.512039185
    },
    "dissonance": {
        "dmean": 0.016147332266,
        "dmean2": 0.0270742382854,
        "dvar": 0.000224115501624,
        "dvar2": 0.000582548847888,
        "max": 0.500000238419,
        "mean": 0.471628665924,
        "median": 0.476558595896,
        "min": 0.299798101187,
        "var": 0.000412774970755
    },
    "dynamic_complexity": 2.408680439,
    "erbbands_crest": {
        "dmean": 2.44344258308,
        "dmean2": 3.97858810425,
        "dvar": 5.46898460388,
        "dvar2": 13.8411741257,
        "max": 29.0035018921,
        "mean": 6.9152545929,
        "median": 6.07927370071,
        "min": 2.21849703789,
        "var": 10.2546300888
    },
    "erbbands_flatness_db": {
        "dmean": 0.0187288466841,
        "dmean2": 0.0281392335892,
        "dvar": 0.000310240022372,
        "dvar2": 0.000688492204063,
        "max": 0.301377028227,
        "mean": 0.119346037507,
        "median": 0.115757197142,
        "min": 0.0254616271704,
        "var": 0.000894357333891
    },
    "erbbands_kurtosis": {
        "dmean": 0.857689023018,
        "dmean2": 1.36385118961,
        "dvar": 1.76458823681,
        "dvar2": 4.09852838516,
        "max": 49.046787262,
        "mean": -0.053001601249,
        "median": -0.508047103882,
        "min": -1.8469748497,
        "var": 3.1097741127
    },
    "erbbands_skewness": {
        "dmean": 0.410982310772,
        "dmean2": 0.6531701684,
        "dvar": 0.154296636581,
        "dvar2": 0.390480190516,
        "max": 3.64265704155,
        "mean": 0.338217824697,
        "median": 0.271263360977,
        "min": -5.08493328094,
        "var": 0.419824957848
    },
    "erbbands_spread": {
        "dmean": 11.7433776855,
        "dmean2": 18.1218128204,
        "dvar": 123.65259552,
        "dvar2": 302.40512085,
        "max": 170.110641479,
        "mean": 50.3458442688,
        "median": 48.4726066589,
        "min": 3.83528089523,
        "var": 335.297210693
    },
    "hfc": {
        "dmean": 9.6385679245,
        "dmean2": 15.0983667374,
        "dvar": 154.423690796,
        "dvar2": 389.831298828,
        "max": 119.444961548,
        "mean": 18.105670929,
        "median": 14.4018087387,
        "min": 1.13997757153e-16,
        "var": 207.85345459
    },
    "melbands_crest": {
        "dmean": 3.68680667877,
        "dmean2": 5.97788000107,
        "dvar": 13.5032062531,
        "dvar2": 30.746761322,
        "max": 37.2767715454,
        "mean": 17.8497066498,
        "median": 16.5369243622,
        "min": 1.00939524174,
        "var": 52.8476066589
    },
    "melbands_flatness_db": {
        "dmean": 0.0485015250742,
        "dmean2": 0.0707561001182,
        "dvar": 0.0019435333088,
        "dvar2": 0.00449317414314,
        "max": 0.580842316151,
        "mean": 0.225207284093,
        "median": 0.211238414049,
        "min": 7.98155099346e-07,
        "var": 0.00836156401783
    },
    "melbands_kurtosis": {
        "dmean": 18.2173976898,
        "dmean2": 29.3276596069,
        "dvar": 964.788696289,
        "dvar2": 2356.3203125,
        "max": 554.066894531,
        "mean": 31.116235733,
        "median": 18.5911655426,
        "min": -1.68875682354,
        "var": 1730.58691406
    },
    "melbands_skewness": {
        "dmean": 1.20989990234,
        "dmean2": 1.91527593136,
        "dvar": 1.78624927998,
        "dvar2": 4.39842319489,
        "max": 21.0248966217,
        "mean": 4.05699205399,
        "median": 3.61888980865,
        "min": -3.13263654709,
        "var": 4.83322763443
    },
    "melbands_spread": {
        "dmean": 8.36634349823,
        "dmean2": 13.2936944962,
        "dvar": 147.285888672,
        "dvar2": 347.456390381,
        "max": 188.625900269,
        "mean": 17.7881565094,
        "median": 12.5242128372,
        "min": 0.238982275128,
        "var": 351.100769043
    },
    "pitch_salience": {
        "dmean": 0.0939336493611,
        "dmean2": 0.148396804929,
        "dvar": 0.00786193646491,
        "dvar2": 0.0183590892702,
        "max": 0.997711360455,
        "mean": 0.518342792988,
        "median": 0.564082324505,
        "min": 0.0590880550444,
        "var": 0.0298732817173
    },
    "silence_rate_20dB": {
        "dmean": 0,
        "dmean2": 0,
        "dvar": 0,
        "dvar2": 0,
        "max": 1,
        "mean": 1,
        "median": 1,
        "min": 1,
        "var": 0
    },
    "silence_rate_30dB": {
        "dmean": 0.0666120648384,
        "dmean2": 0.133242323995,
        "dvar": 0.0621701925993,
        "dvar2": 0.152891606092,
        "max": 1,
        "mean": 0.932168662548,
        "median": 1,
        "min": 0,
        "var": 0.0632346794009
    },
    "silence_rate_60dB": {
        "dmean": 0.022659022361,
        "dmean2": 0.0453242324293,
        "dvar": 0.0221449024975,
        "dvar2": 0.0509173721075,
        "max": 1,
        "mean": 0.050361674279,
        "median": 0,
        "min": 0,
        "var": 0.0478223599494
    },
    "spectral_centroid": {
        "dmean": 381.627960205,
        "dmean2": 601.857971191,
        "dvar": 157648.734375,
        "dvar2": 370714.03125,
        "max": 11077.4638672,
        "mean": 1220.57641602,
        "median": 1115.88989258,
        "min": 167.515258789,
        "var": 466509.46875
    },
    "spectral_complexity": {
        "dmean": 6.92901992798,
        "dmean2": 10.539522171,
        "dvar": 46.4619674683,
        "dvar2": 104.958305359,
        "max": 59,
        "mean": 18.6117095947,
        "median": 17,
        "min": 0,
        "var": 107.148696899
    },
    "spectral_decrease": {
        "dmean": 4.61108706773e-09,
        "dmean2": 7.19292048146e-09,
        "dvar": 3.67030592614e-17,
        "dvar2": 9.12736035658e-17,
        "max": -1.14461266602e-28,
        "mean": -1.17327143556e-08,
        "median": -1.01407380271e-08,
        "min": -6.19504589849e-08,
        "var": 8.31622307745e-17
    },
    "spectral_energy": {
        "dmean": 0.0179757215083,
        "dmean2": 0.0280215274543,
        "dvar": 0.000537906133104,
        "dvar2": 0.00132742419373,
        "max": 0.235453426838,
        "mean": 0.045924115926,
        "median": 0.0398454070091,
        "min": 1.07719255996e-20,
        "var": 0.0012170310365
    },
    "spectral_energyband_high": {
        "dmean": 0.000567611074075,
        "dmean2": 0.000921156257391,
        "dvar": 7.27442738935e-07,
        "dvar2": 1.87159298548e-06,
        "max": 0.00814466830343,
        "mean": 0.000899142236449,
        "median": 0.000614629825577,
        "min": 8.12487574584e-21,
        "var": 9.91796468952e-07
    },
    "spectral_energyband_low": {
        "dmean": 0.0134063558653,
        "dmean2": 0.0209593269974,
        "dvar": 0.000417443050537,
        "dvar2": 0.00105364131741,
        "max": 0.226673170924,
        "mean": 0.0305868815631,
        "median": 0.0231115762144,
        "min": 7.50771797709e-23,
        "var": 0.000967534433585
    },
    "spectral_energyband_middle_high": {
        "dmean": 0.00239682779647,
        "dmean2": 0.00400908431038,
        "dvar": 1.35212085297e-05,
        "dvar2": 3.70717971236e-05,
        "max": 0.034615997225,
        "mean": 0.00356371304952,
        "median": 0.00234980834648,
        "min": 1.62194497414e-21,
        "var": 1.48692197399e-05
    },
    "spectral_energyband_middle_low": {
        "dmean": 0.00792174879462,
        "dmean2": 0.0130308615044,
        "dvar": 0.000190938008018,
        "dvar2": 0.000510148238391,
        "max": 0.158033922315,
        "mean": 0.0128728700802,
        "median": 0.00891774799675,
        "min": 2.77673762736e-22,
        "var": 0.000197310291696
    },
    "spectral_entropy": {
        "dmean": 0.246127963066,
        "dmean2": 0.373712033033,
        "dvar": 0.0583230480552,
        "dvar2": 0.137868508697,
        "max": 9.79692935944,
        "mean": 7.73886442184,
        "median": 7.81915473938,
        "min": 5.79166412354,
        "var": 0.167742922902
    },
    "spectral_flux": {
        "dmean": 0.0392914749682,
        "dmean2": 0.061442643404,
        "dvar": 0.00187933107372,
        "dvar2": 0.00389492255636,
        "max": 0.419058412313,
        "mean": 0.105608530343,
        "median": 0.089804828167,
        "min": 1.03787888006e-10,
        "var": 0.00404422683641
    },
    "spectral_kurtosis": {
        "dmean": 1.49663758278,
        "dmean2": 2.32406759262,
        "dvar": 4.22479915619,
        "dvar2": 10.2878780365,
        "max": 39.2201004028,
        "mean": 3.65637230873,
        "median": 2.82226753235,
        "min": -1.21763968468,
        "var": 7.9373292923
    },
    "spectral_rms": {
        "dmean": 0.00126855971757,
        "dmean2": 0.00191454391461,
        "dvar": 1.90249124898e-06,
        "dvar2": 4.06992785429e-06,
        "max": 0.0151562085375,
        "mean": 0.00616252468899,
        "median": 0.00623486703262,
        "min": 3.2417889987e-12,
        "var": 6.82744439473e-06
    },
    "spectral_rolloff": {
        "dmean": 597.907531738,
        "dmean2": 997.913085938,
        "dvar": 1238906,
        "dvar2": 3062584.75,
        "max": 18346.2890625,
        "mean": 1045.62438965,
        "median": 452.197265625,
        "min": 21.533203125,
        "var": 2364962.5
    },
    "spectral_skewness": {
        "dmean": 0.271408051252,
        "dmean2": 0.405409067869,
        "dvar": 0.0778954774141,
        "dvar2": 0.180390834808,
        "max": 4.96671581268,
        "mean": 1.49128186703,
        "median": 1.40093886852,
        "min": -0.0316331349313,
        "var": 0.242984101176
    },
    "spectral_spread": {
        "dmean": 721561.5,
        "dmean2": 1101662.125,
        "dvar": 654897840128,
        "dvar2": 1.29957416141e+12,
        "max": 41378648,
        "mean": 5147705,
        "median": 5105542,
        "min": 1330607.875,
        "var": 1.76139665408e+12
    },
    "spectral_strongpeak": {
        "dmean": 0.238251969218,
        "dmean2": 0.404942929745,
        "dvar": 0.165810838342,
        "dvar2": 0.446100085974,
        "max": 13.6216993332,
        "mean": 0.458022683859,
        "median": 0.369407117367,
        "min": 0,
        "var": 0.188586831093
    },
    "zerocrossingrate": {
        "dmean": 0.0135829634964,
        "dmean2": 0.0160639528185,
        "dvar": 0.000241432891926,
        "dvar2": 0.000285665591946,
        "max": 0.8486328125,
        "mean": 0.0524513497949,
        "median": 0.04443359375,
        "min": 0.001953125,
        "var": 0.00217576953582
    },
    "barkbands": {
        "dmean": [0.000876251840964, 0.00959723349661, 0.0048272293061, 0.00393665907905, 0.00265297363512, 0.00186672923155, 0.00081945839338, 0.000623447587714, 0.000480437593069, 0.00042620304157, 0.000377301854314, 0.000279896572465, 0.000352064933395, 0.000322828214848, 0.000341572595062, 0.000316334422678, 0.000269581389148, 0.000206483106012, 0.000198974594241, 0.000147565457155, 0.000151757179992, 0.000117315954412, 0.000123115154565, 8.72612872627e-05, 4.98215922562e-05, 4.01018951379e-05, 2.84302177533e-06],
        "dmean2": [0.00137816276401, 0.0145865920931, 0.0075823715888, 0.00694266008213, 0.00440282234922, 0.00304544740357, 0.00139313458931, 0.0010671785567, 0.000805387273431, 0.000750562176108, 0.000619392842054, 0.000463212549221, 0.000592146941926, 0.000553499674425, 0.000583166023716, 0.000530312070623, 0.00047032625298, 0.000359141238732, 0.00034542006324, 0.000251035438851, 0.000255852937698, 0.000197825371288, 0.000203582821996, 0.000141857031849, 7.69953330746e-05, 6.2172068283e-05, 4.66917163067e-06],
        "dvar": [2.29657121054e-06, 0.000318040227285, 0.000104761158582, 0.000113236725156, 1.74560973392e-05, 7.41360145184e-06, 1.33128935431e-06, 1.12090992843e-06, 4.51053637107e-07, 7.14256884748e-07, 3.25429425629e-07, 1.69918052961e-07, 4.49552089776e-07, 4.47267581194e-07, 2.52790130162e-07, 2.01747212714e-07, 1.92748117911e-07, 1.34732729862e-07, 1.48866064364e-07, 5.6205724519e-08, 5.78659431483e-08, 4.29672972757e-08, 4.22655119792e-08, 2.36763231243e-08, 5.24790966239e-09, 1.41030875866e-08, 3.14437156868e-11],
        "dvar2": [6.16246097707e-06, 0.000729368242901, 0.000275703612715, 0.000321806670399, 4.45018558821e-05, 1.74742726813e-05, 3.5820935409e-06, 3.05069124806e-06, 1.16425599117e-06, 1.99457758754e-06, 7.97713369138e-07, 4.40461434437e-07, 1.1049457953e-06, 1.18979880881e-06, 6.47586603009e-07, 5.13061991114e-07, 5.19673847066e-07, 3.67368869547e-07, 4.1396313577e-07, 1.49104138814e-07, 1.54893612603e-07, 1.14153564823e-07, 1.07346032507e-07, 6.07162391475e-08, 1.23683712161e-08, 3.62368766105e-08, 7.56498266807e-11],
        "max": [0.0243248399347, 0.204357683659, 0.0938426554203, 0.108519271016, 0.0507452562451, 0.0362263321877, 0.0158778913319, 0.0125050274655, 0.00859862100333, 0.00961022544652, 0.00998225808144, 0.0053620878607, 0.0122597841546, 0.0173745881766, 0.00621158163995, 0.00513772573322, 0.00429948791862, 0.00387378688902, 0.00437721796334, 0.00201049866155, 0.00298641528934, 0.00263638771139, 0.00213263020851, 0.00224669161253, 0.00056876038434, 0.00304695521481, 9.93211797322e-05],
        "mean": [0.00194632343482, 0.021193780005, 0.00553289474919, 0.00370589108206, 0.00383600057103, 0.00270865834318, 0.00110663042869, 0.000752327847295, 0.000608522619586, 0.000466836616397, 0.000508950324729, 0.000366713182302, 0.000403730053222, 0.000358613790013, 0.000372505252017, 0.000358259130735, 0.000268254574621, 0.000206778058782, 0.000217007953324, 0.000195611544768, 0.000207466597203, 0.000187579906196, 0.000183478172403, 0.000124971411424, 6.11541690887e-05, 4.24699137511e-05, 2.81047687167e-06],
        "median": [0.00145985977724, 0.0116622652858, 0.00150278292131, 0.00132599100471, 0.00224740616977, 0.00146389508154, 0.000625993299764, 0.000378522090614, 0.00033607261139, 0.000195198750589, 0.000218068918912, 0.000196762295673, 0.000146123100421, 0.00014308289974, 0.000161310861586, 0.000164464989211, 0.00011946347513, 0.000100936238596, 0.000106886502181, 0.00010451181879, 0.000108075197204, 0.000104806131276, 9.47994994931e-05, 7.89064069977e-05, 3.13229320454e-05, 1.35088748721e-05, 3.88539973528e-07],
        "min": [1.34949456869e-23, 2.48615288742e-23, 3.94077926449e-23, 3.74036859932e-24, 6.34058438386e-23, 2.77482927817e-23, 5.35312932347e-23, 1.58569735197e-23, 8.97458400442e-23, 6.86001773551e-23, 3.68388292417e-23, 4.6053182154e-23, 1.2801841767e-22, 1.74394149271e-22, 9.52329671743e-23, 1.18485544813e-22, 2.43753778797e-22, 1.51379126051e-22, 3.98703478631e-22, 4.36461819921e-22, 5.75107872681e-22, 6.37971579751e-22, 6.03202630017e-22, 1.10072294033e-21, 1.07710457105e-21, 1.58056332529e-21, 2.37457765054e-21],
        "var": [5.04740683027e-06, 0.000788792967796, 9.4905262813e-05, 7.13863264536e-05, 2.64314403466e-05, 1.39919202411e-05, 1.79727408067e-06, 1.12556449494e-06, 5.5428131418e-07, 6.05395428011e-07, 5.98958195042e-07, 2.16347032733e-07, 5.58133081086e-07, 4.63287051389e-07, 2.76180713854e-07, 2.32602090477e-07, 1.63175030821e-07, 1.02708348493e-07, 1.15522460931e-07, 6.36542054622e-08, 7.15682659802e-08, 5.61119790632e-08, 5.6093927725e-08, 2.54660132981e-08, 6.76475542249e-09, 1.19658487563e-08, 4.08224010151e-11]
    },
    "erbbands": {
        "dmean": [0.348554193974, 1.9935605526, 4.01586961746, 11.1493577957, 10.4850263596, 8.74852180481, 11.1277065277, 18.5721874237, 11.8588266373, 13.8308515549, 11.3533763885, 11.625998497, 12.8057374954, 11.0466117859, 15.2514810562, 11.3930540085, 15.6474332809, 14.966088295, 18.908039093, 15.6554393768, 16.9736537933, 15.4174871445, 12.1385402679, 9.8233127594, 9.53143405914, 6.99767589569, 6.70149469376, 5.30271720886, 4.59976434708, 4.24944591522, 3.12135696411, 1.52431058884, 1.74971163273, 0.721890151501, 0.310164213181, 0.242230787873, 0.0536354631186, 0.00771527038887, 0.000440233241534, 2.69448264589e-05],
        "dmean2": [0.50528049469, 3.09858632088, 6.110435009, 18.948223114, 18.3006095886, 14.3921890259, 18.0513210297, 29.8430900574, 19.8862266541, 23.4125709534, 19.6075839996, 19.3235702515, 22.1773147583, 19.2539272308, 25.506980896, 18.720199585, 26.1494598389, 25.6185665131, 32.5184593201, 26.3891525269, 28.5340194702, 26.7596588135, 21.1127758026, 17.0792579651, 16.351234436, 12.0299186707, 11.3492746353, 9.08130073547, 7.7705540657, 7.05879211426, 5.08905172348, 2.43880867958, 2.89204239845, 1.15277087688, 0.474110722542, 0.382925629616, 0.0818026810884, 0.0117004001513, 0.000706903811079, 4.17190785811e-05],
        "dvar": [0.462710440159, 15.0546321869, 50.2002754211, 840.914001465, 540.756469727, 177.965545654, 294.500366211, 930.788085938, 291.642150879, 471.975097656, 393.121765137, 273.748718262, 561.935302734, 353.049163818, 515.392578125, 275.755065918, 910.166748047, 705.205871582, 1003.99188232, 551.045776367, 637.384887695, 619.705871582, 468.542633057, 341.239044189, 321.503692627, 140.617828369, 136.669662476, 71.669342041, 70.9859008789, 61.402923584, 27.0878601074, 4.85841560364, 15.2106962204, 1.16795754433, 0.210824161768, 0.850204408169, 0.00969524960965, 0.000165326855495, 8.09808796021e-07, 9.52401935095e-10],
        "dvar2": [0.959121406078, 35.6747627258, 124.320777893, 2323.48535156, 1519.12231445, 426.307312012, 694.741027832, 2093.88134766, 796.763366699, 1276.11914062, 1079.10009766, 698.205993652, 1550.50817871, 982.911682129, 1339, 714.583679199, 2246.48828125, 1914.09313965, 2658.48461914, 1427.23803711, 1652.24206543, 1670.03222656, 1278.08544922, 943.529663086, 881.669677734, 381.770446777, 361.219940186, 197.208450317, 191.664260864, 159.719467163, 66.8423690796, 12.1135349274, 40.5823554993, 2.82544064522, 0.496606260538, 2.20539593697, 0.0230409819633, 0.000365154119208, 1.88102922039e-06, 2.20887508284e-09],
        "max": [10.8556632996, 45.4340553284, 71.3547210693, 275.06451416, 297.479217529, 157.785995483, 260.808959961, 443.989624023, 323.335968018, 326.143127441, 243.148422241, 253.681015015, 313.944152832, 197.087615967, 394.856781006, 198.416778564, 560.62298584, 511.276916504, 454.229553223, 248.059906006, 226.415725708, 239.111709595, 226.278182983, 198.397506714, 188.745880127, 128.026611328, 139.27507019, 110.042640686, 106.96673584, 103.764427185, 72.289100647, 21.474111557, 66.0857162476, 9.92623710632, 4.39346265793, 24.8407840729, 1.51598978043, 0.201603010297, 0.0164420325309, 0.000326203269651],
        "mean": [0.849817633629, 3.78893661499, 5.66488170624, 11.266954422, 11.4191617966, 12.7742624283, 15.9133424759, 27.4985122681, 17.6917762756, 17.799697876, 13.2847146988, 14.933508873, 14.7825593948, 14.1018333435, 21.0016670227, 15.3315925598, 18.7140331268, 18.091047287, 21.0239868164, 18.2263870239, 18.868478775, 15.9193019867, 12.1709651947, 11.0193004608, 10.7758407593, 9.01550006866, 8.4945526123, 7.7014708519, 7.11475658417, 6.33358955383, 4.88396692276, 2.57607626915, 2.07155179977, 0.878087043762, 0.37952798605, 0.24976234138, 0.0590871237218, 0.00875023566186, 0.000485926284455, 6.26792607363e-05],
        "median": [0.578954994678, 1.4457243681, 2.70788097382, 3.46013879776, 5.69077444077, 6.82333660126, 8.2841835022, 13.5359106064, 10.2460546494, 10.1503953934, 6.87571525574, 8.02201938629, 7.24022388458, 6.94139289856, 10.3216018677, 8.33032131195, 7.85270118713, 7.8586139679, 8.30380725861, 8.58436393738, 9.19581985474, 7.30339479446, 5.7936372757, 5.62267351151, 5.46042299271, 4.93497991562, 4.34762859344, 4.20608282089, 3.97531580925, 3.26288676262, 2.67143940926, 1.46968007088, 1.22997784615, 0.478464215994, 0.19195716083, 0.0773681327701, 0.0212643165141, 0.00256280391477, 9.81409248197e-05, 5.47666713828e-05],
        "min": [1.11606152653e-21, 5.03647535595e-21, 3.56949663132e-20, 3.3568724398e-20, 1.06540727188e-19, 2.80367879692e-19, 7.86391690313e-20, 3.4583092752e-19, 7.28438253375e-19, 5.18707436243e-19, 6.34382130861e-19, 1.86573420255e-18, 2.25733432583e-18, 1.8899193093e-18, 1.39155033146e-18, 2.37220820622e-18, 5.55570564465e-18, 7.43527671769e-18, 8.91980121943e-18, 3.73754776901e-18, 9.84785319896e-18, 1.13037506341e-17, 8.4821325127e-18, 1.11687357329e-17, 2.27994601098e-17, 2.5080832511e-17, 2.1484926187e-17, 2.09384972918e-17, 2.92177298449e-17, 1.63604926614e-17, 2.02300005535e-17, 2.11137139979e-17, 1.84406947377e-17, 1.28869710178e-17, 8.11329929501e-18, 5.11227852009e-18, 2.8307508157e-18, 1.22588570031e-18, 3.5877358992e-19, 3.61315076503e-20],
        "var": [1.04418051243, 35.0352935791, 65.393661499, 573.112121582, 389.741638184, 331.373382568, 552.42779541, 1885.27819824, 457.306365967, 510.678924561, 345.063537598, 351.358734131, 508.436767578, 388.520996094, 901.127197266, 356.508209229, 1128.44787598, 731.241516113, 1083.08728027, 613.856811523, 633.871887207, 547.953918457, 355.640563965, 278.486907959, 261.188171387, 140.189666748, 141.05847168, 95.4992599487, 87.0624694824, 76.5514984131, 38.0632591248, 8.98293876648, 12.1330547333, 1.35597097874, 0.268456012011, 0.672406494617, 0.0109397163615, 0.000241256275331, 1.12227257887e-06, 1.9013008945e-09]
    },
    "gfcc": {
        "mean": [13.0243434906, 89.9353637695, -95.9597244263, 41.4620399475, -55.5336837769, 20.5808048248, -37.0451965332, 9.75779342651, -20.3769989014, 7.21418046951, -12.4574584961, 5.5990653038, -7.68938016891],
        "cov": [[7170.35644531, 10.8605079651, -387.862213135, 302.412597656, -14.9153633118, 204.535263062, -136.155914307, 20.9719867706, -20.133184433, 65.5185546875, -172.407714844, 20.7268104553, -187.398880005], [10.8605079651, 1349.39245605, 235.565383911, -14.9122142792, 346.241790771, 4.63196516037, 159.254669189, 59.3391151428, 151.88911438, 13.9317770004, 175.2709198, -85.928062439, 156.478439331], [-387.862213135, 235.565383911, 580.739501953, 57.4660644531, 157.97442627, 26.7921123505, 98.2620773315, 75.9570541382, 64.0738449097, 60.9735641479, 69.3033752441, 33.7009353638, 30.7035636902], [302.412597656, -14.9122142792, 57.4660644531, 241.184295654, 1.8471480608, 38.4442367554, 50.3899497986, -1.84885919094, 34.5227928162, -2.02884292603, 22.08253479, 4.36590337753, -3.4815826416], [-14.9153633118, 346.241790771, 157.97442627, 1.8471480608, 307.717254639, 76.2974777222, 99.8891143799, 69.0836334229, 72.1436691284, 48.1487503052, 45.1637496948, -23.4031772614, 35.1432189941], [204.535263062, 4.63196516037, 26.7921123505, 38.4442367554, 76.2974777222, 129.960235596, 54.4750556946, 17.1043148041, 29.3069458008, 20.4825668335, 9.86564254761, 2.85516571999, -5.37149143219], [-136.155914307, 159.254669189, 98.2620773315, 50.3899497986, 99.8891143799, 54.4750556946, 151.61579895, 54.3606491089, 55.8831443787, 20.1607398987, 52.9362945557, 3.44032859802, 26.5354347229], [20.9719867706, 59.3391151428, 75.9570541382, -1.84885919094, 69.0836334229, 17.1043148041, 54.3606491089, 126.188713074, 56.4790992737, 45.8822860718, 18.2251377106, -0.55773037672, 9.36518096924], [-20.133184433, 151.88911438, 64.0738449097, 34.5227928162, 72.1436691284, 29.3069458008, 55.8831443787, 56.4790992737, 129.098068237, 58.8853607178, 49.3503265381, 2.31846690178, 32.7566947937], [65.5185546875, 13.9317770004, 60.9735641479, -2.02884292603, 48.1487503052, 20.4825668335, 20.1607398987, 45.8822860718, 58.8853607178, 101.649627686, 30.9451942444, 8.1455450058, 9.93821620941], [-172.407714844, 175.2709198, 69.3033752441, 22.08253479, 45.1637496948, 9.86564254761, 52.9362945557, 18.2251377106, 49.3503265381, 30.9451942444, 107.557899475, 29.7923526764, 48.3211479187], [20.7268104553, -85.928062439, 33.7009353638, 4.36590337753, -23.4031772614, 2.85516571999, 3.44032859802, -0.55773037672, 2.31846690178, 8.1455450058, 29.7923526764, 80.3713989258, 22.0001029968], [-187.398880005, 156.478439331, 30.7035636902, -3.4815826416, 35.1432189941, -5.37149143219, 26.5354347229, 9.36518096924, 32.7566947937, 9.93821620941, 48.3211479187, 22.0001029968, 90.2489700317]],
        "icov": [[0.000245272152824, -0.000392242742237, 0.000289959629299, -0.000509285891894, 0.000111288332846, -0.000462799303932, 0.000407551182434, -0.000299812207231, 0.000304996356135, -0.000599917490035, 0.000793424958829, -0.000975406495854, 0.000679818447679], [-0.000392242742237, 0.00276009505615, -0.00083922065096, 0.00130524788983, -0.00176958367229, 0.00157373026013, -0.000798341818154, 0.000989397754893, -0.00173737306613, 0.00277072773315, -0.00400587078184, 0.00489836139604, -0.00307317497209], [0.000289959629299, -0.00083922065096, 0.00275819050148, -0.00122411351185, -0.000700303702615, 7.13813278708e-05, -0.000119824238936, -0.000954588642344, 0.000900337996427, -0.00172742351424, 0.00102954299655, -0.00291467178613, 0.00150554126594], [-0.000509285891894, 0.00130524788983, -0.00122411351185, 0.00625105388463, 0.000404467835324, -6.16622492089e-05, -0.00231920555234, 0.00177061115392, -0.00268044439144, 0.00272404169664, -0.0027309099678, 0.00299792969599, -0.000921724829823], [0.000111288332846, -0.00176958367229, -0.000700303702615, 0.000404467835324, 0.00710030552, -0.00347526487894, -0.0012527446961, -0.00138660008088, 0.000489256926812, -0.00207542907447, 0.00193718960509, 3.72646718461e-05, 9.83116551652e-05], [-0.000462799303932, 0.00157373026013, 7.13813278708e-05, -6.16622492089e-05, -0.00347526487894, 0.0122642368078, -0.00406953459606, 0.00209967396222, -0.00180114526302, 0.000320953608025, -0.000981424935162, 0.000820415094495, 0.000289501622319], [0.000407551182434, -0.000798341818154, -0.000119824238936, -0.00231920555234, -0.0012527446961, -0.00406953459606, 0.0132315447554, -0.00416980031878, -0.000460503040813, 0.00164009141736, -0.00267978734337, -0.00092638109345, 0.000616854231339], [-0.000299812207231, 0.000989397754893, -0.000954588642344, 0.00177061115392, -0.00138660008088, 0.00209967396222, -0.00416980031878, 0.0128388050944, -0.00394863402471, -0.00204208982177, 0.000608429196291, 0.00143426435534, -0.000403632526286], [0.000304996356135, -0.00173737306613, 0.000900337996427, -0.00268044439144, 0.000489256926812, -0.00180114526302, -0.000460503040813, -0.00394863402471, 0.0159670840949, -0.00753606949002, -0.000167085294379, -0.00131041859277, -0.00107323820703], [-0.000599917490035, 0.00277072773315, -0.00172742351424, 0.00272404169664, -0.00207542907447, 0.000320953608025, 0.00164009141736, -0.00204208982177, -0.00753606949002, 0.0187511425465, -0.00703775882721, 0.00430522440001, -0.00141092704143], [0.000793424958829, -0.00400587078184, 0.00102954299655, -0.0027309099678, 0.00193718960509, -0.000981424935162, -0.00267978734337, 0.000608429196291, -0.000167085294379, -0.00703775882721, 0.0231232941151, -0.0117322877049, -0.000635523814708], [-0.000975406495854, 0.00489836139604, -0.00291467178613, 0.00299792969599, 3.72646718461e-05, 0.000820415094495, -0.00092638109345, 0.00143426435534, -0.00131041859277, 0.00430522440001, -0.0117322877049, 0.0254854522645, -0.00918269623071], [0.000679818447679, -0.00307317497209, 0.00150554126594, -0.000921724829823, 9.83116551652e-05, 0.000289501622319, 0.000616854231339, -0.000403632526286, -0.00107323820703, -0.00141092704143, -0.000635523814708, -0.00918269623071, 0.0202358793467]]
    },
    "melbands": {
        "dmean": [0.00285592232831, 0.00201623910107, 0.00187161180656, 0.000614192744251, 0.000397748925025, 0.000387079082429, 0.000175263980054, 0.000151199143147, 9.05265696929e-05, 7.44193530409e-05, 6.55566327623e-05, 4.66063393105e-05, 5.23526978213e-05, 3.15898141707e-05, 3.32863819494e-05, 3.74187438865e-05, 2.80365984509e-05, 3.23692656821e-05, 2.50693465205e-05, 2.17428896576e-05, 1.97793469852e-05, 1.70709881786e-05, 1.21770826809e-05, 1.02600179162e-05, 7.97844313638e-06, 7.24649271433e-06, 6.3810307438e-06, 4.462778179e-06, 4.43342605649e-06, 3.69165900338e-06, 2.99324710795e-06, 2.7822084121e-06, 2.2996507596e-06, 2.7565538403e-06, 2.15411819227e-06, 1.20414847515e-06, 8.36454262299e-07, 1.30330749926e-06, 9.44884675391e-07, 5.43838041267e-07],
        "dmean2": [0.00419950392097, 0.00309744128026, 0.00316835008562, 0.00105094478931, 0.000634399999399, 0.000624842010438, 0.000295307312626, 0.00025603256654, 0.000156430076458, 0.000123520367197, 0.000114112444862, 8.18038533907e-05, 8.66032132762e-05, 5.29760436621e-05, 5.53149693587e-05, 6.25195243629e-05, 4.80784474348e-05, 5.59937871003e-05, 4.29792853538e-05, 3.60681442544e-05, 3.37727906299e-05, 2.99364310195e-05, 2.10279831663e-05, 1.80562237801e-05, 1.38880504892e-05, 1.27711364257e-05, 1.07169962575e-05, 7.76538854552e-06, 7.5137040767e-06, 6.30975591775e-06, 5.1842157518e-06, 4.75726619698e-06, 3.84982877222e-06, 4.64790673504e-06, 3.53048631041e-06, 1.97203939933e-06, 1.33010348691e-06, 2.1654725515e-06, 1.55579778038e-06, 8.64559410729e-07],
        "dvar": [2.8035883588e-05, 9.99997519102e-06, 2.18962559302e-05, 1.19995831938e-06, 3.85128714697e-07, 3.69563622371e-07, 6.11135035911e-08, 5.89739279633e-08, 2.47626310568e-08, 1.08033448853e-08, 1.53340202758e-08, 6.81595002661e-09, 6.24619111989e-09, 2.02916528025e-09, 2.91406210273e-09, 5.7988929214e-09, 2.79231682221e-09, 3.85046217133e-09, 1.53235435452e-09, 1.08247166786e-09, 1.0474300316e-09, 8.23396018035e-10, 4.1542980167e-10, 3.63336555287e-10, 2.35642699797e-10, 2.02293098939e-10, 1.14309825494e-10, 5.86461712526e-11, 5.67416252872e-11, 3.34214877995e-11, 2.35458232772e-11, 2.33939621147e-11, 2.08137725805e-11, 2.46102478674e-11, 1.52828600469e-11, 3.12330109692e-12, 1.44675135587e-12, 8.66195570132e-12, 3.01022314714e-12, 7.17081721693e-13],
        "dvar2": [6.18300837232e-05, 2.38562643062e-05, 6.02087056905e-05, 3.31335149895e-06, 8.27866642794e-07, 8.43565942432e-07, 1.65597668911e-07, 1.59520183729e-07, 6.77501432733e-08, 2.74009650525e-08, 4.23328216925e-08, 1.9100582449e-08, 1.58715796061e-08, 5.29834531804e-09, 7.62050511582e-09, 1.3608094207e-08, 7.59931939598e-09, 1.03246629024e-08, 4.00156308089e-09, 2.74817391066e-09, 2.79160361494e-09, 2.22903606684e-09, 1.11381293078e-09, 1.00643282597e-09, 6.51291187648e-10, 5.65174518297e-10, 2.91351720527e-10, 1.62434218853e-10, 1.52283283206e-10, 8.82666092994e-11, 6.48308906559e-11, 6.33295083041e-11, 5.58397772465e-11, 6.45543132838e-11, 3.90197422984e-11, 7.92658647053e-12, 3.54600355155e-12, 2.31636394094e-11, 7.8702773465e-12, 1.72031150176e-12],
        "max": [0.0719081163406, 0.0347855091095, 0.0464994311333, 0.0144570209086, 0.010729148984, 0.00866647064686, 0.004350181669, 0.00359465018846, 0.00215135095641, 0.00146923796274, 0.00156045891345, 0.000913059397135, 0.00122856395319, 0.000562986708246, 0.000647230015602, 0.00156689097639, 0.00123920280021, 0.00109877239447, 0.000547555508092, 0.000509006262291, 0.000317142956192, 0.000301258231048, 0.000263500958681, 0.000215117339394, 0.000177729685674, 0.000150108433445, 9.84124562819e-05, 8.32352961879e-05, 0.000103334714368, 6.71754169161e-05, 6.43956082058e-05, 5.4723896028e-05, 6.08878981438e-05, 6.17201658315e-05, 6.28778943792e-05, 2.00509111892e-05, 1.2629558114e-05, 4.43099743279e-05, 3.02920270769e-05, 7.21226570022e-06],
        "mean": [0.00668612774462, 0.00374215119518, 0.00199741660617, 0.000818470842205, 0.000609440845437, 0.000577695551328, 0.000254572310951, 0.000189496568055, 0.000101633660961, 9.43869745242e-05, 7.32867847546e-05, 5.63635367143e-05, 7.02420147718e-05, 4.28204039054e-05, 4.10192224081e-05, 4.23029887315e-05, 3.21658772009e-05, 3.46491942764e-05, 2.64124300884e-05, 2.51486708294e-05, 2.05100095627e-05, 1.70001221704e-05, 1.20509557746e-05, 1.01672940218e-05, 8.82490803633e-06, 7.5881525845e-06, 7.94157313067e-06, 5.4186680245e-06, 5.39127267984e-06, 4.81481401948e-06, 4.22948050982e-06, 4.07175957662e-06, 3.51182984559e-06, 3.70082193513e-06, 3.15362490255e-06, 1.91816207007e-06, 1.36458584166e-06, 1.50659366227e-06, 1.09651341518e-06, 6.36309778201e-07],
        "median": [0.00408535124734, 0.00196838378906, 0.000745322438888, 0.000493845436722, 0.000308817601763, 0.000303925306071, 0.000149872954353, 0.000102414865978, 4.85710115754e-05, 5.05313946633e-05, 3.39253601851e-05, 2.53378693742e-05, 3.15422657877e-05, 2.40094796027e-05, 1.86909583135e-05, 1.43933075378e-05, 1.35957079692e-05, 1.22913525047e-05, 1.16082419481e-05, 1.13279120342e-05, 9.63825004874e-06, 7.0765449891e-06, 5.54997541258e-06, 4.80410562886e-06, 4.28813837061e-06, 3.66468930224e-06, 3.64398374586e-06, 2.92906929644e-06, 2.56081921179e-06, 2.68211488219e-06, 2.21505706577e-06, 2.16031958189e-06, 1.66678262303e-06, 1.73865714714e-06, 1.67214511748e-06, 9.66503534983e-07, 7.54269478875e-07, 8.39291715238e-07, 6.61857768591e-07, 2.93112435656e-07],
        "min": [9.17006704995e-24, 1.43682920173e-23, 6.25563700169e-24, 1.72056211673e-23, 3.87206498314e-24, 6.61332467992e-24, 1.17294418488e-23, 5.22219647812e-24, 7.07604760995e-24, 1.20296649544e-23, 1.14479975771e-23, 7.73306303664e-24, 4.38188961454e-24, 3.90774752847e-24, 1.03876762237e-23, 1.31647576998e-23, 1.32297038293e-23, 1.65643545597e-23, 5.45163903899e-24, 6.17378439973e-24, 1.33265791039e-23, 1.32877718805e-23, 8.04829579867e-24, 7.57028553315e-24, 8.31042638887e-24, 1.74621413787e-23, 1.40942291171e-23, 1.76119129325e-23, 1.01639647373e-23, 1.78948883832e-23, 8.94124374489e-24, 1.84013765274e-23, 9.42413074853e-24, 8.48236966721e-24, 1.18972562292e-23, 1.00535013337e-23, 1.4147138018e-23, 1.35334957416e-23, 1.01507063521e-23, 1.10621373093e-23],
        "var": [7.04319536453e-05, 2.15470918192e-05, 1.53508608491e-05, 1.15035595627e-06, 9.0957911425e-07, 7.32048476948e-07, 9.08661732524e-08, 6.30403818036e-08, 2.19399023393e-08, 1.4298517037e-08, 1.3579366076e-08, 6.90986379226e-09, 1.07519477766e-08, 2.79768896938e-09, 3.49540574263e-09, 7.67361374443e-09, 2.67933386588e-09, 3.96515975609e-09, 1.50972856439e-09, 1.3252523523e-09, 8.92347140624e-10, 7.16829873237e-10, 3.30574706497e-10, 2.6887025939e-10, 1.9396030615e-10, 1.49864440302e-10, 1.29353694422e-10, 5.47528689054e-11, 6.09236619487e-11, 3.89947102386e-11, 3.07048171611e-11, 2.89261028324e-11, 2.41426652975e-11, 2.91718593726e-11, 1.82056383857e-11, 5.51200448132e-12, 2.61363738811e-12, 6.79712276047e-12, 2.64856257585e-12, 8.51809833606e-13]
    },
    "mfcc": {
        "mean": [-632.405883789, 117.988128662, 18.274433136, 26.6051673889, 9.45651435852, 11.9646692276, 0.759330868721, 4.32155132294, 0.614189624786, 1.65446996689, -0.971690893173, 2.56285858154, 2.73667097092],
        "cov": [[5317.51220703, -394.507904053, -276.497680664, 65.0780181885, 39.8040428162, 201.359893799, -93.6975402832, 67.1436767578, -18.8149795532, 76.8764572144, -5.30343103409, -12.3020706177, -30.7073879242], [-394.507904053, 1345.47802734, 74.3253173828, 99.8344268799, 243.934860229, 24.593585968, 164.102478027, 12.457868576, 128.685638428, 69.8360595703, 91.699432373, 106.611839294, 38.4593086243], [-276.497680664, 74.3253173828, 375.489715576, 116.2526474, 29.0039463043, 27.1678409576, 29.8072986603, 32.6647491455, 6.17007827759, 7.06577777863, 28.5117053986, 35.9290351868, 50.8071098328], [65.0780181885, 99.8344268799, 116.2526474, 193.976287842, 42.588809967, 28.6030960083, 39.4603538513, 33.8848724365, 22.1876811981, 29.4070396423, 25.0544109344, 30.2245616913, 24.4079742432], [39.8040428162, 243.934860229, 29.0039463043, 42.588809967, 169.010437012, 48.4138793945, 50.04845047, 14.1996154785, 56.9794921875, 37.8279571533, 39.3823204041, 39.5576896667, 20.4288043976], [201.359893799, 24.593585968, 27.1678409576, 28.6030960083, 48.4138793945, 145.240844727, 40.9543952942, 26.9953041077, 14.5758800507, 19.6118297577, 15.6672897339, 21.3885860443, 13.3604164124], [-93.6975402832, 164.102478027, 29.8072986603, 39.4603538513, 50.04845047, 40.9543952942, 128.058364868, 42.5879745483, 33.2533226013, 20.390422821, 29.323348999, 33.1752624512, 12.269613266], [67.1436767578, 12.457868576, 32.6647491455, 33.8848724365, 14.1996154785, 26.9953041077, 42.5879745483, 96.1380691528, 22.1242980957, 8.7422208786, 15.7416553497, 16.0680370331, 20.7646121979], [-18.8149795532, 128.685638428, 6.17007827759, 22.1876811981, 56.9794921875, 14.5758800507, 33.2533226013, 22.1242980957, 107.586143494, 51.5238418579, 38.5113639832, 36.6679344177, 12.7932548523], [76.8764572144, 69.8360595703, 7.06577777863, 29.4070396423, 37.8279571533, 19.6118297577, 20.390422821, 8.7422208786, 51.5238418579, 92.8941421509, 54.3419723511, 23.7236251831, 15.6085472107], [-5.30343103409, 91.699432373, 28.5117053986, 25.0544109344, 39.3823204041, 15.6672897339, 29.323348999, 15.7416553497, 38.5113639832, 54.3419723511, 88.9415130615, 41.3199005127, 24.0160083771], [-12.3020706177, 106.611839294, 35.9290351868, 30.2245616913, 39.5576896667, 21.3885860443, 33.1752624512, 16.0680370331, 36.6679344177, 23.7236251831, 41.3199005127, 82.3348312378, 35.6720924377], [-30.7073879242, 38.4593086243, 50.8071098328, 24.4079742432, 20.4288043976, 13.3604164124, 12.269613266, 20.7646121979, 12.7932548523, 15.6085472107, 24.0160083771, 35.6720924377, 75.5228729248]],
