{
"lowlevel": {
    "average_loudness": 0.539961099625,
    "barkbands_crest": {
        "dmean": 2.55592083931,
        "dmean2": 4.03519105911,
        "dvar": 6.15069961548,
        "dvar2": 15.0177536011,
        "max": 26.8107318878,
        "mean": 10.9609060287,
        "median": 9.87139511108,
        "min": 2.24614453316,
        "var": 24.1455612183
    },
    "barkbands_flatness_db": {
        "dmean": 0.0229452028871,
        "dmean2": 0.0341816209257,
        "dvar": 0.000588843016885,
        "dvar2": 0.00135269283783,
        "max": 0.674689173698,
        "mean": 0.145906582475,
        "median": 0.135804027319,
        "min": 0.0223264265805,
        "var": 0.00514658261091
    },
    "barkbands_kurtosis": {
        "dmean": 8.53060913086,
        "dmean2": 14.9327526093,
        "dvar": 8403.68359375,
        "dvar2": 29859.4960938,
        "max": 4220.70507812,
        "mean": 10.4122810364,
        "median": 2.13526082039,
        "min": -1.88529920578,
        "var": 8254.00585938
    },
    "barkbands_skewness": {
        "dmean": 0.619608581066,
        "dmean2": 0.956052958965,
        "dvar": 1.37453830242,
        "dvar2": 4.2021856308,
        "max": 52.7017555237,
        "mean": 1.88701295853,
        "median": 1.50059652328,
        "min": -2.09233546257,
        "var": 4.38172245026
    },
    "barkbands_spread": {
        "dmean": 5.3053612709,
        "dmean2": 8.11513137817,
        "dvar": 41.7967910767,
        "dvar2": 93.4296035767,
        "max": 125.315055847,
        "mean": 20.2803249359,
        "median": 17.681224823,
        "min": 0.0338497571647,
        "var": 172.715103149
    },
    "dissonance": {
        "dmean": 0.0195737890899,
        "dmean2": 0.0329387076199,
        "dvar": 0.000366736843716,
        "dvar2": 0.000989915570244,
        "max": 0.500000119209,
        "mean": 0.461400687695,
        "median": 0.469479501247,
        "min": 0.153615102172,
        "var": 0.00101846933831
    },
    "dynamic_complexity": 6.06090116501,
    "erbbands_crest": {
        "dmean": 2.50602293015,
        "dmean2": 4.00096321106,
        "dvar": 5.63765716553,
        "dvar2": 14.0331010818,
        "max": 31.5910758972,
        "mean": 8.60719203949,
        "median": 7.83044242859,
        "min": 2.08596134186,
        "var": 14.6329021454
    },
    "erbbands_flatness_db": {
        "dmean": 0.017189592123,
        "dmean2": 0.0241773482412,
        "dvar": 0.000296665588394,
        "dvar2": 0.000567660841625,
        "max": 0.414347052574,
        "mean": 0.153381839395,
        "median": 0.143217623234,
        "min": 0.0211996193975,
        "var": 0.00360271753743
    },
    "erbbands_kurtosis": {
        "dmean": 0.740628302097,
        "dmean2": 1.16379988194,
        "dvar": 0.832098841667,
        "dvar2": 1.86059486866,
        "max": 20.3469543457,
        "mean": 0.210234999657,
        "median": -0.19260597229,
        "min": -1.76081383228,
        "var": 2.38714146614
    },
    "erbbands_skewness": {
        "dmean": 0.321084320545,
        "dmean2": 0.487284332514,
        "dvar": 0.0753457397223,
        "dvar2": 0.173764839768,
        "max": 3.54953575134,
        "mean": 0.408091515303,
        "median": 0.385154902935,
        "min": -2.59086275101,
        "var": 0.379530102015
    },
    "erbbands_spread": {
        "dmean": 7.9351477623,
        "dmean2": 11.7018556595,
        "dvar": 67.4613037109,
        "dvar2": 142.502792358,
        "max": 154.248260498,
        "mean": 38.3009338379,
        "median": 34.1612968445,
        "min": 2.50480532646,
        "var": 372.546661377
    },
    "hfc": {
        "dmean": 6.58758878708,
        "dmean2": 9.25912761688,
        "dvar": 195.671859741,
        "dvar2": 398.568817139,
        "max": 204.553466797,
        "mean": 15.9671859741,
        "median": 8.62603473663,
        "min": 1.12415195205e-16,
        "var": 479.053985596
    },
    "melbands_crest": {
        "dmean": 3.23038053513,
        "dmean2": 5.07019233704,
        "dvar": 9.52502346039,
        "dvar2": 24.4475822449,
        "max": 39.6815299988,
        "mean": 15.5112571716,
        "median": 14.4034767151,
        "min": 1.62631881237,
        "var": 41.1642875671
    },
    "melbands_flatness_db": {
        "dmean": 0.0263646915555,
        "dmean2": 0.0387965142727,
        "dvar": 0.000775418477133,
        "dvar2": 0.00169889174867,
        "max": 0.742355048656,
        "mean": 0.222396478057,
        "median": 0.212994098663,
        "min": 0.00356926745735,
        "var": 0.00781551375985
    },
    "melbands_kurtosis": {
        "dmean": 13.5717449188,
        "dmean2": 21.1642990112,
        "dvar": 10345.7382812,
        "dvar2": 25318.8984375,
        "max": 9873.47753906,
        "mean": 23.7524909973,
        "median": 7.53671979904,
        "min": -1.4279255867,
        "var": 19644.3007812
    },
    "melbands_skewness": {
        "dmean": 0.806918740273,
        "dmean2": 1.21978259087,
        "dvar": 1.46661710739,
        "dvar2": 3.40630078316,
        "max": 85.1744766235,
        "mean": 2.96343135834,
        "median": 2.37833857536,
        "min": -1.36437559128,
        "var": 7.15234422684
    },
    "melbands_spread": {
        "dmean": 5.69974040985,
        "dmean2": 8.66230773926,
        "dvar": 51.2368240356,
        "dvar2": 113.309700012,
        "max": 178.000061035,
        "mean": 20.4021396637,
        "median": 16.7815113068,
        "min": 0.0375554487109,
        "var": 278.564605713
    },
    "pitch_salience": {
        "dmean": 0.0726797506213,
        "dmean2": 0.114949323237,
        "dvar": 0.00512341735885,
        "dvar2": 0.0132720097899,
        "max": 0.984330713749,
        "mean": 0.507878959179,
        "median": 0.518914222717,
        "min": 0.0195300802588,
        "var": 0.0160384234041
    },
    "silence_rate_20dB": {
        "dmean": 0.000986958038993,
        "dmean2": 0.00197405531071,
        "dvar": 0.00098596746102,
        "dvar2": 0.00295711983927,
        "max": 1,
        "mean": 0.999506533146,
        "median": 1,
        "min": 0,
        "var": 0.00049336795928
    },
    "silence_rate_30dB": {
        "dmean": 0.0344025380909,
        "dmean2": 0.0688099265099,
        "dvar": 0.0332235731184,
        "dvar2": 0.0719861164689,
        "max": 1,
        "mean": 0.93902438879,
        "median": 1,
        "min": 0,
        "var": 0.0572615042329
    },
    "silence_rate_60dB": {
        "dmean": 0.0225590411574,
        "dmean2": 0.0451212637126,
        "dvar": 0.0220523439348,
        "dvar2": 0.0482949577272,
        "max": 1,
        "mean": 0.30466657877,
        "median": 0,
        "min": 0,
        "var": 0.211825951934
    },
    "spectral_centroid": {
        "dmean": 242.59211731,
        "dmean2": 364.706298828,
        "dvar": 69915.7578125,
        "dvar2": 144702.234375,
        "max": 11556.9667969,
        "mean": 1302.26550293,
        "median": 1210.39770508,
        "min": 135.751846313,
        "var": 526932.875
    },
    "spectral_complexity": {
        "dmean": 3.20690870285,
        "dmean2": 4.62760877609,
        "dvar": 22.700668335,
        "dvar2": 37.937625885,
        "max": 63,
        "mean": 14.6909627914,
        "median": 13,
        "min": 0,
        "var": 128.601959229
    },
    "spectral_decrease": {
        "dmean": 3.44690165299e-09,
        "dmean2": 5.44049738593e-09,
        "dvar": 5.93477472612e-17,
        "dvar2": 1.4102054339e-16,
        "max": 8.90589247107e-29,
        "mean": -7.77475150926e-09,
        "median": -3.91885457418e-09,
        "min": -1.09386427027e-07,
        "var": 1.3448654447e-16
    },
    "spectral_energy": {
        "dmean": 0.0134677868336,
        "dmean2": 0.0211531221867,
        "dvar": 0.000889319169801,
        "dvar2": 0.00210591452196,
        "max": 0.42269590497,
        "mean": 0.0307919289917,
        "median": 0.0160510335118,
        "min": 1.02741026192e-20,
        "var": 0.00202897470444
    },
    "spectral_energyband_high": {
        "dmean": 0.00038423598744,
        "dmean2": 0.000530762830749,
        "dvar": 8.51209108532e-07,
        "dvar2": 1.50467360527e-06,
        "max": 0.0133940186352,
        "mean": 0.000758551759645,
        "median": 0.000198427209398,
        "min": 7.35269698947e-21,
        "var": 2.13805583371e-06
    },
    "spectral_energyband_low": {
        "dmean": 0.0100615844131,
        "dmean2": 0.0160350445658,
        "dvar": 0.000610299699474,
        "dvar2": 0.00141895783599,
        "max": 0.39963170886,
        "mean": 0.0187653377652,
        "median": 0.00401570927352,
        "min": 1.52814411136e-23,
        "var": 0.00135899113957
    },
    "spectral_energyband_middle_high": {
        "dmean": 0.00170201156288,
        "dmean2": 0.00248568993993,
        "dvar": 1.08828608063e-05,
        "dvar2": 2.40766748902e-05,
        "max": 0.0479351989925,
        "mean": 0.00380492093973,
        "median": 0.00172022543848,
        "min": 1.2534573168e-21,
        "var": 2.85929363599e-05
    },
    "spectral_energyband_middle_low": {
        "dmean": 0.00457583134994,
        "dmean2": 0.00741545297205,
        "dvar": 0.000161519681569,
        "dvar2": 0.000429142586654,
        "max": 0.210317194462,
        "mean": 0.00868120510131,
        "median": 0.00478325178847,
        "min": 1.97310949843e-22,
        "var": 0.000176813147846
    },
    "spectral_entropy": {
        "dmean": 0.15090739727,
        "dmean2": 0.21598418057,
        "dvar": 0.0266735553741,
        "dvar2": 0.0546597763896,
        "max": 9.81253623962,
        "mean": 7.47380924225,
        "median": 7.52797555923,
        "min": 4.79682588577,
        "var": 0.292602688074
    },
    "spectral_flux": {
        "dmean": 0.0275166053325,
        "dmean2": 0.0444598458707,
        "dvar": 0.00219561951235,
        "dvar2": 0.00539989210665,
        "max": 0.581261813641,
        "mean": 0.073452167213,
        "median": 0.0597488693893,
        "min": 6.34507862918e-11,
        "var": 0.00508064217865
    },
    "spectral_kurtosis": {
        "dmean": 2.10390281677,
        "dmean2": 3.5362238884,
        "dvar": 23.605846405,
        "dvar2": 70.9653167725,
        "max": 268.276092529,
        "mean": 6.41249084473,
        "median": 3.97657155991,
        "min": -1.2336473465,
        "var": 226.984268188
    },
    "spectral_rms": {
        "dmean": 0.000920420163311,
        "dmean2": 0.00137666764203,
        "dvar": 2.28675548897e-06,
        "dvar2": 5.05924845129e-06,
        "max": 0.0203072950244,
        "mean": 0.0043436200358,
        "median": 0.00395721429959,
        "min": 3.16599350902e-12,
        "var": 1.11738054329e-05
    },
    "spectral_rolloff": {
        "dmean": 416.45223999,
        "dmean2": 684.97265625,
        "dvar": 590001.8125,
        "dvar2": 1324201.5,
        "max": 19315.2832031,
        "mean": 1224.28039551,
        "median": 882.861328125,
        "min": 21.533203125,
        "var": 1985646.75
    },
    "spectral_skewness": {
        "dmean": 0.233365818858,
        "dmean2": 0.376036971807,
        "dvar": 0.0780745446682,
        "dvar2": 0.219952017069,
        "max": 14.0565032959,
        "mean": 1.67735862732,
        "median": 1.51771116257,
        "min": -0.0748025476933,
        "var": 0.908992826939
    },
    "spectral_spread": {
        "dmean": 536566.5,
        "dmean2": 759354.0625,
        "dvar": 529511383040,
        "dvar2": 938188603392,
        "max": 42863944,
        "mean": 4547786.5,
        "median": 4308488,
        "min": 329527.28125,
        "var": 4.88195961651e+12
    },
    "spectral_strongpeak": {
        "dmean": 0.320440232754,
        "dmean2": 0.54152405262,
        "dvar": 0.380749166012,
        "dvar2": 0.987621486187,
        "max": 10.6033039093,
        "mean": 0.537203252316,
        "median": 0.346439242363,
        "min": 0,
        "var": 0.47785833478
    },
    "zerocrossingrate": {
        "dmean": 0.00981777533889,
        "dmean2": 0.0114994980395,
        "dvar": 0.000143923956784,
        "dvar2": 0.000193316896912,
        "max": 0.57861328125,
        "mean": 0.0533994361758,
        "median": 0.0458984375,
        "min": 0,
        "var": 0.00145922671072
    },
    "barkbands": {
        "dmean": [0.000389907479985, 0.00734611041844, 0.00381602603011, 0.0019512809813, 0.0019584777765, 0.000615545723122, 0.000669571338221, 0.000478518108139, 0.000443697208539, 0.000309169437969, 0.000493518426083, 0.000395474460674, 0.000216100655962, 0.000220859932597, 0.000305591558572, 0.000219122841372, 0.000173782114871, 0.000163663484273, 0.00015876548423, 0.000112068344606, 0.000107221116195, 7.8155346273e-05, 5.7314249716e-05, 4.85209748149e-05, 5.14389284945e-05, 5.66003982385e-05, 1.47624587044e-05],
        "dmean2": [0.000613973068539, 0.0112885152921, 0.0063496734947, 0.00335724884644, 0.00332442228682, 0.000936173135415, 0.00106067769229, 0.000716568960343, 0.000696387782227, 0.00048366462579, 0.000772817875259, 0.000595721241552, 0.000344276049873, 0.000364027480828, 0.000512265251018, 0.000355367810698, 0.000272363016848, 0.00026582297869, 0.000246062729275, 0.000172122759977, 0.000163820019225, 0.000112696703582, 7.79964248068e-05, 6.73908652971e-05, 7.34355126042e-05, 8.58963176142e-05, 2.50426128332e-05],
        "dvar": [8.51469224017e-07, 0.000359001307515, 0.000181453986443, 4.16953262175e-05, 3.99866657972e-05, 1.48342508055e-06, 2.01874422601e-06, 9.30327587412e-07, 1.05484343749e-06, 6.30260046819e-07, 1.63440313372e-06, 9.68077529251e-07, 3.93126214249e-07, 3.96207099129e-07, 8.28973270472e-07, 3.35453847811e-07, 1.76002245666e-07, 1.93046133745e-07, 1.55475717634e-07, 9.42428712847e-08, 6.53609859569e-08, 3.90951235829e-08, 1.71390119874e-08, 1.28233565988e-08, 1.76687962039e-08, 2.79738152642e-08, 1.95108285084e-09],
        "dvar2": [2.2339734187e-06, 0.000831180135719, 0.000445337238489, 0.000112734938739, 0.000111568828288, 3.4970012166e-06, 5.10699510414e-06, 1.92090965356e-06, 2.49290451393e-06, 1.46499417042e-06, 3.77529704565e-06, 1.97913891498e-06, 9.66463517216e-07, 9.78337993729e-07, 2.24302903007e-06, 8.61278977027e-07, 4.12581272258e-07, 4.89973842832e-07, 3.50652243242e-07, 2.14204746385e-07, 1.4157130579e-07, 7.23483282172e-08, 2.97773752322e-08, 2.38299779909e-08, 3.67463179884e-08, 6.24400868787e-08, 4.86895457286e-09],
        "max": [0.0206237044185, 0.34173309803, 0.213618069887, 0.11755168438, 0.0898037627339, 0.0318249873817, 0.0366042405367, 0.0308711994439, 0.0250320360065, 0.0239838138223, 0.0348691791296, 0.029628476128, 0.022263828665, 0.0185257680714, 0.0174998156726, 0.0117596322671, 0.0116366920993, 0.0113527430221, 0.00913473218679, 0.00557055650279, 0.00414433982223, 0.00421026675031, 0.00215116585605, 0.00178292847704, 0.00200176401995, 0.00237993476912, 0.000526520714629],
        "mean": [0.000615211611148, 0.0126197356731, 0.00436588330194, 0.00228330609389, 0.00269792438485, 0.00113169290125, 0.00101831019856, 0.000777430424932, 0.000669774133712, 0.000469372404041, 0.00071371323429, 0.000570323725697, 0.000288929819362, 0.000304383866023, 0.000380661251256, 0.000292491167784, 0.000252017285675, 0.000236265856074, 0.000237666739849, 0.000185626355233, 0.000195606975467, 0.000144848265336, 0.000107486972411, 8.23872542242e-05, 7.57887610234e-05, 6.33238378214e-05, 1.17149475045e-05],
        "median": [8.13454098534e-05, 0.0018383085262, 0.000407657586038, 0.00024380418472, 0.000655258540064, 0.000490101403557, 0.00047859235201, 0.000330494949594, 0.000270793650998, 0.00016099557979, 0.000158736758749, 0.000140117816045, 6.20522259851e-05, 5.65566260775e-05, 8.11159843579e-05, 6.53786337352e-05, 7.70286424085e-05, 6.00890853093e-05, 6.53822062304e-05, 4.78464789921e-05, 5.05757052451e-05, 3.20747494698e-05, 2.13916609937e-05, 1.53034288815e-05, 1.12206744234e-05, 5.8019777498e-06, 2.39083988163e-07],
        "min": [1.51934679371e-24, 7.55626195284e-24, 3.69594744731e-24, 1.03426744701e-24, 1.44943725003e-23, 6.27741745128e-24, 1.53595194105e-23, 1.91758422988e-23, 1.99517343308e-23, 2.26740365167e-23, 2.01392907442e-23, 3.53800171687e-23, 4.56236126813e-23, 7.20639961702e-23, 5.24876965214e-23, 8.0548636968e-23, 7.44102578289e-23, 1.22319282594e-22, 1.5856090311e-22, 1.86406961001e-22, 3.05160731143e-22, 3.23136536145e-22, 4.49685653048e-22, 6.60671639211e-22, 1.03700983833e-21, 1.44942127087e-21, 2.09237375624e-21],
        "var": [1.83744589322e-06, 0.000807794102002, 0.000171398729435, 3.58471661457e-05, 3.48795147147e-05, 4.13679163103e-06, 2.81523716694e-06, 1.91308527064e-06, 1.70155794876e-06, 1.07736502741e-06, 2.95160384667e-06, 1.81237862762e-06, 6.3320044319e-07, 6.37372409074e-07, 8.74848751664e-07, 4.77271612453e-07, 2.78447856772e-07, 2.85868168248e-07, 2.45460455517e-07, 1.63829909638e-07, 1.41745275073e-07, 9.50055181193e-08, 4.69705803141e-08, 2.98788158659e-08, 2.93565367571e-08, 3.22338316039e-08, 1.61384094977e-09]
    },
    "erbbands": {
        "dmean": [0.265630125999, 1.55921542645, 4.07525587082, 5.48899745941, 6.72775220871, 6.89728689194, 4.54201745987, 5.40460252762, 8.14423942566, 11.1191320419, 10.0966539383, 8.64865493774, 9.66246891022, 12.9347858429, 17.9559516907, 15.3792543411, 9.62357139587, 11.6362485886, 11.2733564377, 17.9656028748, 13.0201883316, 7.43066835403, 7.90154933929, 7.35099697113, 8.1717300415, 5.33599042892, 4.67664432526, 3.91450476646, 2.69944477081, 2.14763784409, 1.64581227303, 1.11483216286, 0.79528594017, 0.542541027069, 0.405510276556, 0.253977328539, 0.101463787258, 0.0278219282627, 0.00235200859606, 4.69264923595e-05],
        "dmean2": [0.388723611832, 2.46907281876, 6.65874767303, 9.37745189667, 11.3563709259, 11.7823209763, 7.30354881287, 8.17233181, 13.0832738876, 17.0090961456, 15.1534519196, 13.5087862015, 15.2366771698, 19.8060741425, 28.2331352234, 23.0905952454, 15.1471290588, 18.9807796478, 18.8160133362, 30.2443981171, 20.4290943146, 11.5071620941, 12.6484155655, 11.4904184341, 12.6740179062, 8.11905765533, 7.25714111328, 5.89366054535, 4.02012634277, 2.94242691994, 2.29942679405, 1.60362553596, 1.11715292931, 0.751578807831, 0.596060812473, 0.375329226255, 0.157272845507, 0.0448474660516, 0.00401672441512, 7.55862347432e-05],
        "dvar": [0.495047092438, 16.3057098389, 206.952911377, 307.726043701, 647.851379395, 434.399810791, 98.2576828003, 127.90864563, 418.591430664, 552.738586426, 401.419921875, 371.026519775, 546.133728027, 983.113037109, 1767.03320312, 1590.28991699, 853.621276855, 1338.85559082, 1091.27075195, 3122.81616211, 1193.9354248, 238.469345093, 361.909881592, 279.256439209, 505.316375732, 188.597610474, 132.56640625, 98.6053390503, 44.8387908936, 25.8940887451, 14.6767663956, 6.92478942871, 3.4804983139, 1.72099411488, 1.17318117619, 0.55315387249, 0.0878619253635, 0.00678127352148, 5.56541781407e-05, 1.42617420096e-08],
        "dvar2": [1.06220293045, 39.2365379333, 486.873352051, 821.330444336, 1789.29870605, 1205.56652832, 243.517181396, 301.651824951, 1083.32055664, 1222.66381836, 854.254821777, 878.851745605, 1306.82568359, 2189.97680664, 4161.10009766, 3189.91943359, 2047.33728027, 3347.25195312, 2973.52587891, 8351.48828125, 2962.04516602, 550.748840332, 901.570373535, 652.575134277, 1111.32556152, 421.039367676, 290.252166748, 209.988311768, 91.5450363159, 46.6371116638, 27.1909770966, 13.7285718918, 6.50731086731, 3.40709209442, 2.55701828003, 1.23993515968, 0.197394102812, 0.0164432860911, 0.000141120603075, 3.50810118732e-08],
        "max": [12.4204330444, 83.5132598877, 242.411132812, 316.358001709, 471.707946777, 380.803314209, 205.723342896, 283.100708008, 664.75579834, 675.774536133, 695.173706055, 414.909210205, 688.39855957, 916.761962891, 1144.91308594, 1513.56506348, 1179.48168945, 1188.95495605, 789.27130127, 1042.29418945, 802.304382324, 297.960723877, 401.257507324, 356.142852783, 612.774719238, 240.803009033, 182.434463501, 167.729232788, 149.551116943, 105.292678833, 75.6336212158, 38.2237358093, 33.9605636597, 22.0508480072, 15.2442789078, 10.3198642731, 4.58114004135, 1.16634190083, 0.115576937795, 0.00171028671321],
        "mean": [0.445695102215, 2.52555131912, 5.01918649673, 6.63776350021, 8.66815280914, 9.12084674835, 7.7267780304, 9.7844991684, 12.6262893677, 17.7211856842, 16.9776096344, 13.9506874084, 14.8000888824, 21.3120632172, 28.1652107239, 23.2001533508, 13.8574542999, 16.3386363983, 15.0865077972, 22.1238250732, 18.6702232361, 12.0438394547, 12.2229442596, 11.7281093597, 12.5048313141, 9.18685626984, 8.17989444733, 7.01980066299, 5.1327214241, 3.93517208099, 2.95638442039, 1.91380107403, 1.31746375561, 0.815979838371, 0.561319410801, 0.302923828363, 0.108402505517, 0.024822788313, 0.00185326603241, 6.57802738715e-05],
        "median": [0.0566749349236, 0.332264006138, 0.648441672325, 0.883007526398, 1.23417472839, 2.14795017242, 2.99292945862, 4.17682409286, 6.00745391846, 8.03054618835, 7.52336120605, 6.13153266907, 6.10488986969, 7.35416507721, 8.86536216736, 6.23196983337, 3.72867107391, 3.39214849472, 3.69623589516, 4.34224319458, 4.82821846008, 4.51384544373, 3.69972419739, 3.54386520386, 3.37116217613, 2.53413772583, 2.23439717293, 1.53433966637, 1.22021281719, 0.822343707085, 0.579097926617, 0.356856226921, 0.233414188027, 0.130047470331, 0.0750451087952, 0.0310548618436, 0.00920464843512, 0.00142107217107, 5.50549848413e-05, 2.67242412519e-05],
        "min": [1.34219861506e-22, 8.51923228534e-22, 4.87672852353e-21, 3.76863729417e-21, 8.1285350507e-21, 3.03413564535e-20, 7.46786993442e-20, 5.38471120447e-20, 1.27550126007e-19, 3.29269841078e-19, 5.96961203732e-19, 5.09076675768e-19, 5.44976262654e-19, 1.01423975326e-18, 1.45568536667e-18, 1.46881396376e-18, 2.0891046076e-18, 3.66969538413e-18, 2.39630501144e-18, 3.50483084343e-18, 5.19253365107e-18, 4.34936405087e-18, 6.80995795311e-18, 9.17076864446e-18, 8.90466298704e-18, 9.00718540652e-18, 1.1310684062e-17, 1.28200157103e-17, 1.28174555863e-17, 1.20232505288e-17, 1.33479372664e-17, 1.16410972217e-17, 1.1682239531e-17, 9.10403915726e-18, 6.45318875106e-18, 4.95757465244e-18, 2.63670251581e-18, 1.05744370685e-18, 2.60498174198e-19, 2.92291378029e-20],
        "var": [1.21031296253, 31.628900528, 213.592010498, 269.211700439, 539.050109863, 404.066497803, 199.542190552, 347.834899902, 532.808227539, 951.398071289, 862.32409668, 639.466674805, 831.568847656, 1890.08947754, 3289.70288086, 3040.65039062, 1442.81359863, 2130.34375, 1256.49645996, 3481.14404297, 1826.28222656, 432.869049072, 597.52166748, 493.554138184, 782.718444824, 356.410919189, 261.619110107, 213.877059937, 106.251579285, 67.3414306641, 36.9434318542, 15.7034244537, 7.82362604141, 3.2314748764, 1.74839961529, 0.676416575909, 0.0973257347941, 0.00623841164634, 4.41187912656e-05, 1.55854298356e-08]
    },
    "gfcc": {
        "mean": [-54.8369293213, 97.9948806763, -113.149841309, 28.3238124847, -53.8396453857, 9.66665935516, -27.4682197571, 12.944899559, -20.1128978729, 6.04100561142, -13.6364526749, 4.06566572189, -8.99203300476],
        "cov": [[22944.3339844, -3042.32543945, 694.806762695, 1084.53076172, -287.468231201, 1286.04162598, -458.949829102, 519.119995117, -613.400939941, 307.399353027, -677.510498047, 453.465515137, -505.72467041], [-3042.32543945, 2069.10424805, -186.267868042, -130.918426514, 194.359512329, -402.001434326, 161.669311523, -208.197036743, 171.513626099, -166.151687622, 221.043640137, -181.591308594, 165.738433838], [694.806762695, -186.267868042, 1618.49328613, 386.666931152, 304.6484375, 380.086364746, 89.602645874, 83.6803131104, -15.5925350189, 35.5737342834, -91.8619384766, 41.1604728699, -102.551635742], [1084.53076172, -130.918426514, 386.666931152, 470.214660645, 126.618392944, 260.00668335, 60.4676437378, 92.5687026978, 9.76241397858, 23.534034729, -49.0068969727, 8.0852766037, -41.825592041], [-287.468231201, 194.359512329, 304.6484375, 126.618392944, 281.953674316, 83.8215103149, 91.3022460938, 9.17896366119, 38.3224029541, -2.33134365082, 17.1505317688, -11.5684213638, -0.918011724949], [1286.04162598, -402.001434326, 380.086364746, 260.00668335, 83.8215103149, 382.468017578, 75.6764831543, 137.285385132, -1.62837016582, 69.1989898682, -53.4057731628, 49.4791870117, -60.5395965576], [-458.949829102, 161.669311523, 89.602645874, 60.4676437378, 91.3022460938, 75.6764831543, 160.911102295, 67.241645813, 62.1888046265, 3.79540896416, 34.811416626, -10.7054243088, 14.8063230515], [519.119995117, -208.197036743, 83.6803131104, 92.5687026978, 9.17896366119, 137.285385132, 67.241645813, 165.973999023, 45.8438491821, 55.0232124329, -18.1238441467, 24.8455734253, -20.8326282501], [-613.400939941, 171.513626099, -15.5925350189, 9.76241397858, 38.3224029541, -1.62837016582, 62.1888046265, 45.8438491821, 121.859191895, 35.4946784973, 48.3675231934, -14.3073120117, 28.8775482178], [307.399353027, -166.151687622, 35.5737342834, 23.534034729, -2.33134365082, 69.1989898682, 3.79540896416, 55.0232124329, 35.4946784973, 98.5027923584, 22.2103977203, 28.7041110992, -14.1934623718], [-677.510498047, 221.043640137, -91.8619384766, -49.0068969727, 17.1505317688, -53.4057731628, 34.811416626, -18.1238441467, 48.3675231934, 22.2103977203, 116.469741821, 17.5506134033, 39.2342567444], [453.465515137, -181.591308594, 41.1604728699, 8.0852766037, -11.5684213638, 49.4791870117, -10.7054243088, 24.8455734253, -14.3073120117, 28.7041110992, 17.5506134033, 95.6354522705, 21.1822338104], [-505.72467041, 165.738433838, -102.551635742, -41.825592041, -0.918011724949, -60.5395965576, 14.8063230515, -20.8326282501, 28.8775482178, -14.1934623718, 39.2342567444, 21.1822338104, 96.7587890625]],
        "icov": [[9.75911680143e-05, -0.000111079491035, 8.06928655948e-05, -0.000128427971504, 2.51570363616e-05, -0.000179506212589, 0.000240200970438, -0.00019390428497, 0.000372218026314, -0.000308551912894, 0.000482001312776, -0.000531937752385, 0.000304430694086], [-0.000111079491035, 0.0016789783258, -0.000279333355138, -0.00012631813297, -0.000421696138801, 0.00101984501816, -0.000990572036244, 0.000997545314021, -0.00147638365161, 0.00217963103205, -0.00284916744567, 0.00288182147779, -0.00152194756083], [8.06928655948e-05, -0.000279333355138, 0.00114084850065, -0.00034366879845, -0.000807977223303, -0.00076047348557, 0.00016592326574, 0.00022245234868, 0.000207500997931, -0.000459522241727, 0.00134505867027, -0.00144937436562, 0.00114240497351], [-0.000128427971504, -0.00012631813297, -0.00034366879845, 0.00410461053252, -0.000846947194077, -0.00238405587152, 0.000702656281646, -0.000629832036793, -0.000671199115459, 0.00115504977293, -0.000262519752141, 0.00127517641522, -0.000590603915043], [2.51570363616e-05, -0.000421696138801, -0.000807977223303, -0.000846947194077, 0.00606467202306, -0.000392843969166, -0.00255151325837, 0.00174065702595, -0.000688265485223, -0.000377940421458, 0.000210897313082, -0.000410162523622, 0.000362561870134], [-0.000179506212589, 0.00101984501816, -0.00076047348557, -0.00238405587152, -0.000392843969166, 0.0086410138756, -0.00400533899665, -0.00112899986561, 0.000607325113378, -0.00213559507392, 0.00049449474318, -0.00088149914518, 0.000748852209654], [0.000240200970438, -0.000990572036244, 0.00016592326574, 0.000702656281646, -0.00255151325837, -0.00400533899665, 0.0150177571923, -0.00681899767369, -0.00116270175204, 0.00398527691141, -0.00353303109296, 0.00152886263095, -0.000835182436276], [-0.00019390428497, 0.000997545314021, 0.00022245234868, -0.000629832036793, 0.00174065702595, -0.00112899986561, -0.00681899767369, 0.0152924945578, -0.00636272877455, -0.00272350199521, 0.00355087127537, -0.00227676075883, 0.00144552288111], [0.000372218026314, -0.00147638365161, 0.000207500997931, -0.000671199115459, -0.000688265485223, 0.000607325113378, -0.00116270175204, -0.00636272877455, 0.0197079572827, -0.00872163288295, -0.00112648017239, 0.00314043741673, -0.00380631606095], [-0.000308551912894, 0.00217963103205, -0.000459522241727, 0.00115504977293, -0.000377940421458, -0.00213559507392, 0.00398527691141, -0.00272350199521, -0.00872163288295, 0.0228339601308, -0.00987071078271, 0.00116247031838, 0.00183046469465], [0.000482001312776, -0.00284916744567, 0.00134505867027, -0.000262519752141, 0.000210897313082, 0.00049449474318, -0.00353303109296, 0.00355087127537, -0.00112648017239, -0.00987071078271, 0.022818505764, -0.0117559526116, 0.0025375506375], [-0.000531937752385, 0.00288182147779, -0.00144937436562, 0.00127517641522, -0.000410162523622, -0.00088149914518, 0.00152886263095, -0.00227676075883, 0.00314043741673, 0.00116247031838, -0.0117559526116, 0.0249483641237, -0.0114425560459], [0.000304430694086, -0.00152194756083, 0.00114240497351, -0.000590603915043, 0.000362561870134, 0.000748852209654, -0.000835182436276, 0.00144552288111, -0.00380631606095, 0.00183046469465, 0.0025375506375, -0.0114425560459, 0.0192801319063]]
    },
    "melbands": {
        "dmean": [0.00216988660395, 0.00191040791105, 0.000974859751295, 0.000493298051879, 0.000177870664629, 0.000121395431051, 0.000125241422211, 0.000115060982353, 7.80084883445e-05, 5.83791916142e-05, 4.92050821777e-05, 5.16621512361e-05, 7.33729466447e-05, 4.77132307424e-05, 2.67218838417e-05, 2.34513463511e-05, 2.03305662581e-05, 1.83559168363e-05, 2.11705628317e-05, 1.86667784874e-05, 1.64990160556e-05, 8.84121345734e-06, 6.78364040141e-06, 9.89656928141e-06, 5.79328525419e-06, 6.88790123604e-06, 5.04184527017e-06, 3.3356068343e-06, 3.30120292347e-06, 2.6068405532e-06, 2.40311146626e-06, 1.6360564814e-06, 1.52629388595e-06, 1.1615669564e-06, 1.07042865238e-06, 8.07672734027e-07, 6.76381887388e-07, 5.7994884628e-07, 5.30808733856e-07, 4.59211122461e-07],
        "dmean2": [0.00327898655087, 0.00306882010773, 0.00164870161097, 0.000837907835376, 0.000288862502202, 0.000183892378118, 0.000200169291929, 0.000175143737579, 0.000117877134471, 9.13457261049e-05, 7.76682136348e-05, 7.93902290752e-05, 0.000115826085676, 7.23278571968e-05, 4.04729180445e-05, 3.79979246645e-05, 3.32357849402e-05, 3.08412527374e-05, 3.53229770553e-05, 3.10278301185e-05, 2.58789114014e-05, 1.38472632898e-05, 1.10308637886e-05, 1.61632851814e-05, 9.13382973522e-06, 1.08113554234e-05, 7.6941369116e-06, 5.19116110809e-06, 5.25162340637e-06, 4.01941633754e-06, 3.70821453544e-06, 2.48605238085e-06, 2.2793003609e-06, 1.62903620549e-06, 1.54217707404e-06, 1.19270214327e-06, 9.96916924123e-07, 8.38381367885e-07, 7.57552584219e-07, 6.50845208838e-07],
        "dvar": [3.32393283315e-05, 3.38844729413e-05, 9.89254658634e-06, 2.77219851341e-06, 1.54338223979e-07, 6.28109688705e-08, 8.58640234469e-08, 5.62551996097e-08, 2.36874573289e-08, 1.72140168786e-08, 1.39929507981e-08, 1.70106897457e-08, 3.6211147858e-08, 1.39881475292e-08, 6.20471851676e-09, 4.88415485833e-09, 3.98168209514e-09, 2.77155809414e-09, 4.6612340654e-09, 2.91938162533e-09, 1.9819892394e-09, 4.00136562773e-10, 3.07261882604e-10, 8.88068674154e-10, 1.87133059049e-10, 3.17281145801e-10, 2.16422407773e-10, 7.64637797523e-11, 7.00563773659e-11, 4.37288955046e-11, 3.75250143458e-11, 1.71501389479e-11, 1.51150394284e-11, 7.63880538684e-12, 6.73256849576e-12, 3.6033858189e-12, 2.64576338269e-12, 1.91222948934e-12, 1.72509543542e-12, 1.25834108758e-12],
        "dvar2": [7.53914573579e-05, 7.72694984335e-05, 2.59959524556e-05, 7.6844717114e-06, 4.00694688096e-07, 1.49325828147e-07, 2.24164040219e-07, 1.21836237099e-07, 5.09659336956e-08, 4.05148163907e-08, 3.34665024582e-08, 3.83616836075e-08, 8.52329833378e-08, 2.92276176594e-08, 1.18302896368e-08, 1.25088277514e-08, 9.90036053139e-09, 7.61879537237e-09, 1.25697061648e-08, 7.67838859161e-09, 4.90031126787e-09, 9.35406418989e-10, 7.76807951297e-10, 2.297987578e-09, 4.40575298466e-10, 7.3281170021e-10, 4.49565884519e-10, 1.79014636448e-10, 1.60878699251e-10, 9.73348901478e-11, 8.07149624915e-11, 3.56291211812e-11, 3.28798377414e-11, 1.41527128558e-11, 1.35708510401e-11, 7.38983787357e-12, 5.50590519358e-12, 3.80398620589e-12, 3.49840685934e-12, 2.62995441397e-12],
        "max": [0.0975172743201, 0.11044126004, 0.0577075146139, 0.0245121512562, 0.00596305681393, 0.00616818200797, 0.00855807028711, 0.00728657469153, 0.00528541766107, 0.00277511775494, 0.00344542157836, 0.00400331942365, 0.00531744025648, 0.00331986648962, 0.00312068453059, 0.00174856395461, 0.00199794932269, 0.00131241360214, 0.00133016263135, 0.00104208220728, 0.00104735826608, 0.000467044592369, 0.000297700491501, 0.000763029733207, 0.000337565114023, 0.000489690923132, 0.000449593935627, 0.00017160391144, 0.000148469494889, 0.000140306641697, 9.71425251919e-05, 8.72978707775e-05, 0.000131535169203, 5.32967715117e-05, 5.95248675381e-05, 2.99029688904e-05, 3.05051107716e-05, 2.41162979364e-05, 2.26571009989e-05, 1.91163107957e-05],
        "mean": [0.00373485102318, 0.00287150172517, 0.00124391936697, 0.000646563072223, 0.000296228914522, 0.00021951875533, 0.000198304798687, 0.000187650191947, 0.000129734005895, 8.95044213394e-05, 7.35415014788e-05, 8.29211276141e-05, 0.000108692707727, 6.8797802669e-05, 3.85284147342e-05, 3.16081714118e-05, 2.80359399767e-05, 2.3256696295e-05, 2.6184023227e-05, 2.38206284848e-05, 2.25014882744e-05, 1.2982316548e-05, 9.57298016147e-06, 1.3582876818e-05, 8.64894627739e-06, 1.00362321973e-05, 7.59438307796e-06, 5.43667420061e-06, 5.38866424904e-06, 4.20714695792e-06, 4.06587787438e-06, 2.92111258204e-06, 2.62254093286e-06, 1.99422061087e-06, 1.78214895641e-06, 1.40375618685e-06, 1.06285585844e-06, 9.46550017034e-07, 7.74297859607e-07, 6.59624220134e-07],
        "median": [0.000568259391002, 0.000468451005872, 0.00017110988847, 0.00012558249, 0.000110832203063, 9.40139434533e-05, 9.78444950306e-05, 8.59728970681e-05, 5.54930375074e-05, 3.67492684745e-05, 2.84566140181e-05, 2.70480668405e-05, 2.67124814854e-05, 1.76186658791e-05, 9.26141910895e-06, 6.44977035336e-06, 5.16834188602e-06, 4.53634856967e-06, 5.32417925569e-06, 4.80370999867e-06, 4.92294702781e-06, 4.20348806074e-06, 2.54200676864e-06, 3.00937881548e-06, 2.34807703237e-06, 2.60685487774e-06, 1.68759675034e-06, 1.4302083855e-06, 1.36027074404e-06, 9.52807795329e-07, 7.63474531595e-07, 6.30091562925e-07, 5.45773332306e-07, 3.69015225488e-07, 3.26247800331e-07, 2.41624661612e-07, 1.87729938261e-07, 1.65238759564e-07, 1.21061674463e-07, 1.01231698579e-07],
        "min": [1.61909539555e-24, 2.07887547998e-24, 6.38610907339e-25, 2.4331941305e-24, 2.27835710367e-24, 1.01773203497e-24, 1.99858048388e-24, 3.60305158155e-24, 5.46471795837e-24, 2.56914602448e-24, 2.52872281954e-24, 4.21573105321e-24, 3.552136921e-24, 3.76543031585e-24, 3.54010915878e-24, 3.79532853858e-24, 5.50518494508e-24, 3.36029147088e-24, 3.43808656677e-24, 4.76195214905e-24, 5.20844702697e-24, 4.50950877077e-24, 5.59189495806e-24, 5.76711595347e-24, 5.1237174493e-24, 5.30123836867e-24, 4.10208893449e-24, 5.3646375419e-24, 5.10954911301e-24, 6.45262227504e-24, 7.34558481519e-24, 7.31281711091e-24, 5.36663888202e-24, 6.36693028706e-24, 6.77507745309e-24, 6.68826094389e-24, 7.1062231173e-24, 7.37783108241e-24, 7.59736476145e-24, 6.3360215335e-24],
        "var": [7.61253104429e-05, 4.63383221359e-05, 8.96296660358e-06, 2.34793969867e-06, 2.61615667796e-07, 1.66520734979e-07, 1.11947159098e-07, 1.01610815761e-07, 5.11111721835e-08, 2.88158510386e-08, 2.13561754947e-08, 3.15531956119e-08, 6.45889244311e-08, 2.56983909708e-08, 1.30440058754e-08, 7.14442549565e-09, 6.38647312812e-09, 3.23252602463e-09, 4.68741445658e-09, 3.5303409085e-09, 2.97895819124e-09, 6.56630638751e-10, 4.3462866639e-10, 1.21869969671e-09, 3.04825387154e-10, 4.78204253973e-10, 3.54883122888e-10, 1.34295782828e-10, 1.2675153982e-10, 7.9895506877e-11, 7.79703454579e-11, 3.76474476593e-11, 3.10572921547e-11, 1.83217486321e-11, 1.47101029274e-11, 8.33675836698e-12, 5.25013279379e-12, 4.06174226197e-12, 3.10142970333e-12, 2.18708970205e-12]
    },
    "mfcc": {
        "mean": [-694.162719727, 126.614585876, 0.877653837204, 23.7371559143, -1.84541451931, 2.22551059723, 2.44334888458, 5.30066633224, 3.29586935043, 3.14451670647, 0.2157189399, 2.2864921093, 4.20123434067],
        "cov": [[15074.4082031, -1311.88500977, 718.307739258, 275.214019775, 352.67074585, 772.564880371, 258.008148193, 387.598236084, 115.194969177, -25.9080104828, -80.3816070557, 12.3960800171, 64.0051956177], [-1311.88500977, 1362.83154297, -198.683197021, 95.7665023804, -31.4437217712, -158.572647095, -6.30176734924, -72.153717041, -37.9303321838, -16.6586036682, -27.3272762299, -18.1135730743, 6.76186752319], [718.307739258, -198.683197021, 1065.64306641, 254.390991211, 310.936767578, 288.609100342, 151.77041626, 166.107727051, 99.9891662598, 43.7040405273, 37.5762748718, 37.3503189087, -16.6599597931], [275.214019775, 95.7665023804, 254.390991211, 270.795196533, 145.626907349, 119.200195312, 75.409324646, 70.0339126587, 50.4789733887, 29.4317035675, 13.7601957321, 13.4747600555, 10.7335720062], [352.67074585, -31.4437217712, 310.936767578, 145.626907349, 236.240020752, 158.950759888, 85.5472564697, 65.5249099731, 44.8572692871, 20.2380428314, 13.5352096558, 14.4035291672, 8.38319301605], [772.564880371, -158.572647095, 288.609100342, 119.200195312, 158.950759888, 246.247161865, 113.019203186, 106.548149109, 60.4039573669, 35.5841217041, 28.7206573486, 27.0440196991, 14.0834341049], [258.008148193, -6.30176734924, 151.77041626, 75.409324646, 85.5472564697, 113.019203186, 139.927337646, 91.4160766602, 44.4180259705, 31.5124320984, 26.7571220398, 20.2011299133, 4.71629047394], [387.598236084, -72.153717041, 166.107727051, 70.0339126587, 65.5249099731, 106.548149109, 91.4160766602, 148.499847412, 78.9159698486, 43.9414100647, 28.0642604828, 25.7693004608, 19.3462486267], [115.194969177, -37.9303321838, 99.9891662598, 50.4789733887, 44.8572692871, 60.4039573669, 44.4180259705, 78.9159698486, 113.683822632, 64.6156692505, 26.6323318481, 12.3021450043, 10.2966356277], [-25.9080104828, -16.6586036682, 43.7040405273, 29.4317035675, 20.2380428314, 35.5841217041, 31.5124320984, 43.9414100647, 64.6156692505, 113.203887939, 63.0374794006, 14.2911396027, -0.70392626524], [-80.3816070557, -27.3272762299, 37.5762748718, 13.7601957321, 13.5352096558, 28.7206573486, 26.7571220398, 28.0642604828, 26.6323318481, 63.0374794006, 98.0852432251, 46.7060089111, 1.5382797718], [12.3960800171, -18.1135730743, 37.3503189087, 13.4747600555, 14.4035291672, 27.0440196991, 20.2011299133, 25.7693004608, 12.3021450043, 14.2911396027, 46.7060089111, 89.7620925903, 40.0875091553], [64.0051956177, 6.76186752319, -16.6599597931, 10.7335720062, 8.38319301605, 14.0834341049, 4.71629047394, 19.3462486267, 10.2966356277, -0.70392626524, 1.5382797718, 40.0875091553, 93.8494262695]],
