{
"lowlevel": {
    "average_loudness": 0.965606272221,
    "barkbands_crest": {
        "dmean": 3.47005295753,
        "dmean2": 5.34473419189,
        "dvar": 10.4302053452,
        "dvar2": 22.8710842133,
        "max": 26.1414890289,
        "mean": 14.2253665924,
        "median": 13.9670715332,
        "min": 2.43681406975,
        "var": 30.5261478424
    },
    "barkbands_flatness_db": {
        "dmean": 0.0392429120839,
        "dmean2": 0.0563988871872,
        "dvar": 0.00127873185556,
        "dvar2": 0.00291275186464,
        "max": 0.721226453781,
        "mean": 0.13798302412,
        "median": 0.127791568637,
        "min": 0.0157670713961,
        "var": 0.0041550337337
    },
    "barkbands_kurtosis": {
        "dmean": 9.49778842926,
        "dmean2": 14.5114412308,
        "dvar": 423.645751953,
        "dvar2": 1061.06420898,
        "max": 1055.5324707,
        "mean": 12.1726512909,
        "median": 5.59513473511,
        "min": -1.82964074612,
        "var": 508.964447021
    },
    "barkbands_skewness": {
        "dmean": 1.07983911037,
        "dmean2": 1.58503115177,
        "dvar": 1.42963731289,
        "dvar2": 3.30626654625,
        "max": 20.5762023926,
        "mean": 2.78793549538,
        "median": 2.37502646446,
        "min": -1.95759892464,
        "var": 3.46695876122
    },
    "barkbands_spread": {
        "dmean": 10.0849952698,
        "dmean2": 15.4489212036,
        "dvar": 118.537368774,
        "dvar2": 267.999755859,
        "max": 89.3569335938,
        "mean": 24.3119468689,
        "median": 20.381280899,
        "min": 0.0505951978266,
        "var": 277.804199219
    },
    "dissonance": {
        "dmean": 0.0136159900576,
        "dmean2": 0.0226780772209,
        "dvar": 0.000170957107912,
        "dvar2": 0.000451547297416,
        "max": 0.500000059605,
        "mean": 0.475085049868,
        "median": 0.47999972105,
        "min": 0.32786244154,
        "var": 0.000361617159797
    },
    "dynamic_complexity": 2.93090653419,
    "erbbands_crest": {
        "dmean": 2.19401073456,
        "dmean2": 3.57275724411,
        "dvar": 5.12903118134,
        "dvar2": 12.2315607071,
        "max": 27.4253749847,
        "mean": 6.48845624924,
        "median": 5.53443431854,
        "min": 2.02479863167,
        "var": 11.8342428207
    },
    "erbbands_flatness_db": {
        "dmean": 0.0132853677496,
        "dmean2": 0.0201415866613,
        "dvar": 0.000177946247277,
        "dvar2": 0.000370319961803,
        "max": 0.402231663465,
        "mean": 0.106368631124,
        "median": 0.0976269468665,
        "min": 0.044529620558,
        "var": 0.00129982444923
    },
    "erbbands_kurtosis": {
        "dmean": 0.635798096657,
        "dmean2": 1.02339780331,
        "dvar": 4.79488515854,
        "dvar2": 8.89611244202,
        "max": 180.991531372,
        "mean": -0.278545290232,
        "median": -0.644838094711,
        "min": -1.80125129223,
        "var": 7.37589836121
    },
    "erbbands_skewness": {
        "dmean": 0.331143438816,
        "dmean2": 0.517946064472,
        "dvar": 0.101143173873,
        "dvar2": 0.22891099751,
        "max": 11.3733634949,
        "mean": 0.114917434752,
        "median": 0.0848220512271,
        "min": -2.50980257988,
        "var": 0.426945418119
    },
    "erbbands_spread": {
        "dmean": 10.9280443192,
        "dmean2": 16.8523311615,
        "dvar": 98.0515136719,
        "dvar2": 225.941467285,
        "max": 135.173690796,
        "mean": 58.4408416748,
        "median": 58.049407959,
        "min": 1.70293211937,
        "var": 363.734558105
    },
    "hfc": {
        "dmean": 13.2352523804,
        "dmean2": 20.892282486,
        "dvar": 289.484222412,
        "dvar2": 718.999023438,
        "max": 143.562179565,
        "mean": 30.0014133453,
        "median": 24.5853805542,
        "min": 1.14602618086e-16,
        "var": 493.799591064
    },
    "melbands_crest": {
        "dmean": 4.27326631546,
        "dmean2": 6.78680181503,
        "dvar": 16.2900066376,
        "dvar2": 37.4975013733,
        "max": 37.4720039368,
        "mean": 21.0686168671,
        "median": 21.395652771,
        "min": 1.00264358521,
        "var": 48.0098266602
    },
    "melbands_flatness_db": {
        "dmean": 0.0471655279398,
        "dmean2": 0.068152487278,
        "dvar": 0.0018852900248,
        "dvar2": 0.00426562083885,
        "max": 0.868435442448,
        "mean": 0.220711439848,
        "median": 0.215050071478,
        "min": -5.09088920353e-07,
        "var": 0.00644144136459
    },
    "melbands_kurtosis": {
        "dmean": 27.7605457306,
        "dmean2": 41.932094574,
        "dvar": 1924.16259766,
        "dvar2": 4304.81933594,
        "max": 791.294067383,
        "mean": 44.08801651,
        "median": 24.0164470673,
        "min": -1.23320674896,
        "var": 3264.00512695
    },
    "melbands_skewness": {
        "dmean": 1.59593462944,
        "dmean2": 2.364331007,
        "dvar": 2.986515522,
        "dvar2": 6.6267952919,
        "max": 21.7223091125,
        "mean": 5.01244544983,
        "median": 4.31140327454,
        "min": -0.128666579723,
        "var": 8.41243553162
    },
    "melbands_spread": {
        "dmean": 8.74705791473,
        "dmean2": 13.8592720032,
        "dvar": 121.817359924,
        "dvar2": 288.79598999,
        "max": 151.319580078,
        "mean": 17.4375705719,
        "median": 12.4342050552,
        "min": 0.130788236856,
        "var": 254.298599243
    },
    "pitch_salience": {
        "dmean": 0.106145814061,
        "dmean2": 0.161330491304,
        "dvar": 0.00897603202611,
        "dvar2": 0.0201684031636,
        "max": 0.997537255287,
        "mean": 0.426108002663,
        "median": 0.426256418228,
        "min": 0.0245417784899,
        "var": 0.0263384375721
    },
    "silence_rate_20dB": {
        "dmean": 0,
        "dmean2": 0,
        "dvar": 0,
        "dvar2": 0,
        "max": 1,
        "mean": 1,
        "median": 1,
        "min": 1,
        "var": 0
    },
    "silence_rate_30dB": {
        "dmean": 0.0458596348763,
        "dmean2": 0.0917277857661,
        "dvar": 0.0437580607831,
        "dvar2": 0.105600774288,
        "max": 1,
        "mean": 0.956558048725,
        "median": 1,
        "min": 0,
        "var": 0.0415576547384
    },
    "silence_rate_60dB": {
        "dmean": 0.00278499815613,
        "dmean2": 0.00557051319629,
        "dvar": 0.00277711683884,
        "dvar2": 0.00609603058547,
        "max": 1,
        "mean": 0.0404715500772,
        "median": 0,
        "min": 0,
        "var": 0.0388324968517
    },
    "spectral_centroid": {
        "dmean": 361.57019043,
        "dmean2": 550.173400879,
        "dvar": 118913.617188,
        "dvar2": 272538.03125,
        "max": 11338.3798828,
        "mean": 1524.48181152,
        "median": 1465.54577637,
        "min": 57.5972671509,
        "var": 469228.6875
    },
    "spectral_complexity": {
        "dmean": 7.23765325546,
        "dmean2": 10.7711448669,
        "dvar": 54.983997345,
        "dvar2": 116.461334229,
        "max": 60,
        "mean": 23.5895290375,
        "median": 23,
        "min": 0,
        "var": 163.980026245
    },
    "spectral_decrease": {
        "dmean": 4.44501280228e-09,
        "dmean2": 6.86504719738e-09,
        "dvar": 2.4767913394e-17,
        "dvar2": 6.05128675499e-17,
        "max": 1.02393953807e-29,
        "mean": -1.35884965502e-08,
        "median": -1.26864154737e-08,
        "min": -4.99087740025e-08,
        "var": 5.99664783594e-17
    },
    "spectral_energy": {
        "dmean": 0.0170968007296,
        "dmean2": 0.0265428386629,
        "dvar": 0.00035580174881,
        "dvar2": 0.000875405035913,
        "max": 0.189691379666,
        "mean": 0.0540072731674,
        "median": 0.0511393286288,
        "min": 1.07590841053e-20,
        "var": 0.000867283029947
    },
    "spectral_energyband_high": {
        "dmean": 0.00114859617315,
        "dmean2": 0.00183167995419,
        "dvar": 2.63001902567e-06,
        "dvar2": 6.44713736619e-06,
        "max": 0.0171167906374,
        "mean": 0.00205887900665,
        "median": 0.00140169134829,
        "min": 7.45887337591e-21,
        "var": 4.9188288358e-06
    },
    "spectral_energyband_low": {
        "dmean": 0.0170763265342,
        "dmean2": 0.0261137932539,
        "dvar": 0.000414531648858,
        "dvar2": 0.000990071916021,
        "max": 0.185957789421,
        "mean": 0.0362799055874,
        "median": 0.0300151314586,
        "min": 8.84608234949e-23,
        "var": 0.00089128385298
    },
    "spectral_energyband_middle_high": {
        "dmean": 0.00230336911045,
        "dmean2": 0.00366631709039,
        "dvar": 7.34306058803e-06,
        "dvar2": 1.8420687411e-05,
        "max": 0.0295798871666,
        "mean": 0.00459525268525,
        "median": 0.00352101051249,
        "min": 1.44807841504e-21,
        "var": 1.54574663611e-05
    },
    "spectral_energyband_middle_low": {
        "dmean": 0.00697746919468,
        "dmean2": 0.0114716859534,
        "dvar": 0.000155274596182,
        "dvar2": 0.000389823660953,
        "max": 0.127777323127,
        "mean": 0.012391728349,
        "median": 0.00788764003664,
        "min": 3.15559407244e-22,
        "var": 0.000192796025658
    },
    "spectral_entropy": {
        "dmean": 0.186461061239,
        "dmean2": 0.274673044682,
        "dvar": 0.0379782989621,
        "dvar2": 0.0834200307727,
        "max": 9.81015872955,
        "mean": 7.92891311646,
        "median": 8.00082206726,
        "min": 4.32685470581,
        "var": 0.144417315722
    },
    "spectral_flux": {
        "dmean": 0.0396997481585,
        "dmean2": 0.0616397559643,
        "dvar": 0.00158148352057,
        "dvar2": 0.00328193139285,
        "max": 0.393106281757,
        "mean": 0.120005629957,
        "median": 0.107396312058,
        "min": 6.71362965221e-11,
        "var": 0.00426074722782
    },
    "spectral_kurtosis": {
        "dmean": 0.926248669624,
        "dmean2": 1.49784827232,
        "dvar": 2.04214119911,
        "dvar2": 4.86071968079,
        "max": 88.5956802368,
        "mean": 2.62920308113,
        "median": 2.17991256714,
        "min": -1.22014200687,
        "var": 4.31401729584
    },
    "spectral_rms": {
        "dmean": 0.0011272917036,
        "dmean2": 0.00173068023287,
        "dvar": 1.26155669022e-06,
        "dvar2": 2.99551243188e-06,
        "max": 0.0136038511992,
        "mean": 0.00690063182265,
        "median": 0.00706342887133,
        "min": 3.23985608307e-12,
        "var": 5.07139247929e-06
    },
    "spectral_rolloff": {
        "dmean": 742.122253418,
        "dmean2": 1250.29455566,
        "dvar": 1499866.5,
        "dvar2": 3624584.25,
        "max": 19207.6171875,
        "mean": 1094.06811523,
        "median": 495.263671875,
        "min": 43.06640625,
        "var": 2352051.5
    },
    "spectral_skewness": {
        "dmean": 0.167298391461,
        "dmean2": 0.25975844264,
        "dvar": 0.0310034509748,
        "dvar2": 0.0688808485866,
        "max": 7.74142837524,
        "mean": 1.26920425892,
        "median": 1.23899054527,
        "min": -0.0398550257087,
        "var": 0.135800406337
    },
    "spectral_spread": {
        "dmean": 588651.1875,
        "dmean2": 891775.5625,
        "dvar": 505158041600,
        "dvar2": 1.03299606118e+12,
        "max": 40852392,
        "mean": 5793872,
        "median": 5950604,
        "min": 1004220.4375,
        "var": 2.47822286848e+12
    },
    "spectral_strongpeak": {
        "dmean": 0.258436232805,
        "dmean2": 0.425627082586,
        "dvar": 0.152927815914,
        "dvar2": 0.404221981764,
        "max": 6.59246444702,
        "mean": 0.610856592655,
        "median": 0.543454825878,
        "min": 0,
        "var": 0.219335839152
    },
    "zerocrossingrate": {
        "dmean": 0.0158486980945,
        "dmean2": 0.0195302981883,
        "dvar": 0.000249003467616,
        "dvar2": 0.00034562998917,
        "max": 0.67578125,
        "mean": 0.0558580048382,
        "median": 0.0478515625,
        "min": 0.001953125,
        "var": 0.0014195588883
    },
    "barkbands": {
        "dmean": [0.00104311690666, 0.0148911150172, 0.00537593849003, 0.00296941027045, 0.00314451078884, 0.00139228906482, 0.00123034312855, 0.000650125846732, 0.000838333973661, 0.000497587083373, 0.000396887480747, 0.000402543286327, 0.000335988705046, 0.000319370563375, 0.000250933197094, 0.000240058376221, 0.000279497122392, 0.000257359643001, 0.000237437372562, 0.000199043395696, 0.000242340043769, 0.000184022108442, 0.000187625177205, 0.000319676968502, 0.000177385401912, 7.37565205782e-05, 1.19423493743e-05],
        "dmean2": [0.00159947248176, 0.022056248039, 0.00858684815466, 0.00517247570679, 0.00552557455376, 0.00221848906949, 0.0018771776231, 0.00109511241317, 0.00137605913915, 0.000828254385851, 0.0006611966528, 0.00067318364745, 0.000559291511308, 0.000534652848728, 0.000411626766436, 0.000398544623749, 0.000465345568955, 0.000422898912802, 0.000397045980208, 0.000328071735566, 0.000398435862735, 0.000296674668789, 0.000308741029585, 0.000532686535735, 0.000277040875517, 0.000111325171019, 1.90552418644e-05],
        "dvar": [3.08826884066e-06, 0.000392686895793, 0.000117561176012, 6.05083769187e-05, 5.820413935e-05, 7.2650027505e-06, 5.16955014973e-06, 1.31654132929e-06, 1.84330201591e-06, 8.35575292513e-07, 5.83938515319e-07, 3.98262955059e-07, 4.51516285693e-07, 2.87495197426e-07, 1.70233221297e-07, 1.33931663981e-07, 1.77234454668e-07, 1.36014776331e-07, 1.13534703416e-07, 7.72720838427e-08, 1.1448670989e-07, 6.11327166666e-08, 8.20938126367e-08, 3.40201893323e-07, 7.4897720026e-08, 9.96321247726e-09, 9.68141455893e-10],
        "dvar2": [7.15978740118e-06, 0.000875137164257, 0.000298830593238, 0.000165883888258, 0.000162807336892, 1.81973027793e-05, 1.22401324916e-05, 3.33565481014e-06, 4.56121642856e-06, 2.15950853999e-06, 1.45488650105e-06, 9.87946350506e-07, 1.14033480259e-06, 7.45046747852e-07, 4.1873525447e-07, 3.39320678222e-07, 4.62158737946e-07, 3.47992767047e-07, 2.91450760415e-07, 1.90849235082e-07, 2.936864405e-07, 1.46727430206e-07, 2.14067725324e-07, 8.79033734691e-07, 1.72621724914e-07, 2.20907097059e-08, 2.20551599206e-09],
        "max": [0.0261988025159, 0.172981843352, 0.113617971539, 0.0855157971382, 0.0726736336946, 0.0526718348265, 0.0577049218118, 0.0311159566045, 0.0241998881102, 0.017721991986, 0.0239455699921, 0.0225476007909, 0.0169740393758, 0.0118610933423, 0.00810899492353, 0.00817277561873, 0.00960620772094, 0.00543253030628, 0.00580475525931, 0.00655520381406, 0.00752641027793, 0.00477920332924, 0.00343305733986, 0.00580231333151, 0.00310026202351, 0.00159642635845, 0.000711276195943],
        "mean": [0.00165339326486, 0.0258027520031, 0.00757579412311, 0.00266490667127, 0.00321279210038, 0.00235196668655, 0.00194503297098, 0.0008706660592, 0.00122855999507, 0.000673373229802, 0.000536625972018, 0.000522215850651, 0.000446860329248, 0.000436911184806, 0.0003588872205, 0.000340085069183, 0.000404551479733, 0.000395394046791, 0.000354603049345, 0.000367721600924, 0.000415447808336, 0.000344201223925, 0.000312121061143, 0.000418418610934, 0.000253680365859, 0.000104583741631, 1.58299244504e-05],
        "median": [0.000434534653323, 0.0167880747467, 0.00247852015309, 0.00075531960465, 0.00106816680636, 0.000954183982685, 0.000846600742079, 0.000380185636459, 0.000601502426434, 0.000315062032314, 0.000249394390266, 0.000279352301732, 0.000231873564189, 0.000235473984503, 0.000212092185393, 0.000209475008887, 0.000248758908128, 0.000235748317209, 0.000215733307414, 0.000247441435931, 0.000263197580352, 0.000225730502279, 0.000193569416297, 0.000219361711061, 0.000149467319716, 5.81724307267e-05, 2.60647425421e-06],
        "min": [1.10503398945e-23, 1.8166611522e-23, 2.32096288951e-24, 5.38551671791e-24, 1.94350777695e-23, 1.9149917174e-23, 5.29859631573e-23, 2.95122867399e-23, 1.38593962696e-23, 5.05536273074e-23, 4.73264478313e-23, 4.54293004631e-23, 4.36544360016e-23, 8.65631838775e-23, 1.02995636161e-22, 1.44836982657e-22, 1.95293068891e-22, 1.45960459425e-22, 2.55972211855e-22, 2.23164584901e-22, 3.94667489535e-22, 3.50628300827e-22, 6.52915508304e-22, 7.90862466219e-22, 1.17234959202e-21, 1.437196224e-21, 2.14424420066e-21],
        "var": [7.43770533518e-06, 0.000744828605093, 0.000143699915498, 4.23513265559e-05, 4.44546385552e-05, 1.59424434969e-05, 9.63141701504e-06, 2.23754136641e-06, 3.37561641572e-06, 1.24621590203e-06, 9.72960606305e-07, 6.51802679386e-07, 6.67799383791e-07, 4.34574502606e-07, 2.625232014e-07, 1.99011566338e-07, 2.52374633192e-07, 2.38517571916e-07, 1.87482655178e-07, 1.99299989845e-07, 2.52487751595e-07, 1.65514450146e-07, 1.56951657004e-07, 3.6718219576e-07, 1.07364016344e-07, 1.68868936612e-08, 1.86817938896e-09]
    },
    "erbbands": {
        "dmean": [0.556851267815, 2.98252511024, 5.99999427795, 7.28414392471, 12.4317054749, 8.72578048706, 8.00779628754, 12.1407499313, 17.4985103607, 15.270275116, 16.552570343, 16.3032360077, 15.0117473602, 14.4686365128, 14.0348787308, 15.3202810287, 15.1909532547, 14.015838623, 13.3555440903, 13.7699689865, 13.9676609039, 16.4189834595, 13.7339315414, 11.8833456039, 11.4454240799, 9.29429721832, 9.72624111176, 9.62615299225, 7.13587379456, 5.2653093338, 5.61681413651, 7.52028846741, 4.69405603409, 2.32906770706, 1.14357304573, 0.416657239199, 0.123489737511, 0.0257871840149, 0.00178923911881, 4.22645462095e-05],
        "dmean2": [0.817178249359, 4.47053289413, 9.00612258911, 12.1123991013, 21.8038787842, 15.210524559, 13.0992593765, 19.233253479, 27.0790634155, 24.2574462891, 27.1652736664, 27.156255722, 24.8085460663, 24.1111297607, 23.2713165283, 25.5465946198, 25.1954936981, 23.3176822662, 22.0698509216, 22.587600708, 23.098405838, 27.2789840698, 22.6676425934, 19.512298584, 19.0917720795, 15.2771129608, 16.2563877106, 15.6757307053, 11.5369825363, 8.56665802002, 9.20769691467, 12.7149057388, 7.76163721085, 3.68683624268, 1.78258788586, 0.646060287952, 0.184754520655, 0.0393571741879, 0.00287943519652, 6.6792461439e-05],
        "dvar": [0.688072800636, 16.5689201355, 103.264373779, 307.00201416, 1047.17736816, 398.243469238, 256.884918213, 572.530883789, 1462.34423828, 799.958129883, 793.615234375, 709.470214844, 593.142944336, 557.961975098, 676.399230957, 534.92565918, 976.373168945, 549.739807129, 420.964080811, 596.110168457, 479.588928223, 631.952148438, 391.852020264, 293.234649658, 259.523132324, 169.99206543, 174.181854248, 197.079742432, 93.4596328735, 61.3539505005, 73.1705322266, 179.812042236, 70.7311401367, 12.9526319504, 3.52579569817, 0.356247395277, 0.0294986199588, 0.00175955728628, 3.16378609568e-05, 5.20444976004e-09],
        "dvar2": [1.4894477129, 35.7846183777, 244.553390503, 788.750549316, 2870.25610352, 1069.73083496, 656.873168945, 1408.89526367, 3608.43969727, 1721.77526855, 1966.37658691, 1823.26965332, 1516.31640625, 1402.46594238, 1741.02294922, 1306.5324707, 2441.37915039, 1393.3873291, 1084.04284668, 1451.74719238, 1216.80029297, 1652.26074219, 1013.27404785, 734.414611816, 669.477905273, 427.03918457, 449.914367676, 503.75402832, 227.958129883, 156.047195435, 187.284683228, 471.7449646, 183.182128906, 30.6100997925, 8.30041694641, 0.848122179508, 0.0622294805944, 0.00380758009851, 7.29746025172e-05, 1.20728831376e-08],
        "max": [8.65102672577, 35.7288856506, 118.800720215, 184.43598938, 300.699798584, 321.346069336, 368.679992676, 468.750701904, 1090.91064453, 550.376037598, 587.642272949, 561.942993164, 415.780456543, 619.013671875, 822.244812012, 706.744934082, 815.206665039, 670.961425781, 493.550384521, 470.6980896, 544.327941895, 659.793640137, 334.475524902, 327.5519104, 204.949127197, 329.771636963, 231.996398926, 305.728057861, 180.177444458, 134.976379395, 88.741394043, 131.129379272, 86.8457489014, 34.9437103271, 20.4469680786, 7.55120658875, 2.80779147148, 0.892293155193, 0.157650530338, 0.00189024233259],
        "mean": [0.896811544895, 5.08484649658, 9.80973243713, 8.34410858154, 11.5632514954, 9.4561624527, 12.2127399445, 20.9967498779, 28.2356681824, 22.7707176208, 24.4073200226, 23.3478145599, 22.3828544617, 21.4580497742, 19.9144916534, 20.6474456787, 21.2305393219, 19.6189556122, 19.7030467987, 20.411026001, 20.3636283875, 24.5122203827, 21.6057033539, 19.0377960205, 17.9851512909, 17.1058235168, 16.7579593658, 16.1238174438, 12.944149971, 9.92354774475, 8.76752471924, 9.80936145782, 6.10252189636, 3.33931541443, 1.53898274899, 0.551919341087, 0.179725378752, 0.0376573316753, 0.00237820390612, 0.000107250816654],
        "median": [0.367748320103, 3.45099592209, 4.19781970978, 3.54613852501, 3.22242569923, 3.29500365257, 4.99431800842, 9.08893585205, 13.0939884186, 8.88219547272, 11.2068443298, 11.954618454, 11.9382419586, 11.9000549316, 10.8206558228, 11.5851678848, 11.3109731674, 10.5764856339, 12.217508316, 12.3999109268, 12.6152095795, 15.3284883499, 13.1865434647, 11.9669399261, 10.686706543, 11.5393486023, 10.9179811478, 9.66410732269, 8.3577337265, 6.51250505447, 5.27745866776, 5.05459880829, 3.20062708855, 1.89693462849, 0.865561664104, 0.314713537693, 0.0944504588842, 0.0160096175969, 0.000554745609406, 9.0728601208e-05],
        "min": [9.25814125587e-22, 3.70629461395e-21, 7.25483118325e-21, 1.5067081933e-20, 5.32578815676e-20, 1.05356256249e-19, 5.73913030885e-20, 1.45836103746e-19, 4.07844115206e-19, 1.11845386049e-18, 4.56318631011e-19, 4.52227395701e-19, 1.09728010477e-18, 2.02400590698e-18, 1.54352171136e-18, 2.17651195574e-18, 2.13294166454e-18, 4.56800443038e-18, 4.96180237255e-18, 5.64531370682e-18, 9.51758231425e-18, 1.04905468923e-17, 9.57753057478e-18, 9.72537422002e-18, 1.28895741552e-17, 9.35044881712e-18, 1.4337460346e-17, 1.64995830814e-17, 1.04123071869e-17, 1.68652829389e-17, 1.72078846051e-17, 1.50023663204e-17, 1.36216629117e-17, 1.07479224856e-17, 9.17946313988e-18, 5.52092063194e-18, 2.65089383319e-18, 1.03340501107e-18, 2.80218366796e-19, 3.03561778499e-20],
        "var": [1.40309727192, 29.4683933258, 169.976959229, 259.811981201, 752.532836914, 385.261962891, 485.126098633, 1290.9564209, 2324.56811523, 1664.30554199, 1549.53051758, 1154.06176758, 994.564086914, 1010.71533203, 1168.84655762, 929.813903809, 1523.97875977, 897.068664551, 707.65246582, 847.993286133, 693.210388184, 907.50970459, 670.519470215, 557.580078125, 448.194000244, 428.209838867, 391.509552002, 429.146697998, 237.192611694, 152.359436035, 124.366378784, 200.372268677, 76.3216781616, 18.4561042786, 4.66312551498, 0.509921610355, 0.0544524416327, 0.00378296407871, 5.53179343115e-05, 1.03652784134e-08]
    },
    "gfcc": {
        "mean": [31.7358531952, 71.850151062, -94.1013717651, 45.6457214355, -51.0972900391, 23.1835594177, -29.2202033997, 18.4775390625, -17.7932720184, 9.38283538818, -13.5774698257, 4.60968160629, -11.1872873306],
        "cov": [[14736.8046875, -1889.79907227, 157.829818726, -324.166046143, -1048.94824219, 627.417175293, -915.939941406, -50.647151947, -391.9894104, 246.415939331, -218.58454895, 111.523925781, -139.574890137], [-1889.79907227, 1160.56884766, -195.693023682, 72.3454284668, 163.499740601, -318.628234863, 205.181793213, -110.411231995, 144.962677002, -104.479179382, 75.2647781372, -38.6239433289, 76.5242614746], [157.829818726, -195.693023682, 450.947784424, 6.04572963715, 109.067504883, 161.566879272, -15.1027822495, 39.3416137695, -25.7707366943, 57.5923271179, -1.6126127243, 16.5220336914, -3.87885975838], [-324.166046143, 72.3454284668, 6.04572963715, 345.281921387, 60.1284065247, 6.96930837631, 75.5444641113, -6.42587137222, 46.6755638123, -17.515542984, 30.2064342499, -12.3810024261, 36.5346755981], [-1048.94824219, 163.499740601, 109.067504883, 60.1284065247, 341.267669678, 65.389251709, 134.591064453, 24.0698490143, 52.1107254028, 34.5798187256, 24.8335380554, 3.84784579277, 8.72338581085], [627.417175293, -318.628234863, 161.566879272, 6.96930837631, 65.389251709, 270.097625732, -4.83271121979, 65.6624984741, -37.5461235046, 62.7535896301, -2.5550403595, 13.7420339584, -3.98130631447], [-915.939941406, 205.181793213, -15.1027822495, 75.5444641113, 134.591064453, -4.83271121979, 216.553726196, 41.43542099, 99.095199585, -6.34929466248, 46.4756736755, 3.05728316307, 27.1661491394], [-50.647151947, -110.411231995, 39.3416137695, -6.42587137222, 24.0698490143, 65.6624984741, 41.43542099, 125.883514404, 32.0431022644, 34.6679878235, 16.1560401917, 17.5532035828, 6.94888496399], [-391.9894104, 144.962677002, -25.7707366943, 46.6755638123, 52.1107254028, -37.5461235046, 99.095199585, 32.0431022644, 132.538497925, 29.5591926575, 50.0116348267, 13.7295885086, 31.0767726898], [246.415939331, -104.479179382, 57.5923271179, -17.515542984, 34.5798187256, 62.7535896301, -6.34929466248, 34.6679878235, 29.5591926575, 100.085884094, 35.693611145, 33.3819961548, 4.20900774002], [-218.58454895, 75.2647781372, -1.6126127243, 30.2064342499, 24.8335380554, -2.5550403595, 46.4756736755, 16.1560401917, 50.0116348267, 35.693611145, 94.4944763184, 38.2314910889, 39.9983596802], [111.523925781, -38.6239433289, 16.5220336914, -12.3810024261, 3.84784579277, 13.7420339584, 3.05728316307, 17.5532035828, 13.7295885086, 33.3819961548, 38.2314910889, 75.7720489502, 35.8149604797], [-139.574890137, 76.5242614746, -3.87885975838, 36.5346755981, 8.72338581085, -3.98130631447, 27.1661491394, 6.94888496399, 31.0767726898, 4.20900774002, 39.9983596802, 35.8149604797, 72.0785751343]],
        "icov": [[0.000142659700941, -3.89950000681e-05, 3.49614201696e-05, -4.25265534432e-05, 0.00043196126353, -0.000484866235638, 0.000335797347361, 0.00018468646158, -0.000186453937204, -0.000251189194387, 0.000289745657938, -0.000341175298672, 0.000221456954023], [-3.89950000681e-05, 0.00251229503192, 0.000120907963719, 0.000534499529749, -0.00147272844333, 0.00241556786932, -0.00107661844231, 0.00138722429983, -0.000659124401864, 0.00126997486223, -0.00150025368202, 0.00225760159083, -0.00250269821845], [3.49614201696e-05, 0.000120907963719, 0.00308818672784, -7.78542016633e-05, -0.000917528115679, -0.00137892807834, 0.000727367703803, -7.05078564351e-05, 0.000138666684506, -0.00052294600755, 0.0001809806854, -0.000229593220865, -0.000103078265965], [-4.25265534432e-05, 0.000534499529749, -7.78542016633e-05, 0.00364768877625, -0.000638542114757, 3.27708039549e-05, -0.00077588239219, 0.000888983311597, -0.000909473397769, 0.00127993535716, -0.00116670678835, 0.00206680921838, -0.00227926275693], [0.00043196126353, -0.00147272844333, -0.000917528115679, -0.000638542114757, 0.00680731702596, -0.00307692075148, -0.00205903453752, 0.000828013464343, 0.000296532991342, -0.00340929534286, 0.0023902868852, -0.00192779069766, 0.00207940116525], [-0.000484866235638, 0.00241556786932, -0.00137892807834, 3.27708039549e-05, -0.00307692075148, 0.010660671629, -0.0032698684372, -0.00212568184361, 0.00447212066501, -0.00266339653172, -0.00119761610404, 0.00412266328931, -0.00435225572437], [0.000335797347361, -0.00107661844231, 0.000727367703803, -0.00077588239219, -0.00205903453752, -0.0032698684372, 0.0126254661009, -0.00236275140196, -0.00723798340186, 0.0051994160749, -0.00194493320305, -0.0017974487273, 0.00255303806625], [0.00018468646158, 0.00138722429983, -7.05078564351e-05, 0.000888983311597, 0.000828013464343, -0.00212568184361, -0.00236275140196, 0.0122042791918, -0.00311779975891, -0.0011196230771, 0.000423585966928, -0.000683865277097, -0.000558872765396], [-0.000186453937204, -0.000659124401864, 0.000138666684506, -0.000909473397769, 0.000296532991342, 0.00447212066501, -0.00723798340186, -0.00311779975891, 0.018508752808, -0.00851249229163, -0.00156763475388, 0.00306906085461, -0.00409119157121], [-0.000251189194387, 0.00126997486223, -0.00052294600755, 0.00127993535716, -0.00340929534286, -0.00266339653172, 0.0051994160749, -0.0011196230771, -0.00851249229163, 0.0227189920843, -0.00776970107108, -0.0048476359807, 0.00496602989733], [0.000289745657938, -0.00150025368202, 0.0001809806854, -0.00116670678835, 0.0023902868852, -0.00119761610404, -0.00194493320305, 0.000423585966928, -0.00156763475388, -0.00776970107108, 0.0212224964052, -0.00624044053257, -0.00445481110364], [-0.000341175298672, 0.00225760159083, -0.000229593220865, 0.00206680921838, -0.00192779069766, 0.00412266328931, -0.0017974487273, -0.000683865277097, 0.00306906085461, -0.0048476359807, -0.00624044053257, 0.0258506499231, -0.0133350947872], [0.000221456954023, -0.00250269821845, -0.000103078265965, -0.00227926275693, 0.00207940116525, -0.00435225572437, 0.00255303806625, -0.000558872765396, -0.00409119157121, 0.00496602989733, -0.00445481110364, -0.0133350947872, 0.0272810533643]]
    },
    "melbands": {
        "dmean": [0.00443893484771, 0.00299775460735, 0.00131872517522, 0.000796645355877, 0.000272586010396, 0.000278668419924, 0.000249917356996, 0.000161191186635, 0.000151910906425, 0.000100046330772, 7.87336830399e-05, 6.23867163085e-05, 5.15937681485e-05, 4.20996075263e-05, 4.70190389024e-05, 3.02354819723e-05, 2.67530976998e-05, 2.45516239374e-05, 2.0209385184e-05, 1.65002456924e-05, 1.72451727849e-05, 1.88971607713e-05, 1.35263026095e-05, 1.21222783491e-05, 9.86389295576e-06, 9.8165082818e-06, 7.46270870877e-06, 6.45679256195e-06, 6.71830093779e-06, 6.01231477049e-06, 5.54385087526e-06, 4.25659300163e-06, 3.69907525055e-06, 2.97535871141e-06, 3.29960948875e-06, 3.90188870369e-06, 4.86219505547e-06, 3.43635520039e-06, 2.51980304711e-06, 1.88864282791e-06],
        "dmean2": [0.00651310617104, 0.00444193044677, 0.00209233141504, 0.00140143907629, 0.000446099991677, 0.000439570547314, 0.000386678933864, 0.00025914105936, 0.000248930504313, 0.000166468147654, 0.000129873951664, 0.000103716090962, 8.55659018271e-05, 7.0393034548e-05, 7.91371421656e-05, 5.0005470257e-05, 4.4770178647e-05, 4.08027917729e-05, 3.34239812219e-05, 2.73327859759e-05, 2.86522863462e-05, 3.16081495839e-05, 2.24954274017e-05, 2.00346421479e-05, 1.63376644196e-05, 1.65462606674e-05, 1.24668831631e-05, 1.06681927718e-05, 1.13981386676e-05, 9.93466983346e-06, 9.04529497348e-06, 6.9467182584e-06, 6.10779807175e-06, 4.89190642838e-06, 5.41073586646e-06, 6.58772250972e-06, 8.18885837361e-06, 5.68865925743e-06, 4.15302474721e-06, 2.9762406939e-06],
        "dvar": [3.81839818147e-05, 1.70213334059e-05, 8.63267996465e-06, 3.95329880121e-06, 2.56193885662e-07, 2.84502647219e-07, 2.56819788547e-07, 8.06728195357e-08, 7.16052994676e-08, 2.51288643227e-08, 1.71505316615e-08, 1.06091047058e-08, 1.06902682262e-08, 5.21796161834e-09, 6.72197231211e-09, 3.09799319531e-09, 2.125180254e-09, 1.71150826844e-09, 1.1453822335e-09, 7.17162995656e-10, 7.61339491451e-10, 9.37429467385e-10, 4.01106287073e-10, 3.05337977125e-10, 2.13471545996e-10, 2.08892556031e-10, 1.15407614021e-10, 9.09742906008e-11, 8.66070687389e-11, 7.62809190813e-11, 6.27525253982e-11, 3.46440064136e-11, 2.92762585008e-11, 2.19961028558e-11, 2.75964008589e-11, 3.4835578866e-11, 8.18149090143e-11, 3.31810377785e-11, 2.00205910877e-11, 8.34901158625e-12],
        "dvar2": [8.57820050442e-05, 3.61943166354e-05, 2.0517691155e-05, 1.09941438495e-05, 6.39711743133e-07, 7.08870004473e-07, 6.34194861959e-07, 1.80176101594e-07, 1.74706627831e-07, 6.46717950303e-08, 4.38037304207e-08, 2.69043329837e-08, 2.7178748141e-08, 1.29869484056e-08, 1.6986856366e-08, 7.7927602149e-09, 5.43676037523e-09, 4.398850173e-09, 2.87623791451e-09, 1.79699877201e-09, 1.94175919788e-09, 2.45518894104e-09, 1.05401554151e-09, 7.93851595571e-10, 5.35046340566e-10, 5.40280875594e-10, 3.00696634259e-10, 2.29105900917e-10, 2.26427918082e-10, 1.98436087007e-10, 1.59454283111e-10, 8.46618677941e-11, 7.44367623096e-11, 5.80694138608e-11, 7.15093539938e-11, 9.4060398359e-11, 2.10948980506e-10, 8.45229303215e-11, 5.14530848483e-11, 1.93765871404e-11],
        "max": [0.0577631443739, 0.0464306473732, 0.0336700752378, 0.0187523961067, 0.0100622298196, 0.0100459391251, 0.0141286319122, 0.00512019358575, 0.00622852006927, 0.00305353384465, 0.00233409251086, 0.00235427380539, 0.00373133574612, 0.00314349867404, 0.00207018130459, 0.00139676232357, 0.00140175013803, 0.000984639162198, 0.000627790868748, 0.000498133711517, 0.000622199906502, 0.000875601836015, 0.000475741631817, 0.000289814575808, 0.000310255563818, 0.000212113562156, 0.0002219312737, 0.000242250564042, 0.000154908819241, 0.000178217655048, 0.000184469681699, 0.000105266386527, 8.42376321089e-05, 9.49528548517e-05, 5.78031576879e-05, 8.07247633929e-05, 8.6754480435e-05, 5.40763576282e-05, 5.47940799152e-05, 4.27085833508e-05],
        "mean": [0.00745622767136, 0.00578168546781, 0.00161527097225, 0.000777927867603, 0.000411406886997, 0.000487860990688, 0.000410369771998, 0.000226720512728, 0.000218744855374, 0.000142343371408, 0.000114069167466, 9.03095497051e-05, 7.1435533755e-05, 5.2975534345e-05, 6.00309067522e-05, 4.04415623052e-05, 3.62804930774e-05, 3.36665616487e-05, 2.8322727303e-05, 2.3592805519e-05, 2.33167247643e-05, 2.65708349616e-05, 1.97051922441e-05, 1.86313845916e-05, 1.49250936374e-05, 1.39184121508e-05, 1.21968651001e-05, 1.10882001536e-05, 1.08262320282e-05, 9.68565291259e-06, 8.89906095836e-06, 7.33185879653e-06, 6.38232086203e-06, 5.24532424606e-06, 4.82138830193e-06, 5.67172810406e-06, 5.99169288762e-06, 4.4054013415e-06, 3.30972011398e-06, 2.68604253506e-06],
        "median": [0.00423563690856, 0.00374452467076, 0.000673203729093, 0.000241613364778, 0.000170750470716, 0.000224298855755, 0.000198416848434, 8.00010238891e-05, 9.22171893762e-05, 7.25690842955e-05, 5.71843702346e-05, 4.81818933622e-05, 3.55466436304e-05, 2.74976846413e-05, 2.96171747323e-05, 1.99701298698e-05, 1.92269599211e-05, 1.90209175344e-05, 1.64596003742e-05, 1.42726767081e-05, 1.33218300107e-05, 1.59029277711e-05, 1.13470141514e-05, 1.15128359539e-05, 9.08588026505e-06, 8.02232352726e-06, 7.59445219956e-06, 7.30201600163e-06, 6.94072014085e-06, 5.72533917875e-06, 5.29829503648e-06, 4.66051324111e-06, 3.92404672311e-06, 3.42276530318e-06, 2.81071470454e-06, 3.03843489746e-06, 2.8941178698e-06, 2.25376379603e-06, 1.74903743755e-06, 1.48246715526e-06],
        "min": [9.04017479102e-24, 8.76696622713e-24, 4.12265374943e-24, 5.90374587339e-24, 2.20216339542e-24, 3.62824622114e-24, 7.43395301379e-24, 1.08385875394e-23, 3.02709397945e-24, 1.85595640437e-24, 4.74398781408e-24, 8.03057403844e-24, 6.0336637703e-24, 4.77495967652e-24, 6.37386831872e-24, 3.55146638923e-24, 9.50560588054e-24, 7.36961825153e-24, 8.14370379199e-24, 8.69005228887e-24, 1.0345405901e-23, 9.49898497096e-24, 1.20523841485e-23, 5.9317539854e-24, 7.05964719173e-24, 9.49026174707e-24, 5.87321735079e-24, 6.57340831811e-24, 9.43926267841e-24, 8.29045479733e-24, 8.28099951052e-24, 4.6609483709e-24, 8.33274720818e-24, 8.37979802801e-24, 9.68364705368e-24, 7.14589966539e-24, 7.79215424047e-24, 9.02169887976e-24, 7.97812819887e-24, 9.02426819972e-24],
        "var": [7.48878301238e-05, 3.54482217517e-05, 8.57310897118e-06, 2.90838897854e-06, 5.00935357195e-07, 6.3114708837e-07, 4.3230539859e-07, 1.62942853876e-07, 1.40597848031e-07, 4.08352462955e-08, 2.84521437521e-08, 1.8550101899e-08, 1.72083822747e-08, 8.0315114559e-09, 9.85588854974e-09, 5.13393683121e-09, 3.27078786277e-09, 2.58837973277e-09, 1.65701496968e-09, 1.04587749572e-09, 1.07901132473e-09, 1.26400956368e-09, 6.1818272723e-10, 5.29653432224e-10, 3.89582893723e-10, 3.05272779277e-10, 2.34013919354e-10, 2.06925407364e-10, 1.77241055166e-10, 1.54893972648e-10, 1.31430352712e-10, 7.89024678927e-11, 6.61434171323e-11, 4.65557210838e-11, 4.08720973732e-11, 6.16486028893e-11, 8.4068675632e-11, 3.79881924528e-11, 2.19656272338e-11, 1.23152616577e-11]
    },
    "mfcc": {
        "mean": [-611.942382812, 98.7962417603, 19.0286884308, 28.8850975037, 9.92232131958, 10.7865304947, 6.7294626236, 9.30967712402, 6.45221424103, 6.19040441513, 3.93456625938, 6.4895529747, 1.78206789494],
        "cov": [[9740.5, -193.718383789, -26.8416957855, -549.46697998, -238.569000244, -74.8537902832, -224.240570068, -282.650939941, -233.330718994, -101.825332642, -161.845611572, -81.4395294189, -95.4758605957], [-193.718383789, 987.02746582, -153.176956177, 132.557647705, -54.3230018616, -18.379070282, -57.8783378601, -10.1874876022, 4.6804394722, -37.6589050293, 17.3336238861, -4.76717615128, 11.1209316254], [-26.8416957855, -153.176956177, 310.354309082, 1.7577778101, 70.1502532959, 30.8226051331, 52.7310256958, 10.8940572739, 9.13283157349, 24.7590770721, -12.6182126999, -0.129353553057, 16.4585952759], [-549.46697998, 132.557647705, 1.7577778101, 288.047851562, 20.9893665314, 39.3629074097, -5.05381345749, 33.0817718506, 28.2500762939, -1.68920838833, 18.3486728668, 20.5583953857, 9.31548309326], [-238.569000244, -54.3230018616, 70.1502532959, 20.9893665314, 189.741470337, 94.2813415527, 77.2536468506, 9.98136329651, 27.2701854706, 27.9124755859, 16.7919902802, 15.8057346344, 13.8617887497], [-74.8537902832, -18.379070282, 30.8226051331, 39.3629074097, 94.2813415527, 176.813766479, 72.450592041, 20.4442672729, 27.2711982727, 26.817111969, 26.3027667999, 6.00259780884, 10.2302160263], [-224.240570068, -57.8783378601, 52.7310256958, -5.05381345749, 77.2536468506, 72.450592041, 130.841842651, 54.3422698975, 32.8144950867, 38.9811172485, 21.0009059906, 13.6290311813, 14.7391080856], [-282.650939941, -10.1874876022, 10.8940572739, 33.0817718506, 9.98136329651, 20.4442672729, 54.3422698975, 95.5544586182, 52.9242935181, 25.2442245483, 16.661233902, 18.5352153778, 13.5227298737], [-233.330718994, 4.6804394722, 9.13283157349, 28.2500762939, 27.2701854706, 27.2711982727, 32.8144950867, 52.9242935181, 85.7413101196, 40.8724403381, 27.0759315491, 21.0014877319, 15.0637197495], [-101.825332642, -37.6589050293, 24.7590770721, -1.68920838833, 27.9124755859, 26.817111969, 38.9811172485, 25.2442245483, 40.8724403381, 79.7465515137, 35.7075271606, 17.996969223, 18.8001117706], [-161.845611572, 17.3336238861, -12.6182126999, 18.3486728668, 16.7919902802, 26.3027667999, 21.0009059906, 16.661233902, 27.0759315491, 35.7075271606, 68.5791549683, 36.3040542603, 17.4868125916], [-81.4395294189, -4.76717615128, -0.129353553057, 20.5583953857, 15.8057346344, 6.00259780884, 13.6290311813, 18.5352153778, 21.0014877319, 17.996969223, 36.3040542603, 63.4410400391, 33.0096244812], [-95.4758605957, 11.1209316254, 16.4585952759, 9.31548309326, 13.8617887497, 10.2302160263, 14.7391080856, 13.5227298737, 15.0637197495, 18.8001117706, 17.4868125916, 33.0096244812, 69.0450744629]],
