{
"lowlevel": {
    "average_loudness": 0.732106626034,
    "barkbands_crest": {
        "dmean": 2.07791590691,
        "dmean2": 3.17574167252,
        "dvar": 4.0953950882,
        "dvar2": 9.20057678223,
        "max": 26.3230228424,
        "mean": 9.53844261169,
        "median": 8.72888565063,
        "min": 2.14917016029,
        "var": 16.5805511475
    },
    "barkbands_flatness_db": {
        "dmean": 0.0300348177552,
        "dmean2": 0.0411866717041,
        "dvar": 0.000839050218929,
        "dvar2": 0.00162604323123,
        "max": 0.438394099474,
        "mean": 0.147881880403,
        "median": 0.132531315088,
        "min": 0.015178903006,
        "var": 0.0055561568588
    },
    "barkbands_kurtosis": {
        "dmean": 2.45140647888,
        "dmean2": 3.85377454758,
        "dvar": 16.829536438,
        "dvar2": 39.3493766785,
        "max": 105.602272034,
        "mean": 3.82853221893,
        "median": 2.23098468781,
        "min": -1.91180384159,
        "var": 34.1498413086
    },
    "barkbands_skewness": {
        "dmean": 0.48186403513,
        "dmean2": 0.72808611393,
        "dvar": 0.29173579812,
        "dvar2": 0.674002230167,
        "max": 7.56022548676,
        "mean": 1.45058012009,
        "median": 1.38626480103,
        "min": -3.0953207016,
        "var": 0.920644462109
    },
    "barkbands_spread": {
        "dmean": 5.24892044067,
        "dmean2": 7.97162532806,
        "dvar": 50.3336296082,
        "dvar2": 110.867645264,
        "max": 143.133041382,
        "mean": 17.3205966949,
        "median": 15.3622102737,
        "min": 0.451904594898,
        "var": 117.561859131
    },
    "dissonance": {
        "dmean": 0.024219000712,
        "dmean2": 0.0402505770326,
        "dvar": 0.000578982289881,
        "dvar2": 0.00152581790462,
        "max": 0.500000059605,
        "mean": 0.443158835173,
        "median": 0.457514643669,
        "min": 0.160883694887,
        "var": 0.00236626784317
    },
    "dynamic_complexity": 5.52432394028,
    "erbbands_crest": {
        "dmean": 2.13265037537,
        "dmean2": 3.28951740265,
        "dvar": 3.93389725685,
        "dvar2": 8.94213485718,
        "max": 31.0287876129,
        "mean": 8.92553424835,
        "median": 7.94236183167,
        "min": 2.51300001144,
        "var": 17.1546058655
    },
    "erbbands_flatness_db": {
        "dmean": 0.0289626140147,
        "dmean2": 0.0399259850383,
        "dvar": 0.000868959003128,
        "dvar2": 0.00162542483304,
        "max": 0.479412138462,
        "mean": 0.169572725892,
        "median": 0.152066752315,
        "min": 0.0518760047853,
        "var": 0.0050936890766
    },
    "erbbands_kurtosis": {
        "dmean": 1.17013442516,
        "dmean2": 1.85771369934,
        "dvar": 8.30398750305,
        "dvar2": 19.4024162292,
        "max": 136.926498413,
        "mean": 1.18321967125,
        "median": 0.337167978287,
        "min": -1.79070091248,
        "var": 17.2321300507
    },
    "erbbands_skewness": {
        "dmean": 0.358983457088,
        "dmean2": 0.555594742298,
        "dvar": 0.160849526525,
        "dvar2": 0.376268059015,
        "max": 9.30092144012,
        "mean": 0.598204374313,
        "median": 0.57153648138,
        "min": -3.94273114204,
        "var": 0.501132726669
    },
    "erbbands_spread": {
        "dmean": 8.1902923584,
        "dmean2": 12.4467096329,
        "dvar": 100.803108215,
        "dvar2": 215.603683472,
        "max": 126.748146057,
        "mean": 30.7287044525,
        "median": 28.906370163,
        "min": 0.852098882198,
        "var": 235.126251221
    },
    "hfc": {
        "dmean": 6.55510282516,
        "dmean2": 10.1285915375,
        "dvar": 112.073829651,
        "dvar2": 271.281463623,
        "max": 110.836830139,
        "mean": 17.2454299927,
        "median": 10.87200737,
        "min": 1.12543705985e-16,
        "var": 331.486633301
    },
    "melbands_crest": {
        "dmean": 2.77708482742,
        "dmean2": 4.25905227661,
        "dvar": 7.14492321014,
        "dvar2": 16.3036727905,
        "max": 33.4466094971,
        "mean": 13.1059598923,
        "median": 12.1473941803,
        "min": 1.67745399475,
        "var": 26.9135837555
    },
    "melbands_flatness_db": {
        "dmean": 0.0314092934132,
        "dmean2": 0.0435061231256,
        "dvar": 0.00101673055906,
        "dvar2": 0.00204662955366,
        "max": 0.498749047518,
        "mean": 0.223944440484,
        "median": 0.214421585202,
        "min": 0.00496940780431,
        "var": 0.00681377761066
    },
    "melbands_kurtosis": {
        "dmean": 4.4685344696,
        "dmean2": 6.91346788406,
        "dvar": 40.3924026489,
        "dvar2": 95.5430450439,
        "max": 116.093818665,
        "mean": 8.48963260651,
        "median": 5.7324924469,
        "min": -1.80007314682,
        "var": 92.1886825562
    },
    "melbands_skewness": {
        "dmean": 0.574805021286,
        "dmean2": 0.863431572914,
        "dvar": 0.356260418892,
        "dvar2": 0.763204693794,
        "max": 8.08153629303,
        "mean": 2.07645535469,
        "median": 1.95300340652,
        "min": -3.01709342003,
        "var": 1.32022750378
    },
    "melbands_spread": {
        "dmean": 4.50350475311,
        "dmean2": 6.82483768463,
        "dvar": 44.1677017212,
        "dvar2": 101.38457489,
        "max": 195.638595581,
        "mean": 18.5587863922,
        "median": 15.8606319427,
        "min": 1.26091456413,
        "var": 207.965286255
    },
    "pitch_salience": {
        "dmean": 0.0647573024035,
        "dmean2": 0.0987609177828,
        "dvar": 0.00393409002572,
        "dvar2": 0.00857367366552,
        "max": 0.85214060545,
        "mean": 0.57321202755,
        "median": 0.587808012962,
        "min": 0.0942980870605,
        "var": 0.0138436900452
    },
    "silence_rate_20dB": {
        "dmean": 0,
        "dmean2": 0,
        "dvar": 0,
        "dvar2": 0,
        "max": 1,
        "mean": 1,
        "median": 1,
        "min": 1,
        "var": 0
    },
    "silence_rate_30dB": {
        "dmean": 0.0153096728027,
        "dmean2": 0.0306228976697,
        "dvar": 0.0150752319023,
        "dvar2": 0.0375727973878,
        "max": 1,
        "mean": 0.987127423286,
        "median": 1,
        "min": 0,
        "var": 0.0127075016499
    },
    "silence_rate_60dB": {
        "dmean": 0.0139178847894,
        "dmean2": 0.0278389975429,
        "dvar": 0.0137219633907,
        "dvar2": 0.0344892069697,
        "max": 1,
        "mean": 0.223820015788,
        "median": 0,
        "min": 0,
        "var": 0.173732534051
    },
    "spectral_centroid": {
        "dmean": 170.977706909,
        "dmean2": 257.682678223,
        "dvar": 52704.1914062,
        "dvar2": 115529.507812,
        "max": 11106.2490234,
        "mean": 954.899841309,
        "median": 810.951843262,
        "min": 265.247589111,
        "var": 335185.90625
    },
    "spectral_complexity": {
        "dmean": 3.3446996212,
        "dmean2": 5.02725887299,
        "dvar": 17.5192508698,
        "dvar2": 37.3646011353,
        "max": 58,
        "mean": 16.9095439911,
        "median": 16,
        "min": 0,
        "var": 127.485427856
    },
    "spectral_decrease": {
        "dmean": 2.20935314488e-09,
        "dmean2": 3.48040885001e-09,
        "dvar": 1.16587393298e-17,
        "dvar2": 2.91814596294e-17,
        "max": 6.21411528059e-29,
        "mean": -6.86162060504e-09,
        "median": -5.06190778182e-09,
        "min": -4.46236612106e-08,
        "var": 4.67759519091e-17
    },
    "spectral_energy": {
        "dmean": 0.00879689119756,
        "dmean2": 0.0138786397874,
        "dvar": 0.000180941846338,
        "dvar2": 0.000455036759377,
        "max": 0.170750781894,
        "mean": 0.0274615772069,
        "median": 0.0201759133488,
        "min": 1.02327306638e-20,
        "var": 0.000731156789698
    },
    "spectral_energyband_high": {
        "dmean": 0.000405030179536,
        "dmean2": 0.000618688354734,
        "dvar": 5.69846406506e-07,
        "dvar2": 1.25764915992e-06,
        "max": 0.00848857499659,
        "mean": 0.000583866029046,
        "median": 0.000154887020472,
        "min": 7.3188148961e-21,
        "var": 9.5173140835e-07
    },
    "spectral_energyband_low": {
        "dmean": 0.00502928113565,
        "dmean2": 0.00765840243548,
        "dvar": 0.000102983009128,
        "dvar2": 0.000234478575294,
        "max": 0.152417317033,
        "mean": 0.0101909693331,
        "median": 0.00450849486515,
        "min": 1.41191918315e-23,
        "var": 0.000291757867672
    },
    "spectral_energyband_middle_high": {
        "dmean": 0.00193884980399,
        "dmean2": 0.00300243939273,
        "dvar": 8.78304763319e-06,
        "dvar2": 2.15638501686e-05,
        "max": 0.0560184121132,
        "mean": 0.00504858419299,
        "median": 0.00308887078427,
        "min": 1.43409207527e-21,
        "var": 3.52955430571e-05
    },
    "spectral_energyband_middle_low": {
        "dmean": 0.00487748067826,
        "dmean2": 0.00767100509256,
        "dvar": 7.87158714957e-05,
        "dvar2": 0.000196717606741,
        "max": 0.116221629083,
        "mean": 0.0126186423004,
        "median": 0.00910195987672,
        "min": 2.24436455873e-22,
        "var": 0.00016986214905
    },
    "spectral_entropy": {
        "dmean": 0.277406841516,
        "dmean2": 0.390304207802,
        "dvar": 0.0943251773715,
        "dvar2": 0.182031318545,
        "max": 9.81175708771,
        "mean": 7.30958604813,
        "median": 7.43440485001,
        "min": 4.52161550522,
        "var": 0.449820429087
    },
    "spectral_flux": {
        "dmean": 0.0210657641292,
        "dmean2": 0.0325564965606,
        "dvar": 0.00076538673602,
        "dvar2": 0.00164511648472,
        "max": 0.341082036495,
        "mean": 0.0723481923342,
        "median": 0.0674630850554,
        "min": 6.57711107799e-11,
        "var": 0.0033821479883
    },
    "spectral_kurtosis": {
        "dmean": 4.35608911514,
        "dmean2": 6.80951499939,
        "dvar": 53.5767822266,
        "dvar2": 124.888442993,
        "max": 125.775268555,
        "mean": 9.24274635315,
        "median": 5.34471607208,
        "min": -1.25174105167,
        "var": 146.16267395
    },
    "spectral_rms": {
        "dmean": 0.000714265566785,
        "dmean2": 0.00109974085353,
        "dvar": 8.29958821669e-07,
        "dvar2": 2.04423713512e-06,
        "max": 0.0129068251699,
        "mean": 0.00442830333486,
        "median": 0.0044366447255,
        "min": 3.15961254556e-12,
        "var": 7.18166620572e-06
    },
    "spectral_rolloff": {
        "dmean": 328.506866455,
        "dmean2": 553.472900391,
        "dvar": 890660.875,
        "dvar2": 2030963.125,
        "max": 19143.0175781,
        "mean": 1216.78308105,
        "median": 839.794921875,
        "min": 86.1328125,
        "var": 2777363.5
    },
    "spectral_skewness": {
        "dmean": 0.41567453742,
        "dmean2": 0.633127331734,
        "dvar": 0.264473170042,
        "dvar2": 0.592655181885,
        "max": 8.76220417023,
        "mean": 2.17197465897,
        "median": 1.89756333828,
        "min": -0.0488682538271,
        "var": 0.92899543047
    },
    "spectral_spread": {
        "dmean": 1041117.375,
        "dmean2": 1463074,
        "dvar": 1.76094458675e+12,
        "dvar2": 3.14220190106e+12,
        "max": 44989712,
        "mean": 4514579,
        "median": 4345813.5,
        "min": 594851.75,
        "var": 5.08407054336e+12
    },
    "spectral_strongpeak": {
        "dmean": 0.403603106737,
        "dmean2": 0.677541732788,
        "dvar": 0.488835453987,
        "dvar2": 1.15133607388,
        "max": 12.7917737961,
        "mean": 0.76774430275,
        "median": 0.453844547272,
        "min": 0,
        "var": 0.826576173306
    },
    "zerocrossingrate": {
        "dmean": 0.0116106960922,
        "dmean2": 0.0141087286174,
        "dvar": 0.000249821605394,
        "dvar2": 0.000305982335703,
        "max": 0.7421875,
        "mean": 0.0538135431707,
        "median": 0.04345703125,
        "min": 0.00634765625,
        "var": 0.00205218303017
    },
    "barkbands": {
        "dmean": [0.00032330371323, 0.00341137195937, 0.00245156115852, 0.00139913626481, 0.00213133194484, 0.00108362361789, 0.000982117489912, 0.000829115801025, 0.000862552085891, 0.000815374369267, 0.000255135266343, 0.000797321554273, 0.000215789856156, 0.000219224675675, 0.000160845549544, 0.000241127345362, 0.000169023624039, 0.000138315939694, 0.000105748309579, 6.7760629463e-05, 6.66963678668e-05, 5.73596880713e-05, 6.62141319481e-05, 7.94809238869e-05, 8.62435917952e-05, 4.7901950893e-05, 1.02728990896e-05],
        "dmean2": [0.000541253306437, 0.00535155180842, 0.00381450913846, 0.00231141713448, 0.00327480374835, 0.00182327267248, 0.00161514489446, 0.00122658070177, 0.00136638211552, 0.00131401314866, 0.000405626720749, 0.00124481797684, 0.000350496120518, 0.000364912033547, 0.000262301880866, 0.0004013965372, 0.000266509538051, 0.000226114440011, 0.000178113550646, 0.000109809887363, 0.000104141028714, 9.02907922864e-05, 0.000104092214315, 0.000123395831906, 0.000134257163154, 7.56824229029e-05, 1.71707251866e-05],
        "dvar": [3.77732760626e-07, 6.16632023593e-05, 4.63428841613e-05, 2.37420772464e-05, 1.47089858729e-05, 7.98073597252e-06, 5.74420937483e-06, 2.57449960372e-06, 2.89035961032e-06, 2.41638645093e-06, 2.28314050332e-07, 3.88090802517e-06, 1.3454298653e-07, 1.59861244242e-07, 1.01957688514e-07, 2.81439128003e-07, 1.64362177202e-07, 1.00590867191e-07, 6.35845083252e-08, 1.77195307316e-08, 1.62657229907e-08, 9.84560610817e-09, 1.06508375453e-08, 1.96295371069e-08, 5.5161567758e-08, 1.19992735748e-08, 7.13190728696e-10],
        "dvar2": [9.22305559925e-07, 0.000145892467117, 0.000103798789496, 6.06995708949e-05, 3.65196319763e-05, 2.24827708735e-05, 1.61719744938e-05, 5.4015117712e-06, 6.74465945849e-06, 6.28561110716e-06, 5.40158907825e-07, 9.03738236957e-06, 3.45561090853e-07, 4.38309598394e-07, 2.5114823643e-07, 7.58531427891e-07, 3.9996967871e-07, 2.40836499188e-07, 1.76856715939e-07, 4.4529180343e-08, 3.72591806297e-08, 2.26119922786e-08, 2.3602144239e-08, 4.3709139419e-08, 1.32280916887e-07, 2.87625052664e-08, 1.81523585052e-09],
        "max": [0.0085377311334, 0.107678845525, 0.0947264879942, 0.058569483459, 0.0660687759519, 0.0374500453472, 0.0415570028126, 0.0466930642724, 0.0517456866801, 0.0318372435868, 0.0149275409058, 0.0485486164689, 0.00798716023564, 0.00970821268857, 0.0085626533255, 0.0111001878977, 0.0115934824571, 0.0144649809226, 0.0039309184067, 0.00300617073663, 0.00202012900263, 0.000992714776658, 0.00144828064367, 0.00185436184984, 0.00237156986259, 0.00115708739031, 0.000324432941852],
        "mean": [0.000324727210682, 0.00571243837476, 0.0032488303259, 0.0015174736036, 0.00468745920807, 0.00173451297451, 0.00148239848204, 0.00154195155483, 0.00149431836326, 0.00128399860114, 0.000471618492156, 0.0013097494375, 0.000367632863345, 0.000346579297911, 0.00025809550425, 0.000389839988202, 0.000273524346994, 0.000213803359657, 0.000164218639839, 0.00011609831563, 9.83068239293e-05, 8.2420403487e-05, 9.25045387703e-05, 0.000103479120298, 9.10855524126e-05, 4.65190096293e-05, 7.9331048255e-06],
        "median": [4.59203365608e-05, 0.00179786467925, 0.00117614981718, 0.000470731989481, 0.00253908615559, 0.000913089956157, 0.000603416119702, 0.00076833483763, 0.000575185229536, 0.000565415248275, 0.000176865491085, 0.000398765143473, 0.00017559666594, 0.000140392323374, 9.82711353572e-05, 0.000109117638203, 5.98674305365e-05, 5.76561033085e-05, 3.95602146455e-05, 3.35837066814e-05, 2.58821419266e-05, 1.77437214006e-05, 1.9374077965e-05, 1.79211274371e-05, 1.34112724481e-05, 6.65597008265e-06, 3.66661055295e-07],
        "min": [3.70955135362e-24, 5.55411167615e-24, 3.55772008406e-24, 4.49808172613e-24, 2.52296934141e-23, 5.78963872117e-24, 1.4098403769e-23, 1.40362099752e-23, 2.04106683619e-23, 4.32246740467e-23, 4.79905361849e-23, 3.57931467802e-23, 4.1017072047e-23, 7.74578925631e-23, 1.24459279214e-22, 8.39408840108e-23, 1.02763370267e-22, 1.91246982375e-22, 1.85171390254e-22, 2.8478878323e-22, 2.75080442464e-22, 4.24757295033e-22, 5.54933076885e-22, 6.57429963627e-22, 9.97305067952e-22, 1.61232263814e-21, 2.20866109281e-21],
        "var": [3.84234681405e-07, 0.000132822315209, 5.65136979276e-05, 1.94660024135e-05, 3.87387663068e-05, 7.73729971115e-06, 6.51621303405e-06, 6.53633014736e-06, 6.66905998514e-06, 4.58670501757e-06, 6.4929116661e-07, 8.46960847412e-06, 2.67200192638e-07, 2.75822714002e-07, 2.0102157805e-07, 5.16418197094e-07, 3.62587570635e-07, 1.92789059383e-07, 1.02551432235e-07, 4.4019056844e-08, 3.04258342965e-08, 1.9691787756e-08, 2.35183303943e-08, 3.25831521764e-08, 5.24209262664e-08, 1.12765601301e-08, 5.67027147458e-10]
    },
    "erbbands": {
        "dmean": [0.0941393896937, 0.826774597168, 2.58166575432, 3.83204579353, 4.62956762314, 6.57436704636, 12.3031616211, 9.85876560211, 16.6481952667, 10.7765388489, 18.0201931, 16.8549518585, 24.2124652863, 16.8620910645, 17.5163917542, 21.7028656006, 10.6944255829, 8.46692943573, 10.2707796097, 8.42676830292, 12.9456663132, 10.4423646927, 7.937084198, 5.66057872772, 4.03427219391, 3.13842511177, 2.87946271896, 2.43483328819, 2.04470229149, 2.05189085007, 1.85542333126, 1.88466191292, 1.16965186596, 1.15055859089, 0.518331766129, 0.227232336998, 0.0814776271582, 0.0215514861047, 0.00156187079847, 3.28167443513e-05],
        "dmean2": [0.147535473108, 1.28724861145, 3.98160648346, 6.01064491272, 7.73750162125, 10.4425058365, 17.7505016327, 16.7608776093, 27.4380054474, 17.3598136902, 26.7542266846, 27.3785514832, 38.4851226807, 26.9362506866, 27.8296260834, 33.8617858887, 17.2390193939, 13.5929498672, 17.1046466827, 13.5475168228, 21.5251522064, 16.4674987793, 12.8229131699, 9.41307926178, 6.71782970428, 5.15551042557, 4.52976179123, 3.76078462601, 3.2441470623, 3.20687413216, 2.89562368393, 2.92843365669, 1.81739914417, 1.82399976254, 0.802906811237, 0.362454295158, 0.127453193069, 0.0345705077052, 0.00262305676006, 5.33772108611e-05],
        "dvar": [0.04883961007, 3.88045740128, 49.4623641968, 142.077926636, 182.383132935, 141.471237183, 451.447479248, 819.691894531, 1810.31433105, 415.079772949, 1155.69042969, 1104.43273926, 1838.44873047, 846.567932129, 1705.67956543, 2397.79882812, 344.208251953, 222.65675354, 370.883850098, 228.974868774, 932.140930176, 664.228942871, 404.760101318, 134.165328979, 98.7445220947, 38.3917694092, 32.6687736511, 21.5781497955, 13.1981134415, 12.4044055939, 7.88692426682, 8.03632926941, 6.6284122467, 10.228969574, 1.84568107128, 0.314180344343, 0.0315463878214, 0.00246181013063, 1.71871961356e-05, 4.59614213355e-09],
        "dvar2": [0.112991757691, 9.04805088043, 108.263664246, 337.511779785, 489.8644104, 374.481384277, 907.097595215, 2315.3762207, 5120.40673828, 1075.51013184, 2478.32104492, 2892.45874023, 4440.81298828, 2200.35717773, 4218.81298828, 5559.30273438, 866.396789551, 565.544433594, 1006.20922852, 578.912658691, 2531.45947266, 1624.8737793, 918.452819824, 368.61328125, 271.576873779, 97.7864303589, 77.05834198, 48.295124054, 31.5365562439, 27.4582996368, 17.0988121033, 18.0386333466, 15.427520752, 24.7657184601, 4.37614011765, 0.767635464668, 0.0743168443441, 0.00595134217292, 4.41196716565e-05, 1.15708012061e-08],
        "max": [3.55322909355, 29.2390823364, 97.319190979, 157.478713989, 223.027603149, 219.857849121, 456.231750488, 406.294219971, 733.812316895, 356.876342773, 871.178283691, 925.270568848, 826.980102539, 601.926269531, 1049.25097656, 1129.03979492, 473.564025879, 392.685272217, 449.369354248, 318.207885742, 749.439453125, 763.825500488, 1034.02172852, 161.152236938, 159.635772705, 115.584060669, 86.0965957642, 65.081489563, 39.9578323364, 45.356590271, 40.5229606628, 37.2293739319, 33.3932304382, 30.6879482269, 14.2046413422, 6.44825553894, 1.91371786594, 0.604830145836, 0.0514154806733, 0.000780612695962],
        "mean": [0.137688845396, 1.37290894985, 3.73051381111, 5.00972270966, 6.1304063797, 13.2028226852, 27.9602050781, 15.0649166107, 25.1552791595, 19.0056247711, 33.4997024536, 28.8647518158, 43.5071220398, 30.5048770905, 32.7465629578, 37.3139648438, 18.8633308411, 15.1401872635, 17.2261142731, 15.4582080841, 21.24259758, 18.2183666229, 13.0704336166, 9.09335327148, 6.65081834793, 5.31560850143, 4.36223363876, 3.63750863075, 2.97495865822, 2.84794378281, 2.57881641388, 2.42761683464, 1.49951446056, 1.19241595268, 0.553823947906, 0.22715626657, 0.0786052495241, 0.0188079606742, 0.00122366414871, 5.31717560079e-05],
        "median": [0.0356825254858, 0.461950182915, 1.29057705402, 1.87171733379, 2.93194770813, 7.29308843613, 11.8751583099, 7.60325479507, 10.581697464, 10.5862407684, 17.4632568359, 13.0978574753, 19.8505382538, 16.1533908844, 12.7688426971, 13.0329380035, 9.0029258728, 7.13197660446, 7.39088106155, 6.58881139755, 6.25464296341, 4.46199417114, 3.52609610558, 2.56674098969, 1.75804328918, 1.58608949184, 1.20112478733, 0.902139723301, 0.665745794773, 0.569171726704, 0.563255906105, 0.428481251001, 0.249612048268, 0.161209985614, 0.0857331678271, 0.0325764231384, 0.0113671943545, 0.00215683085844, 9.02457395568e-05, 3.14436147164e-05],
        "min": [3.34574179923e-23, 1.63268438766e-21, 5.30209565222e-21, 1.15087763122e-20, 3.4100863257e-20, 9.4559280971e-20, 4.46663733665e-20, 9.32403350219e-20, 2.47147194768e-19, 3.8446861148e-19, 5.66857206109e-19, 4.62747013442e-19, 9.60562452351e-19, 1.63238541437e-18, 1.63016091891e-18, 1.6966690319e-18, 2.04114157375e-18, 3.80806946572e-18, 4.81191145529e-18, 5.28410337206e-18, 4.4543675986e-18, 6.19916944316e-18, 9.39386256439e-18, 1.21063970696e-17, 1.23417555965e-17, 1.29801934456e-17, 1.15664896664e-17, 9.28559206683e-18, 1.42118662049e-17, 1.75527841789e-17, 1.56602760011e-17, 1.10260197803e-17, 1.09181479838e-17, 1.01709979227e-17, 7.57082515031e-18, 5.41358443489e-18, 2.80271042691e-18, 1.17652111232e-18, 2.80270194831e-19, 3.23290456161e-20],
        "var": [0.0894376784563, 8.01113891602, 68.8647918701, 148.470794678, 150.598022461, 296.194335938, 1804.33007812, 751.463745117, 1961.86779785, 748.226928711, 2747.77709961, 1951.10583496, 4539.10058594, 1875.73120117, 4086.30737305, 5552.39550781, 727.209533691, 447.198944092, 690.71661377, 526.183227539, 1650.91882324, 1515.66833496, 810.883789062, 242.051620483, 159.140899658, 86.1231536865, 61.7681427002, 41.8786048889, 25.6763477325, 25.1020793915, 17.4694137573, 15.2138156891, 8.96085548401, 9.48326396942, 1.8069498539, 0.289013385773, 0.030613720417, 0.00219266698696, 1.34149922815e-05, 5.28472110517e-09]
    },
    "gfcc": {
        "mean": [-54.3364334106, 109.605209351, -108.455253601, 8.37172031403, -58.6345825195, 8.01556110382, -38.7047080994, 5.59476947784, -24.4986381531, -1.33636617661, -15.4321975708, 2.5229640007, -8.5523223877],
        "cov": [[31606.9804688, -1054.17468262, 1256.90393066, 2056.39868164, -151.661453247, 2279.56591797, -323.509216309, 1402.34033203, 29.0442619324, 434.388671875, -458.231140137, 425.326782227, -388.86505127], [-1054.17468262, 2647.41918945, -620.878601074, -301.83682251, 241.547103882, -427.176025391, 143.570785522, -387.436340332, 113.815261841, -288.041137695, 199.962615967, -219.346801758, 180.614822388], [1256.90393066, -620.878601074, 700.946289062, 18.1812915802, -36.5210762024, 246.606842041, -65.7453994751, 152.695037842, -26.2225151062, 97.0581970215, -98.7190856934, 73.9244842529, -90.8800811768], [2056.39868164, -301.83682251, 18.1812915802, 531.07043457, 45.7669334412, 270.404083252, 58.9633712769, 186.912841797, 57.5615768433, 45.1803894043, -28.1827316284, 23.6637916565, -11.387254715], [-151.661453247, 241.547103882, -36.5210762024, 45.7669334412, 242.137496948, 22.6419734955, 85.1657180786, 18.408082962, 41.5651283264, -12.7467088699, 20.3132953644, -12.3334341049, 13.0328140259], [2279.56591797, -427.176025391, 246.606842041, 270.404083252, 22.6419734955, 410.616088867, 26.3362731934, 220.682434082, 23.3604717255, 80.3717651367, -53.9767341614, 58.7553710938, -50.1735496521], [-323.509216309, 143.570785522, -65.7453994751, 58.9633712769, 85.1657180786, 26.3362731934, 152.467926025, 36.1937599182, 48.1472053528, -14.8290529251, 21.4659862518, -16.7386665344, 20.483915329], [1402.34033203, -387.436340332, 152.695037842, 186.912841797, 18.408082962, 220.682434082, 36.1937599182, 247.750167847, 53.2462387085, 79.9558105469, -54.6449317932, 44.740978241, -33.5128860474], [29.0442619324, 113.815261841, -26.2225151062, 57.5615768433, 41.5651283264, 23.3604717255, 48.1472053528, 53.2462387085, 107.365486145, 23.2499351501, 18.6138477325, -18.3266887665, 13.5147695541], [434.388671875, -288.041137695, 97.0581970215, 45.1803894043, -12.7467088699, 80.3717651367, -14.8290529251, 79.9558105469, 23.2499351501, 115.214859009, 2.62713432312, 39.6529922485, -36.2576637268], [-458.231140137, 199.962615967, -98.7190856934, -28.1827316284, 20.3132953644, -53.9767341614, 21.4659862518, -54.6449317932, 18.6138477325, 2.62713432312, 101.593261719, 13.7030086517, 25.1781349182], [425.326782227, -219.346801758, 73.9244842529, 23.6637916565, -12.3334341049, 58.7553710938, -16.7386665344, 44.740978241, -18.3266887665, 39.6529922485, 13.7030086517, 93.0174636841, 7.28329515457], [-388.86505127, 180.614822388, -90.8800811768, -11.387254715, 13.0328140259, -50.1735496521, 20.483915329, -33.5128860474, 13.5147695541, -36.2576637268, 25.1781349182, 7.28329515457, 81.9216156006]],
        "icov": [[9.87153107417e-05, -0.000230046658544, 2.23743008974e-05, -0.000258561514784, 0.000160306633916, -0.000327348709106, 0.000338887795806, -0.000280934589682, 0.000186086952453, -0.000127266190248, 0.000362191320164, -0.000514416780788, 0.000386390340282], [-0.000230046658544, 0.00158458901569, 0.000115220202133, 0.00100790092256, -0.00104790669866, 0.000478977482999, -0.000609766459092, 0.00119656184688, -0.00149503990542, 0.00187679519877, -0.00224699289538, 0.0026822311338, -0.00168619910255], [2.23743008974e-05, 0.000115220202133, 0.00264653377235, 0.000845049624331, -0.000166261597769, -0.00155427120626, 0.000609653070569, 0.000195758970222, -0.000615086581092, -0.000265083275735, 0.00183107913472, -0.00156651902944, 0.0014684003545], [-0.000258561514784, 0.00100790092256, 0.000845049624331, 0.0042408076115, -0.000782610790338, -0.00144147209357, -0.000857922655996, -0.000140886200825, -0.00147061923053, 0.00115555420052, -0.00131051824428, 0.00206081313081, -0.00155038957018], [0.000160306633916, -0.00104790669866, -0.000166261597769, -0.000782610790338, 0.00596840074286, -0.00060127011966, -0.00211128289811, -0.000508297409397, -9.91369233816e-05, -0.000517323904205, 0.00099989620503, -0.00189533026423, 0.00142886559479], [-0.000327348709106, 0.000478977482999, -0.00155427120626, -0.00144147209357, -0.00060127011966, 0.00792260095477, -0.00167518411763, -0.00271808286197, 0.000894862983841, 4.56712732557e-05, -0.0013307047775, 0.000506325974129, -4.3063198973e-05], [0.000338887795806, -0.000609766459092, 0.000609653070569, -0.000857922655996, -0.00211128289811, -0.00167518411763, 0.0115689057857, -0.00341939344071, -0.00125247391406, 0.00199583615176, -0.00155722186901, 0.000377876771381, 6.33925519651e-05], [-0.000280934589682, 0.00119656184688, 0.000195758970222, -0.000140886200825, -0.000508297409397, -0.00271808286197, -0.00341939344071, 0.0144237978384, -0.00688300002366, -0.00229023769498, 0.00536959478632, -0.00309926876798, 0.000144749908941], [0.000186086952453, -0.00149503990542, -0.000615086581092, -0.00147061923053, -9.91369233816e-05, 0.000894862983841, -0.00125247391406, -0.00688300002366, 0.0189391504973, -0.0066528650932, -0.00326366443187, 0.00637687649578, -0.00427880696952], [-0.000127266190248, 0.00187679519877, -0.000265083275735, 0.00115555420052, -0.000517323904205, 4.56712732557e-05, 0.00199583615176, -0.00229023769498, -0.0066528650932, 0.0196855403483, -0.00604001339525, -0.00297385081649, 0.00572985969484], [0.000362191320164, -0.00224699289538, 0.00183107913472, -0.00131051824428, 0.00099989620503, -0.0013307047775, -0.00155722186901, 0.00536959478632, -0.00326366443187, -0.00604001339525, 0.0213023293763, -0.011365711689, 0.00246281735599], [-0.000514416780788, 0.0026822311338, -0.00156651902944, 0.00206081313081, -0.00189533026423, 0.000506325974129, 0.000377876771381, -0.00309926876798, 0.00637687649578, -0.00297385081649, -0.011365711689, 0.0262560434639, -0.0117668323219], [0.000386390340282, -0.00168619910255, 0.0014684003545, -0.00155038957018, 0.00142886559479, -4.3063198973e-05, 6.33925519651e-05, 0.000144749908941, -0.00427880696952, 0.00572985969484, 0.00246281735599, -0.0117668323219, 0.0224927235395]]
    },
    "melbands": {
        "dmean": [0.000883836182766, 0.00118785712402, 0.000627631205134, 0.000350988470018, 0.000438752525952, 0.00022219211678, 0.000233913291595, 0.000137616938446, 0.000142950826557, 0.00011561827705, 0.000130493877805, 8.22384026833e-05, 4.16162292822e-05, 9.69915708993e-05, 4.24906029366e-05, 2.1692863811e-05, 1.62354845088e-05, 1.93670221051e-05, 1.36315165946e-05, 1.48776825881e-05, 1.50819023474e-05, 1.31104234242e-05, 7.26330245016e-06, 6.02792397331e-06, 4.88026444145e-06, 4.08329515267e-06, 2.45805381383e-06, 2.22226958613e-06, 2.06639606404e-06, 1.49027812313e-06, 1.39377925734e-06, 1.16860451271e-06, 1.21216112348e-06, 1.19325591186e-06, 9.93267008198e-07, 1.42578812756e-06, 1.05385652205e-06, 7.86172677181e-07, 9.5639529718e-07, 9.98886321213e-07],
        "dmean2": [0.00136637047399, 0.00180082872976, 0.000956361356657, 0.000582541921176, 0.000633658724837, 0.00037716559018, 0.000387630687328, 0.000213564140722, 0.000215677995584, 0.000185920958756, 0.000207272503758, 0.000131636843435, 6.65588959237e-05, 0.000150410880451, 6.78424476064e-05, 3.55425290763e-05, 2.63089168584e-05, 3.26051194861e-05, 2.20243928197e-05, 2.43688336923e-05, 2.52430127148e-05, 2.06159293157e-05, 1.18805501188e-05, 9.77505897026e-06, 8.16468764242e-06, 6.92292087479e-06, 3.99595455747e-06, 3.67844700122e-06, 3.29730232806e-06, 2.35963375417e-06, 2.16802550312e-06, 1.88755313957e-06, 1.94527729036e-06, 1.88991998584e-06, 1.54657766416e-06, 2.32983484239e-06, 1.61960360856e-06, 1.22332050978e-06, 1.54341478265e-06, 1.58597686095e-06],
        "dvar": [3.89532851841e-06, 8.4873772721e-06, 3.38852260029e-06, 6.25137715815e-07, 5.65278810427e-07, 4.14263780613e-07, 3.63730322306e-07, 6.17038296014e-08, 6.9552193338e-08, 5.31542490023e-08, 5.3778183684e-08, 2.2054116755e-08, 6.72703581728e-09, 7.09193486159e-08, 1.133194516e-08, 1.65140845443e-09, 8.24676826827e-10, 1.51467427489e-09, 9.25615195602e-10, 1.06940734046e-09, 1.34402122764e-09, 1.23425225595e-09, 2.43759845642e-10, 1.94397886677e-10, 1.02614479414e-10, 1.13709687499e-10, 3.10580935969e-11, 2.11493340202e-11, 1.7618378978e-11, 8.23268796885e-12, 7.41119578901e-12, 4.65109548098e-12, 4.59576560835e-12, 4.3565316285e-12, 2.55324364082e-12, 4.72910295993e-12, 2.72882996581e-12, 2.86046728838e-12, 6.21388921221e-12, 7.9515864379e-12],
        "dvar2": [9.08319634618e-06, 1.86506640603e-05, 7.65521326684e-06, 1.69678855855e-06, 1.1366197441e-06, 1.17476179184e-06, 1.03366221538e-06, 1.44364776133e-07, 1.55918897349e-07, 1.3120025244e-07, 1.30691006461e-07, 5.82521302306e-08, 1.72360508088e-08, 1.61281150213e-07, 2.82944281338e-08, 4.36455627195e-09, 2.10989403726e-09, 4.19080814495e-09, 2.23155982582e-09, 2.87036261426e-09, 3.6865908104e-09, 2.98002889032e-09, 6.06878991505e-10, 4.43311581888e-10, 2.82364187587e-10, 3.17486009704e-10, 7.98497795662e-11, 5.65557913002e-11, 4.28416226106e-11, 1.91385275683e-11, 1.68124941052e-11, 1.13024893264e-11, 1.11712280051e-11, 9.99213732589e-12, 5.72280590971e-12, 1.15696324049e-11, 5.9681573919e-12, 6.73495851103e-12, 1.5023947364e-11, 1.94717662133e-11],
        "max": [0.0290696807206, 0.0419642291963, 0.0234042741358, 0.0128405895084, 0.016867954284, 0.00895288400352, 0.0102458857, 0.00605375692248, 0.00569077767432, 0.00750565947965, 0.00416516186669, 0.00271870521829, 0.00179118290544, 0.00682597141713, 0.00363752804697, 0.000964706065133, 0.000675877032336, 0.00100004021078, 0.00094465224538, 0.000847707793582, 0.000929570349399, 0.00103963864967, 0.000606899498962, 0.000681592791807, 0.000148102772073, 0.000173206761247, 0.000174390850589, 7.89482073742e-05, 6.00761413807e-05, 4.70790910185e-05, 3.73487382603e-05, 3.03148044623e-05, 2.70287710009e-05, 3.56679956894e-05, 2.53562375292e-05, 2.63432702923e-05, 2.04121261049e-05, 2.34108665609e-05, 2.74773992714e-05, 2.82226792478e-05],
        "mean": [0.00143739848863, 0.00197388906963, 0.000881098094396, 0.000598112936132, 0.00100222975016, 0.000342656858265, 0.000345834007021, 0.000248050317168, 0.000255602237303, 0.000196031105588, 0.000228853634326, 0.000139333191328, 8.02026843303e-05, 0.000158964452567, 5.94553930569e-05, 3.56923883373e-05, 2.6668438295e-05, 2.96572925436e-05, 2.15756717807e-05, 2.39070614043e-05, 2.28242242883e-05, 2.05213655136e-05, 1.17797626444e-05, 9.28008284973e-06, 7.28075610823e-06, 6.12384292253e-06, 3.91894900531e-06, 3.46410797647e-06, 3.06513561554e-06, 2.09840095522e-06, 2.01477951123e-06, 1.65113601724e-06, 1.60754098033e-06, 1.59359444751e-06, 1.39226608553e-06, 1.67961343323e-06, 1.39400754051e-06, 1.01862758584e-06, 1.03611284885e-06, 9.99232156573e-07],
        "median": [0.000432181463111, 0.000772887899075, 0.000381334335543, 0.000358191755367, 0.000431556836702, 0.000175832101377, 0.000143357741763, 0.00012983958004, 0.00012975280697, 7.60626935516e-05, 9.99832700472e-05, 6.77106145304e-05, 3.48820722138e-05, 4.26210390287e-05, 1.93061550817e-05, 1.5514484403e-05, 1.14134145406e-05, 1.11984454634e-05, 7.67618257669e-06, 7.45939541957e-06, 5.84248300584e-06, 4.0470085878e-06, 3.18598563354e-06, 2.56698422163e-06, 1.82474809662e-06, 1.38036193675e-06, 9.65294475463e-07, 9.51271601934e-07, 8.06846912837e-07, 5.30650538622e-07, 4.60460285012e-07, 3.62441085144e-07, 3.07538755351e-07, 2.99420264582e-07, 3.04544272467e-07, 3.19998974874e-07, 2.29859594469e-07, 1.70363648522e-07, 1.39030746027e-07, 1.31213610643e-07],
        "min": [1.04588746675e-24, 3.15855745209e-24, 2.77252383217e-24, 5.45996704356e-24, 2.21368253957e-24, 1.87299954701e-24, 3.76234586971e-24, 3.79616197013e-24, 5.28985589467e-24, 2.83477087405e-24, 4.5139492688e-24, 6.26711966102e-24, 5.91595310147e-24, 4.90786380638e-24, 7.29511428333e-24, 4.11628527534e-24, 6.86567970577e-24, 5.17181350983e-24, 6.36434282329e-24, 6.70816548225e-24, 4.84232484795e-24, 5.53449073328e-24, 6.04398088765e-24, 9.07425437098e-24, 1.01804345753e-23, 6.17560035754e-24, 1.1093956014e-23, 8.54856929666e-24, 6.56983951138e-24, 6.46358231403e-24, 4.51238219662e-24, 8.09531348634e-24, 8.42447910968e-24, 9.65247600387e-24, 1.01803075687e-23, 6.66211967121e-24, 6.46265382474e-24, 8.11359139352e-24, 6.31826388009e-24, 7.38390846682e-24],
        "var": [8.56842143548e-06, 1.54127719725e-05, 3.9442961679e-06, 6.8036194989e-07, 2.30568980442e-06, 3.68658930938e-07, 3.74465798814e-07, 1.4567072526e-07, 1.54169399025e-07, 1.09839547235e-07, 1.30227959971e-07, 4.35241531704e-08, 1.6862998109e-08, 1.55501652443e-07, 1.86917450407e-08, 3.04722136413e-09, 1.50943324506e-09, 2.46666331805e-09, 1.7697883159e-09, 1.85908988204e-09, 2.24794960424e-09, 2.51789167294e-09, 5.07375252923e-10, 3.66664004714e-10, 1.78578832277e-10, 1.59115595699e-10, 7.36238917054e-11, 3.93878887839e-11, 3.25729478112e-11, 1.44576451505e-11, 1.36722360863e-11, 8.19580080885e-12, 8.29138927655e-12, 8.52612598579e-12, 5.4943705835e-12, 7.25148109962e-12, 5.32717576648e-12, 4.05589494282e-12, 6.13260137117e-12, 7.14836089627e-12]
    },
    "mfcc": {
        "mean": [-692.12677002, 142.728897095, 8.1337480545, 4.91777086258, 0.984920740128, -1.83212304115, -2.912733078, 2.08260416985, -2.96846437454, -2.21526193619, -6.42683982849, -1.59871649742, -1.80680322647],
        "cov": [[20197.4589844, -474.114349365, 87.7071914673, 924.22833252, 644.602661133, 763.015991211, 472.310424805, 949.749084473, 720.312683105, 651.090454102, 433.316162109, 416.703338623, 152.856323242], [-474.114349365, 2010.35070801, -268.986724854, -44.7031478882, 27.0488357544, -68.4929580688, -21.8228797913, -57.963973999, -71.6461486816, -54.6650657654, -71.7262115479, -40.1854324341, -0.292760461569], [87.7071914673, -268.986724854, 388.534759521, -37.559753418, -1.06490969658, 34.6439056396, -13.94851017, 9.56871318817, 13.4218254089, 21.4212913513, 15.1741704941, 0.298367708921, -18.5797309875], [924.22833252, -44.7031478882, -37.559753418, 212.636947632, 60.7016792297, 62.2495651245, 51.6413879395, 80.5184402466, 70.9079589844, 59.3811721802, 32.2259216309, 33.2934608459, 13.7641687393], [644.602661133, 27.0488357544, -1.06490969658, 60.7016792297, 151.094741821, 64.4951553345, 41.7963294983, 59.105922699, 42.3743972778, 40.2576980591, 21.4388828278, 19.5877666473, 8.36814689636], [763.015991211, -68.4929580688, 34.6439056396, 62.2495651245, 64.4951553345, 142.862319946, 71.0391616821, 77.6641693115, 53.4586601257, 49.640625, 31.3873405457, 35.3220252991, 17.1277656555], [472.310424805, -21.8228797913, -13.94851017, 51.6413879395, 41.7963294983, 71.0391616821, 103.600059509, 79.7315597534, 42.0269927979, 27.847694397, 19.5569076538, 17.7441978455, 9.59695148468], [949.749084473, -57.963973999, 9.56871318817, 80.5184402466, 59.105922699, 77.6641693115, 79.7315597534, 159.193527222, 99.6886291504, 69.0608901978, 34.633644104, 33.3995056152, 4.94921207428], [720.312683105, -71.6461486816, 13.4218254089, 70.9079589844, 42.3743972778, 53.4586601257, 42.0269927979, 99.6886291504, 130.994033813, 85.6924057007, 42.735496521, 15.6438865662, -8.47339248657], [651.090454102, -54.6650657654, 21.4212913513, 59.3811721802, 40.2576980591, 49.640625, 27.847694397, 69.0608901978, 85.6924057007, 124.459609985, 62.7067680359, 19.620256424, -14.7468080521], [433.316162109, -71.7262115479, 15.1741704941, 32.2259216309, 21.4388828278, 31.3873405457, 19.5569076538, 34.633644104, 42.735496521, 62.7067680359, 95.850112915, 47.4978523254, 4.5640668869], [416.703338623, -40.1854324341, 0.298367708921, 33.2934608459, 19.5877666473, 35.3220252991, 17.7441978455, 33.3995056152, 15.6438865662, 19.620256424, 47.4978523254, 90.1335906982, 49.5613365173], [152.856323242, -0.292760461569, -18.5797309875, 13.7641687393, 8.36814689636, 17.1277656555, 9.59695148468, 4.94921207428, -8.47339248657, -14.7468080521, 4.5640668869, 49.5613365173, 87.8060684204]],
