{
"lowlevel": {
    "average_loudness": 0.971325755119,
    "barkbands_crest": {
        "dmean": 2.96488857269,
        "dmean2": 4.6147403717,
        "dvar": 7.88303995132,
        "dvar2": 17.8138523102,
        "max": 25.9218292236,
        "mean": 10.5170726776,
        "median": 9.42366790771,
        "min": 2.11743760109,
        "var": 22.5205535889
    },
    "barkbands_flatness_db": {
        "dmean": 0.0508253127337,
        "dmean2": 0.0712275952101,
        "dvar": 0.00251308875158,
        "dvar2": 0.00544207589701,
        "max": 0.535126149654,
        "mean": 0.160569608212,
        "median": 0.150718361139,
        "min": 0.0262819491327,
        "var": 0.00675782747567
    },
    "barkbands_kurtosis": {
        "dmean": 11.4195747375,
        "dmean2": 19.444606781,
        "dvar": 1401.14453125,
        "dvar2": 3693.54736328,
        "max": 600.00213623,
        "mean": 12.3149967194,
        "median": 4.09640455246,
        "min": -1.92524492741,
        "var": 1608.69042969
    },
    "barkbands_skewness": {
        "dmean": 1.07224476337,
        "dmean2": 1.71231901646,
        "dvar": 1.50538361073,
        "dvar2": 3.50643968582,
        "max": 15.022277832,
        "mean": 2.19838023186,
        "median": 1.97359883785,
        "min": -2.12072896957,
        "var": 3.4221394062
    },
    "barkbands_spread": {
        "dmean": 13.0108661652,
        "dmean2": 20.1942405701,
        "dvar": 216.244918823,
        "dvar2": 478.809631348,
        "max": 107.412147522,
        "mean": 26.0138225555,
        "median": 19.2757492065,
        "min": 0.127362146974,
        "var": 455.146728516
    },
    "dissonance": {
        "dmean": 0.0263256765902,
        "dmean2": 0.042302146554,
        "dvar": 0.000747054000385,
        "dvar2": 0.00187313405331,
        "max": 0.499999821186,
        "mean": 0.457262694836,
        "median": 0.466065526009,
        "min": 0.268203288317,
        "var": 0.00133061199449
    },
    "dynamic_complexity": 2.57253408432,
    "erbbands_crest": {
        "dmean": 2.8663713932,
        "dmean2": 4.32840585709,
        "dvar": 9.02937221527,
        "dvar2": 19.7097530365,
        "max": 25.5952682495,
        "mean": 8.83537769318,
        "median": 7.84641933441,
        "min": 2.65161132812,
        "var": 18.8962097168
    },
    "erbbands_flatness_db": {
        "dmean": 0.0294032618403,
        "dmean2": 0.0400738753378,
        "dvar": 0.000685720588081,
        "dvar2": 0.00130874488968,
        "max": 0.282954186201,
        "mean": 0.14264036715,
        "median": 0.137774348259,
        "min": 0.0623720511794,
        "var": 0.0017998580588
    },
    "erbbands_kurtosis": {
        "dmean": 1.84689486027,
        "dmean2": 2.88408589363,
        "dvar": 11.2609596252,
        "dvar2": 25.8366374969,
        "max": 33.1749000549,
        "mean": 1.01175022125,
        "median": -0.322564959526,
        "min": -1.79818999767,
        "var": 16.6342887878
    },
    "erbbands_skewness": {
        "dmean": 0.649338185787,
        "dmean2": 1.02442276478,
        "dvar": 0.585570573807,
        "dvar2": 1.5054872036,
        "max": 5.01829862595,
        "mean": 0.562092781067,
        "median": 0.384485244751,
        "min": -2.59045505524,
        "var": 1.07368266582
    },
    "erbbands_spread": {
        "dmean": 15.3562755585,
        "dmean2": 23.0677852631,
        "dvar": 269.733642578,
        "dvar2": 585.201477051,
        "max": 152.151626587,
        "mean": 49.7086448669,
        "median": 47.9471054077,
        "min": 5.54012823105,
        "var": 480.886260986
    },
    "hfc": {
        "dmean": 18.1156654358,
        "dmean2": 27.9896526337,
        "dvar": 754.721740723,
        "dvar2": 1674.16906738,
        "max": 225.913162231,
        "mean": 24.1527576447,
        "median": 12.0724887848,
        "min": 1.13334106838e-16,
        "var": 1206.38720703
    },
    "melbands_crest": {
        "dmean": 3.88526368141,
        "dmean2": 6.17355823517,
        "dvar": 13.1989202499,
        "dvar2": 33.046131134,
        "max": 35.084564209,
        "mean": 15.0801591873,
        "median": 13.8789424896,
        "min": 1.87671899796,
        "var": 33.5120544434
    },
    "melbands_flatness_db": {
        "dmean": 0.0636995583773,
        "dmean2": 0.0900130048394,
        "dvar": 0.00394648918882,
        "dvar2": 0.00886532943696,
        "max": 0.659173607826,
        "mean": 0.228716984391,
        "median": 0.217053055763,
        "min": 0.00521823763847,
        "var": 0.0112007185817
    },
    "melbands_kurtosis": {
        "dmean": 17.1019821167,
        "dmean2": 28.6330165863,
        "dvar": 986.649169922,
        "dvar2": 2225.94262695,
        "max": 467.405181885,
        "mean": 25.3712158203,
        "median": 15.100605011,
        "min": -1.32282102108,
        "var": 1679.05554199
    },
    "melbands_skewness": {
        "dmean": 1.13947832584,
        "dmean2": 1.8207167387,
        "dvar": 1.40844798088,
        "dvar2": 3.59015083313,
        "max": 13.3871822357,
        "mean": 3.46187114716,
        "median": 3.10813593864,
        "min": -0.416281700134,
        "var": 3.01407790184
    },
    "melbands_spread": {
        "dmean": 13.3376245499,
        "dmean2": 21.4671936035,
        "dvar": 310.076263428,
        "dvar2": 752.004455566,
        "max": 156.998626709,
        "mean": 23.5000400543,
        "median": 14.6743173599,
        "min": 0.137460947037,
        "var": 577.218444824
    },
    "pitch_salience": {
        "dmean": 0.0959794670343,
        "dmean2": 0.146954238415,
        "dvar": 0.00783170573413,
        "dvar2": 0.0175180695951,
        "max": 0.918778121471,
        "mean": 0.567585170269,
        "median": 0.594806671143,
        "min": 0.037970315665,
        "var": 0.0221841000021
    },
    "silence_rate_20dB": {
        "dmean": 0,
        "dmean2": 0,
        "dvar": 0,
        "dvar2": 0,
        "max": 1,
        "mean": 1,
        "median": 1,
        "min": 1,
        "var": 0
    },
    "silence_rate_30dB": {
        "dmean": 0,
        "dmean2": 0,
        "dvar": 0,
        "dvar2": 0,
        "max": 1,
        "mean": 1,
        "median": 1,
        "min": 1,
        "var": 0
    },
    "silence_rate_60dB": {
        "dmean": 0.0151761518791,
        "dmean2": 0.0303687639534,
        "dvar": 0.0149462129921,
        "dvar2": 0.0381240099669,
        "max": 1,
        "mean": 0.0292524378747,
        "median": 0,
        "min": 0,
        "var": 0.0283969920129
    },
    "spectral_centroid": {
        "dmean": 512.000488281,
        "dmean2": 837.547790527,
        "dvar": 355338.28125,
        "dvar2": 858069.5625,
        "max": 11300.7822266,
        "mean": 1371.36413574,
        "median": 1207.28747559,
        "min": 111.720855713,
        "var": 969139.0625
    },
    "spectral_complexity": {
        "dmean": 6.71869897842,
        "dmean2": 10.2960958481,
        "dvar": 58.454208374,
        "dvar2": 122.391105652,
        "max": 61,
        "mean": 15.1430120468,
        "median": 11,
        "min": 0,
        "var": 147.527893066
    },
    "spectral_decrease": {
        "dmean": 2.85908119402e-09,
        "dmean2": 4.51226567222e-09,
        "dvar": 1.02220705353e-17,
        "dvar2": 2.4590741233e-17,
        "max": 8.20448985019e-29,
        "mean": -6.3282037388e-09,
        "median": -5.46000489265e-09,
        "min": -3.0593920286e-08,
        "var": 1.96350062302e-17
    },
    "spectral_energy": {
        "dmean": 0.0119670061395,
        "dmean2": 0.0189217925072,
        "dvar": 0.00018233100127,
        "dvar2": 0.000429432519013,
        "max": 0.119320228696,
        "mean": 0.0260748267174,
        "median": 0.0223433449864,
        "min": 1.05446940771e-20,
        "var": 0.000344362313626
    },
    "spectral_energyband_high": {
        "dmean": 0.00173185765743,
        "dmean2": 0.00276091019623,
        "dvar": 8.32496516523e-06,
        "dvar2": 1.79775706783e-05,
        "max": 0.0213428065181,
        "mean": 0.00191200745758,
        "median": 0.000477046531159,
        "min": 7.72916837355e-21,
        "var": 1.29755389935e-05
    },
    "spectral_energyband_low": {
        "dmean": 0.00603325804695,
        "dmean2": 0.0098071936518,
        "dvar": 8.5222585767e-05,
        "dvar2": 0.000230272446061,
        "max": 0.0818134918809,
        "mean": 0.0100962296128,
        "median": 0.00544272596017,
        "min": 3.08785149417e-23,
        "var": 0.000136902715894
    },
    "spectral_energyband_middle_high": {
        "dmean": 0.00215370114893,
        "dmean2": 0.00330721191131,
        "dvar": 1.17679519462e-05,
        "dvar2": 2.39773944486e-05,
        "max": 0.033182695508,
        "mean": 0.00341705605388,
        "median": 0.0020921821706,
        "min": 1.394308646e-21,
        "var": 2.29036577366e-05
    },
    "spectral_energyband_middle_low": {
        "dmean": 0.00601372169331,
        "dmean2": 0.00901264604181,
        "dvar": 6.42719314783e-05,
        "dvar2": 0.00015502734459,
        "max": 0.0923090651631,
        "mean": 0.0118264751509,
        "median": 0.00832198746502,
        "min": 2.55805427727e-22,
        "var": 0.000119356154755
    },
    "spectral_entropy": {
        "dmean": 0.469094187021,
        "dmean2": 0.63218921423,
        "dvar": 0.190298780799,
        "dvar2": 0.359343856573,
        "max": 9.82074356079,
        "mean": 7.42933082581,
        "median": 7.4753537178,
        "min": 5.32897138596,
        "var": 0.499559164047
    },
    "spectral_flux": {
        "dmean": 0.0346910953522,
        "dmean2": 0.0487586222589,
        "dvar": 0.000900171289686,
        "dvar2": 0.00192424829584,
        "max": 0.318369686604,
        "mean": 0.0879199802876,
        "median": 0.0771549344063,
        "min": 6.53615980784e-11,
        "var": 0.00233454583213
    },
    "spectral_kurtosis": {
        "dmean": 2.28814506531,
        "dmean2": 3.60327649117,
        "dvar": 9.92861175537,
        "dvar2": 21.8323879242,
        "max": 30.6864547729,
        "mean": 3.88534903526,
        "median": 2.79152822495,
        "min": -1.24648320675,
        "var": 15.9052410126
    },
    "spectral_rms": {
        "dmean": 0.00117400486488,
        "dmean2": 0.00185832788702,
        "dvar": 1.3247320112e-06,
        "dvar2": 3.10994460051e-06,
        "max": 0.0107893459499,
        "mean": 0.00471197348088,
        "median": 0.00466887373477,
        "min": 3.20741436882e-12,
        "var": 3.23621497955e-06
    },
    "spectral_rolloff": {
        "dmean": 1286.60095215,
        "dmean2": 2193.51464844,
        "dvar": 4172470.25,
        "dvar2": 9638279,
        "max": 19186.0839844,
        "mean": 1912.20568848,
        "median": 753.662109375,
        "min": 64.599609375,
        "var": 6575370.5
    },
    "spectral_skewness": {
        "dmean": 0.414035081863,
        "dmean2": 0.628108680248,
        "dvar": 0.252758055925,
        "dvar2": 0.556385278702,
        "max": 4.50933885574,
        "mean": 1.52072906494,
        "median": 1.39623761177,
        "min": -0.0418794564903,
        "var": 0.468605935574
    },
    "spectral_spread": {
        "dmean": 1217982.25,
        "dmean2": 1634872,
        "dvar": 2.14354794906e+12,
        "dvar2": 3.7149933568e+12,
        "max": 42332216,
        "mean": 5758114,
        "median": 5178478,
        "min": 2063744.875,
        "var": 7.81723788902e+12
    },
    "spectral_strongpeak": {
        "dmean": 0.290246427059,
        "dmean2": 0.4852463305,
        "dvar": 0.163576021791,
        "dvar2": 0.35845464468,
        "max": 5.59452867508,
        "mean": 0.532057881355,
        "median": 0.350663542747,
        "min": 0,
        "var": 0.281516820192
    },
    "zerocrossingrate": {
        "dmean": 0.0228306557983,
        "dmean2": 0.0267800018191,
        "dvar": 0.000637601129711,
        "dvar2": 0.000953711569309,
        "max": 0.513671875,
        "mean": 0.0649771168828,
        "median": 0.05224609375,
        "min": 0.001953125,
        "var": 0.00299575435929
    },
    "barkbands": {
        "dmean": [0.000270035903668, 0.00404203217477, 0.00191769667435, 0.00169557461049, 0.00315198302269, 0.0013226098381, 0.000629953108728, 0.000706363818608, 0.000249961711233, 0.000376838550437, 0.00030234787846, 0.000315128796501, 0.000184491931577, 0.000211831225897, 0.000219386376557, 0.000202147290111, 0.000254229205893, 0.000224530434934, 0.000281208951492, 0.000252130092122, 0.000379127450287, 0.000302848959109, 0.000367919827113, 0.000244325434323, 0.000276090519037, 0.000128398562083, 1.6599585706e-06],
        "dmean2": [0.000395881652366, 0.00636673346162, 0.00329127558507, 0.00286213704385, 0.00485247094184, 0.00187571183778, 0.000918606761843, 0.00107221561484, 0.000405046332162, 0.000601307896432, 0.000493713479955, 0.000487332581542, 0.000292029959382, 0.000325899542077, 0.000343761552358, 0.000322537933243, 0.000420253840275, 0.000365163345123, 0.000469594553579, 0.000395649723941, 0.000631281174719, 0.000491902639624, 0.000605487439316, 0.000385300227208, 0.000454342138255, 0.000213773062569, 2.8744152587e-06],
        "dvar": [1.5509790785e-07, 3.76427342417e-05, 2.21659793169e-05, 1.38306158988e-05, 2.53695525316e-05, 4.88948944621e-06, 1.37331392125e-06, 1.18332468446e-06, 3.09697782086e-07, 4.69002287673e-07, 5.31545538252e-07, 3.18679809652e-07, 1.09995532682e-07, 1.71634837898e-07, 2.95862122357e-07, 1.69962731889e-07, 2.54038695857e-07, 1.71894001255e-07, 3.55461594381e-07, 2.50451677175e-07, 6.45802003874e-07, 3.62515635288e-07, 6.11391669736e-07, 1.93150285099e-07, 2.7099187605e-07, 6.89478127924e-08, 1.81281222672e-11],
        "dvar2": [3.72899961576e-07, 8.98806902114e-05, 6.29635615041e-05, 3.79762823286e-05, 6.72248206683e-05, 9.71499957814e-06, 2.23412030209e-06, 2.17374440581e-06, 8.1961172782e-07, 1.13725036499e-06, 9.58351279223e-07, 6.78293247347e-07, 2.5583588581e-07, 3.72565551743e-07, 6.88813940997e-07, 3.62664906106e-07, 6.33037359421e-07, 3.71601146298e-07, 8.11936956779e-07, 4.58671166825e-07, 1.62575918239e-06, 7.8858249708e-07, 1.48713820636e-06, 4.18529140234e-07, 6.73462238865e-07, 1.7632901006e-07, 4.82855630479e-11],
        "max": [0.00458747986704, 0.0624475926161, 0.0524723902345, 0.0399198792875, 0.0622022487223, 0.023136600852, 0.0198453869671, 0.0137362508103, 0.00683282362297, 0.00689364224672, 0.00868970062584, 0.00612866086885, 0.00324408430606, 0.00484917173162, 0.0067098098807, 0.00581092853099, 0.00521927652881, 0.00476778624579, 0.00721037620679, 0.006170978304, 0.00742029817775, 0.00519507052377, 0.00918228831142, 0.00398981245235, 0.00343801104464, 0.002116775373, 4.84065240016e-05],
        "mean": [0.000479923590319, 0.00631262362003, 0.00217331270687, 0.00193868437782, 0.00523344380781, 0.00219592661597, 0.000868281174917, 0.00123653525952, 0.000280082284007, 0.0004977362114, 0.000455012195744, 0.000475488923257, 0.00020658315043, 0.000229979370488, 0.000219953028136, 0.000222566595767, 0.000290285155643, 0.000304381101159, 0.000429961248301, 0.000338171492331, 0.000356507167453, 0.000355197349563, 0.000378056545742, 0.000255791092059, 0.000237891013967, 0.000101248464489, 1.21104471873e-06],
        "median": [0.000145825935761, 0.00217924499884, 0.000769144447986, 0.000761974602938, 0.00333207845688, 0.000960545730777, 0.000308714865241, 0.000355785421561, 9.10788367037e-05, 0.000109777822217, 7.6600452303e-05, 9.71095578279e-05, 4.78351248603e-05, 4.24692734668e-05, 3.54783405783e-05, 3.57554272341e-05, 7.7861121099e-05, 0.000125770719023, 5.59897889616e-05, 0.000150199412019, 3.95737879444e-05, 9.10626695259e-05, 4.19138123107e-05, 3.24258289766e-05, 2.9687431379e-05, 8.08089134807e-06, 1.49092453938e-08],
        "min": [3.37951877215e-24, 9.15150751943e-24, 8.12770174853e-24, 1.21941976734e-23, 3.31842386162e-23, 3.33459961226e-23, 2.22274260707e-23, 2.64590479379e-23, 3.26337336113e-23, 1.49305021404e-23, 1.91689460768e-23, 3.79331118459e-23, 4.95887873115e-23, 7.67305438758e-23, 1.33052259013e-22, 1.04828216842e-22, 1.26011568149e-22, 1.59156436295e-22, 1.72147258843e-22, 1.97538192271e-22, 3.61043006581e-22, 3.24526950822e-22, 5.79378020937e-22, 7.1133715855e-22, 1.11065708465e-21, 1.36513205113e-21, 2.25869784583e-21],
        "var": [4.82471818941e-07, 8.45379981911e-05, 1.77640631591e-05, 1.22992241813e-05, 3.50700283889e-05, 1.04657974589e-05, 2.92715299111e-06, 2.93476864499e-06, 2.86191834675e-07, 7.02104898664e-07, 1.37389940846e-06, 6.69231781103e-07, 1.54433877242e-07, 2.44789589487e-07, 3.54158260052e-07, 2.72369504728e-07, 3.0911144222e-07, 2.62167503706e-07, 7.14482723652e-07, 4.64899983399e-07, 7.04410183516e-07, 5.69236135561e-07, 7.53934955355e-07, 2.84733346234e-07, 2.46829415573e-07, 5.47808127749e-08, 1.32156082952e-11]
    },
    "erbbands": {
        "dmean": [0.153339996934, 0.815849840641, 1.83705770969, 4.66066884995, 6.44340848923, 12.202911377, 15.1973190308, 9.5743932724, 10.5535097122, 8.72933864594, 15.5136356354, 5.95365571976, 8.07567882538, 10.5677614212, 15.7082490921, 12.5241127014, 7.71389722824, 10.5854387283, 12.2293605804, 10.5331411362, 11.0973749161, 13.64793396, 11.6241378784, 12.156867981, 14.3564815521, 12.9014091492, 13.4966135025, 15.4768009186, 11.2396030426, 10.6611061096, 10.5974168777, 5.65014314651, 4.3111538887, 3.16130948067, 1.68062436581, 0.830403983593, 0.205597251654, 0.0229617562145, 0.000456973270047, 3.61136699212e-05],
        "dmean2": [0.226418733597, 1.31557965279, 3.08267951012, 7.8896484375, 9.83521175385, 19.6660785675, 22.4645385742, 13.4849100113, 15.2058334351, 13.3809604645, 23.7177886963, 9.69398784637, 13.0148763657, 16.9008369446, 24.5082950592, 19.5085258484, 12.2163305283, 16.3764324188, 19.2847270966, 16.2683372498, 18.2992458344, 22.5406913757, 18.6865348816, 20.1259975433, 23.7781925201, 20.0867061615, 22.6213607788, 25.7282924652, 18.6323471069, 17.20129776, 17.1100902557, 8.96918201447, 6.9151301384, 5.22415065765, 2.75598669052, 1.39597845078, 0.34204518795, 0.0381709858775, 0.00075506651774, 5.72705721424e-05],
        "dvar": [0.0572820045054, 1.67679798603, 14.6212482452, 132.035614014, 78.5453567505, 509.954772949, 768.96875, 229.452713013, 415.720947266, 329.24206543, 598.407287598, 172.256118774, 241.064834595, 302.769317627, 1310.46276855, 446.857330322, 186.381286621, 399.750427246, 935.34185791, 481.191864014, 408.138977051, 707.266967773, 378.407897949, 742.898376465, 774.302612305, 597.998779297, 745.595458984, 1068.60827637, 485.324462891, 531.111877441, 469.679168701, 108.380226135, 61.3661727905, 32.7552223206, 11.4415035248, 3.19637846947, 0.179687514901, 0.0019669495523, 7.23138668945e-07, 2.67152144851e-09],
        "dvar2": [0.12670879066, 4.20804357529, 40.9957046509, 367.386962891, 190.749938965, 1372.35644531, 1686.9387207, 435.368164062, 628.843933105, 639.732849121, 1059.99230957, 462.173065186, 635.437011719, 659.873657227, 2405.17333984, 979.896972656, 434.135528564, 940.208129883, 2105.8840332, 945.720031738, 969.033691406, 1767.60742188, 808.592590332, 1675.31933594, 1656.32519531, 1059.21044922, 1796.80651855, 2639.59033203, 1094.40917969, 1227.00415039, 1151.92382812, 236.439376831, 139.712173462, 80.561630249, 28.4885101318, 8.32853031158, 0.456769675016, 0.00490600056946, 1.80130700755e-06, 6.64803812001e-09],
        "max": [2.19450354576, 15.0736579895, 39.9841804504, 119.75831604, 108.387199402, 253.720504761, 383.377471924, 191.306732178, 341.718322754, 260.977386475, 346.014343262, 164.720550537, 154.850738525, 124.607559204, 600.436706543, 241.420059204, 120.972007751, 242.872589111, 386.091369629, 239.68951416, 240.132583618, 274.148834229, 208.695419312, 290.903289795, 347.23928833, 309.051055908, 275.264282227, 307.236846924, 195.384552002, 224.491394043, 270.047180176, 85.5236434937, 67.75756073, 44.1637649536, 22.6713161469, 13.8474693298, 3.21423387527, 0.326937347651, 0.00601650075987, 0.000364952749806],
        "mean": [0.24039940536, 1.18430936337, 2.28437161446, 5.4363899231, 10.0330524445, 17.7067451477, 23.5783729553, 15.9140834808, 15.1181755066, 13.0170383453, 28.7149410248, 7.73588371277, 10.1444063187, 14.949634552, 25.3084754944, 20.0038909912, 9.12944507599, 11.4827919006, 12.6451387405, 12.0669021606, 11.8642282486, 15.9103755951, 16.5583553314, 16.8835945129, 22.1572284698, 17.3170375824, 14.6027593613, 14.7842721939, 12.6637487411, 12.1202869415, 10.5481672287, 6.03359031677, 4.23031759262, 2.85279941559, 1.41822826862, 0.649194955826, 0.15981566906, 0.0177661515772, 0.000369131856132, 5.00601236126e-05],
        "median": [0.0700116679072, 0.379143238068, 0.955578684807, 2.04717111588, 5.78692770004, 9.48543834686, 10.0287694931, 6.68578720093, 5.44869804382, 6.51902008057, 7.67946767807, 4.76416063309, 3.32474589348, 4.34256744385, 6.06771564484, 4.87668848038, 3.36323904991, 2.62623500824, 2.44364023209, 1.98377490044, 2.4065144062, 4.57287406921, 7.81511116028, 5.20345878601, 2.79429268837, 6.37959575653, 3.33234524727, 2.026222229, 2.51777505875, 2.8543446064, 1.176820755, 0.970341086388, 0.452182859182, 0.405578494072, 0.149458706379, 0.0527061894536, 0.0121030639857, 0.00120882247575, 4.1173392674e-05, 3.23907443089e-05],
        "min": [4.87973250585e-22, 1.11157594983e-21, 6.38099362596e-21, 2.79280828658e-20, 5.4161524688e-20, 9.88122365528e-20, 2.09890385442e-19, 3.39758051806e-19, 3.43170430327e-19, 6.54309997492e-19, 5.94866368831e-19, 7.10988102871e-19, 6.95967278429e-19, 1.03055682142e-18, 1.55062005839e-18, 1.76560998646e-18, 2.0138334466e-18, 4.08586773469e-18, 3.90530413314e-18, 6.00414631091e-18, 3.84380987204e-18, 7.44055082128e-18, 7.90958456247e-18, 8.86224268369e-18, 8.43619255584e-18, 9.66885296877e-18, 1.37911249222e-17, 1.39926219835e-17, 1.10919038889e-17, 1.47693148002e-17, 1.60764189867e-17, 1.52409400983e-17, 1.31455021823e-17, 1.10749921813e-17, 8.72100490282e-18, 4.72728963786e-18, 3.05813925058e-18, 1.12883218545e-18, 3.09915908546e-19, 3.14390897498e-20],
        "var": [0.138086348772, 3.25638175011, 14.7014827728, 107.093154907, 141.678009033, 592.261169434, 1410.12695312, 504.53213501, 906.41192627, 584.272705078, 1561.27636719, 150.713302612, 270.45010376, 549.31427002, 3368.22558594, 1041.49414062, 271.280059814, 505.411529541, 1104.85705566, 792.68145752, 594.331176758, 890.393615723, 648.740966797, 1166.41809082, 1725.05029297, 1168.23046875, 951.544128418, 1185.65332031, 707.320800781, 786.72857666, 568.573242188, 161.983688354, 78.278213501, 33.4218406677, 9.95292854309, 2.43105053902, 0.142237856984, 0.00162258720957, 6.09488949976e-07, 2.8793003537e-09]
    },
    "gfcc": {
        "mean": [-15.1559181213, 83.9289932251, -88.9084625244, 44.9409179688, -68.4565658569, 13.1994085312, -39.473903656, 7.82418775558, -30.3351840973, 2.29537248611, -14.3549852371, 6.36331987381, -11.4618167877],
        "cov": [[12557.0664062, -1735.03808594, -1525.89416504, 88.8535690308, -654.019165039, 222.51902771, -684.279724121, 310.492034912, -458.068481445, 139.439254761, -216.462234497, 134.236633301, -214.778915405], [-1735.03808594, 1911.9642334, 235.844528198, -4.73844671249, 136.316772461, -196.33052063, 268.864501953, -293.437530518, 173.873474121, -87.1218109131, 69.8369598389, -87.2757644653, 167.236114502], [-1525.89416504, 235.844528198, 1058.67419434, 116.676460266, 188.10496521, 159.258010864, 148.671051025, 10.982006073, 77.3478240967, -10.8753871918, -28.243730545, 46.3883056641, 12.7229452133], [88.8535690308, -4.73844671249, 116.676460266, 462.072570801, 96.0220870972, 101.169464111, 152.565475464, 81.6108169556, 78.6122894287, -15.7266817093, 46.7256889343, -35.7801551819, -12.3791351318], [-654.019165039, 136.316772461, 188.10496521, 96.0220870972, 297.801452637, 148.450149536, 113.943138123, 25.3038234711, 77.1786422729, 25.3864421844, 46.7136802673, 33.7957992554, 63.6894454956], [222.51902771, -196.33052063, 159.258010864, 101.169464111, 148.450149536, 240.527923584, 89.7220001221, 81.149848938, -2.75579118729, 29.786813736, 21.7617511749, 74.6547012329, 18.542886734], [-684.279724121, 268.864501953, 148.671051025, 152.565475464, 113.943138123, 89.7220001221, 272.178497314, 60.3547477722, 43.910900116, -15.075334549, 88.4141082764, 24.2768688202, 10.5462312698], [310.492034912, -293.437530518, 10.982006073, 81.6108169556, 25.3038234711, 81.149848938, 60.3547477722, 203.099395752, 3.32382965088, 8.23286819458, 39.3136634827, 31.2087554932, -63.8541107178], [-458.068481445, 173.873474121, 77.3478240967, 78.6122894287, 77.1786422729, -2.75579118729, 43.910900116, 3.32382965088, 170.822509766, 50.3670730591, 3.67997479439, -36.1275749207, 49.7975196838], [139.439254761, -87.1218109131, -10.8753871918, -15.7266817093, 25.3864421844, 29.786813736, -15.075334549, 8.23286819458, 50.3670730591, 102.80581665, 29.2146205902, 1.79605996609, -9.01538467407], [-216.462234497, 69.8369598389, -28.243730545, 46.7256889343, 46.7136802673, 21.7617511749, 88.4141082764, 39.3136634827, 3.67997479439, 29.2146205902, 139.783843994, 24.8822116852, -26.3111858368], [134.236633301, -87.2757644653, 46.3883056641, -35.7801551819, 33.7957992554, 74.6547012329, 24.2768688202, 31.2087554932, -36.1275749207, 1.79605996609, 24.8822116852, 111.201095581, 59.3618392944], [-214.778915405, 167.236114502, 12.7229452133, -12.3791351318, 63.6894454956, 18.542886734, 10.5462312698, -63.8541107178, 49.7975196838, -9.01538467407, -26.3111858368, 59.3618392944, 180.637680054]],
        "icov": [[0.000233016035054, -0.000306504720356, 0.000349558482412, -0.000485294411192, 0.000507008342538, -0.000697957351804, 0.000810122583061, -0.000601844512857, 0.000622698455118, -0.000827498442959, 0.000633624440525, -0.000547506846488, 0.000195037355297], [-0.000306504720356, 0.00198657414876, -0.000671063549817, 0.00120999885257, -0.00110264122486, 0.00204063626006, -0.00291604571976, 0.00290727126412, -0.00211241445504, 0.00270096235909, -0.00183265772648, 0.00145010126289, -0.000722529657651], [0.000349558482412, -0.000671063549817, 0.00194931786973, -0.000914219883271, 0.000245350704063, -0.00155740836635, 0.000875725061633, -0.000192587758647, -0.000295166944852, -0.000718603725545, 0.00233042892069, -0.00297811650671, 0.00215474399738], [-0.000485294411192, 0.00120999885257, -0.000914219883271, 0.00490362476557, -0.000541367568076, -0.000573068507947, -0.00306377606466, 0.00107577943709, -0.00313806068152, 0.00434528524056, -0.00323441298679, 0.00482589099556, -0.00146301300265], [0.000507008342538, -0.00110264122486, 0.000245350704063, -0.000541367568076, 0.00848162733018, -0.00685261376202, 0.00211445032619, -0.00159484846517, -0.000720356532838, -0.000757314555813, -0.00152524723671, 0.00140319461934, -0.00192744913511], [-0.000697957351804, 0.00204063626006, -0.00155740836635, -0.000573068507947, -0.00685261376202, 0.0151740051806, -0.00575430085883, 0.00117851432879, 0.0015558230225, -0.00254613230936, 0.00230445107445, -0.00432588951662, 0.000163585602422], [0.000810122583061, -0.00291604571976, 0.000875725061633, -0.00306377606466, 0.00211445032619, -0.00575430085883, 0.0123419715092, -0.00502345943823, 0.0016533350572, -0.000831225130241, -0.00164799788035, -0.00213925424032, 0.000705852522515], [-0.000601844512857, 0.00290727126412, -0.000192587758647, 0.00107577943709, -0.00159484846517, 0.00117851432879, -0.00502345943823, 0.0139891635627, -0.00825034175068, 0.00696054799482, -0.00225042924285, -0.00542671792209, 0.00643717497587], [0.000622698455118, -0.00211241445504, -0.000295166944852, -0.00313806068152, -0.000720356532838, 0.0015558230225, 0.0016533350572, -0.00825034175068, 0.0197719167918, -0.014134446159, 0.00356350117363, 0.00839102361351, -0.00881138537079], [-0.000827498442959, 0.00270096235909, -0.000718603725545, 0.00434528524056, -0.000757314555813, -0.00254613230936, -0.000831225130241, 0.00696054799482, -0.014134446159, 0.0237532686442, -0.00892085209489, 4.60313931399e-05, 0.0036688465625], [0.000633624440525, -0.00183265772648, 0.00233042892069, -0.00323441298679, -0.00152524723671, 0.00230445107445, -0.00164799788035, -0.00225042924285, 0.00356350117363, -0.00892085209489, 0.0171279963106, -0.0100635895506, 0.00604055123404], [-0.000547506846488, 0.00145010126289, -0.00297811650671, 0.00482589099556, 0.00140319461934, -0.00432588951662, -0.00213925424032, -0.00542671792209, 0.00839102361351, 4.60313931399e-05, -0.0100635895506, 0.0325114279985, -0.0177578851581], [0.000195037355297, -0.000722529657651, 0.00215474399738, -0.00146301300265, -0.00192744913511, 0.000163585602422, 0.000705852522515, 0.00643717497587, -0.00881138537079, 0.0036688465625, 0.00604055123404, -0.0177578851581, 0.0184095259756]]
    },
    "melbands": {
        "dmean": [0.00122233841103, 0.000939698773436, 0.000798367895186, 0.000645261665341, 0.000550880678929, 0.00021977792494, 0.00015338700905, 0.000105350824015, 0.000111162808025, 3.54975854862e-05, 4.324600377e-05, 4.60576702608e-05, 4.7843233915e-05, 4.35469191871e-05, 2.19535941142e-05, 1.66302852449e-05, 2.01897764782e-05, 2.0058148948e-05, 1.4652662685e-05, 1.53138662426e-05, 1.31676351884e-05, 1.63103577506e-05, 9.33621868171e-06, 1.15989578262e-05, 9.61391742749e-06, 1.39109297379e-05, 7.45580473449e-06, 8.92878051673e-06, 7.94411062088e-06, 8.62977594807e-06, 9.60618490353e-06, 6.5658659878e-06, 5.79539391765e-06, 6.24454560239e-06, 6.90773867973e-06, 4.66415622213e-06, 3.00828651234e-06, 2.96460211757e-06, 3.04432046505e-06, 2.55722079601e-06],
        "dmean2": [0.00187110342085, 0.00155796972103, 0.00132266723085, 0.00101553299464, 0.000828901829664, 0.000310555275064, 0.000222104848945, 0.000161685864441, 0.000169962659129, 5.8712430473e-05, 6.98473231751e-05, 7.33214765205e-05, 7.60511975386e-05, 6.64199324092e-05, 3.51125636371e-05, 2.62060220848e-05, 3.1597322959e-05, 3.19697137456e-05, 2.27640684898e-05, 2.36064151977e-05, 2.20898837142e-05, 2.71269618679e-05, 1.52518077812e-05, 1.86475863302e-05, 1.5985335267e-05, 2.27832060773e-05, 1.23924128275e-05, 1.3809887605e-05, 1.3286237845e-05, 1.44855048347e-05, 1.61582993314e-05, 1.10205073725e-05, 9.49783679971e-06, 1.03034390122e-05, 1.122365029e-05, 7.51578863856e-06, 4.86702356284e-06, 4.75210799777e-06, 5.00608257425e-06, 4.25689131589e-06],
        "dvar": [3.47199147654e-06, 2.7885430427e-06, 2.96955545309e-06, 1.01936905139e-06, 9.57428937909e-07, 1.27235622926e-07, 8.52541077734e-08, 4.17595664715e-08, 2.96308684256e-08, 7.36155802983e-09, 6.7655907543e-09, 6.34957997292e-09, 1.26917818477e-08, 5.50741674488e-09, 1.6598415975e-09, 8.09479205888e-10, 1.57207391549e-09, 2.48551401683e-09, 1.09215547717e-09, 1.33082889153e-09, 6.11923456351e-10, 1.26952015567e-09, 2.41683811852e-10, 4.26862684089e-10, 5.656399793e-10, 8.28776602901e-10, 2.44036790775e-10, 2.87821655398e-10, 2.39343961317e-10, 3.68051505939e-10, 4.33751867757e-10, 1.72235364859e-10, 1.36749833679e-10, 2.133552085e-10, 2.13973061491e-10, 8.67202837318e-11, 3.02623343051e-11, 3.25041833726e-11, 2.73964427533e-11, 2.40637475224e-11],
        "dvar2": [8.07946616987e-06, 7.81990365795e-06, 8.1829048213e-06, 2.70987834483e-06, 2.26499764722e-06, 2.41673632217e-07, 1.32364462502e-07, 8.12204703493e-08, 5.44558318438e-08, 1.99517771193e-08, 1.78748127411e-08, 1.37411628742e-08, 2.36275283783e-08, 1.1741054351e-08, 4.14792333814e-09, 1.83074633231e-09, 3.78935549605e-09, 5.55200019292e-09, 2.33299712882e-09, 2.65311572711e-09, 1.50949364119e-09, 3.2137064121e-09, 5.67509150784e-10, 9.07480757206e-10, 1.35975897209e-09, 1.80622006241e-09, 5.21853116275e-10, 4.90394724828e-10, 5.53205037335e-10, 9.25667764662e-10, 1.09679976212e-09, 4.06436856393e-10, 3.01621699839e-10, 5.3029841629e-10, 5.45892053783e-10, 2.03324065917e-10, 6.58794407915e-11, 7.59128732097e-11, 6.52799689305e-11, 6.06163452765e-11],
        "max": [0.0162940695882, 0.0149526689202, 0.017587384209, 0.00965103134513, 0.0140863377601, 0.00445521343499, 0.00477629899979, 0.00295424135402, 0.00232875067741, 0.00108555366751, 0.000842317822389, 0.000599115155637, 0.001616901136, 0.000999123672955, 0.000414980400819, 0.000308305374347, 0.000511519028805, 0.000607331807259, 0.000431105378084, 0.000568850140553, 0.00029207818443, 0.000361334095942, 0.00018845879822, 0.000248554482823, 0.000279973901343, 0.000372441892978, 0.000139160998515, 0.000229209384997, 0.000125435399241, 0.000259605323663, 0.000144273595652, 0.000112993482617, 0.000103089623735, 0.000130417436594, 0.000210575817619, 9.3991511676e-05, 4.76998502563e-05, 4.54583241662e-05, 3.78758886654e-05, 3.67334796465e-05],
        "mean": [0.00193213543389, 0.00133533263579, 0.00101711519528, 0.00101722369436, 0.000850995653309, 0.000365122803487, 0.00021912450029, 0.000165061821463, 0.000204080832191, 3.89704437112e-05, 5.41668960068e-05, 6.20205464656e-05, 7.26545695215e-05, 7.01922253938e-05, 2.74198355328e-05, 1.88399881154e-05, 2.1442072466e-05, 2.09514309972e-05, 1.53441069415e-05, 1.69561153598e-05, 1.3358340766e-05, 1.79270955414e-05, 1.24650041471e-05, 1.6065334421e-05, 1.12253128464e-05, 2.29000361287e-05, 8.32527348393e-06, 1.22045385069e-05, 9.00654140423e-06, 8.35882656247e-06, 8.76479134604e-06, 7.11972415957e-06, 6.63586752125e-06, 6.74152670399e-06, 6.53638471704e-06, 4.77340790894e-06, 3.1670269891e-06, 2.85207147499e-06, 2.84952648144e-06, 2.25212875193e-06],
        "median": [0.000646126572974, 0.000630496768281, 0.000480061076814, 0.000611526542343, 0.000392017973354, 0.000154009947437, 7.95952073531e-05, 8.7927794084e-05, 5.7079589169e-05, 1.35884183692e-05, 1.63637487276e-05, 1.3629816749e-05, 1.24409853015e-05, 1.41997679748e-05, 7.17549119145e-06, 4.54744849776e-06, 4.41287602371e-06, 3.76707976102e-06, 2.65474682237e-06, 2.18147533815e-06, 2.3247162062e-06, 4.39067025582e-06, 5.4322390497e-06, 5.90850140725e-06, 2.01182228921e-06, 2.11232941183e-06, 1.65664016549e-06, 4.83428902953e-06, 1.6692315512e-06, 7.47025183045e-07, 1.18529385418e-06, 1.21935920561e-06, 1.75841137207e-06, 1.32233049044e-06, 5.50795618892e-07, 8.06035473033e-07, 4.87501210955e-07, 2.66681013272e-07, 3.34250671585e-07, 3.50752742406e-07],
        "min": [3.31685402842e-24, 2.82328387598e-24, 6.39719059695e-24, 4.2605821344e-24, 8.23520850155e-24, 7.05266261728e-24, 4.84303876707e-24, 6.96827264422e-24, 3.9582527702e-24, 4.13991994249e-24, 3.11741441158e-24, 4.0387161881e-24, 3.9850523473e-24, 4.43756307849e-24, 3.70656433181e-24, 4.18940715923e-24, 7.30651569e-24, 5.47497867216e-24, 9.44812868613e-24, 7.74459302763e-24, 2.79626322061e-24, 7.25978514769e-24, 7.6653519497e-24, 5.80494498932e-24, 7.0371875329e-24, 5.86274443341e-24, 4.33124829429e-24, 5.06593181027e-24, 8.05429981902e-24, 7.65625953891e-24, 6.93211126033e-24, 5.05092333711e-24, 8.45038056865e-24, 8.25943363109e-24, 7.58399987999e-24, 7.34954568579e-24, 8.57285516849e-24, 8.46830901044e-24, 8.44796744314e-24, 8.58871916129e-24],
        "var": [8.17858381197e-06, 3.5120085613e-06, 2.64854702436e-06, 1.39720407333e-06, 1.56916405558e-06, 2.76081834727e-07, 1.81779896025e-07, 7.71172992131e-08, 7.53519984187e-08, 5.93385030001e-09, 7.74425412686e-09, 1.14951950181e-08, 3.2156837193e-08, 1.24009931213e-08, 2.3149895334e-09, 1.20058274433e-09, 1.85332127423e-09, 3.00164715306e-09, 1.48797474342e-09, 2.20497442527e-09, 8.32322377686e-10, 1.44447143136e-09, 3.80454973081e-10, 6.74715505689e-10, 7.68525965089e-10, 1.98574912069e-09, 3.69869107564e-10, 5.71883818079e-10, 3.34651445444e-10, 4.22282819823e-10, 4.33232116848e-10, 2.33750740986e-10, 2.05765585126e-10, 2.72943612156e-10, 2.29706004218e-10, 1.1257954291e-10, 4.514525212e-11, 3.91719851001e-11, 3.17796969296e-11, 2.2706342015e-11]
    },
    "mfcc": {
        "mean": [-664.547119141, 111.843681335, 31.7590141296, 30.3291072845, 1.12750673294, 6.30692052841, -0.801923930645, 3.50407981873, -6.17366075516, -5.35576725006, -0.903548657894, -1.10503685474, 1.23827195168],
        "cov": [[8632.18945312, -2127.43701172, -1055.44030762, -439.142486572, -28.8908691406, -362.568450928, -135.182418823, -195.207580566, -151.931182861, 27.6535778046, -190.456329346, 9.94275856018, -63.4786911011], [-2127.43701172, 1852.17858887, 193.334823608, 133.310409546, -120.947090149, 173.464401245, -59.1154441833, -41.0352058411, 51.9060707092, -106.732398987, 33.6363372803, -77.0907592773, -29.4508514404], [-1055.44030762, 193.334823608, 758.740722656, 166.452804565, 91.8795700073, 121.022636414, 96.2539596558, 139.647903442, 74.6094436646, 21.2697181702, 26.4638690948, 17.4844112396, 8.0381603241], [-439.142486572, 133.310409546, 166.452804565, 334.686248779, 35.6767692566, 107.658706665, 56.1989707947, 80.9458389282, 41.0415916443, 68.8254394531, 73.7158050537, 30.6388702393, 24.7769374847], [-28.8908691406, -120.947090149, 91.8795700073, 35.6767692566, 225.920166016, 80.2062911987, 58.7019271851, 52.3726844788, 53.2215766907, 45.9280548096, 2.80149841309, 30.546081543, 2.28167557716], [-362.568450928, 173.464401245, 121.022636414, 107.658706665, 80.2062911987, 218.232910156, 77.1640396118, 41.1793479919, 84.1282424927, 12.1499671936, 7.46004390717, 12.6070566177, -7.06295681], [-135.182418823, -59.1154441833, 96.2539596558, 56.1989707947, 58.7019271851, 77.1640396118, 211.53692627, 140.636032104, 8.09903144836, -3.57848334312, 53.8383369446, 31.4995384216, 44.1083221436], [-195.207580566, -41.0352058411, 139.647903442, 80.9458389282, 52.3726844788, 41.1793479919, 140.636032104, 188.563491821, 43.0357627869, 19.7595653534, 35.3090591431, 40.2629928589, 43.9007530212], [-151.931182861, 51.9060707092, 74.6094436646, 41.0415916443, 53.2215766907, 84.1282424927, 8.09903144836, 43.0357627869, 149.479507446, 29.3399925232, -52.3741531372, 33.0257873535, -37.3810768127], [27.6535778046, -106.732398987, 21.2697181702, 68.8254394531, 45.9280548096, 12.1499671936, -3.57848334312, 19.7595653534, 29.3399925232, 123.893730164, 69.260597229, 31.562921524, 14.7717905045], [-190.456329346, 33.6363372803, 26.4638690948, 73.7158050537, 2.80149841309, 7.46004390717, 53.8383369446, 35.3090591431, -52.3741531372, 69.260597229, 188.093566895, 24.5510082245, 63.4008789062], [9.94275856018, -77.0907592773, 17.4844112396, 30.6388702393, 30.546081543, 12.6070566177, 31.4995384216, 40.2629928589, 33.0257873535, 31.562921524, 24.5510082245, 81.4719009399, 19.091178894], [-63.4786911011, -29.4508514404, 8.0381603241, 24.7769374847, 2.28167557716, -7.06295681, 44.1083221436, 43.9007530212, -37.3810768127, 14.7717905045, 63.4008789062, 19.091178894, 108.211105347]],
