{
"lowlevel": {
    "average_loudness": 0.804771780968,
    "barkbands_crest": {
        "dmean": 2.62205958366,
        "dmean2": 4.15775728226,
        "dvar": 7.02456235886,
        "dvar2": 16.4343395233,
        "max": 25.6436042786,
        "mean": 9.26418209076,
        "median": 8.37421894073,
        "min": 2.0792427063,
        "var": 19.7349777222
    },
    "barkbands_flatness_db": {
        "dmean": 0.0280408002436,
        "dmean2": 0.0414407402277,
        "dvar": 0.00100662396289,
        "dvar2": 0.00206294935197,
        "max": 0.556837379932,
        "mean": 0.119738787413,
        "median": 0.103308960795,
        "min": 0.0109817124903,
        "var": 0.00426468532532
    },
    "barkbands_kurtosis": {
        "dmean": 4.58253288269,
        "dmean2": 6.81362390518,
        "dvar": 158.116867065,
        "dvar2": 259.15512085,
        "max": 623.532287598,
        "mean": 5.98596668243,
        "median": 0.91235268116,
        "min": -1.84099245071,
        "var": 411.480834961
    },
    "barkbands_skewness": {
        "dmean": 0.703644514084,
        "dmean2": 1.03812873363,
        "dvar": 0.734791100025,
        "dvar2": 1.40260112286,
        "max": 23.1674556732,
        "mean": 1.61760902405,
        "median": 1.33347463608,
        "min": -2.93774175644,
        "var": 3.07510781288
    },
    "barkbands_spread": {
        "dmean": 7.43181467056,
        "dmean2": 11.5048704147,
        "dvar": 67.698928833,
        "dvar2": 147.13684082,
        "max": 122.814453125,
        "mean": 27.9301280975,
        "median": 27.9125137329,
        "min": 0.246314093471,
        "var": 236.345458984
    },
    "dissonance": {
        "dmean": 0.0127326743677,
        "dmean2": 0.0213197749108,
        "dvar": 0.000275753118331,
        "dvar2": 0.00076810939936,
        "max": 0.500000119209,
        "mean": 0.477598816156,
        "median": 0.483582437038,
        "min": 0.185278534889,
        "var": 0.000508496363182
    },
    "dynamic_complexity": 3.69564151764,
    "erbbands_crest": {
        "dmean": 1.79960262775,
        "dmean2": 2.95731186867,
        "dvar": 3.43519067764,
        "dvar2": 8.4507598877,
        "max": 24.9505939484,
        "mean": 6.56385660172,
        "median": 5.7958984375,
        "min": 2.17577815056,
        "var": 8.24151802063
    },
    "erbbands_flatness_db": {
        "dmean": 0.0146729396656,
        "dmean2": 0.0217204298824,
        "dvar": 0.000303080567392,
        "dvar2": 0.000601321924478,
        "max": 0.436357915401,
        "mean": 0.135408908129,
        "median": 0.126952648163,
        "min": 0.0184312947094,
        "var": 0.00158961792476
    },
    "erbbands_kurtosis": {
        "dmean": 0.624960780144,
        "dmean2": 0.98537760973,
        "dvar": 1.24524378777,
        "dvar2": 2.91327953339,
        "max": 44.7560043335,
        "mean": -0.180607631803,
        "median": -0.471981048584,
        "min": -1.79379677773,
        "var": 2.49403953552
    },
    "erbbands_skewness": {
        "dmean": 0.325766295195,
        "dmean2": 0.499919176102,
        "dvar": 0.128447115421,
        "dvar2": 0.29416012764,
        "max": 5.03722906113,
        "mean": -0.175919011235,
        "median": -0.239637672901,
        "min": -2.52557468414,
        "var": 0.453271597624
    },
    "erbbands_spread": {
        "dmean": 9.12138843536,
        "dmean2": 13.9062843323,
        "dvar": 93.3833084106,
        "dvar2": 205.76171875,
        "max": 135.435699463,
        "mean": 47.7376441956,
        "median": 44.8682327271,
        "min": 1.56661963463,
        "var": 356.094543457
    },
    "hfc": {
        "dmean": 7.09601974487,
        "dmean2": 10.3817510605,
        "dvar": 104.879371643,
        "dvar2": 245.181488037,
        "max": 113.520072937,
        "mean": 18.5204982758,
        "median": 13.4817638397,
        "min": 1.10286330093e-16,
        "var": 278.061279297
    },
    "melbands_crest": {
        "dmean": 3.54172039032,
        "dmean2": 5.64484167099,
        "dvar": 11.6271820068,
        "dvar2": 28.5693340302,
        "max": 39.9165306091,
        "mean": 14.029050827,
        "median": 13.6513214111,
        "min": 1.73784542084,
        "var": 33.6452140808
    },
    "melbands_flatness_db": {
        "dmean": 0.0362262167037,
        "dmean2": 0.0532327331603,
        "dvar": 0.00162238674238,
        "dvar2": 0.00333969434723,
        "max": 0.709329068661,
        "mean": 0.180486530066,
        "median": 0.166970312595,
        "min": 0.00371325551532,
        "var": 0.00847289711237
    },
    "melbands_kurtosis": {
        "dmean": 15.0999269485,
        "dmean2": 22.7929019928,
        "dvar": 16648.7421875,
        "dvar2": 43577.5507812,
        "max": 9137.97949219,
        "mean": 22.9454669952,
        "median": 8.87673187256,
        "min": -1.67993366718,
        "var": 14030.1787109
    },
    "melbands_skewness": {
        "dmean": 1.01478219032,
        "dmean2": 1.49575555325,
        "dvar": 2.60319685936,
        "dvar2": 5.51751279831,
        "max": 87.9882049561,
        "mean": 3.26098823547,
        "median": 2.83104872704,
        "min": -1.26284742355,
        "var": 7.09655237198
    },
    "melbands_spread": {
        "dmean": 10.2463207245,
        "dmean2": 16.1221160889,
        "dvar": 167.591705322,
        "dvar2": 391.213287354,
        "max": 175.631607056,
        "mean": 31.7439746857,
        "median": 25.099697113,
        "min": 0.0668505802751,
        "var": 688.858398438
    },
    "pitch_salience": {
        "dmean": 0.0835807919502,
        "dmean2": 0.130285784602,
        "dvar": 0.00723467813805,
        "dvar2": 0.0160011034459,
        "max": 0.994102060795,
        "mean": 0.562533974648,
        "median": 0.579197645187,
        "min": 0.00492760166526,
        "var": 0.019110718742
    },
    "silence_rate_20dB": {
        "dmean": 0,
        "dmean2": 0,
        "dvar": 0,
        "dvar2": 0,
        "max": 1,
        "mean": 1,
        "median": 1,
        "min": 1,
        "var": 0
    },
    "silence_rate_30dB": {
        "dmean": 0.0243452601135,
        "dmean2": 0.0486965067685,
        "dvar": 0.0237543955445,
        "dvar2": 0.0573985241354,
        "max": 1,
        "mean": 0.979714751244,
        "median": 1,
        "min": 0,
        "var": 0.0198741406202
    },
    "silence_rate_60dB": {
        "dmean": 0.0425427258015,
        "dmean2": 0.0850959196687,
        "dvar": 0.0407316945493,
        "dvar2": 0.0911393091083,
        "max": 1,
        "mean": 0.107819028199,
        "median": 0,
        "min": 0,
        "var": 0.0961934402585
    },
    "spectral_centroid": {
        "dmean": 359.925323486,
        "dmean2": 552.194885254,
        "dvar": 205335.640625,
        "dvar2": 441301,
        "max": 11408.5361328,
        "mean": 1820.2154541,
        "median": 1837.63745117,
        "min": 110.32975769,
        "var": 1042321.875
    },
    "spectral_complexity": {
        "dmean": 5.24185419083,
        "dmean2": 7.69773721695,
        "dvar": 40.768032074,
        "dvar2": 79.9449234009,
        "max": 59,
        "mean": 19.707277298,
        "median": 18,
        "min": 0,
        "var": 161.90763855
    },
    "spectral_decrease": {
        "dmean": 3.06750891355e-09,
        "dmean2": 4.5087023004e-09,
        "dvar": 2.47905185858e-17,
        "dvar2": 4.8765205477e-17,
        "max": 1.74137270917e-21,
        "mean": -6.81541045822e-09,
        "median": -4.56598314713e-09,
        "min": -6.17579942741e-08,
        "var": 5.5095069457e-17
    },
    "spectral_energy": {
        "dmean": 0.0120394267142,
        "dmean2": 0.0176813434809,
        "dvar": 0.000369173387298,
        "dvar2": 0.000728084240109,
        "max": 0.235423803329,
        "mean": 0.027402875945,
        "median": 0.0187531113625,
        "min": 1.01260340584e-20,
        "var": 0.000830874603707
    },
    "spectral_energyband_high": {
        "dmean": 0.000493160972837,
        "dmean2": 0.000733149179723,
        "dvar": 5.04248305333e-07,
        "dvar2": 1.13184148631e-06,
        "max": 0.0126839345321,
        "mean": 0.00119005492888,
        "median": 0.000635009026155,
        "min": 7.09115120395e-21,
        "var": 1.99118562705e-06
    },
    "spectral_energyband_low": {
        "dmean": 0.00843606796116,
        "dmean2": 0.0123343942687,
        "dvar": 0.000276688864687,
        "dvar2": 0.000529973767698,
        "max": 0.228526830673,
        "mean": 0.0142577216029,
        "median": 0.00761017808691,
        "min": 2.67062485466e-23,
        "var": 0.000487903918838
    },
    "spectral_energyband_middle_high": {
        "dmean": 0.00162752729375,
        "dmean2": 0.00244823098183,
        "dvar": 6.06779349255e-06,
        "dvar2": 1.47073969856e-05,
        "max": 0.0285983067006,
        "mean": 0.00363031262532,
        "median": 0.0026340498589,
        "min": 1.22359854026e-21,
        "var": 1.24913149193e-05
    },
    "spectral_energyband_middle_low": {
        "dmean": 0.0067121614702,
        "dmean2": 0.0109103834257,
        "dvar": 0.000177356298082,
        "dvar2": 0.000445484998636,
        "max": 0.124728783965,
        "mean": 0.0105071784928,
        "median": 0.00570042803884,
        "min": 1.6898098574e-22,
        "var": 0.000209802892641
    },
    "spectral_entropy": {
        "dmean": 0.194904580712,
        "dmean2": 0.291753321886,
        "dvar": 0.0624639429152,
        "dvar2": 0.132830157876,
        "max": 9.82127761841,
        "mean": 7.64159584045,
        "median": 7.74768543243,
        "min": 4.05827522278,
        "var": 0.283609032631
    },
    "spectral_flux": {
        "dmean": 0.0318319760263,
        "dmean2": 0.0489620901644,
        "dvar": 0.0015897002304,
        "dvar2": 0.00305756903253,
        "max": 0.423232287169,
        "mean": 0.0863581299782,
        "median": 0.0663068369031,
        "min": 6.35290084428e-11,
        "var": 0.00439329817891
    },
    "spectral_kurtosis": {
        "dmean": 1.62740790844,
        "dmean2": 2.6405544281,
        "dvar": 23.3480739594,
        "dvar2": 43.9752120972,
        "max": 232.203369141,
        "mean": 4.63430261612,
        "median": 3.20391798019,
        "min": -1.27974808216,
        "var": 104.257751465
    },
    "spectral_rms": {
        "dmean": 0.00103245291393,
        "dmean2": 0.00149478390813,
        "dvar": 1.75734930963e-06,
        "dvar2": 3.24116444972e-06,
        "max": 0.0151552548632,
        "mean": 0.0045095034875,
        "median": 0.00427734944969,
        "min": 3.14309667702e-12,
        "var": 6.39883501208e-06
    },
    "spectral_rolloff": {
        "dmean": 662.107055664,
        "dmean2": 1090.07531738,
        "dvar": 942664,
        "dvar2": 2136742.5,
        "max": 19745.9472656,
        "mean": 2130.62475586,
        "median": 1722.65625,
        "min": 21.533203125,
        "var": 5019467.5
    },
    "spectral_skewness": {
        "dmean": 0.216250449419,
        "dmean2": 0.337249010801,
        "dvar": 0.114808164537,
        "dvar2": 0.233355283737,
        "max": 12.5838890076,
        "mean": 1.3722910881,
        "median": 1.28995454311,
        "min": -0.0787972062826,
        "var": 0.613838136196
    },
    "spectral_spread": {
        "dmean": 476818.25,
        "dmean2": 722513.4375,
        "dvar": 1.35010700493e+12,
        "dvar2": 2.96087243981e+12,
        "max": 43779988,
        "mean": 4647077.5,
        "median": 4531904,
        "min": 439097.71875,
        "var": 6.03729061478e+12
    },
    "spectral_strongpeak": {
        "dmean": 0.339892864227,
        "dmean2": 0.573036015034,
        "dvar": 0.334331065416,
        "dvar2": 0.82885324955,
        "max": 8.19656181335,
        "mean": 0.538940310478,
        "median": 0.336386114359,
        "min": 0,
        "var": 0.45358479023
    },
    "zerocrossingrate": {
        "dmean": 0.0131938001141,
        "dmean2": 0.0153472945094,
        "dvar": 0.000245551811531,
        "dvar2": 0.00032187422039,
        "max": 0.8515625,
        "mean": 0.0809217840433,
        "median": 0.06982421875,
        "min": 0.00048828125,
        "var": 0.00516478111967
    },
    "barkbands": {
        "dmean": [0.000166747151525, 0.00413593230769, 0.00528160529211, 0.00323412846774, 0.00345333642326, 0.000789573066868, 0.000352008588379, 0.000215256892261, 0.000275439437246, 0.000230169840506, 0.000216147149331, 0.000177133144462, 0.000173402353539, 0.000212243918213, 0.000223184179049, 0.000233990227571, 0.000254850368947, 0.00027174394927, 0.000207058197702, 0.000231255136896, 0.000192582214368, 0.000117973264423, 7.44038479752e-05, 4.92042381666e-05, 2.92096192425e-05, 1.787085057e-05, 4.41522752226e-06],
        "dmean2": [0.000270093150903, 0.00625732727349, 0.0084746144712, 0.00547216460109, 0.00601107208058, 0.00132587959524, 0.000559032254387, 0.000346429267665, 0.000423684570706, 0.000367203989299, 0.000332475843607, 0.000277838582406, 0.000278644962236, 0.000329880422214, 0.000352652976289, 0.000380893878173, 0.00041511800373, 0.000439447932877, 0.000340959697496, 0.000376056006644, 0.000297837337712, 0.000182089657756, 0.000110877568659, 7.52877167542e-05, 4.40712356067e-05, 2.63243364316e-05, 7.13701456334e-06],
        "dvar": [1.19461589065e-07, 0.00011707804515, 0.000148468403495, 5.71210475755e-05, 6.9613539381e-05, 3.41890245181e-06, 3.30640688162e-07, 1.57218153163e-07, 2.15294321038e-07, 2.29111307704e-07, 1.98303183652e-07, 9.91704141029e-08, 8.87116868853e-08, 1.0406509432e-07, 1.5271882603e-07, 2.17770292466e-07, 2.27219899784e-07, 2.70593773166e-07, 1.35752017627e-07, 1.79490783125e-07, 8.6339973393e-08, 3.18786241849e-08, 1.48040797399e-08, 5.89160098485e-09, 2.32719354898e-09, 1.03524966377e-09, 1.40009989713e-10],
        "dvar2": [3.06663878291e-07, 0.000226423886488, 0.000357860408258, 0.000151038781041, 0.000189127429621, 9.47748230828e-06, 8.29146074466e-07, 3.94369521928e-07, 4.93053107675e-07, 5.37194182471e-07, 4.23435238872e-07, 2.31469456935e-07, 2.09321228795e-07, 2.28946404945e-07, 3.61631435908e-07, 5.76649540562e-07, 5.87039380662e-07, 6.62995148559e-07, 3.60742205885e-07, 4.70239939432e-07, 2.07334977631e-07, 7.72866286525e-08, 3.20194857295e-08, 1.32831106114e-08, 5.26773735743e-09, 2.33178365505e-09, 3.52264051262e-10],
        "max": [0.0100353434682, 0.169068053365, 0.121848762035, 0.0812194496393, 0.0991749987006, 0.0345152691007, 0.00843751430511, 0.00743200955912, 0.0081052808091, 0.00998554099351, 0.00879772286862, 0.00722795305774, 0.00758374342695, 0.00527151627466, 0.0117611736059, 0.0154739683494, 0.00720831146464, 0.0138272643089, 0.00533933751285, 0.00817862898111, 0.00472729606554, 0.00283576967195, 0.00250914227217, 0.00150520261377, 0.000989662716165, 0.000609835900832, 0.000260511238594],
        "mean": [0.00026116517256, 0.0057071200572, 0.00614449428394, 0.00390084413812, 0.00400148006156, 0.00116789981257, 0.000588174443692, 0.000330855429638, 0.000462301366497, 0.000346182467183, 0.000338028505212, 0.000273008772638, 0.0002597226121, 0.000335916876793, 0.000356942182407, 0.000370490975911, 0.000386092782719, 0.000438394868979, 0.000345214240951, 0.000390219996916, 0.000402992183808, 0.000251249613939, 0.000152765540406, 9.97942115646e-05, 5.46727569599e-05, 3.10086506943e-05, 5.77907258048e-06],
        "median": [7.04099365976e-05, 0.00213692337275, 0.00195282674395, 0.00124734453857, 0.00123586831614, 0.000508108874783, 0.000303852400975, 0.000160657946253, 0.000234382663621, 0.000123450881802, 0.000117249590403, 0.000133447203552, 0.00013453081192, 0.000188481164514, 0.000171793304617, 0.000193687155843, 0.000196993234567, 0.000229516008403, 0.000174269909621, 0.000182050207513, 0.000202292547328, 0.000108220570837, 7.09321175236e-05, 4.3900545279e-05, 2.66915285465e-05, 1.25648266476e-05, 5.73735519538e-07],
        "min": [2.69848746128e-24, 4.81224163733e-24, 1.01090375358e-24, 1.95820175098e-25, 6.62560329991e-24, 6.91024955806e-24, 3.63252658041e-24, 6.17583188821e-24, 2.04499962335e-23, 2.39522120642e-23, 2.92623156517e-23, 2.14927630651e-23, 3.19291451388e-23, 3.65241778702e-23, 5.53820745143e-23, 6.44820520617e-23, 9.52956153519e-23, 1.21969684685e-22, 1.25087237738e-22, 1.66101668679e-22, 2.33348160721e-22, 4.16402008491e-22, 3.94682787126e-22, 6.46014022991e-22, 9.53853246141e-22, 1.38899184971e-21, 2.03697749485e-21],
        "var": [3.56447259264e-07, 0.000157570670126, 0.000148167688167, 5.46513801964e-05, 6.03607768426e-05, 3.8207781472e-06, 5.86596740959e-07, 2.86837234853e-07, 4.19961878606e-07, 4.28894679771e-07, 4.07643284461e-07, 1.76394678419e-07, 1.45091831882e-07, 2.05230989536e-07, 2.60030844856e-07, 3.07114959242e-07, 2.90767701472e-07, 4.06390228136e-07, 2.1537915984e-07, 2.9969706361e-07, 2.54890892393e-07, 1.13718428452e-07, 5.43674687492e-08, 1.94776088591e-08, 5.62164004236e-09, 2.45898212903e-09, 2.18117232609e-10]
    },
    "erbbands": {
        "dmean": [0.080865457654, 1.1182808876, 4.87195777893, 9.2032585144, 11.3190383911, 12.1717061996, 7.88859891891, 6.71400356293, 5.21113395691, 5.61985492706, 4.31001663208, 5.21120405197, 7.10827875137, 7.47909259796, 7.82884120941, 6.71705532074, 7.98427057266, 10.913898468, 10.2681703568, 11.9628200531, 13.4506950378, 14.010550499, 13.8860321045, 11.6403751373, 10.6091432571, 11.3766803741, 8.79109287262, 6.71479225159, 4.54445695877, 2.90921831131, 2.0965321064, 1.3124063015, 0.724523186684, 0.373178273439, 0.195502534509, 0.0844010412693, 0.0316514112055, 0.00797722768039, 0.0007114566979, 2.2319945856e-05],
        "dmean2": [0.125786527991, 1.65818703175, 7.54157543182, 14.8118553162, 19.6969470978, 21.2150192261, 13.3299837112, 11.1857748032, 8.37368869781, 8.97068595886, 6.80819129944, 8.15459442139, 11.1140928268, 11.7950143814, 12.0452346802, 10.5800266266, 12.5917711258, 16.7515621185, 16.3661727905, 18.8214473724, 21.8699932098, 22.9352607727, 22.3174648285, 18.7327098846, 17.1745223999, 18.3562393188, 13.9216547012, 10.466635704, 7.05631399155, 4.42847537994, 3.12283158302, 2.01950621605, 1.11413824558, 0.568704843521, 0.297798067331, 0.124899432063, 0.0477065555751, 0.0123843150213, 0.00115968030877, 3.34423493769e-05],
        "dvar": [0.0358202941716, 8.64025497437, 122.82800293, 413.949279785, 803.122558594, 1028.69763184, 391.71395874, 249.397598267, 98.5645217896, 105.733802795, 70.7757110596, 74.1466140747, 157.575805664, 214.168273926, 214.754592896, 169.282714844, 193.631591797, 292.332061768, 347.388671875, 474.055389404, 780.995910645, 691.27935791, 681.878479004, 397.404144287, 371.427276611, 468.751434326, 189.350479126, 116.13243103, 49.3239746094, 20.5762233734, 11.8681030273, 4.38283967972, 1.36244499683, 0.399671554565, 0.104956194758, 0.0215613134205, 0.00347859412432, 0.000292665237794, 3.84138547815e-06, 1.14454046241e-09],
        "dvar2": [0.0816575214267, 17.1193885803, 288.616760254, 1035.58288574, 2177.90698242, 2854.828125, 1083.47473145, 683.237548828, 265.686431885, 261.19543457, 169.626296997, 177.106628418, 376.401855469, 487.800079346, 470.544311523, 395.937255859, 444.839111328, 629.510925293, 849.732177734, 1110.70947266, 2039.76538086, 1827.0682373, 1727.11010742, 1019.17388916, 969.534606934, 1195.31408691, 475.729705811, 276.176513672, 121.548362732, 49.0835113525, 26.3422050476, 10.1812257767, 3.053814888, 0.936541974545, 0.237754806876, 0.0484547764063, 0.00792247056961, 0.000679127231706, 9.79831020231e-06, 2.57375054602e-09],
        "max": [3.23631072044, 46.3908004761, 130.626190186, 222.827545166, 327.768432617, 425.302520752, 304.662017822, 305.091827393, 214.764587402, 242.307296753, 200.989608765, 166.279907227, 216.251281738, 248.025085449, 268.791778564, 368.152587891, 367.891082764, 301.600189209, 674.444885254, 434.267333984, 895.215332031, 474.821258545, 584.114013672, 310.983734131, 281.50793457, 544.27154541, 223.673980713, 222.010864258, 95.2165985107, 103.368438721, 64.1960449219, 46.7283325195, 21.3689975739, 10.1655921936, 7.14961290359, 3.25109624863, 1.21627080441, 0.421288579702, 0.0452162101865, 0.000711098255124],
        "mean": [0.113023295999, 1.49693238735, 6.04412984848, 11.6339521408, 13.0851297379, 13.7300806046, 10.2980079651, 9.91179847717, 8.17261505127, 9.6648979187, 6.94574451447, 8.68490791321, 11.8749341965, 12.6723909378, 13.3173866272, 10.5880975723, 12.8571176529, 17.5932483673, 15.9686937332, 19.8806724548, 21.4953384399, 22.0960826874, 23.0522136688, 19.9069862366, 18.8179111481, 19.1416511536, 17.0708789825, 13.7457122803, 9.4565410614, 6.11848163605, 4.17885494232, 2.57834601402, 1.43491458893, 0.695845901966, 0.352881878614, 0.148764267564, 0.0536495409906, 0.0129570430145, 0.00092594063608, 4.82586146973e-05],
        "median": [0.0493920147419, 0.533307552338, 2.26346039772, 4.43838310242, 3.84381914139, 4.15660667419, 3.93214321136, 4.08670854568, 4.42234754562, 4.38600206375, 3.53862500191, 5.0335817337, 5.87261772156, 5.29038524628, 5.99760818481, 5.68687343597, 7.03733825684, 10.0713195801, 8.69370651245, 9.68865013123, 10.7128677368, 12.0751514435, 13.0422344208, 10.8789081573, 10.0920352936, 8.59400463104, 8.33885192871, 6.47050666809, 3.95548892021, 2.86607098579, 1.87408387661, 1.14732217789, 0.603536009789, 0.318917632103, 0.170283719897, 0.0660322457552, 0.0205371156335, 0.00351463165134, 0.000129647145513, 3.53783179889e-05],
        "min": [1.49671677642e-22, 5.12784428046e-22, 2.46322309904e-21, 2.58773518776e-21, 2.52767218177e-20, 1.60402017625e-20, 6.25751987509e-20, 8.68413821255e-20, 1.95763329652e-19, 1.63139933754e-19, 3.82240445404e-19, 4.38695237867e-19, 6.67911328304e-19, 1.02891300675e-18, 8.11589602175e-19, 1.01805719179e-18, 1.41933367388e-18, 1.92581336441e-18, 2.77509417498e-18, 4.6661051559e-18, 6.05534506851e-18, 6.35187732399e-18, 5.98895058946e-18, 7.14937414667e-18, 6.89684376388e-18, 8.08105744909e-18, 9.70163827235e-18, 9.85813588116e-18, 1.37749940731e-17, 1.207385413e-17, 1.295365501e-17, 1.25382225725e-17, 9.59200458114e-18, 8.8896207076e-18, 7.53476255715e-18, 4.68677846736e-18, 2.40455282933e-18, 1.01362867359e-18, 2.63434019137e-19, 2.93931489776e-20],
        "var": [0.0458284243941, 11.3259420395, 133.175262451, 432.402954102, 692.535339355, 823.451660156, 377.870605469, 297.579162598, 126.800132751, 205.902816772, 136.079269409, 128.837677002, 284.157592773, 451.852203369, 442.140655518, 278.660186768, 339.551727295, 580.676635742, 534.418395996, 829.376464844, 1082.57617188, 869.17199707, 969.347229004, 656.942199707, 606.093261719, 786.555236816, 474.742889404, 325.47052002, 164.393096924, 72.0822677612, 41.0855064392, 14.3355531693, 4.07128953934, 0.895102441311, 0.256899267435, 0.051619194448, 0.00779274804518, 0.000631341477856, 5.65857590118e-06, 2.34296337887e-09]
    },
    "gfcc": {
        "mean": [-23.1433391571, 70.4675521851, -115.719161987, 46.2906150818, -51.7557640076, 10.7252616882, -34.2626914978, 5.41145801544, -24.9896392822, 2.11526107788, -19.7400989532, 1.82645690441, -12.8972005844],
        "cov": [[26406.7382812, 954.794677734, -548.641418457, 1270.65869141, -839.645080566, 562.970275879, -627.438171387, 43.9876403809, -560.203552246, -66.3156051636, -307.320678711, -255.70149231, -216.6459198], [954.794677734, 2052.72949219, 487.298522949, 367.152160645, 296.393341064, 76.2124862671, 148.687576294, -150.946792603, 42.6949157715, -155.383743286, 87.0891647339, -159.499343872, 30.3860111237], [-548.641418457, 487.298522949, 1044.15893555, 160.456054688, 319.266021729, 146.77520752, 55.4042205811, 11.1754169464, -11.6454000473, -49.5874328613, -11.3638315201, -69.8106231689, -30.5584774017], [1270.65869141, 367.152160645, 160.456054688, 642.958557129, 36.8054199219, 136.031967163, 63.0821037292, -32.5057067871, 16.5696620941, -57.3457183838, 34.2436943054, -77.2392654419, 5.33753347397], [-839.645080566, 296.393341064, 319.266021729, 36.8054199219, 347.280853271, 93.6978225708, 102.737838745, 39.2702522278, 37.5227127075, -12.3275871277, -22.7699394226, -14.4548311234, -12.051738739], [562.970275879, 76.2124862671, 146.77520752, 136.031967163, 93.6978225708, 205.030975342, 63.051700592, 47.4699058533, 18.9770298004, -6.90239953995, -1.13883018494, -23.458108902, -3.44120121002], [-627.438171387, 148.687576294, 55.4042205811, 63.0821037292, 102.737838745, 63.051700592, 176.04335022, 50.1983070374, 69.6377105713, -10.4293775558, 24.9162197113, -11.8147745132, 16.4510154724], [43.9876403809, -150.946792603, 11.1754169464, -32.5057067871, 39.2702522278, 47.4699058533, 50.1983070374, 135.403991699, 48.0796546936, 41.081577301, -19.093837738, 26.3798866272, -5.66065740585], [-560.203552246, 42.6949157715, -11.6454000473, 16.5696620941, 37.5227127075, 18.9770298004, 69.6377105713, 48.0796546936, 126.903388977, 39.3344612122, 41.1751060486, -7.05406618118, 16.2937259674], [-66.3156051636, -155.383743286, -49.5874328613, -57.3457183838, -12.3275871277, -6.90239953995, -10.4293775558, 41.081577301, 39.3344612122, 112.483055115, 36.4633522034, 28.5235042572, -19.8285541534], [-307.320678711, 87.0891647339, -11.3638315201, 34.2436943054, -22.7699394226, -1.13883018494, 24.9162197113, -19.093837738, 41.1751060486, 36.4633522034, 132.167053223, 17.2584133148, 21.2106304169], [-255.70149231, -159.499343872, -69.8106231689, -77.2392654419, -14.4548311234, -23.458108902, -11.8147745132, 26.3798866272, -7.05406618118, 28.5235042572, 17.2584133148, 104.8019104, 24.968000412], [-216.6459198, 30.3860111237, -30.5584774017, 5.33753347397, -12.051738739, -3.44120121002, 16.4510154724, -5.66065740585, 16.2937259674, -19.8285541534, 21.2106304169, 24.968000412, 95.2062072754]],
        "icov": [[8.54204918141e-05, -0.000135828668135, 8.6185944383e-05, -0.000137556911795, 0.000257261970546, -0.000315248267725, 0.000320864404785, -0.000371335539967, 0.000391156674596, -0.000204887619475, 0.000173891647137, 9.54082788667e-05, 4.33770110249e-05], [-0.000135828668135, 0.00107718305662, -0.000266019749688, 7.7532731666e-06, -0.00104936072603, 0.000743560667615, -0.000734335568268, 0.00127257895656, -0.000829034193885, 0.00111541466322, -0.00099866092205, 0.000609032227658, -0.000205146468943], [8.6185944383e-05, -0.000266019749688, 0.00164460437372, -0.000251258548815, -0.00114034698345, -0.000716030481271, 0.000995879760012, -0.000926217413507, 0.00101833196823, 0.0001529478468, -0.000433294626419, 0.000801487825811, 0.000169512422872], [-0.000137556911795, 7.7532731666e-06, -0.000251258548815, 0.00241597671993, 9.50454559643e-05, -0.000923071056604, -0.000778274727054, 0.00102936604526, -0.000820012995973, 0.000942476734053, -0.000746209756471, 0.000560551939998, -1.36698110964e-06], [0.000257261970546, -0.00104936072603, -0.00114034698345, 9.50454559643e-05, 0.00664786668494, -0.00221196841449, -0.0015536909923, -0.000513469800353, 8.7719905423e-05, -0.00153499259613, 0.00295867421664, -0.00157725031022, 0.00096826965455], [-0.000315248267725, 0.000743560667615, -0.000716030481271, -0.000923071056604, -0.00221196841449, 0.00877246167511, -0.00219596596435, -0.00148411479313, -0.000132416724227, 0.000785921642091, -0.00137773551978, 0.00113906420302, -0.000609904469457], [0.000320864404785, -0.000734335568268, 0.000995879760012, -0.000778274727054, -0.0015536909923, -0.00219596596435, 0.0119510609657, -0.00501408241689, -0.00221123616211, 0.00297505361959, -0.00199376768433, 0.00106371333823, -0.000148171355249], [-0.000371335539967, 0.00127257895656, -0.000926217413507, 0.00102936604526, -0.000513469800353, -0.00148411479313, -0.00501408241689, 0.0163867678493, -0.00622885487974, -0.00291486713104, 0.00436522578821, -0.00444857776165, 0.000768992467783], [0.000391156674596, -0.000829034193885, 0.00101833196823, -0.000820012995973, 8.7719905423e-05, -0.000132416724227, -0.00221123616211, -0.00622885487974, 0.0169629864395, -0.00577128166333, -0.00252613797784, 0.00498321419582, -0.00330354599282], [-0.000204887619475, 0.00111541466322, 0.0001529478468, 0.000942476734053, -0.00153499259613, 0.000785921642091, 0.00297505361959, -0.00291486713104, -0.00577128166333, 0.0175729189068, -0.00622780621052, -0.00229958421551, 0.00495889643207], [0.000173891647137, -0.00099866092205, -0.000433294626419, -0.000746209756471, 0.00295867421664, -0.00137773551978, -0.00199376768433, 0.00436522578821, -0.00252613797784, -0.00622780621052, 0.0134781887755, -0.00351942703128, -0.00139854347799], [9.54082788667e-05, 0.000609032227658, 0.000801487825811, 0.000560551939998, -0.00157725031022, 0.00113906420302, 0.00106371333823, -0.00444857776165, 0.00498321419582, -0.00229958421551, -0.00351942703128, 0.0156607348472, -0.00501297554001], [4.33770110249e-05, -0.000205146468943, 0.000169512422872, -1.36698110964e-06, 0.00096826965455, -0.000609904469457, -0.000148171355249, 0.000768992467783, -0.00330354599282, 0.00495889643207, -0.00139854347799, -0.00501297554001, 0.014118431136]]
    },
    "melbands": {
        "dmean": [0.000897118938155, 0.002066365676, 0.00152112648357, 0.000838803942315, 0.000329620059347, 0.000146142716403, 7.67450110288e-05, 5.77010941925e-05, 3.40772858181e-05, 3.61828388122e-05, 3.67719876522e-05, 3.14338576572e-05, 3.14178469125e-05, 1.84899781743e-05, 1.90789778571e-05, 2.05174437724e-05, 1.9497672838e-05, 1.68128754012e-05, 1.57369686349e-05, 1.5807836462e-05, 1.61468324222e-05, 1.51944859681e-05, 1.29795062094e-05, 1.658650217e-05, 9.18769455893e-06, 8.54377049109e-06, 7.85767406342e-06, 7.94303014118e-06, 6.66959431328e-06, 4.55497092844e-06, 4.01057150157e-06, 2.85762439489e-06, 2.21209279516e-06, 1.57071781359e-06, 1.34162371523e-06, 9.93601361188e-07, 7.75388343754e-07, 5.5228730389e-07, 4.32131855632e-07, 2.9278677971e-07],
        "dmean2": [0.00139999296516, 0.0030959919095, 0.00241680280305, 0.00147151132114, 0.000558318686672, 0.00024381687399, 0.000123227000586, 9.24040723476e-05, 5.41777953913e-05, 5.62258283026e-05, 5.75303092774e-05, 4.9556074373e-05, 4.79796472064e-05, 2.93388529826e-05, 2.99491894111e-05, 3.18869351759e-05, 3.00799056276e-05, 2.7060516004e-05, 2.50203975156e-05, 2.52525242104e-05, 2.63569454546e-05, 2.49991244345e-05, 2.15275413211e-05, 2.67996310868e-05, 1.50328351083e-05, 1.40653819471e-05, 1.29119598569e-05, 1.291022636e-05, 1.06613724711e-05, 7.19904392099e-06, 6.32197316008e-06, 4.51999176221e-06, 3.39538837579e-06, 2.43354270424e-06, 2.04961384043e-06, 1.5274110865e-06, 1.21831544675e-06, 8.56948531691e-07, 6.72416376801e-07, 4.53466469708e-07],
        "dvar": [5.17049693372e-06, 2.09426325455e-05, 1.05382732727e-05, 4.27482200394e-06, 7.28063298538e-07, 1.1731395233e-07, 1.93890610234e-08, 1.0654808591e-08, 4.32366809022e-09, 3.66583852163e-09, 4.28287671994e-09, 4.06364142336e-09, 4.2897432273e-09, 1.22993082385e-09, 1.11641484946e-09, 1.03973796239e-09, 9.17303399905e-10, 9.13939535163e-10, 7.17543469086e-10, 8.39551095311e-10, 1.10124109831e-09, 8.05257083236e-10, 7.0164152266e-10, 1.20218524025e-09, 2.61012295111e-10, 2.34219921236e-10, 2.32710059556e-10, 2.40358455361e-10, 1.19308479762e-10, 6.05018951605e-11, 4.24229019969e-11, 2.19092816806e-11, 1.25155970657e-11, 7.28662616356e-12, 4.96901781874e-12, 2.86759656819e-12, 1.57889695242e-12, 8.16611969018e-13, 5.43805831529e-13, 2.64682942447e-13],
        "dvar2": [9.570657312e-06, 4.43233257101e-05, 2.55687173194e-05, 1.16258215712e-05, 2.01303782887e-06, 3.22735047575e-07, 5.1737789164e-08, 2.69158917376e-08, 1.04286863589e-08, 8.58102922052e-09, 1.02126511692e-08, 9.18369202907e-09, 9.08407571387e-09, 2.90436807937e-09, 2.51323295508e-09, 2.42544140328e-09, 1.99645433518e-09, 2.25402185805e-09, 1.72300951284e-09, 2.11655803994e-09, 2.85884405038e-09, 2.13641238034e-09, 1.83294601719e-09, 2.91055646251e-09, 6.96910362752e-10, 6.16796280717e-10, 6.28553764592e-10, 6.04359728928e-10, 3.01244168499e-10, 1.53039331208e-10, 1.0360618613e-10, 5.51842321839e-11, 3.01186194041e-11, 1.76550093989e-11, 1.11761754365e-11, 6.78727213321e-12, 3.75507350908e-12, 1.84134933863e-12, 1.30680915308e-12, 6.39798001904e-13],
        "max": [0.0327200070024, 0.0615525990725, 0.0311509184539, 0.025889955461, 0.0138166146353, 0.00676029361784, 0.00292062340304, 0.00257312110625, 0.00150192400906, 0.00109425012488, 0.0012237749761, 0.00109461776447, 0.00129784026649, 0.000789014564361, 0.00068445247598, 0.000562954577617, 0.000521283713169, 0.000986485625617, 0.000520043598954, 0.000778365880251, 0.00100468809251, 0.00050753011601, 0.000379612960387, 0.00104365567677, 0.000197256464162, 0.000288072187686, 0.000222764239879, 0.000442894379376, 0.000173660169821, 0.000127413717564, 0.000143975310493, 6.99948941474e-05, 5.61769884371e-05, 5.48947100469e-05, 3.69906920241e-05, 3.80958372261e-05, 2.92329114018e-05, 1.48157050717e-05, 1.28133506223e-05, 7.2093498602e-06],
        "mean": [0.00133334635757, 0.00287813553587, 0.00210165092722, 0.000949160021264, 0.000423988851253, 0.000218104789383, 0.000124854093883, 9.8531229014e-05, 5.28929849679e-05, 6.00348284934e-05, 6.05176574027e-05, 5.18111010024e-05, 5.13203158334e-05, 2.79941377812e-05, 2.83594254142e-05, 3.20916769851e-05, 3.05822686641e-05, 2.44416951318e-05, 2.49569584412e-05, 2.51714282058e-05, 2.41919969994e-05, 2.24458908633e-05, 1.93487903744e-05, 2.52203790296e-05, 1.44976647789e-05, 1.42613134813e-05, 1.27413222799e-05, 1.24224789033e-05, 1.16579176392e-05, 8.65166748554e-06, 7.55614837544e-06, 5.56639315619e-06, 4.28162093158e-06, 3.04078594127e-06, 2.54607903116e-06, 1.85772410077e-06, 1.43908607697e-06, 1.04086052488e-06, 7.7640697782e-07, 5.12314159096e-07],
        "median": [0.000566797098145, 0.00117359671276, 0.000845995615236, 0.000281781045487, 0.000164511773619, 9.30670066737e-05, 6.96142378729e-05, 4.58608337794e-05, 2.66302595264e-05, 3.15641518682e-05, 2.89945237455e-05, 2.01881448447e-05, 1.90747996385e-05, 1.28194424178e-05, 1.2908671124e-05, 1.79800208571e-05, 1.7280524844e-05, 1.21485500131e-05, 1.18223215395e-05, 1.23445024656e-05, 1.09362399598e-05, 1.12753041321e-05, 9.46588443185e-06, 1.16965347843e-05, 7.41648091207e-06, 7.49278751755e-06, 5.82929533266e-06, 4.99790985486e-06, 5.38836320629e-06, 3.77378069061e-06, 3.45935222867e-06, 2.13060638998e-06, 1.86924899026e-06, 1.40021370498e-06, 1.12699672172e-06, 7.805163591e-07, 6.13827523921e-07, 4.29413887559e-07, 3.23778863276e-07, 2.31208488799e-07],
        "min": [2.15984909368e-24, 2.11659348366e-24, 1.29465189359e-24, 1.01012662698e-24, 2.8854356629e-24, 1.94709468804e-24, 2.60451835025e-24, 1.52850162312e-24, 3.62392602439e-24, 2.40656830001e-24, 3.24845623807e-24, 3.11072388503e-24, 3.53908600619e-24, 2.42867237979e-24, 1.59809157952e-24, 3.80750539552e-24, 3.3169806406e-24, 3.42392375251e-24, 4.65536126354e-24, 4.02959616718e-24, 7.10049283168e-24, 4.89491228804e-24, 5.31886270459e-24, 6.06456029652e-24, 5.40788526331e-24, 3.59689688876e-24, 4.20958701005e-24, 4.67587164707e-24, 6.09130347006e-24, 4.57055792736e-24, 4.86837895149e-24, 6.23696545292e-24, 5.82109060546e-24, 5.20458160854e-24, 5.98737775112e-24, 4.52224374679e-24, 7.00930682193e-24, 6.82935818312e-24, 6.4064080422e-24, 7.35036610113e-24],
        "var": [7.42484735383e-06, 2.76298487734e-05, 1.23696390801e-05, 3.56224200004e-06, 6.50837307603e-07, 1.36997414302e-07, 2.66014374972e-08, 2.01810497202e-08, 7.84187736969e-09, 6.73732580836e-09, 7.69842944948e-09, 8.5628304447e-09, 8.93355700526e-09, 2.21097451458e-09, 2.05867123348e-09, 1.85159731991e-09, 1.77565639969e-09, 1.37982092419e-09, 1.22985277518e-09, 1.34936528617e-09, 1.49701828711e-09, 9.98096161275e-10, 8.41361813553e-10, 1.77934389445e-09, 3.86911364059e-10, 3.66632391113e-10, 3.29981791891e-10, 3.94697052819e-10, 2.43939562994e-10, 1.55968668536e-10, 1.07956192597e-10, 6.56078108507e-11, 3.45964819293e-11, 2.14359901357e-11, 1.54147649506e-11, 8.6884379899e-12, 4.55939582963e-12, 2.3350232338e-12, 1.24778713837e-12, 5.07077290313e-13]
    },
    "mfcc": {
        "mean": [-655.659118652, 96.5321731567, -1.70998585224, 34.5723152161, 4.22084999084, 10.3921098709, -0.148145183921, 4.15706634521, -0.366396218538, -0.434671074152, -1.71664178371, -1.00291240215, -4.23945569992],
        "cov": [[12455.3955078, 501.293670654, 272.282440186, 701.022460938, 88.1689147949, 340.004211426, 100.160560608, 6.70285367966, -61.3733177185, 29.1999340057, -215.621414185, -59.9914016724, -141.570983887], [501.293670654, 1769.625, 351.598815918, 278.112121582, 236.532577515, 206.373855591, 128.319473267, 93.1065750122, 27.0916919708, 4.59280586243, 40.8701286316, -30.5121421814, -22.5296630859], [272.282440186, 351.598815918, 623.957458496, 215.163497925, 193.399887085, 133.827224731, 95.9097290039, 64.8478317261, 9.43634319305, 15.0321369171, -4.73421764374, 12.9346313477, -13.3628950119], [701.022460938, 278.112121582, 215.163497925, 441.791809082, 110.68901825, 150.093536377, 73.071762085, 65.9677352905, 8.32363319397, 25.7896671295, 14.7655286789, 8.03614139557, -18.5907554626], [88.1689147949, 236.532577515, 193.399887085, 110.68901825, 249.537475586, 113.394882202, 72.4841537476, 56.3387451172, 48.6329078674, 24.0687618256, 15.3454380035, 0.117333605886, -3.2801721096], [340.004211426, 206.373855591, 133.827224731, 150.093536377, 113.394882202, 191.430877686, 86.4811859131, 61.7363510132, 24.6956233978, 32.3041954041, 16.5950603485, 4.92115688324, -8.87710380554], [100.160560608, 128.319473267, 95.9097290039, 73.071762085, 72.4841537476, 86.4811859131, 124.734214783, 67.1363067627, 29.2294025421, 24.3722648621, 15.1227607727, 5.96174812317, 1.05494511127], [6.70285367966, 93.1065750122, 64.8478317261, 65.9677352905, 56.3387451172, 61.7363510132, 67.1363067627, 131.586761475, 73.0714416504, 23.4663639069, 13.975561142, 0.602521657944, -0.316423177719], [-61.3733177185, 27.0916919708, 9.43634319305, 8.32363319397, 48.6329078674, 24.6956233978, 29.2294025421, 73.0714416504, 134.890853882, 49.2745246887, 12.1437492371, -7.45302248001, 1.0328258276], [29.1999340057, 4.59280586243, 15.0321369171, 25.7896671295, 24.0687618256, 32.3041954041, 24.3722648621, 23.4663639069, 49.2745246887, 98.9496307373, 42.562335968, 18.5505466461, 5.34846305847], [-215.621414185, 40.8701286316, -4.73421764374, 14.7655286789, 15.3454380035, 16.5950603485, 15.1227607727, 13.975561142, 12.1437492371, 42.562335968, 102.756561279, 53.2521400452, 15.7049980164], [-59.9914016724, -30.5121421814, 12.9346313477, 8.03614139557, 0.117333605886, 4.92115688324, 5.96174812317, 0.602521657944, -7.45302248001, 18.5505466461, 53.2521400452, 89.9057312012, 35.2069664001], [-141.570983887, -22.5296630859, -13.3628950119, -18.5907554626, -3.2801721096, -8.87710380554, 1.05494511127, -0.316423177719, 1.0328258276, 5.34846305847, 15.7049980164, 35.2069664001, 73.3980255127]],
