{
"lowlevel": {
    "average_loudness": 0.968134820461,
    "barkbands_crest": {
        "dmean": 3.36330723763,
        "dmean2": 5.3032989502,
        "dvar": 10.6245889664,
        "dvar2": 21.6569824219,
        "max": 26.6543178558,
        "mean": 12.747587204,
        "median": 11.8829498291,
        "min": 2.3075761795,
        "var": 34.2830581665
    },
    "barkbands_flatness_db": {
        "dmean": 0.0381266623735,
        "dmean2": 0.0559183098376,
        "dvar": 0.00171717407648,
        "dvar2": 0.00367334089242,
        "max": 0.634603202343,
        "mean": 0.16909968853,
        "median": 0.153474807739,
        "min": 0.0303313490003,
        "var": 0.006708629895
    },
    "barkbands_kurtosis": {
        "dmean": 11.7261190414,
        "dmean2": 17.6492290497,
        "dvar": 2391.90161133,
        "dvar2": 4377.03955078,
        "max": 1720.63989258,
        "mean": 17.5084037781,
        "median": 5.24932813644,
        "min": -1.93312144279,
        "var": 4848.40136719
    },
    "barkbands_skewness": {
        "dmean": 0.907423615456,
        "dmean2": 1.34535229206,
        "dvar": 2.03305506706,
        "dvar2": 3.81323337555,
        "max": 30.5772247314,
        "mean": 2.67588090897,
        "median": 2.12084507942,
        "min": -2.35493683815,
        "var": 6.07895946503
    },
    "barkbands_spread": {
        "dmean": 5.93546819687,
        "dmean2": 9.2204208374,
        "dvar": 49.3269767761,
        "dvar2": 120.113998413,
        "max": 133.866333008,
        "mean": 16.3282871246,
        "median": 14.8698978424,
        "min": 0.059411752969,
        "var": 118.672180176
    },
    "dissonance": {
        "dmean": 0.0168294683099,
        "dmean2": 0.0285191517323,
        "dvar": 0.000286968774162,
        "dvar2": 0.000778464716859,
        "max": 0.500000178814,
        "mean": 0.4740691185,
        "median": 0.480327397585,
        "min": 0.199926152825,
        "var": 0.000532252190169
    },
    "dynamic_complexity": 2.2642865181,
    "erbbands_crest": {
        "dmean": 2.17291283607,
        "dmean2": 3.53002977371,
        "dvar": 4.22892904282,
        "dvar2": 10.1001653671,
        "max": 25.4683856964,
        "mean": 6.99706077576,
        "median": 6.08624839783,
        "min": 1.76301193237,
        "var": 10.2796573639
    },
    "erbbands_flatness_db": {
        "dmean": 0.016808245331,
        "dmean2": 0.0262114219368,
        "dvar": 0.000320652587106,
        "dvar2": 0.000728589424398,
        "max": 0.370194703341,
        "mean": 0.144448563457,
        "median": 0.137587100267,
        "min": 0.0190455205739,
        "var": 0.00113903707825
    },
    "erbbands_kurtosis": {
        "dmean": 0.954341292381,
        "dmean2": 1.52357006073,
        "dvar": 2.40763711929,
        "dvar2": 5.54384899139,
        "max": 36.3250465393,
        "mean": 0.361513882875,
        "median": -0.129350662231,
        "min": -1.79112625122,
        "var": 4.58345556259
    },
    "erbbands_skewness": {
        "dmean": 0.38980537653,
        "dmean2": 0.592476546764,
        "dvar": 0.172614067793,
        "dvar2": 0.39695584774,
        "max": 5.38504314423,
        "mean": 0.464592844248,
        "median": 0.470747709274,
        "min": -4.02628898621,
        "var": 0.50225931406
    },
    "erbbands_spread": {
        "dmean": 9.4697265625,
        "dmean2": 14.3929777145,
        "dvar": 94.7266845703,
        "dvar2": 205.213287354,
        "max": 132.692199707,
        "mean": 42.8753967285,
        "median": 40.0332336426,
        "min": 3.18948936462,
        "var": 286.533325195
    },
    "hfc": {
        "dmean": 7.95365762711,
        "dmean2": 11.7560968399,
        "dvar": 101.486106873,
        "dvar2": 242.025161743,
        "max": 90.9696578979,
        "mean": 15.8123025894,
        "median": 12.4556503296,
        "min": 1.07908218919e-16,
        "var": 157.411621094
    },
    "melbands_crest": {
        "dmean": 4.51700305939,
        "dmean2": 7.47809410095,
        "dvar": 20.5658454895,
        "dvar2": 45.9263420105,
        "max": 38.1075592041,
        "mean": 17.2211513519,
        "median": 16.8745613098,
        "min": 1.48323726654,
        "var": 49.7841491699
    },
    "melbands_flatness_db": {
        "dmean": 0.0465610995889,
        "dmean2": 0.0674185007811,
        "dvar": 0.00255620595999,
        "dvar2": 0.00551777519286,
        "max": 0.784443259239,
        "mean": 0.243306010962,
        "median": 0.228984296322,
        "min": 0.00264964415692,
        "var": 0.0102799590677
    },
    "melbands_kurtosis": {
        "dmean": 17.727388382,
        "dmean2": 27.2802772522,
        "dvar": 1604.73669434,
        "dvar2": 3430.40576172,
        "max": 1158.81970215,
        "mean": 31.5824718475,
        "median": 14.6413097382,
        "min": -1.3844909668,
        "var": 3164.9543457
    },
    "melbands_skewness": {
        "dmean": 1.15473675728,
        "dmean2": 1.7239484787,
        "dvar": 2.24308300018,
        "dvar2": 4.81212806702,
        "max": 25.2630004883,
        "mean": 3.86520862579,
        "median": 3.2027759552,
        "min": -0.663553416729,
        "var": 5.96366596222
    },
    "melbands_spread": {
        "dmean": 6.47038078308,
        "dmean2": 9.90847396851,
        "dvar": 75.3452911377,
        "dvar2": 179.548049927,
        "max": 166.177398682,
        "mean": 15.0593671799,
        "median": 11.4249382019,
        "min": 0.146664977074,
        "var": 220.860473633
    },
    "pitch_salience": {
        "dmean": 0.105331778526,
        "dmean2": 0.159697547555,
        "dvar": 0.0110334344208,
        "dvar2": 0.022761227563,
        "max": 0.934422910213,
        "mean": 0.50880920887,
        "median": 0.54666686058,
        "min": 0.0302620083094,
        "var": 0.0352667756379
    },
    "silence_rate_20dB": {
        "dmean": 0,
        "dmean2": 0,
        "dvar": 0,
        "dvar2": 0,
        "max": 1,
        "mean": 1,
        "median": 1,
        "min": 1,
        "var": 0
    },
    "silence_rate_30dB": {
        "dmean": 0.0234723817557,
        "dmean2": 0.0469507537782,
        "dvar": 0.0229200683534,
        "dvar2": 0.0636235252023,
        "max": 1,
        "mean": 0.985714256763,
        "median": 1,
        "min": 0,
        "var": 0.0140814166516
    },
    "silence_rate_60dB": {
        "dmean": 0.00637836474925,
        "dmean2": 0.012758356519,
        "dvar": 0.00633793184534,
        "dvar2": 0.0156570635736,
        "max": 1,
        "mean": 0.015943877399,
        "median": 0,
        "min": 0,
        "var": 0.0156884901226
    },
    "spectral_centroid": {
        "dmean": 338.937805176,
        "dmean2": 501.581878662,
        "dvar": 161996.375,
        "dvar2": 374122.3125,
        "max": 11648.4091797,
        "mean": 1182.47497559,
        "median": 1018.69702148,
        "min": 86.6932373047,
        "var": 854774
    },
    "spectral_complexity": {
        "dmean": 6.34264564514,
        "dmean2": 8.98162841797,
        "dvar": 43.1303482056,
        "dvar2": 77.6933822632,
        "max": 57,
        "mean": 20.1880092621,
        "median": 18.5,
        "min": 0,
        "var": 125.822647095
    },
    "spectral_decrease": {
        "dmean": 4.18839807281e-09,
        "dmean2": 6.60951071652e-09,
        "dvar": 2.22505794512e-17,
        "dvar2": 5.47624138106e-17,
        "max": 1.80260735374e-28,
        "mean": -1.00818917659e-08,
        "median": -8.30123525475e-09,
        "min": -4.39428546883e-08,
        "var": 4.93179110187e-17
    },
    "spectral_energy": {
        "dmean": 0.0163093358278,
        "dmean2": 0.0257693827152,
        "dvar": 0.000335251505021,
        "dvar2": 0.000822750618681,
        "max": 0.169562891126,
        "mean": 0.0394856445491,
        "median": 0.0327881649137,
        "min": 9.93610805827e-21,
        "var": 0.000734951812774
    },
    "spectral_energyband_high": {
        "dmean": 0.000374891154934,
        "dmean2": 0.00056077161571,
        "dvar": 3.04768548176e-07,
        "dvar2": 6.84049382471e-07,
        "max": 0.0045522544533,
        "mean": 0.000621702696662,
        "median": 0.000330991926603,
        "min": 7.30508240546e-21,
        "var": 5.0828049325e-07
    },
    "spectral_energyband_low": {
        "dmean": 0.0117724519223,
        "dmean2": 0.0171962194145,
        "dvar": 0.000204899537493,
        "dvar2": 0.00049679086078,
        "max": 0.140230759978,
        "mean": 0.023072488606,
        "median": 0.0150837944821,
        "min": 7.47747841424e-24,
        "var": 0.000487643235829
    },
    "spectral_energyband_middle_high": {
        "dmean": 0.0020969347097,
        "dmean2": 0.00314046442509,
        "dvar": 7.43879036236e-06,
        "dvar2": 1.66760491993e-05,
        "max": 0.0267464406788,
        "mean": 0.00354127562605,
        "median": 0.00247318833135,
        "min": 1.25792784835e-21,
        "var": 1.18014477266e-05
    },
    "spectral_energyband_middle_low": {
        "dmean": 0.0100480709225,
        "dmean2": 0.015266187489,
        "dvar": 0.000282100576442,
        "dvar2": 0.000645328138489,
        "max": 0.156354799867,
        "mean": 0.0147004984319,
        "median": 0.00927865691483,
        "min": 2.10319341901e-22,
        "var": 0.000326379842591
    },
    "spectral_entropy": {
        "dmean": 0.226354956627,
        "dmean2": 0.343088358641,
        "dvar": 0.0724833086133,
        "dvar2": 0.169401735067,
        "max": 9.82166671753,
        "mean": 7.56723928452,
        "median": 7.69786262512,
        "min": 4.56585693359,
        "var": 0.285345226526
    },
    "spectral_flux": {
        "dmean": 0.0379522778094,
        "dmean2": 0.0590312667191,
        "dvar": 0.00165619759355,
        "dvar2": 0.00304733403027,
        "max": 0.339855819941,
        "mean": 0.114054277539,
        "median": 0.0977158546448,
        "min": 6.42610825663e-11,
        "var": 0.00418780976906
    },
    "spectral_kurtosis": {
        "dmean": 2.17893266678,
        "dmean2": 3.65127182007,
        "dvar": 14.9057512283,
        "dvar2": 38.1613388062,
        "max": 120.640563965,
        "mean": 4.79939746857,
        "median": 3.09510374069,
        "min": -1.28669631481,
        "var": 67.941734314
    },
    "spectral_rms": {
        "dmean": 0.00126484036446,
        "dmean2": 0.00193046126515,
        "dvar": 1.51654398906e-06,
        "dvar2": 3.43218516718e-06,
        "max": 0.0128618506715,
        "mean": 0.00582889048383,
        "median": 0.00565583352,
        "min": 3.11348104416e-12,
        "var": 4.54662222182e-06
    },
    "spectral_rolloff": {
        "dmean": 408.769378662,
        "dmean2": 666.067565918,
        "dvar": 474292.40625,
        "dvar2": 1136142.5,
        "max": 19530.6152344,
        "mean": 831.364624023,
        "median": 495.263671875,
        "min": 43.06640625,
        "var": 2180244
    },
    "spectral_skewness": {
        "dmean": 0.304242402315,
        "dmean2": 0.471417725086,
        "dvar": 0.146956011653,
        "dvar2": 0.351670026779,
        "max": 9.40490722656,
        "mean": 1.5372120142,
        "median": 1.39043951035,
        "min": -0.0587154403329,
        "var": 0.678090810776
    },
    "spectral_spread": {
        "dmean": 511226.78125,
        "dmean2": 779638.8125,
        "dvar": 879547056128,
        "dvar2": 2.06927888384e+12,
        "max": 53888160,
        "mean": 4432979.5,
        "median": 4304840,
        "min": 717713.8125,
        "var": 6.70053852774e+12
    },
    "spectral_strongpeak": {
        "dmean": 0.255031049252,
        "dmean2": 0.423875838518,
        "dvar": 0.111942276359,
        "dvar2": 0.296062141657,
        "max": 3.9081287384,
        "mean": 0.471687108278,
        "median": 0.345826089382,
        "min": 0,
        "var": 0.146055683494
    },
    "zerocrossingrate": {
        "dmean": 0.00987942609936,
        "dmean2": 0.0113693280146,
        "dvar": 0.000129345018649,
        "dvar2": 0.00018493681273,
        "max": 0.7275390625,
        "mean": 0.0402244739234,
        "median": 0.0341796875,
        "min": 0.00146484375,
        "var": 0.00180770386942
    },
    "barkbands": {
        "dmean": [0.000419179938035, 0.00831769127399, 0.0063942023553, 0.00480230897665, 0.00377687416039, 0.00221201987006, 0.00119491107762, 0.000747359415982, 0.000709817162715, 0.000447093567345, 0.000532597594429, 0.000311876239721, 0.000299789244309, 0.000293138728011, 0.00018833532522, 0.000176286936039, 0.000181639479706, 0.000184375050594, 0.000140518139233, 0.000152362830704, 0.000145561847603, 7.64151845942e-05, 6.34672105662e-05, 4.29472383985e-05, 1.64390239661e-05, 4.06026993005e-06, 2.05871103276e-07],
        "dmean2": [0.000633909192402, 0.0115814451128, 0.0103558870032, 0.0077114449814, 0.00669589405879, 0.00387060944922, 0.00193906819914, 0.00129101518542, 0.00113320094533, 0.000739952782169, 0.000852700148243, 0.000511194288265, 0.000500198395457, 0.000484546151711, 0.000308190617943, 0.000293964345474, 0.00029007930425, 0.000291666045086, 0.000227295939112, 0.000238924243604, 0.000225457275519, 0.000121495511848, 9.82751444099e-05, 6.55458352412e-05, 2.50697066804e-05, 6.07479296377e-06, 3.5920351138e-07],
        "dvar": [1.02049136785e-06, 0.000114995942567, 0.000187139972695, 0.000121778241009, 6.60796795273e-05, 2.04135449167e-05, 2.9631680718e-06, 1.38505060931e-06, 1.09252641778e-06, 5.05344985413e-07, 6.60487444293e-07, 2.09753025615e-07, 2.08266882851e-07, 2.25288630418e-07, 1.22815933423e-07, 9.57270316349e-08, 8.25504002933e-08, 6.31909955473e-08, 5.12676763265e-08, 5.60010917638e-08, 4.55817286138e-08, 1.31638930867e-08, 1.10226823224e-08, 4.43797887328e-09, 8.87762363622e-10, 1.00211915155e-10, 5.28378827237e-13],
        "dvar2": [2.26312067753e-06, 0.000239572211285, 0.000476838584291, 0.000278907391476, 0.000186606092029, 5.72278404434e-05, 7.33567958378e-06, 3.76468756258e-06, 2.66772235591e-06, 1.23531049212e-06, 1.52787868046e-06, 5.05390403305e-07, 5.29534247562e-07, 5.86170813222e-07, 3.2862902799e-07, 2.5773346124e-07, 1.91319983855e-07, 1.50487437622e-07, 1.31459572117e-07, 1.27822659124e-07, 1.04909346987e-07, 3.15141157614e-08, 2.51831941966e-08, 1.01295736243e-08, 2.29908736493e-09, 2.61381361e-10, 1.4502507268e-12],
        "max": [0.0190348103642, 0.116539895535, 0.115471199155, 0.0835901349783, 0.0826788395643, 0.0584989413619, 0.0183586124331, 0.0132616292685, 0.0146208414808, 0.0131420958787, 0.0111429430544, 0.00570824090391, 0.00543026207015, 0.00621258327737, 0.00680084945634, 0.00584122631699, 0.00550213968381, 0.00262474035844, 0.00565238064155, 0.00257651810534, 0.00230121961795, 0.000870723393746, 0.00122332526371, 0.00073730625445, 0.000549291551579, 0.000236060091993, 1.27296152641e-05],
        "mean": [0.000640193524305, 0.0139524107799, 0.00613695057109, 0.00462344801053, 0.0039806785062, 0.00241294386797, 0.0015600892948, 0.000854891433846, 0.00105744786561, 0.000614041578956, 0.000652298273053, 0.000396729301428, 0.000358753459295, 0.000360997713869, 0.000239285494899, 0.000212348793866, 0.000224425617489, 0.000261165754637, 0.000200279333512, 0.000224913106649, 0.000213212522794, 0.000118594849482, 9.38301018323e-05, 6.63796599838e-05, 2.38925858866e-05, 5.32385229235e-06, 1.57637273901e-07],
        "median": [0.000135974230943, 0.00764157576486, 0.00196754164062, 0.00111967558041, 0.00195789942518, 0.00110972195398, 0.000812945712823, 0.000469612772577, 0.000569529656786, 0.000334062322509, 0.000338880287018, 0.000226231612032, 0.000191458006157, 0.000178995673195, 0.000126001192257, 9.43670165725e-05, 0.000101958372397, 0.000160540657816, 0.000103335856693, 0.000105490857095, 0.000117208415759, 6.10343631706e-05, 4.34708199464e-05, 3.04591594613e-05, 1.27442299345e-05, 2.38244183492e-06, 2.02461603038e-08],
        "min": [1.91239565505e-24, 3.99310582828e-24, 8.82831199542e-25, 1.6787127696e-24, 1.0210267717e-23, 1.37499623294e-23, 2.26634894464e-23, 1.20745613951e-23, 1.88868210181e-23, 2.57465945223e-23, 1.06978610648e-23, 2.77675094333e-23, 5.21870048325e-23, 4.19123250448e-23, 4.6232086341e-23, 4.9462941909e-23, 7.12678651229e-23, 1.32062484702e-22, 1.15168302665e-22, 2.24399120664e-22, 1.53376736433e-22, 3.50149455946e-22, 4.47617499568e-22, 6.29142547526e-22, 8.77736271966e-22, 1.41004214227e-21, 2.13052604836e-21],
        "var": [2.24463497034e-06, 0.000251202465734, 0.0001610055333, 0.000113837864774, 4.66664496344e-05, 1.66188910953e-05, 3.87575801142e-06, 1.29219938572e-06, 1.88756439456e-06, 7.39382244319e-07, 8.11380232335e-07, 2.55611013245e-07, 2.24738613497e-07, 2.56731141235e-07, 1.27542662653e-07, 1.07126034266e-07, 1.19383145147e-07, 8.95847875881e-08, 6.93687098874e-08, 9.14007216579e-08, 6.71143354225e-08, 1.99815648472e-08, 1.55087303e-08, 6.97106417036e-09, 1.01599917368e-09, 9.78822578546e-11, 3.63536945772e-13]
    },
    "erbbands": {
        "dmean": [0.234747737646, 1.9635065794, 5.84418439865, 10.1966552734, 14.0952768326, 13.2985172272, 16.4808006287, 18.1698207855, 15.2530174255, 21.4394493103, 15.4785766602, 13.584528923, 16.147190094, 15.1490087509, 19.6683139801, 12.3243675232, 12.9011688232, 17.0127887726, 9.97826766968, 9.03635597229, 9.72057819366, 10.3160057068, 9.06015586853, 8.37200737, 8.4593296051, 7.12209320068, 5.50618171692, 5.50555229187, 2.80442285538, 2.26425433159, 1.88707375526, 1.09571397305, 0.651989996433, 0.248481988907, 0.0844629257917, 0.0270773358643, 0.0058063371107, 0.000730722385924, 3.64101033483e-05, 1.88820486073e-05],
        "dmean2": [0.338855296373, 2.67398357391, 8.65817546844, 16.2681503296, 23.9889392853, 23.4538822174, 29.0585231781, 31.5586128235, 25.5254917145, 35.2187652588, 25.8567829132, 21.9869632721, 26.1107234955, 24.669960022, 31.3799419403, 20.0983715057, 21.0670223236, 27.6237621307, 16.4792194366, 14.7219409943, 16.0759010315, 16.2924766541, 14.242767334, 13.7309389114, 13.5167360306, 11.0659809113, 8.70763301849, 8.60880279541, 4.44075870514, 3.50914096832, 2.92657017708, 1.69522440434, 0.991733670235, 0.3812276721, 0.128748968244, 0.0408046022058, 0.00882606673986, 0.00114923191722, 5.95696765231e-05, 2.98717041005e-05],
        "dvar": [0.109610646963, 6.66754388809, 115.139686584, 482.945526123, 1021.28460693, 828.738464355, 1184.99194336, 1280.26306152, 622.618469238, 986.835266113, 611.375183105, 447.779815674, 532.665039062, 676.864990234, 848.869995117, 333.946075439, 375.895446777, 769.905212402, 330.192840576, 249.341247559, 273.452850342, 256.819641113, 159.594985962, 142.289169312, 208.362091064, 115.767372131, 63.5666847229, 72.1702880859, 17.4256305695, 13.0464982986, 9.92807197571, 2.93088054657, 1.26354765892, 0.211988851428, 0.0212136097252, 0.00407903874293, 0.000202162249479, 3.4659785797e-06, 1.2493443613e-08, 4.41150532771e-10],
        "dvar2": [0.294618934393, 12.5995941162, 272.482421875, 872.681274414, 2720.39526367, 2356.16943359, 3329.07104492, 3530.13378906, 1645.15222168, 2389.93286133, 1624.453125, 1097.63464355, 1353.88513184, 1594.61535645, 1954.55603027, 807.511352539, 923.361633301, 1923.75048828, 868.765075684, 665.33770752, 725.190551758, 602.063476562, 383.416015625, 368.085845947, 520.696289062, 254.759780884, 149.039642334, 168.995483398, 42.3473739624, 29.6036472321, 22.6598320007, 6.6535487175, 3.1160197258, 0.547625362873, 0.054090783, 0.0106185823679, 0.000521815207321, 9.20722686715e-06, 3.37822179119e-08, 1.07387243542e-09],
        "max": [4.43957090378, 26.3792476654, 107.475601196, 177.474655151, 346.213592529, 298.908172607, 283.715423584, 529.159729004, 455.436676025, 333.32522583, 335.025787354, 395.684082031, 363.930267334, 511.155700684, 346.06539917, 251.845489502, 239.076004028, 353.518249512, 294.573181152, 255.067642212, 443.063476562, 231.408447266, 175.485809326, 153.000045776, 252.221511841, 152.312271118, 97.781829834, 105.512825012, 33.566318512, 31.1522197723, 36.689704895, 17.9861869812, 16.2613105774, 8.97029495239, 2.36115098, 1.48864662647, 0.303327739239, 0.0336540266871, 0.00254927692004, 0.00018691936566],
        "mean": [0.388774752617, 3.17207407951, 6.89359998703, 12.27759552, 13.9446582794, 13.7645282745, 16.3867282867, 20.1064357758, 19.3475284576, 26.8175945282, 18.5376167297, 19.6087207794, 25.7840709686, 21.2652359009, 24.6652317047, 16.1561813354, 16.4010353088, 21.1067905426, 12.9182024002, 12.2763633728, 12.0220327377, 13.210896492, 13.079240799, 11.4959087372, 11.7114362717, 10.8178768158, 8.54707431793, 7.640376091, 4.31121444702, 3.46947550774, 2.69278407097, 1.71060144901, 0.922924995422, 0.350837796926, 0.123299859464, 0.0366036705673, 0.00735443131998, 0.000834504957311, 4.95579952258e-05, 4.61809977423e-05],
        "median": [0.231349647045, 1.55260062218, 2.72786235809, 3.73913955688, 5.07176876068, 6.42337322235, 7.00545454025, 9.30686187744, 10.4735040665, 12.945110321, 9.94699287415, 11.7700386047, 15.2929420471, 11.62241745, 13.1379995346, 9.45343589783, 9.28463935852, 10.8759288788, 6.70945119858, 6.93706989288, 5.29659509659, 6.5381102562, 7.76507568359, 6.75716018677, 5.97211408615, 5.06679534912, 4.55943012238, 4.08295440674, 2.24020171165, 1.58455181122, 1.21188414097, 0.785575091839, 0.427764296532, 0.176429390907, 0.0726093649864, 0.0184538066387, 0.00315769994631, 0.000333062780555, 3.12420452246e-05, 3.9149686927e-05],
        "min": [1.24413310712e-22, 4.27961711139e-22, 1.39163797949e-21, 6.62855933211e-21, 1.77925273446e-20, 2.71634997923e-20, 6.71009300644e-20, 1.48180398225e-19, 1.84655676968e-19, 3.08274032578e-19, 2.55046278479e-19, 5.36816746297e-19, 6.54238342971e-19, 7.81577369901e-19, 7.96850122539e-19, 1.36031402698e-18, 2.8047630756e-18, 2.11353104429e-18, 3.94460224327e-18, 2.91784962548e-18, 3.04879231645e-18, 4.99604889068e-18, 7.58518169702e-18, 8.82612218788e-18, 6.57257903759e-18, 1.00080880098e-17, 8.65304787959e-18, 7.91980686048e-18, 1.17442731139e-17, 1.26180215134e-17, 1.30445323808e-17, 1.219338421e-17, 9.6327390904e-18, 7.87140769566e-18, 6.30393517646e-18, 4.77281145492e-18, 2.2822353574e-18, 1.0158765369e-18, 2.74591186336e-19, 2.88046067406e-20],
        "var": [0.191327929497, 15.0250387192, 136.348236084, 591.552734375, 782.44128418, 592.512878418, 881.939025879, 1129.05297852, 676.066955566, 1302.38171387, 626.736022949, 619.192871094, 1009.58239746, 917.320068359, 1049.6027832, 404.403289795, 429.936889648, 869.196838379, 354.627075195, 294.512390137, 338.686340332, 363.922332764, 232.675109863, 182.429824829, 261.274505615, 209.55255127, 103.736808777, 95.5976104736, 25.831161499, 20.1486911774, 13.2980117798, 4.72318220139, 1.5622907877, 0.234019428492, 0.0249657966197, 0.00405830610543, 0.000195654152776, 2.91345463665e-06, 9.68333946361e-09, 9.33001564896e-10]
    },
    "gfcc": {
        "mean": [-9.47590065002, 114.922279358, -108.713134766, 48.3196372986, -59.7527809143, 21.2145881653, -25.3985366821, 9.28408432007, -17.9350795746, 1.42232084274, -7.8690290451, -2.29676294327, -6.15354681015],
        "cov": [[12629.2050781, -309.730133057, -1859.76501465, 244.739059448, -961.34942627, 145.662200928, -823.254882812, 47.3890953064, -380.265625, 73.7567138672, -329.822631836, 56.4120025635, -224.198654175], [-309.730133057, 1107.62231445, 330.451934814, -186.054733276, 87.3390426636, -144.046615601, 148.939956665, -152.698150635, 51.1328392029, -112.379966736, 101.875343323, -75.8366012573, 54.0003890991], [-1859.76501465, 330.451934814, 773.978149414, -60.8896713257, 160.476043701, 13.5931138992, 105.807655334, -54.6277580261, 48.5776176453, -19.6512622833, 68.1968307495, -40.4790382385, 6.66967391968], [244.739059448, -186.054733276, -60.8896713257, 345.608062744, 75.6938018799, 32.6007385254, 62.5134086609, 46.4519233704, 31.9031238556, -17.6274852753, -0.427833646536, -19.6521606445, 26.0927524567], [-961.34942627, 87.3390426636, 160.476043701, 75.6938018799, 239.271224976, 16.225271225, 145.201751709, 22.7594432831, 63.7354545593, -14.9420957565, 41.1926498413, -18.0004768372, 23.2630558014], [145.662200928, -144.046615601, 13.5931138992, 32.6007385254, 16.225271225, 148.075149536, 26.3962230682, 53.7581520081, 24.016002655, 39.8332023621, -3.72993659973, -0.132557108998, -8.01180934906], [-823.254882812, 148.939956665, 105.807655334, 62.5134086609, 145.201751709, 26.3962230682, 292.803527832, 78.8423233032, 87.8265228271, -27.7147102356, 35.570514679, -19.4656677246, 50.1976013184], [47.3890953064, -152.698150635, -54.6277580261, 46.4519233704, 22.7594432831, 53.7581520081, 78.8423233032, 128.219238281, 48.4298973083, 39.9769287109, 0.931648552418, 23.4561462402, 8.35918712616], [-380.265625, 51.1328392029, 48.5776176453, 31.9031238556, 63.7354545593, 24.016002655, 87.8265228271, 48.4298973083, 112.717399597, 38.0203742981, 44.7527275085, 9.81334972382, 37.011920929], [73.7567138672, -112.379966736, -19.6512622833, -17.6274852753, -14.9420957565, 39.8332023621, -27.7147102356, 39.9769287109, 38.0203742981, 99.9204101562, 32.3432579041, 42.2263832092, 6.12315320969], [-329.822631836, 101.875343323, 68.1968307495, -0.427833646536, 41.1926498413, -3.72993659973, 35.570514679, 0.931648552418, 44.7527275085, 32.3432579041, 98.2519226074, 24.4607105255, 27.7888336182], [56.4120025635, -75.8366012573, -40.4790382385, -19.6521606445, -18.0004768372, -0.132557108998, -19.4656677246, 23.4561462402, 9.81334972382, 42.2263832092, 24.4607105255, 73.0903778076, 21.3561573029], [-224.198654175, 54.0003890991, 6.66967391968, 26.0927524567, 23.2630558014, -8.01180934906, 50.1976013184, 8.35918712616, 37.011920929, 6.12315320969, 27.7888336182, 21.3561573029, 67.7889556885]],
        "icov": [[0.000409318687161, -0.00108278612606, 0.000792105449364, -0.00109662860632, 0.000860845670104, -0.00104944373015, 0.000893867923878, -0.00100123591255, 0.000897626508959, -0.000717370130587, 0.000972639012616, -0.000864744943101, 0.00105098239146], [-0.00108278612606, 0.00527467299253, -0.00237040081993, 0.00429851328954, -0.00188928272109, 0.00385908107273, -0.00344017986208, 0.00471339048818, -0.00385564495809, 0.00380142102949, -0.00480184983462, 0.00429006153718, -0.00375488516875], [0.000792105449364, -0.00237040081993, 0.00336882262491, -0.00174881913699, 0.000632369075902, -0.00264778849669, 0.00150749599561, -0.00102884822991, 0.00157465052325, -0.00154635962099, 0.00127223448362, -0.00126308773179, 0.0024866273161], [-0.00109662860632, 0.00429851328954, -0.00174881913699, 0.00748976692557, -0.00343597331084, 0.00271291611716, -0.0021844485309, 0.00225081667304, -0.00339191756211, 0.00433710077778, -0.00422737468034, 0.00513284932822, -0.0053460393101], [0.000860845670104, -0.00188928272109, 0.000632369075902, -0.00343597331084, 0.00934135913849, -0.00214464124292, -0.00114451616537, -0.000768877158407, -0.000198339344934, -0.000529059616383, 0.000521401932929, -0.0018608502578, 0.00362417148426], [-0.00104944373015, 0.00385908107273, -0.00264778849669, 0.00271291611716, -0.00214464124292, 0.0124797997996, -0.00331509299576, 0.000773736683186, -0.00242137955502, -0.00191267044283, -0.00208622124046, 0.0051632206887, -0.00203493540175], [0.000893867923878, -0.00344017986208, 0.00150749599561, -0.0021844485309, -0.00114451616537, -0.00331509299576, 0.0113801639527, -0.00926059484482, 2.02253977477e-05, 0.00307535915636, 0.00129915948492, -1.06969291664e-05, -0.00171289208811], [-0.00100123591255, 0.00471339048818, -0.00102884822991, 0.00225081667304, -0.000768877158407, 0.000773736683186, -0.00926059484482, 0.0216504316777, -0.00724431267008, -0.00175389170181, -1.85342128134e-06, -0.00237741158344, 0.00157526647672], [0.000897626508959, -0.00385564495809, 0.00157465052325, -0.00339191756211, -0.000198339344934, -0.00242137955502, 2.02253977477e-05, -0.00724431267008, 0.0223462730646, -0.0104058291763, -0.000125057704281, 0.00173843535595, -0.00390627654269], [-0.000717370130587, 0.00380142102949, -0.00154635962099, 0.00433710077778, -0.000529059616383, -0.00191267044283, 0.00307535915636, -0.00175389170181, -0.0104058291763, 0.0263050142676, -0.00878966972232, -0.00460894638672, -0.000662963546347], [0.000972639012616, -0.00480184983462, 0.00127223448362, -0.00422737468034, 0.000521401932929, -0.00208622124046, 0.00129915948492, -1.85342128134e-06, -0.000125057704281, -0.00878966972232, 0.0212150644511, -0.00826126802713, 0.00192476401571], [-0.000864744943101, 0.00429006153718, -0.00126308773179, 0.00513284932822, -0.0018608502578, 0.0051632206887, -1.06969291664e-05, -0.00237741158344, 0.00173843535595, -0.00460894638672, -0.00826126802713, 0.0287181790918, -0.01277258154], [0.00105098239146, -0.00375488516875, 0.0024866273161, -0.0053460393101, 0.00362417148426, -0.00203493540175, -0.00171289208811, 0.00157526647672, -0.00390627654269, -0.000662963546347, 0.00192476401571, -0.01277258154, 0.0280492417514]]
    },
    "melbands": {
        "dmean": [0.00222640368156, 0.00251337257214, 0.00182034401223, 0.000908208894543, 0.000572063145228, 0.000402949517593, 0.000233026905335, 0.000218865534407, 0.000123585137771, 9.04308035388e-05, 8.13983206172e-05, 6.08700356679e-05, 7.62976997066e-05, 3.69785557268e-05, 3.06951915263e-05, 3.08014059556e-05, 3.21179322782e-05, 1.6733614757e-05, 1.36803055284e-05, 1.16193605209e-05, 1.1824216017e-05, 1.16781111501e-05, 7.87705903349e-06, 1.01004852695e-05, 6.60238811179e-06, 6.0008364926e-06, 6.32322189631e-06, 4.50329571322e-06, 3.55244969796e-06, 3.58415877599e-06, 3.07425739265e-06, 1.53035330186e-06, 1.66477741459e-06, 1.13631358545e-06, 1.21828725241e-06, 8.51833704019e-07, 6.30750321307e-07, 5.22387381352e-07, 2.92251201017e-07, 1.92121561327e-07],
        "dmean2": [0.00309035531245, 0.00364152388647, 0.00285955518484, 0.00158433942124, 0.00101313518826, 0.00070275424514, 0.000387039850466, 0.000364202976925, 0.000204710784601, 0.000145807352965, 0.000131885055453, 0.000100069759355, 0.000121707365906, 6.04874549026e-05, 5.10609861522e-05, 5.02298717038e-05, 5.28852942807e-05, 2.82812252408e-05, 2.2501908461e-05, 1.9264740331e-05, 1.97988556465e-05, 1.85545031854e-05, 1.25737551571e-05, 1.60433373821e-05, 1.10736846182e-05, 9.6792155091e-06, 1.00538818515e-05, 7.07241224518e-06, 5.72845328861e-06, 5.65716982237e-06, 4.90221827931e-06, 2.45831188295e-06, 2.71816020359e-06, 1.77730589712e-06, 1.89845184195e-06, 1.34844253807e-06, 9.91971319309e-07, 8.06470382031e-07, 4.53671873402e-07, 3.01769603084e-07],
        "dvar": [8.22377114673e-06, 1.51147050929e-05, 1.51601207108e-05, 3.65717437489e-06, 1.34983224598e-06, 6.33836066299e-07, 1.30816758315e-07, 1.01561333565e-07, 4.01384809834e-08, 1.87770385907e-08, 1.35888500452e-08, 1.16490159741e-08, 1.35997515471e-08, 3.05664737965e-09, 2.25644347651e-09, 2.0521595534e-09, 3.01683478199e-09, 8.62764415466e-10, 6.13953277107e-10, 4.58282939375e-10, 4.1997758049e-10, 3.30833416218e-10, 1.47501053038e-10, 1.94750507387e-10, 9.35211838526e-11, 1.02648230194e-10, 1.15047651961e-10, 4.90016638377e-11, 2.82740861973e-11, 2.71129264873e-11, 2.3014186043e-11, 5.02059808657e-12, 7.21107158361e-12, 3.47874658767e-12, 4.01189324817e-12, 2.66543644795e-12, 8.68421599822e-13, 9.00493438497e-13, 2.1163782261e-13, 1.66915567197e-13],
        "dvar2": [1.92703500943e-05, 3.38099962391e-05, 2.86646063614e-05, 1.00648067018e-05, 3.79564403374e-06, 1.75557943294e-06, 3.42102595141e-07, 2.5349788757e-07, 1.03960289266e-07, 4.65301823738e-08, 3.45214701269e-08, 2.7556426474e-08, 3.156841899e-08, 7.35457383882e-09, 5.77546011016e-09, 5.07834929664e-09, 7.6579382835e-09, 2.29895014137e-09, 1.64360436372e-09, 1.22251953005e-09, 1.11010423076e-09, 7.80764286556e-10, 3.46101453053e-10, 4.70964156563e-10, 2.48068926512e-10, 2.61975857674e-10, 2.7634830535e-10, 1.08146894218e-10, 6.98213709072e-11, 6.13849665543e-11, 5.55246508493e-11, 1.23948655159e-11, 1.75331364011e-11, 8.01306417053e-12, 9.30535249549e-12, 6.52450185892e-12, 1.97013195688e-12, 2.26135104565e-12, 5.1259029573e-13, 4.51404213488e-13],
        "max": [0.0367079004645, 0.0405700244009, 0.0320974513888, 0.0186361540109, 0.00884433556348, 0.0113765234128, 0.00602770317346, 0.00323436688632, 0.00290872855112, 0.00226581678726, 0.00179972068872, 0.0022198362276, 0.00146856135689, 0.000621757470071, 0.000817899068352, 0.000529029406607, 0.000715398229659, 0.000410106847994, 0.000476081826491, 0.000328483758494, 0.000632016861346, 0.000315706274705, 0.000219877430936, 0.000156041714945, 0.000114019436296, 0.000306580972392, 0.000133303474286, 0.000117634641356, 7.11285319994e-05, 5.7766581449e-05, 5.87139584241e-05, 2.06538716157e-05, 2.30698660744e-05, 1.92541301658e-05, 2.21194113692e-05, 2.19581688725e-05, 7.63650677982e-06, 1.38642044476e-05, 6.71201360092e-06, 8.15995554149e-06],
        "mean": [0.00378026231192, 0.00392020493746, 0.00225765677169, 0.00095093267737, 0.000584103108849, 0.000447775761131, 0.000305106921587, 0.000267612980679, 0.000145068130223, 0.000134213201818, 0.000128462677822, 8.24731687317e-05, 9.27178480197e-05, 4.66339224658e-05, 3.7372316001e-05, 3.81700083381e-05, 3.877564086e-05, 2.00788545044e-05, 1.748701834e-05, 1.4580396055e-05, 1.39308467624e-05, 1.39777839649e-05, 1.10299888547e-05, 1.32672594191e-05, 8.59941428644e-06, 8.13974384073e-06, 8.50850665302e-06, 6.68112943458e-06, 5.31184332431e-06, 5.0006078709e-06, 4.10100665249e-06, 2.33848572861e-06, 2.3325994789e-06, 1.73539672232e-06, 1.68397582456e-06, 1.19799040021e-06, 9.66162360783e-07, 7.15350154223e-07, 4.05552867733e-07, 2.57630631495e-07],
        "median": [0.00225533545017, 0.00183499674313, 0.000774991582148, 0.000436882430222, 0.000271177093964, 0.000211161794141, 0.000170239305589, 0.000130269268993, 7.44106655475e-05, 7.64131109463e-05, 7.44618591852e-05, 4.28167331847e-05, 4.77305293316e-05, 2.51962555922e-05, 2.13259445445e-05, 2.017042425e-05, 1.87257392099e-05, 9.68065251072e-06, 9.46245745581e-06, 7.21222704669e-06, 5.54500320504e-06, 6.49913909001e-06, 4.68262032882e-06, 8.05955278338e-06, 4.67380232294e-06, 4.30109321314e-06, 3.89760270991e-06, 2.94429491987e-06, 2.71121598416e-06, 2.61981267613e-06, 2.0956199478e-06, 1.29787611058e-06, 9.6681856121e-07, 8.10183166777e-07, 7.3454015137e-07, 5.2047613508e-07, 4.29256004963e-07, 3.22948380926e-07, 1.88735199913e-07, 1.28725446302e-07],
        "min": [1.49108890862e-24, 6.60699160596e-25, 1.87268439708e-24, 2.63180642947e-24, 2.75186632608e-24, 3.22741140127e-24, 2.93941997845e-24, 3.27342703838e-24, 2.05734805753e-24, 2.76967564987e-24, 3.00374468273e-24, 2.78649002285e-24, 1.49516879861e-24, 3.44928641947e-24, 5.20869827917e-24, 4.9869234463e-24, 3.00586592971e-24, 5.39595926414e-24, 3.3034092748e-24, 3.48879415133e-24, 2.80883431078e-24, 4.08234374604e-24, 5.4248745662e-24, 6.08621452837e-24, 6.00901344474e-24, 3.70546742072e-24, 4.49297345733e-24, 5.80436517655e-24, 5.1898945962e-24, 3.03070775126e-24, 5.31089363172e-24, 6.11483519087e-24, 5.49633116471e-24, 6.92770310559e-24, 6.98775671972e-24, 6.82671786567e-24, 5.96811652883e-24, 6.16886821857e-24, 5.4579767475e-24, 5.58212728233e-24],
        "var": [1.72577583726e-05, 2.59157277469e-05, 1.83570464287e-05, 2.74544913736e-06, 9.97188863039e-07, 5.47816739527e-07, 1.48591041693e-07, 1.24676432733e-07, 4.26065369652e-08, 2.98216278338e-08, 2.5884888899e-08, 1.5708240042e-08, 1.64527129698e-08, 3.68151731323e-09, 2.40037434374e-09, 2.39527531143e-09, 3.30054183983e-09, 9.03591312884e-10, 6.4690625079e-10, 5.0657805728e-10, 5.20070098098e-10, 4.47437503714e-10, 2.40110847871e-10, 2.45604980798e-10, 1.14088495595e-10, 1.28143939904e-10, 1.47615614177e-10, 9.1304165617e-11, 4.45033315755e-11, 3.92567575669e-11, 2.89889535987e-11, 7.45745305786e-12, 9.37988402228e-12, 5.35182965652e-12, 5.24214309114e-12, 3.16220248771e-12, 1.47833394831e-12, 1.04133780592e-12, 2.81117360293e-13, 1.56567860348e-13]
    },
    "mfcc": {
        "mean": [-644.025695801, 130.925979614, 13.6296205521, 31.0259647369, -0.493228435516, 13.0145339966, 6.00968694687, 8.88300323486, 0.800999820232, 5.3616361618, 1.41379415989, 4.19005870819, -1.63606524467],
        "cov": [[7344.42578125, -838.782226562, -829.387268066, -278.999908447, -196.651245117, -207.977233887, -406.639526367, -218.582611084, -203.259399414, -128.242721558, -182.734527588, -73.5957717896, -133.865859985], [-838.782226562, 1282.6550293, 286.104217529, -21.1050987244, -44.1808357239, 15.5002889633, 40.5474815369, -11.7709131241, -45.2256240845, -56.303352356, 23.4045753479, -9.53229808807, 7.8401799202], [-829.387268066, 286.104217529, 496.997192383, 9.0849199295, 67.1159515381, 58.9983596802, 41.3761405945, -8.83802509308, -6.94959783554, -4.12998151779, 24.7172489166, 8.07667160034, 17.075302124], [-278.999908447, -21.1050987244, 9.0849199295, 307.561157227, 44.9887771606, 39.7458496094, 68.0771331787, 78.987411499, 50.8083877563, 41.0287475586, 2.68346071243, -2.41817307472, -10.7267847061], [-196.651245117, -44.1808357239, 67.1159515381, 44.9887771606, 146.833908081, 47.6657981873, 13.3258323669, -6.39871120453, -4.74899816513, 8.25000572205, 16.759929657, 16.1570682526, 13.4403276443], [-207.977233887, 15.5002889633, 58.9983596802, 39.7458496094, 47.6657981873, 98.8073501587, 44.8620834351, 26.779291153, 30.0627670288, 29.4557800293, 15.8049135208, 6.24282073975, 5.35919475555], [-406.639526367, 40.5474815369, 41.3761405945, 68.0771331787, 13.3258323669, 44.8620834351, 126.710472107, 74.9935073853, 47.304359436, 41.2934265137, 28.0510215759, 9.26058292389, 1.52234303951], [-218.582611084, -11.7709131241, -8.83802509308, 78.987411499, -6.39871120453, 26.779291153, 74.9935073853, 116.568069458, 74.359992981, 48.9795455933, 27.2935314178, 3.93700742722, -8.3334980011], [-203.259399414, -45.2256240845, -6.94959783554, 50.8083877563, -4.74899816513, 30.0627670288, 47.304359436, 74.359992981, 112.221199036, 67.1775131226, 25.4357776642, 12.0388145447, 5.87317180634], [-128.242721558, -56.303352356, -4.12998151779, 41.0287475586, 8.25000572205, 29.4557800293, 41.2934265137, 48.9795455933, 67.1775131226, 89.1104354858, 34.3601112366, 12.0575971603, 11.8248109818], [-182.734527588, 23.4045753479, 24.7172489166, 2.68346071243, 16.759929657, 15.8049135208, 28.0510215759, 27.2935314178, 25.4357776642, 34.3601112366, 66.974899292, 35.8411216736, 14.7097635269], [-73.5957717896, -9.53229808807, 8.07667160034, -2.41817307472, 16.1570682526, 6.24282073975, 9.26058292389, 3.93700742722, 12.0388145447, 12.0575971603, 35.8411216736, 62.312587738, 40.1432685852], [-133.865859985, 7.8401799202, 17.075302124, -10.7267847061, 13.4403276443, 5.35919475555, 1.52234303951, -8.3334980011, 5.87317180634, 11.8248109818, 14.7097635269, 40.1432685852, 73.9327850342]],
