{
"lowlevel": {
    "average_loudness": 0.891674220562,
    "barkbands_crest": {
        "dmean": 3.39053726196,
        "dmean2": 5.2166519165,
        "dvar": 9.68007469177,
        "dvar2": 22.5937709808,
        "max": 26.7100372314,
        "mean": 14.4555273056,
        "median": 13.8993291855,
        "min": 2.111287117,
        "var": 35.5425949097
    },
    "barkbands_flatness_db": {
        "dmean": 0.0440226793289,
        "dmean2": 0.0655507147312,
        "dvar": 0.00215956522152,
        "dvar2": 0.00483545241877,
        "max": 0.858067452908,
        "mean": 0.172912657261,
        "median": 0.148434817791,
        "min": 0.0134144118056,
        "var": 0.0119384573773
    },
    "barkbands_kurtosis": {
        "dmean": 21.6747951508,
        "dmean2": 33.7714004517,
        "dvar": 5980.60400391,
        "dvar2": 15203.5869141,
        "max": 2902.19824219,
        "mean": 28.271402359,
        "median": 8.84836101532,
        "min": -1.94015574455,
        "var": 6769.72070312
    },
    "barkbands_skewness": {
        "dmean": 1.41262686253,
        "dmean2": 2.11552047729,
        "dvar": 3.57750535011,
        "dvar2": 8.22435569763,
        "max": 42.6625099182,
        "mean": 3.46737909317,
        "median": 2.842192173,
        "min": -3.72825813293,
        "var": 9.90812778473
    },
    "barkbands_spread": {
        "dmean": 7.94268369675,
        "dmean2": 12.6675376892,
        "dvar": 88.0233459473,
        "dvar2": 205.65953064,
        "max": 125.536170959,
        "mean": 19.1843109131,
        "median": 15.4267644882,
        "min": 0.0146231744438,
        "var": 276.512939453
    },
    "dissonance": {
        "dmean": 0.014221733436,
        "dmean2": 0.0237140599638,
        "dvar": 0.000316361518344,
        "dvar2": 0.000866756250616,
        "max": 0.500000178814,
        "mean": 0.47444280982,
        "median": 0.480366021395,
        "min": 0.201855778694,
        "var": 0.000612905365415
    },
    "dynamic_complexity": 4.20648288727,
    "erbbands_crest": {
        "dmean": 2.26104021072,
        "dmean2": 3.73896384239,
        "dvar": 6.00938272476,
        "dvar2": 15.1655340195,
        "max": 28.768579483,
        "mean": 7.04806661606,
        "median": 5.87081861496,
        "min": 2.20791530609,
        "var": 14.3272705078
    },
    "erbbands_flatness_db": {
        "dmean": 0.0171937141567,
        "dmean2": 0.0261275544763,
        "dvar": 0.000499887333717,
        "dvar2": 0.00101353100035,
        "max": 0.552124559879,
        "mean": 0.120347127318,
        "median": 0.104998379946,
        "min": 0.0289726629853,
        "var": 0.00308706029318
    },
    "erbbands_kurtosis": {
        "dmean": 1.21831917763,
        "dmean2": 1.95934832096,
        "dvar": 23.2499351501,
        "dvar2": 58.0871086121,
        "max": 347.821960449,
        "mean": 1.41490149498,
        "median": -0.595801830292,
        "min": -1.90099990368,
        "var": 280.679840088
    },
    "erbbands_skewness": {
        "dmean": 0.413408011198,
        "dmean2": 0.646162211895,
        "dvar": 0.25826254487,
        "dvar2": 0.580383479595,
        "max": 12.7243967056,
        "mean": 0.129378557205,
        "median": -0.0748115107417,
        "min": -3.09170627594,
        "var": 1.20405066013
    },
    "erbbands_spread": {
        "dmean": 11.6776857376,
        "dmean2": 18.1191959381,
        "dvar": 145.213684082,
        "dvar2": 339.100311279,
        "max": 176.175018311,
        "mean": 54.4367675781,
        "median": 54.6181411743,
        "min": 0.438661515713,
        "var": 510.32510376
    },
    "hfc": {
        "dmean": 5.9131603241,
        "dmean2": 9.41258811951,
        "dvar": 90.9610824585,
        "dvar2": 238.359161377,
        "max": 90.2000961304,
        "mean": 12.8840894699,
        "median": 9.69005393982,
        "min": 1.08842019804e-16,
        "var": 164.421630859
    },
    "melbands_crest": {
        "dmean": 4.53159236908,
        "dmean2": 7.23898792267,
        "dvar": 17.3761863708,
        "dvar2": 42.3661231995,
        "max": 39.6295623779,
        "mean": 20.4827213287,
        "median": 20.414937973,
        "min": 1.58108901978,
        "var": 56.2615127563
    },
    "melbands_flatness_db": {
        "dmean": 0.051489379257,
        "dmean2": 0.0760989710689,
        "dvar": 0.00297992816195,
        "dvar2": 0.00666965870187,
        "max": 1,
        "mean": 0.261174887419,
        "median": 0.243867695332,
        "min": 0.00198604050092,
        "var": 0.0172246117145
    },
    "melbands_kurtosis": {
        "dmean": 42.4439506531,
        "dmean2": 66.3106307983,
        "dvar": 9873.05761719,
        "dvar2": 24004.5761719,
        "max": 2838.85571289,
        "mean": 67.7587966919,
        "median": 31.5117645264,
        "min": -1.79724192619,
        "var": 15524.3554688
    },
    "melbands_skewness": {
        "dmean": 1.85362064838,
        "dmean2": 2.83333063126,
        "dvar": 5.23673248291,
        "dvar2": 12.6183815002,
        "max": 48.2476387024,
        "mean": 5.62870311737,
        "median": 4.85374212265,
        "min": -2.28421282768,
        "var": 14.9496536255
    },
    "melbands_spread": {
        "dmean": 7.90898084641,
        "dmean2": 12.7014465332,
        "dvar": 156.567733765,
        "dvar2": 344.957122803,
        "max": 239.200454712,
        "mean": 17.4538021088,
        "median": 9.03130626678,
        "min": 0.0707011669874,
        "var": 599.956542969
    },
    "pitch_salience": {
        "dmean": 0.109874732792,
        "dmean2": 0.163127541542,
        "dvar": 0.0109035577625,
        "dvar2": 0.0245277695358,
        "max": 0.959345817566,
        "mean": 0.440192461014,
        "median": 0.451661646366,
        "min": 0.00598425697535,
        "var": 0.0390245467424
    },
    "silence_rate_20dB": {
        "dmean": 0,
        "dmean2": 0,
        "dvar": 0,
        "dvar2": 0,
        "max": 1,
        "mean": 1,
        "median": 1,
        "min": 1,
        "var": 0
    },
    "silence_rate_30dB": {
        "dmean": 0.0928497388959,
        "dmean2": 0.185718730092,
        "dvar": 0.0842191204429,
        "dvar2": 0.18150793016,
        "max": 1,
        "mean": 0.86882185936,
        "median": 1,
        "min": 0,
        "var": 0.113971859217
    },
    "silence_rate_60dB": {
        "dmean": 0.0516062192619,
        "dmean2": 0.103223130107,
        "dvar": 0.0489408709109,
        "dvar2": 0.108536876738,
        "max": 1,
        "mean": 0.125271990895,
        "median": 0,
        "min": 0,
        "var": 0.109571710229
    },
    "spectral_centroid": {
        "dmean": 376.661010742,
        "dmean2": 594.239135742,
        "dvar": 198138.859375,
        "dvar2": 442650.71875,
        "max": 11554.1748047,
        "mean": 1460.48217773,
        "median": 1352.93762207,
        "min": 53.6012687683,
        "var": 1056429.125
    },
    "spectral_complexity": {
        "dmean": 4.74694299698,
        "dmean2": 7.41050863266,
        "dvar": 37.353553772,
        "dvar2": 81.3109207153,
        "max": 50,
        "mean": 13.8258209229,
        "median": 12,
        "min": 0,
        "var": 107.110794067
    },
    "spectral_decrease": {
        "dmean": 5.54183055002e-09,
        "dmean2": 8.63888161007e-09,
        "dvar": 6.15973741249e-17,
        "dvar2": 1.47612153785e-16,
        "max": 1.6036947813e-28,
        "mean": -1.12915738981e-08,
        "median": -6.13729911336e-09,
        "min": -8.41130329832e-08,
        "var": 1.61049709454e-16
    },
    "spectral_energy": {
        "dmean": 0.0212738029659,
        "dmean2": 0.033198107034,
        "dvar": 0.000906138448045,
        "dvar2": 0.00217819935642,
        "max": 0.31941729784,
        "mean": 0.0437857061625,
        "median": 0.0240757539868,
        "min": 1.01986126948e-20,
        "var": 0.00236410228536
    },
    "spectral_energyband_high": {
        "dmean": 0.000288413953967,
        "dmean2": 0.000449101586128,
        "dvar": 2.23842349101e-07,
        "dvar2": 5.77938408242e-07,
        "max": 0.00538633856922,
        "mean": 0.00061450432986,
        "median": 0.000397968251491,
        "min": 7.27182150534e-21,
        "var": 5.26189410266e-07
    },
    "spectral_energyband_low": {
        "dmean": 0.0169933643192,
        "dmean2": 0.0240844581276,
        "dvar": 0.000643079634756,
        "dvar2": 0.00127581588458,
        "max": 0.317597538233,
        "mean": 0.0334459617734,
        "median": 0.0158940777183,
        "min": 1.38522160577e-23,
        "var": 0.00197440409102
    },
    "spectral_energyband_middle_high": {
        "dmean": 0.00111156131607,
        "dmean2": 0.0018140001921,
        "dvar": 3.34576770911e-06,
        "dvar2": 8.77150887391e-06,
        "max": 0.0164150204509,
        "mean": 0.00204325257801,
        "median": 0.00142507243436,
        "min": 1.09418102413e-21,
        "var": 4.92869048685e-06
    },
    "spectral_energyband_middle_low": {
        "dmean": 0.00888301059604,
        "dmean2": 0.0148906661198,
        "dvar": 0.000506728363689,
        "dvar2": 0.00131618930027,
        "max": 0.182401195168,
        "mean": 0.00918401964009,
        "median": 0.00345856463537,
        "min": 1.98428898274e-22,
        "var": 0.000406822917284
    },
    "spectral_entropy": {
        "dmean": 0.250268548727,
        "dmean2": 0.377340823412,
        "dvar": 0.0849991366267,
        "dvar2": 0.185673370957,
        "max": 9.82002544403,
        "mean": 7.596596241,
        "median": 7.72630596161,
        "min": 2.86114811897,
        "var": 0.452575594187
    },
    "spectral_flux": {
        "dmean": 0.0422902517021,
        "dmean2": 0.0671257972717,
        "dvar": 0.00239689042792,
        "dvar2": 0.00511015346274,
        "max": 0.414256870747,
        "mean": 0.104683898389,
        "median": 0.077921025455,
        "min": 6.46544068283e-11,
        "var": 0.0066928952001
    },
    "spectral_kurtosis": {
        "dmean": 2.87479758263,
        "dmean2": 4.64779949188,
        "dvar": 139.498184204,
        "dvar2": 327.238739014,
        "max": 292.054718018,
        "mean": 5.96951723099,
        "median": 3.31195163727,
        "min": -1.26448249817,
        "var": 236.211425781
    },
    "spectral_rms": {
        "dmean": 0.00146568019409,
        "dmean2": 0.00221146736294,
        "dvar": 2.82063820123e-06,
        "dvar2": 6.52639300824e-06,
        "max": 0.0176529493183,
        "mean": 0.00554011575878,
        "median": 0.00484649790451,
        "min": 3.15434093776e-12,
        "var": 1.20246932056e-05
    },
    "spectral_rolloff": {
        "dmean": 496.806427002,
        "dmean2": 825.453369141,
        "dvar": 782596.625,
        "dvar2": 1681360.375,
        "max": 19487.5488281,
        "mean": 1105.62255859,
        "median": 258.3984375,
        "min": 21.533203125,
        "var": 4872903
    },
    "spectral_skewness": {
        "dmean": 0.300752073526,
        "dmean2": 0.46196320653,
        "dvar": 0.428214013577,
        "dvar2": 0.935253560543,
        "max": 14.0349836349,
        "mean": 1.58785736561,
        "median": 1.40815556049,
        "min": -0.0560293011367,
        "var": 1.12904512882
    },
    "spectral_spread": {
        "dmean": 544015.4375,
        "dmean2": 853676.375,
        "dvar": 933994299392,
        "dvar2": 1.96722098176e+12,
        "max": 44843656,
        "mean": 5234062.5,
        "median": 5197418.5,
        "min": 382733.125,
        "var": 7.29709910426e+12
    },
    "spectral_strongpeak": {
        "dmean": 0.222863271832,
        "dmean2": 0.360793501139,
        "dvar": 0.0829753875732,
        "dvar2": 0.223863214254,
        "max": 4.52352523804,
        "mean": 0.405169218779,
        "median": 0.269852876663,
        "min": 0,
        "var": 0.151120990515
    },
    "zerocrossingrate": {
        "dmean": 0.0119559587911,
        "dmean2": 0.0138736851513,
        "dvar": 0.000221326976316,
        "dvar2": 0.000266153976554,
        "max": 0.77490234375,
        "mean": 0.0523015968502,
        "median": 0.0380859375,
        "min": 0.00146484375,
        "var": 0.00381568772718
    },
    "barkbands": {
        "dmean": [0.00133745826315, 0.0151863023639, 0.004638209939, 0.00381035334431, 0.00507628079504, 0.000825417577289, 0.000263380061369, 0.000149341329234, 0.000158865106641, 0.000194646403543, 0.000124595040688, 0.00014146353351, 0.000172211162862, 0.000159027607879, 0.000149680796312, 0.000130334388814, 0.000115811031719, 0.000132947345264, 0.000143583281897, 7.0687608968e-05, 8.9729008323e-05, 5.76357087994e-05, 4.71559505968e-05, 3.96452087443e-05, 3.28195237671e-05, 3.05232097162e-05, 1.16788032756e-05],
        "dmean2": [0.00216043740511, 0.0212589949369, 0.0072941579856, 0.00648411083966, 0.00932436436415, 0.00143449741881, 0.000457484653452, 0.000252346566413, 0.000255796534475, 0.000330367474817, 0.000213531995541, 0.000235053114011, 0.000286036462057, 0.000257652282016, 0.000248379743425, 0.000215009131352, 0.000195988890482, 0.000228649674682, 0.000238396198256, 0.000116955372505, 0.000141814685776, 9.3086695415e-05, 7.41283511161e-05, 6.37254051981e-05, 5.71310192754e-05, 5.38700078323e-05, 2.01356069738e-05],
        "dvar": [5.00832402395e-06, 0.000658641802147, 0.0001181035841, 9.72191046458e-05, 0.00022326153703, 3.82135931432e-06, 4.38590291196e-07, 1.98648521632e-07, 1.01354736159e-07, 1.66263433243e-07, 6.80238301243e-08, 6.62955486064e-08, 8.7945004168e-08, 8.57887272332e-08, 6.83181653471e-08, 5.00052230734e-08, 3.47325048722e-08, 6.31517096394e-08, 6.2732866013e-08, 1.04581792115e-08, 2.14358681916e-08, 8.57343440686e-09, 5.81002357336e-09, 5.69166402897e-09, 5.52056445002e-09, 6.79118494773e-09, 1.01503494498e-09],
        "dvar2": [1.32487921292e-05, 0.00122528988868, 0.000284558540443, 0.00025118101621, 0.000629434071016, 1.08409203676e-05, 1.20978506857e-06, 5.30454428826e-07, 2.5727939601e-07, 4.447404649e-07, 1.90331959971e-07, 1.71589533693e-07, 2.22755701884e-07, 2.10143198842e-07, 1.76118660988e-07, 1.26301699765e-07, 9.35384036893e-08, 1.70088767959e-07, 1.59230935992e-07, 2.78040026558e-08, 5.27342827183e-08, 2.14872120097e-08, 1.38471385469e-08, 1.5006317966e-08, 1.68894533914e-08, 2.07489989634e-08, 2.89676416187e-09],
        "max": [0.0508037880063, 0.304047584534, 0.108775451779, 0.108356803656, 0.12153390795, 0.0230712518096, 0.0102752242237, 0.0142775448039, 0.0100091425702, 0.00506400037557, 0.00397054059431, 0.00462159700692, 0.00435604248196, 0.00590292224661, 0.00420189322904, 0.00312293227762, 0.00314249726944, 0.00304933148436, 0.00329482974485, 0.00156572228298, 0.00232485355809, 0.00167325767688, 0.00146716437303, 0.00112157431431, 0.00101280468516, 0.00105382746551, 0.000598560844082],
        "mean": [0.00193606957328, 0.0250411108136, 0.00499377539381, 0.00355170760304, 0.00382292084396, 0.00105076958425, 0.000313698168611, 0.000171234991285, 0.000218585293624, 0.000204973883228, 0.000146994061652, 0.000187520330655, 0.000242388661718, 0.00022043917852, 0.000226588294026, 0.000192531981156, 0.000168617174495, 0.000190070772078, 0.000214858097024, 0.00013008377573, 0.000166504454683, 0.000108019266918, 9.29373709369e-05, 7.85277297837e-05, 5.4335603636e-05, 4.54416476714e-05, 1.48594372149e-05],
        "median": [0.000573883298784, 0.0083250971511, 0.00128720211796, 0.0006009817007, 0.000806224998087, 0.000525373441633, 0.000134096393595, 6.04141387157e-05, 9.30852183956e-05, 7.25039571989e-05, 4.66820056317e-05, 7.0706832048e-05, 0.000104468752397, 7.6956981502e-05, 0.000101756064396, 9.27386790863e-05, 9.52776463237e-05, 9.22891122173e-05, 0.000119697484479, 9.14800766623e-05, 9.0563626145e-05, 6.4436600951e-05, 5.47950767213e-05, 3.80292331101e-05, 2.84045254375e-05, 1.80979423021e-05, 2.99849307339e-06],
        "min": [3.42219077301e-25, 1.34830626806e-24, 8.57524048665e-25, 1.36214959366e-24, 1.35501533285e-23, 1.06165744706e-23, 8.88592329619e-24, 7.68652813184e-24, 1.84264733483e-23, 1.80162672553e-23, 2.23051351807e-23, 2.37689565205e-23, 2.42853638017e-23, 2.52117484063e-23, 2.36679444593e-23, 7.03225383903e-23, 5.69062863119e-23, 1.22916393501e-22, 1.37534655029e-22, 1.6902686589e-22, 3.020237658e-22, 3.40505864883e-22, 4.85023642863e-22, 6.0545773722e-22, 9.32742671985e-22, 1.39673717638e-21, 2.07819152653e-21],
        "var": [1.09052934931e-05, 0.00161719997413, 0.000116582261398, 8.76770063769e-05, 0.000134773625177, 2.99778162116e-06, 3.53366488071e-07, 1.64024243077e-07, 1.21955537224e-07, 1.48536727806e-07, 7.48475699197e-08, 8.98630077018e-08, 1.27953001083e-07, 1.27708858599e-07, 1.03552316943e-07, 7.69968266923e-08, 4.63026665898e-08, 7.86100784467e-08, 8.61358273596e-08, 2.01700309788e-08, 4.3675562722e-08, 1.73763154976e-08, 1.32767699057e-08, 1.44584006989e-08, 6.88866563792e-09, 6.91818646814e-09, 1.0632044134e-09]
    },
    "erbbands": {
        "dmean": [0.495596170425, 3.444647789, 5.4638967514, 7.58536291122, 16.9703235626, 16.5200004578, 10.9641819, 5.75031137466, 4.01750326157, 3.49834799767, 3.35920548439, 3.59649848938, 5.05572986603, 5.10342931747, 5.55438041687, 6.13973903656, 7.85956764221, 7.76705980301, 7.4738202095, 7.59738731384, 7.39843177795, 6.19671678543, 6.86189937592, 7.58927059174, 5.96578884125, 3.52199244499, 3.53192806244, 3.32503557205, 2.17182469368, 1.66709983349, 1.30263710022, 1.02861905098, 0.58223003149, 0.368772804737, 0.237844452262, 0.134888529778, 0.054211370647, 0.0193326901644, 0.00184635655023, 4.33303648606e-05],
        "dmean2": [0.720461666584, 4.71642065048, 7.74550533295, 12.1538181305, 30.5672702789, 30.5760059357, 20.0585918427, 9.80655193329, 6.94613409042, 6.06201982498, 5.62666940689, 5.79809904099, 8.48732566833, 8.66197872162, 9.53546714783, 10.1680002213, 12.9384450912, 12.7060375214, 12.365571022, 12.4809236526, 12.2410564423, 10.5808238983, 11.636259079, 12.6051311493, 9.97067451477, 5.81438064575, 5.63026380539, 5.32496643066, 3.51678371429, 2.60546898842, 2.02388596535, 1.65658116341, 0.967192709446, 0.628769934177, 0.418714255095, 0.239549472928, 0.0951118841767, 0.0340972207487, 0.00317060831003, 7.07153885742e-05],
        "dvar": [0.651295900345, 38.864315033, 118.089988708, 307.027404785, 2609.52514648, 2464.38110352, 1037.08813477, 150.295898438, 79.1923904419, 131.916473389, 87.802444458, 56.7523956299, 116.734558105, 97.2072372437, 132.291259766, 131.317687988, 183.784133911, 205.913757324, 182.226119995, 166.87802124, 163.631973267, 106.382904053, 165.168502808, 170.916625977, 108.757385254, 27.1974506378, 31.6816959381, 29.4533443451, 13.0667314529, 6.72894573212, 4.40269899368, 3.57297086716, 1.47988772392, 0.610046744347, 0.324068784714, 0.122261144221, 0.0207546073943, 0.00269059906714, 2.63217716565e-05, 5.9923839224e-09],
        "dvar2": [1.47477865219, 68.8609161377, 256.636566162, 698.160095215, 7225.98339844, 7014.62890625, 2997.11547852, 415.610229492, 219.173309326, 357.876159668, 233.518676758, 141.267196655, 313.349029541, 261.079345703, 376.82043457, 338.279724121, 459.417205811, 516.602478027, 458.78729248, 434.689971924, 425.186645508, 291.859832764, 444.948272705, 428.478179932, 289.044006348, 70.7405166626, 80.4345016479, 74.131942749, 34.0952262878, 15.4166059494, 10.5856456757, 9.42795848846, 4.1040802002, 1.79950606823, 0.996751308441, 0.376130521297, 0.0619610622525, 0.00826248526573, 7.45960278437e-05, 1.68809126677e-08],
        "max": [10.9882154465, 67.2053756714, 98.4792480469, 236.174545288, 487.273284912, 494.588348389, 327.703216553, 167.90776062, 137.718017578, 296.091278076, 265.80670166, 262.344116211, 197.554244995, 119.39704895, 169.384246826, 240.071426392, 230.56678772, 299.806274414, 188.489395142, 200.162826538, 214.070297241, 139.114532471, 188.323059082, 148.224349976, 142.883712769, 89.7408981323, 115.661621094, 46.7923431396, 85.4478759766, 30.6318187714, 59.2256164551, 26.4996585846, 23.8974170685, 13.2110719681, 7.14032363892, 4.38607597351, 1.91892683506, 0.759320497513, 0.0971899479628, 0.00129985180683],
        "mean": [0.760187625885, 5.35863351822, 7.11374807358, 9.0174369812, 13.1226701736, 12.565612793, 10.4792051315, 7.69552469254, 5.21098470688, 3.88889670372, 4.23121881485, 5.07549619675, 5.71336984634, 5.97717857361, 6.80320596695, 8.63493919373, 11.4096126556, 11.1296396255, 11.2237815857, 11.7819385529, 11.184592247, 9.13566875458, 10.077504158, 11.6743354797, 9.27400875092, 6.51120376587, 6.42370653152, 5.81808137894, 3.9923825264, 3.29746675491, 2.54842162132, 1.92089080811, 1.12020266056, 0.648127019405, 0.364007294178, 0.190370500088, 0.0814126506448, 0.027392661199, 0.0023204931058, 8.34924576338e-05],
        "median": [0.252067327499, 1.55724203587, 2.52413320541, 2.5127491951, 2.19917702675, 2.64539361, 3.59658241272, 3.94492506981, 2.48194861412, 1.43673837185, 1.86314415932, 2.16736388206, 2.25323343277, 2.64330291748, 2.70837426186, 3.96182537079, 5.10027360916, 4.28456449509, 4.82665634155, 5.52858114243, 5.73903036118, 5.30912542343, 5.3659453392, 6.36765432358, 5.71414279938, 4.43116998672, 4.06166887283, 3.05924534798, 2.42457413673, 1.87124192715, 1.51945877075, 0.929999828339, 0.578984975815, 0.345615267754, 0.18519102037, 0.0862924978137, 0.0296898968518, 0.00737838167697, 0.000494809472002, 5.12870283274e-05],
        "min": [3.96603070207e-23, 5.97210619286e-22, 2.60219469261e-21, 5.64026025366e-21, 2.12540665663e-20, 5.37234065378e-20, 7.84213426492e-20, 1.18299972012e-19, 1.14349783921e-19, 2.23052276554e-19, 2.2267314349e-19, 4.84059477021e-19, 7.99130245897e-19, 8.44113206487e-19, 1.43965284864e-18, 1.75122593599e-18, 1.54718002102e-18, 1.90785754806e-18, 1.87636657535e-18, 4.45044717608e-18, 4.21486655122e-18, 4.22813370106e-18, 7.1387663825e-18, 6.2534643378e-18, 8.2882422043e-18, 7.93036830254e-18, 8.22789524271e-18, 1.21447567434e-17, 1.22380668524e-17, 1.24327694521e-17, 1.37455042571e-17, 1.02261460541e-17, 1.01482893333e-17, 8.38036696348e-18, 6.44028514709e-18, 4.52743907955e-18, 2.52243020252e-18, 1.05234961845e-18, 2.57170038852e-19, 2.9968776211e-20],
        "var": [1.40335452557, 88.1295623779, 170.389465332, 355.217346191, 1691.29077148, 1460.10998535, 638.418457031, 136.243545532, 71.2625350952, 98.1539382935, 77.0481491089, 71.7593765259, 109.287727356, 94.686416626, 136.819488525, 182.067886353, 279.685119629, 303.663543701, 281.905670166, 278.621765137, 243.990859985, 129.462646484, 200.218383789, 261.540618896, 140.168411255, 53.5431404114, 59.2401618958, 56.4674720764, 24.4989147186, 16.775390625, 9.9659948349, 8.89710044861, 2.76580643654, 0.910696804523, 0.350551068783, 0.119037993252, 0.0221943762153, 0.00285302172415, 2.74550220638e-05, 9.98211735492e-09]
    },
    "gfcc": {
        "mean": [-38.1670761108, 74.4769897461, -88.063041687, 48.3445167542, -35.1100883484, 19.0175132751, -28.1253108978, 8.15202999115, -20.4853134155, 7.05053806305, -11.9155015945, 5.23764562607, -9.87175369263],
        "cov": [[21827.8886719, -957.913574219, -1115.40075684, 367.508026123, -615.109619141, 280.29208374, -855.688232422, -44.5826416016, -747.661621094, 144.106643677, -580.185546875, 241.234436035, -501.013427734], [-957.913574219, 2338.77441406, 353.515869141, -89.2881774902, 312.570037842, -254.138290405, 137.435470581, -186.164642334, 125.008857727, -161.741943359, 126.847175598, -178.892547607, 142.974639893], [-1115.40075684, 353.515869141, 1013.07409668, 188.959747314, 318.090789795, 93.3846282959, 229.222793579, 40.8510360718, 129.936264038, 18.8920154572, 51.2822227478, -54.2563934326, 10.4230976105], [367.508026123, -89.2881774902, 188.959747314, 440.111602783, 65.7910766602, 116.12966156, 43.626033783, 45.1633644104, 54.9624404907, 27.4539241791, 40.1666412354, -26.0442066193, 4.5238237381], [-615.109619141, 312.570037842, 318.090789795, 65.7910766602, 371.405914307, 69.9736785889, 174.828781128, 27.375787735, 109.563804626, 15.7558727264, 52.6424560547, -18.4131278992, 20.9249267578], [280.29208374, -254.138290405, 93.3846282959, 116.12966156, 69.9736785889, 212.366516113, 88.2141113281, 80.2594299316, 45.1399993896, 52.5246582031, 15.2802505493, 28.112865448, -14.3778676987], [-855.688232422, 137.435470581, 229.222793579, 43.626033783, 174.828781128, 88.2141113281, 251.779174805, 94.5702972412, 135.841781616, 38.2833404541, 69.1068878174, -5.38099861145, 33.2137031555], [-44.5826416016, -186.164642334, 40.8510360718, 45.1633644104, 27.375787735, 80.2594299316, 94.5702972412, 145.090988159, 80.5718154907, 64.9946212769, 25.1693725586, 32.4333992004, 5.6307477951], [-747.661621094, 125.008857727, 129.936264038, 54.9624404907, 109.563804626, 45.1399993896, 135.841781616, 80.5718154907, 169.400787354, 60.7246055603, 83.2179489136, 3.02841353416, 43.3326339722], [144.106643677, -161.741943359, 18.8920154572, 27.4539241791, 15.7558727264, 52.5246582031, 38.2833404541, 64.9946212769, 60.7246055603, 109.476478577, 47.3239860535, 42.9111633301, 5.9626121521], [-580.185546875, 126.847175598, 51.2822227478, 40.1666412354, 52.6424560547, 15.2802505493, 69.1068878174, 25.1693725586, 83.2179489136, 47.3239860535, 120.901580811, 29.7623062134, 52.59973526], [241.234436035, -178.892547607, -54.2563934326, -26.0442066193, -18.4131278992, 28.112865448, -5.38099861145, 32.4333992004, 3.02841353416, 42.9111633301, 29.7623062134, 106.60887146, 26.7838745117], [-501.013427734, 142.974639893, 10.4230976105, 4.5238237381, 20.9249267578, -14.3778676987, 33.2137031555, 5.6307477951, 43.3326339722, 5.9626121521, 52.59973526, 26.7838745117, 94.4740447998]],
        "icov": [[9.89517575363e-05, -0.00016484974185, 9.27761066123e-05, -0.000207234028494, 3.48399116774e-05, -0.000181798008271, 0.000141620068462, -0.000113605048682, 0.000345527543686, -0.000492559978738, 0.000518777465913, -0.000468169950182, 0.000412020075601], [-0.00016484974185, 0.00123439123854, -0.000271560071269, 0.000584122724831, -0.000617359764874, 0.00103241938632, -0.000311008043354, 0.000887643138412, -0.00104806188028, 0.0017857515486, -0.00181734620128, 0.00199873768725, -0.00157684786245], [9.27761066123e-05, -0.000271560071269, 0.00165230548009, -0.000748822581954, -0.000737342867069, -0.000112760630145, -0.000871429103427, 0.00029919311055, 0.000306842615828, -0.00081100105308, 0.000950141227804, -0.000357114535291, 0.000673910952173], [-0.000207234028494, 0.000584122724831, -0.000748822581954, 0.00373042584397, -0.000252517784247, -0.00148164306302, 0.00126322195865, -0.000519274675753, -0.00100593233947, 0.00159255927429, -0.00285140494816, 0.00313419895247, -0.00160184514243], [3.48399116774e-05, -0.000617359764874, -0.000737342867069, -0.000252517784247, 0.00533034652472, -0.00116807816084, -0.00242181797512, 0.00173712312244, -0.0013848306844, -0.000363660685252, 0.00102024897933, -0.00134239031468, 0.00107268372085], [-0.000181798008271, 0.00103241938632, -0.000112760630145, -0.00148164306302, -0.00116807816084, 0.00920456554741, -0.00295860529877, -0.00105870724656, 0.000286522728857, -0.000177871756023, -0.000376117910491, -0.000717128801625, 0.000612152158283], [0.000141620068462, -0.000311008043354, -0.000871429103427, 0.00126322195865, -0.00242181797512, -0.00295860529877, 0.0120424684137, -0.00534874713048, -0.00322133372538, 0.00202923128381, -0.00215041311458, 0.00161610497162, -0.000482845993247], [-0.000113605048682, 0.000887643138412, 0.00029919311055, -0.000519274675753, 0.00173712312244, -0.00105870724656, -0.00534874713048, 0.0168148521334, -0.00641696481034, -0.00340517936274, 0.00382979400456, -0.00258508650586, 0.000137213253765], [0.000345527543686, -0.00104806188028, 0.000306842615828, -0.00100593233947, -0.0013848306844, 0.000286522728857, -0.00322133372538, -0.00641696481034, 0.0195496920496, -0.00687743118033, -0.00392043869942, 0.00260174344294, -0.00178957614116], [-0.000492559978738, 0.0017857515486, -0.00081100105308, 0.00159255927429, -0.000363660685252, -0.000177871756023, 0.00202923128381, -0.00340517936274, -0.00687743118033, 0.0215347316116, -0.00860754121095, -0.00114996451885, 0.00115533079952], [0.000518777465913, -0.00181734620128, 0.000950141227804, -0.00285140494816, 0.00102024897933, -0.000376117910491, -0.00215041311458, 0.00382979400456, -0.00392043869942, -0.00860754121095, 0.0220433939248, -0.00750356027856, -0.00202647224069], [-0.000468169950182, 0.00199873768725, -0.000357114535291, 0.00313419895247, -0.00134239031468, -0.000717128801625, 0.00161610497162, -0.00258508650586, 0.00260174344294, -0.00114996451885, -0.00750356027856, 0.0197966638952, -0.00839972961694], [0.000412020075601, -0.00157684786245, 0.000673910952173, -0.00160184514243, 0.00107268372085, 0.000612152158283, -0.000482845993247, 0.000137213253765, -0.00178957614116, 0.00115533079952, -0.00202647224069, -0.00839972961694, 0.019433343783]]
    },
    "melbands": {
        "dmean": [0.0043210433796, 0.00311525911093, 0.00156406313181, 0.0012247035047, 0.000453959859442, 0.000131446198793, 5.91239149799e-05, 3.59653058695e-05, 2.75363236142e-05, 2.21971477004e-05, 2.65249964286e-05, 2.2237541998e-05, 1.86710240087e-05, 1.64976063388e-05, 1.79070539161e-05, 1.52952034114e-05, 1.5215183339e-05, 1.27013408928e-05, 1.04394821392e-05, 9.34285162657e-06, 8.87493661139e-06, 6.77421212458e-06, 5.97728057983e-06, 7.36266156309e-06, 6.31845796306e-06, 5.61566957913e-06, 3.07738264382e-06, 2.24536051974e-06, 2.15960380956e-06, 2.66927918346e-06, 1.84507678114e-06, 1.31607669118e-06, 1.09501661427e-06, 9.73974351837e-07, 8.27630458389e-07, 7.24277697373e-07, 6.19161539817e-07, 4.54770741953e-07, 3.55331906121e-07, 3.18292251222e-07],
        "dmean2": [0.00609523570165, 0.00427867658436, 0.00253121485002, 0.00222559692338, 0.000837082508951, 0.000224887975492, 0.000102470265119, 6.21848012088e-05, 4.582469046e-05, 3.5810040572e-05, 4.46768353868e-05, 3.78990043828e-05, 3.18362071994e-05, 2.75550537481e-05, 2.98023896903e-05, 2.55928589468e-05, 2.48277028732e-05, 2.1051551812e-05, 1.74434335349e-05, 1.51733474922e-05, 1.48262706716e-05, 1.16155406431e-05, 1.00596898847e-05, 1.27027051349e-05, 1.04744158307e-05, 9.45353531279e-06, 5.17082708029e-06, 3.70534962713e-06, 3.55935208063e-06, 4.2118881538e-06, 3.00337001136e-06, 2.1688799734e-06, 1.74360616256e-06, 1.53556402438e-06, 1.30421506128e-06, 1.18931382076e-06, 9.95015170702e-07, 7.62039292113e-07, 5.96606980707e-07, 5.47534057205e-07],
        "dvar": [4.97920445923e-05, 2.97684800898e-05, 1.46854663399e-05, 1.26617733258e-05, 1.84943257864e-06, 8.09615485764e-08, 1.78596266664e-08, 1.3606760163e-08, 5.1473669771e-09, 2.03066008453e-09, 3.20877724391e-09, 2.00523975202e-09, 1.53726154029e-09, 9.46987599448e-10, 9.3132568324e-10, 6.61150745263e-10, 8.41368252846e-10, 5.16311882137e-10, 3.43710004902e-10, 2.40367503679e-10, 2.35290009698e-10, 1.28832680635e-10, 1.04680035473e-10, 2.1844073772e-10, 1.16432960495e-10, 1.12611892034e-10, 2.30023101261e-11, 1.15637542944e-11, 1.18191194678e-11, 2.2406828129e-11, 9.47907724536e-12, 4.93325779533e-12, 3.08273827472e-12, 2.44122842601e-12, 1.89551521181e-12, 1.59613077963e-12, 1.38057805205e-12, 8.97503751006e-13, 5.14698418434e-13, 4.56935867182e-13],
        "dvar2": [9.9089309515e-05, 5.4764059314e-05, 3.54501353286e-05, 3.53258292307e-05, 5.33872298547e-06, 2.25215956107e-07, 4.93345417851e-08, 3.67726755712e-08, 1.35631541553e-08, 5.12047160228e-09, 8.6320319781e-09, 5.39441202818e-09, 4.31638680354e-09, 2.45417086653e-09, 2.40768849302e-09, 1.71628411483e-09, 2.10010697721e-09, 1.30216104566e-09, 8.90467699577e-10, 5.91155790985e-10, 6.20287154973e-10, 3.54346774145e-10, 2.77323081166e-10, 5.98575189414e-10, 2.86798806926e-10, 3.00652114316e-10, 6.14428993795e-11, 2.97501433211e-11, 3.14383623301e-11, 5.26944217427e-11, 2.543137749e-11, 1.29377853916e-11, 7.61723323306e-12, 5.79102954826e-12, 4.67511099278e-12, 4.21014785534e-12, 3.62290818005e-12, 2.53385919018e-12, 1.43867123076e-12, 1.36218130959e-12],
        "max": [0.091158054769, 0.0584158264101, 0.0393583066761, 0.0289899948984, 0.0124147906899, 0.00369828380644, 0.00206837337464, 0.00357281300239, 0.00202440377325, 0.0014263704652, 0.000979175092652, 0.000501851725858, 0.000552876270376, 0.000449385523098, 0.000432006781921, 0.000330410053721, 0.000676893047057, 0.00029734428972, 0.000339858495863, 0.000197370754904, 0.000256415194599, 0.000169506005477, 0.000221446738578, 0.000228089906159, 0.000138938135933, 0.000140822012327, 8.05232339189e-05, 6.42435770715e-05, 7.46390869608e-05, 9.09138398129e-05, 3.77183096134e-05, 3.89226006519e-05, 4.12542540289e-05, 1.64862758538e-05, 5.25598698005e-05, 1.50122514242e-05, 2.21861264436e-05, 1.89056136151e-05, 1.54535828187e-05, 1.09794482341e-05],
        "mean": [0.0070914956741, 0.00505669508129, 0.00174162734766, 0.000932164140977, 0.000406252947869, 0.000176718021976, 7.55578730605e-05, 3.95413881051e-05, 3.59483419743e-05, 3.05615540128e-05, 2.89110976155e-05, 2.47844964179e-05, 2.23307433771e-05, 2.13772163988e-05, 2.54324331763e-05, 2.17545129999e-05, 2.0890698579e-05, 1.82583225978e-05, 1.52011871251e-05, 1.46151996887e-05, 1.2684230569e-05, 9.45714054978e-06, 8.45920749271e-06, 1.0165023923e-05, 9.35895332077e-06, 7.87333647168e-06, 5.24577080796e-06, 3.91793082599e-06, 3.7055942812e-06, 4.36088339484e-06, 3.04273930851e-06, 2.23930669563e-06, 2.03366312235e-06, 1.77200206508e-06, 1.51941003423e-06, 1.25642793591e-06, 1.13063902063e-06, 8.07040635209e-07, 6.50824063086e-07, 5.08485811679e-07],
        "median": [0.00245152274147, 0.00188154540956, 0.000458958209492, 0.000178357862751, 0.000135244452395, 9.42413462326e-05, 3.60126541636e-05, 1.43143288369e-05, 1.60503441293e-05, 1.30680864459e-05, 1.05119943328e-05, 9.98653922579e-06, 7.50679646444e-06, 7.44621502236e-06, 1.18369498523e-05, 9.56508756644e-06, 7.11016991772e-06, 7.36299307391e-06, 6.90732849762e-06, 6.89932130626e-06, 5.7965007727e-06, 4.93617608299e-06, 4.12141525885e-06, 4.56682619188e-06, 4.57080204797e-06, 4.20042897531e-06, 3.44471823155e-06, 2.45584033109e-06, 2.42816190621e-06, 2.10976531889e-06, 1.50907987972e-06, 1.32996183311e-06, 1.11457393359e-06, 9.33621606691e-07, 8.62534704993e-07, 6.86534121996e-07, 5.03622914039e-07, 4.0512037458e-07, 3.16801305189e-07, 2.62853632194e-07],
        "min": [4.24011060227e-25, 1.45818630912e-24, 1.30033504477e-24, 2.11371611351e-24, 3.08628714355e-24, 2.67541525195e-24, 1.87247968768e-24, 1.93351996959e-24, 1.73881430704e-24, 2.85273481458e-24, 3.56406134244e-24, 2.79747313602e-24, 3.54285518359e-24, 2.61157510548e-24, 3.6538005813e-24, 3.64230687791e-24, 3.02065391624e-24, 2.49651343156e-24, 2.68878033063e-24, 4.59388178332e-24, 4.33743651367e-24, 2.87253561774e-24, 3.80969290681e-24, 4.08784328984e-24, 4.25547031574e-24, 4.94925099935e-24, 4.52416896183e-24, 3.93032946074e-24, 5.33916798429e-24, 4.52946300737e-24, 5.69151152431e-24, 6.45019100573e-24, 6.34218056502e-24, 6.22586223568e-24, 7.05396502663e-24, 6.16081789303e-24, 5.59228189434e-24, 5.92475245044e-24, 5.84644538382e-24, 6.04606505816e-24],
        "var": [0.00012157040328, 6.73021713737e-05, 1.50728001245e-05, 7.89582190919e-06, 1.09716847874e-06, 7.17129253758e-08, 1.56485455705e-08, 1.02090078613e-08, 4.74893369073e-09, 2.46897324807e-09, 2.95406521467e-09, 1.84968695915e-09, 1.65363289728e-09, 1.25921484351e-09, 1.30498123418e-09, 9.10251152231e-10, 1.23549992459e-09, 7.7891382233e-10, 4.83902751203e-10, 4.26673446574e-10, 3.39809597127e-10, 1.59847926562e-10, 1.37001021638e-10, 2.49653298035e-10, 1.84084664179e-10, 1.30505883877e-10, 3.72490406575e-11, 2.15125695036e-11, 1.99506522414e-11, 4.02038888292e-11, 1.71779881986e-11, 8.07329463698e-12, 7.01105926787e-12, 5.41034057833e-12, 3.8185032393e-12, 3.11585978373e-12, 3.40703181813e-12, 1.45653042578e-12, 1.01682041693e-12, 6.00359117888e-13]
    },
    "mfcc": {
        "mean": [-683.073974609, 105.228057861, 13.9447307587, 37.9255905151, 17.979593277, 18.5278587341, 8.97123146057, 7.28668832779, 1.40246188641, 4.57583761215, 2.3350520134, 2.26383495331, 0.645530343056],
        "cov": [[11848.0029297, -350.002685547, -366.001251221, 117.800453186, 38.1655731201, 139.422607422, -150.224319458, -156.979476929, -255.545059204, -221.218490601, -182.976531982, -208.600845337, -186.80241394], [-350.002685547, 1872.37805176, 165.12727356, 126.889251709, 119.367126465, -18.2209472656, 15.2509374619, -46.6421585083, 2.90048384666, -32.7089080811, -25.0222892761, -22.410484314, -21.8931980133], [-366.001251221, 165.12727356, 593.284118652, 186.969238281, 111.389289856, 103.912010193, 77.9553375244, 57.2942276001, 64.4019088745, 69.2660217285, 55.3633079529, 47.1096801758, 33.5177154541], [117.800453186, 126.889251709, 186.969238281, 296.347991943, 120.670372009, 77.5717926025, 52.7066078186, 30.057767868, 37.2933578491, 40.0411491394, 34.2195167542, 31.5438575745, 16.666425705], [38.1655731201, 119.367126465, 111.389289856, 120.670372009, 189.084762573, 99.6837921143, 53.0870933533, 34.5579528809, 32.1170921326, 29.4868564606, 30.8793258667, 25.7314357758, 17.0412406921], [139.422607422, -18.2209472656, 103.912010193, 77.5717926025, 99.6837921143, 161.945175171, 77.1552505493, 57.5046844482, 39.9820175171, 40.210723877, 44.9307594299, 30.9300785065, 21.6233119965], [-150.224319458, 15.2509374619, 77.9553375244, 52.7066078186, 53.0870933533, 77.1552505493, 119.967773438, 70.4416122437, 55.6401863098, 50.934425354, 39.8318786621, 34.7830963135, 27.4996204376], [-156.979476929, -46.6421585083, 57.2942276001, 30.057767868, 34.5579528809, 57.5046844482, 70.4416122437, 121.559547424, 74.2585754395, 50.3901824951, 44.0850791931, 38.5641708374, 31.2331314087], [-255.545059204, 2.90048384666, 64.4019088745, 37.2933578491, 32.1170921326, 39.9820175171, 55.6401863098, 74.2585754395, 117.324882507, 73.1859359741, 48.0697784424, 40.0360031128, 29.6156959534], [-221.218490601, -32.7089080811, 69.2660217285, 40.0411491394, 29.4868564606, 40.210723877, 50.934425354, 50.3901824951, 73.1859359741, 119.219406128, 65.8675613403, 42.3972549438, 35.7776756287], [-182.976531982, -25.0222892761, 55.3633079529, 34.2195167542, 30.8793258667, 44.9307594299, 39.8318786621, 44.0850791931, 48.0697784424, 65.8675613403, 101.21282196, 58.7964134216, 35.5843429565], [-208.600845337, -22.410484314, 47.1096801758, 31.5438575745, 25.7314357758, 30.9300785065, 34.7830963135, 38.5641708374, 40.0360031128, 42.3972549438, 58.7964134216, 88.7467498779, 53.3680229187], [-186.80241394, -21.8931980133, 33.5177154541, 16.666425705, 17.0412406921, 21.6233119965, 27.4996204376, 31.2331314087, 29.6156959534, 35.7776756287, 35.5843429565, 53.3680229187, 85.2270431519]],
