{
"lowlevel": {
    "average_loudness": 0.85644108057,
    "barkbands_crest": {
        "dmean": 2.91102695465,
        "dmean2": 4.73945474625,
        "dvar": 6.8393573761,
        "dvar2": 15.913693428,
        "max": 26.5416030884,
        "mean": 10.1995334625,
        "median": 9.12781143188,
        "min": 2.76532506943,
        "var": 18.7372341156
    },
    "barkbands_flatness_db": {
        "dmean": 0.0322779268026,
        "dmean2": 0.0473783388734,
        "dvar": 0.00105292501394,
        "dvar2": 0.00219358759932,
        "max": 0.695847868919,
        "mean": 0.210851371288,
        "median": 0.19415153563,
        "min": 0.0321281179786,
        "var": 0.00975925009698
    },
    "barkbands_kurtosis": {
        "dmean": 4.63535070419,
        "dmean2": 7.51819515228,
        "dvar": 122.604278564,
        "dvar2": 306.788269043,
        "max": 400.537261963,
        "mean": 6.7787976265,
        "median": 3.52772188187,
        "min": -1.7332919836,
        "var": 164.315582275
    },
    "barkbands_skewness": {
        "dmean": 0.643358170986,
        "dmean2": 1.00821208954,
        "dvar": 0.560266494751,
        "dvar2": 1.27192211151,
        "max": 13.1522960663,
        "mean": 1.76931595802,
        "median": 1.56856334209,
        "min": -1.98831629753,
        "var": 1.44469463825
    },
    "barkbands_spread": {
        "dmean": 3.3511993885,
        "dmean2": 5.2334280014,
        "dvar": 19.4609451294,
        "dvar2": 45.6520614624,
        "max": 74.7013702393,
        "mean": 10.4513750076,
        "median": 9.07975769043,
        "min": 0.0592000558972,
        "var": 46.58070755
    },
    "dissonance": {
        "dmean": 0.0282663777471,
        "dmean2": 0.0472675599158,
        "dvar": 0.000735357753001,
        "dvar2": 0.00198531732894,
        "max": 0.500000059605,
        "mean": 0.448840767145,
        "median": 0.458827704191,
        "min": 0.152808621526,
        "var": 0.00163442804478
    },
    "dynamic_complexity": 2.80739021301,
    "erbbands_crest": {
        "dmean": 2.6962697506,
        "dmean2": 4.32987642288,
        "dvar": 5.48701763153,
        "dvar2": 13.2932605743,
        "max": 29.1528759003,
        "mean": 8.99266910553,
        "median": 8.13422012329,
        "min": 2.71920466423,
        "var": 14.6889925003
    },
    "erbbands_flatness_db": {
        "dmean": 0.0223257318139,
        "dmean2": 0.0314312316477,
        "dvar": 0.000455870089354,
        "dvar2": 0.000813475518953,
        "max": 0.525971353054,
        "mean": 0.204598769546,
        "median": 0.194854125381,
        "min": 0.0648540779948,
        "var": 0.00500153610483
    },
    "erbbands_kurtosis": {
        "dmean": 1.37323415279,
        "dmean2": 2.17418789864,
        "dvar": 5.18930721283,
        "dvar2": 13.2406167984,
        "max": 61.042175293,
        "mean": 1.47979199886,
        "median": 0.732178688049,
        "min": -1.76662099361,
        "var": 9.90141487122
    },
    "erbbands_skewness": {
        "dmean": 0.390345811844,
        "dmean2": 0.615527331829,
        "dvar": 0.123533263803,
        "dvar2": 0.307374686003,
        "max": 5.98270320892,
        "mean": 0.719681382179,
        "median": 0.680101454258,
        "min": -2.30729937553,
        "var": 0.482535719872
    },
    "erbbands_spread": {
        "dmean": 6.40533924103,
        "dmean2": 9.62592887878,
        "dvar": 44.1750106812,
        "dvar2": 93.680809021,
        "max": 127.704139709,
        "mean": 25.3698253632,
        "median": 23.1117610931,
        "min": 1.228469491,
        "var": 173.518325806
    },
    "hfc": {
        "dmean": 7.00801610947,
        "dmean2": 10.828286171,
        "dvar": 131.330551147,
        "dvar2": 298.693389893,
        "max": 132.981048584,
        "mean": 15.0860013962,
        "median": 11.1385765076,
        "min": 1.13646569352e-16,
        "var": 199.562576294
    },
    "melbands_crest": {
        "dmean": 3.8413028717,
        "dmean2": 6.37866830826,
        "dvar": 9.91801929474,
        "dvar2": 26.2555599213,
        "max": 36.7183532715,
        "mean": 14.6526441574,
        "median": 13.8372850418,
        "min": 2.15218496323,
        "var": 28.1614189148
    },
    "melbands_flatness_db": {
        "dmean": 0.0384914800525,
        "dmean2": 0.0565362796187,
        "dvar": 0.00159191479906,
        "dvar2": 0.00326746911742,
        "max": 0.871273815632,
        "mean": 0.2995698452,
        "median": 0.279463976622,
        "min": 0.00604257825762,
        "var": 0.0145071092993
    },
    "melbands_kurtosis": {
        "dmean": 7.27930641174,
        "dmean2": 11.6314353943,
        "dvar": 186.040298462,
        "dvar2": 422.786773682,
        "max": 239.758087158,
        "mean": 11.9177846909,
        "median": 6.8514881134,
        "min": -1.60707056522,
        "var": 297.657897949
    },
    "melbands_skewness": {
        "dmean": 0.756749331951,
        "dmean2": 1.17610001564,
        "dvar": 0.628884136677,
        "dvar2": 1.38218545914,
        "max": 11.6294908524,
        "mean": 2.32785534859,
        "median": 2.09762358665,
        "min": -1.32430696487,
        "var": 1.86405134201
    },
    "melbands_spread": {
        "dmean": 3.78513240814,
        "dmean2": 5.98644638062,
        "dvar": 26.5968933105,
        "dvar2": 62.7963676453,
        "max": 174.206787109,
        "mean": 11.564743042,
        "median": 9.95935058594,
        "min": 0.173204571009,
        "var": 67.0021286011
    },
    "pitch_salience": {
        "dmean": 0.0876178145409,
        "dmean2": 0.142931804061,
        "dvar": 0.00623694248497,
        "dvar2": 0.0153563832864,
        "max": 0.884638130665,
        "mean": 0.5562261343,
        "median": 0.570450544357,
        "min": 0.0671633481979,
        "var": 0.0157172605395
    },
    "silence_rate_20dB": {
        "dmean": 0,
        "dmean2": 0,
        "dvar": 0,
        "dvar2": 0,
        "max": 1,
        "mean": 1,
        "median": 1,
        "min": 1,
        "var": 0
    },
    "silence_rate_30dB": {
        "dmean": 0.0561932511628,
        "dmean2": 0.112396128476,
        "dvar": 0.0530334599316,
        "dvar2": 0.121344164014,
        "max": 1,
        "mean": 0.944411158562,
        "median": 1,
        "min": 0,
        "var": 0.052498832345
    },
    "silence_rate_60dB": {
        "dmean": 0.00942264869809,
        "dmean2": 0.0188469123095,
        "dvar": 0.00933518074453,
        "dvar2": 0.0217465497553,
        "max": 1,
        "mean": 0.0353747308254,
        "median": 0,
        "min": 0,
        "var": 0.0341232828796
    },
    "spectral_centroid": {
        "dmean": 168.794204712,
        "dmean2": 264.437988281,
        "dvar": 59679.5625,
        "dvar2": 126974.578125,
        "max": 11097.7431641,
        "mean": 685.707214355,
        "median": 600.007629395,
        "min": 77.6594085693,
        "var": 161818.96875
    },
    "spectral_complexity": {
        "dmean": 3.99777293205,
        "dmean2": 6.09851789474,
        "dvar": 26.3415794373,
        "dvar2": 53.3049125671,
        "max": 64,
        "mean": 16.2935333252,
        "median": 15,
        "min": 0,
        "var": 73.4812316895
    },
    "spectral_decrease": {
        "dmean": 4.56567761375e-09,
        "dmean2": 6.99152780115e-09,
        "dvar": 4.7950035527e-17,
        "dvar2": 1.14297937688e-16,
        "max": 4.61497381898e-29,
        "mean": -1.04583639526e-08,
        "median": -7.83577469576e-09,
        "min": -9.22872089859e-08,
        "var": 8.58532544479e-17
    },
    "spectral_energy": {
        "dmean": 0.0176992546767,
        "dmean2": 0.0270700771362,
        "dvar": 0.000703900121152,
        "dvar2": 0.0016743990127,
        "max": 0.352693349123,
        "mean": 0.0408406332135,
        "median": 0.0307757202536,
        "min": 1.02708682137e-20,
        "var": 0.00127261620946
    },
    "spectral_energyband_high": {
        "dmean": 0.000219905617996,
        "dmean2": 0.000337827310432,
        "dvar": 3.12003180625e-07,
        "dvar2": 7.08879838385e-07,
        "max": 0.00793154165149,
        "mean": 0.000256646075286,
        "median": 5.58562460355e-05,
        "min": 7.57498723881e-21,
        "var": 3.76769236254e-07
    },
    "spectral_energyband_low": {
        "dmean": 0.0129665434361,
        "dmean2": 0.0201192516834,
        "dvar": 0.000625649525318,
        "dvar2": 0.00150909181684,
        "max": 0.34836229682,
        "mean": 0.0213320795447,
        "median": 0.0103995753452,
        "min": 8.39003933583e-23,
        "var": 0.000930322741624
    },
    "spectral_energyband_middle_high": {
        "dmean": 0.00225251237862,
        "dmean2": 0.00362877245061,
        "dvar": 1.69373251993e-05,
        "dvar2": 3.97991316277e-05,
        "max": 0.0687497109175,
        "mean": 0.00412776740268,
        "median": 0.00228271842934,
        "min": 1.40428065563e-21,
        "var": 2.98875729641e-05
    },
    "spectral_energyband_middle_low": {
        "dmean": 0.00902822427452,
        "dmean2": 0.0148754334077,
        "dvar": 0.000207338671316,
        "dvar2": 0.000555184786208,
        "max": 0.221708998084,
        "mean": 0.0184803679585,
        "median": 0.0151709839702,
        "min": 1.94433841593e-22,
        "var": 0.000241687623202
    },
    "spectral_entropy": {
        "dmean": 0.22417190671,
        "dmean2": 0.329114973545,
        "dvar": 0.0531018078327,
        "dvar2": 0.108572848141,
        "max": 9.81629371643,
        "mean": 6.97675609589,
        "median": 7.07519483566,
        "min": 3.58734750748,
        "var": 0.486192822456
    },
    "spectral_flux": {
        "dmean": 0.0341280326247,
        "dmean2": 0.0521481893957,
        "dvar": 0.00170481577516,
        "dvar2": 0.00336974207312,
        "max": 0.491601645947,
        "mean": 0.106356687844,
        "median": 0.0890830457211,
        "min": 6.50754033993e-11,
        "var": 0.00421491544694
    },
    "spectral_kurtosis": {
        "dmean": 8.38197231293,
        "dmean2": 13.8360958099,
        "dvar": 410.239379883,
        "dvar2": 1143.08776855,
        "max": 512.512634277,
        "mean": 21.2948455811,
        "median": 7.90653419495,
        "min": -1.18667685986,
        "var": 2170.1237793
    },
    "spectral_rms": {
        "dmean": 0.00123466202058,
        "dmean2": 0.0018320052186,
        "dvar": 2.03708577828e-06,
        "dvar2": 4.36917071056e-06,
        "max": 0.0185496918857,
        "mean": 0.00578840775415,
        "median": 0.00547951553017,
        "min": 3.16549499287e-12,
        "var": 6.3388019953e-06
    },
    "spectral_rolloff": {
        "dmean": 212.037200928,
        "dmean2": 349.740631104,
        "dvar": 163601.515625,
        "dvar2": 359785.34375,
        "max": 18970.7519531,
        "mean": 676.038635254,
        "median": 559.86328125,
        "min": 64.599609375,
        "var": 343308.125
    },
    "spectral_skewness": {
        "dmean": 0.557324051857,
        "dmean2": 0.899361252785,
        "dvar": 0.642620265484,
        "dvar2": 1.69296085835,
        "max": 18.5199794769,
        "mean": 2.8194334507,
        "median": 2.15570688248,
        "min": -0.0192824080586,
        "var": 4.83649396896
    },
    "spectral_spread": {
        "dmean": 485815.28125,
        "dmean2": 696220.9375,
        "dvar": 440209670144,
        "dvar2": 733439983616,
        "max": 40623548,
        "mean": 3084063.75,
        "median": 2906966.25,
        "min": 144131.953125,
        "var": 2.23137733018e+12
    },
    "spectral_strongpeak": {
        "dmean": 0.399367064238,
        "dmean2": 0.675277352333,
        "dvar": 0.260240286589,
        "dvar2": 0.640898048878,
        "max": 6.64277935028,
        "mean": 0.646111011505,
        "median": 0.43328294158,
        "min": 0,
        "var": 0.41490572691
    },
    "zerocrossingrate": {
        "dmean": 0.00617252895609,
        "dmean2": 0.00752504449338,
        "dvar": 7.71571576479e-05,
        "dvar2": 9.7943651781e-05,
        "max": 0.66357421875,
        "mean": 0.0295636635274,
        "median": 0.0263671875,
        "min": 0.001953125,
        "var": 0.000425446487498
    },
    "barkbands": {
        "dmean": [0.000261803506874, 0.00876276474446, 0.00482938392088, 0.00387190002948, 0.00337217119522, 0.00175195361953, 0.00199308455922, 0.000855577527545, 0.0011912122136, 0.000810728699435, 0.000541557965335, 0.000351322174538, 0.000383122998755, 0.000225831492571, 0.000241796471528, 0.000169960549101, 0.000134898000397, 0.000149479397805, 9.79271353572e-05, 6.98954318068e-05, 6.26935507171e-05, 4.27861050412e-05, 3.36165467161e-05, 3.01048512483e-05, 1.84522141353e-05, 1.23959844132e-05, 5.0836229093e-07],
        "dmean2": [0.000391709530959, 0.013821980916, 0.00820311624557, 0.00662898970768, 0.00588897941634, 0.00295166205615, 0.00301513867453, 0.00140518299304, 0.00194234051742, 0.00133304391056, 0.000908428744879, 0.000571606913581, 0.000638800789602, 0.000378234282834, 0.000409950269386, 0.000284398207441, 0.000226653370191, 0.000258177780779, 0.000156619862537, 0.000114212096378, 0.000103558362753, 6.63976825308e-05, 5.25784744241e-05, 4.49150938948e-05, 2.7322119422e-05, 1.91664512386e-05, 8.70746873716e-07],
        "dvar": [3.11990390855e-07, 0.000408072082791, 0.000121654375107, 6.30122231087e-05, 4.23786004831e-05, 8.06654315966e-06, 7.53666427045e-06, 2.34133540289e-06, 3.58841066372e-06, 3.1932222555e-06, 1.25924611893e-06, 3.44807062902e-07, 5.66600078855e-07, 2.38250194684e-07, 3.31055048264e-07, 1.80447500497e-07, 1.3037193014e-07, 1.71457770648e-07, 5.00094650135e-08, 3.16829797953e-08, 3.35211503e-08, 1.23148833353e-08, 9.50324352544e-09, 7.57916307492e-09, 2.75986722365e-09, 1.31023203398e-09, 6.06230994224e-12],
        "dvar2": [6.81515246015e-07, 0.000983615056612, 0.000317279278534, 0.000174161512405, 0.000119327989523, 2.10468806472e-05, 1.71356950887e-05, 5.63457979297e-06, 8.79499020812e-06, 8.17606814962e-06, 3.35019217346e-06, 8.51543745739e-07, 1.45134026752e-06, 6.03967691859e-07, 8.70993062563e-07, 4.47303392548e-07, 3.3750353623e-07, 4.66929208187e-07, 1.19916933272e-07, 8.41093239501e-08, 8.7452995956e-08, 2.76773786112e-08, 2.18707043587e-08, 1.59274637923e-08, 5.75838576822e-09, 2.93913804406e-09, 1.53940523523e-11],
        "max": [0.0118593880907, 0.290898233652, 0.227737635374, 0.156484410167, 0.0822136849165, 0.0802689790726, 0.0481002554297, 0.0367103405297, 0.0323229432106, 0.0440442748368, 0.021484233439, 0.0107327746227, 0.0187798757106, 0.00764307845384, 0.00809916108847, 0.00615614512935, 0.00568274781108, 0.00495476694778, 0.00411706371233, 0.0040946030058, 0.00231940229423, 0.00194650876801, 0.00168226915412, 0.00203978153877, 0.00092333171051, 0.000589991162997, 7.22162294551e-05],
        "mean": [0.000405688362662, 0.0117682423443, 0.00593696022406, 0.00496149482206, 0.004423876293, 0.00245373346843, 0.00347329140641, 0.00121474661864, 0.00171193876304, 0.00118100014515, 0.000727859092876, 0.000542257854249, 0.000532173900865, 0.00029172032373, 0.000284131325316, 0.000203125600819, 0.000148893974256, 0.00015341375547, 0.000122234749142, 8.17792824819e-05, 6.60221194266e-05, 4.90538113809e-05, 3.83411825169e-05, 3.5574510548e-05, 2.10080343095e-05, 1.1641385754e-05, 4.13432445612e-07],
        "median": [5.64567671972e-05, 0.00290204188786, 0.00304887024686, 0.00277091702446, 0.00256937579252, 0.00140073010698, 0.00231599784456, 0.00050919293426, 0.000934960145969, 0.000418614043156, 0.000255907390965, 0.000268773350399, 0.000228997945669, 0.00011137794354, 9.96996677713e-05, 6.19221027591e-05, 4.71842104162e-05, 4.72051433462e-05, 3.39328871632e-05, 2.4888158805e-05, 1.33232133521e-05, 8.82006133907e-06, 5.75233252675e-06, 4.01986835641e-06, 1.84646467005e-06, 7.00958878497e-07, 1.46468783768e-08],
        "min": [4.527492137e-25, 2.00343091349e-23, 2.44570167792e-23, 6.64420779549e-24, 3.08207356136e-23, 2.05016981772e-23, 1.35503505437e-23, 9.13358144422e-24, 3.22551213975e-23, 2.75196051607e-23, 5.14948645851e-23, 5.34345978204e-23, 7.17335959795e-23, 1.0882815815e-22, 7.53977539101e-23, 1.11206605333e-22, 8.7787237256e-23, 1.81114701447e-22, 2.49048562706e-22, 3.41696653575e-22, 3.13096066005e-22, 5.0245178907e-22, 5.29583908909e-22, 6.89137022333e-22, 1.15265730142e-21, 1.37377130235e-21, 2.2817058261e-21],
        "var": [6.01836745773e-07, 0.000519357214216, 0.000111398985609, 5.76667443966e-05, 3.67511420336e-05, 1.35020618472e-05, 1.53349847096e-05, 4.75386968901e-06, 5.55303404326e-06, 5.56864415557e-06, 1.96634664462e-06, 5.94586936131e-07, 8.81346238657e-07, 2.7760901844e-07, 3.084776381e-07, 1.87026031995e-07, 1.18411740857e-07, 1.25600038814e-07, 6.15171273921e-08, 2.861093229e-08, 2.92563875348e-08, 1.5402932263e-08, 1.12192335422e-08, 1.02406678693e-08, 3.70212949186e-09, 1.37424194246e-09, 4.73154892003e-12]
    },
    "erbbands": {
        "dmean": [0.209344416857, 2.18321418762, 5.41926193237, 10.2196750641, 10.035733223, 11.326051712, 17.1494941711, 12.9460058212, 26.7512187958, 22.8573913574, 21.9750232697, 24.3148365021, 21.0604190826, 23.8911838531, 17.4159088135, 14.513630867, 16.0862579346, 9.62458133698, 13.3907022476, 11.4514636993, 9.6700296402, 7.19055175781, 8.06266975403, 5.97283411026, 4.22526550293, 3.37922120094, 2.57973337173, 2.30670785904, 1.66841697693, 1.18439221382, 0.881652414799, 0.734173715115, 0.435550421476, 0.231227248907, 0.113366447389, 0.0712394788861, 0.0199325997382, 0.00180602923501, 9.75513685262e-05, 2.12176655623e-05],
        "dmean2": [0.318762332201, 3.48049592972, 8.97665500641, 17.3096199036, 17.2991905212, 20.1342658997, 29.4244327545, 21.6565761566, 40.0963668823, 36.3410148621, 35.5687522888, 39.9605903625, 35.1483650208, 39.2029380798, 28.8121738434, 23.6450195312, 26.8725910187, 15.9005746841, 22.2882232666, 19.575012207, 16.0775585175, 12.1579885483, 13.8607282639, 9.86699771881, 6.72169351578, 5.54744291306, 4.22780990601, 3.8006093502, 2.63945102692, 1.85646378994, 1.35790371895, 1.1169397831, 0.649251639843, 0.347433120012, 0.16893260181, 0.109372511506, 0.0312078781426, 0.00279294885695, 0.000162710115546, 3.23334352288e-05],
        "dvar": [0.190002977848, 27.8345928192, 141.418762207, 369.350830078, 550.714294434, 549.427124023, 719.249328613, 512.133300781, 1494.10644531, 1295.09033203, 1346.67626953, 1548.11938477, 1824.3248291, 2151.50683594, 1426.10339355, 619.986694336, 1013.63677979, 454.237457275, 922.24395752, 763.140808105, 593.565002441, 348.647857666, 477.577087402, 176.406326294, 84.7852401733, 86.1345367432, 44.9451980591, 50.0770072937, 20.2278709412, 9.79913425446, 6.12429523468, 5.04646492004, 1.49517261982, 0.459652334452, 0.10023304075, 0.0440449491143, 0.00339262350462, 3.94877570216e-05, 2.35359934209e-07, 9.64422874894e-10],
        "dvar2": [0.438775658607, 67.3852767944, 357.605743408, 988.134155273, 1557.36987305, 1556.22277832, 1892.04846191, 1336.13171387, 3299.08666992, 3153.09130859, 3162.83056641, 3805.25732422, 4906.65039062, 5584.40087891, 3486.76611328, 1490.62121582, 2644.63183594, 1116.71459961, 2276.34667969, 2001.11730957, 1478.69750977, 902.760925293, 1289.11547852, 438.118682861, 203.140258789, 232.293579102, 116.933189392, 128.18548584, 46.7343864441, 22.1364021301, 13.3884334564, 11.5890512466, 3.0019557476, 0.982440769672, 0.207448944449, 0.0980066210032, 0.00781144713983, 8.73689787113e-05, 6.10743768448e-07, 2.23209317696e-09],
        "max": [6.0089840889, 76.6726913452, 181.027099609, 412.503540039, 510.841400146, 269.303314209, 453.768920898, 809.952148438, 854.374511719, 645.102478027, 855.144165039, 614.766418457, 1185.44445801, 905.248474121, 979.192138672, 555.720214844, 577.308959961, 401.248748779, 381.087860107, 370.934936523, 383.091705322, 273.104400635, 248.627838135, 181.570999146, 118.827133179, 255.804046631, 90.4362411499, 97.9460067749, 76.9035263062, 48.4213447571, 49.3110809326, 52.0755462646, 22.2417507172, 11.8089008331, 6.50382661819, 3.93801403046, 0.872360706329, 0.124364443123, 0.0144983856007, 0.000382967671612],
        "mean": [0.335444152355, 2.62046217918, 6.82446146011, 13.6671962738, 13.4049901962, 13.5533885956, 21.9725551605, 19.12774086, 45.9412269592, 38.4160614014, 33.9081535339, 35.2601928711, 32.8792648315, 35.7601089478, 25.6573848724, 23.3273773193, 23.1532249451, 13.2715845108, 17.7443504333, 12.9916391373, 11.965294838, 7.97604799271, 8.32304573059, 7.12910318375, 5.43933439255, 3.9133310318, 2.82269382477, 2.42108917236, 1.86850070953, 1.3633865118, 1.03443133831, 0.855506062508, 0.507151424885, 0.264663219452, 0.127478048205, 0.0682425349951, 0.0180854965001, 0.00175005453639, 9.45117717492e-05, 4.80410053569e-05],
        "median": [0.0461882501841, 0.734012007713, 3.4510986805, 7.66512823105, 8.39806747437, 6.69990253448, 11.74995327, 11.3108158112, 30.385602951, 22.6950492859, 17.2520961761, 19.8914299011, 14.5383338928, 15.4688682556, 10.4440793991, 12.0567741394, 10.3894367218, 5.25644397736, 6.41613149643, 4.685359478, 4.04362201691, 2.86184263229, 2.58374404907, 2.11504602432, 1.68527364731, 1.11616718769, 0.6629550457, 0.46764716506, 0.318665444851, 0.224347218871, 0.156482949853, 0.102353669703, 0.0497552752495, 0.0241673141718, 0.0109079359099, 0.004294577986, 0.000975011964329, 0.0001124793489, 2.16692624235e-05, 3.57961071131e-05],
        "min": [4.87420921734e-22, 6.00492775425e-21, 2.44255820479e-20, 2.55446314009e-20, 4.91051860921e-20, 1.01335815968e-19, 1.39816490708e-19, 1.26561063564e-19, 1.11633607133e-19, 1.95806575688e-19, 2.97074498222e-19, 8.14990968854e-19, 1.04127873652e-18, 1.64443650532e-18, 2.93161556524e-18, 1.72182990158e-18, 3.21871878892e-18, 5.6610197987e-18, 3.76136188526e-18, 4.18965946282e-18, 5.13557068537e-18, 5.08351620942e-18, 1.04835158571e-17, 8.99187098466e-18, 1.38559849812e-17, 1.4064834851e-17, 1.46777905742e-17, 1.48072939709e-17, 1.60636853684e-17, 1.65682374179e-17, 1.45777331529e-17, 1.19957914412e-17, 1.26945770791e-17, 1.10991069777e-17, 7.85653746979e-18, 4.89560517608e-18, 2.41294995331e-18, 1.26383250751e-18, 2.91699659548e-19, 3.35416697758e-20],
        "var": [0.383985966444, 30.5504436493, 143.592880249, 397.435638428, 424.418914795, 460.64730835, 1012.77972412, 801.573364258, 2987.02001953, 2323.42333984, 2545.43652344, 2312.36132812, 3220.8359375, 3405.65454102, 2413.21240234, 1076.10974121, 1437.4810791, 632.302612305, 1143.47607422, 659.626403809, 622.3203125, 301.711791992, 360.61315918, 187.227233887, 105.811378479, 73.9390869141, 41.4597854614, 44.6600036621, 23.6631298065, 12.2201013565, 8.00977897644, 6.07539224625, 2.09957098961, 0.592580795288, 0.137878015637, 0.0470890663564, 0.0033803684637, 4.17563787778e-05, 1.76199151269e-07, 1.7665685581e-09]
    },
    "gfcc": {
        "mean": [-46.1739196777, 156.605499268, -107.493019104, 17.9866065979, -52.7611579895, 4.01213645935, -27.5165901184, 2.12894821167, -17.1159420013, -2.38728046417, -10.3183603287, -5.87573719025, -9.85126495361],
        "cov": [[13771.6582031, -3591.05419922, -1919.7376709, 942.886352539, -1001.06872559, 886.243347168, -874.939086914, 611.244750977, -618.006286621, 379.114135742, -406.419219971, 383.111358643, -282.771575928], [-3591.05419922, 2451.21972656, 462.590789795, -485.269866943, 582.584289551, -510.676147461, 540.311218262, -300.621337891, 337.46383667, -235.544540405, 223.237304688, -275.534698486, 140.178466797], [-1919.7376709, 462.590789795, 1450.14550781, 37.5532493591, 266.335418701, 227.025054932, 118.487739563, 136.09286499, 143.901947021, 35.1915168762, 74.1493682861, -11.7771196365, -31.7905273438], [942.886352539, -485.269866943, 37.5532493591, 432.513458252, -19.4259166718, 156.487640381, -34.7989616394, 75.8484344482, 1.18653702736, 60.9967002869, -29.201877594, 42.8094291687, -26.0862865448], [-1001.06872559, 582.584289551, 266.335418701, -19.4259166718, 393.528320312, -53.402721405, 176.48588562, -20.2208061218, 96.0375061035, -15.1284656525, 59.581237793, -49.2611503601, 39.4617881775], [886.243347168, -510.676147461, 227.025054932, 156.487640381, -53.402721405, 379.956054688, -62.9326019287, 154.454818726, -32.9470176697, 73.616065979, -10.1418762207, 76.5783081055, -29.978269577], [-874.939086914, 540.311218262, 118.487739563, -34.7989616394, 176.48588562, -62.9326019287, 260.581970215, -47.3234062195, 107.394088745, -35.6104469299, 49.785987854, -51.9094085693, 45.6402168274], [611.244750977, -300.621337891, 136.09286499, 75.8484344482, -20.2208061218, 154.454818726, -47.3234062195, 184.12562561, -14.5691308975, 62.5558013916, -11.4952163696, 43.2131271362, -21.3013553619], [-618.006286621, 337.46383667, 143.901947021, 1.18653702736, 96.0375061035, -32.9470176697, 107.394088745, -14.5691308975, 137.898635864, -4.10299062729, 45.440738678, -34.2297286987, 26.111082077], [379.114135742, -235.544540405, 35.1915168762, 60.9967002869, -15.1284656525, 73.616065979, -35.6104469299, 62.5558013916, -4.10299062729, 104.79334259, -2.6598315239, 45.7813720703, -18.6285915375], [-406.419219971, 223.237304688, 74.1493682861, -29.201877594, 59.581237793, -10.1418762207, 49.785987854, -11.4952163696, 45.440738678, -2.6598315239, 93.3942642212, -8.83170890808, 26.4609851837], [383.111358643, -275.534698486, -11.7771196365, 42.8094291687, -49.2611503601, 76.5783081055, -51.9094085693, 43.2131271362, -34.2297286987, 45.7813720703, -8.83170890808, 88.5192337036, 3.63510560989], [-282.771575928, 140.178466797, -31.7905273438, -26.0862865448, 39.4617881775, -29.978269577, 45.6402168274, -21.3013553619, 26.111082077, -18.6285915375, 26.4609851837, 3.63510560989, 68.9640579224]],
        "icov": [[0.000268152391072, -0.000514959392603, 0.000532958481926, -0.000595131947193, 0.000322248961311, -0.000661972386297, 0.000503486720845, -0.000728254497517, 0.000614865683019, -0.000503380608279, 0.00064114574343, -0.000462329160655, 0.000546084018424], [-0.000514959392603, 0.00514888204634, -0.00187568611, 0.00354831549339, -0.00267121428624, 0.00342830526643, -0.00367883709259, 0.00280609820038, -0.00412338413298, 0.00380131788552, -0.00456657446921, 0.00436299992725, -0.00166938407347], [0.000532958481926, -0.00187568611, 0.00232773344032, -0.0014542384306, 0.000369151792256, -0.00246477639303, 0.00163391348906, -0.00216998695396, 0.000744205433875, -0.00115431717131, 0.00161997182295, -0.0018277275376, 0.00236775772646], [-0.000595131947193, 0.00354831549339, -0.0014542384306, 0.00566914724186, -0.00216553267092, 0.00156880402938, -0.00254774605855, 0.00240208557807, -0.00409189518541, 0.00207783817314, -0.00237461132929, 0.00260137603618, -0.000944917788729], [0.000322248961311, -0.00267121428624, 0.000369151792256, -0.00216553267092, 0.00574197759852, -0.00118919753004, -0.000198848327273, -0.00176968995947, 0.00250371894799, -0.00287470803596, 0.00163518253248, -0.00100638065487, -0.000414455455029], [-0.000661972386297, 0.00342830526643, -0.00246477639303, 0.00156880402938, -0.00118919753004, 0.00802702549845, -0.00303964945488, -0.000282714318018, -0.00190084683709, 0.0026164080482, -0.00399730540812, 0.00076191755943, -0.00121143425349], [0.000503486720845, -0.00367883709259, 0.00163391348906, -0.00254774605855, -0.000198848327273, -0.00303964945488, 0.010351373814, -0.00150029768702, -0.000697388895787, -0.00190406653564, 0.00327025959268, -0.00179308757652, -0.000600361381657], [-0.000728254497517, 0.00280609820038, -0.00216998695396, 0.00240208557807, -0.00176968995947, -0.000282714318018, -0.00150029768702, 0.0119211608544, -0.0027714963071, -0.000859650666825, -0.00200605764985, 0.00224086968228, -0.00174798211083], [0.000614865683019, -0.00412338413298, 0.000744205433875, -0.00409189518541, 0.00250371894799, -0.00190084683709, -0.000697388895787, -0.0027714963071, 0.0174141488969, -0.00605763774365, 0.000718701980077, 0.000563467794564, -0.00149083090946], [-0.000503380608279, 0.00380131788552, -0.00115431717131, 0.00207783817314, -0.00287470803596, 0.0026164080482, -0.00190406653564, -0.000859650666825, -0.00605763774365, 0.0189480427653, -0.00465990742669, -0.00446564331651, 0.00367516838014], [0.00064114574343, -0.00456657446921, 0.00161997182295, -0.00237461132929, 0.00163518253248, -0.00399730540812, 0.00327025959268, -0.00200605764985, 0.000718701980077, -0.00465990742669, 0.0187094211578, -0.0037147870753, -0.00221127038822], [-0.000462329160655, 0.00436299992725, -0.0018277275376, 0.00260137603618, -0.00100638065487, 0.00076191755943, -0.00179308757652, 0.00224086968228, 0.000563467794564, -0.00446564331651, -0.0037147870753, 0.0245443787426, -0.00912471301854], [0.000546084018424, -0.00166938407347, 0.00236775772646, -0.000944917788729, -0.000414455455029, -0.00121143425349, -0.000600361381657, -0.00174798211083, -0.00149083090946, 0.00367516838014, -0.00221127038822, -0.00912471301854, 0.0233212560415]]
    },
    "melbands": {
        "dmean": [0.00213855924085, 0.00277060316876, 0.00165077613201, 0.000744466320612, 0.000575213518459, 0.000299455452478, 0.000402144331019, 0.000230453762924, 0.000202041424927, 0.000148497434566, 0.000111486624519, 0.000105056140455, 6.26744222245e-05, 4.19938551204e-05, 5.25348768861e-05, 2.66210990958e-05, 1.76003904926e-05, 2.3769274776e-05, 1.79370126716e-05, 1.24283787954e-05, 1.16318506116e-05, 7.7980084825e-06, 6.47422712063e-06, 7.85579595686e-06, 4.6918771659e-06, 3.58668808076e-06, 2.78447964774e-06, 2.1188577648e-06, 1.66961933701e-06, 1.59800072197e-06, 1.25965550524e-06, 9.92461536953e-07, 7.40168331959e-07, 7.04695594322e-07, 5.42208624665e-07, 4.80307278394e-07, 4.20045694227e-07, 3.15758029501e-07, 2.66243745273e-07, 1.76801421503e-07],
        "dmean2": [0.00335471425205, 0.00444217026234, 0.00278441328555, 0.00130826514214, 0.000989330583252, 0.00049943610793, 0.000603390915785, 0.000369164743461, 0.000326432142174, 0.000242878682911, 0.000185616212548, 0.00017204429605, 0.000104416809336, 6.8464614742e-05, 8.62529705046e-05, 4.43725912191e-05, 2.95540648949e-05, 3.96794093831e-05, 3.10406867357e-05, 2.09481931961e-05, 1.93167361431e-05, 1.3159212358e-05, 1.1076118426e-05, 1.36479447974e-05, 7.74452928454e-06, 5.79485003982e-06, 4.48792980023e-06, 3.54770781996e-06, 2.74923604593e-06, 2.68604640041e-06, 2.05011747312e-06, 1.58457498856e-06, 1.1480037756e-06, 1.13600037821e-06, 8.4494456587e-07, 7.46848741073e-07, 6.40547568764e-07, 4.69885776511e-07, 4.0647941546e-07, 2.67939356036e-07],
        "dvar": [2.22948947339e-05, 3.77292817575e-05, 1.03878546724e-05, 2.48737455877e-06, 8.86461464233e-07, 2.54674858979e-07, 3.16820973012e-07, 1.30216108118e-07, 1.13952523861e-07, 5.7848289714e-08, 5.23643670647e-08, 4.33486917473e-08, 1.65402180841e-08, 6.00512173321e-09, 9.31026544748e-09, 3.85160259242e-09, 1.60051638609e-09, 2.87491186413e-09, 2.08767425569e-09, 9.12502351458e-10, 8.89817775018e-10, 4.43292708097e-10, 2.93635699089e-10, 5.31337585041e-10, 1.05639663683e-10, 7.46778472394e-11, 3.69107695797e-11, 4.34628895374e-11, 1.86662334895e-11, 2.51935781265e-11, 1.34409618852e-11, 6.72201617286e-12, 4.66559690188e-12, 4.13765072552e-12, 2.44096149543e-12, 1.97741909652e-12, 1.68659530786e-12, 8.02202325834e-13, 6.72413622178e-13, 2.5915229164e-13],
        "dvar2": [5.29776880285e-05, 9.22303079278e-05, 2.75801176031e-05, 7.07613025952e-06, 2.37126937463e-06, 6.62552849917e-07, 7.06621335667e-07, 3.17586568599e-07, 2.72145769031e-07, 1.43213711112e-07, 1.40058361353e-07, 1.10700227651e-07, 4.21230481606e-08, 1.47100935877e-08, 2.29749730352e-08, 9.38098665415e-09, 4.10790690353e-09, 7.06333880274e-09, 5.7109406093e-09, 2.29101715377e-09, 2.24751772748e-09, 1.16230058911e-09, 7.70292052366e-10, 1.47363998781e-09, 2.57084353805e-10, 1.84428347594e-10, 9.17530704192e-11, 1.20081888877e-10, 4.90660671815e-11, 6.73801986428e-11, 3.31030515499e-11, 1.54503545374e-11, 1.09733168732e-11, 9.98595043461e-12, 5.3943754845e-12, 4.66731948229e-12, 3.75713869738e-12, 1.60307357666e-12, 1.49296297981e-12, 5.62054255134e-13],
        "max": [0.0686607211828, 0.083223618567, 0.0603756271303, 0.0248472150415, 0.0147238709033, 0.0177733451128, 0.0115760220215, 0.00603470625356, 0.0062862271443, 0.00360309681855, 0.00638684025034, 0.00408748583868, 0.00247959140688, 0.00152763386723, 0.00189425889403, 0.00232183374465, 0.000708375475369, 0.000659978773911, 0.000700727279764, 0.000426372949732, 0.000497393892147, 0.000311876647174, 0.000252157478826, 0.000312159507303, 0.000161214484251, 0.000158105947776, 8.20627174107e-05, 0.000213226085179, 6.58300486975e-05, 6.60998848616e-05, 6.31711372989e-05, 4.91085265821e-05, 3.12968477374e-05, 3.1377931009e-05, 3.213821401e-05, 2.75705024251e-05, 3.28819369315e-05, 1.69203176483e-05, 1.51911362991e-05, 9.57783413469e-06],
        "mean": [0.00311087770388, 0.00361192040145, 0.00231446838006, 0.000943952705711, 0.000734382891096, 0.000450446736068, 0.000709607440513, 0.000377661199309, 0.000294244207907, 0.000214009574847, 0.000171060557477, 0.000154554480105, 8.8140986918e-05, 6.19533821009e-05, 7.46250807424e-05, 3.66861422663e-05, 2.22203361773e-05, 3.12846641464e-05, 1.89872298506e-05, 1.44491896208e-05, 1.41570881169e-05, 8.43931866257e-06, 6.6601319304e-06, 7.80097889219e-06, 5.59055706617e-06, 4.43504995928e-06, 3.430200195e-06, 2.31958210861e-06, 1.77955041636e-06, 1.60648721703e-06, 1.31691115257e-06, 1.09874656573e-06, 8.28891131732e-07, 7.59595764066e-07, 6.13687575424e-07, 5.5007200217e-07, 4.92281174047e-07, 3.63881099474e-07, 2.93061873435e-07, 1.98659208195e-07],
        "median": [0.000621112063527, 0.00165303156245, 0.00138182600494, 0.000532765989192, 0.000390316912672, 0.000273433659459, 0.000485493190354, 0.000213788458495, 0.000143310579006, 0.000117482988571, 7.19140662113e-05, 6.31878283457e-05, 3.31980954797e-05, 2.81356369669e-05, 3.09370116156e-05, 1.41559721669e-05, 7.87600038166e-06, 1.06713514469e-05, 6.37168841422e-06, 4.59962666355e-06, 4.58121849078e-06, 2.74422450275e-06, 2.11403676076e-06, 2.25840358326e-06, 1.58650902904e-06, 1.236961225e-06, 1.04738899154e-06, 6.03295234214e-07, 4.14044620811e-07, 2.87633469043e-07, 2.49703788313e-07, 1.91103310954e-07, 1.14102086002e-07, 1.14557202835e-07, 8.29615629527e-08, 7.31186062808e-08, 5.37685771462e-08, 3.44473072289e-08, 2.39950566083e-08, 1.72857479441e-08],
        "min": [4.77674368545e-24, 1.58269841835e-23, 5.77820378792e-24, 4.74637175174e-24, 5.44239358918e-24, 2.91814992186e-24, 1.89050417329e-24, 2.13039401355e-24, 2.55816784169e-24, 4.46115869703e-24, 4.41316479398e-24, 6.15088731753e-24, 9.66381587939e-24, 5.7117414678e-24, 4.74006835868e-24, 9.36336163755e-24, 1.02609599188e-23, 5.40276476717e-24, 5.65928655633e-24, 7.98377486523e-24, 5.18414813894e-24, 4.77876198608e-24, 6.94263229822e-24, 9.63449313068e-24, 6.40944555111e-24, 7.9250307602e-24, 9.75860540576e-24, 9.06623244444e-24, 9.94079835385e-24, 8.0626278236e-24, 9.07891811665e-24, 8.21469180713e-24, 1.02544052736e-23, 9.15619808637e-24, 8.35292548128e-24, 8.06862395534e-24, 6.86475673852e-24, 9.61300771506e-24, 7.67787590543e-24, 9.82588971895e-24],
        "var": [3.35974473273e-05, 4.21752993134e-05, 1.07272880996e-05, 2.01573470804e-06, 1.10010796561e-06, 4.17114364382e-07, 6.46034607144e-07, 2.43779879838e-07, 1.9367054449e-07, 9.0243091222e-08, 9.33472179554e-08, 6.91011052822e-08, 2.71824784903e-08, 9.83275860733e-09, 1.44990037754e-08, 7.09415637346e-09, 1.93141880267e-09, 3.74990438701e-09, 1.61464641657e-09, 8.99615215655e-10, 9.40687971962e-10, 3.79751424751e-10, 2.36552361033e-10, 3.66030511456e-10, 1.19363366413e-10, 8.8040866264e-11, 4.1122636546e-11, 3.32825988991e-11, 1.67190428169e-11, 2.0431987699e-11, 1.30479932414e-11, 7.94421299577e-12, 5.35839341648e-12, 4.37774339349e-12, 3.08811158069e-12, 2.25785709573e-12, 2.14308323691e-12, 1.14493906977e-12, 7.81581667875e-13, 3.347101242e-13]
    },
    "mfcc": {
        "mean": [-685.308654785, 179.503097534, 6.43059015274, 20.3262042999, -1.91669905186, 3.08342552185, -0.0549169145525, 3.18256425858, -2.2199614048, 2.59116411209, -0.0691360384226, 0.162588849664, 0.0459700487554],
        "cov": [[9899.64648438, -1872.37805176, -1406.77282715, -185.43522644, -194.358016968, -38.483417511, -138.960800171, 54.1684150696, -174.231521606, 6.26314067841, -105.35925293, -46.353969574, -109.727287292], [-1872.37805176, 2009.31213379, -1.80590581894, 45.0574836731, -12.9286155701, -62.725933075, 72.2852325439, -19.9768409729, 52.9429016113, 14.8545942307, 43.2450408936, -15.594502449, 59.2705421448], [-1406.77282715, -1.80590581894, 1211.2956543, -2.04552960396, 240.601257324, 125.076698303, 88.0043334961, 127.609069824, 81.9183273315, 79.4805755615, 92.4688415527, 113.81854248, 23.2995491028], [-185.43522644, 45.0574836731, -2.04552960396, 323.076507568, 56.5742034912, 55.2342643738, 19.8912639618, 6.79598617554, 54.6512451172, 21.0680713654, 26.4681148529, 21.0898704529, 22.9644126892], [-194.358016968, -12.9286155701, 240.601257324, 56.5742034912, 250.037796021, 62.2557106018, 64.8793029785, 53.7454986572, 37.2437210083, 40.579410553, 35.2316207886, 47.6151237488, 20.2664794922], [-38.483417511, -62.725933075, 125.076698303, 55.2342643738, 62.2557106018, 162.47215271, 52.9787559509, 51.5363883972, 40.3135452271, 22.4341812134, 30.5006084442, 26.0882110596, 7.77596712112], [-138.960800171, 72.2852325439, 88.0043334961, 19.8912639618, 64.8793029785, 52.9787559509, 128.92010498, 54.7976150513, 36.2794456482, 30.3831806183, 20.3480968475, 18.4207496643, 20.9446430206], [54.1684150696, -19.9768409729, 127.609069824, 6.79598617554, 53.7454986572, 51.5363883972, 54.7976150513, 107.25302124, 41.150177002, 35.9968147278, 21.7079086304, 18.4172096252, 3.03355669975], [-174.231521606, 52.9429016113, 81.9183273315, 54.6512451172, 37.2437210083, 40.3135452271, 36.2794456482, 41.150177002, 97.9677581787, 36.3224525452, 27.0587844849, 16.4421539307, 7.00811290741], [6.26314067841, 14.8545942307, 79.4805755615, 21.0680713654, 40.579410553, 22.4341812134, 30.3831806183, 35.9968147278, 36.3224525452, 73.8363952637, 33.1446266174, 23.1800403595, 8.79337787628], [-105.35925293, 43.2450408936, 92.4688415527, 26.4681148529, 35.2316207886, 30.5006084442, 20.3480968475, 21.7079086304, 27.0587844849, 33.1446266174, 68.7379455566, 31.3262615204, 11.6368236542], [-46.353969574, -15.594502449, 113.81854248, 21.0898704529, 47.6151237488, 26.0882110596, 18.4207496643, 18.4172096252, 16.4421539307, 23.1800403595, 31.3262615204, 71.2292633057, 25.5425415039], [-109.727287292, 59.2705421448, 23.2995491028, 22.9644126892, 20.2664794922, 7.77596712112, 20.9446430206, 3.03355669975, 7.00811290741, 8.79337787628, 11.6368236542, 25.5425415039, 60.6035003662]],
