{
"lowlevel": {
    "average_loudness": 0.965546190739,
    "barkbands_crest": {
        "dmean": 3.18459367752,
        "dmean2": 5.05181121826,
        "dvar": 8.75188159943,
        "dvar2": 19.1080760956,
        "max": 26.2426548004,
        "mean": 10.1500492096,
        "median": 9.0650062561,
        "min": 1.91504752636,
        "var": 24.1093196869
    },
    "barkbands_flatness_db": {
        "dmean": 0.0290248822421,
        "dmean2": 0.044708032161,
        "dvar": 0.00074134656461,
        "dvar2": 0.0017189597711,
        "max": 0.395268112421,
        "mean": 0.0928002968431,
        "median": 0.0866029709578,
        "min": 0.0119953732938,
        "var": 0.00214277021587
    },
    "barkbands_kurtosis": {
        "dmean": 2.97602510452,
        "dmean2": 4.70043087006,
        "dvar": 52.7184829712,
        "dvar2": 135.970367432,
        "max": 392.26184082,
        "mean": 3.05791926384,
        "median": 1.07098460197,
        "min": -1.78008019924,
        "var": 70.2487792969
    },
    "barkbands_skewness": {
        "dmean": 0.647361636162,
        "dmean2": 0.987585246563,
        "dvar": 0.442415475845,
        "dvar2": 1.01565885544,
        "max": 17.8756198883,
        "mean": 1.51905596256,
        "median": 1.38976335526,
        "min": -2.74278473854,
        "var": 1.24982213974
    },
    "barkbands_spread": {
        "dmean": 10.169836998,
        "dmean2": 15.7785301208,
        "dvar": 86.0378189087,
        "dvar2": 201.370437622,
        "max": 94.9056549072,
        "mean": 32.7433662415,
        "median": 31.456111908,
        "min": 0.738550186157,
        "var": 216.701858521
    },
    "dissonance": {
        "dmean": 0.0125556057319,
        "dmean2": 0.020968131721,
        "dvar": 0.000148359016748,
        "dvar2": 0.000398266653065,
        "max": 0.500000178814,
        "mean": 0.479294598103,
        "median": 0.482450783253,
        "min": 0.328641086817,
        "var": 0.000252688187174
    },
    "dynamic_complexity": 1.99365484715,
    "erbbands_crest": {
        "dmean": 2.01735472679,
        "dmean2": 3.30581092834,
        "dvar": 3.87519574165,
        "dvar2": 10.0053138733,
        "max": 26.2431316376,
        "mean": 6.20237874985,
        "median": 5.52732276917,
        "min": 2.15778923035,
        "var": 7.49833393097
    },
    "erbbands_flatness_db": {
        "dmean": 0.0148401195183,
        "dmean2": 0.0225634090602,
        "dvar": 0.000224452363909,
        "dvar2": 0.000496981549077,
        "max": 0.259990572929,
        "mean": 0.109537251294,
        "median": 0.105000220239,
        "min": 0.0522679202259,
        "var": 0.000767204503063
    },
    "erbbands_kurtosis": {
        "dmean": 0.508042991161,
        "dmean2": 0.819323837757,
        "dvar": 0.402059823275,
        "dvar2": 0.993474960327,
        "max": 14.8787498474,
        "mean": -0.409640371799,
        "median": -0.63291823864,
        "min": -1.7876830101,
        "var": 1.00009524822
    },
    "erbbands_skewness": {
        "dmean": 0.324283391237,
        "dmean2": 0.491037786007,
        "dvar": 0.0888929143548,
        "dvar2": 0.186765491962,
        "max": 2.60490345955,
        "mean": -0.024159276858,
        "median": -0.0457599759102,
        "min": -3.20744395256,
        "var": 0.306615799665
    },
    "erbbands_spread": {
        "dmean": 9.12641048431,
        "dmean2": 13.8268108368,
        "dvar": 68.4270629883,
        "dvar2": 151.959609985,
        "max": 125.091407776,
        "mean": 50.0725250244,
        "median": 48.2361488342,
        "min": 10.4207143784,
        "var": 219.420944214
    },
    "hfc": {
        "dmean": 17.9969215393,
        "dmean2": 28.5969772339,
        "dvar": 479.720855713,
        "dvar2": 1265.36914062,
        "max": 180.877365112,
        "mean": 33.4895248413,
        "median": 27.1051273346,
        "min": 1.09831142528e-16,
        "var": 686.539855957
    },
    "melbands_crest": {
        "dmean": 4.38034486771,
        "dmean2": 6.87989091873,
        "dvar": 14.8815546036,
        "dvar2": 34.4786529541,
        "max": 39.3660812378,
        "mean": 15.8436536789,
        "median": 14.9469680786,
        "min": 1.4796243906,
        "var": 42.1798629761
    },
    "melbands_flatness_db": {
        "dmean": 0.0392131097615,
        "dmean2": 0.0596520416439,
        "dvar": 0.00132438493893,
        "dvar2": 0.00307187042199,
        "max": 0.524721086025,
        "mean": 0.162769988179,
        "median": 0.15899297595,
        "min": 0.00146176468115,
        "var": 0.00409009493887
    },
    "melbands_kurtosis": {
        "dmean": 8.74080944061,
        "dmean2": 13.6794719696,
        "dvar": 270.239959717,
        "dvar2": 681.182189941,
        "max": 524.248901367,
        "mean": 14.7439813614,
        "median": 9.25699043274,
        "min": -1.64491546154,
        "var": 436.295684814
    },
    "melbands_skewness": {
        "dmean": 0.894055902958,
        "dmean2": 1.36915338039,
        "dvar": 0.86583340168,
        "dvar2": 2.00303435326,
        "max": 17.7152919769,
        "mean": 3.04215192795,
        "median": 2.81096553802,
        "min": -1.05193412304,
        "var": 2.55566239357
    },
    "melbands_spread": {
        "dmean": 12.698554039,
        "dmean2": 19.9771232605,
        "dvar": 194.355361938,
        "dvar2": 449.549224854,
        "max": 177.88508606,
        "mean": 30.2400970459,
        "median": 25.06483078,
        "min": 0.413959920406,
        "var": 436.277740479
    },
    "pitch_salience": {
        "dmean": 0.0935411974788,
        "dmean2": 0.147097930312,
        "dvar": 0.00692846439779,
        "dvar2": 0.01626881212,
        "max": 0.968138158321,
        "mean": 0.554495513439,
        "median": 0.573154449463,
        "min": 0.0325454361737,
        "var": 0.019111385569
    },
    "silence_rate_20dB": {
        "dmean": 0,
        "dmean2": 0,
        "dvar": 0,
        "dvar2": 0,
        "max": 1,
        "mean": 1,
        "median": 1,
        "min": 1,
        "var": 0
    },
    "silence_rate_30dB": {
        "dmean": 0.00079880177509,
        "dmean2": 0.00159776315559,
        "dvar": 0.000798037217464,
        "dvar2": 0.00239358586259,
        "max": 1,
        "mean": 0.99960064888,
        "median": 1,
        "min": 0,
        "var": 0.000399263255531
    },
    "silence_rate_60dB": {
        "dmean": 0.0201697461307,
        "dmean2": 0.0403435193002,
        "dvar": 0.0197650641203,
        "dvar2": 0.0457008965313,
        "max": 1,
        "mean": 0.0486222058535,
        "median": 0,
        "min": 0,
        "var": 0.0462498292327
    },
    "spectral_centroid": {
        "dmean": 434.403045654,
        "dmean2": 662.152404785,
        "dvar": 169558.65625,
        "dvar2": 381343,
        "max": 11539.9716797,
        "mean": 1836.5904541,
        "median": 1801.54760742,
        "min": 267.99822998,
        "var": 485375.1875
    },
    "spectral_complexity": {
        "dmean": 8.72950553894,
        "dmean2": 12.9478731155,
        "dvar": 67.0600967407,
        "dvar2": 143.889846802,
        "max": 62,
        "mean": 28.0522155762,
        "median": 27,
        "min": 0,
        "var": 193.532867432
    },
    "spectral_decrease": {
        "dmean": 3.53352502813e-09,
        "dmean2": 5.4993574139e-09,
        "dvar": 1.2685535995e-17,
        "dvar2": 3.15451083774e-17,
        "max": 8.1964358519e-29,
        "mean": -8.95913654375e-09,
        "median": -8.55620108098e-09,
        "min": -3.82326312831e-08,
        "var": 2.99351634425e-17
    },
    "spectral_energy": {
        "dmean": 0.0143881440163,
        "dmean2": 0.022517291829,
        "dvar": 0.000204352618312,
        "dvar2": 0.00051069521578,
        "max": 0.146699905396,
        "mean": 0.0368513651192,
        "median": 0.0355837270617,
        "min": 1.04835885327e-20,
        "var": 0.000468907412142
    },
    "spectral_energyband_high": {
        "dmean": 0.00162349292077,
        "dmean2": 0.00266325450502,
        "dvar": 4.49283197668e-06,
        "dvar2": 1.15807397378e-05,
        "max": 0.0182775240391,
        "mean": 0.00241576950066,
        "median": 0.00157711841166,
        "min": 7.76107298827e-21,
        "var": 6.16639317741e-06
    },
    "spectral_energyband_low": {
        "dmean": 0.00955153536052,
        "dmean2": 0.0147242471576,
        "dvar": 0.000133057474159,
        "dvar2": 0.000331986870151,
        "max": 0.132576406002,
        "mean": 0.0176722481847,
        "median": 0.0129023557529,
        "min": 4.8676308747e-23,
        "var": 0.000297347898595
    },
    "spectral_energyband_middle_high": {
        "dmean": 0.00338066811673,
        "dmean2": 0.00539337238297,
        "dvar": 1.68486913026e-05,
        "dvar2": 4.26973711001e-05,
        "max": 0.0379573665559,
        "mean": 0.00623697834089,
        "median": 0.00524686742574,
        "min": 1.52709223792e-21,
        "var": 2.40964036493e-05
    },
    "spectral_energyband_middle_low": {
        "dmean": 0.00580902211368,
        "dmean2": 0.00951457303017,
        "dvar": 5.63584690099e-05,
        "dvar2": 0.000139651703648,
        "max": 0.0932303294539,
        "mean": 0.0117844920605,
        "median": 0.00990289449692,
        "min": 2.32110318054e-22,
        "var": 8.78629507497e-05
    },
    "spectral_entropy": {
        "dmean": 0.180639579892,
        "dmean2": 0.274511814117,
        "dvar": 0.0336060300469,
        "dvar2": 0.0811614021659,
        "max": 9.79919052124,
        "mean": 7.95480966568,
        "median": 7.99620103836,
        "min": 6.05444717407,
        "var": 0.102561071515
    },
    "spectral_flux": {
        "dmean": 0.0341699495912,
        "dmean2": 0.0518719293177,
        "dvar": 0.00101208616979,
        "dvar2": 0.00218435120769,
        "max": 0.302442252636,
        "mean": 0.108760774136,
        "median": 0.103667631745,
        "min": 6.65997673677e-11,
        "var": 0.0023946352303
    },
    "spectral_kurtosis": {
        "dmean": 0.895779669285,
        "dmean2": 1.45012152195,
        "dvar": 1.00260972977,
        "dvar2": 2.69562602043,
        "max": 16.1563491821,
        "mean": 2.89239525795,
        "median": 2.59461712837,
        "min": -1.23056876659,
        "var": 1.96447968483
    },
    "spectral_rms": {
        "dmean": 0.00119173375424,
        "dmean2": 0.00184387760237,
        "dvar": 1.28213832795e-06,
        "dvar2": 3.0657570278e-06,
        "max": 0.0119633544236,
        "mean": 0.00565439276397,
        "median": 0.00589201413095,
        "min": 3.19810736053e-12,
        "var": 3.98041265726e-06
    },
    "spectral_rolloff": {
        "dmean": 1074.31359863,
        "dmean2": 1710.03015137,
        "dvar": 1396488.75,
        "dvar2": 3000279,
        "max": 19530.6152344,
        "mean": 2073.64282227,
        "median": 1507.32421875,
        "min": 21.533203125,
        "var": 3458259
    },
    "spectral_skewness": {
        "dmean": 0.173367664218,
        "dmean2": 0.271806806326,
        "dvar": 0.0284957326949,
        "dvar2": 0.0686431080103,
        "max": 3.17525219917,
        "mean": 1.27565968037,
        "median": 1.25234150887,
        "min": -0.0540750846267,
        "var": 0.0698040723801
    },
    "spectral_spread": {
        "dmean": 584357.375,
        "dmean2": 866500.125,
        "dvar": 373001158656,
        "dvar2": 791972020224,
        "max": 41955388,
        "mean": 5382302.5,
        "median": 5382391.5,
        "min": 2323232.75,
        "var": 1.66855560397e+12
    },
    "spectral_strongpeak": {
        "dmean": 0.362334221601,
        "dmean2": 0.619242072105,
        "dvar": 0.40489423275,
        "dvar2": 1.01652550697,
        "max": 11.7237730026,
        "mean": 0.55399119854,
        "median": 0.373084545135,
        "min": 0,
        "var": 0.470168232918
    },
    "zerocrossingrate": {
        "dmean": 0.018389750272,
        "dmean2": 0.0218153577298,
        "dvar": 0.000278561958112,
        "dvar2": 0.000333509116899,
        "max": 0.6884765625,
        "mean": 0.0806732699275,
        "median": 0.07275390625,
        "min": 0,
        "var": 0.00186458788812
    },
    "barkbands": {
        "dmean": [0.000683530292008, 0.00716425525025, 0.00300362682901, 0.00227996986359, 0.00280523137189, 0.000974929949734, 0.000725062098354, 0.000944655097555, 0.000794248422608, 0.000666273117531, 0.000544637790881, 0.000608279369771, 0.000331618270138, 0.000369521469111, 0.000293414486805, 0.000492157822009, 0.000385808991268, 0.000339918915415, 0.000540080131032, 0.000389030930819, 0.000502200680785, 0.000370426569134, 0.000250870158197, 0.000186001023394, 0.000122502024169, 0.000120989490824, 2.31270114455e-05],
        "dmean2": [0.00105327810161, 0.0106880757958, 0.00473006162792, 0.00389658496715, 0.00449155364186, 0.00160711340141, 0.00112882826943, 0.00152974494267, 0.00128172256518, 0.00109250063542, 0.000928704102989, 0.00100096990354, 0.00055976974545, 0.000619843252935, 0.000495393585879, 0.000789467652794, 0.000617564539425, 0.000562517554499, 0.000877572281752, 0.000642449245788, 0.000839918619022, 0.000623384199571, 0.0004155303468, 0.000300687330309, 0.000201747490792, 0.000199408852495, 3.81358404411e-05],
        "dvar": [1.38249561132e-06, 0.000104070939415, 2.54493916145e-05, 2.36665200646e-05, 1.78217323992e-05, 2.21961886382e-06, 1.11825545446e-06, 2.05913534046e-06, 1.24246309952e-06, 1.27702264763e-06, 9.27400890305e-07, 1.10629935079e-06, 4.80682899706e-07, 3.39639910862e-07, 1.65183408285e-07, 4.31444590276e-07, 3.18192064697e-07, 2.19966494797e-07, 6.23596520199e-07, 2.7286350246e-07, 5.17130331446e-07, 2.67439816071e-07, 1.5215469773e-07, 6.78137368482e-08, 3.66606514035e-08, 4.47902159806e-08, 1.88561988246e-09],
        "dvar2": [3.19101332025e-06, 0.000231693455135, 6.04398883297e-05, 6.17009791313e-05, 4.12311455875e-05, 5.75585681872e-06, 2.47922343988e-06, 5.26462690686e-06, 3.05107801069e-06, 3.10239011014e-06, 2.46544391302e-06, 2.62850153376e-06, 1.29360660139e-06, 8.98921769021e-07, 4.49362573818e-07, 1.02170429273e-06, 7.27394592559e-07, 5.32045362434e-07, 1.49504603542e-06, 6.87959584411e-07, 1.34091430937e-06, 7.03402236013e-07, 4.02099033181e-07, 1.71682458472e-07, 9.64090887123e-08, 1.14465684931e-07, 4.55794912924e-09],
        "max": [0.0268561393023, 0.115941613913, 0.0691749155521, 0.0572488158941, 0.0489971414208, 0.0256443396211, 0.0156383570284, 0.022277681157, 0.015476080589, 0.0246096067131, 0.0144411502406, 0.021092440933, 0.0160881914198, 0.010733820498, 0.00716632790864, 0.0075789517723, 0.00706109078601, 0.00806440226734, 0.0100436583161, 0.00952729117125, 0.00728652859107, 0.00622637150809, 0.00538196926937, 0.00354590755887, 0.00218855938874, 0.00192322116345, 0.000547398463823],
        "mean": [0.00100299494807, 0.0118996668607, 0.00361768668517, 0.00221683387645, 0.00437897443771, 0.00143952725921, 0.00108150322922, 0.00132828950882, 0.0011820201762, 0.000812471029349, 0.000628309964668, 0.000814328261185, 0.000439984636614, 0.000534498598427, 0.000428171857493, 0.000683388847392, 0.000506734824739, 0.000493331288453, 0.000692653178703, 0.000548857206013, 0.00060962641146, 0.000483184092445, 0.000361669575796, 0.000296453450574, 0.000192154417164, 0.000148674225784, 2.93844204862e-05],
        "median": [0.000383516104193, 0.00671206228435, 0.00140882865526, 0.000717033923138, 0.0023706164211, 0.000843056943268, 0.000529993907548, 0.000680021359585, 0.000658362230752, 0.000382238969905, 0.00032080541132, 0.00040028989315, 0.000258963147644, 0.000310375238769, 0.000297111750115, 0.000388100685086, 0.00026340119075, 0.000314930337481, 0.000388812739402, 0.000350600632373, 0.000339994381648, 0.000297866645269, 0.000225607276661, 0.000163460703334, 0.000107691637822, 5.95593810431e-05, 5.89476985624e-06],
        "min": [6.95679235147e-24, 1.65316594306e-23, 4.60389006162e-24, 1.56323658873e-23, 2.30634908347e-23, 2.56995358138e-23, 2.23759433356e-23, 3.60546857247e-23, 3.62098073331e-23, 5.38624696645e-23, 2.77727316925e-23, 9.38090669295e-23, 8.86199840711e-23, 4.17394698432e-23, 9.44419416347e-23, 1.48811970717e-22, 8.85139106784e-23, 1.31694572597e-22, 1.73134597152e-22, 3.38302431224e-22, 3.67344907119e-22, 4.39971884918e-22, 6.485179811e-22, 8.02623890066e-22, 1.10757929018e-21, 1.42460958854e-21, 1.93809487848e-21],
        "var": [2.70821465165e-06, 0.000226337113418, 3.11933290504e-05, 1.9881676053e-05, 2.96858597721e-05, 2.97712631436e-06, 2.23074357564e-06, 3.08791481984e-06, 2.06036020245e-06, 1.60435968155e-06, 9.00335351162e-07, 1.63259699093e-06, 4.80234803035e-07, 4.91214791509e-07, 2.17469491304e-07, 6.60951059217e-07, 4.46882012284e-07, 3.1734268191e-07, 7.35033722776e-07, 3.78807101242e-07, 5.2461263067e-07, 3.06610587586e-07, 1.82538173021e-07, 1.33815689196e-07, 6.00381824256e-08, 5.14943856444e-08, 3.42431905054e-09]
    },
    "erbbands": {
        "dmean": [0.273642748594, 1.4715512991, 3.11222314835, 5.83042764664, 9.23599720001, 9.00295829773, 10.1825780869, 7.55695295334, 11.4690008163, 11.023229599, 21.465089798, 16.1017131805, 19.8826065063, 19.1586723328, 24.0451393127, 19.120300293, 14.8389072418, 14.1027193069, 17.4755458832, 17.4565811157, 28.7522506714, 21.5340900421, 18.3337535858, 23.1298427582, 25.2801551819, 18.5905723572, 22.3847846985, 17.1533317566, 14.3962526321, 9.60836219788, 6.78385305405, 4.51013183594, 2.72882080078, 1.44434022903, 0.900668442249, 0.642121195793, 0.18632696569, 0.0456825830042, 0.00383008061908, 7.15970236342e-05],
        "dmean2": [0.394749224186, 2.2445306778, 4.88087654114, 9.62112808228, 14.716509819, 14.8393745422, 16.9283866882, 12.2641515732, 17.5559520721, 18.4256515503, 34.4007377625, 26.4464569092, 32.3812065125, 32.0734062195, 40.3634376526, 31.8005943298, 24.9828166962, 23.5078887939, 29.3459472656, 28.7852249146, 45.6682357788, 34.3723068237, 30.1543521881, 37.3242034912, 41.4416236877, 30.6164245605, 37.4607315063, 28.7077274323, 24.2820110321, 16.0468502045, 11.1858463287, 7.37708950043, 4.45110654831, 2.36429309845, 1.50760686398, 1.08500671387, 0.305708378553, 0.0741168931127, 0.00634617591277, 0.000115200280561],
        "dvar": [0.176433861256, 4.33231496811, 25.5906105042, 128.272598267, 229.98550415, 257.998535156, 289.520507812, 121.214004517, 329.301086426, 235.157806396, 925.349060059, 553.275878906, 1027.88452148, 1112.3807373, 1464.41003418, 863.917419434, 848.992614746, 559.540283203, 637.034301758, 480.833099365, 1594.55578613, 1003.61999512, 662.887329102, 942.777648926, 1504.15734863, 619.530883789, 1124.80407715, 541.153015137, 424.374084473, 201.669158936, 93.1592407227, 45.1034202576, 14.5552330017, 5.58592939377, 2.08786344528, 1.47317564487, 0.0928187668324, 0.00589927984402, 6.17531914031e-05, 1.34876012581e-08],
        "dvar2": [0.374344557524, 10.2152147293, 61.7755393982, 323.206420898, 543.669555664, 669.314147949, 777.875, 297.9034729, 717.630493164, 625.146850586, 2330.15844727, 1405.84985352, 2519.20239258, 2863.64599609, 3787.38134766, 2102.42773438, 2274.13012695, 1512.03735352, 1717.25585938, 1244.56091309, 3647.56347656, 2298.171875, 1548.34973145, 2269.27392578, 3758.48730469, 1559.68676758, 2907.06201172, 1411.8614502, 1119.99963379, 532.93347168, 243.793807983, 117.613815308, 36.8916702271, 14.7018079758, 5.61498880386, 3.85365986824, 0.236581727862, 0.0145028755069, 0.000152584776515, 3.38015979651e-08],
        "max": [5.3346991539, 24.3365287781, 63.7557640076, 123.224639893, 217.250442505, 223.017196655, 247.50730896, 154.253540039, 276.953308105, 172.264694214, 425.62588501, 391.994445801, 665.818725586, 555.780517578, 471.843933105, 731.660583496, 652.971191406, 640.319458008, 330.032073975, 230.149871826, 451.040740967, 432.950897217, 554.492675781, 310.891174316, 560.763793945, 581.640319824, 371.947052002, 228.989120483, 259.977783203, 185.045059204, 99.792678833, 74.2832641602, 54.711643219, 35.8248519897, 19.0709953308, 10.2668352127, 3.41664481163, 1.22949504852, 0.100562177598, 0.00140194175765],
        "mean": [0.441291928291, 2.29191660881, 4.14359045029, 6.50993680954, 12.1995382309, 12.5506210327, 14.0577821732, 11.5649518967, 17.1120185852, 16.0732688904, 31.4888267517, 23.7587852478, 26.5084590912, 24.0050163269, 30.6517906189, 26.9882164001, 20.58959198, 22.0089740753, 26.6371898651, 26.7150020599, 40.1261749268, 30.3988780975, 26.8110466003, 32.1284561157, 32.0996131897, 26.23295784, 27.4737110138, 21.046787262, 18.5536174774, 13.3787765503, 9.53032875061, 6.70627164841, 4.48630142212, 2.37461638451, 1.29458653927, 0.753446280956, 0.239089474082, 0.0602374747396, 0.00471620820463, 0.000121623095765],
        "median": [0.202253907919, 1.24913311005, 2.02455186844, 2.62916374207, 5.02812957764, 6.96504974365, 7.23773860931, 6.95096492767, 8.01895427704, 9.85526752472, 17.3884811401, 14.5243682861, 13.7012720108, 13.4155635834, 16.6948375702, 15.7503414154, 12.8414030075, 15.0452003479, 18.3347530365, 18.4713153839, 21.9715652466, 17.6785545349, 17.4509162903, 20.5052261353, 17.8281459808, 16.5052337646, 15.5334606171, 12.8108119965, 11.4498128891, 8.27602672577, 5.81726169586, 3.75970101357, 2.42541146278, 1.33211839199, 0.701954185963, 0.315426647663, 0.0953523889184, 0.0210954733193, 0.000824335729703, 7.32211919967e-05],
        "min": [4.0876442129e-22, 1.97744290702e-21, 6.09766366742e-21, 3.37914653961e-20, 6.54014551842e-20, 7.38431176786e-20, 8.03610230245e-20, 1.58668234136e-19, 1.81404973483e-19, 5.35552710923e-19, 1.03057140048e-18, 7.99584212957e-19, 1.5073821904e-18, 1.54353391227e-18, 2.63206802963e-18, 3.5232637362e-18, 3.8702771701e-18, 2.85686614841e-18, 5.54199016292e-18, 4.95050184461e-18, 7.6971033698e-18, 5.70862404295e-18, 8.21573403335e-18, 1.06415999983e-17, 1.19148518183e-17, 1.56875067868e-17, 1.43875444777e-17, 1.43450323573e-17, 1.32321204002e-17, 1.55129766407e-17, 1.69319321896e-17, 1.46490807895e-17, 1.33359183321e-17, 1.00425574531e-17, 9.28114018077e-18, 4.15539640108e-18, 3.02129373096e-18, 1.26553029572e-18, 2.43042827966e-19, 2.87613413171e-20],
        "var": [0.374926894903, 8.46248531342, 34.0139198303, 125.336174011, 329.158966064, 291.024597168, 355.24230957, 184.314926147, 659.214538574, 332.087738037, 1478.19213867, 793.747680664, 1364.10095215, 1194.50268555, 1710.06567383, 1294.74780273, 877.46105957, 730.413269043, 852.389282227, 696.121032715, 2481.15625, 1499.3729248, 1011.52496338, 1243.07873535, 1613.95458984, 910.274353027, 1147.41943359, 569.658508301, 466.400421143, 243.929107666, 120.612968445, 72.5013122559, 30.6495990753, 9.48225212097, 2.94393253326, 1.4449300766, 0.121878065169, 0.00924139190465, 0.000102109050204, 2.33768506774e-08]
    },
    "gfcc": {
        "mean": [49.8971366882, 59.7812805176, -104.741966248, 39.5216751099, -54.3294715881, 18.1410961151, -31.4410037994, 12.6740732193, -22.7652950287, 7.1310338974, -19.0838890076, 5.14359378815, -11.7182159424],
        "cov": [[5628.96679688, -337.432861328, 86.6128921509, 161.459091187, -86.8681182861, -66.2412033081, -6.25352334976, 129.603775024, -100.215538025, 40.8943443298, -173.814620972, 44.4835166931, -160.619110107], [-337.432861328, 992.806091309, 33.5783424377, 117.468322754, 181.056518555, -20.6439933777, 32.3132743835, -27.0139942169, 67.486289978, -17.3021392822, 74.8123779297, -6.24934864044, 72.3862228394], [86.6128921509, 33.5783424377, 420.214263916, 54.314239502, 77.9308242798, 20.9463729858, 0.984011948109, -31.0183372498, -22.0474586487, 14.6582965851, -26.1159629822, 14.1448469162, -0.232591107488], [161.459091187, 117.468322754, 54.314239502, 274.941497803, 103.234680176, 52.2633552551, 12.89083004, 8.23935890198, 4.08133888245, -10.5345544815, 13.6503324509, -4.45953702927, 28.845790863], [-86.8681182861, 181.056518555, 77.9308242798, 103.234680176, 236.01083374, 32.1159324646, 53.4304046631, 1.54235935211, 24.7125682831, -9.6311788559, 21.0823726654, 17.2490558624, 28.6406288147], [-66.2412033081, -20.6439933777, 20.9463729858, 52.2633552551, 32.1159324646, 140.35055542, 48.3317070007, 44.2298660278, 14.0054244995, 10.943903923, 13.0474729538, 7.93001508713, 15.6653928757], [-6.25352334976, 32.3132743835, 0.984011948109, 12.89083004, 53.4304046631, 48.3317070007, 112.288345337, 63.4118080139, 48.3033790588, 11.7428379059, 13.6076822281, 5.02337265015, 14.0868120193], [129.603775024, -27.0139942169, -31.0183372498, 8.23935890198, 1.54235935211, 44.2298660278, 63.4118080139, 132.240112305, 80.7776260376, 46.4520645142, 4.30409240723, -0.96312379837, -4.47233009338], [-100.215538025, 67.486289978, -22.0474586487, 4.08133888245, 24.7125682831, 14.0054244995, 48.3033790588, 80.7776260376, 124.854728699, 62.6035003662, 42.5555992126, -6.26134252548, 7.43213796616], [40.8943443298, -17.3021392822, 14.6582965851, -10.5345544815, -9.6311788559, 10.943903923, 11.7428379059, 46.4520645142, 62.6035003662, 111.261222839, 45.3205680847, 19.4900417328, 0.213927671313], [-173.814620972, 74.8123779297, -26.1159629822, 13.6503324509, 21.0823726654, 13.0474729538, 13.6076822281, 4.30409240723, 42.5555992126, 45.3205680847, 111.101623535, 42.4908027649, 40.8692474365], [44.4835166931, -6.24934864044, 14.1448469162, -4.45953702927, 17.2490558624, 7.93001508713, 5.02337265015, -0.96312379837, -6.26134252548, 19.4900417328, 42.4908027649, 84.8319320679, 42.9834289551], [-160.619110107, 72.3862228394, -0.232591107488, 28.845790863, 28.6406288147, 15.6653928757, 14.0868120193, -4.47233009338, 7.43213796616, 0.213927671313, 40.8692474365, 42.9834289551, 86.579864502]],
        "icov": [[0.000240842899075, -2.4449002467e-06, -7.82211009209e-06, -0.000317768863169, 0.000116327719297, 0.000301535648759, -0.0001288625499, -0.000429561681813, 0.000408033491112, -0.000214038838749, 0.000333582167514, -0.00055419083219, 0.000543604081031], [-2.4449002467e-06, 0.00140141497832, -6.47946581012e-05, -0.000209117904888, -0.000806760974228, 0.000486766803078, 1.8409522454e-05, 0.000486021133838, -0.000905587512534, 0.000542723457329, -0.000731486186851, 0.000865052163135, -0.000913572032005], [-7.82211009209e-06, -6.47946581012e-05, 0.00294390995987, -0.000361633719876, -0.000849539355841, -0.000543292379007, -0.000249791919487, 0.00153717724606, 2.74040648947e-05, -0.00169863330666, 0.00192194618285, -0.000941404723562, 0.000229406534345], [-0.000317768863169, -0.000209117904888, -0.000361633719876, 0.00549134425819, -0.00224427739158, -0.00185449246783, 0.00183739617933, -0.00101311400067, 0.000669850676786, 0.000560731568839, -0.00135487690568, 0.00278446730226, -0.0023202332668], [0.000116327719297, -0.000806760974228, -0.000849539355841, -0.00224427739158, 0.0071874842979, -0.000158569033374, -0.00337349576876, 0.00204538763501, -0.0019846141804, 0.00117131206207, 0.000674849667121, -0.00262908614241, 0.0010955032194], [0.000301535648759, 0.000486766803078, -0.000543292379007, -0.00185449246783, -0.000158569033374, 0.0104196853936, -0.0032668095082, -0.00405988562852, 0.00359315495007, -0.000649868277833, -0.00148498138878, 0.000549255521037, -0.000620752456598], [-0.0001288625499, 1.8409522454e-05, -0.000249791919487, 0.00183739617933, -0.00337349576876, -0.0032668095082, 0.0162859950215, -0.00637001497671, -0.00221402500756, 0.00280296197161, -0.00117736659013, 0.000873233308084, -0.0018337109359], [-0.000429561681813, 0.000486021133838, 0.00153717724606, -0.00101311400067, 0.00204538763501, -0.00405988562852, -0.00637001497671, 0.021422110498, -0.0128340991214, -0.0025090216659, 0.00641343137249, -0.00367924454622, 0.00124646769837], [0.000408033491112, -0.000905587512534, 2.74040648947e-05, 0.000669850676786, -0.0019846141804, 0.00359315495007, -0.00221402500756, -0.0128340991214, 0.0244957171381, -0.00754637131467, -0.00667388085276, 0.00754009978846, -0.0016824620543], [-0.000214038838749, 0.000542723457329, -0.00169863330666, 0.000560731568839, 0.00117131206207, -0.000649868277833, 0.00280296197161, -0.0025090216659, -0.00754637131467, 0.0174411088228, -0.00567119056359, -0.00311533710919, 0.00293062138371], [0.000333582167514, -0.000731486186851, 0.00192194618285, -0.00135487690568, 0.000674849667121, -0.00148498138878, -0.00117736659013, 0.00641343137249, -0.00667388085276, -0.00567119056359, 0.0194253921509, -0.008270194754, -0.00222157500684], [-0.00055419083219, 0.000865052163135, -0.000941404723562, 0.00278446730226, -0.00262908614241, 0.000549255521037, 0.000873233308084, -0.00367924454622, 0.00754009978846, -0.00311533710919, -0.008270194754, 0.0236927419901, -0.0107415663078], [0.000543604081031, -0.000913572032005, 0.000229406534345, -0.0023202332668, 0.0010955032194, -0.000620752456598, -0.0018337109359, 0.00124646769837, -0.0016824620543, 0.00293062138371, -0.00222157500684, -0.0107415663078, 0.0207272283733]]
    },
    "melbands": {
        "dmean": [0.0021579391323, 0.00161350111011, 0.00102437159512, 0.000658228877001, 0.000362907565432, 0.000176083864062, 0.000158895578352, 0.000147516140714, 0.000175544671947, 0.000103373989987, 0.000103682308691, 8.11000281828e-05, 7.68682657508e-05, 7.80013069743e-05, 3.85462299164e-05, 3.22120249621e-05, 2.73996101896e-05, 3.23721033055e-05, 2.42249661824e-05, 2.82398978015e-05, 3.60221238225e-05, 2.44381917582e-05, 1.7728381863e-05, 1.60076087923e-05, 1.96368273464e-05, 2.30567966355e-05, 1.45130588862e-05, 1.21824969028e-05, 1.45912672451e-05, 1.24476136989e-05, 9.26883967622e-06, 8.99784663488e-06, 6.14070768279e-06, 5.48133129996e-06, 4.1184107431e-06, 3.30374700752e-06, 2.69947372544e-06, 2.14363831219e-06, 1.46649563249e-06, 1.21270193176e-06],
        "dmean2": [0.00314975972287, 0.00254633673467, 0.00164298748132, 0.00104731332976, 0.000604797969572, 0.000284290203126, 0.000244930502959, 0.000243087793933, 0.000280721083982, 0.000169045844814, 0.000168225364177, 0.000134778892971, 0.000130551081384, 0.000128827843582, 6.54878094792e-05, 5.37702362635e-05, 4.59739349026e-05, 5.4309686675e-05, 4.07840780099e-05, 4.60960509372e-05, 5.72050957999e-05, 3.89576453017e-05, 2.93437842629e-05, 2.66947499767e-05, 3.18386883009e-05, 3.77972864953e-05, 2.39666405832e-05, 2.01687271328e-05, 2.44039456447e-05, 2.11686729017e-05, 1.55671223183e-05, 1.52168549903e-05, 1.03923184724e-05, 9.17102443054e-06, 6.84200858814e-06, 5.48153730051e-06, 4.42004056822e-06, 3.52321285391e-06, 2.40927829509e-06, 2.01051238946e-06],
        "dvar": [1.02344065454e-05, 5.0395906328e-06, 3.48619619217e-06, 1.05652213733e-06, 3.7831077293e-07, 6.24017886253e-08, 5.86996797836e-08, 4.56540263372e-08, 5.96258118435e-08, 2.44072975164e-08, 2.8522183726e-08, 1.89857480848e-08, 1.69941838379e-08, 2.02463485977e-08, 7.31538651877e-09, 3.60244856168e-09, 1.91397697691e-09, 2.65467381411e-09, 1.30920130292e-09, 1.39175115876e-09, 2.7433424421e-09, 1.40593192643e-09, 6.02209115907e-10, 5.30077037819e-10, 6.99802993331e-10, 1.33381161671e-09, 5.05909925064e-10, 2.73910394366e-10, 4.97280439049e-10, 3.68893637859e-10, 1.62127880565e-10, 1.82360251899e-10, 7.4624174895e-11, 9.18873310773e-11, 3.44133055385e-11, 2.49315412065e-11, 1.67576889865e-11, 1.01590749702e-11, 4.77768736032e-12, 4.08020882706e-12],
        "dvar2": [2.18862605834e-05, 1.3105056496e-05, 8.51546883496e-06, 2.42028090724e-06, 1.01577802525e-06, 1.54604563818e-07, 1.29960042727e-07, 1.18822839568e-07, 1.47254439753e-07, 6.15475883592e-08, 6.92667114777e-08, 4.80380180079e-08, 4.5316092212e-08, 4.845895063e-08, 1.93979232677e-08, 9.44061806507e-09, 5.14442621835e-09, 7.09367276031e-09, 3.57809781804e-09, 3.51181861369e-09, 6.25889606809e-09, 3.15373482884e-09, 1.45892453673e-09, 1.30860078329e-09, 1.68677627421e-09, 3.30656568792e-09, 1.22398646774e-09, 6.82819911724e-10, 1.27652877158e-09, 9.58360169001e-10, 4.27585522544e-10, 4.84364603981e-10, 1.97285826564e-10, 2.48005838088e-10, 8.97586449611e-11, 6.67253960418e-11, 4.28553095788e-11, 2.6249474816e-11, 1.24373003216e-11, 1.08585042e-11],
        "max": [0.0397758558393, 0.0330295972526, 0.0232094302773, 0.012156532146, 0.00833562389016, 0.00322659290396, 0.00367848901078, 0.00284365168773, 0.00348284258507, 0.00268495106138, 0.00363689847291, 0.00212708604522, 0.00200983858667, 0.00286410539411, 0.00227178353816, 0.00127860950306, 0.00111036142334, 0.000741344993003, 0.000687852792908, 0.00047104418627, 0.000647658598609, 0.000557673338335, 0.000427930703154, 0.000301242544083, 0.00026565787266, 0.000602740386967, 0.000514108454809, 0.000459555798443, 0.000290021154797, 0.00023297239386, 0.000158054710482, 0.000203343748581, 0.000127555831568, 0.000165311706951, 6.83839389239e-05, 6.14357559243e-05, 5.29736935277e-05, 4.54811415693e-05, 2.90090010822e-05, 3.09454699163e-05],
        "mean": [0.00363366492093, 0.00246891425923, 0.00126247131266, 0.000970789813437, 0.000497710076161, 0.000274105172139, 0.000237791493419, 0.000206010168768, 0.000257906882325, 0.000148385341163, 0.000135266542202, 0.000100359036878, 9.28385270527e-05, 0.000102449674159, 4.91600876558e-05, 4.45599544037e-05, 4.090285438e-05, 4.59999864688e-05, 3.48401044903e-05, 3.90963614336e-05, 4.72555293527e-05, 3.24617722072e-05, 2.38838347286e-05, 2.2825830456e-05, 2.61308650806e-05, 2.80117437796e-05, 1.85849312402e-05, 1.67243870237e-05, 1.80625484063e-05, 1.43349361679e-05, 1.11270064735e-05, 1.11213148557e-05, 8.08079221315e-06, 7.43331474951e-06, 5.58857664146e-06, 4.61170247945e-06, 3.89571277992e-06, 3.35112986249e-06, 2.39426753978e-06, 1.87729233403e-06],
        "median": [0.00192936509848, 0.00155348237604, 0.000611767929513, 0.000468496989924, 0.000269949814538, 0.000166010140674, 0.000114254755317, 0.000106248524389, 0.000141535201692, 8.66246846272e-05, 6.70039298711e-05, 5.31563055119e-05, 5.13732738909e-05, 4.68245052616e-05, 2.65287417278e-05, 2.50469020102e-05, 2.68665025942e-05, 2.78170737147e-05, 2.29873221542e-05, 2.40277513512e-05, 2.32677793974e-05, 1.644985241e-05, 1.4486744476e-05, 1.39536823553e-05, 1.57671311172e-05, 1.4680545064e-05, 1.00097222457e-05, 1.00763736555e-05, 1.00150973594e-05, 7.31397130949e-06, 6.89907119522e-06, 6.63736864226e-06, 4.6653640311e-06, 4.44997476734e-06, 3.41760573974e-06, 2.58592990576e-06, 2.08201981877e-06, 1.75316949935e-06, 1.37806716793e-06, 9.8555187833e-07],
        "min": [4.13008284701e-24, 2.68497171018e-24, 6.67952904253e-24, 5.29466242417e-24, 2.95235788894e-24, 3.66124703382e-24, 3.62311191994e-24, 5.44685775304e-24, 8.89858451372e-24, 4.66570046899e-24, 6.6018668697e-24, 6.83814767132e-24, 5.94611835362e-24, 1.30392207419e-23, 5.47073105062e-24, 7.16767695954e-24, 4.34218348416e-24, 8.32320199123e-24, 6.20227568905e-24, 7.26945579353e-24, 8.81773652613e-24, 4.48782416778e-24, 8.85177192988e-24, 6.74873028771e-24, 8.18164326837e-24, 6.99923543475e-24, 1.09353200302e-23, 1.03724070321e-23, 8.91492971168e-24, 9.0462466534e-24, 7.5311146449e-24, 6.53223766747e-24, 7.86023214773e-24, 8.47115522058e-24, 1.03090646568e-23, 9.11330850782e-24, 9.2020222275e-24, 8.91427890143e-24, 7.99323015204e-24, 8.93753136547e-24],
        "var": [2.25551411859e-05, 7.91531419964e-06, 3.80037863579e-06, 1.72747468241e-06, 4.40449895223e-07, 9.66229976029e-08, 1.15648219889e-07, 6.88390215942e-08, 1.01920740292e-07, 3.43645751855e-08, 3.8334999175e-08, 2.17000515335e-08, 1.69040959008e-08, 2.88814305804e-08, 7.15576131682e-09, 4.89389861968e-09, 2.52902432329e-09, 3.57272145202e-09, 1.75161918303e-09, 1.93294247275e-09, 4.01295396912e-09, 2.13430206841e-09, 8.39540881259e-10, 7.20052906189e-10, 9.21198450854e-10, 1.42707168305e-09, 6.60910604022e-10, 4.19718954037e-10, 5.34184585455e-10, 3.47297801628e-10, 1.67068456292e-10, 1.87240056793e-10, 9.35099983557e-11, 9.46113742906e-11, 4.2582048998e-11, 3.37259109529e-11, 2.74579612519e-11, 1.90682122869e-11, 8.64119106131e-12, 6.57443934363e-12]
    },
    "mfcc": {
        "mean": [-596.649353027, 93.9681549072, 6.93460941315, 26.7143974304, 2.91542410851, 10.3832044601, 2.54874110222, 7.37738513947, 3.34450650215, 5.27405548096, -1.26513230801, 0.714369356632, -0.197290837765],
        "cov": [[4787.73974609, -479.448913574, 102.787200928, 135.990539551, -49.6153793335, -132.418640137, 61.4409561157, -20.3665409088, 166.080596924, -144.058822632, 155.571395874, -36.2617645264, 113.784484863], [-479.448913574, 829.936462402, -14.9757595062, 111.209098816, 94.1597976685, 51.2174034119, 0.40129211545, 15.00278759, -8.69661808014, 21.6033782959, -13.9043684006, 15.7334985733, 11.3828220367], [102.787200928, -14.9757595062, 306.505493164, 32.1059379578, 32.3697013855, 34.335735321, 14.5373754501, -22.0088596344, 4.986515522, -8.87039852142, 1.59014809132, -16.6812133789, -3.6570725441], [135.990539551, 111.209098816, 32.1059379578, 220.878936768, 110.938819885, 55.293296814, 27.8063869476, 11.7762298584, 13.0649490356, -10.4247875214, -1.37483096123, -7.99766588211, 6.75872612], [-49.6153793335, 94.1597976685, 32.3697013855, 110.938819885, 157.638122559, 73.0574951172, 38.8118553162, 19.5071353912, 6.78653287888, -2.8704161644, -3.66121482849, 3.54496216774, 6.10675430298], [-132.418640137, 51.2174034119, 34.335735321, 55.293296814, 73.0574951172, 112.630340576, 50.9889831543, 26.6511230469, -6.85588550568, -3.83091568947, -15.2773370743, -9.43013095856, -6.05725860596], [61.4409561157, 0.40129211545, 14.5373754501, 27.8063869476, 38.8118553162, 50.9889831543, 85.143737793, 43.9214515686, 20.6595973969, -3.13012123108, -2.05197644234, -4.09110498428, 2.79754376411], [-20.3665409088, 15.00278759, -22.0088596344, 11.7762298584, 19.5071353912, 26.6511230469, 43.9214515686, 96.1935882568, 46.3592376709, 18.5339679718, 4.73562097549, 0.64231467247, -2.91119503975], [166.080596924, -8.69661808014, 4.986515522, 13.0649490356, 6.78653287888, -6.85588550568, 20.6595973969, 46.3592376709, 105.270256042, 48.2184143066, 37.6418113708, 11.2593402863, 13.6615438461], [-144.058822632, 21.6033782959, -8.87039852142, -10.4247875214, -2.8704161644, -3.83091568947, -3.13012123108, 18.5339679718, 48.2184143066, 110.282485962, 47.6229896545, 25.9830741882, 7.41098356247], [155.571395874, -13.9043684006, 1.59014809132, -1.37483096123, -3.66121482849, -15.2773370743, -2.05197644234, 4.73562097549, 37.6418113708, 47.6229896545, 101.771377563, 37.4642219543, 27.6199607849], [-36.2617645264, 15.7334985733, -16.6812133789, -7.99766588211, 3.54496216774, -9.43013095856, -4.09110498428, 0.64231467247, 11.2593402863, 25.9830741882, 37.4642219543, 96.878944397, 42.0310516357], [113.784484863, 11.3828220367, -3.6570725441, 6.75872612, 6.10675430298, -6.05725860596, 2.79754376411, -2.91119503975, 13.6615438461, 7.41098356247, 27.6199607849, 42.0310516357, 88.6756744385]],
