{
"lowlevel": {
    "average_loudness": 0.376283466816,
    "barkbands_crest": {
        "dmean": 2.27582120895,
        "dmean2": 3.48929810524,
        "dvar": 3.92644810677,
        "dvar2": 9.05432701111,
        "max": 23.882856369,
        "mean": 9.53676319122,
        "median": 8.85833930969,
        "min": 2.95612812042,
        "var": 12.0330619812
    },
    "barkbands_flatness_db": {
        "dmean": 0.0165912769735,
        "dmean2": 0.0231047067791,
        "dvar": 0.000200304144528,
        "dvar2": 0.000399447861128,
        "max": 0.323441833258,
        "mean": 0.167205676436,
        "median": 0.167385667562,
        "min": 0.0379519276321,
        "var": 0.0022827743087
    },
    "barkbands_kurtosis": {
        "dmean": 1.18446743488,
        "dmean2": 1.82620477676,
        "dvar": 1.72501802444,
        "dvar2": 4.01894044876,
        "max": 22.8459415436,
        "mean": 1.37602245808,
        "median": 0.868627429008,
        "min": -1.61059129238,
        "var": 4.38542604446
    },
    "barkbands_skewness": {
        "dmean": 0.352733492851,
        "dmean2": 0.529941499233,
        "dvar": 0.101352021098,
        "dvar2": 0.238445684314,
        "max": 4.36232566833,
        "mean": 1.14436674118,
        "median": 1.09837424755,
        "min": -2.06473684311,
        "var": 0.369974344969
    },
    "barkbands_spread": {
        "dmean": 2.86988830566,
        "dmean2": 4.34490060806,
        "dvar": 7.57113790512,
        "dvar2": 18.0969104767,
        "max": 69.7149963379,
        "mean": 15.1694049835,
        "median": 14.4159469604,
        "min": 3.71556019783,
        "var": 28.1440639496
    },
    "dissonance": {
        "dmean": 0.019413145259,
        "dmean2": 0.0324710085988,
        "dvar": 0.000274443620583,
        "dvar2": 0.000750223989598,
        "max": 0.500000059605,
        "mean": 0.451364636421,
        "median": 0.454319417477,
        "min": 0.3274718225,
        "var": 0.000654414179735
    },
    "dynamic_complexity": 2.7200627327,
    "erbbands_crest": {
        "dmean": 2.59384894371,
        "dmean2": 4.13784313202,
        "dvar": 5.56591176987,
        "dvar2": 12.8426847458,
        "max": 29.0021839142,
        "mean": 9.54767894745,
        "median": 8.53822612762,
        "min": 2.89430761337,
        "var": 16.8164310455
    },
    "erbbands_flatness_db": {
        "dmean": 0.0146484039724,
        "dmean2": 0.0207528695464,
        "dvar": 0.000179453287274,
        "dvar2": 0.00034082584898,
        "max": 0.36100757122,
        "mean": 0.223673388362,
        "median": 0.226381242275,
        "min": 0.0280668996274,
        "var": 0.00214893440716
    },
    "erbbands_kurtosis": {
        "dmean": 0.61713039875,
        "dmean2": 0.979396164417,
        "dvar": 0.498973250389,
        "dvar2": 1.22140264511,
        "max": 11.806552887,
        "mean": -0.122133687139,
        "median": -0.41858959198,
        "min": -1.57068431377,
        "var": 1.22942245007
    },
    "erbbands_skewness": {
        "dmean": 0.291926413774,
        "dmean2": 0.449601650238,
        "dvar": 0.056183706969,
        "dvar2": 0.133464723825,
        "max": 2.56965923309,
        "mean": 0.459844917059,
        "median": 0.447529196739,
        "min": -1.14387369156,
        "var": 0.202487647533
    },
    "erbbands_spread": {
        "dmean": 4.77402210236,
        "dmean2": 7.31382751465,
        "dvar": 19.1358566284,
        "dvar2": 45.2806015015,
        "max": 91.4943008423,
        "mean": 27.2762031555,
        "median": 26.4307289124,
        "min": 5.06805419922,
        "var": 75.4189758301
    },
    "hfc": {
        "dmean": 3.64320278168,
        "dmean2": 5.32042360306,
        "dvar": 23.7492446899,
        "dvar2": 48.4317169189,
        "max": 212.145584106,
        "mean": 17.6078033447,
        "median": 14.2956218719,
        "min": 1.06522744333e-16,
        "var": 203.932174683
    },
    "melbands_crest": {
        "dmean": 2.88358640671,
        "dmean2": 4.47609472275,
        "dvar": 6.65782546997,
        "dvar2": 15.5252065659,
        "max": 32.8993492126,
        "mean": 12.2374639511,
        "median": 11.3762226105,
        "min": 1.72519385815,
        "var": 19.7199878693
    },
    "melbands_flatness_db": {
        "dmean": 0.0171860735863,
        "dmean2": 0.0238930881023,
        "dvar": 0.000221694921493,
        "dvar2": 0.000446316698799,
        "max": 0.336658358574,
        "mean": 0.195413529873,
        "median": 0.195624157786,
        "min": 0.00326178595424,
        "var": 0.00183046027087
    },
    "melbands_kurtosis": {
        "dmean": 2.31829714775,
        "dmean2": 3.54557824135,
        "dvar": 9.29096984863,
        "dvar2": 22.7659130096,
        "max": 80.0862426758,
        "mean": 4.60163593292,
        "median": 3.455742836,
        "min": -1.37499964237,
        "var": 20.216085434
    },
    "melbands_skewness": {
        "dmean": 0.44273301959,
        "dmean2": 0.662723660469,
        "dvar": 0.169628947973,
        "dvar2": 0.404296010733,
        "max": 8.33932781219,
        "mean": 1.70681869984,
        "median": 1.638002038,
        "min": -0.817005038261,
        "var": 0.614698648453
    },
    "melbands_spread": {
        "dmean": 4.3042049408,
        "dmean2": 6.5160741806,
        "dvar": 21.3472290039,
        "dvar2": 51.3665428162,
        "max": 173.206985474,
        "mean": 20.3504314423,
        "median": 19.2051124573,
        "min": 4.25176095963,
        "var": 81.4854736328
    },
    "pitch_salience": {
        "dmean": 0.0590772889555,
        "dmean2": 0.0929367393255,
        "dvar": 0.00234705139883,
        "dvar2": 0.00565551873296,
        "max": 0.882497608662,
        "mean": 0.563820242882,
        "median": 0.565572440624,
        "min": 0.241323158145,
        "var": 0.0073698121123
    },
    "silence_rate_20dB": {
        "dmean": 0,
        "dmean2": 0,
        "dvar": 0,
        "dvar2": 0,
        "max": 1,
        "mean": 1,
        "median": 1,
        "min": 1,
        "var": 0
    },
    "silence_rate_30dB": {
        "dmean": 0.00261224480346,
        "dmean2": 0.0052253426984,
        "dvar": 0.00260533718392,
        "dvar2": 0.00552428141236,
        "max": 1,
        "mean": 0.995919048786,
        "median": 1,
        "min": 0,
        "var": 0.00406462978572
    },
    "silence_rate_60dB": {
        "dmean": 0.0101224491373,
        "dmean2": 0.0202482044697,
        "dvar": 0.010020500049,
        "dvar2": 0.0221261736006,
        "max": 1,
        "mean": 0.0574600063264,
        "median": 0,
        "min": 0,
        "var": 0.0541528761387
    },
    "spectral_centroid": {
        "dmean": 180.965103149,
        "dmean2": 272.152618408,
        "dvar": 42000.4921875,
        "dvar2": 82449.265625,
        "max": 11226.3466797,
        "mean": 1284.37255859,
        "median": 1233.2388916,
        "min": 410.392913818,
        "var": 291499.71875
    },
    "spectral_complexity": {
        "dmean": 2.36016321182,
        "dmean2": 3.84846496582,
        "dvar": 4.2561712265,
        "dvar2": 10.6902713776,
        "max": 52,
        "mean": 18.8338222504,
        "median": 19,
        "min": 0,
        "var": 52.1883049011
    },
    "spectral_decrease": {
        "dmean": 1.24504806465e-09,
        "dmean2": 1.80211701117e-09,
        "dvar": 2.70866578153e-18,
        "dvar2": 6.37883844888e-18,
        "max": 1.04965456974e-28,
        "mean": -5.10981967849e-09,
        "median": -4.14571799112e-09,
        "min": -3.92025469864e-08,
        "var": 1.67054170507e-17
    },
    "spectral_energy": {
        "dmean": 0.00497669121251,
        "dmean2": 0.00720284413546,
        "dvar": 4.27126396971e-05,
        "dvar2": 9.95923182927e-05,
        "max": 0.155248984694,
        "mean": 0.0208827052265,
        "median": 0.0169780813158,
        "min": 1.00119582586e-20,
        "var": 0.000276124192169
    },
    "spectral_energyband_high": {
        "dmean": 0.000102235753729,
        "dmean2": 0.000155358473421,
        "dvar": 5.51514105496e-08,
        "dvar2": 1.23639239291e-07,
        "max": 0.00614378321916,
        "mean": 0.000298169878079,
        "median": 0.000118085663416,
        "min": 7.39261491638e-21,
        "var": 2.19667711576e-07
    },
    "spectral_energyband_low": {
        "dmean": 0.000705825048499,
        "dmean2": 0.00114084698725,
        "dvar": 6.4962396209e-06,
        "dvar2": 1.67758189491e-05,
        "max": 0.0702896788716,
        "mean": 0.00136026693508,
        "median": 0.000131694047013,
        "min": 1.96821616268e-23,
        "var": 1.58203074534e-05
    },
    "spectral_energyband_middle_high": {
        "dmean": 0.00210039527155,
        "dmean2": 0.00318298931234,
        "dvar": 1.10955388664e-05,
        "dvar2": 2.25361982302e-05,
        "max": 0.10887298733,
        "mean": 0.00702985981479,
        "median": 0.00526005961001,
        "min": 1.29456431583e-21,
        "var": 5.15249084856e-05
    },
    "spectral_energyband_middle_low": {
        "dmean": 0.00383263966069,
        "dmean2": 0.0054893642664,
        "dvar": 2.61731365754e-05,
        "dvar2": 6.12251023995e-05,
        "max": 0.122611552477,
        "mean": 0.0126445293427,
        "median": 0.0101109724492,
        "min": 1.39004031528e-22,
        "var": 0.000102975223854
    },
    "spectral_entropy": {
        "dmean": 0.109028398991,
        "dmean2": 0.149642452598,
        "dvar": 0.00950840581208,
        "dvar2": 0.0174691341817,
        "max": 9.80533885956,
        "mean": 7.30877971649,
        "median": 7.27858638763,
        "min": 6.50175380707,
        "var": 0.0899262577295
    },
    "spectral_flux": {
        "dmean": 0.0127869900316,
        "dmean2": 0.0213147737086,
        "dvar": 0.000190997569007,
        "dvar2": 0.000459436210804,
        "max": 0.274366974831,
        "mean": 0.0628207325935,
        "median": 0.0582971125841,
        "min": 6.57062737552e-11,
        "var": 0.000926411768887
    },
    "spectral_kurtosis": {
        "dmean": 2.37000203133,
        "dmean2": 4.1697807312,
        "dvar": 5.29161596298,
        "dvar2": 16.6881637573,
        "max": 25.4677333832,
        "mean": 5.87320709229,
        "median": 5.15158987045,
        "min": -1.25335144997,
        "var": 8.60237979889
    },
    "spectral_rms": {
        "dmean": 0.000509419362061,
        "dmean2": 0.000722498632967,
        "dvar": 2.41635746079e-07,
        "dvar2": 5.41828910627e-07,
        "max": 0.0123070077971,
        "mean": 0.00419428665191,
        "median": 0.00406988710165,
        "min": 3.12534221593e-12,
        "var": 2.7813628094e-06
    },
    "spectral_rolloff": {
        "dmean": 327.937774658,
        "dmean2": 541.653564453,
        "dvar": 211012.4375,
        "dvar2": 471687.03125,
        "max": 19164.5507812,
        "mean": 1473.61486816,
        "median": 1335.05859375,
        "min": 43.06640625,
        "var": 989426.875
    },
    "spectral_skewness": {
        "dmean": 0.243066564202,
        "dmean2": 0.420673280954,
        "dvar": 0.0465397462249,
        "dvar2": 0.144250184298,
        "max": 3.21548295021,
        "mean": 1.54955780506,
        "median": 1.5289721489,
        "min": 0.00445872591808,
        "var": 0.109700024128
    },
    "spectral_spread": {
        "dmean": 281516.78125,
        "dmean2": 410268.375,
        "dvar": 441808814080,
        "dvar2": 721992679424,
        "max": 42244364,
        "mean": 3204185,
        "median": 2888403.5,
        "min": 1820247.875,
        "var": 3.31544028774e+12
    },
    "spectral_strongpeak": {
        "dmean": 0.564998269081,
        "dmean2": 0.906650424004,
        "dvar": 0.53095728159,
        "dvar2": 1.26927876472,
        "max": 17.9930477142,
        "mean": 1.41348075867,
        "median": 1.13004767895,
        "min": 0,
        "var": 1.22012221813
    },
    "zerocrossingrate": {
        "dmean": 0.00590266240761,
        "dmean2": 0.00732294283807,
        "dvar": 9.93452777038e-05,
        "dvar2": 0.000138587813126,
        "max": 0.7890625,
        "mean": 0.0549820959568,
        "median": 0.05224609375,
        "min": 0.0126953125,
        "var": 0.000858824118041
    },
    "barkbands": {
        "dmean": [2.30476762226e-05, 0.000242736015934, 0.000467490026494, 0.000207958044484, 0.00187451392412, 0.00124367128592, 0.000974913593382, 0.000990996486507, 0.000720060314052, 0.00112883548718, 0.000838784442749, 0.000466811121441, 0.000359557045158, 0.000262676272541, 0.000344608386513, 0.000243914910243, 0.000259975349763, 0.000141662472743, 0.000158434355399, 7.09539308446e-05, 4.07806764997e-05, 2.18271543417e-05, 1.40079519042e-05, 1.06543920992e-05, 1.16921055451e-05, 4.22302809966e-06, 8.78036985341e-07],
        "dmean2": [3.40631013387e-05, 0.000381032179575, 0.000766340759583, 0.000356041477062, 0.00285139796324, 0.00176608178299, 0.00135429820511, 0.00143192685209, 0.000996037269942, 0.00165829015896, 0.00135702337138, 0.000755161978304, 0.000585242640227, 0.000432643835666, 0.000553345947992, 0.000408598600188, 0.000440061994595, 0.000234798542806, 0.000270491174888, 0.000119233576697, 6.75562623655e-05, 3.41915401805e-05, 2.08713827305e-05, 1.55024990818e-05, 1.71734991454e-05, 5.85624411542e-06, 1.39234441576e-06],
        "dvar": [8.42337311013e-09, 1.07363268853e-06, 3.01568911709e-06, 6.08847244621e-07, 1.50442256199e-05, 4.56363886769e-06, 2.96896450891e-06, 2.38187703872e-06, 1.49098434576e-06, 5.03515639139e-06, 3.27791394739e-06, 1.9816375243e-06, 6.00590908562e-07, 3.34351142328e-07, 9.09319396669e-07, 1.31436209472e-07, 1.71192695575e-07, 4.9977259664e-08, 7.31904918894e-08, 2.37723227769e-08, 1.64405893344e-08, 2.74375078213e-09, 1.23806642716e-09, 1.01402319874e-09, 1.73570302575e-09, 4.64540683698e-10, 2.71702070564e-11],
        "dvar2": [1.59604311989e-08, 2.66711776931e-06, 7.98140536062e-06, 1.80280665063e-06, 3.84622035199e-05, 1.02494632301e-05, 5.02838247485e-06, 4.52683616459e-06, 2.79258347291e-06, 1.03042093542e-05, 7.74573072704e-06, 4.52547328678e-06, 1.34538163366e-06, 7.51026334456e-07, 1.62960589023e-06, 3.56892542186e-07, 4.85001123707e-07, 1.36265427386e-07, 2.10024737157e-07, 6.73419506825e-08, 4.70023771015e-08, 6.32122976185e-09, 2.43793363275e-09, 2.04435912643e-09, 3.85397536107e-09, 8.76242745029e-10, 6.40529088103e-11],
        "max": [0.001912930049, 0.023394163698, 0.0493867769837, 0.0228226128966, 0.08131980896, 0.0448550544679, 0.0458709858358, 0.0310512557626, 0.0293674245477, 0.0932700484991, 0.0500118546188, 0.0520959310234, 0.0395238883793, 0.0248966738582, 0.0676596313715, 0.00697263563052, 0.00833036005497, 0.00626898743212, 0.00530056282878, 0.00412125559524, 0.00413329759613, 0.00143355410546, 0.000940878933761, 0.00102318415884, 0.00087560567772, 0.000594025361352, 0.000165010642377],
        "mean": [3.96995383198e-05, 0.000400117511163, 0.000760536757298, 0.00026833958691, 0.00325291813351, 0.00286004156806, 0.00210653734393, 0.00203174282797, 0.00156289618462, 0.00221372279339, 0.0012725192355, 0.00067436817335, 0.000568617775571, 0.000433331500972, 0.000561924709473, 0.000428276427556, 0.000460938812466, 0.000284080218989, 0.000318730628351, 0.000160093564773, 8.91096860869e-05, 5.30621255166e-05, 3.14011595037e-05, 2.14338197111e-05, 2.09198951779e-05, 6.58053750158e-06, 8.04470857929e-07],
        "median": [1.07661583115e-06, 8.22569199954e-06, 4.31936241512e-05, 6.23858359177e-05, 0.00144344381988, 0.00131543702446, 0.00101615511812, 0.00111615518108, 0.000554909813218, 0.000860332744196, 0.000473064254038, 0.00024565734202, 0.000314565957524, 0.000228613178479, 0.00032485765405, 0.00025498503237, 0.000295292033115, 0.000178157832124, 0.00019935349701, 9.43790582824e-05, 3.62265054719e-05, 1.45525609696e-05, 7.03156729287e-06, 3.32030185746e-06, 1.8335790628e-06, 4.67409535077e-07, 1.20290453154e-08],
        "min": [2.67579765228e-24, 5.92279055337e-24, 5.34663021402e-24, 2.46240703033e-24, 6.00521231846e-24, 1.03861340007e-23, 1.20500775192e-23, 1.42877792956e-23, 2.63673712567e-23, 8.08856951447e-24, 3.56627417617e-23, 3.615608275e-23, 3.05838280619e-23, 5.71588543302e-23, 6.44893979345e-23, 1.12502508163e-22, 8.93893632674e-23, 1.17813410078e-22, 1.9010261657e-22, 2.78322749136e-22, 3.17331049997e-22, 3.90754234574e-22, 4.02563141538e-22, 7.25102465801e-22, 9.01415629665e-22, 1.38701406814e-21, 2.17661309473e-21],
        "var": [2.24383303049e-08, 2.07266498364e-06, 6.21018352831e-06, 6.29109365491e-07, 2.65531034529e-05, 1.71252013388e-05, 1.06719699033e-05, 8.97214431461e-06, 7.65407730796e-06, 1.65214551089e-05, 6.35469677945e-06, 3.12429347105e-06, 1.03037393728e-06, 6.85763325237e-07, 1.63998458902e-06, 2.66388809678e-07, 3.01357630406e-07, 1.07959415629e-07, 1.43218130688e-07, 3.93486914163e-08, 2.33162129604e-08, 9.21298415335e-09, 3.85653375901e-09, 2.37700525929e-09, 4.1651242455e-09, 9.56056456225e-10, 2.6310138096e-11]
    },
    "erbbands": {
        "dmean": [0.00806751381606, 0.0592160150409, 0.441261708736, 0.646504282951, 2.13715362549, 8.57747459412, 6.87607574463, 11.9911937714, 15.2753076553, 19.9733085632, 17.2442893982, 16.8512516022, 21.7863750458, 36.6523399353, 35.1339836121, 18.2107925415, 17.5660820007, 13.8874645233, 13.0774908066, 17.7982254028, 13.6377019882, 9.45549106598, 7.48781013489, 8.8465423584, 6.62231063843, 3.65179753304, 2.18022823334, 1.14376151562, 0.740084826946, 0.571725666523, 0.421713292599, 0.281600952148, 0.155533328652, 0.14595836401, 0.074567578733, 0.0253830887377, 0.00638525746763, 0.00169320881832, 0.000116501149023, 7.09571168045e-06],
        "dmean2": [0.0111672002822, 0.0987181290984, 0.723203063011, 1.09024858475, 3.4960398674, 13.2468996048, 9.56027030945, 17.2158164978, 20.4137763977, 29.9307231903, 24.4637928009, 23.3186435699, 32.1170539856, 54.1231536865, 56.8803901672, 29.1655864716, 28.9167804718, 22.6709594727, 20.8694324493, 29.3147678375, 22.8981266022, 15.8927469254, 12.4875965118, 15.0098228455, 11.3937044144, 6.11746501923, 3.66984272003, 1.87393844128, 1.14716887474, 0.871248245239, 0.638307869434, 0.421296626329, 0.22187384963, 0.219003513455, 0.110634550452, 0.0353609137237, 0.00895901583135, 0.00248424103484, 0.000184845222975, 1.02920730569e-05],
        "dvar": [0.00121932115871, 0.0711183920503, 2.87277722359, 5.29265975952, 30.0812473297, 344.811401367, 124.751426697, 464.178894043, 674.02130127, 1210.20788574, 924.153381348, 758.401123047, 1631.78942871, 6333.72460938, 5728.60546875, 4193.93505859, 1711.42541504, 836.637084961, 1890.04016113, 1088.07214355, 382.629333496, 192.106002808, 137.226577759, 247.226669312, 145.798904419, 39.0589141846, 61.0686225891, 5.14823675156, 3.0611448288, 1.94405245781, 1.19484579563, 0.725193560123, 0.187907859683, 0.255129635334, 0.111780293286, 0.0163837950677, 0.00112625898328, 7.82491697464e-05, 5.6673599147e-07, 1.89166432518e-10],
        "dvar2": [0.00232149893418, 0.192557603121, 7.53554964066, 15.4323740005, 83.4969406128, 898.995910645, 257.351318359, 1056.90026855, 1113.08813477, 2652.12011719, 1691.26928711, 1457.31176758, 3543.3347168, 13120.5341797, 13217.4609375, 9317.24902344, 3766.11499023, 1910.96130371, 3122.33959961, 2769.43066406, 1054.14685059, 541.743713379, 378.838378906, 696.315734863, 427.435302734, 108.081665039, 178.481384277, 13.0937957764, 6.88867044449, 4.28815078735, 2.45603752136, 1.52734231949, 0.370077729225, 0.547394990921, 0.263378769159, 0.0340330414474, 0.00212540500797, 0.00015419680858, 1.38484926993e-06, 4.27817004045e-10],
        "max": [0.809412956238, 6.37302589417, 44.0838775635, 60.9058265686, 128.939971924, 346.717224121, 245.004562378, 481.437316895, 689.04284668, 823.263061523, 850.636352539, 600.08404541, 892.958496094, 3390.91845703, 1839.56433105, 2635.67919922, 2215.98364258, 1099.78491211, 3232.37158203, 962.086914062, 424.391540527, 248.012145996, 253.210449219, 319.279937744, 233.759033203, 115.787834167, 263.059539795, 49.1575813293, 46.1715164185, 32.9570808411, 28.1728096008, 26.5149555206, 12.176232338, 13.1659669876, 10.391201973, 3.38796138763, 0.924456000328, 0.266755580902, 0.0266729686409, 0.000402270728955],
        "mean": [0.0147581491619, 0.087168328464, 0.691626548767, 1.07241940498, 3.12555122375, 13.8677663803, 14.969165802, 25.9090309143, 35.4386138916, 37.9189414978, 37.6183280945, 36.3280754089, 46.2917938232, 72.6820831299, 57.6441802979, 29.6488170624, 28.3088321686, 24.614025116, 23.7918357849, 30.2689666748, 26.1160831451, 19.1985206604, 16.5426864624, 17.9265422821, 13.1211166382, 8.52908420563, 4.7609333992, 2.86941313744, 1.81474578381, 1.30969595909, 0.89140355587, 0.538519382477, 0.319699794054, 0.252111136913, 0.134316563606, 0.0407516919076, 0.00973336305469, 0.00202476861887, 0.000118684292829, 2.71530516329e-05],
        "median": [0.000206009091926, 0.00359315285459, 0.0413778871298, 0.242593586445, 0.970192909241, 5.30099773407, 8.34231948853, 11.7222766876, 16.8907394409, 22.7073822021, 18.8535652161, 16.6946258545, 18.0303611755, 27.8872375488, 26.9791107178, 13.4133405685, 15.3788433075, 13.0458860397, 14.1757183075, 17.6945457458, 17.0994205475, 13.3687229156, 11.5712108612, 10.5510196686, 8.65020275116, 5.11945152283, 2.19198107719, 1.02691864967, 0.564033508301, 0.344651401043, 0.188429355621, 0.0920453220606, 0.0450438261032, 0.0253373086452, 0.0102673117071, 0.00294848601334, 0.000700042641256, 0.000100697179732, 1.36095786729e-05, 2.09475474549e-05],
        "min": [5.25132808583e-23, 1.95111812636e-21, 8.28381155352e-21, 4.66440483122e-21, 2.34671527522e-20, 2.27611153253e-20, 1.07502240639e-19, 1.14548695009e-19, 1.3524773954e-19, 3.17837351983e-19, 2.8526600384e-19, 5.6531947735e-19, 7.88528323685e-19, 5.07364101708e-19, 1.68866554248e-18, 1.49058308274e-18, 1.89382525615e-18, 3.89103733552e-18, 3.7183187149e-18, 4.61930865351e-18, 5.75668034141e-18, 5.21015507966e-18, 6.48656714314e-18, 7.94680024541e-18, 1.03794234488e-17, 1.23519282637e-17, 9.98992146917e-18, 1.48472434857e-17, 1.23177739762e-17, 1.32871345283e-17, 1.29971506482e-17, 1.25762381391e-17, 1.22359550603e-17, 1.05220393126e-17, 7.24254446215e-18, 4.83397691172e-18, 2.50753474764e-18, 1.13049006219e-18, 2.87823672143e-19, 2.92617080395e-20],
        "var": [0.00323376199231, 0.10015476495, 5.07472991943, 9.31133651733, 41.8894424438, 559.571777344, 402.218688965, 1491.49914551, 2887.64404297, 2733.92333984, 3921.11157227, 2969.84423828, 5621.39648438, 20607.8476562, 10920.9921875, 6513.75537109, 2901.39038086, 1775.10839844, 3847.78442383, 1742.30407715, 795.166503906, 384.570220947, 293.001647949, 481.570770264, 244.912628174, 97.5151596069, 72.0871353149, 18.2158107758, 10.8815793991, 5.73831319809, 3.24510216713, 1.4788736105, 0.530704915524, 0.546331763268, 0.269109219313, 0.0322819761932, 0.00229041115381, 0.000114518326882, 5.15397687195e-07, 6.55677845351e-10]
    },
    "gfcc": {
        "mean": [-38.9052772522, 100.604606628, -178.279647827, 0.327613532543, -78.2557449341, -18.7897644043, -46.7548828125, -3.15340423584, -28.4578456879, -6.4764509201, -11.9930715561, -3.06924962997, -4.5918211937],
        "cov": [[8280.63183594, 127.918487549, 1083.26147461, 758.075927734, 96.4313659668, 777.71270752, 32.9656333923, 392.607299805, -175.70664978, 70.108001709, -239.252182007, 126.900093079, -188.224822998], [127.918487549, 1117.51379395, 143.038742065, 227.452941895, 326.670471191, -53.3551445007, 127.364479065, -108.641197205, 74.1426696777, -128.811248779, 87.7055282593, -124.742904663, 17.4388256073], [1083.26147461, 143.038742065, 1078.87426758, 485.197753906, 299.466583252, 436.658111572, 106.239830017, 164.752914429, -6.27094650269, 43.4360733032, -85.018699646, 33.0942382812, -94.5732269287], [758.075927734, 227.452941895, 485.197753906, 458.682769775, 198.848892212, 245.389404297, 87.8108062744, 64.9449157715, 21.60297966, -5.81493616104, -27.9463844299, -21.7380237579, -62.2992706299], [96.4313659668, 326.670471191, 299.466583252, 198.848892212, 286.008972168, 145.155151367, 98.979347229, 34.6503295898, 31.0641040802, -7.4209446907, 1.51343107224, -27.4205875397, -24.479352951], [777.71270752, -53.3551445007, 436.658111572, 245.389404297, 145.155151367, 343.550445557, 103.520439148, 140.81060791, -7.48760128021, 41.0978736877, -54.0460090637, 31.0732440948, -43.8539848328], [32.9656333923, 127.364479065, 106.239830017, 87.8108062744, 98.979347229, 103.520439148, 143.087371826, 69.5989761353, 30.8563652039, -9.3192358017, 9.1544675827, -5.31139373779, 0.0415961258113], [392.607299805, -108.641197205, 164.752914429, 64.9449157715, 34.6503295898, 140.81060791, 69.5989761353, 158.747589111, 29.4546451569, 41.8407363892, -28.1178569794, 24.6524868011, -23.0569496155], [-175.70664978, 74.1426696777, -6.27094650269, 21.60297966, 31.0641040802, -7.48760128021, 30.8563652039, 29.4546451569, 88.7942733765, 33.2036972046, 29.0667991638, -13.0391120911, -5.26761436462], [70.108001709, -128.811248779, 43.4360733032, -5.81493616104, -7.4209446907, 41.0978736877, -9.3192358017, 41.8407363892, 33.2036972046, 108.610671997, 28.3056297302, 31.2041473389, -16.5333042145], [-239.252182007, 87.7055282593, -85.018699646, -27.9463844299, 1.51343107224, -54.0460090637, 9.1544675827, -28.1178569794, 29.0667991638, 28.3056297302, 106.795204163, 20.5333499908, 27.757068634], [126.900093079, -124.742904663, 33.0942382812, -21.7380237579, -27.4205875397, 31.0732440948, -5.31139373779, 24.6524868011, -13.0391120911, 31.2041473389, 20.5333499908, 89.7931137085, 34.6246376038], [-188.224822998, 17.4388256073, -94.5732269287, -62.2992706299, -24.479352951, -43.8539848328, 0.0415961258113, -23.0569496155, -5.26761436462, -16.5333042145, 27.757068634, 34.6246376038, 98.4701766968]],
        "icov": [[0.000273939687759, -0.000587056798395, 0.000182646879693, -0.000334087380907, 0.000652289309073, -0.000562787230592, 0.000615114578977, -0.000827656651381, 0.0008473470225, -0.00048613580293, 0.000521005538758, -0.000658317410853, 0.000357435637852], [-0.000587056798395, 0.00429064314812, -0.000910025904886, 0.000108339459985, -0.00402279244736, 0.00260540493764, -0.00233895098791, 0.00301578408107, -0.00319264107384, 0.00380405550823, -0.00359201407991, 0.00372780067846, -0.00165041757282], [0.000182646879693, -0.000910025904886, 0.00311084557325, -0.00176323298365, -0.000715293164831, -0.00207555666566, 0.00169251055922, -0.00144624849781, 0.00130684976466, -0.00106731313281, 0.00168012618087, -0.00238352641463, 0.00119616242591], [-0.000334087380907, 0.000108339459985, -0.00176323298365, 0.00633475463837, -0.000711553613655, -0.00277597852983, -0.000221087990212, 0.00238691829145, -0.00326388585381, 0.00261583086103, -0.00168712169398, 0.00149122986477, 0.00101820623968], [0.000652289309073, -0.00402279244736, -0.000715293164831, -0.000711553613655, 0.0112415375188, -0.00393687654287, -0.000866975809913, -0.000663512386382, 0.00133344822098, -0.00295846303925, 0.0021194354631, -0.0011802209774, 0.00110058311839], [-0.000562787230592, 0.00260540493764, -0.00207555666566, -0.00277597852983, -0.00393687654287, 0.0142011381686, -0.00636665988714, -0.00230142264627, 0.00331751024351, -0.00286482041702, 0.00154795264825, 0.000276618811768, -0.00131438742392], [0.000615114578977, -0.00233895098791, 0.00169251055922, -0.000221087990212, -0.000866975809913, -0.00636665988714, 0.0176484715194, -0.00812058430165, -0.00105885777157, 0.00434660352767, -0.0029910702724, -0.000488770834636, -0.000196024571778], [-0.000827656651381, 0.00301578408107, -0.00144624849781, 0.00238691829145, -0.000663512386382, -0.00230142264627, -0.00812058430165, 0.0188261847943, -0.00900593306869, 0.000125120423036, 0.00206615985371, -0.000554786238354, 0.000378596800147], [0.0008473470225, -0.00319264107384, 0.00130684976466, -0.00326388585381, 0.00133344822098, 0.00331751024351, -0.00105885777157, -0.00900593306869, 0.0239514410496, -0.0107763865963, 8.0825695477e-05, 0.00204359623604, -0.000193550440599], [-0.00048613580293, 0.00380405550823, -0.00106731313281, 0.00261583086103, -0.00295846303925, -0.00286482041702, 0.00434660352767, 0.000125120423036, -0.0107763865963, 0.0225137397647, -0.00982795469463, -0.00115175102837, 0.00342203024775], [0.000521005538758, -0.00359201407991, 0.00168012618087, -0.00168712169398, 0.0021194354631, 0.00154795264825, -0.0029910702724, 0.00206615985371, 8.0825695477e-05, -0.00982795469463, 0.0202638655901, -0.00838982220739, -0.000528165197466], [-0.000658317410853, 0.00372780067846, -0.00238352641463, 0.00149122986477, -0.0011802209774, 0.000276618811768, -0.000488770834636, -0.000554786238354, 0.00204359623604, -0.00115175102837, -0.00838982220739, 0.02459821105, -0.00993266794831], [0.000357435637852, -0.00165041757282, 0.00119616242591, 0.00101820623968, 0.00110058311839, -0.00131438742392, -0.000196024571778, 0.000378596800147, -0.000193550440599, 0.00342203024775, -0.000528165197466, -0.00993266794831, 0.0169065315276]]
    },
    "melbands": {
        "dmean": [6.47176784696e-05, 0.000173054591869, 0.000120976605103, 0.000383412960218, 0.000293486256851, 0.000265511422185, 0.000228809571126, 0.000217778011574, 0.000142466509715, 0.000100664394267, 0.000111876586743, 0.000155626097694, 0.000128078667331, 5.79454208491e-05, 4.47314705525e-05, 2.80407148239e-05, 2.91608357657e-05, 2.09261888813e-05, 2.09285262827e-05, 2.42235691985e-05, 1.76391840796e-05, 1.13825126391e-05, 1.08749145511e-05, 7.83834911999e-06, 8.22337096906e-06, 5.35746630703e-06, 3.48448998011e-06, 2.43928593591e-06, 1.7521896325e-06, 1.01374428141e-06, 7.22736672287e-07, 4.99217208016e-07, 4.12043789311e-07, 3.06829633701e-07, 2.74845291415e-07, 1.99266978029e-07, 1.75112560896e-07, 1.15009868296e-07, 1.15711827675e-07, 1.32314511347e-07],
        "dmean2": [9.44978964981e-05, 0.000284094450762, 0.000201893344638, 0.000604475790169, 0.000415078480728, 0.000376886076992, 0.000307331909426, 0.000326144538121, 0.000200940994546, 0.000139322146424, 0.000164354089065, 0.000228144373978, 0.000207623597817, 9.3765091151e-05, 7.23366174498e-05, 4.60506707896e-05, 4.78499969176e-05, 3.3615018765e-05, 3.34354008373e-05, 4.06200269936e-05, 2.98453833238e-05, 1.92025636352e-05, 1.83655265573e-05, 1.29184181787e-05, 1.41058326335e-05, 9.20830825635e-06, 5.94050015934e-06, 4.09851372751e-06, 2.9899049423e-06, 1.68756730545e-06, 1.19577271107e-06, 7.91361003394e-07, 6.65999266403e-07, 4.62285271396e-07, 4.22462733241e-07, 3.04698801301e-07, 2.66054797748e-07, 1.67763360537e-07, 1.77576637839e-07, 2.01040805337e-07],
        "dvar": [7.21749628951e-08, 4.53806990208e-07, 1.42508170597e-07, 7.75584851453e-07, 2.53986883081e-07, 2.21232880904e-07, 1.50295434764e-07, 1.36482739777e-07, 5.59248718446e-08, 2.76907154984e-08, 4.1592471689e-08, 1.2290017537e-07, 7.50191517795e-08, 2.22836575858e-08, 1.35899158593e-08, 4.1296801534e-09, 4.09635880771e-09, 3.40723649295e-09, 3.78117670508e-09, 1.35521893707e-09, 6.82499223803e-10, 3.23841509164e-10, 5.24818521974e-10, 1.89223567371e-10, 2.48397885594e-10, 9.52886033967e-11, 7.67895330656e-11, 1.74073498671e-11, 3.85309041617e-11, 4.86573671979e-12, 2.33912693902e-12, 1.71512153438e-12, 9.60968392534e-13, 5.63794833302e-13, 5.15968236019e-13, 2.7733777731e-13, 3.01439916865e-13, 9.64517636766e-14, 1.38050608813e-13, 2.29630225425e-13],
        "dvar2": [1.5736026171e-07, 1.1889480902e-06, 4.03926122772e-07, 2.10681764656e-06, 5.36275592822e-07, 4.94606467782e-07, 2.44964184049e-07, 2.93317526712e-07, 1.02677553571e-07, 5.28639034769e-08, 8.95095055853e-08, 2.51752169333e-07, 1.78636341275e-07, 5.04562933656e-08, 2.97711153507e-08, 8.87356232937e-09, 9.38779542992e-09, 5.78582115551e-09, 6.77998590604e-09, 3.6929352909e-09, 1.91548577e-09, 9.20328424581e-10, 1.42077749565e-09, 5.00524399705e-10, 7.00193736325e-10, 2.78929407349e-10, 2.21875323669e-10, 4.85525647465e-11, 1.13166670479e-10, 1.30751312555e-11, 6.14643752561e-12, 4.03206851587e-12, 2.32049861097e-12, 1.20430401762e-12, 1.0970642797e-12, 5.9840381348e-13, 6.50903105286e-13, 1.9999377588e-13, 2.91641493941e-13, 5.30928762326e-13],
        "max": [0.00555330095813, 0.0176284909248, 0.0111921485513, 0.0178938824683, 0.01005954016, 0.010430438444, 0.0103786997497, 0.00751785282046, 0.00643487693742, 0.00372475897893, 0.00445295870304, 0.0151421604678, 0.00734112411737, 0.00455071451142, 0.00420877663419, 0.00363784655929, 0.00246874592267, 0.00413438258693, 0.0044353287667, 0.000639271805994, 0.000439469557023, 0.00037114819861, 0.000585787754972, 0.000469836173579, 0.000325162196532, 0.00021102259052, 0.00026188037009, 0.00010110239964, 0.000199627116672, 4.68018988613e-05, 3.00565752696e-05, 3.93065092794e-05, 2.1997737349e-05, 1.66002937476e-05, 1.77284528036e-05, 1.32079339892e-05, 1.74543620233e-05, 8.45006707095e-06, 9.53258859226e-06, 1.39597977977e-05],
        "mean": [0.0001147116418, 0.00028004165506, 0.00020582509751, 0.000604413042311, 0.000602765590884, 0.000588076654822, 0.000524156785104, 0.000417854083935, 0.000302952888887, 0.000219197332626, 0.000232811944443, 0.00030065086321, 0.000200430804398, 8.95778503036e-05, 6.9895053457e-05, 4.56908455817e-05, 4.77136018162e-05, 3.63688668585e-05, 3.49437177647e-05, 4.09814419982e-05, 3.00950650853e-05, 2.0547553504e-05, 1.87411969819e-05, 1.47593582369e-05, 1.47295731949e-05, 9.95305254037e-06, 6.90166234563e-06, 5.30799752596e-06, 3.28707301378e-06, 2.09090262615e-06, 1.54973110966e-06, 1.08073913907e-06, 8.65406093453e-07, 6.48452669338e-07, 5.35094955012e-07, 3.90755502622e-07, 3.03992464978e-07, 2.26397943948e-07, 2.0848484894e-07, 2.06173851325e-07],
        "median": [2.02403907679e-06, 1.58094735525e-05, 6.10086681263e-05, 0.000228623801377, 0.000319527403917, 0.000261029694229, 0.000249877048191, 0.000243478832999, 0.000160174851771, 8.71040174388e-05, 8.90141236596e-05, 9.94995934889e-05, 7.82735151006e-05, 3.87322288589e-05, 3.65905507351e-05, 2.63134643319e-05, 2.40476583713e-05, 2.11607948586e-05, 1.94641252165e-05, 2.37787262449e-05, 1.87849745998e-05, 1.30947300931e-05, 1.0814077541e-05, 9.01660405361e-06, 7.79012043495e-06, 6.35657488601e-06, 4.54025484942e-06, 2.89154809252e-06, 1.43238855799e-06, 7.54897314437e-07, 4.92622348247e-07, 3.18840363889e-07, 2.40741059088e-07, 1.62511256008e-07, 1.12123316853e-07, 7.67196297602e-08, 4.61410394337e-08, 3.13849568556e-08, 2.446764924e-08, 1.90406570511e-08],
        "min": [1.12241062304e-24, 3.99095302687e-24, 1.58863165815e-24, 2.22174469802e-24, 3.42320786123e-24, 2.2309897534e-24, 2.29029118866e-24, 3.23875522108e-24, 2.39663851337e-24, 3.27326394138e-24, 4.09686983074e-24, 1.54105417506e-24, 5.70414158184e-24, 4.42194954902e-24, 4.10357790945e-24, 3.72225832509e-24, 5.51297652424e-24, 4.75267317265e-24, 5.13554365756e-24, 6.28333824681e-24, 6.43095463256e-24, 4.42981133681e-24, 5.5759524736e-24, 5.85106889758e-24, 5.95888882839e-24, 6.59314325138e-24, 8.42217800242e-24, 7.11097127109e-24, 6.32635956513e-24, 7.5469746934e-24, 7.37556468503e-24, 6.62154382169e-24, 7.0781956782e-24, 6.68703899834e-24, 6.54789655644e-24, 7.36326318807e-24, 7.72059351231e-24, 8.08275166529e-24, 7.55523643366e-24, 8.1990502731e-24],
        "var": [1.76582418021e-07, 8.15742509985e-07, 2.7358044008e-07, 1.12567920496e-06, 7.09284222467e-07, 7.80267100708e-07, 6.31743546364e-07, 3.31529207642e-07, 2.26353321864e-07, 1.31404320314e-07, 1.45398146856e-07, 4.0012096747e-07, 1.4745108956e-07, 3.74080038057e-08, 2.29454837353e-08, 7.28153493057e-09, 8.17091194705e-09, 7.43768735489e-09, 6.41880815166e-09, 2.43578668346e-09, 1.23687449172e-09, 5.77844605498e-10, 7.46887496295e-10, 3.63484131682e-10, 4.21534723793e-10, 1.52976631362e-10, 8.33413893453e-11, 4.32030106134e-11, 4.1109067539e-11, 1.08434710863e-11, 6.35464424137e-12, 4.98393600695e-12, 2.4248639121e-12, 1.60415626095e-12, 1.26943442737e-12, 6.56585625713e-13, 5.44913452468e-13, 2.63612157277e-13, 3.19156132729e-13, 3.88085532677e-13]
    },
    "mfcc": {
        "mean": [-662.75769043, 131.735488892, -52.047908783, 5.5806145668, -24.1598205566, -21.2615833282, -17.9470214844, -11.0224819183, -14.1130399704, -8.34200000763, -12.0874738693, -7.5971455574, -2.0940246582],
        "cov": [[5070.625, 6.39198350906, 1091.57385254, 347.019805908, 435.547332764, 456.812561035, 372.55368042, 402.278747559, 241.263626099, 106.890487671, 79.4262008667, 42.3704032898, 12.0300636292], [6.39198350906, 928.977233887, -25.2693996429, 249.723648071, 160.869720459, 93.1963043213, 76.099571228, 47.8863792419, -22.2896633148, 28.4378242493, 8.43487262726, -10.9193925858, -27.5793361664], [1091.57385254, -25.2693996429, 825.503234863, 247.222854614, 332.069702148, 297.205871582, 216.732391357, 201.9818573, 148.023605347, 63.0439338684, 73.5945510864, 40.5138320923, 12.0343265533], [347.019805908, 249.723648071, 247.222854614, 303.021026611, 187.661087036, 161.094284058, 92.6138839722, 90.5784759521, 39.799823761, 35.4834136963, 23.9321804047, 39.945930481, 2.75254440308], [435.547332764, 160.869720459, 332.069702148, 187.661087036, 281.782196045, 194.699203491, 130.830566406, 105.357551575, 74.5813751221, 49.7839813232, 47.8823432922, 18.3262901306, 6.05307531357], [456.812561035, 93.1963043213, 297.205871582, 161.094284058, 194.699203491, 237.728530884, 142.442962646, 108.952957153, 70.9895019531, 43.8747444153, 39.5905418396, 26.3131504059, 6.92254447937], [372.55368042, 76.099571228, 216.732391357, 92.6138839722, 130.830566406, 142.442962646, 184.736465454, 129.043899536, 76.5031967163, 45.9504547119, 34.2012634277, 14.9469003677, 4.65859556198], [402.278747559, 47.8863792419, 201.9818573, 90.5784759521, 105.357551575, 108.952957153, 129.043899536, 175.043777466, 102.553619385, 43.0845832825, 28.4986171722, 14.1597452164, -0.444208979607], [241.263626099, -22.2896633148, 148.023605347, 39.799823761, 74.5813751221, 70.9895019531, 76.5031967163, 102.553619385, 132.587768555, 56.6642227173, 25.2672042847, 8.82726192474, 6.10292387009], [106.890487671, 28.4378242493, 63.0439338684, 35.4834136963, 49.7839813232, 43.8747444153, 45.9504547119, 43.0845832825, 56.6642227173, 87.9574890137, 48.7937660217, 18.5099010468, 4.35229206085], [79.4262008667, 8.43487262726, 73.5945510864, 23.9321804047, 47.8823432922, 39.5905418396, 34.2012634277, 28.4986171722, 25.2672042847, 48.7937660217, 88.5156402588, 46.0247459412, 15.2410421371], [42.3704032898, -10.9193925858, 40.5138320923, 39.945930481, 18.3262901306, 26.3131504059, 14.9469003677, 14.1597452164, 8.82726192474, 18.5099010468, 46.0247459412, 95.3444213867, 50.2276077271], [12.0300636292, -27.5793361664, 12.0343265533, 2.75254440308, 6.05307531357, 6.92254447937, 4.65859556198, -0.444208979607, 6.10292387009, 4.35229206085, 15.2410421371, 50.2276077271, 87.0089187622]],
