{
"lowlevel": {
    "average_loudness": 0.960673749447,
    "barkbands_crest": {
        "dmean": 3.87879776955,
        "dmean2": 6.28939151764,
        "dvar": 11.9961214066,
        "dvar2": 28.6587162018,
        "max": 26.7841415405,
        "mean": 13.4626331329,
        "median": 12.7112598419,
        "min": 1.99347054958,
        "var": 33.9138374329
    },
    "barkbands_flatness_db": {
        "dmean": 0.0447432249784,
        "dmean2": 0.0599336959422,
        "dvar": 0.00203754054382,
        "dvar2": 0.0040931859985,
        "max": 0.731618702412,
        "mean": 0.176776692271,
        "median": 0.158033654094,
        "min": 0.0149405356497,
        "var": 0.0107538588345
    },
    "barkbands_kurtosis": {
        "dmean": 20.8146324158,
        "dmean2": 32.4334068298,
        "dvar": 11040.7753906,
        "dvar2": 27739.6894531,
        "max": 4891.46728516,
        "mean": 26.999786377,
        "median": 8.6296005249,
        "min": -1.85677027702,
        "var": 10750.9726562
    },
    "barkbands_skewness": {
        "dmean": 1.27421081066,
        "dmean2": 1.83283770084,
        "dvar": 3.67350292206,
        "dvar2": 8.60982894897,
        "max": 53.5830459595,
        "mean": 3.34193563461,
        "median": 2.7561981678,
        "min": -2.56922841072,
        "var": 7.67739057541
    },
    "barkbands_spread": {
        "dmean": 7.9990811348,
        "dmean2": 11.9456319809,
        "dvar": 88.5767669678,
        "dvar2": 203.708724976,
        "max": 117.016159058,
        "mean": 18.7402038574,
        "median": 14.2873315811,
        "min": 0.0206998754293,
        "var": 253.16960144
    },
    "dissonance": {
        "dmean": 0.0165754202753,
        "dmean2": 0.0273125134408,
        "dvar": 0.000277055660263,
        "dvar2": 0.000717938411981,
        "max": 0.500000119209,
        "mean": 0.468032121658,
        "median": 0.473354876041,
        "min": 0.204857230186,
        "var": 0.000589165312704
    },
    "dynamic_complexity": 2.61663269997,
    "erbbands_crest": {
        "dmean": 2.60543107986,
        "dmean2": 4.01067209244,
        "dvar": 6.94914722443,
        "dvar2": 15.1905355453,
        "max": 27.9583282471,
        "mean": 8.11835098267,
        "median": 6.84501981735,
        "min": 2.24210715294,
        "var": 20.8920402527
    },
    "erbbands_flatness_db": {
        "dmean": 0.0192610006779,
        "dmean2": 0.0280867982656,
        "dvar": 0.000540008943062,
        "dvar2": 0.00106012891047,
        "max": 0.507425189018,
        "mean": 0.130528777838,
        "median": 0.116853699088,
        "min": 0.0421646609902,
        "var": 0.00284020486288
    },
    "erbbands_kurtosis": {
        "dmean": 1.81638920307,
        "dmean2": 2.7767059803,
        "dvar": 80.7092437744,
        "dvar2": 163.585861206,
        "max": 232.35597229,
        "mean": 1.59721148014,
        "median": -0.692479848862,
        "min": -1.89403450489,
        "var": 205.848297119
    },
    "erbbands_skewness": {
        "dmean": 0.441140711308,
        "dmean2": 0.648821949959,
        "dvar": 0.405468046665,
        "dvar2": 0.751217246056,
        "max": 12.7988853455,
        "mean": 0.496919333935,
        "median": 0.286105811596,
        "min": -2.29544997215,
        "var": 1.55641460419
    },
    "erbbands_spread": {
        "dmean": 11.8547325134,
        "dmean2": 16.4938144684,
        "dvar": 152.818786621,
        "dvar2": 310.813781738,
        "max": 170.391983032,
        "mean": 58.0603179932,
        "median": 54.3239707947,
        "min": 0.686147272587,
        "var": 718.955627441
    },
    "hfc": {
        "dmean": 9.78400230408,
        "dmean2": 15.2937784195,
        "dvar": 200.039962769,
        "dvar2": 507.93850708,
        "max": 142.250823975,
        "mean": 18.3917331696,
        "median": 13.9900999069,
        "min": 1.10993304819e-16,
        "var": 273.566986084
    },
    "melbands_crest": {
        "dmean": 4.74929857254,
        "dmean2": 7.66843938828,
        "dvar": 17.2420959473,
        "dvar2": 45.7332687378,
        "max": 37.9499664307,
        "mean": 19.1093349457,
        "median": 19.27759552,
        "min": 1.71695029736,
        "var": 39.9310646057
    },
    "melbands_flatness_db": {
        "dmean": 0.0532533861697,
        "dmean2": 0.0715517774224,
        "dvar": 0.00288408482447,
        "dvar2": 0.00600770814344,
        "max": 0.905298948288,
        "mean": 0.260725975037,
        "median": 0.243185788393,
        "min": 0.00267639290541,
        "var": 0.0150522142649
    },
    "melbands_kurtosis": {
        "dmean": 31.3916873932,
        "dmean2": 44.4263420105,
        "dvar": 2954.10839844,
        "dvar2": 6292.42578125,
        "max": 822.804443359,
        "mean": 57.9206466675,
        "median": 27.4030323029,
        "min": -1.43360304832,
        "var": 6945.89599609
    },
    "melbands_skewness": {
        "dmean": 1.61593163013,
        "dmean2": 2.26282048225,
        "dvar": 3.43010377884,
        "dvar2": 7.17858934402,
        "max": 23.2217998505,
        "mean": 5.25370883942,
        "median": 4.37276744843,
        "min": -0.990222454071,
        "var": 11.282500267
    },
    "melbands_spread": {
        "dmean": 7.82288122177,
        "dmean2": 12.1351299286,
        "dvar": 130.655899048,
        "dvar2": 323.553771973,
        "max": 184.210403442,
        "mean": 14.5148935318,
        "median": 9.15133094788,
        "min": 0.0938515886664,
        "var": 258.603881836
    },
    "pitch_salience": {
        "dmean": 0.107326216996,
        "dmean2": 0.159456089139,
        "dvar": 0.0109504666179,
        "dvar2": 0.0255104899406,
        "max": 0.980630993843,
        "mean": 0.443348795176,
        "median": 0.470656007528,
        "min": 0.0248300302774,
        "var": 0.0331646464765
    },
    "silence_rate_20dB": {
        "dmean": 0,
        "dmean2": 0,
        "dvar": 0,
        "dvar2": 0,
        "max": 1,
        "mean": 1,
        "median": 1,
        "min": 1,
        "var": 0
    },
    "silence_rate_30dB": {
        "dmean": 0.0490304268897,
        "dmean2": 0.098068587482,
        "dvar": 0.0466271005571,
        "dvar2": 0.101235948503,
        "max": 1,
        "mean": 0.930558860302,
        "median": 1,
        "min": 0,
        "var": 0.064619384706
    },
    "silence_rate_60dB": {
        "dmean": 0.0127699822187,
        "dmean2": 0.0255419779569,
        "dvar": 0.0126073975116,
        "dvar2": 0.0299331210554,
        "max": 1,
        "mean": 0.0424056127667,
        "median": 0,
        "min": 0,
        "var": 0.0406086072326
    },
    "spectral_centroid": {
        "dmean": 348.805725098,
        "dmean2": 527.944519043,
        "dvar": 153001.6875,
        "dvar2": 355856.78125,
        "max": 11786.1796875,
        "mean": 1185.82324219,
        "median": 1062.34606934,
        "min": 72.2261657715,
        "var": 522589.09375
    },
    "spectral_complexity": {
        "dmean": 6.33895635605,
        "dmean2": 9.59684658051,
        "dvar": 54.6047401428,
        "dvar2": 121.349250793,
        "max": 55,
        "mean": 15.9007644653,
        "median": 14,
        "min": 0,
        "var": 107.398834229
    },
    "spectral_decrease": {
        "dmean": 5.01831554089e-09,
        "dmean2": 7.36500727072e-09,
        "dvar": 2.54729971851e-17,
        "dvar2": 5.45112586155e-17,
        "max": 3.17208568298e-22,
        "mean": -1.21798438002e-08,
        "median": -1.05643636061e-08,
        "min": -4.96515539794e-08,
        "var": 8.42907499754e-17
    },
    "spectral_energy": {
        "dmean": 0.0194818936288,
        "dmean2": 0.0287500564009,
        "dvar": 0.000382235419238,
        "dvar2": 0.000830499047879,
        "max": 0.189836159348,
        "mean": 0.0476376228034,
        "median": 0.0418711975217,
        "min": 1.05984664714e-20,
        "var": 0.00123693561181
    },
    "spectral_energyband_high": {
        "dmean": 0.000736159621738,
        "dmean2": 0.00112888077274,
        "dvar": 1.47842547449e-06,
        "dvar2": 3.59704336006e-06,
        "max": 0.0118463216349,
        "mean": 0.00110890541691,
        "median": 0.000478679925436,
        "min": 7.5705564911e-21,
        "var": 2.23255915444e-06
    },
    "spectral_energyband_low": {
        "dmean": 0.0162725299597,
        "dmean2": 0.0226166080683,
        "dvar": 0.000384824263165,
        "dvar2": 0.000645151245408,
        "max": 0.181646957994,
        "mean": 0.0327176377177,
        "median": 0.0212507136166,
        "min": 3.94912194188e-23,
        "var": 0.00115014857147
    },
    "spectral_energyband_middle_high": {
        "dmean": 0.00158736878075,
        "dmean2": 0.00257784943096,
        "dvar": 5.91671050643e-06,
        "dvar2": 1.54905956151e-05,
        "max": 0.0366706363857,
        "mean": 0.00258755544201,
        "median": 0.00178458006121,
        "min": 1.43771442357e-21,
        "var": 7.78846788307e-06
    },
    "spectral_energyband_middle_low": {
        "dmean": 0.00908286310732,
        "dmean2": 0.0136763090268,
        "dvar": 0.000263580790488,
        "dvar2": 0.000525088689756,
        "max": 0.139060944319,
        "mean": 0.0136600332335,
        "median": 0.00719886785373,
        "min": 2.71413539297e-22,
        "var": 0.000354643416358
    },
    "spectral_entropy": {
        "dmean": 0.277616500854,
        "dmean2": 0.397843897343,
        "dvar": 0.110713817179,
        "dvar2": 0.218096166849,
        "max": 9.81197547913,
        "mean": 7.53777599335,
        "median": 7.7163567543,
        "min": 3.53454613686,
        "var": 0.533042192459
    },
    "spectral_flux": {
        "dmean": 0.039132822305,
        "dmean2": 0.0573860295117,
        "dvar": 0.00146029645111,
        "dvar2": 0.00296776089817,
        "max": 0.448793709278,
        "mean": 0.124978080392,
        "median": 0.106959879398,
        "min": 6.66200497546e-11,
        "var": 0.00534952571616
    },
    "spectral_kurtosis": {
        "dmean": 2.30471038818,
        "dmean2": 3.74116611481,
        "dvar": 43.8944664001,
        "dvar2": 119.56754303,
        "max": 484.375152588,
        "mean": 5.11568212509,
        "median": 2.52602863312,
        "min": -1.22775864601,
        "var": 228.81602478
    },
    "spectral_rms": {
        "dmean": 0.00150597852189,
        "dmean2": 0.00217041908763,
        "dvar": 2.09966015063e-06,
        "dvar2": 4.65029552288e-06,
        "max": 0.0136090414599,
        "mean": 0.00625321175903,
        "median": 0.00639139628038,
        "min": 3.21558188063e-12,
        "var": 7.37317805033e-06
    },
    "spectral_rolloff": {
        "dmean": 601.489135742,
        "dmean2": 1004.18243408,
        "dvar": 1097874.5,
        "dvar2": 2701349.75,
        "max": 19336.8164062,
        "mean": 875.32598877,
        "median": 301.46484375,
        "min": 21.533203125,
        "var": 2490278
    },
    "spectral_skewness": {
        "dmean": 0.27730217576,
        "dmean2": 0.425547748804,
        "dvar": 0.166477784514,
        "dvar2": 0.373915076256,
        "max": 18.4365234375,
        "mean": 1.486515522,
        "median": 1.27570402622,
        "min": -0.0796719193459,
        "var": 1.04941356182
    },
    "spectral_spread": {
        "dmean": 640757.375,
        "dmean2": 896536.1875,
        "dvar": 495547416576,
        "dvar2": 979783188480,
        "max": 41963364,
        "mean": 5197386,
        "median": 5153165,
        "min": 288553.375,
        "var": 3.12398944666e+12
    },
    "spectral_strongpeak": {
        "dmean": 0.304835736752,
        "dmean2": 0.478495568037,
        "dvar": 0.132364094257,
        "dvar2": 0.328953564167,
        "max": 6.01517724991,
        "mean": 0.567861795425,
        "median": 0.426866948605,
        "min": 0,
        "var": 0.262565135956
    },
    "zerocrossingrate": {
        "dmean": 0.0131376758218,
        "dmean2": 0.0145592493936,
        "dvar": 0.000184354474186,
        "dvar2": 0.000223417810048,
        "max": 0.7841796875,
        "mean": 0.0454614199698,
        "median": 0.03515625,
        "min": 0.00146484375,
        "var": 0.00194836989976
    },
    "barkbands": {
        "dmean": [0.00207746960223, 0.0119493743405, 0.00807829201221, 0.0048972661607, 0.0055534155108, 0.00110345892608, 0.000544600305147, 0.000531626283191, 0.000483101437567, 0.000324770371662, 0.000219201276195, 0.000232421021792, 0.000201046394068, 0.000197251982172, 0.000159857707331, 0.000195239626919, 0.0001581437391, 0.000146619131556, 0.000153074346599, 0.000165242148796, 0.000181045106729, 0.000147317914525, 0.000151375177666, 0.000119743141113, 9.11192619242e-05, 3.60911617463e-05, 4.66468964078e-06],
        "dmean2": [0.00318080373108, 0.0154868876562, 0.011104173027, 0.00775415077806, 0.00989032350481, 0.00187909719534, 0.000877813552506, 0.000863257446326, 0.000772741972469, 0.000526531832293, 0.000363056751667, 0.000377913471311, 0.000345503474819, 0.000329400587361, 0.000268487783615, 0.000329634553054, 0.000267688446911, 0.000242828769842, 0.000256645143963, 0.000259954395005, 0.000294715428026, 0.000235951069044, 0.00023661054729, 0.00018804006686, 0.000145619676914, 5.89398441662e-05, 8.07341712061e-06],
        "dvar": [1.39513640534e-05, 0.000224741539569, 0.000267011317192, 0.000127497158246, 0.000207221833989, 6.03948910793e-06, 1.66700306181e-06, 8.76766989677e-07, 8.26592383874e-07, 4.84492602482e-07, 2.20104581672e-07, 1.74455294655e-07, 1.30886604666e-07, 1.09008070126e-07, 6.57649366076e-08, 2.10543106505e-07, 2.44886280143e-07, 5.90964717162e-08, 5.85093751226e-08, 5.76245930972e-08, 9.50422816004e-08, 6.01714944537e-08, 7.07998353278e-08, 4.74843808718e-08, 2.76842975211e-08, 4.78688422234e-09, 1.95409841086e-10],
        "dvar2": [3.52994611603e-05, 0.000330058101099, 0.000490487436764, 0.000287034868961, 0.000582284119446, 1.6433370547e-05, 4.05658511227e-06, 2.19937351176e-06, 1.9991937279e-06, 1.12642180738e-06, 5.24270205915e-07, 3.94311086893e-07, 3.49719670112e-07, 2.83106999177e-07, 1.70434844904e-07, 5.62601655929e-07, 6.92709647865e-07, 1.49103115632e-07, 1.5347333715e-07, 1.31704226192e-07, 2.41273511392e-07, 1.44079763231e-07, 1.66904641219e-07, 1.17538931477e-07, 6.99150461969e-08, 1.22282912685e-08, 5.25963606002e-10],
        "max": [0.0746172443032, 0.153767853975, 0.151980996132, 0.108455404639, 0.118632555008, 0.0477083437145, 0.0401615016162, 0.0215383078903, 0.0182139128447, 0.0144007019699, 0.0135467434302, 0.0215469319373, 0.00841978937387, 0.00609564129263, 0.00319964741357, 0.0115555310622, 0.0154503490776, 0.00403087679297, 0.00409003300592, 0.00351147074252, 0.00341800134629, 0.00400222279131, 0.00207138876431, 0.00270303664729, 0.00154321966693, 0.000651732669212, 0.000236210849835],
        "mean": [0.00281245051883, 0.0179248508066, 0.00957961659878, 0.00511630112305, 0.00505084963515, 0.00132733094506, 0.00070227519609, 0.000726879457943, 0.00067586498335, 0.000431159947766, 0.000269448617473, 0.000292545330012, 0.000224263683776, 0.000238924098085, 0.000191824874491, 0.000242032154347, 0.000187161756912, 0.000187175304745, 0.000202456474653, 0.000259473192273, 0.000245068600634, 0.000222076414502, 0.000199242160306, 0.000171922903974, 0.000111973829917, 4.05575701734e-05, 3.91171943193e-06],
        "median": [0.000921327562537, 0.00869655702263, 0.00228167022578, 0.000978900585324, 0.00151460524648, 0.000514951709192, 0.000258942425717, 0.000279081548797, 0.000222832793952, 0.000152690918185, 8.21451540105e-05, 0.000131434848299, 0.000106486964796, 0.000105156577774, 9.03712134459e-05, 0.000120674056234, 9.34128329391e-05, 9.92566201603e-05, 0.000106336010504, 0.000140074189403, 0.000121668766951, 9.3701914011e-05, 5.85243542446e-05, 4.87155957671e-05, 3.08795351884e-05, 1.09887550934e-05, 3.58876093287e-07],
        "min": [6.82057973896e-24, 9.92317756781e-24, 1.52712395644e-23, 4.25496899463e-24, 1.82567136369e-23, 2.38042659346e-23, 1.91508669626e-23, 2.81713715069e-23, 5.58770500225e-23, 2.83524750381e-23, 3.34081457401e-23, 7.99172516321e-23, 8.75986174582e-23, 9.35576222491e-23, 4.25165388557e-23, 7.13027706402e-23, 1.30408615726e-22, 1.35285391707e-22, 1.88984895331e-22, 2.50566028165e-22, 3.8453359302e-22, 4.71454780909e-22, 4.94458520264e-22, 8.39287923509e-22, 9.99792062396e-22, 1.38435753802e-21, 1.75051531676e-21],
        "var": [2.08746532735e-05, 0.000539211323485, 0.000379943085136, 0.000124213038362, 0.000132883520564, 5.75430931349e-06, 2.05519882002e-06, 1.47314119658e-06, 1.5170255665e-06, 8.17158138489e-07, 4.48169487299e-07, 3.17768552804e-07, 1.24091215525e-07, 1.25300672948e-07, 7.45942827507e-08, 1.88997404393e-07, 1.76169308475e-07, 7.06896656766e-08, 6.87779291297e-08, 1.08354335282e-07, 1.14201611723e-07, 9.39374871223e-08, 9.82027330565e-08, 7.40073105021e-08, 3.2015869067e-08, 5.20401366444e-09, 1.58763571734e-10]
    },
    "erbbands": {
        "dmean": [0.307457178831, 2.85745334625, 7.61023521423, 15.0065412521, 17.3858947754, 16.8179073334, 11.6808786392, 9.10689640045, 8.69595432281, 6.76342821121, 11.8525037766, 11.4160690308, 9.6652135849, 9.57856750488, 8.47289657593, 8.18759059906, 8.98026275635, 8.96573925018, 9.20868682861, 8.46706485748, 11.0907487869, 8.84239673615, 7.7459435463, 7.80592727661, 8.20134830475, 7.73326587677, 6.9503660202, 6.79366159439, 5.76467180252, 5.26561164856, 4.08387517929, 2.77640533447, 1.78899860382, 1.14988458157, 0.608714103699, 0.207101866603, 0.0579129196703, 0.0105781620368, 0.000755838991608, 3.23762178596e-05],
        "dmean2": [0.451941281557, 3.52002453804, 9.52733707428, 22.4750461578, 28.960193634, 29.9104480743, 19.6307353973, 15.2092151642, 14.0266218185, 11.0749444962, 19.3189983368, 18.5820980072, 15.5690736771, 15.5035581589, 13.9881334305, 13.4746761322, 15.3273067474, 15.0896892548, 15.3311023712, 14.1655378342, 18.7446022034, 14.8549919128, 12.7744197845, 12.9120826721, 13.5415649414, 12.2740030289, 11.2814102173, 10.9765310287, 9.23187541962, 8.61660003662, 6.24237155914, 4.44976520538, 2.75443291664, 1.84520113468, 0.972641706467, 0.334003388882, 0.0949816927314, 0.0178387388587, 0.00130832416471, 5.10318059241e-05],
        "dvar": [0.14363053441, 14.9024124146, 179.222686768, 1079.08422852, 1946.21923828, 1967.40393066, 624.779968262, 385.056121826, 478.114257812, 129.562347412, 440.995452881, 459.23348999, 338.047851562, 402.611541748, 221.132156372, 190.487915039, 247.710708618, 245.549087524, 183.41078186, 246.551773071, 834.482666016, 686.90045166, 198.836334229, 161.436981201, 168.894927979, 128.568206787, 140.231140137, 127.841804504, 88.8656768799, 88.6979446411, 50.2944297791, 28.0181865692, 9.1896648407, 4.05639076233, 1.48086345196, 0.161264121532, 0.0128548163921, 0.000843924179208, 5.79699644732e-06, 1.85150561549e-09],
        "dvar2": [0.350657969713, 19.4659786224, 267.457672119, 2398.5703125, 5153.39160156, 5533.75146484, 1703.97399902, 1006.1036377, 1170.03063965, 326.148223877, 1116.88684082, 1158.43273926, 793.089660645, 951.20489502, 550.069152832, 461.27722168, 655.751403809, 647.012817383, 472.349304199, 652.426513672, 2262.35961914, 1941.12561035, 507.712646484, 414.744415283, 431.992462158, 303.485412598, 349.41885376, 320.781066895, 203.450531006, 231.370819092, 110.90348053, 72.5307006836, 21.4275836945, 10.147228241, 3.77150678635, 0.412816882133, 0.033006478101, 0.00225803954527, 1.57355352712e-05, 4.85616347135e-09],
        "max": [6.0937037468, 39.2335395813, 143.387435913, 328.350341797, 362.324951172, 433.087463379, 374.174499512, 368.238616943, 724.513427734, 218.827926636, 435.624938965, 432.760498047, 331.52911377, 524.797851562, 451.611938477, 492.690856934, 362.831817627, 218.7605896, 255.531173706, 291.793060303, 781.74041748, 800.935424805, 261.238464355, 176.072280884, 155.727096558, 162.235855103, 154.822753906, 113.515258789, 185.745330811, 76.1945953369, 65.7370376587, 61.3577537537, 35.0576477051, 18.4042053223, 11.2235641479, 3.56940865517, 1.36258733273, 0.395314872265, 0.0520522482693, 0.000684824597556],
        "mean": [0.438121378422, 4.28175878525, 10.8345518112, 16.4497509003, 16.0824260712, 14.9700403214, 14.7460851669, 11.7906122208, 11.4497661591, 9.38264751434, 16.1652698517, 15.6793651581, 13.9188289642, 13.6369113922, 10.9443216324, 10.3322505951, 10.6043510437, 10.493719101, 11.9715480804, 10.6728181839, 13.8315410614, 11.2942285538, 10.3050146103, 10.4285326004, 11.3474493027, 11.9529600143, 9.70543861389, 9.40582847595, 8.70509815216, 6.64504384995, 5.54413366318, 3.79250526428, 2.68059825897, 1.45003426075, 0.709817707539, 0.238378658891, 0.0645634606481, 0.0107295345515, 0.000662543578073, 6.79218646837e-05],
        "median": [0.243580713868, 1.76014053822, 3.44522643089, 4.14195537567, 3.66704416275, 3.91101741791, 5.09747648239, 4.01761722565, 4.43714189529, 4.90240097046, 6.62155008316, 5.83794927597, 5.38865852356, 5.14394712448, 4.84367084503, 5.08933496475, 5.39821910858, 5.25330638885, 6.27004766464, 5.72314214706, 7.26093626022, 6.05098056793, 5.65720891953, 5.65080308914, 5.68222618103, 6.52842903137, 4.74677276611, 4.74947929382, 3.55282711983, 2.36937212944, 1.67029941082, 1.13725554943, 0.702059268951, 0.39834100008, 0.197497755289, 0.0668611899018, 0.0185801722109, 0.0026182604488, 0.000111355118861, 5.96823301748e-05],
        "min": [2.47246047092e-22, 1.9128709185e-21, 1.28546395585e-20, 1.37418885084e-20, 4.01477570987e-20, 6.0342069591e-20, 1.34315778409e-19, 2.17151842148e-19, 3.10177943854e-19, 4.71756819771e-19, 8.48320712372e-19, 9.90543820449e-19, 1.17296682062e-18, 1.34685869355e-18, 1.24023749073e-18, 3.3378081885e-18, 3.72569964751e-18, 5.41426851325e-18, 3.74484308842e-18, 4.48707804233e-18, 6.37638503118e-18, 8.085055213e-18, 6.83032479415e-18, 7.71615085777e-18, 1.05326818184e-17, 1.31881524419e-17, 1.08258908757e-17, 1.87079518305e-17, 1.68231083082e-17, 1.33482731018e-17, 1.52609644865e-17, 1.49353779256e-17, 1.35988360355e-17, 9.81329938323e-18, 8.22933040108e-18, 5.99796975327e-18, 2.12992741839e-18, 1.13780409656e-18, 2.33376188532e-19, 2.69928065492e-20],
        "var": [0.270174384117, 37.7574005127, 364.114776611, 1155.22290039, 1490.22827148, 1282.10473633, 670.251098633, 501.381439209, 570.666870117, 180.494110107, 694.088256836, 680.387268066, 681.430358887, 890.576171875, 328.313446045, 279.412475586, 246.96836853, 234.775848389, 236.266357422, 247.090545654, 690.511169434, 532.464538574, 241.561645508, 189.920898438, 213.227462769, 229.418518066, 182.963287354, 160.372589111, 144.792892456, 102.761726379, 75.9409790039, 38.1985855103, 16.9358882904, 5.05626106262, 1.55269014835, 0.17272682488, 0.0139806298539, 0.000728967308532, 4.62726620754e-06, 2.73661848738e-09]
    },
    "gfcc": {
        "mean": [-14.8777561188, 89.4623565674, -92.5409164429, 51.5517997742, -49.8333282471, 20.4384803772, -28.637342453, 10.8312397003, -18.9952049255, 4.62987232208, -14.7006597519, -0.767582118511, -8.46921539307],
        "cov": [[17509.7695312, -1634.93847656, -1417.4284668, 286.459869385, -1316.50891113, 512.857421875, -823.507263184, 287.176422119, -669.835083008, 159.260940552, -590.126831055, 103.73853302, -294.918762207], [-1634.93847656, 1952.22875977, 24.1493225098, -46.1975593567, 537.628540039, -250.574081421, 326.603088379, -222.055297852, 202.626846313, -246.106262207, 186.806289673, -151.817611694, 150.247680664], [-1417.4284668, 24.1493225098, 826.168762207, 125.564079285, 230.032302856, 57.9038619995, 68.6433868408, -6.08305025101, 5.70051956177, -25.9404716492, -0.890716850758, -35.9787063599, -59.3364830017], [286.459869385, -46.1975593567, 125.564079285, 354.564086914, 75.3926391602, 119.57598877, 62.7056541443, 23.6260738373, 49.5186767578, -3.06198644638, 12.4116344452, -44.5977058411, -3.04269266129], [-1316.50891113, 537.628540039, 230.032302856, 75.3926391602, 460.38873291, -22.8909378052, 215.430175781, -35.7181396484, 131.430084229, -59.7101860046, 77.2346572876, -40.5859565735, 28.7671108246], [512.857421875, -250.574081421, 57.9038619995, 119.57598877, -22.8909378052, 212.754730225, 34.9204978943, 99.9849624634, 5.16548395157, 46.0454444885, -7.64858579636, 7.31081914902, -17.8812103271], [-823.507263184, 326.603088379, 68.6433868408, 62.7056541443, 215.430175781, 34.9204978943, 243.314834595, 40.4939155579, 131.565048218, -18.5470085144, 74.5441131592, -17.9371032715, 43.5638694763], [287.176422119, -222.055297852, -6.08305025101, 23.6260738373, -35.7181396484, 99.9849624634, 40.4939155579, 161.027359009, 49.8009910583, 76.2556533813, -7.9849524498, 25.7080535889, -10.2273130417], [-669.835083008, 202.626846313, 5.70051956177, 49.5186767578, 131.430084229, 5.16548395157, 131.565048218, 49.8009910583, 169.682037354, 43.2586975098, 73.7327041626, -13.5753412247, 34.30418396], [159.260940552, -246.106262207, -25.9404716492, -3.06198644638, -59.7101860046, 46.0454444885, -18.5470085144, 76.2556533813, 43.2586975098, 148.177627563, 41.3000717163, 55.3067703247, -13.5185241699], [-590.126831055, 186.806289673, -0.890716850758, 12.4116344452, 77.2346572876, -7.64858579636, 74.5441131592, -7.9849524498, 73.7327041626, 41.3000717163, 135.378265381, 45.1141815186, 49.9572715759], [103.73853302, -151.817611694, -35.9787063599, -44.5977058411, -40.5859565735, 7.31081914902, -17.9371032715, 25.7080535889, -13.5753412247, 55.3067703247, 45.1141815186, 130.125228882, 43.4009132385], [-294.918762207, 150.247680664, -59.3364830017, -3.04269266129, 28.7671108246, -17.8812103271, 43.5638694763, -10.2273130417, 34.30418396, -13.5185241699, 49.9572715759, 43.4009132385, 104.233528137]],
        "icov": [[0.000147415164975, -0.000254338752711, 0.000265990616754, -0.000343814201187, 0.000161553645739, -0.000318254547892, 0.000228270393563, -0.00021430120978, 0.000411241286201, -0.00031199483783, 0.000662014237605, -0.000514047977049, 0.000430423649959], [-0.000254338752711, 0.0022358042188, -0.000283306086203, 0.00115817191545, -0.00120742362924, 0.00138847320341, -0.000944502069615, 0.000898681872059, -0.00115706550423, 0.00241823098622, -0.00335158663802, 0.00304184807464, -0.00198132894002], [0.000265990616754, -0.000283306086203, 0.00213632546365, -0.000956226722337, -0.000894342083484, -0.000724713841919, 0.000484192976728, -0.000452977750683, 0.00136878166813, -0.000394649454392, 0.000889615155756, -0.000919796468224, 0.00167982710991], [-0.000343814201187, 0.00115817191545, -0.000956226722337, 0.00520696677268, -0.000782576680649, -0.00205033877864, -0.000230833975365, 0.00186672341079, -0.00268367142417, 0.00168153224513, -0.00238001556136, 0.0030923075974, -0.00193627935369], [0.000161553645739, -0.00120742362924, -0.000894342083484, -0.000782576680649, 0.0060639353469, -0.000404657912441, -0.00296555738896, 0.00156392902136, -0.00195896602236, 0.000291411153739, 0.0016652274644, -0.00251118373126, 0.0022454909049], [-0.000318254547892, 0.00138847320341, -0.000724713841919, -0.00205033877864, -0.000404657912441, 0.0108752818778, -0.00302024697885, -0.00498735764995, 0.00340444082394, -0.000176276502316, -0.00310400174931, 0.002789207967, -0.00144099979661], [0.000228270393563, -0.000944502069615, 0.000484192976728, -0.000230833975365, -0.00296555738896, -0.00302024697885, 0.0133939292282, -0.00425548385829, -0.00493287108839, 0.00427995901555, -0.00214705872349, -0.000940181023907, 0.000160144976689], [-0.00021430120978, 0.000898681872059, -0.000452977750683, 0.00186672341079, 0.00156392902136, -0.00498735764995, -0.00425548385829, 0.016555506736, -0.0065548135899, -0.00391306495294, 0.00528249004856, -0.00222611171193, 5.54964499315e-05], [0.000411241286201, -0.00115706550423, 0.00136878166813, -0.00268367142417, -0.00195896602236, 0.00340444082394, -0.00493287108839, -0.0065548135899, 0.0212028753012, -0.00932090170681, -0.00200718874112, 0.00562814762816, -0.00349289551377], [-0.00031199483783, 0.00241823098622, -0.000394649454392, 0.00168153224513, 0.000291411153739, -0.000176276502316, 0.00427995901555, -0.00391306495294, -0.00932090170681, 0.020786145702, -0.00964222103357, -0.00307677779347, 0.00483840145171], [0.000662014237605, -0.00335158663802, 0.000889615155756, -0.00238001556136, 0.0016652274644, -0.00310400174931, -0.00214705872349, 0.00528249004856, -0.00200718874112, -0.00964222103357, 0.0227042064071, -0.00967719219625, 0.000122527781059], [-0.000514047977049, 0.00304184807464, -0.000919796468224, 0.0030923075974, -0.00251118373126, 0.002789207967, -0.000940181023907, -0.00222611171193, 0.00562814762816, -0.00307677779347, -0.00967719219625, 0.0208058375865, -0.0112027833238], [0.000430423649959, -0.00198132894002, 0.00167982710991, -0.00193627935369, 0.0022454909049, -0.00144099979661, 0.000160144976689, 5.54964499315e-05, -0.00349289551377, 0.00483840145171, 0.000122527781059, -0.0112027833238, 0.0200219675899]]
    },
    "melbands": {
        "dmean": [0.00309463310987, 0.00337337492965, 0.00221295957454, 0.0013393642148, 0.00045280213817, 0.000202050927328, 0.000123763733427, 8.59359424794e-05, 9.14106713026e-05, 7.31134641683e-05, 4.92077124363e-05, 4.12676527048e-05, 2.84961533907e-05, 2.80850799754e-05, 1.91919862118e-05, 2.14765641431e-05, 1.66583085957e-05, 1.61554216902e-05, 1.24576381495e-05, 1.24823209262e-05, 1.32039185701e-05, 9.92203695205e-06, 7.38995413485e-06, 7.02137367625e-06, 6.5503463702e-06, 5.96326572122e-06, 6.77128628013e-06, 4.88099703944e-06, 4.43642420578e-06, 4.55759982287e-06, 3.83574206353e-06, 3.67597704098e-06, 2.6380869258e-06, 3.18072466143e-06, 2.53739221989e-06, 1.76692799414e-06, 1.79148844381e-06, 1.30468765747e-06, 1.14144745567e-06, 9.33756325594e-07],
        "dmean2": [0.00416023237631, 0.00413250271231, 0.00299533014186, 0.00237019220367, 0.000767625810113, 0.000338969228324, 0.000200094043976, 0.000139589814353, 0.000149691972183, 0.000117941854114, 7.9056728282e-05, 6.6603133746e-05, 4.72889114462e-05, 4.52939566458e-05, 3.24740940414e-05, 3.66586100427e-05, 2.80541516986e-05, 2.69419942924e-05, 2.09391637327e-05, 2.10451307794e-05, 2.25037365453e-05, 1.68354799825e-05, 1.22737437778e-05, 1.16803639685e-05, 1.09181200969e-05, 1.00038523669e-05, 1.09061020339e-05, 7.81641119829e-06, 7.2475613706e-06, 7.6654168879e-06, 6.23497408014e-06, 5.96699919697e-06, 4.24940890298e-06, 5.30636361873e-06, 3.8916741687e-06, 2.72426518677e-06, 2.94467531603e-06, 1.98820339392e-06, 1.87029013432e-06, 1.49336517552e-06],
        "dvar": [1.26378172354e-05, 2.50559023698e-05, 1.84075415746e-05, 1.29145355459e-05, 9.52723894443e-07, 1.86151623893e-07, 8.72532837093e-08, 2.0377790122e-08, 2.72250382238e-08, 1.91309297293e-08, 9.32179045066e-09, 7.50034789831e-09, 2.75930855942e-09, 3.05279224122e-09, 1.10396114472e-09, 1.57632107367e-09, 8.82032558103e-10, 6.40768604843e-10, 4.58593552022e-10, 7.01282476534e-10, 1.2569443264e-09, 8.53427772896e-10, 3.29551663736e-10, 1.45253836736e-10, 1.18663440185e-10, 9.42284861249e-11, 1.17662032895e-10, 5.18284443141e-11, 5.5585987202e-11, 7.25772358878e-11, 4.13319309334e-11, 3.74990767604e-11, 2.07647232742e-11, 3.43514140744e-11, 2.05831896666e-11, 8.82161184379e-12, 1.36889796373e-11, 4.97751579537e-12, 3.7510086183e-12, 2.71052581421e-12],
        "dvar2": [2.34910366999e-05, 2.95477802865e-05, 3.374427979e-05, 3.57601311407e-05, 2.62666890194e-06, 4.91838989092e-07, 2.13866499621e-07, 5.11033206863e-08, 6.84962842001e-08, 4.73410608492e-08, 2.15573514595e-08, 1.77452186279e-08, 6.9963985716e-09, 6.65225652341e-09, 2.87107360109e-09, 4.17576462297e-09, 2.31323915578e-09, 1.6489526411e-09, 1.18574439156e-09, 1.82427506434e-09, 3.42347195037e-09, 2.39936825963e-09, 9.09951114458e-10, 3.71690539458e-10, 3.07427389101e-10, 2.50262172097e-10, 2.74428757496e-10, 1.24580859517e-10, 1.36007413665e-10, 1.92849750058e-10, 1.02537908719e-10, 8.82289866166e-11, 5.24126748946e-11, 9.05204869395e-11, 4.51093953857e-11, 1.99266141782e-11, 3.70858135867e-11, 1.13949110564e-11, 9.4182847285e-12, 6.74961649072e-12],
        "max": [0.0429573133588, 0.0562604367733, 0.0460603013635, 0.0288345199078, 0.0105108413845, 0.00708126369864, 0.0094490442425, 0.00312098884024, 0.0032675655093, 0.00304846675135, 0.00184501823969, 0.0021076768171, 0.000900595798157, 0.00299159879796, 0.000445575045887, 0.00114500510972, 0.000414353125961, 0.000589699717239, 0.000321243540384, 0.000554231926799, 0.000922140432522, 0.000916816643439, 0.000467571837362, 0.000158513823408, 0.000165497054695, 0.000152764783707, 0.000145934114698, 9.59021854214e-05, 0.000125613252749, 9.12000177777e-05, 6.85798077029e-05, 0.000142509205034, 5.59385443921e-05, 5.29984608875e-05, 4.69690639875e-05, 4.35049150838e-05, 4.4514756155e-05, 2.88021165034e-05, 1.84202235687e-05, 1.67742236954e-05],
        "mean": [0.00471030734479, 0.00594259193167, 0.00281499675475, 0.00113642285578, 0.000551874400117, 0.000257073901594, 0.000161657575518, 0.000120486503874, 0.000122544384794, 0.00010021426715, 6.9932815677e-05, 5.84378030908e-05, 3.54397088813e-05, 3.52231400029e-05, 2.23445513257e-05, 2.38830452872e-05, 1.89862857951e-05, 2.0531238988e-05, 1.45125068229e-05, 1.54238623509e-05, 1.55915258802e-05, 1.20337626868e-05, 9.33073624765e-06, 8.68920142238e-06, 8.4065950432e-06, 7.68515201344e-06, 9.36657943384e-06, 7.43290820537e-06, 6.02853924647e-06, 5.79513061894e-06, 5.15505780641e-06, 5.32349940841e-06, 3.69066060557e-06, 3.74043065676e-06, 3.32942022396e-06, 2.5017113785e-06, 2.32996421801e-06, 1.9943524876e-06, 1.4822716139e-06, 1.13404871627e-06],
        "median": [0.00263791531324, 0.00236002239399, 0.000841964909341, 0.000260032888036, 0.000189479702385, 9.10312737687e-05, 6.33725940133e-05, 5.57767452847e-05, 4.90072161483e-05, 3.30681832565e-05, 2.52248973993e-05, 2.08916826523e-05, 1.39429630508e-05, 1.43684137583e-05, 9.9752251117e-06, 1.07459918581e-05, 8.60831460159e-06, 9.60965189734e-06, 6.36083541394e-06, 7.23177026885e-06, 7.75109492679e-06, 5.702508588e-06, 4.88535988552e-06, 4.45535852123e-06, 4.1466582843e-06, 3.76267689717e-06, 4.24896006734e-06, 3.84174518331e-06, 2.83990243588e-06, 2.60910633187e-06, 2.42243618231e-06, 2.05692754207e-06, 1.54912868311e-06, 1.06588743165e-06, 9.15944269764e-07, 7.70825749896e-07, 6.24378003522e-07, 4.68184680358e-07, 4.36926285374e-07, 2.77993649433e-07],
        "min": [3.32041652427e-24, 5.76566129396e-24, 4.34591361295e-24, 3.85618639641e-24, 3.97163658432e-24, 5.91410401151e-24, 4.1995523049e-24, 6.43318710892e-24, 7.49780972635e-24, 6.96754531447e-24, 5.47372872206e-24, 4.80894735419e-24, 3.75966216491e-24, 8.44261975506e-24, 6.22678480851e-24, 8.95981668605e-24, 1.06579549582e-23, 6.86743176585e-24, 3.34075769714e-24, 6.19109121913e-24, 7.47693962224e-24, 7.69919960456e-24, 5.39073384951e-24, 6.21255415221e-24, 5.08051508739e-24, 9.83269206653e-24, 5.39808721644e-24, 9.25257164544e-24, 6.2516193331e-24, 9.1596682855e-24, 9.73511865003e-24, 9.36979874254e-24, 8.52186162185e-24, 6.96527418392e-24, 7.79037141482e-24, 1.03808502103e-23, 9.24893341895e-24, 9.63030033497e-24, 7.00996473192e-24, 8.37120259959e-24],
        "var": [2.92892073048e-05, 7.41666954127e-05, 2.69420888799e-05, 8.50144533615e-06, 9.38485129609e-07, 2.22467804178e-07, 1.0515380211e-07, 3.24715969668e-08, 4.27777955281e-08, 3.11210150983e-08, 1.9176427557e-08, 1.57005874968e-08, 4.09513623012e-09, 5.90932591749e-09, 1.15996479089e-09, 1.5387848773e-09, 8.42713898663e-10, 8.53118520272e-10, 5.12180464707e-10, 7.20232207208e-10, 1.00987562757e-09, 6.90281665161e-10, 2.88614271371e-10, 1.5872300696e-10, 1.38512784575e-10, 1.078692205e-10, 1.77700257287e-10, 9.78349207204e-11, 7.20919157704e-11, 7.74712863305e-11, 5.2194800565e-11, 6.02409302997e-11, 2.68147587468e-11, 3.73200498283e-11, 2.95894767022e-11, 1.48789938703e-11, 1.64566069105e-11, 9.89873981394e-12, 4.92572302391e-12, 3.30046255083e-12]
    },
    "mfcc": {
        "mean": [-656.203308105, 111.881973267, 20.3793411255, 36.5061569214, 10.0104169846, 14.9238948822, 6.51959991455, 7.55719423294, 5.57815647125, 6.14626502991, 1.37642526627, 2.07796406746, 0.655134797096],
        "cov": [[10496.1972656, -1219.80871582, -201.710540771, -451.153991699, -476.855499268, -251.824905396, -295.304534912, -211.776916504, -189.192245483, -70.2252120972, -155.817657471, -210.316390991, -177.469161987], [-1219.80871582, 1708.12670898, -239.63583374, 206.513198853, 112.99874115, 41.5133132935, 77.9126968384, 65.3380203247, 29.8111495972, -41.5448722839, -27.7309799194, 16.6250133514, 21.838104248], [-201.710540771, -239.63583374, 524.979064941, 70.4905929565, 104.098945618, 60.7148780823, 60.823348999, 21.7691650391, 4.56974887848, 19.7229671478, 9.41673374176, -5.24828243256, -10.0832948685], [-451.153991699, 206.513198853, 70.4905929565, 283.033172607, 125.945487976, 105.525779724, 52.8934020996, 53.3129005432, 47.3536643982, 18.9902324677, 21.0797748566, 38.5858192444, 10.641409874], [-476.855499268, 112.99874115, 104.098945618, 125.945487976, 196.62802124, 91.3555221558, 64.8885421753, 46.5133514404, 32.3433151245, 19.5950126648, 19.6769008636, 23.8919849396, 11.0735816956], [-251.824905396, 41.5133132935, 60.7148780823, 105.525779724, 91.3555221558, 140.11920166, 71.1512374878, 55.1139068604, 35.8105506897, 24.3570175171, 24.8186836243, 28.8493556976, 16.3256950378], [-295.304534912, 77.9126968384, 60.823348999, 52.8934020996, 64.8885421753, 71.1512374878, 121.080833435, 75.0819244385, 40.567276001, 21.9462661743, 22.0657348633, 18.8339614868, 19.545791626], [-211.776916504, 65.3380203247, 21.7691650391, 53.3129005432, 46.5133514404, 55.1139068604, 75.0819244385, 121.357795715, 72.4351577759, 32.9250221252, 20.347574234, 20.6354141235, 13.716345787], [-189.192245483, 29.8111495972, 4.56974887848, 47.3536643982, 32.3433151245, 35.8105506897, 40.567276001, 72.4351577759, 116.363815308, 66.2383270264, 35.9765701294, 26.7375030518, 14.5491104126], [-70.2252120972, -41.5448722839, 19.7229671478, 18.9902324677, 19.5950126648, 24.3570175171, 21.9462661743, 32.9250221252, 66.2383270264, 109.643569946, 67.8805389404, 26.3416805267, 13.5080451965], [-155.817657471, -27.7309799194, 9.41673374176, 21.0797748566, 19.6769008636, 24.8186836243, 22.0657348633, 20.347574234, 35.9765701294, 67.8805389404, 100.865127563, 59.4739532471, 32.6951026917], [-210.316390991, 16.6250133514, -5.24828243256, 38.5858192444, 23.8919849396, 28.8493556976, 18.8339614868, 20.6354141235, 26.7375030518, 26.3416805267, 59.4739532471, 91.7578125, 55.5731811523], [-177.469161987, 21.838104248, -10.0832948685, 10.641409874, 11.0735816956, 16.3256950378, 19.545791626, 13.716345787, 14.5491104126, 13.5080451965, 32.6951026917, 55.5731811523, 80.9779052734]],
