{
"lowlevel": {
    "average_loudness": 0.851691186428,
    "barkbands_crest": {
        "dmean": 2.7532658577,
        "dmean2": 4.48524999619,
        "dvar": 6.67310094833,
        "dvar2": 18.2861633301,
        "max": 24.4923915863,
        "mean": 9.96945476532,
        "median": 9.37867546082,
        "min": 2.27384901047,
        "var": 13.494436264
    },
    "barkbands_flatness_db": {
        "dmean": 0.0260808039457,
        "dmean2": 0.0408107489347,
        "dvar": 0.000797994085588,
        "dvar2": 0.00202152016573,
        "max": 0.417340785265,
        "mean": 0.12512601912,
        "median": 0.116381675005,
        "min": 0.0183640830219,
        "var": 0.00279788626358
    },
    "barkbands_kurtosis": {
        "dmean": 4.78941869736,
        "dmean2": 7.67330884933,
        "dvar": 110.06993866,
        "dvar2": 289.120788574,
        "max": 376.511199951,
        "mean": 7.22852373123,
        "median": 3.36537790298,
        "min": -1.93969345093,
        "var": 178.898147583
    },
    "barkbands_skewness": {
        "dmean": 0.736970841885,
        "dmean2": 1.17236220837,
        "dvar": 0.800293922424,
        "dvar2": 2.1139216423,
        "max": 16.7425880432,
        "mean": 2.25086832047,
        "median": 2.05488300323,
        "min": -2.57189679146,
        "var": 1.9186873436
    },
    "barkbands_spread": {
        "dmean": 9.9688539505,
        "dmean2": 15.710603714,
        "dvar": 136.158691406,
        "dvar2": 327.11529541,
        "max": 130.146179199,
        "mean": 31.1541824341,
        "median": 27.3677043915,
        "min": 0.668230354786,
        "var": 394.447509766
    },
    "dissonance": {
        "dmean": 0.0101937586442,
        "dmean2": 0.016798581928,
        "dvar": 0.000101857120171,
        "dvar2": 0.000269611977274,
        "max": 0.5,
        "mean": 0.478337883949,
        "median": 0.482046186924,
        "min": 0.375642687082,
        "var": 0.000236010440858
    },
    "dynamic_complexity": 4.97216367722,
    "erbbands_crest": {
        "dmean": 1.63318109512,
        "dmean2": 2.63802051544,
        "dvar": 2.40260791779,
        "dvar2": 5.73902750015,
        "max": 24.2921886444,
        "mean": 5.99956798553,
        "median": 5.32889175415,
        "min": 2.13000154495,
        "var": 6.77622652054
    },
    "erbbands_flatness_db": {
        "dmean": 0.0108876125887,
        "dmean2": 0.0156404972076,
        "dvar": 0.000123832374811,
        "dvar2": 0.000237207568716,
        "max": 0.286230117083,
        "mean": 0.109080985188,
        "median": 0.103879824281,
        "min": 0.0319338031113,
        "var": 0.00079305737745
    },
    "erbbands_kurtosis": {
        "dmean": 0.666846632957,
        "dmean2": 1.0631711483,
        "dvar": 1.45489633083,
        "dvar2": 3.10392928123,
        "max": 43.7541389465,
        "mean": -0.404187530279,
        "median": -0.89658331871,
        "min": -1.85099828243,
        "var": 3.56362247467
    },
    "erbbands_skewness": {
        "dmean": 0.347440779209,
        "dmean2": 0.534552872181,
        "dvar": 0.148563161492,
        "dvar2": 0.33473727107,
        "max": 5.85223817825,
        "mean": -0.101364403963,
        "median": -0.146422624588,
        "min": -4.443318367,
        "var": 0.624717593193
    },
    "erbbands_spread": {
        "dmean": 12.8473653793,
        "dmean2": 20.1329421997,
        "dvar": 203.602111816,
        "dvar2": 506.069519043,
        "max": 184.358886719,
        "mean": 70.9185028076,
        "median": 69.5244750977,
        "min": 7.23978948593,
        "var": 634.859191895
    },
    "hfc": {
        "dmean": 11.4701633453,
        "dmean2": 18.0021076202,
        "dvar": 545.986206055,
        "dvar2": 1404.15869141,
        "max": 260.058746338,
        "mean": 25.7293987274,
        "median": 17.0296535492,
        "min": 1.15505091987e-16,
        "var": 813.551330566
    },
    "melbands_crest": {
        "dmean": 3.6520447731,
        "dmean2": 5.94887208939,
        "dvar": 10.681230545,
        "dvar2": 28.898399353,
        "max": 35.9455337524,
        "mean": 15.8298568726,
        "median": 15.1558561325,
        "min": 2.09999752045,
        "var": 24.4786148071
    },
    "melbands_flatness_db": {
        "dmean": 0.033291939646,
        "dmean2": 0.0523675568402,
        "dvar": 0.00131161196623,
        "dvar2": 0.00339822191745,
        "max": 0.530447363853,
        "mean": 0.198413968086,
        "median": 0.190301522613,
        "min": 0.0058185341768,
        "var": 0.00426209112629
    },
    "melbands_kurtosis": {
        "dmean": 18.4707584381,
        "dmean2": 30.4673442841,
        "dvar": 1440.6550293,
        "dvar2": 3832.90405273,
        "max": 820.510253906,
        "mean": 35.1835975647,
        "median": 23.2869091034,
        "min": -1.82140874863,
        "var": 2000.07385254
    },
    "melbands_skewness": {
        "dmean": 1.19421291351,
        "dmean2": 1.92851126194,
        "dvar": 2.35353398323,
        "dvar2": 6.23520994186,
        "max": 23.9310531616,
        "mean": 4.69545888901,
        "median": 4.33325195312,
        "min": -0.846475422382,
        "var": 4.93672037125
    },
    "melbands_spread": {
        "dmean": 9.99373817444,
        "dmean2": 16.4231910706,
        "dvar": 247.652130127,
        "dvar2": 642.294067383,
        "max": 294.206573486,
        "mean": 21.8060817719,
        "median": 16.1572723389,
        "min": 0.388856738806,
        "var": 441.118591309
    },
    "pitch_salience": {
        "dmean": 0.0871794521809,
        "dmean2": 0.144946202636,
        "dvar": 0.00742701534182,
        "dvar2": 0.020362438634,
        "max": 0.986953556538,
        "mean": 0.586751997471,
        "median": 0.607092797756,
        "min": 0.0661443546414,
        "var": 0.0133177665994
    },
    "silence_rate_20dB": {
        "dmean": 0,
        "dmean2": 0,
        "dvar": 0,
        "dvar2": 0,
        "max": 1,
        "mean": 1,
        "median": 1,
        "min": 1,
        "var": 0
    },
    "silence_rate_30dB": {
        "dmean": 0.0370605662465,
        "dmean2": 0.074128985405,
        "dvar": 0.0356867834926,
        "dvar2": 0.0868470966816,
        "max": 1,
        "mean": 0.971625208855,
        "median": 1,
        "min": 0,
        "var": 0.0275701228529
    },
    "silence_rate_60dB": {
        "dmean": 0.0228716637939,
        "dmean2": 0.0457481741905,
        "dvar": 0.0223449226469,
        "dvar2": 0.0529852211475,
        "max": 1,
        "mean": 0.138274222612,
        "median": 0,
        "min": 0,
        "var": 0.119152285159
    },
    "spectral_centroid": {
        "dmean": 389.209381104,
        "dmean2": 628.857788086,
        "dvar": 208320.78125,
        "dvar2": 524742.0625,
        "max": 11302.1796875,
        "mean": 1492.27990723,
        "median": 1400.4074707,
        "min": 173.71270752,
        "var": 580200.8125
    },
    "spectral_complexity": {
        "dmean": 4.35959339142,
        "dmean2": 6.86794471741,
        "dvar": 32.9932289124,
        "dvar2": 73.4559936523,
        "max": 61,
        "mean": 18.2976169586,
        "median": 17,
        "min": 0,
        "var": 162.563293457
    },
    "spectral_decrease": {
        "dmean": 3.78150399882e-09,
        "dmean2": 6.25747231808e-09,
        "dvar": 4.99874674025e-17,
        "dvar2": 1.34063200049e-16,
        "max": -5.67579017589e-29,
        "mean": -7.84055309566e-09,
        "median": -6.21180040739e-09,
        "min": -7.85691725014e-08,
        "var": 6.54260556907e-17
    },
    "spectral_energy": {
        "dmean": 0.0149207031354,
        "dmean2": 0.0246011912823,
        "dvar": 0.000753070868086,
        "dvar2": 0.00200417079031,
        "max": 0.302885055542,
        "mean": 0.0319258831441,
        "median": 0.0256407912821,
        "min": 1.0726219024e-20,
        "var": 0.00102645135485
    },
    "spectral_energyband_high": {
        "dmean": 0.0011679319432,
        "dmean2": 0.00181994389277,
        "dvar": 5.85704628975e-06,
        "dvar2": 1.46856300489e-05,
        "max": 0.0249447450042,
        "mean": 0.00225032959133,
        "median": 0.00100252672564,
        "min": 7.69162212856e-21,
        "var": 9.04618900677e-06
    },
    "spectral_energyband_low": {
        "dmean": 0.0111003657803,
        "dmean2": 0.0186908505857,
        "dvar": 0.000635361997411,
        "dvar2": 0.00170662056189,
        "max": 0.292746394873,
        "mean": 0.0163889545947,
        "median": 0.0094429673627,
        "min": 4.38316299381e-23,
        "var": 0.000637497927528
    },
    "spectral_energyband_middle_high": {
        "dmean": 0.000948059489019,
        "dmean2": 0.00157264934387,
        "dvar": 2.81720986095e-06,
        "dvar2": 7.64773085393e-06,
        "max": 0.020406730473,
        "mean": 0.00243243202567,
        "median": 0.00190755224321,
        "min": 1.48575622941e-21,
        "var": 6.0122438299e-06
    },
    "spectral_energyband_middle_low": {
        "dmean": 0.00672215223312,
        "dmean2": 0.0107761826366,
        "dvar": 0.000115871262096,
        "dvar2": 0.000308032060275,
        "max": 0.124376952648,
        "mean": 0.0140773132443,
        "median": 0.00999637134373,
        "min": 3.1106514676e-22,
        "var": 0.000221911861445
    },
    "spectral_entropy": {
        "dmean": 0.152682572603,
        "dmean2": 0.219385057688,
        "dvar": 0.0319138020277,
        "dvar2": 0.0596675500274,
        "max": 9.81658840179,
        "mean": 7.87123298645,
        "median": 7.95347595215,
        "min": 5.23580360413,
        "var": 0.159377917647
    },
    "spectral_flux": {
        "dmean": 0.0292075481266,
        "dmean2": 0.046081893146,
        "dvar": 0.00188196299132,
        "dvar2": 0.00424659205601,
        "max": 0.495397746563,
        "mean": 0.0869737118483,
        "median": 0.0785704702139,
        "min": 6.56437265656e-11,
        "var": 0.00413852231577
    },
    "spectral_kurtosis": {
        "dmean": 0.753315985203,
        "dmean2": 1.20652139187,
        "dvar": 1.24053132534,
        "dvar2": 3.08475399017,
        "max": 46.7569694519,
        "mean": 2.07987880707,
        "median": 1.63834857941,
        "min": -1.61330378056,
        "var": 4.45341491699
    },
    "spectral_rms": {
        "dmean": 0.00109131913632,
        "dmean2": 0.00175449554808,
        "dvar": 2.31237072512e-06,
        "dvar2": 5.91539310335e-06,
        "max": 0.0171900447458,
        "mean": 0.0049046119675,
        "median": 0.00500154029578,
        "min": 3.23490388122e-12,
        "var": 7.09181995262e-06
    },
    "spectral_rolloff": {
        "dmean": 1039.46179199,
        "dmean2": 1760.54785156,
        "dvar": 2650750.5,
        "dvar2": 6417807,
        "max": 18669.2871094,
        "mean": 1723.16357422,
        "median": 645.99609375,
        "min": 64.599609375,
        "var": 4832544
    },
    "spectral_skewness": {
        "dmean": 0.147533342242,
        "dmean2": 0.229214519262,
        "dvar": 0.032833520323,
        "dvar2": 0.0684333369136,
        "max": 5.67731714249,
        "mean": 1.10928058624,
        "median": 1.05522501469,
        "min": -0.168021813035,
        "var": 0.188706085086
    },
    "spectral_spread": {
        "dmean": 590836.3125,
        "dmean2": 865886,
        "dvar": 874263674880,
        "dvar2": 1.5695029207e+12,
        "max": 41881040,
        "mean": 6166324.5,
        "median": 5955275,
        "min": 1919275.25,
        "var": 3.5005637591e+12
    },
    "spectral_strongpeak": {
        "dmean": 0.247105672956,
        "dmean2": 0.407262772322,
        "dvar": 0.148579508066,
        "dvar2": 0.399942964315,
        "max": 8.55279636383,
        "mean": 0.438568592072,
        "median": 0.311556130648,
        "min": 0,
        "var": 0.209201008081
    },
    "zerocrossingrate": {
        "dmean": 0.0155818797648,
        "dmean2": 0.0184038542211,
        "dvar": 0.00030148649239,
        "dvar2": 0.000384365586797,
        "max": 0.67333984375,
        "mean": 0.0773125216365,
        "median": 0.06884765625,
        "min": 0.00390625,
        "var": 0.00224711978808
    },
    "barkbands": {
        "dmean": [0.000259838823695, 0.00623874971643, 0.00428251130506, 0.00426561385393, 0.00307419593446, 0.000749115657527, 0.000302261672914, 0.000188118108781, 0.000229947880143, 0.000115605733299, 0.000106865903945, 0.000102685589809, 0.000101031655504, 0.00012257436174, 0.00014550985361, 0.000135118927574, 0.0001569907472, 0.000167341189808, 0.000240311186644, 0.000267163210083, 0.000223227529204, 0.000345423031831, 0.000169185354025, 0.000184082135092, 0.000228978911764, 6.35428150417e-05, 1.74398628587e-05],
        "dmean2": [0.00039531654329, 0.0106474664062, 0.00729241594672, 0.00703497976065, 0.00483031384647, 0.00115882547107, 0.000489363097586, 0.000303618260659, 0.000366056337953, 0.000188744204934, 0.000172633008333, 0.00016702474386, 0.000167093850905, 0.000204147450859, 0.000239987144596, 0.000225086434511, 0.00026689824881, 0.00028768638731, 0.00041800600593, 0.000466270605102, 0.000372634967789, 0.000574494944885, 0.000273521116469, 0.000280186533928, 0.000365463580238, 0.000104380109406, 3.02647840726e-05],
        "dvar": [2.57507736023e-07, 0.000383444188628, 6.9713270932e-05, 6.30529466434e-05, 2.28498174693e-05, 1.3725612007e-06, 3.37378651238e-07, 1.43264600183e-07, 1.66027717796e-07, 7.38773948683e-08, 5.29255181902e-08, 3.65674139857e-08, 3.00068982995e-08, 4.92939591368e-08, 7.69721140159e-08, 5.38172102438e-08, 1.71063533116e-07, 1.17401143029e-07, 2.45410802791e-07, 3.41030556683e-07, 1.84054414376e-07, 4.84057238737e-07, 1.0347046242e-07, 1.51992523456e-07, 4.90395166253e-07, 6.97153694773e-08, 9.47177714039e-09],
        "dvar2": [5.85021211919e-07, 0.00105975859333, 0.000196331369807, 0.000166762576555, 5.80414234719e-05, 3.15076476909e-06, 8.22955030344e-07, 3.23586107243e-07, 3.93863217596e-07, 1.81158725354e-07, 1.24624179421e-07, 9.0777099615e-08, 7.91564644942e-08, 1.33100130029e-07, 1.94451587276e-07, 1.41983008461e-07, 4.72294743759e-07, 3.16522800858e-07, 6.87507281327e-07, 9.43204497617e-07, 4.67112215574e-07, 1.24404652979e-06, 2.50660036727e-07, 3.63603419373e-07, 1.26366001041e-06, 1.9066182233e-07, 2.60316124212e-08],
        "max": [0.0126198418438, 0.22004711628, 0.11609659344, 0.0905480384827, 0.0692300274968, 0.0268167033792, 0.012897843495, 0.0135725010186, 0.00748946843669, 0.0135428030044, 0.00763679854572, 0.00506062898785, 0.00315259140916, 0.00451337033883, 0.00692163966596, 0.00708740158007, 0.0167377348989, 0.00704012997448, 0.00594822783023, 0.00669971155003, 0.00630691321567, 0.00718023115769, 0.00398516422138, 0.00595775106922, 0.0123174665496, 0.00519431801513, 0.00155267631635],
        "mean": [0.000386718777008, 0.00752142863348, 0.00528878206387, 0.00606222776696, 0.00542432162911, 0.0014038651716, 0.000461602438008, 0.000296986399917, 0.000388228188967, 0.000178881178726, 0.000166343714227, 0.000166606521816, 0.000169937411556, 0.00020345854864, 0.00024556205608, 0.00023843080271, 0.000246474752203, 0.000262853543973, 0.000366793072317, 0.000407609186368, 0.000429356907262, 0.000537416432053, 0.000333392556058, 0.000330152979586, 0.000312867952744, 8.1115103967e-05, 1.44335172081e-05],
        "median": [0.000162923330208, 0.0027511510998, 0.00253925635479, 0.00270900758915, 0.00308329099789, 0.000736304325983, 0.000186654157005, 0.0001225117594, 0.000179580179974, 7.35041103326e-05, 6.97867653798e-05, 7.53125495976e-05, 9.58004529821e-05, 0.000106404186226, 0.000125553488033, 0.000147169950651, 0.000148022081703, 0.000149402636453, 0.00021914896206, 0.000211507096537, 0.000198210720555, 0.000189984959434, 0.000137289156555, 0.000132262779516, 7.71534032538e-05, 2.04838434001e-05, 9.24278708681e-07],
        "min": [5.36958606636e-24, 1.87831094749e-23, 9.75972874369e-24, 1.04524511704e-23, 3.23503873959e-23, 1.42436472611e-23, 5.72588755821e-23, 4.24070291848e-23, 4.49117540667e-23, 4.12312572491e-23, 4.90326403733e-23, 4.91692742375e-23, 4.00664189256e-23, 8.71726767456e-23, 6.14667353812e-23, 1.33550415209e-22, 1.32512021822e-22, 1.9102252936e-22, 2.11723299742e-22, 2.56238758489e-22, 3.13157054419e-22, 6.5277101423e-22, 5.39074877476e-22, 8.39177912122e-22, 1.11984997739e-21, 1.59811809314e-21, 2.17966594857e-21],
        "var": [4.43219221324e-07, 0.000318092352245, 6.96403367328e-05, 8.47546034493e-05, 4.68068465125e-05, 4.02577279601e-06, 7.01823410054e-07, 3.44213702874e-07, 3.5940186649e-07, 1.23276393538e-07, 1.03247600691e-07, 7.39596686117e-08, 5.50938636934e-08, 9.38167872278e-08, 1.56764357939e-07, 1.04504891851e-07, 1.60628587764e-07, 1.45727781842e-07, 2.51665085216e-07, 3.44913559047e-07, 3.30891538169e-07, 6.72980831951e-07, 2.04744594612e-07, 2.39109112954e-07, 5.37090841135e-07, 5.27614005819e-08, 6.2667071532e-09]
    },
    "erbbands": {
        "dmean": [0.1227504462, 1.61219203472, 4.6747674942, 10.1513299942, 13.2742109299, 9.36145496368, 6.43780088425, 6.56362915039, 4.58764505386, 4.16497755051, 4.09925508499, 4.75631427765, 4.09541749954, 4.05532598495, 3.95421075821, 3.58484721184, 4.56585025787, 5.71342468262, 6.03161144257, 7.50959539413, 8.5523443222, 8.16136741638, 8.65367603302, 11.4446086884, 11.5025014877, 13.6010255814, 8.9962644577, 9.20489311218, 12.9540290833, 9.00436878204, 4.792116642, 3.90598320961, 3.26116251945, 3.08521223068, 1.26741635799, 0.367155641317, 0.0974052622914, 0.0307679399848, 0.00297638750635, 5.96664722252e-05],
        "dmean2": [0.19458001852, 2.78834676743, 7.97052526474, 16.8197345734, 21.2679977417, 14.6064119339, 9.76353168488, 10.1098585129, 7.36386823654, 6.69792127609, 6.57814407349, 7.64241218567, 6.58330011368, 6.52302360535, 6.37535476685, 5.8201675415, 7.47931241989, 9.4517621994, 10.0831031799, 12.3028764725, 14.2716846466, 13.8555965424, 14.7872991562, 20.0221157074, 20.0515022278, 23.8198795319, 15.1512565613, 15.3492832184, 21.9034519196, 15.0389957428, 7.78943729401, 6.00962018967, 5.12717294693, 4.86602163315, 2.07015872002, 0.610998868942, 0.15918725729, 0.0515866503119, 0.00520256860182, 0.000101128760434],
        "dvar": [0.0644210800529, 29.0171108246, 125.085090637, 330.988525391, 515.242980957, 218.976654053, 99.6974487305, 119.96648407, 74.9755325317, 63.8475799561, 67.0669708252, 77.3573150635, 54.7416496277, 95.7070541382, 57.5745506287, 38.8536300659, 64.4964447021, 110.311477661, 131.665557861, 245.272979736, 228.025909424, 393.751495361, 357.894073486, 533.045715332, 560.707946777, 979.202575684, 281.524139404, 336.839569092, 661.359619141, 331.950836182, 85.8344573975, 54.6569480896, 65.3611373901, 91.0117340088, 19.2877540588, 2.07562637329, 0.157795876265, 0.0241153966635, 0.000279769708868, 5.8229442601e-08],
        "dvar2": [0.172836482525, 79.7733459473, 345.685546875, 863.97064209, 1324.15002441, 524.658203125, 229.118179321, 271.961364746, 182.603744507, 146.684005737, 151.501068115, 185.263885498, 132.82975769, 230.001647949, 134.015045166, 98.1669692993, 169.958190918, 301.659118652, 350.78817749, 596.065307617, 602.561157227, 1086.88720703, 972.00213623, 1480.84399414, 1564.06567383, 2730.7824707, 737.455627441, 843.463989258, 1699.28112793, 842.883117676, 216.081207275, 127.666366577, 163.393157959, 229.30871582, 50.5276260376, 5.63254070282, 0.431676864624, 0.0657660737634, 0.000770433689468, 1.59758528184e-07],
        "max": [3.62796187401, 60.8816871643, 132.013473511, 191.845703125, 398.001434326, 267.594207764, 217.128128052, 276.292572021, 233.618362427, 225.130325317, 292.81829834, 200.269546509, 166.015563965, 497.970367432, 285.527374268, 132.448501587, 158.837478638, 177.393325806, 272.30166626, 360.22869873, 477.3253479, 739.155700684, 348.888397217, 299.136871338, 347.469543457, 342.66418457, 276.698577881, 210.447387695, 283.837646484, 192.063034058, 132.170730591, 140.130172729, 154.231536865, 169.4090271, 113.63192749, 27.2602748871, 7.5528755188, 2.55980634689, 0.276463627815, 0.00402190210298],
        "mean": [0.187742337584, 1.77501070499, 5.61086988449, 14.8862161636, 21.007183075, 16.084154129, 11.9493560791, 12.0965270996, 7.77787590027, 6.73285579681, 6.89841556549, 7.94226121902, 7.22144985199, 6.83476066589, 6.93782567978, 6.38602161407, 7.99955177307, 9.71198368073, 10.7966785431, 13.3564252853, 15.1291618347, 13.5740842819, 13.9981575012, 17.4352607727, 18.47133255, 20.2043209076, 17.147562027, 17.0762882233, 20.0043201447, 14.3417749405, 9.28592967987, 7.02523994446, 5.61006259918, 4.34791564941, 1.65427792072, 0.449444711208, 0.130671769381, 0.0329661481082, 0.00240495055914, 8.22724541649e-05],
        "median": [0.08325047791, 0.553171694279, 2.64555859566, 7.59740543365, 10.5052261353, 8.74561786652, 6.41011953354, 5.7279214859, 3.49655747414, 3.01342010498, 3.14330649376, 4.02345371246, 3.41916823387, 3.12319350243, 3.52649760246, 3.59441351891, 4.58264112473, 5.21271181107, 5.90758132935, 7.58066892624, 9.26430416107, 8.51358127594, 8.12996101379, 10.4393692017, 11.0634222031, 10.2753896713, 8.93224430084, 6.7652349472, 7.01842689514, 5.31518363953, 3.73381733894, 2.8096241951, 2.05824971199, 1.0899283886, 0.389661997557, 0.112174719572, 0.0343387871981, 0.00627015018836, 0.000211713471799, 4.72914616694e-05],
        "min": [2.48295850563e-22, 5.3772382254e-21, 1.07890096258e-20, 2.84907724774e-20, 8.35250405663e-20, 7.18352336769e-20, 8.69537429795e-20, 1.38849064208e-19, 4.88372500133e-19, 1.01564399575e-18, 1.04453317525e-18, 1.14204960106e-18, 1.24167936994e-18, 2.19444812656e-18, 2.48892876732e-18, 2.66054620376e-18, 2.13155448266e-18, 3.86758883311e-18, 4.62724131559e-18, 4.51663320562e-18, 7.37061683639e-18, 7.59438904442e-18, 1.14428013494e-17, 1.16961121771e-17, 9.77227039767e-18, 1.21869437818e-17, 1.48524663041e-17, 1.29115573071e-17, 2.14207601325e-17, 2.04295992354e-17, 1.74045368695e-17, 1.76091830074e-17, 1.37422898332e-17, 1.20894779174e-17, 8.22216949851e-18, 5.40095876361e-18, 3.15787924127e-18, 1.19324577372e-18, 2.68261057451e-19, 3.23551018054e-20],
        "var": [0.0839005112648, 23.1235713959, 110.495185852, 457.40222168, 893.877929688, 514.459411621, 270.752105713, 335.02355957, 169.143051147, 149.578277588, 163.085845947, 153.273574829, 123.28339386, 166.688247681, 123.475318909, 80.7235031128, 121.526496887, 194.119598389, 271.991638184, 489.001312256, 435.463134766, 402.798065186, 410.054138184, 555.178527832, 632.158935547, 919.900390625, 489.222808838, 591.255371094, 947.219055176, 458.41619873, 164.445175171, 96.1400146484, 86.9021377563, 99.8980407715, 21.337688446, 1.65856790543, 0.123953953385, 0.0166400764138, 0.000181553012226, 4.07315390305e-08]
    },
    "gfcc": {
        "mean": [-15.0843372345, 67.7908782959, -87.5512237549, 61.0089645386, -56.9299087524, 18.7822952271, -41.4621162415, 5.92915916443, -27.4688110352, -0.120542265475, -19.0996646881, -2.44665622711, -10.763715744],
        "cov": [[26100.7148438, -1978.72998047, -698.921325684, 1354.04455566, -380.718902588, 389.603546143, -498.465545654, 87.3459396362, -456.614990234, 13.9958953857, -453.413330078, 155.622360229, -297.85269165], [-1978.72998047, 1301.83642578, -286.851470947, -157.068115234, 142.469863892, -31.7781467438, 110.259117126, -67.9535751343, 112.359687805, -102.856430054, 126.837783813, -82.8879699707, 142.453552246], [-698.921325684, -286.851470947, 606.305053711, 67.0601043701, -11.0656881332, 39.3501815796, -22.9531784058, 28.5908985138, -5.15647935867, 27.9641437531, -10.5363645554, 19.5594425201, -26.7675037384], [1354.04455566, -157.068115234, 67.0601043701, 413.071838379, -7.46440458298, 98.8488845825, -17.6758918762, 26.4399623871, -0.0212617162615, -13.2199983597, 13.4193334579, -21.7048072815, 4.25255250931], [-380.718902588, 142.469863892, -11.0656881332, -7.46440458298, 172.146942139, 14.1974849701, 57.0425415039, -20.1648483276, 14.7666139603, -8.06120681763, 4.56908845901, 0.959077000618, 0.579998910427], [389.603546143, -31.7781467438, 39.3501815796, 98.8488845825, 14.1974849701, 189.111465454, -2.27752399445, 55.1930198669, 12.4329166412, -13.8362579346, 37.214302063, -25.9641132355, 33.1616744995], [-498.465545654, 110.259117126, -22.9531784058, -17.6758918762, 57.0425415039, -2.27752399445, 124.737335205, -2.64376926422, 29.8528728485, -4.2327542305, 0.176010429859, 10.0084838867, -9.19286727905], [87.3459396362, -67.9535751343, 28.5908985138, 26.4399623871, -20.1648483276, 55.1930198669, -2.64376926422, 120.168052673, 26.7864303589, 18.9855518341, 24.1808757782, -9.65895652771, 24.8117637634], [-456.614990234, 112.359687805, -5.15647935867, -0.0212617162615, 14.7666139603, 12.4329166412, 29.8528728485, 26.7864303589, 90.3187255859, 9.71061992645, 36.9484901428, -11.8972473145, 19.9380302429], [13.9958953857, -102.856430054, 27.9641437531, -13.2199983597, -8.06120681763, -13.8362579346, -4.2327542305, 18.9855518341, 9.71061992645, 77.9102401733, 5.19040775299, 31.4893550873, -18.4964637756], [-453.413330078, 126.837783813, -10.5363645554, 13.4193334579, 4.56908845901, 37.214302063, 0.176010429859, 24.1808757782, 36.9484901428, 5.19040775299, 99.0320968628, -5.24129199982, 50.4464263916], [155.622360229, -82.8879699707, 19.5594425201, -21.7048072815, 0.959077000618, -25.9641132355, 10.0084838867, -9.65895652771, -11.8972473145, 31.4893550873, -5.24129199982, 79.0635223389, -8.62681388855], [-297.85269165, 142.453552246, -26.7675037384, 4.25255250931, 0.579998910427, 33.1616744995, -9.19286727905, 24.8117637634, 19.9380302429, -18.4964637756, 50.4464263916, -8.62681388855, 89.0281295776]],
        "icov": [[7.72475541453e-05, 1.87743921742e-06, 0.000170490282471, -0.000243450820562, 6.24698222964e-05, -0.000186289733392, 0.000282607565168, -0.000110634195153, 0.000126445738715, 4.78694637422e-05, 0.000318657053867, -0.00032556898077, 0.000216840271605], [1.87743921742e-06, 0.00183305505197, 0.000432037690189, 0.000512324972078, -0.000850264623296, 0.000626755412668, -0.000993240391836, 0.00127020897344, -0.00115082319826, 0.00113737455104, -0.00134665053338, 0.00150393671356, -0.00210301647894], [0.000170490282471, 0.000432037690189, 0.00226574228145, -0.000623665226158, -0.000107295745693, -0.000650501577184, 0.000813114398625, -0.000292336510029, -0.000116006282042, 0.000120154385513, 0.000521858164575, -0.000923572573811, 0.000664287887048], [-0.000243450820562, 0.000512324972078, -0.000623665226158, 0.00375682092272, -0.00029074086342, -0.000694589922205, -0.000859337218571, 0.000704685226083, -0.000738153408747, 0.000569158757571, -0.00155112543143, 0.00165493774693, -0.000702885387], [6.24698222964e-05, -0.000850264623296, -0.000107295745693, -0.00029074086342, 0.00765438051894, -0.001500393264, -0.00254097441211, 0.00113768724259, 0.000283971545286, -0.000650975562166, 0.000861579319462, -0.000754821056034, 0.000720509910025], [-0.000186289733392, 0.000626755412668, -0.000650501577184, -0.000694589922205, -0.001500393264, 0.00852431170642, -0.00113616359886, -0.00240773311816, 0.000368921580957, 0.00142255413812, -0.00315512018278, 0.00270781782456, -0.00213710707612], [0.000282607565168, -0.000993240391836, 0.000813114398625, -0.000859337218571, -0.00254097441211, -0.00113616359886, 0.0127079915255, -0.00180286669638, -0.0031745149754, 0.00215473840944, 0.0022626419086, -0.00490331463516, 0.00447608996183], [-0.000110634195153, 0.00127020897344, -0.000292336510029, 0.000704685226083, 0.00113768724259, -0.00240773311816, -0.00180286669638, 0.0129488557577, -0.00312998984009, -0.00368280219845, -0.000555709819309, 0.00324905966409, -0.00486412039027], [0.000126445738715, -0.00115082319826, -0.000116006282042, -0.000738153408747, 0.000283971545286, 0.000368921580957, -0.0031745149754, -0.00312998984009, 0.0170738641173, -0.00374442967586, -0.00340595142916, 0.00236748065799, 0.000227768279728], [4.78694637422e-05, 0.00113737455104, 0.000120154385513, 0.000569158757571, -0.000650975562166, 0.00142255413812, 0.00215473840944, -0.00368280219845, -0.00374442967586, 0.0206710100174, -0.00388871249743, -0.00745653454214, 0.0056865378283], [0.000318657053867, -0.00134665053338, 0.000521858164575, -0.00155112543143, 0.000861579319462, -0.00315512018278, 0.0022626419086, -0.000555709819309, -0.00340595142916, -0.00388871249743, 0.0193457752466, -0.00235534016974, -0.00622537033632], [-0.00032556898077, 0.00150393671356, -0.000923572573811, 0.00165493774693, -0.000754821056034, 0.00270781782456, -0.00490331463516, 0.00324905966409, 0.00236748065799, -0.00745653454214, -0.00235534016974, 0.0200814325362, -0.00506677757949], [0.000216840271605, -0.00210301647894, 0.000664287887048, -0.000702885387, 0.000720509910025, -0.00213710707612, 0.00447608996183, -0.00486412039027, 0.000227768279728, 0.0056865378283, -0.00622537033632, -0.00506677757949, 0.0223323106766]]
    },
    "melbands": {
        "dmean": [0.00140343268868, 0.00235478277318, 0.00178669427987, 0.000796111009549, 0.000248463300522, 0.000142683100421, 6.95896887919e-05, 4.41182855866e-05, 3.29544309352e-05, 3.11017574859e-05, 2.08933979593e-05, 1.69109971466e-05, 1.5308487491e-05, 1.24348534882e-05, 9.75469811237e-06, 1.05399003587e-05, 1.08028498289e-05, 1.02350777524e-05, 1.06078132376e-05, 8.73394583323e-06, 1.10430692075e-05, 8.59403553477e-06, 9.60155830398e-06, 8.5221563495e-06, 9.95922891889e-06, 9.11500592338e-06, 9.16984845389e-06, 9.31615250011e-06, 5.92987544223e-06, 5.97006737735e-06, 5.47493164049e-06, 7.31164436729e-06, 7.49726677896e-06, 4.28574003308e-06, 3.1015094919e-06, 2.26076281251e-06, 2.70280497716e-06, 2.10861207961e-06, 3.01954673887e-06, 2.46471267928e-06],
        "dmean2": [0.00233051343821, 0.00401571951807, 0.00294487574138, 0.00127072224859, 0.000372462905943, 0.000219796405872, 0.0001114171464, 7.06298305886e-05, 5.28953569301e-05, 4.96444918099e-05, 3.36242956109e-05, 2.73816276604e-05, 2.47053139901e-05, 2.02144110517e-05, 1.59524788614e-05, 1.74020151462e-05, 1.79223043233e-05, 1.71336760104e-05, 1.75341447175e-05, 1.4375331375e-05, 1.85049539141e-05, 1.45659332702e-05, 1.66759909916e-05, 1.47192840814e-05, 1.74718716153e-05, 1.59196588356e-05, 1.61529715115e-05, 1.62210726558e-05, 1.00654951893e-05, 9.97052757157e-06, 9.24111100176e-06, 1.23188337966e-05, 1.2767482076e-05, 7.21595415598e-06, 5.12507949679e-06, 3.71034957425e-06, 4.14982105212e-06, 3.32280910698e-06, 4.93121933687e-06, 3.88584066968e-06],
        "dvar": [1.50007199409e-05, 4.17937262682e-05, 9.35338084673e-06, 1.70147620793e-06, 1.32935156216e-07, 5.41910196716e-08, 1.66679647862e-08, 6.58402843356e-09, 3.97566735089e-09, 3.04064484702e-09, 1.43646605721e-09, 1.79890613516e-09, 1.05972075559e-09, 6.2208943552e-10, 2.89413881749e-10, 3.13817027919e-10, 3.89663551426e-10, 3.97622934578e-10, 4.46996911707e-10, 2.40773706528e-10, 3.91971122227e-10, 2.98771618557e-10, 8.66381355547e-10, 2.88157914197e-10, 4.00686067659e-10, 3.64981239676e-10, 3.45014405934e-10, 4.2427317215e-10, 1.15828166503e-10, 1.21377199958e-10, 1.23664037344e-10, 2.03373887175e-10, 2.46264592052e-10, 6.81678324899e-11, 3.5542832566e-11, 1.7546204073e-11, 2.75822212292e-11, 2.19190342959e-11, 8.23435764019e-11, 5.88191023665e-11],
        "dvar2": [4.09419990319e-05, 0.000114110647701, 2.49661388807e-05, 4.39977111455e-06, 2.99301404993e-07, 1.23012583231e-07, 4.05832025763e-08, 1.51023584749e-08, 9.1043030892e-09, 7.31114013774e-09, 3.49088047358e-09, 4.32220348401e-09, 2.42868014588e-09, 1.53440082862e-09, 7.44025285826e-10, 8.43479230905e-10, 1.0681669993e-09, 1.05552155905e-09, 1.14736897761e-09, 5.98434801713e-10, 1.0319314292e-09, 8.23383361492e-10, 2.36974817547e-09, 7.89573906257e-10, 1.11279074844e-09, 1.02841268834e-09, 9.65623025984e-10, 1.17280785084e-09, 3.12072673259e-10, 3.07537079136e-10, 3.17361553703e-10, 5.15686271463e-10, 6.54260590149e-10, 1.68392966238e-10, 9.00438820728e-11, 4.40348035813e-11, 6.52597281769e-11, 5.40421075945e-11, 2.1393367633e-10, 1.44797937529e-10],
        "max": [0.0429068431258, 0.0766950175166, 0.0344022847712, 0.0190348960459, 0.00599216902629, 0.00579892843962, 0.0029962155968, 0.00212181755342, 0.00197875406593, 0.00111481174827, 0.000837148923893, 0.00221812631935, 0.00123434734996, 0.00070636277087, 0.0003166430688, 0.000308318412863, 0.000340395490639, 0.00045472686179, 0.000737864058465, 0.000321943050949, 0.000705019861925, 0.000547335192095, 0.00107366160955, 0.000311498908559, 0.000269856624072, 0.000278623745544, 0.000231244965107, 0.000208361438126, 0.000186529490747, 0.000135226684506, 0.000126583152451, 0.000191927625565, 0.000170606566826, 0.000101069177617, 7.26100188331e-05, 7.74954314693e-05, 0.000107000436401, 7.92175196693e-05, 0.000179187278263, 0.000133940557134],
        "mean": [0.00188667490147, 0.00283116730861, 0.00281779002398, 0.00133568956517, 0.000476682005683, 0.000264129979769, 0.000117584495456, 7.21336546121e-05, 5.52316960238e-05, 5.16341096954e-05, 3.57917633664e-05, 2.73011992249e-05, 2.50331358984e-05, 1.93710202439e-05, 1.64659631992e-05, 1.76059475052e-05, 1.76926896529e-05, 1.69669656316e-05, 1.77391266334e-05, 1.55729594553e-05, 1.80954211828e-05, 1.35582868097e-05, 1.34548618007e-05, 1.2961295397e-05, 1.42583930938e-05, 1.34533374876e-05, 1.35881964525e-05, 1.32862096507e-05, 1.06469005914e-05, 1.01686709968e-05, 9.65175695455e-06, 1.1248804185e-05, 1.05277695184e-05, 6.88166483087e-06, 5.66524022361e-06, 4.20445076088e-06, 4.35258198195e-06, 3.70468160327e-06, 4.31491025665e-06, 3.38272297995e-06],
        "median": [0.000755385961384, 0.00127275567502, 0.00160406972282, 0.000756858324166, 0.000258498213952, 0.000127242674353, 5.22937734786e-05, 3.24148059008e-05, 2.54416117969e-05, 2.48302512773e-05, 1.60620857059e-05, 1.14168506116e-05, 1.14546492114e-05, 8.06571279099e-06, 8.78464015841e-06, 9.95757454803e-06, 9.14833071874e-06, 8.55170492287e-06, 9.0222538347e-06, 9.65492745308e-06, 1.04231439764e-05, 8.3143104348e-06, 6.7362120717e-06, 7.29913335817e-06, 8.16086412669e-06, 7.74017735239e-06, 7.575149084e-06, 6.26164683126e-06, 5.58757528779e-06, 4.38193683294e-06, 3.4241013509e-06, 4.03834428653e-06, 3.37856363331e-06, 2.64090863311e-06, 2.06089634958e-06, 1.79618803031e-06, 1.63487300142e-06, 1.42882595355e-06, 1.20557797345e-06, 7.87188355389e-07],
        "min": [4.03868739468e-24, 7.3866229372e-24, 8.7757423047e-24, 6.99178148806e-24, 3.27908810145e-24, 2.95301560172e-24, 8.62544852504e-24, 1.05846729356e-23, 8.08470251831e-24, 6.79967255839e-24, 6.36183464004e-24, 6.96486476511e-24, 6.09434019012e-24, 1.08040945964e-23, 7.07618013858e-24, 3.99170638904e-24, 7.3954952558e-24, 7.31082997029e-24, 5.38622748159e-24, 7.99773139237e-24, 6.55614804151e-24, 8.22724652844e-24, 8.39862024921e-24, 9.45423210295e-24, 8.66839332386e-24, 5.2849590406e-24, 4.71107850927e-24, 8.04807097331e-24, 7.76646261851e-24, 4.9655831811e-24, 7.17930161384e-24, 1.19636412409e-23, 1.2289683764e-23, 1.01203415182e-23, 1.04677921484e-23, 8.67152667937e-24, 1.14901416821e-23, 9.44471134068e-24, 9.51842408139e-24, 9.87914966296e-24],
        "var": [1.42671560752e-05, 3.56263117283e-05, 1.3536437109e-05, 2.98747249872e-06, 3.97119521267e-07, 1.53549891024e-07, 3.76251882983e-08, 1.60990865083e-08, 9.36599686696e-09, 6.26643936741e-09, 3.21349213905e-09, 3.01802338676e-09, 2.13603312815e-09, 1.19682996846e-09, 5.64158886274e-10, 5.68567914971e-10, 6.8106020823e-10, 8.03803801297e-10, 8.34231461688e-10, 4.85826157082e-10, 6.92793378221e-10, 3.50634438151e-10, 7.67585328632e-10, 3.5012517885e-10, 4.01867983335e-10, 3.65863145335e-10, 3.61607216393e-10, 4.14363571233e-10, 1.95352400922e-10, 1.99510963306e-10, 2.07449293854e-10, 3.00197866565e-10, 2.90876350784e-10, 1.00865392427e-10, 6.73214817226e-11, 3.25068999496e-11, 4.19174590871e-11, 3.27811770784e-11, 8.63640756132e-11, 6.59015272908e-11]
    },
    "mfcc": {
        "mean": [-651.184692383, 84.2328414917, 29.1819057465, 39.6178245544, 14.4645881653, 12.0907812119, 2.75902509689, 2.50374865532, -0.0824056193233, 0.155349627137, -2.93817734718, -3.92157387733, -3.61027526855],
        "cov": [[14629.2636719, 66.1917114258, -41.5166511536, 599.039733887, -35.0517539978, 160.500793457, -83.8768005371, -30.8834838867, -78.4449005127, -78.4180984497, -119.422821045, -211.404403687, -103.69354248], [66.1917114258, 1069.92944336, -173.41003418, -20.384809494, 38.1328926086, 9.26635742188, 11.0379638672, 18.1469669342, 9.12863063812, 15.1032085419, -38.6657905579, -1.73240041733, -13.8333072662], [-41.5166511536, -173.41003418, 515.311767578, 70.5192718506, 88.4015579224, 19.2210998535, 21.2715206146, 11.4429092407, 16.2553844452, -2.18164873123, 28.3909492493, 11.2711362839, 12.6691455841], [599.039733887, -20.384809494, 70.5192718506, 275.902496338, 18.7500457764, 61.2737121582, -4.17399120331, 17.090631485, -8.49898052216, 2.46066522598, 0.0645264014602, -7.87035751343, -3.93133044243], [-35.0517539978, 38.1328926086, 88.4015579224, 18.7500457764, 159.960144043, 29.4105587006, 46.0466461182, 10.8534183502, 22.1569423676, 7.11508798599, 11.1438646317, 12.6199398041, 6.34114551544], [160.500793457, 9.26635742188, 19.2210998535, 61.2737121582, 29.4105587006, 129.540084839, 24.2530994415, 27.6041622162, -4.61239004135, 0.700735867023, -0.89071059227, -1.71893286705, -4.98125505447], [-83.8768005371, 11.0379638672, 21.2715206146, -4.17399120331, 46.0466461182, 24.2530994415, 91.6660614014, 30.9459934235, 19.3848819733, 5.96133852005, 4.8724565506, 8.65524291992, 4.50264215469], [-30.8834838867, 18.1469669342, 11.4429092407, 17.090631485, 10.8534183502, 27.6041622162, 30.9459934235, 75.2356185913, 27.1901283264, 14.8138504028, 6.30358457565, 5.42751932144, 1.18492150307], [-78.4449005127, 9.12863063812, 16.2553844452, -8.49898052216, 22.1569423676, -4.61239004135, 19.3848819733, 27.1901283264, 63.9428787231, 24.8269767761, 12.4373311996, 3.8911345005, 3.05795741081], [-78.4180984497, 15.1032085419, -2.18164873123, 2.46066522598, 7.11508798599, 0.700735867023, 5.96133852005, 14.8138504028, 24.8269767761, 59.2186164856, 20.9522209167, 10.8157482147, 1.45932412148], [-119.422821045, -38.6657905579, 28.3909492493, 0.0645264014602, 11.1438646317, -0.89071059227, 4.8724565506, 6.30358457565, 12.4373311996, 20.9522209167, 64.6395950317, 25.9959278107, 7.62589502335], [-211.404403687, -1.73240041733, 11.2711362839, -7.87035751343, 12.6199398041, -1.71893286705, 8.65524291992, 5.42751932144, 3.8911345005, 10.8157482147, 25.9959278107, 55.9698219299, 21.0167236328], [-103.69354248, -13.8333072662, 12.6691455841, -3.93133044243, 6.34114551544, -4.98125505447, 4.50264215469, 1.18492150307, 3.05795741081, 1.45932412148, 7.62589502335, 21.0167236328, 47.5948638916]],
