{
"lowlevel": {
    "average_loudness": 0.964317321777,
    "barkbands_crest": {
        "dmean": 2.95926523209,
        "dmean2": 4.26335763931,
        "dvar": 7.86720848083,
        "dvar2": 16.8712272644,
        "max": 25.5868835449,
        "mean": 11.0124578476,
        "median": 10.0561037064,
        "min": 2.25829792023,
        "var": 23.3946247101
    },
    "barkbands_flatness_db": {
        "dmean": 0.033740721643,
        "dmean2": 0.0496216528118,
        "dvar": 0.00150415475946,
        "dvar2": 0.00323698692955,
        "max": 0.615451812744,
        "mean": 0.164161816239,
        "median": 0.154795721173,
        "min": 0.0174579452723,
        "var": 0.00714840507135
    },
    "barkbands_kurtosis": {
        "dmean": 3.6669523716,
        "dmean2": 5.67867660522,
        "dvar": 42.4809150696,
        "dvar2": 96.206237793,
        "max": 171.134918213,
        "mean": 4.87135744095,
        "median": 1.99047660828,
        "min": -1.92921185493,
        "var": 73.4500732422
    },
    "barkbands_skewness": {
        "dmean": 0.682764410973,
        "dmean2": 1.00394320488,
        "dvar": 0.571502685547,
        "dvar2": 1.22161352634,
        "max": 10.7371969223,
        "mean": 1.67675602436,
        "median": 1.50979197025,
        "min": -2.6779255867,
        "var": 1.76028072834
    },
    "barkbands_spread": {
        "dmean": 5.30133771896,
        "dmean2": 8.02795124054,
        "dvar": 36.1996536255,
        "dvar2": 81.2776870728,
        "max": 147.213439941,
        "mean": 18.4518966675,
        "median": 16.5955600739,
        "min": 0.536186695099,
        "var": 127.896835327
    },
    "dissonance": {
        "dmean": 0.0247751325369,
        "dmean2": 0.0419562086463,
        "dvar": 0.00101075600833,
        "dvar2": 0.00268766190857,
        "max": 0.5,
        "mean": 0.456660062075,
        "median": 0.469045072794,
        "min": 0.05117142573,
        "var": 0.00204053637572
    },
    "dynamic_complexity": 1.99903023243,
    "erbbands_crest": {
        "dmean": 2.40219926834,
        "dmean2": 3.80324006081,
        "dvar": 6.12639284134,
        "dvar2": 13.7993774414,
        "max": 30.8201904297,
        "mean": 8.65153980255,
        "median": 7.71491861343,
        "min": 2.47999095917,
        "var": 17.234916687
    },
    "erbbands_flatness_db": {
        "dmean": 0.0201396420598,
        "dmean2": 0.0292954519391,
        "dvar": 0.000630479771644,
        "dvar2": 0.00122226763051,
        "max": 0.529427111149,
        "mean": 0.167377963662,
        "median": 0.146334961057,
        "min": 0.0442452467978,
        "var": 0.00461643887684
    },
    "erbbands_kurtosis": {
        "dmean": 0.821816205978,
        "dmean2": 1.29078400135,
        "dvar": 2.90422272682,
        "dvar2": 7.15253257751,
        "max": 50.8524627686,
        "mean": 0.36366429925,
        "median": -0.025012254715,
        "min": -1.84000742435,
        "var": 3.48697948456
    },
    "erbbands_skewness": {
        "dmean": 0.352854251862,
        "dmean2": 0.544416964054,
        "dvar": 0.148586660624,
        "dvar2": 0.329609543085,
        "max": 3.56779742241,
        "mean": 0.0663853734732,
        "median": 0.0557779818773,
        "min": -5.42956495285,
        "var": 0.359384357929
    },
    "erbbands_spread": {
        "dmean": 7.3375287056,
        "dmean2": 10.9869270325,
        "dvar": 58.1317672729,
        "dvar2": 124.951911926,
        "max": 95.9827880859,
        "mean": 33.4876747131,
        "median": 32.4062385559,
        "min": 0.677367627621,
        "var": 220.140625
    },
    "hfc": {
        "dmean": 9.51620960236,
        "dmean2": 14.3051748276,
        "dvar": 155.888473511,
        "dvar2": 367.718536377,
        "max": 104.177810669,
        "mean": 21.3404865265,
        "median": 17.6628684998,
        "min": 1.04298329934e-16,
        "var": 251.527038574
    },
    "melbands_crest": {
        "dmean": 3.64820599556,
        "dmean2": 5.59989833832,
        "dvar": 12.4367179871,
        "dvar2": 27.8847389221,
        "max": 36.9339027405,
        "mean": 15.539437294,
        "median": 14.9046020508,
        "min": 1.00075733662,
        "var": 37.0915870667
    },
    "melbands_flatness_db": {
        "dmean": 0.0414543524384,
        "dmean2": 0.0595605745912,
        "dvar": 0.00218615937047,
        "dvar2": 0.00468589644879,
        "max": 0.777806460857,
        "mean": 0.244478344917,
        "median": 0.238539978862,
        "min": 1.59630317853e-07,
        "var": 0.0108638452366
    },
    "melbands_kurtosis": {
        "dmean": 8.59331798553,
        "dmean2": 13.055770874,
        "dvar": 197.183532715,
        "dvar2": 438.988433838,
        "max": 231.662887573,
        "mean": 14.1986465454,
        "median": 7.70190238953,
        "min": -1.82249546051,
        "var": 379.453460693
    },
    "melbands_skewness": {
        "dmean": 0.916945338249,
        "dmean2": 1.34705221653,
        "dvar": 1.04723370075,
        "dvar2": 2.2239985466,
        "max": 12.2651329041,
        "mean": 2.79275083542,
        "median": 2.51149725914,
        "min": -1.61367332935,
        "var": 3.1724293232
    },
    "melbands_spread": {
        "dmean": 7.21294498444,
        "dmean2": 10.7525167465,
        "dvar": 80.4231109619,
        "dvar2": 177.681533813,
        "max": 229.666290283,
        "mean": 20.3037376404,
        "median": 16.3148822784,
        "min": 0.512339174747,
        "var": 316.603179932
    },
    "pitch_salience": {
        "dmean": 0.0930867120624,
        "dmean2": 0.140384271741,
        "dvar": 0.00920257624239,
        "dvar2": 0.0209583044052,
        "max": 0.99766522646,
        "mean": 0.506510555744,
        "median": 0.512994349003,
        "min": 0.0720942988992,
        "var": 0.0192942079157
    },
    "silence_rate_20dB": {
        "dmean": 0,
        "dmean2": 0,
        "dvar": 0,
        "dvar2": 0,
        "max": 1,
        "mean": 1,
        "median": 1,
        "min": 1,
        "var": 0
    },
    "silence_rate_30dB": {
        "dmean": 0.0195152014494,
        "dmean2": 0.0390344113111,
        "dvar": 0.019134869799,
        "dvar2": 0.0492229610682,
        "max": 1,
        "mean": 0.985724568367,
        "median": 1,
        "min": 0,
        "var": 0.0140719553456
    },
    "silence_rate_60dB": {
        "dmean": 0.0250616278499,
        "dmean2": 0.0501284040511,
        "dvar": 0.0244317669421,
        "dvar2": 0.0609619133174,
        "max": 1,
        "mean": 0.0433398373425,
        "median": 0,
        "min": 0,
        "var": 0.0414599329233
    },
    "spectral_centroid": {
        "dmean": 276.393310547,
        "dmean2": 406.183990479,
        "dvar": 98760.5390625,
        "dvar2": 198229.53125,
        "max": 11691.1728516,
        "mean": 1210.04016113,
        "median": 1047.36730957,
        "min": 133.160552979,
        "var": 1014443.875
    },
    "spectral_complexity": {
        "dmean": 5.39215278625,
        "dmean2": 7.84694385529,
        "dvar": 37.7251281738,
        "dvar2": 71.3073425293,
        "max": 57,
        "mean": 19.8178081512,
        "median": 18,
        "min": 0,
        "var": 113.088104248
    },
    "spectral_decrease": {
        "dmean": 3.69317731952e-09,
        "dmean2": 5.48496315034e-09,
        "dvar": 1.82789279884e-17,
        "dvar2": 3.81521738155e-17,
        "max": 1.53704617002e-28,
        "mean": -1.08536299948e-08,
        "median": -1.01560937438e-08,
        "min": -4.53329853656e-08,
        "var": 4.55137537037e-17
    },
    "spectral_energy": {
        "dmean": 0.0145312584937,
        "dmean2": 0.0216237884015,
        "dvar": 0.000277565064607,
        "dvar2": 0.000577629485633,
        "max": 0.173330172896,
        "mean": 0.0428998842835,
        "median": 0.0404457263649,
        "min": 1.0034868092e-20,
        "var": 0.000683589023538
    },
    "spectral_energyband_high": {
        "dmean": 0.000292100157822,
        "dmean2": 0.00044705424807,
        "dvar": 2.95621617852e-07,
        "dvar2": 7.23955224657e-07,
        "max": 0.00609910907224,
        "mean": 0.000560639949981,
        "median": 0.000301566353301,
        "min": 6.96498273453e-21,
        "var": 5.36608638413e-07
    },
    "spectral_energyband_low": {
        "dmean": 0.0102791069075,
        "dmean2": 0.0151151558384,
        "dvar": 0.000202759096283,
        "dvar2": 0.000443846191047,
        "max": 0.159595638514,
        "mean": 0.0227478146553,
        "median": 0.0176397114992,
        "min": 1.78092259775e-23,
        "var": 0.000440758944023
    },
    "spectral_energyband_middle_high": {
        "dmean": 0.00385150569491,
        "dmean2": 0.00608096597716,
        "dvar": 2.83468052658e-05,
        "dvar2": 6.63604587317e-05,
        "max": 0.0558870770037,
        "mean": 0.00724742794409,
        "median": 0.00505437096581,
        "min": 1.24282049306e-21,
        "var": 4.70009654236e-05
    },
    "spectral_energyband_middle_low": {
        "dmean": 0.00880571547896,
        "dmean2": 0.0146798277274,
        "dvar": 0.000265796203166,
        "dvar2": 0.000713782734238,
        "max": 0.135533213615,
        "mean": 0.0150671284646,
        "median": 0.0113750109449,
        "min": 1.79267441643e-22,
        "var": 0.000230760779232
    },
    "spectral_entropy": {
        "dmean": 0.257503926754,
        "dmean2": 0.399407923222,
        "dvar": 0.107974223793,
        "dvar2": 0.246693208814,
        "max": 9.82236385345,
        "mean": 7.31858348846,
        "median": 7.4198756218,
        "min": 3.46486163139,
        "var": 0.498293697834
    },
    "spectral_flux": {
        "dmean": 0.0459396988153,
        "dmean2": 0.0682281404734,
        "dvar": 0.00223289430141,
        "dvar2": 0.00392947439104,
        "max": 0.403476208448,
        "mean": 0.106313474476,
        "median": 0.0841698125005,
        "min": 6.35657429471e-11,
        "var": 0.00509925512597
    },
    "spectral_kurtosis": {
        "dmean": 4.78239870071,
        "dmean2": 7.78358364105,
        "dvar": 213.966705322,
        "dvar2": 535.544494629,
        "max": 485.12387085,
        "mean": 10.6588459015,
        "median": 4.5670838356,
        "min": -1.26067090034,
        "var": 601.405273438
    },
    "spectral_rms": {
        "dmean": 0.00113157997839,
        "dmean2": 0.00163165270351,
        "dvar": 1.52181212343e-06,
        "dvar2": 2.86556905849e-06,
        "max": 0.013003946282,
        "mean": 0.00607313634828,
        "median": 0.00628165947273,
        "min": 3.12891596313e-12,
        "var": 4.97036808156e-06
    },
    "spectral_rolloff": {
        "dmean": 426.301422119,
        "dmean2": 685.128723145,
        "dvar": 486302.25,
        "dvar2": 1107357.625,
        "max": 19358.3496094,
        "mean": 1184.4083252,
        "median": 839.794921875,
        "min": 21.533203125,
        "var": 3546071.25
    },
    "spectral_skewness": {
        "dmean": 0.392742663622,
        "dmean2": 0.626073181629,
        "dvar": 0.53288680315,
        "dvar2": 1.24541473389,
        "max": 19.1914691925,
        "mean": 1.99585080147,
        "median": 1.62713301182,
        "min": -0.123657733202,
        "var": 1.86984169483
    },
    "spectral_spread": {
        "dmean": 453910.9375,
        "dmean2": 692995.75,
        "dvar": 463451062272,
        "dvar2": 887614930944,
        "max": 42599308,
        "mean": 4072177.5,
        "median": 4041695.5,
        "min": 209722.734375,
        "var": 1.09227802624e+13
    },
    "spectral_strongpeak": {
        "dmean": 0.469779759645,
        "dmean2": 0.804784715176,
        "dvar": 0.782774806023,
        "dvar2": 1.97751009464,
        "max": 9.575258255,
        "mean": 0.762736558914,
        "median": 0.48531293869,
        "min": 0,
        "var": 0.921514630318
    },
    "zerocrossingrate": {
        "dmean": 0.00951315928251,
        "dmean2": 0.0102980947122,
        "dvar": 0.000128102998133,
        "dvar2": 0.000175444860361,
        "max": 0.8310546875,
        "mean": 0.0457030162215,
        "median": 0.03466796875,
        "min": 0.00244140625,
        "var": 0.00303213275038
    },
    "barkbands": {
        "dmean": [0.00042394339107, 0.00705507490784, 0.00606520846486, 0.00412890966982, 0.00334337446839, 0.00083085289225, 0.000883476575837, 0.000792353996076, 0.00137689698022, 0.000725201854948, 0.000618210528046, 0.000898365513422, 0.000777412729803, 0.00062909751432, 0.000498081557453, 0.000388304324588, 0.000291368633043, 0.000169601931702, 0.000141450203955, 0.000127456150949, 9.17252618819e-05, 5.90915296925e-05, 4.04277125199e-05, 2.79062387563e-05, 2.04299558391e-05, 1.31905990202e-05, 4.12010786022e-06],
        "dmean2": [0.000688340107445, 0.0101505825296, 0.0101917358115, 0.00709923217073, 0.00586680136621, 0.00132208503783, 0.00140964682214, 0.00132421974558, 0.00213811919093, 0.00118043844122, 0.000974191410933, 0.0013943730155, 0.00123747705948, 0.00100577669218, 0.000805315445177, 0.000647612265311, 0.000473007239634, 0.000274911843007, 0.000228295961278, 0.000198884677957, 0.000145306505146, 9.26472712308e-05, 6.50288202451e-05, 4.39578107034e-05, 3.28776877723e-05, 2.1617855964e-05, 7.27744372853e-06],
        "dvar": [6.55961400753e-07, 0.00014184344036, 0.000164662415045, 8.52631565067e-05, 5.73359939153e-05, 1.98748944058e-06, 2.48451715379e-06, 2.17755018639e-06, 4.78481933897e-06, 2.25662006414e-06, 1.6199202264e-06, 2.54169344771e-06, 2.80830045085e-06, 1.26971428926e-06, 9.04186720163e-07, 5.92919661813e-07, 2.94112510346e-07, 7.91716132653e-08, 5.10706357204e-08, 4.45151542294e-08, 2.46593820918e-08, 1.20398597758e-08, 5.92706772551e-09, 2.42315767451e-09, 1.81441217606e-09, 1.22332977082e-09, 2.44590098175e-10],
        "dvar2": [1.6832914298e-06, 0.000299419945804, 0.000456539273728, 0.000242258058279, 0.00016175993369, 4.94447749588e-06, 5.84865483688e-06, 5.33246839041e-06, 1.07226405817e-05, 5.14532212037e-06, 3.50363006874e-06, 5.64289575777e-06, 6.69585779178e-06, 3.01099544231e-06, 2.2340166197e-06, 1.44398200064e-06, 7.06981438725e-07, 1.91447384168e-07, 1.25523285988e-07, 9.65898507843e-08, 6.11859647393e-08, 2.77373164437e-08, 1.50141108435e-08, 5.65110802597e-09, 4.73410688429e-09, 3.25036730864e-09, 6.98771374097e-10],
        "max": [0.00959030725062, 0.109969615936, 0.116456829011, 0.0869015306234, 0.0734629184008, 0.0217531379312, 0.019978703931, 0.0253180935979, 0.0328138433397, 0.0337309278548, 0.0288535766304, 0.0286226663738, 0.030332731083, 0.016834994778, 0.0167236328125, 0.0131479809061, 0.00811469182372, 0.00432561663911, 0.00246796594001, 0.00269785802811, 0.00200620130636, 0.00260176602751, 0.000827815150842, 0.000518432119861, 0.000472481362522, 0.000461131246993, 0.000220690431888],
        "mean": [0.000548681069631, 0.0123109836131, 0.00727632269263, 0.0048904507421, 0.00403275340796, 0.00135476817377, 0.00120150158182, 0.00105959537905, 0.00228240806609, 0.00106995506212, 0.000919747515582, 0.00136570225004, 0.00105257343967, 0.000874580873642, 0.000691028253641, 0.000452669977676, 0.000363263970939, 0.000259019521764, 0.000230739693507, 0.000221349677304, 0.00016470142873, 0.000102146092104, 6.8188237492e-05, 4.83378134959e-05, 3.27929628838e-05, 2.11874757952e-05, 4.35947004007e-06],
        "median": [0.000103269529063, 0.00730085046962, 0.00335752475075, 0.00231412099674, 0.0021806540899, 0.000681792502292, 0.000438060902525, 0.000392725283746, 0.00116248533595, 0.000297453982057, 0.000266030547209, 0.00049798656255, 0.00033136017737, 0.000269780139206, 0.000258924934315, 0.00015470010112, 0.0001542022801, 0.000131296910695, 0.000129576263134, 0.000112477217044, 8.94764816621e-05, 5.14812745678e-05, 3.1556468457e-05, 1.90715236386e-05, 1.2745085769e-05, 5.42240150025e-06, 2.97187398246e-07],
        "min": [7.36306313788e-26, 2.03194279207e-24, 1.27164949846e-24, 6.18451172475e-25, 8.64275692216e-24, 9.29671551284e-24, 9.80391520957e-24, 7.68366535562e-24, 9.08198284127e-24, 1.07917410346e-23, 1.70585333183e-23, 3.09266417678e-23, 4.01497352589e-23, 3.87176750369e-23, 5.23156648907e-23, 5.89629287333e-23, 4.44688496892e-23, 9.52257033431e-23, 1.18161897271e-22, 1.99862113389e-22, 2.46819456358e-22, 3.09082998051e-22, 3.94091684183e-22, 5.90595193869e-22, 9.10941333355e-22, 1.25554081836e-21, 1.99698101002e-21],
        "var": [1.07329924504e-06, 0.000234112696489, 0.000137778159115, 6.74676921335e-05, 4.07416991948e-05, 3.30124908032e-06, 3.48096250491e-06, 3.44772342942e-06, 9.00265604287e-06, 4.91603441333e-06, 2.99520274893e-06, 4.55975214209e-06, 3.86486590287e-06, 2.10260782296e-06, 1.43178363032e-06, 7.42799727504e-07, 3.54638501676e-07, 1.22063013919e-07, 8.35243341157e-08, 9.02072869735e-08, 4.44132943755e-08, 2.14284217037e-08, 9.20235887492e-09, 4.64679761336e-09, 2.62606447698e-09, 1.67667935091e-09, 1.94231797312e-10]
    },
    "erbbands": {
        "dmean": [0.216789200902, 1.64517724514, 5.78545761108, 10.3810911179, 14.1044015884, 9.61815261841, 6.72250509262, 6.99631929398, 10.5975427628, 14.9478302002, 19.7639007568, 26.6590118408, 27.1409072876, 23.4961166382, 25.4023990631, 34.3346862793, 38.1778678894, 30.9047870636, 26.5502948761, 23.0895004272, 23.0858211517, 14.2170362473, 8.99611091614, 8.44415283203, 6.60162448883, 6.06804656982, 4.17738676071, 3.37051439285, 2.23640632629, 1.732432127, 1.05434465408, 0.657763242722, 0.436053365469, 0.267039060593, 0.123814493418, 0.0580330491066, 0.0238335803151, 0.00713664246723, 0.000677725940477, 2.42176629399e-05],
        "dmean2": [0.307263463736, 2.34610033035, 9.50970649719, 16.9817390442, 24.7442741394, 16.5551261902, 11.1853160858, 11.2302799225, 17.4113121033, 24.0239753723, 31.9338817596, 42.1230049133, 43.2918434143, 37.7040176392, 39.8384895325, 53.7748374939, 59.9639968872, 48.6858711243, 43.8327407837, 37.465587616, 37.3838348389, 23.1669158936, 14.5978536606, 13.6177177429, 10.4998788834, 9.5494146347, 6.50904035568, 5.47171020508, 3.54039549828, 2.81051373482, 1.66567480564, 1.02899062634, 0.703122794628, 0.434480279684, 0.197448015213, 0.0936937630177, 0.0391464196146, 0.0120712937787, 0.00121385243256, 3.81217396352e-05],
        "dvar": [0.16028803587, 7.38725137711, 132.664810181, 410.243804932, 1238.72314453, 396.265228271, 151.400375366, 160.897903442, 432.974578857, 703.479125977, 1264.49743652, 2075.98608398, 2660.46386719, 1939.48217773, 2138.90795898, 3592.12402344, 6910.75244141, 3225.32714844, 2468.8996582, 2310.92333984, 2231.5871582, 566.918029785, 213.705581665, 194.878692627, 113.606193542, 117.59186554, 47.0391921997, 40.8199577332, 16.6005477905, 12.3458356857, 3.6967818737, 1.36963570118, 0.615253150463, 0.266840815544, 0.075524225831, 0.0174417179078, 0.00467032101005, 0.00055614853045, 7.39325423638e-06, 1.74660241825e-09],
        "dvar2": [0.314659327269, 16.2472953796, 358.646972656, 1109.79016113, 3513.95385742, 1100.56848145, 400.518737793, 394.033508301, 1105.23913574, 1581.52856445, 2964.80883789, 4744.87109375, 6175.00488281, 4274.86181641, 4857.01074219, 8197.92675781, 16447.7714844, 7473.41650391, 6283.87353516, 5626.796875, 5271.53466797, 1396.97497559, 520.204040527, 483.903442383, 259.725616455, 272.216918945, 108.005134583, 106.673881531, 39.0968780518, 31.2699604034, 8.7783575058, 3.17791628838, 1.50592422485, 0.697194337845, 0.195801526308, 0.0441919155419, 0.0125833274797, 0.00153731706087, 2.13682305912e-05, 4.64773552977e-09],
        "max": [3.89224863052, 25.4498176575, 101.440116882, 191.192687988, 312.200866699, 248.554870605, 145.534317017, 245.066925049, 289.668579102, 512.198852539, 694.372375488, 882.152648926, 1240.61804199, 1247.63366699, 865.517028809, 1193.66564941, 1563.60424805, 1172.21057129, 1103.6270752, 883.473510742, 889.863891602, 361.318878174, 206.383361816, 177.929000854, 120.199897766, 151.921356201, 111.072349548, 77.8717041016, 91.3096923828, 63.5674667358, 19.8148612976, 11.7718791962, 9.27973556519, 6.93866062164, 3.40575885773, 1.86352264881, 0.868402600288, 0.308147907257, 0.0410776101053, 0.000603767693974],
        "mean": [0.332235366106, 2.83246922493, 7.72626304626, 13.9385156631, 16.1013755798, 12.5782442093, 9.82232284546, 11.2046890259, 14.0238246918, 21.327287674, 30.5362987518, 42.9493980408, 43.5161056519, 37.7884063721, 40.1315078735, 52.7534828186, 54.2083282471, 44.777923584, 38.6109733582, 29.6644859314, 28.401266098, 19.0338497162, 13.4626569748, 13.968044281, 11.2749290466, 10.1970090866, 7.67797136307, 5.80297517776, 3.89943814278, 2.74556422234, 1.84778344631, 1.16496729851, 0.705715477467, 0.420542895794, 0.199449375272, 0.0953855589032, 0.0370375961065, 0.00975019484758, 0.000666246924084, 5.98277911195e-05],
        "median": [0.148056909442, 1.64514458179, 4.43326282501, 7.49027299881, 7.11214876175, 7.0889954567, 5.27640008926, 5.58287572861, 5.77351236343, 8.68360614777, 13.2193222046, 21.5691699982, 19.7876758575, 16.7735404968, 18.027048111, 23.8413524628, 20.6421394348, 15.3159704208, 16.421207428, 11.530008316, 10.7570638657, 9.1402349472, 7.37529563904, 7.54484987259, 6.44231557846, 5.22326278687, 4.25799560547, 3.00025749207, 1.99012732506, 1.27644765377, 0.854149878025, 0.445234894753, 0.301472604275, 0.169238075614, 0.0715853646398, 0.0294003598392, 0.00795663427562, 0.00146224000491, 6.55065014143e-05, 5.34025530214e-05],
        "min": [1.62077758621e-22, 5.27580025505e-22, 1.14877242021e-21, 7.17121485555e-21, 9.70577380059e-21, 2.78475587718e-20, 3.8155818942e-20, 1.10346992314e-19, 1.49158435902e-19, 2.31568592099e-19, 3.91057647897e-19, 3.21907209844e-19, 3.11689616423e-19, 5.84207526253e-19, 7.71920553237e-19, 1.3777803592e-18, 2.02403175637e-18, 2.60123094319e-18, 2.54460546717e-18, 3.30092627294e-18, 3.21231827213e-18, 3.96433505037e-18, 5.01669862749e-18, 5.70543360733e-18, 8.76280233917e-18, 8.91970940238e-18, 9.75463490701e-18, 8.16860955385e-18, 1.2564586473e-17, 1.05581589812e-17, 1.18176258363e-17, 1.00110584154e-17, 1.0738705212e-17, 7.92424137575e-18, 7.024963701e-18, 4.01877346085e-18, 2.27780084214e-18, 1.00042449287e-18, 2.39589659101e-19, 2.82353836945e-20],
        "var": [0.257431894541, 12.1355018616, 120.766777039, 381.905914307, 868.414306641, 334.644073486, 190.507247925, 261.79901123, 508.373382568, 1166.09143066, 2248.22314453, 3611.06982422, 4765.59375, 4390.59960938, 3640.30639648, 6056.578125, 9460.79003906, 5808.71679688, 3691.15673828, 2839.53076172, 2805.55859375, 717.455932617, 294.912628174, 319.57635498, 198.630081177, 207.194274902, 98.8167572021, 60.6122703552, 29.0966186523, 17.6220111847, 6.61186552048, 2.75817608833, 0.993231475353, 0.399353533983, 0.108768463135, 0.028028216213, 0.00582452630624, 0.000576317775995, 5.32187459612e-06, 2.0348305263e-09]
    },
    "gfcc": {
        "mean": [-13.7285995483, 116.68183136, -114.719642639, 29.4736061096, -41.8139228821, 19.2965888977, -22.3347244263, 5.80432415009, -21.1229839325, -0.119056291878, -17.3672599792, -5.35156583786, -12.1551275253],
        "cov": [[25417.7148438, -1005.13067627, -1649.29382324, 961.249816895, -1315.44763184, 591.885925293, -863.731018066, 435.455230713, -828.938659668, 194.948501587, -590.721679688, 276.144165039, -326.424743652], [-1005.13067627, 2856.69750977, 9.40340614319, -409.681396484, 489.270629883, -237.383270264, 270.656951904, -357.673339844, 286.313262939, -201.430786133, 226.020462036, -228.514022827, 189.774978638], [-1649.29382324, 9.40340614319, 700.342285156, 71.7298812866, 74.361114502, 1.04643630981, 48.1022071838, -5.01436376572, 3.09363031387, 11.1039419174, 30.3697223663, 40.0317878723, 21.3137969971], [961.249816895, -409.681396484, 71.7298812866, 484.233398438, -108.848487854, 79.8285522461, -18.3211860657, 81.97996521, -60.7636680603, -1.20820224285, -42.9688568115, 12.8035087585, -14.2633800507], [-1315.44763184, 489.270629883, 74.361114502, -108.848487854, 340.195709229, -24.9436626434, 94.1952056885, -51.495223999, 121.56438446, 4.24164199829, 71.392906189, -35.1879844666, 41.8951034546], [591.885925293, -237.383270264, 1.04643630981, 79.8285522461, -24.9436626434, 190.297119141, -2.45583462715, 54.3346481323, -34.7032546997, 33.3670845032, -21.4347381592, 29.0502357483, -12.3621034622], [-863.731018066, 270.656951904, 48.1022071838, -18.3211860657, 94.1952056885, -2.45583462715, 178.378936768, -3.9092297554, 62.9332122803, -25.7581596375, 53.8283157349, -21.4836406708, 31.6812057495], [435.455230713, -357.673339844, -5.01436376572, 81.97996521, -51.495223999, 54.3346481323, -3.9092297554, 170.943283081, 5.30598783493, 38.3142318726, -42.5327148438, 29.0829906464, -26.6431179047], [-828.938659668, 286.313262939, 3.09363031387, -60.7636680603, 121.56438446, -34.7032546997, 62.9332122803, 5.30598783493, 159.046386719, 23.8172893524, 53.5017280579, -30.9083690643, 31.060131073], [194.948501587, -201.430786133, 11.1039419174, -1.20820224285, 4.24164199829, 33.3670845032, -25.7581596375, 38.3142318726, 23.8172893524, 109.149291992, 22.7049999237, 38.5645675659, -16.4217014313], [-590.721679688, 226.020462036, 30.3697223663, -42.9688568115, 71.392906189, -21.4347381592, 53.8283157349, -42.5327148438, 53.5017280579, 22.7049999237, 111.233703613, 18.0200767517, 30.9668369293], [276.144165039, -228.514022827, 40.0317878723, 12.8035087585, -35.1879844666, 29.0502357483, -21.4836406708, 29.0829906464, -30.9083690643, 38.5645675659, 18.0200767517, 105.749214172, 16.0631599426], [-326.424743652, 189.774978638, 21.3137969971, -14.2633800507, 41.8951034546, -12.3621034622, 31.6812057495, -26.6431179047, 31.060131073, -16.4217014313, 30.9668369293, 16.0631599426, 89.6975860596]],
        "icov": [[0.000164110271726, -0.000443548749899, 0.000373884075088, -0.000369043089449, 0.000367536733393, -0.000238726686803, 0.000358994991984, -0.000396723800804, 0.000658020668197, -0.000821411726065, 0.000783393450547, -0.000822007365059, 0.000437431415776], [-0.000443548749899, 0.00224603549577, -0.00101498363074, 0.00135975109879, -0.0014600410359, 0.00071341387229, -0.00112552626524, 0.00196123798378, -0.00245452579111, 0.00353543227538, -0.00327657419257, 0.00366364070214, -0.00217607035302], [0.000373884075088, -0.00101498363074, 0.00244539743289, -0.00121543637943, 0.000342830695445, -0.000304694491206, 0.000364064530004, -0.000710558670107, 0.00175476621371, -0.00205953372642, 0.0019107965054, -0.00269926618785, 0.0010309596546], [-0.000369043089449, 0.00135975109879, -0.00121543637943, 0.003575992072, -0.000370021094568, -0.000225093754125, -0.000772197148763, -1.79718372237e-05, -0.0010098873172, 0.00257470901124, -0.00249167857692, 0.00318625778891, -0.00184251449537], [0.000367536733393, -0.0014600410359, 0.000342830695445, -0.000370021094568, 0.00596836954355, -0.00120374443941, -0.000209833553527, -0.000152049469762, -0.00101497711148, -0.00266207987443, 0.00170064484701, -0.00164120516274, 0.000932542199735], [-0.000238726686803, 0.00071341387229, -0.000304694491206, -0.000225093754125, -0.00120374443941, 0.00720801856369, -0.00176550156903, -0.000525502837263, 0.00112300179899, -0.00125276448671, -4.0871168494e-06, 0.000658564036712, -0.00105316657573], [0.000358994991984, -0.00112552626524, 0.000364064530004, -0.000772197148763, -0.000209833553527, -0.00176550156903, 0.00994697771966, -0.00326370680705, 0.000129348569317, 0.00201310636476, -0.00296463700943, -0.000309986848151, 0.000253204227192], [-0.000396723800804, 0.00196123798378, -0.000710558670107, -1.79718372237e-05, -0.000152049469762, -0.000525502837263, -0.00326370680705, 0.0120892822742, -0.00620679510757, 0.000751708168536, 0.00309764686972, -0.00107511423994, 0.000725055811927], [0.000658020668197, -0.00245452579111, 0.00175476621371, -0.0010098873172, -0.00101497711148, 0.00112300179899, 0.000129348569317, -0.00620679510757, 0.0170263554901, -0.00869616586715, -0.000122189230751, 0.00200344761834, -0.00205478142016], [-0.000821411726065, 0.00353543227538, -0.00205953372642, 0.00257470901124, -0.00266207987443, -0.00125276448671, 0.00201310636476, 0.000751708168536, -0.00869616586715, 0.0219715815037, -0.0100273024291, 0.000861949461978, 0.00135376385879], [0.000783393450547, -0.00327657419257, 0.0019107965054, -0.00249167857692, 0.00170064484701, -4.0871168494e-06, -0.00296463700943, 0.00309764686972, -0.000122189230751, -0.0100273024291, 0.0231087133288, -0.0111044496298, 0.00232245237567], [-0.000822007365059, 0.00366364070214, -0.00269926618785, 0.00318625778891, -0.00164120516274, 0.000658564036712, -0.000309986848151, -0.00107511423994, 0.00200344761834, 0.000861949461978, -0.0111044496298, 0.0233172476292, -0.00982510298491], [0.000437431415776, -0.00217607035302, 0.0010309596546, -0.00184251449537, 0.000932542199735, -0.00105316657573, 0.000253204227192, 0.000725055811927, -0.00205478142016, 0.00135376385879, 0.00232245237567, -0.00982510298491, 0.018268737942]]
    },
    "melbands": {
        "dmean": [0.00194296659902, 0.00246157124639, 0.00185457756743, 0.000866145594046, 0.000253267644439, 0.000156060210429, 0.00016647708253, 0.00016166822752, 0.000174496584805, 0.000179156952072, 0.000138072107802, 9.71036206465e-05, 9.09585141926e-05, 8.86263442226e-05, 0.000111443579954, 6.75994087942e-05, 5.78293875151e-05, 4.51855812571e-05, 3.53235227522e-05, 2.76842911262e-05, 2.77209510386e-05, 1.67738344317e-05, 9.09075151867e-06, 9.32684633881e-06, 6.98085659678e-06, 5.24849247086e-06, 4.61616673419e-06, 4.2671713345e-06, 2.95894119517e-06, 2.33915193348e-06, 1.95157463168e-06, 1.3533440324e-06, 1.12537873065e-06, 9.55493419497e-07, 6.68267830406e-07, 4.84331337702e-07, 3.88822684272e-07, 3.08277037675e-07, 3.10410399607e-07, 2.08029661053e-07],
        "dmean2": [0.00279794004746, 0.00369200971909, 0.00301520363428, 0.00151931832079, 0.000426425307523, 0.000249922362855, 0.000270179472864, 0.000262359419139, 0.000278741063084, 0.000282429682557, 0.000220134534175, 0.000156081005116, 0.000142527671414, 0.000139265015605, 0.000175344495801, 0.00010602632392, 9.16221979423e-05, 7.51891639084e-05, 5.72524913878e-05, 4.58438807982e-05, 4.51347732451e-05, 2.73862915492e-05, 1.48921626533e-05, 1.51063013618e-05, 1.13516116471e-05, 8.35544597066e-06, 7.38099379305e-06, 6.77245316183e-06, 4.67707377538e-06, 3.75282616005e-06, 3.21991751662e-06, 2.15726959141e-06, 1.80221775281e-06, 1.58248133175e-06, 1.06055938431e-06, 7.70571318753e-07, 6.16669979081e-07, 4.98272015648e-07, 5.14586872669e-07, 3.40058562642e-07],
        "dvar": [1.18525686048e-05, 1.67192556546e-05, 1.35641857923e-05, 4.08878577218e-06, 2.11246032222e-07, 7.62631557905e-08, 9.75211875698e-08, 7.98543169367e-08, 9.18571458897e-08, 8.68013074751e-08, 6.81588900875e-08, 3.53883073956e-08, 3.42611947701e-08, 2.77265872484e-08, 4.91499143607e-08, 1.77366441534e-08, 1.14600391399e-08, 7.78132314139e-09, 5.05799224726e-09, 2.91701685029e-09, 3.42202688408e-09, 8.60295001903e-10, 3.12600362262e-10, 2.9380087252e-10, 1.43276057685e-10, 6.72020911141e-11, 5.77374953403e-11, 6.1303365162e-11, 2.24003697535e-11, 1.47937686407e-11, 1.52252880442e-11, 5.43135415115e-12, 5.77029396487e-12, 3.58605094404e-12, 1.48704258542e-12, 7.72325074987e-13, 4.72777741435e-13, 2.88815710714e-13, 3.91740649251e-13, 1.60419827379e-13],
        "dvar2": [2.45845549216e-05, 4.16117763962e-05, 3.61739912478e-05, 1.1576331417e-05, 5.72012368139e-07, 1.88801436707e-07, 2.43674577405e-07, 1.8674380442e-07, 2.11921545201e-07, 2.00293698072e-07, 1.58167949849e-07, 7.78333344442e-08, 7.48785851101e-08, 6.17351787469e-08, 1.14955376773e-07, 4.0889947428e-08, 2.65137565236e-08, 1.94894056449e-08, 1.2384992587e-08, 7.12327752339e-09, 8.03716293518e-09, 2.10533523948e-09, 7.7907341689e-10, 7.04550251474e-10, 3.61547208838e-10, 1.56031923493e-10, 1.25792390393e-10, 1.46918949229e-10, 5.27924960692e-11, 3.59087100332e-11, 4.09595794781e-11, 1.28334964183e-11, 1.37688688576e-11, 9.43019880933e-12, 3.55832290716e-12, 1.84351015356e-12, 1.10625386889e-12, 6.96361262924e-13, 1.04706120076e-12, 4.15315785235e-13],
        "max": [0.0328990034759, 0.039933193475, 0.0350346975029, 0.0173637103289, 0.00577630475163, 0.00503172539175, 0.00445478688926, 0.00465800240636, 0.00531825423241, 0.00486164959148, 0.00615715235472, 0.00554744387046, 0.00422897562385, 0.00278753624298, 0.00455893343315, 0.00206741923466, 0.00196656933986, 0.00171639060136, 0.00127792265266, 0.00097631488461, 0.00105596939102, 0.000511708669364, 0.000360281206667, 0.000332468393026, 0.000162635333254, 0.000101799283584, 8.45331305754e-05, 0.00011782888032, 7.17670482118e-05, 4.65445118607e-05, 4.74338194181e-05, 4.69102233183e-05, 6.46672560833e-05, 2.18970544665e-05, 1.28940337163e-05, 1.17580711958e-05, 7.77034620114e-06, 6.04220895184e-06, 7.36635320209e-06, 6.82898962623e-06],
        "mean": [0.00323010818101, 0.0040890541859, 0.0025487577077, 0.00102879456244, 0.000374225346604, 0.000252668978646, 0.000225233059609, 0.000226058124099, 0.000273810612271, 0.000285662099486, 0.000218506349484, 0.000152837848873, 0.000139552605106, 0.000129972962895, 0.000159526520292, 9.41231992329e-05, 8.16641331767e-05, 6.28476554994e-05, 4.77171233797e-05, 3.24975699186e-05, 3.29723879986e-05, 2.15564832615e-05, 1.15881102829e-05, 1.37994375109e-05, 1.09269658424e-05, 8.65203583089e-06, 7.37984964871e-06, 6.75168530506e-06, 5.06878814122e-06, 3.9296101022e-06, 3.13323062073e-06, 2.29857346312e-06, 1.74899128069e-06, 1.44143996295e-06, 1.12034399535e-06, 8.20818740976e-07, 6.64026629238e-07, 4.86564033508e-07, 4.5143659122e-07, 3.24946427099e-07],
        "median": [0.00181114277802, 0.00270771374926, 0.00146918999963, 0.000526175019331, 0.000229467332247, 0.000127109029563, 9.65422223089e-05, 9.14437696338e-05, 0.00011197286949, 0.000143644676427, 9.45980209508e-05, 6.0173249949e-05, 5.28268647031e-05, 4.56751549791e-05, 5.63549438084e-05, 2.83167864836e-05, 2.38667907979e-05, 2.36789310293e-05, 1.65764849953e-05, 1.07005334939e-05, 1.11546023618e-05, 9.17663692235e-06, 5.11596317665e-06, 6.60455179968e-06, 5.27054726263e-06, 4.80814424009e-06, 3.53155928678e-06, 3.24242023453e-06, 2.66156416728e-06, 2.01232523978e-06, 1.52298673584e-06, 1.12726218049e-06, 7.95597657088e-07, 6.31455748135e-07, 5.02657655943e-07, 3.37226367719e-07, 2.34454944348e-07, 2.09591746625e-07, 1.75739117481e-07, 1.30753932126e-07],
        "min": [2.34359905597e-24, 6.30657858211e-25, 1.39227747353e-24, 1.54406170726e-24, 1.22669625977e-24, 2.09932295186e-24, 2.5408935628e-24, 1.82546614152e-24, 3.01182321005e-24, 1.81066632208e-24, 1.15000251231e-24, 2.31638907399e-24, 2.27618339744e-24, 2.95892081724e-24, 2.50360509389e-24, 3.90183619927e-24, 4.51006057897e-24, 3.63681048955e-24, 2.90011242005e-24, 4.71250989738e-24, 2.96140040428e-24, 2.20989817659e-24, 3.64881734696e-24, 4.01402484177e-24, 3.36044884863e-24, 4.7785718706e-24, 4.63435192548e-24, 4.06202387241e-24, 5.56502280576e-24, 3.76546226471e-24, 4.32403850005e-24, 6.70622251784e-24, 3.98322534545e-24, 4.86033059811e-24, 5.76282849445e-24, 5.80305842846e-24, 5.92044605876e-24, 6.71240955392e-24, 6.28375160992e-24, 5.77643752835e-24],
        "var": [1.83960910363e-05, 2.2069671104e-05, 1.23682129924e-05, 2.85210535367e-06, 2.32431816016e-07, 1.23102054772e-07, 1.18102825297e-07, 1.25904321635e-07, 1.6811689818e-07, 1.50833798784e-07, 1.24686735603e-07, 8.33337949757e-08, 6.15552053773e-08, 4.63285410035e-08, 7.84323859193e-08, 2.81649104039e-08, 2.08972217308e-08, 1.14729852285e-08, 7.91477638984e-09, 3.95815558107e-09, 4.21215506918e-09, 1.13358211706e-09, 3.49598960891e-10, 4.40932956813e-10, 2.2625942786e-10, 1.18876866684e-10, 1.04184008642e-10, 1.00320876606e-10, 4.37691757837e-11, 2.67996666525e-11, 2.01863074867e-11, 9.78027988457e-12, 8.57886331418e-12, 4.74570469727e-12, 2.53150733882e-12, 1.39132997658e-12, 9.40026268631e-13, 4.61245082926e-13, 5.04664452589e-13, 2.43527013876e-13]
    },
    "mfcc": {
        "mean": [-648.066162109, 142.115356445, -2.51599359512, 22.1014022827, 4.25263261795, 15.3188562393, 9.26053524017, 7.71028184891, 4.63301897049, 5.07307386398, 1.29696714878, -0.035066369921, -2.55127739906],
        "cov": [[11188.1162109, -703.774475098, -601.733703613, 147.798141479, -221.459869385, -46.9962348938, -103.095741272, 16.1688747406, 5.94186115265, 2.31155920029, -123.50970459, -62.4269447327, -55.441532135], [-703.774475098, 2271.4140625, 72.7982940674, -53.4193191528, 137.511367798, 98.2951507568, 19.1315002441, -37.0487518311, -22.0254993439, -4.71734237671, 53.0538711548, -0.146852120757, -11.0756053925], [-601.733703613, 72.7982940674, 488.880645752, 117.539916992, 38.2761955261, 35.8405227661, 42.195941925, 29.2648544312, 1.02045297623, -11.3958845139, -19.004781723, 15.3019828796, 23.86876297], [147.798141479, -53.4193191528, 117.539916992, 290.43170166, 31.6211395264, 17.9180908203, 29.3866767883, 40.0345954895, 23.3620815277, 17.9030208588, 0.817298591137, -5.05481910706, -0.344033122063], [-221.459869385, 137.511367798, 38.2761955261, 31.6211395264, 166.770263672, 51.8017158508, 2.68533396721, -6.73847532272, 17.2931594849, 20.3488883972, 26.2890033722, 17.2485046387, 10.1469068527], [-46.9962348938, 98.2951507568, 35.8405227661, 17.9180908203, 51.8017158508, 129.914550781, 52.555141449, 8.74353981018, 2.06149029732, 6.99486207962, 15.5161399841, 11.9654741287, 10.0730981827], [-103.095741272, 19.1315002441, 42.195941925, 29.3866767883, 2.68533396721, 52.555141449, 109.25843811, 43.9699172974, 2.28557062149, 0.709535419941, 2.30463933945, 3.22924613953, -3.56165385246], [16.1688747406, -37.0487518311, 29.2648544312, 40.0345954895, -6.73847532272, 8.74353981018, 43.9699172974, 99.596031189, 41.0679931641, 12.9552125931, 5.51787424088, 1.0143597126, -2.37766671181], [5.94186115265, -22.0254993439, 1.02045297623, 23.3620815277, 17.2931594849, 2.06149029732, 2.28557062149, 41.0679931641, 86.6684036255, 42.0351409912, 11.0226783752, -2.45117473602, -8.32621669769], [2.31155920029, -4.71734237671, -11.3958845139, 17.9030208588, 20.3488883972, 6.99486207962, 0.709535419941, 12.9552125931, 42.0351409912, 92.0524291992, 45.5434494019, 1.34030389786, -9.30310344696], [-123.50970459, 53.0538711548, -19.004781723, 0.817298591137, 26.2890033722, 15.5161399841, 2.30463933945, 5.51787424088, 11.0226783752, 45.5434494019, 90.7479858398, 41.2266082764, -0.744308412075], [-62.4269447327, -0.146852120757, 15.3019828796, -5.05481910706, 17.2485046387, 11.9654741287, 3.22924613953, 1.0143597126, -2.45117473602, 1.34030389786, 41.2266082764, 96.1113739014, 45.4772338867], [-55.441532135, -11.0756053925, 23.86876297, -0.344033122063, 10.1469068527, 10.0730981827, -3.56165385246, -2.37766671181, -8.32621669769, -9.30310344696, -0.744308412075, 45.4772338867, 103.145355225]],
