{
"lowlevel": {
    "average_loudness": 0.878419816494,
    "barkbands_crest": {
        "dmean": 2.7778544426,
        "dmean2": 4.16540813446,
        "dvar": 6.40533208847,
        "dvar2": 14.7067728043,
        "max": 26.286157608,
        "mean": 11.381231308,
        "median": 10.6689510345,
        "min": 2.041690588,
        "var": 28.4272556305
    },
    "barkbands_flatness_db": {
        "dmean": 0.0339960306883,
        "dmean2": 0.0479948632419,
        "dvar": 0.00179226789623,
        "dvar2": 0.00321957562119,
        "max": 0.716724157333,
        "mean": 0.182556882501,
        "median": 0.162709251046,
        "min": 0.017155688256,
        "var": 0.0111789247021
    },
    "barkbands_kurtosis": {
        "dmean": 10.9971227646,
        "dmean2": 16.9202671051,
        "dvar": 1189.63513184,
        "dvar2": 2389.70556641,
        "max": 981.883483887,
        "mean": 16.359003067,
        "median": 4.31342554092,
        "min": -1.87322449684,
        "var": 2184.1809082
    },
    "barkbands_skewness": {
        "dmean": 0.952416419983,
        "dmean2": 1.4013094902,
        "dvar": 1.64612865448,
        "dvar2": 3.43260574341,
        "max": 23.694185257,
        "mean": 2.35896587372,
        "median": 1.8856831789,
        "min": -3.33983564377,
        "var": 6.07766819
    },
    "barkbands_spread": {
        "dmean": 6.34891223907,
        "dmean2": 9.4767370224,
        "dvar": 63.1309394836,
        "dvar2": 136.059692383,
        "max": 143.140304565,
        "mean": 18.4753055573,
        "median": 15.020116806,
        "min": 0.0626963451505,
        "var": 224.791534424
    },
    "dissonance": {
        "dmean": 0.0176470130682,
        "dmean2": 0.0293288938701,
        "dvar": 0.000464858632768,
        "dvar2": 0.0012689040741,
        "max": 0.5,
        "mean": 0.468950778246,
        "median": 0.479205101728,
        "min": 0.113562054932,
        "var": 0.00108648592141
    },
    "dynamic_complexity": 5.04061603546,
    "erbbands_crest": {
        "dmean": 2.46701192856,
        "dmean2": 4.00584125519,
        "dvar": 6.5339756012,
        "dvar2": 15.630153656,
        "max": 30.6201515198,
        "mean": 7.67836380005,
        "median": 6.36669588089,
        "min": 2.28428936005,
        "var": 17.8738422394
    },
    "erbbands_flatness_db": {
        "dmean": 0.0204300954938,
        "dmean2": 0.0295814536512,
        "dvar": 0.000605139241088,
        "dvar2": 0.00114749337081,
        "max": 0.461647063494,
        "mean": 0.16847255826,
        "median": 0.153833448887,
        "min": 0.0534477978945,
        "var": 0.00410298770294
    },
    "erbbands_kurtosis": {
        "dmean": 1.75606071949,
        "dmean2": 2.84904694557,
        "dvar": 31.2096290588,
        "dvar2": 69.5766067505,
        "max": 151.479751587,
        "mean": 1.24973130226,
        "median": -0.293390512466,
        "min": -1.81836664677,
        "var": 51.7435836792
    },
    "erbbands_skewness": {
        "dmean": 0.503418505192,
        "dmean2": 0.773418009281,
        "dvar": 0.373195439577,
        "dvar2": 0.81552106142,
        "max": 10.3235702515,
        "mean": 0.35839164257,
        "median": 0.175729483366,
        "min": -5.06046009064,
        "var": 1.24461269379
    },
    "erbbands_spread": {
        "dmean": 10.0094385147,
        "dmean2": 15.2536611557,
        "dvar": 108.218658447,
        "dvar2": 249.359069824,
        "max": 159.68031311,
        "mean": 41.5846557617,
        "median": 40.2039871216,
        "min": 0.896833598614,
        "var": 420.383636475
    },
    "hfc": {
        "dmean": 6.98009777069,
        "dmean2": 10.0008764267,
        "dvar": 99.6925048828,
        "dvar2": 222.417114258,
        "max": 106.887252808,
        "mean": 14.3749389648,
        "median": 10.8090162277,
        "min": 1.07016346165e-16,
        "var": 193.869400024
    },
    "melbands_crest": {
        "dmean": 3.77388429642,
        "dmean2": 5.84741640091,
        "dvar": 12.5020189285,
        "dvar2": 28.1563415527,
        "max": 38.1157951355,
        "mean": 17.9190177917,
        "median": 16.2195281982,
        "min": 1.49039649963,
        "var": 77.3525772095
    },
    "melbands_flatness_db": {
        "dmean": 0.041986066848,
        "dmean2": 0.0579754784703,
        "dvar": 0.00261161895469,
        "dvar2": 0.00460640108213,
        "max": 0.852475345135,
        "mean": 0.248603716493,
        "median": 0.232202991843,
        "min": 0.00254641729407,
        "var": 0.0183011740446
    },
    "melbands_kurtosis": {
        "dmean": 24.2591094971,
        "dmean2": 38.0993614197,
        "dvar": 4929.99804688,
        "dvar2": 12043.4208984,
        "max": 1614.61865234,
        "mean": 39.4477996826,
        "median": 13.4769935608,
        "min": -1.90376782417,
        "var": 7704.38818359
    },
    "melbands_skewness": {
        "dmean": 1.28967797756,
        "dmean2": 1.92698049545,
        "dvar": 3.30143809319,
        "dvar2": 7.36206579208,
        "max": 31.0277690887,
        "mean": 3.85785984993,
        "median": 3.05226397514,
        "min": -3.84808588028,
        "var": 10.9098234177
    },
    "melbands_spread": {
        "dmean": 8.16434001923,
        "dmean2": 12.1960172653,
        "dvar": 133.630615234,
        "dvar2": 287.091094971,
        "max": 204.252044678,
        "mean": 22.0444107056,
        "median": 12.4093446732,
        "min": 0.0788612291217,
        "var": 667.049804688
    },
    "pitch_salience": {
        "dmean": 0.0888800770044,
        "dmean2": 0.136828586459,
        "dvar": 0.0073791150935,
        "dvar2": 0.0170859321952,
        "max": 0.991686582565,
        "mean": 0.530898332596,
        "median": 0.569114089012,
        "min": 0.0568748228252,
        "var": 0.0339594855905
    },
    "silence_rate_20dB": {
        "dmean": 0,
        "dmean2": 0,
        "dvar": 0,
        "dvar2": 0,
        "max": 1,
        "mean": 1,
        "median": 1,
        "min": 1,
        "var": 0
    },
    "silence_rate_30dB": {
        "dmean": 0.0632183924317,
        "dmean2": 0.126450762153,
        "dvar": 0.059219095856,
        "dvar2": 0.1215140149,
        "max": 1,
        "mean": 0.874461293221,
        "median": 1,
        "min": 0,
        "var": 0.10977242887
    },
    "silence_rate_60dB": {
        "dmean": 0.0413351021707,
        "dmean2": 0.0826793387532,
        "dvar": 0.0396268106997,
        "dvar2": 0.0924243107438,
        "max": 1,
        "mean": 0.17162117362,
        "median": 0,
        "min": 0,
        "var": 0.142177373171
    },
    "spectral_centroid": {
        "dmean": 343.971038818,
        "dmean2": 505.35824585,
        "dvar": 163632.734375,
        "dvar2": 341966.15625,
        "max": 11901.2080078,
        "mean": 1486.96728516,
        "median": 1218.05334473,
        "min": 69.8246231079,
        "var": 2058594.25
    },
    "spectral_complexity": {
        "dmean": 5.22502231598,
        "dmean2": 7.37946271896,
        "dvar": 38.3966369629,
        "dvar2": 72.1357192993,
        "max": 55,
        "mean": 16.6280250549,
        "median": 14,
        "min": 0,
        "var": 156.149291992
    },
    "spectral_decrease": {
        "dmean": 4.17457490798e-09,
        "dmean2": 6.02121952298e-09,
        "dvar": 7.18856745302e-17,
        "dvar2": 1.77204348294e-16,
        "max": 2.23644955525e-28,
        "mean": -1.04282120716e-08,
        "median": -6.01397776023e-09,
        "min": -9.26983929617e-08,
        "var": 1.62339661223e-16
    },
    "spectral_energy": {
        "dmean": 0.016205791384,
        "dmean2": 0.0233793687075,
        "dvar": 0.00104969507083,
        "dvar2": 0.00258540688083,
        "max": 0.354828834534,
        "mean": 0.0406622439623,
        "median": 0.0243329592049,
        "min": 9.91062459461e-21,
        "var": 0.00236682221293
    },
    "spectral_energyband_high": {
        "dmean": 0.000406520324759,
        "dmean2": 0.000618140446022,
        "dvar": 5.92628396134e-07,
        "dvar2": 1.41992040881e-06,
        "max": 0.00775175075978,
        "mean": 0.000555943115614,
        "median": 0.000233930768445,
        "min": 7.07524251745e-21,
        "var": 7.28992347376e-07
    },
    "spectral_energyband_low": {
        "dmean": 0.0116879744455,
        "dmean2": 0.0175628885627,
        "dvar": 0.00087381398771,
        "dvar2": 0.0021667748224,
        "max": 0.328230857849,
        "mean": 0.0264175701886,
        "median": 0.00626183114946,
        "min": 1.27685688762e-23,
        "var": 0.00191103934776
    },
    "spectral_energyband_middle_high": {
        "dmean": 0.001749381423,
        "dmean2": 0.00252534355968,
        "dvar": 8.39880522108e-06,
        "dvar2": 1.6711288481e-05,
        "max": 0.0915084704757,
        "mean": 0.00324304448441,
        "median": 0.00172260764521,
        "min": 1.11045604502e-21,
        "var": 2.0974994186e-05
    },
    "spectral_energyband_middle_low": {
        "dmean": 0.00786808598787,
        "dmean2": 0.0123406965286,
        "dvar": 0.000297360646073,
        "dvar2": 0.000814435014036,
        "max": 0.181348875165,
        "mean": 0.0121315401047,
        "median": 0.00560231134295,
        "min": 1.73424771747e-22,
        "var": 0.000330233684508
    },
    "spectral_entropy": {
        "dmean": 0.230083167553,
        "dmean2": 0.337256193161,
        "dvar": 0.0998908355832,
        "dvar2": 0.201673492789,
        "max": 9.82091808319,
        "mean": 7.50348520279,
        "median": 7.70211172104,
        "min": 3.86418056488,
        "var": 0.618383407593
    },
    "spectral_flux": {
        "dmean": 0.0312809050083,
        "dmean2": 0.0464949831367,
        "dvar": 0.002868847223,
        "dvar2": 0.00461265724152,
        "max": 0.568488299847,
        "mean": 0.0903648138046,
        "median": 0.0741250365973,
        "min": 6.30776056387e-11,
        "var": 0.00660108448938
    },
    "spectral_kurtosis": {
        "dmean": 3.52079749107,
        "dmean2": 5.68050765991,
        "dvar": 98.3166885376,
        "dvar2": 214.319946289,
        "max": 288.0184021,
        "mean": 7.25324201584,
        "median": 3.14629268646,
        "min": -1.2633985281,
        "var": 244.631317139
    },
    "spectral_rms": {
        "dmean": 0.00109894236084,
        "dmean2": 0.0014691806864,
        "dvar": 2.50604375651e-06,
        "dvar2": 5.42685347682e-06,
        "max": 0.0186057649553,
        "mean": 0.00521993543953,
        "median": 0.00487231696025,
        "min": 3.10948575916e-12,
        "var": 1.24227826745e-05
    },
    "spectral_rolloff": {
        "dmean": 486.789001465,
        "dmean2": 758.888793945,
        "dvar": 639433.125,
        "dvar2": 1366878.625,
        "max": 19745.9472656,
        "mean": 1457.53613281,
        "median": 559.86328125,
        "min": 21.533203125,
        "var": 6517570
    },
    "spectral_skewness": {
        "dmean": 0.348357737064,
        "dmean2": 0.547749221325,
        "dvar": 0.349357277155,
        "dvar2": 0.752703845501,
        "max": 14.0407962799,
        "mean": 1.59234523773,
        "median": 1.28142440319,
        "min": -0.534608602524,
        "var": 1.59694826603
    },
    "spectral_spread": {
        "dmean": 512454.21875,
        "dmean2": 749219.8125,
        "dvar": 587111268352,
        "dvar2": 1.15497382707e+12,
        "max": 42295256,
        "mean": 4400928,
        "median": 3948602.75,
        "min": 309082.1875,
        "var": 2.01154625536e+13
    },
    "spectral_strongpeak": {
        "dmean": 0.277801126242,
        "dmean2": 0.44032278657,
        "dvar": 0.20743201673,
        "dvar2": 0.48850184679,
        "max": 10.80900383,
        "mean": 0.535517752171,
        "median": 0.325300246477,
        "min": 0,
        "var": 0.43906378746
    },
    "zerocrossingrate": {
        "dmean": 0.0111832488328,
        "dmean2": 0.0123356999829,
        "dvar": 0.000190691323951,
        "dvar2": 0.000208838711842,
        "max": 0.85693359375,
        "mean": 0.0540859587491,
        "median": 0.03662109375,
        "min": 0.0009765625,
        "var": 0.00485431263223
    },
    "barkbands": {
        "dmean": [0.000997710973024, 0.00623330008239, 0.00658981595188, 0.00361507153139, 0.00368720083497, 0.00101884780452, 0.000646083208267, 0.000415228714701, 0.000573579513002, 0.00034454165143, 0.00041767154471, 0.00021205691155, 0.000237373576965, 0.000179349401151, 0.000215594089241, 0.000220649963012, 0.000192061677808, 0.000207051009056, 0.000172615531483, 0.000142938064528, 0.000125408943859, 9.92784625851e-05, 6.49285357213e-05, 5.07807380927e-05, 2.23935603572e-05, 7.67461642681e-06, 5.53968106942e-07],
        "dmean2": [0.00117888778914, 0.00839386228472, 0.0114326346666, 0.00625505577773, 0.00551826087758, 0.00160389277153, 0.00103293952998, 0.000674077542499, 0.000929643341806, 0.000553021032829, 0.000651664973702, 0.000342496292433, 0.000382937985705, 0.000277053826721, 0.000335681223078, 0.000336472527124, 0.000293842662359, 0.000334954936989, 0.000260129600065, 0.000225302137551, 0.000198722962523, 0.000158108043252, 0.000100380042568, 7.9140321759e-05, 3.35673103109e-05, 1.13445839816e-05, 9.33764795263e-07],
        "dvar": [4.28039720646e-06, 0.00021298667707, 0.000498723762576, 0.000142701261211, 5.19749955856e-05, 6.08287837167e-06, 2.28656540457e-06, 1.06268566924e-06, 1.53460200636e-06, 8.54121253724e-07, 2.03258173315e-06, 2.23987427717e-07, 2.02400613603e-07, 1.10020806687e-07, 1.99350381536e-07, 2.46901919354e-07, 1.64889740972e-07, 4.41990522404e-07, 1.15637533327e-07, 7.86704106304e-08, 4.58353959232e-08, 3.54819782444e-08, 2.0131432521e-08, 1.54480961356e-08, 2.64167732134e-09, 3.05631797648e-10, 2.56554803443e-12],
        "dvar2": [6.28165753369e-06, 0.000377647113055, 0.00140749104321, 0.000411536428146, 0.0001226010354, 1.41351229104e-05, 5.18738625033e-06, 2.26129418479e-06, 3.90348259316e-06, 1.91404296856e-06, 3.70762859347e-06, 5.3937822031e-07, 4.73594866435e-07, 2.41916097821e-07, 4.35395776321e-07, 5.16817181051e-07, 3.78747728291e-07, 1.17515025977e-06, 2.43728635496e-07, 1.86859935525e-07, 1.11478343001e-07, 8.91657734314e-08, 4.88921791941e-08, 3.6462747488e-08, 5.98415805797e-09, 6.75860978294e-10, 6.77649863307e-12],
        "max": [0.0319189317524, 0.175244525075, 0.218717977405, 0.122777953744, 0.125918924809, 0.0671895593405, 0.0547540560365, 0.0585965663195, 0.0231603998691, 0.0314775817096, 0.085428327322, 0.0221255384386, 0.0124256657436, 0.00844851974398, 0.00754800532013, 0.00690678926185, 0.010490023531, 0.010883637704, 0.0135687282309, 0.00681024929509, 0.00245755934156, 0.00261582573876, 0.00148463854566, 0.00148062908556, 0.000782950723078, 0.000206058786716, 2.49960248766e-05],
        "mean": [0.00277086463757, 0.0157903917134, 0.00623873714358, 0.00333594740368, 0.0049690422602, 0.00144954526331, 0.000874133664183, 0.000561962951906, 0.000769576407038, 0.000470944709377, 0.000506176555064, 0.000283484812826, 0.000321174331475, 0.000247936754022, 0.000297658727504, 0.000296070647892, 0.000279431435047, 0.00027004853473, 0.00026350832195, 0.000198176814592, 0.000175123932422, 0.000124448910356, 7.65892182244e-05, 5.5505119235e-05, 2.57476804109e-05, 9.46047657635e-06, 5.40255484793e-07],
        "median": [0.000111829387606, 0.00161555642262, 0.000786293065175, 0.000463244999992, 0.0010466161184, 0.000495761050843, 0.000293242454063, 0.000188192527276, 0.000293570308713, 0.000130514075863, 0.000122842946439, 0.000116026982141, 0.000130441025249, 9.93355570245e-05, 0.000106314357254, 8.80563820829e-05, 0.000114029739052, 0.000109504253487, 0.000108188913146, 8.47172559588e-05, 8.05043600849e-05, 4.91625760333e-05, 2.19387293328e-05, 1.03221882455e-05, 3.44426985066e-06, 1.14235638193e-06, 1.40750735511e-08],
        "min": [6.06822031529e-25, 1.07005974261e-24, 3.80169967508e-25, 8.51009832525e-25, 4.90549801253e-24, 8.69432318181e-24, 4.08440227857e-24, 7.13938367431e-24, 1.00318100253e-23, 1.62248209375e-23, 1.13132380464e-23, 2.09964606929e-23, 2.65847450346e-23, 3.09250735123e-23, 2.81613024863e-23, 3.32133097183e-23, 6.58801912648e-23, 8.24509845072e-23, 1.12221358136e-22, 1.88002012508e-22, 1.92460831049e-22, 3.18871411355e-22, 3.319155609e-22, 5.87187617681e-22, 8.88308876119e-22, 1.19039469056e-21, 1.84836940998e-21],
        "var": [2.57325391431e-05, 0.000902751518879, 0.0003590232227, 9.21683385968e-05, 9.37452568905e-05, 9.68773747445e-06, 4.41838847109e-06, 3.21605466524e-06, 2.068118647e-06, 1.76070886937e-06, 4.98816825711e-06, 4.17068150682e-07, 3.58727305638e-07, 1.86551815773e-07, 3.10064848463e-07, 3.97673545649e-07, 2.70251092616e-07, 3.92911374547e-07, 2.42261336325e-07, 1.03016823516e-07, 6.22286435714e-08, 3.92449024389e-08, 2.14973425727e-08, 1.59360276086e-08, 3.16876858086e-09, 4.06902150862e-10, 2.3598174196e-12]
    },
    "erbbands": {
        "dmean": [0.279438048601, 1.38598418236, 6.27486276627, 10.6773462296, 14.8227815628, 10.197224617, 7.72978162766, 7.56292724609, 9.24880313873, 7.69024991989, 10.0792560577, 12.539182663, 11.4107427597, 13.6882133484, 13.1939888, 8.05372142792, 10.2751903534, 9.074259758, 8.6506986618, 13.3819980621, 10.0904722214, 10.6311378479, 9.65832614899, 10.9706668854, 7.78146696091, 6.25920677185, 5.04596471786, 5.11285924911, 3.79520726204, 2.60148119926, 1.79387438297, 1.17912471294, 0.771870434284, 0.324484437704, 0.134387761354, 0.0466320328414, 0.0123129980639, 0.00189745856915, 7.78899338911e-05, 1.96134715225e-05],
        "dmean2": [0.296744942665, 1.94715309143, 10.6519117355, 18.7813968658, 22.2797336578, 15.984249115, 12.2633018494, 12.1799793243, 14.6624221802, 12.5687980652, 16.2550125122, 20.4705467224, 18.1919956207, 21.4157733917, 20.8782806396, 12.8171195984, 16.3794536591, 14.1182451248, 13.1334924698, 20.7760505676, 15.214758873, 15.9928102493, 15.137761116, 17.0772037506, 11.8357248306, 9.92921829224, 8.0510635376, 8.15950012207, 6.05523109436, 4.08416652679, 2.79857349396, 1.82684803009, 1.2111068964, 0.496655762196, 0.202651277184, 0.0708615034819, 0.0184380058199, 0.00278685498051, 0.000125616687001, 2.83555345959e-05],
        "dvar": [0.344523906708, 13.781293869, 429.021606445, 1414.11157227, 1071.23535156, 422.854736328, 269.274108887, 490.806152344, 547.174499512, 284.931243896, 460.398254395, 808.587097168, 1200.42089844, 1202.2890625, 1787.56994629, 298.403808594, 382.162963867, 267.423309326, 265.448944092, 925.920227051, 392.214233398, 463.035705566, 550.549743652, 715.637939453, 210.659255981, 174.794631958, 75.8274078369, 89.9169235229, 53.7376213074, 25.8967494965, 16.5650634766, 8.14754295349, 3.68941259384, 0.546435296535, 0.101113602519, 0.0130808595568, 0.000789274519775, 1.91248109331e-05, 4.99333161486e-08, 1.28363963903e-09],
        "dvar2": [0.3642180264, 28.6464118958, 1170.7869873, 4074.48779297, 2609.3684082, 1040.09130859, 614.724121094, 1188.27770996, 1177.46179199, 695.387695312, 1064.4284668, 2091.20092773, 2556.37011719, 2725.84350586, 3297.50292969, 688.559875488, 893.120788574, 601.852722168, 562.858703613, 1825.53552246, 818.883850098, 1017.08764648, 1382.99475098, 1804.30969238, 437.157714844, 420.087432861, 185.771957397, 223.521026611, 136.426101685, 62.0701332092, 41.2317123413, 19.17121315, 8.89327144623, 1.27527427673, 0.229922294617, 0.0313333086669, 0.00164819508791, 4.07471270591e-05, 1.30570683154e-07, 3.12623593679e-09],
        "max": [8.62278556824, 46.2625808716, 233.825897217, 380.036804199, 485.11114502, 452.605651855, 434.591766357, 724.729614258, 956.398071289, 523.883972168, 914.026000977, 420.207061768, 1159.62988281, 1185.33496094, 2747.05883789, 960.683044434, 514.434387207, 491.049499512, 342.353912354, 457.257385254, 375.149841309, 663.727783203, 359.717926025, 408.170715332, 639.541809082, 413.746582031, 103.332359314, 118.254966736, 114.226425171, 58.713684082, 42.1567230225, 33.5355911255, 22.1296215057, 10.1382417679, 4.97393608093, 1.63552701473, 0.358634203672, 0.0506651178002, 0.00421279342845, 0.000392814283259],
        "mean": [0.76900690794, 2.33350229263, 6.30186367035, 10.2730321884, 18.450963974, 13.5164241791, 10.424996376, 10.7310819626, 12.8341884613, 10.8339080811, 14.1951684952, 16.4862480164, 16.0438766479, 17.8571281433, 17.2081489563, 11.4661045074, 14.357219696, 13.255074501, 13.1363515854, 18.6210784912, 14.6953992844, 15.8456821442, 13.7202959061, 15.2765293121, 12.0885362625, 8.93306922913, 7.2434592247, 6.68095874786, 4.69169044495, 3.25309944153, 2.04589104652, 1.32497048378, 0.822687387466, 0.360713392496, 0.152822062373, 0.0530094839633, 0.0156330280006, 0.00237781414762, 9.47036605794e-05, 4.82587020088e-05],
        "median": [0.0380220115185, 0.300224840641, 0.966880023479, 1.70376741886, 2.58292198181, 3.55141377449, 3.92135262489, 3.54505419731, 4.0398015976, 4.25802707672, 5.49681663513, 6.56346511841, 5.17700386047, 5.36052942276, 5.38974618912, 5.08177518845, 6.41338062286, 5.93287038803, 5.56362247467, 5.6538310051, 5.3457365036, 6.49598026276, 6.13286113739, 6.28455114365, 5.27723312378, 3.99310278893, 3.51946353912, 2.76948547363, 1.85002756119, 1.13935017586, 0.566360890865, 0.287837743759, 0.128845706582, 0.0511135347188, 0.0169423557818, 0.00708725582808, 0.00146792875603, 0.000141720724059, 3.11896437779e-05, 3.20526960422e-05],
        "min": [6.98135716451e-23, 1.61416996105e-22, 1.32637078363e-21, 7.96540679441e-21, 5.00853094919e-21, 2.30203992888e-20, 4.19899626399e-20, 6.52946971864e-20, 7.03022612066e-20, 1.61574171327e-19, 2.93270139489e-19, 3.56565844865e-19, 6.41480322794e-19, 6.92231058699e-19, 8.06573061952e-19, 8.9243079062e-19, 1.22698791848e-18, 1.641395169e-18, 2.1310790606e-18, 2.59204406851e-18, 2.75276029844e-18, 3.44348568163e-18, 5.74926880312e-18, 4.436720941e-18, 5.89349436037e-18, 9.02785665003e-18, 9.23186503168e-18, 9.29192413442e-18, 1.08776723821e-17, 1.04427887925e-17, 9.69221833953e-18, 9.37139220305e-18, 9.60366617341e-18, 8.03882822446e-18, 6.08898857198e-18, 3.8289512267e-18, 2.29713267344e-18, 9.17424052829e-19, 2.39814497131e-19, 2.63377037379e-20],
        "var": [2.26805663109, 27.8461666107, 334.575561523, 913.56652832, 1555.5859375, 719.657958984, 438.746643066, 670.731079102, 1169.85131836, 550.501159668, 1081.4720459, 947.535217285, 2288.02294922, 2059.93920898, 4396.25830078, 549.048217773, 660.31072998, 479.400878906, 490.972991943, 1540.84985352, 703.257324219, 844.911010742, 617.004455566, 870.983703613, 449.444122314, 216.691146851, 106.602867126, 105.114280701, 57.5241203308, 30.4423389435, 16.5821990967, 8.54628562927, 3.66527676582, 0.61926227808, 0.118709690869, 0.0144577072933, 0.00114493933506, 2.82439523289e-05, 4.60877771502e-08, 2.8946824937e-09]
    },
    "gfcc": {
        "mean": [-75.3343200684, 111.504714966, -116.411064148, 46.6087265015, -53.7584495544, 10.8908100128, -25.0321159363, 1.86053669453, -17.9679317474, -3.73481011391, -10.3859052658, -3.89756560326, -7.42501497269],
        "cov": [[35935.90625, -1257.3861084, -3999.45800781, 1172.69116211, -1112.75366211, 505.600585938, -1115.71569824, 751.53338623, -543.898925781, 395.105194092, -834.896911621, 327.071624756, -345.132751465], [-1257.3861084, 2941.6184082, 451.714996338, -124.540618896, 273.515136719, -437.416320801, 338.323577881, -500.983093262, 200.437072754, -391.558197021, 297.921813965, -354.35446167, 118.035667419], [-3999.45800781, 451.714996338, 1747.08117676, -9.28872680664, 315.543395996, 103.620880127, 220.789138794, 0.333604246378, 40.9199943542, 33.9788818359, 121.590919495, -9.1865901947, 2.87230873108], [1172.69116211, -124.540618896, -9.28872680664, 602.142883301, 16.3615474701, 110.90750885, 117.738052368, 42.8323669434, 123.993896484, 44.9343719482, -3.91260242462, -17.2782020569, 14.0847711563], [-1112.75366211, 273.515136719, 315.543395996, 16.3615474701, 665.717773438, -18.7731590271, 168.408584595, 59.9701538086, 106.941261292, -9.59836959839, 43.6213798523, -17.085899353, 29.4162483215], [505.600585938, -437.416320801, 103.620880127, 110.90750885, -18.7731590271, 331.845336914, 61.2604522705, 143.418579102, 10.8165082932, 110.637695312, -4.61414241791, 74.0210418701, -5.9703412056], [-1115.71569824, 338.323577881, 220.789138794, 117.738052368, 168.408584595, 61.2604522705, 357.894195557, 26.8250102997, 183.069198608, 5.99230527878, 115.575531006, -21.4237155914, 58.182346344], [751.53338623, -500.983093262, 0.333604246378, 42.8323669434, 59.9701538086, 143.418579102, 26.8250102997, 269.060821533, 28.7507019043, 137.569671631, -36.4011001587, 109.727073669, -9.50838088989], [-543.898925781, 200.437072754, 40.9199943542, 123.993896484, 106.941261292, 10.8165082932, 183.069198608, 28.7507019043, 227.771911621, 43.0502166748, 80.7979202271, -20.2494182587, 55.4129104614], [395.105194092, -391.558197021, 33.9788818359, 44.9343719482, -9.59836959839, 110.637695312, 5.99230527878, 137.569671631, 43.0502166748, 197.402053833, 19.5527172089, 97.6536636353, -2.88556361198], [-834.896911621, 297.921813965, 121.590919495, -3.91260242462, 43.6213798523, -4.61414241791, 115.575531006, -36.4011001587, 80.7979202271, 19.5527172089, 163.69883728, 5.00646495819, 53.134803772], [327.071624756, -354.35446167, -9.1865901947, -17.2782020569, -17.085899353, 74.0210418701, -21.4237155914, 109.727073669, -20.2494182587, 97.6536636353, 5.00646495819, 145.213653564, 23.8786048889], [-345.132751465, 118.035667419, 2.87230873108, 14.0847711563, 29.4162483215, -5.9703412056, 58.182346344, -9.50838088989, 55.4129104614, -2.88556361198, 53.134803772, 23.8786048889, 84.5403823853]],
        "icov": [[8.5233928985e-05, -0.000235579238506, 0.000207365083043, -0.00023298789165, 3.9001202822e-05, -0.000187616620678, 0.000207717879675, -0.000296388607239, 0.000210282174521, -0.000252715166425, 0.000337432167726, -0.000275973579846, 0.00022495216399], [-0.000235579238506, 0.00167017977219, -0.000725427700672, 0.000799856206868, -0.000213124643778, 0.00111727579497, -0.000958660850301, 0.00132355594542, -0.000779872352723, 0.00156646186952, -0.00212822738104, 0.00201256293803, -0.00110676465556], [0.000207365083043, -0.000725427700672, 0.00124806712847, -0.000538471038453, -0.000212982457015, -0.000773917476181, 0.000131033433718, -0.000553024525288, 0.000989314750768, -0.00103086524177, 0.000618296791799, -0.000756344292313, 0.000915166863706], [-0.00023298789165, 0.000799856206868, -0.000538471038453, 0.0027727833949, -2.79142896034e-05, -0.000115211681987, -0.00095538829919, 0.0011791534489, -0.00173390947748, 0.000500679831021, -0.000218579007196, 0.0013586304849, -0.000812643149402], [3.9001202822e-05, -0.000213124643778, -0.000212982457015, -2.79142896034e-05, 0.00200725346804, 0.000337390782079, -0.000402781442972, -0.00115613394883, -0.000331029033987, 0.000294908997603, 0.000402479490731, 9.67843698163e-06, -8.74187535373e-05], [-0.000187616620678, 0.00111727579497, -0.000773917476181, -0.000115211681987, 0.000337390782079, 0.0056094089523, -0.0020350406412, -0.000790908641648, 0.000913592230063, -0.00042441993719, -0.00125053222291, 0.0011589062633, -0.000844716618303], [0.000207717879675, -0.000958660850301, 0.000131033433718, -0.00095538829919, -0.000402781442972, -0.0020350406412, 0.00740850903094, -0.00201701186597, -0.00355568481609, 0.0015645850217, -0.00155308144167, -0.000903139181901, 0.00062734389212], [-0.000296388607239, 0.00132355594542, -0.000553024525288, 0.0011791534489, -0.00115613394883, -0.000790908641648, -0.00201701186597, 0.0104919793084, -0.00231955898926, -0.00186088541523, 0.00171040510759, -0.00324764242396, 0.000978164724074], [0.000210282174521, -0.000779872352723, 0.000989314750768, -0.00173390947748, -0.000331029033987, 0.000913592230063, -0.00355568481609, -0.00231955898926, 0.0122289480641, -0.0054143439047, -0.000152301305206, 0.00433759950101, -0.00476133776829], [-0.000252715166425, 0.00156646186952, -0.00103086524177, 0.000500679831021, 0.000294908997603, -0.00042441993719, 0.0015645850217, -0.00186088541523, -0.0054143439047, 0.0142041025683, -0.00509756803513, -0.00448510469869, 0.00381857482716], [0.000337432167726, -0.00212822738104, 0.000618296791799, -0.000218579007196, 0.000402479490731, -0.00125053222291, -0.00155308144167, 0.00171040510759, -0.000152301305206, -0.00509756803513, 0.0142210312188, -0.00342516717501, -0.00264755729586], [-0.000275973579846, 0.00201256293803, -0.000756344292313, 0.0013586304849, 9.67843698163e-06, 0.0011589062633, -0.000903139181901, -0.00324764242396, 0.00433759950101, -0.00448510469869, -0.00342516717501, 0.0196812525392, -0.0102049494162], [0.00022495216399, -0.00110676465556, 0.000915166863706, -0.000812643149402, -8.74187535373e-05, -0.000844716618303, 0.00062734389212, 0.000978164724074, -0.00476133776829, 0.00381857482716, -0.00264755729586, -0.0102049494162, 0.0218432620168]]
    },
    "melbands": {
        "dmean": [0.00191911193542, 0.00258311000653, 0.00193177501205, 0.000942299549934, 0.000266931456281, 0.000173910346348, 0.000137246315717, 8.44499736559e-05, 8.89865768841e-05, 7.89878104115e-05, 5.66397138755e-05, 5.42223424418e-05, 5.29145763721e-05, 2.54815367953e-05, 2.09775116673e-05, 2.34762810578e-05, 1.70505409187e-05, 1.4081027075e-05, 1.7050328097e-05, 1.92350707948e-05, 1.10783385026e-05, 1.22477331388e-05, 8.37953120936e-06, 1.08688691398e-05, 9.02619740373e-06, 6.98804433341e-06, 5.38305175724e-06, 4.04038883062e-06, 3.37160736308e-06, 2.9276384339e-06, 3.11149892696e-06, 2.1950700102e-06, 1.8542784801e-06, 1.33697506044e-06, 1.05526783045e-06, 9.26525274281e-07, 6.76047761772e-07, 6.1102878135e-07, 3.79730465738e-07, 2.46643935498e-07],
        "dmean2": [0.00227763410658, 0.00407864199951, 0.00323273800313, 0.00142150127795, 0.00042513772496, 0.000277366983937, 0.000218506495003, 0.000138045506901, 0.000143006138387, 0.000128761021188, 9.0684821771e-05, 8.53740566527e-05, 8.28924312373e-05, 4.12667213823e-05, 3.36658958986e-05, 3.77052019758e-05, 2.6731779144e-05, 2.12327049667e-05, 2.67227915174e-05, 2.94754809147e-05, 1.70191924553e-05, 1.86389788723e-05, 1.2963955669e-05, 1.79586131708e-05, 1.41505015563e-05, 1.06972747744e-05, 8.50294054544e-06, 6.55575604469e-06, 5.46245200894e-06, 4.71135626867e-06, 5.0221683523e-06, 3.51723406311e-06, 3.0139331102e-06, 2.09773202187e-06, 1.66791994616e-06, 1.46727734318e-06, 1.04824914615e-06, 9.64108380686e-07, 5.91630680447e-07, 3.81549114081e-07],
        "dvar": [1.68167898664e-05, 6.24456370133e-05, 3.64113438991e-05, 3.6602932596e-06, 2.81791528778e-07, 2.2242991804e-07, 1.13890351372e-07, 3.81137184036e-08, 3.5123946418e-08, 3.21963788963e-08, 2.92056263618e-08, 1.80635009173e-08, 3.63618717358e-08, 3.37000183315e-09, 1.85460280466e-09, 2.10152273361e-09, 1.00672747916e-09, 6.8524802499e-10, 1.23639321004e-09, 2.17587281526e-09, 4.68712624269e-10, 7.4034156583e-10, 2.14105982943e-10, 1.64517865997e-09, 4.28995561297e-10, 2.06017036763e-10, 1.09953039729e-10, 8.03299579633e-11, 3.69849775805e-11, 2.3435194757e-11, 3.67718633321e-11, 1.66620502118e-11, 1.45561201981e-11, 6.85325147326e-12, 5.46067011054e-12, 5.36904071549e-12, 2.64089249601e-12, 2.36541255333e-12, 7.82015619795e-13, 3.24193579967e-13],
        "dvar2": [2.21907976083e-05, 0.000159214803716, 0.000103981430584, 8.75868590811e-06, 6.84504698256e-07, 5.349404546e-07, 2.50763974918e-07, 8.70554544008e-08, 8.3621536362e-08, 8.29779338574e-08, 6.23447604653e-08, 4.1999445699e-08, 6.28499563504e-08, 8.2740037044e-09, 4.31123092781e-09, 4.90436535827e-09, 2.28749463815e-09, 1.45688872077e-09, 2.74315437032e-09, 4.46027037526e-09, 1.04041075755e-09, 1.67884794955e-09, 4.97483609863e-10, 4.3808605632e-09, 1.07242337233e-09, 4.35896263529e-10, 2.48688264426e-10, 1.95925053958e-10, 9.36262040119e-11, 5.74978641088e-11, 9.32119451069e-11, 4.20766234355e-11, 3.72562709849e-11, 1.60769522695e-11, 1.3565604369e-11, 1.33931615798e-11, 6.10014816438e-12, 5.72479216809e-12, 1.89784993276e-12, 7.6026928893e-13],
        "max": [0.0550778508186, 0.0942729115486, 0.0608007870615, 0.035741250962, 0.011979884468, 0.0148107046261, 0.01315520145, 0.00890162121505, 0.00600250950083, 0.00236833607778, 0.00567517476156, 0.00423654681072, 0.0129767153412, 0.00259742513299, 0.00172150612343, 0.00134997651912, 0.00094095536042, 0.0006725913845, 0.000600831350312, 0.000607858819421, 0.000464904878754, 0.000821930123493, 0.000444492034148, 0.000657260650769, 0.000320394086884, 0.000647263193969, 0.000371216738131, 0.000291894713882, 7.18230148777e-05, 4.72928622912e-05, 7.8126853623e-05, 6.57157288515e-05, 4.97341497976e-05, 2.90494044748e-05, 2.45766423177e-05, 2.99872281175e-05, 1.92192110262e-05, 1.9225777578e-05, 1.06079505713e-05, 9.09787922865e-06],
        "mean": [0.00543706258759, 0.00319313746877, 0.00204751989804, 0.00125503970776, 0.000366632040823, 0.000252403406193, 0.000190015023691, 0.000118288786325, 0.000122991143144, 0.000103305341327, 7.85667143646e-05, 7.0095724368e-05, 6.6318512836e-05, 3.38082863891e-05, 2.88048613584e-05, 3.19069040415e-05, 2.34792696574e-05, 2.03798190341e-05, 2.30498717428e-05, 2.49945514952e-05, 1.55186335178e-05, 1.73850130523e-05, 1.22750216178e-05, 1.32985342134e-05, 1.22401088447e-05, 1.02341609818e-05, 7.49849368731e-06, 5.42031193618e-06, 4.55393137599e-06, 4.09142558055e-06, 3.78556114811e-06, 2.69431598099e-06, 2.17867068386e-06, 1.64751929788e-06, 1.1972010725e-06, 9.87865632851e-07, 7.46921386963e-07, 6.34914840703e-07, 4.06246527973e-07, 2.67578087687e-07],
        "median": [0.000428354018368, 0.000533770245966, 0.000361991784303, 0.000245048082434, 0.00013505674724, 8.47747796797e-05, 6.34278112557e-05, 4.34568464698e-05, 4.5711214625e-05, 3.93467744289e-05, 2.38611228269e-05, 2.04317657335e-05, 1.78407244675e-05, 1.26972881844e-05, 1.21215916806e-05, 1.33911789817e-05, 9.68170934357e-06, 7.97063694336e-06, 7.87779208622e-06, 6.37730772723e-06, 5.7192278291e-06, 6.53062534184e-06, 5.61506658414e-06, 5.12010228704e-06, 4.78984065921e-06, 3.85212479159e-06, 3.20309663948e-06, 2.35574316321e-06, 2.11524570659e-06, 1.88601700302e-06, 1.42202691222e-06, 1.04287323666e-06, 7.74408022153e-07, 5.40713415376e-07, 3.26631976577e-07, 2.22916099801e-07, 1.49539431504e-07, 9.42960269867e-08, 5.84470036813e-08, 3.18359560936e-08],
        "min": [4.84054221952e-25, 8.5206680753e-25, 1.58989087737e-24, 7.69623447363e-25, 1.57843918083e-24, 1.43609573858e-24, 1.12828369248e-24, 1.64338392979e-24, 2.51445094526e-24, 1.70850666549e-24, 2.64526183271e-24, 1.99193571126e-24, 1.8868026407e-24, 2.42667518119e-24, 1.83667250233e-24, 3.16057693601e-24, 2.74251615498e-24, 2.8943933757e-24, 2.30416153274e-24, 3.51593727735e-24, 2.8638364541e-24, 3.21425596238e-24, 4.40617509193e-24, 4.51827025441e-24, 3.08078128886e-24, 3.42802740694e-24, 4.06912085954e-24, 5.16501983971e-24, 4.77655988086e-24, 4.45201540471e-24, 4.8394967816e-24, 5.198147659e-24, 4.21165303676e-24, 5.36311780137e-24, 4.88401456907e-24, 4.64785998519e-24, 4.57782609731e-24, 5.7378196316e-24, 6.04208564933e-24, 5.62477941376e-24],
        "var": [0.000104254606413, 6.34014577372e-05, 2.58069721895e-05, 6.41590122541e-06, 4.41521990524e-07, 3.2319982779e-07, 2.32347048268e-07, 9.537762935e-08, 6.64726158561e-08, 3.90542673756e-08, 5.69834135433e-08, 3.11721635171e-08, 9.51288541273e-08, 6.56566756518e-09, 3.31993121883e-09, 3.69853192517e-09, 1.6414134496e-09, 1.29160548923e-09, 1.89541626838e-09, 3.3784204323e-09, 7.70851049658e-10, 1.22023757765e-09, 3.63013535898e-10, 1.35070488128e-09, 5.50389345211e-10, 4.22113677345e-10, 1.67348052083e-10, 9.05994793077e-11, 4.69146180238e-11, 3.32994187779e-11, 3.91718844861e-11, 1.8467848778e-11, 1.46203119056e-11, 8.27548012755e-12, 5.53728243813e-12, 5.00504368853e-12, 2.84572972825e-12, 2.30345473598e-12, 8.16608879042e-13, 3.61659893656e-13]
    },
    "mfcc": {
        "mean": [-695.978271484, 124.317909241, 1.70290517807, 35.0326919556, 0.490780621767, 11.5422811508, 2.4034318924, 7.26800775528, -0.700924575329, 2.19114637375, 0.0925955101848, -0.107721202075, -2.81277894974],
        "cov": [[17110.0078125, -332.937561035, -1810.59411621, 206.593032837, -315.728179932, -42.3661727905, -355.759521484, 109.081268311, 95.5814285278, 188.41545105, -72.8672943115, -11.4974250793, -121.341995239], [-332.937561035, 2432.58129883, 245.027984619, 192.023513794, 103.88999939, 10.5145950317, 67.0547714233, -17.390203476, -138.348388672, -38.1739768982, -33.2408218384, -51.8188400269, -48.388759613], [-1810.59411621, 245.027984619, 1177.90332031, 129.582000732, 73.5810241699, 143.810516357, 130.221923828, 25.3226623535, -7.72579813004, 13.38215065, 30.7470436096, 78.2550430298, 12.1794633865], [206.593032837, 192.023513794, 129.582000732, 484.615325928, 87.479095459, 129.745559692, 24.9913578033, 63.7101860046, 77.7371139526, 66.130027771, 49.7376213074, 49.0457611084, 16.3631858826], [-315.728179932, 103.88999939, 73.5810241699, 87.479095459, 370.950714111, 48.6732559204, 86.1243896484, 40.9142074585, 51.3998184204, 35.608001709, 11.5232334137, -12.9458875656, 30.8956680298], [-42.3661727905, 10.5145950317, 143.810516357, 129.745559692, 48.6732559204, 222.37562561, 82.0741195679, 65.7297210693, 60.848323822, 60.0530281067, 53.189491272, 55.2882652283, 14.0573539734], [-355.759521484, 67.0547714233, 130.221923828, 24.9913578033, 86.1243896484, 82.0741195679, 180.662216187, 86.3814926147, 40.7154388428, 35.476436615, 38.7304801941, 41.4844779968, 28.1435108185], [109.081268311, -17.390203476, 25.3226623535, 63.7101860046, 40.9142074585, 65.7297210693, 86.3814926147, 148.598800659, 93.4989852905, 52.9280853271, 38.2291641235, 34.1279029846, 23.7602653503], [95.5814285278, -138.348388672, -7.72579813004, 77.7371139526, 51.3998184204, 60.848323822, 40.7154388428, 93.4989852905, 161.218795776, 77.6808166504, 57.4297981262, 43.6855583191, 32.6041717529], [188.41545105, -38.1739768982, 13.38215065, 66.130027771, 35.608001709, 60.0530281067, 35.476436615, 52.9280853271, 77.6808166504, 126.462532043, 69.5349807739, 47.2958259583, 24.813829422], [-72.8672943115, -33.2408218384, 30.7470436096, 49.7376213074, 11.5232334137, 53.189491272, 38.7304801941, 38.2291641235, 57.4297981262, 69.5349807739, 111.267295837, 65.7350769043, 31.4232177734], [-11.4974250793, -51.8188400269, 78.2550430298, 49.0457611084, -12.9458875656, 55.2882652283, 41.4844779968, 34.1279029846, 43.6855583191, 47.2958259583, 65.7350769043, 118.228088379, 45.0106124878], [-121.341995239, -48.388759613, 12.1794633865, 16.3631858826, 30.8956680298, 14.0573539734, 28.1435108185, 23.7602653503, 32.6041717529, 24.813829422, 31.4232177734, 45.0106124878, 80.2419967651]],
