{
"lowlevel": {
    "average_loudness": 0.938389182091,
    "barkbands_crest": {
        "dmean": 2.90255451202,
        "dmean2": 4.65828514099,
        "dvar": 6.14600753784,
        "dvar2": 15.2791490555,
        "max": 25.7916679382,
        "mean": 11.0631523132,
        "median": 10.3362178802,
        "min": 2.58671760559,
        "var": 17.6705551147
    },
    "barkbands_flatness_db": {
        "dmean": 0.0266637969762,
        "dmean2": 0.0427401326597,
        "dvar": 0.000605393084697,
        "dvar2": 0.00142373295967,
        "max": 0.414759725332,
        "mean": 0.161884486675,
        "median": 0.153890162706,
        "min": 0.0158580373973,
        "var": 0.00339040835388
    },
    "barkbands_kurtosis": {
        "dmean": 4.20757389069,
        "dmean2": 6.82616424561,
        "dvar": 31.3531074524,
        "dvar2": 72.6200180054,
        "max": 101.137443542,
        "mean": 7.14173173904,
        "median": 4.60190582275,
        "min": -1.8436524868,
        "var": 76.3402481079
    },
    "barkbands_skewness": {
        "dmean": 0.660421252251,
        "dmean2": 1.06546545029,
        "dvar": 0.382333397865,
        "dvar2": 0.895493745804,
        "max": 9.20992088318,
        "mean": 2.26081132889,
        "median": 2.18640303612,
        "min": -2.58501386642,
        "var": 1.60327982903
    },
    "barkbands_spread": {
        "dmean": 4.83844518661,
        "dmean2": 7.98273181915,
        "dvar": 22.7695713043,
        "dvar2": 58.636051178,
        "max": 99.0465545654,
        "mean": 16.8740386963,
        "median": 15.4304122925,
        "min": 1.06804180145,
        "var": 92.1799850464
    },
    "dissonance": {
        "dmean": 0.0121967801824,
        "dmean2": 0.020981092006,
        "dvar": 0.000158139460837,
        "dvar2": 0.000438627408585,
        "max": 0.500000119209,
        "mean": 0.479581326246,
        "median": 0.483892053366,
        "min": 0.290244966745,
        "var": 0.000304488756228
    },
    "dynamic_complexity": 1.87166643143,
    "erbbands_crest": {
        "dmean": 1.93506896496,
        "dmean2": 3.24197387695,
        "dvar": 4.44108200073,
        "dvar2": 11.2922239304,
        "max": 31.6184978485,
        "mean": 6.03125905991,
        "median": 5.03199005127,
        "min": 2.15240216255,
        "var": 10.5395212173
    },
    "erbbands_flatness_db": {
        "dmean": 0.012665883638,
        "dmean2": 0.0190421305597,
        "dvar": 0.000179365859367,
        "dvar2": 0.000381001271307,
        "max": 0.37497740984,
        "mean": 0.144860908389,
        "median": 0.131564944983,
        "min": 0.0474552847445,
        "var": 0.0020339996554
    },
    "erbbands_kurtosis": {
        "dmean": 0.501550793648,
        "dmean2": 0.819121837616,
        "dvar": 0.723215460777,
        "dvar2": 1.6843726635,
        "max": 28.8280601501,
        "mean": -0.468618601561,
        "median": -0.735728740692,
        "min": -1.69566404819,
        "var": 1.6951328516
    },
    "erbbands_skewness": {
        "dmean": 0.285480469465,
        "dmean2": 0.45930814743,
        "dvar": 0.0697897225618,
        "dvar2": 0.170167058706,
        "max": 3.80158019066,
        "mean": 0.00696160830557,
        "median": -0.0368373021483,
        "min": -3.57173728943,
        "var": 0.230903044343
    },
    "erbbands_spread": {
        "dmean": 7.48927021027,
        "dmean2": 12.1052799225,
        "dvar": 45.0463294983,
        "dvar2": 113.200782776,
        "max": 101.038604736,
        "mean": 45.8286781311,
        "median": 46.2013816833,
        "min": 3.25721502304,
        "var": 188.168624878
    },
    "hfc": {
        "dmean": 6.43835496902,
        "dmean2": 10.430937767,
        "dvar": 69.0638580322,
        "dvar2": 176.003479004,
        "max": 108.426986694,
        "mean": 20.8220901489,
        "median": 19.8743133545,
        "min": 1.05248151653e-16,
        "var": 139.998855591
    },
    "melbands_crest": {
        "dmean": 3.95904111862,
        "dmean2": 6.69343757629,
        "dvar": 11.3691492081,
        "dvar2": 31.6718540192,
        "max": 35.4274597168,
        "mean": 16.3192691803,
        "median": 16.2555274963,
        "min": 1.62992155552,
        "var": 25.7366828918
    },
    "melbands_flatness_db": {
        "dmean": 0.0319820940495,
        "dmean2": 0.051374848932,
        "dvar": 0.00092343846336,
        "dvar2": 0.00215712562203,
        "max": 0.549505352974,
        "mean": 0.231759250164,
        "median": 0.225588187575,
        "min": 0.00331764458679,
        "var": 0.0055659241043
    },
    "melbands_kurtosis": {
        "dmean": 11.2585058212,
        "dmean2": 18.0618209839,
        "dvar": 208.160522461,
        "dvar2": 469.919128418,
        "max": 251.088104248,
        "mean": 23.1370353699,
        "median": 16.7945022583,
        "min": -1.80589830875,
        "var": 539.435302734
    },
    "melbands_skewness": {
        "dmean": 0.962618470192,
        "dmean2": 1.54443621635,
        "dvar": 0.819001197815,
        "dvar2": 1.94624936581,
        "max": 12.8236541748,
        "mean": 3.83514595032,
        "median": 3.67185115814,
        "min": -1.46252930164,
        "var": 3.09514403343
    },
    "melbands_spread": {
        "dmean": 5.40700435638,
        "dmean2": 8.99937438965,
        "dvar": 40.5381240845,
        "dvar2": 100.136154175,
        "max": 169.641723633,
        "mean": 15.8726902008,
        "median": 11.656252861,
        "min": 0.996963918209,
        "var": 298.946258545
    },
    "pitch_salience": {
        "dmean": 0.0971900001168,
        "dmean2": 0.157682672143,
        "dvar": 0.00664873514324,
        "dvar2": 0.0172924976796,
        "max": 0.857028007507,
        "mean": 0.550779402256,
        "median": 0.568927526474,
        "min": 0.0937000960112,
        "var": 0.0164481587708
    },
    "silence_rate_20dB": {
        "dmean": 0,
        "dmean2": 0,
        "dvar": 0,
        "dvar2": 0,
        "max": 1,
        "mean": 1,
        "median": 1,
        "min": 1,
        "var": 0
    },
    "silence_rate_30dB": {
        "dmean": 0.0404665544629,
        "dmean2": 0.0809427425265,
        "dvar": 0.0388302616775,
        "dvar2": 0.0967645794153,
        "max": 1,
        "mean": 0.957039177418,
        "median": 1,
        "min": 0,
        "var": 0.0411108098924
    },
    "silence_rate_60dB": {
        "dmean": 0.00714115705341,
        "dmean2": 0.0142840137705,
        "dvar": 0.00708922510967,
        "dvar2": 0.0150335598737,
        "max": 1,
        "mean": 0.0489111021161,
        "median": 0,
        "min": 0,
        "var": 0.0465210936964
    },
    "spectral_centroid": {
        "dmean": 255.935943604,
        "dmean2": 416.394744873,
        "dvar": 67454.640625,
        "dvar2": 161314.5625,
        "max": 11653.5595703,
        "mean": 1186.64916992,
        "median": 1022.27923584,
        "min": 186.070114136,
        "var": 1316116.375
    },
    "spectral_complexity": {
        "dmean": 4.88740777969,
        "dmean2": 7.65527915955,
        "dvar": 21.8017959595,
        "dvar2": 49.233833313,
        "max": 57,
        "mean": 27.6451263428,
        "median": 29,
        "min": 0,
        "var": 124.352745056
    },
    "spectral_decrease": {
        "dmean": 4.43117942339e-09,
        "dmean2": 7.35094118909e-09,
        "dvar": 2.10853003438e-17,
        "dvar2": 5.6990514126e-17,
        "max": 4.11279612778e-21,
        "mean": -1.36550761809e-08,
        "median": -1.30384343322e-08,
        "min": -5.1893994879e-08,
        "var": 5.70437382353e-17
    },
    "spectral_energy": {
        "dmean": 0.0170821882784,
        "dmean2": 0.0283179935068,
        "dvar": 0.000309654074954,
        "dvar2": 0.000834880163893,
        "max": 0.197633385658,
        "mean": 0.0534260496497,
        "median": 0.0512525402009,
        "min": 1.0118342248e-20,
        "var": 0.000841650529765
    },
    "spectral_energyband_high": {
        "dmean": 0.000241593443207,
        "dmean2": 0.000388785469113,
        "dvar": 1.2124733928e-07,
        "dvar2": 3.1934749245e-07,
        "max": 0.00446988875046,
        "mean": 0.000588370021433,
        "median": 0.000467435049359,
        "min": 6.953245494e-21,
        "var": 2.86176259578e-07
    },
    "spectral_energyband_low": {
        "dmean": 0.0139779550955,
        "dmean2": 0.0230481773615,
        "dvar": 0.000247380521614,
        "dvar2": 0.000656865595374,
        "max": 0.191272377968,
        "mean": 0.0320211164653,
        "median": 0.0269662793726,
        "min": 1.28686374598e-23,
        "var": 0.000639173202217
    },
    "spectral_energyband_middle_high": {
        "dmean": 0.00235023489222,
        "dmean2": 0.00383744458668,
        "dvar": 1.15942020784e-05,
        "dvar2": 2.97755705105e-05,
        "max": 0.0475593172014,
        "mean": 0.00564958853647,
        "median": 0.00484483782202,
        "min": 1.21211211964e-21,
        "var": 1.87627629202e-05
    },
    "spectral_energyband_middle_low": {
        "dmean": 0.00978960748762,
        "dmean2": 0.0161375496536,
        "dvar": 0.000171505453181,
        "dvar2": 0.000426981830969,
        "max": 0.130597665906,
        "mean": 0.0191115420312,
        "median": 0.015865508467,
        "min": 1.2956519089e-22,
        "var": 0.000227310854825
    },
    "spectral_entropy": {
        "dmean": 0.147896021605,
        "dmean2": 0.2359777987,
        "dvar": 0.024633012712,
        "dvar2": 0.061687849462,
        "max": 9.82559585571,
        "mean": 7.63506221771,
        "median": 7.70437479019,
        "min": 5.45874977112,
        "var": 0.188672408462
    },
    "spectral_flux": {
        "dmean": 0.0321395844221,
        "dmean2": 0.0515748746693,
        "dvar": 0.00104735943023,
        "dvar2": 0.0023701293394,
        "max": 0.344685614109,
        "mean": 0.119701623917,
        "median": 0.113881282508,
        "min": 6.38941261011e-11,
        "var": 0.00314588914625
    },
    "spectral_kurtosis": {
        "dmean": 2.06685423851,
        "dmean2": 3.5445432663,
        "dvar": 17.2605171204,
        "dvar2": 46.0522537231,
        "max": 108.793708801,
        "mean": 5.00433015823,
        "median": 3.61232233047,
        "min": -1.25898253918,
        "var": 34.5974159241
    },
    "spectral_rms": {
        "dmean": 0.00112468528096,
        "dmean2": 0.00184931210242,
        "dvar": 1.09462052933e-06,
        "dvar2": 2.86119961856e-06,
        "max": 0.0138857141137,
        "mean": 0.0068491930142,
        "median": 0.0070712431334,
        "min": 3.14190297043e-12,
        "var": 5.21148558619e-06
    },
    "spectral_rolloff": {
        "dmean": 338.421783447,
        "dmean2": 578.694763184,
        "dvar": 240003.5625,
        "dvar2": 574942.5,
        "max": 19616.7480469,
        "mean": 976.297180176,
        "median": 495.263671875,
        "min": 43.06640625,
        "var": 4422485
    },
    "spectral_skewness": {
        "dmean": 0.226058706641,
        "dmean2": 0.377812981606,
        "dvar": 0.0946862995625,
        "dvar2": 0.25448101759,
        "max": 8.05342578888,
        "mean": 1.49077808857,
        "median": 1.39889252186,
        "min": -0.10428417474,
        "var": 0.292189270258
    },
    "spectral_spread": {
        "dmean": 340246.125,
        "dmean2": 514449.9375,
        "dvar": 349048307712,
        "dvar2": 694437806080,
        "max": 42678240,
        "mean": 4202527.5,
        "median": 3933621.25,
        "min": 833058,
        "var": 1.57357409567e+13
    },
    "spectral_strongpeak": {
        "dmean": 0.278818249702,
        "dmean2": 0.470322310925,
        "dvar": 0.118274651468,
        "dvar2": 0.304079800844,
        "max": 8.61447906494,
        "mean": 0.575008630753,
        "median": 0.494002193213,
        "min": 0,
        "var": 0.163698405027
    },
    "zerocrossingrate": {
        "dmean": 0.00698500219733,
        "dmean2": 0.00878976006061,
        "dvar": 6.30743306829e-05,
        "dvar2": 0.000103165963083,
        "max": 0.5234375,
        "mean": 0.04402904585,
        "median": 0.03466796875,
        "min": 0.00341796875,
        "var": 0.00309090968221
    },
    "barkbands": {
        "dmean": [0.000252373458352, 0.00817756354809, 0.00807571224868, 0.00550085119903, 0.00527644017711, 0.00145598838571, 0.00093163154088, 0.000604197208304, 0.000568872317672, 0.00051029532915, 0.000457631860627, 0.000507630873471, 0.000441635900643, 0.000379124103347, 0.000341525330441, 0.000346553599229, 0.000239102824708, 0.000183983604074, 0.000171682186192, 0.000114783528261, 9.81529301498e-05, 5.98172628088e-05, 3.19828432112e-05, 2.02830415219e-05, 1.42621884152e-05, 5.3046683206e-06, 1.62223372513e-07],
        "dmean2": [0.000403409998398, 0.0124783497304, 0.013456302695, 0.00929579418153, 0.00902743823826, 0.00243602250703, 0.00156556488946, 0.00103149516508, 0.000963653903455, 0.00086336809909, 0.000775865395553, 0.000855135731399, 0.000729618244804, 0.00064590247348, 0.000584555789828, 0.000590476498473, 0.000404507736675, 0.000310504517984, 0.000292991404422, 0.000193494110135, 0.000162421958521, 9.92218701867e-05, 5.20622852491e-05, 3.2197272958e-05, 2.20569199882e-05, 8.20700279291e-06, 2.72038818139e-07],
        "dvar": [1.27158909891e-06, 0.000151637839735, 0.000106272265839, 7.35280045774e-05, 6.38583587715e-05, 3.6101250771e-06, 2.47633192885e-06, 1.41813222854e-06, 1.04408354673e-06, 6.80441019085e-07, 5.95898825395e-07, 8.8878977067e-07, 4.24936843046e-07, 3.88609464608e-07, 2.71461829016e-07, 1.99711308824e-07, 1.24356773767e-07, 5.90419091395e-08, 5.87327484425e-08, 2.63030752734e-08, 1.88474924556e-08, 7.50539719263e-09, 2.35962027695e-09, 1.13846032601e-09, 5.42437705864e-10, 8.9381606283e-11, 1.62643851295e-13],
        "dvar2": [2.92440267913e-06, 0.000346442917362, 0.000283651112113, 0.000191830840777, 0.000177129695658, 9.23050538404e-06, 6.34313801129e-06, 3.7214506392e-06, 2.69703514277e-06, 1.71499880253e-06, 1.47720697896e-06, 2.13805833482e-06, 1.04932735212e-06, 1.05928688754e-06, 7.49477692352e-07, 5.46393494005e-07, 3.34122830736e-07, 1.60729385357e-07, 1.62157050454e-07, 7.19207449151e-08, 4.90839795475e-08, 1.97846468097e-08, 6.19594819895e-09, 2.86827805951e-09, 1.33231559118e-09, 2.17317525086e-10, 4.12453328869e-13],
        "max": [0.0466665364802, 0.184616908431, 0.0950309485197, 0.117583453655, 0.0787929221988, 0.0355266816914, 0.0252381302416, 0.0446939840913, 0.0360597670078, 0.0173100698739, 0.0158076956868, 0.0419416055083, 0.0105936331674, 0.0119295585901, 0.00725529994816, 0.00541315414011, 0.00785390939564, 0.00405391957611, 0.00358145288192, 0.0022924807854, 0.00160011439584, 0.00187989929691, 0.000601127627306, 0.000486103614094, 0.000414410460507, 0.000157072368893, 7.50332264943e-06],
        "mean": [0.00040771489148, 0.0159029774368, 0.0118645681068, 0.00695765949786, 0.0069480156526, 0.00218372535892, 0.00126552849542, 0.000800462614279, 0.000771758204792, 0.000691263703629, 0.000653339549899, 0.000780384987593, 0.000710332358722, 0.000575467478484, 0.0005262895138, 0.000599146820605, 0.000424016820034, 0.00033961533336, 0.000318473466905, 0.00022929343686, 0.00019970953872, 0.000121724246128, 6.86296116328e-05, 4.39535397163e-05, 3.11804251396e-05, 1.06932893686e-05, 1.49027826524e-07],
        "median": [4.51058876934e-05, 0.010110238567, 0.00779542187229, 0.00386320007965, 0.0045133298263, 0.00146543304436, 0.000698160089087, 0.000412822992075, 0.000434031535406, 0.000421797070885, 0.000397705269279, 0.000466176250484, 0.000490966602229, 0.000383045669878, 0.00037725319271, 0.000488515186589, 0.000325139902998, 0.000251372461207, 0.000248043099418, 0.000174252811121, 0.000148348495713, 8.67696871865e-05, 5.00798269059e-05, 3.13341261062e-05, 1.89645834325e-05, 6.73074055157e-06, 3.59305296627e-09],
        "min": [4.93448815776e-25, 2.73162928285e-24, 1.20452345049e-24, 1.2143439799e-24, 8.64250133122e-24, 1.38082749275e-23, 1.07669155819e-23, 8.78695201816e-24, 1.81320925465e-23, 1.112247728e-23, 1.53809795826e-23, 2.35346711425e-23, 3.00807178201e-23, 3.51527778964e-23, 4.45306995396e-23, 3.66647812825e-23, 7.72974698094e-23, 6.92058836908e-23, 1.30164964991e-22, 1.73929390291e-22, 2.43060868621e-22, 3.04880401532e-22, 3.11107959819e-22, 5.78418867051e-22, 8.64304280535e-22, 1.16919717762e-21, 1.96710860197e-21],
        "var": [4.80541666548e-06, 0.000352739618393, 0.000154196488438, 8.40876746224e-05, 6.21300350758e-05, 6.27096733297e-06, 3.426187277e-06, 2.48960259341e-06, 1.30891135086e-06, 8.71199915764e-07, 9.25659605855e-07, 1.60169020091e-06, 6.05393040587e-07, 4.71486799825e-07, 3.0974672427e-07, 2.64080682655e-07, 1.66267327018e-07, 9.93616140477e-08, 8.66848424153e-08, 4.59349998039e-08, 3.75428292898e-08, 1.58134252359e-08, 5.0976782795e-09, 2.34136954269e-09, 1.37131228595e-09, 1.75175624006e-10, 1.6618587203e-13]
    },
    "erbbands": {
        "dmean": [0.145665109158, 2.22051382065, 8.11058521271, 14.0434350967, 18.4886341095, 17.6694641113, 13.7321071625, 11.5441598892, 13.9107494354, 11.9876813889, 12.8842020035, 13.822807312, 13.6474199295, 15.8587055206, 18.4291038513, 20.351524353, 20.6431884766, 17.8687877655, 19.2597236633, 16.4373626709, 18.3173465729, 12.7104825974, 10.2226428986, 9.03723144531, 7.78911447525, 5.48571872711, 4.98540401459, 3.06539201736, 2.177993536, 1.4504635334, 0.891743659973, 0.556252598763, 0.286307841539, 0.187573835254, 0.0918052569032, 0.0328484661877, 0.00819173548371, 0.00102896091994, 2.46588770096e-05, 1.90671144082e-05],
        "dmean2": [0.210972309113, 3.4451854229, 13.4285564423, 23.7642002106, 31.5504550934, 30.1680526733, 23.0953407288, 19.4839000702, 23.2160224915, 20.6718959808, 22.0177497864, 23.372127533, 23.2038784027, 26.8183383942, 31.0545806885, 34.2506523132, 34.0883293152, 30.0939846039, 33.3623695374, 27.5470695496, 31.385635376, 21.3134231567, 17.1457214355, 15.4950704575, 13.2011728287, 9.22680473328, 8.31660270691, 5.07188844681, 3.57714295387, 2.40584397316, 1.45350849628, 0.907123148441, 0.445532172918, 0.293559104204, 0.1436483711, 0.0516163632274, 0.0126337800175, 0.00159693683963, 3.83874612453e-05, 3.14661119774e-05],
        "dvar": [0.0976726338267, 10.5416383743, 104.684028625, 387.002960205, 1214.59570312, 627.456787109, 308.770263672, 252.64855957, 625.32043457, 331.488800049, 781.800048828, 694.461914062, 524.289245605, 676.053894043, 888.403564453, 1432.78198242, 970.846618652, 830.352661133, 1247.7722168, 518.748474121, 590.769165039, 322.863586426, 193.924743652, 167.866409302, 124.25177002, 59.6915588379, 47.9569396973, 18.2189178467, 10.0393476486, 5.12513828278, 1.83413434029, 0.93450409174, 0.20845811069, 0.0956769138575, 0.0220857169479, 0.00291236070916, 0.000253221689491, 5.04159606862e-06, 2.03935845988e-09, 3.75688785637e-10],
        "dvar2": [0.208521828055, 23.8191986084, 276.420227051, 1031.73071289, 3289.11938477, 1728.88171387, 822.649719238, 663.593566895, 1535.92834473, 913.450012207, 2070.53149414, 1783.92163086, 1285.12133789, 1761.11669922, 2207.55297852, 3461.03833008, 2332.95385742, 2169.00610352, 3550.71459961, 1370.03076172, 1614.49462891, 859.898498535, 518.060974121, 462.81652832, 335.318695068, 164.179931641, 126.697135925, 46.7535095215, 25.6878795624, 13.8313426971, 4.8209104538, 2.44932746887, 0.511903643608, 0.231610015035, 0.0550923794508, 0.00723926350474, 0.000604054424912, 1.18954267236e-05, 4.79268225106e-09, 1.00831520911e-09],
        "max": [7.68369817734, 44.1588172913, 112.27256012, 235.276367188, 343.165252686, 283.031524658, 213.787368774, 286.988067627, 397.678955078, 286.219268799, 1205.35717773, 1006.86096191, 679.36907959, 668.958496094, 613.40222168, 1647.83752441, 574.251464844, 695.724060059, 716.337646484, 362.255981445, 258.264099121, 347.952453613, 260.843933105, 231.806533813, 179.435409546, 118.406089783, 82.25440979, 49.0192298889, 91.9207458496, 30.37383461, 17.2919368744, 13.9458560944, 8.35552406311, 5.24458169937, 2.59134340286, 0.861527919769, 0.275946855545, 0.0353381633759, 0.000737090478651, 0.000214103405597],
        "mean": [0.283499211073, 4.18537282944, 13.2959098816, 20.2504901886, 23.2616596222, 22.9864711761, 20.1637783051, 17.1062278748, 18.9246730804, 16.3372631073, 17.4961204529, 18.7400798798, 19.3563632965, 23.5454750061, 29.0208930969, 32.7688331604, 34.2116317749, 29.5517215729, 29.7921142578, 29.05210495, 31.9797172546, 23.9816646576, 19.5106296539, 16.3752040863, 15.0557632446, 11.0517292023, 9.49688339233, 6.50836849213, 4.57958221436, 2.87269973755, 1.87430143356, 1.14185011387, 0.620974779129, 0.394659012556, 0.195578083396, 0.0674569457769, 0.0157396178693, 0.00161384185776, 6.06710527791e-05, 6.22389125056e-05],
        "median": [0.125772997737, 2.8675096035, 9.3975353241, 13.2074985504, 13.5081129074, 14.1729850769, 13.845252037, 10.7589159012, 10.2491636276, 10.0469360352, 9.27515125275, 10.0103130341, 12.200928688, 15.804274559, 18.4165916443, 19.975774765, 23.3971385956, 20.4550571442, 20.7883415222, 22.8467636108, 26.3948497772, 18.671289444, 14.7729377747, 12.3974494934, 11.6734838486, 8.6287021637, 7.05864572525, 4.67849445343, 3.22771191597, 2.0657491684, 1.33581614494, 0.808406174183, 0.437418699265, 0.241303771734, 0.116063468158, 0.04155093804, 0.00981318950653, 0.000694042537361, 4.67771133117e-05, 6.06745998084e-05],
        "min": [9.89500545161e-23, 7.25378327304e-22, 1.42651325505e-21, 4.90761451056e-21, 1.00218561532e-20, 2.17734293622e-20, 3.82498138014e-20, 1.1801932514e-19, 1.005397968e-19, 2.40439819825e-19, 2.6521690355e-19, 4.20456810089e-19, 5.99657605734e-19, 6.3028712154e-19, 9.39975167676e-19, 1.26865910639e-18, 1.48522243538e-18, 2.61528226025e-18, 2.2371844129e-18, 1.86239756275e-18, 4.6077426006e-18, 5.04844126991e-18, 4.76376664851e-18, 6.17843367956e-18, 7.13445346279e-18, 8.30120991476e-18, 7.91759415235e-18, 9.15346402605e-18, 1.11042735478e-17, 1.05699818737e-17, 9.04670726901e-18, 1.17452301619e-17, 9.55177547923e-18, 8.86465887826e-18, 6.17134060581e-18, 3.68401015822e-18, 2.37891209149e-18, 9.75248423742e-19, 2.6447026965e-19, 2.58376375147e-20],
        "var": [0.288338392973, 21.2466907501, 162.207885742, 485.733703613, 1043.671875, 747.247131348, 433.286132812, 429.824707031, 866.805419922, 404.890686035, 1231.83178711, 871.464111328, 703.531494141, 848.044067383, 1491.44311523, 2589.63623047, 1462.42553711, 1143.94555664, 1206.28942871, 706.704467773, 746.073974609, 470.227111816, 320.302398682, 237.737701416, 198.534118652, 104.432632446, 83.4672927856, 42.2120742798, 23.2936153412, 8.97775268555, 3.88120818138, 1.62810993195, 0.481662541628, 0.225879505277, 0.0549858473241, 0.00652281707153, 0.000430399406468, 7.38661856303e-06, 3.47056583472e-09, 1.05140585127e-09]
    },
    "gfcc": {
        "mean": [1.96950280666, 120.241958618, -119.467651367, 46.9078483582, -42.7031898499, 15.4863405228, -33.0985641479, 1.94646286964, -24.6134204865, -0.973903298378, -15.3329992294, -3.46613955498, -8.39161014557],
        "cov": [[26228.0742188, 1016.89025879, -1641.24597168, 1238.63000488, -820.58996582, 901.651306152, -782.915039062, 387.295715332, -635.166137695, 224.912078857, -524.155517578, 56.5765190125, -347.873535156], [1016.89025879, 1656.48901367, -354.03237915, -129.565139771, 275.780670166, -292.309631348, 245.094299316, -218.83480835, 150.802810669, -168.461395264, 175.656417847, -150.669616699, 145.308258057], [-1641.24597168, -354.03237915, 574.24420166, 20.1936168671, 99.4978790283, 120.353279114, 28.8492164612, 47.3927116394, 14.3684453964, 38.0614738464, -10.3178911209, 28.6628284454, -22.3409290314], [1238.63000488, -129.565139771, 20.1936168671, 259.325653076, 7.73676633835, 123.322784424, -28.1981716156, 43.7219047546, -21.2932548523, 15.8043622971, -40.6514587402, 5.53500986099, -29.1258087158], [-820.58996582, 275.780670166, 99.4978790283, 7.73676633835, 252.877563477, -45.0025138855, 122.829696655, -42.3196868896, 63.5984077454, -32.2561759949, 50.9232902527, -28.0345020294, 42.3768577576], [901.651306152, -292.309631348, 120.353279114, 123.322784424, -45.0025138855, 228.59866333, -43.9520988464, 83.8703994751, -36.3412094116, 50.2788314819, -39.1866950989, 29.0685272217, -41.6181144714], [-782.915039062, 245.094299316, 28.8492164612, -28.1981716156, 122.829696655, -43.9520988464, 155.481338501, -21.9351654053, 77.2242507935, -27.249206543, 54.3456039429, -29.6067810059, 39.3591346741], [387.295715332, -218.83480835, 47.3927116394, 43.7219047546, -42.3196868896, 83.8703994751, -21.9351654053, 108.185112, -3.09744143486, 51.5660629272, -25.7454433441, 19.0625286102, -24.1577796936], [-635.166137695, 150.802810669, 14.3684453964, -21.2932548523, 63.5984077454, -36.3412094116, 77.2242507935, -3.09744143486, 111.070747375, 3.74621868134, 56.6168632507, -14.1561489105, 27.4969329834], [224.912078857, -168.461395264, 38.0614738464, 15.8043622971, -32.2561759949, 50.2788314819, -27.249206543, 51.5660629272, 3.74621868134, 84.0935440063, 3.20410513878, 31.3665390015, -15.1832885742], [-524.155517578, 175.656417847, -10.3178911209, -40.6514587402, 50.9232902527, -39.1866950989, 54.3456039429, -25.7454433441, 56.6168632507, 3.20410513878, 95.4449081421, 3.43015241623, 43.6106643677], [56.5765190125, -150.669616699, 28.6628284454, 5.53500986099, -28.0345020294, 29.0685272217, -29.6067810059, 19.0625286102, -14.1561489105, 31.3665390015, 3.43015241623, 68.6380081177, 3.17665290833], [-347.873535156, 145.308258057, -22.3409290314, -29.1258087158, 42.3768577576, -41.6181144714, 39.3591346741, -24.1577796936, 27.4969329834, -15.1832885742, 43.6106643677, 3.17665290833, 66.0226364136]],
        "icov": [[0.000381547113648, -0.00141077523585, 0.00065020355396, -0.00116712949239, 0.000574647681788, -0.00118488864973, 0.000981596997008, -0.00118055660278, 0.00122178986203, -0.00141049956437, 0.00155869952869, -0.00132339866832, 0.000888445647433], [-0.00141077523585, 0.00699447095394, -0.00144604698289, 0.00441802293062, -0.00307500292547, 0.00439336895943, -0.00418981676921, 0.00566034484655, -0.00486155878752, 0.00607218034565, -0.0071770530194, 0.00704541057348, -0.00423283316195], [0.00065020355396, -0.00144604698289, 0.00411225389689, -0.00105297134724, -0.00120265455917, -0.00365933123976, 0.00140234059654, -0.00143123418093, 0.0014088449534, -0.00224435259588, 0.00263006496243, -0.00218508462422, 0.00190602533985], [-0.00116712949239, 0.00441802293062, -0.00105297134724, 0.00952587090433, -0.00374295772053, 2.47187072091e-05, -0.00183919013944, 0.00342783727683, -0.004668883048, 0.00487365154549, -0.00308468425646, 0.00412014313042, -0.00235386076383], [0.000574647681788, -0.00307500292547, -0.00120265455917, -0.00374295772053, 0.00957962777466, -0.000512399128638, -0.0032205155585, -0.000504029914737, 0.00207731034607, -0.0026118317619, 0.00236256653443, -0.00203856616281, 7.28640443413e-05], [-0.00118488864973, 0.00439336895943, -0.00365933123976, 2.47187072091e-05, -0.000512399128638, 0.0133068663999, -0.00382680422626, -0.000546352821402, -0.00121200887952, 0.00340139470063, -0.0062189605087, 0.00336080230772, -0.00110822217539], [0.000981596997008, -0.00418981676921, 0.00140234059654, -0.00183919013944, -0.0032205155585, -0.00382680422626, 0.0183131117374, -0.00546822184697, -0.00298571866006, -0.000343788648024, 0.00232187355869, -0.00131762854289, 0.00048735254677], [-0.00118055660278, 0.00566034484655, -0.00143123418093, 0.00342783727683, -0.000504029914737, -0.000546352821402, -0.00546822184697, 0.0228544063866, -0.00708611076698, -0.00355175184086, -0.000338743528118, 0.00540052819997, -0.00395049806684], [0.00122178986203, -0.00486155878752, 0.0014088449534, -0.004668883048, 0.00207731034607, -0.00121200887952, -0.00298571866006, -0.00708611076698, 0.0221963915974, -0.00745302438736, -0.00237314542755, -0.00190125149675, 0.00334494444542], [-0.00141049956437, 0.00607218034565, -0.00224435259588, 0.00487365154549, -0.0026118317619, 0.00340139470063, -0.000343788648024, -0.00355175184086, -0.00745302438736, 0.0280411466956, -0.0119141936302, -0.000424500205554, 0.000763235846534], [0.00155869952869, -0.0071770530194, 0.00263006496243, -0.00308468425646, 0.00236256653443, -0.0062189605087, 0.00232187355869, -0.000338743528118, -0.00237314542755, -0.0119141936302, 0.0302904900163, -0.0095353089273, -0.00470778997988], [-0.00132339866832, 0.00704541057348, -0.00218508462422, 0.00412014313042, -0.00203856616281, 0.00336080230772, -0.00131762854289, 0.00540052819997, -0.00190125149675, -0.000424500205554, -0.0095353089273, 0.0281031019986, -0.009571894072], [0.000888445647433, -0.00423283316195, 0.00190602533985, -0.00235386076383, 7.28640443413e-05, -0.00110822217539, 0.00048735254677, -0.00395049806684, 0.00334494444542, 0.000763235846534, -0.00470778997988, -0.009571894072, 0.0286213792861]]
    },
    "melbands": {
        "dmean": [0.00176289957017, 0.00355655211024, 0.00239183846861, 0.0012924792245, 0.000514290120918, 0.000259191700025, 0.000200227063033, 0.000128754880279, 0.000102935504401, 8.66695554578e-05, 7.01157841831e-05, 6.62955862936e-05, 6.33695162833e-05, 5.86979622312e-05, 4.85299642605e-05, 4.50519910373e-05, 3.46907618223e-05, 3.345314326e-05, 2.41633697442e-05, 2.38129032368e-05, 2.24438335863e-05, 1.40335796459e-05, 1.29882928377e-05, 7.8221428339e-06, 7.82676306699e-06, 6.76114950693e-06, 4.7267408263e-06, 3.73690386368e-06, 3.53573864231e-06, 2.44014881901e-06, 1.79786877652e-06, 1.4146094145e-06, 1.07619632672e-06, 7.67608810293e-07, 5.69240512505e-07, 4.32860758792e-07, 3.39577042041e-07, 2.18640821004e-07, 1.74773717276e-07, 1.66962607295e-07],
        "dmean2": [0.0026027187705, 0.00577170401812, 0.0040023708716, 0.00219411100261, 0.000867100374307, 0.00043376191752, 0.00033554926631, 0.000220921749133, 0.000175286710146, 0.000146761027281, 0.000119360243843, 0.000112252098916, 0.000107164189103, 9.93303547148e-05, 8.16377141746e-05, 7.43483979022e-05, 5.89282608416e-05, 5.788004637e-05, 4.13122106693e-05, 4.03335834562e-05, 3.87759464502e-05, 2.37221029238e-05, 2.18515287997e-05, 1.3303751075e-05, 1.35034688356e-05, 1.15270049719e-05, 8.00262569101e-06, 6.31635930404e-06, 5.94516404817e-06, 4.05087394029e-06, 3.02580565403e-06, 2.34465574067e-06, 1.79255937383e-06, 1.28135025079e-06, 9.34444358336e-07, 7.21357480415e-07, 5.52554411115e-07, 3.47257525846e-07, 2.74694173186e-07, 2.66551467121e-07],
        "dvar": [8.6148693299e-06, 1.79592498171e-05, 1.168293511e-05, 4.05869968745e-06, 4.41647188154e-07, 1.20082532362e-07, 1.20035892337e-07, 4.01353652535e-08, 4.54735342714e-08, 2.54391334664e-08, 1.36690010422e-08, 1.21171819245e-08, 1.13221698683e-08, 1.05802913097e-08, 8.93251250744e-09, 4.61855043099e-09, 3.21877835496e-09, 3.93258137166e-09, 1.18920662207e-09, 9.88472526053e-10, 9.42038669294e-10, 3.89452997629e-10, 3.96139288039e-10, 1.14903822568e-10, 1.30113544938e-10, 9.75217892552e-11, 4.44622290374e-11, 2.76697120077e-11, 2.43922763932e-11, 1.18301002675e-11, 6.62086271225e-12, 4.55845777791e-12, 2.44364923262e-12, 1.44549519923e-12, 7.39525031924e-13, 5.47632794147e-13, 3.38430347115e-13, 1.19831824585e-13, 8.10977532958e-14, 7.82501369473e-14],
        "dvar2": [1.9250492187e-05, 4.52188469353e-05, 2.96711932606e-05, 1.11208000817e-05, 1.19599610571e-06, 3.08890491851e-07, 3.01067416331e-07, 1.08093196616e-07, 1.18834904583e-07, 6.5618962708e-08, 3.360145584e-08, 3.16503481201e-08, 2.82714402999e-08, 2.804690169e-08, 1.95027549665e-08, 1.13018110426e-08, 8.52602166646e-09, 1.12092752858e-08, 3.2282183593e-09, 2.65472510641e-09, 2.59905807987e-09, 1.04873598694e-09, 1.05058539646e-09, 3.08373548918e-10, 3.61506019564e-10, 2.64511856862e-10, 1.21299553735e-10, 7.53388601504e-11, 6.4354820084e-11, 3.09533648712e-11, 1.70948151468e-11, 1.19023497655e-11, 6.54874982367e-12, 3.89873550111e-12, 1.9531262458e-12, 1.47506843979e-12, 8.36708469436e-13, 2.96679429071e-13, 1.99297772296e-13, 1.9450912235e-13],
        "max": [0.0504338815808, 0.0495412610471, 0.0402972139418, 0.0202536173165, 0.00769676174968, 0.00653485069051, 0.00539660360664, 0.00445808051154, 0.00877140741795, 0.00556761352345, 0.00336645497009, 0.00251072109677, 0.00222864630632, 0.0022126629483, 0.00499434350058, 0.00116677198093, 0.00144610228017, 0.00138379330747, 0.000496992957778, 0.000522146234289, 0.000347628374584, 0.00022749431082, 0.000637097808067, 0.000149028026499, 0.00020117519307, 0.000178009475349, 0.000104923157778, 7.66361335991e-05, 5.30625075044e-05, 4.86663084303e-05, 3.2958236261e-05, 6.89283187967e-05, 2.34226026805e-05, 1.46984802996e-05, 1.19176511362e-05, 1.0420115359e-05, 8.67732615006e-06, 6.15446924712e-06, 4.99711859447e-06, 5.02109514855e-06],
        "mean": [0.003562387079, 0.00676734140143, 0.00366758205928, 0.0016756656114, 0.000773179577664, 0.000394970003981, 0.000274580088444, 0.000175268723979, 0.00013741440489, 0.00011623321916, 9.66045845416e-05, 9.46994914557e-05, 9.39003875828e-05, 9.04224070837e-05, 7.73324136389e-05, 7.02434190316e-05, 5.32236808795e-05, 4.8942212743e-05, 3.82502839784e-05, 4.07559855375e-05, 3.62722566933e-05, 2.45660467044e-05, 2.1942812964e-05, 1.44453051689e-05, 1.30509033625e-05, 1.19395899674e-05, 8.9915947683e-06, 6.87375404596e-06, 6.15530780124e-06, 4.70438953926e-06, 3.47369950759e-06, 2.7264968594e-06, 2.01001739697e-06, 1.42226747357e-06, 1.12689053822e-06, 8.23079744805e-07, 6.56866461668e-07, 4.41817689989e-07, 3.58831925951e-07, 3.24359774595e-07],
        "median": [0.00199455604888, 0.00537260109559, 0.00251350807957, 0.00105339835864, 0.000550220545847, 0.000255814229604, 0.000154081819346, 0.000105656217784, 7.19449308235e-05, 6.1541031755e-05, 5.96711252001e-05, 6.06442408753e-05, 5.83526525588e-05, 5.22931441083e-05, 5.24786337337e-05, 4.60167611891e-05, 3.53517898475e-05, 3.29519280058e-05, 2.81823449768e-05, 3.26108311128e-05, 2.88690644084e-05, 1.87198456842e-05, 1.57230570039e-05, 1.06316010715e-05, 9.40952577366e-06, 9.1708780019e-06, 6.76909576214e-06, 5.14022030984e-06, 4.40472558694e-06, 3.40681776834e-06, 2.36090613726e-06, 1.81937627985e-06, 1.38762834467e-06, 1.0033493254e-06, 7.88799013662e-07, 5.64647905321e-07, 4.40872128138e-07, 3.03392994283e-07, 2.29915102068e-07, 1.88219445363e-07],
        "min": [1.44822723601e-24, 1.09553620276e-24, 1.03511655717e-24, 1.28194788036e-24, 1.3565729387e-24, 2.7076747326e-24, 1.43389550691e-24, 1.79958026257e-24, 1.84159085286e-24, 2.39171957119e-24, 2.68292343284e-24, 1.9985923168e-24, 2.82288589565e-24, 2.84717097862e-24, 2.72385841128e-24, 3.34371434782e-24, 4.3155475957e-24, 1.7646834227e-24, 2.83755279203e-24, 2.28991569087e-24, 4.40676555432e-24, 4.26991751436e-24, 3.68358126376e-24, 3.55704442469e-24, 3.30172071803e-24, 3.77333746313e-24, 4.18903876119e-24, 4.87694203662e-24, 4.42927964456e-24, 4.50509903831e-24, 4.80672434416e-24, 6.03555585318e-24, 5.86746694922e-24, 5.4619336738e-24, 4.03546608117e-24, 4.89702919628e-24, 6.69965919511e-24, 4.67213560182e-24, 6.94938652529e-24, 6.15082381422e-24],
        "var": [2.36969681282e-05, 3.47181849065e-05, 1.4992708202e-05, 3.98624888476e-06, 6.05218133387e-07, 2.163100703e-07, 1.63727719382e-07, 5.7740251691e-08, 6.90088981514e-08, 3.2547657014e-08, 1.82239698887e-08, 1.49326542243e-08, 1.77456094264e-08, 1.79930363942e-08, 1.43975782407e-08, 6.5778040792e-09, 4.2762358099e-09, 3.69708663683e-09, 1.47440881726e-09, 1.33592537033e-09, 1.0953336016e-09, 5.35853417194e-10, 5.43680378495e-10, 1.8961471282e-10, 1.69180586207e-10, 1.36011313323e-10, 7.47100159515e-11, 4.52593483524e-11, 3.86949985942e-11, 2.32691955981e-11, 1.35560642572e-11, 9.10827750028e-12, 4.72236312554e-12, 2.37079540027e-12, 1.48073307088e-12, 8.95859992092e-13, 5.9786951865e-13, 2.55120929807e-13, 1.82125392241e-13, 1.66382370121e-13]
    },
    "mfcc": {
        "mean": [-624.549682617, 139.050003052, -7.78041744232, 35.3976898193, 11.5075569153, 16.4338817596, 4.90296173096, 4.19967746735, 0.390350073576, -0.802467286587, -3.27778792381, 0.149702087045, -0.678703188896],
        "cov": [[9503.109375, 279.17477417, 163.229110718, 355.861572266, 143.114273071, 300.74987793, 85.5364532471, 71.8336029053, 7.38602304459, 52.2948799133, -27.7980766296, -75.7437362671, -38.9546661377], [279.17477417, 1659.96276855, -281.812927246, 188.918716431, 26.8029537201, 8.85924434662, 60.3844947815, -21.9692516327, -2.61573696136, -7.26445913315, -25.3886108398, 29.2054157257, 24.1020011902], [163.229110718, -281.812927246, 357.184051514, -45.2311897278, 71.4594726562, 60.6684265137, 27.8727111816, 34.7852134705, 12.3902311325, 25.9416351318, 18.8418312073, 3.28978323936, 0.119001895189], [355.861572266, 188.918716431, -45.2311897278, 194.091430664, 54.3279647827, 50.997756958, 28.3494167328, 18.8021183014, 23.7860622406, 10.5210323334, -2.76892018318, -0.0993159711361, 0.884263515472], [143.114273071, 26.8029537201, 71.4594726562, 54.3279647827, 125.419380188, 58.7553062439, 41.5356063843, 19.6716880798, 16.3389911652, 13.7484588623, 3.57782506943, 5.03475379944, 8.51463794708], [300.74987793, 8.85924434662, 60.6684265137, 50.997756958, 58.7553062439, 111.137886047, 42.4411239624, 30.9583778381, 16.3133392334, 11.2793684006, 8.2895450592, 7.21317195892, 5.79743003845], [85.5364532471, 60.3844947815, 27.8727111816, 28.3494167328, 41.5356063843, 42.4411239624, 83.643737793, 23.4166259766, 17.037197113, 16.6901683807, 3.40468406677, 2.71569681168, 5.4918513298], [71.8336029053, -21.9692516327, 34.7852134705, 18.8021183014, 19.6716880798, 30.9583778381, 23.4166259766, 62.7977714539, 23.1141090393, 16.8923721313, 6.82642602921, 4.95479631424, 0.66683870554], [7.38602304459, -2.61573696136, 12.3902311325, 23.7860622406, 16.3389911652, 16.3133392334, 17.037197113, 23.1141090393, 55.9772491455, 25.5586986542, 13.8463697433, 3.54777216911, 3.01828026772], [52.2948799133, -7.26445913315, 25.9416351318, 10.5210323334, 13.7484588623, 11.2793684006, 16.6901683807, 16.8923721313, 25.5586986542, 68.709312439, 28.6281166077, 11.9582118988, 1.61309969425], [-27.7980766296, -25.3886108398, 18.8418312073, -2.76892018318, 3.57782506943, 8.2895450592, 3.40468406677, 6.82642602921, 13.8463697433, 28.6281166077, 58.6519088745, 22.4464435577, 9.58928775787], [-75.7437362671, 29.2054157257, 3.28978323936, -0.0993159711361, 5.03475379944, 7.21317195892, 2.71569681168, 4.95479631424, 3.54777216911, 11.9582118988, 22.4464435577, 48.5689964294, 19.0938434601], [-38.9546661377, 24.1020011902, 0.119001895189, 0.884263515472, 8.51463794708, 5.79743003845, 5.4918513298, 0.66683870554, 3.01828026772, 1.61309969425, 9.58928775787, 19.0938434601, 43.3404312134]],
