{
"lowlevel": {
    "average_loudness": 0.898481845856,
    "barkbands_crest": {
        "dmean": 3.99374580383,
        "dmean2": 6.05162191391,
        "dvar": 13.4765577316,
        "dvar2": 24.5546627045,
        "max": 26.2500705719,
        "mean": 12.5476589203,
        "median": 11.6438465118,
        "min": 2.43544793129,
        "var": 31.1832523346
    },
    "barkbands_flatness_db": {
        "dmean": 0.0551936812699,
        "dmean2": 0.07433411479,
        "dvar": 0.00238899188116,
        "dvar2": 0.00481278495863,
        "max": 0.704398334026,
        "mean": 0.163145914674,
        "median": 0.143824011087,
        "min": 0.0203517545015,
        "var": 0.00975765287876
    },
    "barkbands_kurtosis": {
        "dmean": 19.3598670959,
        "dmean2": 28.2070293427,
        "dvar": 1321.07995605,
        "dvar2": 2864.52294922,
        "max": 629.318237305,
        "mean": 22.2463130951,
        "median": 7.53532266617,
        "min": -1.90062355995,
        "var": 1825.68798828
    },
    "barkbands_skewness": {
        "dmean": 1.671261549,
        "dmean2": 2.31190156937,
        "dvar": 2.95361042023,
        "dvar2": 6.03634500504,
        "max": 22.1108627319,
        "mean": 3.25828003883,
        "median": 2.68325376511,
        "min": -2.80275630951,
        "var": 7.06035995483
    },
    "barkbands_spread": {
        "dmean": 11.6771631241,
        "dmean2": 17.8694515228,
        "dvar": 141.687149048,
        "dvar2": 328.283630371,
        "max": 84.9323272705,
        "mean": 20.4975509644,
        "median": 16.7773170471,
        "min": 0.164773628116,
        "var": 265.906860352
    },
    "dissonance": {
        "dmean": 0.0154887987301,
        "dmean2": 0.0244101397693,
        "dvar": 0.000243447415414,
        "dvar2": 0.000573396275286,
        "max": 0.500000059605,
        "mean": 0.472406059504,
        "median": 0.477924585342,
        "min": 0.255449205637,
        "var": 0.00048252849956
    },
    "dynamic_complexity": 4.75570058823,
    "erbbands_crest": {
        "dmean": 2.70358562469,
        "dmean2": 4.29623317719,
        "dvar": 6.86261987686,
        "dvar2": 15.600979805,
        "max": 29.6293411255,
        "mean": 7.77634572983,
        "median": 6.6470746994,
        "min": 2.34176540375,
        "var": 15.6939029694
    },
    "erbbands_flatness_db": {
        "dmean": 0.0219021942466,
        "dmean2": 0.0311066675931,
        "dvar": 0.000632927753031,
        "dvar2": 0.00120268180035,
        "max": 0.527321755886,
        "mean": 0.127049922943,
        "median": 0.11354623735,
        "min": 0.0622252635658,
        "var": 0.00255019101314
    },
    "erbbands_kurtosis": {
        "dmean": 1.51130783558,
        "dmean2": 2.35344552994,
        "dvar": 18.819726944,
        "dvar2": 39.3655319214,
        "max": 148.135101318,
        "mean": 0.407887995243,
        "median": -0.762238621712,
        "min": -1.85175323486,
        "var": 29.8554496765
    },
    "erbbands_skewness": {
        "dmean": 0.572961032391,
        "dmean2": 0.833259820938,
        "dvar": 0.416162461042,
        "dvar2": 0.864935994148,
        "max": 9.39274024963,
        "mean": 0.220299333334,
        "median": -0.000510905287229,
        "min": -3.41081738472,
        "var": 1.07662236691
    },
    "erbbands_spread": {
        "dmean": 15.4009094238,
        "dmean2": 22.7194404602,
        "dvar": 193.661804199,
        "dvar2": 459.02633667,
        "max": 139.062316895,
        "mean": 59.0535774231,
        "median": 58.4908752441,
        "min": 0.664356827736,
        "var": 502.101867676
    },
    "hfc": {
        "dmean": 10.1984577179,
        "dmean2": 16.0771045685,
        "dvar": 214.048110962,
        "dvar2": 539.022399902,
        "max": 138.014419556,
        "mean": 17.6755714417,
        "median": 13.5168447495,
        "min": 1.09166691503e-16,
        "var": 296.11920166
    },
    "melbands_crest": {
        "dmean": 4.31711339951,
        "dmean2": 6.66366863251,
        "dvar": 13.7161655426,
        "dvar2": 30.4494075775,
        "max": 31.96235466,
        "mean": 17.6360340118,
        "median": 17.5500240326,
        "min": 1.42222094536,
        "var": 34.5099411011
    },
    "melbands_flatness_db": {
        "dmean": 0.0683118030429,
        "dmean2": 0.0913633108139,
        "dvar": 0.00347555195913,
        "dvar2": 0.00716567970812,
        "max": 0.86363786459,
        "mean": 0.247551605105,
        "median": 0.232578009367,
        "min": 0.000365130661521,
        "var": 0.0140618644655
    },
    "melbands_kurtosis": {
        "dmean": 42.7499198914,
        "dmean2": 61.7498474121,
        "dvar": 3380.05493164,
        "dvar2": 6925.90576172,
        "max": 719.872375488,
        "mean": 60.0519447327,
        "median": 31.0453357697,
        "min": -1.6714168787,
        "var": 5849.62451172
    },
    "melbands_skewness": {
        "dmean": 2.11985945702,
        "dmean2": 3.00428986549,
        "dvar": 4.2828502655,
        "dvar2": 8.74749851227,
        "max": 21.3879528046,
        "mean": 5.37807512283,
        "median": 4.73711299896,
        "min": -1.74403131008,
        "var": 10.6209917068
    },
    "melbands_spread": {
        "dmean": 12.1289863586,
        "dmean2": 18.8237876892,
        "dvar": 222.602645874,
        "dvar2": 505.914215088,
        "max": 168.831314087,
        "mean": 17.9800281525,
        "median": 10.0548496246,
        "min": 0.278047978878,
        "var": 422.368469238
    },
    "pitch_salience": {
        "dmean": 0.115104474127,
        "dmean2": 0.181221306324,
        "dvar": 0.0112677104771,
        "dvar2": 0.0250051189214,
        "max": 0.991638839245,
        "mean": 0.493810176849,
        "median": 0.516638875008,
        "min": 0.0390184372663,
        "var": 0.025993546471
    },
    "silence_rate_20dB": {
        "dmean": 0.0118926754221,
        "dmean2": 0.0237888023257,
        "dvar": 0.0117529658601,
        "dvar2": 0.0336654745042,
        "max": 1,
        "mean": 0.993329465389,
        "median": 1,
        "min": 0,
        "var": 0.00662650913
    },
    "silence_rate_30dB": {
        "dmean": 0.124437995255,
        "dmean2": 0.248912096024,
        "dvar": 0.10895665735,
        "dvar2": 0.192188709974,
        "max": 1,
        "mean": 0.790603220463,
        "median": 1,
        "min": 0,
        "var": 0.165539994836
    },
    "silence_rate_60dB": {
        "dmean": 0.0345177650452,
        "dmean2": 0.0690455436707,
        "dvar": 0.0333252809942,
        "dvar2": 0.0718163773417,
        "max": 1,
        "mean": 0.136455923319,
        "median": 0,
        "min": 0,
        "var": 0.117834977806
    },
    "spectral_centroid": {
        "dmean": 512.586914062,
        "dmean2": 782.728759766,
        "dvar": 243116.25,
        "dvar2": 581151.4375,
        "max": 11127.3212891,
        "mean": 1304.50097656,
        "median": 1202.28540039,
        "min": 98.3640213013,
        "var": 605379.125
    },
    "spectral_complexity": {
        "dmean": 6.99463367462,
        "dmean2": 10.5451116562,
        "dvar": 73.4628753662,
        "dvar2": 153.394165039,
        "max": 63,
        "mean": 15.1045532227,
        "median": 13,
        "min": 0,
        "var": 143.938735962
    },
    "spectral_decrease": {
        "dmean": 1.07341993072e-08,
        "dmean2": 1.67637885795e-08,
        "dvar": 3.24534426872e-16,
        "dvar2": 6.31662326679e-16,
        "max": 8.71686485444e-29,
        "mean": -1.58538391304e-08,
        "median": -6.15234929668e-09,
        "min": -1.30081843963e-07,
        "var": 5.19951280551e-16
    },
    "spectral_energy": {
        "dmean": 0.0410690270364,
        "dmean2": 0.0641677826643,
        "dvar": 0.00470189610496,
        "dvar2": 0.00915571767837,
        "max": 0.494126290083,
        "mean": 0.0614393539727,
        "median": 0.0248695649207,
        "min": 1.01955188454e-20,
        "var": 0.00757151236758
    },
    "spectral_energyband_high": {
        "dmean": 0.000619800412096,
        "dmean2": 0.00100075255614,
        "dvar": 9.03358795767e-07,
        "dvar2": 2.37303447648e-06,
        "max": 0.0109601812437,
        "mean": 0.000860613421537,
        "median": 0.000524874543771,
        "min": 7.37340558535e-21,
        "var": 1.03521085748e-06
    },
    "spectral_energyband_low": {
        "dmean": 0.0376216843724,
        "dmean2": 0.0592511929572,
        "dvar": 0.00459185242653,
        "dvar2": 0.00889521278441,
        "max": 0.474925220013,
        "mean": 0.0492551289499,
        "median": 0.0109460484236,
        "min": 4.10675181242e-23,
        "var": 0.00694593694061
    },
    "spectral_energyband_middle_high": {
        "dmean": 0.0020373200532,
        "dmean2": 0.00328692165203,
        "dvar": 1.19237911349e-05,
        "dvar2": 3.04016939481e-05,
        "max": 0.0312978066504,
        "mean": 0.0028828070499,
        "median": 0.00182988168672,
        "min": 1.54044587337e-21,
        "var": 1.30045691549e-05
    },
    "spectral_energyband_middle_low": {
        "dmean": 0.00607573892921,
        "dmean2": 0.00940478034317,
        "dvar": 7.26504658815e-05,
        "dvar2": 0.000183879150427,
        "max": 0.170024111867,
        "mean": 0.010311409831,
        "median": 0.00699646444991,
        "min": 1.55655206541e-22,
        "var": 0.000129203632241
    },
    "spectral_entropy": {
        "dmean": 0.337313920259,
        "dmean2": 0.472403943539,
        "dvar": 0.1451895684,
        "dvar2": 0.302727371454,
        "max": 9.79449272156,
        "mean": 7.555747509,
        "median": 7.69046831131,
        "min": 3.10646224022,
        "var": 0.40929210186
    },
    "spectral_flux": {
        "dmean": 0.0777742788196,
        "dmean2": 0.130623713136,
        "dvar": 0.00962932594121,
        "dvar2": 0.0242874976248,
        "max": 0.596809029579,
        "mean": 0.13381113112,
        "median": 0.0887497961521,
        "min": 6.7580843699e-11,
        "var": 0.0155717525631
    },
    "spectral_kurtosis": {
        "dmean": 2.45453453064,
        "dmean2": 3.77823019028,
        "dvar": 123.6534729,
        "dvar2": 238.275924683,
        "max": 547.669006348,
        "mean": 4.77118396759,
        "median": 2.82655692101,
        "min": -1.2556027174,
        "var": 273.055603027
    },
    "spectral_rms": {
        "dmean": 0.00231595640071,
        "dmean2": 0.00345417950302,
        "dvar": 9.1972788141e-06,
        "dvar2": 1.60689996846e-05,
        "max": 0.0219561923295,
        "mean": 0.00612761965021,
        "median": 0.00492574740201,
        "min": 3.15386237092e-12,
        "var": 2.23928473133e-05
    },
    "spectral_rolloff": {
        "dmean": 871.193481445,
        "dmean2": 1486.85949707,
        "dvar": 1532794,
        "dvar2": 3515420,
        "max": 19078.4179688,
        "mean": 1123.71972656,
        "median": 344.53125,
        "min": 64.599609375,
        "var": 2180883.5
    },
    "spectral_skewness": {
        "dmean": 0.299486637115,
        "dmean2": 0.457066833973,
        "dvar": 0.342502236366,
        "dvar2": 0.686872839928,
        "max": 19.7980728149,
        "mean": 1.40803575516,
        "median": 1.27979338169,
        "min": -0.0407732538879,
        "var": 0.907629072666
    },
    "spectral_spread": {
        "dmean": 630709.75,
        "dmean2": 959612.25,
        "dvar": 783687548928,
        "dvar2": 1.44055651533e+12,
        "max": 47484684,
        "mean": 5024963.5,
        "median": 5120580,
        "min": 303351.3125,
        "var": 1.74517924659e+12
    },
    "spectral_strongpeak": {
        "dmean": 0.369964450598,
        "dmean2": 0.600240886211,
        "dvar": 0.310450643301,
        "dvar2": 0.76648414135,
        "max": 6.81094026566,
        "mean": 0.612573325634,
        "median": 0.459422379732,
        "min": 0,
        "var": 0.406152963638
    },
    "zerocrossingrate": {
        "dmean": 0.0192163996398,
        "dmean2": 0.0233121365309,
        "dvar": 0.000268048024736,
        "dvar2": 0.000342512794305,
        "max": 0.546875,
        "mean": 0.0532402172685,
        "median": 0.04736328125,
        "min": 0.00244140625,
        "var": 0.0013790196972
    },
    "barkbands": {
        "dmean": [0.000839626474772, 0.0297679472715, 0.0123470854014, 0.00319975055754, 0.00282611954026, 0.000643006293103, 0.000294428144116, 0.000156563517521, 0.000210063502891, 0.000193526750081, 0.0002590881777, 0.000147027865751, 0.000152614025865, 0.000230584788369, 0.00032215428655, 0.000337166216923, 0.000315988698276, 0.000245490606176, 0.000220233894652, 0.000213659426663, 0.000210361875361, 0.000153533037519, 8.63425957505e-05, 5.7692075643e-05, 4.03162302973e-05, 2.469674655e-05, 6.02050567977e-06],
        "dmean2": [0.00133905303665, 0.046522770077, 0.0214940886945, 0.00502720754594, 0.00440054899082, 0.00095856259577, 0.000468629004899, 0.000244637951255, 0.000326394132571, 0.000308223825414, 0.000430175015936, 0.000248918950092, 0.000251881108852, 0.000407033658121, 0.000561545835808, 0.00055806688033, 0.00052883324679, 0.000411310233176, 0.000355130730895, 0.00036187612568, 0.000357370561687, 0.000254626298556, 0.00013647088781, 9.12388786674e-05, 6.38087512925e-05, 3.84300328733e-05, 9.9880999187e-06],
        "dvar": [2.72128022516e-06, 0.00363756367005, 0.000649773515761, 2.28252119996e-05, 2.19467983698e-05, 1.30254545638e-06, 2.83158641423e-07, 1.00370336042e-07, 1.29912791635e-07, 1.23266744367e-07, 2.5891210953e-07, 8.12090661384e-08, 7.66623742265e-08, 2.59752994225e-07, 5.79634502174e-07, 5.8429566252e-07, 3.12646022849e-07, 1.88359109643e-07, 1.20301891116e-07, 1.40520484138e-07, 9.39018818258e-08, 7.10943339755e-08, 1.5978651291e-08, 7.38604510886e-09, 4.73588634975e-09, 1.60260238413e-09, 1.37447025983e-10],
        "dvar2": [6.56954580336e-06, 0.0064933821559, 0.00187996635213, 5.72460849071e-05, 5.3140509408e-05, 2.62434036813e-06, 6.95869005085e-07, 2.26405035164e-07, 2.98948293675e-07, 2.72440132676e-07, 6.48257980629e-07, 2.1492574831e-07, 1.96577957468e-07, 7.18834314739e-07, 1.60102717928e-06, 1.54683834808e-06, 8.20731941076e-07, 4.84593272176e-07, 2.89954158461e-07, 3.77408269969e-07, 2.50670154855e-07, 1.91374240899e-07, 3.92760526324e-08, 1.89651725435e-08, 1.15999263528e-08, 3.85760978716e-09, 3.53508111672e-10],
        "max": [0.0259317737073, 0.437919676304, 0.235038384795, 0.0810651034117, 0.0844561085105, 0.0350331775844, 0.00808651000261, 0.00781621597707, 0.00557808950543, 0.00940033793449, 0.0119473394006, 0.0065689990297, 0.00328632653691, 0.00633835606277, 0.00914580002427, 0.0105072986335, 0.00619083363563, 0.00430355686694, 0.00589791545644, 0.00665639713407, 0.0031218517106, 0.00294823898003, 0.0014814514434, 0.000750935229007, 0.000528745527845, 0.000329004891682, 0.000141878350405],
        "mean": [0.000770791491959, 0.0347943268716, 0.0118627818301, 0.00428603822365, 0.00407371623442, 0.000952298520133, 0.000384165614378, 0.000202795301448, 0.000332191586494, 0.000265136506641, 0.000351043359842, 0.000158839044161, 0.000174622589839, 0.000186007862794, 0.000299951876514, 0.000385057413951, 0.000363770435797, 0.000294757483061, 0.000296115002129, 0.000252539670328, 0.000274034071481, 0.000184286487638, 0.000113848611363, 8.57683116919e-05, 5.37149426236e-05, 3.38364661729e-05, 6.81202345731e-06],
        "median": [0.000124851125292, 0.00266977213323, 0.00347769353539, 0.00198809965514, 0.00204990291968, 0.000476049317513, 0.000139721014421, 5.8222845837e-05, 0.000110866661998, 8.31807410577e-05, 0.000123083184008, 5.20475587109e-05, 6.77548232488e-05, 4.05365717597e-05, 9.80775657808e-05, 0.000101683021057, 0.000128820363898, 0.000127245089971, 0.000156592752319, 0.000132431392558, 0.000144416495459, 8.97635036381e-05, 6.05193417869e-05, 4.97281871503e-05, 3.25276705553e-05, 1.88099838851e-05, 1.38103564495e-06],
        "min": [7.11736656645e-24, 3.31910638408e-23, 8.0201392822e-25, 3.60919562471e-24, 2.14401854857e-23, 1.75575414834e-23, 2.42745437855e-23, 1.66134264412e-23, 2.23721205156e-23, 3.16864221046e-23, 2.49188475076e-23, 7.47506733977e-23, 4.47826333138e-23, 7.20401725709e-23, 8.30029157727e-23, 1.14932818218e-22, 1.40471918656e-22, 1.77101052892e-22, 2.29890854741e-22, 2.20632076338e-22, 3.36809628712e-22, 4.55840080773e-22, 6.41073860458e-22, 6.76599763251e-22, 1.05290529722e-21, 1.11373285963e-21, 2.30842299248e-21],
        "var": [2.59379612544e-06, 0.00509916059673, 0.000496908149216, 3.79520643037e-05, 3.41495906468e-05, 2.39644623434e-06, 4.50198456292e-07, 1.99376714249e-07, 2.83970194914e-07, 2.49124923357e-07, 4.99706573009e-07, 8.97034340142e-08, 8.39259968188e-08, 1.787581283e-07, 4.20426772507e-07, 5.72587566694e-07, 3.43916241263e-07, 2.21319396587e-07, 1.58975993259e-07, 1.32207929937e-07, 1.16043786136e-07, 6.75185063415e-08, 1.92437425994e-08, 1.1211347406e-08, 5.16315745713e-09, 1.98008454078e-09, 1.56378465732e-10]
    },
    "erbbands": {
        "dmean": [0.987359344959, 7.06565380096, 15.4637889862, 11.1463937759, 11.4594631195, 9.01677417755, 5.5283074379, 6.66442298889, 4.09620428085, 4.3492231369, 2.37661385536, 5.62244176865, 4.72314691544, 8.38210391998, 9.97017192841, 5.96142721176, 6.98119735718, 8.11287403107, 16.2709751129, 18.1371269226, 18.982591629, 15.8473348618, 13.9203624725, 12.2049732208, 10.4652910233, 9.68836212158, 9.45828342438, 7.48978042603, 5.6895699501, 3.54625916481, 2.36768078804, 1.47430276871, 0.893877029419, 0.39752420783, 0.329687416553, 0.134043067694, 0.0409748032689, 0.0119317341596, 0.00081534718629, 5.20723078807e-05],
        "dmean2": [1.43550097942, 11.3787298203, 26.8611793518, 18.4667892456, 17.4200305939, 13.9158878326, 8.71271419525, 9.77673053741, 6.34907245636, 6.93017196655, 3.73186326027, 8.65395545959, 7.49190092087, 13.3643531799, 16.7171936035, 9.91592025757, 11.4800815582, 13.700091362, 29.1249790192, 30.995262146, 31.8001403809, 26.572095871, 23.1071357727, 19.9824829102, 16.9981002808, 16.3088359833, 16.1699924469, 12.7192239761, 9.40939998627, 5.7105474472, 3.75837087631, 2.38789534569, 1.4056828022, 0.610073208809, 0.537230551243, 0.212683141232, 0.0638184100389, 0.0190944485366, 0.00135810731445, 8.26692048577e-05],
        "dvar": [4.05427694321, 198.09437561, 1000.74908447, 337.442504883, 361.993408203, 268.871643066, 82.0704193115, 170.583251953, 47.7239532471, 64.6418304443, 18.9365940094, 99.8959121704, 78.2523651123, 258.07623291, 385.390594482, 123.910545349, 162.818740845, 221.614074707, 1197.32714844, 2267.43359375, 1836.01379395, 848.883483887, 622.63671875, 375.257568359, 288.306732178, 272.17477417, 229.116241455, 130.597640991, 90.8264923096, 28.23828125, 11.7296333313, 4.4192442894, 2.17596101761, 0.337074011564, 0.390374720097, 0.0561425387859, 0.00398787809536, 0.000411893153796, 2.73409546026e-06, 5.67763613901e-09],
        "dvar2": [7.95705890656, 404.335693359, 2869.93408203, 979.214416504, 835.233154297, 589.162780762, 198.000305176, 324.832000732, 111.501701355, 156.016235352, 45.9394454956, 223.591018677, 176.621658325, 584.725646973, 965.02532959, 327.393829346, 416.286834717, 578.994750977, 3361.42626953, 6249.69775391, 4939.47021484, 2236.4050293, 1588.37365723, 882.896728516, 735.193054199, 725.406433105, 619.468933105, 346.309387207, 239.965805054, 71.7737426758, 29.2228927612, 11.559340477, 5.51482820511, 0.771541118622, 0.995761334896, 0.139437273145, 0.00930539797992, 0.00102607230656, 7.14999350748e-06, 1.11540918724e-08],
        "max": [18.5517807007, 101.990646362, 259.165985107, 175.070037842, 539.480102539, 305.365997314, 182.3853302, 429.752838135, 120.506958008, 160.310577393, 81.893737793, 174.392120361, 316.757476807, 333.545593262, 536.991638184, 165.834991455, 159.601593018, 197.501663208, 381.014923096, 536.663024902, 529.427978516, 326.275390625, 282.539611816, 260.12310791, 269.513305664, 244.439620972, 194.957077026, 110.997589111, 101.741973877, 61.9704742432, 29.4276618958, 20.8981628418, 12.5726337433, 4.72123432159, 4.4843711853, 1.94250953197, 0.604985833168, 0.234835341573, 0.0217289999127, 0.000536679930519],
        "mean": [0.932132899761, 7.97155380249, 14.6374769211, 13.8233585358, 16.2890605927, 12.4875764847, 7.42274665833, 9.93647003174, 5.91305971146, 5.81617069244, 3.2157599926, 9.09498214722, 7.00396108627, 11.9949970245, 13.2235078812, 6.86036014557, 8.07204341888, 8.10447883606, 14.5598545074, 18.4437656403, 20.8412094116, 17.9387741089, 17.7353649139, 15.6555528641, 14.5727977753, 11.9446849823, 11.6972637177, 9.13370895386, 6.82296276093, 4.70923280716, 3.13740491867, 2.12772631645, 1.24021470547, 0.606311142445, 0.383390247822, 0.163238063455, 0.0590115822852, 0.0161801241338, 0.000937082513701, 8.47509872983e-05],
        "median": [0.0446405410767, 0.76265847683, 4.18694496155, 6.87732696533, 7.27512168884, 5.50606584549, 3.58682632446, 4.39416408539, 2.65137982368, 2.23393440247, 1.34936356544, 3.02919960022, 3.30334019661, 4.04596185684, 5.17090559006, 2.58112049103, 3.26216173172, 2.86014342308, 4.88677358627, 5.83332824707, 6.45851516724, 7.69220161438, 7.8048248291, 8.0111913681, 8.17607402802, 6.6240811348, 5.75381183624, 4.71414470673, 3.19966959953, 2.55935955048, 1.74830532074, 1.18682050705, 0.706335186958, 0.394447028637, 0.209257498384, 0.0889650508761, 0.031973131001, 0.00672606471926, 0.000260232191067, 4.93824700243e-05],
        "min": [9.01869912572e-22, 6.55762778679e-21, 3.6325915289e-21, 6.60126883425e-21, 1.67137335763e-20, 7.16658555217e-20, 1.51087162596e-19, 1.2857908699e-19, 2.91323214821e-19, 7.17297629789e-19, 4.65735203405e-19, 5.99820818809e-19, 1.11632966068e-18, 1.39632667912e-18, 1.76020953104e-18, 3.12963784759e-18, 2.4253022414e-18, 3.09364763273e-18, 4.74115483928e-18, 6.08715512615e-18, 7.31284240651e-18, 8.03984234789e-18, 1.02858362343e-17, 1.15584345816e-17, 1.29629905704e-17, 1.21863531748e-17, 1.36867868413e-17, 1.20419133778e-17, 1.45109813318e-17, 2.01814152731e-17, 1.73835595692e-17, 1.43969213972e-17, 1.11308814666e-17, 1.14633915292e-17, 8.24116570128e-18, 4.55265443975e-18, 2.15651072853e-18, 1.03540017071e-18, 2.71767734562e-19, 3.52972443037e-20],
        "var": [4.83186626434, 257.87487793, 775.64440918, 371.572021484, 604.558532715, 465.198669434, 122.454391479, 322.723114014, 88.3403167725, 107.606483459, 31.8771095276, 222.011383057, 148.387298584, 539.966369629, 673.090148926, 143.63432312, 178.513717651, 197.734008789, 850.793640137, 1677.93188477, 1542.88720703, 794.282409668, 816.991821289, 485.479400635, 376.922637939, 270.445373535, 251.924514771, 141.651245117, 90.4945220947, 33.7809524536, 14.367565155, 7.00225448608, 2.58993387222, 0.495155870914, 0.358925849199, 0.0575842149556, 0.00557319121435, 0.00053821754409, 2.85286841972e-06, 9.51283052331e-09]
    },
    "gfcc": {
        "mean": [-29.2469654083, 78.6577606201, -90.7090988159, 56.304107666, -42.5376930237, 14.0107049942, -32.6413459778, 5.90957164764, -27.2584152222, -3.65275239944, -21.8380699158, 2.03439998627, -10.4404067993],
        "cov": [[17636.8457031, -1915.87207031, -392.275115967, 208.933425903, -22.2888031006, 235.342437744, -33.4580726624, 445.214599609, -89.0481262207, 577.01373291, -66.0888824463, 437.660430908, -190.287750244], [-1915.87207031, 1589.29528809, 336.681182861, 99.3082427979, 392.837524414, -133.378189087, 233.483154297, -122.650489807, 134.619049072, -229.247497559, 96.8078231812, -177.815414429, 103.194190979], [-392.275115967, 336.681182861, 669.311523438, 216.85218811, 223.42628479, 114.068572998, 118.328842163, 34.1159248352, 47.846446991, -37.737487793, 17.0723667145, -48.2347717285, 27.2418193817], [208.933425903, 99.3082427979, 216.85218811, 419.830566406, 108.193878174, 135.306533813, 86.6139526367, 25.9388942719, 60.5367240906, -5.96310377121, 19.7615604401, -65.1386032104, 32.1674118042], [-22.2888031006, 392.837524414, 223.42628479, 108.193878174, 361.898468018, 60.9378662109, 163.371917725, 29.9131336212, 76.5115280151, -61.4411811829, 31.0577659607, -38.4646377563, 33.5255279541], [235.342437744, -133.378189087, 114.068572998, 135.306533813, 60.9378662109, 223.079696655, 47.114402771, 65.0621566772, 19.9002094269, 36.1869735718, 12.766122818, 11.7185974121, 4.35689067841], [-33.4580726624, 233.483154297, 118.328842163, 86.6139526367, 163.371917725, 47.114402771, 204.418045044, 59.1847496033, 54.326423645, -49.0230827332, 34.3283729553, -24.5759429932, 28.3078613281], [445.214599609, -122.650489807, 34.1159248352, 25.9388942719, 29.9131336212, 65.0621566772, 59.1847496033, 125.935249329, 36.7575378418, 30.0068340302, 4.79322767258, 26.0043582916, 2.76621031761], [-89.0481262207, 134.619049072, 47.846446991, 60.5367240906, 76.5115280151, 19.9002094269, 54.326423645, 36.7575378418, 120.901802063, 26.944272995, 20.5206718445, -20.6056671143, 29.0896263123], [577.01373291, -229.247497559, -37.737487793, -5.96310377121, -61.4411811829, 36.1869735718, -49.0230827332, 30.0068340302, 26.944272995, 126.827476501, 16.8841323853, 45.3027877808, -19.4952297211], [-66.0888824463, 96.8078231812, 17.0723667145, 19.7615604401, 31.0577659607, 12.766122818, 34.3283729553, 4.79322767258, 20.5206718445, 16.8841323853, 92.9177856445, 31.0733890533, 20.2938117981], [437.660430908, -177.815414429, -48.2347717285, -65.1386032104, -38.4646377563, 11.7185974121, -24.5759429932, 26.0043582916, -20.6056671143, 45.3027877808, 31.0733890533, 118.761528015, 15.8839502335], [-190.287750244, 103.194190979, 27.2418193817, 32.1674118042, 33.5255279541, 4.35689067841, 28.3078613281, 2.76621031761, 29.0896263123, -19.4952297211, 20.2938117981, 15.8839502335, 78.6193618774]],
        "icov": [[9.05260458239e-05, 5.32590502189e-06, 8.78933133208e-05, -0.000177516893018, -0.000175653724, 0.000148321865709, -7.17198709026e-05, -0.00023231432715, 0.000286972266622, -0.000458424474346, 0.000242251451709, -0.000278762367088, 0.000128905201564], [5.32590502189e-06, 0.00217305659316, -0.000610373332165, 0.000495527347084, -0.000921554106753, 0.000989053747617, -0.000579607789405, 0.00187146244571, -0.00188100978266, 0.00226544425823, -0.0024041023571, 0.00188451865688, -0.000852086523082], [8.78933133208e-05, -0.000610373332165, 0.00241429219022, -0.00101295823697, -0.000985456863418, -0.000525881943759, 9.82596102403e-05, -0.000913938565645, 0.001179578132, -0.00106485106517, 0.000947350054048, -0.000523215625435, 0.000198611582164], [-0.000177516893018, 0.000495527347084, -0.00101295823697, 0.00450395839289, 0.000372725131456, -0.00216508004814, -0.000539898173884, 0.0013223917922, -0.00138159270864, 0.000832675723359, -0.00170049525332, 0.00354624795727, -0.00202283263206], [-0.000175653724, -0.000921554106753, -0.000985456863418, 0.000372725131456, 0.00633794208989, -0.00163847289514, -0.00253175501712, 0.000856423692312, -0.00267186248675, 0.00221826462075, 0.00023016774503, -0.000916654593311, 0.000907458481379], [0.000148321865709, 0.000989053747617, -0.000525881943759, -0.00216508004814, -0.00163847289514, 0.00800352729857, -0.000595475605223, -0.00233800569549, 0.00161413615569, -0.00218998105265, -0.000423887802754, -0.000128810817841, -0.000324169785017], [-7.17198709026e-05, -0.000579607789405, 9.82596102403e-05, -0.000539898173884, -0.00253175501712, -0.000595475605223, 0.0114491870627, -0.00541902706027, -0.00128871260677, 0.00434809131548, -0.00320412544534, 0.000869386072736, 0.00016135929036], [-0.00023231432715, 0.00187146244571, -0.000913938565645, 0.0013223917922, 0.000856423692312, -0.00233800569549, -0.00541902706027, 0.0158839505166, -0.00604240084067, 0.00148143491242, 0.000533496204298, -0.00193506979849, 0.000769885256886], [0.000286972266622, -0.00188100978266, 0.001179578132, -0.00138159270864, -0.00267186248675, 0.00161413615569, -0.00128871260677, -0.00604240084067, 0.0193212106824, -0.0120625188574, 0.00158767495304, 0.00426883623004, -0.00636574905366], [-0.000458424474346, 0.00226544425823, -0.00106485106517, 0.000832675723359, 0.00221826462075, -0.00218998105265, 0.00434809131548, 0.00148143491242, -0.0120625188574, 0.02219870314, -0.00639753509313, -0.00303862360306, 0.00573597569019], [0.000242251451709, -0.0024041023571, 0.000947350054048, -0.00170049525332, 0.00023016774503, -0.000423887802754, -0.00320412544534, 0.000533496204298, 0.00158767495304, -0.00639753509313, 0.0181911699474, -0.00772896362469, -0.000138281247928], [-0.000278762367088, 0.00188451865688, -0.000523215625435, 0.00354624795727, -0.000916654593311, -0.000128810817841, 0.000869386072736, -0.00193506979849, 0.00426883623004, -0.00303862360306, -0.00772896362469, 0.0193824898452, -0.00851876288652], [0.000128905201564, -0.000852086523082, 0.000198611582164, -0.00202283263206, 0.000907458481379, -0.000324169785017, 0.00016135929036, 0.000769885256886, -0.00636574905366, 0.00573597569019, -0.000138281247928, -0.00851876288652, 0.0199890900403]]
    },
    "melbands": {
        "dmean": [0.00847705546767, 0.00847357977182, 0.00200144154951, 0.000710051972419, 0.000237941960222, 0.000135960886837, 6.36113327346e-05, 4.57585410913e-05, 1.76832581928e-05, 3.78010117856e-05, 2.34286580962e-05, 3.36383309332e-05, 3.19156642945e-05, 2.05187006941e-05, 1.42756261994e-05, 1.53088531079e-05, 1.59962055477e-05, 2.79638352367e-05, 2.30741807172e-05, 2.62265693891e-05, 2.17302167584e-05, 1.67803736986e-05, 1.59263854584e-05, 1.12173820526e-05, 1.02019412225e-05, 8.64033063408e-06, 7.78326739237e-06, 6.12902658759e-06, 6.36742288407e-06, 5.08845096192e-06, 4.4903986236e-06, 3.4066090393e-06, 2.7703847536e-06, 1.71991848674e-06, 1.43695433508e-06, 1.2184212892e-06, 7.96792051005e-07, 6.81305323269e-07, 4.74302964903e-07, 2.98426044765e-07],
        "dmean2": [0.0122973071411, 0.0142044620588, 0.00322769186459, 0.00109849881846, 0.000368268869352, 0.000200057373149, 9.9350574601e-05, 7.26739453967e-05, 2.80988642771e-05, 5.81771673751e-05, 3.75321142201e-05, 5.35311846761e-05, 5.34597711521e-05, 3.44326945196e-05, 2.32133570535e-05, 2.53909583989e-05, 2.73735804512e-05, 5.09086275997e-05, 3.96764735342e-05, 4.37008529843e-05, 3.65148480341e-05, 2.82867658825e-05, 2.68191288342e-05, 1.85863591469e-05, 1.68351416505e-05, 1.40462107083e-05, 1.3116907212e-05, 1.03603433672e-05, 1.09312913992e-05, 8.63328750711e-06, 7.68051904743e-06, 5.66999915463e-06, 4.54219889434e-06, 2.7669912015e-06, 2.29790111916e-06, 2.00857766686e-06, 1.29055274556e-06, 1.09169081952e-06, 7.28639349745e-07, 4.6681918775e-07],
        "dvar": [0.000284315698082, 0.000257271807641, 9.45509873418e-06, 1.38598818467e-06, 1.52938113729e-07, 6.66066881649e-08, 1.18966640983e-08, 7.50828554885e-09, 1.13527365286e-09, 4.48906378736e-09, 1.97424165904e-09, 4.12656220306e-09, 3.59842977637e-09, 1.55592805307e-09, 6.65170474257e-10, 7.59214136004e-10, 9.60651558302e-10, 4.14158396467e-09, 3.67551544755e-09, 3.54729312591e-09, 2.39125452772e-09, 9.96877580484e-10, 7.87544141012e-10, 4.1616057822e-10, 2.67771055329e-10, 2.11775194603e-10, 1.94421728716e-10, 1.05664324512e-10, 1.12220600867e-10, 5.7621133559e-11, 5.21576289103e-11, 3.67130423284e-11, 1.87163218951e-11, 6.42718040247e-12, 4.35895763928e-12, 3.25759905162e-12, 1.32949825194e-12, 1.27206958075e-12, 5.2861008756e-13, 1.86129377969e-13],
        "dvar2": [0.000500227732118, 0.000685423263349, 2.68781313935e-05, 3.30014654537e-06, 3.52347029775e-07, 1.28612498429e-07, 2.82634022852e-08, 1.76528516249e-08, 2.823826728e-09, 1.0116146143e-08, 4.48149473087e-09, 9.29709997877e-09, 9.1827976334e-09, 4.02167499303e-09, 1.65603264435e-09, 1.99416638758e-09, 2.55746401834e-09, 1.18424496875e-08, 1.01129833396e-08, 9.40650579651e-09, 6.38379793472e-09, 2.63647415011e-09, 2.03418548672e-09, 1.0699541253e-09, 6.305470035e-10, 5.25201382384e-10, 5.23742937908e-10, 2.81211498532e-10, 2.99140018312e-10, 1.54966012245e-10, 1.40493450207e-10, 9.78114256256e-11, 4.83878319357e-11, 1.60600768795e-11, 1.07891300061e-11, 8.62597146489e-12, 3.49965174028e-12, 3.26548033405e-12, 1.26204287906e-12, 4.28037000375e-13],
        "max": [0.143640771508, 0.118948109448, 0.0390043109655, 0.0218273587525, 0.00925347860903, 0.00836884509772, 0.00185934221372, 0.00192379415967, 0.000751683488488, 0.0010766844498, 0.00156194635201, 0.00150255823974, 0.0014093874488, 0.000976809067652, 0.000420940516051, 0.000365887593944, 0.000394364004023, 0.000707129598595, 0.000817423395347, 0.000723081640899, 0.000597070145886, 0.00039640176692, 0.00032845660462, 0.000212519415072, 0.000239634522586, 0.000225836382015, 0.000260642031208, 0.000140689720865, 0.000158094946528, 8.5078572738e-05, 7.15867208783e-05, 7.97079192125e-05, 4.19799689553e-05, 3.72857211914e-05, 1.87021832971e-05, 1.63015993166e-05, 1.41650443766e-05, 1.01168334368e-05, 6.69117753205e-06, 3.99865621148e-06],
        "mean": [0.00920204352587, 0.00897572934628, 0.00265170424245, 0.00102673890069, 0.000329019181663, 0.000202581984922, 8.93243486644e-05, 6.11933937762e-05, 2.20664551307e-05, 6.06750872976e-05, 3.3063643059e-05, 4.65565935883e-05, 4.28226339864e-05, 2.47165171459e-05, 1.54005501827e-05, 1.72658892552e-05, 1.4799597011e-05, 2.32437287195e-05, 2.1104586267e-05, 3.06569345412e-05, 2.28535500355e-05, 1.8239583369e-05, 1.95873544726e-05, 1.31150272864e-05, 1.24281823446e-05, 1.13507649075e-05, 9.56293297349e-06, 7.15640680937e-06, 7.6728338172e-06, 6.09083554082e-06, 5.1386045925e-06, 3.9301344259e-06, 3.36450443683e-06, 2.27596160585e-06, 1.8454951487e-06, 1.57083411523e-06, 1.16058151889e-06, 8.98772384517e-07, 6.88540353622e-07, 4.47674722182e-07],
        "median": [0.000617664190941, 0.00208475417458, 0.00141164637171, 0.000523346941918, 0.000149800529471, 9.33373812586e-05, 3.69080698874e-05, 2.21389218495e-05, 8.16495958134e-06, 1.94936674234e-05, 1.4234743503e-05, 1.38622945087e-05, 1.62814176292e-05, 8.76467674971e-06, 4.46997682957e-06, 7.29888142814e-06, 4.0090217226e-06, 6.81067467667e-06, 6.2040908233e-06, 7.9406909208e-06, 6.77919433656e-06, 7.02356373949e-06, 7.06540049578e-06, 5.34638093086e-06, 5.50383629161e-06, 5.49672813577e-06, 4.72976398669e-06, 3.83082124245e-06, 3.46952447217e-06, 2.95408358397e-06, 2.40130611928e-06, 1.77478727892e-06, 1.50580228819e-06, 1.22586561702e-06, 9.94088168227e-07, 8.73297381077e-07, 6.05399122833e-07, 4.89840431328e-07, 4.07285710935e-07, 2.85046667159e-07],
        "min": [1.00428217347e-23, 4.97775727702e-24, 1.30352500106e-24, 3.23827342429e-24, 4.747714393e-24, 2.80912480881e-24, 4.44637504923e-24, 6.76882967472e-24, 3.83944597914e-24, 3.71906974931e-24, 4.67791874112e-24, 5.06783533163e-24, 4.40540555812e-24, 6.42932957909e-24, 6.20852267855e-24, 3.63043373243e-24, 5.8978475604e-24, 7.39160932698e-24, 7.66140527859e-24, 6.31096494457e-24, 8.83614143991e-24, 8.26309710114e-24, 9.00195684674e-24, 7.90295606549e-24, 8.32662406983e-24, 8.42366421637e-24, 6.84743019759e-24, 8.43772723973e-24, 8.75849228328e-24, 8.36802506786e-24, 5.79036486764e-24, 8.38196187347e-24, 8.06705964416e-24, 1.09392974669e-23, 9.58356742608e-24, 8.42493980445e-24, 8.41792998645e-24, 6.85268480008e-24, 8.95824685284e-24, 9.19616335755e-24],
        "var": [0.000393723457819, 0.000258410844253, 1.21577904793e-05, 2.21589334615e-06, 2.55437015539e-07, 1.26017042135e-07, 2.10673114509e-08, 1.32518449547e-08, 1.70301528435e-09, 1.00788337676e-08, 3.64788554919e-09, 8.60778026635e-09, 6.47031939138e-09, 2.19940621271e-09, 7.41416095185e-10, 7.74568187367e-10, 8.04553368372e-10, 2.6897295502e-09, 2.57690291328e-09, 3.75419650922e-09, 2.01903582742e-09, 9.20761022982e-10, 1.02402997193e-09, 4.46451126068e-10, 3.48130829719e-10, 2.81055650975e-10, 1.9901823245e-10, 1.00696014027e-10, 1.29674812555e-10, 6.51733597645e-11, 5.38179154019e-11, 3.44281235465e-11, 2.10217555169e-11, 7.79168049525e-12, 5.23740816341e-12, 3.78956761804e-12, 2.31450384032e-12, 1.421275749e-12, 7.54620432981e-13, 2.71964335817e-13]
    },
    "mfcc": {
        "mean": [-676.440979004, 102.421890259, 17.7672252655, 45.5303382874, 16.2291164398, 14.9074735641, 5.79791498184, 9.64399433136, 2.87858700752, -1.42206585407, -7.64066076279, -4.20730924606, -2.82054758072],
        "cov": [[14838.9648438, -712.256591797, -911.923217773, 227.589523315, -215.83883667, 114.274482727, -45.0544242859, 23.8810939789, 20.859992981, 99.7986679077, 152.533538818, 207.20501709, 196.409759521], [-712.256591797, 1172.43530273, 140.477874756, 174.002197266, 172.564590454, 17.9560642242, 81.0148544312, 87.727645874, 51.5484275818, -20.1047019958, 19.4808578491, -12.1378526688, -6.8278055191], [-911.923217773, 140.477874756, 515.812805176, 156.474105835, 134.711990356, 107.945106506, 83.1088027954, 61.3420829773, 49.3760032654, 52.3072052002, 19.9641590118, -12.5531253815, -21.3494091034], [227.589523315, 174.002197266, 156.474105835, 300.697937012, 111.265312195, 90.1158752441, 80.4411010742, 63.7412605286, 63.6262054443, 50.8280677795, 29.52526474, 6.16141462326, -5.60848760605], [-215.83883667, 172.564590454, 134.711990356, 111.265312195, 209.057693481, 103.088127136, 72.4676513672, 68.8742523193, 60.9737854004, 46.6666870117, 25.2386646271, 9.09060573578, 0.0743155106902], [114.274482727, 17.9560642242, 107.945106506, 90.1158752441, 103.088127136, 167.000396729, 71.0411071777, 45.1955184937, 42.9812583923, 45.623046875, 30.7827911377, 12.7757425308, 4.26346826553], [-45.0544242859, 81.0148544312, 83.1088027954, 80.4411010742, 72.4676513672, 71.0411071777, 155.264373779, 102.349601746, 39.8338050842, 22.933221817, 15.6420583725, 14.8643093109, 11.8669157028], [23.8810939789, 87.727645874, 61.3420829773, 63.7412605286, 68.8742523193, 45.1955184937, 102.349601746, 140.585067749, 71.6999359131, 24.2415351868, 12.5176000595, 14.0104312897, 13.024266243], [20.859992981, 51.5484275818, 49.3760032654, 63.6262054443, 60.9737854004, 42.9812583923, 39.8338050842, 71.6999359131, 112.900627136, 62.0221138, 20.692237854, 2.44260954857, -2.06712007523], [99.7986679077, -20.1047019958, 52.3072052002, 50.8280677795, 46.6666870117, 45.623046875, 22.933221817, 24.2415351868, 62.0221138, 97.1282958984, 44.8879547119, 7.48188447952, -2.92767524719], [152.533538818, 19.4808578491, 19.9641590118, 29.52526474, 25.2386646271, 30.7827911377, 15.6420583725, 12.5176000595, 20.692237854, 44.8879547119, 80.8074569702, 34.9921112061, 7.11010694504], [207.20501709, -12.1378526688, -12.5531253815, 6.16141462326, 9.09060573578, 12.7757425308, 14.8643093109, 14.0104312897, 2.44260954857, 7.48188447952, 34.9921112061, 65.6048583984, 35.5128936768], [196.409759521, -6.8278055191, -21.3494091034, -5.60848760605, 0.0743155106902, 4.26346826553, 11.8669157028, 13.024266243, -2.06712007523, -2.92767524719, 7.11010694504, 35.5128936768, 70.2276763916]],
