{
"lowlevel": {
    "average_loudness": 0.749815046787,
    "barkbands_crest": {
        "dmean": 3.08816313744,
        "dmean2": 4.9990773201,
        "dvar": 8.54774570465,
        "dvar2": 21.6641368866,
        "max": 26.2419471741,
        "mean": 11.1446065903,
        "median": 10.4243526459,
        "min": 2.27315402031,
        "var": 18.1507053375
    },
    "barkbands_flatness_db": {
        "dmean": 0.0328926518559,
        "dmean2": 0.0494741126895,
        "dvar": 0.00114035478327,
        "dvar2": 0.00241795554757,
        "max": 0.490963459015,
        "mean": 0.157554119825,
        "median": 0.146923959255,
        "min": 0.0219046417624,
        "var": 0.00511618983001
    },
    "barkbands_kurtosis": {
        "dmean": 8.23835754395,
        "dmean2": 12.8716583252,
        "dvar": 522.25994873,
        "dvar2": 1226.17553711,
        "max": 1105.54382324,
        "mean": 12.1496887207,
        "median": 6.20314884186,
        "min": -1.85816764832,
        "var": 593.668640137
    },
    "barkbands_skewness": {
        "dmean": 0.898513972759,
        "dmean2": 1.38132095337,
        "dvar": 1.22359287739,
        "dvar2": 2.57420110703,
        "max": 28.3363857269,
        "mean": 2.60888910294,
        "median": 2.41897034645,
        "min": -2.46802735329,
        "var": 3.36811852455
    },
    "barkbands_spread": {
        "dmean": 8.10458469391,
        "dmean2": 13.0092086792,
        "dvar": 104.120620728,
        "dvar2": 250.849349976,
        "max": 127.940574646,
        "mean": 21.0065498352,
        "median": 15.9563817978,
        "min": 0.186651736498,
        "var": 311.830718994
    },
    "dissonance": {
        "dmean": 0.0136979846284,
        "dmean2": 0.0221775565296,
        "dvar": 0.000197114728508,
        "dvar2": 0.000488312740345,
        "max": 0.500000059605,
        "mean": 0.467180848122,
        "median": 0.47381991148,
        "min": 0.257560640574,
        "var": 0.000619356345851
    },
    "dynamic_complexity": 5.01390886307,
    "erbbands_crest": {
        "dmean": 2.0226380825,
        "dmean2": 3.16905784607,
        "dvar": 4.03546667099,
        "dvar2": 9.42251491547,
        "max": 31.066827774,
        "mean": 7.39135217667,
        "median": 6.41136837006,
        "min": 2.25598335266,
        "var": 13.9891366959
    },
    "erbbands_flatness_db": {
        "dmean": 0.0163592081517,
        "dmean2": 0.0221299361438,
        "dvar": 0.000357645592885,
        "dvar2": 0.000647040607873,
        "max": 0.347444593906,
        "mean": 0.132911175489,
        "median": 0.120496921241,
        "min": 0.0370086356997,
        "var": 0.00240591145121
    },
    "erbbands_kurtosis": {
        "dmean": 0.637156069279,
        "dmean2": 1.00484704971,
        "dvar": 0.945434987545,
        "dvar2": 2.12644743919,
        "max": 19.5171298981,
        "mean": -0.318188279867,
        "median": -0.791019916534,
        "min": -1.81737673283,
        "var": 2.39839363098
    },
    "erbbands_skewness": {
        "dmean": 0.386481761932,
        "dmean2": 0.606380999088,
        "dvar": 0.176730901003,
        "dvar2": 0.43716737628,
        "max": 4.05846357346,
        "mean": 0.223560556769,
        "median": 0.16047693789,
        "min": -3.10312461853,
        "var": 0.590101540089
    },
    "erbbands_spread": {
        "dmean": 10.1664333344,
        "dmean2": 15.2318277359,
        "dvar": 116.409187317,
        "dvar2": 252.642364502,
        "max": 142.7578125,
        "mean": 57.0904922485,
        "median": 55.4367523193,
        "min": 5.69286155701,
        "var": 499.712097168
    },
    "hfc": {
        "dmean": 6.55609893799,
        "dmean2": 9.1865234375,
        "dvar": 134.643264771,
        "dvar2": 268.893096924,
        "max": 151.801864624,
        "mean": 14.0571775436,
        "median": 7.60024547577,
        "min": 1.03722149007e-16,
        "var": 297.957977295
    },
    "melbands_crest": {
        "dmean": 3.71473479271,
        "dmean2": 6.05687713623,
        "dvar": 11.4516105652,
        "dvar2": 31.5118198395,
        "max": 34.7264633179,
        "mean": 16.4111709595,
        "median": 16.1644592285,
        "min": 1.50729978085,
        "var": 27.8846225739
    },
    "melbands_flatness_db": {
        "dmean": 0.0401738546789,
        "dmean2": 0.0604125708342,
        "dvar": 0.00178808521014,
        "dvar2": 0.00384086486883,
        "max": 0.621747016907,
        "mean": 0.235327467322,
        "median": 0.230047151446,
        "min": 0.00314000528306,
        "var": 0.00875579752028
    },
    "melbands_kurtosis": {
        "dmean": 19.5796432495,
        "dmean2": 30.6520652771,
        "dvar": 1180.51965332,
        "dvar2": 2591.48974609,
        "max": 536.724975586,
        "mean": 36.7933921814,
        "median": 23.4360160828,
        "min": -1.69460260868,
        "var": 2019.89501953
    },
    "melbands_skewness": {
        "dmean": 1.19085121155,
        "dmean2": 1.84049785137,
        "dvar": 1.95109689236,
        "dvar2": 4.33067560196,
        "max": 18.3763065338,
        "mean": 4.49155235291,
        "median": 4.18184328079,
        "min": -2.25289368629,
        "var": 5.63430595398
    },
    "melbands_spread": {
        "dmean": 7.81569576263,
        "dmean2": 12.7572803497,
        "dvar": 140.842315674,
        "dvar2": 345.076904297,
        "max": 201.619445801,
        "mean": 18.5048999786,
        "median": 10.6179037094,
        "min": 0.313437044621,
        "var": 565.323181152
    },
    "pitch_salience": {
        "dmean": 0.0924764946103,
        "dmean2": 0.149957746267,
        "dvar": 0.00778172211722,
        "dvar2": 0.0194358676672,
        "max": 0.989864349365,
        "mean": 0.528732478619,
        "median": 0.542289018631,
        "min": 0.0372351892292,
        "var": 0.0180811807513
    },
    "silence_rate_20dB": {
        "dmean": 0,
        "dmean2": 0,
        "dvar": 0,
        "dvar2": 0,
        "max": 1,
        "mean": 1,
        "median": 1,
        "min": 1,
        "var": 0
    },
    "silence_rate_30dB": {
        "dmean": 0.0435869954526,
        "dmean2": 0.087181776762,
        "dvar": 0.0416872724891,
        "dvar2": 0.094413086772,
        "max": 1,
        "mean": 0.959096193314,
        "median": 1,
        "min": 0,
        "var": 0.0392339937389
    },
    "silence_rate_60dB": {
        "dmean": 0.0359056815505,
        "dmean2": 0.0718177780509,
        "dvar": 0.034610517323,
        "dvar2": 0.0754266902804,
        "max": 1,
        "mean": 0.155756011605,
        "median": 0,
        "min": 0,
        "var": 0.131478354335
    },
    "spectral_centroid": {
        "dmean": 362.360717773,
        "dmean2": 588.928466797,
        "dvar": 230992.890625,
        "dvar2": 558045.25,
        "max": 11815.0732422,
        "mean": 1314.02978516,
        "median": 1050.18127441,
        "min": 123.87361145,
        "var": 1674586.75
    },
    "spectral_complexity": {
        "dmean": 4.48428010941,
        "dmean2": 6.75837421417,
        "dvar": 44.1734809875,
        "dvar2": 87.2859573364,
        "max": 60,
        "mean": 14.0133962631,
        "median": 11,
        "min": 0,
        "var": 135.578598022
    },
    "spectral_decrease": {
        "dmean": 3.75235531536e-09,
        "dmean2": 5.71559954921e-09,
        "dvar": 4.64698520691e-17,
        "dvar2": 9.78913991908e-17,
        "max": 1.49158627887e-28,
        "mean": -7.16776549226e-09,
        "median": -4.50262538365e-09,
        "min": -7.56001341529e-08,
        "var": 8.01469192137e-17
    },
    "spectral_energy": {
        "dmean": 0.014567958191,
        "dmean2": 0.0220383349806,
        "dvar": 0.000681193138007,
        "dvar2": 0.00142505194526,
        "max": 0.288705557585,
        "mean": 0.0283278506249,
        "median": 0.0179303195328,
        "min": 9.60846779531e-21,
        "var": 0.00120794726536
    },
    "spectral_energyband_high": {
        "dmean": 0.00055393204093,
        "dmean2": 0.000816058716737,
        "dvar": 1.2083812635e-06,
        "dvar2": 2.65363382823e-06,
        "max": 0.0135569944978,
        "mean": 0.000883741828147,
        "median": 0.000254718615906,
        "min": 7.001212276e-21,
        "var": 2.28224621424e-06
    },
    "spectral_energyband_low": {
        "dmean": 0.0113183110952,
        "dmean2": 0.0177678056061,
        "dvar": 0.000627036846709,
        "dvar2": 0.00137338740751,
        "max": 0.281064748764,
        "mean": 0.0161275938153,
        "median": 0.00700326683,
        "min": 1.14790447757e-23,
        "var": 0.000821941706818
    },
    "spectral_energyband_middle_high": {
        "dmean": 0.000819519977085,
        "dmean2": 0.0012277290225,
        "dvar": 2.20747801905e-06,
        "dvar2": 5.08607354277e-06,
        "max": 0.02173858881,
        "mean": 0.00185068463907,
        "median": 0.00104014063254,
        "min": 1.05207841953e-21,
        "var": 5.00138457937e-06
    },
    "spectral_energyband_middle_low": {
        "dmean": 0.00620984658599,
        "dmean2": 0.0102208927274,
        "dvar": 0.000134202418849,
        "dvar2": 0.000344284897437,
        "max": 0.217234104872,
        "mean": 0.0118510490283,
        "median": 0.00728976540267,
        "min": 1.73759905103e-22,
        "var": 0.000219709909288
    },
    "spectral_entropy": {
        "dmean": 0.210479527712,
        "dmean2": 0.311705350876,
        "dvar": 0.0669166371226,
        "dvar2": 0.135394439101,
        "max": 9.82917022705,
        "mean": 7.54275083542,
        "median": 7.61814928055,
        "min": 4.85684680939,
        "var": 0.388698220253
    },
    "spectral_flux": {
        "dmean": 0.0331701226532,
        "dmean2": 0.0504631511867,
        "dvar": 0.00192545016762,
        "dvar2": 0.00392929743975,
        "max": 0.498682379723,
        "mean": 0.0824042335153,
        "median": 0.0643666163087,
        "min": 6.41044162197e-11,
        "var": 0.00504881888628
    },
    "spectral_kurtosis": {
        "dmean": 1.62746930122,
        "dmean2": 2.68072319031,
        "dvar": 9.9874162674,
        "dvar2": 24.8687648773,
        "max": 148.536361694,
        "mean": 4.14599704742,
        "median": 3.08317470551,
        "min": -1.28322303295,
        "var": 20.8910140991
    },
    "spectral_rms": {
        "dmean": 0.00111888942774,
        "dmean2": 0.00162465416361,
        "dvar": 2.21854588744e-06,
        "dvar2": 4.19830894316e-06,
        "max": 0.0167828463018,
        "mean": 0.00446052290499,
        "median": 0.00418246304616,
        "min": 3.06171754616e-12,
        "var": 7.74069849285e-06
    },
    "spectral_rolloff": {
        "dmean": 662.007385254,
        "dmean2": 1144.8112793,
        "dvar": 1303685.125,
        "dvar2": 3073283.75,
        "max": 19466.015625,
        "mean": 1500.01245117,
        "median": 409.130859375,
        "min": 64.599609375,
        "var": 8403219
    },
    "spectral_skewness": {
        "dmean": 0.236628323793,
        "dmean2": 0.373687595129,
        "dvar": 0.089184500277,
        "dvar2": 0.211221545935,
        "max": 9.44157123566,
        "mean": 1.40676796436,
        "median": 1.29325842857,
        "min": -0.0888115093112,
        "var": 0.304563254118
    },
    "spectral_spread": {
        "dmean": 625341.625,
        "dmean2": 850106.3125,
        "dvar": 1.35641379635e+12,
        "dvar2": 2.77537593754e+12,
        "max": 43075284,
        "mean": 5352006,
        "median": 4788719,
        "min": 576803.375,
        "var": 1.73593623265e+13
    },
    "spectral_strongpeak": {
        "dmean": 0.245759502053,
        "dmean2": 0.410812795162,
        "dvar": 0.122409984469,
        "dvar2": 0.326074689627,
        "max": 5.91326713562,
        "mean": 0.442505657673,
        "median": 0.325279325247,
        "min": 0,
        "var": 0.177543029189
    },
    "zerocrossingrate": {
        "dmean": 0.0136498073116,
        "dmean2": 0.0159626752138,
        "dvar": 0.000332502357196,
        "dvar2": 0.000407497020205,
        "max": 0.85693359375,
        "mean": 0.0658944174647,
        "median": 0.044921875,
        "min": 0.0029296875,
        "var": 0.00819805916399
    },
    "barkbands": {
        "dmean": [0.000155907429871, 0.0066548762843, 0.00596154574305, 0.0034238062799, 0.00343638169579, 0.000554706610274, 0.000305276160361, 0.000219311346882, 0.000139467403642, 0.000150425548782, 8.67803173605e-05, 0.000101342149719, 7.67783785705e-05, 8.20258719614e-05, 0.000110278539069, 0.000109854183393, 0.000159950024681, 0.000149349856656, 0.000161353120347, 0.000151413536514, 0.000196108187083, 0.000124088895973, 7.03524565324e-05, 4.61214403913e-05, 5.1825583796e-05, 7.06643913873e-05, 2.59000785263e-06],
        "dmean2": [0.0002605644695, 0.0107453260571, 0.0103063406423, 0.00596852879971, 0.00557802803814, 0.00084824161604, 0.000481543305796, 0.000321533094393, 0.000223470429773, 0.000228880380746, 0.000135527254315, 0.000161200630828, 0.000126767947222, 0.000129774940433, 0.000177942769369, 0.000179018810741, 0.000262811634457, 0.000245895964326, 0.000264625647105, 0.000249679083936, 0.000320882536471, 0.000194149790332, 0.000106004859845, 6.42150407657e-05, 7.08312800271e-05, 0.000101932237158, 4.08549840358e-06],
        "dvar": [2.05891481642e-07, 0.000297370948829, 0.000310975708999, 4.4727945351e-05, 6.14326854702e-05, 1.22977439787e-06, 5.53166785267e-07, 2.02324983434e-07, 8.54347774748e-08, 8.99632581763e-08, 3.11749204229e-08, 4.15956762367e-08, 2.74873404038e-08, 2.26439791362e-08, 4.4096161389e-08, 5.5619775452e-08, 1.05790284977e-07, 9.59857047178e-08, 1.35536993184e-07, 9.16114260008e-08, 1.95168482264e-07, 7.04260969542e-08, 2.17699245297e-08, 9.60675627937e-09, 1.04385140531e-08, 1.7285234577e-08, 7.92114568382e-11],
        "dvar2": [5.64022343497e-07, 0.000717296556104, 0.000833489291836, 0.000127090665046, 0.000149425453856, 2.94807887258e-06, 1.33218804876e-06, 4.16291129568e-07, 2.11424094232e-07, 2.01155458512e-07, 6.88017181005e-08, 9.72008535882e-08, 7.19467507793e-08, 5.48234275755e-08, 1.06063822614e-07, 1.42986451124e-07, 2.80132439912e-07, 2.39535950186e-07, 3.4227798551e-07, 2.34527945508e-07, 5.05457762756e-07, 1.68890196051e-07, 4.73266652534e-08, 1.89467908029e-08, 1.89641653492e-08, 3.52167930373e-08, 1.90186269511e-10],
        "max": [0.0140349026769, 0.224084734917, 0.194887459278, 0.12686060369, 0.151771515608, 0.0346708074212, 0.036644179374, 0.0117628993466, 0.0057908333838, 0.00728144869208, 0.00346237397753, 0.00454607373103, 0.00342323281802, 0.00293303350918, 0.00477314693853, 0.00586525863037, 0.00675361743197, 0.00819889269769, 0.00535271503031, 0.00351713458076, 0.00647141691297, 0.00340768392198, 0.00204962445423, 0.00142399477772, 0.00219043553807, 0.00166198785882, 0.000162806842127],
        "mean": [0.000208219847991, 0.00745800882578, 0.00615009851754, 0.00460586883128, 0.0049203177914, 0.00101724173874, 0.000569728843402, 0.000379647972295, 0.000212465689401, 0.000252625963185, 0.00014158950944, 0.000150199615746, 0.000111379646114, 0.000128180821775, 0.000168080077856, 0.0001565910934, 0.000254104466876, 0.000224978197366, 0.000227250726311, 0.000207128556212, 0.00026478280779, 0.000181628172868, 0.000104826220195, 7.96245294623e-05, 7.31616892153e-05, 7.76893648435e-05, 2.47453658631e-06],
        "median": [2.60954839177e-05, 0.00193160586059, 0.00193699402735, 0.00198022602126, 0.00210868241265, 0.000498889479786, 0.000200607042643, 0.000124566795421, 7.206913142e-05, 0.000109179491119, 5.53694117116e-05, 6.57175696688e-05, 5.18205197295e-05, 5.68957730138e-05, 6.79918375681e-05, 5.97244470555e-05, 0.000102657242678, 8.34606544231e-05, 8.5479397967e-05, 7.40310861147e-05, 7.18042356311e-05, 4.44332217739e-05, 2.264403156e-05, 1.41928103403e-05, 1.06122051875e-05, 7.25596919438e-06, 1.96770741923e-07],
        "min": [2.61096412038e-26, 2.99390029028e-24, 5.59111329551e-25, 1.23825819963e-24, 6.67821716684e-24, 6.46022176657e-24, 5.91992541056e-24, 7.09704235408e-24, 1.73903187487e-23, 1.11613010694e-23, 8.72415632352e-24, 7.8676016863e-24, 2.46227690772e-23, 4.32170315623e-23, 3.85653175971e-23, 5.9790607906e-23, 6.96187419342e-23, 5.8975089813e-23, 1.29974338331e-22, 1.35886263903e-22, 1.9613779377e-22, 3.05793965569e-22, 3.44047787238e-22, 5.77164918999e-22, 8.31588489612e-22, 1.31103502471e-21, 1.83916682371e-21],
        "var": [3.59011579576e-07, 0.000295461388305, 0.000236911117099, 5.51938537683e-05, 7.64370852266e-05, 2.2244066713e-06, 2.38182269641e-06, 5.1803704082e-07, 1.48731288618e-07, 1.93047526409e-07, 6.15452435682e-08, 6.98541597899e-08, 3.46653692418e-08, 3.74608397635e-08, 7.42349399729e-08, 7.50331636823e-08, 1.80680075346e-07, 1.59683395395e-07, 1.58851918286e-07, 1.16356524416e-07, 2.38417186438e-07, 1.13741386087e-07, 4.16555856475e-08, 2.54448053738e-08, 2.19231051091e-08, 2.27571632649e-08, 7.42777783724e-11]
    },
    "erbbands": {
        "dmean": [0.130977228284, 1.72216618061, 5.92603731155, 9.26642990112, 13.1149082184, 10.3887624741, 5.3544254303, 4.47491121292, 4.50271749496, 4.18192481995, 4.47107172012, 3.68055558205, 4.92196559906, 3.54837012291, 3.19287443161, 4.81917047501, 3.44897866249, 4.33314371109, 5.25024747849, 5.35432624817, 6.57306480408, 7.26925134659, 8.06737518311, 8.84111118317, 7.8221988678, 7.15356302261, 7.92319583893, 6.93894910812, 4.85224342346, 3.02973866463, 1.86147463322, 1.16277098656, 0.763629555702, 0.544581115246, 0.412363380194, 0.300001829863, 0.124330826104, 0.0213294159621, 0.000564144167583, 2.78917123069e-05],
        "dmean2": [0.212254270911, 2.74930000305, 9.90743255615, 15.8751659393, 21.6712398529, 17.0464515686, 8.61010837555, 6.84144973755, 6.89212274551, 6.40461921692, 6.61912250519, 5.83187150955, 7.4702129364, 5.4543967247, 5.08231830597, 7.59296512604, 5.59899425507, 6.91428518295, 8.35073566437, 8.82114505768, 10.4160900116, 12.0774364471, 13.1719684601, 14.7665815353, 12.8376312256, 11.7951564789, 13.3450155258, 11.1050796509, 7.71346282959, 4.59697389603, 2.77252316475, 1.63641059399, 1.11964201927, 0.739854216576, 0.572823762894, 0.432498693466, 0.181898608804, 0.031426128, 0.000853529083543, 4.02501609642e-05],
        "dvar": [0.100391112268, 20.0167541504, 286.285583496, 394.227355957, 689.079528809, 662.068481445, 112.07926178, 108.980728149, 94.4519805908, 99.9012451172, 70.5492858887, 61.9622573853, 105.658370972, 62.9192581177, 44.0070762634, 99.309463501, 50.6949005127, 66.3124923706, 108.66027832, 119.27431488, 162.629592896, 188.987228394, 302.592407227, 410.276702881, 277.166168213, 197.919906616, 357.785827637, 228.787689209, 109.217285156, 38.9085235596, 15.7457027435, 5.68966627121, 3.21425271034, 1.55153560638, 0.654443085194, 0.297062039375, 0.0566653758287, 0.00180519709829, 2.447272891e-06, 2.24740825949e-09],
        "dvar2": [0.248159900308, 47.3650779724, 738.13067627, 1073.32263184, 1790.57312012, 1633.86169434, 282.283905029, 258.373260498, 210.10395813, 233.726287842, 141.752929688, 153.012268066, 238.352035522, 137.752258301, 105.681999207, 228.404083252, 128.292938232, 163.765426636, 255.492095947, 309.034484863, 399.645812988, 498.221832275, 744.651123047, 1092.2286377, 679.483337402, 497.72567749, 952.12890625, 568.842224121, 265.348266602, 85.2710952759, 34.9563598633, 11.5356483459, 7.09549331665, 3.03466010094, 1.20098340511, 0.611694574356, 0.11254928261, 0.00402875710279, 5.87016438658e-06, 4.35703784163e-09],
        "max": [4.26455545425, 57.080406189, 193.143966675, 302.533416748, 550.007141113, 442.725616455, 170.641265869, 391.15020752, 548.461975098, 212.887985229, 261.139373779, 150.112884521, 277.239349365, 259.421783447, 162.202026367, 235.561065674, 156.304275513, 154.677627563, 293.678405762, 277.600708008, 228.339477539, 194.687973022, 558.036743164, 300.171600342, 270.552062988, 194.514709473, 295.480712891, 245.069992065, 131.189437866, 82.2210845947, 71.8134002686, 39.8472328186, 24.9261722565, 43.5205383301, 10.6304721832, 7.24164390564, 2.49488902092, 0.416455894709, 0.0252650566399, 0.00048435293138],
        "mean": [0.146816343069, 1.93117487431, 6.54026412964, 12.3796958923, 19.6689033508, 13.2964553833, 8.28840732574, 8.00515937805, 9.07127857208, 7.39959526062, 8.02182102203, 5.94750547409, 8.28004455566, 6.10989618301, 5.41149806976, 7.33918523788, 5.39118480682, 7.07485771179, 8.19024562836, 8.36479473114, 10.8424844742, 11.96504879, 12.5693283081, 12.4512805939, 10.8452796936, 9.99114227295, 9.68300151825, 10.1626234055, 7.09064149857, 4.53367614746, 2.74692964554, 1.8342205286, 1.26824736595, 0.825735449791, 0.543563783169, 0.347434282303, 0.13330450654, 0.0210223663598, 0.00056163436966, 4.84902702738e-05],
        "median": [0.0336518883705, 0.503476440907, 2.17012381554, 5.89904642105, 8.32964420319, 5.14065742493, 3.32791781425, 3.84712409973, 3.87876391411, 2.3155195713, 3.06266236305, 2.2397377491, 3.50754189491, 2.61392140388, 2.46307730675, 3.280200243, 2.71629285812, 3.59828233719, 3.3524723053, 3.62435102463, 4.6698307991, 4.83391523361, 4.51688432693, 4.81314516068, 4.1409072876, 3.60436916351, 2.78214383125, 2.68552207947, 1.71595573425, 0.993245661259, 0.629919409752, 0.353517860174, 0.193325087428, 0.115288838744, 0.0725550353527, 0.0383180640638, 0.0114621585235, 0.00163224444259, 5.42311245226e-05, 2.61355362454e-05],
        "min": [9.448216723e-23, 5.60448943796e-22, 9.64043360039e-22, 2.99931429001e-21, 9.75031876905e-21, 2.81124569007e-20, 3.14178738596e-20, 7.47047361465e-20, 1.28131814923e-19, 1.01168292507e-19, 2.36532322009e-19, 4.27853510826e-19, 4.65406347413e-19, 5.71882069836e-19, 9.73424904081e-19, 6.96318209804e-19, 1.40697890425e-18, 2.06802101455e-18, 2.99410906052e-18, 2.57659895211e-18, 3.74278961255e-18, 4.18673579295e-18, 3.91211182958e-18, 6.10603593722e-18, 5.53903340582e-18, 7.6042457286e-18, 8.90026734927e-18, 8.75087274037e-18, 1.11607294518e-17, 1.06353001908e-17, 9.38751064446e-18, 9.70731273135e-18, 1.02007565724e-17, 7.93185970919e-18, 6.22547254587e-18, 4.07673524714e-18, 2.11120708036e-18, 1.0364629944e-18, 2.54092073944e-19, 2.52421143257e-20],
        "var": [0.106453895569, 20.549495697, 243.473602295, 399.85723877, 1037.0682373, 700.074157715, 172.622177124, 180.755615234, 476.770874023, 256.559112549, 203.645309448, 107.996002197, 225.452270508, 124.029930115, 79.3243026733, 173.779556274, 70.7218856812, 104.260452271, 178.33416748, 170.710723877, 281.280731201, 335.873596191, 532.747558594, 477.374206543, 335.928833008, 270.633331299, 351.131164551, 355.800537109, 176.159713745, 76.9969863892, 28.3243808746, 14.1187162399, 6.74085330963, 3.45850300789, 1.17658448219, 0.425388634205, 0.0723333060741, 0.00198932760395, 2.34554659073e-06, 3.84714926582e-09]
    },
    "gfcc": {
        "mean": [-66.2538375854, 89.0673446655, -96.2377548218, 47.6824150085, -46.8801002502, 5.81561946869, -35.1391410828, 3.45379686356, -28.2957954407, 0.722532510757, -22.683380127, -0.128858730197, -14.387717247],
        "cov": [[40811.28125, 895.840026855, -1520.20483398, 1715.65930176, -1256.84814453, 525.076782227, -1026.89099121, 304.740570068, -1217.87194824, 122.273155212, -1153.65612793, 100.731086731, -696.531677246], [895.840026855, 2611.3972168, -457.948455811, 33.8490066528, 319.792480469, -280.551239014, 224.179489136, -194.382034302, 211.040283203, -248.673461914, 227.831115723, -215.298278809, 138.807312012], [-1520.20483398, -457.948455811, 954.81817627, 88.7409210205, 242.881896973, 201.962905884, 128.618270874, 109.918510437, 30.1301498413, 113.421310425, -2.01409244537, 64.9118728638, -29.6286792755], [1715.65930176, 33.8490066528, 88.7409210205, 414.764953613, 10.563328743, 133.415878296, 17.7749595642, 33.1636810303, -0.575664162636, 10.9571771622, -10.1489534378, -6.56053352356, -5.83735799789], [-1256.84814453, 319.792480469, 242.881896973, 10.563328743, 369.155395508, 33.7366333008, 160.289001465, 9.71884441376, 88.2438201904, -4.65561342239, 53.5724639893, -7.98498296738, 25.507932663], [525.076782227, -280.551239014, 201.962905884, 133.415878296, 33.7366333008, 225.01663208, 47.5046539307, 75.5484848022, -7.24951934814, 61.0230560303, -14.8533630371, 36.1141281128, -9.38981342316], [-1026.89099121, 224.179489136, 128.618270874, 17.7749595642, 160.289001465, 47.5046539307, 209.518798828, 35.8824920654, 98.9060821533, -2.1358537674, 71.4434814453, -16.8145198822, 41.0643081665], [304.740570068, -194.382034302, 109.918510437, 33.1636810303, 9.71884441376, 75.5484848022, 35.8824920654, 123.556602478, 20.2783565521, 57.3250160217, -24.5288524628, 37.7220878601, -14.9566497803], [-1217.87194824, 211.040283203, 30.1301498413, -0.575664162636, 88.2438201904, -7.24951934814, 98.9060821533, 20.2783565521, 147.815628052, 14.460858345, 86.1283340454, -17.553144455, 50.1919898987], [122.273155212, -248.673461914, 113.421310425, 10.9571771622, -4.65561342239, 61.0230560303, -2.1358537674, 57.3250160217, 14.460858345, 116.531486511, 7.32187366486, 54.0713310242, -15.8315849304], [-1153.65612793, 227.831115723, -2.01409244537, -10.1489534378, 53.5724639893, -14.8533630371, 71.4434814453, -24.5288524628, 86.1283340454, 7.32187366486, 142.037597656, -1.33137285709, 55.1695594788], [100.731086731, -215.298278809, 64.9118728638, -6.56053352356, -7.98498296738, 36.1141281128, -16.8145198822, 37.7220878601, -17.553144455, 54.0713310242, -1.33137285709, 85.3313827515, 3.9669713974], [-696.531677246, 138.807312012, -29.6286792755, -5.83735799789, 25.507932663, -9.38981342316, 41.0643081665, -14.9566497803, 50.1919898987, -15.8315849304, 55.1695594788, 3.9669713974, 78.5307235718]],
        "icov": [[0.000114401678729, -0.000301139662042, 0.000156805210281, -0.00035288077197, 0.000260027911281, -0.000269118812867, 9.17784418561e-05, -0.000280804728391, 0.00064891402144, -0.000510462617967, 0.000638451019768, -0.000313031574478, 0.000411423214246], [-0.000301139662042, 0.00169577263296, -2.93290959235e-05, 0.000529419805389, -0.00146918802056, 0.00148183142301, -0.000551632721908, 0.000780026020948, -0.00172167795245, 0.00199502962641, -0.00251446710899, 0.00188527873252, -0.0013748294441], [0.000156805210281, -2.93290959235e-05, 0.00209293537773, -0.000645422318485, -0.00100602826569, -0.000937015283853, -0.000354162417352, -0.000558048603125, 0.00113073573448, -0.00134930736385, 0.000638698867988, -0.000372896611225, 0.00105336378329], [-0.00035288077197, 0.000529419805389, -0.000645422318485, 0.00437961192802, -0.000451864470961, -0.00175056920853, 0.000388381333323, 0.000687940220814, -0.0022986754775, 0.00187246338464, -0.00176042842213, 0.00141564547084, -0.0011063561542], [0.000260027911281, -0.00146918802056, -0.00100602826569, -0.000451864470961, 0.00623640418053, -0.00110649538692, -0.00268098292872, 0.00115642102901, -0.000465454038931, -0.000576631340664, 0.00291464617476, -0.0030600510072, 0.00224244152196], [-0.000269118812867, 0.00148183142301, -0.000937015283853, -0.00175056920853, -0.00110649538692, 0.00997236743569, -0.00257033994421, -0.00196177908219, 0.00139198219404, -0.00104674918111, -0.00198992714286, 0.00171811005566, -0.00275713391602], [9.17784418561e-05, -0.000551632721908, -0.000354162417352, 0.000388381333323, -0.00268098292872, -0.00257033994421, 0.0116985589266, -0.00434258952737, -0.00213291170076, 0.00179356127046, -0.0024984497577, 0.00230870000087, -0.00133313017432], [-0.000280804728391, 0.000780026020948, -0.000558048603125, 0.000687940220814, 0.00115642102901, -0.00196177908219, -0.00434258952737, 0.0177625734359, -0.00784427300096, -0.00173342274502, 0.0049497387372, -0.00554585084319, 0.00248178443871], [0.00064891402144, -0.00172167795245, 0.00113073573448, -0.0022986754775, -0.000465454038931, 0.00139198219404, -0.00213291170076, -0.00784427300096, 0.0223015379161, -0.00836804695427, -0.00314399623312, 0.00634408602491, -0.00505905831233], [-0.000510462617967, 0.00199502962641, -0.00134930736385, 0.00187246338464, -0.000576631340664, -0.00104674918111, 0.00179356127046, -0.00173342274502, -0.00836804695427, 0.0213900636882, -0.00629395758733, -0.00728238560259, 0.00482037710026], [0.000638451019768, -0.00251446710899, 0.000638698867988, -0.00176042842213, 0.00291464617476, -0.00198992714286, -0.0024984497577, 0.0049497387372, -0.00314399623312, -0.00629395758733, 0.0197303108871, -0.00556284189224, -0.00155751092825], [-0.000313031574478, 0.00188527873252, -0.000372896611225, 0.00141564547084, -0.0030600510072, 0.00171811005566, 0.00230870000087, -0.00554585084319, 0.00634408602491, -0.00728238560259, -0.00556284189224, 0.0254335384816, -0.0101079484448], [0.000411423214246, -0.0013748294441, 0.00105336378329, -0.0011063561542, 0.00224244152196, -0.00275713391602, -0.00133313017432, 0.00248178443871, -0.00505905831233, 0.00482037710026, -0.00155751092825, -0.0101079484448, 0.0250500049442]]
    },
    "melbands": {
        "dmean": [0.0015491200611, 0.00265698833391, 0.0016520494828, 0.00090524245752, 0.000207475546631, 0.00010023136565, 6.9308487582e-05, 4.50458464911e-05, 3.39185789926e-05, 2.34221424762e-05, 2.44463990384e-05, 1.44164032463e-05, 1.06619709186e-05, 1.21481880342e-05, 8.68899860507e-06, 7.8494540503e-06, 8.80837251316e-06, 8.05894069345e-06, 7.62077252148e-06, 8.68574716151e-06, 8.69480663823e-06, 8.47950923344e-06, 7.8588791439e-06, 7.12784049028e-06, 7.66940956964e-06, 5.78922845307e-06, 6.00870089329e-06, 4.53122765975e-06, 4.93210018249e-06, 4.64903905595e-06, 4.15503791373e-06, 2.98281133837e-06, 2.27732380154e-06, 1.59123101184e-06, 1.14358897463e-06, 9.17310956083e-07, 6.52653341149e-07, 5.69180770071e-07, 4.33455795701e-07, 4.90597585667e-07],
        "dmean2": [0.00250361440703, 0.00425424845889, 0.00279540778138, 0.00147995736916, 0.000336035300279, 0.000152388995048, 0.000106259532913, 6.81099118083e-05, 5.04317540617e-05, 3.74318551621e-05, 3.71625574189e-05, 2.22579910769e-05, 1.6904930817e-05, 1.93623400264e-05, 1.39311123348e-05, 1.28404217321e-05, 1.41730606629e-05, 1.27719085867e-05, 1.25423721329e-05, 1.42807857628e-05, 1.38454997796e-05, 1.41251630339e-05, 1.30147009259e-05, 1.18423922686e-05, 1.29847494463e-05, 9.50505636865e-06, 1.00794131868e-05, 7.48152706365e-06, 8.39123458718e-06, 7.72326075094e-06, 6.63127502776e-06, 4.80650351165e-06, 3.68236715076e-06, 2.42312739829e-06, 1.73624005129e-06, 1.3656685951e-06, 9.22713240925e-07, 8.45900046897e-07, 6.36738832327e-07, 6.78174501445e-07],
        "dvar": [1.54912740982e-05, 4.68571015517e-05, 1.06022280306e-05, 4.35538231613e-06, 1.72865256332e-07, 4.79123229979e-08, 2.36373161044e-08, 1.12362101845e-08, 3.93571752966e-09, 2.58402743647e-09, 2.62661492556e-09, 1.08403186427e-09, 4.37264391362e-10, 5.5129389942e-10, 2.75124534266e-10, 2.8356475501e-10, 2.84016032914e-10, 2.55497595303e-10, 2.21337198569e-10, 3.90121157601e-10, 3.23153948045e-10, 2.62160682052e-10, 3.07861958149e-10, 2.05255659691e-10, 3.3152089407e-10, 1.61749044714e-10, 1.62534832815e-10, 7.94636509371e-11, 1.36391301031e-10, 1.08916022035e-10, 8.43392369831e-11, 4.03768234125e-11, 2.52614873464e-11, 1.11457084881e-11, 6.03660697818e-12, 3.77105204702e-12, 1.88631445533e-12, 1.8545002773e-12, 8.62368661723e-13, 1.37679874012e-12],
        "dvar2": [3.74949449906e-05, 0.000109973814688, 2.8615577321e-05, 1.07158139144e-05, 4.3465786348e-07, 1.13192641038e-07, 5.398973002e-08, 2.52842173865e-08, 7.85601272923e-09, 6.44022657426e-09, 5.95536642223e-09, 2.38100983374e-09, 1.01383990092e-09, 1.3179709546e-09, 6.51154463682e-10, 7.56289753046e-10, 7.05175418059e-10, 6.00768268466e-10, 5.59941926159e-10, 1.02399122515e-09, 8.07759248378e-10, 6.95742019552e-10, 7.87676923686e-10, 5.333554709e-10, 8.96622609492e-10, 3.88410859031e-10, 4.23252072279e-10, 1.97083543929e-10, 3.62893104455e-10, 2.85725776372e-10, 2.05517505791e-10, 9.78395836571e-11, 6.24553880835e-11, 2.46897745304e-11, 1.39596771642e-11, 8.08486784465e-12, 3.88542279947e-12, 4.13307539235e-12, 1.82214052874e-12, 2.77599297716e-12],
        "max": [0.0497687906027, 0.0762697607279, 0.0462605506182, 0.0408155173063, 0.00759008759633, 0.00786986667663, 0.0084317997098, 0.00259539554827, 0.00196496304125, 0.00102867558599, 0.00138450693339, 0.00114464282524, 0.000445195502834, 0.000470341707114, 0.000306567118969, 0.000411135231843, 0.00035279232543, 0.000459275761386, 0.000320300256135, 0.000538341118954, 0.000405595696066, 0.000292101089144, 0.000473447085824, 0.00028190476587, 0.000285732647171, 0.000232788777794, 0.000166538258782, 0.000172217405634, 0.000161827148986, 0.000179877068149, 0.000179299939191, 8.40030770632e-05, 7.84899748396e-05, 5.58057981834e-05, 4.20410106017e-05, 2.78502157016e-05, 2.69816191576e-05, 2.05148862733e-05, 1.44780688061e-05, 4.34369067079e-05],
        "mean": [0.00173134589568, 0.00324858445674, 0.00241735693999, 0.00126323115546, 0.000316507765092, 0.000183828437002, 0.000138567032991, 7.90304911789e-05, 5.98545047978e-05, 3.61148267984e-05, 4.02434234275e-05, 2.36434971157e-05, 1.75310196937e-05, 1.8513903342e-05, 1.33456023832e-05, 1.15043421829e-05, 1.35728523674e-05, 1.22832825582e-05, 1.13499909276e-05, 1.22245537568e-05, 1.36007438414e-05, 1.32918930831e-05, 1.17519939522e-05, 1.04578466562e-05, 1.00996958281e-05, 7.9087976701e-06, 7.51334209781e-06, 6.30746853858e-06, 5.67785991734e-06, 6.09021572018e-06, 5.92938931732e-06, 4.23239816882e-06, 3.06719016407e-06, 2.28773660638e-06, 1.59804255873e-06, 1.32001912334e-06, 1.02500814592e-06, 9.24029279759e-07, 6.90520266744e-07, 7.03074590547e-07],
        "median": [0.000436722388258, 0.00106903561391, 0.00122772401664, 0.000529081677087, 0.00013410851534, 9.10017624847e-05, 5.62838722544e-05, 2.51148776442e-05, 2.23215502047e-05, 1.23906702356e-05, 1.63899239851e-05, 9.33275168791e-06, 7.20291109246e-06, 8.42521421873e-06, 6.61715421302e-06, 5.46363935428e-06, 6.16083707428e-06, 5.00152555105e-06, 4.64158256364e-06, 4.52189487987e-06, 5.69043368159e-06, 5.43972964806e-06, 3.79095922654e-06, 3.89123488276e-06, 3.57144995178e-06, 2.8301101338e-06, 2.64245340986e-06, 2.18035438593e-06, 1.56142129981e-06, 1.62597518738e-06, 1.44026591897e-06, 1.01039756828e-06, 6.63708817683e-07, 4.66558560674e-07, 3.74650426238e-07, 2.69064429403e-07, 1.86182518291e-07, 1.35687685088e-07, 1.13675142188e-07, 8.80370762957e-08],
        "min": [1.16626300633e-24, 5.97966426919e-25, 6.49781966617e-25, 1.03142784358e-24, 1.08801470985e-24, 1.78245961434e-24, 1.7989706703e-24, 9.08524990871e-25, 1.6184613486e-24, 2.44436203434e-24, 1.98352783452e-24, 1.82852080816e-24, 3.22178445643e-24, 1.26202076086e-24, 2.02717688891e-24, 2.99402197208e-24, 3.62592026476e-24, 3.43198591096e-24, 2.75732524354e-24, 2.49203388491e-24, 3.01767813569e-24, 3.64213766725e-24, 4.04413724024e-24, 2.63178296086e-24, 4.13309511237e-24, 4.51548675871e-24, 4.00007856983e-24, 4.49729917611e-24, 5.0179726171e-24, 4.0722250272e-24, 5.00854651815e-24, 4.94469296103e-24, 5.0364749552e-24, 5.04859422529e-24, 5.28784903253e-24, 4.46977779128e-24, 5.09873974645e-24, 5.66803265719e-24, 6.43646206497e-24, 6.18806633199e-24],
        "var": [1.54796180141e-05, 5.01429822179e-05, 1.27873254314e-05, 5.20859248354e-06, 2.49247193551e-07, 8.39448333068e-08, 1.15887601737e-07, 2.76137388511e-08, 1.14761276038e-08, 4.39775327266e-09, 5.5354232309e-09, 2.09007899876e-09, 8.2911166821e-10, 9.18083831181e-10, 4.40647657252e-10, 3.5479785776e-10, 4.38597991259e-10, 4.08482969672e-10, 3.47794903988e-10, 5.0136561569e-10, 5.23305176969e-10, 4.42633985021e-10, 5.39435829339e-10, 3.03884306607e-10, 3.56271595559e-10, 2.00623309632e-10, 1.68481825713e-10, 1.17705137304e-10, 1.30366509254e-10, 1.24987256656e-10, 1.40184086561e-10, 6.37816743865e-11, 3.72580577501e-11, 2.11853382059e-11, 9.71603006383e-12, 6.98032864149e-12, 4.97295217158e-12, 3.77195757267e-12, 1.86422123398e-12, 2.85021247055e-12]
    },
    "mfcc": {
        "mean": [-696.93572998, 114.895187378, 9.7551984787, 43.3665618896, 8.69041538239, 10.0508203506, 0.692847728729, 2.21574449539, -0.0985842421651, -3.04734921455, -3.01877498627, -2.78370285034, -4.14586448669],
        "cov": [[16027.0048828, 129.020126343, 330.274261475, 795.245117188, 19.9676380157, 330.928497314, 68.4673461914, 152.070068359, 89.5502166748, -65.4373855591, -92.4856262207, -120.472366333, -193.361465454], [129.020126343, 2274.62939453, -270.652130127, 304.004394531, 119.620223999, 24.0191078186, 66.524772644, 53.1185302734, 2.75767064095, 22.3731861115, 18.6738395691, 28.2423458099, 14.024930954], [330.274261475, -270.652130127, 555.597473145, 82.2266387939, 117.851997375, 121.204719543, 95.5128860474, 54.9751739502, 54.7574577332, 55.4605674744, 36.3402442932, 19.693983078, 41.3939476013], [795.245117188, 304.004394531, 82.2266387939, 296.274230957, 97.5329055786, 90.1012420654, 52.3209686279, 53.7153282166, 34.9919891357, 27.7457695007, 21.6365718842, 13.9553108215, 0.767183184624], [19.9676380157, 119.620223999, 117.851997375, 97.5329055786, 182.493423462, 92.1900253296, 64.3871078491, 41.5869827271, 35.7157936096, 25.601858139, 23.1854019165, 14.9580154419, 15.543715477], [330.928497314, 24.0191078186, 121.204719543, 90.1012420654, 92.1900253296, 157.707702637, 88.5739440918, 50.59765625, 37.0246696472, 34.0231170654, 26.1902885437, 18.6680450439, 23.0894355774], [68.4673461914, 66.524772644, 95.5128860474, 52.3209686279, 64.3871078491, 88.5739440918, 128.504516602, 65.4172439575, 39.6749267578, 35.5880622864, 24.3903827667, 20.1962413788, 26.4743690491], [152.070068359, 53.1185302734, 54.9751739502, 53.7153282166, 41.5869827271, 50.59765625, 65.4172439575, 95.9862670898, 55.9086112976, 31.1193084717, 22.8963775635, 16.8611297607, 10.5829534531], [89.5502166748, 2.75767064095, 54.7574577332, 34.9919891357, 35.7157936096, 37.0246696472, 39.6749267578, 55.9086112976, 93.7991256714, 46.9325256348, 24.0003318787, 17.1979389191, 9.77186012268], [-65.4373855591, 22.3731861115, 55.4605674744, 27.7457695007, 25.601858139, 34.0231170654, 35.5880622864, 31.1193084717, 46.9325256348, 80.1945953369, 40.4028015137, 20.2275867462, 19.3520240784], [-92.4856262207, 18.6738395691, 36.3402442932, 21.6365718842, 23.1854019165, 26.1902885437, 24.3903827667, 22.8963775635, 24.0003318787, 40.4028015137, 65.0715713501, 33.5812110901, 20.0428123474], [-120.472366333, 28.2423458099, 19.693983078, 13.9553108215, 14.9580154419, 18.6680450439, 20.1962413788, 16.8611297607, 17.1979389191, 20.2275867462, 33.5812110901, 68.8676605225, 39.5016708374], [-193.361465454, 14.024930954, 41.3939476013, 0.767183184624, 15.543715477, 23.0894355774, 26.4743690491, 10.5829534531, 9.77186012268, 19.3520240784, 20.0428123474, 39.5016708374, 72.7795028687]],
