{
"lowlevel": {
    "average_loudness": 0.671295583248,
    "barkbands_crest": {
        "dmean": 3.08793306351,
        "dmean2": 4.80671310425,
        "dvar": 7.92728853226,
        "dvar2": 18.1350421906,
        "max": 26.3809261322,
        "mean": 10.2799634933,
        "median": 8.51195240021,
        "min": 2.00857067108,
        "var": 34.7791366577
    },
    "barkbands_flatness_db": {
        "dmean": 0.0256934184581,
        "dmean2": 0.0373439155519,
        "dvar": 0.000683405261952,
        "dvar2": 0.00134602631442,
        "max": 0.499709099531,
        "mean": 0.113042354584,
        "median": 0.0924104973674,
        "min": 0.0169003847986,
        "var": 0.00478140404448
    },
    "barkbands_kurtosis": {
        "dmean": 3.5918598175,
        "dmean2": 5.3450422287,
        "dvar": 142.485076904,
        "dvar2": 251.872680664,
        "max": 915.923522949,
        "mean": 4.85414361954,
        "median": 0.615785956383,
        "min": -1.89854609966,
        "var": 429.350006104
    },
    "barkbands_skewness": {
        "dmean": 0.660700500011,
        "dmean2": 0.98250579834,
        "dvar": 0.571668624878,
        "dvar2": 1.13749790192,
        "max": 26.9385795593,
        "mean": 1.43399357796,
        "median": 1.07008600235,
        "min": -5.07909250259,
        "var": 2.86837267876
    },
    "barkbands_spread": {
        "dmean": 7.87809944153,
        "dmean2": 12.2094860077,
        "dvar": 70.8158416748,
        "dvar2": 165.098892212,
        "max": 109.708145142,
        "mean": 29.1674823761,
        "median": 27.9858036041,
        "min": 0.228715509176,
        "var": 265.973693848
    },
    "dissonance": {
        "dmean": 0.0130005618557,
        "dmean2": 0.0222041849047,
        "dvar": 0.000260087050265,
        "dvar2": 0.000731364067178,
        "max": 0.500000059605,
        "mean": 0.480258136988,
        "median": 0.485751628876,
        "min": 0.156899765134,
        "var": 0.000437740905909
    },
    "dynamic_complexity": 4.53153371811,
    "erbbands_crest": {
        "dmean": 1.98199510574,
        "dmean2": 3.25309443474,
        "dvar": 4.14817333221,
        "dvar2": 10.1614351273,
        "max": 28.946269989,
        "mean": 6.30297517776,
        "median": 5.27885723114,
        "min": 2.07929730415,
        "var": 10.9681167603
    },
    "erbbands_flatness_db": {
        "dmean": 0.0160830393434,
        "dmean2": 0.0234772581607,
        "dvar": 0.000299231323879,
        "dvar2": 0.000600477796979,
        "max": 0.497634232044,
        "mean": 0.134591251612,
        "median": 0.121614307165,
        "min": 0.0662614181638,
        "var": 0.00246685976163
    },
    "erbbands_kurtosis": {
        "dmean": 0.696824073792,
        "dmean2": 1.13291943073,
        "dvar": 1.86819696426,
        "dvar2": 5.03215122223,
        "max": 67.7876815796,
        "mean": -0.00303307198919,
        "median": -0.379718184471,
        "min": -1.70443570614,
        "var": 2.72353386879
    },
    "erbbands_skewness": {
        "dmean": 0.32323500514,
        "dmean2": 0.511151134968,
        "dvar": 0.0952391475439,
        "dvar2": 0.239130407572,
        "max": 2.88373446465,
        "mean": 0.0273602679372,
        "median": 0.00718575436622,
        "min": -2.92808961868,
        "var": 0.355880707502
    },
    "erbbands_spread": {
        "dmean": 8.99100971222,
        "dmean2": 13.4514856339,
        "dvar": 83.6207504272,
        "dvar2": 175.664367676,
        "max": 124.89994812,
        "mean": 42.9357795715,
        "median": 40.8818244934,
        "min": 0.665347933769,
        "var": 340.915924072
    },
    "hfc": {
        "dmean": 9.20052528381,
        "dmean2": 12.5099973679,
        "dvar": 191.235580444,
        "dvar2": 334.963867188,
        "max": 203.277618408,
        "mean": 21.4653549194,
        "median": 13.3239822388,
        "min": 1.07035761749e-16,
        "var": 662.635925293
    },
    "melbands_crest": {
        "dmean": 4.02447319031,
        "dmean2": 6.20109081268,
        "dvar": 12.9173336029,
        "dvar2": 30.0609207153,
        "max": 37.0406227112,
        "mean": 15.3954238892,
        "median": 13.9153490067,
        "min": 1.62583911419,
        "var": 56.2425765991
    },
    "melbands_flatness_db": {
        "dmean": 0.0336062945426,
        "dmean2": 0.0485487617552,
        "dvar": 0.00110168824904,
        "dvar2": 0.00218635960482,
        "max": 0.647871911526,
        "mean": 0.167637392879,
        "median": 0.147174417973,
        "min": 0.00375023228116,
        "var": 0.00844016391784
    },
    "melbands_kurtosis": {
        "dmean": 9.79825210571,
        "dmean2": 14.6326789856,
        "dvar": 506.247833252,
        "dvar2": 982.24822998,
        "max": 1202.03259277,
        "mean": 17.5544929504,
        "median": 5.98768997192,
        "min": -1.8283290863,
        "var": 1586.29089355
    },
    "melbands_skewness": {
        "dmean": 0.934883773327,
        "dmean2": 1.39601635933,
        "dvar": 1.17880547047,
        "dvar2": 2.31800746918,
        "max": 29.031288147,
        "mean": 2.88294005394,
        "median": 2.24643278122,
        "min": -3.32034492493,
        "var": 5.59179735184
    },
    "melbands_spread": {
        "dmean": 11.5127897263,
        "dmean2": 17.9211997986,
        "dvar": 216.025405884,
        "dvar2": 509.898101807,
        "max": 225.137023926,
        "mean": 32.9051017761,
        "median": 28.1272888184,
        "min": 0.306134343147,
        "var": 735.123352051
    },
    "pitch_salience": {
        "dmean": 0.0888387411833,
        "dmean2": 0.136691272259,
        "dvar": 0.00823144521564,
        "dvar2": 0.0168968830258,
        "max": 0.98335391283,
        "mean": 0.546001255512,
        "median": 0.589269638062,
        "min": 0.0416565835476,
        "var": 0.033283021301
    },
    "silence_rate_20dB": {
        "dmean": 0,
        "dmean2": 0,
        "dvar": 0,
        "dvar2": 0,
        "max": 1,
        "mean": 1,
        "median": 1,
        "min": 1,
        "var": 0
    },
    "silence_rate_30dB": {
        "dmean": 0.0171443875879,
        "dmean2": 0.0342918373644,
        "dvar": 0.0168499462306,
        "dvar2": 0.0422285459936,
        "max": 1,
        "mean": 0.987321436405,
        "median": 1,
        "min": 0,
        "var": 0.0125193977728
    },
    "silence_rate_60dB": {
        "dmean": 0.0555406734347,
        "dmean2": 0.111091263592,
        "dvar": 0.0524578280747,
        "dvar2": 0.116064921021,
        "max": 1,
        "mean": 0.153035715222,
        "median": 0,
        "min": 0,
        "var": 0.129628479481
    },
    "spectral_centroid": {
        "dmean": 344.218505859,
        "dmean2": 526.778930664,
        "dvar": 135593.9375,
        "dvar2": 288639.65625,
        "max": 11697.7978516,
        "mean": 1887.00549316,
        "median": 1894.23779297,
        "min": 140.406677246,
        "var": 1064849.875
    },
    "spectral_complexity": {
        "dmean": 5.65586233139,
        "dmean2": 8.1716375351,
        "dvar": 42.2492103577,
        "dvar2": 77.4186019897,
        "max": 66,
        "mean": 21.488571167,
        "median": 20,
        "min": 0,
        "var": 226.634887695
    },
    "spectral_decrease": {
        "dmean": 2.59178545292e-09,
        "dmean2": 3.5828551237e-09,
        "dvar": 1.55395903497e-17,
        "dvar2": 3.0082490927e-17,
        "max": 1.88875034829e-28,
        "mean": -5.87592552392e-09,
        "median": -3.58905039022e-09,
        "min": -5.19976701696e-08,
        "var": 4.15471976734e-17
    },
    "spectral_energy": {
        "dmean": 0.0103872865438,
        "dmean2": 0.0141938347369,
        "dvar": 0.000239755245275,
        "dvar2": 0.000453012471553,
        "max": 0.211190253496,
        "mean": 0.0241240467876,
        "median": 0.0151812592521,
        "min": 1.02104912992e-20,
        "var": 0.000671618443448
    },
    "spectral_energyband_high": {
        "dmean": 0.000837726285681,
        "dmean2": 0.00113632378634,
        "dvar": 1.93957657757e-06,
        "dvar2": 3.451613793e-06,
        "max": 0.0209457743913,
        "mean": 0.00155757495668,
        "median": 0.000587670423556,
        "min": 7.12914819775e-21,
        "var": 6.05251352681e-06
    },
    "spectral_energyband_low": {
        "dmean": 0.0065188636072,
        "dmean2": 0.00950544234365,
        "dvar": 0.000132722911076,
        "dvar2": 0.000285173533484,
        "max": 0.115298248827,
        "mean": 0.0120425308123,
        "median": 0.00461124489084,
        "min": 5.61562113308e-24,
        "var": 0.000319445651257
    },
    "spectral_energyband_middle_high": {
        "dmean": 0.00175465841312,
        "dmean2": 0.00268328050151,
        "dvar": 6.53583720123e-06,
        "dvar2": 1.46607580973e-05,
        "max": 0.0385035350919,
        "mean": 0.00447809509933,
        "median": 0.00290838070214,
        "min": 1.19646798552e-21,
        "var": 2.31213598454e-05
    },
    "spectral_energyband_middle_low": {
        "dmean": 0.00581452669576,
        "dmean2": 0.00933840963989,
        "dvar": 0.000164533077623,
        "dvar2": 0.00039696591557,
        "max": 0.166952967644,
        "mean": 0.00738563761115,
        "median": 0.00326410355046,
        "min": 2.10233829379e-22,
        "var": 0.000174224522198
    },
    "spectral_entropy": {
        "dmean": 0.13932800293,
        "dmean2": 0.203251063824,
        "dvar": 0.0247408039868,
        "dvar2": 0.0479791983962,
        "max": 9.82627391815,
        "mean": 7.93549156189,
        "median": 8.02416992188,
        "min": 4.95819091797,
        "var": 0.217480093241
    },
    "spectral_flux": {
        "dmean": 0.0283131022006,
        "dmean2": 0.0389551483095,
        "dvar": 0.00112300412729,
        "dvar2": 0.00182687770575,
        "max": 0.353208631277,
        "mean": 0.0867380872369,
        "median": 0.0704325735569,
        "min": 6.49623826954e-11,
        "var": 0.00401515513659
    },
    "spectral_kurtosis": {
        "dmean": 2.0216217041,
        "dmean2": 3.27222728729,
        "dvar": 97.137588501,
        "dvar2": 240.963027954,
        "max": 546.478027344,
        "mean": 4.934466362,
        "median": 2.58220434189,
        "min": -1.25976192951,
        "var": 250.154754639
    },
    "spectral_rms": {
        "dmean": 0.000958333665039,
        "dmean2": 0.00126501580235,
        "dvar": 1.2403133951e-06,
        "dvar2": 2.09938298212e-06,
        "max": 0.0143540678546,
        "mean": 0.00418036989868,
        "median": 0.00384850427508,
        "min": 3.15617714255e-12,
        "var": 6.06014737059e-06
    },
    "spectral_rolloff": {
        "dmean": 774.940917969,
        "dmean2": 1237.37512207,
        "dvar": 1000892.5,
        "dvar2": 2179741.5,
        "max": 19595.2148438,
        "mean": 2187.95336914,
        "median": 1636.5234375,
        "min": 43.06640625,
        "var": 5500027
    },
    "spectral_skewness": {
        "dmean": 0.213227108121,
        "dmean2": 0.3413811028,
        "dvar": 0.208159476519,
        "dvar2": 0.491243034601,
        "max": 17.5006752014,
        "mean": 1.38050854206,
        "median": 1.21341097355,
        "min": -0.0627909377217,
        "var": 0.89488106966
    },
    "spectral_spread": {
        "dmean": 516661.8125,
        "dmean2": 724332.3125,
        "dvar": 431535095808,
        "dvar2": 723956006912,
        "max": 42504288,
        "mean": 4998638.5,
        "median": 4828219.5,
        "min": 245418.15625,
        "var": 8.65035721114e+12
    },
    "spectral_strongpeak": {
        "dmean": 0.31310158968,
        "dmean2": 0.514352381229,
        "dvar": 0.288164645433,
        "dvar2": 0.712926566601,
        "max": 8.77184104919,
        "mean": 0.562922298908,
        "median": 0.293556988239,
        "min": 0,
        "var": 0.679060697556
    },
    "zerocrossingrate": {
        "dmean": 0.0141183435917,
        "dmean2": 0.0160852428526,
        "dvar": 0.000219129884499,
        "dvar2": 0.000284159294097,
        "max": 0.77197265625,
        "mean": 0.080167979002,
        "median": 0.0732421875,
        "min": 0.00146484375,
        "var": 0.00424631498754
    },
    "barkbands": {
        "dmean": [9.43640479818e-05, 0.00397923169658, 0.00403484748676, 0.00275668432005, 0.00212750583887, 0.000672500464134, 0.000562784960493, 0.000373827642761, 0.000672796042636, 0.000372651440557, 0.000455958856037, 0.000318985490594, 0.000296625192277, 0.000272446137387, 0.000204175565159, 0.000153869361384, 0.000221932845307, 0.000199765898287, 0.00022544512467, 0.000202557101147, 0.00025828651269, 0.000200466602109, 0.000141224896652, 0.000113226546091, 7.78231478762e-05, 2.83609260805e-05, 2.11810856854e-06],
        "dmean2": [0.000120221578982, 0.00505853909999, 0.00648052198812, 0.00480531714857, 0.00368946837261, 0.00110462028533, 0.000900596787687, 0.000600500323344, 0.00111301441211, 0.000601097592153, 0.000734685978387, 0.000523941824213, 0.000481244525872, 0.000446288526291, 0.000338307319907, 0.000251275283517, 0.000367106404155, 0.000324579974404, 0.000355456257239, 0.000322899082676, 0.000362833467079, 0.000303652923321, 0.000201788774575, 0.000163854419952, 0.000112991372589, 4.19751195295e-05, 3.46464639733e-06],
        "dvar": [3.06492147217e-08, 4.43310600531e-05, 0.000119138217997, 5.48198913748e-05, 3.98705997213e-05, 2.19868638851e-06, 1.45492413139e-06, 5.05307809817e-07, 3.93527261622e-06, 6.82266943386e-07, 7.00693874478e-07, 3.28123491045e-07, 3.93854719505e-07, 3.72359409084e-07, 1.00570630934e-07, 6.41182751338e-08, 1.36889056535e-07, 1.09603853105e-07, 1.52340675186e-07, 1.24538701129e-07, 2.40398151163e-07, 1.18243136171e-07, 5.51906964574e-08, 3.24592441814e-08, 1.68584470828e-08, 2.69398658936e-09, 2.72611152402e-11],
        "dvar2": [5.45901777116e-08, 7.46677833376e-05, 0.000284520821879, 0.000144939520396, 0.000106718332972, 5.67764118387e-06, 3.61192610399e-06, 1.1865918168e-06, 1.03181828308e-05, 1.77402091595e-06, 1.71588908415e-06, 8.53675715007e-07, 9.45422414134e-07, 9.48208821683e-07, 2.64069342393e-07, 1.54489399051e-07, 3.61421058415e-07, 2.68093799605e-07, 3.48553641061e-07, 3.11069214831e-07, 4.55004141031e-07, 2.49809431807e-07, 1.10022888578e-07, 6.6741762339e-08, 3.2968429764e-08, 5.48267120593e-09, 6.60271004538e-11],
        "max": [0.00336431991309, 0.0987529307604, 0.0961724892259, 0.0649527385831, 0.0901908650994, 0.02841293253, 0.0278370175511, 0.0155187062919, 0.0532887540758, 0.0267959516495, 0.0149273490533, 0.013496930711, 0.013281378895, 0.0216193366796, 0.00476003997028, 0.00800876319408, 0.00441036140546, 0.00498589687049, 0.00700031919405, 0.00542994495481, 0.00715129403397, 0.00475735962391, 0.00413575721905, 0.00250265211798, 0.00167034380138, 0.000629150425084, 9.18534569792e-05],
        "mean": [0.000173796230229, 0.00685288617387, 0.00373956607655, 0.00221854750998, 0.00199329759926, 0.000881350308191, 0.000763136602473, 0.000542775844224, 0.000871322466992, 0.000551434815861, 0.000717680552043, 0.000471123552416, 0.000422197481385, 0.000488923513331, 0.000338392041158, 0.000259796361206, 0.000358855118975, 0.000357734650606, 0.000389303982956, 0.000366060558008, 0.000425351725426, 0.000340876082191, 0.000244475755608, 0.000187958547031, 0.000120364340546, 4.44449651695e-05, 2.34915592046e-06],
        "median": [1.71871251951e-05, 0.0020220070146, 0.000622936990112, 0.000285260379314, 0.000494020059705, 0.000395503040636, 0.000273657497019, 0.000234988023294, 0.000385149935028, 0.000218127752305, 0.000275511411019, 0.000229132492677, 0.000209657431697, 0.000170653991518, 0.000188840320334, 0.000153475659317, 0.000193445623154, 0.000177874637302, 0.000194178544916, 0.000175162946107, 0.000157419970492, 0.000117072973808, 8.28353804536e-05, 5.77618993702e-05, 3.42664498021e-05, 1.26830464069e-05, 2.76846463976e-07],
        "min": [2.24831249793e-25, 1.76561447578e-24, 3.33845861134e-25, 5.65134479778e-25, 6.21878615336e-24, 6.08308038399e-24, 5.4597110582e-24, 5.91314396779e-24, 2.19266270966e-23, 1.856869077e-23, 2.22728960132e-23, 2.15323228617e-23, 2.90550818919e-23, 2.02108356951e-23, 3.01589444229e-23, 6.81212188788e-23, 5.47892423886e-23, 1.13054912745e-22, 1.00954865621e-22, 1.83598161795e-22, 1.94063152698e-22, 3.28067636244e-22, 4.21425474736e-22, 5.75964234836e-22, 8.83043980572e-22, 1.2058974608e-21, 1.84043485767e-21],
        "var": [1.1579147241e-07, 0.000137499853736, 0.000106227016659, 4.12645895267e-05, 3.11264229822e-05, 2.47551838584e-06, 2.05383821594e-06, 1.1223759202e-06, 3.63407798432e-06, 1.29489876599e-06, 1.59596413596e-06, 5.41828342193e-07, 5.43111127627e-07, 1.40846270824e-06, 1.98840410803e-07, 1.43575448419e-07, 2.24752753297e-07, 2.39685419956e-07, 3.2385375448e-07, 2.78279799204e-07, 5.87526471918e-07, 3.10049728114e-07, 1.49992800402e-07, 8.22083592311e-08, 3.92690537865e-08, 5.95250648772e-09, 3.36984572191e-11]
    },
    "erbbands": {
        "dmean": [0.106499746442, 0.995120584965, 3.8089864254, 7.27528047562, 7.20905828476, 7.71737623215, 6.23316335678, 5.69388198853, 7.06200742722, 8.31308937073, 10.2187232971, 14.0299491882, 11.4469146729, 17.4504718781, 12.033493042, 12.7583379745, 12.2185850143, 12.491648674, 10.1602268219, 9.95532798767, 8.43297290802, 13.1730976105, 11.1005821228, 10.9874629974, 11.114159584, 9.36184406281, 10.8223724365, 9.12194824219, 8.41232013702, 5.55234193802, 3.72661089897, 2.87900996208, 1.61025297642, 1.02046895027, 0.47286388278, 0.171141207218, 0.0430160164833, 0.00648177042603, 0.000287815724732, 1.7590187781e-05],
        "dmean2": [0.13593891263, 1.22625398636, 5.71621131897, 12.0595474243, 12.4929580688, 13.4903287888, 10.5883579254, 9.39007472992, 11.341293335, 13.5695381165, 16.4601554871, 23.3119449615, 18.6016788483, 27.6639938354, 18.9445667267, 20.7579746246, 19.717250824, 20.3824310303, 16.7259902954, 16.4542865753, 13.690237999, 21.9313488007, 18.0203495026, 17.6122570038, 17.7221183777, 14.7903184891, 16.1569919586, 13.5069484711, 13.2126512527, 7.96953821182, 5.37829637527, 4.23907804489, 2.33008623123, 1.51222491264, 0.677456200123, 0.25439453125, 0.063745893538, 0.00964394770563, 0.000458898575744, 2.36580035562e-05],
        "dvar": [0.0351160652936, 2.78421354294, 89.5093002319, 331.164581299, 364.169158936, 665.995361328, 305.780670166, 200.1300354, 286.917633057, 295.402954102, 394.307891846, 1956.92700195, 649.82244873, 1224.67590332, 568.059936523, 628.485839844, 566.11907959, 606.65423584, 451.050354004, 228.454376221, 186.53074646, 527.573547363, 348.893829346, 368.931518555, 394.903442383, 281.438720703, 587.855773926, 267.17489624, 232.212631226, 83.8464202881, 38.641368866, 22.2197570801, 6.73970317841, 3.03984022141, 0.608252882957, 0.0967122763395, 0.0062671774067, 0.000168961661984, 5.71012094497e-07, 6.88188728226e-10],
        "dvar2": [0.0589913055301, 4.47804927826, 198.964035034, 834.13482666, 963.354614258, 1825.33483887, 831.895141602, 522.569091797, 706.350891113, 754.966674805, 924.525024414, 5102.30908203, 1655.67419434, 3144.29711914, 1205.15612793, 1568.59631348, 1380.2388916, 1540.78027344, 1160.8560791, 580.14666748, 465.482666016, 1406.26220703, 861.672180176, 893.947998047, 921.200378418, 666.241943359, 1358.6862793, 498.791259766, 552.399780273, 160.105712891, 78.6448822021, 48.2183036804, 13.006272316, 6.27708816528, 1.15933513641, 0.198578327894, 0.012652608566, 0.000350798276486, 1.39301994295e-06, 1.19527421294e-09],
        "max": [2.72021961212, 23.5673904419, 82.3057022095, 165.936660767, 185.622619629, 399.801696777, 299.181182861, 341.503845215, 506.891723633, 326.25579834, 546.083862305, 1211.34790039, 578.07635498, 1222.84753418, 665.561340332, 500.75378418, 506.857055664, 567.491577148, 693.132446289, 291.412628174, 294.17098999, 307.086639404, 286.148986816, 272.203186035, 382.383117676, 259.870941162, 339.106109619, 224.675140381, 176.122009277, 139.943695068, 105.93800354, 63.9075965881, 35.0966758728, 23.2056980133, 11.0316648483, 4.00873661041, 0.961860001087, 0.172185629606, 0.012505444698, 0.000384365150239],
        "mean": [0.186586350203, 1.57817089558, 4.1301445961, 6.49693918228, 6.32656860352, 7.0902132988, 7.02475643158, 7.11339426041, 9.79176521301, 11.7687473297, 14.8961763382, 18.1619739532, 16.6511211395, 28.3432865143, 20.1763572693, 19.9887237549, 19.0585632324, 21.1333293915, 20.1192169189, 17.7240772247, 15.1206502914, 21.5248985291, 20.3612747192, 19.8483448029, 19.3822536469, 16.8917446136, 17.0777378082, 15.8094835281, 13.1140470505, 9.66583347321, 6.58892345428, 4.60890007019, 2.74296379089, 1.54382407665, 0.743173062801, 0.271129786968, 0.0672246962786, 0.00933934748173, 0.000345773180015, 4.01812976634e-05],
        "median": [0.0304017774761, 0.469185888767, 1.03976774216, 1.151491642, 1.16568255424, 1.80052769184, 2.2104883194, 3.10951089859, 3.81985044479, 4.58675956726, 6.93062543869, 8.60269737244, 7.35087680817, 10.8717308044, 10.5845165253, 9.97876358032, 10.1576080322, 9.41316413879, 9.1711473465, 10.4870204926, 9.41497421265, 11.8239421844, 10.4563846588, 10.0445652008, 9.77295970917, 7.97015476227, 6.61810302734, 5.72598457336, 4.31823015213, 3.31470966339, 2.21041083336, 1.41172933578, 0.840295910835, 0.421612918377, 0.224695265293, 0.0808535069227, 0.0172307025641, 0.00192243559286, 6.55628973618e-05, 2.54114929703e-05],
        "min": [2.20222086393e-23, 4.78552762008e-22, 1.57202191806e-21, 5.93115843013e-21, 9.45389003393e-21, 2.68649457523e-20, 1.50678864953e-20, 5.32621531799e-20, 1.25400283595e-19, 2.23403543971e-19, 2.40194328129e-19, 4.15465860767e-19, 5.0220657889e-19, 9.59527339212e-19, 1.15798688992e-18, 1.42477093884e-18, 1.70200889634e-18, 1.46708598346e-18, 2.8336310586e-18, 2.56379212828e-18, 3.74962047005e-18, 4.9689124035e-18, 6.68903324654e-18, 7.10396275823e-18, 7.45613903992e-18, 9.73091963885e-18, 9.73126622753e-18, 8.82428584692e-18, 1.19683298721e-17, 1.17085248494e-17, 1.20993527995e-17, 1.04847127875e-17, 8.63136251265e-18, 7.80370048098e-18, 6.48166030774e-18, 4.34333473138e-18, 1.91801656676e-18, 1.0285139955e-18, 2.58332899697e-19, 2.57936757732e-20],
        "var": [0.118418440223, 7.86954927444, 98.3962631226, 276.586425781, 282.601593018, 482.102844238, 278.194854736, 193.130493164, 392.267944336, 433.56729126, 711.743591309, 1738.61315918, 1010.25158691, 2462.97241211, 1119.7557373, 1052.88024902, 866.89855957, 1398.54040527, 1893.90539551, 476.594360352, 379.992156982, 810.524475098, 770.266845703, 751.785827637, 816.373779297, 643.171936035, 1005.03015137, 734.007873535, 495.535766602, 236.159393311, 105.944801331, 51.2663383484, 17.7390117645, 6.71308326721, 1.45220994949, 0.21388220787, 0.0141884246841, 0.000315642391797, 6.89617081662e-07, 2.03206251825e-09]
    },
    "gfcc": {
        "mean": [-25.3223934174, 73.5544052124, -120.921058655, 40.1617050171, -60.1349945068, 23.6025524139, -29.4559764862, 13.8231010437, -21.7846107483, 5.13778924942, -16.6664543152, 1.9696470499, -11.771399498],
        "cov": [[26159.0410156, -1315.57543945, -789.290710449, 1053.33605957, -788.735778809, 573.657409668, -969.50012207, 583.322143555, -819.362609863, 313.438781738, -520.059997559, 270.686676025, -455.775390625], [-1315.57543945, 2315.95043945, 86.1796264648, -324.95791626, 242.725646973, -209.985137939, 204.734085083, -255.329544067, 218.999526978, -168.086654663, 101.331001282, -166.965057373, 150.484741211], [-789.290710449, 86.1796264648, 704.906860352, 117.00920105, 74.6902084351, 7.65126371384, 0.649795114994, -20.5657253265, -4.90298891068, 0.831916153431, -27.6245536804, -9.27571582794, -10.5454111099], [1053.33605957, -324.95791626, 117.00920105, 460.389678955, 20.4346923828, 138.675949097, 3.57101845741, 106.70526123, 3.89401674271, 49.8976097107, -2.58863520622, 20.7913589478, -12.2536458969], [-788.735778809, 242.725646973, 74.6902084351, 20.4346923828, 275.346740723, 39.2579574585, 124.854370117, 14.8189344406, 103.538841248, 3.86045241356, 40.2234992981, -22.9297504425, 37.9928588867], [573.657409668, -209.985137939, 7.65126371384, 138.675949097, 39.2579574585, 209.361679077, 55.9381904602, 104.62902832, 23.4264888763, 45.3147087097, 9.36777877808, 23.367559433, -7.59954786301], [-969.50012207, 204.734085083, 0.649795114994, 3.57101845741, 124.854370117, 55.9381904602, 200.40838623, 50.1881141663, 118.425796509, 11.5347013474, 68.6030197144, -7.21038007736, 52.0787391663], [583.322143555, -255.329544067, -20.5657253265, 106.70526123, 14.8189344406, 104.62902832, 50.1881141663, 155.927062988, 42.3464813232, 73.0459289551, 14.7942075729, 45.4116592407, 0.0760725438595], [-819.362609863, 218.999526978, -4.90298891068, 3.89401674271, 103.538841248, 23.4264888763, 118.425796509, 42.3464813232, 170.270477295, 48.0572967529, 74.6703262329, -5.82530832291, 52.2698440552], [313.438781738, -168.086654663, 0.831916153431, 49.8976097107, 3.86045241356, 45.3147087097, 11.5347013474, 73.0459289551, 48.0572967529, 106.56275177, 33.0377388, 42.1480789185, 2.15073227882], [-520.059997559, 101.331001282, -27.6245536804, -2.58863520622, 40.2234992981, 9.36777877808, 68.6030197144, 14.7942075729, 74.6703262329, 33.0377388, 107.634719849, 29.4854564667, 42.9755744934], [270.686676025, -166.965057373, -9.27571582794, 20.7913589478, -22.9297504425, 23.367559433, -7.21038007736, 45.4116592407, -5.82530832291, 42.1480789185, 29.4854564667, 76.2601699829, 19.2153530121], [-455.775390625, 150.484741211, -10.5454111099, -12.2536458969, 37.9928588867, -7.59954786301, 52.0787391663, 0.0760725438595, 52.2698440552, 2.15073227882, 42.9755744934, 19.2153530121, 76.6562805176]],
        "icov": [[0.000113393332867, -0.000237787084188, 0.000194954132894, -0.000231051206356, 2.49542681559e-05, -0.000200731650693, 0.000459167902591, -0.000530981633347, 0.0005634293193, -0.000428745173849, 0.00030498043634, -0.000327908725012, 0.000326258363202], [-0.000237787084188, 0.00143929070327, -0.000559302803595, 0.00078869581921, -0.000216410800931, 0.000610390037764, -0.00111374410335, 0.0018909170758, -0.0020542438142, 0.00167209818028, -0.0010638354579, 0.00201844284311, -0.00182334135752], [0.000194954132894, -0.000559302803595, 0.00198610220104, -0.00101497780997, -0.000472422718303, -0.000214735555346, 0.000523362250533, -8.18689441076e-05, 0.00105202523991, -0.00126578018535, 0.00143980514258, -0.00142880959902, 0.00109459634405], [-0.000231051206356, 0.00078869581921, -0.00101497780997, 0.0037291906774, -0.000257965904893, -0.00107231747825, 0.000163631368196, -0.00064019986894, -0.000887990288902, 0.00100985576864, -0.00153051631059, 0.00245750206523, -0.00173536152579], [2.49542681559e-05, -0.000216410800931, -0.000472422718303, -0.000257965904893, 0.00582076469436, -0.000802620488685, -0.00230216654018, 0.000671335088555, -0.00187954469584, 0.000111892266432, 0.000682922080159, 0.000394306349335, -0.000137364797411], [-0.000200731650693, 0.000610390037764, -0.000214735555346, -0.00107231747825, -0.000802620488685, 0.00890292134136, -0.00299577438273, -0.00285010738298, 0.000265765469521, 0.00036889675539, -0.000536553619895, 0.000611826253589, 0.000681680743583], [0.000459167902591, -0.00111374410335, 0.000523362250533, 0.000163631368196, -0.00230216654018, -0.00299577438273, 0.0150762377307, -0.00722088292241, -0.00177348626312, 0.00255489186384, -0.00351488729939, 0.00217006960884, -0.00181249494199], [-0.000530981633347, 0.0018909170758, -8.18689441076e-05, -0.00064019986894, 0.000671335088555, -0.00285010738298, -0.00722088292241, 0.0209814943373, -0.0067745288834, -0.00327650457621, 0.0043685818091, -0.00661204662174, 0.00120646564756], [0.0005634293193, -0.0020542438142, 0.00105202523991, -0.000887990288902, -0.00187954469584, 0.000265765469521, -0.00177348626312, -0.0067745288834, 0.0222985707223, -0.0114273568615, -0.00463455216959, 0.00810338184237, -0.00476222764701], [-0.000428745173849, 0.00167209818028, -0.00126578018535, 0.00100985576864, 0.000111892266432, 0.00036889675539, 0.00255489186384, -0.00327650457621, -0.0114273568615, 0.0234586875886, -0.00412608403713, -0.00623654201627, 0.00341454730369], [0.00030498043634, -0.0010638354579, 0.00143980514258, -0.00153051631059, 0.000682922080159, -0.000536553619895, -0.00351488729939, 0.0043685818091, -0.00463455216959, -0.00412608403713, 0.0211286079139, -0.0116777801886, 0.000205037445994], [-0.000327908725012, 0.00201844284311, -0.00142880959902, 0.00245750206523, 0.000394306349335, 0.000611826253589, 0.00217006960884, -0.00661204662174, 0.00810338184237, -0.00623654201627, -0.0116777801886, 0.0342102609575, -0.0146973822266], [0.000326258363202, -0.00182334135752, 0.00109459634405, -0.00173536152579, -0.000137364797411, 0.000681680743583, -0.00181249494199, 0.00120646564756, -0.00476222764701, 0.00341454730369, 0.000205037445994, -0.0146973822266, 0.0265241805464]]
    },
    "melbands": {
        "dmean": [0.00102279649582, 0.0015567264054, 0.00121067056898, 0.000524929200765, 0.000239981483901, 0.000127409715788, 0.000110843531729, 8.6126892711e-05, 9.39323726925e-05, 9.05070774024e-05, 5.83599357924e-05, 7.01518802089e-05, 4.83065341541e-05, 3.13154050673e-05, 4.66228011646e-05, 2.18490131374e-05, 2.5002314942e-05, 1.82890689757e-05, 1.76042995008e-05, 1.14114436656e-05, 9.77786294243e-06, 1.43254364957e-05, 1.22261917568e-05, 9.60621036938e-06, 9.52004666033e-06, 8.82540916791e-06, 8.05091804068e-06, 6.45118370812e-06, 6.9008178798e-06, 6.3341230998e-06, 5.16588352184e-06, 5.1493511819e-06, 3.87509498978e-06, 2.97537440019e-06, 2.31091689784e-06, 2.05408582588e-06, 1.71523242898e-06, 1.18816319628e-06, 1.03132117601e-06, 8.33866238281e-07],
        "dmean2": [0.00132820534054, 0.00210713152774, 0.00196057325229, 0.000904829648789, 0.00041441936628, 0.000208805897273, 0.000176922781975, 0.00014046477736, 0.000153542277985, 0.000150259336806, 9.51927722781e-05, 0.00011142592848, 7.63913849369e-05, 5.10715144628e-05, 7.6102107414e-05, 3.54912335752e-05, 4.07534935221e-05, 3.0417844755e-05, 2.91808064503e-05, 1.86654142453e-05, 1.60571926244e-05, 2.3916041755e-05, 2.04580774152e-05, 1.5587434973e-05, 1.54569061124e-05, 1.4075278159e-05, 1.34616302603e-05, 1.03167185443e-05, 1.05011122287e-05, 9.41630514717e-06, 7.74778891355e-06, 8.28510201245e-06, 5.87565045862e-06, 4.32875094702e-06, 3.46810315932e-06, 3.00974716083e-06, 2.60539081864e-06, 1.76944570285e-06, 1.51991957864e-06, 1.26485190322e-06],
        "dvar": [3.0383905596e-06, 1.05959898065e-05, 8.56281985762e-06, 2.2015030936e-06, 5.72050055325e-07, 9.16649582905e-08, 6.18678228648e-08, 2.97351689937e-08, 3.69079131701e-08, 9.97885720722e-08, 1.7167927524e-08, 2.01105407882e-08, 7.78764253084e-09, 3.63996144337e-09, 1.40866109888e-08, 1.30508004403e-09, 2.73075340118e-09, 2.12197015514e-09, 8.26549328981e-10, 3.81763759494e-10, 2.5246860158e-10, 6.49874876135e-10, 4.37413827381e-10, 2.49770232275e-10, 2.91770746452e-10, 2.58956467381e-10, 2.0594899397e-10, 1.47154677332e-10, 2.23410359657e-10, 1.54935633767e-10, 8.58756885047e-11, 1.02816220815e-10, 4.57787870112e-11, 2.47597324587e-11, 1.57057717526e-11, 1.17264210495e-11, 7.98899054549e-12, 3.70242855471e-12, 3.16711760984e-12, 2.12259702002e-12],
        "dvar2": [5.09183519171e-06, 2.16653916141e-05, 2.07872762985e-05, 5.78515027883e-06, 1.58669865868e-06, 2.37458806396e-07, 1.53159291472e-07, 7.62155778489e-08, 9.06518451416e-08, 2.62697625431e-07, 4.41667857842e-08, 5.18262410765e-08, 1.74074745729e-08, 9.42309696939e-09, 3.48900996983e-08, 3.24984306133e-09, 6.87446144454e-09, 5.44748468556e-09, 2.15443418661e-09, 8.98384866499e-10, 6.47412679022e-10, 1.74724945623e-09, 1.19353726902e-09, 5.93618654232e-10, 7.31731508719e-10, 6.00694716191e-10, 5.46769352017e-10, 3.53328449831e-10, 5.15391895828e-10, 3.3084557316e-10, 1.62145449845e-10, 2.67706440349e-10, 1.00299463179e-10, 4.88748486127e-11, 3.48411716145e-11, 2.45370893742e-11, 1.80568424796e-11, 7.62031410195e-12, 6.24537184121e-12, 4.61834520279e-12],
        "max": [0.0252005886286, 0.0312167294323, 0.0247905086726, 0.0190531387925, 0.013335429132, 0.00675132870674, 0.0069308434613, 0.00306436303072, 0.00621044589207, 0.0088623482734, 0.00285521429032, 0.00502097373828, 0.00234291190282, 0.00182750739623, 0.00288257445209, 0.000625723274425, 0.00138147128746, 0.00169900420588, 0.000480752874864, 0.000828014570288, 0.000351804686943, 0.000333914562361, 0.000272734148894, 0.000254636543104, 0.000247555959504, 0.00029556514346, 0.000217820503167, 0.000192266190425, 0.000217531152884, 0.000203329662327, 0.000155232759425, 0.000119877280667, 0.000132760571432, 7.81183480285e-05, 6.82143945596e-05, 5.71565396967e-05, 3.6305445974e-05, 2.55835057033e-05, 2.56405073742e-05, 1.89099937415e-05],
        "mean": [0.00180281582288, 0.00219122110866, 0.00113750773016, 0.00047663305304, 0.000259686814388, 0.000164035562193, 0.00015513211838, 0.000125683582155, 0.000131142209284, 0.00011436783825, 8.1913836766e-05, 0.000112090841867, 7.94788575149e-05, 4.6672183089e-05, 6.45983600407e-05, 3.27193738485e-05, 4.10186803492e-05, 3.4195396438e-05, 2.8620899684e-05, 1.90328573808e-05, 1.65897963598e-05, 2.21814680117e-05, 1.95196644199e-05, 1.70362254721e-05, 1.5979507225e-05, 1.43563229358e-05, 1.315784084e-05, 1.07693922473e-05, 1.06262632471e-05, 9.97422102955e-06, 8.57974373503e-06, 7.52538699089e-06, 6.239976301e-06, 5.01250860907e-06, 3.88957550967e-06, 3.28782380166e-06, 2.63682977675e-06, 2.00624640456e-06, 1.55068221375e-06, 1.21488437799e-06],
        "median": [0.000462423573481, 0.000724031124264, 0.000210065569263, 0.000113541769679, 8.25556489872e-05, 7.25588179193e-05, 6.06815519859e-05, 5.00840615132e-05, 5.82711836614e-05, 5.15158899361e-05, 3.2322928746e-05, 4.10132561228e-05, 3.67756656487e-05, 2.34447034018e-05, 2.37921376538e-05, 1.82454095921e-05, 1.60988238349e-05, 1.25153383124e-05, 1.47907830979e-05, 1.08530130092e-05, 1.00423694676e-05, 1.14253707579e-05, 1.04448536149e-05, 8.31833676784e-06, 7.77211789682e-06, 6.8236477091e-06, 6.32879800833e-06, 4.68224789074e-06, 4.02588511861e-06, 3.63468666364e-06, 2.98629083773e-06, 2.33541550188e-06, 2.18401282837e-06, 1.66972608895e-06, 1.29268710225e-06, 1.04816263047e-06, 7.84862095315e-07, 6.21613139629e-07, 4.098193358e-07, 3.28269607053e-07],
        "min": [3.93730683684e-25, 8.25378558423e-25, 2.21512990212e-24, 1.00002575613e-24, 7.6974710131e-25, 1.25192698975e-24, 2.01202957624e-24, 2.21169618781e-24, 1.92095045714e-24, 2.59274085415e-24, 2.40876034725e-24, 2.82554258197e-24, 3.45581227131e-24, 2.31899566763e-24, 3.5480115729e-24, 2.97214035107e-24, 1.9913675342e-24, 2.85442672401e-24, 2.41136970191e-24, 3.97392980297e-24, 3.94484884013e-24, 3.41326663611e-24, 3.25428966725e-24, 4.86609796019e-24, 4.31673956453e-24, 4.28021412132e-24, 4.38373081589e-24, 5.34143714268e-24, 4.24174610814e-24, 4.75352829787e-24, 4.80291611814e-24, 5.61948457936e-24, 5.45184848156e-24, 6.52384655402e-24, 6.0583740493e-24, 5.54146031938e-24, 6.31921800736e-24, 5.58908897982e-24, 4.86097667519e-24, 5.46358594297e-24],
        "var": [9.84199323284e-06, 1.78272402991e-05, 7.73438750912e-06, 1.74832200628e-06, 4.57787535879e-07, 9.52252889874e-08, 8.56783941572e-08, 4.94250045335e-08, 5.68320110972e-08, 8.34727345023e-08, 2.75271947459e-08, 3.96973902639e-08, 1.7363275262e-08, 5.84894044309e-09, 1.91648794612e-08, 1.98118810246e-09, 6.72792532797e-09, 9.35072641539e-09, 1.62955449134e-09, 8.91934082148e-10, 4.65328553467e-10, 9.36171140609e-10, 6.91288748467e-10, 5.60820001549e-10, 5.25171850452e-10, 5.01056640623e-10, 3.63663293923e-10, 2.97624175305e-10, 3.84204057458e-10, 3.19402893023e-10, 2.28321681006e-10, 1.84106938028e-10, 1.01658285956e-10, 6.58579996093e-11, 3.79953707386e-11, 2.75745641598e-11, 1.68013901403e-11, 9.08288201595e-12, 7.20259008685e-12, 4.26860196495e-12]
    },
    "mfcc": {
        "mean": [-653.282958984, 96.4464645386, 0.819591760635, 20.4052867889, -1.27153623104, 10.4065732956, 3.88847017288, 9.17031002045, 3.37757229805, 4.09898090363, 1.92561125755, 2.42080783844, -0.0339729562402],
        "cov": [[14176.0966797, -1057.56225586, -354.452178955, 507.152954102, 127.798751831, 22.9363212585, 42.5538673401, 53.9931793213, -112.222999573, -6.68862056732, -17.3295402527, -21.7356376648, -117.918388367], [-1057.56225586, 1585.05773926, 88.6669845581, -55.5951194763, 30.792257309, 41.7232017517, -15.6540927887, -16.0192546844, 47.8515815735, 7.84856843948, -9.53759384155, 26.4040184021, 6.23598098755], [-354.452178955, 88.6669845581, 544.63269043, 103.36505127, 56.2197685242, 33.6249656677, 0.716680169106, -21.0728054047, -3.97670412064, -28.7674427032, -16.1177635193, -15.8684663773, -18.60014534], [507.152954102, -55.5951194763, 103.36505127, 272.825378418, 90.7607803345, 63.6592559814, 30.8077888489, 41.4975891113, 40.3403511047, 26.3775177002, 26.652141571, 26.0973129272, 11.3030462265], [127.798751831, 30.792257309, 56.2197685242, 90.7607803345, 140.437942505, 68.0014190674, 30.134469986, 25.0656414032, 32.5205917358, 28.273109436, 17.9131946564, 12.2178239822, 1.42503929138], [22.9363212585, 41.7232017517, 33.6249656677, 63.6592559814, 68.0014190674, 120.523269653, 53.131149292, 50.639919281, 45.4197235107, 42.0911979675, 34.2185173035, 24.3524169922, 11.1729536057], [42.5538673401, -15.6540927887, 0.716680169106, 30.8077888489, 30.134469986, 53.131149292, 97.276184082, 64.6360092163, 34.1943778992, 27.5241336823, 20.5871944427, 20.1132144928, 12.6308469772], [53.9931793213, -16.0192546844, -21.0728054047, 41.4975891113, 25.0656414032, 50.639919281, 64.6360092163, 107.142913818, 55.0053253174, 42.3757667542, 30.2321548462, 30.8076648712, 23.1512050629], [-112.222999573, 47.8515815735, -3.97670412064, 40.3403511047, 32.5205917358, 45.4197235107, 34.1943778992, 55.0053253174, 102.763450623, 60.3085441589, 35.9908943176, 30.6690692902, 22.1724185944], [-6.68862056732, 7.84856843948, -28.7674427032, 26.3775177002, 28.273109436, 42.0911979675, 27.5241336823, 42.3757667542, 60.3085441589, 93.618888855, 54.5091934204, 34.1996841431, 24.816947937], [-17.3295402527, -9.53759384155, -16.1177635193, 26.652141571, 17.9131946564, 34.2185173035, 20.5871944427, 30.2321548462, 35.9908943176, 54.5091934204, 77.0869293213, 46.1300621033, 27.6555252075], [-21.7356376648, 26.4040184021, -15.8684663773, 26.0973129272, 12.2178239822, 24.3524169922, 20.1132144928, 30.8076648712, 30.6690692902, 34.1996841431, 46.1300621033, 77.6110687256, 43.7025222778], [-117.918388367, 6.23598098755, -18.60014534, 11.3030462265, 1.42503929138, 11.1729536057, 12.6308469772, 23.1512050629, 22.1724185944, 24.816947937, 27.6555252075, 43.7025222778, 62.100479126]],
