{
"lowlevel": {
    "average_loudness": 0.832497835159,
    "barkbands_crest": {
        "dmean": 2.55002903938,
        "dmean2": 4.02249526978,
        "dvar": 6.07610368729,
        "dvar2": 14.8265123367,
        "max": 26.1125049591,
        "mean": 10.8714570999,
        "median": 9.81867599487,
        "min": 2.05565643311,
        "var": 24.7044811249
    },
    "barkbands_flatness_db": {
        "dmean": 0.0361104719341,
        "dmean2": 0.0493824966252,
        "dvar": 0.00151642947458,
        "dvar2": 0.00306976865977,
        "max": 0.792546868324,
        "mean": 0.165966182947,
        "median": 0.146146655083,
        "min": 0.0116995749995,
        "var": 0.0107425265014
    },
    "barkbands_kurtosis": {
        "dmean": 6.98149490356,
        "dmean2": 10.4899988174,
        "dvar": 277.279968262,
        "dvar2": 644.933349609,
        "max": 555.687194824,
        "mean": 12.3441638947,
        "median": 5.84094047546,
        "min": -1.76560294628,
        "var": 722.314086914
    },
    "barkbands_skewness": {
        "dmean": 0.742677927017,
        "dmean2": 1.09210073948,
        "dvar": 0.659503519535,
        "dvar2": 1.48800766468,
        "max": 18.5419425964,
        "mean": 2.34614181519,
        "median": 2.05871844292,
        "min": -1.98466253281,
        "var": 2.62238955498
    },
    "barkbands_spread": {
        "dmean": 6.1578578949,
        "dmean2": 8.57491207123,
        "dvar": 50.7757949829,
        "dvar2": 96.4281311035,
        "max": 98.5051040649,
        "mean": 17.5378513336,
        "median": 13.4377689362,
        "min": 0.0920707061887,
        "var": 205.76322937
    },
    "dissonance": {
        "dmean": 0.0226442385465,
        "dmean2": 0.03756095469,
        "dvar": 0.000623498926871,
        "dvar2": 0.00163999572396,
        "max": 0.500000119209,
        "mean": 0.460487782955,
        "median": 0.472941964865,
        "min": 0.215076833963,
        "var": 0.00158899067901
    },
    "dynamic_complexity": 3.6946439743,
    "erbbands_crest": {
        "dmean": 2.31388068199,
        "dmean2": 3.65563821793,
        "dvar": 4.9373254776,
        "dvar2": 11.1544704437,
        "max": 31.029417038,
        "mean": 8.34823131561,
        "median": 6.99037742615,
        "min": 2.05678248405,
        "var": 22.6632137299
    },
    "erbbands_flatness_db": {
        "dmean": 0.0224115904421,
        "dmean2": 0.0302918478847,
        "dvar": 0.000653517548926,
        "dvar2": 0.00124608085025,
        "max": 0.50005030632,
        "mean": 0.143494814634,
        "median": 0.120884999633,
        "min": 0.0444062203169,
        "var": 0.00468211900443
    },
    "erbbands_kurtosis": {
        "dmean": 2.17323231697,
        "dmean2": 3.29049324989,
        "dvar": 18.0006904602,
        "dvar2": 39.0951385498,
        "max": 128.675018311,
        "mean": 3.30387973785,
        "median": 0.186132311821,
        "min": -1.86676096916,
        "var": 84.2270507812
    },
    "erbbands_skewness": {
        "dmean": 0.466137051582,
        "dmean2": 0.689967930317,
        "dvar": 0.230377882719,
        "dvar2": 0.514828026295,
        "max": 8.38411617279,
        "mean": 0.966559648514,
        "median": 0.720292568207,
        "min": -2.33542180061,
        "var": 1.26264476776
    },
    "erbbands_spread": {
        "dmean": 10.6706409454,
        "dmean2": 15.1012125015,
        "dvar": 140.526016235,
        "dvar2": 261.499664307,
        "max": 170.197677612,
        "mean": 43.6565437317,
        "median": 42.4441680908,
        "min": 0.853172659874,
        "var": 662.305725098
    },
    "hfc": {
        "dmean": 7.03385543823,
        "dmean2": 9.4968214035,
        "dvar": 120.644920349,
        "dvar2": 247.878356934,
        "max": 124.159744263,
        "mean": 15.0515546799,
        "median": 9.78285503387,
        "min": 1.21018230917e-16,
        "var": 255.293609619
    },
    "melbands_crest": {
        "dmean": 3.02513122559,
        "dmean2": 4.72404527664,
        "dvar": 7.34808111191,
        "dvar2": 18.067407608,
        "max": 35.2017021179,
        "mean": 14.8278608322,
        "median": 14.3453159332,
        "min": 1.62601840496,
        "var": 25.1729354858
    },
    "melbands_flatness_db": {
        "dmean": 0.0431963950396,
        "dmean2": 0.0589879304171,
        "dvar": 0.00211899564601,
        "dvar2": 0.00429467856884,
        "max": 0.967171311378,
        "mean": 0.253542602062,
        "median": 0.234826475382,
        "min": 0.0045065516606,
        "var": 0.0152241289616
    },
    "melbands_kurtosis": {
        "dmean": 12.7206859589,
        "dmean2": 18.9190788269,
        "dvar": 419.839569092,
        "dvar2": 935.512145996,
        "max": 370.552032471,
        "mean": 25.8026599884,
        "median": 14.8075695038,
        "min": -1.54390573502,
        "var": 1116.24755859
    },
    "melbands_skewness": {
        "dmean": 0.921678483486,
        "dmean2": 1.34799957275,
        "dvar": 0.966016530991,
        "dvar2": 2.06999444962,
        "max": 16.2458515167,
        "mean": 3.32274103165,
        "median": 2.94997882843,
        "min": -2.18489265442,
        "var": 4.14947843552
    },
    "melbands_spread": {
        "dmean": 5.45850801468,
        "dmean2": 7.92026805878,
        "dvar": 51.2421607971,
        "dvar2": 104.552780151,
        "max": 157.40045166,
        "mean": 14.4740457535,
        "median": 10.2577142715,
        "min": 0.284864664078,
        "var": 195.70526123
    },
    "pitch_salience": {
        "dmean": 0.0792355388403,
        "dmean2": 0.119421184063,
        "dvar": 0.00515288533643,
        "dvar2": 0.0113881686702,
        "max": 0.97755920887,
        "mean": 0.570654392242,
        "median": 0.594484388828,
        "min": 0.0824222192168,
        "var": 0.0203103646636
    },
    "silence_rate_20dB": {
        "dmean": 0,
        "dmean2": 0,
        "dvar": 0,
        "dvar2": 0,
        "max": 1,
        "mean": 1,
        "median": 1,
        "min": 1,
        "var": 0
    },
    "silence_rate_30dB": {
        "dmean": 0.0415323115885,
        "dmean2": 0.0830753371119,
        "dvar": 0.0398127026856,
        "dvar2": 0.091135032475,
        "max": 1,
        "mean": 0.956022679806,
        "median": 1,
        "min": 0,
        "var": 0.0420388579369
    },
    "silence_rate_60dB": {
        "dmean": 0.0190893840045,
        "dmean2": 0.0381836928427,
        "dvar": 0.0187266543508,
        "dvar2": 0.0403387360275,
        "max": 1,
        "mean": 0.0980139300227,
        "median": 0,
        "min": 0,
        "var": 0.0884129554033
    },
    "spectral_centroid": {
        "dmean": 247.68409729,
        "dmean2": 353.819335938,
        "dvar": 85009.3671875,
        "dvar2": 157603.859375,
        "max": 10599.4765625,
        "mean": 926.273681641,
        "median": 753.672302246,
        "min": 87.4494247437,
        "var": 380474.0625
    },
    "spectral_complexity": {
        "dmean": 4.73803710938,
        "dmean2": 6.73684215546,
        "dvar": 33.3820800781,
        "dvar2": 58.7034873962,
        "max": 61,
        "mean": 15.5604848862,
        "median": 13,
        "min": 0,
        "var": 128.783035278
    },
    "spectral_decrease": {
        "dmean": 2.98318014735e-09,
        "dmean2": 4.47097825429e-09,
        "dvar": 2.27042516213e-17,
        "dvar2": 4.81530322667e-17,
        "max": 1.57682986414e-29,
        "mean": -7.96047405771e-09,
        "median": -5.2702944231e-09,
        "min": -5.05337851564e-08,
        "var": 6.62282157441e-17
    },
    "spectral_energy": {
        "dmean": 0.0117175318301,
        "dmean2": 0.0175058487803,
        "dvar": 0.000341468519764,
        "dvar2": 0.00072431890294,
        "max": 0.194154411554,
        "mean": 0.031409829855,
        "median": 0.021086152643,
        "min": 1.09171975791e-20,
        "var": 0.00099401071202
    },
    "spectral_energyband_high": {
        "dmean": 0.00043724157149,
        "dmean2": 0.000560873828363,
        "dvar": 4.36088839706e-07,
        "dvar2": 7.74620161792e-07,
        "max": 0.00712904566899,
        "mean": 0.000752387219109,
        "median": 0.000351102236891,
        "min": 7.86858061851e-21,
        "var": 1.06702259473e-06
    },
    "spectral_energyband_low": {
        "dmean": 0.00816267263144,
        "dmean2": 0.0115217696875,
        "dvar": 0.000244297407335,
        "dvar2": 0.000478677073261,
        "max": 0.180399253964,
        "mean": 0.0174401961267,
        "median": 0.00863278005272,
        "min": 7.28635666511e-23,
        "var": 0.000589173636399
    },
    "spectral_energyband_middle_high": {
        "dmean": 0.00156834546942,
        "dmean2": 0.00240619760007,
        "dvar": 9.22244635149e-06,
        "dvar2": 2.19811045099e-05,
        "max": 0.0332145094872,
        "mean": 0.00248018978164,
        "median": 0.00126456294674,
        "min": 1.68740805993e-21,
        "var": 1.35198051794e-05
    },
    "spectral_energyband_middle_low": {
        "dmean": 0.00673313438892,
        "dmean2": 0.010563689284,
        "dvar": 0.000195459855604,
        "dvar2": 0.000426920247264,
        "max": 0.132478058338,
        "mean": 0.0128304492682,
        "median": 0.00852288212627,
        "min": 3.45048340545e-22,
        "var": 0.000255942431977
    },
    "spectral_entropy": {
        "dmean": 0.267974257469,
        "dmean2": 0.369755864143,
        "dvar": 0.102396033704,
        "dvar2": 0.200131878257,
        "max": 9.79653453827,
        "mean": 7.42319250107,
        "median": 7.67563819885,
        "min": 3.61316585541,
        "var": 0.66581594944
    },
    "spectral_flux": {
        "dmean": 0.0282229594886,
        "dmean2": 0.0420315898955,
        "dvar": 0.00135382963344,
        "dvar2": 0.00255647022277,
        "max": 0.379020541906,
        "mean": 0.0862334370613,
        "median": 0.0666874721646,
        "min": 1.0448539256e-10,
        "var": 0.00437699956819
    },
    "spectral_kurtosis": {
        "dmean": 3.56957745552,
        "dmean2": 5.56254816055,
        "dvar": 96.8402481079,
        "dvar2": 259.527099609,
        "max": 399.339050293,
        "mean": 8.58306407928,
        "median": 3.26422142982,
        "min": -1.22508120537,
        "var": 520.539001465
    },
    "spectral_rms": {
        "dmean": 0.000921850965824,
        "dmean2": 0.00134375598282,
        "dvar": 1.37428401104e-06,
        "dvar2": 2.73482896773e-06,
        "max": 0.0137629555538,
        "mean": 0.00491483556107,
        "median": 0.00453562056646,
        "min": 3.26357539084e-12,
        "var": 6.48821423965e-06
    },
    "spectral_rolloff": {
        "dmean": 404.013793945,
        "dmean2": 622.99987793,
        "dvar": 591894.125,
        "dvar2": 1234272.5,
        "max": 19336.8164062,
        "mean": 906.109069824,
        "median": 516.796875,
        "min": 64.599609375,
        "var": 1401308.625
    },
    "spectral_skewness": {
        "dmean": 0.369776725769,
        "dmean2": 0.533829510212,
        "dvar": 0.297905027866,
        "dvar2": 0.645270168781,
        "max": 16.9881458282,
        "mean": 2.02200913429,
        "median": 1.57059264183,
        "min": 0.0575225874782,
        "var": 2.15768504143
    },
    "spectral_spread": {
        "dmean": 762196.4375,
        "dmean2": 1010455.6875,
        "dvar": 774520373248,
        "dvar2": 1.24070186189e+12,
        "max": 40295100,
        "mean": 5316153,
        "median": 5464087,
        "min": 286621.25,
        "var": 3.8405144576e+12
    },
    "spectral_strongpeak": {
        "dmean": 0.208007633686,
        "dmean2": 0.348195374012,
        "dvar": 0.101077534258,
        "dvar2": 0.245973274112,
        "max": 5.49789762497,
        "mean": 0.418460428715,
        "median": 0.2591560781,
        "min": 0,
        "var": 0.195440456271
    },
    "zerocrossingrate": {
        "dmean": 0.0126591622829,
        "dmean2": 0.01331517566,
        "dvar": 0.000183988056961,
        "dvar2": 0.000204164563911,
        "max": 0.51416015625,
        "mean": 0.0506056211889,
        "median": 0.04150390625,
        "min": 0.00244140625,
        "var": 0.00141168269329
    },
    "barkbands": {
        "dmean": [0.000177162262844, 0.00576215656474, 0.00375868566334, 0.00291219865903, 0.0036226331722, 0.00122673658188, 0.000926050648559, 0.000614088436123, 0.000631879665889, 0.00034320258419, 0.000315539451549, 0.000265289563686, 0.000219058667426, 0.000185126118595, 0.000170455212356, 0.000147221668158, 0.000141519238241, 0.000106198174763, 9.88653482636e-05, 8.42302761157e-05, 8.16627871245e-05, 8.27712574392e-05, 8.22247748147e-05, 8.1436104665e-05, 6.55963958707e-05, 4.3918233132e-05, 5.24284087078e-06],
        "dmean2": [0.000259533378994, 0.00828516948968, 0.00565211195499, 0.00500064203516, 0.00644883327186, 0.00197090650909, 0.00141543278005, 0.00099103525281, 0.00103565037716, 0.000557580555324, 0.000525607611053, 0.000435912050307, 0.000369200366549, 0.000309643277433, 0.00027790866443, 0.000247305579251, 0.000233679194935, 0.000162563796039, 0.000154159220983, 0.00012745593267, 0.000123963531223, 0.000118624564493, 0.000113792179036, 0.000110520566523, 8.53974852362e-05, 5.8891469962e-05, 7.76337856223e-06],
        "dvar": [1.51259555992e-07, 0.000159745817655, 9.66566221905e-05, 6.65037514409e-05, 0.000117531555588, 4.57512351204e-06, 2.89094487016e-06, 1.32390721319e-06, 2.05945707421e-06, 3.89673886048e-07, 6.03730256898e-07, 2.25490381922e-07, 2.83266757606e-07, 1.7257393381e-07, 1.65375581673e-07, 1.33380282819e-07, 7.90450798149e-08, 4.5780975455e-08, 3.75979745115e-08, 2.24744223232e-08, 2.25439222845e-08, 1.92058635662e-08, 1.6190625729e-08, 1.51013370697e-08, 1.08906403895e-08, 5.02222885501e-09, 1.47576284526e-10],
        "dvar2": [2.71831225973e-07, 0.000330628448864, 0.000220458241529, 0.000181918032467, 0.000334062264301, 1.19616861411e-05, 6.83611324348e-06, 3.31601700054e-06, 5.37333198736e-06, 9.6949690942e-07, 1.55117720624e-06, 5.62749107758e-07, 7.44970350297e-07, 4.61950861563e-07, 4.25745525945e-07, 3.54163660177e-07, 2.01997977456e-07, 1.07537026395e-07, 8.47685015515e-08, 5.13003328706e-08, 5.11538331693e-08, 4.07341396169e-08, 3.19999458043e-08, 2.69403912512e-08, 1.98920364625e-08, 9.21972898027e-09, 2.894074147e-10],
        "max": [0.00785255525261, 0.14601546526, 0.131716698408, 0.0838060081005, 0.11325751245, 0.0442620292306, 0.0367294475436, 0.0237676762044, 0.059895362705, 0.0152089232579, 0.0152202071622, 0.00569133181125, 0.00625474564731, 0.0134378504008, 0.0117636388168, 0.00760058732703, 0.00360791641288, 0.00396977830678, 0.00286355358548, 0.00168769585434, 0.00198845169507, 0.00161595002282, 0.00136768096127, 0.00119795708451, 0.00122004374862, 0.000878846098203, 0.000146081365529],
        "mean": [0.000372761598555, 0.00991036184132, 0.00513696903363, 0.00331720849499, 0.00371770723723, 0.00203118636273, 0.00179227278568, 0.000876904348843, 0.000959052471444, 0.000467930512968, 0.000371219473891, 0.000346676213667, 0.000252605881542, 0.000206201337278, 0.000200959431822, 0.000174024273292, 0.00016723726003, 0.000145887883264, 0.000142440738273, 0.000136974194902, 0.000129207386635, 0.000135187699925, 0.000134146990604, 0.000128224884975, 9.27069995669e-05, 5.82950451644e-05, 5.52075835003e-06],
        "median": [0.000131277600303, 0.00425956305116, 0.00204416573979, 0.0012453966774, 0.00157809443772, 0.00115354848094, 0.000811675272416, 0.000357360986527, 0.000395709008444, 0.000206098527997, 0.000125786842545, 0.000118745818327, 7.62389681768e-05, 6.20411738055e-05, 5.3241095884e-05, 4.82784744236e-05, 4.15537215304e-05, 3.48418907379e-05, 3.91594221583e-05, 4.90231795993e-05, 5.25559808011e-05, 5.98761762376e-05, 5.96437530476e-05, 5.37482810614e-05, 2.97903170576e-05, 1.25585447677e-05, 2.15523456859e-07],
        "min": [5.92565885162e-24, 3.00419879051e-23, 3.09749421433e-23, 1.07083568592e-23, 6.42872034181e-23, 4.34526927137e-23, 3.70016848425e-23, 3.51179954413e-23, 1.16272177817e-22, 6.71943388696e-23, 2.89759338996e-23, 7.47234734736e-23, 8.92179343264e-23, 8.76230216591e-23, 1.34185479792e-22, 2.1058600213e-22, 2.79608175893e-22, 3.45105037556e-22, 3.08032613979e-22, 2.31878557031e-22, 3.06360456052e-22, 6.11558648622e-22, 7.84775842666e-22, 8.94549889217e-22, 1.06875592356e-21, 1.75216079226e-21, 2.42105001445e-21],
        "var": [5.77275329761e-07, 0.000271983706625, 0.00010881574417, 5.1070790505e-05, 7.50768012949e-05, 7.11975462764e-06, 7.19812123862e-06, 2.3979253001e-06, 4.33576315118e-06, 6.22866991762e-07, 7.1138651947e-07, 3.09461540837e-07, 2.81736561192e-07, 1.64418466397e-07, 1.74164327404e-07, 1.33627921173e-07, 9.61654365028e-08, 6.78151934608e-08, 6.13692066054e-08, 4.50331860691e-08, 3.98351893693e-08, 3.89378769228e-08, 3.6247975288e-08, 3.25321174444e-08, 2.13690096729e-08, 9.5272891798e-09, 2.20911580695e-10]
    },
    "erbbands": {
        "dmean": [0.118683166802, 1.47997748852, 4.0246386528, 7.51017141342, 9.8174943924, 12.6161117554, 11.0366725922, 9.78147315979, 12.5935268402, 12.1209583282, 14.7596731186, 13.3797159195, 12.0315637589, 10.1444005966, 12.9387693405, 10.5316381454, 10.7215127945, 9.57793998718, 8.13160705566, 7.88132619858, 8.73753547668, 7.57751989365, 6.06687545776, 5.20917224884, 4.78939151764, 4.1069226265, 3.52174139023, 3.04427623749, 2.90991234779, 3.01134371758, 2.24033093452, 2.00997757912, 1.20963048935, 0.825381934643, 0.424390941858, 0.199445828795, 0.0811496973038, 0.0144520485774, 0.000866854330525, 2.6262816391e-05],
        "dmean2": [0.172753170133, 2.10829949379, 5.74928236008, 12.1745796204, 16.6975040436, 22.5867099762, 18.5416584015, 15.5823602676, 19.2222175598, 18.7219734192, 23.8623504639, 22.1147174835, 19.5663814545, 16.4108448029, 21.8513641357, 17.2191371918, 18.0009460449, 16.0190887451, 13.1230506897, 12.7974433899, 14.4953985214, 12.5172157288, 9.57111263275, 8.01632499695, 7.27231645584, 6.261510849, 5.33459568024, 4.64504003525, 4.17191314697, 4.31527233124, 3.12703251839, 2.81732869148, 1.64053666592, 1.09104907513, 0.580160021782, 0.274696797132, 0.108684338629, 0.019556440413, 0.00128586962819, 3.71680253011e-05],
        "dvar": [0.0479461587965, 11.485991478, 98.8189697266, 390.117248535, 815.62310791, 1432.91479492, 466.228149414, 289.233642578, 523.116271973, 494.268707275, 1033.80700684, 855.575378418, 509.705963135, 321.975463867, 1374.01245117, 375.86831665, 694.767822266, 398.509033203, 332.573455811, 344.107513428, 497.204498291, 218.533081055, 161.365707397, 90.5679397583, 97.1301879883, 54.2061500549, 46.4113616943, 28.4918766022, 28.1227912903, 25.1348686218, 11.1019945145, 9.74450874329, 3.42824077606, 1.71552872658, 0.476706922054, 0.100058786571, 0.0185612849891, 0.000863466237206, 4.099245416e-06, 1.58868151967e-09],
        "dvar2": [0.113347120583, 23.1002063751, 205.216964722, 1008.86724854, 2153.71704102, 4117.31103516, 1270.47424316, 746.758850098, 1246.43920898, 1147.30395508, 2675.60009766, 2280.66186523, 1276.20080566, 766.845153809, 3633.91650391, 926.804443359, 1831.3092041, 1037.59057617, 864.453430176, 883.777709961, 1322.04443359, 554.854675293, 398.604705811, 210.436523438, 209.04864502, 125.566978455, 109.902503967, 63.6617469788, 61.2378845215, 53.5877151489, 21.662525177, 19.4134140015, 5.93810987473, 3.1233894825, 0.907153844833, 0.194456025958, 0.0343281328678, 0.00151703192387, 8.23378741188e-06, 2.90159407612e-09],
        "max": [3.31657481194, 39.6348609924, 130.217208862, 234.487411499, 350.483734131, 440.01852417, 310.694213867, 356.425354004, 697.592407227, 565.39666748, 1075.80334473, 889.134643555, 708.367553711, 590.786437988, 507.795410156, 273.387023926, 315.320922852, 231.826065063, 671.935180664, 450.736297607, 397.199462891, 251.045379639, 243.066070557, 160.979751587, 127.231575012, 86.1973800659, 110.39024353, 63.1859588623, 68.9086151123, 57.7957839966, 36.5145263672, 35.3545837402, 19.6103954315, 17.894197464, 9.5704574585, 3.98936033249, 1.74630427361, 0.347350269556, 0.0253750737756, 0.000472868938232],
        "mean": [0.223815456033, 2.41575980186, 6.12890434265, 9.54127407074, 11.1612262726, 12.3529043198, 14.9244813919, 16.7344055176, 23.8884620667, 21.7785339355, 21.75639534, 19.5721683502, 17.7730407715, 14.7829942703, 14.6549510956, 13.8795957565, 12.7366256714, 10.8778476715, 9.98799419403, 9.91839313507, 10.175330162, 9.28368091583, 8.19675540924, 7.49319839478, 6.97852373123, 6.59674167633, 5.41388940811, 5.00620555878, 4.61587953568, 4.60828876495, 3.72546100616, 3.08965015411, 1.87371766567, 1.19369804859, 0.574458837509, 0.270578622818, 0.105868667364, 0.0175923481584, 0.000926047971006, 5.46898190805e-05],
        "median": [0.0980083942413, 0.94737559557, 2.55183982849, 4.08990478516, 4.45994710922, 5.02260160446, 7.45777225494, 9.91282844543, 11.7605381012, 9.8433599472, 9.47539806366, 8.82839775085, 7.43266773224, 6.36383104324, 5.09209346771, 4.76826858521, 4.02722167969, 3.42758655548, 3.02673363686, 2.63682985306, 2.70012116432, 2.40298485756, 1.97136414051, 2.09309053421, 1.99741458893, 2.37073373795, 2.02778100967, 2.28881549835, 2.04177856445, 1.86712598801, 1.65777373314, 1.27408361435, 0.758928537369, 0.403108179569, 0.169370085001, 0.0685279816389, 0.0210488215089, 0.00216483976692, 8.28048359836e-05, 3.29808535753e-05],
        "min": [5.61918976626e-22, 7.66291314519e-21, 3.02128268035e-20, 4.72267784745e-20, 3.06208013289e-20, 2.7928124871e-19, 4.09372925923e-19, 4.36482219536e-19, 2.75189729057e-19, 1.15324879937e-18, 1.19083154371e-18, 2.39901071922e-18, 2.52235348152e-18, 1.02468352888e-18, 1.59560451824e-18, 3.05572408998e-18, 5.1745404048e-18, 4.2514320702e-18, 4.57827842718e-18, 1.09613731339e-17, 1.29605958825e-17, 1.18789960203e-17, 1.73139026898e-17, 2.05439222135e-17, 1.18316167691e-17, 1.23720345428e-17, 1.12441555796e-17, 1.49259067076e-17, 2.15485810439e-17, 1.83244014154e-17, 2.43919416076e-17, 1.59934825498e-17, 1.72379443485e-17, 1.11727657569e-17, 7.90841079318e-18, 4.59406227404e-18, 3.88653747299e-18, 1.42956879319e-18, 2.98323308303e-19, 3.96157733361e-20],
        "var": [0.0965984165668, 19.0902519226, 136.525222778, 351.511047363, 634.010253906, 886.991027832, 496.898376465, 477.168640137, 1185.74304199, 1309.24230957, 1614.87658691, 1283.30200195, 1353.19445801, 705.916259766, 1130.30004883, 520.994873047, 679.715332031, 401.806427002, 361.634277344, 395.159698486, 473.641784668, 281.039001465, 217.788894653, 153.132705688, 158.293411255, 106.702644348, 75.3183517456, 54.5904579163, 52.7418174744, 48.1165122986, 25.9075603485, 19.2799663544, 7.26785421371, 3.37127184868, 0.858766317368, 0.185135558248, 0.0338688828051, 0.00151239999104, 5.96182053414e-06, 3.52327433895e-09]
    },
    "gfcc": {
        "mean": [-29.7648410797, 99.970161438, -78.7114715576, 33.5013809204, -63.2419662476, 16.9383563995, -34.5354728699, 11.9060964584, -20.2935276031, 4.90068149567, -14.4500751495, 2.03707909584, -11.6990737915],
        "cov": [[17143.8496094, -3110.92993164, -1957.3145752, 76.3100280762, -609.693115234, 698.904296875, -834.362792969, 280.861236572, -494.435180664, 372.135192871, -569.741821289, 291.03302002, -499.554412842], [-3110.92993164, 1966.44543457, 448.560821533, -196.163421631, 203.363052368, -211.921707153, 305.818145752, -136.301025391, 164.017333984, -204.862197876, 200.849975586, -139.945724487, 196.792678833], [-1957.3145752, 448.560821533, 1130.45361328, 160.546661377, 122.766563416, -10.8555393219, 108.02243042, -18.4902133942, 72.8857116699, -43.9134712219, 43.478603363, -35.7278900146, 41.0500526428], [76.3100280762, -196.163421631, 160.546661377, 509.794952393, 131.880264282, 92.9248504639, 1.89206409454, -2.68541312218, 31.9959373474, -6.12813615799, 7.30224752426, -39.5325126648, -17.0382289886], [-609.693115234, 203.363052368, 122.766563416, 131.880264282, 425.909637451, 66.9890213013, 99.070526123, -64.6327285767, -1.53100347519, -44.2579307556, 3.71453094482, -54.8600997925, -0.371297121048], [698.904296875, -211.921707153, -10.8555393219, 92.9248504639, 66.9890213013, 216.116394043, 3.26384425163, 20.5792007446, -34.0615730286, 6.77259635925, -40.727230072, 1.97026515007, -33.6705474854], [-834.362792969, 305.818145752, 108.02243042, 1.89206409454, 99.070526123, 3.26384425163, 186.972183228, 19.0686531067, 54.5310897827, -35.5248565674, 31.2448692322, -36.4373168945, 31.8289604187], [280.861236572, -136.301025391, -18.4902133942, -2.68541312218, -64.6327285767, 20.5792007446, 19.0686531067, 117.66619873, 40.8824272156, 35.7897033691, -11.5259084702, 10.3429727554, -13.8696985245], [-494.435180664, 164.017333984, 72.8857116699, 31.9959373474, -1.53100347519, -34.0615730286, 54.5310897827, 40.8824272156, 125.59602356, 19.452922821, 47.3918304443, -17.1996803284, 24.4873962402], [372.135192871, -204.862197876, -43.9134712219, -6.12813615799, -44.2579307556, 6.77259635925, -35.5248565674, 35.7897033691, 19.452922821, 103.03062439, 12.4984588623, 34.0247116089, -17.5101413727], [-569.741821289, 200.849975586, 43.478603363, 7.30224752426, 3.71453094482, -40.727230072, 31.2448692322, -11.5259084702, 47.3918304443, 12.4984588623, 97.7914657593, 13.1932258606, 46.6300315857], [291.03302002, -139.945724487, -35.7278900146, -39.5325126648, -54.8600997925, 1.97026515007, -36.4373168945, 10.3429727554, -17.1996803284, 34.0247116089, 13.1932258606, 75.4226150513, 15.2248353958], [-499.554412842, 196.792678833, 41.0500526428, -17.0382289886, -0.371297121048, -33.6705474854, 31.8289604187, -13.8696985245, 24.4873962402, -17.5101413727, 46.6300315857, 15.2248353958, 76.983253479]],
        "icov": [[0.000150758947711, -0.000137960494612, 0.00020470005984, -0.000159327682923, 9.29768575588e-05, -0.000324269552948, 0.000361292419257, -0.000249186472502, 0.000188693622476, -0.000315826997394, 0.000601395848207, -0.00055282068206, 0.000464094337076], [-0.000137960494612, 0.00218608463183, -0.000597810838372, 0.00138711032923, -0.000317145459121, 0.0006124045467, -0.0013119954383, 0.00150359224062, -0.00137529917993, 0.00257586152293, -0.00321157742292, 0.00353839783929, -0.00250922702253], [0.00020470005984, -0.000597810838372, 0.00137624610215, -0.000765399949159, 8.93680335139e-05, -0.000403675396228, 0.000286155584035, -0.000366557185771, 6.26526816632e-05, -0.000627531844657, 0.00139029766433, -0.00150904594921, 0.000886422640178], [-0.000159327682923, 0.00138711032923, -0.000765399949159, 0.00352382636629, -0.000901518797036, -0.000656284217257, 0.000182851523277, 0.000777638342697, -0.00178548204713, 0.00195763073862, -0.00308341672644, 0.00355604570359, -0.00144100515172], [9.29768575588e-05, -0.000317145459121, 8.93680335139e-05, -0.000901518797036, 0.00380044803023, -0.00119176693261, -0.00184628553689, 0.00226992787793, 0.000419843534473, -0.000837642466649, 0.00085155927809, 0.000352396746166, 0.000926704728045], [-0.000324269552948, 0.0006124045467, -0.000403675396228, -0.000656284217257, -0.00119176693261, 0.00717292958871, -0.00183412374463, -0.000866103335284, 0.00131366564892, 0.000557736144401, -5.61144770472e-05, 0.000118128147733, -0.000146298014442], [0.000361292419257, -0.0013119954383, 0.000286155584035, 0.000182851523277, -0.00184628553689, -0.00183412374463, 0.0109949139878, -0.00482386769727, -0.000921401078813, 0.000900869723409, 0.000369088054867, 0.00049350206973, -0.000463031494291], [-0.000249186472502, 0.00150359224062, -0.000366557185771, 0.000777638342697, 0.00226992787793, -0.000866103335284, -0.00482386769727, 0.0159706231207, -0.00686392374337, -0.00123359123245, 0.00198186351918, -0.000249734293902, 0.000162538795848], [0.000188693622476, -0.00137529917993, 6.26526816632e-05, -0.00178548204713, 0.000419843534473, 0.00131366564892, -0.000921401078813, -0.00686392374337, 0.0167821589857, -0.00558908842504, -0.00322979618795, 0.00377025618218, -0.00136627780739], [-0.000315826997394, 0.00257586152293, -0.000627531844657, 0.00195763073862, -0.000837642466649, 0.000557736144401, 0.000900869723409, -0.00123359123245, -0.00558908842504, 0.0197618193924, -0.00835637375712, -0.00275885569863, 0.0036588718649], [0.000601395848207, -0.00321157742292, 0.00139029766433, -0.00308341672644, 0.00085155927809, -5.61144770472e-05, 0.000369088054867, 0.00198186351918, -0.00322979618795, -0.00835637375712, 0.0256557483226, -0.00942209269851, -0.00367750739679], [-0.00055282068206, 0.00353839783929, -0.00150904594921, 0.00355604570359, 0.000352396746166, 0.000118128147733, 0.00049350206973, -0.000249734293902, 0.00377025618218, -0.00275885569863, -0.00942209269851, 0.0300700683147, -0.0133030731231], [0.000464094337076, -0.00250922702253, 0.000886422640178, -0.00144100515172, 0.000926704728045, -0.000146298014442, -0.000463031494291, 0.000162538795848, -0.00136627780739, 0.0036588718649, -0.00367750739679, -0.0133030731231, 0.0279106367379]]
    },
    "melbands": {
        "dmean": [0.00132787821349, 0.00194358942099, 0.00121968984604, 0.000843057758175, 0.000406113773352, 0.000221497059101, 0.000186686535017, 0.00013061381469, 0.00012524642807, 8.28736447147e-05, 6.09681446804e-05, 4.13841407862e-05, 4.1493865865e-05, 3.26028057316e-05, 2.57708688878e-05, 2.30610894505e-05, 1.78090176632e-05, 1.29898471641e-05, 1.36169137477e-05, 9.31376507651e-06, 1.11708095574e-05, 8.56315000419e-06, 6.54685118207e-06, 4.83911981064e-06, 4.35964830103e-06, 3.83686074201e-06, 3.25198038809e-06, 2.7490048069e-06, 2.3508941922e-06, 1.99271789825e-06, 1.78628897629e-06, 1.69434702002e-06, 1.82240603408e-06, 1.63305116985e-06, 1.29443981223e-06, 1.36734763601e-06, 1.21411926557e-06, 8.66414040956e-07, 8.19938804852e-07, 6.74471095863e-07],
        "dmean2": [0.00191601575352, 0.00269095343538, 0.00190678122453, 0.00149025651626, 0.000694671180099, 0.000352264964022, 0.000285290472675, 0.000201880073291, 0.00020357251924, 0.00013641352416, 9.94622605504e-05, 6.72034657327e-05, 6.97469004081e-05, 5.32462036062e-05, 4.27292325185e-05, 3.89462329622e-05, 3.0034188967e-05, 2.11655169551e-05, 2.24237010116e-05, 1.53650198627e-05, 1.87727891898e-05, 1.42872067954e-05, 1.07917685455e-05, 7.48271804696e-06, 6.8782433118e-06, 5.97460984864e-06, 5.05567459186e-06, 4.2732581278e-06, 3.66754011338e-06, 3.10994778374e-06, 2.77590538644e-06, 2.53137727668e-06, 2.73703972198e-06, 2.33477840084e-06, 1.84774830814e-06, 1.95003144654e-06, 1.76435071353e-06, 1.20820595839e-06, 1.12080954295e-06, 9.11693575745e-07],
        "dvar": [7.27774067855e-06, 1.91385206563e-05, 9.14416978048e-06, 6.83364669385e-06, 7.353150977e-07, 1.44331181673e-07, 1.14673447627e-07, 5.14378584171e-08, 8.8392404507e-08, 3.18807131805e-08, 1.3412437383e-08, 5.17354470375e-09, 1.14148992481e-08, 4.30560431752e-09, 2.73372458004e-09, 3.71186081871e-09, 1.348791967e-09, 9.75328040553e-10, 1.32705468836e-09, 4.29057178675e-10, 9.21972220791e-10, 3.03883418429e-10, 1.55517307365e-10, 9.65197435865e-11, 6.50526368884e-11, 6.49579071088e-11, 3.94527674419e-11, 2.36083930183e-11, 1.93745679222e-11, 1.41173218948e-11, 9.83573812674e-12, 1.0457365876e-11, 8.77459997023e-12, 7.31231481615e-12, 3.58443201336e-12, 4.44749749182e-12, 3.69990323101e-12, 1.80464237304e-12, 1.69640820488e-12, 1.18961622237e-12],
        "dvar2": [1.54155804921e-05, 3.58996076102e-05, 2.18348814087e-05, 1.91588314919e-05, 2.05171318157e-06, 3.73282347255e-07, 2.74953890766e-07, 1.18190094156e-07, 2.28196569196e-07, 8.49474801612e-08, 3.36888987817e-08, 1.24613341868e-08, 3.00145011067e-08, 1.07445057296e-08, 6.60214238835e-09, 9.88246728895e-09, 3.54515705681e-09, 2.62333177403e-09, 3.46985506994e-09, 1.08215203465e-09, 2.48895726251e-09, 7.75086272942e-10, 3.9648118122e-10, 2.27517699125e-10, 1.56822846376e-10, 1.38711445108e-10, 9.32251706387e-11, 5.60113240511e-11, 4.66818424194e-11, 3.20797798048e-11, 2.26042986412e-11, 2.34084973627e-11, 1.92705591068e-11, 1.54920676981e-11, 7.18868280875e-12, 9.31639401042e-12, 7.50287245527e-12, 3.29276298068e-12, 3.19334055726e-12, 2.22297614344e-12],
        "max": [0.0380610413849, 0.0471288301051, 0.0347592048347, 0.0279173944145, 0.0102784419432, 0.00779782701284, 0.00931896921247, 0.00510822189972, 0.0115750292316, 0.00530711840838, 0.00360585167073, 0.00219139992259, 0.00148638803512, 0.000696055707522, 0.00104603206273, 0.000799912551884, 0.000531680765562, 0.00143063080031, 0.00118694198318, 0.000432988948887, 0.000474976724945, 0.000323446438415, 0.000184803007869, 0.000153772052727, 0.000147061160533, 0.000105231003545, 8.88717622729e-05, 5.40029068361e-05, 6.05135210208e-05, 6.02812760917e-05, 3.84311933885e-05, 4.24020290666e-05, 3.33752359438e-05, 3.32954623445e-05, 2.20475594688e-05, 2.06386648642e-05, 2.35018978856e-05, 1.39800167744e-05, 1.55618909048e-05, 1.46276415762e-05],
        "mean": [0.00242861476727, 0.00333399674855, 0.00168541737366, 0.000859971099999, 0.000523041875567, 0.000389928754885, 0.000361507176422, 0.000226351534366, 0.000180053073564, 0.000121937860968, 8.78445134731e-05, 5.96094323555e-05, 4.79387126688e-05, 4.00753488066e-05, 3.26455920003e-05, 2.54466085607e-05, 1.95306274691e-05, 1.53982491611e-05, 1.58157727128e-05, 1.15637149065e-05, 1.21655002658e-05, 9.93882622424e-06, 8.20877721708e-06, 6.54184214e-06, 6.0082006712e-06, 5.255290489e-06, 4.75987008031e-06, 4.24866539106e-06, 3.41891086464e-06, 2.98278678201e-06, 2.86723457066e-06, 2.5502229164e-06, 2.73583918897e-06, 2.42695409725e-06, 2.10642156162e-06, 2.08288020076e-06, 1.82425731055e-06, 1.32525087793e-06, 1.17538957056e-06, 9.39760752772e-07],
        "median": [0.00108186504804, 0.00145529583097, 0.000771303195506, 0.000350216461811, 0.000265681417659, 0.000236388310441, 0.000177926121978, 9.80486729532e-05, 7.71883278503e-05, 5.19384630024e-05, 3.46502820321e-05, 2.50885859714e-05, 1.66919253388e-05, 1.33475878101e-05, 1.07349706013e-05, 7.22442837287e-06, 5.92017795498e-06, 4.6021491471e-06, 4.00261978939e-06, 3.16675459544e-06, 2.93288940156e-06, 2.47205889536e-06, 1.95653819901e-06, 1.55780423938e-06, 1.67397320183e-06, 1.31453964514e-06, 1.50378741637e-06, 1.46336606122e-06, 1.23452309708e-06, 1.13045450689e-06, 1.34048764266e-06, 1.13913142741e-06, 1.01032003386e-06, 9.9500948636e-07, 9.21971036405e-07, 8.60701106831e-07, 7.44640828998e-07, 5.34139530828e-07, 4.26839278589e-07, 3.06030869979e-07],
        "min": [6.79098798869e-24, 1.50799250176e-23, 7.09296236548e-24, 9.29065863881e-24, 1.52332701113e-23, 8.62615455555e-24, 5.01379717633e-24, 1.20050311949e-23, 1.27094319185e-23, 1.49415288381e-23, 1.25031345366e-23, 4.17520490192e-24, 4.70670782543e-24, 6.85708506621e-24, 1.00278199669e-23, 9.50670949695e-24, 7.88477045505e-24, 6.81519970759e-24, 1.06699464328e-23, 1.72647652248e-23, 1.58309647756e-23, 1.170955151e-23, 1.54444939295e-23, 1.67040949582e-23, 1.7005365671e-23, 1.04819009257e-23, 6.1466917608e-24, 8.45612899806e-24, 6.51754907741e-24, 8.32897408647e-24, 9.38281336976e-24, 1.13918007039e-23, 1.23517750058e-23, 9.87790089615e-24, 1.59117772645e-23, 1.03456678028e-23, 9.27669974509e-24, 1.36090686163e-23, 8.3507679467e-24, 1.03935556041e-23],
        "var": [1.36750686579e-05, 3.3918335248e-05, 9.70811015577e-06, 4.46971625934e-06, 6.50465608487e-07, 2.40626974346e-07, 2.62192372702e-07, 1.33502283006e-07, 1.29071125343e-07, 6.06075616361e-08, 3.52969671269e-08, 1.12107239048e-08, 1.05210498091e-08, 5.00971975015e-09, 3.64684238363e-09, 3.34403615909e-09, 1.32359623262e-09, 9.72622982154e-10, 1.31373045775e-09, 5.2457915789e-10, 8.0224166199e-10, 3.62029628498e-10, 2.0623781849e-10, 1.40761388656e-10, 1.01409977638e-10, 1.01743717618e-10, 6.32345703577e-11, 4.53430799852e-11, 3.08240620528e-11, 2.3121315626e-11, 1.8319961867e-11, 1.7353970691e-11, 1.66896756831e-11, 1.38151191875e-11, 8.31305944221e-12, 8.81968283128e-12, 6.85620917679e-12, 3.66430713897e-12, 3.23284628234e-12, 2.19833439646e-12]
    },
    "mfcc": {
        "mean": [-677.446166992, 128.163467407, 35.2592506409, 22.5124282837, 3.33968138695, 5.67876338959, -0.0305355116725, 5.36137104034, 0.761694312096, 3.45746994019, 0.293431639671, 2.78080391884, 1.47964441776],
        "cov": [[13140.9404297, -1846.84338379, -1364.25476074, -493.545776367, -102.980117798, 67.809173584, -173.496307373, -124.697052002, -139.430404663, -34.3923416138, -55.3854751587, -55.0349655151, -104.962554932], [-1846.84338379, 1850.51733398, 149.845748901, -52.0963897705, -146.575790405, -110.969924927, 37.3464813232, 17.2451477051, 16.7210273743, -40.6124801636, -27.4549407959, -4.29548740387, 32.4226875305], [-1364.25476074, 149.845748901, 906.753662109, 199.208221436, 84.8486022949, 19.3673992157, 6.4675154686, 39.6317710876, 30.7902183533, 30.2679328918, 17.6362094879, 12.9763059616, 9.89787197113], [-493.545776367, -52.0963897705, 199.208221436, 361.269989014, 160.841430664, 86.1354446411, 41.495967865, 24.9484043121, 19.4675064087, 34.3958740234, 21.7677574158, 14.7832117081, 1.87657308578], [-102.980117798, -146.575790405, 84.8486022949, 160.841430664, 296.292938232, 161.367614746, 79.9230804443, 24.6735725403, 9.86317062378, 12.9601373672, 10.8675765991, -6.20765352249, -12.7627887726], [67.809173584, -110.969924927, 19.3673992157, 86.1354446411, 161.367614746, 204.359527588, 97.993057251, 31.4888801575, 12.5657510757, 4.18471097946, -0.0526291243732, -0.554574012756, -7.03950357437], [-173.496307373, 37.3464813232, 6.4675154686, 41.495967865, 79.9230804443, 97.993057251, 133.551315308, 50.6608772278, 27.4496536255, 4.90998458862, -4.83767795563, -2.50772166252, -1.67197358608], [-124.697052002, 17.2451477051, 39.6317710876, 24.9484043121, 24.6735725403, 31.4888801575, 50.6608772278, 91.0182571411, 43.9947509766, 22.5774402618, 7.30763912201, -2.96513986588, -2.18853616714], [-139.430404663, 16.7210273743, 30.7902183533, 19.4675064087, 9.86317062378, 12.5657510757, 27.4496536255, 43.9947509766, 79.3206481934, 40.5826301575, 22.7720394135, 10.6004753113, -0.294252872467], [-34.3923416138, -40.6124801636, 30.2679328918, 34.3958740234, 12.9601373672, 4.18471097946, 4.90998458862, 22.5774402618, 40.5826301575, 75.1817550659, 36.7757415771, 18.6677780151, 5.0988111496], [-55.3854751587, -27.4549407959, 17.6362094879, 21.7677574158, 10.8675765991, -0.0526291243732, -4.83767795563, 7.30763912201, 22.7720394135, 36.7757415771, 61.7344322205, 29.9171276093, 13.9373683929], [-55.0349655151, -4.29548740387, 12.9763059616, 14.7832117081, -6.20765352249, -0.554574012756, -2.50772166252, -2.96513986588, 10.6004753113, 18.6677780151, 29.9171276093, 52.5430908203, 26.889421463], [-104.962554932, 32.4226875305, 9.89787197113, 1.87657308578, -12.7627887726, -7.03950357437, -1.67197358608, -2.18853616714, -0.294252872467, 5.0988111496, 13.9373683929, 26.889421463, 48.5592880249]],
