{
"lowlevel": {
    "average_loudness": 0.581499934196,
    "barkbands_crest": {
        "dmean": 2.06195068359,
        "dmean2": 3.18756818771,
        "dvar": 3.53428912163,
        "dvar2": 8.45819187164,
        "max": 26.3023300171,
        "mean": 10.7220306396,
        "median": 9.91003131866,
        "min": 3.02288365364,
        "var": 18.4428043365
    },
    "barkbands_flatness_db": {
        "dmean": 0.024494048208,
        "dmean2": 0.033136177808,
        "dvar": 0.000603604246862,
        "dvar2": 0.00107853696682,
        "max": 0.392006695271,
        "mean": 0.158138662577,
        "median": 0.151198148727,
        "min": 0.0323843918741,
        "var": 0.00352988671511
    },
    "barkbands_kurtosis": {
        "dmean": 3.13203001022,
        "dmean2": 4.67779445648,
        "dvar": 32.5578727722,
        "dvar2": 72.5271606445,
        "max": 164.658706665,
        "mean": 6.9478430748,
        "median": 3.41167211533,
        "min": -1.77264881134,
        "var": 133.960006714
    },
    "barkbands_skewness": {
        "dmean": 0.469695061445,
        "dmean2": 0.705002188683,
        "dvar": 0.269863218069,
        "dvar2": 0.607272028923,
        "max": 10.9750509262,
        "mean": 1.58506989479,
        "median": 1.41586685181,
        "min": -2.29368972778,
        "var": 1.89858818054
    },
    "barkbands_spread": {
        "dmean": 3.61449933052,
        "dmean2": 5.23232507706,
        "dvar": 22.4082279205,
        "dvar2": 45.9960784912,
        "max": 140.276168823,
        "mean": 12.8655796051,
        "median": 11.1662559509,
        "min": 0.622927606106,
        "var": 63.7640609741
    },
    "dissonance": {
        "dmean": 0.0249334108084,
        "dmean2": 0.0411673672497,
        "dvar": 0.00053095765179,
        "dvar2": 0.00139606231824,
        "max": 0.500000059605,
        "mean": 0.44429731369,
        "median": 0.452586740255,
        "min": 0.214495792985,
        "var": 0.00155148166232
    },
    "dynamic_complexity": 3.53064060211,
    "erbbands_crest": {
        "dmean": 2.38588833809,
        "dmean2": 3.63156557083,
        "dvar": 5.29902267456,
        "dvar2": 12.1908121109,
        "max": 33.0022239685,
        "mean": 10.8549222946,
        "median": 9.85686016083,
        "min": 2.49134659767,
        "var": 24.3805828094
    },
    "erbbands_flatness_db": {
        "dmean": 0.021428219974,
        "dmean2": 0.0286673791707,
        "dvar": 0.000459168630186,
        "dvar2": 0.00082816084614,
        "max": 0.436651557684,
        "mean": 0.188783600926,
        "median": 0.186693429947,
        "min": 0.0674648955464,
        "var": 0.00241705169901
    },
    "erbbands_kurtosis": {
        "dmean": 1.50969219208,
        "dmean2": 2.29618358612,
        "dvar": 5.69235706329,
        "dvar2": 13.0443763733,
        "max": 77.8144683838,
        "mean": 2.51481485367,
        "median": 0.959047079086,
        "min": -1.57706582546,
        "var": 27.7780456543
    },
    "erbbands_skewness": {
        "dmean": 0.356727540493,
        "dmean2": 0.527935683727,
        "dvar": 0.116932809353,
        "dvar2": 0.254377245903,
        "max": 6.89768123627,
        "mean": 1.05138707161,
        "median": 0.927561044693,
        "min": -1.43060231209,
        "var": 0.883309364319
    },
    "erbbands_spread": {
        "dmean": 5.83832836151,
        "dmean2": 8.64964866638,
        "dvar": 47.0815620422,
        "dvar2": 96.7139587402,
        "max": 100.229194641,
        "mean": 25.3473777771,
        "median": 23.1567592621,
        "min": 1.44395947456,
        "var": 155.757080078
    },
    "hfc": {
        "dmean": 4.3156452179,
        "dmean2": 6.1758518219,
        "dvar": 43.1222305298,
        "dvar2": 90.1326904297,
        "max": 95.4678421021,
        "mean": 15.2161455154,
        "median": 11.1867446899,
        "min": 1.0881667499e-16,
        "var": 193.905715942
    },
    "melbands_crest": {
        "dmean": 2.36953663826,
        "dmean2": 3.72153043747,
        "dvar": 5.27781867981,
        "dvar2": 12.9989614487,
        "max": 39.4363327026,
        "mean": 13.1292972565,
        "median": 12.2919816971,
        "min": 1.61519348621,
        "var": 31.7655754089
    },
    "melbands_flatness_db": {
        "dmean": 0.0265811253339,
        "dmean2": 0.035680487752,
        "dvar": 0.000794938066974,
        "dvar2": 0.00143238832243,
        "max": 0.494326800108,
        "mean": 0.216482922435,
        "median": 0.21067777276,
        "min": 0.00272203981876,
        "var": 0.0066870120354
    },
    "melbands_kurtosis": {
        "dmean": 4.63448858261,
        "dmean2": 7.20682382584,
        "dvar": 86.7773284912,
        "dvar2": 206.938415527,
        "max": 262.045227051,
        "mean": 11.0913524628,
        "median": 5.82341575623,
        "min": -1.38429176807,
        "var": 348.749572754
    },
    "melbands_skewness": {
        "dmean": 0.517612874508,
        "dmean2": 0.789119899273,
        "dvar": 0.336473017931,
        "dvar2": 0.807207405567,
        "max": 13.0879278183,
        "mean": 1.95818841457,
        "median": 1.66867518425,
        "min": -0.980715870857,
        "var": 2.1594171524
    },
    "melbands_spread": {
        "dmean": 4.23156738281,
        "dmean2": 6.33799028397,
        "dvar": 33.025970459,
        "dvar2": 77.5410079956,
        "max": 170.205749512,
        "mean": 18.4642105103,
        "median": 13.6638145447,
        "min": 0.711913704872,
        "var": 499.267486572
    },
    "pitch_salience": {
        "dmean": 0.0554703995585,
        "dmean2": 0.0869128927588,
        "dvar": 0.00258560013026,
        "dvar2": 0.00602822285146,
        "max": 0.891828775406,
        "mean": 0.558475971222,
        "median": 0.565110146999,
        "min": 0.0288656484336,
        "var": 0.0135732591152
    },
    "silence_rate_20dB": {
        "dmean": 0,
        "dmean2": 0,
        "dvar": 0,
        "dvar2": 0,
        "max": 1,
        "mean": 1,
        "median": 1,
        "min": 1,
        "var": 0
    },
    "silence_rate_30dB": {
        "dmean": 0.00111399928574,
        "dmean2": 0.00222841231152,
        "dvar": 0.00111276342068,
        "dvar2": 0.00222332077101,
        "max": 1,
        "mean": 0.996473014355,
        "median": 1,
        "min": 0,
        "var": 0.00351515086368
    },
    "silence_rate_60dB": {
        "dmean": 0.0126253245398,
        "dmean2": 0.0252553392202,
        "dvar": 0.012466606684,
        "dvar2": 0.0283324401826,
        "max": 1,
        "mean": 0.0965286791325,
        "median": 0,
        "min": 0,
        "var": 0.0872124433517
    },
    "spectral_centroid": {
        "dmean": 170.347198486,
        "dmean2": 250.249786377,
        "dvar": 65797.3984375,
        "dvar2": 116292.382812,
        "max": 12005.3730469,
        "mean": 1195.19885254,
        "median": 841.958496094,
        "min": 174.612014771,
        "var": 3237441.75
    },
    "spectral_complexity": {
        "dmean": 3.12736725807,
        "dmean2": 4.6770658493,
        "dvar": 16.4534778595,
        "dvar2": 31.9812030792,
        "max": 56,
        "mean": 14.5385189056,
        "median": 14,
        "min": 0,
        "var": 72.8957061768
    },
    "spectral_decrease": {
        "dmean": 1.17423792911e-09,
        "dmean2": 1.74877579084e-09,
        "dvar": 2.43299212597e-18,
        "dvar2": 5.49058047426e-18,
        "max": 1.15943558583e-28,
        "mean": -5.55402746016e-09,
        "median": -4.53984805304e-09,
        "min": -3.98415878067e-08,
        "var": 2.19385404544e-17
    },
    "spectral_energy": {
        "dmean": 0.00474852696061,
        "dmean2": 0.00705294823274,
        "dvar": 3.93780428567e-05,
        "dvar2": 8.80207226146e-05,
        "max": 0.152944326401,
        "mean": 0.0223423466086,
        "median": 0.0182966962457,
        "min": 9.74757307871e-21,
        "var": 0.000348044995917
    },
    "spectral_energyband_high": {
        "dmean": 0.000212966639083,
        "dmean2": 0.000308285729261,
        "dvar": 1.8258253931e-07,
        "dvar2": 3.72810148974e-07,
        "max": 0.00402889540419,
        "mean": 0.000300138082821,
        "median": 0.000126396218548,
        "min": 6.99556741456e-21,
        "var": 2.53455226584e-07
    },
    "spectral_energyband_low": {
        "dmean": 0.000823069713078,
        "dmean2": 0.0012187223183,
        "dvar": 4.87013312522e-06,
        "dvar2": 1.15420389193e-05,
        "max": 0.0657724440098,
        "mean": 0.00249244691804,
        "median": 0.000487658951897,
        "min": 1.34249216598e-23,
        "var": 2.9888436984e-05
    },
    "spectral_energyband_middle_high": {
        "dmean": 0.00164965935983,
        "dmean2": 0.00243727536872,
        "dvar": 8.83008306118e-06,
        "dvar2": 2.00177782972e-05,
        "max": 0.0664366409183,
        "mean": 0.00468334089965,
        "median": 0.00228475220501,
        "min": 1.14214831101e-21,
        "var": 3.67107459169e-05
    },
    "spectral_energyband_middle_low": {
        "dmean": 0.003607862629,
        "dmean2": 0.00537633569911,
        "dvar": 2.40396620939e-05,
        "dvar2": 5.58464635105e-05,
        "max": 0.148628890514,
        "mean": 0.0153196100146,
        "median": 0.0119148129597,
        "min": 1.2291367982e-22,
        "var": 0.000226864678552
    },
    "spectral_entropy": {
        "dmean": 0.212629854679,
        "dmean2": 0.28686696291,
        "dvar": 0.0540500022471,
        "dvar2": 0.0938050821424,
        "max": 9.82049369812,
        "mean": 7.29405403137,
        "median": 7.29540634155,
        "min": 4.67345428467,
        "var": 0.50376278162
    },
    "spectral_flux": {
        "dmean": 0.0142150865868,
        "dmean2": 0.0221219267696,
        "dvar": 0.000283676432446,
        "dvar2": 0.000652815913782,
        "max": 0.253881186247,
        "mean": 0.0540044046938,
        "median": 0.050330568105,
        "min": 6.3097402303e-11,
        "var": 0.000939846388064
    },
    "spectral_kurtosis": {
        "dmean": 2.57737469673,
        "dmean2": 4.15040206909,
        "dvar": 12.8096790314,
        "dvar2": 30.0299739838,
        "max": 67.3587799072,
        "mean": 7.31830024719,
        "median": 5.90615463257,
        "min": -1.26434600353,
        "var": 40.5247917175
    },
    "spectral_rms": {
        "dmean": 0.000472605606774,
        "dmean2": 0.000693991780281,
        "dvar": 2.66671548843e-07,
        "dvar2": 5.5917746522e-07,
        "max": 0.0122153172269,
        "mean": 0.00423233909532,
        "median": 0.00422497745603,
        "min": 3.08380079285e-12,
        "var": 3.88474109059e-06
    },
    "spectral_rolloff": {
        "dmean": 259.020294189,
        "dmean2": 425.351470947,
        "dvar": 268356.28125,
        "dvar2": 547460.875,
        "max": 19638.28125,
        "mean": 1539.14892578,
        "median": 925.927734375,
        "min": 21.533203125,
        "var": 9854149
    },
    "spectral_skewness": {
        "dmean": 0.290013730526,
        "dmean2": 0.446916311979,
        "dvar": 0.106118313968,
        "dvar2": 0.229709491134,
        "max": 7.04415988922,
        "mean": 2.01761031151,
        "median": 1.93612647057,
        "min": -0.0962601900101,
        "var": 0.615614712238
    },
    "spectral_spread": {
        "dmean": 643093.0625,
        "dmean2": 915171.875,
        "dvar": 905845932032,
        "dvar2": 1.60695687578e+12,
        "max": 43384228,
        "mean": 5183403,
        "median": 3911783.5,
        "min": 1185749.5,
        "var": 4.10258002412e+13
    },
    "spectral_strongpeak": {
        "dmean": 0.450432837009,
        "dmean2": 0.736851453781,
        "dvar": 0.448452830315,
        "dvar2": 1.08233964443,
        "max": 8.9367609024,
        "mean": 1.28347241879,
        "median": 0.959918797016,
        "min": 0,
        "var": 1.23616039753
    },
    "zerocrossingrate": {
        "dmean": 0.00877020601183,
        "dmean2": 0.0104541154578,
        "dvar": 0.000144700345118,
        "dvar2": 0.000180057948455,
        "max": 0.6865234375,
        "mean": 0.0595364123583,
        "median": 0.04296875,
        "min": 0.00390625,
        "var": 0.00677266949788
    },
    "barkbands": {
        "dmean": [0.000106970372144, 0.000353983836249, 0.000382569531212, 0.000332454830641, 0.00119521201123, 0.00139691494405, 0.00118880358059, 0.000575530051719, 0.00103574851528, 0.000294010300422, 0.000754583743401, 0.000363745057257, 0.000303958135191, 0.000267218594672, 0.000173089792952, 0.000186838544323, 0.000120530727145, 8.98514481378e-05, 6.82648314978e-05, 5.88654147577e-05, 5.07714430569e-05, 4.39955692855e-05, 3.63811959687e-05, 3.1788385968e-05, 2.55846298387e-05, 1.45314252222e-05, 3.4803251765e-06],
        "dmean2": [0.000176832443685, 0.000528541684616, 0.000547849223949, 0.000494424253702, 0.0018082173774, 0.00209247716703, 0.00178714480717, 0.000848295516334, 0.00147896294948, 0.0004568900913, 0.001138553489, 0.000550103723072, 0.000488462974317, 0.00041801383486, 0.000270209420705, 0.000292441283818, 0.000187713085325, 0.00013717537513, 0.00010720926366, 9.20630409382e-05, 7.60493712733e-05, 6.50833899272e-05, 5.56188824703e-05, 4.89543563162e-05, 3.89004489989e-05, 2.17346696445e-05, 5.95736992182e-06],
        "dvar": [5.93816935179e-07, 1.23234133298e-06, 1.2672298908e-06, 2.70147029369e-06, 6.85011718815e-06, 5.80759251534e-06, 5.05443949805e-06, 1.39787061926e-06, 3.66290214515e-06, 4.72672439855e-07, 4.98788631376e-06, 6.15659814684e-07, 5.13186250828e-07, 2.79653022517e-07, 9.5713616588e-08, 3.29243675878e-07, 9.045005811e-08, 3.96829697991e-08, 2.75352665113e-08, 1.87615025737e-08, 1.36389743943e-08, 7.64078844639e-09, 5.79356651542e-09, 4.60658489132e-09, 2.82915202376e-09, 1.04821118452e-09, 1.9865563361e-10],
        "dvar2": [1.77543961399e-06, 2.87376269625e-06, 2.63829565483e-06, 5.15802685186e-06, 1.72593918251e-05, 1.27276252897e-05, 1.17997869893e-05, 2.68571284323e-06, 7.67372966948e-06, 9.94714810076e-07, 1.15158718472e-05, 1.35776360821e-06, 1.258226348e-06, 6.25446944014e-07, 2.16709125311e-07, 7.04434398813e-07, 1.88728265016e-07, 8.54354382795e-08, 6.48334861353e-08, 4.18474428443e-08, 2.94828179648e-08, 1.57979478388e-08, 1.20800214276e-08, 1.05102397896e-08, 6.01545790957e-09, 2.33189667576e-09, 5.47490441871e-10],
        "max": [0.0245149955153, 0.0372301787138, 0.0578370392323, 0.133174240589, 0.106228224933, 0.0545244365931, 0.0629801750183, 0.0342508293688, 0.0488438718021, 0.0130124110729, 0.0592502951622, 0.0160648617893, 0.0226706322283, 0.011323871091, 0.00620659254491, 0.0104536041617, 0.0133443633094, 0.00527156097814, 0.00454805977643, 0.00309563428164, 0.00162125076167, 0.00100120774005, 0.000696634408087, 0.000604508153629, 0.000550663738977, 0.00031958319596, 0.00028959082556],
        "mean": [0.000137104623718, 0.000942904618569, 0.000996787683107, 0.00129593338352, 0.00355989299715, 0.0031891958788, 0.00292742997408, 0.00142852496356, 0.00283538922668, 0.000657563912682, 0.0013524889946, 0.000657929573208, 0.00048703738139, 0.000459237606265, 0.000303106382489, 0.00029014114989, 0.000214529078221, 0.000152536114911, 0.000102852114651, 9.07260473468e-05, 7.20494426787e-05, 6.17332261754e-05, 4.37262351625e-05, 3.48440007656e-05, 2.85990645352e-05, 1.67844573298e-05, 3.29277804667e-06],
        "median": [7.59152089813e-06, 9.31612739805e-05, 0.00010011496488, 0.000114222086268, 0.00142364972271, 0.00145841576159, 0.00123294105288, 0.000500547408592, 0.00106637808494, 0.00017102122365, 0.000313140888466, 0.000189635058632, 0.00015515947598, 0.000148356572026, 0.00011463699775, 9.51516703935e-05, 6.83352991473e-05, 5.32549565833e-05, 4.1545026761e-05, 4.22519406129e-05, 2.97042333841e-05, 2.36824398598e-05, 1.48771923705e-05, 1.06281240733e-05, 7.69197686168e-06, 4.22227640229e-06, 1.50671368715e-07],
        "min": [1.85258436913e-25, 1.43582101777e-24, 4.40307989756e-25, 9.734780845e-26, 7.31822238583e-24, 5.14065508179e-24, 5.72044970333e-24, 3.86100160337e-24, 1.19420848278e-23, 1.58957554995e-23, 1.1712489228e-23, 2.94191948422e-23, 1.31281561315e-23, 2.39462214545e-23, 4.70576576773e-23, 5.53645554914e-23, 5.50895838234e-23, 6.77085436512e-23, 1.27396214675e-22, 1.0684180639e-22, 1.68352585453e-22, 2.42639907199e-22, 3.70531248844e-22, 5.67122429375e-22, 8.68419180965e-22, 1.31820308191e-21, 1.86877265989e-21],
        "var": [7.22966376543e-07, 5.10679501531e-06, 1.00225815913e-05, 5.84632762184e-05, 5.15030042152e-05, 2.57451520156e-05, 2.72851848422e-05, 6.7740029408e-06, 2.33519785979e-05, 1.92499169316e-06, 1.1222194189e-05, 1.55609484409e-06, 9.93114895209e-07, 6.59452780383e-07, 2.64451557541e-07, 5.2069111689e-07, 2.86808869987e-07, 9.57716324024e-08, 3.88906471471e-08, 2.79029723771e-08, 1.82403816495e-08, 1.14520979366e-08, 7.04163305443e-09, 4.90070739545e-09, 3.41882766541e-09, 1.24370180821e-09, 1.714920983e-10]
    },
    "erbbands": {
        "dmean": [0.0101497285068, 0.0831651687622, 0.379282355309, 0.718402206898, 2.50497603416, 5.32353973389, 6.80524539948, 12.1311750412, 11.9225893021, 21.3124008179, 15.2787466049, 19.046251297, 13.8945236206, 15.221578598, 24.3865337372, 12.429060936, 12.8863792419, 15.0422954559, 7.66580104828, 9.95004081726, 10.9894733429, 7.11374664307, 4.8995475769, 3.99239134789, 3.01151847839, 2.67438197136, 2.15436077118, 1.90730106831, 1.5033416748, 1.39575326443, 1.05989050865, 0.764766097069, 0.476084679365, 0.305826425552, 0.168451413512, 0.0796979442239, 0.0224546585232, 0.00653951941058, 0.000534005870577, 1.25380738609e-05],
        "dmean2": [0.0162018593401, 0.123184166849, 0.551284909248, 1.0754648447, 3.87891530991, 7.89252710342, 10.9284563065, 17.5116462708, 18.282119751, 31.0897960663, 21.8462715149, 27.5478992462, 20.4735393524, 23.1824169159, 36.5491485596, 19.0144462585, 20.1113433838, 23.6966667175, 12.2656173706, 15.5850467682, 17.0371208191, 10.9799880981, 7.45031690598, 6.2685379982, 4.60558319092, 4.2059135437, 3.25755238533, 2.87929296494, 2.21492218971, 2.07177495956, 1.63344955444, 1.21941304207, 0.709905147552, 0.46029651165, 0.254711031914, 0.116694755852, 0.0343168266118, 0.0108149992302, 0.000912438670639, 1.97042299988e-05],
        "dvar": [0.00367197836749, 0.0522256493568, 1.22545361519, 8.74686717987, 76.2959442139, 118.867492676, 143.521743774, 576.182678223, 570.603210449, 1902.08007812, 907.331481934, 1300.33325195, 851.655334473, 1325.76281738, 4628.97753906, 615.636047363, 924.048828125, 1036.21960449, 237.101333618, 382.907318115, 1262.87597656, 364.788482666, 123.8409729, 87.3642120361, 47.1738166809, 36.8852539062, 24.8241119385, 22.0260639191, 8.44267940521, 8.53519439697, 5.15934896469, 2.85610127449, 1.02611923218, 0.393252849579, 0.126435101032, 0.0319003798068, 0.00225766701624, 0.000397544034058, 4.35108631791e-06, 7.99200206014e-10],
        "dvar2": [0.0100170392543, 0.111432686448, 2.8267686367, 17.357208252, 230.74180603, 229.281448364, 380.822937012, 1093.71166992, 1499.05065918, 4090.94458008, 1730.1550293, 2779.04272461, 1685.60644531, 3096.1730957, 10611.5302734, 1383.42358398, 2198.23583984, 2412.70703125, 557.021911621, 865.015319824, 2730.4128418, 748.410827637, 259.69241333, 212.852096558, 101.253700256, 83.1042861938, 57.0738983154, 48.5069885254, 16.9768447876, 17.7596530914, 11.2909879684, 6.79571962357, 2.24576973915, 0.847842752934, 0.266455739737, 0.0682986825705, 0.00507026957348, 0.00104917655699, 1.19508276839e-05, 2.09423300923e-09],
        "max": [2.37137722969, 6.65765666962, 44.0958900452, 219.72102356, 337.670959473, 487.349578857, 352.751220703, 617.007019043, 453.456329346, 1514.75268555, 1061.54650879, 1311.7253418, 796.41595459, 811.701965332, 1919.26367188, 489.292999268, 1058.56262207, 627.17199707, 448.760681152, 473.055358887, 642.647033691, 934.366882324, 319.117492676, 219.287643433, 223.204589844, 123.083526611, 92.6761245728, 80.2980804443, 42.5350875854, 39.2075691223, 23.0943336487, 15.6550254822, 9.88437652588, 6.61753797531, 4.5282831192, 1.9127317667, 0.487683862448, 0.288907438517, 0.0425820909441, 0.000575508573093],
        "mean": [0.0183956697583, 0.247226193547, 1.05954146385, 2.69835305214, 7.63631057739, 14.9060821533, 15.993765831, 28.1223697662, 29.4715690613, 53.322467804, 43.7300491333, 51.0069847107, 34.8682174683, 33.9504699707, 46.2254867554, 23.8964958191, 23.5718841553, 25.9851875305, 13.1690092087, 17.6992664337, 17.6428565979, 13.4282913208, 8.77351760864, 6.43252420425, 4.87413644791, 4.13805055618, 3.20367360115, 2.62676143646, 2.13106632233, 1.79932415485, 1.23070454597, 0.812013626099, 0.52810972929, 0.344283223152, 0.186888411641, 0.0866094902158, 0.0283834729344, 0.00674183061346, 0.000520099594723, 3.44584150298e-05],
        "median": [0.00245134253055, 0.0256807953119, 0.130105227232, 0.386580556631, 1.63619148731, 4.89420223236, 8.03589725494, 11.7683649063, 12.5089130402, 18.4038314819, 15.2077760696, 20.1498336792, 11.8901948929, 11.6885061264, 13.1945610046, 8.75303936005, 8.37423324585, 7.85477876663, 5.77851676941, 6.4210319519, 5.68978309631, 4.42276954651, 3.27558517456, 2.60530185699, 2.17178344727, 2.01071643829, 1.44208824635, 1.04576182365, 0.833029866219, 0.643120348454, 0.39458155632, 0.247814849019, 0.156117424369, 0.101538479328, 0.0459726415575, 0.0186665523797, 0.00685344729573, 0.00107915501576, 4.2258110625e-05, 2.52950212598e-05],
        "min": [3.84291570494e-23, 4.2590658333e-22, 2.43327132527e-21, 3.92442876539e-21, 7.31318861391e-21, 1.30816505534e-20, 4.42711264365e-20, 4.72998773299e-20, 1.18173219508e-19, 1.24299849037e-19, 1.91684204783e-19, 2.53395820513e-19, 4.12675341121e-19, 6.55619372703e-19, 5.843206949e-19, 1.48537753174e-18, 1.16261093294e-18, 1.18507302248e-18, 2.0580394261e-18, 3.78429753569e-18, 4.51949566413e-18, 4.03429054196e-18, 3.61115746654e-18, 5.07715932641e-18, 7.01784167593e-18, 5.59830792774e-18, 8.29702520805e-18, 9.21391273085e-18, 9.1517592068e-18, 1.01988176611e-17, 1.05249542971e-17, 1.1180423795e-17, 9.9412468532e-18, 8.48949359297e-18, 6.22167661404e-18, 4.14334437956e-18, 2.30952528658e-18, 9.8092433031e-19, 2.49024170975e-19, 2.65788042683e-20],
        "var": [0.00705240014941, 0.29680287838, 6.94241333008, 166.106536865, 534.09362793, 858.020874023, 591.739562988, 2749.22509766, 2321.2043457, 11009.8603516, 6942.66064453, 8197.58300781, 3689.37109375, 3694.95385742, 10580.2001953, 1564.39367676, 2063.19946289, 2277.08349609, 485.230834961, 1022.37432861, 1919.83251953, 1255.02697754, 299.360290527, 135.053787231, 77.6921310425, 54.0532073975, 33.1636047363, 27.2616691589, 13.7729969025, 11.1547269821, 5.82883214951, 2.77489757538, 1.17255055904, 0.46625238657, 0.155192747712, 0.0392907075584, 0.00292843510397, 0.000358748802682, 3.74046589968e-06, 1.30278510202e-09]
    },
    "gfcc": {
        "mean": [-65.0406723022, 97.3967285156, -119.849578857, 1.71423864365, -70.2486953735, 0.209262952209, -42.1926269531, 2.48917794228, -23.4961414337, 3.33223509789, -15.7581377029, 1.83425307274, -9.71225166321],
        "cov": [[43806.5898438, 2206.48242188, -4830.98779297, 177.376190186, -2588.82373047, 156.686798096, -1484.52893066, 350.651611328, -967.597167969, 45.8037338257, -869.826965332, 85.6301040649, -616.089538574], [2206.48242188, 1324.89416504, -306.693878174, -40.1904220581, -63.550491333, -135.004699707, -65.5905227661, -98.1401062012, 20.7231864929, -65.7739639282, 63.0524330139, -64.5679244995, 44.2172164917], [-4830.98779297, -306.693878174, 1432.9765625, 72.9119491577, 412.969146729, -2.39069461823, 121.281852722, -18.0088768005, 42.3709526062, 77.7998428345, 44.2351913452, 14.7258777618, 3.859177351], [177.376190186, -40.1904220581, 72.9119491577, 300.667449951, 15.3066244125, 57.2486305237, 14.8914546967, 6.03522491455, 2.36973357201, -9.03995895386, -33.3536376953, -28.7841892242, -46.5368385315], [-2588.82373047, -63.550491333, 412.969146729, 15.3066244125, 456.869232178, 36.008846283, 132.974502563, 46.1534957886, 91.5628051758, 23.7397327423, 46.5742073059, -13.4570007324, -21.3335437775], [156.686798096, -135.004699707, -2.39069461823, 57.2486305237, 36.008846283, 191.835296631, 75.8283081055, 87.0023117065, 23.3760757446, 54.6662368774, 5.57269477844, 19.5545158386, -12.9399213791], [-1484.52893066, -65.5905227661, 121.281852722, 14.8914546967, 132.974502563, 75.8283081055, 238.555328369, 99.114982605, 111.92816925, 28.0390586853, 66.6858215332, 7.51870393753, 8.4074010849], [350.651611328, -98.1401062012, -18.0088768005, 6.03522491455, 46.1534957886, 87.0023117065, 99.114982605, 200.012908936, 74.7870025635, 77.2135772705, 16.2544193268, 30.5161209106, -21.1542854309], [-967.597167969, 20.7231864929, 42.3709526062, 2.36973357201, 91.5628051758, 23.3760757446, 111.92816925, 74.7870025635, 170.141494751, 70.0591812134, 86.2698364258, 22.3550186157, 13.8046340942], [45.8037338257, -65.7739639282, 77.7998428345, -9.03995895386, 23.7397327423, 54.6662368774, 28.0390586853, 77.2135772705, 70.0591812134, 149.17414856, 73.9848709106, 57.9973716736, 3.52094650269], [-869.826965332, 63.0524330139, 44.2351913452, -33.3536376953, 46.5742073059, 5.57269477844, 66.6858215332, 16.2544193268, 86.2698364258, 73.9848709106, 150.2684021, 65.5314025879, 52.6263122559], [85.6301040649, -64.5679244995, 14.7258777618, -28.7841892242, -13.4570007324, 19.5545158386, 7.51870393753, 30.5161209106, 22.3550186157, 57.9973716736, 65.5314025879, 110.584480286, 53.1857872009], [-616.089538574, 44.2172164917, 3.859177351, -46.5368385315, -21.3335437775, -12.9399213791, 8.4074010849, -21.1542854309, 13.8046340942, 3.52094650269, 52.6263122559, 53.1857872009, 130.029251099]],
        "icov": [[0.000136000089697, -0.000299426814308, 0.000273902609479, -0.000100381068478, 0.000316015881253, -0.000111220819235, 0.000303558888845, -0.00038854777813, 0.000437786016846, -0.000454910303233, 0.000706859689672, -0.00078463635873, 0.000660781108309], [-0.000299426814308, 0.00165549200028, -0.000393649679609, 0.000143449433381, -0.000750919280108, 0.000665638770442, -0.000264036701992, 0.000794334569946, -0.00108284852467, 0.00130653183442, -0.00267323246226, 0.00288428529166, -0.00184755097143], [0.000273902609479, -0.000393649679609, 0.00174558232538, -0.000584902183618, -0.000455014233012, 0.000504116993397, -0.000134707937832, -4.22994053224e-05, 0.00159929774236, -0.00236587459221, 0.00192104745656, -0.00161646201741, 0.00092579232296], [-0.000100381068478, 0.000143449433381, -0.000584902183618, 0.00405317544937, 0.000153818546096, -0.00159348582383, 1.02411395346e-05, 0.000743565207813, -0.00131104211323, 0.0011614842806, -3.456756167e-05, 0.000696220435202, 0.000767496647313], [0.000316015881253, -0.000750919280108, -0.000455014233012, 0.000153818546096, 0.00449351640418, -0.00095457554562, 0.000203051618882, -0.00126171077136, -0.000422424316639, 0.000319551298162, 0.000767354329582, -0.00126640824601, 0.00248869229108], [-0.000111220819235, 0.000665638770442, 0.000504116993397, -0.00159348582383, -0.00095457554562, 0.00882526300848, -0.00332985050045, -0.0010621722322, 0.00218068039976, -0.00347960880026, 0.000899627571926, 0.000254051061347, -0.00117976765614], [0.000303558888845, -0.000264036701992, -0.000134707937832, 1.02411395346e-05, 0.000203051618882, -0.00332985050045, 0.0109094204381, -0.00491853617132, -0.0031627251301, 0.00439951661974, -0.003345427569, 0.000682632788084, 0.00102352083195], [-0.00038854777813, 0.000794334569946, -4.22994053224e-05, 0.000743565207813, -0.00126171077136, -0.0010621722322, -0.00491853617132, 0.0117838848382, -0.00342477089725, -0.00363221089356, 0.00329001736827, -0.00110948015936, -0.000337100005709], [0.000437786016846, -0.00108284852467, 0.00159929774236, -0.00131104211323, -0.000422424316639, 0.00218068039976, -0.0031627251301, -0.00342477089725, 0.0150161357597, -0.00594507204369, -0.00200628302991, -7.46026271372e-05, 0.00113013840746], [-0.000454910303233, 0.00130653183442, -0.00236587459221, 0.0011614842806, 0.000319551298162, -0.00347960880026, 0.00439951661974, -0.00363221089356, -0.00594507204369, 0.01866767928, -0.00978409312665, -0.000108093037852, 0.000846754293889], [0.000706859689672, -0.00267323246226, 0.00192104745656, -3.456756167e-05, 0.000767354329582, 0.000899627571926, -0.003345427569, 0.00329001736827, -0.00200628302991, -0.00978409312665, 0.0227919127792, -0.0116541227326, 0.00117611908354], [-0.00078463635873, 0.00288428529166, -0.00161646201741, 0.000696220435202, -0.00126640824601, 0.000254051061347, 0.000682632788084, -0.00110948015936, -7.46026271372e-05, -0.000108093037852, -0.0116541227326, 0.0234147384763, -0.00965820811689], [0.000660781108309, -0.00184755097143, 0.00092579232296, 0.000767496647313, 0.00248869229108, -0.00117976765614, 0.00102352083195, -0.000337100005709, 0.00113013840746, 0.000846754293889, 0.00117611908354, -0.00965820811689, 0.0151983518153]]
    },
    "melbands": {
        "dmean": [9.59369644988e-05, 0.000168145023054, 0.000174910645001, 0.000276905659121, 0.000223605864448, 0.000270483171334, 0.000196306631551, 0.000205809657928, 0.000145102647366, 0.000122461031424, 7.09646556061e-05, 5.8737819927e-05, 0.000108190033643, 3.68446417269e-05, 3.90200002585e-05, 3.0625902582e-05, 2.71687877103e-05, 1.33723506224e-05, 1.38007662827e-05, 1.2545006939e-05, 1.28798656078e-05, 8.58088606037e-06, 4.69566430183e-06, 4.5639385462e-06, 3.33838988809e-06, 2.42127566707e-06, 2.35709626395e-06, 1.71197268628e-06, 1.48544188505e-06, 1.26126292344e-06, 1.05052617982e-06, 8.75595219441e-07, 8.48691229294e-07, 7.45116778944e-07, 6.43462385597e-07, 5.50341894723e-07, 4.19092089032e-07, 3.4690845041e-07, 2.95088909752e-07, 2.54361566476e-07],
        "dmean2": [0.000148910985445, 0.000242415393586, 0.000257363193668, 0.00042369851144, 0.000346215616446, 0.000396329647629, 0.000299103849102, 0.000300525105558, 0.000206675365916, 0.000177108435309, 0.000104500017187, 8.95157863852e-05, 0.000162557640579, 5.60483385925e-05, 6.02330619586e-05, 4.82947834826e-05, 4.3008778448e-05, 2.16447442654e-05, 2.15568743442e-05, 1.96133933059e-05, 2.01317689061e-05, 1.34451083795e-05, 7.24271376384e-06, 7.05687534719e-06, 5.35078697794e-06, 3.80026381208e-06, 3.66520384887e-06, 2.73358523373e-06, 2.28581234296e-06, 1.928301117e-06, 1.60838578722e-06, 1.3181054328e-06, 1.2737001498e-06, 1.11734414077e-06, 9.96436710921e-07, 8.78675280092e-07, 6.7079628252e-07, 5.2799526884e-07, 4.42081301344e-07, 3.95430618028e-07],
        "dvar": [1.71854537712e-07, 2.15943501303e-07, 4.00417690116e-07, 4.04352306305e-07, 1.34506990435e-07, 2.56162223877e-07, 1.30241517127e-07, 1.68959800817e-07, 8.46721448511e-08, 5.0937750018e-08, 2.25182787972e-08, 1.89402555861e-08, 1.06175683356e-07, 8.12265898986e-09, 8.16146084048e-09, 4.68534988585e-09, 3.1858593541e-09, 9.64436863704e-10, 6.52054743533e-10, 9.35278299252e-10, 1.60458013543e-09, 6.0532995283e-10, 1.12869276425e-10, 1.12844615596e-10, 7.00082283811e-11, 2.84120504901e-11, 3.92598765997e-11, 1.56553971176e-11, 1.32206251155e-11, 8.26878843174e-12, 6.61439739785e-12, 2.98342730728e-12, 3.08992523408e-12, 2.43491186415e-12, 1.8808303439e-12, 1.51805998327e-12, 8.42362854817e-13, 5.72449639774e-13, 3.67697246349e-13, 2.79640758249e-13],
        "dvar2": [4.59500085981e-07, 4.94239657201e-07, 8.94025561138e-07, 1.02886167497e-06, 3.24513337091e-07, 5.1154376024e-07, 3.29921817865e-07, 3.60342994554e-07, 1.68281403035e-07, 1.08039266422e-07, 4.46890489059e-08, 4.36614087107e-08, 2.43165658276e-07, 1.79781594056e-08, 1.86542745695e-08, 1.0978704168e-08, 7.46453210354e-09, 2.19962514869e-09, 1.44999534601e-09, 1.97781613309e-09, 3.54423845828e-09, 1.26094645836e-09, 2.45617470807e-10, 2.51376558458e-10, 1.74314132573e-10, 6.48964909589e-11, 8.49584499973e-11, 3.69362006258e-11, 3.18842036107e-11, 1.8090069373e-11, 1.46652395089e-11, 5.98780183422e-12, 6.58387970878e-12, 5.11293091199e-12, 4.16403066542e-12, 3.59825298897e-12, 1.9851735273e-12, 1.27999368917e-12, 7.94177061354e-13, 6.13074369916e-13],
        "max": [0.0152314156294, 0.0184822492301, 0.0435268692672, 0.0281196739525, 0.0101957637817, 0.0127217834815, 0.00980901811272, 0.0136840222403, 0.0113824950531, 0.00703629525378, 0.00406252453104, 0.00301781482995, 0.00902682170272, 0.00225084344856, 0.00229562423192, 0.00127046636771, 0.00104656524491, 0.0010355450213, 0.000678077340126, 0.000813748920336, 0.00076514959801, 0.00117121054791, 0.000275135476841, 0.00040933402488, 0.000202154973522, 0.00012010995124, 0.000214234212763, 7.94527149992e-05, 7.39551396691e-05, 4.13831876358e-05, 4.39467876276e-05, 3.79929188057e-05, 2.27198015637e-05, 1.73958360392e-05, 1.39939338624e-05, 1.20201912068e-05, 7.99932422524e-06, 8.19999149826e-06, 6.39097879684e-06, 5.46617684449e-06],
        "mean": [0.000221233407501, 0.00048978975974, 0.000625778513495, 0.000818287371658, 0.00058747123694, 0.000627601810265, 0.000497438712046, 0.000517649808899, 0.000400553981308, 0.000322772830259, 0.000172247891896, 0.000131132735987, 0.000197246670723, 6.481615128e-05, 6.6051929025e-05, 5.14723615197e-05, 4.54288274341e-05, 2.01231450774e-05, 2.3379609047e-05, 2.08034271054e-05, 1.91927792912e-05, 1.50806708916e-05, 7.99884037406e-06, 7.52034475227e-06, 4.92640992888e-06, 3.74348996957e-06, 3.4539743865e-06, 2.50916377809e-06, 2.12371583075e-06, 1.6844669517e-06, 1.4130589534e-06, 1.23631355109e-06, 1.10198345737e-06, 9.29348857426e-07, 7.36093966225e-07, 5.81242943554e-07, 4.45319614073e-07, 3.72647832592e-07, 3.29988722569e-07, 2.81533317548e-07],
        "median": [2.72302404483e-05, 5.5576703744e-05, 0.000103888756712, 0.000282733875792, 0.000294428289635, 0.000273580546491, 0.000232448321185, 0.000172078085598, 0.00011964055011, 0.000127566599986, 5.04663439642e-05, 4.27494269388e-05, 4.79422997159e-05, 1.81018767762e-05, 1.8312885004e-05, 1.50967680383e-05, 1.36926773848e-05, 7.52865662434e-06, 8.28429256217e-06, 7.25605832486e-06, 5.63898811379e-06, 4.00574572268e-06, 2.80405288322e-06, 2.48706669481e-06, 1.83687848221e-06, 1.54946098974e-06, 1.45057254031e-06, 1.20092852285e-06, 9.25175754674e-07, 6.54487678275e-07, 5.71766349822e-07, 4.87243596581e-07, 3.64595592828e-07, 3.28906139657e-07, 2.30469552776e-07, 1.71887876377e-07, 1.36849891419e-07, 1.08352438133e-07, 8.9514571755e-08, 7.73574768687e-08],
        "min": [6.98398133003e-25, 1.66764465667e-24, 8.87969938087e-25, 9.39858447419e-25, 9.97448941982e-25, 1.19623479035e-24, 1.94790583427e-24, 1.24762986719e-24, 1.7539835106e-24, 1.86342869208e-24, 1.79692219575e-24, 2.29227142675e-24, 1.91680992346e-24, 2.53002759548e-24, 2.27786505168e-24, 1.84399825913e-24, 1.82382550806e-24, 2.62305421494e-24, 3.71935216151e-24, 4.224582467e-24, 4.34377264446e-24, 3.22471034153e-24, 3.58104315115e-24, 3.03565509243e-24, 3.43542337235e-24, 3.86524685834e-24, 4.50391061936e-24, 2.63461595758e-24, 4.13878595494e-24, 3.98316973075e-24, 5.52152698759e-24, 5.00234449371e-24, 3.65942476512e-24, 5.14493780765e-24, 5.23494289263e-24, 4.38224223536e-24, 6.36816367108e-24, 5.88710327487e-24, 5.48211628563e-24, 6.06622163758e-24],
        "var": [4.24529275733e-07, 1.17332183436e-06, 6.64945355311e-06, 3.30643706548e-06, 7.15266992302e-07, 1.19543278743e-06, 6.40493738047e-07, 9.71407530415e-07, 6.95612641266e-07, 2.94552194191e-07, 9.69147038177e-08, 5.75277105952e-08, 2.37279579096e-07, 1.95490414967e-08, 1.84038420059e-08, 9.66293534077e-09, 6.86005208195e-09, 1.82342729804e-09, 1.69300118369e-09, 1.95520954982e-09, 2.43693443203e-09, 2.00986893795e-09, 2.59761573362e-10, 2.87118051556e-10, 9.45161310328e-11, 4.45081159428e-11, 5.74528376263e-11, 2.24544965954e-11, 1.72303768475e-11, 1.04456972586e-11, 8.03234648933e-12, 5.37825816868e-12, 4.12390607774e-12, 3.07766334119e-12, 2.09489261875e-12, 1.48717724333e-12, 8.32923736493e-13, 6.27333851099e-13, 4.31391277951e-13, 3.21999290296e-13]
    },
    "mfcc": {
        "mean": [-688.55682373, 136.061203003, -4.71765565872, 2.79877591133, -12.0027294159, -6.7217040062, -11.4827232361, -6.61815643311, -5.91556358337, -3.43709182739, -4.00855398178, -2.3458135128, -0.858930885792],
        "cov": [[13160.0917969, 786.037109375, -930.717163086, -45.9811782837, -470.808105469, -151.295578003, -216.781494141, 175.518981934, -32.1660308838, 21.5838603973, -86.9114990234, -45.8134689331, -116.701263428], [786.037109375, 1557.58630371, 46.3462982178, 81.222442627, 57.2940673828, -63.7920074463, -33.2143478394, -63.9683036804, -32.9584846497, -38.024848938, -10.3837451935, -0.0898536965251, 26.2893257141], [-930.717163086, 46.3462982178, 629.60760498, 130.088317871, 97.4184341431, 61.7769317627, 38.15284729, -58.2658233643, -2.77935552597, -13.2387046814, 15.5637254715, -24.6732559204, 19.0964355469], [-45.9811782837, 81.222442627, 130.088317871, 235.196334839, 77.3259277344, 35.9844703674, 3.52241373062, 10.1921157837, -5.20368289948, 5.04417514801, 13.3504772186, -4.98411846161, -11.6828956604], [-470.808105469, 57.2940673828, 97.4184341431, 77.3259277344, 230.667266846, 54.1793670654, 46.0466156006, -9.55368041992, 19.4277534485, -1.15296673775, 36.4035682678, 20.9836826324, 10.9648895264], [-151.295578003, -63.7920074463, 61.7769317627, 35.9844703674, 54.1793670654, 125.630073547, 38.9929122925, 18.791677475, 3.50415897369, 15.2643823624, 16.0251560211, 10.7826404572, 4.92449045181], [-216.781494141, -33.2143478394, 38.15284729, 3.52241373062, 46.0466156006, 38.9929122925, 128.178909302, 53.0659332275, 48.6996383667, 34.8761329651, 39.4076805115, 26.5725841522, 18.7882175446], [175.518981934, -63.9683036804, -58.2658233643, 10.1921157837, -9.55368041992, 18.791677475, 53.0659332275, 131.124191284, 56.4659004211, 52.5018348694, 34.2058296204, 30.6332874298, 17.96626091], [-32.1660308838, -32.9584846497, -2.77935552597, -5.20368289948, 19.4277534485, 3.50415897369, 48.6996383667, 56.4659004211, 119.770141602, 51.6253013611, 44.343662262, 32.8790283203, 22.3063354492], [21.5838603973, -38.024848938, -13.2387046814, 5.04417514801, -1.15296673775, 15.2643823624, 34.8761329651, 52.5018348694, 51.6253013611, 105.439254761, 64.1741409302, 51.1893157959, 31.9157428741], [-86.9114990234, -10.3837451935, 15.5637254715, 13.3504772186, 36.4035682678, 16.0251560211, 39.4076805115, 34.2058296204, 44.343662262, 64.1741409302, 137.971252441, 84.8455276489, 56.3255653381], [-45.8134689331, -0.0898536965251, -24.6732559204, -4.98411846161, 20.9836826324, 10.7826404572, 26.5725841522, 30.6332874298, 32.8790283203, 51.1893157959, 84.8455276489, 127.747817993, 72.9995269775], [-116.701263428, 26.2893257141, 19.0964355469, -11.6828956604, 10.9648895264, 4.92449045181, 18.7882175446, 17.96626091, 22.3063354492, 31.9157428741, 56.3255653381, 72.9995269775, 117.226387024]],
