{
"lowlevel": {
    "average_loudness": 0.823157966137,
    "barkbands_crest": {
        "dmean": 3.05274438858,
        "dmean2": 4.77364683151,
        "dvar": 8.66747760773,
        "dvar2": 19.3306808472,
        "max": 26.0003852844,
        "mean": 10.4477825165,
        "median": 9.34965705872,
        "min": 1.78226661682,
        "var": 31.2448711395
    },
    "barkbands_flatness_db": {
        "dmean": 0.0276981443167,
        "dmean2": 0.0405732467771,
        "dvar": 0.000853390491102,
        "dvar2": 0.00164735515136,
        "max": 0.441005349159,
        "mean": 0.101969465613,
        "median": 0.0870386511087,
        "min": 0.0125474771485,
        "var": 0.00326377991587
    },
    "barkbands_kurtosis": {
        "dmean": 6.08899831772,
        "dmean2": 9.1002035141,
        "dvar": 229.686416626,
        "dvar2": 449.043640137,
        "max": 407.951171875,
        "mean": 8.50280857086,
        "median": 1.78987622261,
        "min": -1.86013913155,
        "var": 477.325439453
    },
    "barkbands_skewness": {
        "dmean": 0.828277587891,
        "dmean2": 1.20255601406,
        "dvar": 1.04584515095,
        "dvar2": 1.97039890289,
        "max": 18.1588687897,
        "mean": 1.8889092207,
        "median": 1.48163104057,
        "min": -3.28589701653,
        "var": 4.30846738815
    },
    "barkbands_spread": {
        "dmean": 9.48083877563,
        "dmean2": 14.1961574554,
        "dvar": 98.5045166016,
        "dvar2": 206.49798584,
        "max": 141.740661621,
        "mean": 30.0498924255,
        "median": 27.7828598022,
        "min": 0.460597962141,
        "var": 318.885681152
    },
    "dissonance": {
        "dmean": 0.0131249530241,
        "dmean2": 0.0223144814372,
        "dvar": 0.000161261166795,
        "dvar2": 0.000441369862529,
        "max": 0.500000059605,
        "mean": 0.479823112488,
        "median": 0.483372628689,
        "min": 0.135335460305,
        "var": 0.000260145170614
    },
    "dynamic_complexity": 4.03530931473,
    "erbbands_crest": {
        "dmean": 2.26476931572,
        "dmean2": 3.75561308861,
        "dvar": 5.62509346008,
        "dvar2": 14.0738382339,
        "max": 31.9192428589,
        "mean": 6.12368488312,
        "median": 5.18618488312,
        "min": 2.01778674126,
        "var": 9.3266658783
    },
    "erbbands_flatness_db": {
        "dmean": 0.0154147380963,
        "dmean2": 0.0228476095945,
        "dvar": 0.000218204047997,
        "dvar2": 0.00045611517271,
        "max": 0.29614803195,
        "mean": 0.105900973082,
        "median": 0.100382208824,
        "min": 0.0253053028136,
        "var": 0.00105542154051
    },
    "erbbands_kurtosis": {
        "dmean": 0.691102087498,
        "dmean2": 1.1141409874,
        "dvar": 2.73830914497,
        "dvar2": 7.27726745605,
        "max": 98.636680603,
        "mean": -0.248654857278,
        "median": -0.556604623795,
        "min": -1.75276398659,
        "var": 2.7807803154
    },
    "erbbands_skewness": {
        "dmean": 0.372228622437,
        "dmean2": 0.568755745888,
        "dvar": 0.138069361448,
        "dvar2": 0.323984265327,
        "max": 8.75794887543,
        "mean": 0.160236656666,
        "median": 0.177196905017,
        "min": -2.88840389252,
        "var": 0.430628567934
    },
    "erbbands_spread": {
        "dmean": 11.7635593414,
        "dmean2": 17.4269714355,
        "dvar": 130.20640564,
        "dvar2": 262.511810303,
        "max": 166.834136963,
        "mean": 54.7188186646,
        "median": 51.2058525085,
        "min": 3.91879940033,
        "var": 437.192840576
    },
    "hfc": {
        "dmean": 8.46271514893,
        "dmean2": 12.4386816025,
        "dvar": 125.774734497,
        "dvar2": 284.541687012,
        "max": 97.6107559204,
        "mean": 16.0473899841,
        "median": 11.0768280029,
        "min": 1.07484834794e-16,
        "var": 235.3802948
    },
    "melbands_crest": {
        "dmean": 4.11374998093,
        "dmean2": 6.64199876785,
        "dvar": 15.3494529724,
        "dvar2": 36.474281311,
        "max": 35.9490737915,
        "mean": 15.3517532349,
        "median": 14.7255840302,
        "min": 1.01307070255,
        "var": 52.7896308899
    },
    "melbands_flatness_db": {
        "dmean": 0.0362465567887,
        "dmean2": 0.0517645925283,
        "dvar": 0.00143323885277,
        "dvar2": 0.00259579601698,
        "max": 0.555014789104,
        "mean": 0.163572907448,
        "median": 0.152449458838,
        "min": 8.11098232134e-07,
        "var": 0.00807513203472
    },
    "melbands_kurtosis": {
        "dmean": 18.4095802307,
        "dmean2": 27.8894824982,
        "dvar": 1602.55432129,
        "dvar2": 3318.73022461,
        "max": 1078.31384277,
        "mean": 30.9922866821,
        "median": 10.4123897552,
        "min": -1.71868753433,
        "var": 3588.37304688
    },
    "melbands_skewness": {
        "dmean": 1.20672547817,
        "dmean2": 1.79827368259,
        "dvar": 2.43575882912,
        "dvar2": 4.76199150085,
        "max": 22.5861854553,
        "mean": 3.6742374897,
        "median": 2.88049912453,
        "min": -1.5305249691,
        "var": 8.60245895386
    },
    "melbands_spread": {
        "dmean": 12.1886034012,
        "dmean2": 17.9965572357,
        "dvar": 216.230422974,
        "dvar2": 412.877258301,
        "max": 232.165603638,
        "mean": 33.5739593506,
        "median": 23.5354232788,
        "min": 0.359424173832,
        "var": 1074.17150879
    },
    "pitch_salience": {
        "dmean": 0.0969227552414,
        "dmean2": 0.15052305162,
        "dvar": 0.0100774709135,
        "dvar2": 0.0219332110137,
        "max": 0.997543513775,
        "mean": 0.56196731329,
        "median": 0.596345305443,
        "min": 0.0777085795999,
        "var": 0.0280708298087
    },
    "silence_rate_20dB": {
        "dmean": 0,
        "dmean2": 0,
        "dvar": 0,
        "dvar2": 0,
        "max": 1,
        "mean": 1,
        "median": 1,
        "min": 1,
        "var": 0
    },
    "silence_rate_30dB": {
        "dmean": 0.0493001006544,
        "dmean2": 0.0986069366336,
        "dvar": 0.0468748360872,
        "dvar2": 0.131919622421,
        "max": 1,
        "mean": 0.97221082449,
        "median": 1,
        "min": 0,
        "var": 0.0270147528499
    },
    "silence_rate_60dB": {
        "dmean": 0.0658245161176,
        "dmean2": 0.131658017635,
        "dvar": 0.0614920370281,
        "dvar2": 0.126617178321,
        "max": 1,
        "mean": 0.197186946869,
        "median": 0,
        "min": 0,
        "var": 0.158334866166
    },
    "spectral_centroid": {
        "dmean": 411.705291748,
        "dmean2": 602.725830078,
        "dvar": 163089.6875,
        "dvar2": 322500.46875,
        "max": 11686.4980469,
        "mean": 1900.92614746,
        "median": 1623.49743652,
        "min": 131.342132568,
        "var": 2502998.25
    },
    "spectral_complexity": {
        "dmean": 5.51683187485,
        "dmean2": 8.37462425232,
        "dvar": 38.3632202148,
        "dvar2": 82.1068725586,
        "max": 60,
        "mean": 15.4182710648,
        "median": 14,
        "min": 0,
        "var": 128.393997192
    },
    "spectral_decrease": {
        "dmean": 3.16665915712e-09,
        "dmean2": 4.54113902038e-09,
        "dvar": 3.22900903981e-17,
        "dvar2": 6.72610599267e-17,
        "max": 2.70671012904e-28,
        "mean": -5.97650551271e-09,
        "median": -3.20328719106e-09,
        "min": -5.01213612836e-08,
        "var": 6.04851272209e-17
    },
    "spectral_energy": {
        "dmean": 0.0124798323959,
        "dmean2": 0.0178700126708,
        "dvar": 0.000482217641547,
        "dvar2": 0.00100116548128,
        "max": 0.192472666502,
        "mean": 0.0240121930838,
        "median": 0.0134128723294,
        "min": 1.00568319991e-20,
        "var": 0.000909773865715
    },
    "spectral_energyband_high": {
        "dmean": 0.000630620401353,
        "dmean2": 0.000917787081562,
        "dvar": 6.94258176281e-07,
        "dvar2": 1.51813071625e-06,
        "max": 0.0075782709755,
        "mean": 0.00109794817399,
        "median": 0.000628730864264,
        "min": 7.04297278003e-21,
        "var": 1.44148816617e-06
    },
    "spectral_energyband_low": {
        "dmean": 0.00812596268952,
        "dmean2": 0.011934325099,
        "dvar": 0.000282060878817,
        "dvar2": 0.000628069217782,
        "max": 0.155967921019,
        "mean": 0.0127618713304,
        "median": 0.00435509206727,
        "min": 1.13059836815e-23,
        "var": 0.000454718072433
    },
    "spectral_energyband_middle_high": {
        "dmean": 0.00142141815741,
        "dmean2": 0.00237932079472,
        "dvar": 5.12684800924e-06,
        "dvar2": 1.35020218295e-05,
        "max": 0.028839757666,
        "mean": 0.00242454395629,
        "median": 0.00147912185639,
        "min": 1.08724591441e-21,
        "var": 7.91028014646e-06
    },
    "spectral_energyband_middle_low": {
        "dmean": 0.00884057953954,
        "dmean2": 0.0148708410561,
        "dvar": 0.000480651418911,
        "dvar2": 0.00125481374562,
        "max": 0.173102632165,
        "mean": 0.00957289431244,
        "median": 0.00383770326152,
        "min": 1.32812331702e-22,
        "var": 0.000373581249733
    },
    "spectral_entropy": {
        "dmean": 0.170642480254,
        "dmean2": 0.254183501005,
        "dvar": 0.037596989423,
        "dvar2": 0.0830088704824,
        "max": 9.82597351074,
        "mean": 8.07149791718,
        "median": 8.09745025635,
        "min": 4.91131401062,
        "var": 0.186704531312
    },
    "spectral_flux": {
        "dmean": 0.034433118999,
        "dmean2": 0.0480872951448,
        "dvar": 0.00242968811654,
        "dvar2": 0.00341418990865,
        "max": 0.42214858532,
        "mean": 0.0895982757211,
        "median": 0.065172970295,
        "min": 6.31535934659e-11,
        "var": 0.00663205608726
    },
    "spectral_kurtosis": {
        "dmean": 0.799209535122,
        "dmean2": 1.23271179199,
        "dvar": 0.909980237484,
        "dvar2": 2.14802980423,
        "max": 27.7940196991,
        "mean": 2.54642248154,
        "median": 2.26102137566,
        "min": -1.2690615654,
        "var": 3.25706362724
    },
    "spectral_rms": {
        "dmean": 0.00108125584666,
        "dmean2": 0.00146772467997,
        "dvar": 2.14101783058e-06,
        "dvar2": 3.99569898946e-06,
        "max": 0.0137032186612,
        "mean": 0.0040265917778,
        "median": 0.00361742032692,
        "min": 3.13233835571e-12,
        "var": 7.21291917216e-06
    },
    "spectral_rolloff": {
        "dmean": 1045.90148926,
        "dmean2": 1612.68408203,
        "dvar": 2283539.75,
        "dvar2": 4808792.5,
        "max": 19832.0800781,
        "mean": 2871.25195312,
        "median": 1485.79101562,
        "min": 43.06640625,
        "var": 13308456
    },
    "spectral_skewness": {
        "dmean": 0.165043324232,
        "dmean2": 0.243573233485,
        "dvar": 0.0279804058373,
        "dvar2": 0.0590789951384,
        "max": 4.58566951752,
        "mean": 1.30084824562,
        "median": 1.29337239265,
        "min": -0.0871459916234,
        "var": 0.15581575036
    },
    "spectral_spread": {
        "dmean": 710283.125,
        "dmean2": 1035918.8125,
        "dvar": 653584957440,
        "dvar2": 1.28606208e+12,
        "max": 43202680,
        "mean": 7009444,
        "median": 6198294,
        "min": 2379428.5,
        "var": 2.61832719729e+13
    },
    "spectral_strongpeak": {
        "dmean": 0.234209761024,
        "dmean2": 0.380448669195,
        "dvar": 0.111963056028,
        "dvar2": 0.300811946392,
        "max": 4.95788621902,
        "mean": 0.398102492094,
        "median": 0.288890779018,
        "min": 0,
        "var": 0.149657398462
    },
    "zerocrossingrate": {
        "dmean": 0.0218269545585,
        "dmean2": 0.0242247711867,
        "dvar": 0.000456975307316,
        "dvar2": 0.000499927729834,
        "max": 0.86181640625,
        "mean": 0.105397701263,
        "median": 0.08251953125,
        "min": 0.00244140625,
        "var": 0.00802422780544
    },
    "barkbands": {
        "dmean": [0.000182092320756, 0.00490650860593, 0.00391433481127, 0.00462587131187, 0.00402420433238, 0.00105553038884, 0.00060861709062, 0.000434830784798, 0.000348340865457, 0.00022195627389, 0.000309985247441, 0.000279723200947, 0.000154387103976, 0.000157556030899, 0.000227693119086, 0.000174102708115, 0.000130284068291, 0.000120739896374, 0.000126204060507, 0.000136725459015, 0.000138353119837, 0.000120841970784, 0.000101641642686, 0.000110790067993, 8.157602133e-05, 5.6366505305e-05, 1.69381601154e-05],
        "dmean2": [0.000284903566353, 0.00723067251965, 0.00670508528128, 0.00840142462403, 0.00721783796325, 0.00191627256572, 0.00101724779233, 0.000722333672456, 0.000576740538236, 0.000378336029826, 0.000542567169759, 0.000486018747324, 0.000263283815002, 0.000268724630587, 0.00039724065573, 0.000300468615023, 0.000219801906496, 0.000200994021725, 0.000206359662116, 0.000215945445234, 0.000216466709389, 0.000184696327779, 0.000154501321958, 0.000166266429005, 0.000121487100841, 8.50098076626e-05, 2.83030785795e-05],
        "dvar": [1.32715499035e-07, 9.97730458039e-05, 0.000123723672004, 0.000206665325095, 0.000128052968648, 6.73736940371e-06, 1.018791977e-06, 5.73068462018e-07, 4.66994180215e-07, 2.19590972961e-07, 3.71197899085e-07, 3.54196686203e-07, 7.51363629092e-08, 8.6669857069e-08, 2.04934522685e-07, 9.59126964517e-08, 4.44897594321e-08, 4.04236288887e-08, 3.93248207331e-08, 4.03716420294e-08, 3.95827584043e-08, 3.13349524106e-08, 2.09938981754e-08, 2.19446576466e-08, 1.37473810113e-08, 5.94825877442e-09, 1.05647923743e-09],
        "dvar2": [3.23215857634e-07, 0.000230862962781, 0.000326411507558, 0.00058433500817, 0.000367063039448, 1.92249026441e-05, 2.57366968981e-06, 1.47262437622e-06, 1.07739606392e-06, 5.9998052393e-07, 1.00891202237e-06, 9.48876220264e-07, 2.02381471581e-07, 2.35793720549e-07, 5.59850093396e-07, 2.65909420705e-07, 1.17664626487e-07, 1.04607167373e-07, 1.02310870886e-07, 9.62590007703e-08, 9.27475412027e-08, 7.10351386601e-08, 4.65262495197e-08, 4.69962309069e-08, 3.1330170458e-08, 1.33020732207e-08, 2.71962785625e-09],
        "max": [0.0163346081972, 0.117437131703, 0.108584091067, 0.131555557251, 0.0969185903668, 0.0262829586864, 0.0177639424801, 0.013257201761, 0.0294419229031, 0.0149927735329, 0.0102967368439, 0.0101177375764, 0.00630199629813, 0.00609794538468, 0.00966127309948, 0.00608504237607, 0.00390328397043, 0.00385750527494, 0.00264506903477, 0.00267185503617, 0.00229208706878, 0.00206223526038, 0.00158858695067, 0.00136173295323, 0.00131680606864, 0.000800201029051, 0.000361798389349],
        "mean": [0.000275146128843, 0.0073130056262, 0.00336102582514, 0.00341024808586, 0.00333077041432, 0.000981464283541, 0.000731087289751, 0.000573332072236, 0.000480046117445, 0.000268578412943, 0.000326621811837, 0.000325602479279, 0.000199726899154, 0.00020653536194, 0.000262291083345, 0.000220977672143, 0.000182356845471, 0.000180431248737, 0.000190180813661, 0.000204635201953, 0.000215654101339, 0.000203096366022, 0.000163522330695, 0.00018056119734, 0.000129161649966, 8.0044461356e-05, 1.60442796187e-05],
        "median": [6.42038430669e-05, 0.00168081303127, 0.000393113092287, 0.000436563714175, 0.000740414659958, 0.000305363093503, 0.000288733863272, 0.000217512744712, 0.000195829401491, 0.000109737666207, 0.000116351351608, 0.000106860177766, 9.70994296949e-05, 0.000101210302091, 0.000109943124698, 0.000108301675937, 9.50409666984e-05, 0.000101334881037, 9.74928843789e-05, 0.000103463615233, 0.000107813059003, 9.77944364422e-05, 7.99542758614e-05, 9.3363065389e-05, 7.37311202101e-05, 4.33920795331e-05, 4.19777234129e-06],
        "min": [5.35273493739e-26, 2.36021286107e-24, 3.17725365276e-25, 7.68722420298e-25, 5.93777141639e-24, 6.75672302641e-24, 2.79270723286e-24, 5.04165106603e-24, 1.04650658451e-23, 9.7825378679e-24, 1.07702232757e-23, 1.87291576999e-23, 2.73491196973e-23, 1.95426152881e-23, 2.25587681612e-23, 2.55114981953e-23, 5.92170302972e-23, 9.08471845312e-23, 1.02022730851e-22, 1.14803710087e-22, 2.01412698384e-22, 3.17960169725e-22, 3.69082799247e-22, 5.92414344982e-22, 8.76649183773e-22, 1.30563886271e-21, 1.95713457285e-21],
        "var": [3.42003090736e-07, 0.000158914364874, 9.1097150289e-05, 0.000125433434732, 7.77183522587e-05, 4.61288118458e-06, 1.33079356601e-06, 8.77815068634e-07, 9.9914598195e-07, 2.55325232956e-07, 3.60573409353e-07, 4.01931146143e-07, 9.3637858356e-08, 1.02357333276e-07, 2.0667090439e-07, 1.1280719292e-07, 6.5213427547e-08, 5.80701211561e-08, 6.02069860633e-08, 6.84848942001e-08, 7.16006240964e-08, 6.26511749147e-08, 4.05945037585e-08, 4.42099121756e-08, 2.36244055429e-08, 8.88926710019e-09, 8.95944596291e-10]
    },
    "erbbands": {
        "dmean": [0.137810960412, 1.17412877083, 3.67783045769, 11.1530723572, 14.7681312561, 13.2197999954, 10.5788402557, 8.16168689728, 7.02380990982, 11.2580299377, 9.03044319153, 6.94804286957, 7.21256732941, 8.95349311829, 12.6491994858, 10.8630914688, 7.05973625183, 8.48921966553, 9.03776264191, 12.3806333542, 8.95651435852, 6.8619017601, 6.47870874405, 6.30234193802, 6.34550571442, 6.3542470932, 5.5749335289, 5.83800554276, 4.15646028519, 3.98453426361, 2.75682210922, 2.43940353394, 1.77853906155, 1.02303755283, 0.564917862415, 0.248469933867, 0.101683437824, 0.0314009040594, 0.00260753463954, 4.84792726638e-05],
        "dmean2": [0.20201574266, 1.74933075905, 5.93542718887, 19.8320007324, 26.1144676208, 24.1581916809, 19.4100551605, 14.6865634918, 12.07234478, 18.4722690582, 14.9603824615, 11.6019210815, 11.9784832001, 15.4774894714, 22.1926326752, 18.814207077, 11.9846553802, 14.3871355057, 15.4878110886, 21.8434410095, 15.3564710617, 11.4388990402, 10.7260570526, 10.5561847687, 10.1807222366, 10.1097898483, 8.67107486725, 9.06985187531, 6.36547994614, 6.23399496078, 4.14719295502, 3.67000222206, 2.6811709404, 1.55194997787, 0.851257145405, 0.374655067921, 0.154003471136, 0.0498467758298, 0.0044085867703, 7.51956176828e-05],
        "dvar": [0.067741535604, 6.62789678574, 92.1650466919, 1134.26135254, 1724.82824707, 1339.3894043, 827.972595215, 374.778198242, 174.372467041, 366.373809814, 266.137084961, 165.423690796, 204.917663574, 342.642242432, 594.17010498, 571.339904785, 159.26184082, 256.347137451, 336.880493164, 783.457580566, 245.138671875, 113.437294006, 110.372581482, 116.424125671, 92.6334609985, 89.9540252686, 67.2110366821, 73.4242935181, 38.5456466675, 31.5182380676, 14.2059545517, 10.7768735886, 5.89678287506, 2.11201143265, 0.711011111736, 0.118325777352, 0.0199361331761, 0.00262720952742, 2.54775695794e-05, 5.82955683726e-09],
        "dvar2": [0.149257361889, 15.3864965439, 227.668258667, 3124.09057617, 4845.16845703, 3832.15795898, 2370.79394531, 1064.73291016, 462.56842041, 897.015686035, 673.578491211, 423.361297607, 460.981323242, 947.275512695, 1626.2244873, 1526.1151123, 430.737060547, 683.045349121, 919.346984863, 2119.25366211, 687.571228027, 292.893859863, 283.119476318, 311.377929688, 234.241104126, 215.208496094, 157.982345581, 173.409973145, 90.7840270996, 71.205657959, 30.3982067108, 23.8383903503, 12.7645711899, 4.8565120697, 1.64333605766, 0.25982862711, 0.0451391674578, 0.00646955426782, 6.58274148009e-05, 1.41843603529e-08],
        "max": [3.42405080795, 30.2083816528, 87.3123550415, 270.507781982, 395.872253418, 324.520324707, 318.114837646, 206.323776245, 253.903747559, 322.737792969, 277.79699707, 338.789978027, 650.235900879, 532.724182129, 304.356750488, 421.713500977, 259.635772705, 337.208526611, 501.573425293, 978.855712891, 329.18069458, 218.95765686, 238.640838623, 161.921218872, 136.372543335, 126.13809967, 122.760101318, 106.101051331, 80.8273086548, 58.3156776428, 42.0603103638, 36.6089630127, 24.1405944824, 14.9600276947, 12.1072206497, 4.4223818779, 1.34222078323, 0.433412641287, 0.0504361465573, 0.000787162280176],
        "mean": [0.234199076891, 1.55021500587, 3.5093691349, 8.71621417999, 11.9352369308, 10.4536399841, 8.99089813232, 7.70845985413, 8.14999198914, 13.8222093582, 12.3928127289, 9.65423774719, 9.87912082672, 10.7235507965, 14.0738706589, 13.1485452652, 9.60338020325, 11.3443107605, 11.8556976318, 13.803355217, 12.2071590424, 10.108962059, 9.87888908386, 9.47914028168, 9.91461372375, 9.5601606369, 8.57137680054, 8.94647979736, 6.92701339722, 6.26047611237, 4.5530591011, 3.93734622002, 2.7982904911, 1.56839823723, 0.881512820721, 0.372376829386, 0.138638421893, 0.0357188768685, 0.0024107969366, 6.89414009685e-05],
        "median": [0.056078594178, 0.297896295786, 0.595298230648, 1.24563717842, 1.92241549492, 2.15901708603, 2.10420608521, 2.55956602097, 3.3039791584, 5.54274272919, 4.85025787354, 4.41680717468, 4.24912261963, 4.47920894623, 5.61931037903, 4.77404403687, 4.84271717072, 5.63686656952, 5.56894111633, 6.18207263947, 5.96703910828, 5.56307506561, 5.59714365005, 5.31849384308, 4.99955844879, 4.87682437897, 4.36223602295, 4.29334831238, 3.37800073624, 2.92584943771, 2.30759382248, 2.04801464081, 1.44714784622, 0.850469470024, 0.509151041508, 0.20547029376, 0.0731143802404, 0.0148441772908, 0.000567222305108, 4.08940322814e-05],
        "min": [2.39101421121e-23, 5.54050713875e-22, 8.47670397353e-22, 3.67476239207e-21, 1.32944823479e-20, 1.8369997963e-20, 4.25645849781e-20, 3.95706887615e-20, 8.88472434121e-20, 1.22270361404e-19, 2.37243387143e-19, 3.1802902524e-19, 3.67774710852e-19, 6.45741543719e-19, 9.4571352638e-19, 1.11504153367e-18, 1.55858425673e-18, 1.71623909121e-18, 2.42811548267e-18, 2.05268115689e-18, 2.16852573373e-18, 4.6326676204e-18, 5.57434491899e-18, 5.74382347315e-18, 6.85868509504e-18, 5.62501097228e-18, 6.49409986338e-18, 9.00399248936e-18, 1.03994958136e-17, 1.11109844641e-17, 1.07349167248e-17, 8.74188542302e-18, 9.3043789929e-18, 8.14863893232e-18, 6.12962175162e-18, 3.83656956014e-18, 2.34700132462e-18, 9.15860371278e-19, 2.2583338702e-19, 2.63695711941e-20],
        "var": [0.143273323774, 8.88053607941, 80.8193588257, 737.273376465, 1100.74438477, 809.688171387, 522.228027344, 267.48449707, 188.067611694, 509.939697266, 445.267181396, 280.819519043, 428.538330078, 372.180145264, 563.668151855, 648.687744141, 204.183151245, 300.323822021, 415.013458252, 712.612548828, 330.660644531, 175.84211731, 169.949996948, 150.156646729, 160.947479248, 149.463180542, 117.412765503, 128.849136353, 73.2139434814, 61.0136451721, 29.9946727753, 21.6111564636, 11.060338974, 3.56234407425, 1.14467263222, 0.193641006947, 0.0284777283669, 0.00265628029592, 2.11970746022e-05, 6.75846356657e-09]
    },
    "gfcc": {
        "mean": [-37.7964401245, 42.8682479858, -96.6648254395, 28.3291664124, -58.6568717957, 17.1213550568, -37.2734107971, 10.8212566376, -24.8078174591, 7.22451639175, -19.2295341492, 3.26384353638, -14.6401357651],
        "cov": [[43274.4804688, 1751.89489746, -2528.34033203, 1245.81298828, -1587.30041504, 645.518249512, -1029.27587891, 460.649871826, -722.433654785, 381.537445068, -599.713439941, 184.677734375, -444.150177002], [1751.89489746, 1823.47277832, 502.385253906, 450.251098633, 393.367462158, 188.408798218, 148.141174316, 60.4273071289, 103.555419922, 38.6558952332, 99.7053375244, -37.781452179, 26.2416782379], [-2528.34033203, 502.385253906, 1260.0871582, 376.023193359, 533.056274414, 186.122711182, 256.6171875, 35.8109436035, 97.7657928467, 6.72764492035, 86.3293075562, -5.69599437714, 43.4461174011], [1245.81298828, 450.251098633, 376.023193359, 575.879211426, 208.685455322, 198.021072388, 96.2117004395, 78.4926757812, 29.8058013916, 18.6737880707, 8.56471729279, -25.5089664459, -9.11850547791], [-1587.30041504, 393.367462158, 533.056274414, 208.685455322, 441.180877686, 138.492980957, 202.784896851, 61.6166954041, 114.240272522, 30.436164856, 80.5585861206, 8.97735214233, 44.1649742126], [645.518249512, 188.408798218, 186.122711182, 198.021072388, 138.492980957, 216.436294556, 106.288162231, 109.132400513, 57.4101638794, 53.2245635986, 30.2534275055, 17.1084098816, 7.98367500305], [-1029.27587891, 148.141174316, 256.6171875, 96.2117004395, 202.784896851, 106.288162231, 198.935501099, 85.3857192993, 99.6007080078, 41.8668632507, 63.6120567322, 18.1933174133, 34.995349884], [460.649871826, 60.4273071289, 35.8109436035, 78.4926757812, 61.6166954041, 109.132400513, 85.3857192993, 146.314285278, 83.7371826172, 72.0651779175, 35.9769325256, 28.6430664062, 8.55916404724], [-722.433654785, 103.555419922, 97.7657928467, 29.8058013916, 114.240272522, 57.4101638794, 99.6007080078, 83.7371826172, 133.795593262, 69.8611984253, 64.4240493774, 15.0256175995, 25.3733596802], [381.537445068, 38.6558952332, 6.72764492035, 18.6737880707, 30.436164856, 53.2245635986, 41.8668632507, 72.0651779175, 69.8611984253, 104.987792969, 54.973449707, 39.169128418, 13.1338272095], [-599.713439941, 99.7053375244, 86.3293075562, 8.56471729279, 80.5585861206, 30.2534275055, 63.6120567322, 35.9769325256, 64.4240493774, 54.973449707, 97.6009216309, 44.8348236084, 37.0849380493], [184.677734375, -37.781452179, -5.69599437714, -25.5089664459, 8.97735214233, 17.1084098816, 18.1933174133, 28.6430664062, 15.0256175995, 39.169128418, 44.8348236084, 80.0621566772, 40.776309967], [-444.150177002, 26.2416782379, 43.4461174011, -9.11850547791, 44.1649742126, 7.98367500305, 34.995349884, 8.55916404724, 25.3733596802, 13.1338272095, 37.0849380493, 40.776309967, 68.0742340088]],
        "icov": [[8.47416959004e-05, -0.000164275843417, 0.000115257833386, -0.000166968689882, 0.000176209301571, -0.000184283926501, 0.000198872294277, -0.000242411741056, 0.000468222831842, -0.000561957771424, 0.000633256626315, -0.000570231699385, 0.00028632057365], [-0.000164275843417, 0.00113729608711, -0.000164112774655, -0.000122896046378, -0.000910903559998, 0.000193693675101, 4.11442888435e-05, 0.00052313687047, -0.000851275806781, 0.00106329412665, -0.00218809163198, 0.00202722963877, -0.000850765209179], [0.000115257833386, -0.000164112774655, 0.00199616095051, -0.000777376350015, -0.00156889890786, -0.000408783118473, -0.000506813405082, 0.000605654669926, 0.00104888994247, -0.000655129260849, 0.000500224530697, -0.000748594058678, 0.000598687794991], [-0.000166968689882, -0.000122896046378, -0.000777376350015, 0.00368541525677, -0.00069814757444, -0.0018472764641, 0.000189978556591, -0.000467342149932, 0.000295886333333, 0.000889252813067, -0.000880414794665, 0.002374679083, -0.000646187865641], [0.000176209301571, -0.000910903559998, -0.00156889890786, -0.00069814757444, 0.00811809208244, -0.00157937442418, -0.00318979029544, 0.00146830826998, -0.00228684721515, 0.000376571988454, 0.000875145953614, -0.00190351787023, 0.000225351555855], [-0.000184283926501, 0.000193693675101, -0.000408783118473, -0.0018472764641, -0.00157937442418, 0.0120595069602, -0.00274552940391, -0.00588654540479, 0.00214437069371, -0.00105664378498, -0.000280715088593, 0.000679335091263, -0.000351102236891], [0.000198872294277, 4.11442888435e-05, -0.000506813405082, 0.000189978556591, -0.00318979029544, -0.00274552940391, 0.0152784390375, -0.00493015069515, -0.00281297322363, 0.00167384219822, -0.00160068599507, 0.000358743302058, -0.00182969856542], [-0.000242411741056, 0.00052313687047, 0.000605654669926, -0.000467342149932, 0.00146830826998, -0.00588654540479, -0.00493015069515, 0.0215447545052, -0.0106974383816, -0.00253191892989, 0.00284717208706, -0.00470890523866, 0.00307625997812], [0.000468222831842, -0.000851275806781, 0.00104888994247, 0.000295886333333, -0.00228684721515, 0.00214437069371, -0.00281297322363, -0.0106974383816, 0.0277900192887, -0.0125030241907, -0.00364679004997, 0.00788437575102, -0.00390543718822], [-0.000561957771424, 0.00106329412665, -0.000655129260849, 0.000889252813067, 0.000376571988454, -0.00105664378498, 0.00167384219822, -0.00253191892989, -0.0125030241907, 0.0277366153896, -0.0110082998872, -0.00414028344676, 0.003584287595], [0.000633256626315, -0.00218809163198, 0.000500224530697, -0.000880414794665, 0.000875145953614, -0.000280715088593, -0.00160068599507, 0.00284717208706, -0.00364679004997, -0.0110082998872, 0.0306570492685, -0.0144946631044, -6.76709096297e-05], [-0.000570231699385, 0.00202722963877, -0.000748594058678, 0.002374679083, -0.00190351787023, 0.000679335091263, 0.000358743302058, -0.00470890523866, 0.00788437575102, -0.00414028344676, -0.0144946631044, 0.0344781056046, -0.0170391313732], [0.00028632057365, -0.000850765209179, 0.000598687794991, -0.000646187865641, 0.000225351555855, -0.000351102236891, -0.00182969856542, 0.00307625997812, -0.00390543718822, 0.003584287595, -6.76709096297e-05, -0.0170391313732, 0.0278734564781]]
    },
    "melbands": {
        "dmean": [0.00127944466658, 0.00165537046269, 0.00196607713588, 0.000989580526948, 0.000409394444432, 0.000183531519724, 0.000109753149445, 0.000116590657854, 7.02341421857e-05, 4.55616900581e-05, 3.6262008507e-05, 3.56047421519e-05, 4.60122973891e-05, 3.40475271514e-05, 2.06247441383e-05, 1.56573914865e-05, 1.56167570822e-05, 1.36653943628e-05, 1.70771581907e-05, 1.39571811815e-05, 1.06803590825e-05, 7.72685962147e-06, 6.3173433773e-06, 6.24968288321e-06, 5.3118192227e-06, 5.09592973685e-06, 4.3966388148e-06, 4.42961891167e-06, 3.92296578866e-06, 3.33017055709e-06, 3.4957306525e-06, 2.53020175478e-06, 2.32600427807e-06, 2.26861629926e-06, 1.7022106249e-06, 1.49102652358e-06, 1.54912288508e-06, 1.37126278332e-06, 1.00751867649e-06, 8.48064132697e-07],
        "dmean2": [0.00187003589235, 0.00248975050636, 0.00341911707073, 0.00176997238304, 0.000750934064854, 0.000330839131493, 0.000186850025784, 0.000191268554772, 0.000116540511954, 7.58683672757e-05, 6.017479609e-05, 6.1421560531e-05, 8.03466391517e-05, 5.93190961808e-05, 3.54466428689e-05, 2.66375263891e-05, 2.65852067969e-05, 2.34063118114e-05, 3.0200701076e-05, 2.44604234467e-05, 1.83197789738e-05, 1.30457947307e-05, 1.05595900095e-05, 1.05098679342e-05, 8.9738969109e-06, 8.35602531879e-06, 7.12822657079e-06, 7.14474663255e-06, 6.17608975517e-06, 5.25187078892e-06, 5.48914294995e-06, 3.96091172661e-06, 3.61265779247e-06, 3.61715547115e-06, 2.61829495685e-06, 2.25305848289e-06, 2.38522056861e-06, 2.084427706e-06, 1.54457268309e-06, 1.30634839479e-06],
        "dvar": [6.06851153861e-06, 1.50968508024e-05, 3.18060774589e-05, 7.71472969063e-06, 1.25271719753e-06, 1.9134434126e-07, 3.81844458275e-08, 3.65586956264e-08, 1.53788413115e-08, 7.8369586376e-09, 5.22855048146e-09, 5.95558002914e-09, 8.01559441044e-09, 5.59473800621e-09, 1.41154121724e-09, 7.52306328344e-10, 8.76725081422e-10, 8.2494794329e-10, 1.23980692379e-09, 8.57520277009e-10, 3.89889703856e-10, 1.52387588659e-10, 1.07489107892e-10, 1.32798647079e-10, 8.60501878086e-11, 6.49928652563e-11, 4.39438381516e-11, 4.52591610023e-11, 3.73517605734e-11, 2.51735091106e-11, 2.62382737065e-11, 1.59797591825e-11, 1.07854246367e-11, 1.14230109746e-11, 5.65078062467e-12, 4.08644559163e-12, 4.70002856079e-12, 3.63588954951e-12, 1.86136587914e-12, 1.59030275927e-12],
        "dvar2": [1.35960081025e-05, 3.44183717971e-05, 8.58987768879e-05, 2.19685880438e-05, 3.59047680831e-06, 5.44611850728e-07, 1.00003646253e-07, 9.05322394829e-08, 3.8928344992e-08, 1.89246325277e-08, 1.17336051986e-08, 1.64872879793e-08, 2.17125819546e-08, 1.49611114608e-08, 3.83100973167e-09, 1.99130134604e-09, 2.34867369997e-09, 2.26012786264e-09, 3.43200157182e-09, 2.31807129047e-09, 1.09441300467e-09, 3.99717009492e-10, 2.78558842659e-10, 3.45464795659e-10, 2.32525207422e-10, 1.7041948408e-10, 1.08669483134e-10, 1.0983026294e-10, 9.04977759397e-11, 6.0966412474e-11, 6.25097126838e-11, 3.95169313938e-11, 2.43532537886e-11, 2.68848970864e-11, 1.24347858399e-11, 8.98975598823e-12, 1.08790936329e-11, 8.13881167322e-12, 4.07597870386e-12, 3.80260840177e-12],
        "max": [0.0289600137621, 0.0348607897758, 0.0470690988004, 0.0241670105606, 0.0105349393561, 0.00455879792571, 0.00387912034057, 0.00288332160562, 0.00195382488891, 0.00332378246821, 0.003293575719, 0.00235707731918, 0.00146537588444, 0.0012508459622, 0.000735629757401, 0.000641974853352, 0.000581717351452, 0.000803120725323, 0.000850980344694, 0.000968788110185, 0.000437950482592, 0.000247077550739, 0.000230681791436, 0.000235901286942, 0.000142580276588, 0.000127675521071, 9.096445865e-05, 9.23616971704e-05, 8.84910914465e-05, 6.00417915848e-05, 6.29791247775e-05, 5.45010188944e-05, 3.82378493669e-05, 4.04984966735e-05, 2.69724168902e-05, 2.24020659516e-05, 2.5969615308e-05, 2.21789250645e-05, 1.54394729179e-05, 1.29623358589e-05],
        "mean": [0.00207005580887, 0.001945449505, 0.0016334594693, 0.000805082614534, 0.000345359090716, 0.000173078427906, 0.000131858192617, 0.000146303907968, 9.44721105043e-05, 6.24993044767e-05, 4.90756428917e-05, 4.1866042011e-05, 4.94853702548e-05, 3.86135616282e-05, 2.56653511315e-05, 2.08161509363e-05, 2.01169550564e-05, 1.77778911166e-05, 1.87241057574e-05, 1.60248364409e-05, 1.41266336868e-05, 1.05352000901e-05, 8.97696554603e-06, 8.89386592462e-06, 7.41513076719e-06, 7.50484514356e-06, 6.6438246904e-06, 6.28585439699e-06, 5.61389697395e-06, 4.92028902954e-06, 5.22927894053e-06, 3.97289932152e-06, 3.67563188775e-06, 3.35252525474e-06, 2.67399059339e-06, 2.38636289396e-06, 2.38130428443e-06, 2.04544198823e-06, 1.55604243446e-06, 1.24491441511e-06],
        "median": [0.000501740840264, 0.000447313359473, 0.000276084174402, 0.000159011979122, 8.14399245428e-05, 5.70485717617e-05, 5.58134634048e-05, 6.0737489548e-05, 3.64589213859e-05, 2.66808274318e-05, 2.05077558348e-05, 1.63289569173e-05, 1.81569721462e-05, 1.16934352263e-05, 1.12781508506e-05, 1.05811650428e-05, 9.65260824159e-06, 8.13064252725e-06, 7.91947968537e-06, 7.32488206268e-06, 6.47987053526e-06, 5.45483362657e-06, 4.81606093672e-06, 4.71812745673e-06, 3.97992289436e-06, 3.63158687833e-06, 3.20953813571e-06, 3.07718732984e-06, 2.73525233752e-06, 2.34206072491e-06, 2.46392028203e-06, 1.88216642982e-06, 1.73044622898e-06, 1.49148024775e-06, 1.30437820189e-06, 1.22579774597e-06, 1.20971321849e-06, 1.02923763734e-06, 8.10529627415e-07, 6.71733857871e-07],
        "min": [4.52320812925e-25, 6.85331293058e-25, 1.22831717172e-24, 8.87208194275e-25, 1.13106294806e-24, 7.87497507058e-25, 1.45642300778e-24, 1.28147633875e-24, 1.79377404909e-24, 1.80444319562e-24, 1.35122406733e-24, 2.09862520439e-24, 2.28647822947e-24, 2.46809037872e-24, 3.04354113768e-24, 2.27480131314e-24, 2.37057040754e-24, 2.49350215227e-24, 2.3022116658e-24, 1.46556699036e-24, 2.73996418995e-24, 3.34208337789e-24, 4.18850233577e-24, 3.53673322854e-24, 4.17057744385e-24, 3.51094536554e-24, 4.45332925254e-24, 3.16595124814e-24, 3.72961169201e-24, 4.91419835945e-24, 4.21337117581e-24, 4.72947001242e-24, 5.46084544018e-24, 4.5150903561e-24, 5.71468983543e-24, 5.64580374017e-24, 5.00477142429e-24, 4.94072459625e-24, 5.95522101961e-24, 5.82741056461e-24],
        "var": [1.14875165309e-05, 1.73288481164e-05, 2.1834657673e-05, 4.73463205708e-06, 7.78346645802e-07, 1.35103292109e-07, 4.43825705077e-08, 5.15984837079e-08, 2.59057149066e-08, 1.52680197374e-08, 1.10435918188e-08, 6.4796035204e-09, 7.91614773732e-09, 6.14359407791e-09, 1.72656444697e-09, 9.33529697988e-10, 9.86951853577e-10, 1.03693431619e-09, 1.07855890885e-09, 8.22203194417e-10, 5.25867405177e-10, 2.15766057798e-10, 1.588711801e-10, 1.71578529162e-10, 1.01161468091e-10, 1.00271305148e-10, 7.55531193164e-11, 6.88150300632e-11, 5.66160174298e-11, 4.09473045748e-11, 4.53289385194e-11, 2.66307913221e-11, 2.1266401834e-11, 1.9168892168e-11, 1.1076420163e-11, 8.22913091836e-12, 8.40711528172e-12, 6.28975560871e-12, 3.44452504714e-12, 2.42166573253e-12]
    },
    "mfcc": {
        "mean": [-667.526550293, 80.3089981079, 11.8224077225, 15.1658945084, 2.39242482185, 5.44486474991, -0.0533081479371, 1.72464120388, 0.572265982628, 1.866751194, -0.451732188463, 1.1542301178, -0.912216603756],
        "cov": [[13755.9238281, 1937.7277832, 382.399475098, 641.435791016, 171.499481201, 198.842468262, 43.0028038025, 36.888256073, 1.89856553078, -0.993722081184, -71.2043914795, -39.4733734131, 2.92033219337], [1937.7277832, 1549.69250488, 360.193145752, 338.893920898, 303.641479492, 221.336166382, 174.321334839, 99.8699874878, 71.1179046631, 88.238861084, 92.8204498291, 71.4655151367, 51.1347122192], [382.399475098, 360.193145752, 633.136291504, 335.04864502, 269.094512939, 212.33241272, 172.60697937, 109.250793457, 70.5115661621, 72.1062850952, 60.6581459045, 26.5866317749, 4.83356285095], [641.435791016, 338.893920898, 335.04864502, 413.760681152, 232.478759766, 185.406036377, 139.510253906, 94.7046127319, 65.831451416, 59.4920959473, 49.1305580139, 25.3222942352, 16.9099731445], [171.499481201, 303.641479492, 269.094512939, 232.478759766, 267.310577393, 167.508041382, 131.43800354, 92.9349212646, 72.7895889282, 64.1993789673, 57.3749885559, 39.1879043579, 29.728843689], [198.842468262, 221.336166382, 212.33241272, 185.406036377, 167.508041382, 180.879211426, 124.421958923, 83.627243042, 64.7620925903, 55.1150741577, 46.3923912048, 30.5736579895, 24.2270812988], [43.0028038025, 174.321334839, 172.60697937, 139.510253906, 131.43800354, 124.421958923, 148.055328369, 95.0848236084, 66.1932754517, 54.8788528442, 47.6088409424, 38.4650344849, 27.5439739227], [36.888256073, 99.8699874878, 109.250793457, 94.7046127319, 92.9349212646, 83.627243042, 95.0848236084, 115.166160583, 75.9963531494, 52.3548736572, 45.8923912048, 39.0832443237, 26.4932556152], [1.89856553078, 71.1179046631, 70.5115661621, 65.831451416, 72.7895889282, 64.7620925903, 66.1932754517, 75.9963531494, 103.272621155, 69.1890182495, 47.5129394531, 38.7027244568, 29.2779026031], [-0.993722081184, 88.238861084, 72.1062850952, 59.4920959473, 64.1993789673, 55.1150741577, 54.8788528442, 52.3548736572, 69.1890182495, 97.9440460205, 66.9174194336, 43.1360816956, 26.2613372803], [-71.2043914795, 92.8204498291, 60.6581459045, 49.1305580139, 57.3749885559, 46.3923912048, 47.6088409424, 45.8923912048, 47.5129394531, 66.9174194336, 93.1600646973, 61.3249702454, 29.8456344604], [-39.4733734131, 71.4655151367, 26.5866317749, 25.3222942352, 39.1879043579, 30.5736579895, 38.4650344849, 39.0832443237, 38.7027244568, 43.1360816956, 61.3249702454, 85.7895965576, 48.5614547729], [2.92033219337, 51.1347122192, 4.83356285095, 16.9099731445, 29.728843689, 24.2270812988, 27.5439739227, 26.4932556152, 29.2779026031, 26.2613372803, 29.8456344604, 48.5614547729, 72.2027053833]],
