{
"lowlevel": {
    "average_loudness": 0.820246934891,
    "barkbands_crest": {
        "dmean": 3.32652449608,
        "dmean2": 5.34498500824,
        "dvar": 9.10886669159,
        "dvar2": 21.108953476,
        "max": 26.651304245,
        "mean": 12.2545223236,
        "median": 11.5461750031,
        "min": 2.35140585899,
        "var": 22.8349704742
    },
    "barkbands_flatness_db": {
        "dmean": 0.0406068786979,
        "dmean2": 0.0610576048493,
        "dvar": 0.00151242106222,
        "dvar2": 0.00321006122977,
        "max": 0.624971568584,
        "mean": 0.162666723132,
        "median": 0.147228181362,
        "min": 0.0211336426437,
        "var": 0.00712424563244
    },
    "barkbands_kurtosis": {
        "dmean": 13.9845676422,
        "dmean2": 21.9172878265,
        "dvar": 865.257202148,
        "dvar2": 2018.57006836,
        "max": 717.960449219,
        "mean": 19.3118247986,
        "median": 8.39204978943,
        "min": -1.95076596737,
        "var": 1247.53466797
    },
    "barkbands_skewness": {
        "dmean": 1.30041539669,
        "dmean2": 1.96591484547,
        "dvar": 1.98156011105,
        "dvar2": 4.22863054276,
        "max": 24.4099082947,
        "mean": 3.27257347107,
        "median": 2.92951369286,
        "min": -2.38812804222,
        "var": 5.70641183853
    },
    "barkbands_spread": {
        "dmean": 12.491648674,
        "dmean2": 19.6449985504,
        "dvar": 227.40473938,
        "dvar2": 510.916534424,
        "max": 117.387306213,
        "mean": 24.7184181213,
        "median": 19.7913684845,
        "min": 0.252554148436,
        "var": 409.446655273
    },
    "dissonance": {
        "dmean": 0.0107548683882,
        "dmean2": 0.0177952647209,
        "dvar": 0.000140513933729,
        "dvar2": 0.000367072614608,
        "max": 0.500000059605,
        "mean": 0.480662226677,
        "median": 0.485050916672,
        "min": 0.267233550549,
        "var": 0.000293779128697
    },
    "dynamic_complexity": 3.74156332016,
    "erbbands_crest": {
        "dmean": 2.25533676147,
        "dmean2": 3.67414474487,
        "dvar": 5.34336805344,
        "dvar2": 12.8621940613,
        "max": 29.8293304443,
        "mean": 7.02289962769,
        "median": 5.70700931549,
        "min": 2.29677248001,
        "var": 15.4519729614
    },
    "erbbands_flatness_db": {
        "dmean": 0.0163166560233,
        "dmean2": 0.025427730754,
        "dvar": 0.000307683949359,
        "dvar2": 0.000706933962647,
        "max": 0.439527541399,
        "mean": 0.109643235803,
        "median": 0.0965927392244,
        "min": 0.0296572223306,
        "var": 0.00218454236165
    },
    "erbbands_kurtosis": {
        "dmean": 1.62144577503,
        "dmean2": 2.63280749321,
        "dvar": 43.2431793213,
        "dvar2": 114.24282074,
        "max": 259.850067139,
        "mean": 0.935713768005,
        "median": -0.8708152771,
        "min": -1.89122164249,
        "var": 158.638244629
    },
    "erbbands_skewness": {
        "dmean": 0.556246221066,
        "dmean2": 0.83993434906,
        "dvar": 0.37855476141,
        "dvar2": 0.858346939087,
        "max": 12.4142847061,
        "mean": -0.0390208959579,
        "median": -0.207811370492,
        "min": -5.03025960922,
        "var": 1.4466034174
    },
    "erbbands_spread": {
        "dmean": 16.6204624176,
        "dmean2": 26.391450882,
        "dvar": 244.983703613,
        "dvar2": 591.167358398,
        "max": 168.171096802,
        "mean": 75.8477096558,
        "median": 76.5864562988,
        "min": 0.790599942207,
        "var": 903.528686523
    },
    "hfc": {
        "dmean": 14.4686450958,
        "dmean2": 22.0120410919,
        "dvar": 509.72845459,
        "dvar2": 1246.56640625,
        "max": 269.20602417,
        "mean": 25.8758907318,
        "median": 17.8787059784,
        "min": 1.09635100723e-16,
        "var": 710.217712402
    },
    "melbands_crest": {
        "dmean": 3.82989096642,
        "dmean2": 6.27368116379,
        "dvar": 11.3397502899,
        "dvar2": 28.6767730713,
        "max": 39.4745407104,
        "mean": 18.6050395966,
        "median": 18.4964962006,
        "min": 1.53991794586,
        "var": 31.9023265839
    },
    "melbands_flatness_db": {
        "dmean": 0.0491949208081,
        "dmean2": 0.0736755505204,
        "dvar": 0.00219604419544,
        "dvar2": 0.00475892005488,
        "max": 0.789112865925,
        "mean": 0.249571368098,
        "median": 0.240552008152,
        "min": 0.00308379693888,
        "var": 0.0107912318781
    },
    "melbands_kurtosis": {
        "dmean": 42.081993103,
        "dmean2": 65.4080581665,
        "dvar": 3575.83666992,
        "dvar2": 7707.96582031,
        "max": 1133.48986816,
        "mean": 75.2054672241,
        "median": 46.8123588562,
        "min": -1.68555128574,
        "var": 7695.90722656
    },
    "melbands_skewness": {
        "dmean": 1.90903735161,
        "dmean2": 2.95504546165,
        "dvar": 3.57870125771,
        "dvar2": 8.00664806366,
        "max": 31.0202350616,
        "mean": 6.46536302567,
        "median": 6.06409263611,
        "min": -1.66484987736,
        "var": 11.9963188171
    },
    "melbands_spread": {
        "dmean": 10.2000465393,
        "dmean2": 16.7663993835,
        "dvar": 267.168487549,
        "dvar2": 664.934020996,
        "max": 235.107467651,
        "mean": 17.6851177216,
        "median": 9.42381668091,
        "min": 0.276616364717,
        "var": 575.422912598
    },
    "pitch_salience": {
        "dmean": 0.102876730263,
        "dmean2": 0.165759369731,
        "dvar": 0.00838349014521,
        "dvar2": 0.0202284809202,
        "max": 0.905854225159,
        "mean": 0.50412094593,
        "median": 0.518260955811,
        "min": 0.0310927722603,
        "var": 0.0214007850736
    },
    "silence_rate_20dB": {
        "dmean": 0.000234082399402,
        "dmean2": 0.000468219601316,
        "dvar": 0.000234003615333,
        "dvar2": 0.000702014192939,
        "max": 1,
        "mean": 0.999882996082,
        "median": 1,
        "min": 0,
        "var": 0.000117007810331
    },
    "silence_rate_30dB": {
        "dmean": 0.0957396999002,
        "dmean2": 0.191501811147,
        "dvar": 0.0865688845515,
        "dvar2": 0.191574081779,
        "max": 1,
        "mean": 0.872908115387,
        "median": 1,
        "min": 0,
        "var": 0.110946193337
    },
    "silence_rate_60dB": {
        "dmean": 0.022940075025,
        "dmean2": 0.0458855219185,
        "dvar": 0.0224108416587,
        "dvar2": 0.0526765696704,
        "max": 1,
        "mean": 0.108601517975,
        "median": 0,
        "min": 0,
        "var": 0.0967978462577
    },
    "spectral_centroid": {
        "dmean": 498.658050537,
        "dmean2": 781.981018066,
        "dvar": 262214.90625,
        "dvar2": 595351.5625,
        "max": 12083.0498047,
        "mean": 1558.70251465,
        "median": 1354.31030273,
        "min": 109.845741272,
        "var": 1922197.25
    },
    "spectral_complexity": {
        "dmean": 6.81156349182,
        "dmean2": 10.026922226,
        "dvar": 60.1874313354,
        "dvar2": 116.921951294,
        "max": 62,
        "mean": 16.0856647491,
        "median": 13,
        "min": 0,
        "var": 169.138671875
    },
    "spectral_decrease": {
        "dmean": 6.38549790821e-09,
        "dmean2": 9.97059501628e-09,
        "dvar": 8.10456608754e-17,
        "dvar2": 1.90165858211e-16,
        "max": 1.65138104747e-28,
        "mean": -1.33219382192e-08,
        "median": -9.92953186341e-09,
        "min": -1.01581036915e-07,
        "var": 1.68326079813e-16
    },
    "spectral_energy": {
        "dmean": 0.0246752277017,
        "dmean2": 0.0384635701776,
        "dvar": 0.00117855891585,
        "dvar2": 0.00275791063905,
        "max": 0.388792425394,
        "mean": 0.0526271425188,
        "median": 0.0403801761568,
        "min": 9.81881239338e-21,
        "var": 0.0024922224693
    },
    "spectral_energyband_high": {
        "dmean": 0.00146216328721,
        "dmean2": 0.00224663410336,
        "dvar": 6.44807732897e-06,
        "dvar2": 1.60483832587e-05,
        "max": 0.0289399828762,
        "mean": 0.00214589829557,
        "median": 0.00111900432967,
        "min": 7.17169872389e-21,
        "var": 7.80802838563e-06
    },
    "spectral_energyband_low": {
        "dmean": 0.0221068449318,
        "dmean2": 0.0347917303443,
        "dvar": 0.00111425493378,
        "dvar2": 0.0026206842158,
        "max": 0.373289495707,
        "mean": 0.0395450629294,
        "median": 0.0251727178693,
        "min": 1.24231953167e-23,
        "var": 0.00209402129985
    },
    "spectral_energyband_middle_high": {
        "dmean": 0.00122301711235,
        "dmean2": 0.00189201754984,
        "dvar": 3.78687968805e-06,
        "dvar2": 9.12870564207e-06,
        "max": 0.0315212085843,
        "mean": 0.00218702899292,
        "median": 0.0014221110614,
        "min": 1.11831537156e-21,
        "var": 6.42962822894e-06
    },
    "spectral_energyband_middle_low": {
        "dmean": 0.00675269775093,
        "dmean2": 0.0109515888616,
        "dvar": 0.00013859597675,
        "dvar2": 0.000346945424099,
        "max": 0.157153576612,
        "mean": 0.0116632273421,
        "median": 0.0078647211194,
        "min": 1.27327590087e-22,
        "var": 0.000195681452169
    },
    "spectral_entropy": {
        "dmean": 0.232371002436,
        "dmean2": 0.35016733408,
        "dvar": 0.0704052373767,
        "dvar2": 0.153467938304,
        "max": 9.82973003387,
        "mean": 7.82901382446,
        "median": 7.93731069565,
        "min": 3.59725093842,
        "var": 0.393737196922
    },
    "spectral_flux": {
        "dmean": 0.0432199537754,
        "dmean2": 0.0686613768339,
        "dvar": 0.00236829998903,
        "dvar2": 0.00552075449377,
        "max": 0.516223430634,
        "mean": 0.113083034754,
        "median": 0.101996041834,
        "min": 6.28280413806e-11,
        "var": 0.00541328638792
    },
    "spectral_kurtosis": {
        "dmean": 1.10370004177,
        "dmean2": 1.79831182957,
        "dvar": 5.07132673264,
        "dvar2": 12.2714128494,
        "max": 86.8487319946,
        "mean": 2.61275219917,
        "median": 1.86519384384,
        "min": -1.28188931942,
        "var": 19.8141479492
    },
    "spectral_rms": {
        "dmean": 0.0015410121996,
        "dmean2": 0.0023279581219,
        "dvar": 2.89495551442e-06,
        "dvar2": 6.39182144369e-06,
        "max": 0.0194758735597,
        "mean": 0.00631626276299,
        "median": 0.0062765670009,
        "min": 3.09504917355e-12,
        "var": 1.14484055302e-05
    },
    "spectral_rolloff": {
        "dmean": 937.199462891,
        "dmean2": 1645.97021484,
        "dvar": 2740053.75,
        "dvar2": 6536000.5,
        "max": 19896.6796875,
        "mean": 1370.4666748,
        "median": 236.865234375,
        "min": 21.533203125,
        "var": 7656764
    },
    "spectral_skewness": {
        "dmean": 0.207643613219,
        "dmean2": 0.315801531076,
        "dvar": 0.0779003873467,
        "dvar2": 0.169207528234,
        "max": 8.14827632904,
        "mean": 1.14121007919,
        "median": 1.05820202827,
        "min": -0.140365853906,
        "var": 0.321281403303
    },
    "spectral_spread": {
        "dmean": 782369.375,
        "dmean2": 1174170.625,
        "dvar": 953194512384,
        "dvar2": 1.95875517235e+12,
        "max": 43370644,
        "mean": 6639967.5,
        "median": 6209068,
        "min": 1132345.125,
        "var": 1.98578693734e+13
    },
    "spectral_strongpeak": {
        "dmean": 0.248725116253,
        "dmean2": 0.413670837879,
        "dvar": 0.108382180333,
        "dvar2": 0.282136678696,
        "max": 6.77630853653,
        "mean": 0.452227622271,
        "median": 0.37088060379,
        "min": 0,
        "var": 0.158147215843
    },
    "zerocrossingrate": {
        "dmean": 0.018198877573,
        "dmean2": 0.0225690193474,
        "dvar": 0.000354763818905,
        "dvar2": 0.000508344674017,
        "max": 0.62158203125,
        "mean": 0.0668437853456,
        "median": 0.0546875,
        "min": 0.00146484375,
        "var": 0.00443970458582
    },
    "barkbands": {
        "dmean": [0.00141220819205, 0.0152596356347, 0.00852354522794, 0.0036687545944, 0.00353860482574, 0.000728522834834, 0.000197922578081, 0.000161039919476, 0.00020834406314, 0.000116794588394, 0.000104055827251, 0.000140271629789, 0.000120299853734, 0.000123025820358, 0.000155062836711, 0.00017717666924, 0.000150637453771, 0.000286566501018, 0.000230742618442, 0.000245145871304, 0.000326245790347, 0.000281816523056, 0.000342488841852, 0.000221974056331, 0.000138334013172, 0.000121169279737, 4.3725965952e-05],
        "dmean2": [0.00194850726984, 0.0240931194276, 0.0141072897241, 0.00602539628744, 0.00588969141245, 0.00119788688608, 0.000336639524903, 0.000255759397987, 0.000338656827807, 0.000186264209333, 0.000169432692928, 0.000226184449275, 0.000198022724362, 0.000200184658752, 0.000253096572123, 0.000291088363156, 0.00023841568327, 0.000476205925224, 0.000377297139494, 0.000386891042581, 0.000503448070958, 0.00044669752242, 0.000575603859033, 0.000362329592463, 0.000211865510209, 0.000185687240446, 7.02523611835e-05],
        "dvar": [1.40454339999e-05, 0.000755921704695, 0.000201631395612, 3.26180015691e-05, 7.05717538949e-05, 2.30658838518e-06, 2.16106954554e-07, 1.51125306047e-07, 2.04964507589e-07, 8.99503689311e-08, 1.18082539302e-07, 1.17984939152e-07, 7.9427920241e-08, 6.24802183324e-08, 1.5255039898e-07, 8.95864289419e-08, 6.55078196132e-08, 2.71053664846e-07, 1.8655458689e-07, 1.55163135673e-07, 2.53700306985e-07, 2.10972856962e-07, 9.41358507589e-07, 2.33875141475e-07, 5.36609796598e-08, 4.7447240803e-08, 2.99332469922e-08],
        "dvar2": [2.37394415308e-05, 0.00167277618311, 0.00054288294632, 8.70532603585e-05, 0.000181263952982, 6.0269212554e-06, 5.71575185404e-07, 3.39977532349e-07, 5.13058694196e-07, 1.73896182787e-07, 2.09303280485e-07, 2.86710303499e-07, 1.96269184016e-07, 1.42319763086e-07, 3.50268038574e-07, 2.33369434e-07, 1.5507046669e-07, 6.92341018294e-07, 4.792163395e-07, 3.73626676264e-07, 5.87283125242e-07, 5.14517694228e-07, 2.57157080341e-06, 6.33455442767e-07, 1.33174324901e-07, 1.12869720681e-07, 7.54156630478e-08],
        "max": [0.121442705393, 0.362223386765, 0.179026156664, 0.0644926652312, 0.126017019153, 0.0251624826342, 0.0121486661956, 0.00934982206672, 0.00807902403176, 0.0086713405326, 0.0108367865905, 0.00760811427608, 0.00680763320997, 0.00958430580795, 0.0112229213119, 0.00451476639137, 0.00338506721891, 0.00577136827633, 0.00738322502002, 0.00637558568269, 0.00776032963768, 0.00539161870256, 0.00997700728476, 0.0053383926861, 0.00246159755625, 0.00307132257149, 0.005241333507],
        "mean": [0.00207047909498, 0.0224122796208, 0.0121717341244, 0.00524474959821, 0.00472375936806, 0.000963086378761, 0.000227663826081, 0.000188805759535, 0.000277874787571, 0.000159031755175, 0.000132887260406, 0.000184982665814, 0.000158189039212, 0.000172596250195, 0.000195448723389, 0.000229392724577, 0.000200836206204, 0.000303380511468, 0.000304005137878, 0.000359359721188, 0.000470507482532, 0.000408926949603, 0.0003856869007, 0.000295593461487, 0.000195341694052, 0.000150756590301, 3.98122429033e-05],
        "median": [0.000290376367047, 0.00922205299139, 0.00636082515121, 0.00283932406455, 0.00239849835634, 0.000373066577595, 8.453886403e-05, 5.68333962292e-05, 8.01669812063e-05, 5.31724945176e-05, 3.57569515472e-05, 7.14642155799e-05, 6.30426438875e-05, 7.5776646554e-05, 7.94443112682e-05, 0.000124752317788, 0.00010256114183, 0.000121012606542, 0.000153994536959, 0.000196731300093, 0.000259145919699, 0.00021400291007, 0.00015646594693, 0.000120654665807, 8.86872585397e-05, 5.02816437802e-05, 3.225837645e-06],
        "min": [1.64380333262e-25, 3.0817713093e-24, 6.11925320637e-25, 1.90826853201e-24, 9.89331287166e-24, 2.14604599999e-24, 7.79638332378e-24, 6.42077319928e-24, 1.40078835578e-23, 1.13552937989e-23, 1.11207686073e-23, 2.29879574031e-23, 1.95633071097e-23, 2.47512902959e-23, 2.84255519569e-23, 4.56391658629e-23, 8.36514225457e-23, 9.50100792587e-23, 1.21303166639e-22, 1.81232462603e-22, 2.30697840515e-22, 3.10352546616e-22, 3.45594636188e-22, 6.19168467919e-22, 8.3514273082e-22, 1.38207945919e-21, 1.9989055782e-21],
        "var": [3.63124199794e-05, 0.00129276874941, 0.000263604335487, 4.91376122227e-05, 6.96106435498e-05, 2.75927914117e-06, 2.49402887675e-07, 1.99770880727e-07, 3.16899274821e-07, 1.83555414424e-07, 2.74236612086e-07, 1.51391247982e-07, 1.00524779612e-07, 1.05383008986e-07, 1.93117855929e-07, 1.03660646289e-07, 8.71709318062e-08, 2.51694615372e-07, 2.06464420671e-07, 2.28771952493e-07, 3.81049829912e-07, 2.85200059125e-07, 6.68701659379e-07, 2.33512238879e-07, 7.34834131322e-08, 5.8964005234e-08, 2.48592701979e-08]
    },
    "erbbands": {
        "dmean": [0.415731608868, 3.72583079338, 9.05861282349, 12.0757102966, 13.566860199, 10.4187231064, 5.86555290222, 6.68196773529, 3.53021526337, 2.80162000656, 3.19450616837, 3.90329194069, 4.56615066528, 4.37050151825, 4.245241642, 4.87558507919, 5.28605270386, 5.50450372696, 6.8120303154, 7.39698839188, 10.3560590744, 8.81004428864, 13.290102005, 14.2357969284, 11.256734848, 11.4513034821, 13.6377811432, 12.3305511475, 10.6342878342, 10.157365799, 9.94510746002, 5.64816474915, 3.10825777054, 1.65189015865, 0.976153314114, 0.544510006905, 0.219152420759, 0.0684207305312, 0.00695893215016, 0.000118626201584],
        "dmean2": [0.634110808372, 5.95128297806, 14.9918603897, 19.5013027191, 22.75182724, 17.4884643555, 9.39178276062, 10.9331445694, 5.85402870178, 4.67525148392, 5.06207466125, 6.47517299652, 7.38689422607, 6.98214483261, 6.9950838089, 7.76702690125, 8.5968837738, 9.0321521759, 10.873670578, 11.9668321609, 17.0113525391, 13.8730888367, 21.7044181824, 23.5234508514, 18.0795612335, 17.9647426605, 21.2006664276, 19.3401508331, 16.8549919128, 16.3594856262, 17.0718154907, 9.39092445374, 5.02677822113, 2.58397936821, 1.50501310825, 0.839780986309, 0.338044703007, 0.107503220439, 0.011194575578, 0.000186187477084],
        "dvar": [0.656280934811, 46.9679603577, 233.956176758, 359.745727539, 847.699951172, 595.841247559, 112.130027771, 249.266876221, 58.4006576538, 51.1831970215, 54.1975784302, 81.263130188, 95.9043807983, 161.447463989, 129.921737671, 131.079986572, 181.267959595, 109.843658447, 233.161361694, 209.036148071, 297.167510986, 215.134155273, 501.595397949, 809.424987793, 366.255493164, 330.888793945, 440.540283203, 415.717468262, 292.040496826, 467.307342529, 909.427124023, 157.747756958, 38.0967445374, 9.34267044067, 2.6054046154, 0.947774469852, 0.150132909417, 0.0419121943414, 0.00078654353274, 1.34824603037e-07],
        "dvar2": [1.30553293228, 110.592559814, 640.631774902, 945.685546875, 2208.89257812, 1563.02526855, 293.106933594, 645.06072998, 147.47668457, 135.995666504, 120.374588013, 206.923751831, 246.791381836, 309.538879395, 337.081268311, 315.406402588, 437.824920654, 278.376678467, 507.29977417, 497.391387939, 780.088012695, 515.117431641, 1239.86206055, 2157.6730957, 905.060546875, 780.361816406, 1027.22570801, 968.079223633, 707.039916992, 1183.66577148, 2543.95214844, 431.160949707, 100.659622192, 23.9341392517, 6.4283285141, 2.30480408669, 0.349818259478, 0.103421904147, 0.0019650135655, 3.34474407282e-07],
        "max": [15.2164392471, 81.2908782959, 204.619720459, 223.363555908, 454.223846436, 331.241851807, 160.635940552, 282.302612305, 220.299423218, 166.413131714, 176.693649292, 216.100265503, 182.113235474, 394.625823975, 272.191436768, 245.520736694, 326.586730957, 192.875686646, 546.89630127, 315.449310303, 223.940246582, 182.991699219, 256.724243164, 407.872070312, 311.181152344, 284.410705566, 315.564575195, 350.757293701, 217.344741821, 212.46055603, 324.634429932, 143.345474243, 52.5316581726, 31.9787387848, 18.7749176025, 12.5761919022, 5.49525213242, 5.70020961761, 0.807226479053, 0.0107146520168],
        "mean": [0.597177028656, 5.15338134766, 13.3316822052, 18.3776168823, 18.6467037201, 12.7030420303, 8.53761863708, 8.41096401215, 4.42473506927, 3.36408567429, 3.92645645142, 4.99291181564, 6.49360704422, 6.89057540894, 5.64913511276, 6.88948297501, 7.247382164, 8.12514400482, 9.41679000854, 10.0148963928, 13.7138671875, 11.9773845673, 15.1038331985, 16.8252773285, 15.730512619, 16.7581253052, 19.3080940247, 17.6062831879, 15.4572134018, 13.0218772888, 10.7228507996, 7.29334068298, 4.1377863884, 2.35126876831, 1.31230461597, 0.705036878586, 0.263473302126, 0.0696249753237, 0.00635569402948, 0.000158207578352],
        "median": [0.164775744081, 2.17341589928, 7.66369485855, 9.99477100372, 9.4845790863, 5.89707326889, 4.1631731987, 2.82839155197, 1.65222847462, 1.33661866188, 1.27834451199, 1.62779605389, 2.15118503571, 1.86679828167, 2.1223282814, 3.12955379486, 2.96600270271, 3.87816786766, 4.11860179901, 5.25183296204, 7.58168029785, 6.46636343002, 6.6552233696, 7.72284698486, 8.53282356262, 9.45453548431, 10.4924135208, 9.26750850677, 8.00446796417, 6.15509033203, 4.22388935089, 2.89942312241, 1.72563159466, 1.06237673759, 0.580419063568, 0.249141767621, 0.0845409780741, 0.0141616119072, 0.000515936408192, 8.02280264907e-05],
        "min": [1.05813674506e-22, 6.24449418363e-22, 1.21805364327e-21, 3.8253654052e-21, 1.28008938213e-20, 2.67974368283e-20, 3.11309035793e-20, 4.84900706779e-20, 1.07705300555e-19, 1.29968659946e-19, 2.6430814225e-19, 4.02907139418e-19, 5.14177381618e-19, 6.41137404731e-19, 9.67938215078e-19, 1.13006137584e-18, 1.29558176737e-18, 2.00398834295e-18, 1.87145291571e-18, 2.77087431309e-18, 3.84819227493e-18, 5.21382734799e-18, 4.55511530207e-18, 5.50769029164e-18, 7.18228435453e-18, 9.22999808504e-18, 9.06205477809e-18, 8.78072568868e-18, 9.99918837357e-18, 1.03765283167e-17, 1.12489987221e-17, 1.07755577626e-17, 9.79779305547e-18, 8.4644391194e-18, 6.37714603735e-18, 4.01123619111e-18, 2.33334374552e-18, 9.64480910311e-19, 2.59587551741e-19, 2.72467962337e-20],
        "var": [1.33805251122, 68.2028579712, 282.576599121, 555.682312012, 915.123168945, 558.282287598, 156.102600098, 275.977478027, 77.3957366943, 48.1575927734, 75.8618774414, 98.8101654053, 154.527664185, 535.529724121, 146.614074707, 178.967391968, 234.469863892, 160.615783691, 382.575317383, 270.395477295, 353.673309326, 285.404632568, 522.416625977, 753.097045898, 464.933288574, 497.467651367, 654.334960938, 579.908752441, 405.217163086, 443.486602783, 599.026184082, 149.992202759, 41.0350151062, 11.6141710281, 3.44260621071, 1.21412467957, 0.186459615827, 0.0382141321898, 0.000661920523271, 1.22401573321e-07]
    },
    "gfcc": {
        "mean": [-17.8273468018, 60.2952079773, -72.7732315063, 67.1475601196, -39.2031860352, 21.3384094238, -30.7706489563, 5.36228322983, -27.60313797, 1.56976342201, -21.5975189209, 1.82623279095, -13.4500226974],
        "cov": [[32475.921875, -1291.03833008, -1436.57531738, 749.643981934, -1281.62670898, 650.793518066, -972.131347656, 334.022827148, -809.502624512, 378.342956543, -702.401550293, 324.730163574, -417.972259521], [-1291.03833008, 1443.85949707, -292.56072998, 135.117782593, 226.69493103, -135.205230713, 136.434143066, -112.924232483, 83.2728271484, -92.3413162231, 106.049758911, -108.14276886, 90.6194458008], [-1436.57531738, -292.56072998, 944.687194824, 122.506546021, 145.019210815, 33.7620506287, 78.3974914551, -19.081741333, 21.9729919434, -4.57658529282, 23.8458347321, -0.30476590991, -17.6991157532], [749.643981934, 135.117782593, 122.506546021, 422.927734375, 80.9762802124, -9.94047451019, 3.47049689293, -22.2885761261, -13.3835134506, -32.8831863403, 4.34649658203, -33.6908493042, 13.9158859253], [-1281.62670898, 226.69493103, 145.019210815, 80.9762802124, 297.570404053, -32.0433349609, 90.8778152466, -36.5848236084, 63.3898696899, -21.3877925873, 40.376373291, -26.3197860718, 29.9102935791], [650.793518066, -135.205230713, 33.7620506287, -9.94047451019, -32.0433349609, 225.531982422, 8.67479515076, 58.1125183105, 0.307786464691, 30.9620933533, 5.29237747192, 11.7304782867, -4.7285118103], [-972.131347656, 136.434143066, 78.3974914551, 3.47049689293, 90.8778152466, 8.67479515076, 147.376037598, 15.9949960709, 47.143611908, -15.5911016464, 42.1246604919, -10.025179863, 21.7525615692], [334.022827148, -112.924232483, -19.081741333, -22.2885761261, -36.5848236084, 58.1125183105, 15.9949960709, 120.896217346, 17.070142746, 26.8151016235, -7.02651882172, 15.4736452103, -9.07195854187], [-809.502624512, 83.2728271484, 21.9729919434, -13.3835134506, 63.3898696899, 0.307786464691, 47.143611908, 17.070142746, 105.125556946, 21.8044338226, 36.5555839539, -12.5503282547, 21.5754966736], [378.342956543, -92.3413162231, -4.57658529282, -32.8831863403, -21.3877925873, 30.9620933533, -15.5911016464, 26.8151016235, 21.8044338226, 87.6393661499, 19.7198143005, 23.8192234039, -7.47029304504], [-702.401550293, 106.049758911, 23.8458347321, 4.34649658203, 40.376373291, 5.29237747192, 42.1246604919, -7.02651882172, 36.5555839539, 19.7198143005, 102.386039734, 18.9422302246, 27.7307224274], [324.730163574, -108.14276886, -0.30476590991, -33.6908493042, -26.3197860718, 11.7304782867, -10.025179863, 15.4736452103, -12.5503282547, 23.8192234039, 18.9422302246, 74.2565917969, 12.1258049011], [-417.972259521, 90.6194458008, -17.6991157532, 13.9158859253, 29.9102935791, -4.7285118103, 21.7525615692, -9.07195854187, 21.5754966736, -7.47029304504, 27.7307224274, 12.1258049011, 74.1095581055]],
        "icov": [[8.61038643052e-05, -7.85604788689e-05, 9.60519610089e-05, -0.000268041010713, 0.000136692193337, -0.00021573320555, 0.000154180903337, -5.42382804269e-05, 0.0003197081096, -0.000442041869974, 0.000537258631084, -0.000483580457512, 0.000274578720564], [-7.85604788689e-05, 0.00144525885116, 0.000532428501174, -2.18093355215e-05, -0.00061546365032, 0.000551484001335, -0.00086405838374, 0.000705410377122, -0.000391081819544, 0.00100939429831, -0.00172674504574, 0.00207470497116, -0.000933234987315], [9.60519610089e-05, 0.000532428501174, 0.00163982191589, -0.00075777398888, -0.000532383099198, -0.000371419882867, -0.000718961819075, 0.000614522141404, 0.000215842432226, -0.000281296699541, 0.00015146304213, -0.00038215785753, 0.000816687417682], [-0.000268041010713, -2.18093355215e-05, -0.00075777398888, 0.00369585794397, -0.0011055606883, 0.000595913850702, 0.000400162127335, -0.000378321565222, 0.00011925540457, 0.00174813286867, -0.00203269557096, 0.00269672763534, -0.00157870957628], [0.000136692193337, -0.00061546365032, -0.000532383099198, -0.0011055606883, 0.00578786758706, -9.56473813858e-05, -0.00183274690062, 0.00137749395799, -0.00183351954911, -0.000529960379936, 0.00120663072448, -0.000938095618039, 0.000150825842866], [-0.00021573320555, 0.000551484001335, -0.000371419882867, 0.000595913850702, -9.56473813858e-05, 0.00596608407795, -0.000958377495408, -0.00207668053918, 0.000156822032295, -0.000225076291827, -0.00207459833473, 0.00218166247942, -0.00129432964604], [0.000154180903337, -0.00086405838374, -0.000718961819075, 0.000400162127335, -0.00183274690062, -0.000958377495408, 0.0118135334924, -0.00334748160094, -0.00141946831718, 0.00250971736386, -0.00210782932118, -0.000469002785394, 1.22310284496e-05], [-5.42382804269e-05, 0.000705410377122, 0.000614522141404, -0.000378321565222, 0.00137749395799, -0.00207668053918, -0.00334748160094, 0.0122054787353, -0.0033628679812, -0.00138630915899, 0.00204088911414, -0.00192858173978, 0.00122872029897], [0.0003197081096, -0.000391081819544, 0.000215842432226, 0.00011925540457, -0.00183351954911, 0.000156822032295, -0.00141946831718, -0.0033628679812, 0.0174272060394, -0.00680596940219, -0.00123468565289, 0.00383221940137, -0.00285917124711], [-0.000442041869974, 0.00100939429831, -0.000281296699541, 0.00174813286867, -0.000529960379936, -0.000225076291827, 0.00250971736386, -0.00138630915899, -0.00680596940219, 0.0195392556489, -0.00656182644889, -0.00136751297396, 0.00180047855247], [0.000537258631084, -0.00172674504574, 0.00015146304213, -0.00203269557096, 0.00120663072448, -0.00207459833473, -0.00210782932118, 0.00204088911414, -0.00123468565289, -0.00656182644889, 0.0193310659379, -0.00872648414224, -0.000299018109217], [-0.000483580457512, 0.00207470497116, -0.00038215785753, 0.00269672763534, -0.000938095618039, 0.00218166247942, -0.000469002785394, -0.00192858173978, 0.00383221940137, -0.00136751297396, -0.00872648414224, 0.0240002796054, -0.00735763460398], [0.000274578720564, -0.000933234987315, 0.000816687417682, -0.00157870957628, 0.000150825842866, -0.00129432964604, 1.22310284496e-05, 0.00122872029897, -0.00285917124711, 0.00180047855247, -0.000299018109217, -0.00735763460398, 0.0190077517182]]
    },
    "melbands": {
        "dmean": [0.00394264003262, 0.00467641931027, 0.00198227749206, 0.000903171254322, 0.000229761120863, 0.000141813157825, 5.2023682656e-05, 3.32571471517e-05, 2.42729911406e-05, 2.80626754829e-05, 2.28996068472e-05, 1.77669699042e-05, 1.37849810926e-05, 1.71885803866e-05, 1.31416873046e-05, 1.10964056148e-05, 1.01962268673e-05, 1.08598833322e-05, 1.31457709358e-05, 1.02672329376e-05, 1.24253874674e-05, 9.30493297346e-06, 9.3746557468e-06, 1.4939932953e-05, 1.15564744192e-05, 8.79809613252e-06, 7.81382277637e-06, 7.89689511294e-06, 9.14847896638e-06, 7.68481822888e-06, 7.17943930795e-06, 6.17418481852e-06, 5.48549769519e-06, 5.97950520387e-06, 6.98319672665e-06, 3.69606709683e-06, 3.37853316523e-06, 2.48662308877e-06, 1.61302193646e-06, 1.36801679673e-06],
        "dmean2": [0.00609941082075, 0.00758625008166, 0.00321141863242, 0.0015110358363, 0.000369075336494, 0.000231987796724, 8.63088353071e-05, 5.48018433619e-05, 3.85871790058e-05, 4.61961280962e-05, 3.71471505787e-05, 2.83543813566e-05, 2.25785461225e-05, 2.77347189694e-05, 2.14365281863e-05, 1.82542225957e-05, 1.68327533174e-05, 1.7500418835e-05, 2.15830950765e-05, 1.69676368387e-05, 2.05285850825e-05, 1.48747622006e-05, 1.50899140863e-05, 2.48510568781e-05, 1.93135674635e-05, 1.4377656953e-05, 1.26607938e-05, 1.2552743101e-05, 1.43253637361e-05, 1.22751553135e-05, 1.13414498628e-05, 9.88740794128e-06, 8.86606721906e-06, 9.73481110123e-06, 1.22467199617e-05, 6.1265268414e-06, 5.67440474697e-06, 4.12773033531e-06, 2.56998646364e-06, 2.15978820961e-06],
        "dvar": [5.26916919625e-05, 6.00568127993e-05, 8.91523905011e-06, 4.60885667053e-06, 1.90047430237e-07, 1.03832718423e-07, 1.2689572948e-08, 6.93726587286e-09, 2.83619772112e-09, 3.9538248231e-09, 2.3962518636e-09, 2.70061417673e-09, 1.47643264281e-09, 1.80153081342e-09, 1.04428454772e-09, 5.84900794465e-10, 3.61563501361e-10, 6.42968123188e-10, 1.3737786464e-09, 3.24444221489e-10, 4.30250918226e-10, 2.5423171901e-10, 2.24465432352e-10, 7.69119656852e-10, 5.89595761102e-10, 2.33582514442e-10, 1.65296748511e-10, 1.6266020475e-10, 2.05204797599e-10, 1.57937260492e-10, 1.41669120879e-10, 9.60914542381e-11, 9.18008793982e-11, 1.91001325867e-10, 5.40800237925e-10, 6.12591435911e-11, 5.73546383997e-11, 2.88102423862e-11, 7.78288978404e-12, 6.83639950205e-12],
        "dvar2": [0.00010821698379, 0.000158189272042, 2.33676746575e-05, 1.18513780762e-05, 5.00053431551e-07, 2.682313891e-07, 3.2280286888e-08, 1.76972125843e-08, 6.29625906967e-09, 1.01009529629e-08, 6.1619216396e-09, 5.21476373194e-09, 3.29432725543e-09, 4.43719594401e-09, 2.4910076224e-09, 1.46955769775e-09, 9.14590847501e-10, 1.3647559749e-09, 3.15784220994e-09, 8.2904560994e-10, 1.14101239568e-09, 6.22725149224e-10, 5.32838495548e-10, 1.97775973376e-09, 1.59705126901e-09, 5.79035153159e-10, 4.13042405834e-10, 3.89948656698e-10, 4.82649586964e-10, 3.83572229534e-10, 3.27318394611e-10, 2.35243408087e-10, 2.28153773651e-10, 4.88438345325e-10, 1.53301671357e-09, 1.65174013356e-10, 1.57377236243e-10, 7.8023379424e-11, 1.95565941913e-11, 1.77067024237e-11],
        "max": [0.101430997252, 0.0915169715881, 0.0345623604953, 0.0323027558625, 0.00652228994295, 0.00568088702857, 0.00283093494363, 0.00179591402411, 0.0013234091457, 0.00116685323883, 0.000893653603271, 0.0016489935806, 0.000924436491914, 0.000966736930422, 0.000851596007124, 0.000515111314598, 0.000351773807779, 0.00116290943697, 0.00111495843157, 0.000262385292444, 0.000263875961537, 0.000224608491408, 0.000173304768396, 0.000283597328234, 0.000367784668924, 0.000249433476711, 0.000228058299399, 0.000197282468434, 0.000232788690482, 0.000181263138074, 0.000197716319235, 0.000128755898913, 0.000115071074106, 0.000144965466461, 0.000249010772677, 9.76472583716e-05, 9.51254623942e-05, 5.02499024151e-05, 2.7116984711e-05, 3.22011183016e-05],
        "mean": [0.00592736480758, 0.0072532040067, 0.00322591071017, 0.00115511927288, 0.000334703858243, 0.000181255192729, 6.4712796302e-05, 3.92345828004e-05, 2.99889670714e-05, 3.61848724424e-05, 3.22182531818e-05, 2.73268124147e-05, 1.8132299374e-05, 2.19464673137e-05, 1.68756887433e-05, 1.5305395209e-05, 1.46315314851e-05, 1.4445121451e-05, 1.61221978487e-05, 1.28957581182e-05, 1.61784246302e-05, 1.20435533972e-05, 1.16276360131e-05, 1.53869114001e-05, 1.34106367113e-05, 1.14497997856e-05, 1.13048972707e-05, 1.09355632958e-05, 1.23586396512e-05, 1.08673020804e-05, 9.83535846899e-06, 8.86338602868e-06, 7.47816284274e-06, 7.20341859051e-06, 6.83997586748e-06, 4.69921360491e-06, 4.24728250437e-06, 3.03002229884e-06, 2.2893507321e-06, 1.89043419141e-06],
        "median": [0.00215014233254, 0.00429517449811, 0.00197504158132, 0.000560615735594, 0.000164968514582, 6.20433711447e-05, 2.39344426518e-05, 1.43416618812e-05, 9.68648964772e-06, 1.08632175397e-05, 1.03466727523e-05, 6.84926817485e-06, 6.14173586655e-06, 8.05617492006e-06, 6.27235658612e-06, 6.65499146635e-06, 6.86476414558e-06, 5.96942027187e-06, 6.28047200735e-06, 6.89268335918e-06, 8.74636771186e-06, 6.08944264968e-06, 5.37453934157e-06, 6.0066986407e-06, 6.01021929469e-06, 5.72019416722e-06, 6.08484060649e-06, 5.83801102039e-06, 6.17105524725e-06, 5.75022886551e-06, 4.98845156471e-06, 4.37671633335e-06, 3.84912073059e-06, 3.09116353492e-06, 2.46209242505e-06, 1.94532594833e-06, 1.60535955729e-06, 1.19798323794e-06, 9.968929362e-07, 8.35545108657e-07],
        "min": [1.34550916451e-24, 9.69601856204e-25, 1.16490813773e-24, 1.98674914803e-24, 1.08866502706e-24, 1.02439859987e-24, 1.60467906112e-24, 1.55747115936e-24, 2.07375143397e-24, 2.14853623665e-24, 2.05440028154e-24, 1.8018162888e-24, 2.51914170942e-24, 3.19837619236e-24, 3.00876696569e-24, 2.05671992703e-24, 3.29725083493e-24, 2.12421072456e-24, 2.53304025527e-24, 3.64534202024e-24, 3.69753700204e-24, 4.4530476292e-24, 4.30249549759e-24, 3.59827463433e-24, 3.55480405972e-24, 4.03663122873e-24, 4.43869075516e-24, 5.11347330158e-24, 4.04753604745e-24, 5.002195399e-24, 5.12179696742e-24, 4.86002688666e-24, 5.70777113086e-24, 5.43845362339e-24, 5.64948062085e-24, 7.05943025498e-24, 6.15265791583e-24, 5.65930982773e-24, 6.44964511398e-24, 6.0711216471e-24],
        "var": [0.000102477548353, 8.05299714557e-05, 1.45664143929e-05, 4.46451758762e-06, 2.42588271249e-07, 1.18923203729e-07, 1.62202340448e-08, 7.11408310039e-09, 4.10779588123e-09, 5.2569308906e-09, 3.86951226616e-09, 8.58528093062e-09, 2.44928455295e-09, 2.21092189001e-09, 1.46818035507e-09, 7.61084306689e-10, 5.28240673425e-10, 1.12322517953e-09, 1.68877811735e-09, 3.59399510153e-10, 5.0535087226e-10, 3.09826303502e-10, 2.92613322461e-10, 6.94124868694e-10, 5.2349086177e-10, 2.786610942e-10, 2.24359864021e-10, 2.32395380717e-10, 2.90044321893e-10, 2.18527293483e-10, 1.92193413961e-10, 1.36520753036e-10, 1.06707413738e-10, 1.67549765728e-10, 3.33202410108e-10, 5.77375994237e-11, 5.37681010826e-11, 2.61029947657e-11, 1.10818385718e-11, 8.00106595561e-12]
    },
    "mfcc": {
        "mean": [-658.615478516, 85.2110137939, 29.840593338, 50.4622077942, 19.7865066528, 23.2609024048, 10.061753273, 8.88899612427, 3.24972677231, 1.30083763599, -2.15920472145, -1.47485160828, -2.82291388512],
        "cov": [[13601.0058594, -654.192565918, 340.306762695, 8.20478534698, -148.96321106, 6.99000406265, -156.179656982, -88.6392669678, -40.4175872803, -12.1229057312, -98.7089767456, -77.4940185547, -89.1524353027], [-654.192565918, 1133.98376465, -227.475311279, 169.044708252, 46.9752616882, 53.6086616516, 49.9145584106, 3.32562661171, 19.3319206238, -12.8639669418, 28.7798957825, 31.4431648254, 21.1796569824], [340.306762695, -227.475311279, 603.218444824, 94.192199707, 92.5434341431, 85.1998825073, 70.294708252, 32.9340744019, 4.87545347214, 16.4546470642, -0.0566974356771, 9.52284145355, -5.71034526825], [8.20478534698, 169.044708252, 94.192199707, 413.958770752, 131.35647583, 43.3608283997, 49.7038574219, -0.14376039803, 25.3350410461, -36.6828346252, -7.20198202133, 18.0854358673, -19.3898124695], [-148.96321106, 46.9752616882, 92.5434341431, 131.35647583, 189.186798096, 81.4076538086, 41.3614463806, 16.4522819519, 20.2009334564, 17.3666400909, -0.44946578145, 10.1540994644, -1.02243292332], [6.99000406265, 53.6086616516, 85.1998825073, 43.3608283997, 81.4076538086, 135.136871338, 50.0874900818, 16.1727561951, 12.7013578415, 14.8710823059, 7.12939786911, 5.49576616287, 8.66993045807], [-156.179656982, 49.9145584106, 70.294708252, 49.7038574219, 41.3614463806, 50.0874900818, 109.753501892, 44.711151123, 14.9937677383, 4.48377084732, 7.57317066193, 18.6349582672, 5.88514137268], [-88.6392669678, 3.32562661171, 32.9340744019, -0.14376039803, 16.4522819519, 16.1727561951, 44.711151123, 91.4556655884, 29.28008461, 16.7123527527, 4.56171989441, 6.2233247757, 10.0039186478], [-40.4175872803, 19.3319206238, 4.87545347214, 25.3350410461, 20.2009334564, 12.7013578415, 14.9937677383, 29.28008461, 76.7904891968, 31.0905895233, 7.24707078934, 1.61740684509, 0.275833338499], [-12.1229057312, -12.8639669418, 16.4546470642, -36.6828346252, 17.3666400909, 14.8710823059, 4.48377084732, 16.7123527527, 31.0905895233, 79.6143341064, 25.9212970734, 7.42360925674, 8.22464370728], [-98.7089767456, 28.7798957825, -0.0566974356771, -7.20198202133, -0.44946578145, 7.12939786911, 7.57317066193, 4.56171989441, 7.24707078934, 25.9212970734, 64.4566955566, 31.9506015778, 10.5239028931], [-77.4940185547, 31.4431648254, 9.52284145355, 18.0854358673, 10.1540994644, 5.49576616287, 18.6349582672, 6.2233247757, 1.61740684509, 7.42360925674, 31.9506015778, 64.8047103882, 28.4892807007], [-89.1524353027, 21.1796569824, -5.71034526825, -19.3898124695, -1.02243292332, 8.66993045807, 5.88514137268, 10.0039186478, 0.275833338499, 8.22464370728, 10.5239028931, 28.4892807007, 60.02186203]],
