{
"lowlevel": {
    "average_loudness": 0.967248737812,
    "barkbands_crest": {
        "dmean": 3.09941577911,
        "dmean2": 4.85376739502,
        "dvar": 7.59830141068,
        "dvar2": 16.7776088715,
        "max": 25.0728931427,
        "mean": 11.0385131836,
        "median": 10.235001564,
        "min": 2.31022930145,
        "var": 24.7874412537
    },
    "barkbands_flatness_db": {
        "dmean": 0.0333847887814,
        "dmean2": 0.048797596246,
        "dvar": 0.00112375069875,
        "dvar2": 0.00205358443782,
        "max": 0.495195031166,
        "mean": 0.146062448621,
        "median": 0.130944639444,
        "min": 0.0236163325608,
        "var": 0.00644286349416
    },
    "barkbands_kurtosis": {
        "dmean": 5.55067873001,
        "dmean2": 8.16101741791,
        "dvar": 85.6515884399,
        "dvar2": 157.993408203,
        "max": 183.325805664,
        "mean": 8.11233711243,
        "median": 3.4996137619,
        "min": -1.83849954605,
        "var": 182.434753418
    },
    "barkbands_skewness": {
        "dmean": 0.750522255898,
        "dmean2": 1.07689988613,
        "dvar": 0.607734799385,
        "dvar2": 1.07929754257,
        "max": 11.7520799637,
        "mean": 2.05492854118,
        "median": 1.73662054539,
        "min": -2.17789149284,
        "var": 2.33412981033
    },
    "barkbands_spread": {
        "dmean": 5.25856924057,
        "dmean2": 7.82825422287,
        "dvar": 30.0587978363,
        "dvar2": 62.123210907,
        "max": 129.743057251,
        "mean": 16.511674881,
        "median": 14.5577945709,
        "min": 0.898723959923,
        "var": 109.425689697
    },
    "dissonance": {
        "dmean": 0.020195921883,
        "dmean2": 0.0331277400255,
        "dvar": 0.000482023984659,
        "dvar2": 0.00119370699394,
        "max": 0.5,
        "mean": 0.458303540945,
        "median": 0.470619469881,
        "min": 0.147936999798,
        "var": 0.0016385744093
    },
    "dynamic_complexity": 3.16684150696,
    "erbbands_crest": {
        "dmean": 2.32085108757,
        "dmean2": 3.79387450218,
        "dvar": 4.87574768066,
        "dvar2": 11.4307775497,
        "max": 28.5354804993,
        "mean": 7.75641965866,
        "median": 6.87801980972,
        "min": 2.4892821312,
        "var": 12.6628646851
    },
    "erbbands_flatness_db": {
        "dmean": 0.022453173995,
        "dmean2": 0.0309100262821,
        "dvar": 0.000645863590762,
        "dvar2": 0.00120299146511,
        "max": 0.493610203266,
        "mean": 0.146141961217,
        "median": 0.125652864575,
        "min": 0.0578901991248,
        "var": 0.00469843344763
    },
    "erbbands_kurtosis": {
        "dmean": 1.00851309299,
        "dmean2": 1.59887528419,
        "dvar": 2.08464479446,
        "dvar2": 4.98003196716,
        "max": 42.4080352783,
        "mean": 0.696028590202,
        "median": 0.0408263206482,
        "min": -1.68231534958,
        "var": 5.03767633438
    },
    "erbbands_skewness": {
        "dmean": 0.358305633068,
        "dmean2": 0.551713109016,
        "dvar": 0.116480998695,
        "dvar2": 0.266131103039,
        "max": 4.86334848404,
        "mean": 0.451730668545,
        "median": 0.379067540169,
        "min": -2.81612110138,
        "var": 0.458590865135
    },
    "erbbands_spread": {
        "dmean": 8.78046512604,
        "dmean2": 12.4894380569,
        "dvar": 70.2964477539,
        "dvar2": 124.416915894,
        "max": 128.769424438,
        "mean": 37.3674316406,
        "median": 35.8152275085,
        "min": 2.65447282791,
        "var": 363.130279541
    },
    "hfc": {
        "dmean": 7.05481719971,
        "dmean2": 9.08203315735,
        "dvar": 120.464172363,
        "dvar2": 234.307754517,
        "max": 112.735839844,
        "mean": 15.582400322,
        "median": 10.3360147476,
        "min": 1.16545711667e-16,
        "var": 252.365783691
    },
    "melbands_crest": {
        "dmean": 3.91236066818,
        "dmean2": 6.32379627228,
        "dvar": 12.5532684326,
        "dvar2": 27.6918449402,
        "max": 30.9386367798,
        "mean": 14.8360395432,
        "median": 14.025718689,
        "min": 1.00185751915,
        "var": 36.0066108704
    },
    "melbands_flatness_db": {
        "dmean": 0.0406680963933,
        "dmean2": 0.0577980540693,
        "dvar": 0.00164377014153,
        "dvar2": 0.00290376716293,
        "max": 0.613935709,
        "mean": 0.229167044163,
        "median": 0.21336299181,
        "min": 2.0708804982e-07,
        "var": 0.00952594634145
    },
    "melbands_kurtosis": {
        "dmean": 12.108458519,
        "dmean2": 17.5656204224,
        "dvar": 503.60269165,
        "dvar2": 880.381347656,
        "max": 424.262054443,
        "mean": 20.1074867249,
        "median": 8.71098232269,
        "min": -1.68306624889,
        "var": 1115.55541992
    },
    "melbands_skewness": {
        "dmean": 0.966602802277,
        "dmean2": 1.36279380322,
        "dvar": 1.09892165661,
        "dvar2": 1.88072085381,
        "max": 16.8580951691,
        "mean": 3.01662278175,
        "median": 2.45518088341,
        "min": -1.4024721384,
        "var": 4.49971246719
    },
    "melbands_spread": {
        "dmean": 5.97364187241,
        "dmean2": 8.88508605957,
        "dvar": 44.6678924561,
        "dvar2": 83.5084533691,
        "max": 151.897277832,
        "mean": 16.752948761,
        "median": 13.5027265549,
        "min": 0.673543870449,
        "var": 173.206283569
    },
    "pitch_salience": {
        "dmean": 0.0980817750096,
        "dmean2": 0.154752075672,
        "dvar": 0.00784577056766,
        "dvar2": 0.0173475090414,
        "max": 0.997724533081,
        "mean": 0.565352737904,
        "median": 0.585004746914,
        "min": 0.0984839498997,
        "var": 0.0228417720646
    },
    "silence_rate_20dB": {
        "dmean": 0,
        "dmean2": 0,
        "dvar": 0,
        "dvar2": 0,
        "max": 1,
        "mean": 1,
        "median": 1,
        "min": 1,
        "var": 0
    },
    "silence_rate_30dB": {
        "dmean": 0.0578821003437,
        "dmean2": 0.115779645741,
        "dvar": 0.0545350015163,
        "dvar2": 0.116255521774,
        "max": 1,
        "mean": 0.94052541256,
        "median": 1,
        "min": 0,
        "var": 0.0559392645955
    },
    "silence_rate_60dB": {
        "dmean": 0.0266737788916,
        "dmean2": 0.0533546768129,
        "dvar": 0.0259648673236,
        "dvar2": 0.0625087916851,
        "max": 1,
        "mean": 0.0560074672103,
        "median": 0,
        "min": 0,
        "var": 0.0528748072684
    },
    "spectral_centroid": {
        "dmean": 258.94140625,
        "dmean2": 386.689941406,
        "dvar": 74103.796875,
        "dvar2": 140396.703125,
        "max": 10769.9130859,
        "mean": 1091.80627441,
        "median": 1003.7711792,
        "min": 162.907821655,
        "var": 338915.59375
    },
    "spectral_complexity": {
        "dmean": 5.28327560425,
        "dmean2": 7.32159519196,
        "dvar": 39.5185623169,
        "dvar2": 65.5420455933,
        "max": 61,
        "mean": 17.8695831299,
        "median": 15,
        "min": 0,
        "var": 124.445381165
    },
    "spectral_decrease": {
        "dmean": 4.43880887602e-09,
        "dmean2": 6.08831074445e-09,
        "dvar": 4.08794743219e-17,
        "dvar2": 6.65234993704e-17,
        "max": -6.23823394203e-29,
        "mean": -8.96561402897e-09,
        "median": -5.51315171293e-09,
        "min": -5.66730022911e-08,
        "var": 9.9758564209e-17
    },
    "spectral_energy": {
        "dmean": 0.0172535888851,
        "dmean2": 0.0235235411674,
        "dvar": 0.000604630738962,
        "dvar2": 0.000986097729765,
        "max": 0.217971980572,
        "mean": 0.0352516770363,
        "median": 0.0218087434769,
        "min": 1.08064878552e-20,
        "var": 0.00149009015877
    },
    "spectral_energyband_high": {
        "dmean": 0.000322784791933,
        "dmean2": 0.000409953732742,
        "dvar": 2.22848512976e-07,
        "dvar2": 4.04859775927e-07,
        "max": 0.00530173443258,
        "mean": 0.000570194330066,
        "median": 0.000270482851192,
        "min": 7.97573685855e-21,
        "var": 5.77903733756e-07
    },
    "spectral_energyband_low": {
        "dmean": 0.013067079708,
        "dmean2": 0.0187799185514,
        "dvar": 0.00053155986825,
        "dvar2": 0.000919171026908,
        "max": 0.188095092773,
        "mean": 0.0203501675278,
        "median": 0.00761887338012,
        "min": 1.2376843901e-22,
        "var": 0.000994078698568
    },
    "spectral_energyband_middle_high": {
        "dmean": 0.00194313575048,
        "dmean2": 0.00286729168147,
        "dvar": 1.17114668683e-05,
        "dvar2": 2.5218603696e-05,
        "max": 0.0416286028922,
        "mean": 0.00381753849797,
        "median": 0.0023740187753,
        "min": 1.67850466021e-21,
        "var": 2.12053855648e-05
    },
    "spectral_energyband_middle_low": {
        "dmean": 0.00894044432789,
        "dmean2": 0.0143864117563,
        "dvar": 0.000236240390223,
        "dvar2": 0.000574976147618,
        "max": 0.102715343237,
        "mean": 0.0129622938111,
        "median": 0.00824373401701,
        "min": 2.25507236733e-22,
        "var": 0.000255484512309
    },
    "spectral_entropy": {
        "dmean": 0.224750384688,
        "dmean2": 0.328452080488,
        "dvar": 0.0747351795435,
        "dvar2": 0.142180785537,
        "max": 9.79762077332,
        "mean": 7.49531459808,
        "median": 7.66960000992,
        "min": 4.76792955399,
        "var": 0.399303644896
    },
    "spectral_flux": {
        "dmean": 0.0381754338741,
        "dmean2": 0.0513609796762,
        "dvar": 0.00171777408104,
        "dvar2": 0.00292909378186,
        "max": 0.351992756128,
        "mean": 0.101095885038,
        "median": 0.0767091065645,
        "min": 1.03954261865e-10,
        "var": 0.00549983559176
    },
    "spectral_kurtosis": {
        "dmean": 4.2568025589,
        "dmean2": 7.01670360565,
        "dvar": 231.650634766,
        "dvar2": 596.669677734,
        "max": 337.372253418,
        "mean": 10.6378498077,
        "median": 4.40443181992,
        "min": -1.20803892612,
        "var": 878.537658691
    },
    "spectral_rms": {
        "dmean": 0.00130906782579,
        "dmean2": 0.00169319403358,
        "dvar": 2.16646071749e-06,
        "dvar2": 3.32818081006e-06,
        "max": 0.0145827159286,
        "mean": 0.00512215821072,
        "median": 0.00461268052459,
        "min": 3.24698557971e-12,
        "var": 8.15533894638e-06
    },
    "spectral_rolloff": {
        "dmean": 376.036315918,
        "dmean2": 573.64453125,
        "dvar": 306263.34375,
        "dvar2": 565886.875,
        "max": 18626.2207031,
        "mean": 994.973754883,
        "median": 732.12890625,
        "min": 86.1328125,
        "var": 969042.6875
    },
    "spectral_skewness": {
        "dmean": 0.345848411322,
        "dmean2": 0.539031684399,
        "dvar": 0.52702319622,
        "dvar2": 1.21034550667,
        "max": 15.9085683823,
        "mean": 2.04792571068,
        "median": 1.65849399567,
        "min": 0.00243755197152,
        "var": 2.48930883408
    },
    "spectral_spread": {
        "dmean": 589695.625,
        "dmean2": 808271.875,
        "dvar": 477856628736,
        "dvar2": 758330359808,
        "max": 40591784,
        "mean": 4525484,
        "median": 4727942.5,
        "min": 226844.953125,
        "var": 2.01768815821e+12
    },
    "spectral_strongpeak": {
        "dmean": 0.317648977041,
        "dmean2": 0.53851377964,
        "dvar": 0.189924106002,
        "dvar2": 0.490690946579,
        "max": 6.39579296112,
        "mean": 0.545091211796,
        "median": 0.37609025836,
        "min": 0,
        "var": 0.27343031764
    },
    "zerocrossingrate": {
        "dmean": 0.0102067580447,
        "dmean2": 0.0117612797767,
        "dvar": 0.000127040068037,
        "dvar2": 0.00015328945301,
        "max": 0.607421875,
        "mean": 0.0486660599709,
        "median": 0.0439453125,
        "min": 0.00390625,
        "var": 0.000924189924262
    },
    "barkbands": {
        "dmean": [0.000251674355241, 0.00849599670619, 0.00576017005369, 0.00510118622333, 0.00284422724508, 0.00115929229651, 0.000973535119556, 0.000614868593402, 0.000589611008763, 0.000403276091674, 0.000342044542776, 0.000412267982028, 0.00033939423156, 0.000206160970265, 0.000251974299317, 0.000254663522355, 0.000169472856214, 0.000146257909364, 0.000129183332319, 0.000113880239951, 8.74803736224e-05, 5.75076337554e-05, 5.14969833603e-05, 3.74190785806e-05, 3.35335789714e-05, 3.21562583849e-05, 5.75250351176e-06],
        "dmean2": [0.000370121648302, 0.0121279358864, 0.00925932079554, 0.00894538406283, 0.00480113830417, 0.00195519207045, 0.00168487196788, 0.00100978231058, 0.000974846305326, 0.000638543860987, 0.000539806322195, 0.0006548500387, 0.000566113158129, 0.000335887394613, 0.000416113442043, 0.000413989822846, 0.000265896262135, 0.000211051490624, 0.000199410394998, 0.000173292879481, 0.000125672726426, 7.94549559942e-05, 6.99501470081e-05, 5.22244990862e-05, 4.36932823504e-05, 4.17075607402e-05, 8.05154468253e-06],
        "dvar": [1.65186690992e-07, 0.000201126968022, 0.000207125092857, 0.000160339463037, 2.02244027605e-05, 4.91046466777e-06, 3.55713359568e-06, 1.28724320803e-06, 1.23734264434e-06, 3.37617365176e-07, 5.39215534445e-07, 9.69276243268e-07, 4.19363743731e-07, 1.41571376844e-07, 2.36652354602e-07, 4.21576771714e-07, 1.12356495663e-07, 6.23201188432e-08, 7.1451744077e-08, 3.13705754706e-08, 2.27659402441e-08, 8.30257196327e-09, 6.85917100895e-09, 3.97934707408e-09, 2.82625323145e-09, 2.2095683061e-09, 1.01593851387e-10],
        "dvar2": [3.16349456853e-07, 0.00044591067126, 0.000494930311106, 0.000431072548963, 5.34315040568e-05, 1.39440862768e-05, 1.05034469016e-05, 3.29157364831e-06, 3.16995237881e-06, 7.76156468874e-07, 1.17919887543e-06, 2.27693158195e-06, 1.10742257675e-06, 3.37630154945e-07, 5.8307477957e-07, 1.0954310028e-06, 2.67059675707e-07, 1.12674463537e-07, 1.68016413227e-07, 7.10294116857e-08, 4.74738897083e-08, 1.51773225099e-08, 1.41199043568e-08, 8.14136491556e-09, 5.29396215754e-09, 4.13344336536e-09, 2.01120620158e-10],
        "max": [0.00387502391823, 0.139682888985, 0.128508925438, 0.0861505717039, 0.0481096096337, 0.0297360662371, 0.0221589058638, 0.0220830086619, 0.0154412612319, 0.0142035754398, 0.0169911365956, 0.0253546033055, 0.0106529500335, 0.00549846189097, 0.00587332574651, 0.00831098575145, 0.00435698451474, 0.00273862225004, 0.00316347577609, 0.00198745843954, 0.00213118479587, 0.00118598004337, 0.00107818108518, 0.00072243087925, 0.000552711018827, 0.000536965788342, 0.000137031733175],
        "mean": [0.000360221340088, 0.01215902064, 0.00546692917123, 0.0040750191547, 0.00383955007419, 0.00160360941663, 0.00133439875208, 0.00106271763798, 0.000861150037963, 0.000750490929931, 0.000516813073773, 0.000561294378713, 0.000433330482338, 0.000275929574855, 0.000339366699336, 0.000309036870021, 0.000232683101785, 0.000226409989409, 0.000187502286281, 0.000176010667928, 0.000139141324325, 9.92715140455e-05, 7.79061083449e-05, 5.66519447602e-05, 5.17861990375e-05, 4.78723413835e-05, 7.55976816436e-06],
        "median": [7.99130793894e-05, 0.00412410125136, 0.000808140030131, 0.000928349560127, 0.00204492174089, 0.000882752472535, 0.000646941713057, 0.000424172903877, 0.000437554583186, 0.000432080880273, 0.000177795329364, 0.000198507725145, 0.000168138314621, 0.000117317053082, 0.000127173334477, 8.96793062566e-05, 8.59419960761e-05, 8.69812429301e-05, 7.41210533306e-05, 8.73121389304e-05, 5.98973128945e-05, 4.52954009234e-05, 3.12493939418e-05, 2.25475378102e-05, 1.99697569769e-05, 1.62890592037e-05, 1.42119858992e-06],
        "min": [2.27726591182e-24, 2.39390317762e-23, 4.80267007242e-23, 8.08430587905e-23, 2.71006095795e-23, 3.11454244513e-23, 1.3960498261e-23, 2.89290944945e-23, 3.50502575331e-23, 2.11236802911e-23, 8.70998743503e-23, 1.43923330267e-22, 6.2042433448e-23, 8.55291260703e-23, 1.3769420688e-22, 1.97835447682e-22, 1.22163769711e-22, 1.5738307698e-22, 3.99715290561e-22, 5.03896174455e-22, 6.77415584267e-22, 4.0652029503e-22, 6.18780373597e-22, 9.95648485295e-22, 1.12592094994e-21, 1.84797702425e-21, 2.28853713435e-21],
        "var": [3.18067520766e-07, 0.000358686927939, 0.000189363287063, 0.000110309811134, 2.29203888011e-05, 4.64682716483e-06, 3.78870367967e-06, 2.48650394497e-06, 1.82177689112e-06, 9.24516427858e-07, 1.08729147996e-06, 1.43504200878e-06, 4.93307709348e-07, 1.95502707356e-07, 3.6087214994e-07, 4.32013592899e-07, 1.65002475683e-07, 1.28306893998e-07, 1.02348359121e-07, 5.23511722861e-08, 4.50437553923e-08, 1.90249451748e-08, 1.37349909224e-08, 7.11777170537e-09, 5.65895597049e-09, 4.64679050793e-09, 1.75965436666e-10]
    },
    "erbbands": {
        "dmean": [0.260747969151, 1.92232406139, 5.74494361877, 12.3972520828, 12.2790956497, 8.77290344238, 9.81389713287, 10.0805368423, 15.2531299591, 11.6023254395, 13.2896976471, 15.146030426, 9.0811920166, 14.2790174484, 15.258972168, 15.4493293762, 16.074924469, 10.2217712402, 10.9081678391, 14.8185253143, 11.766371727, 9.56959819794, 8.08247280121, 7.75163793564, 5.82673454285, 5.90488004684, 3.35824966431, 3.59030199051, 2.13495326042, 1.78445601463, 1.41551756859, 0.947143673897, 0.556896626949, 0.389579921961, 0.234713822603, 0.144238606095, 0.0580771639943, 0.0125401644036, 0.000971889239736, 3.09995884891e-05],
        "dmean2": [0.381185770035, 2.76457285881, 8.88072490692, 20.2485713959, 20.7693424225, 14.8954410553, 17.0084590912, 17.0051612854, 26.8444824219, 19.3613147736, 21.7122459412, 25.0382614136, 14.5075550079, 22.4142284393, 24.0424461365, 24.2765254974, 26.7421550751, 16.5652561188, 17.4530220032, 25.0560779572, 18.813205719, 14.8430070877, 11.7656517029, 12.2980709076, 8.36823749542, 9.13003826141, 4.83929395676, 5.28853750229, 2.93666005135, 2.50482964516, 1.9344394207, 1.34018790722, 0.782865285873, 0.529741168022, 0.307255238295, 0.190324097872, 0.0776055157185, 0.0162950381637, 0.00139452621806, 3.83721089747e-05],
        "dvar": [0.192447736859, 11.7147569656, 184.751602173, 842.927978516, 595.111694336, 181.295211792, 343.647705078, 401.104064941, 912.132141113, 600.478393555, 579.929077148, 892.609008789, 205.264022827, 474.995941162, 898.082397461, 1145.74951172, 961.481811523, 373.001190186, 373.280456543, 1293.09277344, 710.163818359, 390.627288818, 213.683639526, 246.911209106, 109.726325989, 86.5666732788, 30.4071350098, 41.5545730591, 11.9395580292, 7.16155862808, 5.51972579956, 2.7734773159, 0.801596045494, 0.426279008389, 0.129035949707, 0.0442449823022, 0.00783725921065, 0.000352142815245, 3.17839430863e-06, 1.68243452503e-09],
        "dvar2": [0.360659629107, 27.4355010986, 417.279693604, 2114.58764648, 1542.4564209, 488.272033691, 1001.51251221, 1139.58227539, 2757.99633789, 1635.9453125, 1440.15441895, 2298.01660156, 490.734283447, 1103.37585449, 2083.14257812, 2567.09008789, 2483.94482422, 902.874694824, 843.483215332, 3426.97680664, 1780.68347168, 908.304870605, 403.539916992, 615.641479492, 211.061828613, 207.186264038, 63.1948776245, 89.0794067383, 21.9170455933, 14.5542917252, 11.4025754929, 5.76722431183, 1.62498724461, 0.857579529285, 0.234387278557, 0.0811202079058, 0.0153994662687, 0.000642147439066, 6.58238604956e-06, 2.53327581134e-09],
        "max": [3.02527332306, 34.6206054688, 112.114471436, 258.171020508, 181.370803833, 162.12828064, 205.95526123, 275.366912842, 373.19039917, 420.146789551, 482.039886475, 377.888793945, 365.385864258, 533.311096191, 633.145812988, 489.647705078, 509.268981934, 291.719177246, 332.075012207, 547.356262207, 337.737487793, 256.555297852, 180.027664185, 201.289611816, 164.463760376, 98.173614502, 76.560874939, 111.516120911, 49.0984420776, 30.3435459137, 36.83801651, 17.7284488678, 11.2547168732, 8.01102924347, 4.24024200439, 2.57129073143, 1.05758702755, 0.202984854579, 0.0268871895969, 0.000505184172653],
        "mean": [0.383530586958, 2.59188866615, 5.95192575455, 11.3655366898, 12.2565793991, 12.3798332214, 12.6520242691, 13.7976951599, 20.1943759918, 18.2881755829, 24.1715717316, 22.3425178528, 17.1075763702, 25.5488452911, 24.6622676849, 21.465139389, 20.8605461121, 14.346950531, 16.5860538483, 17.7938404083, 16.1153507233, 13.1885156631, 12.3904542923, 11.2695360184, 8.9410161972, 8.9146528244, 5.34123182297, 5.61865091324, 3.66605114937, 2.93050026894, 2.1374874115, 1.38062059879, 0.84002584219, 0.585264623165, 0.365744441748, 0.217490151525, 0.084388166666, 0.0181287266314, 0.00122530467343, 6.06903158769e-05],
        "median": [0.100421085954, 0.746905565262, 1.02753734589, 2.71040821075, 4.8650765419, 7.3272690773, 6.92897367477, 7.7159204483, 10.3241558075, 7.4188952446, 10.2638082504, 10.8956613541, 9.97433185577, 13.9832458496, 10.7162818909, 9.04270458221, 8.37884807587, 6.16588878632, 7.14577913284, 5.89571809769, 5.01388883591, 4.93079662323, 5.01694440842, 4.52059555054, 3.88564038277, 4.36997699738, 2.45320105553, 2.36752772331, 1.69682860374, 1.30682468414, 0.865680932999, 0.54000633955, 0.325545907021, 0.224019899964, 0.140589699149, 0.0765117555857, 0.0278345383704, 0.00538056436926, 0.000237055282923, 3.45021835528e-05],
        "min": [1.18509394918e-21, 3.80474526272e-21, 3.79425452844e-20, 2.02489975318e-19, 1.70620296054e-19, 5.39823302254e-20, 2.81523528556e-19, 1.71044717256e-19, 2.05299713988e-19, 2.60202586376e-19, 6.66036833639e-19, 8.12363533036e-19, 8.67470202046e-19, 1.84557849936e-18, 4.73749952816e-18, 4.8299286898e-18, 3.64955188186e-18, 3.936054986e-18, 5.51665692948e-18, 8.82459107656e-18, 1.1825341777e-17, 4.8041926194e-18, 6.91219747682e-18, 1.59198154988e-17, 2.26377380282e-17, 2.56303319007e-17, 1.85173164778e-17, 3.00272451883e-17, 1.37521729872e-17, 2.12108216931e-17, 1.45557963231e-17, 1.86991986053e-17, 1.95455499557e-17, 1.43787565109e-17, 7.4096514895e-18, 6.50090342392e-18, 3.35564716559e-18, 1.22680531836e-18, 3.10740736863e-19, 3.56608031076e-20],
        "var": [0.380768686533, 18.0508651733, 192.245361328, 712.084655762, 502.700500488, 214.881668091, 298.827911377, 361.084533691, 897.897338867, 779.994628906, 1169.52062988, 1210.91027832, 527.387634277, 1205.5020752, 1682.58605957, 1556.21020508, 1149.87072754, 511.194030762, 716.775756836, 1354.67346191, 963.147399902, 550.097229004, 396.089477539, 335.074462891, 199.996017456, 136.410644531, 57.6321372986, 77.4209594727, 26.9884109497, 15.5391874313, 11.0878229141, 4.74303722382, 1.48748445511, 0.75785368681, 0.276767075062, 0.0950311794877, 0.0151041066274, 0.00073517090641, 4.94271489515e-06, 4.47752679378e-09]
    },
    "gfcc": {
        "mean": [-12.6273784637, 97.0376739502, -98.9874038696, 21.1761989594, -55.6485786438, 8.41314125061, -31.2352561951, 7.95397424698, -27.571767807, 2.81962418556, -19.9474830627, 3.39018368721, -13.2487182617],
        "cov": [[13249.1191406, -2870.56420898, -79.8414993286, 1412.26184082, 619.936889648, 1075.36108398, -284.365661621, 459.402526855, -45.5162010193, 706.63494873, -161.748718262, 334.464691162, -300.003570557], [-2870.56420898, 1934.39306641, 363.114959717, -483.271270752, -29.2870197296, -269.72052002, 246.436538696, -129.474807739, 122.565757751, -242.124481201, 152.49546814, -173.364303589, 160.080383301], [-79.8414993286, 363.114959717, 970.419494629, 208.72946167, 58.6133499146, 71.5532302856, 161.287109375, 58.6212768555, 69.5796051025, 10.9936666489, 35.9757499695, -5.25548696518, 38.3143501282], [1412.26184082, -483.271270752, 208.72946167, 599.882751465, 218.740447998, 205.8855896, 22.1873703003, 128.118286133, 39.1130065918, 122.016441345, 0.147960677743, 64.3696136475, -16.7101802826], [619.936889648, -29.2870197296, 58.6133499146, 218.740447998, 397.19644165, 210.59664917, 93.1500015259, 75.9901199341, 64.5283203125, 69.1544265747, 28.0288581848, 24.901922226, -4.20612478256], [1075.36108398, -269.72052002, 71.5532302856, 205.8855896, 210.59664917, 292.451263428, 70.536491394, 96.0330505371, 26.9864177704, 87.9733047485, 5.63528490067, 56.9977455139, -7.2215886116], [-284.365661621, 246.436538696, 161.287109375, 22.1873703003, 93.1500015259, 70.536491394, 185.34777832, 52.329875946, 54.6901473999, 0.00202496931888, 39.0532264709, 0.768494784832, 32.991558075], [459.402526855, -129.474807739, 58.6212768555, 128.118286133, 75.9901199341, 96.0330505371, 52.329875946, 116.098091125, 44.3884315491, 67.1726913452, 13.1940221786, 40.9251708984, 7.07970333099], [-45.5162010193, 122.565757751, 69.5796051025, 39.1130065918, 64.5283203125, 26.9864177704, 54.6901473999, 44.3884315491, 95.4244308472, 42.4497451782, 40.9906082153, 2.78096342087, 28.768032074], [706.63494873, -242.124481201, 10.9936666489, 122.016441345, 69.1544265747, 87.9733047485, 0.00202496931888, 67.1726913452, 42.4497451782, 136.664428711, 25.0214824677, 51.1627616882, -10.684170723], [-161.748718262, 152.49546814, 35.9757499695, 0.147960677743, 28.0288581848, 5.63528490067, 39.0532264709, 13.1940221786, 40.9906082153, 25.0214824677, 84.1062774658, 19.484046936, 29.3986339569], [334.464691162, -173.364303589, -5.25548696518, 64.3696136475, 24.901922226, 56.9977455139, 0.768494784832, 40.9251708984, 2.78096342087, 51.1627616882, 19.484046936, 79.7943191528, 18.9280567169], [-300.003570557, 160.080383301, 38.3143501282, -16.7101802826, -4.20612478256, -7.2215886116, 32.991558075, 7.07970333099, 28.768032074, -10.684170723, 29.3986339569, 18.9280567169, 80.9877471924]],
        "icov": [[0.000175974331796, -4.02800978918e-05, 2.21079953917e-05, -0.000186361125088, 8.28288175398e-05, -0.000503048941027, 0.000356785516487, -0.000130621076096, 0.000168568047229, -0.000509635661729, 0.00024387940357, -8.92699827091e-05, 0.00031331658829], [-4.02800978918e-05, 0.00259229261428, -0.000780415488407, 0.00146963039879, -0.00116416870151, 0.00141159351915, -0.00148971821181, 0.00035397906322, -0.00109198666178, 0.00241316994652, -0.00358953350224, 0.00379187916405, -0.00283635011874], [2.21079953917e-05, -0.000780415488407, 0.00162622821517, -0.00116276089102, 0.000840461056214, -0.000542922643945, -0.000792774837464, 0.000280541367829, -0.000150155392475, -0.000600406085141, 0.0010359302396, -0.000780103553552, 0.000689272885211], [-0.000186361125088, 0.00146963039879, -0.00116276089102, 0.00409716879949, -0.00192267505918, 0.000735166308004, 0.000214018960833, -0.00183128984645, -0.000171016552486, 0.000946133281104, -0.00176273216493, 0.00185380002949, -0.00176897586789], [8.28288175398e-05, -0.00116416870151, 0.000840461056214, -0.00192267505918, 0.00571651989594, -0.00393378874287, -0.000554255326279, 0.00117502408102, -0.00209036003798, -0.000689474749379, 0.000979724922217, -0.00114615447819, 0.00244658789597], [-0.000503048941027, 0.00141159351915, -0.000542922643945, 0.000735166308004, -0.00393378874287, 0.0102066230029, -0.0035933284089, -0.0016993645113, 0.00148547929712, 0.000337118661264, -0.000786433229223, -0.000192809704458, -0.00207955902442], [0.000356785516487, -0.00148971821181, -0.000792774837464, 0.000214018960833, -0.000554255326279, -0.0035933284089, 0.0119427731261, -0.0050412165001, -0.0009611879359, 0.00108824158087, -0.000609653128777, -0.000432753004134, 0.000719293137081], [-0.000130621076096, 0.00035397906322, 0.000280541367829, -0.00183128984645, 0.00117502408102, -0.0016993645113, -0.0050412165001, 0.0201088190079, -0.00693731708452, -0.00274596083909, 0.00310873892158, -0.0055473507382, 0.000781155191362], [0.000168568047229, -0.00109198666178, -0.000150155392475, -0.000171016552486, -0.00209036003798, 0.00148547929712, -0.0009611879359, -0.00693731708452, 0.0247558485717, -0.0095692416653, -0.0043037366122, 0.00808323640376, -0.00654247077182], [-0.000509635661729, 0.00241316994652, -0.000600406085141, 0.000946133281104, -0.000689474749379, 0.000337118661264, 0.00108824158087, -0.00274596083909, -0.0095692416653, 0.0209610220045, -0.0066641876474, -0.00428922474384, 0.00319847115315], [0.00024387940357, -0.00358953350224, 0.0010359302396, -0.00176273216493, 0.000979724922217, -0.000786433229223, -0.000609653128777, 0.00310873892158, -0.0043037366122, -0.0066641876474, 0.0239196829498, -0.0104388706386, 0.00150847877376], [-8.92699827091e-05, 0.00379187916405, -0.000780103553552, 0.00185380002949, -0.00114615447819, -0.000192809704458, -0.000432753004134, -0.0055473507382, 0.00808323640376, -0.00428922474384, -0.0104388706386, 0.0311424992979, -0.0134159410372], [0.00031331658829, -0.00283635011874, 0.000689272885211, -0.00176897586789, 0.00244658789597, -0.00207955902442, 0.000719293137081, 0.000781155191362, -0.00654247077182, 0.00319847115315, 0.00150847877376, -0.0134159410372, 0.0233376119286]]
    },
    "melbands": {
        "dmean": [0.00229380326346, 0.00264302734286, 0.00206974521279, 0.000693453708664, 0.000352122879121, 0.000225898460485, 0.000221947018872, 0.00012461123697, 0.000107547071821, 8.97925201571e-05, 4.49122671853e-05, 6.014320752e-05, 5.27074553247e-05, 4.94093219459e-05, 4.35959518654e-05, 2.53284506471e-05, 1.95044722204e-05, 1.72319869307e-05, 1.97936078621e-05, 1.90904338524e-05, 1.32361619762e-05, 1.00044117062e-05, 8.85281042429e-06, 7.10795757186e-06, 6.66499454383e-06, 4.68770940643e-06, 4.18550735048e-06, 3.94518883695e-06, 2.06350841836e-06, 2.25814051191e-06, 2.2391652692e-06, 1.24694088299e-06, 1.11190126972e-06, 1.01342493508e-06, 8.84914300059e-07, 6.77988339248e-07, 5.5522934872e-07, 3.84547860222e-07, 3.73893499273e-07, 3.25308576521e-07],
        "dmean2": [0.00330790760927, 0.00385881448165, 0.00332614034414, 0.00115446513519, 0.00060519791441, 0.000381248537451, 0.000387675914681, 0.000206052936846, 0.000175453998963, 0.000149275219883, 7.17840666766e-05, 9.4686554803e-05, 8.27428011689e-05, 7.85817610449e-05, 7.26311845938e-05, 4.13759007643e-05, 3.18410275213e-05, 2.76257542282e-05, 3.34725518769e-05, 3.12572046823e-05, 2.13223775063e-05, 1.58239672601e-05, 1.35326708914e-05, 1.06503784991e-05, 1.0896481399e-05, 6.96100278219e-06, 6.2474614424e-06, 6.23888354312e-06, 3.079348744e-06, 3.35266304319e-06, 3.41965551343e-06, 1.75770412625e-06, 1.59091916885e-06, 1.46098648202e-06, 1.23908523619e-06, 9.75057560026e-07, 8.04795149634e-07, 5.51302150598e-07, 5.26680821622e-07, 4.56460242049e-07],
        "dvar": [1.41714772326e-05, 3.04827735818e-05, 2.08059154829e-05, 1.34900869853e-06, 4.03300703056e-07, 1.94266576159e-07, 1.88132787571e-07, 6.65986803483e-08, 3.58456944127e-08, 3.16439212611e-08, 4.83446438437e-09, 8.45614067657e-09, 1.18808101135e-08, 1.46634073772e-08, 9.6937977645e-09, 2.01925298704e-09, 1.35695699122e-09, 8.90955142996e-10, 1.84817150473e-09, 2.49251108642e-09, 8.8254836772e-10, 4.37849562163e-10, 2.75410055872e-10, 1.55366011723e-10, 2.00557445651e-10, 8.16165121598e-11, 4.8431699623e-11, 3.95504913542e-11, 1.12882715328e-11, 2.4568137455e-11, 1.83088839228e-11, 4.19258074438e-12, 3.16207325081e-12, 2.5100776492e-12, 2.50056529302e-12, 1.3599488289e-12, 9.95457839423e-13, 3.97161226432e-13, 4.00076754494e-13, 2.93793228677e-13],
        "dvar2": [2.91807318717e-05, 6.24866734142e-05, 5.03539595229e-05, 3.44227328242e-06, 1.16763749247e-06, 5.50983202174e-07, 5.62888203604e-07, 1.80229989155e-07, 8.88995401738e-08, 8.24892794071e-08, 1.15915304022e-08, 1.95940419445e-08, 2.59523940116e-08, 3.55031914978e-08, 2.50639704547e-08, 5.07247133186e-09, 3.32842575723e-09, 2.0597470396e-09, 4.79710049461e-09, 6.57305632146e-09, 2.22520357696e-09, 1.05826958308e-09, 5.70105573861e-10, 3.06466407807e-10, 5.301894479e-10, 1.71450145747e-10, 1.01965630384e-10, 9.76519282103e-11, 2.35302975021e-11, 5.42477104903e-11, 4.15070373905e-11, 7.806828968e-12, 6.36657350103e-12, 5.42048524121e-12, 5.2726768264e-12, 2.84157311396e-12, 2.09605358244e-12, 8.27489498364e-13, 8.30743460134e-13, 5.92038625156e-13],
        "max": [0.0328253805637, 0.0448309481144, 0.038357373327, 0.0124221555889, 0.00702645350248, 0.00598223879933, 0.00533573701978, 0.00461068470031, 0.00333900214173, 0.00216821813956, 0.00184887112118, 0.00236017606221, 0.00247140554711, 0.0032233861275, 0.00175365363248, 0.000635509612039, 0.000551683478989, 0.000532920705155, 0.000524552655406, 0.000768876227085, 0.000375578558305, 0.000263049063506, 0.00022222106054, 0.000164736600709, 0.000183165815542, 0.000126980710775, 7.57474772399e-05, 6.44194005872e-05, 5.15412502864e-05, 9.51972106122e-05, 8.63043751451e-05, 2.88257106149e-05, 2.5755211027e-05, 1.92448915186e-05, 2.98952290905e-05, 1.28267765831e-05, 1.09997881736e-05, 8.82518997969e-06, 9.61139085121e-06, 5.73493025513e-06],
        "mean": [0.00339182652533, 0.00328281708062, 0.00199808273464, 0.000900721701328, 0.000470810744446, 0.00031268427847, 0.000299919338431, 0.000205816540984, 0.000194498847122, 0.000128097046399, 8.36323742988e-05, 0.000105115330371, 8.28082265798e-05, 6.78751530359e-05, 5.33760648977e-05, 3.43908359355e-05, 2.60355627688e-05, 2.56313287537e-05, 2.43086997216e-05, 2.22921062232e-05, 1.79481412488e-05, 1.31652541313e-05, 1.23641102618e-05, 1.08918775368e-05, 8.99881797523e-06, 6.68700567985e-06, 6.18293506705e-06, 5.79717470828e-06, 3.1513814065e-06, 3.25517726196e-06, 3.34097535415e-06, 2.0667851004e-06, 1.79328594641e-06, 1.5540036884e-06, 1.29320437736e-06, 9.79225319497e-07, 7.77953744091e-07, 5.67711538224e-07, 5.38221058832e-07, 4.81286576814e-07],
        "median": [0.00120106199756, 0.000860385596752, 0.000503623334225, 0.000457504735095, 0.000261392531684, 0.000178810209036, 0.000152722175699, 8.92583411769e-05, 8.68362767505e-05, 6.44724204903e-05, 4.87929646624e-05, 5.69464646105e-05, 3.27771740558e-05, 2.47318312177e-05, 1.96529981622e-05, 1.41543414429e-05, 1.06008692455e-05, 1.12104753498e-05, 8.30499902804e-06, 6.47595379633e-06, 5.32992316948e-06, 4.47024558525e-06, 4.92813524033e-06, 4.0654545046e-06, 3.51965513801e-06, 2.63231868303e-06, 2.81779739453e-06, 2.78452284874e-06, 1.47317052779e-06, 1.21327411762e-06, 1.40023018957e-06, 9.65664753494e-07, 7.82773497576e-07, 6.66897562951e-07, 4.91974333272e-07, 4.13835067548e-07, 2.88119451852e-07, 2.18798504648e-07, 2.07412341524e-07, 1.80924104143e-07],
        "min": [7.66917240307e-24, 1.47632226077e-23, 3.4416196381e-23, 6.66059322536e-24, 7.65084085335e-24, 4.15670177496e-24, 3.08990209865e-24, 3.47764084142e-24, 4.64970276426e-24, 5.75961467512e-24, 4.27892433374e-24, 6.73724447293e-24, 1.41437459161e-23, 1.67110795326e-23, 7.30158688706e-24, 7.47739795042e-24, 7.79533334992e-24, 7.28943842912e-24, 1.27127877328e-23, 1.42562942792e-23, 1.35835111007e-23, 5.71880453391e-24, 4.44881657373e-24, 7.00595100764e-24, 1.3375516879e-23, 1.39772189567e-23, 1.767105699e-23, 1.7044095586e-23, 1.03065481905e-23, 1.49413316229e-23, 1.85108861983e-23, 6.00638929894e-24, 1.09915082259e-23, 1.19699308289e-23, 6.91846160008e-24, 1.11602266409e-23, 1.10838088961e-23, 1.36816816849e-23, 1.1406551614e-23, 1.24522514304e-23],
        "var": [2.74544563581e-05, 4.03567864851e-05, 1.90253358596e-05, 1.47116293192e-06, 3.74433000161e-07, 1.78000320261e-07, 1.91282140349e-07, 9.44590894392e-08, 6.84517118543e-08, 4.09826945713e-08, 1.29633521695e-08, 2.14911697327e-08, 2.36709958301e-08, 2.15881765797e-08, 9.97092630683e-09, 2.73892819536e-09, 1.78290382458e-09, 1.66018732095e-09, 2.25126739473e-09, 2.41357867026e-09, 1.22693155635e-09, 5.89762794156e-10, 4.32915203685e-10, 3.01390024049e-10, 2.35328173614e-10, 1.29508834212e-10, 8.10060560297e-11, 6.19994611206e-11, 1.95053747459e-11, 3.99465391321e-11, 2.90272510889e-11, 8.71261656571e-12, 6.84207985407e-12, 4.68137247717e-12, 4.93340264474e-12, 2.22825425646e-12, 1.61711421164e-12, 7.03236893631e-13, 6.66981172983e-13, 5.18167702756e-13]
    },
    "mfcc": {
        "mean": [-660.190368652, 132.420898438, 10.0957612991, 20.8868083954, -2.17939472198, 3.64089274406, 1.74801075459, 3.77426314354, -0.211851298809, -0.399804413319, -2.12048459053, -2.52392458916, -1.64587962627],
        "cov": [[9446.71386719, -1471.56298828, -754.672912598, 528.449645996, 656.676452637, 582.224365234, 192.666046143, 127.897155762, 112.365661621, 210.62461853, 225.084213257, 187.617584229, 212.740219116], [-1471.56298828, 1570.31359863, 352.531311035, -169.387023926, -142.004043579, -104.855636597, 50.2919387817, 30.5986366272, 40.9380950928, 1.59934365749, -30.0360145569, -15.5469207764, -11.6161251068], [-754.672912598, 352.531311035, 904.82623291, 155.859313965, -34.0579376221, -15.341542244, 40.8178749084, 39.4883804321, 47.4236030579, 26.2917480469, -14.5764713287, 7.36347818375, 9.49113082886], [528.449645996, -169.387023926, 155.859313965, 360.626312256, 173.149703979, 104.607292175, 69.817779541, 63.7725296021, 59.5654067993, 70.9147949219, 59.0887985229, 33.3800315857, 20.3282814026], [656.676452637, -142.004043579, -34.0579376221, 173.149703979, 291.03326416, 173.29586792, 94.91771698, 68.0198822021, 57.7293586731, 68.0327606201, 64.7966537476, 45.0752487183, 24.1925830841], [582.224365234, -104.855636597, -15.341542244, 104.607292175, 173.29586792, 204.470443726, 117.040847778, 78.2317047119, 61.7871742249, 58.9378318787, 56.7423362732, 36.7904167175, 31.7601165771], [192.666046143, 50.2919387817, 40.8178749084, 69.817779541, 94.91771698, 117.040847778, 139.924331665, 90.9624099731, 55.0412139893, 44.8090133667, 40.4256324768, 27.2634906769, 24.0555038452], [127.897155762, 30.5986366272, 39.4883804321, 63.7725296021, 68.0198822021, 78.2317047119, 90.9624099731, 113.622940063, 62.6533699036, 37.8752174377, 24.5589179993, 11.8007040024, 13.9757452011], [112.365661621, 40.9380950928, 47.4236030579, 59.5654067993, 57.7293586731, 61.7871742249, 55.0412139893, 62.6533699036, 95.6206054688, 57.2823638916, 20.2452869415, 12.8842935562, 21.7791633606], [210.62461853, 1.59934365749, 26.2917480469, 70.9147949219, 68.0327606201, 58.9378318787, 44.8090133667, 37.8752174377, 57.2823638916, 85.064201355, 46.6304664612, 24.2901916504, 24.2440872192], [225.084213257, -30.0360145569, -14.5764713287, 59.0887985229, 64.7966537476, 56.7423362732, 40.4256324768, 24.5589179993, 20.2452869415, 46.6304664612, 82.4205093384, 48.0036888123, 21.1840076447], [187.617584229, -15.5469207764, 7.36347818375, 33.3800315857, 45.0752487183, 36.7904167175, 27.2634906769, 11.8007040024, 12.8842935562, 24.2901916504, 48.0036888123, 73.3227310181, 38.9553222656], [212.740219116, -11.6161251068, 9.49113082886, 20.3282814026, 24.1925830841, 31.7601165771, 24.0555038452, 13.9757452011, 21.7791633606, 24.2440872192, 21.1840076447, 38.9553222656, 69.254524231]],
