{
"lowlevel": {
    "average_loudness": 0.804040312767,
    "barkbands_crest": {
        "dmean": 2.56771993637,
        "dmean2": 4.14681434631,
        "dvar": 6.54640817642,
        "dvar2": 14.7838487625,
        "max": 24.7394523621,
        "mean": 8.52030754089,
        "median": 7.54891681671,
        "min": 2.3105301857,
        "var": 14.3796072006
    },
    "barkbands_flatness_db": {
        "dmean": 0.020786492154,
        "dmean2": 0.0310036856681,
        "dvar": 0.000382881378755,
        "dvar2": 0.000867558002938,
        "max": 0.265880018473,
        "mean": 0.106616571546,
        "median": 0.105752959847,
        "min": 0.0238166097552,
        "var": 0.00116709747817
    },
    "barkbands_kurtosis": {
        "dmean": 1.87393593788,
        "dmean2": 3.01557397842,
        "dvar": 10.1423931122,
        "dvar2": 23.2962627411,
        "max": 48.7226295471,
        "mean": 2.14513897896,
        "median": 1.08339262009,
        "min": -1.80760872364,
        "var": 16.4597549438
    },
    "barkbands_skewness": {
        "dmean": 0.450024574995,
        "dmean2": 0.697669267654,
        "dvar": 0.239180833101,
        "dvar2": 0.546622693539,
        "max": 6.32967758179,
        "mean": 1.27485275269,
        "median": 1.16333389282,
        "min": -2.77152276039,
        "var": 0.671359598637
    },
    "barkbands_spread": {
        "dmean": 6.02025032043,
        "dmean2": 9.46997833252,
        "dvar": 36.9650650024,
        "dvar2": 92.7726593018,
        "max": 107.530532837,
        "mean": 24.7938842773,
        "median": 23.1290626526,
        "min": 2.85301017761,
        "var": 103.631599426
    },
    "dissonance": {
        "dmean": 0.0177610386163,
        "dmean2": 0.0296468734741,
        "dvar": 0.00023221677111,
        "dvar2": 0.000639523728751,
        "max": 0.500000119209,
        "mean": 0.463951826096,
        "median": 0.467524051666,
        "min": 0.322200536728,
        "var": 0.000485860800836
    },
    "dynamic_complexity": 2.73910951614,
    "erbbands_crest": {
        "dmean": 2.67622900009,
        "dmean2": 4.23019933701,
        "dvar": 5.7794508934,
        "dvar2": 13.8500871658,
        "max": 28.1753940582,
        "mean": 8.94397735596,
        "median": 8.12124633789,
        "min": 2.46621251106,
        "var": 16.6558208466
    },
    "erbbands_flatness_db": {
        "dmean": 0.0180154088885,
        "dmean2": 0.025925392285,
        "dvar": 0.000294950150419,
        "dvar2": 0.00058361334959,
        "max": 0.254748612642,
        "mean": 0.143188789487,
        "median": 0.142761901021,
        "min": 0.0549374707043,
        "var": 0.00110074481927
    },
    "erbbands_kurtosis": {
        "dmean": 0.660759687424,
        "dmean2": 1.03520417213,
        "dvar": 0.737632513046,
        "dvar2": 1.71420037746,
        "max": 17.7899188995,
        "mean": -0.0365971513093,
        "median": -0.353254318237,
        "min": -1.65396869183,
        "var": 1.55605614185
    },
    "erbbands_skewness": {
        "dmean": 0.333798527718,
        "dmean2": 0.510317087173,
        "dvar": 0.0833368003368,
        "dvar2": 0.193144902587,
        "max": 3.8284945488,
        "mean": 0.422120034695,
        "median": 0.390915632248,
        "min": -1.40259492397,
        "var": 0.298402160406
    },
    "erbbands_spread": {
        "dmean": 7.3877453804,
        "dmean2": 11.1590623856,
        "dvar": 49.3972320557,
        "dvar2": 109.347053528,
        "max": 101.060684204,
        "mean": 38.9562568665,
        "median": 36.5207824707,
        "min": 7.5783495903,
        "var": 203.189804077
    },
    "hfc": {
        "dmean": 7.19713163376,
        "dmean2": 10.2717103958,
        "dvar": 130.818161011,
        "dvar2": 267.688201904,
        "max": 148.234939575,
        "mean": 20.4706096649,
        "median": 15.1795139313,
        "min": 1.12555048285e-16,
        "var": 316.57333374
    },
    "melbands_crest": {
        "dmean": 3.42360877991,
        "dmean2": 5.49451828003,
        "dvar": 9.92642974854,
        "dvar2": 23.9130344391,
        "max": 30.7250270844,
        "mean": 12.415977478,
        "median": 11.3918647766,
        "min": 1.8388761282,
        "var": 22.5792617798
    },
    "melbands_flatness_db": {
        "dmean": 0.0237374678254,
        "dmean2": 0.0364189893007,
        "dvar": 0.000570220989175,
        "dvar2": 0.00126873201225,
        "max": 0.358459740877,
        "mean": 0.169616177678,
        "median": 0.170722365379,
        "min": 0.004855544772,
        "var": 0.00192476599477
    },
    "melbands_kurtosis": {
        "dmean": 4.67356777191,
        "dmean2": 7.45539999008,
        "dvar": 71.0946807861,
        "dvar2": 163.740097046,
        "max": 121.490722656,
        "mean": 8.29925251007,
        "median": 5.16876316071,
        "min": -1.27801609039,
        "var": 115.498794556
    },
    "melbands_skewness": {
        "dmean": 0.60159021616,
        "dmean2": 0.926256299019,
        "dvar": 0.474616140127,
        "dvar2": 1.03905129433,
        "max": 9.56571483612,
        "mean": 2.16161704063,
        "median": 1.91542577744,
        "min": -0.507764458656,
        "var": 1.31703948975
    },
    "melbands_spread": {
        "dmean": 6.79632568359,
        "dmean2": 10.6410865784,
        "dvar": 56.5219650269,
        "dvar2": 127.437797546,
        "max": 160.036972046,
        "mean": 25.781042099,
        "median": 23.3263988495,
        "min": 2.44724845886,
        "var": 185.70892334
    },
    "pitch_salience": {
        "dmean": 0.0717084184289,
        "dmean2": 0.114763453603,
        "dvar": 0.00432219961658,
        "dvar2": 0.0104477163404,
        "max": 0.962095618248,
        "mean": 0.556147992611,
        "median": 0.556363940239,
        "min": 0.152189135551,
        "var": 0.0104302065447
    },
    "silence_rate_20dB": {
        "dmean": 0,
        "dmean2": 0,
        "dvar": 0,
        "dvar2": 0,
        "max": 1,
        "mean": 1,
        "median": 1,
        "min": 1,
        "var": 0
    },
    "silence_rate_30dB": {
        "dmean": 0.0102380346507,
        "dmean2": 0.0204813107848,
        "dvar": 0.0101329535246,
        "dvar2": 0.0292785186321,
        "max": 1,
        "mean": 0.994370520115,
        "median": 1,
        "min": 0,
        "var": 0.00559789361432
    },
    "silence_rate_60dB": {
        "dmean": 0.0199641659856,
        "dmean2": 0.039938557893,
        "dvar": 0.0195646993816,
        "dvar2": 0.0475611686707,
        "max": 1,
        "mean": 0.0281473901123,
        "median": 0,
        "min": 0,
        "var": 0.027355728671
    },
    "spectral_centroid": {
        "dmean": 256.494506836,
        "dmean2": 399.43258667,
        "dvar": 69222.2734375,
        "dvar2": 154972.984375,
        "max": 11346.3369141,
        "mean": 1422.72558594,
        "median": 1321.21203613,
        "min": 408.023376465,
        "var": 369982.90625
    },
    "spectral_complexity": {
        "dmean": 4.22830820084,
        "dmean2": 6.20890951157,
        "dvar": 29.521446228,
        "dvar2": 48.5973777771,
        "max": 63,
        "mean": 19.9480552673,
        "median": 18,
        "min": 0,
        "var": 107.011001587
    },
    "spectral_decrease": {
        "dmean": 2.35391639514e-09,
        "dmean2": 3.64384122875e-09,
        "dvar": 1.42238173104e-17,
        "dvar2": 3.05391244037e-17,
        "max": 8.99615057804e-22,
        "mean": -6.58995569225e-09,
        "median": -5.0410546848e-09,
        "min": -3.71787578501e-08,
        "var": 3.18819627926e-17
    },
    "spectral_energy": {
        "dmean": 0.00938029121608,
        "dmean2": 0.0144492536783,
        "dvar": 0.000216162166907,
        "dvar2": 0.000460933282739,
        "max": 0.144479930401,
        "mean": 0.0267287530005,
        "median": 0.0204840414226,
        "min": 1.03801231015e-20,
        "var": 0.000501445902046
    },
    "spectral_energyband_high": {
        "dmean": 0.000463682285044,
        "dmean2": 0.00065547786653,
        "dvar": 8.17092939087e-07,
        "dvar2": 1.70221824192e-06,
        "max": 0.0124306837097,
        "mean": 0.000904491229448,
        "median": 0.000412901223172,
        "min": 7.22552443264e-21,
        "var": 1.67300856901e-06
    },
    "spectral_energyband_low": {
        "dmean": 0.00483915721998,
        "dmean2": 0.00779752898961,
        "dvar": 0.000158508424647,
        "dvar2": 0.000349599926267,
        "max": 0.121354237199,
        "mean": 0.0087017044425,
        "median": 0.00407798122615,
        "min": 2.06902154231e-23,
        "var": 0.000216280022869
    },
    "spectral_energyband_middle_high": {
        "dmean": 0.00195400626399,
        "dmean2": 0.00288504199125,
        "dvar": 8.98338294064e-06,
        "dvar2": 1.92087300093e-05,
        "max": 0.0391396321356,
        "mean": 0.00533193536103,
        "median": 0.00367852626368,
        "min": 1.36793559967e-21,
        "var": 2.61021814367e-05
    },
    "spectral_energyband_middle_low": {
        "dmean": 0.00511700706556,
        "dmean2": 0.00790116656572,
        "dvar": 4.24051104346e-05,
        "dvar2": 0.00010368727817,
        "max": 0.0819004923105,
        "mean": 0.0125483609736,
        "median": 0.00999496225268,
        "min": 1.80319933552e-22,
        "var": 0.000104029197246
    },
    "spectral_entropy": {
        "dmean": 0.148548066616,
        "dmean2": 0.221840798855,
        "dvar": 0.0202502757311,
        "dvar2": 0.0438388548791,
        "max": 9.80467319489,
        "mean": 7.68895435333,
        "median": 7.69189929962,
        "min": 6.56574869156,
        "var": 0.0913715660572
    },
    "spectral_flux": {
        "dmean": 0.0251927003264,
        "dmean2": 0.0413861759007,
        "dvar": 0.0010917535983,
        "dvar2": 0.00265615200624,
        "max": 0.305397063494,
        "mean": 0.0824266076088,
        "median": 0.072506763041,
        "min": 6.80107567486e-11,
        "var": 0.00215196073987
    },
    "spectral_kurtosis": {
        "dmean": 1.044688344,
        "dmean2": 1.76319158077,
        "dvar": 1.02967870235,
        "dvar2": 2.90844464302,
        "max": 12.5422449112,
        "mean": 3.72370433807,
        "median": 3.32816290855,
        "min": -1.20298206806,
        "var": 3.30808615685
    },
    "spectral_rms": {
        "dmean": 0.000830329780001,
        "dmean2": 0.00124141282868,
        "dvar": 1.07991479581e-06,
        "dvar2": 2.1086648303e-06,
        "max": 0.011872490868,
        "mean": 0.00470242509618,
        "median": 0.00447039492428,
        "min": 3.18228668243e-12,
        "var": 3.96408813685e-06
    },
    "spectral_rolloff": {
        "dmean": 498.729522705,
        "dmean2": 827.793762207,
        "dvar": 508783.25,
        "dvar2": 1203788.25,
        "max": 19164.5507812,
        "mean": 1505.49304199,
        "median": 1184.32617188,
        "min": 64.599609375,
        "var": 1616067.75
    },
    "spectral_skewness": {
        "dmean": 0.171989783645,
        "dmean2": 0.277133762836,
        "dvar": 0.0216215718538,
        "dvar2": 0.0528931319714,
        "max": 2.53054094315,
        "mean": 1.43754851818,
        "median": 1.40943217278,
        "min": -0.0418448373675,
        "var": 0.118437796831
    },
    "spectral_spread": {
        "dmean": 577088.5,
        "dmean2": 865890.0625,
        "dvar": 759330504704,
        "dvar2": 1.67692677939e+12,
        "max": 40727124,
        "mean": 4747119.5,
        "median": 4511390,
        "min": 2583422.75,
        "var": 2.83436305613e+12
    },
    "spectral_strongpeak": {
        "dmean": 0.563459932804,
        "dmean2": 0.961228907108,
        "dvar": 0.580785036087,
        "dvar2": 1.3762742281,
        "max": 8.51146125793,
        "mean": 0.871035158634,
        "median": 0.520583510399,
        "min": 0,
        "var": 0.885422110558
    },
    "zerocrossingrate": {
        "dmean": 0.0111167402938,
        "dmean2": 0.0136384982616,
        "dvar": 0.000174039392732,
        "dvar2": 0.000201775124879,
        "max": 0.72314453125,
        "mean": 0.0658902302384,
        "median": 0.05908203125,
        "min": 0.0107421875,
        "var": 0.00129414862022
    },
    "barkbands": {
        "dmean": [0.000349563197233, 0.00368026760407, 0.0016196888173, 0.000839940214064, 0.00207872968167, 0.00182047300041, 0.000917852623388, 0.001559603028, 0.000445666752057, 0.000687547028065, 0.00050233094953, 0.000234321560129, 0.000214866566239, 0.000490580976475, 0.000222821545321, 0.000281242333585, 0.000312647549435, 0.000207689081435, 0.000205175150768, 0.000176764660864, 0.000144213670865, 9.87788298517e-05, 5.71835735172e-05, 4.19191273977e-05, 3.84729391953e-05, 6.81820238242e-05, 5.11339067089e-06],
        "dmean2": [0.000561098218895, 0.00577836157754, 0.00277552567422, 0.00141779286787, 0.00340835237876, 0.00285947602242, 0.00143815891352, 0.00238443189301, 0.000710070482455, 0.00103610614315, 0.00078500440577, 0.000379237113521, 0.000340189231792, 0.000786389224231, 0.00035493975156, 0.000451738975244, 0.000521174166352, 0.000332819239702, 0.000328559835907, 0.000277244282188, 0.000210232130485, 0.000146773745655, 8.49303178256e-05, 6.47702254355e-05, 6.09865892329e-05, 0.000109070802864, 8.45674912853e-06],
        "dvar": [5.55457688733e-07, 0.000123360674479, 2.46192139457e-05, 3.1289916933e-06, 1.18731768453e-05, 1.03620595837e-05, 2.57759029409e-06, 8.69931591296e-06, 8.67327514698e-07, 2.14351712202e-06, 1.33852574891e-06, 1.54185869405e-07, 1.72352741856e-07, 9.23262689412e-07, 1.49374244529e-07, 4.02289344947e-07, 3.28295641339e-07, 1.41249131502e-07, 1.87562903875e-07, 1.67176523291e-07, 1.04742262863e-07, 5.02186310314e-08, 1.73645986479e-08, 5.44840661476e-09, 6.61738130958e-09, 1.70010245881e-08, 1.29161834006e-10],
        "dvar2": [1.36388314331e-06, 0.000264402362518, 7.00217133272e-05, 8.31380839372e-06, 3.09191600536e-05, 2.58420186583e-05, 6.56016754874e-06, 1.94558851945e-05, 2.24777045332e-06, 4.73146519653e-06, 3.23673111779e-06, 3.84437981893e-07, 4.18616025399e-07, 2.22885091716e-06, 3.33079839265e-07, 1.05059598354e-06, 8.44511419018e-07, 3.31448802626e-07, 4.60462018737e-07, 3.98738933427e-07, 2.11996791677e-07, 1.13026615622e-07, 3.97362036608e-08, 1.35298963144e-08, 1.67280305163e-08, 4.2011432555e-08, 3.01209529541e-10],
        "max": [0.0109636187553, 0.117081321776, 0.0763186961412, 0.0290104914457, 0.0399891771376, 0.0590953715146, 0.026704121381, 0.0496098957956, 0.0199191253632, 0.0293225310743, 0.0273617319763, 0.0062068537809, 0.00809868238866, 0.0206218510866, 0.00508349295706, 0.0150174563751, 0.00571724167094, 0.0045454245992, 0.00708745745942, 0.00594984507188, 0.00517133856192, 0.00343500263989, 0.00282812351361, 0.00118417444173, 0.00142280966975, 0.000893379561603, 0.000199891452212],
        "mean": [0.000840500812046, 0.00560597795993, 0.00183695519809, 0.000977237825282, 0.0029363706708, 0.00296742748469, 0.00159923394676, 0.00268205977045, 0.000745152996387, 0.00119760911912, 0.000853137637023, 0.000396647199523, 0.000353466282832, 0.000771561521105, 0.000335302960593, 0.00042319908971, 0.000471053586807, 0.000345757813193, 0.000350513699232, 0.00029058221844, 0.000258422514889, 0.00017140856653, 0.000114340917207, 7.72100393078e-05, 5.90063864365e-05, 6.43237581244e-05, 4.30227146353e-06],
        "median": [7.15813657735e-05, 0.00190288678277, 0.000578864535782, 0.000455370405689, 0.00167786097154, 0.00141263764817, 0.000688746978994, 0.00102324178442, 0.000341227540048, 0.00053952622693, 0.000327074551024, 0.000192005391, 0.000143906960147, 0.000301985768601, 0.000148177306983, 0.00015705495025, 0.000245745468419, 0.000168129263329, 0.000185325538041, 0.000125931779621, 0.000108044157969, 6.66089763399e-05, 5.72562639718e-05, 3.79383200197e-05, 1.68961887539e-05, 8.04382216302e-06, 2.44616160217e-07],
        "min": [3.39128147711e-24, 6.25270914444e-24, 2.07007317279e-24, 6.02829675513e-24, 1.76815157078e-23, 3.94114214051e-23, 3.15749308152e-23, 1.95209878775e-23, 4.01346585493e-23, 2.87222551651e-23, 2.73845553292e-23, 4.82818057192e-23, 9.18301430844e-23, 6.47595354629e-23, 9.87521198487e-23, 7.75031353137e-23, 1.04053094738e-22, 1.77813526818e-22, 1.62091289164e-22, 2.18785939872e-22, 2.74924134408e-22, 4.08883469867e-22, 4.95329321729e-22, 7.43996807819e-22, 1.05292387647e-21, 1.45595763349e-21, 1.88802843904e-21],
        "var": [2.29730926549e-06, 0.000149485873408, 2.01217153517e-05, 2.94267351819e-06, 1.43555753311e-05, 1.94861877389e-05, 5.49985907128e-06, 1.97592617042e-05, 1.35456821226e-06, 4.92050594403e-06, 2.54330825555e-06, 3.34462498586e-07, 3.73325718783e-07, 1.88864396478e-06, 2.62764530135e-07, 6.38202038772e-07, 4.26137091836e-07, 2.28391783708e-07, 2.50062782925e-07, 2.36354409822e-07, 1.94158545241e-07, 8.05850106644e-08, 3.06620506763e-08, 1.14783444971e-08, 1.47497232206e-08, 1.68400102751e-08, 1.30077323912e-10]
    },
    "erbbands": {
        "dmean": [0.145572587848, 0.741988122463, 1.68531835079, 2.40926551819, 5.15725183487, 7.65398931503, 7.15308475494, 18.0251731873, 15.0032024384, 31.3977794647, 18.747587204, 11.7550868988, 19.5825233459, 14.4502305984, 23.0038604736, 10.5348167419, 10.522195816, 24.7994747162, 11.8425331116, 13.9500865936, 14.5622758865, 14.6765575409, 11.1671762466, 11.9928770065, 8.89822864532, 8.00837135315, 6.48772096634, 5.4278049469, 3.79348182678, 2.44877290726, 1.55149006844, 1.01737213135, 0.636440217495, 0.402756214142, 0.333562493324, 0.293417692184, 0.130856007338, 0.0163029767573, 0.000810315075796, 2.47879579547e-05],
        "dmean2": [0.223192259669, 1.19784963131, 2.89581203461, 4.01470279694, 8.65323638916, 12.5780639648, 11.4411401749, 28.4318580627, 22.3834514618, 49.3937644958, 28.8706455231, 18.6350898743, 29.5836257935, 22.0488643646, 35.8686599731, 16.7916965485, 16.4972133636, 39.8436965942, 18.5439949036, 22.6455497742, 23.6390628815, 24.20570755, 17.8962440491, 19.3413658142, 13.9889059067, 12.6302347183, 9.60982894897, 7.95085430145, 5.60515975952, 3.72989940643, 2.34189796448, 1.53074812889, 0.994649469852, 0.63739669323, 0.536715388298, 0.467963665724, 0.211403846741, 0.0258514508605, 0.00134009425528, 3.87358813896e-05],
        "dvar": [0.182130634785, 5.11632061005, 23.2319374084, 33.7254676819, 96.1940231323, 176.03503418, 143.824951172, 1282.88867188, 698.846679688, 3762.22900391, 1122.14697266, 629.172119141, 1059.13183594, 2454.92114258, 2721.30859375, 326.7578125, 402.136108398, 2425.85205078, 394.752563477, 668.923034668, 835.959350586, 856.062072754, 401.49407959, 555.366088867, 429.021942139, 319.375305176, 240.870559692, 165.034210205, 79.3752288818, 28.5660190582, 12.5629587173, 3.18907546997, 1.23552298546, 0.482110708952, 0.667209267616, 0.299551635981, 0.0646542385221, 0.00100197189022, 3.21449215335e-06, 1.4647332236e-09],
        "dvar2": [0.424411892891, 11.0462770462, 65.64818573, 91.3564529419, 251.169540405, 464.506072998, 352.798309326, 3240.19042969, 1659.89453125, 8718.95605469, 2619.59863281, 1635.74853516, 2437.97509766, 5477.03759766, 6803.33984375, 799.594116211, 969.175231934, 5772.96923828, 862.030639648, 1612.50085449, 2149.60058594, 2152.77319336, 944.217224121, 1366.83166504, 1041.56201172, 746.097045898, 512.700073242, 350.557434082, 176.017623901, 67.4427337646, 28.6226844788, 7.50637483597, 3.19482445717, 1.20866024494, 1.7425609827, 0.736971497536, 0.159129336476, 0.00239236839116, 7.79350557423e-06, 3.32395577729e-09],
        "max": [4.46932458878, 22.9226284027, 67.5829391479, 96.4986190796, 122.838180542, 182.824249268, 196.112319946, 720.157653809, 511.126678467, 946.414978027, 574.740356445, 527.738525391, 452.118133545, 1004.15118408, 1378.37426758, 311.046142578, 413.684417725, 1093.20776367, 276.661193848, 415.079589844, 522.02935791, 349.388336182, 254.286911011, 362.899810791, 318.565368652, 278.908477783, 228.097732544, 244.734375, 134.581573486, 64.6903076172, 71.677772522, 19.9813461304, 25.8074817657, 13.9802646637, 15.1823959351, 4.99628210068, 1.73373961449, 0.417107284069, 0.0336454063654, 0.000634643540252],
        "mean": [0.217786803842, 1.03701078892, 2.01424431801, 3.02705764771, 5.84134960175, 10.7008752823, 12.069984436, 28.4246025085, 27.868850708, 51.2599716187, 34.0721931458, 21.0247383118, 34.1714439392, 25.8923091888, 40.5146560669, 19.499666214, 18.349445343, 40.4703979492, 20.2589244843, 22.6951236725, 22.0520172119, 22.9512844086, 20.1649017334, 20.4211120605, 15.0829372406, 13.5262489319, 11.2847137451, 9.65399742126, 6.57752895355, 4.26778745651, 3.12198448181, 1.9168856144, 1.17298805714, 0.668103933334, 0.437568217516, 0.297566980124, 0.11736343056, 0.0147749586031, 0.000696049130056, 4.71686544188e-05],
        "median": [0.0554775670171, 0.319532096386, 0.71525645256, 1.30479335785, 2.92047071457, 5.45375204086, 6.93582582474, 12.2533531189, 11.2016582489, 17.9289360046, 15.5856695175, 10.3033466339, 18.2364959717, 8.90834712982, 15.4161691666, 10.3464012146, 9.17399597168, 16.7822284698, 10.4795818329, 11.0977420807, 11.3583469391, 12.4308357239, 10.3951950073, 10.834274292, 7.86288118362, 6.13045501709, 4.45006847382, 3.86407065392, 2.41555070877, 2.07642030716, 1.53507637978, 0.972039818764, 0.510655879974, 0.235887408257, 0.110886588693, 0.0473154485226, 0.0122461058199, 0.00149813434109, 6.21200160822e-05, 3.3376752981e-05],
        "min": [2.74290344624e-22, 1.03770514664e-21, 2.44991288249e-21, 1.76569084983e-20, 2.49633205319e-20, 4.33774611822e-20, 1.05126590845e-19, 2.33767005522e-19, 5.10178428646e-19, 3.08595314698e-19, 5.86103734409e-19, 9.49422087259e-19, 6.55460967616e-19, 1.42589218216e-18, 1.17562765386e-18, 2.2393989822e-18, 2.96269005251e-18, 4.55707861526e-18, 3.49689156391e-18, 3.85008072826e-18, 4.83135019969e-18, 6.99723577969e-18, 9.37540237466e-18, 1.01247891321e-17, 7.68573046356e-18, 1.17908400737e-17, 1.32281912922e-17, 1.32673508496e-17, 1.72726313403e-17, 1.37242084922e-17, 1.59513426607e-17, 1.15579275199e-17, 1.36059572334e-17, 1.05683655628e-17, 7.68683971276e-18, 5.13921234802e-18, 2.83795597243e-18, 8.63376795387e-19, 2.6487814724e-19, 3.16543893536e-20],
        "var": [0.197824940085, 6.2898068428, 19.5863399506, 33.5216674805, 84.9556045532, 230.375778198, 248.346923828, 2234.734375, 1738.87670898, 7799.42333984, 2552.24560547, 999.299804688, 2143.50146484, 5119.40332031, 4871.73339844, 737.199768066, 880.642089844, 5085.23632812, 771.987426758, 1215.16394043, 1104.94116211, 1078.41162109, 714.702575684, 793.398376465, 553.087219238, 469.157104492, 412.685424805, 283.256958008, 129.116165161, 44.5676651001, 22.7492713928, 6.36306333542, 3.37879657745, 1.53752410412, 0.960078716278, 0.334688723087, 0.0609205886722, 0.00104396324605, 2.9821244425e-06, 2.17221884924e-09]
    },
    "gfcc": {
        "mean": [17.0301380157, 87.4742584229, -119.154525757, 31.7307701111, -62.471370697, 10.429725647, -37.8598136902, 10.7185907364, -21.8698654175, 7.79216766357, -14.4071340561, 4.56295394897, -11.6022758484],
        "cov": [[5720.90185547, -135.292984009, -71.2926330566, 90.3025360107, -46.5425758362, -2.73834323883, -80.5672302246, 198.880325317, -53.2895965576, 142.696990967, -65.3879241943, 117.383789062, -112.201568604], [-135.292984009, 808.77154541, -250.703689575, 28.4338169098, -12.264588356, 3.93555593491, 56.7852706909, 11.9110994339, 171.526031494, -74.0825195312, 159.369430542, -45.2571678162, 61.8430328369], [-71.2926330566, -250.703689575, 489.341796875, -26.1684436798, 74.106086731, 34.9751815796, -3.7511305809, 49.5747261047, -51.4498023987, 36.9561347961, -55.1247596741, 47.9002914429, -44.3221855164], [90.3025360107, 28.4338169098, -26.1684436798, 254.075454712, -39.8751029968, 49.3747634888, 16.8087806702, -32.351650238, 11.1878566742, -26.4031600952, 0.107931338251, -36.9902496338, 27.4979972839], [-46.5425758362, -12.264588356, 74.106086731, -39.8751029968, 204.502426147, 14.5430831909, 39.8158340454, 68.6928482056, 17.917339325, 21.8608074188, 2.06576228142, 36.1669425964, -19.4496612549], [-2.73834323883, 3.93555593491, 34.9751815796, 49.3747634888, 14.5430831909, 116.461425781, 34.119304657, 13.2257156372, 0.472472608089, -3.28294801712, 1.13373422623, -14.9567213058, 9.52482891083], [-80.5672302246, 56.7852706909, -3.7511305809, 16.8087806702, 39.8158340454, 34.119304657, 115.9895401, 36.4893608093, 16.3923797607, -6.31456327438, 9.5946559906, 10.5625076294, 20.7363033295], [198.880325317, 11.9110994339, 49.5747261047, -32.351650238, 68.6928482056, 13.2257156372, 36.4893608093, 146.287399292, 45.6989593506, 17.5998306274, 25.4708881378, 32.0671882629, -9.70004081726], [-53.2895965576, 171.526031494, -51.4498023987, 11.1878566742, 17.917339325, 0.472472608089, 16.3923797607, 45.6989593506, 127.160476685, 22.8107833862, 64.9383468628, -9.51863956451, 5.57870483398], [142.696990967, -74.0825195312, 36.9561347961, -26.4031600952, 21.8608074188, -3.28294801712, -6.31456327438, 17.5998306274, 22.8107833862, 95.2647628784, 18.6728954315, 19.5513706207, -22.7943458557], [-65.3879241943, 159.369430542, -55.1247596741, 0.107931338251, 2.06576228142, 1.13373422623, 9.5946559906, 25.4708881378, 64.9383468628, 18.6728954315, 116.371437073, 27.0443572998, 18.8037185669], [117.383789062, -45.2571678162, 47.9002914429, -36.9902496338, 36.1669425964, -14.9567213058, 10.5625076294, 32.0671882629, -9.51863956451, 19.5513706207, 27.0443572998, 89.3955307007, 22.4036331177], [-112.201568604, 61.8430328369, -44.3221855164, 27.4979972839, -19.4496612549, 9.52482891083, 20.7363033295, -9.70004081726, 5.57870483398, -22.7943458557, 18.8037185669, 22.4036331177, 80.0472640991]],
        "icov": [[0.000263442983851, -0.000252124824328, 0.000233807382756, -0.000343329447787, 0.000295234902296, -0.000167305770447, 0.000334796786774, -0.000624701031484, 0.000364675011951, -0.000602477812208, 0.000711919623427, -0.000906518253032, 0.000630169874057], [-0.000252124824328, 0.00333595252596, 0.000195757616893, 0.000880790059455, -0.000679516699165, 0.000362120190402, -0.00124971999321, 0.00136511924211, -0.00317234429531, 0.00362928048708, -0.00402054609731, 0.00270939199254, -0.00140318798367], [0.000233807382756, 0.000195757616893, 0.00313421222381, -0.000429303792771, -0.000115147500765, -0.00138282065745, 0.000666804611683, -0.00107532052789, 0.00038906923146, -0.000687564432155, 0.00175720220432, -0.00279357284307, 0.00203907582909], [-0.000343329447787, 0.000880790059455, -0.000429303792771, 0.0055075744167, 7.41326148272e-05, -0.00150220014621, -0.00101784104481, 0.00187272403855, -0.00174637197051, 0.00193401647266, -0.00157364038751, 0.00304501946084, -0.00241417414509], [0.000295234902296, -0.000679516699165, -0.000115147500765, 7.41326148272e-05, 0.00722707388923, -0.00106991070788, -0.00128434284125, -0.00228513940237, -0.000562610162888, -0.00101788167376, 0.00246466323733, -0.00413461960852, 0.00311629497446], [-0.000167305770447, 0.000362120190402, -0.00138282065745, -0.00150220014621, -0.00106991070788, 0.0116458218545, -0.00292295101099, -0.000897941470612, 0.00174626568332, -0.000434762652731, -0.00258225877769, 0.00536024197936, -0.0029003652744], [0.000334796786774, -0.00124971999321, 0.000666804611683, -0.00101784104481, -0.00128434284125, -0.00292295101099, 0.0120339933783, -0.00313233304769, 0.000812039361335, -0.00107595999725, 0.00244021858089, -0.00212136050686, -0.00165008276235], [-0.000624701031484, 0.00136511924211, -0.00107532052789, 0.00187272403855, -0.00228513940237, -0.000897941470612, -0.00313233304769, 0.0125850932673, -0.00620149122551, 0.00334004196338, -0.00206269789487, -0.00152868195437, 0.0010147630237], [0.000364675011951, -0.00317234429531, 0.00038906923146, -0.00174637197051, -0.000562610162888, 0.00174626568332, 0.000812039361335, -0.00620149122551, 0.0185970868915, -0.00717118568718, -0.00410978635773, 0.00473152659833, -0.0012259320356], [-0.000602477812208, 0.00362928048708, -0.000687564432155, 0.00193401647266, -0.00101788167376, -0.000434762652731, -0.00107595999725, 0.00334004196338, -0.00717118568718, 0.0182194840163, -0.00548090459779, -0.000773377891164, 0.0029863351956], [0.000711919623427, -0.00402054609731, 0.00175720220432, -0.00157364038751, 0.00246466323733, -0.00258225877769, 0.00244021858089, -0.00206269789487, -0.00410978635773, -0.00548090459779, 0.0210453346372, -0.0118315806612, 0.0027350448072], [-0.000906518253032, 0.00270939199254, -0.00279357284307, 0.00304501946084, -0.00413461960852, 0.00536024197936, -0.00212136050686, -0.00152868195437, 0.00473152659833, -0.000773377891164, -0.0118315806612, 0.0272948741913, -0.0126447975636], [0.000630169874057, -0.00140318798367, 0.00203907582909, -0.00241417414509, 0.00311629497446, -0.0029003652744, -0.00165008276235, 0.0010147630237, -0.0012259320356, 0.0029863351956, 0.0027350448072, -0.0126447975636, 0.0219034589827]]
    },
    "melbands": {
        "dmean": [0.00113949284423, 0.00086455658311, 0.000470163620776, 0.00046916687279, 0.00027759213117, 0.000397308875108, 0.000212918894249, 0.000364919105778, 0.000132433604449, 7.17171060387e-05, 9.73295973381e-05, 5.93691474933e-05, 7.20159951015e-05, 3.84481390938e-05, 2.28887402045e-05, 1.95814027393e-05, 5.50001532247e-05, 2.10506132134e-05, 1.43015813592e-05, 2.50170032814e-05, 1.71347146534e-05, 1.67815323948e-05, 1.31107235575e-05, 1.03261436379e-05, 1.04481559902e-05, 7.62208082961e-06, 5.5287455325e-06, 5.71785221837e-06, 4.68695316158e-06, 3.90681498175e-06, 2.9593875297e-06, 2.42349028667e-06, 1.74486558535e-06, 1.26979807646e-06, 9.66847551354e-07, 8.14735642507e-07, 6.62386412387e-07, 4.76212022704e-07, 3.96465566155e-07, 3.38355135909e-07],
        "dmean2": [0.0017316294834, 0.00146863027476, 0.000779982365202, 0.000786830787547, 0.000439301307779, 0.000620730977971, 0.000320626568282, 0.000568252289668, 0.000205228410778, 0.000114282534923, 0.000147188155097, 9.08631191123e-05, 0.000112793335575, 6.06415087532e-05, 3.63785547961e-05, 3.09608585667e-05, 8.84553446667e-05, 3.32968120347e-05, 2.27011460083e-05, 4.05110149586e-05, 2.83882800431e-05, 2.80766580545e-05, 2.14810188481e-05, 1.69522791111e-05, 1.7001393644e-05, 1.23235031424e-05, 8.72639429872e-06, 9.20821912587e-06, 7.14300722393e-06, 5.97984444539e-06, 4.42486953034e-06, 3.64334232472e-06, 2.69077918347e-06, 1.95793313651e-06, 1.49996185428e-06, 1.23808354147e-06, 1.04011553503e-06, 7.57968052767e-07, 6.31618263469e-07, 5.45676186903e-07],
        "dvar": [1.15225584523e-05, 5.41906865692e-06, 9.85555288935e-07, 6.44083229417e-07, 2.15266140913e-07, 5.47603178802e-07, 1.3665903964e-07, 5.16565080488e-07, 5.45009477548e-08, 2.39643469513e-08, 2.64685215967e-08, 4.66864946702e-08, 2.77860952025e-08, 4.80434225736e-09, 1.32494648586e-09, 1.64554225801e-09, 1.25622765523e-08, 1.27888388768e-09, 5.94978122326e-10, 2.97910029978e-09, 1.18278542516e-09, 1.24315602257e-09, 4.43503456182e-10, 4.36298525086e-10, 4.12953921058e-10, 3.96306931716e-10, 1.29322302866e-10, 1.6967967309e-10, 1.32562585908e-10, 8.14309383812e-11, 4.79629079508e-11, 3.28371704827e-11, 1.64364442196e-11, 8.03221551771e-12, 7.44669777231e-12, 2.84290906788e-12, 1.75652775745e-12, 7.57852819128e-13, 5.48741824549e-13, 4.09578485494e-13],
        "dvar2": [2.51769833994e-05, 1.41936507134e-05, 2.60948172581e-06, 1.70885505213e-06, 5.30852503289e-07, 1.3708483948e-06, 3.28501755575e-07, 1.17768695418e-06, 1.28185362769e-07, 6.32735250861e-08, 6.06607599707e-08, 1.03974052479e-07, 6.69754598448e-08, 1.22040040296e-08, 3.14884496255e-09, 4.03287137019e-09, 2.99758866618e-08, 2.84722756483e-09, 1.3147153366e-09, 7.89602516704e-09, 3.0162046194e-09, 3.21543969228e-09, 1.11092912647e-09, 1.07266584504e-09, 1.03397623796e-09, 1.03077546498e-09, 2.895925999e-10, 4.10045192245e-10, 3.05324404648e-10, 1.77583378558e-10, 1.05993401556e-10, 7.43387157387e-11, 3.80680556522e-11, 1.93329345588e-11, 1.79428711472e-11, 6.44786871465e-12, 4.47531985429e-12, 1.96121764662e-12, 1.43432910948e-12, 1.06005753221e-12],
        "max": [0.0365235209465, 0.0263428278267, 0.015052982606, 0.00830347277224, 0.00587318185717, 0.0140975527465, 0.00687663722783, 0.011587722227, 0.00428957073018, 0.00356798339635, 0.00224243407138, 0.00442608026788, 0.00370848854072, 0.00165309384465, 0.000684063066728, 0.000792020058725, 0.00251200958155, 0.000443438271759, 0.000318974489346, 0.00144756340887, 0.000385216844734, 0.000410792883486, 0.000266781949904, 0.000272064062301, 0.000323084939737, 0.000348731002305, 0.000166822443134, 0.00019430978864, 0.00018374811043, 0.000134765912662, 0.000122077806736, 8.39554122649e-05, 5.99453196628e-05, 5.06855321873e-05, 6.5949105192e-05, 2.39205874095e-05, 1.5158540009e-05, 1.89487873286e-05, 1.24462321764e-05, 1.19265068861e-05],
        "mean": [0.00177030987106, 0.00118444557302, 0.00060056662187, 0.000594209239352, 0.000467278412543, 0.000641504942905, 0.000394944421714, 0.000600965286139, 0.000238044449361, 0.000122858691611, 0.00016832309484, 0.000100623408798, 0.000122428697068, 6.99379597791e-05, 3.92222063965e-05, 3.25620967487e-05, 8.66157497512e-05, 3.39073012583e-05, 2.20564761548e-05, 3.88780463254e-05, 2.36469277297e-05, 2.42583773797e-05, 2.2091973733e-05, 1.6333640815e-05, 1.67494363268e-05, 1.15806342365e-05, 9.29155885387e-06, 8.99104088603e-06, 7.34057630325e-06, 6.66535106575e-06, 4.95600534123e-06, 3.99268128604e-06, 2.75412708106e-06, 2.17040496864e-06, 1.80188374088e-06, 1.54927624862e-06, 1.07843845853e-06, 8.56527663018e-07, 6.48437207929e-07, 5.33915908818e-07],
        "median": [0.000570146657992, 0.000437679991592, 0.000302903179545, 0.000330224283971, 0.000269521900918, 0.00028404474142, 0.00015884777531, 0.00020470994059, 0.000115435177577, 5.76975289732e-05, 8.77379716258e-05, 2.60904307652e-05, 4.69115984743e-05, 3.58122124453e-05, 2.16052394535e-05, 1.33571775223e-05, 3.27242159983e-05, 1.673342922e-05, 1.03410457086e-05, 1.5305729903e-05, 1.15162620205e-05, 1.21408165796e-05, 1.05323542812e-05, 7.47912599763e-06, 8.22485344543e-06, 5.62819150218e-06, 4.62963635073e-06, 3.65532059732e-06, 2.62441699306e-06, 2.66300412477e-06, 1.96494920601e-06, 1.35496793519e-06, 1.08534027277e-06, 1.09584925667e-06, 8.81067364844e-07, 6.90740080245e-07, 5.26947246726e-07, 3.66302231214e-07, 2.56751491179e-07, 1.68493187402e-07],
        "min": [2.28019731895e-24, 1.20004321358e-24, 3.138873992e-24, 1.4068562147e-24, 4.70728724376e-24, 5.84050210576e-24, 7.30735188256e-24, 3.25795215121e-24, 5.46389872632e-24, 5.17762662584e-24, 3.49614949041e-24, 5.39312133704e-24, 3.72985702776e-24, 4.26351235824e-24, 3.8744579927e-24, 8.69205678443e-24, 7.8495785812e-24, 4.42102658177e-24, 8.15568501142e-24, 4.61299903849e-24, 5.5270667633e-24, 5.83190194417e-24, 6.42566098145e-24, 9.2452880927e-24, 7.42463972194e-24, 5.51576869742e-24, 5.74864911411e-24, 7.86234235065e-24, 6.67989349626e-24, 5.22263153491e-24, 8.42019796155e-24, 1.05084382066e-23, 6.69534018165e-24, 7.36735500959e-24, 8.63447546037e-24, 9.19944817436e-24, 6.85684840794e-24, 9.79983916527e-24, 9.0457583485e-24, 8.50548013629e-24],
        "var": [1.35433729156e-05, 5.74579325985e-06, 9.90102421383e-07, 6.58600697534e-07, 3.69780195797e-07, 1.01494765659e-06, 3.42577322954e-07, 1.11156452931e-06, 1.2212288425e-07, 3.59004772577e-08, 5.4061697341e-08, 9.75287903771e-08, 5.39004965106e-08, 9.68417701586e-09, 2.86507839675e-09, 3.31774585582e-09, 2.62965080822e-08, 2.34652208775e-09, 1.02763852983e-09, 5.12334841218e-09, 1.37348055151e-09, 1.42416622939e-09, 8.42768466125e-10, 6.04482408573e-10, 5.82187353881e-10, 4.17959056254e-10, 2.11101691683e-10, 2.35764019418e-10, 1.97878158303e-10, 1.39181402514e-10, 7.51723266967e-11, 5.22706392059e-11, 2.39371109739e-11, 1.19631908546e-11, 9.97744508541e-12, 5.987052e-12, 2.42739075368e-12, 1.87835511034e-12, 1.31941191913e-12, 1.13460282836e-12]
    },
    "mfcc": {
        "mean": [-623.896484375, 116.781021118, -0.653048634529, 24.1797428131, -1.55688202381, 2.31262135506, -4.85690069199, 1.8432431221, -2.40096282959, 2.55635404587, -0.434737712145, 2.70671105385, -0.680600345135],
        "cov": [[3194.36865234, -122.530540466, -13.6471157074, 117.651092529, 12.8926000595, -54.580947876, 2.23537421227, 41.6463813782, 41.9036026001, 14.7763090134, 81.205329895, 57.0926971436, 80.0439605713], [-122.530540466, 615.571899414, -109.159034729, -41.6164245605, 30.4560031891, -63.8897247314, -30.859910965, 82.9592056274, -12.0880041122, 38.8332595825, 58.9293899536, 58.0496864319, 36.6097297668], [-13.6471157074, -109.159034729, 319.83581543, 19.0407238007, 20.1071586609, 35.3380737305, 20.8559474945, -0.213603332639, 2.43646502495, 11.5519742966, -29.2749710083, -19.2747783661, -11.3867559433], [117.651092529, -41.6164245605, 19.0407238007, 140.872467041, 11.5860586166, 23.9882621765, 5.55752134323, 15.0378293991, 15.5609779358, 0.130543932319, 2.13958525658, -4.57873392105, 0.930873513222], [12.8926000595, 30.4560031891, 20.1071586609, 11.5860586166, 131.745666504, -5.74079799652, 11.0168275833, 27.4120731354, 6.679063797, 15.079826355, 31.4061145782, 21.5921192169, 11.3230791092], [-54.580947876, -63.8897247314, 35.3380737305, 23.9882621765, -5.74079799652, 123.901817322, 27.4403076172, -22.8391456604, 7.83432722092, -1.50845587254, -18.8150177002, -17.5091190338, -14.7308588028], [2.23537421227, -30.859910965, 20.8559474945, 5.55752134323, 11.0168275833, 27.4403076172, 96.313911438, 39.8966560364, 22.876001358, -0.0982608646154, -2.45035028458, -13.023973465, 7.70201635361], [41.6463813782, 82.9592056274, -0.213603332639, 15.0378293991, 27.4120731354, -22.8391456604, 39.8966560364, 118.380805969, 33.521697998, 19.0327548981, 10.2788677216, 4.09014844894, 20.8857021332], [41.9036026001, -12.0880041122, 2.43646502495, 15.5609779358, 6.679063797, 7.83432722092, 22.876001358, 33.521697998, 76.5384979248, 27.2707138062, 6.87302160263, -13.1891775131, -7.24645996094], [14.7763090134, 38.8332595825, 11.5519742966, 0.130543932319, 15.079826355, -1.50845587254, -0.0982608646154, 19.0327548981, 27.2707138062, 72.9333953857, 34.7531089783, 8.80803489685, -10.8337945938], [81.205329895, 58.9293899536, -29.2749710083, 2.13958525658, 31.4061145782, -18.8150177002, -2.45035028458, 10.2788677216, 6.87302160263, 34.7531089783, 98.4690856934, 52.0958747864, 15.3559350967], [57.0926971436, 58.0496864319, -19.2747783661, -4.57873392105, 21.5921192169, -17.5091190338, -13.023973465, 4.09014844894, -13.1891775131, 8.80803489685, 52.0958747864, 97.3976287842, 45.1037445068], [80.0439605713, 36.6097297668, -11.3867559433, 0.930873513222, 11.3230791092, -14.7308588028, 7.70201635361, 20.8857021332, -7.24645996094, -10.8337945938, 15.3559350967, 45.1037445068, 85.7108612061]],
