{
"lowlevel": {
    "average_loudness": 0.907075703144,
    "barkbands_crest": {
        "dmean": 3.14213514328,
        "dmean2": 4.89254426956,
        "dvar": 8.40549278259,
        "dvar2": 19.1749267578,
        "max": 26.7695007324,
        "mean": 12.6601734161,
        "median": 11.5813379288,
        "min": 1.90156292915,
        "var": 31.1992015839
    },
    "barkbands_flatness_db": {
        "dmean": 0.0360431075096,
        "dmean2": 0.0526176504791,
        "dvar": 0.00138996134046,
        "dvar2": 0.00300899078138,
        "max": 0.511208176613,
        "mean": 0.153113901615,
        "median": 0.141632944345,
        "min": 0.0154875824228,
        "var": 0.00493234628811
    },
    "barkbands_kurtosis": {
        "dmean": 12.9732408524,
        "dmean2": 18.781211853,
        "dvar": 1856.09619141,
        "dvar2": 3838.34643555,
        "max": 1940.56384277,
        "mean": 18.5757675171,
        "median": 6.63338661194,
        "min": -1.85311257839,
        "var": 2683.95166016
    },
    "barkbands_skewness": {
        "dmean": 1.08266294003,
        "dmean2": 1.56981241703,
        "dvar": 2.01032090187,
        "dvar2": 3.89601969719,
        "max": 40.0244865417,
        "mean": 3.10251879692,
        "median": 2.5611178875,
        "min": -2.68250370026,
        "var": 5.99809503555
    },
    "barkbands_spread": {
        "dmean": 7.6370549202,
        "dmean2": 11.5371694565,
        "dvar": 72.2956161499,
        "dvar2": 161.838058472,
        "max": 139.616073608,
        "mean": 20.1335029602,
        "median": 17.0716934204,
        "min": 0.1322234869,
        "var": 219.134140015
    },
    "dissonance": {
        "dmean": 0.0131270568818,
        "dmean2": 0.0223086234182,
        "dvar": 0.000193388172192,
        "dvar2": 0.000546495837625,
        "max": 0.500000178814,
        "mean": 0.477608382702,
        "median": 0.482090562582,
        "min": 0.271532267332,
        "var": 0.00030850947951
    },
    "dynamic_complexity": 4.26330757141,
    "erbbands_crest": {
        "dmean": 2.04638147354,
        "dmean2": 3.36897540092,
        "dvar": 4.47398900986,
        "dvar2": 10.9297761917,
        "max": 24.6510868073,
        "mean": 6.20898103714,
        "median": 5.33677721024,
        "min": 2.09633970261,
        "var": 8.9405670166
    },
    "erbbands_flatness_db": {
        "dmean": 0.0145308598876,
        "dmean2": 0.022031892091,
        "dvar": 0.000223760478548,
        "dvar2": 0.000490073289257,
        "max": 0.349561184645,
        "mean": 0.116878218949,
        "median": 0.109364382923,
        "min": 0.0409077592194,
        "var": 0.0013182843104
    },
    "erbbands_kurtosis": {
        "dmean": 0.781723737717,
        "dmean2": 1.21836030483,
        "dvar": 2.23458790779,
        "dvar2": 4.70167732239,
        "max": 53.1496696472,
        "mean": -0.169818863273,
        "median": -0.594846248627,
        "min": -1.89255392551,
        "var": 3.57050037384
    },
    "erbbands_skewness": {
        "dmean": 0.398576021194,
        "dmean2": 0.589816272259,
        "dvar": 0.165776729584,
        "dvar2": 0.3583368361,
        "max": 6.19503974915,
        "mean": 0.143043726683,
        "median": 0.0583878979087,
        "min": -3.50189566612,
        "var": 0.569933772087
    },
    "erbbands_spread": {
        "dmean": 12.0177488327,
        "dmean2": 18.0850601196,
        "dvar": 140.501754761,
        "dvar2": 307.640563965,
        "max": 168.856735229,
        "mean": 57.2551422119,
        "median": 54.9916572571,
        "min": 4.56875896454,
        "var": 486.649230957
    },
    "hfc": {
        "dmean": 9.60335254669,
        "dmean2": 14.9064712524,
        "dvar": 211.151779175,
        "dvar2": 540.842346191,
        "max": 141.537872314,
        "mean": 19.7013626099,
        "median": 14.2813148499,
        "min": 1.18290017204e-16,
        "var": 357.689666748
    },
    "melbands_crest": {
        "dmean": 3.95296096802,
        "dmean2": 6.35708236694,
        "dvar": 13.5163183212,
        "dvar2": 35.2902946472,
        "max": 35.3338851929,
        "mean": 18.2493305206,
        "median": 17.8264522552,
        "min": 1.00192368031,
        "var": 38.8041954041
    },
    "melbands_flatness_db": {
        "dmean": 0.0437169000506,
        "dmean2": 0.0640573278069,
        "dvar": 0.00203599128872,
        "dvar2": 0.00447102775797,
        "max": 0.639112830162,
        "mean": 0.239227369428,
        "median": 0.229069069028,
        "min": -5.26346127572e-07,
        "var": 0.00755522632971
    },
    "melbands_kurtosis": {
        "dmean": 27.6930427551,
        "dmean2": 41.2785568237,
        "dvar": 2215.62329102,
        "dvar2": 4632.20800781,
        "max": 936.470458984,
        "mean": 50.3420372009,
        "median": 26.796169281,
        "min": -1.77107012272,
        "var": 4973.92871094
    },
    "melbands_skewness": {
        "dmean": 1.47413313389,
        "dmean2": 2.22835469246,
        "dvar": 2.63618564606,
        "dvar2": 5.84532117844,
        "max": 22.5913295746,
        "mean": 5.11917877197,
        "median": 4.50786590576,
        "min": -0.715435683727,
        "var": 8.18206977844
    },
    "melbands_spread": {
        "dmean": 6.72361373901,
        "dmean2": 10.7423648834,
        "dvar": 76.6522445679,
        "dvar2": 182.077362061,
        "max": 201.976211548,
        "mean": 14.661067009,
        "median": 10.6386346817,
        "min": 0.247598871589,
        "var": 198.262527466
    },
    "pitch_salience": {
        "dmean": 0.103362068534,
        "dmean2": 0.16299085319,
        "dvar": 0.0101718595251,
        "dvar2": 0.0241915583611,
        "max": 0.997696816921,
        "mean": 0.514186024666,
        "median": 0.546831727028,
        "min": 0.0209733825177,
        "var": 0.0294456668198
    },
    "silence_rate_20dB": {
        "dmean": 0,
        "dmean2": 0,
        "dvar": 0,
        "dvar2": 0,
        "max": 1,
        "mean": 1,
        "median": 1,
        "min": 1,
        "var": 0
    },
    "silence_rate_30dB": {
        "dmean": 0.0687804296613,
        "dmean2": 0.137569442391,
        "dvar": 0.0640630573034,
        "dvar2": 0.139377847314,
        "max": 1,
        "mean": 0.924733221531,
        "median": 1,
        "min": 0,
        "var": 0.0696007683873
    },
    "silence_rate_60dB": {
        "dmean": 0.0129821496084,
        "dmean2": 0.0259659197181,
        "dvar": 0.0128129245713,
        "dvar2": 0.029658170417,
        "max": 1,
        "mean": 0.0989827141166,
        "median": 0,
        "min": 0,
        "var": 0.0892045721412
    },
    "spectral_centroid": {
        "dmean": 359.198394775,
        "dmean2": 542.273986816,
        "dvar": 139657.40625,
        "dvar2": 313168.78125,
        "max": 11105.1962891,
        "mean": 1245.62072754,
        "median": 1156.57983398,
        "min": 110.417869568,
        "var": 479803.125
    },
    "spectral_complexity": {
        "dmean": 5.94020700455,
        "dmean2": 9.02128410339,
        "dvar": 43.8573112488,
        "dvar2": 93.9649124146,
        "max": 60,
        "mean": 19.7238349915,
        "median": 18,
        "min": 0,
        "var": 191.193969727
    },
    "spectral_decrease": {
        "dmean": 4.26805657483e-09,
        "dmean2": 6.32103658305e-09,
        "dvar": 3.21314404654e-17,
        "dvar2": 7.47995406607e-17,
        "max": -4.86778612888e-29,
        "mean": -1.0964934738e-08,
        "median": -8.47126546688e-09,
        "min": -6.57504699575e-08,
        "var": 9.0740879399e-17
    },
    "spectral_energy": {
        "dmean": 0.0166007485241,
        "dmean2": 0.024713024497,
        "dvar": 0.000476040935609,
        "dvar2": 0.00111313257366,
        "max": 0.250248789787,
        "mean": 0.0431711785495,
        "median": 0.0339050143957,
        "min": 1.09129712032e-20,
        "var": 0.00135041959584
    },
    "spectral_energyband_high": {
        "dmean": 0.000696808390785,
        "dmean2": 0.00106999452692,
        "dvar": 1.32547745579e-06,
        "dvar2": 3.24862958223e-06,
        "max": 0.0136129260063,
        "mean": 0.00115078163799,
        "median": 0.000484776188387,
        "min": 7.64787445236e-21,
        "var": 2.42223950409e-06
    },
    "spectral_energyband_low": {
        "dmean": 0.0133785903454,
        "dmean2": 0.0196203440428,
        "dvar": 0.000410519831348,
        "dvar2": 0.000859102059621,
        "max": 0.248093143106,
        "mean": 0.0285458695143,
        "median": 0.018309161067,
        "min": 2.31102718641e-23,
        "var": 0.00103679380845
    },
    "spectral_energyband_middle_high": {
        "dmean": 0.00210375245661,
        "dmean2": 0.00348028307781,
        "dvar": 1.32874611154e-05,
        "dvar2": 3.62522114301e-05,
        "max": 0.0355988442898,
        "mean": 0.00337960501201,
        "median": 0.00224297959358,
        "min": 2.11388731841e-21,
        "var": 1.50452215166e-05
    },
    "spectral_energyband_middle_low": {
        "dmean": 0.00789061095566,
        "dmean2": 0.0127665130422,
        "dvar": 0.000239674773184,
        "dvar2": 0.000596760539338,
        "max": 0.197603166103,
        "mean": 0.0127100721002,
        "median": 0.00769821926951,
        "min": 2.05981919587e-22,
        "var": 0.000284227047814
    },
    "spectral_entropy": {
        "dmean": 0.206703394651,
        "dmean2": 0.310483813286,
        "dvar": 0.0565158165991,
        "dvar2": 0.126878529787,
        "max": 9.79839801788,
        "mean": 7.73704719543,
        "median": 7.81348085403,
        "min": 5.18431138992,
        "var": 0.181156635284
    },
    "spectral_flux": {
        "dmean": 0.0371793918312,
        "dmean2": 0.0542484149337,
        "dvar": 0.00187279342208,
        "dvar2": 0.00364090246148,
        "max": 0.419647842646,
        "mean": 0.1025910303,
        "median": 0.0850021019578,
        "min": 1.04465165685e-10,
        "var": 0.00519679905847
    },
    "spectral_kurtosis": {
        "dmean": 1.37636387348,
        "dmean2": 2.24194359779,
        "dvar": 5.20497989655,
        "dvar2": 13.0734205246,
        "max": 70.244682312,
        "mean": 3.6845498085,
        "median": 2.78723049164,
        "min": -1.15757250786,
        "var": 11.8601694107
    },
    "spectral_rms": {
        "dmean": 0.00115460285451,
        "dmean2": 0.00169833458494,
        "dvar": 1.63219363003e-06,
        "dvar2": 3.70612065126e-06,
        "max": 0.0156251452863,
        "mean": 0.00581805827096,
        "median": 0.00575135322288,
        "min": 3.26294373465e-12,
        "var": 8.26843461255e-06
    },
    "spectral_rolloff": {
        "dmean": 520.522949219,
        "dmean2": 867.06842041,
        "dvar": 744598.625,
        "dvar2": 1670553.5,
        "max": 18669.2871094,
        "mean": 880.539367676,
        "median": 344.53125,
        "min": 43.06640625,
        "var": 1511892.375
    },
    "spectral_skewness": {
        "dmean": 0.228931486607,
        "dmean2": 0.351359665394,
        "dvar": 0.0670233666897,
        "dvar2": 0.153995677829,
        "max": 6.4205698967,
        "mean": 1.41896140575,
        "median": 1.32112407684,
        "min": 0.00131855066866,
        "var": 0.248131796718
    },
    "spectral_spread": {
        "dmean": 679697.6875,
        "dmean2": 942199.75,
        "dvar": 617574563840,
        "dvar2": 1.08504376934e+12,
        "max": 39539660,
        "mean": 5235801,
        "median": 5051794.5,
        "min": 944107.625,
        "var": 3.18582816768e+12
    },
    "spectral_strongpeak": {
        "dmean": 0.211807191372,
        "dmean2": 0.34709829092,
        "dvar": 0.081692814827,
        "dvar2": 0.215683534741,
        "max": 6.39939403534,
        "mean": 0.457038015127,
        "median": 0.390222102404,
        "min": 0,
        "var": 0.127164497972
    },
    "zerocrossingrate": {
        "dmean": 0.0118317846209,
        "dmean2": 0.0136341135949,
        "dvar": 0.000149007100845,
        "dvar2": 0.000188771722605,
        "max": 0.7197265625,
        "mean": 0.0483586452901,
        "median": 0.0419921875,
        "min": 0.001953125,
        "var": 0.00114864984062
    },
    "barkbands": {
        "dmean": [0.000344873144059, 0.0107985213399, 0.00544149056077, 0.00426874868572, 0.00381806935184, 0.00091538822744, 0.000463309901534, 0.000374721013941, 0.000468612473924, 0.000337182544172, 0.000340221391525, 0.000311461073579, 0.00034227973083, 0.000230827659834, 0.00023178459378, 0.000250883429544, 0.000223837894737, 0.000195051325136, 0.000211080827285, 0.000186700213817, 0.000186130186194, 0.000135965034133, 0.000120979340863, 9.90714397631e-05, 8.44943715492e-05, 5.26855947101e-05, 4.65904304292e-06],
        "dmean2": [0.000520513334777, 0.0156443100423, 0.00901681371033, 0.00713312625885, 0.00660578161478, 0.00158569018822, 0.00078121345723, 0.000629595364444, 0.000772883242462, 0.000573705998249, 0.000593834382016, 0.000528280972503, 0.000603063905146, 0.000395971961552, 0.000400672201067, 0.000418740557507, 0.000372299458832, 0.000323362473864, 0.000351681868779, 0.000317753379932, 0.000305211637169, 0.000220066634938, 0.000190419727005, 0.000149390951265, 0.000125528895296, 7.63861171436e-05, 7.83116502134e-06],
        "dvar": [4.01068689371e-07, 0.000364157691365, 0.000137080729473, 9.11220486159e-05, 7.64806391089e-05, 4.09748145103e-06, 7.19394734006e-07, 4.89138528792e-07, 8.63996547196e-07, 4.12730003063e-07, 4.92468700486e-07, 3.81849673659e-07, 4.75327226468e-07, 1.73060982434e-07, 2.04104765089e-07, 1.92132006305e-07, 1.62582225016e-07, 1.04376084664e-07, 1.26619127627e-07, 1.17191149229e-07, 9.38252497917e-08, 5.16001747997e-08, 4.91386202839e-08, 3.73603512571e-08, 3.23226672094e-08, 1.61336650706e-08, 2.50061610307e-10],
        "dvar2": [9.82546680461e-07, 0.00074413837865, 0.000356349948561, 0.000239819913986, 0.000213073333725, 1.15310622277e-05, 1.92978495761e-06, 1.23965423882e-06, 2.20670744966e-06, 1.1111958429e-06, 1.35438767757e-06, 1.00875706721e-06, 1.31946637794e-06, 4.63230264813e-07, 5.67038853205e-07, 4.9966450888e-07, 4.22310677095e-07, 2.78426682598e-07, 3.43881993103e-07, 3.26578685872e-07, 2.46378021984e-07, 1.27227409052e-07, 1.17589571857e-07, 8.66568967695e-08, 7.39956504958e-08, 3.60278562539e-08, 6.52566722881e-10],
        "max": [0.0132475458086, 0.219453513622, 0.129515051842, 0.156251251698, 0.126872941852, 0.0262292232364, 0.0153632946312, 0.0187172349542, 0.0211020149291, 0.00995953101665, 0.00799496192485, 0.0114732393995, 0.00804872717708, 0.00581364613026, 0.00749480351806, 0.00588562851772, 0.0104140052572, 0.00526499794796, 0.00567572331056, 0.0058113289997, 0.00353625020944, 0.00258290255442, 0.00319595308974, 0.0030014468357, 0.0023988194298, 0.00161067128647, 0.000361956743291],
        "mean": [0.000518542481586, 0.0185718555003, 0.00691798655316, 0.00523206964135, 0.0046156225726, 0.00108943216037, 0.000582708453294, 0.000479953945614, 0.00057022110559, 0.00039436283987, 0.000351198134013, 0.000374845636543, 0.000354734773282, 0.000270272168564, 0.000290429976303, 0.000329821632477, 0.000319652026519, 0.000284799811197, 0.000325325498125, 0.000281642394839, 0.000275850354228, 0.000217053195229, 0.000195243250346, 0.000146802514791, 0.000110195825982, 6.62303937133e-05, 4.40374788013e-06],
        "median": [0.000158881608513, 0.00822957698256, 0.00338106974959, 0.00220503262244, 0.00216452474706, 0.000468588550575, 0.000238348715357, 0.000209478079341, 0.00023087747104, 0.00015809595061, 0.000119562879263, 0.000147253100295, 0.000148285384057, 0.000127405088278, 0.000141269003507, 0.000159885152243, 0.000166718746186, 0.000150090942043, 0.000178855261765, 0.000124813217553, 0.000108507469122, 7.55575238145e-05, 6.25259126537e-05, 4.67725549242e-05, 3.32909949066e-05, 1.88118447113e-05, 3.15259995887e-07],
        "min": [2.07246192249e-23, 8.74692206039e-24, 5.67838369556e-24, 1.51933525662e-24, 2.15696770033e-23, 9.44069209437e-24, 2.66357054491e-23, 2.76621617926e-23, 8.53220974143e-23, 8.7735355452e-23, 1.41098488785e-22, 1.42093627351e-22, 1.80116483169e-22, 2.47631516085e-22, 9.62397682595e-23, 1.73877009927e-22, 2.73329171254e-22, 2.11079614487e-22, 2.61607076856e-22, 4.42563488629e-22, 5.21698480544e-22, 4.21823414041e-22, 7.86274451194e-22, 5.63892214362e-22, 1.15681218763e-21, 1.80018674514e-21, 2.48446140556e-21],
        "var": [7.13452095624e-07, 0.000753941596486, 0.000128575687995, 8.85581757757e-05, 6.38523342786e-05, 3.51562607648e-06, 9.00308521068e-07, 6.99852193975e-07, 1.00005797776e-06, 4.351962275e-07, 4.17110356921e-07, 4.10809064988e-07, 3.80050295234e-07, 1.74419270138e-07, 2.04416068073e-07, 2.27357759286e-07, 2.08029305782e-07, 1.46794192801e-07, 1.76890694092e-07, 1.51656124103e-07, 1.55104260102e-07, 1.00146415605e-07, 9.64895576772e-08, 6.21683184931e-08, 4.47077184162e-08, 2.09250590189e-08, 2.1303270259e-10]
    },
    "erbbands": {
        "dmean": [0.281476706266, 2.64847612381, 5.77580118179, 10.2835874557, 14.4467887878, 11.9389400482, 10.4190998077, 7.41647720337, 6.86283969879, 7.70554208755, 7.2144112587, 10.7064762115, 10.3284196854, 11.7781581879, 13.8545045853, 12.3671131134, 15.3510951996, 12.3188209534, 11.6868886948, 12.6855707169, 13.5325632095, 11.9898052216, 10.5316839218, 10.7916965485, 10.1129207611, 8.89259243011, 7.88066959381, 7.04258346558, 5.05705213547, 3.99129605293, 3.49794960022, 2.277977705, 1.49521172047, 0.975386857986, 0.614317178726, 0.268874943256, 0.0945262089372, 0.0128842527047, 0.000775920518208, 3.11281983159e-05],
        "dmean2": [0.380036175251, 3.84417128563, 9.24963188171, 16.9874343872, 24.2661190033, 20.8720188141, 18.3222923279, 12.6437034607, 11.5817871094, 12.8449258804, 12.2319517136, 17.7029819489, 17.1562175751, 20.2619590759, 24.2148513794, 21.0250587463, 26.9178848267, 21.1145076752, 20.1366939545, 21.6622009277, 22.3195304871, 19.8906555176, 17.2424182892, 18.0130405426, 16.9982070923, 15.1737174988, 13.263677597, 11.3623733521, 8.11489391327, 6.42258930206, 5.46516942978, 3.47131705284, 2.26787424088, 1.46835935116, 0.925416111946, 0.391705542803, 0.138640955091, 0.0199420992285, 0.00129281054251, 4.79374575661e-05],
        "dvar": [0.253520607948, 23.0173168182, 140.896270752, 410.840942383, 1168.44177246, 756.492919922, 571.869445801, 249.067703247, 177.790634155, 190.488235474, 177.96723938, 454.615112305, 382.731658936, 593.072509766, 876.524353027, 609.077453613, 974.195861816, 517.249938965, 471.929077148, 609.414550781, 557.433532715, 459.984527588, 299.348907471, 312.473175049, 295.175628662, 296.160614014, 182.401794434, 134.347869873, 71.9067382812, 46.8532600403, 45.8229675293, 17.8016147614, 8.61077594757, 3.9987847805, 1.92122650146, 0.428593426943, 0.0506916977465, 0.00110591226257, 8.02999602456e-06, 2.97011415462e-09],
        "dvar2": [0.501409113407, 47.0995330811, 348.237731934, 1072.62878418, 3127.62036133, 2143.50512695, 1619.96643066, 694.050537109, 486.044616699, 479.549957275, 480.619445801, 1170.86108398, 988.014160156, 1620.9934082, 2431.01147461, 1614.64001465, 2718.47216797, 1366.79162598, 1308.76464844, 1675.22668457, 1440.99914551, 1220.10266113, 789.055786133, 845.387573242, 800.323364258, 831.018493652, 502.413421631, 340.808807373, 173.108520508, 119.281913757, 107.933815002, 41.402557373, 19.8500442505, 8.96865081787, 4.54952764511, 0.977827250957, 0.114774294198, 0.0026635483373, 2.1357454898e-05, 7.53907158924e-09],
        "max": [7.46800994873, 53.4355201721, 151.931228638, 272.939941406, 444.866699219, 370.487762451, 296.539215088, 243.80909729, 286.933990479, 349.120605469, 416.089538574, 427.881011963, 457.109069824, 279.641601562, 484.267303467, 481.114532471, 395.744049072, 405.727783203, 497.11026001, 419.126953125, 376.824890137, 625.986083984, 322.778381348, 390.282897949, 263.336761475, 275.852264404, 150.792160034, 135.244293213, 99.6096954346, 87.9039154053, 110.021629333, 66.8528060913, 41.4916954041, 30.672668457, 20.2690677643, 9.1467628479, 2.67591524124, 0.6154717803, 0.0899960845709, 0.0012742098188],
        "mean": [0.499313503504, 4.19704389572, 8.15612792969, 13.7854013443, 17.6564102173, 13.7962779999, 11.5455970764, 9.35731697083, 8.85524272919, 9.99723625183, 9.2248249054, 12.938082695, 12.9470205307, 12.9880142212, 15.0308046341, 15.0345344543, 16.6427574158, 14.6558036804, 14.5697488785, 16.5307769775, 18.565032959, 17.674123764, 15.8995399475, 17.1572208405, 15.3527021408, 13.2357606888, 11.0727148056, 10.7378664017, 8.21753787994, 6.37154102325, 5.51498889923, 3.51892709732, 2.1062810421, 1.30444014072, 0.758470535278, 0.328110814095, 0.117634944618, 0.0158315245062, 0.000778235727921, 6.7089436925e-05],
        "median": [0.119582921267, 1.75902473927, 4.55282688141, 6.59913778305, 7.4216542244, 6.12249803543, 4.77805376053, 4.2403254509, 3.75152206421, 4.49449586868, 4.39011192322, 5.33309173584, 5.49126243591, 4.72221565247, 5.98618555069, 6.52805805206, 7.41003084183, 7.41660356522, 7.63601732254, 8.46406459808, 9.43011951447, 9.52459716797, 8.58448028564, 9.48564910889, 7.8383231163, 6.00577449799, 4.57563734055, 3.88273406029, 2.8400042057, 2.20061421394, 1.72416043282, 1.12922894955, 0.695376873016, 0.413208991289, 0.214886665344, 0.0858807936311, 0.0342683009803, 0.00365471327677, 0.000114088426926, 5.25781615579e-05],
        "min": [4.34741371085e-22, 1.69378649891e-21, 6.84704810493e-21, 5.58432539591e-21, 2.96292476501e-20, 8.3161158645e-20, 6.90371530832e-20, 9.37968530907e-20, 1.86668931181e-19, 6.25375167966e-19, 9.18652622833e-19, 1.68972350649e-18, 2.99206840594e-18, 3.16452770545e-18, 5.37501341651e-18, 7.18109156008e-18, 8.76758509747e-18, 1.50955730318e-17, 5.46770644878e-18, 6.05058588486e-18, 1.12290165201e-17, 1.75037191337e-17, 8.19200883902e-18, 1.52344334956e-17, 2.0683441113e-17, 1.62340150914e-17, 2.01731087254e-17, 1.84028032482e-17, 1.3474513271e-17, 1.93999496243e-17, 1.96816906496e-17, 1.49528512889e-17, 1.01409356977e-17, 1.15750402324e-17, 9.36311874256e-18, 5.48378973502e-18, 3.17384010478e-18, 1.50141656382e-18, 3.47895777124e-19, 3.74849754652e-20],
        "var": [0.635619938374, 42.3543281555, 152.830368042, 439.967132568, 1083.10217285, 604.090942383, 449.452972412, 241.782867432, 213.975036621, 278.453369141, 191.118621826, 494.977081299, 483.573638916, 524.837036133, 720.782165527, 627.00604248, 782.631591797, 507.197052002, 457.938262939, 603.667358398, 704.201721191, 572.192993164, 443.152130127, 478.257720947, 400.827758789, 347.196258545, 252.438201904, 240.028259277, 143.816421509, 89.0398025513, 82.6940917969, 32.9796142578, 13.3921403885, 6.01283073425, 2.3609380722, 0.534185171127, 0.0650760233402, 0.00124306231737, 6.50167930871e-06, 4.07213640585e-09]
    },
    "gfcc": {
        "mean": [-9.24404239655, 88.8719100952, -94.1626815796, 49.1142120361, -44.9753379822, 20.5576400757, -32.2385673523, 9.75869369507, -24.8226051331, 2.18385744095, -18.6544857025, 1.1632848978, -13.2715873718],
        "cov": [[16083.0507812, -2473.10498047, -262.379516602, 704.015930176, -750.663574219, 267.495513916, -613.772521973, 273.168609619, -541.458251953, 217.938919067, -323.749023438, 176.941329956, -321.266662598], [-2473.10498047, 1451.86560059, -345.082214355, -188.124664307, 195.472946167, -194.016052246, 191.73059082, -152.695999146, 199.662200928, -138.620071411, 127.374839783, -105.669639587, 130.493301392], [-262.379516602, -345.082214355, 927.893737793, 65.1472015381, 98.6922454834, 145.431808472, -49.7208976746, 95.2167739868, -85.7428970337, 65.2715911865, -61.612953186, 40.1287879944, -46.3074569702], [704.015930176, -188.124664307, 65.1472015381, 377.347015381, 19.5841464996, 59.4445228577, 30.9959926605, 19.9953956604, 34.3023376465, 2.4318420887, 28.7768058777, -12.1032428741, 9.01679706573], [-750.663574219, 195.472946167, 98.6922454834, 19.5841464996, 251.55368042, 23.2043018341, 95.6161651611, 24.2688808441, 65.182220459, 17.8543224335, 40.1644172668, 7.63310241699, 23.4963531494], [267.495513916, -194.016052246, 145.431808472, 59.4445228577, 23.2043018341, 183.275466919, 19.45154953, 60.1421546936, 5.76403427124, 28.1827716827, 9.77985286713, 18.2006244659, -1.18004322052], [-613.772521973, 191.73059082, -49.7208976746, 30.9959926605, 95.6161651611, 19.45154953, 189.400466919, 26.2643375397, 99.5019073486, 6.12781763077, 54.7904396057, 1.72630989552, 26.2233085632], [273.168609619, -152.695999146, 95.2167739868, 19.9953956604, 24.2688808441, 60.1421546936, 26.2643375397, 148.854995728, 34.449256897, 59.9536972046, -1.17453610897, 22.488161087, 3.64258551598], [-541.458251953, 199.662200928, -85.7428970337, 34.3023376465, 65.182220459, 5.76403427124, 99.5019073486, 34.449256897, 169.095809937, 18.5051326752, 67.6778335571, -5.33268404007, 39.5179977417], [217.938919067, -138.620071411, 65.2715911865, 2.4318420887, 17.8543224335, 28.1827716827, 6.12781763077, 59.9536972046, 18.5051326752, 102.586128235, 21.8171291351, 40.6738700867, -3.3471865654], [-323.749023438, 127.374839783, -61.612953186, 28.7768058777, 40.1644172668, 9.77985286713, 54.7904396057, -1.17453610897, 67.6778335571, 21.8171291351, 106.202552795, 18.5419597626, 38.2144126892], [176.941329956, -105.669639587, 40.1287879944, -12.1032428741, 7.63310241699, 18.2006244659, 1.72630989552, 22.488161087, -5.33268404007, 40.6738700867, 18.5419597626, 73.1165084839, 7.82882833481], [-321.266662598, 130.493301392, -46.3074569702, 9.01679706573, 23.4963531494, -1.18004322052, 26.2233085632, 3.64258551598, 39.5179977417, -3.3471865654, 38.2144126892, 7.82882833481, 73.2565612793]],
        "icov": [[0.000132662564283, -3.76550851797e-05, 0.000196374603547, -0.000354743329808, 0.000192073042854, -0.000176136949449, 0.000271441967925, -0.000301494757878, 0.000291350181215, -0.000203109186259, 0.000233217608184, -0.000402251636842, 0.000424928031862], [-3.76550851797e-05, 0.00241001648828, -0.000162559808814, 0.00152055209037, -0.00125383178238, 0.00160918652546, -0.00108251278289, 0.00140671944246, -0.00142988888547, 0.00182961241808, -0.001632346306, 0.00280812662095, -0.00259606796317], [0.000196374603547, -0.000162559808814, 0.00189566903282, -0.000825288763735, -0.00062016164884, -0.00124541274272, 0.000913142692298, -0.000980294542387, 0.00121725013014, -0.000849677424412, 0.00115163659211, -0.00108851445839, 0.00117148680147], [-0.000354743329808, 0.00152055209037, -0.000825288763735, 0.00473651429638, -0.00104787363671, 0.000576082209591, -0.00146466132719, 0.00151638372336, -0.00188488443382, 0.00179376988672, -0.00240771262906, 0.00358113250695, -0.00260269339196], [0.000192073042854, -0.00125383178238, -0.00062016164884, -0.00104787363671, 0.00650160899386, -0.000806034717243, -0.0015443766024, -0.000791908765677, 0.000260413973592, -0.00148059031926, 0.00048121609143, -0.00169762445148, 0.0010289294878], [-0.000176136949449, 0.00160918652546, -0.00124541274272, 0.000576082209591, -0.000806034717243, 0.00857488717884, -0.00165763567202, -0.00115540856495, -0.000678049749695, 0.00183906580787, -0.00255899480544, 0.00164847506676, -0.00184107199311], [0.000271441967925, -0.00108251278289, 0.000913142692298, -0.00146466132719, -0.0015443766024, -0.00165763567202, 0.010062109679, -0.00212438218296, -0.00252089044079, 0.000442480959464, -0.000442976859631, -0.00258593563922, 0.00273613608442], [-0.000301494757878, 0.00140671944246, -0.000980294542387, 0.00151638372336, -0.000791908765677, -0.00115540856495, -0.00212438218296, 0.0126105882227, -0.00396651076153, -0.0044114231132, 0.00252405600622, 0.00203159218654, -0.00386117538437], [0.000291350181215, -0.00142988888547, 0.00121725013014, -0.00188488443382, 0.000260413973592, -0.000678049749695, -0.00252089044079, -0.00396651076153, 0.0132972802967, -0.00281048798934, -0.00302690383978, 0.000969745742623, 5.20358116773e-06], [-0.000203109186259, 0.00182961241808, -0.000849677424412, 0.00179376988672, -0.00148059031926, 0.00183906580787, 0.000442480959464, -0.0044114231132, -0.00281048798934, 0.0189921706915, -0.00549145508558, -0.00458488473669, 0.00139621191192], [0.000233217608184, -0.001632346306, 0.00115163659211, -0.00240771262906, 0.00048121609143, -0.00255899480544, -0.000442976859631, 0.00252405600622, -0.00302690383978, -0.00549145508558, 0.0188781712204, -0.00575909065083, -0.00305808568373], [-0.000402251636842, 0.00280812662095, -0.00108851445839, 0.00358113250695, -0.00169762445148, 0.00164847506676, -0.00258593563922, 0.00203159218654, 0.000969745742623, -0.00458488473669, -0.00575909065083, 0.0239099096507, -0.00678299413994], [0.000424928031862, -0.00259606796317, 0.00117148680147, -0.00260269339196, 0.0010289294878, -0.00184107199311, 0.00273613608442, -0.00386117538437, 5.20358116773e-06, 0.00139621191192, -0.00305808568373, -0.00678299413994, 0.0224334895611]]
    },
    "melbands": {
        "dmean": [0.00278539932333, 0.00294522056356, 0.00188143423293, 0.000911627663299, 0.000403123849537, 0.000163849414093, 0.000101268655271, 8.56012629811e-05, 6.03193220741e-05, 7.03578916728e-05, 5.15261890541e-05, 4.72969186376e-05, 4.62478601548e-05, 3.55699157808e-05, 3.44269828929e-05, 3.34568794642e-05, 2.26073516387e-05, 1.93444466277e-05, 1.8228593035e-05, 1.76841440407e-05, 1.62901051226e-05, 1.36523622132e-05, 1.03255879367e-05, 9.75954571913e-06, 9.17903616937e-06, 7.83245104685e-06, 7.36578795113e-06, 5.89534511164e-06, 5.3355338423e-06, 4.55171311842e-06, 4.12634881286e-06, 3.05530534206e-06, 2.57352485278e-06, 2.30609180107e-06, 2.27838768296e-06, 1.61128866694e-06, 1.34681556574e-06, 1.10673158815e-06, 9.12987104584e-07, 8.13285282675e-07],
        "dmean2": [0.00390842184424, 0.00440548127517, 0.00306304357946, 0.00155357818585, 0.0007063082885, 0.000280845357338, 0.000170554078068, 0.000142603792483, 0.000102205005533, 0.000116129231174, 8.58448474901e-05, 8.15884195617e-05, 8.1017082266e-05, 6.07696674706e-05, 5.95978053752e-05, 5.84654226259e-05, 3.8721907913e-05, 3.34949436365e-05, 3.14182179864e-05, 2.97748538287e-05, 2.71883109235e-05, 2.28229582717e-05, 1.71308711288e-05, 1.62029627973e-05, 1.54233039211e-05, 1.32403956741e-05, 1.24309717648e-05, 1.01741043181e-05, 9.05868819245e-06, 7.60306511438e-06, 6.64788922222e-06, 4.92710341859e-06, 4.2403680709e-06, 3.76936941393e-06, 3.60910917152e-06, 2.51363735515e-06, 2.07632797355e-06, 1.69762313362e-06, 1.4209128949e-06, 1.22263747926e-06],
        "dvar": [2.39602668444e-05, 2.74202011497e-05, 1.45020885611e-05, 4.38824235971e-06, 8.16439694518e-07, 1.22850067896e-07, 3.71871244909e-08, 2.42724293997e-08, 1.23208785396e-08, 2.07250021589e-08, 9.57259516099e-09, 9.59952828339e-09, 9.67597468815e-09, 5.37838085179e-09, 4.6865618053e-09, 4.47360282152e-09, 1.81333625893e-09, 1.32644595308e-09, 1.35204514251e-09, 1.02955532988e-09, 8.98344509892e-10, 6.94780233346e-10, 2.79891693156e-10, 2.78574274759e-10, 2.34898517304e-10, 2.08027789439e-10, 1.5219392413e-10, 1.44781839295e-10, 8.96579824272e-11, 6.10320335936e-11, 4.83276890728e-11, 2.66551312272e-11, 2.07050800116e-11, 1.70309721187e-11, 2.11233114333e-11, 9.20638131702e-12, 6.25436638244e-12, 4.86406010955e-12, 3.31378631133e-12, 2.88594083526e-12],
        "dvar2": [4.79881782667e-05, 6.02694053669e-05, 3.7257294025e-05, 1.20748209156e-05, 2.31200738199e-06, 3.43643421274e-07, 1.01327664481e-07, 6.03838259394e-08, 3.33032552646e-08, 5.30888932815e-08, 2.47284788202e-08, 2.62719073163e-08, 2.68428124173e-08, 1.44163729843e-08, 1.26607080375e-08, 1.22829844074e-08, 4.75920147736e-09, 3.68724406563e-09, 3.73928976671e-09, 2.71182987177e-09, 2.34938779542e-09, 1.85768567196e-09, 7.38484495777e-10, 7.44332262492e-10, 6.38003150311e-10, 5.76186098833e-10, 4.08598627155e-10, 4.091835204e-10, 2.51520720917e-10, 1.63499810912e-10, 1.20593507402e-10, 6.45704115176e-11, 5.32828711708e-11, 4.40793859746e-11, 5.13446923867e-11, 2.08723611311e-11, 1.50076843314e-11, 1.12561409846e-11, 7.81974398428e-12, 6.402788022e-12],
        "max": [0.0652180165052, 0.0652467980981, 0.0550152249634, 0.0318866632879, 0.0104699311778, 0.00481385737658, 0.00404590275139, 0.00433052005246, 0.0033260548953, 0.0028783637099, 0.00231181364506, 0.00112017639913, 0.00140016002115, 0.00160567869898, 0.00108738138806, 0.000908557267394, 0.000724540092051, 0.000840215361677, 0.000632633629721, 0.000577596423682, 0.000460084760562, 0.000857548846398, 0.000384009705158, 0.000336819241056, 0.000357340555638, 0.000307888985844, 0.00017463126278, 0.000214734507608, 0.000119827920571, 9.75473449216e-05, 8.913387137e-05, 6.65398256388e-05, 5.54702128284e-05, 6.4605010266e-05, 7.91552374722e-05, 5.13339291501e-05, 3.63185936294e-05, 3.5347584344e-05, 2.70532727882e-05, 2.66052265943e-05],
        "mean": [0.00485564954579, 0.00494127627462, 0.00260929600336, 0.00112280773465, 0.000458854105091, 0.000204314856092, 0.000130519692902, 0.000110303386464, 7.49953687773e-05, 8.39997155708e-05, 6.37883858872e-05, 5.13866070833e-05, 4.82844989165e-05, 4.23199344368e-05, 3.87433938158e-05, 3.49893671228e-05, 2.62159901467e-05, 2.28403914662e-05, 2.22757262236e-05, 2.28636472457e-05, 2.11760107049e-05, 1.88905705727e-05, 1.51211361299e-05, 1.3764056348e-05, 1.40361453305e-05, 1.12807038022e-05, 1.07186451714e-05, 8.24022026791e-06, 7.07124854671e-06, 6.39768450128e-06, 6.10440793025e-06, 4.82426548842e-06, 3.75763488591e-06, 3.54127473656e-06, 3.44238583239e-06, 2.50452944783e-06, 1.96982000489e-06, 1.54776125783e-06, 1.18672733151e-06, 1.06283061996e-06],
        "median": [0.00180850387551, 0.00286474009044, 0.00133037206251, 0.000514913117513, 0.000198538706172, 9.23934785533e-05, 5.48127827642e-05, 4.81136157759e-05, 3.43795145454e-05, 3.33498319378e-05, 2.64613227046e-05, 1.7886644855e-05, 1.7829997887e-05, 1.71119627339e-05, 1.59555183927e-05, 1.46901702465e-05, 1.2441756553e-05, 1.1145206372e-05, 1.02862950371e-05, 1.10213259177e-05, 1.02528510979e-05, 9.64456285146e-06, 7.98671862867e-06, 6.85833538228e-06, 7.51649713493e-06, 5.88167813476e-06, 4.6985537665e-06, 3.62885680261e-06, 2.79003711512e-06, 2.48743003795e-06, 2.07609809877e-06, 1.60506647262e-06, 1.27772136693e-06, 1.15916247978e-06, 1.02039984995e-06, 8.0667587099e-07, 6.27986992185e-07, 4.92389403917e-07, 3.83674205295e-07, 3.25012848634e-07],
        "min": [4.17370369962e-24, 2.79776402848e-24, 1.22968880362e-24, 4.445667441e-24, 2.80303026667e-24, 1.94339946635e-24, 3.71616398016e-24, 6.32315047897e-24, 8.38054665701e-24, 1.14474209198e-23, 1.51745504609e-23, 1.14291256576e-23, 2.03757044688e-23, 1.24427361902e-23, 1.80021056243e-23, 2.26129802604e-23, 2.85478506408e-23, 8.48840760858e-24, 6.32210011067e-24, 9.74582822568e-24, 1.19431663562e-23, 2.07130987003e-23, 7.07360687431e-24, 9.94448470086e-24, 1.24938843536e-23, 9.60709125828e-24, 2.18287278806e-23, 7.24781812776e-24, 1.29802257791e-23, 1.34562173496e-23, 9.27812679447e-24, 6.71021494288e-24, 9.40848763678e-24, 1.16324395676e-23, 9.37798080785e-24, 1.49053990087e-23, 7.0414047833e-24, 7.21203145279e-24, 7.63733397693e-24, 9.89498289019e-24],
        "var": [5.4837877542e-05, 4.45639670943e-05, 1.56668302225e-05, 3.88390162698e-06, 6.52551193525e-07, 1.15184988658e-07, 4.49190302731e-08, 3.69175978676e-08, 1.31208084397e-08, 2.2764471197e-08, 1.20600001097e-08, 8.50530490482e-09, 7.81089504187e-09, 5.47457901234e-09, 4.44323111637e-09, 3.73475206317e-09, 1.81783288422e-09, 1.23424659382e-09, 1.35860300787e-09, 1.13651998923e-09, 1.04730968342e-09, 7.73695718603e-10, 4.09545564128e-10, 3.70111302717e-10, 3.45227624265e-10, 2.42885239699e-10, 2.18138548891e-10, 1.52783119489e-10, 1.14841844367e-10, 9.04504873778e-11, 8.2402890067e-11, 5.15790014866e-11, 3.38358091545e-11, 3.06754621704e-11, 3.51270124099e-11, 1.72960291922e-11, 1.05250651944e-11, 7.53117013197e-12, 4.64957542953e-12, 4.29498233853e-12]
    },
    "mfcc": {
        "mean": [-652.726928711, 113.254608154, 15.269947052, 35.4847793579, 13.7960557938, 15.3603792191, 7.06397914886, 9.21481323242, 2.28307938576, 3.34654092789, -0.802103579044, 0.145621687174, -1.30787408352],
        "cov": [[11842.3544922, -1020.50628662, -416.520477295, 319.087371826, -182.071731567, 28.9524517059, -178.447875977, -20.8958282471, -205.995620728, -113.926986694, -88.7719192505, -28.4707565308, -91.4622650146], [-1020.50628662, 1263.02648926, -250.456253052, -33.8351364136, -22.5911865234, -43.5804214478, -29.2927398682, -12.5601644516, 18.9753894806, -9.49632835388, -10.6959896088, -13.4422683716, 12.2439031601], [-416.520477295, -250.456253052, 645.700805664, 24.9845294952, 143.293624878, 50.2077789307, 76.3543548584, 17.2700805664, 22.1578330994, 6.81023836136, 0.639886498451, -3.23881244659, -8.42404937744], [319.087371826, -33.8351364136, 24.9845294952, 282.014465332, 44.5219306946, 44.4236450195, 16.9371604919, 25.2740955353, 17.3784866333, 23.0925369263, 13.9325199127, 18.7345371246, 9.11610031128], [-182.071731567, -22.5911865234, 143.293624878, 44.5219306946, 185.342407227, 40.8109970093, 44.7178916931, 18.58776474, 29.1809597015, 12.7200059891, 16.5659828186, 16.349615097, 7.22952890396], [28.9524517059, -43.5804214478, 50.2077789307, 44.4236450195, 40.8109970093, 123.642417908, 43.5954322815, 35.10131073, 6.79239988327, 10.2532558441, 20.0406742096, 16.1157779694, 7.35033226013], [-178.447875977, -29.2927398682, 76.3543548584, 16.9371604919, 44.7178916931, 43.5954322815, 110.674415588, 35.2257652283, 23.8042221069, 10.2053375244, 17.8431739807, 14.275302887, 15.7426424026], [-20.8958282471, -12.5601644516, 17.2700805664, 25.2740955353, 18.58776474, 35.10131073, 35.2257652283, 93.1133117676, 42.7722206116, 36.9322814941, 22.939622879, 21.4013500214, 11.7803688049], [-205.995620728, 18.9753894806, 22.1578330994, 17.3784866333, 29.1809597015, 6.79239988327, 23.8042221069, 42.7722206116, 92.2944869995, 47.5022354126, 28.3409900665, 18.7877750397, 12.5451383591], [-113.926986694, -9.49632835388, 6.81023836136, 23.0925369263, 12.7200059891, 10.2532558441, 10.2053375244, 36.9322814941, 47.5022354126, 86.2686386108, 40.1158065796, 27.3893451691, 14.8324918747], [-88.7719192505, -10.6959896088, 0.639886498451, 13.9325199127, 16.5659828186, 20.0406742096, 17.8431739807, 22.939622879, 28.3409900665, 40.1158065796, 73.6632003784, 35.5806427002, 18.3689956665], [-28.4707565308, -13.4422683716, -3.23881244659, 18.7345371246, 16.349615097, 16.1157779694, 14.275302887, 21.4013500214, 18.7877750397, 27.3893451691, 35.5806427002, 69.7535018921, 32.6657104492], [-91.4622650146, 12.2439031601, -8.42404937744, 9.11610031128, 7.22952890396, 7.35033226013, 15.7426424026, 11.7803688049, 12.5451383591, 14.8324918747, 18.3689956665, 32.6657104492, 59.7013130188]],
