{
"lowlevel": {
    "average_loudness": 0.78223913908,
    "barkbands_crest": {
        "dmean": 2.81313157082,
        "dmean2": 4.40519571304,
        "dvar": 7.85996246338,
        "dvar2": 18.886013031,
        "max": 26.1111030579,
        "mean": 11.7621011734,
        "median": 11.1080579758,
        "min": 2.17564320564,
        "var": 20.896440506
    },
    "barkbands_flatness_db": {
        "dmean": 0.0421514175832,
        "dmean2": 0.0597865507007,
        "dvar": 0.00199160655029,
        "dvar2": 0.00407742522657,
        "max": 0.617286860943,
        "mean": 0.20266482234,
        "median": 0.18380227685,
        "min": 0.0161196570843,
        "var": 0.0102076996118
    },
    "barkbands_kurtosis": {
        "dmean": 11.8608837128,
        "dmean2": 18.081237793,
        "dvar": 658.069396973,
        "dvar2": 1537.84960938,
        "max": 785.951660156,
        "mean": 17.1671981812,
        "median": 7.1117067337,
        "min": -1.95229756832,
        "var": 1019.72491455
    },
    "barkbands_skewness": {
        "dmean": 1.09673368931,
        "dmean2": 1.62328231335,
        "dvar": 1.83355748653,
        "dvar2": 4.09009408951,
        "max": 23.0229282379,
        "mean": 2.8834335804,
        "median": 2.49327993393,
        "min": -3.29945087433,
        "var": 4.87959098816
    },
    "barkbands_spread": {
        "dmean": 9.88361930847,
        "dmean2": 15.4075698853,
        "dvar": 177.997161865,
        "dvar2": 415.66607666,
        "max": 106.74319458,
        "mean": 21.1125984192,
        "median": 14.1444063187,
        "min": 0.290218740702,
        "var": 377.80480957
    },
    "dissonance": {
        "dmean": 0.0187093429267,
        "dmean2": 0.0301363430917,
        "dvar": 0.000474444765132,
        "dvar2": 0.00113104900811,
        "max": 0.500000119209,
        "mean": 0.46581402421,
        "median": 0.476344257593,
        "min": 0.0303699299693,
        "var": 0.00110649527051
    },
    "dynamic_complexity": 3.62941551208,
    "erbbands_crest": {
        "dmean": 2.60570311546,
        "dmean2": 4.07584619522,
        "dvar": 6.94858217239,
        "dvar2": 15.3336391449,
        "max": 29.8210735321,
        "mean": 8.46144199371,
        "median": 7.39599752426,
        "min": 2.33633327484,
        "var": 18.4626808167
    },
    "erbbands_flatness_db": {
        "dmean": 0.0224676392972,
        "dmean2": 0.0323715917766,
        "dvar": 0.000677946663927,
        "dvar2": 0.00129007501528,
        "max": 0.423029512167,
        "mean": 0.160313367844,
        "median": 0.133298009634,
        "min": 0.0562875792384,
        "var": 0.00545004755259
    },
    "erbbands_kurtosis": {
        "dmean": 1.50861644745,
        "dmean2": 2.37277555466,
        "dvar": 6.76402711868,
        "dvar2": 15.1635313034,
        "max": 48.576587677,
        "mean": 0.596483588219,
        "median": -0.452829360962,
        "min": -1.92771112919,
        "var": 11.2065629959
    },
    "erbbands_skewness": {
        "dmean": 0.565042376518,
        "dmean2": 0.838826835155,
        "dvar": 0.355575978756,
        "dvar2": 0.766384243965,
        "max": 6.58762788773,
        "mean": 0.275302052498,
        "median": 0.168805897236,
        "min": -4.78435897827,
        "var": 1.25787448883
    },
    "erbbands_spread": {
        "dmean": 16.5419521332,
        "dmean2": 25.4431972504,
        "dvar": 354.000274658,
        "dvar2": 802.111022949,
        "max": 184.891067505,
        "mean": 58.6242446899,
        "median": 56.6462402344,
        "min": 3.71830654144,
        "var": 978.237060547
    },
    "hfc": {
        "dmean": 12.5210800171,
        "dmean2": 19.7349872589,
        "dvar": 482.127319336,
        "dvar2": 1225.24450684,
        "max": 224.471298218,
        "mean": 19.3457260132,
        "median": 10.1541566849,
        "min": 1.13252328454e-16,
        "var": 578.166564941
    },
    "melbands_crest": {
        "dmean": 3.48265194893,
        "dmean2": 5.51094722748,
        "dvar": 10.4372329712,
        "dvar2": 26.7698478699,
        "max": 33.5455513,
        "mean": 17.3324928284,
        "median": 17.0240268707,
        "min": 1.90886735916,
        "var": 30.248840332
    },
    "melbands_flatness_db": {
        "dmean": 0.0510947406292,
        "dmean2": 0.0720585510135,
        "dvar": 0.00297316070646,
        "dvar2": 0.00620495993644,
        "max": 0.767810463905,
        "mean": 0.279222428799,
        "median": 0.26023504138,
        "min": 0.00525949895382,
        "var": 0.0158139169216
    },
    "melbands_kurtosis": {
        "dmean": 30.4988441467,
        "dmean2": 46.1311149597,
        "dvar": 3186.6730957,
        "dvar2": 7149.07910156,
        "max": 1129.6439209,
        "mean": 52.4357757568,
        "median": 26.9472999573,
        "min": -1.91491413116,
        "var": 5748.33642578
    },
    "melbands_skewness": {
        "dmean": 1.52947032452,
        "dmean2": 2.3056230545,
        "dvar": 3.51168131828,
        "dvar2": 8.01062774658,
        "max": 25.4258232117,
        "mean": 4.99737262726,
        "median": 4.36150979996,
        "min": -1.51214945316,
        "var": 9.13881874084
    },
    "melbands_spread": {
        "dmean": 9.34230136871,
        "dmean2": 14.9492893219,
        "dvar": 244.023452759,
        "dvar2": 605.595458984,
        "max": 233.363876343,
        "mean": 17.4799575806,
        "median": 8.83965682983,
        "min": 0.263826221228,
        "var": 497.20413208
    },
    "pitch_salience": {
        "dmean": 0.0864614322782,
        "dmean2": 0.137859791517,
        "dvar": 0.0079287448898,
        "dvar2": 0.0196704585105,
        "max": 0.959264397621,
        "mean": 0.53253108263,
        "median": 0.550313830376,
        "min": 0.0849882364273,
        "var": 0.0179973896593
    },
    "silence_rate_20dB": {
        "dmean": 0,
        "dmean2": 0,
        "dvar": 0,
        "dvar2": 0,
        "max": 1,
        "mean": 1,
        "median": 1,
        "min": 1,
        "var": 0
    },
    "silence_rate_30dB": {
        "dmean": 0.0501149408519,
        "dmean2": 0.100237563252,
        "dvar": 0.0476014502347,
        "dvar2": 0.11148430407,
        "max": 1,
        "mean": 0.934870898724,
        "median": 1,
        "min": 0,
        "var": 0.0608793161809
    },
    "silence_rate_60dB": {
        "dmean": 0.0174712650478,
        "dmean2": 0.034945204854,
        "dvar": 0.0171659495682,
        "dvar2": 0.043379612267,
        "max": 1,
        "mean": 0.0865067839622,
        "median": 0,
        "min": 0,
        "var": 0.0790375173092
    },
    "spectral_centroid": {
        "dmean": 401.625946045,
        "dmean2": 619.593383789,
        "dvar": 248759.609375,
        "dvar2": 570560.8125,
        "max": 11081.0664062,
        "mean": 1167.11096191,
        "median": 887.691650391,
        "min": 135.660522461,
        "var": 805584.375
    },
    "spectral_complexity": {
        "dmean": 5.70620679855,
        "dmean2": 8.5582036972,
        "dvar": 64.1376113892,
        "dvar2": 132.90071106,
        "max": 61,
        "mean": 14.1173086166,
        "median": 10,
        "min": 0,
        "var": 144.18019104
    },
    "spectral_decrease": {
        "dmean": 4.01273902995e-09,
        "dmean2": 5.94929572273e-09,
        "dvar": 3.82604186705e-17,
        "dvar2": 8.67070438064e-17,
        "max": 4.34008012041e-29,
        "mean": -9.56342116609e-09,
        "median": -6.53608767109e-09,
        "min": -8.3891400493e-08,
        "var": 9.26576090795e-17
    },
    "spectral_energy": {
        "dmean": 0.0157500430942,
        "dmean2": 0.0233960803598,
        "dvar": 0.000574292731471,
        "dvar2": 0.00130627397448,
        "max": 0.319516777992,
        "mean": 0.037849213928,
        "median": 0.0260949563235,
        "min": 1.01085114003e-20,
        "var": 0.0013894776348
    },
    "spectral_energyband_high": {
        "dmean": 0.00122301257215,
        "dmean2": 0.00199192273431,
        "dvar": 5.61636488783e-06,
        "dvar2": 1.45216799865e-05,
        "max": 0.0266549922526,
        "mean": 0.00147066893987,
        "median": 0.000354271702236,
        "min": 6.95291187525e-21,
        "var": 6.11396671957e-06
    },
    "spectral_energyband_low": {
        "dmean": 0.0120182242244,
        "dmean2": 0.0174636282027,
        "dvar": 0.000428131781518,
        "dvar2": 0.000938992539886,
        "max": 0.306908845901,
        "mean": 0.0251751225442,
        "median": 0.014100712724,
        "min": 6.54850539928e-23,
        "var": 0.00101795280352
    },
    "spectral_energyband_middle_high": {
        "dmean": 0.00134423747659,
        "dmean2": 0.00206590862945,
        "dvar": 4.88880959892e-06,
        "dvar2": 1.17880563266e-05,
        "max": 0.0229772813618,
        "mean": 0.00209488905966,
        "median": 0.000924006628338,
        "min": 1.67725106557e-21,
        "var": 7.69279904489e-06
    },
    "spectral_energyband_middle_low": {
        "dmean": 0.00756994262338,
        "dmean2": 0.0123093370348,
        "dvar": 0.000237798129092,
        "dvar2": 0.000631178321782,
        "max": 0.201742842793,
        "mean": 0.0135291684419,
        "median": 0.00946507509798,
        "min": 2.233083974e-22,
        "var": 0.000256474915659
    },
    "spectral_entropy": {
        "dmean": 0.328842163086,
        "dmean2": 0.471729636192,
        "dvar": 0.143408119678,
        "dvar2": 0.29150724411,
        "max": 9.80566596985,
        "mean": 7.32023429871,
        "median": 7.50887918472,
        "min": 4.34633731842,
        "var": 0.673486471176
    },
    "spectral_flux": {
        "dmean": 0.0357468500733,
        "dmean2": 0.0554001182318,
        "dvar": 0.00183536007535,
        "dvar2": 0.00390991289169,
        "max": 0.435397744179,
        "mean": 0.0883475914598,
        "median": 0.071221716702,
        "min": 6.63668842105e-11,
        "var": 0.00463480735198
    },
    "spectral_kurtosis": {
        "dmean": 5.25534343719,
        "dmean2": 8.56101322174,
        "dvar": 172.631546021,
        "dvar2": 411.264465332,
        "max": 296.602325439,
        "mean": 9.10203933716,
        "median": 2.19148826599,
        "min": -1.18724429607,
        "var": 439.817596436
    },
    "spectral_rms": {
        "dmean": 0.00115723710041,
        "dmean2": 0.00166441232432,
        "dvar": 2.04146499527e-06,
        "dvar2": 4.29398232882e-06,
        "max": 0.0176556985825,
        "mean": 0.00539205223322,
        "median": 0.00504564121366,
        "min": 3.14037598009e-12,
        "var": 7.85176052887e-06
    },
    "spectral_rolloff": {
        "dmean": 818.460449219,
        "dmean2": 1422.18701172,
        "dvar": 2435356,
        "dvar2": 6004328,
        "max": 19358.3496094,
        "mean": 1268.45666504,
        "median": 301.46484375,
        "min": 64.599609375,
        "var": 3454276.5
    },
    "spectral_skewness": {
        "dmean": 0.503491520882,
        "dmean2": 0.787811517715,
        "dvar": 0.606304466724,
        "dvar2": 1.42183089256,
        "max": 13.7032260895,
        "mean": 1.69462561607,
        "median": 1.19406461716,
        "min": -0.728226363659,
        "var": 2.15076112747
    },
    "spectral_spread": {
        "dmean": 890145.625,
        "dmean2": 1339330.5,
        "dvar": 1.29077595341e+12,
        "dvar2": 2.73210933248e+12,
        "max": 40358480,
        "mean": 5054660,
        "median": 5207502.5,
        "min": 280196.40625,
        "var": 5.51259471872e+12
    },
    "spectral_strongpeak": {
        "dmean": 0.258028268814,
        "dmean2": 0.423830509186,
        "dvar": 0.175133034587,
        "dvar2": 0.441662669182,
        "max": 14.3075380325,
        "mean": 0.552819728851,
        "median": 0.456686109304,
        "min": 0,
        "var": 0.262098968029
    },
    "zerocrossingrate": {
        "dmean": 0.0152096431702,
        "dmean2": 0.0178445484489,
        "dvar": 0.000299697625451,
        "dvar2": 0.000404682708904,
        "max": 0.70361328125,
        "mean": 0.0532719679177,
        "median": 0.04248046875,
        "min": 0.001953125,
        "var": 0.00185269780923
    },
    "barkbands": {
        "dmean": [0.000142686127219, 0.0070498790592, 0.00538459420204, 0.00450524128973, 0.00342006329447, 0.00074514595326, 0.000375586794689, 0.000326694251271, 0.00016133315512, 0.000209784251638, 7.24148922018e-05, 0.000139092546306, 0.000124816579046, 9.89061227301e-05, 0.000154882349307, 0.000140307820402, 0.000141585202073, 0.000282503111521, 0.000226090909564, 0.000247969903285, 0.000254818878602, 0.00021308902069, 0.000257385196164, 0.000225827083341, 0.00017879922234, 5.03316914546e-05, 3.84010445487e-06],
        "dmean2": [0.000202539682505, 0.0101481154561, 0.00857740174979, 0.00726501829922, 0.0057192412205, 0.0012375729857, 0.000600101659074, 0.000480157556012, 0.000253688020166, 0.00032818861655, 0.000122354889754, 0.000222733418923, 0.000201717193704, 0.000161008254508, 0.000249221513513, 0.000228397970204, 0.000225124953431, 0.000457132468, 0.000368719542166, 0.000402084959205, 0.000415397371398, 0.000349579000613, 0.000428812752943, 0.000379229371902, 0.000300170300761, 8.13955193735e-05, 6.72151008985e-06],
        "dvar": [2.11015674267e-07, 0.000249550503213, 0.000127503895783, 0.000113685324322, 5.03932060383e-05, 2.47550542554e-06, 5.37478797469e-07, 5.71417558604e-07, 1.67541088558e-07, 2.24231015977e-07, 2.66203326049e-08, 9.08459867333e-08, 1.22126849078e-07, 5.6214112476e-08, 1.20772085666e-07, 8.7524405501e-08, 8.16695333583e-08, 3.40893222983e-07, 1.9501827353e-07, 2.81950832459e-07, 2.46613581112e-07, 1.79290864821e-07, 2.86212809897e-07, 2.25407418952e-07, 2.07953505083e-07, 1.59645576758e-08, 2.25789886787e-10],
        "dvar2": [4.39865033286e-07, 0.00051981798606, 0.000322334293742, 0.000302463362459, 0.000134705987875, 6.836925877e-06, 1.38667928695e-06, 1.10640314688e-06, 3.70603544297e-07, 5.44986505702e-07, 7.03415921066e-08, 2.11546506534e-07, 3.02290601439e-07, 1.3421029621e-07, 2.84382139171e-07, 2.24406690563e-07, 1.90336308492e-07, 8.31359102449e-07, 4.95727704219e-07, 6.8550866672e-07, 6.37449886653e-07, 4.61738011381e-07, 7.52223741074e-07, 5.91554965013e-07, 5.34770947525e-07, 3.85432521455e-08, 6.15905659807e-10],
        "max": [0.00831976253539, 0.263831138611, 0.158360421658, 0.171833634377, 0.152739241719, 0.0317085795105, 0.0155173307285, 0.0133124347776, 0.0110749490559, 0.0142907183617, 0.00260227266699, 0.00588564528152, 0.0120373126119, 0.00788246840239, 0.00810814741999, 0.0039784940891, 0.0054295565933, 0.0143946502358, 0.0101028140634, 0.011561893858, 0.00637282105163, 0.00544750411063, 0.00632452452555, 0.00456211343408, 0.00510242348537, 0.00163068866823, 0.000256682978943],
        "mean": [0.000229133409448, 0.0123473284766, 0.00820272788405, 0.00666225748137, 0.00466240895912, 0.000990947824903, 0.000513790058903, 0.000485781871248, 0.00019468870596, 0.000281879707472, 7.24144192645e-05, 0.000184659817023, 0.000167101155967, 0.000110296728963, 0.000193253377802, 0.000157857633894, 0.00017534744984, 0.000311998388497, 0.000275447440799, 0.000336352328304, 0.000319058162859, 0.000265935901552, 0.000279420142761, 0.000229831784964, 0.000150877982378, 4.5449782192e-05, 2.96113535114e-06],
        "median": [1.82214243978e-05, 0.00386988790706, 0.0039596138522, 0.00355719681829, 0.00244734971784, 0.00053249677876, 0.000232963822782, 0.000114235146611, 6.3570063503e-05, 8.08716285974e-05, 1.75652658072e-05, 5.41628360224e-05, 4.28793682659e-05, 2.44148213824e-05, 4.22486955358e-05, 3.1632160244e-05, 3.49727852154e-05, 4.20218239015e-05, 5.77656828682e-05, 5.55012666155e-05, 6.80068551446e-05, 5.33516649739e-05, 5.05931348016e-05, 3.79311859433e-05, 1.71619212779e-05, 4.36773598267e-06, 7.21969684037e-08],
        "min": [1.08992359547e-23, 3.48776926324e-23, 5.2520252811e-24, 3.8880993699e-24, 2.27965213717e-23, 4.49646582345e-23, 2.13470005024e-23, 1.1753833428e-23, 2.85695853364e-23, 4.20450303817e-23, 2.63468719172e-23, 1.21137783528e-22, 1.34012372155e-22, 6.73549635717e-23, 1.06689878091e-22, 1.40100586051e-22, 1.48066099575e-22, 1.4386644393e-22, 2.69920206671e-22, 2.06384352244e-22, 4.09706409563e-22, 5.0237959252e-22, 5.54426994215e-22, 7.4909322792e-22, 1.12115880491e-21, 1.41135046493e-21, 2.21426778601e-21],
        "var": [5.08595348947e-07, 0.000541199289728, 0.00017375445168, 0.000114177382784, 5.54364378331e-05, 2.36305049839e-06, 7.09559003553e-07, 1.22657468182e-06, 2.35584224129e-07, 3.46803801676e-07, 2.47361455763e-08, 1.58089378033e-07, 1.7235529981e-07, 6.71229472005e-08, 1.78663796646e-07, 9.92485951201e-08, 1.22317203477e-07, 4.17051126078e-07, 2.61840540361e-07, 5.3060097116e-07, 3.19432587048e-07, 2.27927145602e-07, 2.76940738786e-07, 2.00431685471e-07, 1.66690753645e-07, 1.48866146077e-08, 1.60229204904e-10]
    },
    "erbbands": {
        "dmean": [0.165825381875, 1.77443492413, 5.54182720184, 11.2106924057, 12.6457796097, 11.2734832764, 7.80815076828, 5.52124166489, 5.57170295715, 4.55337905884, 7.61235570908, 4.24998044968, 3.09926772118, 7.1984872818, 3.6990070343, 5.09888505936, 5.75513601303, 4.50613737106, 8.23763370514, 6.86509418488, 8.16218948364, 7.96375656128, 13.3519802094, 13.7869310379, 11.3312263489, 11.391579628, 9.68981647491, 10.4191608429, 7.81833934784, 7.94867801666, 7.07108592987, 5.54008150101, 3.39417171478, 2.40740323067, 0.964388668537, 0.298399060965, 0.0727299749851, 0.0137368785217, 0.000581243250053, 2.96725374938e-05],
        "dmean2": [0.223352745175, 2.60683441162, 8.68337917328, 17.4767150879, 21.6187801361, 18.49243927, 13.0102453232, 9.20615768433, 8.8585691452, 7.24396467209, 11.1270799637, 6.5194644928, 4.92443752289, 11.3549337387, 6.02844142914, 8.13966560364, 9.25519752502, 7.25430107117, 13.1672735214, 11.257101059, 13.1512823105, 12.5805835724, 21.4710350037, 22.5951194763, 18.3839530945, 18.4569683075, 15.6164445877, 17.3446846008, 12.7727661133, 13.0859079361, 11.8843688965, 9.33637428284, 5.68518638611, 4.04059267044, 1.61137568951, 0.483273983002, 0.11793089658, 0.0229977462441, 0.00100323499646, 4.64690128865e-05],
        "dvar": [0.168724119663, 15.6010856628, 134.339294434, 512.000549316, 972.928710938, 549.741943359, 240.959945679, 168.383789062, 112.239578247, 68.7828216553, 352.319488525, 113.235595703, 49.5073242188, 273.105010986, 52.9810333252, 114.823486328, 270.028869629, 98.2064285278, 347.319580078, 245.60647583, 278.476501465, 253.863143921, 708.300048828, 719.986816406, 508.241027832, 582.788146973, 359.748748779, 446.638244629, 247.499526978, 270.058013916, 220.283843994, 133.805435181, 56.2561302185, 38.1866035461, 5.79805994034, 0.577829658985, 0.0316317938268, 0.00182382867206, 4.23217488787e-06, 2.75964917584e-09],
        "dvar2": [0.306363523006, 33.4727020264, 331.043670654, 1261.59594727, 2705.12402344, 1422.41394043, 668.704711914, 464.318878174, 287.334228516, 178.543334961, 685.208496094, 245.730010986, 120.791778564, 681.512451172, 132.152557373, 272.484283447, 666.999206543, 230.379074097, 796.672363281, 605.963195801, 704.251159668, 590.046386719, 1704.37060547, 1824.76452637, 1287.62329102, 1385.38330078, 900.929504395, 1187.37890625, 642.015258789, 699.101989746, 589.361572266, 352.295013428, 147.095932007, 98.7736053467, 14.8298168182, 1.39760196209, 0.0770896300673, 0.00480155367404, 1.14093700176e-05, 6.84217082991e-09],
        "max": [9.54294395447, 68.9837493896, 152.353851318, 333.743896484, 417.308685303, 609.036621094, 360.717681885, 359.406768799, 247.109313965, 127.570930481, 310.609191895, 305.5078125, 128.974075317, 537.787353516, 109.181053162, 277.869171143, 579.67578125, 257.897277832, 351.39239502, 515.252319336, 246.82144165, 286.37298584, 555.399475098, 470.666900635, 475.693603516, 642.560546875, 269.838592529, 300.843505859, 198.584793091, 168.529388428, 201.690246582, 139.171813965, 81.0407104492, 70.61277771, 29.1279335022, 10.3349609375, 2.09191012383, 0.574181377888, 0.0368995852768, 0.000791657424998],
        "mean": [0.321447104216, 2.94044995308, 8.83074092865, 18.7130374908, 16.5084533691, 15.9610614777, 10.6601772308, 7.00769615173, 7.80924034119, 6.71693515778, 11.3414030075, 5.5598988533, 3.85704469681, 9.76363658905, 4.82957267761, 7.04118871689, 7.94631576538, 5.56559896469, 10.1716585159, 8.22640609741, 9.47031497955, 10.0292978287, 15.1835651398, 16.4962158203, 14.385881424, 15.7686576843, 12.8186359406, 12.5045013428, 9.78576850891, 9.0401506424, 7.64465379715, 5.70237016678, 3.3444685936, 2.05246400833, 0.830161571503, 0.268739402294, 0.0662186443806, 0.0117018092424, 0.000480736169266, 5.68434661545e-05],
        "median": [0.0741512700915, 1.06419599056, 4.12114191055, 10.6976518631, 9.49604701996, 8.223985672, 5.45555448532, 3.59405326843, 3.67522525787, 3.52045035362, 2.64556884766, 1.94257104397, 1.36817336082, 3.10464644432, 1.85284769535, 2.40403223038, 2.13190770149, 1.50514948368, 2.24968218803, 1.83944952488, 2.06447911263, 1.99407947063, 2.47913885117, 2.83488798141, 2.88684368134, 2.76788330078, 2.60765719414, 2.57362365723, 2.00701904297, 1.68087744713, 1.33351969719, 0.913036525249, 0.538858294487, 0.249265924096, 0.0939762294292, 0.0277246013284, 0.00627562589943, 0.000720155308954, 4.55808403785e-05, 3.60190861102e-05],
        "min": [6.22056733818e-22, 9.09337499617e-21, 1.32726517267e-20, 2.16173087151e-20, 3.36796150677e-20, 1.27317985523e-19, 1.10332762222e-19, 5.44142257802e-19, 4.36678830028e-19, 2.73221401091e-19, 3.25694844019e-19, 6.17591243306e-19, 1.27815482963e-18, 1.83284426062e-18, 2.3772093402e-18, 5.63420715274e-18, 5.88912436519e-18, 4.99157549793e-18, 6.69394504501e-18, 6.0022222888e-18, 7.11274245325e-18, 8.98968640066e-18, 8.33346582275e-18, 1.01876854644e-17, 1.20199955731e-17, 9.44658953817e-18, 1.22056355821e-17, 1.46846346665e-17, 1.40200000074e-17, 1.50942578146e-17, 1.60865056271e-17, 1.60944515241e-17, 1.23176085401e-17, 1.11704116009e-17, 8.63961777517e-18, 4.51546977609e-18, 2.78852345223e-18, 1.29204743141e-18, 3.09249381918e-19, 3.0472231936e-20],
        "var": [0.523739695549, 29.0819587708, 199.711013794, 696.454528809, 771.937072754, 701.074645996, 262.56628418, 144.820678711, 155.778182983, 88.5654678345, 745.219421387, 168.884613037, 56.2033042908, 418.454833984, 70.9713134766, 197.981369019, 385.319030762, 143.736877441, 520.784790039, 309.957427979, 333.889312744, 377.884033203, 873.481201172, 1003.89440918, 704.281921387, 1203.00317383, 532.346618652, 523.252380371, 316.055084229, 284.853912354, 206.746124268, 121.724281311, 48.5671920776, 30.444776535, 4.73791027069, 0.532399296761, 0.0296414438635, 0.00142539758235, 3.11157782562e-06, 3.87210974395e-09]
    },
    "gfcc": {
        "mean": [-46.5381965637, 105.226676941, -87.8993530273, 57.1613960266, -49.7353210449, 11.8670711517, -34.3321304321, 1.17233872414, -25.1619415283, -4.68149757385, -15.1242818832, -5.71148395538, -12.0805864334],
        "cov": [[15314.1640625, -4904.24853516, 1081.68811035, 2013.71191406, -1582.16430664, 1511.73864746, -750.213317871, 874.855163574, -601.432067871, 427.926696777, -374.958404541, 463.701721191, -348.474914551], [-4904.24853516, 4664.47119141, -390.436706543, -1198.51916504, 1266.99572754, -926.773010254, 775.731872559, -511.461700439, 488.654663086, -378.777313232, 347.892669678, -358.32723999, 320.51852417], [1081.68811035, -390.436706543, 1333.31237793, 193.285720825, -74.4940719604, 351.210571289, -22.9970417023, 201.992660522, -40.6949272156, 55.141078949, -60.6128768921, 84.1332168579, -24.3071403503], [2013.71191406, -1198.51916504, 193.285720825, 823.364318848, -269.064575195, 260.436645508, -151.105178833, 142.498321533, -95.7866363525, 71.6856307983, -37.6254997253, 76.6633224487, -63.8023452759], [-1582.16430664, 1266.99572754, -74.4940719604, -269.064575195, 743.226745605, -205.813308716, 234.270706177, -118.785766602, 148.621139526, -98.0734100342, 96.3905334473, -88.7512130737, 83.3410339355], [1511.73864746, -926.773010254, 351.210571289, 260.436645508, -205.813308716, 481.549591064, -132.561416626, 150.426589966, -109.378593445, 84.7881774902, -60.9363975525, 96.4437637329, -47.3035736084], [-750.213317871, 775.731872559, -22.9970417023, -151.105178833, 234.270706177, -132.561416626, 303.660308838, -37.0221786499, 90.7061767578, -64.485824585, 71.542098999, -33.7220649719, 61.789855957], [874.855163574, -511.461700439, 201.992660522, 142.498321533, -118.785766602, 150.426589966, -37.0221786499, 210.785140991, -25.9746627808, 42.941242218, -45.4284057617, 63.0010528564, -31.8250808716], [-601.432067871, 488.654663086, -40.6949272156, -95.7866363525, 148.621139526, -109.378593445, 90.7061767578, -25.9746627808, 174.280059814, 10.2611999512, 41.5956573486, -40.9747657776, 40.1399230957], [427.926696777, -378.777313232, 55.141078949, 71.6856307983, -98.0734100342, 84.7881774902, -64.485824585, 42.941242218, 10.2611999512, 144.38494873, -6.27654743195, 31.8338432312, -25.4371509552], [-374.958404541, 347.892669678, -60.6128768921, -37.6254997253, 96.3905334473, -60.9363975525, 71.542098999, -45.4284057617, 41.5956573486, -6.27654743195, 108.109138489, -0.951407551765, 32.3878555298], [463.701721191, -358.32723999, 84.1332168579, 76.6633224487, -88.7512130737, 96.4437637329, -33.7220649719, 63.0010528564, -40.9747657776, 31.8338432312, -0.951407551765, 117.461486816, 2.08324074745], [-348.474914551, 320.51852417, -24.3071403503, -63.8023452759, 83.3410339355, -47.3035736084, 61.789855957, -31.8250808716, 40.1399230957, -25.4371509552, 32.3878555298, 2.08324074745, 91.6815872192]],
        "icov": [[0.000154299821588, -0.00018958975852, 5.78078470426e-05, -0.000328851281665, 0.000178013040568, -0.000263371504843, 0.000105310384242, -0.000342766492395, 0.000295911537251, -0.000297298480291, 0.000342633051332, -0.000266786722932, 0.00022107771656], [-0.00018958975852, 0.00252885883674, -0.000600357248913, 0.00183489650954, -0.00115742231719, 0.0012331425678, -0.00163132615853, 0.00168282235973, -0.00217920611612, 0.00273770582862, -0.00327699957415, 0.00294898124412, -0.00226744846441], [5.78078470426e-05, -0.000600357248913, 0.00115109258331, -0.000467224483145, 0.000168358616065, -0.000962979043834, 0.000172100277268, -0.000953742943238, 0.000399975222535, -0.000635022530332, 0.00106223498005, -0.000788877543528, 0.000493023777381], [-0.000328851281665, 0.00183489650954, -0.000467224483145, 0.00323576945812, -0.000706316088326, 0.000637272722088, -0.000805870571639, 0.000919709505979, -0.00160445203073, 0.00212635938078, -0.00310328393243, 0.00220003561117, -0.00136483774986], [0.000178013040568, -0.00115742231719, 0.000168358616065, -0.000706316088326, 0.00284232222475, -0.000760210503358, -6.13039374002e-05, -0.000495612388477, 6.16867619101e-05, -0.000455357047031, 0.000776244502049, -0.000735400652047, 0.000758499314543], [-0.000263371504843, 0.0012331425678, -0.000962979043834, 0.000637272722088, -0.000760210503358, 0.00489773694426, -0.000268769887043, -2.28442386287e-05, 0.000372053182218, 0.000112006324343, -0.00130055693444, 0.000528695236426, -0.00141705619171], [0.000105310384242, -0.00163132615853, 0.000172100277268, -0.000805870571639, -6.13039374002e-05, -0.000268769887043, 0.00673286477104, -0.00214904267341, 0.000220021625864, -0.000126719882246, -0.000188897989574, -0.00162347126752, 0.000193706364371], [-0.000342766492395, 0.00168282235973, -0.000953742943238, 0.000919709505979, -0.000495612388477, -2.28442386287e-05, -0.00214904267341, 0.00959011167288, -0.00313924113289, 0.0017162367003, 0.000304413057165, -0.00110781227704, 0.00018551798712], [0.000295911537251, -0.00217920611612, 0.000399975222535, -0.00160445203073, 6.16867619101e-05, 0.000372053182218, 0.000220021625864, -0.00313924113289, 0.011884749867, -0.00607451237738, 0.0017342150677, 0.000254393380601, -0.000876554404385], [-0.000297298480291, 0.00273770582862, -0.000635022530332, 0.00212635938078, -0.000455357047031, 0.000112006324343, -0.000126719882246, 0.0017162367003, -0.00607451237738, 0.0130798704922, -0.00500935176387, 0.00149873818737, -0.000212613012991], [0.000342633051332, -0.00327699957415, 0.00106223498005, -0.00310328393243, 0.000776244502049, -0.00130055693444, -0.000188897989574, 0.000304413057165, 0.0017342150677, -0.00500935176387, 0.0178859923035, -0.00656569702551, 0.00141861906741], [-0.000266786722932, 0.00294898124412, -0.000788877543528, 0.00220003561117, -0.000735400652047, 0.000528695236426, -0.00162347126752, -0.00110781227704, 0.000254393380601, 0.00149873818737, -0.00656569702551, 0.0165678933263, -0.00610348489136], [0.00022107771656, -0.00226744846441, 0.000493023777381, -0.00136483774986, 0.000758499314543, -0.00141705619171, 0.000193706364371, 0.00018551798712, -0.000876554404385, -0.000212613012991, 0.00141861906741, -0.00610348489136, 0.0173310488462]]
    },
    "melbands": {
        "dmean": [0.0017276792787, 0.00258722598664, 0.00189598475117, 0.000906344153918, 0.000284695794107, 0.000124158381368, 8.34320817376e-05, 5.31879159098e-05, 5.8139932662e-05, 2.29580800806e-05, 1.62905416801e-05, 3.15699180646e-05, 1.09734910438e-05, 1.74879314727e-05, 1.17056324598e-05, 1.12788302431e-05, 8.43299403641e-06, 1.33386411107e-05, 1.0227083294e-05, 8.69320956554e-06, 1.01398218249e-05, 8.28907104733e-06, 9.19791091292e-06, 1.53489563672e-05, 1.11551471491e-05, 8.80221250554e-06, 8.82118001755e-06, 7.6272149272e-06, 6.19036927674e-06, 6.56253587294e-06, 6.13353267909e-06, 4.5875235628e-06, 4.04293223255e-06, 4.83195435663e-06, 4.09922949984e-06, 3.94724747821e-06, 3.22227037941e-06, 2.37090011979e-06, 2.34028925661e-06, 1.96502901417e-06],
        "dmean2": [0.00242705945857, 0.0038787026424, 0.00300222239457, 0.00150359119289, 0.000477849767776, 0.000206826734939, 0.00013229578326, 8.28735064715e-05, 8.48011986818e-05, 3.58240795322e-05, 2.59625921899e-05, 4.95967324241e-05, 1.81026389328e-05, 2.80779004243e-05, 1.90159353224e-05, 1.81382401934e-05, 1.37069073389e-05, 2.14051542571e-05, 1.67536582012e-05, 1.43877878145e-05, 1.64543926076e-05, 1.31042561407e-05, 1.47669798025e-05, 2.51061374001e-05, 1.85279241123e-05, 1.43047172969e-05, 1.44191781146e-05, 1.24202360894e-05, 1.00206098068e-05, 1.07685291368e-05, 1.03745596789e-05, 7.59950989959e-06, 6.6577799771e-06, 8.03999955679e-06, 6.92764842825e-06, 6.63337823426e-06, 5.43336500414e-06, 3.98431666326e-06, 3.96799941882e-06, 3.29591671289e-06],
        "dvar": [1.58793609444e-05, 2.64221744146e-05, 1.57625872816e-05, 3.61132447324e-06, 3.25061023432e-07, 7.9092068006e-08, 2.50992968631e-08, 9.00416896599e-09, 1.87840765165e-08, 3.41290218309e-09, 1.43262113284e-09, 5.28778887343e-09, 4.9716958328e-10, 1.63742019943e-09, 1.06329356431e-09, 7.99869559476e-10, 3.70663805205e-10, 9.23714882362e-10, 5.42415279359e-10, 3.77278347452e-10, 4.29418944847e-10, 3.18517517917e-10, 3.19896636958e-10, 1.17306819813e-09, 5.1101661791e-10, 2.97153524009e-10, 4.54121018567e-10, 2.79712225604e-10, 1.5568207834e-10, 1.70174208058e-10, 1.73121642022e-10, 9.26558205161e-11, 5.68154898128e-11, 1.09533680737e-10, 8.39700739497e-11, 6.32700211667e-11, 4.71929127721e-11, 2.70014392789e-11, 3.66897970339e-11, 2.59073144881e-11],
        "dvar2": [3.17663398164e-05, 6.20015853201e-05, 3.9810238377e-05, 9.4830065791e-06, 9.11401230042e-07, 2.18085702386e-07, 6.4034232139e-08, 2.12299386959e-08, 3.66702970211e-08, 7.5059993776e-09, 3.47911943699e-09, 1.30903972106e-08, 1.27741339728e-09, 3.79497500091e-09, 2.74498335173e-09, 1.79560377678e-09, 8.82443396133e-10, 2.14025308587e-09, 1.3456692427e-09, 9.67420255016e-10, 1.08280695521e-09, 7.22550075327e-10, 7.70990438159e-10, 2.89560619926e-09, 1.3207188676e-09, 7.46780470795e-10, 1.13859577322e-09, 6.73779754212e-10, 3.84571485768e-10, 4.37850561363e-10, 4.67550664851e-10, 2.43549180823e-10, 1.43822523335e-10, 2.86995927024e-10, 2.29466001755e-10, 1.66609628871e-10, 1.24254675993e-10, 7.06113501003e-11, 9.68689295444e-11, 6.66654925707e-11],
        "max": [0.0775817930698, 0.066615588963, 0.0603720955551, 0.0437166057527, 0.0115887401626, 0.00722201541066, 0.00365812308155, 0.00144524709322, 0.00218503316864, 0.00165608443785, 0.000681879988406, 0.00237210234627, 0.00038962290273, 0.000881687854417, 0.00113583100028, 0.00109379936475, 0.000444246223196, 0.000718772236723, 0.00066955195507, 0.000354163057636, 0.000311340991175, 0.000399733544327, 0.000367353000911, 0.000731786480173, 0.000410731503507, 0.00050460442435, 0.000748243008275, 0.000440291274572, 0.000220557732973, 0.000246684474405, 0.000199135101866, 0.000132197470521, 7.83186915214e-05, 0.0001195840523, 0.000146359088831, 9.70858309302e-05, 7.99512708909e-05, 5.9188947489e-05, 7.16522845323e-05, 6.21592480456e-05],
        "mean": [0.0032047694549, 0.00442359503359, 0.00307957082987, 0.00126071914565, 0.000395582901547, 0.000159304312547, 0.000117467388918, 7.98049732111e-05, 8.60567452037e-05, 2.81628199446e-05, 1.98239013116e-05, 4.26952683483e-05, 1.28096835397e-05, 2.32722668443e-05, 1.57428621606e-05, 1.4935643776e-05, 9.62135618465e-06, 1.58794628078e-05, 1.23052222989e-05, 9.98841005639e-06, 1.13680107461e-05, 1.00261031548e-05, 1.10240334834e-05, 1.61655407283e-05, 1.30149637698e-05, 1.05321287265e-05, 1.06819516077e-05, 1.04014525277e-05, 8.0673589764e-06, 7.77938475949e-06, 6.99296560924e-06, 5.55620090381e-06, 4.9699488045e-06, 5.1238598644e-06, 4.35328774984e-06, 4.11530891142e-06, 3.18988099934e-06, 2.3529853479e-06, 2.05572450795e-06, 1.63585025348e-06],
        "median": [0.00090070371516, 0.00217285938561, 0.00187215604819, 0.000668157357723, 0.00021922349697, 8.33304002299e-05, 5.51692464796e-05, 3.66244858014e-05, 2.15120217035e-05, 9.3838389148e-06, 6.41208407615e-06, 1.28949941427e-05, 4.42144528279e-06, 6.36788217889e-06, 4.76999275634e-06, 3.8700618461e-06, 2.19963158088e-06, 3.36254379363e-06, 2.72375336863e-06, 2.06176378015e-06, 2.26934298553e-06, 1.79073583695e-06, 2.10025154956e-06, 2.09103291127e-06, 2.09202289625e-06, 2.16606554204e-06, 1.77244942279e-06, 1.6524061266e-06, 1.59063120009e-06, 1.3108336816e-06, 1.40365364132e-06, 1.121906962e-06, 9.12186180813e-07, 8.89493037448e-07, 7.38222922791e-07, 6.45529041776e-07, 4.82041571104e-07, 3.79669586437e-07, 2.72360807685e-07, 1.72220111949e-07],
        "min": [9.98810870891e-24, 9.24261622082e-24, 4.20094267225e-24, 5.75010337919e-24, 5.49484889507e-24, 1.08336248155e-23, 6.53982493165e-24, 2.95029560932e-24, 2.72110725888e-24, 3.95588697635e-24, 5.60677721347e-24, 8.71513727679e-24, 4.35966148638e-24, 1.58252755108e-23, 9.06404256656e-24, 1.64575412154e-23, 7.75366808348e-24, 8.46687407245e-24, 7.89862048596e-24, 9.57278921953e-24, 8.86424382079e-24, 8.16574377682e-24, 9.00923172201e-24, 8.05024270739e-24, 7.84215618895e-24, 8.81664710922e-24, 8.81286373232e-24, 5.08430359189e-24, 6.75439352015e-24, 1.01468598663e-23, 6.30527962402e-24, 6.25389559124e-24, 7.53892436787e-24, 8.78528357735e-24, 8.43391230839e-24, 8.1741443566e-24, 9.95451112296e-24, 8.93856240668e-24, 7.91154833847e-24, 9.93540412298e-24],
        "var": [4.0181363147e-05, 4.40787516709e-05, 1.8516640921e-05, 4.18636773247e-06, 3.30332028398e-07, 7.00129589859e-08, 3.52359599276e-08, 1.44232137345e-08, 3.95560313393e-08, 4.91415574899e-09, 1.6561568783e-09, 8.27507928847e-09, 5.48959100399e-10, 2.88754842259e-09, 1.28343424777e-09, 1.39059241899e-09, 4.90345986037e-10, 1.31386368452e-09, 6.75609290735e-10, 4.30539298657e-10, 5.14465581247e-10, 4.7801845815e-10, 4.28688223808e-10, 1.26751431573e-09, 6.91712909173e-10, 4.00164984482e-10, 5.96083127302e-10, 5.95645033297e-10, 2.42903530623e-10, 2.16110712659e-10, 1.83930704001e-10, 1.11554189497e-10, 7.51897988316e-11, 1.04872339979e-10, 7.38120675692e-11, 6.02886143786e-11, 4.17195271385e-11, 2.35778081087e-11, 2.84610807144e-11, 2.0716012239e-11]
    },
    "mfcc": {
        "mean": [-688.504638672, 117.881713867, 30.6474533081, 42.4243431091, 14.8747787476, 12.1527824402, 4.3155913353, 4.83202075958, -3.3140642643, 0.559615194798, -3.17850399017, -1.35549628735, -3.1583571434],
        "cov": [[11767.46875, -3645.34985352, 431.330383301, 692.741333008, -314.209899902, 343.545013428, -0.0882573053241, 197.786651611, -30.1257152557, 25.5324001312, 19.1777954102, 98.081161499, -133.429077148], [-3645.34985352, 3970.55664062, -298.261505127, -287.095245361, 276.847869873, -153.416152954, 157.127761841, -0.620735764503, 113.929275513, 25.1897125244, -3.90112042427, -2.44454956055, 120.008026123], [431.330383301, -298.261505127, 931.504455566, 75.7994232178, 30.2858371735, 97.4048690796, 34.5566062927, 90.100769043, 62.1822166443, 24.6708812714, 33.1076850891, 21.097984314, -9.75150966644], [692.741333008, -287.095245361, 75.7994232178, 477.535827637, 24.1064949036, 47.8164253235, 34.8479537964, 49.2458763123, 0.346354454756, 14.3190717697, 22.4797096252, 14.9015741348, -24.8334369659], [-314.209899902, 276.847869873, 30.2858371735, 24.1064949036, 353.310546875, 65.7049255371, 54.1469497681, 39.8640022278, 36.8873558044, 21.9147338867, 17.9184741974, 8.75824737549, 10.4216794968], [343.545013428, -153.416152954, 97.4048690796, 47.8164253235, 65.7049255371, 201.052764893, 58.4390335083, 20.8791599274, 8.76294708252, 12.4686126709, 2.05195426941, 17.2964000702, 3.70465302467], [-0.0882573053241, 157.127761841, 34.5566062927, 34.8479537964, 54.1469497681, 58.4390335083, 168.827789307, 76.8876113892, 20.4245758057, -8.05343437195, 3.4946346283, 11.2426929474, 5.85000801086], [197.786651611, -0.620735764503, 90.100769043, 49.2458763123, 39.8640022278, 20.8791599274, 76.8876113892, 153.564437866, 45.6905555725, -4.37435388565, -0.986564993858, 10.5448408127, 4.24070215225], [-30.1257152557, 113.929275513, 62.1822166443, 0.346354454756, 36.8873558044, 8.76294708252, 20.4245758057, 45.6905555725, 111.451271057, 37.1890068054, 14.0973310471, 5.83457183838, 8.90919399261], [25.5324001312, 25.1897125244, 24.6708812714, 14.3190717697, 21.9147338867, 12.4686126709, -8.05343437195, -4.37435388565, 37.1890068054, 96.9526519775, 35.5985374451, 0.598824501038, 3.31850576401], [19.1777954102, -3.90112042427, 33.1076850891, 22.4797096252, 17.9184741974, 2.05195426941, 3.4946346283, -0.986564993858, 14.0973310471, 35.5985374451, 84.1460189819, 31.2056350708, 3.04712557793], [98.081161499, -2.44454956055, 21.097984314, 14.9015741348, 8.75824737549, 17.2964000702, 11.2426929474, 10.5448408127, 5.83457183838, 0.598824501038, 31.2056350708, 79.5728607178, 30.3681945801], [-133.429077148, 120.008026123, -9.75150966644, -24.8334369659, 10.4216794968, 3.70465302467, 5.85000801086, 4.24070215225, 8.90919399261, 3.31850576401, 3.04712557793, 30.3681945801, 82.9717559814]],
