{
"lowlevel": {
    "average_loudness": 0.602451860905,
    "barkbands_crest": {
        "dmean": 2.05449843407,
        "dmean2": 3.20391440392,
        "dvar": 3.86125588417,
        "dvar2": 9.66018676758,
        "max": 23.9855003357,
        "mean": 10.5334377289,
        "median": 9.94649124146,
        "min": 2.31474757195,
        "var": 14.673324585
    },
    "barkbands_flatness_db": {
        "dmean": 0.022043325007,
        "dmean2": 0.0313858501613,
        "dvar": 0.000559720268939,
        "dvar2": 0.00114129506983,
        "max": 0.509974896908,
        "mean": 0.185487896204,
        "median": 0.17318418622,
        "min": 0.0180454030633,
        "var": 0.00555142434314
    },
    "barkbands_kurtosis": {
        "dmean": 3.13461279869,
        "dmean2": 4.91632032394,
        "dvar": 30.5245685577,
        "dvar2": 79.6320571899,
        "max": 142.202133179,
        "mean": 7.28961133957,
        "median": 4.30995082855,
        "min": -1.75665426254,
        "var": 95.6521911621
    },
    "barkbands_skewness": {
        "dmean": 0.453534603119,
        "dmean2": 0.691367983818,
        "dvar": 0.268290042877,
        "dvar2": 0.642629086971,
        "max": 8.81756019592,
        "mean": 1.96799516678,
        "median": 1.81132698059,
        "min": -2.16834354401,
        "var": 1.40732860565
    },
    "barkbands_spread": {
        "dmean": 3.17689990997,
        "dmean2": 4.8475985527,
        "dvar": 14.9628553391,
        "dvar2": 34.5946922302,
        "max": 121.436347961,
        "mean": 14.0575895309,
        "median": 12.5587940216,
        "min": 0.345924675465,
        "var": 87.6111526489
    },
    "dissonance": {
        "dmean": 0.0212766081095,
        "dmean2": 0.0348490774632,
        "dvar": 0.000447804137366,
        "dvar2": 0.00111587555148,
        "max": 0.499911487103,
        "mean": 0.439526319504,
        "median": 0.451148986816,
        "min": 0.108315974474,
        "var": 0.00213510985486
    },
    "dynamic_complexity": 5.19783401489,
    "erbbands_crest": {
        "dmean": 2.15288090706,
        "dmean2": 3.32219815254,
        "dvar": 4.1992855072,
        "dvar2": 9.95818710327,
        "max": 28.1373634338,
        "mean": 9.7257194519,
        "median": 8.73638343811,
        "min": 2.63178253174,
        "var": 19.6337089539
    },
    "erbbands_flatness_db": {
        "dmean": 0.0168923325837,
        "dmean2": 0.0237622000277,
        "dvar": 0.000351857859641,
        "dvar2": 0.000679215067066,
        "max": 0.487642467022,
        "mean": 0.192455857992,
        "median": 0.18345579505,
        "min": 0.0581709742546,
        "var": 0.00322432303801
    },
    "erbbands_kurtosis": {
        "dmean": 1.01175928116,
        "dmean2": 1.51141357422,
        "dvar": 3.52483105659,
        "dvar2": 7.08819437027,
        "max": 88.8985595703,
        "mean": 1.2745718956,
        "median": -0.252946019173,
        "min": -1.703956604,
        "var": 23.2891635895
    },
    "erbbands_skewness": {
        "dmean": 0.317544609308,
        "dmean2": 0.475270807743,
        "dvar": 0.0857690423727,
        "dvar2": 0.191905423999,
        "max": 6.56089115143,
        "mean": 0.788098573685,
        "median": 0.677885770798,
        "min": -1.66866219044,
        "var": 0.644389510155
    },
    "erbbands_spread": {
        "dmean": 5.97638607025,
        "dmean2": 8.95534324646,
        "dvar": 34.23960495,
        "dvar2": 75.3498458862,
        "max": 106.70790863,
        "mean": 36.1359977722,
        "median": 37.156211853,
        "min": 0.803701162338,
        "var": 271.773162842
    },
    "hfc": {
        "dmean": 3.70193433762,
        "dmean2": 5.25931930542,
        "dvar": 53.8721542358,
        "dvar2": 116.06741333,
        "max": 130.690048218,
        "mean": 11.3007011414,
        "median": 7.89536380768,
        "min": 1.06944149841e-16,
        "var": 147.343902588
    },
    "melbands_crest": {
        "dmean": 2.54948115349,
        "dmean2": 3.97782516479,
        "dvar": 5.86302518845,
        "dvar2": 14.7562961578,
        "max": 30.1121082306,
        "mean": 14.4582042694,
        "median": 13.9321289062,
        "min": 1.42268323898,
        "var": 23.5866680145
    },
    "melbands_flatness_db": {
        "dmean": 0.0239164289087,
        "dmean2": 0.0341963283718,
        "dvar": 0.000722830707673,
        "dvar2": 0.00149032915942,
        "max": 0.623571693897,
        "mean": 0.250490278006,
        "median": 0.239043653011,
        "min": 0.00173319736496,
        "var": 0.00869761127979
    },
    "melbands_kurtosis": {
        "dmean": 6.14695549011,
        "dmean2": 9.56848430634,
        "dvar": 124.151222229,
        "dvar2": 308.388549805,
        "max": 291.758361816,
        "mean": 15.985294342,
        "median": 10.130358696,
        "min": -1.36661720276,
        "var": 395.863311768
    },
    "melbands_skewness": {
        "dmean": 0.581677377224,
        "dmean2": 0.876067459583,
        "dvar": 0.434616565704,
        "dvar2": 1.00697481632,
        "max": 13.6711349487,
        "mean": 2.77424502373,
        "median": 2.50091314316,
        "min": -1.26227796078,
        "var": 2.38829159737
    },
    "melbands_spread": {
        "dmean": 3.57342433929,
        "dmean2": 5.50372457504,
        "dvar": 24.6246795654,
        "dvar2": 58.5298156738,
        "max": 168.409622192,
        "mean": 15.0330200195,
        "median": 11.3425292969,
        "min": 0.810557901859,
        "var": 222.199615479
    },
    "pitch_salience": {
        "dmean": 0.0595562420785,
        "dmean2": 0.0937074944377,
        "dvar": 0.00317423907109,
        "dvar2": 0.00814917869866,
        "max": 0.970541596413,
        "mean": 0.546475112438,
        "median": 0.551449656487,
        "min": 0.139505282044,
        "var": 0.0123490188271
    },
    "silence_rate_20dB": {
        "dmean": 0.00121645256877,
        "dmean2": 0.00243309000507,
        "dvar": 0.00121518352535,
        "dvar2": 0.00318831251934,
        "max": 1,
        "mean": 0.999163746834,
        "median": 1,
        "min": 0,
        "var": 0.000835656479467
    },
    "silence_rate_30dB": {
        "dmean": 0.0263057854027,
        "dmean2": 0.0526155717671,
        "dvar": 0.025617999956,
        "dvar2": 0.0577455312014,
        "max": 1,
        "mean": 0.967918515205,
        "median": 1,
        "min": 0,
        "var": 0.0310549344867
    },
    "silence_rate_60dB": {
        "dmean": 0.0191591270268,
        "dmean2": 0.0383211672306,
        "dvar": 0.0187912657857,
        "dvar2": 0.0444529950619,
        "max": 1,
        "mean": 0.179945260286,
        "median": 0,
        "min": 0,
        "var": 0.14756578207
    },
    "spectral_centroid": {
        "dmean": 172.597564697,
        "dmean2": 264.676300049,
        "dvar": 44156.875,
        "dvar2": 96066.625,
        "max": 11937.8769531,
        "mean": 1062.38806152,
        "median": 904.293334961,
        "min": 177.364074707,
        "var": 975474.0625
    },
    "spectral_complexity": {
        "dmean": 2.90336799622,
        "dmean2": 4.33652687073,
        "dvar": 16.7728614807,
        "dvar2": 30.7764568329,
        "max": 57,
        "mean": 12.7275352478,
        "median": 11,
        "min": 0,
        "var": 77.3902206421
    },
    "spectral_decrease": {
        "dmean": 2.75799005856e-09,
        "dmean2": 4.35610436611e-09,
        "dvar": 6.14173399189e-17,
        "dvar2": 1.64951116739e-16,
        "max": 1.3098572145e-28,
        "mean": -7.35177829725e-09,
        "median": -5.20346521427e-09,
        "min": -1.77020893943e-07,
        "var": 9.11556343756e-17
    },
    "spectral_energy": {
        "dmean": 0.0106975445524,
        "dmean2": 0.0168428905308,
        "dvar": 0.000902858388145,
        "dvar2": 0.00241773040034,
        "max": 0.679971396923,
        "mean": 0.028772264719,
        "median": 0.0204987898469,
        "min": 1.01013406168e-20,
        "var": 0.00135791371576
    },
    "spectral_energyband_high": {
        "dmean": 0.000140764605021,
        "dmean2": 0.000204435811611,
        "dvar": 1.2214449896e-07,
        "dvar2": 2.45893545525e-07,
        "max": 0.00504045886919,
        "mean": 0.000243585571297,
        "median": 0.00010552599997,
        "min": 7.13616065371e-21,
        "var": 2.16349491211e-07
    },
    "spectral_energyband_low": {
        "dmean": 0.00735173840076,
        "dmean2": 0.0122850583866,
        "dvar": 0.000698163465131,
        "dvar2": 0.00194704078604,
        "max": 0.537655711174,
        "mean": 0.0136812934652,
        "median": 0.00506742112339,
        "min": 9.28507192588e-24,
        "var": 0.000822279660497
    },
    "spectral_energyband_middle_high": {
        "dmean": 0.000976742827334,
        "dmean2": 0.00145783496555,
        "dvar": 3.97421217713e-06,
        "dvar2": 9.18601654121e-06,
        "max": 0.0443446338177,
        "mean": 0.00229965569451,
        "median": 0.000977746676654,
        "min": 1.20107190398e-21,
        "var": 1.16463288578e-05
    },
    "spectral_energyband_middle_low": {
        "dmean": 0.00507387006655,
        "dmean2": 0.00780386710539,
        "dvar": 0.000141870812513,
        "dvar2": 0.000377443939215,
        "max": 0.336761772633,
        "mean": 0.0141443628818,
        "median": 0.0102446107194,
        "min": 1.71907811159e-22,
        "var": 0.000269134616246
    },
    "spectral_entropy": {
        "dmean": 0.16837964952,
        "dmean2": 0.241380378604,
        "dvar": 0.0423295646906,
        "dvar2": 0.0858011171222,
        "max": 9.82657909393,
        "mean": 7.1016626358,
        "median": 7.24563169479,
        "min": 4.23439645767,
        "var": 0.457855463028
    },
    "spectral_flux": {
        "dmean": 0.0219347123057,
        "dmean2": 0.0353119969368,
        "dvar": 0.00174900784623,
        "dvar2": 0.00414881110191,
        "max": 0.708318531513,
        "mean": 0.0610872134566,
        "median": 0.0473898872733,
        "min": 6.46890527256e-11,
        "var": 0.0035833271686
    },
    "spectral_kurtosis": {
        "dmean": 3.17837357521,
        "dmean2": 5.26360225677,
        "dvar": 37.3291244507,
        "dvar2": 92.5171813965,
        "max": 295.100769043,
        "mean": 7.65678977966,
        "median": 3.76660037041,
        "min": -1.2581101656,
        "var": 191.417572021
    },
    "spectral_rms": {
        "dmean": 0.000754078442696,
        "dmean2": 0.00112902803812,
        "dvar": 1.94690551325e-06,
        "dvar2": 4.56375028079e-06,
        "max": 0.0257562939078,
        "mean": 0.00450839847326,
        "median": 0.00447200378403,
        "min": 3.13926207078e-12,
        "var": 7.74485488364e-06
    },
    "spectral_rolloff": {
        "dmean": 234.877532959,
        "dmean2": 396.298095703,
        "dvar": 185507.28125,
        "dvar2": 432756.78125,
        "max": 19552.1484375,
        "mean": 1017.637146,
        "median": 538.330078125,
        "min": 86.1328125,
        "var": 2868668.25
    },
    "spectral_skewness": {
        "dmean": 0.30202421546,
        "dmean2": 0.485960870981,
        "dvar": 0.165865570307,
        "dvar2": 0.399362951517,
        "max": 14.8495054245,
        "mean": 1.73864400387,
        "median": 1.40704298019,
        "min": -0.102857157588,
        "var": 1.42814290524
    },
    "spectral_spread": {
        "dmean": 341665.90625,
        "dmean2": 518685,
        "dvar": 301907443712,
        "dvar2": 620236570624,
        "max": 42943556,
        "mean": 3750956.75,
        "median": 3565439.75,
        "min": 462594.15625,
        "var": 9.71208497562e+12
    },
    "spectral_strongpeak": {
        "dmean": 0.289325356483,
        "dmean2": 0.478168874979,
        "dvar": 0.205099582672,
        "dvar2": 0.491904377937,
        "max": 5.73193359375,
        "mean": 0.719723463058,
        "median": 0.500138878822,
        "min": 0,
        "var": 0.477569103241
    },
    "zerocrossingrate": {
        "dmean": 0.00580680835992,
        "dmean2": 0.00710365315899,
        "dvar": 5.08545635967e-05,
        "dvar2": 6.76150375511e-05,
        "max": 0.6240234375,
        "mean": 0.0431864969432,
        "median": 0.03466796875,
        "min": 0.00390625,
        "var": 0.00202823849395
    },
    "barkbands": {
        "dmean": [0.000227004653425, 0.00404142728075, 0.00291533302516, 0.00214150128886, 0.00158678949811, 0.0011702919146, 0.000980768119916, 0.000890197465196, 0.000482568633743, 0.00029370302218, 0.000308461836539, 0.000145960177178, 0.000139829804539, 7.57289453759e-05, 0.000109673528641, 9.30859241635e-05, 0.000129610940348, 0.000124950674945, 8.87305650394e-05, 6.32728406345e-05, 4.46022677352e-05, 3.130841651e-05, 2.05290234589e-05, 9.47404350882e-06, 7.90332978795e-06, 5.33336424269e-06, 8.25801862447e-07],
        "dmean2": [0.000403270300012, 0.00663181534037, 0.00489509990439, 0.00367719936185, 0.00257521122694, 0.00159222760703, 0.00151366950013, 0.00122933648527, 0.000716930313502, 0.000455386762042, 0.000498482317198, 0.000236065578065, 0.000227929209359, 0.00011970585183, 0.000186447636224, 0.000151653002831, 0.000202004564926, 0.000206308264751, 0.00014052487677, 9.97263196041e-05, 6.76071867929e-05, 4.64004151581e-05, 3.12238080369e-05, 1.38184432217e-05, 1.22197625387e-05, 8.52721314004e-06, 1.38550637985e-06],
        "dvar": [1.02725448414e-06, 0.000257816282101, 0.00012474959658, 8.78561477293e-05, 9.41777398111e-06, 7.22613685866e-06, 4.77416824651e-06, 4.42626333097e-06, 8.64836408709e-07, 5.37281266588e-07, 9.34650074669e-07, 1.93674964066e-07, 1.05632189218e-07, 2.87272818866e-08, 8.40709688532e-08, 2.67362629813e-08, 1.19385120456e-07, 6.77506264424e-08, 3.13514050276e-08, 2.06068833108e-08, 1.04573265602e-08, 6.26981666585e-09, 3.05985614624e-09, 7.84291021017e-10, 6.82776113425e-10, 4.2362871544e-10, 2.18207379249e-11],
        "dvar2": [3.04764603243e-06, 0.000659792043734, 0.000380002136808, 0.000261909357505, 2.53381604125e-05, 1.55226480274e-05, 1.06110128399e-05, 8.4200355559e-06, 1.90935179489e-06, 1.30148850985e-06, 2.40194663093e-06, 5.04139734403e-07, 2.71772023552e-07, 7.06757319335e-08, 2.28040235584e-07, 6.66671411409e-08, 2.61220947095e-07, 1.86977757721e-07, 7.77413262654e-08, 4.8648733042e-08, 2.20075033752e-08, 1.2563583951e-08, 6.35322194853e-09, 1.55762824861e-09, 1.53601897868e-09, 1.0381141502e-09, 5.65382150819e-11],
        "max": [0.020057534799, 0.279135107994, 0.304912686348, 0.278358697891, 0.0794057101011, 0.0672865211964, 0.0524089597166, 0.0510764159262, 0.0210581440479, 0.0209803916514, 0.0230951495469, 0.00782416574657, 0.00647406931967, 0.00331647717394, 0.00498829782009, 0.00257729319856, 0.00668767280877, 0.00404968252406, 0.002820616588, 0.0023510097526, 0.00158838822972, 0.00140467355959, 0.000944260740653, 0.000543392496184, 0.00046055263374, 0.00035539799137, 0.000111919835035],
        "mean": [0.000202513387194, 0.00624988414347, 0.00568704819307, 0.00292057078332, 0.00350882369094, 0.00298989145085, 0.00196826877072, 0.00176398118492, 0.000891108589713, 0.0004848089593, 0.000452451611636, 0.000193061961909, 0.000195578948478, 9.3956150522e-05, 0.000131009888719, 0.000147008919157, 0.000216575892409, 0.000227852506214, 0.00016023957869, 0.000104708888102, 7.53781932872e-05, 4.85736163682e-05, 3.04010354739e-05, 1.35661739478e-05, 9.00834584172e-06, 5.28564578417e-06, 6.88026830176e-07],
        "median": [3.83292426704e-05, 0.00108975474723, 0.00197534449399, 0.000644948217086, 0.00193812185898, 0.000922352366615, 0.000832020770758, 0.000583577377256, 0.000341915059835, 0.000142256962135, 7.63209172874e-05, 2.46490417339e-05, 6.76848285366e-05, 3.00610481645e-05, 4.54555774922e-05, 6.8261710112e-05, 5.3601237596e-05, 5.17976877745e-05, 4.78104011563e-05, 4.81253373437e-05, 3.20855542668e-05, 1.96842447622e-05, 9.26559005165e-06, 3.66452240996e-06, 8.29976670502e-07, 1.37638551223e-07, 1.51066270604e-09],
        "min": [3.12079635689e-25, 1.81104832798e-24, 1.52498695197e-24, 6.80239491738e-25, 7.38867239783e-24, 1.0290104385e-23, 5.08583122103e-24, 6.78811653499e-24, 1.19265111359e-23, 1.61287376792e-23, 2.45138368525e-23, 2.38756483802e-23, 2.80270068058e-23, 3.02051748274e-23, 4.27018959248e-23, 4.34402539549e-23, 4.64744275665e-23, 1.04920557744e-22, 1.22307266665e-22, 2.13448544852e-22, 2.31888250553e-22, 3.45464884347e-22, 3.98350296138e-22, 6.36919479117e-22, 9.32032823388e-22, 1.17545424562e-21, 1.84978264482e-21],
        "var": [7.94112509084e-07, 0.000291267904686, 0.00011875275959, 8.39105778141e-05, 2.43465856329e-05, 3.16752702929e-05, 1.20137619888e-05, 1.23612253446e-05, 2.08976462091e-06, 1.0260507679e-06, 1.62067317433e-06, 2.92920560696e-07, 1.52334109771e-07, 3.50534712368e-08, 7.61023954965e-08, 4.48446115797e-08, 2.01074797701e-07, 1.69788464177e-07, 7.13612493541e-08, 3.11452303947e-08, 1.85475776959e-08, 1.09653655045e-08, 5.02429342575e-09, 1.31967115014e-09, 9.01973218337e-10, 4.75944728073e-10, 1.94789254171e-11]
    },
    "erbbands": {
        "dmean": [0.129565954208, 0.882298350334, 2.69471764565, 6.18039989471, 5.21264505386, 6.70005893707, 3.94041728973, 13.479675293, 11.2597703934, 22.0505657196, 9.08992290497, 13.4356002808, 7.03405427933, 10.4643411636, 14.8007717133, 4.93240118027, 5.89471387863, 4.70671653748, 4.87141275406, 4.61485862732, 4.32902050018, 5.91692066193, 8.65601444244, 5.14335441589, 3.88083696365, 3.0102918148, 2.18674707413, 1.52765703201, 1.22218382359, 0.784028947353, 0.59873175621, 0.260272651911, 0.128953352571, 0.104787513614, 0.0478694327176, 0.0226865746081, 0.00986318010837, 0.00232694135047, 0.000114456895972, 1.36177559398e-05],
        "dmean2": [0.222473591566, 1.42491185665, 4.47764348984, 10.7057304382, 8.54730129242, 10.84897995, 5.90226888657, 18.1283321381, 17.609954834, 31.2078361511, 12.9980182648, 19.7723255157, 11.0781774521, 16.0769367218, 24.1259689331, 7.86723995209, 9.5253162384, 7.55284309387, 7.98175525665, 7.77115488052, 7.02203607559, 9.25106716156, 13.9489955902, 8.20915222168, 6.15590667725, 4.67553520203, 3.40543460846, 2.26959395409, 1.83433222771, 1.1853120327, 0.911792099476, 0.380461603403, 0.188824370503, 0.164140984416, 0.0735164582729, 0.0356876403093, 0.0158809255809, 0.00378598109819, 0.000192185965716, 2.13542662095e-05],
        "dvar": [0.420316338539, 9.38361930847, 84.0024414062, 827.51385498, 199.201202393, 181.752929688, 76.8591079712, 931.402587891, 664.448669434, 2123.49707031, 426.492706299, 679.611022949, 322.219268799, 630.722717285, 2727.87915039, 191.89151001, 170.462860107, 109.072883606, 101.06602478, 135.587921143, 64.392288208, 176.575775146, 343.9375, 109.756759644, 66.7877426147, 47.3767471313, 27.6874580383, 13.2120866776, 8.80318546295, 5.23294401169, 2.19673967361, 0.579153239727, 0.148815274239, 0.128855869174, 0.0242233537138, 0.00663525145501, 0.00150908646174, 0.000115949391329, 4.19291723119e-07, 1.32965782829e-09],
        "dvar2": [1.13022553921, 23.5629444122, 252.301651001, 2510.39794922, 531.085632324, 478.960540771, 186.619064331, 1968.59179688, 1658.27990723, 4207.89453125, 864.525146484, 1487.09399414, 823.831787109, 1482.29626465, 7070.77636719, 482.013671875, 433.044128418, 278.317718506, 250.447250366, 361.110900879, 161.203887939, 401.783233643, 879.427001953, 279.75769043, 163.539886475, 111.362434387, 63.6052131653, 26.1650295258, 18.1336193085, 11.5233783722, 4.40467453003, 1.15109777451, 0.295112580061, 0.299789220095, 0.0529423654079, 0.0160362012684, 0.00374248693697, 0.000288592156721, 1.10418307031e-06, 3.47292217207e-09],
        "max": [11.3571329117, 59.165348053, 262.446746826, 745.084106445, 315.247375488, 460.437408447, 286.318939209, 842.530456543, 444.416107178, 873.43939209, 504.513519287, 588.107299805, 550.929870605, 629.022338867, 1107.55224609, 300.027923584, 255.845031738, 168.159286499, 184.173400879, 164.846588135, 114.701454163, 230.209594727, 280.67489624, 182.543273926, 127.4322052, 122.879646301, 100.267105103, 62.5874481201, 45.882106781, 41.9672851562, 24.2234306335, 17.2622146606, 6.82302284241, 5.58084344864, 3.35254836082, 1.19597709179, 0.662042975426, 0.247346401215, 0.0163772068918, 0.000787580560427],
        "mean": [0.139973565936, 1.55255234241, 5.70444107056, 9.22676944733, 9.09427261353, 14.9958143234, 9.87676239014, 35.5707931519, 23.7807502747, 48.4818572998, 18.6952381134, 25.473739624, 12.1522789001, 18.5587558746, 20.8624000549, 7.36262750626, 8.73463630676, 6.58681583405, 6.63724994659, 6.40039920807, 7.51491928101, 11.362496376, 15.2327852249, 9.62195110321, 6.60622739792, 5.12770080566, 3.65777039528, 2.52947354317, 1.88627314568, 1.14323365688, 0.900689065456, 0.38970553875, 0.18003988266, 0.118956126273, 0.0551022365689, 0.0240783374757, 0.00931001454592, 0.00209021451883, 0.000107160012703, 3.43153769791e-05],
        "median": [0.0170649513602, 0.352276653051, 2.10386443138, 3.4406709671, 3.5951962471, 6.79974651337, 4.59395217896, 10.5028896332, 12.1870880127, 21.7286605835, 6.95520162582, 10.0930166245, 5.12688922882, 5.86742782593, 3.14806127548, 1.30721020699, 3.32013940811, 2.74117040634, 2.50610661507, 2.74269342422, 3.52901029587, 2.93992733955, 3.47709202766, 2.60450339317, 2.27874135971, 2.26297307014, 1.57497012615, 1.08686959743, 0.775058090687, 0.425472080708, 0.288406163454, 0.110625825822, 0.044158667326, 0.0141119193286, 0.00406223535538, 0.00110391783528, 0.000172224536072, 1.78166010301e-05, 1.32910572574e-05, 2.38613083638e-05],
        "min": [9.7971122309e-23, 5.85833907124e-22, 2.24554656266e-21, 2.35880507725e-21, 1.54436962965e-20, 2.14958311029e-20, 4.18638596017e-20, 8.41913797862e-20, 1.25866128452e-19, 1.61673665645e-19, 2.14459899167e-19, 3.0103100649e-19, 6.00689099958e-19, 7.48316540868e-19, 7.99043805523e-19, 1.04063002013e-18, 1.89051984242e-18, 1.8660266109e-18, 2.36401849777e-18, 3.1448393593e-18, 3.10989821625e-18, 2.99651305417e-18, 6.08503919814e-18, 7.64621687288e-18, 6.84943059835e-18, 9.91492100303e-18, 9.58094600353e-18, 9.86519752205e-18, 1.19372543508e-17, 1.09722637938e-17, 1.05997396963e-17, 1.09349016999e-17, 1.00591705485e-17, 8.26337798227e-18, 5.95283422956e-18, 4.03997079122e-18, 2.42690903974e-18, 9.05875784297e-19, 2.42051994839e-19, 2.70913105124e-20],
        "var": [0.349117517471, 13.5182952881, 108.267959595, 683.081665039, 298.196472168, 627.293884277, 204.979049683, 4728.03271484, 1326.78430176, 6034.58154297, 1174.51074219, 1674.30883789, 460.465789795, 1413.20983887, 4404.57568359, 342.335906982, 277.328125, 129.338317871, 135.583602905, 133.303451538, 111.932983398, 403.84564209, 769.271240234, 276.919891357, 128.67930603, 76.810508728, 42.0896530151, 23.8135814667, 15.0995788574, 7.75340509415, 3.85575890541, 0.987637639046, 0.244088247418, 0.157187625766, 0.0345860719681, 0.0080263055861, 0.00158461520914, 0.000117711322673, 3.61211704103e-07, 1.97617611164e-09]
    },
    "gfcc": {
        "mean": [-78.8252105713, 133.624282837, -122.78301239, 41.1872367859, -68.6060638428, -4.77285289764, -31.0530967712, 0.653080642223, -12.4320478439, -5.38774824142, -9.49558448792, -8.028465271, -8.07950592041],
        "cov": [[21269.8476562, 1138.84973145, -63.6668243408, 898.228393555, 412.719177246, 672.749023438, 70.8277206421, 754.94152832, -155.182525635, -3.55508875847, -269.539031982, 244.099197388, -341.348602295], [1138.84973145, 1461.0045166, 279.714385986, -107.395339966, 163.872573853, -160.6302948, 123.082313538, -140.761520386, 118.333053589, -201.729171753, 105.503791809, -163.969436646, 76.9688262939], [-63.6668243408, 279.714385986, 1182.58850098, -193.763183594, 342.930877686, 38.6837882996, 25.9002017975, 15.7407979965, -32.9958572388, 128.097045898, -114.906562805, 22.1876544952, -42.73878479], [898.228393555, -107.395339966, -193.763183594, 491.201782227, 61.0711250305, 175.86567688, 114.826728821, 63.016582489, 68.0947341919, -36.6958389282, 22.0091075897, -52.0265426636, -7.88681936264], [412.719177246, 163.872573853, 342.930877686, 61.0711250305, 350.821838379, 94.1308364868, 98.5967102051, 66.9484863281, 18.5798301697, 1.33275711536, -23.3745822906, 14.9054756165, -40.8597831726], [672.749023438, -160.6302948, 38.6837882996, 175.86567688, 94.1308364868, 239.78553772, 87.2086334229, 97.5574035645, 11.6073293686, 34.3200073242, -27.4954357147, -0.645686805248, -24.1129646301], [70.8277206421, 123.082313538, 25.9002017975, 114.826728821, 98.5967102051, 87.2086334229, 204.279693604, 82.4876861572, 54.0245475769, -52.9597015381, 40.5521469116, -32.147190094, -17.5335693359], [754.94152832, -140.761520386, 15.7407979965, 63.016582489, 66.9484863281, 97.5574035645, 82.4876861572, 201.214538574, 14.5094594955, 7.33299016953, -13.7700147629, 59.3595809937, -50.3480911255], [-155.182525635, 118.333053589, -32.9958572388, 68.0947341919, 18.5798301697, 11.6073293686, 54.0245475769, 14.5094594955, 114.614044189, -10.991560936, 30.0215911865, -37.6394729614, 19.6941661835], [-3.55508875847, -201.729171753, 128.097045898, -36.6958389282, 1.33275711536, 34.3200073242, -52.9597015381, 7.33299016953, -10.991560936, 156.66255188, -33.8647422791, 33.6357650757, -20.0245895386], [-269.539031982, 105.503791809, -114.906562805, 22.0091075897, -23.3745822906, -27.4954357147, 40.5521469116, -13.7700147629, 30.0215911865, -33.8647422791, 115.472503662, -3.98525118828, 22.7403488159], [244.099197388, -163.969436646, 22.1876544952, -52.0265426636, 14.9054756165, -0.645686805248, -32.147190094, 59.3595809937, -37.6394729614, 33.6357650757, -3.98525118828, 124.590652466, -8.95191001892], [-341.348602295, 76.9688262939, -42.73878479, -7.88681936264, -40.8597831726, -24.1129646301, -17.5335693359, -50.3480911255, 19.6941661835, -20.0245895386, 22.7403488159, -8.95191001892, 90.2677993774]],
        "icov": [[0.000133606881718, -0.000474816624774, 0.000134470843477, -0.000371147994883, 0.000140441406984, -0.000311683688778, 0.000396441697376, -0.000557814375497, 0.000479437003378, -0.000316325982567, 0.000393134745536, -0.000446590012871, 0.000369425339159], [-0.000474816624774, 0.00324931740761, -0.000940940633882, 0.00177531968802, -0.00117972667795, 0.00171267671976, -0.00159078661818, 0.00239559588954, -0.00269493483938, 0.00277959974483, -0.00236388784833, 0.00294318469241, -0.00181386631448], [0.000134470843477, -0.000940940633882, 0.00200764276087, 0.000254100188613, -0.00143146433402, -0.000209230711334, -0.000199594476726, -0.000501646252815, 0.00117270520423, -0.00221591582522, 0.00182239455171, -0.000383549602702, 1.65963556356e-05], [-0.000371147994883, 0.00177531968802, 0.000254100188613, 0.00481869047508, -0.00121089478489, -0.00151953788009, -0.00138792942744, 0.00190542219207, -0.00283567048609, 0.00181865657214, -0.00151603040285, 0.00244145235047, -0.000890624942258], [0.000140441406984, -0.00117972667795, -0.00143146433402, -0.00121089478489, 0.00607581809163, -0.00185114901979, -0.000798409397248, -8.14408485894e-05, -0.000302380882204, 0.000606480869465, 0.000936803640798, -0.00302960863337, 0.00247273896821], [-0.000311683688778, 0.00171267671976, -0.000209230711334, -0.00151953788009, -0.00185114901979, 0.0100133251399, -0.00353095890023, -0.0015503797913, 0.00094125024043, -0.00211558584124, 0.000710991153028, 0.00302105629817, -0.00313868862577], [0.000396441697376, -0.00159078661818, -0.000199594476726, -0.00138792942744, -0.000798409397248, -0.00353095890023, 0.0124617964029, -0.00551721127704, -0.00048221682664, 0.00222317362204, -0.00319735961966, 0.00182137812953, 0.00226295436732], [-0.000557814375497, 0.00239559588954, -0.000501646252815, 0.00190542219207, -8.14408485894e-05, -0.0015503797913, -0.00551721127704, 0.0138617586344, -0.00553583307192, 0.00295569235459, 0.000339857506333, -0.00512102013454, 0.00325582455844], [0.000479437003378, -0.00269493483938, 0.00117270520423, -0.00283567048609, -0.000302380882204, 0.00094125024043, -0.00048221682664, -0.00553583307192, 0.0159519203007, -0.00501295970753, 2.22518756345e-05, 0.00263384962454, -0.00298518477939], [-0.000316325982567, 0.00277959974483, -0.00221591582522, 0.00181865657214, 0.000606480869465, -0.00211558584124, 0.00222317362204, 0.00295569235459, -0.00501295970753, 0.012798698619, -0.00193334068172, -0.000394545786548, 0.00171408639289], [0.000393134745536, -0.00236388784833, 0.00182239455171, -0.00151603040285, 0.000936803640798, 0.000710991153028, -0.00319735961966, 0.000339857506333, 2.22518756345e-05, -0.00193334068172, 0.0146584929898, -0.00495116785169, -0.000202403884032], [-0.000446590012871, 0.00294318469241, -0.000383549602702, 0.00244145235047, -0.00302960863337, 0.00302105629817, 0.00182137812953, -0.00512102013454, 0.00263384962454, -0.000394545786548, -0.00495116785169, 0.0175415258855, -0.00490878242999], [0.000369425339159, -0.00181386631448, 1.65963556356e-05, -0.000890624942258, 0.00247273896821, -0.00313868862577, 0.00226295436732, 0.00325582455844, -0.00298518477939, 0.00171408639289, -0.000202403884032, -0.00490878242999, 0.0170839224011]]
    },
    "melbands": {
        "dmean": [0.00113060546573, 0.0012833357323, 0.0010042397771, 0.000400491670007, 0.000173632943188, 0.00027351238532, 0.000189150581718, 0.000246001582127, 5.91583411733e-05, 8.95413686521e-05, 3.43707652064e-05, 4.4122847612e-05, 4.05345745094e-05, 2.5956402169e-05, 8.53673373058e-06, 1.59877981787e-05, 8.6030422608e-06, 7.29419161871e-06, 8.02275917522e-06, 7.47845251681e-06, 4.76029663332e-06, 5.25385576111e-06, 1.11889075924e-05, 5.16570435138e-06, 4.56239195046e-06, 3.38637573805e-06, 1.94562858269e-06, 2.27008467846e-06, 1.60613410571e-06, 1.0835987041e-06, 9.61268256106e-07, 8.27179974294e-07, 4.98218241773e-07, 4.17895137161e-07, 4.24172355906e-07, 2.0235933107e-07, 1.50382234665e-07, 9.6013657469e-08, 7.71444774728e-08, 9.77865042273e-08],
        "dmean2": [0.00189752527513, 0.00209946231917, 0.00170238595456, 0.000651833193842, 0.00026513094781, 0.000369953660993, 0.000295301550068, 0.000344950472936, 8.56643891893e-05, 0.000132041008328, 5.47050367459e-05, 6.77992939018e-05, 6.60607256577e-05, 4.19491734647e-05, 1.37310644277e-05, 2.60876277025e-05, 1.37729421112e-05, 1.16826622616e-05, 1.40703587022e-05, 1.22518176795e-05, 7.83686209616e-06, 8.40199118102e-06, 1.75500572368e-05, 8.53498931974e-06, 7.38490189178e-06, 5.48781508769e-06, 3.04458717437e-06, 3.58687702828e-06, 2.55113445746e-06, 1.6790755808e-06, 1.45693127251e-06, 1.26725501559e-06, 7.49472405914e-07, 6.54467555705e-07, 6.65715276682e-07, 2.96503031905e-07, 2.26776890599e-07, 1.42536634939e-07, 1.1676370093e-07, 1.57115422894e-07],
        "dvar": [2.56593648373e-05, 1.60469244292e-05, 1.80276947503e-05, 6.40592077161e-07, 1.16337254497e-07, 3.97948014097e-07, 1.80805272976e-07, 2.78953393718e-07, 1.89774684856e-08, 3.06223526536e-08, 8.15028045054e-09, 1.13870548546e-08, 1.8063653684e-08, 7.17837700392e-09, 4.87803630822e-10, 1.4228107581e-09, 3.75349418213e-10, 1.96761287818e-10, 6.69906574657e-10, 1.75567269056e-10, 9.21083070926e-11, 1.06175693237e-10, 9.41936417753e-10, 1.23509411032e-10, 9.24502627231e-11, 5.34803104579e-11, 1.89620211893e-11, 2.75586324594e-11, 1.47220968055e-11, 7.21696357189e-12, 5.33711876777e-12, 3.61004303708e-12, 2.29624153893e-12, 1.73099728995e-12, 1.02541358651e-12, 2.91776558426e-13, 2.22822682614e-13, 8.06481956412e-14, 5.69190284098e-14, 1.24541395534e-13],
        "dvar2": [6.72350797686e-05, 4.61209929199e-05, 5.38698404853e-05, 1.72170496171e-06, 2.85641959863e-07, 8.62328022322e-07, 4.3572146069e-07, 5.41875408544e-07, 3.93094303774e-08, 6.70157191962e-08, 2.09748769464e-08, 2.66682995687e-08, 4.6747260285e-08, 1.83773778417e-08, 1.25019883335e-09, 3.61229712809e-09, 9.49659573202e-10, 4.6542200649e-10, 1.87605553315e-09, 4.43801995154e-10, 2.37178221507e-10, 2.63709859505e-10, 2.11206874212e-09, 3.32846583628e-10, 2.42354608604e-10, 1.39425415657e-10, 4.24609444827e-11, 6.80205961001e-11, 3.55858779943e-11, 1.643201894e-11, 1.11056875501e-11, 7.57038962768e-12, 5.15492336317e-12, 4.05801824435e-12, 2.20577766122e-12, 5.55079094668e-13, 4.78280230091e-13, 1.63060090061e-13, 1.21570871317e-13, 2.9976842948e-13],
        "max": [0.08201174438, 0.101378366351, 0.114336043596, 0.0206481534988, 0.00971611775458, 0.0162996426225, 0.00817566365004, 0.0113118644804, 0.00402437569574, 0.0040511735715, 0.00275796442293, 0.00274741905741, 0.00299838394858, 0.0014588360209, 0.000471702049254, 0.000771723629441, 0.000379472476197, 0.000233738523093, 0.000392816698877, 0.000221125752432, 0.000151225496666, 0.00017703967751, 0.000575613463297, 0.00016952608712, 0.000157485847012, 0.000129911437398, 7.22683253116e-05, 9.71909685177e-05, 8.59322681208e-05, 5.61822816962e-05, 4.4571748731e-05, 3.36513257935e-05, 3.02537682728e-05, 2.38658376475e-05, 1.87637106137e-05, 1.04603750515e-05, 1.02336143755e-05, 6.1257364905e-06, 4.77368575957e-06, 6.02469526712e-06],
        "mean": [0.00149288482498, 0.00279841432348, 0.00163544889074, 0.000851029122714, 0.0004509636492, 0.00070619705366, 0.000390937697375, 0.000536394654773, 0.000115980306873, 0.000164254088304, 5.61936285521e-05, 7.52624255256e-05, 5.85981542827e-05, 3.64102997992e-05, 1.21730154206e-05, 2.17969973164e-05, 1.09583097583e-05, 1.01315163192e-05, 8.50946616993e-06, 1.12646721391e-05, 7.76881279307e-06, 9.80199365586e-06, 1.80900442501e-05, 9.53840026341e-06, 7.68309473642e-06, 5.27119755134e-06, 3.24028610521e-06, 3.56928831025e-06, 2.49828190135e-06, 1.7421020857e-06, 1.4072365957e-06, 1.21817458876e-06, 7.05998161266e-07, 5.69031783471e-07, 6.07111871886e-07, 3.09922683073e-07, 2.06031671723e-07, 1.32651123863e-07, 9.64938919878e-08, 1.03832725529e-07],
        "median": [0.000233418148127, 0.00103434524499, 0.000689852633514, 0.000447826110758, 0.000222101458348, 0.000208348326851, 0.000187521392945, 0.000232810562011, 3.79332414013e-05, 6.25793181825e-05, 2.25557414524e-05, 2.2832693503e-05, 9.50253343035e-06, 4.50904781246e-06, 2.80978201772e-06, 7.65389540902e-06, 3.83512178814e-06, 3.59880641554e-06, 2.89330819214e-06, 4.91843820782e-06, 3.18101092489e-06, 2.40930148721e-06, 3.68253336092e-06, 2.20403853746e-06, 1.89427373698e-06, 1.62972128237e-06, 1.13590499495e-06, 1.4478284811e-06, 1.06809204681e-06, 6.57411078464e-07, 5.7026545619e-07, 4.86871613248e-07, 2.45490696216e-07, 1.86612993502e-07, 1.92099520291e-07, 7.46659409856e-08, 5.43121316809e-08, 3.33358194382e-08, 1.60690163398e-08, 9.28541865619e-09],
        "min": [1.38069334696e-24, 9.16445055752e-25, 7.13342067473e-25, 1.43061611352e-24, 1.14438779482e-24, 2.24883398429e-24, 2.38103563352e-24, 2.03993829178e-24, 1.9867229184e-24, 1.36164659622e-24, 2.36130740557e-24, 2.33921200327e-24, 2.88112907401e-24, 2.40806398029e-24, 3.54674071798e-24, 3.31069539134e-24, 2.93345047076e-24, 2.58269589381e-24, 3.47555154331e-24, 2.72128297764e-24, 3.55069172782e-24, 2.21339105546e-24, 3.48327409714e-24, 5.15718447877e-24, 5.43449630266e-24, 4.33095641576e-24, 5.63906213488e-24, 5.22491647052e-24, 4.80255008668e-24, 4.22719083558e-24, 5.10878155135e-24, 5.95382828568e-24, 6.42277059509e-24, 6.00134611117e-24, 5.77151661403e-24, 5.69458255982e-24, 6.61301150214e-24, 6.1995253255e-24, 6.89389489377e-24, 6.22799689329e-24],
        "var": [2.38408119912e-05, 2.58688214672e-05, 1.66061436175e-05, 1.55740258379e-06, 3.95641592377e-07, 1.82275061889e-06, 3.94069843423e-07, 7.94206187038e-07, 5.05823791741e-08, 7.36583558592e-08, 1.10412328169e-08, 2.49316656209e-08, 3.0400080675e-08, 1.18373577607e-08, 7.89264764656e-10, 1.9295407494e-09, 4.38968500438e-10, 3.15212328461e-10, 4.95534113742e-10, 2.82549761366e-10, 1.41744602167e-10, 2.67428412748e-10, 1.53933898961e-09, 3.0567601228e-10, 1.97292904236e-10, 9.05126459894e-11, 3.37978672826e-11, 3.98453492423e-11, 1.98145753277e-11, 1.15170997739e-11, 8.55774392322e-12, 5.95431299752e-12, 3.32560042872e-12, 2.26352356997e-12, 1.66957257481e-12, 5.514969449e-13, 3.35483946396e-13, 1.29430496811e-13, 8.22115067537e-14, 1.39469477091e-13]
    },
    "mfcc": {
        "mean": [-708.428771973, 146.65914917, 3.73476076126, 37.4692192078, -8.80645656586, -1.18937540054, -10.6922369003, 1.21326255798, -2.81995201111, 1.48229026794, -2.22602748871, 1.67745995522, -3.05672931671],
        "cov": [[12689.8583984, 1001.80047607, -402.038726807, 936.657958984, 305.432312012, 382.787475586, 326.343658447, 864.985107422, 254.85786438, 154.215866089, 223.26550293, 162.476791382, 73.3132019043], [1001.80047607, 1754.28125, 360.739746094, 131.999755859, 124.850944519, 15.3257198334, -6.70922231674, 16.898475647, 11.7754917145, -11.3423280716, 6.40813541412, -24.2842845917, -29.6073455811], [-402.038726807, 360.739746094, 529.693115234, 20.6475067139, 113.285568237, 69.0424346924, 25.9773025513, -84.4828491211, 38.495880127, 33.1116790771, 10.264380455, -18.6325569153, -16.547170639], [936.657958984, 131.999755859, 20.6475067139, 296.508209229, 81.0719528198, 113.339904785, 60.5757369995, 119.323730469, 58.2731704712, 55.5797348022, 39.5810546875, 32.2553062439, -7.08159446716], [305.432312012, 124.850944519, 113.285568237, 81.0719528198, 196.222213745, 86.0959091187, 47.7638549805, 38.3985557556, 45.0422058105, 18.1250095367, 29.5469341278, -5.27661752701, -3.35911631584], [382.787475586, 15.3257198334, 69.0424346924, 113.339904785, 86.0959091187, 214.020629883, 63.2635192871, 19.5300674438, 61.1972541809, 80.0563735962, 15.9675369263, 9.5668964386, -13.5578336716], [326.343658447, -6.70922231674, 25.9773025513, 60.5757369995, 47.7638549805, 63.2635192871, 160.812835693, 114.75302887, 35.0886878967, 31.0409698486, 38.7335128784, 24.4740123749, 11.5757598877], [864.985107422, 16.898475647, -84.4828491211, 119.323730469, 38.3985557556, 19.5300674438, 114.75302887, 266.828796387, 70.9492111206, 17.7212772369, 66.849357605, 42.8116798401, 12.3564634323], [254.85786438, 11.7754917145, 38.495880127, 58.2731704712, 45.0422058105, 61.1972541809, 35.0886878967, 70.9492111206, 114.833221436, 58.6460723877, 30.9463500977, 12.803601265, -11.1366920471], [154.215866089, -11.3423280716, 33.1116790771, 55.5797348022, 18.1250095367, 80.0563735962, 31.0409698486, 17.7212772369, 58.6460723877, 119.636833191, 34.5515975952, 13.1985969543, -6.43978071213], [223.26550293, 6.40813541412, 10.264380455, 39.5810546875, 29.5469341278, 15.9675369263, 38.7335128784, 66.849357605, 30.9463500977, 34.5515975952, 101.205474854, 29.8382835388, 2.02976822853], [162.476791382, -24.2842845917, -18.6325569153, 32.2553062439, -5.27661752701, 9.5668964386, 24.4740123749, 42.8116798401, 12.803601265, 13.1985969543, 29.8382835388, 83.6844482422, 23.2524604797], [73.3132019043, -29.6073455811, -16.547170639, -7.08159446716, -3.35911631584, -13.5578336716, 11.5757598877, 12.3564634323, -11.1366920471, -6.43978071213, 2.02976822853, 23.2524604797, 71.3712615967]],
