{
"lowlevel": {
    "average_loudness": 0.924848079681,
    "barkbands_crest": {
        "dmean": 3.91799235344,
        "dmean2": 5.99845504761,
        "dvar": 11.2636013031,
        "dvar2": 24.7893791199,
        "max": 26.1242523193,
        "mean": 13.9683570862,
        "median": 13.7004909515,
        "min": 1.9525744915,
        "var": 31.5387878418
    },
    "barkbands_flatness_db": {
        "dmean": 0.0445709601045,
        "dmean2": 0.0645074099302,
        "dvar": 0.00167577888351,
        "dvar2": 0.00371570512652,
        "max": 0.550681471825,
        "mean": 0.152454078197,
        "median": 0.137805238366,
        "min": 0.0211755800992,
        "var": 0.0066045676358
    },
    "barkbands_kurtosis": {
        "dmean": 12.0040578842,
        "dmean2": 17.9690971375,
        "dvar": 630.046264648,
        "dvar2": 1201.50817871,
        "max": 787.770629883,
        "mean": 16.480846405,
        "median": 6.08375072479,
        "min": -1.94587087631,
        "var": 1402.21203613
    },
    "barkbands_skewness": {
        "dmean": 1.18895471096,
        "dmean2": 1.7470934391,
        "dvar": 1.55307340622,
        "dvar2": 3.31979060173,
        "max": 21.0066394806,
        "mean": 2.91982340813,
        "median": 2.48722839355,
        "min": -2.0668361187,
        "var": 5.01629972458
    },
    "barkbands_spread": {
        "dmean": 10.7554969788,
        "dmean2": 16.2487354279,
        "dvar": 131.492950439,
        "dvar2": 295.688323975,
        "max": 111.351448059,
        "mean": 23.4347362518,
        "median": 19.5515193939,
        "min": 0.181831970811,
        "var": 305.441711426
    },
    "dissonance": {
        "dmean": 0.0148071581498,
        "dmean2": 0.0249342136085,
        "dvar": 0.000214788567973,
        "dvar2": 0.000550689699594,
        "max": 0.500000059605,
        "mean": 0.476788252592,
        "median": 0.481318950653,
        "min": 0,
        "var": 0.00035227072658
    },
    "dynamic_complexity": 2.78966736794,
    "erbbands_crest": {
        "dmean": 2.08532142639,
        "dmean2": 3.34121727943,
        "dvar": 4.95399188995,
        "dvar2": 11.343501091,
        "max": 31.1185417175,
        "mean": 6.09753751755,
        "median": 5.11795330048,
        "min": 1.77382457256,
        "var": 11.2570924759
    },
    "erbbands_flatness_db": {
        "dmean": 0.0156761836261,
        "dmean2": 0.0234593506902,
        "dvar": 0.000309234630549,
        "dvar2": 0.000637859164272,
        "max": 0.374677240849,
        "mean": 0.115634873509,
        "median": 0.102096416056,
        "min": 0.0476509146392,
        "var": 0.00179603917059
    },
    "erbbands_kurtosis": {
        "dmean": 0.735583245754,
        "dmean2": 1.1580414772,
        "dvar": 1.53936672211,
        "dvar2": 3.58538746834,
        "max": 29.2796287537,
        "mean": -0.263778656721,
        "median": -0.70094370842,
        "min": -1.82851624489,
        "var": 2.64778995514
    },
    "erbbands_skewness": {
        "dmean": 0.394049048424,
        "dmean2": 0.60197108984,
        "dvar": 0.139234527946,
        "dvar2": 0.318721592426,
        "max": 4.74560546875,
        "mean": 0.184794515371,
        "median": 0.152681395411,
        "min": -5.28243541718,
        "var": 0.439710646868
    },
    "erbbands_spread": {
        "dmean": 12.0154075623,
        "dmean2": 18.3983955383,
        "dvar": 130.052505493,
        "dvar2": 289.438873291,
        "max": 173.441482544,
        "mean": 58.4841880798,
        "median": 58.147190094,
        "min": 4.13769102097,
        "var": 462.150665283
    },
    "hfc": {
        "dmean": 16.1408176422,
        "dmean2": 25.5798473358,
        "dvar": 497.655670166,
        "dvar2": 1257.78991699,
        "max": 174.593536377,
        "mean": 27.0970802307,
        "median": 19.7172012329,
        "min": 1.08292718938e-16,
        "var": 663.361022949
    },
    "melbands_crest": {
        "dmean": 4.89778757095,
        "dmean2": 7.73475170135,
        "dvar": 18.6264343262,
        "dvar2": 42.3071212769,
        "max": 36.7347717285,
        "mean": 20.4823379517,
        "median": 20.375837326,
        "min": 1.88593554497,
        "var": 50.2170257568
    },
    "melbands_flatness_db": {
        "dmean": 0.0549458563328,
        "dmean2": 0.0789867639542,
        "dvar": 0.00242817564867,
        "dvar2": 0.00550508033484,
        "max": 0.675666630268,
        "mean": 0.229200512171,
        "median": 0.216690510511,
        "min": 0.00542363990098,
        "var": 0.0100302053615
    },
    "melbands_kurtosis": {
        "dmean": 27.7019538879,
        "dmean2": 42.4887046814,
        "dvar": 1811.69970703,
        "dvar2": 3800.5703125,
        "max": 879.244445801,
        "mean": 45.5240402222,
        "median": 26.4888191223,
        "min": -1.83691251278,
        "var": 3893.99560547
    },
    "melbands_skewness": {
        "dmean": 1.60180079937,
        "dmean2": 2.41231894493,
        "dvar": 2.64283275604,
        "dvar2": 5.82787513733,
        "max": 22.1189937592,
        "mean": 4.90192222595,
        "median": 4.46447086334,
        "min": -1.255189538,
        "var": 7.66242218018
    },
    "melbands_spread": {
        "dmean": 9.84995365143,
        "dmean2": 15.2403249741,
        "dvar": 149.7993927,
        "dvar2": 348.706542969,
        "max": 192.47567749,
        "mean": 18.1444454193,
        "median": 12.2991666794,
        "min": 0.208423659205,
        "var": 340.560394287
    },
    "pitch_salience": {
        "dmean": 0.113258644938,
        "dmean2": 0.17263430357,
        "dvar": 0.00925657711923,
        "dvar2": 0.02069802396,
        "max": 0.96980035305,
        "mean": 0.468651890755,
        "median": 0.477666050196,
        "min": 0.0301055815071,
        "var": 0.0272850766778
    },
    "silence_rate_20dB": {
        "dmean": 0,
        "dmean2": 0,
        "dvar": 0,
        "dvar2": 0,
        "max": 1,
        "mean": 1,
        "median": 1,
        "min": 1,
        "var": 0
    },
    "silence_rate_30dB": {
        "dmean": 0.0387446172535,
        "dmean2": 0.0774946212769,
        "dvar": 0.0372425727546,
        "dvar2": 0.0949481129646,
        "max": 1,
        "mean": 0.970353424549,
        "median": 1,
        "min": 0,
        "var": 0.0287711806595
    },
    "silence_rate_60dB": {
        "dmean": 0.0227746143937,
        "dmean2": 0.0455523915589,
        "dvar": 0.0222560092807,
        "dvar2": 0.049310259521,
        "max": 1,
        "mean": 0.0522113442421,
        "median": 0,
        "min": 0,
        "var": 0.0494774542749
    },
    "spectral_centroid": {
        "dmean": 417.676269531,
        "dmean2": 639.813598633,
        "dvar": 168578.453125,
        "dvar2": 378954.46875,
        "max": 11124.8818359,
        "mean": 1463.27722168,
        "median": 1419.83129883,
        "min": 138.588562012,
        "var": 568113.8125
    },
    "spectral_complexity": {
        "dmean": 7.79627847672,
        "dmean2": 11.6983547211,
        "dvar": 66.3376464844,
        "dvar2": 141.739746094,
        "max": 62,
        "mean": 21.4467124939,
        "median": 19,
        "min": 0,
        "var": 176.81149292
    },
    "spectral_decrease": {
        "dmean": 4.63843186083e-09,
        "dmean2": 7.2732815326e-09,
        "dvar": 2.3532669696e-17,
        "dvar2": 6.03889492767e-17,
        "max": 1.58413166641e-28,
        "mean": -1.28493713447e-08,
        "median": -1.26056560745e-08,
        "min": -4.5290097006e-08,
        "var": 6.53132944296e-17
    },
    "spectral_energy": {
        "dmean": 0.0180653259158,
        "dmean2": 0.0284147262573,
        "dvar": 0.00035454283352,
        "dvar2": 0.000920295075048,
        "max": 0.182143777609,
        "mean": 0.0509541369975,
        "median": 0.0506842546165,
        "min": 9.84199122199e-21,
        "var": 0.000978152966127
    },
    "spectral_energyband_high": {
        "dmean": 0.00148654554505,
        "dmean2": 0.00235095713288,
        "dvar": 4.5586853048e-06,
        "dvar2": 1.13105816126e-05,
        "max": 0.0170099325478,
        "mean": 0.00206029112451,
        "median": 0.00112503103446,
        "min": 6.85943723486e-21,
        "var": 6.43901194053e-06
    },
    "spectral_energyband_low": {
        "dmean": 0.0166991706938,
        "dmean2": 0.0254698302597,
        "dvar": 0.000319640064845,
        "dvar2": 0.000804569106549,
        "max": 0.161824643612,
        "mean": 0.0342562310398,
        "median": 0.0287739057094,
        "min": 4.074865108e-23,
        "var": 0.00074712978676
    },
    "spectral_energyband_middle_high": {
        "dmean": 0.00251162098721,
        "dmean2": 0.00404815329239,
        "dvar": 1.33600406116e-05,
        "dvar2": 3.37856763508e-05,
        "max": 0.0408442616463,
        "mean": 0.00384679948911,
        "median": 0.00252150907181,
        "min": 1.33560951866e-21,
        "var": 1.72514282895e-05
    },
    "spectral_energyband_middle_low": {
        "dmean": 0.00789524242282,
        "dmean2": 0.0129973562434,
        "dvar": 0.000183254611329,
        "dvar2": 0.000457690883195,
        "max": 0.14786632359,
        "mean": 0.0125388260931,
        "median": 0.00879126507789,
        "min": 2.07092850311e-22,
        "var": 0.00020573673828
    },
    "spectral_entropy": {
        "dmean": 0.234669134021,
        "dmean2": 0.345960468054,
        "dvar": 0.0650259703398,
        "dvar2": 0.14423969388,
        "max": 9.8029384613,
        "mean": 7.86590194702,
        "median": 7.99488401413,
        "min": 5.00223302841,
        "var": 0.211574018002
    },
    "spectral_flux": {
        "dmean": 0.0422750487924,
        "dmean2": 0.0662777274847,
        "dvar": 0.00165894674137,
        "dvar2": 0.00356671446934,
        "max": 0.390087008476,
        "mean": 0.116245262325,
        "median": 0.106856413186,
        "min": 6.52104828469e-11,
        "var": 0.00389091670513
    },
    "spectral_kurtosis": {
        "dmean": 1.34062421322,
        "dmean2": 2.16788482666,
        "dvar": 5.32879829407,
        "dvar2": 14.2731351852,
        "max": 58.0436210632,
        "mean": 2.75152206421,
        "median": 1.93306398392,
        "min": -1.2130510807,
        "var": 9.5409488678
    },
    "spectral_rms": {
        "dmean": 0.00124507257715,
        "dmean2": 0.00192385260016,
        "dvar": 1.37550932777e-06,
        "dvar2": 3.36557900482e-06,
        "max": 0.01333046332,
        "mean": 0.00659394497052,
        "median": 0.0070319310762,
        "min": 3.09870011594e-12,
        "var": 6.23141249889e-06
    },
    "spectral_rolloff": {
        "dmean": 810.366699219,
        "dmean2": 1338.22851562,
        "dvar": 1695816,
        "dvar2": 3958191.75,
        "max": 19143.0175781,
        "mean": 1142.55786133,
        "median": 430.6640625,
        "min": 64.599609375,
        "var": 2739862
    },
    "spectral_skewness": {
        "dmean": 0.232662126422,
        "dmean2": 0.353680938482,
        "dvar": 0.0719410702586,
        "dvar2": 0.171342745423,
        "max": 5.40687322617,
        "mean": 1.26471614838,
        "median": 1.18623232841,
        "min": -0.0907681360841,
        "var": 0.206156268716
    },
    "spectral_spread": {
        "dmean": 644901.9375,
        "dmean2": 929816.625,
        "dvar": 497003790336,
        "dvar2": 1.00865153434e+12,
        "max": 41051160,
        "mean": 5590952.5,
        "median": 5812957,
        "min": 1218483.375,
        "var": 2.67705751962e+12
    },
    "spectral_strongpeak": {
        "dmean": 0.224040329456,
        "dmean2": 0.374717861414,
        "dvar": 0.160562127829,
        "dvar2": 0.436757057905,
        "max": 11.782087326,
        "mean": 0.462298005819,
        "median": 0.398129999638,
        "min": 0,
        "var": 0.22898799181
    },
    "zerocrossingrate": {
        "dmean": 0.017313234508,
        "dmean2": 0.0210384428501,
        "dvar": 0.000282987661194,
        "dvar2": 0.000401619327022,
        "max": 0.7578125,
        "mean": 0.055105637759,
        "median": 0.046875,
        "min": 0.001953125,
        "var": 0.00167251937091
    },
    "barkbands": {
        "dmean": [0.00111901259515, 0.0145703004673, 0.00380831514485, 0.00304475519806, 0.00406641373411, 0.00124728947412, 0.000916773744393, 0.000738271803129, 0.000849333941005, 0.000565144291613, 0.000495752610732, 0.000357497017831, 0.000284409587039, 0.000237436892348, 0.000217822191189, 0.000241997753619, 0.000222922346438, 0.000214471569052, 0.000253436213825, 0.000260601635091, 0.000301036983728, 0.000276882085018, 0.00027336992207, 0.000365534855518, 0.000184799049748, 5.62750828976e-05, 1.51343886046e-06],
        "dmean2": [0.00174617499579, 0.0217672251165, 0.00595168070868, 0.00523372227326, 0.00715680792928, 0.00207905867137, 0.00145047775004, 0.0012503991602, 0.00145178637467, 0.00095155404415, 0.000841260480229, 0.000596946047153, 0.000484990276163, 0.000390350469388, 0.00036290587741, 0.00041104335105, 0.000379311764846, 0.000353851966793, 0.000424583267886, 0.000423532736022, 0.000493826635648, 0.000442146410933, 0.00043723473209, 0.000599991297349, 0.000295565987471, 8.78801729414e-05, 2.57460465036e-06],
        "dvar": [2.24583391173e-06, 0.000279444997432, 5.34540195076e-05, 4.2681083869e-05, 8.47415431053e-05, 4.28027487942e-06, 2.10280882129e-06, 1.48797698785e-06, 1.91618437384e-06, 1.41695488765e-06, 1.15692739655e-06, 5.36060156264e-07, 2.93916770033e-07, 1.87017192843e-07, 1.31508812728e-07, 1.77021803438e-07, 1.28046821146e-07, 1.26771951159e-07, 1.49202719513e-07, 1.57219346875e-07, 1.84621583799e-07, 1.59605406225e-07, 1.49822525941e-07, 4.96686936913e-07, 1.28373685016e-07, 9.20994303044e-09, 2.35269425469e-11],
        "dvar2": [5.2688951655e-06, 0.000671804184094, 0.000123466408695, 0.000115499751701, 0.000236468054936, 1.12822099254e-05, 4.91211267217e-06, 4.03639342039e-06, 5.08419770995e-06, 3.47290074387e-06, 2.93917514682e-06, 1.40929353165e-06, 7.41654957892e-07, 4.38213874077e-07, 3.39377777436e-07, 4.77994035464e-07, 3.33815506792e-07, 3.29883022232e-07, 3.84739479387e-07, 3.96781899781e-07, 4.76876948596e-07, 3.87865355833e-07, 3.65055939255e-07, 1.28539670641e-06, 3.33470097758e-07, 2.22731593169e-08, 5.81182844905e-11],
        "max": [0.0384936109185, 0.158313035965, 0.0882166996598, 0.101216189563, 0.118331991136, 0.0295719653368, 0.0239337924868, 0.0133272381499, 0.0190492495894, 0.0249719023705, 0.036528903991, 0.0274766236544, 0.0263039432466, 0.0131111135706, 0.00568829802796, 0.00737321702763, 0.00487819500268, 0.00479514012113, 0.00403686892241, 0.00422971928492, 0.00496094767004, 0.00494940113276, 0.00500368094072, 0.00776327354833, 0.00614623911679, 0.00115371972788, 0.000222235816182],
        "mean": [0.0018677393673, 0.0261396858841, 0.00458713714033, 0.00322844926268, 0.00434403773397, 0.00170726771466, 0.00132063229103, 0.000865614158101, 0.000935955904424, 0.000657710479572, 0.000532085134182, 0.000419156509452, 0.000346655840985, 0.000318739941576, 0.000272594479611, 0.000280097854557, 0.000272913865047, 0.000287446775474, 0.000321568542859, 0.000376121402951, 0.00043375743553, 0.000386600295315, 0.00037187198177, 0.000413652946008, 0.00020267412765, 6.27108238405e-05, 1.44930641e-06],
        "median": [0.00107050139923, 0.0195965245366, 0.00180006970186, 0.00122359511442, 0.00175734772347, 0.000881006242707, 0.000576659280341, 0.000420477212174, 0.000423306802986, 0.000251210090937, 0.000214869054616, 0.00020032946486, 0.000180835806532, 0.000151736836415, 0.000139951182064, 0.00013898666657, 0.00014050291793, 0.00015588021779, 0.00016173243057, 0.000214626299567, 0.000247832067544, 0.000204078518436, 0.000173362641362, 0.000155253350385, 8.50678479765e-05, 2.60161577899e-05, 1.70780268149e-07],
        "min": [6.48144212492e-24, 9.27609863308e-24, 6.06196888844e-24, 2.36697537118e-24, 3.67887302634e-23, 2.44594338491e-23, 2.62098310008e-23, 2.24629468048e-23, 3.24492726881e-23, 4.07383106912e-23, 5.43664003217e-23, 2.73042555999e-23, 5.42728161748e-23, 5.97974489077e-23, 1.14055857327e-22, 1.34951798208e-22, 7.70090559516e-23, 2.01440163365e-22, 1.84211529548e-22, 2.45247262885e-22, 3.46746448841e-22, 3.57036678655e-22, 4.86496805893e-22, 6.53623185956e-22, 1.07256840627e-21, 1.47915908032e-21, 1.95220299312e-21],
        "var": [5.60584703635e-06, 0.000601248582825, 6.39637728455e-05, 3.5170945921e-05, 6.50565998512e-05, 5.47313175048e-06, 3.70029124497e-06, 1.59065632488e-06, 1.95650090973e-06, 1.61926607234e-06, 1.1953587773e-06, 5.56133443297e-07, 3.65206830111e-07, 3.1706534287e-07, 1.47352039903e-07, 1.65883577097e-07, 1.34056065804e-07, 1.48879436779e-07, 1.77833484827e-07, 2.24783548219e-07, 2.91757743298e-07, 2.46622164468e-07, 2.34467464111e-07, 4.91355592658e-07, 1.15159195957e-07, 9.95766047396e-09, 3.31519117713e-11]
    },
    "erbbands": {
        "dmean": [0.630474567413, 2.56077289581, 3.98575878143, 7.24349164963, 12.1583557129, 13.2552595139, 12.8085851669, 9.42311286926, 13.1585836411, 13.4955148697, 17.5539588928, 19.8161010742, 15.7243251801, 19.9413204193, 15.819144249, 14.079911232, 12.7546672821, 11.0541133881, 11.4327354431, 12.9141540527, 12.4677829742, 12.8227930069, 11.7686595917, 11.9122667313, 12.7670183182, 12.7332725525, 12.8239955902, 11.9728031158, 9.97585582733, 8.34571743011, 8.16047096252, 8.19941997528, 5.68385648727, 2.57822799683, 1.09428524971, 0.399594426155, 0.0738648921251, 0.00746593112126, 0.000237794185523, 2.79292689811e-05],
        "dmean2": [0.929231822491, 3.90835237503, 6.1015048027, 11.9712543488, 20.9121055603, 23.5603752136, 22.3602428436, 15.3626184464, 20.6941318512, 22.2308120728, 29.8293819427, 34.1015510559, 26.2201862335, 34.1544075012, 26.4431877136, 23.3638286591, 21.522644043, 18.4339294434, 18.8149833679, 21.6408061981, 21.0257377625, 21.7828941345, 19.5476493835, 20.0314426422, 20.9350662231, 20.9654903412, 21.288816452, 19.5012702942, 16.0795898438, 13.1235179901, 13.1153240204, 13.5999498367, 9.31809902191, 4.19364452362, 1.721814394, 0.628959834576, 0.114538125694, 0.0116492491215, 0.000387220090488, 4.46172125521e-05],
        "dvar": [0.543300509453, 9.9148683548, 49.1035499573, 228.977935791, 752.345031738, 946.827880859, 879.514038086, 227.487167358, 463.233642578, 522.863891602, 865.055419922, 1145.88647461, 841.260131836, 1749.36047363, 1304.42944336, 815.19909668, 622.600524902, 337.497924805, 413.535644531, 468.449127197, 416.551452637, 425.311553955, 394.312072754, 370.236206055, 359.894805908, 432.717468262, 369.401275635, 307.708862305, 204.863296509, 140.184799194, 143.515151978, 237.696762085, 131.306900024, 30.5470657349, 4.0696439743, 0.535012185574, 0.0155816571787, 0.000173112915945, 4.39520874806e-07, 8.93763396626e-10],
        "dvar2": [1.19355154037, 24.9956607819, 111.794425964, 590.243164062, 2036.79492188, 2668.42114258, 2489.86010742, 546.827392578, 1070.09472656, 1292.8067627, 2271.25341797, 3100.37231445, 2063.56347656, 4585.12207031, 3253.66235352, 2166.81713867, 1501.91418457, 852.717285156, 996.303466797, 1221.06799316, 1108.24902344, 1114.14245605, 1029.23461914, 968.400085449, 903.036010742, 1126.38110352, 970.545654297, 784.913635254, 500.989196777, 325.718292236, 353.958740234, 622.100402832, 345.943481445, 82.955078125, 10.0065021515, 1.30834949017, 0.0368431024253, 0.000401630182751, 1.1437351759e-06, 2.3141148997e-09],
        "max": [7.61078834534, 30.8865318298, 82.5865859985, 206.356414795, 330.267364502, 388.256744385, 348.296142578, 352.070220947, 433.898406982, 435.814086914, 453.317901611, 357.092346191, 538.600341797, 953.012634277, 1392.94677734, 1220.0090332, 1460.17285156, 432.280548096, 516.159484863, 310.995452881, 324.897033691, 280.857055664, 305.395019531, 208.342422485, 227.316070557, 191.378723145, 167.427474976, 291.728729248, 195.162948608, 116.248695374, 126.332077026, 162.531890869, 196.917495728, 112.867782593, 23.7613983154, 9.16289710999, 1.58365809917, 0.443345636129, 0.0319656096399, 0.000511568505317],
        "mean": [1.12501358986, 4.37740707397, 5.66493177414, 8.6080827713, 13.3589839935, 13.6491413116, 14.1917734146, 13.5085172653, 18.7631969452, 18.5081291199, 20.1304016113, 20.9500198364, 19.6903820038, 21.9356594086, 18.7255020142, 17.1305027008, 16.139673233, 14.9587125778, 15.2765789032, 16.02384758, 15.3171834946, 16.2565441132, 15.7615623474, 15.5894765854, 17.4221115112, 17.6045284271, 17.368680954, 16.9369621277, 14.0630712509, 11.8195028305, 10.6623239517, 9.55469799042, 6.21711206436, 2.82987833023, 1.17416000366, 0.421165198088, 0.0868647769094, 0.00914589408785, 0.000283511239104, 7.20870375517e-05],
        "median": [0.764389336109, 3.11995244026, 2.80436635017, 3.94069600105, 5.49140787125, 5.35687971115, 6.31128406525, 6.5596704483, 8.13204669952, 9.28952312469, 9.26738739014, 9.12099933624, 8.76794338226, 9.24742603302, 8.3907585144, 8.55548477173, 8.72873783112, 7.84118461609, 7.98153591156, 8.1867980957, 7.69762039185, 8.58048534393, 8.60796833038, 8.58799648285, 9.09226512909, 9.96147727966, 9.69876098633, 8.85464859009, 7.51945781708, 5.93442106247, 4.86713075638, 3.53858351707, 2.32245111465, 1.17539393902, 0.475318670273, 0.165377095342, 0.0374238602817, 0.00367772788741, 0.000121561410197, 7.12589826435e-05],
        "min": [6.44447711264e-22, 9.62891951284e-22, 5.03275465878e-21, 1.02748118619e-20, 2.48848498493e-20, 1.12103251851e-19, 9.17621697296e-20, 2.5903633926e-19, 2.15047171553e-19, 3.55124896238e-19, 6.57686445355e-19, 7.81945258479e-19, 6.86200756937e-19, 1.24971305144e-18, 1.76353541748e-18, 1.2660858509e-18, 2.31018206799e-18, 4.05050328196e-18, 3.89417028209e-18, 6.25227609285e-18, 5.62615413588e-18, 5.60971888429e-18, 9.79327995805e-18, 9.86188631805e-18, 1.23231035009e-17, 1.22518973122e-17, 1.31673306515e-17, 1.45899671542e-17, 1.26901061679e-17, 1.25144576735e-17, 1.56799281581e-17, 1.49839086122e-17, 9.79286057748e-18, 1.13063206842e-17, 8.32892542837e-18, 5.42351515173e-18, 2.47159209566e-18, 9.08784668318e-19, 2.76882295687e-19, 2.98299520398e-20],
        "var": [1.31450939178, 18.3473491669, 68.969581604, 215.97442627, 614.94732666, 691.909790039, 693.442810059, 364.329071045, 792.141357422, 800.594726562, 938.256286621, 1022.15606689, 1042.57629395, 1609.57092285, 1512.10253906, 852.302246094, 839.323974609, 466.017974854, 609.180786133, 506.201629639, 438.829040527, 456.666595459, 446.517486572, 413.616119385, 497.947601318, 520.955383301, 465.819885254, 545.506469727, 333.686553955, 219.461883545, 199.647003174, 254.630584717, 119.880821228, 25.118106842, 3.96568322182, 0.530885279179, 0.0182788148522, 0.000275927392067, 5.101966849e-07, 1.94339810911e-09]
    },
    "gfcc": {
        "mean": [19.4392642975, 86.3823394775, -97.6004180908, 51.8138504028, -57.4752120972, 26.5615444183, -28.6520080566, 15.7448787689, -18.4945487976, 7.75642871857, -11.8988304138, 1.90193724632, -6.89716911316],
        "cov": [[8712.98535156, -2314.06713867, 535.014282227, 386.201385498, -1029.37194824, 675.804931641, -831.170532227, 408.163696289, -449.164001465, 222.983047485, -324.280944824, 353.660339355, -237.78793335], [-2314.06713867, 1825.90698242, -20.1862125397, -59.3248939514, 480.422698975, -339.852844238, 418.747711182, -187.229217529, 269.237518311, -126.890098572, 208.449493408, -144.763046265, 157.272964478], [535.014282227, -20.1862125397, 777.465515137, 167.873138428, 40.3303718567, 114.487350464, -52.80676651, 36.4108581543, -70.2810745239, 36.8013648987, -34.312828064, 52.5095863342, -24.1366004944], [386.201385498, -59.3248939514, 167.873138428, 334.327880859, -9.94593429565, 41.5562133789, 0.919848501682, -12.5587720871, 6.92010211945, -18.9196796417, 9.13716983795, -0.8398219347, 11.43770504], [-1029.37194824, 480.422698975, 40.3303718567, -9.94593429565, 349.715515137, -64.8050460815, 161.466995239, -46.6722679138, 77.9739379883, -17.5661487579, 64.0685653687, -45.4300956726, 26.275762558], [675.804931641, -339.852844238, 114.487350464, 41.5562133789, -64.8050460815, 214.61000061, -51.7825965881, 69.4594421387, -51.3630218506, 25.6383132935, -32.9253616333, 40.6777267456, -30.013715744], [-831.170532227, 418.747711182, -52.80676651, 0.919848501682, 161.466995239, -51.7825965881, 258.380737305, -4.51586198807, 123.098823547, -22.4304218292, 71.620513916, -32.4474754333, 48.710144043], [408.163696289, -187.229217529, 36.4108581543, -12.5587720871, -46.6722679138, 69.4594421387, -4.51586198807, 125.158920288, 17.3787021637, 48.2010192871, -7.92122173309, 27.7647514343, -14.3104219437], [-449.164001465, 269.237518311, -70.2810745239, 6.92010211945, 77.9739379883, -51.3630218506, 123.098823547, 17.3787021637, 154.311843872, 22.4127655029, 70.7770004272, -21.2830600739, 41.8390922546], [222.983047485, -126.890098572, 36.8013648987, -18.9196796417, -17.5661487579, 25.6383132935, -22.4304218292, 48.2010192871, 22.4127655029, 106.555839539, 27.2436084747, 30.4600830078, -6.90424442291], [-324.280944824, 208.449493408, -34.312828064, 9.13716983795, 64.0685653687, -32.9253616333, 71.620513916, -7.92122173309, 70.7770004272, 27.2436084747, 108.159851074, 5.74831581116, 45.4785118103], [353.660339355, -144.763046265, 52.5095863342, -0.8398219347, -45.4300956726, 40.6777267456, -32.4474754333, 27.7647514343, -21.2830600739, 30.4600830078, 5.74831581116, 78.1088485718, 9.57681751251], [-237.78793335, 157.272964478, -24.1366004944, 11.43770504, 26.275762558, -30.013715744, 48.710144043, -14.3104219437, 41.8390922546, -6.90424442291, 45.4785118103, 9.57681751251, 80.6093521118]],
        "icov": [[0.000351727445377, -0.000270795921097, 0.000130660060677, -0.000527542259078, 0.000575324287638, -0.000519040564541, 0.000609531416558, -0.000713652872946, 0.000304552464513, -0.000418959651142, 0.000472493382404, -0.000920050079003, 0.00045283313375], [-0.000270795921097, 0.00269592413679, -0.00114388635848, 0.00147518655285, -0.00142679619603, 0.00207740720361, -0.00157561781816, 0.00197082036175, -0.00204506795853, 0.0027747915592, -0.00266581447795, 0.0024890715722, -0.00156254856847], [0.000130660060677, -0.00114388635848, 0.00230700126849, -0.00163760303985, -0.000216727843508, -0.00123788113706, 0.000732052023523, -0.00118080351967, 0.00174589268863, -0.00200743810274, 0.00186068471521, -0.00199045147747, 0.00060669274535], [-0.000527542259078, 0.00147518655285, -0.00163760303985, 0.00504586705938, -0.000647630484309, 0.000523634720594, -0.00112604419701, 0.0025878448505, -0.00244403490797, 0.00296496204101, -0.00257891067304, 0.00278591713868, -0.00144823757], [0.000575324287638, -0.00142679619603, -0.000216727843508, -0.000647630484309, 0.00624301191419, -0.00134861737024, -0.00115430983715, -0.000108927531983, 0.00104443507735, -0.00174587813672, 5.68120813114e-05, -0.000500020105392, 0.00198465236463], [-0.000519040564541, 0.00207740720361, -0.00123788113706, 0.000523634720594, -0.00134861737024, 0.0091985091567, -0.00204072939232, -0.00172262382694, 0.000669059343636, 0.00213530985638, -0.00204692780972, 0.000769561564084, -0.000338270067004], [0.000609531416558, -0.00157561781816, 0.000732052023523, -0.00112604419701, -0.00115430983715, -0.00204072939232, 0.0103914197534, -0.00321055622771, -0.00382162886672, 0.00170384196099, 0.000201937858947, -0.00209009367973, 0.000282203662209], [-0.000713652872946, 0.00197082036175, -0.00118080351967, 0.0025878448505, -0.000108927531983, -0.00172262382694, -0.00321055622771, 0.0161466524005, -0.00585636775941, -0.00197643763386, 0.000626029097475, 0.000597966718487, -2.43237718678e-05], [0.000304552464513, -0.00204506795853, 0.00174589268863, -0.00244403490797, 0.00104443507735, 0.000669059343636, -0.00382162886672, -0.00585636775941, 0.0179579220712, -0.00619321595877, -0.00219041411765, 0.00208990136161, -0.00192745565437], [-0.000418959651142, 0.0027747915592, -0.00200743810274, 0.00296496204101, -0.00174587813672, 0.00213530985638, 0.00170384196099, -0.00197643763386, -0.00619321595877, 0.0192456953228, -0.00876213144511, -0.00112010957673, 0.00225169654004], [0.000472493382404, -0.00266581447795, 0.00186068471521, -0.00257891067304, 5.68120813114e-05, -0.00204692780972, 0.000201937858947, 0.000626029097475, -0.00219041411765, -0.00876213144511, 0.021672077477, -0.00562797067687, -0.00444553839043], [-0.000920050079003, 0.0024890715722, -0.00199045147747, 0.00278591713868, -0.000500020105392, 0.000769561564084, -0.00209009367973, 0.000597966718487, 0.00208990136161, -0.00112010957673, -0.00562797067687, 0.0235224980861, -0.00754302041605], [0.00045283313375, -0.00156254856847, 0.00060669274535, -0.00144823757, 0.00198465236463, -0.000338270067004, 0.000282203662209, -2.43237718678e-05, -0.00192745565437, 0.00225169654004, -0.00444553839043, -0.00754302041605, 0.0208268817514]]
    },
    "melbands": {
        "dmean": [0.00469647115096, 0.0021408079192, 0.00127846898977, 0.000930026872084, 0.000474358355859, 0.000215590756852, 0.000189916172531, 0.000149671745021, 0.000150717620272, 0.000119326025015, 7.96601598267e-05, 8.28915508464e-05, 6.06477478868e-05, 4.02862751798e-05, 3.45743392245e-05, 2.72290271823e-05, 2.07215216506e-05, 2.00904687517e-05, 1.74786964635e-05, 1.71959691215e-05, 1.44514024214e-05, 1.39558687806e-05, 1.15593893497e-05, 1.08555668703e-05, 9.94359106699e-06, 9.71343979472e-06, 9.10032849788e-06, 8.65646688908e-06, 8.53887377161e-06, 7.47352032704e-06, 6.8928861765e-06, 5.7161132645e-06, 5.59865247851e-06, 4.48665377917e-06, 4.96161328556e-06, 4.74131229566e-06, 5.09324536324e-06, 4.05541777582e-06, 3.2631180602e-06, 1.89594652511e-06],
        "dmean2": [0.00699746143073, 0.0033070994541, 0.00206260336563, 0.00162275892217, 0.000834189413581, 0.000351392256562, 0.000299489300232, 0.000248672411544, 0.000256811472354, 0.000204844720429, 0.000132848974317, 0.000141809301567, 0.000102076104668, 6.69556538924e-05, 5.78192521061e-05, 4.68293583253e-05, 3.44042018696e-05, 3.30950679199e-05, 2.93499851978e-05, 2.93092398351e-05, 2.43730501097e-05, 2.38883185375e-05, 1.92268544197e-05, 1.81121158676e-05, 1.68756942003e-05, 1.62565829669e-05, 1.48990411617e-05, 1.44143450598e-05, 1.42529670484e-05, 1.24172684082e-05, 1.12704992716e-05, 9.30752503336e-06, 9.08395759325e-06, 7.10889253241e-06, 7.99063855084e-06, 7.87556564319e-06, 8.43670113682e-06, 6.60267596686e-06, 5.50188315174e-06, 3.060185918e-06],
        "dvar": [2.92909062409e-05, 8.32228033687e-06, 6.20130504103e-06, 4.4396483645e-06, 1.28022281842e-06, 1.1287486501e-07, 9.04674095636e-08, 6.10534058865e-08, 6.4112676057e-08, 3.95521446706e-08, 2.33115411419e-08, 3.00213010007e-08, 1.87738855573e-08, 6.2910063825e-09, 4.91891150034e-09, 2.93415958197e-09, 1.19614262939e-09, 1.48604628603e-09, 8.16941014836e-10, 9.02502628186e-10, 5.44985834239e-10, 4.9035286942e-10, 3.81678355588e-10, 3.3295780022e-10, 2.64864158384e-10, 2.1962495711e-10, 1.73362879607e-10, 2.088648976e-10, 1.73680889115e-10, 1.11831655047e-10, 9.87148002229e-11, 6.87574580605e-11, 7.42416197963e-11, 3.8720256168e-11, 5.58147209007e-11, 5.8850792295e-11, 9.97233406963e-11, 6.17808929015e-11, 7.0751460246e-11, 1.36197468234e-11],
        "dvar2": [6.79679433233e-05, 1.94002477656e-05, 1.50054293044e-05, 1.22439078041e-05, 3.61713546226e-06, 2.76699012147e-07, 2.11623685686e-07, 1.56433102916e-07, 1.65724117096e-07, 1.06588430526e-07, 5.64987097107e-08, 7.80867566164e-08, 4.68527971975e-08, 1.59092952146e-08, 1.27942278993e-08, 7.30266602744e-09, 2.9809144042e-09, 3.45351880426e-09, 2.08877648511e-09, 2.43982123393e-09, 1.43313472201e-09, 1.29355104406e-09, 9.87005033259e-10, 8.70532479436e-10, 7.00404068077e-10, 5.55480217379e-10, 4.32384267279e-10, 5.43175338041e-10, 4.56172266627e-10, 2.94046315075e-10, 2.4878202276e-10, 1.7041935918e-10, 1.86151080661e-10, 8.89072843124e-11, 1.37819297641e-10, 1.58154808694e-10, 2.56775017915e-10, 1.5843575063e-10, 1.99417884983e-10, 3.546846844e-11],
        "max": [0.0506242401898, 0.0318164117634, 0.0374239087105, 0.0305746365339, 0.0141275189817, 0.00705245183781, 0.00601364485919, 0.00414363387972, 0.00475155981258, 0.00204793643206, 0.00296135409735, 0.00411025993526, 0.00595235312358, 0.00198642862961, 0.0031847152859, 0.00263200793415, 0.000816831132397, 0.00120690884069, 0.000493927451316, 0.000494553474709, 0.000327191490214, 0.000324184336932, 0.00033745210385, 0.00027678834158, 0.000165717545315, 0.000183474214282, 0.00019858541782, 0.000130047192215, 0.000124028185382, 0.000125494421809, 0.00015233058366, 0.000117101531941, 9.60705292528e-05, 5.91775824432e-05, 7.26668804418e-05, 0.000140915304655, 9.74494687398e-05, 0.000132519169711, 0.000164431228768, 6.45737018203e-05],
        "mean": [0.00841694977134, 0.0038402385544, 0.00163313443772, 0.00102150416933, 0.000510967278387, 0.000317215628456, 0.000274661782896, 0.000196710709133, 0.000167922102264, 0.000126501181512, 9.90017288132e-05, 9.12568284548e-05, 6.76803829265e-05, 4.68650250696e-05, 4.24609352194e-05, 3.26059598592e-05, 2.75620841421e-05, 2.58687814494e-05, 2.14530628e-05, 2.01156453841e-05, 1.7037964426e-05, 1.71386436705e-05, 1.39908670462e-05, 1.43201805258e-05, 1.22451601783e-05, 1.24275329654e-05, 1.30478865685e-05, 1.11608433144e-05, 1.09895354399e-05, 1.01833511508e-05, 9.30392252485e-06, 7.8329067037e-06, 7.50300296204e-06, 6.18462217972e-06, 6.13368138147e-06, 6.07552101428e-06, 5.58896908842e-06, 4.50433890364e-06, 3.30030479745e-06, 2.11816768569e-06],
        "median": [0.0061371056363, 0.0026394771412, 0.000787967757788, 0.000421504286351, 0.000227322918363, 0.000163972901646, 0.00012335611973, 9.39031669986e-05, 7.52061532694e-05, 5.51162956981e-05, 4.26272090408e-05, 3.69904337276e-05, 2.8294056392e-05, 2.16692351387e-05, 2.12129543797e-05, 1.62160977197e-05, 1.394602441e-05, 1.20029571917e-05, 1.06477318695e-05, 1.01878131318e-05, 7.95995856606e-06, 8.48495528771e-06, 7.08883044354e-06, 7.24031542632e-06, 6.28750967735e-06, 6.19985530648e-06, 6.80288894728e-06, 5.98528094997e-06, 5.84162989981e-06, 5.32735612069e-06, 4.7551498028e-06, 4.19417028752e-06, 3.69413123735e-06, 3.01608065456e-06, 2.78845482171e-06, 2.41782208832e-06, 1.98402108254e-06, 1.65383096373e-06, 1.27893008539e-06, 8.69200732723e-07],
        "min": [4.30738091318e-24, 2.49107640499e-24, 2.05738316184e-24, 4.01787763843e-24, 4.48197476416e-24, 6.02373635024e-24, 3.87072746948e-24, 3.82705494647e-24, 5.43609729586e-24, 5.23457567788e-24, 3.14258992129e-24, 5.00844002192e-24, 6.24997376925e-24, 4.43679315025e-24, 3.5746557444e-24, 5.30868008802e-24, 7.2027150055e-24, 5.21605992914e-24, 8.8259012365e-24, 9.40381363591e-24, 5.55786862621e-24, 3.49465144355e-24, 5.84422552923e-24, 8.06701310137e-24, 8.03739374096e-24, 6.948667873e-24, 7.52161754847e-24, 8.05143230963e-24, 8.75068256032e-24, 6.30210524774e-24, 7.42627660832e-24, 7.0102376778e-24, 6.75558391126e-24, 6.87403532048e-24, 8.06130569272e-24, 9.13966592838e-24, 7.94348458336e-24, 6.82631791319e-24, 6.77291281876e-24, 1.02745070271e-23],
        "var": [6.62214079057e-05, 1.55228444783e-05, 6.67888070893e-06, 3.57735393663e-06, 9.51475215061e-07, 1.80476078526e-07, 1.55782004185e-07, 8.73638725807e-08, 7.14403540769e-08, 3.62048879765e-08, 2.91299091515e-08, 2.8433390753e-08, 2.0657699551e-08, 7.16386150401e-09, 5.60219026724e-09, 3.50933615501e-09, 1.71456937537e-09, 2.41504416465e-09, 9.03952024345e-10, 8.5036899744e-10, 5.87354387349e-10, 5.37188793448e-10, 4.09996592232e-10, 3.88439641563e-10, 2.80321099666e-10, 2.74964884195e-10, 2.80400536123e-10, 2.362761653e-10, 2.09999267975e-10, 1.7395682117e-10, 1.63161095745e-10, 1.04078717866e-10, 1.05836089892e-10, 5.99056915185e-11, 6.91244145257e-11, 9.43858532998e-11, 9.67871199853e-11, 6.04764294199e-11, 4.89521513602e-11, 1.28219396905e-11]
    },
    "mfcc": {
        "mean": [-622.684936523, 106.896018982, 22.2549819946, 29.9319248199, 6.36598968506, 13.4896373749, 7.43210029602, 8.74056625366, 5.34278059006, 7.24961853027, 2.40739941597, 4.41524744034, 1.51667404175],
        "cov": [[7741.64648438, -2130.29199219, 664.59362793, -287.192810059, -150.599441528, -59.9038772583, -253.644287109, 18.7923221588, -141.074188232, -120.418205261, -130.186813354, -5.38106632233, -58.6604385376], [-2130.29199219, 1529.33190918, -140.602020264, 179.202987671, 82.1186981201, 17.0966262817, 99.0464401245, 20.6355438232, 69.2674789429, 40.3787841797, 68.4550170898, 28.6566162109, 60.4528579712], [664.59362793, -140.602020264, 628.936950684, 126.152320862, 80.419670105, 65.846572876, 20.4783821106, 19.0761394501, -14.1606874466, -14.5330028534, -31.9202060699, -6.681681633, 9.9469833374], [-287.192810059, 179.202987671, 126.152320862, 290.791259766, 65.491355896, 54.5191421509, 24.3323783875, 17.0015220642, 11.3713817596, 16.0210914612, 7.16753005981, 8.58256816864, 7.07396602631], [-150.599441528, 82.1186981201, 80.419670105, 65.491355896, 164.513580322, 50.9781494141, 40.6838989258, -1.3813303709, -9.90444755554, 2.33906507492, 3.77299046516, 1.39875161648, 6.48854970932], [-59.9038772583, 17.0966262817, 65.846572876, 54.5191421509, 50.9781494141, 114.744789124, 44.563331604, 30.7924194336, 7.58328008652, 2.66787219048, 1.65141701698, 5.81709194183, 2.08375597], [-253.644287109, 99.0464401245, 20.4783821106, 24.3323783875, 40.6838989258, 44.563331604, 104.25730896, 35.4660797119, 19.8443374634, 9.95911884308, 12.7305498123, 10.9038286209, 12.769949913], [18.7923221588, 20.6355438232, 19.0761394501, 17.0015220642, -1.3813303709, 30.7924194336, 35.4660797119, 102.187324524, 37.1906318665, 14.9069681168, 5.99834299088, 6.06433439255, 3.59736919403], [-141.074188232, 69.2674789429, -14.1606874466, 11.3713817596, -9.90444755554, 7.58328008652, 19.8443374634, 37.1906318665, 77.3108596802, 36.0185623169, 23.4178581238, 13.0021457672, 13.5277204514], [-120.418205261, 40.3787841797, -14.5330028534, 16.0210914612, 2.33906507492, 2.66787219048, 9.95911884308, 14.9069681168, 36.0185623169, 76.1468658447, 40.6508560181, 22.678401947, 16.9003276825], [-130.186813354, 68.4550170898, -31.9202060699, 7.16753005981, 3.77299046516, 1.65141701698, 12.7305498123, 5.99834299088, 23.4178581238, 40.6508560181, 71.7799682617, 35.0694999695, 21.5925655365], [-5.38106632233, 28.6566162109, -6.681681633, 8.58256816864, 1.39875161648, 5.81709194183, 10.9038286209, 6.06433439255, 13.0021457672, 22.678401947, 35.0694999695, 62.9596290588, 34.6114006042], [-58.6604385376, 60.4528579712, 9.9469833374, 7.07396602631, 6.48854970932, 2.08375597, 12.769949913, 3.59736919403, 13.5277204514, 16.9003276825, 21.5925655365, 34.6114006042, 63.0993843079]],
