{
"lowlevel": {
    "average_loudness": 0.837986052036,
    "barkbands_crest": {
        "dmean": 2.67155885696,
        "dmean2": 4.23728132248,
        "dvar": 6.1593580246,
        "dvar2": 15.7615327835,
        "max": 24.3906173706,
        "mean": 11.6962461472,
        "median": 11.2552375793,
        "min": 2.258030653,
        "var": 16.8847560883
    },
    "barkbands_flatness_db": {
        "dmean": 0.0276082009077,
        "dmean2": 0.0419384911656,
        "dvar": 0.000724703248125,
        "dvar2": 0.00168734614272,
        "max": 0.512432515621,
        "mean": 0.157028242946,
        "median": 0.151843696833,
        "min": 0.0345885194838,
        "var": 0.00324576045386
    },
    "barkbands_kurtosis": {
        "dmean": 5.61906671524,
        "dmean2": 8.84381198883,
        "dvar": 65.98046875,
        "dvar2": 165.238067627,
        "max": 215.532211304,
        "mean": 10.2388868332,
        "median": 6.28778505325,
        "min": -1.89576792717,
        "var": 164.486953735
    },
    "barkbands_skewness": {
        "dmean": 0.709829449654,
        "dmean2": 1.09232103825,
        "dvar": 0.516908526421,
        "dvar2": 1.24098443985,
        "max": 11.1125049591,
        "mean": 2.66780209541,
        "median": 2.53594183922,
        "min": -2.20577192307,
        "var": 1.97177505493
    },
    "barkbands_spread": {
        "dmean": 5.62217521667,
        "dmean2": 8.82758235931,
        "dvar": 36.2230567932,
        "dvar2": 85.9058456421,
        "max": 106.607765198,
        "mean": 19.6304244995,
        "median": 17.2785129547,
        "min": 0.606130123138,
        "var": 167.957611084
    },
    "dissonance": {
        "dmean": 0.0118546448648,
        "dmean2": 0.0198399424553,
        "dvar": 0.000127197039546,
        "dvar2": 0.000342807819834,
        "max": 0.500000059605,
        "mean": 0.476678729057,
        "median": 0.480111181736,
        "min": 0.322370499372,
        "var": 0.000268379109912
    },
    "dynamic_complexity": 3.22860169411,
    "erbbands_crest": {
        "dmean": 2.23704981804,
        "dmean2": 3.6416015625,
        "dvar": 5.21607303619,
        "dvar2": 12.6718988419,
        "max": 28.1075458527,
        "mean": 7.3382768631,
        "median": 6.36177444458,
        "min": 2.31204223633,
        "var": 13.2332468033
    },
    "erbbands_flatness_db": {
        "dmean": 0.0133434683084,
        "dmean2": 0.0204054508358,
        "dvar": 0.000187122132047,
        "dvar2": 0.000431009364547,
        "max": 0.344953477383,
        "mean": 0.132407262921,
        "median": 0.127716451883,
        "min": 0.0522567406297,
        "var": 0.000876989914104
    },
    "erbbands_kurtosis": {
        "dmean": 0.590020060539,
        "dmean2": 0.955885112286,
        "dvar": 0.627857983112,
        "dvar2": 1.5567253828,
        "max": 12.7800531387,
        "mean": -0.419866710901,
        "median": -0.757163524628,
        "min": -1.78627586365,
        "var": 1.39047193527
    },
    "erbbands_skewness": {
        "dmean": 0.324316978455,
        "dmean2": 0.504105746746,
        "dvar": 0.0918723270297,
        "dvar2": 0.220265194774,
        "max": 3.12505960464,
        "mean": 0.0136096552014,
        "median": -0.0563532561064,
        "min": -2.39883804321,
        "var": 0.448491573334
    },
    "erbbands_spread": {
        "dmean": 9.47201824188,
        "dmean2": 14.6843938828,
        "dvar": 77.1737060547,
        "dvar2": 179.717163086,
        "max": 159.885742188,
        "mean": 56.3124237061,
        "median": 55.2875823975,
        "min": 7.5894818306,
        "var": 331.33782959
    },
    "hfc": {
        "dmean": 5.44717311859,
        "dmean2": 8.51452732086,
        "dvar": 60.3030357361,
        "dvar2": 143.744308472,
        "max": 105.691825867,
        "mean": 18.1446113586,
        "median": 15.7468338013,
        "min": 1.15581338187e-16,
        "var": 164.188461304
    },
    "melbands_crest": {
        "dmean": 3.28918004036,
        "dmean2": 5.2358341217,
        "dvar": 8.71433258057,
        "dvar2": 23.1329574585,
        "max": 35.5090827942,
        "mean": 16.9716358185,
        "median": 16.5150871277,
        "min": 1.77439367771,
        "var": 25.3411026001
    },
    "melbands_flatness_db": {
        "dmean": 0.032213691622,
        "dmean2": 0.0486635379493,
        "dvar": 0.00100546388421,
        "dvar2": 0.00229298742488,
        "max": 0.652201473713,
        "mean": 0.234551385045,
        "median": 0.23147264123,
        "min": 0.00326558179222,
        "var": 0.00514950882643
    },
    "melbands_kurtosis": {
        "dmean": 16.0958786011,
        "dmean2": 25.1319561005,
        "dvar": 466.833709717,
        "dvar2": 1144.00183105,
        "max": 444.156524658,
        "mean": 35.6153869629,
        "median": 25.9745941162,
        "min": -1.61623823643,
        "var": 1193.03198242
    },
    "melbands_skewness": {
        "dmean": 1.05630493164,
        "dmean2": 1.61926186085,
        "dvar": 1.10800993443,
        "dvar2": 2.62894201279,
        "max": 17.5201683044,
        "mean": 4.68653678894,
        "median": 4.44223308563,
        "min": -0.929987072945,
        "var": 4.15583896637
    },
    "melbands_spread": {
        "dmean": 5.61054039001,
        "dmean2": 8.8173084259,
        "dvar": 57.5232009888,
        "dvar2": 135.413650513,
        "max": 237.571838379,
        "mean": 15.3728179932,
        "median": 11.0955505371,
        "min": 0.588414788246,
        "var": 215.620269775
    },
    "pitch_salience": {
        "dmean": 0.0825505107641,
        "dmean2": 0.129462882876,
        "dvar": 0.00553551968187,
        "dvar2": 0.0139243183658,
        "max": 0.955113172531,
        "mean": 0.520907461643,
        "median": 0.532521486282,
        "min": 0.0676719099283,
        "var": 0.0156095447019
    },
    "silence_rate_20dB": {
        "dmean": 0,
        "dmean2": 0,
        "dvar": 0,
        "dvar2": 0,
        "max": 1,
        "mean": 1,
        "median": 1,
        "min": 1,
        "var": 0
    },
    "silence_rate_30dB": {
        "dmean": 0.0435029640794,
        "dmean2": 0.0870129838586,
        "dvar": 0.0416100993752,
        "dvar2": 0.0982707217336,
        "max": 1,
        "mean": 0.950008094311,
        "median": 1,
        "min": 0,
        "var": 0.0474954657257
    },
    "silence_rate_60dB": {
        "dmean": 0.00600600615144,
        "dmean2": 0.0120129873976,
        "dvar": 0.00596849014983,
        "dvar2": 0.0144646363333,
        "max": 1,
        "mean": 0.0397662706673,
        "median": 0,
        "min": 0,
        "var": 0.0381843298674
    },
    "spectral_centroid": {
        "dmean": 282.98248291,
        "dmean2": 437.984954834,
        "dvar": 83030.078125,
        "dvar2": 185801.5,
        "max": 11259.4443359,
        "mean": 1269.07958984,
        "median": 1200.04016113,
        "min": 157.44303894,
        "var": 421287.625
    },
    "spectral_complexity": {
        "dmean": 5.33154773712,
        "dmean2": 8.09042167664,
        "dvar": 36.065071106,
        "dvar2": 74.9702377319,
        "max": 58,
        "mean": 19.5519390106,
        "median": 18,
        "min": 0,
        "var": 120.781173706
    },
    "spectral_decrease": {
        "dmean": 3.78910902654e-09,
        "dmean2": 5.96701266176e-09,
        "dvar": 2.87333262607e-17,
        "dvar2": 7.60690445253e-17,
        "max": 8.89048081855e-30,
        "mean": -1.16347047552e-08,
        "median": -9.82468595367e-09,
        "min": -7.16151973279e-08,
        "var": 7.49331071685e-17
    },
    "spectral_energy": {
        "dmean": 0.0146190356463,
        "dmean2": 0.0230218786746,
        "dvar": 0.000421519391239,
        "dvar2": 0.00111478974577,
        "max": 0.275532305241,
        "mean": 0.0455577000976,
        "median": 0.0388166904449,
        "min": 1.05122264302e-20,
        "var": 0.00110841239803
    },
    "spectral_energyband_high": {
        "dmean": 0.000300835992675,
        "dmean2": 0.000461533345515,
        "dvar": 1.89402214801e-07,
        "dvar2": 4.32166586961e-07,
        "max": 0.00878587830812,
        "mean": 0.000866319751367,
        "median": 0.000618773628958,
        "min": 7.67547675854e-21,
        "var": 9.64564151218e-07
    },
    "spectral_energyband_low": {
        "dmean": 0.0113981664181,
        "dmean2": 0.0175318215042,
        "dvar": 0.000318414065987,
        "dvar2": 0.000829690543469,
        "max": 0.234909698367,
        "mean": 0.0282068140805,
        "median": 0.0211836732924,
        "min": 3.47378086612e-23,
        "var": 0.000707718369085
    },
    "spectral_energyband_middle_high": {
        "dmean": 0.00160173315089,
        "dmean2": 0.00252389186062,
        "dvar": 6.93730044077e-06,
        "dvar2": 1.73193529918e-05,
        "max": 0.0322989150882,
        "mean": 0.00365215865895,
        "median": 0.00278784940019,
        "min": 1.43908100834e-21,
        "var": 1.18226807899e-05
    },
    "spectral_energyband_middle_low": {
        "dmean": 0.00741221103817,
        "dmean2": 0.0115260211751,
        "dvar": 0.000153565895744,
        "dvar2": 0.000388073414797,
        "max": 0.162817060947,
        "mean": 0.0163160357624,
        "median": 0.0113205872476,
        "min": 2.77310003195e-22,
        "var": 0.000271113036433
    },
    "spectral_entropy": {
        "dmean": 0.166121214628,
        "dmean2": 0.253465652466,
        "dvar": 0.0294288434088,
        "dvar2": 0.066423535347,
        "max": 9.79433059692,
        "mean": 7.60468626022,
        "median": 7.6600856781,
        "min": 5.16745758057,
        "var": 0.141140401363
    },
    "spectral_flux": {
        "dmean": 0.0291869416833,
        "dmean2": 0.0463574826717,
        "dvar": 0.00118359120097,
        "dvar2": 0.0027439086698,
        "max": 0.44171833992,
        "mean": 0.0943248048425,
        "median": 0.0786136239767,
        "min": 6.65117544374e-11,
        "var": 0.00315996888094
    },
    "spectral_kurtosis": {
        "dmean": 1.12109529972,
        "dmean2": 1.93278288841,
        "dvar": 4.15805006027,
        "dvar2": 13.3993177414,
        "max": 96.9390487671,
        "mean": 3.05756545067,
        "median": 2.52374124527,
        "min": -1.24196887016,
        "var": 11.2593040466
    },
    "spectral_rms": {
        "dmean": 0.000997359165922,
        "dmean2": 0.00154333282262,
        "dvar": 1.34262154461e-06,
        "dvar2": 3.30534817294e-06,
        "max": 0.0163954868913,
        "mean": 0.00619474845007,
        "median": 0.0061538554728,
        "min": 3.20247257532e-12,
        "var": 6.07177344136e-06
    },
    "spectral_rolloff": {
        "dmean": 373.657562256,
        "dmean2": 628.776855469,
        "dvar": 384380.59375,
        "dvar2": 863209.375,
        "max": 18841.5527344,
        "mean": 834.978881836,
        "median": 322.998046875,
        "min": 43.06640625,
        "var": 1279745.875
    },
    "spectral_skewness": {
        "dmean": 0.172885864973,
        "dmean2": 0.280007332563,
        "dvar": 0.0360366627574,
        "dvar2": 0.10142480582,
        "max": 8.0487909317,
        "mean": 1.2328441143,
        "median": 1.18024873734,
        "min": -0.0392457433045,
        "var": 0.178592965007
    },
    "spectral_spread": {
        "dmean": 397551.03125,
        "dmean2": 603327.4375,
        "dvar": 325547720704,
        "dvar2": 890429177856,
        "max": 41946844,
        "mean": 4582898,
        "median": 4499825,
        "min": 776656.75,
        "var": 1.21814122496e+12
    },
    "spectral_strongpeak": {
        "dmean": 0.255018979311,
        "dmean2": 0.430898934603,
        "dvar": 0.15211006999,
        "dvar2": 0.390264928341,
        "max": 9.02954483032,
        "mean": 0.504935264587,
        "median": 0.375648856163,
        "min": 0,
        "var": 0.219498127699
    },
    "zerocrossingrate": {
        "dmean": 0.00838721450418,
        "dmean2": 0.0103267123923,
        "dvar": 7.48552483856e-05,
        "dvar2": 9.8675089248e-05,
        "max": 0.595703125,
        "mean": 0.0461443625391,
        "median": 0.04052734375,
        "min": 0.0029296875,
        "var": 0.000892921816558
    },
    "barkbands": {
        "dmean": [0.000431798369391, 0.00714606512338, 0.00542391557246, 0.00423901388422, 0.00384923326783, 0.00102520547807, 0.00039521115832, 0.000286903552478, 0.000211931168451, 0.000272593490081, 0.000215596650378, 0.000216149026528, 0.000261563167442, 0.000218391229282, 0.000282588560367, 0.000230907608056, 0.000261051987763, 0.000193217143533, 0.000162285781698, 0.000147813101648, 0.000125190214021, 8.65686452016e-05, 4.82423711219e-05, 3.86407300539e-05, 2.0861170924e-05, 6.60419436826e-06, 6.37356322386e-07],
        "dmean2": [0.000690206303261, 0.0112158721313, 0.00839980505407, 0.00687672710046, 0.00617577182129, 0.0016034708824, 0.000628767826129, 0.000457595859189, 0.000345568289049, 0.00042521013529, 0.000337366363965, 0.000365766696632, 0.00042775872862, 0.000358163699275, 0.000469450314995, 0.000380680692615, 0.000431562075391, 0.00032572975033, 0.000268092320766, 0.000239548171521, 0.000203036368475, 0.0001338050497, 7.62547788327e-05, 6.07364308962e-05, 3.32434392476e-05, 1.02278972918e-05, 1.03638137716e-06],
        "dvar": [4.44881834483e-06, 0.000150641979417, 0.000112995774543, 8.08196200524e-05, 4.40933545178e-05, 2.80967287836e-06, 4.84184056404e-07, 2.78036793588e-07, 1.88757994124e-07, 2.30020816616e-07, 2.96097965702e-07, 2.04334924092e-07, 2.18090391968e-07, 1.14951234309e-07, 2.26915190638e-07, 1.65216178516e-07, 1.81332111993e-07, 9.93491156009e-08, 6.05036021284e-08, 4.65662424176e-08, 4.0374910526e-08, 1.88762285802e-08, 5.76429393107e-09, 7.56333040641e-09, 1.52382473306e-09, 1.55242346755e-10, 7.13098243649e-12],
        "dvar2": [1.13029091153e-05, 0.000394871283788, 0.000286843278445, 0.000225009949645, 0.00011669324158, 6.78370452079e-06, 1.17463844163e-06, 6.49628645988e-07, 4.8435208555e-07, 5.30258205345e-07, 5.78118601879e-07, 5.47143031326e-07, 5.50161018964e-07, 2.76988288306e-07, 5.96482720994e-07, 4.22302093739e-07, 4.50894646065e-07, 2.6512208251e-07, 1.55568329774e-07, 1.18505049329e-07, 1.01492901194e-07, 4.2385860155e-08, 1.36652626992e-08, 1.95673717229e-08, 3.68235442139e-09, 3.53080897852e-10, 1.53415457421e-11],
        "max": [0.120651848614, 0.214017033577, 0.166531935334, 0.134189039469, 0.11688040942, 0.0473905205727, 0.0199167449027, 0.0160538777709, 0.0126059241593, 0.0113446237519, 0.0244700163603, 0.0075434804894, 0.00996282603592, 0.00633084308356, 0.00788248609751, 0.00791699718684, 0.00662661762908, 0.00554326921701, 0.00448106508702, 0.00423691282049, 0.00548345874995, 0.00325580895878, 0.00168210803531, 0.00271559646353, 0.000592509750277, 0.000319177255733, 0.000128367028083],
        "mean": [0.00102939351927, 0.0145539538935, 0.0092167602852, 0.00610883720219, 0.00678664119914, 0.00177171314135, 0.000671458314173, 0.000495165644679, 0.000336284225341, 0.000477263209177, 0.000357261160389, 0.000270064017968, 0.000424230733188, 0.000338215031661, 0.000441387441242, 0.000326661305735, 0.00037683575647, 0.000284278794425, 0.000273716112133, 0.000286943948595, 0.000265895243501, 0.000202628929401, 0.000113638903713, 9.68392341747e-05, 3.936030771e-05, 1.14626436698e-05, 9.68254880718e-07],
        "median": [0.000295331963571, 0.00961411464959, 0.00477231899276, 0.00285756913945, 0.00311357947066, 0.000898597121704, 0.000320333841955, 0.000180093717063, 0.000142888151458, 0.000207450299058, 9.92020504782e-05, 0.000114918890176, 0.000194102001842, 0.000164397642948, 0.000230177713092, 0.000167937687365, 0.000208401004784, 0.000175078690518, 0.000180337578058, 0.000199747271836, 0.000163064556546, 0.000131035616505, 7.08066654624e-05, 3.97274998249e-05, 1.72562467924e-05, 4.65783432446e-06, 8.51514982969e-08],
        "min": [8.34065297496e-25, 7.89433460466e-24, 1.76402551271e-23, 9.44636479314e-24, 3.68344273979e-23, 6.75572779949e-23, 1.88244110764e-23, 6.0150372655e-23, 4.1695154793e-23, 4.37477140704e-23, 7.14602525204e-23, 1.16320746406e-22, 1.05875281387e-22, 3.4608899323e-23, 1.4175540166e-22, 1.09123040667e-22, 1.57198180606e-22, 1.5087289192e-22, 2.33136039179e-22, 3.82415507801e-22, 4.17518606393e-22, 4.6932382148e-22, 6.86415767754e-22, 7.20014174123e-22, 1.12950906799e-21, 1.53975258454e-21, 2.51037764462e-21],
        "var": [1.59178343893e-05, 0.00028117193142, 0.000162854397786, 8.65084584802e-05, 8.28827032819e-05, 6.21064009465e-06, 1.15529655886e-06, 8.22223057639e-07, 3.02569361565e-07, 5.70285919821e-07, 1.03749493974e-06, 2.14434663803e-07, 4.1308476284e-07, 2.28596533702e-07, 4.11948690271e-07, 2.18318717771e-07, 2.48225063615e-07, 1.16500373792e-07, 9.36347746006e-08, 9.7731216897e-08, 1.10295601985e-07, 6.37236752254e-08, 2.01704359881e-08, 4.77983483904e-08, 4.37932357045e-09, 3.75936365371e-10, 3.34887881315e-11]
    },
    "erbbands": {
        "dmean": [0.207596793771, 1.69262814522, 5.57681035995, 10.5047483444, 14.6318492889, 12.3874406815, 8.95557308197, 7.95805263519, 6.31990528107, 5.0767493248, 6.28317737579, 5.3267788887, 5.92027330399, 9.00767803192, 8.47696685791, 9.67517375946, 11.8646936417, 10.3805751801, 12.5941028595, 15.0307121277, 13.0859479904, 13.0447368622, 11.3461408615, 7.73258447647, 8.48732376099, 7.44441127777, 5.49016904831, 4.64211654663, 3.47305750847, 2.09827113152, 1.31875514984, 1.07544767857, 0.507415294647, 0.268364667892, 0.130935132504, 0.0392863415182, 0.0114333052188, 0.00170944386628, 7.508485578e-05, 1.695539504e-05],
        "dmean2": [0.336409956217, 2.64330792427, 8.57541179657, 16.5431995392, 23.1435184479, 19.5777568817, 14.2560052872, 12.4894475937, 9.92091751099, 7.98744487762, 10.0532674789, 8.62007045746, 9.38627338409, 13.952337265, 13.5768575668, 16.2241573334, 19.2926082611, 16.8603382111, 20.6933841705, 24.9868564606, 21.5873527527, 21.5140075684, 19.2454376221, 12.6814956665, 13.960226059, 12.04783535, 8.84720039368, 7.47713661194, 5.4072933197, 3.2188038826, 2.09120416641, 1.7316057682, 0.792893707752, 0.423997730017, 0.210968092084, 0.0615833327174, 0.0181103032082, 0.0026692817919, 0.000122666519019, 2.67221821559e-05],
        "dvar": [0.155882626772, 8.82807064056, 111.443946838, 457.62612915, 753.301696777, 423.85269165, 217.605819702, 184.535140991, 121.774528503, 101.284301758, 148.257492065, 121.680847168, 117.260002136, 300.127960205, 406.894042969, 372.170349121, 433.16418457, 293.003540039, 361.970947266, 924.922912598, 482.263244629, 475.465637207, 372.543304443, 125.952262878, 163.728668213, 125.637702942, 69.7621307373, 70.9208602905, 31.9806480408, 12.0177183151, 4.96266317368, 8.56585025787, 0.885339140892, 0.229947939515, 0.0669259056449, 0.00559243513271, 0.000544905895367, 2.12803315662e-05, 6.6768762963e-08, 5.24798760004e-10],
        "dvar2": [0.466004341841, 21.9419384003, 276.434234619, 1232.73632812, 1983.47033691, 1114.65600586, 556.514038086, 423.483306885, 287.897186279, 243.263946533, 347.303985596, 307.551208496, 284.236297607, 669.862854004, 917.481079102, 994.575805664, 1079.20727539, 701.78515625, 929.185302734, 2423.41699219, 1229.96447754, 1178.55847168, 1000.83666992, 309.658294678, 414.753051758, 324.940002441, 172.36781311, 181.630050659, 74.3318252563, 27.6592617035, 11.7298126221, 24.1640148163, 2.08046627045, 0.535942852497, 0.163861259818, 0.013179182075, 0.00124300201423, 4.43133358203e-05, 1.63044063584e-07, 1.37424616131e-09],
        "max": [8.7976770401, 53.9374351501, 139.94984436, 304.526092529, 410.759765625, 443.45022583, 226.18800354, 395.523895264, 260.29574585, 264.197143555, 435.883789062, 372.698181152, 228.023849487, 406.540222168, 772.112548828, 324.518768311, 479.732818604, 338.698150635, 349.907867432, 484.230224609, 522.549133301, 331.957427979, 380.363098145, 164.558929443, 192.406082153, 229.681732178, 244.947677612, 279.008575439, 149.605407715, 74.2768859863, 50.5446853638, 82.6622543335, 22.364522934, 9.43012523651, 2.98822450638, 1.14953505993, 0.741475999355, 0.209334596992, 0.00776557857171, 0.00031360561843],
        "mean": [0.434903383255, 3.19567298889, 9.8966178894, 17.5032062531, 23.257314682, 21.186378479, 15.5860939026, 13.5249080658, 11.249042511, 8.68178844452, 11.2347631454, 9.05336093903, 10.313829422, 16.179857254, 13.8845891953, 13.3930091858, 20.187040329, 17.3741664886, 20.9487781525, 22.2774333954, 19.6185245514, 19.0541973114, 16.7448749542, 13.299454689, 14.8910055161, 14.4899454117, 11.2680358887, 9.55741405487, 7.85104465485, 4.91532659531, 3.07264041901, 2.46768832207, 1.24192476273, 0.557636976242, 0.216029033065, 0.0639589875937, 0.0198063608259, 0.00322796381079, 0.000130938089569, 5.51785415155e-05],
        "median": [0.288452059031, 1.82676517963, 5.60454797745, 9.22779655457, 11.126958847, 9.20759010315, 7.47817516327, 6.90894794464, 5.46274375916, 4.02515029907, 4.7386136055, 4.13356494904, 5.08789682388, 6.36810493469, 5.19731140137, 6.93499279022, 9.33622169495, 8.9265794754, 11.225276947, 11.1716270447, 11.136551857, 10.9015102386, 10.4089260101, 9.02425003052, 10.0082330704, 10.2164936066, 7.45011997223, 5.74628067017, 4.96653079987, 3.12818288803, 1.81342208385, 1.03668141365, 0.538424491882, 0.246972680092, 0.0933960080147, 0.0282437130809, 0.00711591448635, 0.000849923002534, 4.91030587e-05, 4.7981091484e-05],
        "min": [9.42121243649e-23, 2.52361334221e-21, 1.68675439338e-20, 3.51057326049e-20, 3.13079169993e-20, 6.60054521277e-20, 2.13530535899e-19, 5.80750635075e-19, 4.33115051606e-19, 8.5557565503e-19, 8.99310865365e-19, 7.28707397267e-19, 2.49398511561e-18, 2.3421892014e-18, 2.27802294013e-18, 5.1375493014e-18, 4.88186281097e-18, 3.3533771752e-18, 3.23881162638e-18, 9.02503017388e-18, 6.97455283293e-18, 1.0579980833e-17, 7.38567648662e-18, 8.85723162354e-18, 1.44742660932e-17, 1.70079153463e-17, 1.70480650389e-17, 1.84944664406e-17, 1.57710735354e-17, 1.37633473701e-17, 2.07403379043e-17, 1.35673618132e-17, 1.09313084274e-17, 1.07918523935e-17, 8.33199757716e-18, 5.18850776303e-18, 3.0561459521e-18, 1.39015529136e-18, 3.28286349179e-19, 3.47678390182e-20],
        "var": [0.262948691845, 16.2882919312, 166.532791138, 568.19934082, 1089.02929688, 910.180480957, 444.899536133, 429.34576416, 307.917297363, 204.573654175, 466.54296875, 209.869873047, 245.817886353, 816.975891113, 1073.67504883, 408.470916748, 927.28137207, 584.758666992, 878.647705078, 1377.6763916, 647.041015625, 619.102050781, 407.557250977, 203.030319214, 266.539001465, 258.181152344, 152.869476318, 173.376052856, 98.2265853882, 40.4373664856, 18.1286506653, 35.0095443726, 6.02103185654, 0.939305722713, 0.119412451982, 0.0095749264583, 0.00172458507586, 0.000102660618722, 1.77237538423e-07, 1.45816281272e-09]
    },
    "gfcc": {
        "mean": [3.45888328552, 100.414199829, -107.173042297, 64.0556182861, -46.0288391113, 20.2898159027, -32.9598617554, 1.87217819691, -22.6884784698, 0.553894102573, -15.2940702438, -2.09026741982, -8.5445432663],
        "cov": [[9652.765625, -725.627075195, -340.005218506, 293.46270752, -652.446777344, -26.2111968994, -197.645904541, 261.782775879, -138.357269287, 116.626144409, -260.196014404, 94.4312133789, -91.6875228882], [-725.627075195, 963.788513184, -15.0755977631, -44.8074264526, 185.727035522, -206.509536743, 151.126159668, -137.777603149, 99.9091262817, -104.057571411, 84.879699707, -66.2775726318, 87.8262252808], [-340.005218506, -15.0755977631, 457.589019775, 61.9430732727, 69.8957748413, 51.4980735779, -4.77986907959, 12.2840623856, -26.3045768738, -6.23150157928, -5.98297119141, 1.67931497097, -7.13033246994], [293.46270752, -44.8074264526, 61.9430732727, 256.324859619, 12.127579689, 21.3876991272, 12.4688282013, -12.8027944565, 31.8724365234, -10.4499721527, 9.63703536987, -25.2986564636, 16.1777553558], [-652.446777344, 185.727035522, 69.8957748413, 12.127579689, 272.656982422, 15.6789894104, 51.3788490295, -20.3625812531, 30.079498291, -6.92344760895, 19.7016468048, -16.9783058167, -6.330555439], [-26.2111968994, -206.509536743, 51.4980735779, 21.3876991272, 15.6789894104, 198.059677124, 8.17186641693, 44.2754325867, -9.90180587769, 16.9112281799, 9.02754211426, 0.958382129669, -18.9129638672], [-197.645904541, 151.126159668, -4.77986907959, 12.4688282013, 51.3788490295, 8.17186641693, 154.807907104, 15.3176183701, 43.5249557495, -10.0249910355, 23.5155239105, -3.02846503258, 12.4580783844], [261.782775879, -137.777603149, 12.2840623856, -12.8027944565, -20.3625812531, 44.2754325867, 15.3176183701, 117.753608704, 20.587020874, 35.7608375549, -10.5268211365, 18.389257431, -12.6985168457], [-138.357269287, 99.9091262817, -26.3045768738, 31.8724365234, 30.079498291, -9.90180587769, 43.5249557495, 20.587020874, 106.601486206, 22.9267997742, 29.8260307312, -13.1086206436, 12.0035581589], [116.626144409, -104.057571411, -6.23150157928, -10.4499721527, -6.92344760895, 16.9112281799, -10.0249910355, 35.7608375549, 22.9267997742, 97.3083114624, 20.2366847992, 27.0404701233, -10.8484916687], [-260.196014404, 84.879699707, -5.98297119141, 9.63703536987, 19.7016468048, 9.02754211426, 23.5155239105, -10.5268211365, 29.8260307312, 20.2366847992, 89.9279785156, 16.9592189789, 20.1411075592], [94.4312133789, -66.2775726318, 1.67931497097, -25.2986564636, -16.9783058167, 0.958382129669, -3.02846503258, 18.389257431, -13.1086206436, 27.0404701233, 16.9592189789, 75.300453186, 16.9126033783], [-91.6875228882, 87.8262252808, -7.13033246994, 16.1777553558, -6.330555439, -18.9129638672, 12.4580783844, -12.6985168457, 12.0035581589, -10.8484916687, 20.1411075592, 16.9126033783, 70.9593963623]],
        "icov": [[0.000192980834981, -0.00036655261647, 0.00021518014546, -0.000566449947655, 0.000468649173854, -0.000196947017685, 0.000261638168013, -0.000573190452997, 0.000439477618784, -0.000408217805671, 0.000700395496096, -0.000545566494111, 0.000489085447043], [-0.00036655261647, 0.00503582740203, -0.000965917890426, 0.0030583825428, -0.00263734860346, 0.00399520760402, -0.00312973256223, 0.00351023953408, -0.00313105457462, 0.00355731043965, -0.00445528980345, 0.00443985732272, -0.00421368144453], [0.00021518014546, -0.000965917890426, 0.00283227744512, -0.00160495867021, -4.35623442172e-05, -0.00104622822255, 0.000822841306217, -0.0014940550318, 0.00177482690196, -0.000676735420711, 0.00119983579498, -0.0012605820084, 0.000985683640465], [-0.000566449947655, 0.0030583825428, -0.00160495867021, 0.00714163621888, -0.00186495308299, 0.00150326429866, -0.00192259636242, 0.00358167639934, -0.00396598409861, 0.00264068436809, -0.00342327007093, 0.00450370507315, -0.00412110146135], [0.000468649173854, -0.00263734860346, -4.35623442172e-05, -0.00186495308299, 0.0062828687951, -0.00235364423133, 0.00042172416579, -0.000959725177381, 0.00068871001713, -0.0020070457831, 0.00258699175902, -0.00233731768094, 0.00337744364515], [-0.000196947017685, 0.00399520760402, -0.00104622822255, 0.00150326429866, -0.00235364423133, 0.00944444071501, -0.00274399435148, -0.00020633044187, -0.000314102857374, 0.00228357198648, -0.00506754592061, 0.00431543868035, -0.00208301306702], [0.000261638168013, -0.00312973256223, 0.000822841306217, -0.00192259636242, 0.00042172416579, -0.00274399435148, 0.0102085620165, -0.00380545947701, -0.000838629901409, 0.000195317959879, 0.00141998170875, -0.00328889093362, 0.00211826851591], [-0.000573190452997, 0.00351023953408, -0.0014940550318, 0.00358167639934, -0.000959725177381, -0.00020633044187, -0.00380545947701, 0.0158653128892, -0.00653831427917, -0.000242765847361, 0.000215696622035, 8.55276157381e-05, -0.00169796845876], [0.000439477618784, -0.00313105457462, 0.00177482690196, -0.00396598409861, 0.00068871001713, -0.000314102857374, -0.000838629901409, -0.00653831427917, 0.0178604386747, -0.00653073424473, -0.000870154472068, 0.00267802039161, 6.95525013725e-05], [-0.000408217805671, 0.00355731043965, -0.000676735420711, 0.00264068436809, -0.0020070457831, 0.00228357198648, 0.000195317959879, -0.000242765847361, -0.00653073424473, 0.017978573218, -0.00640842970461, -0.00223366473801, 0.000956186675467], [0.000700395496096, -0.00445528980345, 0.00119983579498, -0.00342327007093, 0.00258699175902, -0.00506754592061, 0.00141998170875, 0.000215696622035, -0.000870154472068, -0.00640842970461, 0.0203521493822, -0.00805013161153, 0.00129912968259], [-0.000545566494111, 0.00443985732272, -0.0012605820084, 0.00450370507315, -0.00233731768094, 0.00431543868035, -0.00328889093362, 8.55276157381e-05, 0.00267802039161, -0.00223366473801, -0.00805013161153, 0.0240176059306, -0.010053136386], [0.000489085447043, -0.00421368144453, 0.000985683640465, -0.00412110146135, 0.00337744364515, -0.00208301306702, 0.00211826851591, -0.00169796845876, 6.95525013725e-05, 0.000956186675467, 0.00129912968259, -0.010053136386, 0.0222105067223]]
    },
    "melbands": {
        "dmean": [0.0018808246823, 0.00254173506983, 0.00181154266465, 0.00099023792427, 0.000327215122525, 0.00017927979934, 9.25396743696e-05, 5.53568825126e-05, 5.08841330884e-05, 3.12943629979e-05, 3.01158088405e-05, 3.74969749828e-05, 3.05253270199e-05, 2.50939829129e-05, 2.74074191111e-05, 2.22304188355e-05, 2.09663103306e-05, 2.09266854654e-05, 1.89758029592e-05, 1.84672535397e-05, 1.62929736689e-05, 1.44447767525e-05, 1.32723289425e-05, 9.02461124497e-06, 6.30022623227e-06, 7.02684792486e-06, 5.71409873373e-06, 5.00944861415e-06, 3.95453298552e-06, 3.12591532747e-06, 2.98754048345e-06, 2.20609717871e-06, 1.66904612797e-06, 1.15717011795e-06, 9.00355757949e-07, 7.3967504477e-07, 6.51157279208e-07, 4.09748082575e-07, 3.15813736051e-07, 2.36981946955e-07],
        "dmean2": [0.00296146958135, 0.00390122272074, 0.00280637620017, 0.00158460834064, 0.000518707092851, 0.000280537555227, 0.000145114448969, 8.72078671819e-05, 8.17344916868e-05, 5.09803358e-05, 4.7786765208e-05, 5.81662716286e-05, 4.78308174934e-05, 4.25468933827e-05, 4.54104920209e-05, 3.62268147001e-05, 3.42697130691e-05, 3.45772023138e-05, 3.1734471122e-05, 3.05892426695e-05, 2.7034939194e-05, 2.39036526182e-05, 2.25212079386e-05, 1.52300717673e-05, 1.04131804619e-05, 1.17380786833e-05, 9.29279849515e-06, 8.1417056208e-06, 6.46193348075e-06, 5.11648295287e-06, 4.82875202579e-06, 3.46567617271e-06, 2.59376088252e-06, 1.81242307917e-06, 1.43773638683e-06, 1.19349772376e-06, 1.04915977772e-06, 6.54049870263e-07, 5.05127729866e-07, 3.82635192864e-07],
        "dvar": [1.1151826584e-05, 1.96358996618e-05, 1.21792681966e-05, 3.0028470519e-06, 2.60821167331e-07, 8.99669458931e-08, 2.55895447054e-08, 1.1419593271e-08, 9.59601820227e-09, 4.24496304774e-09, 2.96252267162e-09, 5.31300159423e-09, 6.24205753752e-09, 2.73418510055e-09, 2.47081111127e-09, 1.51241930091e-09, 1.23423793408e-09, 9.76390412966e-10, 1.24735211049e-09, 1.27137333994e-09, 7.46355366399e-10, 6.12407180522e-10, 4.96023999652e-10, 2.1500992653e-10, 8.9314701468e-11, 1.28649868536e-10, 7.14282868963e-11, 5.75298940431e-11, 4.1879305579e-11, 2.26507337192e-11, 4.33000336975e-11, 1.25343598348e-11, 9.51220092277e-12, 3.70148659987e-12, 2.5790663008e-12, 2.65155931066e-12, 3.21802870809e-12, 6.62511007426e-13, 4.75523700277e-13, 1.91429188581e-13],
        "dvar2": [3.13612508762e-05, 4.80289018014e-05, 3.21662955685e-05, 7.91484580986e-06, 6.69853250201e-07, 2.08477459296e-07, 6.02896506052e-08, 2.75034484076e-08, 2.31986536647e-08, 1.08424043077e-08, 7.18187465054e-09, 1.18531211513e-08, 1.22384626877e-08, 7.33983718249e-09, 6.39744879294e-09, 3.75459974222e-09, 2.96626656571e-09, 2.53256215998e-09, 3.33644356587e-09, 3.30894689426e-09, 1.9066577206e-09, 1.51627133071e-09, 1.31749156029e-09, 5.76204528535e-10, 2.20813076157e-10, 3.37676220319e-10, 1.82861434328e-10, 1.50062531845e-10, 1.05290595687e-10, 5.84854872865e-11, 1.13464002083e-10, 3.08009520666e-11, 2.13313065128e-11, 9.00493915545e-12, 6.09831716375e-12, 7.44881933912e-12, 9.06786451482e-12, 1.62463998418e-12, 1.1998732086e-12, 4.65794286822e-13],
        "max": [0.0588585995138, 0.0586995631456, 0.0461327433586, 0.0324322655797, 0.00666130753234, 0.00872547458857, 0.00396983418614, 0.0023912389297, 0.00330193061382, 0.00205972604454, 0.0011306576198, 0.00182763719931, 0.00363323371857, 0.000713967834599, 0.00106171588413, 0.000603694759775, 0.00072564923903, 0.000668477208819, 0.000531972793397, 0.000579865823966, 0.00062500272179, 0.000350976886693, 0.000303580192849, 0.000251241523074, 0.000161093266797, 0.000243163405685, 0.000163262229762, 0.000129649662995, 0.000246203970164, 9.01753228391e-05, 0.000243158880039, 0.000105495128082, 9.05326960492e-05, 4.16894908994e-05, 4.13929228671e-05, 3.99117852794e-05, 4.65419579996e-05, 1.99283422262e-05, 1.83513930097e-05, 7.60147759138e-06],
        "mean": [0.00394349591807, 0.00497892033309, 0.00321254343726, 0.00168350059539, 0.000602670246735, 0.000309592898702, 0.000164794328157, 9.45263309404e-05, 8.91115851118e-05, 5.16164800501e-05, 5.10542195116e-05, 6.59120923956e-05, 5.1540624554e-05, 3.14295321004e-05, 4.29565625382e-05, 3.64185252693e-05, 3.25101937051e-05, 3.30885995936e-05, 2.82024757325e-05, 2.7036658139e-05, 2.30499445024e-05, 2.02506926144e-05, 1.7907415895e-05, 1.32874856718e-05, 1.00969182313e-05, 1.10689879875e-05, 1.02131143649e-05, 9.15130385692e-06, 7.34760442356e-06, 5.76245520278e-06, 5.6099847825e-06, 4.65729408461e-06, 3.44860904988e-06, 2.44515786108e-06, 1.84887653631e-06, 1.54593499246e-06, 1.4230869283e-06, 9.04587011519e-07, 6.51101515814e-07, 4.24593253001e-07],
        "median": [0.00269989203662, 0.00307611189783, 0.00192343618255, 0.000759305316024, 0.000301904394291, 0.000158015318448, 7.90129270172e-05, 4.27432314609e-05, 3.8405709347e-05, 2.24127270485e-05, 2.42820060521e-05, 2.48409123742e-05, 1.50267351273e-05, 1.39166777444e-05, 2.06778804568e-05, 1.76304856723e-05, 1.50711948663e-05, 1.69633603946e-05, 1.48516610352e-05, 1.3336275515e-05, 1.24441230582e-05, 1.09731981865e-05, 9.75439706963e-06, 7.92457649368e-06, 6.51195841783e-06, 6.92279127179e-06, 6.61963076709e-06, 6.23751475359e-06, 4.66396204502e-06, 3.45409898728e-06, 3.09011875288e-06, 2.9278198781e-06, 1.94829181055e-06, 1.51073277266e-06, 1.01911359707e-06, 7.0612043146e-07, 5.32690705768e-07, 3.68132589301e-07, 2.60979845734e-07, 1.79556934654e-07],
        "min": [1.6915173626e-24, 7.02657340942e-24, 5.41851003641e-24, 6.56929677507e-24, 6.57795215693e-24, 1.26060935065e-23, 6.62203843748e-24, 1.11207425749e-23, 5.8979161913e-24, 4.87343791648e-24, 1.32696738336e-23, 8.57806875021e-24, 8.10346794152e-24, 9.78780588103e-24, 1.43409816528e-23, 1.01241777487e-23, 4.56550763985e-24, 3.90533558625e-24, 1.07881840608e-23, 9.27759589108e-24, 7.89231985391e-24, 1.23691607113e-23, 5.91226951547e-24, 6.97739266515e-24, 6.03636956321e-24, 1.0335963236e-23, 9.23319879933e-24, 1.15776310896e-23, 1.13632896931e-23, 9.44627801844e-24, 1.14127394389e-23, 7.53439393969e-24, 7.48286948966e-24, 8.23058341007e-24, 1.36425904716e-23, 8.51563277614e-24, 8.54802813808e-24, 6.73903124289e-24, 8.32070682418e-24, 9.42326379039e-24],
        "var": [2.05279211514e-05, 3.44459112966e-05, 1.63685581356e-05, 5.35550134373e-06, 5.94510254359e-07, 2.09174615406e-07, 6.65868498118e-08, 2.33574866115e-08, 2.71646509731e-08, 7.10923631075e-09, 6.17523054913e-09, 1.4361234868e-08, 2.20860236766e-08, 2.81979906092e-09, 4.12795753135e-09, 2.64865707145e-09, 2.42490072466e-09, 2.27262764163e-09, 1.73218761557e-09, 1.83975557011e-09, 9.78713110555e-10, 7.91621268537e-10, 5.8209664866e-10, 2.74326145133e-10, 1.37695951863e-10, 1.76791872808e-10, 1.3805687149e-10, 1.08122032161e-10, 7.79904682502e-11, 4.61403588947e-11, 8.87729334487e-11, 3.45090414577e-11, 2.81543972164e-11, 9.71527198967e-12, 7.13009642647e-12, 9.12276504339e-12, 1.32440681685e-11, 3.39002090288e-12, 2.00922286621e-12, 5.61485862145e-13]
    },
    "mfcc": {
        "mean": [-633.68963623, 113.090530396, 9.30680274963, 45.7906227112, 13.9034643173, 21.4078044891, 4.06178379059, 5.35719537735, 0.757904350758, 1.74248993397, -1.6928640604, -1.17944824696, -1.81221151352],
        "cov": [[6490.62255859, 127.658874512, -199.779785156, 25.3381881714, -255.028015137, -106.117271423, -165.457138062, -44.7102775574, 18.4435462952, -38.2496299744, -90.7046585083, -3.83875346184, -31.9017753601], [127.658874512, 902.01184082, -90.2754669189, 149.354431152, -20.7581310272, -6.69882965088, -9.61079788208, 4.83673667908, 8.53052616119, -37.5467529297, 8.39804649353, -24.4544525146, 22.6585140228], [-199.779785156, -90.2754669189, 368.050720215, 27.2580051422, 59.5986747742, 19.5579795837, 36.4086303711, 14.4044399261, -3.48898482323, 1.33014261723, -16.2454032898, 5.75629901886, -10.8462905884], [25.3381881714, 149.354431152, 27.2580051422, 238.60244751, 30.8970813751, 33.209815979, -12.7645072937, 0.37866538763, 13.6181774139, -1.62969887257, 1.25154471397, -11.9410848618, 4.77978420258], [-255.028015137, -20.7581310272, 59.5986747742, 30.8970813751, 187.62689209, 53.310344696, 30.0259685516, 5.34408807755, 1.45736682415, 17.2980041504, 9.16071224213, 5.27234077454, -7.67151689529], [-106.117271423, -6.69882965088, 19.5579795837, 33.209815979, 53.310344696, 118.443153381, 41.7351303101, 15.8406801224, 4.56453084946, 7.96695280075, 13.2391862869, 6.17685508728, 3.51588463783], [-165.457138062, -9.61079788208, 36.4086303711, -12.7645072937, 30.0259685516, 41.7351303101, 102.834350586, 37.90832901, 8.13734340668, 6.16262483597, 7.89331245422, 5.94709873199, 4.52238798141], [-44.7102775574, 4.83673667908, 14.4044399261, 0.37866538763, 5.34408807755, 15.8406801224, 37.90832901, 87.0386199951, 29.1895980835, 18.7883014679, 3.24792408943, 5.78974866867, -1.10457479954], [18.4435462952, 8.53052616119, -3.48898482323, 13.6181774139, 1.45736682415, 4.56453084946, 8.13734340668, 29.1895980835, 73.1720123291, 31.3290996552, 11.3621482849, -1.58963799477, 2.54140710831], [-38.2496299744, -37.5467529297, 1.33014261723, -1.62969887257, 17.2980041504, 7.96695280075, 6.16262483597, 18.7883014679, 31.3290996552, 79.9333572388, 30.2888507843, 13.1679592133, -0.889956772327], [-90.7046585083, 8.39804649353, -16.2454032898, 1.25154471397, 9.16071224213, 13.2391862869, 7.89331245422, 3.24792408943, 11.3621482849, 30.2888507843, 75.3489608765, 29.4996776581, 13.0773010254], [-3.83875346184, -24.4544525146, 5.75629901886, -11.9410848618, 5.27234077454, 6.17685508728, 5.94709873199, 5.78974866867, -1.58963799477, 13.1679592133, 29.4996776581, 67.1565475464, 24.3335113525], [-31.9017753601, 22.6585140228, -10.8462905884, 4.77978420258, -7.67151689529, 3.51588463783, 4.52238798141, -1.10457479954, 2.54140710831, -0.889956772327, 13.0773010254, 24.3335113525, 66.8689651489]],
