{
"lowlevel": {
    "average_loudness": 0.958627998829,
    "barkbands_crest": {
        "dmean": 3.00837111473,
        "dmean2": 4.8330821991,
        "dvar": 6.78666591644,
        "dvar2": 18.0013446808,
        "max": 26.064250946,
        "mean": 10.8740711212,
        "median": 10.5207633972,
        "min": 2.51026749611,
        "var": 19.069475174
    },
    "barkbands_flatness_db": {
        "dmean": 0.030175646767,
        "dmean2": 0.0465979501605,
        "dvar": 0.000871055701282,
        "dvar2": 0.00212379894219,
        "max": 0.833348274231,
        "mean": 0.159262001514,
        "median": 0.13624535501,
        "min": 0.0281286742538,
        "var": 0.00924740917981
    },
    "barkbands_kurtosis": {
        "dmean": 3.3414683342,
        "dmean2": 5.46793413162,
        "dvar": 181.081192017,
        "dvar2": 477.316772461,
        "max": 846.066711426,
        "mean": 4.08359384537,
        "median": 1.46414709091,
        "min": -1.62298095226,
        "var": 190.284408569
    },
    "barkbands_skewness": {
        "dmean": 0.63217061758,
        "dmean2": 0.994121551514,
        "dvar": 0.54456615448,
        "dvar2": 1.3184980154,
        "max": 24.3745555878,
        "mean": 1.50369000435,
        "median": 1.33537364006,
        "min": -2.47178387642,
        "var": 1.50942623615
    },
    "barkbands_spread": {
        "dmean": 5.16461849213,
        "dmean2": 8.43254852295,
        "dvar": 30.0500087738,
        "dvar2": 82.8084640503,
        "max": 100.411743164,
        "mean": 19.7621307373,
        "median": 20.0854301453,
        "min": 0.270902663469,
        "var": 105.4715271
    },
    "dissonance": {
        "dmean": 0.0192710533738,
        "dmean2": 0.0320836305618,
        "dvar": 0.000435094407294,
        "dvar2": 0.0011288728565,
        "max": 0.500000119209,
        "mean": 0.461604446173,
        "median": 0.47144806385,
        "min": 0.0808324664831,
        "var": 0.00130423146766
    },
    "dynamic_complexity": 2.48764491081,
    "erbbands_crest": {
        "dmean": 2.22026133537,
        "dmean2": 3.4806573391,
        "dvar": 4.82271385193,
        "dvar2": 11.5931329727,
        "max": 30.6394805908,
        "mean": 9.01718711853,
        "median": 7.66210079193,
        "min": 2.37238669395,
        "var": 21.463968277
    },
    "erbbands_flatness_db": {
        "dmean": 0.0176764372736,
        "dmean2": 0.0256910398602,
        "dvar": 0.000350753427483,
        "dvar2": 0.000683972553816,
        "max": 0.580565094948,
        "mean": 0.175943106413,
        "median": 0.15994566679,
        "min": 0.0236156266183,
        "var": 0.00395069038495
    },
    "erbbands_kurtosis": {
        "dmean": 0.82187306881,
        "dmean2": 1.312281847,
        "dvar": 8.43803501129,
        "dvar2": 23.1263389587,
        "max": 215.87147522,
        "mean": 0.811323702335,
        "median": -0.216955900192,
        "min": -1.75553190708,
        "var": 52.2127037048
    },
    "erbbands_skewness": {
        "dmean": 0.278325378895,
        "dmean2": 0.436277627945,
        "dvar": 0.0779666528106,
        "dvar2": 0.191453143954,
        "max": 9.89809417725,
        "mean": 0.159830093384,
        "median": 0.0122384252027,
        "min": -2.37276983261,
        "var": 0.588849663734
    },
    "erbbands_spread": {
        "dmean": 6.36677646637,
        "dmean2": 9.79464530945,
        "dvar": 45.4554405212,
        "dvar2": 104.741119385,
        "max": 126.896835327,
        "mean": 31.8666667938,
        "median": 30.6054725647,
        "min": 0.582402288914,
        "var": 174.280319214
    },
    "hfc": {
        "dmean": 5.73266553879,
        "dmean2": 8.93884372711,
        "dvar": 48.3279457092,
        "dvar2": 117.459358215,
        "max": 89.7111129761,
        "mean": 23.590921402,
        "median": 24.1387233734,
        "min": 1.05608670051e-16,
        "var": 210.22038269
    },
    "melbands_crest": {
        "dmean": 4.46700525284,
        "dmean2": 7.11139297485,
        "dvar": 14.4817438126,
        "dvar2": 36.5660514832,
        "max": 38.5395126343,
        "mean": 17.3833122253,
        "median": 17.2554512024,
        "min": 1.83017110825,
        "var": 42.8330802917
    },
    "melbands_flatness_db": {
        "dmean": 0.0364702604711,
        "dmean2": 0.0569816417992,
        "dvar": 0.00127686618362,
        "dvar2": 0.00316817755811,
        "max": 1,
        "mean": 0.239280492067,
        "median": 0.21669228375,
        "min": 0.00355165218934,
        "var": 0.0133795700967
    },
    "melbands_kurtosis": {
        "dmean": 7.6672668457,
        "dmean2": 12.2865028381,
        "dvar": 396.905944824,
        "dvar2": 987.88067627,
        "max": 864.200622559,
        "mean": 11.8351411819,
        "median": 6.14957809448,
        "min": -1.52641987801,
        "var": 565.388061523
    },
    "melbands_skewness": {
        "dmean": 0.870189726353,
        "dmean2": 1.36003816128,
        "dvar": 0.913992583752,
        "dvar2": 2.19103646278,
        "max": 19.8784179688,
        "mean": 2.54062747955,
        "median": 2.27203559875,
        "min": -1.91160070896,
        "var": 2.70418953896
    },
    "melbands_spread": {
        "dmean": 7.27391290665,
        "dmean2": 11.7274484634,
        "dvar": 62.8397369385,
        "dvar2": 158.530014038,
        "max": 189.04524231,
        "mean": 21.6088943481,
        "median": 18.8038883209,
        "min": 0.231695100665,
        "var": 240.05708313
    },
    "pitch_salience": {
        "dmean": 0.0889908000827,
        "dmean2": 0.141086563468,
        "dvar": 0.00592007813975,
        "dvar2": 0.0154534429312,
        "max": 0.915660619736,
        "mean": 0.487163901329,
        "median": 0.494385957718,
        "min": 0.0470061860979,
        "var": 0.0179082397372
    },
    "silence_rate_20dB": {
        "dmean": 0,
        "dmean2": 0,
        "dvar": 0,
        "dvar2": 0,
        "max": 1,
        "mean": 1,
        "median": 1,
        "min": 1,
        "var": 0
    },
    "silence_rate_30dB": {
        "dmean": 0.0123055493459,
        "dmean2": 0.0246125273407,
        "dvar": 0.012155062519,
        "dvar2": 0.0317886248231,
        "max": 1,
        "mean": 0.991177678108,
        "median": 1,
        "min": 0,
        "var": 0.00874328706414
    },
    "silence_rate_60dB": {
        "dmean": 0.0104481074959,
        "dmean2": 0.0208974275738,
        "dvar": 0.0103367315605,
        "dvar2": 0.0242872647941,
        "max": 1,
        "mean": 0.046259213239,
        "median": 0,
        "min": 0,
        "var": 0.0441153608263
    },
    "spectral_centroid": {
        "dmean": 249.406082153,
        "dmean2": 393.786804199,
        "dvar": 85696.7890625,
        "dvar2": 215932.578125,
        "max": 11639.8183594,
        "mean": 1346.88647461,
        "median": 1370.34265137,
        "min": 100.421546936,
        "var": 647634.0625
    },
    "spectral_complexity": {
        "dmean": 4.04620409012,
        "dmean2": 6.27503347397,
        "dvar": 20.3781986237,
        "dvar2": 44.2859230042,
        "max": 56,
        "mean": 22.1419696808,
        "median": 23,
        "min": 0,
        "var": 105.676124573
    },
    "spectral_decrease": {
        "dmean": 4.00649780019e-09,
        "dmean2": 6.33295105246e-09,
        "dvar": 1.94718498175e-17,
        "dvar2": 5.03616938378e-17,
        "max": 1.8021342972e-28,
        "mean": -1.08587405734e-08,
        "median": -9.87332438029e-09,
        "min": -4.35960920697e-08,
        "var": 4.87326178696e-17
    },
    "spectral_energy": {
        "dmean": 0.0153442751616,
        "dmean2": 0.024181554094,
        "dvar": 0.000280546431895,
        "dvar2": 0.000726989062969,
        "max": 0.166726008058,
        "mean": 0.043123267591,
        "median": 0.0400065854192,
        "min": 1.01779331794e-20,
        "var": 0.00072532123886
    },
    "spectral_energyband_high": {
        "dmean": 0.000268374133157,
        "dmean2": 0.000438897230197,
        "dvar": 1.50155088363e-07,
        "dvar2": 3.87085549391e-07,
        "max": 0.00419208360836,
        "mean": 0.000658442731947,
        "median": 0.000533891259693,
        "min": 6.90675212746e-21,
        "var": 3.89830034919e-07
    },
    "spectral_energyband_low": {
        "dmean": 0.0114769078791,
        "dmean2": 0.0176303442568,
        "dvar": 0.000206304190215,
        "dvar2": 0.000482310191728,
        "max": 0.154265210032,
        "mean": 0.021970435977,
        "median": 0.013208928518,
        "min": 2.09439809323e-23,
        "var": 0.000546279887203
    },
    "spectral_energyband_middle_high": {
        "dmean": 0.00221733748913,
        "dmean2": 0.00340131903067,
        "dvar": 7.19873060007e-06,
        "dvar2": 1.69427876244e-05,
        "max": 0.0545181110501,
        "mean": 0.008017225191,
        "median": 0.00773172266781,
        "min": 1.26393793346e-21,
        "var": 3.33562929882e-05
    },
    "spectral_energyband_middle_low": {
        "dmean": 0.00782207027078,
        "dmean2": 0.0129306148738,
        "dvar": 0.000173111286131,
        "dvar2": 0.000482808478409,
        "max": 0.130591541529,
        "mean": 0.0149493766949,
        "median": 0.011814170517,
        "min": 1.75817431049e-22,
        "var": 0.000187875542906
    },
    "spectral_entropy": {
        "dmean": 0.183104380965,
        "dmean2": 0.281806945801,
        "dvar": 0.0421877391636,
        "dvar2": 0.0942279398441,
        "max": 9.8239107132,
        "mean": 7.28360652924,
        "median": 7.45913267136,
        "min": 3.09469079971,
        "var": 0.469411760569
    },
    "spectral_flux": {
        "dmean": 0.036683447659,
        "dmean2": 0.0598794594407,
        "dvar": 0.00132334709633,
        "dvar2": 0.00336388777941,
        "max": 0.345473706722,
        "mean": 0.10550557822,
        "median": 0.0978324338794,
        "min": 6.4927355159e-11,
        "var": 0.00330038880929
    },
    "spectral_kurtosis": {
        "dmean": 5.47334194183,
        "dmean2": 9.86707115173,
        "dvar": 1094.22473145,
        "dvar2": 3898.10375977,
        "max": 1320.12976074,
        "mean": 12.0927495956,
        "median": 4.9008936882,
        "min": -1.26343095303,
        "var": 1941.25952148
    },
    "spectral_rms": {
        "dmean": 0.00109434803016,
        "dmean2": 0.00169102975633,
        "dvar": 1.13220039566e-06,
        "dvar2": 2.89763693218e-06,
        "max": 0.0127538042143,
        "mean": 0.0060852621682,
        "median": 0.00624746456742,
        "min": 3.1511412403e-12,
        "var": 5.04099307364e-06
    },
    "spectral_rolloff": {
        "dmean": 411.122344971,
        "dmean2": 690.971252441,
        "dvar": 269142.65625,
        "dvar2": 663917.875,
        "max": 19552.1484375,
        "mean": 1176.76635742,
        "median": 947.4609375,
        "min": 43.06640625,
        "var": 1688317
    },
    "spectral_skewness": {
        "dmean": 0.327390581369,
        "dmean2": 0.551608920097,
        "dvar": 0.521808803082,
        "dvar2": 1.77509891987,
        "max": 29.7789611816,
        "mean": 1.94140148163,
        "median": 1.49851620197,
        "min": -0.0585471354425,
        "var": 3.68043160439
    },
    "spectral_spread": {
        "dmean": 388194.5,
        "dmean2": 588677.75,
        "dvar": 326138527744,
        "dvar2": 662168272896,
        "max": 46251420,
        "mean": 3532539,
        "median": 3478748,
        "min": 71847.671875,
        "var": 5.0899755991e+12
    },
    "spectral_strongpeak": {
        "dmean": 0.479266345501,
        "dmean2": 0.839070320129,
        "dvar": 0.640897393227,
        "dvar2": 1.58265542984,
        "max": 10.4567241669,
        "mean": 0.816599845886,
        "median": 0.470820844173,
        "min": 0,
        "var": 0.982436060905
    },
    "zerocrossingrate": {
        "dmean": 0.00804587081075,
        "dmean2": 0.00987474899739,
        "dvar": 6.79679651512e-05,
        "dvar2": 8.8825217972e-05,
        "max": 0.84130859375,
        "mean": 0.0463927835226,
        "median": 0.0439453125,
        "min": 0.00146484375,
        "var": 0.00147097371519
    },
    "barkbands": {
        "dmean": [0.00123354431707, 0.00784278940409, 0.00376774254255, 0.00451307743788, 0.00330386310816, 0.000900132930838, 0.000653437164146, 0.00065638567321, 0.000677582633216, 0.000738891540095, 0.000550991680939, 0.00046471200767, 0.000406531355111, 0.000425072066719, 0.000446843361715, 0.000352009898052, 0.000409742438933, 0.000196901833988, 0.00020539649995, 0.000186263132491, 0.000108158856165, 5.98979822826e-05, 2.2336427719e-05, 1.93354935618e-05, 1.72784657479e-05, 2.42376918322e-05, 6.82378276906e-06],
        "dmean2": [0.00197087135166, 0.0121136140078, 0.00518111465499, 0.00794213917106, 0.00576487882063, 0.00142126320861, 0.00101781939156, 0.00100620801095, 0.00102208054159, 0.00108757580165, 0.000831309065688, 0.000702945049852, 0.000617429730482, 0.000675029936247, 0.000731688342057, 0.000563735724427, 0.000660438439809, 0.00031750331982, 0.000333756237524, 0.000300807703752, 0.000176539833774, 0.000102529440483, 3.71932219423e-05, 3.27322086378e-05, 2.92155109491e-05, 4.20125252276e-05, 1.15833527161e-05],
        "dvar": [6.42048007649e-06, 0.000141121126944, 5.72054668737e-05, 6.69054934406e-05, 5.77807113586e-05, 2.43393242272e-06, 1.19075002658e-06, 1.27232908653e-06, 1.32556215249e-06, 1.44487205489e-06, 1.06991819848e-06, 7.61613307532e-07, 5.27928989413e-07, 6.38263315977e-07, 4.62402425683e-07, 3.37993753874e-07, 4.54578781728e-07, 8.78453576547e-08, 7.8665600256e-08, 6.97406221661e-08, 2.47022953204e-08, 1.03544328667e-08, 1.27779786752e-09, 1.14263121187e-09, 9.98532034835e-10, 2.09360639936e-09, 1.90491733498e-10],
        "dvar2": [1.44996956806e-05, 0.000368808250641, 9.99813564704e-05, 0.000193917556317, 0.000166332800291, 6.0132388171e-06, 2.81748634734e-06, 2.88283240479e-06, 2.93246102956e-06, 2.9120956242e-06, 2.4440037123e-06, 1.71135707205e-06, 1.16135890948e-06, 1.56375972438e-06, 1.22736844332e-06, 8.34389311422e-07, 1.14030763143e-06, 2.16040731971e-07, 2.0118899613e-07, 1.72943572352e-07, 6.39945838543e-08, 2.83275376489e-08, 3.33452332413e-09, 3.00853852941e-09, 2.61234034404e-09, 5.49479750589e-09, 4.84272177914e-10],
        "max": [0.0586690679193, 0.132425770164, 0.0844787210226, 0.0691083669662, 0.0816464275122, 0.041395097971, 0.0276361387223, 0.0233752094209, 0.0253879260272, 0.0249098725617, 0.020533259958, 0.0174164324999, 0.0136714763939, 0.0285131670535, 0.0144986994565, 0.0131337121129, 0.0138172358274, 0.00659183040261, 0.00459665665403, 0.00496605783701, 0.00272496114485, 0.00121454964392, 0.000437055306975, 0.000340744736604, 0.000350302696461, 0.0003696475178, 0.000144799065311],
        "mean": [0.00168789783493, 0.0131082013249, 0.00502974214032, 0.00463412515819, 0.00394571572542, 0.00176239444409, 0.00122242968064, 0.00129287329037, 0.00140496471431, 0.00156783941202, 0.00117680418771, 0.000842531735543, 0.000764157040976, 0.00075338355964, 0.000850874639582, 0.000638339959551, 0.000722746481188, 0.00038295093691, 0.000436759466538, 0.000426594226155, 0.000238938038819, 0.000109318520117, 4.22005468863e-05, 2.90106163447e-05, 2.20771507884e-05, 2.47356820182e-05, 5.54052621737e-06],
        "median": [0.000585134956054, 0.00382430502214, 0.00137719244231, 0.00162864266895, 0.00208689575084, 0.000956070900429, 0.000581974396482, 0.000601876177825, 0.000726114667486, 0.000717715534847, 0.000327686197124, 0.000361975748092, 0.000375605683075, 0.000334321812261, 0.000503645977005, 0.000337046076311, 0.000433661567513, 0.000250542128924, 0.000336593016982, 0.000294491037494, 0.000169940773048, 6.67426138534e-05, 2.53407342825e-05, 1.57476861204e-05, 8.85882309376e-06, 4.66644723929e-06, 5.17417106494e-07],
        "min": [6.9656378488e-25, 5.51713697666e-24, 1.77609942329e-24, 1.8398117743e-24, 8.75620616438e-24, 5.71255281124e-24, 1.18388229354e-23, 8.13581912724e-24, 1.82237597614e-23, 1.7596591676e-23, 2.19464385494e-23, 2.50198721906e-23, 3.47546461084e-23, 2.00965360608e-23, 4.74383240849e-23, 6.98688550173e-23, 8.24124944059e-23, 1.0018865449e-22, 1.36028915199e-22, 1.93091591607e-22, 2.64082131101e-22, 3.47822480359e-22, 3.940401621e-22, 5.78707703738e-22, 7.95922131712e-22, 1.38781651007e-21, 1.79030783371e-21],
        "var": [1.31758115458e-05, 0.000294575758744, 9.7064053989e-05, 5.65337613807e-05, 4.37437774963e-05, 7.76248816692e-06, 3.41908025803e-06, 3.85691873817e-06, 4.68106554763e-06, 5.2718819461e-06, 3.62858622793e-06, 1.91505159819e-06, 1.47334583289e-06, 1.40291001571e-06, 1.05902108771e-06, 7.49059893224e-07, 8.6505190211e-07, 2.07275689945e-07, 1.98054408429e-07, 2.4730587711e-07, 6.71870026281e-08, 1.74389978014e-08, 2.4207154059e-09, 1.40984734998e-09, 1.01533315089e-09, 1.84840676098e-09, 1.53432544447e-10]
    },
    "erbbands": {
        "dmean": [0.303262710571, 1.63000273705, 3.9933860302, 10.2988739014, 15.4067287445, 8.8573589325, 7.76465892792, 7.27522468567, 7.96443653107, 11.3626585007, 14.9882860184, 16.2804603577, 21.5367412567, 19.8960895538, 20.1909217834, 22.1350917816, 18.0073986053, 22.8133201599, 22.3497238159, 19.3994922638, 22.0967674255, 15.9173927307, 11.0417194366, 10.4931373596, 9.98502445221, 9.27427768707, 5.40125703812, 3.30554294586, 2.36795949936, 1.14678013325, 0.608727693558, 0.443509429693, 0.314670026302, 0.199449643493, 0.113087974489, 0.0898261517286, 0.0493547096848, 0.012171455659, 0.00125116703566, 2.8217160434e-05],
        "dmean2": [0.490217030048, 2.43510103226, 5.48184585571, 17.3387031555, 27.0878238678, 15.484038353, 13.0008440018, 11.3438062668, 12.2713375092, 17.9287967682, 22.7125530243, 24.3850879669, 31.3413829803, 30.1580123901, 30.500289917, 33.1281738281, 26.9985103607, 35.9290008545, 36.4811134338, 31.26628685, 35.6514816284, 25.5413761139, 17.8202762604, 17.057762146, 16.217206955, 14.9790439606, 8.7821969986, 5.42185926437, 4.04003715515, 1.94281840324, 1.01263964176, 0.758551478386, 0.527355909348, 0.339628666639, 0.189399078488, 0.155313357711, 0.085881985724, 0.0206773579121, 0.00215040380135, 4.5463169954e-05],
        "dvar": [0.245431184769, 6.94942855835, 63.2183418274, 309.888885498, 1191.23486328, 407.877105713, 264.489501953, 158.426986694, 171.139831543, 412.294281006, 699.567260742, 825.967224121, 1467.58850098, 1144.45922852, 1372.22302246, 1760.21020508, 1062.35583496, 1486.85498047, 1561.71923828, 986.842834473, 1171.42468262, 551.065002441, 286.345214844, 262.818115234, 196.53968811, 185.596542358, 61.6356086731, 25.0939388275, 16.9655838013, 3.6606631279, 0.969948291779, 0.582485198975, 0.303309619427, 0.145480766892, 0.0408391095698, 0.0278396755457, 0.00869152974337, 0.000540326233022, 6.73567001286e-06, 1.35707178828e-09],
        "dvar2": [0.650221705437, 16.0640468597, 106.015106201, 833.552185059, 3430.69677734, 1205.33825684, 716.599304199, 371.669464111, 385.014038086, 968.74597168, 1567.70031738, 1785.40734863, 2797.52636719, 2526.63549805, 3080.40405273, 3863.29174805, 2259.82055664, 3633.57080078, 4074.45751953, 2596.84716797, 2995.90258789, 1391.59484863, 695.78717041, 650.701171875, 509.389923096, 460.121704102, 158.854660034, 65.0838928223, 46.6846580505, 9.8269777298, 2.51992440224, 1.54796564579, 0.789101779461, 0.388052016497, 0.105002008379, 0.073159083724, 0.022858671844, 0.00138064427301, 1.73137777892e-05, 3.3981508718e-09],
        "max": [5.21911430359, 31.5815429688, 92.5737380981, 141.817993164, 345.119934082, 324.197296143, 365.146453857, 464.386779785, 324.28427124, 528.326416016, 624.123046875, 742.593139648, 932.661743164, 651.186035156, 817.849304199, 892.602355957, 681.497375488, 673.550720215, 1178.7878418, 618.169616699, 638.624755859, 410.692474365, 453.444732666, 380.720489502, 234.039611816, 286.146636963, 150.528198242, 69.944732666, 52.7263374329, 24.6448841095, 12.9065198898, 9.73812198639, 5.88641405106, 3.94072651863, 2.97206950188, 1.71857762337, 0.774971008301, 0.234138146043, 0.0245018582791, 0.000389409862692],
        "mean": [0.484609276056, 2.49987602234, 5.7381811142, 11.5026321411, 16.3546352386, 10.7813005447, 12.332482338, 14.3431377411, 16.2817306519, 20.5991687775, 31.4675178528, 35.9954223633, 45.6429100037, 44.2439422607, 46.134552002, 42.3139305115, 36.4016647339, 43.7717819214, 41.9606170654, 39.4077644348, 41.5007781982, 31.4733982086, 23.0808811188, 21.7185554504, 22.1575717926, 21.2851142883, 12.5983076096, 7.00711679459, 4.244328022, 2.22465538979, 1.1495872736, 0.694359600544, 0.441002517939, 0.251713126898, 0.15145945549, 0.101377978921, 0.0476690046489, 0.0109232757241, 0.000996713410132, 6.45951149636e-05],
        "median": [0.121605306864, 0.696713387966, 1.72529780865, 4.65434265137, 6.85288572311, 5.61260128021, 5.78484296799, 7.38567972183, 8.34060001373, 10.1175270081, 16.0842399597, 19.6094150543, 23.4934139252, 23.9756164551, 18.2603645325, 20.7363395691, 20.0898914337, 23.3069591522, 24.6256504059, 24.0905799866, 27.1249675751, 22.0996761322, 16.5137481689, 15.5433778763, 16.569070816, 14.5146980286, 9.50094604492, 4.82256698608, 2.60500979424, 1.33634400368, 0.691861629486, 0.37405410409, 0.234430715442, 0.120006799698, 0.052175167948, 0.0231582187116, 0.0086330557242, 0.00156180979684, 8.98176513147e-05, 5.73546203668e-05],
        "min": [6.06981134913e-23, 1.22848942739e-21, 1.70888668503e-21, 9.55805582218e-21, 1.93685229002e-20, 2.73506203253e-20, 3.74296739176e-20, 6.75221394796e-20, 2.01311850406e-19, 1.7274266056e-19, 2.16843200382e-19, 4.03771801652e-19, 5.2721338618e-19, 5.00334617465e-19, 1.24330705459e-18, 8.58925064427e-19, 1.62139166705e-18, 3.0193763263e-18, 3.63211326018e-18, 2.74085903059e-18, 3.7377400885e-18, 5.4335343769e-18, 5.40644752056e-18, 6.27561292588e-18, 8.36770861857e-18, 7.43139475908e-18, 1.09345211969e-17, 1.05103702757e-17, 1.1324973607e-17, 9.43256799961e-18, 1.20352893155e-17, 9.84032999129e-18, 9.9478899407e-18, 7.62033770024e-18, 6.06722090057e-18, 4.15212283381e-18, 2.53840264656e-18, 1.06588374083e-18, 2.45708753532e-19, 2.61815620882e-20],
        "var": [0.481431424618, 14.3076705933, 119.837188721, 294.556793213, 894.931762695, 317.7628479, 516.760620117, 607.861694336, 617.962219238, 917.217956543, 2279.85253906, 3239.38671875, 4994.19677734, 3727.6628418, 4986.53466797, 4512.64404297, 3057.50170898, 3632.00073242, 3126.80322266, 2242.21191406, 2305.88867188, 1197.54431152, 699.229248047, 596.827941895, 535.666870117, 629.966247559, 173.555252075, 61.3802146912, 27.0675430298, 6.73412084579, 1.84663164616, 0.797577619553, 0.340630501509, 0.13518036902, 0.0480959527194, 0.0271463226527, 0.00735143851489, 0.000452403153758, 5.22042319062e-06, 2.16660178687e-09]
    },
    "gfcc": {
        "mean": [-3.72069811821, 116.191642761, -123.770805359, 29.53764534, -40.0041122437, 7.65995025635, -22.2631454468, 6.59806156158, -20.9765529633, 2.18825054169, -17.2866725922, -2.99965786934, -7.68960666656],
        "cov": [[17290.9472656, -3023.71875, -2571.57836914, 470.277252197, -613.481811523, 216.3775177, -495.535827637, 415.053070068, -627.330993652, 578.134033203, -546.982788086, 485.464996338, -468.950714111], [-3023.71875, 2217.921875, 420.92880249, -147.856628418, 262.205627441, -107.033103943, 241.078277588, -180.008850098, 270.366455078, -249.342407227, 285.585540771, -232.257614136, 246.680953979], [-2571.57836914, 420.92880249, 1261.04785156, -5.98745107651, 219.581512451, 61.3099098206, 32.1866073608, -27.7019023895, 46.4240684509, -115.6690979, -13.4720230103, -58.5603027344, -14.9667730331], [470.277252197, -147.856628418, -5.98745107651, 285.668151855, 56.3065299988, 75.9822311401, 42.3494987488, 45.1457176208, -3.33402729034, 30.5913124084, -30.341966629, -3.26813030243, -19.9568920135], [-613.481811523, 262.205627441, 219.581512451, 56.3065299988, 271.524414062, 66.8927993774, 94.799407959, 27.6002483368, 65.2138595581, -11.2345323563, 37.1066818237, -26.8748683929, 26.3198833466], [216.3775177, -107.033103943, 61.3099098206, 75.9822311401, 66.8927993774, 184.966140747, 46.3030700684, 75.4954910278, 40.9476242065, 37.780796051, 19.4329032898, 25.9584503174, 2.80059480667], [-495.535827637, 241.078277588, 32.1866073608, 42.3494987488, 94.799407959, 46.3030700684, 185.799057007, 46.1565093994, 77.0925216675, -1.60840284824, 58.0688171387, -16.6588916779, 49.3514518738], [415.053070068, -180.008850098, -27.7019023895, 45.1457176208, 27.6002483368, 75.4954910278, 46.1565093994, 140.673782349, 53.4946861267, 69.5191345215, 11.6582870483, 44.202419281, 3.41436624527], [-627.330993652, 270.366455078, 46.4240684509, -3.33402729034, 65.2138595581, 40.9476242065, 77.0925216675, 53.4946861267, 188.189453125, 41.4716072083, 107.838890076, -9.32688522339, 72.8436737061], [578.134033203, -249.342407227, -115.6690979, 30.5913124084, -11.2345323563, 37.780796051, -1.60840284824, 69.5191345215, 41.4716072083, 138.60736084, 42.0925292969, 63.8481407166, -2.72935771942], [-546.982788086, 285.585540771, -13.4720230103, -30.341966629, 37.1066818237, 19.4329032898, 58.0688171387, 11.6582870483, 107.838890076, 42.0925292969, 183.590057373, 40.3709030151, 91.7276687622], [485.464996338, -232.257614136, -58.5603027344, -3.26813030243, -26.8748683929, 25.9584503174, -16.6588916779, 44.202419281, -9.32688522339, 63.8481407166, 40.3709030151, 128.251342773, 34.0665779114], [-468.950714111, 246.680953979, -14.9667730331, -19.9568920135, 26.3198833466, 2.80059480667, 49.3514518738, 3.41436624527, 72.8436737061, -2.72935771942, 91.7276687622, 34.0665779114, 135.631637573]],
        "icov": [[0.000198593988898, -0.00029542989796, 0.000386483792681, -0.000205953765544, 7.66630328144e-05, -0.000325052475091, 0.000397352443542, -0.000458290916868, 0.000438338320237, -0.000614561897237, 0.000770999176893, -0.000873823824804, 0.00054535997333], [-0.00029542989796, 0.00238590734079, -0.00077167514246, 0.00060322729405, -0.000833049067296, 0.00126643688418, -0.00135574559681, 0.00162704940885, -0.0015758817317, 0.00319851259701, -0.003697370179, 0.00402019126341, -0.00236787949689], [0.000386483792681, -0.00077167514246, 0.00184629880823, -0.000323407904943, -0.000634220952634, -0.00100388855208, 0.00113904569298, -0.00077496439917, 0.000259613501839, -0.000226742980885, 0.00187680183444, -0.00249272375368, 0.00185759551823], [-0.000205953765544, 0.00060322729405, -0.000323407904943, 0.00469521060586, -0.000823893700726, -0.00100609846413, -0.00139722332824, 0.000501043745317, 0.000171231236891, -0.000421835604357, -3.62389655493e-05, 0.00203764345497, -0.00106534559745], [7.66630328144e-05, -0.000833049067296, -0.000634220952634, -0.000823893700726, 0.00598635477945, -0.00145325495396, -0.00145786092617, -0.000549334043171, 0.000229258293984, -0.00118264905177, 0.000785539858043, -0.000309216004098, 0.000401065917686], [-0.000325052475091, 0.00126643688418, -0.00100388855208, -0.00100609846413, -0.00145325495396, 0.00897146202624, -0.00123867194634, -0.00208319770172, -0.00155253428966, 0.00220895465463, -0.00291112996638, 0.00133273995016, -0.000573798781261], [0.000397352443542, -0.00135574559681, 0.00113904569298, -0.00139722332824, -0.00145786092617, -0.00123867194634, 0.00999988988042, -0.00451421178877, 0.000674407696351, -0.000304970191792, 0.000515098567121, -0.00063219468575, -1.46573293023e-05], [-0.000458290916868, 0.00162704940885, -0.00077496439917, 0.000501043745317, -0.000549334043171, -0.00208319770172, -0.00451421178877, 0.0164922699332, -0.00628993660212, -0.00150908553042, 0.00144470541272, -0.00168235646561, -0.000385283521609], [0.000438338320237, -0.0015758817317, 0.000259613501839, 0.000171231236891, 0.000229258293984, -0.00155253428966, 0.000674407696351, -0.00628993660212, 0.0152198616415, -0.0067312750034, -0.00259238597937, 0.00438372883946, -0.00332134007476], [-0.000614561897237, 0.00319851259701, -0.000226742980885, -0.000421835604357, -0.00118264905177, 0.00220895465463, -0.000304970191792, -0.00150908553042, -0.0067312750034, 0.0204698480666, -0.00833952147514, -0.000844923895784, 0.00218289345503], [0.000770999176893, -0.003697370179, 0.00187680183444, -3.62389655493e-05, 0.000785539858043, -0.00291112996638, 0.000515098567121, 0.00144470541272, -0.00259238597937, -0.00833952147514, 0.0191922858357, -0.0105594601482, 0.000172970379936], [-0.000873823824804, 0.00402019126341, -0.00249272375368, 0.00203764345497, -0.000309216004098, 0.00133273995016, -0.00063219468575, -0.00168235646561, 0.00438372883946, -0.000844923895784, -0.0105594601482, 0.0245537292212, -0.011400568299], [0.00054535997333, -0.00236787949689, 0.00185759551823, -0.00106534559745, 0.000401065917686, -0.000573798781261, -1.46573293023e-05, -0.000385283521609, -0.00332134007476, 0.00218289345503, 0.000172970379936, -0.011400568299, 0.0181366056204]]
    },
    "melbands": {
        "dmean": [0.00229251105338, 0.00196360400878, 0.00194280908909, 0.000855844060425, 0.000275400059763, 0.000162019845448, 0.000125006976305, 0.000122198907775, 0.000121260658489, 0.000104698257928, 0.000108514766907, 8.2570448285e-05, 7.60935799917e-05, 5.61576125619e-05, 4.27998311352e-05, 4.27140803367e-05, 4.51337473351e-05, 3.6347839341e-05, 2.56649727817e-05, 2.79727883026e-05, 3.00245501421e-05, 2.04408934223e-05, 1.33751291287e-05, 9.94665151666e-06, 9.17658144317e-06, 8.91585204954e-06, 6.85819804858e-06, 6.33214904155e-06, 4.186062597e-06, 2.89320769298e-06, 2.06599247576e-06, 1.59959495249e-06, 1.04935884337e-06, 5.39019310963e-07, 3.89709697401e-07, 3.28418906292e-07, 2.59315982021e-07, 2.34336255289e-07, 2.13197182575e-07, 1.51528936954e-07],
        "dmean2": [0.00362731749192, 0.00275151594542, 0.00329831102863, 0.00148962950334, 0.000467622769065, 0.000253281003097, 0.000192794104805, 0.000192960593267, 0.00018415330851, 0.000156388356118, 0.000158298396855, 0.000125476246467, 0.000115476323117, 8.47458504722e-05, 6.41153092147e-05, 6.52337548672e-05, 7.12974506314e-05, 5.92294054513e-05, 4.18363488279e-05, 4.44102370238e-05, 4.8932590289e-05, 3.30098337145e-05, 2.1274876417e-05, 1.62422129506e-05, 1.49545676322e-05, 1.44620007632e-05, 1.11777853817e-05, 1.02324629552e-05, 6.81396795699e-06, 4.74003354611e-06, 3.41819054483e-06, 2.73307318821e-06, 1.80847985121e-06, 9.10246058083e-07, 6.47623664918e-07, 5.61235594887e-07, 4.43252758942e-07, 3.94098861989e-07, 3.61932791293e-07, 2.57600760278e-07],
        "dvar": [1.29112822833e-05, 1.22400706459e-05, 1.14192553156e-05, 3.81689415008e-06, 3.50500329205e-07, 7.58251772481e-08, 4.16285956817e-08, 4.55754829431e-08, 4.26210178261e-08, 3.32387486424e-08, 3.67657335687e-08, 2.15643627399e-08, 2.14203854654e-08, 1.0362199987e-08, 4.97517538278e-09, 5.74386316288e-09, 6.48884679322e-09, 4.64911487086e-09, 1.5131759179e-09, 2.23354357232e-09, 2.46157783046e-09, 1.03427777454e-09, 5.00840591222e-10, 2.3565077667e-10, 2.17959983395e-10, 1.71242547919e-10, 9.74704414403e-11, 8.72446836997e-11, 4.22025955849e-11, 2.21754836716e-11, 1.15683495769e-11, 8.52205112034e-12, 3.53329214844e-12, 7.40532852053e-13, 3.95114415361e-13, 2.99622794023e-13, 2.11620827741e-13, 1.65151068819e-13, 1.61574922821e-13, 7.91606024979e-14],
        "dvar2": [3.48788635165e-05, 2.0511510229e-05, 3.17103549605e-05, 1.095638072e-05, 9.97505253508e-07, 1.79942546197e-07, 9.55472287956e-08, 1.06986853154e-07, 9.63285557987e-08, 7.03937743651e-08, 7.0735012514e-08, 4.75487773599e-08, 4.98876460142e-08, 2.35613910604e-08, 1.08181597014e-08, 1.25987087429e-08, 1.5664253894e-08, 1.20323617736e-08, 3.92394738924e-09, 5.44368949917e-09, 6.33731067623e-09, 2.60838661781e-09, 1.21530041586e-09, 6.1445876165e-10, 5.36073185842e-10, 4.45443126829e-10, 2.50520160172e-10, 2.16133180797e-10, 1.09066346232e-10, 5.76397610197e-11, 3.01082492271e-11, 2.3722813644e-11, 9.72591018139e-12, 1.95467383599e-12, 1.03549037834e-12, 8.02765297812e-13, 5.65955485601e-13, 4.31567487909e-13, 4.28126284424e-13, 2.1046514954e-13],
        "max": [0.041871137917, 0.0406081750989, 0.0272215660661, 0.0210520531982, 0.0108947725967, 0.00907707680017, 0.00542718265206, 0.00507455645129, 0.00480172177777, 0.00483919586986, 0.00470031425357, 0.00288280588575, 0.00299252732657, 0.00193778576795, 0.00134537753183, 0.00164065195713, 0.00154159066733, 0.00273419497535, 0.00122521654703, 0.00127030012663, 0.000863734283485, 0.000563624082133, 0.000633826828562, 0.000328192312736, 0.000344376923749, 0.000288851151709, 0.000187791752978, 0.000177240071935, 0.000155513000209, 8.58404237079e-05, 5.90146773902e-05, 4.66528872494e-05, 2.74441408692e-05, 1.17554282042e-05, 9.4714378065e-06, 5.75021385885e-06, 6.08199525232e-06, 4.69678889203e-06, 3.98050860895e-06, 3.70306406694e-06],
        "mean": [0.00396378198639, 0.00314809335396, 0.00220284727402, 0.000988203566521, 0.000418415205786, 0.000321806757711, 0.000253612088272, 0.000226709395065, 0.00025178285432, 0.000223524868488, 0.000224040530156, 0.000175782173756, 0.000163209901075, 0.00010910412675, 8.20835630293e-05, 8.01989372121e-05, 8.14981758595e-05, 6.42951126792e-05, 5.0223476137e-05, 5.36912411917e-05, 5.04933523189e-05, 3.6171713873e-05, 2.47848947765e-05, 1.85385433724e-05, 1.68546848727e-05, 1.70244093169e-05, 1.45992235048e-05, 1.36909984576e-05, 8.78032005858e-06, 5.43068063052e-06, 3.67253687727e-06, 2.62739877144e-06, 1.65817959896e-06, 1.01568696209e-06, 6.89940634402e-07, 5.14792020567e-07, 3.77319679501e-07, 3.25782991695e-07, 2.54663547139e-07, 1.93959195371e-07],
        "median": [0.00115338282194, 0.00107636675239, 0.00099193258211, 0.000475061999168, 0.00021547342476, 0.000171966530615, 0.000131131426315, 0.000118577117973, 0.000129167296109, 0.000116425202577, 0.000112288536911, 8.4870684077e-05, 4.79054942844e-05, 4.53028733318e-05, 4.61490344605e-05, 3.85878229281e-05, 3.54611074727e-05, 3.56304080924e-05, 3.04025834339e-05, 2.82058626908e-05, 2.95258523693e-05, 2.24987688853e-05, 1.42518583743e-05, 1.26743489091e-05, 1.03733646029e-05, 1.17921981655e-05, 9.81335961114e-06, 8.81675532582e-06, 5.90018134972e-06, 3.54727035301e-06, 2.14540523302e-06, 1.46667457557e-06, 8.98282053186e-07, 5.93400102389e-07, 4.00013703938e-07, 2.72691636383e-07, 1.92450258396e-07, 1.74669153807e-07, 1.13879110586e-07, 9.21801017739e-08],
        "min": [1.4336272942e-24, 1.07844129112e-24, 1.77774104283e-24, 1.56549880515e-24, 1.02028833873e-24, 1.72965740686e-24, 3.04975105073e-24, 1.79396002305e-24, 1.70729043919e-24, 2.20383085015e-24, 2.66644886169e-24, 1.34899168958e-24, 3.57650325664e-24, 2.51232772613e-24, 3.71066167535e-24, 3.499719086e-24, 4.20268684371e-24, 5.10117180462e-24, 2.97501535464e-24, 3.62114213425e-24, 3.75231905317e-24, 4.95040549728e-24, 4.22165934291e-24, 3.90034249115e-24, 4.87903212359e-24, 4.27098444873e-24, 5.87530073244e-24, 4.57441466833e-24, 5.35832744352e-24, 5.91482976354e-24, 5.82954403892e-24, 5.66886135557e-24, 5.6277628857e-24, 4.76330583436e-24, 6.3883888814e-24, 6.79309503616e-24, 5.12447672792e-24, 7.12365063242e-24, 6.29324633978e-24, 6.12660302342e-24],
        "var": [2.67799587164e-05, 2.77524432022e-05, 1.03365928226e-05, 2.95189283861e-06, 5.00003409343e-07, 2.77741179389e-07, 1.45769220694e-07, 1.02392306189e-07, 1.36988134614e-07, 1.27498509528e-07, 1.24037143223e-07, 7.03970073346e-08, 7.06417111473e-08, 2.79305822914e-08, 1.30647750396e-08, 1.63298494726e-08, 1.61353987949e-08, 8.56047588371e-09, 3.57080942592e-09, 5.44682654535e-09, 4.22143608958e-09, 1.99825933578e-09, 1.13758202858e-09, 4.637596418e-10, 4.58025256611e-10, 3.69062752581e-10, 2.86235757319e-10, 2.89358675909e-10, 1.08047099046e-10, 4.34038013863e-11, 2.20403452433e-11, 1.26090648339e-11, 4.65759288776e-12, 1.44267833357e-12, 7.24887218393e-13, 4.35918228597e-13, 2.60286773688e-13, 1.87592291961e-13, 1.4763694824e-13, 7.71722976863e-14]
    },
    "mfcc": {
        "mean": [-640.910949707, 144.442138672, -17.1991939545, 31.0532531738, 2.47457504272, 9.40014266968, 6.05936336517, 3.98163294792, 6.23338079453, 5.16880559921, -1.9024657011, -0.169470310211, -0.700351476669],
        "cov": [[10355.7285156, -1763.57080078, -1469.66516113, 100.142295837, -476.433074951, -82.3951797485, -97.970161438, -56.7492370605, 11.6828708649, -12.7304639816, -77.2205123901, 1.08222675323, 60.8624000549], [-1763.57080078, 1672.40710449, 164.172943115, -45.7123146057, 116.132034302, -13.7866306305, 51.782875061, 4.56012010574, 2.37784028053, 12.0253705978, -0.0100434664637, 30.8674354553, 47.5593490601], [-1469.66516113, 164.172943115, 747.563659668, 40.9520950317, 176.079605103, 71.6110916138, 18.3279762268, 58.7851486206, 0.242595121264, -13.5103378296, 25.8946685791, -23.3157310486, -48.5712051392], [100.142295837, -45.7123146057, 40.9520950317, 230.955337524, 49.5403938293, 53.8670921326, 53.2562065125, 25.3427906036, 33.6342887878, 20.893951416, 1.16998505592, -9.94545269012, -3.42425823212], [-476.433074951, 116.132034302, 176.079605103, 49.5403938293, 215.664260864, 76.565071106, 38.8597793579, 46.6666412354, 23.7455501556, 40.0291976929, 18.9929008484, 8.14439201355, 7.29532146454], [-82.3951797485, -13.7866306305, 71.6110916138, 53.8670921326, 76.565071106, 124.232543945, 58.8901596069, 40.592048645, 31.7175674438, 23.4525680542, 24.4707260132, 14.0492916107, -2.07029175758], [-97.970161438, 51.782875061, 18.3279762268, 53.2562065125, 38.8597793579, 58.8901596069, 120.890586853, 57.7162742615, 27.3253479004, 20.6854953766, 0.902389407158, 10.6458864212, 24.1298599243], [-56.7492370605, 4.56012010574, 58.7851486206, 25.3427906036, 46.6666412354, 40.592048645, 57.7162742615, 106.250022888, 52.255027771, 26.3825836182, 16.883813858, 13.0692987442, 14.9196872711], [11.6828708649, 2.37784028053, 0.242595121264, 33.6342887878, 23.7455501556, 31.7175674438, 27.3253479004, 52.255027771, 103.8724823, 54.5614471436, 15.0679998398, 15.6952362061, 16.3830547333], [-12.7304639816, 12.0253705978, -13.5103378296, 20.893951416, 40.0291976929, 23.4525680542, 20.6854953766, 26.3825836182, 54.5614471436, 117.996383667, 48.2314949036, 22.5633411407, 18.5729942322], [-77.2205123901, -0.0100434664637, 25.8946685791, 1.16998505592, 18.9929008484, 24.4707260132, 0.902389407158, 16.883813858, 15.0679998398, 48.2314949036, 101.02456665, 50.3952102661, 6.43121576309], [1.08222675323, 30.8674354553, -23.3157310486, -9.94545269012, 8.14439201355, 14.0492916107, 10.6458864212, 13.0692987442, 15.6952362061, 22.5633411407, 50.3952102661, 98.7995605469, 49.9093933105], [60.8624000549, 47.5593490601, -48.5712051392, -3.42425823212, 7.29532146454, -2.07029175758, 24.1298599243, 14.9196872711, 16.3830547333, 18.5729942322, 6.43121576309, 49.9093933105, 105.993530273]],
