{
"lowlevel": {
    "average_loudness": 0.72733348608,
    "barkbands_crest": {
        "dmean": 3.01094436646,
        "dmean2": 4.78981161118,
        "dvar": 7.8327293396,
        "dvar2": 18.2184658051,
        "max": 26.7319850922,
        "mean": 11.6103601456,
        "median": 10.7518968582,
        "min": 2.26633095741,
        "var": 25.5793228149
    },
    "barkbands_flatness_db": {
        "dmean": 0.0272135902196,
        "dmean2": 0.0399757213891,
        "dvar": 0.00075487117283,
        "dvar2": 0.00160115910694,
        "max": 0.553546011448,
        "mean": 0.156812340021,
        "median": 0.144895240664,
        "min": 0.0222261343151,
        "var": 0.00526347290725
    },
    "barkbands_kurtosis": {
        "dmean": 3.64535832405,
        "dmean2": 5.70908355713,
        "dvar": 69.6396026611,
        "dvar2": 164.35824585,
        "max": 436.258911133,
        "mean": 5.53969240189,
        "median": 2.35466861725,
        "min": -1.76097583771,
        "var": 173.336273193
    },
    "barkbands_skewness": {
        "dmean": 0.592301368713,
        "dmean2": 0.899557650089,
        "dvar": 0.399641424417,
        "dvar2": 0.878045320511,
        "max": 18.6883811951,
        "mean": 1.67097711563,
        "median": 1.5141453743,
        "min": -2.76911592484,
        "var": 1.80784106255
    },
    "barkbands_spread": {
        "dmean": 4.9376950264,
        "dmean2": 7.59535217285,
        "dvar": 30.2675857544,
        "dvar2": 68.4394073486,
        "max": 112.440765381,
        "mean": 18.7099895477,
        "median": 16.496679306,
        "min": 0.239705190063,
        "var": 153.275283813
    },
    "dissonance": {
        "dmean": 0.0191893782467,
        "dmean2": 0.0320629179478,
        "dvar": 0.000402122939704,
        "dvar2": 0.00107691565063,
        "max": 0.500000119209,
        "mean": 0.462827712297,
        "median": 0.471178114414,
        "min": 0.139161482453,
        "var": 0.00100367516279
    },
    "dynamic_complexity": 6.26301288605,
    "erbbands_crest": {
        "dmean": 2.76612615585,
        "dmean2": 4.37820911407,
        "dvar": 7.14102363586,
        "dvar2": 15.7475776672,
        "max": 32.5671348572,
        "mean": 9.22232913971,
        "median": 7.66866159439,
        "min": 2.1596364975,
        "var": 27.2205352783
    },
    "erbbands_flatness_db": {
        "dmean": 0.0195001848042,
        "dmean2": 0.0275979246944,
        "dvar": 0.000403036683565,
        "dvar2": 0.000733506167307,
        "max": 0.515476346016,
        "mean": 0.171797379851,
        "median": 0.157670527697,
        "min": 0.0374376960099,
        "var": 0.00408300943673
    },
    "erbbands_kurtosis": {
        "dmean": 0.930362462997,
        "dmean2": 1.44663882256,
        "dvar": 6.57561159134,
        "dvar2": 13.9997339249,
        "max": 164.017974854,
        "mean": 0.576480150223,
        "median": -0.238067269325,
        "min": -1.81318414211,
        "var": 21.9050159454
    },
    "erbbands_skewness": {
        "dmean": 0.335210412741,
        "dmean2": 0.510168373585,
        "dvar": 0.104296028614,
        "dvar2": 0.227789446712,
        "max": 11.3361196518,
        "mean": 0.35095885396,
        "median": 0.255715072155,
        "min": -2.21601986885,
        "var": 0.675764858723
    },
    "erbbands_spread": {
        "dmean": 7.3473277092,
        "dmean2": 11.2763252258,
        "dvar": 55.7025375366,
        "dvar2": 121.061561584,
        "max": 128.319442749,
        "mean": 35.28383255,
        "median": 33.148651123,
        "min": 0.825576901436,
        "var": 276.255828857
    },
    "hfc": {
        "dmean": 5.91279172897,
        "dmean2": 9.00010967255,
        "dvar": 129.125869751,
        "dvar2": 315.183197021,
        "max": 199.638046265,
        "mean": 15.2218494415,
        "median": 9.55435562134,
        "min": 1.05913979107e-16,
        "var": 311.083526611
    },
    "melbands_crest": {
        "dmean": 3.55513525009,
        "dmean2": 5.56708288193,
        "dvar": 10.1888532639,
        "dvar2": 23.3022136688,
        "max": 33.4239616394,
        "mean": 15.276597023,
        "median": 14.6516571045,
        "min": 1.67675757408,
        "var": 32.9962272644
    },
    "melbands_flatness_db": {
        "dmean": 0.0320856980979,
        "dmean2": 0.0462012477219,
        "dvar": 0.00104716129135,
        "dvar2": 0.00212890119292,
        "max": 0.670945703983,
        "mean": 0.222206071019,
        "median": 0.208933800459,
        "min": 0.00333916535601,
        "var": 0.00859261211008
    },
    "melbands_kurtosis": {
        "dmean": 7.61888742447,
        "dmean2": 11.9349718094,
        "dvar": 177.541229248,
        "dvar2": 414.346984863,
        "max": 515.867004395,
        "mean": 14.1391515732,
        "median": 8.00642108917,
        "min": -1.56748247147,
        "var": 566.24230957
    },
    "melbands_skewness": {
        "dmean": 0.78704482317,
        "dmean2": 1.18422532082,
        "dvar": 0.645722031593,
        "dvar2": 1.37565505505,
        "max": 16.9513664246,
        "mean": 2.65849375725,
        "median": 2.41522169113,
        "min": -2.73436737061,
        "var": 2.87503528595
    },
    "melbands_spread": {
        "dmean": 6.00348806381,
        "dmean2": 9.24020576477,
        "dvar": 56.2031440735,
        "dvar2": 127.319259644,
        "max": 168.292739868,
        "mean": 20.7375545502,
        "median": 15.9873733521,
        "min": 0.390945732594,
        "var": 394.515289307
    },
    "pitch_salience": {
        "dmean": 0.0811827108264,
        "dmean2": 0.127200394869,
        "dvar": 0.00548499636352,
        "dvar2": 0.0128764258698,
        "max": 0.964231908321,
        "mean": 0.523138225079,
        "median": 0.532198131084,
        "min": 0.0567766949534,
        "var": 0.0174083318561
    },
    "silence_rate_20dB": {
        "dmean": 0,
        "dmean2": 0,
        "dvar": 0,
        "dvar2": 0,
        "max": 1,
        "mean": 1,
        "median": 1,
        "min": 1,
        "var": 0
    },
    "silence_rate_30dB": {
        "dmean": 0.0366986580193,
        "dmean2": 0.0734029486775,
        "dvar": 0.0353494808078,
        "dvar2": 0.092118807137,
        "max": 1,
        "mean": 0.972823560238,
        "median": 1,
        "min": 0,
        "var": 0.0264349859208
    },
    "silence_rate_60dB": {
        "dmean": 0.0390019193292,
        "dmean2": 0.0780098289251,
        "dvar": 0.0374847725034,
        "dvar2": 0.0819103419781,
        "max": 1,
        "mean": 0.210578843951,
        "median": 0,
        "min": 0,
        "var": 0.16623917222
    },
    "spectral_centroid": {
        "dmean": 230.885910034,
        "dmean2": 354.119354248,
        "dvar": 67623.40625,
        "dvar2": 149675.4375,
        "max": 11722.8310547,
        "mean": 1299.83911133,
        "median": 1172.51257324,
        "min": 142.969329834,
        "var": 909943.875
    },
    "spectral_complexity": {
        "dmean": 4.06618022919,
        "dmean2": 6.10288715363,
        "dvar": 26.7203979492,
        "dvar2": 53.1234016418,
        "max": 60,
        "mean": 17.3583602905,
        "median": 16,
        "min": 0,
        "var": 158.129821777
    },
    "spectral_decrease": {
        "dmean": 3.32690142102e-09,
        "dmean2": 5.3209583406e-09,
        "dvar": 3.3844733346e-17,
        "dvar2": 8.63197578436e-17,
        "max": 1.51674662766e-28,
        "mean": -7.21030435358e-09,
        "median": -4.52289938835e-09,
        "min": -5.45408056496e-08,
        "var": 6.76905122484e-17
    },
    "spectral_energy": {
        "dmean": 0.0129796182737,
        "dmean2": 0.0207110028714,
        "dvar": 0.000508101889864,
        "dvar2": 0.00129508180544,
        "max": 0.213165894151,
        "mean": 0.0285939984024,
        "median": 0.0181556195021,
        "min": 1.02760679809e-20,
        "var": 0.0010340543231
    },
    "spectral_energyband_high": {
        "dmean": 0.000321023457218,
        "dmean2": 0.000480471062474,
        "dvar": 6.8995041147e-07,
        "dvar2": 1.62023331995e-06,
        "max": 0.0176497958601,
        "mean": 0.000684031459969,
        "median": 0.000179318216396,
        "min": 7.16449643645e-21,
        "var": 1.47870332512e-06
    },
    "spectral_energyband_low": {
        "dmean": 0.00907934363931,
        "dmean2": 0.0142387971282,
        "dvar": 0.000314244680339,
        "dvar2": 0.000772821891587,
        "max": 0.181885033846,
        "mean": 0.015538694337,
        "median": 0.00606210995466,
        "min": 1.62519703744e-23,
        "var": 0.000539318716619
    },
    "spectral_energyband_middle_high": {
        "dmean": 0.00164619635325,
        "dmean2": 0.00253239599988,
        "dvar": 6.11357017988e-06,
        "dvar2": 1.42290527947e-05,
        "max": 0.0458287373185,
        "mean": 0.0040980274789,
        "median": 0.00263464124873,
        "min": 1.19885410674e-21,
        "var": 2.08080018638e-05
    },
    "spectral_energyband_middle_low": {
        "dmean": 0.00576709536836,
        "dmean2": 0.00962115544826,
        "dvar": 0.000173387670657,
        "dvar2": 0.000475686625578,
        "max": 0.190656602383,
        "mean": 0.00946366135031,
        "median": 0.00553003419191,
        "min": 1.91765560602e-22,
        "var": 0.000181903291377
    },
    "spectral_entropy": {
        "dmean": 0.18300357461,
        "dmean2": 0.264410853386,
        "dvar": 0.0408937186003,
        "dvar2": 0.0828705653548,
        "max": 9.81986236572,
        "mean": 7.46523046494,
        "median": 7.56907272339,
        "min": 3.99471879005,
        "var": 0.374666154385
    },
    "spectral_flux": {
        "dmean": 0.0311086382717,
        "dmean2": 0.0489307157695,
        "dvar": 0.00175325956661,
        "dvar2": 0.0036551207304,
        "max": 0.409899115562,
        "mean": 0.0785964205861,
        "median": 0.0633628815413,
        "min": 6.42324943234e-11,
        "var": 0.00431753275916
    },
    "spectral_kurtosis": {
        "dmean": 2.57478046417,
        "dmean2": 4.32628965378,
        "dvar": 26.7541713715,
        "dvar2": 65.2813491821,
        "max": 257.586029053,
        "mean": 6.59535455704,
        "median": 3.60066819191,
        "min": -1.27377676964,
        "var": 90.5518264771
    },
    "spectral_rms": {
        "dmean": 0.00100403756369,
        "dmean2": 0.00151298858691,
        "dvar": 1.84069483566e-06,
        "dvar2": 4.31977423432e-06,
        "max": 0.0144210513681,
        "mean": 0.00441334629431,
        "median": 0.0042086574249,
        "min": 3.16629621827e-12,
        "var": 8.41890505399e-06
    },
    "spectral_rolloff": {
        "dmean": 397.901733398,
        "dmean2": 646.85333252,
        "dvar": 525210.6875,
        "dvar2": 1130806.375,
        "max": 19422.9492188,
        "mean": 1305.09814453,
        "median": 904.39453125,
        "min": 64.599609375,
        "var": 3179525.5
    },
    "spectral_skewness": {
        "dmean": 0.271151661873,
        "dmean2": 0.439363896847,
        "dvar": 0.135204538703,
        "dvar2": 0.329411655664,
        "max": 12.7920417786,
        "mean": 1.67413640022,
        "median": 1.3985350132,
        "min": -0.0855574086308,
        "var": 0.923046410084
    },
    "spectral_spread": {
        "dmean": 443579.9375,
        "dmean2": 647583.625,
        "dvar": 552448557056,
        "dvar2": 1.21615299379e+12,
        "max": 42484840,
        "mean": 4096842.75,
        "median": 3795455,
        "min": 526057.6875,
        "var": 9.088139264e+12
    },
    "spectral_strongpeak": {
        "dmean": 0.317554324865,
        "dmean2": 0.529848456383,
        "dvar": 0.27255487442,
        "dvar2": 0.659629285336,
        "max": 8.90535831451,
        "mean": 0.577750205994,
        "median": 0.373686492443,
        "min": 0,
        "var": 0.418144702911
    },
    "zerocrossingrate": {
        "dmean": 0.00886145140976,
        "dmean2": 0.0102259377018,
        "dvar": 0.000108375199488,
        "dvar2": 0.000135378635605,
        "max": 0.75048828125,
        "mean": 0.0528213046491,
        "median": 0.0439453125,
        "min": 0.001953125,
        "var": 0.00236374977976
    },
    "barkbands": {
        "dmean": [0.000242742564296, 0.00670420564711, 0.00308228679933, 0.00168014306109, 0.00313304900192, 0.000932869268581, 0.00067208847031, 0.000564915768337, 0.000300033279927, 0.000485557247885, 0.000521237554494, 0.000308788003167, 0.000252866040682, 0.000270198070211, 0.00022736522078, 0.000181810930371, 0.000161174000823, 0.000126897517475, 0.000131816632347, 0.000121693869005, 9.1019894171e-05, 7.02601464582e-05, 5.13856030011e-05, 3.80732853955e-05, 5.615142436e-05, 1.16878190966e-05, 7.51793504605e-06],
        "dmean2": [0.000415585527662, 0.0106547158211, 0.00495878700167, 0.00292667676695, 0.00538951810449, 0.00143691129051, 0.00108615169302, 0.000894006749149, 0.000471499835839, 0.000730985309929, 0.00079953612294, 0.000489457976073, 0.000418190058554, 0.000450836814707, 0.000372597860405, 0.000298244558508, 0.000267158262432, 0.000214237094042, 0.000217961976887, 0.000201686867513, 0.000141277603689, 0.000114152520837, 7.75181251811e-05, 5.88494440308e-05, 8.99304577615e-05, 1.67539128597e-05, 1.21374823721e-05],
        "dvar": [4.13714388969e-07, 0.000179086942808, 5.86898204347e-05, 2.58959316852e-05, 9.49933091761e-05, 3.24715438182e-06, 1.38123255056e-06, 9.31165345719e-07, 3.43969986716e-07, 7.99614042535e-07, 1.3656409692e-06, 5.14493706305e-07, 2.46843200102e-07, 3.95027115019e-07, 2.22093547109e-07, 1.21514091234e-07, 1.01148245335e-07, 5.44067439989e-08, 6.86362540137e-08, 6.54987672988e-08, 3.00077331872e-08, 2.21128608757e-08, 1.59254938126e-08, 9.6486898471e-09, 1.56467066859e-07, 3.95378751961e-09, 5.07266584293e-09],
        "dvar2": [1.11228871447e-06, 0.000456388224848, 0.000145137659274, 7.25554127712e-05, 0.000263890367933, 7.473999176e-06, 3.37591563948e-06, 2.15155500882e-06, 7.87207056874e-07, 1.63441052337e-06, 2.89022614197e-06, 1.13965757009e-06, 5.81603785577e-07, 1.03544050489e-06, 4.99257964748e-07, 3.06977625542e-07, 2.59492139776e-07, 1.43474750303e-07, 1.80400277827e-07, 1.69557381469e-07, 6.6879096039e-08, 5.22761958166e-08, 3.71825379375e-08, 2.41072424245e-08, 4.04905904361e-07, 8.31879010121e-09, 1.260542426e-08],
        "max": [0.00842680409551, 0.167088806629, 0.102240435779, 0.0714926719666, 0.173711717129, 0.0517796576023, 0.0282798223197, 0.0264141689986, 0.0195885952562, 0.0195993669331, 0.0189886968583, 0.0174831412733, 0.01754459925, 0.0273111648858, 0.0175602249801, 0.00861102715135, 0.00925469491631, 0.00716842571273, 0.00740117020905, 0.00462884875014, 0.00372207025066, 0.00363101973198, 0.00258144596592, 0.00218757474795, 0.0105407647789, 0.00229599443264, 0.0020811657887],
        "mean": [0.000249095319305, 0.0104832164943, 0.00374604552053, 0.00184132147115, 0.00345010403544, 0.00151627324522, 0.00104105961509, 0.000899292936083, 0.000481379160192, 0.000795650761575, 0.000778277404606, 0.000480059767142, 0.000357012584573, 0.000390210712794, 0.000339542049915, 0.000260974135017, 0.000265465321718, 0.000200646856683, 0.000240179666434, 0.000206403477932, 0.000176011264557, 0.000137826486025, 9.29472371354e-05, 7.18030132703e-05, 6.92640023772e-05, 1.75973582373e-05, 6.31428974884e-06],
        "median": [3.51649614458e-05, 0.00276337610558, 0.000926511711441, 0.000387051841244, 0.00102391804103, 0.000718282768503, 0.00051330588758, 0.000375107047148, 0.000193426472833, 0.000313378928695, 0.000174958608113, 0.000172413463588, 0.000157679416589, 0.000138357645483, 0.000150898253196, 0.000123059406178, 0.000132515458972, 9.82195197139e-05, 0.000104122969788, 6.5709813498e-05, 5.02651455463e-05, 3.38074096362e-05, 1.76212797669e-05, 1.03401389424e-05, 4.69132919534e-06, 1.25095186831e-06, 1.8240164934e-08],
        "min": [1.33580615072e-25, 2.91231866205e-24, 1.83361251088e-24, 1.75580637093e-24, 1.51648269614e-23, 1.64675376608e-23, 1.18716308715e-23, 1.05883214173e-23, 1.73343001581e-23, 1.46423233631e-23, 1.36642383926e-23, 2.48955208906e-23, 1.9866049837e-23, 3.64481064354e-23, 4.18498977482e-23, 5.91775052104e-23, 9.25370508079e-23, 1.07309001373e-22, 1.29660914427e-22, 1.92156027817e-22, 2.81674309889e-22, 3.33970032376e-22, 3.93641844141e-22, 6.06098418493e-22, 6.99719017086e-22, 1.29835125208e-21, 1.96563740794e-21],
        "var": [3.79184598387e-07, 0.000280913867755, 6.65882544126e-05, 2.03658128157e-05, 7.46173391235e-05, 6.18665308139e-06, 2.70730652119e-06, 2.21760524255e-06, 7.40964708257e-07, 1.91852836906e-06, 2.8011811537e-06, 9.32087004912e-07, 4.15412671373e-07, 7.30860335807e-07, 4.38263242586e-07, 1.77827160996e-07, 1.78814531182e-07, 8.68087042249e-08, 1.34498293392e-07, 1.15429998004e-07, 8.15788965269e-08, 5.84495083444e-08, 3.17429282859e-08, 2.11313508913e-08, 1.31384766178e-07, 6.60325882862e-09, 4.44467485039e-09]
    },
    "erbbands": {
        "dmean": [0.189015895128, 1.56506848335, 3.4356033802, 4.47090768814, 6.74667930603, 13.1021595001, 8.27372455597, 7.83810710907, 10.2219753265, 11.9664621353, 9.70180130005, 7.03760957718, 10.3514766693, 15.6917486191, 22.2373161316, 13.5473060608, 11.6903066635, 14.3341598511, 12.1669645309, 9.98736953735, 9.64499473572, 7.07369709015, 6.40204048157, 7.34342908859, 6.60541152954, 5.60572338104, 4.17160701752, 3.34464859962, 2.71269845963, 1.67468619347, 1.55311799049, 0.980515599251, 0.603516280651, 0.839530110359, 0.274754315615, 0.0700260475278, 0.01804170385, 0.00871935207397, 0.00117957580369, 2.92751901725e-05],
        "dmean2": [0.304321795702, 2.487449646, 5.44430398941, 7.48633289337, 11.7731895447, 22.7383003235, 13.9228467941, 11.9787349701, 16.153635025, 19.3457889557, 15.5279684067, 11.0642957687, 16.0962257385, 23.5557918549, 34.3629493713, 21.3626270294, 19.2713527679, 23.8251190186, 19.9996891022, 16.5668449402, 15.9752693176, 11.6724872589, 10.7541790009, 12.276391983, 10.7793722153, 9.2142457962, 6.56174612045, 5.20372486115, 4.44926404953, 2.63704895973, 2.36979103088, 1.50284361839, 0.946550667286, 1.36874938011, 0.432149648666, 0.101283423603, 0.0265976283699, 0.0134870205075, 0.00193174730521, 4.65979355795e-05],
        "dvar": [0.186911791563, 9.48823070526, 66.4619750977, 146.41456604, 378.455505371, 1962.88769531, 508.335968018, 216.246871948, 337.07901001, 489.054229736, 319.668182373, 194.987564087, 375.904327393, 959.072692871, 2518.40209961, 1218.05358887, 548.010559082, 1072.32629395, 768.573608398, 303.548583984, 353.983276367, 165.077865601, 140.808044434, 257.075805664, 146.987442017, 139.853027344, 69.8326721191, 46.5222320557, 37.4405822754, 11.0209274292, 17.7310428619, 6.04456806183, 2.88279533386, 39.3638572693, 2.64916753769, 0.12295435369, 0.0105267511681, 0.00437701726332, 0.000137253198773, 2.24491802925e-08],
        "dvar2": [0.48706188798, 24.2300014496, 161.707351685, 395.997009277, 1043.60119629, 5530.53027344, 1408.93762207, 482.461791992, 791.256652832, 1222.97875977, 745.677185059, 440.673248291, 845.239685059, 1931.38256836, 5536.43652344, 2674.30932617, 1289.06469727, 2757.7824707, 1766.67285156, 750.257385254, 916.670715332, 409.450408936, 371.205596924, 715.336120605, 371.288360596, 363.558685303, 166.920440674, 100.547554016, 90.1295089722, 25.9631958008, 43.4010810852, 14.4386110306, 7.3537940979, 102.502738953, 6.77486085892, 0.253337413073, 0.0241390261799, 0.0103972442448, 0.000354945397703, 5.74729384084e-08],
        "max": [5.7867436409, 42.2443313599, 115.453559875, 182.319549561, 251.789825439, 861.647094727, 334.900604248, 419.623565674, 406.201690674, 529.922607422, 478.205688477, 524.360656738, 356.731933594, 742.202331543, 944.774353027, 902.593811035, 865.748168945, 1473.58789062, 1087.66442871, 348.025817871, 475.541107178, 320.021972656, 305.090545654, 568.923706055, 260.239349365, 264.191833496, 172.790222168, 164.649002075, 147.514160156, 80.0935287476, 89.8444519043, 47.2929267883, 43.5966835022, 172.712615967, 41.0420799255, 12.8327121735, 3.90656256676, 1.69459497929, 0.368090629578, 0.00460528070107],
        "mean": [0.276575356722, 2.42393136024, 4.60441541672, 5.67499494553, 7.31452703476, 13.5035562515, 10.880408287, 12.9136447906, 16.3995990753, 18.7639961243, 15.5252628326, 11.8251905441, 17.1671695709, 27.0360393524, 34.3811302185, 21.9605083466, 17.6714630127, 21.7913475037, 18.3479175568, 15.1215858459, 15.1025724411, 12.5109996796, 10.9484167099, 12.8032512665, 11.5819444656, 9.89008998871, 7.89359331131, 6.62669992447, 5.1512055397, 3.30663275719, 2.64382481575, 1.74190866947, 1.12944829464, 0.987209558487, 0.3643258214, 0.106541529298, 0.0259004142135, 0.00890593696386, 0.00100345956162, 4.77715620946e-05],
        "median": [0.0645727962255, 0.644166827202, 1.42302370071, 1.75992667675, 1.94410133362, 3.50339984894, 4.60600185394, 6.09950447083, 8.02752399445, 8.69229698181, 7.21092033386, 5.52754497528, 7.97480773926, 10.1992950439, 10.4284229279, 8.42011070251, 8.27949523926, 8.43770503998, 8.17453956604, 7.73202848434, 7.77359294891, 6.61586666107, 5.71983528137, 5.83135080338, 4.96061038971, 3.39398598671, 2.4273109436, 1.78209841251, 1.21837747097, 0.762792408466, 0.4788633883, 0.267737329006, 0.151240080595, 0.0682445019484, 0.0252905953676, 0.00792193040252, 0.00182485068217, 0.000246646406595, 2.09790450754e-05, 2.40944373218e-05],
        "min": [7.79999662227e-23, 6.94627140824e-22, 1.7066117364e-21, 2.77727990928e-21, 2.01792956098e-20, 5.57184595466e-20, 5.07458632942e-20, 1.11298650684e-19, 1.08251388393e-19, 1.53334883739e-19, 3.20905235628e-19, 4.21747754682e-19, 4.87869626019e-19, 5.73974423196e-19, 8.76656663134e-19, 1.05410717045e-18, 1.48362928552e-18, 1.98570847859e-18, 1.91396007303e-18, 3.63903593473e-18, 4.43997961902e-18, 5.2327408327e-18, 5.71157914569e-18, 6.19165740243e-18, 7.40614176216e-18, 8.82333541639e-18, 1.06642084988e-17, 8.89858320954e-18, 1.13433552146e-17, 1.1482319076e-17, 1.22268023068e-17, 1.02442232592e-17, 9.65753713799e-18, 6.02750671859e-18, 5.92669739015e-18, 4.27105568946e-18, 2.24921058504e-18, 9.67379144382e-19, 2.60979102176e-19, 2.64713871109e-20],
        "var": [0.24659229815, 15.2923469543, 86.9122619629, 135.73890686, 302.090423584, 1435.53137207, 448.923461914, 450.509429932, 681.022216797, 933.057250977, 664.413452148, 431.454772949, 797.085998535, 2338.98168945, 4601.35449219, 2173.75854492, 986.367797852, 2101.96679688, 1513.85229492, 486.391052246, 550.676818848, 330.299438477, 240.940750122, 425.683990479, 299.466705322, 261.539398193, 159.018157959, 128.285751343, 85.2627029419, 32.4767494202, 29.287197113, 12.2645874023, 5.73486804962, 31.7080421448, 2.51999497414, 0.210243955255, 0.0156973600388, 0.00430078431964, 0.000113126065116, 2.01884144957e-08]
    },
    "gfcc": {
        "mean": [-63.3389511108, 110.552978516, -125.578369141, 30.2982215881, -55.1447792053, 9.14360237122, -31.7950687408, 6.19109201431, -22.3912220001, 2.47582197189, -9.53523635864, 1.91993057728, -6.0500421524],
        "cov": [[29083.5097656, -1614.20458984, -621.493896484, 2832.04858398, -753.559326172, 1684.69604492, -38.3963356018, 469.978668213, 135.732269287, 327.878143311, -291.94140625, -267.520080566, -434.769897461], [-1614.20458984, 1779.25415039, 160.173980713, -237.759689331, 394.678741455, -256.575683594, 199.568237305, -111.295555115, 67.134475708, -156.725875854, 110.700286865, -35.174331665, 118.01852417], [-621.493896484, 160.173980713, 1451.65527344, 224.696334839, 319.090454102, 373.270782471, 78.402130127, 132.578964233, -51.9600028992, 11.0621042252, -35.131778717, 50.5638656616, -3.10420846939], [2832.04858398, -237.759689331, 224.696334839, 819.635620117, 24.7449970245, 317.738739014, 126.057266235, 75.4979171753, 93.2381362915, 34.4131660461, 7.00082063675, -38.8971366882, -33.8087081909], [-753.559326172, 394.678741455, 319.090454102, 24.7449970245, 324.350311279, 54.9352493286, 126.583381653, 26.4474697113, 35.493434906, -25.4764518738, 24.9026889801, -7.37223911285, 28.4747333527], [1684.69604492, -256.575683594, 373.270782471, 317.738739014, 54.9352493286, 411.755187988, 68.6316986084, 116.532997131, -11.3294477463, 30.4795036316, -54.623664856, 1.77091765404, -45.3558731079], [-38.3963356018, 199.568237305, 78.402130127, 126.057266235, 126.583381653, 68.6316986084, 210.734603882, 45.182346344, 68.8858718872, -29.7834892273, 44.1117286682, -0.588812053204, 23.9104366302], [469.978668213, -111.295555115, 132.578964233, 75.4979171753, 26.4474697113, 116.532997131, 45.182346344, 133.817123413, 21.5179271698, 36.7827720642, -18.5074367523, 18.1641082764, -12.4804115295], [135.732269287, 67.134475708, -51.9600028992, 93.2381362915, 35.493434906, -11.3294477463, 68.8858718872, 21.5179271698, 143.607757568, 36.4471054077, 59.777179718, -24.9802646637, 14.1043987274], [327.878143311, -156.725875854, 11.0621042252, 34.4131660461, -25.4764518738, 30.4795036316, -29.7834892273, 36.7827720642, 36.4471054077, 113.498634338, 27.0188217163, 12.1899366379, -22.0579490662], [-291.94140625, 110.700286865, -35.131778717, 7.00082063675, 24.9026889801, -54.623664856, 44.1117286682, -18.5074367523, 59.777179718, 27.0188217163, 119.119506836, 31.5566082001, 29.9506263733], [-267.520080566, -35.174331665, 50.5638656616, -38.8971366882, -7.37223911285, 1.77091765404, -0.588812053204, 18.1641082764, -24.9802646637, 12.1899366379, 31.5566082001, 91.9117355347, 33.2929344177], [-434.769897461, 118.01852417, -3.10420846939, -33.8087081909, 28.4747333527, -45.3558731079, 23.9104366302, -12.4804115295, 14.1043987274, -22.0579490662, 29.9506263733, 33.2929344177, 79.0835266113]],
        "icov": [[8.78249265952e-05, -0.000113191643322, 0.000145410886034, -0.000258569256403, 0.000183507843758, -0.000345476233633, 0.000213371313293, -0.000183774202014, 6.03107982897e-05, -0.00010569695587, 2.24697923841e-05, 6.34432799416e-05, 0.00011373344023], [-0.000113191643322, 0.00131824065465, -0.000326886918629, 0.000531072670128, -0.00129757355899, 0.00105067691766, -0.000749410013668, 0.00058612646535, -8.57506020111e-05, 0.00104764977004, -0.00070530566154, 0.00066517322557, -0.000691869587172], [0.000145410886034, -0.000326886918629, 0.00152845925186, -0.000565468741115, -0.000935100892093, -0.00153989775572, 0.00111085700337, -0.000795268861111, 0.000596672121901, -0.000178943038918, -6.91727982485e-05, -0.000521138659678, 0.000186916804523], [-0.000258569256403, 0.000531072670128, -0.000565468741115, 0.00294576212764, -6.63942701067e-05, -0.000656023214106, -0.00143512676004, 0.00122700829525, -0.00141073251143, 0.000452716165455, -0.000493607716635, 0.00063670205418, -0.000404934224207], [0.000183507843758, -0.00129757355899, -0.000935100892093, -6.63942701067e-05, 0.00711951497942, -0.00108917534817, -0.0023307884112, -0.000330557988491, -3.17976991937e-05, -0.00117480370682, 0.00027643435169, 0.00147292087786, -0.000702177698258], [-0.000345476233633, 0.00105067691766, -0.00153989775572, -0.000656023214106, -0.00108917534817, 0.00773915601894, -0.00253421952948, -0.00144166324753, 0.00125515111722, -0.000289602496196, 0.00160112814046, -0.00048077935935, 0.000852655561175], [0.000213371313293, -0.000749410013668, 0.00111085700337, -0.00143512676004, -0.0023307884112, -0.00253421952948, 0.0114531042054, -0.00416705291718, -0.0029932546895, 0.0051828250289, -0.00359176960774, -0.000603509426583, 0.000580661173444], [-0.000183774202014, 0.00058612646535, -0.000795268861111, 0.00122700829525, -0.000330557988491, -0.00144166324753, -0.00416705291718, 0.0147692654282, -0.00393610494211, -0.00389004708268, 0.00592737086117, -0.00528046581894, 0.00108635134529], [6.03107982897e-05, -8.57506020111e-05, 0.000596672121901, -0.00141073251143, -3.17976991937e-05, 0.00125515111722, -0.0029932546895, -0.00393610494211, 0.0164349582046, -0.0054069776088, -0.00666080927476, 0.00919198896736, -0.00489136716351], [-0.00010569695587, 0.00104764977004, -0.000178943038918, 0.000452716165455, -0.00117480370682, -0.000289602496196, 0.0051828250289, -0.00389004708268, -0.0054069776088, 0.0171791911125, -0.00548711046576, -0.00259457132779, 0.00504430662841], [2.24697923841e-05, -0.00070530566154, -6.91727982485e-05, -0.000493607716635, 0.00027643435169, 0.00160112814046, -0.00359176960774, 0.00592737086117, -0.00666080927476, -0.00548711046576, 0.0190436113626, -0.00925087928772, 0.000142184915603], [6.34432799416e-05, 0.00066517322557, -0.000521138659678, 0.00063670205418, 0.00147292087786, -0.00048077935935, -0.000603509426583, -0.00528046581894, 0.00919198896736, -0.00259457132779, -0.00925087928772, 0.0227934867144, -0.010304313153], [0.00011373344023, -0.000691869587172, 0.000186916804523, -0.000404934224207, -0.000702177698258, 0.000852655561175, 0.000580661173444, 0.00108635134529, -0.00489136716351, 0.00504430662841, 0.000142184915603, -0.010304313153, 0.0214379895478]]
    },
    "melbands": {
        "dmean": [0.00179805490188, 0.0017772638239, 0.00078859977657, 0.000733832712285, 0.000356336444383, 0.000178036236321, 0.000152612628881, 0.000130468382849, 7.52665437176e-05, 4.22603006882e-05, 5.26864751009e-05, 6.55019539408e-05, 7.61225164752e-05, 4.38698407379e-05, 2.73196237686e-05, 2.31824415096e-05, 2.91819596896e-05, 1.96180899366e-05, 1.43224851854e-05, 1.4361011381e-05, 1.16367154988e-05, 7.91092770669e-06, 7.70372116676e-06, 6.54489394947e-06, 6.44893316348e-06, 4.9128889259e-06, 4.8190418056e-06, 3.74466276298e-06, 2.957856168e-06, 2.50774382948e-06, 1.98407269636e-06, 1.72239003859e-06, 1.25304245557e-06, 8.7502559154e-07, 9.52301661528e-07, 8.72967746091e-07, 5.30068348326e-07, 4.50515187822e-07, 4.25260168413e-07, 8.71805468705e-07],
        "dmean2": [0.00287062535062, 0.00278684217483, 0.00132182543166, 0.00126354023814, 0.00060613360256, 0.000272061879514, 0.00024061089789, 0.000209799778531, 0.000120143995446, 6.6514199716e-05, 8.18258704385e-05, 9.7889562312e-05, 0.000116489827633, 6.86631974531e-05, 4.4197859097e-05, 3.87260843127e-05, 4.84726660943e-05, 3.25578257616e-05, 2.3657519705e-05, 2.35124189203e-05, 1.94761796593e-05, 1.31392789626e-05, 1.28539240905e-05, 1.10084447442e-05, 1.08355034172e-05, 8.02743943495e-06, 8.06902880868e-06, 6.17639807388e-06, 4.75375099995e-06, 4.0015538616e-06, 3.14600993079e-06, 2.83780491372e-06, 2.05978562917e-06, 1.37565598379e-06, 1.49100185354e-06, 1.37485426421e-06, 8.35134244426e-07, 7.23575794837e-07, 6.55212943457e-07, 1.44433886362e-06],
        "dvar": [1.40937318065e-05, 1.37786382766e-05, 4.37792914454e-06, 5.34540231456e-06, 1.06938273348e-06, 1.13515518763e-07, 7.28837932229e-08, 5.67207933955e-08, 1.90834299474e-08, 6.86690571072e-09, 9.52921208608e-09, 1.80476469325e-08, 2.91531598862e-08, 8.7549469896e-09, 3.13052317402e-09, 1.98856953126e-09, 5.00437646878e-09, 1.99772043352e-09, 7.6044742725e-10, 6.44029496399e-10, 5.69887304014e-10, 2.35900965428e-10, 2.63395860678e-10, 1.84335283149e-10, 2.32495842023e-10, 8.25082224765e-11, 9.64978097429e-11, 6.54866855188e-11, 4.21163208475e-11, 2.24558410061e-11, 1.72812718996e-11, 1.56045541072e-11, 6.56155208292e-12, 3.00331265933e-12, 6.82965012669e-12, 5.83979956406e-12, 1.61396427906e-12, 1.51424283269e-12, 2.48650167296e-12, 5.14667614082e-11],
        "dvar2": [3.65880696336e-05, 3.3776370401e-05, 1.18006601042e-05, 1.46678685269e-05, 3.01283284898e-06, 2.52265124345e-07, 1.70241818864e-07, 1.39221768336e-07, 4.45987744513e-08, 1.577267561e-08, 2.14313597979e-08, 3.60306060543e-08, 6.19526900891e-08, 1.94244513807e-08, 7.12138170655e-09, 4.97006658051e-09, 1.28209212136e-08, 4.73390260325e-09, 1.82524262371e-09, 1.5861140179e-09, 1.53136991976e-09, 6.15435924445e-10, 6.8233513284e-10, 4.81434170307e-10, 6.54140297485e-10, 2.09203057655e-10, 2.58679216936e-10, 1.70525329968e-10, 1.06229657015e-10, 5.22039078632e-11, 3.96753151166e-11, 3.78517564514e-11, 1.64642605105e-11, 7.15350738714e-12, 1.72237831636e-11, 1.41792706049e-11, 3.95729065836e-12, 4.04154834599e-12, 6.10561688014e-12, 1.34925196016e-10],
        "max": [0.0463204197586, 0.0509452931583, 0.0261124819517, 0.0390421301126, 0.0173266027123, 0.00948759634048, 0.00637198006734, 0.00602763565257, 0.00359826581553, 0.0028281933628, 0.00179045309778, 0.00327339256182, 0.00289802043699, 0.00185503810644, 0.0016925673699, 0.00107436755206, 0.00338461180218, 0.00169641431421, 0.000600978441071, 0.000403712852858, 0.000680101918988, 0.000394608854549, 0.000614682037849, 0.000530787569005, 0.000561814231332, 0.000176118293894, 0.000134210931719, 0.000181103576324, 0.000159521237947, 8.98612270248e-05, 9.90684566204e-05, 8.87664646143e-05, 5.99094637437e-05, 3.75619529223e-05, 6.06324065302e-05, 5.36617299076e-05, 2.5374814868e-05, 2.94165147352e-05, 4.24779864261e-05, 0.000195820888621],
        "mean": [0.00276478659362, 0.002771015279, 0.0010091883596, 0.000778544635978, 0.000443734927103, 0.000293329736451, 0.000245743460255, 0.000205706761335, 0.000119487049233, 6.89733569743e-05, 8.60198415467e-05, 0.000108363376057, 0.000116171482659, 6.80681623635e-05, 4.33606364822e-05, 3.28314781655e-05, 4.24018107879e-05, 2.84535599349e-05, 2.08024939639e-05, 2.07549364859e-05, 1.72126292455e-05, 1.29581867441e-05, 1.19136911962e-05, 9.9848039099e-06, 1.0336856576e-05, 8.5422398115e-06, 7.24625624571e-06, 6.44852434561e-06, 5.15034435011e-06, 4.34771163782e-06, 3.69607187167e-06, 3.09409551846e-06, 2.24108202929e-06, 1.64825803495e-06, 1.54438305344e-06, 1.36573441978e-06, 9.39530082178e-07, 8.21959019959e-07, 6.78073263316e-07, 9.19069464089e-07],
        "median": [0.00071128946729, 0.000979621428996, 0.000323771091644, 0.000204278330784, 0.000176933041075, 0.000136462898809, 0.000120450706163, 9.42737678997e-05, 5.57175917493e-05, 2.97478109132e-05, 3.8671445509e-05, 3.67294087482e-05, 2.87898401439e-05, 2.36361083807e-05, 1.84099953913e-05, 1.45991070895e-05, 1.45238036566e-05, 1.22618275782e-05, 9.77368472377e-06, 9.85408314591e-06, 8.07282594906e-06, 6.25984603175e-06, 5.67608685742e-06, 4.48466471425e-06, 4.2511983338e-06, 3.52323377228e-06, 2.590481472e-06, 2.03657145903e-06, 1.51726908371e-06, 1.13272676572e-06, 9.60527358984e-07, 6.82534448515e-07, 5.33280285708e-07, 3.57796523076e-07, 2.78550857047e-07, 2.04163924877e-07, 1.37938755529e-07, 1.10741979142e-07, 7.72441808294e-08, 4.87062870036e-08],
        "min": [1.28445714829e-24, 1.28291620712e-24, 7.96442745989e-25, 2.71470486377e-24, 1.95889939984e-24, 2.75730571923e-24, 1.81020759947e-24, 1.69308088492e-24, 2.34732011286e-24, 2.53920283667e-24, 2.24495416914e-24, 2.15138106629e-24, 1.92532409921e-24, 3.12020934577e-24, 3.10662654149e-24, 2.16203423838e-24, 3.37760617889e-24, 3.05794080743e-24, 3.80069515932e-24, 3.33423736733e-24, 4.72843542134e-24, 4.62759296524e-24, 4.24620159453e-24, 4.86182509509e-24, 4.38558069471e-24, 4.98749655375e-24, 5.16954080156e-24, 5.25496654898e-24, 5.35679074248e-24, 5.98754617292e-24, 3.79745846303e-24, 5.34110424338e-24, 6.5928754331e-24, 5.7811785824e-24, 6.62603007366e-24, 5.94822264009e-24, 5.7062044531e-24, 5.83970338409e-24, 5.68157463792e-24, 4.45377180351e-24],
        "var": [2.05380456464e-05, 2.19756511797e-05, 4.13256566389e-06, 4.24182326242e-06, 8.62489514475e-07, 2.37323646957e-07, 1.51758200673e-07, 1.15576632709e-07, 3.89170189408e-08, 1.46690988245e-08, 2.02971985885e-08, 4.32242366344e-08, 6.06316206131e-08, 1.63275011289e-08, 6.38748831605e-09, 3.07933167853e-09, 9.66306412664e-09, 3.71011465994e-09, 1.18052156939e-09, 1.01263453178e-09, 8.1532103291e-10, 3.99870581091e-10, 4.40249364742e-10, 2.82240758542e-10, 3.44273914932e-10, 1.72203515336e-10, 1.36691491459e-10, 1.19976389934e-10, 7.66514490769e-11, 5.24367146926e-11, 4.35945897437e-11, 3.30499343171e-11, 1.55649122063e-11, 8.31052414385e-12, 1.04058367825e-11, 8.73236725984e-12, 3.62619396316e-12, 3.07829413002e-12, 3.22298980039e-12, 3.98953960146e-11]
    },
    "mfcc": {
        "mean": [-690.509338379, 129.315261841, -6.74255943298, 23.3924827576, -0.933570384979, 4.80484056473, 1.21354401112, 2.34640693665, -1.8173186779, -0.868036389351, -1.68270611763, 0.915387928486, 1.60828745365],
        "cov": [[18219.3691406, -820.59576416, 267.288879395, 835.348632812, 303.37097168, 849.18347168, 253.517868042, 336.661499023, 312.641693115, 436.975830078, 236.083557129, 236.81640625, 154.53175354], [-820.59576416, 1712.70837402, -59.9987754822, 91.8519592285, 86.3941574097, -19.9627513885, 50.9449806213, 42.0637130737, 0.849390983582, -36.4217567444, 19.3067550659, 4.15564489365, -17.8720264435], [267.288879395, -59.9987754822, 1035.27429199, 153.525802612, 282.02645874, 265.95715332, 209.154647827, 167.904815674, 97.6971511841, 18.0028781891, 7.13829517365, 13.1810541153, -7.08195018768], [835.348632812, 91.8519592285, 153.525802612, 365.052886963, 127.138725281, 116.605575562, 84.0405273438, 71.5872344971, 62.662322998, 54.8525085449, 40.480052948, 57.0442504883, 30.8337955475], [303.37097168, 86.3941574097, 282.02645874, 127.138725281, 220.304031372, 142.450531006, 100.985900879, 74.5823135376, 58.970790863, 36.6936569214, 21.7116298676, 21.1812610626, 9.75198745728], [849.18347168, -19.9627513885, 265.95715332, 116.605575562, 142.450531006, 232.181625366, 120.911132812, 95.8617172241, 67.397819519, 50.6116256714, 23.2450218201, 26.4851074219, 5.77722215652], [253.517868042, 50.9449806213, 209.154647827, 84.0405273438, 100.985900879, 120.911132812, 174.663803101, 117.396018982, 58.3046875, 19.1496601105, 16.8288574219, 20.3306121826, 8.68441104889], [336.661499023, 42.0637130737, 167.904815674, 71.5872344971, 74.5823135376, 95.8617172241, 117.396018982, 157.77633667, 81.022277832, 22.7022361755, 11.210436821, 12.2517910004, 9.43664264679], [312.641693115, 0.849390983582, 97.6971511841, 62.662322998, 58.970790863, 67.397819519, 58.3046875, 81.022277832, 105.045051575, 54.8308906555, 19.6446552277, 10.3535871506, 7.26089906693], [436.975830078, -36.4217567444, 18.0028781891, 54.8525085449, 36.6936569214, 50.6116256714, 19.1496601105, 22.7022361755, 54.8308906555, 94.9991836548, 48.1177406311, 19.7700977325, 11.6000804901], [236.083557129, 19.3067550659, 7.13829517365, 40.480052948, 21.7116298676, 23.2450218201, 16.8288574219, 11.210436821, 19.6446552277, 48.1177406311, 85.0006027222, 46.6722450256, 18.8858337402], [236.81640625, 4.15564489365, 13.1810541153, 57.0442504883, 21.1812610626, 26.4851074219, 20.3306121826, 12.2517910004, 10.3535871506, 19.7700977325, 46.6722450256, 83.330947876, 47.2992591858], [154.53175354, -17.8720264435, -7.08195018768, 30.8337955475, 9.75198745728, 5.77722215652, 8.68441104889, 9.43664264679, 7.26089906693, 11.6000804901, 18.8858337402, 47.2992591858, 79.5489349365]],
