{
"lowlevel": {
    "average_loudness": 0.973670423031,
    "barkbands_crest": {
        "dmean": 3.41478800774,
        "dmean2": 5.12621593475,
        "dvar": 12.2266397476,
        "dvar2": 24.7746582031,
        "max": 26.48985672,
        "mean": 14.292388916,
        "median": 13.7663202286,
        "min": 2.33268880844,
        "var": 31.553812027
    },
    "barkbands_flatness_db": {
        "dmean": 0.0428258478642,
        "dmean2": 0.060864072293,
        "dvar": 0.00252083386295,
        "dvar2": 0.00485086627305,
        "max": 0.547920286655,
        "mean": 0.14692120254,
        "median": 0.127707868814,
        "min": 0.0141555359587,
        "var": 0.00724871642888
    },
    "barkbands_kurtosis": {
        "dmean": 19.9168071747,
        "dmean2": 27.2224788666,
        "dvar": 3750.90844727,
        "dvar2": 6341.05761719,
        "max": 1005.25720215,
        "mean": 25.0672092438,
        "median": 4.66899442673,
        "min": -1.86472427845,
        "var": 6622.91357422
    },
    "barkbands_skewness": {
        "dmean": 1.34300518036,
        "dmean2": 1.94139707088,
        "dvar": 4.47244405746,
        "dvar2": 7.71785593033,
        "max": 26.4148521423,
        "mean": 3.20676517487,
        "median": 2.29473137856,
        "min": -2.0191192627,
        "var": 10.5141944885
    },
    "barkbands_spread": {
        "dmean": 8.14445495605,
        "dmean2": 12.6350345612,
        "dvar": 86.0743789673,
        "dvar2": 192.857330322,
        "max": 99.2903442383,
        "mean": 22.547000885,
        "median": 21.1579818726,
        "min": 0.124706506729,
        "var": 204.957687378
    },
    "dissonance": {
        "dmean": 0.0164711233228,
        "dmean2": 0.027637956664,
        "dvar": 0.000282743596472,
        "dvar2": 0.00072708184598,
        "max": 0.499981492758,
        "mean": 0.471597403288,
        "median": 0.476563900709,
        "min": 0.203061759472,
        "var": 0.00045814900659
    },
    "dynamic_complexity": 2.05595016479,
    "erbbands_crest": {
        "dmean": 2.78215026855,
        "dmean2": 4.37613391876,
        "dvar": 7.80046272278,
        "dvar2": 17.1665172577,
        "max": 25.850315094,
        "mean": 7.9234213829,
        "median": 6.80510663986,
        "min": 2.18530893326,
        "var": 16.083984375
    },
    "erbbands_flatness_db": {
        "dmean": 0.0168806053698,
        "dmean2": 0.0254072397947,
        "dvar": 0.000296472397167,
        "dvar2": 0.000651395996101,
        "max": 0.304096877575,
        "mean": 0.116481199861,
        "median": 0.110088825226,
        "min": 0.0265076253563,
        "var": 0.00112668040674
    },
    "erbbands_kurtosis": {
        "dmean": 0.785261452198,
        "dmean2": 1.23317563534,
        "dvar": 1.5658839941,
        "dvar2": 3.73369121552,
        "max": 17.8164997101,
        "mean": -0.0649119764566,
        "median": -0.47115445137,
        "min": -1.88719844818,
        "var": 2.38897132874
    },
    "erbbands_skewness": {
        "dmean": 0.352018713951,
        "dmean2": 0.531997144222,
        "dvar": 0.144937723875,
        "dvar2": 0.320739120245,
        "max": 3.66233205795,
        "mean": 0.0444774925709,
        "median": 0.0313668362796,
        "min": -3.12886118889,
        "var": 0.35440737009
    },
    "erbbands_spread": {
        "dmean": 13.3431539536,
        "dmean2": 19.4440765381,
        "dvar": 186.365249634,
        "dvar2": 409.815185547,
        "max": 174.894226074,
        "mean": 54.6614761353,
        "median": 52.0478439331,
        "min": 6.10938596725,
        "var": 489.269256592
    },
    "hfc": {
        "dmean": 10.6717710495,
        "dmean2": 16.1818981171,
        "dvar": 177.415924072,
        "dvar2": 414.362945557,
        "max": 110.225311279,
        "mean": 26.9783229828,
        "median": 22.9480438232,
        "min": 1.13342537463e-16,
        "var": 383.407897949
    },
    "melbands_crest": {
        "dmean": 4.74886846542,
        "dmean2": 7.62130069733,
        "dvar": 26.0116519928,
        "dvar2": 55.6178512573,
        "max": 39.1808013916,
        "mean": 20.9582691193,
        "median": 20.106924057,
        "min": 1.69955408573,
        "var": 51.0356903076
    },
    "melbands_flatness_db": {
        "dmean": 0.0495332852006,
        "dmean2": 0.0715091824532,
        "dvar": 0.00321851624176,
        "dvar2": 0.00623611407354,
        "max": 0.65810328722,
        "mean": 0.233448296785,
        "median": 0.216609030962,
        "min": 0.0044409185648,
        "var": 0.00926422420889
    },
    "melbands_kurtosis": {
        "dmean": 45.7848625183,
        "dmean2": 67.6226043701,
        "dvar": 16993.4257812,
        "dvar2": 37700.1992188,
        "max": 2145.17553711,
        "mean": 63.9758033752,
        "median": 22.3795967102,
        "min": -1.32968473434,
        "var": 22019.9257812
    },
    "melbands_skewness": {
        "dmean": 2.00671100616,
        "dmean2": 2.94103765488,
        "dvar": 8.84136962891,
        "dvar2": 19.1725521088,
        "max": 38.996925354,
        "mean": 5.43456363678,
        "median": 4.32717657089,
        "min": -0.073812328279,
        "var": 16.1870002747
    },
    "melbands_spread": {
        "dmean": 8.23730373383,
        "dmean2": 13.3822755814,
        "dvar": 115.498413086,
        "dvar2": 273.726989746,
        "max": 161.83605957,
        "mean": 16.472196579,
        "median": 13.5872106552,
        "min": 0.2050344944,
        "var": 197.11605835
    },
    "pitch_salience": {
        "dmean": 0.117053166032,
        "dmean2": 0.182288825512,
        "dvar": 0.0169820282608,
        "dvar2": 0.0365224964917,
        "max": 0.952222943306,
        "mean": 0.387420356274,
        "median": 0.382736206055,
        "min": 0.0197045151144,
        "var": 0.0339767932892
    },
    "silence_rate_20dB": {
        "dmean": 0,
        "dmean2": 0,
        "dvar": 0,
        "dvar2": 0,
        "max": 1,
        "mean": 1,
        "median": 1,
        "min": 1,
        "var": 0
    },
    "silence_rate_30dB": {
        "dmean": 0.00869145337492,
        "dmean2": 0.017387105152,
        "dvar": 0.0086162853986,
        "dvar2": 0.0219146758318,
        "max": 1,
        "mean": 0.992758870125,
        "median": 1,
        "min": 0,
        "var": 0.0071884454228
    },
    "silence_rate_60dB": {
        "dmean": 0.00289715104736,
        "dmean2": 0.0057957014069,
        "dvar": 0.00288889743388,
        "dvar2": 0.00769410794601,
        "max": 1,
        "mean": 0.00772387161851,
        "median": 0,
        "min": 0,
        "var": 0.0076643936336
    },
    "spectral_centroid": {
        "dmean": 377.529388428,
        "dmean2": 569.943969727,
        "dvar": 141718.90625,
        "dvar2": 308849.65625,
        "max": 11143.3730469,
        "mean": 1413.83679199,
        "median": 1346.85668945,
        "min": 105.612716675,
        "var": 542186
    },
    "spectral_complexity": {
        "dmean": 7.08594894409,
        "dmean2": 10.5979232788,
        "dvar": 53.6094741821,
        "dvar2": 102.625846863,
        "max": 54,
        "mean": 21.4520874023,
        "median": 21,
        "min": 0,
        "var": 151.612075806
    },
    "spectral_decrease": {
        "dmean": 3.54261686653e-09,
        "dmean2": 5.03189090395e-09,
        "dvar": 1.27572815054e-17,
        "dvar2": 2.74326707743e-17,
        "max": 1.13929565492e-28,
        "mean": -1.22738912367e-08,
        "median": -1.17908118824e-08,
        "min": -3.74806781167e-08,
        "var": 3.74336979703e-17
    },
    "spectral_energy": {
        "dmean": 0.0139199728146,
        "dmean2": 0.0197198558599,
        "dvar": 0.000195062559214,
        "dvar2": 0.000424879806815,
        "max": 0.146374493837,
        "mean": 0.048771597445,
        "median": 0.0470583662391,
        "min": 1.04924993035e-20,
        "var": 0.000574940408114
    },
    "spectral_energyband_high": {
        "dmean": 0.000738821690902,
        "dmean2": 0.00114955124445,
        "dvar": 1.00676606962e-06,
        "dvar2": 2.27875557357e-06,
        "max": 0.00859193317592,
        "mean": 0.00158522382844,
        "median": 0.00095955847064,
        "min": 7.54950781412e-21,
        "var": 2.44232182922e-06
    },
    "spectral_energyband_low": {
        "dmean": 0.0119215166196,
        "dmean2": 0.0171079561114,
        "dvar": 0.000181698196684,
        "dvar2": 0.000373948103515,
        "max": 0.125419318676,
        "mean": 0.0307627171278,
        "median": 0.0280972402543,
        "min": 4.10498381736e-23,
        "var": 0.000478050293168
    },
    "spectral_energyband_middle_high": {
        "dmean": 0.00283544440754,
        "dmean2": 0.00445276778191,
        "dvar": 1.20414242701e-05,
        "dvar2": 2.85018923023e-05,
        "max": 0.0323268212378,
        "mean": 0.00559660699219,
        "median": 0.00486558210105,
        "min": 1.33471832041e-21,
        "var": 2.22938069783e-05
    },
    "spectral_energyband_middle_low": {
        "dmean": 0.00760946562514,
        "dmean2": 0.0118730412796,
        "dvar": 0.00012173558207,
        "dvar2": 0.000268822128419,
        "max": 0.0971913486719,
        "mean": 0.0139808934182,
        "median": 0.0092241819948,
        "min": 2.6561396014e-22,
        "var": 0.000223087525228
    },
    "spectral_entropy": {
        "dmean": 0.226764693856,
        "dmean2": 0.339800775051,
        "dvar": 0.0503743290901,
        "dvar2": 0.118058644235,
        "max": 9.82503223419,
        "mean": 7.78831720352,
        "median": 7.85802078247,
        "min": 5.70547771454,
        "var": 0.152553126216
    },
    "spectral_flux": {
        "dmean": 0.0442164167762,
        "dmean2": 0.0649959221482,
        "dvar": 0.00155632628594,
        "dvar2": 0.00301804742776,
        "max": 0.30929017067,
        "mean": 0.118585638702,
        "median": 0.103533960879,
        "min": 6.66940253025e-11,
        "var": 0.00407707970589
    },
    "spectral_kurtosis": {
        "dmean": 1.15272736549,
        "dmean2": 1.87059402466,
        "dvar": 4.22537136078,
        "dvar2": 10.6209278107,
        "max": 49.4027175903,
        "mean": 3.22983169556,
        "median": 2.71159791946,
        "min": -1.23074364662,
        "var": 6.17198419571
    },
    "spectral_rms": {
        "dmean": 0.00103971245699,
        "dmean2": 0.00147883023601,
        "dvar": 1.12588418233e-06,
        "dvar2": 2.48680066761e-06,
        "max": 0.0119500793517,
        "mean": 0.0066488655284,
        "median": 0.00677573634312,
        "min": 3.19946629954e-12,
        "var": 3.37449500876e-06
    },
    "spectral_rolloff": {
        "dmean": 585.253662109,
        "dmean2": 988.207519531,
        "dvar": 772693.1875,
        "dvar2": 1670756.25,
        "max": 19336.8164062,
        "mean": 937.253356934,
        "median": 602.9296875,
        "min": 21.533203125,
        "var": 1506991.75
    },
    "spectral_skewness": {
        "dmean": 0.197867125273,
        "dmean2": 0.310862869024,
        "dvar": 0.054281193763,
        "dvar2": 0.12598015368,
        "max": 5.08660411835,
        "mean": 1.37482559681,
        "median": 1.33197462559,
        "min": -0.0152659704909,
        "var": 0.121270388365
    },
    "spectral_spread": {
        "dmean": 631736.6875,
        "dmean2": 919711.125,
        "dvar": 585471492096,
        "dvar2": 1.10145896448e+12,
        "max": 41311576,
        "mean": 5568341,
        "median": 5650350.5,
        "min": 1402233.875,
        "var": 2.87787476582e+12
    },
    "spectral_strongpeak": {
        "dmean": 0.280267089605,
        "dmean2": 0.446879029274,
        "dvar": 0.147776350379,
        "dvar2": 0.401221215725,
        "max": 4.70300197601,
        "mean": 0.672039210796,
        "median": 0.620294749737,
        "min": 0,
        "var": 0.212969586253
    },
    "zerocrossingrate": {
        "dmean": 0.0135858189315,
        "dmean2": 0.0165988504887,
        "dvar": 0.000216723783524,
        "dvar2": 0.000284982175799,
        "max": 0.611328125,
        "mean": 0.0495771057904,
        "median": 0.044921875,
        "min": 0.001953125,
        "var": 0.00121877156198
    },
    "barkbands": {
        "dmean": [0.000891591073014, 0.00794061087072, 0.00781943742186, 0.00482414290309, 0.00333387777209, 0.000507277960423, 0.000336146942573, 0.000663547369186, 0.000530183373485, 0.000719571136869, 0.000751587154809, 0.000550457043573, 0.000381624791771, 0.000392712187022, 0.000316310644848, 0.000273849145742, 0.000262421846855, 0.000227654381888, 0.000231990939938, 0.000189754733583, 0.000175051318365, 0.000162943833857, 0.000133702953462, 0.000128125189804, 9.64701830526e-05, 7.97009415692e-05, 1.50116875375e-05],
        "dmean2": [0.00135620741639, 0.0101784747094, 0.0122245559469, 0.00846174638718, 0.00555481668562, 0.000779689289629, 0.000528563512489, 0.00103705574293, 0.000910273578484, 0.00112281437032, 0.00119411561172, 0.000877457263414, 0.000646936008707, 0.000655756681226, 0.000530211545993, 0.000466157798655, 0.000434647372458, 0.00037910710671, 0.000376110256184, 0.000310275558149, 0.00028224955895, 0.000262616347754, 0.000218354907702, 0.000202746668947, 0.000147981554619, 0.000129672887851, 2.42766054726e-05],
        "dvar": [1.67539667473e-06, 9.55596988206e-05, 0.000146140286233, 8.72316377354e-05, 3.65497580788e-05, 6.36812728771e-07, 2.35203089005e-07, 1.01102239114e-06, 9.78977027444e-07, 1.14830140774e-06, 1.70109944975e-06, 8.79211825122e-07, 4.82282359826e-07, 3.54112643208e-07, 1.75142758962e-07, 1.5833207101e-07, 1.25380182681e-07, 9.88480053365e-08, 8.83067770019e-08, 7.10310175123e-08, 5.44342206865e-08, 5.27651131677e-08, 3.5839672563e-08, 3.20004076571e-08, 2.06705070838e-08, 3.17254027493e-08, 8.38174085693e-10],
        "dvar2": [4.35055426351e-06, 0.000156348920427, 0.000327596644638, 0.000234030696447, 8.91575473361e-05, 1.40452243613e-06, 5.10757558914e-07, 2.36683126786e-06, 2.48574724537e-06, 2.61099580712e-06, 4.07464222008e-06, 2.0348641101e-06, 1.33637547606e-06, 9.30588726078e-07, 4.48109403806e-07, 3.98726854201e-07, 3.29366514507e-07, 2.44870335564e-07, 2.14244749941e-07, 1.69531674032e-07, 1.25178289068e-07, 1.28105298813e-07, 8.51828474424e-08, 7.51757340822e-08, 4.44589076665e-08, 7.99152104491e-08, 2.12559503332e-09],
        "max": [0.011793365702, 0.0713337883353, 0.0949387773871, 0.0713091790676, 0.0744130909443, 0.00959331169724, 0.00694932648912, 0.011192496866, 0.0115742813796, 0.0110132843256, 0.0154509674758, 0.0106143709272, 0.0116853872314, 0.0071413256228, 0.00466078752652, 0.00590429548174, 0.00564766908064, 0.00338831590489, 0.00282947137021, 0.00244049541652, 0.00227536354214, 0.00274390657432, 0.00221074162982, 0.00228903442621, 0.00159031827934, 0.00230838335119, 0.000370992784156],
        "mean": [0.0012854046654, 0.0154697215185, 0.0112161431462, 0.00561016006395, 0.00485881604254, 0.000749326893128, 0.000499514630064, 0.000917315657716, 0.00060639239382, 0.00106108153705, 0.00103502464481, 0.000767324643675, 0.000461210875073, 0.000523271562997, 0.000448162725661, 0.000354971649358, 0.000388092332287, 0.000380432175007, 0.000383523671189, 0.000328130379785, 0.000344748434145, 0.00031141040381, 0.000239927088842, 0.000244916998781, 0.000162573356647, 0.000104467471829, 1.94318618014e-05],
        "median": [0.000459341157693, 0.00947590358555, 0.00484309811145, 0.00177487777546, 0.00143500138074, 0.000301051972201, 0.000256969709881, 0.000458983529825, 0.000221947557293, 0.000507767952513, 0.000412600871641, 0.000339667371009, 0.000241012108745, 0.000307306618197, 0.000298487721011, 0.000246964162216, 0.000295132340398, 0.000223948751227, 0.000220964589971, 0.000195040614926, 0.000201507165912, 0.000189085418242, 0.000139697847771, 0.00013692813809, 8.08342592791e-05, 4.96581305924e-05, 6.86325483912e-06],
        "min": [4.22942962283e-24, 2.3085692536e-23, 9.80649399587e-24, 3.83851354555e-24, 1.32448120933e-23, 1.13867669825e-23, 2.40611442889e-23, 1.99048696821e-23, 5.78535378651e-23, 3.80523087287e-23, 1.88362850108e-23, 5.88047715881e-23, 7.03356461031e-23, 6.51504759948e-23, 7.60141761323e-23, 1.35451999131e-22, 1.36029091904e-22, 1.23471234086e-22, 1.3253092924e-22, 3.08936913633e-22, 3.11806120653e-22, 2.98984669697e-22, 5.12991778557e-22, 7.21879722879e-22, 1.0132687854e-21, 1.51335742487e-21, 2.02558437438e-21],
        "var": [3.21729203279e-06, 0.000259686086792, 0.000209501522477, 8.26767791295e-05, 6.88670697855e-05, 1.10006851628e-06, 4.18737130303e-07, 1.49762922774e-06, 1.2204061477e-06, 2.10258554034e-06, 2.61678496827e-06, 1.34029289711e-06, 5.49183596377e-07, 4.51505883348e-07, 2.38060820834e-07, 1.75274337266e-07, 1.56754836667e-07, 1.66707948779e-07, 1.60316034226e-07, 1.21026488387e-07, 1.33713982109e-07, 1.07310718533e-07, 6.6424163947e-08, 7.94674477334e-08, 3.99027157982e-08, 3.21648627732e-08, 1.04244790577e-09]
    },
    "erbbands": {
        "dmean": [0.235423564911, 2.08707332611, 7.33465909958, 13.812210083, 15.3885469437, 9.40785884857, 4.75881052017, 4.54783630371, 5.97695350647, 10.2653608322, 11.3093595505, 12.592040062, 26.0126895905, 12.507724762, 35.2041358948, 25.5509395599, 18.2906455994, 20.3576450348, 14.793431282, 16.5651836395, 13.9614620209, 12.9097270966, 12.4967803955, 12.5158443451, 11.2537975311, 8.55115890503, 7.7667798996, 6.44216299057, 5.78390073776, 5.26963567734, 3.53791642189, 2.9451406002, 1.96481204033, 1.15263342857, 0.662449300289, 0.352282911539, 0.146302416921, 0.0342869907618, 0.0023467191495, 4.82281830045e-05],
        "dmean2": [0.291295051575, 2.50896000862, 10.7514705658, 22.9287948608, 25.7941379547, 16.3932495117, 8.03702545166, 6.87584161758, 8.82494735718, 15.5760221481, 18.4477653503, 21.1177616119, 40.7956695557, 20.510225296, 55.4989929199, 39.922252655, 30.7693252563, 33.8310813904, 24.8606414795, 27.4411907196, 23.6228637695, 21.4656715393, 20.7723388672, 20.4510288239, 18.2857780457, 13.8064031601, 12.4918117523, 10.5029964447, 9.32845497131, 8.69172954559, 5.76036691666, 4.70432329178, 3.11450028419, 1.78196382523, 1.02439427376, 0.563207983971, 0.241460606456, 0.0560002960265, 0.00381034589373, 7.42909469409e-05],
        "dvar": [0.098309725523, 6.09490156174, 102.892181396, 584.612487793, 817.938232422, 332.643066406, 79.7435531616, 56.1651306152, 84.5389862061, 205.341140747, 433.717193604, 548.894775391, 1668.6751709, 371.5234375, 3962.48217773, 1918.97583008, 1107.28210449, 908.469421387, 423.028686523, 469.942993164, 338.398834229, 307.264343262, 315.137939453, 297.248291016, 224.013717651, 128.966781616, 107.411117554, 80.3661804199, 65.6032485962, 57.1735572815, 24.2608985901, 17.7283916473, 7.99435186386, 2.88336586952, 1.09647607803, 0.441065251827, 0.148539051414, 0.00674431584775, 2.1039872081e-05, 6.47754649918e-09],
        "dvar2": [0.173219442368, 9.84521865845, 220.541397095, 1463.73657227, 2057.21728516, 897.942443848, 208.883956909, 118.567070007, 170.040435791, 413.727752686, 1143.80493164, 1337.19226074, 3743.79125977, 905.616149902, 9439.75292969, 4342.88623047, 3052.04516602, 2362.88232422, 1143.04394531, 1163.35876465, 851.540466309, 805.200073242, 784.365478516, 689.07232666, 541.119628906, 303.900695801, 245.525146484, 193.172790527, 158.429519653, 139.028030396, 58.0099487305, 43.505317688, 18.422416687, 6.27704668045, 2.36398768425, 1.05322527885, 0.391856193542, 0.017674151808, 5.40154287592e-05, 1.65883982106e-08],
        "max": [2.75879836082, 19.9757785797, 74.5211868286, 181.063217163, 314.110870361, 149.934265137, 100.544502258, 103.94190979, 110.261856079, 179.326416016, 273.709564209, 319.32019043, 465.385925293, 274.056518555, 884.805664062, 514.491943359, 550.432800293, 372.238433838, 285.160430908, 253.786834717, 206.525894165, 307.912506104, 206.070587158, 166.696060181, 172.865936279, 112.508430481, 118.216201782, 109.673995972, 108.790397644, 86.6270751953, 46.8010406494, 59.002040863, 29.9240093231, 16.2216110229, 13.2442493439, 7.76120519638, 6.86479139328, 1.12997353077, 0.0586592443287, 0.000988716958091],
        "mean": [0.390779674053, 3.69278454781, 11.3073568344, 18.4707202911, 21.8137321472, 11.1426925659, 5.76136922836, 6.73714399338, 9.021733284, 15.0069618225, 14.586807251, 16.0371799469, 37.0608673096, 18.6378002167, 49.3874168396, 38.186958313, 23.4097995758, 28.3117446899, 20.7845783234, 24.4305362701, 19.6659564972, 19.5924320221, 21.1172046661, 20.5343780518, 19.257818222, 15.6744966507, 14.5167217255, 12.4259395599, 11.383067131, 9.42096042633, 6.4521946907, 5.55964565277, 3.5870256424, 2.00741291046, 1.04356729984, 0.50058144331, 0.177656516433, 0.0436641424894, 0.00290459929965, 0.000106146180769],
        "median": [0.147158578038, 2.1604321003, 6.78684139252, 6.94159889221, 5.44758653641, 3.74325299263, 2.33164525032, 2.74525141716, 3.71184182167, 7.70593309402, 7.56694030762, 6.90388536453, 15.7510576248, 10.691988945, 21.3221435547, 18.8063526154, 13.6347293854, 17.1046104431, 15.3347158432, 17.3857040405, 14.4370632172, 15.8305988312, 12.9838886261, 11.0896205902, 11.2060918808, 9.49315452576, 8.71166038513, 7.04662179947, 6.7172794342, 5.48128557205, 3.83908057213, 3.07458496094, 1.95884978771, 1.00748836994, 0.534900069237, 0.237474888563, 0.0843922570348, 0.020353846252, 0.00095109117683, 8.13215665403e-05],
        "min": [5.5452938205e-22, 3.5028417067e-21, 8.61207543312e-21, 1.50866612334e-20, 1.80719964538e-20, 4.87371262625e-20, 5.50083766895e-20, 1.02996872186e-19, 1.96761672028e-19, 4.43935530446e-19, 9.82835944706e-19, 1.48873826317e-18, 9.42916518537e-19, 1.28315017335e-18, 2.23847584864e-18, 2.7679510568e-18, 3.63094569475e-18, 3.82043540229e-18, 3.55505725022e-18, 6.48449009262e-18, 6.44468616154e-18, 8.95320690847e-18, 5.93542373203e-18, 4.46874730637e-18, 9.00004022039e-18, 1.50051853519e-17, 1.45050521012e-17, 1.14661030272e-17, 1.01188036532e-17, 1.66085492379e-17, 1.23560831919e-17, 1.38462589916e-17, 1.31581745893e-17, 1.01717928433e-17, 8.72298351884e-18, 5.09627133447e-18, 3.01979942919e-18, 1.06161497188e-18, 2.63781073103e-19, 2.68492180116e-20],
        "var": [0.244033887982, 15.5774478912, 165.302719116, 682.655151367, 1468.34802246, 328.030181885, 84.0045394897, 100.495742798, 163.524795532, 408.234649658, 458.084075928, 782.460021973, 2943.44335938, 688.486633301, 5928.93847656, 3095.08642578, 1253.85900879, 1225.27709961, 472.846069336, 724.905090332, 401.087371826, 369.903747559, 521.315246582, 550.696289062, 416.694458008, 249.959991455, 221.615264893, 182.008636475, 145.133255005, 99.6324386597, 47.9207496643, 43.9206771851, 16.9609718323, 5.8019990921, 1.86911010742, 0.547060012817, 0.127806827426, 0.00643745763227, 2.46373365371e-05, 8.85154083363e-09]
    },
    "gfcc": {
        "mean": [29.9556980133, 64.1343002319, -98.9079971313, 41.7976303101, -41.1394767761, 30.0595664978, -23.710849762, 13.4322576523, -23.0140342712, 2.95427083969, -18.910905838, 0.132617741823, -16.4757328033],
        "cov": [[8493.86621094, -596.70123291, -404.026275635, -331.868743896, -885.752319336, -261.372375488, -676.405517578, -200.653808594, -685.774963379, -188.196990967, -517.096923828, 8.76710987091, -383.530059814], [-596.70123291, 1099.09399414, -128.906280518, -80.5263214111, 171.012298584, -117.996757507, 5.6183180809, -114.323730469, 128.400695801, -68.410118103, 58.2937316895, -81.8612518311, 81.8274917603], [-404.026275635, -128.906280518, 388.508544922, 133.660324097, 48.041934967, 26.83826828, 2.65906596184, 7.76067495346, -10.2156906128, 16.8900222778, 4.77204608917, -3.79360532761, -13.1610641479], [-331.868743896, -80.5263214111, 133.660324097, 396.814483643, 109.340499878, 67.2539749146, 20.1874504089, 5.82339668274, 26.0613231659, -20.5270195007, 18.3960113525, -54.0704154968, -3.29849839211], [-885.752319336, 171.012298584, 48.041934967, 109.340499878, 334.232849121, 129.012374878, 180.365707397, 86.505607605, 168.921768188, 55.4875030518, 104.513671875, 7.01751804352, 56.1993141174], [-261.372375488, -117.996757507, 26.83826828, 67.2539749146, 129.012374878, 197.425338745, 162.923370361, 128.271240234, 106.410552979, 77.3916015625, 73.999671936, 48.9449653625, 39.2704086304], [-676.405517578, 5.6183180809, 2.65906596184, 20.1874504089, 180.365707397, 162.923370361, 278.494720459, 179.153427124, 181.398406982, 93.4124832153, 124.938407898, 58.3589744568, 70.3200912476], [-200.653808594, -114.323730469, 7.76067495346, 5.82339668274, 86.505607605, 128.271240234, 179.153427124, 197.768188477, 146.392486572, 101.58190155, 82.6861724854, 70.5523757935, 46.4360618591], [-685.774963379, 128.400695801, -10.2156906128, 26.0613231659, 168.921768188, 106.410552979, 181.398406982, 146.392486572, 246.666809082, 117.679077148, 128.213195801, 46.2648735046, 78.1407623291], [-188.196990967, -68.410118103, 16.8900222778, -20.5270195007, 55.4875030518, 77.3916015625, 93.4124832153, 101.58190155, 117.679077148, 138.15423584, 96.8000183105, 71.6565170288, 38.6577835083], [-517.096923828, 58.2937316895, 4.77204608917, 18.3960113525, 104.513671875, 73.999671936, 124.938407898, 82.6861724854, 128.213195801, 96.8000183105, 147.491363525, 62.8510131836, 63.7183265686], [8.76710987091, -81.8612518311, -3.79360532761, -54.0704154968, 7.01751804352, 48.9449653625, 58.3589744568, 70.5523757935, 46.2648735046, 71.6565170288, 62.8510131836, 103.771598816, 46.8449745178], [-383.530059814, 81.8274917603, -13.1610641479, -3.29849839211, 56.1993141174, 39.2704086304, 70.3200912476, 46.4360618591, 78.1407623291, 38.6577835083, 63.7183265686, 46.8449745178, 92.2221984863]],
        "icov": [[0.000277581450064, -0.000240937399212, 0.000301787687931, -0.000147533311974, 0.000333746545948, -0.000358539575245, 0.000512264727149, -0.000698463991284, 0.000592748692725, -0.000391679437598, 0.000641588878352, -0.000739511218853, 0.000910642556846], [-0.000240937399212, 0.00235603796318, -2.44059083343e-05, 0.00103427830618, -0.00126310111955, 0.00145951192826, -0.000220152345719, 0.00230755284429, -0.00279345340095, 0.00236578867771, -0.00189670198597, 0.00217960285954, -0.00232623098418], [0.000301787687931, -2.44059083343e-05, 0.00348700932227, -0.0012324800482, -0.000410312903114, 0.000202935145353, 0.000440271483967, -0.000768057594541, 0.00157217751257, -0.00182345777284, 0.00112719915342, -0.000969838525634, 0.00109098723624], [-0.000147533311974, 0.00103427830618, -0.0012324800482, 0.00450113182887, -0.00128134875558, -0.00164343509823, 0.00206842343323, -0.000215457635932, -0.0012978509767, 0.00302385119721, -0.0033179782331, 0.0041616060771, -0.00152351276483], [0.000333746545948, -0.00126310111955, -0.000410312903114, -0.00128134875558, 0.00782686192542, -0.00328263430856, -0.00247775018215, 0.00185830739792, -0.0023116832599, 0.000350228743628, 0.000255370134255, -0.000851383374538, 0.00205405754969], [-0.000358539575245, 0.00145951192826, 0.000202935145353, -0.00164343509823, -0.00328263430856, 0.0144906993955, -0.00605544541031, -0.00110613426659, 0.000970883120317, -0.00284791411832, 0.00128616695292, -0.000410418666434, -0.00212071160786], [0.000512264727149, -0.000220152345719, 0.000440271483967, 0.00206842343323, -0.00247775018215, -0.00605544541031, 0.0184068959206, -0.0117433415726, -0.000453869753983, 0.0054131723009, -0.00666524190456, 0.00196645082906, 0.000150422740262], [-0.000698463991284, 0.00230755284429, -0.000768057594541, -0.000215457635932, 0.00185830739792, -0.00110613426659, -0.0117433415726, 0.0249448847026, -0.0105919586495, -0.0017747413367, 0.00442453054711, -0.00485878996551, -0.000207232107641], [0.000592748692725, -0.00279345340095, 0.00157217751257, -0.0012978509767, -0.0023116832599, 0.000970883120317, -0.000453869753983, -0.0105919586495, 0.0211110077798, -0.0115691162646, -0.000598511949647, 0.00466527417302, -0.00319793284871], [-0.000391679437598, 0.00236578867771, -0.00182345777284, 0.00302385119721, 0.000350228743628, -0.00284791411832, 0.0054131723009, -0.0017747413367, -0.0115691162646, 0.0281502027065, -0.0126497587189, -0.0052057816647, 0.00327212782577], [0.000641588878352, -0.00189670198597, 0.00112719915342, -0.0033179782331, 0.000255370134255, 0.00128616695292, -0.00666524190456, 0.00442453054711, -0.000598511949647, -0.0126497587189, 0.025532471016, -0.00933901965618, -0.00054299167823], [-0.000739511218853, 0.00217960285954, -0.000969838525634, 0.0041616060771, -0.000851383374538, -0.000410418666434, 0.00196645082906, -0.00485878996551, 0.00466527417302, -0.0052057816647, -0.00933901965618, 0.0292900167406, -0.0135545916855], [0.000910642556846, -0.00232623098418, 0.00109098723624, -0.00152351276483, 0.00205405754969, -0.00212071160786, 0.000150422740262, -0.000207232107641, -0.00319793284871, 0.00327212782577, -0.00054299167823, -0.0135545916855, 0.0250350814313]]
    },
    "melbands": {
        "dmean": [0.00197082175873, 0.00308139808476, 0.00230285828002, 0.000849858857691, 0.000221060268814, 0.000105996899947, 8.42684312374e-05, 0.000125552105601, 8.82288004505e-05, 8.22079746285e-05, 0.000129576088511, 4.78189213027e-05, 0.000106930674519, 7.85604424891e-05, 4.90795755468e-05, 3.28582354996e-05, 4.31709231634e-05, 2.41458255914e-05, 2.21446553041e-05, 2.33732935158e-05, 1.60700437846e-05, 1.37205406645e-05, 1.38139685077e-05, 1.15214979814e-05, 1.06353245428e-05, 7.79658694228e-06, 8.32118712424e-06, 5.49672404304e-06, 5.29106091562e-06, 4.26066389991e-06, 4.06720300816e-06, 3.32708532369e-06, 3.56422901859e-06, 2.94027472592e-06, 2.16272633224e-06, 1.93172172658e-06, 1.80873780664e-06, 1.51806625581e-06, 1.18861350984e-06, 9.56885628511e-07],
        "dmean2": [0.0026015941985, 0.00399571564049, 0.00367424753495, 0.00141965667717, 0.00037601578515, 0.000159246395924, 0.000125179518363, 0.000191301063751, 0.000144309335155, 0.000139030569699, 0.000203642935958, 7.95448213466e-05, 0.000170302620973, 0.000122841156553, 7.96433450887e-05, 5.58021201869e-05, 7.13597182767e-05, 4.08163432439e-05, 3.71373425878e-05, 3.90110726585e-05, 2.71665267064e-05, 2.28682820307e-05, 2.31592784985e-05, 1.90812024812e-05, 1.74748456629e-05, 1.26258519231e-05, 1.38469977173e-05, 8.79527578945e-06, 8.54982681631e-06, 6.95808876117e-06, 6.58393310005e-06, 5.42404677617e-06, 5.76820639253e-06, 4.88226260131e-06, 3.54101666744e-06, 3.12959900839e-06, 2.92489835374e-06, 2.42061446443e-06, 1.88998092199e-06, 1.48449726112e-06],
        "dvar": [6.53746428725e-06, 1.28605079226e-05, 1.35167429107e-05, 2.45930391429e-06, 1.78262865802e-07, 2.81746057595e-08, 1.64838755978e-08, 3.13610470926e-08, 2.68059618946e-08, 2.3995507803e-08, 4.1387824723e-08, 6.53084875069e-09, 3.46914070803e-08, 1.51565444639e-08, 6.14372996921e-09, 2.9466411533e-09, 4.3872483424e-09, 1.19487142403e-09, 8.28237478601e-10, 1.10891840155e-09, 4.3246123349e-10, 3.40913908214e-10, 4.89198681564e-10, 2.84673423723e-10, 2.27808605313e-10, 1.04487411778e-10, 1.45035788934e-10, 5.10205766524e-11, 5.08555975109e-11, 3.34214253495e-11, 3.55721563317e-11, 2.62936096507e-11, 2.35681196781e-11, 1.81715510694e-11, 9.80213826773e-12, 6.93105902533e-12, 7.06331000633e-12, 4.77346374234e-12, 2.99543918315e-12, 2.05190031632e-12],
        "dvar2": [9.50548565015e-06, 2.41322031798e-05, 3.24553257087e-05, 6.10020697422e-06, 4.7064176556e-07, 5.86680108938e-08, 3.30835412399e-08, 6.38611297177e-08, 7.11007785981e-08, 5.99023977088e-08, 9.32887473937e-08, 1.5744335613e-08, 8.31231830034e-08, 3.51597613246e-08, 1.58753401536e-08, 8.07727751351e-09, 1.14066862622e-08, 3.25991877936e-09, 2.10182471427e-09, 2.71635913762e-09, 1.10977371737e-09, 8.87228901458e-10, 1.28905564001e-09, 6.75494216118e-10, 5.3697818414e-10, 2.56157484113e-10, 3.6025332717e-10, 1.18169404817e-10, 1.18114795722e-10, 7.83924591907e-11, 9.00554908423e-11, 6.53821441432e-11, 5.77079772857e-11, 4.4745152028e-11, 2.43494148455e-11, 1.65622134063e-11, 1.76911089944e-11, 1.11082133075e-11, 7.06780944534e-12, 4.47458866834e-12],
        "max": [0.0216284841299, 0.0287355091423, 0.0282973628491, 0.0180768463761, 0.00478884391487, 0.00213283207268, 0.00160277960822, 0.00218742829747, 0.00235282396898, 0.00216320483014, 0.00226914323866, 0.00121327687521, 0.00224644341506, 0.00132179120556, 0.00116397778038, 0.00065947411349, 0.000855207443237, 0.000462961092126, 0.000282633118331, 0.000525536714122, 0.000212523489608, 0.000335292890668, 0.000305758410832, 0.000204099778784, 0.000154145920533, 0.00013305284665, 0.000105153747427, 6.56296033412e-05, 8.70604635566e-05, 4.75985798403e-05, 7.81092167017e-05, 7.48526290408e-05, 5.36780280527e-05, 5.02757102367e-05, 3.35018557962e-05, 3.25754117512e-05, 3.72266949853e-05, 2.38931897911e-05, 1.88169342437e-05, 1.56791884365e-05],
        "mean": [0.00401231599972, 0.00582379009575, 0.00340131367557, 0.0012036957778, 0.000252072815783, 0.000157111440785, 0.000128368177684, 0.00017987130559, 0.000110855646199, 0.00010127096175, 0.000182346702786, 6.51129739708e-05, 0.000147020400618, 0.000116251583677, 6.75890769344e-05, 3.96408358938e-05, 5.74083314859e-05, 3.19857063005e-05, 3.16911427944e-05, 3.17321610055e-05, 2.16135758819e-05, 1.98627240025e-05, 2.02441260626e-05, 1.95766060642e-05, 1.61341449711e-05, 1.31740953293e-05, 1.32794093588e-05, 9.67917185335e-06, 9.24533105717e-06, 7.52742062105e-06, 7.49674745748e-06, 6.32090814179e-06, 6.34811749478e-06, 4.8545766731e-06, 3.70410134565e-06, 3.40308884006e-06, 3.31020169142e-06, 2.67714699476e-06, 1.94420294974e-06, 1.62611377164e-06],
        "median": [0.00211204588413, 0.00412377575412, 0.00169816846028, 0.000305521010887, 8.96415731404e-05, 6.23920714133e-05, 5.45157563465e-05, 9.08834845177e-05, 5.52773744857e-05, 4.26976330345e-05, 7.65004078858e-05, 2.9506669307e-05, 5.86633505009e-05, 6.2466111558e-05, 3.89453234675e-05, 2.08876372199e-05, 3.11247931677e-05, 2.27299515245e-05, 2.17173419514e-05, 2.22763792408e-05, 1.49704201249e-05, 1.56913865794e-05, 1.39797675729e-05, 9.99696840154e-06, 7.99495592219e-06, 7.94668812887e-06, 7.06464425093e-06, 6.05933473707e-06, 5.34400624019e-06, 4.30397358286e-06, 3.86751344195e-06, 3.52870574716e-06, 3.75476838599e-06, 2.70969417215e-06, 2.2085839646e-06, 1.9604847239e-06, 1.70443479419e-06, 1.42085639254e-06, 9.74935460363e-07, 7.99387635197e-07],
        "min": [8.70258176663e-24, 4.46034143713e-24, 3.26158367239e-24, 2.22987469851e-24, 2.97420164462e-24, 2.52934227257e-24, 3.89217856964e-24, 4.85609086517e-24, 9.84410293953e-24, 9.39247218268e-24, 3.3245888096e-24, 4.87848780956e-24, 4.18330650342e-24, 5.84626236809e-24, 7.19492737065e-24, 5.1414841746e-24, 6.42190797569e-24, 5.59653385461e-24, 7.63768896434e-24, 9.35599919873e-24, 6.60154619774e-24, 9.00259109091e-24, 5.85919810921e-24, 5.45555967769e-24, 3.05335417291e-24, 5.07529835022e-24, 7.23036458023e-24, 9.56832505567e-24, 1.02603730063e-23, 7.06726206605e-24, 6.31201412957e-24, 4.97593382503e-24, 6.7531131989e-24, 1.01403209983e-23, 6.05323304278e-24, 8.19040041328e-24, 8.74621602988e-24, 9.75552411506e-24, 7.13142091233e-24, 9.02802238877e-24],
        "var": [1.88099675142e-05, 2.99546682072e-05, 1.80536371772e-05, 4.33129434896e-06, 1.80375863579e-07, 5.22569649775e-08, 3.22540714137e-08, 6.02302492325e-08, 2.81145560166e-08, 3.15847188403e-08, 7.26132469708e-08, 1.20393561787e-08, 5.32784376617e-08, 2.41171829174e-08, 8.48042258639e-09, 3.20354009986e-09, 5.9378884032e-09, 1.25449983734e-09, 1.14532072715e-09, 1.38784650439e-09, 5.13145359538e-10, 4.02983590941e-10, 5.48425804769e-10, 5.6993632036e-10, 3.94064808562e-10, 1.93243282487e-10, 2.28191160412e-10, 1.00202478259e-10, 9.5947964851e-11, 6.60055482493e-11, 7.86754481008e-11, 5.01276103959e-11, 4.63330450395e-11, 2.91258406282e-11, 1.72494882961e-11, 1.50780568586e-11, 1.66195147921e-11, 9.63494475176e-12, 5.81180763237e-12, 3.96981275977e-12]
    },
    "mfcc": {
        "mean": [-618.096374512, 97.0196304321, 7.7541270256, 25.6886844635, 12.4782247543, 19.5743751526, 12.5511655807, 13.887591362, 6.91347789764, 6.01622867584, 2.81943321228, 2.81388521194, 0.861162900925],
        "cov": [[6510.24511719, -447.704040527, 9.586561203, -347.927246094, -415.915740967, -375.233703613, -324.582977295, -292.686981201, -349.495239258, -384.857086182, -333.295623779, -305.873535156, -238.541992188], [-447.704040527, 1033.88415527, -180.820053101, -40.8287162781, 46.8937339783, -3.43083953857, -78.7070541382, -32.8948745728, 19.4967727661, -4.61678028107, -8.04410839081, 16.0895023346, 21.0777645111], [9.586561203, -180.820053101, 323.759857178, 97.1896057129, 30.9226303101, 4.94528245926, 4.14406633377, -27.0151748657, -31.0943412781, -15.4684438705, -17.8775348663, -20.6649799347, -13.7704563141], [-347.927246094, -40.8287162781, 97.1896057129, 250.936096191, 125.227539062, 62.8041763306, 27.1559257507, 15.9218034744, 9.69348907471, 18.5939388275, 16.9764556885, 4.51083374023, -0.660231053829], [-415.915740967, 46.8937339783, 30.9226303101, 125.227539062, 180.927383423, 97.255607605, 42.9152526855, 39.3695755005, 46.3168754578, 44.3000679016, 40.4933853149, 33.8265457153, 28.6333904266], [-375.233703613, -3.43083953857, 4.94528245926, 62.8041763306, 97.255607605, 126.957176208, 73.7965774536, 58.4696350098, 53.2012252808, 53.2448577881, 49.5019645691, 41.8523826599, 31.9686107635], [-324.582977295, -78.7070541382, 4.14406633377, 27.1559257507, 42.9152526855, 73.7965774536, 142.682037354, 97.3150024414, 61.4504890442, 63.0119018555, 63.8919067383, 46.3174514771, 35.4524879456], [-292.686981201, -32.8948745728, -27.0151748657, 15.9218034744, 39.3695755005, 58.4696350098, 97.3150024414, 147.003173828, 106.838394165, 84.8354721069, 75.7010726929, 62.1161727905, 43.5271263123], [-349.495239258, 19.4967727661, -31.0943412781, 9.69348907471, 46.3168754578, 53.2012252808, 61.4504890442, 106.838394165, 134.993453979, 102.623077393, 77.8926620483, 65.8970947266, 43.5558128357], [-384.857086182, -4.61678028107, -15.4684438705, 18.5939388275, 44.3000679016, 53.2448577881, 63.0119018555, 84.8354721069, 102.623077393, 132.267166138, 98.0933074951, 76.2673339844, 49.9545860291], [-333.295623779, -8.04410839081, -17.8775348663, 16.9764556885, 40.4933853149, 49.5019645691, 63.8919067383, 75.7010726929, 77.8926620483, 98.0933074951, 118.253250122, 86.6211700439, 62.4945869446], [-305.873535156, 16.0895023346, -20.6649799347, 4.51083374023, 33.8265457153, 41.8523826599, 46.3174514771, 62.1161727905, 65.8970947266, 76.2673339844, 86.6211700439, 111.987663269, 77.4233627319], [-238.541992188, 21.0777645111, -13.7704563141, -0.660231053829, 28.6333904266, 31.9686107635, 35.4524879456, 43.5271263123, 43.5558128357, 49.9545860291, 62.4945869446, 77.4233627319, 99.7962341309]],
