{
"lowlevel": {
    "average_loudness": 0.763442397118,
    "barkbands_crest": {
        "dmean": 2.79951167107,
        "dmean2": 4.6045217514,
        "dvar": 6.90603542328,
        "dvar2": 17.3288059235,
        "max": 26.6491222382,
        "mean": 11.3995847702,
        "median": 10.0901422501,
        "min": 2.42319774628,
        "var": 28.0745849609
    },
    "barkbands_flatness_db": {
        "dmean": 0.0308739040047,
        "dmean2": 0.0461140535772,
        "dvar": 0.00103605922777,
        "dvar2": 0.00211908644997,
        "max": 0.608064651489,
        "mean": 0.157855570316,
        "median": 0.130786940455,
        "min": 0.0238808784634,
        "var": 0.00934894848615
    },
    "barkbands_kurtosis": {
        "dmean": 12.7369937897,
        "dmean2": 19.2347717285,
        "dvar": 2023.19189453,
        "dvar2": 4238.67724609,
        "max": 1824.94396973,
        "mean": 23.1306552887,
        "median": 5.22126579285,
        "min": -1.89556932449,
        "var": 5483.46972656
    },
    "barkbands_skewness": {
        "dmean": 0.929501354694,
        "dmean2": 1.40770423412,
        "dvar": 1.67705392838,
        "dvar2": 3.35035419464,
        "max": 35.1247253418,
        "mean": 3.02754259109,
        "median": 2.22582125664,
        "min": -2.68250012398,
        "var": 8.23415660858
    },
    "barkbands_spread": {
        "dmean": 8.74204349518,
        "dmean2": 14.1381721497,
        "dvar": 130.99357605,
        "dvar2": 322.175445557,
        "max": 124.353088379,
        "mean": 22.2781162262,
        "median": 17.7970409393,
        "min": 0.064981341362,
        "var": 324.097381592
    },
    "dissonance": {
        "dmean": 0.0170364715159,
        "dmean2": 0.0282474644482,
        "dvar": 0.000268526666332,
        "dvar2": 0.000705720973201,
        "max": 0.499899417162,
        "mean": 0.463645577431,
        "median": 0.46975851059,
        "min": 0.273183226585,
        "var": 0.000685987237375
    },
    "dynamic_complexity": 5.30141067505,
    "erbbands_crest": {
        "dmean": 2.3574924469,
        "dmean2": 3.77923130989,
        "dvar": 5.07004833221,
        "dvar2": 11.6858463287,
        "max": 27.0136833191,
        "mean": 7.95525836945,
        "median": 6.84886026382,
        "min": 2.33362698555,
        "var": 16.5132465363
    },
    "erbbands_flatness_db": {
        "dmean": 0.0173464417458,
        "dmean2": 0.0246213376522,
        "dvar": 0.000352115166606,
        "dvar2": 0.000650654430501,
        "max": 0.345352113247,
        "mean": 0.122003600001,
        "median": 0.111214987934,
        "min": 0.0380742922425,
        "var": 0.00212670909241
    },
    "erbbands_kurtosis": {
        "dmean": 0.992019116879,
        "dmean2": 1.55310046673,
        "dvar": 3.67167830467,
        "dvar2": 8.35684967041,
        "max": 47.9950828552,
        "mean": 0.371856093407,
        "median": -0.539870977402,
        "min": -1.93567872047,
        "var": 10.6679058075
    },
    "erbbands_skewness": {
        "dmean": 0.408722549677,
        "dmean2": 0.630168020725,
        "dvar": 0.159956231713,
        "dvar2": 0.367498725653,
        "max": 5.78171348572,
        "mean": 0.484032928944,
        "median": 0.41333797574,
        "min": -4.74308776855,
        "var": 0.8228302598
    },
    "erbbands_spread": {
        "dmean": 12.5878219604,
        "dmean2": 19.0174388885,
        "dvar": 187.03302002,
        "dvar2": 396.038970947,
        "max": 236.911636353,
        "mean": 58.3328742981,
        "median": 55.0653877258,
        "min": 2.04871153831,
        "var": 755.636108398
    },
    "hfc": {
        "dmean": 7.60005426407,
        "dmean2": 11.3493766785,
        "dvar": 229.191955566,
        "dvar2": 552.399414062,
        "max": 154.409255981,
        "mean": 14.4590644836,
        "median": 6.33953046799,
        "min": 1.14429108681e-16,
        "var": 410.243133545
    },
    "melbands_crest": {
        "dmean": 3.35540795326,
        "dmean2": 5.50422286987,
        "dvar": 9.05592155457,
        "dvar2": 22.7433567047,
        "max": 33.1035690308,
        "mean": 15.9884672165,
        "median": 14.8764533997,
        "min": 1.97135365009,
        "var": 35.722240448
    },
    "melbands_flatness_db": {
        "dmean": 0.0375238023698,
        "dmean2": 0.0569415986538,
        "dvar": 0.0014812174486,
        "dvar2": 0.00317024625838,
        "max": 0.756039917469,
        "mean": 0.243297874928,
        "median": 0.212082281709,
        "min": 0.00597325665876,
        "var": 0.0139126889408
    },
    "melbands_kurtosis": {
        "dmean": 23.1264762878,
        "dmean2": 34.6701889038,
        "dvar": 2532.47290039,
        "dvar2": 5087.48242188,
        "max": 1336.2487793,
        "mean": 50.9094161987,
        "median": 19.730670929,
        "min": -1.73954558372,
        "var": 9262.95703125
    },
    "melbands_skewness": {
        "dmean": 1.16836464405,
        "dmean2": 1.77267825603,
        "dvar": 1.91720974445,
        "dvar2": 3.96225500107,
        "max": 25.4058856964,
        "mean": 4.59791088104,
        "median": 3.70999646187,
        "min": -0.617049396038,
        "var": 9.41965579987
    },
    "melbands_spread": {
        "dmean": 7.38654661179,
        "dmean2": 12.0631713867,
        "dvar": 149.975631714,
        "dvar2": 379.489593506,
        "max": 240.741149902,
        "mean": 16.2025985718,
        "median": 12.385351181,
        "min": 0.226930260658,
        "var": 286.674499512
    },
    "pitch_salience": {
        "dmean": 0.0851408615708,
        "dmean2": 0.137447461486,
        "dvar": 0.00612324150279,
        "dvar2": 0.0149754155427,
        "max": 0.959922194481,
        "mean": 0.507865250111,
        "median": 0.53764885664,
        "min": 0.0407282449305,
        "var": 0.0252637788653
    },
    "silence_rate_20dB": {
        "dmean": 0,
        "dmean2": 0,
        "dvar": 0,
        "dvar2": 0,
        "max": 1,
        "mean": 1,
        "median": 1,
        "min": 1,
        "var": 0
    },
    "silence_rate_30dB": {
        "dmean": 0.0103677622974,
        "dmean2": 0.0207375530154,
        "dvar": 0.010259767063,
        "dvar2": 0.0275441575795,
        "max": 1,
        "mean": 0.993251860142,
        "median": 1,
        "min": 0,
        "var": 0.00670280493796
    },
    "silence_rate_60dB": {
        "dmean": 0.0594679191709,
        "dmean2": 0.118947468698,
        "dvar": 0.0559348873794,
        "dvar2": 0.116348922253,
        "max": 1,
        "mean": 0.151589244604,
        "median": 0,
        "min": 0,
        "var": 0.128597214818
    },
    "spectral_centroid": {
        "dmean": 328.623840332,
        "dmean2": 524.257263184,
        "dvar": 153215.9375,
        "dvar2": 365988.8125,
        "max": 11305.8330078,
        "mean": 1153.70947266,
        "median": 1016.96612549,
        "min": 82.5464706421,
        "var": 525630.75
    },
    "spectral_complexity": {
        "dmean": 3.95735526085,
        "dmean2": 5.8022108078,
        "dvar": 36.832118988,
        "dvar2": 71.1836700439,
        "max": 57,
        "mean": 12.8658189774,
        "median": 9,
        "min": 0,
        "var": 137.117874146
    },
    "spectral_decrease": {
        "dmean": 2.67210142901e-09,
        "dmean2": 4.13022460677e-09,
        "dvar": 1.89297470769e-17,
        "dvar2": 4.48936858817e-17,
        "max": 7.08629793374e-29,
        "mean": -5.7724784952e-09,
        "median": -3.34978067507e-09,
        "min": -5.47294369824e-08,
        "var": 4.07152855877e-17
    },
    "spectral_energy": {
        "dmean": 0.0105737708509,
        "dmean2": 0.01625870727,
        "dvar": 0.000294053606922,
        "dvar2": 0.000689200474881,
        "max": 0.213981732726,
        "mean": 0.0230981558561,
        "median": 0.0135991089046,
        "min": 1.03751721347e-20,
        "var": 0.00064581236802
    },
    "spectral_energyband_high": {
        "dmean": 0.00065325043397,
        "dmean2": 0.00102766533382,
        "dvar": 2.00978774956e-06,
        "dvar2": 5.14078965352e-06,
        "max": 0.0159335657954,
        "mean": 0.000941901642364,
        "median": 0.000237527943682,
        "min": 7.25105636391e-21,
        "var": 2.90764273814e-06
    },
    "spectral_energyband_low": {
        "dmean": 0.00693838577718,
        "dmean2": 0.0109297083691,
        "dvar": 0.000142665216117,
        "dvar2": 0.000353748444468,
        "max": 0.184226632118,
        "mean": 0.0120773995295,
        "median": 0.00618269247934,
        "min": 5.46242000655e-23,
        "var": 0.000242199399509
    },
    "spectral_energyband_middle_high": {
        "dmean": 0.000926683133002,
        "dmean2": 0.00139404123183,
        "dvar": 3.2667492178e-06,
        "dvar2": 7.37437449061e-06,
        "max": 0.0250203181058,
        "mean": 0.00194657547399,
        "median": 0.000834716076497,
        "min": 1.36052187226e-21,
        "var": 7.70446240494e-06
    },
    "spectral_energyband_middle_low": {
        "dmean": 0.00528901955113,
        "dmean2": 0.00847958866507,
        "dvar": 0.000107255844341,
        "dvar2": 0.000274498597719,
        "max": 0.16704455018,
        "mean": 0.00949838943779,
        "median": 0.00379241956398,
        "min": 2.31115419302e-22,
        "var": 0.000178283953574
    },
    "spectral_entropy": {
        "dmean": 0.220342412591,
        "dmean2": 0.334278345108,
        "dvar": 0.0623083561659,
        "dvar2": 0.130592823029,
        "max": 9.80832195282,
        "mean": 7.58682394028,
        "median": 7.73509120941,
        "min": 4.61274385452,
        "var": 0.406241357327
    },
    "spectral_flux": {
        "dmean": 0.0281155724078,
        "dmean2": 0.0447255931795,
        "dvar": 0.00131123198662,
        "dvar2": 0.00280632986687,
        "max": 0.377640992403,
        "mean": 0.0738539174199,
        "median": 0.0582044869661,
        "min": 6.46221062772e-11,
        "var": 0.00328925065696
    },
    "spectral_kurtosis": {
        "dmean": 1.70020568371,
        "dmean2": 2.66862607002,
        "dvar": 16.1424427032,
        "dvar2": 36.1565513611,
        "max": 106.595329285,
        "mean": 4.49505901337,
        "median": 2.73222637177,
        "min": -1.24026536942,
        "var": 55.5421638489
    },
    "spectral_rms": {
        "dmean": 0.000966950028669,
        "dmean2": 0.00142933451571,
        "dvar": 1.44568662108e-06,
        "dvar2": 3.07007144329e-06,
        "max": 0.0144486213103,
        "mean": 0.00408498989418,
        "median": 0.0036424472928,
        "min": 3.18152774091e-12,
        "var": 5.84762392464e-06
    },
    "spectral_rolloff": {
        "dmean": 766.475769043,
        "dmean2": 1339.22290039,
        "dvar": 2301221.75,
        "dvar2": 5755156,
        "max": 19401.4160156,
        "mean": 1192.30761719,
        "median": 516.796875,
        "min": 64.599609375,
        "var": 3409669.75
    },
    "spectral_skewness": {
        "dmean": 0.242480278015,
        "dmean2": 0.372126638889,
        "dvar": 0.107420742512,
        "dvar2": 0.231453001499,
        "max": 8.23483562469,
        "mean": 1.54314744473,
        "median": 1.37705862522,
        "min": -0.0490022152662,
        "var": 0.59075152874
    },
    "spectral_spread": {
        "dmean": 707121.25,
        "dmean2": 1021696.5625,
        "dvar": 951618633728,
        "dvar2": 1.7249739735e+12,
        "max": 41135580,
        "mean": 5721958.5,
        "median": 5554290,
        "min": 908112.5,
        "var": 4.09918242816e+12
    },
    "spectral_strongpeak": {
        "dmean": 0.243853002787,
        "dmean2": 0.41431120038,
        "dvar": 0.160763815045,
        "dvar2": 0.423157811165,
        "max": 6.8958940506,
        "mean": 0.403677791357,
        "median": 0.263184458017,
        "min": 0,
        "var": 0.207071632147
    },
    "zerocrossingrate": {
        "dmean": 0.0139869367704,
        "dmean2": 0.0167662966996,
        "dvar": 0.000278422870906,
        "dvar2": 0.000351613824023,
        "max": 0.66455078125,
        "mean": 0.0590867586434,
        "median": 0.05126953125,
        "min": 0.00244140625,
        "var": 0.00190828565974
    },
    "barkbands": {
        "dmean": [0.000120963755762, 0.00450554862618, 0.00285972142592, 0.0019622775726, 0.00283473450691, 0.00107721262611, 0.000566181144677, 0.000555270118639, 0.000215668886085, 0.00019158302166, 0.00013192804181, 9.30105379666e-05, 0.000134710862767, 0.000123158009956, 0.000126660364913, 0.000120775846881, 0.00017240724992, 0.000110161010525, 0.000144990350236, 0.000138465198688, 0.000140352800372, 0.000144952602568, 0.00011015671771, 9.07367648324e-05, 6.88523505232e-05, 7.48037273297e-05, 2.0163552108e-05],
        "dmean2": [0.00020106213924, 0.00715496065095, 0.0047274697572, 0.00335733965039, 0.0047751381062, 0.00173658819403, 0.000891529314686, 0.000845117960125, 0.000343918567523, 0.000291083211778, 0.00020991092606, 0.000153422326548, 0.000222259826842, 0.000204640469747, 0.000209038102184, 0.000203146570129, 0.000268775795121, 0.000175736582605, 0.00022980904032, 0.000217559747398, 0.000230413090321, 0.000238992390223, 0.00018500398437, 0.000151312779053, 0.000112424764666, 0.000119047836051, 3.28718379023e-05],
        "dvar": [4.58983109297e-08, 7.37285299692e-05, 3.41472368746e-05, 2.23125389311e-05, 4.41928241344e-05, 5.54938333153e-06, 1.75545176262e-06, 2.10099642572e-06, 2.82654298189e-07, 2.07587945056e-07, 9.6241372205e-08, 4.23386410375e-08, 1.25011027308e-07, 7.97798165308e-08, 8.58468709453e-08, 7.0357941695e-08, 1.51383190428e-07, 5.84109436375e-08, 9.67866640167e-08, 9.80672894002e-08, 1.06631524943e-07, 1.27532558736e-07, 8.59286828359e-08, 5.92711586478e-08, 4.40040288652e-08, 4.04055846559e-08, 4.55620519091e-09],
        "dvar2": [1.26960657099e-07, 0.000189283702639, 9.17219585972e-05, 6.01291758358e-05, 0.000117461429909, 1.47106220538e-05, 4.29651163358e-06, 4.48422679256e-06, 6.82162180965e-07, 4.49814876902e-07, 2.27971554523e-07, 1.08924737674e-07, 3.44392788065e-07, 2.08701848692e-07, 2.14405801557e-07, 1.85004239484e-07, 3.77125417117e-07, 1.43301335243e-07, 2.40481682567e-07, 2.33456603382e-07, 2.81924258161e-07, 3.4550882333e-07, 2.36831837697e-07, 1.65106698091e-07, 1.2297665819e-07, 1.03742166857e-07, 1.12359490601e-08],
        "max": [0.00297657144256, 0.175743281841, 0.101764991879, 0.0826871469617, 0.100781269372, 0.03747080639, 0.031064581126, 0.0288241896778, 0.0144636454061, 0.0117577547207, 0.0118232434615, 0.0037744527217, 0.00960429571569, 0.00582032417879, 0.00455166911706, 0.00353975407779, 0.00717628654093, 0.00486107496545, 0.00414870772511, 0.00502035813406, 0.0048433188349, 0.00651249336079, 0.00446891365573, 0.0040817768313, 0.00334629835561, 0.0024144356139, 0.0013147542486],
        "mean": [0.000143378652865, 0.00681028049439, 0.00384745886549, 0.00214397860691, 0.00334480195306, 0.00172834098339, 0.000895713106729, 0.000908602203708, 0.000321760773659, 0.000298833154375, 0.000204038777156, 0.000133383146022, 0.000187845522305, 0.000167631384102, 0.000172992135049, 0.000152938169776, 0.000230919977184, 0.0001620753319, 0.000215192179894, 0.000195417378563, 0.000196049702936, 0.000181187468115, 0.000140131232911, 0.000128089712234, 8.59859137563e-05, 8.09181947261e-05, 2.01546936296e-05],
        "median": [3.44095788023e-05, 0.00266171083786, 0.00155313056894, 0.000505316013005, 0.000922489794903, 0.000526698364411, 0.000214412575588, 0.000137546143378, 8.24886010378e-05, 7.129253936e-05, 5.69383846596e-05, 3.75035015168e-05, 4.77813737234e-05, 4.18596173404e-05, 4.50388906756e-05, 4.30327490903e-05, 6.43198873149e-05, 5.90926902078e-05, 7.30764950276e-05, 4.72713654744e-05, 4.29706888099e-05, 3.723104237e-05, 3.42278799508e-05, 3.00545270875e-05, 2.24485720537e-05, 1.22277651826e-05, 4.5556026862e-07],
        "min": [5.5560033646e-24, 7.80467740734e-24, 1.27932539117e-23, 6.4464072344e-24, 1.51777248372e-23, 7.59261502994e-24, 1.62503973858e-23, 2.54963757318e-23, 5.55497484775e-23, 3.79567682067e-23, 5.74325007119e-23, 5.61625987375e-23, 6.60560378269e-23, 3.67454849085e-23, 7.20061695104e-23, 1.09878819901e-22, 1.32508197424e-22, 1.46965960468e-22, 1.54300423133e-22, 2.48320134857e-22, 3.68258774079e-22, 3.98461594945e-22, 4.04982331809e-22, 5.9875451474e-22, 1.05113178644e-21, 1.36966841785e-21, 2.3106991528e-21],
        "var": [5.7993712943e-08, 0.000115808099508, 3.86616775359e-05, 1.96763485292e-05, 4.28877356171e-05, 9.61313435255e-06, 3.42125986208e-06, 4.74804846817e-06, 5.01107081163e-07, 4.59125772068e-07, 1.84546806281e-07, 6.93043986644e-08, 1.85629374982e-07, 1.13767072207e-07, 1.2278778172e-07, 7.93994772152e-08, 1.91772429048e-07, 8.13972675928e-08, 1.40527475878e-07, 1.40377139246e-07, 1.53898000121e-07, 1.39968491908e-07, 8.27376496204e-08, 8.58741771026e-08, 3.90766743408e-08, 3.89287606595e-08, 4.93454255235e-09]
    },
    "erbbands": {
        "dmean": [0.119822137058, 1.07650756836, 2.88619923592, 5.32114934921, 8.59072399139, 9.79708576202, 7.4985742569, 9.28945064545, 9.44539165497, 12.4314079285, 6.87094640732, 5.36866474152, 6.13575935364, 3.89849948883, 5.5320763588, 4.31461906433, 6.49362802505, 6.15273094177, 5.71311616898, 7.1240196228, 6.75625371933, 8.69341850281, 6.28417110443, 7.01680803299, 6.88754034042, 6.858481884, 5.97027778625, 5.67277431488, 5.19305276871, 3.63525438309, 3.42032122612, 2.48031640053, 1.24100208282, 0.733185648918, 0.470515996218, 0.327500164509, 0.13690584898, 0.0387971289456, 0.00284493179061, 5.34272985533e-05],
        "dmean2": [0.192494630814, 1.71042954922, 4.73361825943, 8.93830966949, 14.5020284653, 16.6559314728, 12.3134212494, 15.0671739578, 14.2978363037, 19.5772209167, 10.4925317764, 8.55338668823, 9.37239170074, 5.9329829216, 8.7814207077, 7.09043502808, 10.6409769058, 10.1554336548, 9.25060653687, 11.8632659912, 11.1324081421, 13.3836488724, 9.85245895386, 11.1035871506, 11.0070343018, 10.8466396332, 9.77065944672, 9.19550514221, 8.64742660522, 5.96178627014, 5.75294446945, 4.23178911209, 2.03183341026, 1.16921722889, 0.771644949913, 0.540620744228, 0.220613062382, 0.0607437901199, 0.0046376097016, 8.32801961224e-05],
        "dvar": [0.0526181198657, 4.29881620407, 33.03282547, 131.929153442, 413.487030029, 563.193237305, 307.417785645, 461.762756348, 447.268737793, 1045.7479248, 310.296325684, 198.983612061, 266.460174561, 93.3582229614, 175.773788452, 95.1075973511, 320.238952637, 179.502731323, 197.487030029, 243.249832153, 247.732376099, 396.891601562, 177.216873169, 222.704788208, 222.317520142, 246.241424561, 189.162872314, 166.926849365, 154.675750732, 82.1187438965, 110.249275208, 49.0761413574, 13.6623325348, 4.9376449585, 1.76620614529, 1.13833260536, 0.17950963974, 0.0128756975755, 9.50469329837e-05, 2.09961186215e-08],
        "dvar2": [0.134950309992, 11.0465345383, 86.7108917236, 353.363922119, 1106.33300781, 1502.8614502, 808.088562012, 1240.16503906, 1039.50390625, 2427.2175293, 720.786437988, 486.916168213, 592.871398926, 193.750534058, 412.349121094, 245.449188232, 883.291015625, 467.852233887, 493.544219971, 615.965148926, 654.172912598, 986.157409668, 422.813354492, 531.086791992, 562.567016602, 600.946533203, 489.72164917, 443.437011719, 420.317993164, 219.1590271, 309.492004395, 140.927230835, 37.8282432556, 13.6075992584, 4.88277339935, 3.01697492599, 0.483530551195, 0.0303007308394, 0.000238300359342, 5.14828855103e-08],
        "max": [4.29897451401, 40.8508796692, 107.172622681, 166.99822998, 325.549530029, 374.73059082, 423.075683594, 409.217926025, 404.782348633, 774.614074707, 660.93939209, 350.148803711, 469.489807129, 410.410003662, 577.875, 192.760025024, 504.827178955, 249.309967041, 251.519104004, 256.329101562, 239.367401123, 354.962371826, 248.54838562, 226.055618286, 216.88142395, 230.540390015, 195.645797729, 194.272842407, 226.693496704, 150.771362305, 204.867095947, 125.373344421, 80.3253555298, 38.8511352539, 24.3602657318, 16.9983177185, 8.34035301208, 2.41075468063, 0.1814494133, 0.00247901817784],
        "mean": [0.17341054976, 1.62554860115, 4.12167930603, 6.72918558121, 9.32203960419, 10.8460693359, 10.7074708939, 14.2502670288, 15.9231643677, 19.412815094, 11.9886541367, 8.44003486633, 9.27466869354, 6.86601448059, 8.9400100708, 6.67511463165, 9.28871822357, 8.8491230011, 8.29458045959, 9.58341598511, 8.98837280273, 11.8940010071, 9.68050098419, 10.5209627151, 9.9088602066, 9.61023521423, 8.12279224396, 7.62314319611, 6.55052089691, 4.84793424606, 4.18439769745, 3.20211267471, 1.76658010483, 0.998961269855, 0.562312662601, 0.337310105562, 0.14290098846, 0.0438065417111, 0.00287344958633, 7.36325673643e-05],
        "median": [0.061894364655, 0.646503388882, 1.87010920048, 2.12585663795, 2.15391516685, 2.78634095192, 3.17397809029, 4.26420116425, 4.3451628685, 3.73075032234, 3.07416439056, 2.3729455471, 2.33410406113, 2.04848194122, 2.87518620491, 2.0994489193, 2.42212319374, 2.5709707737, 2.25906205177, 2.58281731606, 2.60402059555, 3.45131826401, 3.48676753044, 3.86253404617, 3.14482116699, 2.3581931591, 1.85643410683, 1.60086750984, 1.37412536144, 1.11127471924, 1.00369012356, 0.687771499157, 0.443169206381, 0.270116448402, 0.142378285527, 0.0606956034899, 0.018794497475, 0.0030490544159, 9.96011003735e-05, 2.43805443461e-05],
        "min": [2.80009699783e-22, 2.01315970153e-21, 1.38384198397e-20, 1.53727429408e-20, 3.74774177486e-20, 4.48425531434e-20, 8.60182404808e-20, 7.91645515049e-20, 1.64191021818e-19, 3.65408379764e-19, 9.16912958608e-19, 1.08836485552e-18, 9.43007818597e-19, 1.93525046123e-18, 2.39532294126e-18, 2.49684798771e-18, 2.45866326269e-18, 2.63868754248e-18, 4.70718832179e-18, 3.38394480755e-18, 7.39910824541e-18, 8.56533199308e-18, 8.46434151209e-18, 6.49196284227e-18, 8.62297159252e-18, 1.22012449074e-17, 1.39472230028e-17, 1.52910672434e-17, 1.51583626577e-17, 1.50008740865e-17, 1.16043960451e-17, 1.09280948307e-17, 1.12392644607e-17, 1.13551020065e-17, 6.82821382923e-18, 5.09036733285e-18, 2.60702947928e-18, 1.13858702301e-18, 2.67545753017e-19, 3.33941989823e-20],
        "var": [0.0815156698227, 6.62560510635, 40.8561325073, 135.564285278, 373.866485596, 521.856079102, 438.978881836, 722.788391113, 991.809997559, 2069.5168457, 675.557922363, 350.253417969, 465.855804443, 276.040649414, 340.842285156, 162.361404419, 467.509765625, 274.795288086, 284.821380615, 332.482055664, 271.721343994, 492.844390869, 276.864990234, 347.563018799, 299.450805664, 340.87020874, 250.193618774, 236.495483398, 177.133895874, 95.2171020508, 91.702255249, 59.8430366516, 16.1772975922, 5.0905380249, 1.56514704227, 0.946241676807, 0.147935062647, 0.0158117562532, 0.000101273937616, 2.50520759693e-08]
    },
    "gfcc": {
        "mean": [-49.0433387756, 82.5856781006, -79.5492935181, 46.5407676697, -52.9117965698, 12.668633461, -37.9242897034, 10.9021558762, -22.4820804596, 3.85993432999, -14.2125854492, 4.44794273376, -14.3605413437],
        "cov": [[18861.9023438, -2003.09680176, -1397.10070801, 8.80947589874, -769.53302002, 89.1949310303, -404.817626953, -3.15937137604, -545.120483398, 421.757720947, -481.363494873, -119.275299072, -470.157562256], [-2003.09680176, 1893.51330566, -160.576507568, -157.737121582, 259.890350342, -38.3932342529, 122.740890503, -30.2952098846, 258.300720215, -147.310623169, 232.372695923, -87.2565155029, 164.646972656], [-1397.10070801, -160.576507568, 1231.79724121, 154.815231323, 317.07119751, 77.6851272583, 161.152404785, 78.6227264404, 109.807098389, 57.4970664978, -4.07127714157, 168.345550537, -12.9637813568], [8.80947589874, -157.737121582, 154.815231323, 354.690979004, 38.5130729675, 68.6228637695, -0.897369623184, 33.9225006104, 1.30957102776, -26.0373744965, -7.00932788849, 10.9493789673, 13.1471920013], [-769.53302002, 259.890350342, 317.07119751, 38.5130729675, 322.300231934, 17.919095993, 116.900428772, -10.6017599106, 99.1207733154, -10.0242090225, 28.6353130341, 45.1040229797, 26.6326560974], [89.1949310303, -38.3932342529, 77.6851272583, 68.6228637695, 17.919095993, 178.673873901, 13.8627052307, 58.8870811462, -17.9458370209, 12.3216276169, 10.8196592331, -0.29231095314, 12.0370016098], [-404.817626953, 122.740890503, 161.152404785, -0.897369623184, 116.900428772, 13.8627052307, 162.716552734, 21.6295604706, 65.621925354, 9.52299022675, 14.9925355911, 19.2057247162, 8.89468193054], [-3.15937137604, -30.2952098846, 78.6227264404, 33.9225006104, -10.6017599106, 58.8870811462, 21.6295604706, 123.49306488, 22.5684509277, 29.9823150635, 8.64058113098, 10.4658355713, -4.54669189453], [-545.120483398, 258.300720215, 109.807098389, 1.30957102776, 99.1207733154, -17.9458370209, 65.621925354, 22.5684509277, 140.758087158, 6.96198606491, 48.1161499023, 13.0338582993, 21.7102165222], [421.757720947, -147.310623169, 57.4970664978, -26.0373744965, -10.0242090225, 12.3216276169, 9.52299022675, 29.9823150635, 6.96198606491, 107.171669006, -1.11127340794, 16.0976963043, -24.1923446655], [-481.363494873, 232.372695923, -4.07127714157, -7.00932788849, 28.6353130341, 10.8196592331, 14.9925355911, 8.64058113098, 48.1161499023, -1.11127340794, 97.108291626, 12.0894069672, 35.2937545776], [-119.275299072, -87.2565155029, 168.345550537, 10.9493789673, 45.1040229797, -0.29231095314, 19.2057247162, 10.4658355713, 13.0338582993, 16.0976963043, 12.0894069672, 99.0259780884, 11.8877840042], [-470.157562256, 164.646972656, -12.9637813568, 13.1471920013, 26.6326560974, 12.0370016098, 8.89468193054, -4.54669189453, 21.7102165222, -24.1923446655, 35.2937545776, 11.8877840042, 91.4716491699]],
        "icov": [[9.16289864108e-05, -4.48775317636e-05, 0.00014411311713, -0.000102175501524, 4.2075975216e-05, -0.00011495664512, 4.4202493882e-05, 6.55456242384e-05, 0.000105188679299, -0.000423686433351, 0.000400954595534, -0.000231053534662, 0.000326991546899], [-4.48775317636e-05, 0.0015827412717, 5.62896930205e-05, 0.000863736204337, -0.000919204903767, 0.000139188661706, -7.73484207457e-05, -0.000244518101681, -0.00157262652647, 0.0019926240202, -0.00262931128964, 0.00196848623455, -0.00129211309832], [0.00014411311713, 5.62896930205e-05, 0.0018342185067, -0.000537081214134, -0.00109063880518, -0.000521929352544, -0.000321329280268, -0.000352179718902, -0.000362541497452, -0.000889950315468, 0.00114107457921, -0.00231842510402, 0.00108823226765], [-0.000102175501524, 0.000863736204337, -0.000537081214134, 0.00393432471901, -0.000648634391837, -0.000883875531144, 0.000580577994697, -0.000786640914157, -0.00104788737372, 0.00259582651779, -0.00119538709987, 0.00139697594568, -0.00129693653435], [4.2075975216e-05, -0.000919204903767, -0.00109063880518, -0.000648634391837, 0.00678005069494, -0.00117274618242, -0.00241562630981, 0.00268284743652, -0.00196274439804, -0.000298115221085, 0.0016385941999, -0.00167299434543, 0.000330168084474], [-0.00011495664512, 0.000139188661706, -0.000521929352544, -0.000883875531144, -0.00117274618242, 0.00838462263346, -0.000509606790729, -0.00406978605315, 0.00342802982777, -0.000185723009054, -0.00240907911211, 0.00216029561125, -0.00191694463138], [4.4202493882e-05, -7.73484207457e-05, -0.000321329280268, 0.000580577994697, -0.00241562630981, -0.000509606790729, 0.00943306554109, -0.00111296400428, -0.00235138949938, -0.000499169807881, 0.000961861340329, 0.000118259995361, 7.48047386878e-05], [6.55456242384e-05, -0.000244518101681, -0.000352179718902, -0.000786640914157, 0.00268284743652, -0.00406978605315, -0.00111296400428, 0.0121042896062, -0.00307114748284, -0.00250478461385, 0.000792730483226, -0.00117986591067, 0.00121840264183], [0.000105188679299, -0.00157262652647, -0.000362541497452, -0.00104788737372, -0.00196274439804, 0.00342802982777, -0.00235138949938, -0.00307114748284, 0.0150952599943, -0.00308498903178, -0.0025804201141, -4.48015380243e-05, 0.000269726471743], [-0.000423686433351, 0.0019926240202, -0.000889950315468, 0.00259582651779, -0.000298115221085, -0.000185723009054, -0.000499169807881, -0.00250478461385, -0.00308498903178, 0.0156002277508, -0.00489962473512, 0.00139569968451, 0.000338892248692], [0.000400954595534, -0.00262931128964, 0.00114107457921, -0.00119538709987, 0.0016385941999, -0.00240907911211, 0.000961861340329, 0.000792730483226, -0.0025804201141, -0.00489962473512, 0.0203776862472, -0.00591317843646, -0.000864606292453], [-0.000231053534662, 0.00196848623455, -0.00231842510402, 0.00139697594568, -0.00167299434543, 0.00216029561125, 0.000118259995361, -0.00117986591067, -4.48015380243e-05, 0.00139569968451, -0.00591317843646, 0.0172781608999, -0.00471168011427], [0.000326991546899, -0.00129211309832, 0.00108823226765, -0.00129693653435, 0.000330168084474, -0.00191694463138, 7.48047386878e-05, 0.00121840264183, 0.000269726471743, 0.000338892248692, -0.000864606292453, -0.00471168011427, 0.0164604391903]]
    },
    "melbands": {
        "dmean": [0.00116768665612, 0.00140544725582, 0.000942718470469, 0.000694970251061, 0.000288450770313, 0.000211459715501, 0.000136115719215, 0.000139636642416, 5.16780128237e-05, 3.13304408337e-05, 3.05982248392e-05, 1.60644995049e-05, 1.88694830285e-05, 1.15828152047e-05, 1.36513481266e-05, 1.15270158858e-05, 1.29165255203e-05, 9.16978933674e-06, 9.03839281818e-06, 9.26615575736e-06, 8.71289103088e-06, 9.96260223474e-06, 7.65973436501e-06, 5.24249935552e-06, 6.10391543887e-06, 5.50174672753e-06, 4.75503975395e-06, 4.75581282444e-06, 3.94615608457e-06, 3.63617596122e-06, 3.49779793396e-06, 3.23314270645e-06, 2.52088807429e-06, 1.91168214769e-06, 2.27529289987e-06, 1.43338081671e-06, 1.57674583079e-06, 8.17537170406e-07, 9.4124595762e-07, 5.54784207907e-07],
        "dmean2": [0.00185389572289, 0.00225904630497, 0.00156813161448, 0.00118651648518, 0.000474462722195, 0.000338325946359, 0.000207283446798, 0.000216833679588, 7.99033077783e-05, 5.00292735524e-05, 4.67375975859e-05, 2.45701412496e-05, 3.00041665469e-05, 1.89217298612e-05, 2.25645144383e-05, 1.89931852219e-05, 2.14542887989e-05, 1.49210063682e-05, 1.50770683831e-05, 1.53788969328e-05, 1.45350513776e-05, 1.54703211592e-05, 1.22632709463e-05, 8.51478671393e-06, 9.75761031441e-06, 8.87927035365e-06, 7.63567913964e-06, 7.63180287322e-06, 6.48745344733e-06, 6.1083228502e-06, 5.74239811613e-06, 5.45506190974e-06, 4.15095337303e-06, 3.21062748299e-06, 3.85581734008e-06, 2.41223142439e-06, 2.72643615062e-06, 1.32978345846e-06, 1.59418573276e-06, 8.74876832313e-07],
        "dvar": [5.01549448018e-06, 6.82771678839e-06, 4.23090887125e-06, 2.94786627819e-06, 4.14306242646e-07, 2.23257529797e-07, 9.43604163695e-08, 1.34571493504e-07, 1.73435399375e-08, 6.50604414787e-09, 6.59382148882e-09, 1.75633763089e-09, 1.91196392052e-09, 6.22757012625e-10, 1.03780328775e-09, 7.87531928559e-10, 8.6717089065e-10, 4.65150862272e-10, 4.26130103426e-10, 3.73895692185e-10, 4.60362359345e-10, 5.75849035123e-10, 3.10582892737e-10, 1.70668673638e-10, 1.77821410374e-10, 1.46960776881e-10, 1.15934234435e-10, 1.21756577043e-10, 8.19396148155e-11, 9.39233552044e-11, 6.79157841077e-11, 7.30924210046e-11, 3.70671895955e-11, 2.30511373878e-11, 5.41197538173e-11, 1.56402651247e-11, 1.96034161126e-11, 5.08793007725e-12, 1.92957403528e-11, 2.51258324042e-12],
        "dvar2": [1.27577568492e-05, 1.75414097612e-05, 1.12805928438e-05, 7.94215611677e-06, 1.08816493594e-06, 5.88813179547e-07, 2.22178968556e-07, 3.01704147887e-07, 4.20777155341e-08, 1.59557238533e-08, 1.46429606218e-08, 3.63388186209e-09, 4.52577353371e-09, 1.51853618569e-09, 2.86133450267e-09, 2.14813189459e-09, 2.2828832158e-09, 1.16672416173e-09, 1.06395292576e-09, 9.61777657515e-10, 1.23670629293e-09, 1.45665779439e-09, 7.37487571012e-10, 4.38203889841e-10, 4.27707425033e-10, 3.84510895346e-10, 2.9081784203e-10, 2.99848396113e-10, 2.075133676e-10, 2.53751381019e-10, 1.8360230003e-10, 2.03877428828e-10, 9.78115019534e-11, 6.23705739833e-11, 1.52909129802e-10, 4.47038447926e-11, 5.64211455334e-11, 1.39022821033e-11, 5.5757537476e-11, 6.80597852382e-12],
        "max": [0.0458682365716, 0.0436079949141, 0.0321412719786, 0.0272589530796, 0.0129687609151, 0.00827586092055, 0.00548184383661, 0.00863082241267, 0.00515386927873, 0.00188271875959, 0.00231560715474, 0.00185489282012, 0.00165767187718, 0.000629802816547, 0.000812293612398, 0.000700162549037, 0.000577103230171, 0.000358293647878, 0.000283788074739, 0.000245878996793, 0.000333258241881, 0.000481428956846, 0.000275899656117, 0.000265390059212, 0.000223480034037, 0.000169767590705, 0.000158119015396, 0.000179307142389, 0.000176433110028, 0.000186275472515, 0.000142517092172, 0.000196604785742, 7.60864713811e-05, 7.76365632191e-05, 0.000146263642819, 6.6322456405e-05, 6.97052309988e-05, 6.10299393884e-05, 9.31282847887e-05, 3.71900860046e-05],
        "mean": [0.00177446438465, 0.00221887649968, 0.00122933322564, 0.000752735242713, 0.000403036712669, 0.000335522927344, 0.000227464406635, 0.000219132212806, 8.80970037542e-05, 4.76895620523e-05, 4.52655040135e-05, 2.69349802693e-05, 2.94139445032e-05, 1.8138123778e-05, 1.95525353774e-05, 1.60672625498e-05, 1.74562337634e-05, 1.30215048557e-05, 1.2018022062e-05, 1.23772560983e-05, 1.0579841728e-05, 1.27199755298e-05, 1.10089877126e-05, 7.46318664824e-06, 8.74003490026e-06, 7.52915138946e-06, 6.5366571107e-06, 6.34116850051e-06, 5.17223043062e-06, 4.62543357571e-06, 4.48009723186e-06, 3.82302050639e-06, 3.20399885823e-06, 2.47196885539e-06, 2.5900997116e-06, 1.92912352759e-06, 1.93514529201e-06, 1.18579009722e-06, 1.12402733521e-06, 7.63400066717e-07],
        "median": [0.000674622540828, 0.00112019677181, 0.000414595298935, 0.000187340396224, 0.000121558710816, 0.000101600380731, 6.09985436313e-05, 3.84386839869e-05, 2.47635034611e-05, 1.29685540742e-05, 1.02402309494e-05, 6.87838382873e-06, 8.66144273459e-06, 5.57321254746e-06, 5.64805259273e-06, 4.39249970441e-06, 4.34315506936e-06, 3.44116483575e-06, 3.20228582495e-06, 3.46590786648e-06, 2.68512644652e-06, 3.32014678861e-06, 3.48913772541e-06, 2.68552935268e-06, 3.03395995616e-06, 2.46051399699e-06, 1.75709840278e-06, 1.47237130932e-06, 1.1246363556e-06, 1.00241982182e-06, 8.51046479511e-07, 7.57410987262e-07, 6.82118638906e-07, 5.94121672748e-07, 5.78524065986e-07, 4.61980050659e-07, 3.95104251538e-07, 3.05315353444e-07, 2.54222641161e-07, 2.182591885e-07],
        "min": [2.87336885207e-24, 6.14095319215e-24, 3.79801460997e-24, 2.30156440542e-24, 3.02293214653e-24, 2.05462293753e-24, 2.61467375111e-24, 4.40948751887e-24, 7.90043407718e-24, 7.91715161748e-24, 4.58913205181e-24, 7.34616857226e-24, 7.91987792077e-24, 6.2398846327e-24, 4.32650329595e-24, 7.77162729085e-24, 4.10919223251e-24, 6.49947548521e-24, 4.48164857018e-24, 6.40594261426e-24, 7.85377611008e-24, 9.04670971476e-24, 7.63427477434e-24, 6.66872953673e-24, 4.0749955067e-24, 6.163775727e-24, 4.70313389109e-24, 8.23438256419e-24, 9.30497567538e-24, 7.7289514936e-24, 9.5172818108e-24, 7.74516731837e-24, 7.92635131336e-24, 7.93869698653e-24, 6.92527499172e-24, 5.70484997893e-24, 6.97936323969e-24, 7.39628490557e-24, 8.27558319154e-24, 9.99619058889e-24],
        "var": [8.13944552647e-06, 9.74005251919e-06, 4.31355374531e-06, 2.54183078141e-06, 5.71649650283e-07, 3.82721651704e-07, 2.0385854782e-07, 2.7996981089e-07, 3.51423246059e-08, 1.12474651814e-08, 1.15818412638e-08, 5.21480725268e-09, 3.72611097532e-09, 1.20719811925e-09, 1.60993174347e-09, 1.14820797315e-09, 1.24983645655e-09, 6.77967793017e-10, 5.7162830025e-10, 5.03177999267e-10, 4.52259868444e-10, 6.47502829132e-10, 4.5911349722e-10, 2.01714228654e-10, 2.65984539949e-10, 1.78048617516e-10, 1.53574639117e-10, 1.58558499663e-10, 1.12053540058e-10, 9.76683456333e-11, 9.47075820545e-11, 6.9378676415e-11, 4.61939479723e-11, 2.47840983847e-11, 4.09160968995e-11, 1.83774089696e-11, 2.29585933598e-11, 6.69476626913e-12, 1.38164263017e-11, 2.75402986007e-12]
    },
    "mfcc": {
        "mean": [-697.844543457, 110.35068512, 30.9711856842, 36.2525634766, 13.0568332672, 6.93971824646, 0.571763515472, 5.5951795578, -1.8454554081, -0.129928603768, 1.20039963722, 3.42076873779, 1.57114613056],
        "cov": [[15018.875, -1216.11779785, -1565.49584961, -128.265304565, -721.948181152, -180.898590088, -256.630981445, -521.62298584, -249.969329834, 134.691253662, -212.118026733, -270.232849121, -246.368667603], [-1216.11779785, 1431.65612793, 75.352684021, -93.8997573853, 176.624710083, 1.72358524799, 18.4361419678, 72.7506637573, 42.236366272, -11.1458778381, 118.844459534, 53.3622283936, 58.9888267517], [-1565.49584961, 75.352684021, 723.347045898, 188.328521729, 182.330154419, 104.3984375, 79.2409210205, 134.901229858, 83.9970321655, -8.03893470764, 56.9418716431, 81.7765045166, 34.2502365112], [-128.265304565, -93.8997573853, 188.328521729, 262.283905029, 97.2733612061, 63.6117401123, 13.1362781525, 55.2066383362, 33.2650260925, -6.30324745178, 16.8515892029, 16.2116661072, 7.51504898071], [-721.948181152, 176.624710083, 182.330154419, 97.2733612061, 211.12600708, 78.9412841797, 39.1044044495, 66.7285232544, 40.8342933655, -9.26678466797, 32.869102478, 29.9984893799, 16.2348003387], [-180.898590088, 1.72358524799, 104.3984375, 63.6117401123, 78.9412841797, 130.662826538, 50.2450294495, 37.3736534119, 31.6243038177, 5.66961050034, 16.2684268951, 7.61967182159, 2.67085242271], [-256.630981445, 18.4361419678, 79.2409210205, 13.1362781525, 39.1044044495, 50.2450294495, 109.358161926, 45.2771148682, 28.4781970978, 15.0940694809, 13.5049591064, 8.98558044434, 1.4211076498], [-521.62298584, 72.7506637573, 134.901229858, 55.2066383362, 66.7285232544, 37.3736534119, 45.2771148682, 120.364570618, 40.5248298645, 0.603827357292, 23.7630157471, 26.227186203, 14.94008255], [-249.969329834, 42.236366272, 83.9970321655, 33.2650260925, 40.8342933655, 31.6243038177, 28.4781970978, 40.5248298645, 93.6816482544, 19.2409057617, 33.6894264221, 8.03106021881, 0.173860758543], [134.691253662, -11.1458778381, -8.03893470764, -6.30324745178, -9.26678466797, 5.66961050034, 15.0940694809, 0.603827357292, 19.2409057617, 98.1173248291, 16.9593734741, 5.2431807518, -0.757840514183], [-212.118026733, 118.844459534, 56.9418716431, 16.8515892029, 32.869102478, 16.2684268951, 13.5049591064, 23.7630157471, 33.6894264221, 16.9593734741, 108.529548645, 22.1918544769, 1.89462280273], [-270.232849121, 53.3622283936, 81.7765045166, 16.2116661072, 29.9984893799, 7.61967182159, 8.98558044434, 26.227186203, 8.03106021881, 5.2431807518, 22.1918544769, 83.8638000488, 38.7431755066], [-246.368667603, 58.9888267517, 34.2502365112, 7.51504898071, 16.2348003387, 2.67085242271, 1.4211076498, 14.94008255, 0.173860758543, -0.757840514183, 1.89462280273, 38.7431755066, 76.3539733887]],
