{
"lowlevel": {
    "average_loudness": 0.826687753201,
    "barkbands_crest": {
        "dmean": 2.36090493202,
        "dmean2": 3.86432385445,
        "dvar": 4.58292007446,
        "dvar2": 11.4254598618,
        "max": 26.2053070068,
        "mean": 8.36188697815,
        "median": 7.54723072052,
        "min": 2.62397027016,
        "var": 11.6166381836
    },
    "barkbands_flatness_db": {
        "dmean": 0.0223413128406,
        "dmean2": 0.0322021916509,
        "dvar": 0.000464345066575,
        "dvar2": 0.000841960776597,
        "max": 0.319053441286,
        "mean": 0.130265384912,
        "median": 0.128090947866,
        "min": 0.0219409056008,
        "var": 0.00203710142523
    },
    "barkbands_kurtosis": {
        "dmean": 1.37279057503,
        "dmean2": 2.20251822472,
        "dvar": 6.08119821548,
        "dvar2": 14.5002555847,
        "max": 129.680862427,
        "mean": 1.72123587132,
        "median": 0.904234051704,
        "min": -1.6924226284,
        "var": 18.542974472
    },
    "barkbands_skewness": {
        "dmean": 0.395132213831,
        "dmean2": 0.621439695358,
        "dvar": 0.127774760127,
        "dvar2": 0.30810970068,
        "max": 10.5017175674,
        "mean": 0.973090827465,
        "median": 0.945574879646,
        "min": -2.12247061729,
        "var": 0.64929163456
    },
    "barkbands_spread": {
        "dmean": 4.08371973038,
        "dmean2": 6.20711946487,
        "dvar": 18.1636047363,
        "dvar2": 38.7876243591,
        "max": 73.5463180542,
        "mean": 17.1988201141,
        "median": 15.9574203491,
        "min": 1.76646029949,
        "var": 61.2157058716
    },
    "dissonance": {
        "dmean": 0.0219503156841,
        "dmean2": 0.0369962826371,
        "dvar": 0.000390479865018,
        "dvar2": 0.00108655914664,
        "max": 0.5,
        "mean": 0.461147964001,
        "median": 0.466371148825,
        "min": 0.248012796044,
        "var": 0.000692941132002
    },
    "dynamic_complexity": 3.7219645977,
    "erbbands_crest": {
        "dmean": 2.89340305328,
        "dmean2": 4.74472427368,
        "dvar": 6.77094507217,
        "dvar2": 17.46342659,
        "max": 32.2172203064,
        "mean": 9.34445762634,
        "median": 8.49963760376,
        "min": 2.5193002224,
        "var": 15.6652803421
    },
    "erbbands_flatness_db": {
        "dmean": 0.022006817162,
        "dmean2": 0.0314291380346,
        "dvar": 0.000493334489875,
        "dvar2": 0.000887151574716,
        "max": 0.357795387506,
        "mean": 0.185343161225,
        "median": 0.182907611132,
        "min": 0.0520164370537,
        "var": 0.00230746646412
    },
    "erbbands_kurtosis": {
        "dmean": 0.902823805809,
        "dmean2": 1.47883307934,
        "dvar": 1.71202671528,
        "dvar2": 4.54971694946,
        "max": 39.3485107422,
        "mean": 0.796026051044,
        "median": 0.308598995209,
        "min": -1.61515343189,
        "var": 3.48586344719
    },
    "erbbands_skewness": {
        "dmean": 0.325481712818,
        "dmean2": 0.520139038563,
        "dvar": 0.0798820778728,
        "dvar2": 0.199464648962,
        "max": 3.7609140873,
        "mean": 0.421418488026,
        "median": 0.412672817707,
        "min": -1.83589756489,
        "var": 0.317363500595
    },
    "erbbands_spread": {
        "dmean": 5.55778169632,
        "dmean2": 8.61939430237,
        "dvar": 28.7168750763,
        "dvar2": 65.8006973267,
        "max": 88.3450393677,
        "mean": 25.0190372467,
        "median": 23.4978637695,
        "min": 2.20559763908,
        "var": 110.761459351
    },
    "hfc": {
        "dmean": 5.86054039001,
        "dmean2": 8.01053333282,
        "dvar": 49.4003448486,
        "dvar2": 85.4265975952,
        "max": 113.004898071,
        "mean": 20.1051673889,
        "median": 16.80052948,
        "min": 1.03370372253e-16,
        "var": 239.422042847
    },
    "melbands_crest": {
        "dmean": 3.06971406937,
        "dmean2": 5.00768327713,
        "dvar": 7.23010778427,
        "dvar2": 18.3130722046,
        "max": 30.7723579407,
        "mean": 11.3339061737,
        "median": 10.5306510925,
        "min": 1.02697479725,
        "var": 19.8167858124
    },
    "melbands_flatness_db": {
        "dmean": 0.0242740698159,
        "dmean2": 0.0353094264865,
        "dvar": 0.000544988492038,
        "dvar2": 0.00102658325341,
        "max": 0.413339197636,
        "mean": 0.176299646497,
        "median": 0.17467674613,
        "min": 1.31210599648e-05,
        "var": 0.00305871665478
    },
    "melbands_kurtosis": {
        "dmean": 2.5286860466,
        "dmean2": 4.01978778839,
        "dvar": 23.536655426,
        "dvar2": 55.4130973816,
        "max": 296.030456543,
        "mean": 4.36548852921,
        "median": 2.74780344963,
        "min": -1.49465477467,
        "var": 85.2024078369
    },
    "melbands_skewness": {
        "dmean": 0.478818148375,
        "dmean2": 0.754202306271,
        "dvar": 0.203064247966,
        "dvar2": 0.481016069651,
        "max": 13.2875156403,
        "mean": 1.46251165867,
        "median": 1.33918452263,
        "min": -1.90263259411,
        "var": 0.944579899311
    },
    "melbands_spread": {
        "dmean": 5.59407806396,
        "dmean2": 8.71459007263,
        "dvar": 35.7390098572,
        "dvar2": 83.9346542358,
        "max": 158.928482056,
        "mean": 23.9474544525,
        "median": 21.0001831055,
        "min": 1.1213285923,
        "var": 283.982574463
    },
    "pitch_salience": {
        "dmean": 0.063532859087,
        "dmean2": 0.103008769453,
        "dvar": 0.00277996412478,
        "dvar2": 0.00703320186585,
        "max": 0.9976323843,
        "mean": 0.594323575497,
        "median": 0.600928425789,
        "min": 0.08107021451,
        "var": 0.00948926899582
    },
    "silence_rate_20dB": {
        "dmean": 0,
        "dmean2": 0,
        "dvar": 0,
        "dvar2": 0,
        "max": 1,
        "mean": 1,
        "median": 1,
        "min": 1,
        "var": 0
    },
    "silence_rate_30dB": {
        "dmean": 0.00380907044746,
        "dmean2": 0.00761904753745,
        "dvar": 0.00379482773133,
        "dvar2": 0.00922783371061,
        "max": 1,
        "mean": 0.99654841423,
        "median": 1,
        "min": 0,
        "var": 0.00343936961144
    },
    "silence_rate_60dB": {
        "dmean": 0.012141412124,
        "dmean2": 0.0242857150733,
        "dvar": 0.0119917746633,
        "dvar2": 0.0256054978818,
        "max": 1,
        "mean": 0.09081171453,
        "median": 0,
        "min": 0,
        "var": 0.0825583487749
    },
    "spectral_centroid": {
        "dmean": 201.67906189,
        "dmean2": 308.876220703,
        "dvar": 50268.8359375,
        "dvar2": 103080.1875,
        "max": 11789.0742188,
        "mean": 1372.5,
        "median": 1182.67932129,
        "min": 283.067047119,
        "var": 1596802.25
    },
    "spectral_complexity": {
        "dmean": 3.42697286606,
        "dmean2": 5.07738113403,
        "dvar": 12.5839090347,
        "dvar2": 23.1183204651,
        "max": 54,
        "mean": 20.1048564911,
        "median": 20,
        "min": 0,
        "var": 89.8934631348
    },
    "spectral_decrease": {
        "dmean": 1.75056125151e-09,
        "dmean2": 2.49796539009e-09,
        "dvar": 4.4932914095e-18,
        "dvar2": 9.14300515438e-18,
        "max": 2.1970626027e-28,
        "mean": -5.99590421757e-09,
        "median": -4.89510210144e-09,
        "min": -4.63148133178e-08,
        "var": 2.40638635787e-17
    },
    "spectral_energy": {
        "dmean": 0.0070461127907,
        "dmean2": 0.0100000500679,
        "dvar": 7.08536608727e-05,
        "dvar2": 0.000142155782669,
        "max": 0.180703252554,
        "mean": 0.0244534965605,
        "median": 0.0201709866524,
        "min": 1.01469591429e-20,
        "var": 0.000385735795135
    },
    "spectral_energyband_high": {
        "dmean": 0.000211457590922,
        "dmean2": 0.000284565234324,
        "dvar": 1.29525005832e-07,
        "dvar2": 2.53144321505e-07,
        "max": 0.00549227790907,
        "mean": 0.000377932999982,
        "median": 0.000187097932212,
        "min": 6.94133053888e-21,
        "var": 2.53567463915e-07
    },
    "spectral_energyband_low": {
        "dmean": 0.00207641534507,
        "dmean2": 0.00316207343712,
        "dvar": 2.46592971962e-05,
        "dvar2": 5.81024978601e-05,
        "max": 0.121101938188,
        "mean": 0.00418092962354,
        "median": 0.000482521543745,
        "min": 1.36212265406e-23,
        "var": 7.67905657995e-05
    },
    "spectral_energyband_middle_high": {
        "dmean": 0.00294383009896,
        "dmean2": 0.00433819135651,
        "dvar": 1.30039725263e-05,
        "dvar2": 2.74333688139e-05,
        "max": 0.0614003166556,
        "mean": 0.0081973168999,
        "median": 0.00660714972764,
        "min": 1.14661207729e-21,
        "var": 4.74020453112e-05
    },
    "spectral_energyband_middle_low": {
        "dmean": 0.00463593984023,
        "dmean2": 0.00707054976374,
        "dvar": 3.24632601405e-05,
        "dvar2": 7.47259909986e-05,
        "max": 0.0841384828091,
        "mean": 0.0123577043414,
        "median": 0.00982581544667,
        "min": 1.42082040562e-22,
        "var": 0.000119130789244
    },
    "spectral_entropy": {
        "dmean": 0.16749304533,
        "dmean2": 0.240561395884,
        "dvar": 0.0314307026565,
        "dvar2": 0.0580252930522,
        "max": 9.82314586639,
        "mean": 7.56050348282,
        "median": 7.51878881454,
        "min": 5.86251497269,
        "var": 0.185045957565
    },
    "spectral_flux": {
        "dmean": 0.0169814191759,
        "dmean2": 0.0268872473389,
        "dvar": 0.000295522622764,
        "dvar2": 0.00067336455686,
        "max": 0.262778460979,
        "mean": 0.0776914060116,
        "median": 0.0765583738685,
        "min": 6.4054629656e-11,
        "var": 0.00149315898307
    },
    "spectral_kurtosis": {
        "dmean": 2.03406119347,
        "dmean2": 3.39964151382,
        "dvar": 4.98506641388,
        "dvar2": 13.7233390808,
        "max": 30.9213104248,
        "mean": 6.2741317749,
        "median": 5.7073302269,
        "min": -1.26104021072,
        "var": 10.9215526581
    },
    "spectral_rms": {
        "dmean": 0.000661128433421,
        "dmean2": 0.000929877045564,
        "dvar": 4.02914281494e-07,
        "dvar2": 7.74866748543e-07,
        "max": 0.0132776452228,
        "mean": 0.00444662990049,
        "median": 0.00443610316142,
        "min": 3.14634277833e-12,
        "var": 4.08458481616e-06
    },
    "spectral_rolloff": {
        "dmean": 339.590515137,
        "dmean2": 560.831787109,
        "dvar": 279429.03125,
        "dvar2": 612919.125,
        "max": 19638.28125,
        "mean": 1737.88867188,
        "median": 1335.05859375,
        "min": 86.1328125,
        "var": 5193605.5
    },
    "spectral_skewness": {
        "dmean": 0.225803345442,
        "dmean2": 0.371440589428,
        "dvar": 0.0474386364222,
        "dvar2": 0.123576313257,
        "max": 3.71582984924,
        "mean": 1.84248614311,
        "median": 1.82721292973,
        "min": -0.0916114524007,
        "var": 0.205786049366
    },
    "spectral_spread": {
        "dmean": 543529.5,
        "dmean2": 769499.4375,
        "dvar": 649535029248,
        "dvar2": 1.08961542963e+12,
        "max": 42654364,
        "mean": 4362721.5,
        "median": 3591535,
        "min": 1530518.25,
        "var": 2.18923437916e+13
    },
    "spectral_strongpeak": {
        "dmean": 0.640803098679,
        "dmean2": 1.07268738747,
        "dvar": 0.653286635876,
        "dvar2": 1.65606641769,
        "max": 9.85706233978,
        "mean": 1.2118241787,
        "median": 0.905218303204,
        "min": 0,
        "var": 1.17893266678
    },
    "zerocrossingrate": {
        "dmean": 0.00928734056652,
        "dmean2": 0.0109175620601,
        "dvar": 0.000125290840515,
        "dvar2": 0.00016450304247,
        "max": 0.7158203125,
        "mean": 0.0661540925503,
        "median": 0.05517578125,
        "min": 0.0048828125,
        "var": 0.00377029576339
    },
    "barkbands": {
        "dmean": [1.81882969628e-05, 0.00138771405909, 0.000764121708926, 0.000580668798648, 0.00133806082886, 0.00145046098623, 0.00136528292205, 0.001556724892, 0.00101874745451, 0.00139599549584, 0.000529815151822, 0.00101107207593, 0.000608506321441, 0.000467768346425, 0.000416752998717, 0.000278796331258, 0.000273477548035, 0.00015021879517, 0.000105876853922, 5.59397049074e-05, 5.29436438228e-05, 3.72414870071e-05, 3.41925951943e-05, 3.69391236745e-05, 2.84934449155e-05, 2.07537395909e-05, 5.76584898226e-06],
        "dmean2": [2.96403522952e-05, 0.00214004330337, 0.0012014596723, 0.00100077723619, 0.00215290486813, 0.00224680965766, 0.00213218317367, 0.00242110271938, 0.00167920254171, 0.00218046526425, 0.000891105388291, 0.00163451081607, 0.000982451136224, 0.00076696369797, 0.000672293594107, 0.00044432390132, 0.00043945381185, 0.000234064631513, 0.000166523313965, 8.59798456077e-05, 7.73851861595e-05, 5.40226283192e-05, 4.98833942402e-05, 5.332040746e-05, 4.07186962548e-05, 2.91359719995e-05, 8.99554015632e-06],
        "dvar": [2.4984443403e-09, 1.46472802953e-05, 4.5704614422e-06, 2.1555845251e-06, 6.34565594737e-06, 6.1502587414e-06, 5.52628944206e-06, 6.26605196885e-06, 3.93327854908e-06, 4.95940776091e-06, 1.09651648472e-06, 2.88440901386e-06, 1.71932356352e-06, 1.03691354525e-06, 4.77608637084e-07, 2.44590978582e-07, 2.6226550176e-07, 5.22551388826e-08, 2.36405632847e-08, 9.06208974527e-09, 7.33108906914e-09, 3.70959685192e-09, 3.72140851468e-09, 5.50135581534e-09, 3.50582474162e-09, 2.68146127524e-09, 4.11745082474e-10],
        "dvar2": [6.06748651322e-09, 3.33400603267e-05, 1.15166703836e-05, 6.12610165263e-06, 1.60775962286e-05, 1.46492948261e-05, 1.25599299281e-05, 1.46939664774e-05, 9.89618274616e-06, 1.14997255878e-05, 3.15874308399e-06, 7.4363879321e-06, 4.08474443248e-06, 2.49998424806e-06, 1.18364857826e-06, 5.9874685121e-07, 6.76122510868e-07, 1.21130568687e-07, 5.64836000194e-08, 2.03375272179e-08, 1.51724286468e-08, 7.46006190155e-09, 7.78545405922e-09, 1.21438343825e-08, 7.50028483765e-09, 5.52576917556e-09, 9.54687107146e-10],
        "max": [0.00120865600184, 0.0920537263155, 0.0682389512658, 0.0201672278345, 0.0407151430845, 0.037865832448, 0.038382910192, 0.0379124060273, 0.051478292793, 0.0311182588339, 0.0189521797001, 0.0337542444468, 0.0356066338718, 0.0250116344541, 0.0140470685437, 0.0146475192159, 0.00986440014094, 0.00451487163082, 0.00273881549947, 0.00296772946604, 0.00146682164632, 0.00080826372141, 0.000756850990001, 0.00118845887482, 0.0006892652018, 0.000844919239171, 0.000400998105761],
        "mean": [2.17572924157e-05, 0.00262123974971, 0.00114320486318, 0.000738766568247, 0.00232047517784, 0.0025883144699, 0.00219005462714, 0.00231168745086, 0.00165860645939, 0.00227113999426, 0.000799538160209, 0.00154286215547, 0.000988455140032, 0.000696123403031, 0.000729079067241, 0.000477922614664, 0.000449922197731, 0.000271979166428, 0.000202212468139, 9.68601671048e-05, 9.39617384574e-05, 6.24140302534e-05, 5.3657884564e-05, 5.36652987648e-05, 3.84672202927e-05, 2.56963503489e-05, 5.48133903067e-06],
        "median": [2.77246704172e-06, 0.000170372280991, 0.000101358207758, 0.000117441813927, 0.00095305533614, 0.00131801818497, 0.000978981843218, 0.00113463425077, 0.000753959640861, 0.00121732102707, 0.000323976506479, 0.000784032046795, 0.000460357608972, 0.000316933961585, 0.000374062510673, 0.000254118873272, 0.000249908014666, 0.000157052912982, 0.000134586211061, 5.44935173821e-05, 4.68347134301e-05, 2.94538331218e-05, 2.24390259973e-05, 1.83327447303e-05, 1.04084938357e-05, 4.99327325088e-06, 2.37288176663e-07],
        "min": [2.90569666779e-25, 8.61988804173e-25, 4.62177235505e-25, 3.24312403139e-25, 8.98490246283e-24, 8.36225849464e-24, 5.43410384436e-24, 7.49695144568e-24, 1.18591668692e-23, 1.51068125527e-23, 1.01290465982e-23, 1.8451406086e-23, 2.42807915639e-23, 3.98579166774e-23, 3.2844971629e-23, 5.34017748959e-23, 5.54536652192e-23, 8.8146389849e-23, 9.74548980435e-23, 1.67356386659e-22, 2.39762773705e-22, 3.08509085965e-22, 3.76887751178e-22, 5.55443400471e-22, 8.83058722805e-22, 1.26970810388e-21, 1.67803129318e-21],
        "var": [3.70171737707e-09, 4.55938279629e-05, 8.92889693205e-06, 2.97755218526e-06, 1.30737753352e-05, 1.37072202051e-05, 1.12905063361e-05, 1.13491150842e-05, 7.96951098891e-06, 9.3322723842e-06, 1.61923821906e-06, 5.03118553752e-06, 2.97665974358e-06, 1.53785242674e-06, 9.9424119071e-07, 5.32849810497e-07, 4.00014499746e-07, 1.09431603335e-07, 4.84043951587e-08, 1.63830531363e-08, 1.64840283645e-08, 7.3228676456e-09, 6.24755180922e-09, 8.43808045659e-09, 5.10324715819e-09, 3.69145136681e-09, 4.21466389566e-10]
    },
    "erbbands": {
        "dmean": [0.0289025567472, 0.355679154396, 0.867592811584, 1.41242861748, 3.1235640049, 4.55322170258, 9.32222080231, 12.3102369308, 21.3973236084, 16.7346363068, 37.4460296631, 21.7341632843, 29.63164711, 43.9443130493, 26.8999423981, 44.6619300842, 28.5303096771, 26.0473766327, 22.5266056061, 14.9737300873, 16.5752334595, 11.1194591522, 8.24477672577, 6.16805171967, 4.7526140213, 2.75815606117, 2.26524209976, 1.88687324524, 1.37154400349, 1.13795089722, 0.942954659462, 0.846018493176, 0.583063662052, 0.339045464993, 0.197885781527, 0.0986604318023, 0.0342955701053, 0.0111017273739, 0.000817595398985, 1.8624616132e-05],
        "dmean2": [0.0458724088967, 0.544161379337, 1.34667527676, 2.37324571609, 5.27574968338, 7.43939113617, 13.9288415909, 19.4174690247, 33.4100341797, 26.0841770172, 58.4253387451, 35.4287948608, 47.396156311, 68.6290969849, 44.8613395691, 71.9093017578, 45.5783500671, 42.5558319092, 36.4801063538, 24.0314369202, 26.1072845459, 17.4138183594, 12.7070379257, 9.5721616745, 7.45612716675, 4.21281957626, 3.38539099693, 2.82017445564, 1.98619306087, 1.63995206356, 1.37625741959, 1.24078023434, 0.852607369423, 0.479968696833, 0.290481865406, 0.14220122993, 0.0489411316812, 0.0164539664984, 0.00128511223011, 2.71807421086e-05],
        "dvar": [0.00668096542358, 0.954792320728, 5.77260828018, 12.2301397324, 49.3528060913, 85.7200469971, 352.158874512, 596.937011719, 1325.81726074, 1140.58630371, 4032.92944336, 2244.77709961, 2916.43774414, 5721.80908203, 2408.59375, 5923.49267578, 4220.82666016, 2884.03955078, 1545.78723145, 788.742614746, 902.064147949, 336.421478271, 162.697952271, 91.6571960449, 49.0966949463, 22.4592342377, 14.2188167572, 11.245511055, 5.22995615005, 4.5163435936, 3.04054713249, 2.76637411118, 1.45236647129, 0.429772526026, 0.227709397674, 0.057399764657, 0.00843955203891, 0.00119254726451, 8.63676814333e-06, 1.76753656156e-09],
        "dvar2": [0.0162030626088, 2.1573677063, 14.3433017731, 33.5497970581, 135.797103882, 214.282974243, 736.19128418, 1426.03503418, 3083.99926758, 2521.1081543, 9657.14550781, 5606.16357422, 7191.9609375, 13336.8378906, 6801.74267578, 15280.8613281, 9903.47949219, 7040.23681641, 3810.55932617, 2031.70043945, 2235.08374023, 821.462768555, 369.415618896, 214.16217041, 116.41934967, 49.217716217, 31.2742156982, 24.0206832886, 10.7735614777, 9.54852676392, 6.47218322754, 6.07614946365, 3.26939272881, 0.879864096642, 0.527122557163, 0.12334305793, 0.0182749461383, 0.00257837236859, 1.99984515348e-05, 3.90131482675e-09],
        "max": [1.73020088673, 23.4283161163, 84.7620391846, 51.1179275513, 122.947357178, 164.177078247, 574.753601074, 422.697296143, 499.727813721, 991.24597168, 1052.15515137, 1550.02172852, 1197.97375488, 1222.02624512, 860.154785156, 1727.03100586, 1808.41296387, 1230.07397461, 876.300292969, 642.789978027, 763.327697754, 355.791534424, 261.861877441, 174.876434326, 97.3962783813, 144.997894287, 67.0469360352, 68.5447921753, 37.258190155, 32.072227478, 22.5302944183, 27.1779403687, 19.4891624451, 10.2680006027, 6.05912351608, 3.23092937469, 1.57619714737, 0.764929890633, 0.0498138852417, 0.000735010602511],
        "mean": [0.0500972606242, 0.678290128708, 1.44479238987, 2.02624583244, 4.52442502975, 7.29544591904, 17.0477466583, 20.6152191162, 34.8693695068, 28.028011322, 56.1575126648, 38.290397644, 51.8410224915, 70.2986755371, 45.4919776917, 70.3876876831, 48.6473007202, 42.3428726196, 38.610824585, 28.6988677979, 29.5824642181, 20.7686576843, 15.8085479736, 11.8298664093, 9.1484670639, 4.97214889526, 4.01801109314, 3.18689537048, 2.28053331375, 1.84021830559, 1.45942354202, 1.25572741032, 0.807956278324, 0.480839043856, 0.247002869844, 0.123057976365, 0.0412502400577, 0.0120959896594, 0.000789857760537, 4.20186188421e-05],
        "median": [0.00281268311664, 0.0477426946163, 0.137105390429, 0.380970954895, 1.20095789433, 2.77847576141, 7.01128101349, 9.40894412994, 16.3320293427, 13.3977766037, 27.5792636871, 19.3981323242, 28.6193847656, 36.9495925903, 25.0291290283, 37.3426208496, 23.7934112549, 22.4092617035, 20.1715621948, 16.6765117645, 16.0136585236, 12.1868333817, 9.5434961319, 7.43915271759, 6.00348472595, 2.93397665024, 2.05088281631, 1.51739144325, 1.07820892334, 0.786207437515, 0.633736550808, 0.467711031437, 0.249648720026, 0.131739884615, 0.0573913380504, 0.0242914520204, 0.00773039925843, 0.00142973498441, 5.13862396474e-05, 2.8709309845e-05],
        "min": [5.90370816584e-23, 2.61696413775e-22, 1.12004758389e-21, 3.04209503731e-21, 1.07391057548e-20, 2.01808594982e-20, 2.31936483907e-20, 7.79956806759e-20, 1.41683333953e-19, 1.52587797474e-19, 2.54631033812e-19, 2.65991635742e-19, 7.78843227784e-19, 6.35349621985e-19, 6.74229075329e-19, 1.29723809315e-18, 1.46229123104e-18, 2.04111717193e-18, 1.65011778856e-18, 3.48888983225e-18, 3.77511748525e-18, 3.66191823201e-18, 6.00301679578e-18, 5.74590590034e-18, 6.07058504412e-18, 8.18065495793e-18, 8.98602364491e-18, 1.09478785094e-17, 9.98934657864e-18, 1.0265985554e-17, 1.05043029059e-17, 8.80654861304e-18, 9.81172277699e-18, 8.69888692042e-18, 6.81840718947e-18, 4.13495387301e-18, 2.28685309317e-18, 1.02620233588e-18, 2.39656376387e-19, 2.44691818979e-20],
        "var": [0.0181163847446, 2.97856354713, 12.3821191788, 19.8951263428, 79.9694366455, 154.314117432, 977.132446289, 1143.67700195, 2699.48242188, 2338.62060547, 7053.20361328, 4818.53027344, 5479.44042969, 9910.20214844, 3676.20654297, 10318.7412109, 7293.06542969, 4561.28320312, 2960.05541992, 1479.78356934, 1883.47277832, 685.358093262, 365.469299316, 185.353973389, 103.10748291, 41.7373542786, 30.7388954163, 21.1516113281, 10.243388176, 7.48613262177, 4.76062822342, 4.26193809509, 2.15006661415, 0.737793385983, 0.271191418171, 0.0773642733693, 0.0107145858929, 0.00139256380498, 8.84884593688e-06, 2.62420063457e-09]
    },
    "gfcc": {
        "mean": [-32.9682922363, 89.2468338013, -143.877334595, -0.0960557088256, -66.0159683228, 5.83118867874, -40.6893882751, 5.10715150833, -24.041765213, 0.526548326015, -12.2835502625, 3.0864303112, -10.8349428177],
        "cov": [[32016.9277344, 1358.61425781, -2212.234375, 240.149475098, -1026.98010254, 345.286071777, -893.361572266, 394.976257324, -505.88067627, 241.015014648, -428.492095947, 147.84161377, -326.954437256], [1358.61425781, 1517.10009766, -168.735824585, 290.939727783, 210.669708252, 64.8388977051, 136.686462402, -75.1905593872, 99.4331893921, -112.599029541, 81.7834243774, -129.273468018, 59.1763458252], [-2212.234375, -168.735824585, 1208.67089844, 344.271209717, 424.806060791, 286.418365479, 203.017913818, 138.755126953, 64.6054153442, 64.222869873, 2.04520606995, 50.5459671021, -46.0290908813], [240.149475098, 290.939727783, 344.271209717, 481.871948242, 255.838623047, 189.131439209, 95.4799575806, 27.1124382019, 56.1070480347, 19.2215232849, -10.1514520645, -39.0847167969, -27.4182338715], [-1026.98010254, 210.669708252, 424.806060791, 255.838623047, 442.369018555, 174.083755493, 142.544235229, 53.9043579102, 103.536453247, 37.9130935669, 30.1693267822, -20.8300895691, -8.88169670105], [345.286071777, 64.8388977051, 286.418365479, 189.131439209, 174.083755493, 261.981231689, 96.4254455566, 100.699996948, 41.714553833, 54.5937843323, 6.75350427628, 24.6952095032, -29.1808052063], [-893.361572266, 136.686462402, 203.017913818, 95.4799575806, 142.544235229, 96.4254455566, 212.246673584, 62.7921905518, 84.6827774048, 9.62129974365, 53.0721092224, -3.3513584137, 15.1759395599], [394.976257324, -75.1905593872, 138.755126953, 27.1124382019, 53.9043579102, 100.699996948, 62.7921905518, 153.565444946, 45.1754379272, 66.666267395, 11.535861969, 41.0226516724, -14.5956878662], [-505.88067627, 99.4331893921, 64.6054153442, 56.1070480347, 103.536453247, 41.714553833, 84.6827774048, 45.1754379272, 122.777175903, 41.2839927673, 45.363861084, -4.96057224274, 14.3741531372], [241.015014648, -112.599029541, 64.222869873, 19.2215232849, 37.9130935669, 54.5937843323, 9.62129974365, 66.666267395, 41.2839927673, 106.657478333, 29.712392807, 35.9170036316, -17.0419692993], [-428.492095947, 81.7834243774, 2.04520606995, -10.1514520645, 30.1693267822, 6.75350427628, 53.0721092224, 11.535861969, 45.363861084, 29.712392807, 101.777587891, 32.3754768372, 31.4967269897], [147.84161377, -129.273468018, 50.5459671021, -39.0847167969, -20.8300895691, 24.6952095032, -3.3513584137, 41.0226516724, -4.96057224274, 35.9170036316, 32.3754768372, 97.6444396973, 28.6705589294], [-326.954437256, 59.1763458252, -46.0290908813, -27.4182338715, -8.88169670105, -29.1808052063, 15.1759395599, -14.5956878662, 14.3741531372, -17.0419692993, 31.4967269897, 28.6705589294, 86.87525177]],
        "icov": [[8.52439916343e-05, -0.000185460114153, 0.000183265874512, -0.000133269713842, 0.000128842395497, -0.000126474988065, 0.000213457416976, -0.000361620361218, 0.000301031745039, -0.000307229376631, 0.000389736844227, -0.000377876276616, 0.000248161522904], [-0.000185460114153, 0.00168385682628, 0.000104069142253, -0.000438505783677, -0.000676765921526, -0.000198438967345, -0.000388998916605, 0.000568778312299, -0.00098138093017, 0.00240238266997, -0.00243134004995, 0.00212599732913, -0.00108704238664], [0.000183265874512, 0.000104069142253, 0.00227327179164, -0.00101323088165, -0.00112974713556, -0.000545167014934, -0.00054988625925, -0.00112939439714, 0.00125369837042, 4.81191236759e-05, 0.00102186761796, -0.00201720162295, 0.00120843457989], [-0.000133269713842, -0.000438505783677, -0.00101323088165, 0.00451420526952, -0.000907095265575, -0.00183844659477, -0.000273230019957, 0.00194846710656, -0.000773489533458, -0.000815845967736, 0.000821448280476, 0.00152666040231, -0.000483879790409], [0.000128842395497, -0.000676765921526, -0.00112974713556, -0.000907095265575, 0.00561382295564, -0.00153991545085, 3.36986740876e-05, 0.000416190247051, -0.00197052536532, -0.00130102515686, 0.000442373479018, 0.000829053053167, -0.000181417708518], [-0.000126474988065, -0.000198438967345, -0.000545167014934, -0.00183844659477, -0.00153991545085, 0.00929892621934, -0.00226858770475, -0.00266985152848, 0.00125758920331, -0.00120726996101, 0.000798223132733, -0.00243912870064, 0.00177452468779], [0.000213457416976, -0.000388998916605, -0.00054988625925, -0.000273230019957, 3.36986740876e-05, -0.00226858770475, 0.0110174203292, -0.00420788628981, -0.00341700413264, 0.00398785155267, -0.004018841777, 0.00191021815408, -0.000525094976183], [-0.000361620361218, 0.000568778312299, -0.00112939439714, 0.00194846710656, 0.000416190247051, -0.00266985152848, -0.00420788628981, 0.0154615771025, -0.004133337643, -0.00439777690917, 0.00258359825239, -0.00282552861609, 0.000563647423405], [0.000301031745039, -0.00098138093017, 0.00125369837042, -0.000773489533458, -0.00197052536532, 0.00125758920331, -0.00341700413264, -0.004133337643, 0.0185878127813, -0.00769465090707, -0.00151378149167, 0.00325578427874, -0.00276559521444], [-0.000307229376631, 0.00240238266997, 4.81191236759e-05, -0.000815845967736, -0.00130102515686, -0.00120726996101, 0.00398785155267, -0.00439777690917, -0.00769465090707, 0.0229287035763, -0.00842827837914, -0.00204607495107, 0.00450322497636], [0.000389736844227, -0.00243134004995, 0.00102186761796, 0.000821448280476, 0.000442373479018, 0.000798223132733, -0.004018841777, 0.00258359825239, -0.00151378149167, -0.00842827837914, 0.0213909391314, -0.00918814726174, -0.000752886349801], [-0.000377876276616, 0.00212599732913, -0.00201720162295, 0.00152666040231, 0.000829053053167, -0.00243912870064, 0.00191021815408, -0.00282552861609, 0.00325578427874, -0.00204607495107, -0.00918814726174, 0.0244272854179, -0.0106705483049], [0.000248161522904, -0.00108704238664, 0.00120843457989, -0.000483879790409, -0.000181417708518, 0.00177452468779, -0.000525094976183, 0.000563647423405, -0.00276559521444, 0.00450322497636, -0.000752886349801, -0.0106705483049, 0.0195720642805]]
    },
    "melbands": {
        "dmean": [0.000332536030328, 0.000453385961009, 0.000267780647846, 0.000296622310998, 0.000281432672637, 0.000276273669442, 0.000317731755786, 0.000194485473912, 0.000286303838948, 0.000143993427628, 0.000151385975187, 0.00019198298105, 7.9929617641e-05, 0.000125184946228, 8.04725641501e-05, 5.36096231372e-05, 5.03246119479e-05, 3.61181773769e-05, 2.35716579482e-05, 2.05218148039e-05, 2.17565757339e-05, 1.38016830533e-05, 9.26282336877e-06, 8.54786321725e-06, 5.0661133173e-06, 4.57148462374e-06, 2.24823588724e-06, 1.84246596291e-06, 1.633378929e-06, 1.25842188936e-06, 1.13295641313e-06, 8.36115077618e-07, 7.06487924163e-07, 6.42185852939e-07, 5.56886959657e-07, 5.67975575905e-07, 5.33326385721e-07, 4.39165944499e-07, 3.30895915113e-07, 2.81170088101e-07],
        "dmean2": [0.000515804917086, 0.000698030984495, 0.000448614824563, 0.000489412806928, 0.000424749450758, 0.000433120003436, 0.000495420070365, 0.000303133652778, 0.000447463971796, 0.000236630847212, 0.000242050635279, 0.000300117215374, 0.000133873705636, 0.000204142881557, 0.000128773608594, 8.66850677994e-05, 8.27408439363e-05, 5.87152280787e-05, 3.78996883228e-05, 3.31941300828e-05, 3.47889508703e-05, 2.20836118388e-05, 1.46475967995e-05, 1.35628015414e-05, 8.04538558441e-06, 7.32134003556e-06, 3.49999641003e-06, 2.89254126074e-06, 2.51631695392e-06, 1.89560535091e-06, 1.74908370809e-06, 1.24517646327e-06, 1.03667582607e-06, 9.45050601331e-07, 8.34448712794e-07, 8.45822512474e-07, 7.96855431417e-07, 6.54044697512e-07, 4.75879289752e-07, 4.09066160501e-07],
        "dvar": [8.62587512529e-07, 1.36664789352e-06, 3.8592716578e-07, 3.91277723111e-07, 2.95258587357e-07, 2.70612503073e-07, 2.87018593781e-07, 1.29784794467e-07, 2.32662088706e-07, 9.30623542672e-08, 7.27909608145e-08, 1.11361899258e-07, 2.27455991819e-08, 4.27650803658e-08, 1.99455758576e-08, 1.06651398823e-08, 1.18464615895e-08, 3.93467836091e-09, 1.4114135416e-09, 1.36221178781e-09, 1.72521807951e-09, 6.35308305963e-10, 2.81293488502e-10, 1.97344349195e-10, 7.06123631788e-11, 4.78496270384e-11, 1.28028299767e-11, 1.08703697085e-11, 9.18430349134e-12, 4.49298671185e-12, 4.3167678633e-12, 2.04994549981e-12, 1.57856431919e-12, 1.45359093685e-12, 1.04225666726e-12, 1.14411366665e-12, 1.24190512475e-12, 8.82883989441e-13, 4.16905008779e-13, 3.11253084938e-13],
        "dvar2": [1.96122164198e-06, 3.32451850227e-06, 1.07084213141e-06, 1.00398210634e-06, 6.31968077869e-07, 6.52849280414e-07, 6.62513343741e-07, 2.87509237751e-07, 5.59233569675e-07, 2.28264582347e-07, 1.79267772182e-07, 2.58867316916e-07, 6.55339675859e-08, 1.10425958155e-07, 4.92661911267e-08, 2.54373375697e-08, 2.87308790092e-08, 9.72969971258e-09, 3.54400286895e-09, 3.47575279669e-09, 4.35536762211e-09, 1.61432966994e-09, 6.94139801194e-10, 4.85700979436e-10, 1.72863140468e-10, 1.17293924573e-10, 2.98906871476e-11, 2.48056210989e-11, 2.13351922934e-11, 9.597657738e-12, 9.53423538036e-12, 4.38212834075e-12, 3.39261474816e-12, 3.09573569036e-12, 2.25222835173e-12, 2.5377226362e-12, 2.81430738089e-12, 2.04210411602e-12, 8.95031770053e-13, 6.45226602182e-13],
        "max": [0.0224292427301, 0.0361096449196, 0.00792845059186, 0.00987421255559, 0.0161758773029, 0.00864066369832, 0.00756698660553, 0.00906210206449, 0.0081110233441, 0.0100961048156, 0.00584113551304, 0.00531854992732, 0.00273816892877, 0.003567090258, 0.0032316215802, 0.00249045994133, 0.00282074185088, 0.00132804363966, 0.000618594174739, 0.000879010127392, 0.000941955018789, 0.000436672504293, 0.000333400763338, 0.000307384238113, 0.000140628559166, 9.67771411524e-05, 6.41860533506e-05, 0.00010666072194, 5.6804765336e-05, 3.35019212798e-05, 4.36685149907e-05, 2.45696319325e-05, 1.77940146386e-05, 1.76833636942e-05, 1.36230155476e-05, 1.68167025549e-05, 2.02564988285e-05, 1.61384705279e-05, 1.11568315333e-05, 7.8569737525e-06],
        "mean": [0.000622912077233, 0.00083601300139, 0.000403944402933, 0.000437503593275, 0.000521186855622, 0.000469806254841, 0.000522298272699, 0.000320017832564, 0.000432093627751, 0.000239261047682, 0.000260156142758, 0.000295569741866, 0.000126068131067, 0.000192957551917, 0.000132730259793, 8.99215301615e-05, 7.59233298595e-05, 5.86378628213e-05, 4.33997774962e-05, 3.54535950464e-05, 3.57298122253e-05, 2.32848742598e-05, 1.53211312863e-05, 1.44428513522e-05, 8.67884500622e-06, 8.15815383248e-06, 4.08199048252e-06, 2.99794078273e-06, 2.67161658485e-06, 2.06574259209e-06, 1.76485991688e-06, 1.31835429329e-06, 1.09585130303e-06, 9.9376234175e-07, 8.26282018807e-07, 8.47097965107e-07, 7.37992309041e-07, 5.91504033309e-07, 4.50428103704e-07, 3.93593836634e-07],
        "median": [3.78238910343e-05, 7.93802391854e-05, 8.83176107891e-05, 0.000146026286529, 0.000224308547331, 0.00022395439737, 0.000247400021181, 0.000160765834153, 0.000212040991755, 0.000111515968456, 0.000142321194289, 0.000145186262671, 5.99307459197e-05, 0.000104926730273, 6.78528813296e-05, 4.62542302557e-05, 3.57580720447e-05, 2.87332240987e-05, 2.37097301579e-05, 1.97902409127e-05, 1.78284426511e-05, 1.26927616293e-05, 8.20062632556e-06, 7.98225300969e-06, 5.06026117364e-06, 5.09844676344e-06, 2.50678294833e-06, 1.6478049929e-06, 1.23430595522e-06, 1.01630030258e-06, 7.86184557455e-07, 5.97205371378e-07, 4.80482071907e-07, 4.00014926072e-07, 3.53959336508e-07, 3.36203129336e-07, 2.48949220349e-07, 1.80274867034e-07, 1.25674162632e-07, 9.94547875166e-08],
        "min": [8.73650633543e-25, 8.07513176198e-25, 8.9602992717e-25, 1.54671760471e-24, 8.72664656019e-25, 1.44822072791e-24, 1.98006138249e-24, 1.52757195054e-24, 2.16913497261e-24, 1.6715617455e-24, 3.57994387348e-24, 2.22015494608e-24, 1.9688759265e-24, 1.97167066347e-24, 3.33986273445e-24, 3.08108894462e-24, 3.36733323775e-24, 2.52447776179e-24, 2.94234132759e-24, 3.17272125243e-24, 3.72544847859e-24, 3.07507171085e-24, 3.69289534447e-24, 4.09522111145e-24, 3.40494809786e-24, 2.85496965753e-24, 3.90794198268e-24, 4.46745420148e-24, 5.20721088194e-24, 5.77866172168e-24, 5.3833599722e-24, 4.86686039425e-24, 4.67709674806e-24, 5.29018208865e-24, 4.83649477143e-24, 5.33086680098e-24, 5.2376897063e-24, 5.50074878578e-24, 6.57799751643e-24, 7.01063447483e-24],
        "var": [2.72944225799e-06, 3.42808039022e-06, 6.35262779269e-07, 6.33141553408e-07, 8.19306023914e-07, 5.32391482011e-07, 5.92635103658e-07, 2.67944699317e-07, 4.15037391122e-07, 1.9647757199e-07, 1.37699004199e-07, 1.89900120517e-07, 3.39885595224e-08, 7.33903533501e-08, 3.66952193076e-08, 1.92452098702e-08, 1.80396551031e-08, 7.21965065509e-09, 3.13668069296e-09, 2.69547362208e-09, 3.07944936218e-09, 1.07186493015e-09, 4.66055083415e-10, 3.54964058147e-10, 1.21545398746e-10, 9.10564609824e-11, 2.39243989203e-11, 1.82524828585e-11, 1.82826410261e-11, 8.776323418e-12, 7.3087230712e-12, 3.77143889035e-12, 2.60119053033e-12, 2.36483814302e-12, 1.56844253297e-12, 1.80512679457e-12, 1.76178494536e-12, 1.1975452097e-12, 6.99372905508e-13, 5.20353616966e-13]
    },
    "mfcc": {
        "mean": [-656.763305664, 126.097061157, -25.9102993011, -3.87249183655, -9.92406845093, -6.01580190659, -8.14390563965, -0.518194258213, -7.85466337204, -2.55943226814, -3.52092027664, 0.298918187618, -1.48954665661],
        "cov": [[12164.6542969, 1581.06555176, -435.091094971, 17.8935947418, 68.2317733765, -85.0330123901, -141.189697266, -12.0204706192, -2.93166089058, 51.3671722412, -26.5038566589, 37.8101806641, -44.1892738342], [1581.06555176, 1412.51940918, -129.679412842, 173.325180054, 83.9586868286, 107.080718994, 52.9598503113, 94.9371261597, -2.03035283089, 78.0905227661, -14.9801120758, 32.3556671143, -16.854593277], [-435.091094971, -129.679412842, 645.312683105, 180.51625061, 215.104705811, 180.475143433, 174.177032471, 138.513565063, 91.3643722534, 48.2426261902, 65.427772522, 26.5678005219, 35.6608314514], [17.8935947418, 173.325180054, 180.51625061, 327.238800049, 192.650482178, 171.820083618, 85.8908309937, 63.1258201599, 61.9559402466, 54.6012535095, 37.3259735107, 27.6797924042, -2.7669813633], [68.2317733765, 83.9586868286, 215.104705811, 192.650482178, 332.418670654, 192.275726318, 114.830406189, 75.5574798584, 81.9335174561, 62.7602386475, 65.8222808838, 44.3057785034, 17.6280174255], [-85.0330123901, 107.080718994, 180.475143433, 171.820083618, 192.275726318, 231.400009155, 112.034240723, 84.7028656006, 64.7445907593, 60.5242958069, 55.1976547241, 39.6209259033, 10.3163051605], [-141.189697266, 52.9598503113, 174.177032471, 85.8908309937, 114.830406189, 112.034240723, 159.252838135, 96.6813278198, 62.4745559692, 43.7296905518, 55.8616714478, 32.4276351929, 33.2023773193], [-12.0204706192, 94.9371261597, 138.513565063, 63.1258201599, 75.5574798584, 84.7028656006, 96.6813278198, 132.045898438, 67.9346237183, 49.7541999817, 35.8304824829, 33.3321609497, 26.9545383453], [-2.93166089058, -2.03035283089, 91.3643722534, 61.9559402466, 81.9335174561, 64.7445907593, 62.4745559692, 67.9346237183, 112.063537598, 54.0578193665, 45.9256515503, 30.487569809, 21.1943244934], [51.3671722412, 78.0905227661, 48.2426261902, 54.6012535095, 62.7602386475, 60.5242958069, 43.7296905518, 49.7541999817, 54.0578193665, 103.43976593, 47.2572479248, 40.5227050781, 12.956246376], [-26.5038566589, -14.9801120758, 65.427772522, 37.3259735107, 65.8222808838, 55.1976547241, 55.8616714478, 35.8304824829, 45.9256515503, 47.2572479248, 109.744857788, 45.7085037231, 37.0813179016], [37.8101806641, 32.3556671143, 26.5678005219, 27.6797924042, 44.3057785034, 39.6209259033, 32.4276351929, 33.3321609497, 30.487569809, 40.5227050781, 45.7085037231, 91.5889663696, 40.9113464355], [-44.1892738342, -16.854593277, 35.6608314514, -2.7669813633, 17.6280174255, 10.3163051605, 33.2023773193, 26.9545383453, 21.1943244934, 12.956246376, 37.0813179016, 40.9113464355, 86.17578125]],
