{
"lowlevel": {
    "average_loudness": 0.884883821011,
    "barkbands_crest": {
        "dmean": 3.29422283173,
        "dmean2": 5.30112075806,
        "dvar": 8.85921573639,
        "dvar2": 21.8283939362,
        "max": 26.3950252533,
        "mean": 12.5882110596,
        "median": 11.9984083176,
        "min": 2.29608249664,
        "var": 25.61835289
    },
    "barkbands_flatness_db": {
        "dmean": 0.0374505631626,
        "dmean2": 0.0551796555519,
        "dvar": 0.00152868859004,
        "dvar2": 0.00320663233288,
        "max": 0.497644484043,
        "mean": 0.163545116782,
        "median": 0.156132146716,
        "min": 0.0192460045218,
        "var": 0.00517748389393
    },
    "barkbands_kurtosis": {
        "dmean": 10.4505710602,
        "dmean2": 16.1888523102,
        "dvar": 674.8203125,
        "dvar2": 1593.27770996,
        "max": 964.648498535,
        "mean": 15.1033916473,
        "median": 6.61310482025,
        "min": -1.90494322777,
        "var": 924.37512207
    },
    "barkbands_skewness": {
        "dmean": 1.0788230896,
        "dmean2": 1.63013541698,
        "dvar": 1.7562340498,
        "dvar2": 4.01855516434,
        "max": 28.3369007111,
        "mean": 2.79048967361,
        "median": 2.55769562721,
        "min": -5.9513926506,
        "var": 4.97840213776
    },
    "barkbands_spread": {
        "dmean": 9.93787765503,
        "dmean2": 15.8215818405,
        "dvar": 148.616012573,
        "dvar2": 349.828857422,
        "max": 121.222839355,
        "mean": 22.7707500458,
        "median": 18.0487995148,
        "min": 0.258244156837,
        "var": 339.940734863
    },
    "dissonance": {
        "dmean": 0.0112779038027,
        "dmean2": 0.0186747200787,
        "dvar": 0.00015286137932,
        "dvar2": 0.000397942378186,
        "max": 0.500000119209,
        "mean": 0.480330318213,
        "median": 0.485173761845,
        "min": 0.253486961126,
        "var": 0.000294132099953
    },
    "dynamic_complexity": 3.60340070724,
    "erbbands_crest": {
        "dmean": 2.50076031685,
        "dmean2": 3.95809841156,
        "dvar": 6.38785839081,
        "dvar2": 14.4651794434,
        "max": 29.5587329865,
        "mean": 7.71176195145,
        "median": 6.50954151154,
        "min": 2.0034673214,
        "var": 17.1337680817
    },
    "erbbands_flatness_db": {
        "dmean": 0.0189654156566,
        "dmean2": 0.0264500807971,
        "dvar": 0.000386464089388,
        "dvar2": 0.000762390031014,
        "max": 0.44269618392,
        "mean": 0.132278963923,
        "median": 0.125092312694,
        "min": 0.0367560945451,
        "var": 0.00203581876121
    },
    "erbbands_kurtosis": {
        "dmean": 1.03990709782,
        "dmean2": 1.63315021992,
        "dvar": 2.91339468956,
        "dvar2": 6.74467229843,
        "max": 30.4407348633,
        "mean": 0.0575033575296,
        "median": -0.613531589508,
        "min": -1.90353858471,
        "var": 4.96575546265
    },
    "erbbands_skewness": {
        "dmean": 0.4739164114,
        "dmean2": 0.702170431614,
        "dvar": 0.268670350313,
        "dvar2": 0.599902689457,
        "max": 5.23617267609,
        "mean": 0.0479413047433,
        "median": -0.0584796071053,
        "min": -3.45789408684,
        "var": 0.773891985416
    },
    "erbbands_spread": {
        "dmean": 13.3988285065,
        "dmean2": 20.4430103302,
        "dvar": 187.847763062,
        "dvar2": 421.512329102,
        "max": 194.208465576,
        "mean": 59.7051429749,
        "median": 57.6833992004,
        "min": 1.73267364502,
        "var": 672.669189453
    },
    "hfc": {
        "dmean": 11.4544248581,
        "dmean2": 18.7751979828,
        "dvar": 426.305267334,
        "dvar2": 1128.99560547,
        "max": 216.366943359,
        "mean": 20.0775547028,
        "median": 13.434428215,
        "min": 1.07762350581e-16,
        "var": 479.033660889
    },
    "melbands_crest": {
        "dmean": 3.88035297394,
        "dmean2": 6.16025543213,
        "dvar": 11.2621889114,
        "dvar2": 26.8581352234,
        "max": 36.8111724854,
        "mean": 17.7617664337,
        "median": 17.266242981,
        "min": 1.63284027576,
        "var": 37.7054519653
    },
    "melbands_flatness_db": {
        "dmean": 0.0453073941171,
        "dmean2": 0.0671766996384,
        "dvar": 0.00229085888714,
        "dvar2": 0.00495149707422,
        "max": 0.631551027298,
        "mean": 0.236249119043,
        "median": 0.235466137528,
        "min": 0.00419515324757,
        "var": 0.00863871071488
    },
    "melbands_kurtosis": {
        "dmean": 28.2224712372,
        "dmean2": 42.8057441711,
        "dvar": 2378.64892578,
        "dvar2": 5096.16113281,
        "max": 887.790893555,
        "mean": 51.2189025879,
        "median": 30.155456543,
        "min": -1.8709962368,
        "var": 4868.04736328
    },
    "melbands_skewness": {
        "dmean": 1.50457561016,
        "dmean2": 2.26496052742,
        "dvar": 2.75643992424,
        "dvar2": 6.00047111511,
        "max": 21.3262653351,
        "mean": 5.11851024628,
        "median": 4.72091722488,
        "min": -2.98517537117,
        "var": 9.80439567566
    },
    "melbands_spread": {
        "dmean": 9.724152565,
        "dmean2": 15.6598501205,
        "dvar": 211.966033936,
        "dvar2": 501.301513672,
        "max": 243.33480835,
        "mean": 20.0183696747,
        "median": 10.8396835327,
        "min": 0.324773848057,
        "var": 638.575317383
    },
    "pitch_salience": {
        "dmean": 0.095509916544,
        "dmean2": 0.147591799498,
        "dvar": 0.00765171088278,
        "dvar2": 0.0177038684487,
        "max": 0.882178425789,
        "mean": 0.51312482357,
        "median": 0.54004907608,
        "min": 0.0404036156833,
        "var": 0.0224208664149
    },
    "silence_rate_20dB": {
        "dmean": 0,
        "dmean2": 0,
        "dvar": 0,
        "dvar2": 0,
        "max": 1,
        "mean": 1,
        "median": 1,
        "min": 1,
        "var": 0
    },
    "silence_rate_30dB": {
        "dmean": 0.0424655377865,
        "dmean2": 0.0849378034472,
        "dvar": 0.0406615771353,
        "dvar2": 0.0972072929144,
        "max": 1,
        "mean": 0.959439098835,
        "median": 1,
        "min": 0,
        "var": 0.0389177314937
    },
    "silence_rate_60dB": {
        "dmean": 0.0198066867888,
        "dmean2": 0.0396165139973,
        "dvar": 0.0194161981344,
        "dvar2": 0.0426360778511,
        "max": 1,
        "mean": 0.12168264389,
        "median": 0,
        "min": 0,
        "var": 0.106888450682
    },
    "spectral_centroid": {
        "dmean": 413.09664917,
        "dmean2": 635.502990723,
        "dvar": 210124.421875,
        "dvar2": 484620.5,
        "max": 11506.7714844,
        "mean": 1417.46569824,
        "median": 1267.47265625,
        "min": 134.098632812,
        "var": 950324.375
    },
    "spectral_complexity": {
        "dmean": 6.05086374283,
        "dmean2": 9.33333301544,
        "dvar": 58.8886032104,
        "dvar2": 127.658248901,
        "max": 65,
        "mean": 16.3899230957,
        "median": 13,
        "min": 0,
        "var": 153.819412231
    },
    "spectral_decrease": {
        "dmean": 4.07699829452e-09,
        "dmean2": 6.23837914659e-09,
        "dvar": 2.65502990169e-17,
        "dvar2": 6.49035356239e-17,
        "max": 1.71781602831e-10,
        "mean": -1.06138022815e-08,
        "median": -9.11047770558e-09,
        "min": -5.61682185207e-08,
        "var": 7.56795417184e-17
    },
    "spectral_energy": {
        "dmean": 0.0158315226436,
        "dmean2": 0.0242265351117,
        "dvar": 0.000388733868022,
        "dvar2": 0.00095410522772,
        "max": 0.214555382729,
        "mean": 0.041880030185,
        "median": 0.036410164088,
        "min": 9.79658191442e-21,
        "var": 0.00112869834993
    },
    "spectral_energyband_high": {
        "dmean": 0.000883931119461,
        "dmean2": 0.001470975345,
        "dvar": 2.95028962682e-06,
        "dvar2": 7.80985737947e-06,
        "max": 0.0205832626671,
        "mean": 0.0013131435262,
        "median": 0.000512710772455,
        "min": 7.15505656083e-21,
        "var": 3.8048526676e-06
    },
    "spectral_energyband_low": {
        "dmean": 0.0142280878499,
        "dmean2": 0.0222009103745,
        "dvar": 0.000404222664656,
        "dvar2": 0.000980496755801,
        "max": 0.20922935009,
        "mean": 0.02761891298,
        "median": 0.019471719861,
        "min": 2.39086748309e-23,
        "var": 0.000838057894725
    },
    "spectral_energyband_middle_high": {
        "dmean": 0.00200158264488,
        "dmean2": 0.00328495190479,
        "dvar": 1.28524970933e-05,
        "dvar2": 3.32998752128e-05,
        "max": 0.036890514195,
        "mean": 0.00292484136298,
        "median": 0.00159671902657,
        "min": 1.05744035128e-21,
        "var": 1.41818691191e-05
    },
    "spectral_energyband_middle_low": {
        "dmean": 0.00787423551083,
        "dmean2": 0.0125331049785,
        "dvar": 0.000202429524506,
        "dvar2": 0.00047628255561,
        "max": 0.165715113282,
        "mean": 0.012971367687,
        "median": 0.00861305836588,
        "min": 1.81099832997e-22,
        "var": 0.000250882934779
    },
    "spectral_entropy": {
        "dmean": 0.229988366365,
        "dmean2": 0.328432291746,
        "dvar": 0.0731359124184,
        "dvar2": 0.151613205671,
        "max": 9.82050323486,
        "mean": 7.71559286118,
        "median": 7.81489515305,
        "min": 4.71293258667,
        "var": 0.24951004982
    },
    "spectral_flux": {
        "dmean": 0.0352936834097,
        "dmean2": 0.0522860810161,
        "dvar": 0.00145247066393,
        "dvar2": 0.00297712162137,
        "max": 0.451723188162,
        "mean": 0.104436777532,
        "median": 0.0903582572937,
        "min": 6.41508096644e-11,
        "var": 0.00537894992158
    },
    "spectral_kurtosis": {
        "dmean": 1.41010630131,
        "dmean2": 2.27745366096,
        "dvar": 6.96064805984,
        "dvar2": 15.3067493439,
        "max": 147.683532715,
        "mean": 3.17266988754,
        "median": 2.2382311821,
        "min": -1.30760920048,
        "var": 15.8491687775
    },
    "spectral_rms": {
        "dmean": 0.00112223520409,
        "dmean2": 0.00168627756648,
        "dvar": 1.44649118283e-06,
        "dvar2": 3.37910250892e-06,
        "max": 0.014467976056,
        "mean": 0.00573214609176,
        "median": 0.00596004305407,
        "min": 3.09154351424e-12,
        "var": 8.00107045507e-06
    },
    "spectral_rolloff": {
        "dmean": 770.486633301,
        "dmean2": 1325.34130859,
        "dvar": 2023200.75,
        "dvar2": 4843941,
        "max": 19272.2167969,
        "mean": 1396.02929688,
        "median": 301.46484375,
        "min": 43.06640625,
        "var": 5440756
    },
    "spectral_skewness": {
        "dmean": 0.230028882623,
        "dmean2": 0.353200525045,
        "dvar": 0.0807163268328,
        "dvar2": 0.182981669903,
        "max": 9.82828330994,
        "mean": 1.26141643524,
        "median": 1.16563081741,
        "min": -0.155443415046,
        "var": 0.288688421249
    },
    "spectral_spread": {
        "dmean": 714103.4375,
        "dmean2": 975510.6875,
        "dvar": 923230470144,
        "dvar2": 1.75256672666e+12,
        "max": 48488644,
        "mean": 5351682,
        "median": 5119312,
        "min": 725608.9375,
        "var": 6.0695290839e+12
    },
    "spectral_strongpeak": {
        "dmean": 0.247360870242,
        "dmean2": 0.403455287218,
        "dvar": 0.136505290866,
        "dvar2": 0.317743003368,
        "max": 9.53711891174,
        "mean": 0.496295511723,
        "median": 0.373382747173,
        "min": 0,
        "var": 0.233129888773
    },
    "zerocrossingrate": {
        "dmean": 0.0151095231995,
        "dmean2": 0.0184184275568,
        "dvar": 0.000318716542097,
        "dvar2": 0.000411001208704,
        "max": 0.86865234375,
        "mean": 0.0609095171094,
        "median": 0.044921875,
        "min": 0.00146484375,
        "var": 0.00373727967963
    },
    "barkbands": {
        "dmean": [0.000383276579669, 0.00988450367004, 0.00669488869607, 0.00516034662724, 0.00436869356781, 0.000640618498437, 0.000271710829111, 0.000111025197839, 0.00012755964417, 9.78466850938e-05, 0.000198489549803, 0.000259403692326, 0.000284545210889, 0.000239867469645, 0.00022439766326, 0.000221140988288, 0.000275570375379, 0.000315446057357, 0.000236859166762, 0.000185927245184, 0.000204433308681, 0.000184097661986, 0.000138512565172, 9.20130987652e-05, 0.000107560015749, 0.000125156278955, 2.84570214717e-05],
        "dmean2": [0.000596981437411, 0.0151414759457, 0.0107566155493, 0.00896662753075, 0.00737514160573, 0.00102659896947, 0.000432034634287, 0.000181856783456, 0.000208325946005, 0.000162179188919, 0.000330031354679, 0.000422594195697, 0.000473455060273, 0.000389269087464, 0.000385008956073, 0.00036086482578, 0.000469542021165, 0.000546619587112, 0.00041227415204, 0.000311696436256, 0.000340832542861, 0.000306696863845, 0.000231260361033, 0.00015049004287, 0.000176409681444, 0.000220310801524, 5.18101514899e-05],
        "dvar": [5.24012364167e-07, 0.000242844005697, 0.000186464749277, 0.000152872758918, 7.89301338955e-05, 1.5016597672e-06, 3.8561375959e-07, 7.89907375065e-08, 1.05403671569e-07, 7.99949688712e-08, 2.18927041828e-07, 2.54253251342e-07, 4.07288524684e-07, 2.6770433692e-07, 2.14258918163e-07, 1.55100181587e-07, 2.81328908613e-07, 4.08501819038e-07, 2.22455682319e-07, 1.53645345335e-07, 1.51816820448e-07, 1.229668527e-07, 9.38182722621e-08, 3.57334499768e-08, 7.8466548814e-08, 1.98083370151e-07, 1.34047892786e-08],
        "dvar2": [1.27038174469e-06, 0.00057651224779, 0.000458882976091, 0.000432168802945, 0.000216969448957, 3.77662991013e-06, 8.38580831442e-07, 1.89820212881e-07, 2.66735099785e-07, 1.89459427702e-07, 5.96270467668e-07, 6.25752534233e-07, 1.07082553313e-06, 6.53976599096e-07, 5.75159162963e-07, 3.76520404188e-07, 7.39048800824e-07, 1.11265171654e-06, 6.1247311578e-07, 4.01196984967e-07, 3.86880486758e-07, 3.24485199599e-07, 2.51618473612e-07, 9.32395423092e-08, 2.0652092303e-07, 5.40454436759e-07, 3.74083661825e-08],
        "max": [0.0130181359127, 0.189172267914, 0.164751499891, 0.136367321014, 0.0985844135284, 0.0295025315136, 0.0128983035684, 0.00888866279274, 0.0108458008617, 0.0106079336256, 0.0110755199566, 0.0159363001585, 0.00680112745613, 0.00565884821117, 0.00702258013189, 0.00560627644882, 0.00789809785783, 0.00790673308074, 0.0071956589818, 0.00525015825406, 0.00636518793181, 0.00525886751711, 0.00439994316548, 0.00329373590648, 0.00455764587969, 0.00640411255881, 0.00127626466565],
        "mean": [0.000771636026911, 0.0159818157554, 0.00794024951756, 0.0052196518518, 0.00593987153843, 0.00104340421967, 0.000414204288973, 0.000152024527779, 0.000169039019966, 0.000123403282487, 0.000259839376668, 0.00034643089748, 0.000305080262478, 0.00028848144575, 0.000255936989561, 0.000289713672828, 0.00030008534668, 0.000337536766892, 0.000298496364849, 0.000276952254353, 0.000309811875923, 0.000270985678071, 0.000211411621422, 0.000144254008774, 0.000120133016026, 9.18194855331e-05, 1.77235633601e-05],
        "median": [0.000192654450075, 0.00940449163318, 0.00277813989669, 0.00185954652261, 0.00322010810487, 0.000578020466492, 0.000167953432538, 6.06029898336e-05, 6.98484218447e-05, 4.68845537398e-05, 8.83073735167e-05, 0.000138985793456, 9.11262904992e-05, 9.02413521544e-05, 8.99049045984e-05, 0.000123260382679, 0.000116633920697, 0.000118553572975, 0.000126472194097, 0.000102276069811, 0.000118399977509, 9.76862866082e-05, 6.83266480337e-05, 4.76059285575e-05, 3.07405389322e-05, 6.36221102468e-06, 1.12124489249e-07],
        "min": [9.6650439386e-25, 4.78560890431e-24, 1.5616021281e-24, 1.44881799422e-24, 9.40063452647e-24, 8.4176625626e-24, 6.16494245228e-24, 6.84938657264e-24, 1.87267485187e-23, 2.03259147239e-23, 2.23633752036e-23, 2.67624880183e-23, 3.18113934492e-23, 2.32057666321e-23, 5.82333081266e-23, 7.60458504754e-23, 9.31380807762e-23, 8.56625950246e-23, 1.31787481479e-22, 1.83597290892e-22, 2.93528604754e-22, 3.86479340531e-22, 4.26583665801e-22, 6.78129522319e-22, 1.00592159998e-21, 1.3298876139e-21, 2.07630613635e-21],
        "var": [1.77949982572e-06, 0.000402069737902, 0.000202316048671, 0.000110298926302, 7.4204763223e-05, 2.41667021328e-06, 7.5613803574e-07, 1.06048318571e-07, 1.33285254833e-07, 9.72765974439e-08, 3.25488827002e-07, 4.08106870964e-07, 3.62820799182e-07, 2.95913366699e-07, 2.0168181436e-07, 2.26568602102e-07, 2.51308932775e-07, 3.5430753087e-07, 2.26741704523e-07, 2.30618553587e-07, 2.5800963499e-07, 1.85669662756e-07, 1.35736243578e-07, 5.17602920524e-08, 6.42319193389e-08, 1.28849322323e-07, 8.14173262143e-09]
    },
    "erbbands": {
        "dmean": [0.273199498653, 2.32952070236, 6.71666574478, 13.1614408493, 15.2557449341, 14.9763917923, 7.66955757141, 4.7556271553, 3.16314482689, 4.7658033371, 2.0872631073, 2.5844836235, 3.07018280029, 4.51840162277, 7.88324642181, 11.1573390961, 12.4547872543, 11.5305013657, 12.2998819351, 12.8798055649, 11.4309120178, 15.8910694122, 15.7480821609, 14.7664308548, 10.9259271622, 8.60848999023, 8.23327350616, 8.23387050629, 6.69997119904, 5.1309709549, 3.84533905983, 2.18455505371, 1.5436360836, 1.23331344128, 0.798264920712, 0.55481749773, 0.216023519635, 0.0592259578407, 0.00389523501508, 7.72069834056e-05],
        "dmean2": [0.419165879488, 3.54562592506, 10.3237142563, 22.1806812286, 25.3616905212, 25.4106235504, 12.1962127686, 7.80013608932, 5.18708944321, 7.40079450607, 3.37889623642, 4.24265193939, 4.99386167526, 7.54261541367, 12.9849023819, 18.1513767242, 20.6583995819, 18.7618350983, 20.4257221222, 21.507434845, 18.992483139, 27.0819377899, 27.0495433807, 25.6435546875, 19.1197624207, 14.393825531, 13.8702926636, 13.6067552567, 11.051358223, 8.74765872955, 6.34517812729, 3.61736512184, 2.538615942, 2.01775503159, 1.33829653263, 0.974260509014, 0.378760963678, 0.105905249715, 0.00708138942719, 0.000134441273985],
        "dvar": [0.19219443202, 14.8288030624, 162.079376221, 880.890136719, 924.310668945, 950.679443359, 198.056503296, 93.5615005493, 41.409576416, 195.896011353, 27.1943092346, 43.6812095642, 61.3938102722, 117.937438965, 284.148712158, 458.531616211, 776.690673828, 480.824951172, 886.194885254, 593.943725586, 396.939819336, 1001.03887939, 994.684448242, 991.886962891, 489.309051514, 318.958312988, 310.94229126, 213.621002197, 158.910400391, 124.830718994, 71.5166625977, 21.9268169403, 9.86773681641, 9.32889270782, 5.15971326828, 3.79420876503, 0.58465719223, 0.0496667176485, 0.000247910968028, 5.82341357358e-08],
        "dvar2": [0.469218671322, 34.2782020569, 387.263519287, 2341.53149414, 2367.12768555, 2631.74438477, 489.715545654, 242.919525146, 107.451805115, 413.618164062, 59.225730896, 114.444534302, 144.782028198, 292.31036377, 754.884460449, 1124.35839844, 2030.15991211, 1168.5234375, 2323.51635742, 1502.73327637, 1015.90808105, 2634.55004883, 2687.09423828, 2732.24047852, 1352.21032715, 825.842773438, 835.488952637, 538.664001465, 401.042236328, 338.651885986, 189.329986572, 57.694355011, 25.9205856323, 24.6140289307, 13.7762870789, 10.4272241592, 1.57977676392, 0.136817529798, 0.000689363339916, 1.61461045423e-07],
        "max": [5.32854747772, 49.4818344116, 131.999237061, 315.610015869, 343.884216309, 481.848846436, 429.811767578, 229.613922119, 116.664527893, 335.76675415, 198.64414978, 193.728164673, 277.988800049, 376.034545898, 338.056640625, 791.917236328, 337.817871094, 270.734283447, 348.258392334, 461.684875488, 276.638122559, 503.106414795, 373.258331299, 494.693054199, 271.584991455, 225.581741333, 323.52230835, 154.695327759, 227.672607422, 167.11630249, 121.073539734, 62.3301429749, 55.2082290649, 40.9333457947, 42.3870048523, 35.2448616028, 9.20586585999, 2.32847452164, 0.17099532485, 0.00269383192062],
        "mean": [0.474726438522, 3.50347399712, 8.66686725616, 15.1172933578, 19.4126319885, 19.5377044678, 12.6333656311, 7.44969987869, 4.90160322189, 6.98004627228, 3.03281378746, 3.40481424332, 4.276699543, 6.22391605377, 11.2024259567, 14.6582574844, 14.0499191284, 14.82280159, 13.8156480789, 16.6521911621, 14.4248189926, 17.256696701, 17.4106216431, 17.5161838531, 14.1369943619, 12.8335094452, 12.4258842468, 12.2229280472, 10.0269527435, 7.28083181381, 5.96703290939, 3.44846916199, 2.3166706562, 1.48762857914, 0.799868285656, 0.428271561861, 0.157524466515, 0.0395692065358, 0.00247015478089, 8.98830767255e-05],
        "median": [0.255954027176, 1.76935648918, 3.42701411247, 6.44019269943, 9.33480453491, 9.51319408417, 7.44781732559, 3.85834908485, 2.53641176224, 2.26476335526, 1.40408217907, 1.45734405518, 1.87188708782, 2.54770541191, 4.47214841843, 6.0648560524, 4.49317455292, 5.1845998764, 4.34266138077, 6.56639480591, 6.92679643631, 6.74217414856, 6.52650737762, 6.61613941193, 6.4434466362, 4.75252199173, 4.84640598297, 4.58789205551, 3.47117590904, 2.56648850441, 1.83405125141, 1.1807795763, 0.7205914855, 0.402440100908, 0.176014497876, 0.0474927425385, 0.00805126223713, 0.00096072780434, 5.17567787028e-05, 4.79012014694e-05],
        "min": [1.51462290923e-22, 1.15847018393e-21, 3.32656499452e-21, 3.717012419e-21, 1.21854771001e-20, 3.70018955251e-20, 4.08517524235e-20, 6.17922464517e-20, 1.26974201506e-19, 2.34228675702e-19, 2.10033539387e-19, 4.85736895906e-19, 5.74120937562e-19, 7.45989526708e-19, 9.88969695743e-19, 1.18733732601e-18, 1.27361319447e-18, 2.21542025701e-18, 1.75416449512e-18, 4.28419173118e-18, 4.06134555184e-18, 5.95123363507e-18, 5.00227880146e-18, 6.37585149969e-18, 6.55900417656e-18, 9.18257830207e-18, 1.14195774265e-17, 1.28737857588e-17, 1.27495473667e-17, 1.10072576697e-17, 1.22676468311e-17, 1.30849633148e-17, 1.04093541521e-17, 9.50706884866e-18, 7.14036284108e-18, 4.90810635668e-18, 2.417332563e-18, 1.02655916092e-18, 2.50434022781e-19, 2.87722206809e-20],
        "var": [0.37154468894, 23.3274555206, 204.881698608, 760.179138184, 915.65814209, 943.362426758, 340.958618164, 136.925994873, 60.1246490479, 381.237182617, 40.062702179, 48.0812568665, 87.0461349487, 167.209182739, 410.961730957, 728.828186035, 716.891174316, 596.732727051, 774.732971191, 768.353271484, 428.443206787, 866.604309082, 869.51159668, 895.960876465, 496.56362915, 481.202789307, 459.710327148, 352.790771484, 278.136962891, 151.874191284, 113.307571411, 33.0254135132, 13.2649898529, 8.16375827789, 3.84428787231, 2.44237732887, 0.388426989317, 0.031361348927, 0.000151773754624, 3.85708887052e-08]
    },
    "gfcc": {
        "mean": [-25.8476982117, 80.2501602173, -97.9622802734, 63.2565460205, -42.796546936, 23.9667396545, -36.730884552, 2.1958758831, -27.5879573822, 0.0686665773392, -13.5593452454, 1.84637928009, -8.29369163513],
        "cov": [[23008.8769531, 649.010559082, 808.548706055, 1826.91503906, -186.545608521, 489.93762207, -637.428283691, 28.911447525, -813.10345459, 13.8453769684, -229.379699707, 208.656707764, -394.128509521], [649.010559082, 2081.66113281, 3.84032845497, 97.2180404663, 220.688400269, -232.692718506, 199.437347412, -219.771286011, 71.5509033203, -197.171646118, 216.758621216, -92.7480010986, 155.833847046], [808.548706055, 3.84032845497, 967.053466797, 255.830932617, 162.604553223, 63.8874206543, 4.68915367126, 37.1433448792, -62.1252174377, 23.0307254791, -38.7992553711, 18.0859909058, -23.7418670654], [1826.91503906, 97.2180404663, 255.830932617, 681.73260498, 10.3205327988, 79.1215057373, 14.0025491714, -16.0221309662, -39.5036964417, -37.7238197327, -20.9025802612, -47.0086593628, 8.22112846375], [-186.545608521, 220.688400269, 162.604553223, 10.3205327988, 358.467346191, -4.15225887299, 83.1737747192, -1.08334922791, 34.9098167419, -4.7604970932, 39.3480529785, 10.0707454681, 12.4043960571], [489.93762207, -232.692718506, 63.8874206543, 79.1215057373, -4.15225887299, 213.277984619, -3.0440094471, 69.0122146606, -16.8707180023, 28.9635257721, -11.2093915939, 14.9475231171, -7.51660060883], [-637.428283691, 199.437347412, 4.68915367126, 14.0025491714, 83.1737747192, -3.0440094471, 211.927825928, 25.3775348663, 72.8034057617, -18.1589374542, 36.9419670105, -11.3485965729, 26.3000259399], [28.911447525, -219.771286011, 37.1433448792, -16.0221309662, -1.08334922791, 69.0122146606, 25.3775348663, 171.525177002, 34.0246963501, 51.8303565979, -9.97033882141, 4.8208155632, 2.84484958649], [-813.10345459, 71.5509033203, -62.1252174377, -39.5036964417, 34.9098167419, -16.8707180023, 72.8034057617, 34.0246963501, 157.21661377, 48.1318092346, 44.9322662354, -8.58840274811, 32.0587310791], [13.8453769684, -197.171646118, 23.0307254791, -37.7238197327, -4.7604970932, 28.9635257721, -18.1589374542, 51.8303565979, 48.1318092346, 130.108337402, 16.7483291626, 24.0203609467, -8.51333999634], [-229.379699707, 216.758621216, -38.7992553711, -20.9025802612, 39.3480529785, -11.2093915939, 36.9419670105, -9.97033882141, 44.9322662354, 16.7483291626, 110.774185181, 21.9762153625, 34.0249290466], [208.656707764, -92.7480010986, 18.0859909058, -47.0086593628, 10.0707454681, 14.9475231171, -11.3485965729, 4.8208155632, -8.58840274811, 24.0203609467, 21.9762153625, 94.5524673462, 0.820239543915], [-394.128509521, 155.833847046, -23.7418670654, 8.22112846375, 12.4043960571, -7.51660060883, 26.3000259399, 2.84484958649, 32.0587310791, -8.51333999634, 34.0249290466, 0.820239543915, 94.0603408813]],
        "icov": [[0.000132601504447, -0.00030717664049, 0.000100167388155, -0.000375436153263, 3.40832521033e-05, -0.000212628510781, 0.00033080810681, -0.000366411550203, 0.000503463263158, -0.000445750018116, 0.000459139700979, -0.000664744060487, 0.000647500914056], [-0.00030717664049, 0.00189086864702, -0.000407666084357, 0.000817121355794, -0.000366799678886, 0.00118458911311, -0.00119284470566, 0.00165230757557, -0.00113670877181, 0.00227538403124, -0.0032022879459, 0.00272542214952, -0.00243954942562], [0.000100167388155, -0.000407666084357, 0.00148922309745, -0.000797742570285, -0.000649733177852, -0.000224375180551, 0.000235200379393, -0.000674742332194, 0.00105108553544, -0.00109921849798, 0.00118024274707, -0.00104066019412, 0.00068754242966], [-0.000375436153263, 0.000817121355794, -0.000797742570285, 0.00293597346172, 0.00011263856868, -0.000245041534072, -0.00108174083289, 0.00147688423749, -0.00127144949511, 0.00155776448082, -0.00130567804445, 0.0028747159522, -0.00213992921636], [3.40832521033e-05, -0.000366799678886, -0.000649733177852, 0.00011263856868, 0.0035967961885, -0.000241722082137, -0.000890346884262, -7.90169997344e-06, -0.000351859664079, -1.56671449076e-05, -0.000323192827636, -0.000663909711875, 0.000573405064642], [-0.000212628510781, 0.00118458911311, -0.000224375180551, -0.000245041534072, -0.000241722082137, 0.00681391963735, -0.00093193812063, -0.00138032785617, 0.000451372732641, 0.0005124421441, -0.00190443487372, 0.000825280323625, -0.00143576296978], [0.00033080810681, -0.00119284470566, 0.000235200379393, -0.00108174083289, -0.000890346884262, -0.00093193812063, 0.00784991402179, -0.00242662825622, -0.00198670499958, 0.00115528702736, 0.000662314414512, -0.00182003714144, 0.001995714847], [-0.000366411550203, 0.00165230757557, -0.000674742332194, 0.00147688423749, -7.90169997344e-06, -0.00138032785617, -0.00242662825622, 0.00977989844978, -0.00243758014403, -0.000560896587558, -0.000907397654373, 0.00288173393346, -0.00321557675488], [0.000503463263158, -0.00113670877181, 0.00105108553544, -0.00127144949511, -0.000351859664079, 0.000451372732641, -0.00198670499958, -0.00243758014403, 0.0132142864168, -0.00653798831627, -0.000344133091858, -0.000267057388555, 0.000112178262498], [-0.000445750018116, 0.00227538403124, -0.00109921849798, 0.00155776448082, -1.56671449076e-05, 0.0005124421441, 0.00115528702736, -0.000560896587558, -0.00653798831627, 0.0149514405057, -0.0054482575506, 0.00116912019439, -0.000771919963881], [0.000459139700979, -0.0032022879459, 0.00118024274707, -0.00130567804445, -0.000323192827636, -0.00190443487372, 0.000662314414512, -0.000907397654373, -0.000344133091858, -0.0054482575506, 0.0183477550745, -0.00748336594552, 0.000426359998528], [-0.000664744060487, 0.00272542214952, -0.00104066019412, 0.0028747159522, -0.000663909711875, 0.000825280323625, -0.00182003714144, 0.00288173393346, -0.000267057388555, 0.00116912019439, -0.00748336594552, 0.0173766165972, -0.00448709819466], [0.000647500914056, -0.00243954942562, 0.00068754242966, -0.00213992921636, 0.000573405064642, -0.00143576296978, 0.001995714847, -0.00321557675488, 0.000112178262498, -0.000771919963881, 0.000426359998528, -0.00448709819466, 0.0168725792319]]
    },
    "melbands": {
        "dmean": [0.00257065356709, 0.00307869771495, 0.00217825826257, 0.00110991578549, 0.000322756648529, 0.000106276704173, 5.0178856327e-05, 4.57606292912e-05, 1.59471710504e-05, 1.78170485015e-05, 1.55257730512e-05, 1.75164313987e-05, 2.89849158435e-05, 2.71349963441e-05, 2.84837642539e-05, 2.88161336357e-05, 2.13290386455e-05, 2.16323423956e-05, 1.63285876624e-05, 1.70551811607e-05, 1.33801704578e-05, 1.708774289e-05, 1.46879237946e-05, 1.58293969434e-05, 1.19599435493e-05, 8.97302288649e-06, 7.34178865969e-06, 5.64765105082e-06, 5.60086255064e-06, 5.17224043506e-06, 4.95951599078e-06, 4.19943125962e-06, 3.14114072353e-06, 2.82628616333e-06, 2.30754585573e-06, 1.88452440852e-06, 1.24329005757e-06, 1.15709428883e-06, 1.0286566976e-06, 1.06038271497e-06],
        "dmean2": [0.00395350111648, 0.00466912379488, 0.00355945480987, 0.00187525071669, 0.000518068904057, 0.000173233813257, 8.15818202682e-05, 7.14438356226e-05, 2.61607674474e-05, 2.91197775368e-05, 2.52475583693e-05, 2.9252960303e-05, 4.7946232371e-05, 4.3959767936e-05, 4.62229763798e-05, 4.77842550026e-05, 3.48748835677e-05, 3.57894969056e-05, 2.80087097053e-05, 2.74804151559e-05, 2.24916711886e-05, 2.92302702292e-05, 2.52477602771e-05, 2.75223319477e-05, 2.08274414035e-05, 1.57412268891e-05, 1.26811228256e-05, 9.47086846281e-06, 9.57851079875e-06, 8.57112445374e-06, 8.25162987894e-06, 6.9684765549e-06, 5.32625199412e-06, 4.85123609906e-06, 3.81347376788e-06, 3.16626096719e-06, 2.05210835702e-06, 1.92197308024e-06, 1.69735369582e-06, 1.74437093392e-06],
        "dvar": [1.58766561071e-05, 2.67548075499e-05, 2.11364640563e-05, 5.14793191542e-06, 3.11704525302e-07, 4.46016095168e-08, 1.02185264694e-08, 1.76327841217e-08, 1.52877499549e-09, 2.17829954074e-09, 1.5761006944e-09, 1.9758896741e-09, 4.60185578532e-09, 3.03014924263e-09, 3.72994435338e-09, 4.23027657348e-09, 1.67729519163e-09, 3.13495496229e-09, 1.04468211859e-09, 1.01816877152e-09, 5.75972602945e-10, 1.20691401317e-09, 9.09184727504e-10, 1.12951947795e-09, 6.71744548875e-10, 3.25681787094e-10, 2.53384202509e-10, 1.35395278322e-10, 1.72051692338e-10, 1.09742978593e-10, 7.8265172121e-11, 6.20366674697e-11, 4.32959952612e-11, 4.11647105292e-11, 2.50939980601e-11, 1.75856516849e-11, 6.70980502063e-12, 5.22312575135e-12, 5.58919664023e-12, 6.98593613513e-12],
        "dvar2": [3.85642342735e-05, 6.05168970651e-05, 5.42078560102e-05, 1.38134319059e-05, 7.90194746969e-07, 1.1545079559e-07, 2.55655479009e-08, 3.79233284775e-08, 3.39910011249e-09, 5.61640067787e-09, 3.71369157648e-09, 4.81876005765e-09, 1.24325669759e-08, 7.48111350646e-09, 9.44354461296e-09, 1.09534745718e-08, 4.10772527104e-09, 8.15412803945e-09, 2.79060685671e-09, 2.335681204e-09, 1.47703382858e-09, 3.16168269343e-09, 2.46065035014e-09, 3.07953484935e-09, 1.85377790896e-09, 9.07205643941e-10, 6.77384315306e-10, 3.50776713232e-10, 4.78823647398e-10, 2.59214844034e-10, 1.99293706538e-10, 1.57616503182e-10, 1.14204069812e-10, 1.12133045904e-10, 6.50375239775e-11, 4.84371986964e-11, 1.74948111553e-11, 1.3861598501e-11, 1.47114802979e-11, 1.84389309377e-11],
        "max": [0.0445623397827, 0.0541873425245, 0.0499824509025, 0.0249421838671, 0.0124287642539, 0.00509540643543, 0.00186531653162, 0.00340014300309, 0.0014431423042, 0.00128072791267, 0.0013522655936, 0.00167979940306, 0.00156265520491, 0.00180420314427, 0.00103059317917, 0.000707240367774, 0.000537017069291, 0.000694532995112, 0.000470214814413, 0.000519244815223, 0.000327076384565, 0.000579338928219, 0.000368941779016, 0.000508279015776, 0.000467326113721, 0.000277992134215, 0.000244401308009, 0.000151284461026, 0.000275208149105, 0.000208966695936, 9.47462831391e-05, 0.000152820997755, 7.71069899201e-05, 0.00010926212417, 7.5121417467e-05, 5.49454198335e-05, 3.69112603948e-05, 4.2267376557e-05, 3.65351625078e-05, 3.4824708564e-05],
        "mean": [0.00435577193275, 0.00470875483006, 0.002756428672, 0.0014558484545, 0.00051989685744, 0.000168185448274, 7.84486110206e-05, 6.67200001772e-05, 2.16381904465e-05, 2.32127840718e-05, 2.12627110159e-05, 2.34631133935e-05, 3.90702334698e-05, 3.7031746615e-05, 3.39280522894e-05, 3.12839038088e-05, 2.70660239039e-05, 2.31223548326e-05, 1.89429392776e-05, 2.29067190958e-05, 1.57147569553e-05, 1.80808983714e-05, 1.54919525812e-05, 1.68696660694e-05, 1.38957675517e-05, 1.10488599603e-05, 9.400885574e-06, 8.31118450151e-06, 7.85871907283e-06, 7.37277878216e-06, 6.98138865118e-06, 6.0886504798e-06, 4.357207672e-06, 3.84877148463e-06, 3.48715093423e-06, 2.81790948975e-06, 1.85838757716e-06, 1.70969963165e-06, 1.35590676109e-06, 1.20902006984e-06],
        "median": [0.00260672322474, 0.00233879941516, 0.00134878314566, 0.000748177233618, 0.000305885332637, 8.79673534655e-05, 3.86982574128e-05, 2.20025922317e-05, 1.0030192243e-05, 9.45391911955e-06, 9.08938363864e-06, 9.21419723454e-06, 1.37996621561e-05, 1.5912548406e-05, 1.18242733151e-05, 9.67174310063e-06, 8.8664901341e-06, 6.14689406575e-06, 7.43844657336e-06, 8.75111982168e-06, 6.88532327331e-06, 6.87231158736e-06, 5.36528750672e-06, 5.77569471716e-06, 5.04600075146e-06, 4.60144747194e-06, 3.8993043745e-06, 2.84655880023e-06, 2.87947386823e-06, 2.73198520517e-06, 2.53714620158e-06, 2.04583943741e-06, 1.54418296461e-06, 1.33235971589e-06, 1.07389780624e-06, 8.73127589784e-07, 6.12858116256e-07, 5.24629342635e-07, 3.95501103867e-07, 3.01508720213e-07],
        "min": [1.38865285488e-24, 1.71615822184e-24, 7.04522996983e-25, 2.49403680275e-24, 1.31635030165e-24, 1.91557831437e-24, 2.01093680667e-24, 1.99989945932e-24, 1.3313354048e-24, 2.8191510337e-24, 2.87239480606e-24, 2.48206978282e-24, 3.26971426453e-24, 2.13331043232e-24, 2.99693858806e-24, 3.76858378731e-24, 3.68570251074e-24, 2.15566615873e-24, 4.82108555693e-24, 4.78700361039e-24, 3.82896241214e-24, 5.80987458111e-24, 3.4756343737e-24, 3.82626056354e-24, 4.38934947769e-24, 4.69394247826e-24, 4.03071871625e-24, 6.39974335084e-24, 6.06250215842e-24, 4.60271702546e-24, 6.38588148701e-24, 4.95628211659e-24, 6.46261793157e-24, 5.99299010203e-24, 6.7204811787e-24, 6.90666734069e-24, 7.31573984056e-24, 5.71900096028e-24, 5.84495088683e-24, 7.23835416348e-24],
        "var": [2.83020144707e-05, 4.39284704044e-05, 2.05208380066e-05, 4.86867747895e-06, 5.18474848832e-07, 6.63859651695e-08, 1.62875952725e-08, 3.30631451106e-08, 2.14039963531e-09, 2.56326981862e-09, 2.2164743374e-09, 2.70061573104e-09, 6.84272993823e-09, 5.08261299714e-09, 4.07798195212e-09, 3.83209641797e-09, 2.10291872804e-09, 2.71610933744e-09, 1.00791441859e-09, 1.79479053841e-09, 5.88519066813e-10, 1.03670361185e-09, 7.57125862005e-10, 9.94447857394e-10, 6.04012673211e-10, 3.26488863722e-10, 2.91371232697e-10, 2.09696385256e-10, 2.17815404602e-10, 1.92051860526e-10, 1.16174757314e-10, 1.08576758695e-10, 5.61092040885e-11, 4.61175576894e-11, 3.96977312134e-11, 2.63005416057e-11, 9.4746580373e-12, 7.35120124495e-12, 5.59689664406e-12, 5.90474934573e-12]
    },
    "mfcc": {
        "mean": [-660.812988281, 98.7304840088, 14.9846658707, 42.7262420654, 19.8863754272, 22.5627174377, 8.86061191559, 6.40456199646, -2.319845438, -3.41368317604, -3.56864547729, -0.0499224551022, -0.126328960061],
        "cov": [[10921.4277344, 196.015930176, 333.228088379, 555.704833984, 344.031097412, 309.987762451, 6.88863992691, 55.2370414734, -172.928909302, -106.037315369, 93.3526306152, 0.265683442354, -158.361663818], [196.015930176, 1920.09082031, -97.9348754883, 211.214828491, 56.877822876, 32.6202278137, 77.8716659546, 24.6197891235, -59.145072937, -91.1660079956, -2.29129123688, 26.7895965576, 21.7836647034], [333.228088379, -97.9348754883, 610.984069824, 170.012145996, 89.3935089111, 66.2431106567, 24.3818969727, 5.70497179031, 32.8813400269, 13.7048101425, -23.9778270721, 0.166760519147, -9.40313529968], [555.704833984, 211.214828491, 170.012145996, 476.527404785, 94.1325149536, 106.739089966, 35.3135757446, 33.9647026062, 18.0119686127, 21.3498058319, -2.91883563995, -10.3712825775, -36.0733680725], [344.031097412, 56.877822876, 89.3935089111, 94.1325149536, 244.26776123, 64.8115463257, 46.1318893433, 7.45488786697, 11.6667442322, 0.538390636444, 20.9763507843, -3.36628293991, 5.09736204147], [309.987762451, 32.6202278137, 66.2431106567, 106.739089966, 64.8115463257, 167.291412354, 35.6158065796, 28.2919597626, 4.11345624924, -4.27009630203, 7.56221294403, 22.7470645905, -15.3659553528], [6.88863992691, 77.8716659546, 24.3818969727, 35.3135757446, 46.1318893433, 35.6158065796, 125.893348694, 50.8214874268, 32.4231567383, 7.19159269333, 2.66671061516, 3.57306551933, 14.4549360275], [55.2370414734, 24.6197891235, 5.70497179031, 33.9647026062, 7.45488786697, 28.2919597626, 50.8214874268, 122.657608032, 29.7869548798, 9.18484687805, 2.79207658768, 3.37038636208, 4.73897171021], [-172.928909302, -59.145072937, 32.8813400269, 18.0119686127, 11.6667442322, 4.11345624924, 32.4231567383, 29.7869548798, 113.578208923, 59.7816123962, 15.3600234985, 8.03106689453, 13.287817955], [-106.037315369, -91.1660079956, 13.7048101425, 21.3498058319, 0.538390636444, -4.27009630203, 7.19159269333, 9.18484687805, 59.7816123962, 106.845016479, 31.5439662933, 10.6326885223, 14.3579540253], [93.3526306152, -2.29129123688, -23.9778270721, -2.91883563995, 20.9763507843, 7.56221294403, 2.66671061516, 2.79207658768, 15.3600234985, 31.5439662933, 79.3039169312, 40.813419342, 7.89909744263], [0.265683442354, 26.7895965576, 0.166760519147, -10.3712825775, -3.36628293991, 22.7470645905, 3.57306551933, 3.37038636208, 8.03106689453, 10.6326885223, 40.813419342, 78.0147781372, 29.724937439], [-158.361663818, 21.7836647034, -9.40313529968, -36.0733680725, 5.09736204147, -15.3659553528, 14.4549360275, 4.73897171021, 13.287817955, 14.3579540253, 7.89909744263, 29.724937439, 80.8511352539]],
