{
"lowlevel": {
    "average_loudness": 0.893681466579,
    "barkbands_crest": {
        "dmean": 2.03104805946,
        "dmean2": 3.36716628075,
        "dvar": 4.79608726501,
        "dvar2": 10.6249847412,
        "max": 22.7771053314,
        "mean": 10.3998641968,
        "median": 9.82759475708,
        "min": 2.71436667442,
        "var": 12.5070333481
    },
    "barkbands_flatness_db": {
        "dmean": 0.0291896872222,
        "dmean2": 0.0459511019289,
        "dvar": 0.000942533428315,
        "dvar2": 0.00192282407079,
        "max": 0.437754660845,
        "mean": 0.195405974984,
        "median": 0.188951164484,
        "min": 0.0410559214652,
        "var": 0.00324556487612
    },
    "barkbands_kurtosis": {
        "dmean": 1.94738090038,
        "dmean2": 2.99453687668,
        "dvar": 25.4405384064,
        "dvar2": 42.4151268005,
        "max": 169.334838867,
        "mean": 4.12521362305,
        "median": 1.26742267609,
        "min": -1.59902882576,
        "var": 149.019241333
    },
    "barkbands_skewness": {
        "dmean": 0.381897926331,
        "dmean2": 0.574382483959,
        "dvar": 0.301799476147,
        "dvar2": 0.482737362385,
        "max": 10.6381521225,
        "mean": 1.3693164587,
        "median": 1.10062456131,
        "min": -2.19334506989,
        "var": 1.58965325356
    },
    "barkbands_spread": {
        "dmean": 4.11231994629,
        "dmean2": 6.4012503624,
        "dvar": 29.1517677307,
        "dvar2": 53.1627883911,
        "max": 73.1965255737,
        "mean": 21.434551239,
        "median": 20.4859981537,
        "min": 1.04675161839,
        "var": 103.648674011
    },
    "dissonance": {
        "dmean": 0.0267528127879,
        "dmean2": 0.0443129353225,
        "dvar": 0.000583329761866,
        "dvar2": 0.00150300923269,
        "max": 0.499952346087,
        "mean": 0.439284831285,
        "median": 0.443953156471,
        "min": 0.303324192762,
        "var": 0.00138309539761
    },
    "dynamic_complexity": 2.44743180275,
    "erbbands_crest": {
        "dmean": 2.32635641098,
        "dmean2": 3.77662467957,
        "dvar": 7.01356267929,
        "dvar2": 13.9988250732,
        "max": 26.9882125854,
        "mean": 11.7274093628,
        "median": 11.0274410248,
        "min": 2.70424056053,
        "var": 20.909286499
    },
    "erbbands_flatness_db": {
        "dmean": 0.0180550888181,
        "dmean2": 0.0284421890974,
        "dvar": 0.00036084628664,
        "dvar2": 0.000743986223824,
        "max": 0.300415635109,
        "mean": 0.200456261635,
        "median": 0.199506610632,
        "min": 0.0410016775131,
        "var": 0.00119751796592
    },
    "erbbands_kurtosis": {
        "dmean": 0.375453203917,
        "dmean2": 0.609850108624,
        "dvar": 0.183466434479,
        "dvar2": 0.407505065203,
        "max": 9.76201534271,
        "mean": -0.02817026712,
        "median": -0.052105307579,
        "min": -1.69210553169,
        "var": 0.561057507992
    },
    "erbbands_skewness": {
        "dmean": 0.220094159245,
        "dmean2": 0.352868497372,
        "dvar": 0.0613728873432,
        "dvar2": 0.121536724269,
        "max": 3.17537069321,
        "mean": 0.569199085236,
        "median": 0.630882382393,
        "min": -1.25749874115,
        "var": 0.26524823904
    },
    "erbbands_spread": {
        "dmean": 4.6131272316,
        "dmean2": 7.19498825073,
        "dvar": 31.0196762085,
        "dvar2": 60.4145240784,
        "max": 124.451309204,
        "mean": 37.8300590515,
        "median": 36.0132141113,
        "min": 14.8841428757,
        "var": 110.695007324
    },
    "hfc": {
        "dmean": 5.81884622574,
        "dmean2": 8.22736740112,
        "dvar": 63.1507873535,
        "dvar2": 98.3525695801,
        "max": 103.592544556,
        "mean": 21.0368938446,
        "median": 17.2262039185,
        "min": 1.07696639353e-16,
        "var": 281.465087891
    },
    "melbands_crest": {
        "dmean": 2.56460165977,
        "dmean2": 4.21256303787,
        "dvar": 7.91538858414,
        "dvar2": 16.1380596161,
        "max": 32.2824440002,
        "mean": 14.7351799011,
        "median": 14.1230516434,
        "min": 1.3894469738,
        "var": 26.4665107727
    },
    "melbands_flatness_db": {
        "dmean": 0.0274042524397,
        "dmean2": 0.0417011156678,
        "dvar": 0.00108229974285,
        "dvar2": 0.00186375027988,
        "max": 0.533974826336,
        "mean": 0.205515012145,
        "median": 0.201045528054,
        "min": 0.00204435340129,
        "var": 0.00527779432014
    },
    "melbands_kurtosis": {
        "dmean": 4.83658456802,
        "dmean2": 7.65911149979,
        "dvar": 221.400527954,
        "dvar2": 381.079345703,
        "max": 413.577941895,
        "mean": 13.0491495132,
        "median": 5.371530056,
        "min": -1.34030842781,
        "var": 1201.36132812
    },
    "melbands_skewness": {
        "dmean": 0.526791274548,
        "dmean2": 0.80621445179,
        "dvar": 0.649914622307,
        "dvar2": 1.0568510294,
        "max": 14.870672226,
        "mean": 2.35016965866,
        "median": 1.85152888298,
        "min": -0.331260353327,
        "var": 2.90072083473
    },
    "melbands_spread": {
        "dmean": 5.46376848221,
        "dmean2": 8.5948638916,
        "dvar": 56.7464332581,
        "dvar2": 107.884117126,
        "max": 156.389892578,
        "mean": 26.3510780334,
        "median": 23.3728103638,
        "min": 0.598642528057,
        "var": 439.416809082
    },
    "pitch_salience": {
        "dmean": 0.0573220066726,
        "dmean2": 0.0945266857743,
        "dvar": 0.00388264353387,
        "dvar2": 0.00881156697869,
        "max": 0.953131496906,
        "mean": 0.500325381756,
        "median": 0.496767669916,
        "min": 0.104535967112,
        "var": 0.0107040908188
    },
    "silence_rate_20dB": {
        "dmean": 0,
        "dmean2": 0,
        "dvar": 0,
        "dvar2": 0,
        "max": 1,
        "mean": 1,
        "median": 1,
        "min": 1,
        "var": 0
    },
    "silence_rate_30dB": {
        "dmean": 0.000494926993269,
        "dmean2": 0.000990099040791,
        "dvar": 0.000494679028634,
        "dvar2": 0.00148415565491,
        "max": 1,
        "mean": 0.99975258112,
        "median": 1,
        "min": 0,
        "var": 0.00024734030012
    },
    "silence_rate_60dB": {
        "dmean": 0.00296956207603,
        "dmean2": 0.00594059424475,
        "dvar": 0.0029605308082,
        "dvar2": 0.00739045394585,
        "max": 1,
        "mean": 0.0259772390127,
        "median": 0,
        "min": 0,
        "var": 0.0252991747111
    },
    "spectral_centroid": {
        "dmean": 225.870910645,
        "dmean2": 345.375915527,
        "dvar": 108605.460938,
        "dvar2": 193520.953125,
        "max": 11818.2333984,
        "mean": 1562.79724121,
        "median": 1410.61572266,
        "min": 213.835632324,
        "var": 2145964
    },
    "spectral_complexity": {
        "dmean": 3.86785459518,
        "dmean2": 5.92772293091,
        "dvar": 29.7922039032,
        "dvar2": 46.0285377502,
        "max": 58,
        "mean": 15.8572492599,
        "median": 12,
        "min": 0,
        "var": 117.248519897
    },
    "spectral_decrease": {
        "dmean": 1.38761180324e-09,
        "dmean2": 2.09811146235e-09,
        "dvar": 3.93157373503e-18,
        "dvar2": 7.79027451246e-18,
        "max": 2.27603704526e-28,
        "mean": -6.02107830261e-09,
        "median": -4.94918594995e-09,
        "min": -3.17792796523e-08,
        "var": 1.50903138174e-17
    },
    "spectral_energy": {
        "dmean": 0.00567603670061,
        "dmean2": 0.00852884631604,
        "dvar": 6.49187059025e-05,
        "dvar2": 0.000126064318465,
        "max": 0.128509536386,
        "mean": 0.0246330555528,
        "median": 0.0204775761813,
        "min": 9.82516892096e-21,
        "var": 0.000254048616625
    },
    "spectral_energyband_high": {
        "dmean": 0.000301106570987,
        "dmean2": 0.000434031535406,
        "dvar": 2.30672071666e-07,
        "dvar2": 3.64556342447e-07,
        "max": 0.00926732551306,
        "mean": 0.000858963467181,
        "median": 0.000541868619621,
        "min": 7.20936936909e-21,
        "var": 9.36182686928e-07
    },
    "spectral_energyband_low": {
        "dmean": 0.00214062887244,
        "dmean2": 0.00349448807538,
        "dvar": 1.3092615518e-05,
        "dvar2": 2.87764396489e-05,
        "max": 0.0441883504391,
        "mean": 0.00573983089998,
        "median": 0.00375672592781,
        "min": 6.91505529869e-24,
        "var": 2.58972413576e-05
    },
    "spectral_energyband_middle_high": {
        "dmean": 0.0023149990011,
        "dmean2": 0.00329853617586,
        "dvar": 1.1947123312e-05,
        "dvar2": 1.95685479412e-05,
        "max": 0.0728677287698,
        "mean": 0.00705607561395,
        "median": 0.0051836357452,
        "min": 1.20144389292e-21,
        "var": 4.76077948406e-05
    },
    "spectral_energyband_middle_low": {
        "dmean": 0.00319956825115,
        "dmean2": 0.00485260225832,
        "dvar": 2.22281360038e-05,
        "dvar2": 4.3132713472e-05,
        "max": 0.075858078897,
        "mean": 0.0123575488105,
        "median": 0.00937499944121,
        "min": 1.29068599794e-22,
        "var": 9.48847518885e-05
    },
    "spectral_entropy": {
        "dmean": 0.31599766016,
        "dmean2": 0.494095176458,
        "dvar": 0.138797610998,
        "dvar2": 0.254123866558,
        "max": 9.8256855011,
        "mean": 7.07398462296,
        "median": 6.98660564423,
        "min": 4.94196081161,
        "var": 0.543463349342
    },
    "spectral_flux": {
        "dmean": 0.0385512821376,
        "dmean2": 0.0626457706094,
        "dvar": 0.00150753126945,
        "dvar2": 0.00339478626847,
        "max": 0.280606925488,
        "mean": 0.0631838515401,
        "median": 0.0575684830546,
        "min": 6.3925198468e-11,
        "var": 0.00203635473736
    },
    "spectral_kurtosis": {
        "dmean": 1.35496854782,
        "dmean2": 2.37514781952,
        "dvar": 1.63715684414,
        "dvar2": 4.88205003738,
        "max": 14.0070362091,
        "mean": 2.78282380104,
        "median": 2.52569246292,
        "min": -1.31893599033,
        "var": 2.93312501907
    },
    "spectral_rms": {
        "dmean": 0.000531736237463,
        "dmean2": 0.000791884493083,
        "dvar": 4.41169049736e-07,
        "dvar2": 7.77245816153e-07,
        "max": 0.0111971050501,
        "mean": 0.00463967770338,
        "median": 0.00446968944743,
        "min": 3.09605075952e-12,
        "var": 2.50568359661e-06
    },
    "spectral_rolloff": {
        "dmean": 356.228546143,
        "dmean2": 601.485107422,
        "dvar": 381703.53125,
        "dvar2": 695612.8125,
        "max": 19702.8808594,
        "mean": 1693.31079102,
        "median": 1098.19335938,
        "min": 107.666015625,
        "var": 7467068
    },
    "spectral_skewness": {
        "dmean": 0.192159608006,
        "dmean2": 0.320539414883,
        "dvar": 0.0292092207819,
        "dvar2": 0.0767988264561,
        "max": 2.8363673687,
        "mean": 1.21494734287,
        "median": 1.24208188057,
        "min": -0.084834203124,
        "var": 0.108530215919
    },
    "spectral_spread": {
        "dmean": 344881.09375,
        "dmean2": 563453.3125,
        "dvar": 804069441536,
        "dvar2": 1.91031974298e+12,
        "max": 51463512,
        "mean": 4837184,
        "median": 4098026.5,
        "min": 2393748.25,
        "var": 2.72032574996e+13
    },
    "spectral_strongpeak": {
        "dmean": 0.609855413437,
        "dmean2": 1.01970493793,
        "dvar": 0.755668878555,
        "dvar2": 1.57733130455,
        "max": 8.8302526474,
        "mean": 1.35214805603,
        "median": 0.959998905659,
        "min": 0,
        "var": 1.35765278339
    },
    "zerocrossingrate": {
        "dmean": 0.00832700170577,
        "dmean2": 0.0095034763217,
        "dvar": 0.0001332982647,
        "dvar2": 0.000190882870811,
        "max": 0.5341796875,
        "mean": 0.0574063882232,
        "median": 0.04443359375,
        "min": 0.00439453125,
        "var": 0.00496694864705
    },
    "barkbands": {
        "dmean": [0.000889874063432, 0.000394972215872, 0.00118350610137, 0.000925958273001, 0.00125702179503, 0.000637703516986, 0.000804283597972, 0.00165896362159, 0.000453924789326, 0.000731121923309, 0.000629836751614, 0.000660674355458, 0.000101311896287, 0.000287179369479, 0.000151244574226, 0.000160459705512, 0.000206951925065, 0.000222602015128, 0.000182151066838, 0.000119487369375, 0.000103351158032, 8.646043716e-05, 5.81108652113e-05, 4.48395585408e-05, 2.24335435632e-05, 7.40030703383e-10, 7.63790530822e-10],
        "dmean2": [0.00139857863542, 0.000713745946996, 0.0019713989459, 0.00148419954348, 0.00188698491547, 0.000985077000223, 0.0011776459869, 0.00248554511927, 0.000670635839924, 0.00105010112748, 0.00087724684272, 0.000919347221497, 0.000156659138156, 0.000434714165749, 0.000235080151469, 0.000252009602264, 0.000310954172164, 0.000331208808348, 0.000270544696832, 0.000178151269211, 0.000151124186232, 0.00012818761752, 8.71681768331e-05, 6.76334093441e-05, 3.498298247e-05, 1.35640043641e-09, 1.40133094018e-09],
        "dvar": [3.98241400035e-06, 8.62482636421e-07, 5.06538799527e-06, 3.92386982639e-06, 7.06291302777e-06, 2.04229399969e-06, 4.12744566347e-06, 1.22243582155e-05, 1.29056036258e-06, 4.42031614512e-06, 2.46654553848e-06, 1.96281507669e-06, 1.11348093412e-07, 4.65078528578e-07, 9.47947711438e-08, 1.13180767869e-07, 1.68981415527e-07, 1.26246632703e-07, 8.99240788499e-08, 3.3411648559e-08, 3.04897866954e-08, 1.94060660874e-08, 8.93915874656e-09, 4.94455587585e-09, 1.55703738791e-09, 9.43120935545e-19, 1.01300218767e-18],
        "dvar2": [9.99771873467e-06, 2.16171724787e-06, 1.13143360068e-05, 7.58858004701e-06, 1.0535733054e-05, 3.04544209939e-06, 6.19402544544e-06, 2.4885239327e-05, 2.06951540349e-06, 7.26044254407e-06, 3.67287861991e-06, 3.12356519316e-06, 1.92126847764e-07, 8.17357488359e-07, 1.93950938865e-07, 2.30856755934e-07, 3.01108769918e-07, 2.48818935233e-07, 1.78290108011e-07, 6.29698178045e-08, 5.77600900442e-08, 3.79397029349e-08, 1.77015113678e-08, 1.00762891364e-08, 3.48268835992e-09, 2.8133986344e-18, 3.01755818332e-18],
        "max": [0.0283540375531, 0.0140576194972, 0.0252810940146, 0.0295358896255, 0.0379525795579, 0.0325062461197, 0.0649606361985, 0.0521366596222, 0.0198670178652, 0.0621320009232, 0.0220452602953, 0.0191305279732, 0.011128263548, 0.0177904684097, 0.00559642538428, 0.00942234322429, 0.00875842571259, 0.00437136786059, 0.00432561011985, 0.00332712568343, 0.00318235531449, 0.00268606911413, 0.00206280080602, 0.00127820950001, 0.000487983023049, 1.03660244832e-08, 1.01634256566e-08],
        "mean": [0.000967970583588, 0.000628329289611, 0.00306527293287, 0.0022479321342, 0.00253457762301, 0.00119885313325, 0.0016303351149, 0.00343057769351, 0.000906939676497, 0.00171473878436, 0.00127813732252, 0.0013216760708, 0.000181743322173, 0.000621440005489, 0.000288468610961, 0.000327433546772, 0.000427903723903, 0.000483387062559, 0.000409571861383, 0.000282570486888, 0.00023103946296, 0.000194267369807, 0.000126806931803, 9.31569884415e-05, 3.99352320528e-05, 6.13715689379e-10, 6.35173968977e-10],
        "median": [0.000135023990879, 9.88951796899e-05, 0.00223808502778, 0.00111715658568, 0.000333180039888, 0.000382050493499, 0.000308788672555, 0.000688743428327, 0.000198703462956, 0.000240743771428, 0.000177701469511, 0.000166312951478, 8.43340239953e-05, 0.000194221531274, 9.37498989515e-05, 0.000103532685898, 0.000163110613357, 0.000240180292167, 0.000193469750229, 0.000156349007739, 0.000110520777525, 0.000106020190287, 7.26677972125e-05, 4.68553953397e-05, 1.89022721315e-05, 2.45594128367e-10, 2.4957352851e-10],
        "min": [5.57965755605e-25, 7.86631140569e-25, 3.81856749338e-25, 2.9340429053e-24, 8.55577711875e-24, 4.18485345966e-24, 8.80674690486e-24, 8.07304315413e-24, 1.92399309365e-23, 2.03369919088e-23, 7.10639587784e-24, 2.32258210541e-23, 3.23158826199e-23, 4.22190373202e-23, 5.24494273012e-23, 5.69644032725e-23, 7.54760404663e-23, 8.70792629926e-23, 1.29968746885e-22, 1.73447326858e-22, 2.4042317019e-22, 3.17206725519e-22, 3.52562562523e-22, 5.60176414441e-22, 8.45661212803e-22, 1.32068644128e-21, 1.94972629805e-21],
        "var": [4.41536440121e-06, 1.57539989232e-06, 1.08884114525e-05, 1.18698944789e-05, 2.12807444768e-05, 6.30812292002e-06, 1.40414194902e-05, 3.77440010197e-05, 4.18788658862e-06, 1.60472809512e-05, 7.83897576184e-06, 6.3428010435e-06, 2.86966638896e-07, 1.44724367601e-06, 2.72603244866e-07, 4.03552377293e-07, 5.54767211725e-07, 3.97874629243e-07, 3.03927919276e-07, 1.16369157865e-07, 9.21170482115e-08, 6.17724822405e-08, 2.82659424755e-08, 1.53880286291e-08, 3.62242813523e-09, 8.38288407409e-19, 8.99747926921e-19]
    },
    "erbbands": {
        "dmean": [0.0122489808127, 0.102397479117, 0.992515265942, 2.80755186081, 2.11975455284, 4.28329467773, 7.76434373856, 4.00797653198, 11.8166437149, 24.9958133698, 26.3158798218, 8.55874347687, 21.3090763092, 13.2142009735, 33.924407959, 18.1741199493, 6.27589130402, 11.2750911713, 9.39208030701, 7.55487966537, 7.65805101395, 12.4207210541, 8.44904708862, 12.9608688354, 7.6107878685, 6.02257966995, 4.19988155365, 4.26834917068, 3.37975859642, 2.00706481934, 1.6883392334, 1.11562824249, 0.740320980549, 0.393469333649, 0.0933896079659, 0.00226625823416, 9.87556413747e-05, 1.10730807137e-05, 4.67896916234e-06, 7.17242755854e-06],
        "dmean2": [0.0222639404237, 0.180193036795, 1.66491401196, 4.47695398331, 3.31193184853, 6.54884815216, 11.5423536301, 6.2717051506, 16.8805198669, 37.7185630798, 38.6096229553, 12.8686027527, 30.4590167999, 19.3581676483, 47.5417442322, 25.5531425476, 9.28488254547, 17.2040100098, 14.2392625809, 11.6204118729, 11.9926567078, 18.5376873016, 12.760881424, 19.1739177704, 11.4049463272, 8.95820617676, 6.24375343323, 6.24398326874, 5.05762481689, 2.99187898636, 2.49806571007, 1.70134675503, 1.14023911953, 0.599843919277, 0.151277706027, 0.00364287523553, 0.000154352135723, 1.66313147929e-05, 6.83451116856e-06, 1.05966055344e-05],
        "dvar": [0.000748659076635, 0.065448500216, 4.03346061707, 30.4789791107, 26.3867530823, 97.6571731567, 299.071777344, 72.2275085449, 1354.96118164, 4407.87451172, 2671.55834961, 500.471374512, 3810.94726562, 1500.43676758, 5418.21923828, 1407.83666992, 277.274841309, 534.723999023, 399.987731934, 193.048629761, 250.306304932, 621.174316406, 193.353729248, 433.33605957, 147.397033691, 96.6944503784, 51.6222114563, 56.1480331421, 28.78997612, 13.1682443619, 7.12760639191, 3.10673427582, 1.36235570908, 0.484429597855, 0.0278488993645, 1.63942895597e-05, 2.80138490183e-08, 3.22802951036e-10, 4.23871666932e-11, 1.00149409599e-10],
        "dvar2": [0.00208740239032, 0.153181388974, 9.12465190887, 62.6541976929, 41.4227142334, 160.335922241, 412.889953613, 127.252174377, 1990.23608398, 8368.03320312, 4731.70507812, 761.727172852, 6236.27294922, 2355.97143555, 8488.53710938, 2315.90063477, 463.120697021, 980.241027832, 742.373657227, 396.452453613, 502.114807129, 1115.30664062, 400.032226562, 839.795776367, 306.404266357, 173.559585571, 100.72743988, 109.11605072, 57.0154647827, 26.3651561737, 13.9495954514, 6.50571393967, 2.96165466309, 1.04058516026, 0.0695621743798, 4.06485560234e-05, 6.34815933154e-08, 6.42217834468e-10, 7.23463788876e-11, 1.86326454266e-10],
        "max": [0.355265945196, 3.65085887909, 24.1887340546, 76.9630203247, 100.288551331, 199.671508789, 310.644958496, 184.619857788, 1185.62268066, 1190.25512695, 704.716308594, 629.338684082, 1758.82348633, 943.797973633, 1043.87255859, 686.279663086, 573.841308594, 418.206573486, 513.260559082, 278.089263916, 404.578033447, 540.387756348, 260.753082275, 241.429336548, 202.53855896, 220.01008606, 140.583953857, 136.108062744, 98.5526885986, 78.3142852783, 57.2216567993, 33.6369743347, 22.0766468048, 9.07929134369, 2.1580016613, 0.0562474615872, 0.00229755183682, 0.000281827582512, 9.86535014817e-05, 0.00015770009486],
        "mean": [0.01170628611, 0.209699571133, 2.5680437088, 7.43590545654, 4.53190088272, 8.6389093399, 15.5311250687, 7.8952960968, 23.506362915, 50.7985801697, 57.0292015076, 18.7634181976, 49.4555702209, 32.5187606812, 73.9235992432, 38.8298606873, 14.0081577301, 24.5284404755, 22.1456871033, 16.5132045746, 16.943447113, 26.8405895233, 19.210319519, 29.5125675201, 17.5332927704, 14.4095134735, 9.82407093048, 9.59550666809, 7.66314697266, 4.2622961998, 3.59674239159, 2.29668807983, 1.41520369053, 0.725468158722, 0.144437074661, 0.00363893737085, 0.000193127547391, 2.61598815996e-05, 1.81301893463e-05, 3.07779082505e-05],
        "median": [0.00490155629814, 0.0504316538572, 1.82991600037, 4.86586236954, 1.54435396194, 1.16515231133, 1.84782195091, 2.74860239029, 4.08873987198, 7.98487329483, 12.968875885, 5.91782426834, 8.34523391724, 10.3908691406, 11.058763504, 11.6345214844, 6.57477664948, 10.3736286163, 10.4635162354, 7.8093996048, 6.13500881195, 11.2223472595, 11.2349128723, 15.0723772049, 9.76309013367, 7.65627288818, 5.13235473633, 4.57151794434, 4.3120136261, 1.72350668907, 2.01225233078, 1.15452170372, 0.689296841621, 0.34213334322, 0.0573771372437, 0.00151774613187, 0.000102733363747, 1.60342260642e-05, 1.45392896229e-05, 2.57940555457e-05],
        "min": [4.34799620574e-23, 2.39178663226e-22, 1.73202997072e-21, 8.68714449709e-21, 2.14157981475e-20, 3.05450981469e-20, 2.14482892203e-20, 6.78546983976e-20, 1.13899655497e-19, 9.11225846327e-20, 2.71504587729e-19, 4.88821762603e-19, 4.17556611464e-19, 7.71665057826e-19, 4.42755919193e-19, 1.24725467066e-18, 1.56140204748e-18, 1.63049882219e-18, 2.42095127138e-18, 2.77026819649e-18, 3.1430687792e-18, 4.75685638167e-18, 5.63083680533e-18, 6.8665929417e-18, 7.23663591103e-18, 8.24013751578e-18, 6.90889206309e-18, 1.0130513222e-17, 1.20509718327e-17, 1.06927131427e-17, 1.16529027434e-17, 1.17348143036e-17, 9.39729867265e-18, 8.27170438231e-18, 6.61594191325e-18, 4.63480340075e-18, 2.50976317221e-18, 1.00677982491e-18, 2.37644931632e-19, 2.92468607938e-20],
        "var": [0.000532489269972, 0.151884064078, 8.76802921295, 77.2301712036, 70.448425293, 293.397460938, 976.358093262, 206.764022827, 4396.70800781, 13384.5117188, 9179.20996094, 1630.57141113, 13457.7626953, 5504.55175781, 17926.5742188, 4594.87744141, 765.221862793, 1650.25183105, 1336.20080566, 624.931091309, 813.979248047, 2041.06311035, 596.871337891, 1491.18444824, 448.582244873, 346.394226074, 159.69934082, 161.831375122, 88.2516479492, 41.8761138916, 21.9420280457, 9.29779624939, 3.66933870316, 1.17739677429, 0.0497920587659, 3.03092001559e-05, 6.67998918402e-08, 9.97037896688e-10, 1.75047643047e-10, 4.0612088692e-10]
    },
    "gfcc": {
        "mean": [-46.3418045044, 99.1149368286, -148.506652832, 58.0066337585, -76.888633728, 20.3222961426, -32.9095726013, 2.73238706589, -16.427942276, -18.5305519104, -4.2466340065, -24.3117675781, -4.43108320236],
        "cov": [[30598.7460938, 1934.06140137, -4287.77197266, 1037.50708008, -2319.52758789, 725.608886719, -907.146850586, 510.355163574, -370.035705566, -199.483963013, -32.344581604, -553.187072754, -219.292922974], [1934.06140137, 985.256286621, -169.551574707, 215.524734497, -41.7241516113, -206.820846558, -80.9166488647, -305.331390381, -35.9366645813, -205.180709839, 58.5559806824, -11.6629228592, 139.660522461], [-4287.77197266, -169.551574707, 796.879821777, -52.4053688049, 344.357666016, -119.983322144, 65.3298110962, -97.1524505615, 1.83392727375, 31.1361064911, 18.3092765808, 106.154045105, 93.1823730469], [1037.50708008, 215.524734497, -52.4053688049, 229.208679199, 4.3931055069, 2.53765869141, -58.9346809387, -103.020622253, -41.4995956421, -73.2115707397, -16.7976093292, -12.5789356232, 56.8950004578], [-2319.52758789, -41.7241516113, 344.357666016, 4.3931055069, 303.333190918, -24.3765640259, 79.143119812, -98.378288269, 13.7007598877, -24.6781730652, -14.448307991, 56.9902381897, 58.2641448975], [725.608886719, -206.820846558, -119.983322144, 2.53765869141, -24.3765640259, 214.236373901, 60.6870079041, 143.387191772, -11.8769197464, 39.0885429382, -20.8640232086, -9.65446853638, -48.5815582275], [-907.146850586, -80.9166488647, 65.3298110962, -58.9346809387, 79.143119812, 60.6870079041, 207.840606689, 84.0459442139, 78.6812515259, 4.56163930893, -15.7114372253, -9.95484161377, -73.2110671997], [510.355163574, -305.331390381, -97.1524505615, -103.020622253, -98.378288269, 143.387191772, 84.0459442139, 365.851715088, 148.00302124, 159.399291992, -29.8670330048, -82.9027709961, -136.49571228], [-370.035705566, -35.9366645813, 1.83392727375, -41.4995956421, 13.7007598877, -11.8769197464, 78.6812515259, 148.00302124, 241.977294922, 141.562591553, 9.9054517746, -90.2472381592, -97.5349960327], [-199.483963013, -205.180709839, 31.1361064911, -73.2115707397, -24.6781730652, 39.0885429382, 4.56163930893, 159.399291992, 141.562591553, 286.396118164, 131.85987854, -22.8156070709, -137.058563232], [-32.344581604, 58.5559806824, 18.3092765808, -16.7976093292, -14.448307991, -20.8640232086, -15.7114372253, -29.8670330048, 9.9054517746, 131.85987854, 289.418518066, 128.546203613, -57.0861473083], [-553.187072754, -11.6629228592, 106.154045105, -12.5789356232, 56.9902381897, -9.65446853638, -9.95484161377, -82.9027709961, -90.2472381592, -22.8156070709, 128.546203613, 262.415588379, 144.020950317], [-219.292922974, 139.660522461, 93.1823730469, 56.8950004578, 58.2641448975, -48.5815582275, -73.2110671997, -136.49571228, -97.5349960327, -137.058563232, -57.0861473083, 144.020950317, 310.246795654]],
        "icov": [[0.00130575150251, -0.00259947194718, 0.00402817269787, -0.00340976612642, 0.00333078205585, -0.00248207664117, 0.00237575778738, -0.00262418482453, 0.00237682671286, -0.00184244068805, 0.00141361868009, -0.00106845784467, 0.000589862407651], [-0.00259947194718, 0.00812974013388, -0.00707206130028, 0.00500002270564, -0.00656892592087, 0.00733257876709, -0.00593114458025, 0.00587641494349, -0.00532531784847, 0.00536527950317, -0.00547477602959, 0.00428601866588, -0.00302324164659], [0.00402817269787, -0.00707206130028, 0.0163738243282, -0.011246195063, 0.00600676005706, -0.00347019778565, 0.00585654284805, -0.00966512132436, 0.00984786264598, -0.00723350280896, 0.00372315943241, -0.00253110355698, 0.000394067697925], [-0.00340976612642, 0.00500002270564, -0.011246195063, 0.0165133122355, -0.00861435942352, 0.00181138678454, -0.00312879448757, 0.0090100672096, -0.00814678613096, 0.00590232713148, -0.00315970089287, 0.00287921866402, -0.00105598208029], [0.00333078205585, -0.00656892592087, 0.00600676005706, -0.00861435942352, 0.0189247447997, -0.0106449127197, 0.0043918704614, -0.00150170072448, 0.00189182150643, -0.00410627340898, 0.00512457313016, -0.00418725982308, 0.00190918287262], [-0.00248207664117, 0.00733257876709, -0.00347019778565, 0.00181138678454, -0.0106449127197, 0.0199240576476, -0.0101314922795, -0.00152742431965, 0.00326790846884, 0.000598014565185, -0.00402421783656, 0.00384183041751, -0.0035212924704], [0.00237575778738, -0.00593114458025, 0.00585654284805, -0.00312879448757, 0.0043918704614, -0.0101314922795, 0.0160428099334, -0.00504586985335, -0.00155293149874, 0.00175295502413, 0.00349730090238, -0.00531928380951, 0.00571747170761], [-0.00262418482453, 0.00587641494349, -0.00966512132436, 0.0090100672096, -0.00150170072448, -0.00152742431965, -0.00504586985335, 0.0160422194749, -0.010823356919, 0.00249499897473, -0.000401779863751, 0.00100909848697, -0.000182332936674], [0.00237682671286, -0.00532531784847, 0.00984786264598, -0.00814678613096, 0.00189182150643, 0.00326790846884, -0.00155293149874, -0.010823356919, 0.0188268795609, -0.010543611832, 0.00243519130163, 0.00181453675032, -0.00149173161481], [-0.00184244068805, 0.00536527950317, -0.00723350280896, 0.00590232713148, -0.00410627340898, 0.000598014565185, 0.00175295502413, 0.00249499897473, -0.010543611832, 0.0161457136273, -0.00843266956508, 0.00286436616443, 0.000685529434122], [0.00141361868009, -0.00547477602959, 0.00372315943241, -0.00315970089287, 0.00512457313016, -0.00402421783656, 0.00349730090238, -0.000401779863751, 0.00243519130163, -0.00843266956508, 0.0141882235184, -0.010624460876, 0.00656382599846], [-0.00106845784467, 0.00428601866588, -0.00253110355698, 0.00287921866402, -0.00418725982308, 0.00384183041751, -0.00531928380951, 0.00100909848697, 0.00181453675032, 0.00286436616443, -0.010624460876, 0.0150972232223, -0.00900313816965], [0.000589862407651, -0.00302324164659, 0.000394067697925, -0.00105598208029, 0.00190918287262, -0.0035212924704, 0.00571747170761, -0.000182332936674, -0.00149173161481, 0.000685529434122, 0.00656382599846, -0.00900313816965, 0.0106564629823]]
    },
    "melbands": {
        "dmean": [0.000133302324684, 0.000386125379009, 0.000427757622674, 0.000203330564545, 0.000274814898148, 0.000115313589049, 0.000159895775141, 0.000314182398142, 0.000210439626244, 4.60008959635e-05, 0.000112498870294, 5.90164599998e-05, 9.92767454591e-05, 7.18226438039e-05, 3.61211568816e-05, 1.02541080196e-05, 2.54962869803e-05, 1.81391751539e-05, 1.32951736305e-05, 1.23965737657e-05, 8.43002089823e-06, 1.54875051521e-05, 9.27023120312e-06, 8.31021043268e-06, 1.15477805593e-05, 5.67900724491e-06, 5.32567855771e-06, 4.56571478935e-06, 2.7648836749e-06, 2.53554071605e-06, 2.71851831712e-06, 2.27784312301e-06, 1.49319942011e-06, 1.10657254027e-06, 1.03215802483e-06, 9.47914713834e-07, 7.01925955582e-07, 5.65205425573e-07, 4.62814597313e-07, 3.48613127699e-07],
        "dmean2": [0.000232701408095, 0.000649518624414, 0.000680518860463, 0.000313453929266, 0.00040796995745, 0.000174500091816, 0.000232239559409, 0.000475502311019, 0.000305434223264, 7.00772652635e-05, 0.00016064713418, 8.57567429193e-05, 0.000138944902574, 0.00010107311391, 5.1374296163e-05, 1.57264203153e-05, 3.8760525058e-05, 2.73443383776e-05, 2.06251297641e-05, 1.92946681636e-05, 1.34306592372e-05, 2.31085377891e-05, 1.43045926961e-05, 1.24262787722e-05, 1.70961066033e-05, 8.67117341841e-06, 7.98703786131e-06, 6.80286393617e-06, 4.16564898842e-06, 3.80927144761e-06, 3.9936480789e-06, 3.41378131452e-06, 2.23670986088e-06, 1.70166538283e-06, 1.55329871632e-06, 1.44539376379e-06, 1.0863487887e-06, 8.80274228621e-07, 7.221336773e-07, 5.3856717841e-07],
        "dvar": [7.59249232374e-08, 6.22365405434e-07, 6.44039346298e-07, 2.10587103311e-07, 3.56825637482e-07, 6.62075407831e-08, 2.19653102818e-07, 6.47805507015e-07, 1.9311603694e-07, 1.6444415607e-08, 1.08548398714e-07, 2.822983447e-08, 5.0803009799e-08, 2.14725162095e-08, 9.91220616697e-09, 1.49085166434e-09, 2.88275781024e-09, 2.21388951616e-09, 7.68487828928e-10, 8.46284764489e-10, 3.11282249976e-10, 1.24175714156e-09, 2.72178779515e-10, 1.65121943896e-10, 3.48912176928e-10, 8.25203239074e-11, 7.74137906556e-11, 7.16275372348e-11, 2.41401534179e-11, 2.16262823621e-11, 2.39618099668e-11, 1.36714120927e-11, 6.91049127644e-12, 4.30568948551e-12, 2.8491176432e-12, 2.05318531274e-12, 1.35558426463e-12, 8.06176848368e-13, 6.16061672162e-13, 3.9312498569e-13],
        "dvar2": [2.01820043344e-07, 1.38569191677e-06, 1.29576972085e-06, 3.36605040729e-07, 5.04195952544e-07, 1.04514988664e-07, 3.2710337905e-07, 1.26682607515e-06, 3.21979939599e-07, 2.47071341164e-08, 1.77923624278e-07, 4.43539427408e-08, 7.81156330731e-08, 3.49543611833e-08, 1.5747232851e-08, 2.58224641669e-09, 5.17851095339e-09, 3.91997589944e-09, 1.56993584799e-09, 1.65486790937e-09, 6.31691976505e-10, 2.18721374345e-09, 5.74381042728e-10, 3.32508465206e-10, 6.77120193249e-10, 1.826230972e-10, 1.57480598006e-10, 1.26459717698e-10, 4.91732175811e-11, 4.38060351882e-11, 4.76895502255e-11, 2.84473399698e-11, 1.44020680798e-11, 9.31628819228e-12, 5.79280980822e-12, 4.46134535564e-12, 3.08728390075e-12, 1.82296018558e-12, 1.40276852634e-12, 9.00552473305e-13],
        "max": [0.00373664242215, 0.0100857131183, 0.0111134722829, 0.00795454438776, 0.00959715154022, 0.00606563221663, 0.0150520317256, 0.0135886361822, 0.00688495393842, 0.00399602623656, 0.00944755878299, 0.00363455503248, 0.00329556223005, 0.00231284741312, 0.00199748249725, 0.00138982129283, 0.00110313622281, 0.00130275753327, 0.000510564597789, 0.000728212471586, 0.000421076983912, 0.000785756332334, 0.000303919048747, 0.000155190267833, 0.000231541373068, 0.000191051745787, 0.000131389242597, 0.000209352831007, 8.92017851584e-05, 8.01503119874e-05, 9.71771005425e-05, 6.40664657112e-05, 5.364484241e-05, 4.58458634967e-05, 3.72302711185e-05, 2.55900486081e-05, 2.38478514802e-05, 1.86762081285e-05, 1.12065072244e-05, 7.72626208345e-06],
        "mean": [0.000169564198586, 0.00100438622758, 0.00114469742402, 0.000412206078181, 0.000553394609597, 0.000226198404562, 0.000313554774038, 0.000626953842584, 0.000447697559139, 9.2628353741e-05, 0.00025551969884, 0.000136167189339, 0.000214391940972, 0.000154842069605, 6.90367814968e-05, 1.89402144315e-05, 5.4112962971e-05, 4.02060577471e-05, 2.55780760199e-05, 2.4474962629e-05, 1.66037698364e-05, 3.15884171869e-05, 1.8394419385e-05, 1.76508874574e-05, 2.53755497397e-05, 1.25628757814e-05, 1.12281413749e-05, 1.00085426311e-05, 5.8879959397e-06, 5.34286209586e-06, 5.77123000767e-06, 4.72248939332e-06, 2.96132679978e-06, 2.10225107367e-06, 2.05077526516e-06, 1.82665246484e-06, 1.2675347989e-06, 9.86578470474e-07, 7.97702966793e-07, 5.74001091991e-07],
        "median": [7.37274895073e-05, 0.000700900098309, 0.000763919902965, 8.03875955171e-05, 6.02496911597e-05, 5.84158333368e-05, 6.01046995143e-05, 6.28223933745e-05, 0.000110329601739, 2.52761783486e-05, 3.37037417921e-05, 2.62754620053e-05, 3.23391795973e-05, 3.11984294967e-05, 1.24984835566e-05, 8.07862306829e-06, 2.00745271286e-05, 1.3510179997e-05, 8.40807842906e-06, 6.33567651676e-06, 5.27352312929e-06, 9.92633249552e-06, 7.61613000577e-06, 8.6397085397e-06, 1.17380732263e-05, 6.72205442243e-06, 5.46949559066e-06, 3.6602932596e-06, 2.72522856903e-06, 2.41942052526e-06, 2.60198066826e-06, 2.28145972869e-06, 1.26716679461e-06, 6.8936134312e-07, 1.03804973151e-06, 1.03560989828e-06, 5.25006271346e-07, 4.27906030609e-07, 3.86339024772e-07, 2.56146790889e-07],
        "min": [3.70441981344e-25, 6.92525507298e-25, 2.56989938664e-24, 1.5935398521e-24, 1.101645043e-24, 1.48803700299e-24, 1.9688966341e-24, 1.26635279052e-24, 2.19151752029e-24, 2.8337055174e-24, 1.67951937988e-24, 3.05596194985e-24, 1.15021353261e-24, 1.71866246078e-24, 2.37057671843e-24, 2.994274802e-24, 2.50137419525e-24, 2.51468780074e-24, 4.79032787024e-24, 3.8065492961e-24, 3.15016298598e-24, 4.48384120907e-24, 4.1821314951e-24, 4.34077891732e-24, 4.8036694803e-24, 3.26768136997e-24, 4.1808038422e-24, 4.67167411819e-24, 3.43931561206e-24, 5.11102270518e-24, 5.33776893947e-24, 4.89647186605e-24, 5.70622654121e-24, 4.87254610923e-24, 5.53555135677e-24, 4.81555209212e-24, 6.03299521069e-24, 5.20834329176e-24, 5.83146373194e-24, 6.58667814183e-24],
        "var": [8.08727946833e-08, 1.41498844641e-06, 1.61675188792e-06, 5.75374485834e-07, 1.15216721497e-06, 2.04529115422e-07, 7.15712133115e-07, 1.96600194613e-06, 6.64436640818e-07, 5.22960839078e-08, 3.82578036806e-07, 1.06244179676e-07, 1.65332565416e-07, 7.1371289323e-08, 3.12998409413e-08, 3.7048935031e-09, 9.02390340229e-09, 7.10495351441e-09, 2.20888529689e-09, 2.94512081389e-09, 8.58202231502e-10, 4.06731137659e-09, 8.03428878982e-10, 4.89841889273e-10, 1.20966714423e-09, 2.42742742573e-10, 2.29843560851e-10, 2.52974224901e-10, 7.18161016766e-11, 5.90695548031e-11, 6.71629349358e-11, 3.85495628474e-11, 1.93722555358e-11, 1.19439735879e-11, 7.92162169194e-12, 5.60523589349e-12, 3.43044256196e-12, 2.01843403103e-12, 1.35391069016e-12, 8.22063825432e-13]
    },
    "mfcc": {
        "mean": [-659.883056641, 93.6772766113, 1.47220146656, 27.7888889313, -4.29263496399, 4.04803037643, 2.8024315834, 6.65265655518, -1.95828795433, 1.72443890572, 0.214048653841, -2.04045939445, -5.58222007751],
        "cov": [[9684.68359375, 692.405212402, -639.078491211, -361.672790527, -233.792434692, -249.563873291, -47.7217216492, 85.0737304688, -8.00254058838, 101.54473114, 105.505058289, 307.695343018, 203.255661011], [692.405212402, 867.579223633, -9.82214260101, 260.935974121, 46.8005447388, 58.0332756042, -52.5030288696, -21.1800251007, -132.587310791, -85.0731048584, -124.699127197, -82.9824066162, -74.4331512451], [-639.078491211, -9.82214260101, 281.799530029, 111.617004395, 40.6119499207, 13.2011699677, 17.7973480225, -45.6916122437, 4.06333875656, -19.3837890625, 4.34294366837, -46.6814498901, -46.265499115], [-361.672790527, 260.935974121, 111.617004395, 289.271331787, 81.7565689087, 100.910987854, -31.552154541, -34.6273231506, -77.0990829468, -71.8488082886, -87.783416748, -101.905197144, -68.9390945435], [-233.792434692, 46.8005447388, 40.6119499207, 81.7565689087, 159.327728271, 60.8944320679, 3.03756952286, -17.9243526459, -15.67491436, -29.6233863831, -69.447845459, -44.2392654419, 4.14467048645], [-249.563873291, 58.0332756042, 13.2011699677, 100.910987854, 60.8944320679, 183.44178772, 45.7130737305, 14.0353193283, -30.1728096008, -54.3787460327, -71.4842376709, -57.5077667236, -15.8671741486], [-47.7217216492, -52.5030288696, 17.7973480225, -31.552154541, 3.03756952286, 45.7130737305, 152.943222046, 52.4747581482, -25.7505760193, -44.4839019775, 30.2369499207, 3.70194768906, 39.9575920105], [85.0737304688, -21.1800251007, -45.6916122437, -34.6273231506, -17.9243526459, 14.0353193283, 52.4747581482, 180.648620605, 101.86579895, -6.84803915024, -36.1706161499, 8.48693370819, 43.8246574402], [-8.00254058838, -132.587310791, 4.06333875656, -77.0990829468, -15.67491436, -30.1728096008, -25.7505760193, 101.86579895, 340.985961914, 160.8644104, 1.98162901402, -25.0497341156, -76.1042251587], [101.54473114, -85.0731048584, -19.3837890625, -71.8488082886, -29.6233863831, -54.3787460327, -44.4839019775, -6.84803915024, 160.8644104, 335.38961792, 222.377426147, 108.104125977, -59.1927986145], [105.505058289, -124.699127197, 4.34294366837, -87.783416748, -69.447845459, -71.4842376709, 30.2369499207, -36.1706161499, 1.98162901402, 222.377426147, 417.974914551, 241.075973511, 88.2903900146], [307.695343018, -82.9824066162, -46.6814498901, -101.905197144, -44.2392654419, -57.5077667236, 3.70194768906, 8.48693370819, -25.0497341156, 108.104125977, 241.075973511, 333.828063965, 182.77772522], [203.255661011, -74.4331512451, -46.265499115, -68.9390945435, 4.14467048645, -15.8671741486, 39.9575920105, 43.8246574402, -76.1042251587, -59.1927986145, 88.2903900146, 182.77772522, 350.88494873]],
