{
"lowlevel": {
    "average_loudness": 0.848987221718,
    "barkbands_crest": {
        "dmean": 3.03120756149,
        "dmean2": 4.96538352966,
        "dvar": 7.01643943787,
        "dvar2": 17.7580986023,
        "max": 25.206987381,
        "mean": 11.5999536514,
        "median": 10.9927387238,
        "min": 2.44103360176,
        "var": 20.0239315033
    },
    "barkbands_flatness_db": {
        "dmean": 0.0299975834787,
        "dmean2": 0.042626131326,
        "dvar": 0.000941340345889,
        "dvar2": 0.00156587036327,
        "max": 0.572617411613,
        "mean": 0.177326694131,
        "median": 0.159672215581,
        "min": 0.0301620047539,
        "var": 0.00753500824794
    },
    "barkbands_kurtosis": {
        "dmean": 7.34725427628,
        "dmean2": 11.1371450424,
        "dvar": 169.084259033,
        "dvar2": 364.367736816,
        "max": 258.49887085,
        "mean": 13.690038681,
        "median": 5.60277557373,
        "min": -1.95383691788,
        "var": 495.084625244
    },
    "barkbands_skewness": {
        "dmean": 0.84403026104,
        "dmean2": 1.29202580452,
        "dvar": 0.760827064514,
        "dvar2": 1.69053852558,
        "max": 12.7842721939,
        "mean": 2.59704113007,
        "median": 2.28231954575,
        "min": -3.7693939209,
        "var": 3.43128037453
    },
    "barkbands_spread": {
        "dmean": 8.27776050568,
        "dmean2": 13.0350151062,
        "dvar": 148.759246826,
        "dvar2": 362.281738281,
        "max": 114.36806488,
        "mean": 21.282875061,
        "median": 14.9828510284,
        "min": 0.297880589962,
        "var": 398.497192383
    },
    "dissonance": {
        "dmean": 0.0194362476468,
        "dmean2": 0.0320513620973,
        "dvar": 0.000401475524995,
        "dvar2": 0.00107975595165,
        "max": 0.500000059605,
        "mean": 0.460274368525,
        "median": 0.468047857285,
        "min": 0.129965305328,
        "var": 0.000935994437896
    },
    "dynamic_complexity": 3.65709805489,
    "erbbands_crest": {
        "dmean": 2.59612822533,
        "dmean2": 4.11713218689,
        "dvar": 5.66950321198,
        "dvar2": 13.6492710114,
        "max": 31.6609115601,
        "mean": 8.52949237823,
        "median": 7.42058563232,
        "min": 2.31508111954,
        "var": 18.5131340027
    },
    "erbbands_flatness_db": {
        "dmean": 0.0186921879649,
        "dmean2": 0.0265103317797,
        "dvar": 0.000409804750234,
        "dvar2": 0.000756374443881,
        "max": 0.370405673981,
        "mean": 0.146879032254,
        "median": 0.134723961353,
        "min": 0.0544855110347,
        "var": 0.00257201655768
    },
    "erbbands_kurtosis": {
        "dmean": 1.2404487133,
        "dmean2": 1.93484187126,
        "dvar": 4.40322971344,
        "dvar2": 10.3755779266,
        "max": 65.5842590332,
        "mean": 0.563646197319,
        "median": -0.399026632309,
        "min": -1.86513650417,
        "var": 10.5363168716
    },
    "erbbands_skewness": {
        "dmean": 0.467402458191,
        "dmean2": 0.707558095455,
        "dvar": 0.240125432611,
        "dvar2": 0.564820885658,
        "max": 6.59130001068,
        "mean": 0.362039804459,
        "median": 0.342560052872,
        "min": -4.4293961525,
        "var": 1.03370964527
    },
    "erbbands_spread": {
        "dmean": 13.2489328384,
        "dmean2": 20.148525238,
        "dvar": 234.243774414,
        "dvar2": 566.98638916,
        "max": 173.705673218,
        "mean": 53.4121208191,
        "median": 49.3685455322,
        "min": 2.51162004471,
        "var": 733.486328125
    },
    "hfc": {
        "dmean": 9.10803318024,
        "dmean2": 14.0866947174,
        "dvar": 325.051086426,
        "dvar2": 846.092102051,
        "max": 201.632110596,
        "mean": 18.5614261627,
        "median": 11.4393043518,
        "min": 1.15270556505e-16,
        "var": 457.826538086
    },
    "melbands_crest": {
        "dmean": 3.70945525169,
        "dmean2": 5.93444252014,
        "dvar": 10.0272350311,
        "dvar2": 25.7838840485,
        "max": 35.0395355225,
        "mean": 16.6992416382,
        "median": 16.2516651154,
        "min": 1.66157519817,
        "var": 34.1178894043
    },
    "melbands_flatness_db": {
        "dmean": 0.0369839854538,
        "dmean2": 0.0525894202292,
        "dvar": 0.00140868406743,
        "dvar2": 0.00243222294375,
        "max": 0.712663531303,
        "mean": 0.255964308977,
        "median": 0.240730300546,
        "min": 0.00419934140518,
        "var": 0.0114382114261
    },
    "melbands_kurtosis": {
        "dmean": 18.9243431091,
        "dmean2": 29.2541751862,
        "dvar": 872.81451416,
        "dvar2": 1928.11767578,
        "max": 519.647827148,
        "mean": 39.0227737427,
        "median": 22.3439922333,
        "min": -1.89348983765,
        "var": 2601.89233398
    },
    "melbands_skewness": {
        "dmean": 1.19124090672,
        "dmean2": 1.84647846222,
        "dvar": 1.45757389069,
        "dvar2": 3.39617538452,
        "max": 17.9070549011,
        "mean": 4.34304237366,
        "median": 3.92821216583,
        "min": -1.1170886755,
        "var": 6.06127262115
    },
    "melbands_spread": {
        "dmean": 9.10673236847,
        "dmean2": 14.9150543213,
        "dvar": 342.285064697,
        "dvar2": 916.720825195,
        "max": 261.391662598,
        "mean": 18.2350692749,
        "median": 10.9597358704,
        "min": 0.293202549219,
        "var": 542.913452148
    },
    "pitch_salience": {
        "dmean": 0.0905568823218,
        "dmean2": 0.144495502114,
        "dvar": 0.00623085163534,
        "dvar2": 0.0149820372462,
        "max": 0.9914265275,
        "mean": 0.514940917492,
        "median": 0.530443549156,
        "min": 0.0618124492466,
        "var": 0.0192691665143
    },
    "silence_rate_20dB": {
        "dmean": 0.000224517294555,
        "dmean2": 0.000449084996944,
        "dvar": 0.00022443306807,
        "dvar2": 0.000673290574923,
        "max": 1,
        "mean": 0.999887764454,
        "median": 1,
        "min": 0,
        "var": 0.000112224995974
    },
    "silence_rate_30dB": {
        "dmean": 0.0359227657318,
        "dmean2": 0.0718536004424,
        "dvar": 0.0346317179501,
        "dvar2": 0.0745542496443,
        "max": 1,
        "mean": 0.942081034184,
        "median": 1,
        "min": 0,
        "var": 0.054566077888
    },
    "silence_rate_60dB": {
        "dmean": 0.0143691068515,
        "dmean2": 0.0287414398044,
        "dvar": 0.0141621669754,
        "dvar2": 0.0337517037988,
        "max": 1,
        "mean": 0.0443371869624,
        "median": 0,
        "min": 0,
        "var": 0.0423736609519
    },
    "spectral_centroid": {
        "dmean": 326.93548584,
        "dmean2": 508.817779541,
        "dvar": 199753.859375,
        "dvar2": 473905.84375,
        "max": 11198.0449219,
        "mean": 1180.64550781,
        "median": 990.868591309,
        "min": 104.145301819,
        "var": 727668.4375
    },
    "spectral_complexity": {
        "dmean": 3.53367757797,
        "dmean2": 5.17592906952,
        "dvar": 23.2195739746,
        "dvar2": 42.4232254028,
        "max": 57,
        "mean": 14.5624647141,
        "median": 11,
        "min": 0,
        "var": 111.283729553
    },
    "spectral_decrease": {
        "dmean": 4.02429733981e-09,
        "dmean2": 6.14808515209e-09,
        "dvar": 3.75641840576e-17,
        "dvar2": 8.13411893472e-17,
        "max": 7.89796305321e-29,
        "mean": -9.61918633635e-09,
        "median": -6.52985976402e-09,
        "min": -9.34669444064e-08,
        "var": 1.11493146902e-16
    },
    "spectral_energy": {
        "dmean": 0.0156795792282,
        "dmean2": 0.023978067562,
        "dvar": 0.000549834687263,
        "dvar2": 0.00118601648137,
        "max": 0.356285452843,
        "mean": 0.0379885919392,
        "median": 0.0265841707587,
        "min": 1.03263814032e-20,
        "var": 0.0016397923464
    },
    "spectral_energyband_high": {
        "dmean": 0.000898909347598,
        "dmean2": 0.00141241785605,
        "dvar": 5.5109103414e-06,
        "dvar2": 1.51056519826e-05,
        "max": 0.0291419923306,
        "mean": 0.0011966425227,
        "median": 0.000292992568575,
        "min": 7.30765926694e-21,
        "var": 5.44028625882e-06
    },
    "spectral_energyband_low": {
        "dmean": 0.0129037359729,
        "dmean2": 0.0198937822133,
        "dvar": 0.000486319360789,
        "dvar2": 0.00105780293234,
        "max": 0.344769090414,
        "mean": 0.0240304302424,
        "median": 0.0107624083757,
        "min": 4.68934326141e-23,
        "var": 0.00126689241733
    },
    "spectral_energyband_middle_high": {
        "dmean": 0.00131528754719,
        "dmean2": 0.00189611222595,
        "dvar": 6.01451984039e-06,
        "dvar2": 1.33919211294e-05,
        "max": 0.0405674725771,
        "mean": 0.00302539020777,
        "median": 0.00126788706984,
        "min": 1.48506041622e-21,
        "var": 1.85965564015e-05
    },
    "spectral_energyband_middle_low": {
        "dmean": 0.00577580183744,
        "dmean2": 0.00893345475197,
        "dvar": 8.24061935418e-05,
        "dvar2": 0.000201937451493,
        "max": 0.143173485994,
        "mean": 0.0124354325235,
        "median": 0.00765523174778,
        "min": 2.38823158326e-22,
        "var": 0.000208778612432
    },
    "spectral_entropy": {
        "dmean": 0.220890402794,
        "dmean2": 0.311222940683,
        "dvar": 0.0721715316176,
        "dvar2": 0.130736902356,
        "max": 9.81357765198,
        "mean": 7.43242168427,
        "median": 7.55271959305,
        "min": 4.49906730652,
        "var": 0.413958370686
    },
    "spectral_flux": {
        "dmean": 0.0306747052819,
        "dmean2": 0.0501381456852,
        "dvar": 0.00125160859898,
        "dvar2": 0.00296563678421,
        "max": 0.402850687504,
        "mean": 0.0905148237944,
        "median": 0.0795758441091,
        "min": 6.57277010596e-11,
        "var": 0.00307468534447
    },
    "spectral_kurtosis": {
        "dmean": 2.3098628521,
        "dmean2": 3.71075820923,
        "dvar": 18.4388885498,
        "dvar2": 43.4190711975,
        "max": 94.8852462769,
        "mean": 4.76438426971,
        "median": 2.57868719101,
        "min": -1.22586941719,
        "var": 49.0774078369
    },
    "spectral_rms": {
        "dmean": 0.00114795286208,
        "dmean2": 0.0017180206487,
        "dvar": 1.60289789619e-06,
        "dvar2": 3.42224825545e-06,
        "max": 0.0186439156532,
        "mean": 0.00541982939467,
        "median": 0.00509271817282,
        "min": 3.1740380723e-12,
        "var": 7.68762674852e-06
    },
    "spectral_rolloff": {
        "dmean": 774.635498047,
        "dmean2": 1336.44140625,
        "dvar": 2444138.5,
        "dvar2": 6394900.5,
        "max": 19207.6171875,
        "mean": 1290.35058594,
        "median": 409.130859375,
        "min": 64.599609375,
        "var": 3978723.5
    },
    "spectral_skewness": {
        "dmean": 0.291347831488,
        "dmean2": 0.447161346674,
        "dvar": 0.143456727266,
        "dvar2": 0.308564156294,
        "max": 8.09806728363,
        "mean": 1.46103596687,
        "median": 1.26937496662,
        "min": -0.178931862116,
        "var": 0.656610608101
    },
    "spectral_spread": {
        "dmean": 695196.9375,
        "dmean2": 1014857.25,
        "dvar": 1.1896923095e+12,
        "dvar2": 2.43734544384e+12,
        "max": 41163064,
        "mean": 4887780,
        "median": 4673817,
        "min": 1069151.875,
        "var": 4.59628766822e+12
    },
    "spectral_strongpeak": {
        "dmean": 0.310804784298,
        "dmean2": 0.512674450874,
        "dvar": 0.283583134413,
        "dvar2": 0.707435429096,
        "max": 7.68380069733,
        "mean": 0.574946403503,
        "median": 0.361965298653,
        "min": 0,
        "var": 0.45823007822
    },
    "zerocrossingrate": {
        "dmean": 0.0133801009506,
        "dmean2": 0.0160269942135,
        "dvar": 0.000301131600281,
        "dvar2": 0.000422908051405,
        "max": 0.654296875,
        "mean": 0.0533031672239,
        "median": 0.04052734375,
        "min": 0.001953125,
        "var": 0.00216679880396
    },
    "barkbands": {
        "dmean": [0.000383729842724, 0.00889991596341, 0.00456430902705, 0.00285679264925, 0.00260693812743, 0.00120203569531, 0.000548553885892, 0.000491953920573, 0.000243808986852, 0.000396492774598, 0.000401408586185, 0.000234767518123, 0.000128648374812, 0.000126423939946, 0.000133784415084, 0.000260731816525, 9.60837278399e-05, 8.85566769284e-05, 0.000140151649248, 0.000178039990715, 0.00016612453328, 0.000128518353449, 0.000285164132947, 0.000177447262104, 0.00010612027836, 2.70452856057e-05, 6.25895472695e-06],
        "dmean2": [0.000609618611634, 0.013934629038, 0.00731176696718, 0.00448023388162, 0.00421716412529, 0.00192841410171, 0.000891923089512, 0.000773626496084, 0.000370070716599, 0.000602423911914, 0.000602840969805, 0.000350442336639, 0.000203536110348, 0.000205415853998, 0.000214154759306, 0.000451961590443, 0.000156284135301, 0.000139252224471, 0.00021601608023, 0.00028072175337, 0.000265853683231, 0.000199758767849, 0.000485337193822, 0.000296970829368, 0.000171662672074, 4.11005603382e-05, 1.02315580079e-05],
        "dvar": [1.28759506879e-06, 0.000263492256636, 9.13189724088e-05, 3.60920348612e-05, 2.0522658815e-05, 5.62799732506e-06, 1.57153237978e-06, 1.26876318518e-06, 3.98459775397e-07, 1.06920651888e-06, 1.25282406316e-06, 4.47801483006e-07, 1.51900721335e-07, 1.7562688015e-07, 8.12461919963e-08, 1.04950208879e-06, 4.27907913547e-08, 3.24883480118e-08, 9.57314085781e-08, 2.07453311418e-07, 2.97227899182e-07, 8.26632771123e-08, 1.02917249478e-06, 2.5964217798e-07, 1.09028725603e-07, 5.61044100067e-09, 5.43979084e-10],
        "dvar2": [4.13627367379e-06, 0.000635130854789, 0.000207497083466, 7.75053922553e-05, 5.32035883225e-05, 1.51239655679e-05, 4.12296549257e-06, 3.07507139041e-06, 9.04099351828e-07, 2.31284047914e-06, 2.88692081085e-06, 9.62758917922e-07, 3.9350348402e-07, 4.47678246474e-07, 2.03539514132e-07, 2.94886740448e-06, 1.12555568421e-07, 7.91006868894e-08, 2.20769507564e-07, 5.21923936958e-07, 8.29548753245e-07, 2.08932405599e-07, 2.90366710942e-06, 7.18944761502e-07, 2.93334522894e-07, 1.45809115892e-08, 1.4236186674e-09],
        "max": [0.0230118744075, 0.225969821215, 0.158785939217, 0.129329770803, 0.0804113820195, 0.0489350296557, 0.0306275859475, 0.0259826853871, 0.0213714521378, 0.0322068631649, 0.0281790215522, 0.0312850736082, 0.0132424952462, 0.014333977364, 0.00541537301615, 0.0147741958499, 0.00575832417235, 0.00305801560171, 0.00629183789715, 0.00579135026783, 0.00855752080679, 0.00328182592057, 0.0127818956971, 0.00524937175214, 0.00469767022878, 0.00113891426008, 0.000331899704179],
        "mean": [0.000671566114761, 0.0141706960276, 0.00668754987419, 0.00418245047331, 0.00396949145943, 0.00187853153329, 0.000845446775202, 0.00079117360292, 0.000400682940381, 0.000622204912361, 0.00064630236011, 0.000408626307035, 0.000201948132599, 0.000190334074432, 0.000183876793017, 0.000265900947852, 0.000156527428771, 0.00014532986097, 0.00025270236074, 0.000261103647063, 0.000232053047512, 0.000191981846001, 0.000287908042083, 0.000178014932317, 0.000127442908706, 3.3089563658e-05, 5.7115812524e-06],
        "median": [9.1953217634e-05, 0.00497988890857, 0.00224800407887, 0.00138804945163, 0.00209249113686, 0.000786943826824, 0.000332561670803, 0.000223158451263, 0.000100573073723, 0.000125065300381, 0.000121111705084, 7.06927239662e-05, 5.02958355355e-05, 4.65701486974e-05, 6.03538101132e-05, 5.35192739335e-05, 5.62212371733e-05, 5.38349304406e-05, 8.13233200461e-05, 7.94619845692e-05, 6.31811853964e-05, 6.05717832514e-05, 3.38655881933e-05, 2.20142756007e-05, 1.18820462376e-05, 2.81331244878e-06, 5.74249447993e-08],
        "min": [6.05782697426e-24, 1.12384816427e-23, 3.26424450022e-24, 8.37573776093e-24, 2.23140398426e-23, 3.27612218166e-24, 2.92380187359e-23, 8.85937102698e-24, 3.99519646746e-23, 4.57190900944e-23, 3.29535441331e-23, 6.76877051015e-23, 1.00784403823e-23, 6.71887726671e-23, 5.96622507703e-23, 6.9749326813e-23, 9.71053884863e-23, 1.50563683688e-22, 1.9657993453e-22, 2.11508414031e-22, 2.80324890736e-22, 3.17656792753e-22, 4.65924070792e-22, 7.52518020209e-22, 8.7687435623e-22, 1.56391076188e-21, 2.29419976725e-21],
        "var": [2.93275729746e-06, 0.000514793326147, 0.000181359690032, 9.45940773818e-05, 3.10304858431e-05, 9.23922925722e-06, 2.85802525468e-06, 2.73253681371e-06, 8.01595888333e-07, 2.10221696761e-06, 2.66822621597e-06, 1.34313108902e-06, 2.6986626267e-07, 3.28973953856e-07, 1.10138955733e-07, 7.78278717917e-07, 6.85202010686e-08, 5.90350346386e-08, 2.02113895398e-07, 2.60691734866e-07, 2.59760923882e-07, 1.0726468247e-07, 7.89101591181e-07, 2.18154852405e-07, 1.28007457079e-07, 7.15999215473e-09, 5.688080007e-10]
    },
    "erbbands": {
        "dmean": [0.209998771548, 2.20054864883, 5.46098852158, 7.44539308548, 8.95247840881, 8.75975990295, 8.86555767059, 10.0475349426, 9.65257072449, 11.1863145828, 7.40262889862, 5.8486495018, 12.6127662659, 8.96074676514, 16.8200836182, 10.1965847015, 6.39752960205, 6.59015846252, 5.57483911514, 10.0929374695, 11.4429826736, 4.99544286728, 4.49053812027, 6.85211706161, 7.07207298279, 9.07441425323, 7.32602071762, 5.82458019257, 4.53985548019, 5.35408163071, 8.87610626221, 5.30299329758, 2.19708299637, 1.73765408993, 0.490618497133, 0.165078580379, 0.0421428121626, 0.00916935317218, 0.00115469656885, 3.31377414113e-05],
        "dmean2": [0.330962449312, 3.45659542084, 8.49998664856, 11.8118886948, 14.4710588455, 14.1313743591, 13.9957265854, 16.5048351288, 15.2689189911, 18.2568283081, 11.7664833069, 8.90225791931, 19.0398654938, 13.7911996841, 24.8521556854, 15.251955986, 9.90718460083, 10.6082077026, 8.87966918945, 16.892364502, 19.4819030762, 8.12527179718, 7.04889297485, 10.6495141983, 10.8045721054, 14.6220397949, 11.8160896301, 9.16185474396, 7.10486364365, 8.7320022583, 15.1823406219, 9.01175403595, 3.61854124069, 2.90936470032, 0.764876484871, 0.260297954082, 0.062448490411, 0.0134658254683, 0.00192643329501, 5.20214416611e-05],
        "dvar": [0.186924949288, 16.791185379, 135.516540527, 228.283569336, 285.836883545, 274.571807861, 275.694335938, 520.772399902, 485.638916016, 725.766540527, 314.794616699, 245.892684937, 998.822631836, 835.153625488, 2279.67211914, 1003.22125244, 367.103729248, 511.910430908, 159.920669556, 923.097412109, 1911.66882324, 136.351135254, 76.6777877808, 277.6612854, 219.123397827, 592.751647949, 650.914794922, 188.326553345, 103.607757568, 193.854446411, 1050.88586426, 306.381622314, 29.5457286835, 33.8233718872, 1.5958698988, 0.202709272504, 0.0196822099388, 0.000801894231699, 2.45785704465e-05, 4.64592719851e-09],
        "dvar2": [0.513297319412, 38.3373374939, 268.327209473, 538.264587402, 749.127319336, 667.887268066, 704.944213867, 1417.32653809, 1197.97277832, 1923.82958984, 784.559326172, 582.296264648, 2099.0871582, 1886.47241211, 4989.08056641, 2157.84033203, 944.919189453, 1330.98742676, 409.056884766, 2525.29931641, 5264.87548828, 357.223815918, 189.661102295, 650.287475586, 491.951660156, 1530.31164551, 1805.15808105, 499.432922363, 262.334869385, 529.570983887, 2962.47827148, 861.708251953, 79.9696502686, 95.1488342285, 3.84481477737, 0.564491271973, 0.0489401519299, 0.00172027677763, 6.90047672833e-05, 1.23109966665e-08],
        "max": [8.09921836853, 59.0404319763, 229.075424194, 310.754089355, 228.710403442, 391.854614258, 376.033538818, 557.11529541, 584.34576416, 670.994689941, 462.123260498, 626.11529541, 1073.80749512, 1286.90515137, 1027.82373047, 1592.75720215, 696.603271484, 716.494140625, 312.933410645, 588.671264648, 630.092651367, 350.10458374, 157.225646973, 391.700561523, 283.116638184, 340.229248047, 417.632049561, 350.405517578, 137.930648804, 171.038650513, 399.194000244, 229.141281128, 56.9773330688, 75.7554244995, 19.6396274567, 4.89187002182, 3.45981836319, 0.518464028835, 0.0793320834637, 0.00100449321326],
        "mean": [0.344698220491, 3.33677768707, 8.42457580566, 11.7056570053, 12.6467084885, 12.8314113617, 13.5524225235, 14.7935161591, 15.1786146164, 16.5696601868, 12.9127473831, 10.2531919479, 19.7849521637, 15.042514801, 28.2796115875, 18.5371227264, 10.6365156174, 10.3904428482, 8.44735717773, 12.851316452, 12.65102005, 8.20939922333, 7.9544210434, 11.8774223328, 12.1842784882, 12.8526592255, 10.0143346786, 8.83853530884, 6.89860296249, 6.61756849289, 8.67006111145, 5.06860589981, 2.37991976738, 2.00751137733, 0.5982452631, 0.200275853276, 0.0511780120432, 0.0103573380038, 0.00105405843351, 6.2037644966e-05],
        "median": [0.109216593206, 1.06933319569, 2.64356040955, 4.91790342331, 5.61460065842, 6.1477766037, 5.91304206848, 6.09081411362, 5.9456820488, 5.20459461212, 4.36043834686, 2.91978144646, 4.10598278046, 3.75544452667, 5.19814538956, 3.80107164383, 2.9343149662, 2.79989981651, 2.79945898056, 3.72964978218, 3.22224283218, 3.01865911484, 2.99613428116, 3.84029912949, 4.0321059227, 3.91626429558, 2.80245423317, 2.60142493248, 2.16387009621, 1.47066342831, 0.928919255733, 0.582305014133, 0.308953076601, 0.168451502919, 0.0633120909333, 0.0180458854884, 0.00417886255309, 0.000526158604771, 3.78223667212e-05, 3.80206074624e-05],
        "min": [2.42030073543e-22, 2.69946576082e-21, 6.63553988022e-21, 3.11267579828e-20, 4.3199736904e-20, 8.0064071647e-20, 8.45628032683e-20, 4.64686125131e-20, 4.74849544683e-19, 4.30877424651e-19, 3.28985316797e-19, 9.17799386032e-19, 1.05492990497e-18, 9.61819973678e-19, 1.689044598e-18, 2.6029583031e-18, 8.99218117739e-19, 2.39531053355e-18, 4.53918049475e-18, 2.90061531742e-18, 5.32392136521e-18, 5.73646404724e-18, 7.60077074285e-18, 8.71222355343e-18, 9.36699491091e-18, 1.02953802442e-17, 8.05570684486e-18, 1.1763706068e-17, 1.1819291778e-17, 8.99705409838e-18, 1.49476334336e-17, 1.50291057608e-17, 1.04700716906e-17, 8.57402235259e-18, 7.04988334414e-18, 5.38127641452e-18, 2.62496668407e-18, 1.19952479836e-18, 3.2020585442e-19, 3.25717746582e-20],
        "var": [0.309161543846, 35.6017837524, 346.87713623, 515.795715332, 411.088470459, 473.061462402, 503.761016846, 718.222961426, 888.632629395, 1161.57556152, 708.718139648, 498.338745117, 2104.76318359, 1397.90380859, 5332.38232422, 2994.78271484, 680.972717285, 872.39630127, 251.426757812, 916.033996582, 1397.32983398, 190.702423096, 154.798080444, 531.909667969, 442.781677246, 670.344116211, 542.492126465, 234.896148682, 138.333572388, 184.952453613, 800.955932617, 237.226348877, 27.8495960236, 37.3419189453, 2.15622711182, 0.254529565573, 0.0224947351962, 0.00113685091492, 2.33020382439e-05, 6.6296248491e-09]
    },
    "gfcc": {
        "mean": [-27.8484287262, 105.741233826, -93.9626846313, 53.3012619019, -55.6904029846, 15.2733049393, -29.7200508118, 3.84425902367, -22.6093864441, -1.47436630726, -11.48478508, -1.62614274025, -7.5333571434],
        "cov": [[11453.1123047, -2151.00976562, -242.063140869, -197.424301147, -874.075805664, 531.495178223, -638.527038574, 453.178375244, -325.327087402, 380.411743164, -240.653427124, 318.417144775, -194.875732422], [-2151.00976562, 2738.4934082, -253.058792114, -390.647094727, 699.610229492, -265.747650146, 499.872039795, -267.128295898, 295.788909912, -276.306243896, 278.034484863, -182.171524048, 234.234893799], [-242.063140869, -253.058792114, 847.072753906, 226.87928772, 25.8581237793, 124.498062134, -57.2407646179, 2.98846578598, 31.4011707306, 22.2434463501, -9.20606994629, 7.6589179039, -32.3999023438], [-197.424301147, -390.647094727, 226.87928772, 508.734008789, -59.3465499878, 39.0525665283, -52.0210037231, 10.6534376144, -17.961265564, 22.1024684906, -32.2457504272, -30.192281723, -16.3827190399], [-874.075805664, 699.610229492, 25.8581237793, -59.3465499878, 443.987548828, -66.4415664673, 170.255233765, -75.6416473389, 111.175331116, -70.8657989502, 58.8748931885, -58.8735542297, 50.3088951111], [531.495178223, -265.747650146, 124.498062134, 39.0525665283, -66.4415664673, 216.229141235, -5.90725851059, 50.2554321289, -21.3855075836, 20.0923137665, -1.29925370216, 19.2382202148, -3.64735221863], [-638.527038574, 499.872039795, -57.2407646179, -52.0210037231, 170.255233765, -5.90725851059, 244.03805542, -16.583524704, 59.0108947754, -47.4191856384, 55.3541412354, -33.3010559082, 51.7647895813], [453.178375244, -267.128295898, 2.98846578598, 10.6534376144, -75.6416473389, 50.2554321289, -16.583524704, 120.922431946, -8.97368717194, 53.2202529907, -15.4278125763, 31.4400367737, -19.6139965057], [-325.327087402, 295.788909912, 31.4011707306, -17.961265564, 111.175331116, -21.3855075836, 59.0108947754, -8.97368717194, 133.597290039, -5.83519458771, 44.7328338623, -22.6400051117, 28.376241684], [380.411743164, -276.306243896, 22.2434463501, 22.1024684906, -70.8657989502, 20.0923137665, -47.4191856384, 53.2202529907, -5.83519458771, 114.332801819, -11.5395107269, 43.020866394, -23.3964920044], [-240.653427124, 278.034484863, -9.20606994629, -32.2457504272, 58.8748931885, -1.29925370216, 55.3541412354, -15.4278125763, 44.7328338623, -11.5395107269, 107.978599548, 7.73289632797, 40.2982902527], [318.417144775, -182.171524048, 7.6589179039, -30.192281723, -58.8735542297, 19.2382202148, -33.3010559082, 31.4400367737, -22.6400051117, 43.020866394, 7.73289632797, 90.0123062134, 2.60117983818], [-194.875732422, 234.234893799, -32.3999023438, -16.3827190399, 50.3088951111, -3.64735221863, 51.7647895813, -19.6139965057, 28.376241684, -23.3964920044, 40.2982902527, 2.60117983818, 80.2445373535]],
        "icov": [[0.000154872599524, -0.000131942870212, 0.000100505130831, 2.42944570346e-05, 6.40204889351e-05, -0.000426639890065, 0.000412251829403, -0.000354923133273, 0.000136597518576, -0.000233861879678, 0.000283578730887, -0.00028817213024, 0.000145013982547], [-0.000131942870212, 0.0021513805259, -0.000140229138196, 0.00100265943911, -0.000797485699877, 0.00165850808844, -0.0019291593926, 0.00170921790414, -0.00127821252681, 0.0014972302597, -0.00253485538997, 0.00222436408512, -0.00212520221248], [0.000100505130831, -0.000140229138196, 0.00169761793222, -0.000714658992365, -0.000363484461559, -0.00136207102332, 0.000766237499192, 0.000207869103178, -0.000654307659715, -7.27934238967e-05, 0.000288489216473, -0.000943041988648, 0.00101128150709], [2.42944570346e-05, 0.00100265943911, -0.000714658992365, 0.00299392780289, -5.31210826011e-05, 0.000632970652077, -0.000523719878402, 0.000486409669975, -9.9231445347e-05, -0.000106716193841, -0.000851037795655, 0.00262235943228, -0.00167992280331], [6.40204889351e-05, -0.000797485699877, -0.000363484461559, -5.31210826011e-05, 0.0044837417081, 0.000132648288854, -0.00137249135878, 0.00072755367728, -0.00153136893641, 4.35906395069e-06, 0.00090841553174, -0.000169788603671, 0.000676022551488], [-0.000426639890065, 0.00165850808844, -0.00136207102332, 0.000632970652077, 0.000132648288854, 0.00804604031146, -0.00284844846465, -0.000469593738671, 1.00067427411e-06, 0.00166418321896, -0.00278427009471, 0.00218705437146, -0.00248055858538], [0.000412251829403, -0.0019291593926, 0.000766237499192, -0.000523719878402, -0.00137249135878, -0.00284844846465, 0.00922372378409, -0.00358709949069, 0.000962097081356, -0.000530108867679, 0.000947488413658, -0.000807196891401, -0.000205468415515], [-0.000354923133273, 0.00170921790414, 0.000207869103178, 0.000486409669975, 0.00072755367728, -0.000469593738671, -0.00358709949069, 0.0144395530224, -0.00274781137705, -0.0025078356266, -0.000755711807869, -0.000371328613255, 0.000330049515469], [0.000136597518576, -0.00127821252681, -0.000654307659715, -9.9231445347e-05, -0.00153136893641, 1.00067427411e-06, 0.000962097081356, -0.00274781137705, 0.0125163542107, -0.00324461958371, -0.00182370410766, 0.00215290486813, -0.00107975699939], [-0.000233861879678, 0.0014972302597, -7.27934238967e-05, -0.000106716193841, 4.35906395069e-06, 0.00166418321896, -0.000530108867679, -0.0025078356266, -0.00324461958371, 0.0152184600011, -0.00176402903162, -0.00382391898893, 0.00140671525151], [0.000283578730887, -0.00253485538997, 0.000288489216473, -0.000851037795655, 0.00090841553174, -0.00278427009471, 0.000947488413658, -0.000755711807869, -0.00182370410766, -0.00176402903162, 0.0165911354125, -0.00563775748014, -0.00147995806765], [-0.00028817213024, 0.00222436408512, -0.000943041988648, 0.00262235943228, -0.000169788603671, 0.00218705437146, -0.000807196891401, -0.000371328613255, 0.00215290486813, -0.00382391898893, -0.00563775748014, 0.019872693345, -0.00609153835103], [0.000145013982547, -0.00212520221248, 0.00101128150709, -0.00167992280331, 0.000676022551488, -0.00248055858538, -0.000205468415515, 0.000330049515469, -0.00107975699939, 0.00140671525151, -0.00147995806765, -0.00609153835103, 0.0204922202975]]
    },
    "melbands": {
        "dmean": [0.00215980340727, 0.00283520342782, 0.00128574762493, 0.00061555049615, 0.000324733264279, 0.000230477642617, 0.000141799624544, 0.000122536774143, 5.64913389098e-05, 3.65113082808e-05, 6.31046277704e-05, 3.49109723174e-05, 5.83162072871e-05, 3.13944547088e-05, 1.91068811546e-05, 1.1910903595e-05, 1.35208501888e-05, 8.90887440619e-06, 9.51070251176e-06, 1.93572850549e-05, 1.26349450511e-05, 5.34470291313e-06, 4.745503702e-06, 4.41935799245e-06, 6.04588421993e-06, 5.40541486771e-06, 5.40046676178e-06, 6.6652823989e-06, 4.21949062002e-06, 4.87697616336e-06, 3.22708524436e-06, 2.79030041384e-06, 2.47462185143e-06, 3.38627728524e-06, 5.33159072802e-06, 4.37297603639e-06, 3.18158777191e-06, 1.73309899765e-06, 1.10938015041e-06, 1.61361219853e-06],
        "dmean2": [0.00339908641763, 0.00441018864512, 0.00203110091388, 0.000998282805085, 0.000509557256009, 0.000374177907361, 0.000225382696954, 0.000198407607968, 8.98020007298e-05, 5.5559889006e-05, 9.54663555603e-05, 5.43397072761e-05, 8.72608361533e-05, 4.63813703391e-05, 2.9173137591e-05, 1.89009369933e-05, 2.19475768972e-05, 1.43213510455e-05, 1.54011177074e-05, 3.3439580875e-05, 2.15158324863e-05, 8.759733646e-06, 7.72718703956e-06, 6.98778194419e-06, 9.51941092353e-06, 8.54542395246e-06, 8.41261135065e-06, 1.09887259896e-05, 6.69736800774e-06, 8.04410137789e-06, 5.12484166393e-06, 4.50017205367e-06, 3.87877116736e-06, 5.68852829019e-06, 9.1706197054e-06, 7.53658650865e-06, 5.44317572349e-06, 2.86715930997e-06, 1.79643768661e-06, 2.75354659607e-06],
        "dvar": [1.62074884429e-05, 3.16036312142e-05, 6.24697622698e-06, 1.26010888835e-06, 3.32189642904e-07, 2.50669017987e-07, 9.72690088474e-08, 8.59208526549e-08, 1.88131767942e-08, 9.94912063845e-09, 2.50277807368e-08, 1.50214969352e-08, 2.839164992e-08, 7.45138972746e-09, 2.45733966509e-09, 1.26374732901e-09, 2.27289476129e-09, 4.41912478832e-10, 4.13697187618e-10, 5.33550581494e-09, 2.60827914822e-09, 1.5785496521e-10, 1.0339960832e-10, 8.79133085774e-11, 2.27257282437e-10, 1.55555304748e-10, 1.44261422252e-10, 3.70261793448e-10, 1.34631097937e-10, 3.36939032231e-10, 5.54346117621e-11, 4.35189974335e-11, 2.94177460169e-11, 8.94115267935e-11, 3.67870067741e-10, 2.85030915537e-10, 1.0367243175e-10, 1.95360116972e-11, 7.70869305888e-12, 3.36990955974e-11],
        "dvar2": [4.23157034675e-05, 6.16612669546e-05, 1.4944049326e-05, 3.25340943164e-06, 8.38091068545e-07, 6.71286329634e-07, 2.41608120177e-07, 2.21810381618e-07, 4.73934491652e-08, 2.35807071647e-08, 5.26696268821e-08, 3.40950059297e-08, 6.59708874196e-08, 1.52669610287e-08, 5.70342217898e-09, 3.37852612553e-09, 5.82231018953e-09, 1.1269853939e-09, 1.05559638808e-09, 1.50821684031e-08, 7.19505521829e-09, 4.12204853584e-10, 2.77510986413e-10, 2.19023438275e-10, 5.41228617479e-10, 3.7013173082e-10, 3.35192484879e-10, 9.7426222645e-10, 3.59644869441e-10, 9.53570000739e-10, 1.42312953089e-10, 1.1475720374e-10, 7.3783562593e-11, 2.49660708773e-10, 1.03399722118e-09, 8.14650014114e-10, 2.88031792861e-10, 5.34331953683e-11, 2.01451702542e-11, 9.61468751837e-11],
        "max": [0.0610250122845, 0.108299337327, 0.0461203791201, 0.0230217669159, 0.0137628074735, 0.0113409645855, 0.00748537760228, 0.00726455869153, 0.00340757635422, 0.00417369138449, 0.00537216244265, 0.00560356769711, 0.00436808215454, 0.00355390249752, 0.00169420603197, 0.000985224498436, 0.0016427221708, 0.00045336491894, 0.000296617421554, 0.0015164501965, 0.000762700161431, 0.000381298857974, 0.000237775981077, 0.000186387755093, 0.000361517013516, 0.000276843144093, 0.000225539348321, 0.000316541671054, 0.000192728635739, 0.000296193349641, 0.000314343196806, 9.81269986369e-05, 7.50857871026e-05, 0.000113419380796, 0.000245392584475, 0.000266764109256, 0.00011806612747, 5.30174111191e-05, 4.89713311254e-05, 8.15206440166e-05],
        "mean": [0.0035204202868, 0.00457255588844, 0.00206202687696, 0.000898257712834, 0.000505461008288, 0.000347905355738, 0.000222993039642, 0.000183391181054, 9.77007584879e-05, 6.12888252363e-05, 9.73827045527e-05, 5.53891331947e-05, 9.44506755332e-05, 5.71062264498e-05, 3.19328137266e-05, 1.80518163688e-05, 2.02662577067e-05, 1.30123853523e-05, 1.30923190227e-05, 2.14646042878e-05, 1.34278134283e-05, 8.42403369461e-06, 7.66506218497e-06, 7.10530639481e-06, 9.83752579486e-06, 9.15321015782e-06, 8.2979850049e-06, 8.68548886501e-06, 5.87412023378e-06, 6.18362537352e-06, 4.89817830385e-06, 4.05997161579e-06, 3.33192133439e-06, 3.80966025659e-06, 5.16541194884e-06, 4.13377028963e-06, 2.89160016109e-06, 1.79166261205e-06, 1.29170518903e-06, 1.83376630503e-06],
        "median": [0.00123644887935, 0.00159779284149, 0.00096586800646, 0.000450170395197, 0.000228867109399, 0.000145210084156, 8.74118995853e-05, 5.52511264686e-05, 3.18876591336e-05, 1.63225467986e-05, 1.8856013412e-05, 1.19201940834e-05, 1.67396956385e-05, 1.01837740658e-05, 7.62991385272e-06, 4.83555459141e-06, 4.70511531603e-06, 4.04232605433e-06, 4.34025832874e-06, 4.46085323347e-06, 3.33998673341e-06, 3.0635899293e-06, 2.74338185591e-06, 2.51022061093e-06, 2.89632043859e-06, 2.71569888355e-06, 2.57486772171e-06, 2.39353630604e-06, 1.65516098605e-06, 1.49811921801e-06, 1.45168826293e-06, 1.20723836972e-06, 8.60411148551e-07, 7.0435305588e-07, 5.37916434951e-07, 4.05985360885e-07, 3.00354997762e-07, 2.15913516399e-07, 1.60607356747e-07, 1.23813407527e-07],
        "min": [4.11741058542e-24, 3.99738776528e-24, 7.05912891012e-24, 4.25310649404e-24, 3.44753159839e-24, 7.61668968426e-25, 6.86732053646e-24, 4.45716982186e-24, 3.17587945706e-24, 5.37387313095e-24, 4.36620745417e-24, 3.51941773167e-24, 4.58130063517e-24, 7.36572758954e-24, 4.99356762728e-24, 1.45305910767e-24, 3.57628237559e-24, 6.46328649119e-24, 4.7110931032e-24, 3.19957861359e-24, 6.8350790024e-24, 4.87648173628e-24, 7.60950533078e-24, 7.32942026638e-24, 6.72669503605e-24, 6.94926977387e-24, 6.46957292374e-24, 6.66796197507e-24, 3.74239873286e-24, 5.67754079768e-24, 6.38308458067e-24, 5.05720385321e-24, 4.37038013393e-24, 5.14249904416e-24, 8.40005124289e-24, 7.54027726432e-24, 8.93441694262e-24, 7.79426917655e-24, 6.82458478578e-24, 7.14466746465e-24],
        "var": [2.76370828942e-05, 8.44716123538e-05, 1.35711479743e-05, 1.8021945607e-06, 6.12510234532e-07, 3.70077486878e-07, 1.84536631309e-07, 1.47303779841e-07, 4.16952765647e-08, 1.88406019674e-08, 5.23126040264e-08, 2.39721700268e-08, 5.99107679022e-08, 2.32878818451e-08, 5.91491300383e-09, 2.01261718402e-09, 4.12174783193e-09, 7.11085246241e-10, 5.5223370321e-10, 4.49262582691e-09, 1.83052584202e-09, 2.19876908347e-10, 1.69610700484e-10, 1.50780693486e-10, 4.2003159284e-10, 2.94626378849e-10, 2.35301583773e-10, 3.68098024284e-10, 1.40733424914e-10, 2.57657839509e-10, 7.31571261903e-11, 5.17360668195e-11, 3.69509839393e-11, 7.61769675117e-11, 2.80439421685e-10, 2.11151277019e-10, 7.92654136772e-11, 1.76931386209e-11, 8.40816912623e-12, 3.67739658169e-11]
    },
    "mfcc": {
        "mean": [-671.238098145, 124.060638428, 24.0668697357, 39.5234413147, 6.4171628952, 13.0378513336, 5.01642227173, 5.73761320114, -0.989858925343, 1.25584459305, -3.60800552368, -0.930134832859, 2.47558498383],
        "cov": [[9502.26855469, -1663.05236816, -249.707427979, -507.992034912, -403.340362549, -190.805084229, -230.192932129, -79.6889038086, -62.8245315552, -4.39465284348, -55.0733299255, 68.2162475586, 50.0569610596], [-1663.05236816, 2666.61035156, -528.01361084, 8.01282215118, 126.578598022, 80.9260482788, 154.03112793, 111.443992615, 64.3267822266, 12.3197107315, 49.8509902954, 14.819188118, 60.2520637512], [-249.707427979, -528.01361084, 769.095825195, 101.686218262, 99.356628418, 85.8237915039, -14.6446294785, 5.91922569275, -18.3922214508, 22.7174892426, 5.0491528511, 16.8675575256, -8.24844741821], [-507.992034912, 8.01282215118, 101.686218262, 373.246704102, 84.5882110596, 55.1550521851, 17.0543365479, -5.52054309845, 17.1541423798, 15.8033943176, 18.6876010895, -8.43462467194, -27.4675216675], [-403.340362549, 126.578598022, 99.356628418, 84.5882110596, 221.681304932, 61.6950416565, 11.5077285767, 14.0260820389, 8.22209262848, 25.2184047699, 13.9218921661, -10.7276525497, 14.1072683334], [-190.805084229, 80.9260482788, 85.8237915039, 55.1550521851, 61.6950416565, 138.599609375, 50.338306427, 29.9945373535, 19.8095569611, 19.9455680847, 8.58322429657, 3.07544326782, -3.60729765892], [-230.192932129, 154.03112793, -14.6446294785, 17.0543365479, 11.5077285767, 50.338306427, 139.094741821, 45.3958587646, 25.7361297607, 8.93047904968, 11.6495370865, -0.254387438297, 0.625812292099], [-79.6889038086, 111.443992615, 5.91922569275, -5.52054309845, 14.0260820389, 29.9945373535, 45.3958587646, 92.0371246338, 23.3709087372, 14.3980646133, 5.22556114197, 8.87812900543, 10.4084482193], [-62.8245315552, 64.3267822266, -18.3922214508, 17.1541423798, 8.22209262848, 19.8095569611, 25.7361297607, 23.3709087372, 83.2189941406, 29.6271572113, 13.5414571762, 2.81955718994, -0.711287438869], [-4.39465284348, 12.3197107315, 22.7174892426, 15.8033943176, 25.2184047699, 19.9455680847, 8.93047904968, 14.3980646133, 29.6271572113, 75.3554153442, 20.2576599121, 5.51791954041, -4.51667690277], [-55.0733299255, 49.8509902954, 5.0491528511, 18.6876010895, 13.9218921661, 8.58322429657, 11.6495370865, 5.22556114197, 13.5414571762, 20.2576599121, 77.4404830933, 15.3670492172, 0.321985214949], [68.2162475586, 14.819188118, 16.8675575256, -8.43462467194, -10.7276525497, 3.07544326782, -0.254387438297, 8.87812900543, 2.81955718994, 5.51791954041, 15.3670492172, 75.0406799316, 21.880531311], [50.0569610596, 60.2520637512, -8.24844741821, -27.4675216675, 14.1072683334, -3.60729765892, 0.625812292099, 10.4084482193, -0.711287438869, -4.51667690277, 0.321985214949, 21.880531311, 88.1812286377]],
