{
"lowlevel": {
    "average_loudness": 0.882005572319,
    "barkbands_crest": {
        "dmean": 3.40048742294,
        "dmean2": 4.9466843605,
        "dvar": 8.95737171173,
        "dvar2": 18.1493968964,
        "max": 26.5325889587,
        "mean": 12.6510639191,
        "median": 11.7086992264,
        "min": 1.94261980057,
        "var": 36.6512145996
    },
    "barkbands_flatness_db": {
        "dmean": 0.0328511781991,
        "dmean2": 0.0494231618941,
        "dvar": 0.00106059864629,
        "dvar2": 0.00230028969236,
        "max": 0.510552585125,
        "mean": 0.127657458186,
        "median": 0.114622980356,
        "min": 0.0185661222786,
        "var": 0.0046259961091
    },
    "barkbands_kurtosis": {
        "dmean": 7.15963888168,
        "dmean2": 11.6627311707,
        "dvar": 535.820739746,
        "dvar2": 1595.09594727,
        "max": 1398.00244141,
        "mean": 10.516866684,
        "median": 3.65461349487,
        "min": -1.92755901814,
        "var": 972.151733398
    },
    "barkbands_skewness": {
        "dmean": 0.929784834385,
        "dmean2": 1.43774199486,
        "dvar": 1.08332908154,
        "dvar2": 2.55246829987,
        "max": 34.407245636,
        "mean": 2.31603074074,
        "median": 2.05304527283,
        "min": -2.53344416618,
        "var": 4.06147956848
    },
    "barkbands_spread": {
        "dmean": 10.2993888855,
        "dmean2": 16.4849395752,
        "dvar": 132.894317627,
        "dvar2": 316.462646484,
        "max": 145.205352783,
        "mean": 29.3217697144,
        "median": 25.6493301392,
        "min": 0.134098663926,
        "var": 370.448181152
    },
    "dissonance": {
        "dmean": 0.0118409805,
        "dmean2": 0.0198172796518,
        "dvar": 0.000188745994819,
        "dvar2": 0.000499091518577,
        "max": 0.5,
        "mean": 0.478041112423,
        "median": 0.4823346138,
        "min": 0,
        "var": 0.000352322647814
    },
    "dynamic_complexity": 3.68877458572,
    "erbbands_crest": {
        "dmean": 1.91066718102,
        "dmean2": 3.17910146713,
        "dvar": 4.04800367355,
        "dvar2": 10.2582435608,
        "max": 28.1559391022,
        "mean": 6.10166692734,
        "median": 5.16762447357,
        "min": 2.08586645126,
        "var": 10.0620670319
    },
    "erbbands_flatness_db": {
        "dmean": 0.0147050376981,
        "dmean2": 0.0212781373411,
        "dvar": 0.000289559568046,
        "dvar2": 0.000590150477365,
        "max": 0.411866605282,
        "mean": 0.105917565525,
        "median": 0.096974901855,
        "min": 0.0205400586128,
        "var": 0.00119612936396
    },
    "erbbands_kurtosis": {
        "dmean": 0.643263161182,
        "dmean2": 1.05932235718,
        "dvar": 2.81481981277,
        "dvar2": 8.44451999664,
        "max": 87.4282226562,
        "mean": -0.333444565535,
        "median": -0.733126282692,
        "min": -1.75297057629,
        "var": 4.72647333145
    },
    "erbbands_skewness": {
        "dmean": 0.343186497688,
        "dmean2": 0.559796452522,
        "dvar": 0.130725979805,
        "dvar2": 0.361451894045,
        "max": 8.50574970245,
        "mean": -0.140135720372,
        "median": -0.204014867544,
        "min": -2.73442602158,
        "var": 0.443868279457
    },
    "erbbands_spread": {
        "dmean": 11.6846446991,
        "dmean2": 18.4490432739,
        "dvar": 141.166534424,
        "dvar2": 321.917724609,
        "max": 160.53918457,
        "mean": 60.5226631165,
        "median": 59.0657501221,
        "min": 1.94440734386,
        "var": 451.68170166
    },
    "hfc": {
        "dmean": 10.4833288193,
        "dmean2": 16.3969230652,
        "dvar": 272.358093262,
        "dvar2": 699.148925781,
        "max": 159.332107544,
        "mean": 24.8195381165,
        "median": 20.4604434967,
        "min": 1.05461888506e-16,
        "var": 484.06350708
    },
    "melbands_crest": {
        "dmean": 4.33677816391,
        "dmean2": 6.79690170288,
        "dvar": 15.315788269,
        "dvar2": 35.0433883667,
        "max": 38.5830802917,
        "mean": 17.9939517975,
        "median": 18.0407142639,
        "min": 1.51284122467,
        "var": 55.1563606262
    },
    "melbands_flatness_db": {
        "dmean": 0.0432150810957,
        "dmean2": 0.0644141882658,
        "dvar": 0.00187962979544,
        "dvar2": 0.00411025015637,
        "max": 0.652916014194,
        "mean": 0.198704555631,
        "median": 0.193850636482,
        "min": 0.00239034276456,
        "var": 0.00875344406813
    },
    "melbands_kurtosis": {
        "dmean": 20.2351779938,
        "dmean2": 31.9536266327,
        "dvar": 833.152648926,
        "dvar2": 1865.58483887,
        "max": 548.888122559,
        "mean": 38.3217811584,
        "median": 20.6636657715,
        "min": -1.60797572136,
        "var": 2202.29614258
    },
    "melbands_skewness": {
        "dmean": 1.37894034386,
        "dmean2": 2.12012791634,
        "dvar": 2.19859957695,
        "dvar2": 4.60899162292,
        "max": 19.6422023773,
        "mean": 4.62425518036,
        "median": 4.11211013794,
        "min": -1.78241062164,
        "var": 7.99168109894
    },
    "melbands_spread": {
        "dmean": 12.8077898026,
        "dmean2": 20.469707489,
        "dvar": 324.646881104,
        "dvar2": 764.666503906,
        "max": 218.268249512,
        "mean": 26.9088535309,
        "median": 16.4188308716,
        "min": 0.256263554096,
        "var": 862.033325195
    },
    "pitch_salience": {
        "dmean": 0.102986186743,
        "dmean2": 0.155943214893,
        "dvar": 0.00875404570252,
        "dvar2": 0.0198300592601,
        "max": 0.991849899292,
        "mean": 0.477899461985,
        "median": 0.488045752048,
        "min": 0.0534156784415,
        "var": 0.0286723244935
    },
    "silence_rate_20dB": {
        "dmean": 0,
        "dmean2": 0,
        "dvar": 0,
        "dvar2": 0,
        "max": 1,
        "mean": 1,
        "median": 1,
        "min": 1,
        "var": 0
    },
    "silence_rate_30dB": {
        "dmean": 0.0885179191828,
        "dmean2": 0.177048265934,
        "dvar": 0.0806741863489,
        "dvar2": 0.187499776483,
        "max": 1,
        "mean": 0.90131855011,
        "median": 1,
        "min": 0,
        "var": 0.0889578834176
    },
    "silence_rate_60dB": {
        "dmean": 0.0273549836129,
        "dmean2": 0.0547138042748,
        "dvar": 0.0266115162522,
        "dvar2": 0.0651852115989,
        "max": 1,
        "mean": 0.124561652541,
        "median": 0,
        "min": 0,
        "var": 0.109034739435
    },
    "spectral_centroid": {
        "dmean": 442.368560791,
        "dmean2": 708.911987305,
        "dvar": 217158.296875,
        "dvar2": 564235.8125,
        "max": 11883.2792969,
        "mean": 1998.29064941,
        "median": 1749.76538086,
        "min": 93.7984161377,
        "var": 2788829.25
    },
    "spectral_complexity": {
        "dmean": 5.67342376709,
        "dmean2": 8.73695278168,
        "dvar": 44.6940345764,
        "dvar2": 101.291488647,
        "max": 57,
        "mean": 19.508556366,
        "median": 19,
        "min": 0,
        "var": 146.798812866
    },
    "spectral_decrease": {
        "dmean": 4.8364841021e-09,
        "dmean2": 7.36576488691e-09,
        "dvar": 3.82461084459e-17,
        "dvar2": 9.03415033644e-17,
        "max": 2.16124367611e-28,
        "mean": -1.12154321386e-08,
        "median": -8.23720469612e-09,
        "min": -6.54720082593e-08,
        "var": 1.11322932984e-16
    },
    "spectral_energy": {
        "dmean": 0.0186075605452,
        "dmean2": 0.0281242914498,
        "dvar": 0.000545210787095,
        "dvar2": 0.00128122768365,
        "max": 0.248651146889,
        "mean": 0.0445808209479,
        "median": 0.0342033952475,
        "min": 9.96884146919e-21,
        "var": 0.00165116915014
    },
    "spectral_energyband_high": {
        "dmean": 0.00098099024035,
        "dmean2": 0.00160648149904,
        "dvar": 2.57842316387e-06,
        "dvar2": 6.74963484926e-06,
        "max": 0.0153579991311,
        "mean": 0.00194705754984,
        "median": 0.00128860201221,
        "min": 6.86943125687e-21,
        "var": 4.49618482889e-06
    },
    "spectral_energyband_low": {
        "dmean": 0.0158858001232,
        "dmean2": 0.0244978759438,
        "dvar": 0.000488241290441,
        "dvar2": 0.00112543487921,
        "max": 0.243817269802,
        "mean": 0.0313572324812,
        "median": 0.015943583101,
        "min": 8.45394779766e-24,
        "var": 0.00129453558475
    },
    "spectral_energyband_middle_high": {
        "dmean": 0.00155213789549,
        "dmean2": 0.00254357419908,
        "dvar": 6.07768288319e-06,
        "dvar2": 1.64037537616e-05,
        "max": 0.0241948645562,
        "mean": 0.00318717444316,
        "median": 0.00260944664478,
        "min": 1.0361944717e-21,
        "var": 8.59384726937e-06
    },
    "spectral_energyband_middle_low": {
        "dmean": 0.00746875163168,
        "dmean2": 0.0124831805006,
        "dvar": 0.000215793930693,
        "dvar2": 0.000591714982875,
        "max": 0.133110284805,
        "mean": 0.0102377962321,
        "median": 0.0057657957077,
        "min": 1.57634641568e-22,
        "var": 0.000199037167476
    },
    "spectral_entropy": {
        "dmean": 0.184877708554,
        "dmean2": 0.284442335367,
        "dvar": 0.0491967387497,
        "dvar2": 0.113595306873,
        "max": 9.82929039001,
        "mean": 7.96459817886,
        "median": 7.99415016174,
        "min": 5.08877086639,
        "var": 0.255718767643
    },
    "spectral_flux": {
        "dmean": 0.0387285798788,
        "dmean2": 0.0617203563452,
        "dvar": 0.00200763298199,
        "dvar2": 0.00387477292679,
        "max": 0.428635537624,
        "mean": 0.107244551182,
        "median": 0.0945107713342,
        "min": 6.14326575721e-11,
        "var": 0.00562605261803
    },
    "spectral_kurtosis": {
        "dmean": 0.865526556969,
        "dmean2": 1.39944398403,
        "dvar": 2.53313231468,
        "dvar2": 6.19490766525,
        "max": 41.1552696228,
        "mean": 2.36823558807,
        "median": 1.9057059288,
        "min": -1.27239024639,
        "var": 5.97987413406
    },
    "spectral_rms": {
        "dmean": 0.00133271713275,
        "dmean2": 0.00192987767514,
        "dvar": 1.97304007088e-06,
        "dvar2": 4.07674406233e-06,
        "max": 0.0155751882121,
        "mean": 0.00573049811646,
        "median": 0.00577660510316,
        "min": 3.11860520047e-12,
        "var": 1.06549750853e-05
    },
    "spectral_rolloff": {
        "dmean": 1062.67492676,
        "dmean2": 1750.72119141,
        "dvar": 2653947.5,
        "dvar2": 6272584,
        "max": 20047.4121094,
        "mean": 2130.42773438,
        "median": 645.99609375,
        "min": 43.06640625,
        "var": 12386384
    },
    "spectral_skewness": {
        "dmean": 0.145357146859,
        "dmean2": 0.230465635657,
        "dvar": 0.0382473133504,
        "dvar2": 0.0890874117613,
        "max": 5.08126783371,
        "mean": 1.15248644352,
        "median": 1.11745893955,
        "min": -0.0883015617728,
        "var": 0.177019864321
    },
    "spectral_spread": {
        "dmean": 644809.5625,
        "dmean2": 959155,
        "dvar": 730241957888,
        "dvar2": 1.71112700314e+12,
        "max": 43053372,
        "mean": 6710734,
        "median": 5873225,
        "min": 1567902,
        "var": 3.28297590292e+13
    },
    "spectral_strongpeak": {
        "dmean": 0.254374057055,
        "dmean2": 0.430044382811,
        "dvar": 0.189181163907,
        "dvar2": 0.535208165646,
        "max": 7.39178133011,
        "mean": 0.475967824459,
        "median": 0.38636547327,
        "min": 0,
        "var": 0.203494876623
    },
    "zerocrossingrate": {
        "dmean": 0.018375704065,
        "dmean2": 0.0222720783204,
        "dvar": 0.000430305110058,
        "dvar2": 0.000621416140348,
        "max": 0.88232421875,
        "mean": 0.082623809576,
        "median": 0.06103515625,
        "min": 0.0009765625,
        "var": 0.00861960556358
    },
    "barkbands": {
        "dmean": [0.000849629810546, 0.0126059679314, 0.00607481598854, 0.00450676959008, 0.00281701330096, 0.000903591688257, 0.000365604530089, 0.000249101110967, 0.000317352067214, 0.000200024689548, 0.000235518091358, 0.000199791931664, 0.000191885177628, 0.00017339095939, 0.000175160850631, 0.000180805640412, 0.000192583669559, 0.000251788384048, 0.000255758030107, 0.000344990578014, 0.000254651968135, 0.000193599727936, 0.000143054654473, 0.000174220840563, 0.000149891464389, 5.09186756972e-05, 6.01385272603e-06],
        "dmean2": [0.00131614308339, 0.0181966405362, 0.0101422695443, 0.00804215017706, 0.0046728104353, 0.00148245471064, 0.000573403842282, 0.000395812734496, 0.000507285119966, 0.00033000134863, 0.000371595087927, 0.00032283962355, 0.00031909061363, 0.000285129615804, 0.000293758814223, 0.000303465814795, 0.000322742271237, 0.000445354758995, 0.000441895535914, 0.000612785515841, 0.000431750435382, 0.000312860909617, 0.00023188929481, 0.000291269359877, 0.000247330812272, 8.23693408165e-05, 9.96226754069e-06],
        "dvar": [2.52396444012e-06, 0.00034125946695, 0.000200912996661, 0.000123735851957, 2.60588167293e-05, 1.89993295407e-06, 3.61958797157e-07, 2.15295216321e-07, 3.1340454143e-07, 1.52734713765e-07, 3.0986078059e-07, 1.28186684378e-07, 1.16813232864e-07, 9.90072592799e-08, 8.78217747413e-08, 9.6007887862e-08, 1.15109457965e-07, 2.37999486785e-07, 2.1452854071e-07, 6.65283266699e-07, 1.64519519785e-07, 7.93819125988e-08, 4.78350088429e-08, 8.71382823675e-08, 6.99336339949e-08, 6.29172935973e-09, 1.19961818257e-10],
        "dvar2": [6.34566913504e-06, 0.00071474048309, 0.000525615876541, 0.000354346615495, 6.90682427376e-05, 4.95842778037e-06, 7.99372628535e-07, 4.79581615309e-07, 7.5862368476e-07, 3.97568754806e-07, 7.75773060013e-07, 3.07369077746e-07, 3.06374346337e-07, 2.50070371521e-07, 2.29662120432e-07, 2.48875892339e-07, 3.15805380069e-07, 6.756009725e-07, 6.02435363817e-07, 1.90151877177e-06, 4.33592816762e-07, 1.96361980898e-07, 1.1560550206e-07, 2.31962431485e-07, 1.84484875376e-07, 1.56060835366e-08, 2.91450225065e-10],
        "max": [0.0310465861112, 0.22161577642, 0.125304102898, 0.11536642909, 0.0569194927812, 0.0199349094182, 0.0117211919278, 0.0191170107573, 0.0131544750184, 0.00892096944153, 0.0163552984595, 0.00925370212644, 0.00843487307429, 0.00895219761878, 0.0062506319955, 0.00637607788667, 0.00958593375981, 0.0105174351484, 0.00733924424276, 0.00949337333441, 0.00565962307155, 0.00425798585638, 0.0041332016699, 0.00328832119703, 0.00379631831311, 0.00131035188679, 0.000281882908894],
        "mean": [0.00117660698015, 0.022654434666, 0.00541942426935, 0.00402577826753, 0.00334945507348, 0.00135531555861, 0.000544721086044, 0.000389795954106, 0.000509294797666, 0.000272535398835, 0.000352546165232, 0.000307500973577, 0.000280652544461, 0.000254891638178, 0.000252283032751, 0.000254826591117, 0.000300582119962, 0.000340611179126, 0.0003677791683, 0.000454961991636, 0.000423373596277, 0.000392580579501, 0.00029296654975, 0.000283163040876, 0.000230218225624, 8.65605761646e-05, 8.10983237898e-06],
        "median": [0.000283465895336, 0.00856626406312, 0.00107357394882, 0.000796657055616, 0.00134356121998, 0.000773990293965, 0.000240119028604, 0.000159288203577, 0.000251717225183, 0.000116941308079, 0.000123277510284, 0.000154886394739, 0.000158650364028, 0.000133477384225, 0.00013922881044, 0.000149092869833, 0.000173700434971, 0.000205466814805, 0.000232312857406, 0.000253668345977, 0.000258073298028, 0.000252133642789, 0.0001795545395, 0.00016058566689, 0.000111534784082, 4.16218936152e-05, 2.2995773179e-06],
        "min": [3.24959478622e-26, 1.13887572785e-24, 7.25453103824e-25, 2.83614896475e-25, 4.25066141966e-24, 4.30863204657e-24, 2.78348032128e-24, 5.50744858145e-24, 1.36395154918e-23, 4.50464149898e-24, 1.24824679586e-23, 1.08196840656e-23, 2.85556067212e-23, 1.38324756024e-23, 3.99255914768e-23, 3.17002745021e-23, 6.16829716216e-23, 7.08360237307e-23, 1.091054964e-22, 1.43075879085e-22, 2.33114304483e-22, 3.12838733267e-22, 3.28274911024e-22, 5.899650644e-22, 8.23318248587e-22, 1.18411348973e-21, 1.89029652143e-21],
        "var": [4.8629271987e-06, 0.000930461857934, 0.000161910458701, 8.48370546009e-05, 2.83080589725e-05, 3.06035281028e-06, 7.41913311231e-07, 5.37934795375e-07, 5.94807090692e-07, 2.20021462383e-07, 5.51525943138e-07, 2.34617047568e-07, 1.54903460725e-07, 1.4050888808e-07, 1.19233760643e-07, 1.19964710166e-07, 1.6609844522e-07, 2.27601134384e-07, 2.19290143377e-07, 5.13990755735e-07, 2.49870680591e-07, 1.92325003923e-07, 1.19782868069e-07, 1.22259152135e-07, 9.56837595822e-08, 1.45728833445e-08, 2.65595101467e-10]
    },
    "erbbands": {
        "dmean": [0.403124243021, 2.87157058716, 6.15407848358, 12.1386165619, 12.8128995895, 8.54615306854, 8.42256355286, 6.59312438965, 5.23414039612, 4.94019699097, 6.12256145477, 6.58124017715, 6.38005685806, 9.1398191452, 6.7051115036, 7.27248287201, 8.18081283569, 8.84515762329, 8.52753639221, 8.50002479553, 10.1638069153, 10.7502775192, 12.2567443848, 13.8179302216, 15.2289047241, 16.34765625, 11.0907440186, 9.55910396576, 7.15670824051, 5.37432909012, 4.04685163498, 3.81755256653, 2.74310684204, 1.98358738422, 0.970560789108, 0.311570942402, 0.0664783343673, 0.0140542928129, 0.000838278094307, 3.02373027807e-05],
        "dmean2": [0.545402646065, 4.10781526566, 9.52414417267, 21.6080780029, 21.7903194427, 14.552690506, 13.9205026627, 10.9813041687, 8.43834590912, 7.70099496841, 9.68954372406, 10.6207799911, 10.4203977585, 14.4210319519, 10.8447914124, 11.7214870453, 13.3961601257, 14.6811504364, 14.1513977051, 14.1421613693, 16.9122638702, 18.1700077057, 21.4172782898, 24.199590683, 26.68592453, 29.2234687805, 19.0066642761, 16.0036716461, 11.6758518219, 8.59423446655, 6.54184675217, 6.43649864197, 4.5691037178, 3.3031873703, 1.59270274639, 0.506524026394, 0.106663860381, 0.0228156745434, 0.00137541245203, 4.64968725282e-05],
        "dvar": [0.373179078102, 19.3711185455, 154.408172607, 915.753295898, 751.788635254, 257.697509766, 189.978042603, 114.906112671, 79.3031845093, 65.1807022095, 113.489906311, 151.455718994, 142.839935303, 358.644561768, 186.434417725, 182.02142334, 186.456008911, 295.653503418, 203.117614746, 238.879623413, 274.287567139, 348.472473145, 532.286376953, 688.620483398, 1012.21685791, 1613.38806152, 332.929870605, 242.233917236, 106.122566223, 64.0862121582, 36.7690887451, 35.3210906982, 23.8667755127, 11.9453353882, 2.90427136421, 0.247007846832, 0.012609899044, 0.000562259054277, 2.79631331068e-06, 1.38500333424e-09],
        "dvar2": [0.819379985332, 38.2942619324, 372.932800293, 2592.6484375, 2024.12475586, 708.797546387, 491.004089355, 302.294250488, 194.940231323, 143.910629272, 256.573394775, 372.115264893, 367.344543457, 885.866210938, 468.467010498, 434.131072998, 485.151031494, 761.071289062, 520.831237793, 631.765075684, 707.253295898, 933.097473145, 1484.36181641, 1961.83605957, 2860.65795898, 4617.17041016, 898.328063965, 627.74017334, 265.932159424, 158.160614014, 90.498336792, 92.3186798096, 63.7285041809, 31.669839859, 7.62924432755, 0.623519659042, 0.0308057274669, 0.00137343420647, 6.70135341352e-06, 3.08785064185e-09],
        "max": [10.0171823502, 57.2277679443, 135.91986084, 289.170837402, 318.422607422, 264.592895508, 188.509002686, 165.113891602, 202.482620239, 268.606384277, 290.927642822, 264.506652832, 293.866394043, 420.539367676, 468.405792236, 470.282012939, 316.794555664, 610.852600098, 293.694885254, 665.709106445, 271.228851318, 360.930633545, 726.104064941, 364.994049072, 389.468170166, 450.00894165, 260.202911377, 181.085632324, 141.782852173, 139.664978027, 103.186271667, 78.4005889893, 71.5566101074, 40.3502120972, 29.7510929108, 7.98666906357, 2.37630605698, 0.534219622612, 0.0418051853776, 0.000680048018694],
        "mean": [0.69845533371, 4.79506397247, 7.06332159042, 10.8317642212, 13.1462783813, 9.9958896637, 11.45195961, 9.50025844574, 7.67269945145, 7.94823980331, 10.2665433884, 10.4320373535, 9.49710559845, 14.0549459457, 10.4151630402, 11.7960004807, 13.0969839096, 13.3627920151, 12.883934021, 12.9918699265, 15.6764879227, 17.0283565521, 17.6524677277, 19.5513324738, 20.5547142029, 21.0913829803, 17.6660022736, 16.3724346161, 14.1169748306, 10.954957962, 8.26971817017, 6.42032909393, 4.35405397415, 2.90950512886, 1.45407760143, 0.508453726768, 0.124007180333, 0.0240762792528, 0.00118804397061, 7.87016324466e-05],
        "median": [0.18831500411, 1.67489004135, 2.26206660271, 2.51107358932, 3.4645190239, 4.49309539795, 5.75000095367, 5.06973743439, 3.91982889175, 3.97911524773, 4.92800712585, 5.25362634659, 4.82125520706, 5.63509559631, 5.29357814789, 6.49894618988, 7.93351602554, 7.70796585083, 7.68155288696, 8.13280105591, 9.89952373505, 10.4791431427, 11.3535852432, 12.406545639, 12.1504745483, 11.718957901, 10.9745359421, 10.0908126831, 9.18539619446, 6.80191326141, 5.01143932343, 3.72993850708, 2.45121002197, 1.47228527069, 0.668920636177, 0.228527575731, 0.0609927773476, 0.0121185034513, 0.000369100365788, 6.93084584782e-05],
        "min": [3.25162438235e-23, 1.68670893984e-22, 1.3350200313e-21, 1.65300736309e-21, 7.08250781279e-21, 1.20134453431e-20, 2.40514912315e-20, 6.57335617378e-20, 9.34101720038e-20, 1.22683602744e-19, 1.67497676317e-19, 3.26093829418e-19, 4.46451193484e-19, 4.75076967653e-19, 7.00028993731e-19, 9.72858905747e-19, 1.36168797398e-18, 7.05172454478e-19, 1.91656465799e-18, 2.48688046133e-18, 3.4554760782e-18, 3.9375439111e-18, 4.55607689954e-18, 4.85990861033e-18, 6.6965779609e-18, 7.31107554872e-18, 7.02089314521e-18, 8.90535202849e-18, 9.85244322418e-18, 1.0158697747e-17, 9.83776904011e-18, 1.06006140262e-17, 9.72886409503e-18, 7.01996256702e-18, 5.22752090944e-18, 3.72965687956e-18, 2.09420686441e-18, 8.66464764012e-19, 2.42975800487e-19, 2.44576562993e-20],
        "var": [1.00954604149, 48.5219535828, 171.0987854, 619.731384277, 706.989562988, 246.586425781, 268.470092773, 168.611160278, 123.331886292, 146.303512573, 266.259246826, 262.680358887, 203.637542725, 640.60723877, 312.674468994, 344.068878174, 285.260894775, 382.576812744, 289.594116211, 298.269592285, 381.1065979, 496.904663086, 558.909606934, 663.086730957, 868.615783691, 1203.81970215, 453.199615479, 380.267456055, 247.310470581, 162.479568481, 96.5783843994, 58.2573852539, 31.3840141296, 14.8810930252, 4.22726345062, 0.519708871841, 0.0321857780218, 0.00139188987669, 6.22242077952e-06, 4.63073890344e-09]
    },
    "gfcc": {
        "mean": [-22.7063579559, 62.5842323303, -91.6415328979, 52.4686965942, -50.5845794678, 23.5026874542, -31.131231308, 12.3377084732, -23.476316452, 6.63515710831, -15.2735052109, 3.82558774948, -9.89528465271],
        "cov": [[54514.5585938, 696.402038574, -3051.57763672, 2179.65161133, -2475.52954102, 655.079040527, -1820.8449707, 652.294677734, -1144.50415039, 600.07824707, -783.579711914, 440.373199463, -581.655578613], [696.402038574, 1397.01062012, -282.021575928, 52.7214660645, 158.464736938, 17.7426509857, 143.369171143, -78.6693572998, 68.3761672974, -93.6933670044, 65.5756149292, -81.2790985107, 54.3905830383], [-3051.57763672, -282.021575928, 806.932373047, -16.967962265, 258.231018066, 27.0510540009, 103.790916443, 2.05756950378, 65.7036361694, 9.66030311584, 26.9666938782, 1.04145479202, 9.21521377563], [2179.65161133, 52.7214660645, -16.967962265, 311.119934082, -7.52833032608, 82.0825500488, -41.5298805237, 33.194355011, -20.1561031342, 14.2917833328, -29.4629611969, 8.72868347168, -16.7687015533], [-2475.52954102, 158.464736938, 258.231018066, -7.52833032608, 353.750762939, 34.6003875732, 168.114517212, -27.3830280304, 89.1769943237, -34.1846618652, 52.2074813843, -29.1032085419, 25.1374759674], [655.079040527, 17.7426509857, 27.0510540009, 82.0825500488, 34.6003875732, 150.613494873, 41.6695861816, 48.3052940369, 2.35061430931, 9.12339115143, -6.11960029602, 8.92552852631, 3.26566052437], [-1820.8449707, 143.369171143, 103.790916443, -41.5298805237, 168.114517212, 41.6695861816, 214.501037598, 20.5881214142, 95.3544387817, -19.4283714294, 52.1357803345, -9.19529628754, 33.1197509766], [652.294677734, -78.6693572998, 2.05756950378, 33.194355011, -27.3830280304, 48.3052940369, 20.5881214142, 112.582351685, 29.9480991364, 39.0552978516, -0.746748805046, 19.9094619751, 4.37776947021], [-1144.50415039, 68.3761672974, 65.7036361694, -20.1561031342, 89.1769943237, 2.35061430931, 95.3544387817, 29.9480991364, 133.840530396, 36.5014076233, 55.4782524109, 6.2720746994, 26.6137561798], [600.07824707, -93.6933670044, 9.66030311584, 14.2917833328, -34.1846618652, 9.12339115143, -19.4283714294, 39.0552978516, 36.5014076233, 101.875473022, 35.3500328064, 36.7057800293, -1.06904244423], [-783.579711914, 65.5756149292, 26.9666938782, -29.4629611969, 52.2074813843, -6.11960029602, 52.1357803345, -0.746748805046, 55.4782524109, 35.3500328064, 99.4227752686, 33.1685142517, 35.5875816345], [440.373199463, -81.2790985107, 1.04145479202, 8.72868347168, -29.1032085419, 8.92552852631, -9.19529628754, 19.9094619751, 6.2720746994, 36.7057800293, 33.1685142517, 90.2783737183, 30.4585533142], [-581.655578613, 54.3905830383, 9.21521377563, -16.7687015533, 25.1374759674, 3.26566052437, 33.1197509766, 4.37776947021, 26.6137561798, -1.06904244423, 35.5875816345, 30.4585533142, 82.7726211548]],
        "icov": [[0.000117979107017, -0.000251154153375, 0.00017471909814, -0.000461578951217, 0.000241363508394, -0.000171714636963, 0.000309628201649, -0.000460723909782, 0.000593779375777, -0.000709517800715, 0.000566462927964, -0.000666268519126, 0.000516625237651], [-0.000251154153375, 0.00169678998645, 0.000227371419896, 0.000530920631718, -0.000802693306468, 0.000180430419277, -0.00100041541737, 0.00166864250787, -0.00169209542219, 0.00225082412362, -0.00212104874663, 0.0025023939088, -0.0016847003717], [0.00017471909814, 0.000227371419896, 0.00227163615637, -0.000714519293979, -0.00136601005215, -0.000276888458757, 0.000429311970947, -0.000559097970836, 0.000758574518841, -0.00135742221028, 0.00102351570968, -0.000931830494665, 0.000605678127613], [-0.000461578951217, 0.000530920631718, -0.000714519293979, 0.00620294502005, -0.0016205618158, -0.00166256073862, 0.000653874594718, 0.0010239763651, -0.00255783041939, 0.0024172407575, -0.00105378741864, 0.00164591893554, -0.00131327158306], [0.000241363508394, -0.000802693306468, -0.00136601005215, -0.0016205618158, 0.00746267614886, -0.00134365924168, -0.00257426919416, 0.00147641089279, -0.000650686619338, 0.000178496411536, -0.000432068249211, -5.094084554e-05, 0.00120196130592], [-0.000171714636963, 0.000180430419277, -0.000276888458757, -0.00166256073862, -0.00134365924168, 0.0106170810759, -0.00354833016172, -0.00304577336647, 0.00242911535315, -0.000635504315142, 0.000499487563502, 0.000293341145152, -0.00117308751214], [0.000309628201649, -0.00100041541737, 0.000429311970947, 0.000653874594718, -0.00257426919416, -0.00354833016172, 0.0131441913545, -0.0039595249109, -0.00416424032301, 0.00319860456511, -0.00134321604855, -0.00173103017733, 0.00138439948205], [-0.000460723909782, 0.00166864250787, -0.000559097970836, 0.0010239763651, 0.00147641089279, -0.00304577336647, -0.0039595249109, 0.0165526662022, -0.00578577490523, -0.00117393070832, 0.00104662415106, 0.00188086635899, -0.00298068672419], [0.000593779375777, -0.00169209542219, 0.000758574518841, -0.00255783041939, -0.000650686619338, 0.00242911535315, -0.00416424032301, -0.00578577490523, 0.0200714003295, -0.0106625733897, 0.000253945705481, -0.00108536623884, 0.00045481021516], [-0.000709517800715, 0.00225082412362, -0.00135742221028, 0.0024172407575, 0.000178496411536, -0.000635504315142, 0.00319860456511, -0.00117393070832, -0.0106625733897, 0.0246323551983, -0.0112312501296, 0.000364184816135, 0.00137025432196], [0.000566462927964, -0.00212104874663, 0.00102351570968, -0.00105378741864, -0.000432068249211, 0.000499487563502, -0.00134321604855, 0.00104662415106, 0.000253945705481, -0.0112312501296, 0.0236173681915, -0.00875490903854, -0.00151867058594], [-0.000666268519126, 0.0025023939088, -0.000931830494665, 0.00164591893554, -5.094084554e-05, 0.000293341145152, -0.00173103017733, 0.00188086635899, -0.00108536623884, 0.000364184816135, -0.00875490903854, 0.0220756977797, -0.00929765682667], [0.000516625237651, -0.0016847003717, 0.000605678127613, -0.00131327158306, 0.00120196130592, -0.00117308751214, 0.00138439948205, -0.00298068672419, 0.00045481021516, 0.00137025432196, -0.00151867058594, -0.00929765682667, 0.0197159461677]]
    },
    "melbands": {
        "dmean": [0.00354372477159, 0.00304629094899, 0.00212193001062, 0.000718796334695, 0.000291839416604, 0.000150795778609, 8.09841440059e-05, 5.37423984497e-05, 5.16965665156e-05, 4.35848560301e-05, 3.22973719449e-05, 3.66701387975e-05, 2.63937618001e-05, 1.99386322493e-05, 2.18572695303e-05, 2.05879259738e-05, 1.62186133821e-05, 1.38750083352e-05, 1.39299108923e-05, 1.23510171761e-05, 1.20766817417e-05, 1.22062383525e-05, 1.10225246317e-05, 1.15660523079e-05, 1.17567151392e-05, 9.83563313639e-06, 1.34813108161e-05, 1.08103813545e-05, 7.39646384318e-06, 5.97857342655e-06, 5.70977226744e-06, 4.73586806038e-06, 3.43795545632e-06, 3.03437991533e-06, 2.50593984674e-06, 2.40461258727e-06, 2.40856456912e-06, 2.02658929993e-06, 1.85518501894e-06, 1.69139127593e-06],
        "dmean2": [0.00487770652398, 0.00451188115403, 0.00371481431648, 0.00120517017785, 0.000487922225147, 0.000250025070272, 0.000128938001581, 8.34004604258e-05, 8.21114372229e-05, 7.03839032212e-05, 5.2901214076e-05, 5.82731081522e-05, 4.24164136348e-05, 3.25275359501e-05, 3.57801873179e-05, 3.41385602951e-05, 2.69867323368e-05, 2.30649984587e-05, 2.32934999076e-05, 2.07870671147e-05, 2.00946560653e-05, 2.06288204936e-05, 1.91073722817e-05, 2.02636729227e-05, 2.06066142709e-05, 1.69400500454e-05, 2.41589823418e-05, 1.92155748664e-05, 1.26745389935e-05, 1.01719915619e-05, 9.56344410952e-06, 7.83545419836e-06, 5.51561379325e-06, 4.92521212436e-06, 4.06595609093e-06, 4.02721479986e-06, 4.09184167438e-06, 3.44109025718e-06, 3.05267894873e-06, 2.85924284071e-06],
        "dvar": [2.59144653683e-05, 2.47913849307e-05, 2.53406378761e-05, 1.84732471098e-06, 2.3484935241e-07, 5.63672593046e-08, 1.73467178399e-08, 7.67832286641e-09, 8.36795965853e-09, 6.81274858749e-09, 3.76719411221e-09, 5.53674972537e-09, 3.73675890231e-09, 1.3666142662e-09, 2.13200235244e-09, 1.45454148726e-09, 9.66043911532e-10, 5.93296634044e-10, 5.846416129e-10, 5.5224669282e-10, 3.77553849296e-10, 4.57294702105e-10, 4.71595373863e-10, 4.59214222204e-10, 5.08875608318e-10, 3.1220170893e-10, 1.06931419275e-09, 6.52212450714e-10, 1.4597681397e-10, 9.3353207109e-11, 8.97542248857e-11, 5.06034415759e-11, 2.67841287344e-11, 2.18702469329e-11, 1.54021621845e-11, 1.26652256391e-11, 1.52601160874e-11, 1.44737867525e-11, 1.04761182368e-11, 8.84784519956e-12],
        "dvar2": [5.51864577574e-05, 5.32052508788e-05, 7.08425141056e-05, 4.93191737405e-06, 6.21924812094e-07, 1.48625019847e-07, 4.14628615886e-08, 1.68543152768e-08, 1.90135533984e-08, 1.66571023641e-08, 9.67383151362e-09, 1.37659981192e-08, 9.46002298718e-09, 3.32770788702e-09, 5.45278089348e-09, 3.78580544691e-09, 2.49933718166e-09, 1.48872125738e-09, 1.51201473564e-09, 1.45006617824e-09, 9.71223435009e-10, 1.20572829498e-09, 1.29091293211e-09, 1.29416821704e-09, 1.45061829215e-09, 8.70412797394e-10, 3.06633052283e-09, 1.85444481993e-09, 3.88925697203e-10, 2.47190906633e-10, 2.30225269404e-10, 1.32037145106e-10, 6.46901282542e-11, 5.40122079007e-11, 3.80565683133e-11, 3.23338265884e-11, 4.02544456102e-11, 3.946783525e-11, 2.74368340547e-11, 2.36111668411e-11],
        "max": [0.074248932302, 0.0546163208783, 0.0452619455755, 0.0155254015699, 0.00652274815366, 0.00356295611709, 0.00260524777696, 0.00373895792291, 0.00312639772892, 0.00180976570118, 0.0014592371881, 0.00156115205027, 0.0022735085804, 0.000970306806266, 0.0016632451443, 0.000951540714595, 0.00107803591527, 0.000493156374432, 0.000524123024661, 0.000693121517543, 0.00033066116157, 0.000448985665571, 0.000697196752299, 0.000397475901991, 0.000322857347783, 0.00030603617779, 0.000410487205954, 0.000276730075711, 0.000191057522898, 0.000149808140122, 0.000111878202006, 9.57954107434e-05, 0.000114740556455, 8.68100178195e-05, 7.78668545536e-05, 6.18434569333e-05, 5.60743937967e-05, 4.03177327826e-05, 5.45461116417e-05, 3.31810006173e-05],
        "mean": [0.00635171122849, 0.00477426499128, 0.00198968849145, 0.000818606175017, 0.000395188777475, 0.000222280476009, 0.000121602293802, 8.71097508934e-05, 8.52279335959e-05, 6.72873211442e-05, 4.62820826215e-05, 5.52657947992e-05, 4.03285484936e-05, 2.92369768431e-05, 3.32500130753e-05, 3.01416130242e-05, 2.33216214838e-05, 1.99136447918e-05, 1.98685484065e-05, 1.69153663592e-05, 1.80686929525e-05, 1.84383898159e-05, 1.52599513967e-05, 1.58810962603e-05, 1.57061476784e-05, 1.41111704579e-05, 1.57200429385e-05, 1.3553867575e-05, 1.1425968296e-05, 9.54139522946e-06, 9.34076615522e-06, 8.35476294014e-06, 6.92516323397e-06, 5.64772699363e-06, 4.8775182222e-06, 4.23151732321e-06, 3.77472247237e-06, 3.09327151626e-06, 2.77146727967e-06, 2.34320168602e-06],
        "median": [0.00219307024963, 0.00185119523667, 0.000495045096613, 0.000302583619487, 0.00020831002621, 0.000123215155327, 6.20786304353e-05, 4.21037038905e-05, 3.97088369937e-05, 3.20598410326e-05, 2.14103965845e-05, 2.14409665205e-05, 1.72227919393e-05, 1.47080299939e-05, 1.51482145156e-05, 1.63821569004e-05, 1.2359872926e-05, 1.04944047052e-05, 1.05488852569e-05, 9.67686719378e-06, 1.0656923223e-05, 1.00390125226e-05, 8.70667554409e-06, 9.69384382188e-06, 9.17004217627e-06, 8.39997210278e-06, 7.71364830143e-06, 6.96117331245e-06, 6.87255078446e-06, 5.34890023118e-06, 5.53032168682e-06, 5.0820854085e-06, 4.19081607106e-06, 3.28098212776e-06, 2.78278548649e-06, 2.52608106166e-06, 2.08160599868e-06, 1.70613759565e-06, 1.42427495575e-06, 1.13654937195e-06],
        "min": [4.26179836071e-25, 5.28082028186e-25, 3.97165531977e-25, 6.15704999753e-25, 1.05447766897e-24, 1.00975181944e-24, 1.00412260663e-24, 1.35747983292e-24, 1.2643087533e-24, 1.62958280825e-24, 1.67324044151e-24, 1.63249498689e-24, 1.81036142734e-24, 1.57701232867e-24, 2.61481140734e-24, 1.81352022362e-24, 1.06116839274e-24, 2.27016714975e-24, 2.09420383623e-24, 2.0343458596e-24, 2.6720909921e-24, 3.23292120026e-24, 3.65744038552e-24, 2.91995266624e-24, 3.47286981066e-24, 4.08734039101e-24, 4.2371837311e-24, 4.17343706464e-24, 3.49650447781e-24, 4.44027123798e-24, 3.4999833544e-24, 4.18483452699e-24, 4.42873178066e-24, 5.10216655823e-24, 4.83622261441e-24, 5.26751535383e-24, 5.63822081472e-24, 6.235065087e-24, 6.25884056582e-24, 4.43371107069e-24],
        "var": [7.44776189094e-05, 4.74846237921e-05, 1.82261828741e-05, 1.8689540866e-06, 2.99526362824e-07, 8.42906970888e-08, 3.00143092602e-08, 1.87208399893e-08, 1.90940756539e-08, 1.16932596939e-08, 5.39873035166e-09, 9.71357483337e-09, 6.3936682615e-09, 2.26716578844e-09, 3.61598351262e-09, 1.9782910865e-09, 1.22582244355e-09, 8.75892913754e-10, 8.2082957098e-10, 6.41707131877e-10, 5.50165135671e-10, 6.79515665958e-10, 5.53397550007e-10, 4.93163454518e-10, 4.88074358707e-10, 3.5026431755e-10, 7.77590436485e-10, 5.11788667001e-10, 2.03117453412e-10, 1.4530224246e-10, 1.33929520252e-10, 9.64211765986e-11, 7.07766900643e-11, 4.7366270628e-11, 3.78141996882e-11, 2.52370502968e-11, 2.21922081406e-11, 1.76695429122e-11, 1.32138067849e-11, 1.04781782209e-11]
    },
    "mfcc": {
        "mean": [-644.995361328, 86.3370285034, 19.406621933, 33.5009689331, 9.91559791565, 14.3063278198, 7.2373456955, 7.27227163315, 2.99499249458, 3.12939023972, 1.60881853104, 1.53776752949, 0.0308250207454],
        "cov": [[17182.3554688, 620.883789062, 585.392089844, 792.858398438, 204.833908081, 67.5033111572, -62.751411438, -69.0843429565, -96.9636306763, -14.5411815643, -35.3383102417, -10.4414691925, -22.912940979], [620.883789062, 1234.86010742, -43.53383255, 145.352111816, 30.0041236877, 103.75062561, 57.0058403015, 52.7233772278, 12.0337867737, 13.932929039, 22.9173145294, 12.5864973068, 15.1305761337], [585.392089844, -43.53383255, 359.913421631, 88.2465438843, 101.197265625, 50.6190719604, 46.0361785889, 24.3298683167, 34.6616783142, 16.385175705, 15.8972902298, 16.5850772858, -9.06671905518], [792.858398438, 145.352111816, 88.2465438843, 222.601470947, 87.4594421387, 66.9374008179, 20.5381793976, 28.8549251556, 9.90119838715, 23.0765838623, 15.9171524048, 1.43564260006, 2.06609082222], [204.833908081, 30.0041236877, 101.197265625, 87.4594421387, 159.098831177, 72.3017501831, 43.7921180725, 24.3290615082, 19.1559467316, 18.4189300537, 17.4471416473, 3.55549860001, -8.97636508942], [67.5033111572, 103.75062561, 50.6190719604, 66.9374008179, 72.3017501831, 133.092071533, 57.0980453491, 49.298740387, 23.7239265442, 21.0093631744, 18.9982662201, 8.14668655396, 1.7637308836], [-62.751411438, 57.0058403015, 46.0361785889, 20.5381793976, 43.7921180725, 57.0980453491, 105.668136597, 56.6793899536, 30.4979419708, 16.2294425964, 8.37240123749, 6.71384906769, 3.12154054642], [-69.0843429565, 52.7233772278, 24.3298683167, 28.8549251556, 24.3290615082, 49.298740387, 56.6793899536, 104.369827271, 52.902633667, 21.0525684357, 14.5680332184, 11.025220871, 10.7491531372], [-96.9636306763, 12.0337867737, 34.6616783142, 9.90119838715, 19.1559467316, 23.7239265442, 30.4979419708, 52.902633667, 86.1321105957, 38.7853736877, 19.5203876495, 10.7166700363, 5.90790224075], [-14.5411815643, 13.932929039, 16.385175705, 23.0765838623, 18.4189300537, 21.0093631744, 16.2294425964, 21.0525684357, 38.7853736877, 77.7110595703, 43.1049499512, 20.254196167, 5.90012454987], [-35.3383102417, 22.9173145294, 15.8972902298, 15.9171524048, 17.4471416473, 18.9982662201, 8.37240123749, 14.5680332184, 19.5203876495, 43.1049499512, 74.8740386963, 39.2063674927, 15.087808609], [-10.4414691925, 12.5864973068, 16.5850772858, 1.43564260006, 3.55549860001, 8.14668655396, 6.71384906769, 11.025220871, 10.7166700363, 20.254196167, 39.2063674927, 70.5291976929, 33.4697341919], [-22.912940979, 15.1305761337, -9.06671905518, 2.06609082222, -8.97636508942, 1.7637308836, 3.12154054642, 10.7491531372, 5.90790224075, 5.90012454987, 15.087808609, 33.4697341919, 67.5997161865]],
