{
"lowlevel": {
    "average_loudness": 0.827410042286,
    "barkbands_crest": {
        "dmean": 2.93412709236,
        "dmean2": 4.71123027802,
        "dvar": 7.41792392731,
        "dvar2": 18.410036087,
        "max": 26.7003517151,
        "mean": 12.2149486542,
        "median": 11.3716592789,
        "min": 2.77324581146,
        "var": 20.6115856171
    },
    "barkbands_flatness_db": {
        "dmean": 0.0370768196881,
        "dmean2": 0.0544777996838,
        "dvar": 0.00149893795606,
        "dvar2": 0.00340827647597,
        "max": 0.562108039856,
        "mean": 0.193945482373,
        "median": 0.188698634505,
        "min": 0.0310096312314,
        "var": 0.00574042741209
    },
    "barkbands_kurtosis": {
        "dmean": 7.12563657761,
        "dmean2": 10.9239959717,
        "dvar": 203.052947998,
        "dvar2": 448.076751709,
        "max": 341.22052002,
        "mean": 11.8455038071,
        "median": 5.05809116364,
        "min": -1.8805116415,
        "var": 446.778564453
    },
    "barkbands_skewness": {
        "dmean": 0.776351392269,
        "dmean2": 1.1643717289,
        "dvar": 0.673805356026,
        "dvar2": 1.50962293148,
        "max": 14.4381036758,
        "mean": 2.29042983055,
        "median": 2.11612868309,
        "min": -5.89336776733,
        "var": 3.68541812897
    },
    "barkbands_spread": {
        "dmean": 5.80328798294,
        "dmean2": 8.86645698547,
        "dvar": 57.4907226562,
        "dvar2": 130.133331299,
        "max": 132.862991333,
        "mean": 14.9306106567,
        "median": 10.9041442871,
        "min": 0.254782706499,
        "var": 166.55809021
    },
    "dissonance": {
        "dmean": 0.0299427360296,
        "dmean2": 0.0507641471922,
        "dvar": 0.000975229719188,
        "dvar2": 0.0027268785052,
        "max": 0.500000059605,
        "mean": 0.441518306732,
        "median": 0.45302143693,
        "min": 0.099636875093,
        "var": 0.00206288229674
    },
    "dynamic_complexity": 5.54645204544,
    "erbbands_crest": {
        "dmean": 2.71224570274,
        "dmean2": 4.30794525146,
        "dvar": 6.72777986526,
        "dvar2": 16.0721340179,
        "max": 31.4762325287,
        "mean": 9.94159889221,
        "median": 8.90916061401,
        "min": 2.28969669342,
        "var": 22.4573707581
    },
    "erbbands_flatness_db": {
        "dmean": 0.0259899962693,
        "dmean2": 0.0379381999373,
        "dvar": 0.000784058531281,
        "dvar2": 0.00167503359262,
        "max": 0.546410799026,
        "mean": 0.185525342822,
        "median": 0.161013767123,
        "min": 0.0520069338381,
        "var": 0.00845489650965
    },
    "erbbands_kurtosis": {
        "dmean": 1.71844017506,
        "dmean2": 2.5470893383,
        "dvar": 13.2679586411,
        "dvar2": 24.0272445679,
        "max": 199.219100952,
        "mean": 1.77398979664,
        "median": 0.0161988735199,
        "min": -1.82078516483,
        "var": 47.8806877136
    },
    "erbbands_skewness": {
        "dmean": 0.500334560871,
        "dmean2": 0.710808336735,
        "dvar": 0.255549222231,
        "dvar2": 0.505405783653,
        "max": 10.4542694092,
        "mean": 0.479103952646,
        "median": 0.358818650246,
        "min": -4.94694757462,
        "var": 1.28810226917
    },
    "erbbands_spread": {
        "dmean": 10.5822458267,
        "dmean2": 15.2740850449,
        "dvar": 155.435592651,
        "dvar2": 297.859283447,
        "max": 150.141296387,
        "mean": 41.0816192627,
        "median": 35.8131484985,
        "min": 0.625496149063,
        "var": 820.362487793
    },
    "hfc": {
        "dmean": 8.38864994049,
        "dmean2": 12.3087673187,
        "dvar": 255.193511963,
        "dvar2": 527.486206055,
        "max": 167.902832031,
        "mean": 12.8296298981,
        "median": 4.92305517197,
        "min": 1.11265440623e-16,
        "var": 415.619140625
    },
    "melbands_crest": {
        "dmean": 3.50041103363,
        "dmean2": 5.60432720184,
        "dvar": 10.521607399,
        "dvar2": 27.791179657,
        "max": 33.0153884888,
        "mean": 15.9472150803,
        "median": 15.3083114624,
        "min": 1.7113802433,
        "var": 26.0731601715
    },
    "melbands_flatness_db": {
        "dmean": 0.0400868691504,
        "dmean2": 0.0587010420859,
        "dvar": 0.00183828559238,
        "dvar2": 0.00413811765611,
        "max": 0.621596872807,
        "mean": 0.265639871359,
        "median": 0.262381970882,
        "min": 0.00429352233186,
        "var": 0.00705231353641
    },
    "melbands_kurtosis": {
        "dmean": 14.8388137817,
        "dmean2": 22.6298561096,
        "dvar": 692.202819824,
        "dvar2": 1572.48156738,
        "max": 545.808227539,
        "mean": 29.9439258575,
        "median": 17.1869258881,
        "min": -1.85721278191,
        "var": 1869.3927002
    },
    "melbands_skewness": {
        "dmean": 0.987002372742,
        "dmean2": 1.49503648281,
        "dvar": 1.04381537437,
        "dvar2": 2.35288715363,
        "max": 17.0932350159,
        "mean": 3.5345582962,
        "median": 3.46889805794,
        "min": -4.22628498077,
        "var": 6.56625175476
    },
    "melbands_spread": {
        "dmean": 4.96807384491,
        "dmean2": 7.76584529877,
        "dvar": 50.4190444946,
        "dvar2": 120.824432373,
        "max": 196.796524048,
        "mean": 13.3394403458,
        "median": 10.433016777,
        "min": 0.319408029318,
        "var": 175.75050354
    },
    "pitch_salience": {
        "dmean": 0.0859023034573,
        "dmean2": 0.137215077877,
        "dvar": 0.00668306928128,
        "dvar2": 0.016933016479,
        "max": 0.943900108337,
        "mean": 0.523287117481,
        "median": 0.530888855457,
        "min": 0.0973073095083,
        "var": 0.016292847693
    },
    "silence_rate_20dB": {
        "dmean": 0,
        "dmean2": 0,
        "dvar": 0,
        "dvar2": 0,
        "max": 1,
        "mean": 1,
        "median": 1,
        "min": 1,
        "var": 0
    },
    "silence_rate_30dB": {
        "dmean": 0.0347736626863,
        "dmean2": 0.0695544779301,
        "dvar": 0.0335654839873,
        "dvar2": 0.0902282446623,
        "max": 1,
        "mean": 0.977471470833,
        "median": 1,
        "min": 0,
        "var": 0.0220196209848
    },
    "silence_rate_60dB": {
        "dmean": 0.0306584369391,
        "dmean2": 0.0613231807947,
        "dvar": 0.0297206044197,
        "dvar2": 0.0655845105648,
        "max": 1,
        "mean": 0.270856916904,
        "median": 0,
        "min": 0,
        "var": 0.197490513325
    },
    "spectral_centroid": {
        "dmean": 201.468551636,
        "dmean2": 302.347900391,
        "dvar": 56013.6484375,
        "dvar2": 116840.53125,
        "max": 11292.4433594,
        "mean": 967.447814941,
        "median": 894.677612305,
        "min": 112.494720459,
        "var": 324238.21875
    },
    "spectral_complexity": {
        "dmean": 3.23127579689,
        "dmean2": 4.54655838013,
        "dvar": 29.0482578278,
        "dvar2": 48.6543273926,
        "max": 57,
        "mean": 9.76103305817,
        "median": 8,
        "min": 0,
        "var": 75.5337219238
    },
    "spectral_decrease": {
        "dmean": 3.60440832736e-09,
        "dmean2": 5.57334400852e-09,
        "dvar": 4.18090830553e-17,
        "dvar2": 9.92491069785e-17,
        "max": 1.3777570784e-28,
        "mean": -6.27039931089e-09,
        "median": -3.51007467536e-09,
        "min": -6.4583453252e-08,
        "var": 6.34690720928e-17
    },
    "spectral_energy": {
        "dmean": 0.0142437359318,
        "dmean2": 0.0219414904714,
        "dvar": 0.000652629183605,
        "dvar2": 0.00153856200632,
        "max": 0.258526593447,
        "mean": 0.024829633534,
        "median": 0.0139460526407,
        "min": 1.09467159717e-20,
        "var": 0.00099186215084
    },
    "spectral_energyband_high": {
        "dmean": 0.000602791202255,
        "dmean2": 0.000875232624821,
        "dvar": 1.75989782747e-06,
        "dvar2": 3.34647097588e-06,
        "max": 0.0149420052767,
        "mean": 0.000749026134145,
        "median": 6.80976954754e-05,
        "min": 7.7505975213e-21,
        "var": 3.19079094879e-06
    },
    "spectral_energyband_low": {
        "dmean": 0.00620932737365,
        "dmean2": 0.00880142208189,
        "dvar": 0.00013359625882,
        "dvar2": 0.000246312469244,
        "max": 0.162233993411,
        "mean": 0.0117168435827,
        "median": 0.00657954346389,
        "min": 3.00909982555e-23,
        "var": 0.000309163617203
    },
    "spectral_energyband_middle_high": {
        "dmean": 0.00120136188343,
        "dmean2": 0.00178677763324,
        "dvar": 5.29230737811e-06,
        "dvar2": 1.17837871585e-05,
        "max": 0.040385119617,
        "mean": 0.00207754038274,
        "median": 0.000919673359022,
        "min": 1.34491681516e-21,
        "var": 9.02315605344e-06
    },
    "spectral_energyband_middle_low": {
        "dmean": 0.00990291498601,
        "dmean2": 0.015395286493,
        "dvar": 0.00052533246344,
        "dvar2": 0.0012716393685,
        "max": 0.230411276221,
        "mean": 0.0116575378925,
        "median": 0.00344284623861,
        "min": 2.71448880266e-22,
        "var": 0.000518794811796
    },
    "spectral_entropy": {
        "dmean": 0.297830224037,
        "dmean2": 0.440011531115,
        "dvar": 0.118441820145,
        "dvar2": 0.253620833158,
        "max": 9.81098079681,
        "mean": 7.17576408386,
        "median": 7.15733242035,
        "min": 3.7830684185,
        "var": 0.496612817049
    },
    "spectral_flux": {
        "dmean": 0.0358159393072,
        "dmean2": 0.0561808981001,
        "dvar": 0.00244040274993,
        "dvar2": 0.00565858092159,
        "max": 0.465306162834,
        "mean": 0.0805695652962,
        "median": 0.0561320707202,
        "min": 6.71665709162e-11,
        "var": 0.00561092002317
    },
    "spectral_kurtosis": {
        "dmean": 3.74512481689,
        "dmean2": 6.11247682571,
        "dvar": 35.0644493103,
        "dvar2": 93.4162750244,
        "max": 108.047492981,
        "mean": 8.01473903656,
        "median": 4.83420467377,
        "min": -1.19817316532,
        "var": 102.822357178
    },
    "spectral_rms": {
        "dmean": 0.0011566542089,
        "dmean2": 0.00169230252504,
        "dvar": 2.51785172622e-06,
        "dvar2": 5.37209371032e-06,
        "max": 0.0158814694732,
        "mean": 0.00402876688167,
        "median": 0.00368861830793,
        "min": 3.26798440739e-12,
        "var": 7.99309600552e-06
    },
    "spectral_rolloff": {
        "dmean": 434.248413086,
        "dmean2": 745.510375977,
        "dvar": 1163971.375,
        "dvar2": 2777550.75,
        "max": 19530.6152344,
        "mean": 1088.84350586,
        "median": 732.12890625,
        "min": 64.599609375,
        "var": 2734426.75
    },
    "spectral_skewness": {
        "dmean": 0.398908108473,
        "dmean2": 0.609543144703,
        "dvar": 0.220013976097,
        "dvar2": 0.556833922863,
        "max": 8.35536670685,
        "mean": 1.98715913296,
        "median": 1.80816185474,
        "min": -0.0268554966897,
        "var": 0.954984307289
    },
    "spectral_spread": {
        "dmean": 1004674.75,
        "dmean2": 1440605.25,
        "dvar": 1.82457991168e+12,
        "dvar2": 3.68545025229e+12,
        "max": 41202460,
        "mean": 4981850.5,
        "median": 4697814,
        "min": 847541.4375,
        "var": 6.32420879565e+12
    },
    "spectral_strongpeak": {
        "dmean": 0.347884774208,
        "dmean2": 0.552107453346,
        "dvar": 0.393380582333,
        "dvar2": 0.897150754929,
        "max": 8.77619552612,
        "mean": 0.600955069065,
        "median": 0.359475970268,
        "min": 0,
        "var": 0.572805821896
    },
    "zerocrossingrate": {
        "dmean": 0.0119425961748,
        "dmean2": 0.0137416580692,
        "dvar": 0.000207990626222,
        "dvar2": 0.00027701005456,
        "max": 0.70263671875,
        "mean": 0.0504764579237,
        "median": 0.04248046875,
        "min": 0.00244140625,
        "var": 0.00178432278335
    },
    "barkbands": {
        "dmean": [0.000335031509167, 0.00407630531117, 0.00324690947309, 0.00241577252746, 0.00708567444235, 0.000906687579118, 0.000313403870678, 0.000446270772954, 0.0004323796893, 0.000189948492334, 0.000281090906356, 0.000281373271719, 0.000321607105434, 0.0001316901471, 0.000102723410237, 7.93120416347e-05, 5.2319799579e-05, 6.85295453877e-05, 4.85014097649e-05, 8.16133688204e-05, 8.21784778964e-05, 0.000112361107313, 0.000148305232869, 0.000108890257252, 6.43631574349e-05, 6.09929738857e-05, 2.05063170142e-05],
        "dmean2": [0.000526399351656, 0.00621016975492, 0.00495430920273, 0.00411431863904, 0.0115182185546, 0.00143981329165, 0.000484438671265, 0.000716113718227, 0.00067458266858, 0.00031601198134, 0.000450247811386, 0.000453546614153, 0.000479230802739, 0.000202714145416, 0.000150068546645, 0.000122941259178, 8.57982231537e-05, 0.000106853964098, 7.53784770495e-05, 0.000122274956084, 0.000120376804261, 0.000155678251758, 0.000215235209907, 0.000166334153619, 0.00010130325245, 0.000103356978798, 3.72614558728e-05],
        "dvar": [3.32629809918e-07, 7.55330838729e-05, 5.61931992706e-05, 3.36113807862e-05, 0.000381036283216, 4.07824336435e-06, 5.85573275202e-07, 1.94046197066e-06, 8.8157224809e-07, 4.2271079792e-07, 8.04460910331e-07, 1.03273976038e-06, 8.76208787304e-07, 1.00918491341e-07, 9.08310084924e-08, 3.61270195981e-08, 1.81521766507e-08, 3.53470355208e-08, 1.51805306103e-08, 5.85450088408e-08, 5.48447118831e-08, 9.30664896259e-08, 1.35182602889e-07, 5.99342158125e-08, 1.86159532234e-08, 2.29767316284e-08, 5.13248643585e-09],
        "dvar2": [8.15364046503e-07, 0.000153153319843, 0.000130221480504, 9.07388748601e-05, 0.000947103369981, 1.03346847027e-05, 1.39921758091e-06, 4.64118875243e-06, 2.15702016249e-06, 9.93224603008e-07, 1.94294466382e-06, 2.50067137131e-06, 1.75937464064e-06, 2.19404014956e-07, 1.71244508351e-07, 8.02533577371e-08, 4.59261606522e-08, 8.01271511364e-08, 3.46740094415e-08, 1.27860730004e-07, 1.0778467896e-07, 1.82777782243e-07, 2.50264236001e-07, 1.34420247377e-07, 4.41258372064e-08, 6.11897874592e-08, 1.43384335516e-08],
        "max": [0.00639538280666, 0.119061678648, 0.107718102634, 0.0936123430729, 0.209821298718, 0.0226913318038, 0.0154972486198, 0.0208282507956, 0.0245811976492, 0.0199839770794, 0.0233286973089, 0.0274418983608, 0.0261161439121, 0.00857252627611, 0.00974566396326, 0.00462010735646, 0.00258869049139, 0.00461490917951, 0.00333688152023, 0.0026069835294, 0.00260709226131, 0.0039074360393, 0.00464427471161, 0.00294852908701, 0.0018496143166, 0.00208789482713, 0.00150718353689],
        "mean": [0.000516584143043, 0.00592720741406, 0.00393427582458, 0.00282989931293, 0.00626041088253, 0.00113780482206, 0.00037139467895, 0.000448975275503, 0.000564047077205, 0.000190471066162, 0.00031759639387, 0.000336395634804, 0.000521981564816, 0.000188961887034, 0.000144605626701, 0.00011067680316, 6.91321474733e-05, 9.66342704487e-05, 7.12210967322e-05, 0.000100243509223, 0.000106650339148, 0.000138696836075, 0.000173040170921, 0.000127524661366, 7.76551096351e-05, 5.35693616257e-05, 1.38684454214e-05],
        "median": [0.000203897856409, 0.00268758414313, 0.00158625491895, 0.00101351214107, 0.000674574519508, 0.000296572514344, 7.70813785493e-05, 6.31018119748e-05, 0.000193198313355, 2.46420549956e-05, 5.7235625718e-05, 7.11190223228e-05, 8.7873886514e-05, 3.07344198518e-05, 3.0925963074e-05, 2.73784771707e-05, 1.41814198287e-05, 2.06574040931e-05, 1.60387862707e-05, 1.26077975438e-05, 9.90775788523e-06, 1.12044126581e-05, 7.71928262111e-06, 6.59397164782e-06, 5.37312371307e-06, 2.24462291953e-06, 7.60425677981e-08],
        "min": [3.7024052599e-25, 1.40827590795e-23, 8.03092271496e-24, 9.27894484323e-24, 1.64483998952e-23, 2.6353627722e-23, 3.00655811571e-23, 3.70163355672e-23, 1.84738570674e-23, 4.92234626708e-23, 5.07555378339e-23, 5.44887431817e-23, 4.15016219694e-23, 2.96784397792e-23, 6.4555971484e-23, 1.63076860424e-22, 1.02313082151e-22, 1.8394409939e-22, 1.23235333121e-22, 2.77336786601e-22, 4.03477134715e-22, 4.28366971074e-22, 4.88501547578e-22, 7.68283020435e-22, 1.06561774653e-21, 1.55854196389e-21, 1.91214006727e-21],
        "var": [6.41587519112e-07, 0.000116842122225, 6.36665863567e-05, 2.81917218672e-05, 0.000324667431414, 5.1048818932e-06, 7.17150612672e-07, 2.02670912586e-06, 1.11402778202e-06, 4.612830935e-07, 8.87268186034e-07, 1.11210306386e-06, 1.96861014956e-06, 2.08319548278e-07, 1.72034162915e-07, 6.2680243218e-08, 2.3218696299e-08, 5.5273762456e-08, 2.43732642957e-08, 7.64611911563e-08, 8.58044586494e-08, 1.53064945607e-07, 2.27134762554e-07, 1.00314117901e-07, 3.66933008422e-08, 1.91264390992e-08, 3.25671334345e-09]
    },
    "erbbands": {
        "dmean": [0.107970900834, 1.05072045326, 3.52832436562, 5.52400636673, 17.6382980347, 26.5961170197, 12.3440160751, 6.95041465759, 4.1695895195, 7.60900831223, 7.51352977753, 8.97284317017, 7.51513624191, 9.10645008087, 14.2218446732, 6.77752637863, 12.1609191895, 8.83518314362, 5.50084590912, 3.93635630608, 4.45029115677, 3.33146190643, 3.83407950401, 2.64713549614, 2.59882545471, 3.99323153496, 2.9372010231, 3.76920080185, 4.16839122772, 3.22880864143, 4.92097473145, 2.96569180489, 1.49048411846, 0.751567006111, 0.480760872364, 0.250223189592, 0.118883080781, 0.0405039489269, 0.00247736554593, 5.31933910679e-05],
        "dmean2": [0.173489674926, 1.57094502449, 5.29860115051, 8.8718290329, 28.3336143494, 44.351234436, 20.7278766632, 10.6540822983, 6.44377613068, 12.0227403641, 12.4562902451, 13.8826150894, 12.1563549042, 14.4818735123, 22.7603664398, 10.9428758621, 18.1070156097, 13.260304451, 8.06998729706, 5.76390218735, 6.87591981888, 5.44141864777, 5.93951320648, 4.13355779648, 3.88712620735, 5.99282884598, 4.26506662369, 5.62545061111, 5.90621042252, 4.16188430786, 7.47257709503, 4.4874920845, 2.3310341835, 1.17868626118, 0.763921201229, 0.417487114668, 0.203150629997, 0.072081618011, 0.00444502849132, 9.0155757789e-05],
        "dvar": [0.0250265914947, 5.38571310043, 67.4883270264, 151.620803833, 1766.66455078, 6969.14892578, 964.115234375, 247.258392334, 102.180732727, 417.08795166, 503.090942383, 417.863525391, 315.212463379, 1200.37939453, 2349.92480469, 391.367004395, 1585.37158203, 319.554229736, 165.238174438, 89.9386901855, 114.870307922, 70.1091537476, 115.815505981, 37.5642242432, 54.7682876587, 149.253356934, 71.8205871582, 121.591087341, 130.739562988, 70.9650802612, 142.345275879, 53.4250068665, 11.3438892365, 2.974619627, 1.03040492535, 0.338088005781, 0.0949747264385, 0.0152414804325, 6.00947532803e-05, 1.54175268108e-08],
        "dvar2": [0.0635877996683, 10.5909290314, 154.000473022, 383.927001953, 4469.98144531, 18148.7558594, 2571.96264648, 591.55291748, 246.304763794, 1048.02124023, 1293.86035156, 961.932922363, 793.549316406, 2969.09887695, 5456.13818359, 970.068908691, 3014.37133789, 652.569885254, 321.429534912, 167.436157227, 254.545913696, 180.558563232, 263.133605957, 86.9624786377, 118.072898865, 323.602539062, 156.465774536, 234.030761719, 265.631530762, 124.421325684, 274.167388916, 120.668075562, 25.6077098846, 7.30444383621, 2.39643764496, 0.892794787884, 0.254627883434, 0.042216911912, 0.000164383367519, 4.14911944802e-08],
        "max": [2.8098552227, 32.621471405, 125.742973328, 262.641998291, 395.094421387, 942.067810059, 373.65447998, 277.805023193, 237.02520752, 223.685317993, 266.563079834, 489.100921631, 585.185058594, 1267.45690918, 1250.54272461, 540.734924316, 1061.64196777, 576.458557129, 380.641021729, 250.670181274, 265.376464844, 142.248977661, 295.943634033, 97.5044403076, 218.238265991, 136.848571777, 106.980148315, 115.841148376, 142.915618896, 130.779342651, 130.122955322, 100.729347229, 82.8929290771, 35.5027618408, 17.9487533569, 7.13661003113, 4.65357398987, 2.18329763412, 0.122738838196, 0.00188232061919],
        "mean": [0.144400909543, 1.41137814522, 4.37065601349, 7.65614557266, 16.8655319214, 21.5706710815, 11.1453495026, 10.205947876, 5.5495300293, 8.46775054932, 7.34696531296, 11.8359384537, 9.38199901581, 10.5031700134, 16.880859375, 8.52559089661, 19.4738559723, 15.1289510727, 8.72320556641, 6.00607156754, 6.3765039444, 4.54978132248, 5.38456726074, 3.84176564217, 3.68778944016, 4.81248760223, 3.76672124863, 5.04969024658, 5.0602889061, 4.22435760498, 5.44582843781, 3.43018889427, 1.72283911705, 0.905193090439, 0.569728970528, 0.240515008569, 0.0986996814609, 0.029241995886, 0.0017789399717, 5.85785637668e-05],
        "median": [0.0805846080184, 0.510953187943, 1.68296825886, 3.63989233971, 2.52723550797, 2.0786614418, 2.01889657974, 2.93833351135, 1.4956972599, 2.06648826599, 1.35228133202, 4.12293481827, 3.41922068596, 2.15597915649, 4.17737770081, 2.1137137413, 3.15211701393, 4.11207389832, 2.46842551231, 1.65880346298, 1.68987011909, 1.10133755207, 1.19464826584, 0.847612917423, 0.706994950771, 0.553256034851, 0.522844195366, 0.421168237925, 0.427170783281, 0.29127022624, 0.222295328975, 0.148129910231, 0.102919250727, 0.0662328153849, 0.0334564186633, 0.0123621942475, 0.00348513084464, 0.000542684225366, 2.73131208814e-05, 1.96676955966e-05],
        "min": [2.22962863702e-22, 2.77874100589e-21, 1.1192735157e-20, 2.68045421805e-20, 4.46238931184e-20, 5.57383894295e-20, 1.15933627999e-19, 1.76946314885e-19, 3.70639444108e-19, 5.21854186389e-19, 6.27335741114e-19, 4.1270483528e-19, 1.76121186714e-18, 1.64884837652e-18, 1.63365286187e-18, 2.28695773152e-18, 2.29382498496e-18, 1.37326395306e-18, 3.6289596341e-18, 5.02751194605e-18, 5.15644086582e-18, 6.09485038739e-18, 1.00453963369e-17, 9.54392801676e-18, 7.80895307787e-18, 1.34039779258e-17, 1.3063035584e-17, 1.44619245584e-17, 1.89488284792e-17, 1.56782258204e-17, 1.30974272723e-17, 1.38870207978e-17, 1.27341212755e-17, 1.08803574103e-17, 8.22492566431e-18, 5.57065610704e-18, 2.91010369943e-18, 1.20172065269e-18, 2.68342638139e-19, 2.68535073954e-20],
        "var": [0.0377676561475, 8.29257774353, 82.8666305542, 162.759078979, 1566.42346191, 5224.80664062, 747.19354248, 447.361938477, 133.68913269, 413.741943359, 444.619750977, 583.294616699, 336.011444092, 1202.9230957, 2589.11938477, 433.159759521, 3659.75317383, 846.384887695, 347.577575684, 178.317489624, 203.6146698, 87.2390213013, 175.957855225, 62.157333374, 85.3460006714, 188.98777771, 101.523895264, 201.445861816, 204.563186646, 137.369659424, 218.934967041, 81.9560775757, 18.2943058014, 5.22614002228, 2.13718366623, 0.330824762583, 0.0742875337601, 0.010082042776, 4.25652506237e-05, 1.26887202967e-08]
    },
    "gfcc": {
        "mean": [-95.0717697144, 89.4912796021, -110.909011841, 16.1299095154, -55.2143630981, 18.5532932281, -32.9507026672, 4.37064933777, -20.656999588, 3.329621315, -15.1704893112, -0.361193984747, -10.2898721695],
        "cov": [[25234.234375, 728.854919434, 5149.66748047, 4273.70800781, 959.664733887, 984.854431152, -1068.63574219, -664.758911133, -1230.28979492, -234.318725586, -575.971008301, 407.095458984, -559.644104004], [728.854919434, 2393.91064453, 66.9693145752, 316.059753418, 651.323120117, 5.36476659775, 177.457733154, -215.889923096, 81.7906112671, -78.8166122437, 222.257080078, -121.603561401, 68.8812561035], [5149.66748047, 66.9693145752, 3349.15649414, 1767.57751465, 599.914367676, 550.137939453, -277.126281738, -103.351051331, -394.062133789, -84.4794692993, -297.930389404, 76.3736038208, -217.422607422], [4273.70800781, 316.059753418, 1767.57751465, 1933.89196777, 540.833374023, 293.63269043, -198.719436646, -114.302764893, -237.011520386, -78.654083252, -192.978881836, 17.3861217499, -136.181762695], [959.664733887, 651.323120117, 599.914367676, 540.833374023, 591.595092773, 252.365066528, 46.2037315369, -61.9124221802, -8.11459255219, 33.4179801941, 30.5452613831, -48.7390213013, -44.460144043], [984.854431152, 5.36476659775, 550.137939453, 293.63269043, 252.365066528, 395.178039551, 30.206943512, 2.21696329117, -29.5598926544, 46.3566436768, -29.900472641, -9.25270748138, -47.7745094299], [-1068.63574219, 177.457733154, -277.126281738, -198.719436646, 46.2037315369, 30.206943512, 249.082870483, 88.2914047241, 93.019859314, -0.100531354547, 63.3844604492, -28.5850048065, 35.7431030273], [-664.758911133, -215.889923096, -103.351051331, -114.302764893, -61.9124221802, 2.21696329117, 88.2914047241, 197.082077026, 78.169128418, 21.937871933, -9.96826934814, 4.52060365677, 5.12940597534], [-1230.28979492, 81.7906112671, -394.062133789, -237.011520386, -8.11459255219, -29.5598926544, 93.019859314, 78.169128418, 220.56262207, 78.8600006104, 67.1593399048, -41.8009872437, 48.0770568848], [-234.318725586, -78.8166122437, -84.4794692993, -78.654083252, 33.4179801941, 46.3566436768, -0.100531354547, 21.937871933, 78.8600006104, 169.533508301, 70.8526153564, -10.4717178345, -9.02506065369], [-575.971008301, 222.257080078, -297.930389404, -192.978881836, 30.5452613831, -29.900472641, 63.3844604492, -9.96826934814, 67.1593399048, 70.8526153564, 170.401290894, 24.7741374969, 27.3716926575], [407.095458984, -121.603561401, 76.3736038208, 17.3861217499, -48.7390213013, -9.25270748138, -28.5850048065, 4.52060365677, -41.8009872437, -10.4717178345, 24.7741374969, 109.667938232, 27.8025493622], [-559.644104004, 68.8812561035, -217.422607422, -136.181762695, -44.460144043, -47.7745094299, 35.7431030273, 5.12940597534, 48.0770568848, -9.02506065369, 27.3716926575, 27.8025493622, 105.16583252]],
        "icov": [[0.000109818174678, -0.000154749301146, 2.20072961383e-05, -0.000143905665027, 0.00016319011047, -0.000208044264582, 0.000162328738952, 7.69616890466e-05, 0.000198770925635, -0.00022021625773, 0.000361763406545, -0.000610592309386, 0.000417963485233], [-0.000154749301146, 0.00140113604721, -0.000181047260412, 0.000150905965711, -0.00140770873986, 0.000868982984684, -0.000468787853606, 0.000659646058921, -0.000579670420848, 0.00174154085107, -0.00247434689663, 0.00243290700018, -0.00157804694027], [2.20072961383e-05, -0.000181047260412, 0.000885636371095, -0.000427555642091, -0.000187464684132, -0.000640889105853, 0.000326513021719, -0.000225234543905, 0.000550733471755, -0.000323351268889, 0.0011207832722, -0.00114480534103, 0.000774071144406], [-0.000143905665027, 0.000150905965711, -0.000427555642091, 0.00145140767563, -0.00109696225263, 0.000505957985297, 0.000187147583347, -7.06694409018e-05, -0.000238321430515, 0.000394922826672, 0.000341712264344, 0.000293062388664, -0.000186758697964], [0.00016319011047, -0.00140770873986, -0.000187464684132, -0.00109696225263, 0.00542558776215, -0.00242625409737, -0.000426879269071, 0.000293135701213, 0.000104597078462, -0.00147425290197, 4.06030176237e-06, -0.000179153124918, 0.00117668777239], [-0.000208044264582, 0.000868982984684, -0.000640889105853, 0.000505957985297, -0.00242625409737, 0.00531151657924, -0.00196475232951, 0.000467567471787, -0.000227993048611, -0.00095631997101, 0.000194641630515, 0.000862866349053, -0.000570571050048], [0.000162328738952, -0.000468787853606, 0.000326513021719, 0.000187147583347, -0.000426879269071, -0.00196475232951, 0.00840252451599, -0.00399999553338, -3.7368197809e-05, 0.00266114925034, -0.00285544339567, 0.00179157336242, -0.00113043247256], [7.69616890466e-05, 0.000659646058921, -0.000225234543905, -7.06694409018e-05, 0.000293135701213, 0.000467567471787, -0.00399999553338, 0.00946604646742, -0.00366643886082, -0.000703390745912, 0.00283511984162, -0.00336862308905, 0.00242288177833], [0.000198770925635, -0.000579670420848, 0.000550733471755, -0.000238321430515, 0.000104597078462, -0.000227993048611, -3.7368197809e-05, -0.00366643886082, 0.0109802139923, -0.00415167631581, -0.000628326321021, 0.00330779002979, -0.00368727557361], [-0.00022021625773, 0.00174154085107, -0.000323351268889, 0.000394922826672, -0.00147425290197, -0.00095631997101, 0.00266114925034, -0.000703390745912, -0.00415167631581, 0.0127318389714, -0.00831289310008, 0.00452012987807, -0.000438307528384], [0.000361763406545, -0.00247434689663, 0.0011207832722, 0.000341712264344, 4.06030176237e-06, 0.000194641630515, -0.00285544339567, 0.00283511984162, -0.000628326321021, -0.00831289310008, 0.0185830052942, -0.0123191215098, 0.00522176455706], [-0.000610592309386, 0.00243290700018, -0.00114480534103, 0.000293062388664, -0.000179153124918, 0.000862866349053, 0.00179157336242, -0.00336862308905, 0.00330779002979, 0.00452012987807, -0.0123191215098, 0.0226629562676, -0.0108677837998], [0.000417963485233, -0.00157804694027, 0.000774071144406, -0.000186758697964, 0.00117668777239, -0.000570571050048, -0.00113043247256, 0.00242288177833, -0.00368727557361, -0.000438307528384, 0.00522176455706, -0.0108677837998, 0.0177914388478]]
    },
    "melbands": {
        "dmean": [0.000994946574792, 0.00160208309535, 0.00111885054503, 0.0017978285905, 0.00054287770763, 0.00015185160737, 6.29529022262e-05, 9.33771225391e-05, 5.68467585254e-05, 6.30328067928e-05, 3.75204908778e-05, 3.53480572812e-05, 4.43982935394e-05, 3.48340618075e-05, 1.69831746462e-05, 3.06471338263e-05, 1.59333903866e-05, 9.73380065261e-06, 8.66071604833e-06, 4.65458651888e-06, 4.88102296003e-06, 3.24889197145e-06, 4.26041879109e-06, 3.03534284285e-06, 2.20588231059e-06, 1.67589121247e-06, 2.46963804784e-06, 2.79016376226e-06, 1.77046717909e-06, 2.01139800993e-06, 2.2635285859e-06, 2.43346903517e-06, 2.18163086174e-06, 1.68609028606e-06, 3.17279182127e-06, 2.12286363421e-06, 1.7275835944e-06, 1.12210966563e-06, 7.36318327199e-07, 6.23741129857e-07],
        "dmean2": [0.00150986155495, 0.00229427265003, 0.00178191170562, 0.00293184234761, 0.000921842176467, 0.000233895596466, 9.7203621408e-05, 0.000146699356264, 9.53027119976e-05, 9.68353779172e-05, 6.06543399044e-05, 5.63937137485e-05, 7.04210833646e-05, 5.63018475077e-05, 2.70835953415e-05, 4.53056891274e-05, 2.41237721639e-05, 1.44814111991e-05, 1.27140292534e-05, 7.16851582183e-06, 7.64752439864e-06, 5.41379222341e-06, 6.87709507474e-06, 4.6947516239e-06, 3.55295333065e-06, 2.61458467321e-06, 3.75358740712e-06, 4.24166546509e-06, 2.64631421487e-06, 2.9277593967e-06, 3.50219420397e-06, 3.49024139723e-06, 3.10021277983e-06, 2.14919964492e-06, 4.87058514409e-06, 3.23056497109e-06, 2.6417430945e-06, 1.7639968064e-06, 1.17202444017e-06, 9.83516770248e-07],
        "dvar": [3.3873841403e-06, 1.1879059457e-05, 5.35339859198e-06, 2.64837944997e-05, 2.12431746149e-06, 1.15631024755e-07, 2.24909513236e-08, 6.88271697413e-08, 2.76914473574e-08, 2.0134150347e-08, 8.17907164219e-09, 1.8869965146e-08, 1.8159306947e-08, 1.74184702217e-08, 5.04584907191e-09, 7.20492110418e-09, 1.06620900997e-09, 5.23503684846e-10, 6.48802789271e-10, 1.20695911598e-10, 1.3087210482e-10, 6.87305282132e-11, 1.3800355303e-10, 9.46358408305e-11, 2.69609976705e-11, 2.00514500837e-11, 5.28233151664e-11, 7.52511594704e-11, 2.43292677671e-11, 3.41724426534e-11, 4.61820442998e-11, 4.75489786433e-11, 3.40830662304e-11, 2.11203294437e-11, 5.8900495592e-11, 3.12763391574e-11, 1.81113492259e-11, 6.82903646826e-12, 3.19262758591e-12, 2.23036780017e-12],
        "dvar2": [7.21376591173e-06, 2.38032716879e-05, 1.32542154461e-05, 6.63885148242e-05, 5.71578266317e-06, 2.81068565755e-07, 5.38271365258e-08, 1.67047730315e-07, 7.27388211885e-08, 4.72151526765e-08, 2.04079402266e-08, 4.63654110661e-08, 4.20182786343e-08, 4.24935180376e-08, 1.18092726709e-08, 1.32731106106e-08, 2.23463625382e-09, 1.07563047358e-09, 1.23979027045e-09, 2.52134813028e-10, 2.96925734e-10, 1.78232706372e-10, 3.41836337014e-10, 2.07827186016e-10, 6.60539886677e-11, 4.39103094163e-11, 1.1758552465e-10, 1.63464283776e-10, 5.39390823673e-11, 7.11530487307e-11, 9.05360231229e-11, 9.76004346787e-11, 6.97816596174e-11, 3.65879097852e-11, 1.16468543143e-10, 6.71501118599e-11, 4.22393647836e-11, 1.56139563084e-11, 8.11767840447e-12, 5.5954563899e-12],
        "max": [0.030281631276, 0.0497790239751, 0.0385420843959, 0.0557485669851, 0.0163548123091, 0.00538072688505, 0.00307491282001, 0.00355518376455, 0.001744245179, 0.00385081185959, 0.00303907762282, 0.00499093206599, 0.00289657060057, 0.00354390614666, 0.0020522645209, 0.00245566340163, 0.000832734454889, 0.000537989777513, 0.000802699127235, 0.000246560171945, 0.000260986824287, 0.000211121892789, 0.000283882633084, 0.00032435261528, 9.27753426367e-05, 0.000105465172965, 0.000146749094711, 9.93268258753e-05, 6.30103895674e-05, 6.95159760653e-05, 8.00813213573e-05, 8.87175847311e-05, 9.13123876671e-05, 7.68345416873e-05, 9.31031827349e-05, 6.68618085911e-05, 6.01270112384e-05, 7.24770652596e-05, 4.99687994306e-05, 3.32527779392e-05],
        "mean": [0.00149050459731, 0.00223182397895, 0.00154749373905, 0.00155710661784, 0.000470254686661, 0.000216100830585, 8.37201368995e-05, 0.000102591293398, 5.31586010766e-05, 8.48431882332e-05, 4.66939163744e-05, 3.99098389607e-05, 5.31234982191e-05, 4.10998982261e-05, 2.08852670767e-05, 5.17360895174e-05, 2.59992375504e-05, 1.48733961396e-05, 1.19740216178e-05, 6.88988393449e-06, 6.75165711073e-06, 4.21813774665e-06, 5.44663407709e-06, 4.18741228714e-06, 3.00773308481e-06, 2.42295118369e-06, 3.01638306155e-06, 3.30367652168e-06, 2.29370834859e-06, 2.45075057137e-06, 3.06313222609e-06, 2.97641054203e-06, 2.53266944128e-06, 2.24141149374e-06, 3.35133836415e-06, 2.4760188353e-06, 1.96091377802e-06, 1.25032738651e-06, 8.54568781961e-07, 7.30028546059e-07],
        "median": [0.000795463565737, 0.000881401181687, 0.000724624434952, 0.000150785810547, 7.7637108916e-05, 6.16593388258e-05, 2.26139072765e-05, 2.32068869082e-05, 8.11863083072e-06, 2.88789597107e-05, 1.62336964422e-05, 7.35292405807e-06, 1.25241613205e-05, 8.60497584654e-06, 1.96059659174e-06, 9.13897747523e-06, 5.96973404754e-06, 3.22589653479e-06, 2.49124104812e-06, 1.66968902704e-06, 1.70413773048e-06, 9.1846726491e-07, 9.77223294285e-07, 8.95226207831e-07, 5.88058071571e-07, 4.80993605834e-07, 4.36249337099e-07, 3.47566668779e-07, 3.4256495951e-07, 2.36878392457e-07, 2.15705398432e-07, 2.34541829514e-07, 1.97985940531e-07, 1.34217515324e-07, 1.24418434666e-07, 1.00326829511e-07, 8.31411171021e-08, 7.01473723552e-08, 6.05736545367e-08, 5.14489926218e-08],
        "min": [3.14948141016e-24, 6.18520316134e-24, 5.78824717054e-24, 4.27244029153e-24, 3.63877711979e-24, 4.08511777541e-24, 6.03582446032e-24, 6.86391029076e-24, 4.33693716471e-24, 2.73409545925e-24, 7.9447893593e-24, 6.20935847668e-24, 5.90400225319e-24, 4.20209401474e-24, 6.33534824072e-24, 4.48734177933e-24, 1.93630701516e-24, 4.59079339287e-24, 4.2655077819e-24, 1.10246537946e-23, 4.50407904116e-24, 6.10524303669e-24, 8.00050029415e-24, 7.05018796062e-24, 7.07961326124e-24, 3.47652973083e-24, 6.39003207867e-24, 9.17518281292e-24, 7.69409567451e-24, 1.10227250297e-23, 7.0943239394e-24, 1.05745068851e-23, 8.30301898497e-24, 8.45273531845e-24, 6.59388162519e-24, 6.61714394999e-24, 8.44301260779e-24, 8.48259922574e-24, 9.2672239479e-24, 8.47621812987e-24],
        "var": [5.58057308808e-06, 1.89941147255e-05, 6.139211564e-06, 2.19675803237e-05, 1.5570949472e-06, 1.91759767176e-07, 2.95301365583e-08, 7.21448571994e-08, 2.30942038826e-08, 2.78539342702e-08, 8.92829543631e-09, 1.90911482179e-08, 2.10567439041e-08, 1.80616286372e-08, 6.20502982329e-09, 1.94980440682e-08, 2.61886046182e-09, 1.12301634658e-09, 1.2005532124e-09, 2.26838436923e-10, 2.20477566759e-10, 8.69159119676e-11, 1.86233500843e-10, 1.41885503346e-10, 4.07564954008e-11, 3.22566556799e-11, 6.87027726376e-11, 9.38782385163e-11, 3.49945836198e-11, 4.77902509233e-11, 7.86109649598e-11, 7.43721403906e-11, 5.12677365838e-11, 4.17043587164e-11, 8.49103773404e-11, 4.67959976325e-11, 2.75425775936e-11, 9.92809740669e-12, 4.85460283084e-12, 3.58212114485e-12]
    },
    "mfcc": {
        "mean": [-737.517150879, 123.434860229, 5.38663959503, 8.56708431244, 2.10982704163, 10.0706110001, 0.19502300024, 2.05624866486, 0.109556883574, 3.25132274628, -0.79610401392, -2.25861692429, -3.24936890602],
        "cov": [[15897.0234375, 28.2771244049, 3045.41162109, 2652.3125, 1463.61303711, 1237.48535156, 395.454711914, 321.921722412, -351.152526855, -399.762878418, -225.871734619, 70.2011795044, -361.668609619], [28.2771244049, 2043.90063477, -200.037582397, 89.6814956665, 202.096908569, 170.062026978, 202.220733643, 1.56915080547, 2.37052106857, -29.3789634705, 110.951759338, 75.6558609009, 80.8580322266], [3045.41162109, -200.037582397, 2156.48925781, 1057.36291504, 812.854858398, 557.337524414, 227.37046814, 165.919113159, -30.2645835876, -104.402931213, -72.9528808594, -21.8779830933, -148.676422119], [2652.3125, 89.6814956665, 1057.36291504, 1384.41589355, 665.098327637, 452.800140381, 167.576217651, 126.137771606, -33.0256996155, -109.790382385, -23.0954093933, 22.5807266235, -93.2913894653], [1463.61303711, 202.096908569, 812.854858398, 665.098327637, 660.229248047, 447.627044678, 184.549209595, 68.3031997681, 1.56722486019, -2.21237301826, 33.2550430298, 26.6794242859, -28.7736587524], [1237.48535156, 170.062026978, 557.337524414, 452.800140381, 447.627044678, 479.548858643, 201.028045654, 57.6328849792, 3.97163105011, 8.27445793152, 35.3188247681, 28.0866928101, -15.7132053375], [395.454711914, 202.220733643, 227.37046814, 167.576217651, 184.549209595, 201.028045654, 227.14855957, 91.3798370361, 13.283457756, 1.37689745426, 36.0346755981, 29.6657981873, -0.137430399656], [321.921722412, 1.56915080547, 165.919113159, 126.137771606, 68.3031997681, 57.6328849792, 91.3798370361, 173.00491333, 67.3199768066, -11.5593175888, -11.9537849426, 2.45448827744, -17.6305847168], [-351.152526855, 2.37052106857, -30.2645835876, -33.0256996155, 1.56722486019, 3.97163105011, 13.283457756, 67.3199768066, 148.502990723, 83.9443054199, 18.4160728455, -7.03612136841, 7.1521654129], [-399.762878418, -29.3789634705, -104.402931213, -109.790382385, -2.21237301826, 8.27445793152, 1.37689745426, -11.5593175888, 83.9443054199, 171.265457153, 79.1517791748, 16.3166942596, 20.0645503998], [-225.871734619, 110.951759338, -72.9528808594, -23.0954093933, 33.2550430298, 35.3188247681, 36.0346755981, -11.9537849426, 18.4160728455, 79.1517791748, 139.98538208, 76.2607879639, 17.7307128906], [70.2011795044, 75.6558609009, -21.8779830933, 22.5807266235, 26.6794242859, 28.0866928101, 29.6657981873, 2.45448827744, -7.03612136841, 16.3166942596, 76.2607879639, 119.858695984, 43.0213012695], [-361.668609619, 80.8580322266, -148.676422119, -93.2913894653, -28.7736587524, -15.7132053375, -0.137430399656, -17.6305847168, 7.1521654129, 20.0645503998, 17.7307128906, 43.0213012695, 115.102684021]],
