{
"lowlevel": {
    "average_loudness": 0.952595233917,
    "barkbands_crest": {
        "dmean": 4.33209609985,
        "dmean2": 6.7800860405,
        "dvar": 13.0100908279,
        "dvar2": 27.0841293335,
        "max": 26.5735588074,
        "mean": 15.5144367218,
        "median": 15.5213308334,
        "min": 2.09202766418,
        "var": 34.4410209656
    },
    "barkbands_flatness_db": {
        "dmean": 0.049045920372,
        "dmean2": 0.0702756568789,
        "dvar": 0.00175456760917,
        "dvar2": 0.00379397370853,
        "max": 0.63809543848,
        "mean": 0.172532245517,
        "median": 0.165688812733,
        "min": 0.0223323497921,
        "var": 0.00619073119015
    },
    "barkbands_kurtosis": {
        "dmean": 20.2682857513,
        "dmean2": 32.0783576965,
        "dvar": 1879.51599121,
        "dvar2": 4488.79785156,
        "max": 1941.0501709,
        "mean": 25.6994876862,
        "median": 12.4767742157,
        "min": -1.91501915455,
        "var": 2878.84082031
    },
    "barkbands_skewness": {
        "dmean": 1.65358281136,
        "dmean2": 2.44585371017,
        "dvar": 2.90909314156,
        "dvar2": 6.78739356995,
        "max": 28.3004875183,
        "mean": 3.84298634529,
        "median": 3.3931517601,
        "min": -2.71921372414,
        "var": 7.2669968605
    },
    "barkbands_spread": {
        "dmean": 10.6212911606,
        "dmean2": 16.7674236298,
        "dvar": 145.146057129,
        "dvar2": 333.389526367,
        "max": 141.862564087,
        "mean": 18.9224529266,
        "median": 12.9774618149,
        "min": 0.029981283471,
        "var": 304.541564941
    },
    "dissonance": {
        "dmean": 0.0128230238333,
        "dmean2": 0.0210684016347,
        "dvar": 0.000158868599101,
        "dvar2": 0.000406597420806,
        "max": 0.500000119209,
        "mean": 0.475235551596,
        "median": 0.47956943512,
        "min": 0.151950225234,
        "var": 0.000379614677513
    },
    "dynamic_complexity": 2.14113783836,
    "erbbands_crest": {
        "dmean": 2.78858733177,
        "dmean2": 4.55093002319,
        "dvar": 7.19180059433,
        "dvar2": 18.1142444611,
        "max": 28.1884708405,
        "mean": 7.03636598587,
        "median": 5.97626876831,
        "min": 2.11552405357,
        "var": 13.9422645569
    },
    "erbbands_flatness_db": {
        "dmean": 0.0178863964975,
        "dmean2": 0.026697088033,
        "dvar": 0.000362733728252,
        "dvar2": 0.000732166110538,
        "max": 0.531386494637,
        "mean": 0.114541247487,
        "median": 0.103673353791,
        "min": 0.0241120383143,
        "var": 0.00189854402561
    },
    "erbbands_kurtosis": {
        "dmean": 0.772507548332,
        "dmean2": 1.25747489929,
        "dvar": 4.382833004,
        "dvar2": 9.22852516174,
        "max": 169.598953247,
        "mean": -0.390295147896,
        "median": -0.847947001457,
        "min": -1.85494375229,
        "var": 10.05032444
    },
    "erbbands_skewness": {
        "dmean": 0.447336018085,
        "dmean2": 0.681804537773,
        "dvar": 0.172096446157,
        "dvar2": 0.393144547939,
        "max": 11.683927536,
        "mean": 0.175788640976,
        "median": 0.113535508513,
        "min": -2.93917107582,
        "var": 0.56247061491
    },
    "erbbands_spread": {
        "dmean": 14.6755895615,
        "dmean2": 22.6837921143,
        "dvar": 175.262313843,
        "dvar2": 369.494567871,
        "max": 158.709899902,
        "mean": 67.9641571045,
        "median": 67.7181777954,
        "min": 1.48927152157,
        "var": 502.24710083
    },
    "hfc": {
        "dmean": 12.2592525482,
        "dmean2": 19.9944725037,
        "dvar": 238.255371094,
        "dvar2": 607.410461426,
        "max": 126.764205933,
        "mean": 23.1840572357,
        "median": 19.9720001221,
        "min": 1.20541536656e-16,
        "var": 334.439758301
    },
    "melbands_crest": {
        "dmean": 4.87936449051,
        "dmean2": 7.64806985855,
        "dvar": 19.2143783569,
        "dvar2": 44.1605796814,
        "max": 38.2760009766,
        "mean": 20.7802009583,
        "median": 20.0624542236,
        "min": 1.74806630611,
        "var": 45.1974601746
    },
    "melbands_flatness_db": {
        "dmean": 0.0566960163414,
        "dmean2": 0.0806892365217,
        "dvar": 0.00236997869797,
        "dvar2": 0.00503603788093,
        "max": 0.770935773849,
        "mean": 0.253533035517,
        "median": 0.251614242792,
        "min": 0.00270599965006,
        "var": 0.00909496471286
    },
    "melbands_kurtosis": {
        "dmean": 52.478603363,
        "dmean2": 82.1459884644,
        "dvar": 5902.30419922,
        "dvar2": 13764.6640625,
        "max": 1251.00939941,
        "mean": 79.7955322266,
        "median": 47.2115745544,
        "min": -1.75895226002,
        "var": 9744.859375
    },
    "melbands_skewness": {
        "dmean": 2.27994084358,
        "dmean2": 3.40409898758,
        "dvar": 4.96107435226,
        "dvar2": 10.5642538071,
        "max": 24.3368206024,
        "mean": 6.56332445145,
        "median": 5.90108299255,
        "min": -1.00604391098,
        "var": 13.3700246811
    },
    "melbands_spread": {
        "dmean": 9.75133228302,
        "dmean2": 15.3128108978,
        "dvar": 246.606704712,
        "dvar2": 550.054138184,
        "max": 217.260437012,
        "mean": 14.3554058075,
        "median": 7.17354297638,
        "min": 0.172301530838,
        "var": 430.283050537
    },
    "pitch_salience": {
        "dmean": 0.128169059753,
        "dmean2": 0.196203306317,
        "dvar": 0.0116599313915,
        "dvar2": 0.0236197281629,
        "max": 0.975557029247,
        "mean": 0.413540571928,
        "median": 0.420745849609,
        "min": 0.0256362538785,
        "var": 0.0336136482656
    },
    "silence_rate_20dB": {
        "dmean": 0,
        "dmean2": 0,
        "dvar": 0,
        "dvar2": 0,
        "max": 1,
        "mean": 1,
        "median": 1,
        "min": 1,
        "var": 0
    },
    "silence_rate_30dB": {
        "dmean": 0.16388194263,
        "dmean2": 0.327796667814,
        "dvar": 0.13702377677,
        "dvar2": 0.293779581785,
        "max": 1,
        "mean": 0.721188485622,
        "median": 1,
        "min": 0,
        "var": 0.201092943549
    },
    "silence_rate_60dB": {
        "dmean": 0.0308154076338,
        "dmean2": 0.061636980623,
        "dvar": 0.029862575233,
        "dvar2": 0.0712383911014,
        "max": 1,
        "mean": 0.0640256106853,
        "median": 0,
        "min": 0,
        "var": 0.0599229633808
    },
    "spectral_centroid": {
        "dmean": 458.112243652,
        "dmean2": 693.574462891,
        "dvar": 213569.125,
        "dvar2": 449940.375,
        "max": 11672.2167969,
        "mean": 1261.66210938,
        "median": 1065.78991699,
        "min": 69.935546875,
        "var": 602445.125
    },
    "spectral_complexity": {
        "dmean": 7.19999980927,
        "dmean2": 10.7864723206,
        "dvar": 62.9780883789,
        "dvar2": 137.808227539,
        "max": 55,
        "mean": 18.1100444794,
        "median": 16,
        "min": 0,
        "var": 145.656860352
    },
    "spectral_decrease": {
        "dmean": 9.71974589703e-09,
        "dmean2": 1.62092419487e-08,
        "dvar": 1.08315026344e-16,
        "dvar2": 3.43634490437e-16,
        "max": 3.06786707241e-29,
        "mean": -1.83213728633e-08,
        "median": -1.69560046004e-08,
        "min": -8.73084147202e-08,
        "var": 2.02154789016e-16
    },
    "spectral_energy": {
        "dmean": 0.0371668376029,
        "dmean2": 0.0621240362525,
        "dvar": 0.00156098022126,
        "dvar2": 0.00496829301119,
        "max": 0.332313358784,
        "mean": 0.071251899004,
        "median": 0.0667535588145,
        "min": 1.08841305495e-20,
        "var": 0.0029361511115
    },
    "spectral_energyband_high": {
        "dmean": 0.00101319013629,
        "dmean2": 0.00165119790472,
        "dvar": 2.33841706176e-06,
        "dvar2": 6.00973089604e-06,
        "max": 0.0129697816446,
        "mean": 0.0014215586707,
        "median": 0.000930608366616,
        "min": 7.62669087386e-21,
        "var": 2.62811659013e-06
    },
    "spectral_energyband_low": {
        "dmean": 0.0346210747957,
        "dmean2": 0.0574197918177,
        "dvar": 0.00163530360442,
        "dvar2": 0.00510060973465,
        "max": 0.331160783768,
        "mean": 0.0558295994997,
        "median": 0.0447854697704,
        "min": 4.53136408326e-23,
        "var": 0.00281540467404
    },
    "spectral_energyband_middle_high": {
        "dmean": 0.00184305943549,
        "dmean2": 0.00296403258108,
        "dvar": 7.24181018086e-06,
        "dvar2": 1.85477529158e-05,
        "max": 0.0284880846739,
        "mean": 0.00299680628814,
        "median": 0.00210628984496,
        "min": 1.22051963508e-21,
        "var": 9.39638084674e-06
    },
    "spectral_energyband_middle_low": {
        "dmean": 0.0111370477825,
        "dmean2": 0.0177168771625,
        "dvar": 0.000270030635875,
        "dvar2": 0.000663803715724,
        "max": 0.153822407126,
        "mean": 0.0154893137515,
        "median": 0.00936264358461,
        "min": 3.76816236204e-22,
        "var": 0.000322326668538
    },
    "spectral_entropy": {
        "dmean": 0.242526710033,
        "dmean2": 0.356676369905,
        "dvar": 0.0536919161677,
        "dvar2": 0.119659394026,
        "max": 9.79646110535,
        "mean": 7.78236532211,
        "median": 7.85647296906,
        "min": 4.30825090408,
        "var": 0.220729142427
    },
    "spectral_flux": {
        "dmean": 0.058078635484,
        "dmean2": 0.0962853729725,
        "dvar": 0.00262942281552,
        "dvar2": 0.0071811825037,
        "max": 0.492677778006,
        "mean": 0.143587529659,
        "median": 0.135789066553,
        "min": 7.0024125387e-11,
        "var": 0.00647887494415
    },
    "spectral_kurtosis": {
        "dmean": 1.63928699493,
        "dmean2": 2.68991351128,
        "dvar": 71.5178375244,
        "dvar2": 168.611557007,
        "max": 447.269897461,
        "mean": 3.7468380928,
        "median": 1.97878074646,
        "min": -1.1977366209,
        "var": 296.0574646
    },
    "spectral_rms": {
        "dmean": 0.00212844903581,
        "dmean2": 0.0034217662178,
        "dvar": 3.80981873604e-06,
        "dvar2": 1.06302850327e-05,
        "max": 0.0180057808757,
        "mean": 0.00753381801769,
        "median": 0.00807003304362,
        "min": 3.25862926052e-12,
        "var": 1.27554831124e-05
    },
    "spectral_rolloff": {
        "dmean": 730.844543457,
        "dmean2": 1234.4987793,
        "dvar": 1896643.125,
        "dvar2": 4387910,
        "max": 19659.8144531,
        "mean": 928.768615723,
        "median": 236.865234375,
        "min": 21.533203125,
        "var": 3231602.75
    },
    "spectral_skewness": {
        "dmean": 0.206107154489,
        "dmean2": 0.32146564126,
        "dvar": 0.157006800175,
        "dvar2": 0.378935337067,
        "max": 16.932849884,
        "mean": 1.26897442341,
        "median": 1.1658141613,
        "min": -0.0496734641492,
        "var": 0.710152983665
    },
    "spectral_spread": {
        "dmean": 635227.75,
        "dmean2": 940458.9375,
        "dvar": 558103658496,
        "dvar2": 1.15414361702e+12,
        "max": 41437792,
        "mean": 5689474.5,
        "median": 5745350,
        "min": 243681.03125,
        "var": 1.99217931878e+12
    },
    "spectral_strongpeak": {
        "dmean": 0.349176764488,
        "dmean2": 0.58469080925,
        "dvar": 0.157316550612,
        "dvar2": 0.433298557997,
        "max": 6.81200647354,
        "mean": 0.673318207264,
        "median": 0.633614659309,
        "min": 0,
        "var": 0.213889092207
    },
    "zerocrossingrate": {
        "dmean": 0.0173408966511,
        "dmean2": 0.0206943992525,
        "dvar": 0.000416971510276,
        "dvar2": 0.000547142699361,
        "max": 0.8232421875,
        "mean": 0.0502675175667,
        "median": 0.03662109375,
        "min": 0.001953125,
        "var": 0.00310412258841
    },
    "barkbands": {
        "dmean": [0.000860717147589, 0.0261605754495, 0.011540655978, 0.00708438549191, 0.00419773813337, 0.00150656385813, 0.000682566431351, 0.00027585591306, 0.000294451107038, 0.000274087215075, 0.000252819212619, 0.000256345141679, 0.000255896069575, 0.000238514810917, 0.000227266355068, 0.000208548182854, 0.00020374180167, 0.000194096617633, 0.0001855584851, 0.000206113661989, 0.00022762111621, 0.000216692438698, 0.000206728422199, 0.000155805944814, 0.000113461530418, 5.48448369955e-05, 6.73421345709e-06],
        "dmean2": [0.00111724075396, 0.0432010777295, 0.0188314076513, 0.0115888109431, 0.00693786423653, 0.00235010916367, 0.00111074838787, 0.000468055950478, 0.000483189622173, 0.000454250606708, 0.000431135937106, 0.000421442557126, 0.000431915512308, 0.000393222173443, 0.000379014440114, 0.000346694083419, 0.000343872525264, 0.000323434447637, 0.000308058777591, 0.00034348887857, 0.000385558902053, 0.000354890391463, 0.000344380619936, 0.000251116929576, 0.000186907331226, 9.21036407817e-05, 1.15507800729e-05],
        "dvar": [2.30609043683e-06, 0.00123794248793, 0.00050328852376, 0.00019108557899, 4.77339162899e-05, 6.24732183496e-06, 1.88076660379e-06, 3.96319961737e-07, 2.75580873677e-07, 5.17453202065e-07, 2.84460298872e-07, 1.71737084997e-07, 1.83115844266e-07, 1.54503609906e-07, 1.32833491762e-07, 1.1490503482e-07, 9.94569333557e-08, 8.54867536759e-08, 7.76166686478e-08, 9.29553110041e-08, 1.32187409463e-07, 9.96439482037e-08, 1.17126440102e-07, 6.11107680015e-08, 3.53996263414e-08, 1.31596253894e-08, 3.21652732227e-10],
        "dvar2": [4.03558624384e-06, 0.00362610211596, 0.00123625516426, 0.000494181527756, 0.000117984774988, 1.4210453628e-05, 4.77440516988e-06, 1.0372818906e-06, 6.96736606187e-07, 1.16873013667e-06, 7.48824390939e-07, 4.48979477596e-07, 4.85742702949e-07, 3.82975457569e-07, 3.42321868629e-07, 2.96342022921e-07, 2.63001027179e-07, 2.21234046194e-07, 2.01375542019e-07, 2.36981804846e-07, 3.52101551471e-07, 2.57898847167e-07, 3.08612925437e-07, 1.54751475634e-07, 8.92605882541e-08, 3.41684369687e-08, 8.32766411385e-10],
        "max": [0.0165820717812, 0.255843102932, 0.180400535464, 0.134666696191, 0.0752181857824, 0.0501608327031, 0.0204642564058, 0.0120011409745, 0.0111192502081, 0.0234036631882, 0.014630719088, 0.00787148624659, 0.0060858419165, 0.00658042309806, 0.00485195079818, 0.00499410042539, 0.00331901479512, 0.00349535793066, 0.00272593647242, 0.00553509127349, 0.00637399079278, 0.00267918757163, 0.00374847720377, 0.00240841135383, 0.00146553118248, 0.00121589773335, 0.000266271177679],
        "mean": [0.0012113613775, 0.0382425151765, 0.011948755011, 0.00715157436207, 0.00448564859107, 0.00218636658974, 0.000815264356788, 0.000326738838339, 0.000416646013036, 0.000315219105687, 0.000287543050945, 0.000340286147548, 0.000302268075757, 0.000292564160191, 0.000306878355332, 0.000258957705228, 0.000275141734164, 0.000271230237558, 0.000251057354035, 0.000298734055832, 0.000302246044157, 0.000306611793349, 0.000265773735009, 0.000204415904591, 0.000128908955958, 5.39229440619e-05, 5.40976634511e-06],
        "median": [0.000159864139277, 0.0212986432016, 0.00336925918236, 0.00181911932305, 0.00149177608546, 0.000835398910567, 0.000323954562191, 0.000122050594655, 0.000193851577933, 0.000109097003588, 0.000112399880891, 0.00017947278684, 0.000141495314892, 0.000143481738633, 0.000174379936652, 0.000131609442178, 0.0001677092514, 0.000164934564964, 0.000150120904436, 0.000183770913281, 0.000188654812519, 0.00019237169181, 0.000157650836627, 0.000119588024972, 6.19373313384e-05, 1.98342240765e-05, 7.67140704738e-07],
        "min": [9.37514958606e-24, 1.98498608335e-23, 6.34047307559e-24, 1.37236711732e-23, 2.28878130889e-23, 3.64276307617e-23, 2.96498135947e-23, 5.58453188814e-23, 8.59369671583e-23, 3.10406384795e-23, 4.26349027013e-23, 4.67012345431e-23, 7.80354649634e-23, 4.96534644394e-23, 1.13424087027e-22, 1.19819085774e-22, 1.23853131117e-22, 1.90974061746e-22, 1.61725876171e-22, 2.92534513795e-22, 5.28606024309e-22, 4.99272515539e-22, 4.14318683638e-22, 9.06460098542e-22, 1.17524704657e-21, 1.39820039345e-21, 2.0142124585e-21],
        "var": [5.23098515259e-06, 0.0020417899359, 0.000531439611223, 0.000184335862286, 5.21392539667e-05, 1.14031563498e-05, 2.09512722904e-06, 4.69358070632e-07, 4.15936113995e-07, 7.02900479155e-07, 3.32321803853e-07, 2.24310227281e-07, 2.00545102302e-07, 1.86159070381e-07, 1.64340647757e-07, 1.33015902293e-07, 1.1260966204e-07, 1.06051984972e-07, 8.88361384455e-08, 1.23477903458e-07, 1.35638359211e-07, 1.22226921917e-07, 1.15463734573e-07, 6.93051092071e-08, 3.46340947033e-08, 1.04854551708e-08, 2.41790060196e-10]
    },
    "erbbands": {
        "dmean": [0.688730239868, 6.33907938004, 13.8827800751, 17.603307724, 16.4983081818, 15.0945234299, 11.1759109497, 10.8116369247, 10.3044528961, 8.71900844574, 6.35396003723, 5.70157289505, 8.2364988327, 9.48731136322, 8.04772758484, 10.6827802658, 11.4482917786, 11.6568622589, 11.1956205368, 10.8473405838, 11.4176549911, 11.3758039474, 10.4184904099, 10.1559782028, 9.50392723083, 8.98524856567, 8.90911579132, 9.05285263062, 8.17588710785, 6.77129888535, 6.10424518585, 3.70327043533, 2.51226639748, 1.38263332844, 0.756575286388, 0.296453952789, 0.0868296176195, 0.0192689448595, 0.000998567673378, 5.37788837391e-05],
        "dmean2": [1.06443965435, 10.5728120804, 22.9059238434, 26.7362613678, 27.3229560852, 24.776971817, 17.6501502991, 17.2969436646, 16.5169830322, 14.5690355301, 10.5827484131, 9.41315174103, 13.5754003525, 16.0545883179, 13.7409191132, 17.5149669647, 19.1822948456, 19.2193756104, 18.5323638916, 17.7941837311, 19.0144958496, 19.0394248962, 17.3500289917, 16.8849411011, 15.8123140335, 14.9738359451, 14.9217720032, 15.2486362457, 13.612651825, 11.1374502182, 10.1705064774, 6.03397274017, 4.10493659973, 2.27342748642, 1.25324177742, 0.494838148355, 0.145556762815, 0.0328303016722, 0.00174297369085, 9.33377814363e-05],
        "dvar": [1.32005226612, 69.1997070312, 652.229187012, 904.1015625, 872.046203613, 747.793701172, 367.27255249, 398.467407227, 353.799316406, 741.928283691, 125.441848755, 100.677604675, 445.039031982, 371.289031982, 304.471221924, 287.668792725, 348.142791748, 378.0050354, 336.988769531, 254.527633667, 322.510650635, 314.846008301, 255.503372192, 236.442520142, 205.925262451, 181.954330444, 215.481384277, 197.54385376, 156.547897339, 102.407424927, 104.408050537, 35.1430168152, 16.5992794037, 5.00647211075, 1.63467001915, 0.330182284117, 0.0339784324169, 0.00222371402197, 8.30898170534e-06, 3.80669229472e-09],
        "dvar2": [3.18034744263, 204.312530518, 1718.98364258, 2119.11816406, 2239.72265625, 1847.47070312, 826.561340332, 968.354919434, 864.464599609, 1957.49987793, 326.799316406, 260.254730225, 1005.87432861, 912.778442383, 840.89831543, 747.744628906, 922.122070312, 958.516906738, 860.924072266, 645.737304688, 844.80065918, 822.98223877, 662.657531738, 615.234619141, 536.573364258, 466.718383789, 560.093688965, 530.283752441, 414.834960938, 262.334350586, 273.961791992, 90.5960998535, 41.9793548584, 12.7385892868, 4.0696978569, 0.845104515553, 0.0882012993097, 0.00581528479233, 2.213146945e-05, 1.12241522743e-08],
        "max": [10.7234640121, 66.8737487793, 203.554153442, 310.998779297, 349.369262695, 414.46963501, 293.631500244, 493.698822021, 339.254882812, 577.844116211, 238.046920776, 202.038970947, 799.885131836, 550.838256836, 776.16619873, 316.20993042, 262.308624268, 420.877288818, 287.933807373, 211.468399048, 219.087417603, 209.117141724, 204.072265625, 152.227874756, 144.527481079, 236.942367554, 401.455078125, 127.887680054, 112.664680481, 104.231506348, 93.5792770386, 64.6822814941, 42.9313278198, 21.4473190308, 11.5516262054, 6.8951177597, 1.603292346, 0.506641209126, 0.0460181795061, 0.000683045887854],
        "mean": [1.01283681393, 8.72178649902, 15.7516269684, 20.5342903137, 17.4247493744, 16.6110553741, 14.7905807495, 14.94323349, 13.5609054565, 9.51342964172, 8.62235641479, 8.23092556, 10.0556745529, 11.2577590942, 9.46722221375, 14.088476181, 14.4232959747, 14.7668800354, 14.5599603653, 15.572303772, 15.3037338257, 15.7123270035, 14.3470563889, 14.5125408173, 13.2363882065, 12.7451295853, 12.4311437607, 11.9971094131, 11.0252714157, 9.5102596283, 7.53699207306, 4.83731508255, 3.16710543633, 1.64154374599, 0.817419469357, 0.301051110029, 0.0847889706492, 0.0168952848762, 0.000812374055386, 9.76809242275e-05],
        "median": [0.411213099957, 4.50361061096, 6.54905462265, 7.21943569183, 6.48183059692, 5.58062458038, 5.87335681915, 5.6603975296, 5.24908781052, 3.60075521469, 4.10160303116, 4.06657505035, 3.77460360527, 4.86135101318, 4.07140350342, 7.47523832321, 7.53820991516, 7.84331321716, 8.38572883606, 9.71852684021, 8.87381839752, 9.84442710876, 8.68478775024, 8.99406433105, 8.09242630005, 7.89144134521, 7.68047523499, 7.51597929001, 6.77510070801, 5.99533081055, 4.34087324142, 2.8395216465, 1.76689732075, 0.834845423698, 0.365047961473, 0.119474023581, 0.0309022460133, 0.00450326688588, 0.000165341713, 9.10667877179e-05],
        "min": [6.05979773813e-22, 4.19656714795e-21, 1.11212971251e-20, 3.88313217721e-20, 9.79492286799e-20, 5.20988528954e-20, 2.37683137036e-19, 3.72527613103e-19, 3.48348917003e-19, 6.13393249998e-19, 1.11127341579e-18, 2.399412729e-18, 2.13042248599e-18, 1.24146709471e-18, 1.66778678004e-18, 2.4393864389e-18, 4.43551491167e-18, 2.38851276327e-18, 2.4699606887e-18, 7.8388093349e-18, 9.07225060632e-18, 7.16585654756e-18, 1.05100228598e-17, 9.59484015628e-18, 8.68394555701e-18, 1.50464567014e-17, 2.0200430501e-17, 1.88595723824e-17, 1.71403833583e-17, 1.54686066726e-17, 1.28495816269e-17, 1.82071254025e-17, 1.43739323936e-17, 1.18320874349e-17, 9.24305678537e-18, 4.5594534508e-18, 3.06042599138e-18, 1.17510373834e-18, 2.28543928641e-19, 3.62582472297e-20],
        "var": [2.39952611923, 106.609840393, 670.985168457, 1129.40429688, 820.523376465, 814.620178223, 609.010925293, 606.250671387, 490.729278564, 605.991821289, 185.022964478, 151.224533081, 628.607116699, 474.094787598, 307.136169434, 368.966949463, 392.149902344, 443.343688965, 366.352081299, 328.183013916, 386.962341309, 361.29510498, 306.522277832, 289.797912598, 240.895385742, 226.327087402, 239.590789795, 205.638275146, 172.414840698, 123.821929932, 99.4489517212, 37.6206092834, 18.1181049347, 5.17362260818, 1.54811584949, 0.278679311275, 0.0269910208881, 0.00165846582968, 5.80072855882e-06, 5.40479749844e-09]
    },
    "gfcc": {
        "mean": [3.83508992195, 77.5811920166, -91.2255783081, 58.8293571472, -47.0652122498, 25.6332702637, -33.9572257996, 7.35922241211, -21.2041149139, 3.87126064301, -14.5640726089, 0.590388774872, -11.5477380753],
        "cov": [[19553.2304688, -358.274719238, 83.0558624268, 1021.65002441, -540.026611328, 587.346130371, -576.901489258, 268.180175781, -413.858398438, 285.116760254, -339.530548096, 365.15927124, -175.668426514], [-358.274719238, 1610.3314209, -28.1413269043, -143.482757568, 219.808059692, -195.297653198, 92.2220306396, -167.877258301, 108.033340454, -147.949111938, 128.389572144, -129.992034912, 94.6266098022], [83.0558624268, -28.1413269043, 564.236938477, 67.8793182373, 98.6412277222, 110.617912292, 18.5211353302, 56.8387756348, 40.9443740845, 53.7008323669, 15.8181858063, 38.8792419434, 8.33713626862], [1021.65002441, -143.482757568, 67.8793182373, 399.12878418, 43.1918754578, 113.429786682, 47.3237533569, 71.3485717773, 28.5558223724, 24.1463470459, 9.28612995148, 8.94914340973, 12.0163650513], [-540.026611328, 219.808059692, 98.6412277222, 43.1918754578, 348.93069458, 83.8491592407, 156.83770752, 62.9508056641, 100.434921265, 23.6347446442, 54.9658813477, -19.9243679047, 21.704914093], [587.346130371, -195.297653198, 110.617912292, 113.429786682, 83.8491592407, 209.344665527, 80.5824508667, 105.039108276, 42.0269927979, 60.9906463623, 5.24592781067, 32.9493026733, -4.29760837555], [-576.901489258, 92.2220306396, 18.5211353302, 47.3237533569, 156.83770752, 80.5824508667, 204.688339233, 92.3437728882, 113.879524231, 33.7030029297, 61.9905433655, -10.0057706833, 28.2288208008], [268.180175781, -167.877258301, 56.8387756348, 71.3485717773, 62.9508056641, 105.039108276, 92.3437728882, 155.975494385, 85.479133606, 89.8488006592, 29.1717510223, 37.5027770996, 10.6282014847], [-413.858398438, 108.033340454, 40.9443740845, 28.5558223724, 100.434921265, 42.0269927979, 113.879524231, 85.479133606, 153.710983276, 71.319480896, 79.5927810669, 12.3765544891, 38.6125183105], [285.116760254, -147.949111938, 53.7008323669, 24.1463470459, 23.6347446442, 60.9906463623, 33.7030029297, 89.8488006592, 71.319480896, 136.597961426, 60.4010696411, 68.5667800903, 23.3436756134], [-339.530548096, 128.389572144, 15.8181858063, 9.28612995148, 54.9658813477, 5.24592781067, 61.9905433655, 29.1717510223, 79.5927810669, 60.4010696411, 118.455024719, 43.9936103821, 54.7477378845], [365.15927124, -129.992034912, 38.8792419434, 8.94914340973, -19.9243679047, 32.9493026733, -10.0057706833, 37.5027770996, 12.3765544891, 68.5667800903, 43.9936103821, 104.801345825, 43.0681152344], [-175.668426514, 94.6266098022, 8.33713626862, 12.0163650513, 21.704914093, -4.29760837555, 28.2288208008, 10.6282014847, 38.6125183105, 23.3436756134, 54.7477378845, 43.0681152344, 84.7974472046]],
        "icov": [[0.000173272899701, -0.000476180692203, 0.000167329810211, -0.000499128713273, 0.000243282178417, -0.000500975176692, 0.000430607818998, -0.000530322024133, 0.000610411167145, -0.00075379293412, 0.000892768613994, -0.000995371141471, 0.000638775003608], [-0.000476180692203, 0.00273456564173, -0.00060885923449, 0.00166887801606, -0.00133930961601, 0.00181586877443, -0.000851167424116, 0.00248698471114, -0.00281479745172, 0.0035253521055, -0.00411604903638, 0.00434282189235, -0.00304516893812], [0.000167329810211, -0.00060885923449, 0.00231922697276, -0.000593398464844, -0.000375352916308, -0.00156060210429, 0.00137115782127, -0.000492383376695, 3.18219717883e-05, -0.00092942698393, 0.00122275750618, -0.00165878748521, 0.000798796594609], [-0.000499128713273, 0.00166887801606, -0.000593398464844, 0.00460382783785, -0.000718831317499, -0.000163379940204, -0.000663376704324, 0.000523299328052, -0.00167335791048, 0.00316209206358, -0.00358328339644, 0.00420266576111, -0.00308897672221], [0.000243282178417, -0.00133930961601, -0.000375352916308, -0.000718831317499, 0.00554254464805, -0.00193497701548, -0.00252123991959, -0.000395499984734, 0.000656240386888, -0.00161521823611, 0.00130503391847, -0.000818830507342, 0.00122858828399], [-0.000500975176692, 0.00181586877443, -0.00156060210429, -0.000163379940204, -0.00193497701548, 0.0116754528135, -0.00428563775495, -0.00153601926286, -0.000274380668998, 0.00114270066842, -0.000637563760392, 0.00028867207584, -0.00010601595568], [0.000430607818998, -0.000851167424116, 0.00137115782127, -0.000663376704324, -0.00252123991959, -0.00428563775495, 0.0156133845448, -0.00694413017482, -0.00342777557671, 0.00314368004911, -0.00275301677175, 0.00149782618973, -0.000385960796848], [-0.000530322024133, 0.00248698471114, -0.000492383376695, 0.000523299328052, -0.000395499984734, -0.00153601926286, -0.00694413017482, 0.0224038921297, -0.00868593621999, -0.00518989283592, 0.00304291024804, 0.000421903881943, -0.0011676090071], [0.000610411167145, -0.00281479745172, 3.18219717883e-05, -0.00167335791048, 0.000656240386888, -0.000274380668998, -0.00342777557671, -0.00868593621999, 0.0232943966985, -0.00949246343225, -0.00281400931999, 0.00244655483402, -0.000732239161152], [-0.00075379293412, 0.0035253521055, -0.00092942698393, 0.00316209206358, -0.00161521823611, 0.00114270066842, 0.00314368004911, -0.00518989283592, -0.00949246343225, 0.026569981128, -0.0121253123507, -0.00280698784627, 0.000485156837385], [0.000892768613994, -0.00411604903638, 0.00122275750618, -0.00358328339644, 0.00130503391847, -0.000637563760392, -0.00275301677175, 0.00304291024804, -0.00281400931999, -0.0121253123507, 0.0287368651479, -0.012909100391, -0.000378684373572], [-0.000995371141471, 0.00434282189235, -0.00165878748521, 0.00420266576111, -0.000818830507342, 0.00028867207584, 0.00149782618973, 0.000421903881943, 0.00244655483402, -0.00280698784627, -0.012909100391, 0.031887203455, -0.0158701185137], [0.000638775003608, -0.00304516893812, 0.000798796594609, -0.00308897672221, 0.00122858828399, -0.00010601595568, -0.000385960796848, -0.0011676090071, -0.000732239161152, 0.000485156837385, -0.000378684373572, -0.0158701185137, 0.0253331270069]]
    },
    "melbands": {
        "dmean": [0.00676850182936, 0.00746839959174, 0.00292332633398, 0.00112600554712, 0.000401059020078, 0.000258020067122, 0.000153160246555, 8.70220101206e-05, 5.57392777409e-05, 3.61964848707e-05, 4.20751966885e-05, 3.86473875551e-05, 2.99324947264e-05, 2.38328029809e-05, 3.52309434675e-05, 2.37266194745e-05, 2.29091674555e-05, 1.83676002052e-05, 1.93801424757e-05, 1.4325135453e-05, 1.35512818815e-05, 1.28854699142e-05, 1.02924450402e-05, 8.68800634635e-06, 8.56144833961e-06, 7.05392403688e-06, 7.43764940125e-06, 5.99144277658e-06, 5.56975192012e-06, 6.22196830591e-06, 4.8837232498e-06, 5.03394903717e-06, 4.0231748244e-06, 3.71150099454e-06, 3.78115146304e-06, 2.82748737845e-06, 2.12197164728e-06, 1.85347767001e-06, 1.45111016536e-06, 1.09511722712e-06],
        "dmean2": [0.010871632956, 0.0124929416925, 0.00444200215861, 0.00184235011693, 0.00064378028037, 0.0004087833222, 0.000244299008045, 0.000145640500705, 9.26009088289e-05, 5.96808822593e-05, 6.93179827067e-05, 6.52718445053e-05, 5.12485748914e-05, 3.92857946281e-05, 5.92539472564e-05, 3.97124895244e-05, 3.78918557544e-05, 3.05786270474e-05, 3.22930172842e-05, 2.38203028857e-05, 2.27604832617e-05, 2.17215638258e-05, 1.72801464942e-05, 1.4593870219e-05, 1.43022771226e-05, 1.18003536045e-05, 1.25354217744e-05, 1.0035251762e-05, 9.29430188989e-06, 1.07064806798e-05, 8.16427473183e-06, 8.47714909469e-06, 6.57808823235e-06, 6.17795330982e-06, 6.33951276541e-06, 4.70078475701e-06, 3.46855017597e-06, 3.0572336982e-06, 2.38661755247e-06, 1.81591224191e-06],
        "dvar": [9.62979465839e-05, 0.000115153095976, 2.36702635448e-05, 3.32165450345e-06, 4.25238994239e-07, 1.98930081297e-07, 7.31410239041e-08, 7.10372134449e-08, 9.55352597032e-09, 4.56088944389e-09, 1.20850307539e-08, 6.59260956937e-09, 4.04370670282e-09, 1.8897379217e-09, 3.46170003773e-09, 1.7875628755e-09, 1.5160258604e-09, 1.00612518317e-09, 1.01562669386e-09, 5.83585124669e-10, 4.64929150734e-10, 4.23689222595e-10, 2.55087534429e-10, 1.77977590998e-10, 1.71354874734e-10, 1.17036005887e-10, 1.35390629263e-10, 8.55465628891e-11, 8.18342685283e-11, 1.07914149838e-10, 5.42130160208e-11, 5.90747104012e-11, 3.47956143065e-11, 3.46265342788e-11, 4.19179135847e-11, 2.00192241256e-11, 1.18274721614e-11, 9.30846892622e-12, 5.53507760459e-12, 3.25363499164e-12],
        "dvar2": [0.000269969808869, 0.000329483213136, 5.53685749765e-05, 8.20695822767e-06, 1.00696820482e-06, 4.74136612638e-07, 1.80096279223e-07, 1.87355666981e-07, 2.45928735154e-08, 1.16963772001e-08, 2.72326587947e-08, 1.60445612352e-08, 1.11987716878e-08, 4.99325603087e-09, 9.13059228225e-09, 4.62192817352e-09, 3.81112030823e-09, 2.54746002071e-09, 2.57756238575e-09, 1.49729684207e-09, 1.23071597358e-09, 1.11633235989e-09, 6.62498167436e-10, 4.67010985439e-10, 4.47884090926e-10, 3.0276431362e-10, 3.57538915141e-10, 2.15562984129e-10, 2.09105774363e-10, 2.92587065687e-10, 1.4492478051e-10, 1.58235050063e-10, 8.88437726165e-11, 9.0746549164e-11, 1.10753697879e-10, 5.25373390625e-11, 3.03863739726e-11, 2.37599002972e-11, 1.40088600442e-11, 8.38185250374e-12],
        "max": [0.0779690593481, 0.0913473963737, 0.048557408154, 0.0193601734936, 0.00900610070676, 0.0103240022436, 0.0044427420944, 0.00569334626198, 0.00159044936299, 0.00134707207326, 0.00391751900315, 0.00212982133962, 0.00212931353599, 0.000969389162492, 0.00116024527233, 0.000757178058848, 0.000719089235645, 0.000505886797328, 0.000426968152169, 0.000421478471253, 0.000265725306235, 0.00023667520145, 0.000184657779755, 0.000211811755435, 0.000135220310767, 0.000124856480397, 0.0001268794731, 0.000213512670598, 0.000236877196585, 0.000132064611535, 7.9088655184e-05, 7.08488150849e-05, 6.78285068716e-05, 7.47891172068e-05, 6.5405627538e-05, 4.44578108727e-05, 4.99520610902e-05, 3.38482750522e-05, 2.59863427345e-05, 1.91838116734e-05],
        "mean": [0.0100181438029, 0.009730681777, 0.003464266425, 0.00123223348055, 0.000520480622072, 0.000366294756532, 0.000201182425371, 9.40523459576e-05, 7.52537889639e-05, 5.11999896844e-05, 5.01233735122e-05, 4.50232364528e-05, 3.40373953804e-05, 3.04103268718e-05, 4.26280785177e-05, 2.8534566809e-05, 2.76701557596e-05, 2.18986297114e-05, 2.66270981228e-05, 1.77108304342e-05, 1.74900615093e-05, 1.71825340658e-05, 1.32923260026e-05, 1.19062733575e-05, 1.18321777336e-05, 9.23525476537e-06, 1.00390825537e-05, 8.11644349596e-06, 7.91394995758e-06, 7.53905351303e-06, 6.49562298349e-06, 6.48422201266e-06, 5.56501072424e-06, 5.05570460518e-06, 4.52298581877e-06, 3.49693414137e-06, 2.75562160823e-06, 2.35452444031e-06, 1.68701467373e-06, 1.27491694002e-06],
        "median": [0.00527957081795, 0.0057568680495, 0.00129248434678, 0.000454909284599, 0.000232924459851, 0.00014291680418, 7.93186191004e-05, 3.25844812323e-05, 3.39621947205e-05, 2.42080168391e-05, 1.72664113052e-05, 1.81623072422e-05, 1.3932105503e-05, 1.42408498505e-05, 2.00850900001e-05, 1.19238784464e-05, 1.36500757435e-05, 1.07609339466e-05, 1.41401960718e-05, 9.10484959604e-06, 9.52628397499e-06, 1.0173269402e-05, 7.72022212914e-06, 7.32424632588e-06, 7.00865348335e-06, 5.32122385266e-06, 5.76980710321e-06, 4.83413805341e-06, 4.81936513097e-06, 4.33707646152e-06, 4.0384697968e-06, 3.84380928153e-06, 3.41497798217e-06, 3.05164758174e-06, 2.47522280006e-06, 2.02793762583e-06, 1.57276804202e-06, 1.28170108837e-06, 8.64463345351e-07, 6.35982473796e-07],
        "min": [5.91595073489e-24, 5.76851065955e-24, 7.22002419149e-24, 4.61300574381e-24, 7.74267925108e-24, 7.53681732039e-24, 5.46727860086e-24, 7.36185112705e-24, 6.9794074159e-24, 1.5423858906e-23, 1.08152246349e-23, 4.70960767811e-24, 5.33804267421e-24, 4.90011679786e-24, 8.560772186e-24, 5.87281503173e-24, 4.57282550804e-24, 2.77127723473e-24, 1.01088927798e-23, 9.91293894212e-24, 1.19341938522e-23, 6.72683387557e-24, 7.27323207068e-24, 1.11888962128e-23, 7.38459004265e-24, 5.678327292e-24, 8.02763947587e-24, 9.34029376696e-24, 1.28595979027e-23, 1.26465265722e-23, 1.02307236692e-23, 1.04846264401e-23, 8.86399296303e-24, 7.97997097795e-24, 7.35295750921e-24, 7.4521717564e-24, 1.1275593604e-23, 1.01662327125e-23, 8.93784690983e-24, 1.05504939591e-23],
        "var": [0.000162934273249, 0.000147085418575, 2.97869646602e-05, 3.6829783312e-06, 6.08202583408e-07, 3.24106508742e-07, 1.02126108459e-07, 5.95114038049e-08, 1.41844429535e-08, 6.81322953611e-09, 1.70352087991e-08, 8.36858315978e-09, 4.10561806774e-09, 2.34276198441e-09, 3.97625266046e-09, 2.24385243719e-09, 1.75951719861e-09, 1.07586461962e-09, 1.36243738513e-09, 6.56556864431e-10, 5.54662205055e-10, 4.80012474213e-10, 2.84509499293e-10, 2.09470302215e-10, 2.06771127997e-10, 1.33824687443e-10, 1.56260157591e-10, 1.05668425399e-10, 1.01757054172e-10, 9.84143946892e-11, 5.94578136726e-11, 6.30650809352e-11, 4.33581226478e-11, 3.83942704019e-11, 3.85738455067e-11, 2.01030719849e-11, 1.32099036571e-11, 1.03599004375e-11, 5.64062685449e-12, 3.24811249945e-12]
    },
    "mfcc": {
        "mean": [-634.955505371, 97.8529510498, 22.5119915009, 38.360370636, 16.5511398315, 20.4524059296, 5.63654279709, 7.75821113586, 0.887907624245, 3.29374790192, 0.367760449648, 1.9908810854, -0.174078375101],
        "cov": [[9576.95996094, -283.66229248, 311.838775635, 158.144866943, 130.857147217, 176.983963013, -5.31934070587, 67.1610107422, 41.9741020203, -11.8689613342, 39.1469230652, 63.7706108093, 49.6456222534], [-283.66229248, 1185.10961914, 41.6247558594, 67.8114700317, 65.4231796265, 5.9515042305, 9.13078308105, -21.0164318085, -23.5612735748, -10.706111908, -1.98548960686, -5.21476554871, 8.847448349], [311.838775635, 41.6247558594, 401.490692139, 46.1420860291, 60.0781784058, 46.3599891663, 3.41694092751, 15.8537225723, 10.0391435623, 13.4928741455, 10.8224382401, 16.4310398102, 13.2470207214], [158.144866943, 67.8114700317, 46.1420860291, 231.468505859, 82.183013916, 53.5812454224, 43.2471313477, 46.8405952454, 37.3483276367, 44.3801727295, 26.9103145599, 26.6434249878, 14.4275808334], [130.857147217, 65.4231796265, 60.0781784058, 82.183013916, 179.562347412, 84.5523681641, 67.3695755005, 48.5775566101, 49.8765411377, 38.342124939, 35.3935852051, 31.4443378448, 24.4708251953], [176.983963013, 5.9515042305, 46.3599891663, 53.5812454224, 84.5523681641, 121.230239868, 72.9461135864, 61.0915641785, 48.0054397583, 38.2223129272, 35.3180732727, 30.8329124451, 18.8090572357], [-5.31934070587, 9.13078308105, 3.41694092751, 43.2471313477, 67.3695755005, 72.9461135864, 118.892173767, 71.7990112305, 60.1837425232, 47.3298568726, 45.2085342407, 35.4343414307, 23.1964015961], [67.1610107422, -21.0164318085, 15.8537225723, 46.8405952454, 48.5775566101, 61.0915641785, 71.7990112305, 108.393608093, 69.9273681641, 54.3475799561, 42.5866394043, 34.2276535034, 19.3456478119], [41.9741020203, -23.5612735748, 10.0391435623, 37.3483276367, 49.8765411377, 48.0054397583, 60.1837425232, 69.9273681641, 108.855636597, 69.6692047119, 56.4885177612, 44.7449302673, 26.2501945496], [-11.8689613342, -10.706111908, 13.4928741455, 44.3801727295, 38.342124939, 38.2223129272, 47.3298568726, 54.3475799561, 69.6692047119, 96.0687561035, 68.7403869629, 48.6192245483, 29.5848617554], [39.1469230652, -1.98548960686, 10.8224382401, 26.9103145599, 35.3935852051, 35.3180732727, 45.2085342407, 42.5866394043, 56.4885177612, 68.7403869629, 96.5085601807, 67.265953064, 40.6979255676], [63.7706108093, -5.21476554871, 16.4310398102, 26.6434249878, 31.4443378448, 30.8329124451, 35.4343414307, 34.2276535034, 44.7449302673, 48.6192245483, 67.265953064, 86.2513198853, 55.0588531494], [49.6456222534, 8.847448349, 13.2470207214, 14.4275808334, 24.4708251953, 18.8090572357, 23.1964015961, 19.3456478119, 26.2501945496, 29.5848617554, 40.6979255676, 55.0588531494, 72.0905380249]],
