{
"lowlevel": {
    "average_loudness": 0.926823318005,
    "barkbands_crest": {
        "dmean": 2.79034566879,
        "dmean2": 4.49171161652,
        "dvar": 5.73005628586,
        "dvar2": 14.4569759369,
        "max": 25.3017578125,
        "mean": 10.5322952271,
        "median": 9.98496627808,
        "min": 2.05301594734,
        "var": 17.8459377289
    },
    "barkbands_flatness_db": {
        "dmean": 0.0270528756082,
        "dmean2": 0.0407205671072,
        "dvar": 0.000683462945744,
        "dvar2": 0.00142770144157,
        "max": 0.388529986143,
        "mean": 0.133557543159,
        "median": 0.125174731016,
        "min": 0.020566130057,
        "var": 0.00330560607836
    },
    "barkbands_kurtosis": {
        "dmean": 4.08310365677,
        "dmean2": 6.36028909683,
        "dvar": 51.9651908875,
        "dvar2": 113.203422546,
        "max": 342.138061523,
        "mean": 5.95371627808,
        "median": 2.13559603691,
        "min": -1.82697856426,
        "var": 147.340332031
    },
    "barkbands_skewness": {
        "dmean": 0.646714508533,
        "dmean2": 0.984319746494,
        "dvar": 0.415830284357,
        "dvar2": 0.940216898918,
        "max": 15.2333536148,
        "mean": 1.90515339375,
        "median": 1.68404865265,
        "min": -2.06427073479,
        "var": 1.91555166245
    },
    "barkbands_spread": {
        "dmean": 7.1985502243,
        "dmean2": 10.705201149,
        "dvar": 51.8399085999,
        "dvar2": 107.768943787,
        "max": 81.1977462769,
        "mean": 25.6227760315,
        "median": 23.5614395142,
        "min": 0.500154078007,
        "var": 243.892181396
    },
    "dissonance": {
        "dmean": 0.0137478737161,
        "dmean2": 0.0227107778192,
        "dvar": 0.000206738142879,
        "dvar2": 0.000536442967132,
        "max": 0.499999970198,
        "mean": 0.473987966776,
        "median": 0.479614526033,
        "min": 0.227939218283,
        "var": 0.000452290667454
    },
    "dynamic_complexity": 2.96105360985,
    "erbbands_crest": {
        "dmean": 2.08974432945,
        "dmean2": 3.42578172684,
        "dvar": 4.24329185486,
        "dvar2": 10.1742010117,
        "max": 32.5489997864,
        "mean": 7.03519821167,
        "median": 6.06099414825,
        "min": 2.46815729141,
        "var": 12.1763248444
    },
    "erbbands_flatness_db": {
        "dmean": 0.0153929581866,
        "dmean2": 0.0233225543052,
        "dvar": 0.00023429140856,
        "dvar2": 0.000513767939992,
        "max": 0.349656641483,
        "mean": 0.138178765774,
        "median": 0.132584035397,
        "min": 0.060006916523,
        "var": 0.0011144420132
    },
    "erbbands_kurtosis": {
        "dmean": 0.761706531048,
        "dmean2": 1.21074676514,
        "dvar": 1.77243471146,
        "dvar2": 4.31963443756,
        "max": 68.2118759155,
        "mean": -0.181393384933,
        "median": -0.597477316856,
        "min": -1.79198563099,
        "var": 3.94085454941
    },
    "erbbands_skewness": {
        "dmean": 0.392063647509,
        "dmean2": 0.577663600445,
        "dvar": 0.124317124486,
        "dvar2": 0.267959207296,
        "max": 3.42040252686,
        "mean": -0.00498660514131,
        "median": -0.0476927682757,
        "min": -2.54053997993,
        "var": 0.598155140877
    },
    "erbbands_spread": {
        "dmean": 9.34773635864,
        "dmean2": 14.6486186981,
        "dvar": 73.6818389893,
        "dvar2": 172.939178467,
        "max": 123.101150513,
        "mean": 49.1275215149,
        "median": 48.3060073853,
        "min": 1.3139976263,
        "var": 264.728881836
    },
    "hfc": {
        "dmean": 7.83576583862,
        "dmean2": 10.5399551392,
        "dvar": 102.283538818,
        "dvar2": 200.502548218,
        "max": 194.23866272,
        "mean": 18.1786384583,
        "median": 12.8363227844,
        "min": 1.08029847556e-16,
        "var": 288.679473877
    },
    "melbands_crest": {
        "dmean": 3.89326429367,
        "dmean2": 6.41278886795,
        "dvar": 10.6160469055,
        "dvar2": 27.3351917267,
        "max": 31.9098682404,
        "mean": 15.7011165619,
        "median": 15.1008358002,
        "min": 1.81301832199,
        "var": 32.3014411926
    },
    "melbands_flatness_db": {
        "dmean": 0.0338299013674,
        "dmean2": 0.0506948046386,
        "dvar": 0.00103705737274,
        "dvar2": 0.00212858780287,
        "max": 0.503075838089,
        "mean": 0.195674747229,
        "median": 0.188277840614,
        "min": 0.00410118233413,
        "var": 0.00577286444604
    },
    "melbands_kurtosis": {
        "dmean": 10.4326572418,
        "dmean2": 16.4730854034,
        "dvar": 270.595001221,
        "dvar2": 640.298522949,
        "max": 523.865356445,
        "mean": 20.3901252747,
        "median": 12.2588596344,
        "min": -1.65200483799,
        "var": 676.563842773
    },
    "melbands_skewness": {
        "dmean": 0.88802832365,
        "dmean2": 1.39129638672,
        "dvar": 0.792357742786,
        "dvar2": 1.89908611774,
        "max": 14.5313310623,
        "mean": 3.46082472801,
        "median": 3.15083456039,
        "min": -1.59938240051,
        "var": 3.14181065559
    },
    "melbands_spread": {
        "dmean": 8.51660823822,
        "dmean2": 13.0190238953,
        "dvar": 95.8360366821,
        "dvar2": 220.960723877,
        "max": 172.158874512,
        "mean": 23.9747219086,
        "median": 18.4825210571,
        "min": 0.483446210623,
        "var": 426.441589355
    },
    "pitch_salience": {
        "dmean": 0.0938274785876,
        "dmean2": 0.152857810259,
        "dvar": 0.00694859819487,
        "dvar2": 0.0170157179236,
        "max": 0.981101989746,
        "mean": 0.548278570175,
        "median": 0.560578465462,
        "min": 0.124605253339,
        "var": 0.0174261908978
    },
    "silence_rate_20dB": {
        "dmean": 0,
        "dmean2": 0,
        "dvar": 0,
        "dvar2": 0,
        "max": 1,
        "mean": 1,
        "median": 1,
        "min": 1,
        "var": 0
    },
    "silence_rate_30dB": {
        "dmean": 0.0015054573305,
        "dmean2": 0.00301129231229,
        "dvar": 0.00150315195788,
        "dvar2": 0.00425692042336,
        "max": 1,
        "mean": 0.998996496201,
        "median": 1,
        "min": 0,
        "var": 0.00100247783121
    },
    "silence_rate_60dB": {
        "dmean": 0.0138000249863,
        "dmean2": 0.0276035126299,
        "dvar": 0.0136098572984,
        "dvar2": 0.0326141789556,
        "max": 1,
        "mean": 0.0469142012298,
        "median": 0,
        "min": 0,
        "var": 0.0447099432349
    },
    "spectral_centroid": {
        "dmean": 346.626403809,
        "dmean2": 504.913146973,
        "dvar": 119120.109375,
        "dvar2": 221643.921875,
        "max": 11661.6308594,
        "mean": 1615.85046387,
        "median": 1546.12890625,
        "min": 151.998321533,
        "var": 940723.75
    },
    "spectral_complexity": {
        "dmean": 6.81445217133,
        "dmean2": 9.49234676361,
        "dvar": 54.8091430664,
        "dvar2": 97.2260665894,
        "max": 62,
        "mean": 21.3164825439,
        "median": 18,
        "min": 0,
        "var": 191.150650024
    },
    "spectral_decrease": {
        "dmean": 2.87198798077e-09,
        "dmean2": 4.35185265601e-09,
        "dvar": 1.06925650774e-17,
        "dvar2": 2.4287710233e-17,
        "max": 6.5565931711e-29,
        "mean": -6.6432970236e-09,
        "median": -5.25114174366e-09,
        "min": -3.93885919436e-08,
        "var": 2.78858830319e-17
    },
    "spectral_energy": {
        "dmean": 0.0113694397733,
        "dmean2": 0.0171272102743,
        "dvar": 0.000165089397342,
        "dvar2": 0.000371366069885,
        "max": 0.152458369732,
        "mean": 0.0267222393304,
        "median": 0.0212588123977,
        "min": 1.02752529172e-20,
        "var": 0.000433293520473
    },
    "spectral_energyband_high": {
        "dmean": 0.000606434827205,
        "dmean2": 0.000843463465571,
        "dvar": 8.46296870805e-07,
        "dvar2": 1.69883276158e-06,
        "max": 0.0221947487444,
        "mean": 0.00111352291424,
        "median": 0.000532489153557,
        "min": 7.09313272157e-21,
        "var": 2.13554267248e-06
    },
    "spectral_energyband_low": {
        "dmean": 0.00687958719209,
        "dmean2": 0.0108313336968,
        "dvar": 9.18696823646e-05,
        "dvar2": 0.000241925372393,
        "max": 0.124787569046,
        "mean": 0.0124681806192,
        "median": 0.00790879130363,
        "min": 1.89156191743e-23,
        "var": 0.000185667508049
    },
    "spectral_energyband_middle_high": {
        "dmean": 0.00150530016981,
        "dmean2": 0.00208228337578,
        "dvar": 3.72467957277e-06,
        "dvar2": 7.13391636964e-06,
        "max": 0.0311396438628,
        "mean": 0.00349182984792,
        "median": 0.0023767973762,
        "min": 1.31789369697e-21,
        "var": 1.21954053611e-05
    },
    "spectral_energyband_middle_low": {
        "dmean": 0.00696681765839,
        "dmean2": 0.0110053466633,
        "dvar": 0.000106084306026,
        "dvar2": 0.000247542833677,
        "max": 0.109942898154,
        "mean": 0.0111235873774,
        "median": 0.00705628469586,
        "min": 1.68684071117e-22,
        "var": 0.000153679822688
    },
    "spectral_entropy": {
        "dmean": 0.165716350079,
        "dmean2": 0.249042645097,
        "dvar": 0.0366191752255,
        "dvar2": 0.0759072899818,
        "max": 9.81485176086,
        "mean": 7.70026636124,
        "median": 7.77534484863,
        "min": 5.7478017807,
        "var": 0.160670012236
    },
    "spectral_flux": {
        "dmean": 0.0284999478608,
        "dmean2": 0.0450817681849,
        "dvar": 0.0008683699416,
        "dvar2": 0.00187993852887,
        "max": 0.333650231361,
        "mean": 0.0892703160644,
        "median": 0.0809460431337,
        "min": 6.49987771939e-11,
        "var": 0.00229083257727
    },
    "spectral_kurtosis": {
        "dmean": 1.32352602482,
        "dmean2": 2.23074245453,
        "dvar": 3.15642595291,
        "dvar2": 8.15039920807,
        "max": 29.3331947327,
        "mean": 3.44412636757,
        "median": 2.80341553688,
        "min": -1.25132477283,
        "var": 5.73486804962
    },
    "spectral_rms": {
        "dmean": 0.001056007226,
        "dmean2": 0.00157089170534,
        "dvar": 1.01235514194e-06,
        "dvar2": 2.17307888306e-06,
        "max": 0.012195895426,
        "mean": 0.0046956744045,
        "median": 0.00455415248871,
        "min": 3.16617066766e-12,
        "var": 4.02097930419e-06
    },
    "spectral_rolloff": {
        "dmean": 619.759887695,
        "dmean2": 992.690734863,
        "dvar": 655509.25,
        "dvar2": 1392682.25,
        "max": 19487.5488281,
        "mean": 1656.01379395,
        "median": 990.52734375,
        "min": 64.599609375,
        "var": 3659539.5
    },
    "spectral_skewness": {
        "dmean": 0.210214361548,
        "dmean2": 0.331559658051,
        "dvar": 0.0537572875619,
        "dvar2": 0.115354038775,
        "max": 4.12799930573,
        "mean": 1.23208284378,
        "median": 1.1649415493,
        "min": -0.0769040808082,
        "var": 0.199806362391
    },
    "spectral_spread": {
        "dmean": 451194.9375,
        "dmean2": 670054.9375,
        "dvar": 494699020288,
        "dvar2": 860250963968,
        "max": 42771984,
        "mean": 4511084.5,
        "median": 4365012,
        "min": 1702113.375,
        "var": 5.74828576768e+12
    },
    "spectral_strongpeak": {
        "dmean": 0.274172991514,
        "dmean2": 0.466104447842,
        "dvar": 0.210326001048,
        "dvar2": 0.575014054775,
        "max": 8.88708019257,
        "mean": 0.488693207502,
        "median": 0.355310559273,
        "min": 0,
        "var": 0.24798040092
    },
    "zerocrossingrate": {
        "dmean": 0.011445174925,
        "dmean2": 0.0126965381205,
        "dvar": 0.000129541600472,
        "dvar2": 0.000142959834193,
        "max": 0.833984375,
        "mean": 0.0642435327172,
        "median": 0.05419921875,
        "min": 0.00244140625,
        "var": 0.00308095244691
    },
    "barkbands": {
        "dmean": [0.000117132665764, 0.00325264898129, 0.0039258627221, 0.00243813637644, 0.00346838613041, 0.00187075312715, 0.000730172614567, 0.000314008182613, 0.000354394549504, 0.000196624227101, 0.000283297937131, 0.000164207216585, 0.000223945608013, 0.000212347717024, 0.000164745710208, 0.000174828950549, 0.000207782184589, 0.000222639893764, 0.000271100841928, 0.000291754840873, 0.000256581668509, 0.000104256643681, 6.2758619606e-05, 6.37124685454e-05, 3.44123218383e-05, 1.35670316013e-05, 2.42945839091e-06],
        "dmean2": [0.000202397350222, 0.00527500594035, 0.00628410512581, 0.00414054142311, 0.00575116975233, 0.00317363650538, 0.00120924436487, 0.000477421679534, 0.000522593501955, 0.000305749359541, 0.000441997894086, 0.000261878158199, 0.00035769835813, 0.000342593237292, 0.000259335094597, 0.000281139247818, 0.000311972049531, 0.000340502301697, 0.000400793913286, 0.00042568158824, 0.00039003425627, 0.000152631531819, 9.04888802324e-05, 9.24527339521e-05, 5.25660325366e-05, 2.01461061806e-05, 3.99874170398e-06],
        "dvar": [4.47525536629e-08, 2.31875637837e-05, 4.50558763987e-05, 2.8082578865e-05, 3.3374341001e-05, 1.14576096166e-05, 1.63507525031e-06, 5.64994820706e-07, 4.96387031035e-07, 2.41313841798e-07, 3.32538377279e-07, 1.47710608189e-07, 1.71402646743e-07, 1.09239628898e-07, 5.47591696431e-08, 8.08289186693e-08, 8.32103168591e-08, 9.87489272575e-08, 1.34239996896e-07, 1.94362513639e-07, 1.43255761031e-07, 3.7132018349e-08, 1.23577841293e-08, 2.91926820495e-08, 8.92740015246e-09, 1.07801090277e-09, 8.33115312848e-11],
        "dvar2": [1.22448554407e-07, 5.95708479523e-05, 0.000120740092825, 7.55847868277e-05, 8.10356432339e-05, 2.97435326502e-05, 4.14966507378e-06, 1.08820609057e-06, 9.44684870774e-07, 5.27497945768e-07, 6.95828589414e-07, 3.58909460374e-07, 4.11985382698e-07, 2.67854090907e-07, 1.29377099256e-07, 2.05371151196e-07, 1.85645859574e-07, 2.32495239061e-07, 2.74174396964e-07, 4.03434711416e-07, 3.23601597074e-07, 7.96728798491e-08, 2.61613628538e-08, 7.04000484575e-08, 2.28092016386e-08, 2.48393372537e-09, 2.0890529584e-10],
        "max": [0.00857480987906, 0.0628482103348, 0.0924872905016, 0.073270753026, 0.0669216215611, 0.0604850314558, 0.0243571493775, 0.0167448744178, 0.0168027300388, 0.013167547062, 0.0191886294633, 0.01155652944, 0.0101629458368, 0.00866043195128, 0.00615919753909, 0.00431483564898, 0.00675476901233, 0.00423836428672, 0.00570037774742, 0.00609531113878, 0.00725384010002, 0.006225022953, 0.00201542652212, 0.00580301182345, 0.00306113134138, 0.000719167117495, 0.000215838561417],
        "mean": [0.000133230307256, 0.0055443001911, 0.00536460196599, 0.00261823553592, 0.00392094114795, 0.00234007113613, 0.00104319374077, 0.000526049348991, 0.000610910996329, 0.000280987937003, 0.000417380622821, 0.000244970753556, 0.000321512750816, 0.000309113907861, 0.000258663960267, 0.000267264840659, 0.000348510860931, 0.000377118849428, 0.000459039729321, 0.000447832426289, 0.000397795112804, 0.00018591718981, 0.000111617133371, 0.000117445793876, 5.42740890523e-05, 1.90107002709e-05, 2.27179771173e-06],
        "median": [4.73581458209e-05, 0.00248648575507, 0.00231458852068, 0.000956002797466, 0.00164861558005, 0.000932518392801, 0.000449802551884, 0.000136952847242, 0.000233256869251, 9.58182790782e-05, 0.000161638308782, 0.000105498147605, 0.000151247833855, 0.00017198146088, 0.000153012573719, 0.000143422017572, 0.000177417707164, 0.000220251473365, 0.00025235360954, 0.000213716528378, 0.000181656068889, 7.66845696489e-05, 3.76502430299e-05, 3.12340343953e-05, 1.5055115e-05, 4.46942885901e-06, 5.24955083847e-08],
        "min": [5.25369160185e-26, 5.46338675559e-24, 1.79383794682e-24, 6.58319906802e-25, 1.01463423736e-23, 1.86131509706e-23, 1.12954515995e-23, 1.94796831205e-23, 1.39755749706e-23, 5.95901741272e-24, 2.27740072815e-23, 2.44341713674e-23, 4.08006433245e-23, 3.05045696291e-23, 5.79609933421e-23, 5.31670793102e-23, 7.67631522302e-23, 9.58238681685e-23, 1.08907498624e-22, 1.8909990494e-22, 3.23831869701e-22, 3.2829899337e-22, 4.3160460769e-22, 5.68524304623e-22, 9.65322905049e-22, 1.31964984018e-21, 1.9038046474e-21],
        "var": [6.94198547535e-08, 5.73498618905e-05, 6.62650272716e-05, 2.54680708167e-05, 3.51306334778e-05, 1.71610263351e-05, 2.79444861917e-06, 1.67786231486e-06, 1.49903075908e-06, 4.56636854551e-07, 7.45443230699e-07, 2.79003387504e-07, 2.8189364798e-07, 1.82677325711e-07, 1.0886289914e-07, 1.19439306445e-07, 1.99523157107e-07, 1.98484428893e-07, 3.02076642811e-07, 3.70895605784e-07, 2.79392452285e-07, 8.14297678176e-08, 3.11018588661e-08, 4.97920567e-08, 1.16550467055e-08, 1.94062899084e-09, 8.54926546223e-11]
    },
    "erbbands": {
        "dmean": [0.0620917007327, 0.868711352348, 3.89894294739, 6.25113391876, 9.16382694244, 12.6301622391, 15.2730998993, 15.787405014, 11.3451538086, 9.59667396545, 6.21042585373, 9.10987377167, 5.75051307678, 5.90203380585, 10.3339624405, 6.41918182373, 10.905163765, 8.63538169861, 8.50716114044, 11.5394477844, 9.25390338898, 10.977560997, 11.1283588409, 13.7957773209, 13.2090158463, 13.3456296921, 13.6206712723, 7.39681100845, 4.1555480957, 2.33736944199, 1.82211410999, 1.58398151398, 0.93256342411, 0.438543170691, 0.224359378219, 0.0681205764413, 0.0233625601977, 0.00560507550836, 0.000367349275621, 1.79557428055e-05],
        "dmean2": [0.0926081836224, 1.43043446541, 6.19153165817, 10.0895214081, 15.58934021, 21.1441879272, 25.9265403748, 26.8078708649, 19.6560211182, 14.5877761841, 9.14478492737, 13.3810796738, 8.86749267578, 9.24527645111, 16.2497177124, 10.1306886673, 17.292470932, 13.7088956833, 13.4917802811, 18.485786438, 14.6446695328, 16.3493270874, 16.723072052, 21.0524959564, 18.9016628265, 19.4346580505, 20.9672012329, 10.8356647491, 6.10436534882, 3.40840435028, 2.692456007, 2.34387493134, 1.39366900921, 0.657348811626, 0.35245102644, 0.102130636573, 0.0353481322527, 0.00873969029635, 0.0005969304475, 2.66085935436e-05],
        "dvar": [0.0135234594345, 1.59298408031, 36.766658783, 151.176864624, 225.576721191, 503.813446045, 899.801025391, 802.306335449, 450.059265137, 409.012542725, 196.990325928, 362.751647949, 176.4503479, 170.990203857, 401.968658447, 143.240905762, 433.1121521, 178.515640259, 154.387191772, 304.824462891, 236.328125, 227.983123779, 253.689788818, 346.346008301, 369.650421143, 396.906402588, 404.974212646, 118.158493042, 65.6160125732, 20.2032489777, 10.5940542221, 21.8745384216, 4.24782514572, 0.912935256958, 0.629300534725, 0.0306047219783, 0.00331168016419, 0.000280184060102, 2.08286814996e-06, 7.03148095305e-10],
        "dvar2": [0.0277107451111, 4.25525093079, 96.3294525146, 386.164642334, 588.95715332, 1243.10998535, 2355.68066406, 2045.76843262, 1240.72607422, 738.79675293, 368.760650635, 677.401611328, 397.423370361, 390.804016113, 872.841674805, 353.65057373, 1040.45349121, 416.158050537, 375.219329834, 750.640808105, 580.451904297, 501.952941895, 602.558166504, 766.952819824, 700.650756836, 808.734008789, 939.477416992, 257.026611328, 139.394897461, 46.3471641541, 23.3274669647, 55.2249755859, 9.63412380219, 2.09943532944, 1.7047688961, 0.074152611196, 0.00763181922957, 0.000654774950817, 5.24877304997e-06, 1.61693791689e-09],
        "max": [2.13731265068, 17.7992858887, 82.1386795044, 175.12727356, 164.764221191, 268.10244751, 382.149841309, 558.995788574, 279.512298584, 659.998901367, 317.074981689, 483.31362915, 405.907226562, 479.054351807, 599.953918457, 327.445068359, 525.40246582, 269.247680664, 281.299987793, 457.489562988, 231.9790802, 336.433349609, 237.253982544, 298.459289551, 306.837799072, 344.449523926, 258.352416992, 223.900924683, 298.920196533, 101.611251831, 56.8557014465, 174.191833496, 45.9395599365, 24.0191612244, 29.6651554108, 4.94630670547, 1.33616995811, 0.420744627714, 0.0327336490154, 0.000652702816296],
        "mean": [0.121920101345, 1.42430865765, 5.73678207397, 7.99600410461, 10.0665473938, 13.8695783615, 15.6456193924, 20.461523056, 14.6859169006, 16.323677063, 11.30194664, 15.7336292267, 9.24120330811, 9.57311630249, 16.0276050568, 10.3258543015, 16.1441421509, 13.190320015, 13.5573987961, 17.6030673981, 15.2751550674, 18.6868915558, 19.635602951, 23.7924671173, 22.2589893341, 21.4089756012, 19.4625244141, 12.2898483276, 7.25356674194, 4.10626554489, 3.19015097618, 2.81655025482, 1.65730202198, 0.738355338573, 0.319431304932, 0.101470373571, 0.0317267440259, 0.00659168325365, 0.000368586799596, 3.92868532799e-05],
        "median": [0.0322360470891, 0.738339841366, 2.82833075523, 3.84180498123, 4.14185142517, 5.73714828491, 5.6911816597, 8.28348827362, 5.76089429855, 6.1666469574, 3.90943741798, 5.65075492859, 4.02880477905, 4.56098651886, 7.02975654602, 5.47647428513, 7.73208427429, 7.64057254791, 7.86429309845, 9.94437408447, 8.19275093079, 10.1521253586, 11.7939538956, 13.6652526855, 11.4283819199, 10.3583431244, 9.07701683044, 5.36033630371, 2.86991643906, 1.64693617821, 1.0348906517, 0.749653339386, 0.447330653667, 0.213470995426, 0.0833667218685, 0.0260305721313, 0.0074364724569, 0.000748372869566, 3.67282045772e-05, 3.01107629639e-05],
        "min": [2.73186444228e-22, 4.30587393641e-22, 2.40096301572e-21, 7.07026893245e-21, 1.92108625986e-20, 3.37520676883e-20, 1.06305568787e-19, 1.12876213359e-19, 1.88980241834e-19, 1.63215388135e-19, 4.41388227749e-19, 3.61995148213e-19, 3.98308351255e-19, 8.10907643459e-19, 9.44965961902e-19, 1.3890953628e-18, 2.48374648079e-18, 1.80669253197e-18, 2.50166197208e-18, 2.81760712257e-18, 4.23824639764e-18, 5.02844914168e-18, 5.50811132657e-18, 5.59618620947e-18, 7.51420877329e-18, 9.54243991883e-18, 1.09730727765e-17, 1.05780104887e-17, 1.21719263178e-17, 1.10803349409e-17, 1.24379591833e-17, 1.17752717074e-17, 1.07985393216e-17, 1.01314710971e-17, 6.65008379303e-18, 3.89755386439e-18, 2.02408883184e-18, 9.90925150711e-19, 2.72463962144e-19, 2.54944044125e-20],
        "var": [0.0555095411837, 3.25236487389, 64.0189361572, 169.888824463, 226.608596802, 506.670166016, 830.04876709, 1311.54724121, 536.584716797, 1285.13525391, 577.489685059, 1119.55761719, 304.270050049, 372.408599854, 824.220214844, 262.027008057, 725.103942871, 304.889862061, 292.403625488, 557.906188965, 381.445648193, 523.469604492, 535.426391602, 739.59161377, 800.199890137, 833.58605957, 652.824157715, 289.850402832, 132.636657715, 41.6383056641, 26.728521347, 33.0889129639, 8.2758808136, 1.67384183407, 0.651489794254, 0.0540191978216, 0.00570501154289, 0.000362395745469, 2.11297947317e-06, 1.3113014008e-09]
    },
    "gfcc": {
        "mean": [-12.5509738922, 90.4209899902, -115.394577026, 52.8497047424, -55.104309082, 10.203663826, -37.0220832825, 5.82494878769, -27.8696269989, 3.60773277283, -13.5706691742, -2.74559760094, -10.5116996765],
        "cov": [[17405.9238281, 335.752929688, -273.014892578, 1183.3572998, -423.964172363, -5.54348945618, -627.490661621, 146.284042358, -441.438812256, 48.4128074646, -429.306732178, -0.324452757835, -99.2355117798], [335.752929688, 1320.34863281, 60.9248046875, -80.259147644, 210.785903931, -119.601036072, 63.4272613525, -40.6836509705, 97.3314590454, -27.9944381714, 47.2970123291, -55.7896270752, 74.5227050781], [-273.014892578, 60.9248046875, 624.602600098, 66.4557571411, 130.73260498, 58.075302124, 15.6325798035, -0.185937479138, -9.91500282288, 37.0086135864, -13.5015335083, 15.937371254, 5.70259618759], [1183.3572998, -80.259147644, 66.4557571411, 484.638031006, 3.62949228287, 60.2364730835, -7.03201246262, 24.9822731018, -25.3607254028, 12.0642232895, 16.2140083313, -23.8115997314, 36.6353492737], [-423.964172363, 210.785903931, 130.73260498, 3.62949228287, 258.427856445, 29.6802711487, 73.3560256958, 3.98077058792, 37.074005127, -3.36753344536, 0.44916677475, -7.96320152283, -0.329090416431], [-5.54348945618, -119.601036072, 58.075302124, 60.2364730835, 29.6802711487, 161.592391968, 56.0767593384, 51.3590965271, 15.6269350052, 11.6862306595, 3.79877686501, 2.74263262749, -6.01427412033], [-627.490661621, 63.4272613525, 15.6325798035, -7.03201246262, 73.3560256958, 56.0767593384, 156.366210938, 48.0984039307, 52.9046401978, 8.98634815216, 25.5408039093, -4.25428438187, 14.9074459076], [146.284042358, -40.6836509705, -0.185937479138, 24.9822731018, 3.98077058792, 51.3590965271, 48.0984039307, 105.270172119, 46.4804229736, 22.8855323792, 2.83013868332, 3.21526026726, -1.69691812992], [-441.438812256, 97.3314590454, -9.91500282288, -25.3607254028, 37.074005127, 15.6269350052, 52.9046401978, 46.4804229736, 100.164596558, 27.9739398956, 37.4999809265, 0.529233694077, 11.4515256882], [48.4128074646, -27.9944381714, 37.0086135864, 12.0642232895, -3.36753344536, 11.6862306595, 8.98634815216, 22.8855323792, 27.9739398956, 75.2371902466, 34.483417511, 22.8828582764, 2.98969507217], [-429.306732178, 47.2970123291, -13.5015335083, 16.2140083313, 0.44916677475, 3.79877686501, 25.5408039093, 2.83013868332, 37.4999809265, 34.483417511, 89.1491699219, 26.5008010864, 28.8162479401], [-0.324452757835, -55.7896270752, 15.937371254, -23.8115997314, -7.96320152283, 2.74263262749, -4.25428438187, 3.21526026726, 0.529233694077, 22.8828582764, 26.5008010864, 67.5874252319, 26.4789981842], [-99.2355117798, 74.5227050781, 5.70259618759, 36.6353492737, -0.329090416431, -6.01427412033, 14.9074459076, -1.69691812992, 11.4515256882, 2.98969507217, 28.8162479401, 26.4789981842, 74.3430175781]],
        "icov": [[0.00018597052258, -0.000363628321793, 0.000221714086365, -0.000558160303626, 0.000246517010964, -0.00018826314772, 0.000518161221407, -0.00057045253925, 0.00067293504253, -0.00065443944186, 0.0011661547469, -0.000900812738109, 0.000531223311555], [-0.000363628321793, 0.00198728218675, -0.000556247832719, 0.00139526277781, -0.00144187465776, 0.00129836623091, -0.000875598168932, 0.0012625020463, -0.0020931432955, 0.00160334620159, -0.00291391205974, 0.00360353547148, -0.00271539529786], [0.000221714086365, -0.000556247832719, 0.00231901067309, -0.000845996546559, -0.000753745262045, -0.000950430054218, 0.000835369108245, -0.000326902576489, 0.00142529758159, -0.00239427946508, 0.00235597253777, -0.00154728454072, 0.000351996015524], [-0.000558160303626, 0.00139526277781, -0.000845996546559, 0.00457781460136, -0.00129903340712, -0.000296983227599, -0.000530307530425, 0.000302284635836, -3.06396104861e-05, 0.00114624621347, -0.00501423282549, 0.00612586876377, -0.00453089270741], [0.000246517010964, -0.00144187465776, -0.000753745262045, -0.00129903340712, 0.00656745396554, -0.000977074028924, -0.00195403047837, 0.00107639853377, -0.0011621551821, 0.000138139192131, 0.00303880381398, -0.00322796776891, 0.00298410584219], [-0.00018826314772, 0.00129836623091, -0.000950430054218, -0.000296983227599, -0.000977074028924, 0.00963920820504, -0.0031004010234, -0.00255408487283, -0.000345607462805, 0.00151593063492, -0.00192193256225, 0.000653738854453, 0.000509721518029], [0.000518161221407, -0.000875598168932, 0.000835369108245, -0.000530307530425, -0.00195403047837, -0.0031004010234, 0.0122773237526, -0.00493752816692, 0.000346865010215, -0.00102820608299, 0.000539768021554, 0.000508835481014, -0.00146996078547], [-0.00057045253925, 0.0012625020463, -0.000326902576489, 0.000302284635836, 0.00107639853377, -0.00255408487283, -0.00493752816692, 0.0189071204513, -0.0104495948181, -0.00081338651944, 0.00219524395652, -0.000238965876633, -5.45690090803e-05], [0.00067293504253, -0.0020931432955, 0.00142529758159, -3.06396104861e-05, -0.0011621551821, -0.000345607462805, 0.000346865010215, -0.0104495948181, 0.0231505818665, -0.00657172966748, -0.00275613320991, 0.00153478735592, -0.000219037188799], [-0.00065443944186, 0.00160334620159, -0.00239427946508, 0.00114624621347, 0.000138139192131, 0.00151593063492, -0.00102820608299, -0.00081338651944, -0.00657172966748, 0.0234469622374, -0.0107139330357, -0.00246753892861, 0.00254996214062], [0.0011661547469, -0.00291391205974, 0.00235597253777, -0.00501423282549, 0.00303880381398, -0.00192193256225, 0.000539768021554, 0.00219524395652, -0.00275613320991, -0.0107139330357, 0.028110800311, -0.0120502347127, 0.000818945176434], [-0.000900812738109, 0.00360353547148, -0.00154728454072, 0.00612586876377, -0.00322796776891, 0.000653738854453, 0.000508835481014, -0.000238965876633, 0.00153478735592, -0.00246753892861, -0.0120502347127, 0.0310844834894, -0.0143214659765], [0.000531223311555, -0.00271539529786, 0.000351996015524, -0.00453089270741, 0.00298410584219, 0.000509721518029, -0.00146996078547, -5.45690090803e-05, -0.000219037188799, 0.00254996214062, 0.000818945176434, -0.0143214659765, 0.0241506285965]]
    },
    "melbands": {
        "dmean": [0.000723977049347, 0.00169718498364, 0.00109689764213, 0.000758337730076, 0.000561352237128, 0.00035235012183, 0.000160609037266, 9.66583829722e-05, 5.26455587533e-05, 5.26283474755e-05, 2.98760605801e-05, 2.43197537202e-05, 4.21321237809e-05, 1.90737500816e-05, 2.18517616304e-05, 2.01318907784e-05, 1.70076036738e-05, 1.59998289746e-05, 1.32630066219e-05, 1.36068647407e-05, 1.18303205454e-05, 1.21432603919e-05, 1.08863887363e-05, 1.17114122986e-05, 1.19280330182e-05, 1.06111147034e-05, 1.0594350897e-05, 8.72843429534e-06, 9.15690816328e-06, 6.44783358439e-06, 4.07771176469e-06, 2.57290344052e-06, 1.80394624749e-06, 1.24208679608e-06, 1.11421184101e-06, 1.04340642793e-06, 9.92672084976e-07, 7.34062666652e-07, 5.35037827376e-07, 3.40176995905e-07],
        "dmean2": [0.00113625114318, 0.00271641020663, 0.0017635008553, 0.00126709963661, 0.000947030901443, 0.00059765111655, 0.000276190257864, 0.000146312420839, 7.73898282205e-05, 7.80387345003e-05, 4.62975804112e-05, 3.81050012948e-05, 6.59189317957e-05, 3.05582179863e-05, 3.45503794961e-05, 3.16267432936e-05, 2.73771620414e-05, 2.59189000644e-05, 2.10973394132e-05, 2.17336073547e-05, 1.90698247025e-05, 1.84340187843e-05, 1.64824341482e-05, 1.82644434972e-05, 1.86735942407e-05, 1.54991521413e-05, 1.55196594278e-05, 1.29451382236e-05, 1.42563985719e-05, 9.84753387456e-06, 6.22811512585e-06, 3.79898278879e-06, 2.7782430152e-06, 1.87216039649e-06, 1.70789473941e-06, 1.54546069098e-06, 1.51500910306e-06, 1.13763451282e-06, 8.13015049062e-07, 5.2000677897e-07],
        "dvar": [1.32246282192e-06, 6.26887140243e-06, 3.76382877221e-06, 1.59936473665e-06, 1.17568527003e-06, 3.87052892847e-07, 8.41212539626e-08, 4.00879081042e-08, 1.06670885458e-08, 1.13606910546e-08, 5.02313035611e-09, 3.16672021938e-09, 7.44625117122e-09, 2.74731948302e-09, 1.53592505381e-09, 1.14005227481e-09, 7.31632809892e-10, 6.39378938683e-10, 3.48421069774e-10, 4.47704817663e-10, 3.75415837306e-10, 3.01210750786e-10, 2.62654120675e-10, 2.82825152187e-10, 2.71094008353e-10, 2.06981889961e-10, 3.05920400123e-10, 1.67261191009e-10, 1.84819229365e-10, 1.16220928714e-10, 3.92551165185e-11, 2.55405262911e-11, 1.36522685518e-11, 6.09688645056e-12, 3.93564781459e-12, 4.31683681856e-12, 1.1774104261e-11, 2.71941583835e-12, 1.15893536087e-12, 6.28782670462e-13],
        "dvar2": [3.13694818033e-06, 1.68933620444e-05, 9.42851784203e-06, 3.9236028897e-06, 3.05851403937e-06, 9.9227611372e-07, 2.31349687851e-07, 7.42610808402e-08, 1.99735801232e-08, 2.18178666245e-08, 1.13617142361e-08, 7.22070980785e-09, 1.55954289482e-08, 6.7175647267e-09, 3.71548369849e-09, 2.68285749172e-09, 1.75144609926e-09, 1.62040525442e-09, 8.35844560232e-10, 1.12333209401e-09, 9.25900356386e-10, 6.73632871706e-10, 6.1788762995e-10, 6.99861502085e-10, 6.26632412626e-10, 4.46902764795e-10, 6.47499331929e-10, 3.52228524125e-10, 4.38443448214e-10, 2.59232690869e-10, 9.59845536386e-11, 5.53401040271e-11, 3.16841587689e-11, 1.4262820959e-11, 8.97908049996e-12, 1.03229013879e-11, 3.02406259756e-11, 6.33123111229e-12, 2.72769350509e-12, 1.50797408414e-12],
        "max": [0.0163704305887, 0.0371859632432, 0.0251527093351, 0.0143369948491, 0.0145815033466, 0.0119422283024, 0.0036223907955, 0.00609735073522, 0.00209013093263, 0.00263032852672, 0.00205547828227, 0.0020177224651, 0.00278292200528, 0.001644840464, 0.000866439950187, 0.000713306770194, 0.000551003497094, 0.00061864888994, 0.000404594669817, 0.00043571475544, 0.00030994383269, 0.000282837747363, 0.000476716668345, 0.000214563071495, 0.000268299307209, 0.000228405086091, 0.00021885157912, 0.000221047870582, 0.000167668404174, 0.000283289089566, 9.69198808889e-05, 0.000193876156118, 8.4032479208e-05, 5.60308326385e-05, 3.97762632929e-05, 4.55279696325e-05, 0.000132408924401, 3.04634722852e-05, 1.96059318114e-05, 2.14825504372e-05],
        "mean": [0.00132550531998, 0.00266325846314, 0.00146376737393, 0.000867668946739, 0.000586651847698, 0.00045889330795, 0.000214781393879, 0.0001679295965, 9.40850804909e-05, 8.92652751645e-05, 4.51034320577e-05, 3.80149213015e-05, 6.35449905531e-05, 2.76917235169e-05, 3.34698233928e-05, 2.96475827781e-05, 2.45075571002e-05, 2.33923674386e-05, 2.02752598852e-05, 2.05515862035e-05, 1.79345042852e-05, 1.91514827748e-05, 1.82952662726e-05, 1.87956320588e-05, 1.93074611161e-05, 1.75096483872e-05, 1.54179524543e-05, 1.35674426929e-05, 1.27117000375e-05, 9.13898566068e-06, 6.6506913754e-06, 4.25111784352e-06, 3.01197565022e-06, 2.00987597054e-06, 1.8372646764e-06, 1.77169215476e-06, 1.68364920228e-06, 1.20438619433e-06, 9.01262865227e-07, 5.27992881416e-07],
        "median": [0.000507052172907, 0.0015567119699, 0.000777014996856, 0.000385641935281, 0.000230518606259, 0.000191760977032, 8.90575611265e-05, 5.48334646737e-05, 3.40523802151e-05, 3.23579079122e-05, 1.73449407157e-05, 1.70323473867e-05, 2.52409954555e-05, 1.09473940029e-05, 1.66102145158e-05, 1.53363380377e-05, 1.36214275699e-05, 1.25401847981e-05, 1.18657972052e-05, 1.14501481221e-05, 8.69337600307e-06, 9.8112559499e-06, 1.02932399386e-05, 1.05485423774e-05, 1.06866364149e-05, 9.63991533354e-06, 6.13967813479e-06, 6.56752808936e-06, 5.80645291848e-06, 3.95200140701e-06, 2.7218870855e-06, 1.66299207649e-06, 1.16871592581e-06, 7.37717982702e-07, 5.89434989706e-07, 5.25233247117e-07, 4.08848620737e-07, 3.20589805369e-07, 2.42268413331e-07, 1.55531424184e-07],
        "min": [2.81912677622e-24, 8.68087290616e-25, 1.15131409218e-24, 1.7226688881e-24, 3.10993877121e-24, 3.02477670054e-24, 2.65101026213e-24, 1.27240986176e-24, 2.75331625242e-24, 2.32118613715e-24, 1.90592048753e-24, 2.80924372959e-24, 3.55046059158e-24, 3.38904426758e-24, 4.00946128143e-24, 4.30172478049e-24, 3.02223301855e-24, 3.66632848134e-24, 4.89897531613e-24, 3.62166672676e-24, 4.64324869877e-24, 4.79950863346e-24, 4.72773609615e-24, 4.61697647518e-24, 4.18897841333e-24, 3.89638990358e-24, 5.44891746886e-24, 6.00343343712e-24, 5.96021805901e-24, 6.55591059437e-24, 4.87264787228e-24, 6.52117783758e-24, 6.19245870951e-24, 5.77821049324e-24, 6.981255717e-24, 6.16215461784e-24, 6.44635398629e-24, 6.38098581624e-24, 5.93223164068e-24, 6.81934596051e-24],
        "var": [4.16276225224e-06, 1.08217436718e-05, 4.59755028714e-06, 1.68435792602e-06, 1.06939512534e-06, 6.30414604075e-07, 1.0492718161e-07, 1.3155440115e-07, 3.23283977366e-08, 3.38138725908e-08, 8.59189430713e-09, 6.67779342933e-09, 1.58192552391e-08, 5.05394570638e-09, 2.81289613824e-09, 1.87589543899e-09, 1.18209153577e-09, 1.05549224916e-09, 6.34316488224e-10, 7.32530203162e-10, 5.85827719668e-10, 6.04452599084e-10, 5.728969521e-10, 5.22317356033e-10, 5.18650900005e-10, 4.51475828944e-10, 5.21123588726e-10, 3.37548350382e-10, 2.85758111618e-10, 1.79891421204e-10, 9.61214163819e-11, 4.83999854084e-11, 2.54006329858e-11, 1.08729848042e-11, 9.2156351994e-12, 9.47262754347e-12, 1.47316152332e-11, 4.61029868795e-12, 2.45069502885e-12, 9.69531529713e-13]
    },
    "mfcc": {
        "mean": [-644.524230957, 109.499107361, 2.27303695679, 40.7439498901, 6.37601137161, 7.87136936188, 4.02293300629, -1.24346876144, -3.12501811981, -0.129231020808, -2.49990415573, 1.28256225586, -3.14937186241],
        "cov": [[8666.01367188, -232.355300903, 68.2606430054, 485.814331055, -25.1572856903, -25.3742160797, -17.6826686859, -56.3050804138, -27.7455444336, -18.5197849274, -156.911209106, -54.1935768127, -111.770072937], [-232.355300903, 1497.10986328, -65.670173645, 39.2487869263, 74.5634994507, 8.79053211212, -14.8173809052, -8.46524524689, 45.4856185913, -12.8158035278, 37.6796646118, -8.52437114716, 31.555185318], [68.2606430054, -65.670173645, 405.838195801, 85.4710235596, 57.1988105774, 59.6012763977, 47.5001831055, -9.6699924469, 6.37302350998, 2.61062526703, -6.30647611618, 12.7862215042, 15.0113239288], [485.814331055, 39.2487869263, 85.4710235596, 294.923797607, 70.043800354, 54.1185035706, 54.2718544006, -9.16326522827, 13.1779994965, 11.634973526, -9.7305021286, 3.89621949196, 3.66648983955], [-25.1572856903, 74.5634994507, 57.1988105774, 70.043800354, 149.201461792, 61.5035629272, 32.5832252502, 16.3582267761, 12.7952680588, 9.16560268402, 14.1071529388, -0.571425974369, 5.36701011658], [-25.3742160797, 8.79053211212, 59.6012763977, 54.1185035706, 61.5035629272, 115.400115967, 61.81092453, 26.4829139709, 17.1818065643, 18.2479419708, 5.34753084183, 10.1773223877, 7.5986995697], [-17.6826686859, -14.8173809052, 47.5001831055, 54.2718544006, 32.5832252502, 61.81092453, 101.08013916, 42.2125282288, 28.5797786713, 25.3717308044, 12.203045845, 10.8228368759, 6.96231889725], [-56.3050804138, -8.46524524689, -9.6699924469, -9.16326522827, 16.3582267761, 26.4829139709, 42.2125282288, 90.4902496338, 48.4466400146, 30.3625278473, 19.1296005249, 11.8737192154, 5.63869905472], [-27.7455444336, 45.4856185913, 6.37302350998, 13.1779994965, 12.7952680588, 17.1818065643, 28.5797786713, 48.4466400146, 79.5756835938, 40.6774101257, 19.7414531708, 11.8061237335, 6.47894716263], [-18.5197849274, -12.8158035278, 2.61062526703, 11.634973526, 9.16560268402, 18.2479419708, 25.3717308044, 30.3625278473, 40.6774101257, 70.1568908691, 37.5990753174, 16.4402084351, 8.03321456909], [-156.911209106, 37.6796646118, -6.30647611618, -9.7305021286, 14.1071529388, 5.34753084183, 12.203045845, 19.1296005249, 19.7414531708, 37.5990753174, 69.0482635498, 34.3265647888, 15.4800348282], [-54.1935768127, -8.52437114716, 12.7862215042, 3.89621949196, -0.571425974369, 10.1773223877, 10.8228368759, 11.8737192154, 11.8061237335, 16.4402084351, 34.3265647888, 68.9760894775, 36.4899291992], [-111.770072937, 31.555185318, 15.0113239288, 3.66648983955, 5.36701011658, 7.5986995697, 6.96231889725, 5.63869905472, 6.47894716263, 8.03321456909, 15.4800348282, 36.4899291992, 60.4110717773]],
