{
"lowlevel": {
    "average_loudness": 0.97516733408,
    "barkbands_crest": {
        "dmean": 2.43703007698,
        "dmean2": 3.84448003769,
        "dvar": 6.1959438324,
        "dvar2": 16.3007545471,
        "max": 25.1497707367,
        "mean": 12.7425518036,
        "median": 12.0286941528,
        "min": 3.11509394646,
        "var": 14.2412748337
    },
    "barkbands_flatness_db": {
        "dmean": 0.0367640517652,
        "dmean2": 0.0531287230551,
        "dvar": 0.00162743567489,
        "dvar2": 0.00350613193586,
        "max": 0.564584434032,
        "mean": 0.173589259386,
        "median": 0.159596532583,
        "min": 0.0344315096736,
        "var": 0.00656919600442
    },
    "barkbands_kurtosis": {
        "dmean": 8.59200572968,
        "dmean2": 13.104385376,
        "dvar": 206.681137085,
        "dvar2": 457.292480469,
        "max": 236.457778931,
        "mean": 12.811340332,
        "median": 7.14149856567,
        "min": -1.93943583965,
        "var": 330.045288086
    },
    "barkbands_skewness": {
        "dmean": 0.89207983017,
        "dmean2": 1.32458209991,
        "dvar": 0.947921514511,
        "dvar2": 2.06157565117,
        "max": 13.4041070938,
        "mean": 2.84620904922,
        "median": 2.61931586266,
        "min": -3.60344433784,
        "var": 2.61762619019
    },
    "barkbands_spread": {
        "dmean": 10.7572803497,
        "dmean2": 16.7799797058,
        "dvar": 177.637115479,
        "dvar2": 423.797180176,
        "max": 132.35975647,
        "mean": 22.9307022095,
        "median": 17.8242988586,
        "min": 0.357524454594,
        "var": 306.401855469
    },
    "dissonance": {
        "dmean": 0.0245020538568,
        "dmean2": 0.0402243547142,
        "dvar": 0.000667332322337,
        "dvar2": 0.00174314586911,
        "max": 0.500000059605,
        "mean": 0.456128329039,
        "median": 0.465708583593,
        "min": 0.212946429849,
        "var": 0.00133378815372
    },
    "dynamic_complexity": 2.02830004692,
    "erbbands_crest": {
        "dmean": 2.90872764587,
        "dmean2": 4.31759643555,
        "dvar": 8.666431427,
        "dvar2": 16.8271389008,
        "max": 32.0889968872,
        "mean": 10.3929443359,
        "median": 8.68910312653,
        "min": 2.08995127678,
        "var": 35.9286804199
    },
    "erbbands_flatness_db": {
        "dmean": 0.0206923671067,
        "dmean2": 0.0305064860731,
        "dvar": 0.000717671762686,
        "dvar2": 0.00136573903728,
        "max": 0.478766292334,
        "mean": 0.115992203355,
        "median": 0.0980564132333,
        "min": 0.0263406764716,
        "var": 0.00364770740271
    },
    "erbbands_kurtosis": {
        "dmean": 1.28983509541,
        "dmean2": 1.98257696629,
        "dvar": 3.91366147995,
        "dvar2": 8.29689311981,
        "max": 35.7444343567,
        "mean": 0.722667694092,
        "median": -0.0294289588928,
        "min": -1.89269948006,
        "var": 7.64641237259
    },
    "erbbands_skewness": {
        "dmean": 0.46877977252,
        "dmean2": 0.686444938183,
        "dvar": 0.254373461008,
        "dvar2": 0.563395619392,
        "max": 3.43321275711,
        "mean": 0.433701485395,
        "median": 0.42376023531,
        "min": -4.80090665817,
        "var": 0.598175108433
    },
    "erbbands_spread": {
        "dmean": 16.2111759186,
        "dmean2": 24.1870632172,
        "dvar": 329.310302734,
        "dvar2": 677.325500488,
        "max": 178.866958618,
        "mean": 60.0702362061,
        "median": 54.7906341553,
        "min": 2.73216128349,
        "var": 1079.55358887
    },
    "hfc": {
        "dmean": 21.0991477966,
        "dmean2": 33.0423622131,
        "dvar": 937.180175781,
        "dvar2": 2411.01220703,
        "max": 231.305252075,
        "mean": 39.5446777344,
        "median": 27.7433834076,
        "min": 1.02254379875e-16,
        "var": 1188.85668945
    },
    "melbands_crest": {
        "dmean": 2.76988911629,
        "dmean2": 4.44062423706,
        "dvar": 8.4000005722,
        "dvar2": 21.8998565674,
        "max": 34.8606948853,
        "mean": 17.7765216827,
        "median": 17.3819999695,
        "min": 1.5906509161,
        "var": 21.703250885
    },
    "melbands_flatness_db": {
        "dmean": 0.044116742909,
        "dmean2": 0.0633441284299,
        "dvar": 0.00228405930102,
        "dvar2": 0.00492859724909,
        "max": 0.707491457462,
        "mean": 0.277107715607,
        "median": 0.268976122141,
        "min": 0.00348272779956,
        "var": 0.00961899012327
    },
    "melbands_kurtosis": {
        "dmean": 21.8956699371,
        "dmean2": 33.2253646851,
        "dvar": 1085.54614258,
        "dvar2": 2448.19848633,
        "max": 633.985778809,
        "mean": 43.0905761719,
        "median": 27.6969432831,
        "min": -1.89514756203,
        "var": 2253.06201172
    },
    "melbands_skewness": {
        "dmean": 1.18351387978,
        "dmean2": 1.76602733135,
        "dvar": 1.58820593357,
        "dvar2": 3.64254617691,
        "max": 17.5926647186,
        "mean": 4.85345411301,
        "median": 4.39634752274,
        "min": -2.20230793953,
        "var": 5.53809261322
    },
    "melbands_spread": {
        "dmean": 5.69157266617,
        "dmean2": 8.8507232666,
        "dvar": 47.4016799927,
        "dvar2": 108.891586304,
        "max": 162.771072388,
        "mean": 13.9453639984,
        "median": 9.59896755219,
        "min": 0.473486810923,
        "var": 309.841247559
    },
    "pitch_salience": {
        "dmean": 0.0744014158845,
        "dmean2": 0.118498012424,
        "dvar": 0.00590551178902,
        "dvar2": 0.0139973219484,
        "max": 0.977906286716,
        "mean": 0.445386826992,
        "median": 0.4357175529,
        "min": 0.130751669407,
        "var": 0.0128384362906
    },
    "silence_rate_20dB": {
        "dmean": 0,
        "dmean2": 0,
        "dvar": 0,
        "dvar2": 0,
        "max": 1,
        "mean": 1,
        "median": 1,
        "min": 1,
        "var": 0
    },
    "silence_rate_30dB": {
        "dmean": 0.0862680897117,
        "dmean2": 0.172559723258,
        "dvar": 0.0788281559944,
        "dvar2": 0.176644057035,
        "max": 1,
        "mean": 0.907465517521,
        "median": 1,
        "min": 0,
        "var": 0.0839715227485
    },
    "silence_rate_60dB": {
        "dmean": 0.00218400219455,
        "dmean2": 0.00436860090122,
        "dvar": 0.002179231029,
        "dvar2": 0.00489558000118,
        "max": 1,
        "mean": 0.0470861196518,
        "median": 0,
        "min": 0,
        "var": 0.04486906901
    },
    "spectral_centroid": {
        "dmean": 382.426025391,
        "dmean2": 578.018981934,
        "dvar": 197931.921875,
        "dvar2": 417486.5,
        "max": 11757.8623047,
        "mean": 1180.29284668,
        "median": 862.44708252,
        "min": 128.206817627,
        "var": 1907159.125
    },
    "spectral_complexity": {
        "dmean": 5.55309867859,
        "dmean2": 8.50948810577,
        "dvar": 53.1660232544,
        "dvar2": 98.82837677,
        "max": 57,
        "mean": 15.6134843826,
        "median": 13,
        "min": 0,
        "var": 108.048774719
    },
    "spectral_decrease": {
        "dmean": 4.57599158565e-09,
        "dmean2": 7.20633375195e-09,
        "dvar": 2.9650586842e-17,
        "dvar2": 8.09197904559e-17,
        "max": 1.51127301439e-28,
        "mean": -1.81220940476e-08,
        "median": -1.79414918478e-08,
        "min": -6.39259738477e-08,
        "var": 6.3769782024e-17
    },
    "spectral_energy": {
        "dmean": 0.017969854176,
        "dmean2": 0.0283339116722,
        "dvar": 0.000437261769548,
        "dvar2": 0.00119233457372,
        "max": 0.245474845171,
        "mean": 0.0719838067889,
        "median": 0.0715719535947,
        "min": 9.94395738836e-21,
        "var": 0.000954271294177
    },
    "spectral_energyband_high": {
        "dmean": 0.00208236183971,
        "dmean2": 0.00327368150465,
        "dvar": 1.03825650513e-05,
        "dvar2": 2.67266150331e-05,
        "max": 0.0239337775856,
        "mean": 0.00278356717899,
        "median": 0.00118978659157,
        "min": 6.79427575899e-21,
        "var": 1.2237996998e-05
    },
    "spectral_energyband_low": {
        "dmean": 0.0163640677929,
        "dmean2": 0.0258840657771,
        "dvar": 0.000444160425104,
        "dvar2": 0.00122020475101,
        "max": 0.223639756441,
        "mean": 0.0509460568428,
        "median": 0.0485420003533,
        "min": 1.79657564915e-23,
        "var": 0.000769582053181
    },
    "spectral_energyband_middle_high": {
        "dmean": 0.00193373125512,
        "dmean2": 0.0029667315539,
        "dvar": 7.5740426837e-06,
        "dvar2": 1.64127541211e-05,
        "max": 0.0484792850912,
        "mean": 0.00451705697924,
        "median": 0.00279493909329,
        "min": 1.17786035973e-21,
        "var": 2.27605287364e-05
    },
    "spectral_energyband_middle_low": {
        "dmean": 0.00623279763386,
        "dmean2": 0.00994057301432,
        "dvar": 0.000104606289824,
        "dvar2": 0.000236380103161,
        "max": 0.139482006431,
        "mean": 0.0159606728703,
        "median": 0.0119493138045,
        "min": 1.26971138554e-22,
        "var": 0.00017256726278
    },
    "spectral_entropy": {
        "dmean": 0.327313095331,
        "dmean2": 0.473798751831,
        "dvar": 0.149096369743,
        "dvar2": 0.323572427034,
        "max": 9.82179641724,
        "mean": 7.544090271,
        "median": 7.65998935699,
        "min": 4.52198553085,
        "var": 0.661401331425
    },
    "spectral_flux": {
        "dmean": 0.0387517772615,
        "dmean2": 0.0592843666673,
        "dvar": 0.00171245983802,
        "dvar2": 0.00367318070494,
        "max": 0.434459358454,
        "mean": 0.107902981341,
        "median": 0.0920004695654,
        "min": 6.28874799458e-11,
        "var": 0.00442718621343
    },
    "spectral_kurtosis": {
        "dmean": 2.74375271797,
        "dmean2": 4.26619434357,
        "dvar": 78.5746688843,
        "dvar2": 166.761047363,
        "max": 202.387542725,
        "mean": 5.58956289291,
        "median": 2.19755744934,
        "min": -1.26968276501,
        "var": 212.596221924
    },
    "spectral_rms": {
        "dmean": 0.00100592058152,
        "dmean2": 0.00157363165636,
        "dvar": 1.20100435197e-06,
        "dvar2": 3.27271254719e-06,
        "max": 0.0154753886163,
        "mean": 0.00805710442364,
        "median": 0.00835621263832,
        "min": 3.11471052943e-12,
        "var": 5.31111845703e-06
    },
    "spectral_rolloff": {
        "dmean": 671.303771973,
        "dmean2": 1211.2421875,
        "dvar": 2035092.5,
        "dvar2": 5341232.5,
        "max": 19487.5488281,
        "mean": 1107.83825684,
        "median": 344.53125,
        "min": 43.06640625,
        "var": 6564194.5
    },
    "spectral_skewness": {
        "dmean": 0.349160254002,
        "dmean2": 0.526389300823,
        "dvar": 0.337692826986,
        "dvar2": 0.715356945992,
        "max": 11.6890659332,
        "mean": 1.67350745201,
        "median": 1.42909324169,
        "min": -0.0960524305701,
        "var": 1.31220006943
    },
    "spectral_spread": {
        "dmean": 1184323,
        "dmean2": 1757625.75,
        "dvar": 2.18339842458e+12,
        "dvar2": 4.50134330573e+12,
        "max": 42663004,
        "mean": 7917533.5,
        "median": 7410530.5,
        "min": 364018.21875,
        "var": 2.46396087173e+13
    },
    "spectral_strongpeak": {
        "dmean": 0.260376065969,
        "dmean2": 0.461913198233,
        "dvar": 0.219548165798,
        "dvar2": 0.544695913792,
        "max": 8.27360343933,
        "mean": 0.460370689631,
        "median": 0.278853684664,
        "min": 0,
        "var": 0.252451360226
    },
    "zerocrossingrate": {
        "dmean": 0.0173768401146,
        "dmean2": 0.0210210904479,
        "dvar": 0.000294173805742,
        "dvar2": 0.000427911028964,
        "max": 0.68701171875,
        "mean": 0.0666418299079,
        "median": 0.05322265625,
        "min": 0.001953125,
        "var": 0.00451401621103
    },
    "barkbands": {
        "dmean": [0.00143085001037, 0.01298207324, 0.00605311105028, 0.00276252580807, 0.00350694032386, 0.00129063765053, 0.000609456794336, 0.000560903339647, 0.00059031957062, 0.000318739766954, 0.00041684959433, 0.000623165571596, 0.000308348768158, 0.000167978330865, 0.000193877363927, 0.000137830720632, 0.00016053528816, 0.000125217993627, 0.000167874022736, 0.000218802058953, 0.000295371108223, 0.000305148161715, 0.000280197418761, 0.000537536921911, 0.000354711723048, 0.000322297302773, 6.06985813647e-05],
        "dmean2": [0.00238918908872, 0.0210382845253, 0.0100198248401, 0.00480424053967, 0.00585818570107, 0.00208345940337, 0.000928710505832, 0.000867196184117, 0.000870751566254, 0.000485495867906, 0.000621226790827, 0.000967559113633, 0.000484209886054, 0.00027910573408, 0.000301578897052, 0.000221403955948, 0.00025536204339, 0.000200829614187, 0.000275730504654, 0.000339493184583, 0.000478280970128, 0.000497191387694, 0.000456343987025, 0.000878295104485, 0.000578752078582, 0.000522074464243, 0.000102132842585],
        "dvar": [7.76125671109e-06, 0.000314417702612, 0.000156067850185, 4.41202137154e-05, 5.45810471522e-05, 5.13624354426e-06, 1.74969500222e-06, 1.5519747194e-06, 2.37470408138e-06, 5.98165968313e-07, 1.08288759293e-06, 1.79378241683e-06, 5.13081090503e-07, 1.66474293906e-07, 2.81073852193e-07, 1.08533740217e-07, 1.25700964304e-07, 1.18535282922e-07, 1.63150104981e-07, 1.53516467094e-07, 2.45548562816e-07, 2.53281257301e-07, 1.95942263304e-07, 9.49716593368e-07, 3.2407371009e-07, 2.62185466227e-07, 1.31768693734e-08],
        "dvar2": [1.89155325643e-05, 0.000927515502553, 0.000421290198574, 0.000118180410936, 0.000143600176671, 1.26910217659e-05, 3.50697109752e-06, 3.3602698295e-06, 4.83604571855e-06, 1.22882954656e-06, 2.04077832677e-06, 4.06265507991e-06, 1.13948567559e-06, 4.19881843072e-07, 5.29277713213e-07, 2.54079338902e-07, 2.9617891073e-07, 2.81607441366e-07, 4.13172244862e-07, 3.60124403187e-07, 5.71415057493e-07, 6.27808617537e-07, 4.91945286285e-07, 2.53219172919e-06, 8.36086599065e-07, 6.69895825922e-07, 3.48102950909e-08],
        "max": [0.0808635503054, 0.186155945063, 0.153310000896, 0.0741398483515, 0.123464621603, 0.0369245558977, 0.0375290177763, 0.0299109909683, 0.0368585661054, 0.0185699369758, 0.023215027526, 0.029338914901, 0.0189822632819, 0.0126717193052, 0.02045702748, 0.0193875096738, 0.00971836224198, 0.0093615911901, 0.0115044349805, 0.00519954133779, 0.00732630165294, 0.00563052343205, 0.00529546383768, 0.00804721005261, 0.00481301359832, 0.00427758926526, 0.0020435762126],
        "mean": [0.00313133234158, 0.0324653126299, 0.0131889395416, 0.00426942389458, 0.00540097337216, 0.00274843373336, 0.00113100721501, 0.00106183288153, 0.00118480878882, 0.00056081317598, 0.000750364968553, 0.00145596486982, 0.000507013290189, 0.000214849147596, 0.000294604658848, 0.000166437399457, 0.00018334206834, 0.000168673534063, 0.000196937326109, 0.000258188694715, 0.000336785509717, 0.000362767226761, 0.000352020666469, 0.00060311582638, 0.000474545813631, 0.000445542769739, 6.99046067894e-05],
        "median": [0.00130703113973, 0.0290199089795, 0.009227020666, 0.00173411937431, 0.00330286333337, 0.00183349882718, 0.000485619704705, 0.000341531238519, 0.000359318451956, 0.00014355868916, 0.000160500814673, 0.000226611402468, 0.000125804333948, 4.92416947964e-05, 8.90037190402e-05, 5.70032752876e-05, 5.52526471438e-05, 7.71466875449e-05, 7.30496903998e-05, 9.97064125841e-05, 0.000123066216474, 0.000145754078403, 0.000137851195177, 0.00020162970759, 0.00017442466924, 0.00017336482415, 1.88153171621e-05],
        "min": [4.03044345309e-25, 1.73123059272e-24, 9.2925132508e-25, 1.28333627555e-24, 7.01203233635e-24, 8.12177898085e-24, 9.75582940423e-24, 7.62188886927e-24, 1.42604973301e-23, 1.71097430129e-23, 1.1778776421e-23, 2.03384733896e-23, 3.68533947695e-23, 3.86107717625e-23, 3.75636283306e-23, 5.72178485041e-23, 5.03045618316e-23, 7.25063515005e-23, 1.31408941841e-22, 1.52048963622e-22, 2.20470441894e-22, 2.38839465658e-22, 3.53329739219e-22, 5.54156029961e-22, 8.73835537806e-22, 1.33270590468e-21, 1.94072626602e-21],
        "var": [2.00981176022e-05, 0.000463467324153, 0.000184848555364, 5.62150344194e-05, 5.068370956e-05, 1.05609033199e-05, 4.26239557783e-06, 4.54196333521e-06, 8.04206410976e-06, 1.79763151209e-06, 3.21128300129e-06, 8.35142145661e-06, 1.48998003624e-06, 2.78967007716e-07, 8.07504250133e-07, 1.65753661463e-07, 1.62410799476e-07, 1.36987011956e-07, 1.70054150317e-07, 1.83039901458e-07, 2.90875220799e-07, 2.82526485762e-07, 2.32834977965e-07, 8.7778806801e-07, 3.9331445123e-07, 3.60052894166e-07, 1.41394416175e-08]
    },
    "erbbands": {
        "dmean": [0.457220941782, 2.84302091599, 6.59538173676, 7.77114963531, 9.02253341675, 14.4339380264, 13.9363870621, 9.0082025528, 7.7121720314, 10.3306922913, 12.4925870895, 15.3621263504, 8.1980342865, 17.8446521759, 12.0339107513, 27.1343040466, 17.0368881226, 9.46157932281, 9.76964664459, 8.11981010437, 7.59010601044, 8.26750183105, 6.64236164093, 7.2153506279, 9.90134811401, 10.0859127045, 11.2473192215, 12.2958993912, 9.72717666626, 9.07176208496, 8.64883232117, 13.3070230484, 6.45830249786, 3.92822241783, 2.78437423706, 1.39957118034, 0.530939280987, 0.138104185462, 0.0117114009336, 0.00018882479344],
        "dmean2": [0.734917283058, 4.6453204155, 10.7216033936, 13.0401878357, 15.2043428421, 24.5341892242, 23.2572860718, 14.659693718, 12.0074672699, 15.6448869705, 19.3144168854, 22.5521621704, 12.5818576813, 25.8940315247, 18.6604747772, 42.345123291, 26.7361946106, 15.2588510513, 15.8481931686, 12.6691255569, 12.1527023315, 13.0108222961, 10.4228544235, 11.8296356201, 16.0256462097, 15.9153499603, 18.3745822906, 19.4505615234, 15.5887784958, 15.2420806885, 14.100320816, 22.2109470367, 10.1158304214, 6.49384975433, 4.52578115463, 2.27822995186, 0.846024930477, 0.225509643555, 0.0200809407979, 0.000316851044772],
        "dvar": [0.446081340313, 16.1277217865, 154.510009766, 302.009429932, 421.597320557, 1147.18603516, 797.482666016, 232.209899902, 278.399078369, 559.158569336, 729.039306641, 1982.02770996, 507.764312744, 2535.4128418, 857.118774414, 3368.33740234, 1339.65319824, 498.64352417, 685.029418945, 290.354919434, 247.293411255, 326.623779297, 236.446075439, 493.845428467, 476.773071289, 331.745056152, 412.430236816, 403.983825684, 243.191665649, 250.259933472, 194.356643677, 678.990234375, 95.4702529907, 38.2715530396, 22.4757671356, 5.20479393005, 0.667207539082, 0.0510783679783, 0.000557243183721, 1.11999995056e-07],
        "dvar2": [1.32465922832, 46.1223564148, 402.219177246, 804.395080566, 1086.52404785, 3101.58496094, 2103.42578125, 575.250671387, 560.002258301, 1131.69055176, 1623.87768555, 3905.43017578, 965.317504883, 4697.66015625, 1705.5814209, 7519.01757812, 3009.39550781, 1221.22131348, 1414.68273926, 630.037658691, 571.370056152, 754.80078125, 560.518737793, 1249.63562012, 1179.83544922, 787.256835938, 1021.7409668, 894.581359863, 590.8984375, 632.303527832, 496.478210449, 1822.9708252, 235.186599731, 97.0030441284, 59.3292274475, 13.6571836472, 1.66530954838, 0.130617797375, 0.00150173716247, 2.98258015619e-07],
        "max": [7.36030483246, 43.1667137146, 152.176193237, 215.339813232, 262.519500732, 572.832885742, 465.871948242, 230.329208374, 623.181274414, 644.908325195, 896.847839355, 1137.35388184, 856.590148926, 1212.84362793, 1092.5456543, 1109.69128418, 975.950378418, 733.833679199, 975.154907227, 735.850036621, 407.36416626, 492.80859375, 568.314758301, 919.354064941, 476.953521729, 234.604141235, 358.281036377, 205.011184692, 242.938842773, 170.692825317, 127.024887085, 217.809890747, 95.8192596436, 58.44323349, 47.0344467163, 20.8362503052, 6.98472738266, 3.25771689415, 0.340367943048, 0.0045761265792],
        "mean": [1.10807406902, 6.56836414337, 15.5641670227, 14.9311771393, 13.5845880508, 21.169418335, 25.1867828369, 19.4269161224, 15.165807724, 20.0069007874, 23.6721229553, 31.7619419098, 15.4117660522, 32.9267921448, 23.5040035248, 64.2329025269, 33.1707458496, 14.9814662933, 14.3902721405, 10.898563385, 9.58384132385, 9.83089256287, 8.90389347076, 8.68552017212, 11.9803647995, 12.1116724014, 12.8215923309, 14.1337757111, 12.3491134644, 10.7436466217, 10.6089801788, 13.039894104, 9.03641796112, 5.3871216774, 3.48014831543, 1.82136762142, 0.774550437927, 0.188762366772, 0.0123790567741, 0.000291930744424],
        "median": [0.991222679615, 5.89334774017, 12.8334970474, 8.40995407104, 7.64954662323, 12.0297660828, 14.4022932053, 13.4701375961, 8.04151821136, 7.4335308075, 9.16728496552, 9.27714347839, 4.65292787552, 6.89899539948, 7.65466356277, 11.822271347, 9.91892814636, 5.03252744675, 5.02972078323, 4.07172393799, 3.23059916496, 3.44659781456, 3.83568120003, 3.45926833153, 4.39785432816, 4.70336294174, 4.78745412827, 5.28156852722, 5.20157623291, 4.62015247345, 3.97086954117, 4.52645206451, 2.82106685638, 1.66363704205, 1.31255114079, 0.56615370512, 0.354168772697, 0.0703561380506, 0.00294323614798, 0.000158599272254],
        "min": [3.8311676728e-23, 6.91557070885e-22, 2.61191467065e-21, 4.27115880592e-21, 2.00363662317e-20, 3.51586075406e-20, 3.88947917282e-20, 7.58716941204e-20, 1.39772999103e-19, 2.04074788748e-19, 3.33733798802e-19, 3.1725250944e-19, 5.56093931979e-19, 7.80073762343e-19, 7.14839093912e-19, 1.00558589309e-18, 1.82292760585e-18, 1.72192058125e-18, 1.57991693453e-18, 2.63761344845e-18, 4.46367875716e-18, 4.06704151754e-18, 4.50177910977e-18, 6.55082708261e-18, 6.98143414845e-18, 8.44778218341e-18, 9.04892328587e-18, 9.56310785362e-18, 9.77961576151e-18, 1.14259094941e-17, 1.14495958109e-17, 1.16694538003e-17, 9.73967865436e-18, 8.88885804708e-18, 6.59018185462e-18, 4.29968068815e-18, 2.43447732876e-18, 8.93173081823e-19, 2.54201727074e-19, 2.45309748746e-20],
        "var": [0.652884185314, 20.9756469727, 186.876205444, 374.114990234, 408.22366333, 1041.00036621, 1174.53063965, 449.136901855, 596.997436523, 1688.44384766, 1974.04968262, 7048.78515625, 1795.36889648, 7250.72021484, 2920.68286133, 15530.5351562, 4099.30957031, 991.647460938, 1556.87512207, 616.372924805, 389.685424805, 417.981719971, 315.225921631, 470.087921143, 540.521911621, 382.727233887, 437.653991699, 510.21887207, 305.359344482, 254.504577637, 221.453384399, 538.717163086, 146.952560425, 51.9539108276, 23.9434604645, 6.75309944153, 0.973687589169, 0.0679643377662, 0.000518222164828, 1.17201317096e-07]
    },
    "gfcc": {
        "mean": [18.856180191, 71.135848999, -50.4522514343, 37.0061721802, -48.0779838562, 26.1249809265, -28.7611980438, 9.16728401184, -24.0292110443, 10.7968711853, -12.5731487274, 7.04934883118, -12.8955821991],
        "cov": [[30893.5859375, -752.060302734, -1309.85412598, 782.836242676, -1071.29296875, 980.24609375, -714.029663086, 321.269958496, -971.789367676, 318.677368164, -327.526763916, 425.14440918, -510.095489502], [-752.060302734, 2281.63378906, -273.234649658, -248.046279907, -1.0898308754, -258.586608887, 273.939208984, -125.393447876, 217.163711548, -194.225357056, 75.7704086304, -264.714477539, 37.7183151245], [-1309.85412598, -273.234649658, 967.95916748, 106.842338562, -10.4037809372, 6.63201475143, 10.5928220749, 67.8676376343, 66.1286468506, 30.2709674835, 20.4228153229, 42.4645347595, -14.4862031937], [782.836242676, -248.046279907, 106.842338562, 364.48815918, -35.5836906433, 6.74574518204, -68.5914077759, 31.6081542969, -45.7642250061, 31.8569831848, -18.9108581543, 47.0272598267, 5.3070230484], [-1071.29296875, -1.0898308754, -10.4037809372, -35.5836906433, 226.414077759, -5.37101078033, 9.26751232147, -68.1566848755, -6.08980512619, 10.0130996704, 45.0565032959, 11.4072418213, 16.034526825], [980.24609375, -258.586608887, 6.63201475143, 6.74574518204, -5.37101078033, 224.85144043, -10.8387966156, -5.01828575134, -115.444259644, 22.2743015289, 14.4294233322, 76.5701522827, -24.8858680725], [-714.029663086, 273.939208984, 10.5928220749, -68.5914077759, 9.26751232147, -10.8387966156, 155.570617676, 6.53964138031, 37.0648345947, -58.476146698, 27.5562210083, -20.5794200897, 20.1796875], [321.269958496, -125.393447876, 67.8676376343, 31.6081542969, -68.1566848755, -5.01828575134, 6.53964138031, 128.214172363, 34.1926994324, 2.08772110939, -50.3780326843, 10.7465028763, 12.5489196777], [-971.789367676, 217.163711548, 66.1286468506, -45.7642250061, -6.08980512619, -115.444259644, 37.0648345947, 34.1926994324, 193.845947266, 4.88616704941, -20.1617469788, -89.1735839844, 26.1285762787], [318.677368164, -194.225357056, 30.2709674835, 31.8569831848, 10.0130996704, 22.2743015289, -58.476146698, 2.08772110939, 4.88616704941, 122.772354126, 35.0120315552, 22.8574390411, -37.4423599243], [-327.526763916, 75.7704086304, 20.4228153229, -18.9108581543, 45.0565032959, 14.4294233322, 27.5562210083, -50.3780326843, -20.1617469788, 35.0120315552, 121.332618713, 42.4066696167, -15.6086587906], [425.14440918, -264.714477539, 42.4645347595, 47.0272598267, 11.4072418213, 76.5701522827, -20.5794200897, 10.7465028763, -89.1735839844, 22.8574390411, 42.4066696167, 137.880584717, 22.1555252075], [-510.095489502, 37.7183151245, -14.4862031937, 5.3070230484, 16.034526825, -24.8858680725, 20.1796875, 12.5489196777, 26.1285762787, -37.4423599243, -15.6086587906, 22.1555252075, 116.316200256]],
        "icov": [[8.12033686088e-05, -0.000127597901155, 0.000104835206002, -0.000105846927909, 0.00024964203476, -0.000255791324889, 0.000268551637419, -0.000179799782927, 0.000182539515663, -0.000201193688554, 0.00029864575481, -0.00030326959677, 0.000291112199193], [-0.000127597901155, 0.00116650620475, 2.12959785131e-05, 0.000226719552302, -1.49241732288e-05, 0.000811522069853, -0.00124236696865, 0.000840815540869, -0.000572811753955, 0.00131190544926, -0.00172824983019, 0.00190292485058, -0.000688423926476], [0.000104835206002, 2.12959785131e-05, 0.00140084256418, -0.000544374808669, 0.000249610224273, -0.000517324893735, 0.000177051726496, -0.000567150069401, -0.000941711652558, 0.000287374394247, -0.000128284154925, -0.000970249122474, 0.00100916321389], [-0.000105846927909, 0.000226719552302, -0.000544374808669, 0.00356157589704, 9.08234651433e-05, 0.00107377266977, 0.000534180377144, -0.000225751617108, 0.00102612364572, -0.000470231432701, -2.59964108409e-05, 0.000122804398416, -0.0010278559057], [0.00024964203476, -1.49241732288e-05, 0.000249610224273, 9.08234651433e-05, 0.00658007431775, -0.000272530567599, -2.7134163247e-05, 0.00280301272869, 0.000390730827348, -0.00130330491811, 0.000162220458151, -0.00103466026485, -0.000424981553806], [-0.000255791324889, 0.000811522069853, -0.000517324893735, 0.00107377266977, -0.000272530567599, 0.00843479111791, -0.00305031100288, 0.00121237826534, 0.00339462887496, -0.00141287245788, 0.00056122650858, -0.000773917592596, -0.000252364901826], [0.000268551637419, -0.00124236696865, 0.000177051726496, 0.000534180377144, -2.7134163247e-05, -0.00305031100288, 0.0133792310953, -0.00464576575905, -0.00142663752194, 0.00577940605581, -0.00491631682962, 0.00013947764819, 0.000604011001997], [-0.000179799782927, 0.000840815540869, -0.000567150069401, -0.000225751617108, 0.00280301272869, 0.00121237826534, -0.00464576575905, 0.0155206434429, -0.00433660717681, -0.00173257454298, 0.00694155599922, -0.00507201254368, 0.00019705836894], [0.000182539515663, -0.000572811753955, -0.000941711652558, 0.00102612364572, 0.000390730827348, 0.00339462887496, -0.00142663752194, -0.00433660717681, 0.0146337524056, -0.00606037676334, 7.4456751463e-05, 0.007650249172, -0.00447533978149], [-0.000201193688554, 0.00131190544926, 0.000287374394247, -0.000470231432701, -0.00130330491811, -0.00141287245788, 0.00577940605581, -0.00173257454298, -0.00606037676334, 0.0176928658038, -0.00861547607929, 0.00031133365701, 0.00365244178101], [0.00029864575481, -0.00172824983019, -0.000128284154925, -2.59964108409e-05, 0.000162220458151, 0.00056122650858, -0.00491631682962, 0.00694155599922, 7.4456751463e-05, -0.00861547607929, 0.0210804641247, -0.0114858597517, 0.00428361818194], [-0.00030326959677, 0.00190292485058, -0.000970249122474, 0.000122804398416, -0.00103466026485, -0.000773917592596, 0.00013947764819, -0.00507201254368, 0.007650249172, 0.00031133365701, -0.0114858597517, 0.0229204092175, -0.00909881666303], [0.000291112199193, -0.000688423926476, 0.00100916321389, -0.0010278559057, -0.000424981553806, -0.000252364901826, 0.000604011001997, 0.00019705836894, -0.00447533978149, 0.00365244178101, 0.00428361818194, -0.00909881666303, 0.0146372420713]]
    },
    "melbands": {
        "dmean": [0.00370984221809, 0.00328542315401, 0.00132108153775, 0.000809265417047, 0.0005116717075, 0.000204332653084, 0.000122794168419, 0.000113560134196, 0.000104617109173, 9.61097175605e-05, 3.82495709346e-05, 6.95759517839e-05, 4.24217687396e-05, 6.17137411609e-05, 5.75104713789e-05, 3.37952442351e-05, 1.70009279827e-05, 1.53207729454e-05, 1.48336930579e-05, 1.00891893453e-05, 9.25089534576e-06, 9.2637119451e-06, 7.44974113331e-06, 5.429439625e-06, 5.77551145398e-06, 7.89151908975e-06, 7.42509655538e-06, 6.57816599414e-06, 6.85529630573e-06, 6.90229853717e-06, 8.00270936452e-06, 5.84199005971e-06, 5.40963674212e-06, 4.85791042593e-06, 5.06967944602e-06, 5.87295471632e-06, 9.55041923589e-06, 5.36910283699e-06, 2.90649336421e-06, 3.6176395497e-06],
        "dmean2": [0.00594768999144, 0.00529750902206, 0.00217349245213, 0.00134472048376, 0.000864592846483, 0.000331298040692, 0.00018928933423, 0.000172294297954, 0.000161427582498, 0.000140682808706, 5.98773585807e-05, 0.000101482299215, 6.44894171273e-05, 9.6491057775e-05, 9.11216629902e-05, 5.27607080585e-05, 2.76500104519e-05, 2.5523475415e-05, 2.2836637072e-05, 1.60367908393e-05, 1.5017433725e-05, 1.47157097672e-05, 1.18261805255e-05, 8.91594845598e-06, 9.52008758759e-06, 1.30080525196e-05, 1.18452962852e-05, 1.03850070445e-05, 1.11907611426e-05, 1.12297875603e-05, 1.2727831745e-05, 9.51244328462e-06, 8.78592254594e-06, 8.34200909594e-06, 8.41496694193e-06, 9.62639296631e-06, 1.61578882398e-05, 8.41612018121e-06, 4.66149504064e-06, 6.04997603659e-06],
        "dvar": [2.63459187408e-05, 2.66996612481e-05, 8.29490636534e-06, 2.8254287372e-06, 1.13491000775e-06, 1.15802585299e-07, 7.00136553178e-08, 7.09948082545e-08, 5.39484581452e-08, 8.2475260399e-08, 1.20596492792e-08, 3.80648259579e-08, 1.06370547925e-08, 1.75887553411e-08, 1.9161413789e-08, 7.67408803171e-09, 2.19576667959e-09, 1.7726198287e-09, 1.6253089985e-09, 9.08325692439e-10, 4.49841192074e-10, 4.69584260365e-10, 2.96469765404e-10, 2.00937100292e-10, 3.90575904952e-10, 5.05973318798e-10, 2.00385139038e-10, 1.48356479879e-10, 1.61212182492e-10, 1.60273905259e-10, 1.99390046141e-10, 1.02961986159e-10, 8.23348264567e-11, 7.48575368359e-11, 7.15867642942e-11, 1.18588611153e-10, 3.68594293976e-10, 7.00138835796e-11, 1.9516246258e-11, 3.58914009624e-11],
        "dvar2": [7.83461073297e-05, 6.7558932642e-05, 2.14583578781e-05, 7.29913517716e-06, 3.1024699183e-06, 2.88476684318e-07, 1.39453703696e-07, 1.43164612609e-07, 1.17312751513e-07, 1.63051169011e-07, 2.32098589237e-08, 7.12728507324e-08, 2.0508702292e-08, 3.77584754574e-08, 4.62180196337e-08, 1.69672684791e-08, 5.43084111015e-09, 3.79553855012e-09, 2.971061841e-09, 2.14412687605e-09, 1.0595216926e-09, 1.09874931375e-09, 7.05354608055e-10, 5.01585606383e-10, 1.00219854637e-09, 1.29923594105e-09, 4.70765149085e-10, 3.49911016828e-10, 4.0433342785e-10, 3.90452753463e-10, 4.59283028276e-10, 2.56303200885e-10, 1.95337690467e-10, 1.95942456704e-10, 1.85066420522e-10, 3.00925673269e-10, 9.98622406989e-10, 1.75494188626e-10, 4.77144886102e-11, 9.27517229687e-11],
        "max": [0.0590071305633, 0.0617312267423, 0.0346968173981, 0.0244268104434, 0.0164826158434, 0.00532701890916, 0.0089603010565, 0.00758375041187, 0.00884510856122, 0.00735948886722, 0.00413269316778, 0.00459182402119, 0.00346762640402, 0.00325146433897, 0.00387891940773, 0.00235126400366, 0.00165776966605, 0.00167486816645, 0.00195178936701, 0.00205259677023, 0.000485097436467, 0.000637260905933, 0.000537656771485, 0.000303622393403, 0.000876485020854, 0.000595745921601, 0.000310594186885, 0.000230455072597, 0.000212202503462, 0.00024912355002, 0.000186900302651, 0.000211616032175, 0.00011628564971, 0.000114597452921, 0.000115737588203, 0.000113846370368, 0.000155462243129, 0.000100059434772, 6.43548555672e-05, 6.61547092022e-05],
        "mean": [0.00944222975522, 0.00848481338471, 0.00262718414888, 0.001219137921, 0.00090148037998, 0.000444387522293, 0.00023510470055, 0.00021728327556, 0.000190568505786, 0.000196120003238, 6.42194208922e-05, 0.000124912636238, 7.44614881114e-05, 0.000139006195241, 0.000127150953631, 5.84730078117e-05, 2.32849470194e-05, 2.06937693292e-05, 2.18477689486e-05, 1.17229019452e-05, 1.11813515105e-05, 1.0809865671e-05, 8.81577034306e-06, 7.0510104706e-06, 6.57772397972e-06, 8.79689741851e-06, 8.5826313807e-06, 7.84540043242e-06, 7.75005173637e-06, 7.52985079089e-06, 8.89537113835e-06, 7.23480479792e-06, 6.32756746199e-06, 5.62197601539e-06, 6.19951151748e-06, 6.28735097052e-06, 8.88183240022e-06, 7.16804379408e-06, 4.38974802819e-06, 4.57879332316e-06],
        "median": [0.00828852690756, 0.00783702451736, 0.00154363876209, 0.000685462669935, 0.000551780627575, 0.000315418234095, 0.000113496324047, 7.56128356443e-05, 6.78825890645e-05, 5.13733830303e-05, 1.46057709571e-05, 2.34957133216e-05, 1.69828308572e-05, 2.96075504593e-05, 2.4174558348e-05, 1.22850078697e-05, 5.09857045472e-06, 7.02769511918e-06, 6.12581015957e-06, 3.76390403289e-06, 3.16457339977e-06, 3.29096815221e-06, 3.33838397637e-06, 3.15044917443e-06, 2.44042121267e-06, 2.91477954306e-06, 2.86010867967e-06, 2.88388537228e-06, 2.84761563307e-06, 2.5451968213e-06, 2.95476229439e-06, 2.98100144391e-06, 2.45086198447e-06, 2.39982887251e-06, 2.25554958888e-06, 2.14436113311e-06, 2.94964888781e-06, 2.24202676691e-06, 1.23763720694e-06, 1.37197605454e-06],
        "min": [4.98928785965e-25, 1.63370963547e-24, 1.91835372425e-24, 1.9860157046e-24, 1.2851993678e-24, 1.46321233916e-24, 2.39152097546e-24, 2.27764417063e-24, 2.30580926596e-24, 1.60479255848e-24, 2.46683096228e-24, 2.45048122838e-24, 1.77792800287e-24, 1.89986913552e-24, 3.78934818406e-24, 3.00653882806e-24, 2.9606947682e-24, 2.00801210487e-24, 3.25954860847e-24, 2.02029230258e-24, 4.43843279764e-24, 3.05657154211e-24, 3.38622053997e-24, 3.54273685445e-24, 4.17094663076e-24, 4.91864556281e-24, 3.55888128731e-24, 5.09868215961e-24, 5.32414018404e-24, 4.12764171694e-24, 5.15669499058e-24, 5.14199022887e-24, 5.0186849585e-24, 6.06420215367e-24, 5.85587621594e-24, 5.92351038894e-24, 5.7625066392e-24, 5.73190278038e-24, 6.20271114027e-24, 5.8839135158e-24],
        "var": [4.15340546169e-05, 3.52214738086e-05, 1.02265012174e-05, 2.77075673694e-06, 1.29441821173e-06, 2.26982294294e-07, 1.60573222274e-07, 2.1714421905e-07, 1.48896063479e-07, 2.89123960329e-07, 4.13164293889e-08, 1.08577282276e-07, 3.48953719254e-08, 7.67604859675e-08, 7.22539894582e-08, 2.34107506714e-08, 4.16649204027e-09, 3.54503071343e-09, 5.10312636592e-09, 1.38342270972e-09, 7.06525504768e-10, 6.16161732747e-10, 3.60927399079e-10, 2.1915702586e-10, 3.54277301939e-10, 4.82890172293e-10, 2.50378606736e-10, 1.79317269366e-10, 1.71729963583e-10, 1.66700153681e-10, 2.32903113462e-10, 1.17636289598e-10, 9.68044602812e-11, 7.1574614291e-11, 8.11153991198e-11, 1.10142055199e-10, 2.79648526558e-10, 9.9302760459e-11, 3.54737836328e-11, 4.17572504352e-11]
    },
    "mfcc": {
        "mean": [-639.654174805, 110.034255981, 52.6088180542, 27.588804245, 12.9257240295, 17.5789222717, 10.2019309998, 5.26593112946, 0.14423148334, 1.84972679615, 1.9695943594, 6.19266939163, 2.86733150482],
        "cov": [[12263.1240234, -844.79119873, -126.315589905, -51.5181808472, 107.606941223, 286.215087891, 272.8019104, 60.4543991089, -160.302963257, -211.969558716, -104.263046265, 172.35899353, 60.7393836975], [-844.79119873, 2129.26147461, 68.5914611816, 26.8661117554, -195.374588013, -45.6100387573, -4.31902551651, 73.6327972412, 16.669927597, 92.4101638794, 95.6499252319, -16.9902534485, -44.0415267944], [-126.315589905, 68.5914611816, 778.320617676, 149.338363647, 66.3985214233, -14.7841129303, -10.1065177917, 42.9916877747, 42.0403862, 36.6960525513, 47.9633598328, 37.986415863, 8.36140346527], [-51.5181808472, 26.8661117554, 149.338363647, 300.486938477, 57.8540077209, -18.9927482605, -30.4473228455, -15.6862649918, 21.8436126709, -4.83201742172, 12.8351678848, 25.6888580322, 6.48117256165], [107.606941223, -195.374588013, 66.3985214233, 57.8540077209, 169.624267578, 55.4995040894, 8.60212421417, -37.2138938904, -19.9784221649, -14.7063236237, -12.532324791, 5.42783737183, 6.99399709702], [286.215087891, -45.6100387573, -14.7841129303, -18.9927482605, 55.4995040894, 141.688095093, 72.3530883789, -5.03229093552, -56.4766654968, -38.9173126221, -5.75154590607, 23.2784996033, 20.697933197], [272.8019104, -4.31902551651, -10.1065177917, -30.4473228455, 8.60212421417, 72.3530883789, 133.882324219, 40.2621955872, -46.4533424377, -72.0334243774, -19.9379081726, 28.3178749084, 36.6634674072], [60.4543991089, 73.6327972412, 42.9916877747, -15.6862649918, -37.2138938904, -5.03229093552, 40.2621955872, 109.380340576, 30.8315677643, -15.5717811584, -25.6054592133, -9.36166572571, 5.83377695084], [-160.302963257, 16.669927597, 42.0403862, 21.8436126709, -19.9784221649, -56.4766654968, -46.4533424377, 30.8315677643, 123.018737793, 66.3489685059, -20.5469398499, -55.0692214966, -28.9739513397], [-211.969558716, 92.4101638794, 36.6960525513, -4.83201742172, -14.7063236237, -38.9173126221, -72.0334243774, -15.5717811584, 66.3489685059, 145.48789978, 49.3617553711, -51.4576721191, -62.9639434814], [-104.263046265, 95.6499252319, 47.9633598328, 12.8351678848, -12.532324791, -5.75154590607, -19.9379081726, -25.6054592133, -20.5469398499, 49.3617553711, 120.053596497, 49.5518341064, -23.5693073273], [172.35899353, -16.9902534485, 37.986415863, 25.6888580322, 5.42783737183, 23.2784996033, 28.3178749084, -9.36166572571, -55.0692214966, -51.4576721191, 49.5518341064, 143.596572876, 66.5983810425], [60.7393836975, -44.0415267944, 8.36140346527, 6.48117256165, 6.99399709702, 20.697933197, 36.6634674072, 5.83377695084, -28.9739513397, -62.9639434814, -23.5693073273, 66.5983810425, 131.559921265]],
