{
"lowlevel": {
    "average_loudness": 0.923894405365,
    "barkbands_crest": {
        "dmean": 2.8051636219,
        "dmean2": 4.60133838654,
        "dvar": 7.44345808029,
        "dvar2": 19.2175579071,
        "max": 25.8024024963,
        "mean": 9.32315158844,
        "median": 8.52990055084,
        "min": 2.43549561501,
        "var": 15.1225690842
    },
    "barkbands_flatness_db": {
        "dmean": 0.0245021320879,
        "dmean2": 0.0398388057947,
        "dvar": 0.000672497844789,
        "dvar2": 0.00168435252272,
        "max": 0.409869462252,
        "mean": 0.123800992966,
        "median": 0.114586673677,
        "min": 0.0295981429517,
        "var": 0.0026349243708
    },
    "barkbands_kurtosis": {
        "dmean": 2.57326674461,
        "dmean2": 4.30511379242,
        "dvar": 29.301399231,
        "dvar2": 75.1966247559,
        "max": 116.401664734,
        "mean": 2.66536545753,
        "median": 0.908939599991,
        "min": -1.82534635067,
        "var": 38.727848053
    },
    "barkbands_skewness": {
        "dmean": 0.552636921406,
        "dmean2": 0.883793771267,
        "dvar": 0.443404197693,
        "dvar2": 1.11215794086,
        "max": 10.2962341309,
        "mean": 1.40718710423,
        "median": 1.23381185532,
        "min": -2.9929959774,
        "var": 0.988125264645
    },
    "barkbands_spread": {
        "dmean": 5.512342453,
        "dmean2": 9.05098342896,
        "dvar": 40.4032936096,
        "dvar2": 105.832763672,
        "max": 90.2943878174,
        "mean": 22.6403369904,
        "median": 22.3678131104,
        "min": 1.36779725552,
        "var": 89.834526062
    },
    "dissonance": {
        "dmean": 0.0142290564254,
        "dmean2": 0.0243004411459,
        "dvar": 0.000241771893343,
        "dvar2": 0.000681587262079,
        "max": 0.500000238419,
        "mean": 0.476222813129,
        "median": 0.481586128473,
        "min": 0.236635819077,
        "var": 0.000439802737674
    },
    "dynamic_complexity": 4.76174640656,
    "erbbands_crest": {
        "dmean": 1.97080612183,
        "dmean2": 3.19968605042,
        "dvar": 4.42923545837,
        "dvar2": 10.8601636887,
        "max": 29.8694667816,
        "mean": 6.8462471962,
        "median": 5.93077468872,
        "min": 2.29211544991,
        "var": 11.607588768
    },
    "erbbands_flatness_db": {
        "dmean": 0.0138436034322,
        "dmean2": 0.0207406245172,
        "dvar": 0.000270466436632,
        "dvar2": 0.00051643390907,
        "max": 0.403042674065,
        "mean": 0.154193475842,
        "median": 0.142040163279,
        "min": 0.058153335005,
        "var": 0.00197608699091
    },
    "erbbands_kurtosis": {
        "dmean": 0.528445780277,
        "dmean2": 0.837270319462,
        "dvar": 0.665472924709,
        "dvar2": 1.56940424442,
        "max": 22.2167873383,
        "mean": -0.126472681761,
        "median": -0.390047550201,
        "min": -1.74546861649,
        "var": 1.46657931805
    },
    "erbbands_skewness": {
        "dmean": 0.259093821049,
        "dmean2": 0.406529933214,
        "dvar": 0.0697233602405,
        "dvar2": 0.170869499445,
        "max": 3.07409191132,
        "mean": 0.124616250396,
        "median": 0.0936604365706,
        "min": -2.59511852264,
        "var": 0.236045822501
    },
    "erbbands_spread": {
        "dmean": 6.82174730301,
        "dmean2": 10.2646150589,
        "dvar": 50.625541687,
        "dvar2": 112.550376892,
        "max": 126.756362915,
        "mean": 38.5377235413,
        "median": 37.6653327942,
        "min": 2.87882065773,
        "var": 203.722335815
    },
    "hfc": {
        "dmean": 7.20354652405,
        "dmean2": 11.2624559402,
        "dvar": 108.110710144,
        "dvar2": 275.497558594,
        "max": 83.8555755615,
        "mean": 19.2822704315,
        "median": 18.4646930695,
        "min": 1.15865769204e-16,
        "var": 201.396179199
    },
    "melbands_crest": {
        "dmean": 3.62140774727,
        "dmean2": 5.95160913467,
        "dvar": 12.026591301,
        "dvar2": 30.8698654175,
        "max": 34.9691886902,
        "mean": 13.8585920334,
        "median": 13.0265779495,
        "min": 2.10655164719,
        "var": 26.5557613373
    },
    "melbands_flatness_db": {
        "dmean": 0.0308677889407,
        "dmean2": 0.0500212609768,
        "dvar": 0.00109377969056,
        "dvar2": 0.00271803513169,
        "max": 0.555988073349,
        "mean": 0.188487008214,
        "median": 0.178614869714,
        "min": 0.0088719278574,
        "var": 0.0041065569967
    },
    "melbands_kurtosis": {
        "dmean": 7.00575113297,
        "dmean2": 11.6013879776,
        "dvar": 243.058135986,
        "dvar2": 611.488830566,
        "max": 439.818847656,
        "mean": 10.7336425781,
        "median": 6.14440059662,
        "min": -1.75643062592,
        "var": 317.584991455
    },
    "melbands_skewness": {
        "dmean": 0.777442216873,
        "dmean2": 1.23653697968,
        "dvar": 0.938055872917,
        "dvar2": 2.28312301636,
        "max": 18.1581478119,
        "mean": 2.52529001236,
        "median": 2.26807713509,
        "min": -1.25607979298,
        "var": 2.18800759315
    },
    "melbands_spread": {
        "dmean": 7.06470727921,
        "dmean2": 11.3723802567,
        "dvar": 70.082611084,
        "dvar2": 163.153045654,
        "max": 196.380874634,
        "mean": 23.4102363586,
        "median": 22.2470169067,
        "min": 1.06136453152,
        "var": 167.102828979
    },
    "pitch_salience": {
        "dmean": 0.0874851047993,
        "dmean2": 0.145408958197,
        "dvar": 0.0079340795055,
        "dvar2": 0.0217337515205,
        "max": 0.933448135853,
        "mean": 0.56529122591,
        "median": 0.577489376068,
        "min": 0.0920033678412,
        "var": 0.0137946447358
    },
    "silence_rate_20dB": {
        "dmean": 0,
        "dmean2": 0,
        "dvar": 0,
        "dvar2": 0,
        "max": 1,
        "mean": 1,
        "median": 1,
        "min": 1,
        "var": 0
    },
    "silence_rate_30dB": {
        "dmean": 0.0112125165761,
        "dmean2": 0.022427957505,
        "dvar": 0.0110856303945,
        "dvar2": 0.0300098452717,
        "max": 1,
        "mean": 0.99283015728,
        "median": 1,
        "min": 0,
        "var": 0.00711742136627
    },
    "silence_rate_60dB": {
        "dmean": 0.0185136888176,
        "dmean2": 0.0370322093368,
        "dvar": 0.0181695651263,
        "dvar2": 0.0398352220654,
        "max": 1,
        "mean": 0.133489772677,
        "median": 0,
        "min": 0,
        "var": 0.115673899651
    },
    "spectral_centroid": {
        "dmean": 279.746002197,
        "dmean2": 453.452972412,
        "dvar": 108483.625,
        "dvar2": 262776.8125,
        "max": 10679.7177734,
        "mean": 1357.56274414,
        "median": 1337.33996582,
        "min": 219.771896362,
        "var": 263146.34375
    },
    "spectral_complexity": {
        "dmean": 4.82112121582,
        "dmean2": 7.66305923462,
        "dvar": 33.3412895203,
        "dvar2": 76.6347885132,
        "max": 56,
        "mean": 23.0710468292,
        "median": 25,
        "min": 0,
        "var": 145.629470825
    },
    "spectral_decrease": {
        "dmean": 3.46464101852e-09,
        "dmean2": 5.68845370807e-09,
        "dvar": 2.95673757811e-17,
        "dvar2": 7.44479889003e-17,
        "max": -6.54031214176e-30,
        "mean": -7.49338990857e-09,
        "median": -6.45712239233e-09,
        "min": -4.34472617883e-08,
        "var": 4.27017664462e-17
    },
    "spectral_energy": {
        "dmean": 0.0135653549805,
        "dmean2": 0.0221854355186,
        "dvar": 0.00044139297097,
        "dvar2": 0.00110384263098,
        "max": 0.168134480715,
        "mean": 0.0300307013094,
        "median": 0.0262269228697,
        "min": 1.05340594747e-20,
        "var": 0.000654595438391
    },
    "spectral_energyband_high": {
        "dmean": 0.000381318561267,
        "dmean2": 0.000632259470876,
        "dvar": 4.12464942201e-07,
        "dvar2": 1.10227574623e-06,
        "max": 0.00552995642647,
        "mean": 0.000771833176259,
        "median": 0.000582304841373,
        "min": 7.72445974485e-21,
        "var": 5.96810480147e-07
    },
    "spectral_energyband_low": {
        "dmean": 0.00756926415488,
        "dmean2": 0.0125901298597,
        "dvar": 0.000236728330492,
        "dvar2": 0.000638813828118,
        "max": 0.151198685169,
        "mean": 0.0119257606566,
        "median": 0.00658590206876,
        "min": 9.80149829753e-23,
        "var": 0.000290210533421
    },
    "spectral_energyband_middle_high": {
        "dmean": 0.00214213738218,
        "dmean2": 0.00335239362903,
        "dvar": 9.6036492323e-06,
        "dvar2": 2.3392132789e-05,
        "max": 0.0490829236805,
        "mean": 0.00580195058137,
        "median": 0.00528237270191,
        "min": 1.50979182407e-21,
        "var": 2.16274474951e-05
    },
    "spectral_energyband_middle_low": {
        "dmean": 0.00921929068863,
        "dmean2": 0.0156048452482,
        "dvar": 0.000296905724099,
        "dvar2": 0.000774051994085,
        "max": 0.133981108665,
        "mean": 0.0138717470691,
        "median": 0.00985581800342,
        "min": 2.37412069182e-22,
        "var": 0.000272518285783
    },
    "spectral_entropy": {
        "dmean": 0.158990234137,
        "dmean2": 0.259289890528,
        "dvar": 0.0322081111372,
        "dvar2": 0.080846875906,
        "max": 9.80924987793,
        "mean": 7.61980104446,
        "median": 7.67245960236,
        "min": 4.85563087463,
        "var": 0.150079444051
    },
    "spectral_flux": {
        "dmean": 0.0353206284344,
        "dmean2": 0.0531279481947,
        "dvar": 0.00201300089248,
        "dvar2": 0.0041700033471,
        "max": 0.364011704922,
        "mean": 0.0884090214968,
        "median": 0.0725453868508,
        "min": 1.02635566712e-10,
        "var": 0.00441129272804
    },
    "spectral_kurtosis": {
        "dmean": 1.96100914478,
        "dmean2": 3.41448521614,
        "dvar": 16.7506637573,
        "dvar2": 47.110042572,
        "max": 130.192443848,
        "mean": 4.88374423981,
        "median": 3.235060215,
        "min": -1.14935588837,
        "var": 59.1451797485
    },
    "spectral_rms": {
        "dmean": 0.00106190319639,
        "dmean2": 0.00166934018489,
        "dvar": 1.93980713448e-06,
        "dvar2": 4.50491097581e-06,
        "max": 0.012807562016,
        "mean": 0.00482461182401,
        "median": 0.00505838310346,
        "min": 3.20579652234e-12,
        "var": 6.02136333328e-06
    },
    "spectral_rolloff": {
        "dmean": 452.238433838,
        "dmean2": 761.998779297,
        "dvar": 354331.25,
        "dvar2": 848103.4375,
        "max": 18475.4882812,
        "mean": 1302.26452637,
        "median": 1205.859375,
        "min": 43.06640625,
        "var": 743452.5
    },
    "spectral_skewness": {
        "dmean": 0.212965458632,
        "dmean2": 0.361213833094,
        "dvar": 0.08187866956,
        "dvar2": 0.229244157672,
        "max": 9.03639507294,
        "mean": 1.46242284775,
        "median": 1.33083188534,
        "min": 0.0229856818914,
        "var": 0.392403006554
    },
    "spectral_spread": {
        "dmean": 352006.84375,
        "dmean2": 518438.9375,
        "dvar": 334744879104,
        "dvar2": 424380989440,
        "max": 39559672,
        "mean": 3936996.75,
        "median": 3983474.25,
        "min": 666156.4375,
        "var": 1.18081860403e+12
    },
    "spectral_strongpeak": {
        "dmean": 0.345276236534,
        "dmean2": 0.583647489548,
        "dvar": 0.300000905991,
        "dvar2": 0.711438000202,
        "max": 7.24810886383,
        "mean": 0.573874056339,
        "median": 0.366731137037,
        "min": 0,
        "var": 0.454560309649
    },
    "zerocrossingrate": {
        "dmean": 0.00835298374295,
        "dmean2": 0.00995784346014,
        "dvar": 0.000130269821966,
        "dvar2": 0.000172359490534,
        "max": 0.8408203125,
        "mean": 0.0525198020041,
        "median": 0.05029296875,
        "min": 0.00390625,
        "var": 0.000623046129476
    },
    "barkbands": {
        "dmean": [7.48457459849e-05, 0.00305116502568, 0.00377670163289, 0.00444510905072, 0.00413771998137, 0.00113881751895, 0.000519635505043, 0.000593478500377, 0.000551882665604, 0.000549076707102, 0.000443403579993, 0.000467714940896, 0.00043050624663, 0.00028885199572, 0.000240085486439, 0.000233607759583, 0.00026336821611, 0.000199316535145, 0.000164448574651, 0.000151524785906, 0.000136294052936, 8.32210062072e-05, 6.28685302217e-05, 4.33154345956e-05, 2.46362506005e-05, 8.08366621641e-06, 7.93315052761e-07],
        "dmean2": [0.000122193581774, 0.00474340002984, 0.00601041782647, 0.00778064131737, 0.00721766706556, 0.00189149694052, 0.000865014444571, 0.000951212539803, 0.000904696702491, 0.000851087097544, 0.000682626268826, 0.000749932718463, 0.000684701954015, 0.000462731608422, 0.000382401573006, 0.000382309954148, 0.00043458872824, 0.000337893230608, 0.00027216487797, 0.000255013408605, 0.000225678944844, 0.000138887902722, 0.000104644153907, 7.39747483749e-05, 4.12726258219e-05, 1.32063933052e-05, 1.33856224238e-06],
        "dvar": [1.83997865832e-08, 3.51681701432e-05, 8.31194338389e-05, 0.000122193087009, 9.45425927057e-05, 3.29368708663e-06, 1.0427536381e-06, 1.05834089936e-06, 9.28159181512e-07, 1.24503389998e-06, 4.38523869661e-07, 8.11410529877e-07, 7.46095395243e-07, 1.90970212088e-07, 1.31951196636e-07, 1.19240823437e-07, 1.53021971983e-07, 9.13217874654e-08, 6.18392022034e-08, 5.68300642101e-08, 4.49996910845e-08, 1.76723027323e-08, 1.3106114416e-08, 7.23618942544e-09, 2.29955254838e-09, 2.092958723e-10, 3.50955028927e-12],
        "dvar2": [5.2420819685e-08, 9.32511829888e-05, 0.000209038553294, 0.000325921719195, 0.000254733400652, 8.76585090737e-06, 2.76741820926e-06, 2.6804261779e-06, 2.48420224125e-06, 2.9042892038e-06, 1.01619275483e-06, 1.87630382698e-06, 1.61857258263e-06, 4.70406433806e-07, 2.98976488011e-07, 3.10063057896e-07, 3.85516358392e-07, 2.45367687057e-07, 1.61182626357e-07, 1.49880619915e-07, 1.18912311109e-07, 4.7044050433e-08, 3.40788552933e-08, 1.95557916527e-08, 5.99883698271e-09, 5.26193755235e-10, 9.06389893696e-12],
        "max": [0.00414522178471, 0.0903310105205, 0.0965661406517, 0.106697306037, 0.117750510573, 0.0232366677374, 0.0189048852772, 0.022357750684, 0.0141648743302, 0.0252452176064, 0.0114967124537, 0.0228928029537, 0.0216061975807, 0.00780114345253, 0.0070526227355, 0.00452849920839, 0.00511908018962, 0.00362716685049, 0.00437433738261, 0.00327782612294, 0.00223006890155, 0.00163886277005, 0.00101514649577, 0.000802248541731, 0.000445138517534, 0.000180710703717, 3.07812952087e-05],
        "mean": [0.000107067702629, 0.00530455214903, 0.00438351603225, 0.00380087294616, 0.0046220337972, 0.00221604667604, 0.00074118131306, 0.00111595226917, 0.000917266414035, 0.000964139646385, 0.000842273992021, 0.000843267596792, 0.00071732851211, 0.000527460942976, 0.000449897372164, 0.000426003913162, 0.000481741328258, 0.000350920396158, 0.000316098623443, 0.000279147265246, 0.000263283931417, 0.000155873407493, 9.86356462818e-05, 6.01680767431e-05, 3.37400306307e-05, 1.14128843052e-05, 8.06860327884e-07],
        "median": [5.65544178244e-05, 0.00315071223304, 0.00106069259346, 0.000826471485198, 0.00207606237382, 0.00119891401846, 0.000412652327213, 0.000657670374494, 0.000533013022505, 0.000448178470833, 0.000515210151207, 0.000480964255985, 0.000414090609411, 0.000339965219609, 0.000283208413748, 0.000259291846305, 0.000304128188873, 0.000238148408243, 0.000221106805839, 0.000191071390873, 0.000188782898476, 0.000116172581329, 5.81301319471e-05, 2.87130333163e-05, 1.27729481392e-05, 5.01831846123e-06, 1.80933099614e-07],
        "min": [8.5409047241e-24, 6.90832820844e-23, 1.70438620832e-23, 1.34658493412e-23, 1.68152707033e-23, 8.6826038642e-24, 1.1498383543e-22, 4.45869390113e-23, 2.80093236998e-23, 3.36980426565e-23, 3.83872117374e-23, 1.10288838245e-22, 1.44592170719e-22, 1.34859495171e-22, 1.93418079048e-22, 1.38743757916e-22, 2.49885537815e-22, 2.18701273009e-22, 1.79176716328e-22, 1.46053355685e-22, 5.6087980069e-22, 4.97087938811e-22, 6.68989338109e-22, 7.70105907593e-22, 1.30365138762e-21, 1.87776602762e-21, 2.16113799142e-21],
        "var": [2.7082975862e-08, 5.00803544128e-05, 8.69634895935e-05, 9.16391873034e-05, 7.81903436291e-05, 7.13716008249e-06, 1.13885516839e-06, 2.09906511373e-06, 1.36430423936e-06, 2.19806770474e-06, 1.01708349121e-06, 1.64644143297e-06, 1.33345940867e-06, 3.76884344178e-07, 3.14151179737e-07, 2.48465312325e-07, 3.18921678399e-07, 1.4761550915e-07, 1.17789873855e-07, 9.44085911669e-08, 7.49736770445e-08, 2.67070721094e-08, 1.60320983156e-08, 7.44012673692e-09, 2.59979060502e-09, 3.05739600304e-10, 3.76920239811e-12]
    },
    "erbbands": {
        "dmean": [0.059379465878, 0.782889127731, 3.0435230732, 11.2899990082, 16.906539917, 11.2221889496, 8.85035991669, 8.78017520905, 5.77000379562, 12.0674724579, 11.2095947266, 12.7717132568, 18.1028327942, 15.5772953033, 15.602350235, 19.9855480194, 19.813949585, 15.6923189163, 12.0032911301, 11.317858696, 11.8643732071, 13.9424219131, 10.1951770782, 11.5262098312, 6.63527584076, 7.34603738785, 6.15955638885, 4.56186342239, 3.34601736069, 1.96903836727, 1.744997859, 1.14950537682, 0.621326625347, 0.298522561789, 0.168660283089, 0.0512748770416, 0.0116211818531, 0.00221085408702, 0.000108053005533, 1.68185542861e-05],
        "dmean2": [0.0862227603793, 1.23498940468, 4.82215213776, 19.3841838837, 29.7100753784, 19.6424884796, 14.5991630554, 14.5912084579, 9.63098430634, 19.734292984, 18.2008152008, 20.5813293457, 28.5213832855, 24.1165504456, 24.1844825745, 31.8033924103, 31.4010486603, 24.9333820343, 18.9213504791, 18.2327060699, 19.7620830536, 22.7389297485, 17.1480464935, 19.2761001587, 11.0470256805, 12.3496713638, 10.2883911133, 7.59341287613, 5.6356511116, 3.2154314518, 2.90673780441, 1.95240318775, 1.05937671661, 0.498559832573, 0.282563149929, 0.0849250927567, 0.0185034368187, 0.00355879403651, 0.000181348237675, 2.70065265795e-05],
        "dvar": [0.0100671779364, 2.50814723969, 42.9759178162, 846.763183594, 1578.26074219, 542.949768066, 194.616363525, 209.632446289, 132.393966675, 518.179992676, 367.485076904, 501.865905762, 1196.96252441, 655.52911377, 559.905151367, 1787.57800293, 1722.06103516, 534.395141602, 330.194152832, 259.977844238, 276.981140137, 503.835571289, 228.717895508, 337.927978516, 104.332260132, 135.649307251, 93.9725341797, 50.7012290955, 29.3210716248, 10.0385551453, 10.2812242508, 4.93542814255, 1.51211905479, 0.332502990961, 0.109996192157, 0.00914085749537, 0.000449523940915, 1.86793931789e-05, 7.38332488481e-08, 6.11972306164e-10],
        "dvar2": [0.0264621730894, 6.63888549805, 104.110862732, 2176.16210938, 4284.25878906, 1487.08911133, 520.595275879, 543.183044434, 343.240875244, 1344.81506348, 973.734191895, 1319.07836914, 2757.93432617, 1539.49890137, 1301.92468262, 4028.81152344, 3779.01977539, 1289.65258789, 784.072692871, 606.539367676, 735.134643555, 1217.93115234, 593.524658203, 871.103759766, 278.191680908, 361.54284668, 248.537521362, 134.406417847, 78.9372787476, 25.6495018005, 26.7202091217, 13.1027545929, 4.10296964645, 0.878643631935, 0.287791669369, 0.0234759747982, 0.00110701867379, 4.62444695586e-05, 1.92712832359e-07, 1.4815714211e-09],
        "max": [2.25862503052, 20.9795341492, 75.1901855469, 259.532653809, 406.892913818, 271.939025879, 194.436462402, 177.098220825, 318.39239502, 494.316833496, 437.557678223, 333.402282715, 665.172729492, 528.838928223, 513.323608398, 1163.64440918, 951.77331543, 354.154907227, 318.336486816, 298.993530273, 183.742141724, 327.800476074, 184.347213745, 459.618774414, 146.509094238, 157.780166626, 106.009841919, 79.7350997925, 67.063117981, 31.260225296, 28.132938385, 19.1770343781, 12.3827409744, 5.43892335892, 2.90127801895, 0.904593884945, 0.287392407656, 0.0774741470814, 0.00444848556072, 0.000192494233488],
        "mean": [0.127496555448, 1.29576778412, 4.43703222275, 10.3434295654, 15.7826042175, 13.2901554108, 17.0060844421, 16.7591075897, 9.33012485504, 19.9660491943, 20.8705253601, 22.2078495026, 32.2574310303, 29.675447464, 29.8459453583, 37.363067627, 34.2197952271, 30.6253929138, 23.9316425323, 23.4980392456, 23.0742263794, 26.5939044952, 19.061662674, 20.6513328552, 12.8493595123, 13.4269475937, 11.5809020996, 8.92618179321, 6.02814483643, 3.68055009842, 2.67802834511, 1.62017607689, 0.843236088753, 0.424917697906, 0.21622736752, 0.0702710971236, 0.0166388284415, 0.00279209646396, 0.000123234465718, 3.83221304219e-05],
        "median": [0.0607170052826, 0.7369363904, 1.32372045517, 2.64984250069, 4.44174385071, 6.48421144485, 9.48103237152, 8.52165031433, 5.97275972366, 11.9272098541, 13.1688814163, 13.1852903366, 16.1652965546, 17.1296615601, 19.954410553, 21.3324737549, 21.1860179901, 21.6944313049, 17.0167121887, 16.616645813, 16.7985610962, 16.8577899933, 13.5919389725, 12.6668663025, 9.38819980621, 9.08022880554, 8.38987350464, 6.33209848404, 4.36796569824, 2.50771737099, 1.55145323277, 0.827678442001, 0.35692808032, 0.166193127632, 0.0819350406528, 0.0295718219131, 0.00720615452155, 0.00106279645115, 4.53927314084e-05, 3.41055965691e-05],
        "min": [1.95441493386e-21, 1.51848695441e-20, 2.67726973425e-20, 2.46946322357e-20, 6.91122326485e-20, 4.85821203705e-20, 4.42051006215e-20, 1.05771617239e-19, 1.26738731619e-18, 1.27329080083e-18, 1.13977661213e-18, 5.49836827633e-19, 1.07106240846e-18, 1.17882501712e-18, 2.33820984227e-18, 4.48530704864e-18, 6.1975932505e-18, 6.64441967379e-18, 7.93567549336e-18, 9.7082788783e-18, 1.16431056163e-17, 1.19551719101e-17, 1.04580916338e-17, 1.0606594542e-17, 9.20752937806e-18, 7.17530874042e-18, 1.5706179562e-17, 2.59871478384e-17, 1.64455003586e-17, 1.82220212709e-17, 1.90864448634e-17, 1.49870518985e-17, 1.4326665639e-17, 1.30850030195e-17, 1.02369970094e-17, 7.24905933665e-18, 3.4859864283e-18, 1.09920092155e-18, 3.25834043007e-19, 3.07316015257e-20],
        "var": [0.0271988622844, 3.35464167595, 60.2686157227, 677.108093262, 1223.1105957, 469.150085449, 447.89541626, 482.875366211, 168.670791626, 743.555725098, 618.039916992, 800.989501953, 2209.11181641, 1487.45300293, 1165.4185791, 3654.35913086, 2935.30688477, 1101.54492188, 736.485839844, 645.355957031, 524.869445801, 1098.03015137, 394.473175049, 639.174255371, 173.830627441, 222.519165039, 145.877380371, 85.8221130371, 41.7950820923, 16.4702358246, 12.4429998398, 5.21608686447, 1.55558240414, 0.392596304417, 0.11570943892, 0.0115748839453, 0.000712345005013, 2.41761881625e-05, 7.6447584263e-08, 9.81803416344e-10]
    },
    "gfcc": {
        "mean": [-21.1642246246, 108.821205139, -132.681030273, 38.8667907715, -55.5441589355, 15.2584857941, -30.069026947, 2.05008983612, -21.8411617279, 1.02493715286, -14.7759542465, 0.585384607315, -8.06862831116],
        "cov": [[21822.5957031, -2849.88110352, 578.18170166, 524.040466309, -712.218505859, 325.213317871, -679.081176758, 804.687927246, -959.595275879, 143.758529663, -620.887878418, 181.442947388, -656.701538086], [-2849.88110352, 1382.38452148, -143.41545105, -141.540847778, 253.580062866, -115.978500366, 253.558502197, -191.07774353, 277.063171387, -117.042037964, 176.390914917, -81.6105651855, 151.018859863], [578.18170166, -143.41545105, 515.523620605, 122.450714111, 67.5902175903, 102.074119568, -93.6882705688, 33.76329422, -65.1881790161, 19.2502498627, -44.9467010498, 6.10963582993, -56.3468513489], [524.040466309, -141.540847778, 122.450714111, 296.588104248, 44.2455825806, 66.0230636597, -22.9607372284, 12.6425056458, -30.7078495026, 23.8637180328, -26.8764953613, -21.6718940735, -9.83793926239], [-712.218505859, 253.580062866, 67.5902175903, 44.2455825806, 227.591384888, 49.4304695129, 84.7506103516, -28.1280231476, 59.4731826782, -17.6545314789, 31.6705360413, -5.70408201218, 10.5907173157], [325.213317871, -115.978500366, 102.074119568, 66.0230636597, 49.4304695129, 160.529876709, 20.6783370972, 42.6335487366, -25.9797897339, 18.8295536041, -17.8964042664, -2.96170353889, -20.2280845642], [-679.081176758, 253.558502197, -93.6882705688, -22.9607372284, 84.7506103516, 20.6783370972, 203.226547241, 17.9093265533, 82.3117370605, 1.55198764801, 42.3698997498, -5.40425634384, 36.5005378723], [804.687927246, -191.07774353, 33.76329422, 12.6425056458, -28.1280231476, 42.6335487366, 17.9093265533, 149.094024658, -6.27643680573, 32.9327011108, -22.7356586456, 19.7770671844, -18.2137145996], [-959.595275879, 277.063171387, -65.1881790161, -30.7078495026, 59.4731826782, -25.9797897339, 82.3117370605, -6.27643680573, 153.098709106, 21.0609512329, 67.0689620972, 7.2712597847, 51.9287071228], [143.758529663, -117.042037964, 19.2502498627, 23.8637180328, -17.6545314789, 18.8295536041, 1.55198764801, 32.9327011108, 21.0609512329, 98.2655105591, 24.058265686, 34.0385704041, 6.35654973984], [-620.887878418, 176.390914917, -44.9467010498, -26.8764953613, 31.6705360413, -17.8964042664, 42.3698997498, -22.7356586456, 67.0689620972, 24.058265686, 98.0659484863, 29.544216156, 47.0656890869], [181.442947388, -81.6105651855, 6.10963582993, -21.6718940735, -5.70408201218, -2.96170353889, -5.40425634384, 19.7770671844, 7.2712597847, 34.0385704041, 29.544216156, 83.44896698, 16.0635318756], [-656.701538086, 151.018859863, -56.3468513489, -9.83793926239, 10.5907173157, -20.2280845642, 36.5005378723, -18.2137145996, 51.9287071228, 6.35654973984, 47.0656890869, 16.0635318756, 86.7827529907]],
        "icov": [[0.000121329117974, -0.000245585397352, 0.00013024994405, -0.000267256895313, 0.00024682393996, -9.89545878838e-05, 0.000250752753345, -0.000646228087135, 0.000611892901361, -0.000194552616449, 0.00032475561602, -0.00062244432047, 0.000692673551384], [-0.000245585397352, 0.00404592417181, -0.0012127350783, 0.00159033457749, -0.00194337707944, 0.00163606845308, -0.00262869801372, 0.00349754677154, -0.00435008481145, 0.00364384613931, -0.00373282749206, 0.00482209492475, -0.00358005054295], [0.00013024994405, -0.0012127350783, 0.00338615779765, -0.0010910135461, -0.000804112292826, -0.00161369959824, 0.00262162880972, -0.00180230464321, 0.00175937311724, -0.00148763961624, 0.00144497212023, -0.00196826434694, 0.00204887171276], [-0.000267256895313, 0.00159033457749, -0.0010910135461, 0.00531254895031, -0.00212526251562, -0.000200196838705, -0.000584715628065, 0.0019575827755, -0.00136070454028, -0.000542395631783, -0.000746955687646, 0.00422945711762, -0.00355036067776], [0.00024682393996, -0.00194337707944, -0.000804112292826, -0.00212526251562, 0.00904976855963, -0.00282479077578, -0.00165539165027, 9.33880219236e-05, -0.000441664247774, 0.0012135989964, 0.000714153866284, -0.00401505222544, 0.00397087354213], [-9.89545878838e-05, 0.00163606845308, -0.00161369959824, -0.000200196838705, -0.00282479077578, 0.010051724501, -0.00268416129984, -0.000669691537041, 0.000856421538629, -0.000476372690173, -0.00133313809056, 0.00286708422936, -0.00127551832702], [0.000250752753345, -0.00262869801372, 0.00262162880972, -0.000584715628065, -0.00165539165027, -0.00268416129984, 0.0106478706002, -0.00494499783963, 0.000867805094458, -0.00218651886098, 0.00149648531806, -0.0017754661385, 0.00132583093364], [-0.000646228087135, 0.00349754677154, -0.00180230464321, 0.0019575827755, 9.33880219236e-05, -0.000669691537041, -0.00494499783963, 0.0143879475072, -0.00669571943581, 0.00121465267148, -0.000180054121302, 0.00253357226029, -0.00344650703482], [0.000611892901361, -0.00435008481145, 0.00175937311724, -0.00136070454028, -0.000441664247774, 0.000856421538629, 0.000867805094458, -0.00669571943581, 0.0191273279488, -0.00699429679662, -0.000689306529239, -0.00332591147162, 0.00172807637136], [-0.000194552616449, 0.00364384613931, -0.00148763961624, -0.000542395631783, 0.0012135989964, -0.000476372690173, -0.00218651886098, 0.00121465267148, -0.00699429679662, 0.018676623702, -0.00683440919966, -0.000754962791689, -0.00126164976973], [0.00032475561602, -0.00373282749206, 0.00144497212023, -0.000746955687646, 0.000714153866284, -0.00133313809056, 0.00149648531806, -0.000180054121302, -0.000689306529239, -0.00683440919966, 0.0241763591766, -0.00991480890661, -0.00162173085846], [-0.00062244432047, 0.00482209492475, -0.00196826434694, 0.00422945711762, -0.00401505222544, 0.00286708422936, -0.0017754661385, 0.00253357226029, -0.00332591147162, -0.000754962791689, -0.00991480890661, 0.0241533946246, -0.0085114473477], [0.000692673551384, -0.00358005054295, 0.00204887171276, -0.00355036067776, 0.00397087354213, -0.00127551832702, 0.00132583093364, -0.00344650703482, 0.00172807637136, -0.00126164976973, -0.00162173085846, -0.0085114473477, 0.0233729165047]]
    },
    "melbands": {
        "dmean": [0.000693873502314, 0.00135314709041, 0.00199511670507, 0.00109937554225, 0.000295908073895, 0.000195865504793, 9.24545965972e-05, 0.000133883411763, 8.76730991877e-05, 8.49457355798e-05, 9.15470227483e-05, 6.41343503958e-05, 5.34903956577e-05, 5.36885781912e-05, 4.5718268666e-05, 4.43970129709e-05, 3.08006638079e-05, 1.97298595594e-05, 1.93451160158e-05, 1.8948365323e-05, 1.4109179574e-05, 1.67844937096e-05, 1.04148102764e-05, 9.61719251791e-06, 1.00433844636e-05, 5.4815045587e-06, 5.06269270772e-06, 5.13350641995e-06, 3.9573342292e-06, 4.05331093134e-06, 2.43398039856e-06, 2.25753365157e-06, 1.32051377477e-06, 1.09010636606e-06, 1.05927199456e-06, 9.79031938186e-07, 6.37120820102e-07, 4.56346356259e-07, 3.65423403537e-07, 2.21578275728e-07],
        "dmean2": [0.00106372404844, 0.0021952863317, 0.00338164390996, 0.00193710566964, 0.000492146238685, 0.000325943430653, 0.000153559973114, 0.000217515975237, 0.000142292818055, 0.00013752245286, 0.000144373028888, 9.96918170131e-05, 8.26700634207e-05, 8.56927727e-05, 7.29231032892e-05, 6.99253942003e-05, 4.92360231874e-05, 3.12620322802e-05, 3.09622373607e-05, 3.07297777908e-05, 2.38737338805e-05, 2.72973084066e-05, 1.75930836122e-05, 1.61818752531e-05, 1.67852194863e-05, 9.15171403904e-06, 8.47875708132e-06, 8.65729271027e-06, 6.61155672788e-06, 6.75522869642e-06, 4.06782555729e-06, 3.83823999073e-06, 2.15998011299e-06, 1.81181701464e-06, 1.7710224256e-06, 1.64361097177e-06, 1.0894651723e-06, 7.78735568474e-07, 6.29092312465e-07, 3.67160481574e-07],
        "dvar": [1.6020142084e-06, 7.33051183488e-06, 2.11430615309e-05, 6.94060145179e-06, 2.02421418294e-07, 1.00034959871e-07, 3.2969918351e-08, 6.09396053619e-08, 2.09302353227e-08, 2.2513907183e-08, 3.18926538512e-08, 1.24553380942e-08, 6.45922426656e-09, 1.08994600012e-08, 7.34137461933e-09, 7.83426834516e-09, 2.21165219472e-09, 9.48038314519e-10, 9.41597577686e-10, 8.68233818174e-10, 4.0447326044e-10, 7.63768603917e-10, 2.67450200875e-10, 2.29418942177e-10, 2.61345306507e-10, 7.22252396779e-11, 6.50636072796e-11, 6.26135671089e-11, 3.73022758515e-11, 4.30086556646e-11, 1.29794577863e-11, 1.41703983617e-11, 4.19461644238e-12, 3.28781099568e-12, 3.68704632797e-12, 3.66923678941e-12, 1.47200123184e-12, 7.82885258357e-13, 5.45874651904e-13, 1.75577380326e-13],
        "dvar2": [4.37949029219e-06, 1.82911717275e-05, 5.35533326911e-05, 1.88909361896e-05, 5.42150530691e-07, 2.61175642891e-07, 8.57867021864e-08, 1.55224668674e-07, 5.49476553147e-08, 5.94243054763e-08, 7.39842036523e-08, 2.9523539169e-08, 1.52846357793e-08, 2.53279406337e-08, 1.64926650115e-08, 1.71548037997e-08, 5.4011075612e-09, 2.26193330732e-09, 2.06772599043e-09, 2.21479612428e-09, 1.08308362279e-09, 1.80314374543e-09, 7.10679015636e-10, 6.05570704693e-10, 6.65669352973e-10, 1.93894234002e-10, 1.72844294433e-10, 1.66325730966e-10, 9.80280509544e-11, 1.14519921324e-10, 3.4613013844e-11, 3.88832820108e-11, 1.05611812698e-11, 8.58842424262e-12, 9.62643766783e-12, 9.57972676879e-12, 3.96611432932e-12, 2.10927694581e-12, 1.48272193135e-12, 4.63670822657e-13],
        "max": [0.0225443914533, 0.0277288779616, 0.0398862957954, 0.0307418704033, 0.00791107024997, 0.00408907281235, 0.00461194198579, 0.00578395230696, 0.00301888864487, 0.00219196663238, 0.00350042013451, 0.00234369258396, 0.00189308042172, 0.00258730724454, 0.00174499594141, 0.0027345973067, 0.000787775963545, 0.000533365353476, 0.000706013757735, 0.000397266558139, 0.000237398518948, 0.000427588587627, 0.00019491938292, 0.000282732595224, 0.000423146353569, 0.00014417359489, 0.000117065370432, 9.11326205824e-05, 8.65831461851e-05, 7.24987621652e-05, 3.7488523958e-05, 5.35931576451e-05, 2.13996354432e-05, 1.63359818544e-05, 1.74098477146e-05, 1.81574232556e-05, 1.18778079923e-05, 9.9200360637e-06, 7.0578694249e-06, 4.31603302786e-06],
        "mean": [0.00131620047614, 0.00217836350203, 0.00194432958961, 0.00110534171108, 0.000568993913475, 0.000377954798751, 0.000143213110277, 0.000231005644309, 0.000159142378834, 0.000143671495607, 0.000158811177243, 0.00011590122449, 0.000100287783425, 9.66575244092e-05, 8.08050244814e-05, 7.45685611037e-05, 5.58023093618e-05, 3.65851738025e-05, 3.55599549948e-05, 3.42111088685e-05, 2.46271411015e-05, 3.09383904096e-05, 1.76753474079e-05, 1.67751168192e-05, 1.69516679307e-05, 9.67171672528e-06, 8.76420563145e-06, 8.90742376214e-06, 7.05017691871e-06, 7.09083815309e-06, 4.48257242169e-06, 3.68614701074e-06, 2.46367881118e-06, 1.85047360901e-06, 1.59750425155e-06, 1.30110970531e-06, 8.7249321723e-07, 6.11810150986e-07, 4.68944193699e-07, 3.17275976158e-07],
        "median": [0.00075828289846, 0.000930311274715, 0.000568916613702, 0.000402161793318, 0.00036154690315, 0.000202571914997, 8.82146050571e-05, 0.000137451221235, 9.76249430096e-05, 8.31753568491e-05, 7.52630512579e-05, 6.26346300123e-05, 6.49895373499e-05, 5.63313005841e-05, 4.88036239403e-05, 4.02343539463e-05, 3.56133750756e-05, 2.39569417317e-05, 2.13097609958e-05, 1.89831116586e-05, 1.71657466126e-05, 1.77384827111e-05, 1.24281514218e-05, 1.08455451482e-05, 9.65391791397e-06, 6.76464833305e-06, 5.49865080757e-06, 5.67236656934e-06, 4.89142985316e-06, 4.67418567496e-06, 3.12250972456e-06, 2.48037963502e-06, 1.67550820152e-06, 1.19641993024e-06, 9.06193577066e-07, 6.3667636141e-07, 4.28366291771e-07, 2.56134313759e-07, 1.71411571159e-07, 1.22836965488e-07],
        "min": [1.907310421e-23, 1.6742678145e-23, 6.27053463988e-24, 4.51711891192e-24, 1.51431060708e-24, 2.6146230668e-24, 2.11369126439e-23, 1.26087906219e-23, 8.63148962185e-24, 3.55998095941e-24, 5.42150613013e-24, 4.63550445126e-24, 6.90238145939e-24, 1.10250734686e-23, 1.24651201184e-23, 1.59240251189e-23, 1.11335662977e-23, 1.25569474721e-23, 1.4274868798e-23, 9.31773313394e-24, 1.58365909316e-23, 1.37192787956e-23, 1.04759395038e-23, 9.49964366982e-24, 8.6609890754e-24, 5.83808069721e-24, 6.2931560152e-24, 4.16853705512e-24, 8.3078389251e-24, 1.1627582551e-23, 1.6368740721e-23, 7.46132175404e-24, 1.22735129043e-23, 9.36314943397e-24, 9.8891816071e-24, 1.21317206786e-23, 7.8467315822e-24, 1.07368875915e-23, 9.33574519498e-24, 1.1194792948e-23],
        "var": [2.78549964605e-06, 1.11279177872e-05, 1.79277467396e-05, 5.43759688298e-06, 4.19672829821e-07, 2.18123091145e-07, 4.02029485258e-08, 9.98515403694e-08, 3.62839429613e-08, 3.52938620551e-08, 5.68600491135e-08, 2.57054715291e-08, 1.3447099434e-08, 2.13545181538e-08, 1.37459190697e-08, 1.46238221532e-08, 4.42137215728e-09, 1.97684935088e-09, 2.21673901457e-09, 1.9399741813e-09, 6.70121402813e-10, 1.74436887157e-09, 3.75650288653e-10, 3.88652221517e-10, 4.93480589725e-10, 1.11490719434e-10, 1.03570908794e-10, 1.04179893878e-10, 5.91763998914e-11, 6.40447486711e-11, 2.23525937343e-11, 1.8026451859e-11, 7.36192357076e-12, 4.720992694e-12, 4.51827160755e-12, 3.81048014322e-12, 1.54055360049e-12, 8.2808136433e-13, 5.38529236396e-13, 2.19433805436e-13]
    },
    "mfcc": {
        "mean": [-649.575866699, 124.592796326, -9.66204071045, 24.5278949738, -0.991583347321, 13.0991287231, 1.1609480381, 4.39283657074, -0.173400238156, -0.586500048637, -2.38444709778, 1.85958385468, -2.7386674881],
        "cov": [[16020.0605469, -277.753326416, -344.251556396, 642.833984375, -345.875762939, 9.77377128601, -112.351982117, 223.332595825, -219.092330933, 40.0126266479, -166.105941772, -114.762145996, -288.259918213], [-277.753326416, 1067.52307129, -169.528396606, -25.2497329712, -34.8528709412, 24.3070735931, 13.7878484726, 49.5140457153, 42.0076560974, 9.69607925415, 28.2248058319, 40.722442627, 28.4536952972], [-344.251556396, -169.528396606, 403.306671143, 50.4824981689, 133.341171265, 31.2536220551, 29.4690608978, -36.4044685364, -2.03406977654, 0.315504580736, -6.69019603729, -11.7241106033, 2.77381181717], [642.833984375, -25.2497329712, 50.4824981689, 231.707962036, 43.3860397339, 59.7083320618, 3.05980706215, 11.1717061996, -6.3095202446, 18.8934936523, -3.99724245071, -0.144341766834, -2.81461024284], [-345.875762939, -34.8528709412, 133.341171265, 43.3860397339, 191.863098145, 64.3632888794, 36.2656478882, -1.77512097359, 4.73386144638, 1.55985105038, 5.46769762039, -7.35014533997, 10.2089252472], [9.77377128601, 24.3070735931, 31.2536220551, 59.7083320618, 64.3632888794, 146.450286865, 51.7177734375, 19.7085189819, 10.3649377823, 11.90508461, 10.4413557053, 9.2837600708, 13.0150461197], [-112.351982117, 13.7878484726, 29.4690608978, 3.05980706215, 36.2656478882, 51.7177734375, 110.724273682, 42.2223892212, 28.0942668915, 14.1723308563, 8.67672538757, 4.24431085587, 2.02558302879], [223.332595825, 49.5140457153, -36.4044685364, 11.1717061996, -1.77512097359, 19.7085189819, 42.2223892212, 98.904586792, 36.5728492737, 23.0731010437, 12.0189876556, 4.64193916321, 2.88411736488], [-219.092330933, 42.0076560974, -2.03406977654, -6.3095202446, 4.73386144638, 10.3649377823, 28.0942668915, 36.5728492737, 83.0483627319, 37.1612281799, 18.4503059387, 7.42262935638, 7.63772249222], [40.0126266479, 9.69607925415, 0.315504580736, 18.8934936523, 1.55985105038, 11.90508461, 14.1723308563, 23.0731010437, 37.1612281799, 69.7441711426, 29.2148933411, 7.39030313492, 13.1310024261], [-166.105941772, 28.2248058319, -6.69019603729, -3.99724245071, 5.46769762039, 10.4413557053, 8.67672538757, 12.0189876556, 18.4503059387, 29.2148933411, 58.376739502, 25.6322174072, 14.0715751648], [-114.762145996, 40.722442627, -11.7241106033, -0.144341766834, -7.35014533997, 9.2837600708, 4.24431085587, 4.64193916321, 7.42262935638, 7.39030313492, 25.6322174072, 60.396697998, 27.1448364258], [-288.259918213, 28.4536952972, 2.77381181717, -2.81461024284, 10.2089252472, 13.0150461197, 2.02558302879, 2.88411736488, 7.63772249222, 13.1310024261, 14.0715751648, 27.1448364258, 61.8339920044]],
