{
"lowlevel": {
    "average_loudness": 0.877273797989,
    "barkbands_crest": {
        "dmean": 3.54681968689,
        "dmean2": 5.65175533295,
        "dvar": 9.90130996704,
        "dvar2": 23.092168808,
        "max": 26.4730587006,
        "mean": 12.1242809296,
        "median": 11.3271617889,
        "min": 2.12356138229,
        "var": 28.88854599
    },
    "barkbands_flatness_db": {
        "dmean": 0.0382625572383,
        "dmean2": 0.059654854238,
        "dvar": 0.00146995787509,
        "dvar2": 0.0032787588425,
        "max": 0.458577573299,
        "mean": 0.149893715978,
        "median": 0.139980405569,
        "min": 0.0231908373535,
        "var": 0.00461124256253
    },
    "barkbands_kurtosis": {
        "dmean": 10.3872184753,
        "dmean2": 16.3921871185,
        "dvar": 411.053009033,
        "dvar2": 935.708618164,
        "max": 419.330566406,
        "mean": 13.2502632141,
        "median": 3.87124872208,
        "min": -1.96012187004,
        "var": 731.640686035
    },
    "barkbands_skewness": {
        "dmean": 1.13753521442,
        "dmean2": 1.7509843111,
        "dvar": 1.52023720741,
        "dvar2": 3.29760599136,
        "max": 18.6926898956,
        "mean": 2.57119131088,
        "median": 2.17323255539,
        "min": -2.71314144135,
        "var": 5.14340734482
    },
    "barkbands_spread": {
        "dmean": 8.90790748596,
        "dmean2": 14.4870786667,
        "dvar": 103.156364441,
        "dvar2": 258.283569336,
        "max": 157.899520874,
        "mean": 22.9495658875,
        "median": 20.943359375,
        "min": 0.495897889137,
        "var": 263.49041748
    },
    "dissonance": {
        "dmean": 0.0110872490332,
        "dmean2": 0.0187424626201,
        "dvar": 0.00012851471547,
        "dvar2": 0.000355754280463,
        "max": 0.500000119209,
        "mean": 0.480587542057,
        "median": 0.483713388443,
        "min": 0.204420015216,
        "var": 0.000202842667932
    },
    "dynamic_complexity": 3.83094453812,
    "erbbands_crest": {
        "dmean": 2.38056135178,
        "dmean2": 3.97343087196,
        "dvar": 5.79905605316,
        "dvar2": 15.0395479202,
        "max": 29.9114742279,
        "mean": 6.72069454193,
        "median": 5.80799245834,
        "min": 2.12371349335,
        "var": 10.8569498062
    },
    "erbbands_flatness_db": {
        "dmean": 0.0162253007293,
        "dmean2": 0.0246551223099,
        "dvar": 0.000270420103334,
        "dvar2": 0.000589825736824,
        "max": 0.402704060078,
        "mean": 0.135139882565,
        "median": 0.124394670129,
        "min": 0.0256531853229,
        "var": 0.00199117138982
    },
    "erbbands_kurtosis": {
        "dmean": 0.800633192062,
        "dmean2": 1.3201520443,
        "dvar": 1.81030631065,
        "dvar2": 4.57377433777,
        "max": 44.4540901184,
        "mean": -0.322689116001,
        "median": -0.725004673004,
        "min": -1.88988399506,
        "var": 2.70750617981
    },
    "erbbands_skewness": {
        "dmean": 0.436437219381,
        "dmean2": 0.695753931999,
        "dvar": 0.19635631144,
        "dvar2": 0.495227605104,
        "max": 5.4042468071,
        "mean": -0.168189406395,
        "median": -0.240612849593,
        "min": -3.68549323082,
        "var": 0.486099660397
    },
    "erbbands_spread": {
        "dmean": 12.34628582,
        "dmean2": 19.2393035889,
        "dvar": 127.771469116,
        "dvar2": 298.824066162,
        "max": 158.110275269,
        "mean": 55.9599151611,
        "median": 55.7457809448,
        "min": 3.07441544533,
        "var": 464.59161377
    },
    "hfc": {
        "dmean": 7.40715360641,
        "dmean2": 11.4521284103,
        "dvar": 91.5529785156,
        "dvar2": 215.911239624,
        "max": 171.515670776,
        "mean": 18.4827384949,
        "median": 15.5717582703,
        "min": 1.04852335804e-16,
        "var": 225.659500122
    },
    "melbands_crest": {
        "dmean": 4.45051765442,
        "dmean2": 7.16286087036,
        "dvar": 14.6039028168,
        "dvar2": 35.0115089417,
        "max": 38.8348693848,
        "mean": 17.3420886993,
        "median": 17.0271606445,
        "min": 1.00226938725,
        "var": 43.5401306152
    },
    "melbands_flatness_db": {
        "dmean": 0.0464635193348,
        "dmean2": 0.0721366629004,
        "dvar": 0.00216329260729,
        "dvar2": 0.00469287438318,
        "max": 0.553219556808,
        "mean": 0.21494679153,
        "median": 0.207974389195,
        "min": 3.1494664654e-07,
        "var": 0.00790792517364
    },
    "melbands_kurtosis": {
        "dmean": 27.946521759,
        "dmean2": 44.3447380066,
        "dvar": 2031.1550293,
        "dvar2": 4615.83300781,
        "max": 823.393432617,
        "mean": 44.0726242065,
        "median": 21.3563346863,
        "min": -1.83707857132,
        "var": 4104.421875
    },
    "melbands_skewness": {
        "dmean": 1.61113286018,
        "dmean2": 2.50278496742,
        "dvar": 2.9089782238,
        "dvar2": 6.35963010788,
        "max": 23.8375453949,
        "mean": 4.71194267273,
        "median": 4.24585819244,
        "min": -1.6161262989,
        "var": 9.72229957581
    },
    "melbands_spread": {
        "dmean": 10.4766511917,
        "dmean2": 17.0018138885,
        "dvar": 208.450042725,
        "dvar2": 478.021179199,
        "max": 224.547653198,
        "mean": 22.5016441345,
        "median": 14.8389720917,
        "min": 0.368204951286,
        "var": 570.869262695
    },
    "pitch_salience": {
        "dmean": 0.111917883158,
        "dmean2": 0.180430740118,
        "dvar": 0.0105841951445,
        "dvar2": 0.0254249535501,
        "max": 0.997711420059,
        "mean": 0.515683710575,
        "median": 0.539126873016,
        "min": 0.0545993819833,
        "var": 0.0256490036845
    },
    "silence_rate_20dB": {
        "dmean": 0,
        "dmean2": 0,
        "dvar": 0,
        "dvar2": 0,
        "max": 1,
        "mean": 1,
        "median": 1,
        "min": 1,
        "var": 0
    },
    "silence_rate_30dB": {
        "dmean": 0.0724341720343,
        "dmean2": 0.144883915782,
        "dvar": 0.0671888813376,
        "dvar2": 0.167101368308,
        "max": 1,
        "mean": 0.94401460886,
        "median": 1,
        "min": 0,
        "var": 0.0528542175889
    },
    "silence_rate_60dB": {
        "dmean": 0.0242880173028,
        "dmean2": 0.0485812537372,
        "dvar": 0.0237001720816,
        "dvar2": 0.0539552383125,
        "max": 1,
        "mean": 0.10971416533,
        "median": 0,
        "min": 0,
        "var": 0.0976647138596
    },
    "spectral_centroid": {
        "dmean": 444.905578613,
        "dmean2": 712.122070312,
        "dvar": 185153.265625,
        "dvar2": 432901.625,
        "max": 11523.3789062,
        "mean": 1580.30358887,
        "median": 1488.29907227,
        "min": 142.259414673,
        "var": 984881.4375
    },
    "spectral_complexity": {
        "dmean": 6.13261699677,
        "dmean2": 9.59651756287,
        "dvar": 47.0478057861,
        "dvar2": 100.891441345,
        "max": 62,
        "mean": 19.602514267,
        "median": 18,
        "min": 0,
        "var": 170.480224609
    },
    "spectral_decrease": {
        "dmean": 5.92281557132e-09,
        "dmean2": 9.53796774894e-09,
        "dvar": 5.69845121034e-17,
        "dvar2": 1.37795756611e-16,
        "max": 1.62943688131e-28,
        "mean": -1.09738769183e-08,
        "median": -8.60512905376e-09,
        "min": -7.43677261994e-08,
        "var": 1.01987088041e-16
    },
    "spectral_energy": {
        "dmean": 0.0227503366768,
        "dmean2": 0.0365712158382,
        "dvar": 0.000828546530101,
        "dvar2": 0.00200168346055,
        "max": 0.283231943846,
        "mean": 0.0430943965912,
        "median": 0.0344539359212,
        "min": 1.02626133713e-20,
        "var": 0.0015006933827
    },
    "spectral_energyband_high": {
        "dmean": 0.000505784933921,
        "dmean2": 0.000792936305515,
        "dvar": 6.57250666336e-07,
        "dvar2": 1.52886354954e-06,
        "max": 0.0292137470096,
        "mean": 0.00101276580244,
        "median": 0.000577212311327,
        "min": 6.99211975161e-21,
        "var": 1.42138424053e-06
    },
    "spectral_energyband_low": {
        "dmean": 0.0181706771255,
        "dmean2": 0.0294092390686,
        "dvar": 0.000722576165572,
        "dvar2": 0.00177374260966,
        "max": 0.280641078949,
        "mean": 0.0287272520363,
        "median": 0.0160850919783,
        "min": 1.60549634074e-23,
        "var": 0.00118217198178
    },
    "spectral_energyband_middle_high": {
        "dmean": 0.00150709715672,
        "dmean2": 0.00242536119185,
        "dvar": 4.00145427193e-06,
        "dvar2": 1.00467159427e-05,
        "max": 0.0333543233573,
        "mean": 0.00348197296262,
        "median": 0.00272464053705,
        "min": 1.15704059126e-21,
        "var": 1.01135710793e-05
    },
    "spectral_energyband_middle_low": {
        "dmean": 0.00988728087395,
        "dmean2": 0.0165863148868,
        "dvar": 0.000235948347836,
        "dvar2": 0.000592384720221,
        "max": 0.127923816442,
        "mean": 0.0125954439864,
        "median": 0.00679927878082,
        "min": 1.04631373958e-22,
        "var": 0.000255102553638
    },
    "spectral_entropy": {
        "dmean": 0.200922265649,
        "dmean2": 0.321449220181,
        "dvar": 0.0487999767065,
        "dvar2": 0.123883262277,
        "max": 9.82103729248,
        "mean": 7.75221776962,
        "median": 7.78848743439,
        "min": 5.62920045853,
        "var": 0.152888476849
    },
    "spectral_flux": {
        "dmean": 0.0459890961647,
        "dmean2": 0.0732457116246,
        "dvar": 0.00249604624696,
        "dvar2": 0.00572027172893,
        "max": 0.435481876135,
        "mean": 0.115374207497,
        "median": 0.0978609696031,
        "min": 6.39291952709e-11,
        "var": 0.00598934991285
    },
    "spectral_kurtosis": {
        "dmean": 1.24310767651,
        "dmean2": 2.14414572716,
        "dvar": 4.14244174957,
        "dvar2": 12.126625061,
        "max": 48.7986068726,
        "mean": 3.13914728165,
        "median": 2.4427189827,
        "min": -1.25905287266,
        "var": 8.24901580811
    },
    "spectral_rms": {
        "dmean": 0.00159689609427,
        "dmean2": 0.00250241532922,
        "dvar": 3.05731100525e-06,
        "dvar2": 6.91997502145e-06,
        "max": 0.0166229922324,
        "mean": 0.0056868949905,
        "median": 0.00579772330821,
        "min": 3.16422279004e-12,
        "var": 9.70250130194e-06
    },
    "spectral_rolloff": {
        "dmean": 721.742797852,
        "dmean2": 1235.73864746,
        "dvar": 1614056.25,
        "dvar2": 4149657.75,
        "max": 19444.4824219,
        "mean": 1468.69580078,
        "median": 581.396484375,
        "min": 21.533203125,
        "var": 5269686.5
    },
    "spectral_skewness": {
        "dmean": 0.19500797987,
        "dmean2": 0.317755222321,
        "dvar": 0.0523646324873,
        "dvar2": 0.139675021172,
        "max": 4.26258707047,
        "mean": 1.17335164547,
        "median": 1.12691950798,
        "min": -0.0843979865313,
        "var": 0.134546637535
    },
    "spectral_spread": {
        "dmean": 449738.59375,
        "dmean2": 668422.8125,
        "dvar": 447044321280,
        "dvar2": 956664446976,
        "max": 42535728,
        "mean": 4791572.5,
        "median": 4627756,
        "min": 892732.125,
        "var": 8.16586738893e+12
    },
    "spectral_strongpeak": {
        "dmean": 0.315682411194,
        "dmean2": 0.529447197914,
        "dvar": 0.206224739552,
        "dvar2": 0.527699291706,
        "max": 14.18542099,
        "mean": 0.523764967918,
        "median": 0.423983573914,
        "min": 0,
        "var": 0.250826239586
    },
    "zerocrossingrate": {
        "dmean": 0.0143478596583,
        "dmean2": 0.0172991901636,
        "dvar": 0.000405013241107,
        "dvar2": 0.00055303395493,
        "max": 0.876953125,
        "mean": 0.0632376670837,
        "median": 0.0498046875,
        "min": 0.00048828125,
        "var": 0.00557682150975
    },
    "barkbands": {
        "dmean": [0.000474322558148, 0.011177258566, 0.00901908520609, 0.00503090349957, 0.00498027913272, 0.000781248847488, 0.000348499830579, 0.00030326115666, 0.000205775198992, 0.000207743069041, 0.000171641615452, 0.000229930723435, 0.00019701058045, 0.000225465948461, 0.00025187394931, 0.000247700692853, 0.000236972875427, 0.000258231972111, 0.00024118735746, 0.000187320052646, 0.000197866058443, 0.00010694158118, 8.04013252491e-05, 5.14319435752e-05, 3.69171320926e-05, 1.27463190438e-05, 1.39590656545e-06],
        "dmean2": [0.000729778956156, 0.0180903617293, 0.0154453255236, 0.008663745597, 0.00845499150455, 0.00132345466409, 0.000570123258512, 0.000496178399771, 0.00033887848258, 0.000338018755428, 0.000280968466541, 0.000380989164114, 0.000326742243487, 0.000368258013623, 0.00042711556307, 0.000421259290306, 0.000391046225559, 0.000438541930635, 0.000406667619245, 0.000307177455397, 0.000332157913363, 0.000171314968611, 0.000127916151541, 8.11718418845e-05, 5.76784113946e-05, 1.9353312382e-05, 2.25539724852e-06],
        "dvar": [2.5342878871e-06, 0.000339051446645, 0.000329462287482, 8.0345897004e-05, 6.91000532242e-05, 1.78294692432e-06, 2.93726600376e-07, 3.1284324109e-07, 1.199110784e-07, 1.34676540142e-07, 1.7693936627e-07, 2.40455989342e-07, 9.36143251806e-08, 2.34770610064e-07, 2.14996973114e-07, 1.43681575082e-07, 1.3313523084e-07, 1.7636759253e-07, 1.3763749962e-07, 8.04162922918e-08, 1.19042383062e-07, 5.70124676358e-08, 1.59706754488e-08, 7.5771762198e-09, 4.26596180603e-09, 6.74691080782e-10, 1.74383858048e-11],
        "dvar2": [5.01278464071e-06, 0.000849836855195, 0.000888747686986, 0.000208188197576, 0.000181143317604, 4.74078842672e-06, 6.99009376603e-07, 7.43876285014e-07, 2.9329439144e-07, 3.32804205527e-07, 4.11528162658e-07, 5.86414842019e-07, 2.38921103346e-07, 5.62424304462e-07, 5.63584421798e-07, 3.75106708361e-07, 3.38088028684e-07, 4.69251602908e-07, 3.65503410649e-07, 1.99899844233e-07, 3.0774390325e-07, 1.27387465909e-07, 3.71544821576e-08, 1.72147469613e-08, 9.70588676097e-09, 1.40322642395e-09, 4.05371777812e-11],
        "max": [0.12121284008, 0.175672203302, 0.164053037763, 0.0885443985462, 0.0903589576483, 0.021817099303, 0.011131413281, 0.0114324893802, 0.00892036687583, 0.00894765276462, 0.0163690280169, 0.0153002636507, 0.00711587863043, 0.0145602878183, 0.0104815280065, 0.0074233263731, 0.0073149446398, 0.00794170238078, 0.00643673026934, 0.0074498928152, 0.0138159431517, 0.0140893533826, 0.00152571336366, 0.00100944121368, 0.00122695637401, 0.000585098867305, 0.000134034446091],
        "mean": [0.000582475448027, 0.0162530671805, 0.00921318680048, 0.00502335838974, 0.00535734370351, 0.000978921656497, 0.000487162527861, 0.000401382450946, 0.000272415287327, 0.000312192714773, 0.000229706900427, 0.000330929062329, 0.000299430714222, 0.000319296697853, 0.000371430069208, 0.000350051384885, 0.000370935420506, 0.000373478105757, 0.000397061317926, 0.000321498839185, 0.000325144646922, 0.000197521832888, 0.000155851215823, 9.29038287723e-05, 5.60821026738e-05, 2.00173180929e-05, 1.57736974415e-06],
        "median": [8.42501685838e-05, 0.00502061191946, 0.00230148015544, 0.00152006873395, 0.00220113433897, 0.000479504058603, 0.000216743093915, 0.000132038476295, 0.000123434467241, 0.000133417517645, 7.81238341006e-05, 0.000138002156746, 0.000156916139531, 0.000153043074533, 0.000204401294468, 0.000196453373064, 0.000227926095249, 0.000212060491322, 0.000237115833443, 0.000197272951482, 0.000183288182598, 0.000110957458674, 7.96056046966e-05, 4.14226051362e-05, 2.21259324462e-05, 4.93032894155e-06, 1.20767793987e-07],
        "min": [5.73418702574e-25, 4.65266533139e-24, 9.38562348952e-25, 1.31853524914e-24, 1.07137984217e-23, 9.42557041968e-24, 5.10236968991e-24, 3.72026171814e-24, 1.44587112543e-23, 2.68915488178e-23, 1.95863939129e-23, 3.69553029767e-23, 4.07175289395e-23, 3.73371021885e-23, 4.92106736578e-23, 5.51112869646e-23, 8.28621766764e-23, 1.11791157575e-22, 1.30323027473e-22, 1.54508228028e-22, 2.4167888529e-22, 2.72898995936e-22, 3.8851697456e-22, 6.41582618944e-22, 9.46538978315e-22, 1.37175767494e-21, 2.0099115636e-21],
        "var": [4.29716737926e-06, 0.000557071180083, 0.000291352538625, 7.73220235715e-05, 6.88591826474e-05, 2.06708409678e-06, 5.88556758885e-07, 6.02644718128e-07, 1.93628622469e-07, 2.53906023318e-07, 2.75852642062e-07, 4.12584199694e-07, 1.72164050127e-07, 3.18064138582e-07, 3.10280796612e-07, 2.03250863251e-07, 2.12023877566e-07, 2.3163747187e-07, 2.20744894364e-07, 1.50588178371e-07, 1.75611219788e-07, 8.91545184345e-08, 3.90209606849e-08, 1.7014041731e-08, 7.71132402377e-09, 1.61059976467e-09, 2.43111815401e-11]
    },
    "erbbands": {
        "dmean": [0.303898900747, 2.72503519058, 8.95068740845, 14.1171274185, 18.8913230896, 16.6181850433, 9.46922779083, 5.63507080078, 5.33247661591, 5.15253162384, 6.1799659729, 5.19755172729, 4.678794384, 6.72470426559, 7.32808303833, 9.50454425812, 8.95024967194, 10.5440378189, 12.6013345718, 12.9852991104, 12.9985189438, 12.2211046219, 13.4193172455, 13.5195121765, 10.6133127213, 9.04314613342, 8.53555107117, 7.17093706131, 4.15130901337, 2.75216197968, 2.30242490768, 1.3585486412, 0.703552544117, 0.503625452518, 0.206612095237, 0.0701131150126, 0.0224747639149, 0.00402111560106, 0.000198316498427, 2.70682758128e-05],
        "dmean2": [0.467638462782, 4.40466022491, 14.811252594, 24.3912982941, 32.6093406677, 28.1461849213, 16.2221736908, 9.550157547, 8.68478298187, 8.4246635437, 10.0849437714, 8.54085254669, 7.68104791641, 10.8857574463, 11.9288444519, 15.6812105179, 14.7292985916, 17.213684082, 20.9152774811, 22.0152397156, 21.9209899902, 20.1663684845, 22.7449760437, 23.1285591125, 17.5440006256, 14.7556409836, 14.3896579742, 11.9194803238, 6.66308641434, 4.35217809677, 3.67300772667, 2.20581007004, 1.08318114281, 0.807815015316, 0.310237705708, 0.104727201164, 0.0350737571716, 0.00636578397825, 0.00032110576285, 4.27968625445e-05],
        "dvar": [0.278423398733, 20.9096832275, 294.628509521, 633.920654297, 1161.11413574, 968.217956543, 331.839996338, 88.6639022827, 70.5247573853, 77.3572006226, 132.235565186, 76.0891876221, 80.7205810547, 135.569458008, 320.637237549, 423.764190674, 193.970855713, 357.256500244, 634.471801758, 475.166748047, 347.494140625, 377.478881836, 483.938903809, 457.892974854, 238.027862549, 196.311981201, 183.397521973, 238.978317261, 105.100410461, 17.9115352631, 12.7369499207, 5.79583454132, 1.3596996069, 0.818409323692, 0.126112431288, 0.0190805755556, 0.0022642868571, 9.36530996114e-05, 4.70313551659e-07, 1.0854547261e-09],
        "dvar2": [0.641259133816, 51.7017250061, 761.766845703, 1704.19836426, 2994.12451172, 2499.56616211, 875.067993164, 239.218002319, 166.849655151, 177.036819458, 319.807495117, 187.111221313, 198.771240234, 331.431091309, 739.54699707, 1020.37738037, 483.556060791, 898.86730957, 1645.30664062, 1264.15112305, 875.325317383, 964.528808594, 1274.05297852, 1229.89135742, 606.48614502, 485.625213623, 474.45401001, 583.579223633, 244.326904297, 40.9630432129, 29.961435318, 14.0094718933, 2.87260365486, 1.95469379425, 0.260466814041, 0.0393585562706, 0.005040504504, 0.000210813042941, 1.13726855488e-06, 2.53716914145e-09],
        "max": [7.033598423, 45.060749054, 173.426116943, 241.874221802, 326.919494629, 530.148681641, 331.516052246, 163.95135498, 191.311630249, 216.500259399, 258.272094727, 196.51612854, 294.71963501, 304.017669678, 767.264404297, 694.917602539, 360.81854248, 414.820800781, 691.369384766, 571.783630371, 337.233306885, 330.836639404, 434.603027344, 336.041900635, 267.443908691, 471.332611084, 270.256500244, 887.176574707, 674.618408203, 66.7947158813, 54.0376167297, 26.988067627, 16.693107605, 13.7179908752, 8.25617980957, 4.71416044235, 1.13888537884, 0.284920483828, 0.0260262209922, 0.000368195236661],
        "mean": [0.450971007347, 3.6996614933, 10.0324401855, 15.0841522217, 18.4207038879, 17.8811092377, 10.9619760513, 7.2589468956, 7.63298892975, 6.85835504532, 8.66288852692, 7.06041479111, 7.03152751923, 10.3324356079, 10.7745418549, 14.7070741653, 14.4625120163, 16.1302528381, 19.1900310516, 19.1268939972, 20.0203380585, 19.7402667999, 20.1865253448, 20.6988239288, 18.8815574646, 15.6355495453, 14.3390789032, 11.2804107666, 7.45734119415, 5.26535892487, 4.4295668602, 2.40523886681, 1.3049352169, 0.767744362354, 0.318443506956, 0.111471116543, 0.0328865274787, 0.00579091487452, 0.000237767322687, 5.51331577299e-05],
        "median": [0.100564092398, 1.19324052334, 3.1932721138, 5.16248226166, 6.81954717636, 6.2546248436, 4.49911594391, 3.82790446281, 3.49284601212, 3.23044037819, 3.13803076744, 3.44605827332, 3.53056430817, 4.84297513962, 4.92311382294, 6.79996490479, 7.96595191956, 8.68099784851, 10.3537063599, 11.5247764587, 13.1304931641, 12.550365448, 12.3262557983, 12.064209938, 11.4847106934, 9.67854595184, 8.23052787781, 6.20964431763, 4.12547492981, 3.01390600204, 2.13538622856, 1.0893355608, 0.571194529533, 0.308098137379, 0.119798243046, 0.0325046554208, 0.00740050617605, 0.000913299038075, 5.35514154762e-05, 4.68031284981e-05],
        "min": [1.24648580588e-22, 1.17817297584e-21, 2.08422655227e-21, 2.95006311623e-21, 8.05112661656e-21, 2.86421982283e-20, 6.03911252787e-20, 5.94825190746e-20, 9.22202080691e-20, 1.4906806642e-19, 2.83266940944e-19, 2.79668498484e-19, 5.58351824858e-19, 1.02953049708e-18, 1.1699938301e-18, 1.53760850735e-18, 2.07688570238e-18, 1.79689995429e-18, 2.39317496e-18, 3.41356883362e-18, 3.35931984751e-18, 4.84032552292e-18, 5.6862781723e-18, 7.1484601121e-18, 7.87517550335e-18, 7.50801153614e-18, 9.13070332431e-18, 9.89578004365e-18, 1.00608100205e-17, 1.34986255858e-17, 1.09604789517e-17, 1.07182597888e-17, 1.027475615e-17, 9.31075490106e-18, 6.98114298087e-18, 4.23004986495e-18, 2.65549916125e-18, 1.0075739183e-18, 2.48618335487e-19, 2.67237563615e-20],
        "var": [0.538775146008, 30.8907756805, 294.341491699, 620.907836914, 1022.58929443, 1019.10992432, 365.152435303, 104.921340942, 149.145401001, 135.025085449, 275.808746338, 123.008773804, 139.388412476, 262.531311035, 489.11932373, 809.948059082, 389.854675293, 535.57598877, 905.541137695, 648.02911377, 533.794250488, 584.308105469, 648.646972656, 632.306945801, 482.141571045, 360.307128906, 303.471954346, 301.199645996, 142.339675903, 41.1868667603, 32.6765556335, 11.1546411514, 3.50485563278, 1.37504184246, 0.269811660051, 0.0451200120151, 0.00459702732041, 0.000177238645847, 5.65806203667e-07, 2.12768580532e-09]
    },
    "gfcc": {
        "mean": [-30.5031833649, 84.9688262939, -114.458953857, 58.827545166, -46.539981842, 16.1850452423, -36.1031494141, 2.93334102631, -24.4810581207, 0.424064666033, -15.7713689804, -1.9500361681, -10.2423381805],
        "cov": [[34366.0039062, 1309.94995117, -512.355651855, 1961.15161133, -1201.22692871, 860.233032227, -612.192932129, 179.36164856, -925.671813965, -123.623092651, -686.632019043, -112.358657837, -389.465942383], [1309.94995117, 1169.45019531, -163.968414307, 179.047851562, 177.427276611, -56.1568107605, 85.5716171265, -62.0360221863, 112.440139771, -58.9186172485, 75.4298095703, -83.860748291, 86.5419921875], [-512.355651855, -163.968414307, 1215.28967285, 386.53314209, 212.936645508, 308.737182617, 153.896316528, 71.1359863281, 23.1650257111, 6.81211948395, -33.4539222717, -22.81208992, 17.1505012512], [1961.15161133, 179.047851562, 386.53314209, 567.959960938, 87.4105758667, 222.220855713, 92.7536087036, 17.4821529388, -0.54360383749, -37.2548751831, -19.4831466675, -45.1833572388, 29.7730484009], [-1201.22692871, 177.427276611, 212.936645508, 87.4105758667, 329.791992188, 79.833656311, 139.760726929, 26.6945438385, 108.987319946, 5.74089431763, 55.9351539612, -5.77524995804, 52.709941864], [860.233032227, -56.1568107605, 308.737182617, 222.220855713, 79.833656311, 296.674438477, 100.188652039, 59.6170349121, 12.4884080887, 3.815502882, -9.7861289978, 2.95880436897, 22.3172836304], [-612.192932129, 85.5716171265, 153.896316528, 92.7536087036, 139.760726929, 100.188652039, 198.625244141, 52.6135253906, 73.9274291992, 2.47869372368, 46.6035003662, 2.63133382797, 51.2071380615], [179.36164856, -62.0360221863, 71.1359863281, 17.4821529388, 26.6945438385, 59.6170349121, 52.6135253906, 153.62348938, 55.4385643005, 42.4244194031, 38.3255004883, 16.9262619019, 6.83518123627], [-925.671813965, 112.440139771, 23.1650257111, -0.54360383749, 108.987319946, 12.4884080887, 73.9274291992, 55.4385643005, 152.804336548, 40.834564209, 76.0062255859, 5.65913438797, 47.2190437317], [-123.623092651, -58.9186172485, 6.81211948395, -37.2548751831, 5.74089431763, 3.815502882, 2.47869372368, 42.4244194031, 40.834564209, 86.1068725586, 43.3555755615, 30.3495559692, 0.848157048225], [-686.632019043, 75.4298095703, -33.4539222717, -19.4831466675, 55.9351539612, -9.7861289978, 46.6035003662, 38.3255004883, 76.0062255859, 43.3555755615, 123.067489624, 26.5170631409, 38.3993797302], [-112.358657837, -83.860748291, -22.81208992, -45.1833572388, -5.77524995804, 2.95880436897, 2.63133382797, 16.9262619019, 5.65913438797, 30.3495559692, 26.5170631409, 81.1709671021, 28.0864200592], [-389.465942383, 86.5419921875, 17.1505012512, 29.7730484009, 52.709941864, 22.3172836304, 51.2071380615, 6.83518123627, 47.2190437317, 0.848157048225, 38.3993797302, 28.0864200592, 83.1447143555]],
        "icov": [[0.000124240672449, -0.000327947404003, 0.000176140878466, -0.00043642509263, 0.000307199981762, -0.000382660247851, 0.000275071884971, -0.00050282292068, 0.00056611438049, -0.000386357365642, 0.000504454772454, -0.00043330952758, 0.000418979121605], [-0.000327947404003, 0.00230120611377, -8.46312977956e-05, 0.000518424145412, -0.00135138491169, 0.00148766266648, -0.000749032013118, 0.00178770918865, -0.00195424794219, 0.00146072125062, -0.00190203543752, 0.00268315407448, -0.00226082955487], [0.000176140878466, -8.46312977956e-05, 0.00168817478698, -0.00129773479421, -0.000383152684662, -0.00112894084305, 0.00016909041733, -0.00079325248953, 0.000980331446044, -0.00106199935544, 0.00120525166858, -0.000150535037392, 0.000484952674014], [-0.00043642509263, 0.000518424145412, -0.00129773479421, 0.00483567127958, -0.000753859349061, -0.000612300122157, -0.000975855742581, 0.00172113836743, -0.0013148431899, 0.0018461055588, -0.00193570414558, 0.00270848162472, -0.00223909202032], [0.000307199981762, -0.00135138491169, -0.000383152684662, -0.000753859349061, 0.00644386652857, -0.00132787716575, -0.00163029099349, -0.000208906232729, -0.00144337583333, -0.00021554029081, 0.000803637492936, -0.00147295114584, 0.00143543747254], [-0.000382660247851, 0.00148766266648, -0.00112894084305, -0.000612300122157, -0.00132787716575, 0.00783586781472, -0.00275559630245, 9.81670527835e-05, -0.00104276684579, 0.000458535767393, -0.00026007858105, 0.000714388967026, -0.00199486478232], [0.000275071884971, -0.000749032013118, 0.00016909041733, -0.000975855742581, -0.00163029099349, -0.00275559630245, 0.0103399101645, -0.00289873103611, 9.68434978859e-05, 0.00111872830894, -0.000453649816336, -0.000315229495754, -0.00172439089511], [-0.00050282292068, 0.00178770918865, -0.00079325248953, 0.00172113836743, -0.000208906232729, 9.81670527835e-05, -0.00289873103611, 0.0117511516437, -0.00543369259685, -0.000605485052802, -0.00308172986843, 0.000969355925918, 0.000444405683083], [0.00056611438049, -0.00195424794219, 0.000980331446044, -0.0013148431899, -0.00144337583333, -0.00104276684579, 9.68434978859e-05, -0.00543369259685, 0.0179008226842, -0.00703950924799, -0.00128135061823, 0.00249389698729, -0.00380850443617], [-0.000386357365642, 0.00146072125062, -0.00106199935544, 0.0018461055588, -0.00021554029081, 0.000458535767393, 0.00111872830894, -0.000605485052802, -0.00703950924799, 0.0216342713684, -0.0066190874204, -0.00511531624943, 0.00416420772672], [0.000504454772454, -0.00190203543752, 0.00120525166858, -0.00193570414558, 0.000803637492936, -0.00026007858105, -0.000453649816336, -0.00308172986843, -0.00128135061823, -0.0066190874204, 0.0171355567873, -0.00400941353291, -0.000883912493009], [-0.00043330952758, 0.00268315407448, -0.000150535037392, 0.00270848162472, -0.00147295114584, 0.000714388967026, -0.000315229495754, 0.000969355925918, 0.00249389698729, -0.00511531624943, -0.00400941353291, 0.0228866096586, -0.0121484017], [0.000418979121605, -0.00226082955487, 0.000484952674014, -0.00223909202032, 0.00143543747254, -0.00199486478232, -0.00172439089511, 0.000444405683083, -0.00380850443617, 0.00416420772672, -0.000883912493009, -0.0121484017, 0.0243280977011]]
    },
    "melbands": {
        "dmean": [0.00285445805639, 0.00406630989164, 0.00259615853429, 0.00126358051784, 0.000399222742999, 0.000128839048557, 7.84368530731e-05, 5.85466150369e-05, 4.89853373438e-05, 3.09123279294e-05, 2.42709138547e-05, 2.85116038867e-05, 2.44672301051e-05, 2.63938454736e-05, 2.19616249524e-05, 1.83992178791e-05, 2.13367238757e-05, 2.14449446503e-05, 1.7526326701e-05, 1.80036222446e-05, 1.60038944159e-05, 1.31537162815e-05, 1.38115956361e-05, 1.23504541989e-05, 1.15463035399e-05, 9.6130052043e-06, 6.66981213726e-06, 6.33096942693e-06, 5.98183032707e-06, 4.79416621602e-06, 4.28438534072e-06, 2.57370243162e-06, 1.87426701359e-06, 1.60776733082e-06, 1.53657367719e-06, 1.02371973298e-06, 8.23519883397e-07, 5.36398317763e-07, 4.47275539273e-07, 4.61783059791e-07],
        "dmean2": [0.00453118979931, 0.00655676005408, 0.00445556035265, 0.00214857328683, 0.000683025864419, 0.000217957174755, 0.000127547144075, 9.54808492679e-05, 7.97479879111e-05, 5.0904807722e-05, 3.99260388804e-05, 4.62180796603e-05, 3.98111151299e-05, 4.3787262257e-05, 3.6237117456e-05, 3.05038884107e-05, 3.48425928678e-05, 3.55787742592e-05, 2.99016937788e-05, 3.03615124722e-05, 2.69596112048e-05, 2.16779953917e-05, 2.33860573644e-05, 2.0959018002e-05, 1.9865543436e-05, 1.61076277436e-05, 1.10648243208e-05, 1.03719030449e-05, 1.02321901068e-05, 8.04782848718e-06, 7.12263909008e-06, 4.20125979872e-06, 3.01688351101e-06, 2.58414752352e-06, 2.45176283897e-06, 1.68437532011e-06, 1.33670323521e-06, 8.3627156755e-07, 6.94764480613e-07, 7.58915746246e-07],
        "dvar": [2.20787351282e-05, 5.01146205352e-05, 1.95424345293e-05, 4.52261519968e-06, 5.87825354614e-07, 4.46266632537e-08, 1.49338799105e-08, 1.06798827559e-08, 7.78133468771e-09, 2.89907764461e-09, 2.15363149536e-09, 2.53450727072e-09, 3.54823948001e-09, 3.65160368609e-09, 1.32181365853e-09, 8.39046554457e-10, 1.70378200437e-09, 2.0874661999e-09, 1.06315078963e-09, 9.16717479704e-10, 5.26786336774e-10, 4.02450323067e-10, 5.87002668695e-10, 4.3586476095e-10, 3.52289836192e-10, 2.19317508598e-10, 1.11977135897e-10, 1.1672370015e-10, 1.01808374231e-10, 5.96214536075e-11, 1.17538215272e-10, 4.64913593734e-11, 9.41080807032e-12, 6.60118877963e-12, 5.53103569889e-12, 3.03740929977e-12, 2.11414349569e-12, 7.9123074195e-13, 5.87389945711e-13, 7.41478764239e-13],
        "dvar2": [5.43517489859e-05, 0.00012255035108, 5.11185498908e-05, 1.17254767247e-05, 1.57261547429e-06, 1.20257993785e-07, 3.52937092885e-08, 2.44134454874e-08, 1.90459523708e-08, 7.14329662088e-09, 5.32530242126e-09, 6.21849638449e-09, 8.26910362406e-09, 8.80170336615e-09, 3.30452887276e-09, 2.19837081872e-09, 4.22291224211e-09, 5.36706723508e-09, 2.82197465395e-09, 2.45931897069e-09, 1.31164235029e-09, 1.01570907241e-09, 1.57322654903e-09, 1.11901321542e-09, 9.47977807364e-10, 5.74563285838e-10, 2.83754353347e-10, 2.8910773775e-10, 2.7016494597e-10, 1.52827597799e-10, 2.82285833597e-10, 1.07543800254e-10, 2.14534761483e-11, 1.58328194305e-11, 1.31329990286e-11, 7.60791429855e-12, 5.14258861189e-12, 1.71374600708e-12, 1.32051802219e-12, 1.83941230303e-12],
        "max": [0.0490588918328, 0.0829176530242, 0.0368834063411, 0.0206216275692, 0.00947515666485, 0.00332101481035, 0.00260779634118, 0.0026922551915, 0.00196179095656, 0.00130939017981, 0.00143961363938, 0.0013804450864, 0.00243029627018, 0.002021236578, 0.000991319771856, 0.000466586672701, 0.00103110051714, 0.00119896198157, 0.000845367088914, 0.000744857417885, 0.000464296113933, 0.000315832672641, 0.000590386975091, 0.000488809368107, 0.000323378160829, 0.000272991019301, 0.000233059603488, 0.000451020372566, 0.00013541651424, 0.000186289587873, 0.000680718920194, 0.000437034934293, 0.000122028694022, 3.54241310561e-05, 3.33427306032e-05, 2.56059174717e-05, 1.65771543834e-05, 1.21700777527e-05, 1.5042835912e-05, 1.45982830873e-05],
        "mean": [0.00428862078115, 0.00528625259176, 0.00277681881562, 0.00133059697691, 0.000460117415059, 0.000166200174135, 0.000111986970296, 7.65191725804e-05, 6.82342797518e-05, 4.08811101806e-05, 3.52709248546e-05, 4.26908882218e-05, 3.38520258083e-05, 3.80076671718e-05, 3.48249050148e-05, 2.82695746137e-05, 3.04671702906e-05, 3.04968580167e-05, 2.5213961635e-05, 2.55521154031e-05, 2.33175924222e-05, 2.0376242901e-05, 1.95029315364e-05, 1.76946468855e-05, 1.64234752447e-05, 1.53581386257e-05, 1.12608822747e-05, 1.00390216176e-05, 9.26022130443e-06, 7.58502665121e-06, 6.2573408286e-06, 4.3626664592e-06, 3.29102476826e-06, 2.79703272099e-06, 2.82279052044e-06, 1.75875197783e-06, 1.37580047976e-06, 9.49828745433e-07, 7.34661796287e-07, 6.3505461867e-07],
        "median": [0.00119983777404, 0.00217333831824, 0.00105191103648, 0.000504297320731, 0.000185121607501, 8.69216237334e-05, 5.11862235726e-05, 3.4242955735e-05, 2.5295161322e-05, 1.90025457414e-05, 1.65437268151e-05, 1.81793002412e-05, 1.28038846015e-05, 1.56282058015e-05, 1.72917316377e-05, 1.56030746439e-05, 1.46526108438e-05, 1.51563126565e-05, 1.45018120747e-05, 1.45229023474e-05, 1.43712095451e-05, 1.22220662888e-05, 1.08680978883e-05, 9.68015410763e-06, 8.75005389389e-06, 8.63702462084e-06, 6.56912425256e-06, 5.94064295001e-06, 5.22361688127e-06, 4.12664394389e-06, 3.29864133164e-06, 2.30347768593e-06, 1.82658857284e-06, 1.54472149916e-06, 1.31606884679e-06, 7.52442133489e-07, 6.12124381405e-07, 4.22878031259e-07, 2.78899875639e-07, 2.44049061848e-07],
        "min": [1.41601459399e-24, 1.44850028049e-24, 7.81831267087e-25, 1.60252734439e-24, 2.31171191768e-24, 1.33384585602e-24, 1.46285508378e-24, 1.47603872444e-24, 2.31071696686e-24, 1.87121534086e-24, 2.81852763637e-24, 3.71389561063e-24, 3.65662904208e-24, 3.91887283381e-24, 4.60652012388e-24, 3.06385253105e-24, 2.71914970054e-24, 3.21156496062e-24, 3.6904723582e-24, 3.48282010769e-24, 3.07841549501e-24, 5.07489366458e-24, 4.49381990509e-24, 4.16979726042e-24, 5.21492239171e-24, 5.85413125562e-24, 4.49548992362e-24, 4.00366197049e-24, 4.98338816616e-24, 5.33382226836e-24, 5.30895382276e-24, 3.91643880349e-24, 6.06296324761e-24, 6.95266897552e-24, 6.44575563529e-24, 5.83446022009e-24, 5.96430711952e-24, 6.66090088111e-24, 7.3432963297e-24, 6.97811841718e-24],
        "var": [4.05827740906e-05, 6.1864098825e-05, 1.87571495189e-05, 4.47103593615e-06, 6.06618925758e-07, 5.34262696306e-08, 3.09981018631e-08, 1.82688353334e-08, 1.58661652705e-08, 4.56590010245e-09, 3.6622094246e-09, 4.88487339467e-09, 5.47885337099e-09, 5.91095306035e-09, 2.68277666748e-09, 1.40592515407e-09, 2.45034526003e-09, 2.72170708193e-09, 1.40352318656e-09, 1.26043553372e-09, 7.72726604925e-10, 6.47130404818e-10, 7.40603633975e-10, 6.04825967088e-10, 4.56728765919e-10, 3.68638786163e-10, 2.09336603607e-10, 1.8915362332e-10, 1.41179706814e-10, 9.5198328387e-11, 1.32733449232e-10, 5.88515347566e-11, 1.90514843484e-11, 1.27464323818e-11, 1.39851819361e-11, 5.81878555755e-12, 3.9044436087e-12, 1.87035630039e-12, 1.30104781115e-12, 1.0383645983e-12]
    },
    "mfcc": {
        "mean": [-654.166564941, 100.487556458, 0.998192310333, 41.2870788574, 12.899148941, 16.0052719116, 2.71880316734, 3.94428658485, -1.3506706953, 0.467319518328, -2.42470216751, -0.671112477779, -2.40269303322],
        "cov": [[14299.3447266, 649.542602539, 742.248535156, 918.224914551, 145.833404541, 522.547424316, 303.280883789, 206.644744873, 9.78769493103, 0.525286972523, -226.807815552, -116.857902527, -145.284759521], [649.542602539, 982.74810791, -72.5964355469, 206.838104248, 121.323913574, 83.4669113159, 37.5765647888, 25.9970798492, 50.6252098083, 13.5873212814, 31.1031074524, 25.0999794006, 14.6611032486], [742.248535156, -72.5964355469, 782.184814453, 257.627685547, 177.15826416, 224.071731567, 149.786224365, 101.381706238, 86.0858230591, 73.5098571777, -14.5343866348, 7.87990760803, -2.67798280716], [918.224914551, 206.838104248, 257.627685547, 388.326934814, 140.961639404, 163.111846924, 102.111061096, 73.0163269043, 65.1253051758, 33.9433746338, -5.62456464767, 20.0871143341, -6.006772995], [145.833404541, 121.323913574, 177.15826416, 140.961639404, 224.569244385, 121.987548828, 73.7853240967, 65.6871948242, 57.9281845093, 55.6977729797, 21.887802124, 16.0937767029, 20.5308799744], [522.547424316, 83.4669113159, 224.071731567, 163.111846924, 121.987548828, 258.00177002, 112.236022949, 83.3642196655, 71.8380889893, 30.7240791321, -16.1501064301, 2.55653691292, 10.49081707], [303.280883789, 37.5765647888, 149.786224365, 102.111061096, 73.7853240967, 112.236022949, 151.998382568, 87.5259552002, 53.4639625549, 42.458656311, 8.26247024536, 11.153550148, 6.32227897644], [206.644744873, 25.9970798492, 101.381706238, 73.0163269043, 65.6871948242, 83.3642196655, 87.5259552002, 126.088058472, 68.800567627, 50.8603286743, 8.97957611084, 10.8949728012, 20.526184082], [9.78769493103, 50.6252098083, 86.0858230591, 65.1253051758, 57.9281845093, 71.8380889893, 53.4639625549, 68.800567627, 104.488098145, 49.6715660095, 11.2117910385, 16.2742462158, 18.9625148773], [0.525286972523, 13.5873212814, 73.5098571777, 33.9433746338, 55.6977729797, 30.7240791321, 42.458656311, 50.8603286743, 49.6715660095, 102.243850708, 44.7031669617, 21.1749095917, 20.620716095], [-226.807815552, 31.1031074524, -14.5343866348, -5.62456464767, 21.887802124, -16.1501064301, 8.26247024536, 8.97957611084, 11.2117910385, 44.7031669617, 78.9082183838, 39.6974983215, 18.8952732086], [-116.857902527, 25.0999794006, 7.87990760803, 20.0871143341, 16.0937767029, 2.55653691292, 11.153550148, 10.8949728012, 16.2742462158, 21.1749095917, 39.6974983215, 71.3322753906, 34.650642395], [-145.284759521, 14.6611032486, -2.67798280716, -6.006772995, 20.5308799744, 10.49081707, 6.32227897644, 20.526184082, 18.9625148773, 20.620716095, 18.8952732086, 34.650642395, 70.6722183228]],
