{
"lowlevel": {
    "average_loudness": 0.562384843826,
    "barkbands_crest": {
        "dmean": 2.10702776909,
        "dmean2": 3.24191856384,
        "dvar": 4.3152756691,
        "dvar2": 10.1595544815,
        "max": 24.7219104767,
        "mean": 12.0967607498,
        "median": 11.2342586517,
        "min": 2.62193822861,
        "var": 24.2013626099
    },
    "barkbands_flatness_db": {
        "dmean": 0.0292273946106,
        "dmean2": 0.0398113504052,
        "dvar": 0.000946185027715,
        "dvar2": 0.00189298950136,
        "max": 0.448772549629,
        "mean": 0.188330754638,
        "median": 0.18528598547,
        "min": 0.0401426404715,
        "var": 0.00556994602084
    },
    "barkbands_kurtosis": {
        "dmean": 3.94943714142,
        "dmean2": 5.76524829865,
        "dvar": 79.9650726318,
        "dvar2": 154.420089722,
        "max": 256.3777771,
        "mean": 7.86721515656,
        "median": 3.62496495247,
        "min": -1.86364078522,
        "var": 286.901672363
    },
    "barkbands_skewness": {
        "dmean": 0.54579359293,
        "dmean2": 0.813891351223,
        "dvar": 0.407519489527,
        "dvar2": 0.892193973064,
        "max": 12.6392440796,
        "mean": 2.01666045189,
        "median": 1.79057490826,
        "min": -2.15099072456,
        "var": 2.26410794258
    },
    "barkbands_spread": {
        "dmean": 5.83312749863,
        "dmean2": 8.80887508392,
        "dvar": 62.4533081055,
        "dvar2": 137.332748413,
        "max": 82.4644241333,
        "mean": 15.9808063507,
        "median": 12.7854709625,
        "min": 0.262063264847,
        "var": 134.645050049
    },
    "dissonance": {
        "dmean": 0.0202074088156,
        "dmean2": 0.0327769853175,
        "dvar": 0.000363695988199,
        "dvar2": 0.000947566702962,
        "max": 0.5,
        "mean": 0.452280193567,
        "median": 0.457316756248,
        "min": 0.261568933725,
        "var": 0.000887318863533
    },
    "dynamic_complexity": 3.18160796165,
    "erbbands_crest": {
        "dmean": 2.54362607002,
        "dmean2": 3.8129799366,
        "dvar": 6.39764070511,
        "dvar2": 12.9755849838,
        "max": 29.7505016327,
        "mean": 10.0138912201,
        "median": 8.93579292297,
        "min": 2.50312972069,
        "var": 21.8865718842
    },
    "erbbands_flatness_db": {
        "dmean": 0.0214709397405,
        "dmean2": 0.0294908210635,
        "dvar": 0.000506469106767,
        "dvar2": 0.00102069205604,
        "max": 0.442210316658,
        "mean": 0.193560644984,
        "median": 0.191078454256,
        "min": 0.0625029876828,
        "var": 0.00270667183213
    },
    "erbbands_kurtosis": {
        "dmean": 0.981647670269,
        "dmean2": 1.47703552246,
        "dvar": 3.21348714828,
        "dvar2": 6.2041182518,
        "max": 68.4993591309,
        "mean": 0.3025598526,
        "median": -0.444757819176,
        "min": -1.82390725613,
        "var": 7.65660524368
    },
    "erbbands_skewness": {
        "dmean": 0.409140110016,
        "dmean2": 0.600219786167,
        "dvar": 0.196798339486,
        "dvar2": 0.414062440395,
        "max": 6.86736392975,
        "mean": 0.477206349373,
        "median": 0.414408683777,
        "min": -3.09139347076,
        "var": 0.62942558527
    },
    "erbbands_spread": {
        "dmean": 8.7084903717,
        "dmean2": 12.9309949875,
        "dvar": 97.4730987549,
        "dvar2": 221.048736572,
        "max": 117.238922119,
        "mean": 37.5520019531,
        "median": 35.7926635742,
        "min": 1.5572437048,
        "var": 259.873199463
    },
    "hfc": {
        "dmean": 6.71110916138,
        "dmean2": 9.84643745422,
        "dvar": 138.713684082,
        "dvar2": 314.505187988,
        "max": 141.487472534,
        "mean": 14.6218690872,
        "median": 10.3155536652,
        "min": 1.06957642812e-16,
        "var": 246.601623535
    },
    "melbands_crest": {
        "dmean": 2.30932450294,
        "dmean2": 3.57689881325,
        "dvar": 5.06446886063,
        "dvar2": 12.2272443771,
        "max": 30.8765354156,
        "mean": 15.5160665512,
        "median": 14.6880493164,
        "min": 1.0014282465,
        "var": 33.470500946
    },
    "melbands_flatness_db": {
        "dmean": 0.0357670411468,
        "dmean2": 0.0479648970068,
        "dvar": 0.00149848253932,
        "dvar2": 0.00304934033193,
        "max": 0.574633598328,
        "mean": 0.250554829836,
        "median": 0.24988374114,
        "min": 1.85516356055e-07,
        "var": 0.00895572733134
    },
    "melbands_kurtosis": {
        "dmean": 6.95367383957,
        "dmean2": 10.4612054825,
        "dvar": 164.789596558,
        "dvar2": 362.308074951,
        "max": 353.934020996,
        "mean": 17.8049983978,
        "median": 10.5057201385,
        "min": -1.69397604465,
        "var": 660.207519531
    },
    "melbands_skewness": {
        "dmean": 0.633847594261,
        "dmean2": 0.958594322205,
        "dvar": 0.499865025282,
        "dvar2": 1.18262302876,
        "max": 15.6900615692,
        "mean": 3.03892111778,
        "median": 2.73278999329,
        "min": -0.986022531986,
        "var": 3.02571797371
    },
    "melbands_spread": {
        "dmean": 6.64294719696,
        "dmean2": 10.3290319443,
        "dvar": 127.120788574,
        "dvar2": 295.711883545,
        "max": 199.998016357,
        "mean": 17.5115814209,
        "median": 12.2570648193,
        "min": 0.339087992907,
        "var": 377.549346924
    },
    "pitch_salience": {
        "dmean": 0.0575862117112,
        "dmean2": 0.0904981940985,
        "dvar": 0.00309903966263,
        "dvar2": 0.00740616442636,
        "max": 0.997731626034,
        "mean": 0.52025192976,
        "median": 0.539951443672,
        "min": 0.0560183525085,
        "var": 0.0199349746108
    },
    "silence_rate_20dB": {
        "dmean": 0,
        "dmean2": 0,
        "dvar": 0,
        "dvar2": 0,
        "max": 1,
        "mean": 1,
        "median": 1,
        "min": 1,
        "var": 0
    },
    "silence_rate_30dB": {
        "dmean": 0.00992745347321,
        "dmean2": 0.0198574345559,
        "dvar": 0.00982918683439,
        "dvar2": 0.0225186217576,
        "max": 1,
        "mean": 0.984219908714,
        "median": 1,
        "min": 0,
        "var": 0.0155317196622
    },
    "silence_rate_60dB": {
        "dmean": 0.0155275547877,
        "dmean2": 0.031059063971,
        "dvar": 0.0152890309691,
        "dvar2": 0.037993054837,
        "max": 1,
        "mean": 0.046831253916,
        "median": 0,
        "min": 0,
        "var": 0.044640827924
    },
    "spectral_centroid": {
        "dmean": 308.087982178,
        "dmean2": 460.02331543,
        "dvar": 185396.5625,
        "dvar2": 388761.5625,
        "max": 11705.1669922,
        "mean": 1099.46923828,
        "median": 801.636962891,
        "min": 129.773193359,
        "var": 1583736
    },
    "spectral_complexity": {
        "dmean": 4.36044311523,
        "dmean2": 6.47988796234,
        "dvar": 28.8281383514,
        "dvar2": 56.6146965027,
        "max": 56,
        "mean": 15.1586914062,
        "median": 14,
        "min": 0,
        "var": 84.0664596558
    },
    "spectral_decrease": {
        "dmean": 1.90794713362e-09,
        "dmean2": 2.9229387799e-09,
        "dvar": 1.58305130799e-17,
        "dvar2": 4.16139478401e-17,
        "max": 1.56531111788e-28,
        "mean": -6.97148161422e-09,
        "median": -4.96867835764e-09,
        "min": -7.21304971307e-08,
        "var": 4.46441883566e-17
    },
    "spectral_energy": {
        "dmean": 0.00770141091198,
        "dmean2": 0.0117470715195,
        "dvar": 0.000248116295552,
        "dvar2": 0.000645749445539,
        "max": 0.276545405388,
        "mean": 0.0276381652802,
        "median": 0.0199219398201,
        "min": 1.01335392684e-20,
        "var": 0.000687098130584
    },
    "spectral_energyband_high": {
        "dmean": 0.000528269156348,
        "dmean2": 0.000803062459454,
        "dvar": 1.29151499095e-06,
        "dvar2": 3.07424352286e-06,
        "max": 0.0135348495096,
        "mean": 0.000570703297853,
        "median": 7.801852189e-05,
        "min": 7.05512118749e-21,
        "var": 1.48121534949e-06
    },
    "spectral_energyband_low": {
        "dmean": 0.00322832446545,
        "dmean2": 0.00493746111169,
        "dvar": 7.78139219619e-05,
        "dvar2": 0.000225531868637,
        "max": 0.240080833435,
        "mean": 0.0111679518595,
        "median": 0.00414658337831,
        "min": 1.96070967785e-23,
        "var": 0.000331655144691
    },
    "spectral_energyband_middle_high": {
        "dmean": 0.00138108315878,
        "dmean2": 0.00202371110208,
        "dvar": 5.69619169255e-06,
        "dvar2": 1.23363079183e-05,
        "max": 0.0426009111106,
        "mean": 0.00307743786834,
        "median": 0.00206601666287,
        "min": 1.07938123624e-21,
        "var": 1.4310116967e-05
    },
    "spectral_energyband_middle_low": {
        "dmean": 0.0047825765796,
        "dmean2": 0.00745688052848,
        "dvar": 0.000114038863103,
        "dvar2": 0.000295044563245,
        "max": 0.18720780313,
        "mean": 0.0137044433504,
        "median": 0.0100450683385,
        "min": 1.96774297235e-22,
        "var": 0.000207572244108
    },
    "spectral_entropy": {
        "dmean": 0.250207871199,
        "dmean2": 0.345954418182,
        "dvar": 0.0749615654349,
        "dvar2": 0.150122091174,
        "max": 9.82117652893,
        "mean": 7.2260017395,
        "median": 7.19129371643,
        "min": 4.94755363464,
        "var": 0.402235239744
    },
    "spectral_flux": {
        "dmean": 0.0213935449719,
        "dmean2": 0.0329026021063,
        "dvar": 0.000881809683051,
        "dvar2": 0.00186374073382,
        "max": 0.376367211342,
        "mean": 0.0588463172317,
        "median": 0.0483611598611,
        "min": 6.26070514875e-11,
        "var": 0.00188977073412
    },
    "spectral_kurtosis": {
        "dmean": 3.78493332863,
        "dmean2": 6.2970290184,
        "dvar": 27.0388832092,
        "dvar2": 69.0449142456,
        "max": 132.47227478,
        "mean": 6.85025119781,
        "median": 4.35289478302,
        "min": -1.25760042667,
        "var": 68.8781433105
    },
    "spectral_rms": {
        "dmean": 0.000639097765088,
        "dmean2": 0.00093943165848,
        "dvar": 9.00506336166e-07,
        "dvar2": 2.13229577639e-06,
        "max": 0.016425602138,
        "mean": 0.00469834310934,
        "median": 0.0044086324051,
        "min": 3.144261327e-12,
        "var": 4.88979094371e-06
    },
    "spectral_rolloff": {
        "dmean": 472.408935547,
        "dmean2": 801.219177246,
        "dvar": 762802.75,
        "dvar2": 1740449.625,
        "max": 19659.8144531,
        "mean": 1216.03222656,
        "median": 689.0625,
        "min": 107.666015625,
        "var": 5060433
    },
    "spectral_skewness": {
        "dmean": 0.418721556664,
        "dmean2": 0.655282557011,
        "dvar": 0.200661763549,
        "dvar2": 0.483684957027,
        "max": 9.37572002411,
        "mean": 1.65156567097,
        "median": 1.51630282402,
        "min": -0.0689617693424,
        "var": 0.677743315697
    },
    "spectral_spread": {
        "dmean": 551753.9375,
        "dmean2": 790873.75,
        "dvar": 621587202048,
        "dvar2": 1.22933988557e+12,
        "max": 42813000,
        "mean": 3944581.5,
        "median": 3337818,
        "min": 720643.5625,
        "var": 1.79085183549e+13
    },
    "spectral_strongpeak": {
        "dmean": 0.33109754324,
        "dmean2": 0.543277025223,
        "dvar": 0.451790869236,
        "dvar2": 1.06089091301,
        "max": 12.6079845428,
        "mean": 0.897785186768,
        "median": 0.647471308708,
        "min": 0,
        "var": 0.762463629246
    },
    "zerocrossingrate": {
        "dmean": 0.00974555220455,
        "dmean2": 0.011363664642,
        "dvar": 0.000159900650033,
        "dvar2": 0.000204094088986,
        "max": 0.78759765625,
        "mean": 0.0463999547064,
        "median": 0.03466796875,
        "min": 0.00390625,
        "var": 0.00365787209012
    },
    "barkbands": {
        "dmean": [9.2678143119e-05, 0.00116231734864, 0.00195973902009, 0.000959567143582, 0.00198972481303, 0.00142015598249, 0.000629816378932, 0.000909786554985, 0.00057701865444, 0.000335663586156, 0.000219644338358, 8.60689760884e-05, 0.000203211529879, 0.000211819613469, 0.000226234915317, 0.000238262466155, 0.000167803678778, 0.000110924840556, 0.000154650726472, 0.000173781460035, 0.000175209352165, 0.000115424896649, 0.00010732607916, 3.98731826863e-05, 1.88181238627e-05, 4.78942547488e-06, 4.3836772079e-07],
        "dmean2": [0.000150516614667, 0.00185510155279, 0.00288342684507, 0.00167571764905, 0.00310242222622, 0.00219187163748, 0.00106846145354, 0.00133643473964, 0.0008482162375, 0.000502241717186, 0.000331304385327, 0.000140856922371, 0.000303098728182, 0.000338868994731, 0.000346403539879, 0.00038619156112, 0.000270857213764, 0.000170522296685, 0.00024009461049, 0.000279338739347, 0.000279045809293, 0.000180636969162, 0.000172091822606, 5.78874569328e-05, 2.77513190667e-05, 6.93139509167e-06, 7.27478322915e-07],
        "dvar": [1.16140192574e-07, 1.37312126753e-05, 2.5587667551e-05, 1.29836835185e-05, 2.08735036722e-05, 1.46781949297e-05, 3.74556339011e-06, 6.41495716991e-06, 1.52610664372e-06, 8.96499841474e-07, 3.74394488745e-07, 4.59686901877e-08, 1.65454437706e-07, 2.0323554395e-07, 5.87243278005e-07, 2.08753789366e-07, 1.0457362265e-07, 4.97498469088e-08, 8.13530718347e-08, 1.05458312305e-07, 1.33035769068e-07, 9.865370032e-08, 2.05625482863e-07, 9.763422959e-09, 2.6847908341e-09, 3.23822080261e-10, 7.38220162083e-12],
        "dvar2": [2.90714837092e-07, 3.4093081922e-05, 7.65854201745e-05, 3.82837097277e-05, 5.2610761486e-05, 3.7941874325e-05, 9.93654794001e-06, 1.34257870741e-05, 3.26068789036e-06, 1.65507742622e-06, 8.71995155194e-07, 1.17100604768e-07, 3.6044667695e-07, 4.73467054007e-07, 1.1587814015e-06, 5.21219931215e-07, 2.47987657076e-07, 1.12737915003e-07, 1.84381121926e-07, 2.64251895032e-07, 3.19408826499e-07, 2.49566596722e-07, 5.5573030977e-07, 1.92894891171e-08, 5.7815783272e-09, 6.36352415206e-10, 1.68939064127e-11],
        "max": [0.00617012567818, 0.0925749987364, 0.118613839149, 0.0598815120757, 0.0849752128124, 0.0765846595168, 0.036206047982, 0.0432752892375, 0.0296714510769, 0.027583476156, 0.0190736055374, 0.00553959142417, 0.00924667902291, 0.0133988466114, 0.0296476557851, 0.00929994415492, 0.00791343674064, 0.00434177415445, 0.00376003608108, 0.00258501712233, 0.00340726156719, 0.00544710550457, 0.00837207492441, 0.00139168417081, 0.00126909511164, 0.000718546682037, 0.000120303302538],
        "mean": [8.7583270215e-05, 0.00249081780203, 0.00779526121914, 0.00182055693585, 0.0048927241005, 0.00306949671358, 0.000836718885694, 0.00161965109874, 0.00129698927049, 0.000639154633973, 0.00035705632763, 0.00011191044905, 0.000348455185303, 0.000284217734588, 0.000361113314284, 0.000351070397301, 0.000236806605244, 0.000169233986526, 0.000211275764741, 0.000186771285371, 0.000181044859346, 0.000119799718959, 9.87661915133e-05, 4.47833153885e-05, 2.1259425921e-05, 5.30108400199e-06, 3.55829257614e-07],
        "median": [1.57220274559e-05, 0.000968287116848, 0.00146724458318, 0.000837942759972, 0.00229879491962, 0.00130599539261, 0.000262202927843, 0.000389595632441, 0.000432236003689, 0.000158670096425, 9.7990341601e-05, 4.48261853307e-05, 0.000154283829033, 0.000101846162579, 0.000142455595778, 0.000149513100041, 0.000100554840174, 7.34983623261e-05, 7.42719275877e-05, 4.11748660554e-05, 2.54169281106e-05, 1.37065262606e-05, 6.04923206993e-06, 2.92935055768e-06, 1.20214906474e-06, 1.43145129528e-07, 2.60741650493e-09],
        "min": [7.80677656621e-25, 1.75334946365e-24, 1.01816397329e-25, 7.24242202335e-25, 7.12380288257e-24, 8.75425925567e-24, 6.62026981133e-24, 5.97155675124e-24, 1.62714568165e-23, 1.185357069e-23, 1.43050017069e-23, 1.8760043182e-23, 4.05631520158e-23, 3.77101765987e-23, 5.72108812846e-23, 6.14947746532e-23, 4.54714950552e-23, 9.67980041014e-23, 8.51054131009e-23, 1.7700679348e-22, 2.335037872e-22, 2.49292061979e-22, 3.99962576367e-22, 5.85056809713e-22, 8.59646744776e-22, 1.29044275111e-21, 1.97659068481e-21],
        "var": [1.06800676747e-07, 2.42851492658e-05, 0.000221616835915, 1.5152708329e-05, 5.24753413629e-05, 2.90260722977e-05, 4.39480436398e-06, 1.43380339068e-05, 4.967503628e-06, 3.27976181325e-06, 8.83718371369e-07, 5.30393471365e-08, 3.40730906601e-07, 3.99051799604e-07, 1.19075446037e-06, 3.86517854167e-07, 1.93441167085e-07, 8.50011403486e-08, 1.25858278466e-07, 1.14347258773e-07, 1.40041592545e-07, 9.57421093517e-08, 1.51528283254e-07, 1.48915964004e-08, 4.02880750983e-09, 6.01226679553e-10, 7.18264423633e-12]
    },
    "erbbands": {
        "dmean": [0.0265689585358, 0.311982959509, 1.90086364746, 2.73140859604, 3.44504022598, 9.38861846924, 7.63361358643, 15.6788873672, 9.07532119751, 19.5415859222, 9.20113563538, 15.8137836456, 8.85848712921, 10.9265022278, 8.60495090485, 3.61343336105, 9.11087703705, 11.6758422852, 12.655090332, 8.60616397858, 11.4918746948, 7.4230723381, 6.63639450073, 7.58885526657, 7.28784656525, 8.10595798492, 6.63848257065, 7.48795032501, 4.68078184128, 3.37501978874, 2.9807639122, 1.12028753757, 0.540526032448, 0.260617345572, 0.111917637289, 0.0292568951845, 0.00796405505389, 0.00131251080893, 5.95104538661e-05, 1.04648606793e-05],
        "dmean2": [0.043530870229, 0.491900652647, 2.84622693062, 4.54714870453, 5.71221399307, 14.5816822052, 12.3353891373, 23.6378917694, 15.3779354095, 29.6910400391, 14.1200742722, 23.0184211731, 13.4898147583, 16.0218009949, 13.0770797729, 5.63102293015, 13.5517187119, 18.3407840729, 19.2295951843, 13.8678674698, 18.8437309265, 11.8354444504, 10.2175865173, 11.9694547653, 11.1347427368, 13.0486860275, 10.4486646652, 12.0204687119, 7.42766809464, 5.35403013229, 4.83427190781, 1.62653291225, 0.799829125404, 0.390131294727, 0.165965735912, 0.042498074472, 0.0118703022599, 0.00199797842652, 9.55443247221e-05, 1.56759524543e-05],
        "dvar": [0.0122868008912, 0.884832978249, 24.7032279968, 79.4237747192, 80.2020950317, 517.941650391, 415.702941895, 1703.9239502, 835.346496582, 2774.55957031, 551.365539551, 1163.80554199, 489.137298584, 1137.09411621, 517.332214355, 72.3003158569, 324.326538086, 567.447998047, 2126.61645508, 245.68208313, 418.968048096, 160.505325317, 178.671905518, 215.929672241, 184.339035034, 215.677902222, 201.846054077, 263.573913574, 146.757843018, 216.793670654, 197.069030762, 9.29824638367, 1.62723910809, 0.442059516907, 0.130586370826, 0.0125265428796, 0.000859125866555, 2.95253139484e-05, 1.45197418533e-07, 4.30305652221e-10],
        "dvar2": [0.0314533002675, 2.28286528587, 74.3975906372, 238.085479736, 224.066619873, 1308.8190918, 1080.38513184, 4322.39746094, 2266.9675293, 6076.33740234, 1267.86328125, 2434.62231445, 1027.86730957, 2126.75634766, 1254.97045898, 173.490631104, 704.099304199, 1308.73999023, 4094.92724609, 616.444885254, 1068.90368652, 382.950775146, 406.982452393, 500.877838135, 416.284881592, 540.62298584, 503.468475342, 626.030944824, 369.75869751, 583.254455566, 553.686035156, 19.8071556091, 3.27179217339, 0.961181640625, 0.288088768721, 0.0261021368206, 0.00177024037112, 5.51244993403e-05, 3.4984583408e-07, 1.04630182296e-09],
        "max": [1.74909484386, 28.4077758789, 139.035079956, 200.635513306, 215.775741577, 409.316619873, 305.830749512, 893.277770996, 472.736114502, 997.878967285, 403.778808594, 841.065856934, 590.292724609, 1024.62451172, 576.00567627, 280.169158936, 387.317016602, 666.02130127, 1797.39123535, 261.463562012, 263.95199585, 226.947891235, 287.426818848, 255.120040894, 232.181350708, 126.238647461, 144.963180542, 183.594619751, 216.561767578, 389.603515625, 300.337463379, 38.8615036011, 18.0399436951, 8.93882465363, 11.6183271408, 4.4236779213, 0.966312289238, 0.196603775024, 0.0174859128892, 0.000348784698872],
        "mean": [0.0381500869989, 0.804562866688, 7.33758878708, 7.81818580627, 8.5722694397, 20.4642028809, 16.1548194885, 35.6943511963, 14.0313148499, 33.8549156189, 16.1291275024, 36.6903381348, 17.9992790222, 22.6255970001, 13.1056995392, 5.81855535507, 16.0892772675, 17.7993144989, 20.0861759186, 15.4002771378, 17.0396137238, 11.2709064484, 10.3855028152, 10.1361465454, 9.96232223511, 8.9702205658, 7.13664388657, 7.4323143959, 4.87636137009, 3.22294712067, 2.72362804413, 1.20929431915, 0.615091443062, 0.294195085764, 0.124002747238, 0.033140797168, 0.00839695706964, 0.0013090071734, 6.13574011368e-05, 3.34793694492e-05],
        "median": [0.0136236930266, 0.330206334591, 1.89887726307, 2.96875810623, 4.76230239868, 7.38122367859, 7.78706455231, 14.5817604065, 5.60516119003, 8.55903053284, 6.06410503387, 12.3848781586, 7.8753900528, 5.43394851685, 4.49299907684, 2.80363559723, 7.6042599678, 8.3759803772, 8.15275382996, 7.83804368973, 8.22858715057, 5.62436389923, 4.8820400238, 3.72036361694, 3.33332014084, 2.14924550056, 1.23180580139, 0.920402646065, 0.561425387859, 0.266618013382, 0.162121370435, 0.0825880169868, 0.0378552936018, 0.0178703889251, 0.00647238921374, 0.00131959014107, 0.000243505783146, 2.85814658127e-05, 1.45507619891e-05, 2.3856138796e-05],
        "min": [5.74194434862e-23, 4.20552350864e-22, 6.92669604576e-22, 4.38351037029e-21, 4.11728786391e-21, 3.59626981818e-20, 3.21790706624e-20, 6.69819194538e-20, 1.13499041586e-19, 1.80692861448e-19, 2.04182451475e-19, 4.87114565216e-19, 6.34079899745e-19, 5.35131159004e-19, 1.00860448194e-18, 7.84712539519e-19, 1.59682491984e-18, 2.16829763867e-18, 2.698363247e-18, 4.09000032903e-18, 3.11072436289e-18, 4.02022971232e-18, 5.8625346444e-18, 5.62000735675e-18, 5.76354428613e-18, 8.1140421032e-18, 9.5947880439e-18, 1.11985291242e-17, 9.20450520574e-18, 9.13744815503e-18, 1.15989019115e-17, 1.18956711542e-17, 8.40033262193e-18, 7.46225107747e-18, 6.23610843418e-18, 4.20514717902e-18, 2.11646339956e-18, 9.49804451497e-19, 2.36081663671e-19, 2.76764325514e-20],
        "var": [0.0111571531743, 1.8770648241, 175.985900879, 213.649780273, 134.286834717, 1274.71057129, 677.037475586, 4058.65869141, 862.582458496, 5616.99902344, 968.975585938, 3957.77709961, 1079.18444824, 4482.51269531, 741.258422852, 108.560195923, 677.805541992, 1156.35522461, 4349.17480469, 514.786987305, 688.579467773, 274.330413818, 299.671905518, 328.956878662, 291.855651855, 247.270721436, 212.870513916, 267.278656006, 144.788284302, 164.298202515, 129.270446777, 12.3246335983, 2.55357503891, 0.642009913921, 0.190187126398, 0.0229175239801, 0.00139339233283, 4.661364801e-05, 1.32944620646e-07, 1.07243314229e-09]
    },
    "gfcc": {
        "mean": [-60.0617103577, 137.573028564, -128.402786255, 41.2227973938, -55.1880264282, 0.106274165213, -34.5076560974, -4.51583147049, -14.5887184143, -6.33746528625, -12.5182704926, -12.8797101974, -4.55199480057],
        "cov": [[23472.2988281, -611.548278809, -2112.76611328, 1056.30078125, -1751.6217041, 404.56161499, -1029.80969238, 421.845062256, -580.713317871, 281.890777588, -545.415527344, 72.8746109009, -310.237304688], [-611.548278809, 2501.72192383, -369.484069824, -299.214019775, 610.54498291, -377.170959473, 282.879577637, -329.934875488, 235.212722778, -356.301452637, 261.080810547, -257.553314209, 227.841018677], [-2112.76611328, -369.484069824, 710.533752441, -31.644203186, 84.8796615601, 105.737197876, 54.9796447754, 51.7337036133, 43.5886306763, 65.6122894287, -27.3485183716, 57.0155487061, -63.4198112488], [1056.30078125, -299.214019775, -31.644203186, 364.191101074, -71.5831451416, 110.548934937, -19.7750396729, 39.9582443237, -32.7159385681, 39.4149513245, -33.5750617981, -27.0321178436, -47.7688293457], [-1751.6217041, 610.54498291, 84.8796615601, -71.5831451416, 485.809356689, -48.4907150269, 175.044555664, -78.8781433105, 85.2227172852, -122.998596191, 75.1465682983, -101.625198364, 42.0061645508], [404.56161499, -377.170959473, 105.737197876, 110.548934937, -48.4907150269, 226.058303833, 14.278172493, 95.7797164917, -40.7692527771, 51.0092086792, -57.0540618896, 31.3613147736, -46.1661567688], [-1029.80969238, 282.879577637, 54.9796447754, -19.7750396729, 175.044555664, 14.278172493, 230.428222656, 8.50286579132, 55.2346687317, -64.5638046265, 46.1369590759, -47.1866874695, 31.7394180298], [421.845062256, -329.934875488, 51.7337036133, 39.9582443237, -78.8781433105, 95.7797164917, 8.50286579132, 169.623001099, -8.84349441528, 56.8333587646, -49.9823570251, 34.4417533875, -44.4586105347], [-580.713317871, 235.212722778, 43.5886306763, -32.7159385681, 85.2227172852, -40.7692527771, 55.2346687317, -8.84349441528, 130.283874512, 8.33805084229, 41.4010505676, -27.9919643402, 10.3259506226], [281.890777588, -356.301452637, 65.6122894287, 39.4149513245, -122.998596191, 51.0092086792, -64.5638046265, 56.8333587646, 8.33805084229, 150.38760376, -3.10695409775, 61.7735519409, -43.0856170654], [-545.415527344, 261.080810547, -27.3485183716, -33.5750617981, 75.1465682983, -57.0540618896, 46.1369590759, -49.9823570251, 41.4010505676, -3.10695409775, 120.852554321, 7.85434913635, 47.630607605], [72.8746109009, -257.553314209, 57.0155487061, -27.0321178436, -101.625198364, 31.3613147736, -47.1866874695, 34.4417533875, -27.9919643402, 61.7735519409, 7.85434913635, 134.559112549, 23.2568378448], [-310.237304688, 227.841018677, -63.4198112488, -47.7688293457, 42.0061645508, -46.1661567688, 31.7394180298, -44.4586105347, 10.3259506226, -43.0856170654, 47.630607605, 23.2568378448, 117.708869934]],
        "icov": [[0.000235924948356, -0.000637464225292, 0.000475385255413, -0.000593029661104, 0.000558142433874, -0.000397596537368, 0.000602601154242, -0.000623765576165, 0.000686350162141, -0.000540725071914, 0.00091245007934, -0.00054909317987, 0.000599103223067], [-0.000637464225292, 0.00338177965023, -0.000737150607165, 0.00222370657139, -0.00197993731126, 0.00129850080702, -0.00173789542168, 0.00255113956518, -0.00366228329949, 0.0034449447412, -0.00406145583838, 0.00282626901753, -0.00240542204119], [0.000475385255413, -0.000737150607165, 0.00314772664569, -0.000705781916622, 0.000264005124336, -0.00140656461008, 0.000577326049097, -0.000426975864684, -1.34560855258e-06, -0.00105527043343, 0.00225103250705, -0.00234862021171, 0.00229351711459], [-0.000593029661104, 0.00222370657139, -0.000705781916622, 0.00543367443606, -0.00113922578748, -0.000940543599427, -0.00140437064692, 0.00209720572457, -0.00194094737526, 0.00130075414199, -0.00339502468705, 0.00376409455203, -0.00155751837883], [0.000558142433874, -0.00197993731126, 0.000264005124336, -0.00113922578748, 0.0057047912851, -0.00168053177185, 0.000123814956169, -0.000937914417591, 0.000957687560003, 0.000412881752709, 0.000801499700174, 0.00023791314743, 0.00159660133068], [-0.000397596537368, 0.00129850080702, -0.00140656461008, -0.000940543599427, -0.00168053177185, 0.00922533031553, -0.00293511850759, -0.00128668674733, 0.00104013748933, -0.000691514811479, 0.000756578403525, -0.000392110232497, -0.000750497216359], [0.000602601154242, -0.00173789542168, 0.000577326049097, -0.00140437064692, 0.000123814956169, -0.00293511850759, 0.00987503584474, -0.00440084841102, 6.2485509261e-05, 0.00165441690478, -0.000858233019244, 0.000486839184305, 2.41829238803e-05], [-0.000623765576165, 0.00255113956518, -0.000426975864684, 0.00209720572457, -0.000937914417591, -0.00128668674733, -0.00440084841102, 0.0124337216839, -0.00400238996372, 0.000360956997611, 0.000286643451545, -0.000359109923011, 0.000190089398529], [0.000686350162141, -0.00366228329949, -1.34560855258e-06, -0.00194094737526, 0.000957687560003, 0.00104013748933, 6.2485509261e-05, -0.00400238996372, 0.0160088222474, -0.00821238383651, 0.00251738913357, 0.000516978965607, 0.00111583806574], [-0.000540725071914, 0.0034449447412, -0.00105527043343, 0.00130075414199, 0.000412881752709, -0.000691514811479, 0.00165441690478, 0.000360956997611, -0.00821238383651, 0.0187819972634, -0.00838996563107, -0.00171148893423, 0.00246612261981], [0.00091245007934, -0.00406145583838, 0.00225103250705, -0.00339502468705, 0.000801499700174, 0.000756578403525, -0.000858233019244, 0.000286643451545, 0.00251738913357, -0.00838996563107, 0.020286751911, -0.0067056696862, 0.000275858998066], [-0.00054909317987, 0.00282626901753, -0.00234862021171, 0.00376409455203, 0.00023791314743, -0.000392110232497, 0.000486839184305, -0.000359109923011, 0.000516978965607, -0.00171148893423, -0.0067056696862, 0.0182153210044, -0.00871862843633], [0.000599103223067, -0.00240542204119, 0.00229351711459, -0.00155751837883, 0.00159660133068, -0.000750497216359, 2.41829238803e-05, 0.000190089398529, 0.00111583806574, 0.00246612261981, 0.000275858998066, -0.00871862843633, 0.0169511530548]]
    },
    "melbands": {
        "dmean": [0.000272721837973, 0.000784211617429, 0.000480707793031, 0.000408621883253, 0.000334244425176, 0.000322271924233, 0.000133321431349, 0.000228175980737, 6.16098404862e-05, 0.000105143226392, 4.26558144682e-05, 4.58917638753e-05, 2.69877473329e-05, 1.33816101879e-05, 1.13764644993e-05, 2.38508437178e-05, 2.38511365751e-05, 2.00068770937e-05, 1.23680028992e-05, 1.918525777e-05, 1.31718188641e-05, 8.62444358063e-06, 7.25543304725e-06, 5.01506292494e-06, 6.69091923555e-06, 5.78976550969e-06, 5.29736280441e-06, 5.49475726075e-06, 4.57629812445e-06, 3.72486510969e-06, 4.73757154396e-06, 2.88408136839e-06, 1.74844569756e-06, 2.00079693968e-06, 2.02293381335e-06, 8.88132433374e-07, 6.09054438883e-07, 3.88027956433e-07, 2.96364817132e-07, 2.01370511377e-07],
        "dmean2": [0.000439504772658, 0.00117408845108, 0.000793267448898, 0.000635592383333, 0.000534735328984, 0.000491774349939, 0.000226017509704, 0.000341257196851, 9.71418412519e-05, 0.000151609754539, 6.56191186863e-05, 6.75084011164e-05, 4.14111455029e-05, 2.0631843654e-05, 1.72571872099e-05, 3.57898425136e-05, 3.82088037441e-05, 3.06776128127e-05, 1.94497697521e-05, 3.09019742417e-05, 2.20695055759e-05, 1.39616886372e-05, 1.14360209409e-05, 7.75063654146e-06, 1.07825007944e-05, 8.98262078408e-06, 8.38715186546e-06, 8.99601309357e-06, 7.39185361454e-06, 5.93938375459e-06, 7.69808775658e-06, 4.63207788926e-06, 2.76483820016e-06, 3.20239064422e-06, 3.33859384227e-06, 1.35449772642e-06, 8.86614600404e-07, 5.73848410568e-07, 4.54688631635e-07, 3.04475435087e-07],
        "dvar": [9.12147356757e-07, 4.18789386458e-06, 2.28663998314e-06, 8.32556850128e-07, 7.38381288556e-07, 7.29564703761e-07, 1.76644775252e-07, 3.89866016803e-07, 2.39338096009e-08, 5.13239619693e-08, 1.19113954256e-08, 2.08168007276e-08, 5.39006217437e-09, 1.05749198287e-09, 5.30897215079e-10, 2.68846300777e-09, 2.7463242791e-09, 4.84696149883e-09, 1.04977326831e-09, 1.67735991763e-09, 7.16991965799e-10, 2.3263876936e-10, 2.07226111271e-10, 9.85914891394e-11, 1.91165597241e-10, 1.52717893886e-10, 8.637808524e-11, 1.04473610318e-10, 1.18377987968e-10, 5.57387226652e-11, 1.14470100065e-10, 7.72168301522e-11, 2.24753184813e-11, 1.12291696774e-10, 1.01227547178e-10, 7.50543030503e-12, 2.94623049915e-12, 8.45839132242e-13, 4.73028842658e-13, 3.24907906569e-13],
        "dvar2": [2.26504857892e-06, 1.23643676488e-05, 6.76357558405e-06, 2.03365175366e-06, 1.94810854737e-06, 1.87726618606e-06, 4.73946244028e-07, 8.33211402096e-07, 5.81286414558e-08, 1.05726620347e-07, 2.5077268262e-08, 3.8346080089e-08, 1.34085977876e-08, 2.55534460258e-09, 1.21808196862e-09, 5.84612225296e-09, 6.30598506746e-09, 9.34900512561e-09, 2.23522222953e-09, 4.17741308212e-09, 1.83961390565e-09, 5.65537394692e-10, 4.87981710595e-10, 2.23260562815e-10, 4.50632697824e-10, 3.4612179789e-10, 2.09570860665e-10, 2.67008859467e-10, 3.05018621471e-10, 1.3631194784e-10, 2.72550787495e-10, 1.95167826345e-10, 5.78521709704e-11, 3.05286934621e-10, 2.87802781607e-10, 1.77925868483e-11, 6.37609886764e-12, 1.68415108248e-12, 1.01684025783e-12, 7.47124638632e-13],
        "max": [0.0158479623497, 0.0627042874694, 0.0306683722883, 0.014823500067, 0.0147605650127, 0.017980415374, 0.00651101674885, 0.0114490650594, 0.00256012100726, 0.00567707046866, 0.00294626504183, 0.00454943766817, 0.00156317313667, 0.000818896573037, 0.000439426279627, 0.00123935402371, 0.0015180488117, 0.00268189050257, 0.00113601994235, 0.000903435284272, 0.000443089869805, 0.00029498670483, 0.000247612944804, 0.000169907740201, 0.000260368542513, 0.000245923787588, 9.50751054916e-05, 8.88952126843e-05, 0.000119455995446, 8.70751246111e-05, 0.000122425262816, 0.000186975245015, 5.77790415264e-05, 0.00028711889172, 0.000216803018702, 4.83479852846e-05, 2.36002415477e-05, 1.40234069477e-05, 1.06768084152e-05, 9.5587784017e-06],
        "mean": [0.000504570314661, 0.00292952707969, 0.00145270233043, 0.00100587622728, 0.000734094064683, 0.000710127991624, 0.000197182627744, 0.000401033117669, 9.74143549684e-05, 0.000245136237936, 8.26617470011e-05, 9.29782399908e-05, 4.10251122958e-05, 1.95184784388e-05, 1.86019860848e-05, 3.98527590733e-05, 3.24746361002e-05, 3.06426554744e-05, 1.99404657906e-05, 2.95128083962e-05, 1.77148012881e-05, 1.22091796584e-05, 1.07392907012e-05, 7.45897068555e-06, 8.25753249956e-06, 7.83442101238e-06, 6.16563556832e-06, 5.87860040469e-06, 4.68925463792e-06, 3.99192049372e-06, 4.48588343716e-06, 2.97930478155e-06, 1.75369063982e-06, 1.83993574865e-06, 1.77403831003e-06, 9.43510883644e-07, 6.50335323371e-07, 4.35875676885e-07, 3.3587963344e-07, 2.20259863681e-07],
        "median": [0.000191728613572, 0.00091621465981, 0.000726429338101, 0.000468802492833, 0.000335877295583, 0.000295348174404, 7.19188828953e-05, 9.74525755737e-05, 3.57185563189e-05, 8.08798358776e-05, 3.46386150341e-05, 1.91714352695e-05, 1.29885265778e-05, 7.23562698113e-06, 8.2580745584e-06, 1.71164683707e-05, 1.1594184798e-05, 1.17136351037e-05, 8.63555214892e-06, 1.12866691779e-05, 7.80821392254e-06, 5.64089759791e-06, 4.80201561004e-06, 3.26365602632e-06, 2.54419137491e-06, 2.50900075116e-06, 1.59867408911e-06, 1.33929665935e-06, 7.64749074733e-07, 6.60723912915e-07, 4.45633531854e-07, 3.29467297888e-07, 1.95078939669e-07, 1.26506989773e-07, 9.7546745792e-08, 6.70064963515e-08, 4.0628904685e-08, 2.54744776385e-08, 1.99633571896e-08, 1.21034791079e-08],
        "min": [8.7948287943e-25, 9.06140067139e-25, 1.04623969315e-24, 1.02440392468e-24, 1.13349411876e-24, 1.77750044026e-24, 1.5417825895e-24, 2.1264078994e-24, 2.06347888727e-24, 2.98442271815e-24, 2.71427611787e-24, 2.10392220815e-24, 2.38333220483e-24, 2.45095533378e-24, 3.28161068141e-24, 3.04140569121e-24, 3.13487880595e-24, 3.65203116629e-24, 4.85572167827e-24, 4.35987723984e-24, 2.34901261394e-24, 2.86100838776e-24, 3.94315910007e-24, 4.376686288e-24, 3.91884088495e-24, 2.51462015592e-24, 4.01384143161e-24, 3.87264676806e-24, 5.4312225299e-24, 4.64214744894e-24, 6.02660977609e-24, 4.16453003615e-24, 4.69085882098e-24, 4.69713342062e-24, 5.52839362734e-24, 6.37371567413e-24, 6.47880772393e-24, 6.4171972928e-24, 5.04934285429e-24, 6.2746678766e-24],
        "var": [1.17685476653e-06, 2.45479714067e-05, 5.61679235034e-06, 2.2981607799e-06, 1.39161716106e-06, 1.59093576713e-06, 1.94846009549e-07, 8.32248417737e-07, 3.52566509321e-08, 1.81757101814e-07, 2.59649564072e-08, 8.32271709328e-08, 8.34945623751e-09, 1.45103828952e-09, 1.10425091293e-09, 5.10723419112e-09, 5.60598634181e-09, 9.89977610999e-09, 2.0652906052e-09, 3.195650633e-09, 9.97411042647e-10, 3.92354065903e-10, 3.30572264007e-10, 1.61988505942e-10, 2.72488753783e-10, 2.26891325172e-10, 1.11953883664e-10, 1.13297315973e-10, 1.09400093151e-10, 6.21597079364e-11, 1.11222864252e-10, 7.23925780433e-11, 2.12256844045e-11, 8.05336283771e-11, 6.31947064123e-11, 8.04489808104e-12, 3.85303507849e-12, 1.33756439084e-12, 6.99138555209e-13, 4.23988887619e-13]
    },
    "mfcc": {
        "mean": [-684.237487793, 150.41468811, -7.1052107811, 36.2561988831, 2.59433150291, 6.41397285461, -7.69072437286, -2.55558633804, -1.38020992279, 2.94702219963, -3.74590349197, -4.40542078018, -6.99219894409],
        "cov": [[9926.73730469, -1319.09960938, -46.3652496338, 203.713470459, -419.146850586, -85.925743103, -283.307403564, -8.0451002121, -22.481590271, 25.4932861328, -124.933578491, 25.028383255, -67.8221282959], [-1319.09960938, 2507.47827148, -458.484741211, 117.374938965, 248.369842529, -18.3356208801, 80.0241546631, 19.3810043335, -18.6466331482, 2.00969052315, -48.059928894, -76.5741043091, -14.016409874], [-46.3652496338, -458.484741211, 524.1875, -54.5220108032, -9.01936912537, 37.6366233826, -27.9608345032, -3.44392085075, 28.7897644043, 2.56265974045, 70.4011077881, 44.8129501343, 23.4142169952], [203.713470459, 117.374938965, -54.5220108032, 234.367614746, 47.0062294006, 48.2362251282, 32.8138122559, 14.0781478882, 5.51315164566, 28.463760376, 8.65724277496, 1.6824375391, -10.3847913742], [-419.146850586, 248.369842529, -9.01936912537, 47.0062294006, 199.685073853, 56.336807251, 33.5065422058, 13.689450264, 8.31644058228, 20.3002986908, 8.25195026398, -3.0634098053, -2.90794610977], [-85.925743103, -18.3356208801, 37.6366233826, 48.2362251282, 56.336807251, 134.40461731, 59.4696464539, 26.1754589081, 17.2539024353, 15.0478839874, 14.5910520554, 1.59985101223, -2.93174028397], [-283.307403564, 80.0241546631, -27.9608345032, 32.8138122559, 33.5065422058, 59.4696464539, 158.558074951, 74.8539505005, 31.9983940125, 16.9766654968, -1.10951471329, -2.18659281731, -3.59444689751], [-8.0451002121, 19.3810043335, -3.44392085075, 14.0781478882, 13.689450264, 26.1754589081, 74.8539505005, 123.038391113, 56.1771774292, 16.2404117584, -3.63949728012, 2.22522783279, 3.39497160912], [-22.481590271, -18.6466331482, 28.7897644043, 5.51315164566, 8.31644058228, 17.2539024353, 31.9983940125, 56.1771774292, 96.5246734619, 37.4908790588, 13.7517805099, 0.42017441988, -6.48594999313], [25.4932861328, 2.00969052315, 2.56265974045, 28.463760376, 20.3002986908, 15.0478839874, 16.9766654968, 16.2404117584, 37.4908790588, 84.0111694336, 41.7157402039, 8.87773227692, -6.53606987], [-124.933578491, -48.059928894, 70.4011077881, 8.65724277496, 8.25195026398, 14.5910520554, -1.10951471329, -3.63949728012, 13.7517805099, 41.7157402039, 96.985786438, 45.8909263611, 11.8308963776], [25.028383255, -76.5741043091, 44.8129501343, 1.6824375391, -3.0634098053, 1.59985101223, -2.18659281731, 2.22522783279, 0.42017441988, 8.87773227692, 45.8909263611, 78.0131912231, 35.8169212341], [-67.8221282959, -14.016409874, 23.4142169952, -10.3847913742, -2.90794610977, -2.93174028397, -3.59444689751, 3.39497160912, -6.48594999313, -6.53606987, 11.8308963776, 35.8169212341, 72.7253036499]],
