{
"lowlevel": {
    "average_loudness": 0.963286936283,
    "barkbands_crest": {
        "dmean": 3.66682362556,
        "dmean2": 5.795337677,
        "dvar": 10.0731277466,
        "dvar2": 25.4968357086,
        "max": 26.7134151459,
        "mean": 12.8352813721,
        "median": 11.8982133865,
        "min": 2.07182145119,
        "var": 30.5017318726
    },
    "barkbands_flatness_db": {
        "dmean": 0.0447934307158,
        "dmean2": 0.0663179084659,
        "dvar": 0.00205679959618,
        "dvar2": 0.00445697829127,
        "max": 0.583115458488,
        "mean": 0.15681989491,
        "median": 0.142124757171,
        "min": 0.0232292879373,
        "var": 0.00616285344586
    },
    "barkbands_kurtosis": {
        "dmean": 18.6028823853,
        "dmean2": 29.385181427,
        "dvar": 6422.69775391,
        "dvar2": 14970.9990234,
        "max": 1811.14880371,
        "mean": 21.0891551971,
        "median": 5.81228065491,
        "min": -1.8985440731,
        "var": 6731.02001953
    },
    "barkbands_skewness": {
        "dmean": 1.40141904354,
        "dmean2": 2.11148810387,
        "dvar": 3.61611127853,
        "dvar2": 7.92548751831,
        "max": 38.352104187,
        "mean": 3.07323026657,
        "median": 2.55825924873,
        "min": -2.55310106277,
        "var": 8.22749042511
    },
    "barkbands_spread": {
        "dmean": 11.6852254868,
        "dmean2": 18.5419120789,
        "dvar": 153.313568115,
        "dvar2": 377.087799072,
        "max": 132.786972046,
        "mean": 25.4065361023,
        "median": 21.9767856598,
        "min": 0.0750678405166,
        "var": 335.422302246
    },
    "dissonance": {
        "dmean": 0.00847604777664,
        "dmean2": 0.014201018028,
        "dvar": 0.000118168420158,
        "dvar2": 0.000319857092109,
        "max": 0.500000059605,
        "mean": 0.485290288925,
        "median": 0.488242954016,
        "min": 0.299565762281,
        "var": 0.000166530982824
    },
    "dynamic_complexity": 2.47209072113,
    "erbbands_crest": {
        "dmean": 2.26502537727,
        "dmean2": 3.68208241463,
        "dvar": 6.7363576889,
        "dvar2": 15.4643907547,
        "max": 27.3564891815,
        "mean": 6.41830015182,
        "median": 5.23340511322,
        "min": 2.05501389503,
        "var": 13.4958543777
    },
    "erbbands_flatness_db": {
        "dmean": 0.0164154656231,
        "dmean2": 0.0250016003847,
        "dvar": 0.000393152440665,
        "dvar2": 0.000835741462652,
        "max": 0.383557289839,
        "mean": 0.123181864619,
        "median": 0.116252116859,
        "min": 0.021112408489,
        "var": 0.00120818114374
    },
    "erbbands_kurtosis": {
        "dmean": 1.33980429173,
        "dmean2": 2.17303729057,
        "dvar": 20.5182933807,
        "dvar2": 50.5353965759,
        "max": 172.37953186,
        "mean": -0.0361553803086,
        "median": -0.935131788254,
        "min": -1.88381409645,
        "var": 21.4575233459
    },
    "erbbands_skewness": {
        "dmean": 0.51349824667,
        "dmean2": 0.786117136478,
        "dvar": 0.429174244404,
        "dvar2": 0.968826055527,
        "max": 10.0364542007,
        "mean": -0.185983106494,
        "median": -0.341411560774,
        "min": -3.47021794319,
        "var": 0.936142861843
    },
    "erbbands_spread": {
        "dmean": 15.68887043,
        "dmean2": 24.8302097321,
        "dvar": 241.877563477,
        "dvar2": 607.436889648,
        "max": 171.507583618,
        "mean": 69.9284210205,
        "median": 71.529510498,
        "min": 1.287099123,
        "var": 560.199951172
    },
    "hfc": {
        "dmean": 14.8200054169,
        "dmean2": 23.4117393494,
        "dvar": 373.604034424,
        "dvar2": 963.42956543,
        "max": 159.193527222,
        "mean": 25.0039043427,
        "median": 19.2766723633,
        "min": 1.09267011968e-16,
        "var": 485.109588623
    },
    "melbands_crest": {
        "dmean": 4.53921031952,
        "dmean2": 7.1304397583,
        "dvar": 13.633638382,
        "dvar2": 35.0180587769,
        "max": 36.6180877686,
        "mean": 18.2119274139,
        "median": 18.0853252411,
        "min": 1.58840620518,
        "var": 38.1622581482
    },
    "melbands_flatness_db": {
        "dmean": 0.0556623451412,
        "dmean2": 0.0822436287999,
        "dvar": 0.00305100576952,
        "dvar2": 0.00689556822181,
        "max": 0.730985760689,
        "mean": 0.225420802832,
        "median": 0.216304972768,
        "min": 0.00267629441805,
        "var": 0.00970810651779
    },
    "melbands_kurtosis": {
        "dmean": 38.8007583618,
        "dmean2": 59.7063331604,
        "dvar": 4501.65771484,
        "dvar2": 9792.34765625,
        "max": 1449.75073242,
        "mean": 63.1758651733,
        "median": 34.1424827576,
        "min": -1.67868304253,
        "var": 8437.04492188
    },
    "melbands_skewness": {
        "dmean": 1.92710518837,
        "dmean2": 2.95334434509,
        "dvar": 3.92662882805,
        "dvar2": 9.43937683105,
        "max": 27.782377243,
        "mean": 5.85127878189,
        "median": 5.29318284988,
        "min": -1.29282343388,
        "var": 11.2635536194
    },
    "melbands_spread": {
        "dmean": 12.2279748917,
        "dmean2": 19.804523468,
        "dvar": 293.228729248,
        "dvar2": 716.436462402,
        "max": 169.859390259,
        "mean": 20.8039150238,
        "median": 12.2669229507,
        "min": 0.144745588303,
        "var": 614.107177734
    },
    "pitch_salience": {
        "dmean": 0.112735264003,
        "dmean2": 0.170412734151,
        "dvar": 0.0101038413122,
        "dvar2": 0.0226363427937,
        "max": 0.961572408676,
        "mean": 0.520534813404,
        "median": 0.565345048904,
        "min": 0.0249265898019,
        "var": 0.0315223932266
    },
    "silence_rate_20dB": {
        "dmean": 0,
        "dmean2": 0,
        "dvar": 0,
        "dvar2": 0,
        "max": 1,
        "mean": 1,
        "median": 1,
        "min": 1,
        "var": 0
    },
    "silence_rate_30dB": {
        "dmean": 0.0616045854986,
        "dmean2": 0.123226821423,
        "dvar": 0.0578059367836,
        "dvar2": 0.134989023209,
        "max": 1,
        "mean": 0.933963596821,
        "median": 1,
        "min": 0,
        "var": 0.0616779103875
    },
    "silence_rate_60dB": {
        "dmean": 0.0283667612821,
        "dmean2": 0.0567416548729,
        "dvar": 0.0275621581823,
        "dvar2": 0.0658513531089,
        "max": 1,
        "mean": 0.0825096666813,
        "median": 0,
        "min": 0,
        "var": 0.0756998360157
    },
    "spectral_centroid": {
        "dmean": 506.12210083,
        "dmean2": 802.093505859,
        "dvar": 275091.75,
        "dvar2": 633750,
        "max": 11731.2626953,
        "mean": 1662.26184082,
        "median": 1514.40710449,
        "min": 99.2803421021,
        "var": 1325301
    },
    "spectral_complexity": {
        "dmean": 9.11232089996,
        "dmean2": 13.3855857849,
        "dvar": 84.9559020996,
        "dvar2": 177.834899902,
        "max": 66,
        "mean": 21.8948574066,
        "median": 21,
        "min": 0,
        "var": 222.544143677
    },
    "spectral_decrease": {
        "dmean": 5.21421483768e-09,
        "dmean2": 8.30922086692e-09,
        "dvar": 3.63445294055e-17,
        "dvar2": 1.02429814957e-16,
        "max": 1.45034682245e-28,
        "mean": -1.2364134605e-08,
        "median": -1.05395860928e-08,
        "min": -5.8957255078e-08,
        "var": 9.22864299776e-17
    },
    "spectral_energy": {
        "dmean": 0.0202180724591,
        "dmean2": 0.0323190651834,
        "dvar": 0.000527162686922,
        "dvar2": 0.00147667864803,
        "max": 0.224419668317,
        "mean": 0.04893315956,
        "median": 0.0430009774864,
        "min": 1.03098628326e-20,
        "var": 0.00135649403092
    },
    "spectral_energyband_high": {
        "dmean": 0.00142480235081,
        "dmean2": 0.0022385455668,
        "dvar": 4.14910573454e-06,
        "dvar2": 1.08653975985e-05,
        "max": 0.0183602180332,
        "mean": 0.00195544399321,
        "median": 0.00117036316078,
        "min": 7.26018766239e-21,
        "var": 5.0432986427e-06
    },
    "spectral_energyband_low": {
        "dmean": 0.0179168209434,
        "dmean2": 0.0275364834815,
        "dvar": 0.00052380253328,
        "dvar2": 0.00145503808744,
        "max": 0.22219991684,
        "mean": 0.0345959849656,
        "median": 0.0232156701386,
        "min": 2.47343629186e-23,
        "var": 0.00122394610662
    },
    "spectral_energyband_middle_high": {
        "dmean": 0.00222462858073,
        "dmean2": 0.00363680627197,
        "dvar": 1.10449436761e-05,
        "dvar2": 2.87972161459e-05,
        "max": 0.0303712692112,
        "mean": 0.00319964601658,
        "median": 0.002191580832,
        "min": 1.20962643786e-21,
        "var": 1.2145823348e-05
    },
    "spectral_energyband_middle_low": {
        "dmean": 0.00816567149013,
        "dmean2": 0.0125382784754,
        "dvar": 0.000143830751767,
        "dvar2": 0.000328426365741,
        "max": 0.106977194548,
        "mean": 0.0139014059678,
        "median": 0.0100366687402,
        "min": 1.50264181602e-22,
        "var": 0.000201671224204
    },
    "spectral_entropy": {
        "dmean": 0.229425936937,
        "dmean2": 0.345272690058,
        "dvar": 0.0891194567084,
        "dvar2": 0.184467047453,
        "max": 9.81408309937,
        "mean": 7.85234022141,
        "median": 7.93317270279,
        "min": 3.86900258064,
        "var": 0.236159592867
    },
    "spectral_flux": {
        "dmean": 0.03945556283,
        "dmean2": 0.0630755275488,
        "dvar": 0.00152570288628,
        "dvar2": 0.00355796283111,
        "max": 0.366739094257,
        "mean": 0.11994689703,
        "median": 0.112381488085,
        "min": 6.41888833752e-11,
        "var": 0.00444919010624
    },
    "spectral_kurtosis": {
        "dmean": 1.18507730961,
        "dmean2": 1.97289967537,
        "dvar": 10.3740310669,
        "dvar2": 23.1151847839,
        "max": 97.6869506836,
        "mean": 2.24539899826,
        "median": 1.60151433945,
        "min": -1.2949873209,
        "var": 13.8153009415
    },
    "spectral_rms": {
        "dmean": 0.00139902636874,
        "dmean2": 0.00215684087016,
        "dvar": 1.92610013983e-06,
        "dvar2": 4.76869763588e-06,
        "max": 0.0147968251258,
        "mean": 0.00626496970654,
        "median": 0.00647705001757,
        "min": 3.17149843714e-12,
        "var": 8.48965009936e-06
    },
    "spectral_rolloff": {
        "dmean": 911.728942871,
        "dmean2": 1558.9284668,
        "dvar": 1999591.375,
        "dvar2": 4712214,
        "max": 19444.4824219,
        "mean": 1427.19311523,
        "median": 301.46484375,
        "min": 21.533203125,
        "var": 5672167.5
    },
    "spectral_skewness": {
        "dmean": 0.204216092825,
        "dmean2": 0.327323257923,
        "dvar": 0.112895920873,
        "dvar2": 0.248981043696,
        "max": 8.08481788635,
        "mean": 1.00687277317,
        "median": 0.921974301338,
        "min": -0.064539924264,
        "var": 0.220784455538
    },
    "spectral_spread": {
        "dmean": 606451.8125,
        "dmean2": 950200.375,
        "dvar": 741893406720,
        "dvar2": 1.64739402957e+12,
        "max": 43032948,
        "mean": 5451646.5,
        "median": 5118197.5,
        "min": 817914.625,
        "var": 1.07906114519e+13
    },
    "spectral_strongpeak": {
        "dmean": 0.258291363716,
        "dmean2": 0.425947666168,
        "dvar": 0.102939888835,
        "dvar2": 0.278738647699,
        "max": 7.58033418655,
        "mean": 0.525435388088,
        "median": 0.470272421837,
        "min": 0,
        "var": 0.154415041208
    },
    "zerocrossingrate": {
        "dmean": 0.0169989038259,
        "dmean2": 0.0203326214105,
        "dvar": 0.000337779172696,
        "dvar2": 0.000485466152895,
        "max": 0.86572265625,
        "mean": 0.0652986094356,
        "median": 0.0537109375,
        "min": 0.00244140625,
        "var": 0.00460969982669
    },
    "barkbands": {
        "dmean": [0.000672118621878, 0.0137221459299, 0.00689113792032, 0.0058176657185, 0.00350109231658, 0.00109937007073, 0.000427504506661, 0.000254197919276, 0.000120390657685, 0.000126401457237, 0.000110252025479, 0.000209974779864, 0.000196799184778, 0.000211455699173, 0.000254888524069, 0.000263929308858, 0.000365456216969, 0.00037997768959, 0.000342926185112, 0.00041211702046, 0.000417728762841, 0.000310773088131, 0.000265446171397, 0.000204320356715, 9.99356125249e-05, 1.80598271982e-05, 1.17418710488e-06],
        "dmean2": [0.000925067462958, 0.0216366499662, 0.0106467837468, 0.00919223856181, 0.00586106954142, 0.00180027238093, 0.000756649533287, 0.000438814575318, 0.000205736520002, 0.000213473264012, 0.000188094098121, 0.000350770453224, 0.000340551720001, 0.000358030054485, 0.00043264820124, 0.000446296064183, 0.000623652827926, 0.000653711671475, 0.00058297009673, 0.000699103286024, 0.000684286351316, 0.000513037492055, 0.000414642185206, 0.00031434383709, 0.000162542710314, 2.80292915704e-05, 1.92616153072e-06],
        "dvar": [1.19071376048e-06, 0.000449422339443, 0.000171560561284, 9.21764076338e-05, 5.16372056154e-05, 2.53678899753e-06, 6.26757184818e-07, 3.31197128389e-07, 7.52857829411e-08, 1.08352416817e-07, 5.1077428509e-08, 1.06187293625e-07, 1.0546204976e-07, 1.09080922073e-07, 1.80913900749e-07, 2.92427017712e-07, 3.80770558195e-07, 3.59580866416e-07, 3.22078392401e-07, 4.48386515473e-07, 4.50243675232e-07, 1.95162115801e-07, 1.42488190136e-07, 9.41417255262e-08, 2.77082801148e-08, 1.05493458413e-09, 9.29773879416e-12],
        "dvar2": [2.6129634989e-06, 0.00115022819955, 0.000401664117817, 0.000235364117543, 0.000143168363138, 6.50958145343e-06, 1.73749890564e-06, 8.14569034446e-07, 2.03010287692e-07, 2.68621562327e-07, 1.33257231028e-07, 2.68454925845e-07, 2.79977598439e-07, 2.84590214505e-07, 4.76661597304e-07, 7.88954707787e-07, 1.0194260085e-06, 9.78837761068e-07, 8.63171635501e-07, 1.21133905395e-06, 1.23622271531e-06, 5.07247136738e-07, 3.60446961167e-07, 2.28861296137e-07, 6.93603823265e-08, 2.34997443727e-09, 2.28264213087e-11],
        "max": [0.0123084122315, 0.192232310772, 0.156496167183, 0.0943053886294, 0.0937773734331, 0.0197105761617, 0.0107584614307, 0.0206295158714, 0.00703212525696, 0.0113776838407, 0.00655743433163, 0.00397214153782, 0.00518346764147, 0.00314976321533, 0.00579380523413, 0.0111084496602, 0.00934368930757, 0.00674208672717, 0.0070737125352, 0.00700575578958, 0.00681101111695, 0.00434736721218, 0.0036553023383, 0.00995412562042, 0.00169350206852, 0.000485224911245, 7.01997923898e-05],
        "mean": [0.000901827821508, 0.0209081694484, 0.0081026526168, 0.00722986133769, 0.00424982560799, 0.00152749265544, 0.000442049145931, 0.000267201015959, 0.000143692668644, 0.000152975975652, 0.000121755714645, 0.00023398695339, 0.000214022002183, 0.000238462089328, 0.000300958316075, 0.000321100349538, 0.000431086926255, 0.000461357238237, 0.000491030456033, 0.00051480520051, 0.000536157749593, 0.000421104894485, 0.000341868377291, 0.000250059878454, 0.000106838924694, 2.15831005335e-05, 1.27177929699e-06],
        "median": [0.000203508374398, 0.00917449407279, 0.00314869172871, 0.00346425175667, 0.00246012187563, 0.00086281640688, 0.000195547021576, 0.000113249378046, 6.91609020578e-05, 7.1857481089e-05, 6.42253507976e-05, 0.000118120842671, 0.000110595959995, 0.000126663508127, 0.000176237124833, 0.000189911006601, 0.000246273557423, 0.00027691910509, 0.00032695668051, 0.000304442277411, 0.00032651310903, 0.000255236984231, 0.000171979350853, 0.000109180320578, 3.66726053471e-05, 7.67950677982e-06, 2.01458234983e-07],
        "min": [1.98552404704e-24, 7.16939983175e-24, 7.75492473891e-25, 1.66348262654e-24, 7.99117438052e-24, 1.23728549469e-23, 1.05942315632e-23, 5.76617839228e-24, 1.56146212501e-23, 1.66035467472e-23, 1.70350268411e-23, 1.315845549e-23, 2.75465021621e-23, 4.07090881278e-23, 3.16874539347e-23, 5.55379155639e-23, 8.56689879533e-23, 9.5830500911e-23, 8.35049531637e-23, 1.75735843899e-22, 2.75229707569e-22, 3.45794464122e-22, 4.40207558691e-22, 6.00146494518e-22, 8.67711250878e-22, 1.33192507123e-21, 2.0809965897e-21],
        "var": [2.06876143238e-06, 0.000843077083118, 0.000214757368667, 0.000101462159364, 4.05183418479e-05, 3.62750506611e-06, 5.47644106064e-07, 3.32206184339e-07, 8.08192552881e-08, 1.60406401051e-07, 4.80950781423e-08, 1.09103112322e-07, 9.65847704038e-08, 1.05891380997e-07, 1.77084302777e-07, 2.41049093574e-07, 3.55956160547e-07, 3.39789949066e-07, 3.73837025336e-07, 4.28586957923e-07, 4.38223338506e-07, 2.40903261783e-07, 1.79110813292e-07, 1.29355854028e-07, 3.0383478844e-08, 1.44054734807e-09, 1.43125138477e-11]
    },
    "erbbands": {
        "dmean": [0.357948631048, 3.29308009148, 7.01350975037, 15.0681447983, 13.1919536591, 11.9879465103, 10.9574747086, 7.70184326172, 6.78305578232, 5.61414957047, 4.92612409592, 2.81230473518, 3.17273259163, 4.3793053627, 5.49812793732, 8.63772296906, 8.93000602722, 9.92066955566, 12.0550460815, 14.926150322, 14.14037323, 20.0093326569, 20.5498962402, 17.072063446, 18.8234100342, 20.524023056, 15.4200000763, 16.9940719604, 11.9631223679, 8.77021312714, 7.36110639572, 5.3365278244, 2.86689949036, 1.41626679897, 0.548197865486, 0.120162293315, 0.0267060417682, 0.00418750708923, 0.000186206016224, 2.63009333139e-05],
        "dmean2": [0.534601569176, 5.20413303375, 10.5604114532, 23.1942081451, 20.9876289368, 20.4194412231, 17.7943840027, 13.0599346161, 11.8696928024, 9.85826683044, 8.4737329483, 4.83286762238, 5.36728954315, 7.32014465332, 9.26393222809, 14.4820604324, 15.409239769, 16.6259098053, 20.2795391083, 25.4374389648, 23.6086483002, 34.0910682678, 35.2061309814, 28.851556778, 31.9582901001, 35.2674827576, 25.2085170746, 28.2632427216, 19.9491100311, 14.0232639313, 11.5039663315, 8.26098632812, 4.43594646454, 2.28488612175, 0.892955303192, 0.187978342175, 0.0414692051709, 0.00652261683717, 0.000300536572468, 4.21778349846e-05],
        "dvar": [0.371689856052, 26.8185024261, 151.206573486, 630.008361816, 646.712158203, 568.580810547, 239.620071411, 154.416976929, 152.452377319, 148.265731812, 94.5281906128, 49.9912414551, 55.6991767883, 90.8211593628, 97.4690628052, 180.087188721, 208.931869507, 238.036178589, 382.85723877, 889.58203125, 564.76751709, 1088.08776855, 1102.1829834, 834.672851562, 885.070983887, 1240.20300293, 516.019897461, 803.587219238, 304.578460693, 152.853485107, 112.649612427, 54.7271270752, 27.0269107819, 5.49567890167, 0.974125862122, 0.0435993522406, 0.00241060974076, 6.95237395121e-05, 2.42849012011e-07, 7.55156159826e-10],
        "dvar2": [0.988662838936, 64.3125457764, 337.672668457, 1538.06286621, 1674.24572754, 1589.03564453, 602.898071289, 420.437561035, 423.115600586, 392.952636719, 244.183883667, 135.632247925, 145.622329712, 196.730300903, 249.440551758, 459.173370361, 554.207580566, 617.899597168, 998.665466309, 2426.33520508, 1449.50756836, 2926.12426758, 2996.00976562, 2283.23974609, 2354.02124023, 3434.27001953, 1353.70239258, 2213.40454102, 802.183837891, 395.381439209, 280.14440918, 130.094421387, 68.1243972778, 13.8237781525, 2.42856502533, 0.0974788442254, 0.00542419264093, 0.000157819449669, 6.09390440331e-07, 2.00725014388e-09],
        "max": [7.08676195145, 47.3297309875, 144.385253906, 301.517578125, 258.893615723, 335.396148682, 197.239807129, 150.895751953, 202.684173584, 322.739471436, 271.578918457, 208.070236206, 220.733581543, 387.282226562, 247.331741333, 159.889846802, 186.59437561, 188.576766968, 277.371948242, 511.7628479, 346.326446533, 455.376586914, 385.714813232, 603.524108887, 417.90737915, 427.656585693, 206.008285522, 287.087280273, 183.365188599, 124.756065369, 106.673988342, 76.7281723022, 245.268569946, 55.4640731812, 10.1450242996, 3.79119157791, 0.71585047245, 0.115531153977, 0.013420115225, 0.000279421714367],
        "mean": [0.561956882477, 4.75019741058, 9.55848503113, 20.0177898407, 16.4410495758, 14.2919378281, 15.3279685974, 9.56957626343, 7.32857370377, 5.56550312042, 5.47325277328, 3.34992098808, 3.90686559677, 5.37531375885, 6.21997833252, 9.74566936493, 10.0310583115, 11.9051847458, 14.3503322601, 17.4342575073, 18.2285346985, 24.2201919556, 25.1415500641, 23.190038681, 26.2028179169, 24.9923496246, 21.2191791534, 20.9216194153, 15.5602340698, 12.0587244034, 9.30984973907, 6.43826007843, 3.50242090225, 1.54769337177, 0.577077329159, 0.140410959721, 0.0319674238563, 0.00505635468289, 0.000225664087338, 6.41319493297e-05],
        "median": [0.197609424591, 2.08808636665, 4.19539690018, 10.2832660675, 8.56118869781, 8.45364189148, 8.46427440643, 5.45341444016, 3.54056239128, 2.53334069252, 2.45743656158, 1.62027549744, 1.94290196896, 2.61164402962, 3.34700512886, 4.84306907654, 5.27491474152, 6.79797887802, 8.23849105835, 10.2431535721, 11.5424118042, 14.4466514587, 15.1555252075, 15.0346574783, 16.4976673126, 14.6816644669, 13.4514780045, 12.2650537491, 9.2451467514, 6.73064994812, 4.58256387711, 2.73918390274, 1.53461301327, 0.576244473457, 0.18029153347, 0.0499002709985, 0.0111865093932, 0.00152682384942, 7.67685996834e-05, 5.99783488724e-05],
        "min": [2.11983914141e-22, 5.74179364463e-22, 2.29531290679e-21, 9.42666173617e-21, 2.10391240072e-20, 3.37263701593e-20, 3.00445989464e-20, 9.13022508467e-20, 1.42981813644e-19, 1.63720653318e-19, 2.01438370265e-19, 4.68652721124e-19, 4.14908263486e-19, 8.04774202614e-19, 1.17109356673e-18, 1.06681297485e-18, 1.440516115e-18, 2.12821412055e-18, 2.51942422817e-18, 3.46989445667e-18, 3.72454531696e-18, 5.16496744357e-18, 5.59756222442e-18, 5.30953793513e-18, 5.24824219738e-18, 7.44992277762e-18, 7.87182873059e-18, 1.19806598263e-17, 1.2669937023e-17, 1.22395144184e-17, 1.24838668801e-17, 9.09276633988e-18, 1.02127622718e-17, 8.95335331944e-18, 6.3899603058e-18, 4.40537410451e-18, 2.12102943654e-18, 9.95759711199e-19, 2.67327868473e-19, 2.92331315343e-20],
        "var": [0.718523681164, 47.6502418518, 236.747116089, 743.568664551, 600.178833008, 446.549346924, 390.519378662, 157.92906189, 143.207275391, 130.101608276, 97.7218704224, 50.230884552, 74.6007232666, 153.680862427, 96.8377380371, 187.265686035, 194.228424072, 242.508666992, 386.480834961, 703.206298828, 567.602478027, 1035.31481934, 1037.16772461, 853.334289551, 1074.3692627, 1083.5567627, 600.407165527, 736.804016113, 344.396820068, 206.150802612, 138.734985352, 74.6173171997, 33.7363014221, 6.36017227173, 1.01124346256, 0.0583334490657, 0.00333613483235, 0.000109827109554, 3.5855242686e-07, 1.93140170524e-09]
    },
    "gfcc": {
        "mean": [-16.6350955963, 74.592086792, -98.1561584473, 77.146194458, -47.7332878113, 20.44597435, -38.1753768921, 1.00596106052, -23.7514324188, -0.465492844582, -11.8824367523, -1.13447761536, -9.50572013855],
        "cov": [[31936.8691406, 603.926879883, -2173.54150391, 2001.08251953, -1243.04321289, 692.565979004, -919.603515625, 301.403015137, -578.454956055, 163.292709351, -275.352783203, 121.456184387, -256.409423828], [603.926879883, 1256.28637695, -22.7597866058, 193.211837769, 203.98197937, -130.284210205, 132.602584839, -118.627510071, 130.160919189, -141.182128906, 120.532348633, -75.844581604, 104.017471313], [-2173.54150391, -22.7597866058, 703.638916016, -2.33895277977, 227.989257812, 60.8882865906, 123.216087341, 31.7582759857, 49.6052703857, 10.873090744, 5.82007932663, -4.82031536102, 14.3765916824], [2001.08251953, 193.211837769, -2.33895277977, 509.635131836, 85.0756912231, 95.2419509888, 16.7500171661, 3.46360087395, 12.0022964478, -28.0870513916, 27.3502731323, -17.9285488129, 1.77770864964], [-1243.04321289, 203.98197937, 227.989257812, 85.0756912231, 354.269470215, 35.7357749939, 136.24357605, -0.00627380656078, 64.9457855225, -28.1054706573, 33.4356269836, -17.314332962, 16.9470367432], [692.565979004, -130.284210205, 60.8882865906, 95.2419509888, 35.7357749939, 168.090316772, 27.1959190369, 54.6294631958, -4.21007537842, 29.1164512634, -6.79090499878, 14.4920787811, -10.9986858368], [-919.603515625, 132.602584839, 123.216087341, 16.7500171661, 136.24357605, 27.1959190369, 192.558990479, 37.8634147644, 87.8227233887, -0.2871504426, 45.9674568176, -4.83921766281, 28.2336387634], [301.403015137, -118.627510071, 31.7582759857, 3.46360087395, -0.00627380656078, 54.6294631958, 37.8634147644, 114.109672546, 28.9757728577, 55.0969429016, -2.50511837006, 21.6868648529, -8.12035751343], [-578.454956055, 130.160919189, 49.6052703857, 12.0022964478, 64.9457855225, -4.21007537842, 87.8227233887, 28.9757728577, 132.941329956, 25.3989105225, 55.2389793396, -3.24862337112, 38.5942955017], [163.292709351, -141.182128906, 10.873090744, -28.0870513916, -28.1054706573, 29.1164512634, -0.2871504426, 55.0969429016, 25.3989105225, 107.524848938, 22.6776599884, 36.1708374023, -6.24046611786], [-275.352783203, 120.532348633, 5.82007932663, 27.3502731323, 33.4356269836, -6.79090499878, 45.9674568176, -2.50511837006, 55.2389793396, 22.6776599884, 94.9183654785, 25.8692779541, 36.4635429382], [121.456184387, -75.844581604, -4.82031536102, -17.9285488129, -17.314332962, 14.4920787811, -4.83921766281, 21.6868648529, -3.24862337112, 36.1708374023, 25.8692779541, 69.1626358032, 23.3760433197], [-256.409423828, 104.017471313, 14.3765916824, 1.77770864964, 16.9470367432, -10.9986858368, 28.2336387634, -8.12035751343, 38.5942955017, -6.24046611786, 36.4635429382, 23.3760433197, 74.1421127319]],
        "icov": [[0.000154660869157, -0.000412402208894, 0.000299112900393, -0.000502656272147, 0.00042023343849, -0.000596961122938, 0.000386903295293, -0.000494410749525, 0.000359872734407, -0.000437253911514, 0.000622506195214, -0.000514022773132, 0.000313185650157], [-0.000412402208894, 0.00278201512992, -0.000568999326788, 0.000828153453767, -0.00162784254644, 0.00261650839821, -0.00133585103322, 0.00169906241354, -0.00140724540688, 0.00242141564377, -0.00320265465416, 0.00298118987121, -0.00221226015128], [0.000299112900393, -0.000568999326788, 0.00253792642616, -0.000805324991234, -0.000409232830862, -0.00144226127304, 0.000179049719009, -0.000873285578564, 0.000777303706855, -0.00126981770154, 0.00162861566059, -0.000585967034567, -5.20543471794e-05], [-0.000502656272147, 0.000828153453767, -0.000805324991234, 0.00434806104749, -0.00179825653322, -0.000163451302797, -0.000364983163308, 0.00117840187158, -0.00112168653868, 0.002179086674, -0.00313317775726, 0.00222928030416, -0.000588121125475], [0.00042023343849, -0.00162784254644, -0.000409232830862, -0.00179825653322, 0.00625350838527, -0.00235393247567, -0.00139704765752, -0.000307780486764, 0.00018957813154, -0.000330592505634, 0.00183732842561, -0.00222652312368, 0.00225113611668], [-0.000596961122938, 0.00261650839821, -0.00144226127304, -0.000163451302797, -0.00235393247567, 0.0118543347344, -0.00287199392915, -0.000977380084805, 0.000300786690786, 0.000754530832637, -0.00201687193476, 0.00180212396663, -0.00183786882553], [0.000386903295293, -0.00133585103322, 0.000179049719009, -0.000364983163308, -0.00139704765752, -0.00287199392915, 0.0119566805661, -0.00501797301695, -0.0031572713051, 0.00173378596082, -0.00144192820881, -0.000269465905149, 0.000560284417588], [-0.000494410749525, 0.00169906241354, -0.000873285578564, 0.00117840187158, -0.000307780486764, -0.000977380084805, -0.00501797301695, 0.0182400774211, -0.00516527099535, -0.0042823930271, 0.00327815650962, -0.0026838472113, 0.00144377199467], [0.000359872734407, -0.00140724540688, 0.000777303706855, -0.00112168653868, 0.00018957813154, 0.000300786690786, -0.0031572713051, -0.00516527099535, 0.0183802992105, -0.00633009104058, -0.00410129642114, 0.00688324263319, -0.00652082590386], [-0.000437253911514, 0.00242141564377, -0.00126981770154, 0.002179086674, -0.000330592505634, 0.000754530832637, 0.00173378596082, -0.0042823930271, -0.00633009104058, 0.0206518098712, -0.00735865253955, -0.00474012037739, 0.00448978552595], [0.000622506195214, -0.00320265465416, 0.00162861566059, -0.00313317775726, 0.00183732842561, -0.00201687193476, -0.00144192820881, 0.00327815650962, -0.00410129642114, -0.00735865253955, 0.0245144069195, -0.0108902491629, -0.000512948434334], [-0.000514022773132, 0.00298118987121, -0.000585967034567, 0.00222928030416, -0.00222652312368, 0.00180212396663, -0.000269465905149, -0.0026838472113, 0.00688324263319, -0.00474012037739, -0.0108902491629, 0.0305147320032, -0.0135620338842], [0.000313185650157, -0.00221226015128, -5.20543471794e-05, -0.000588121125475, 0.00225113611668, -0.00183786882553, 0.000560284417588, 0.00144377199467, -0.00652082590386, 0.00448978552595, -0.000512948434334, -0.0135620338842, 0.0251566581428]]
    },
    "melbands": {
        "dmean": [0.00347165274434, 0.00365875591524, 0.00236496748403, 0.000877000682522, 0.000387064530514, 0.00017737649614, 9.95670925477e-05, 5.98349906795e-05, 3.80818601116e-05, 1.69712075149e-05, 1.60592644534e-05, 1.79995240615e-05, 1.65603851201e-05, 2.20729580178e-05, 2.2408517907e-05, 1.94361873582e-05, 1.91028975678e-05, 1.96080072783e-05, 2.02183946385e-05, 2.0468925868e-05, 1.71678148035e-05, 2.1606520022e-05, 2.11855312955e-05, 1.79820181074e-05, 1.38950908877e-05, 1.35246964419e-05, 1.46052179844e-05, 1.4026608369e-05, 9.0517623903e-06, 1.1786613868e-05, 9.26287520997e-06, 7.27052747607e-06, 5.47485433344e-06, 4.92653725814e-06, 4.34137064076e-06, 4.00057024308e-06, 3.08186122311e-06, 2.14810779653e-06, 1.51586561969e-06, 1.17455419968e-06],
        "dmean2": [0.005361600779, 0.00550911715254, 0.00355931790546, 0.00144043157343, 0.000635491509456, 0.000297601742204, 0.00017427947023, 0.000104655089672, 6.55297626508e-05, 2.90925581794e-05, 2.7179135941e-05, 3.02321914205e-05, 2.81085976894e-05, 3.69732297258e-05, 3.83500191674e-05, 3.35857766913e-05, 3.21989173244e-05, 3.31239716616e-05, 3.46668603015e-05, 3.49611545971e-05, 2.87274324364e-05, 3.6866938899e-05, 3.67832108168e-05, 3.08849776047e-05, 2.36779305851e-05, 2.29799479712e-05, 2.48553824349e-05, 2.43756367126e-05, 1.47860782818e-05, 1.99279475055e-05, 1.53106320795e-05, 1.22752226162e-05, 9.08112997422e-06, 7.87969474914e-06, 6.89195485393e-06, 6.19433149041e-06, 4.86674844069e-06, 3.36804669132e-06, 2.3730817702e-06, 1.97054168893e-06],
        "dvar": [2.97723690892e-05, 3.04050845443e-05, 1.37865145007e-05, 3.31462456415e-06, 3.34479210551e-07, 7.69701884451e-08, 3.21818873772e-08, 1.82679009697e-08, 5.63393243169e-09, 1.91894322654e-09, 1.57662205513e-09, 1.76802095186e-09, 1.12953413289e-09, 1.25508892168e-09, 1.27497135072e-09, 1.04938646661e-09, 9.00625518607e-10, 9.90288739899e-10, 1.17436171898e-09, 2.01963090696e-09, 8.00269350787e-10, 1.48774059738e-09, 1.14108655858e-09, 8.13263900667e-10, 6.15770046064e-10, 4.61239324512e-10, 5.20858856046e-10, 6.03779914954e-10, 1.65381916495e-10, 4.67208216559e-10, 2.12712222836e-10, 1.17349199802e-10, 6.07408082165e-11, 4.92660287565e-11, 4.13288570034e-11, 3.17341257439e-11, 1.93164755025e-11, 1.33377892064e-11, 9.15494416387e-12, 5.10930967673e-12],
        "dvar2": [7.96734893811e-05, 6.89956868882e-05, 3.20980943798e-05, 9.0706798801e-06, 8.81406549524e-07, 2.06949124504e-07, 8.88994620141e-08, 4.70451695378e-08, 1.4721923236e-08, 5.22119059099e-09, 4.13878842309e-09, 3.91139964862e-09, 2.96930657839e-09, 3.15606962786e-09, 3.39208705569e-09, 2.79049605645e-09, 2.34651409414e-09, 2.58419352583e-09, 3.1165019454e-09, 5.57701484993e-09, 2.03836170165e-09, 4.01184818699e-09, 3.13279291397e-09, 2.20055684785e-09, 1.70097658181e-09, 1.22290400029e-09, 1.40236833257e-09, 1.68226232944e-09, 4.1846132115e-10, 1.3165074586e-09, 5.69194746891e-10, 3.10900027944e-10, 1.57638208043e-10, 1.28106816821e-10, 1.0630823305e-10, 7.42494746242e-11, 4.68160163414e-11, 3.36127133072e-11, 2.246804999e-11, 1.36120524574e-11],
        "max": [0.0556473582983, 0.0578105039895, 0.043367985636, 0.0242038145661, 0.00618018396199, 0.0035507446155, 0.00278956955299, 0.00425154948607, 0.0019801936578, 0.00133083947003, 0.00115602335427, 0.00170089700259, 0.00102328753565, 0.000489759375341, 0.000421259610448, 0.000483488896862, 0.000356925243977, 0.000404101680033, 0.000460597831989, 0.000886121357325, 0.00037321500713, 0.000625999062322, 0.000375320581952, 0.000350282585714, 0.000561807479244, 0.000292740965961, 0.000231539423112, 0.00031361731817, 0.000162800628459, 0.000256622355664, 0.000165446399478, 0.000127822873765, 7.44015560485e-05, 7.27623119019e-05, 5.8960467868e-05, 6.14488817519e-05, 5.11279067723e-05, 0.000144810415804, 0.000165228659171, 2.02024712053e-05],
        "mean": [0.00552379712462, 0.00565814133734, 0.003311090637, 0.00106906634755, 0.000540463661309, 0.000229441968258, 0.000107412306534, 5.8754816564e-05, 4.25760008511e-05, 1.97707668121e-05, 1.9229029931e-05, 2.1521733288e-05, 1.83191386895e-05, 2.46643739956e-05, 2.3903337933e-05, 2.20155525312e-05, 2.20472575165e-05, 2.22378803301e-05, 2.33009941439e-05, 2.31303893088e-05, 2.12963677768e-05, 2.50998782576e-05, 2.45134033321e-05, 2.14893170778e-05, 1.81721079571e-05, 1.88461799553e-05, 1.80960050784e-05, 1.64046123245e-05, 1.27219673232e-05, 1.38129953484e-05, 1.13945570774e-05, 9.05591878109e-06, 7.39339930078e-06, 6.44468764222e-06, 5.37186224392e-06, 4.77536968901e-06, 3.61911793334e-06, 2.6094446639e-06, 1.76157413989e-06, 1.1778499811e-06],
        "median": [0.00234105926938, 0.00282971514389, 0.00184350949712, 0.000602837011684, 0.000309393333737, 0.000131881126435, 5.13673003297e-05, 2.56308630924e-05, 1.88251833606e-05, 9.38345237955e-06, 9.20566617424e-06, 1.01935875136e-05, 9.77994022833e-06, 1.30520211314e-05, 1.16929468277e-05, 1.17667586892e-05, 1.20476261145e-05, 1.18218240459e-05, 1.34071397042e-05, 1.31006399897e-05, 1.30598118631e-05, 1.40065549203e-05, 1.36440885399e-05, 1.28083083837e-05, 1.13685046017e-05, 1.19182732305e-05, 1.02413341665e-05, 9.21800165088e-06, 7.86052987678e-06, 8.03200691735e-06, 6.45712179903e-06, 5.21295351064e-06, 4.37582502855e-06, 3.35826848641e-06, 2.66486063083e-06, 2.09477957469e-06, 1.46428317294e-06, 1.15187367555e-06, 7.21457297459e-07, 3.63410777027e-07],
        "min": [3.54927177819e-24, 1.53065038162e-24, 1.7192584452e-24, 2.62464416409e-24, 8.64177104324e-25, 2.23516578582e-24, 2.28033970834e-24, 1.5671806566e-24, 1.63537689299e-24, 3.02138499308e-24, 1.81836422401e-24, 3.03365473839e-24, 3.27193333025e-24, 3.96235839678e-24, 3.2415686935e-24, 2.9417999718e-24, 2.9218250276e-24, 4.0008619087e-24, 2.40672133903e-24, 4.45908280956e-24, 3.60074574112e-24, 5.29392523365e-24, 4.30939566393e-24, 4.69112624483e-24, 4.09878479059e-24, 3.50923787611e-24, 4.16981422093e-24, 4.62119372558e-24, 4.03526255506e-24, 5.1629589406e-24, 5.28714734075e-24, 5.59428205116e-24, 5.0810203528e-24, 5.96369023029e-24, 5.78334085014e-24, 5.46214311637e-24, 4.77885664939e-24, 6.76191530888e-24, 7.00940306296e-24, 6.37603295304e-24],
        "var": [5.9324051108e-05, 5.9756283008e-05, 1.83033171197e-05, 2.64365985458e-06, 4.48238239414e-07, 8.52260129136e-08, 3.036171492e-08, 1.67010938412e-08, 5.81179770975e-09, 1.91532256721e-09, 2.02213890077e-09, 2.89244228568e-09, 1.03593567058e-09, 1.26654997601e-09, 1.15720943938e-09, 9.94562321388e-10, 8.94056662037e-10, 9.73322533682e-10, 1.08582332015e-09, 1.50703860502e-09, 8.1291445797e-10, 1.32969302236e-09, 1.07647724068e-09, 7.70718600052e-10, 6.0255062051e-10, 5.56354240455e-10, 5.47612455382e-10, 5.07895114854e-10, 2.24536403359e-10, 3.70403152594e-10, 2.18536966301e-10, 1.23900931182e-10, 7.94566773488e-11, 6.40547476172e-11, 4.76104086711e-11, 4.08970149413e-11, 2.53280955237e-11, 1.65602601077e-11, 1.17002380007e-11, 4.56571759566e-12]
    },
    "mfcc": {
        "mean": [-642.603393555, 84.0273742676, 18.1490478516, 51.8976593018, 19.3115615845, 21.5899581909, 3.99051070213, 5.14455747604, -4.00746822357, 0.0556447356939, -2.96357417107, 1.70992517471, -1.68130981922],
        "cov": [[14102.2177734, 74.3589172363, -18.1114788055, 688.74395752, 105.304191589, 232.978469849, -60.6885375977, 77.7652206421, -142.274703979, 7.02015686035, -101.721443176, 112.929336548, -46.1347465515], [74.3589172363, 1096.93359375, 51.7125854492, 254.165466309, 108.765899658, 63.4677085876, 36.8049087524, 52.6411705017, 13.0300683975, 7.81238126755, 0.456974506378, -6.23595809937, 6.38891792297], [-18.1114788055, 51.7125854492, 374.820770264, 89.0587997437, 73.4721450806, 65.062828064, 46.3819923401, 28.64909935, 31.2390708923, 23.5953922272, 12.2818508148, 6.11946630478, -1.67332971096], [688.74395752, 254.165466309, 89.0587997437, 407.941894531, 147.744232178, 130.863204956, 57.2572364807, 78.6470413208, 9.2930393219, 27.2342796326, 7.56475496292, 19.0736637115, 12.8554887772], [105.304191589, 108.765899658, 73.4721450806, 147.744232178, 205.784408569, 102.150924683, 60.0148506165, 45.171333313, 21.2576560974, 9.7942905426, 9.2542591095, 2.79819774628, 6.79583644867], [232.978469849, 63.4677085876, 65.062828064, 130.863204956, 102.150924683, 150.128570557, 68.1408691406, 56.1291427612, 21.6481876373, 20.909488678, 8.07898139954, 20.3432331085, 9.86374950409], [-60.6885375977, 36.8049087524, 46.3819923401, 57.2572364807, 60.0148506165, 68.1408691406, 109.221954346, 58.2246894836, 30.0531272888, 14.4253940582, 22.0661869049, 13.3425836563, 16.7995548248], [77.7652206421, 52.6411705017, 28.64909935, 78.6470413208, 45.171333313, 56.1291427612, 58.2246894836, 101.480186462, 42.9474983215, 28.1638031006, 15.3407707214, 11.1401662827, 6.85099172592], [-142.274703979, 13.0300683975, 31.2390708923, 9.2930393219, 21.2576560974, 21.6481876373, 30.0531272888, 42.9474983215, 86.0899429321, 44.2665939331, 28.9723167419, 10.734954834, 11.4982414246], [7.02015686035, 7.81238126755, 23.5953922272, 27.2342796326, 9.7942905426, 20.909488678, 14.4253940582, 28.1638031006, 44.2665939331, 72.2302474976, 36.7128868103, 17.4853458405, 14.9595327377], [-101.721443176, 0.456974506378, 12.2818508148, 7.56475496292, 9.2542591095, 8.07898139954, 22.0661869049, 15.3407707214, 28.9723167419, 36.7128868103, 77.7817611694, 34.9154396057, 27.2725009918], [112.929336548, -6.23595809937, 6.11946630478, 19.0736637115, 2.79819774628, 20.3432331085, 13.3425836563, 11.1401662827, 10.734954834, 17.4853458405, 34.9154396057, 64.4505996704, 33.9942131042], [-46.1347465515, 6.38891792297, -1.67332971096, 12.8554887772, 6.79583644867, 9.86374950409, 16.7995548248, 6.85099172592, 11.4982414246, 14.9595327377, 27.2725009918, 33.9942131042, 61.410118103]],
