{
"lowlevel": {
    "average_loudness": 0.963157236576,
    "barkbands_crest": {
        "dmean": 3.581802845,
        "dmean2": 5.57002687454,
        "dvar": 13.6364765167,
        "dvar2": 27.5731124878,
        "max": 26.0216999054,
        "mean": 16.5226821899,
        "median": 17.9208641052,
        "min": 2.06943106651,
        "var": 38.9478225708
    },
    "barkbands_flatness_db": {
        "dmean": 0.0535905845463,
        "dmean2": 0.0767670199275,
        "dvar": 0.00260474672541,
        "dvar2": 0.00486397603527,
        "max": 0.547222912312,
        "mean": 0.240485966206,
        "median": 0.245804280043,
        "min": 0.0283219497651,
        "var": 0.0110334092751
    },
    "barkbands_kurtosis": {
        "dmean": 29.9879074097,
        "dmean2": 45.6889533997,
        "dvar": 2146.1574707,
        "dvar2": 4925.71923828,
        "max": 674.137817383,
        "mean": 46.8490409851,
        "median": 26.7016639709,
        "min": -1.81121134758,
        "var": 4112.73730469
    },
    "barkbands_skewness": {
        "dmean": 1.8370770216,
        "dmean2": 2.57145380974,
        "dvar": 3.38364815712,
        "dvar2": 6.64440536499,
        "max": 22.5648403168,
        "mean": 4.69596481323,
        "median": 4.70898246765,
        "min": -3.67947506905,
        "var": 13.0196733475
    },
    "barkbands_spread": {
        "dmean": 6.62471532822,
        "dmean2": 10.6400279999,
        "dvar": 91.8050994873,
        "dvar2": 205.657806396,
        "max": 100.429733276,
        "mean": 12.4093637466,
        "median": 5.65211391449,
        "min": 0.170679524541,
        "var": 205.638656616
    },
    "dissonance": {
        "dmean": 0.0165734980255,
        "dmean2": 0.0270731449127,
        "dvar": 0.000276400562143,
        "dvar2": 0.000718977651559,
        "max": 0.499999880791,
        "mean": 0.468767613173,
        "median": 0.474362820387,
        "min": 0.289383322001,
        "var": 0.000574341742322
    },
    "dynamic_complexity": 3.43390488625,
    "erbbands_crest": {
        "dmean": 3.15960240364,
        "dmean2": 4.91950941086,
        "dvar": 9.16579627991,
        "dvar2": 21.619436264,
        "max": 32.1681022644,
        "mean": 9.08909606934,
        "median": 7.98486804962,
        "min": 2.37846279144,
        "var": 23.1191596985
    },
    "erbbands_flatness_db": {
        "dmean": 0.0239619184285,
        "dmean2": 0.0355470553041,
        "dvar": 0.000743588374462,
        "dvar2": 0.00153065659106,
        "max": 0.430069476366,
        "mean": 0.160832315683,
        "median": 0.157215088606,
        "min": 0.0728902742267,
        "var": 0.00295840809122
    },
    "erbbands_kurtosis": {
        "dmean": 1.13355922699,
        "dmean2": 1.86313021183,
        "dvar": 4.10288286209,
        "dvar2": 9.78922557831,
        "max": 48.9969291687,
        "mean": 0.230334088206,
        "median": -0.513051629066,
        "min": -1.79889333248,
        "var": 9.45280361176
    },
    "erbbands_skewness": {
        "dmean": 0.494871199131,
        "dmean2": 0.771441817284,
        "dvar": 0.241006791592,
        "dvar2": 0.556260704994,
        "max": 5.10345411301,
        "mean": 0.330398291349,
        "median": 0.230023652315,
        "min": -2.72226071358,
        "var": 0.764280021191
    },
    "erbbands_spread": {
        "dmean": 13.0005121231,
        "dmean2": 19.8930625916,
        "dvar": 164.919189453,
        "dvar2": 372.319885254,
        "max": 156.175460815,
        "mean": 50.8379325867,
        "median": 48.905418396,
        "min": 1.42575764656,
        "var": 540.357421875
    },
    "hfc": {
        "dmean": 8.29475307465,
        "dmean2": 12.7102489471,
        "dvar": 126.627044678,
        "dvar2": 286.888061523,
        "max": 93.1543121338,
        "mean": 18.2794189453,
        "median": 15.9701356888,
        "min": 1.08195343236e-16,
        "var": 229.836090088
    },
    "melbands_crest": {
        "dmean": 4.15514421463,
        "dmean2": 6.32438564301,
        "dvar": 18.6522445679,
        "dvar2": 36.4059524536,
        "max": 38.04063797,
        "mean": 21.6162490845,
        "median": 22.2052230835,
        "min": 1.59302937984,
        "var": 60.1725769043
    },
    "melbands_flatness_db": {
        "dmean": 0.0627899691463,
        "dmean2": 0.088466130197,
        "dvar": 0.0038590868935,
        "dvar2": 0.00676684128121,
        "max": 0.661749601364,
        "mean": 0.321456044912,
        "median": 0.335325360298,
        "min": 0.00355098140426,
        "var": 0.0183166824281
    },
    "melbands_kurtosis": {
        "dmean": 50.8288040161,
        "dmean2": 75.4582519531,
        "dvar": 4407.56982422,
        "dvar2": 9142.109375,
        "max": 1001.72723389,
        "mean": 96.4535522461,
        "median": 71.4280395508,
        "min": -1.65666353703,
        "var": 11533.8535156
    },
    "melbands_skewness": {
        "dmean": 2.10531568527,
        "dmean2": 2.96623039246,
        "dvar": 4.24808835983,
        "dvar2": 7.75798797607,
        "max": 25.8557109833,
        "mean": 6.58321285248,
        "median": 6.89500331879,
        "min": -3.01279330254,
        "var": 17.3512573242
    },
    "melbands_spread": {
        "dmean": 7.9348487854,
        "dmean2": 12.5604047775,
        "dvar": 200.361831665,
        "dvar2": 456.041107178,
        "max": 178.284454346,
        "mean": 14.9182758331,
        "median": 3.43805980682,
        "min": 0.271010458469,
        "var": 651.235351562
    },
    "pitch_salience": {
        "dmean": 0.114911094308,
        "dmean2": 0.178476810455,
        "dvar": 0.0129213258624,
        "dvar2": 0.0277976673096,
        "max": 0.968334376812,
        "mean": 0.351432949305,
        "median": 0.297045111656,
        "min": 0.0650588944554,
        "var": 0.0335308387876
    },
    "silence_rate_20dB": {
        "dmean": 0.00927595980465,
        "dmean2": 0.0185567010194,
        "dvar": 0.00918992236257,
        "dvar2": 0.0269743520766,
        "max": 1,
        "mean": 0.994848012924,
        "median": 1,
        "min": 0,
        "var": 0.00512558408082
    },
    "silence_rate_30dB": {
        "dmean": 0.149961352348,
        "dmean2": 0.300000011921,
        "dvar": 0.127475067973,
        "dvar2": 0.226500272751,
        "max": 1,
        "mean": 0.410870671272,
        "median": 0,
        "min": 0,
        "var": 0.242055296898
    },
    "silence_rate_60dB": {
        "dmean": 0.0793609917164,
        "dmean2": 0.15876288712,
        "dvar": 0.0730637013912,
        "dvar2": 0.185105666518,
        "max": 1,
        "mean": 0.104327663779,
        "median": 0,
        "min": 0,
        "var": 0.0934407860041
    },
    "spectral_centroid": {
        "dmean": 368.314849854,
        "dmean2": 570.974304199,
        "dvar": 192955.453125,
        "dvar2": 395671.5,
        "max": 11652.7246094,
        "mean": 1250.99365234,
        "median": 937.044555664,
        "min": 106.544532776,
        "var": 2134134.25
    },
    "spectral_complexity": {
        "dmean": 5.15640306473,
        "dmean2": 7.51855659485,
        "dvar": 47.1814804077,
        "dvar2": 86.3942260742,
        "max": 58,
        "mean": 14.3995361328,
        "median": 12,
        "min": 0,
        "var": 113.254554749
    },
    "spectral_decrease": {
        "dmean": 1.50198538051e-08,
        "dmean2": 2.35679973315e-08,
        "dvar": 3.43647937086e-16,
        "dvar2": 7.95350014368e-16,
        "max": 2.759460628e-28,
        "mean": -3.0378291882e-08,
        "median": -3.09730481263e-08,
        "min": -1.64065809827e-07,
        "var": 6.7594415037e-16
    },
    "spectral_energy": {
        "dmean": 0.0572591274977,
        "dmean2": 0.0896603614092,
        "dvar": 0.00495570478961,
        "dvar2": 0.0114698903635,
        "max": 0.624110817909,
        "mean": 0.116312846541,
        "median": 0.118981927633,
        "min": 9.98148990086e-21,
        "var": 0.00978400092572
    },
    "spectral_energyband_high": {
        "dmean": 0.00045683135977,
        "dmean2": 0.000723340781406,
        "dvar": 1.16535829875e-06,
        "dvar2": 2.97603401123e-06,
        "max": 0.0084273237735,
        "mean": 0.000634839467239,
        "median": 0.000102620208054,
        "min": 6.98761872586e-21,
        "var": 1.52825941768e-06
    },
    "spectral_energyband_low": {
        "dmean": 0.0554515048862,
        "dmean2": 0.0878665149212,
        "dvar": 0.00497501483187,
        "dvar2": 0.0115960901603,
        "max": 0.616374969482,
        "mean": 0.106419831514,
        "median": 0.105738073587,
        "min": 2.38840860364e-23,
        "var": 0.0092712584883
    },
    "spectral_energyband_middle_high": {
        "dmean": 0.00115424324758,
        "dmean2": 0.0017990283668,
        "dvar": 2.51647611549e-06,
        "dvar2": 5.65999152968e-06,
        "max": 0.0174917150289,
        "mean": 0.00227560917847,
        "median": 0.00148021429777,
        "min": 1.14397190499e-21,
        "var": 5.40336259292e-06
    },
    "spectral_energyband_middle_low": {
        "dmean": 0.00895545911044,
        "dmean2": 0.0158156454563,
        "dvar": 0.000379353848984,
        "dvar2": 0.00106545141898,
        "max": 0.142489612103,
        "mean": 0.00924203172326,
        "median": 0.00493917427957,
        "min": 1.62708254122e-22,
        "var": 0.000244539667619
    },
    "spectral_entropy": {
        "dmean": 0.291337043047,
        "dmean2": 0.451902538538,
        "dvar": 0.114709727466,
        "dvar2": 0.249390020967,
        "max": 9.82250881195,
        "mean": 7.35027551651,
        "median": 7.34142112732,
        "min": 5.0925655365,
        "var": 0.473346084356
    },
    "spectral_flux": {
        "dmean": 0.0930534824729,
        "dmean2": 0.14937312901,
        "dvar": 0.00837107375264,
        "dvar2": 0.0184453800321,
        "max": 0.625878810883,
        "mean": 0.150902271271,
        "median": 0.119040332735,
        "min": 6.45562978074e-11,
        "var": 0.0137758245692
    },
    "spectral_kurtosis": {
        "dmean": 2.89642429352,
        "dmean2": 5.0186123848,
        "dvar": 16.3446884155,
        "dvar2": 45.3081512451,
        "max": 65.2855453491,
        "mean": 5.09017753601,
        "median": 3.37712645531,
        "min": -1.25408864021,
        "var": 26.7520885468
    },
    "spectral_rms": {
        "dmean": 0.00275528221391,
        "dmean2": 0.00406668242067,
        "dvar": 9.41893176787e-06,
        "dvar2": 1.65352430486e-05,
        "max": 0.0246756691486,
        "mean": 0.00915538240224,
        "median": 0.0107740405947,
        "min": 3.12058321891e-12,
        "var": 2.96548314509e-05
    },
    "spectral_rolloff": {
        "dmean": 474.924255371,
        "dmean2": 805.637207031,
        "dvar": 1093264,
        "dvar2": 2540202.25,
        "max": 19466.015625,
        "mean": 1050.20373535,
        "median": 129.19921875,
        "min": 43.06640625,
        "var": 6989609.5
    },
    "spectral_skewness": {
        "dmean": 0.345234811306,
        "dmean2": 0.575316607952,
        "dvar": 0.153100624681,
        "dvar2": 0.392149239779,
        "max": 6.33638191223,
        "mean": 1.47037827969,
        "median": 1.33779132366,
        "min": -0.0587862767279,
        "var": 0.421503245831
    },
    "spectral_spread": {
        "dmean": 534794.625,
        "dmean2": 833557.5625,
        "dvar": 789800222720,
        "dvar2": 1.50104650547e+12,
        "max": 42741160,
        "mean": 4618218.5,
        "median": 3992621.75,
        "min": 1268042.75,
        "var": 2.17674038641e+13
    },
    "spectral_strongpeak": {
        "dmean": 0.356874287128,
        "dmean2": 0.573939204216,
        "dvar": 0.189329430461,
        "dvar2": 0.473952233791,
        "max": 5.41970491409,
        "mean": 0.820803523064,
        "median": 0.784161567688,
        "min": 0,
        "var": 0.359668463469
    },
    "zerocrossingrate": {
        "dmean": 0.0109165646136,
        "dmean2": 0.012328597717,
        "dvar": 0.000240632522036,
        "dvar2": 0.000325884670019,
        "max": 0.52587890625,
        "mean": 0.0396531671286,
        "median": 0.0185546875,
        "min": 0.00146484375,
        "var": 0.00469515332952
    },
    "barkbands": {
        "dmean": [0.00186306331307, 0.0465087741613, 0.0138774216175, 0.00523806642741, 0.003294802038, 0.000588595517911, 0.000329412752762, 0.000182310905075, 0.000366811989807, 0.00019312981749, 0.000156980080646, 0.000158287744853, 0.000227415075642, 0.000152823748067, 0.000157353919349, 0.000174078071723, 0.000189432190382, 0.000100940669654, 0.00013226181909, 0.000158011403983, 0.000159831804922, 0.000108916930913, 6.53399329167e-05, 4.52133244835e-05, 2.18147943087e-05, 8.5860483523e-06, 3.24642485339e-07],
        "dmean2": [0.00267559150234, 0.0759489163756, 0.0213033761829, 0.00959576666355, 0.0059010963887, 0.000948937784415, 0.000482700386783, 0.000285100220935, 0.000563673209399, 0.000303506123601, 0.000247268297244, 0.000257603649516, 0.000359443540219, 0.000245341914706, 0.000270511227427, 0.000287228613161, 0.000328388588969, 0.000169107486727, 0.000194468622794, 0.000250614975812, 0.00026721865288, 0.000174093729584, 0.000110902008601, 7.91932689026e-05, 3.46597771568e-05, 1.41163118315e-05, 5.39609686712e-07],
        "dvar": [1.31537481138e-05, 0.00384299876168, 0.000549541262444, 0.000167590769706, 5.58405627089e-05, 8.9505527967e-07, 2.49907202488e-07, 8.68341061278e-08, 3.91867416738e-07, 1.06915592823e-07, 6.67681092636e-08, 8.32352355928e-08, 2.15066535247e-07, 1.05930219263e-07, 6.56781793396e-08, 9.15886531061e-08, 1.10317621704e-07, 3.9865593493e-08, 6.26434513151e-08, 8.69484253485e-08, 1.42967280681e-07, 6.38148236476e-08, 2.77701648344e-08, 1.56167345722e-08, 3.24245386096e-09, 5.73472047627e-10, 8.45755486045e-13],
        "dvar2": [2.28208136832e-05, 0.00941947568208, 0.00122793519404, 0.000475619599456, 0.000157877773745, 2.14173132917e-06, 5.03452326939e-07, 2.06465088581e-07, 7.96827919203e-07, 2.58701589928e-07, 1.61689840183e-07, 1.89753535551e-07, 4.74653319316e-07, 2.50824598425e-07, 1.71569993768e-07, 2.09455933486e-07, 2.87475046434e-07, 1.0375692483e-07, 1.26286749946e-07, 1.89875990486e-07, 3.80480827289e-07, 1.55183741413e-07, 7.48601252099e-08, 4.43274998929e-08, 8.53483506091e-09, 1.54019796916e-09, 2.1356391048e-12],
        "max": [0.0407691523433, 0.518491625786, 0.243988722563, 0.104221403599, 0.0683796256781, 0.0110929571092, 0.00860554352403, 0.00477361027151, 0.0128052448854, 0.00492806313559, 0.00433466862887, 0.00937331374735, 0.00892292894423, 0.00689337821677, 0.00298889307305, 0.00275452597998, 0.00325135048479, 0.00298938015476, 0.00344308116473, 0.00390744069591, 0.00333138206042, 0.00249741063453, 0.00133508851286, 0.00108754937537, 0.000555742066354, 0.00019879527099, 8.80615607457e-06],
        "mean": [0.00352182122879, 0.0783941298723, 0.0222863852978, 0.00419604219496, 0.00281350594014, 0.000798078079242, 0.000542849826161, 0.000246331590461, 0.000571712676901, 0.000272845296422, 0.00022442000045, 0.000214432293433, 0.000326559587847, 0.000232529695495, 0.00019708306354, 0.000212944680243, 0.000212529717828, 0.000143123965245, 0.000179424241651, 0.000209706602618, 0.000187097437447, 0.000140363263199, 8.52943630889e-05, 6.02255022386e-05, 3.28845453623e-05, 1.03721140476e-05, 3.0505108839e-07],
        "median": [0.000282583205262, 0.0602517388761, 0.00712615996599, 0.00106250308454, 0.000745818077121, 0.000366452673916, 0.00025602747337, 0.000111535075121, 0.000223713373998, 0.000113133777631, 9.74118956947e-05, 8.45587273943e-05, 0.000128755782498, 9.94795118459e-05, 8.13474907773e-05, 6.87744322931e-05, 7.40169343771e-05, 6.11555733485e-05, 5.99787781539e-05, 5.05687312398e-05, 3.51460621459e-05, 1.92356073967e-05, 1.07160285552e-05, 5.05158914166e-06, 2.30624823416e-06, 7.28814541162e-07, 1.35184698991e-08],
        "min": [1.11540149529e-24, 4.46241890232e-24, 1.28749731961e-24, 5.07319307768e-25, 1.8415183171e-23, 7.84365660239e-24, 9.48069286429e-24, 1.13819170656e-23, 1.94579152927e-23, 1.50002563771e-23, 1.4267915778e-23, 2.01988734083e-23, 3.06022400755e-23, 2.65926620426e-23, 5.29429860152e-23, 4.47085087877e-23, 6.40464809352e-23, 6.44890697683e-23, 1.05205134582e-22, 1.98240960052e-22, 2.24421738884e-22, 2.94426972174e-22, 3.9161963392e-22, 5.21858625619e-22, 8.49774800569e-22, 1.38327943653e-21, 2.06418701141e-21],
        "var": [4.58402901131e-05, 0.00654686940834, 0.00116526556667, 0.000102188831079, 3.47952409356e-05, 1.26491920582e-06, 6.27397355402e-07, 1.29885350475e-07, 1.07168011709e-06, 1.83836760925e-07, 1.18711959374e-07, 1.48310306258e-07, 4.12248397197e-07, 1.96203885139e-07, 8.52184101063e-08, 1.17276151457e-07, 1.22698111227e-07, 4.86165312452e-08, 1.05883131596e-07, 1.37315353754e-07, 1.4704190221e-07, 8.83109052552e-08, 3.3906733421e-08, 1.82805699467e-08, 5.052405605e-09, 5.91954707474e-10, 8.01298318063e-13]
    },
    "erbbands": {
        "dmean": [1.25653886795, 10.9584312439, 18.8772392273, 13.4000616074, 15.119222641, 9.7269153595, 5.72680664062, 4.4550819397, 4.54034757614, 4.9123415947, 4.45887851715, 8.61152553558, 6.62924385071, 5.22878837585, 6.06023931503, 6.27398109436, 10.3433618546, 7.47905731201, 7.09922504425, 10.3079595566, 9.25488853455, 10.6239061356, 5.82494783401, 6.35668945312, 6.65503072739, 7.40190601349, 5.4445939064, 7.45789670944, 4.46775388718, 2.29359984398, 1.84173572063, 0.801704764366, 0.966942369938, 0.309645414352, 0.138413161039, 0.0418759994209, 0.0141064673662, 0.00227063312195, 6.29422575003e-05, 6.28757406957e-05],
        "dmean2": [1.96659350395, 18.1111125946, 28.7127723694, 22.6323184967, 27.7231292725, 17.3450737, 9.39121818542, 7.22232818604, 6.96009302139, 7.08226442337, 6.99271440506, 13.1589679718, 10.6106042862, 8.18808364868, 9.67383003235, 10.1965312958, 16.3619327545, 11.9192199707, 11.9059047699, 17.1641025543, 15.2566518784, 18.5497398376, 9.73006057739, 9.35200214386, 10.6043596268, 11.6259536743, 8.71290874481, 12.8929977417, 7.42058086395, 3.59888386726, 3.07796144485, 1.34397017956, 1.73497772217, 0.506389558315, 0.218455940485, 0.0661351159215, 0.023442754522, 0.00372706120834, 9.80433906079e-05, 9.75608199951e-05],
        "dvar": [3.06170868874, 234.027267456, 874.20135498, 754.474609375, 1362.00561523, 458.407470703, 115.59286499, 52.3714370728, 53.3494377136, 71.5040893555, 50.0489578247, 244.687210083, 125.239471436, 69.7735900879, 88.7535705566, 111.781280518, 457.406646729, 353.822509766, 131.187011719, 297.313720703, 267.938140869, 356.28729248, 108.405845642, 144.73487854, 156.06791687, 197.352325439, 109.814376831, 408.992340088, 130.034561157, 22.4214305878, 21.881893158, 3.65679001808, 8.70505619049, 0.667177081108, 0.141131162643, 0.0123260580003, 0.00151961005758, 3.52963543264e-05, 1.4283577876e-08, 5.733185926e-09],
        "dvar2": [6.70633840561, 579.014282227, 1900.71398926, 2002.65759277, 3870.06958008, 1293.34033203, 291.730560303, 127.511909485, 125.127670288, 130.533355713, 117.97857666, 472.75869751, 294.064788818, 168.022033691, 213.088287354, 272.957366943, 1005.65667725, 847.651367188, 308.944519043, 728.90814209, 640.216369629, 933.052490234, 271.72265625, 326.904632568, 333.628356934, 432.764465332, 258.800109863, 1137.81872559, 339.420257568, 46.6288261414, 57.6875915527, 10.0110321045, 25.0627651215, 1.79529809952, 0.370273292065, 0.0317313857377, 0.00404637120664, 9.12416071515e-05, 3.5857702585e-08, 1.32481163817e-08],
        "max": [14.5124387741, 141.976776123, 247.319488525, 235.073913574, 268.042541504, 200.237564087, 133.953857422, 110.319923401, 127.551460266, 222.142929077, 94.7098999023, 357.636413574, 249.652374268, 149.049987793, 171.047943115, 236.958755493, 397.464202881, 507.701263428, 305.345458984, 263.206085205, 147.758422852, 186.446060181, 175.800918579, 128.009628296, 210.3934021, 182.102493286, 162.702514648, 167.48374939, 143.866668701, 38.8317985535, 36.5821914673, 18.8693351746, 26.4684791565, 8.51734733582, 3.57987189293, 1.02578568459, 0.336389660835, 0.051031049341, 0.00105676811654, 0.000674385752063],
        "mean": [2.20386242867, 17.251033783, 32.0362586975, 16.5390605927, 12.4839572906, 8.55447101593, 6.12277698517, 6.305580616, 7.22079467773, 7.53663778305, 6.7458486557, 13.3074064255, 9.63102245331, 8.54473686218, 9.14203357697, 9.45001602173, 15.5401687622, 11.2166042328, 9.81015300751, 13.5571660995, 11.3863162994, 11.9448823929, 8.37699985504, 8.8149766922, 8.94379711151, 9.91899776459, 7.68537950516, 7.62344503403, 5.46600627899, 3.3356552124, 2.38793230057, 1.13172090054, 1.12013447285, 0.46044716239, 0.199930563569, 0.0615437179804, 0.0160946529359, 0.00232525216416, 0.000101792466012, 0.000129601132357],
        "median": [1.0351729393, 11.0537815094, 12.0208835602, 7.6561050415, 4.40872192383, 2.12073278427, 2.41440558434, 3.14121675491, 3.37160015106, 3.13868522644, 3.41634082794, 5.25606918335, 4.29025173187, 4.59100818634, 4.52937364578, 4.53726863861, 6.75982189178, 5.0001335144, 4.64751148224, 5.40659713745, 4.02432918549, 4.14236450195, 3.60354185104, 3.40659284592, 2.71659374237, 2.48414373398, 1.787099123, 1.09895396233, 0.693291068077, 0.47891253233, 0.286676943302, 0.133730202913, 0.0657773911953, 0.0331711620092, 0.0133722405881, 0.0044902660884, 0.00112578854896, 0.000127201084979, 7.31731997803e-05, 0.000134112749947],
        "min": [1.63334824251e-22, 4.01456817761e-22, 2.27405501128e-21, 2.20176758446e-21, 1.12800180597e-20, 3.89190126105e-20, 6.798835269e-20, 5.97914516463e-20, 1.32886940223e-19, 1.08822020231e-19, 2.6579502525e-19, 4.26543411832e-19, 6.00389040191e-19, 8.67359721736e-19, 1.05707137218e-18, 1.5901324083e-18, 1.540268927e-18, 2.20732443356e-18, 2.79688045796e-18, 2.94360885694e-18, 2.73575470582e-18, 4.42992317073e-18, 4.84159152285e-18, 5.00551762715e-18, 5.79403664505e-18, 8.22726244954e-18, 9.37209117067e-18, 1.04600785216e-17, 1.10231221666e-17, 1.06940134707e-17, 1.0541578973e-17, 7.82053443363e-18, 7.90080073155e-18, 7.84908126375e-18, 6.0106061779e-18, 4.62301070034e-18, 2.21053513511e-18, 9.21254002462e-19, 2.27653649657e-19, 2.81499320598e-20],
        "var": [7.2582616806, 368.957702637, 1805.31506348, 748.621887207, 809.336547852, 296.920349121, 111.27016449, 80.8939208984, 111.330612183, 169.791503906, 84.5582580566, 668.000488281, 235.762924194, 136.450592041, 160.190658569, 198.710098267, 889.406616211, 544.570068359, 233.791091919, 445.811553955, 329.31048584, 393.746704102, 144.11895752, 211.843505859, 258.341674805, 307.692962646, 174.600067139, 338.960540771, 152.556289673, 40.7281455994, 27.3189868927, 4.99469423294, 8.38515090942, 1.01320254803, 0.196560829878, 0.0172753166407, 0.00149539101403, 3.46480919688e-05, 1.69334910538e-08, 1.15090852404e-08]
    },
    "gfcc": {
        "mean": [-55.9027481079, 116.549659729, -104.448364258, 53.896697998, -33.4502220154, 21.0673599243, -12.3957891464, 8.62340354919, -12.0157270432, 2.06867814064, -8.1305847168, -4.50499296188, -5.53371429443],
        "cov": [[30501.7519531, 1831.72045898, -415.812774658, 1899.78137207, -839.009338379, 212.278427124, -1236.81286621, 378.517272949, -172.878570557, 185.500457764, -565.608276367, -4.4348988533, -198.329788208], [1831.72045898, 2433.36889648, 46.8958778381, -29.9665622711, 742.272033691, -382.158630371, 358.410247803, -204.626937866, 339.32913208, -229.106216431, 230.882369995, -268.583435059, 57.9217414856], [-415.812774658, 46.8958778381, 1378.12792969, 313.674987793, 290.195129395, 70.7823562622, 79.1344909668, 49.963394165, 101.95652771, -21.7146873474, 7.00615882874, -61.6749610901, -11.8822593689], [1899.78137207, -29.9665622711, 313.674987793, 403.73739624, 28.8375968933, 79.9958953857, -22.5259666443, 53.7994880676, -5.24929141998, 5.18193292618, -42.9587020874, -21.5117492676, -16.0210723877], [-839.009338379, 742.272033691, 290.195129395, 28.8375968933, 586.323974609, -66.8418426514, 231.157012939, -79.0015792847, 162.641555786, -108.189079285, 117.047798157, -110.874145508, 24.2496471405], [212.278427124, -382.158630371, 70.7823562622, 79.9958953857, -66.8418426514, 270.705474854, 14.5924024582, 55.1967201233, -59.6137275696, 49.4334220886, -12.7254915237, 41.8561782837, -8.08668708801], [-1236.81286621, 358.410247803, 79.1344909668, -22.5259666443, 231.157012939, 14.5924024582, 319.72164917, -4.41710996628, 85.3067398071, -44.8217887878, 103.712165833, -68.5609893799, 31.3151111603], [378.517272949, -204.626937866, 49.963394165, 53.7994880676, -79.0015792847, 55.1967201233, -4.41710996628, 135.748718262, 17.387802124, 58.3543624878, -5.55629444122, 37.9378166199, -4.03410959244], [-172.878570557, 339.32913208, 101.95652771, -5.24929141998, 162.641555786, -59.6137275696, 85.3067398071, 17.387802124, 151.239700317, 3.08376574516, 75.0356903076, -34.0979881287, 16.2182426453], [185.500457764, -229.106216431, -21.7146873474, 5.18193292618, -108.189079285, 49.4334220886, -44.8217887878, 58.3543624878, 3.08376574516, 104.250740051, 16.7140636444, 46.7257194519, -8.88242816925], [-565.608276367, 230.882369995, 7.00615882874, -42.9587020874, 117.047798157, -12.7254915237, 103.712165833, -5.55629444122, 75.0356903076, 16.7140636444, 132.473922729, -0.0871429666877, 17.2669372559], [-4.4348988533, -268.583435059, -61.6749610901, -21.5117492676, -110.874145508, 41.8561782837, -68.5609893799, 37.9378166199, -34.0979881287, 46.7257194519, -0.0871429666877, 107.957794189, 13.3526220322], [-198.329788208, 57.9217414856, -11.8822593689, -16.0210723877, 24.2496471405, -8.08668708801, 31.3151111603, -4.03410959244, 16.2182426453, -8.88242816925, 17.2669372559, 13.3526220322, 74.5290374756]],
        "icov": [[0.000207635108382, -0.000739595270716, 0.000176500630914, -0.000854173558764, 0.000263773021288, -0.000553258985747, 0.00084932759637, -0.000696198956575, 0.000432278699009, -0.000636928889435, 0.00072658067802, -0.000235350351431, 0.000135303009301], [-0.000739595270716, 0.00398765550926, -0.00034511598642, 0.00258103199303, -0.00133249093778, 0.00278906035237, -0.00299030845053, 0.00314640905708, -0.00317110097967, 0.00380172836594, -0.00391885684803, 0.00219505256973, -0.000746673846152], [0.000176500630914, -0.00034511598642, 0.00124079175293, -0.00146605574992, -0.00038956766366, -0.000529642973561, 0.000799113011453, -0.000686505518388, -0.000414095760789, -0.000290437485091, 0.000698889605701, 9.08262809389e-05, 0.000194238527911], [-0.000854173558764, 0.00258103199303, -0.00146605574992, 0.00720960088074, -0.00135416223202, 0.00119071081281, -0.00278691854328, 0.00113407277968, -0.000748249993194, 0.00217426056042, -0.00195822771639, 0.00186193408445, -0.000618645281065], [0.000263773021288, -0.00133249093778, -0.00038956766366, -0.00135416223202, 0.00528111914173, -0.00151187204756, -5.93108452449e-05, 0.000925026077311, -0.00273119518533, 0.00255564250983, -0.000555115751922, -0.000197725748876, 0.000639866513666], [-0.000553258985747, 0.00278906035237, -0.000529642973561, 0.00119071081281, -0.00151187204756, 0.00771427433938, -0.00393628980964, 0.00116355344653, 0.00147412356455, -0.000326125213178, -0.00236411509104, 3.2977295632e-05, -0.000240323744947], [0.00084932759637, -0.00299030845053, 0.000799113011453, -0.00278691854328, -5.93108452449e-05, -0.00393628980964, 0.0104759726673, -0.00562094757333, 0.00216918392107, 0.000286308582872, -0.00192605145276, 0.00334676518105, -0.00159262330271], [-0.000696198956575, 0.00314640905708, -0.000686505518388, 0.00113407277968, 0.000925026077311, 0.00116355344653, -0.00562094757333, 0.01634596847, -0.00771533604711, -0.00171649770346, 0.00081884150859, -0.00296482723206, 0.000724026118405], [0.000432278699009, -0.00317110097967, -0.000414095760789, -0.000748249993194, -0.00273119518533, 0.00147412356455, 0.00216918392107, -0.00771533604711, 0.0195786505938, -0.00737678818405, -0.00222723465413, 0.00206326437183, -0.00188581191469], [-0.000636928889435, 0.00380172836594, -0.000290437485091, 0.00217426056042, 0.00255564250983, -0.000326125213178, 0.000286308582872, -0.00171649770346, -0.00737678818405, 0.0248609296978, -0.0103875519708, -7.06805367372e-05, 0.00167889136355], [0.00072658067802, -0.00391885684803, 0.000698889605701, -0.00195822771639, -0.000555115751922, -0.00236411509104, -0.00192605145276, 0.00081884150859, -0.00222723465413, -0.0103875519708, 0.0210370980203, -0.00720304856077, 0.00111058552284], [-0.000235350351431, 0.00219505256973, 9.08262809389e-05, 0.00186193408445, -0.000197725748876, 3.2977295632e-05, 0.00334676518105, -0.00296482723206, 0.00206326437183, -7.06805367372e-05, -0.00720304856077, 0.019469127059, -0.00569297280163], [0.000135303009301, -0.000746673846152, 0.000194238527911, -0.000618645281065, 0.000639866513666, -0.000240323744947, -0.00159262330271, 0.000724026118405, -0.00188581191469, 0.00167889136355, 0.00111058552284, -0.00569297280163, 0.0161031298339]]
    },
    "melbands": {
        "dmean": [0.0120543399826, 0.0111147044227, 0.00236814888194, 0.00091181602329, 0.000214473329834, 0.000101151286799, 6.75215414958e-05, 4.98596018588e-05, 4.12099907408e-05, 5.29530989297e-05, 3.34152755386e-05, 2.19299890887e-05, 2.3393506126e-05, 1.70574421645e-05, 2.34013677982e-05, 1.93290979951e-05, 1.38250106829e-05, 1.23227900986e-05, 1.16851961138e-05, 1.39644225783e-05, 1.0433501302e-05, 1.22673709484e-05, 6.52008429824e-06, 5.44731847185e-06, 5.42478528587e-06, 4.77873300042e-06, 5.1761899158e-06, 5.04742638441e-06, 3.78208483198e-06, 3.78705135518e-06, 4.28269595432e-06, 2.30318869399e-06, 2.26845168072e-06, 1.07938672045e-06, 1.20732329378e-06, 7.7398300391e-07, 3.95270092213e-07, 7.95429400569e-07, 4.35612946603e-07, 2.26857991947e-07],
        "dmean2": [0.0193596612662, 0.0175184812397, 0.00399921322241, 0.00165489211213, 0.000356250850018, 0.000162556243595, 0.00010252960783, 7.26691141608e-05, 6.41096848994e-05, 8.18219414214e-05, 5.3494815802e-05, 3.432894664e-05, 3.69716181012e-05, 2.77575909422e-05, 3.72158247046e-05, 3.04284203594e-05, 2.21263035201e-05, 2.04805091926e-05, 1.98912421183e-05, 2.31909925787e-05, 1.73443422682e-05, 2.17284214159e-05, 1.07659989226e-05, 9.14446718525e-06, 8.05949275673e-06, 7.50111212255e-06, 8.58608655108e-06, 7.9600722529e-06, 5.97147936787e-06, 6.30731392448e-06, 7.57100769988e-06, 3.91103276343e-06, 3.66659151041e-06, 1.78084121671e-06, 2.00081399271e-06, 1.34063861879e-06, 6.54648601994e-07, 1.43038619171e-06, 7.62371030305e-07, 3.67253164768e-07],
        "dvar": [0.000253668258665, 0.000255201564869, 2.37353069679e-05, 4.49550680059e-06, 1.45933910289e-07, 2.53174814446e-08, 1.11626352606e-08, 6.77349243361e-09, 4.46814985011e-09, 8.42043412774e-09, 3.21296922401e-09, 1.32613520165e-09, 1.42703926453e-09, 1.26455368399e-09, 1.81373172037e-09, 1.62790469993e-09, 1.19605236826e-09, 4.74494721292e-10, 3.73906988704e-10, 5.3258447652e-10, 3.46033368626e-10, 4.944143428e-10, 1.25050983457e-10, 1.32810928921e-10, 1.18319784526e-10, 8.04014632649e-11, 9.76799682806e-11, 9.15320735873e-11, 6.01449307025e-11, 7.59118531923e-11, 1.50973983315e-10, 3.44613886039e-11, 2.56052418851e-11, 5.08309193348e-12, 9.16675763074e-12, 4.69432912681e-12, 7.31574252132e-13, 5.91397200309e-12, 1.63440506788e-12, 3.13556255613e-13],
        "dvar2": [0.000607969530392, 0.000571016047616, 6.29400310572e-05, 1.27642597363e-05, 3.7088091176e-07, 6.09081141079e-08, 2.56266918797e-08, 1.3077600336e-08, 9.96106575002e-09, 1.71612146715e-08, 7.52285256311e-09, 3.18296677904e-09, 3.46585848909e-09, 2.7934283775e-09, 4.03875821675e-09, 3.7558640642e-09, 2.94080804153e-09, 1.05246011906e-09, 9.60658330662e-10, 1.23226717719e-09, 8.64886884333e-10, 1.3182795966e-09, 2.83509410393e-10, 3.41922795632e-10, 2.75167111319e-10, 1.67480820878e-10, 2.18982970646e-10, 2.03936229015e-10, 1.42186540319e-10, 1.95854332752e-10, 4.27469198927e-10, 8.94442436783e-11, 5.96813709564e-11, 1.17356775339e-11, 2.341130588e-11, 1.36765121797e-11, 1.90423805196e-12, 1.70110817793e-11, 4.63031175901e-12, 8.18674717861e-13],
        "max": [0.112672559917, 0.151923894882, 0.0400514528155, 0.0188809651881, 0.00365193770267, 0.00221236469224, 0.00197297194973, 0.002064519329, 0.00101902335882, 0.00194539094809, 0.00125572108664, 0.000643607287202, 0.000581368687563, 0.00131923088338, 0.00078245846089, 0.000878433464095, 0.000849320902489, 0.000697173352819, 0.000322742358549, 0.000260766944848, 0.000213932580664, 0.000220775516937, 0.000201493530767, 0.00020813428273, 0.000105625920696, 0.00015269353753, 0.000141912081745, 0.000118339681649, 0.000155925838044, 0.000114630114695, 0.000101679492218, 8.36533072288e-05, 3.75569979951e-05, 2.07799039345e-05, 2.34953531617e-05, 2.18434070121e-05, 8.01881924417e-06, 2.3861624868e-05, 1.01878886198e-05, 6.23006235401e-06],
        "mean": [0.0207287091762, 0.0195651780814, 0.00294192065485, 0.000757886853535, 0.000232424819842, 0.000146099046106, 0.000109373366286, 7.49585524318e-05, 6.29952628515e-05, 8.07502729003e-05, 4.70513514301e-05, 3.48168978235e-05, 3.40487276844e-05, 2.21743321163e-05, 3.4754146327e-05, 2.81812008325e-05, 2.00679187401e-05, 1.66191675817e-05, 1.46597949424e-05, 1.76285193447e-05, 1.22485325846e-05, 1.28623178171e-05, 8.58255316416e-06, 7.5523016676e-06, 7.01615408616e-06, 6.52659855405e-06, 6.39253494228e-06, 6.63134778733e-06, 5.19136528965e-06, 4.52490394309e-06, 4.12845975006e-06, 2.92094978249e-06, 2.74115222965e-06, 1.58302827913e-06, 1.54691952048e-06, 9.1104357125e-07, 5.77434207116e-07, 8.80889956534e-07, 5.3907012898e-07, 3.50042625996e-07],
        "median": [0.013970727101, 0.0117471758276, 0.00139376369771, 0.000231926736888, 8.72087475727e-05, 7.22720142221e-05, 5.37384621566e-05, 3.10151081067e-05, 2.89494892058e-05, 3.14241042361e-05, 1.92119223357e-05, 1.7666752683e-05, 1.57145423145e-05, 8.10643177829e-06, 1.52054271894e-05, 1.12256748253e-05, 8.60913041834e-06, 7.15353507985e-06, 5.88493276155e-06, 5.92989727011e-06, 3.83834685636e-06, 3.86691408494e-06, 3.27686052515e-06, 2.90686284643e-06, 2.42356463787e-06, 2.11371389014e-06, 1.62511105373e-06, 1.55653208367e-06, 1.07354526335e-06, 7.95292066869e-07, 5.29965404894e-07, 3.68849100596e-07, 3.46881051883e-07, 2.36047668523e-07, 1.75110145051e-07, 1.01501754557e-07, 6.76658942211e-08, 4.81258766172e-08, 3.46112614125e-08, 2.4956058553e-08],
        "min": [1.99769400144e-24, 1.30612173394e-24, 7.28740829558e-25, 3.13202589048e-24, 2.34636657724e-24, 1.07349375274e-24, 2.62072885021e-24, 7.13974684615e-25, 2.36175528135e-24, 2.76036807727e-24, 2.79012292454e-24, 3.00150983979e-24, 2.56675183163e-24, 2.19761975382e-24, 2.90619138218e-24, 4.02662176713e-24, 3.65554435833e-24, 4.35703773501e-24, 4.41009888608e-24, 4.19312072194e-24, 2.72329575624e-24, 3.65772200886e-24, 3.81900225435e-24, 2.8127474553e-24, 3.6163206164e-24, 3.28856685687e-24, 4.63580185182e-24, 5.1764591117e-24, 5.05288760077e-24, 4.61430460329e-24, 5.36866586012e-24, 4.92469139278e-24, 4.03661900139e-24, 5.16108855139e-24, 5.42307596333e-24, 5.43876088471e-24, 4.00976420402e-24, 4.71592369295e-24, 6.27772510703e-24, 5.79083147886e-24],
        "var": [0.000484375603264, 0.000481695897179, 2.26976753765e-05, 2.70786108558e-06, 1.37348166618e-07, 4.02845863334e-08, 2.4496033646e-08, 1.5162573419e-08, 9.23830523192e-09, 2.20806217754e-08, 6.17319484419e-09, 2.55438314944e-09, 2.58321919411e-09, 2.19614926245e-09, 3.65246233258e-09, 2.94810109658e-09, 1.73364411715e-09, 9.52588563585e-10, 4.98042940222e-10, 7.54648732393e-10, 4.10007777729e-10, 5.11498898792e-10, 1.93659463466e-10, 1.59432134161e-10, 1.56680821095e-10, 1.36892552849e-10, 1.41153963518e-10, 1.41193279291e-10, 9.43303282708e-11, 8.66840071945e-11, 1.15194673245e-10, 4.26300661438e-11, 3.50063589227e-11, 8.95931332595e-12, 1.19134112297e-11, 4.38311019424e-12, 1.18764763649e-12, 5.60478443171e-12, 1.7188857759e-12, 5.69160387223e-13]
    },
    "mfcc": {
        "mean": [-686.913452148, 135.550308228, 3.60048866272, 43.7878036499, 10.7218027115, 21.7393302917, 13.0855722427, 12.2130966187, 8.39002132416, 9.05904483795, 5.12202358246, 4.71609210968, 2.55293512344],
        "cov": [[11424.5722656, 501.300506592, 817.04510498, 749.682861328, 444.842651367, 272.124481201, -178.818145752, 67.6465911865, 128.213775635, 65.302154541, -122.480628967, -30.4924106598, 6.07050848007], [501.300506592, 2673.02832031, -248.115753174, 529.751281738, 316.889221191, 168.660583496, 167.965133667, 144.529052734, 48.9866447449, 181.020690918, 125.221107483, 29.6919326782, -1.32276797295], [817.04510498, -248.115753174, 852.710205078, 211.088241577, 128.473068237, 119.675849915, 68.1918869019, 71.7252655029, 71.7254638672, 45.0619430542, 2.17569470406, 48.6741294861, 23.8470840454], [749.682861328, 529.751281738, 211.088241577, 417.101074219, 181.012802124, 107.905715942, 89.0864868164, 86.7366638184, 58.4248046875, 82.3499984741, 33.491268158, 15.4723796844, -5.68762302399], [444.842651367, 316.889221191, 128.473068237, 181.012802124, 265.335998535, 112.905067444, 49.1818618774, 61.164188385, 23.6927566528, 46.3841819763, 23.831905365, 5.31568288803, -9.86100006104], [272.124481201, 168.660583496, 119.675849915, 107.905715942, 112.905067444, 166.195419312, 86.1806869507, 55.7078094482, 27.1261863708, 29.3896656036, 22.4624061584, 14.2403020859, -11.3291521072], [-178.818145752, 167.965133667, 68.1918869019, 89.0864868164, 49.1818618774, 86.1806869507, 148.204971313, 67.4901123047, 35.0809669495, 40.4959983826, 30.2203502655, 24.8869915009, -1.36228108406], [67.6465911865, 144.529052734, 71.7252655029, 86.7366638184, 61.164188385, 55.7078094482, 67.4901123047, 102.579193115, 41.5237426758, 33.0116500854, 30.5446281433, 15.27293396, 6.43834781647], [128.213775635, 48.9866447449, 71.7254638672, 58.4248046875, 23.6927566528, 27.1261863708, 35.0809669495, 41.5237426758, 83.8755950928, 37.4746398926, -0.323672354221, 6.54803228378, -3.06624364853], [65.302154541, 181.020690918, 45.0619430542, 82.3499984741, 46.3841819763, 29.3896656036, 40.4959983826, 33.0116500854, 37.4746398926, 95.7174987793, 48.5661811829, 21.0941028595, 3.98477578163], [-122.480628967, 125.221107483, 2.17569470406, 33.491268158, 23.831905365, 22.4624061584, 30.2203502655, 30.5446281433, -0.323672354221, 48.5661811829, 102.24723053, 46.0864257812, 14.4148645401], [-30.4924106598, 29.6919326782, 48.6741294861, 15.4723796844, 5.31568288803, 14.2403020859, 24.8869915009, 15.27293396, 6.54803228378, 21.0941028595, 46.0864257812, 87.055557251, 41.3408889771], [6.07050848007, -1.32276797295, 23.8470840454, -5.68762302399, -9.86100006104, -11.3291521072, -1.36228108406, 6.43834781647, -3.06624364853, 3.98477578163, 14.4148645401, 41.3408889771, 82.9046173096]],
