{
"lowlevel": {
    "average_loudness": 0.881490170956,
    "barkbands_crest": {
        "dmean": 3.40513372421,
        "dmean2": 5.18391418457,
        "dvar": 8.49910068512,
        "dvar2": 20.1398601532,
        "max": 26.5981311798,
        "mean": 14.0289449692,
        "median": 13.2645206451,
        "min": 2.22024321556,
        "var": 25.120973587
    },
    "barkbands_flatness_db": {
        "dmean": 0.0449734888971,
        "dmean2": 0.0656849890947,
        "dvar": 0.00185055076145,
        "dvar2": 0.00425448361784,
        "max": 0.525181889534,
        "mean": 0.226979166269,
        "median": 0.224530607462,
        "min": 0.0267475172877,
        "var": 0.00693115545437
    },
    "barkbands_kurtosis": {
        "dmean": 11.0747718811,
        "dmean2": 17.8345584869,
        "dvar": 384.402832031,
        "dvar2": 989.248535156,
        "max": 856.769042969,
        "mean": 17.7335853577,
        "median": 12.3749313354,
        "min": -1.76044404507,
        "var": 475.242248535
    },
    "barkbands_skewness": {
        "dmean": 1.00711596012,
        "dmean2": 1.54110431671,
        "dvar": 1.1248292923,
        "dvar2": 2.75900220871,
        "max": 24.3729553223,
        "mean": 3.09516620636,
        "median": 2.91425895691,
        "min": -2.09460377693,
        "var": 2.56448912621
    },
    "barkbands_spread": {
        "dmean": 4.45703697205,
        "dmean2": 6.99077367783,
        "dvar": 45.2151908875,
        "dvar2": 106.315078735,
        "max": 105.269752502,
        "mean": 9.20225048065,
        "median": 6.05976676941,
        "min": 0.143026515841,
        "var": 91.2351150513
    },
    "dissonance": {
        "dmean": 0.027734586969,
        "dmean2": 0.0453675873578,
        "dvar": 0.000689930806402,
        "dvar2": 0.00177983799949,
        "max": 0.499999344349,
        "mean": 0.444871306419,
        "median": 0.454793334007,
        "min": 0.253450840712,
        "var": 0.00150036462583
    },
    "dynamic_complexity": 4.35032129288,
    "erbbands_crest": {
        "dmean": 3.05344796181,
        "dmean2": 4.9065618515,
        "dvar": 7.43271684647,
        "dvar2": 18.1554908752,
        "max": 31.0038757324,
        "mean": 9.16335391998,
        "median": 8.23645591736,
        "min": 2.42376923561,
        "var": 17.5706367493
    },
    "erbbands_flatness_db": {
        "dmean": 0.0273868367076,
        "dmean2": 0.0397825948894,
        "dvar": 0.000799906847533,
        "dvar2": 0.00163573748432,
        "max": 0.449306339025,
        "mean": 0.16598251462,
        "median": 0.162467822433,
        "min": 0.035223685205,
        "var": 0.0027581686154
    },
    "erbbands_kurtosis": {
        "dmean": 1.65566837788,
        "dmean2": 2.57917308807,
        "dvar": 13.7303657532,
        "dvar2": 30.6221199036,
        "max": 156.915420532,
        "mean": 1.43401420116,
        "median": 0.336463809013,
        "min": -1.75388979912,
        "var": 20.8645038605
    },
    "erbbands_skewness": {
        "dmean": 0.49845919013,
        "dmean2": 0.763597548008,
        "dvar": 0.255484074354,
        "dvar2": 0.574937164783,
        "max": 10.9070558548,
        "mean": 0.849538266659,
        "median": 0.754535257816,
        "min": -2.27975320816,
        "var": 0.720875680447
    },
    "erbbands_spread": {
        "dmean": 10.0024261475,
        "dmean2": 15.2358789444,
        "dvar": 116.068023682,
        "dvar2": 256.994140625,
        "max": 146.156005859,
        "mean": 37.9344596863,
        "median": 35.0794067383,
        "min": 0.760583519936,
        "var": 345.202789307
    },
    "hfc": {
        "dmean": 5.5508556366,
        "dmean2": 8.35389518738,
        "dvar": 73.3852844238,
        "dvar2": 164.029663086,
        "max": 80.2582626343,
        "mean": 10.3848018646,
        "median": 7.24657249451,
        "min": 1.15316428633e-16,
        "var": 116.537857056
    },
    "melbands_crest": {
        "dmean": 3.7609064579,
        "dmean2": 5.96780776978,
        "dvar": 10.873840332,
        "dvar2": 28.5623836517,
        "max": 32.6914024353,
        "mean": 17.3639945984,
        "median": 17.088010788,
        "min": 1.04671514034,
        "var": 25.7046127319
    },
    "melbands_flatness_db": {
        "dmean": 0.0505795478821,
        "dmean2": 0.0732848495245,
        "dvar": 0.00236749416217,
        "dvar2": 0.00537890195847,
        "max": 0.616115868092,
        "mean": 0.328945994377,
        "median": 0.332532256842,
        "min": 1.0277459296e-05,
        "var": 0.0105428984389
    },
    "melbands_kurtosis": {
        "dmean": 18.633014679,
        "dmean2": 29.590965271,
        "dvar": 633.843078613,
        "dvar2": 1613.24597168,
        "max": 394.414489746,
        "mean": 34.2698402405,
        "median": 25.8614654541,
        "min": -1.55545973778,
        "var": 1028.08569336
    },
    "melbands_skewness": {
        "dmean": 1.159116745,
        "dmean2": 1.75903213024,
        "dvar": 1.3070255518,
        "dvar2": 3.14365911484,
        "max": 17.0989074707,
        "mean": 4.09200143814,
        "median": 3.9038567543,
        "min": -0.5994104743,
        "var": 3.4227874279
    },
    "melbands_spread": {
        "dmean": 3.84418463707,
        "dmean2": 5.98664665222,
        "dvar": 44.0162391663,
        "dvar2": 98.9409561157,
        "max": 175.960739136,
        "mean": 8.09182834625,
        "median": 4.77907848358,
        "min": 0.305403709412,
        "var": 138.259521484
    },
    "pitch_salience": {
        "dmean": 0.096472106874,
        "dmean2": 0.151218339801,
        "dvar": 0.00774173391983,
        "dvar2": 0.0197093896568,
        "max": 0.995907247066,
        "mean": 0.496730595827,
        "median": 0.516283869743,
        "min": 0.0799502506852,
        "var": 0.0198323167861
    },
    "silence_rate_20dB": {
        "dmean": 0,
        "dmean2": 0,
        "dvar": 0,
        "dvar2": 0,
        "max": 1,
        "mean": 1,
        "median": 1,
        "min": 1,
        "var": 0
    },
    "silence_rate_30dB": {
        "dmean": 0.0722291395068,
        "dmean2": 0.144474640489,
        "dvar": 0.0670076161623,
        "dvar2": 0.151230454445,
        "max": 1,
        "mean": 0.923817098141,
        "median": 1,
        "min": 0,
        "var": 0.0703748762608
    },
    "silence_rate_60dB": {
        "dmean": 0.0303407683969,
        "dmean2": 0.060688406229,
        "dvar": 0.0294181294739,
        "dvar2": 0.0638005957007,
        "max": 1,
        "mean": 0.125537693501,
        "median": 0,
        "min": 0,
        "var": 0.109773606062
    },
    "spectral_centroid": {
        "dmean": 217.922714233,
        "dmean2": 343.489898682,
        "dvar": 91637.625,
        "dvar2": 209156.46875,
        "max": 11628.4003906,
        "mean": 633.407592773,
        "median": 456.471343994,
        "min": 127.724693298,
        "var": 346817.4375
    },
    "spectral_complexity": {
        "dmean": 4.14694881439,
        "dmean2": 6.19134950638,
        "dvar": 28.6533164978,
        "dvar2": 52.2333717346,
        "max": 50,
        "mean": 11.3631420135,
        "median": 10,
        "min": 0,
        "var": 71.3461761475
    },
    "spectral_decrease": {
        "dmean": 5.21804821574e-09,
        "dmean2": 8.1623490189e-09,
        "dvar": 6.2883441454e-17,
        "dvar2": 1.50030035803e-16,
        "max": 1.09868669982e-28,
        "mean": -1.13912346222e-08,
        "median": -9.3845695659e-09,
        "min": -8.10140363683e-08,
        "var": 1.16410159926e-16
    },
    "spectral_energy": {
        "dmean": 0.0201007407159,
        "dmean2": 0.0314136706293,
        "dvar": 0.000929128844291,
        "dvar2": 0.00220996979624,
        "max": 0.309829473495,
        "mean": 0.0439350046217,
        "median": 0.0361755825579,
        "min": 1.04112934318e-20,
        "var": 0.00172016827855
    },
    "spectral_energyband_high": {
        "dmean": 0.000212730039493,
        "dmean2": 0.000311774987495,
        "dvar": 1.70707821212e-07,
        "dvar2": 3.63366666534e-07,
        "max": 0.00468285335228,
        "mean": 0.000269176845904,
        "median": 5.70223382965e-05,
        "min": 7.59810709849e-21,
        "var": 2.6025603006e-07
    },
    "spectral_energyband_low": {
        "dmean": 0.0143427206203,
        "dmean2": 0.0225411243737,
        "dvar": 0.000554834259674,
        "dvar2": 0.00147931626998,
        "max": 0.285573124886,
        "mean": 0.0297263041139,
        "median": 0.0229943580925,
        "min": 1.60757483145e-23,
        "var": 0.000986325205304
    },
    "spectral_energyband_middle_high": {
        "dmean": 0.00105928059202,
        "dmean2": 0.00166803936008,
        "dvar": 3.10815630655e-06,
        "dvar2": 7.47376316212e-06,
        "max": 0.0193059723824,
        "mean": 0.00157322117593,
        "median": 0.00078586419113,
        "min": 1.37128087478e-21,
        "var": 4.49098752142e-06
    },
    "spectral_energyband_middle_low": {
        "dmean": 0.0105960089713,
        "dmean2": 0.0177638344467,
        "dvar": 0.000445137295173,
        "dvar2": 0.00121187616605,
        "max": 0.215098023415,
        "mean": 0.0147983217612,
        "median": 0.00996012985706,
        "min": 1.5558250512e-22,
        "var": 0.000385538500268
    },
    "spectral_entropy": {
        "dmean": 0.354690134525,
        "dmean2": 0.521885693073,
        "dvar": 0.138796240091,
        "dvar2": 0.304823935032,
        "max": 9.81314277649,
        "mean": 6.98780202866,
        "median": 6.99562501907,
        "min": 3.84678983688,
        "var": 0.485360860825
    },
    "spectral_flux": {
        "dmean": 0.0428624898195,
        "dmean2": 0.0659102872014,
        "dvar": 0.00261037331074,
        "dvar2": 0.00492131942883,
        "max": 0.4812913239,
        "mean": 0.0947808921337,
        "median": 0.0749003216624,
        "min": 6.59798188307e-11,
        "var": 0.00578053295612
    },
    "spectral_kurtosis": {
        "dmean": 4.57699108124,
        "dmean2": 7.34691429138,
        "dvar": 41.7470436096,
        "dvar2": 106.235176086,
        "max": 154.313446045,
        "mean": 10.0363445282,
        "median": 7.16412067413,
        "min": -1.25808346272,
        "var": 105.486633301
    },
    "spectral_rms": {
        "dmean": 0.00132285174914,
        "dmean2": 0.00202170270495,
        "dvar": 2.74128615274e-06,
        "dvar2": 6.10668666923e-06,
        "max": 0.0173859894276,
        "mean": 0.00575592834502,
        "median": 0.00594081263989,
        "min": 3.18706129196e-12,
        "var": 9.73278565652e-06
    },
    "spectral_rolloff": {
        "dmean": 266.559936523,
        "dmean2": 453.76260376,
        "dvar": 683395.625,
        "dvar2": 1587578.625,
        "max": 19293.75,
        "mean": 527.558410645,
        "median": 236.865234375,
        "min": 64.599609375,
        "var": 1670706.875
    },
    "spectral_skewness": {
        "dmean": 0.469515740871,
        "dmean2": 0.711893081665,
        "dvar": 0.245068922639,
        "dvar2": 0.59346807003,
        "max": 10.1465320587,
        "mean": 2.29102706909,
        "median": 2.1618437767,
        "min": -0.0689539462328,
        "var": 0.963830828667
    },
    "spectral_spread": {
        "dmean": 821398.0625,
        "dmean2": 1206571.375,
        "dvar": 1.46217566208e+12,
        "dvar2": 3.34063730688e+12,
        "max": 51041280,
        "mean": 3931155.75,
        "median": 3641362.5,
        "min": 744088.375,
        "var": 4.21742064435e+12
    },
    "spectral_strongpeak": {
        "dmean": 0.236047387123,
        "dmean2": 0.399200260639,
        "dvar": 0.102281555533,
        "dvar2": 0.263348937035,
        "max": 4.38668107986,
        "mean": 0.489214658737,
        "median": 0.410747289658,
        "min": 0,
        "var": 0.142167583108
    },
    "zerocrossingrate": {
        "dmean": 0.00830664113164,
        "dmean2": 0.0102640790865,
        "dvar": 0.000173888736754,
        "dvar2": 0.000214461164433,
        "max": 0.82421875,
        "mean": 0.0277891401201,
        "median": 0.0185546875,
        "min": 0.00244140625,
        "var": 0.00154410663527
    },
    "barkbands": {
        "dmean": [0.000262996181846, 0.00963400118053, 0.006143681705, 0.00404101470485, 0.00609862292185, 0.00113354891073, 0.000578902545385, 0.000367155123968, 0.000487015553517, 0.000169401930179, 0.000205801596167, 0.00019741464348, 0.000157792906975, 0.000158430731972, 0.000101876874396, 0.00011572738731, 9.75464572548e-05, 7.12036926416e-05, 5.37338964932e-05, 4.94347405038e-05, 5.07600489073e-05, 4.35111433035e-05, 3.36599296133e-05, 2.7633164791e-05, 2.73514124274e-05, 1.88658123079e-05, 4.12380813941e-06],
        "dmean2": [0.000447970669484, 0.0150802480057, 0.0100692985579, 0.00679252622649, 0.010353452526, 0.00190380518325, 0.000922646839172, 0.000579048530199, 0.000720561598428, 0.000275966827758, 0.000322503299685, 0.000319003273034, 0.000265552429482, 0.00027151760878, 0.000166280966369, 0.000198748806724, 0.000160678653629, 0.000116934461403, 8.59365682118e-05, 7.66827361076e-05, 7.11272950866e-05, 6.53055903967e-05, 5.07831209688e-05, 4.3150048441e-05, 4.48050814157e-05, 3.11994663207e-05, 7.36568017601e-06],
        "dvar": [1.35887219699e-07, 0.000213633815292, 0.000235408529988, 9.00397717487e-05, 0.000194629203179, 4.44598254035e-06, 1.46043657878e-06, 5.79995628414e-07, 1.6532897007e-06, 1.33292388682e-07, 1.58051790322e-07, 1.8157730608e-07, 1.22232535205e-07, 9.93262077031e-08, 3.5683267896e-08, 5.71127607429e-08, 3.48551409957e-08, 2.05638883699e-08, 1.06863140559e-08, 1.09200222198e-08, 1.23957466514e-08, 1.02089359189e-08, 5.1111856969e-09, 4.00067845518e-09, 4.04586497638e-09, 1.68724223482e-09, 2.31359598146e-10],
        "dvar2": [3.7420753074e-07, 0.000555151433218, 0.000619601516519, 0.000255105871474, 0.000527992786374, 1.17729396152e-05, 3.37992037203e-06, 1.26344980345e-06, 3.06333026856e-06, 3.14897050657e-07, 3.51576431967e-07, 4.45781410008e-07, 3.2439609754e-07, 2.5731364417e-07, 8.43921910132e-08, 1.52973456125e-07, 8.79520811736e-08, 5.08965740664e-08, 2.58558134902e-08, 2.22713989473e-08, 2.30477947838e-08, 2.29648016159e-08, 1.16835989772e-08, 9.20197784637e-09, 1.03632711301e-08, 4.2425281066e-09, 6.33787411441e-10],
        "max": [0.00417892448604, 0.188238948584, 0.179984927177, 0.129950299859, 0.132947176695, 0.0271979812533, 0.022673536092, 0.0197473578155, 0.0466938279569, 0.00901211425662, 0.0121473148465, 0.00868381001055, 0.00713600125164, 0.00558936735615, 0.0046136113815, 0.00217555603012, 0.00209948210977, 0.00187241379172, 0.00139594567008, 0.0012731088791, 0.00148370245006, 0.00148335262202, 0.000906807079446, 0.00103714689612, 0.000765665026847, 0.000421350705437, 0.000270339485724],
        "mean": [0.000429605483077, 0.0200334396213, 0.00688610551879, 0.00467534130439, 0.00652271788567, 0.00146567425691, 0.000816498766653, 0.000495965476148, 0.000717565766536, 0.000225044394028, 0.000298143160762, 0.000246852228884, 0.000182715011761, 0.000159877032274, 0.000118297801237, 0.000115076378279, 0.000103896876681, 7.54392895033e-05, 6.68803113513e-05, 6.17543119006e-05, 6.85269842506e-05, 5.27901793248e-05, 4.00025055569e-05, 3.34720643878e-05, 2.5384946639e-05, 1.516609791e-05, 2.71059252555e-06],
        "median": [0.000273030163953, 0.0152180176228, 0.00216097012162, 0.00171685987152, 0.00274967215955, 0.000591266201809, 0.000279876025161, 0.000195904867724, 0.000236975334701, 8.76368576428e-05, 9.51907786657e-05, 7.48774473323e-05, 6.55192416161e-05, 4.44163670181e-05, 3.567442036e-05, 2.87973234663e-05, 3.360043047e-05, 1.77288620762e-05, 1.76615903911e-05, 1.25238602777e-05, 1.08928361442e-05, 7.75600710767e-06, 6.24641279501e-06, 4.39437371824e-06, 2.14095098272e-06, 9.11895426725e-07, 4.1062222067e-08],
        "min": [5.83199098685e-25, 2.29230475612e-24, 7.48211770522e-24, 1.25571825526e-24, 2.42084766847e-23, 1.41279324104e-23, 1.85948841075e-23, 1.39979265555e-23, 2.04827024066e-23, 2.46327276573e-23, 3.15315876416e-23, 3.25934669952e-23, 4.06762525815e-23, 6.15888384275e-23, 6.03853522305e-23, 6.653198601e-23, 1.43697880131e-22, 1.14598126624e-22, 2.14840474142e-22, 1.87788111296e-22, 3.05527343205e-22, 3.96835153085e-22, 5.55285072932e-22, 5.63178831668e-22, 9.92445381853e-22, 1.51232890171e-21, 2.28371965546e-21],
        "var": [2.30168822668e-07, 0.000465459568659, 0.000213549370528, 6.96181159583e-05, 0.000155702204211, 6.03859507464e-06, 2.46476838583e-06, 1.00556849247e-06, 3.12219572152e-06, 1.89187687738e-07, 3.04117548922e-07, 2.57493809386e-07, 1.22380413359e-07, 9.99796299084e-08, 4.67566856344e-08, 4.83498077131e-08, 3.56181431016e-08, 2.22427463115e-08, 1.45821257291e-08, 1.77220691455e-08, 2.26770726641e-08, 1.42531657588e-08, 6.75711264719e-09, 5.44026645954e-09, 4.01845934306e-09, 1.55015678072e-09, 1.48321882554e-10]
    },
    "erbbands": {
        "dmean": [0.237603470683, 2.4389231205, 6.87472438812, 9.56341266632, 18.8593387604, 21.4909248352, 10.9677791595, 8.3183965683, 8.01969337463, 7.7859210968, 11.8748950958, 9.202293396, 5.5644569397, 7.66750049591, 5.16654968262, 8.13887500763, 7.43236732483, 8.15832805634, 5.5341835022, 5.92589187622, 6.21717977524, 5.25386381149, 4.17864274979, 2.84581136703, 2.6190123558, 2.29983401299, 2.0188934803, 2.16212058067, 1.5788128376, 1.25199723244, 0.910659432411, 0.623722970486, 0.430725634098, 0.347309589386, 0.166691809893, 0.0731657072902, 0.0341641567647, 0.0112462919205, 0.000542635854799, 2.92772165267e-05],
        "dmean2": [0.367694169283, 3.85350680351, 11.1787023544, 15.6258602142, 32.5899810791, 36.4889144897, 18.6617736816, 14.1276302338, 13.2760095596, 12.0777740479, 17.9959354401, 13.9122915268, 8.8000202179, 12.1490783691, 8.19644641876, 13.3125629425, 12.2557229996, 13.9781761169, 9.11752891541, 10.0134458542, 10.4481554031, 8.61822986603, 6.83214569092, 4.66607618332, 4.15483522415, 3.47932291031, 2.83447051048, 3.1916744709, 2.3834092617, 1.90886259079, 1.35974955559, 0.948521912098, 0.686380147934, 0.569727540016, 0.275493949652, 0.117727555335, 0.0570986568928, 0.0196288488805, 0.000958238379098, 4.63599462819e-05],
        "dvar": [0.121791675687, 14.5232496262, 257.37878418, 438.1065979, 2018.57763672, 2349.56982422, 571.558105469, 261.695465088, 287.75177002, 284.709625244, 1000.45214844, 462.36807251, 139.392456055, 227.483276367, 80.0903625488, 320.74710083, 247.938552856, 273.971679688, 110.817359924, 135.391571045, 140.97996521, 101.026817322, 69.7893676758, 33.9492912292, 26.9449310303, 23.4512233734, 18.7580814362, 28.2574901581, 11.5916376114, 7.38057327271, 4.10339355469, 1.96073961258, 1.01252758503, 0.663808941841, 0.163184031844, 0.0245234332979, 0.00536825787276, 0.00111187424045, 4.3375785026e-06, 2.10253081612e-09],
        "dvar2": [0.309591323137, 37.6888237, 675.661315918, 1172.18493652, 5585.72607422, 6505.68408203, 1537.67578125, 736.963684082, 833.318664551, 608.612609863, 1965.71691895, 917.32208252, 315.931274414, 524.912414551, 191.899429321, 814.422241211, 643.817626953, 723.472106934, 266.466247559, 353.148193359, 356.771636963, 250.240600586, 172.448486328, 85.6171035767, 62.3377914429, 48.5143852234, 33.5734710693, 60.9274711609, 25.6893692017, 16.168636322, 9.40491485596, 4.42371368408, 2.38375377655, 1.70452272892, 0.421505004168, 0.058455735445, 0.0135789690539, 0.00303073530085, 1.18697244034e-05, 5.1007238433e-09],
        "max": [3.02993392944, 50.5809211731, 195.828521729, 237.156707764, 543.676574707, 495.776733398, 276.112792969, 216.934463501, 272.28793335, 377.058013916, 1003.42132568, 685.652038574, 241.315551758, 404.958831787, 154.340026855, 345.365539551, 289.286407471, 299.100097656, 149.773666382, 147.714447021, 124.54259491, 105.962356567, 114.6900177, 92.2553329468, 76.2903137207, 61.4600143433, 57.6239852905, 79.9977111816, 40.5485076904, 37.4648094177, 27.8722934723, 22.2265167236, 14.1370210648, 9.21585559845, 7.58462238312, 2.50260615349, 0.823473632336, 0.354674786329, 0.0433683693409, 0.000589148257859],
        "mean": [0.521076023579, 4.63267612457, 8.92239761353, 12.1014900208, 19.7696895599, 23.8362827301, 12.7606687546, 10.8161125183, 10.9453897476, 11.1954650879, 16.7943077087, 13.7293405533, 8.17959690094, 11.0505170822, 7.13545131683, 10.2331485748, 9.31710529327, 8.60661029816, 6.3114566803, 6.41073513031, 6.54677915573, 5.84183597565, 4.47393894196, 3.45797514915, 3.25338172913, 2.81915593147, 2.62868022919, 2.81646895409, 2.02676010132, 1.50622618198, 1.09143102169, 0.797072052956, 0.445559561253, 0.329128086567, 0.149896919727, 0.0644863322377, 0.0266329888254, 0.00784134957939, 0.00037961214548, 5.52035453438e-05],
        "median": [0.405988395214, 2.83761978149, 3.76359939575, 5.08825683594, 9.37941551208, 7.84495067596, 5.3825302124, 4.39947032928, 4.33087158203, 4.31255435944, 5.72138738632, 5.1876616478, 3.43678069115, 3.83389520645, 2.90868234634, 3.32965421677, 3.53628349304, 2.82461667061, 1.98220801353, 2.04786348343, 1.78831744194, 1.99455714226, 1.16832888126, 1.01518511772, 0.829965829849, 0.545647203922, 0.403271615505, 0.418855458498, 0.36152857542, 0.21703030169, 0.184949696064, 0.112997598946, 0.0628199800849, 0.0284234154969, 0.0129980407655, 0.00548272673041, 0.00143633107655, 0.00026411539875, 3.03973974951e-05, 4.27635313827e-05],
        "min": [1.66441547822e-22, 4.93654412255e-22, 6.64824930031e-21, 4.9795852823e-21, 2.45660831986e-20, 8.14394597481e-20, 1.27539527755e-19, 8.70827508433e-20, 1.67610418449e-19, 2.77569010692e-19, 3.30757783904e-19, 5.14065970729e-19, 9.41902912093e-19, 9.50399711346e-19, 1.30960816562e-18, 1.81569267062e-18, 2.36109834341e-18, 2.82054692246e-18, 2.52782652204e-18, 5.12917161615e-18, 6.29232197425e-18, 6.97325333219e-18, 5.61029501559e-18, 9.88962168399e-18, 1.17104050309e-17, 1.13371621134e-17, 1.19041596817e-17, 1.09299824568e-17, 1.44810026521e-17, 1.40308625433e-17, 1.52961874914e-17, 1.10503140749e-17, 1.02781724059e-17, 9.50770329619e-18, 7.82474561013e-18, 5.38561580402e-18, 2.41708110009e-18, 9.75811009956e-19, 3.07998193693e-19, 3.29884345801e-20],
        "var": [0.267334729433, 31.2653675079, 256.552001953, 397.78213501, 1460.28186035, 2034.04907227, 529.488098145, 329.483062744, 414.167633057, 486.103790283, 1770.59863281, 848.59765625, 218.039810181, 413.123596191, 122.160644531, 420.255645752, 279.796264648, 272.296539307, 128.88269043, 130.969497681, 139.677490234, 109.648239136, 76.1569213867, 39.2404518127, 37.6065292358, 37.2584190369, 36.4908752441, 40.9595451355, 18.0220146179, 10.448469162, 5.25490236282, 3.02908539772, 1.10181212425, 0.633989572525, 0.169050902128, 0.0291458833963, 0.0046625896357, 0.00073948939098, 2.79412643067e-06, 2.94409829849e-09]
    },
    "gfcc": {
        "mean": [-73.1675949097, 134.030792236, -82.4129180908, 35.915813446, -43.7035942078, 14.3847045898, -27.0877094269, 3.99866008759, -16.292049408, -1.94515502453, -13.2267122269, -2.27246141434, -9.11879730225],
        "cov": [[18998.4707031, -2430.13476562, -737.398986816, 787.29119873, -560.434509277, 935.665466309, -743.993041992, 159.461212158, -533.772583008, 267.891448975, -404.404205322, 434.917785645, -334.178192139], [-2430.13476562, 2110.04199219, 175.054489136, -102.336494446, 465.902191162, -225.3125, 387.897460938, -53.6420898438, 344.080505371, -139.360076904, 252.415969849, -207.075378418, 134.446182251], [-737.398986816, 175.054489136, 910.652526855, 14.2846889496, 156.562484741, 127.560455322, 102.451980591, 67.4419555664, 4.29077625275, 13.3196554184, -6.00173377991, 3.75804829597, -12.2495326996], [787.29119873, -102.336494446, 14.2846889496, 356.218780518, -24.8540744781, 53.2504425049, 39.9246063232, -3.28196787834, 17.1020259857, 5.90227937698, 7.51286888123, -0.814237415791, 6.90477228165], [-560.434509277, 465.902191162, 156.562484741, -24.8540744781, 416.229888916, 31.5398330688, 129.608154297, 48.2235069275, 88.0429916382, -3.78189206123, 69.1127319336, -24.1766109467, 8.97713851929], [935.665466309, -225.3125, 127.560455322, 53.2504425049, 31.5398330688, 295.518310547, 24.7768192291, 53.0619010925, -32.5898399353, 14.7166070938, -35.2973136902, 40.8114318848, -31.9915027618], [-743.993041992, 387.897460938, 102.451980591, 39.9246063232, 129.608154297, 24.7768192291, 229.118408203, 41.4741363525, 106.793174744, -32.5623970032, 49.5819778442, -41.5010490417, 33.0863113403], [159.461212158, -53.6420898438, 67.4419555664, -3.28196787834, 48.2235069275, 53.0619010925, 41.4741363525, 124.254005432, 24.4747486115, 33.1654129028, -4.73770523071, 11.7358140945, -10.7243337631], [-533.772583008, 344.080505371, 4.29077625275, 17.1020259857, 88.0429916382, -32.5898399353, 106.793174744, 24.4747486115, 170.619689941, -6.96350431442, 56.415435791, -37.2261924744, 22.2814292908], [267.891448975, -139.360076904, 13.3196554184, 5.90227937698, -3.78189206123, 14.7166070938, -32.5623970032, 33.1654129028, -6.96350431442, 102.616493225, 10.9629402161, 20.2130775452, -14.4713153839], [-404.404205322, 252.415969849, -6.00173377991, 7.51286888123, 69.1127319336, -35.2973136902, 49.5819778442, -4.73770523071, 56.415435791, 10.9629402161, 116.715805054, -8.16281890869, 23.7949886322], [434.917785645, -207.075378418, 3.75804829597, -0.814237415791, -24.1766109467, 40.8114318848, -41.5010490417, 11.7358140945, -37.2261924744, 20.2130775452, -8.16281890869, 96.937210083, -7.06610584259], [-334.178192139, 134.446182251, -12.2495326996, 6.90477228165, 8.97713851929, -31.9915027618, 33.0863113403, -10.7243337631, 22.2814292908, -14.4713153839, 23.7949886322, -7.06610584259, 79.2614746094]],
        "icov": [[0.000112025663839, -0.000137921670103, 0.000139482843224, -0.000298363040201, 6.47192646284e-05, -0.000337664911058, 0.000381435151212, -0.000221050024265, 0.000151684056618, -0.000158346418175, 0.000271435972536, -0.000325239816448, 0.000239029031945], [-0.000137921670103, 0.00192522595171, -0.00043887848733, 0.000952643691562, -0.00103766855318, 0.00101698609069, -0.00149823562242, 0.00127699947916, -0.00154083548114, 0.00144804781303, -0.00212422502227, 0.0021172540728, -0.00114776368719], [0.000139482843224, -0.00043887848733, 0.00151015236042, -0.000448397127911, -0.000158457434736, -0.000855164136738, 6.91204913892e-05, -0.000645545893349, 0.000778805348091, -0.000617988873273, 0.000848794647027, -0.000660343561321, 0.000516111962497], [-0.000298363040201, 0.000952643691562, -0.000448397127911, 0.0040476238355, -2.61738750851e-05, 0.000402984529501, -0.00208446476609, 0.00152071658522, -0.0011099355761, 0.000318576116115, -0.00145583320409, 0.00147575989831, -0.00111545680556], [6.47192646284e-05, -0.00103766855318, -0.000158457434736, -2.61738750851e-05, 0.00394421815872, -0.000853077392094, -0.00029401757638, -0.00124470877927, 0.00024563682382, -0.000603532535024, -0.000391133187804, -0.000870758318342, 0.00103461858816], [-0.000337664911058, 0.00101698609069, -0.000855164136738, 0.000402984529501, -0.000853077392094, 0.00586662068963, -0.00258793635294, -0.000173398671905, 0.0001235883974, 0.000842735054903, -0.00029978834209, -0.00017005490372, 0.000399329757784], [0.000381435151212, -0.00149823562242, 6.91204913892e-05, -0.00208446476609, -0.00029401757638, -0.00258793635294, 0.0109054828063, -0.00377746741287, -0.00213243626058, 0.0018168927636, 0.000348460482201, -2.42429596256e-05, -0.000908425077796], [-0.000221050024265, 0.00127699947916, -0.000645545893349, 0.00152071658522, -0.00124470877927, -0.000173398671905, -0.00377746741287, 0.0124575542286, -0.00253487774171, -0.00322187482379, 0.000687853491399, 0.000146089267218, -6.60701625748e-05], [0.000151684056618, -0.00154083548114, 0.000778805348091, -0.0011099355761, 0.00024563682382, 0.0001235883974, -0.00213243626058, -0.00253487774171, 0.0112230079249, -0.00142094760668, -0.000803986971732, -6.78365404383e-06, 0.000865822017659], [-0.000158346418175, 0.00144804781303, -0.000617988873273, 0.000318576116115, -0.000603532535024, 0.000842735054903, 0.0018168927636, -0.00322187482379, -0.00142094760668, 0.0139888916165, -0.0046821818687, 0.000664167106152, 0.000385374849429], [0.000271435972536, -0.00212422502227, 0.000848794647027, -0.00145583320409, -0.000391133187804, -0.00029978834209, 0.000348460482201, 0.000687853491399, -0.000803986971732, -0.0046821818687, 0.0149393705651, -0.00382268149406, -0.000578054168727], [-0.000325239816448, 0.0021172540728, -0.000660343561321, 0.00147575989831, -0.000870758318342, -0.00017005490372, -2.42429596256e-05, 0.000146089267218, -6.78365404383e-06, 0.000664167106152, -0.00382268149406, 0.0155186606571, -0.00247911573388], [0.000239029031945, -0.00114776368719, 0.000516111962497, -0.00111545680556, 0.00103461858816, 0.000399329757784, -0.000908425077796, -6.60701625748e-05, 0.000865822017659, 0.000385374849429, -0.000578054168727, -0.00247911573388, 0.0159418210387]]
    },
    "melbands": {
        "dmean": [0.00241176993586, 0.00333218253218, 0.00184165639803, 0.00156920566224, 0.000454403401818, 0.000195402710233, 0.000125833190395, 7.75548178353e-05, 0.000114136462798, 5.38150343345e-05, 2.74189151241e-05, 2.98376653518e-05, 2.10177149711e-05, 1.61962980201e-05, 2.69514584943e-05, 1.43949482663e-05, 1.57477879839e-05, 9.32664624997e-06, 8.30719363876e-06, 8.27849544294e-06, 7.12468317943e-06, 5.90453873883e-06, 4.3672762331e-06, 3.08031553686e-06, 2.35030074691e-06, 2.05093692784e-06, 1.86836746252e-06, 1.46160630266e-06, 1.41100269957e-06, 1.15096395348e-06, 1.34881963731e-06, 9.78800812845e-07, 7.16181432381e-07, 7.23747177744e-07, 5.43943599496e-07, 4.78460492559e-07, 3.36605495477e-07, 3.21257715541e-07, 2.63656971811e-07, 3.17106696457e-07],
        "dmean2": [0.00375385861844, 0.00536897964776, 0.00300831650384, 0.00267600128427, 0.00077817129204, 0.00033012763015, 0.000205408330658, 0.000120228505693, 0.000171338600921, 8.17909822217e-05, 4.369369708e-05, 4.75935557915e-05, 3.30963885062e-05, 2.6970046747e-05, 4.39811337856e-05, 2.39655200858e-05, 2.71553944913e-05, 1.5676874682e-05, 1.36471853693e-05, 1.43468741953e-05, 1.19363658087e-05, 9.75782131718e-06, 7.29576504455e-06, 4.96701750308e-06, 3.91153434975e-06, 3.29629256157e-06, 2.9773038932e-06, 2.20744550461e-06, 2.0466143269e-06, 1.69871134403e-06, 2.04033312912e-06, 1.5333423562e-06, 1.09213215183e-06, 1.12601969704e-06, 8.3348663793e-07, 7.17546470241e-07, 5.21625111105e-07, 5.15037697824e-07, 4.27566391181e-07, 5.28517546172e-07],
        "dvar": [1.28050014609e-05, 4.45151854365e-05, 1.60331492225e-05, 1.31652595883e-05, 9.52259767928e-07, 1.42453004059e-07, 6.7377605717e-08, 2.57844998686e-08, 1.0736885514e-07, 1.49554750806e-08, 3.56314888705e-09, 3.42655592789e-09, 1.36147426666e-09, 9.50803658029e-10, 4.59933957586e-09, 9.04431252113e-10, 1.06387620935e-09, 3.67000013712e-10, 2.68073868659e-10, 3.47761652808e-10, 1.82435969109e-10, 1.32797980945e-10, 8.25946117056e-11, 3.71801998911e-11, 2.41880612761e-11, 1.65808772962e-11, 1.52321540797e-11, 1.01105460809e-11, 1.07603440047e-11, 6.7665144321e-12, 1.19164469958e-11, 4.76854883705e-12, 2.5863215649e-12, 2.51684415496e-12, 1.6573314986e-12, 1.248997108e-12, 5.64775223116e-13, 6.18636977583e-13, 3.9977502103e-13, 6.26614970849e-13],
        "dvar2": [3.26747103827e-05, 0.000118922020192, 4.30070831499e-05, 3.58041761501e-05, 2.64915956905e-06, 4.00983907412e-07, 1.85549268394e-07, 5.46961125281e-08, 2.06111778311e-07, 3.05569862746e-08, 8.13573475256e-09, 7.99958232989e-09, 3.13859471746e-09, 2.50729659257e-09, 1.14197007406e-08, 2.25004836985e-09, 2.81353496057e-09, 9.0613128112e-10, 6.44191422428e-10, 9.52584344738e-10, 4.5649883873e-10, 3.34614641551e-10, 2.14131851139e-10, 8.5874037048e-11, 6.27311674828e-11, 4.04540255461e-11, 3.42193669234e-11, 2.14901464679e-11, 2.0886759336e-11, 1.40824504835e-11, 2.65372689101e-11, 1.12077656184e-11, 5.60314511802e-12, 5.64898128275e-12, 3.98341949703e-12, 2.82072607459e-12, 1.30585657305e-12, 1.48707727989e-12, 9.72681462284e-13, 1.64635904736e-12],
        "max": [0.0398943349719, 0.0842262580991, 0.0469667874277, 0.0344452932477, 0.0114940423518, 0.0052925045602, 0.00375839043409, 0.00469363247976, 0.0109687261283, 0.00363600137644, 0.00122449256014, 0.00149998371489, 0.000940047902986, 0.000571116921492, 0.00148920377251, 0.000914260162972, 0.0006640352658, 0.000255582708633, 0.000484335643705, 0.000202048831852, 0.000145313941175, 0.00011608832574, 0.00013065400708, 8.18182525109e-05, 8.85346962605e-05, 5.82161883358e-05, 5.82589091209e-05, 3.67150496459e-05, 4.82773612021e-05, 3.89603774238e-05, 5.39408865734e-05, 2.92952900054e-05, 2.39217588387e-05, 2.85870173684e-05, 1.90478931472e-05, 1.99158166652e-05, 9.40215250012e-06, 1.19017777251e-05, 1.06937504825e-05, 9.34099716687e-06],
        "mean": [0.00520745525137, 0.00532726477832, 0.00232625892386, 0.00169429823291, 0.000531475583557, 0.000255542690866, 0.000173095802893, 0.000110054505058, 0.000158945505973, 7.97201064415e-05, 3.83703227271e-05, 4.20123105869e-05, 2.96359539789e-05, 1.94944914256e-05, 3.25529326801e-05, 1.66352929227e-05, 1.59548289957e-05, 9.97244842438e-06, 9.48019714997e-06, 8.25578626973e-06, 7.3215383054e-06, 6.29935539109e-06, 4.65284892925e-06, 3.30309580931e-06, 2.74522494692e-06, 2.51893811765e-06, 2.18177956413e-06, 1.76994831236e-06, 1.75260356627e-06, 1.42666317515e-06, 1.73397324943e-06, 1.1905970041e-06, 8.42695442316e-07, 8.59538090481e-07, 6.03739863436e-07, 6.60055093249e-07, 3.88451326216e-07, 3.29185439796e-07, 2.50104903898e-07, 2.95687698326e-07],
        "median": [0.00424738880247, 0.00256538949907, 0.00112343556248, 0.000723430770449, 0.000239589455305, 0.000101713420008, 6.48136192467e-05, 4.1432256694e-05, 4.60028968519e-05, 3.02960179397e-05, 1.4524346625e-05, 1.42249500641e-05, 1.09582506411e-05, 6.63243736199e-06, 9.34737545322e-06, 5.45488364878e-06, 4.68329926662e-06, 2.85347823592e-06, 2.8482882044e-06, 2.18791456064e-06, 1.85711155609e-06, 2.03211288863e-06, 1.32596699132e-06, 7.77986201683e-07, 7.84648023e-07, 6.31376337878e-07, 4.76110301406e-07, 2.97228211821e-07, 2.47437156986e-07, 2.00086645918e-07, 2.18715442202e-07, 1.86951382375e-07, 1.16387141702e-07, 1.06501715891e-07, 8.22157275593e-08, 1.03780934069e-07, 4.54459332389e-08, 4.27024922089e-08, 2.51917988692e-08, 1.9675489682e-08],
        "min": [1.505553758e-24, 2.48120223304e-24, 9.2479406375e-25, 4.34558702454e-24, 4.72218724854e-24, 2.05588393168e-24, 3.54201110242e-24, 2.39107270525e-24, 2.29374304676e-24, 2.98601976705e-24, 4.14138130732e-24, 3.86068290357e-24, 4.34302638204e-24, 3.48055883791e-24, 3.76497553753e-24, 2.61908999168e-24, 5.58127057939e-24, 3.66664954772e-24, 5.27586189664e-24, 4.13500652235e-24, 7.55082985665e-24, 8.50886356071e-24, 4.18814616507e-24, 5.91361767876e-24, 7.83430938952e-24, 8.29068514471e-24, 7.46658345627e-24, 6.55507361295e-24, 7.11806865265e-24, 7.15863503584e-24, 6.54390334253e-24, 6.49620368461e-24, 6.07977032363e-24, 9.12950618878e-24, 9.45248872035e-24, 6.8860551941e-24, 5.30407945122e-24, 6.7544187637e-24, 7.38912362627e-24, 7.42833474642e-24],
        "var": [2.72830293397e-05, 5.6710014178e-05, 1.41387254189e-05, 1.04045921034e-05, 8.07764592992e-07, 1.83766587725e-07, 1.00980173556e-07, 4.59702036437e-08, 1.91527874449e-07, 2.67301345502e-08, 5.43402700615e-09, 5.98277072328e-09, 2.33601049615e-09, 1.13081144448e-09, 6.05557159972e-09, 1.07807196503e-09, 1.06311526249e-09, 3.81807863103e-10, 3.44478112702e-10, 2.7158233995e-10, 1.82039980312e-10, 1.35331343354e-10, 8.27207885523e-11, 4.36938332737e-11, 2.61473412366e-11, 2.24386360187e-11, 2.10146726409e-11, 1.55323393036e-11, 1.85044184836e-11, 1.08518237799e-11, 1.65776819355e-11, 6.63547255336e-12, 3.66516495973e-12, 3.71713554034e-12, 1.86155669872e-12, 2.20941450899e-12, 7.26443048511e-13, 6.57739379455e-13, 3.96871202351e-13, 5.800783031e-13]
    },
    "mfcc": {
        "mean": [-720.291625977, 157.747192383, 25.9057579041, 31.1606464386, 12.118478775, 13.8146762848, 3.31115889549, 8.49985313416, 1.97009134293, 2.95248293877, 0.640700817108, 1.62215590477, -2.0219540596],
        "cov": [[12962.1152344, -758.424987793, -1096.8223877, 160.559188843, 9.01001644135, 364.191894531, -65.1531982422, 13.8715810776, -155.446914673, -135.983169556, -102.015953064, 11.8872728348, -18.3258361816], [-758.424987793, 1812.07092285, 52.443107605, 77.7135848999, 184.237960815, 37.2655677795, 89.3006591797, 123.238113403, 64.2034988403, 113.342315674, 97.9200363159, 74.196975708, 28.4159145355], [-1096.8223877, 52.443107605, 745.676513672, 55.4983444214, 61.2731819153, 39.3897018433, 95.6621170044, 38.8895874023, 66.0773086548, 20.5492305756, 26.9033508301, 0.464560776949, 1.48340392113], [160.559188843, 77.7135848999, 55.4983444214, 285.173095703, 34.5296478271, 38.128112793, 13.9554195404, 21.3566017151, 10.3508691788, 37.9728431702, 17.9825706482, 27.7397994995, 14.3956785202], [9.01001644135, 184.237960815, 61.2731819153, 34.5296478271, 205.400115967, 65.8818283081, 66.7420043945, 37.8760528564, 28.6488380432, 21.9567337036, 36.2422332764, 19.4146995544, 28.6334381104], [364.191894531, 37.2655677795, 39.3897018433, 38.128112793, 65.8818283081, 167.775772095, 62.4199256897, 71.2326278687, 20.8251247406, 22.1446704865, 9.26800632477, 14.8638467789, 4.40867757797], [-65.1531982422, 89.3006591797, 95.6621170044, 13.9554195404, 66.7420043945, 62.4199256897, 150.232315063, 57.0165481567, 43.5988464355, 15.985291481, 24.4703025818, 17.3832740784, 12.2462415695], [13.8715810776, 123.238113403, 38.8895874023, 21.3566017151, 37.8760528564, 71.2326278687, 57.0165481567, 152.379394531, 52.273601532, 44.9074821472, 8.31654262543, 20.2815189362, 6.68827199936], [-155.446914673, 64.2034988403, 66.0773086548, 10.3508691788, 28.6488380432, 20.8251247406, 43.5988464355, 52.273601532, 105.912506104, 50.3445549011, 19.3763084412, 7.60139274597, -3.68963456154], [-135.983169556, 113.342315674, 20.5492305756, 37.9728431702, 21.9567337036, 22.1446704865, 15.985291481, 44.9074821472, 50.3445549011, 101.922851562, 34.3601913452, 25.8958015442, 2.18977427483], [-102.015953064, 97.9200363159, 26.9033508301, 17.9825706482, 36.2422332764, 9.26800632477, 24.4703025818, 8.31654262543, 19.3763084412, 34.3601913452, 89.4891815186, 38.0558929443, 23.3485832214], [11.8872728348, 74.196975708, 0.464560776949, 27.7397994995, 19.4146995544, 14.8638467789, 17.3832740784, 20.2815189362, 7.60139274597, 25.8958015442, 38.0558929443, 80.1019973755, 17.655166626], [-18.3258361816, 28.4159145355, 1.48340392113, 14.3956785202, 28.6334381104, 4.40867757797, 12.2462415695, 6.68827199936, -3.68963456154, 2.18977427483, 23.3485832214, 17.655166626, 81.9822311401]],
