{
"lowlevel": {
    "average_loudness": 0.931073069572,
    "barkbands_crest": {
        "dmean": 3.14232134819,
        "dmean2": 5.05774879456,
        "dvar": 9.3640871048,
        "dvar2": 24.4054317474,
        "max": 26.0832576752,
        "mean": 10.2903795242,
        "median": 9.4815454483,
        "min": 2.02606868744,
        "var": 21.1603355408
    },
    "barkbands_flatness_db": {
        "dmean": 0.0349333845079,
        "dmean2": 0.0520785264671,
        "dvar": 0.00126003182959,
        "dvar2": 0.0025049042888,
        "max": 0.538105249405,
        "mean": 0.17599208653,
        "median": 0.167853087187,
        "min": 0.0165924690664,
        "var": 0.00871181115508
    },
    "barkbands_kurtosis": {
        "dmean": 7.60679292679,
        "dmean2": 12.0738039017,
        "dvar": 332.696777344,
        "dvar2": 816.765686035,
        "max": 539.94342041,
        "mean": 10.1576309204,
        "median": 3.40952587128,
        "min": -1.90217578411,
        "var": 533.91192627
    },
    "barkbands_skewness": {
        "dmean": 0.865510046482,
        "dmean2": 1.29504394531,
        "dvar": 1.16195011139,
        "dvar2": 2.57581353188,
        "max": 19.601190567,
        "mean": 1.96347343922,
        "median": 1.65265130997,
        "min": -3.29043340683,
        "var": 3.92039179802
    },
    "barkbands_spread": {
        "dmean": 5.58233451843,
        "dmean2": 8.52516841888,
        "dvar": 46.1816062927,
        "dvar2": 99.81665802,
        "max": 122.915420532,
        "mean": 16.2020606995,
        "median": 13.0243854523,
        "min": 0.34221842885,
        "var": 158.331954956
    },
    "dissonance": {
        "dmean": 0.0189987365156,
        "dmean2": 0.0322105847299,
        "dvar": 0.000403417710913,
        "dvar2": 0.00111442245543,
        "max": 0.500000298023,
        "mean": 0.466925531626,
        "median": 0.475495219231,
        "min": 0.133140578866,
        "var": 0.00102509977296
    },
    "dynamic_complexity": 7.32394790649,
    "erbbands_crest": {
        "dmean": 2.31973576546,
        "dmean2": 3.81638622284,
        "dvar": 5.05464601517,
        "dvar2": 13.0624485016,
        "max": 28.4244537354,
        "mean": 7.83458375931,
        "median": 6.91818904877,
        "min": 2.21425747871,
        "var": 14.7372627258
    },
    "erbbands_flatness_db": {
        "dmean": 0.0221556369215,
        "dmean2": 0.0300289206207,
        "dvar": 0.000471885752631,
        "dvar2": 0.000825901341159,
        "max": 0.490422427654,
        "mean": 0.174631163478,
        "median": 0.157394200563,
        "min": 0.0230485014617,
        "var": 0.00536207575351
    },
    "erbbands_kurtosis": {
        "dmean": 1.05649602413,
        "dmean2": 1.6760686636,
        "dvar": 2.24689793587,
        "dvar2": 5.58707904816,
        "max": 43.2236976624,
        "mean": 0.604003846645,
        "median": -0.0344172716141,
        "min": -1.85913097858,
        "var": 4.76352262497
    },
    "erbbands_skewness": {
        "dmean": 0.396723687649,
        "dmean2": 0.615897059441,
        "dvar": 0.144204810262,
        "dvar2": 0.331841975451,
        "max": 5.53262615204,
        "mean": 0.396754056215,
        "median": 0.366305232048,
        "min": -3.18314790726,
        "var": 0.581989467144
    },
    "erbbands_spread": {
        "dmean": 9.60029220581,
        "dmean2": 13.9796514511,
        "dvar": 95.7858428955,
        "dvar2": 199.425186157,
        "max": 145.452926636,
        "mean": 36.5240211487,
        "median": 34.1299858093,
        "min": 1.07989358902,
        "var": 336.390380859
    },
    "hfc": {
        "dmean": 5.36365222931,
        "dmean2": 7.39401245117,
        "dvar": 59.8674850464,
        "dvar2": 106.487571716,
        "max": 134.689956665,
        "mean": 14.3176336288,
        "median": 10.6012783051,
        "min": 1.00398815238e-16,
        "var": 200.362365723
    },
    "melbands_crest": {
        "dmean": 3.79921984673,
        "dmean2": 6.14305448532,
        "dvar": 10.9579372406,
        "dvar2": 26.7960720062,
        "max": 39.8406143188,
        "mean": 14.5879983902,
        "median": 14.3845863342,
        "min": 1.00165581703,
        "var": 38.9226875305
    },
    "melbands_flatness_db": {
        "dmean": 0.0420346744359,
        "dmean2": 0.062462888658,
        "dvar": 0.00188696547411,
        "dvar2": 0.00363320438191,
        "max": 0.701595544815,
        "mean": 0.25206848979,
        "median": 0.249551832676,
        "min": 1.07858276976e-07,
        "var": 0.0155746880919
    },
    "melbands_kurtosis": {
        "dmean": 17.9619598389,
        "dmean2": 26.8195762634,
        "dvar": 15415.40625,
        "dvar2": 28031.8671875,
        "max": 11375.3574219,
        "mean": 26.1712532043,
        "median": 9.30510520935,
        "min": -1.64257442951,
        "var": 25417.3105469
    },
    "melbands_skewness": {
        "dmean": 1.11739706993,
        "dmean2": 1.65765178204,
        "dvar": 2.27995228767,
        "dvar2": 4.21152257919,
        "max": 92.4854507446,
        "mean": 3.07613277435,
        "median": 2.58584833145,
        "min": -2.21723818779,
        "var": 7.62220287323
    },
    "melbands_spread": {
        "dmean": 6.86084747314,
        "dmean2": 10.6754331589,
        "dvar": 90.205619812,
        "dvar2": 201.129730225,
        "max": 180.068618774,
        "mean": 21.3687362671,
        "median": 13.4834403992,
        "min": 0.0515520423651,
        "var": 739.44342041
    },
    "pitch_salience": {
        "dmean": 0.097670674324,
        "dmean2": 0.15677960217,
        "dvar": 0.00821349583566,
        "dvar2": 0.0207030624151,
        "max": 0.99771219492,
        "mean": 0.574284136295,
        "median": 0.596947491169,
        "min": 0.00372666772455,
        "var": 0.0231282208115
    },
    "silence_rate_20dB": {
        "dmean": 0,
        "dmean2": 0,
        "dvar": 0,
        "dvar2": 0,
        "max": 1,
        "mean": 1,
        "median": 1,
        "min": 1,
        "var": 0
    },
    "silence_rate_30dB": {
        "dmean": 0.0629202052951,
        "dmean2": 0.125856384635,
        "dvar": 0.0589633062482,
        "dvar2": 0.13514880836,
        "max": 1,
        "mean": 0.908675789833,
        "median": 1,
        "min": 0,
        "var": 0.0829877778888
    },
    "silence_rate_60dB": {
        "dmean": 0.0172523148358,
        "dmean2": 0.0345090068877,
        "dvar": 0.016955204308,
        "dvar2": 0.0394073314965,
        "max": 1,
        "mean": 0.121131405234,
        "median": 0,
        "min": 0,
        "var": 0.106462530792
    },
    "spectral_centroid": {
        "dmean": 281.995727539,
        "dmean2": 427.087280273,
        "dvar": 141929.859375,
        "dvar2": 274943.1875,
        "max": 11979.6787109,
        "mean": 1372.79663086,
        "median": 896.238586426,
        "min": 133.468582153,
        "var": 3625026.5
    },
    "spectral_complexity": {
        "dmean": 3.68844342232,
        "dmean2": 5.17127609253,
        "dvar": 18.9663505554,
        "dvar2": 30.1218261719,
        "max": 57,
        "mean": 15.8862257004,
        "median": 14,
        "min": 0,
        "var": 114.914077759
    },
    "spectral_decrease": {
        "dmean": 5.6672200266e-09,
        "dmean2": 8.85837181386e-09,
        "dvar": 1.08595440572e-16,
        "dvar2": 2.74536771914e-16,
        "max": 4.26138884323e-18,
        "mean": -1.07450368603e-08,
        "median": -5.77016301406e-09,
        "min": -1.09907674073e-07,
        "var": 1.76418288484e-16
    },
    "spectral_energy": {
        "dmean": 0.021724127233,
        "dmean2": 0.0338553227484,
        "dvar": 0.00156567397062,
        "dvar2": 0.00395439239219,
        "max": 0.418154507875,
        "mean": 0.0418528877199,
        "median": 0.0231922399253,
        "min": 9.97781363234e-21,
        "var": 0.00257534789853
    },
    "spectral_energyband_high": {
        "dmean": 0.000255966413533,
        "dmean2": 0.000326723558828,
        "dvar": 2.41434548798e-07,
        "dvar2": 3.6673262116e-07,
        "max": 0.00642847688869,
        "mean": 0.000400110933697,
        "median": 0.000100171855593,
        "min": 6.92967003875e-21,
        "var": 5.93969673446e-07
    },
    "spectral_energyband_low": {
        "dmean": 0.0190445557237,
        "dmean2": 0.0307969208807,
        "dvar": 0.00162433448713,
        "dvar2": 0.00414273282513,
        "max": 0.404668301344,
        "mean": 0.0268637929112,
        "median": 0.00685034971684,
        "min": 7.01280542004e-24,
        "var": 0.00211723404936
    },
    "spectral_energyband_middle_high": {
        "dmean": 0.00173826422542,
        "dmean2": 0.00268732686527,
        "dvar": 1.18186626423e-05,
        "dvar2": 2.78167844954e-05,
        "max": 0.079211756587,
        "mean": 0.00372462696396,
        "median": 0.00179249700159,
        "min": 1.15999711572e-21,
        "var": 2.72302113444e-05
    },
    "spectral_energyband_middle_low": {
        "dmean": 0.00620483886451,
        "dmean2": 0.00959649868309,
        "dvar": 9.12935938686e-05,
        "dvar2": 0.000213217717828,
        "max": 0.144280567765,
        "mean": 0.0132226226851,
        "median": 0.00810934044421,
        "min": 1.38892959912e-22,
        "var": 0.000208156605368
    },
    "spectral_entropy": {
        "dmean": 0.211251214147,
        "dmean2": 0.305268764496,
        "dvar": 0.0498382784426,
        "dvar2": 0.0947034880519,
        "max": 9.82232189178,
        "mean": 7.47443246841,
        "median": 7.49836540222,
        "min": 4.74358272552,
        "var": 0.558617055416
    },
    "spectral_flux": {
        "dmean": 0.0380048491061,
        "dmean2": 0.0598282292485,
        "dvar": 0.00268555106595,
        "dvar2": 0.00635857367888,
        "max": 0.529873788357,
        "mean": 0.102905713022,
        "median": 0.0811800211668,
        "min": 6.36883046301e-11,
        "var": 0.00651662563905
    },
    "spectral_kurtosis": {
        "dmean": 4.31002950668,
        "dmean2": 7.05405282974,
        "dvar": 75.3079376221,
        "dvar2": 209.371231079,
        "max": 214.242736816,
        "mean": 9.09959983826,
        "median": 4.4232339859,
        "min": -1.28739655018,
        "var": 312.548339844
    },
    "spectral_rms": {
        "dmean": 0.00134534179233,
        "dmean2": 0.00196809368208,
        "dvar": 3.17318836096e-06,
        "dvar2": 7.23531957192e-06,
        "max": 0.020197911188,
        "mean": 0.00535799469799,
        "median": 0.0047567402944,
        "min": 3.12000837492e-12,
        "var": 1.21239390865e-05
    },
    "spectral_rolloff": {
        "dmean": 430.632354736,
        "dmean2": 690.674682617,
        "dvar": 673377.5,
        "dvar2": 1452711,
        "max": 19681.3476562,
        "mean": 1695.97790527,
        "median": 732.12890625,
        "min": 21.533203125,
        "var": 12728045
    },
    "spectral_skewness": {
        "dmean": 0.414655804634,
        "dmean2": 0.652361452579,
        "dvar": 0.286673784256,
        "dvar2": 0.763521075249,
        "max": 11.932888031,
        "mean": 1.83916819096,
        "median": 1.60708594322,
        "min": -0.721896767616,
        "var": 1.43224227428
    },
    "spectral_spread": {
        "dmean": 684631.25,
        "dmean2": 942994.5,
        "dvar": 1.48706675917e+12,
        "dvar2": 2.68756031898e+12,
        "max": 46245548,
        "mean": 5078137.5,
        "median": 3924802,
        "min": 328426.59375,
        "var": 4.5615291564e+13
    },
    "spectral_strongpeak": {
        "dmean": 0.354366004467,
        "dmean2": 0.601081848145,
        "dvar": 0.26356831193,
        "dvar2": 0.658412396908,
        "max": 6.28594207764,
        "mean": 0.604354143143,
        "median": 0.388985455036,
        "min": 0,
        "var": 0.590467393398
    },
    "zerocrossingrate": {
        "dmean": 0.0117087773979,
        "dmean2": 0.0134013444185,
        "dvar": 0.000330418144586,
        "dvar2": 0.000390274217352,
        "max": 0.86767578125,
        "mean": 0.0650889277458,
        "median": 0.037109375,
        "min": 0.001953125,
        "var": 0.011057802476
    },
    "barkbands": {
        "dmean": [0.000608862610534, 0.0148013187572, 0.00542658939958, 0.00288817775436, 0.00301430863328, 0.00119645078667, 0.00075563514838, 0.000573308032472, 0.000670064182486, 0.000793592422269, 0.000364983017789, 0.000362078862963, 0.000198805821128, 0.000180551272933, 0.000170713989064, 0.000153698012582, 0.000148090955918, 0.000123079415062, 0.000121201737784, 0.000102329933725, 8.6865555204e-05, 5.06494980073e-05, 3.92067631765e-05, 3.0713788874e-05, 2.1674155505e-05, 7.40578116165e-06, 2.95956670016e-06],
        "dmean2": [0.000920462713111, 0.0250860843807, 0.00887075904757, 0.00488992314786, 0.00485312473029, 0.00204851664603, 0.00125323864631, 0.000923339801375, 0.00110704707913, 0.00138026848435, 0.000593949283939, 0.000585781934205, 0.000322693464113, 0.000281673390418, 0.000266333314357, 0.000238820925006, 0.000235604878981, 0.000187297555385, 0.000177182053449, 0.000154566238052, 0.000122154902783, 6.61777157802e-05, 5.16836698807e-05, 4.24843092333e-05, 2.95988065773e-05, 1.02357616925e-05, 4.65981338493e-06],
        "dvar": [2.08055075746e-06, 0.00144412030932, 9.51805486693e-05, 2.66576571448e-05, 3.33587740897e-05, 5.0009161896e-06, 3.39541952599e-06, 2.81957068182e-06, 2.04766774914e-06, 5.65697791899e-06, 9.46106069932e-07, 8.61544094732e-07, 4.01880441814e-07, 2.80829141275e-07, 2.4819073019e-07, 1.97046986727e-07, 3.70371850522e-07, 1.04744280804e-07, 1.38128584126e-07, 6.90723069852e-08, 3.48165372088e-08, 1.31972299755e-08, 6.12156991764e-09, 3.68704267117e-09, 1.66578817407e-09, 2.53286863705e-10, 7.46862849343e-11],
        "dvar2": [4.78916172142e-06, 0.00389103824273, 0.000251002173172, 7.30672181817e-05, 8.30146891531e-05, 1.32832637973e-05, 8.05763193057e-06, 6.44251394988e-06, 4.77525009046e-06, 1.53108194354e-05, 2.22853395826e-06, 2.14320516534e-06, 9.85576889434e-07, 6.24657616299e-07, 5.72317730985e-07, 4.71710393413e-07, 9.3535339829e-07, 2.58731347458e-07, 3.12512554501e-07, 1.63919324336e-07, 6.95977107057e-08, 2.0093320785e-08, 8.52005932472e-09, 6.79931577707e-09, 3.19045079245e-09, 4.60473770225e-10, 1.70109953901e-10],
        "max": [0.0172896739095, 0.368912220001, 0.159704357386, 0.0702776312828, 0.0884677022696, 0.0392262749374, 0.0457696206868, 0.0415105000138, 0.0432250909507, 0.067978695035, 0.0356208346784, 0.019341070205, 0.0163001958281, 0.0159028675407, 0.0151176732033, 0.0226217191666, 0.0221896544099, 0.0133266327903, 0.0122007559985, 0.00557629903778, 0.00435112323612, 0.00144632533193, 0.000965414510574, 0.000790627906099, 0.000450304301921, 0.000158280949108, 0.000104478895082],
        "mean": [0.00087136332877, 0.0163609720767, 0.00744515750557, 0.00392314326018, 0.00434589060023, 0.00168932671659, 0.00102823867928, 0.000716274662409, 0.0011730362894, 0.000925876200199, 0.000570190080907, 0.000647797598504, 0.000300771469483, 0.000301876832964, 0.000253795529716, 0.000236565741943, 0.000225747586228, 0.000191162340343, 0.000170341649209, 0.000137533803354, 0.000126530925627, 7.24841738702e-05, 5.64067413507e-05, 4.05414539273e-05, 3.06190195261e-05, 8.73418412084e-06, 2.51873484558e-06],
        "median": [9.15232521947e-05, 0.00164908799343, 0.0017668370856, 0.00103265698999, 0.00154010206461, 0.000858470913954, 0.000437471462646, 0.000227693730267, 0.000464469892904, 0.00035716657294, 0.000201604299946, 0.000176322151674, 0.000130787637318, 9.3289076176e-05, 8.69301147759e-05, 7.85554730101e-05, 6.90702872816e-05, 6.83517719153e-05, 4.82733885292e-05, 4.36385453213e-05, 2.90551361104e-05, 1.33580579131e-05, 9.03937780095e-06, 7.27671158529e-06, 6.6274915298e-06, 7.7316997249e-07, 2.61883812414e-08],
        "min": [2.36126924443e-25, 8.1365840265e-25, 5.16352455386e-25, 2.82402811694e-25, 6.92517638411e-24, 7.29017443634e-24, 6.67442826791e-24, 5.82568414252e-24, 1.07436497072e-23, 1.00594706441e-23, 6.82044563261e-24, 1.68354765865e-23, 2.21275483914e-23, 2.19728180581e-23, 2.86493454848e-23, 2.8467689751e-23, 5.84170369869e-23, 8.24952238268e-23, 1.14662068534e-22, 1.51671976462e-22, 2.33901928455e-22, 3.0788403045e-22, 3.28958607305e-22, 5.12819617553e-22, 8.28857591998e-22, 1.18463259808e-21, 1.83065692043e-21],
        "var": [3.24950474351e-06, 0.0013843922643, 0.000138197458, 3.76607567887e-05, 4.60113878944e-05, 6.43393059363e-06, 5.16031877851e-06, 3.48188746102e-06, 4.35909123553e-06, 4.80494645672e-06, 2.07326183954e-06, 2.25231883633e-06, 5.64002959891e-07, 5.84882684507e-07, 3.80916389986e-07, 3.01508862321e-07, 5.67385484374e-07, 1.48452414805e-07, 1.95079337573e-07, 1.00779367074e-07, 7.17001071848e-08, 2.86614731948e-08, 1.51021861683e-08, 6.46748521405e-09, 2.95170354825e-09, 3.86861237489e-10, 7.21709150775e-11]
    },
    "erbbands": {
        "dmean": [0.31019577384, 3.76385307312, 6.8365187645, 7.807305336, 11.1952915192, 9.87265396118, 11.0412826538, 8.51184368134, 9.61226940155, 11.2393808365, 12.8904075623, 15.1091632843, 23.9577293396, 17.563709259, 13.2293615341, 13.3843402863, 9.37114524841, 8.10289001465, 9.20463752747, 8.57907104492, 7.59474086761, 8.1897649765, 6.84019994736, 6.45759820938, 6.45123386383, 4.4992723465, 3.91841483116, 2.82653546333, 1.88889276981, 1.42347621918, 1.12757480145, 0.729394435883, 0.467741191387, 0.296166092157, 0.12222199887, 0.0351963937283, 0.0129169235006, 0.00508024217561, 0.000458276539575, 2.79952309938e-05],
        "dmean2": [0.521182954311, 6.40779829025, 11.0591602325, 12.9780483246, 18.4066104889, 16.3154430389, 19.2545013428, 14.3954076767, 15.9312410355, 18.5255584717, 20.5873813629, 25.0002117157, 41.8303184509, 29.5302658081, 20.7240638733, 21.5630893707, 14.8368406296, 12.6972160339, 14.4330806732, 12.8631858826, 11.5713844299, 12.8957929611, 10.5759210587, 9.63571357727, 9.43140697479, 6.70228624344, 5.84954309464, 3.82780504227, 2.4170768261, 1.89896655083, 1.51044297218, 1.00215744972, 0.62536251545, 0.399645119905, 0.174485757947, 0.0479983836412, 0.0184129104018, 0.00746254343539, 0.00072923040716, 4.23198580393e-05],
        "dvar": [0.645834267139, 92.2691726685, 158.468231201, 163.089187622, 603.03503418, 379.294586182, 584.499938965, 250.667633057, 473.048339844, 1201.74658203, 958.913574219, 1101.95068359, 4839.25097656, 1712.07397461, 920.28112793, 1388.97692871, 719.804077148, 760.356323242, 672.446166992, 677.655761719, 553.01574707, 1082.2833252, 270.777618408, 306.130401611, 354.672912598, 154.429504395, 83.2844238281, 39.6031150818, 19.3867511749, 8.80143260956, 5.26463890076, 2.32074713707, 0.789793908596, 0.301783561707, 0.0559127256274, 0.00510459719226, 0.000798923545517, 0.000156000562129, 2.03118088393e-06, 2.02851402342e-09],
        "dvar2": [1.71791255474, 250.631729126, 397.280029297, 443.965057373, 1549.25915527, 988.647827148, 1600.96496582, 629.608032227, 1191.87817383, 2791.9453125, 2163.21704102, 2605.32006836, 13442.1523438, 4274.11865234, 2031.51196289, 3584.64575195, 1742.67358398, 1655.7791748, 1626.49755859, 1501.11157227, 1274.90490723, 2802.94921875, 648.376159668, 679.309631348, 853.498413086, 374.169311523, 176.812286377, 70.9444732666, 28.9247341156, 14.0292110443, 7.56352567673, 4.25491380692, 1.36245465279, 0.551185071468, 0.112666875124, 0.00931541062891, 0.00151240220293, 0.000324451655615, 4.65719494969e-06, 4.886806515e-09],
        "max": [8.95026302338, 90.5854721069, 156.997528076, 167.700408936, 399.372924805, 377.506347656, 608.906555176, 386.338043213, 626.64465332, 1006.02679443, 726.240600586, 1268.03100586, 2185.62841797, 1134.1817627, 730.584777832, 898.099182129, 668.555541992, 1004.13934326, 658.4375, 1005.5567627, 1296.65039062, 1214.24902344, 360.968048096, 587.823669434, 528.076416016, 265.046417236, 245.440658569, 140.604980469, 57.9438323975, 37.9737281799, 29.1288719177, 21.6461601257, 10.8642625809, 6.13232183456, 2.56532263756, 0.74459540844, 0.314328670502, 0.126285389066, 0.0174185521901, 0.000461771240225],
        "mean": [0.376382678747, 3.93509793282, 9.16576862335, 11.7445487976, 14.3333101273, 14.4675798416, 14.0815677643, 12.3376598358, 13.2630681992, 15.3121032715, 19.020242691, 26.2594585419, 29.4103374481, 24.7751750946, 23.4485378265, 23.830915451, 16.6423721313, 13.2557058334, 15.870256424, 13.730427742, 12.5659618378, 12.8369913101, 10.9439020157, 9.12834358215, 8.56171035767, 6.15188121796, 5.70165491104, 4.24422931671, 2.79779577255, 2.05396914482, 1.54926216602, 0.940744161606, 0.639123141766, 0.419593453407, 0.169485241175, 0.0447239801288, 0.0147452475503, 0.0049664513208, 0.000397391821025, 5.31252007931e-05],
        "median": [0.0443004071712, 0.369060397148, 1.91481614113, 3.87280368805, 4.6846704483, 4.34587335587, 7.15153026581, 6.06478500366, 5.49383926392, 6.33034944534, 6.87242698669, 9.88746356964, 11.3980007172, 11.0625047684, 8.73918151855, 6.74712085724, 6.38922166824, 5.53658151627, 5.20795631409, 4.78666448593, 4.32131528854, 4.03125095367, 3.87024354935, 2.80654478073, 2.49077987671, 2.053170681, 1.55251836777, 0.862036347389, 0.524944782257, 0.366291761398, 0.228892207146, 0.141325443983, 0.127302527428, 0.0864084661007, 0.0394798442721, 0.00679363310337, 0.00128554110415, 0.000218255416257, 3.37660021614e-05, 3.29571084876e-05],
        "min": [2.54372711173e-23, 1.07407829867e-22, 1.42216106526e-21, 3.59396809119e-21, 7.72117121724e-21, 1.56974711079e-20, 3.22013819207e-20, 5.85349190594e-20, 1.19794674454e-19, 1.38770753468e-19, 1.96229213283e-19, 2.65783005282e-19, 3.17019683947e-19, 6.52155553888e-19, 6.49427046938e-19, 8.56966610929e-19, 1.29046472471e-18, 2.23432505632e-18, 1.79668571451e-18, 2.94035555559e-18, 3.63525365138e-18, 4.07192560547e-18, 4.6177432142e-18, 4.92022331188e-18, 6.67410470443e-18, 7.82044096222e-18, 7.63044915605e-18, 9.16139089786e-18, 1.02030313191e-17, 1.07023770938e-17, 9.17440575761e-18, 7.92448208531e-18, 9.16885289416e-18, 8.08541007348e-18, 6.41535061471e-18, 3.75821198148e-18, 2.13803564955e-18, 9.17726697535e-19, 2.24040473043e-19, 2.58200647735e-20],
        "var": [0.751563668251, 83.4774703979, 222.031585693, 285.387817383, 634.179504395, 594.549621582, 596.740722656, 356.351593018, 768.883422852, 1607.93835449, 1518.26037598, 2292.1550293, 4133.09228516, 2197.16333008, 3425.67114258, 3032.40307617, 1413.7512207, 1219.25390625, 1247.04467773, 1069.91577148, 983.10723877, 1690.46838379, 483.546112061, 437.036865234, 452.915466309, 224.58454895, 154.581619263, 85.2767410278, 42.754825592, 20.0986022949, 12.2509813309, 4.16459512711, 1.50671255589, 0.566293478012, 0.0898975655437, 0.00854008831084, 0.00113700167276, 0.000178685048013, 1.92260995391e-06, 3.55658524853e-09]
    },
    "gfcc": {
        "mean": [-97.5452957153, 124.77961731, -111.974899292, 27.4995574951, -44.2678108215, 5.54819536209, -24.0083293915, 4.57365083694, -22.761007309, -3.14188027382, -13.9168071747, -6.38091564178, -4.13336610794],
        "cov": [[65166.8320312, 4113.06933594, -4271.93017578, 1738.24389648, -2854.69726562, 1267.83288574, -1618.49145508, 588.797363281, -1303.58544922, -165.064727783, -921.048583984, -175.770965576, -423.914276123], [4113.06933594, 4560.05859375, -896.66204834, -261.734375, 845.31439209, -1030.89123535, 598.527954102, -295.912017822, 20.0166721344, -270.337249756, 238.381958008, -424.492034912, 278.211334229], [-4271.93017578, -896.66204834, 1756.05627441, 130.923141479, 189.726547241, 400.025360107, 56.8157844543, 90.9655838013, 119.307594299, 98.7754745483, 53.0447425842, 87.341217041, -24.0515594482], [1738.24389648, -261.734375, 130.923141479, 555.997314453, -32.1873168945, 202.98677063, -9.30250263214, 84.6017303467, -25.4508075714, 42.8918075562, -19.3075847626, 22.9438838959, 4.88402080536], [-2854.69726562, 845.31439209, 189.726547241, -32.1873168945, 654.650146484, -257.742980957, 338.950897217, -93.0307540894, 98.9590301514, -43.8271369934, 139.335845947, -103.436500549, 95.4911193848], [1267.83288574, -1030.89123535, 400.025360107, 202.98677063, -257.742980957, 666.343688965, -189.665237427, 179.711196899, -8.29306602478, 84.5776824951, -60.7588424683, 122.953544617, -91.1042327881], [-1618.49145508, 598.527954102, 56.8157844543, -9.30250263214, 338.950897217, -189.665237427, 362.679595947, -25.0165863037, 71.0852508545, -18.3017425537, 99.9716796875, -69.5985412598, 84.1992340088], [588.797363281, -295.912017822, 90.9655838013, 84.6017303467, -93.0307540894, 179.711196899, -25.0165863037, 175.447723389, 46.5983543396, 38.5308990479, -13.1633787155, 45.3120117188, -16.2012825012], [-1303.58544922, 20.0166721344, 119.307594299, -25.4508075714, 98.9590301514, -8.29306602478, 71.0852508545, 46.5983543396, 140.627655029, 39.783000946, 42.3486442566, 0.0716423839331, 24.8997993469], [-165.064727783, -270.337249756, 98.7754745483, 42.8918075562, -43.8271369934, 84.5776824951, -18.3017425537, 38.5308990479, 39.783000946, 99.2785491943, 14.7535610199, 35.4679679871, -16.7339553833], [-921.048583984, 238.381958008, 53.0447425842, -19.3075847626, 139.335845947, -60.7588424683, 99.9716796875, -13.1633787155, 42.3486442566, 14.7535610199, 104.830986023, 2.66866016388, 44.8495178223], [-175.770965576, -424.492034912, 87.341217041, 22.9438838959, -103.436500549, 122.953544617, -69.5985412598, 45.3120117188, 0.0716423839331, 35.4679679871, 2.66866016388, 118.033493042, 7.02423667908], [-423.914276123, 278.211334229, -24.0515594482, 4.88402080536, 95.4911193848, -91.1042327881, 84.1992340088, -16.2012825012, 24.8997993469, -16.7339553833, 44.8495178223, 7.02423667908, 94.6597366333]],
        "icov": [[6.92695393809e-05, -0.000225568655878, 8.50422075018e-05, -0.000172681524418, 0.000195918270038, -0.000186593271792, 0.000106181178126, -0.000216734028072, 0.000375841686036, -0.000273825222393, 0.000359498051694, -0.000162910262588, 0.000189411977772], [-0.000225568655878, 0.00138360273559, -9.9595192296e-05, 0.000646111380775, -0.000834562059026, 0.000817236083094, -0.000297429447528, 0.000491869519465, -0.000898031168617, 0.00142562680412, -0.00214612600394, 0.00237080687657, -0.00182898074854], [8.50422075018e-05, -9.9595192296e-05, 0.000973164453171, -0.000217717868509, -0.000290641764877, -0.000774251879193, 4.82285613543e-05, -4.59452094219e-05, 8.34911552374e-05, -0.000404062127927, 0.000257161009358, -0.000209541831282, 0.000229636556469], [-0.000172681524418, 0.000646111380775, -0.000217717868509, 0.00282484688796, -0.000907276698854, -0.000204230644158, -0.000309053400997, -0.000512720143888, 0.000643410952762, -0.000738987873774, -0.00026928060106, 0.0014723665081, -0.00224907603115], [0.000195918270038, -0.000834562059026, -0.000290641764877, -0.000907276698854, 0.00501300534233, -0.000411134242313, -0.00204490218312, 0.00118206022307, -0.000923211860936, 0.00100187747739, -0.00137119588908, 0.000520340923686, 0.000902708154172], [-0.000186593271792, 0.000817236083094, -0.000774251879193, -0.000204230644158, -0.000411134242313, 0.00419809762388, 0.000390835513826, -0.00178745551966, -0.000294075289275, 0.000544255366549, -0.00120355328545, -0.000749110186007, 0.00117726193275], [0.000106181178126, -0.000297429447528, 4.82285613543e-05, -0.000309053400997, -0.00204490218312, 0.000390835513826, 0.0069294325076, -0.00217912648804, 0.000820507586468, -0.00101686245762, -0.00156817480456, 0.00232817139477, -0.00254511344247], [-0.000216734028072, 0.000491869519465, -4.59452094219e-05, -0.000512720143888, 0.00118206022307, -0.00178745551966, -0.00217912648804, 0.011504904367, -0.00637862971053, 0.00177545368206, -0.000141625801916, -0.00179703149479, 0.000785384734627], [0.000375841686036, -0.000898031168617, 8.34911552374e-05, 0.000643410952762, -0.000923211860936, -0.000294075289275, 0.000820507586468, -0.00637862971053, 0.0153335575014, -0.00707346247509, 0.00078364397632, 0.00182939844672, -0.00265365187079], [-0.000273825222393, 0.00142562680412, -0.000404062127927, -0.000738987873774, 0.00100187747739, 0.000544255366549, -0.00101686245762, 0.00177545368206, -0.00707346247509, 0.0182117279619, -0.00658988114446, -0.00133816385642, 0.00354235921986], [0.000359498051694, -0.00214612600394, 0.000257161009358, -0.00026928060106, -0.00137119588908, -0.00120355328545, -0.00156817480456, -0.000141625801916, 0.00078364397632, -0.00658988114446, 0.0213888157159, -0.00655806297436, -0.00142609735485], [-0.000162910262588, 0.00237080687657, -0.000209541831282, 0.0014723665081, 0.000520340923686, -0.000749110186007, 0.00232817139477, -0.00179703149479, 0.00182939844672, -0.00133816385642, -0.00655806297436, 0.021105453372, -0.0106277912855], [0.000189411977772, -0.00182898074854, 0.000229636556469, -0.00224907603115, 0.000902708154172, 0.00117726193275, -0.00254511344247, 0.000785384734627, -0.00265365187079, 0.00354235921986, -0.00142609735485, -0.0106277912855, 0.0223715398461]]
    },
    "melbands": {
        "dmean": [0.00352625455707, 0.00410769181326, 0.00140346505214, 0.000750663690269, 0.000375452422304, 0.000196326465812, 0.000150363106513, 0.000123712903587, 0.000110116263386, 9.55787691055e-05, 0.000123914855067, 7.6310687291e-05, 4.42171149189e-05, 3.87587970181e-05, 3.49190631823e-05, 1.89318197954e-05, 1.55064299179e-05, 1.60319450515e-05, 1.26496524899e-05, 1.13993610285e-05, 9.06679815671e-06, 9.11093047762e-06, 7.41213625588e-06, 5.98748329139e-06, 5.43725354873e-06, 4.72015926789e-06, 4.6577683861e-06, 2.65488074547e-06, 2.43599288297e-06, 2.2640053885e-06, 1.46628167386e-06, 1.05283800167e-06, 1.06511890863e-06, 7.26903351733e-07, 6.61828948978e-07, 6.19924549028e-07, 3.84455091762e-07, 3.19986099839e-07, 3.37828481634e-07, 2.23328612492e-07],
        "dmean2": [0.0059826686047, 0.00667932489887, 0.0023162397556, 0.00121782836504, 0.000647631241009, 0.000331365154125, 0.000248797703534, 0.000202235227334, 0.000175396373379, 0.000158628346981, 0.000216880609514, 0.000128646788653, 7.09648957127e-05, 6.19328493485e-05, 5.68873874727e-05, 3.05693829432e-05, 2.45202008955e-05, 2.52899644693e-05, 1.99678306672e-05, 1.74641772901e-05, 1.3864997527e-05, 1.46847996803e-05, 1.17909776236e-05, 9.27605742618e-06, 8.36165963847e-06, 6.93206266078e-06, 7.23394759916e-06, 3.95740971726e-06, 3.77876199309e-06, 3.25924406752e-06, 2.01985290005e-06, 1.38806763061e-06, 1.4254259213e-06, 1.01753812487e-06, 9.16845465326e-07, 8.46594105042e-07, 5.45338991742e-07, 4.32458392652e-07, 4.70274557074e-07, 3.02781785422e-07],
        "dvar": [8.52754528751e-05, 6.96166753187e-05, 5.26985195393e-06, 2.185363428e-06, 6.80853133872e-07, 1.32535561193e-07, 1.1820853274e-07, 1.45191464185e-07, 6.65004691314e-08, 4.24193444815e-08, 1.33513282208e-07, 3.42528032604e-08, 1.26833628045e-08, 9.81882131157e-09, 8.35698799051e-09, 5.27136467809e-09, 2.78856426839e-09, 2.17186157947e-09, 1.41355716021e-09, 1.13049580808e-09, 8.63917215543e-10, 1.49557077833e-09, 5.23449672496e-10, 2.77739831134e-10, 2.19098836296e-10, 3.198938614e-10, 1.64254651547e-10, 6.55949947137e-11, 3.91375230835e-11, 2.27918500045e-11, 1.16091927738e-11, 6.27739396922e-12, 5.94869639658e-12, 2.24817126721e-12, 1.6147115112e-12, 1.92459785088e-12, 6.64941626066e-13, 3.89026213587e-13, 4.2241004531e-13, 1.6990028091e-13],
        "dvar2": [0.000232119040447, 0.000174760134541, 1.40719457704e-05, 5.54007192477e-06, 1.8670176587e-06, 3.33931723162e-07, 3.00864542169e-07, 3.3896401419e-07, 1.49618415435e-07, 1.02308746364e-07, 3.70325636823e-07, 8.55665831523e-08, 2.91787678464e-08, 2.40545006136e-08, 2.14578399493e-08, 1.32357129701e-08, 6.13752781931e-09, 5.18991871701e-09, 3.26938831563e-09, 2.69135158604e-09, 1.98034721954e-09, 3.83254095127e-09, 1.29248811653e-09, 7.02534641572e-10, 4.92215435077e-10, 7.80486453245e-10, 4.15954937161e-10, 1.59868548955e-10, 8.62726418083e-11, 4.64299189373e-11, 2.07119044138e-11, 1.01025403321e-11, 1.01831459931e-11, 3.75375338452e-12, 2.47369919687e-12, 3.23100595757e-12, 1.30673390945e-12, 6.90056518871e-13, 8.04287734503e-13, 3.23309684146e-13],
        "max": [0.0965352654457, 0.0772083848715, 0.0291689261794, 0.0238052550703, 0.0215178541839, 0.00812103040516, 0.00805216468871, 0.0094833932817, 0.00550559256226, 0.00709273433313, 0.0112969838083, 0.00420155702159, 0.00341922254302, 0.00217074155807, 0.00233170506544, 0.00213382393122, 0.00200525857508, 0.0011082746787, 0.00128512526862, 0.00150491658133, 0.00151857885066, 0.00144437467679, 0.000780912349001, 0.00075458054198, 0.000464301177999, 0.000700038857758, 0.000256864790572, 0.000164610712091, 0.0001854410948, 0.000104327424197, 8.20706336526e-05, 3.30871480401e-05, 2.71928893198e-05, 1.95264128706e-05, 1.53499477165e-05, 2.05946125789e-05, 1.24144262372e-05, 8.48906893225e-06, 8.32904152048e-06, 4.03211515732e-06],
        "mean": [0.00405209232122, 0.00518421409652, 0.00213811034337, 0.00104785291478, 0.000511474092491, 0.000287542701699, 0.000206874028663, 0.000165177814779, 0.000169899780303, 0.000162226933753, 0.000145701589645, 0.000101176185126, 7.37951631891e-05, 6.28133129794e-05, 6.63249447825e-05, 2.68893199973e-05, 2.42856440309e-05, 2.72937504633e-05, 1.88819903997e-05, 1.74762571987e-05, 1.40018719321e-05, 1.36300895974e-05, 1.11231838673e-05, 8.85803274286e-06, 7.1952822509e-06, 6.3694342316e-06, 5.6263947954e-06, 3.68906557924e-06, 3.49173888026e-06, 3.16522891808e-06, 2.20533479478e-06, 1.5596646108e-06, 1.35943253099e-06, 1.0750607089e-06, 9.05942442841e-07, 7.68691393205e-07, 4.98237511692e-07, 4.34761091128e-07, 4.44337359795e-07, 3.20291292155e-07],
        "median": [0.000452016829513, 0.000901583349332, 0.000767933495808, 0.000326833280269, 0.000259669322986, 0.000143933692016, 8.73500830494e-05, 6.25221946393e-05, 5.62625427847e-05, 6.24746026006e-05, 5.37044179509e-05, 4.3706058932e-05, 2.79907762888e-05, 2.17071465158e-05, 1.4424093024e-05, 1.23389036162e-05, 9.07773755898e-06, 7.6661899584e-06, 6.67948688715e-06, 5.70640986552e-06, 4.50092738902e-06, 4.11564815295e-06, 3.41693385053e-06, 3.14710086968e-06, 1.98472298507e-06, 1.76054413714e-06, 1.57598287842e-06, 1.21149469123e-06, 9.84488224276e-07, 6.71758243698e-07, 4.45742472266e-07, 2.85227656605e-07, 2.23175320002e-07, 1.92336173654e-07, 1.3882696237e-07, 8.9913456236e-08, 8.49067447461e-08, 8.89840592322e-08, 7.77834827659e-08, 6.94917332567e-08],
        "min": [4.44567542822e-25, 9.28909156662e-25, 9.12941330041e-25, 1.40330417126e-24, 1.29270242108e-24, 1.48211157291e-24, 2.09802192301e-24, 1.4573596815e-24, 1.40441045007e-24, 1.62396365341e-24, 1.57328141101e-24, 2.09429909119e-24, 1.68241844371e-24, 1.94595715062e-24, 1.62914883614e-24, 1.95691008986e-24, 3.15749051772e-24, 2.2345516576e-24, 2.27970881683e-24, 3.13847857547e-24, 3.80068884844e-24, 3.27201320242e-24, 3.00183780871e-24, 3.82654613119e-24, 3.5500515672e-24, 3.57565365345e-24, 3.87380402701e-24, 3.81755824446e-24, 3.17632614955e-24, 4.6438139176e-24, 5.25407592502e-24, 4.81954136171e-24, 5.41406086091e-24, 5.37853332675e-24, 4.92461487328e-24, 4.81143187161e-24, 4.50631703955e-24, 5.17368153245e-24, 5.73231929894e-24, 5.447657658e-24],
        "var": [8.44807218527e-05, 8.5848296294e-05, 8.66208756634e-06, 2.90191724162e-06, 7.24695610188e-07, 1.89642932469e-07, 1.83694098155e-07, 1.89961482988e-07, 1.18763800572e-07, 8.37049043412e-08, 1.11085583399e-07, 4.08577811584e-08, 3.2035870845e-08, 1.80775643344e-08, 3.51837883272e-08, 6.5060841159e-09, 4.35990177294e-09, 4.44831549373e-09, 2.10216977159e-09, 1.65389202333e-09, 1.50763523887e-09, 2.31365260284e-09, 8.50801706864e-10, 3.33204880354e-10, 2.9957633596e-10, 3.65478425302e-10, 1.88220147801e-10, 9.13039990835e-11, 6.67533528453e-11, 4.30534045914e-11, 2.51259794221e-11, 1.32175728695e-11, 1.12127035087e-11, 5.00233448414e-12, 3.77558531314e-12, 3.63985057372e-12, 1.08075245801e-12, 7.20614215001e-13, 7.1982036217e-13, 3.16000752041e-13]
    },
    "mfcc": {
        "mean": [-704.340393066, 144.594070435, -1.99565219879, 23.5722026825, 3.35307693481, 3.23084449768, 7.71989059448, 2.7440943718, 3.7068965435, 0.0452401563525, -3.27284169197, -1.27473545074, -3.4773581028],
        "cov": [[20217.578125, 2580.83447266, 47.2915229797, 696.281860352, -89.5106277466, 355.594482422, 108.971000671, 237.290481567, 157.613861084, 1.22711253166, -85.8896713257, -112.827003479, -116.584732056], [2580.83447266, 4203.92919922, -512.161376953, 533.059326172, 188.872955322, -212.705474854, 359.056335449, -47.6655960083, 35.8652114868, 14.3947315216, -69.9570236206, 51.7057380676, -47.9061698914], [47.2915229797, -512.161376953, 1084.25390625, -41.875667572, 130.723236084, 257.183197021, -30.0931282043, 121.959594727, 24.0679759979, 57.0347061157, 79.9263381958, -18.147901535, 63.9347267151], [696.281860352, 533.059326172, -41.875667572, 514.365905762, 107.998725891, 8.91575145721, 176.76574707, -19.8270301819, 65.3581237793, 21.6312141418, -7.75032949448, 29.1801109314, -14.4613199234], [-89.5106277466, 188.872955322, 130.723236084, 107.998725891, 214.156936646, 100.284133911, 52.5264663696, 45.5341415405, 19.5315093994, 27.1802845001, 32.6289215088, 6.55771446228, 21.8148670197], [355.594482422, -212.705474854, 257.183197021, 8.91575145721, 100.284133911, 219.061767578, 62.1608276367, 58.2410736084, 29.4215698242, 19.1169834137, 39.3782043457, 9.13557910919, 24.5246562958], [108.971000671, 359.056335449, -30.0931282043, 176.76574707, 52.5264663696, 62.1608276367, 224.013641357, 39.266368866, 42.5275306702, 14.4530057907, 6.416639328, 32.695224762, 14.4684276581], [237.290481567, -47.6655960083, 121.959594727, -19.8270301819, 45.5341415405, 58.2410736084, 39.266368866, 127.647949219, 48.470085144, 24.8682365417, 28.6675872803, 3.67685556412, 28.6663303375], [157.613861084, 35.8652114868, 24.0679759979, 65.3581237793, 19.5315093994, 29.4215698242, 42.5275306702, 48.470085144, 95.6770782471, 45.0981750488, 22.6633682251, 20.0897026062, 11.6088962555], [1.22711253166, 14.3947315216, 57.0347061157, 21.6312141418, 27.1802845001, 19.1169834137, 14.4530057907, 24.8682365417, 45.0981750488, 90.5469284058, 49.9866867065, 13.9796934128, 16.9369087219], [-85.8896713257, -69.9570236206, 79.9263381958, -7.75032949448, 32.6289215088, 39.3782043457, 6.416639328, 28.6675872803, 22.6633682251, 49.9866867065, 86.1139526367, 31.9324932098, 16.984287262], [-112.827003479, 51.7057380676, -18.147901535, 29.1801109314, 6.55771446228, 9.13557910919, 32.695224762, 3.67685556412, 20.0897026062, 13.9796934128, 31.9324932098, 60.9383049011, 24.79479599], [-116.584732056, -47.9061698914, 63.9347267151, -14.4613199234, 21.8148670197, 24.5246562958, 14.4684276581, 28.6663303375, 11.6088962555, 16.9369087219, 16.984287262, 24.79479599, 62.3232536316]],
