{
"lowlevel": {
    "average_loudness": 0.456572651863,
    "barkbands_crest": {
        "dmean": 2.27676343918,
        "dmean2": 3.53746390343,
        "dvar": 5.01950359344,
        "dvar2": 11.838727951,
        "max": 25.4009342194,
        "mean": 11.6468400955,
        "median": 11.3123455048,
        "min": 2.0368039608,
        "var": 14.1544351578
    },
    "barkbands_flatness_db": {
        "dmean": 0.0289884824306,
        "dmean2": 0.0417548753321,
        "dvar": 0.00111611990724,
        "dvar2": 0.00220449757762,
        "max": 0.485901921988,
        "mean": 0.226500540972,
        "median": 0.222855567932,
        "min": 0.0328388772905,
        "var": 0.00589682953432
    },
    "barkbands_kurtosis": {
        "dmean": 4.03928565979,
        "dmean2": 6.21752119064,
        "dvar": 41.514957428,
        "dvar2": 95.8305740356,
        "max": 150.241821289,
        "mean": 7.83096408844,
        "median": 4.27079582214,
        "min": -1.90862596035,
        "var": 120.231040955
    },
    "barkbands_skewness": {
        "dmean": 0.579692184925,
        "dmean2": 0.859956204891,
        "dvar": 0.335818350315,
        "dvar2": 0.752703130245,
        "max": 9.73882770538,
        "mean": 1.81682658195,
        "median": 1.63460803032,
        "min": -2.16693234444,
        "var": 1.78640031815
    },
    "barkbands_spread": {
        "dmean": 3.29820418358,
        "dmean2": 5.16250133514,
        "dvar": 27.0843696594,
        "dvar2": 63.6820793152,
        "max": 90.1234359741,
        "mean": 9.91648101807,
        "median": 7.47628164291,
        "min": 0.323254436255,
        "var": 79.8671951294
    },
    "dissonance": {
        "dmean": 0.0324663855135,
        "dmean2": 0.0521836727858,
        "dvar": 0.000935790652875,
        "dvar2": 0.00233906880021,
        "max": 0.499999970198,
        "mean": 0.414924502373,
        "median": 0.423403143883,
        "min": 0.153850778937,
        "var": 0.00277269002981
    },
    "dynamic_complexity": 4.39861392975,
    "erbbands_crest": {
        "dmean": 3.11445784569,
        "dmean2": 4.84031629562,
        "dvar": 8.79954910278,
        "dvar2": 20.0033893585,
        "max": 32.7198410034,
        "mean": 12.6451683044,
        "median": 11.7184305191,
        "min": 2.72538495064,
        "var": 28.7684440613
    },
    "erbbands_flatness_db": {
        "dmean": 0.0246986988932,
        "dmean2": 0.0349656753242,
        "dvar": 0.000735203851946,
        "dvar2": 0.0014010341838,
        "max": 0.448777765036,
        "mean": 0.235016137362,
        "median": 0.23854072392,
        "min": 0.0434374697506,
        "var": 0.00325472117402
    },
    "erbbands_kurtosis": {
        "dmean": 2.17626643181,
        "dmean2": 3.41101336479,
        "dvar": 15.4137039185,
        "dvar2": 37.2978363037,
        "max": 81.6367950439,
        "mean": 2.73559069633,
        "median": 0.664240002632,
        "min": -1.84650373459,
        "var": 36.3898086548
    },
    "erbbands_skewness": {
        "dmean": 0.472800135612,
        "dmean2": 0.715592384338,
        "dvar": 0.240274563432,
        "dvar2": 0.547805249691,
        "max": 6.85822582245,
        "mean": 0.885443627834,
        "median": 0.739842116833,
        "min": -4.23664712906,
        "var": 1.14242434502
    },
    "erbbands_spread": {
        "dmean": 6.72705125809,
        "dmean2": 10.2359409332,
        "dvar": 71.3391571045,
        "dvar2": 163.401947021,
        "max": 123.318977356,
        "mean": 23.9751281738,
        "median": 20.4798984528,
        "min": 1.11284029484,
        "var": 234.004104614
    },
    "hfc": {
        "dmean": 4.12010097504,
        "dmean2": 6.25705766678,
        "dvar": 46.9011039734,
        "dvar2": 107.22605896,
        "max": 146.42149353,
        "mean": 12.4146060944,
        "median": 9.17586326599,
        "min": 1.14515056055e-16,
        "var": 162.669021606
    },
    "melbands_crest": {
        "dmean": 2.79751300812,
        "dmean2": 4.33428907394,
        "dvar": 7.59218406677,
        "dvar2": 18.1126689911,
        "max": 33.4666595459,
        "mean": 16.4087352753,
        "median": 15.6307477951,
        "min": 1.58295845985,
        "var": 32.4247398376
    },
    "melbands_flatness_db": {
        "dmean": 0.0327509455383,
        "dmean2": 0.0473369881511,
        "dvar": 0.00166805973276,
        "dvar2": 0.00343119073659,
        "max": 0.636234462261,
        "mean": 0.29602137208,
        "median": 0.292941570282,
        "min": 0.00578471506014,
        "var": 0.00908855628222
    },
    "melbands_kurtosis": {
        "dmean": 6.07483100891,
        "dmean2": 9.24911212921,
        "dvar": 97.7771759033,
        "dvar2": 210.006729126,
        "max": 298.898681641,
        "mean": 13.0616321564,
        "median": 7.33277273178,
        "min": -1.85257637501,
        "var": 350.60244751
    },
    "melbands_skewness": {
        "dmean": 0.6532574296,
        "dmean2": 0.969460010529,
        "dvar": 0.465804189444,
        "dvar2": 1.01956522465,
        "max": 14.228096962,
        "mean": 2.31628084183,
        "median": 1.9667314291,
        "min": -1.83389091492,
        "var": 2.77703595161
    },
    "melbands_spread": {
        "dmean": 4.25390100479,
        "dmean2": 6.70190238953,
        "dvar": 58.745464325,
        "dvar2": 136.240585327,
        "max": 151.079956055,
        "mean": 12.4731760025,
        "median": 8.4591178894,
        "min": 0.616649508476,
        "var": 169.138122559
    },
    "pitch_salience": {
        "dmean": 0.06565400213,
        "dmean2": 0.102200508118,
        "dvar": 0.00410986831412,
        "dvar2": 0.00970889348537,
        "max": 0.98802280426,
        "mean": 0.499164074659,
        "median": 0.506429493427,
        "min": 0.0735557451844,
        "var": 0.0165020488203
    },
    "silence_rate_20dB": {
        "dmean": 0,
        "dmean2": 0,
        "dvar": 0,
        "dvar2": 0,
        "max": 1,
        "mean": 1,
        "median": 1,
        "min": 1,
        "var": 0
    },
    "silence_rate_30dB": {
        "dmean": 0.00855392403901,
        "dmean2": 0.0171098262072,
        "dvar": 0.00848090462387,
        "dvar2": 0.0198223907501,
        "max": 1,
        "mean": 0.98185390234,
        "median": 1,
        "min": 0,
        "var": 0.0178171861917
    },
    "silence_rate_60dB": {
        "dmean": 0.0356028191745,
        "dmean2": 0.0712138712406,
        "dvar": 0.0343431048095,
        "dvar2": 0.0728429928422,
        "max": 1,
        "mean": 0.146786868572,
        "median": 0,
        "min": 0,
        "var": 0.125239446759
    },
    "spectral_centroid": {
        "dmean": 181.73765564,
        "dmean2": 285.945709229,
        "dvar": 103296.726562,
        "dvar2": 227539.703125,
        "max": 11040.2822266,
        "mean": 758.89251709,
        "median": 572.707763672,
        "min": 167.221298218,
        "var": 337867.9375
    },
    "spectral_complexity": {
        "dmean": 2.84244585037,
        "dmean2": 4.61595392227,
        "dvar": 23.7521362305,
        "dvar2": 53.2188796997,
        "max": 48,
        "mean": 10.5516643524,
        "median": 10,
        "min": 0,
        "var": 44.3786849976
    },
    "spectral_decrease": {
        "dmean": 1.45811873686e-09,
        "dmean2": 1.99155181235e-09,
        "dvar": 3.50932532928e-18,
        "dvar2": 7.18839887361e-18,
        "max": 1.87095201718e-29,
        "mean": -6.8055951985e-09,
        "median": -5.0177431099e-09,
        "min": -4.62497169451e-08,
        "var": 4.36331089502e-17
    },
    "spectral_energy": {
        "dmean": 0.00581802800298,
        "dmean2": 0.00799243617803,
        "dvar": 5.61611814192e-05,
        "dvar2": 0.000115665163321,
        "max": 0.177716016769,
        "mean": 0.0268118809909,
        "median": 0.0200546029955,
        "min": 1.03162379394e-20,
        "var": 0.000657856988255
    },
    "spectral_energyband_high": {
        "dmean": 0.000139394891448,
        "dmean2": 0.000229804660194,
        "dvar": 1.14470310564e-07,
        "dvar2": 2.84008081053e-07,
        "max": 0.00416465988383,
        "mean": 0.000136192524224,
        "median": 2.24914147111e-05,
        "min": 7.55929584877e-21,
        "var": 1.09769352719e-07
    },
    "spectral_energyband_low": {
        "dmean": 0.00151789025404,
        "dmean2": 0.00173468247522,
        "dvar": 1.13678634079e-05,
        "dvar2": 1.52964330482e-05,
        "max": 0.142498329282,
        "mean": 0.00878172554076,
        "median": 0.000899791717529,
        "min": 3.30978835907e-23,
        "var": 0.000367218570318
    },
    "spectral_energyband_middle_high": {
        "dmean": 0.00179960834794,
        "dmean2": 0.00269132526591,
        "dvar": 1.24834250528e-05,
        "dvar2": 2.77150120382e-05,
        "max": 0.0750277340412,
        "mean": 0.00415242044255,
        "median": 0.00133995548822,
        "min": 1.37603423505e-21,
        "var": 4.92526669404e-05
    },
    "spectral_energyband_middle_low": {
        "dmean": 0.00424928264692,
        "dmean2": 0.00604601111263,
        "dvar": 3.38662102877e-05,
        "dvar2": 7.5621981523e-05,
        "max": 0.120158858597,
        "mean": 0.0158982090652,
        "median": 0.0113904960454,
        "min": 2.88356353031e-22,
        "var": 0.000245726143476
    },
    "spectral_entropy": {
        "dmean": 0.267054080963,
        "dmean2": 0.383305042982,
        "dvar": 0.11134199053,
        "dvar2": 0.222482785583,
        "max": 9.81726074219,
        "mean": 6.69667673111,
        "median": 6.6628036499,
        "min": 4.57016515732,
        "var": 0.460860222578
    },
    "spectral_flux": {
        "dmean": 0.0162196476012,
        "dmean2": 0.0259681232274,
        "dvar": 0.00036728286068,
        "dvar2": 0.000816514308099,
        "max": 0.250612854958,
        "mean": 0.0506220050156,
        "median": 0.0459171831608,
        "min": 6.73848615795e-11,
        "var": 0.000970579101704
    },
    "spectral_kurtosis": {
        "dmean": 6.11265850067,
        "dmean2": 10.1513185501,
        "dvar": 62.8546409607,
        "dvar2": 162.196685791,
        "max": 265.533172607,
        "mean": 13.2737340927,
        "median": 9.07903862,
        "min": -1.25612568855,
        "var": 229.079620361
    },
    "spectral_rms": {
        "dmean": 0.000558053317945,
        "dmean2": 0.000766486104112,
        "dvar": 3.60345495665e-07,
        "dvar2": 7.35341188829e-07,
        "max": 0.0131674399599,
        "mean": 0.00450008455664,
        "median": 0.00442328676581,
        "min": 3.17247898958e-12,
        "var": 5.90710487813e-06
    },
    "spectral_rolloff": {
        "dmean": 246.443618774,
        "dmean2": 423.465606689,
        "dvar": 327289.875,
        "dvar2": 749934.25,
        "max": 19035.3515625,
        "mean": 863.922607422,
        "median": 559.86328125,
        "min": 64.599609375,
        "var": 815948.125
    },
    "spectral_skewness": {
        "dmean": 0.542582273483,
        "dmean2": 0.869777917862,
        "dvar": 0.314626991749,
        "dvar2": 0.793806731701,
        "max": 13.89594841,
        "mean": 2.45891809464,
        "median": 2.25717067719,
        "min": -0.77010422945,
        "var": 1.50307130814
    },
    "spectral_spread": {
        "dmean": 505184.3125,
        "dmean2": 740165.1875,
        "dvar": 595235766272,
        "dvar2": 1.03747315302e+12,
        "max": 42577560,
        "mean": 3067373.25,
        "median": 2780627,
        "min": 442913.34375,
        "var": 1.8778381353e+12
    },
    "spectral_strongpeak": {
        "dmean": 0.497237205505,
        "dmean2": 0.796111285686,
        "dvar": 0.85267072916,
        "dvar2": 1.9601174593,
        "max": 20.7856445312,
        "mean": 1.37909018993,
        "median": 0.929888963699,
        "min": 0,
        "var": 2.42086315155
    },
    "zerocrossingrate": {
        "dmean": 0.00602017855272,
        "dmean2": 0.00726714916527,
        "dvar": 7.8859317e-05,
        "dvar2": 9.19529848034e-05,
        "max": 0.73193359375,
        "mean": 0.0340585187078,
        "median": 0.02880859375,
        "min": 0.00390625,
        "var": 0.000768044847064
    },
    "barkbands": {
        "dmean": [3.20485887642e-05, 0.000487182434881, 0.000759990070947, 0.00057992816437, 0.00139806279913, 0.00163917988539, 0.00162385764997, 0.000714535883162, 0.000308511167532, 0.000425312231528, 0.000135371519718, 0.000935487682, 0.000272029777989, 0.000271883909591, 0.000125183680211, 0.000150549894897, 4.4181393605e-05, 6.67857602821e-05, 5.9329020587e-05, 5.29299504706e-05, 4.53049942735e-05, 2.88316223305e-05, 1.85457283806e-05, 1.25049973576e-05, 6.88732325216e-06, 4.44607985628e-06, 3.6161284811e-07],
        "dmean2": [5.32042358827e-05, 0.0007300832076, 0.000865170848556, 0.000684555619955, 0.0020669226069, 0.00233300076798, 0.00247364491224, 0.00107043422759, 0.000437474285718, 0.00060466589639, 0.00020310630498, 0.00135244964622, 0.0004371861869, 0.000452465115814, 0.000198676047148, 0.000246876792517, 7.36809088266e-05, 0.000113288180728, 0.000100744320662, 8.80840452737e-05, 7.79513356974e-05, 4.88836230943e-05, 3.13049640681e-05, 2.06255426747e-05, 1.00463348645e-05, 6.04404340265e-06, 5.88551642977e-07],
        "dvar": [1.12058780033e-08, 2.49008189712e-06, 3.16392765853e-06, 2.17389288082e-06, 5.04500849274e-06, 1.25990263768e-05, 9.97970892058e-06, 2.14009787669e-06, 3.3779417663e-07, 1.10470443815e-06, 1.42194622299e-07, 5.19547256772e-06, 1.56475130098e-06, 1.05290882857e-06, 4.71443115657e-07, 9.12674806841e-07, 9.25771281857e-09, 2.99767819456e-08, 2.19679705538e-08, 2.72982028093e-08, 1.40612508304e-08, 4.99014785049e-09, 2.74161582325e-09, 1.13007780911e-09, 3.89136944889e-10, 2.08168926541e-10, 2.13185068557e-12],
        "dvar2": [2.64235584524e-08, 6.14803821009e-06, 3.83647375202e-06, 2.24234736379e-06, 1.41286236612e-05, 2.61953300651e-05, 2.34399831243e-05, 4.94788537253e-06, 6.39248924017e-07, 1.87798559637e-06, 2.59201442532e-07, 1.02252161014e-05, 3.97244548367e-06, 2.74022886515e-06, 9.31811484861e-07, 2.31981152865e-06, 2.37429862437e-08, 7.66885293046e-08, 5.801112124e-08, 6.97566022723e-08, 3.75873874248e-08, 1.30129924614e-08, 7.21058412978e-09, 2.78454770353e-09, 7.45226047538e-10, 3.65862007357e-10, 5.17107016929e-12],
        "max": [0.00244349706918, 0.0468502826989, 0.0772563740611, 0.0716514959931, 0.049213886261, 0.102133698761, 0.0610204301775, 0.0282111968845, 0.0280298180878, 0.0315690711141, 0.0146413827315, 0.0543601438403, 0.0407247729599, 0.0223032049835, 0.0405531078577, 0.0608744323254, 0.00155530811753, 0.00378302368335, 0.00292336312123, 0.00294266408309, 0.00165086786728, 0.00120214698836, 0.000780103087891, 0.000545732153114, 0.000234356441069, 0.000151934218593, 2.58441868937e-05],
        "mean": [3.1287821912e-05, 0.00210043299012, 0.00452001206577, 0.0026727009099, 0.00427488889545, 0.00378925306723, 0.00322204641998, 0.00129664072301, 0.000601351843216, 0.000675753806718, 0.000199905727641, 0.0018862412544, 0.000389772263588, 0.000384971761378, 0.000174445885932, 0.000235600047745, 5.28091441083e-05, 7.6431708294e-05, 6.47987326374e-05, 5.33757083758e-05, 4.39615614596e-05, 2.58303134615e-05, 1.58223319886e-05, 1.09745187729e-05, 7.40210180084e-06, 4.89178819407e-06, 3.20502010709e-07],
        "median": [5.37781215826e-06, 6.91697714501e-05, 0.000316131918225, 0.000309908209601, 0.00260685593821, 0.00124986842275, 0.000954330665991, 0.000408001651522, 0.000184822230949, 0.000183813899639, 2.87119837594e-05, 0.000261077890173, 8.73769822647e-05, 7.45292272768e-05, 2.60818160314e-05, 3.54927178705e-05, 1.25893748191e-05, 1.50422292791e-05, 1.22387109514e-05, 1.19427568279e-05, 7.5966327131e-06, 3.52528081748e-06, 1.33994979024e-06, 6.96444885762e-07, 3.86621934467e-07, 2.10679075963e-07, 7.60557661295e-09],
        "min": [4.02325964196e-24, 1.91376945632e-23, 8.92598678056e-25, 4.75028095196e-24, 2.94603512934e-23, 2.38184086329e-23, 6.58046310119e-23, 4.29597303785e-23, 7.45275582901e-23, 4.96232510667e-23, 4.10877571396e-23, 5.39788361144e-23, 4.7397852365e-23, 6.34172223683e-23, 5.61483424432e-23, 1.56289261382e-22, 9.95631824552e-23, 2.32008939961e-22, 2.22708812625e-22, 2.65902216225e-22, 3.56877644296e-22, 4.04488719453e-22, 6.11244063514e-22, 7.35433943574e-22, 1.29008298005e-21, 1.73952750671e-21, 2.2575216984e-21],
        "var": [1.15969500669e-08, 3.19333594234e-05, 0.00011216661369, 6.53065362712e-05, 2.26949596254e-05, 5.17644293723e-05, 3.32044219249e-05, 5.65376512895e-06, 1.52763016104e-06, 2.74188687399e-06, 4.89931494485e-07, 2.36010218941e-05, 1.69483064383e-06, 1.82631708867e-06, 1.84866451036e-06, 2.13374892155e-06, 1.18514309477e-08, 3.64204382208e-08, 2.20423661546e-08, 2.32893491159e-08, 1.17098029051e-08, 4.22931245581e-09, 2.22174678655e-09, 1.06888864426e-09, 5.6818882932e-10, 3.10198894349e-10, 2.0195670223e-12]
    },
    "erbbands": {
        "dmean": [0.0100381802768, 0.130911231041, 0.712625920773, 1.6916372776, 3.80050444603, 3.15058612823, 6.96129417419, 18.006860733, 31.1215724945, 8.80456733704, 14.533616066, 5.15536832809, 11.2379894257, 8.62948799133, 16.2568588257, 26.3752918243, 14.3940191269, 9.1943321228, 12.3301925659, 5.51412630081, 9.05139541626, 2.84222817421, 3.60883307457, 2.33221292496, 3.43742346764, 2.54353189468, 1.86057388783, 1.73510169983, 0.997307837009, 0.80102789402, 0.498561501503, 0.355392962694, 0.162400007248, 0.086451984942, 0.0448330305517, 0.0246857833117, 0.00612355628982, 0.00124443601817, 4.39105206169e-05, 7.44480666981e-06],
        "dmean2": [0.0155641585588, 0.192384719849, 0.866783082485, 1.74706947803, 6.47295045853, 4.4880604744, 8.22896289825, 25.9015007019, 47.0417823792, 14.2087745667, 21.2662525177, 7.51873874664, 15.9170951843, 12.2933578491, 23.059753418, 39.2801780701, 23.3598518372, 14.7660484314, 20.4869976044, 8.84153270721, 14.5824632645, 4.75065231323, 6.09789943695, 3.92305088043, 5.89015483856, 4.22263669968, 3.12130761147, 3.01374053955, 1.67938709259, 1.38340616226, 0.845488190651, 0.601590692997, 0.260014027357, 0.13035684824, 0.0626504272223, 0.0344741344452, 0.00821795593947, 0.00174726895057, 6.61741869408e-05, 1.02844287539e-05],
        "dvar": [0.0031049977988, 0.127113357186, 2.72552728653, 22.7553958893, 69.8299789429, 23.3662891388, 128.668365479, 1708.5435791, 3303.06103516, 264.4659729, 769.264404297, 83.0642547607, 599.706970215, 364.35559082, 1565.23046875, 4230.55224609, 3381.36938477, 1195.21337891, 1941.49414062, 572.431945801, 3931.80126953, 42.7595748901, 92.4852752686, 27.820104599, 95.3285675049, 59.6015014648, 22.8491458893, 27.885181427, 7.49229192734, 4.24803638458, 1.92877542973, 0.955995559692, 0.206860184669, 0.0589149147272, 0.0204595234245, 0.00660296576098, 0.000391648471123, 1.86437155207e-05, 2.5782142643e-08, 1.00762488631e-10],
        "dvar2": [0.00808744784445, 0.294004619122, 4.3261756897, 16.1159725189, 233.552261353, 51.6466178894, 173.071884155, 3554.51220703, 7871.66503906, 641.850280762, 1715.67358398, 181.355224609, 1043.85070801, 630.367675781, 2751.24414062, 9162.48535156, 8811.25683594, 2845.53613281, 5004.70605469, 1113.34594727, 10123.7431641, 110.687812805, 236.737106323, 70.1791687012, 251.478851318, 151.134185791, 58.1220169067, 77.2678222656, 19.7554149628, 11.2344589233, 5.09379911423, 2.50166535378, 0.475987166166, 0.123829692602, 0.0371649898589, 0.0125418063253, 0.000631444680039, 3.43589999829e-05, 5.84910466728e-08, 2.04996283837e-10],
        "max": [1.14496266842, 13.7739019394, 54.9856758118, 259.600921631, 154.971588135, 124.396720886, 410.471069336, 1189.85864258, 1101.6920166, 359.574615479, 489.843078613, 316.739349365, 695.594421387, 567.759887695, 901.135192871, 1976.52648926, 1791.22241211, 1201.58361816, 1918.23400879, 1374.50354004, 4134.92138672, 249.988037109, 243.123474121, 76.6074905396, 185.172012329, 136.702728271, 97.856842041, 70.0417404175, 53.368434906, 32.69739151, 15.5246458054, 23.1536273956, 8.02366924286, 3.4505033493, 2.10058665276, 0.98418545723, 0.22073712945, 0.0585353188217, 0.00268915481865, 0.000194195279619],
        "mean": [0.0185241475701, 0.641957640648, 4.21340560913, 9.5050868988, 9.87606334686, 10.0266809464, 20.384563446, 41.9169578552, 66.2362060547, 16.0776519775, 27.5769577026, 10.306189537, 20.4338302612, 15.5584907532, 30.8800163269, 53.4812812805, 22.7061824799, 13.8676023483, 17.673412323, 8.80006980896, 13.6669464111, 3.99803376198, 4.42472267151, 2.83393716812, 3.42851042747, 2.57364606857, 1.91987740993, 1.54491567612, 0.923129677773, 0.66454398632, 0.419831871986, 0.294887632132, 0.152658745646, 0.0890305116773, 0.0496153570712, 0.0260840877891, 0.00718563515693, 0.00138802418951, 5.5239739595e-05, 3.14502176479e-05],
        "median": [0.00271263578907, 0.0287554003298, 0.289698064327, 1.14605307579, 2.7544131279, 5.68743610382, 8.49970626831, 12.4243984222, 27.4536991119, 7.47221946716, 11.4341487885, 4.78577899933, 6.65240478516, 4.63835048676, 4.00667572021, 8.88136100769, 5.22194957733, 3.59026026726, 3.39605426788, 2.20278978348, 2.03941631317, 1.12470507622, 0.918979883194, 0.679098904133, 0.65925860405, 0.582403302193, 0.373683154583, 0.234814912081, 0.133077353239, 0.0658857524395, 0.03475689888, 0.0205841884017, 0.00899642892182, 0.00514207687229, 0.00225043809041, 0.00112814921886, 0.000317503057886, 5.35100698471e-05, 1.62505384651e-05, 2.39313376369e-05],
        "min": [6.45741291688e-22, 6.5132375108e-22, 2.4199510113e-21, 5.82730041123e-21, 3.15075066338e-20, 1.13314373514e-19, 8.16099235778e-20, 2.14955742245e-19, 6.11082055668e-19, 7.89889759575e-19, 1.1790303647e-18, 1.37610769661e-18, 2.24950154582e-18, 2.06867138531e-18, 1.48082483305e-18, 2.45088135428e-18, 2.07031209806e-18, 3.41429323705e-18, 3.40254623837e-18, 5.57591408061e-18, 9.31525393642e-18, 6.43892526216e-18, 1.01082033337e-17, 1.22407518806e-17, 9.46340612003e-18, 1.36719703822e-17, 1.57163108701e-17, 1.34625390044e-17, 1.44139811701e-17, 1.27361073361e-17, 1.81428931735e-17, 1.77790064959e-17, 1.21605021263e-17, 1.07635181488e-17, 1.10102752245e-17, 6.57435292641e-18, 3.03075212768e-18, 1.20279071421e-18, 3.00071270184e-19, 3.36205944385e-20],
        "var": [0.00318578677252, 2.82436871529, 82.7569122314, 900.478515625, 213.005615234, 133.561965942, 884.787231445, 7049.32275391, 10946.3515625, 579.538085938, 1999.14611816, 283.283660889, 1929.94311523, 1278.95996094, 6757.15625, 18230.8046875, 4609.09960938, 1840.68737793, 4055.95849609, 2108.21655273, 8591.87402344, 77.1137924194, 125.011367798, 30.606760025, 84.1315460205, 51.3259010315, 22.9157009125, 19.620880127, 6.16093635559, 3.3137409687, 1.54848110676, 0.786651551723, 0.221655935049, 0.0763676315546, 0.0308689139783, 0.00910490658134, 0.000640731537715, 2.64899044851e-05, 2.88258945602e-08, 8.40428837634e-10]
    },
    "gfcc": {
        "mean": [-87.6475601196, 139.990127563, -123.9870224, 10.0599431992, -64.5843048096, -9.23566246033, -36.4414176941, -13.212305069, -24.238161087, -1.43200337887, -9.39040279388, -3.76207232475, -8.12905597687],
        "cov": [[7873.33251953, -615.829711914, -1121.05224609, -349.529998779, -121.662742615, 272.625976562, -309.211364746, 63.5839576721, -137.082046509, 59.724155426, -9.78493022919, 170.348251343, -77.0116500854], [-615.829711914, 2371.15698242, 496.588012695, 15.405670166, 594.702087402, -145.089492798, 394.624572754, -216.522735596, 409.809631348, -265.359649658, 152.910232544, -407.398071289, 101.12121582], [-1121.05224609, 496.588012695, 1132.06750488, 175.094024658, 153.368621826, -6.84874534607, 111.563079834, 114.972312927, 64.0876159668, 13.2361974716, -68.7343215942, -78.5835266113, -25.067483902], [-349.529998779, 15.405670166, 175.094024658, 568.850952148, 207.877700806, 141.367614746, 184.194351196, 53.7985572815, 53.6878051758, 8.17263507843, -14.2578306198, -59.204044342, -19.690076828], [-121.662742615, 594.702087402, 153.368621826, 207.877700806, 535.64654541, 145.535461426, 190.405639648, 11.8431186676, 113.54196167, -39.3310127258, 0.198896884918, -136.406265259, -20.1289997101], [272.625976562, -145.089492798, -6.84874534607, 141.367614746, 145.535461426, 260.794769287, 77.2543792725, 74.0258865356, 7.74712467194, 25.2516517639, -8.8301448822, 21.467218399, -19.5119171143], [-309.211364746, 394.624572754, 111.563079834, 184.194351196, 190.405639648, 77.2543792725, 263.105957031, 17.8627567291, 97.0493011475, -32.3616790771, 35.9863929749, -67.6266403198, 13.6969614029], [63.5839576721, -216.522735596, 114.972312927, 53.7985572815, 11.8431186676, 74.0258865356, 17.8627567291, 185.061798096, 7.72684621811, 71.8626785278, -10.0317087173, 61.6729431152, -11.5662126541], [-137.082046509, 409.809631348, 64.0876159668, 53.6878051758, 113.54196167, 7.74712467194, 97.0493011475, 7.72684621811, 215.63923645, 5.95522928238, 43.1330299377, -89.536529541, 21.7743625641], [59.724155426, -265.359649658, 13.2361974716, 8.17263507843, -39.3310127258, 25.2516517639, -32.3616790771, 71.8626785278, 5.95522928238, 160.848907471, 17.8465480804, 68.400970459, -10.1080846786], [-9.78493022919, 152.910232544, -68.7343215942, -14.2578306198, 0.198896884918, -8.8301448822, 35.9863929749, -10.0317087173, 43.1330299377, 17.8465480804, 150.252883911, 37.7228965759, 33.2074394226], [170.348251343, -407.398071289, -78.5835266113, -59.204044342, -136.406265259, 21.467218399, -67.6266403198, 61.6729431152, -89.536529541, 68.400970459, 37.7228965759, 214.400756836, 40.2918052673], [-77.0116500854, 101.12121582, -25.067483902, -19.690076828, -20.1289997101, -19.5119171143, 13.6969614029, -11.5662126541, 21.7743625641, -10.1080846786, 33.2074394226, 40.2918052673, 104.286582947]],
        "icov": [[0.000188801510376, -0.000285941263428, 0.000283724570181, -4.52899548691e-05, 0.000183199299499, -0.000393870548578, 0.000368390523363, -0.000287119735731, 0.000188446618267, -0.000179405280505, 0.000251559831668, -0.000212342580198, 0.000302974076476], [-0.000285941263428, 0.00381962233223, -0.00173842802178, 0.00163734192029, -0.00281431386247, 0.00243924162351, -0.00261439033784, 0.00237455987372, -0.00293016806245, 0.00299199996516, -0.00321558350697, 0.00263288291171, -0.00259517412633], [0.000283724570181, -0.00173842802178, 0.00204269471578, -0.000865231151693, 0.00103549601045, -0.000712705194019, 0.00104691786692, -0.00203337986022, 0.0012795436196, -0.00137959234416, 0.0019718320109, -0.000986410537735, 0.00127867318224], [-4.52899548691e-05, 0.00163734192029, -0.000865231151693, 0.0033480215352, -0.00143607531209, 0.000133502282551, -0.00251602870412, 0.000890358176548, -0.000956640811637, 0.000798016262706, -0.00105319998693, 0.0014941127738, -0.000984746497124], [0.000183199299499, -0.00281431386247, 0.00103549601045, -0.00143607531209, 0.00541618280113, -0.00337510020472, 0.000799817906227, -0.00159449258354, 0.001783148502, -0.00203239265829, 0.00211384170689, -0.000344786065398, 0.00186479196418], [-0.000393870548578, 0.00243924162351, -0.000712705194019, 0.000133502282551, -0.00337510020472, 0.0080206617713, -0.00277330167592, -4.98790832353e-05, -0.00170992873609, 0.00177288264968, -0.0012533365516, -2.28674507525e-05, -0.000657459720969], [0.000368390523363, -0.00261439033784, 0.00104691786692, -0.00251602870412, 0.000799817906227, -0.00277330167592, 0.00925864651799, -0.00237643788569, 0.000524589442648, -0.000403611396905, 0.000352093135007, -0.00106224277988, 0.00088922388386], [-0.000287119735731, 0.00237455987372, -0.00203337986022, 0.000890358176548, -0.00159449258354, -4.98790832353e-05, -0.00237643788569, 0.0104664266109, -0.00327726919204, -0.000554952945095, -0.000553563411813, -0.00157340348233, -0.00026469072327], [0.000188446618267, -0.00293016806245, 0.0012795436196, -0.000956640811637, 0.001783148502, -0.00170992873609, 0.000524589442648, -0.00327726919204, 0.0106468005106, -0.00440865522251, 8.42483041197e-06, 0.00295853218995, -0.00109681650065], [-0.000179405280505, 0.00299199996516, -0.00137959234416, 0.000798016262706, -0.00203239265829, 0.00177288264968, -0.000403611396905, -0.000554952945095, -0.00440865522251, 0.0116067836061, -0.00337690743618, -0.000878771184944, 0.000176577930688], [0.000251559831668, -0.00321558350697, 0.0019718320109, -0.00105319998693, 0.00211384170689, -0.0012533365516, 0.000352093135007, -0.000553563411813, 8.42483041197e-06, -0.00337690743618, 0.011961793527, -0.00546536408365, 0.00161831604782], [-0.000212342580198, 0.00263288291171, -0.000986410537735, 0.0014941127738, -0.000344786065398, -2.28674507525e-05, -0.00106224277988, -0.00157340348233, 0.00295853218995, -0.000878771184944, -0.00546536408365, 0.0135762365535, -0.00697845453396], [0.000302974076476, -0.00259517412633, 0.00127867318224, -0.000984746497124, 0.00186479196418, -0.000657459720969, 0.00088922388386, -0.00026469072327, -0.00109681650065, 0.000176577930688, 0.00161831604782, -0.00697845453396, 0.0149682899937]]
    },
    "melbands": {
        "dmean": [0.000105794984847, 0.000310285773594, 0.000325438857544, 0.000256632338278, 0.000228366654483, 0.000402051373385, 0.000417406234192, 0.000113128422527, 0.000105699291453, 3.38201680279e-05, 6.1735183408e-05, 4.2159917939e-05, 3.34986871167e-05, 0.000100392913737, 6.16077668383e-05, 2.86377890006e-05, 1.67803827935e-05, 2.47507778113e-05, 1.08491049104e-05, 7.7912436609e-06, 1.06548886833e-05, 2.92631398224e-06, 2.92077311315e-06, 3.21356128552e-06, 1.73671492121e-06, 2.61085642705e-06, 2.08588403439e-06, 1.73521630131e-06, 1.37478173201e-06, 8.6914383246e-07, 1.1279004184e-06, 5.77272771807e-07, 5.1976752502e-07, 4.07096763411e-07, 3.10197322051e-07, 2.57133393688e-07, 1.9653077743e-07, 1.18686934059e-07, 9.43031110978e-08, 6.71718467515e-08],
        "dmean2": [0.000160694326041, 0.000385794963222, 0.000410233187722, 0.000416930386564, 0.000269867276074, 0.000579270883463, 0.00063344737282, 0.000176380024641, 0.000153602450155, 4.91140235681e-05, 8.71089941938e-05, 5.9783058532e-05, 4.85413402203e-05, 0.000140712116263, 9.85481237876e-05, 4.6746328735e-05, 2.71108710876e-05, 4.1357066948e-05, 1.68948645296e-05, 1.30193902805e-05, 1.7392616428e-05, 4.91336822961e-06, 4.95334188599e-06, 5.47051240574e-06, 2.93577795674e-06, 4.46512740382e-06, 3.50306208929e-06, 2.91863125312e-06, 2.33176024267e-06, 1.47936020767e-06, 1.98614543478e-06, 9.63023808254e-07, 9.03267277863e-07, 7.06018568053e-07, 5.37130176781e-07, 4.38847877149e-07, 3.32592691166e-07, 1.91117237591e-07, 1.47288929497e-07, 1.00836842876e-07],
        "dvar": [1.94835280354e-07, 4.88266323373e-07, 5.1897461617e-07, 2.46826772354e-07, 1.49422206164e-07, 7.17948921647e-07, 5.76160800847e-07, 5.05255037808e-08, 3.57048719479e-08, 4.31208357909e-09, 1.88459967632e-08, 9.20571086027e-09, 5.55424861659e-09, 6.99534936643e-08, 5.04540089707e-08, 2.66669104576e-08, 4.16608125775e-09, 8.73913563737e-09, 4.46745218596e-09, 1.83329174064e-09, 5.50069767513e-09, 4.21444927567e-11, 7.21499734957e-11, 6.79107325929e-11, 1.68755859981e-11, 5.84033169049e-11, 3.07448823345e-11, 3.56361710974e-11, 1.39857118941e-11, 6.9451302348e-12, 1.62017222555e-11, 2.83422764424e-12, 2.10572358161e-12, 1.14764718995e-12, 8.93167159156e-13, 6.10048361653e-13, 3.22464982234e-13, 1.11272671849e-13, 7.91874636068e-14, 3.88116459544e-14],
        "dvar2": [4.99165366818e-07, 8.36776450797e-07, 6.49660023555e-07, 7.72352166223e-07, 2.03857979386e-07, 1.51821825511e-06, 1.38906420943e-06, 1.20798176795e-07, 7.85699114658e-08, 8.73021477332e-09, 3.2429543495e-08, 1.5727907865e-08, 1.03111110761e-08, 1.21608181303e-07, 1.30884444616e-07, 6.86901699964e-08, 1.00293586769e-08, 2.29726708767e-08, 7.77687869657e-09, 4.64799709832e-09, 1.42344500631e-08, 1.10747133686e-10, 1.8379263389e-10, 1.79175882464e-10, 4.33585840842e-11, 1.55706045279e-10, 7.55068021996e-11, 9.40719654952e-11, 3.61614592437e-11, 1.87104411825e-11, 4.57805217347e-11, 7.48385641652e-12, 5.65774467207e-12, 3.03439781982e-12, 2.44002452791e-12, 1.62898796015e-12, 8.47622319555e-13, 2.59955658345e-13, 1.86850060706e-13, 8.18363931308e-14],
        "max": [0.0100328829139, 0.0227741859853, 0.0360578112304, 0.00932438578457, 0.0144306439906, 0.0243259947747, 0.0142188062891, 0.00389891699888, 0.00321315601468, 0.00313100754283, 0.00396193703637, 0.00262625538744, 0.00214602379128, 0.00640933262184, 0.00908422004431, 0.00533028366044, 0.00247417925857, 0.00292078102939, 0.00442611239851, 0.00288586085662, 0.00478721270338, 0.000118050062156, 0.000232820471865, 0.000108362059109, 6.7217319156e-05, 0.000171491949004, 0.000110142922495, 9.37425502343e-05, 9.58221353358e-05, 4.61301460746e-05, 5.36387597094e-05, 2.67386276391e-05, 2.71359840553e-05, 2.2440628527e-05, 1.03117017716e-05, 1.72229065356e-05, 1.19301457744e-05, 5.3280573411e-06, 4.10749862567e-06, 3.44788691109e-06],
        "mean": [0.000352227012627, 0.00182977016084, 0.00155321869534, 0.000726359139662, 0.000671374844387, 0.000944393745158, 0.000879539176822, 0.000190016187844, 0.000203997216886, 6.42418817733e-05, 0.000110306100396, 7.25202771719e-05, 5.9124755353e-05, 0.000207493678317, 9.59025710472e-05, 3.68635737686e-05, 2.47198404395e-05, 3.37049241352e-05, 1.61326533998e-05, 1.17342060548e-05, 1.5282217646e-05, 3.54837334271e-06, 3.60314970749e-06, 3.47951072399e-06, 2.07200332625e-06, 2.79991627394e-06, 2.04613934329e-06, 1.63805486864e-06, 1.37401104894e-06, 8.42885299335e-07, 9.39790254506e-07, 5.46170326743e-07, 4.22485442186e-07, 3.3701306279e-07, 2.52060686989e-07, 2.11417940932e-07, 1.62616260013e-07, 1.0933301553e-07, 8.99222385442e-08, 6.93412758324e-08],
        "median": [1.91238541447e-05, 0.000131088803755, 0.00032414868474, 0.000308566493914, 0.000256482162513, 0.00032313412521, 0.000371717585949, 5.79639636271e-05, 8.82222666405e-05, 2.00868707907e-05, 3.42620551237e-05, 1.99848764169e-05, 9.70170549408e-06, 2.0957828383e-05, 1.1956562048e-05, 5.23626977156e-06, 5.90265563005e-06, 4.84606471218e-06, 2.03442573365e-06, 2.15127261072e-06, 1.88702131254e-06, 8.27783537716e-07, 8.21644903226e-07, 6.71454813528e-07, 4.64791497734e-07, 4.87823967887e-07, 3.9326107526e-07, 3.39463099408e-07, 2.42047462962e-07, 1.6136158365e-07, 1.1951320289e-07, 8.12984382037e-08, 4.32362483593e-08, 3.06179899212e-08, 1.92671993915e-08, 1.5054425262e-08, 1.07499733559e-08, 6.04278582728e-09, 4.99951102739e-09, 3.81238596248e-09],
        "min": [5.94460729056e-24, 1.31640483166e-24, 1.7605438751e-24, 6.84887381305e-24, 4.14375656751e-24, 5.25078519176e-24, 1.09299155442e-23, 8.89511747004e-24, 9.69685495182e-24, 9.54740919763e-24, 1.06027212842e-23, 8.23332549057e-24, 5.03621541997e-24, 6.54232680402e-24, 3.81085963209e-24, 5.22673242833e-24, 6.00585011251e-24, 5.17637509801e-24, 4.18776869513e-24, 1.16357259621e-23, 8.39018417069e-24, 4.57325583166e-24, 6.34043205482e-24, 8.66434488969e-24, 9.98724411736e-24, 6.56802986446e-24, 7.21255288985e-24, 9.47924293795e-24, 8.33225969214e-24, 6.59628094563e-24, 7.93058118553e-24, 8.4810159819e-24, 6.5363827371e-24, 6.57841403499e-24, 8.8449877261e-24, 1.05715770557e-23, 1.06169073699e-23, 8.86271579722e-24, 7.37401141791e-24, 9.14355816809e-24],
        "var": [8.35560626911e-07, 1.50348923853e-05, 1.71406991285e-05, 1.03223851511e-06, 1.05599144717e-06, 2.95402628581e-06, 1.8683495e-06, 1.18933130011e-07, 9.68136077972e-08, 1.86268191982e-08, 5.8529732172e-08, 2.77932787895e-08, 2.01475671702e-08, 3.52813572135e-07, 1.38804196581e-07, 2.58843293466e-08, 6.90570356454e-09, 1.56028434617e-08, 1.96191614066e-08, 3.56604878959e-09, 1.16664633509e-08, 5.4897138918e-11, 9.72977254321e-11, 6.67257429865e-11, 1.79297670461e-11, 5.89121529337e-11, 2.93099051973e-11, 2.73839926429e-11, 1.41133944809e-11, 5.35468848081e-12, 1.04635484305e-11, 2.35355506785e-12, 1.54563417187e-12, 8.9940712213e-13, 6.36960048508e-13, 4.74969618757e-13, 2.62096795005e-13, 1.16651195539e-13, 8.32521849852e-14, 4.95694726043e-14]
    },
    "mfcc": {
        "mean": [-730.900024414, 170.779953003, -6.29396724701, 18.5783367157, -13.9540843964, 0.432436048985, -8.01681995392, -10.9074783325, -12.599152565, -7.94841957092, -7.35131931305, -2.04527974129, -0.362627506256],
        "cov": [[7050.63623047, -463.257751465, -1126.96105957, -537.660217285, -111.646400452, 7.94927406311, -113.680915833, 12.6862926483, -179.044067383, -112.587837219, -74.8874206543, 51.0272369385, 71.6931381226], [-463.257751465, 2128.29614258, 213.011230469, 170.770019531, 231.62449646, 105.321136475, 35.5602073669, 38.7881584167, 139.686721802, 148.291519165, 97.7308654785, -17.3554325104, -49.7760314941], [-1126.96105957, 213.011230469, 834.65423584, 172.509246826, 75.6957244873, -38.095954895, 17.1340255737, 31.2006702423, 105.437973022, 84.3064498901, 43.3062286377, -29.437084198, -16.0315284729], [-537.660217285, 170.770019531, 172.509246826, 425.99697876, 140.747894287, 143.823669434, 126.196754456, 68.0224761963, 115.708122253, 81.5077819824, 60.373790741, 25.0048141479, -1.76685571671], [-111.646400452, 231.62449646, 75.6957244873, 140.747894287, 307.54800415, 138.424407959, 103.840553284, 76.3281478882, 88.597618103, 105.419494629, 57.5045127869, 6.47592353821, 0.490626096725], [7.94927406311, 105.321136475, -38.095954895, 143.823669434, 138.424407959, 249.592269897, 119.358207703, 73.79637146, 88.329788208, 58.2120666504, 51.1026229858, 16.4587688446, -10.3277072906], [-113.680915833, 35.5602073669, 17.1340255737, 126.196754456, 103.840553284, 119.358207703, 195.501693726, 95.6746368408, 63.3641204834, 38.1189918518, 30.8102607727, 30.1054267883, 24.3720798492], [12.6862926483, 38.7881584167, 31.2006702423, 68.0224761963, 76.3281478882, 73.79637146, 95.6746368408, 158.11505127, 66.3434524536, 30.6142864227, 17.9924850464, 12.5271177292, 35.1691589355], [-179.044067383, 139.686721802, 105.437973022, 115.708122253, 88.597618103, 88.329788208, 63.3641204834, 66.3434524536, 174.006210327, 90.3456573486, 46.2189025879, 8.51412296295, -7.8366689682], [-112.587837219, 148.291519165, 84.3064498901, 81.5077819824, 105.419494629, 58.2120666504, 38.1189918518, 30.6142864227, 90.3456573486, 157.49130249, 75.7350006104, 13.484495163, -5.01410865784], [-74.8874206543, 97.7308654785, 43.3062286377, 60.373790741, 57.5045127869, 51.1026229858, 30.8102607727, 17.9924850464, 46.2189025879, 75.7350006104, 128.916687012, 55.7586288452, 7.59177780151], [51.0272369385, -17.3554325104, -29.437084198, 25.0048141479, 6.47592353821, 16.4587688446, 30.1054267883, 12.5271177292, 8.51412296295, 13.484495163, 55.7586288452, 109.234275818, 60.1368408203], [71.6931381226, -49.7760314941, -16.0315284729, -1.76685571671, 0.490626096725, -10.3277072906, 24.3720798492, 35.1691589355, -7.8366689682, -5.01410865784, 7.59177780151, 60.1368408203, 136.108856201]],
