{
"lowlevel": {
    "average_loudness": 0.958811283112,
    "barkbands_crest": {
        "dmean": 2.62846636772,
        "dmean2": 4.0707244873,
        "dvar": 6.18599939346,
        "dvar2": 14.7141685486,
        "max": 26.0231380463,
        "mean": 9.14809989929,
        "median": 8.00716400146,
        "min": 2.03186845779,
        "var": 18.5497665405
    },
    "barkbands_flatness_db": {
        "dmean": 0.0252905283123,
        "dmean2": 0.0375426076353,
        "dvar": 0.000777777808253,
        "dvar2": 0.00165639468469,
        "max": 0.606808423996,
        "mean": 0.111492156982,
        "median": 0.0990552678704,
        "min": 0.0168599151075,
        "var": 0.0030389665626
    },
    "barkbands_kurtosis": {
        "dmean": 2.42360520363,
        "dmean2": 3.91512155533,
        "dvar": 53.482093811,
        "dvar2": 127.667320251,
        "max": 277.620941162,
        "mean": 2.93136358261,
        "median": 1.11142063141,
        "min": -1.86917209625,
        "var": 73.2432022095
    },
    "barkbands_skewness": {
        "dmean": 0.509750306606,
        "dmean2": 0.778690814972,
        "dvar": 0.378057688475,
        "dvar2": 0.849902927876,
        "max": 14.28565979,
        "mean": 1.25433444977,
        "median": 1.11233270168,
        "min": -2.17879986763,
        "var": 1.25002110004
    },
    "barkbands_spread": {
        "dmean": 5.12147808075,
        "dmean2": 8.09374904633,
        "dvar": 34.1105270386,
        "dvar2": 84.0086669922,
        "max": 142.413162231,
        "mean": 21.3871364594,
        "median": 20.8972892761,
        "min": 0.219920277596,
        "var": 103.979217529
    },
    "dissonance": {
        "dmean": 0.015737708658,
        "dmean2": 0.0265673492104,
        "dvar": 0.000271138444077,
        "dvar2": 0.000687581719831,
        "max": 0.500000178814,
        "mean": 0.4737675488,
        "median": 0.480285465717,
        "min": 0.173256963491,
        "var": 0.000631262082607
    },
    "dynamic_complexity": 2.46297812462,
    "erbbands_crest": {
        "dmean": 1.87180507183,
        "dmean2": 3.00097823143,
        "dvar": 3.6769785881,
        "dvar2": 8.75905132294,
        "max": 33.4941329956,
        "mean": 7.01566934586,
        "median": 6.28722286224,
        "min": 2.20436215401,
        "var": 10.2511568069
    },
    "erbbands_flatness_db": {
        "dmean": 0.0181493926793,
        "dmean2": 0.0262786578387,
        "dvar": 0.000559571839403,
        "dvar2": 0.00112259108573,
        "max": 0.442393273115,
        "mean": 0.144863069057,
        "median": 0.133686810732,
        "min": 0.0408865138888,
        "var": 0.00222104089335
    },
    "erbbands_kurtosis": {
        "dmean": 0.631201684475,
        "dmean2": 1.00830280781,
        "dvar": 1.77544975281,
        "dvar2": 4.55510139465,
        "max": 83.0512390137,
        "mean": 0.305043905973,
        "median": -0.00394654273987,
        "min": -1.62608194351,
        "var": 2.67227315903
    },
    "erbbands_skewness": {
        "dmean": 0.270337700844,
        "dmean2": 0.424433171749,
        "dvar": 0.0774228647351,
        "dvar2": 0.183640778065,
        "max": 7.01822900772,
        "mean": 0.313783675432,
        "median": 0.2999586761,
        "min": -1.64441108704,
        "var": 0.268353313208
    },
    "erbbands_spread": {
        "dmean": 6.70332813263,
        "dmean2": 10.2394151688,
        "dvar": 48.7598114014,
        "dvar2": 105.509414673,
        "max": 94.6353683472,
        "mean": 33.1332511902,
        "median": 32.6316413879,
        "min": 1.61245143414,
        "var": 148.080490112
    },
    "hfc": {
        "dmean": 8.55134296417,
        "dmean2": 13.5049972534,
        "dvar": 121.268241882,
        "dvar2": 298.857269287,
        "max": 110.724647522,
        "mean": 24.536655426,
        "median": 22.2170448303,
        "min": 1.07319319263e-16,
        "var": 282.931945801
    },
    "melbands_crest": {
        "dmean": 3.64748883247,
        "dmean2": 5.72443437576,
        "dvar": 11.4407253265,
        "dvar2": 28.4385719299,
        "max": 37.8581390381,
        "mean": 13.0592517853,
        "median": 11.9823627472,
        "min": 1.56015610695,
        "var": 36.3787689209
    },
    "melbands_flatness_db": {
        "dmean": 0.0306196771562,
        "dmean2": 0.0445453599095,
        "dvar": 0.00107805617154,
        "dvar2": 0.00218153814785,
        "max": 0.743703603745,
        "mean": 0.177365452051,
        "median": 0.166973993182,
        "min": 0.00254763267003,
        "var": 0.00531659321859
    },
    "melbands_kurtosis": {
        "dmean": 5.5949177742,
        "dmean2": 8.80298233032,
        "dvar": 190.963760376,
        "dvar2": 455.56842041,
        "max": 412.050231934,
        "mean": 8.68007659912,
        "median": 4.30460596085,
        "min": -1.5467723608,
        "var": 279.372467041
    },
    "melbands_skewness": {
        "dmean": 0.692621588707,
        "dmean2": 1.0471367836,
        "dvar": 0.670274019241,
        "dvar2": 1.4705183506,
        "max": 17.3622837067,
        "mean": 2.11037182808,
        "median": 1.81496906281,
        "min": -0.867813766003,
        "var": 2.04708576202
    },
    "melbands_spread": {
        "dmean": 6.78609657288,
        "dmean2": 10.7124347687,
        "dvar": 66.8182678223,
        "dvar2": 162.077102661,
        "max": 206.21836853,
        "mean": 25.9632663727,
        "median": 22.663848877,
        "min": 0.113125398755,
        "var": 429.653381348
    },
    "pitch_salience": {
        "dmean": 0.084131360054,
        "dmean2": 0.133244544268,
        "dvar": 0.00650828052312,
        "dvar2": 0.0152540775016,
        "max": 0.988974571228,
        "mean": 0.584336578846,
        "median": 0.608981311321,
        "min": 0.0574687086046,
        "var": 0.0215068310499
    },
    "silence_rate_20dB": {
        "dmean": 0,
        "dmean2": 0,
        "dvar": 0,
        "dvar2": 0,
        "max": 1,
        "mean": 1,
        "median": 1,
        "min": 1,
        "var": 0
    },
    "silence_rate_30dB": {
        "dmean": 0.00942572858185,
        "dmean2": 0.018853103742,
        "dvar": 0.00933803338557,
        "dvar2": 0.0256565995514,
        "max": 1,
        "mean": 0.994153082371,
        "median": 1,
        "min": 0,
        "var": 0.00581256486475
    },
    "silence_rate_60dB": {
        "dmean": 0.0146622443572,
        "dmean2": 0.0293270498514,
        "dvar": 0.0144462808967,
        "dvar2": 0.0317803770304,
        "max": 1,
        "mean": 0.0647525936365,
        "median": 0,
        "min": 0,
        "var": 0.0605624988675
    },
    "spectral_centroid": {
        "dmean": 251.685745239,
        "dmean2": 391.177276611,
        "dvar": 80159.3984375,
        "dvar2": 166954.359375,
        "max": 11689.7734375,
        "mean": 1553.40905762,
        "median": 1328.3614502,
        "min": 99.6187057495,
        "var": 2096906.625
    },
    "spectral_complexity": {
        "dmean": 4.97661018372,
        "dmean2": 7.51697635651,
        "dvar": 27.5103225708,
        "dvar2": 57.2205352783,
        "max": 58,
        "mean": 25.365737915,
        "median": 25,
        "min": 0,
        "var": 137.892456055
    },
    "spectral_decrease": {
        "dmean": 3.53373863504e-09,
        "dmean2": 5.73637848333e-09,
        "dvar": 1.75882569923e-17,
        "dvar2": 4.26169208764e-17,
        "max": 2.12763764303e-28,
        "mean": -9.14022280085e-09,
        "median": -8.4512334908e-09,
        "min": -4.19036894073e-08,
        "var": 4.04115581017e-17
    },
    "spectral_energy": {
        "dmean": 0.0139490077272,
        "dmean2": 0.0226308479905,
        "dvar": 0.000268980045803,
        "dvar2": 0.000652137328871,
        "max": 0.164297133684,
        "mean": 0.0367228426039,
        "median": 0.0344489961863,
        "min": 9.85071943148e-21,
        "var": 0.000621861894615
    },
    "spectral_energyband_high": {
        "dmean": 0.000453201675555,
        "dmean2": 0.000714181223884,
        "dvar": 4.77619778394e-07,
        "dvar2": 1.20075674204e-06,
        "max": 0.00823223032057,
        "mean": 0.000852673896588,
        "median": 0.000580071238801,
        "min": 6.81171682989e-21,
        "var": 7.7954786093e-07
    },
    "spectral_energyband_low": {
        "dmean": 0.00871887989342,
        "dmean2": 0.0135589996353,
        "dvar": 0.000159694245667,
        "dvar2": 0.000397028430598,
        "max": 0.147826075554,
        "mean": 0.0147835826501,
        "median": 0.00653991242871,
        "min": 1.23263192533e-23,
        "var": 0.000357273733243
    },
    "spectral_energyband_middle_high": {
        "dmean": 0.00290386751294,
        "dmean2": 0.00448592891917,
        "dvar": 1.27093344418e-05,
        "dvar2": 2.89223517029e-05,
        "max": 0.0523884519935,
        "mean": 0.00841373857111,
        "median": 0.00712348939851,
        "min": 1.1145680172e-21,
        "var": 4.24059799116e-05
    },
    "spectral_energyband_middle_low": {
        "dmean": 0.00696125719696,
        "dmean2": 0.0117881214246,
        "dvar": 0.00011213975813,
        "dvar2": 0.000300113897538,
        "max": 0.12019252032,
        "mean": 0.0137257119641,
        "median": 0.0110358605161,
        "min": 1.37942401454e-22,
        "var": 0.000142260469147
    },
    "spectral_entropy": {
        "dmean": 0.158237203956,
        "dmean2": 0.236051782966,
        "dvar": 0.0445628240705,
        "dvar2": 0.0956679359078,
        "max": 9.82589817047,
        "mean": 7.717877388,
        "median": 7.78163957596,
        "min": 4.25000762939,
        "var": 0.248554781079
    },
    "spectral_flux": {
        "dmean": 0.0317898094654,
        "dmean2": 0.0502271726727,
        "dvar": 0.001267830492,
        "dvar2": 0.00278968014754,
        "max": 0.336335092783,
        "mean": 0.100480474532,
        "median": 0.0973280593753,
        "min": 6.29969201804e-11,
        "var": 0.00298615219072
    },
    "spectral_kurtosis": {
        "dmean": 1.8849517107,
        "dmean2": 3.14229393005,
        "dvar": 16.3801670074,
        "dvar2": 38.6395759583,
        "max": 124.857582092,
        "mean": 5.35557317734,
        "median": 4.15252923965,
        "min": -1.26489698887,
        "var": 32.6436004639
    },
    "spectral_rms": {
        "dmean": 0.00109794177115,
        "dmean2": 0.00173596909735,
        "dvar": 1.39818246225e-06,
        "dvar2": 3.16894738717e-06,
        "max": 0.0126605639234,
        "mean": 0.00552916852757,
        "median": 0.00579730747268,
        "min": 3.1000738001e-12,
        "var": 5.25552331965e-06
    },
    "spectral_rolloff": {
        "dmean": 416.480102539,
        "dmean2": 677.603271484,
        "dvar": 578910.625,
        "dvar2": 1506480.875,
        "max": 19767.4804688,
        "mean": 1719.17126465,
        "median": 1227.39257812,
        "min": 21.533203125,
        "var": 7381802.5
    },
    "spectral_skewness": {
        "dmean": 0.219958394766,
        "dmean2": 0.351175844669,
        "dvar": 0.103824019432,
        "dvar2": 0.235982462764,
        "max": 9.34426021576,
        "mean": 1.64154458046,
        "median": 1.57055091858,
        "min": -0.0824057385325,
        "var": 0.34453356266
    },
    "spectral_spread": {
        "dmean": 456482.75,
        "dmean2": 681413.1875,
        "dvar": 513559855104,
        "dvar2": 928513130496,
        "max": 42897048,
        "mean": 4983371,
        "median": 4415779,
        "min": 692459.125,
        "var": 2.68139086479e+13
    },
    "spectral_strongpeak": {
        "dmean": 0.461294651031,
        "dmean2": 0.793161153793,
        "dvar": 0.480789899826,
        "dvar2": 1.16086018085,
        "max": 8.72387599945,
        "mean": 0.775379776955,
        "median": 0.484362006187,
        "min": 0,
        "var": 0.73413413763
    },
    "zerocrossingrate": {
        "dmean": 0.00982038490474,
        "dmean2": 0.0117097152397,
        "dvar": 0.000154800916789,
        "dvar2": 0.0002402287937,
        "max": 0.83984375,
        "mean": 0.0659985467792,
        "median": 0.05419921875,
        "min": 0.00146484375,
        "var": 0.00553143536672
    },
    "barkbands": {
        "dmean": [0.000295359728625, 0.00591834867373, 0.00374577031471, 0.00206808256917, 0.00253771129064, 0.0016978662461, 0.00121776701417, 0.000926727312617, 0.00104449503124, 0.000855874095578, 0.000987953157164, 0.00068805553019, 0.000504019670188, 0.000406024395488, 0.000314411270665, 0.000270077463938, 0.000225802330533, 0.000193486892385, 0.000186172299436, 0.000161184550961, 0.000140107964398, 9.87900348264e-05, 6.63845930831e-05, 4.98863882967e-05, 4.07145016652e-05, 2.61998702626e-05, 5.51628409085e-06],
        "dmean2": [0.000509951554704, 0.0090254675597, 0.00599831482396, 0.00374026456848, 0.00423049135134, 0.00287716113962, 0.00199218303896, 0.00154640129767, 0.00167452159803, 0.00135548855178, 0.00154773145914, 0.00106339517515, 0.000791320053395, 0.000641973339953, 0.000493790605105, 0.000445487297839, 0.000374387338525, 0.00031275631045, 0.000301957654301, 0.000263557507424, 0.000227199154324, 0.00015798433742, 0.000107551604742, 8.22191504994e-05, 6.6913999035e-05, 4.14640780946e-05, 9.01898965822e-06],
        "dvar": [4.85722125632e-07, 9.21648315853e-05, 4.11532419093e-05, 3.44205691363e-05, 1.93754985958e-05, 8.20951936475e-06, 4.4655766942e-06, 2.16569651457e-06, 2.99908833767e-06, 1.89825630059e-06, 2.88859791908e-06, 1.10888163363e-06, 5.94301923229e-07, 3.53912298579e-07, 2.20682039753e-07, 1.55053413664e-07, 1.1549635559e-07, 7.47168868998e-08, 7.92478118683e-08, 5.27264027994e-08, 4.69940104608e-08, 2.47591369629e-08, 1.26621326757e-08, 7.05236402609e-09, 4.55749615824e-09, 1.64380098422e-09, 1.23358517845e-10],
        "dvar2": [1.35474886065e-06, 0.000234045073739, 0.000100818273495, 9.65433573583e-05, 5.05050738866e-05, 2.33364899032e-05, 1.22334840853e-05, 5.79291236136e-06, 7.7262193372e-06, 4.67155905426e-06, 6.84820133756e-06, 2.56631733464e-06, 1.33538117097e-06, 8.21040657684e-07, 5.18300169006e-07, 3.92275154582e-07, 3.05715275317e-07, 1.81562072044e-07, 2.02469138344e-07, 1.36157595421e-07, 1.19507731711e-07, 6.15293060946e-08, 3.25864384365e-08, 1.80846537745e-08, 1.19018892519e-08, 3.97286425979e-09, 3.04011926744e-10],
        "max": [0.0258566252887, 0.110680535436, 0.0699436068535, 0.0797258391976, 0.0578015036881, 0.0445614047348, 0.056742630899, 0.0261599496007, 0.0389566756785, 0.0191141031682, 0.0321379490197, 0.0214616879821, 0.0142168058082, 0.0099388724193, 0.00792098604143, 0.00663774181157, 0.00436241971329, 0.00387275055982, 0.00414631562307, 0.00315230572596, 0.00227440451272, 0.00184385315515, 0.00213322299533, 0.00122617778834, 0.000703044293914, 0.000397371855797, 0.000156809677719],
        "mean": [0.000327667192323, 0.00905996095389, 0.00454116845503, 0.00168001465499, 0.00344042340294, 0.00276456051506, 0.0021599214524, 0.00144817179535, 0.00184622290544, 0.00156325090211, 0.00168679223862, 0.00135521858465, 0.000951907422859, 0.000762931187637, 0.000586394395214, 0.000459321774542, 0.000371968635591, 0.000365047948435, 0.000343584018992, 0.000301982741803, 0.000247434654739, 0.00017136981478, 0.000105318678834, 7.27356455172e-05, 5.97689213464e-05, 4.24861937063e-05, 7.24923074813e-06],
        "median": [8.07740652817e-05, 0.00273036048748, 0.00122027064208, 0.000418524607085, 0.00174948573112, 0.00174442690331, 0.00119995244313, 0.000824679795187, 0.00103971979115, 0.000878754886799, 0.000779381138273, 0.00079358619405, 0.000540784210898, 0.000455891684396, 0.000358349760063, 0.000300737592625, 0.000241830333835, 0.000237543499679, 0.000218439497985, 0.000202703857212, 0.00015887497284, 0.000109694970888, 6.59593060846e-05, 4.20871983806e-05, 3.29801150656e-05, 2.31629164773e-05, 2.01690613721e-06],
        "min": [1.89236415939e-25, 1.64914803781e-24, 3.39242384631e-25, 1.33408231708e-24, 7.91144736428e-24, 3.95370853696e-24, 4.28687171293e-24, 5.66798493111e-24, 1.06064660069e-23, 1.19240806554e-23, 1.50436358383e-23, 1.4554065605e-23, 3.81279573341e-23, 3.28512446509e-23, 2.92677777247e-23, 3.98044729288e-23, 5.84724150224e-23, 9.786685383e-23, 1.12841364943e-22, 1.34082233677e-22, 2.30446591472e-22, 2.7145246485e-22, 3.57873376085e-22, 5.48749720053e-22, 7.54860369117e-22, 1.27907214788e-21, 1.87185035338e-21],
        "var": [6.87558156187e-07, 0.000185375611181, 5.65861810173e-05, 2.19302055484e-05, 2.27595337492e-05, 1.08318035927e-05, 7.95743289927e-06, 3.52587267116e-06, 5.59298678127e-06, 4.08307050748e-06, 6.14888949713e-06, 2.81572488348e-06, 1.54187159751e-06, 8.45347187806e-07, 4.87986142161e-07, 2.62430376097e-07, 1.73132903569e-07, 1.5783410845e-07, 1.43401081232e-07, 1.00006815273e-07, 7.49517496956e-08, 3.86200760261e-08, 1.64375819622e-08, 8.33174418347e-09, 5.33644728407e-09, 2.69391975394e-09, 1.65002164709e-10]
    },
    "erbbands": {
        "dmean": [0.121449746192, 1.53253257275, 4.38941860199, 5.4508562088, 7.18665599823, 9.4734916687, 13.3326158524, 13.6342773438, 16.1109008789, 19.605091095, 19.6328430176, 22.8298931122, 23.1321353912, 31.6753559113, 34.8020515442, 23.5742301941, 22.9627723694, 22.1756477356, 16.9306640625, 14.0699510574, 14.3975391388, 12.9014005661, 10.4280767441, 9.98051261902, 8.63675117493, 7.92392921448, 6.79024362564, 4.52090358734, 3.60127520561, 2.7319226265, 1.80870902538, 1.13901674747, 0.795414745808, 0.496661752462, 0.277841061354, 0.128651127219, 0.0451886765659, 0.0115773174912, 0.000858451763634, 2.68230287475e-05],
        "dmean2": [0.172802761197, 2.4070494175, 7.0240020752, 9.43145465851, 12.589217186, 15.8014192581, 22.8501224518, 23.117181778, 26.4362392426, 32.763458252, 32.6135482788, 37.2373504639, 36.2151603699, 49.706943512, 54.4197387695, 36.3357963562, 35.5775489807, 34.7296867371, 26.7183380127, 22.6482543945, 23.7806854248, 21.4107322693, 16.8864498138, 16.1516628265, 13.9984149933, 13.0087785721, 11.2454833984, 7.12688064575, 5.74240159988, 4.48126125336, 2.93445181847, 1.86649286747, 1.32044732571, 0.822423756123, 0.45520272851, 0.205858647823, 0.0717746093869, 0.0188416857272, 0.0013970626751, 4.30314903497e-05],
        "dvar": [0.0415265969932, 6.49727487564, 57.4289016724, 155.873199463, 214.2137146, 260.838134766, 517.390075684, 521.459655762, 873.153198242, 1123.85131836, 1000.6807251, 1557.16064453, 1293.78894043, 2347.38037109, 3113.29785156, 1188.36950684, 1246.50012207, 1140.73498535, 736.095581055, 466.278442383, 447.045166016, 400.377960205, 214.456863403, 212.052230835, 184.293640137, 136.113449097, 126.534255981, 45.2495498657, 32.3860244751, 20.8301925659, 9.87919235229, 3.71480107307, 1.83254158497, 0.696704447269, 0.203877255321, 0.0403295755386, 0.00509652262554, 0.000442884018412, 2.92784534395e-06, 1.29456367848e-09],
        "dvar2": [0.0860646814108, 17.0208587646, 142.669326782, 418.837097168, 587.813354492, 679.819702148, 1435.00231934, 1477.08190918, 2422.69067383, 3049.4140625, 2632.68676758, 4084.40209961, 3103.01611328, 5636.77734375, 7449.08007812, 2745.56982422, 2753.59790039, 2604.96630859, 1772.43200684, 1154.12451172, 1147.61157227, 1067.60314941, 524.664245605, 523.294433594, 474.954040527, 356.259307861, 333.955108643, 108.019584656, 80.2666244507, 53.8655128479, 25.5600776672, 9.4599275589, 4.78141117096, 1.82153773308, 0.5287784338, 0.0997266098857, 0.0122449668124, 0.00110481586307, 7.07257777322e-06, 3.130398607e-09],
        "max": [3.11783003807, 29.3477363586, 84.5116729736, 140.940109253, 195.947769165, 196.394210815, 437.165924072, 412.172485352, 838.226867676, 542.911193848, 670.116638184, 963.571899414, 599.229003906, 727.538635254, 1328.4074707, 944.787109375, 712.399963379, 681.985229492, 510.802825928, 450.715393066, 363.733734131, 266.032470703, 249.099121094, 256.412689209, 211.014404297, 193.03817749, 126.34703064, 91.0230789185, 76.9779205322, 60.3390579224, 66.1402740479, 26.4933414459, 20.0344219208, 8.65566730499, 5.04945373535, 2.22590255737, 1.1274702549, 0.297701776028, 0.0266818068922, 0.000467176607344],
        "mean": [0.198620975018, 2.25878977776, 5.53480815887, 5.50090932846, 7.28750514984, 12.7920875549, 19.1813182831, 22.2893104553, 29.3549442291, 32.7393684387, 32.9669494629, 40.8505134583, 43.8252716064, 62.4292488098, 65.3830718994, 49.0333862305, 47.0292549133, 43.0270347595, 33.0861091614, 26.1356773376, 25.6075363159, 22.1195831299, 20.2747783661, 18.9512844086, 16.2030010223, 14.4582481384, 11.2700605392, 8.52143669128, 6.37995862961, 4.31579113007, 2.82726430893, 1.7029517889, 1.13983273506, 0.695303678513, 0.414122164249, 0.203698202968, 0.0736557245255, 0.0165386162698, 0.00114025140647, 6.23011655989e-05],
        "median": [0.0553115680814, 0.669218957424, 1.554459095, 1.94778060913, 2.70166301727, 5.91667890549, 11.2778453827, 13.245800972, 16.2090606689, 18.2685661316, 20.5045490265, 23.6040878296, 27.2806568146, 36.4819221497, 38.6759262085, 32.513458252, 28.6254081726, 25.6571750641, 20.7675762177, 17.4668617249, 17.6503677368, 14.8563175201, 13.7945642471, 12.1943206787, 10.5395679474, 9.94712734222, 7.19059658051, 5.63208961487, 4.14029455185, 2.65538883209, 1.73178482056, 0.988188862801, 0.660137295723, 0.377681851387, 0.226975992322, 0.115331210196, 0.0384126193821, 0.00663376832381, 0.000297182443319, 5.29764620296e-05],
        "min": [8.04209424755e-23, 4.56180060891e-22, 8.38766391787e-22, 4.58306930865e-21, 1.23757585293e-20, 1.55141585138e-20, 2.56126039984e-20, 4.81322148966e-20, 1.28648686484e-19, 1.46748057446e-19, 1.73639453591e-19, 2.78466915247e-19, 4.4182296286e-19, 5.99395544576e-19, 6.66488681048e-19, 1.27123298226e-18, 1.88655826768e-18, 1.8395950884e-18, 1.83451164994e-18, 3.00346240529e-18, 2.93514204298e-18, 3.97565170833e-18, 5.51040427123e-18, 5.91485505891e-18, 5.8108110407e-18, 6.46872982041e-18, 6.82890659299e-18, 1.02763071137e-17, 9.91035496605e-18, 1.08142367281e-17, 1.1165594101e-17, 1.00806085884e-17, 9.25768961041e-18, 7.71956132344e-18, 5.88181457012e-18, 4.23495504599e-18, 2.30839246273e-18, 9.27918803453e-19, 2.45187242005e-19, 2.73415633438e-20],
        "var": [0.0945154055953, 12.226316452, 78.4159469604, 125.405204773, 175.129776001, 331.131713867, 606.130187988, 738.708618164, 1546.50598145, 1757.0065918, 1614.26843262, 2850.57885742, 3043.35424805, 5828.06005859, 6527.49316406, 3117.60498047, 3417.5612793, 2665.09521484, 1576.51049805, 852.817260742, 746.994262695, 585.492431641, 445.614135742, 429.424560547, 311.527587891, 231.331115723, 168.129241943, 86.1660614014, 52.5539550781, 27.1736717224, 12.343624115, 4.66169500351, 2.04013943672, 0.768799901009, 0.25480774045, 0.060072645545, 0.00871783588082, 0.000591914809775, 4.16328020947e-06, 2.41789543942e-09]
    },
    "gfcc": {
        "mean": [0.916872799397, 88.7413253784, -120.766654968, 19.1245384216, -54.476978302, 12.5607271194, -28.5847225189, 8.23554229736, -24.5183868408, 7.0458316803, -14.4325370789, 5.56616163254, -10.7282438278],
        "cov": [[39715.2304688, 1550.60131836, -2275.53588867, 718.215576172, -1713.89086914, 603.882995605, -1134.95898438, 360.166229248, -906.877990723, 344.78717041, -768.825561523, 293.131011963, -552.85760498], [1550.60131836, 1420.62023926, -307.839019775, 2.92860817909, 93.8112030029, 17.2803878784, 139.55241394, -7.65172243118, 106.815284729, -45.0829772949, 161.661437988, -78.7970123291, 80.540977478], [-2275.53588867, -307.839019775, 1007.26049805, 98.0203323364, 248.118911743, 109.778869629, 57.553691864, 89.1575012207, 74.4875030518, 33.1493721008, -19.0533027649, 6.23002576828, -19.3744773865], [718.215576172, 2.92860817909, 98.0203323364, 344.440490723, 99.7883911133, 102.568840027, 21.870306015, 48.9090576172, 16.114780426, 6.83872365952, -9.98223876953, -13.0726919174, -7.86875867844], [-1713.89086914, 93.8112030029, 248.118911743, 99.7883911133, 313.450805664, 83.2515029907, 142.357818604, 37.6737060547, 73.2061157227, 1.41180765629, 41.8172569275, -27.5596599579, 19.683177948], [603.882995605, 17.2803878784, 109.778869629, 102.568840027, 83.2515029907, 184.245941162, 59.8946647644, 75.1196136475, 20.6538715363, 24.359085083, -1.2370018959, 3.63802623749, -11.1324300766], [-1134.95898438, 139.55241394, 57.553691864, 21.870306015, 142.357818604, 59.8946647644, 183.821777344, 46.2247505188, 70.9160614014, 10.697479248, 59.9606590271, -13.662317276, 28.1648387909], [360.166229248, -7.65172243118, 89.1575012207, 48.9090576172, 37.6737060547, 75.1196136475, 46.2247505188, 113.157142639, 36.2034339905, 39.5257530212, -6.23530435562, 4.95856380463, -16.0267601013], [-906.877990723, 106.815284729, 74.4875030518, 16.114780426, 73.2061157227, 20.6538715363, 70.9160614014, 36.2034339905, 134.71232605, 23.6611270905, 64.7835006714, -16.3668441772, 24.5421237946], [344.78717041, -45.0829772949, 33.1493721008, 6.83872365952, 1.41180765629, 24.359085083, 10.697479248, 39.5257530212, 23.6611270905, 98.2758331299, 8.5337600708, 30.0619735718, -15.2230615616], [-768.825561523, 161.661437988, -19.0533027649, -9.98223876953, 41.8172569275, -1.2370018959, 59.9606590271, -6.23530435562, 64.7835006714, 8.5337600708, 114.599121094, 8.52163600922, 49.6062316895], [293.131011963, -78.7970123291, 6.23002576828, -13.0726919174, -27.5596599579, 3.63802623749, -13.662317276, 4.95856380463, -16.3668441772, 30.0619735718, 8.52163600922, 77.6443252563, 21.538936615], [-552.85760498, 80.540977478, -19.3744773865, -7.86875867844, 19.683177948, -11.1324300766, 28.1648387909, -16.0267601013, 24.5421237946, -15.2230615616, 49.6062316895, 21.538936615, 78.9368591309]],
        "icov": [[0.000144217599882, -0.000379538396373, 0.000178792266524, -0.000318589649396, 0.000544500479009, -0.000593305914663, 0.000568262301385, -0.000379168661311, 0.000416736496845, -0.000372448819689, 0.000604155415203, -0.000625257496722, 0.000499805784784], [-0.000379538396373, 0.00203912914731, -0.000102366415376, 0.000880356063135, -0.00163277599495, 0.0013550191652, -0.00157829781529, 0.000751257699449, -0.00111320603173, 0.00116204260848, -0.00276319868863, 0.00281453295611, -0.00182353856508], [0.000178792266524, -0.000102366415376, 0.00178606912959, -0.000256240396993, -0.000816304818727, -0.00100224034395, 0.00149282545317, -0.00116193923168, -0.00025954170269, -0.000231191792409, 0.000959214696195, -0.00116782961413, 0.000815120409243], [-0.000318589649396, 0.000880356063135, -0.000256240396993, 0.00452115712687, -0.00251043145545, -0.000466286554001, 6.58240824123e-05, 5.01307586092e-05, -0.000906155270059, 0.000866455666255, -0.00117489311378, 0.00205466034822, -0.00156834581867], [0.000544500479009, -0.00163277599495, -0.000816304818727, -0.00251043145545, 0.00929258484393, -0.00310031650588, -0.00257196673192, 0.000448772072559, 0.00102104817051, -0.00143089855555, 0.00256759976037, -0.000993804307655, 0.0013475586893], [-0.000593305914663, 0.0013550191652, -0.00100224034395, -0.000466286554001, -0.00310031650588, 0.0116816638038, -0.00383256259374, -0.00291370972991, -0.000512157042976, 0.00161815900356, -0.00251898635179, 0.00128059904091, -0.000929125177208], [0.000568262301385, -0.00157829781529, 0.00149282545317, 6.58240824123e-05, -0.00257196673192, -0.00383256259374, 0.0142029458657, -0.00517565850168, 0.000585553294513, -0.00139733718242, -0.000794808729552, -0.00108838512097, 0.000290613475954], [-0.000379168661311, 0.000751257699449, -0.00116193923168, 5.01307586092e-05, 0.000448772072559, -0.00291370972991, -0.00517565850168, 0.0177276916802, -0.00524325110018, -0.00260988017544, 0.00250759348273, -3.84665945603e-05, 0.000782330869697], [0.000416736496845, -0.00111320603173, -0.00025954170269, -0.000906155270059, 0.00102104817051, -0.000512157042976, 0.000585553294513, -0.00524325110018, 0.0160072147846, -0.00455378415063, -0.00510693993419, 0.00409295596182, -0.00146221893374], [-0.000372448819689, 0.00116204260848, -0.000231191792409, 0.000866455666255, -0.00143089855555, 0.00161815900356, -0.00139733718242, -0.00260988017544, -0.00455378415063, 0.0171768981963, -0.00360770057887, -0.00668327510357, 0.00560830021277], [0.000604155415203, -0.00276319868863, 0.000959214696195, -0.00117489311378, 0.00256759976037, -0.00251898635179, -0.000794808729552, 0.00250759348273, -0.00510693993419, -0.00360770057887, 0.0217533204705, -0.00550178065896, -0.00431088311598], [-0.000625257496722, 0.00281453295611, -0.00116782961413, 0.00205466034822, -0.000993804307655, 0.00128059904091, -0.00108838512097, -3.84665945603e-05, 0.00409295596182, -0.00668327510357, -0.00550178065896, 0.0254777874798, -0.0125796562061], [0.000499805784784, -0.00182353856508, 0.000815120409243, -0.00156834581867, 0.0013475586893, -0.000929125177208, 0.000290613475954, 0.000782330869697, -0.00146221893374, 0.00560830021277, -0.00431088311598, -0.0125796562061, 0.0253390949219]]
    },
    "melbands": {
        "dmean": [0.00137323560193, 0.0021456843242, 0.000974629074335, 0.00058698077919, 0.000441214535385, 0.000304145243717, 0.000244334776653, 0.000212933140574, 0.000165427176398, 0.000142896809848, 0.000118035466585, 0.000130188607727, 0.000135757669341, 7.66377270338e-05, 6.55017211102e-05, 4.71993771498e-05, 4.2261890485e-05, 2.91508804366e-05, 2.21358714043e-05, 1.89352722373e-05, 1.6847416191e-05, 1.4836426999e-05, 1.1153455489e-05, 9.14306292543e-06, 8.64153025759e-06, 7.26262214812e-06, 6.00234670856e-06, 5.36732159162e-06, 5.00769874634e-06, 3.28722899212e-06, 2.59935472968e-06, 2.23522465603e-06, 1.86803674751e-06, 1.45691774378e-06, 1.13041312488e-06, 8.52478592606e-07, 6.67657957365e-07, 5.65866912439e-07, 5.38430242614e-07, 3.95310053136e-07],
        "dmean2": [0.00197064946406, 0.00345044513233, 0.00168262049556, 0.000988382729702, 0.000750471779611, 0.000514976505656, 0.000399239681428, 0.000356512173312, 0.000273969664704, 0.000232296719332, 0.000184736316442, 0.000205270320293, 0.000212704981095, 0.000118949050375, 0.000100631266832, 7.45933139115e-05, 6.65218030917e-05, 4.63554497401e-05, 3.51660055458e-05, 3.12142874463e-05, 2.78862280538e-05, 2.48788364843e-05, 1.79960316018e-05, 1.49883726408e-05, 1.40481542985e-05, 1.18257303257e-05, 9.85148290056e-06, 8.82132917468e-06, 8.43633097247e-06, 5.29969202034e-06, 4.1143866838e-06, 3.57958606401e-06, 3.06474521494e-06, 2.4194469006e-06, 1.84883992915e-06, 1.40256156556e-06, 1.10273435894e-06, 9.3596025863e-07, 9.10015160116e-07, 6.54995119476e-07],
        "dvar": [4.89231206302e-06, 1.18935040518e-05, 4.77557523482e-06, 1.10710118406e-06, 5.16209752277e-07, 2.57116056446e-07, 1.94642623796e-07, 1.24094299281e-07, 7.23757267451e-08, 5.91554822904e-08, 3.36143592961e-08, 4.16068388631e-08, 5.59449482296e-08, 1.44531533408e-08, 9.94704585366e-09, 4.97149255096e-09, 4.19226076076e-09, 2.35644415092e-09, 1.07298303575e-09, 8.83895012738e-10, 6.12366268804e-10, 5.95027194183e-10, 2.71447975209e-10, 1.79993395188e-10, 1.66579139371e-10, 1.38633618474e-10, 7.83337977817e-11, 6.33468139055e-11, 8.33505486852e-11, 2.31140974416e-11, 1.62598320225e-11, 1.25194117226e-11, 9.21441829088e-12, 6.24681643219e-12, 4.06895133906e-12, 2.03780460388e-12, 1.31666552661e-12, 9.21982976076e-13, 8.76798471067e-13, 4.21874313912e-13],
        "dvar2": [1.11431836558e-05, 3.09970382659e-05, 1.28866031446e-05, 2.90014554594e-06, 1.42180476814e-06, 7.29893542939e-07, 5.38017161489e-07, 3.38176761261e-07, 1.90597660321e-07, 1.55157124482e-07, 8.01069504064e-08, 1.00991130125e-07, 1.33072106223e-07, 3.37298509123e-08, 2.20991154265e-08, 1.1686076995e-08, 9.53477474752e-09, 5.81227510565e-09, 2.58796650776e-09, 2.19875473384e-09, 1.57134394385e-09, 1.60934410243e-09, 6.41980635319e-10, 4.53405063494e-10, 4.13704376312e-10, 3.59458518506e-10, 2.0132084888e-10, 1.65778613059e-10, 2.24797166992e-10, 5.77767833576e-11, 3.87293738746e-11, 3.10771477996e-11, 2.3878881511e-11, 1.63765667693e-11, 1.05868681877e-11, 5.28999023405e-12, 3.36775117342e-12, 2.3990336627e-12, 2.35104795875e-12, 1.08768983403e-12],
        "max": [0.0270898528397, 0.0399065501988, 0.0281873699278, 0.0131037216634, 0.0132107324898, 0.00836293958127, 0.012779767625, 0.00595274148509, 0.00520074926317, 0.00634198682383, 0.00303428038023, 0.00303043983877, 0.00495799444616, 0.0026786099188, 0.00256344024092, 0.00117183139082, 0.00124113284983, 0.000908498826902, 0.000740205112379, 0.000671085144859, 0.000400663062464, 0.000334578537149, 0.000258591055172, 0.000279677042272, 0.00024828655296, 0.000210295678698, 0.000165150049725, 0.000134593516123, 0.000121086326544, 5.95757337578e-05, 6.65175975882e-05, 4.5594148105e-05, 4.39081122749e-05, 3.74027331418e-05, 4.6844357712e-05, 2.06517961487e-05, 2.05526703212e-05, 1.52656029968e-05, 1.35609161589e-05, 7.52699588702e-06],
        "mean": [0.00223164795898, 0.00302673177794, 0.0010086131515, 0.000727873411961, 0.000654576171655, 0.000502954295371, 0.000450634339359, 0.000352651521098, 0.000275934115052, 0.00025276109227, 0.000217693115701, 0.000249805510975, 0.000239617394982, 0.000147081795149, 0.000127325009089, 8.77635538927e-05, 7.85293159424e-05, 5.29699500476e-05, 3.98664778913e-05, 3.19657592627e-05, 2.83327844954e-05, 2.310065247e-05, 2.01324692171e-05, 1.64876983035e-05, 1.52583133968e-05, 1.2698903447e-05, 1.05130375232e-05, 9.24149662751e-06, 7.3936366789e-06, 5.82963048146e-06, 4.59651619167e-06, 3.81006498174e-06, 2.86028216578e-06, 2.19570324589e-06, 1.702966415e-06, 1.25997610212e-06, 9.54616780291e-07, 8.00004613666e-07, 7.07160722868e-07, 5.45740249436e-07],
        "median": [0.000671108660754, 0.00105456088204, 0.000402215169743, 0.000297120917821, 0.000404055113904, 0.000310752599034, 0.000256149622146, 0.000204299503821, 0.000169574122992, 0.000144311808981, 0.000131694905576, 0.000143932687934, 0.000125462946016, 8.50533033372e-05, 7.15313799446e-05, 5.27129923285e-05, 4.47321872343e-05, 3.1166804547e-05, 2.50925277214e-05, 2.01949478651e-05, 1.84045729839e-05, 1.39822577694e-05, 1.28211722767e-05, 1.08730873762e-05, 9.0936309789e-06, 7.82254028309e-06, 6.87771625962e-06, 6.07430365562e-06, 4.34654248238e-06, 3.84047143598e-06, 2.83956046587e-06, 2.37898734667e-06, 1.74175511347e-06, 1.32017055421e-06, 1.02300418803e-06, 7.32068315301e-07, 5.35100923571e-07, 4.61534966689e-07, 3.71662679299e-07, 2.92185887929e-07],
        "min": [1.04650889193e-24, 9.74310665555e-25, 9.37066372852e-25, 1.23583905906e-24, 1.02304471734e-24, 1.10932480113e-24, 1.8024250922e-24, 1.97581691639e-24, 1.4741885498e-24, 1.58760604037e-24, 1.95451017777e-24, 1.88667878954e-24, 2.39744887073e-24, 2.27044384271e-24, 2.86795115259e-24, 3.37218907105e-24, 2.51055042251e-24, 2.38680358725e-24, 2.406894494e-24, 3.47714307019e-24, 2.87825840917e-24, 3.78690823728e-24, 2.98873423743e-24, 4.22751939615e-24, 4.10624504817e-24, 3.78134637347e-24, 3.11146640036e-24, 3.8784097914e-24, 3.84568271346e-24, 2.99629329984e-24, 4.47224061502e-24, 4.71898210668e-24, 5.46235058679e-24, 5.26382861239e-24, 4.91284349085e-24, 5.8469411829e-24, 5.5164096469e-24, 5.89125859969e-24, 4.90175092323e-24, 6.24907643997e-24],
        "var": [1.10517657959e-05, 1.94145231944e-05, 3.77908804694e-06, 1.25570170439e-06, 6.16262241238e-07, 3.60258042065e-07, 3.51325894599e-07, 1.92225584783e-07, 1.1241247222e-07, 1.06051807336e-07, 7.84165052892e-08, 9.81667938049e-08, 1.10765107308e-07, 3.51507694063e-08, 2.78496727901e-08, 1.08902815654e-08, 9.87567361221e-09, 4.70735095348e-09, 2.22545604167e-09, 1.4898872136e-09, 1.00597319364e-09, 7.93469623339e-10, 5.71297176233e-10, 3.2926544824e-10, 3.23676585534e-10, 2.22290949536e-10, 1.34776856342e-10, 1.05679381912e-10, 9.09763445134e-11, 4.258247574e-11, 2.83175323468e-11, 2.00790026966e-11, 1.20782403176e-11, 7.610696795e-12, 4.80914223375e-12, 2.62209828503e-12, 1.57133128124e-12, 1.04343053295e-12, 8.9079823162e-13, 4.81021635284e-13]
    },
    "mfcc": {
        "mean": [-625.217712402, 123.893730164, -10.2645454407, 14.0242137909, -5.55302476883, 6.20667314529, 3.15214085579, 3.02543139458, -0.575071334839, 0.121524654329, 0.368336796761, 0.472860991955, 1.60535526276],
        "cov": [[12843.234375, 1017.25372314, 142.180252075, 326.47555542, -102.131195068, 193.540130615, -49.8169555664, 33.3619270325, 13.3568935394, -24.5150222778, -43.1957473755, -17.361448288, -55.8123321533], [1017.25372314, 1421.37780762, -48.9243087769, 26.586681366, 30.2616653442, 43.4676246643, 94.3114089966, 45.51404953, 29.5585746765, 39.6569519043, 81.0070495605, 48.4668807983, 62.6858520508], [142.180252075, -48.9243087769, 434.304626465, 86.4327011108, 125.363296509, 37.1135063171, 24.935836792, 43.9923706055, 49.9232368469, 32.1454238892, 12.375878334, 25.9037132263, 3.40511202812], [326.47555542, 26.586681366, 86.4327011108, 230.985336304, 103.248275757, 70.3101196289, 46.6693153381, 31.6426868439, 37.7619285583, 25.251121521, 16.6409111023, 17.8523845673, 3.49363803864], [-102.131195068, 30.2616653442, 125.363296509, 103.248275757, 196.226852417, 74.3547210693, 59.3997535706, 51.283115387, 50.5674858093, 35.4005470276, 17.4852752686, 24.6643505096, 4.07727718353], [193.540130615, 43.4676246643, 37.1135063171, 70.3101196289, 74.3547210693, 130.983444214, 70.136680603, 47.3633384705, 37.3497009277, 30.2298259735, 23.256565094, 20.7722492218, 12.5133342743], [-49.8169555664, 94.3114089966, 24.935836792, 46.6693153381, 59.3997535706, 70.136680603, 135.984237671, 63.5977058411, 41.2823638916, 30.563369751, 30.4117622375, 18.0959701538, 7.6968998909], [33.3619270325, 45.51404953, 43.9923706055, 31.6426868439, 51.283115387, 47.3633384705, 63.5977058411, 98.7584686279, 50.8004188538, 32.5633544922, 19.3790016174, 18.8489456177, 10.5855464935], [13.3568935394, 29.5585746765, 49.9232368469, 37.7619285583, 50.5674858093, 37.3497009277, 41.2823638916, 50.8004188538, 87.4447555542, 47.2120857239, 28.6215229034, 23.6371688843, 13.169172287], [-24.5150222778, 39.6569519043, 32.1454238892, 25.251121521, 35.4005470276, 30.2298259735, 30.563369751, 32.5633544922, 47.2120857239, 83.0898513794, 48.1216621399, 22.9846363068, 10.6310787201], [-43.1957473755, 81.0070495605, 12.375878334, 16.6409111023, 17.4852752686, 23.256565094, 30.4117622375, 19.3790016174, 28.6215229034, 48.1216621399, 89.2691497803, 30.3281383514, 22.1211547852], [-17.361448288, 48.4668807983, 25.9037132263, 17.8523845673, 24.6643505096, 20.7722492218, 18.0959701538, 18.8489456177, 23.6371688843, 22.9846363068, 30.3281383514, 69.4962310791, 31.8291950226], [-55.8123321533, 62.6858520508, 3.40511202812, 3.49363803864, 4.07727718353, 12.5133342743, 7.6968998909, 10.5855464935, 13.169172287, 10.6310787201, 22.1211547852, 31.8291950226, 66.5201187134]],
