{
"lowlevel": {
    "average_loudness": 0.872779607773,
    "barkbands_crest": {
        "dmean": 3.20424985886,
        "dmean2": 5.01227426529,
        "dvar": 9.91779994965,
        "dvar2": 24.0294284821,
        "max": 25.9568595886,
        "mean": 13.7274570465,
        "median": 13.7892398834,
        "min": 2.23221969604,
        "var": 30.8646697998
    },
    "barkbands_flatness_db": {
        "dmean": 0.0374932773411,
        "dmean2": 0.0533459559083,
        "dvar": 0.00172360008582,
        "dvar2": 0.00368676008657,
        "max": 0.667509436607,
        "mean": 0.166564375162,
        "median": 0.160023197532,
        "min": 0.0221030190587,
        "var": 0.00594380870461
    },
    "barkbands_kurtosis": {
        "dmean": 11.7676172256,
        "dmean2": 16.9401187897,
        "dvar": 876.454284668,
        "dvar2": 1770.17529297,
        "max": 857.796203613,
        "mean": 17.3687572479,
        "median": 5.65535640717,
        "min": -1.91031455994,
        "var": 1502.8157959
    },
    "barkbands_skewness": {
        "dmean": 1.06281042099,
        "dmean2": 1.51079118252,
        "dvar": 1.68914985657,
        "dvar2": 3.26982831955,
        "max": 24.2012119293,
        "mean": 2.86670613289,
        "median": 2.39402246475,
        "min": -2.44419622421,
        "var": 5.7139544487
    },
    "barkbands_spread": {
        "dmean": 7.97910165787,
        "dmean2": 12.061340332,
        "dvar": 89.0457000732,
        "dvar2": 195.439025879,
        "max": 131.550415039,
        "mean": 20.4074897766,
        "median": 15.3318538666,
        "min": 0.124890930951,
        "var": 293.988189697
    },
    "dissonance": {
        "dmean": 0.016011139378,
        "dmean2": 0.0267343744636,
        "dvar": 0.000311433308525,
        "dvar2": 0.000801126996521,
        "max": 0.499991983175,
        "mean": 0.46871304512,
        "median": 0.476678162813,
        "min": 0.249636858702,
        "var": 0.000719128060155
    },
    "dynamic_complexity": 4.33904314041,
    "erbbands_crest": {
        "dmean": 2.53196358681,
        "dmean2": 4.0594792366,
        "dvar": 6.74909687042,
        "dvar2": 15.4793357849,
        "max": 31.3325176239,
        "mean": 7.6915602684,
        "median": 6.57101917267,
        "min": 2.07711935043,
        "var": 17.302816391
    },
    "erbbands_flatness_db": {
        "dmean": 0.0178582668304,
        "dmean2": 0.0260109752417,
        "dvar": 0.000508775236085,
        "dvar2": 0.00104201317299,
        "max": 0.416663169861,
        "mean": 0.136224195361,
        "median": 0.110708229244,
        "min": 0.0497590154409,
        "var": 0.00468080909923
    },
    "erbbands_kurtosis": {
        "dmean": 0.909793078899,
        "dmean2": 1.43123781681,
        "dvar": 5.44871425629,
        "dvar2": 12.7803058624,
        "max": 112.523246765,
        "mean": 0.145996689796,
        "median": -0.44690489769,
        "min": -1.81582725048,
        "var": 8.70514678955
    },
    "erbbands_skewness": {
        "dmean": 0.408000200987,
        "dmean2": 0.605264365673,
        "dvar": 0.187251135707,
        "dvar2": 0.399261653423,
        "max": 6.18180131912,
        "mean": 0.23328858614,
        "median": 0.178983151913,
        "min": -2.97161626816,
        "var": 0.641775906086
    },
    "erbbands_spread": {
        "dmean": 11.0696926117,
        "dmean2": 16.1818351746,
        "dvar": 134.436706543,
        "dvar2": 273.500305176,
        "max": 143.137680054,
        "mean": 50.1376113892,
        "median": 49.0746421814,
        "min": 1.03899848461,
        "var": 541.298828125
    },
    "hfc": {
        "dmean": 5.75530529022,
        "dmean2": 7.97105455399,
        "dvar": 81.5765304565,
        "dvar2": 173.122756958,
        "max": 83.7895965576,
        "mean": 11.2824068069,
        "median": 6.01637983322,
        "min": 1.1200504597e-16,
        "var": 176.839691162
    },
    "melbands_crest": {
        "dmean": 3.89161586761,
        "dmean2": 6.28139162064,
        "dvar": 16.5493736267,
        "dvar2": 38.3713417053,
        "max": 38.5776519775,
        "mean": 19.2389755249,
        "median": 19.6660995483,
        "min": 1.74348580837,
        "var": 49.4608421326
    },
    "melbands_flatness_db": {
        "dmean": 0.0448606684804,
        "dmean2": 0.0633690282702,
        "dvar": 0.00244895298965,
        "dvar2": 0.00524574378505,
        "max": 0.819069027901,
        "mean": 0.24451340735,
        "median": 0.231682956219,
        "min": 0.00149614189286,
        "var": 0.00982319936156
    },
    "melbands_kurtosis": {
        "dmean": 28.0865650177,
        "dmean2": 40.2803535461,
        "dvar": 4729.03271484,
        "dvar2": 10636.6142578,
        "max": 2374.81152344,
        "mean": 48.7198257446,
        "median": 24.2703304291,
        "min": -1.67817306519,
        "var": 6826.20263672
    },
    "melbands_skewness": {
        "dmean": 1.44709646702,
        "dmean2": 2.06924772263,
        "dvar": 3.2246825695,
        "dvar2": 6.52830219269,
        "max": 39.9560813904,
        "mean": 4.74283075333,
        "median": 4.3273358345,
        "min": -1.90571880341,
        "var": 10.544878006
    },
    "melbands_spread": {
        "dmean": 7.63555335999,
        "dmean2": 11.864818573,
        "dvar": 111.214439392,
        "dvar2": 255.099746704,
        "max": 206.316833496,
        "mean": 17.6053524017,
        "median": 11.4737672806,
        "min": 0.0605323500931,
        "var": 408.803131104
    },
    "pitch_salience": {
        "dmean": 0.0935896709561,
        "dmean2": 0.142133429646,
        "dvar": 0.00928607583046,
        "dvar2": 0.0218236353248,
        "max": 0.983986079693,
        "mean": 0.446098506451,
        "median": 0.442049175501,
        "min": 0.0292623378336,
        "var": 0.0260434839875
    },
    "silence_rate_20dB": {
        "dmean": 0,
        "dmean2": 0,
        "dvar": 0,
        "dvar2": 0,
        "max": 1,
        "mean": 1,
        "median": 1,
        "min": 1,
        "var": 0
    },
    "silence_rate_30dB": {
        "dmean": 0.0513451732695,
        "dmean2": 0.102699376643,
        "dvar": 0.0487048700452,
        "dvar2": 0.0928556323051,
        "max": 1,
        "mean": 0.934857130051,
        "median": 1,
        "min": 0,
        "var": 0.0609053708613
    },
    "silence_rate_60dB": {
        "dmean": 0.0634781047702,
        "dmean2": 0.126967385411,
        "dvar": 0.0594477057457,
        "dvar2": 0.132823765278,
        "max": 1,
        "mean": 0.204395607114,
        "median": 0,
        "min": 0,
        "var": 0.162598416209
    },
    "spectral_centroid": {
        "dmean": 357.946685791,
        "dmean2": 525.163269043,
        "dvar": 166849.125,
        "dvar2": 341797.3125,
        "max": 11690.234375,
        "mean": 1434.46508789,
        "median": 1374.19384766,
        "min": 94.9204559326,
        "var": 702881.1875
    },
    "spectral_complexity": {
        "dmean": 4.6057677269,
        "dmean2": 6.95366239548,
        "dvar": 39.3699150085,
        "dvar2": 82.5834197998,
        "max": 57,
        "mean": 12.4589014053,
        "median": 10,
        "min": 0,
        "var": 95.8903961182
    },
    "spectral_decrease": {
        "dmean": 3.57305118825e-09,
        "dmean2": 4.75121675336e-09,
        "dvar": 4.2400282274e-17,
        "dvar2": 6.78374062903e-17,
        "max": 1.88678586966e-29,
        "mean": -7.90053888977e-09,
        "median": -5.42775602241e-09,
        "min": -6.69637927331e-08,
        "var": 1.06308398675e-16
    },
    "spectral_energy": {
        "dmean": 0.0138226691633,
        "dmean2": 0.0183456391096,
        "dvar": 0.00062104628887,
        "dvar2": 0.000986751518212,
        "max": 0.256001085043,
        "mean": 0.0308418348432,
        "median": 0.0214172415435,
        "min": 1.03457829891e-20,
        "var": 0.00157882890198
    },
    "spectral_energyband_high": {
        "dmean": 0.000389401771827,
        "dmean2": 0.000591790361796,
        "dvar": 5.27837926256e-07,
        "dvar2": 1.24324787976e-06,
        "max": 0.0068052392453,
        "mean": 0.000656539807096,
        "median": 0.000195506334421,
        "min": 7.3475198405e-21,
        "var": 9.36391188588e-07
    },
    "spectral_energyband_low": {
        "dmean": 0.0120663456619,
        "dmean2": 0.0167246349156,
        "dvar": 0.000608905684203,
        "dvar2": 0.0011245975038,
        "max": 0.248297527432,
        "mean": 0.0233923289925,
        "median": 0.0141464052722,
        "min": 3.30901527538e-23,
        "var": 0.00114485935774
    },
    "spectral_energyband_middle_high": {
        "dmean": 0.00100820674561,
        "dmean2": 0.00157278683037,
        "dvar": 3.25658015754e-06,
        "dvar2": 8.03999046184e-06,
        "max": 0.0206558443606,
        "mean": 0.00170296570286,
        "median": 0.00103565060999,
        "min": 1.27076389007e-21,
        "var": 4.5531842261e-06
    },
    "spectral_energyband_middle_low": {
        "dmean": 0.00763616384938,
        "dmean2": 0.012907887809,
        "dvar": 0.000539440836292,
        "dvar2": 0.00138684967533,
        "max": 0.196620196104,
        "mean": 0.00752220815048,
        "median": 0.00257295928895,
        "min": 2.18901504839e-22,
        "var": 0.000401423691073
    },
    "spectral_entropy": {
        "dmean": 0.215283870697,
        "dmean2": 0.311375230551,
        "dvar": 0.0777340084314,
        "dvar2": 0.160448327661,
        "max": 9.82111644745,
        "mean": 7.62287425995,
        "median": 7.76268148422,
        "min": 3.86181759834,
        "var": 0.339752197266
    },
    "spectral_flux": {
        "dmean": 0.0343289487064,
        "dmean2": 0.0447905510664,
        "dvar": 0.00215351348743,
        "dvar2": 0.0028324984014,
        "max": 0.44962823391,
        "mean": 0.0839381366968,
        "median": 0.0502536706626,
        "min": 6.37701766393e-11,
        "var": 0.00806207302958
    },
    "spectral_kurtosis": {
        "dmean": 2.27422308922,
        "dmean2": 3.77750682831,
        "dvar": 36.1877326965,
        "dvar2": 92.2477874756,
        "max": 166.537200928,
        "mean": 5.0501947403,
        "median": 3.12085580826,
        "min": -1.24562287331,
        "var": 56.0343360901
    },
    "spectral_rms": {
        "dmean": 0.00107290386222,
        "dmean2": 0.00142409291584,
        "dvar": 2.24321684072e-06,
        "dvar2": 3.36668699674e-06,
        "max": 0.0158037077636,
        "mean": 0.00454394845292,
        "median": 0.00457109045237,
        "min": 3.17701854408e-12,
        "var": 9.44207295106e-06
    },
    "spectral_rolloff": {
        "dmean": 553.462402344,
        "dmean2": 916.04107666,
        "dvar": 753916.0625,
        "dvar2": 1637072,
        "max": 18992.2851562,
        "mean": 1188.72937012,
        "median": 409.130859375,
        "min": 43.06640625,
        "var": 3694599.25
    },
    "spectral_skewness": {
        "dmean": 0.26962557435,
        "dmean2": 0.428388863802,
        "dvar": 0.189905703068,
        "dvar2": 0.452187687159,
        "max": 10.3558597565,
        "mean": 1.52053833008,
        "median": 1.32698023319,
        "min": -0.0801508575678,
        "var": 0.532055616379
    },
    "spectral_spread": {
        "dmean": 558212.75,
        "dmean2": 811104.4375,
        "dvar": 495223439360,
        "dvar2": 940486164480,
        "max": 41034176,
        "mean": 5004763,
        "median": 5205077.5,
        "min": 564299.5,
        "var": 3.74451889766e+12
    },
    "spectral_strongpeak": {
        "dmean": 0.188634842634,
        "dmean2": 0.291447520256,
        "dvar": 0.0728740394115,
        "dvar2": 0.15947984159,
        "max": 2.79128098488,
        "mean": 0.430910110474,
        "median": 0.344525843859,
        "min": 0,
        "var": 0.141569525003
    },
    "zerocrossingrate": {
        "dmean": 0.0131467599422,
        "dmean2": 0.0149860652164,
        "dvar": 0.000216712767724,
        "dvar2": 0.000263111054664,
        "max": 0.8173828125,
        "mean": 0.0564187429845,
        "median": 0.04736328125,
        "min": 0.00146484375,
        "var": 0.00347330514342
    },
    "barkbands": {
        "dmean": [0.000266523420578, 0.00768136838451, 0.00726243108511, 0.00535067589954, 0.00230244756676, 0.000394387927372, 0.000214816245716, 0.000186829362065, 0.000187669123989, 0.000214196479646, 9.74170179688e-05, 0.000163217424415, 0.000131103472086, 8.43678426463e-05, 8.3869053924e-05, 0.00011491416808, 0.000112610330689, 0.000127068677102, 0.000126307699247, 0.000117296796816, 9.23018233152e-05, 8.45449540066e-05, 7.21704564057e-05, 5.71877571929e-05, 4.22030898335e-05, 1.98387060664e-05, 3.00055921798e-06],
        "dmean2": [0.000403444195399, 0.0114795705304, 0.0117717897519, 0.00942820124328, 0.00418825587258, 0.000609403534327, 0.000339942664141, 0.000297817779938, 0.000310980831273, 0.000350049638655, 0.000165392339113, 0.000265799200861, 0.000211051272345, 0.000137917726533, 0.000134089757921, 0.000195866741706, 0.000184880394954, 0.000213717954466, 0.000205342454137, 0.000188509147847, 0.000145947560668, 0.000133276873385, 0.000114791808301, 8.82749664015e-05, 6.39975769445e-05, 2.85520090983e-05, 4.85863574795e-06],
        "dvar": [2.61283958025e-07, 0.000223058916163, 0.000518487184308, 0.000360595295206, 5.7696877775e-05, 5.32041156021e-07, 1.70582850956e-07, 1.00947332271e-07, 1.10719334145e-07, 1.56704857091e-07, 5.77473784347e-08, 1.07040186492e-07, 9.65685273968e-08, 3.22023367971e-08, 2.62456723021e-08, 6.36567278889e-08, 4.68943888166e-08, 6.38959747334e-08, 7.07373430942e-08, 6.94032777915e-08, 2.86910619707e-08, 2.51671874452e-08, 2.39159376747e-08, 1.29973605212e-08, 6.66474830879e-09, 1.19009446742e-09, 4.20286756786e-11],
        "dvar2": [5.48030186565e-07, 0.000522779242601, 0.00125578825828, 0.000957450130954, 0.000167974983924, 1.24827658965e-06, 4.07462721341e-07, 2.36293232092e-07, 2.80479667936e-07, 3.80413496259e-07, 1.5346569171e-07, 2.55889290202e-07, 2.29824664189e-07, 7.91711016745e-08, 6.34050110193e-08, 1.68715317272e-07, 1.16564514485e-07, 1.68795651234e-07, 1.77211958885e-07, 1.78549456109e-07, 7.15119696792e-08, 6.06766903388e-08, 6.0630505061e-08, 3.11646992657e-08, 1.52165160472e-08, 2.48021869709e-09, 1.00035799089e-10],
        "max": [0.00797396805137, 0.129519760609, 0.177142828703, 0.165524482727, 0.0936126559973, 0.0173813775182, 0.0101522430778, 0.00450969161466, 0.00840688403696, 0.00951062515378, 0.00364537537098, 0.00649702548981, 0.00548330321908, 0.00270378007554, 0.00189985812176, 0.00271795783192, 0.002857146319, 0.00251673464663, 0.00377470720559, 0.0043877591379, 0.00174566032365, 0.00203618314117, 0.00166924425866, 0.00103832117748, 0.000868942355737, 0.000536891049705, 0.000155576446559],
        "mean": [0.000592835247517, 0.0131495762616, 0.00725004682317, 0.00397772295401, 0.00202207849361, 0.000638803525362, 0.000313557131449, 0.000257027539192, 0.000253720354522, 0.000291069882223, 0.000107220039354, 0.00022938955226, 0.000175045366632, 0.000110407585453, 0.000114869973913, 0.000129005449708, 0.000162138356245, 0.00016170211893, 0.000170049723238, 0.000162947078934, 0.000142814140418, 0.000134805799462, 0.000106743151264, 8.52203083923e-05, 6.46359112579e-05, 3.46253291355e-05, 3.69714507542e-06],
        "median": [8.06696043583e-05, 0.00783412344754, 0.000984944286756, 0.000245592993451, 0.000629236048553, 0.000357460579835, 0.000160266208695, 0.000127717750729, 0.000116563271149, 0.000132283617859, 3.80300516554e-05, 0.000104449798528, 5.26027506567e-05, 3.69280824088e-05, 3.6212230043e-05, 4.23589299317e-05, 7.99424306024e-05, 7.59223039495e-05, 5.51819575776e-05, 3.79835728381e-05, 3.80597593903e-05, 3.42172534147e-05, 2.46299077844e-05, 1.95423854166e-05, 1.58287566592e-05, 1.00954866866e-05, 8.05211868737e-07],
        "min": [4.52206546423e-24, 1.30363800538e-23, 4.67461814709e-24, 2.79063627577e-24, 2.78930108925e-23, 1.22823678679e-23, 1.33539431109e-23, 2.98931961166e-23, 1.79083289953e-23, 1.13862061024e-23, 5.18588134524e-23, 6.23596565061e-23, 7.36406956169e-23, 2.29710615802e-23, 9.676427872e-23, 1.27816557631e-22, 1.45653914388e-22, 1.50031903086e-22, 1.62500335631e-22, 2.45520448572e-22, 4.04936640986e-22, 3.59668848749e-22, 5.09442687034e-22, 6.51420282412e-22, 9.09699249771e-22, 1.59740784064e-21, 2.2488193383e-21],
        "var": [1.29351747091e-06, 0.000293750461424, 0.000440055591753, 0.000243870090344, 3.32072049787e-05, 8.08859454082e-07, 2.5926792091e-07, 1.54009342168e-07, 1.56436982479e-07, 2.16200987779e-07, 5.63527891018e-08, 1.49740145616e-07, 1.44598843121e-07, 4.46314381009e-08, 4.12407636929e-08, 6.268210484e-08, 6.07828098964e-08, 6.54327578786e-08, 8.78999557585e-08, 8.05719366781e-08, 5.00758901012e-08, 4.34927116544e-08, 3.21382849222e-08, 1.9171389809e-08, 1.08968807311e-08, 2.59846077988e-09, 5.67714972255e-11]
    },
    "erbbands": {
        "dmean": [0.177389591932, 1.89247524738, 6.80042266846, 13.5340261459, 13.1242294312, 5.58775234222, 3.90358519554, 2.70351862907, 3.58958888054, 1.94325244427, 5.0191488266, 4.42822170258, 4.32373857498, 7.16472053528, 4.21296739578, 7.52414417267, 6.17577791214, 4.52434539795, 4.59681940079, 4.53314352036, 6.33266448975, 5.8567442894, 6.85563230515, 6.43311452866, 6.1168384552, 6.06813907623, 4.29008817673, 3.29587101936, 3.27368569374, 2.37725090981, 2.0409052372, 1.43716788292, 0.854458332062, 0.510972678661, 0.290174603462, 0.108018808067, 0.0336082130671, 0.00652694702148, 0.000489226600621, 2.13064104173e-05],
        "dmean2": [0.264430582523, 2.75176262856, 10.1355781555, 22.2376327515, 23.5962505341, 9.85416412354, 6.05283212662, 4.21821880341, 5.6472530365, 3.13545179367, 7.95816898346, 7.2727560997, 7.06102085114, 11.7307853699, 7.03276062012, 12.1870698929, 9.95715713501, 7.25354576111, 7.44283390045, 7.39825344086, 10.6187429428, 9.58493518829, 11.413523674, 10.4822740555, 9.88644886017, 9.72751617432, 6.90742540359, 5.18163490295, 5.20566987991, 3.78542518616, 3.22711443901, 2.27899765968, 1.31523883343, 0.784015238285, 0.437810480595, 0.15811625123, 0.0490114875138, 0.00986497011036, 0.000793879211415, 2.89748440991e-05],
        "dvar": [0.0743609890342, 14.761464119, 353.359069824, 1939.0402832, 2150.57739258, 262.433746338, 51.3547286987, 28.8240261078, 45.427734375, 11.3910245895, 71.5472412109, 66.0158615112, 62.5964546204, 185.569015503, 91.0479049683, 234.865859985, 226.525299072, 94.6127700806, 89.1633377075, 106.04246521, 173.574111938, 131.327972412, 198.711029053, 159.124023438, 165.256973267, 184.962234497, 69.9440689087, 35.5557022095, 39.8287467957, 20.9496650696, 21.9312992096, 8.33818435669, 3.18223452568, 1.05017030239, 0.306118935347, 0.0375840775669, 0.00346605526283, 0.000141100710607, 1.31607964704e-06, 1.05093944658e-09],
        "dvar2": [0.171422883868, 32.6181259155, 760.82800293, 4666.27832031, 5983.79882812, 749.81640625, 121.143112183, 68.9491271973, 109.382003784, 29.6507110596, 165.422729492, 165.402801514, 149.048294067, 452.43560791, 240.790618896, 545.374694824, 541.716491699, 222.89125061, 226.718612671, 256.847412109, 453.291778564, 328.41204834, 528.886108398, 397.835571289, 408.067138672, 477.517181396, 177.272323608, 86.4256362915, 97.9189758301, 52.1676673889, 56.4190750122, 20.7170276642, 7.58815717697, 2.48738431931, 0.668580234051, 0.0808906853199, 0.00727843306959, 0.000310918170726, 3.2329314763e-06, 1.82285941897e-09],
        "max": [2.85369849205, 39.4277648926, 165.755249023, 357.027252197, 460.489868164, 225.258789062, 141.803039551, 146.858856201, 163.050430298, 46.5106391907, 117.00112915, 209.854522705, 140.708770752, 346.273529053, 130.497451782, 332.263885498, 276.444030762, 192.223251343, 107.228775024, 135.42401123, 126.966094971, 145.975204468, 159.17678833, 179.585113525, 162.848327637, 219.97505188, 96.3229598999, 77.0470962524, 84.7664489746, 68.3115921021, 61.415096283, 28.2826004028, 21.5629367828, 10.1352586746, 6.8771572113, 2.97130632401, 0.763939380646, 0.180591866374, 0.0310886837542, 0.00045461699483],
        "mean": [0.354904264212, 3.03257322311, 8.32316589355, 11.8294124603, 9.86808013916, 5.45766592026, 6.05789422989, 4.10547685623, 5.42509174347, 2.85476565361, 7.1203956604, 6.23697805405, 5.96394777298, 9.73832416534, 5.46731519699, 10.7224607468, 8.49121952057, 6.32674598694, 6.26988458633, 5.90816879272, 7.70815944672, 8.42906188965, 9.00100231171, 8.52595233917, 8.59956455231, 8.35340690613, 6.39241075516, 5.10169172287, 5.05345869064, 3.77186369896, 2.93015408516, 2.03507137299, 1.28512692451, 0.774815678596, 0.439607322216, 0.178376197815, 0.0580012351274, 0.0110110705718, 0.000611874682363, 4.6967939852e-05],
        "median": [0.168772801757, 1.55530357361, 2.24603033066, 1.58170747757, 1.82542848587, 1.7353386879, 2.32693552971, 2.36279845238, 2.97138810158, 1.67665505409, 3.61035346985, 3.10192012787, 2.95860624313, 4.53024101257, 2.92175006866, 4.91926908493, 2.85674953461, 2.26329541206, 2.14587688446, 1.91327238083, 2.87327051163, 4.26565027237, 4.49749088287, 3.37837290764, 2.49827933311, 1.94232916832, 1.69484519958, 1.29970371723, 1.19506621361, 0.908307015896, 0.683276772499, 0.471104711294, 0.300390958786, 0.179182142019, 0.103595986962, 0.047360278666, 0.0176166556776, 0.00341417710297, 0.000165431905771, 3.26436274918e-05],
        "min": [5.63532897686e-22, 2.22301720008e-21, 5.36987155197e-21, 7.52443309401e-21, 3.56739862986e-20, 5.23138293817e-20, 1.02612750189e-19, 1.16574059664e-19, 2.30472293444e-19, 5.86225278261e-19, 6.24017764581e-19, 3.93036134675e-19, 7.63900933801e-19, 7.60600172964e-19, 3.29128362174e-18, 2.72141656388e-18, 3.76848184238e-18, 2.15820024493e-18, 5.09492427084e-18, 8.03706798412e-18, 5.06493152901e-18, 7.74184474196e-18, 8.87574558001e-18, 9.06467032319e-18, 8.58665670927e-18, 1.04713273508e-17, 1.47662757386e-17, 1.72895256772e-17, 1.16494277577e-17, 1.43865866026e-17, 1.68334497203e-17, 1.48657193919e-17, 1.11733332028e-17, 9.6195852643e-18, 7.00512294683e-18, 4.88551357261e-18, 2.74892569592e-18, 1.32505762472e-18, 2.81265991042e-19, 3.13206575194e-20],
        "var": [0.209199801087, 19.4938278198, 385.652954102, 1611.62109375, 1329.25463867, 170.45526123, 90.2343826294, 38.3192520142, 68.9492340088, 13.4945821762, 111.901031494, 91.9690551758, 88.0402069092, 250.793380737, 87.3953704834, 342.70602417, 335.931121826, 148.236724854, 122.182273865, 140.578918457, 177.271774292, 163.904541016, 202.932876587, 189.875686646, 218.534820557, 213.949356079, 106.947372437, 63.3283805847, 64.5659866333, 34.1074485779, 26.4697875977, 11.3967399597, 4.57184314728, 1.63606238365, 0.514119982719, 0.0750823616982, 0.00725932372734, 0.000276086037047, 1.60643639902e-06, 2.86611268052e-09]
    },
    "gfcc": {
        "mean": [-61.2033119202, 83.5454177856, -100.574371338, 39.4018173218, -47.9131164551, 16.1409473419, -26.6532001495, 12.5371646881, -22.2748203278, 0.89911031723, -12.2386388779, 5.70501899719, -11.5727596283],
        "cov": [[24336.6191406, -577.745056152, 1716.13537598, 2488.22387695, 320.045288086, 1119.88391113, -470.606719971, 428.400482178, -498.367462158, 569.907836914, -634.039855957, -31.3252258301, -459.266998291], [-577.745056152, 2325.40917969, -348.985809326, -328.018707275, 154.447113037, -401.008056641, 233.121353149, -89.8914489746, 205.759124756, -448.558868408, 280.822784424, -140.89402771, 134.574676514], [1716.13537598, -348.985809326, 1971.76733398, 589.438842773, 585.62890625, 601.980529785, 55.4837989807, 177.762268066, 8.64366149902, 468.68536377, -226.165756226, 8.14962863922, -25.8967494965], [2488.22387695, -328.018707275, 589.438842773, 797.820495605, 267.152740479, 301.125976562, 13.1711177826, 76.3472595215, -2.0227689743, 151.531219482, -67.828414917, -28.5283317566, -65.0408782959], [320.045288086, 154.447113037, 585.62890625, 267.152740479, 498.060272217, 234.546524048, 105.226776123, 24.1264095306, 51.8715553284, 144.712615967, -41.4308357239, -18.473493576, 10.6846313477], [1119.88391113, -401.008056641, 601.980529785, 301.125976562, 234.546524048, 388.477355957, 23.292427063, 64.1892547607, -18.3188762665, 246.213058472, -98.3046188354, 26.1503601074, -9.89775371552], [-470.606719971, 233.121353149, 55.4837989807, 13.1711177826, 105.226776123, 23.292427063, 160.957122803, 35.5958480835, 73.80052948, -25.0730838776, 65.7529144287, -7.81774234772, 27.7039241791], [428.400482178, -89.8914489746, 177.762268066, 76.3472595215, 24.1264095306, 64.1892547607, 35.5958480835, 142.416900635, 32.6210899353, 46.8190078735, -4.07794618607, 29.2869815826, -3.17209720612], [-498.367462158, 205.759124756, 8.64366149902, -2.0227689743, 51.8715553284, -18.3188762665, 73.80052948, 32.6210899353, 126.904891968, -5.59397745132, 72.1794509888, -2.00324988365, 38.981754303], [569.907836914, -448.558868408, 468.68536377, 151.531219482, 144.712615967, 246.213058472, -25.0730838776, 46.8190078735, -5.59397745132, 305.428222656, -84.4360122681, 58.4797554016, -0.596370398998], [-634.039855957, 280.822784424, -226.165756226, -67.828414917, -41.4308357239, -98.3046188354, 65.7529144287, -4.07794618607, 72.1794509888, -84.4360122681, 163.18951416, 9.46607303619, 36.4354858398], [-31.3252258301, -140.89402771, 8.14962863922, -28.5283317566, -18.473493576, 26.1503601074, -7.81774234772, 29.2869815826, -2.00324988365, 58.4797554016, 9.46607303619, 87.5959014893, 25.2006969452], [-459.266998291, 134.574676514, -25.8967494965, -65.0408782959, 10.6846313477, -9.89775371552, 27.7039241791, -3.17209720612, 38.981754303, -0.596370398998, 36.4354858398, 25.2006969452, 85.5961990356]],
        "icov": [[0.000122741592349, -0.000290055613732, 0.000127220409922, -0.00041242147563, 0.000238152308157, -0.000342197687132, 0.000324783584801, -0.000396788032958, 0.000385970721254, -0.000257837731624, 0.000312720658258, -0.000224395087571, 0.000405962608056], [-0.000290055613732, 0.00186579464935, -0.000625565706287, 0.00128610385582, -0.00139808515087, 0.0015563685447, -0.000961577985436, 0.00114747718908, -0.00130484241527, 0.00194851763081, -0.00170277804136, 0.00161320948973, -0.00213579437695], [0.000127220409922, -0.000625565706287, 0.00162017566618, -0.00067399040563, -0.000376712298021, -0.00118404917885, 0.000428056780947, -0.00157889549155, 0.000582442968152, -0.00157864484936, 0.00132807786576, 0.000310890347464, 0.000424110126914], [-0.00041242147563, 0.00128610385582, -0.00067399040563, 0.00367031130008, -0.00163014093414, -0.000303582433844, -0.000147945145727, 0.000760394381359, -0.00173204799648, 0.0018311025342, -0.00207841349766, 0.00168289674912, -0.00021462373843], [0.000238152308157, -0.00139808515087, -0.000376712298021, -0.00163014093414, 0.00550258113071, -0.00199532229453, -0.00183929747436, 0.00104358315002, -0.000205137155717, -0.00167365581729, 0.00208023539744, -0.000903033418581, 0.00130176288076], [-0.000342197687132, 0.0015563685447, -0.00118404917885, -0.000303582433844, -0.00199532229453, 0.0105559369549, -0.0036578704603, 0.000487720331876, 0.0015892884694, -0.00340592139401, -0.000255463237409, 0.00162260560319, -0.00331673235632], [0.000324783584801, -0.000961577985436, 0.000428056780947, -0.000147945145727, -0.00183929747436, -0.0036578704603, 0.0133846858516, -0.00365928700194, -0.00237174564973, 0.00200269906782, -0.00282128667459, 0.00028047527303, 0.000822895613965], [-0.000396788032958, 0.00114747718908, -0.00157889549155, 0.000760394381359, 0.00104358315002, 0.000487720331876, -0.00365928700194, 0.012442744337, -0.00533721921965, 0.00223305867985, 0.000438622839283, -0.00434137601405, 0.001276328112], [0.000385970721254, -0.00130484241527, 0.000582442968152, -0.00173204799648, -0.000205137155717, 0.0015892884694, -0.00237174564973, -0.00533721921965, 0.0178659632802, -0.00475201522931, -0.00418730638921, 0.00356703111902, -0.00367557373829], [-0.000257837731624, 0.00194851763081, -0.00157864484936, 0.0018311025342, -0.00167365581729, -0.00340592139401, 0.00200269906782, 0.00223305867985, -0.00475201522931, 0.0121192634106, -0.000236609586864, -0.00408226950094, -0.000732321816031], [0.000312720658258, -0.00170277804136, 0.00132807786576, -0.00207841349766, 0.00208023539744, -0.000255463237409, -0.00282128667459, 0.000438622839283, -0.00418730638921, -0.000236609586864, 0.0145686389878, -0.00511906342581, 0.00102875020821], [-0.000224395087571, 0.00161320948973, 0.000310890347464, 0.00168289674912, -0.000903033418581, 0.00162260560319, 0.00028047527303, -0.00434137601405, 0.00356703111902, -0.00408226950094, -0.00511906342581, 0.0208973251283, -0.00794514641166], [0.000405962608056, -0.00213579437695, 0.000424110126914, -0.00021462373843, 0.00130176288076, -0.00331673235632, 0.000822895613965, 0.001276328112, -0.00367557373829, -0.000732321816031, 0.00102875020821, -0.00794514641166, 0.0199890974909]]
    },
    "melbands": {
        "dmean": [0.00184914469719, 0.00281653809361, 0.00219415267929, 0.000679116579704, 0.000130842920044, 6.32427836535e-05, 5.27535376023e-05, 2.18586792471e-05, 4.09709573432e-05, 2.70522468782e-05, 2.18794502871e-05, 3.07296140818e-05, 1.43884190038e-05, 1.88850335689e-05, 1.56268906721e-05, 1.19976803035e-05, 8.28793326946e-06, 7.56128474677e-06, 5.50365029994e-06, 7.33070646675e-06, 7.76290835347e-06, 6.04385013503e-06, 6.84067708789e-06, 6.45616410111e-06, 5.31725936526e-06, 4.71044722872e-06, 4.26414771937e-06, 4.10423444919e-06, 2.98939744425e-06, 2.19541084334e-06, 1.96661267182e-06, 1.90849300452e-06, 1.64623838828e-06, 1.35221148412e-06, 1.26376278331e-06, 1.00715647022e-06, 8.70033431966e-07, 6.10290669556e-07, 5.57655198463e-07, 3.99912693183e-07],
        "dmean2": [0.00276831514202, 0.00403740955517, 0.00351706310175, 0.00122785323765, 0.000207575852983, 9.86265440588e-05, 8.29516793601e-05, 3.5456065234e-05, 6.51190784993e-05, 4.47874481324e-05, 3.57438584615e-05, 5.03945921082e-05, 2.4304505132e-05, 3.07263944705e-05, 2.54322530964e-05, 1.92193620023e-05, 1.33751282192e-05, 1.23952022477e-05, 8.77807815414e-06, 1.22145011119e-05, 1.31276765387e-05, 9.91488832369e-06, 1.14550884973e-05, 1.07522628241e-05, 8.79282197275e-06, 7.69442522142e-06, 6.89569151291e-06, 6.65901370667e-06, 4.87789748149e-06, 3.5658208617e-06, 3.10924338009e-06, 3.06638912662e-06, 2.64696268459e-06, 2.19558523895e-06, 2.02883575184e-06, 1.60012359629e-06, 1.39263590881e-06, 9.57931433732e-07, 8.61615319536e-07, 6.20424316367e-07],
        "dvar": [1.04003092929e-05, 4.71094754175e-05, 4.74199478049e-05, 5.23496646565e-06, 5.73428522443e-08, 1.50187062786e-08, 9.75352332233e-09, 1.3252090536e-09, 4.45797754267e-09, 2.33001928862e-09, 1.59398794164e-09, 3.57180973687e-09, 1.27480193068e-09, 1.45847878219e-09, 9.75979963513e-10, 7.29451277159e-10, 3.0260735584e-10, 2.60954230447e-10, 1.21728793712e-10, 2.99828079031e-10, 2.52060178285e-10, 1.50361140205e-10, 1.72916986285e-10, 1.74002548481e-10, 1.14513801219e-10, 9.74013647514e-11, 8.08150768528e-11, 9.2719269762e-11, 3.68879267409e-11, 1.77131052881e-11, 1.2883503292e-11, 1.37825766425e-11, 9.8847336566e-12, 6.90560412672e-12, 9.2145969674e-12, 4.3357895399e-12, 3.07659973886e-12, 1.67933234593e-12, 1.29080925636e-12, 6.40111498963e-13],
        "dvar2": [2.44846396527e-05, 8.71798329172e-05, 0.000107946943899, 1.50062087414e-05, 1.4334585785e-07, 3.57901157599e-08, 2.33159962448e-08, 3.4806766358e-09, 1.04131014922e-08, 5.90294479963e-09, 3.80260711808e-09, 8.7357143741e-09, 3.37275696261e-09, 3.53041129664e-09, 2.33110575287e-09, 1.73755876354e-09, 7.29019677959e-10, 6.7281574756e-10, 2.8959787346e-10, 7.71615826789e-10, 6.67343125205e-10, 3.72792630099e-10, 4.52282156171e-10, 4.5684550587e-10, 2.90433066485e-10, 2.41048514482e-10, 2.02143315975e-10, 2.44171266539e-10, 9.45278508246e-11, 4.58073926013e-11, 3.11443648648e-11, 3.43985222251e-11, 2.42528219729e-11, 1.77394904322e-11, 2.43190415722e-11, 1.07686767489e-11, 7.75975290968e-12, 4.13342493913e-12, 3.02099079259e-12, 1.54877857501e-12],
        "max": [0.0296786446124, 0.0771067589521, 0.059429757297, 0.0257782097906, 0.00390535406768, 0.00329312565736, 0.00240663811564, 0.000470381579362, 0.000888255483005, 0.00113575800788, 0.000692238216288, 0.0015397259267, 0.000514047220349, 0.000796455773525, 0.00051770900609, 0.000354030053131, 0.000320487073623, 0.000198288136744, 0.00013023619249, 0.000255031714914, 0.000163778924616, 0.000177334601176, 0.000182191768545, 0.000148598468513, 0.000153302302351, 0.000123450474348, 9.85875158221e-05, 0.000170089144376, 7.34134810045e-05, 4.23560377385e-05, 6.12922449363e-05, 5.13202394359e-05, 3.98804513679e-05, 4.07674524467e-05, 4.45120167569e-05, 1.95683569473e-05, 2.1772517357e-05, 1.746608541e-05, 1.2134575627e-05, 9.65448634815e-06],
        "mean": [0.00344440876506, 0.00433723954484, 0.00202667713165, 0.000549080956262, 0.000194773849216, 9.77121890173e-05, 8.0103505752e-05, 3.15494944516e-05, 5.87606991758e-05, 3.65772502846e-05, 2.97447113553e-05, 4.10941975133e-05, 1.67909693118e-05, 2.64614827756e-05, 2.19331141125e-05, 1.58021375682e-05, 1.12094394353e-05, 9.90095213638e-06, 7.54122311264e-06, 8.52193898027e-06, 9.24281175685e-06, 8.38365576783e-06, 9.13864823815e-06, 7.92064929556e-06, 6.68671191306e-06, 6.35358719592e-06, 5.72129783905e-06, 5.43759460925e-06, 4.18187573814e-06, 3.20439130519e-06, 2.93525749839e-06, 2.82658970718e-06, 2.55207555711e-06, 1.98206885216e-06, 1.73565649675e-06, 1.40426163853e-06, 1.17884553674e-06, 8.92692924026e-07, 7.98603480234e-07, 6.02791601523e-07],
        "median": [0.00192394247279, 0.00156259292271, 0.000287502276478, 0.000117612151371, 8.30532808322e-05, 5.64924775972e-05, 4.39789073425e-05, 1.94167678274e-05, 3.10156719934e-05, 1.7184906028e-05, 1.42998196679e-05, 1.82606745511e-05, 7.08894003765e-06, 1.17149047583e-05, 9.40896279644e-06, 5.07097638547e-06, 3.75069885195e-06, 3.30426155415e-06, 2.46695708483e-06, 2.72954866887e-06, 3.51651738129e-06, 4.00539147449e-06, 4.59961165689e-06, 3.50719574271e-06, 2.43293084168e-06, 1.87864384316e-06, 1.40313863994e-06, 1.24330586004e-06, 1.04108846699e-06, 8.20767411369e-07, 7.18129058441e-07, 6.68329676046e-07, 6.03603780291e-07, 4.5491034939e-07, 3.88665142736e-07, 3.21355742017e-07, 2.59192859176e-07, 2.04231781709e-07, 1.69001850736e-07, 1.41006808008e-07],
        "min": [4.68969682887e-24, 2.27592820094e-24, 1.40665949251e-24, 6.72058688606e-24, 3.24863688721e-24, 2.74795002611e-24, 3.24533570154e-24, 8.69498661383e-24, 4.29797690233e-24, 2.25378290318e-24, 3.89637649295e-24, 2.16148223296e-24, 9.43749168568e-24, 7.24426825369e-24, 6.21108450434e-24, 7.96736340296e-24, 2.99661121078e-24, 7.38448985731e-24, 8.57866512905e-24, 1.05247802491e-23, 4.27963549185e-24, 7.83676274694e-24, 6.60173512993e-24, 6.50761889634e-24, 6.33401230477e-24, 6.10288749803e-24, 5.16766567919e-24, 6.81309502669e-24, 6.53987896863e-24, 7.710193959e-24, 9.30093276324e-24, 5.36324323025e-24, 7.51537923643e-24, 7.60695336575e-24, 1.00490206037e-23, 7.53822938141e-24, 8.22119675416e-24, 6.57531538935e-24, 8.01311891319e-24, 7.86659904409e-24],
        "var": [1.74110919033e-05, 6.65038460284e-05, 4.32872657257e-05, 3.08222865897e-06, 8.54593267263e-08, 2.06485797349e-08, 1.50728158843e-08, 1.50741752414e-09, 6.84954759578e-09, 3.18539772337e-09, 2.24497398449e-09, 4.78988715358e-09, 1.26209998008e-09, 1.99587524286e-09, 1.45739686985e-09, 1.01772179573e-09, 4.69894456678e-10, 3.24073878843e-10, 1.85907289563e-10, 3.24453103273e-10, 2.5165777795e-10, 1.82577564178e-10, 1.97723254436e-10, 1.77048709027e-10, 1.28985447323e-10, 1.26499435926e-10, 1.00937633252e-10, 9.8391905734e-11, 5.2136885087e-11, 2.69544716408e-11, 2.19183698968e-11, 2.12438816538e-11, 1.6130090319e-11, 1.0270424268e-11, 1.0085141923e-11, 5.78142481805e-12, 4.03805548027e-12, 2.2662566268e-12, 1.88054281348e-12, 1.00895214492e-12]
    },
    "mfcc": {
        "mean": [-699.669616699, 112.089569092, 9.33729553223, 30.4625606537, 7.52882671356, 8.32354164124, 7.24797916412, 12.6437034607, 0.932714521885, 0.680016338825, 2.05416369438, 3.83174967766, 1.50662326813],
        "cov": [[12487.1542969, -637.306945801, 1128.67358398, 971.37487793, 538.094055176, 665.586181641, 226.395996094, -39.9895248413, 138.284576416, 304.388885498, 75.9851531982, -57.134601593, -49.3217697144], [-637.306945801, 2116.42651367, -128.141098022, -3.1322722435, -18.8077850342, -258.134338379, 4.24743843079, 169.06867981, -50.5353813171, -28.0065631866, -17.6560001373, -49.2581596375, 15.3055229187], [1128.67358398, -128.141098022, 1041.60766602, 307.086700439, 421.697021484, 441.355407715, 195.903991699, -36.7677993774, 224.755172729, 210.611022949, 104.070632935, 3.43456196785, 11.1922359467], [971.37487793, -3.1322722435, 307.086700439, 405.582763672, 228.436218262, 189.516876221, 99.1563949585, 43.8333435059, 67.1744308472, 88.4208221436, 54.823348999, 6.55247592926, 6.70653581619], [538.094055176, -18.8077850342, 421.697021484, 228.436218262, 387.199188232, 330.011657715, 138.719238281, -22.5402431488, 143.32711792, 117.084632874, 68.0571060181, 11.5990056992, 13.4018621445], [665.586181641, -258.134338379, 441.355407715, 189.516876221, 330.011657715, 475.340637207, 158.729141235, -79.4838409424, 157.283279419, 121.842887878, 73.1698913574, 27.518163681, 13.4404935837], [226.395996094, 4.24743843079, 195.903991699, 99.1563949585, 138.719238281, 158.729141235, 145.148651123, 30.0407066345, 64.0686569214, 62.6875038147, 43.164516449, 14.4403343201, 14.2178697586], [-39.9895248413, 169.06867981, -36.7677993774, 43.8333435059, -22.5402431488, -79.4838409424, 30.0407066345, 140.025939941, 0.0447346009314, 1.81098043919, 10.1695365906, 5.77172374725, 19.1728057861], [138.284576416, -50.5353813171, 224.755172729, 67.1744308472, 143.32711792, 157.283279419, 64.0686569214, 0.0447346009314, 147.351226807, 78.8985824585, 39.4933891296, 12.040225029, 9.08944416046], [304.388885498, -28.0065631866, 210.611022949, 88.4208221436, 117.084632874, 121.842887878, 62.6875038147, 1.81098043919, 78.8985824585, 115.048927307, 54.3252906799, 11.5118656158, 11.8620014191], [75.9851531982, -17.6560001373, 104.070632935, 54.823348999, 68.0571060181, 73.1698913574, 43.164516449, 10.1695365906, 39.4933891296, 54.3252906799, 74.1417617798, 35.6297264099, 19.6951580048], [-57.134601593, -49.2581596375, 3.43456196785, 6.55247592926, 11.5990056992, 27.518163681, 14.4403343201, 5.77172374725, 12.040225029, 11.5118656158, 35.6297264099, 65.0471191406, 31.7159194946], [-49.3217697144, 15.3055229187, 11.1922359467, 6.70653581619, 13.4018621445, 13.4404935837, 14.2178697586, 19.1728057861, 9.08944416046, 11.8620014191, 19.6951580048, 31.7159194946, 66.3382568359]],
