{
"lowlevel": {
    "average_loudness": 0.771652579308,
    "barkbands_crest": {
        "dmean": 3.05154895782,
        "dmean2": 4.93196439743,
        "dvar": 7.21214437485,
        "dvar2": 17.277639389,
        "max": 25.4521770477,
        "mean": 9.582239151,
        "median": 8.85520362854,
        "min": 1.93032538891,
        "var": 17.5083274841
    },
    "barkbands_flatness_db": {
        "dmean": 0.0263865850866,
        "dmean2": 0.0406461693347,
        "dvar": 0.000695820432156,
        "dvar2": 0.00155904376879,
        "max": 0.445447862148,
        "mean": 0.0992378145456,
        "median": 0.0855493992567,
        "min": 0.0134486090392,
        "var": 0.00308408215642
    },
    "barkbands_kurtosis": {
        "dmean": 4.25190830231,
        "dmean2": 6.68999528885,
        "dvar": 67.528678894,
        "dvar2": 159.506896973,
        "max": 153.821533203,
        "mean": 4.83625555038,
        "median": 1.52169466019,
        "min": -1.91768467426,
        "var": 113.48374176
    },
    "barkbands_skewness": {
        "dmean": 0.755887925625,
        "dmean2": 1.16854429245,
        "dvar": 0.606437385082,
        "dvar2": 1.42158544064,
        "max": 9.83832359314,
        "mean": 1.68981444836,
        "median": 1.54425251484,
        "min": -3.66642332077,
        "var": 1.92357313633
    },
    "barkbands_spread": {
        "dmean": 11.847073555,
        "dmean2": 18.178812027,
        "dvar": 149.339385986,
        "dvar2": 332.111358643,
        "max": 142.270874023,
        "mean": 34.6635742188,
        "median": 32.1264266968,
        "min": 0.444885224104,
        "var": 393.416778564
    },
    "dissonance": {
        "dmean": 0.0152845997363,
        "dmean2": 0.025427184999,
        "dvar": 0.000237438696786,
        "dvar2": 0.000630811904557,
        "max": 0.500000059605,
        "mean": 0.470816910267,
        "median": 0.476093828678,
        "min": 0.22135309875,
        "var": 0.000529311131686
    },
    "dynamic_complexity": 3.71392846107,
    "erbbands_crest": {
        "dmean": 2.58240175247,
        "dmean2": 4.26771306992,
        "dvar": 6.18578195572,
        "dvar2": 15.9366226196,
        "max": 30.5600223541,
        "mean": 7.33973932266,
        "median": 6.28078746796,
        "min": 2.14773178101,
        "var": 14.7054700851
    },
    "erbbands_flatness_db": {
        "dmean": 0.016739487648,
        "dmean2": 0.0249865688384,
        "dvar": 0.000291240925435,
        "dvar2": 0.000645608583,
        "max": 0.414263993502,
        "mean": 0.11025711894,
        "median": 0.101221859455,
        "min": 0.0342441909015,
        "var": 0.00174302130472
    },
    "erbbands_kurtosis": {
        "dmean": 0.843862652779,
        "dmean2": 1.36515414715,
        "dvar": 3.01159739494,
        "dvar2": 7.86443281174,
        "max": 34.0891647339,
        "mean": -0.259714454412,
        "median": -0.855860471725,
        "min": -1.84331429005,
        "var": 4.58067893982
    },
    "erbbands_skewness": {
        "dmean": 0.442611753941,
        "dmean2": 0.698383748531,
        "dvar": 0.211685046554,
        "dvar2": 0.527581453323,
        "max": 5.20859003067,
        "mean": 0.250088602304,
        "median": 0.165790855885,
        "min": -3.89909768105,
        "var": 0.592587530613
    },
    "erbbands_spread": {
        "dmean": 12.7521018982,
        "dmean2": 19.6482028961,
        "dvar": 150.125747681,
        "dvar2": 347.595947266,
        "max": 154.231735229,
        "mean": 61.1518936157,
        "median": 61.0088653564,
        "min": 3.47750520706,
        "var": 469.054962158
    },
    "hfc": {
        "dmean": 17.2497158051,
        "dmean2": 27.1394195557,
        "dvar": 749.948974609,
        "dvar2": 1843.99499512,
        "max": 238.126098633,
        "mean": 28.3531131744,
        "median": 18.8925857544,
        "min": 1.06801133622e-16,
        "var": 976.287414551
    },
    "melbands_crest": {
        "dmean": 3.7325258255,
        "dmean2": 6.1393032074,
        "dvar": 10.2905597687,
        "dvar2": 27.3974132538,
        "max": 33.6765899658,
        "mean": 13.623213768,
        "median": 13.0886249542,
        "min": 1.53330278397,
        "var": 24.715795517
    },
    "melbands_flatness_db": {
        "dmean": 0.0356055498123,
        "dmean2": 0.0542811974883,
        "dvar": 0.00118195277173,
        "dvar2": 0.0026613085065,
        "max": 0.539305984974,
        "mean": 0.162881374359,
        "median": 0.152137219906,
        "min": 0.00209657126106,
        "var": 0.0056527662091
    },
    "melbands_kurtosis": {
        "dmean": 11.8780374527,
        "dmean2": 18.909318924,
        "dvar": 383.651245117,
        "dvar2": 900.07244873,
        "max": 371.108612061,
        "mean": 20.6529579163,
        "median": 13.2266683578,
        "min": -1.84218025208,
        "var": 691.096191406
    },
    "melbands_skewness": {
        "dmean": 0.9925096035,
        "dmean2": 1.55703759193,
        "dvar": 1.0412979126,
        "dvar2": 2.48312854767,
        "max": 15.0174798965,
        "mean": 3.46684908867,
        "median": 3.22618198395,
        "min": -0.479035049677,
        "var": 3.23363661766
    },
    "melbands_spread": {
        "dmean": 13.6139698029,
        "dmean2": 21.8344802856,
        "dvar": 305.599609375,
        "dvar2": 718.606201172,
        "max": 268.267028809,
        "mean": 31.1562824249,
        "median": 23.6320495605,
        "min": 0.6126075387,
        "var": 764.470458984
    },
    "pitch_salience": {
        "dmean": 0.0884509086609,
        "dmean2": 0.141193911433,
        "dvar": 0.0058954609558,
        "dvar2": 0.0137455193326,
        "max": 0.918034553528,
        "mean": 0.583153486252,
        "median": 0.594090819359,
        "min": 0.103010505438,
        "var": 0.0150562077761
    },
    "silence_rate_20dB": {
        "dmean": 0,
        "dmean2": 0,
        "dvar": 0,
        "dvar2": 0,
        "max": 1,
        "mean": 1,
        "median": 1,
        "min": 1,
        "var": 0
    },
    "silence_rate_30dB": {
        "dmean": 0.0166753511876,
        "dmean2": 0.033354178071,
        "dvar": 0.01639530994,
        "dvar2": 0.0434922389686,
        "max": 1,
        "mean": 0.988745331764,
        "median": 1,
        "min": 0,
        "var": 0.0111293885857
    },
    "silence_rate_60dB": {
        "dmean": 0.0418968200684,
        "dmean2": 0.0838023796678,
        "dvar": 0.0401522405446,
        "dvar2": 0.0897007212043,
        "max": 1,
        "mean": 0.129741564393,
        "median": 0,
        "min": 0,
        "var": 0.112916134298
    },
    "spectral_centroid": {
        "dmean": 430.520172119,
        "dmean2": 689.038269043,
        "dvar": 212622.78125,
        "dvar2": 499709.8125,
        "max": 11724.7177734,
        "mean": 1739.02319336,
        "median": 1555.71875,
        "min": 171.909912109,
        "var": 1797652
    },
    "spectral_complexity": {
        "dmean": 5.13642501831,
        "dmean2": 8.08755493164,
        "dvar": 38.0836791992,
        "dvar2": 82.8855056763,
        "max": 57,
        "mean": 18.4953098297,
        "median": 16,
        "min": 0,
        "var": 152.255661011
    },
    "spectral_decrease": {
        "dmean": 3.00888269855e-09,
        "dmean2": 4.92420282328e-09,
        "dvar": 2.66118412545e-17,
        "dvar2": 7.38981387861e-17,
        "max": 1.70858995387e-28,
        "mean": -5.99835825454e-09,
        "median": -4.01399047334e-09,
        "min": -5.32989794522e-08,
        "var": 4.46616021628e-17
    },
    "spectral_energy": {
        "dmean": 0.012400441803,
        "dmean2": 0.0203312374651,
        "dvar": 0.000410202163039,
        "dvar2": 0.00113719108049,
        "max": 0.203620314598,
        "mean": 0.0252108760178,
        "median": 0.0176453217864,
        "min": 9.72998579717e-21,
        "var": 0.000704101345036
    },
    "spectral_energyband_high": {
        "dmean": 0.00164814200252,
        "dmean2": 0.00260403705761,
        "dvar": 7.70204678702e-06,
        "dvar2": 1.91393555724e-05,
        "max": 0.0315125770867,
        "mean": 0.00231949542649,
        "median": 0.0012115406571,
        "min": 6.80724892368e-21,
        "var": 9.52785740083e-06
    },
    "spectral_energyband_low": {
        "dmean": 0.00618661241606,
        "dmean2": 0.009331475012,
        "dvar": 0.000209673395148,
        "dvar2": 0.000481124880025,
        "max": 0.199300915003,
        "mean": 0.00962927937508,
        "median": 0.00287415925413,
        "min": 1.06783943443e-23,
        "var": 0.000364161562175
    },
    "spectral_energyband_middle_high": {
        "dmean": 0.00140077632386,
        "dmean2": 0.00223026052117,
        "dvar": 4.84155907543e-06,
        "dvar2": 1.21380262499e-05,
        "max": 0.0324876010418,
        "mean": 0.00295143318363,
        "median": 0.0021362635307,
        "min": 1.16160048497e-21,
        "var": 9.04990338313e-06
    },
    "spectral_energyband_middle_low": {
        "dmean": 0.00726657500491,
        "dmean2": 0.0120700513944,
        "dvar": 0.000212104452658,
        "dvar2": 0.000566385802813,
        "max": 0.132336378098,
        "mean": 0.0116728395224,
        "median": 0.00747435959056,
        "min": 1.39820067113e-22,
        "var": 0.000222045535338
    },
    "spectral_entropy": {
        "dmean": 0.205029055476,
        "dmean2": 0.31183052063,
        "dvar": 0.0574036240578,
        "dvar2": 0.135688245296,
        "max": 9.8294467926,
        "mean": 7.88618373871,
        "median": 7.96157360077,
        "min": 4.77114152908,
        "var": 0.273201674223
    },
    "spectral_flux": {
        "dmean": 0.0282162092626,
        "dmean2": 0.0451196879148,
        "dvar": 0.00127964303829,
        "dvar2": 0.00285232625902,
        "max": 0.348698586226,
        "mean": 0.0862341672182,
        "median": 0.072296820581,
        "min": 6.30769880772e-11,
        "var": 0.00356421130709
    },
    "spectral_kurtosis": {
        "dmean": 1.1117401123,
        "dmean2": 1.77687895298,
        "dvar": 7.7566742897,
        "dvar2": 19.7336235046,
        "max": 80.4355316162,
        "mean": 2.6871407032,
        "median": 1.99304819107,
        "min": -1.30476021767,
        "var": 15.3915042877
    },
    "spectral_rms": {
        "dmean": 0.0010338856373,
        "dmean2": 0.00163524178788,
        "dvar": 1.63917377449e-06,
        "dvar2": 4.38053257312e-06,
        "max": 0.0140944663435,
        "mean": 0.00432576518506,
        "median": 0.00414908956736,
        "min": 3.08101764587e-12,
        "var": 5.88373131905e-06
    },
    "spectral_rolloff": {
        "dmean": 1557.99108887,
        "dmean2": 2518.83813477,
        "dvar": 4472448.5,
        "dvar2": 9531917,
        "max": 19896.6796875,
        "mean": 2972.31420898,
        "median": 1722.65625,
        "min": 86.1328125,
        "var": 12042266
    },
    "spectral_skewness": {
        "dmean": 0.198025852442,
        "dmean2": 0.308477848768,
        "dvar": 0.0803947299719,
        "dvar2": 0.197994068265,
        "max": 7.0433011055,
        "mean": 1.25063991547,
        "median": 1.18238055706,
        "min": -0.0951329022646,
        "var": 0.241870880127
    },
    "spectral_spread": {
        "dmean": 883674.4375,
        "dmean2": 1288075.625,
        "dvar": 1.18823308493e+12,
        "dvar2": 2.58828088115e+12,
        "max": 48634216,
        "mean": 6767445,
        "median": 6164871,
        "min": 811025.5,
        "var": 1.90264996004e+13
    },
    "spectral_strongpeak": {
        "dmean": 0.444672733545,
        "dmean2": 0.776406288147,
        "dvar": 1.0694129467,
        "dvar2": 3.03252959251,
        "max": 17.6492767334,
        "mean": 0.65870308876,
        "median": 0.464065790176,
        "min": 0,
        "var": 0.806130886078
    },
    "zerocrossingrate": {
        "dmean": 0.0253020264208,
        "dmean2": 0.0307035967708,
        "dvar": 0.000656700751279,
        "dvar2": 0.000944537983742,
        "max": 0.734375,
        "mean": 0.108380071819,
        "median": 0.09521484375,
        "min": 0.005859375,
        "var": 0.00586897972971
    },
    "barkbands": {
        "dmean": [0.000171736959601, 0.00383916776627, 0.00234093237668, 0.00220105890185, 0.00361330271699, 0.00203163176775, 0.000786402379163, 0.000482408970129, 0.000384321174351, 0.000337110512191, 0.000259870692389, 0.000197843750357, 0.00014266159269, 0.00016680500994, 0.000132562519866, 0.000222659713472, 0.000143035154906, 0.000122257799376, 0.000243832779233, 0.000324556051055, 0.000252598751104, 0.000391785462853, 0.000248404685408, 0.000174948145286, 0.000349989277311, 0.000121008248243, 0.000192269551917],
        "dmean2": [0.000272772711469, 0.00563595816493, 0.00370380748063, 0.00377388508059, 0.00608059903607, 0.00342935672961, 0.00131875334773, 0.000760580296628, 0.000649472814985, 0.000565645867027, 0.000407618732424, 0.000328611815348, 0.000235621919273, 0.000284560141154, 0.000225764597417, 0.000377783522708, 0.000238545413595, 0.000205688193091, 0.000402793288231, 0.000550128112081, 0.000415277463617, 0.000692187109962, 0.000397883268306, 0.000279200496152, 0.000557845691219, 0.000194914799067, 0.00031513578142],
        "dvar": [2.33082502632e-07, 0.00015373439237, 2.13990970224e-05, 4.39241921413e-05, 7.0840564149e-05, 1.76649755304e-05, 2.98699706036e-06, 5.12791814344e-07, 7.72640021296e-07, 4.87726765641e-07, 2.80311013512e-07, 1.45719283751e-07, 7.45725756701e-08, 1.00702386874e-07, 6.30143759395e-08, 1.8745124919e-07, 8.39473273118e-08, 3.92626766654e-08, 1.74440387468e-07, 1.05289063868e-06, 2.6671571618e-07, 9.4581190524e-07, 1.89665001926e-07, 8.18930416813e-08, 4.76004402117e-07, 7.94309826802e-08, 2.84707425635e-07],
        "dvar2": [5.79257573463e-07, 0.000314295321004, 5.46155351913e-05, 0.000118869866128, 0.000196279841475, 4.79812078993e-05, 8.06200932857e-06, 1.24187249639e-06, 2.12526538235e-06, 1.23199447444e-06, 5.97260509494e-07, 3.58623282182e-07, 1.87354558534e-07, 2.73450837085e-07, 1.67508630966e-07, 4.81778386074e-07, 1.96646354311e-07, 1.00862280306e-07, 4.36773831325e-07, 2.85375040221e-06, 7.08020365892e-07, 2.64869140665e-06, 4.66873444793e-07, 2.00524524985e-07, 1.19535900467e-06, 2.05508570161e-07, 7.47261992728e-07],
        "max": [0.0100648570806, 0.158669471741, 0.0758986026049, 0.0839031040668, 0.0939542725682, 0.0506174489856, 0.0205698385835, 0.0125469584018, 0.0207426976413, 0.016139542684, 0.0215528234839, 0.00830123014748, 0.00506855081767, 0.00538327172399, 0.00497889565304, 0.00643220124766, 0.00640258612111, 0.0027712804731, 0.00933045521379, 0.0242185834795, 0.0189852099866, 0.0153267402202, 0.00402245111763, 0.00338502577506, 0.0073630171828, 0.00266202539206, 0.00714279757813],
        "mean": [0.000239501547185, 0.00482230586931, 0.00333004654385, 0.0022863750346, 0.00437948107719, 0.00253193406388, 0.000952641363256, 0.000811012461782, 0.000473743915791, 0.000458009191789, 0.000401772762416, 0.000250590994256, 0.000199799556867, 0.000243665257585, 0.000189095910173, 0.000304260727717, 0.000222693954129, 0.000197552551981, 0.000390844943468, 0.000439459865447, 0.000378624856239, 0.000448404229246, 0.000336224387866, 0.000252690428169, 0.000379900244297, 0.000125507940538, 0.000164713404956],
        "median": [7.86506279837e-06, 0.000729599501938, 0.000899892183952, 0.000646223954391, 0.00167289737146, 0.00103494804353, 0.000450445571914, 0.000430431391578, 0.000197640052647, 0.000161338000908, 0.000175501249032, 0.000100384175312, 9.37781514949e-05, 0.000108461958007, 9.60251345532e-05, 0.0001329871302, 0.000130707310745, 0.000112531604827, 0.000229914687225, 0.000193285915884, 0.000189608748769, 0.000188827732927, 0.00015698079369, 0.000112290450488, 0.000141885975609, 3.35510121658e-05, 2.8920452678e-05],
        "min": [1.74725960537e-25, 4.29222768405e-24, 1.29125407246e-24, 3.15792335584e-25, 7.26240495476e-24, 6.34425684692e-24, 2.03623025109e-24, 7.40337518738e-24, 1.42406054135e-23, 9.12485427603e-24, 1.01502669566e-23, 2.39476997798e-23, 2.57657985522e-23, 3.32178377799e-23, 4.11595561037e-23, 4.75856580584e-23, 7.07603688144e-23, 8.16740259353e-23, 1.21700171934e-22, 1.74177824678e-22, 2.34566515368e-22, 3.0911841475e-22, 3.40342337173e-22, 5.82785294203e-22, 7.61511034528e-22, 1.23955963238e-21, 1.90054358478e-21],
        "var": [4.65545127781e-07, 0.000203359450097, 3.48927023879e-05, 3.4349206544e-05, 6.15247481619e-05, 1.93595551536e-05, 2.83845997728e-06, 1.12454665668e-06, 7.51203572236e-07, 9.84531084214e-07, 5.49846561171e-07, 1.88329678963e-07, 1.05922040916e-07, 1.41656173014e-07, 7.95900518824e-08, 2.55191963561e-07, 1.15926916067e-07, 6.05813426091e-08, 2.52162379866e-07, 8.95677374046e-07, 3.48592635646e-07, 7.47133753976e-07, 2.24597499709e-07, 1.38297295393e-07, 4.52128489314e-07, 7.54645270717e-08, 2.22932598604e-07]
    },
    "erbbands": {
        "dmean": [0.0659222230315, 1.02551364899, 2.66846227646, 5.09328651428, 9.79658889771, 13.1389474869, 11.6503419876, 19.4313430786, 13.3745040894, 13.2632112503, 7.50370979309, 8.8771944046, 12.7262134552, 6.67963504791, 10.7398300171, 8.27579116821, 6.94983005524, 8.2390871048, 7.00044631958, 8.90379047394, 10.8069343567, 7.47612667084, 6.12347984314, 10.988817215, 12.7088546753, 13.4373149872, 11.8295726776, 11.4486312866, 15.4424133301, 7.90649747849, 8.33433628082, 4.14682579041, 4.09272956848, 4.91346120834, 1.12987482548, 0.492004454136, 0.219613790512, 0.240419507027, 0.0226009804755, 0.000304595625494],
        "dmean2": [0.0960894301534, 1.52141225338, 4.21414756775, 8.33748054504, 16.9526634216, 21.8748855591, 19.2874927521, 33.2616004944, 22.5045909882, 21.948469162, 11.9775238037, 14.7575941086, 21.9652347565, 10.6243457794, 17.1255378723, 13.617603302, 11.4852762222, 13.9222402573, 11.9844017029, 14.9156484604, 18.3290920258, 12.5245275497, 10.2979106903, 18.1712341309, 21.1567592621, 22.7187156677, 19.8040523529, 19.1338310242, 27.3234882355, 13.2759466171, 13.5274734497, 6.67012548447, 6.44668769836, 7.8683590889, 1.77356946468, 0.786120772362, 0.35058888793, 0.392319202423, 0.0368318520486, 0.000492683146149],
        "dvar": [0.0333487056196, 11.3472127914, 35.739654541, 176.139892578, 703.04498291, 874.99987793, 598.610290527, 1814.26782227, 1057.83093262, 526.170288086, 158.626144409, 348.449737549, 981.723632812, 218.096191406, 404.389678955, 268.88973999, 188.408493042, 234.250549316, 251.887832642, 215.413787842, 522.305175781, 296.053863525, 93.5471191406, 344.407409668, 812.666992188, 1257.41748047, 997.769165039, 564.508728027, 1963.14245605, 373.671508789, 249.617767334, 49.1170578003, 49.3440742493, 109.54498291, 5.38511943817, 1.31703615189, 0.22910413146, 0.37665361166, 0.00343776866794, 5.64799563563e-07],
        "dvar2": [0.077503092587, 23.1643638611, 87.1986846924, 475.480499268, 1950.72729492, 2370.91357422, 1605.03173828, 5020.07617188, 2887.41455078, 1414.13696289, 384.170959473, 931.025634766, 2760.60180664, 448.947418213, 935.629455566, 635.046081543, 474.083282471, 634.79510498, 671.366821289, 569.942871094, 1347.44885254, 686.15802002, 243.750701904, 883.356872559, 2099.26196289, 3425.46557617, 2646.2956543, 1492.54614258, 5572.28955078, 1010.7668457, 632.777526855, 121.075439453, 123.684883118, 277.581848145, 13.2812681198, 3.39373588562, 0.585125207901, 0.987002968788, 0.00896338652819, 1.46983802551e-06],
        "max": [2.58870887756, 44.6202507019, 90.3991317749, 176.140274048, 305.7059021, 350.654205322, 341.107421875, 608.675842285, 403.767150879, 301.020874023, 289.966461182, 521.449462891, 629.043395996, 577.532226562, 674.215148926, 423.640533447, 269.292266846, 287.557342529, 347.847259521, 200.977615356, 315.741424561, 373.29119873, 144.902099609, 259.988800049, 632.490234375, 631.43359375, 843.138183594, 439.256500244, 769.04119873, 315.256378174, 176.809265137, 111.45916748, 71.0016784668, 120.669067383, 48.7403373718, 10.5958271027, 4.65123319626, 7.98421382904, 0.785813391209, 0.00995959714055],
        "mean": [0.0932169258595, 1.22849047184, 3.63461613655, 6.60607004166, 10.1353740692, 15.8913507462, 15.6371974945, 23.4236850739, 16.1439914703, 18.6900863647, 13.0403900146, 12.0692415237, 15.0151157379, 11.2574310303, 17.3329296112, 11.4404010773, 10.039065361, 12.6564559937, 9.98616027832, 13.6429462433, 15.2577829361, 11.728556633, 10.6894445419, 17.9936618805, 19.0986766815, 19.3249702454, 16.9734477997, 15.7794408798, 17.0474948883, 11.090177536, 10.4235363007, 5.9863910675, 5.19165182114, 5.33644485474, 1.29592728615, 0.539270401001, 0.227081641555, 0.210446938872, 0.0197375975549, 0.000296136277029],
        "median": [0.00904017500579, 0.202892005444, 1.05017316341, 1.94792437553, 2.91319203377, 5.57727718353, 6.65417289734, 8.91669273376, 7.18245887756, 9.41148853302, 7.13905906677, 5.43253469467, 5.68463993073, 4.71739959717, 8.62092685699, 5.20141363144, 5.15965652466, 6.11765193939, 4.96572971344, 7.2504491806, 8.04942512512, 6.89455986023, 6.76421451569, 9.71220397949, 10.7123250961, 9.41095161438, 8.10089302063, 7.58526325226, 6.9012928009, 4.8013048172, 4.86243724823, 2.58736276627, 2.42160749435, 2.05076932907, 0.421331077814, 0.147973656654, 0.0623084008694, 0.0413355752826, 0.0039401575923, 8.98389407666e-05],
        "min": [1.21586020606e-22, 7.12385422164e-22, 1.67381178348e-21, 6.59164478169e-21, 1.10824374078e-20, 2.05418155912e-20, 2.79973333927e-20, 6.51704326864e-20, 7.75476783637e-20, 6.84582623638e-20, 1.79374206305e-19, 3.74403684582e-19, 4.57727733184e-19, 8.78443063064e-19, 1.06934042521e-18, 1.20938375728e-18, 1.28592226237e-18, 2.14469755541e-18, 1.94445491349e-18, 2.8499422331e-18, 3.56836699987e-18, 4.96924162139e-18, 5.24967197907e-18, 6.25080950162e-18, 6.50526928319e-18, 8.09695172457e-18, 9.63192100878e-18, 9.94612556446e-18, 8.93720509952e-18, 1.09915875601e-17, 1.15577993069e-17, 9.9576605981e-18, 9.57148471168e-18, 7.7178391334e-18, 5.57276624479e-18, 4.40801322425e-18, 2.17330993959e-18, 9.60412422468e-19, 2.51136583464e-19, 2.49863071057e-20],
        "var": [0.053064275533, 14.3254737854, 50.7783584595, 175.690917969, 544.498046875, 834.838745117, 660.875305176, 1975.82373047, 941.630554199, 686.278869629, 303.580383301, 420.189025879, 917.964355469, 790.405761719, 764.56439209, 385.851959229, 260.42590332, 347.83605957, 276.905426025, 333.749359131, 597.182922363, 367.495910645, 150.959442139, 566.410766602, 881.10949707, 1189.1953125, 988.132873535, 657.307434082, 1411.31298828, 357.89050293, 251.602859497, 82.3927841187, 56.8305168152, 98.9702377319, 6.27873134613, 1.33084654808, 0.228085294366, 0.29861754179, 0.00275441305712, 4.60529690827e-07]
    },
    "gfcc": {
        "mean": [-11.6957607269, 46.7743148804, -89.6004333496, 28.2964839935, -64.308265686, 1.94086587429, -39.1695175171, 1.45315587521, -26.3180809021, 0.111125633121, -16.5046234131, -0.806611955166, -13.2528409958],
        "cov": [[37787.8007812, -475.195159912, -1382.99963379, 998.503601074, -1070.0267334, 596.721008301, -755.320495605, 195.693206787, -528.773925781, 267.007232666, -433.331176758, 212.722122192, -291.949157715], [-475.195159912, 1620.23657227, -95.4364929199, 275.675476074, 110.844764709, -28.0363140106, 28.7526779175, -41.5832176208, 12.5703125, -36.5529975891, 26.2667312622, -43.8098373413, 43.8531455994], [-1382.99963379, -95.4364929199, 697.650939941, 76.4380111694, 272.33013916, 140.497467041, 101.706321716, 28.2055263519, 81.4571304321, 5.1647734642, 50.6675453186, 7.77741193771, 24.257390976], [998.503601074, 275.675476074, 76.4380111694, 441.05065918, 107.439888, 159.781616211, 55.5494995117, 62.0473365784, 2.49036693573, 79.6629104614, -26.3457527161, 27.5080184937, -3.79311847687], [-1070.0267334, 110.844764709, 272.33013916, 107.439888, 332.260681152, 141.266555786, 146.133956909, 46.6019325256, 72.5794448853, 20.2739715576, 37.0538482666, -3.77597379684, 15.9292678833], [596.721008301, -28.0363140106, 140.497467041, 159.781616211, 141.266555786, 211.714385986, 78.4685745239, 75.4760971069, 23.3419094086, 44.7991676331, -7.40990018845, 21.0758152008, -4.98889112473], [-755.320495605, 28.7526779175, 101.706321716, 55.5494995117, 146.133956909, 78.4685745239, 173.432510376, 62.527671814, 49.2202377319, 10.9807329178, 13.1402721405, -0.358578532934, 4.76411867142], [195.693206787, -41.5832176208, 28.2055263519, 62.0473365784, 46.6019325256, 75.4760971069, 62.527671814, 108.608291626, 36.3774604797, 38.2802581787, -2.6163752079, 10.9111185074, -1.48104071617], [-528.773925781, 12.5703125, 81.4571304321, 2.49036693573, 72.5794448853, 23.3419094086, 49.2202377319, 36.3774604797, 94.9445953369, 29.0010585785, 40.6154594421, -0.152187168598, 3.95543122292], [267.007232666, -36.5529975891, 5.1647734642, 79.6629104614, 20.2739715576, 44.7991676331, 10.9807329178, 38.2802581787, 29.0010585785, 98.6482543945, 17.5424594879, 35.4880943298, -0.30101659894], [-433.331176758, 26.2667312622, 50.6675453186, -26.3457527161, 37.0538482666, -7.40990018845, 13.1402721405, -2.6163752079, 40.6154594421, 17.5424594879, 86.507598877, 20.1685848236, 16.6394805908], [212.722122192, -43.8098373413, 7.77741193771, 27.5080184937, -3.77597379684, 21.0758152008, -0.358578532934, 10.9111185074, -0.152187168598, 35.4880943298, 20.1685848236, 83.3726119995, 32.200378418], [-291.949157715, 43.8531455994, 24.257390976, -3.79311847687, 15.9292678833, -4.98889112473, 4.76411867142, -1.48104071617, 3.95543122292, -0.30101659894, 16.6394805908, 32.200378418, 67.2997360229]],
        "icov": [[4.405179061e-05, 4.82082396047e-06, 6.01898755122e-05, -6.78899159539e-05, 0.000112166446343, -0.00023198769486, 0.000185795448488, -7.30977044441e-05, 7.44670251152e-05, 3.20482358802e-05, 1.78776408575e-05, -9.03041436686e-05, 0.000138482850161], [4.82082396047e-06, 0.000937111733947, 0.000392444868339, -0.00103566469625, -0.000483209994854, 0.000552816840354, 0.000113756905193, 0.000327747198753, -0.000323395623127, 0.000807418080512, -0.000576802005526, 0.000684360915329, -0.000797241576947], [6.01898755122e-05, 0.000392444868339, 0.00252314284444, -0.000484915275592, -0.00158483535051, -0.000986948958598, 0.00075475597987, 0.000545842514839, -0.00112907437142, 0.00119892519433, -0.000551346456632, -0.000139201147249, -0.000396201940021], [-6.78899159539e-05, -0.00103566469625, -0.000484915275592, 0.00483718654141, -0.000145115787745, -0.00223790388554, -0.000506498268805, -0.000116296112537, 0.00128328439314, -0.00346006290056, 0.00180424924474, -0.000472551677376, 0.000418610143242], [0.000112166446343, -0.000483209994854, -0.00158483535051, -0.000145115787745, 0.00879472028464, -0.00431575579569, -0.00407885480672, 0.00216634548269, -0.00161872722674, -0.000472506973892, -0.00119439081755, 0.00178063730709, -0.00116427813191], [-0.00023198769486, 0.000552816840354, -0.000986948958598, -0.00223790388554, -0.00431575579569, 0.0127351116389, -0.00081499456428, -0.00452052196488, 0.00148243247531, -0.00036756938789, 0.00102390744723, -0.00168567197397, 0.00125137274154], [0.000185795448488, 0.000113756905193, 0.00075475597987, -0.000506498268805, -0.00407885480672, -0.00081499456428, 0.0121699962765, -0.00513550499454, -0.00157632457558, 0.00256441859528, 0.000269802694675, -0.00108649523463, 0.000919020210858], [-7.30977044441e-05, 0.000327747198753, 0.000545842514839, -0.000116296112537, 0.00216634548269, -0.00452052196488, -0.00513550499454, 0.017570482567, -0.00557708833367, -0.00329179642722, 0.00260272761807, 0.000583481334615, -0.00144123577047], [7.44670251152e-05, -0.000323395623127, -0.00112907437142, 0.00128328439314, -0.00161872722674, 0.00148243247531, -0.00157632457558, -0.00557708833367, 0.0203104335815, -0.00526671856642, -0.00691718049347, 0.00341197941452, 0.000355404918082], [3.20482358802e-05, 0.000807418080512, 0.00119892519433, -0.00346006290056, -0.000472506973892, -0.00036756938789, 0.00256441859528, -0.00329179642722, -0.00526671856642, 0.0187356453389, -0.00251371227205, -0.00665555382147, 0.00301564275287], [1.78776408575e-05, -0.000576802005526, -0.000551346456632, 0.00180424924474, -0.00119439081755, 0.00102390744723, 0.000269802694675, 0.00260272761807, -0.00691718049347, -0.00251371227205, 0.0183169133961, -0.00462041143328, -0.000772156927269], [-9.03041436686e-05, 0.000684360915329, -0.000139201147249, -0.000472551677376, 0.00178063730709, -0.00168567197397, -0.00108649523463, 0.000583481334615, 0.00341197941452, -0.00665555382147, -0.00462041143328, 0.0211902931333, -0.0104974918067], [0.000138482850161, -0.000797241576947, -0.000396201940021, 0.000418610143242, -0.00116427813191, 0.00125137274154, 0.000919020210858, -0.00144123577047, 0.000355404918082, 0.00301564275287, -0.000772156927269, -0.0104974918067, 0.0216232631356]]
    },
    "melbands": {
        "dmean": [0.000827925745398, 0.00140538846608, 0.000984409707598, 0.000818231725134, 0.000454594090115, 0.000423113495344, 0.000193645682884, 0.000137521608849, 5.67612223676e-05, 5.91657881159e-05, 6.31075163255e-05, 2.6556866942e-05, 3.76233510906e-05, 2.52203044511e-05, 1.71500250872e-05, 1.34998308567e-05, 1.71180563484e-05, 1.21110979308e-05, 8.90660248842e-06, 1.62554988492e-05, 1.24601820062e-05, 8.75390469446e-06, 6.23733285465e-06, 6.2564727159e-06, 9.91150773189e-06, 9.02657575352e-06, 1.13879059427e-05, 8.83689062903e-06, 8.87153328222e-06, 6.22399238637e-06, 7.40771656638e-06, 1.00868928712e-05, 5.80848563914e-06, 3.83634687751e-06, 5.42182533536e-06, 3.31698765876e-06, 2.360585313e-06, 2.06165350392e-06, 6.38595565761e-06, 3.04554373542e-06],
        "dmean2": [0.00119405915029, 0.00215425016358, 0.00163827789947, 0.00140082987491, 0.000742320495192, 0.000721789139789, 0.00032712193206, 0.00022517911566, 9.05311535462e-05, 9.97142997221e-05, 0.000108837892185, 4.22784432885e-05, 5.90578274569e-05, 4.18750387325e-05, 2.8104555895e-05, 2.22843464144e-05, 2.90839070658e-05, 2.07969642361e-05, 1.51556614583e-05, 2.72668821708e-05, 2.13810362766e-05, 1.46823922478e-05, 1.06084880827e-05, 1.05015251393e-05, 1.64162174769e-05, 1.5082399841e-05, 1.92842544493e-05, 1.50938822117e-05, 1.49539582708e-05, 1.04318360172e-05, 1.25662181745e-05, 1.79854796443e-05, 1.00939359982e-05, 6.3815100475e-06, 8.86831094249e-06, 5.39617349204e-06, 3.82753478334e-06, 3.32608738063e-06, 1.03749225673e-05, 4.83460098621e-06],
        "dvar": [6.53854704069e-06, 1.32582163133e-05, 6.49494131721e-06, 4.25764574175e-06, 8.12097198377e-07, 8.34979630326e-07, 2.20064407586e-07, 5.20158351947e-08, 9.39395050636e-09, 1.82940294025e-08, 2.37779289591e-08, 3.96459309826e-09, 6.07191363855e-09, 2.23848339864e-09, 9.97094740107e-10, 6.01026062252e-10, 1.0772245318e-09, 7.72240271729e-10, 1.98153646269e-10, 9.21535958653e-10, 7.87500897825e-10, 5.29689625495e-10, 1.13628779996e-10, 1.02539067515e-10, 3.04430203268e-10, 2.52356274766e-10, 1.51144907701e-09, 5.36470756707e-10, 8.90159168598e-10, 2.80913875494e-10, 3.15629189451e-10, 9.71935310012e-10, 1.48524276211e-10, 9.701198872e-11, 1.1710248049e-10, 3.14116302413e-11, 1.7501619945e-11, 1.21140424081e-11, 1.95562732674e-10, 3.74202717424e-11],
        "dvar2": [1.33976382131e-05, 2.91955275316e-05, 1.76410394488e-05, 1.18417929116e-05, 2.15243699131e-06, 2.30255795941e-06, 6.04492697676e-07, 1.37028351332e-07, 2.27533014652e-08, 4.98197820775e-08, 6.67048922764e-08, 8.06339528481e-09, 1.28954491529e-08, 5.6808140414e-09, 2.42192021993e-09, 1.5442617185e-09, 2.93727220324e-09, 2.07586459133e-09, 5.29024990481e-10, 2.34107377928e-09, 2.08379047351e-09, 1.22874499464e-09, 3.08044340036e-10, 2.6354107785e-10, 7.84389442288e-10, 6.39188701967e-10, 4.16596357411e-09, 1.44332445995e-09, 2.34423080947e-09, 7.99305732713e-10, 8.54038562093e-10, 2.77721157182e-09, 4.04442979107e-10, 2.61727500783e-10, 2.99142988158e-10, 7.90776888415e-11, 4.36825992045e-11, 3.02248955031e-11, 4.96288676821e-10, 9.44876260567e-11],
        "max": [0.0334455780685, 0.0531241558492, 0.0330951847136, 0.0242293179035, 0.0127590429038, 0.0118241347373, 0.0056293788366, 0.0032379233744, 0.00218545808457, 0.00359498779289, 0.00307175260969, 0.00257799308747, 0.00321887526661, 0.000876667734701, 0.000516847998369, 0.000358094199328, 0.000641586782876, 0.000678612792399, 0.000242591340793, 0.000582642154768, 0.000348469533492, 0.000511662277859, 0.000242729773163, 0.000177414243808, 0.000263824505964, 0.000341740378644, 0.000881136802491, 0.000634007214103, 0.000950736808591, 0.000878337130416, 0.000394739035983, 0.000558756815735, 0.000127068691654, 0.000174332788447, 0.000125578808365, 7.03425030224e-05, 5.81633976253e-05, 3.35583790729e-05, 0.000161567950272, 6.87404826749e-05],
        "mean": [0.0011127309408, 0.00191477965564, 0.00124493427575, 0.000922636361793, 0.000629378366284, 0.000516981584951, 0.000231944039115, 0.000201045870199, 9.69346001511e-05, 7.41255717003e-05, 7.35779249226e-05, 4.32019842265e-05, 5.89493356529e-05, 3.40904371114e-05, 2.41278321482e-05, 1.90914179257e-05, 2.49661043199e-05, 1.63149998116e-05, 1.29211975946e-05, 2.39204036916e-05, 1.63098229677e-05, 1.27242547023e-05, 9.59870340012e-06, 1.01577179521e-05, 1.52650045493e-05, 1.33881330839e-05, 1.45014601003e-05, 1.24622574731e-05, 1.18135048979e-05, 8.54560130392e-06, 9.4703564173e-06, 1.04423997982e-05, 7.15944679541e-06, 5.48739672013e-06, 6.40870848656e-06, 4.43915723736e-06, 3.35340496349e-06, 2.73687146546e-06, 6.69328528602e-06, 3.3945764244e-06],
        "median": [0.000150218169438, 0.000532813370228, 0.000430133892223, 0.000329181784764, 0.00026814834564, 0.000207864533877, 0.000105059967609, 0.000100857687357, 5.14728017151e-05, 3.06431975332e-05, 2.71632197837e-05, 1.60286181199e-05, 2.61572531599e-05, 1.55383240781e-05, 1.16442452054e-05, 8.93737069418e-06, 1.07974465209e-05, 7.62285299061e-06, 6.80630728311e-06, 1.05513099697e-05, 8.56274618855e-06, 7.00815780874e-06, 5.63822732147e-06, 5.66626476939e-06, 7.47000285628e-06, 7.70735641709e-06, 6.22247944193e-06, 5.92328251514e-06, 4.86860426463e-06, 4.38281222159e-06, 4.1852636059e-06, 4.01795477956e-06, 2.89327181235e-06, 2.27586679102e-06, 2.80379890683e-06, 2.13631187762e-06, 1.31578485707e-06, 1.14128329187e-06, 2.54324550042e-06, 1.32065122216e-06],
        "min": [1.19389197207e-24, 1.30367813868e-24, 1.26138178352e-24, 1.30661625112e-24, 1.06670274503e-24, 1.31259394324e-24, 1.11329070072e-24, 9.42135099991e-25, 1.40273875521e-24, 2.22968044151e-24, 1.57503573906e-24, 2.73831961218e-24, 2.5982086463e-24, 2.83073920318e-24, 2.72100174873e-24, 2.5156573108e-24, 3.26187081776e-24, 1.82610156898e-24, 2.42037415471e-24, 2.88743365036e-24, 2.68740909316e-24, 4.35097612781e-24, 3.53444040431e-24, 4.4630196199e-24, 3.53800013915e-24, 4.56506035571e-24, 4.29981337051e-24, 4.66329168222e-24, 5.15574441319e-24, 5.38438983011e-24, 5.05427678482e-24, 3.82224407824e-24, 5.65313541343e-24, 5.79313179726e-24, 5.13689300414e-24, 5.12136585494e-24, 5.48114046469e-24, 5.94760969517e-24, 6.05924731832e-24, 5.92817807892e-24],
        "var": [9.51012043515e-06, 1.84852997336e-05, 5.95120900471e-06, 3.36335324391e-06, 9.84056555353e-07, 8.94242248251e-07, 1.9132139073e-07, 7.73457742298e-08, 1.74875829373e-08, 1.92217584072e-08, 2.25587495351e-08, 1.49268082339e-08, 1.19942100696e-08, 2.8666959917e-09, 1.44174050476e-09, 8.58976501039e-10, 1.56915624938e-09, 8.14072420585e-10, 2.85531515098e-10, 1.49372492153e-09, 7.61075480415e-10, 6.05826722122e-10, 1.65128147267e-10, 1.73085795696e-10, 4.93348528696e-10, 3.32579103146e-10, 1.1814883516e-09, 5.1642246035e-10, 7.95713939183e-10, 2.41448999683e-10, 3.20521470476e-10, 6.54806375788e-10, 1.5064730019e-10, 9.19888956674e-11, 1.10688805344e-10, 3.98616001318e-11, 2.97950032702e-11, 1.62724347885e-11, 1.73419500982e-10, 3.52312484742e-11]
    },
    "mfcc": {
        "mean": [-648.529052734, 84.2773361206, 21.3064613342, 22.4491157532, -0.253490418196, -1.74387180805, -3.12886881828, -4.946205616, -3.92472863197, -4.02976560593, -4.39327764511, -4.39820384979, 0.432587265968],
        "cov": [[14795.2558594, 19.3917713165, 353.714233398, 408.821380615, 186.811828613, 433.673492432, 182.02897644, 125.270606995, 111.457702637, 60.885723114, 69.296661377, 6.77562522888, 133.163330078], [19.3917713165, 1148.19091797, 95.6371383667, 190.351852417, 104.745689392, 36.0647583008, 17.1376094818, 14.5974054337, -11.1666650772, -4.46996212006, -24.7846221924, 9.75754928589, -15.8296117783], [353.714233398, 95.6371383667, 365.039154053, 88.2988433838, 134.577453613, 77.6409683228, 43.8883514404, 36.2933883667, 19.0249042511, 24.8216762543, 6.98958444595, 19.1166172028, 4.8035030365], [408.821380615, 190.351852417, 88.2988433838, 284.881591797, 78.7841949463, 133.049697876, 58.0148010254, 47.4502029419, 44.6444244385, 43.5615081787, 15.724275589, 25.4426383972, 13.5241317749], [186.811828613, 104.745689392, 134.577453613, 78.7841949463, 207.231948853, 111.279792786, 78.9151763916, 48.9929962158, 39.9855918884, 44.7960777283, 30.5665054321, 29.1268558502, 18.8889579773], [433.673492432, 36.0647583008, 77.6409683228, 133.049697876, 111.279792786, 192.142532349, 88.6659393311, 68.8996658325, 49.2413024902, 46.6789855957, 30.3798923492, 30.9672164917, 11.9768123627], [182.02897644, 17.1376094818, 43.8883514404, 58.0148010254, 78.9151763916, 88.6659393311, 130.417984009, 72.2454376221, 58.9334335327, 38.3781738281, 27.9272861481, 19.3869667053, 15.7167749405], [125.270606995, 14.5974054337, 36.2933883667, 47.4502029419, 48.9929962158, 68.8996658325, 72.2454376221, 103.099601746, 60.7004051208, 35.4977645874, 22.5587806702, 18.5520877838, 14.5024642944], [111.457702637, -11.1666650772, 19.0249042511, 44.6444244385, 39.9855918884, 49.2413024902, 58.9334335327, 60.7004051208, 97.7122116089, 48.0293312073, 24.6309165955, 14.4055614471, 10.5365715027], [60.885723114, -4.46996212006, 24.8216762543, 43.5615081787, 44.7960777283, 46.6789855957, 38.3781738281, 35.4977645874, 48.0293312073, 83.0666275024, 38.2299003601, 19.9706668854, 3.93323802948], [69.296661377, -24.7846221924, 6.98958444595, 15.724275589, 30.5665054321, 30.3798923492, 27.9272861481, 22.5587806702, 24.6309165955, 38.2299003601, 82.5707244873, 31.964422226, 20.0447540283], [6.77562522888, 9.75754928589, 19.1166172028, 25.4426383972, 29.1268558502, 30.9672164917, 19.3869667053, 18.5520877838, 14.4055614471, 19.9706668854, 31.964422226, 78.0963821411, 35.2243118286], [133.163330078, -15.8296117783, 4.8035030365, 13.5241317749, 18.8889579773, 11.9768123627, 15.7167749405, 14.5024642944, 10.5365715027, 3.93323802948, 20.0447540283, 35.2243118286, 78.5149383545]],
