{
"lowlevel": {
    "average_loudness": 0.885868132114,
    "barkbands_crest": {
        "dmean": 3.02430605888,
        "dmean2": 4.86062431335,
        "dvar": 7.38636493683,
        "dvar2": 17.6283149719,
        "max": 26.2112941742,
        "mean": 10.8957262039,
        "median": 9.95165061951,
        "min": 2.45968461037,
        "var": 19.8934955597
    },
    "barkbands_flatness_db": {
        "dmean": 0.0319364592433,
        "dmean2": 0.0463779307902,
        "dvar": 0.000992115586996,
        "dvar2": 0.00193184637465,
        "max": 0.540410220623,
        "mean": 0.163297399879,
        "median": 0.154259055853,
        "min": 0.0272107720375,
        "var": 0.00396184530109
    },
    "barkbands_kurtosis": {
        "dmean": 4.80738210678,
        "dmean2": 7.41666650772,
        "dvar": 68.7506942749,
        "dvar2": 156.932540894,
        "max": 241.073806763,
        "mean": 8.21786212921,
        "median": 3.81667375565,
        "min": -1.94484102726,
        "var": 202.096420288
    },
    "barkbands_skewness": {
        "dmean": 0.693019270897,
        "dmean2": 1.04654216766,
        "dvar": 0.50617069006,
        "dvar2": 1.09677481651,
        "max": 14.2426757812,
        "mean": 2.08630442619,
        "median": 1.86601531506,
        "min": -2.05414772034,
        "var": 2.06518912315
    },
    "barkbands_spread": {
        "dmean": 5.19917917252,
        "dmean2": 8.28649425507,
        "dvar": 35.7742958069,
        "dvar2": 83.2875061035,
        "max": 132.224075317,
        "mean": 16.3016300201,
        "median": 14.1550178528,
        "min": 0.484976142645,
        "var": 137.442230225
    },
    "dissonance": {
        "dmean": 0.0207807570696,
        "dmean2": 0.033886089921,
        "dvar": 0.000360447447747,
        "dvar2": 0.000937312433962,
        "max": 0.5,
        "mean": 0.458260118961,
        "median": 0.463648229837,
        "min": 0.253971397877,
        "var": 0.000841526489239
    },
    "dynamic_complexity": 3.92091441154,
    "erbbands_crest": {
        "dmean": 3.02158069611,
        "dmean2": 4.75256252289,
        "dvar": 8.77610969543,
        "dvar2": 19.3850193024,
        "max": 33.8920440674,
        "mean": 9.85535049438,
        "median": 8.50428199768,
        "min": 2.28481459618,
        "var": 26.0837249756
    },
    "erbbands_flatness_db": {
        "dmean": 0.022987768054,
        "dmean2": 0.0319534502923,
        "dvar": 0.000484227464767,
        "dvar2": 0.000879809027538,
        "max": 0.465421408415,
        "mean": 0.159543290734,
        "median": 0.145324572921,
        "min": 0.0579331144691,
        "var": 0.00314604770392
    },
    "erbbands_kurtosis": {
        "dmean": 1.10664057732,
        "dmean2": 1.76164257526,
        "dvar": 4.85219621658,
        "dvar2": 10.758846283,
        "max": 99.651222229,
        "mean": 0.531391203403,
        "median": -0.100758552551,
        "min": -1.83614039421,
        "var": 7.35127496719
    },
    "erbbands_skewness": {
        "dmean": 0.391687899828,
        "dmean2": 0.598364412785,
        "dvar": 0.150826171041,
        "dvar2": 0.342086881399,
        "max": 6.86686468124,
        "mean": 0.520691215992,
        "median": 0.436514735222,
        "min": -3.32890868187,
        "var": 0.609927654266
    },
    "erbbands_spread": {
        "dmean": 9.30501747131,
        "dmean2": 14.0996990204,
        "dvar": 75.4675598145,
        "dvar2": 172.321243286,
        "max": 193.687744141,
        "mean": 38.5092163086,
        "median": 36.6207008362,
        "min": 1.80242991447,
        "var": 350.193939209
    },
    "hfc": {
        "dmean": 6.02040576935,
        "dmean2": 8.6345281601,
        "dvar": 85.7639923096,
        "dvar2": 190.547668457,
        "max": 89.5161895752,
        "mean": 12.5610570908,
        "median": 8.80865097046,
        "min": 1.11275618253e-16,
        "var": 165.453887939
    },
    "melbands_crest": {
        "dmean": 3.48836755753,
        "dmean2": 5.54993867874,
        "dvar": 9.65393733978,
        "dvar2": 22.9242267609,
        "max": 33.4297294617,
        "mean": 14.515581131,
        "median": 13.7411222458,
        "min": 1.41958713531,
        "var": 28.9424724579
    },
    "melbands_flatness_db": {
        "dmean": 0.0391834378242,
        "dmean2": 0.0561765953898,
        "dvar": 0.00151038076729,
        "dvar2": 0.00297875329852,
        "max": 0.662090420723,
        "mean": 0.233342573047,
        "median": 0.22685071826,
        "min": 0.000902146275621,
        "var": 0.00596094876528
    },
    "melbands_kurtosis": {
        "dmean": 10.6043958664,
        "dmean2": 16.4006347656,
        "dvar": 260.422637939,
        "dvar2": 601.55670166,
        "max": 566.237243652,
        "mean": 21.3411026001,
        "median": 11.4149112701,
        "min": -1.48478484154,
        "var": 1118.27807617
    },
    "melbands_skewness": {
        "dmean": 0.915014207363,
        "dmean2": 1.38335883617,
        "dvar": 0.828378200531,
        "dvar2": 1.82054555416,
        "max": 20.0583229065,
        "mean": 3.17316889763,
        "median": 2.83694052696,
        "min": -1.49240446091,
        "var": 3.7701010704
    },
    "melbands_spread": {
        "dmean": 6.04609918594,
        "dmean2": 9.49639415741,
        "dvar": 61.4945106506,
        "dvar2": 139.788696289,
        "max": 161.306182861,
        "mean": 16.4795074463,
        "median": 13.0089483261,
        "min": 0.504064381123,
        "var": 252.246948242
    },
    "pitch_salience": {
        "dmean": 0.0885994434357,
        "dmean2": 0.139212042093,
        "dvar": 0.00631647650152,
        "dvar2": 0.0145144211128,
        "max": 0.992096543312,
        "mean": 0.544450521469,
        "median": 0.55143225193,
        "min": 0.115496203303,
        "var": 0.0159318074584
    },
    "silence_rate_20dB": {
        "dmean": 0,
        "dmean2": 0,
        "dvar": 0,
        "dvar2": 0,
        "max": 1,
        "mean": 1,
        "median": 1,
        "min": 1,
        "var": 0
    },
    "silence_rate_30dB": {
        "dmean": 0.00696378853172,
        "dmean2": 0.0139291929081,
        "dvar": 0.00691561307758,
        "dvar2": 0.0197725389153,
        "max": 1,
        "mean": 0.995938241482,
        "median": 1,
        "min": 0,
        "var": 0.00404501333833
    },
    "silence_rate_60dB": {
        "dmean": 0.0584958232939,
        "dmean2": 0.117005221546,
        "dvar": 0.0550709888339,
        "dvar2": 0.120486699045,
        "max": 1,
        "mean": 0.13090403378,
        "median": 0,
        "min": 0,
        "var": 0.113780088723
    },
    "spectral_centroid": {
        "dmean": 263.765930176,
        "dmean2": 412.532196045,
        "dvar": 94384.0625,
        "dvar2": 205315.765625,
        "max": 11832.1464844,
        "mean": 1089.72192383,
        "median": 933.148864746,
        "min": 164.402313232,
        "var": 803724.375
    },
    "spectral_complexity": {
        "dmean": 4.41248846054,
        "dmean2": 6.41276836395,
        "dvar": 31.0681438446,
        "dvar2": 55.0149421692,
        "max": 53,
        "mean": 13.9128465652,
        "median": 12,
        "min": 0,
        "var": 96.9499130249
    },
    "spectral_decrease": {
        "dmean": 3.04534863993e-09,
        "dmean2": 4.46593562131e-09,
        "dvar": 1.59479925792e-17,
        "dvar2": 3.44167882966e-17,
        "max": 1.09252227955e-28,
        "mean": -6.92256207913e-09,
        "median": -5.51217116396e-09,
        "min": -4.34668088189e-08,
        "var": 3.95454768393e-17
    },
    "spectral_energy": {
        "dmean": 0.0119376722723,
        "dmean2": 0.017478024587,
        "dvar": 0.000243351867539,
        "dvar2": 0.000523254391737,
        "max": 0.168264627457,
        "mean": 0.0272666141391,
        "median": 0.0217242799699,
        "min": 1.0124798942e-20,
        "var": 0.000605723820627
    },
    "spectral_energyband_high": {
        "dmean": 0.000224544724915,
        "dmean2": 0.000330084556481,
        "dvar": 1.4075978072e-07,
        "dvar2": 3.32377226187e-07,
        "max": 0.00393162434921,
        "mean": 0.000305503723212,
        "median": 0.000108486769022,
        "min": 7.31180163235e-21,
        "var": 2.05554627541e-07
    },
    "spectral_energyband_low": {
        "dmean": 0.0065361247398,
        "dmean2": 0.00978924334049,
        "dvar": 0.000110660963401,
        "dvar2": 0.000254988641245,
        "max": 0.135541304946,
        "mean": 0.011707521975,
        "median": 0.00656035821885,
        "min": 1.38661852066e-23,
        "var": 0.00021408702014
    },
    "spectral_energyband_middle_high": {
        "dmean": 0.00169006246142,
        "dmean2": 0.00252863275819,
        "dvar": 8.05169656815e-06,
        "dvar2": 1.74147880898e-05,
        "max": 0.0670538321137,
        "mean": 0.0033174129203,
        "median": 0.00184936600272,
        "min": 1.19926699023e-21,
        "var": 1.93695177586e-05
    },
    "spectral_energyband_middle_low": {
        "dmean": 0.00790155958384,
        "dmean2": 0.0121516678482,
        "dvar": 0.000152082706336,
        "dvar2": 0.000366811902495,
        "max": 0.12270590663,
        "mean": 0.0135991442949,
        "median": 0.00897930096835,
        "min": 1.45940466534e-22,
        "var": 0.000226612377446
    },
    "spectral_entropy": {
        "dmean": 0.249091297388,
        "dmean2": 0.373341977596,
        "dvar": 0.0671030879021,
        "dvar2": 0.132212072611,
        "max": 9.82657146454,
        "mean": 7.41962003708,
        "median": 7.46314907074,
        "min": 4.72493648529,
        "var": 0.228678122163
    },
    "spectral_flux": {
        "dmean": 0.0328631028533,
        "dmean2": 0.0513465702534,
        "dvar": 0.00136688095517,
        "dvar2": 0.00295781297609,
        "max": 0.34779265523,
        "mean": 0.084796115756,
        "median": 0.0738452970982,
        "min": 6.51744283542e-11,
        "var": 0.00330777326599
    },
    "spectral_kurtosis": {
        "dmean": 2.05720376968,
        "dmean2": 3.29274249077,
        "dvar": 5.91179800034,
        "dvar2": 14.1697568893,
        "max": 52.3316459656,
        "mean": 5.51221466064,
        "median": 4.68779420853,
        "min": -1.32527422905,
        "var": 11.4682044983
    },
    "spectral_rms": {
        "dmean": 0.00107595254667,
        "dmean2": 0.00152484024875,
        "dvar": 1.36728215239e-06,
        "dvar2": 2.65077437689e-06,
        "max": 0.0128125175834,
        "mean": 0.00456405803561,
        "median": 0.00460373982787,
        "min": 3.14290520692e-12,
        "var": 5.77093715037e-06
    },
    "spectral_rolloff": {
        "dmean": 413.187683105,
        "dmean2": 690.815002441,
        "dvar": 532847.625,
        "dvar2": 1225450.5,
        "max": 19164.5507812,
        "mean": 1088.95751953,
        "median": 667.529296875,
        "min": 64.599609375,
        "var": 3282237.75
    },
    "spectral_skewness": {
        "dmean": 0.268753409386,
        "dmean2": 0.424722343683,
        "dvar": 0.0738777890801,
        "dvar2": 0.171713531017,
        "max": 5.78306531906,
        "mean": 1.75776982307,
        "median": 1.71456825733,
        "min": -0.0809131786227,
        "var": 0.229508712888
    },
    "spectral_spread": {
        "dmean": 658139.9375,
        "dmean2": 924995.9375,
        "dvar": 718916354048,
        "dvar2": 1.51592121139e+12,
        "max": 52790856,
        "mean": 4536926.5,
        "median": 4248966,
        "min": 1576466.375,
        "var": 7.8567571456e+12
    },
    "spectral_strongpeak": {
        "dmean": 0.380924075842,
        "dmean2": 0.639735579491,
        "dvar": 0.389570325613,
        "dvar2": 0.942604899406,
        "max": 9.30490112305,
        "mean": 0.662622094154,
        "median": 0.437818914652,
        "min": 0,
        "var": 0.606420397758
    },
    "zerocrossingrate": {
        "dmean": 0.00963216368109,
        "dmean2": 0.0113557269797,
        "dvar": 0.000114910850243,
        "dvar2": 0.000150290652527,
        "max": 0.86474609375,
        "mean": 0.0490427166224,
        "median": 0.0400390625,
        "min": 0.00244140625,
        "var": 0.00328377098776
    },
    "barkbands": {
        "dmean": [9.25170388655e-05, 0.00434019463137, 0.00260607758537, 0.00226222979836, 0.00411633122712, 0.00184916018043, 0.00078297132859, 0.000728721439373, 0.000540990848094, 0.000394474394852, 0.00037328779581, 0.000252529745921, 0.000373307528207, 0.000206355587579, 0.000198712732526, 0.000152346867253, 0.000176935893251, 0.000140497810207, 0.000138359915582, 9.01488456293e-05, 4.14681089751e-05, 4.1658848204e-05, 3.93691225327e-05, 3.79684715881e-05, 2.51484016189e-05, 1.46717338794e-05, 4.53960097957e-07],
        "dmean2": [0.000126116152387, 0.0067363223061, 0.00425233505666, 0.00375589029863, 0.00659244833514, 0.00297091738321, 0.00123223697301, 0.00109804770909, 0.00086543901125, 0.000587738060858, 0.000591029471252, 0.000401688390411, 0.000589754199609, 0.000340161583154, 0.000322228064761, 0.000251803052379, 0.00029071175959, 0.000224844858167, 0.000219174922677, 0.000141825570608, 6.46139378659e-05, 6.64086765028e-05, 6.00017447141e-05, 5.75292106078e-05, 3.78633667424e-05, 2.18790937652e-05, 7.16038073278e-07],
        "dvar": [2.47273508336e-08, 5.97411126364e-05, 2.64628706645e-05, 2.12456379813e-05, 5.37323139724e-05, 1.57631438924e-05, 1.85851706647e-06, 2.03126478482e-06, 1.74235458417e-06, 1.27755311041e-06, 8.87001419869e-07, 6.44177646336e-07, 1.21572622902e-06, 2.19283109004e-07, 1.80046896503e-07, 9.29677952399e-08, 1.48218106233e-07, 8.97339234029e-08, 6.15879329757e-08, 2.77681877492e-08, 6.08195183105e-09, 8.2030284787e-09, 5.78864867151e-09, 4.97953278611e-09, 1.29070409915e-09, 1.29270905092e-09, 1.79327722376e-12],
        "dvar2": [4.11838421144e-08, 0.000154892812134, 6.48027780699e-05, 5.60607550142e-05, 0.000131265958771, 3.97435615014e-05, 4.30072259405e-06, 4.54031987829e-06, 4.4357329898e-06, 2.24994050768e-06, 2.0592351575e-06, 1.40597398968e-06, 2.47782304541e-06, 5.75406772896e-07, 4.43293686203e-07, 2.3871800181e-07, 3.90512354898e-07, 2.23355115736e-07, 1.44019807635e-07, 6.83463667883e-08, 1.45760239434e-08, 2.17303792738e-08, 1.4756809108e-08, 1.25256622852e-08, 2.89602941628e-09, 2.92263191426e-09, 4.08458900383e-12],
        "max": [0.00218061171472, 0.0932159274817, 0.0910332500935, 0.0669201761484, 0.077124543488, 0.0598754584789, 0.0256450138986, 0.0263369716704, 0.0220961812884, 0.0570527389646, 0.0295796021819, 0.0407052785158, 0.0283670630306, 0.00997454393655, 0.00793233700097, 0.00487121380866, 0.00979448482394, 0.00474080210552, 0.00332008604892, 0.00263467640616, 0.00128346867859, 0.00138631858863, 0.0013628678862, 0.00100478401873, 0.000396034825826, 0.00116132735275, 2.96603739116e-05],
        "mean": [0.000128634041175, 0.00650241039693, 0.0035501155071, 0.00279543083161, 0.00504643376917, 0.00233134045266, 0.00116108229849, 0.0012476380216, 0.000742932374123, 0.000659241108224, 0.000549339514691, 0.000347532593878, 0.000506556476466, 0.000256906059803, 0.000249032455031, 0.000189545738976, 0.000242843118031, 0.000195584259927, 0.000197499408387, 0.000123798425193, 5.56574123038e-05, 4.66336714453e-05, 5.11104990437e-05, 4.4999855163e-05, 2.78647676168e-05, 1.60393028636e-05, 4.42015931412e-07],
        "median": [2.750512067e-05, 0.00276987603866, 0.00147540285252, 0.00104474683758, 0.0019930251874, 0.000719998613931, 0.000398441159632, 0.000274060643278, 0.000147130485857, 0.000170666564372, 0.000148862658534, 9.55268988037e-05, 0.0001028821207, 8.92839743756e-05, 8.87693531695e-05, 6.89115331625e-05, 9.35615898925e-05, 7.98407927505e-05, 8.30127537483e-05, 4.69934675493e-05, 1.78605714609e-05, 1.32783879963e-05, 1.47002983795e-05, 1.21614539239e-05, 7.93370691099e-06, 3.33234629579e-06, 3.57081759716e-08],
        "min": [1.35374359046e-24, 3.23118235361e-24, 2.35168961342e-24, 1.24939711283e-24, 1.02397711149e-23, 1.26959053205e-23, 1.44762981193e-23, 1.14988830498e-23, 2.48001160528e-23, 2.39410922809e-23, 3.22825327363e-23, 2.07571928694e-23, 2.80798226211e-23, 5.97371862455e-23, 5.58510933433e-23, 5.47126660828e-23, 6.13045518899e-23, 1.42923976029e-22, 1.42708181551e-22, 1.73157758108e-22, 2.5891422127e-22, 3.10958997636e-22, 4.5554786145e-22, 5.50526310542e-22, 9.20681405263e-22, 1.38953741329e-21, 1.95607212236e-21],
        "var": [5.83710288993e-08, 9.10575108719e-05, 3.31042174366e-05, 2.52322261076e-05, 6.21796061751e-05, 1.75796030817e-05, 3.6985134102e-06, 5.72320050196e-06, 2.75059460364e-06, 4.01120405513e-06, 1.54561621457e-06, 9.90091621134e-07, 2.29389843298e-06, 2.41049065153e-07, 2.04518144642e-07, 1.0939560724e-07, 1.78154877517e-07, 1.14962936948e-07, 8.98599452626e-08, 3.68053392208e-08, 8.74664518591e-09, 7.60710250347e-09, 7.32423277583e-09, 5.70804692401e-09, 1.76619752157e-09, 1.51245949098e-09, 1.90852000002e-12]
    },
    "erbbands": {
        "dmean": [0.101854130626, 1.07752919197, 2.78252625465, 5.36184024811, 10.7616567612, 15.9855632782, 15.713891983, 13.8951654434, 12.8393392563, 14.9698028564, 11.1626968384, 13.3841333389, 11.6127176285, 10.6575336456, 16.6331539154, 12.0489110947, 18.1930809021, 11.5258188248, 9.44150733948, 10.3027667999, 7.24014902115, 8.65559196472, 8.43562507629, 7.49211502075, 5.65313816071, 4.43256187439, 2.294257164, 1.57125914097, 1.49719393253, 1.13524281979, 1.20675265789, 0.949594497681, 0.530831634998, 0.354543149471, 0.146286144853, 0.056660681963, 0.0232217963785, 0.0070202187635, 0.000138377668918, 1.6479558326e-05],
        "dmean2": [0.150359943509, 1.69536852837, 4.47514009476, 8.57785511017, 17.3859443665, 25.7967700958, 25.9170360565, 22.2251644135, 19.9522895813, 23.421749115, 16.8157939911, 21.1339054108, 18.111831665, 16.1686496735, 25.9791107178, 18.8437843323, 28.8216819763, 18.7197856903, 15.1408720016, 17.047170639, 11.7684059143, 14.1878194809, 13.7568273544, 11.7874689102, 8.84383583069, 7.04228115082, 3.58636212349, 2.48219871521, 2.39578938484, 1.7658149004, 1.83839297295, 1.46264517307, 0.800274670124, 0.536126077175, 0.222275048494, 0.0848154053092, 0.0344242043793, 0.0107171759009, 0.000206136130146, 2.36917985603e-05],
        "dvar": [0.0254921838641, 4.11802196503, 31.1691684723, 106.292068481, 446.31149292, 980.951049805, 1412.42834473, 794.034606934, 546.400817871, 793.741943359, 445.131225586, 1022.01879883, 740.421142578, 1365.10021973, 1839.51098633, 1601.01306152, 2937.94726562, 623.426391602, 482.117095947, 405.995574951, 206.270355225, 377.497802734, 333.983276367, 181.842453003, 96.921005249, 76.5393371582, 17.1162433624, 9.79995155334, 10.6470556259, 4.8589720726, 5.16487979889, 3.80760765076, 0.867232084274, 0.262710303068, 0.049711227417, 0.0479832924902, 0.00207681581378, 0.000272978330031, 1.03031702281e-07, 5.22915155621e-10],
        "dvar2": [0.0617057494819, 10.6612854004, 76.6084976196, 269.745819092, 1173.31091309, 2449.23779297, 3594.94116211, 2003.78381348, 1256.73742676, 1896.46191406, 960.039550781, 2538.51708984, 1650.72570801, 2346.74829102, 4179.58691406, 3455.75146484, 6102.96044922, 1605.07849121, 1208.04003906, 1027.81298828, 521.97845459, 997.55255127, 869.225708008, 422.351348877, 213.697631836, 196.823303223, 41.446346283, 24.1184101105, 28.3082256317, 12.439406395, 12.8778839111, 10.0398664474, 2.0591750145, 0.603466868401, 0.113891907036, 0.114971712232, 0.00444773491472, 0.000653547991533, 2.37802325387e-07, 1.08171283042e-09],
        "max": [2.83014988899, 23.3011226654, 87.6029815674, 151.94821167, 253.679458618, 331.986968994, 467.996734619, 354.91229248, 406.149688721, 526.063537598, 589.184143066, 619.514404297, 962.685180664, 2062.03271484, 1475.23571777, 2077.90185547, 1398.85827637, 539.728515625, 484.303405762, 401.579071045, 344.020782471, 487.286346436, 267.429107666, 170.669281006, 207.934555054, 162.844833374, 79.1287002563, 37.7164001465, 51.4973335266, 27.5644283295, 38.1728630066, 25.8074893951, 12.6729154587, 5.39930963516, 3.71715807915, 8.73912715912, 0.543441474438, 0.122255034745, 0.00454259989783, 0.000214122541365],
        "mean": [0.156699463725, 1.55293238163, 3.89793801308, 7.7249712944, 13.820353508, 16.8093891144, 16.851978302, 18.1452026367, 19.8209323883, 23.6601848602, 20.2192440033, 20.0775871277, 17.463098526, 17.8879699707, 25.6108093262, 18.0737495422, 25.1792449951, 15.150762558, 11.9977626801, 13.2854976654, 10.1633625031, 11.8846702576, 11.9140691757, 11.1465625763, 8.04107189178, 6.03362131119, 3.17787456512, 1.93106472492, 1.66284537315, 1.45374882221, 1.50310254097, 1.10480368137, 0.633724689484, 0.384691983461, 0.163023531437, 0.0636297985911, 0.0246876329184, 0.00659976527095, 0.000145544690895, 3.50930931745e-05],
        "median": [0.067280612886, 0.597170650959, 1.66971027851, 3.40622758865, 5.69326210022, 5.58375453949, 4.6263551712, 6.16249608994, 6.71867036819, 7.46334552765, 6.51458501816, 4.58117389679, 5.55428600311, 5.06570148468, 8.05937862396, 5.76567220688, 5.70689582825, 5.92614603043, 4.46595668793, 5.33007764816, 4.29885959625, 4.66273355484, 4.81348609924, 4.68404197693, 3.34635424614, 2.3397705555, 1.05038237572, 0.624190449715, 0.46444478631, 0.470188558102, 0.420152693987, 0.30374610424, 0.16640882194, 0.105104267597, 0.0457415692508, 0.0157015621662, 0.00462395977229, 0.000819014909212, 3.14671451633e-05, 2.62350458797e-05],
        "min": [1.27520665372e-22, 4.33406845625e-22, 4.4522079625e-21, 4.91016107978e-21, 1.38107302918e-20, 2.21467592371e-20, 3.38425373366e-20, 1.23018585042e-19, 6.76575903049e-20, 2.27454324979e-19, 4.10512625711e-19, 6.40610232187e-19, 6.76901127201e-19, 1.30462078352e-18, 1.25518195606e-18, 1.15742595807e-18, 1.57392731971e-18, 3.14129468358e-18, 2.46907146954e-18, 3.48784965263e-18, 3.55106072709e-18, 4.34185573245e-18, 5.41356334178e-18, 7.08538428167e-18, 5.74852889006e-18, 9.00164329642e-18, 1.0868443528e-17, 9.97445401889e-18, 1.29658170466e-17, 8.42611336008e-18, 1.22698239704e-17, 1.07373974394e-17, 9.75212441385e-18, 8.68004705479e-18, 6.27582468411e-18, 4.21089649787e-18, 2.34724327495e-18, 1.04659709427e-18, 2.76200750561e-19, 2.53066699564e-20],
        "var": [0.0484867468476, 5.86138534546, 38.838684082, 151.674499512, 534.240661621, 927.055358887, 1320.46838379, 978.464782715, 1098.37536621, 1807.12792969, 1510.31628418, 1867.35241699, 1526.49572754, 4276.3671875, 3280.81030273, 2466.26660156, 5437.29296875, 725.796325684, 526.136657715, 470.296875, 263.462005615, 430.892547607, 417.316162109, 278.653900146, 153.985977173, 90.1176986694, 26.0083122253, 11.5638475418, 9.81226158142, 5.98151445389, 6.19705200195, 3.85197329521, 1.11308479309, 0.334820389748, 0.0696859881282, 0.0514105968177, 0.00259008444846, 0.000274593185168, 1.14234723014e-07, 1.14549936203e-09]
    },
    "gfcc": {
        "mean": [-46.5712890625, 99.6591796875, -111.105941772, 31.7682743073, -52.1096687317, 14.0182209015, -39.6293334961, 12.9114942551, -25.6308746338, 0.808453500271, -9.81269264221, -1.12909066677, -12.7035713196],
        "cov": [[21287.8144531, 2234.09204102, 124.562545776, 608.348144531, -659.43145752, -213.128372192, -661.335693359, -187.639389038, -418.893249512, -105.680770874, -231.537445068, 152.792633057, -265.556304932], [2234.09204102, 1569.36437988, 541.381164551, 257.639526367, 304.470031738, -15.1081485748, 58.9405479431, -90.1707992554, 4.80912590027, -122.766815186, 44.6946907043, -13.5047750473, 54.2915077209], [124.562545776, 541.381164551, 1680.8034668, 766.729431152, 493.067138672, 171.776275635, 51.1415367126, -86.1480255127, -142.56072998, -76.4767684937, -105.368179321, 84.1888427734, 3.46736621857], [608.348144531, 257.639526367, 766.729431152, 742.527954102, 271.692504883, 170.340698242, 21.8885345459, -48.3898391724, -127.607978821, -61.5242424011, -70.369758606, 41.433555603, 18.8703575134], [-659.43145752, 304.470031738, 493.067138672, 271.692504883, 424.434753418, 139.485168457, 134.080551147, -18.0902442932, -25.2349910736, -48.7303161621, -19.2132987976, 23.1128902435, 10.3995456696], [-213.128372192, -15.1081485748, 171.776275635, 170.340698242, 139.485168457, 208.571090698, 89.43409729, 39.7367553711, -26.2598819733, -4.43441820145, -14.8697223663, 1.45413184166, 5.9379696846], [-661.335693359, 58.9405479431, 51.1415367126, 21.8885345459, 134.080551147, 89.43409729, 174.646514893, 48.8947067261, 38.0816040039, -14.0811824799, 9.90199756622, -4.85961914062, 9.89446163177], [-187.639389038, -90.1707992554, -86.1480255127, -48.3898391724, -18.0902442932, 39.7367553711, 48.8947067261, 120.691299438, 49.1875457764, 16.7090969086, -0.960217177868, -12.90782547, -4.80666399002], [-418.893249512, 4.80912590027, -142.56072998, -127.607978821, -25.2349910736, -26.2598819733, 38.0816040039, 49.1875457764, 134.527694702, 47.3544807434, 37.0227775574, -30.0022525787, -7.38842344284], [-105.680770874, -122.766815186, -76.4767684937, -61.5242424011, -48.7303161621, -4.43441820145, -14.0811824799, 16.7090969086, 47.3544807434, 99.3310317993, 38.4804115295, 2.30355405807, -15.2970142365], [-231.537445068, 44.6946907043, -105.368179321, -70.369758606, -19.2132987976, -14.8697223663, 9.90199756622, -0.960217177868, 37.0227775574, 38.4804115295, 98.9492950439, 21.5503177643, 14.5835056305], [152.792633057, -13.5047750473, 84.1888427734, 41.433555603, 23.1128902435, 1.45413184166, -4.85961914062, -12.90782547, -30.0022525787, 2.30355405807, 21.5503177643, 90.0877990723, 23.4856491089], [-265.556304932, 54.2915077209, 3.46736621857, 18.8703575134, 10.3995456696, 5.9379696846, 9.89446163177, -4.80666399002, -7.38842344284, -15.2970142365, 14.5835056305, 23.4856491089, 90.7116851807]],
        "icov": [[0.000130165557493, -0.000380070123356, 0.000143702956848, -0.000142231525388, 0.000409625907196, -0.000187348370673, 0.000234268227359, -0.000118238211144, 0.000283274508547, -0.000336023484124, 0.000634450581856, -0.000658511940856, 0.000601010455284], [-0.000380070123356, 0.00215746765025, -0.000695510301739, 0.000278463005088, -0.00169922807254, 0.00102313491516, -0.000516590313055, 0.000681599369273, -0.00143379427027, 0.00247339555062, -0.00324076716788, 0.00276349228807, -0.00210910453461], [0.000143702956848, -0.000695510301739, 0.00171121081803, -0.00120578007773, -0.000588740047533, 1.01764799183e-05, 0.000474151631352, 1.51317399286e-05, 0.000398314325139, -0.00111638533417, 0.00197932915762, -0.00179445918184, 0.00102885451633], [-0.000142231525388, 0.000278463005088, -0.00120578007773, 0.00339239439927, -0.000759159680456, -0.00158977764659, 0.000576548511162, 0.000321254308801, 0.000745378260035, 0.000501382222865, -0.0002408248547, 0.00072736752918, -0.00110176298767], [0.000409625907196, -0.00169922807254, -0.000588740047533, -0.000759159680456, 0.00730822514743, -0.00248955911957, -0.00272642122582, 0.00147251237649, 2.66832175839e-05, -0.000173952255864, 0.00223387754522, -0.00298987957649, 0.00248492928222], [-0.000187348370673, 0.00102313491516, 1.01764799183e-05, -0.00158977764659, -0.00248955911957, 0.0102270944044, -0.00395226618275, -0.00315011036582, 0.00338323507458, -0.00205112621188, -0.00148252979852, 0.00293796206824, -0.0015429914929], [0.000234268227359, -0.000516590313055, 0.000474151631352, 0.000576548511162, -0.00272642122582, -0.00395226618275, 0.0123295038939, -0.00280776782893, -0.00307096424513, 0.00278185214847, -0.000420685566496, -0.00129528960679, 0.000556560582481], [-0.000118238211144, 0.000681599369273, 1.51317399286e-05, 0.000321254308801, 0.00147251237649, -0.00315011036582, -0.00280776782893, 0.013148332946, -0.00530756218359, 0.000734973757062, 0.00174372026231, -0.000601372099482, -0.000214122279431], [0.000283274508547, -0.00143379427027, 0.000398314325139, 0.000745378260035, 2.66832175839e-05, 0.00338323507458, -0.00307096424513, -0.00530756218359, 0.016777575016, -0.00760487280786, -0.00114753819071, 0.00347177125514, 0.000716056267265], [-0.000336023484124, 0.00247339555062, -0.00111638533417, 0.000501382222865, -0.000173952255864, -0.00205112621188, 0.00278185214847, 0.000734973757062, -0.00760487280786, 0.0193347558379, -0.00835765432566, 0.000758245296311, 0.00115244847257], [0.000634450581856, -0.00324076716788, 0.00197932915762, -0.0002408248547, 0.00223387754522, -0.00148252979852, -0.000420685566496, 0.00174372026231, -0.00114753819071, -0.00835765432566, 0.0207317639142, -0.00908066984266, 0.0012658094056], [-0.000658511940856, 0.00276349228807, -0.00179445918184, 0.00072736752918, -0.00298987957649, 0.00293796206824, -0.00129528960679, -0.000601372099482, 0.00347177125514, 0.000758245296311, -0.00908066984266, 0.019567143172, -0.00660009309649], [0.000601010455284, -0.00210910453461, 0.00102885451633, -0.00110176298767, 0.00248492928222, -0.0015429914929, 0.000556560582481, -0.000214122279431, 0.000716056267265, 0.00115244847257, 0.0012658094056, -0.00660009309649, 0.0157375857234]]
    },
    "melbands": {
        "dmean": [0.00106521241833, 0.00140270486008, 0.00101981312037, 0.000953766750172, 0.00056691840291, 0.000322961830534, 0.00018525638734, 0.000169057093444, 8.85657718754e-05, 8.27915791888e-05, 5.79949955863e-05, 4.35139809269e-05, 5.42181478522e-05, 3.40862097801e-05, 3.66158346878e-05, 3.27809757437e-05, 2.24319355766e-05, 1.49068218889e-05, 1.40472011481e-05, 1.31651813717e-05, 8.57835675561e-06, 9.19771810004e-06, 9.34482250159e-06, 7.39858978704e-06, 6.30976774119e-06, 5.05918205818e-06, 3.39190114573e-06, 2.99146449834e-06, 1.77107312993e-06, 8.45387091886e-07, 9.77642571343e-07, 9.51223000811e-07, 6.9855542506e-07, 6.30269084922e-07, 7.84613575888e-07, 5.9620998627e-07, 5.88698412685e-07, 3.7306745071e-07, 3.24658856243e-07, 3.11305882406e-07],
        "dmean2": [0.00163079926278, 0.00221334258094, 0.00163851806428, 0.00153360178228, 0.000915341894142, 0.000514612649567, 0.000288008042844, 0.000261890643742, 0.00013281412248, 0.000133382418426, 9.04110420379e-05, 6.58184362692e-05, 8.57534978422e-05, 5.26806070411e-05, 5.77845676162e-05, 5.23930248164e-05, 3.67669563275e-05, 2.40843128267e-05, 2.29472716455e-05, 2.19806970563e-05, 1.39950388984e-05, 1.51845233631e-05, 1.54044118972e-05, 1.19421729323e-05, 1.00528168332e-05, 8.1026355474e-06, 5.32239346285e-06, 4.8656056606e-06, 2.80248900708e-06, 1.33694436499e-06, 1.57812519319e-06, 1.56029739173e-06, 1.11082249532e-06, 9.90768853626e-07, 1.22332573937e-06, 9.18444811759e-07, 9.25812571495e-07, 5.65071161418e-07, 4.95907386266e-07, 4.78558035866e-07],
        "dvar": [3.1435922665e-06, 7.21352353139e-06, 3.77089963877e-06, 3.0684389003e-06, 1.44565251503e-06, 4.26707998713e-07, 1.09325569042e-07, 1.06556456103e-07, 2.64576769382e-08, 4.28016306842e-08, 1.85814243991e-08, 2.65772150954e-08, 1.83976585078e-08, 8.92354101723e-09, 1.06532898059e-08, 8.69271854498e-09, 2.66389466042e-09, 1.20154541872e-09, 8.25316592845e-10, 7.09134306831e-10, 3.45207501473e-10, 4.82729411999e-10, 4.04630079442e-10, 2.8824534426e-10, 1.29059846143e-10, 8.84572970428e-11, 3.5146659888e-11, 3.86580489842e-11, 1.09012208982e-11, 3.12385967788e-12, 3.98914148242e-12, 5.46133364226e-12, 3.08928468744e-12, 1.51229864135e-12, 2.50313680374e-12, 2.01692807421e-12, 1.62107447691e-12, 4.71218550291e-13, 2.99231586775e-13, 2.18473337837e-13],
        "dvar2": [8.10146502772e-06, 1.75868335646e-05, 9.85780206975e-06, 7.67332858231e-06, 3.54243411493e-06, 1.07149446649e-06, 2.49785585993e-07, 2.49296419952e-07, 5.67147004915e-08, 1.10641579454e-07, 4.13372411856e-08, 4.4835314128e-08, 4.3074933842e-08, 1.93526936698e-08, 2.1661728411e-08, 1.8312380945e-08, 6.99413460481e-09, 3.04932168405e-09, 2.01281347145e-09, 1.85965998156e-09, 8.81216044579e-10, 1.28062882521e-09, 1.06269137934e-09, 7.31164850887e-10, 3.01146302339e-10, 2.13121548187e-10, 8.21545331764e-11, 1.02165158278e-10, 2.73344714918e-11, 7.73443982471e-12, 1.01212007525e-11, 1.50093236451e-11, 8.26153121608e-12, 3.96028565844e-12, 6.47246232305e-12, 5.42947284354e-12, 4.35785262043e-12, 1.12887975877e-12, 7.20796252546e-13, 5.14997061923e-13],
        "max": [0.0255187749863, 0.0375401675701, 0.0277293846011, 0.0195331797004, 0.0137748317793, 0.00884672813118, 0.00607311632484, 0.0063234642148, 0.00444962875918, 0.00341660552658, 0.00480097206309, 0.00922208838165, 0.00411623623222, 0.00449567241594, 0.00261369277723, 0.0034444949124, 0.00109180028085, 0.000727798265871, 0.000428068102337, 0.000478299305541, 0.000449731945992, 0.000559574051294, 0.000371948146494, 0.000336446973961, 0.000145309575601, 0.000178282993147, 6.95989219821e-05, 0.000108579806692, 6.09294947935e-05, 3.0700393836e-05, 2.68036783382e-05, 4.53674947494e-05, 4.01942561439e-05, 1.7840637156e-05, 2.7942511224e-05, 2.87593466055e-05, 1.97699646378e-05, 1.13586438601e-05, 8.4096845967e-06, 5.39733810001e-06],
        "mean": [0.00162641843781, 0.002135343384, 0.0015066472115, 0.00113220699131, 0.000628015142865, 0.000426622660598, 0.000285099638859, 0.0002692140406, 0.000160339695867, 0.000114779999421, 8.47751289257e-05, 7.05635902705e-05, 8.01863716333e-05, 5.1310089475e-05, 5.26795702172e-05, 4.21028635174e-05, 2.80151052721e-05, 1.84165000974e-05, 1.72037362063e-05, 1.67849811987e-05, 1.14969234346e-05, 1.21212287922e-05, 1.26365184769e-05, 9.8440077636e-06, 9.06450804905e-06, 6.62426327835e-06, 4.58073418486e-06, 3.8875282371e-06, 2.38039729084e-06, 1.0392607237e-06, 1.14027818654e-06, 9.88788087852e-07, 8.03619968792e-07, 8.22638867248e-07, 9.4438337328e-07, 7.1203163543e-07, 6.51112657124e-07, 4.50766520999e-07, 3.53947513076e-07, 3.24643991689e-07],
        "median": [0.000731210631784, 0.000949239474721, 0.000722931756172, 0.000434382731328, 0.000187123936485, 0.000141558863106, 9.530333773e-05, 7.84716612543e-05, 4.96942338941e-05, 2.41337929765e-05, 2.31439953495e-05, 1.53255787154e-05, 2.22514827328e-05, 1.573780537e-05, 1.35805639729e-05, 9.6281464721e-06, 9.17707620829e-06, 6.58284943711e-06, 6.32940191281e-06, 6.19438151261e-06, 4.52446602139e-06, 4.64924823973e-06, 4.51820642411e-06, 3.84981149182e-06, 3.52091933564e-06, 2.59085732068e-06, 1.81299333235e-06, 1.44478985931e-06, 7.46913542571e-07, 3.13324676426e-07, 3.62445291557e-07, 2.54944893641e-07, 2.41944263735e-07, 2.66280238748e-07, 2.55593505472e-07, 1.89388131844e-07, 1.75435744154e-07, 1.17351532936e-07, 8.99096264106e-08, 8.80210677678e-08],
        "min": [1.91599601622e-24, 2.22025020104e-24, 1.30177629364e-24, 1.46756113212e-24, 1.28656478742e-24, 2.98180646096e-24, 1.31894121669e-24, 2.44186371185e-24, 3.46771499908e-24, 3.56450704886e-24, 2.71579053359e-24, 3.99739880933e-24, 4.4075812365e-24, 2.80344244649e-24, 2.84424252972e-24, 2.47581687685e-24, 5.41676152622e-24, 3.81466075836e-24, 4.2375659342e-24, 3.97359059278e-24, 3.82883422224e-24, 3.50645950801e-24, 4.16927582336e-24, 6.96882248027e-24, 5.06183998875e-24, 4.79343558778e-24, 3.23161031065e-24, 4.46145570316e-24, 5.63018942184e-24, 6.34101738961e-24, 5.01756477602e-24, 6.08635415675e-24, 5.24326261416e-24, 4.39124984361e-24, 6.02479579044e-24, 5.94816820869e-24, 6.26291739898e-24, 5.90548531169e-24, 7.13542674801e-24, 6.73332698968e-24],
        "var": [5.27848851561e-06, 1.00531888165e-05, 4.93447259942e-06, 3.37076266987e-06, 1.48506853748e-06, 5.29915610059e-07, 2.26814165671e-07, 2.5590955488e-07, 8.96425405017e-08, 6.41973656457e-08, 3.8717256956e-08, 8.46480006089e-08, 3.22084900972e-08, 1.52131267583e-08, 2.03631493889e-08, 1.46459786521e-08, 2.98436919621e-09, 1.27809041128e-09, 9.1430824023e-10, 8.36746283372e-10, 4.12672479522e-10, 5.12976994216e-10, 5.02015540249e-10, 3.36250693955e-10, 1.96453561752e-10, 1.18218670964e-10, 5.00995217534e-11, 4.17417177212e-11, 1.61935517079e-11, 3.61480875614e-12, 4.26165136166e-12, 4.33781656428e-12, 2.70642839736e-12, 2.04280169169e-12, 2.67764369705e-12, 1.89005235074e-12, 1.46650194158e-12, 6.18732766845e-13, 3.38128478125e-13, 2.56727094011e-13]
    },
    "mfcc": {
        "mean": [-684.37902832, 127.839767456, 1.82904529572, 22.1638031006, 10.8930358887, 0.180867001414, 3.40601205826, 4.88625717163, -5.97800064087, 3.03323149681, -0.374483078718, 1.04090499878, 1.82626640797],
        "cov": [[11139.3779297, 1395.8614502, 463.545471191, 599.579101562, 146.804214478, 44.6739234924, -94.5618286133, -51.4775009155, -320.668365479, -161.001678467, -277.552185059, -180.514312744, -83.6745834351], [1395.8614502, 1517.27893066, 323.317962646, 318.103485107, 277.267822266, 119.256309509, 93.1884231567, 84.6141967773, 0.181679904461, -45.5362472534, -41.8599739075, 1.03915429115, 28.214176178], [463.545471191, 323.317962646, 1091.65014648, 623.707519531, 417.941772461, 285.94631958, 172.30229187, 81.9449462891, 19.2863063812, -69.4847946167, -111.629348755, -52.2350006104, -18.7397556305], [599.579101562, 318.103485107, 623.707519531, 597.859375, 331.200653076, 242.564971924, 139.377365112, 88.6658706665, 6.28348255157, -54.2020454407, -95.105506897, -41.2472877502, -7.73788976669], [146.804214478, 277.267822266, 417.941772461, 331.200653076, 316.533447266, 193.985839844, 124.254646301, 76.7439804077, 27.8632450104, -24.7944335938, -46.0153312683, -10.229722023, -1.32286846638], [44.6739234924, 119.256309509, 285.94631958, 242.564971924, 193.985839844, 244.285598755, 138.168502808, 68.8501434326, 27.0421829224, -4.35326433182, -32.3381881714, -3.69407534599, 5.67052745819], [-94.5618286133, 93.1884231567, 172.30229187, 139.377365112, 124.254646301, 138.168502808, 169.460998535, 90.6992034912, 38.0225257874, -0.0976558551192, -17.4918670654, 2.38956999779, 9.82290172577], [-51.4775009155, 84.6141967773, 81.9449462891, 88.6658706665, 76.7439804077, 68.8501434326, 90.6992034912, 134.469482422, 54.9255561829, 6.41280460358, -5.2559504509, 3.32584142685, 3.31296396255], [-320.668365479, 0.181679904461, 19.2863063812, 6.28348255157, 27.8632450104, 27.0421829224, 38.0225257874, 54.9255561829, 102.686553955, 47.1192474365, 19.9278182983, -0.152988433838, -3.92579889297], [-161.001678467, -45.5362472534, -69.4847946167, -54.2020454407, -24.7944335938, -4.35326433182, -0.0976558551192, 6.41280460358, 47.1192474365, 103.271278381, 47.856212616, 14.4200372696, -1.7737840414], [-277.552185059, -41.8599739075, -111.629348755, -95.105506897, -46.0153312683, -32.3381881714, -17.4918670654, -5.2559504509, 19.9278182983, 47.856212616, 107.677482605, 56.0705184937, 12.0488157272], [-180.514312744, 1.03915429115, -52.2350006104, -41.2472877502, -10.229722023, -3.69407534599, 2.38956999779, 3.32584142685, -0.152988433838, 14.4200372696, 56.0705184937, 100.975967407, 42.3658485413], [-83.6745834351, 28.214176178, -18.7397556305, -7.73788976669, -1.32286846638, 5.67052745819, 9.82290172577, 3.31296396255, -3.92579889297, -1.7737840414, 12.0488157272, 42.3658485413, 76.7788772583]],
