{
"lowlevel": {
    "average_loudness": 0.933582186699,
    "barkbands_crest": {
        "dmean": 3.59298634529,
        "dmean2": 5.608938694,
        "dvar": 11.7688140869,
        "dvar2": 27.2321796417,
        "max": 26.5576839447,
        "mean": 13.6827325821,
        "median": 13.2950305939,
        "min": 2.00241470337,
        "var": 36.2846565247
    },
    "barkbands_flatness_db": {
        "dmean": 0.0489316880703,
        "dmean2": 0.0698881596327,
        "dvar": 0.00241735135205,
        "dvar2": 0.00523019395769,
        "max": 0.618757545948,
        "mean": 0.156164750457,
        "median": 0.14087189734,
        "min": 0.0113045740873,
        "var": 0.00867021176964
    },
    "barkbands_kurtosis": {
        "dmean": 26.3644504547,
        "dmean2": 40.7505912781,
        "dvar": 4001.75146484,
        "dvar2": 10068.7998047,
        "max": 1436.33154297,
        "mean": 33.2842750549,
        "median": 9.75526332855,
        "min": -1.92039573193,
        "var": 4828.94677734
    },
    "barkbands_skewness": {
        "dmean": 1.73280215263,
        "dmean2": 2.48674917221,
        "dvar": 4.36161422729,
        "dvar2": 10.0233306885,
        "max": 34.2766571045,
        "mean": 3.94176268578,
        "median": 3.04621481895,
        "min": -2.25359296799,
        "var": 11.7746763229
    },
    "barkbands_spread": {
        "dmean": 12.878909111,
        "dmean2": 19.5592155457,
        "dvar": 215.183441162,
        "dvar2": 464.676116943,
        "max": 126.605888367,
        "mean": 26.3211078644,
        "median": 18.5839748383,
        "min": 0.135547578335,
        "var": 537.687805176
    },
    "dissonance": {
        "dmean": 0.0121221290901,
        "dmean2": 0.0201664417982,
        "dvar": 0.000171528372448,
        "dvar2": 0.000448776991107,
        "max": 0.500000119209,
        "mean": 0.477942824364,
        "median": 0.483258664608,
        "min": 0.246204942465,
        "var": 0.000458207068732
    },
    "dynamic_complexity": 3.07181859016,
    "erbbands_crest": {
        "dmean": 2.61995983124,
        "dmean2": 4.1308465004,
        "dvar": 7.34472465515,
        "dvar2": 16.1616153717,
        "max": 31.7823314667,
        "mean": 7.54113578796,
        "median": 6.03589677811,
        "min": 2.0439209938,
        "var": 20.1305122375
    },
    "erbbands_flatness_db": {
        "dmean": 0.0189904086292,
        "dmean2": 0.0282492730767,
        "dvar": 0.000428794475738,
        "dvar2": 0.000902172876522,
        "max": 0.411356449127,
        "mean": 0.0965587049723,
        "median": 0.0856303870678,
        "min": 0.0283475331962,
        "var": 0.00201995787211
    },
    "erbbands_kurtosis": {
        "dmean": 1.13783371449,
        "dmean2": 1.82383489609,
        "dvar": 7.63664722443,
        "dvar2": 18.84075737,
        "max": 89.106590271,
        "mean": 0.164604797959,
        "median": -0.518208026886,
        "min": -1.85883402824,
        "var": 9.5287361145
    },
    "erbbands_skewness": {
        "dmean": 0.485058367252,
        "dmean2": 0.719288110733,
        "dvar": 0.265853792429,
        "dvar2": 0.594771206379,
        "max": 7.581179142,
        "mean": 0.179295197129,
        "median": 0.0788923501968,
        "min": -5.22778987885,
        "var": 0.814134836197
    },
    "erbbands_spread": {
        "dmean": 14.8024349213,
        "dmean2": 23.2359809875,
        "dvar": 200.382247925,
        "dvar2": 483.331420898,
        "max": 206.039382935,
        "mean": 64.5662078857,
        "median": 64.8308486938,
        "min": 1.32260382175,
        "var": 648.849853516
    },
    "hfc": {
        "dmean": 17.2229824066,
        "dmean2": 26.5373439789,
        "dvar": 565.119384766,
        "dvar2": 1417.7512207,
        "max": 244.478515625,
        "mean": 30.788526535,
        "median": 22.6719532013,
        "min": 1.10058974539e-16,
        "var": 737.780273438
    },
    "melbands_crest": {
        "dmean": 5.05931186676,
        "dmean2": 7.85595655441,
        "dvar": 22.5315093994,
        "dvar2": 52.1129302979,
        "max": 39.5569000244,
        "mean": 20.9443569183,
        "median": 20.5552463531,
        "min": 1.70804095268,
        "var": 58.8560447693
    },
    "melbands_flatness_db": {
        "dmean": 0.0578871555626,
        "dmean2": 0.0824780836701,
        "dvar": 0.00338147417642,
        "dvar2": 0.00732379825786,
        "max": 0.758727192879,
        "mean": 0.249982818961,
        "median": 0.243357077241,
        "min": 0.00325423572212,
        "var": 0.0125415949151
    },
    "melbands_kurtosis": {
        "dmean": 56.5449333191,
        "dmean2": 87.297958374,
        "dvar": 17138.0839844,
        "dvar2": 44635.4648438,
        "max": 4865.62158203,
        "mean": 93.1139831543,
        "median": 40.0014038086,
        "min": -1.89963197708,
        "var": 22279.3261719
    },
    "melbands_skewness": {
        "dmean": 2.25285077095,
        "dmean2": 3.39047765732,
        "dvar": 7.72097730637,
        "dvar2": 18.3277702332,
        "max": 60.5385894775,
        "mean": 6.4998831749,
        "median": 5.51075792313,
        "min": -0.907642781734,
        "var": 19.8743610382
    },
    "melbands_spread": {
        "dmean": 10.4025144577,
        "dmean2": 16.5072994232,
        "dvar": 222.232147217,
        "dvar2": 512.30456543,
        "max": 161.252716064,
        "mean": 18.3603019714,
        "median": 8.67054462433,
        "min": 0.110366478562,
        "var": 514.786437988
    },
    "pitch_salience": {
        "dmean": 0.121346049011,
        "dmean2": 0.188092455268,
        "dvar": 0.0135728782043,
        "dvar2": 0.029828151688,
        "max": 0.897831201553,
        "mean": 0.433302909136,
        "median": 0.462743282318,
        "min": 0.0215537901968,
        "var": 0.0394625961781
    },
    "silence_rate_20dB": {
        "dmean": 0,
        "dmean2": 0,
        "dvar": 0,
        "dvar2": 0,
        "max": 1,
        "mean": 1,
        "median": 1,
        "min": 1,
        "var": 0
    },
    "silence_rate_30dB": {
        "dmean": 0.111726216972,
        "dmean2": 0.223471179605,
        "dvar": 0.0992427021265,
        "dvar2": 0.203417211771,
        "max": 1,
        "mean": 0.771785616875,
        "median": 1,
        "min": 0,
        "var": 0.176140710711
    },
    "silence_rate_60dB": {
        "dmean": 0.017111223191,
        "dmean2": 0.0342253148556,
        "dvar": 0.0168157760054,
        "dvar2": 0.0429424792528,
        "max": 1,
        "mean": 0.0471357889473,
        "median": 0,
        "min": 0,
        "var": 0.0449195243418
    },
    "spectral_centroid": {
        "dmean": 447.347808838,
        "dmean2": 668.015319824,
        "dvar": 218459.609375,
        "dvar2": 468907.21875,
        "max": 11252.0791016,
        "mean": 1500.36218262,
        "median": 1404.91381836,
        "min": 90.0560913086,
        "var": 787745.375
    },
    "spectral_complexity": {
        "dmean": 7.13353443146,
        "dmean2": 10.648771286,
        "dvar": 62.0841789246,
        "dvar2": 132.93170166,
        "max": 61,
        "mean": 18.8762893677,
        "median": 15,
        "min": 0,
        "var": 176.9765625
    },
    "spectral_decrease": {
        "dmean": 7.19087678291e-09,
        "dmean2": 1.06946336231e-08,
        "dvar": 5.9699246082e-17,
        "dvar2": 1.39179596688e-16,
        "max": 2.85302507322e-29,
        "mean": -1.75176264605e-08,
        "median": -1.44992462481e-08,
        "min": -7.76002835323e-08,
        "var": 2.10881491539e-16
    },
    "spectral_energy": {
        "dmean": 0.0274554397911,
        "dmean2": 0.0409540198743,
        "dvar": 0.000849979696795,
        "dvar2": 0.00200578058138,
        "max": 0.295378565788,
        "mean": 0.068908251822,
        "median": 0.058499339968,
        "min": 1.01744685528e-20,
        "var": 0.00300684594549
    },
    "spectral_energyband_high": {
        "dmean": 0.00132957624737,
        "dmean2": 0.00204826681875,
        "dvar": 4.21083223046e-06,
        "dvar2": 1.04243381429e-05,
        "max": 0.0532978512347,
        "mean": 0.00204050960019,
        "median": 0.0011187485652,
        "min": 7.31229438643e-21,
        "var": 5.91794378124e-06
    },
    "spectral_energyband_low": {
        "dmean": 0.0258695092052,
        "dmean2": 0.0383590869606,
        "dvar": 0.000963936850894,
        "dvar2": 0.002132833004,
        "max": 0.29422006011,
        "mean": 0.0544890202582,
        "median": 0.0377650782466,
        "min": 4.15141837905e-23,
        "var": 0.00313286669552
    },
    "spectral_energyband_middle_high": {
        "dmean": 0.00195373781025,
        "dmean2": 0.00318828620948,
        "dvar": 1.01504028862e-05,
        "dvar2": 2.63415331574e-05,
        "max": 0.0501021184027,
        "mean": 0.00307372561656,
        "median": 0.00185480492655,
        "min": 1.403543544e-21,
        "var": 1.21870243674e-05
    },
    "spectral_energyband_middle_low": {
        "dmean": 0.00803078524768,
        "dmean2": 0.0127874715254,
        "dvar": 0.000220994159463,
        "dvar2": 0.000509838748258,
        "max": 0.147522255778,
        "mean": 0.0102944402024,
        "median": 0.00524177076295,
        "min": 2.87235186048e-22,
        "var": 0.000231148136663
    },
    "spectral_entropy": {
        "dmean": 0.229846179485,
        "dmean2": 0.337163209915,
        "dvar": 0.0656477212906,
        "dvar2": 0.134365692735,
        "max": 9.81130504608,
        "mean": 7.86979389191,
        "median": 7.99881982803,
        "min": 4.0546631813,
        "var": 0.252424657345
    },
    "spectral_flux": {
        "dmean": 0.0480889715254,
        "dmean2": 0.0763463973999,
        "dvar": 0.00215789838694,
        "dvar2": 0.00514549063519,
        "max": 0.445877194405,
        "mean": 0.13538967073,
        "median": 0.120577342808,
        "min": 6.63918017785e-11,
        "var": 0.00627222284675
    },
    "spectral_kurtosis": {
        "dmean": 1.08954656124,
        "dmean2": 1.72714984417,
        "dvar": 6.4366736412,
        "dvar2": 17.2849159241,
        "max": 120.786117554,
        "mean": 3.52742791176,
        "median": 3.08913516998,
        "min": -1.20481717587,
        "var": 8.50219154358
    },
    "spectral_rms": {
        "dmean": 0.00165153597482,
        "dmean2": 0.00241108611226,
        "dvar": 2.42311216425e-06,
        "dvar2": 5.33975116923e-06,
        "max": 0.0169756934047,
        "mean": 0.0074326810427,
        "median": 0.00755463633686,
        "min": 3.15060477707e-12,
        "var": 1.19829282994e-05
    },
    "spectral_rolloff": {
        "dmean": 1158.31982422,
        "dmean2": 1989.48425293,
        "dvar": 4644650.5,
        "dvar2": 10706612,
        "max": 18798.4863281,
        "mean": 1541.02001953,
        "median": 258.3984375,
        "min": 43.06640625,
        "var": 7300993
    },
    "spectral_skewness": {
        "dmean": 0.179336026311,
        "dmean2": 0.277139484882,
        "dvar": 0.0591774955392,
        "dvar2": 0.140866279602,
        "max": 8.95935153961,
        "mean": 1.47129368782,
        "median": 1.43780565262,
        "min": -0.0313728675246,
        "var": 0.159264817834
    },
    "spectral_spread": {
        "dmean": 900256.125,
        "dmean2": 1327113.75,
        "dvar": 1.02731467981e+12,
        "dvar2": 2.13379134259e+12,
        "max": 41081524,
        "mean": 6544835.5,
        "median": 6410381,
        "min": 1049194.375,
        "var": 3.55076459725e+12
    },
    "spectral_strongpeak": {
        "dmean": 0.323109716177,
        "dmean2": 0.528542876244,
        "dvar": 0.220841899514,
        "dvar2": 0.580862104893,
        "max": 12.9457359314,
        "mean": 0.578629493713,
        "median": 0.417668402195,
        "min": 0,
        "var": 0.351033091545
    },
    "zerocrossingrate": {
        "dmean": 0.0243578292429,
        "dmean2": 0.0287636201829,
        "dvar": 0.000616065342911,
        "dvar2": 0.000829676107969,
        "max": 0.64794921875,
        "mean": 0.070109538734,
        "median": 0.05517578125,
        "min": 0.0009765625,
        "var": 0.00354221649468
    },
    "barkbands": {
        "dmean": [0.0044915904291, 0.0200725011528, 0.00906473677605, 0.00420870538801, 0.00391357205808, 0.000830921402667, 0.000451413681731, 0.00039749397547, 0.000409612315707, 0.000248293421464, 0.000216658037971, 0.000286161637632, 0.000288309704047, 0.000214059808059, 0.000164090903127, 0.000186315082829, 0.000302761327475, 0.000251199089689, 0.000264705071459, 0.000225412120926, 0.000212563143577, 0.000164888202562, 0.000150220890646, 0.000127757477458, 0.000233834303799, 0.000373563088942, 9.2990216217e-05],
        "dmean2": [0.00635508913547, 0.0295442566276, 0.0136945359409, 0.00717246020213, 0.00685834046453, 0.00131852447521, 0.000721188727766, 0.000641479622573, 0.000700959179085, 0.000414017617004, 0.000367546279449, 0.000487440964207, 0.000496323395055, 0.000374500581529, 0.000279438623693, 0.00031666335417, 0.000516566156875, 0.000420737284003, 0.000440893461928, 0.000370043126168, 0.000353580078809, 0.000261015375145, 0.000233042112086, 0.000191823812202, 0.000365389452782, 0.00058592640562, 0.000151822256157],
        "dvar": [5.13612249051e-05, 0.000817240681499, 0.000397646072088, 0.000128149767988, 7.96365493443e-05, 4.31051739724e-06, 1.48840865677e-06, 1.39313510772e-06, 1.37723270655e-06, 1.57243476906e-07, 1.26329140926e-07, 2.74124715816e-07, 3.35622956982e-07, 4.13747358152e-07, 8.14236784663e-08, 1.11420646931e-07, 7.69844803017e-07, 3.79164475817e-07, 2.33281312489e-07, 3.77349692826e-07, 2.17504322109e-07, 8.36385467551e-08, 6.58053735947e-08, 5.182887719e-08, 1.4884420807e-07, 4.02379782827e-07, 3.28128777483e-08],
        "dvar2": [0.000101322759292, 0.00166602188256, 0.000878828577697, 0.00034114139271, 0.000217219028855, 9.07837784325e-06, 2.96461348626e-06, 2.6487375635e-06, 3.72008730665e-06, 3.98313943606e-07, 3.33350243409e-07, 7.06360083313e-07, 9.02801502889e-07, 1.12986151635e-06, 2.20297891929e-07, 2.93968440701e-07, 2.17093634092e-06, 1.0657565781e-06, 5.98423810061e-07, 1.04178127458e-06, 5.88228374454e-07, 2.03536188792e-07, 1.47465328837e-07, 1.14993838451e-07, 3.64790025742e-07, 9.98662699203e-07, 7.9380285456e-08],
        "max": [0.150418967009, 0.267676889896, 0.177949026227, 0.111716613173, 0.090551301837, 0.110073022544, 0.0692285820842, 0.0946382433176, 0.0492971912026, 0.00690526142716, 0.00394777720794, 0.0100206071511, 0.0109591735527, 0.0254707913846, 0.00335062318482, 0.00833045411855, 0.026956781745, 0.0193172860891, 0.013085892424, 0.0333036407828, 0.0194627940655, 0.00331620755605, 0.00411735102534, 0.00383240915835, 0.00408661458641, 0.00650997413322, 0.00494109466672],
        "mean": [0.00651796394959, 0.0360217392445, 0.0110173113644, 0.00392043078318, 0.00359109300189, 0.00115281587932, 0.000645178137347, 0.000501696020365, 0.000402416131692, 0.000294127268717, 0.000259909516899, 0.000336919358233, 0.000314866163535, 0.00021570896206, 0.000186475896044, 0.000221921203774, 0.000375916861231, 0.000331049435772, 0.000408735999372, 0.00033809785964, 0.000329695350956, 0.000268939649686, 0.000247349409619, 0.000194758482394, 0.000287895847578, 0.000429904524935, 9.54201459535e-05],
        "median": [0.00209735310636, 0.0168039277196, 0.00275318021886, 0.000883120461367, 0.00127111584879, 0.000435125635704, 0.000224430696107, 0.00014430815645, 0.000156145440997, 0.00014631349768, 0.000128058003611, 0.000145115875057, 0.000119739976071, 8.81736341398e-05, 9.10230446607e-05, 0.000103589351056, 0.000167213525856, 0.000159710572916, 0.000198885332793, 0.000158243725309, 0.000139866853715, 0.000119195479783, 9.83050922514e-05, 7.84246512922e-05, 0.000130118292873, 0.000205611941055, 2.91814376396e-05],
        "min": [1.20969595228e-23, 8.02646091768e-24, 4.4437595809e-24, 3.85544131728e-24, 6.298320372e-23, 3.15793105709e-23, 2.80994999676e-23, 5.24016199638e-24, 3.62959383222e-23, 3.2921172437e-23, 4.48911206209e-23, 6.3937744348e-23, 5.50986651901e-23, 1.18155409679e-22, 1.10174472347e-22, 1.2349430669e-22, 1.09002881374e-22, 1.86691720855e-22, 2.55057385641e-22, 2.9333226043e-22, 3.0683316675e-22, 4.82634088518e-22, 5.68062095242e-22, 7.405005258e-22, 1.03915634778e-21, 1.5985995381e-21, 2.19473695315e-21],
        "var": [0.000106455583591, 0.00213675363921, 0.000474505650345, 9.50402172748e-05, 5.58833962714e-05, 1.012323537e-05, 3.95767619921e-06, 3.88869329981e-06, 1.07719449716e-06, 1.8644801969e-07, 1.37830596714e-07, 2.97909366509e-07, 3.4036062857e-07, 2.95739994272e-07, 7.31690832367e-08, 1.17796105314e-07, 5.83740870752e-07, 3.10477929588e-07, 3.53924150431e-07, 3.42813535781e-07, 2.58116955365e-07, 1.41602981785e-07, 1.36050658739e-07, 8.77372201558e-08, 1.74181764123e-07, 4.05326886721e-07, 3.41568231477e-08]
    },
    "erbbands": {
        "dmean": [0.640735507011, 4.65578651428, 10.0419101715, 12.327548027, 11.9602794647, 14.9693412781, 8.36775970459, 8.00174617767, 7.30241346359, 6.02314996719, 8.48714733124, 8.85960388184, 7.83331823349, 8.05205345154, 10.6162052155, 10.4161291122, 12.3060836792, 12.6741027832, 7.9311132431, 9.09212493896, 10.891210556, 16.8747463226, 14.1198034286, 13.3711662292, 12.1254281998, 10.7555580139, 10.4277162552, 7.14186954498, 5.79754066467, 5.51483821869, 4.09377193451, 2.76717424393, 2.12399363518, 1.95688378811, 2.23222351074, 1.08067202568, 0.765673220158, 0.231008589268, 0.0132473381236, 0.000219861321966],
        "dmean2": [0.944073617458, 6.64347314835, 14.3249063492, 19.4435958862, 20.3972034454, 26.6865386963, 14.2209281921, 12.360452652, 11.5412302017, 9.48804759979, 14.5461177826, 15.0892057419, 13.2426891327, 13.4694442749, 17.6486034393, 17.9742660522, 21.1475849152, 22.0229167938, 13.5613622665, 15.4022226334, 18.415927887, 28.737361908, 23.6750736237, 22.0878772736, 20.1122932434, 17.6914844513, 17.6843185425, 11.6179876328, 9.20817661285, 8.83251667023, 6.33013248444, 4.2288069725, 3.18524909019, 3.00201106071, 3.57483959198, 1.68091678619, 1.19827544689, 0.367227137089, 0.0215753037483, 0.000351399998181],
        "dvar": [0.701777279377, 55.4313278198, 323.640289307, 929.026184082, 851.889343262, 1417.02368164, 244.411743164, 562.29296875, 445.820739746, 225.219955444, 770.532775879, 591.325256348, 242.131668091, 151.444839478, 353.209136963, 382.75592041, 625.514099121, 1139.70935059, 271.964904785, 225.723846436, 350.811096191, 2421.67480469, 1606.65625, 491.792938232, 693.24798584, 493.36505127, 1545.21740723, 156.074066162, 99.8777084351, 89.3413543701, 55.3641548157, 24.8901329041, 14.2005653381, 9.78370285034, 15.6848831177, 2.82019972801, 1.77535879612, 0.161013677716, 0.000635064323433, 1.37917439247e-07],
        "dvar2": [1.52655553818, 109.309883118, 664.244628906, 2207.65332031, 2265.23876953, 3911.8190918, 630.1875, 1139.77160645, 880.883422852, 347.329406738, 2107.03588867, 1586.16088867, 650.891845703, 390.68081665, 877.412963867, 1014.90478516, 1680.41186523, 3044.26879883, 749.33770752, 599.372802734, 921.039672852, 6788.01171875, 4582.45166016, 1275.37475586, 1873.53051758, 1316.51953125, 4417.85644531, 391.33114624, 239.659744263, 218.83555603, 122.863899231, 55.0604171753, 32.7194328308, 23.2058334351, 39.87657547, 6.80726957321, 4.38496446609, 0.39463788271, 0.00153087184299, 3.32129303615e-07],
        "max": [9.13976955414, 70.9882965088, 169.835739136, 297.451263428, 336.164550781, 444.388946533, 442.960235596, 1379.00476074, 1205.47790527, 1419.11572266, 844.04510498, 1128.41540527, 487.282684326, 157.649154663, 343.012451172, 405.271026611, 515.91619873, 1448.35473633, 488.229125977, 195.817672729, 337.321228027, 1422.07177734, 1480.13903809, 407.470062256, 1029.88256836, 775.034484863, 2457.62548828, 201.355667114, 123.660476685, 113.890777588, 105.409179688, 85.3364334106, 69.6690139771, 44.2516937256, 46.7340888977, 15.6564207077, 13.7694826126, 6.88483333588, 0.628661930561, 0.0085168229416],
        "mean": [1.03156149387, 7.82458972931, 15.201798439, 12.8761587143, 11.9826068878, 12.4636392593, 9.16281414032, 11.48209095, 11.1682319641, 8.8361749649, 9.11755943298, 8.86016178131, 8.85998725891, 9.90491294861, 13.6841993332, 12.0819368362, 13.9134616852, 13.1082162857, 8.80011940002, 11.2506866455, 13.7646102905, 21.2248401642, 18.3893299103, 20.5327186584, 18.5638122559, 16.0912876129, 14.8604545593, 11.8874959946, 9.58340549469, 8.84915542603, 6.6509771347, 4.45616531372, 3.04348540306, 2.544683218, 2.53287768364, 1.3474997282, 0.854972720146, 0.255296349525, 0.0137856397778, 0.000308207469061],
        "median": [0.530668020248, 2.74368286133, 4.57199573517, 3.55696392059, 3.85010051727, 3.63025259972, 3.80841302872, 3.72614717484, 3.72167038918, 3.66031098366, 3.30119752884, 3.55766510963, 4.19427156448, 5.47723674774, 6.05916976929, 5.53910064697, 5.5408115387, 5.02691888809, 4.51458835602, 5.6169924736, 6.53777360916, 9.72725105286, 8.9097661972, 10.3844528198, 9.11619377136, 7.56823062897, 6.26059484482, 5.03371143341, 4.25780487061, 3.76479268074, 2.61407876015, 1.7215334177, 1.23713743687, 1.14440846443, 1.07101774216, 0.687774300575, 0.385914862156, 0.10807120055, 0.00430949032307, 0.000199656773475],
        "min": [2.47670264932e-22, 1.98169331482e-21, 4.80922081124e-21, 1.17764984873e-20, 1.05299587915e-19, 1.50680797196e-19, 1.45821602235e-19, 3.5821893947e-19, 3.79734553437e-19, 4.13346830833e-19, 4.20042004862e-19, 8.43840340283e-19, 1.15018244084e-18, 1.35675777073e-18, 2.12312778696e-18, 1.83152904345e-18, 2.6754050559e-18, 4.75586500571e-18, 5.82916824644e-18, 6.51794872121e-18, 7.0386510586e-18, 6.52020030684e-18, 7.03045948899e-18, 1.35144611315e-17, 1.17468365466e-17, 1.39043204531e-17, 9.46329114192e-18, 1.16878370622e-17, 1.5201794603e-17, 1.94834055306e-17, 1.47494608112e-17, 1.47098570578e-17, 9.95745049422e-18, 9.99019443877e-18, 7.45280632924e-18, 4.85575078698e-18, 3.19010557755e-18, 1.07497921205e-18, 3.00863528265e-19, 2.91757491105e-20],
        "var": [1.78130078316, 138.704803467, 627.649108887, 870.006225586, 653.012084961, 940.091918945, 283.401733398, 1391.82434082, 1236.11108398, 773.921813965, 741.779052734, 479.19543457, 222.973846436, 172.149017334, 451.660522461, 374.320800781, 654.574462891, 896.397888184, 205.938186646, 236.123138428, 406.563079834, 1844.05065918, 1165.7220459, 772.910949707, 799.72833252, 572.830078125, 1086.97424316, 288.194061279, 175.264877319, 153.286407471, 107.53742981, 48.2180595398, 20.6814517975, 12.419798851, 16.1541957855, 3.31470584869, 1.76359081268, 0.166811540723, 0.000683576683514, 1.53061421315e-07]
    },
    "gfcc": {
        "mean": [22.0999584198, 50.2292251587, -71.3822631836, 40.7758865356, -34.1276397705, 16.7132663727, -25.707736969, 14.8823127747, -25.9688434601, 9.22166633606, -16.5918712616, 11.3663034439, -15.4607086182],
        "cov": [[10895.6347656, -1365.99621582, 118.576370239, 61.4639968872, -21.3699760437, 141.233566284, -84.4981307983, 210.217514038, -308.233825684, -18.9475135803, -371.595367432, 122.791488647, -227.105651855], [-1365.99621582, 1319.93798828, 88.4579238892, 169.995193481, 68.7585678101, -40.2393188477, 184.849853516, 8.86342430115, 191.849151611, -133.468994141, 166.458999634, -46.3016548157, -50.1543006897], [118.576370239, 88.4579238892, 694.223144531, 181.634002686, 239.092102051, 74.7836685181, 62.0386505127, 54.9009552002, 22.4756851196, -1.65375351906, -70.0816345215, -38.7643547058, -36.9125366211], [61.4639968872, 169.995193481, 181.634002686, 499.030487061, 112.925193787, 52.0695724487, 117.566200256, 60.3360710144, 78.7541122437, -13.8493328094, 24.3770523071, -7.88899374008, -10.1158361435], [-21.3699760437, 68.7585678101, 239.092102051, 112.925193787, 382.689849854, 163.302230835, 111.302047729, 50.4492149353, 12.9213123322, -10.1688327789, -15.9151878357, -3.48810529709, -9.62812805176], [141.233566284, -40.2393188477, 74.7836685181, 52.0695724487, 163.302230835, 199.18510437, 61.5544700623, 37.3176651001, 17.7533416748, 3.35417246819, -8.68170452118, -13.5803899765, 0.605134367943], [-84.4981307983, 184.849853516, 62.0386505127, 117.566200256, 111.302047729, 61.5544700623, 196.905319214, 80.159576416, 82.54296875, 11.2047595978, 52.8605766296, 5.44888925552, -4.20908308029], [210.217514038, 8.86342430115, 54.9009552002, 60.3360710144, 50.4492149353, 37.3176651001, 80.159576416, 107.435630798, 50.3606376648, 26.8144702911, 15.852350235, 17.3537597656, -10.0294246674], [-308.233825684, 191.849151611, 22.4756851196, 78.7541122437, 12.9213123322, 17.7533416748, 82.54296875, 50.3606376648, 157.136779785, 24.450504303, 68.3059234619, -2.08355736732, -3.71410131454], [-18.9475135803, -133.468994141, -1.65375351906, -13.8493328094, -10.1688327789, 3.35417246819, 11.2047595978, 26.8144702911, 24.450504303, 116.771972656, 18.5920410156, 26.5210876465, 20.2462024689], [-371.595367432, 166.458999634, -70.0816345215, 24.3770523071, -15.9151878357, -8.68170452118, 52.8605766296, 15.852350235, 68.3059234619, 18.5920410156, 130.307907104, 24.8551006317, 25.1024570465], [122.791488647, -46.3016548157, -38.7643547058, -7.88899374008, -3.48810529709, -13.5803899765, 5.44888925552, 17.3537597656, -2.08355736732, 26.5210876465, 24.8551006317, 89.7874298096, 30.956659317], [-227.105651855, -50.1543006897, -36.9125366211, -10.1158361435, -9.62812805176, 0.605134367943, -4.20908308029, -10.0294246674, -3.71410131454, 20.2462024689, 25.1024570465, 30.956659317, 77.8247909546]],
        "icov": [[0.000141034965054, 0.000134288537083, -1.58019793162e-05, -5.30985962541e-05, 0.000132270375616, -0.000133694265969, -5.57397434022e-05, -0.000264907284873, 0.000175965382368, 0.000183952230145, 0.000144709571032, -0.000366445688996, 0.000523587455973], [0.000134288537083, 0.00171307113487, -0.000270310352789, -3.74302762793e-05, -0.000107906846097, 0.000637661200017, -0.0011000771774, 0.000769240374211, -0.00116128171794, 0.00215315097012, -0.00148873741273, -0.000105775106931, 0.00129082472995], [-1.58019793162e-05, -0.000270310352789, 0.00226035364904, -0.00053408567328, -0.00144831556827, 0.000563297537155, 0.000547365576494, -0.000782434712164, -0.000248681055382, -0.000700770644471, 0.00144544139039, 0.000787251570728, -8.13708975329e-05], [-5.30985962541e-05, -3.74302762793e-05, -0.00053408567328, 0.00262560043484, -0.000127330014948, 3.41271370417e-05, -0.000945125706494, -0.000151023035869, -0.000799884670414, 0.000591435178649, -0.000106158644485, 0.000106608102215, -0.000377907068469], [0.000132270375616, -0.000107906846097, -0.00144831556827, -0.000127330014948, 0.00584586290643, -0.00394757371396, -0.00216920743696, 0.000295442703646, 0.0014070031466, 0.000511711812578, 0.000417035567807, -0.00166009773966, 0.000747481244616], [-0.000133694265969, 0.000637661200017, 0.000563297537155, 3.41271370417e-05, -0.00394757371396, 0.00891864299774, -0.000630241062026, -0.000943331629969, -0.00124553614296, 0.000345441279933, 5.39893562745e-07, 0.00259558064863, -0.00160290591884], [-5.57397434022e-05, -0.0011000771774, 0.000547365576494, -0.000945125706494, -0.00216920743696, -0.000630241062026, 0.0113148242235, -0.00590549083427, -0.00133748678491, -0.000784574891441, -0.00165737478528, 0.000880536506884, -0.000822788686492], [-0.000264907284873, 0.000769240374211, -0.000782434712164, -0.000151023035869, 0.000295442703646, -0.000943331629969, -0.00590549083427, 0.0177391562611, -0.00363799021579, -0.0016468281392, 0.000331408664351, -0.00347343506292, 0.00287207402289], [0.000175965382368, -0.00116128171794, -0.000248681055382, -0.000799884670414, 0.0014070031466, -0.00124553614296, -0.00133748678491, -0.00363799021579, 0.0124778430909, -0.00282570836134, -0.00353570119478, 0.0013503547525, 0.00111967732664], [0.000183952230145, 0.00215315097012, -0.000700770644471, 0.000591435178649, 0.000511711812578, 0.000345441279933, -0.000784574891441, -0.0016468281392, -0.00282570836134, 0.0130957299843, -0.0019769356586, -0.0021411520429, -0.000577504921239], [0.000144709571032, -0.00148873741273, 0.00144544139039, -0.000106158644485, 0.000417035567807, 5.39893562745e-07, -0.00165737478528, 0.000331408664351, -0.00353570119478, -0.0019769356586, 0.0147451246157, -0.00278766569681, -0.00316232116893], [-0.000366445688996, -0.000105775106931, 0.000787251570728, 0.000106608102215, -0.00166009773966, 0.00259558064863, 0.000880536506884, -0.00347343506292, 0.0013503547525, -0.0021411520429, -0.00278766569681, 0.016532054171, -0.00643121637404], [0.000523587455973, 0.00129082472995, -8.13708975329e-05, -0.000377907068469, 0.000747481244616, -0.00160290591884, -0.000822788686492, 0.00287207402289, 0.00111967732664, -0.000577504921239, -0.00316232116893, -0.00643121637404, 0.0193338692188]]
    },
    "melbands": {
        "dmean": [0.00565268239006, 0.00514294812456, 0.00201555178501, 0.000952110509388, 0.00037589011481, 0.000168801649124, 0.000104825681774, 7.05562342773e-05, 7.17229122529e-05, 5.66720300412e-05, 3.95145107177e-05, 3.30170041707e-05, 3.28253336193e-05, 3.10222858388e-05, 2.78551124211e-05, 2.98217273667e-05, 2.29127581406e-05, 1.28609035528e-05, 1.29354893943e-05, 1.28260753627e-05, 1.31357965074e-05, 1.79277776624e-05, 1.64961784321e-05, 1.15417096822e-05, 1.13517999125e-05, 1.06521702037e-05, 7.66545599618e-06, 7.38521339372e-06, 7.38828384783e-06, 5.08599214299e-06, 4.10748816648e-06, 3.49122660737e-06, 3.20119988828e-06, 3.17069202538e-06, 2.52389145317e-06, 1.96558335119e-06, 1.70851819803e-06, 1.49257198245e-06, 1.47008404383e-06, 1.71079602751e-06],
        "dmean2": [0.00832275580615, 0.00725785316899, 0.00311205186881, 0.00166218227241, 0.000646169704851, 0.000262964167632, 0.000166438359884, 0.000109803324449, 0.000124643367599, 9.62677149801e-05, 6.66961495881e-05, 5.52514939045e-05, 5.5032538512e-05, 5.24558490724e-05, 4.84885349579e-05, 5.19020250067e-05, 3.99215859943e-05, 2.22151247726e-05, 2.20350393647e-05, 2.18876593863e-05, 2.24321483984e-05, 3.06823822029e-05, 2.79678151855e-05, 1.95114589587e-05, 1.88194080692e-05, 1.76819430635e-05, 1.27142138808e-05, 1.21940074678e-05, 1.26839822769e-05, 8.32879322843e-06, 6.79827189742e-06, 5.58228066438e-06, 5.13870190844e-06, 5.10652762387e-06, 3.91722915083e-06, 3.07733625959e-06, 2.64300024355e-06, 2.24535688176e-06, 2.26454358199e-06, 2.64461459665e-06],
        "dvar": [5.22055597685e-05, 6.17106925347e-05, 2.17421693378e-05, 4.90398269903e-06, 6.14167333879e-07, 2.21764253183e-07, 8.36898763623e-08, 3.91902013064e-08, 6.26934522074e-08, 2.55723069387e-08, 5.94354565564e-09, 2.6246005369e-09, 3.11273185005e-09, 3.45377482169e-09, 2.87388735032e-09, 4.05267286396e-09, 4.42492131825e-09, 9.79043957017e-10, 4.71904681998e-10, 5.60262336524e-10, 4.93412422031e-10, 2.34074559735e-09, 4.98906294055e-09, 7.47352069119e-10, 3.47939094203e-10, 3.90129983874e-10, 3.77412240349e-10, 2.57424082051e-10, 1.48582524062e-09, 8.07451744356e-11, 5.45412118247e-11, 3.64560187593e-11, 3.03601484231e-11, 2.87294806001e-11, 2.06708625911e-11, 1.33002480557e-11, 9.97161901661e-12, 7.24220943632e-12, 6.92013243583e-12, 7.30530826804e-12],
        "dvar2": [0.000111717774416, 0.000116292314488, 4.85145719722e-05, 1.32483146444e-05, 1.64276661963e-06, 4.57246272845e-07, 1.66367001952e-07, 5.60875719202e-08, 1.76179014488e-07, 6.75150886309e-08, 1.58424064978e-08, 6.66925581427e-09, 7.98123434009e-09, 8.82704220828e-09, 7.89431009451e-09, 1.08216289263e-08, 1.18902514501e-08, 2.73285216679e-09, 1.26835320025e-09, 1.49415368966e-09, 1.32392763419e-09, 6.54168541558e-09, 1.45522056627e-08, 2.07483763504e-09, 9.0445134715e-10, 9.49115785964e-10, 1.03244912619e-09, 7.03763880505e-10, 4.29711288774e-09, 2.08232014964e-10, 1.39857778136e-10, 8.78009262517e-11, 7.5985974457e-11, 6.91336501935e-11, 4.5832688339e-11, 3.04482064561e-11, 2.25787218783e-11, 1.67874984747e-11, 1.67670165946e-11, 1.71712123687e-11],
        "max": [0.0647943019867, 0.0837421566248, 0.0441590622067, 0.0242434106767, 0.0119957271963, 0.0269212312996, 0.0164120532572, 0.0194336213171, 0.00519590405747, 0.00838386826217, 0.00245640659705, 0.000795963278506, 0.000787743076216, 0.00142379314639, 0.000807054399047, 0.00125015771482, 0.00282514421269, 0.00126972608268, 0.000228108110605, 0.000644043786451, 0.000331831950461, 0.00190841930453, 0.00301107903942, 0.00106610357761, 0.000346724904375, 0.000507493445184, 0.000833402387798, 0.000610735267401, 0.00258099264465, 0.000197921282961, 0.000141608950798, 7.17675502528e-05, 7.2888127761e-05, 7.74085638113e-05, 7.92424907559e-05, 5.51018129045e-05, 4.82692521473e-05, 4.75526867376e-05, 5.94379489485e-05, 3.41004197253e-05],
        "mean": [0.0099759073928, 0.00929505936801, 0.00228178221732, 0.000862958724611, 0.000382176367566, 0.000242776019149, 0.00015787895245, 0.00010187789303, 7.23942212062e-05, 5.66547569179e-05, 4.43825156253e-05, 3.97682670155e-05, 4.11495529988e-05, 3.74949522666e-05, 3.09542338073e-05, 3.15926445182e-05, 2.30009572988e-05, 1.34344181788e-05, 1.49395245899e-05, 1.52841366798e-05, 1.60432864504e-05, 2.18336936086e-05, 2.01318434847e-05, 1.46869033415e-05, 1.68301558006e-05, 1.5833249563e-05, 1.08678423203e-05, 1.05422695924e-05, 9.67585128819e-06, 7.91315233073e-06, 6.48864534014e-06, 5.52573010282e-06, 4.85071268486e-06, 4.97467090099e-06, 3.97647090722e-06, 3.10123846248e-06, 2.58662339547e-06, 2.11044198295e-06, 1.9620410967e-06, 2.16378634832e-06],
        "median": [0.0056350491941, 0.00337177887559, 0.000742440577596, 0.000286705937469, 0.000145716621773, 8.26002942631e-05, 5.50662953174e-05, 3.68705768778e-05, 2.55405575444e-05, 2.18998175114e-05, 2.07200155273e-05, 2.12178965739e-05, 1.9192117179e-05, 1.54445515363e-05, 1.23949203044e-05, 1.09897009679e-05, 8.70509029482e-06, 6.47081697025e-06, 7.20866637494e-06, 7.08456809662e-06, 7.38444668968e-06, 9.78460320766e-06, 8.95342236618e-06, 7.06704804543e-06, 8.30188946566e-06, 7.24589062884e-06, 5.14744397151e-06, 4.82524274048e-06, 3.82333746529e-06, 3.2326240671e-06, 2.703690825e-06, 2.35178663388e-06, 2.11885708268e-06, 1.97233998733e-06, 1.49368293023e-06, 1.12624752546e-06, 9.88716692518e-07, 8.00252621502e-07, 8.75535931755e-07, 9.49906961978e-07],
        "min": [2.58608700963e-24, 2.66898623279e-24, 4.84504957351e-24, 8.00689085634e-24, 6.66497613655e-24, 8.74674614441e-24, 5.8691038356e-24, 2.97794242303e-24, 5.32531598122e-24, 5.40500079341e-24, 5.75792730164e-24, 5.44904329218e-24, 7.5162051738e-24, 5.68571694653e-24, 3.2487986037e-24, 6.49912523097e-24, 7.68516655792e-24, 9.74537147521e-24, 7.54594996309e-24, 6.86764949145e-24, 7.6444534466e-24, 6.04222409442e-24, 5.28938810015e-24, 8.83706835147e-24, 1.10639998099e-23, 7.98940812096e-24, 9.22936809078e-24, 9.49317343267e-24, 6.65814460111e-24, 5.37160910015e-24, 6.74301656818e-24, 7.89436694796e-24, 8.06219158352e-24, 1.04630463612e-23, 8.55335137146e-24, 6.78054268144e-24, 1.04926609885e-23, 6.22380488644e-24, 6.59586206049e-24, 6.70159584863e-24],
        "var": [0.000133985551656, 0.000185554745258, 2.27887703659e-05, 3.44523618878e-06, 5.54947632736e-07, 5.42659790881e-07, 2.28100560662e-07, 1.45027982512e-07, 4.84911311105e-08, 2.17651887624e-08, 5.63599789061e-09, 3.03382252653e-09, 3.68154484676e-09, 3.85930309932e-09, 2.79309686491e-09, 3.90186682964e-09, 3.32868954622e-09, 6.82388867634e-10, 4.55761817175e-10, 5.56548029884e-10, 5.71406755245e-10, 1.84378134982e-09, 3.05441005821e-09, 6.15481166033e-10, 5.51669654403e-10, 6.4393934629e-10, 3.51728396408e-10, 2.7289290272e-10, 9.05708730237e-10, 1.32190342006e-10, 9.23185000667e-11, 6.244907369e-11, 4.6410285337e-11, 5.14034127763e-11, 4.02877037287e-11, 2.4787885286e-11, 1.75070583031e-11, 1.08397978094e-11, 8.2965362011e-12, 9.35100434585e-12]
    },
    "mfcc": {
        "mean": [-638.284606934, 95.22240448, 20.8360767365, 37.9688262939, 15.7840023041, 14.1590690613, 12.4941644669, 11.8112764359, 3.03282380104, 1.41442251205, 3.88578820229, 2.86187934875, 4.19977617264],
        "cov": [[7808.81054688, -460.942749023, -113.24030304, 87.4456100464, -87.6447372437, -25.6001110077, -40.4032440186, 90.6459503174, -9.34288787842, -80.8005447388, -80.0114364624, -53.456237793, -86.9453201294], [-460.942749023, 1021.32220459, 101.012939453, 92.4102630615, 42.5339164734, 24.4554023743, 44.2797050476, 171.516677856, -13.3387346268, -3.23678135872, 137.090164185, 29.8943710327, 46.8863563538], [-113.24030304, 101.012939453, 428.999786377, 175.420455933, 103.005020142, 44.1736030579, 17.7279510498, 34.497379303, 49.4306488037, 54.6561470032, 15.3360786438, 5.91179275513, -9.10841274261], [87.4456100464, 92.4102630615, 175.420455933, 428.166656494, 73.4602432251, 83.939414978, 56.0432281494, 115.542671204, 50.1511535645, 44.3439025879, 57.0667953491, 31.158657074, 32.9797706604], [-87.6447372437, 42.5339164734, 103.005020142, 73.4602432251, 268.976898193, 128.540969849, 93.8388137817, 61.875, 53.8797950745, 28.1400718689, -4.16761207581, -8.22923469543, -0.758402168751], [-25.6001110077, 24.4554023743, 44.1736030579, 83.939414978, 128.540969849, 167.335525513, 81.6693191528, 63.473236084, 57.1760139465, 39.3805503845, 14.7075166702, 11.3006896973, 19.5008068085], [-40.4032440186, 44.2797050476, 17.7279510498, 56.0432281494, 93.8388137817, 81.6693191528, 156.390792847, 60.9948158264, 46.9712982178, 23.7382011414, 12.000837326, 14.6106872559, 5.758893013], [90.6459503174, 171.516677856, 34.497379303, 115.542671204, 61.875, 63.473236084, 60.9948158264, 180.272399902, 41.7214813232, 23.8760948181, 67.7273635864, 23.4168128967, 28.5480632782], [-9.34288787842, -13.3387346268, 49.4306488037, 50.1511535645, 53.8797950745, 57.1760139465, 46.9712982178, 41.7214813232, 98.6966705322, 49.3839645386, 17.7004146576, 11.3864860535, 10.6304731369], [-80.8005447388, -3.23678135872, 54.6561470032, 44.3439025879, 28.1400718689, 39.3805503845, 23.7382011414, 23.8760948181, 49.3839645386, 93.4024887085, 46.4295196533, 24.2573814392, 13.4291687012], [-80.0114364624, 137.090164185, 15.3360786438, 57.0667953491, -4.16761207581, 14.7075166702, 12.000837326, 67.7273635864, 17.7004146576, 46.4295196533, 114.703346252, 47.2754745483, 30.2299537659], [-53.456237793, 29.8943710327, 5.91179275513, 31.158657074, -8.22923469543, 11.3006896973, 14.6106872559, 23.4168128967, 11.3864860535, 24.2573814392, 47.2754745483, 66.5320053101, 33.3242683411], [-86.9453201294, 46.8863563538, -9.10841274261, 32.9797706604, -0.758402168751, 19.5008068085, 5.758893013, 28.5480632782, 10.6304731369, 13.4291687012, 30.2299537659, 33.3242683411, 69.2828674316]],
