{
"lowlevel": {
    "average_loudness": 0.926712334156,
    "barkbands_crest": {
        "dmean": 3.13350629807,
        "dmean2": 5.13464975357,
        "dvar": 9.42937374115,
        "dvar2": 21.8281002045,
        "max": 26.1013240814,
        "mean": 10.4036312103,
        "median": 9.05211257935,
        "min": 1.97821784019,
        "var": 27.3719997406
    },
    "barkbands_flatness_db": {
        "dmean": 0.0307064726949,
        "dmean2": 0.0465593710542,
        "dvar": 0.0010997497011,
        "dvar2": 0.00232101301663,
        "max": 0.48872795701,
        "mean": 0.127829805017,
        "median": 0.110969558358,
        "min": 0.0114161735401,
        "var": 0.00500234169886
    },
    "barkbands_kurtosis": {
        "dmean": 6.01574802399,
        "dmean2": 9.49534988403,
        "dvar": 281.993835449,
        "dvar2": 658.044494629,
        "max": 356.92276001,
        "mean": 8.45252990723,
        "median": 2.12298870087,
        "min": -1.83418083191,
        "var": 522.682800293
    },
    "barkbands_skewness": {
        "dmean": 0.735377669334,
        "dmean2": 1.13169085979,
        "dvar": 0.961749076843,
        "dvar2": 2.03812265396,
        "max": 16.8072834015,
        "mean": 1.92875444889,
        "median": 1.49506366253,
        "min": -2.35029268265,
        "var": 3.37754678726
    },
    "barkbands_spread": {
        "dmean": 5.7998418808,
        "dmean2": 9.01040458679,
        "dvar": 41.6778564453,
        "dvar2": 92.0817642212,
        "max": 118.202552795,
        "mean": 20.2331008911,
        "median": 19.0431213379,
        "min": 0.275346487761,
        "var": 136.407974243
    },
    "dissonance": {
        "dmean": 0.0165078584105,
        "dmean2": 0.0276472438127,
        "dvar": 0.000325933186105,
        "dvar2": 0.000855630321894,
        "max": 0.500000119209,
        "mean": 0.471358686686,
        "median": 0.478098094463,
        "min": 0.0814195424318,
        "var": 0.000642394239549
    },
    "dynamic_complexity": 3.4279961586,
    "erbbands_crest": {
        "dmean": 1.95574951172,
        "dmean2": 3.11896491051,
        "dvar": 3.88113927841,
        "dvar2": 9.01512527466,
        "max": 27.5532588959,
        "mean": 6.74055719376,
        "median": 5.8542675972,
        "min": 2.2015709877,
        "var": 10.189201355
    },
    "erbbands_flatness_db": {
        "dmean": 0.0175942704082,
        "dmean2": 0.0250443648547,
        "dvar": 0.000368905370124,
        "dvar2": 0.000728521496058,
        "max": 0.44729617238,
        "mean": 0.133016243577,
        "median": 0.124521523714,
        "min": 0.0210414174944,
        "var": 0.00174409186002
    },
    "erbbands_kurtosis": {
        "dmean": 0.657301187515,
        "dmean2": 1.04457139969,
        "dvar": 2.15695881844,
        "dvar2": 5.91062784195,
        "max": 66.9206542969,
        "mean": 0.0750632360578,
        "median": -0.267533779144,
        "min": -1.72908973694,
        "var": 3.82031178474
    },
    "erbbands_skewness": {
        "dmean": 0.306621968746,
        "dmean2": 0.468486100435,
        "dvar": 0.10055705905,
        "dvar2": 0.233701944351,
        "max": 6.28904819489,
        "mean": 0.27670788765,
        "median": 0.236958220601,
        "min": -2.09604978561,
        "var": 0.330685943365
    },
    "erbbands_spread": {
        "dmean": 7.99658918381,
        "dmean2": 11.831908226,
        "dvar": 67.5074691772,
        "dvar2": 143.43989563,
        "max": 161.223144531,
        "mean": 39.7266540527,
        "median": 37.4127922058,
        "min": 2.59397792816,
        "var": 249.517532349
    },
    "hfc": {
        "dmean": 9.10355091095,
        "dmean2": 13.6742391586,
        "dvar": 142.698272705,
        "dvar2": 347.978393555,
        "max": 118.837890625,
        "mean": 18.0771846771,
        "median": 14.4839096069,
        "min": 1.03846504031e-16,
        "var": 229.473373413
    },
    "melbands_crest": {
        "dmean": 3.93524193764,
        "dmean2": 6.21786403656,
        "dvar": 13.4239368439,
        "dvar2": 31.6825714111,
        "max": 39.5823059082,
        "mean": 15.0490026474,
        "median": 13.9921722412,
        "min": 1.64230978489,
        "var": 44.9286956787
    },
    "melbands_flatness_db": {
        "dmean": 0.0375634096563,
        "dmean2": 0.0566206201911,
        "dvar": 0.00161207653582,
        "dvar2": 0.00335421203636,
        "max": 0.654424726963,
        "mean": 0.203673690557,
        "median": 0.18823812902,
        "min": 0.0032052306924,
        "var": 0.0088825142011
    },
    "melbands_kurtosis": {
        "dmean": 13.4531822205,
        "dmean2": 21.0309734344,
        "dvar": 1125.5657959,
        "dvar2": 2453.09179688,
        "max": 1013.38336182,
        "mean": 22.2472820282,
        "median": 7.62007713318,
        "min": -1.55556464195,
        "var": 2609.58300781
    },
    "melbands_skewness": {
        "dmean": 0.976004123688,
        "dmean2": 1.49285268784,
        "dvar": 1.68477761745,
        "dvar2": 3.54059624672,
        "max": 28.2213439941,
        "mean": 3.08189678192,
        "median": 2.42661619186,
        "min": -0.933589398861,
        "var": 5.80163097382
    },
    "melbands_spread": {
        "dmean": 7.24288654327,
        "dmean2": 11.3215475082,
        "dvar": 79.3934555054,
        "dvar2": 172.995544434,
        "max": 205.852767944,
        "mean": 22.4614562988,
        "median": 18.307390213,
        "min": 0.358703255653,
        "var": 448.012939453
    },
    "pitch_salience": {
        "dmean": 0.0907872617245,
        "dmean2": 0.148307517171,
        "dvar": 0.00813168939203,
        "dvar2": 0.0191474091262,
        "max": 0.964217543602,
        "mean": 0.557913959026,
        "median": 0.580140709877,
        "min": 0.030945232138,
        "var": 0.0231586936861
    },
    "silence_rate_20dB": {
        "dmean": 0,
        "dmean2": 0,
        "dvar": 0,
        "dvar2": 0,
        "max": 1,
        "mean": 1,
        "median": 1,
        "min": 1,
        "var": 0
    },
    "silence_rate_30dB": {
        "dmean": 0.0560162141919,
        "dmean2": 0.112042754889,
        "dvar": 0.0528791695833,
        "dvar2": 0.120689176023,
        "max": 1,
        "mean": 0.9455550313,
        "median": 1,
        "min": 0,
        "var": 0.0514809861779
    },
    "silence_rate_60dB": {
        "dmean": 0.0300350096077,
        "dmean2": 0.0600755549967,
        "dvar": 0.0291363243014,
        "dvar2": 0.0664141476154,
        "max": 1,
        "mean": 0.0878857672215,
        "median": 0,
        "min": 0,
        "var": 0.0801596865058
    },
    "spectral_centroid": {
        "dmean": 297.229278564,
        "dmean2": 453.446685791,
        "dvar": 103749.28125,
        "dvar2": 212465.3125,
        "max": 11857.9306641,
        "mean": 1418.14489746,
        "median": 1197.11364746,
        "min": 113.679450989,
        "var": 1843435.125
    },
    "spectral_complexity": {
        "dmean": 5.90418291092,
        "dmean2": 8.63208293915,
        "dvar": 38.527961731,
        "dvar2": 79.5607528687,
        "max": 56,
        "mean": 20.2716712952,
        "median": 20,
        "min": 0,
        "var": 131.248519897
    },
    "spectral_decrease": {
        "dmean": 4.56200188736e-09,
        "dmean2": 7.39155892049e-09,
        "dvar": 4.87668929255e-17,
        "dvar2": 1.20217665668e-16,
        "max": 2.15559251617e-28,
        "mean": -9.6919210435e-09,
        "median": -6.93389656803e-09,
        "min": -6.68177904117e-08,
        "var": 9.04443781628e-17
    },
    "spectral_energy": {
        "dmean": 0.0178855918348,
        "dmean2": 0.0288977008313,
        "dvar": 0.000727239472326,
        "dvar2": 0.00178972480353,
        "max": 0.256515055895,
        "mean": 0.0382191576064,
        "median": 0.027796080336,
        "min": 1.00820198103e-20,
        "var": 0.00134708615951
    },
    "spectral_energyband_high": {
        "dmean": 0.000396477611503,
        "dmean2": 0.000604950007983,
        "dvar": 3.3365037666e-07,
        "dvar2": 7.9451348256e-07,
        "max": 0.00656795268878,
        "mean": 0.000622657418717,
        "median": 0.000383937149309,
        "min": 7.04698832185e-21,
        "var": 4.94234939197e-07
    },
    "spectral_energyband_low": {
        "dmean": 0.0122028812766,
        "dmean2": 0.0199295263737,
        "dvar": 0.000494548061397,
        "dvar2": 0.00124778249301,
        "max": 0.236426278949,
        "mean": 0.0216517820954,
        "median": 0.00961716752499,
        "min": 1.71910240851e-23,
        "var": 0.00089762697462
    },
    "spectral_energyband_middle_high": {
        "dmean": 0.00265443930402,
        "dmean2": 0.00404488062486,
        "dvar": 1.43811921589e-05,
        "dvar2": 3.41306949849e-05,
        "max": 0.0453280508518,
        "mean": 0.00503492588177,
        "median": 0.00363571778871,
        "min": 1.08507648381e-21,
        "var": 2.48395062954e-05
    },
    "spectral_energyband_middle_low": {
        "dmean": 0.00780782895163,
        "dmean2": 0.0124286441132,
        "dvar": 0.000147781611304,
        "dvar2": 0.00035676007974,
        "max": 0.108198009431,
        "mean": 0.0133762788028,
        "median": 0.0093292100355,
        "min": 1.15757234662e-22,
        "var": 0.000194795706193
    },
    "spectral_entropy": {
        "dmean": 0.194230675697,
        "dmean2": 0.28740477562,
        "dvar": 0.0484615154564,
        "dvar2": 0.106109090149,
        "max": 9.83132839203,
        "mean": 7.69526195526,
        "median": 7.74992990494,
        "min": 4.62664461136,
        "var": 0.28421998024
    },
    "spectral_flux": {
        "dmean": 0.038781132549,
        "dmean2": 0.060744382441,
        "dvar": 0.00230656890199,
        "dvar2": 0.00515591679141,
        "max": 0.436267882586,
        "mean": 0.100358240306,
        "median": 0.0828691720963,
        "min": 6.33691571439e-11,
        "var": 0.00471195671707
    },
    "spectral_kurtosis": {
        "dmean": 1.80468285084,
        "dmean2": 3.00162911415,
        "dvar": 16.9558124542,
        "dvar2": 43.3840713501,
        "max": 183.709625244,
        "mean": 5.3268904686,
        "median": 3.85187149048,
        "min": -1.29013955593,
        "var": 79.2088470459
    },
    "spectral_rms": {
        "dmean": 0.00130640505813,
        "dmean2": 0.00202306429856,
        "dvar": 2.54662791122e-06,
        "dvar2": 5.72520957576e-06,
        "max": 0.0158195644617,
        "mean": 0.00539330020547,
        "median": 0.00520750693977,
        "min": 3.13625839708e-12,
        "var": 8.19949309516e-06
    },
    "spectral_rolloff": {
        "dmean": 440.57019043,
        "dmean2": 710.398254395,
        "dvar": 390035.375,
        "dvar2": 821300.8125,
        "max": 19702.8808594,
        "mean": 1446.93151855,
        "median": 947.4609375,
        "min": 21.533203125,
        "var": 6103149
    },
    "spectral_skewness": {
        "dmean": 0.225290670991,
        "dmean2": 0.357247680426,
        "dvar": 0.0908497348428,
        "dvar2": 0.221938565373,
        "max": 11.5948572159,
        "mean": 1.64385902882,
        "median": 1.53925943375,
        "min": -0.0821347609162,
        "var": 0.555535078049
    },
    "spectral_spread": {
        "dmean": 533887.75,
        "dmean2": 759134.25,
        "dvar": 473808306176,
        "dvar2": 856194678784,
        "max": 43674968,
        "mean": 5102040,
        "median": 4603617,
        "min": 562129.5,
        "var": 2.14727477166e+13
    },
    "spectral_strongpeak": {
        "dmean": 0.305247396231,
        "dmean2": 0.515440404415,
        "dvar": 0.226688534021,
        "dvar2": 0.55853664875,
        "max": 6.86655187607,
        "mean": 0.514912903309,
        "median": 0.371904611588,
        "min": 0,
        "var": 0.309994190931
    },
    "zerocrossingrate": {
        "dmean": 0.0108028287068,
        "dmean2": 0.0125872008502,
        "dvar": 0.000139701442095,
        "dvar2": 0.000171276478795,
        "max": 0.84326171875,
        "mean": 0.0588048957288,
        "median": 0.046875,
        "min": 0.001953125,
        "var": 0.00456823734567
    },
    "barkbands": {
        "dmean": [0.000407800456742, 0.00754397036508, 0.00577945774421, 0.00366329331882, 0.00227460009046, 0.00166973844171, 0.00104515510611, 0.000637144374195, 0.000749964965507, 0.000609955051914, 0.0004355966812, 0.000496758730151, 0.000454064866062, 0.000355113501428, 0.000325279281242, 0.00027423753636, 0.000245241681114, 0.000186697303434, 0.000152070613694, 0.000140547053888, 0.000109970133053, 7.96445165179e-05, 6.48599816486e-05, 4.81246825075e-05, 3.48315261363e-05, 2.3360888008e-05, 4.28088878834e-06],
        "dmean2": [0.000589204544667, 0.0115114599466, 0.00954942870885, 0.00603412417695, 0.00375840184279, 0.00280954432674, 0.00171842705458, 0.000999231939204, 0.00121070665773, 0.000981399090961, 0.00070242898073, 0.000784843054134, 0.000732589222025, 0.000570893462282, 0.000513174862135, 0.000445688783657, 0.000398517586291, 0.000307250098558, 0.000248491181992, 0.000229934317758, 0.000170282975887, 0.000125378821394, 0.000103298669273, 7.54947250243e-05, 5.46479677723e-05, 3.69633089576e-05, 6.90858087182e-06],
        "dvar": [4.41564026232e-07, 0.000194630149053, 0.00024073960958, 5.6307126215e-05, 1.29767067847e-05, 8.5422916527e-06, 3.26705117004e-06, 1.10716121071e-06, 1.52702114065e-06, 1.30754870042e-06, 6.91019067744e-07, 8.9329569164e-07, 6.3742953671e-07, 3.65214447129e-07, 2.84470019096e-07, 2.0462235284e-07, 1.62183880548e-07, 8.31430710946e-08, 5.79287373625e-08, 4.88501612494e-08, 2.71369309246e-08, 1.49602623623e-08, 9.8412629157e-09, 5.09397679593e-09, 2.92174040517e-09, 1.36617361868e-09, 8.78379521896e-11],
        "dvar2": [9.04263004031e-07, 0.000466253055492, 0.000603116350248, 0.000135442824103, 3.3452968637e-05, 2.28980607062e-05, 8.16886677057e-06, 2.50876132668e-06, 3.66915992345e-06, 3.15401848638e-06, 1.65053472756e-06, 2.08536926039e-06, 1.47271282458e-06, 8.85720453425e-07, 6.64510139359e-07, 5.05019102093e-07, 3.98474298891e-07, 2.14663529619e-07, 1.50476125782e-07, 1.23740889535e-07, 6.20814830654e-08, 3.54403191238e-08, 2.44423716822e-08, 1.23096288718e-08, 7.14715442385e-09, 3.31723870595e-09, 2.16018564148e-10],
        "max": [0.013056717813, 0.208326876163, 0.148542508483, 0.0749336481094, 0.0425539165735, 0.0455366000533, 0.0397169403732, 0.0211504809558, 0.0216207858175, 0.0246247630566, 0.0162075478584, 0.0226884689182, 0.0128012606874, 0.0108054205775, 0.00785251241177, 0.00682385498658, 0.00654785614461, 0.00377219240181, 0.00377561803907, 0.00273614889011, 0.00245868018828, 0.00145972019527, 0.00107093434781, 0.00089135550661, 0.000620041508228, 0.000444589386461, 0.000140328513226],
        "mean": [0.000699207244907, 0.0129304453731, 0.00566049478948, 0.00391239812598, 0.00319270836189, 0.00230148225091, 0.00159370747861, 0.00102969654836, 0.00113224831875, 0.000880019564647, 0.000628939538728, 0.00071351492079, 0.000629265035968, 0.000519420602359, 0.000484995980514, 0.000355393509381, 0.000334700744133, 0.000272456585662, 0.000225568554015, 0.000195370157599, 0.000170277868165, 0.000119280506624, 9.20548700378e-05, 6.83372491039e-05, 4.51903615613e-05, 2.79190899164e-05, 4.10263601225e-06],
        "median": [0.000188878373592, 0.00448354240507, 0.0011749851983, 0.00117451115511, 0.0017068090383, 0.00115681497846, 0.000691256311256, 0.000460922456114, 0.000522332265973, 0.000370448076865, 0.000254322134424, 0.000293199176667, 0.000285127374809, 0.000265528564341, 0.00026802753564, 0.000191610815818, 0.000187594909221, 0.000167912134202, 0.00014421720698, 0.000114369649964, 9.5557741588e-05, 6.64353647153e-05, 4.86234748678e-05, 3.79996890842e-05, 2.41971083597e-05, 1.33814828587e-05, 8.3967847786e-07],
        "min": [4.71923513382e-25, 5.49728371425e-25, 4.62253409886e-25, 8.52731225627e-25, 6.45654725247e-24, 4.37387754875e-24, 8.42381173336e-24, 7.29811511022e-24, 1.36138727792e-23, 1.40940019251e-23, 1.29890823205e-23, 1.8861822016e-23, 3.45021033336e-23, 4.25809288382e-23, 3.15693362136e-23, 4.26021902173e-23, 6.66976846655e-23, 1.04257359225e-22, 1.42655523507e-22, 1.78567879792e-22, 2.28963911623e-22, 2.78738409414e-22, 3.68824280063e-22, 5.65645277864e-22, 7.7340877354e-22, 1.29430057123e-21, 1.85716123321e-21],
        "var": [1.16262890515e-06, 0.000381837307941, 0.000217524240725, 5.65852897125e-05, 1.67246962519e-05, 1.02999292722e-05, 5.70471138417e-06, 2.82735027213e-06, 2.81344341602e-06, 2.08310484595e-06, 1.20287825212e-06, 1.452019319e-06, 1.03917284378e-06, 5.50293748347e-07, 4.35142055721e-07, 2.36027446476e-07, 1.98918556293e-07, 1.06737758188e-07, 7.01866227359e-08, 5.70663196697e-08, 4.2674002998e-08, 2.18157580889e-08, 1.33331781171e-08, 6.93605484159e-09, 3.43478578912e-09, 1.52789358943e-09, 8.38479771725e-11]
    },
    "erbbands": {
        "dmean": [0.236978083849, 1.72754609585, 5.42059755325, 10.9146747589, 9.20408630371, 7.25559854507, 9.19398498535, 14.9928884506, 16.6659431458, 13.2207221985, 14.9642410278, 17.517621994, 16.6100177765, 18.1470050812, 16.650144577, 20.7346477509, 20.5936584473, 17.7943668365, 17.0346717834, 17.9739704132, 14.8027772903, 12.5510149002, 10.7232885361, 8.2922296524, 7.17451381683, 6.9460978508, 5.16289997101, 3.90091538429, 2.8815870285, 2.27314519882, 1.85263752937, 1.18360853195, 0.728091835976, 0.413330405951, 0.237152412534, 0.110705517232, 0.0410896092653, 0.00957859121263, 0.000673098023981, 2.90235457214e-05],
        "dmean2": [0.343081027269, 2.7218940258, 8.97373485565, 17.7242603302, 15.3941173553, 11.8147554398, 14.6339864731, 25.5976428986, 28.2349376678, 20.990442276, 23.4013938904, 28.2220592499, 26.5472736359, 29.3209114075, 26.4623603821, 32.696346283, 32.7588768005, 28.7279701233, 27.2234210968, 28.3971157074, 23.8166007996, 20.4237613678, 17.5745639801, 13.552236557, 11.6879997253, 11.2753152847, 8.10987281799, 6.13448619843, 4.52893161774, 3.59074640274, 2.96992444992, 1.87990760803, 1.14815080166, 0.648587465286, 0.374525696039, 0.175728991628, 0.0654623880982, 0.0150263179094, 0.00109009526204, 4.59766451968e-05],
        "dvar": [0.187944740057, 11.5141477585, 181.634140015, 627.785949707, 294.91394043, 142.391326904, 220.340332031, 819.221740723, 1020.93865967, 520.370788574, 592.945495605, 829.169067383, 971.356811523, 1167.62255859, 834.854309082, 1647.74975586, 1345.2800293, 849.875061035, 822.275756836, 940.452819824, 575.203125, 423.938140869, 273.559112549, 168.37286377, 122.495819092, 125.010437012, 64.2667770386, 33.0388183594, 18.8057460785, 12.2876157761, 8.52612400055, 3.08255410194, 1.24244558811, 0.394441634417, 0.14088101685, 0.0301779452711, 0.00448590004817, 0.000324167078361, 2.15887689592e-06, 1.54838275535e-09],
        "dvar2": [0.357118040323, 29.2560958862, 443.22467041, 1510.25585938, 755.78894043, 366.488311768, 538.661437988, 2239.32421875, 2666.96679688, 1196.26171875, 1338.40270996, 1955.18615723, 2286.95239258, 2863.43603516, 2014.19628906, 3859.93774414, 3064.8215332, 2089.39086914, 1976.57214355, 2254.49462891, 1396.15234375, 1054.78808594, 699.317077637, 438.561767578, 317.193359375, 311.332733154, 152.027175903, 78.2370529175, 44.5279197693, 29.6992359161, 21.6188201904, 7.42665672302, 3.09123921394, 0.961672127247, 0.346638441086, 0.0740833505988, 0.0108873667195, 0.000780791277066, 5.27043403054e-06, 3.67737151841e-09],
        "max": [6.64782476425, 48.4200210571, 121.149230957, 278.404663086, 204.835876465, 221.456863403, 212.090377808, 385.288604736, 541.339172363, 448.689239502, 578.278198242, 578.659118652, 602.532531738, 905.965332031, 764.705688477, 1157.89160156, 646.592407227, 442.02166748, 472.181854248, 553.708190918, 413.513671875, 421.043548584, 196.811645508, 187.310333252, 117.625144958, 134.358596802, 130.517196655, 73.5654983521, 54.6095352173, 37.1769485474, 37.2729873657, 22.2654685974, 14.2675867081, 7.20464515686, 4.4631524086, 1.95788812637, 0.827174305916, 0.269094944, 0.0188088137656, 0.000485818745801],
        "mean": [0.448452889919, 2.57850241661, 6.20094347, 11.2691907883, 10.4148283005, 10.742146492, 15.1710758209, 19.3151779175, 22.0803089142, 22.6205558777, 25.0036411285, 27.2223739624, 25.1635856628, 27.1960334778, 26.2489089966, 30.8896484375, 30.2818431854, 26.0333709717, 26.2128257751, 25.1890525818, 20.0846424103, 17.6252918243, 15.7970132828, 12.6052408218, 10.6726007462, 9.63015937805, 7.78120088577, 5.89715433121, 4.35173034668, 3.27956342697, 2.57592439651, 1.659324646, 1.00850820541, 0.549770176411, 0.300162553787, 0.135559409857, 0.0476855002344, 0.0105852577835, 0.00065479031764, 5.52833771508e-05],
        "median": [0.127591043711, 0.82358789444, 1.60187792778, 3.29176354408, 4.03594970703, 5.55562543869, 8.38447189331, 8.66452789307, 8.84153366089, 10.1350574493, 12.3265542984, 13.1444940567, 12.3768968582, 13.6267709732, 13.2298297882, 13.8470258713, 14.3474874496, 14.5575866699, 14.5590305328, 13.1128368378, 11.3410196304, 10.4210577011, 9.76286888123, 8.07782077789, 6.90360450745, 5.57249736786, 4.39997053146, 3.28591275215, 2.46938538551, 1.79037570953, 1.32572209835, 0.890978336334, 0.562084317207, 0.301343560219, 0.155007705092, 0.0655941441655, 0.0219296570867, 0.00412448635325, 0.000156612382852, 4.19517273258e-05],
        "min": [2.19696231714e-23, 4.43584741646e-22, 1.26324232222e-21, 4.23860836025e-21, 4.47635977846e-21, 1.8642780157e-20, 4.58590967239e-20, 6.01617959162e-20, 9.63224487584e-20, 2.44845745659e-19, 2.38581584428e-19, 3.3215269476e-19, 4.81001286899e-19, 5.88925557671e-19, 5.76358978107e-19, 1.0213845258e-18, 1.62433043297e-18, 2.11815064122e-18, 1.91584935355e-18, 2.48414166632e-18, 2.68732224698e-18, 3.67724795672e-18, 5.69468191373e-18, 5.72978828611e-18, 7.06420763081e-18, 7.73107981347e-18, 8.71686817257e-18, 1.07650682853e-17, 9.23037445222e-18, 1.01467226533e-17, 1.01336945586e-17, 1.05723343754e-17, 9.65705406451e-18, 8.53991521439e-18, 5.75168375692e-18, 4.31365011433e-18, 2.30780185577e-18, 8.89760755001e-19, 2.3759636062e-19, 2.71865025219e-20],
        "var": [0.525710582733, 17.2921619415, 195.283004761, 599.56628418, 284.172119141, 217.138031006, 398.566894531, 854.698120117, 1358.6081543, 1226.22668457, 1419.23815918, 1644.57324219, 1613.63977051, 1782.25500488, 1474.01782227, 2721.42651367, 2341.64819336, 1191.16918945, 1285.1229248, 1282.98303223, 699.528076172, 504.412902832, 350.879394531, 209.058288574, 148.940734863, 148.274078369, 92.1492156982, 50.2957954407, 28.1536655426, 16.9681625366, 10.8973388672, 4.21075057983, 1.5652179718, 0.482050269842, 0.161339476705, 0.0349046476185, 0.00477407220751, 0.000333158590365, 2.06317690754e-06, 2.48429210536e-09]
    },
    "gfcc": {
        "mean": [-15.6312294006, 91.5754699707, -107.662818909, 30.8869819641, -50.1759490967, 15.9303922653, -32.0477828979, 9.42435836792, -21.4140014648, 6.04631090164, -14.9363298416, 2.74942517281, -11.4416370392],
        "cov": [[34625.921875, 672.671264648, -3046.13671875, 684.927612305, -1222.77172852, 485.71862793, -1078.30114746, 304.916564941, -683.997375488, 277.444366455, -586.731140137, 227.139022827, -405.520599365], [672.671264648, 1586.09289551, 151.733001709, 27.8938751221, 134.468566895, -49.6784477234, 142.190338135, -51.550579071, 93.1081085205, -80.5604400635, 113.154006958, -98.372467041, 59.4468154907], [-3046.13671875, 151.733001709, 1055.33435059, 159.063751221, 295.915161133, 59.8519515991, 164.991958618, 10.8715734482, 80.5404434204, -40.2724456787, 47.1415710449, -19.0310344696, 14.5959291458], [684.927612305, 27.8938751221, 159.063751221, 355.519378662, 106.488670349, 112.000854492, 35.3878517151, 45.8224143982, 15.094285965, 7.08242702484, -9.18529605865, -2.85826182365, 4.81764984131], [-1222.77172852, 134.468566895, 295.915161133, 106.488670349, 294.530792236, 60.4859771729, 129.121780396, 16.5777931213, 73.633934021, 0.594880402088, 44.530456543, -13.3046064377, 24.489025116], [485.71862793, -49.6784477234, 59.8519515991, 112.000854492, 60.4859771729, 165.363357544, 42.0988922119, 49.6850624084, 11.912610054, 24.1742248535, 2.14765906334, 10.8594741821, -3.06455183029], [-1078.30114746, 142.190338135, 164.991958618, 35.3878517151, 129.121780396, 42.0988922119, 178.201766968, 37.3132171631, 73.0725479126, 4.0121922493, 49.237411499, -5.74868631363, 33.2072143555], [304.916564941, -51.550579071, 10.8715734482, 45.8224143982, 16.5777931213, 49.6850624084, 37.3132171631, 98.3731536865, 34.8218994141, 32.7626075745, 9.22585201263, 18.1750888824, 3.12833142281], [-683.997375488, 93.1081085205, 80.5404434204, 15.094285965, 73.633934021, 11.912610054, 73.0725479126, 34.8218994141, 100.202423096, 29.7329902649, 49.0530433655, -0.715299904346, 26.2016944885], [277.444366455, -80.5604400635, -40.2724456787, 7.08242702484, 0.594880402088, 24.1742248535, 4.0121922493, 32.7626075745, 29.7329902649, 76.4303131104, 25.2797260284, 27.3998146057, 4.10328960419], [-586.731140137, 113.154006958, 47.1415710449, -9.18529605865, 44.530456543, 2.14765906334, 49.237411499, 9.22585201263, 49.0530433655, 25.2797260284, 91.9492721558, 21.9991817474, 29.9854984283], [227.139022827, -98.372467041, -19.0310344696, -2.85826182365, -13.3046064377, 10.8594741821, -5.74868631363, 18.1750888824, -0.715299904346, 27.3998146057, 21.9991817474, 71.0384216309, 23.7886371613], [-405.520599365, 59.4468154907, 14.5959291458, 4.81764984131, 24.489025116, -3.06455183029, 33.2072143555, 3.12833142281, 26.2016944885, 4.10328960419, 29.9854984283, 23.7886371613, 68.1755371094]],
        "icov": [[0.000121810197015, -0.000306108035147, 0.000263332825853, -0.000257484673057, 9.62926496868e-05, -0.000292572338367, 0.000383989972761, -0.000377109070541, 0.00041252412484, -0.000518822984304, 0.000707483384758, -0.000766864570323, 0.000564906629734], [-0.000306108035147, 0.00170629145578, -0.000591086631175, 0.000453021522844, -0.00021322433895, 0.000892895041034, -0.0012142045889, 0.00118876202032, -0.00133597035892, 0.00229956721887, -0.00317565607838, 0.00336269917898, -0.00196204916574], [0.000263332825853, -0.000591086631175, 0.00201160646975, -0.00092061329633, -0.000869522569701, -0.000527569209225, 0.000331368675688, -0.000574284989852, 0.00037880052696, 5.88188886468e-05, 0.00126553198788, -0.00211476697586, 0.00190188444685], [-0.000257484673057, 0.000453021522844, -0.00092061329633, 0.00466973846778, -0.00131773960311, -0.00162838632241, 0.000189371843589, -0.000483988493215, -0.000431537657278, 0.000923168903682, -0.000453386921436, 0.00202519213781, -0.00212632096373], [9.62926496868e-05, -0.00021322433895, -0.000869522569701, -0.00131773960311, 0.00697854114696, -0.00130818726029, -0.00253789499402, 0.00152859441005, -0.00191150035243, -0.000365684798453, 4.48887585662e-05, 4.06264052799e-06, 0.000373950198991], [-0.000292572338367, 0.000892895041034, -0.000527569209225, -0.00162838632241, -0.00130818726029, 0.0101972622797, -0.00274317734875, -0.00199215859175, 0.0013346777996, -0.000812569574919, -0.00153739866801, 0.00131243804935, -0.00018078192079], [0.000383989972761, -0.0012142045889, 0.000331368675688, 0.000189371843589, -0.00253789499402, -0.00274317734875, 0.0130561236292, -0.0043504810892, -0.00235808105208, 0.000738157716114, 9.41808393691e-05, -0.000683814636432, -0.00105399242602], [-0.000377109070541, 0.00118876202032, -0.000574284989852, -0.000483988493215, 0.00152859441005, -0.00199215859175, -0.0043504810892, 0.0178229101002, -0.00712193222716, -0.00129841302987, 0.000544922833797, -0.00160898920149, 0.000677122210618], [0.00041252412484, -0.00133597035892, 0.00037880052696, -0.000431537657278, -0.00191150035243, 0.0013346777996, -0.00235808105208, -0.00712193222716, 0.0246377848089, -0.00957087054849, -0.00361195905134, 0.00401921896264, -0.00291662872769], [-0.000518822984304, 0.00229956721887, 5.88188886468e-05, 0.000923168903682, -0.000365684798453, -0.000812569574919, 0.000738157716114, -0.00129841302987, -0.00957087054849, 0.025208575651, -0.00772809563205, -0.00242837076075, 0.00103331438731], [0.000707483384758, -0.00317565607838, 0.00126553198788, -0.000453386921436, 4.48887585662e-05, -0.00153739866801, 9.41808393691e-05, 0.000544922833797, -0.00361195905134, -0.00772809563205, 0.0248127095401, -0.0114783868194, 0.00152745749801], [-0.000766864570323, 0.00336269917898, -0.00211476697586, 0.00202519213781, 4.06264052799e-06, 0.00131243804935, -0.000683814636432, -0.00160898920149, 0.00401921896264, -0.00242837076075, -0.0114783868194, 0.0299115628004, -0.01350665465], [0.000564906629734, -0.00196204916574, 0.00190188444685, -0.00212632096373, 0.000373950198991, -0.00018078192079, -0.00105399242602, 0.000677122210618, -0.00291662872769, 0.00103331438731, 0.00152745749801, -0.01350665465, 0.0249218009412]]
    },
    "melbands": {
        "dmean": [0.00205841567367, 0.00243111117743, 0.00181881000753, 0.0005520908162, 0.000307599606458, 0.000335079064826, 0.000242959737079, 0.000137719020131, 0.000123270612676, 0.000107324056444, 8.49940115586e-05, 7.74089421611e-05, 6.29829373793e-05, 5.44882241229e-05, 5.02837574459e-05, 4.30933541793e-05, 3.33336938638e-05, 2.99139319395e-05, 2.18170680455e-05, 2.2887103114e-05, 1.75604782271e-05, 1.38838277053e-05, 1.16560822789e-05, 9.41394409892e-06, 6.79329923514e-06, 5.82631264479e-06, 4.93967354487e-06, 4.67357904199e-06, 3.56873101737e-06, 2.63292668023e-06, 2.28820044867e-06, 1.73326282038e-06, 1.48697051827e-06, 1.21912125906e-06, 1.15616796847e-06, 9.20674494864e-07, 6.5807057581e-07, 5.43855151136e-07, 4.3470009814e-07, 3.28733023025e-07],
        "dmean2": [0.00310472981073, 0.00401207385585, 0.00295415939763, 0.000916408898775, 0.000486989301862, 0.00056928570848, 0.000410460517742, 0.000218371060328, 0.000193581930944, 0.000173830427229, 0.000135996029712, 0.000124845930259, 0.000100583652966, 8.67336639203e-05, 7.90431295172e-05, 6.98989533703e-05, 5.40727742191e-05, 4.81912757095e-05, 3.46007036569e-05, 3.68758373952e-05, 2.843378752e-05, 2.27218952205e-05, 1.94096646737e-05, 1.54883491632e-05, 1.12594980237e-05, 9.55547875492e-06, 8.1597645476e-06, 7.65791992308e-06, 5.69488975088e-06, 4.20062269768e-06, 3.61927664017e-06, 2.75476486422e-06, 2.37321637542e-06, 1.94785479835e-06, 1.88109618193e-06, 1.4859268731e-06, 1.05595029254e-06, 8.73387079992e-07, 6.87911096975e-07, 5.22026425642e-07],
        "dvar": [1.40393676702e-05, 2.74476897175e-05, 1.5393277863e-05, 8.4966796976e-07, 2.27975220923e-07, 3.92502641944e-07, 2.07649009099e-07, 5.23831893418e-08, 3.62125049946e-08, 3.17647383952e-08, 2.5178765739e-08, 2.23389520215e-08, 1.40720368691e-08, 1.12006288688e-08, 8.22189250016e-09, 5.62798119219e-09, 3.04817882046e-09, 2.72582911798e-09, 1.27442201237e-09, 1.49003820393e-09, 8.56575754771e-10, 5.44212286346e-10, 3.84278969756e-10, 2.20301443754e-10, 1.18583920461e-10, 8.91094489863e-11, 5.62346939847e-11, 5.96380791973e-11, 3.18498873109e-11, 1.70342125821e-11, 1.19907053037e-11, 6.90690083252e-12, 5.22458638852e-12, 3.5889637616e-12, 3.47687915785e-12, 1.97838078385e-12, 9.55483955845e-13, 7.36876163386e-13, 4.3540315125e-13, 2.61144133661e-13],
        "dvar2": [3.14824101224e-05, 6.77542993799e-05, 3.70755951735e-05, 2.17377623812e-06, 5.60268858862e-07, 1.07058701815e-06, 5.40981091035e-07, 1.22187628904e-07, 8.26711783475e-08, 7.63360858969e-08, 5.94186566616e-08, 5.46241807342e-08, 3.33693570553e-08, 2.66111310765e-08, 1.86781274891e-08, 1.34482220915e-08, 7.53092699313e-09, 6.57718812747e-09, 3.0094200465e-09, 3.71200981064e-09, 2.10563677605e-09, 1.35818589708e-09, 9.89567316978e-10, 5.66229951815e-10, 3.11841358291e-10, 2.31724778255e-10, 1.44920436762e-10, 1.49775677971e-10, 7.70324151689e-11, 4.08691171183e-11, 2.85664339406e-11, 1.65276438369e-11, 1.26885359858e-11, 8.73241669946e-12, 8.94769154602e-12, 4.87703410643e-12, 2.32190720643e-12, 1.86882453956e-12, 1.06536199133e-12, 6.44183762322e-13],
        "max": [0.0534199550748, 0.0519387945533, 0.0403081811965, 0.0110926730558, 0.0069711105898, 0.00851161312312, 0.00848347134888, 0.00442366674542, 0.00431587547064, 0.00313249276951, 0.00297594373114, 0.00401402404532, 0.00231482135132, 0.00242201704532, 0.00158483849373, 0.00119472318329, 0.000927943619899, 0.000895954144653, 0.00052669463912, 0.000603041262366, 0.000463834468974, 0.000592526921537, 0.000218106812099, 0.000290456431685, 0.000150644016685, 0.000163307151524, 8.5094885435e-05, 9.56658404903e-05, 9.17044089874e-05, 6.10912684351e-05, 4.23566598329e-05, 3.21364714182e-05, 2.67897139565e-05, 2.01826715056e-05, 2.42213409365e-05, 1.67656398844e-05, 1.34875235744e-05, 1.14724825835e-05, 7.3729606811e-06, 5.86088481214e-06],
        "mean": [0.00371987838298, 0.00336325261742, 0.00193867553025, 0.000723459292203, 0.000531571684405, 0.000440798234195, 0.000330958690029, 0.000237525309785, 0.000204358279007, 0.0001616559166, 0.000125367063447, 0.000113008114567, 9.46073341765e-05, 7.88833058323e-05, 7.43016280467e-05, 5.87183385505e-05, 4.74579428555e-05, 4.4083029934e-05, 3.13868513331e-05, 3.01290274365e-05, 2.2756647013e-05, 1.88211506611e-05, 1.56634614541e-05, 1.35093705467e-05, 9.70673409029e-06, 8.27270559967e-06, 6.89755688654e-06, 6.18518924966e-06, 5.17768285135e-06, 3.80767846764e-06, 3.31382580043e-06, 2.54669794231e-06, 2.06443905881e-06, 1.71195688381e-06, 1.55282373271e-06, 1.23111385619e-06, 9.18566058772e-07, 7.35767457627e-07, 5.73123315917e-07, 4.23987785325e-07],
        "median": [0.00128619302996, 0.00110569852404, 0.000633368967101, 0.000359025842045, 0.000310138129862, 0.000207289864193, 0.000137863404234, 0.000111294073577, 0.000101253252069, 7.42835691199e-05, 5.76242382522e-05, 5.31486402906e-05, 4.10899301642e-05, 3.26331428369e-05, 3.2918582292e-05, 2.93186731142e-05, 2.46131075983e-05, 2.29086999752e-05, 1.73940225068e-05, 1.51034555529e-05, 1.19118549264e-05, 1.06861079985e-05, 8.87527949089e-06, 7.91375441622e-06, 5.94989751335e-06, 5.05785055793e-06, 4.20356673203e-06, 3.39155963047e-06, 2.88452883979e-06, 2.10661846722e-06, 1.76703053967e-06, 1.42962960581e-06, 1.10187068003e-06, 8.93775677469e-07, 7.77137472596e-07, 6.1076940483e-07, 4.98428903484e-07, 3.98514060862e-07, 3.09690676659e-07, 2.27883845128e-07],
        "min": [3.43889169793e-25, 9.72723871844e-25, 1.07003854197e-24, 4.79777659073e-25, 1.42501244008e-24, 1.40329835341e-24, 1.57985242514e-24, 2.33060198091e-24, 1.94670518797e-24, 1.44434456125e-24, 2.02475193049e-24, 2.0193107624e-24, 1.92690773748e-24, 2.60370779567e-24, 2.00559680999e-24, 2.33679611674e-24, 3.46374663429e-24, 1.76435821479e-24, 2.10977673936e-24, 2.41396308214e-24, 2.58194253165e-24, 2.87255888913e-24, 3.06312204585e-24, 3.34753953434e-24, 3.4546309521e-24, 5.16103648657e-24, 4.20136984043e-24, 4.37775164466e-24, 4.59888316146e-24, 5.0128059726e-24, 5.09884427052e-24, 4.23953256444e-24, 4.20218236716e-24, 5.23939759016e-24, 4.80676694264e-24, 5.45153214833e-24, 5.79256263412e-24, 5.49606019099e-24, 5.86252000248e-24, 5.94693561352e-24],
        "var": [3.21915285895e-05, 3.72598551621e-05, 1.50586811287e-05, 9.8078010069e-07, 4.37028887745e-07, 4.22167033776e-07, 2.83944586954e-07, 1.2688219897e-07, 8.48644177154e-08, 5.86218327214e-08, 4.16314556162e-08, 3.38413492784e-08, 2.53024357022e-08, 1.84306951923e-08, 1.39171714153e-08, 7.90729259847e-09, 4.3616772416e-09, 4.20258006173e-09, 1.75768888333e-09, 1.81790704712e-09, 1.00562125294e-09, 6.31616647873e-10, 4.31554014746e-10, 2.91845991818e-10, 1.3855509795e-10, 1.03891083236e-10, 6.57211923771e-11, 6.79303766016e-11, 4.33818571344e-11, 2.37923482999e-11, 1.75730818786e-11, 1.00838885853e-11, 7.00800615455e-12, 4.87668412597e-12, 4.22496022542e-12, 2.53274809979e-12, 1.29276613286e-12, 8.78350181217e-13, 5.35098549671e-13, 3.03966514502e-13]
    },
    "mfcc": {
        "mean": [-645.769042969, 120.762046814, 1.05953967571, 22.3303489685, 5.00843954086, 9.13904190063, 2.08367991447, 4.42175197601, 0.517308592796, 3.50134301186, 0.491690546274, 1.97536170483, -0.36932516098],
        "cov": [[12653.3203125, 1148.78234863, -432.285980225, 58.2845497131, -86.6730270386, 41.466129303, -140.485244751, -45.639591217, -57.0897865295, -43.4180297852, -119.483016968, -44.5358161926, -67.1920776367], [1148.78234863, 1416.20117188, 86.7462997437, 148.521087646, 65.4854278564, 29.3328037262, 57.4934806824, 39.1681938171, 5.89419555664, 32.6024551392, 42.6528358459, 17.7470436096, 11.1980466843], [-432.285980225, 86.7462997437, 531.040283203, 155.896865845, 144.233673096, 86.1686096191, 73.7418670654, 70.868850708, 30.0028915405, 24.3130607605, 16.6498355865, 12.4062871933, 7.73929309845], [58.2845497131, 148.521087646, 155.896865845, 259.004974365, 120.583572388, 85.0440673828, 60.7539520264, 53.1036262512, 47.4300956726, 31.2860088348, 17.3107013702, 16.0943336487, 8.52249622345], [-86.6730270386, 65.4854278564, 144.233673096, 120.583572388, 187.689727783, 92.6688842773, 58.4531097412, 47.1147003174, 28.2775936127, 33.3766136169, 19.0561332703, 12.0710964203, 9.46683311462], [41.466129303, 29.3328037262, 86.1686096191, 85.0440673828, 92.6688842773, 138.877182007, 70.7649536133, 45.3582954407, 36.4475631714, 24.997297287, 19.1191749573, 17.447511673, 9.33691883087], [-140.485244751, 57.4934806824, 73.7418670654, 60.7539520264, 58.4531097412, 70.7649536133, 107.262710571, 59.2772293091, 34.6841125488, 26.1470394135, 22.3473930359, 19.3362083435, 14.7273845673], [-45.639591217, 39.1681938171, 70.868850708, 53.1036262512, 47.1147003174, 45.3582954407, 59.2772293091, 89.1558303833, 44.4260025024, 23.5135765076, 20.0646038055, 17.3961811066, 10.9096918106], [-57.0897865295, 5.89419555664, 30.0028915405, 47.4300956726, 28.2775936127, 36.4475631714, 34.6841125488, 44.4260025024, 80.6139678955, 36.7656021118, 14.7806615829, 12.6142911911, 9.2412405014], [-43.4180297852, 32.6024551392, 24.3130607605, 31.2860088348, 33.3766136169, 24.997297287, 26.1470394135, 23.5135765076, 36.7656021118, 74.3505249023, 36.14894104, 12.5419416428, 9.67570972443], [-119.483016968, 42.6528358459, 16.6498355865, 17.3107013702, 19.0561332703, 19.1191749573, 22.3473930359, 20.0646038055, 14.7806615829, 36.14894104, 72.0713729858, 34.1886405945, 10.010178566], [-44.5358161926, 17.7470436096, 12.4062871933, 16.0943336487, 12.0710964203, 17.447511673, 19.3362083435, 17.3961811066, 12.6142911911, 12.5419416428, 34.1886405945, 61.1974449158, 27.3886013031], [-67.1920776367, 11.1980466843, 7.73929309845, 8.52249622345, 9.46683311462, 9.33691883087, 14.7273845673, 10.9096918106, 9.2412405014, 9.67570972443, 10.010178566, 27.3886013031, 52.9444847107]],
