{
"lowlevel": {
    "average_loudness": 0.780425786972,
    "barkbands_crest": {
        "dmean": 3.25890755653,
        "dmean2": 4.98443317413,
        "dvar": 8.62302780151,
        "dvar2": 19.055929184,
        "max": 26.6233348846,
        "mean": 12.8515501022,
        "median": 11.5184345245,
        "min": 2.12017083168,
        "var": 35.085559845
    },
    "barkbands_flatness_db": {
        "dmean": 0.0422773845494,
        "dmean2": 0.060575351119,
        "dvar": 0.00192443991546,
        "dvar2": 0.00375986890867,
        "max": 0.66121160984,
        "mean": 0.195926591754,
        "median": 0.187129229307,
        "min": 0.0160347204655,
        "var": 0.00820256397128
    },
    "barkbands_kurtosis": {
        "dmean": 17.8382453918,
        "dmean2": 27.1942386627,
        "dvar": 2522.47729492,
        "dvar2": 5358.28222656,
        "max": 1347.15991211,
        "mean": 27.6827507019,
        "median": 8.44676780701,
        "min": -1.94520318508,
        "var": 4908.72265625
    },
    "barkbands_skewness": {
        "dmean": 1.20496976376,
        "dmean2": 1.80588197708,
        "dvar": 2.622631073,
        "dvar2": 5.19210624695,
        "max": 33.2934875488,
        "mean": 3.19472885132,
        "median": 2.40263700485,
        "min": -3.27585291862,
        "var": 9.37675476074
    },
    "barkbands_spread": {
        "dmean": 6.48862934113,
        "dmean2": 10.228553772,
        "dvar": 98.5518569946,
        "dvar2": 226.014389038,
        "max": 153.0362854,
        "mean": 12.9641304016,
        "median": 8.16558361053,
        "min": 0.0789552405477,
        "var": 195.325195312
    },
    "dissonance": {
        "dmean": 0.0224046800286,
        "dmean2": 0.0380215421319,
        "dvar": 0.000505447620526,
        "dvar2": 0.00139646907337,
        "max": 0.500000119209,
        "mean": 0.464993804693,
        "median": 0.472301721573,
        "min": 0.000334706332069,
        "var": 0.000831634039059
    },
    "dynamic_complexity": 3.50761318207,
    "erbbands_crest": {
        "dmean": 2.66993832588,
        "dmean2": 4.37091350555,
        "dvar": 6.40555906296,
        "dvar2": 15.5426158905,
        "max": 32.3250770569,
        "mean": 8.32205963135,
        "median": 7.47960329056,
        "min": 1.91430473328,
        "var": 15.14158535
    },
    "erbbands_flatness_db": {
        "dmean": 0.0233613234013,
        "dmean2": 0.0346547886729,
        "dvar": 0.000588016293477,
        "dvar2": 0.00115794863086,
        "max": 0.421174734831,
        "mean": 0.156867831945,
        "median": 0.147222444415,
        "min": 0.0176498405635,
        "var": 0.00349588971585
    },
    "erbbands_kurtosis": {
        "dmean": 1.55163967609,
        "dmean2": 2.48665475845,
        "dvar": 5.69505214691,
        "dvar2": 13.4598340988,
        "max": 97.4802017212,
        "mean": 1.466355443,
        "median": 0.490244865417,
        "min": -1.79337501526,
        "var": 10.8720989227
    },
    "erbbands_skewness": {
        "dmean": 0.481284409761,
        "dmean2": 0.757469713688,
        "dvar": 0.219823941588,
        "dvar2": 0.519487142563,
        "max": 8.39492225647,
        "mean": 0.82253074646,
        "median": 0.783952355385,
        "min": -3.49785113335,
        "var": 0.656132638454
    },
    "erbbands_spread": {
        "dmean": 11.285451889,
        "dmean2": 17.3024997711,
        "dvar": 165.612976074,
        "dvar2": 355.340545654,
        "max": 188.857345581,
        "mean": 39.7044715881,
        "median": 35.7604942322,
        "min": 1.21522212029,
        "var": 552.684082031
    },
    "hfc": {
        "dmean": 10.2596988678,
        "dmean2": 16.1812820435,
        "dvar": 329.151824951,
        "dvar2": 804.21875,
        "max": 214.792358398,
        "mean": 16.4885597229,
        "median": 11.0438098907,
        "min": 1.04235662731e-16,
        "var": 376.114440918
    },
    "melbands_crest": {
        "dmean": 4.0301823616,
        "dmean2": 6.33024549484,
        "dvar": 13.9820737839,
        "dvar2": 32.0587272644,
        "max": 39.6228713989,
        "mean": 18.0161914825,
        "median": 16.5593681335,
        "min": 1.00032031536,
        "var": 70.5942153931
    },
    "melbands_flatness_db": {
        "dmean": 0.0500492081046,
        "dmean2": 0.0721977353096,
        "dvar": 0.00274661323056,
        "dvar2": 0.00550682796165,
        "max": 0.817790210247,
        "mean": 0.283360719681,
        "median": 0.275960803032,
        "min": -1.72572924839e-07,
        "var": 0.0122464168817
    },
    "melbands_kurtosis": {
        "dmean": 35.5305633545,
        "dmean2": 55.3573608398,
        "dvar": 19078.1074219,
        "dvar2": 39840,
        "max": 5705.19580078,
        "mean": 58.7089881897,
        "median": 17.1025047302,
        "min": -1.72345888615,
        "var": 34370.5703125
    },
    "melbands_skewness": {
        "dmean": 1.4749455452,
        "dmean2": 2.26143836975,
        "dvar": 4.86328411102,
        "dvar2": 9.88614082336,
        "max": 56.2083587646,
        "mean": 4.3007850647,
        "median": 3.22587203979,
        "min": -2.79489207268,
        "var": 16.6587924957
    },
    "melbands_spread": {
        "dmean": 6.24497938156,
        "dmean2": 10.0755577087,
        "dvar": 114.787094116,
        "dvar2": 264.074981689,
        "max": 239.097839355,
        "mean": 12.5170631409,
        "median": 7.53151035309,
        "min": 0.0357050448656,
        "var": 306.621643066
    },
    "pitch_salience": {
        "dmean": 0.101213686168,
        "dmean2": 0.156411424279,
        "dvar": 0.00941686332226,
        "dvar2": 0.0193973574787,
        "max": 0.997746407986,
        "mean": 0.50597769022,
        "median": 0.554427146912,
        "min": 0.0148923713714,
        "var": 0.0413847193122
    },
    "silence_rate_20dB": {
        "dmean": 0,
        "dmean2": 0,
        "dvar": 0,
        "dvar2": 0,
        "max": 1,
        "mean": 1,
        "median": 1,
        "min": 1,
        "var": 0
    },
    "silence_rate_30dB": {
        "dmean": 0.0938086286187,
        "dmean2": 0.187624588609,
        "dvar": 0.0850017294288,
        "dvar2": 0.181013017893,
        "max": 1,
        "mean": 0.788547992706,
        "median": 1,
        "min": 0,
        "var": 0.166753098369
    },
    "silence_rate_60dB": {
        "dmean": 0.0171982496977,
        "dmean2": 0.0343978404999,
        "dvar": 0.0169086772949,
        "dvar2": 0.0390620715916,
        "max": 1,
        "mean": 0.0826656222343,
        "median": 0,
        "min": 0,
        "var": 0.0758357271552
    },
    "spectral_centroid": {
        "dmean": 304.515075684,
        "dmean2": 481.689331055,
        "dvar": 182866.09375,
        "dvar2": 404379.6875,
        "max": 11506.0625,
        "mean": 925.878601074,
        "median": 708.205627441,
        "min": 63.8986854553,
        "var": 518661.875
    },
    "spectral_complexity": {
        "dmean": 5.11991882324,
        "dmean2": 8.02673625946,
        "dvar": 46.1243858337,
        "dvar2": 101.126785278,
        "max": 57,
        "mean": 14.1145982742,
        "median": 12,
        "min": 0,
        "var": 86.1957397461
    },
    "spectral_decrease": {
        "dmean": 5.90099746844e-09,
        "dmean2": 9.1506828781e-09,
        "dvar": 7.12910507838e-17,
        "dvar2": 1.82724131139e-16,
        "max": 1.83968415332e-28,
        "mean": -1.5230433803e-08,
        "median": -9.21139609034e-09,
        "min": -1.02793038081e-07,
        "var": 2.43879579058e-16
    },
    "spectral_energy": {
        "dmean": 0.02270389162,
        "dmean2": 0.035198289901,
        "dvar": 0.00103243906051,
        "dvar2": 0.00264730025083,
        "max": 0.390337139368,
        "mean": 0.0589785017073,
        "median": 0.0364869609475,
        "min": 9.91182497586e-21,
        "var": 0.00354321510531
    },
    "spectral_energyband_high": {
        "dmean": 0.000639310164843,
        "dmean2": 0.001035029185,
        "dvar": 2.36048981606e-06,
        "dvar2": 5.75036528971e-06,
        "max": 0.0229154899716,
        "mean": 0.000659147917759,
        "median": 0.000114488153486,
        "min": 7.03767284644e-21,
        "var": 2.25486564887e-06
    },
    "spectral_energyband_low": {
        "dmean": 0.0198750160635,
        "dmean2": 0.0306828245521,
        "dvar": 0.00102785974741,
        "dvar2": 0.00250771758147,
        "max": 0.387953400612,
        "mean": 0.0429538227618,
        "median": 0.0137164052576,
        "min": 1.47996222276e-23,
        "var": 0.00328570185229
    },
    "spectral_energyband_middle_high": {
        "dmean": 0.00197276496328,
        "dmean2": 0.00333021301776,
        "dvar": 1.88259218703e-05,
        "dvar2": 4.99025154568e-05,
        "max": 0.0591821074486,
        "mean": 0.00253460882232,
        "median": 0.0011835002806,
        "min": 1.303082499e-21,
        "var": 1.81796385732e-05
    },
    "spectral_energyband_middle_low": {
        "dmean": 0.00846927240491,
        "dmean2": 0.0137013606727,
        "dvar": 0.000249666481977,
        "dvar2": 0.000616164295934,
        "max": 0.207981139421,
        "mean": 0.0143213151023,
        "median": 0.00920881982893,
        "min": 1.75597420898e-22,
        "var": 0.000302822911181
    },
    "spectral_entropy": {
        "dmean": 0.270905941725,
        "dmean2": 0.414443999529,
        "dvar": 0.0909821465611,
        "dvar2": 0.194937393069,
        "max": 9.81648254395,
        "mean": 7.38827085495,
        "median": 7.40868520737,
        "min": 4.69112920761,
        "var": 0.339441627264
    },
    "spectral_flux": {
        "dmean": 0.0399764142931,
        "dmean2": 0.0612335428596,
        "dvar": 0.00248788110912,
        "dvar2": 0.0049654962495,
        "max": 0.571806371212,
        "mean": 0.114837482572,
        "median": 0.0938553437591,
        "min": 6.5409691552e-11,
        "var": 0.00679179513827
    },
    "spectral_kurtosis": {
        "dmean": 2.9325170517,
        "dmean2": 4.75723314285,
        "dvar": 23.8168697357,
        "dvar2": 60.6184692383,
        "max": 212.518554688,
        "mean": 6.81287240982,
        "median": 4.58938217163,
        "min": -1.26726305485,
        "var": 62.9092674255
    },
    "spectral_rms": {
        "dmean": 0.00136171036866,
        "dmean2": 0.00206143688411,
        "dvar": 2.46754780164e-06,
        "dvar2": 5.90433728576e-06,
        "max": 0.0195145253092,
        "mean": 0.00654302351177,
        "median": 0.00596632482484,
        "min": 3.10967419349e-12,
        "var": 1.47290611494e-05
    },
    "spectral_rolloff": {
        "dmean": 450.595916748,
        "dmean2": 772.364685059,
        "dvar": 1174503.375,
        "dvar2": 2802231,
        "max": 19509.0820312,
        "mean": 830.033691406,
        "median": 430.6640625,
        "min": 21.533203125,
        "var": 2958943.75
    },
    "spectral_skewness": {
        "dmean": 0.352281749249,
        "dmean2": 0.553100645542,
        "dvar": 0.165528908372,
        "dvar2": 0.384318709373,
        "max": 10.7468957901,
        "mean": 1.91058695316,
        "median": 1.74957633018,
        "min": -0.0498125441372,
        "var": 0.668932318687
    },
    "spectral_spread": {
        "dmean": 753120.6875,
        "dmean2": 1109186.75,
        "dvar": 1.30649332122e+12,
        "dvar2": 2.53488057549e+12,
        "max": 47388948,
        "mean": 4568840,
        "median": 4323558,
        "min": 450425.34375,
        "var": 4.5218922496e+12
    },
    "spectral_strongpeak": {
        "dmean": 0.297196507454,
        "dmean2": 0.494775772095,
        "dvar": 0.149284943938,
        "dvar2": 0.378487586975,
        "max": 5.92276525497,
        "mean": 0.597029983997,
        "median": 0.464424550533,
        "min": 0,
        "var": 0.286893576384
    },
    "zerocrossingrate": {
        "dmean": 0.0120945228264,
        "dmean2": 0.0146977370605,
        "dvar": 0.000360917241778,
        "dvar2": 0.000459973554825,
        "max": 0.8740234375,
        "mean": 0.0405743680894,
        "median": 0.029296875,
        "min": 0.0009765625,
        "var": 0.00394979538396
    },
    "barkbands": {
        "dmean": [0.00182206521276, 0.0164644047618, 0.00615222519264, 0.00349877844565, 0.003407047363, 0.00147852511145, 0.00130168802571, 0.00111005629878, 0.000885646673851, 0.000597516831476, 0.000333826144924, 0.000314061151585, 0.00027854781365, 0.000180807051947, 0.000169129969436, 0.000137530339998, 0.000144959165482, 0.00015793456987, 0.000131879773107, 0.000120309457998, 0.000108146392449, 8.98620055523e-05, 9.52964328462e-05, 0.000130479485961, 0.000118874821055, 5.58366446057e-05, 7.34054492568e-06],
        "dmean2": [0.00249754730612, 0.0252068825066, 0.0103913741186, 0.00617203209549, 0.00584741635248, 0.00243954872712, 0.00205773324706, 0.0018007819308, 0.00147611706052, 0.00100640987512, 0.000562339148019, 0.000543747039046, 0.000486428587465, 0.000312667863909, 0.00028694953653, 0.000233595841564, 0.000250197888818, 0.00027297824272, 0.000223381008254, 0.00020274828421, 0.000179901719093, 0.000147394952364, 0.000151777916471, 0.00021502871823, 0.000195143482415, 9.04510743567e-05, 1.24756907098e-05],
        "dvar": [1.60170511663e-05, 0.000852668017615, 0.000275812111795, 9.56994845183e-05, 5.64008914807e-05, 8.83702978172e-06, 6.42560144115e-06, 7.58433270676e-06, 4.5709502956e-06, 2.48341689257e-06, 6.42245424842e-07, 7.77594493684e-07, 1.1309631418e-06, 2.71513329153e-07, 1.82434945373e-07, 1.18050493825e-07, 1.55699467541e-07, 1.39935409038e-07, 8.29067019481e-08, 5.96311338086e-08, 6.73199167522e-08, 5.60660993187e-08, 5.24867651563e-08, 1.2208464284e-07, 1.12378771178e-07, 2.2483730433e-08, 7.85385423363e-10],
        "dvar2": [2.83910630969e-05, 0.00203710165806, 0.000719762057997, 0.000269248703262, 0.000152597989654, 2.33805749303e-05, 1.59297032951e-05, 1.84663331311e-05, 1.20174045151e-05, 6.67082167638e-06, 1.67436428455e-06, 2.08006190405e-06, 3.06178844767e-06, 7.39271115435e-07, 4.49081397846e-07, 3.04538644968e-07, 4.15876684201e-07, 3.77775705829e-07, 2.1076149892e-07, 1.54151820198e-07, 1.68261124145e-07, 1.41519052477e-07, 1.24538743762e-07, 3.06922999016e-07, 2.79146917137e-07, 5.4557762752e-08, 2.07755901371e-09],
        "max": [0.0647358596325, 0.369408518076, 0.226112514734, 0.123554214835, 0.160679087043, 0.0924033075571, 0.0573822073638, 0.0928476825356, 0.0509736314416, 0.0340604260564, 0.0200032964349, 0.02511668019, 0.0388336181641, 0.0194196272641, 0.00864128395915, 0.00734768714756, 0.00779259437695, 0.00545162102208, 0.00377449276857, 0.00305704958737, 0.00481184897944, 0.003812601557, 0.00394247984514, 0.00485549820587, 0.00497889099643, 0.00258848303929, 0.000839992368128],
        "mean": [0.00420938385651, 0.0314844176173, 0.0058654868044, 0.0032010700088, 0.00425833370537, 0.00212361337617, 0.00198751804419, 0.00138856773265, 0.00110270793084, 0.000743203388993, 0.000376684009098, 0.000324396387441, 0.000267671130132, 0.000181134382728, 0.00017341390776, 0.000142114062328, 0.000142014105222, 0.000149696250446, 0.000137165989145, 0.000129761829157, 0.000113450005301, 9.48935266933e-05, 0.000100465709693, 0.000116841169074, 0.000105521074147, 5.31193982169e-05, 6.07030187894e-06],
        "median": [0.000249070581049, 0.00561445765197, 0.000926861132029, 0.000662010861561, 0.00144208455458, 0.000983958365396, 0.000776253058575, 0.000481943774503, 0.00042910000775, 0.00026664492907, 0.000134519883431, 9.33235423872e-05, 7.48000384192e-05, 5.10263962497e-05, 4.34753310401e-05, 3.81083336833e-05, 3.56399577868e-05, 3.85016246582e-05, 4.02007681259e-05, 3.7064357457e-05, 2.71176650131e-05, 1.58360962814e-05, 1.26928407553e-05, 1.08968779386e-05, 7.23555695004e-06, 2.96588768833e-06, 1.1233699837e-07],
        "min": [1.60121122858e-24, 2.76543631137e-24, 1.39153801504e-24, 4.69164649859e-24, 1.15397704994e-23, 1.29101552092e-23, 1.37384070949e-23, 1.0396391559e-23, 1.84265348794e-23, 1.09537170554e-23, 1.50328016226e-23, 2.179106135e-23, 3.40676870994e-23, 3.90666103034e-23, 5.90373088503e-23, 7.10929841265e-23, 1.0381966133e-22, 1.28230614943e-22, 1.00730103372e-22, 1.96203010479e-22, 3.1075765509e-22, 3.717775481e-22, 4.39508413359e-22, 5.37596665735e-22, 9.42634003238e-22, 1.36735156492e-21, 1.9895434527e-21],
        "var": [8.4785206127e-05, 0.00241006910801, 0.000225590134505, 6.53567185509e-05, 5.92624674027e-05, 1.06694706119e-05, 1.07767982627e-05, 8.22620859253e-06, 4.88518844577e-06, 2.81907773569e-06, 6.8712773782e-07, 7.51934294385e-07, 8.33802687339e-07, 2.24860798426e-07, 1.81698993629e-07, 1.12506270966e-07, 1.23829906329e-07, 1.0683381646e-07, 7.45720782902e-08, 5.61542528033e-08, 6.19846147742e-08, 5.4242260461e-08, 5.74121550301e-08, 1.05870242351e-07, 9.55035375227e-08, 2.09706474408e-08, 6.08846306704e-10]
    },
    "erbbands": {
        "dmean": [0.592458605766, 3.65263390541, 6.45990848541, 10.1209154129, 11.8208274841, 11.7513666153, 9.9117641449, 13.3781881332, 17.0719280243, 21.8952789307, 23.0139865875, 19.3599262238, 21.52501297, 15.6724843979, 12.9168386459, 12.7987966537, 12.3169021606, 10.3640499115, 8.31095409393, 8.25859260559, 7.78625392914, 8.28718185425, 8.6153717041, 7.15170669556, 6.28641319275, 5.87182092667, 4.91478204727, 3.83101320267, 2.86337900162, 3.18916606903, 2.78859496117, 2.6360514164, 2.26232647896, 1.55632328987, 0.695529639721, 0.301436364651, 0.0900152921677, 0.0181153416634, 0.00109553616494, 4.13060915889e-05],
        "dmean2": [0.826400518417, 5.49433135986, 10.2834243774, 17.6973514557, 20.3457450867, 20.3595924377, 16.5950737, 21.9836273193, 27.2594223022, 34.4800300598, 37.9403343201, 32.2687568665, 36.2262382507, 26.5529079437, 21.7657604218, 22.0785560608, 21.4871177673, 17.9314804077, 14.2305116653, 13.9320802689, 13.2027587891, 14.2566900253, 14.9341077805, 12.1260452271, 10.6115722656, 9.92218112946, 8.21592521667, 6.38124132156, 4.64468097687, 5.2011475563, 4.45201253891, 4.32416439056, 3.761510849, 2.58041834831, 1.1357165575, 0.494592815638, 0.144896119833, 0.0296414215118, 0.00186029309407, 6.56160336803e-05],
        "dvar": [1.1411999464, 45.9027900696, 231.853134155, 855.512329102, 847.317077637, 684.967407227, 412.630004883, 686.370849609, 1139.59863281, 2192.40112305, 3902.82739258, 2271.94067383, 3280.0559082, 1497.84594727, 1040.88989258, 1278.07580566, 1914.37634277, 1122.34973145, 385.748077393, 421.507110596, 434.238739014, 463.112640381, 425.287200928, 244.59286499, 181.028488159, 149.957839966, 127.551376343, 94.3068237305, 48.1044654846, 74.1910476685, 45.6693115234, 47.8713302612, 40.2984390259, 20.626739502, 3.5029528141, 0.705224871635, 0.054016713053, 0.00261865998618, 2.14479587157e-05, 5.95672622339e-09],
        "dvar2": [2.51839590073, 103.922294617, 562.100830078, 2394.93896484, 2297.63134766, 1881.5904541, 1081.54931641, 1791.24633789, 2780.32495117, 5351.73242188, 9762.37988281, 5924.28076172, 8669.07617188, 4052.53613281, 2605.48901367, 3418.4296875, 5161.35693359, 3111.37182617, 999.504760742, 1060.41589355, 1119.56054688, 1217.68774414, 1146.75793457, 637.938476562, 464.205474854, 388.972595215, 322.462799072, 235.562438965, 116.53969574, 185.781097412, 108.97706604, 120.083030701, 102.60345459, 51.5525054932, 8.6354637146, 1.74691867828, 0.129356309772, 0.00648844335228, 5.76110178372e-05, 1.54721337964e-08],
        "max": [15.4256944656, 79.2872314453, 223.118209839, 390.727111816, 573.564941406, 563.519104004, 525.364929199, 1027.44177246, 806.123291016, 926.635070801, 2298.91918945, 1152.99194336, 1444.41174316, 1120.55310059, 819.203552246, 660.599731445, 1408.94848633, 1092.87585449, 385.569763184, 498.429840088, 423.609466553, 382.551208496, 311.951690674, 247.343383789, 190.875915527, 153.430679321, 191.37677002, 179.909072876, 113.908477783, 164.636245728, 116.091094971, 98.9081268311, 102.906692505, 64.0795059204, 27.0663146973, 13.2009077072, 4.16830921173, 1.06957435608, 0.169418826699, 0.00225155078806],
        "mean": [1.22253763676, 5.75595235825, 7.55986356735, 9.54241085052, 12.3787288666, 14.3637142181, 13.5963525772, 19.3513069153, 26.8800106049, 30.5360774994, 29.3135433197, 24.0439071655, 26.9784832001, 19.3367786407, 15.0260677338, 13.6405067444, 12.0752849579, 10.3950481415, 8.9265794754, 8.70323944092, 7.92309713364, 8.16602516174, 8.12173080444, 7.38788414001, 6.67670822144, 6.23758506775, 5.17367362976, 4.0116891861, 3.16349935532, 3.28630065918, 2.87872338295, 2.44688439369, 1.96400499344, 1.34040558338, 0.639275491238, 0.278440326452, 0.0872176960111, 0.016840968281, 0.000931922404561, 8.36975232232e-05],
        "median": [0.178956657648, 0.931945502758, 1.5380833149, 2.08315634727, 3.50594878197, 4.40163326263, 6.32492351532, 8.84288024902, 10.5931577682, 12.1805047989, 11.1920690536, 9.98961639404, 9.65187549591, 7.66529750824, 5.43604516983, 4.20504236221, 3.66634678841, 3.11162042618, 2.54063987732, 2.33056879044, 2.074903965, 2.08792805672, 2.06546998024, 2.19713068008, 2.02869558334, 1.693764925, 1.33893465996, 0.865055859089, 0.57792532444, 0.457548469305, 0.340108901262, 0.237704187632, 0.169781923294, 0.0952857732773, 0.041518740356, 0.0160680841655, 0.00495123164728, 0.000674469512887, 5.88177354075e-05, 5.22876616742e-05],
        "min": [1.61553033591e-22, 4.8299380909e-22, 1.6058289876e-21, 9.01359245674e-21, 1.07003155077e-20, 3.4620839976e-20, 6.66921283584e-20, 1.23572498785e-19, 2.0760083998e-19, 2.43352684653e-19, 2.0641963899e-19, 3.55050346585e-19, 6.08215823147e-19, 5.19784994087e-19, 6.63347049082e-19, 1.55499904916e-18, 1.61526784218e-18, 2.15340114982e-18, 2.76052607683e-18, 3.0589658108e-18, 4.05621703205e-18, 5.31009545486e-18, 6.37780819543e-18, 7.55066427724e-18, 8.11578249121e-18, 9.42811280483e-18, 9.47596024018e-18, 1.3502294959e-17, 1.26943702839e-17, 1.23394378364e-17, 1.27902049482e-17, 1.11705828272e-17, 9.27279889148e-18, 8.70215345666e-18, 6.78942112645e-18, 4.65522483571e-18, 2.47892525859e-18, 9.70648162163e-19, 2.56768830406e-19, 3.04954317673e-20],
        "var": [4.47408342361, 98.9747390747, 257.541748047, 578.828857422, 726.042297363, 751.561218262, 464.15045166, 894.065246582, 1950.49194336, 3035.3449707, 3872.02685547, 2307.20092773, 3672.82543945, 1656.36413574, 1194.78662109, 1240.2166748, 1445.0447998, 859.303710938, 382.828613281, 421.25, 388.651428223, 378.818450928, 321.038635254, 212.649719238, 164.84312439, 137.886764526, 115.335411072, 88.157623291, 52.6874504089, 71.6472167969, 48.3918304443, 42.9842338562, 33.1770591736, 17.0129127502, 3.13049292564, 0.621355116367, 0.053097192198, 0.00241251010448, 1.58233724505e-05, 8.98685748041e-09]
    },
    "gfcc": {
        "mean": [-39.4772224426, 113.560050964, -92.0850143433, 29.965297699, -55.4081497192, 11.0045537949, -25.165895462, 14.1289405823, -17.7975711823, 5.62651824951, -9.72526168823, 0.0108640613034, -6.83470773697],
        "cov": [[20646.3417969, -1333.28552246, -282.587158203, 521.355834961, -842.591247559, 461.113861084, -943.536804199, 592.577331543, -407.835083008, 322.384521484, -430.666229248, 300.928375244, -464.752105713], [-1333.28552246, 2440.47973633, -255.25982666, -197.059158325, 126.662559509, -438.71005249, 323.991516113, -337.074493408, 110.641448975, -221.604049683, 181.372543335, -227.37727356, 226.171936035], [-282.587158203, -255.25982666, 1113.21447754, 278.821228027, 270.420684814, 208.60987854, 47.7715034485, 116.741096497, 18.4157238007, 42.1253814697, -18.3519611359, 45.1061248779, -24.8871898651], [521.355834961, -197.059158325, 278.821228027, 642.126647949, 174.654846191, 103.389152527, 23.5070648193, 23.242811203, 35.9868659973, -38.3740882874, -14.6117811203, -24.7236938477, 3.92286539078], [-842.591247559, 126.662559509, 270.420684814, 174.654846191, 490.232208252, 138.240310669, 168.183837891, 33.7090263367, 77.3046112061, -8.72954177856, 19.3387355804, -32.7669525146, 28.5172863007], [461.113861084, -438.71005249, 208.60987854, 103.389152527, 138.240310669, 327.066680908, 23.9901237488, 111.050033569, 24.1760826111, 45.4835510254, -28.385471344, 43.0632820129, -45.5222511292], [-943.536804199, 323.991516113, 47.7715034485, 23.5070648193, 168.183837891, 23.9901237488, 331.04397583, 20.6211299896, 108.209312439, -0.335259437561, 67.3532485962, -21.1185016632, 63.5612945557], [592.577331543, -337.074493408, 116.741096497, 23.242811203, 33.7090263367, 111.050033569, 20.6211299896, 193.710418701, 36.8317985535, 65.7231445312, -9.55251598358, 47.3420295715, -29.0499286652], [-407.835083008, 110.641448975, 18.4157238007, 35.9868659973, 77.3046112061, 24.1760826111, 108.209312439, 36.8317985535, 178.603683472, 32.7978019714, 70.0056381226, 9.3201789856, 36.9751434326], [322.384521484, -221.604049683, 42.1253814697, -38.3740882874, -8.72954177856, 45.4835510254, -0.335259437561, 65.7231445312, 32.7978019714, 151.708709717, 29.3652820587, 59.6312332153, -16.8046092987], [-430.666229248, 181.372543335, -18.3519611359, -14.6117811203, 19.3387355804, -28.385471344, 67.3532485962, -9.55251598358, 70.0056381226, 29.3652820587, 122.46370697, 20.127450943, 51.1747436523], [300.928375244, -227.37727356, 45.1061248779, -24.7236938477, -32.7669525146, 43.0632820129, -21.1185016632, 47.3420295715, 9.3201789856, 59.6312332153, 20.127450943, 105.534706116, 3.38620615005], [-464.752105713, 226.171936035, -24.8871898651, 3.92286539078, 28.5172863007, -45.5222511292, 63.5612945557, -29.0499286652, 36.9751434326, -16.8046092987, 51.1747436523, 3.38620615005, 110.483688354]],
        "icov": [[0.000107722407847, -0.000225992625928, 0.000110522392788, -0.000246869545663, 0.000185452765436, -0.00024100439623, 0.000271192518994, -0.000464941898827, 0.000191196406377, -0.000283353903797, 0.00034327749745, -0.000411314947996, 0.000270513934083], [-0.000225992625928, 0.00167192844674, -0.000373114860849, 0.000962445628829, -0.000625566288363, 0.00138991407584, -0.00119020789862, 0.00193752057385, -0.000716039852705, 0.00134941015858, -0.00171557301655, 0.00243568257429, -0.00139830086846], [0.000110522392788, -0.000373114860849, 0.00135824689642, -0.000682418351062, -0.000327045825543, -0.000590703682974, 0.000358394463547, -0.000929782632738, 0.000524852657691, -0.000483152456582, 0.000496958731674, -0.00111543224193, 0.000504141673446], [-0.000246869545663, 0.000962445628829, -0.000682418351062, 0.00268184649758, -0.000892605457921, 0.000522054731846, -0.000518178101629, 0.00141745468136, -0.00102880538907, 0.00150678376667, -0.00102977314964, 0.00194055901375, -0.00115034286864], [0.000185452765436, -0.000625566288363, -0.000327045825543, -0.000892605457921, 0.00377863459289, -0.00179733161349, -0.00061315333005, -0.000729830993805, -6.47109845886e-05, -0.000675041170325, 0.000829907075968, 0.000394669244997, -1.37948181873e-05], [-0.00024100439623, 0.00138991407584, -0.000590703682974, 0.000522054731846, -0.00179733161349, 0.00617832038552, -0.00120958546177, 0.000144274090417, -0.000915225478821, 0.00106591149233, -0.000484751508338, 0.00022828913643, 0.000418623822043], [0.000271192518994, -0.00119020789862, 0.000358394463547, -0.000518178101629, -0.00061315333005, -0.00120958546177, 0.00583022087812, -0.00232527800836, -0.000989874708466, -0.000867521041073, 0.000214714062167, -0.000546123075765, -0.000512639235239], [-0.000464941898827, 0.00193752057385, -0.000929782632738, 0.00141745468136, -0.000729830993805, 0.000144274090417, -0.00232527800836, 0.010802029632, -0.00264677358791, -0.000155783753144, -0.000551327655558, 0.00108165270649, -0.000671782530844], [0.000191196406377, -0.000716039852705, 0.000524852657691, -0.00102880538907, -6.47109845886e-05, -0.000915225478821, -0.000989874708466, -0.00264677358791, 0.00949051976204, -0.00170961359981, -0.00308736879379, -0.000492281164043, -5.30758734385e-05], [-0.000283353903797, 0.00134941015858, -0.000483152456582, 0.00150678376667, -0.000675041170325, 0.00106591149233, -0.000867521041073, -0.000155783753144, -0.00170961359981, 0.0114828431979, -0.00399956852198, -0.00208610435948, 0.00119007437024], [0.00034327749745, -0.00171557301655, 0.000496958731674, -0.00102977314964, 0.000829907075968, -0.000484751508338, 0.000214714062167, -0.000551327655558, -0.00308736879379, -0.00399956852198, 0.0159837175161, -0.00482151284814, -0.00240874919109], [-0.000411314947996, 0.00243568257429, -0.00111543224193, 0.00194055901375, 0.000394669244997, 0.00022828913643, -0.000546123075765, 0.00108165270649, -0.000492281164043, -0.00208610435948, -0.00482151284814, 0.0185624547303, -0.00493388762698], [0.000270513934083, -0.00139830086846, 0.000504141673446, -0.00115034286864, -1.37948181873e-05, 0.000418623822043, -0.000512639235239, -0.000671782530844, -5.30758734385e-05, 0.00119007437024, -0.00240874919109, -0.00493388762698, 0.0149659374729]]
    },
    "melbands": {
        "dmean": [0.00480002351105, 0.00354338088073, 0.00174793368205, 0.000841162574943, 0.000376413401682, 0.000295739446301, 0.000259251508396, 0.00024289781868, 0.000176217567059, 0.000125614955323, 0.000107658401248, 6.64312174194e-05, 4.54900655313e-05, 3.65557716577e-05, 3.11997428071e-05, 2.64252776105e-05, 1.85895460163e-05, 1.32246977955e-05, 1.32453124024e-05, 9.4122660812e-06, 9.5579880508e-06, 8.930965123e-06, 8.01941223472e-06, 7.39920824344e-06, 5.69718031329e-06, 5.17371108799e-06, 4.13685029343e-06, 3.91300591218e-06, 3.23827998727e-06, 2.54545375356e-06, 2.15815043703e-06, 1.56611554303e-06, 1.91082062884e-06, 1.68067265349e-06, 1.58001012096e-06, 1.775428359e-06, 1.53832206706e-06, 1.59662386068e-06, 1.52741836246e-06, 1.26930706301e-06],
        "dmean2": [0.0071216779761, 0.00530511653051, 0.00300628389232, 0.00144854385871, 0.000632042530924, 0.000485549680889, 0.000413284200476, 0.000384326616768, 0.000292397307931, 0.000208978381124, 0.000181371200597, 0.00011265680223, 7.6549113146e-05, 6.30019712844e-05, 5.41480840184e-05, 4.64913937321e-05, 3.22235100612e-05, 2.27489745157e-05, 2.24373216042e-05, 1.60506278917e-05, 1.63457498275e-05, 1.54298741109e-05, 1.39340118039e-05, 1.28225274239e-05, 9.68653330347e-06, 8.77823458723e-06, 7.01837007e-06, 6.64773097014e-06, 5.45743523617e-06, 4.25812004323e-06, 3.61309912478e-06, 2.5462964004e-06, 3.18627280649e-06, 2.72410647995e-06, 2.52675340562e-06, 2.9079972137e-06, 2.53982489085e-06, 2.67255063591e-06, 2.52658401223e-06, 2.12435293179e-06],
        "dvar": [6.92203975632e-05, 4.47759339295e-05, 2.25848361879e-05, 3.77648279937e-06, 5.6506604551e-07, 3.30232126089e-07, 2.54569243907e-07, 2.67211646587e-07, 2.20061167511e-07, 9.93725564058e-08, 8.18789018808e-08, 2.8393641216e-08, 1.23014416431e-08, 1.08946895949e-08, 8.65748184253e-09, 1.37324089877e-08, 3.32915739421e-09, 9.75943326154e-10, 1.23312293709e-09, 5.19092047124e-10, 7.79213471525e-10, 5.96778515494e-10, 3.62518126629e-10, 3.12470382902e-10, 1.57623206154e-10, 1.37699782132e-10, 7.04076172364e-11, 7.00528662856e-11, 5.55648582701e-11, 3.82367228158e-11, 3.17900254732e-11, 1.49948976846e-11, 2.98530783427e-11, 1.92517425612e-11, 1.57845698318e-11, 2.10156805153e-11, 1.57869516071e-11, 2.04444846469e-11, 1.92266463167e-11, 1.46358810488e-11],
        "dvar2": [0.0001639759721, 9.95672598947e-05, 6.16852848907e-05, 1.03225456769e-05, 1.47296714204e-06, 8.62959723236e-07, 6.26424537131e-07, 6.52041705962e-07, 5.58156784791e-07, 2.58566927869e-07, 2.17217973386e-07, 7.69030421566e-08, 3.09623082728e-08, 2.89246049334e-08, 2.27075638293e-08, 3.814649574e-08, 9.23255427665e-09, 2.57227728007e-09, 2.98706792634e-09, 1.34635935733e-09, 2.03218686323e-09, 1.58715174337e-09, 9.69366031889e-10, 8.47192593856e-10, 4.12187090015e-10, 3.49821810408e-10, 1.84322487828e-10, 1.83082229932e-10, 1.42247963408e-10, 9.55916942824e-11, 8.01607460965e-11, 3.64886836024e-11, 7.7434954282e-11, 4.72392611139e-11, 3.81975388819e-11, 5.18335999122e-11, 4.0142555946e-11, 5.27586065113e-11, 4.81516111706e-11, 3.68596334011e-11],
        "max": [0.119078665972, 0.0965868160129, 0.0585867725313, 0.0399805754423, 0.0180938988924, 0.0208213292062, 0.0122927231714, 0.00875540450215, 0.0164182018489, 0.00812393985689, 0.00714875757694, 0.00490739941597, 0.00329251307994, 0.00319284480065, 0.00298753217794, 0.00479212356731, 0.00213286001235, 0.000714616675396, 0.000824487011414, 0.000601301435381, 0.000611513270997, 0.000482722331071, 0.000267155934125, 0.000303957553115, 0.000208095400012, 0.000169079969055, 0.00012903221068, 0.000120467557281, 0.000150638792547, 0.000107063016912, 0.000110847031465, 6.04489723628e-05, 0.000106307845272, 0.000103213598777, 7.04996564309e-05, 5.91200332565e-05, 5.42083616892e-05, 8.79411018104e-05, 5.82669381402e-05, 5.5875396356e-05],
        "mean": [0.00993806123734, 0.00529899960384, 0.00174954195973, 0.000981605960988, 0.000520661065821, 0.000432684813859, 0.000411599263316, 0.000330502371071, 0.000219670328079, 0.000153923756443, 0.000134144487674, 7.97900429461e-05, 5.20867215528e-05, 3.83817750844e-05, 3.13878263114e-05, 2.4833909265e-05, 1.82555049832e-05, 1.3874772776e-05, 1.34740757858e-05, 9.85710812529e-06, 9.30412352318e-06, 8.62375873112e-06, 7.48041793486e-06, 7.03026898918e-06, 5.83249311603e-06, 5.23960989085e-06, 4.41513702754e-06, 4.05050195695e-06, 3.30526358994e-06, 2.68620328825e-06, 2.19091498366e-06, 1.72997920345e-06, 1.90397088318e-06, 1.74517322193e-06, 1.64047730777e-06, 1.67556845554e-06, 1.39433109325e-06, 1.36361063596e-06, 1.31466083531e-06, 1.0773366057e-06],
        "median": [0.00172702013515, 0.00114184862468, 0.000445036421297, 0.000308654038236, 0.000236318155658, 0.000197401008336, 0.000164772209246, 0.000130693879328, 8.54352547321e-05, 5.95963465457e-05, 4.67847385153e-05, 2.94233868772e-05, 1.83069387276e-05, 1.13634414447e-05, 9.10583275981e-06, 6.84311271471e-06, 5.29271756022e-06, 3.81917243431e-06, 3.16749924423e-06, 2.67313475888e-06, 2.22177936848e-06, 2.11252995541e-06, 1.80725351129e-06, 1.83175643542e-06, 1.71495571522e-06, 1.46130821577e-06, 1.31308786422e-06, 1.00920169643e-06, 8.5554324869e-07, 6.24654603598e-07, 4.22638123609e-07, 3.11348230753e-07, 2.74623346286e-07, 2.17626734411e-07, 1.85060642366e-07, 1.63187777957e-07, 1.24884508068e-07, 1.13150349534e-07, 9.73882805511e-08, 6.96929731703e-08],
        "min": [1.19273382565e-24, 9.24877387183e-25, 2.04206644128e-24, 1.57461359987e-24, 2.82101728138e-24, 2.6055539274e-24, 3.11272838059e-24, 2.31227122006e-24, 1.58205531922e-24, 2.86238218902e-24, 2.56395393921e-24, 1.92588852919e-24, 1.89063827964e-24, 2.84072480173e-24, 2.5232124289e-24, 4.96142154539e-24, 3.63432873315e-24, 2.99199302183e-24, 4.16120735402e-24, 4.45153459398e-24, 4.41674543363e-24, 5.60661983572e-24, 4.32101913494e-24, 6.21879561969e-24, 5.83047686695e-24, 4.2350194912e-24, 5.38344280259e-24, 6.02687996095e-24, 5.54415625152e-24, 6.67854059981e-24, 6.34668338306e-24, 5.85787124517e-24, 7.11615566496e-24, 6.31472426121e-24, 6.25068216634e-24, 7.62630885692e-24, 5.6607017728e-24, 5.83365597639e-24, 7.68696042762e-24, 6.41548073147e-24],
        "var": [0.000242661233642, 8.12188736745e-05, 1.6504955056e-05, 3.67269626622e-06, 6.7467556164e-07, 4.34113161418e-07, 4.40706799054e-07, 3.49288399093e-07, 2.12341532801e-07, 1.03972695342e-07, 9.19012705936e-08, 3.15984038934e-08, 1.41565523748e-08, 1.06683870627e-08, 7.92375765002e-09, 9.33725097241e-09, 2.58674703879e-09, 9.64572421935e-10, 1.23922450079e-09, 5.00583630103e-10, 6.53837595177e-10, 4.74041028653e-10, 2.81753093079e-10, 2.36827168987e-10, 1.36642822057e-10, 1.21627916072e-10, 6.49301792888e-11, 6.32989494154e-11, 4.85038779974e-11, 3.5587404551e-11, 2.92731359985e-11, 1.63718743423e-11, 2.60499885552e-11, 1.98001441631e-11, 1.64481969711e-11, 1.95740368358e-11, 1.38857050858e-11, 1.63548723175e-11, 1.61149704692e-11, 1.1781503724e-11]
    },
    "mfcc": {
        "mean": [-681.014892578, 143.185623169, 18.6356506348, 26.3511161804, 0.131908714771, 2.12376785278, 5.50978803635, 5.47779941559, 3.53396654129, 6.01596498489, 2.71084260941, 3.57631421089, 1.66260123253],
        "cov": [[9440.90917969, -907.297241211, 265.404510498, -40.472984314, 150.197219849, -58.0967483521, -150.971450806, 39.1228027344, -82.3876266479, 66.2204284668, 15.4469223022, 26.374080658, 10.211933136], [-907.297241211, 2124.25585938, -119.308074951, 96.6513442993, -208.505432129, -77.8093948364, 32.0925102234, -90.6851043701, -7.3427772522, -69.9990386963, -15.7783126831, -17.4444046021, -40.7951431274], [265.404510498, -119.308074951, 691.526123047, 200.424789429, 184.219589233, 97.6558685303, 63.0885353088, 73.5856781006, 40.6197853088, 23.1509246826, 14.4384279251, 17.3584022522, 7.98326587677], [-40.472984314, 96.6513442993, 200.424789429, 516.249267578, 138.421844482, 105.425216675, 65.6982498169, 53.9634246826, 41.3228302002, 40.299621582, -12.5720863342, 0.366924762726, 19.8161468506], [150.197219849, -208.505432129, 184.219589233, 138.421844482, 408.132904053, 149.193817139, 83.012878418, 88.0546722412, 60.7276802063, 42.1817245483, 16.6285972595, 19.551115036, 11.8002328873], [-58.0967483521, -77.8093948364, 97.6558685303, 105.425216675, 149.193817139, 235.468307495, 91.8310241699, 82.6083755493, 59.8317565918, 46.0491065979, 31.4562072754, 20.9057121277, 21.235004425], [-150.971450806, 32.0925102234, 63.0885353088, 65.6982498169, 83.012878418, 91.8310241699, 182.583572388, 75.9112014771, 67.2693023682, 35.7799072266, 24.2114753723, 15.1651325226, 4.88031387329], [39.1228027344, -90.6851043701, 73.5856781006, 53.9634246826, 88.0546722412, 82.6083755493, 75.9112014771, 172.4609375, 70.8269195557, 70.3980789185, 22.5143299103, 15.1977519989, 34.191116333], [-82.3876266479, -7.3427772522, 40.6197853088, 41.3228302002, 60.7276802063, 59.8317565918, 67.2693023682, 70.8269195557, 125.677780151, 57.0838890076, 31.4665660858, 23.0914382935, 17.176700592], [66.2204284668, -69.9990386963, 23.1509246826, 40.299621582, 42.1817245483, 46.0491065979, 35.7799072266, 70.3980789185, 57.0838890076, 120.382316589, 45.3008422852, 28.5494880676, 36.0873298645], [15.4469223022, -15.7783126831, 14.4384279251, -12.5720863342, 16.6285972595, 31.4562072754, 24.2114753723, 22.5143299103, 31.4665660858, 45.3008422852, 91.7830352783, 49.9360160828, 27.8466758728], [26.374080658, -17.4444046021, 17.3584022522, 0.366924762726, 19.551115036, 20.9057121277, 15.1651325226, 15.1977519989, 23.0914382935, 28.5494880676, 49.9360160828, 89.507598877, 38.4761734009], [10.211933136, -40.7951431274, 7.98326587677, 19.8161468506, 11.8002328873, 21.235004425, 4.88031387329, 34.191116333, 17.176700592, 36.0873298645, 27.8466758728, 38.4761734009, 82.6602783203]],
