{
"lowlevel": {
    "average_loudness": 0.777575075626,
    "barkbands_crest": {
        "dmean": 2.98503780365,
        "dmean2": 4.58740091324,
        "dvar": 8.46788787842,
        "dvar2": 18.2902641296,
        "max": 26.0578022003,
        "mean": 11.092048645,
        "median": 10.4734888077,
        "min": 2.17901325226,
        "var": 21.8454360962
    },
    "barkbands_flatness_db": {
        "dmean": 0.0307380575687,
        "dmean2": 0.0440350025892,
        "dvar": 0.000953394221142,
        "dvar2": 0.00194939784706,
        "max": 0.412276923656,
        "mean": 0.129754647613,
        "median": 0.122528895736,
        "min": 0.0165648479015,
        "var": 0.00355753372423
    },
    "barkbands_kurtosis": {
        "dmean": 6.29949855804,
        "dmean2": 9.33793258667,
        "dvar": 134.557800293,
        "dvar2": 283.137908936,
        "max": 241.557037354,
        "mean": 9.52156352997,
        "median": 3.82030820847,
        "min": -1.8110845089,
        "var": 263.938873291
    },
    "barkbands_skewness": {
        "dmean": 0.805000841618,
        "dmean2": 1.17433786392,
        "dvar": 0.884536921978,
        "dvar2": 1.79544711113,
        "max": 14.8249807358,
        "mean": 2.26284360886,
        "median": 1.93385100365,
        "min": -2.65593385696,
        "var": 2.78679466248
    },
    "barkbands_spread": {
        "dmean": 7.1562538147,
        "dmean2": 10.7532625198,
        "dvar": 63.9922981262,
        "dvar2": 127.603897095,
        "max": 86.5683288574,
        "mean": 20.6981620789,
        "median": 17.6580238342,
        "min": 0.831426143646,
        "var": 200.920318604
    },
    "dissonance": {
        "dmean": 0.0165453366935,
        "dmean2": 0.027034625411,
        "dvar": 0.000283089728327,
        "dvar2": 0.000685296603478,
        "max": 0.500000238419,
        "mean": 0.468325436115,
        "median": 0.474879413843,
        "min": 0.251960217953,
        "var": 0.000682271202095
    },
    "dynamic_complexity": 3.87327289581,
    "erbbands_crest": {
        "dmean": 2.47604990005,
        "dmean2": 3.82384729385,
        "dvar": 6.32626819611,
        "dvar2": 13.3637981415,
        "max": 32.3857040405,
        "mean": 8.19161319733,
        "median": 7.00250101089,
        "min": 1.89246666431,
        "var": 18.0328979492
    },
    "erbbands_flatness_db": {
        "dmean": 0.0186399463564,
        "dmean2": 0.0260233432055,
        "dvar": 0.000379694392905,
        "dvar2": 0.000687222520355,
        "max": 0.446332722902,
        "mean": 0.129668742418,
        "median": 0.118646264076,
        "min": 0.0248615834862,
        "var": 0.00222901301458
    },
    "erbbands_kurtosis": {
        "dmean": 0.919006645679,
        "dmean2": 1.41200911999,
        "dvar": 3.24930810928,
        "dvar2": 6.99789094925,
        "max": 41.6575202942,
        "mean": 0.193714931607,
        "median": -0.377094507217,
        "min": -1.70498454571,
        "var": 5.02968072891
    },
    "erbbands_skewness": {
        "dmean": 0.406437963247,
        "dmean2": 0.601616859436,
        "dvar": 0.187315091491,
        "dvar2": 0.394444674253,
        "max": 5.92980670929,
        "mean": 0.377164781094,
        "median": 0.272668302059,
        "min": -3.39190149307,
        "var": 0.592049062252
    },
    "erbbands_spread": {
        "dmean": 10.4014043808,
        "dmean2": 15.4005088806,
        "dvar": 111.509109497,
        "dvar2": 234.589187622,
        "max": 136.865844727,
        "mean": 47.1095466614,
        "median": 44.0925483704,
        "min": 2.77490139008,
        "var": 437.787658691
    },
    "hfc": {
        "dmean": 10.5787820816,
        "dmean2": 15.6360807419,
        "dvar": 599.27734375,
        "dvar2": 1439.18078613,
        "max": 285.716278076,
        "mean": 16.7599105835,
        "median": 8.48851776123,
        "min": 1.10962050627e-16,
        "var": 708.990783691
    },
    "melbands_crest": {
        "dmean": 3.45016932487,
        "dmean2": 5.3167090416,
        "dvar": 10.2827682495,
        "dvar2": 23.2106723785,
        "max": 34.3073043823,
        "mean": 14.9055423737,
        "median": 14.4261026382,
        "min": 1.7973883152,
        "var": 29.0923976898
    },
    "melbands_flatness_db": {
        "dmean": 0.0392188318074,
        "dmean2": 0.0558790266514,
        "dvar": 0.00155624025501,
        "dvar2": 0.00319318589754,
        "max": 0.519249081612,
        "mean": 0.211430668831,
        "median": 0.205623596907,
        "min": 0.0049473689869,
        "var": 0.00636741053313
    },
    "melbands_kurtosis": {
        "dmean": 16.0344543457,
        "dmean2": 23.6836490631,
        "dvar": 929.66418457,
        "dvar2": 1942.41381836,
        "max": 664.442687988,
        "mean": 28.2772254944,
        "median": 13.1994781494,
        "min": -1.69979250431,
        "var": 1874.94018555
    },
    "melbands_skewness": {
        "dmean": 1.10297477245,
        "dmean2": 1.60813891888,
        "dvar": 1.78210747242,
        "dvar2": 3.49749517441,
        "max": 20.5976638794,
        "mean": 3.65204286575,
        "median": 3.10595989227,
        "min": -0.792677462101,
        "var": 5.7543296814
    },
    "melbands_spread": {
        "dmean": 7.85340976715,
        "dmean2": 12.1737546921,
        "dvar": 112.976043701,
        "dvar2": 261.859405518,
        "max": 158.939941406,
        "mean": 19.2064743042,
        "median": 14.2311849594,
        "min": 0.618025124073,
        "var": 279.907073975
    },
    "pitch_salience": {
        "dmean": 0.086908750236,
        "dmean2": 0.136510401964,
        "dvar": 0.00737142888829,
        "dvar2": 0.0168850272894,
        "max": 0.972626149654,
        "mean": 0.557677149773,
        "median": 0.574071824551,
        "min": 0.0592950731516,
        "var": 0.0176700297743
    },
    "silence_rate_20dB": {
        "dmean": 0.0189267415553,
        "dmean2": 0.0378577001393,
        "dvar": 0.0185669567436,
        "dvar2": 0.0517909005284,
        "max": 1,
        "mean": 0.988756537437,
        "median": 1,
        "min": 0,
        "var": 0.0111179398373
    },
    "silence_rate_30dB": {
        "dmean": 0.0485415272415,
        "dmean2": 0.0970938652754,
        "dvar": 0.0461819730699,
        "dvar2": 0.0932261198759,
        "max": 1,
        "mean": 0.930201470852,
        "median": 1,
        "min": 0,
        "var": 0.0649304315448
    },
    "silence_rate_60dB": {
        "dmean": 0.0541082173586,
        "dmean2": 0.108228482306,
        "dvar": 0.0511824004352,
        "dvar2": 0.110770583153,
        "max": 1,
        "mean": 0.149949908257,
        "median": 0,
        "min": 0,
        "var": 0.127445593476
    },
    "spectral_centroid": {
        "dmean": 314.406921387,
        "dmean2": 480.152923584,
        "dvar": 125536.53125,
        "dvar2": 281988.53125,
        "max": 11580.7255859,
        "mean": 1181.65637207,
        "median": 1054.88671875,
        "min": 161.141616821,
        "var": 494519.34375
    },
    "spectral_complexity": {
        "dmean": 5.79158306122,
        "dmean2": 8.31711387634,
        "dvar": 55.8024368286,
        "dvar2": 106.357933044,
        "max": 64,
        "mean": 14.3858394623,
        "median": 11,
        "min": 0,
        "var": 119.726470947
    },
    "spectral_decrease": {
        "dmean": 5.52434897827e-09,
        "dmean2": 8.26426838074e-09,
        "dvar": 2.18366959922e-16,
        "dvar2": 4.60626522294e-16,
        "max": 1.01001225398e-22,
        "mean": -9.34312893719e-09,
        "median": -3.98810184876e-09,
        "min": -1.87817690289e-07,
        "var": 2.94294027167e-16
    },
    "spectral_energy": {
        "dmean": 0.0216335449368,
        "dmean2": 0.0323004573584,
        "dvar": 0.00320655549876,
        "dvar2": 0.00674610910937,
        "max": 0.717947781086,
        "mean": 0.0367833226919,
        "median": 0.0161011833698,
        "min": 1.00068505799e-20,
        "var": 0.00435455609113
    },
    "spectral_energyband_high": {
        "dmean": 0.000727803446352,
        "dmean2": 0.00110460689757,
        "dvar": 4.38346523879e-06,
        "dvar2": 1.04126311271e-05,
        "max": 0.0253735929728,
        "mean": 0.000902913860045,
        "median": 0.000232474834775,
        "min": 7.31946355433e-21,
        "var": 4.99157704326e-06
    },
    "spectral_energyband_low": {
        "dmean": 0.0175201315433,
        "dmean2": 0.0265762023628,
        "dvar": 0.00303987669758,
        "dvar2": 0.00657382793725,
        "max": 0.69161182642,
        "mean": 0.0234377607703,
        "median": 0.00403956742957,
        "min": 2.55864541808e-23,
        "var": 0.00367679819465
    },
    "spectral_energyband_middle_high": {
        "dmean": 0.00208566570655,
        "dmean2": 0.0033774159383,
        "dvar": 2.71718563454e-05,
        "dvar2": 7.35580106266e-05,
        "max": 0.0627381131053,
        "mean": 0.00274918368086,
        "median": 0.00140868558083,
        "min": 1.30193209998e-21,
        "var": 2.23503157031e-05
    },
    "spectral_energyband_middle_low": {
        "dmean": 0.00476799160242,
        "dmean2": 0.00743981311098,
        "dvar": 6.99980664649e-05,
        "dvar2": 0.000165667908732,
        "max": 0.119481660426,
        "mean": 0.0111262807623,
        "median": 0.00645202491432,
        "min": 1.80433958662e-22,
        "var": 0.000154446053784
    },
    "spectral_entropy": {
        "dmean": 0.226541802287,
        "dmean2": 0.324073523283,
        "dvar": 0.0655936300755,
        "dvar2": 0.119113743305,
        "max": 9.81666946411,
        "mean": 7.63075304031,
        "median": 7.71080160141,
        "min": 5.25472211838,
        "var": 0.239510819316
    },
    "spectral_flux": {
        "dmean": 0.0459516644478,
        "dmean2": 0.07186511904,
        "dvar": 0.00515486858785,
        "dvar2": 0.0104852505028,
        "max": 0.720410525799,
        "mean": 0.0887151956558,
        "median": 0.0589489489794,
        "min": 6.58603449555e-11,
        "var": 0.00904498621821
    },
    "spectral_kurtosis": {
        "dmean": 1.77169382572,
        "dmean2": 2.79182815552,
        "dvar": 9.19209957123,
        "dvar2": 22.4130020142,
        "max": 77.5204772949,
        "mean": 4.97852373123,
        "median": 4.10197544098,
        "min": -1.22035431862,
        "var": 18.9343891144
    },
    "spectral_rms": {
        "dmean": 0.00133287359495,
        "dmean2": 0.00188366870862,
        "dvar": 5.26458961758e-06,
        "dvar2": 9.35746174946e-06,
        "max": 0.0264657679945,
        "mean": 0.004777492024,
        "median": 0.00396339129657,
        "min": 3.12454489365e-12,
        "var": 1.30617763716e-05
    },
    "spectral_rolloff": {
        "dmean": 613.707275391,
        "dmean2": 1004.48010254,
        "dvar": 1059657.625,
        "dvar2": 2394008,
        "max": 19250.6835938,
        "mean": 1308.09094238,
        "median": 753.662109375,
        "min": 43.06640625,
        "var": 2404757.75
    },
    "spectral_skewness": {
        "dmean": 0.246645197272,
        "dmean2": 0.377914190292,
        "dvar": 0.0937470793724,
        "dvar2": 0.207056507468,
        "max": 6.88288736343,
        "mean": 1.69548404217,
        "median": 1.62458837032,
        "min": -0.172330588102,
        "var": 0.284336388111
    },
    "spectral_spread": {
        "dmean": 684348.625,
        "dmean2": 971583.75,
        "dvar": 597756149760,
        "dvar2": 1.24040983347e+12,
        "max": 42216740,
        "mean": 5204085.5,
        "median": 5104182.5,
        "min": 1206645.875,
        "var": 3.50790719898e+12
    },
    "spectral_strongpeak": {
        "dmean": 0.29422724247,
        "dmean2": 0.484329342842,
        "dvar": 0.152403414249,
        "dvar2": 0.360162049532,
        "max": 6.20311975479,
        "mean": 0.588548362255,
        "median": 0.449193179607,
        "min": 0,
        "var": 0.311611533165
    },
    "zerocrossingrate": {
        "dmean": 0.0138565981761,
        "dmean2": 0.0152946589515,
        "dvar": 0.000231595593505,
        "dvar2": 0.000245926872594,
        "max": 0.8330078125,
        "mean": 0.0603877194226,
        "median": 0.04931640625,
        "min": 0.00244140625,
        "var": 0.00185377453454
    },
    "barkbands": {
        "dmean": [0.000689702457748, 0.0136923557147, 0.00535019673407, 0.00228478666395, 0.00216856529005, 0.000789884594269, 0.000435322552221, 0.000258008018136, 0.000434957735706, 0.000180322895176, 0.000329221657012, 0.000427783408668, 0.000252247118624, 0.000289681513095, 0.000222535498324, 0.000217820750549, 0.000179566675797, 0.000154788431246, 0.000162551747053, 0.000158490758622, 0.000157443704666, 0.00014173022646, 9.07433277462e-05, 0.000140066622407, 0.000113437643449, 5.94545927015e-05, 1.29255222419e-05],
        "dmean2": [0.00113003829028, 0.0213260855526, 0.00908480305225, 0.0037463309709, 0.00328451418318, 0.00122781272512, 0.000702899997123, 0.000421950884629, 0.000653826689813, 0.000311587791657, 0.000540024717338, 0.000762949115597, 0.00041210319614, 0.000497718399856, 0.000372798531316, 0.00036725398968, 0.000306581088807, 0.000255135819316, 0.000267980241915, 0.000263856287347, 0.000253374339081, 0.000230458041187, 0.000139061434311, 0.000206349708606, 0.000172630941961, 9.16014978429e-05, 2.11829719774e-05],
        "dvar": [3.54524422619e-06, 0.00242628995329, 0.000298625789583, 2.07073917409e-05, 1.8587712475e-05, 2.25962230616e-06, 1.68951430624e-06, 3.08368811375e-07, 8.23039840725e-07, 2.02792094228e-07, 7.15402507012e-07, 2.55797522186e-06, 2.76296560742e-07, 7.61193859944e-07, 2.25901374051e-07, 2.02720400466e-07, 2.0468786488e-07, 1.05799209393e-07, 1.16752474355e-07, 2.2633064134e-07, 2.26251046342e-07, 2.18740140667e-07, 6.19999482865e-08, 1.4164929496e-07, 8.87258764237e-08, 3.33136078723e-08, 1.3746807026e-09],
        "dvar2": [9.28951703827e-06, 0.00557509949431, 0.000827856478281, 5.18886154168e-05, 4.30000472988e-05, 5.07276081407e-06, 3.85408429793e-06, 7.49716093651e-07, 1.60061335919e-06, 5.36792697403e-07, 1.85975568456e-06, 7.40492987461e-06, 6.91968921274e-07, 2.14339070226e-06, 5.66429378068e-07, 5.28012719769e-07, 5.61824492706e-07, 2.79290901517e-07, 3.02084970372e-07, 6.34034620361e-07, 5.96275754106e-07, 5.72836654555e-07, 1.36280931429e-07, 3.13173956101e-07, 2.02933833293e-07, 6.70966997518e-08, 2.98128344234e-09],
        "max": [0.035471919924, 0.522163748741, 0.292178839445, 0.0611785836518, 0.0787752270699, 0.0367467142642, 0.0455673485994, 0.0140087353066, 0.0253005325794, 0.00786805339158, 0.0153213813901, 0.020027751103, 0.00869057141244, 0.0177983101457, 0.0121063971892, 0.00463439384475, 0.00656958250329, 0.00334918359295, 0.00358659168705, 0.00590340793133, 0.00696894386783, 0.00609438680112, 0.00396242691204, 0.00462109176442, 0.00346492929384, 0.003290358698, 0.000942531100009],
        "mean": [0.000726516998839, 0.0149016082287, 0.00639762915671, 0.00329338642769, 0.00443390663713, 0.00159748236183, 0.000584991008509, 0.000332185212756, 0.000840429274831, 0.000168238053448, 0.000419457646785, 0.000395580776967, 0.000297969818348, 0.000326343433699, 0.000258251151536, 0.000245300441748, 0.00019971797883, 0.000189552491065, 0.000183783718967, 0.000173269843799, 0.000172203071998, 0.000146167716593, 0.00010768858192, 0.000167117686942, 0.000137103110319, 7.28894301574e-05, 1.45322883327e-05],
        "median": [4.92248946102e-05, 0.000922681239899, 0.000846380891744, 0.000825299415737, 0.00216048210859, 0.000624207372312, 0.000222023547394, 0.000125048391055, 0.000265992508503, 4.37500239059e-05, 0.000134002635605, 9.69706161413e-05, 0.000122831304907, 0.000112517773232, 9.517356375e-05, 9.62093763519e-05, 8.38532068883e-05, 8.62730958033e-05, 7.00696109561e-05, 5.97546022618e-05, 4.45542063972e-05, 1.94312578969e-05, 1.82300027518e-05, 3.99824239139e-05, 3.0915140087e-05, 1.64461871464e-05, 2.73104456028e-06],
        "min": [3.77224370748e-24, 3.70776537254e-24, 3.83037171215e-24, 1.25543160293e-24, 1.50521650024e-23, 1.7499962526e-23, 1.58286407914e-23, 1.49329854745e-23, 2.12464728019e-23, 1.27039027924e-23, 4.53672549752e-23, 2.64099271471e-23, 4.51211619272e-23, 3.99927235398e-23, 7.49513154357e-23, 1.09955295233e-22, 5.26352671533e-23, 1.53040921501e-22, 2.18864270604e-22, 2.34372720643e-22, 3.38124312743e-22, 3.08182863582e-22, 5.7491773827e-22, 7.2104794794e-22, 1.00047171971e-21, 1.32509507564e-21, 1.91237331767e-21],
        "var": [4.01132638217e-06, 0.00253296387382, 0.000269160547759, 2.99657694995e-05, 4.26458536822e-05, 7.18864475857e-06, 2.02434739549e-06, 4.25269945481e-07, 3.04148670693e-06, 1.76109764993e-07, 8.60709349126e-07, 1.5587472717e-06, 2.94948790724e-07, 5.85275472531e-07, 2.58898722905e-07, 1.86326943208e-07, 1.7070844649e-07, 9.98483287162e-08, 1.03954853614e-07, 1.70333890992e-07, 2.01258785637e-07, 2.03763462991e-07, 8.04407278565e-08, 1.76717207978e-07, 1.07192498433e-07, 4.21053982791e-08, 1.75523795498e-09]
    },
    "erbbands": {
        "dmean": [0.428556293249, 3.1344935894, 6.14979934692, 6.51725673676, 8.28753185272, 7.90616750717, 5.50998544693, 6.83215618134, 4.08451223373, 9.08916568756, 6.00959444046, 7.56803274155, 8.26920986176, 7.95713472366, 15.381729126, 15.8282051086, 12.0956401825, 15.2442474365, 10.549489975, 12.1937255859, 11.8584918976, 10.0261878967, 8.48407745361, 8.10104846954, 7.92898988724, 6.80081033707, 6.2604970932, 6.57848405838, 5.15015554428, 3.81334447861, 2.50858163834, 2.82002449036, 2.34791588783, 1.56031286716, 0.665799617767, 0.276138961315, 0.105030350387, 0.0283200107515, 0.00182899041101, 4.89711928822e-05],
        "dmean2": [0.686776340008, 4.84963417053, 10.4917755127, 10.8214473724, 13.0213623047, 11.5917072296, 8.8266544342, 10.4195547104, 6.57183408737, 14.2381820679, 9.53851985931, 11.5877304077, 13.047867775, 13.2959403992, 26.3705024719, 27.9115982056, 19.6764545441, 25.8850059509, 17.805973053, 20.5328598022, 19.9641036987, 16.8897018433, 14.0260686874, 13.381857872, 12.9518032074, 11.1573991776, 10.181933403, 10.7547874451, 8.45488452911, 5.95966291428, 3.75228953362, 4.24308824539, 3.51815295219, 2.41560959816, 1.00596451759, 0.431763291359, 0.160035774112, 0.0429286584258, 0.00299783889204, 7.41806288715e-05],
        "dvar": [2.35803771019, 131.123977661, 459.477508545, 211.785354614, 422.779571533, 210.366165161, 79.4003601074, 209.267654419, 80.4792785645, 958.913696289, 146.769012451, 250.095687866, 371.242156982, 413.644592285, 2671.51733398, 3064.69116211, 685.36730957, 1763.63525391, 717.042480469, 746.66027832, 618.492736816, 553.25579834, 364.664764404, 279.595733643, 258.415496826, 321.515655518, 313.835296631, 538.586425781, 291.37878418, 120.00969696, 52.0458145142, 56.7280387878, 42.016708374, 19.0460987091, 2.93574643135, 0.60545372963, 0.107661247253, 0.00742942979559, 2.73443365586e-05, 1.1920168852e-08],
        "dvar2": [5.92407751083, 309.18838501, 1274.01525879, 551.26940918, 987.445739746, 430.027923584, 198.609436035, 433.621643066, 195.244888306, 2143.30883789, 331.516357422, 546.783691406, 796.07244873, 1069.88415527, 7555.36962891, 8798.94335938, 1733.11938477, 4822.17871094, 1907.515625, 1863.81835938, 1612.3079834, 1488.1595459, 978.62298584, 726.544799805, 657.197753906, 875.04095459, 841.440734863, 1458.21386719, 759.063598633, 286.776428223, 115.128311157, 125.16734314, 96.5424880981, 47.1723060608, 6.25162744522, 1.29942953587, 0.213062733412, 0.0141664920375, 6.20880091446e-05, 2.39831727811e-08],
        "max": [21.0097064972, 124.124473572, 320.942993164, 223.968231201, 353.802520752, 409.159729004, 209.740997314, 288.872070312, 178.021438599, 1172.04162598, 291.297302246, 303.744903564, 532.108520508, 501.499298096, 663.197692871, 697.495849609, 430.480499268, 1111.30993652, 349.486938477, 896.615234375, 258.893890381, 455.121826172, 220.406570435, 197.086883545, 157.277648926, 227.743865967, 253.950149536, 314.042755127, 218.227416992, 146.838165283, 123.225715637, 89.1880340576, 80.5255966187, 59.0207824707, 27.0143642426, 12.3597812653, 5.96977806091, 1.75213074684, 0.142231166363, 0.00218952354044],
        "mean": [0.431026995182, 3.33282113075, 6.97900390625, 9.82737445831, 13.4015617371, 17.230890274, 11.341170311, 13.6298408508, 6.33408260345, 12.744515419, 8.80247974396, 13.8265705109, 13.791062355, 9.3990945816, 16.6061153412, 15.3387079239, 15.0635051727, 18.0494537354, 11.2406377792, 14.4276895523, 13.9491529465, 11.7987995148, 10.2336149216, 9.68120956421, 9.25283336639, 7.74522209167, 6.96372795105, 6.73840522766, 5.26912879944, 4.31003713608, 2.92892479897, 3.32037448883, 2.76485323906, 1.81408715248, 0.803350508213, 0.30446729064, 0.132902726531, 0.0378938391805, 0.00203880597837, 7.79828478699e-05],
        "median": [0.025554087013, 0.263848662376, 1.06968963146, 2.55115127563, 4.03829574585, 8.33775424957, 6.27019834518, 4.81053686142, 2.71637678146, 4.63479137421, 3.01002120972, 4.65761327744, 4.02881288528, 3.39864325523, 5.36141252518, 4.42610120773, 6.36226844788, 6.30375766754, 4.26086902618, 5.55350732803, 5.71788311005, 5.22936487198, 4.58821773529, 4.18577480316, 3.57762098312, 2.82692861557, 2.10255241394, 1.36018252373, 0.727577865124, 0.614154040813, 0.478856921196, 0.698232471943, 0.69391477108, 0.441427975893, 0.156731918454, 0.0279309898615, 0.0343672484159, 0.0127139315009, 0.00036648105015, 3.74021146854e-05],
        "min": [1.71619618183e-22, 5.78615009426e-22, 4.48459725336e-21, 9.19388632633e-21, 4.09894812266e-20, 3.92023575132e-20, 7.39169176989e-20, 1.96117931641e-19, 2.76972949512e-19, 1.97518697385e-19, 3.94914791093e-19, 4.38526751516e-19, 3.42008810253e-19, 1.32983604032e-18, 1.73687166403e-18, 1.80239760343e-18, 2.1037301948e-18, 2.54291946629e-18, 3.37335689571e-18, 2.93158185763e-18, 5.66737006426e-18, 3.94591125659e-18, 7.75998067689e-18, 1.3370774896e-17, 9.59141976445e-18, 1.26284092475e-17, 1.03549339396e-17, 1.5211783636e-17, 1.09451215164e-17, 1.25817024942e-17, 1.64426862902e-17, 1.3857435856e-17, 1.23571502549e-17, 1.04417465449e-17, 7.68037612346e-18, 4.31683641405e-18, 2.66658462223e-18, 1.17895715922e-18, 2.64992298164e-19, 2.98675499836e-20],
        "var": [2.19724965096, 131.227478027, 360.938842773, 283.89251709, 641.741760254, 755.973937988, 222.438522339, 623.041931152, 117.632781982, 1171.15100098, 297.985015869, 718.619567871, 1134.26184082, 520.32019043, 1877.50769043, 1930.35583496, 733.089660645, 1566.02600098, 567.320922852, 960.206298828, 587.664733887, 523.836608887, 320.158477783, 250.506713867, 254.224258423, 268.544403076, 269.416168213, 444.270812988, 269.568725586, 142.413864136, 64.6593322754, 71.5502166748, 48.3977012634, 20.1830024719, 3.88537812233, 0.738818585873, 0.138191655278, 0.0104100648314, 3.40289407177e-05, 1.75070375974e-08]
    },
    "gfcc": {
        "mean": [-16.6458072662, 78.4436264038, -97.7149505615, 27.3795032501, -45.4965820312, 10.2215747833, -42.1697692871, 7.24927902222, -30.9272441864, 2.11980104446, -15.0873680115, -2.08351659775, -11.0199241638],
        "cov": [[8939.6640625, -941.829223633, 1011.67803955, 789.328857422, 91.354675293, 724.274719238, 36.2398338318, 96.2795562744, -233.01701355, 35.7497253418, -259.354553223, 219.258758545, -213.167205811], [-941.829223633, 1580.75891113, 23.7415447235, 4.60300922394, 149.500289917, -117.786506653, 74.540763855, -121.142051697, 122.119850159, -70.7850265503, 103.306419373, -91.8115921021, 71.2714920044], [1011.67803955, 23.7415447235, 947.262207031, 358.896636963, 246.284713745, 230.892105103, 26.7834682465, 13.5866203308, -115.791793823, 13.5891170502, -4.4136300087, 29.2380771637, -79.150352478], [789.328857422, 4.60300922394, 358.896636963, 509.810943604, 158.401443481, 200.399169922, 59.6864700317, -33.7233428955, -10.1276826859, 2.91687965393, -29.3936405182, 38.2050971985, -62.6640853882], [91.354675293, 149.500289917, 246.284713745, 158.401443481, 293.859924316, 94.3174133301, 45.5587081909, 10.1976032257, -10.0558891296, 7.29398965836, 28.3397865295, -18.5006599426, -20.7938022614], [724.274719238, -117.786506653, 230.892105103, 200.399169922, 94.3174133301, 247.86895752, 80.1691131592, 27.667016983, -10.7839870453, 28.0399475098, -14.560210228, 41.9338340759, -47.3634262085], [36.2398338318, 74.540763855, 26.7834682465, 59.6864700317, 45.5587081909, 80.1691131592, 159.444992065, 31.5352363586, 54.5760498047, 11.970864296, 23.9081726074, 7.13482761383, -4.39232826233], [96.2795562744, -121.142051697, 13.5866203308, -33.7233428955, 10.1976032257, 27.667016983, 31.5352363586, 141.007797241, 33.2671432495, 36.674823761, 13.4238777161, -6.12358522415, 10.6160593033], [-233.01701355, 122.119850159, -115.791793823, -10.1276826859, -10.0558891296, -10.7839870453, 54.5760498047, 33.2671432495, 134.502334595, 40.5648956299, 27.7254276276, -5.74685239792, 12.0491943359], [35.7497253418, -70.7850265503, 13.5891170502, 2.91687965393, 7.29398965836, 28.0399475098, 11.970864296, 36.674823761, 40.5648956299, 99.9707183838, 50.2118759155, 14.3854837418, -13.5168132782], [-259.354553223, 103.306419373, -4.4136300087, -29.3936405182, 28.3397865295, -14.560210228, 23.9081726074, 13.4238777161, 27.7254276276, 50.2118759155, 112.728988647, 7.13832807541, 18.935836792], [219.258758545, -91.8115921021, 29.2380771637, 38.2050971985, -18.5006599426, 41.9338340759, 7.13482761383, -6.12358522415, -5.74685239792, 14.3854837418, 7.13832807541, 88.6559829712, 13.9283704758], [-213.167205811, 71.2714920044, -79.150352478, -62.6640853882, -20.7938022614, -47.3634262085, -4.39232826233, 10.6160593033, 12.0491943359, -13.5168132782, 18.935836792, 13.9283704758, 81.746887207]],
        "icov": [[0.000177666530362, -6.04084743827e-06, -5.38783824595e-05, -0.000112594949314, 0.000130402098875, -0.000344057625625, 9.42915430642e-05, -0.000179015361937, 0.000194254796952, -9.53085909714e-05, 0.000296043202979, -0.000223579481826, 0.00011734830332], [-6.04084743827e-06, 0.00118768913671, -0.000378213939257, 9.83656645985e-05, -0.00040720414836, 0.000264191010501, -0.000243084999966, 0.00139816373121, -0.00169546960387, 0.00134541257285, -0.00116693635937, 0.00114685774315, -0.000939914607443], [-5.38783824595e-05, -0.000378213939257, 0.00219339551404, -0.000872410426382, -0.000833747966681, -0.000587261747569, 0.000233940882026, -0.00103521568235, 0.00222355639562, -0.00059092103038, -0.000119576783618, -0.000487946526846, 0.000924280844629], [-0.000112594949314, 9.83656645985e-05, -0.000872410426382, 0.00400179019198, -0.0010925513925, -0.00165460200515, -4.1244453314e-05, 0.00171497825067, -0.00177921820432, 0.00067046971526, 0.000587235495914, -0.000769342237618, 0.000750217819586], [0.000130402098875, -0.00040720414836, -0.000833747966681, -0.0010925513925, 0.00561446510255, -0.00137583888136, -0.000212385086343, -0.000670509005431, 0.000719661533367, 0.000149580606376, -0.00142192770727, 0.00198394199833, -0.000333051430061], [-0.000344057625625, 0.000264191010501, -0.000587261747569, -0.00165460200515, -0.00137583888136, 0.010376945138, -0.00425928970799, -0.00105884158984, 0.00121304264758, -0.00208425801247, 0.00167546235025, -0.00295805791393, 0.002198982751], [9.42915430642e-05, -0.000243084999966, 0.000233940882026, -4.1244453314e-05, -0.000212385086343, -0.00425928970799, 0.0104676987976, -0.00152116047684, -0.00422057369724, 0.00350661948323, -0.00273419637233, -0.000265097391093, 0.00077130534919], [-0.000179015361937, 0.00139816373121, -0.00103521568235, 0.00171497825067, -0.000670509005431, -0.00105884158984, -0.00152116047684, 0.0113743534312, -0.00350033072755, -0.00215663947165, 1.0062032743e-05, 0.00353813031688, -0.0041622412391], [0.000194254796952, -0.00169546960387, 0.00222355639562, -0.00177921820432, 0.000719661533367, 0.00121304264758, -0.00422057369724, -0.00350033072755, 0.0156183550134, -0.00771814351901, 0.00257132900879, -0.00043749116594, -0.000211879683775], [-9.53085909714e-05, 0.00134541257285, -0.00059092103038, 0.00067046971526, 0.000149580606376, -0.00208425801247, 0.00350661948323, -0.00215663947165, -0.00771814351901, 0.0213540550321, -0.0104695502669, -0.00182203389704, 0.00522332265973], [0.000296043202979, -0.00116693635937, -0.000119576783618, 0.000587235495914, -0.00142192770727, 0.00167546235025, -0.00273419637233, 1.0062032743e-05, 0.00257132900879, -0.0104695502669, 0.0165890846401, -0.00201779068448, -0.00302444538102], [-0.000223579481826, 0.00114685774315, -0.000487946526846, -0.000769342237618, 0.00198394199833, -0.00295805791393, -0.000265097391093, 0.00353813031688, -0.00043749116594, -0.00182203389704, -0.00201779068448, 0.0171233564615, -0.0070149875246], [0.00011734830332, -0.000939914607443, 0.000924280844629, 0.000750217819586, -0.000333051430061, 0.002198982751, 0.00077130534919, -0.0041622412391, -0.000211879683775, 0.00522332265973, -0.00302444538102, -0.0070149875246, 0.0193904209882]]
    },
    "melbands": {
        "dmean": [0.0038199739065, 0.0034492360428, 0.00119421479758, 0.000530614575837, 0.000224266172154, 0.000149378771312, 6.9803041697e-05, 8.94533513929e-05, 5.13513368787e-05, 5.33725542482e-05, 4.17585833929e-05, 3.03846518364e-05, 5.05469870404e-05, 4.63694814243e-05, 3.74377486878e-05, 2.65242306341e-05, 2.85438600258e-05, 1.72321961145e-05, 1.78394166142e-05, 1.52252523549e-05, 1.37132619784e-05, 1.07930354716e-05, 9.56923940976e-06, 7.29497696739e-06, 6.66743926558e-06, 6.58072667648e-06, 5.56947634323e-06, 4.39463565272e-06, 4.41440715804e-06, 3.32661693392e-06, 3.96266932512e-06, 3.00083320326e-06, 2.6240270472e-06, 1.9306712602e-06, 1.34240633543e-06, 1.79298069725e-06, 1.71212900568e-06, 1.86462557394e-06, 1.2340289004e-06, 1.39713972658e-06],
        "dmean2": [0.00601821066812, 0.00548579217866, 0.00195107562467, 0.000810170837212, 0.00034392811358, 0.000229460318224, 0.000112421046651, 0.000140339019708, 8.06213065516e-05, 8.15354069346e-05, 6.58324061078e-05, 5.10468562425e-05, 8.37478874018e-05, 8.42132212711e-05, 6.23471642029e-05, 4.34539215348e-05, 4.91117607453e-05, 2.93604771286e-05, 3.01875625155e-05, 2.54852620856e-05, 2.31426438404e-05, 1.835922194e-05, 1.6449161194e-05, 1.20694494399e-05, 1.11736562758e-05, 1.0967545677e-05, 9.34783474804e-06, 7.26365669834e-06, 7.33534761821e-06, 5.46740056961e-06, 6.5108315539e-06, 5.07920731252e-06, 4.13919815401e-06, 3.02161697618e-06, 2.04072443921e-06, 2.75937259175e-06, 2.57654960478e-06, 2.81412098957e-06, 1.90617822682e-06, 2.18805803343e-06],
        "dvar": [0.000188776713912, 0.000137744791573, 6.68411394145e-06, 1.20270465231e-06, 1.28948926204e-07, 9.30162755708e-08, 2.54604728411e-08, 8.32941395856e-08, 1.1285843371e-08, 1.32747128845e-08, 9.47355349723e-09, 6.21337292728e-09, 1.94913987173e-08, 3.8608511943e-08, 8.68760441364e-09, 3.29350435813e-09, 7.09331837712e-09, 2.25492291506e-09, 1.52520451824e-09, 1.04243214061e-09, 8.55935489152e-10, 6.03256611331e-10, 8.05466193743e-10, 1.99193467276e-10, 2.01253624876e-10, 2.02661706861e-10, 2.05441871848e-10, 1.38714539855e-10, 1.77155845549e-10, 9.21691473144e-11, 2.06870853781e-10, 9.96327326197e-11, 6.9010332171e-11, 2.75616508782e-11, 1.65371709382e-11, 2.4659175743e-11, 2.07712250178e-11, 2.77076035726e-11, 9.95969279272e-12, 1.59216650281e-11],
        "dvar2": [0.000442145450506, 0.00035032784217, 1.71453120856e-05, 2.82964674625e-06, 2.90637899525e-07, 1.96713486389e-07, 6.05054921721e-08, 1.87423722764e-07, 2.45120954645e-08, 2.79116427748e-08, 2.01296028735e-08, 1.60677604555e-08, 5.26038590465e-08, 1.12153792031e-07, 2.31621299918e-08, 8.32307733845e-09, 1.98366230109e-08, 6.11246475657e-09, 3.94962240691e-09, 2.67984656688e-09, 2.24274065985e-09, 1.60772939406e-09, 2.27074359316e-09, 5.09894848566e-10, 5.297588479e-10, 5.25551435704e-10, 5.67652924666e-10, 3.76195435914e-10, 4.85677775774e-10, 2.40676867325e-10, 5.59743806861e-10, 2.65127503285e-10, 1.74956771293e-10, 6.35420535633e-11, 3.71212782735e-11, 5.76158287746e-11, 4.65731689325e-11, 6.33412350348e-11, 2.34614983691e-11, 4.01557814778e-11],
        "max": [0.164718285203, 0.166190668941, 0.0347367115319, 0.0175445526838, 0.00829605292529, 0.00626211613417, 0.00452785845846, 0.0108871413395, 0.00317067047581, 0.00292432121933, 0.0027145720087, 0.00185242807493, 0.00226982892491, 0.00254295882769, 0.00137459277175, 0.00165042968001, 0.00187833036762, 0.000637886289041, 0.000786005635746, 0.000841593020596, 0.000323774816934, 0.000590580166318, 0.000391943467548, 0.000183944997843, 0.00016775658878, 0.000175777793629, 0.000189266982488, 0.000152907581651, 0.000180637813173, 0.000147461803863, 0.000193266823771, 0.00013348988432, 0.000106343068182, 6.97731520631e-05, 7.4284755101e-05, 7.23254634067e-05, 6.18892809143e-05, 6.89274966135e-05, 4.39759969595e-05, 5.13518280059e-05],
        "mean": [0.00410715350881, 0.00404795911163, 0.00191831693519, 0.0010483864462, 0.000506910379045, 0.000298834173009, 0.000106880244857, 0.000124429861899, 7.66255907365e-05, 9.95258960756e-05, 6.86409257469e-05, 3.40798978868e-05, 6.20043938397e-05, 3.68866021745e-05, 4.43533790531e-05, 3.26030130964e-05, 3.22349078488e-05, 1.67092966876e-05, 2.06568256544e-05, 1.69619488588e-05, 1.56476962729e-05, 1.24614043671e-05, 9.78885236691e-06, 9.26163011172e-06, 7.5687289609e-06, 7.2816364991e-06, 6.15480576016e-06, 4.84218844576e-06, 4.72533656648e-06, 3.59978821507e-06, 3.97766280003e-06, 2.95765289593e-06, 2.74924832411e-06, 2.21177560888e-06, 1.52489428729e-06, 2.00858562494e-06, 1.97604276764e-06, 2.11917244997e-06, 1.50374376062e-06, 1.56581393185e-06],
        "median": [0.000247361458605, 0.000556711747777, 0.000539455504622, 0.000503092713188, 0.000299764826195, 0.000110072811367, 4.56811576441e-05, 4.63577380287e-05, 2.09413083212e-05, 3.18947932101e-05, 1.883695586e-05, 1.14797039714e-05, 2.03001054615e-05, 7.70517817728e-06, 1.47810815179e-05, 1.24696471175e-05, 1.08576959974e-05, 5.56662234885e-06, 7.37817708796e-06, 6.35393962511e-06, 6.21457775196e-06, 5.30167426405e-06, 3.60238118446e-06, 4.16200464315e-06, 3.08863695864e-06, 2.63337915385e-06, 2.30871023632e-06, 1.58748844115e-06, 1.37231700137e-06, 9.13679457426e-07, 7.09044229552e-07, 3.88742080304e-07, 3.45892033238e-07, 3.2047259424e-07, 2.17893102672e-07, 3.66092194781e-07, 4.40050428097e-07, 4.8950045084e-07, 4.26724511726e-07, 3.48390926774e-07],
        "min": [1.91657839279e-24, 2.07828146772e-24, 2.07209245949e-24, 4.03871145494e-24, 2.30737890194e-24, 3.8460743829e-24, 3.65333278678e-24, 3.08880755414e-24, 3.07938894937e-24, 3.04500408023e-24, 1.53665124653e-24, 3.6739788544e-24, 5.28800759357e-24, 3.53178470408e-24, 4.92784486425e-24, 4.11475843506e-24, 3.99382408614e-24, 4.72936272733e-24, 3.96119088264e-24, 5.20610253236e-24, 4.29583001737e-24, 3.64349253585e-24, 4.01259384809e-24, 4.96278706362e-24, 1.01002831519e-23, 6.67268961848e-24, 7.37944272524e-24, 7.89098589012e-24, 4.80697599078e-24, 7.16944006366e-24, 8.29225813336e-24, 6.02957392094e-24, 5.38180039419e-24, 6.89902170079e-24, 7.83381398487e-24, 8.1808212753e-24, 7.87829548474e-24, 8.29312982466e-24, 8.1204765715e-24, 7.66697384772e-24],
        "var": [0.000193644998944, 0.000127356499434, 9.50951289269e-06, 2.4354683319e-06, 4.3678738848e-07, 2.82492919723e-07, 3.52091120703e-08, 1.01626874027e-07, 2.71554192466e-08, 4.25328785525e-08, 2.94140907187e-08, 7.51555440104e-09, 1.88044726457e-08, 2.19890932129e-08, 8.48123793418e-09, 3.61197383114e-09, 5.66002400504e-09, 1.66820413039e-09, 1.64714031303e-09, 1.15715148574e-09, 7.99405597274e-10, 6.27577489976e-10, 5.63791124897e-10, 2.19999587991e-10, 1.69729341692e-10, 1.79374737286e-10, 1.63044702739e-10, 1.16247747539e-10, 1.40858463782e-10, 8.25174442665e-11, 1.72444669655e-10, 8.80230333067e-11, 6.9290580218e-11, 3.52687531957e-11, 1.97235231619e-11, 2.86675353595e-11, 2.52584793359e-11, 3.10612750798e-11, 1.17974172098e-11, 1.61514916025e-11]
    },
    "mfcc": {
        "mean": [-667.322692871, 117.729797363, 7.06859302521, 21.7965221405, 16.1842002869, 0.448869168758, 7.65878248215, -4.45471763611, -2.34198307991, -1.26520347595, -4.5068321228, 0.286126881838, -6.1423625946],
        "cov": [[6846.32128906, -1031.33410645, 806.588317871, 297.559020996, 191.649642944, 633.51348877, 180.796615601, 390.479400635, 95.0887298584, -31.0202732086, 51.423992157, -102.051704407, 123.430541992], [-1031.33410645, 1288.74194336, 5.01901197433, 60.9605827332, 69.2139053345, -55.9267311096, -4.48260498047, -59.1554641724, -23.4619121552, 16.9497489929, -3.93816804886, -1.05381166935, -5.28153896332], [806.588317871, 5.01901197433, 633.89440918, 234.37840271, 174.461685181, 228.108169556, 132.35055542, 104.422225952, -20.9071292877, -11.6045761108, 32.1718101501, -10.3210124969, 19.7929077148], [297.559020996, 60.9605827332, 234.37840271, 312.851867676, 152.457229614, 180.235122681, 60.2802124023, 66.917640686, -2.45628166199, -7.0865893364, 26.8899478912, -13.0825824738, 22.303861618], [191.649642944, 69.2139053345, 174.461685181, 152.457229614, 273.581756592, 92.3236999512, 117.464302063, 18.3898239136, 3.05319166183, 13.3346967697, 2.4499399662, 20.2237606049, -0.756945014], [633.51348877, -55.9267311096, 228.108169556, 180.235122681, 92.3236999512, 340.843658447, 56.0341949463, 129.352890015, -8.21664714813, -12.0951871872, 62.7058906555, -28.2590408325, 55.3210334778], [180.796615601, -4.48260498047, 132.35055542, 60.2802124023, 117.464302063, 56.0341949463, 193.910018921, 33.9979820251, 12.8096094131, 19.8366317749, 11.4988451004, 42.3776626587, -2.2753777504], [390.479400635, -59.1554641724, 104.422225952, 66.917640686, 18.3898239136, 129.352890015, 33.9979820251, 143.830123901, 40.7705879211, 9.07992362976, 27.1570110321, -23.4340572357, 32.3405036926], [95.0887298584, -23.4619121552, -20.9071292877, -2.45628166199, 3.05319166183, -8.21664714813, 12.8096094131, 40.7705879211, 85.9320602417, 40.5964851379, 7.75926065445, 5.15864896774, -1.73120677471], [-31.0202732086, 16.9497489929, -11.6045761108, -7.0865893364, 13.3346967697, -12.0951871872, 19.8366317749, 9.07992362976, 40.5964851379, 91.6643753052, 49.5421409607, 33.8782615662, 5.78054475784], [51.423992157, -3.93816804886, 32.1718101501, 26.8899478912, 2.4499399662, 62.7058906555, 11.4988451004, 27.1570110321, 7.75926065445, 49.5421409607, 97.8783950806, 36.8230056763, 32.1140213013], [-102.051704407, -1.05381166935, -10.3210124969, -13.0825824738, 20.2237606049, -28.2590408325, 42.3776626587, -23.4340572357, 5.15864896774, 33.8782615662, 36.8230056763, 97.0504074097, 26.599357605], [123.430541992, -5.28153896332, 19.7929077148, 22.303861618, -0.756945014, 55.3210334778, -2.2753777504, 32.3405036926, -1.73120677471, 5.78054475784, 32.1140213013, 26.599357605, 83.4985656738]],
