{
"lowlevel": {
    "average_loudness": 0.952313542366,
    "barkbands_crest": {
        "dmean": 2.61903214455,
        "dmean2": 4.2596745491,
        "dvar": 5.1380906105,
        "dvar2": 12.6485548019,
        "max": 26.5127716064,
        "mean": 10.2850227356,
        "median": 9.6731004715,
        "min": 2.25899028778,
        "var": 14.7188138962
    },
    "barkbands_flatness_db": {
        "dmean": 0.0231144316494,
        "dmean2": 0.0350704565644,
        "dvar": 0.000426993705332,
        "dvar2": 0.000969398999587,
        "max": 0.526610970497,
        "mean": 0.142894148827,
        "median": 0.123017817736,
        "min": 0.023281192407,
        "var": 0.00599023560062
    },
    "barkbands_kurtosis": {
        "dmean": 3.60859036446,
        "dmean2": 5.67852020264,
        "dvar": 26.0780239105,
        "dvar2": 64.6083374023,
        "max": 152.614578247,
        "mean": 7.38267278671,
        "median": 4.91534376144,
        "min": -1.61375999451,
        "var": 86.1658248901
    },
    "barkbands_skewness": {
        "dmean": 0.534633696079,
        "dmean2": 0.830569982529,
        "dvar": 0.244938060641,
        "dvar2": 0.577106952667,
        "max": 10.4374246597,
        "mean": 2.11114454269,
        "median": 1.98940193653,
        "min": -1.94775497913,
        "var": 1.05711257458
    },
    "barkbands_spread": {
        "dmean": 4.31676721573,
        "dmean2": 6.69287872314,
        "dvar": 23.4895343781,
        "dvar2": 56.2911376953,
        "max": 85.2283859253,
        "mean": 15.517375946,
        "median": 14.4244127274,
        "min": 0.579026281834,
        "var": 87.4443893433
    },
    "dissonance": {
        "dmean": 0.0213978365064,
        "dmean2": 0.0360715761781,
        "dvar": 0.00048527616309,
        "dvar2": 0.00134820013773,
        "max": 0.500000119209,
        "mean": 0.46044293046,
        "median": 0.468391597271,
        "min": 0.181964457035,
        "var": 0.00105668592732
    },
    "dynamic_complexity": 2.4256734848,
    "erbbands_crest": {
        "dmean": 2.48143649101,
        "dmean2": 4.01512002945,
        "dvar": 5.60956907272,
        "dvar2": 13.5068407059,
        "max": 28.9553489685,
        "mean": 8.22902488708,
        "median": 7.29357147217,
        "min": 1.9751740694,
        "var": 14.204328537
    },
    "erbbands_flatness_db": {
        "dmean": 0.0164352022111,
        "dmean2": 0.0244165677577,
        "dvar": 0.000234719525906,
        "dvar2": 0.000502608483657,
        "max": 0.440336823463,
        "mean": 0.150077998638,
        "median": 0.136958137155,
        "min": 0.0283003244549,
        "var": 0.00316455448046
    },
    "erbbands_kurtosis": {
        "dmean": 1.18895363808,
        "dmean2": 1.88203406334,
        "dvar": 4.32389831543,
        "dvar2": 11.2365865707,
        "max": 85.124786377,
        "mean": 1.42845773697,
        "median": 0.426499843597,
        "min": -1.63921248913,
        "var": 14.9759502411
    },
    "erbbands_skewness": {
        "dmean": 0.342071175575,
        "dmean2": 0.528227567673,
        "dvar": 0.100971251726,
        "dvar2": 0.237534746528,
        "max": 6.74748182297,
        "mean": 0.964465141296,
        "median": 0.864939033985,
        "min": -1.50508606434,
        "var": 0.463482886553
    },
    "erbbands_spread": {
        "dmean": 7.30533266068,
        "dmean2": 11.007941246,
        "dvar": 56.3081626892,
        "dvar2": 124.996192932,
        "max": 132.584625244,
        "mean": 38.6766738892,
        "median": 38.1584320068,
        "min": 2.1573882103,
        "var": 320.78302002
    },
    "hfc": {
        "dmean": 7.48690795898,
        "dmean2": 11.7636556625,
        "dvar": 81.5413284302,
        "dvar2": 200.635848999,
        "max": 100.621894836,
        "mean": 21.8155498505,
        "median": 20.3603534698,
        "min": 1.13268250027e-16,
        "var": 186.886749268
    },
    "melbands_crest": {
        "dmean": 3.27747535706,
        "dmean2": 5.37310171127,
        "dvar": 8.40555667877,
        "dvar2": 21.5361022949,
        "max": 30.9863033295,
        "mean": 13.215669632,
        "median": 12.4684963226,
        "min": 2.19402718544,
        "var": 20.541185379
    },
    "melbands_flatness_db": {
        "dmean": 0.0271671302617,
        "dmean2": 0.0405180342495,
        "dvar": 0.000611761643086,
        "dvar2": 0.00132742489222,
        "max": 0.680099546909,
        "mean": 0.21551528573,
        "median": 0.192530602217,
        "min": 0.00404483918101,
        "var": 0.00942840240896
    },
    "melbands_kurtosis": {
        "dmean": 7.15595149994,
        "dmean2": 11.2631187439,
        "dvar": 94.5714645386,
        "dvar2": 229.869949341,
        "max": 330.960174561,
        "mean": 17.0069103241,
        "median": 12.2548866272,
        "min": -1.32821595669,
        "var": 327.712371826
    },
    "melbands_skewness": {
        "dmean": 0.68221706152,
        "dmean2": 1.05444526672,
        "dvar": 0.407934248447,
        "dvar2": 0.954463124275,
        "max": 13.143995285,
        "mean": 2.90766310692,
        "median": 2.72857475281,
        "min": -1.06035673618,
        "var": 1.88483512402
    },
    "melbands_spread": {
        "dmean": 4.21186351776,
        "dmean2": 6.53626155853,
        "dvar": 23.7836513519,
        "dvar2": 52.6216506958,
        "max": 143.751022339,
        "mean": 14.1336936951,
        "median": 12.6841173172,
        "min": 0.699700415134,
        "var": 80.5537948608
    },
    "pitch_salience": {
        "dmean": 0.0810629948974,
        "dmean2": 0.131444826722,
        "dvar": 0.00532896909863,
        "dvar2": 0.0132005270571,
        "max": 0.932946622372,
        "mean": 0.637444794178,
        "median": 0.660683214664,
        "min": 0.0810322389007,
        "var": 0.0135801294819
    },
    "silence_rate_20dB": {
        "dmean": 0,
        "dmean2": 0,
        "dvar": 0,
        "dvar2": 0,
        "max": 1,
        "mean": 1,
        "median": 1,
        "min": 1,
        "var": 0
    },
    "silence_rate_30dB": {
        "dmean": 0.000428632658441,
        "dmean2": 0.000857326551341,
        "dvar": 0.000428412400652,
        "dvar2": 0.000999661977403,
        "max": 1,
        "mean": 0.999499976635,
        "median": 1,
        "min": 0,
        "var": 0.000499858171679
    },
    "silence_rate_60dB": {
        "dmean": 0.00342906126752,
        "dmean2": 0.00685861241072,
        "dvar": 0.00341712892987,
        "dvar2": 0.00823981873691,
        "max": 1,
        "mean": 0.0370026417077,
        "median": 0,
        "min": 0,
        "var": 0.0356338098645
    },
    "spectral_centroid": {
        "dmean": 159.322387695,
        "dmean2": 240.961883545,
        "dvar": 32992.1289062,
        "dvar2": 68750.8828125,
        "max": 11455.6728516,
        "mean": 804.128845215,
        "median": 758.32409668,
        "min": 148.840927124,
        "var": 154019.890625
    },
    "spectral_complexity": {
        "dmean": 3.85755109787,
        "dmean2": 5.8123884201,
        "dvar": 13.9977464676,
        "dvar2": 28.5566425323,
        "max": 52,
        "mean": 20.8439884186,
        "median": 21,
        "min": 0,
        "var": 82.4326477051
    },
    "spectral_decrease": {
        "dmean": 3.06070457867e-09,
        "dmean2": 4.87665374749e-09,
        "dvar": 1.19594881385e-17,
        "dvar2": 2.86942634835e-17,
        "max": 4.5613125959e-29,
        "mean": -8.77191830284e-09,
        "median": -8.24941537303e-09,
        "min": -3.39577788111e-08,
        "var": 2.3854107119e-17
    },
    "spectral_energy": {
        "dmean": 0.0120665598661,
        "dmean2": 0.019235227257,
        "dvar": 0.000183737196494,
        "dvar2": 0.000440031959442,
        "max": 0.133103057742,
        "mean": 0.0350859686732,
        "median": 0.0332984849811,
        "min": 1.06281221889e-20,
        "var": 0.000369391636923
    },
    "spectral_energyband_high": {
        "dmean": 0.000363214552635,
        "dmean2": 0.000566575967241,
        "dvar": 3.09931976972e-07,
        "dvar2": 7.89324133166e-07,
        "max": 0.00719912117347,
        "mean": 0.000804374634754,
        "median": 0.000593259173911,
        "min": 7.63585367629e-21,
        "var": 6.56601628179e-07
    },
    "spectral_energyband_low": {
        "dmean": 0.00442344741896,
        "dmean2": 0.00701088597998,
        "dvar": 7.27288497728e-05,
        "dvar2": 0.000177130947122,
        "max": 0.090579867363,
        "mean": 0.00644722301513,
        "median": 0.00320070097223,
        "min": 2.93415583074e-23,
        "var": 8.92132156878e-05
    },
    "spectral_energyband_middle_high": {
        "dmean": 0.00194729981013,
        "dmean2": 0.00304039684124,
        "dvar": 7.07433946445e-06,
        "dvar2": 1.65097917488e-05,
        "max": 0.0520386584103,
        "mean": 0.0046151606366,
        "median": 0.00365446531214,
        "min": 1.59785142029e-21,
        "var": 1.75690929609e-05
    },
    "spectral_energyband_middle_low": {
        "dmean": 0.00954824406654,
        "dmean2": 0.0153827499598,
        "dvar": 0.000127692692331,
        "dvar2": 0.000319434708217,
        "max": 0.129881471395,
        "mean": 0.0242150239646,
        "median": 0.0213508848101,
        "min": 3.34614071041e-22,
        "var": 0.000228660137509
    },
    "spectral_entropy": {
        "dmean": 0.182253107429,
        "dmean2": 0.270842641592,
        "dvar": 0.0317393280566,
        "dvar2": 0.0689149871469,
        "max": 9.79325199127,
        "mean": 7.46158361435,
        "median": 7.6483335495,
        "min": 4.56424713135,
        "var": 0.421042978764
    },
    "spectral_flux": {
        "dmean": 0.0307351872325,
        "dmean2": 0.0476911738515,
        "dvar": 0.000972520443611,
        "dvar2": 0.00211965874769,
        "max": 0.29583209753,
        "mean": 0.100073710084,
        "median": 0.0970738828182,
        "min": 6.83031131654e-11,
        "var": 0.00223403098062
    },
    "spectral_kurtosis": {
        "dmean": 3.01120018959,
        "dmean2": 4.88978815079,
        "dvar": 87.2182846069,
        "dvar2": 241.838500977,
        "max": 279.16293335,
        "mean": 9.97229671478,
        "median": 3.64207172394,
        "min": -1.24274289608,
        "var": 692.914855957
    },
    "spectral_rms": {
        "dmean": 0.00096370105166,
        "dmean2": 0.0015124961501,
        "dvar": 9.74726958702e-07,
        "dvar2": 2.24834025175e-06,
        "max": 0.0113954655826,
        "mean": 0.00556555902585,
        "median": 0.0056996778585,
        "min": 3.22007763336e-12,
        "var": 3.25464020534e-06
    },
    "spectral_rolloff": {
        "dmean": 305.14654541,
        "dmean2": 499.236907959,
        "dvar": 353185.1875,
        "dvar2": 873952.125,
        "max": 19143.0175781,
        "mean": 883.086914062,
        "median": 732.12890625,
        "min": 107.666015625,
        "var": 583896.4375
    },
    "spectral_skewness": {
        "dmean": 0.268107205629,
        "dmean2": 0.410434246063,
        "dvar": 0.189811483026,
        "dvar2": 0.507888555527,
        "max": 13.6972837448,
        "mean": 2.12031292915,
        "median": 1.689427495,
        "min": -0.0356278084219,
        "var": 2.42094373703
    },
    "spectral_spread": {
        "dmean": 616882.75,
        "dmean2": 919989.75,
        "dvar": 532977614848,
        "dvar2": 1.22022448333e+12,
        "max": 41588580,
        "mean": 5126333,
        "median": 5250201,
        "min": 333236.5,
        "var": 2.92849975296e+12
    },
    "spectral_strongpeak": {
        "dmean": 0.459465056658,
        "dmean2": 0.766822516918,
        "dvar": 0.34415987134,
        "dvar2": 0.851673901081,
        "max": 9.31349849701,
        "mean": 0.870001375675,
        "median": 0.686532914639,
        "min": 0,
        "var": 0.568921923637
    },
    "zerocrossingrate": {
        "dmean": 0.0093135163188,
        "dmean2": 0.0114982789382,
        "dvar": 9.98188843369e-05,
        "dvar2": 0.000145528800203,
        "max": 0.60693359375,
        "mean": 0.0524013079703,
        "median": 0.048828125,
        "min": 0.00341796875,
        "var": 0.00100260891486
    },
    "barkbands": {
        "dmean": [2.38630655076e-05, 0.00227933935821, 0.00233526108786, 0.00175792747177, 0.00481486925855, 0.00371760921553, 0.00146708032116, 0.00120416318532, 0.00126218504738, 0.000578793114983, 0.000559401290957, 0.00043562319479, 0.000439596245997, 0.000318458420224, 0.000218886343646, 0.000170838873601, 0.000136692135129, 0.000108990483568, 8.14768354758e-05, 5.42640482308e-05, 5.39268148714e-05, 6.80130615365e-05, 5.95818601141e-05, 9.68074673438e-05, 0.000101295569038, 3.20176295645e-05, 3.15444526677e-06],
        "dmean2": [4.10340144299e-05, 0.00378261180595, 0.0037878958974, 0.00299244862981, 0.0077397688292, 0.00617263792083, 0.00241891294718, 0.00198579556309, 0.0020058657974, 0.000942811369896, 0.000911526847631, 0.00070896523539, 0.000711943604983, 0.000515672843903, 0.000359011086402, 0.000285419984721, 0.000223171809921, 0.000174003318534, 0.000129507170641, 8.57952909428e-05, 8.56014594319e-05, 0.000108050968265, 9.45848223637e-05, 0.000146574398968, 0.00017473846674, 5.1713668654e-05, 5.10033623868e-06],
        "dvar": [1.33653899059e-09, 2.46432355198e-05, 2.22473863687e-05, 1.13270198199e-05, 3.86001302104e-05, 2.67717987299e-05, 4.70911936645e-06, 4.40715848526e-06, 6.11422819929e-06, 1.34955246267e-06, 1.17313163628e-06, 7.85791996805e-07, 6.86216992563e-07, 3.79249769367e-07, 1.63482297921e-07, 1.05797809624e-07, 5.98237832605e-08, 2.99155438199e-08, 1.4393771508e-08, 5.33338573305e-09, 5.6723683528e-09, 1.13547553582e-08, 7.31608018611e-09, 2.1452825294e-08, 4.8091731486e-08, 4.47959491723e-09, 1.14339454571e-10],
        "dvar2": [3.6197005393e-09, 6.51726513752e-05, 5.46873816347e-05, 2.98695758829e-05, 9.69504835666e-05, 6.78420838085e-05, 1.17501685963e-05, 1.05390017779e-05, 1.48305744005e-05, 3.22462187796e-06, 2.78059042103e-06, 1.79377980203e-06, 1.66786037425e-06, 9.41232258356e-07, 4.00799422096e-07, 2.8792987905e-07, 1.55722645445e-07, 7.3513604093e-08, 3.54062592578e-08, 1.31342421383e-08, 1.41843887747e-08, 2.94104474108e-08, 1.7797702867e-08, 5.11543376547e-08, 1.30980211566e-07, 1.09826991945e-08, 2.7120067303e-10],
        "max": [0.00151598628145, 0.0584961734712, 0.0505787096918, 0.0520482584834, 0.0718306079507, 0.10629992187, 0.0449118465185, 0.0387712046504, 0.0618410147727, 0.0339713916183, 0.0272144898772, 0.0442195646465, 0.0148234665394, 0.0131490360945, 0.00900388509035, 0.00706026004627, 0.00589850358665, 0.00424624187872, 0.00225082738325, 0.00136207963806, 0.00129765737802, 0.00187809590716, 0.0011338860495, 0.00313269905746, 0.002575956285, 0.00144559366163, 0.00027521312586],
        "mean": [3.05598914565e-05, 0.00278300349601, 0.00276186107658, 0.00238748360425, 0.00977010745555, 0.00608720071614, 0.00216771638952, 0.00156303320546, 0.00198866450228, 0.000829323544167, 0.000806645490229, 0.000669344968628, 0.000660224060994, 0.00048639375018, 0.000359310419299, 0.00028026747168, 0.000228480304941, 0.000199041489395, 0.000164041455719, 0.000115491893666, 0.000121827164548, 0.000142159900861, 0.000127038627397, 0.000164967263117, 0.000127895880723, 5.86058522458e-05, 5.29893759449e-06],
        "median": [1.56792539201e-05, 0.00106059806421, 0.00103369972203, 0.00125228753313, 0.00768027454615, 0.00397255318239, 0.00134344690014, 0.000737927039154, 0.00105034105945, 0.000465737102786, 0.000422736397013, 0.000400616787374, 0.000346874148818, 0.000252415222349, 0.000210607846384, 0.000170892802998, 0.000139182520797, 0.000132821805892, 0.000120604207041, 8.66277041496e-05, 9.11862080102e-05, 0.000104043268948, 9.39599121921e-05, 9.57417069003e-05, 5.76523416385e-05, 1.75298882823e-05, 5.47545596419e-07],
        "min": [5.49736260035e-25, 8.82608346337e-24, 3.27163099931e-24, 2.19711425175e-23, 1.01979393988e-22, 4.9561783025e-23, 4.26510143964e-23, 9.42731222456e-24, 3.86354126217e-23, 6.10951061642e-23, 7.15548022331e-23, 4.31403542823e-23, 6.40965136492e-23, 8.58431558194e-23, 1.59911369871e-22, 1.29801293803e-22, 1.63359739634e-22, 1.88876751967e-22, 3.00134462865e-22, 2.82838820047e-22, 3.51150867534e-22, 4.84639637996e-22, 5.42593222357e-22, 5.80351513159e-22, 1.39728738477e-21, 1.60172145829e-21, 2.30054963053e-21],
        "var": [1.97304461658e-09, 2.39049659285e-05, 2.44666534854e-05, 1.16902992886e-05, 7.32152839191e-05, 5.27974698343e-05, 7.16025851943e-06, 5.98940550844e-06, 1.02724116005e-05, 1.88493675068e-06, 1.93279493033e-06, 1.24944460822e-06, 1.02282206171e-06, 5.84910651469e-07, 2.81381772993e-07, 1.30772420448e-07, 8.80495107936e-08, 5.52252643615e-08, 3.03440153004e-08, 1.2475876332e-08, 1.51570329621e-08, 2.17492335253e-08, 1.66603690843e-08, 4.25028900963e-08, 4.24352144535e-08, 1.56897979053e-08, 3.44596656765e-10]
    },
    "erbbands": {
        "dmean": [0.0275895241648, 0.644584298134, 2.57781505585, 3.73146033287, 9.513007164, 21.3179168701, 27.584192276, 32.4283485413, 21.2744083405, 22.479932785, 25.3218345642, 27.869972229, 21.546546936, 16.6590614319, 20.4646339417, 16.8977451324, 19.3439044952, 16.0929107666, 11.8162269592, 10.4899024963, 8.83317661285, 7.66699743271, 6.23067617416, 4.53202152252, 3.47405934334, 2.47784376144, 2.24663186073, 2.21397686005, 2.37821769714, 2.09722781181, 1.79199373722, 1.83871269226, 1.69225358963, 1.35602545738, 0.640091240406, 0.211116805673, 0.0419367961586, 0.0079736430198, 0.000536010484211, 2.15064828808e-05],
        "dmean2": [0.0449909716845, 1.06978917122, 4.17159938812, 6.03000974655, 15.9267368317, 34.1109199524, 44.9953918457, 53.9370536804, 35.4198303223, 36.6637687683, 41.7476272583, 44.6800079346, 35.1000289917, 27.0252056122, 33.3318481445, 27.2925643921, 31.2044010162, 25.8648395538, 19.3060703278, 17.1584339142, 14.6813354492, 12.4294033051, 9.92796897888, 7.13806343079, 5.4926905632, 3.92757320404, 3.54304838181, 3.54426598549, 3.7888417244, 3.29062795639, 2.85899996758, 2.76232290268, 2.66546773911, 2.3326716423, 1.10657215118, 0.352352499962, 0.0653292834759, 0.0126931406558, 0.000855262100231, 3.39696380252e-05],
        "dvar": [0.0025563405361, 2.04477238655, 29.81042099, 44.0698928833, 207.906860352, 930.45501709, 1333.11584473, 2174.12207031, 959.399841309, 1491.72521973, 1784.17712402, 3571.40136719, 2047.54980469, 709.418579102, 1637.13879395, 947.437561035, 1284.52893066, 1042.82971191, 437.668762207, 395.717651367, 268.399780273, 180.099411011, 103.617393494, 47.4605293274, 23.5827999115, 11.7004451752, 9.81002044678, 13.0093641281, 13.1425266266, 9.06196880341, 7.18505001068, 6.80530118942, 7.45836114883, 8.25492095947, 2.15820479393, 0.208177030087, 0.00858071353287, 0.000450687890407, 3.35492154591e-06, 9.73542246818e-10],
        "dvar2": [0.0063480688259, 5.37515830994, 73.4603805542, 103.623069763, 554.338867188, 2350.47094727, 3369.71313477, 5491.02685547, 2434.65869141, 3451.8503418, 4413.74072266, 8744.67578125, 5236.51025391, 1679.24755859, 3928.00854492, 2219.47583008, 3138.52905273, 2576.61816406, 1101.14355469, 961.155944824, 722.62310791, 462.086090088, 255.345062256, 115.311729431, 57.0461921692, 28.7748775482, 24.0999336243, 33.6762466431, 34.2135887146, 22.0730609894, 17.7723522186, 15.4184408188, 18.6605396271, 22.6669502258, 5.84635925293, 0.548065066338, 0.0197528898716, 0.00110028136987, 7.85954580351e-06, 2.24183649422e-09],
        "max": [0.815123617649, 16.6696643829, 59.163066864, 86.2560195923, 242.617721558, 354.190795898, 531.288452148, 833.287719727, 673.938659668, 1028.17456055, 744.466552734, 1711.64978027, 1021.26525879, 820.995300293, 901.297302246, 1141.55090332, 653.087219238, 793.788085938, 484.948516846, 450.976837158, 380.849243164, 316.384002686, 215.426620483, 174.328964233, 94.8963623047, 73.9914932251, 70.6840515137, 74.839515686, 56.4600868225, 55.0463562012, 36.7376289368, 52.2093276978, 55.9830513, 35.8623886108, 21.6743507385, 9.641954422, 2.59533715248, 0.571393311024, 0.0565377362072, 0.00084825581871],
        "mean": [0.0399614460766, 0.772731125355, 3.12040758133, 5.46797370911, 16.4793014526, 36.9008789062, 49.2380485535, 50.5393409729, 33.1108283997, 33.2322769165, 35.5485229492, 43.6319465637, 34.2829284668, 27.0934619904, 31.6661205292, 27.2812614441, 30.4469776154, 25.9272441864, 20.0229206085, 17.8413677216, 15.1757259369, 13.3772449493, 11.5202617645, 9.08701229095, 7.48134040833, 5.34176683426, 4.96096611023, 4.76178216934, 4.92024803162, 4.49758005142, 3.61995482445, 3.42355203629, 2.64905762672, 1.69189655781, 0.785201132298, 0.3303360641, 0.0851660594344, 0.0153619833291, 0.000950904446654, 5.96672434767e-05],
        "median": [0.0144388256595, 0.290484070778, 1.19975292683, 3.15295886993, 10.5345134735, 23.7946548462, 32.2409706116, 31.1512298584, 22.2082252502, 18.6911773682, 19.2405643463, 23.1672439575, 19.5421237946, 17.2856769562, 18.2212772369, 17.0883426666, 17.2704792023, 13.8415546417, 12.3806266785, 10.6159505844, 9.50454235077, 8.34765720367, 7.62175321579, 6.51419782639, 5.6638469696, 4.01800346375, 3.64327716827, 3.53371953964, 3.6228313446, 3.34391760826, 2.62580227852, 2.13538408279, 1.49258935452, 0.788211047649, 0.320772945881, 0.111580483615, 0.0244487877935, 0.00343453045934, 0.000114496862807, 4.76620043628e-05],
        "min": [1.60421226451e-22, 2.09594622329e-21, 4.61447874592e-21, 3.5032310632e-20, 2.42788986915e-19, 1.91866236217e-19, 2.12006546094e-19, 4.55156287154e-19, 6.612343264e-19, 3.81801212499e-19, 1.93984813787e-19, 6.4988649407e-19, 1.29724150527e-18, 2.90671494726e-18, 2.57091001745e-18, 1.58037788093e-18, 2.82945338291e-18, 4.61451266032e-18, 4.69704005644e-18, 7.12205733413e-18, 8.90688893007e-18, 8.73699182251e-18, 1.04711189013e-17, 1.45488397341e-17, 1.17693035992e-17, 1.45375900778e-17, 1.60290347725e-17, 1.55609713142e-17, 1.68776608696e-17, 1.56400911398e-17, 1.46490344673e-17, 9.97183433789e-18, 1.31519574998e-17, 1.40663899506e-17, 1.00356959899e-17, 5.71977030171e-18, 2.64434752582e-18, 1.25629616835e-18, 3.03009751762e-19, 3.58719344966e-20],
        "var": [0.00455234060064, 1.93818843365, 31.3210258484, 54.1434173584, 327.751708984, 1566.77001953, 2645.7253418, 3828.82641602, 1455.82226562, 2240.87670898, 2350.19140625, 5650.19433594, 2819.88793945, 1188.78735352, 2596.76635742, 1498.38989258, 1942.43603516, 1703.50610352, 709.095458984, 633.323852539, 356.362731934, 279.49987793, 188.932601929, 95.6113128662, 56.8959960938, 27.2002830505, 26.5453128815, 26.4978275299, 25.7417888641, 20.7322731018, 14.4828739166, 16.6564693451, 11.6213512421, 7.17573738098, 1.89149153233, 0.423524469137, 0.0374086387455, 0.00172786216717, 1.17504432637e-05, 3.65353725051e-09]
    },
    "gfcc": {
        "mean": [3.54374027252, 98.3818130493, -99.4164428711, 17.9595546722, -70.387840271, 11.8267269135, -49.7275085449, 0.422167599201, -30.0340023041, -1.34125745296, -17.3899154663, 0.821955800056, -10.5693807602],
        "cov": [[23438.6972656, -2669.28417969, -2918.35253906, 44.5107116699, -1456.47290039, 629.527709961, -959.83416748, 596.435852051, -446.390319824, 404.366485596, -233.402618408, 401.846466064, -226.559539795], [-2669.28417969, 1971.1583252, 474.233062744, -135.162841797, 351.412200928, -206.352157593, 271.011627197, -208.002532959, 240.661712646, -138.766799927, 154.850128174, -153.328582764, 140.438369751], [-2918.35253906, 474.233062744, 874.188354492, 2.17888879776, 276.12612915, -71.228729248, 151.947692871, -27.8234710693, 84.2954177856, -11.6967411041, 39.3700141907, -20.1168613434, 23.9790458679], [44.5107116699, -135.162841797, 2.17888879776, 280.919342041, 5.32927703857, 41.825378418, -10.4698905945, 23.3403053284, -4.17266941071, -7.7504491806, -2.02978730202, 12.0783147812, -3.20630788803], [-1456.47290039, 351.412200928, 276.12612915, 5.32927703857, 275.927398682, -27.18658638, 110.346427917, -34.5388565063, 56.6378974915, -19.391292572, 18.6446208954, -19.4572849274, 20.2156066895], [629.527709961, -206.352157593, -71.228729248, 41.825378418, -27.18658638, 141.031509399, -6.94136571884, 44.4473304749, -26.8353939056, 25.9685230255, -10.1413755417, 10.1741018295, -20.0995502472], [-959.83416748, 271.011627197, 151.947692871, -10.4698905945, 110.346427917, -6.94136571884, 141.037155151, -5.60385036469, 50.4382362366, -21.157371521, 14.8822507858, -25.1219005585, 4.73951482773], [596.435852051, -208.002532959, -27.8234710693, 23.3403053284, -34.5388565063, 44.4473304749, -5.60385036469, 126.141357422, 12.312541008, 39.5330123901, -3.40332603455, 20.2380657196, -19.8929901123], [-446.390319824, 240.661712646, 84.2954177856, -4.17266941071, 56.6378974915, -26.8353939056, 50.4382362366, 12.312541008, 105.484481812, 16.9721336365, 40.3879165649, -13.7616434097, 17.1964817047], [404.366485596, -138.766799927, -11.6967411041, -7.7504491806, -19.391292572, 25.9685230255, -21.157371521, 39.5330123901, 16.9721336365, 101.110748291, 21.6151771545, 37.3079528809, -9.38111782074], [-233.402618408, 154.850128174, 39.3700141907, -2.02978730202, 18.6446208954, -10.1413755417, 14.8822507858, -3.40332603455, 40.3879165649, 21.6151771545, 83.3582382202, 9.90757846832, 30.6707897186], [401.846466064, -153.328582764, -20.1168613434, 12.0783147812, -19.4572849274, 10.1741018295, -25.1219005585, 20.2380657196, -13.7616434097, 37.3079528809, 9.90757846832, 78.6608276367, 15.8776540756], [-226.559539795, 140.438369751, 23.9790458679, -3.20630788803, 20.2156066895, -20.0995502472, 4.73951482773, -19.8929901123, 17.1964817047, -9.38111782074, 30.6707897186, 15.8776540756, 72.1029663086]],
        "icov": [[0.00015421579883, -0.000301848049276, 0.000340716156643, 6.1638780835e-07, 0.000281790969893, -0.000422458979301, 0.000663100625388, -0.00064123555785, 0.00027305239928, -0.000261820037849, 0.000443348893896, -0.000756899826229, 0.000420836877311], [-0.000301848049276, 0.00247620162554, -0.000765309319831, 0.000502164300997, -0.00110232701991, 0.00148917501792, -0.00263809552416, 0.00299730547704, -0.0028080670163, 0.00172344676685, -0.00262339203618, 0.00355184799992, -0.00254234950989], [0.000340716156643, -0.000765309319831, 0.00255536357872, -0.000148701539729, -0.000782048737165, -0.000217436085222, 0.000684397411533, -0.00168590026442, 0.00081631320063, -0.000964959384874, 0.00078822352225, -0.00178811920341, 0.00109153380617], [6.1638780835e-07, 0.000502164300997, -0.000148701539729, 0.00406366446987, -0.000511222810019, -0.00119906396139, 0.000551548146177, -6.80838784319e-05, -0.00122864649165, 0.00185336265713, -0.00070452602813, -0.000457688933238, -5.7312878198e-05], [0.000281790969893, -0.00110232701991, -0.000782048737165, -0.000511222810019, 0.00756625458598, -0.00123400485609, -0.00184268841986, -6.64905428494e-06, -0.0002013361227, -0.000953452195972, 0.00212938408367, -0.00220278394409, 0.000427026592661], [-0.000422458979301, 0.00148917501792, -0.000217436085222, -0.00119906396139, -0.00123400485609, 0.0112395538017, -0.00421977322549, -0.000453258864582, 0.00238664424978, -0.00173652707599, -0.00219225441106, 0.00398254301399, -0.00131712574512], [0.000663100625388, -0.00263809552416, 0.000684397411533, 0.000551548146177, -0.00184268841986, -0.00421977322549, 0.0167337059975, -0.00461771572009, -0.00168016902171, 0.00155879859813, 0.0024245576933, -0.00405405694619, 0.0044501167722], [-0.00064123555785, 0.00299730547704, -0.00168590026442, -6.80838784319e-05, -6.64905428494e-06, -0.000453258864582, -0.00461771572009, 0.0155250867829, -0.0067374589853, 6.85960403644e-05, -0.00185491412412, 0.00250560720451, -0.000979763804935], [0.00027305239928, -0.0028080670163, 0.00081631320063, -0.00122864649165, -0.0002013361227, 0.00238664424978, -0.00168016902171, -0.0067374589853, 0.0210057478398, -0.00693767517805, -0.00257505779155, 0.00170080794487, -0.000217038861592], [-0.000261820037849, 0.00172344676685, -0.000964959384874, 0.00185336265713, -0.000953452195972, -0.00173652707599, 0.00155879859813, 6.85960403644e-05, -0.00693767517805, 0.0186780449003, -0.00591149227694, -0.00544468965381, 0.00372185488231], [0.000443348893896, -0.00262339203618, 0.00078822352225, -0.00070452602813, 0.00212938408367, -0.00219225441106, 0.0024245576933, -0.00185491412412, -0.00257505779155, -0.00591149227694, 0.0212054587901, -0.00454873451963, -0.00384353776462], [-0.000756899826229, 0.00355184799992, -0.00178811920341, -0.000457688933238, -0.00220278394409, 0.00398254301399, -0.00405405694619, 0.00250560720451, 0.00170080794487, -0.00544468965381, -0.00454873451963, 0.0257674548775, -0.0108898589388], [0.000420836877311, -0.00254234950989, 0.00109153380617, -5.7312878198e-05, 0.000427026592661, -0.00131712574512, 0.0044501167722, -0.000979763804935, -0.000217038861592, 0.00372185488231, -0.00384353776462, -0.0108898589388, 0.0232969541103]]
    },
    "melbands": {
        "dmean": [0.000437021226389, 0.00116824463475, 0.000775445543695, 0.00102863460779, 0.000960104574915, 0.000702411809471, 0.000319294631481, 0.000252038589679, 0.000209667821764, 0.000175463952473, 0.000109239510493, 6.86205021339e-05, 7.68599857111e-05, 5.1386829e-05, 4.92959661642e-05, 3.88485568692e-05, 3.05029534502e-05, 2.11866026802e-05, 1.67355810845e-05, 1.27195798996e-05, 1.05500175778e-05, 8.4603761934e-06, 7.09753066985e-06, 5.31365776624e-06, 3.86673809771e-06, 3.1482650229e-06, 2.25870917347e-06, 1.70796931798e-06, 1.54486929205e-06, 1.43513386774e-06, 1.39360463436e-06, 1.38503219205e-06, 1.5668888409e-06, 1.11201848085e-06, 1.1114445897e-06, 1.06000220512e-06, 1.27382656956e-06, 1.13582780159e-06, 1.39452640724e-06, 1.12031011668e-06],
        "dmean2": [0.000722536409739, 0.00189492595382, 0.00125538441353, 0.00166893820278, 0.00155325536616, 0.0011668773368, 0.000529093900695, 0.000411114713643, 0.000343762163538, 0.000280668842606, 0.000178005167982, 0.000111275396193, 0.000125122227473, 8.41879373183e-05, 7.9989535152e-05, 6.30448485026e-05, 4.92809122079e-05, 3.47542991221e-05, 2.74763533525e-05, 2.12827508221e-05, 1.75622681127e-05, 1.39129460877e-05, 1.14747472253e-05, 8.52402445162e-06, 6.16314628132e-06, 5.0375488172e-06, 3.61214665645e-06, 2.75474371847e-06, 2.47784078056e-06, 2.31609806178e-06, 2.26042311624e-06, 2.23731262849e-06, 2.52970016845e-06, 1.7568373778e-06, 1.8023741859e-06, 1.69636552982e-06, 1.9283452275e-06, 1.76076764546e-06, 2.3564903131e-06, 1.96052087631e-06],
        "dvar": [7.99336419277e-07, 6.2689191509e-06, 1.71286524164e-06, 2.0396751097e-06, 1.53025848704e-06, 9.87662701846e-07, 2.09909543969e-07, 1.86545264569e-07, 1.20395597492e-07, 1.34982329314e-07, 5.28204822103e-08, 1.27645218839e-08, 2.43052689086e-08, 1.39088003337e-08, 7.93314036684e-09, 5.5363078566e-09, 3.75309605616e-09, 1.53583257223e-09, 1.05826747365e-09, 6.20165307996e-10, 3.77509357108e-10, 2.27898311334e-10, 1.63428853783e-10, 7.61878130029e-11, 3.53460941072e-11, 2.36829566375e-11, 9.77079441661e-12, 5.63015736463e-12, 4.77190465961e-12, 3.82146658068e-12, 6.67963297521e-12, 4.72608237267e-12, 7.07537674283e-12, 2.2547057537e-12, 2.9205136573e-12, 2.25786078202e-12, 3.80917086068e-12, 3.27896303859e-12, 7.02847372316e-12, 6.36006958904e-12],
        "dvar2": [2.1021644443e-06, 1.56822297868e-05, 4.15124168285e-06, 5.12494489158e-06, 3.84069016945e-06, 2.48190190177e-06, 5.29132080374e-07, 4.31847468008e-07, 2.93382981909e-07, 3.32396950853e-07, 1.34029122023e-07, 2.98853350955e-08, 5.76152885401e-08, 3.12907602051e-08, 1.89925479788e-08, 1.37238842512e-08, 9.23798104679e-09, 3.85109455436e-09, 2.46684495053e-09, 1.67649238936e-09, 1.01547081854e-09, 5.96076354942e-10, 4.04255739994e-10, 1.8901535892e-10, 8.79718589641e-11, 5.90034479608e-11, 2.408885591e-11, 1.41786816663e-11, 1.19229201165e-11, 9.61878146577e-12, 1.75889979664e-11, 1.23147316997e-11, 1.86297574589e-11, 5.35974259766e-12, 7.28585334425e-12, 5.50732116161e-12, 8.74411047042e-12, 7.79394951356e-12, 1.89260794536e-11, 1.76658878498e-11],
        "max": [0.0103515982628, 0.0271937493235, 0.0201885290444, 0.0197373591363, 0.0175233781338, 0.018663559109, 0.0101067144424, 0.00982618983835, 0.00603089947253, 0.00975507311523, 0.0051765604876, 0.00324990367517, 0.00394644588232, 0.00632298877463, 0.00215000589378, 0.00172674038913, 0.00144140492193, 0.000988419866189, 0.00092851370573, 0.000559345295187, 0.000437467184383, 0.000425104197348, 0.000365722808056, 0.000334186886903, 0.000155602727318, 0.000111624554847, 6.62327292957e-05, 4.07648985856e-05, 4.50293555332e-05, 2.78023253486e-05, 5.40534019819e-05, 3.63162689609e-05, 5.39560060133e-05, 3.30000839313e-05, 2.55112354353e-05, 2.18563236558e-05, 4.2432689952e-05, 5.42750458408e-05, 2.74193753285e-05, 3.42699131579e-05],
        "mean": [0.000561882741749, 0.00147082924377, 0.00126977905165, 0.00187353941146, 0.00180927268229, 0.00112091051415, 0.000498561887071, 0.000364848965546, 0.000298848521197, 0.000272588658845, 0.00016867123486, 0.000107571016997, 0.000113781039545, 7.73850042606e-05, 7.3894225352e-05, 5.99794584559e-05, 4.64962504338e-05, 3.28419446305e-05, 2.69032170763e-05, 2.04128300538e-05, 1.69237882801e-05, 1.37251545311e-05, 1.19702544907e-05, 9.2403315648e-06, 7.14309135219e-06, 6.03662056164e-06, 4.54032760899e-06, 3.29402837451e-06, 3.06786728288e-06, 2.95415793516e-06, 2.68657140623e-06, 2.65733183369e-06, 2.95385848403e-06, 2.28783937928e-06, 2.09203449231e-06, 1.96373980543e-06, 2.17961633098e-06, 1.83274755727e-06, 1.7883903638e-06, 1.30836201606e-06],
        "median": [0.000217777342186, 0.000603233696893, 0.000769316509832, 0.0013779719593, 0.00133036635816, 0.000711896340363, 0.000334511947585, 0.00019792598323, 0.000158422422828, 0.00014276803995, 9.12816249183e-05, 6.6979919211e-05, 6.09103954048e-05, 4.44450088253e-05, 4.09191452491e-05, 3.19609898725e-05, 2.3418573619e-05, 1.8915578039e-05, 1.5090990928e-05, 1.201372379e-05, 1.00910110632e-05, 8.1940625023e-06, 7.24049459677e-06, 5.83661903875e-06, 4.93668176205e-06, 4.31236230725e-06, 3.35436357091e-06, 2.320673957e-06, 2.1004645987e-06, 2.12786017073e-06, 1.86353167919e-06, 1.89945239981e-06, 2.04338948606e-06, 1.62811727478e-06, 1.44782427469e-06, 1.36531298267e-06, 1.23887048176e-06, 1.04726302652e-06, 8.58991370478e-07, 5.64802576264e-07],
        "min": [3.57878976998e-24, 2.36650659059e-24, 1.69706053041e-23, 2.19252560564e-23, 6.07567258566e-24, 1.02585696703e-23, 9.1769246178e-24, 3.68441666746e-24, 1.68622726137e-24, 4.88137819592e-24, 6.44377953872e-24, 1.2012635814e-23, 8.67419381809e-24, 4.18662957998e-24, 6.5055252595e-24, 5.59610984188e-24, 7.2330167306e-24, 7.05466159081e-24, 1.02616478055e-23, 1.07772607038e-23, 1.04484879332e-23, 9.52741946229e-24, 8.51446999517e-24, 9.31473625136e-24, 1.21286212441e-23, 8.40234288382e-24, 6.6229842817e-24, 1.07818755401e-23, 8.66355523992e-24, 6.29008261311e-24, 8.79118110148e-24, 1.04469496544e-23, 8.98822908927e-24, 8.90466426472e-24, 8.76053464417e-24, 7.54363544519e-24, 5.66840933827e-24, 7.01867927834e-24, 1.28806912544e-23, 1.17284510395e-23],
        "var": [8.87272904038e-07, 6.51594791634e-06, 2.35537413573e-06, 3.31758860739e-06, 3.10691689265e-06, 1.84647183232e-06, 3.25956051483e-07, 2.81588825146e-07, 1.74683393084e-07, 2.09926383832e-07, 7.37891880931e-08, 2.07718873213e-08, 3.94640551349e-08, 2.12631903196e-08, 1.23055574619e-08, 8.31104163268e-09, 5.93001114879e-09, 2.22720730747e-09, 1.84918458324e-09, 7.66415431119e-10, 4.85198159428e-10, 3.17029874575e-10, 2.70873851127e-10, 1.35951264135e-10, 6.38446517875e-11, 4.62496221876e-11, 2.13060784293e-11, 1.15021247735e-11, 1.12216538145e-11, 9.37806169526e-12, 1.10415530885e-11, 8.38601323799e-12, 1.11897149532e-11, 5.57689311398e-12, 5.44357094123e-12, 4.46406106525e-12, 8.64641778314e-12, 5.87338467792e-12, 7.05685076346e-12, 5.03028738455e-12]
    },
    "mfcc": {
        "mean": [-632.46105957, 127.629577637, 18.6217975616, 7.2553229332, 0.780540883541, 1.28770565987, -6.74906778336, -3.32830882072, -8.41101741791, -6.0372800827, -5.1764216423, -5.06102561951, -5.08423376083],
        "cov": [[11414.9609375, -583.636169434, -818.699584961, -401.678100586, -214.737014771, -313.170074463, -226.265594482, -88.2478637695, -174.686233521, -63.4433670044, -63.6904678345, 27.3363380432, -51.1521453857], [-583.636169434, 1595.03588867, 249.33416748, 79.6356811523, 47.201374054, 81.4029388428, -4.96826219559, -20.3356456757, 20.4636135101, 7.70266056061, 11.558506012, 9.77331161499, 29.2699489594], [-818.699584961, 249.33416748, 457.127807617, 93.0150299072, 80.5953979492, 27.578742981, 40.1225166321, 20.8271121979, 31.8057003021, 22.6225090027, 13.2146644592, 25.6837749481, 15.3735189438], [-401.678100586, 79.6356811523, 93.0150299072, 222.458404541, 62.0730018616, 45.3948478699, 7.51691484451, 35.1879615784, 20.8583526611, -0.705750226974, 5.40057325363, 1.93691563606, 10.5809316635], [-214.737014771, 47.201374054, 80.5953979492, 62.0730018616, 130.216552734, 32.1877441406, 28.4149169922, 14.4125318527, 21.7385578156, 12.4977588654, 4.47160100937, 13.0112419128, 7.53467464447], [-313.170074463, 81.4029388428, 27.578742981, 45.3948478699, 32.1877441406, 120.682899475, 32.8745117188, 13.5834560394, 4.98429870605, 1.57119631767, 9.95609760284, -16.0552349091, 8.93044662476], [-226.265594482, -4.96826219559, 40.1225166321, 7.51691484451, 28.4149169922, 32.8745117188, 89.2568283081, 32.1936950684, 17.571931839, 11.5324087143, 8.13543891907, 0.69378298521, -1.17320430279], [-88.2478637695, -20.3356456757, 20.8271121979, 35.1879615784, 14.4125318527, 13.5834560394, 32.1936950684, 79.3435821533, 30.3742790222, 10.4366407394, 6.55823802948, 1.05994987488, -3.26690673828], [-174.686233521, 20.4636135101, 31.8057003021, 20.8583526611, 21.7385578156, 4.98429870605, 17.571931839, 30.3742790222, 66.3339996338, 28.027961731, 12.3329057693, 10.331864357, 6.62970256805], [-63.4433670044, 7.70266056061, 22.6225090027, -0.705750226974, 12.4977588654, 1.57119631767, 11.5324087143, 10.4366407394, 28.027961731, 63.4584579468, 28.5832157135, 22.6795749664, 5.78788042068], [-63.6904678345, 11.558506012, 13.2146644592, 5.40057325363, 4.47160100937, 9.95609760284, 8.13543891907, 6.55823802948, 12.3329057693, 28.5832157135, 58.371673584, 28.325012207, 12.2697401047], [27.3363380432, 9.77331161499, 25.6837749481, 1.93691563606, 13.0112419128, -16.0552349091, 0.69378298521, 1.05994987488, 10.331864357, 22.6795749664, 28.325012207, 70.3058929443, 27.1653289795], [-51.1521453857, 29.2699489594, 15.3735189438, 10.5809316635, 7.53467464447, 8.93044662476, -1.17320430279, -3.26690673828, 6.62970256805, 5.78788042068, 12.2697401047, 27.1653289795, 56.7050704956]],
