{
"lowlevel": {
    "average_loudness": 0.921765387058,
    "barkbands_crest": {
        "dmean": 3.00124502182,
        "dmean2": 4.70319795609,
        "dvar": 8.13421154022,
        "dvar2": 19.1736450195,
        "max": 26.7876739502,
        "mean": 12.2672567368,
        "median": 11.5368242264,
        "min": 2.19230508804,
        "var": 26.4705371857
    },
    "barkbands_flatness_db": {
        "dmean": 0.0331677049398,
        "dmean2": 0.0469373948872,
        "dvar": 0.00177016551606,
        "dvar2": 0.00334126525559,
        "max": 0.852281033993,
        "mean": 0.161448374391,
        "median": 0.145807683468,
        "min": 0.0236488878727,
        "var": 0.00764811970294
    },
    "barkbands_kurtosis": {
        "dmean": 13.2188405991,
        "dmean2": 20.3859367371,
        "dvar": 7708.54736328,
        "dvar2": 19503.4394531,
        "max": 4719.34228516,
        "mean": 18.4668445587,
        "median": 5.53920459747,
        "min": -1.83812570572,
        "var": 8752.13183594
    },
    "barkbands_skewness": {
        "dmean": 0.890907466412,
        "dmean2": 1.31646502018,
        "dvar": 2.24450278282,
        "dvar2": 4.98028087616,
        "max": 51.567741394,
        "mean": 2.61902856827,
        "median": 2.22298240662,
        "min": -2.87867355347,
        "var": 5.19485473633
    },
    "barkbands_spread": {
        "dmean": 5.57112216949,
        "dmean2": 8.34972000122,
        "dvar": 48.7285652161,
        "dvar2": 100.885856628,
        "max": 84.5300521851,
        "mean": 17.1623001099,
        "median": 14.7269201279,
        "min": 0.0103320740163,
        "var": 153.128005981
    },
    "dissonance": {
        "dmean": 0.0164674203843,
        "dmean2": 0.0274222046137,
        "dvar": 0.000311151845381,
        "dvar2": 0.000827458163258,
        "max": 0.500000119209,
        "mean": 0.462643623352,
        "median": 0.470261096954,
        "min": 0.256516337395,
        "var": 0.000815218198113
    },
    "dynamic_complexity": 3.3952922821,
    "erbbands_crest": {
        "dmean": 2.4696726799,
        "dmean2": 3.79643177986,
        "dvar": 6.83359622955,
        "dvar2": 14.2628479004,
        "max": 28.8567409515,
        "mean": 9.06661605835,
        "median": 7.41034126282,
        "min": 2.45173335075,
        "var": 26.8149795532
    },
    "erbbands_flatness_db": {
        "dmean": 0.0174761954695,
        "dmean2": 0.0238714274019,
        "dvar": 0.000511777354404,
        "dvar2": 0.000848114315886,
        "max": 0.524926483631,
        "mean": 0.150078773499,
        "median": 0.135889142752,
        "min": 0.066694483161,
        "var": 0.00305654201657
    },
    "erbbands_kurtosis": {
        "dmean": 2.03266358376,
        "dmean2": 3.05362772942,
        "dvar": 110.548774719,
        "dvar2": 233.711181641,
        "max": 305.582824707,
        "mean": 2.06514430046,
        "median": -0.447099924088,
        "min": -1.82640838623,
        "var": 246.58430481
    },
    "erbbands_skewness": {
        "dmean": 0.421461582184,
        "dmean2": 0.612995028496,
        "dvar": 0.392405420542,
        "dvar2": 0.765108823776,
        "max": 11.5762338638,
        "mean": 0.667324483395,
        "median": 0.439839661121,
        "min": -2.39085268974,
        "var": 1.57908380032
    },
    "erbbands_spread": {
        "dmean": 8.77271556854,
        "dmean2": 12.7264823914,
        "dvar": 91.1525115967,
        "dvar2": 174.288406372,
        "max": 145.892074585,
        "mean": 46.1937408447,
        "median": 44.3177566528,
        "min": 0.469992846251,
        "var": 434.941772461
    },
    "hfc": {
        "dmean": 6.37870311737,
        "dmean2": 10.0801200867,
        "dvar": 88.1299133301,
        "dvar2": 227.829956055,
        "max": 88.2198181152,
        "mean": 15.6935749054,
        "median": 13.9513950348,
        "min": 1.11994325709e-16,
        "var": 141.109725952
    },
    "melbands_crest": {
        "dmean": 3.95994496346,
        "dmean2": 6.39445924759,
        "dvar": 15.3545398712,
        "dvar2": 39.5766868591,
        "max": 34.5657730103,
        "mean": 16.9260063171,
        "median": 16.387845993,
        "min": 2.55076742172,
        "var": 36.0085525513
    },
    "melbands_flatness_db": {
        "dmean": 0.040104214102,
        "dmean2": 0.0562939681113,
        "dvar": 0.00260114483535,
        "dvar2": 0.00503832800314,
        "max": 1,
        "mean": 0.233323693275,
        "median": 0.219240248203,
        "min": 0.00534407934174,
        "var": 0.0110311610624
    },
    "melbands_kurtosis": {
        "dmean": 16.9090671539,
        "dmean2": 25.6362934113,
        "dvar": 1186.94067383,
        "dvar2": 2839.19458008,
        "max": 753.416259766,
        "mean": 32.4711265564,
        "median": 17.3033485413,
        "min": -1.61134171486,
        "var": 2136.42919922
    },
    "melbands_skewness": {
        "dmean": 1.09367859364,
        "dmean2": 1.62840151787,
        "dvar": 1.84661471844,
        "dvar2": 4.36501455307,
        "max": 22.8390369415,
        "mean": 3.92115426064,
        "median": 3.41625785828,
        "min": -0.955002784729,
        "var": 5.07509565353
    },
    "melbands_spread": {
        "dmean": 6.88203191757,
        "dmean2": 10.389626503,
        "dvar": 124.882408142,
        "dvar2": 248.52571106,
        "max": 174.422851562,
        "mean": 16.0871562958,
        "median": 11.3814563751,
        "min": 0.138981416821,
        "var": 301.824707031
    },
    "pitch_salience": {
        "dmean": 0.0922340154648,
        "dmean2": 0.141170009971,
        "dvar": 0.0100640999153,
        "dvar2": 0.0225406866521,
        "max": 0.999274015427,
        "mean": 0.519802927971,
        "median": 0.536489486694,
        "min": 0.0306199882179,
        "var": 0.0267540663481
    },
    "silence_rate_20dB": {
        "dmean": 0,
        "dmean2": 0,
        "dvar": 0,
        "dvar2": 0,
        "max": 1,
        "mean": 1,
        "median": 1,
        "min": 1,
        "var": 0
    },
    "silence_rate_30dB": {
        "dmean": 0.0224766302854,
        "dmean2": 0.0449579842389,
        "dvar": 0.0219700243324,
        "dvar2": 0.0523850508034,
        "max": 1,
        "mean": 0.980571329594,
        "median": 1,
        "min": 0,
        "var": 0.0190520230681
    },
    "silence_rate_60dB": {
        "dmean": 0.0289885513484,
        "dmean2": 0.0579831935465,
        "dvar": 0.0281476266682,
        "dvar2": 0.0663814097643,
        "max": 1,
        "mean": 0.0746691897511,
        "median": 0,
        "min": 0,
        "var": 0.0690983831882
    },
    "spectral_centroid": {
        "dmean": 284.086914062,
        "dmean2": 413.620941162,
        "dvar": 129649.5625,
        "dvar2": 254808.203125,
        "max": 11025.8066406,
        "mean": 1107.70788574,
        "median": 973.033569336,
        "min": 59.6361961365,
        "var": 476786.625
    },
    "spectral_complexity": {
        "dmean": 5.03602552414,
        "dmean2": 7.53424358368,
        "dvar": 37.002746582,
        "dvar2": 76.5443954468,
        "max": 53,
        "mean": 17.0172233582,
        "median": 17,
        "min": 0,
        "var": 104.194641113
    },
    "spectral_decrease": {
        "dmean": 3.32231020472e-09,
        "dmean2": 5.10630338013e-09,
        "dvar": 2.01298736491e-17,
        "dvar2": 5.01088809728e-17,
        "max": 1.48214322595e-24,
        "mean": -8.82909834132e-09,
        "median": -7.47530304324e-09,
        "min": -5.44076783626e-08,
        "var": 5.38106498716e-17
    },
    "spectral_energy": {
        "dmean": 0.0129319773987,
        "dmean2": 0.0199083797634,
        "dvar": 0.000299735111184,
        "dvar2": 0.00074773770757,
        "max": 0.207872927189,
        "mean": 0.0347464159131,
        "median": 0.0298044160008,
        "min": 1.01304446112e-20,
        "var": 0.000799262314104
    },
    "spectral_energyband_high": {
        "dmean": 0.000370579073206,
        "dmean2": 0.000572980265133,
        "dvar": 4.34621028944e-07,
        "dvar2": 1.04857679162e-06,
        "max": 0.00749998912215,
        "mean": 0.000696474628057,
        "median": 0.000436343892943,
        "min": 7.21674533215e-21,
        "var": 6.85188297211e-07
    },
    "spectral_energyband_low": {
        "dmean": 0.00854512955993,
        "dmean2": 0.0123292244971,
        "dvar": 0.000234635677771,
        "dvar2": 0.000543811707757,
        "max": 0.194333583117,
        "mean": 0.0161184631288,
        "median": 0.00765298306942,
        "min": 6.70605859254e-23,
        "var": 0.000495987886097
    },
    "spectral_energyband_middle_high": {
        "dmean": 0.00142679852434,
        "dmean2": 0.00230936286971,
        "dvar": 6.13473957856e-06,
        "dvar2": 1.60409817909e-05,
        "max": 0.0376119799912,
        "mean": 0.00290697510354,
        "median": 0.00209762225859,
        "min": 1.66977897507e-21,
        "var": 9.45561350818e-06
    },
    "spectral_energyband_middle_low": {
        "dmean": 0.00923437159508,
        "dmean2": 0.0136682335287,
        "dvar": 0.000247721560299,
        "dvar2": 0.000533554761205,
        "max": 0.155482009053,
        "mean": 0.0175157058984,
        "median": 0.0123515184969,
        "min": 2.77599218536e-22,
        "var": 0.00036770675797
    },
    "spectral_entropy": {
        "dmean": 0.229660302401,
        "dmean2": 0.328832179308,
        "dvar": 0.100788392127,
        "dvar2": 0.189016342163,
        "max": 9.8130645752,
        "mean": 7.44933128357,
        "median": 7.60814380646,
        "min": 2.99134969711,
        "var": 0.449374645948
    },
    "spectral_flux": {
        "dmean": 0.0343437120318,
        "dmean2": 0.0510091260076,
        "dvar": 0.00157274515368,
        "dvar2": 0.00274576735683,
        "max": 0.382469385862,
        "mean": 0.0924748629332,
        "median": 0.0706843733788,
        "min": 1.00650113244e-10,
        "var": 0.00496838754043
    },
    "spectral_kurtosis": {
        "dmean": 2.13891768456,
        "dmean2": 3.44793248177,
        "dvar": 39.0622940063,
        "dvar2": 80.556854248,
        "max": 230.611862183,
        "mean": 5.16813850403,
        "median": 3.1792371273,
        "min": -1.16753613949,
        "var": 89.2267608643
    },
    "spectral_rms": {
        "dmean": 0.00103635201231,
        "dmean2": 0.00151597429067,
        "dvar": 1.33528442348e-06,
        "dvar2": 2.92518825518e-06,
        "max": 0.0142408870161,
        "mean": 0.00528383441269,
        "median": 0.00539235398173,
        "min": 3.14378124228e-12,
        "var": 5.98013821218e-06
    },
    "spectral_rolloff": {
        "dmean": 465.154907227,
        "dmean2": 736.94140625,
        "dvar": 655106.125,
        "dvar2": 1316246.25,
        "max": 19013.8183594,
        "mean": 967.483215332,
        "median": 516.796875,
        "min": 64.599609375,
        "var": 1478928.25
    },
    "spectral_skewness": {
        "dmean": 0.249606370926,
        "dmean2": 0.385027587414,
        "dvar": 0.181408748031,
        "dvar2": 0.354432284832,
        "max": 13.0042572021,
        "mean": 1.56972849369,
        "median": 1.39534270763,
        "min": -0.0363135971129,
        "var": 0.67983263731
    },
    "spectral_spread": {
        "dmean": 437990.53125,
        "dmean2": 626595.6875,
        "dvar": 306007638016,
        "dvar2": 476892168192,
        "max": 39613928,
        "mean": 4556397,
        "median": 4566989.5,
        "min": 644014.6875,
        "var": 1.51351997235e+12
    },
    "spectral_strongpeak": {
        "dmean": 0.312421828508,
        "dmean2": 0.51067763567,
        "dvar": 0.16936711967,
        "dvar2": 0.402441084385,
        "max": 5.5996336937,
        "mean": 0.74018073082,
        "median": 0.553161740303,
        "min": 0,
        "var": 0.410464048386
    },
    "zerocrossingrate": {
        "dmean": 0.0103822713718,
        "dmean2": 0.0115533908829,
        "dvar": 0.000178164307727,
        "dvar2": 0.000178232498001,
        "max": 0.5263671875,
        "mean": 0.0461548343301,
        "median": 0.0390625,
        "min": 0.001953125,
        "var": 0.00110941566527
    },
    "barkbands": {
        "dmean": [0.000116087045171, 0.00497102737427, 0.00503968633711, 0.00519952783361, 0.00376889156178, 0.0017361928476, 0.00115119130351, 0.000550768338144, 0.000608407834079, 0.000254506943747, 0.000229510842473, 0.000197898218175, 0.000277059385553, 0.000184087170055, 0.000196661858354, 0.000183409079909, 0.000164137192769, 0.000133072870085, 0.0001334863191, 0.000158324502991, 0.000114924681839, 8.68463976076e-05, 4.98070112371e-05, 3.59683217539e-05, 2.48205851676e-05, 8.02401882538e-06, 9.85339283943e-07],
        "dmean2": [0.000204725482035, 0.00659317243844, 0.0082635153085, 0.00818796921521, 0.00646701175719, 0.00283060153015, 0.00205157790333, 0.000963144237176, 0.000995270907879, 0.000401893805247, 0.000372834154405, 0.000333399919327, 0.000468071870273, 0.000315513520036, 0.00032326875953, 0.000301888940157, 0.000263950001681, 0.000213158957195, 0.000219816720346, 0.000251584249781, 0.000194501830265, 0.000132843400934, 7.89779733168e-05, 5.75281737838e-05, 4.03942540288e-05, 1.1981017451e-05, 1.6379791532e-06],
        "dvar": [1.26452022187e-07, 8.17676627776e-05, 0.000216972301132, 0.00012661216897, 7.69801190472e-05, 1.19541373351e-05, 6.23673668088e-06, 1.96561995836e-06, 1.20594256714e-06, 4.03578297892e-07, 2.01526788146e-07, 2.0390127986e-07, 3.13844111588e-07, 1.09003700288e-07, 8.75612613527e-08, 1.49293271079e-07, 7.66117622675e-08, 7.25633952925e-08, 4.92980518629e-08, 9.00904311152e-08, 4.14874214982e-08, 2.1708054021e-08, 7.15343784208e-09, 3.62785623764e-09, 1.98545890839e-09, 1.9953746988e-10, 4.82627002599e-12],
        "dvar2": [4.05401095804e-07, 0.000154874054715, 0.000560501881409, 0.000299980543787, 0.000217065491597, 3.14995959343e-05, 1.83087249752e-05, 5.39643724551e-06, 2.99963517136e-06, 7.37638174542e-07, 4.5830296358e-07, 5.24369625055e-07, 8.75518139765e-07, 2.91483047477e-07, 2.23182681225e-07, 3.71954769207e-07, 1.73805815962e-07, 1.80877719913e-07, 1.29756230649e-07, 2.18672653318e-07, 1.14112943095e-07, 4.78950958893e-08, 1.71748464339e-08, 8.91340423692e-09, 5.0505493121e-09, 4.02550520695e-10, 1.21392531444e-11],
        "max": [0.0042677228339, 0.122007824481, 0.137093529105, 0.103361845016, 0.0775769799948, 0.058558229357, 0.0296488795429, 0.0174401849508, 0.017039725557, 0.0193569436669, 0.0185611844063, 0.0181399695575, 0.0140199596062, 0.00357400788926, 0.00403397157788, 0.00589019944891, 0.00400900188833, 0.00392838893458, 0.00255198031664, 0.00347917270847, 0.0025618202053, 0.00206092046574, 0.000999071053229, 0.00065248447936, 0.000385730556445, 0.000191267507034, 6.36977274553e-05],
        "mean": [0.00013372702233, 0.00855585746467, 0.00501065934077, 0.00611885124817, 0.00454588513821, 0.00350657454692, 0.00171504658647, 0.000673769332934, 0.000800730136689, 0.000412582361605, 0.000351441820385, 0.000263204216026, 0.00038920683437, 0.000231795042055, 0.000309439463308, 0.000250350130955, 0.000274792779237, 0.000211268576095, 0.000200024893275, 0.000239498767769, 0.000181993353181, 0.000155894769705, 9.05129272724e-05, 6.34207899566e-05, 4.16355323978e-05, 1.69029644894e-05, 1.34943752528e-06],
        "median": [1.75903951458e-05, 0.00291089341044, 0.00116936932318, 0.0015489961952, 0.00192397786304, 0.00105521432124, 0.000459944072645, 0.000184322416317, 0.000353432493284, 0.000146210455569, 0.000173442997038, 0.00012503284961, 0.000204281139304, 0.000116655297461, 0.000168721831869, 0.000123062709463, 0.000131804990815, 0.000107014901005, 0.000118173920782, 0.000125457212562, 0.000112341687782, 8.74253892107e-05, 5.53042336833e-05, 3.74942246708e-05, 1.94304120669e-05, 7.20735715731e-06, 4.86102067043e-07],
        "min": [1.05378130201e-24, 2.82991291082e-23, 6.58591728549e-24, 4.48596292936e-23, 2.0071898357e-23, 3.30146335216e-23, 6.20844450244e-23, 1.68666476363e-23, 8.94563533355e-23, 7.11490184943e-23, 2.95308565257e-23, 8.1332808884e-23, 8.21449380304e-23, 1.07015444142e-22, 5.39317253411e-23, 2.12852468931e-22, 3.20078835546e-22, 2.11427407483e-22, 3.82366333367e-22, 2.68655580598e-22, 3.67000332675e-22, 6.12733685339e-22, 3.21241957308e-22, 9.69077731497e-22, 1.06032619379e-21, 1.75083358743e-21, 2.19028762618e-21],
        "var": [1.54844030931e-07, 0.000170530372998, 0.000175285647856, 0.00013196549844, 6.02420113864e-05, 3.67144348274e-05, 1.17682338896e-05, 2.18167565436e-06, 1.71644455804e-06, 1.4815814211e-06, 4.98638598856e-07, 2.481390311e-07, 3.63391222891e-07, 1.12725679458e-07, 1.58582096788e-07, 1.72735440174e-07, 1.6043797757e-07, 1.01322221724e-07, 6.12587029991e-08, 1.1759567542e-07, 4.84993982752e-08, 3.89906489318e-08, 1.14476224056e-08, 5.57511370403e-09, 3.0715772148e-09, 5.49666645533e-10, 6.3753130379e-12]
    },
    "erbbands": {
        "dmean": [0.0892858058214, 1.29327189922, 4.70766162872, 10.2146234512, 16.2508773804, 11.6100616455, 13.4188251495, 15.0117073059, 14.8329563141, 15.4218015671, 10.7674608231, 15.2109365463, 8.91992092133, 7.26138019562, 9.9389705658, 8.10676860809, 11.7858915329, 10.1734399796, 11.0314302444, 7.93949699402, 8.7280330658, 8.89791870117, 7.99437665939, 7.16245985031, 6.13330078125, 6.97023439407, 5.84347915649, 4.19315719604, 3.26695895195, 2.16103720665, 1.30406177044, 0.931085288525, 0.529932796955, 0.357622712851, 0.139348089695, 0.0495564118028, 0.0119295697659, 0.00234952569008, 0.000123011443065, 1.57473132276e-05],
        "dmean2": [0.122582316399, 1.68359911442, 6.94896364212, 15.8784561157, 26.0751094818, 20.4064006805, 23.0805892944, 23.6204204559, 26.165309906, 27.255115509, 19.2591056824, 24.543258667, 14.6248064041, 11.5184926987, 16.1361885071, 13.5385122299, 19.7499084473, 17.5237083435, 18.1035633087, 13.015958786, 14.4276800156, 14.313123703, 12.7672748566, 11.5627784729, 10.1649074554, 11.1526947021, 9.50724697113, 7.1325507164, 5.06309080124, 3.41335701942, 2.04977369308, 1.50213384628, 0.841129541397, 0.591768443584, 0.224559009075, 0.0752897039056, 0.0175655875355, 0.00371544831432, 0.000203855612199, 2.43485319515e-05],
        "dvar": [0.0338311009109, 5.30343532562, 130.374572754, 549.548217773, 1199.31933594, 844.928405762, 979.605834961, 856.289367676, 972.658325195, 1215.41479492, 771.571899414, 745.137390137, 407.463653564, 319.26965332, 320.854675293, 391.331359863, 595.867492676, 329.084747314, 265.055999756, 201.783401489, 321.044006348, 242.50440979, 253.640716553, 148.007064819, 110.089546204, 165.219573975, 102.931411743, 65.1686096191, 29.0013923645, 13.7781791687, 4.71120119095, 2.88212394714, 0.698534965515, 0.408952087164, 0.0650764852762, 0.00868001393974, 0.000373783404939, 1.75275054062e-05, 9.88162085491e-08, 3.97881200209e-10],
        "dvar2": [0.0813586935401, 9.4003162384, 310.255706787, 1112.00952148, 3130.41748047, 2417.05273438, 2790.81176758, 2027.04223633, 2822.84936523, 3402.32592773, 2173.10668945, 1785.24157715, 844.58001709, 632.690917969, 739.430175781, 1008.19293213, 1649.31115723, 893.665100098, 674.965515137, 517.235229492, 845.235595703, 571.760803223, 628.708984375, 383.101257324, 289.198303223, 404.200012207, 255.504257202, 182.278167725, 63.0638122559, 33.0183448792, 11.0103769302, 7.18251371384, 1.69184446335, 1.07087683678, 0.16065235436, 0.0184264685959, 0.000748931081034, 4.13823836425e-05, 2.51701976595e-07, 9.90628135078e-10],
        "max": [2.4221303463, 31.0152797699, 110.856918335, 272.894073486, 358.885314941, 262.155639648, 607.915100098, 707.590881348, 405.924194336, 355.504150391, 323.931854248, 493.629852295, 574.751159668, 739.096313477, 907.073852539, 856.379577637, 665.170715332, 212.286529541, 257.959106445, 161.294830322, 266.280456543, 236.986099243, 246.064849854, 144.293624878, 128.063674927, 168.305099487, 125.624031067, 110.43536377, 69.525390625, 54.1129798889, 25.2809791565, 18.5752849579, 9.31264591217, 6.21543121338, 2.6825261116, 1.19433009624, 0.315858393908, 0.108798988163, 0.00968241132796, 0.000234722145251],
        "mean": [0.140460133553, 2.2510535717, 6.12508153915, 12.8208751678, 20.0665531158, 13.3439035416, 21.4852390289, 32.263004303, 23.6139068604, 22.6000175476, 11.9570407867, 20.632774353, 13.7467403412, 12.4250793457, 15.0408859253, 11.5828933716, 17.6750297546, 13.9485569, 17.1855869293, 12.4764127731, 13.3805599213, 14.9782590866, 12.9870300293, 11.3589134216, 9.2846622467, 10.5933866501, 9.21825695038, 6.53078460693, 5.77927494049, 3.82676506042, 2.40731215477, 1.58303308487, 0.948706448078, 0.568043172359, 0.238620176911, 0.0978950932622, 0.0248210709542, 0.00453381147236, 0.000192914885702, 4.4230993808e-05],
        "median": [0.0445538982749, 0.717376232147, 1.7800283432, 3.39836835861, 6.41689968109, 5.3168759346, 6.19832515717, 10.6298484802, 8.72643089294, 6.89218950272, 4.40983104706, 9.01494884491, 6.10665035248, 5.39305257797, 7.91394519806, 6.00766849518, 9.83743572235, 8.26375770569, 9.4306602478, 7.36733627319, 6.87817192078, 7.92009830475, 6.39463043213, 6.64091777802, 5.53365898132, 5.68403148651, 5.11962985992, 3.92395138741, 3.36788463593, 2.2693696022, 1.52975606918, 0.985676288605, 0.529939830303, 0.269023776054, 0.114875361323, 0.0394143350422, 0.0115035101771, 0.00223952601664, 9.29688394535e-05, 3.99581404054e-05],
        "min": [8.30882326574e-22, 6.31367897634e-21, 7.62867966162e-21, 1.03023257955e-19, 6.42243771725e-20, 1.01981042695e-19, 8.47488219709e-20, 3.81777818797e-19, 5.56994679967e-19, 1.02048083099e-18, 9.62299324843e-19, 1.92869753642e-18, 1.90228896818e-18, 1.48857168968e-18, 1.62621836932e-18, 3.00853198847e-18, 2.81806165831e-18, 5.31846280035e-18, 4.68420262693e-18, 4.6336151558e-18, 1.34444014151e-17, 1.95517438841e-17, 1.01373101651e-17, 1.65925598366e-17, 1.95287433e-17, 1.29822688418e-17, 1.25890983161e-17, 1.63249553279e-17, 1.54958738543e-17, 2.18047853494e-17, 1.05975774461e-17, 1.60535011207e-17, 1.71711230443e-17, 1.2838311291e-17, 7.642704664e-18, 5.0319853388e-18, 3.84171131483e-18, 1.23132730797e-18, 2.54181900588e-19, 3.6308185028e-20],
        "var": [0.0604589357972, 11.8528804779, 147.955932617, 656.421508789, 1188.01977539, 625.076599121, 1976.52722168, 3404.98217773, 1827.8548584, 1654.71520996, 626.488342285, 1153.82666016, 1316.01452637, 999.036865234, 758.887145996, 466.897644043, 714.121520996, 336.46963501, 440.561859131, 265.100921631, 385.004577637, 427.370544434, 381.694824219, 212.980026245, 131.566986084, 215.463928223, 142.476577759, 68.7991333008, 52.0901679993, 21.6227149963, 7.74934768677, 3.88227581978, 1.22600471973, 0.562810957432, 0.105586566031, 0.0204696226865, 0.00107853207737, 3.6434703361e-05, 1.18183976383e-07, 1.04786346267e-09]
    },
    "gfcc": {
        "mean": [-17.7432079315, 95.7276000977, -108.009315491, 42.2315635681, -57.0578536987, 9.80954170227, -37.7793807983, 1.48510599136, -23.4376296997, 2.22313213348, -15.7845659256, -0.590032041073, -11.5713167191],
        "cov": [[14046.1191406, -1982.06616211, -770.182006836, 390.329437256, -688.123962402, 721.511962891, -410.456085205, 348.963867188, -322.362426758, 478.625183105, -160.33972168, 170.584671021, -326.179351807], [-1982.06616211, 1518.70812988, 161.377349854, -145.440673828, 308.30557251, -215.259414673, 154.397720337, -169.629089355, 179.724761963, -224.810623169, 120.726654053, -121.832305908, 119.335746765], [-770.182006836, 161.377349854, 1000.44543457, 358.930328369, 280.787658691, 202.329666138, 133.767547607, 35.2760696411, -30.1932792664, -47.7105636597, -66.3262710571, -62.8953094482, -48.608833313], [390.329437256, -145.440673828, 358.930328369, 481.471160889, 192.72052002, 229.296325684, 117.099067688, 73.6826782227, -6.37028455734, 5.92254304886, -25.3516712189, -27.6162986755, -25.1840877533], [-688.123962402, 308.30557251, 280.787658691, 192.72052002, 391.089263916, 141.478347778, 191.855697632, 32.3695831299, 86.7489395142, -49.7287559509, 22.9668979645, -30.3733482361, 28.8385810852], [721.511962891, -215.259414673, 202.329666138, 229.296325684, 141.478347778, 334.275390625, 120.799446106, 131.199264526, 5.43011236191, 45.350315094, -35.7583808899, -2.15019798279, -28.5625915527], [-410.456085205, 154.397720337, 133.767547607, 117.099067688, 191.855697632, 120.799446106, 222.84324646, 92.572517395, 93.4517593384, -12.7522954941, 23.969367981, -16.6480140686, 29.3215198517], [348.963867188, -169.629089355, 35.2760696411, 73.6826782227, 32.3695831299, 131.199264526, 92.572517395, 152.406967163, 54.6667785645, 54.6522636414, -14.8023691177, 17.3727722168, -4.77955389023], [-322.362426758, 179.724761963, -30.1932792664, -6.37028455734, 86.7489395142, 5.43011236191, 93.4517593384, 54.6667785645, 144.758880615, 31.7362976074, 61.8909835815, 9.39478397369, 40.4691467285], [478.625183105, -224.810623169, -47.7105636597, 5.92254304886, -49.7287559509, 45.350315094, -12.7522954941, 54.6522636414, 31.7362976074, 142.970794678, 52.849029541, 59.4898757935, -10.5690555573], [-160.33972168, 120.726654053, -66.3262710571, -25.3516712189, 22.9668979645, -35.7583808899, 23.969367981, -14.8023691177, 61.8909835815, 52.849029541, 125.05947113, 52.5881156921, 44.1748313904], [170.584671021, -121.832305908, -62.8953094482, -27.6162986755, -30.3733482361, -2.15019798279, -16.6480140686, 17.3727722168, 9.39478397369, 59.4898757935, 52.5881156921, 102.984451294, 39.4165840149], [-326.179351807, 119.335746765, -48.608833313, -25.1840877533, 28.8385810852, -28.5625915527, 29.3215198517, -4.77955389023, 40.4691467285, -10.5690555573, 44.1748313904, 39.4165840149, 90.010559082]],
        "icov": [[0.000140161428135, -0.000133837311296, 0.000205951102544, -0.000218825502088, 0.000184901960893, -0.000379046832677, 0.000295073434245, -0.000243611924816, 0.000237404936343, -0.000258952728473, 0.000118355361337, -0.000260413304204, 0.00036557985004], [-0.000133837311296, 0.0027120038867, -0.000907056441065, 0.00135712977499, -0.00091920804698, 0.00055497745052, -0.000425743957749, 0.00196067988873, -0.00294120889157, 0.00351212965325, -0.0030992727261, 0.00298871751875, -0.00153025449254], [0.000205951102544, -0.000907056441065, 0.00212185177952, -0.00141269306187, -0.000424322119216, -0.000533186306711, 0.000126143844682, -0.000564613204915, 0.00170362787321, -0.00148560060188, 0.00159831158817, -0.00115851790179, 0.00137771444861], [-0.000218825502088, 0.00135712977499, -0.00141269306187, 0.00478953169659, -0.00152530404739, -0.000980140641332, -0.000600235478487, 0.000586495909374, -0.000271353579592, 0.00141244824044, -0.00226564053446, 0.00260669342242, -0.00135248084553], [0.000184901960893, -0.00091920804698, -0.000424322119216, -0.00152530404739, 0.00765160936862, -0.00293348170817, -0.00355348247103, 0.00350719015114, -0.00299119972624, 0.00119483331218, 0.00100040587131, -0.00244212686084, 0.00125785672572], [-0.000379046832677, 0.00055497745052, -0.000533186306711, -0.000980140641332, -0.00293348170817, 0.00906600989401, -0.00204187748022, -0.00440076412633, 0.00303454231471, -0.00185137207154, 0.000537384068593, 0.00126557738986, -0.00082301616203], [0.000295073434245, -0.000425743957749, 0.000126143844682, -0.000600235478487, -0.00355348247103, -0.00204187748022, 0.0152810998261, -0.00910892151296, -0.00166281382553, 0.0034637094941, -0.0045804544352, 0.00281480979174, -0.00126746774185], [-0.000243611924816, 0.00196067988873, -0.000564613204915, 0.000586495909374, 0.00350719015114, -0.00440076412633, -0.00910892151296, 0.0238700173795, -0.0109594324604, -0.00265844794922, 0.00834874249995, -0.00386449275538, 0.000301776221022], [0.000237404936343, -0.00294120889157, 0.00170362787321, -0.000271353579592, -0.00299119972624, 0.00303454231471, -0.00166281382553, -0.0109594324604, 0.0223380178213, -0.00826452765614, -0.00346299307421, 0.00367718283087, -0.00343956029974], [-0.000258952728473, 0.00351212965325, -0.00148560060188, 0.00141244824044, 0.00119483331218, -0.00185137207154, 0.0034637094941, -0.00265844794922, -0.00826452765614, 0.0233176127076, -0.0123813878745, -0.00319226691499, 0.00568647822365], [0.000118355361337, -0.0030992727261, 0.00159831158817, -0.00226564053446, 0.00100040587131, 0.000537384068593, -0.0045804544352, 0.00834874249995, -0.00346299307421, -0.0123813878745, 0.025004349649, -0.0101962117478, -0.00115072296467], [-0.000260413304204, 0.00298871751875, -0.00115851790179, 0.00260669342242, -0.00244212686084, 0.00126557738986, 0.00281480979174, -0.00386449275538, 0.00367718283087, -0.00319226691499, -0.0101962117478, 0.025796033442, -0.0130609786138], [0.00036557985004, -0.00153025449254, 0.00137771444861, -0.00135248084553, 0.00125785672572, -0.00082301616203, -0.00126746774185, 0.000301776221022, -0.00343956029974, 0.00568647822365, -0.00115072296467, -0.0130609786138, 0.0230921767652]]
    },
    "melbands": {
        "dmean": [0.0011133471271, 0.0020165303722, 0.001939173555, 0.000924903026316, 0.00047555170022, 0.000323033164022, 0.000235433850321, 0.000160466704983, 8.77100246726e-05, 9.72402922343e-05, 4.31225234934e-05, 2.98906561511e-05, 3.00590618281e-05, 2.477347698e-05, 2.20426027226e-05, 3.03783381241e-05, 1.87129153346e-05, 1.80046499736e-05, 1.32971244966e-05, 1.36359585667e-05, 9.61943442235e-06, 1.06601355583e-05, 8.31704346638e-06, 5.9605649767e-06, 6.21956951363e-06, 5.00106170875e-06, 4.39686209575e-06, 5.22299660588e-06, 4.26506221629e-06, 3.01645854961e-06, 2.45250180342e-06, 2.15128761738e-06, 1.53210669396e-06, 1.14193187528e-06, 7.80226002917e-07, 7.80469406436e-07, 5.20431342466e-07, 3.97390493845e-07, 3.73763299422e-07, 2.86753589762e-07],
        "dmean2": [0.00146180437878, 0.00283221714199, 0.00295729399659, 0.00152850092854, 0.000823693699203, 0.000515968538821, 0.000417366041802, 0.000282895867713, 0.000157167829457, 0.000155238638399, 7.09690502845e-05, 4.70816048619e-05, 4.94632768095e-05, 4.03261074098e-05, 3.76559364668e-05, 5.11797734362e-05, 3.22484593198e-05, 2.97849692288e-05, 2.20872061618e-05, 2.20304409595e-05, 1.59788305609e-05, 1.75914537976e-05, 1.3000767467e-05, 9.73980240815e-06, 1.01572459243e-05, 8.38640335132e-06, 7.22202139514e-06, 8.37894913275e-06, 6.87794090481e-06, 5.14231032867e-06, 4.19959906139e-06, 3.31238811668e-06, 2.46473132393e-06, 1.84782209089e-06, 1.23312759115e-06, 1.28704971303e-06, 8.43594818889e-07, 6.3095404812e-07, 6.22463687705e-07, 4.79712184642e-07],
        "dvar": [4.36754544353e-06, 1.70661769516e-05, 1.63646727742e-05, 4.21174536314e-06, 1.21823859445e-06, 3.98662677981e-07, 2.50960766834e-07, 1.34930303375e-07, 4.97831358359e-08, 3.02609635128e-08, 1.02324424489e-08, 5.82638959301e-09, 3.00667801767e-09, 2.04522643266e-09, 6.8996222069e-09, 3.10885539534e-09, 1.13822917758e-09, 7.18085702012e-10, 5.21138798781e-10, 9.40032274244e-10, 4.03311134489e-10, 3.37744610057e-10, 2.55968274354e-10, 1.43130313157e-10, 1.11302446426e-10, 8.01471250478e-11, 5.49433033792e-11, 1.00321903562e-10, 6.29077623326e-11, 3.06518074811e-11, 2.06627596977e-11, 1.31496627823e-11, 6.53645063423e-12, 3.74946775017e-12, 1.52520444191e-12, 2.1787272507e-12, 7.85492059851e-13, 3.45339317039e-13, 4.35843581278e-13, 2.52679821511e-13],
        "dvar2": [9.07070443645e-06, 3.86536012229e-05, 3.26267254422e-05, 1.14417453005e-05, 3.48046364707e-06, 9.82885921985e-07, 7.37463096812e-07, 3.74059681008e-07, 1.38661064852e-07, 7.06443969989e-08, 2.09685531161e-08, 1.10039017898e-08, 7.22774595729e-09, 4.61286076003e-09, 1.99247818244e-08, 8.18922973878e-09, 3.06796543725e-09, 1.84231541134e-09, 1.34236932681e-09, 2.21265783473e-09, 1.07548858708e-09, 8.30235491467e-10, 5.9946847486e-10, 3.77428449605e-10, 2.88950058325e-10, 2.08241798805e-10, 1.42291706196e-10, 2.43196962568e-10, 1.51852252994e-10, 8.53991877214e-11, 5.7594616576e-11, 2.91407072084e-11, 1.52546621168e-11, 9.31224281714e-12, 3.50877942153e-12, 5.5890886537e-12, 1.93939786106e-12, 8.14806772401e-13, 1.15149599925e-12, 6.56887033917e-13],
        "max": [0.0282045528293, 0.0420646220446, 0.0397417955101, 0.0189090557396, 0.0167217906564, 0.0137253236026, 0.00649074278772, 0.00408459454775, 0.00335509283468, 0.00333964033052, 0.00283371680416, 0.00318497838452, 0.00246506743133, 0.00115193671081, 0.00386099168099, 0.0014151200885, 0.000382150727091, 0.000393677182728, 0.000380207202397, 0.000554914586246, 0.000338574172929, 0.000254419515841, 0.000275954225799, 0.000168558777659, 0.000130806656671, 0.000132923116325, 7.1162772656e-05, 0.000139378855238, 0.00010659990221, 6.74258262734e-05, 6.05581990385e-05, 5.490345211e-05, 3.15544784826e-05, 2.41494817601e-05, 1.58972961799e-05, 1.92503703147e-05, 1.01025962067e-05, 6.81747451381e-06, 8.14081977296e-06, 4.84550764668e-06],
        "mean": [0.00184968311805, 0.00328866671771, 0.0026543373242, 0.00114146491978, 0.000727947626729, 0.000676636176649, 0.000366572901839, 0.000227883123443, 9.06516725081e-05, 0.000133396242745, 6.5379361331e-05, 4.94881569466e-05, 4.46315316367e-05, 3.59992700396e-05, 2.97718688671e-05, 4.23681631219e-05, 2.33236532949e-05, 2.64561440417e-05, 2.0315304937e-05, 1.88468402484e-05, 1.43862725963e-05, 1.66149256984e-05, 1.32445848067e-05, 9.30627174967e-06, 9.2833142844e-06, 6.90655451763e-06, 6.39792779111e-06, 7.48962702346e-06, 6.36295044387e-06, 4.45219347966e-06, 3.59231125913e-06, 3.57047861144e-06, 2.54582027992e-06, 1.91088838619e-06, 1.40157010264e-06, 1.21124844554e-06, 8.68604502102e-07, 6.86647354087e-07, 5.77245202749e-07, 4.43119859028e-07],
        "median": [0.000623068539426, 0.00108369393274, 0.00076882308349, 0.000452926382422, 0.000245264469413, 0.000217941618757, 0.000123234000057, 6.7895220127e-05, 2.79434752883e-05, 5.71956989006e-05, 2.74140766123e-05, 1.93195992324e-05, 2.34033614106e-05, 1.80906827154e-05, 1.46822858369e-05, 2.12600734812e-05, 1.17617082651e-05, 1.38743325806e-05, 1.05354829429e-05, 8.89925649972e-06, 6.81222991261e-06, 8.45214708534e-06, 5.62664035897e-06, 4.90602769787e-06, 5.00412352267e-06, 3.76713978767e-06, 3.59981891052e-06, 3.67283564628e-06, 3.30925740855e-06, 2.5410517992e-06, 2.0252809918e-06, 1.92276002053e-06, 1.47086234392e-06, 1.12087900561e-06, 8.84497296738e-07, 7.21148410321e-07, 5.26248868482e-07, 3.9223007775e-07, 2.72498880349e-07, 2.0412223023e-07],
        "min": [8.09757199512e-24, 5.09781401818e-24, 1.56672666715e-23, 5.31165409363e-24, 3.26851223772e-24, 7.79484504502e-24, 9.99956770242e-24, 9.20147081372e-24, 9.98199740348e-24, 1.19167600262e-23, 9.84883610496e-24, 6.96967050574e-24, 5.04917127704e-24, 7.40645647808e-24, 6.2771910482e-24, 9.16681142099e-24, 9.8389359006e-24, 8.63591118722e-24, 4.49603542094e-24, 1.04665489036e-23, 1.60470747983e-23, 2.48604654897e-23, 7.85398436936e-24, 1.02379188695e-23, 1.32545987017e-23, 1.73452400812e-23, 1.01671690903e-23, 8.0698837662e-24, 6.59928926669e-24, 9.39620586134e-24, 8.73603735762e-24, 8.78577267111e-24, 1.22843195098e-23, 9.97037117146e-24, 4.67860505011e-24, 9.60086951232e-24, 8.97729547712e-24, 1.16372311087e-23, 1.13785005091e-23, 1.07375068474e-23],
        "var": [8.66347545525e-06, 2.81921147689e-05, 2.17667038669e-05, 3.69702979697e-06, 1.79278731594e-06, 1.39908104302e-06, 4.77498701912e-07, 1.75761911692e-07, 4.27562980576e-08, 4.94240630644e-08, 3.35674386065e-08, 1.85911801509e-08, 6.57543086646e-09, 3.58484730789e-09, 4.91334084529e-09, 4.58375470913e-09, 1.14375964255e-09, 1.09221176547e-09, 8.87369122626e-10, 1.15511311627e-09, 5.13779352396e-10, 5.61051261005e-10, 4.56531035198e-10, 1.77549586144e-10, 1.58031213116e-10, 9.10949371491e-11, 7.12027728444e-11, 1.27947819006e-10, 8.38063854425e-11, 3.30673474713e-11, 2.23658747772e-11, 2.3111177902e-11, 9.91518672722e-12, 5.59599025104e-12, 2.62753425788e-12, 2.64971334804e-12, 1.11961113124e-12, 6.29402563054e-13, 6.01870604137e-13, 3.4514792825e-13]
    },
    "mfcc": {
        "mean": [-656.263061523, 117.15587616, 8.76947402954, 32.051990509, 4.82910299301, 10.449596405, -2.16381597519, -0.317281574011, -2.95657610893, -1.25082731247, -2.33550906181, -0.295247644186, -2.25596213341],
        "cov": [[9752.31738281, -576.358398438, -234.520904541, -176.543380737, -285.577789307, 44.6911239624, -94.7402420044, -81.9892501831, -78.2471160889, 63.8458938599, 79.3562774658, 120.651687622, 0.386244922876], [-576.358398438, 1349.46618652, -44.5081710815, 19.5542869568, 57.5976257324, -45.0199127197, -55.6184234619, 12.7383813858, -15.039601326, -35.9910774231, -10.7388896942, 4.26734685898, 23.1617927551], [-234.520904541, -44.5081710815, 603.527832031, 221.487686157, 186.338500977, 170.640808105, 157.888168335, 91.5174560547, 76.5896987915, 53.1686706543, 25.4865207672, -16.9604454041, -12.2302675247], [-176.543380737, 19.5542869568, 221.487686157, 313.884857178, 146.943878174, 132.789413452, 104.67816925, 82.7686538696, 50.2186775208, 34.6334114075, 28.1477165222, 11.2765283585, 2.93161582947], [-285.577789307, 57.5976257324, 186.338500977, 146.943878174, 238.405990601, 164.992431641, 126.423789978, 98.4717330933, 73.5456314087, 42.7551460266, 25.2257041931, 9.25377082825, 4.58512639999], [44.6911239624, -45.0199127197, 170.640808105, 132.789413452, 164.992431641, 215.259307861, 152.023452759, 108.909294128, 78.7235794067, 62.9684066772, 39.8135032654, 21.1145343781, 12.5233459473], [-94.7402420044, -55.6184234619, 157.888168335, 104.67816925, 126.423789978, 152.023452759, 189.549179077, 121.565109253, 93.2443008423, 64.8615264893, 41.2042770386, 16.3236465454, 7.31886100769], [-81.9892501831, 12.7383813858, 91.5174560547, 82.7686538696, 98.4717330933, 108.909294128, 121.565109253, 165.343307495, 117.304237366, 66.0289916992, 37.1517486572, 16.4160003662, 6.2434258461], [-78.2471160889, -15.039601326, 76.5896987915, 50.2186775208, 73.5456314087, 78.7235794067, 93.2443008423, 117.304237366, 144.982894897, 84.4898300171, 38.0335845947, 14.3617477417, 2.49170422554], [63.8458938599, -35.9910774231, 53.1686706543, 34.6334114075, 42.7551460266, 62.9684066772, 64.8615264893, 66.0289916992, 84.4898300171, 103.952056885, 58.8332099915, 27.0642948151, 15.0662841797], [79.3562774658, -10.7388896942, 25.4865207672, 28.1477165222, 25.2257041931, 39.8135032654, 41.2042770386, 37.1517486572, 38.0335845947, 58.8332099915, 83.2567367554, 46.2973060608, 24.8052482605], [120.651687622, 4.26734685898, -16.9604454041, 11.2765283585, 9.25377082825, 21.1145343781, 16.3236465454, 16.4160003662, 14.3617477417, 27.0642948151, 46.2973060608, 70.8274078369, 44.1651496887], [0.386244922876, 23.1617927551, -12.2302675247, 2.93161582947, 4.58512639999, 12.5233459473, 7.31886100769, 6.2434258461, 2.49170422554, 15.0662841797, 24.8052482605, 44.1651496887, 71.1902694702]],
