{
"lowlevel": {
    "average_loudness": 0.910112321377,
    "barkbands_crest": {
        "dmean": 3.66160988808,
        "dmean2": 6.02372264862,
        "dvar": 11.7970905304,
        "dvar2": 29.409362793,
        "max": 26.8477554321,
        "mean": 12.3082389832,
        "median": 11.6343355179,
        "min": 2.10294175148,
        "var": 34.4925117493
    },
    "barkbands_flatness_db": {
        "dmean": 0.0408997572958,
        "dmean2": 0.0594244673848,
        "dvar": 0.00235767173581,
        "dvar2": 0.00525506911799,
        "max": 0.600386679173,
        "mean": 0.138478800654,
        "median": 0.113086268306,
        "min": 0.0093458686024,
        "var": 0.00878186058253
    },
    "barkbands_kurtosis": {
        "dmean": 29.6906719208,
        "dmean2": 45.6542663574,
        "dvar": 14531.6689453,
        "dvar2": 32137.3535156,
        "max": 3977.13232422,
        "mean": 31.3622913361,
        "median": 3.05954909325,
        "min": -1.87553203106,
        "var": 18040.2988281
    },
    "barkbands_skewness": {
        "dmean": 1.50611209869,
        "dmean2": 2.21562480927,
        "dvar": 6.46940851212,
        "dvar2": 14.0310716629,
        "max": 58.3149337769,
        "mean": 2.96372485161,
        "median": 1.93635821342,
        "min": -2.47637748718,
        "var": 14.2750701904
    },
    "barkbands_spread": {
        "dmean": 10.3195838928,
        "dmean2": 16.028503418,
        "dvar": 135.024291992,
        "dvar2": 309.687347412,
        "max": 111.451126099,
        "mean": 27.2697257996,
        "median": 25.3554191589,
        "min": 0.0592904239893,
        "var": 333.832763672
    },
    "dissonance": {
        "dmean": 0.0114623345435,
        "dmean2": 0.019535375759,
        "dvar": 0.000171660736669,
        "dvar2": 0.000466248864541,
        "max": 0.500000059605,
        "mean": 0.481582134962,
        "median": 0.485939860344,
        "min": 0.20135563612,
        "var": 0.000267993949819
    },
    "dynamic_complexity": 2.97071170807,
    "erbbands_crest": {
        "dmean": 2.68769884109,
        "dmean2": 4.37035608292,
        "dvar": 9.26660728455,
        "dvar2": 21.1926212311,
        "max": 27.8986816406,
        "mean": 7.08884811401,
        "median": 5.60381984711,
        "min": 2.1429746151,
        "var": 21.2327289581
    },
    "erbbands_flatness_db": {
        "dmean": 0.0205994211137,
        "dmean2": 0.0306594576687,
        "dvar": 0.000588982016779,
        "dvar2": 0.001266575302,
        "max": 0.40972507,
        "mean": 0.118978299201,
        "median": 0.108509503305,
        "min": 0.0347881279886,
        "var": 0.00205576932058
    },
    "erbbands_kurtosis": {
        "dmean": 2.67080831528,
        "dmean2": 4.36116600037,
        "dvar": 151.051467896,
        "dvar2": 383.880432129,
        "max": 253.216796875,
        "mean": 1.44623935223,
        "median": -0.612743973732,
        "min": -1.82355451584,
        "var": 139.892166138
    },
    "erbbands_skewness": {
        "dmean": 0.604946315289,
        "dmean2": 0.917511880398,
        "dvar": 0.990034759045,
        "dvar2": 2.21514940262,
        "max": 13.3686819077,
        "mean": 0.0849377512932,
        "median": -0.167037904263,
        "min": -2.88073253632,
        "var": 1.96556985378
    },
    "erbbands_spread": {
        "dmean": 15.1419849396,
        "dmean2": 23.0827713013,
        "dvar": 258.06048584,
        "dvar2": 603.383972168,
        "max": 174.320297241,
        "mean": 57.1628189087,
        "median": 53.9870300293,
        "min": 1.04077470303,
        "var": 639.054382324
    },
    "hfc": {
        "dmean": 12.2600765228,
        "dmean2": 19.5307445526,
        "dvar": 236.426055908,
        "dvar2": 597.782165527,
        "max": 211.583129883,
        "mean": 24.3527679443,
        "median": 20.4900608063,
        "min": 1.13077310272e-16,
        "var": 379.227539062
    },
    "melbands_crest": {
        "dmean": 4.64471530914,
        "dmean2": 7.50951004028,
        "dvar": 18.6852245331,
        "dvar2": 48.0378417969,
        "max": 39.5645637512,
        "mean": 17.6427192688,
        "median": 17.0616531372,
        "min": 2.23212862015,
        "var": 50.2489089966
    },
    "melbands_flatness_db": {
        "dmean": 0.0520057976246,
        "dmean2": 0.0759495943785,
        "dvar": 0.00351536367089,
        "dvar2": 0.00805882643908,
        "max": 0.737019836903,
        "mean": 0.215671271086,
        "median": 0.191505134106,
        "min": 0.00604736199602,
        "var": 0.0126612437889
    },
    "melbands_kurtosis": {
        "dmean": 42.7867088318,
        "dmean2": 67.602645874,
        "dvar": 9833.17480469,
        "dvar2": 24858.1835938,
        "max": 1829.46740723,
        "mean": 61.8645477295,
        "median": 17.7085342407,
        "min": -1.77333688736,
        "var": 14588.7705078
    },
    "melbands_skewness": {
        "dmean": 1.88353741169,
        "dmean2": 2.91849851608,
        "dvar": 6.51612854004,
        "dvar2": 16.783782959,
        "max": 34.5001106262,
        "mean": 4.96832227707,
        "median": 3.8005130291,
        "min": -1.66337585449,
        "var": 14.4176797867
    },
    "melbands_spread": {
        "dmean": 11.9151315689,
        "dmean2": 19.0165367126,
        "dvar": 277.34954834,
        "dvar2": 678.494628906,
        "max": 210.655838013,
        "mean": 23.4857025146,
        "median": 16.9138584137,
        "min": 0.118775136769,
        "var": 518.284606934
    },
    "pitch_salience": {
        "dmean": 0.108594797552,
        "dmean2": 0.167426899076,
        "dvar": 0.011976391077,
        "dvar2": 0.0286800023168,
        "max": 0.95577019453,
        "mean": 0.514374554157,
        "median": 0.559368431568,
        "min": 0.0184699855745,
        "var": 0.0394998341799
    },
    "silence_rate_20dB": {
        "dmean": 0,
        "dmean2": 0,
        "dvar": 0,
        "dvar2": 0,
        "max": 1,
        "mean": 1,
        "median": 1,
        "min": 1,
        "var": 0
    },
    "silence_rate_30dB": {
        "dmean": 0.0411249436438,
        "dmean2": 0.0822574719787,
        "dvar": 0.0394250452518,
        "dvar2": 0.0876700654626,
        "max": 1,
        "mean": 0.944219052792,
        "median": 1,
        "min": 0,
        "var": 0.052670378238
    },
    "silence_rate_60dB": {
        "dmean": 0.0269248504192,
        "dmean2": 0.0538546666503,
        "dvar": 0.0262064523995,
        "dvar2": 0.0594576373696,
        "max": 1,
        "mean": 0.062050525099,
        "median": 0,
        "min": 0,
        "var": 0.0581959336996
    },
    "spectral_centroid": {
        "dmean": 462.713043213,
        "dmean2": 712.741455078,
        "dvar": 246765.65625,
        "dvar2": 596618.9375,
        "max": 11614.3154297,
        "mean": 1587.67175293,
        "median": 1581.53979492,
        "min": 84.7832336426,
        "var": 682182
    },
    "spectral_complexity": {
        "dmean": 7.53932666779,
        "dmean2": 11.4857988358,
        "dvar": 54.5629310608,
        "dvar2": 120.522026062,
        "max": 65,
        "mean": 22.2018260956,
        "median": 23,
        "min": 0,
        "var": 188.616775513
    },
    "spectral_decrease": {
        "dmean": 4.34877422961e-09,
        "dmean2": 6.66632704593e-09,
        "dvar": 2.47474224759e-17,
        "dvar2": 5.5097977824e-17,
        "max": 2.77777056435e-29,
        "mean": -1.0641562298e-08,
        "median": -8.23035328779e-09,
        "min": -5.30170716218e-08,
        "var": 8.25325279526e-17
    },
    "spectral_energy": {
        "dmean": 0.0170370675623,
        "dmean2": 0.0262652337551,
        "dvar": 0.000362982100341,
        "dvar2": 0.000818761473056,
        "max": 0.20258654654,
        "mean": 0.0423726774752,
        "median": 0.0340905562043,
        "min": 1.05989761892e-20,
        "var": 0.00119787419681
    },
    "spectral_energyband_high": {
        "dmean": 0.00100070901681,
        "dmean2": 0.00156892824452,
        "dvar": 2.30060527429e-06,
        "dvar2": 5.64870424569e-06,
        "max": 0.0174362082034,
        "mean": 0.00158171425574,
        "median": 0.000917123688851,
        "min": 7.60965450753e-21,
        "var": 3.40536075782e-06
    },
    "spectral_energyband_low": {
        "dmean": 0.014123194851,
        "dmean2": 0.020447127521,
        "dvar": 0.00040202823584,
        "dvar2": 0.000757149071433,
        "max": 0.195867717266,
        "mean": 0.0268531944603,
        "median": 0.012435356155,
        "min": 4.94279101739e-23,
        "var": 0.00115559785627
    },
    "spectral_energyband_middle_high": {
        "dmean": 0.00216864957474,
        "dmean2": 0.00352062471211,
        "dvar": 7.0593800956e-06,
        "dvar2": 1.82275107363e-05,
        "max": 0.0333542972803,
        "mean": 0.00384154752828,
        "median": 0.00294632883742,
        "min": 1.57962042825e-21,
        "var": 1.34559149956e-05
    },
    "spectral_energyband_middle_low": {
        "dmean": 0.00841427780688,
        "dmean2": 0.0131092220545,
        "dvar": 0.000217898836127,
        "dvar2": 0.000448188307928,
        "max": 0.152943402529,
        "mean": 0.0127607919276,
        "median": 0.0074168574065,
        "min": 2.26504407404e-22,
        "var": 0.000297619204503
    },
    "spectral_entropy": {
        "dmean": 0.245606273413,
        "dmean2": 0.368041664362,
        "dvar": 0.126821234822,
        "dvar2": 0.272685706615,
        "max": 9.81069755554,
        "mean": 7.81680250168,
        "median": 7.95561790466,
        "min": 3.83998966217,
        "var": 0.326487571001
    },
    "spectral_flux": {
        "dmean": 0.0370776094496,
        "dmean2": 0.057233825326,
        "dvar": 0.00140411814209,
        "dvar2": 0.00297887553461,
        "max": 0.460988372564,
        "mean": 0.121089428663,
        "median": 0.106309019029,
        "min": 6.66283070383e-11,
        "var": 0.00488598179072
    },
    "spectral_kurtosis": {
        "dmean": 1.49313235283,
        "dmean2": 2.48089694977,
        "dvar": 9.03662109375,
        "dvar2": 24.6580371857,
        "max": 120.646324158,
        "mean": 3.34825778008,
        "median": 2.7336704731,
        "min": -1.24321734905,
        "var": 10.5548334122
    },
    "spectral_rms": {
        "dmean": 0.00132314721122,
        "dmean2": 0.00200745649636,
        "dvar": 1.77829747372e-06,
        "dvar2": 3.82408416044e-06,
        "max": 0.0140586420894,
        "mean": 0.00583388423547,
        "median": 0.00576706836,
        "min": 3.21565929266e-12,
        "var": 7.30490137357e-06
    },
    "spectral_rolloff": {
        "dmean": 917.572814941,
        "dmean2": 1490.79052734,
        "dvar": 1946060,
        "dvar2": 4311537.5,
        "max": 18927.6855469,
        "mean": 1564.47094727,
        "median": 753.662109375,
        "min": 21.533203125,
        "var": 3609758.5
    },
    "spectral_skewness": {
        "dmean": 0.257500946522,
        "dmean2": 0.402155905962,
        "dvar": 0.126369059086,
        "dvar2": 0.312256217003,
        "max": 9.18075180054,
        "mean": 1.29742538929,
        "median": 1.24328660965,
        "min": -0.0871093422174,
        "var": 0.254854619503
    },
    "spectral_spread": {
        "dmean": 834961.3125,
        "dmean2": 1238712.5,
        "dvar": 862336253952,
        "dvar2": 1.78195975373e+12,
        "max": 41769968,
        "mean": 5402580,
        "median": 5208338,
        "min": 1085762.25,
        "var": 3.45886031872e+12
    },
    "spectral_strongpeak": {
        "dmean": 0.275220245123,
        "dmean2": 0.431092172861,
        "dvar": 0.139769509435,
        "dvar2": 0.362881720066,
        "max": 6.30234956741,
        "mean": 0.530190765858,
        "median": 0.375105679035,
        "min": 0,
        "var": 0.24000787735
    },
    "zerocrossingrate": {
        "dmean": 0.0168219078332,
        "dmean2": 0.019058233127,
        "dvar": 0.000315386714647,
        "dvar2": 0.000364795909263,
        "max": 0.58203125,
        "mean": 0.0640339925885,
        "median": 0.056640625,
        "min": 0.00146484375,
        "var": 0.00198717368767
    },
    "barkbands": {
        "dmean": [0.000995887210593, 0.0100731337443, 0.0066406163387, 0.00502491602674, 0.0052514183335, 0.000919547048397, 0.000495815533213, 0.000404878664995, 0.000473963387776, 0.000240736131673, 0.000299205566989, 0.00023762996716, 0.000206345444894, 0.000343225663528, 0.000259916792857, 0.000228361604968, 0.00042550129001, 0.000297258317005, 0.0002833265753, 0.000272797333309, 0.000264695525402, 0.000176643661689, 0.000152140230057, 0.000131712324219, 0.000131408043671, 0.000100829995063, 1.76769881364e-05],
        "dmean2": [0.0016161527019, 0.0140878912061, 0.00929916650057, 0.00815096776932, 0.00918829161674, 0.00161339668557, 0.000856232538354, 0.000712161068805, 0.000807260745205, 0.000398944801418, 0.000502569542732, 0.000408688181778, 0.0003576601448, 0.00060031330213, 0.000427108578151, 0.000383123755455, 0.000712424691301, 0.000489198369905, 0.00047218016698, 0.000462281663204, 0.00043336476665, 0.000284310226562, 0.00024453640799, 0.000208460289286, 0.000201659931918, 0.000158702663612, 2.9800718039e-05],
        "dvar": [6.82589825374e-06, 0.000238881650148, 0.000239601838985, 0.000117303599836, 0.000178020694875, 3.1565871268e-06, 1.28471344851e-06, 6.77081004596e-07, 7.29380246867e-07, 1.39951225719e-07, 3.74455822794e-07, 1.12427414933e-07, 9.57702113169e-08, 3.74820416482e-07, 1.99219456931e-07, 1.19043455982e-07, 4.39856989942e-07, 2.14846863855e-07, 2.85189457827e-07, 2.77940586102e-07, 2.34779591324e-07, 7.85909293199e-08, 6.53536176287e-08, 4.82288058379e-08, 8.51137329505e-08, 6.56576020219e-08, 6.21206952545e-09],
        "dvar2": [1.61585612659e-05, 0.000442313437816, 0.000443555560196, 0.000275962491287, 0.000500062538777, 8.8829165179e-06, 3.63993399333e-06, 1.86103466149e-06, 1.86130193924e-06, 3.55938311714e-07, 9.99439180305e-07, 3.05593601979e-07, 2.54741792105e-07, 1.03716911326e-06, 5.00864018704e-07, 3.16980958814e-07, 1.12281497877e-06, 5.59803652322e-07, 7.7051373637e-07, 7.50291803797e-07, 6.02482373324e-07, 1.94595230596e-07, 1.62766454537e-07, 1.14191131217e-07, 1.91930297433e-07, 1.64755789456e-07, 1.72544591948e-08],
        "max": [0.0583900362253, 0.166868805885, 0.164066970348, 0.108835421503, 0.130315840244, 0.0200756620616, 0.0179774817079, 0.0146001894027, 0.0191572196782, 0.0070281252265, 0.0135270031169, 0.00583508890122, 0.0055793588981, 0.00798034761101, 0.0104260565713, 0.006227879785, 0.0072655947879, 0.00922532659024, 0.00988172087818, 0.00909648649395, 0.00830239616334, 0.00498205423355, 0.00327975745313, 0.00257373717614, 0.00430872989818, 0.00585499964654, 0.00316331163049],
        "mean": [0.00132615061011, 0.0154799940065, 0.00743911042809, 0.0050044846721, 0.00508173042908, 0.000985837657936, 0.000572234857827, 0.000404413382057, 0.000621014565695, 0.000313374388497, 0.000391220848542, 0.00028384802863, 0.000248920463491, 0.00037926400546, 0.000369575602235, 0.000330434297211, 0.000549834279809, 0.000440687435912, 0.000397667579819, 0.000376679061446, 0.000391035253415, 0.000269045645837, 0.000215892752749, 0.000181225521374, 0.000176345914952, 0.000121821387438, 2.08245546673e-05],
        "median": [0.000180149421794, 0.00585632957518, 0.00137622701004, 0.0012740092352, 0.00179179455154, 0.000453641143395, 0.000269938493147, 0.000142015356687, 0.000274968449958, 0.00016226284788, 0.000193851505173, 0.000174634915311, 0.000150923529873, 0.000208798912354, 0.000185768178198, 0.000168260099599, 0.000266701477813, 0.000265822949586, 0.000231053301832, 0.000208952755202, 0.000220975896809, 0.000128630897962, 9.46764048422e-05, 7.53116328269e-05, 5.08941084263e-05, 3.05152534565e-05, 1.44786952205e-06],
        "min": [2.21335082356e-24, 8.28063978995e-24, 5.53943965217e-24, 5.27003418671e-24, 2.45195324283e-23, 4.05633728969e-23, 1.71613360938e-23, 2.17685677702e-23, 3.05918460442e-23, 5.72377151771e-23, 3.98841794347e-23, 5.69059897002e-23, 5.39970872003e-23, 6.82703262117e-23, 7.39039290347e-23, 1.10681324945e-22, 1.40572602551e-22, 9.14185280858e-23, 1.77337231536e-22, 1.92376012725e-22, 3.31749508835e-22, 5.44839443831e-22, 4.88608630713e-22, 6.52617432478e-22, 1.12349918483e-21, 1.2708576951e-21, 2.20599497014e-21],
        "var": [1.40606389323e-05, 0.000510548939928, 0.000335386837833, 0.000112403809908, 0.000119282471132, 2.5103547614e-06, 1.09388179226e-06, 5.69189978705e-07, 1.13973158022e-06, 2.06011307569e-07, 4.60490724663e-07, 1.22812096492e-07, 1.09785176505e-07, 3.14336261908e-07, 2.96769002261e-07, 2.04739819765e-07, 6.21985577709e-07, 3.23643945421e-07, 3.3148211287e-07, 3.17462877319e-07, 2.97730593957e-07, 1.19891709005e-07, 9.16882925139e-08, 6.88781511826e-08, 1.17577791059e-07, 6.72285551673e-08, 6.44339870348e-09]
    },
    "erbbands": {
        "dmean": [0.247802257538, 2.45501327515, 6.57725763321, 13.6085882187, 16.532289505, 18.0311660767, 9.2058506012, 7.39393138885, 6.7231297493, 8.73477840424, 9.20991420746, 10.8925218582, 7.68778753281, 9.21113872528, 11.3328380585, 9.7369966507, 9.84529781342, 15.5890836716, 14.5952596664, 11.6911439896, 14.0406894684, 22.9645309448, 16.7328453064, 13.8322238922, 14.8203086853, 13.2108678818, 12.970746994, 8.77321815491, 6.56917285919, 5.55631256104, 4.08298683167, 3.05232787132, 2.06835246086, 1.57541584969, 0.894534289837, 0.461219936609, 0.18203394115, 0.0404119379818, 0.0028973207809, 6.03951521043e-05],
        "dmean2": [0.369798779488, 3.32836771011, 8.71303367615, 21.1992015839, 27.352273941, 30.9252872467, 16.3500995636, 12.87637043, 11.6189804077, 15.2295427322, 16.0428199768, 18.6072006226, 12.7944841385, 15.072845459, 19.0798244476, 16.6784744263, 16.9821815491, 27.5200977325, 24.2871494293, 19.2508411407, 23.0417518616, 38.7353820801, 27.4954032898, 22.3465766907, 25.2238254547, 22.3209400177, 21.4337615967, 14.3118848801, 10.4930019379, 9.26244544983, 6.47167015076, 4.84800767899, 3.27135062218, 2.46869373322, 1.36076998711, 0.723546147346, 0.286552190781, 0.0647485181689, 0.00472560711205, 9.68563617789e-05],
        "dvar": [0.187017157674, 15.4673595428, 177.30809021, 917.506286621, 1507.27075195, 1821.57434082, 429.301147461, 203.564239502, 239.880859375, 381.110961914, 379.999084473, 427.241577148, 155.585632324, 172.887619019, 510.897369385, 185.96295166, 216.304107666, 796.958129883, 491.163269043, 330.271270752, 425.96875, 1285.95483398, 674.697692871, 460.589202881, 920.153320312, 608.533203125, 823.429626465, 178.516998291, 106.140281677, 118.598846436, 44.0948410034, 26.8499450684, 12.8554706573, 11.8173408508, 4.47776889801, 1.40126276016, 0.212307363749, 0.0199109409004, 0.000201820672373, 3.81448259645e-08],
        "dvar2": [0.406731426716, 26.9840488434, 286.079101562, 2050.48413086, 3959.45825195, 5097.56396484, 1233.95446777, 569.724121094, 679.903381348, 1056.3092041, 1037.06274414, 1108.01977539, 399.32019043, 438.092132568, 1374.43847656, 502.87109375, 575.430908203, 2213.09448242, 1225.90551758, 853.174133301, 1097.98461914, 3328.69091797, 1748.50354004, 1177.82763672, 2520.79980469, 1625.63708496, 2142.93701172, 454.90927124, 260.799621582, 323.751617432, 103.893318176, 63.7418212891, 30.7205276489, 28.06498909, 9.83263874054, 3.44454193115, 0.545450210571, 0.051815200597, 0.0005367588019, 1.0231043035e-07],
        "max": [5.54096078873, 43.9263038635, 143.556152344, 308.341766357, 396.55569458, 419.457885742, 205.941543579, 181.160751343, 280.310913086, 326.502166748, 381.588195801, 535.022277832, 270.283630371, 214.266815186, 491.543334961, 283.3722229, 308.317596436, 345.151489258, 618.440124512, 383.278961182, 406.947357178, 399.531158447, 508.24307251, 320.303039551, 537.23449707, 401.184967041, 509.116088867, 300.246856689, 209.460830688, 168.440750122, 86.7952651978, 74.4140090942, 51.1081619263, 73.4907073975, 36.0346031189, 19.7204360962, 12.6189279556, 4.05322360992, 0.598947227001, 0.00818540435284],
        "mean": [0.366308033466, 3.67900037766, 8.91340923309, 14.036564827, 16.2124938965, 18.7387905121, 9.7574262619, 8.16519260406, 7.75123882294, 9.30181884766, 9.8026599884, 13.9427309036, 11.0716161728, 12.3683729172, 14.9729118347, 12.0854625702, 12.178855896, 17.5530357361, 20.2147026062, 17.2934589386, 21.3925933838, 30.5445575714, 25.1135101318, 21.3653240204, 19.7902145386, 18.2077217102, 17.5626144409, 13.6859998703, 10.1959238052, 7.48012208939, 5.88723278046, 4.22747421265, 2.806204319, 2.04607462883, 1.19676780701, 0.561180949211, 0.216647639871, 0.0481415316463, 0.00346730998717, 0.000107857442345],
        "median": [0.116926342249, 1.31859588623, 2.23101806641, 4.01060438156, 5.25281047821, 6.37801837921, 4.53440093994, 3.90300035477, 3.48886632919, 3.75621724129, 3.72023630142, 6.16998004913, 6.24664735794, 6.84784269333, 8.35686302185, 7.81256580353, 7.75356292725, 10.00872612, 11.3895435333, 9.48735809326, 10.7169342041, 15.4062662125, 15.0947580338, 13.3921794891, 11.2671051025, 10.0382347107, 8.33439254761, 8.16786766052, 4.91568565369, 3.30699920654, 2.54412794113, 1.73656737804, 1.13494420052, 0.631813704967, 0.324973493814, 0.149648457766, 0.0505171865225, 0.00890322588384, 0.000291468517389, 6.81933306623e-05],
        "min": [1.0774158745e-22, 2.83633385994e-21, 7.35279554029e-21, 3.64285721189e-20, 5.36749292303e-20, 9.69433641304e-20, 2.00104502754e-19, 2.91133790461e-19, 2.77865477393e-19, 4.02477600036e-19, 5.80744638016e-19, 5.9565529234e-19, 1.18452946142e-18, 1.87086603107e-18, 1.65554543755e-18, 2.94180105371e-18, 2.68683627837e-18, 3.07953055481e-18, 3.65525074269e-18, 4.92522568663e-18, 8.36087858825e-18, 1.00436418869e-17, 6.92913358627e-18, 4.95655597951e-18, 1.30228453595e-17, 7.51393580368e-18, 1.46948652364e-17, 1.16225220539e-17, 1.82148992459e-17, 1.75481155715e-17, 1.51512654481e-17, 1.27714163677e-17, 1.10029166258e-17, 9.50044065041e-18, 8.19817298894e-18, 4.9272708907e-18, 2.32157069066e-18, 1.06230308276e-18, 3.24394309301e-19, 3.29723821063e-20],
        "var": [0.335692942142, 34.4999237061, 335.437194824, 967.324707031, 1214.80944824, 1415.26831055, 294.170288086, 168.313720703, 201.707733154, 321.974365234, 353.991943359, 607.106445312, 239.92086792, 257.887573242, 600.873657227, 206.193603516, 246.884567261, 651.479125977, 723.04284668, 572.142333984, 825.09954834, 1838.87902832, 1050.90563965, 710.78894043, 940.349365234, 717.280029297, 925.542785645, 265.403503418, 170.712799072, 122.484039307, 68.6254043579, 37.9782562256, 17.9774494171, 15.0851974487, 6.16653680801, 1.46822094917, 0.211428076029, 0.0187938455492, 0.000224461618927, 4.40395595547e-08]
    },
    "gfcc": {
        "mean": [8.57646560669, 68.6276473999, -96.0869293213, 49.7447853088, -45.3873558044, 17.997795105, -31.6672420502, 8.9829120636, -26.3841514587, 2.68007802963, -19.8696613312, 2.96717405319, -12.8730258942],
        "cov": [[12245.4316406, -1479.15759277, -821.314086914, 9.66840457916, -322.062133789, 37.8822479248, -578.102478027, 136.175415039, -514.245300293, 39.5144081116, -409.733703613, 152.758209229, -160.755859375], [-1479.15759277, 1217.93139648, -107.873641968, 115.500740051, 164.97454834, -151.299331665, 200.905441284, -59.0106201172, 155.124221802, -106.341560364, 104.364219666, -75.7548370361, 95.5994033813], [-821.314086914, -107.873641968, 1153.50378418, 124.04385376, 165.280487061, 228.894515991, 90.209602356, 38.8623008728, 23.1807689667, 31.783405304, 31.3851547241, -3.14047694206, -53.7496490479], [9.66840457916, 115.500740051, 124.04385376, 502.299957275, 129.170776367, 141.709503174, 171.697937012, -23.1127490997, 66.1258239746, -0.738277733326, 71.8716888428, -61.4090881348, -4.20571756363], [-322.062133789, 164.97454834, 165.280487061, 129.170776367, 356.850006104, 81.5607833862, 140.855957031, 11.6850032806, 59.1428375244, -0.357518136501, 36.8914833069, -4.32859277725, 31.6010780334], [37.8822479248, -151.299331665, 228.894515991, 141.709503174, 81.5607833862, 257.719573975, 96.193901062, 44.8810539246, 28.7008934021, 50.1467018127, 42.925819397, -2.94415092468, -20.1364097595], [-578.102478027, 200.905441284, 90.209602356, 171.697937012, 140.855957031, 96.193901062, 253.266830444, 29.1745815277, 93.4390869141, 26.6067276001, 83.5267715454, -26.092502594, 17.9640598297], [136.175415039, -59.0106201172, 38.8623008728, -23.1127490997, 11.6850032806, 44.8810539246, 29.1745815277, 126.640609741, 35.1290588379, 48.9943809509, 16.8041152954, 39.5875778198, 4.67769289017], [-514.245300293, 155.124221802, 23.1807689667, 66.1258239746, 59.1428375244, 28.7008934021, 93.4390869141, 35.1290588379, 144.117019653, 24.8762588501, 66.7503814697, 1.18742954731, 30.6326122284], [39.5144081116, -106.341560364, 31.783405304, -0.738277733326, -0.357518136501, 50.1467018127, 26.6067276001, 48.9943809509, 24.8762588501, 108.648826599, 40.1582679749, 29.2945251465, -1.57201063633], [-409.733703613, 104.364219666, 31.3851547241, 71.8716888428, 36.8914833069, 42.925819397, 83.5267715454, 16.8041152954, 66.7503814697, 40.1582679749, 110.476303101, 13.3823661804, 24.512960434], [152.758209229, -75.7548370361, -3.14047694206, -61.4090881348, -4.32859277725, -2.94415092468, -26.092502594, 39.5875778198, 1.18742954731, 29.2945251465, 13.3823661804, 93.2580718994, 26.2867679596], [-160.755859375, 95.5994033813, -53.7496490479, -4.20571756363, 31.6010780334, -20.1364097595, 17.9640598297, 4.67769289017, 30.6326122284, -1.57201063633, 24.512960434, 26.2867679596, 73.2521057129]],
        "icov": [[0.000136548944283, 5.10983918502e-05, 0.000129631982418, -0.000208009776543, -3.55803967977e-05, -7.89773257566e-05, 0.000201062386623, -0.000254532234976, 0.000306873087538, -6.76639174344e-05, 0.000325671921019, -0.000216610147618, 0.00011570728384], [5.10983918502e-05, 0.001729687443, 1.05442741187e-05, 8.46026159707e-06, -0.00037116339081, 0.00135550484993, -0.000874673074577, -5.88770162722e-05, -0.000710188585799, 0.00159038091078, -0.00123858544976, 0.00111345341429, -0.00103998114355], [0.000129631982418, 1.05442741187e-05, 0.00125591619872, -0.000146117745317, -0.000469085964141, -0.000971726607531, 0.000314856559271, -0.000248225580435, 0.000230390811339, 9.9453740404e-05, 0.000187720841495, -0.000480264687212, 0.00107307557482], [-0.000208009776543, 8.46026159707e-06, -0.000146117745317, 0.00351684144698, -0.000283956876956, -0.00113372516353, -0.00148097437341, 0.00129588472191, -0.000767800782342, 0.000769000500441, -0.00158155860845, 0.00164123973809, -3.67708707927e-06], [-3.55803967977e-05, -0.00037116339081, -0.000469085964141, -0.000283956876956, 0.00417328486219, -0.000686239043716, -0.00183114456013, 0.000371349306079, -0.000287687667878, 0.000161995500093, 0.00128813704941, -0.000735992856789, -0.0015610071132], [-7.89773257566e-05, 0.00135550484993, -0.000971726607531, -0.00113372516353, -0.000686239043716, 0.00775564368814, -0.00183342141099, -0.00136080104858, 3.13171972266e-06, -0.000485859403852, -0.00180347810965, 0.00100645341445, 0.000474671192933], [0.000201062386623, -0.000874673074577, 0.000314856559271, -0.00148097437341, -0.00183114456013, -0.00183342141099, 0.00934459362179, -0.00193234009203, -0.00102884462103, -0.00100804399699, -0.00231863418594, 0.00184603966773, 0.000368541514035], [-0.000254532234976, -5.88770162722e-05, -0.000248225580435, 0.00129588472191, 0.000371349306079, -0.00136080104858, -0.00193234009203, 0.0126016987488, -0.00358341401443, -0.00323440111242, 0.0019515727181, -0.00414843391627, 0.000810122408438], [0.000306873087538, -0.000710188585799, 0.000230390811339, -0.000767800782342, -0.000287687667878, 3.13171972266e-06, -0.00102884462103, -0.00358341401443, 0.0130258975551, -0.00101312017068, -0.00343960034661, 0.000944041530602, -0.00232529500499], [-6.76639174344e-05, 0.00159038091078, 9.9453740404e-05, 0.000769000500441, 0.000161995500093, -0.000485859403852, -0.00100804399699, -0.00323440111242, -0.00101312017068, 0.0155796380714, -0.00609394954517, -0.00141972873826, 0.00145012978464], [0.000325671921019, -0.00123858544976, 0.000187720841495, -0.00158155860845, 0.00128813704941, -0.00180347810965, -0.00231863418594, 0.0019515727181, -0.00343960034661, -0.00609394954517, 0.0193604826927, -0.00435069995001, -0.0018392856], [-0.000216610147618, 0.00111345341429, -0.000480264687212, 0.00164123973809, -0.000735992856789, 0.00100645341445, 0.00184603966773, -0.00414843391627, 0.000944041530602, -0.00141972873826, -0.00435069995001, 0.0184585377574, -0.00737354997545], [0.00011570728384, -0.00103998114355, 0.00107307557482, -3.67708707927e-06, -0.0015610071132, 0.000474671192933, 0.000368541514035, 0.000810122408438, -0.00232529500499, 0.00145012978464, -0.0018392856, -0.00737354997545, 0.0209766589105]]
    },
    "melbands": {
        "dmean": [0.00250018574297, 0.00306696374901, 0.00210678065196, 0.00130023108795, 0.000402328936616, 0.000166305777384, 0.000100931320048, 9.2526555818e-05, 7.82982679084e-05, 6.67841304676e-05, 3.82312100555e-05, 3.66918138752e-05, 4.21453769377e-05, 2.7139132726e-05, 2.53596790571e-05, 1.97129756998e-05, 3.20993203786e-05, 2.47497482633e-05, 1.96934506675e-05, 1.4968510186e-05, 1.78813461389e-05, 2.55556660704e-05, 1.93592095457e-05, 1.43478509926e-05, 1.13463256639e-05, 1.14594995466e-05, 9.95010850602e-06, 8.97999689187e-06, 8.60168529471e-06, 6.67972153678e-06, 4.94428377351e-06, 4.12417784901e-06, 3.08879293698e-06, 3.17785702464e-06, 2.43098656938e-06, 2.13552584682e-06, 1.83711802038e-06, 1.47429898334e-06, 1.39093594953e-06, 1.38819177664e-06],
        "dmean2": [0.00355891301297, 0.00398386223242, 0.00301771936938, 0.00223861751147, 0.000699203577824, 0.000289326562779, 0.000174506159965, 0.000161287811352, 0.000136147675221, 0.000113927773782, 6.35124888504e-05, 6.01212159381e-05, 7.08711813786e-05, 4.65278608317e-05, 4.38664865214e-05, 3.38488935085e-05, 5.69484291191e-05, 4.16745315306e-05, 3.23056883644e-05, 2.51833298535e-05, 2.93875036732e-05, 4.32373526564e-05, 3.23495041812e-05, 2.36869036598e-05, 1.84279469977e-05, 1.94900476345e-05, 1.70095045178e-05, 1.5212865037e-05, 1.42537173815e-05, 1.11048348117e-05, 8.08489039628e-06, 6.67942913424e-06, 4.99576344737e-06, 5.38554513696e-06, 3.84498753192e-06, 3.43076521858e-06, 2.96444136438e-06, 2.36155551647e-06, 2.21464551942e-06, 2.18757304538e-06],
        "dvar": [1.42048520502e-05, 2.6947222068e-05, 1.6138461433e-05, 1.05416047518e-05, 8.01227997727e-07, 1.01223641025e-07, 5.35443511751e-08, 4.02601436633e-08, 2.83543730717e-08, 1.50338692606e-08, 3.87897891585e-09, 2.79595635533e-09, 8.56756443568e-09, 1.59056778859e-09, 1.21894683236e-09, 8.09906419708e-10, 3.66232755233e-09, 1.40013123318e-09, 1.37500122399e-09, 5.32480226578e-10, 7.32957528005e-10, 1.61949453847e-09, 9.5907615183e-10, 4.90231633066e-10, 3.2074684575e-10, 6.03748107064e-10, 3.43546080472e-10, 2.89061247161e-10, 4.19598328305e-10, 1.4030893114e-10, 5.79078972274e-11, 4.44151659895e-11, 2.40785256317e-11, 4.30867529155e-11, 1.60538110583e-11, 1.43214017034e-11, 9.7700623633e-12, 6.48516787147e-12, 7.04635178331e-12, 1.1996772499e-11],
        "dvar2": [2.86349913949e-05, 4.10252323491e-05, 3.09685674438e-05, 2.91519172606e-05, 2.27784585149e-06, 2.82960769482e-07, 1.51536184489e-07, 1.11841984562e-07, 7.65644827538e-08, 3.90652949989e-08, 9.82195746957e-09, 7.01396540848e-09, 2.29249259576e-08, 4.30261293261e-09, 3.29161964352e-09, 2.15215267829e-09, 1.02319503981e-08, 3.56398266455e-09, 3.54303164585e-09, 1.41964340283e-09, 1.87569870747e-09, 4.1366190473e-09, 2.50726195361e-09, 1.26188914873e-09, 8.25123358528e-10, 1.65735447588e-09, 9.3535101886e-10, 7.73170638624e-10, 1.10764741823e-09, 3.63655383584e-10, 1.45727957479e-10, 1.10506832851e-10, 6.08666658741e-11, 1.18631687807e-10, 3.76175618433e-11, 3.46985530586e-11, 2.351425131e-11, 1.56887211555e-11, 1.68600879785e-11, 2.90181594031e-11],
        "max": [0.0412634834647, 0.0559486746788, 0.0435106605291, 0.0328832529485, 0.00799150113016, 0.00394688826054, 0.00401968602091, 0.00325252511539, 0.00307307695039, 0.00298687978648, 0.0013755451655, 0.00100281089544, 0.0021239167545, 0.000679776654579, 0.000563524605241, 0.000536653562449, 0.000752846710384, 0.000986431958154, 0.0010386435315, 0.000466071884148, 0.000595861987676, 0.000469017424621, 0.000533754995558, 0.00033592741238, 0.000290475203656, 0.000525836308952, 0.000390317843994, 0.000246821524343, 0.000350080634234, 0.000214338171645, 0.000138843417517, 0.000133713387186, 6.86782586854e-05, 0.000100552490039, 5.53280005988e-05, 7.80294722063e-05, 4.14123896917e-05, 3.22760242852e-05, 4.70293744002e-05, 9.14412376005e-05],
        "mean": [0.00388684985228, 0.00498237414286, 0.00251323054545, 0.00127668911591, 0.000451487634564, 0.00018517296121, 0.000116583003546, 9.76187220658e-05, 8.42769586598e-05, 8.69063442224e-05, 5.36781262781e-05, 4.80401140521e-05, 5.49721880816e-05, 3.26695735566e-05, 2.96497055388e-05, 2.45518840529e-05, 3.41877857863e-05, 3.26989138557e-05, 2.66691549768e-05, 2.11458536796e-05, 2.58358249994e-05, 3.24240500049e-05, 2.63623005594e-05, 2.07145949389e-05, 1.67908638105e-05, 1.49169718497e-05, 1.2860003153e-05, 1.1840942534e-05, 1.1176370208e-05, 9.34206036618e-06, 7.50467870603e-06, 6.05960758548e-06, 4.48534956377e-06, 4.02805699196e-06, 3.46365914083e-06, 2.90232492262e-06, 2.44567718255e-06, 1.95888128474e-06, 1.794621312e-06, 1.72702323198e-06],
        "median": [0.0014725397341, 0.00157223385759, 0.000809469376691, 0.000481294002384, 0.000199772941414, 8.91605304787e-05, 5.33093443664e-05, 3.81644204026e-05, 3.13155978802e-05, 3.90067434637e-05, 2.92689110211e-05, 2.55839986494e-05, 2.79408541246e-05, 1.9958071789e-05, 1.85576973308e-05, 1.54326044139e-05, 1.81735122169e-05, 1.79463986569e-05, 1.33731500682e-05, 1.09225911729e-05, 1.22147175716e-05, 1.53098990268e-05, 1.41411819641e-05, 1.20693339341e-05, 1.01386267488e-05, 7.99567715148e-06, 7.15935402695e-06, 5.99320537731e-06, 4.78815672977e-06, 5.0895359891e-06, 4.34927551396e-06, 2.8072704481e-06, 1.99820942726e-06, 1.71941383087e-06, 1.44430498494e-06, 1.19414721667e-06, 9.69075244939e-07, 7.5903767538e-07, 6.69869905323e-07, 4.58011129467e-07],
        "min": [2.43279851676e-24, 6.34204409208e-24, 7.04100561968e-24, 4.91964741615e-24, 6.4117340366e-24, 7.58118364656e-24, 4.34891483427e-24, 4.85496121636e-24, 4.35065387813e-24, 3.56631787906e-24, 5.77665919827e-24, 7.34926800675e-24, 4.54903622415e-24, 5.31570016122e-24, 8.45699674506e-24, 4.15715221454e-24, 5.73124644811e-24, 5.08846996076e-24, 7.30489221425e-24, 6.34708175782e-24, 6.5390743305e-24, 8.27477460912e-24, 8.1355012163e-24, 4.67966370144e-24, 3.20673180707e-24, 5.48827886702e-24, 8.86305658513e-24, 3.84649445133e-24, 8.46600238115e-24, 6.09541816855e-24, 5.94480490022e-24, 1.06614235796e-23, 8.11009437313e-24, 7.19606490807e-24, 8.92459641321e-24, 6.48131196287e-24, 8.0783143227e-24, 7.83640854839e-24, 8.56072012118e-24, 7.63385352262e-24],
        "var": [2.9513190384e-05, 7.08536535967e-05, 2.31588110182e-05, 7.31404179533e-06, 6.20182674993e-07, 8.47893417699e-08, 4.52971988807e-08, 3.40904655616e-08, 2.9087150466e-08, 2.21495835007e-08, 5.98039440192e-09, 4.14448875219e-09, 1.00049586393e-08, 1.72434766466e-09, 1.34621747083e-09, 9.61487445217e-10, 2.86195400712e-09, 1.91944327099e-09, 1.75852188367e-09, 8.7756929501e-10, 1.332767674e-09, 2.27434027167e-09, 1.35358835252e-09, 7.32834626316e-10, 4.7649906243e-10, 6.14885142802e-10, 3.6454822494e-10, 3.33596344992e-10, 4.53721338278e-10, 1.71145292382e-10, 8.60878521247e-11, 6.56125154208e-11, 3.67606778351e-11, 4.09616750241e-11, 2.51203450402e-11, 1.96059453395e-11, 1.31567309131e-11, 8.8333246967e-12, 9.03164522337e-12, 1.37196512831e-11]
    },
    "mfcc": {
        "mean": [-636.471496582, 97.7273406982, 11.0797767639, 37.2684669495, 11.7154912949, 14.7637405396, 6.80772161484, 8.16853618622, 2.67523550987, 0.750774264336, -0.866443932056, 0.39034318924, -4.09427785873],
        "cov": [[9032.51757812, -469.842041016, -710.987243652, -244.467773438, -151.611450195, -303.633514404, -177.869827271, -167.839004517, -96.8287811279, -206.518280029, -176.042114258, -183.644668579, -182.546035767], [-469.842041016, 968.048522949, -102.290512085, 156.480560303, 31.9141597748, -32.6524162292, -4.15294075012, 53.6246147156, 40.0730743408, -5.41728019714, -1.16455006599, -8.40325737, -24.1333770752], [-710.987243652, -102.290512085, 857.532958984, 57.4287528992, 144.133544922, 155.801422119, 122.387947083, 63.4591064453, 14.8827066422, 53.7579231262, 55.1641235352, 49.4800186157, 66.3912277222], [-244.467773438, 156.480560303, 57.4287528992, 358.085998535, 64.0690765381, 137.797225952, 90.0201187134, 63.0503387451, 36.5369644165, 36.32837677, 37.0985908508, 38.5411872864, 10.7629671097], [-151.611450195, 31.9141597748, 144.133544922, 64.0690765381, 227.61138916, 95.1216430664, 67.4026489258, 48.2686386108, 44.3832206726, 5.5296869278, 22.4139385223, 12.4757795334, 9.78326129913], [-303.633514404, -32.6524162292, 155.801422119, 137.797225952, 95.1216430664, 249.485183716, 137.157806396, 63.7243652344, 35.3426742554, 60.2250328064, 48.9496154785, 47.6723556519, 30.8714523315], [-177.869827271, -4.15294075012, 122.387947083, 90.0201187134, 67.4026489258, 137.157806396, 185.454208374, 58.6547889709, 37.8715286255, 55.4614982605, 44.1798171997, 41.2061882019, 33.87292099], [-167.839004517, 53.6246147156, 63.4591064453, 63.0503387451, 48.2686386108, 63.7243652344, 58.6547889709, 113.118141174, 45.8512649536, 29.3833370209, 33.5386772156, 29.612323761, 21.9607486725], [-96.8287811279, 40.0730743408, 14.8827066422, 36.5369644165, 44.3832206726, 35.3426742554, 37.8715286255, 45.8512649536, 88.6206665039, 29.116153717, 28.1935977936, 16.4224891663, 12.0676898956], [-206.518280029, -5.41728019714, 53.7579231262, 36.32837677, 5.5296869278, 60.2250328064, 55.4614982605, 29.3833370209, 29.116153717, 106.28993988, 44.5993995667, 36.9000663757, 35.3408050537], [-176.042114258, -1.16455006599, 55.1641235352, 37.0985908508, 22.4139385223, 48.9496154785, 44.1798171997, 33.5386772156, 28.1935977936, 44.5993995667, 81.2295150757, 48.2116622925, 29.5883293152], [-183.644668579, -8.40325737, 49.4800186157, 38.5411872864, 12.4757795334, 47.6723556519, 41.2061882019, 29.612323761, 16.4224891663, 36.9000663757, 48.2116622925, 84.7112121582, 39.8345794678], [-182.546035767, -24.1333770752, 66.3912277222, 10.7629671097, 9.78326129913, 30.8714523315, 33.87292099, 21.9607486725, 12.0676898956, 35.3408050537, 29.5883293152, 39.8345794678, 70.3212432861]],
