{
"lowlevel": {
    "average_loudness": 0.900961637497,
    "barkbands_crest": {
        "dmean": 2.88139891624,
        "dmean2": 4.55034732819,
        "dvar": 7.03766822815,
        "dvar2": 16.9220657349,
        "max": 25.5343723297,
        "mean": 11.9845714569,
        "median": 11.9834766388,
        "min": 2.67391896248,
        "var": 18.4014968872
    },
    "barkbands_flatness_db": {
        "dmean": 0.0331724286079,
        "dmean2": 0.0509603843093,
        "dvar": 0.00137353327591,
        "dvar2": 0.0029798715841,
        "max": 0.482667654753,
        "mean": 0.158045217395,
        "median": 0.150957524776,
        "min": 0.015841120854,
        "var": 0.00516603142023
    },
    "barkbands_kurtosis": {
        "dmean": 7.60094547272,
        "dmean2": 12.1690130234,
        "dvar": 325.325256348,
        "dvar2": 776.265075684,
        "max": 419.009124756,
        "mean": 10.099820137,
        "median": 3.38694167137,
        "min": -1.81862354279,
        "var": 477.584228516
    },
    "barkbands_skewness": {
        "dmean": 0.83463460207,
        "dmean2": 1.29606556892,
        "dvar": 1.06326031685,
        "dvar2": 2.43953680992,
        "max": 16.6168804169,
        "mean": 2.30981135368,
        "median": 1.91621494293,
        "min": -2.82254505157,
        "var": 3.23815512657
    },
    "barkbands_spread": {
        "dmean": 7.68673944473,
        "dmean2": 11.7208585739,
        "dvar": 78.3792266846,
        "dvar2": 163.295715332,
        "max": 93.3250045776,
        "mean": 23.1660919189,
        "median": 18.0854930878,
        "min": 0.240006789565,
        "var": 315.213745117
    },
    "dissonance": {
        "dmean": 0.018918544054,
        "dmean2": 0.0313987210393,
        "dvar": 0.000399039359763,
        "dvar2": 0.00110049487557,
        "max": 0.500000178814,
        "mean": 0.462719589472,
        "median": 0.469049870968,
        "min": 0.187128409743,
        "var": 0.000861305627041
    },
    "dynamic_complexity": 3.35821318626,
    "erbbands_crest": {
        "dmean": 2.40647649765,
        "dmean2": 3.79914927483,
        "dvar": 5.61164426804,
        "dvar2": 12.3533439636,
        "max": 26.9311332703,
        "mean": 8.20443916321,
        "median": 7.01604747772,
        "min": 2.1817612648,
        "var": 18.735118866
    },
    "erbbands_flatness_db": {
        "dmean": 0.0140616511926,
        "dmean2": 0.0204696636647,
        "dvar": 0.000194750362425,
        "dvar2": 0.000384204497095,
        "max": 0.506112933159,
        "mean": 0.142945438623,
        "median": 0.119009837508,
        "min": 0.0509635172784,
        "var": 0.00437795463949
    },
    "erbbands_kurtosis": {
        "dmean": 0.738061547279,
        "dmean2": 1.12624466419,
        "dvar": 0.938047111034,
        "dvar2": 2.03383660316,
        "max": 20.176897049,
        "mean": 0.111296251416,
        "median": -0.306466817856,
        "min": -1.72699892521,
        "var": 2.55912542343
    },
    "erbbands_skewness": {
        "dmean": 0.332337468863,
        "dmean2": 0.491657435894,
        "dvar": 0.102541446686,
        "dvar2": 0.200826868415,
        "max": 3.73482704163,
        "mean": 0.245954781771,
        "median": 0.278093010187,
        "min": -2.65978932381,
        "var": 0.476112067699
    },
    "erbbands_spread": {
        "dmean": 9.46361637115,
        "dmean2": 14.0901670456,
        "dvar": 97.5200805664,
        "dvar2": 211.58164978,
        "max": 140.503219604,
        "mean": 45.4444732666,
        "median": 42.6154937744,
        "min": 3.62380003929,
        "var": 424.151885986
    },
    "hfc": {
        "dmean": 9.44692516327,
        "dmean2": 13.1180734634,
        "dvar": 188.765869141,
        "dvar2": 328.497650146,
        "max": 219.635818481,
        "mean": 28.011384964,
        "median": 16.5640182495,
        "min": 1.08959201518e-16,
        "var": 874.611877441
    },
    "melbands_crest": {
        "dmean": 4.40297222137,
        "dmean2": 6.83304977417,
        "dvar": 17.4694881439,
        "dvar2": 39.7324523926,
        "max": 37.8494148254,
        "mean": 20.7355442047,
        "median": 20.292350769,
        "min": 1.79888868332,
        "var": 67.4760055542
    },
    "melbands_flatness_db": {
        "dmean": 0.038659054786,
        "dmean2": 0.0593925788999,
        "dvar": 0.00180725799873,
        "dvar2": 0.00412764493376,
        "max": 0.605485737324,
        "mean": 0.223261058331,
        "median": 0.213915675879,
        "min": 0.00478481967002,
        "var": 0.0071794516407
    },
    "melbands_kurtosis": {
        "dmean": 20.307050705,
        "dmean2": 32.7998390198,
        "dvar": 3063.47900391,
        "dvar2": 7457.67822266,
        "max": 1402.4720459,
        "mean": 30.1156826019,
        "median": 13.4400720596,
        "min": -1.60817539692,
        "var": 3879.72363281
    },
    "melbands_skewness": {
        "dmean": 1.21343743801,
        "dmean2": 1.91603183746,
        "dvar": 2.7449555397,
        "dvar2": 6.40631103516,
        "max": 28.1816425323,
        "mean": 3.81788563728,
        "median": 3.27724552155,
        "min": -1.93435490131,
        "var": 7.15913581848
    },
    "melbands_spread": {
        "dmean": 7.42617273331,
        "dmean2": 11.5708341599,
        "dvar": 78.4252853394,
        "dvar2": 174.297561646,
        "max": 163.287475586,
        "mean": 20.2237567902,
        "median": 15.5492038727,
        "min": 0.181453734636,
        "var": 336.788604736
    },
    "pitch_salience": {
        "dmean": 0.0950295552611,
        "dmean2": 0.143726453185,
        "dvar": 0.00785325095057,
        "dvar2": 0.0173750910908,
        "max": 0.922045171261,
        "mean": 0.437495797873,
        "median": 0.446928322315,
        "min": 0.0455727428198,
        "var": 0.022611707449
    },
    "silence_rate_20dB": {
        "dmean": 0,
        "dmean2": 0,
        "dvar": 0,
        "dvar2": 0,
        "max": 1,
        "mean": 1,
        "median": 1,
        "min": 1,
        "var": 0
    },
    "silence_rate_30dB": {
        "dmean": 0.0960684046149,
        "dmean2": 0.192152917385,
        "dvar": 0.0868359729648,
        "dvar2": 0.203329801559,
        "max": 1,
        "mean": 0.907124876976,
        "median": 1,
        "min": 0,
        "var": 0.0842441767454
    },
    "silence_rate_60dB": {
        "dmean": 0.0124067403376,
        "dmean2": 0.0248155593872,
        "dvar": 0.0122515745461,
        "dvar2": 0.0277161039412,
        "max": 1,
        "mean": 0.0497904457152,
        "median": 0,
        "min": 0,
        "var": 0.0473050288856
    },
    "spectral_centroid": {
        "dmean": 332.502990723,
        "dmean2": 522.456176758,
        "dvar": 132711.6875,
        "dvar2": 279479.15625,
        "max": 11575.5791016,
        "mean": 1571.93041992,
        "median": 1382.02441406,
        "min": 172.898345947,
        "var": 655884.75
    },
    "spectral_complexity": {
        "dmean": 5.34126901627,
        "dmean2": 7.81371545792,
        "dvar": 38.5478286743,
        "dvar2": 73.5780334473,
        "max": 64,
        "mean": 20.6861686707,
        "median": 17,
        "min": 0,
        "var": 165.258010864
    },
    "spectral_decrease": {
        "dmean": 5.26442356374e-09,
        "dmean2": 8.58056736774e-09,
        "dvar": 3.97809189114e-17,
        "dvar2": 1.04643059109e-16,
        "max": 1.54080065007e-28,
        "mean": -1.38759892465e-08,
        "median": -1.32626531979e-08,
        "min": -6.96094843988e-08,
        "var": 1.14594558038e-16
    },
    "spectral_energy": {
        "dmean": 0.0200891699642,
        "dmean2": 0.032716140151,
        "dvar": 0.000570632750168,
        "dvar2": 0.00150751881301,
        "max": 0.264165729284,
        "mean": 0.0549119375646,
        "median": 0.0533552542329,
        "min": 1.02524537516e-20,
        "var": 0.00169841502793
    },
    "spectral_energyband_high": {
        "dmean": 0.000893089571036,
        "dmean2": 0.00120484223589,
        "dvar": 2.30448949878e-06,
        "dvar2": 3.58447891813e-06,
        "max": 0.0274952892214,
        "mean": 0.00222385185771,
        "median": 0.000686559244059,
        "min": 7.46565480291e-21,
        "var": 1.13975711429e-05
    },
    "spectral_energyband_low": {
        "dmean": 0.0178433004767,
        "dmean2": 0.0289517566562,
        "dvar": 0.000517150445376,
        "dvar2": 0.00138034392148,
        "max": 0.262300342321,
        "mean": 0.0374507717788,
        "median": 0.0322116427124,
        "min": 3.56908725416e-23,
        "var": 0.00122855207883
    },
    "spectral_energyband_middle_high": {
        "dmean": 0.00175756390672,
        "dmean2": 0.00263393716887,
        "dvar": 5.16939053341e-06,
        "dvar2": 1.21899665828e-05,
        "max": 0.0299546904862,
        "mean": 0.00402483250946,
        "median": 0.00279298610985,
        "min": 1.17397376196e-21,
        "var": 1.36918088174e-05
    },
    "spectral_energyband_middle_low": {
        "dmean": 0.00566969485953,
        "dmean2": 0.00879842787981,
        "dvar": 8.39734129841e-05,
        "dvar2": 0.000211444959859,
        "max": 0.105040214956,
        "mean": 0.00952481664717,
        "median": 0.00684215407819,
        "min": 2.69107313907e-22,
        "var": 9.24116393435e-05
    },
    "spectral_entropy": {
        "dmean": 0.16798466444,
        "dmean2": 0.254235893488,
        "dvar": 0.0358486622572,
        "dvar2": 0.0780844241381,
        "max": 9.81581687927,
        "mean": 7.71446180344,
        "median": 7.79189682007,
        "min": 5.01014041901,
        "var": 0.306153893471
    },
    "spectral_flux": {
        "dmean": 0.0335400514305,
        "dmean2": 0.0513605736196,
        "dvar": 0.00114159833174,
        "dvar2": 0.00269768782891,
        "max": 0.371446430683,
        "mean": 0.111627191305,
        "median": 0.113781675696,
        "min": 6.31404026286e-11,
        "var": 0.00432876404375
    },
    "spectral_kurtosis": {
        "dmean": 1.3043282032,
        "dmean2": 2.17770004272,
        "dvar": 4.36325359344,
        "dvar2": 12.8032436371,
        "max": 92.4152374268,
        "mean": 3.4209253788,
        "median": 2.22337269783,
        "min": -1.22244751453,
        "var": 31.106798172
    },
    "spectral_rms": {
        "dmean": 0.0012031950755,
        "dmean2": 0.00193499913439,
        "dvar": 1.56930605044e-06,
        "dvar2": 4.17152114096e-06,
        "max": 0.0160537417978,
        "mean": 0.00662635872141,
        "median": 0.00721483910456,
        "min": 3.1626561179e-12,
        "var": 9.6639205367e-06
    },
    "spectral_rolloff": {
        "dmean": 534.42175293,
        "dmean2": 875.548217773,
        "dvar": 700468.1875,
        "dvar2": 1527478.125,
        "max": 19250.6835938,
        "mean": 1286.92736816,
        "median": 689.0625,
        "min": 43.06640625,
        "var": 2832369.25
    },
    "spectral_skewness": {
        "dmean": 0.189521580935,
        "dmean2": 0.297260373831,
        "dvar": 0.0425239875913,
        "dvar2": 0.104683682323,
        "max": 7.59016227722,
        "mean": 1.29901051521,
        "median": 1.1960709095,
        "min": -0.0588039718568,
        "var": 0.358248829842
    },
    "spectral_spread": {
        "dmean": 575610.5625,
        "dmean2": 813910.625,
        "dvar": 516614193152,
        "dvar2": 971159306240,
        "max": 41567008,
        "mean": 5185777.5,
        "median": 5424806,
        "min": 861250.9375,
        "var": 4.58086783386e+12
    },
    "spectral_strongpeak": {
        "dmean": 0.279453635216,
        "dmean2": 0.479339122772,
        "dvar": 0.212907060981,
        "dvar2": 0.559521615505,
        "max": 15.8486385345,
        "mean": 0.460868567228,
        "median": 0.324551105499,
        "min": 0,
        "var": 0.33259999752
    },
    "zerocrossingrate": {
        "dmean": 0.0121015897021,
        "dmean2": 0.0145379928872,
        "dvar": 0.000171274761669,
        "dvar2": 0.000222500020755,
        "max": 0.67626953125,
        "mean": 0.0574183538556,
        "median": 0.048828125,
        "min": 0.0009765625,
        "var": 0.00188901298679
    },
    "barkbands": {
        "dmean": [0.00706466659904, 0.0135120982304, 0.00289618386887, 0.00196363730356, 0.00231583788991, 0.000995311886072, 0.000781080860179, 0.000643842911813, 0.000784325762652, 0.000328956084559, 0.000425980979344, 0.000230635312619, 0.00043724704301, 0.000242970141699, 0.000212882601772, 0.000222990682232, 0.000184854565305, 0.000184427713975, 0.000199142406927, 0.000200488706469, 0.00025164053659, 0.00026458359207, 0.000183326599654, 0.000184520627954, 0.0001230048656, 4.76712630189e-05, 4.87073111799e-06],
        "dmean2": [0.010354520753, 0.0224654022604, 0.00472339661792, 0.00335064413957, 0.00396326091141, 0.00156217964832, 0.00117176689673, 0.000970188586507, 0.00117514794692, 0.000506532436702, 0.000672496680636, 0.000377627613489, 0.000700159405824, 0.000384291080991, 0.000339818594512, 0.000366243970348, 0.000299973937217, 0.0002861507528, 0.000314223987516, 0.000300770538161, 0.000371496367734, 0.000398890115321, 0.000245893985266, 0.000279513362329, 0.000187097102753, 7.4709438195e-05, 8.12332382338e-06],
        "dvar": [0.000125738311908, 0.000333051022608, 3.23986605508e-05, 1.74784690898e-05, 2.87179445877e-05, 2.61656418843e-06, 1.50042160385e-06, 1.31114040869e-06, 1.6219491954e-06, 3.2904668501e-07, 6.4364417085e-07, 1.53458458385e-07, 5.76493846438e-07, 2.86442542574e-07, 1.69159989127e-07, 1.23447577494e-07, 9.13551616577e-08, 9.72439977431e-08, 1.16077444545e-07, 1.01822976717e-07, 2.35076441868e-07, 2.86516723236e-07, 1.08712654878e-07, 1.00420379567e-07, 5.62337838517e-08, 1.01483808024e-08, 8.8304502599e-10],
        "dvar2": [0.000259104563156, 0.000938581535593, 8.18765474833e-05, 4.65502816951e-05, 7.95303858467e-05, 5.58077044843e-06, 3.30084367306e-06, 2.7928945201e-06, 3.82585631087e-06, 7.76049375872e-07, 1.51311530772e-06, 3.89477719409e-07, 1.49674247041e-06, 7.28387078652e-07, 4.141844272e-07, 3.12594124807e-07, 2.19528487833e-07, 2.12286252577e-07, 2.6209224302e-07, 2.0303951942e-07, 4.81794529605e-07, 7.00456723735e-07, 1.97663965196e-07, 2.32365991337e-07, 1.12187194645e-07, 2.38281234743e-08, 2.30277663604e-09],
        "max": [0.165041729808, 0.247904270887, 0.0621192194521, 0.0485081784427, 0.0732882618904, 0.0420028194785, 0.0247427169234, 0.0290725436062, 0.0245284382254, 0.0136048868299, 0.0165218040347, 0.0081579964608, 0.0174035076052, 0.00990708917379, 0.010561356321, 0.00425640353933, 0.00377864902839, 0.00768786063418, 0.00439455918968, 0.00606127781793, 0.00864413287491, 0.00985360797495, 0.00734213599935, 0.00407096697018, 0.00370669667609, 0.0022072691936, 0.00117076793686],
        "mean": [0.0124695179984, 0.0233960356563, 0.00334380799904, 0.00175293558277, 0.00238957838155, 0.00154557719361, 0.00130533415359, 0.00101037952118, 0.00133816013113, 0.000520965200849, 0.000620737613644, 0.000295157893561, 0.000651582435239, 0.000335087330313, 0.00032396154711, 0.000324083579471, 0.000283703353489, 0.00028178220964, 0.00033573480323, 0.000386104045901, 0.000466677127406, 0.000482069590362, 0.000385956838727, 0.000349631271092, 0.000233323837165, 7.87918761489e-05, 5.22116852153e-06],
        "median": [0.00447859149426, 0.0191867649555, 0.00127610028721, 0.000485483265948, 0.00105656101368, 0.000833163037896, 0.000728761660866, 0.000519556459039, 0.000756501685828, 0.00024369044695, 0.000308611779474, 0.000116881608847, 0.000311300973408, 0.000106493920612, 0.000127912615426, 0.000158819544595, 0.000154895198648, 0.000128878513351, 0.000142171804328, 0.000141700511449, 0.000132031229441, 0.000120685806905, 0.000101905134215, 8.37925545056e-05, 4.77739959024e-05, 1.87373807421e-05, 1.2698612295e-07],
        "min": [8.1579908765e-26, 8.33980278012e-24, 2.86383684853e-24, 1.86556887172e-24, 2.08279221382e-23, 9.98776870986e-24, 1.11728302716e-23, 1.26270929838e-23, 3.15785879743e-23, 1.51732109751e-23, 4.82372153565e-24, 1.64065776455e-23, 4.38409037869e-23, 4.02256079008e-23, 2.74168670718e-23, 8.03993024432e-23, 9.78638498476e-23, 9.99874192283e-23, 1.5004388115e-22, 2.33136670268e-22, 3.26727809639e-22, 4.59711986801e-22, 4.14295611035e-22, 5.81306173694e-22, 9.78766609487e-22, 1.3813613307e-21, 2.10716930321e-21],
        "var": [0.000313820899464, 0.000588917930145, 3.30357070197e-05, 1.38193308885e-05, 2.067389687e-05, 5.37556752533e-06, 3.18526849696e-06, 2.42371675085e-06, 3.01626482724e-06, 6.18334127012e-07, 1.0268161077e-06, 2.13381795788e-07, 1.0074624015e-06, 4.76756866874e-07, 3.24040371424e-07, 1.95152480842e-07, 1.40572112173e-07, 1.70078337192e-07, 2.31503605619e-07, 3.17497182323e-07, 6.49272465125e-07, 7.60753437135e-07, 4.09855516637e-07, 3.15521987204e-07, 1.53911528855e-07, 1.84286594873e-08, 8.74414374241e-10]
    },
    "erbbands": {
        "dmean": [0.677089214325, 2.24583029747, 3.64423894882, 4.14684200287, 8.35047912598, 8.05127906799, 6.60702800751, 9.45362186432, 9.73403453827, 15.3343935013, 10.5201730728, 21.0924377441, 9.95697689056, 10.5467014313, 18.5077362061, 10.7596035004, 20.4496936798, 14.2286891937, 11.2841119766, 9.50736808777, 10.6859788895, 9.98223209381, 9.95039176941, 10.1547765732, 9.48956489563, 9.65961265564, 9.92494678497, 10.2872085571, 9.84090614319, 6.84867620468, 4.9802980423, 3.84012317657, 3.23973846436, 1.71155333519, 0.720756232738, 0.266041457653, 0.0844932720065, 0.0129291974008, 0.000691693858244, 3.02602966258e-05],
        "dmean2": [1.11233592033, 3.64217329025, 5.72963476181, 6.89410686493, 14.5921726227, 13.9527158737, 10.6522436142, 14.7634572983, 14.9675397873, 22.1239700317, 16.170381546, 31.7738704681, 15.5787725449, 16.3049278259, 29.1655406952, 17.4519805908, 32.8081588745, 22.5759162903, 18.1189212799, 14.8991413116, 17.3645343781, 16.0900669098, 15.5675983429, 16.1644382477, 14.644493103, 14.5864248276, 15.6255025864, 14.4015684128, 14.608880043, 10.1121931076, 6.66002082825, 5.56040811539, 5.03105115891, 2.61473870277, 1.06910669804, 0.416189521551, 0.133724078536, 0.0205655246973, 0.0011396817863, 4.85195087094e-05],
        "dvar": [0.872168719769, 11.5357818604, 52.3900375366, 61.7408294678, 396.344085693, 327.504730225, 110.821662903, 287.518951416, 244.02142334, 842.86126709, 248.112167358, 1163.24645996, 330.459411621, 322.60546875, 1364.60241699, 299.820983887, 1258.05358887, 887.158935547, 494.722198486, 200.588226318, 317.566741943, 274.505371094, 255.341995239, 353.691162109, 247.543869019, 253.643997192, 376.576904297, 396.14541626, 380.060028076, 164.64302063, 76.3180084229, 43.9964485168, 36.4168128967, 10.8333749771, 1.78693544865, 0.284928172827, 0.0420162715018, 0.00216280692257, 1.43890920299e-05, 3.14578674221e-09],
        "dvar2": [2.39540719986, 30.5186271667, 129.15802002, 155.471176147, 1088.58325195, 909.672851562, 274.042297363, 585.02520752, 570.85369873, 1739.70422363, 601.758666992, 2756.4440918, 797.244873047, 760.095214844, 3168.40820312, 755.116638184, 3291.15795898, 2269.20214844, 1236.44921875, 479.871307373, 810.47277832, 635.46697998, 567.001953125, 789.387329102, 554.331359863, 520.995910645, 891.496337891, 679.844055176, 884.477966309, 359.98059082, 129.408157349, 91.1450271606, 89.6568450928, 22.3315677643, 3.7015349865, 0.644886612892, 0.102908290923, 0.00572724733502, 3.72464201064e-05, 8.0558226756e-09],
        "max": [10.8785772324, 40.2487678528, 89.9918899536, 97.3715362549, 270.924835205, 209.980178833, 184.993606567, 501.89364624, 345.05569458, 844.151428223, 233.467285156, 751.090332031, 573.585693359, 405.131072998, 787.078796387, 418.001861572, 832.941711426, 558.62121582, 640.580200195, 256.848419189, 238.322357178, 202.74369812, 302.688262939, 261.043365479, 222.359191895, 329.139770508, 310.55166626, 434.811889648, 297.249420166, 287.253448486, 167.78616333, 89.7916641235, 95.845954895, 50.9910011292, 18.4819316864, 10.0828886032, 4.26934194565, 1.86560916901, 0.152915433049, 0.00208055926487],
        "mean": [1.17171347141, 3.34942173958, 4.74230718613, 4.48494625092, 7.24532842636, 8.18002414703, 9.19534301758, 14.7966794968, 16.0901985168, 27.0736694336, 17.3405342102, 35.4961738586, 16.331949234, 17.2368354797, 26.6782093048, 15.8106861115, 30.9497699738, 20.8987350464, 18.1294345856, 15.3956661224, 16.2759094238, 16.0822105408, 15.5132417679, 15.9305963516, 16.9437904358, 18.267539978, 18.6227588654, 19.0609130859, 18.1774959564, 13.5868186951, 10.4920549393, 7.37094068527, 5.91563558578, 3.16180419922, 1.34897589684, 0.446765750647, 0.132684677839, 0.0195155721158, 0.000869576761033, 8.63197128638e-05],
        "median": [0.814273059368, 1.95598053932, 2.07730340958, 1.77781116962, 2.1493139267, 3.59326696396, 4.83516597748, 7.67247724533, 9.4945602417, 15.0504760742, 11.1620006561, 19.3404521942, 9.51707839966, 8.9808883667, 12.7053079605, 8.28084182739, 15.2380046844, 8.21608161926, 7.77648305893, 7.83063697815, 8.31495666504, 8.77989196777, 7.41451835632, 6.90821838379, 7.03043794632, 6.65402603149, 6.52090549469, 4.68960189819, 4.50591039658, 3.1327059269, 2.67468047142, 1.88678765297, 1.22577190399, 0.594019293785, 0.306738317013, 0.11603307724, 0.0268004946411, 0.00311153498478, 0.000110786946607, 8.10240380815e-05],
        "min": [1.30034392734e-22, 1.59776599612e-21, 5.37604107533e-21, 8.75220580655e-21, 1.39459145452e-20, 6.13990125434e-20, 1.19078206797e-19, 1.01464629961e-19, 1.74593154063e-19, 4.9056990543e-19, 2.50893728407e-19, 8.39060683908e-19, 7.08416450046e-19, 1.11317045113e-18, 5.21255049132e-19, 1.09310232568e-18, 2.68165626658e-18, 2.65716841173e-18, 2.19598420095e-18, 3.20939253431e-18, 4.21026246393e-18, 6.38862564989e-18, 6.40917488425e-18, 6.75550341261e-18, 9.45423268703e-18, 9.64298785819e-18, 1.21679318626e-17, 1.22278453815e-17, 1.2161086943e-17, 1.31012000431e-17, 1.1634471505e-17, 1.08957016107e-17, 1.04257778232e-17, 9.37236000436e-18, 6.07749076146e-18, 4.62760651583e-18, 2.64837279348e-18, 9.9755035043e-19, 2.79696441679e-19, 2.93222343959e-20],
        "var": [1.63264226913, 18.0061359406, 60.7000999451, 58.7397384644, 278.974822998, 237.014648438, 152.217849731, 612.928161621, 452.842651367, 1636.79150391, 394.300628662, 2182.93115234, 513.784973145, 635.415649414, 2170.2668457, 454.635742188, 2168.14379883, 1505.63098145, 961.688293457, 396.69644165, 483.314880371, 454.750427246, 465.3046875, 588.593383789, 569.758178711, 730.717346191, 864.62512207, 1276.85778809, 1097.87487793, 528.209777832, 294.96472168, 135.606460571, 106.834136963, 29.4778652191, 4.89196014404, 0.530288517475, 0.0652841478586, 0.0029192676302, 1.53763103299e-05, 6.36687325084e-09]
    },
    "gfcc": {
        "mean": [0.932385385036, 84.0350799561, -113.081703186, 36.670425415, -60.2392349243, 17.7959213257, -26.7105045319, 13.1441888809, -16.9940032959, 10.1366701126, -10.9651880264, 1.84368956089, -9.8811712265],
        "cov": [[19719.9980469, -1125.17370605, 2710.51879883, 3081.45605469, -202.854263306, 875.904907227, -610.097045898, 524.026428223, -734.565063477, 56.1923141479, -321.699249268, 476.431732178, 92.5960922241], [-1125.17370605, 1898.0090332, -438.712921143, -125.052825928, 253.183456421, -627.35168457, 201.467575073, -219.785812378, 125.172904968, -228.346359253, 104.246864319, -140.976303101, 101.007263184], [2710.51879883, -438.712921143, 1641.24206543, 673.450805664, 105.299949646, 576.633605957, 32.4365844727, 324.888183594, -55.2456626892, 167.422897339, 26.4932518005, 168.169006348, 110.530975342], [3081.45605469, -125.052825928, 673.450805664, 815.996826172, 77.600440979, 183.804901123, -37.1796951294, 99.1888580322, -98.2205047607, -0.380355864763, -20.9511947632, 68.0621261597, 54.8918533325], [-202.854263306, 253.183456421, 105.299949646, 77.600440979, 292.452056885, 29.3664569855, 95.6362533569, 9.91075611115, 59.1381034851, 16.3054389954, 59.8095664978, 14.0785293579, 43.1238174438], [875.904907227, -627.35168457, 576.633605957, 183.804901123, 29.3664569855, 578.596557617, 42.0406112671, 233.298553467, 12.0080785751, 159.0259552, 28.1767807007, 96.8794631958, 27.9716701508], [-610.097045898, 201.467575073, 32.4365844727, -37.1796951294, 95.6362533569, 42.0406112671, 191.398330688, 49.4516372681, 85.0221939087, 14.5504074097, 51.2766151428, -2.55709648132, 38.0592269897], [524.026428223, -219.785812378, 324.888183594, 99.1888580322, 9.91075611115, 233.298553467, 49.4516372681, 191.169692993, 40.3498954773, 92.5505371094, 25.25872612, 48.4931907654, 32.0438995361], [-734.565063477, 125.172904968, -55.2456626892, -98.2205047607, 59.1381034851, 12.0080785751, 85.0221939087, 40.3498954773, 149.842956543, 59.343547821, 67.4505691528, 3.75861287117, 24.2874164581], [56.1923141479, -228.346359253, 167.422897339, -0.380355864763, 16.3054389954, 159.0259552, 14.5504074097, 92.5505371094, 59.343547821, 146.907424927, 61.4859428406, 49.7675132751, 15.3010387421], [-321.699249268, 104.246864319, 26.4932518005, -20.9511947632, 59.8095664978, 28.1767807007, 51.2766151428, 25.25872612, 67.4505691528, 61.4859428406, 122.922386169, 35.3346443176, 49.3650550842], [476.431732178, -140.976303101, 168.169006348, 68.0621261597, 14.0785293579, 96.8794631958, -2.55709648132, 48.4931907654, 3.75861287117, 49.7675132751, 35.3346443176, 100.172363281, 45.8535614014], [92.5960922241, 101.007263184, 110.530975342, 54.8918533325, 43.1238174438, 27.9716701508, 38.0592269897, 32.0438995361, 24.2874164581, 15.3010387421, 49.3650550842, 45.8535614014, 106.018127441]],
        "icov": [[0.00022989755962, -0.000290935538942, 0.000123483929201, -0.000780042842962, 0.000243360627792, -0.000143266472151, 0.000439236377133, -0.000516937288921, 0.000604685570579, -0.000454614957562, 0.000549451506231, -0.000980960321613, 0.000384418148315], [-0.000290935538942, 0.00218945764937, -0.000541849061847, 0.00102169241291, -0.00114100228529, 0.00188463076483, -0.00139924662653, 0.00068941473728, -0.00170721567702, 0.00279038003646, -0.0023808144033, 0.00295109092258, -0.00171454774681], [0.000123483929201, -0.000541849061847, 0.00172748905607, -0.00124873570167, 5.60215767109e-06, -0.000968355976511, 0.000270043732598, -0.00152418750804, 0.00134751352016, -0.00135741999839, 0.00100097653922, -0.00140419579111, -0.000100684912468], [-0.000780042842962, 0.00102169241291, -0.00124873570167, 0.00481729442254, -0.00146615202539, 0.00060198304709, -0.000893366464879, 0.00126361229923, -0.00119906535838, 0.00252891937271, -0.00199311436154, 0.00321166310459, -0.00165940669831], [0.000243360627792, -0.00114100228529, 5.60215767109e-06, -0.00146615202539, 0.00547346193343, -0.00125312095042, -0.00109661638271, 0.00127734523267, -0.000211960854358, -0.00131260615308, 0.000176658286364, -0.0016638947418, 0.000615021272097], [-0.000143266472151, 0.00188463076483, -0.000968355976511, 0.00060198304709, -0.00125312095042, 0.00617314036936, -0.00178017094731, -0.00308632152155, 0.000279410014628, -0.000181375435204, -0.00126793247182, 0.000893622229341, -0.000353573617758], [0.000439236377133, -0.00139924662653, 0.000270043732598, -0.000893366464879, -0.00109661638271, -0.00178017094731, 0.0106195947155, -0.00345007376745, -0.00236207037233, 0.00174596777651, 4.81718416268e-05, -0.000840852269903, -9.29156376515e-05], [-0.000516937288921, 0.00068941473728, -0.00152418750804, 0.00126361229923, 0.00127734523267, -0.00308632152155, -0.00345007376745, 0.0158588159829, -0.00443885428831, -0.00263228733093, 0.000975399918389, 0.00252649257891, -0.0026806879323], [0.000604685570579, -0.00170721567702, 0.00134751352016, -0.00119906535838, -0.000211960854358, 0.000279410014628, -0.00236207037233, -0.00443885428831, 0.0165360961109, -0.00749982986599, -0.0006746033323, -0.00198439136147, 0.000983018195257], [-0.000454614957562, 0.00279038003646, -0.00135741999839, 0.00252891937271, -0.00131260615308, -0.000181375435204, 0.00174596777651, -0.00263228733093, -0.00749982986599, 0.0213879067451, -0.00971116963774, 0.000759726855904, 0.00141951069236], [0.000549451506231, -0.0023808144033, 0.00100097653922, -0.00199311436154, 0.000176658286364, -0.00126793247182, 4.81718416268e-05, 0.000975399918389, -0.0006746033323, -0.00971116963774, 0.0192181617022, -0.00610385183245, -0.00302512920462], [-0.000980960321613, 0.00295109092258, -0.00140419579111, 0.00321166310459, -0.0016638947418, 0.000893622229341, -0.000840852269903, 0.00252649257891, -0.00198439136147, 0.000759726855904, -0.00610385183245, 0.0230522044003, -0.00895763933659], [0.000384418148315, -0.00171454774681, -0.000100684912468, -0.00165940669831, 0.000615021272097, -0.000353573617758, -9.29156376515e-05, -0.0026806879323, 0.000983018195257, 0.00141951069236, -0.00302512920462, -0.00895763933659, 0.0172337256372]]
    },
    "melbands": {
        "dmean": [0.00477450480685, 0.00214247847907, 0.000866314570885, 0.000548721931409, 0.000264150236035, 0.000201836999622, 0.000153755507199, 0.000167796999449, 9.11412062123e-05, 0.000127766092191, 4.74520093121e-05, 4.28164166806e-05, 5.9270492784e-05, 3.31189876306e-05, 3.22738233081e-05, 4.54109249404e-05, 2.69560714514e-05, 1.79720082087e-05, 1.41896625792e-05, 1.69677205122e-05, 1.3035187294e-05, 1.07240894067e-05, 1.11764393296e-05, 7.618237305e-06, 8.7620173872e-06, 8.45814520289e-06, 6.39106747258e-06, 6.84373708282e-06, 6.84262113282e-06, 6.19094953436e-06, 6.76726176607e-06, 6.32289265923e-06, 4.43839371655e-06, 4.06325398217e-06, 3.13152054332e-06, 2.7082314773e-06, 2.37996641772e-06, 2.55884697253e-06, 1.9840438199e-06, 1.43335421399e-06],
        "dmean2": [0.00782975554466, 0.00333174946718, 0.00144439586438, 0.000951585767325, 0.000431829859735, 0.000315077486448, 0.00023302041518, 0.000243110480369, 0.000139575276989, 0.000192505438463, 7.47158555896e-05, 6.6049869929e-05, 9.34206473175e-05, 5.30569850525e-05, 5.15279971296e-05, 7.35289431759e-05, 4.26857950515e-05, 2.91381038551e-05, 2.23709830607e-05, 2.75586335192e-05, 2.15038344322e-05, 1.75193381438e-05, 1.80328206625e-05, 1.1909785826e-05, 1.41540404002e-05, 1.32974946609e-05, 1.01145260487e-05, 1.05203962448e-05, 1.09497896119e-05, 9.46821910475e-06, 9.99827352643e-06, 9.68035146798e-06, 6.81175333739e-06, 6.08740538155e-06, 4.29549982073e-06, 3.95360711991e-06, 3.58356874131e-06, 4.05467108067e-06, 3.08035509988e-06, 2.19237767851e-06],
        "dvar": [4.13387133449e-05, 1.34657384478e-05, 2.77940512206e-06, 1.77094057108e-06, 2.04652636171e-07, 1.20654704006e-07, 5.77416479075e-08, 1.03684506314e-07, 2.28819168058e-08, 4.14112300007e-08, 8.04798894194e-09, 5.83643133822e-09, 1.35017472758e-08, 2.519634279e-09, 2.71390532269e-09, 8.1598550139e-09, 4.1851966337e-09, 1.22328625007e-09, 7.31875948734e-10, 7.28545890283e-10, 5.41749201055e-10, 3.12484121912e-10, 3.40924344311e-10, 1.54796203633e-10, 2.77410650007e-10, 2.05410591314e-10, 1.2765928592e-10, 1.26028118497e-10, 1.77578687865e-10, 1.57968790826e-10, 2.07057287982e-10, 1.85476814463e-10, 6.57905396828e-11, 6.47202014203e-11, 3.45659785517e-11, 2.24207041821e-11, 1.82781532965e-11, 2.59909368333e-11, 1.54546583864e-11, 7.37595488159e-12],
        "dvar2": [0.00011245382484, 3.29682807205e-05, 7.05222828401e-06, 4.92753042636e-06, 5.25378823113e-07, 2.49268367725e-07, 1.30490349193e-07, 2.14027693346e-07, 5.50794929666e-08, 9.77492149445e-08, 1.94303346746e-08, 1.34315936151e-08, 3.14931689616e-08, 6.32835561731e-09, 6.62718102618e-09, 2.14541202581e-08, 1.05826352126e-08, 3.08459147114e-09, 1.71322056541e-09, 1.85931425811e-09, 1.42713718621e-09, 7.4693740082e-10, 7.84662446129e-10, 3.38313987935e-10, 6.33982477627e-10, 4.8295512034e-10, 2.87620927075e-10, 2.70204941755e-10, 4.25482871158e-10, 3.73503505902e-10, 4.04613315075e-10, 4.65018357154e-10, 1.51694226624e-10, 1.54337501113e-10, 6.66139990391e-11, 4.40416800251e-11, 4.18042787886e-11, 7.03106947664e-11, 3.43353921683e-11, 1.62282080135e-11],
        "max": [0.0809927880764, 0.0441448502243, 0.0198290552944, 0.0191652067006, 0.00687422277406, 0.00987332407385, 0.00490364572033, 0.00925203505903, 0.00256728893146, 0.00472739851102, 0.00278532248922, 0.00185083958786, 0.00240512215532, 0.00091020896798, 0.000858496525325, 0.00229346379638, 0.00125643925276, 0.000951670517679, 0.000885694404133, 0.000449803599622, 0.000304984278046, 0.000248674186878, 0.000296044454444, 0.000207210527151, 0.000236826657783, 0.000256092374912, 0.000201272065169, 0.000233936443692, 0.000186736913747, 0.000239162036451, 0.000288373674266, 0.000219966852455, 0.000102101213997, 0.00018739758525, 0.000127405757667, 7.34657151042e-05, 5.55666447326e-05, 9.13892508834e-05, 6.22541338089e-05, 3.93315713154e-05],
        "mean": [0.00907500553876, 0.00316133070737, 0.000920880527701, 0.00053114205366, 0.000356017786544, 0.000315509591019, 0.000256963161519, 0.000292586686555, 0.000147124330397, 0.0002147716732, 7.31396430638e-05, 6.5910484409e-05, 8.48697964102e-05, 4.72416977573e-05, 4.80324451928e-05, 6.53875104035e-05, 3.61413003702e-05, 2.79267587757e-05, 2.12097402255e-05, 2.3666623747e-05, 1.829125722e-05, 1.67323378264e-05, 1.6369865989e-05, 1.14950653369e-05, 1.27149451146e-05, 1.37210145112e-05, 1.09725533548e-05, 1.2285034245e-05, 1.19357364383e-05, 1.06299385152e-05, 1.13783535198e-05, 1.0857415873e-05, 7.98257133283e-06, 7.41416261008e-06, 6.09318203715e-06, 5.3393014241e-06, 4.14410715166e-06, 4.39037557953e-06, 3.3297178561e-06, 2.51213259617e-06],
        "median": [0.00730836391449, 0.00173354195431, 0.000349843408912, 0.000218147615669, 0.000190941907931, 0.000167241872987, 0.000147477083374, 0.000162776588695, 8.52437951835e-05, 0.000119035124953, 3.74144074158e-05, 2.92080148938e-05, 4.05904575018e-05, 2.29917532124e-05, 2.2983576855e-05, 2.98546001432e-05, 1.02958892967e-05, 1.20557197079e-05, 8.19819069875e-06, 1.13330315799e-05, 8.78576065588e-06, 8.97864447325e-06, 7.61200499255e-06, 5.15070314577e-06, 5.28012515133e-06, 5.28185955773e-06, 4.27491067967e-06, 4.33884861195e-06, 4.31631951869e-06, 2.98211102745e-06, 2.54451560977e-06, 2.53570397035e-06, 1.9367648747e-06, 1.58530156114e-06, 1.42886642607e-06, 1.28377246256e-06, 1.05804156192e-06, 8.91218746801e-07, 6.26078303867e-07, 4.43310909759e-07],
        "min": [2.59415962049e-24, 3.68181934293e-24, 1.91822888702e-24, 1.69736183583e-24, 5.04121561481e-24, 2.06650140782e-24, 2.4887451238e-24, 5.59270432935e-24, 1.87535804391e-24, 5.14698608499e-24, 2.63341590293e-24, 3.94240968221e-24, 1.11144516064e-24, 2.45198795271e-24, 3.07683146231e-24, 5.44480316481e-24, 4.31788538499e-24, 3.73829981159e-24, 2.56618976823e-24, 3.39356601829e-24, 4.53205757088e-24, 5.99060024792e-24, 5.56266647823e-24, 4.08488979461e-24, 5.02797340123e-24, 6.33395353464e-24, 5.3574269588e-24, 6.09786205963e-24, 7.92046010012e-24, 6.71562968413e-24, 5.96325675122e-24, 5.28209429222e-24, 8.17860615388e-24, 6.65637045293e-24, 6.10398243696e-24, 6.6542523614e-24, 7.015193302e-24, 7.88042146487e-24, 7.1639306591e-24, 7.82886467155e-24],
        "var": [8.67982016644e-05, 1.93002506421e-05, 2.60228648585e-06, 1.21390860386e-06, 2.33982632381e-07, 2.54500861274e-07, 1.18908509705e-07, 1.99701162273e-07, 3.63850212182e-08, 7.87003031633e-08, 1.25327108691e-08, 1.15171898685e-08, 2.12122603926e-08, 4.14751299971e-09, 5.00929209224e-09, 1.26213199891e-08, 6.91160551014e-09, 2.34145214328e-09, 1.42123846025e-09, 1.10979936352e-09, 7.20511317276e-10, 4.90245954943e-10, 5.55552437387e-10, 2.80700768185e-10, 4.19329571066e-10, 4.1276113083e-10, 2.84675505391e-10, 3.36128846978e-10, 3.6580119489e-10, 3.40703576462e-10, 5.40454903053e-10, 4.3436418351e-10, 1.82153847561e-10, 1.71711700414e-10, 1.10796531672e-10, 7.1736415419e-11, 4.54520691917e-11, 6.6751743022e-11, 3.37906473635e-11, 2.00820037682e-11]
    },
    "mfcc": {
        "mean": [-635.415527344, 109.239837646, 6.95341110229, 27.0672798157, -2.84969949722, 8.30916786194, 2.67024636269, 4.70206785202, 2.54199552536, 5.51177310944, 3.33694171906, 7.80899333954, 2.68807649612],
        "cov": [[10464.5722656, -807.731384277, 1483.37561035, 349.400390625, 651.111083984, 565.355529785, 310.37600708, 270.49887085, 229.646972656, 188.124023438, 120.142425537, -32.3447647095, 93.3241348267], [-807.731384277, 1961.91027832, -581.149536133, 362.719848633, -170.848602295, -178.304092407, -108.497505188, -48.6499900818, -51.9603157043, -31.8668746948, -116.255172729, 13.1633758545, 14.0082769394], [1483.37561035, -581.149536133, 1313.77514648, 27.5348758698, 347.727050781, 257.818878174, 293.430236816, 188.150436401, 187.355285645, 154.11076355, 127.61391449, 41.526184082, 70.7502441406], [349.400390625, 362.719848633, 27.5348758698, 349.954742432, 83.4860916138, 37.320350647, 12.5798950195, 7.15423679352, 9.79113197327, 2.56492972374, -24.9974880219, -4.05750083923, 15.4673776627], [651.111083984, -170.848602295, 347.727050781, 83.4860916138, 291.146087646, 154.985458374, 130.968612671, 72.4607467651, 61.8093032837, 64.7340164185, 52.3453598022, 23.7427959442, 33.8175735474], [565.355529785, -178.304092407, 257.818878174, 37.320350647, 154.985458374, 190.178771973, 118.995285034, 79.3264160156, 57.5356483459, 55.9610023499, 43.6214485168, 20.7711086273, 35.4669418335], [310.37600708, -108.497505188, 293.430236816, 12.5798950195, 130.968612671, 118.995285034, 190.794540405, 94.6695480347, 78.8042526245, 59.94581604, 49.1123275757, 33.699092865, 37.6058769226], [270.49887085, -48.6499900818, 188.150436401, 7.15423679352, 72.4607467651, 79.3264160156, 94.6695480347, 125.491096497, 73.4482269287, 51.4661598206, 27.7374095917, 20.4420261383, 25.9971847534], [229.646972656, -51.9603157043, 187.355285645, 9.79113197327, 61.8093032837, 57.5356483459, 78.8042526245, 73.4482269287, 119.798156738, 61.7121162415, 41.0896148682, 15.5497016907, 30.2935466766], [188.124023438, -31.8668746948, 154.11076355, 2.56492972374, 64.7340164185, 55.9610023499, 59.94581604, 51.4661598206, 61.7121162415, 110.513633728, 62.0021743774, 34.6749229431, 21.3850078583], [120.142425537, -116.255172729, 127.61391449, -24.9974880219, 52.3453598022, 43.6214485168, 49.1123275757, 27.7374095917, 41.0896148682, 62.0021743774, 112.819114685, 51.4385490417, 22.3069248199], [-32.3447647095, 13.1633758545, 41.526184082, -4.05750083923, 23.7427959442, 20.7711086273, 33.699092865, 20.4420261383, 15.5497016907, 34.6749229431, 51.4385490417, 87.4309387207, 38.8652534485], [93.3241348267, 14.0082769394, 70.7502441406, 15.4673776627, 33.8175735474, 35.4669418335, 37.6058769226, 25.9971847534, 30.2935466766, 21.3850078583, 22.3069248199, 38.8652534485, 81.5927963257]],
